axis_00,axis_01,axis_02,axis_10,axis_11,axis_12,axis_20,axis_21,axis_22,location_x,location_y,location_z,dbh,dbh_approximation,score,reconstructed,number_clusters
0.80101385594905228,0.59669028653908363,0.048347745837184722,-0.59806372216062276,0.79406036789940682,0.10857217123572485,0.026392931118233213,-0.11588284636375125,0.99291217089207973,-20.636364358565949,2.6663198881406314,-1.5972392510978899,,0.08206114781462226,0.2682926829268293,False,5
-0.61966017222646963,-0.78427094133709763,-0.030665314778838132,0.78439406961688696,-0.62017212977900849,0.010605328624197476,-0.027335224640024365,-0.017481991293667204,0.99947344410658956,-3.0235206796562135,-10.318794776302498,-1.3052004527906464,,0.1209109404149636,0.4848484848484849,False,5
0.999525991386362,0.026916199641445593,0.014943585244970038,-0.029007631851544226,0.98598836408864921,0.16427264889857912,-0.010312605755924025,-0.16462826026734423,0.98630177232116545,27.292015374119668,-3.8435185077640051,-2.7220330820890153,0.1911128348085552,0.1800801874265445,0.8,True,5
0.97933706743362792,0.20107266136084048,0.021649323402115769,-0.20222228552985427,0.97245901735586404,0.11588618035964415,0.0022484629378152106,-0.11786960768804927,0.9930265353946397,22.551356127788072,2.0255061556238725,-2.3356523576029051,,0.1075349988974204,0.2142857142857143,False,5
-0.95020051986421794,-0.31104687497729583,-0.01920452073419766,0.31163858240088194,-0.94851243365967908,-0.056617639938123354,-0.00060498672751859058,-0.059782980519983576,0.99821121473924956,16.347889127562325,-13.687877730336389,-1.8827508713289647,1.104041170110107,0.4453481193950508,0.2857142857142857,True,4
-0.99966462744926132,0.01664788500436901,0.019836344209841796,-0.019497098819763324,-0.98797159964608372,-0.1534013736260888,0.017043936292488363,-0.15373667817941117,0.98796484654972316,-14.676798293759237,-16.444377778462677,-1.0395128829121236,,0.4452317667779659,0.1764705882352941,False,1
0.84114677043121899,0.52945151441522376,0.1102415732677849,-0.54027353737856487,0.8136217864411075,0.21476520536817192,0.024012817443661776,-0.24020966365199961,0.97042398058096779,-17.713117865742539,-8.2594842498516403,-1.1669071732797653,,0.1923913863176201,0.3448275862068966,False,1
-0.98467838772823324,0.15424385317425723,0.081346828450073086,-0.16260630049975944,-0.98067168108491409,-0.1088220793583283,0.062989394176395944,-0.12038225648344746,0.99072723216092351,-11.309831718189034,13.234452200221799,-2.1431398251716223,,0.2346209406143202,0.3023255813953488,False,2
-0.491810597584805,-0.86473225850258495,-0.10178633114665403,0.86899951724202018,-0.49479062553455055,0.0046985014913708684,-0.054425868265130753,-0.086141499802054516,0.99479518840585468,17.803452094215992,-15.862320086979315,-1.870219203815761,,0.2169102296556792,0.6190476190476191,False,4
0.94584048449084368,0.29451453998723542,0.13655388546003655,-0.31557342504278346,0.93282258420165998,0.17394090896078182,-0.076152421530062575,-0.20761313094176745,0.97524232709397118,-13.972444273773144,-13.753938088345608,-1.1801456617886359,,0.5620138475260025,0.2409638554216867,False,2
-0.99562181986780174,-0.088977203555477891,-0.028639990408077805,0.091975261728876434,-0.98717933398271174,-0.13045119312354175,-0.016665624291709157,-0.13251422491528209,0.99104098662066986,0.92249463919718877,-8.9617091089783312,-1.4958205038495507,,0.2841959820667982,0.24,False,2
-0.95402037127415484,-0.29883047479278052,0.023355481777175835,0.29937569393788727,-0.9538080624308275,0.024987475285782785,0.014809627717503255,0.030830624013641988,0.99941490260541788,-20.653037817364883,1.7356079417008479,-1.530137582067475,0.4594967558073766,0.3078958998309927,0.9329608938547486,True,5
0.99906668665753096,-0.042225542215856476,0.0090972081278184701,0.039086769220465833,0.97342054088986252,0.22566496193603969,-0.018384234633238593,-0.22509876534149437,0.97416249453501647,32.903544006720658,-2.6607143820798886,-2.7432849756004045,,0.419017221100034,0.5238095238095238,False,1
0.99997863956312538,0.0048383327981025214,0.0043944229675448093,-0.0057885171166136128,0.96780152602209024,0.25164796700729697,-0.003035372641629161,-0.25166802888934808,0.9678088601309035,-11.620196832774988,10.219994341176983,-1.9935295495394283,,0.2100875905395349,0.2682926829268293,False,3
-0.35815487498904247,0.91682084093243832,0.17653507060502197,-0.9302966434564347,-0.36646649643688411,0.015825996428859034,0.079203792177360677,-0.15856182586364162,0.984167113189378,0.0080686199107947477,-15.777842102377722,-1.4418263903725199,,0.3612079168783061,0.2666666666666667,False,5
-0.96556669619691793,-0.25193212987248503,-0.064893429045494749,0.2601484827513067,-0.9368692888231992,-0.2336636526764613,-0.0019292790265859321,-0.24249976824282984,0.97014954532000452,13.196424268912757,-9.8535402491477981,-1.851461873180374,,0.3076051528060004,0.3333333333333333,False,2
0.93485704461121677,-0.3543137341549269,-0.022451813511923678,0.35314846123136623,0.92156348557698842,0.16126656932269337,-0.036448188853504954,-0.1586900117851924,0.98665546655806635,7.2364464519873097,16.097737144135994,-2.4761633167198269,,0.1583827069006788,0.4375,True,5
-0.99285446602384742,-0.11907323731096173,0.0078468753519404504,0.11889141074406073,-0.99269410655990931,-0.020572876622152958,0.010239225936980251,-0.019492946352737153,0.99975756225932166,4.3246353087537122,-9.5666071132254125,-1.572024920044315,,0.0817013193307711,0.2916666666666667,False,5
0.8448013996260646,-0.53416412203147268,-0.031293544449124452,0.53193004075205697,0.8320541144952186,0.1572780413697146,-0.057974364467050225,-0.14951468585368005,0.98705842369067409,-9.3560516965876399,-7.2407251201512128,-1.2948296276294828,,0.2608629150859354,0.3090909090909091,False,5
-0.99569322183607145,0.083651983192222237,0.039966907532513328,-0.088202655317871345,-0.98752012596064398,-0.13047717201698933,0.028553451360231082,-0.13344042315086696,0.99064542288587643,8.8843389303660238,-7.7444342781465307,-1.8315671728020553,0.4994844868320351,0.4623064475122406,0.3108108108108108,True,5
0.47266743453020887,0.87354639775559673,0.11619891265778992,-0.88118487875765117,0.46702403251864288,0.073496683591096248,0.0099350784342623552,-0.13713221364160741,0.99050292790998784,2.8377938184424556,-9.8973736282004694,-1.4825626343815093,,0.3192230396347981,0.34375,False,2
-0.43033382970039663,0.88493048997138657,0.178075329381677,-0.90004636320577291,-0.4356803260930327,-0.0099597959583280424,0.068770190456714952,-0.16456208972443029,0.98396645244138092,-12.550895901015219,12.993606793262755,-2.1157482536637828,,0.1938836643998886,0.3043478260869565,False,1
0.14911250598603051,0.98674873883152381,0.063971766998911522,-0.98662624719506875,0.14416268586125602,0.076064238318958644,0.065833949481559365,-0.074458353592232032,0.99504866447626228,-9.6070832935033579,-1.6264331988300329,-1.5333305105437283,0.2123984028579023,0.1364297574992888,0.3309352517985611,True,3
-0.96924172003443332,0.23446574240396906,0.074808447274680917,-0.23614208495189265,-0.97161352445328775,-0.014285475632031155,0.06933544446577268,-0.031511501684556742,0.99709559291088912,-10.725348278664493,-3.17135508082682,-1.4405789023760864,,0.1174559975755095,0.2236842105263158,False,4
0.94416900662023462,0.32270664604325439,0.066372490817161012,-0.32944047531251769,0.92247543067747584,0.20126612487517373,0.0037229240688927256,-0.21189502211217809,0.97728534187332305,7.2870446154512507,17.979401973162069,-2.5581818249425639,,0.187505663204328,0.2608695652173913,False,5
-0.49356684008468749,-0.86943162754717407,-0.02191847142224837,0.86820939882460335,-0.49403872178652691,0.046240471106538276,-0.051031501657667781,0.0037929403114168939,0.99868984146348283,-9.5499282018005331,-11.267460320065062,-1.1768631159603109,,0.07773182959012362,0.2857142857142857,False,4
0.60931788360205774,-0.77397816844347045,-0.17230644647139967,0.78745762471144354,0.5651787707499828,0.24593382519968787,-0.092963465977347684,-0.28553590293767001,0.95384854255120033,-11.505828302010682,-12.919842420029106,-1.2452984729959184,0.6855237758712602,0.747671723124358,0.3728813559322034,True,4
-0.37588917835143942,-0.92300798090977143,-0.082241065017104598,0.92557859424424216,-0.37826261176422943,0.01488833161091652,-0.044850768946948942,-0.070524206611429788,0.99650125178380811,11.938461993681734,-5.785114835880103,-1.9764517799466848,,0.2199955412180293,0.4210526315789473,False,5
-0.87121882220451452,0.48880611023662618,0.04523660499989348,-0.48927103290007334,-0.87213131783062459,0.00090599332868170068,0.039895115007633777,-0.021343642012451307,0.99897588997140996,6.4290542229054362,7.1282425360842652,-2.1224167556960305,0.9765166644960391,0.8479599278789678,0.7196969696969697,True,4
0.39380146805553912,-0.89859075859392745,-0.19353307812074649,0.91657679200214448,0.36799562605122227,0.15641676243365038,-0.069335330967395886,-0.23898507856508042,0.9685446526117848,-15.760805073495714,17.493293232872372,-2.254754652596124,,0.7328638153424255,0.3653846153846154,False,1
0.85098293334650799,-0.52487083928622535,-0.018402424295317944,0.52285712538879969,0.84337597635162831,0.12384421239241539,-0.049482053141847969,-0.11501114980692063,0.99213102049928681,-7.9033141511204921,-9.1051034236713093,-1.2681492222780359,,0.09811801105227282,0.2452830188679245,False,5
-0.56080386965079143,-0.81375468968205888,-0.15265099018726849,0.82689422927902867,-0.55978989117938416,-0.053676916066531265,-0.041772639008546227,-0.15632844512061347,0.98682139411163572,1.6327115688314653,15.828396076974387,-2.3819614892896652,,0.6165936841075208,0.3272727272727273,False,4
-0.26688286493350083,-0.96372240159317402,-0.0035593640402922771,0.961962215924547,-0.26661531880770079,0.059539624709956405,-0.058328651093790693,0.012466131900176917,0.99821959709125385,7.374818610576682,-7.0295794007554377,-1.7961425295896403,,0.07818461118245831,0.3076923076923077,False,5
0.95410373452385744,0.2837930754762078,0.095642846462164727,-0.2994604711227194,0.90080535903990755,0.31444098231614653,0.0030805847803100483,-0.32865056737626325,0.94444656522255011,8.4049933339436258,16.295168336280529,-2.5119211113921334,,0.4090382431702017,0.391304347826087,False,3
-0.72169623557740348,0.68999386023210929,0.055344524529528177,-0.6899701090694742,-0.72348473158954607,0.022607338354219356,0.055639843134797924,-0.021870436639371958,0.99821134628751862,13.108243546183781,-5.0014947501157989,-2.0145831601679105,0.1619495615577063,0.1503871126066975,0.4727272727272727,True,5
0.53782671466486809,-0.81810815720874741,-0.20357177628861478,0.84005816756049068,0.49971274609767058,0.21116213321150901,-0.071026052316771268,-0.28458076972281898,0.95601730392093998,-5.2997969114194774,-15.798576623849423,-1.2717918209084089,,0.3568255987145068,0.3529411764705883,False,3
-0.55715327370537626,-0.83040965122418753,0.00020187398553222005,0.82903788489362795,-0.55621890328416357,0.057590945820177687,-0.047711791105370507,0.032254345181481632,0.99834024370774122,0.19622390976589865,9.545789128906728,-2.0119165451713017,,0.07636788678500098,0.2567567567567567,True,5
0.51827375826808841,-0.85505130045914657,-0.016720797642356421,0.85245479707740568,0.51493291917159756,0.090359878780015945,-0.068652242719327183,-0.061084878133154941,0.99576880209869378,-1.6075218860104721,-4.2849117330694879,-1.651851251717773,,0.07173546807210472,0.189873417721519,False,3
-0.45382841131270907,-0.89049695735320156,-0.032479871152362241,0.88950135825054799,-0.45489366712353591,0.043117111235949419,-0.053170544061670488,-0.0093231194132247196,0.99854192335053915,5.5647437591349167,11.764577032319114,-2.2403541801721918,,0.1640196640091667,0.4074074074074074,False,5
-0.1250691579363937,-0.973150085838134,-0.19322685156653183,0.99018466828519947,-0.13467777091800184,0.037366036898338152,-0.062386123665532735,-0.18665692715190435,0.9804423303388109,-20.748864913291641,-19.44774246833266,-0.94107821382328594,0.4568562964432006,0.2983922023375379,0.5416666666666666,True,2
-0.88448950987283281,0.43303006603805444,0.17367575775563518,-0.46429865907316964,-0.85355172766082188,-0.23638147852588232,0.045880955828889063,-0.2897143595238314,0.95601282824966505,9.9483133956511622,10.85972416249148,-2.2615129261008522,,0.6628750568191122,0.7297297297297297,False,1
-0.92263833640540138,0.38373877312527893,0.038510442679609014,-0.38429424690026459,-0.9231764701837375,-0.0079458604602210409,0.032502799793744708,-0.022130497043683958,0.99922660548354458,-13.022651072415014,-15.110922325966762,-1.1392248670457303,0.2900894188240979,0.2712965031213863,0.6304347826086957,True,5
-0.87528720036053875,-0.47886912569980239,-0.067503165381460423,0.48225475537877804,-0.87471866750655036,-0.047933324838984825,-0.036092489517416074,-0.07450914821061673,0.99656696665771705,-38.893526456664404,9.000987162666819,-1.9599313382243562,0.2796057576315677,0.3055178732737316,0.7428571428571429,True,4
-0.96133050162692124,-0.27538507033397441,-0.0025941624632065379,0.27536758507825876,-0.96132251450995665,0.0056317123881990949,-0.004044716294301972,0.0046995886423721253,0.99998077688358222,-23.856263072357681,0.60119541761946149,-1.4363787603536773,,0.159372017054342,0.5454545454545454,True,5
-0.35777904001080002,-0.93374522458674358,-0.010677738075244499,0.932031692045168,-0.35778039236237374,0.057533606391809662,-0.05754201553970921,0.010632328177735632,0.99828646692477507,3.0254201713888751,6.6517490097691878,-2.0828262146725538,,0.08056431279937426,0.375,False,5
-0.8585725325361423,-0.51151136360205551,-0.034775440765606361,0.51173349938415069,-0.85913949612528606,0.0028551367116917137,-0.031337389529565475,-0.015344416038315928,0.99939107306094999,-3.1578787339648047,-14.991513056064903,-1.361309243997783,0.7533224258404146,0.6551958975932886,0.9351351351351351,True,5
-0.19695028744283277,-0.9742711954285278,-0.10957290739254084,0.97760081343216032,-0.20361454475792617,0.053270693066654634,-0.074210739471890344,-0.096626885085318096,0.99255025627206661,-13.375790683711564,14.757582385737482,-2.2060732853624239,0.7897966962194963,0.5582874852795333,0.3636363636363636,True,3
-0.7657505922328055,-0.63826671747742447,-0.079003973670327979,0.64232878170128982,-0.7651542374161876,-0.044189695203626693,-0.03224541352262171,-0.084584811429986875,0.99589439348864151,-1.1866490207389346,-7.8880267514311253,-1.5096334596613079,0.8956762736827404,0.7059260796778732,0.757396449704142,True,4
-0.69393809876780377,-0.71784957754065482,-0.056052645818275529,0.71980436852468987,-0.69357967130880072,-0.028790807559844006,-0.018209506618739855,-0.060325977587429774,0.99801262030939419,-4.5995126686300747,-8.6060949894870777,-1.3515338466961149,0.2788237745535639,0.1651308197197614,0.3333333333333333,True,7
0.83527987659044478,0.54401750539221994,0.079702456611314809,-0.54971285086620736,0.82336105395775805,0.14104026523697977,0.01110447457556411,-0.16162155998627406,0.98679033334949384,13.241444155868669,-6.8370775959527155,-2.0207514243456304,,0.8031621846606416,0.2121212121212121,False,2
-0.73107980193641697,0.64885063746761296,0.21098619257781459,-0.68043404088486126,-0.71615910578938824,-0.15532434194305628,0.050317384726445827,-0.25711667673026772,0.96506951839827315,-4.9089080099732625,-19.252892580666618,-1.2183915336004913,,0.5707570454329454,0.6153846153846154,False,2
-0.79307148421518114,0.58333079018407796,0.1753933013200614,-0.60695986532596669,-0.78105540098931792,-0.14680661588941152,0.051355066042360044,-0.2228848353043246,0.97349114396749892,-19.14150087123301,-22.001920772619808,-0.84047026672351177,,0.3367774545292127,0.2916666666666667,False,2
-0.97097114113246308,-0.2391959670599097,0.00057656760002276243,0.23919510132534161,-0.97095327808949128,0.0059527530799463116,-0.00086405432834432694,0.0059178635964236125,0.99998211599036724,0.55838161368385797,6.8778674476793853,-2.0550246842309767,,0.1493124541142725,0.4696969696969697,True,5
0.57537002790002378,-0.81190496159667669,-0.098791013402153002,0.81582575563025372,0.5611307689314422,0.13985920280315373,-0.058117703366969815,-0.16106704657721566,0.98523080497020676,8.0691834835248812,3.1496119444282185,-2.0425138040954876,0.6640169175048881,0.6866238805553491,0.5846153846153846,True,2
0.9866026521399146,0.16117728016330565,0.025240664603897504,-0.16308607017544249,0.97842988953894794,0.12679860003774657,-0.0042591671976822572,-0.12921623588373504,0.99160729317548957,-14.718416347306077,-9.2925727558464377,-1.179722179489751,,0.08817220247048138,0.32,False,1
-0.76803148508161667,0.63961971745794632,0.031847369786882324,-0.63808291181861498,-0.768528803448701,0.047049717478261824,0.054569547995223039,0.015814401940121875,0.99838473001287065,2.9788751386208259,-8.894951284583728,-1.53950599174453,0.1723578627496121,0.14679942534608,0.4038461538461539,True,5
-0.84626144573035378,-0.53262369887864691,-0.012391967688823476,0.53225251331842827,-0.84623694990169085,0.02429581625095022,-0.023427068459127315,0.013964956638391113,0.99962800703536714,0.043509065904762993,11.068244302625699,-2.1130469671754031,0.2236365078370352,0.1700162896404111,0.6916666666666667,True,5
-0.033289364877913077,-0.99427980861535559,-0.10148635556486324,0.99835960959924586,-0.037814018023059531,0.042990579919254202,-0.046582272452803559,-0.099888749220141959,0.99390760620510876,-18.912385548132406,-11.528301463177202,-1.1336365039134277,0.4722788597667229,0.5160715565629842,0.8,True,3
-0.46682390403436452,0.87152509370090103,0.15006483156206557,-0.8781962083674193,-0.47683637545660923,0.037396398897388411,0.10414827041868459,-0.11432883315699603,0.98796865116144095,10.043943825761044,2.5541265453328106,-2.0675347011488214,0.352875949171355,0.3316409820766411,0.65625,True,3
-0.39213666075576337,-0.91380610643220672,-0.10576974585640418,0.91755027087650043,-0.39676301834320293,0.026088458935901122,-0.065805316698412789,-0.086818817789694178,0.99404836560995335,-0.85886517432630904,-14.788899947390465,-1.4005791567366737,0.3491968743395706,0.1506351615363151,0.125,True,6
-0.66183032548782461,0.74142182001737333,0.11078946279681895,-0.74780080800054516,-0.66332927369744354,-0.028075366600544639,0.052674204487713039,-0.1014295788128359,0.99344726519500692,-1.3240555803670633,20.963849720414501,-2.5899685483816244,,0.1299124064758793,0.1290322580645161,False,5
-0.7681424932341675,0.62417787531551006,0.14268528324467245,-0.63818701864559257,-0.76437886569491487,-0.091881874769756164,0.051714981584128156,-0.16163826788718952,0.98549410502254264,-13.44336087158587,8.3272919327324395,-1.897586789389708,0.7872334763443746,0.3620813807296865,0.2282608695652174,True,4
0.46975694063376972,-0.86814540802243811,-0.16016231534276651,0.88192710341758007,0.45345996055080284,0.12875810046261571,-0.039153556465255437,-0.20173649820203302,0.97865692881075705,-9.0796604806787862,-16.713033549446752,-1.1433208419565046,,0.1743654187396691,0.2142857142857143,False,5
-0.99622084300883706,-0.084980658006233209,0.017953264872713634,0.085511157327438636,-0.99584860958337551,0.031199178889508329,0.015227407109689334,0.032616476751561298,0.99935193576488901,25.386093530446676,-8.1941029248776527,-2.5239625408606141,0.4015654662980295,0.3588804691278104,0.9230769230769231,True,5
-0.59381131445120472,-0.7984905762483423,-0.098999608445303117,0.8004875442011895,-0.59871485713381856,0.027571931850717608,-0.08128846417839318,-0.062875428347026349,0.99470541674492596,0.59383908498479532,-14.011038599854539,-1.3998942600271667,0.3273709081986256,0.1772274113683739,0.2307692307692308,True,5
-0.79322339072782921,-0.60429189931404648,-0.075019682921669689,0.60876017559353501,-0.78987590702137289,-0.074209838421137569,-0.014411835884911897,-0.10453397500614617,0.99441688795788286,0.83538592607161166,-6.0835732538067804,-1.6662943694011554,0.4289140845155034,0.1860446409269091,0.2407407407407407,True,5
-0.56724772622676156,0.81739294647215366,0.10049272684198797,-0.82118833172893746,-0.57062521960047285,0.0060483541691383272,0.062287566358078854,-0.079092539556406091,0.99491940842648408,-0.7122598742372237,24.543961996845308,-2.816597441670031,0.7440153370446969,0.5732660284181449,0.7402597402597403,True,5
0.66055326987845797,-0.73088440535989363,-0.17168973077790789,0.74961590891150676,0.62932786439859179,0.20499372721691184,-0.041777586809810953,-0.26411063040555727,0.96358715648722026,6.5846638959279673,-4.6257779258090297,-1.8305550622321123,,0.3761327251995461,0.2598425196850394,False,4
-0.18022183194516136,-0.98329088403766707,-0.025673501100414078,0.98148299143233897,-0.18148990773460788,0.061258068199299971,-0.064893981380067911,-0.014158063388276371,0.99779172196492794,-16.828728210098959,7.9206477077293229,-1.8244964126318066,,0.5812243290016854,0.6052631578947368,False,2
-0.19809649378370256,-0.94709204322797957,-0.25253601882673093,0.97790534791732719,-0.20851605415798274,0.014905893903983603,-0.066775067692179293,-0.24400351803331996,0.9674726732688983,-6.6447534488397428,-14.67063399424627,-1.3057097321006976,,0.2644987550314866,0.3333333333333333,False,2
-0.45158031313653774,-0.89212906058277153,-0.013452139279997728,0.89069527718034036,-0.45163613944859837,0.05183358710915812,-0.052317721626071512,0.011425270573077503,0.99856513017238335,2.5355944008268407,12.380761525939556,-2.2281184080173944,0.5438737068645859,0.4778636458438953,0.9,True,5
-0.79612544668028651,-0.6051035182208242,-0.00583141362750721,0.60443303092902223,-0.79563235925780007,0.040371524913267093,-0.029068613143219232,0.028616099291264092,0.9991677209514338,2.269311820564492,3.2876492216890352,-1.9118181916555872,0.2900453974804188,0.2385491601439059,0.8844765342960289,True,5
-0.8028276554950462,-0.57366786956440619,-0.16239744764547218,0.59533431457328001,-0.78610309538184386,-0.16618958247329196,-0.03232351255496501,-0.23010236604720083,0.97262947296264346,-6.3101388838914065,-5.0568575279237287,-1.4871160305208206,,0.3378076260361395,0.2926829268292683,False,3
0.92557298292854229,0.37250035692187711,0.067513979040148872,-0.37753210810447257,0.89504822245894,0.23739879280081355,0.02800286812011045,-0.24521860362983269,0.9690632981445958,-18.514077458594446,-17.683212045943851,-1.0111817449701637,0.5655959038711732,0.6049775454029194,0.4574468085106383,True,4
-0.99945920461958937,0.014930152358800165,0.029298273869332904,-0.014956503632528399,-0.99988791370432784,-0.00068046094514944561,0.029284830548759994,-0.0011182926945672313,0.99957048181765606,-37.556366408269476,16.241004242989423,-2.3640728056953071,,0.3548819269190595,0.7142857142857143,True,3
-0.98829932217369332,0.14837365764266705,0.035351202366455323,-0.1500660397056211,-0.98734268754927013,-0.051328365160543232,0.02728797387290588,-0.056032803434414642,0.99805595605716946,4.9179169606107509,-13.832630172268733,-1.4232661240393758,,0.1168914628049367,0.3043478260869565,False,5
0.73141325217443254,0.66575180642947729,0.14767933768645272,-0.68191612763409726,0.71562657383479322,0.15122500353445148,-0.0050049391743823973,-0.21131289373193707,0.97740565351674613,-19.517591100850975,2.1931011257690392,-1.5783105644228081,,0.1440265047189231,0.3076923076923077,False,5
-0.91073384512256494,-0.4099161053225539,-0.050325440340430155,0.41293004618701951,-0.90166673387148033,-0.1283973441529242,0.0072553638265265997,-0.13771669334807379,0.9904450878615223,-8.3268032600395436,12.791612460786924,-2.1383983373469198,,0.2437578800618379,0.2307692307692308,False,4
-0.90727483316724589,0.41964567939777431,0.027383952675400704,-0.41820050126550057,-0.90717296751681586,0.046320057729022222,0.044279993706322907,0.030573039912912488,0.99855123623570441,-0.75909932052260165,-12.77453768487748,-1.2890608615826302,,0.09123567844924196,0.3478260869565217,False,5
0.925614572194005,-0.36628340581820296,-0.095258229903385006,0.37629821184088896,0.8637714429418506,0.33510975832330175,-0.040463804905840499,-0.3460279771642315,0.93735122526840042,-20.936194762315619,-7.2529470189557799,-1.1852240210802822,,0.5764897224576608,0.1428571428571428,False,1
-0.42290945843156957,0.89772711930432225,0.12342450824159702,-0.90023172701119558,-0.4317918149434512,0.056023800569762527,0.10358777752011487,-0.087417663051603853,0.99077127760903516,-17.342812161116349,17.52870326421959,-2.2558692544979859,,0.1997366577853349,0.2222222222222222,False,3
-0.28087855853007138,-0.95965881233599037,-0.012735747482861201,0.95769942478153902,-0.28112128870801456,0.061503112183494996,-0.062602293338021725,0.0050778874567142321,0.99802563490513541,1.7580451965899511,-4.22885772662704,-1.7290565101981887,,0.0790569620719858,0.2941176470588235,False,5
-0.29359514039607038,-0.95578067228378205,-0.0168878661935867,0.9540147772520482,-0.29407893676600172,0.058080837935604868,-0.060478908063354313,0.00094097786308831345,0.99816903189796702,3.7972342693640035,9.2219543799985342,-2.0558090541615162,,0.07572419091016429,0.3409090909090909,False,5
-0.57506909389315797,0.81643598112433891,0.052228593456479441,-0.81553845218530951,-0.57714847416137882,0.04238716527893268,0.064750059892586947,-0.018218877537657656,0.99773518643233994,8.0654937775117705,9.94824907325936,-2.1643233854856119,,0.1272745248023751,0.2857142857142857,False,4
-0.93583405184267976,-0.35243931173512461,-0.0010765479015558809,0.3523269493453301,-0.93560465362237588,0.022575493021585496,-0.0089637144491517898,0.02074761826875721,0.99974456145529911,-4.0862491121273452,-5.3344998053230919,-1.5425949955601064,,0.06631930154286463,0.1688311688311688,False,5
-0.99410841916370885,-0.10815324817673819,-0.0071642066311792436,0.10811744569436957,-0.98475108018196122,-0.13629353622599721,0.0076856284296349994,-0.13626512756124742,0.99064259252586173,-20.385700275856216,0.6773488574019505,-1.4791246533488116,,0.06881851953702825,0.4,False,2
-0.11266050889964849,0.98010548383771345,0.16340394819499493,-0.99057265489934421,-0.1236824754361498,0.058893638329189833,0.07793218269839132,-0.15522849551943274,0.98479982183113579,-31.834589087107116,13.098329554925257,-2.0984252931150422,,0.2120607040279131,0.4090909090909091,False,4
0.99333212728732201,0.10422916358127814,0.049270339535985939,-0.11460094407198602,0.9392811712122825,0.3234462938787408,-0.012566165550942259,-0.32693602258734117,0.94496292446747154,-10.234826435929058,-14.199983294033865,-1.2341645793566129,,0.2565952519945844,0.1578947368421053,False,2
0.17687901633661651,0.95083647263882287,0.25421214738787146,-0.98202504219461051,0.15320475437424275,0.1102502595906318,0.06588345833716322,-0.26914365223220443,0.96084393341512331,-3.1070755329972504,-13.571036371095051,-1.3150939893049531,,0.115268043455032,0.4166666666666667,False,5
-0.56586244935030283,0.82401276103056353,0.028331220836119143,-0.82192829741054485,-0.56647624939618157,0.059485567878598891,0.065065830749174963,0.010374417035384109,0.9978270437005089,-5.6077604914525701,-6.0913749939354354,-1.4287656461097886,0.1901650647606483,0.1805318048540408,0.6338028169014085,True,5
-0.95645133153105466,-0.2918824404421993,0.0023433680843238224,0.2918682229770076,-0.95624096187271912,0.02040007972975284,-0.0037136005057600598,0.020195638099414409,0.99978915045775574,-9.3379890968608432,-2.6854067576277143,-1.5087991720057738,0.2997894067095673,0.09315576837090167,0.3539823008849557,True,3
0.98415424258926099,0.17639597826690209,-0.018024584456293846,-0.16860559989813237,0.96243573229031321,0.21281356369790119,0.054886960897378684,-0.20640232571866129,0.97692655888832225,-13.189301234863818,9.5246062562205385,-1.9596565175173934,0.7558714794201816,0.4537229392940253,0.8220064724919094,True,5
0.43366863348691015,0.89385107275850462,0.1138497960387562,-0.89916308745643958,0.42106068165504495,0.11922099026594171,0.058628137318176739,-0.15407193804408115,0.98631870073619787,21.593218865758917,0.7589408104918911,-2.2949445418027312,,0.1778748505220253,0.5,True,5
-0.9825573892913847,-0.18354040819918749,-0.0298980819948996,0.18540210030731152,-0.979307919105459,-0.081129900646882261,-0.014388813381781234,-0.085257950570084673,0.99625500948002921,-14.865497471867005,13.901313703786442,-2.1581499201533112,,0.20378380283662,0.1052631578947368,False,2
0.96659887567503522,-0.25625046669562562,0.004723543376779743,0.25457784432160352,0.96209265940703936,0.097815315240796674,-0.029609706589624415,-0.09334566424513302,0.99519337429582588,-6.3429404233761479,-21.81920896448305,-1.1265919005445251,,0.122490780035046,0.1,False,4
-0.50654140071236597,-0.85793724347804279,-0.085787502689215187,0.86148655497487459,-0.50769252947662935,-0.0094451633730930976,-0.035450316809259551,-0.07868914643659343,0.99626868528083512,-29.313122472082625,12.780787806331452,-2.0576829935632248,,0.2200040805447318,0.2857142857142857,False,4
-0.41857777280533975,-0.90815133146259119,-0.007335344302998887,0.90668890473688712,-0.41833925669957611,0.05392120483695672,-0.052037276450101408,0.015919342535679851,0.9985182504055129,5.8862932300857214,-6.6442494347017762,-1.7740407950262473,0.1332781812989946,0.119532960559286,0.7068965517241379,True,5
0.81759514849825188,-0.57328668423620366,-0.053670763266248943,0.57199851329545937,0.7979861535457734,0.18983097623150352,-0.065999044992380421,-0.18590448199729118,0.98034873878299733,-12.023304741792849,-10.942417211526921,-1.1451306997103623,,0.1303024719319419,0.3666666666666666,False,4
0.86999174711737581,-0.49300297635557533,0.00790096527001404,0.48597692956524408,0.86008035984838571,0.15520373234367432,-0.083311367039508893,-0.13118627941828792,0.98785088764164841,18.18337116599097,-0.30030808283709809,-2.3369461820151174,,0.1285180760299008,0.2352941176470588,False,6
0.43386451654721858,0.89349421436864429,0.1158864537856211,-0.8992484979441655,0.42146860411174647,0.1171168420563742,0.055800718870010535,-0.15502356155712158,0.98633360235557987,-0.60576039889881284,-5.0408435756205607,-1.655678477923056,0.3408880499193596,0.3337501986968073,0.6204545454545455,True,5
-0.8717049214406194,0.48756234751848943,0.049127255352447587,-0.48777833223584821,-0.87292800805938919,0.008306102978087565,0.046934300222963708,-0.016722739839149982,0.99875798942228955,13.652858901355447,-6.0497846772058814,-2.0355044185365188,,0.09528750859534098,0.2222222222222222,False,5
-0.99416465403483201,-0.10562901833497997,-0.021889521543244049,0.10583728451959847,-0.99434643009676804,-0.0085817340515278312,-0.020859287459576263,-0.010848384183926288,0.99972356313496868,-19.749408419626207,-0.44198404763551097,-1.4252266218327083,,0.2610768306425259,0.5681818181818182,True,4
0.99905235972934081,0.042756535483706122,0.0081400978291138754,-0.043512593777639871,0.97678086404867415,0.20977558916868388,0.0010181856309436008,-0.20993099414273469,0.97771567492613365,11.343881944362225,21.804893806630322,-2.8065171352471938,,0.336330268239786,0.2222222222222222,True,5
0.65202325317920662,-0.75807969106501105,-0.013448394267773891,0.75286316646304585,0.64523219702237333,0.12989405109132854,-0.089792705142678272,-0.094818742453473839,0.99143667280502668,-26.142077822545041,0.57938699815749339,-1.408319497774041,,0.2013530415616653,0.6470588235294118,True,2
0.00065368589694436783,0.97463295706818587,0.22380833695658092,-0.99858929974960908,-0.011246701267799617,0.051893372757767807,0.053094096850138627,-0.22352653244551349,0.97325069030160538,-5.4727649722304523,12.3279244097192,-2.1353565049977163,,0.4129384550001076,0.4375,True,5
-0.71719349930354626,-0.68774292282196881,-0.11244179234176341,0.69259103847966297,-0.72130747560261399,-0.0057601265129281973,-0.077143619142445233,-0.082007303016734659,0.9936416176255527,-7.6927845320619124,7.0488912120766054,-1.9369218235092545,0.5813541032542946,0.630886207839452,0.9121435142594296,True,5
-0.92650781396419279,-0.37624985050413839,-0.0043955271478143647,0.37481097130897917,-0.9218089866795719,-0.098918794287033956,0.033166345136496828,-0.093296527654540745,0.99508580106335198,-10.578652595292297,18.392102317629725,-2.3616583809762961,,0.2260186751617624,0.12,False,2
-0.43239987638656041,0.89387020724306088,0.11843310138696156,-0.89905834415764263,-0.43741899782786836,0.018939750256556094,0.068734567005290695,-0.098288722356688674,0.99278138900569879,-17.180317527827675,-4.3098201664078291,-1.2226636743565995,,0.1930248010907006,0.3076923076923077,False,1
0.31695103876827657,0.94673703866502623,0.056842049958531017,-0.94653041675769722,0.3119405975032839,0.082299658454910052,0.060184791901368953,-0.079887691474168299,0.99498530018021758,-0.74392714929245107,-10.913948028403029,-1.3417268050345323,,0.09574897110845554,0.2592592592592592,False,5
-0.14194195415066216,0.9822865030678537,0.12233440866174788,-0.9876271093573008,-0.14885795802222199,0.049335597655216126,0.066672141966748644,-0.1138179872611646,0.9912619690381469,-9.2315640764256504,-13.68891106844853,-1.2630129187213766,0.9550126366310129,0.8016027234346513,0.7037037037037037,True,5
-0.88951941125759193,-0.45564173853671663,-0.033850008850610479,0.45685469701607168,-0.88800464034865134,-0.052264180215673445,-0.0062452229985193123,-0.061954538352743477,0.99805943328400948,4.9745889288561669,-3.4517873851788816,-1.7813345307768962,0.6334304436992176,0.5984769256369916,0.2238805970149254,True,3
-0.25354488677422476,-0.96722883440148955,-0.013541502611667006,0.96438174300243429,-0.25383997568470829,0.074384948127784178,-0.075384641368331909,0.0058007453592541797,0.99713765709607272,-13.351172373332361,17.895603383718878,-2.2970635538719582,,0.3789385841466593,0.9090909090909091,True,3
0.81249882221145653,-0.58076350356789053,-0.050590679265501738,0.58218174026320868,0.80385813346935564,0.12196935090122082,-0.030167618551981395,-0.1285529236490254,0.99124369385746403,-8.3709501128246764,14.893422765083379,-2.2315096578933207,,0.1635443525003574,0.3333333333333333,False,5
-0.58353323869198492,-0.7892322526264608,-0.19131495173092367,0.81115783169208877,-0.5777386679973171,-0.090779973481349821,-0.038883562416938751,-0.20815975335027717,0.97732163879601064,5.4197757685612267,-12.522924557759568,-1.4404341775451932,,0.3180821523772801,0.3,False,2
-0.99952800143843945,0.025073845792277203,0.017750397112862609,-0.024157947496940578,-0.99845412715822879,0.050057462315169388,0.01897809034687846,0.049605022103458872,0.99858859089662211,2.4313413996075206,4.3029837678430294,-1.9656310093347049,,0.07672342696719145,0.4285714285714285,False,5
0.98221509015764774,-0.18742257985539601,0.011238025936593709,0.1835672879055468,0.9711413809258157,0.1522743217502589,-0.039453358255107901,-0.14750320272403253,0.9882743736981886,11.806940771309121,9.869125442268091,-2.2350178638594875,0.2193378588750168,0.2248342978922136,0.5652173913043478,True,5
-0.32915177442489363,0.93689589764175552,0.11783542071462884,-0.94113489528402261,-0.33566385977090923,0.03993597529079438,0.076968943553069019,-0.09775402920465727,0.99222977757300734,10.543266754475365,15.613789261467968,-2.4907171414283313,0.4317033978754542,0.1491240678557964,0.2941176470588235,True,2
-0.56424038897579309,-0.82561029216566828,-0.00065491874762452565,0.82427899445785846,-0.56337523050842919,0.056324851931598391,-0.046871342459842209,0.031240920596145486,0.99841228064177867,14.853918116487232,0.26300669456862913,-2.2318833579921091,0.2585109541126727,0.2190836310856926,0.8260869565217391,True,5
0.47725907127288475,0.8500888614155272,0.22264929055578855,-0.87680472212520133,0.4437537904299918,0.18519193486208546,0.058628134429568921,-0.28360448017664897,0.95714744980961053,-26.255805781298278,9.716661641779341,-1.8315684436078012,,0.4085146164883387,0.2682926829268293,False,4
-0.84269166315605237,0.53452764662226426,0.064427911992784567,-0.53725937169216398,-0.84264254270763916,-0.036137414796104342,0.034973252296969737,-0.065067197693370771,0.9972678333367142,-10.234051987460736,15.658286768149713,-2.2464961007045519,,0.1942644137751457,0.2,False,2
0.2909527515588492,0.95325857774426326,0.081514295171575338,-0.9548803899374757,0.28402622057388122,0.086790246798650605,0.059581350045028993,-0.10308826307345137,0.99288613281851723,-38.401748631552074,6.5652486200122642,-1.7894157498039145,,0.2328727707330282,0.7096774193548387,False,3
-0.43172587542935692,-0.88500835843992942,-0.17427843807028529,0.90031123172934091,-0.4346300233800105,-0.023160932595421048,-0.055249022676908371,-0.16690400914344253,0.98442399260943114,-15.49299850930209,-5.6366189556734767,-1.2536762685317151,,0.5826924106926625,0.4482758620689655,False,1
-0.092773412692266716,-0.98643564383890303,-0.13541718672886494,0.99360640957309976,-0.10050744018374823,0.051425259580914755,-0.064338143839285225,-0.12978048787025029,0.9894531965765111,4.5060528010232694,15.726019734217529,-2.4224739802611026,,0.5108731162858563,0.4102564102564102,False,3
-0.75009346553658118,0.65222688122170458,0.10936127454967673,-0.66095306102318607,-0.74493876285183869,-0.090594098730834322,0.02237954609463317,-0.14023671064518059,0.98986505186516083,11.817675691178625,-29.926351867512203,-1.3908912680734575,0.4010954453733009,0.4337146419361664,0.4444444444444444,True,4
-0.99992738932400516,0.011083610606805693,0.0047296570274766286,-0.011314710379162965,-0.99858246190798861,-0.052010038442760025,0.004146493544733479,-0.052059776658168834,0.99863536200436365,20.52193496115768,11.183015941011423,-2.4397423024812035,,0.32298863134768,0.5,True,4
-0.4738330324704717,0.87860909013017863,0.05939969764617186,-0.87853138499240613,-0.47627249417962064,0.036703090758786597,0.060538111328000473,-0.034793361845946738,0.99755930101838852,-37.288618145148391,7.968099776412962,-1.8657682477444284,,0.111279048521545,0.3529411764705883,False,2
0.76795369989159989,0.62436269454527149,0.14289275867925957,-0.63972776458151193,0.73670043176694899,0.2191366264637902,0.031551577557111757,-0.25969924815939949,0.9651739731567045,-16.635314198952894,-9.3395947861641631,-1.1328902878643774,,0.3084149959193453,0.125,False,2
0.99929697151312002,0.037046943613666283,0.0057521034059812622,-0.037004942551494127,0.95004605775708917,0.30990824830419456,0.0060163902356719524,-0.30990323023340616,0.95074906833477002,-16.112481197062454,0.75490005014579553,-1.545997009709245,,0.6676502593303995,0.2712328767123288,False,2
-0.81099160120536529,-0.57499827283033167,-0.10802596454785521,0.58373307019397269,-0.80766092372149123,-0.083303871790374656,-0.039348767913080979,-0.13061706831606709,0.99065173291537689,4.9127169860911586,-11.269979313798283,-1.4788985723382564,,0.3188635429796581,0.1923076923076923,False,4
-0.92988615724337853,0.3534892774323844,0.10176966791473072,-0.36124746654304835,-0.929730084176837,-0.071429955150211707,0.069368598683935342,-0.10318576121182098,0.99224024117134313,11.854363868726107,-14.234163902190001,-1.617959850975667,,0.2898034723703031,0.1428571428571428,False,4
0.97164040345024527,0.21900537520812205,0.089171587476022815,-0.23530170534195019,0.93281746259566456,0.27291883214566853,-0.023410122729586355,-0.28616119077634422,0.9578954739674107,-21.152113375466023,8.8357582163815707,-1.8145891920641375,,0.3967613907407421,0.40625,False,2
-0.23658609689089224,-0.9485908422374284,-0.2102437461167867,0.9697000695435174,-0.24408963206911136,0.010100823910144573,-0.060899867694694139,-0.20148366072625434,0.97759681902874307,-20.330303374342819,10.140714274862429,-1.8956171000961881,,0.3968992212667367,0.2941176470588235,False,2
-0.87160425234692585,-0.48843042017007349,-0.041734301758179132,0.48979970164182796,-0.87119589998769942,-0.033375981127141179,-0.020056908095057085,-0.049532095626053117,0.99857112512858004,-10.01592047684664,-17.897849619087303,-1.1025433022958933,,0.115801041447304,0.1666666666666667,False,1
0.78238312215373829,0.61704877370842437,0.084424291728741815,-0.61965301618639579,0.75764319107356326,0.20495593319289834,0.062504317451454253,-0.21266782992450764,0.97512337907319702,-7.0308456533949579,-2.1171401920334527,-1.5654155360517072,,0.2315072259153486,0.1166666666666667,True,3
