axis_00,axis_01,axis_02,axis_10,axis_11,axis_12,axis_20,axis_21,axis_22,location_x,location_y,location_z,dbh,dbh_approximation,score,reconstructed,number_clusters
-0.78824267320108476,-0.56709274418053568,-0.23891276157333469,0.61441007481710519,-0.74689827044355905,-0.25425033642388484,-0.034260007414572816,-0.34720137255807199,0.93716458468389841,11.673806029303025,26.327542837429451,0.76637176410725716,,0.2714664896297052,0.375,False,4
-0.70747830442576587,-0.69441028103039615,-0.13141084569444367,0.70673288436038728,-0.69560007419955827,-0.1291091280166331,-0.0017546881460621805,-0.18421427298896881,0.98288454189525964,-3.5434380791550346,22.229240594961862,-1.3322639890687347,,0.2429091594800899,0.6428571428571429,False,4
0.98049593348010744,0.17784066097986898,-0.083668534893454855,-0.16626426375887984,0.97755313222120488,0.12940660060920572,0.10480419374095494,-0.1129715583089661,0.98805541746784309,20.228019681565602,-6.5485217341852842,1.1586226778610045,,0.2868481962528028,0.4545454545454545,False,4
0.90323798828063107,-0.38484247187581361,-0.18988788367684625,0.41891929246469173,0.88670652896214719,0.19559692711487534,0.093100821304862413,-0.25621827283863535,0.96212495744365001,30.395395435175235,-7.6320393145257563,2.1394571061477641,,0.4696151013309167,0.3809523809523809,False,5
-0.79142836099327263,-0.59750938374379403,-0.12893287305266299,0.60911362273795511,-0.78857206472940766,-0.08446711385766173,-0.051202968766924727,-0.14538443887332181,0.98804940206598113,10.559232409169113,-17.483115934824298,-0.106270792199003,,0.1265764661977756,0.4782608695652174,False,5
-0.14100878580802906,-0.96195065251978995,-0.2340244953881831,0.98983972301639744,-0.13262643113004824,-0.051259657670787301,0.018271427524009766,-0.23887480378318446,0.97087845946533291,-12.565534533323236,25.277184469682904,-2.5952602212949278,,0.1579350636014885,0.3333333333333333,False,5
0.56758515496117901,-0.78201809721956828,-0.25747774173466137,0.81740654748532993,0.57264519346078746,0.062641986992522269,0.098456223753546651,-0.24601865381987578,0.96425162378750928,-7.6186755801114083,-12.12696508222146,-2.4098024671488543,,0.3529450999721283,0.3934426229508197,False,4
0.99512872690473064,-0.005138625449497323,-0.098450045289278088,0.0023531338113099856,0.99959418981268644,-0.028388702928917223,0.098555972169306935,0.028018747673834797,0.99473698540295241,10.544270428827952,9.5287807571493328,0.33235345187124993,0.4458870210327945,0.3567974219333819,0.8728813559322034,True,5
-0.94923700560368018,0.30563557173758948,-0.07440433106477562,-0.29850729820855965,-0.94982890499496253,-0.093372609218643099,-0.099209375105308945,-0.066422500138945934,0.99284719436905644,-1.4606705005050422,28.649770087830206,-0.96620633290130287,,0.4571211366901846,0.6153846153846154,False,3
0.99494705152921681,0.038059948036676512,-0.0929075078169906,-0.036610154727742088,0.99918055670191419,0.017260118182222228,0.093488294583490367,-0.013771545457898875,0.99552512942244298,-28.96678106919207,31.535888457304367,-4.7783189920324576,0.2489859621334191,0.2525573249984585,0.7307692307692307,True,2
0.63932980398867645,-0.75475740517259082,-0.14696482936042918,0.7632174796465887,0.64613908563709377,0.0018332413837661085,0.093576067953892839,-0.11333817251570472,0.9891400194902088,-10.679896780125949,-7.3919205656299196,-2.873097024123318,,0.1349785573009872,0.2771739130434783,False,4
-0.5271865281496152,0.84560457515972764,0.083828795807243173,-0.84379706362666607,-0.50928371124554073,-0.16922357068383082,-0.10040358535715534,-0.15994687845940084,0.98200616908373983,-7.3337095382982254,-14.743397490049611,-2.418639102951047,,0.3138508524621645,0.2903225806451613,False,4
0.41232278415689261,0.90898937284486481,0.061059329509970076,-0.91102700557878424,0.41106413569395006,0.032497252996811651,0.0044403571096847741,-0.069026055959212657,0.99760497534217074,-9.3273221357710163,-15.22336610940523,-2.7149342475551284,,0.2184933140521086,0.2857142857142857,False,6
0.33250882885509592,-0.91029835420371563,-0.24656598521982204,0.94086772554263853,0.33816221752807696,0.02035282950151928,0.064852153130308163,-0.23875347321139101,0.96891226499815897,-9.9806186812882984,-19.314158680278105,-2.8410243087175808,0.6640976982215769,0.4454300126370617,0.6153846153846154,True,5
-0.98324270427263893,0.18172791225895887,-0.01444819714106739,-0.17731090383296463,-0.97173557735496918,-0.15585509643428794,-0.042363048480535431,-0.15068156359888274,0.98767425729074787,11.481038877334832,23.165681508612789,0.68233537911615039,1.087387346278513,0.6970017045540097,0.9183673469387755,True,3
0.48057585602727426,-0.86079358899935965,-0.16757459157418247,0.87300760087326679,0.48770401572087091,-0.0015880388027893211,0.083093774864036879,-0.14553071905043957,0.98585812082241664,13.436405341726298,23.885695633088222,0.93644402194155985,0.7403223433888868,0.7703472494150747,0.8205128205128205,True,2
-0.90296227891612546,-0.38994968277974701,-0.18055018071043827,0.42500825531830067,-0.87245738607079604,-0.24121793548948278,-0.063459481292329478,-0.29454601404617353,0.95352794392383688,6.4090104575896181,-8.664132639643098,-0.50854329682264088,0.546155021455437,0.5029659941164968,0.3333333333333333,True,5
-0.62864796754760799,0.77766113904629863,-0.006699680251626608,-0.77662769172907375,-0.62821608069852941,-0.046839987098076331,-0.040634484589214204,-0.024242705480018237,0.99887993767678418,5.6508669416615405,28.265742686723847,0.048429839585781481,0.4336988784470149,0.3898043619239946,0.6538461538461539,True,6
0.36953518855637135,-0.91448610898450944,-0.16479957795145789,0.92739336801844696,0.37406844285450197,0.0037869533676912412,0.058183205257255226,-0.15423344817120507,0.98631980518045559,-14.732998857411383,25.558240085039181,-2.9073948117202733,,0.408241365853917,0.6,False,5
-0.38262727276729608,-0.90290418645501547,-0.19585811246070031,0.92387048599330557,-0.37214498881081592,-0.089282878613379163,0.007726269808580162,-0.21510959389344947,0.97655935168828334,3.5602348726507245,-25.774847187664477,-0.96454723972996614,0.3609058449414934,0.3642179397147884,0.6363636363636364,True,5
0.97931529526798156,0.18239404603055437,-0.087601166811810238,-0.1821332212316592,0.98321200540149634,0.011029150381967279,0.088142170258997357,0.0051540670322156729,0.9960945705178107,12.050257433344061,27.695213801610745,0.83772057274534506,,0.1331180679000684,0.1818181818181818,False,1
-0.70942122760219217,-0.68972962926291914,-0.14489499765082658,0.70290369817342746,-0.70742451588371025,-0.074006387702791096,-0.051457875213773395,-0.15434893211011408,0.98667547564280178,-13.930558752039493,31.050251918392934,-2.7525140597698385,,0.3027717708843166,0.3055555555555556,False,5
0.80476735528326448,-0.57810186139995645,-0.13471355431539306,0.5842914687496068,0.81150378239891874,0.0080678806805923806,0.10465650202834043,-0.085204747509482176,0.99085173844780527,0.20261238120478409,-14.879306029242411,-1.3895800430920791,0.2837424665066517,0.1216124962636171,0.1904761904761905,True,5
0.70727439847694751,-0.6356030472065719,-0.30947001735352769,0.70009325372744602,0.69052094027608779,0.18179732430799389,0.098144594066052776,-0.34523846457477525,0.93336918806743441,-33.502576544500698,23.977980279078729,-5.7056337237430252,,0.4007860587115801,0.1052631578947368,False,1
-0.4869050585474427,-0.8141910550126833,-0.31625367965961232,0.87329427250583713,-0.4607286647461859,-0.15838627178419482,-0.016750449827142008,-0.35330160404182986,0.93535950255078804,-4.9415671156844727,24.402427502318542,-1.5225866784058826,0.3076101074395832,0.1847438157656536,0.2083333333333333,True,5
0.24926202417883692,0.96025730443811286,0.12559598948819495,-0.9683072170895215,0.24923964367064341,0.016147239865597067,-0.015797994639045725,-0.12564039675271876,0.99195005623731081,1.7424618433102064,11.253891757613273,-0.79791504790545753,,0.6636512919920267,0.3552631578947368,False,1
-0.87358407865661414,0.48642958799662356,-0.015398488208574923,-0.47484879865825258,-0.85886452039341676,-0.1920165462198509,-0.10662774465629812,-0.16043064398929857,0.98127087623076303,-2.73484747495589,23.960103312717642,-1.1818449741274104,0.1308214816473936,0.1487992554292316,0.4285714285714285,True,6
0.71828323516781323,0.69546045966924841,-0.020098336087799873,-0.69477564799267622,0.71850605988854688,0.032184481661088442,0.036823810682997914,-0.0091537391307500021,0.99927984870441033,-9.7739200525575196,21.397820308692044,-2.2074476054481327,0.3822169947466987,0.3804038852138726,0.4117647058823529,True,4
0.29296190458054017,0.94465564569168892,0.14764495767671987,-0.95606060648651681,0.29120846724812516,0.033848860063981072,-0.011019945062284202,-0.15107395429330492,0.98846103673589891,-31.635593708938462,28.288840552342901,-5.2515326944296241,,0.2372937243672392,0.2,False,1
0.36255008260899202,-0.88494746646765754,-0.29227627203159545,0.92880683959610366,0.36888686601722698,0.035218387235732701,0.076650455443595195,-0.28423662971626767,0.95568522328632155,14.085452519798281,-14.142231242274116,0.35598159203202534,,0.2143282194836338,0.2,False,5
0.4491705715133581,-0.85503776906699924,-0.25914515460508436,0.89160566638506167,0.44758306266395403,0.068620242541149151,0.057316082877446953,-0.2618774818217191,0.96339765992984494,-4.4533725206306825,-13.609031468119461,-2.0361985629984747,,0.4744954730271063,0.2352941176470588,False,4
0.48752957711387318,0.86920274154911592,0.082471240579176652,-0.87277600931300015,0.4877646765207726,0.018645586777023798,-0.024019762838987865,-0.081069195272228597,0.99641900652841409,3.4199192901514275,28.688694387651516,-0.25764011994136637,,0.334116646907226,0.4761904761904762,False,4
0.91538749547896392,0.4025324955120988,-0.0057726231085565294,-0.39401862436154322,0.89878258086662721,0.19219572312349542,0.082553357151531698,-0.17365904061559362,0.9813396358221167,12.839918893404743,29.591691397256291,0.98987877994869111,,0.3311030984690585,0.1612903225806452,False,4
-0.87550375032173933,-0.4495447467334226,-0.17720808067623128,0.47830834958289059,-0.85835031012276486,-0.18562291838952957,-0.068660803169363155,-0.24727366579669904,0.96650992147602977,-3.8027155681700715,-11.577992322045803,-1.9495376725997684,0.1116201759912252,0.1454477442487553,0.3783783783783784,True,5
0.099482754554621231,0.99205969740226696,-0.076946334131962529,-0.99459321227323905,0.096825147069291989,-0.03753975219696979,-0.029791335086311797,0.080264859590811019,0.99632827354674736,10.516570195110816,4.6973543678246914,0.29375146354605514,0.3749663040433431,0.3956189079792777,0.9432989690721649,True,5
-0.70281710775350914,-0.68286062022213512,-0.19937273233527614,0.71123131608346868,-0.68006343981044037,-0.1779430607114787,-0.014075797354668657,-0.26686155808402406,0.96363207747863899,9.3848930960673709,22.741555139586296,0.41342054724993393,,0.3025999941295597,0.2,False,5
0.63691349986283274,-0.75895105171464272,-0.13540492898604148,0.76659260154296294,0.64209679231326389,0.0068914846447602901,0.081712771046326418,-0.10818969637749494,0.99076637642063514,9.4227679129121356,-24.884690507861023,-0.27636774126225078,,0.5863457531927498,0.28125,False,2
0.63502426054769356,-0.76254376723514727,-0.12357666271057952,0.76721533557063848,0.64123040189320002,-0.014289875895815336,0.090137768893443118,-0.085735492876138408,0.9922321340695418,-14.167950498356769,-14.319939797406141,-3.4842257214358701,,0.1189245046990905,0.6170212765957447,False,4
0.59125366735503382,-0.76810919258659127,-0.24581978989332545,0.80133453184852632,0.59391709105359813,0.0715922972220875,0.091005872922173575,-0.23931309454020172,0.96666807844019864,-15.181749423803707,-12.485958388583869,-3.5791992865716291,,0.2767877582461498,0.4285714285714285,False,1
0.18476765627559233,-0.96746158432746532,-0.17285541948407671,0.98079114922943622,0.1927089712801647,-0.030198906956095083,0.062527072437679215,-0.16395528426596145,0.98448414409458185,6.2685355011584623,25.025843879191811,0.044463529816407173,0.3856397429982883,0.3263412284956934,0.7272727272727273,True,5
-0.99130167939042657,0.10168852774663033,-0.083548930348879308,-0.085098516800952345,-0.97951696998774251,-0.18249588473253051,-0.10039533293932103,-0.17379858696420364,0.97965036022718222,-31.380740410296838,21.732457924356307,-5.4686062001938485,,0.1105390334003257,0.3571428571428572,False,1
-0.32675052129667731,-0.9265344156082006,-0.18646198949362636,0.9450358278079074,-0.31782075948554406,-0.076793547902519077,0.011890373912291009,-0.20130559240518786,0.97945631728761817,-2.1897045763754455,-13.709204546535043,-1.7392859215036429,0.4689711585982565,0.1985327942192284,0.2352941176470588,True,5
0.85483530984220912,0.51552841223749546,-0.059051242348158554,-0.51487691894846033,0.85684074005163402,0.026938903502342494,0.0644852803445463,0.0073757957980644384,0.99789140003069976,-1.8539006766028936,-11.068596023123334,-1.6582915722350489,0.2241811560532088,0.1489901600604841,0.4044943820224719,True,3
-0.73313518874142058,0.67977188637116948,0.020566417492226027,-0.67145712402508595,-0.71870424232557484,-0.18058112486963451,-0.10797280039455741,-0.1461998446052668,0.98334504616251228,-30.956282023106471,23.431319582100709,-5.3291870495624742,,0.2235425851704175,0.3809523809523809,False,3
0.46501066703475957,-0.85807428234337746,-0.21788438568375268,0.88301047508375008,0.46724755848392713,0.044409683439308227,0.063699139996222759,-0.21304517143485674,0.97496367855014721,4.357446541628029,-13.890016823588251,-0.81611232801575817,0.6712974988177163,0.4975293253521705,0.3939393939393939,True,5
-0.87570228753771751,-0.45861309469549533,-0.15106135500196122,0.47956138569028695,-0.86253544150240835,-0.161410933666393,-0.056270604724134851,-0.21379111657425212,0.97525739039389669,5.6975631443415011,23.202477770160176,-0.029677938372098454,0.2903514067177633,0.2237482859188893,0.3529411764705883,True,5
-0.14708665081622987,0.96629533776419074,0.21127905094176697,-0.98825598681840388,-0.13462124772551576,-0.072299544800839693,-0.041420063607481128,-0.21943208488280511,0.97474814103682084,-17.275330833373125,22.262946351184016,-3.3452568243820426,,0.5011466885358551,0.3777777777777778,False,5
0.24527627849818184,0.96871743313711878,0.037763500133242256,-0.96736241844863979,0.24711847111949645,-0.056057226160060869,-0.063635670651608883,-0.022781483002508068,0.9977131378572327,-6.6905349283469837,-15.634129129178344,-2.3433252550456722,,0.1211965776916639,0.2352941176470588,False,2
-0.35964517438313914,-0.91178354952851515,-0.19825767917562043,0.93307369122587935,-0.35020466121247068,-0.082037686505477853,0.0053698496286033251,-0.2144934825915242,0.97671065860915318,-16.526271092055165,21.225373449664353,-3.2341922137029853,0.2109574974689963,0.2060897465171256,0.2142857142857143,True,7
0.44211731255813125,-0.87830413559202913,-0.18197287528176792,0.89358494103166342,0.4488713144812943,0.0045272726086705434,0.07770608147251995,-0.16460980662698427,0.98329312845377514,-13.888092891375914,-12.296134469312472,-3.4128088812661623,0.4645801921547291,0.3708191916855604,0.8878504672897196,True,4
0.98556987136513852,0.11579170756576582,-0.12346784648769414,-0.10352664258543201,0.9894314856245775,0.10152620119816255,0.13391886697658723,-0.087278953440939722,0.98714138873515045,-12.799632525176378,-19.592694168719451,-3.3044279164338382,,0.5838799957599567,0.5185185185185185,False,2
0.68480125085143739,-0.70380265435910527,-0.18896843797148694,0.72443524617900512,0.68558999815601529,0.071832642454515538,0.078998866611300289,-0.18608648028675251,0.97935233748054995,0.15417003997154707,-11.55013892608884,-1.4041742876751671,,0.1929363669539355,0.1935483870967742,False,5
-0.60833146727942888,0.7936673031781718,-0.0050037769280034533,-0.7877891037795367,-0.60456883451521981,-0.1178340031533478,-0.096546123090942931,-0.067740211092060368,0.99302069964191164,-14.55236823209564,23.107559386604859,-2.9121212359177142,,0.3453745511349944,0.4375,False,4
-0.83701142885312929,-0.52040463481967714,-0.16908839116699223,0.54579374673217784,-0.81604624272609583,-0.19020440520837906,-0.039000692266863972,-0.25149064752157368,0.96707362708941913,-32.171505447624277,24.243804720892658,-5.4967186735056996,,0.7042735392581647,0.6,False,2
-0.13273719799978642,0.97483999854733017,0.1790748823799862,-0.98999736207061106,-0.12168514053944943,-0.071399927626887183,-0.047812753114580206,-0.18676108749987202,0.98124117159619229,0.0344420655913448,29.422531991532328,-0.70254900421265298,,0.3464340827411069,0.1111111111111111,False,2
0.98723448955786208,-0.13876895897274266,-0.078174411753776596,0.14666451752490778,0.98344290247671406,0.1064404850954877,0.062109435085289232,-0.11654713035419619,0.99124123425107191,-12.521524823974078,-13.952514218044568,-3.1830167992773575,,0.1950884378205618,0.3,False,3
0.46322820796764014,0.87848705885926504,0.11696202272484559,-0.88619812805406706,0.4578871090192535,0.070656020461516311,0.0085149971554137199,-0.13638138733268848,0.99061981204327576,-11.934200795703394,-17.846397783902404,-3.1464700069577449,,0.5881733550046907,0.2368421052631579,False,1
0.58666529668527423,-0.77930613944955796,-0.22024025672297837,0.80579879060269444,0.58884344518022491,0.062862597238073151,0.080697823566760613,-0.2143486367684842,0.9734179591455453,11.365944145793486,-7.0052950833460095,0.16558853337098978,0.5038265920013305,0.3101386606507112,0.4,True,5
-0.92257556927463513,0.37991896660831864,-0.067200429975181553,-0.37009376860481985,-0.92066785054944622,-0.12410202014690838,-0.10901798666946722,-0.08962303150378706,0.98999130845003203,-10.292818840701875,22.157562524898484,-2.2725560748455331,0.5304774646685091,0.2838881956627517,0.5185185185185185,True,4
-0.066399116464570349,-0.95033302742453885,-0.30406955506731398,0.99730110211815315,-0.053640476769263964,-0.050131935588825421,0.031331598213951796,-0.3065776186189656,0.95132985589399155,-6.045747772898685,30.250949340691029,-1.5702091050224918,,0.4497321850731182,0.2941176470588235,False,4
-0.93194678595217739,-0.33324425872694335,-0.14291064403653575,0.35476619858016878,-0.91947490354125561,-0.16943094788962226,-0.074940860005631868,-0.20860049324804961,0.97512547998618482,-9.9793768312276914,25.061368068769855,-2.2171978894927049,,0.08380239244381986,0.2,False,2
-0.70723623152355031,0.70671155382571271,-0.019382789005021092,-0.69844369542265705,-0.70268378154722766,-0.13569048409829476,-0.10951400433144935,-0.082427439847019696,0.99056165886609804,-13.405064955417515,-14.647553014756838,-3.3392306645572543,,0.2130050907839337,0.375,False,2
-0.994927072927972,0.0039923677997898248,-0.10051955309455159,0.016661857839559785,-0.97887185668685139,-0.2037946777513337,-0.099209384880219242,-0.20443568471719128,0.97383959088029537,-22.656594124738017,30.288754385557983,-4.0013740024980233,,0.2171173042411527,0.48,False,2
0.7624585316151925,0.64581668427493522,-0.039721503991334811,-0.6453761480719471,0.76346276837978733,0.024783639718324889,0.046331577428586408,0.0067388136938381915,0.9989033853796766,-8.3660497600338726,-17.094343859673295,-2.6002543384258376,0.1323069393550911,0.1354990194357581,0.6470588235294118,True,5
0.41943741770621179,-0.85039670668841982,-0.31764397346940976,0.90300290832722052,0.42671833127025416,0.049972125335143266,0.093048375485692641,-0.30779361106335512,0.94689233432743225,-5.8608722831338103,-14.456159577736518,-2.2427193430005077,,0.2004378483337046,0.1818181818181818,False,4
-0.37645179364741022,-0.90795215152021047,-0.18413836539263026,0.92631904951327182,-0.37205513672286622,-0.059228318792274581,-0.014733145233709485,-0.19286748245350105,0.98111419755478635,-8.9066917215251742,22.05137824619564,-2.1091112723350718,0.4456651096224283,0.2586998569836539,0.2105263157894737,True,5
0.32828526209727932,-0.92657651360567106,-0.18353405984742788,0.94208730208875546,0.33528206793312237,-0.0075795887499179107,0.068558748040270817,-0.17041684000370322,0.98298412942951496,6.3430811582248552,-10.917412978993491,-0.5372637271880456,0.5808429958679109,0.2381591928783224,0.2432432432432433,True,4
-0.98105526922605291,0.16551754645574013,-0.10067025647663007,-0.1499331276397815,-0.97778302395245431,-0.14649373811378011,-0.12268095190351104,-0.12862464727130524,0.98407575122770996,-27.75749351756723,24.884663813515584,-4.8683735778406954,0.4635624393938038,0.1938785527276341,0.40625,True,5
-0.041198882108676824,0.98813174208663324,0.14798078386679236,-0.9981182031973912,-0.033970130123027797,-0.051049806125346639,-0.045417007376161098,-0.14980550904509332,0.98767181031997331,-8.5377558572042673,24.738077088674572,-2.0082106269019087,,0.3940609060220128,0.25,False,1
-0.87511235538920185,0.48061741074399156,-0.056438195709145142,-0.47374458177279483,-0.87465583945945757,-0.10268025000159689,-0.098713913335872788,-0.063119466008609432,0.99311202606992155,-11.09155611934824,25.861710877381896,-2.3683554696242579,,0.2603249373339641,0.2666666666666667,False,5
-0.94639943050917896,0.31628595097635692,-0.065508130387641972,-0.30540617647339291,-0.94227581839617103,-0.13727108012152309,-0.10514364129040599,-0.10990668442277904,0.98836498087264635,-13.884571480610095,-16.414268316854582,-3.427253906006106,,0.09489808439671185,0.4,False,1
-0.21810480170957225,0.97592136944039332,-0.0027885732580875677,-0.97404998046843205,-0.21786184970335035,-0.061342073597827396,-0.060472564197945361,-0.010662791070933125,0.9981129063717703,-5.5465128958147467,-18.038020944676443,-2.2408591692657547,,0.08873470342054046,0.3846153846153846,False,2
-0.34453413388773657,-0.8969633465736504,-0.27704329172464037,0.93871981792172166,-0.32600610227210786,-0.11191570364500888,0.010066480379787593,-0.29862480838795857,0.9543174994665129,-3.1784399588122589,29.006228092163123,-1.2187218620810045,,0.4586464613976197,0.1666666666666667,False,4
0.020232590856501424,-0.98758930434474435,-0.1557498257177157,0.99885120852488751,0.026735022724062609,-0.039768100134620829,0.043438525476894217,-0.15476628994651664,0.98699568894731515,3.7041197904991541,-8.6112477181506257,-0.8308788455753835,,0.08263970571041147,0.2068965517241379,False,2
0.97131141727990289,-0.1877368249876776,-0.14597607751016112,0.20869047833554813,0.96721989810747344,0.14468570405209055,0.11402813211566042,-0.17099869370411921,0.97865061785996843,-12.955613522809138,-7.1191476863443386,-3.1652360262713537,,0.2193059564895325,0.3623188405797101,False,2
-0.94222369100897974,0.32158630737830374,-0.093791060385315553,-0.29948484793207208,-0.93411917932028621,-0.19424259235579183,-0.15007778636599861,-0.15493097086374277,0.97645944734366674,-1.792290878895614,27.023783226635707,-1.024594687508247,,0.1768911958015428,0.3333333333333333,False,4
0.58789289642186826,-0.7902301941577009,-0.17296873294959741,0.80321233016711135,0.59562805011534681,0.0087851342226140522,0.096082750815253068,-0.14409533704208638,0.98488813519023644,-7.5824576757222895,22.265819061041451,-1.9359620400815432,,0.246479211419151,0.3414634146341464,False,2
0.95414690645784495,0.28248606618976341,-0.09902173148131295,-0.2783027486965573,0.95897032196233312,0.054069415230792908,0.11023275812962993,-0.024032145224503913,0.99361521477433234,-30.152785831440074,25.369490028267933,-5.1314369400616826,0.4555367690930329,0.5307173230872951,0.9436619718309859,True,5
0.7091858956632161,0.70499596987158086,-0.0060039867747970072,-0.7036750530481054,0.70833186317715935,0.055743980174733206,0.043552096506471183,-0.035307988795795275,0.99842704331217291,10.319287936463216,29.880086022966019,0.66597095474268364,0.4284999838585807,0.2720715244768068,0.5263157894736842,True,5
0.98999086197504793,-0.09431601896650163,-0.10498848399806573,0.099197181824707437,0.99416945033638238,0.042273196423874837,0.10038930383231826,-0.052264639902768875,0.99357455437017717,5.9487505260133098,-13.642563597283553,-0.62162460558195864,,0.07260109240165935,0.36,False,5
0.98063684590770961,0.19158813411802117,-0.040563078203619832,-0.18219228484305081,0.9684923921953591,0.16978945080121449,0.071814676716159487,-0.15911151160392048,0.98464520467184902,-5.0151628381861579,-16.984600738802826,-2.1561482789764783,,0.471821298612593,0.5918367346938775,False,5
-0.25996129608868423,-0.95430950123704406,-0.14735501479283208,0.96552704132252309,-0.25478567979604666,-0.053308440662253917,0.013328803804771888,-0.15613338278398603,0.98764604477999252,4.3768158226497684,-15.760503973243027,-0.82006799211202863,0.1638555033278881,0.128284131500716,0.2941176470588235,True,5
0.55741861108225188,-0.81265612620725491,-0.16992502039709492,0.82559265097829704,0.56417580908931642,0.010120824523958322,0.087642835815386178,-0.14593038400633071,0.9854050214779726,-0.86475401951980124,30.861823452688554,-0.85063196427920396,,0.328759552295313,0.4193548387096774,False,5
0.12038310580233395,0.99048899451134831,0.066629269763983021,-0.99229247599160386,0.12204579182976578,-0.021458489860587873,-0.029386220033130052,-0.06353248341236975,0.99754702827667263,-18.825485906795251,30.979999322120499,-3.4417899135051426,,0.2407316756302342,0.3571428571428572,False,1
0.94458236450036004,-0.30707907564203346,-0.11604567194748953,0.31062369553718544,0.95043915496650533,0.013354118367688468,0.10619358005892809,-0.048660600174993913,0.99315410161005635,26.205261020198041,-6.9745672145382844,1.7434035795769507,,0.156864634455025,0.5454545454545454,False,5
-0.49809736617623734,-0.79666472692970802,-0.34238038301618551,0.86702784562938395,-0.46336699184973568,-0.18317681558373322,-0.012717260379701785,-0.38809321525909429,0.92153238009214511,-28.114884517215899,23.459134312291695,-4.9595904481015216,,0.3938849148459006,0.4666666666666667,False,1
-0.98212327993302806,-0.13514635015276716,-0.13103177879421918,0.160299844951099,-0.96537394323984316,-0.20580842893868717,-0.098680406982567442,-0.22313362309150692,0.96978016247179066,5.4288029164701799,25.848579981892094,-0.0053305464654914226,,0.2203434030998195,0.3103448275862069,False,5
-0.33005094700061971,0.93111342674394115,0.15522293297431811,-0.94230704055892867,-0.31525079854864491,-0.11258052818989345,-0.055891087814317973,-0.18342497254081086,0.98144356218344764,-15.072401089738536,21.363077524267119,-3.0218848485391807,0.6113921223253793,0.4508302535966075,0.2553191489361702,True,3
0.093754029446771137,0.99542011775400907,-0.018680769071136014,-0.99507764875292792,0.093083735488605671,-0.033998399077490166,-0.032103814646221723,0.021776302672456518,0.99924728557403597,18.069958835043124,22.930606688491917,1.4561079802890795,,0.58199589038077,0.5428571428571428,False,1
-0.97828079897189835,-0.17237334765240514,-0.11512648427711558,0.18581243921842353,-0.97541483245743976,-0.11848899549631585,-0.091871735558905959,-0.13730744204568576,0.9862587138090424,7.0786311681378038,21.817420561907305,0.090570076738800215,,0.1153340687944578,0.36,False,4
-0.94083375291745064,-0.27684364361175073,-0.19542120243984767,0.32970728132199068,-0.88103520353660225,-0.33921980893291009,-0.078262110976689989,-0.38358123927140675,0.92018502208223563,-15.505471272130123,35.088063431324834,-2.9363974936470463,,0.2840968937927003,0.1333333333333333,False,1
0.89224173188935618,0.45101935696730028,-0.022050657946743102,-0.4463047528072685,0.88823658040904541,0.10884780587998698,0.068678668425677936,-0.087277241386557292,0.99381382745423053,-0.44337749076037158,-26.226484044331158,-1.5614004654014149,,0.2735572778394042,0.4347826086956522,False,1
-0.46163181982201223,0.88281751610969705,0.086771517087819855,-0.88153041797341725,-0.44563183452533495,-0.15593713555531566,-0.098995884335813272,-0.14847727539084554,0.98394832871298732,-28.379854872540438,26.317825723560983,-4.8562217664508749,,0.4924143466567796,0.3103448275862069,False,3
0.99471252299569524,-0.017094798294758438,-0.10126581094722248,0.029345686790001317,0.99224863287109166,0.12075380421449046,0.098416600542592506,-0.12308703602211679,0.98750379963872958,-6.8520116101468815,21.496524426008907,-1.8664926926554712,,0.4393820968256369,0.1458333333333333,False,1
0.75652670235149855,0.64871053258813871,0.082716343840749981,-0.65228064719130918,0.73945403793593556,0.16654633913697225,0.046875429905810215,-0.17995102302975119,0.98255805089658288,29.068333881781747,-9.4994805439814218,1.9812209680947492,,0.597038643215605,0.3529411764705883,False,1
-0.27067288025822345,0.96213803870980386,-0.032040386395413359,-0.96090460021877622,-0.27204195570503015,-0.05153177286465499,-0.058297008251791411,0.016839501294051082,0.99815724714348308,18.679976974755061,-13.923010618154391,0.89116488072579991,,0.1774412004357995,0.5238095238095238,True,4
-0.27190994919860728,-0.93979587966200651,-0.20699923694817707,0.9622241285106774,-0.26243895976269049,-0.072460464465422897,0.013773381526649409,-0.2188823815865355,0.97565403550250762,19.117128345918772,22.22580994086961,1.562436777872098,,0.4236996451840068,0.5348837209302325,False,3
-0.94399890078967186,0.32989827817875578,-0.0057620623551040279,-0.31884631582091205,-0.91658768424614745,-0.24125514290003502,-0.084871091635037893,-0.22590737735403282,0.97044461699867224,23.184830439252163,-21.2696086045102,1.197784337935822,,0.5012722777006166,0.4666666666666667,False,3
0.17707925544384417,-0.90799326083673915,-0.379725131597212,0.98277403710983768,0.18386911075794712,0.018637115976294652,0.052897346571315521,-0.37648424719255913,0.92491160785318682,12.835794869458184,-22.905691375643908,0.1305694233832736,,0.3841687876600239,0.2222222222222222,False,4
0.087567914583047052,-0.97242450525734792,-0.21615374600172688,0.9958473159346144,0.09087855523018068,-0.005404770587148236,0.024899471508465498,-0.21478284329591568,0.97634437907140204,-11.426185030407666,21.110162902372803,-2.5205462393460296,,0.1300737337241157,0.3,False,5
-0.99052477019184537,0.10350289060620478,-0.090265338156755193,-0.093420211647944659,-0.98958043485550595,-0.10955923971460695,-0.10066451058862091,-0.10008853374562693,0.98987319476820146,-10.641485020582802,28.041194090511869,-2.2382863749525312,,0.07079122254004482,0.5,False,1
0.26826778709493498,0.94348073439654834,0.19461885373657023,-0.96324651839608144,0.26558909541430348,0.040231544773217977,-0.013730957905921055,-0.19825876076370924,0.98005353148459384,-11.555494044601897,-15.305135431804198,-3.0509074409289823,,0.4340877714781455,0.2222222222222222,False,1
-0.83718170275100423,-0.49697342655929838,-0.22835106715940734,0.54370500561888746,-0.80148027757653018,-0.24902656790152947,-0.059259289937493721,-0.33263610439902536,0.94119156318272734,-11.056348646421252,-18.069171882065589,-2.9987761063720959,,0.3775899729713748,0.3157894736842105,False,1
-0.0087680201586717472,-0.98558744242403495,-0.16893938308916295,0.99888369419083267,-0.00079049732421416661,-0.047230716632883613,0.046416455079771712,-0.16916491494996899,0.98449415653308847,2.2751378627444834,28.305737661227838,-0.43694594420341315,,0.1465383049948159,0.5714285714285714,False,4
0.7735103366286189,0.62988449706917171,0.07019458298613554,-0.63185693058412085,0.75778486609495943,0.16284629559882013,0.049381964334100262,-0.17031622667661889,0.98415131180583426,-14.401508969442698,-9.3070111649106924,-3.3909636209909881,,0.7400996837153053,0.72,False,1
0.88925377115134252,0.4571486682615854,-0.015582862374311418,-0.45457148060049624,0.88700651325500268,0.081143172651045564,0.050916593737115878,-0.065073347461642173,0.99658063393402729,-10.879588014096276,-12.591341207883609,-2.9149315868199452,,0.4700549187938183,0.5344827586206896,False,3
-0.96419179354628004,-0.21744489871755021,-0.15182852590907689,0.2517490193634912,-0.93048357799209158,-0.26612542594903826,-0.083406333737489236,-0.29481863426308524,0.95190616994729083,-2.2741914287706475,23.13505155308842,-1.1223271783653157,,0.1126839697360252,0.3076923076923077,False,3
0.93213371114813304,0.36004322738649169,-0.03867323304725219,-0.35396163985910717,0.92847102995260178,0.11248423910488872,0.076406164996417211,-0.091161510254455042,0.99290063802913653,21.858634774999189,20.801413997408662,1.870712873181017,,0.4678188819329663,0.5,False,1
0.93153483409002014,-0.34589548159578537,-0.1122460185864043,0.36079434998141086,0.91770647168803587,0.16625964285835618,0.045500438441524432,-0.19537437813980787,0.97967268129111007,17.953307324520352,-8.7991107224807674,0.86047919685078877,,0.359883649664648,0.1052631578947368,False,2
-0.6217867917231038,0.77700649161553337,0.098194183259546472,-0.77764443978285447,-0.59762585075374808,-0.19522414754755338,-0.093007047655001798,-0.1977479570012759,0.97583063827096617,-20.646165858708407,22.500388374294552,-3.9713781449725878,,0.5675802829050448,0.3571428571428572,False,1
-0.67434745410083829,-0.72330995122832309,-0.14858743419885359,0.73756954548447062,-0.66941997947151632,-0.088702066820260592,-0.035308309525507689,-0.16940957924047728,0.98491305085272129,-9.8356385825301977,-10.049622087947313,-2.7155190710502115,,0.0594775843025632,0.2857142857142857,False,1
-0.99060384853369221,-0.047734158180674752,-0.12816187191602751,0.086979041602236754,-0.94306196854584134,-0.32104325223308916,-0.10553985783671632,-0.32917407799707565,0.93835268677751482,23.027595668694609,23.665862198673757,2.0596561350464526,,0.3370618887319819,0.2580645161290323,False,3
-0.43254729547842324,-0.88088896442159126,-0.19219123167969432,0.90158451875360957,-0.42095197900576081,-0.099723552458560988,0.0069420975305420143,-0.21641179203405192,0.97627749310863787,9.5548044060211925,24.605647243044285,0.4484813299756894,,0.1545170990210956,0.3333333333333333,False,4
0.8977601356168895,-0.39941710852132739,-0.18572213739240956,0.42767357900134267,0.89133066046220888,0.15041596838162996,0.10546112421800352,-0.2144659113716289,0.97102127893172885,2.4913165327564553,-6.9629443557654938,-1.0278943446042299,,0.0920216338599545,0.2542372881355932,False,1
0.18629751396530375,0.98239849231283805,-0.013654251785050114,-0.98218160112707276,0.18587032326956227,-0.027776344884225868,-0.024749519142933666,0.018585618879406879,0.99952090326969278,9.6568503169932534,-20.448146353209243,-0.2369567339464887,0.306860326956926,0.3272112065352413,0.7368421052631579,True,4
-0.0870953849517207,-0.9394773589213633,-0.33135582987817036,0.99566056178419293,-0.071147371938254142,-0.059984141019645186,0.032778645910051821,-0.33514227358007087,0.94159716271444005,20.927292548748326,-3.9321087381941817,1.2716875767483313,,0.4815151522872804,0.1914893617021277,False,1
-0.8723418418219927,-0.46730407509692129,-0.14368929119605209,0.48453623052926853,-0.86554296704154066,-0.12672810860031583,-0.065148693855674067,-0.18017289919057461,0.98147510110351843,-13.714565504767322,-17.621834956667481,-3.4137056313280185,,0.2064930284337652,0.1666666666666667,False,1
-0.91104053814867325,-0.35648408852092495,-0.20718164127446237,0.40594810057109754,-0.86348348033225097,-0.29933663129663868,-0.07218917849991438,-0.35681279941267147,0.93138249322327205,-10.21531491121076,-15.2206415407568,-2.8347971017704969,,0.2813986085870642,0.2941176470588235,False,1
0.75782227844497141,0.6470240346121543,0.084055296838936366,-0.65008609807993067,0.73778993114677305,0.18180781771323948,0.055618876073530908,-0.19242119460352958,0.97973497666035558,-0.65335114344932865,24.044493854656871,-0.91661874957828549,,0.4963179841954185,0.5,False,2
-0.96630706222306828,-0.21592409995988976,-0.14009798197809625,0.25023814351175239,-0.91553119078275103,-0.31493413634553657,-0.060262202329611742,-0.33938093900575639,0.93871670125227635,35.149999439681231,19.14723321091741,3.1126267923091802,,0.3569912031648046,0.3846153846153846,False,2
0.79162660586598377,-0.5352862586863949,-0.2946115037581265,0.58615293668153845,0.80143440545897815,0.1188597011868297,0.17248783059888878,-0.26677989993276496,0.94819641071201755,13.433599503161659,21.720142690068872,0.87417692868092756,,0.4077811311148125,0.1481481481481481,False,2
0.50125638477808276,-0.82215586912489236,-0.26981801938102845,0.85506476839215062,0.51844729356616692,0.0087547500475941842,0.13268865276912672,-0.23510025660856054,0.96287153388648072,3.8725383720979045,-18.395436751990225,-0.89307015707643156,,0.1793443997730031,0.16,False,4
-0.98555582258749952,0.15066803182867589,-0.077323119109041674,-0.13507559676438785,-0.9747671169269928,-0.17771789700697907,-0.10214843964849583,-0.16470644171589602,0.98103898206680173,2.2999460479561473,24.732991489668464,-0.47286983769145707,,0.1138358543914096,0.4375,False,4
0.56628003796886217,-0.74938102662624084,-0.34315447764904089,0.81935956818170053,0.55695009929555239,0.13585464630910471,0.089313026077285029,-0.3580986788963012,0.92940223775588271,19.676582497556502,19.795169565808223,1.5722270758362109,,0.3418696501277848,0.1153846153846154,False,1
-0.82153064846052748,0.56855337435645192,-0.042830528223667175,-0.5594599053075705,-0.81831713573647691,-0.13176372684958948,-0.10996366669618753,-0.084285976698032936,0.99035542414770905,0.79980965355881184,-25.596341013610051,-1.3391746450304285,,0.2442893231409842,0.48,False,3
0.27470800177623428,0.9608797180062475,-0.035294210351606611,-0.96126988799144264,0.27359931175368774,-0.03322076231558381,-0.022264685064661307,0.043053270864632537,0.9988246591203227,13.762128339501714,-11.188695086734025,0.34580627043517498,,0.07829189387535702,0.1818181818181818,False,4
0.68327521278361969,-0.68377163625374615,-0.25610804956184824,0.72375236235329388,0.68061852365993458,0.11375826668421903,0.096527206442152069,-0.26308700976263766,0.9599311036270407,23.088855954820044,-5.8633781148882909,1.447637439342512,,0.08799998265223259,0.2857142857142857,False,3
-0.8807474537233575,-0.45262882841021462,-0.13932360335499128,0.46845055819552955,-0.8758512694317766,-0.11592509806354549,-0.069555713540436562,-0.16736695470355639,0.98343800271656101,7.3233479817277898,-15.658343841981493,-0.42763595481552624,,0.07322084410512633,0.3125,False,3
0.82756727050625012,0.55375158018645443,0.092149879152606667,-0.55839223120867398,0.79514041914934208,0.23653716401615937,0.057710734812805933,-0.24720619182377593,0.96724276674025977,25.569272628532175,-20.781432990078279,1.4345876515682641,,0.7900488400254153,0.2647058823529412,False,1
0.20082031648519624,0.97928016478342139,-0.026106691642962615,-0.97931509667058991,0.20001123998282924,-0.030617728746661622,-0.024761702684966577,0.031715339227039688,0.99919016975641584,2.9243536916113624,31.260041105477839,-0.29401232723283244,,0.1737596262676256,0.5,False,3
0.77829088547689718,-0.59781550341802103,-0.1920414576508041,0.61960551016981447,0.78076266571191799,0.080614338660215445,0.10174629895377668,-0.18173135035947474,0.9780702464269786,-14.641801843465821,27.334111988543466,-2.828707272882002,,0.4641627857740908,0.2,False,1
0.91272277296388826,-0.39081644979134378,-0.11916225193240314,0.39502680804809615,0.91857690674367409,0.013049418399184658,0.10435976541006603,-0.058982785367550049,0.99278903619744008,8.2422702525590434,-19.288261808835657,-0.37425029033778701,,0.1650532391812792,0.25,False,3
-0.8827833797342165,-0.42137376351045974,-0.20769606614008046,0.46498084997496342,-0.84676649232290202,-0.25841694339909071,-0.066979949399757044,-0.32470087604470599,0.94344211665274191,13.48368773724637,-8.3497603575110197,0.3552773468172119,,0.3570219546099046,0.2051282051282051,False,1
-0.70088780067669731,0.71255689455263926,-0.03192119809910339,-0.69840197579745322,-0.69467925610541204,-0.17220746597939984,-0.14488261132653901,-0.098404284268172923,0.98454335901110623,-2.6867374869263281,26.961806739254584,-1.1477577319071601,,0.2267524004288273,0.2307692307692308,False,2
-0.11048000823918125,-0.97278999974365554,-0.20365113350583436,0.99384322855850604,-0.10640948091371866,-0.030865181355051521,0.008354928358622218,-0.20580728551344749,0.97855687438273631,9.2926965715243401,-11.999763512157449,-0.15604913609786955,0.507089449504704,0.4793416922496433,0.6818181818181818,True,3
