axis_00,axis_01,axis_02,axis_10,axis_11,axis_12,axis_20,axis_21,axis_22,location_x,location_y,location_z,dbh,dbh_approximation,score,reconstructed,number_clusters
0.34617533696910469,-0.9322738667028817,-0.10501463487145739,0.93748096484466648,0.3480359487757495,0.00064723541183420163,0.035945467422768877,-0.098673278158894179,0.99447046590089205,11.729448564040331,-17.312277524868481,-2.737597468922186,,0.2835752314738088,0.1481481481481481,False,5
0.0025585834106715355,-0.99675343948240691,-0.080473812702781811,0.99846984034479824,0.0069917747100755696,-0.054855200375503829,0.055239764416258712,-0.080210323315613868,0.99524613662191175,24.812981977027412,8.6639660325664831,-0.62652753599735822,0.3317099847412722,0.2158254424669944,0.3,True,5
-0.85410168741099945,-0.51460442094841541,-0.075449304185193522,0.51831918028324997,-0.83014926337427453,-0.20542012527902415,0.043075920328923198,-0.2145564971272044,0.97576122828708478,-11.240592779796915,-11.50509654934238,-1.1414146636552767,,0.3388336364561434,0.1666666666666667,False,2
0.97746488303142554,-0.210910034381383,-0.0089084138658242426,0.20880648905944818,0.95979139441094974,0.18761750808853309,-0.031020196115232636,-0.18524966022081682,0.98220176685905203,6.070579511285243,-3.6441865237552085,-1.7897127110291167,,0.1079942645174921,0.2941176470588235,False,3
0.67366632306882079,0.73442001881815067,0.082467697446229921,-0.73618617154265176,0.67666733018910774,-0.012298174015627814,-0.064835221849769739,-0.052426712789309202,0.99651785422730832,-29.307441390201085,1.771744037771176,0.92146466574641184,0.2543414959127829,0.2135048800054951,0.7777777777777778,True,5
-0.19165945945296448,0.9651404332501291,0.1782430803929011,-0.97988750835936456,-0.17788885178441888,-0.090421387802316844,-0.055561880488994984,-0.19198828223767675,0.97982313553005695,-5.8483369159127694,13.737253871209647,0.089806454513689613,,0.365741685603942,0.918918918918919,False,5
0.76502112315014148,0.63870328450728753,0.082466935760353854,-0.64188088942713106,0.76661249137390508,0.017152604983872534,-0.052264757938161113,-0.066056055203898761,0.996446181511359,-13.871661784797112,8.4836093037992359,0.52225345695439795,0.2527227397548657,0.1966508050865786,0.6476190476190476,True,3
0.84930534980445405,0.52599558498669896,0.044822621164245714,-0.52529516721544378,0.85048715434960487,-0.027140147133162269,-0.052396661092402486,-0.00049483412483219968,0.99862622889925934,-20.602091888892893,5.8290303741704861,0.79858626177407599,0.1367527774264867,0.09757277775259521,0.575,True,5
-0.55934215231128159,0.82750739432147113,0.048660754115323536,-0.82830656884680731,-0.55566419167379177,-0.071732378301160124,-0.032320034854746674,-0.080428965148139797,0.99623621541890695,-11.548869291904248,-7.837145343567121,-0.91548158160588589,0.7663911282295618,0.6552807102403213,0.9746300211416491,True,5
-0.21709585865357392,-0.97173444903602069,-0.092744534675242352,0.97368804824350297,-0.20882461884014913,-0.091235208521835726,0.06928905298258807,-0.11011103088667447,0.99150117902796675,-18.321875370590337,16.953128283721782,1.5234735649437576,0.3376357219813341,0.362561499077538,0.6578947368421053,True,5
-0.95661496433672222,-0.29135470832034382,0.00049390952470290683,0.28802181309361058,-0.94592493098265873,-0.14922955514147054,0.0439459348440841,-0.14261296885283364,0.98880245546097811,3.7843274701562901,6.5622184378123309,-0.93797997151719059,,0.1306596008653279,0.5,False,5
0.51023844460190271,-0.85246336569016878,-0.11385490681750127,0.8592273125429033,0.51100267439216551,0.024590488900304068,0.037217670944493977,-0.11037425841311568,0.99319301651251213,-1.8232589951715104,-31.000892855958007,-2.7315522874949871,,0.2199898833938904,0.2352941176470588,False,1
0.1768980572897898,0.94604312909497024,0.27149488985852938,-0.98158381820888596,0.18978853450685271,-0.021760514704508842,-0.072113002694120368,-0.26264559783468266,0.96219384989746148,-2.5852066582421855,-38.500840999446915,-2.8043212875025088,,0.3311260108949632,0.2666666666666667,False,2
0.59706971677399379,0.79202231998126771,0.12731220665323104,-0.79940842272843149,0.60066224421891412,0.012289916221876529,-0.066737747806365821,-0.10911238711250731,0.99178654961455592,-14.318969111407878,6.7062387193689723,0.35687740172691251,,0.1040298242447953,0.5192307692307693,False,5
-0.7885271730260186,-0.61499924141211904,0.00091129694040803511,0.61190029474302787,-0.78470068909572821,-0.099110331580945732,0.06166787407549422,-0.077593566712760381,0.99507603313103732,-1.45646641414788,7.2057759774487939,-0.76893173137704263,0.1587838835029068,0.1130253605694821,0.2717391304347826,True,4
0.49081053443231182,-0.8619527495457594,-0.12705304734942385,0.8709389054495269,0.48937894252198227,0.044426046306728105,0.023883933190524856,-0.13246021352305382,0.99090052455772681,-24.806445584521878,11.677594031938431,1.4643751385861283,,0.2315567952974162,0.2083333333333333,False,3
0.10041131477664934,0.9380860674726218,0.33152993511684103,-0.99293047324348471,0.11568008024670448,-0.02659312577689902,-0.063298050280356885,-0.3265159246466674,0.94306983186974935,19.219375026141432,-5.1651645385946301,-1.7152370946431774,,0.4156382143527583,0.2380952380952381,False,2
-0.85040888193035824,0.52003801641735181,0.079782172285949027,-0.52606658912639992,-0.83827739485940733,-0.14333510760675994,-0.0076601135026973695,-0.16386418384879622,0.98645316762261648,-12.70253604043152,5.727497847173403,0.16366143137307171,,0.08039040526095836,0.34375,False,4
-0.55338200421230577,-0.8326018257948411,-0.02329285506479202,0.8294244239687627,-0.54827693184127768,-0.10699313498913063,0.076311744430716311,-0.078527738371945849,0.99398687716092582,-1.2950669034074984,19.861818684985106,0.44268951939745488,0.3263315328625281,0.3141268412473868,0.8088235294117647,True,5
-0.15887247498922669,0.98323692630853199,0.08946889646210808,-0.98593505928075176,-0.15323831667945373,-0.066708898823973975,-0.051880589548089252,-0.098808729597122655,0.99375310786107462,-15.123342660005571,12.224511712078831,0.95762987953743872,0.3853645550256017,0.3371946479188466,0.851063829787234,True,5
-0.62919456867171342,-0.77106379600396846,-0.09785099511996749,0.77117234258653033,-0.60359922960972701,-0.20238870532751657,0.096991818127205948,-0.20280185528366163,0.97440443077291305,-24.217648166421355,-10.129158451331584,-0.4493884500398731,,0.2787564295219718,0.36,False,4
-0.9995658498400084,-0.026136516942625535,0.013601261549187784,0.024789604650848708,-0.99552255360189512,-0.091215792334530699,0.01592442573144116,-0.090839021087137761,0.99573826124793163,-21.390604000584641,6.8072148070267726,1.00175941918181,0.2599019161697939,0.2282231074750639,0.5492957746478874,True,5
0.0178000523994532,-0.98994810641761011,-0.14030646718795747,0.99844580941794259,0.025011553274432184,-0.049803492433264672,0.052812155706113084,-0.13920189942306432,0.98885474535276663,-9.7103829241366419,12.801906448652684,0.41509569234310822,0.4606624137314129,0.3334655268785925,0.2105263157894737,True,5
0.21908401033246896,0.95564086970379214,0.19685711713936943,-0.97424143036768629,0.22530695484298791,-0.0095084938084679452,-0.0534399828945381,-0.18970320042413766,0.98038607904083974,-12.31072588749681,26.11000353452906,1.9718471526325672,,0.1983592710828894,0.1875,False,2
0.98202122028292416,-0.18810782834510759,0.015804044714026296,0.1876671904821027,0.98189251032157898,0.025848090663357151,-0.020380101339041341,-0.022417472865478807,0.99954094882587718,2.219229857281996,-30.854466388111621,-3.0408903843021222,,0.2759158150983369,0.4,False,4
0.85416619018368756,-0.51877988243607565,-0.035602712350290069,0.51985478717001055,0.85354223441971744,0.034880572217509682,0.012293079496566332,-0.04830204593399226,0.99875712390705018,-0.45284354881016908,6.1652573140785583,-0.95969319567389266,0.6767854086557293,0.515378375181258,0.3015873015873016,True,3
-0.76358637448651467,-0.62412912569632062,-0.16552547585216662,0.64251939362745047,-0.7089934730926114,-0.29068382122968206,0.064067757188412192,-0.32831553354908843,0.94239282304102023,-33.205513140944518,-9.4194949568548463,-0.037935292487026345,,0.202925027522548,0.2,False,3
0.98853511905641278,0.14266058952159577,0.049459828037256626,-0.14414189939311509,0.98916690044987854,0.027784094257790173,-0.044960329530257193,-0.034594786481946194,0.9983895880450675,-19.881245344238643,-12.100668707815444,-0.70876991848577375,,0.1114744898937612,0.3396226415094339,False,3
0.25762826557137114,-0.9644862545366808,-0.058257545335271999,0.96539054256905055,0.25946612539842068,-0.026427827927480226,0.04060513633668119,-0.049432727828183913,0.99795171642847702,9.7285466035444621,-17.019778382691513,-2.7203482228231066,0.3415547617113553,0.3989414131580773,0.8627450980392157,True,5
-0.97362006228231057,-0.22761438456443947,0.015989567246806634,0.22370545930112906,-0.96600318442356625,-0.12959056741290814,0.044942650125015561,-0.1225950228307825,0.99143866102591494,5.3762105684260995,-9.0903758956217224,-2.1171750208430695,0.3479153578686341,0.3639541396197861,0.7609756097560976,True,5
-0.10042626639356043,0.99158040750675136,0.081748764314787101,-0.99341050939775255,-0.095371580355666868,-0.063559589981060371,-0.055227935289557675,-0.087593133915892893,0.99462420946528585,-16.612601878634955,0.06157603608918874,-0.075664109381856151,0.1740083376616896,0.1874273346477961,0.7276785714285714,True,5
-0.99927370963006945,-0.003149363732137559,0.037975449309287618,-0.0022107065234716426,-0.99010896447512375,-0.14028311103858915,0.038041635333232661,-0.14026517733949775,0.98938289555009595,10.41690291962853,-5.4518327842591354,-1.8847998556315249,,0.1144235183036974,0.3529411764705883,False,3
0.84900376434331926,-0.52708248631159982,-0.037103379286196031,0.52826663462761381,0.84821289884391149,0.038330679279441657,0.011268135164628858,-0.052143368306913171,0.9985760352980243,2.7266534237845588,-5.7576647346548455,-1.75311228661639,,0.1236090815111362,0.2121212121212121,False,5
-0.96569430934089551,0.25333765208867576,0.057048531451810693,-0.25862977750343452,-0.95803942386675611,-0.12357629427029457,0.023348213960281524,-0.13409137314253886,0.99069388034529293,-28.776986286845851,5.7642729669855086,1.2532399561646321,,0.1969235622516344,0.6521739130434783,False,5
-0.98828063164792357,0.14892152091972224,0.033522734323706359,-0.15160459914478613,-0.98319723209337184,-0.10168209440251061,0.0178168074505449,-0.10557264518277963,0.99425196905079383,-3.981963828328325,-24.268537832158216,-2.3777046138368654,0.4929279517661325,0.4729370864130951,0.900709219858156,True,6
0.99307047362629075,-0.11251435263784239,0.033934567363405173,0.10993124162615454,0.99145456327373327,0.07023511285832941,-0.041547039920868688,-0.066017947667111596,0.99695309521543474,-29.137549044049337,-15.009592476083384,-0.52051497802535662,,0.2491956121462366,0.3846153846153846,False,4
0.85192219130586289,-0.52357897382127938,0.0096766798475574622,0.5235762005713589,0.85128006835426229,-0.034499382864367684,0.0098255867955220448,0.034457269117241646,0.99935787105976459,-12.834550108077188,9.1393556941134193,0.53675744290391891,0.2957286402876494,0.2482566940681118,0.8280254777070064,True,5
-0.38456877543295653,0.90872817655251104,0.16223426919594672,-0.92278616114111467,-0.37389994658572939,-0.093083461203544479,-0.023928179379954055,-0.18550453116497032,0.98235203015457939,14.570690382671719,-0.49059109988741917,-1.3777936924623633,,0.6917847516195189,0.3181818181818182,False,4
-0.86282138722116464,-0.5054023379818724,0.010379331202096741,0.50244577754382325,-0.85966924774163633,-0.092287730038792162,0.055565226375213217,-0.074412776119340635,0.99567828356758126,-7.5777620313210043,3.610584812244074,-0.49664259649028913,,0.08622568336083583,0.4805194805194805,False,5
0.77286061311537069,-0.63378729746690987,-0.031624899438967347,0.63436249564358282,0.77293288957533057,0.012608423120115633,0.016452866491272908,-0.029806203755611251,0.99942027866253536,-35.050751821262864,-1.2276869481697044,0.9470319858098194,,0.2577721382321014,0.6071428571428571,False,1
0.61305986655616584,-0.78162451993313564,-0.11498134569325323,0.78995213295667899,0.60859388680715665,0.074760340944589276,0.011542428484922141,-0.1366623239237979,0.99055044372531442,4.7026836312057441,-1.061182345944867,-1.5788652138124655,,0.1891978022948752,0.1944444444444444,False,4
-0.2371135804781562,0.97010250203483073,0.051752154530892797,-0.96943298714213311,-0.23281949023886642,-0.077425889763013483,-0.063062139144726886,-0.068528975701339853,0.99565402931732006,-9.5855610433179486,6.3041519766736132,-0.019461857512670093,,0.07387788693538269,0.3389830508474576,False,5
0.23723899919951383,0.9530733189227133,0.1880662277402772,-0.96926758325653051,0.24520096688010162,-0.019920790373590333,-0.06509999467633068,-0.17756050968249673,0.98195430448388688,-13.432940589284184,6.0957662457197541,0.24138826520458309,,0.1150615236571846,0.2962962962962963,False,5
0.88279776539255217,-0.46954293690757787,-0.014054743616455864,0.4693400555058182,0.880371798550731,0.068303796485616672,-0.019698165288005241,-0.066894893054397331,0.99756556454577383,20.11863649653511,-12.154251680899895,-2.3234207969132421,,0.2521883727891248,0.2142857142857143,False,5
0.91950582923176849,0.38202885424832267,0.092536395707372404,-0.38897596821840791,0.91825541683947387,0.074193568410725164,-0.056627962680551841,-0.10421585276088471,0.99294125197615368,-21.722202462281796,-0.77214533240243988,0.24569280031723129,0.3132049612594912,0.2327872270317988,0.5405405405405406,True,4
0.67623131266319103,-0.73655128164700179,-0.014262583145316154,0.73666693812373152,0.67623503617058878,0.0052913259934645393,0.0057475254870605202,-0.014084933777684577,0.99988428360048431,-52.386770650664687,3.9827092285027645,2.1592937403431232,,0.4276908419414803,0.9333333333333333,False,2
0.26142709388257285,0.95638568579901218,0.13031613324092614,-0.96350787315707787,0.26661867548066426,-0.023813026881550979,-0.0575191528835199,-0.11933524996282761,0.9911864835478098,-2.3633603638919269,-9.5095873264094486,-1.6808469378846194,,0.5282454883538973,0.3095238095238095,False,3
-0.36866400941350014,0.92805986807451202,0.052836818911467479,-0.92835755661258901,-0.36469733875770705,-0.071750248664035093,-0.047319079064022732,-0.075503194452730571,0.99602217464470477,2.0617884727022218,3.9282217705009672,-1.1229557073266352,0.2510200574803879,0.2127634159185474,0.3636363636363636,True,5
-0.52776604098697733,-0.84884094641791119,-0.030529553964609272,0.84738851069507815,-0.5237164579223027,-0.087485905397930691,0.058272788871914366,-0.072042483200282337,0.99569782699945042,-8.4220132655871005,-18.662936633283145,-1.7717577418176813,0.164151625295749,0.185525854723101,0.3103448275862069,True,5
0.99411846987722696,0.096519658141146839,0.049116427407502231,-0.10288112661010999,0.98332308717849448,0.14997059714887015,-0.033822206261490941,-0.15414169395095628,0.98746969399042006,-14.623804487428272,26.940041850102997,2.2767752260189771,,0.1931110839169228,0.3125,False,1
-0.904350199054899,0.42515749387784696,0.037307142330572196,-0.42679110952332522,-0.90083557898108491,-0.079653050623709296,-0.00025749022141078465,-0.087956608855290941,0.99612427370156165,-9.3017617629075477,15.008044685268411,0.57139414357522433,,0.1289286634917108,0.4210526315789473,False,4
0.80261577447794408,-0.59517767009504352,-0.039641639464147144,0.59566509138718815,0.80323267547345634,0.0006065924878124393,0.0314804298233477,-0.024100001493547241,0.9992137771598969,8.6447264943924438,14.88242727944659,-0.083295493060243003,,0.4086217904779983,0.1333333333333333,False,5
-0.986497026209885,-0.16047631020213701,0.032725695454205443,0.15450358744790246,-0.97814962706426845,-0.13911128113766011,0.054334691908413703,-0.13217662780514669,0.98973586391384105,17.591991578196353,0.21386605651003154,-1.2987098861565938,0.3591877321385745,0.1864621933389082,0.2857142857142857,True,5
-0.86987326248104824,-0.49327425564463823,-0.0010079378975784252,0.49044645311504831,-0.86466439081285262,-0.10870955747820531,0.052752098038332904,-0.095057876993265067,0.99407304368144245,2.8311529341861412,-2.2158128564706572,-1.5791801287280003,0.4620578522430661,0.3837822660469131,0.8542805100182149,True,4
-0.89516561798076566,0.43937553880090829,0.075017679839666923,-0.44570967352102958,-0.88060220425854274,-0.16088084032840708,-0.0046263716768644332,-0.17745110244348636,0.98411874432240143,-19.279884689966174,-8.420155319543646,-0.5220937143597506,,0.133752848983423,0.2727272727272727,False,2
0.79523424287509725,0.59522499148125674,0.1153677098455571,-0.6061919958806008,0.78419274768445646,0.13256318723309357,-0.011565599386304182,-0.17535376812387113,0.9844375515570275,5.2617344598217271,-28.620373023199541,-3.3321857023878936,0.7496971604957271,0.6711647333167868,0.4285714285714285,True,2
-0.63389857326252153,0.72427760425815269,0.2712831561041168,-0.77288685559663151,-0.58024287984271405,-0.25683478899437628,-0.028609565912321739,-0.37247839180535686,0.92759977381217817,0.42325249699750456,-9.6946356858989962,-1.8900291296077121,0.4523077228210791,0.3638773664862956,0.3626373626373626,True,1
0.9297434419909274,0.36224686561350505,0.065987426287542561,-0.36580301408890903,0.92916636927859841,0.053273005219311519,-0.042015318139127553,-0.073668626665756146,0.99639733364097738,-6.2142357988553849,-29.684902276559342,-2.3428493284166381,0.3560042716212954,0.5198448529185244,0.8524590163934426,True,5
0.48118187534108203,-0.8575195148410113,-0.18200078161940619,0.87600533822331095,0.47814501879961013,0.063182184208695022,0.032842811199719178,-0.1898357781451005,0.98126638946238354,-25.845732267703337,-13.975230470445243,-0.57203677258562702,,0.1640782386012378,0.4444444444444444,False,3
0.60795767593052574,-0.77192118165833845,-0.18580945504561777,0.79290829725834022,0.60238026942639522,0.091839224434139693,0.041035306944564448,-0.20316422006096216,0.97828441839323343,11.534141208924948,15.254746504651363,-0.046541752215844973,,0.49315077199632,0.5454545454545454,False,5
-0.40803273725697659,-0.91127122661211146,-0.055624067411843912,0.91081949057941192,-0.40213984084587445,-0.09322769966654687,0.062587066613160602,-0.088703438227122927,0.99408981442294586,-0.055167466452840333,12.716994080830675,-0.43424574710278124,0.301922688024602,0.6408259968825135,0.9535864978902954,True,5
0.4200872898884897,-0.90748314044019451,-0.0010093022069771161,0.90607972351064203,0.41949895165440537,-0.05513768406210421,0.050459919907007003,0.022248132003740644,0.99847825069218266,-36.517777481992681,-1.6209223872087326,0.95313768339007099,,0.3073416617678815,0.9111111111111111,False,2
-0.58229419725865172,0.81112604631148022,0.054845280872735623,-0.81247896894405769,-0.57824718624343308,-0.074216686972363416,-0.028484958530839714,-0.087776583418696458,0.9957328349215151,6.4722339407426572,4.1766465890616349,-1.1398933287436677,0.659329779142834,0.4421884444178735,0.7910447761194029,True,4
0.55210360224401556,0.83016261835390015,0.077534763022647848,-0.8310870452423671,0.55540045934399696,-0.028716771942348562,-0.066902433584238447,-0.048583503869869024,0.9965759918502114,-3.1321784453208332,-20.554348128792888,-2.4282122120038077,,0.08273724633600062,0.4,False,3
-0.89388231011987118,-0.44810154339826447,-0.013394866884570391,0.44558174972561615,-0.88477584898848505,-0.13648663435722852,0.049308416788825166,-0.12797149624349419,0.99055134959424529,12.704609186992334,1.7169912095465139,-1.2917687419201855,0.3700397671855143,0.399219578043774,0.6388888888888888,True,5
-0.79300306542843157,0.60441705810279722,0.076329274170983896,-0.60889564301801202,-0.78226538467094531,-0.13155593433706642,-0.019804901786955712,-0.15080082168203462,0.98836576126716913,6.5434340685597707,-15.04939198550478,-2.4861436833718553,0.2377208856820691,0.2265437245073477,0.2692307692307692,True,5
-0.29591416959064371,-0.95521429414920256,0.00067563934253060676,0.95225575129372919,-0.29505312881550222,-0.078438735993123135,0.075125151337591262,-0.02256775197541969,0.99691870692011808,9.2123248078572022,-7.1255670855985702,-2.0650313917040264,,0.08179278201237342,0.5238095238095238,False,5
0.9631045638279534,-0.26866083350074982,0.015841580617192857,0.26887124290024261,0.96308722888268583,-0.01308603470685623,-0.011741118986170179,0.016862565218633267,0.9997888777232925,-10.725675171196416,-17.381470506562167,-1.5973164987916564,0.3206439301424538,0.4247719077087865,0.7127659574468085,True,3
0.99941861503106622,-0.017529312509088513,0.029243035621223611,0.01783333973985169,0.99978926619375574,-0.010168342907006099,-0.029058629064504526,0.010683932174538859,0.99952060992767,-11.439531734262143,8.3077629948541372,0.27133726931296964,,0.07068005897823855,0.4324324324324325,False,5
-0.26573160437689664,0.94190935803552545,0.20541050528243554,-0.96273829822378199,-0.24817838588371652,-0.10743583160812958,-0.050216367535472678,-0.22630565619369344,0.97276105308872485,-26.599186458410237,-15.224001708359157,-0.59861424242998962,,0.7840616161881043,0.525,False,1
-0.64744076655666927,0.74181719749179964,0.17472177685087206,-0.7621023848807903,-0.62882644854666736,-0.1541987437276913,-0.0045176055079349728,-0.23299043566979055,0.97246853323224636,6.8215356712315014,-0.72106578999602811,-1.6086984496605856,,0.2254390487997711,0.2280701754385965,False,2
0.33949718539947055,-0.9367198917683468,-0.085425438081019212,0.93942670013015239,0.34221833721803224,-0.019081005065185327,0.047107708375700046,-0.073772989889401133,0.9961618391478203,5.3197915692123665,4.9655316559490004,-1.0794763817031361,0.2669142642166999,0.2690060596626611,0.4054054054054054,True,5
-0.92307501574502149,0.38276821152087503,0.037696306933690499,-0.38454207034511012,-0.91647246091151902,-0.11047906826852298,-0.0077402481888399349,-0.11647628359410822,0.99316331180631101,10.203010049900531,-2.7751150318337636,-1.6834077554515177,0.3649779473277994,0.2189104209636713,0.6792452830188679,True,5
0.99742410454835539,0.057473974728903525,0.042917337927380922,-0.058044543042544611,0.99823983715602516,0.012167930707212574,-0.042142457081829426,-0.014627704658445196,0.99900452629982206,-10.057759742938142,21.3964914242659,1.2741710315976442,,0.1822569935929972,0.7391304347826086,False,3
0.67057311289746691,-0.7418385196545888,-0.0027038889933716746,0.74171634421075483,0.67052123496373373,-0.016066679599141417,0.01373189679663207,0.0087683646934071657,0.9998672665864049,15.897660958887572,10.775067350455602,-0.45099914775122718,0.2175777343462144,0.2833725737762933,0.6410256410256411,True,5
0.65221057439455299,-0.72595089892595965,-0.21821241714558115,0.75755032493542074,0.63452392750373554,0.15328695513797488,0.027182197081261551,-0.26528226057130938,0.96378755459282117,-11.417573141852037,3.1600517467586324,-0.16734567427671498,,0.09658627747238192,0.1666666666666667,False,1
0.31647391624215887,0.93728733277978526,0.14607092848649947,-0.9439967680596193,0.32633508486845642,-0.048739247808024501,-0.093350748424132268,-0.12246578377022065,0.98807275520287507,4.9410928957632763,-5.0360377304865871,-1.8403797812542029,,0.3361163231636947,0.3714285714285714,False,4
-0.76010701636307354,-0.62269193139278056,-0.18572044113116229,0.64703368834500363,-0.69896608341099153,-0.3046207812801987,0.05987261329093467,-0.35171177520723762,0.93419168127225716,-11.066113131430857,-3.5954188959197864,-0.71694409212696097,,0.1766171548296463,0.3190789473684211,False,1
-0.19901471831001985,0.92850719129797821,0.3134765343752583,-0.97862622051708104,-0.17138506542514642,-0.11365685138024596,-0.051806007493692109,-0.32939574231789542,0.94276963386100077,-18.580661116802311,-8.9332228137553198,-0.57714158460927534,,0.4094206083977381,0.1724137931034483,False,4
0.80682051879007999,0.58569087324363212,0.077503880279759643,-0.5878904223082142,0.80890930353884904,0.0071126652223855377,-0.058527786713470059,-0.051302433152898362,0.99696667874860123,4.9934480584994549,-7.2492670450307184,-1.9848223721425093,0.3544576263888706,0.2689940948465458,0.803030303030303,True,5
0.15525191245887668,-0.98781744773894198,-0.010655215642251838,0.98646433253302446,0.15559740425041552,-0.051745226163452715,0.052772761137119026,-0.0024774448640362788,0.99860347383178538,-7.991532563457862,6.8839790243141374,-0.10730396473791086,0.1113281718544939,0.08810165680942253,0.547945205479452,True,5
-0.92441376933938424,0.37946024202981632,0.038328941733691252,-0.37965543175863298,-0.90597114900711961,-0.18729129799028388,-0.036344685882772385,-0.18768644566242026,0.98155634678946968,-7.1504762799262052,-30.991857608995634,-2.263080620283993,0.7754115096417148,0.6727758844637098,0.967741935483871,True,5
-0.76823785634808273,-0.63477834144673939,-0.08286768552235238,0.63883702520443275,-0.75186240911986424,-0.16306493485856235,0.041204991222615638,-0.17821160170595751,0.98312907276498707,-10.983968706224449,-31.408607694566154,-2.0576625694310726,,0.3178571442269996,0.5714285714285714,False,4
-0.97442290681386523,0.22002811793080937,0.045690546026963083,-0.22410731027669883,-0.96648820542350689,-0.12520567981442274,0.016610603750604729,-0.13224286784955236,0.99107815622480822,-1.0257777493530373,7.8336811432578672,-0.7589110668905078,0.2314664647967845,0.3080013553505053,0.2388059701492537,True,5
-0.70060478084944644,-0.71307301956327152,-0.026073162865657487,0.71201884943801297,-0.69624287537178398,-0.090967117899823022,0.046712943558172682,-0.082296581125526541,0.99551251807256647,0.76782273437697424,3.5896021104861862,-1.1127427297286463,0.2666071902732916,0.2955200052363358,0.7265415549597856,True,6
-0.11762934521703143,0.991301581812289,0.059029747079457809,-0.99132873175786163,-0.11371092025523399,-0.065857210736990024,-0.058572030314484679,-0.066264624885078477,0.99608148098118832,4.9622514293164386,7.7808467729772071,-0.83356859733927124,0.1665772599118815,0.1111948147255069,0.3478260869565217,True,5
-0.98106017445873916,-0.1932233088568002,0.013626701927376798,0.19007265993113664,-0.973843603685558,-0.12450309035292306,0.03732717559219452,-0.11955496006086562,0.99212564400238834,-21.442202868258828,4.9861994048087457,0.72789240798651011,0.2132309092499086,0.120006280884595,0.55,True,4
0.58458791317566583,-0.80643017199921796,-0.089035663968049461,0.8111117002710988,0.5834482686700625,0.04106004711679484,0.018835643133355111,-0.096221076044792381,0.99518175378798757,2.5710614869960873,7.8330934933580583,-0.85867412058535464,0.385020995670972,0.2081515468019265,0.1304347826086956,True,5
0.66233654167100642,-0.74295727636118625,-0.096564957770710891,0.74832360679522714,0.6622932582954234,0.037140537548800506,0.036360487899276886,-0.096861372684881833,0.99463349501277454,10.144537883149992,1.6890708015147466,-1.3288450145097286,,0.2047798977496307,0.2142857142857143,False,5
0.20833224125515468,0.9756822864328708,0.068130413140750232,-0.97597837948433364,0.21192453009565795,-0.050539057399884527,-0.063748568868157968,-0.055964895111666683,0.99639552913609641,15.007667355909485,-8.5748770074673626,-2.0649969188226871,,0.08635525684457283,0.3888888888888889,False,5
-0.9006836153380875,-0.43149344951319318,-0.050817596250884306,0.43148537873973386,-0.87464652858202874,-0.2209384936429945,0.05088607860054524,-0.22092273098667892,0.97396291199308349,-17.905923041435216,6.7137038456199525,0.67110697487457871,,0.2538843833060097,0.26,False,1
0.72744548228719086,-0.68613767361436984,0.0061776328004256344,0.68584395041771884,0.72679955224543835,-0.037154899155404569,0.021003475316579718,0.031265055619509208,0.99929042341139995,-6.5697579957372492,2.0071227701747807,-0.63696015457831368,0.37532575091197,0.3552202767976768,0.9681908548707754,True,5
-0.055384548761434602,0.96150086842355131,0.26916283506317967,-0.99677286503417928,-0.037555431309162425,-0.070946776605683104,-0.058106860955021371,-0.27222356547503207,0.96047796596799373,-34.232055714293047,-15.286658400925146,-0.35980806004365162,,0.2857574463120635,0.1764705882352941,False,1
0.69018943201583693,0.71824716274082112,0.088088371243985719,-0.71983413142299946,0.69391431252438185,-0.017937394245319427,-0.074009264096827052,-0.051028816256859975,0.99595114776743476,-4.9284250306345889,7.2585048277561537,-0.43527866372038226,0.14737795527812,0.1847295500737762,0.3978494623655914,True,6
-0.045928468509513987,0.99562873429645071,0.081326497672163933,-0.99715258635048776,-0.040819424683496502,-0.063407366315307523,-0.059810495023079523,-0.084007130719708931,0.99466854110971958,10.488734517990414,10.443923781941706,-0.50084961589033772,,0.1048345950492771,0.4210526315789473,True,5
0.48257263143807605,0.85622728813883198,0.18438678486635854,-0.87336040536134929,0.48629429768821086,0.027558272496477486,-0.066070097124123164,-0.17433498525067148,0.98246733033910971,2.4441032124452184,-10.019781587562678,-2.0532081567341169,,0.08519424763285632,0.3396226415094339,False,4
-0.46680944169980032,0.87025024518107308,0.15733231042033949,-0.88341732643191873,-0.45067100260421883,-0.12833345149098158,-0.040777107545787505,-0.19889735587480656,0.97917162404055036,5.7604892325390784,-11.17763650094718,-2.2240463036593496,0.2462594238544424,0.1572586973878782,0.4090909090909091,True,5
0.97143900815548201,0.23421349988951704,0.038082671957165297,-0.23310377936904086,0.97194429808684768,-0.03141511515712149,-0.04437207993506033,0.021640653547637757,0.9987806569193598,8.571198780640005,0.10806421545328015,-1.4903854354890786,0.5045993323984544,0.5039449904794159,0.9753086419753086,True,5
-0.42193116165849082,-0.90508011871674099,-0.052953503427135229,0.90302973231214256,-0.41434075227341016,-0.11339772293025013,0.080693230086407053,-0.095664620990184107,0.99213753225499302,10.796241135209327,5.5257969014218844,-0.97357069949992792,0.6356303549855477,0.4706434608119203,0.3846153846153846,True,5
0.18001874344370078,-0.97651811574996628,-0.1183453489626258,0.98216713552550883,0.18507223870237899,-0.03310565443101178,0.054230709958168595,-0.11027527408183677,0.99242047239242703,-22.734299306663612,-1.427155972844854,0.22275256391124573,0.1565444190548964,0.1664539894682481,0.5942028985507246,True,2
0.15916936066965395,0.9854129461045078,0.060219932527761894,-0.98508650970475886,0.16256182924615784,-0.056375704606142815,-0.065342811553449828,-0.050348558288968018,0.99659186212637341,-7.2151582607775726,6.3204408717488478,-0.27851466235818811,,0.0673385274318501,0.25,False,5
-0.34842786126793379,0.93424437061076926,0.076062352542762612,-0.93654384520723388,-0.3436508301886021,-0.06920789633511483,-0.038518196955476244,-0.09534968742880412,0.99469833900058713,-6.4467944803101407,-21.492897331046979,-2.1602208486134633,,0.09282804654843575,0.24,False,4
0.66732103027086542,0.73491933907627438,0.12073196598217467,-0.74152743425377965,0.67073827863480917,0.01572341639141308,-0.069424108256681882,-0.10001863139287226,0.99256061102940174,13.785806340242875,-7.1419176275534664,-1.9257078483930929,,0.1000821739804311,0.4090909090909091,False,5
0.67659267154089331,-0.73584143897847387,-0.027563263581173968,0.7356126295434825,0.67711779424863017,-0.019635477279465532,0.033112174094729191,-0.0069906647722533972,0.9994271932125729,5.5642350039072337,-13.947199004673632,-2.4160080366677015,0.296205377356588,0.2991413885241388,0.651685393258427,True,5
-0.46070166843711874,0.88548797478309094,0.060539402159208569,-0.88676623585725989,-0.45634512386246273,-0.073449103946195748,-0.037411437326046147,-0.087522422506994033,0.99545979824185038,-22.90785079963516,11.687920176743184,1.3733644878844686,0.4789444334638644,0.4735023725294841,0.9274193548387096,True,5
0.1774995320384852,0.944879377404927,0.27513065674511572,-0.98190767091297126,0.18877762768583151,-0.014843621107260507,-0.065963944154250609,-0.26751816656105715,0.96129224933493973,0.98438271106278341,-25.699233775731209,-2.8675409170234518,,0.4874430728763756,0.3584905660377358,False,5
-0.99794588062229805,-0.062301395470674335,0.014918293179559835,0.058613439476530547,-0.981942591021291,-0.17986998818903505,0.02585505872582284,-0.17862610128645581,0.98357726279000746,-25.948755378211942,-6.2339698682114459,-0.024121139777886401,0.4252005048103664,0.3177249438968636,0.6101694915254238,True,8
0.31517338158772534,-0.94860482230347043,-0.028541735076205312,0.94817990174594602,0.31602298607550999,-0.03292941233862734,0.040256843686599819,-0.016684225319753401,0.99905006038830357,-15.181557839116184,25.895153888767855,2.1726001634100895,0.4281049146625756,0.3501075364631043,0.96875,True,5
0.99842678322889611,0.048705860137377481,0.027779447789278145,-0.051842840197675946,0.99061912150922204,0.12643605506553779,-0.021360675350682163,-0.12767730921575565,0.99158571301727971,-18.670173038560822,-6.3744667227488554,-0.40493477523469401,0.08841828446678435,0.1261218140628248,0.4634146341463415,True,5
-0.1592978342745347,0.96974829624477921,0.18496605614487971,-0.98394800493063517,-0.14069065936472772,-0.10978370535075133,-0.080439564820213583,-0.19948528842465066,0.97659361871439043,-1.8060417705874381,-24.109806124658412,-2.5542345533906614,,0.2032568820837661,0.3684210526315789,False,5
-0.40959778270687802,0.89889483800993719,0.15562045688371337,-0.91180511154571453,-0.39796709672843367,-0.10116139817463354,-0.029001637207482216,-0.18333101243550698,0.98262334844977894,8.7585195607212079,-10.953420238655934,-2.2418505107511204,,0.5133102918337726,0.1818181818181818,False,3
0.52936727291690155,0.84367410308854385,0.08935489993427323,-0.8457928000609406,0.53304900044098835,-0.022210414087476156,-0.066368891278945477,-0.063818264678731723,0.99575217768468816,-10.246126819947646,-25.328459107392941,-2.0027594174781385,,0.2118960014107051,0.1666666666666667,False,5
-0.98572166463549638,-0.16642609609828884,0.025595984171513649,0.15961512102652992,-0.97194830686071443,-0.17274114139450519,0.053626607275786359,-0.16618917933509808,0.98463462444909711,-20.093645743832479,5.0120709742524907,0.63164819580185838,,0.1398789564287439,0.25,False,5
0.92635377850653899,-0.37629434277005663,0.016469506547211334,0.37621141667414343,0.92649938570368295,0.0079911360100889672,-0.018266006971736644,-0.0012066026474551201,0.9998324345105829,-8.7385780956400563,8.2609030077482206,0.059812223098289083,,0.0968335706301153,0.2741935483870968,False,5
0.99392372173112564,-0.10721132033443022,0.024927257616847002,0.10791376566886954,0.99374348481062236,-0.028783772782685839,-0.021685353566699678,0.031298868806862147,0.99927480016865144,-9.0755489919123171,-5.5940299783364189,-0.94142129675394359,0.1616714869494084,0.1264309591133261,0.6701940035273368,True,6
0.33402363462476947,0.93186661826785677,0.14160797036214451,-0.93959910762957688,0.34110176457796487,-0.028339074499710425,-0.074710966087717712,-0.12358880191921126,0.98951709413552447,-16.086352816932578,18.214666136872349,1.4726429074941585,0.5496569984234734,0.5254860197584474,0.9024390243902439,True,5
0.4516135774701967,0.88180272968203866,0.13590114999467709,-0.89016098393915644,0.45564324904921621,0.0016285786276982739,-0.06048635645369338,-0.12170938961797101,0.99072106324725806,2.6594366149918427,17.0389914928015,0.05434993076126176,0.6059403767910183,0.708276826697248,0.6915887850467289,True,5
-0.96558455931395548,-0.2587675460546961,-0.026188087431227441,0.25617904991036627,-0.92884021466286593,-0.26763435880331876,0.044930537516225673,-0.26513244375947703,0.96316459344425176,5.8989937753368364,-12.259457894565211,-2.2767783084391189,,0.09021967074587008,0.4210526315789473,False,3
0.35000541650721467,0.93025602613435709,0.11009057296756222,-0.93300130558136762,0.35669009838646976,-0.047757067503298091,-0.083694517138670904,-0.085999416008281315,0.99277355335804529,-29.866967875217703,21.977447739155945,2.667943337685986,0.5634904306699613,0.5116999975140271,0.875,True,4
0.1890528244076477,0.96449298066063738,0.18442429297641158,-0.97989950581212104,0.197478429789892,-0.028270625689548183,-0.06368663982854636,-0.17537263191295513,0.98244005001998491,-9.249302449225933,-15.526098128445168,-1.6081357632446975,0.2998721326014238,0.2365292819098714,0.6477272727272727,True,5
0.63212691251789455,-0.75551197996674901,-0.17209652697633934,0.7741975177599596,0.62502397967304635,0.099815972308973183,0.032152293307202817,-0.1963330663958345,0.98000997804853884,10.080730118865304,8.9482130114818226,-0.66246347951183415,,0.3229406834419581,0.2222222222222222,False,2
-0.9991977006095053,0.01031357963939953,0.038698645605515627,-0.018612548368617001,-0.97516791817789061,-0.22068326714961162,0.035461643220604196,-0.22122649351201748,0.97457750355139727,-31.456779974550123,-9.4625858889381291,-0.10568852678299089,0.4899902564765696,0.44318899971364,0.5070422535211268,True,4
0.9862062819857168,-0.16419287979904043,0.020925286024505281,0.16462498435184181,0.98613411637486903,-0.020931293526977521,-0.017198369081553457,0.024087398050734211,0.99956191071693012,-21.485910538318365,-8.5582651555470637,-0.42221147533812159,,0.07272390764442772,0.2,False,3
-0.98479363966092959,0.16611446656582093,0.050867192579626741,-0.17364519349854846,-0.95023464698922622,-0.25865317016443706,0.00536973539681063,-0.26355284035429077,0.96463001523016834,-0.94012318691568963,29.073886060989732,1.4363383112380492,,0.3507418776373299,0.1764705882352941,False,5
0.4837288593979725,0.86064150569434172,0.1590678762720891,-0.87287445706726141,0.48768998885504244,0.0157688607737477,-0.064004474726927746,-0.1464741391739324,0.98714170906115861,4.5811330289902354,-1.8960256417908263,-1.6256247914726203,,0.2615509163093521,0.3846153846153846,False,4
-0.29304117321002182,0.95425858052416135,0.059307944659280298,-0.95511961322471794,-0.28936883181007628,-0.063341957740019036,-0.043282736017499365,-0.07520798277367953,0.99622806831064259,-11.320482561717849,1.7555236174428743,-0.34633646948333568,0.6857991524656492,0.4842944569542598,0.9843358395989975,True,6
-0.71237858049284075,-0.69380359117365731,-0.10560935057815769,0.69972625705424529,-0.69064271751354178,-0.18274518306747434,0.053850935403762054,-0.20408138969549564,0.97747166871275271,-6.9996702787339835,-20.489527748820468,-2.0667426979576899,0.4511966969400006,0.5409642847287162,0.8032786885245902,True,5
-0.82508533699806608,-0.55820607247548804,-0.087408050672004106,0.56288821889479013,-0.79870518505774535,-0.21266612422133677,0.048898258662656763,-0.22466866273106395,0.97320755868745523,-18.219530795778809,2.9223035216396958,0.31736333828508306,0.6776635577090205,0.2753836300303967,0.4830508474576271,True,5
-0.7287125882958202,0.68152962243949111,0.067047277324974647,-0.68458033873207236,-0.72237013786582815,-0.097627576745438316,-0.018103134554230668,-0.11704169196141147,0.99296199265738372,-19.276503094767122,-7.2607177787830581,-0.41971785291051211,0.4211129631378484,0.4073881933248321,0.9502762430939227,True,5
0.69133140523282499,-0.69813813219660459,-0.18618280401756754,0.72213995325428781,0.67616776162261116,0.14598303345307967,0.023974487537852418,-0.23537269704726649,0.97160944696518525,-28.440307735705041,6.8748194427685139,1.3105749471279802,,0.2255817402456294,0.3529411764705883,False,1
-0.49063109896482932,-0.84646916668168559,-0.20681168870684713,0.86889082676164753,-0.45737583466317194,-0.18930419180680791,0.065649492747664323,-0.27257530284928772,0.95989210246703993,-29.246706380267064,15.043674257382568,2.0816866103198226,,0.3211021848874899,0.1176470588235294,False,1
-0.95535054540157749,0.27293880088806793,0.11318015007364143,-0.2953808100126965,-0.89186386066447609,-0.3425332554904697,0.0074506695774075801,-0.36067057685710885,0.93266350979997525,-2.8172554486309451,14.344090920568945,-0.094976777219636405,,0.6748695904873249,0.4473684210526316,False,3
-0.97295100260875389,0.22674851310732205,0.044175313538658514,-0.23062981198458885,-0.96440714047202925,-0.12933969704045567,0.013275403819598131,-0.13602933216840493,0.99061586119102907,-9.6999469890513783,11.147004904789299,0.3585066395264096,,0.1071841519957721,0.5625,False,1
