axis_00,axis_01,axis_02,axis_10,axis_11,axis_12,axis_20,axis_21,axis_22,location_x,location_y,location_z,dbh,dbh_approximation,score,reconstructed,number_clusters
-0.61319415315881787,-0.78472720249596961,-0.090532580846290511,0.77598445406795258,-0.61983974534247732,0.11681959227216621,-0.14778720369741868,0.0013812156323178351,0.98901821756056441,-20.77117433482557,15.600503330027154,-3.4574451120161704,,0.4600041082710948,0.8909090909090909,True,2
-0.70446689718270483,-0.70228014163262265,-0.10261088364417226,0.69568126472367631,-0.71189122050436815,0.09611695002063568,-0.14054881246826911,-0.003673259760289399,0.99006693636162546,-12.379960878299579,-8.9361555826397918,-0.51224801645158291,,0.07983247460146121,0.2916666666666667,False,2
-0.92912024856962738,0.36829923183859326,-0.033033914769763847,-0.36968115197854667,-0.92720518584258771,0.060219508619939716,-0.0084504183167857586,0.068163180484146602,0.9976383970440178,10.884847468330639,3.4806681082940845,-1.4589708023115511,,0.08901845956348245,0.21875,False,5
-0.46295956312741254,0.88632502958931547,-0.0098175777243779405,-0.88127883627591996,-0.45908076695632205,0.11221614029610723,0.094952912756985294,0.060603558759318422,0.99363532194898885,9.4025974814839071,-10.394375672231959,-0.1083045567640582,,0.2220563653629979,0.5517241379310345,False,4
-0.67641757419913651,0.73555168068950061,-0.037722544312513012,-0.73386827562551027,-0.66875829298561595,0.11916249239340505,0.062422907213608374,0.10828698258710077,0.99215790580793417,24.696220587255223,-3.9956175787290875,-0.91474003440038076,0.2086302809323576,0.2264245498557663,0.6206896551724138,True,5
0.99641308812484797,-0.051319738671306264,-0.067284784581757545,0.066389062587579525,0.96711993787063655,0.24550258276001757,0.052473328293973651,-0.24908896040532516,0.96705803322341943,-36.722273322118369,10.319811700248076,-3.4832142320203983,,0.4585430037876419,0.2083333333333333,False,1
-0.75565677556452859,-0.64833499469896916,-0.092976191533688052,0.64088264665982231,-0.76119965174987292,0.099219571588348182,-0.13510096503623845,0.015389113832884514,0.99071232172700763,-9.8675172051652034,-10.961049280831796,-0.24167939371176361,,0.07351625441479069,0.2051282051282051,False,2
-0.97567125621322781,0.21116445007775325,-0.058950613420573957,-0.21715266204117992,-0.96780150762526851,0.12729871643770163,-0.030171529091694758,0.13700298121434198,0.99011103517264765,-4.8330821779071487,-8.9254938472963943,-0.32404704536713014,,0.07938235070245647,0.2777777777777778,False,1
-0.35853995519026838,0.93323690900739054,-0.022759002581202892,-0.92717247753677501,-0.3531613500158039,0.12501303033417263,0.10862917393811967,0.065923687103693673,0.9918940316627457,12.687831752875468,0.60449093323933645,-1.2867062349445297,,0.1100868746787042,0.5555555555555556,True,5
-0.3586441942840764,-0.90663310450721502,-0.22224031074027728,0.91985572324463638,-0.38376903233053783,0.081158968932396394,-0.15887035695941745,-0.17532182874842481,0.97160818545537975,-13.913412721744269,7.7115842716206853,-2.2583908223013962,0.3338740513910891,0.2893057701626333,0.2943262411347518,True,5
-0.12598402819927795,0.99182893681970996,0.020084439891759016,-0.98255096325613045,-0.12754678036452,0.13537142764665497,0.13682700480216681,-0.0026793480040950002,0.99059133443168157,-15.484409017109716,-1.0975704807761841,-1.3565193114375858,0.2835732946410818,0.1347469066010902,0.1443298969072165,True,5
0.97971468104815507,0.19770315830033883,-0.032750647883424452,-0.18291261083915888,0.94897479701638654,0.25688482131825519,0.081866479921365032,-0.24568332427289541,0.96588694143750908,2.9489401250231482,-13.192374110298454,0.25259759959382755,,0.2686146834739085,0.4666666666666667,False,4
-0.93748849572974835,0.34604134321963037,-0.037023089513528659,-0.34798336609456643,-0.93354305573189311,0.086051961141243721,-0.0047851118970955245,0.093556142917037538,0.99560250643849768,-12.899717955327054,19.520920921750189,-3.6678625231921091,0.2775550942850088,0.3826322830743514,0.6486486486486487,True,4
0.083967230934827733,0.99621881158798431,0.022306581256720526,-0.98506163511731082,0.079607776138897537,0.15269635554992833,0.1503432045326567,-0.034794847555989661,0.98802137600074647,-1.6309250906060111,14.726636866663412,-2.739337981281615,0.2983681043392201,0.1563704115546548,0.325,True,5
0.8816686779276689,-0.46617779266985571,-0.073065778465270417,0.46401113890185175,0.82838931394160276,0.31379102524190516,-0.085755497411427933,-0.31056305345101914,0.94667659973979346,-6.0827514346198832,-20.091877010265407,0.59397670420472204,,0.4169593653284557,0.2631578947368421,False,4
0.61419896863176393,0.78676148828114356,0.061367642038106865,-0.77150260375754631,0.58229054321886764,0.25636196221983154,0.16596192131631876,-0.20480254841069623,0.96463078783412304,10.489340229215689,-6.9597539523937355,-0.57162907867373647,0.4300357165778462,0.3196262501292061,0.1842105263157895,True,5
-0.99758619128696591,0.038519330813072968,-0.057775878247565457,-0.040928038599372177,-0.99831629600603045,0.041103148117973068,-0.05609533501078999,0.043368586355941804,0.99748307209070686,-4.8455266428793324,15.699982051430261,-2.9594335853804266,,0.6837275599222856,0.2333333333333333,False,1
0.52400844030293248,-0.79981896350873027,-0.29275378751283432,0.84739390072683518,0.45501350938792573,0.27365358262855666,-0.085666396575601003,-0.39147456096955507,0.9161926307340873,-0.15993967838497941,15.975051636936456,-2.8661248433145867,,0.3316944696616673,0.1428571428571428,False,1
0.54229317784603814,0.8305169939753011,0.12712054114058363,-0.82942011597293808,0.50503250015560597,0.23875603658549854,0.13409094108508288,-0.23491210378524052,0.96272318088540354,-17.071840989398176,0.14692010554777546,-1.5542166604158136,0.5858056446024642,0.6435140960192899,0.6369426751592356,True,3
-0.99582654235146006,-0.072374000766781257,-0.055601273019099236,0.072897815225070953,-0.99731160008426545,-0.0074485483668208508,-0.054912713316188272,-0.011470673492493862,0.99842526889391292,-12.735857128458145,-3.9718806195201664,-0.97379318680113325,0.4720611834327513,0.4461103830888413,0.3788300835654596,True,4
-0.050137131683837419,-0.9293019412941802,-0.36590185833551608,0.98926064695485905,-0.096571040890645138,0.10971511494661786,-0.13729399263248837,-0.35647150793319221,0.92416363465506746,-15.95504471959133,-9.0154541450713026,-0.63950093479811598,,0.3936829625748426,0.3404255319148936,False,2
-0.99787608994328503,-0.015602518216945967,-0.063244529761792498,0.010466820675201171,-0.99668052976364274,0.080736406007560227,-0.064294282673139524,0.079902959991193664,0.99472697872340443,5.217884450012388,11.186433577340249,-2.0590400674184912,0.1523724910530671,0.115291723093586,0.4285714285714285,True,5
0.54122146251210801,-0.82647060014912688,-0.15500217935692945,0.83617096808660152,0.50948688358793681,0.20307936276482946,-0.088867545512250484,-0.23951923209002451,0.96681595808800902,-5.3644761307218518,-19.244575908359526,0.56592061506877422,0.3192848994242004,0.2660732892984822,0.5416666666666666,True,5
-0.68220040840138207,-0.72487782966079684,-0.095680378569698618,0.71833737288352684,-0.6888731568132771,0.097186380429071698,-0.13635989694841172,-0.0024302033584937752,0.9906563847348161,13.891041398527733,6.1418285236621415,-1.6421738497492506,0.181168014504278,0.1479082207157731,0.2857142857142857,True,5
0.99354980056342146,-0.08541239269371935,-0.074588986953309747,0.10643806044730721,0.92930952347705909,0.35363080870175673,0.039111802420784839,-0.35928892656075129,0.9324064211288029,-9.537545056753979,-16.51760062884679,0.20423189437347322,,0.4786584829036666,0.2025316455696203,False,3
0.40208011793376108,0.89512469128597472,0.19257041780232459,-0.90310015151635048,0.35307765252267981,0.24443053741343218,0.15080349828010695,-0.27219103280465162,0.95035274849248474,-41.970953573363467,3.6372982590249063,-2.9814857354677256,,0.4229240891918036,0.1538461538461539,False,1
0.023971254847667624,0.99921479714652417,0.031546285113438585,-0.9911597836674757,0.019635493418996654,0.13121253994354182,0.13049008460902764,-0.034412738362744728,0.99085220959389642,0.3535260310645687,-9.8356057903841148,-0.1415554970079449,0.9855623197279404,0.67195590557242,0.5428571428571428,True,4
-0.49801133454506141,0.86696425591181003,-0.018912684524658295,-0.86119325821189296,-0.49190467942090654,0.12796858354377399,0.10164094979402551,0.080017281477800156,0.99159787816930722,0.70361217872656379,11.929102796412476,-2.296115023105175,0.1523765325795393,0.1920326117193929,0.1612903225806452,True,5
0.53361572046089178,0.84125528615626233,0.086855088458593341,-0.81997281794001498,0.48947924780854113,0.29674002730386245,0.20712035321647121,-0.22956395509515723,0.9510002890664937,16.163212320173212,-7.0566239228955281,-0.60276737881957798,,0.4983466659914308,0.62,False,3
-0.63115617298720428,0.77555197106455565,0.012689581475713516,-0.77240474135308068,-0.62992295381918972,0.081166420316455767,0.07094223590659221,0.041427194324377768,0.9966197804253053,1.718162094809951,-9.2235498104764684,-0.21482097154115481,,0.07071404093139737,0.28125,False,5
0.15870916734821197,0.98169756953052256,0.10526766919383072,-0.9744961091914337,0.13862212827399364,0.17646880382533783,0.15864656747120123,-0.13059015097109331,0.97866106446458401,-2.8311508844395075,22.025735343533562,-3.6690097805090001,,0.332974682856141,0.3695652173913043,True,5
0.8830016407483916,0.46193131418932254,0.083231985480184567,-0.4542871039355022,0.79649108683693681,0.39903029432263531,0.11803105368309885,-0.39015562223379557,0.91315237545867323,24.079991064114189,6.4421658169382505,-1.5167732053123628,,0.6690413328729679,0.1428571428571428,False,1
0.48512419520700573,0.86765078275276974,0.10879629779207436,-0.86086073236574945,0.45203154131187417,0.23363707995503924,0.15353603712308414,-0.20700146097967048,0.96621792596537026,-21.21371177077123,-2.9365000830851162,-1.2877504579544443,0.7753712905504451,0.3387237549799788,0.2941176470588235,True,4
-0.3936643560826355,0.89495917283942339,0.2099439298970574,-0.91347093208741115,-0.40642710012437699,0.019694377772530636,0.10295256665766767,-0.18402470278488769,0.97751505245880177,-5.0793231249178641,-5.2626985269310431,-0.80565426994705081,,0.7269265683807777,0.3031358885017422,False,1
-0.016202966721910225,-0.9845306681647692,-0.17446153533785574,0.9912931814721575,-0.03862088138236499,0.12588191247378544,-0.13067246165974358,-0.17090286997087706,0.97658431115777244,-9.8769263162462462,-1.6106932488729555,-1.1799111630232315,,0.1529319495582735,0.6711026615969582,False,5
-0.024363505659128728,-0.99240122157023147,-0.12060777345557383,0.98992132959627555,-0.040784514851721097,0.13561852586816175,-0.13950692026684955,-0.11608806473631629,0.98339279050816575,-32.745313933125978,2.0985756524246764,-2.3037065150798721,,0.08432846725126758,0.1052631578947368,False,1
-0.86758878718236909,0.49680765295950646,-0.021722161869690757,-0.49705842778047865,-0.86505982993503105,0.067855803032421086,0.014920312591403785,0.069668117483125444,0.99745863958288183,-8.2063984345079906,-1.686562042087707,-1.1383242610471527,0.17078893810449,0.1191052042462678,0.5326732673267327,True,5
0.44382297001678467,0.89577573236885155,0.024637544206546201,-0.88466268027199413,0.43360415416418047,0.17134578963469957,0.14280445868198002,-0.097843113148626398,0.98490284383279825,20.215148711920701,6.9541671636459483,-1.6467402830158326,,0.2232140165231009,0.2727272727272727,False,5
0.40522247678145656,0.91415710781239856,0.01056061301121216,-0.90183160516181859,0.39781047310531209,0.16866114970254931,0.14998166635412405,-0.077869183402669351,0.98561751710987877,23.971418534519337,-8.1454128206174659,-0.58446331508314731,0.36379671386838,0.3485041981742255,0.65,True,5
-0.93439902852524082,-0.34148246166230584,-0.10143068504223014,0.34032058309841617,-0.93985948454531643,0.029086939161148045,-0.10526327094783941,-0.0073401421826940795,0.9944172997801769,21.136964320647664,-1.7446984413017614,-1.2099257615629004,,0.3768922220058129,0.6730769230769231,False,3
-0.67751311491547261,0.73063167625323266,0.084577377429933723,-0.72644676021384058,-0.68272207573101951,0.078521792416775968,0.11511335149472765,-0.0082414176523225927,0.99331817427384872,11.889542936123981,-11.85332040270548,-0.014381903134860022,,0.1772065404171338,0.25,False,2
0.99606621587033339,-0.06029471641143843,-0.064935666429314587,0.071517869461144329,0.97968292743367225,0.18736743591865057,0.052319097368873919,-0.19127443338788158,0.98014121593913817,-18.620677284926479,-5.4066099716302709,-0.91440229080673718,,0.09337326548376186,0.1290322580645161,True,4
-0.71773772611323594,0.69590360362590786,-0.023889976439429438,-0.6943514611865419,-0.71272009461716512,0.099529468385065739,0.052236049447826158,0.088024094368386194,0.99474778408836373,-15.10951225524115,13.676184918024532,-3.027722680016677,,0.07991370283458014,0.2777777777777778,False,2
0.49454405649770861,-0.86473683204922613,-0.087500785597953656,0.86427050081644752,0.47861226666129958,0.1548121429986021,-0.09199281276968202,-0.1521857729842081,0.98406138675385535,-15.943070377351516,-2.9769530385176557,-1.1351422263408399,0.1322318039443797,0.1288839803733084,0.7613636363636364,True,5
0.34494994332647289,-0.89736752016346533,-0.2752109560950225,0.93261962632876583,0.29457649357443094,0.20843541450479861,-0.10597249258867672,-0.32856692345558225,0.93851670609823323,11.039745617028313,-12.998465334702312,0.19386401900096528,,0.2274042864976916,0.4,False,2
-0.99693232305911006,-0.032845249608714579,-0.071043175732139308,0.039916421293482621,-0.99413380354350378,-0.10052193772131518,-0.067324754370792925,-0.10304935822346495,0.99239518701908536,-16.220292852391214,-7.3908999519004253,-0.73901706895579744,,0.7835099385734349,0.5882352941176471,False,1
-0.42064266921456983,-0.89727898012148066,-0.13397826938798235,0.88916414219076767,-0.43706930421170948,0.13549004228373968,-0.18013015593786455,-0.062135779934341738,0.98167829342089108,-20.335121754875317,6.5876502732776521,-2.3139846764679874,0.4949782656187331,0.2980282483862485,0.803030303030303,True,5
0.64487188950379359,0.76412526581796714,0.015900448623491825,-0.75387715952936096,0.63252523049056897,0.17771061063649313,0.12573573266080595,-0.12658756230954882,0.98395432546474293,-22.535322090269897,-1.9034053008927574,-1.4626062138998972,0.3131917514313868,0.2672101466546748,0.5818181818181818,True,5
-0.94543442084549978,-0.31229247832863744,-0.09288252720447987,0.31000611302862741,-0.94995575696752121,0.038474273081434807,-0.10024951753208217,0.0075807508612613823,0.99493344825217522,6.7099221959074011,-8.6812445611492723,-0.29880187432604705,,0.1707339276201656,0.1578947368421053,False,5
-0.97505236409378382,0.21285176153920279,-0.062984243146847321,-0.21577355464319745,-0.97545779655162201,0.043861831508650043,-0.052102402936543425,0.056357916536299124,0.99705021180075271,17.652303081141405,-8.4562032563768827,-0.4504479385884026,,0.2803035818079301,0.5833333333333334,False,5
-0.44090837804695981,-0.86528320858949681,-0.23850528526862036,0.88481710027494265,-0.4636301724987229,0.046322372670754619,-0.15066021780497646,-0.19060963271007919,0.97003580691080027,-10.166291181091374,-15.215657299286612,0.045063861446300868,,0.5059082643300921,0.25,False,1
-0.7874439243964052,0.61335951241323583,0.061009625989574136,-0.61575757911796225,-0.78724731986968288,-0.032928120456368268,0.027832888638741622,-0.063496187997392622,0.99759388752128231,-4.4725032680241092,-15.333656985189004,0.16095605148924008,0.378789430479308,0.2271318390689747,0.2926829268292683,True,5
-0.9856034363286309,0.16897148695443812,-0.0058739163766603139,-0.16790981948348241,-0.98229781977826558,-0.083049899337028124,-0.019803000232747295,-0.0808679779348557,0.99652807854395642,17.009219822774007,15.235631320785499,-2.4516684104456905,,0.3649777938965104,0.28,False,3
-0.96029841642349756,-0.2649110074015027,-0.087459188036729446,0.26161823292380981,-0.96400736522140984,0.04738881725363335,-0.096865120741917138,0.022626487937726231,0.99504029588115583,9.8447753877118007,-13.034648977623728,0.22839960155220679,,0.2287932554999565,0.3666666666666666,False,4
-0.60101051392422267,0.79905076359501348,-0.017442458277649345,-0.79586979865130658,-0.59633044135405733,0.10479154693582948,0.073332296754366894,0.076862747236233764,0.99434123536139696,-8.8100412975846201,-0.77653904927623763,-1.2716527469732499,0.1666036433568214,0.1316949778065465,0.6216216216216216,True,5
0.72416438009189488,0.68952131067566702,0.012095979920272233,-0.68024674759373005,0.71132089097840046,0.17688118171769107,0.11335922103769835,-0.13631930230823786,0.98415788104547619,-2.0478659290913046,-9.1804154161002174,-0.24724564051768652,,0.1095351198735347,0.3571428571428572,False,5
0.61056974799505082,0.79067390928264347,-0.045159185255744375,-0.77822109599568701,0.60957565649297574,0.15096173276175026,0.14688944339377308,-0.05702883648524041,0.98750757122596688,-0.022213549160528569,6.9404610474235504,-1.8445198665619238,0.1197694033082486,0.0964679043958295,0.5,True,5
-0.86500313722039279,-0.49701628173555462,-0.06887952009590273,0.48766477392604318,-0.86505008993819421,0.11777695092666826,-0.11812129727758389,0.068287316448117544,0.99064837431945318,5.1061674621667654,-9.8147466200895863,-0.13776489363623975,,0.08340617372998436,0.3023255813953488,False,2
-0.92862447017655358,0.36753670858826187,-0.050728307969246669,-0.37098138377587042,-0.92180373621665013,0.11247526300820981,-0.0054227558543639073,0.12326653940600699,0.9923587828914564,3.6296240466828822,-2.870668518869492,-0.86289518276891564,0.4455330014004442,0.3687010222104867,0.9083557951482479,True,5
-0.62999675763899299,0.77511117626129844,0.048028635200087072,-0.7735437231103004,-0.63179739783769728,0.049620122149893059,0.068805477986943947,-0.005891733220498345,0.99761269723207102,-11.479852754640254,-16.77361728046861,0.14847245414875948,,0.08581965780355943,0.1666666666666667,False,1
0.93334004398374182,0.35825558283306597,0.023006513542186295,-0.34309563944604643,0.8713136926735745,0.35085300505004702,0.10564915754295034,-0.33535859364041959,0.93614788852081754,-32.101223250999467,8.9973728461458791,-3.0984271784515371,,0.1168204580809059,0.1666666666666667,False,1
0.06935755830779973,-0.99462706332940531,-0.076853978415590107,0.98812499081620631,0.057906992985001106,0.14232281155144638,-0.13710773730921844,-0.085812499416803273,0.98683214546030507,-4.1049088745931375,4.3513419148901153,-1.6332667495484976,,0.08430979107617047,0.4777327935222672,False,5
0.74396078340323801,-0.64664375499400251,-0.16844645109142956,0.66542035877326455,0.69385106615443526,0.27529337828290334,-0.061139994178121618,-0.31689517529241479,0.94648790218802559,-0.77082667272658334,-12.671027507687933,0.16737154259541973,0.605823501678703,0.5152292062255157,0.3333333333333333,True,5
0.97687833000375168,-0.19861430013947273,-0.079127038041297768,0.21083489168140171,0.95632532573585527,0.20246115628905831,0.035459509567577763,-0.21446265674079107,0.97608831160141907,12.268583755688329,-9.3776917161480906,-0.26541810631039181,,0.4890087334243775,0.4285714285714285,False,4
0.31620657807276986,0.93165908419253851,0.1789546054870586,-0.93539399732807937,0.27470668129874526,0.2226528890727128,0.1582765609498305,-0.23779737191850792,0.95833237457707998,-11.035433885360137,-22.984596053425253,0.80525698312377225,,0.3162750068485069,0.4814814814814815,False,4
0.99076517833377298,-0.10770181801196263,-0.082369167764209883,0.12384825486308661,0.96611908379362865,0.22644099826915423,0.055190317707170457,-0.234551133714338,0.97053582855281784,-24.999026595629513,1.6470394681464562,-1.9765998941757534,,0.2229138415255655,0.25,False,3
0.90559854951872465,0.4231423920622841,-0.029013499433730841,-0.4032976028759529,0.88026645832209938,0.24996400914447492,0.13130997914893217,-0.21466596934045515,0.96782034024039354,7.6752931590755624,12.155696928230496,-2.1679653199047997,,0.6614772738640592,0.2352941176470588,False,3
-0.98207332462937502,0.18232165729785488,-0.047862285064227822,-0.18521767604408435,-0.9805238715999518,0.065324954676370228,-0.035019959055294134,0.073018836630041925,0.99671553211784603,-17.229439048888231,-6.1323999563968892,-0.76781662925566951,,0.06722991237333727,0.2142857142857143,False,1
-0.076498097488206712,-0.94737760327585874,-0.31084355854991369,0.9810028762379055,-0.12725564010597032,0.14642185244756306,-0.17827337965507067,-0.29373743185455381,0.93911496805974215,18.306597828232579,-0.30080421729896756,-1.3100154465456615,,0.4420031039368553,0.2745098039215687,False,3
0.32535554270655626,-0.93112734080458659,-0.16475935796275845,0.93728537885360352,0.29452028385945322,0.18642403542087399,-0.12505954348780565,-0.21508063046570541,0.96855584918015736,-4.4643970982022969,17.795856010600158,-3.2190126527757998,,0.4684342965608427,0.4285714285714285,True,5
-0.55387318427132026,0.81657951030302744,0.1625496819388344,-0.82809384057197855,-0.56056116632060893,-0.0056364900451593841,0.086516397011772911,-0.13772829108990897,0.98668426098806028,-12.785218501418088,25.608570239795689,-4.449804265745243,,0.2660050720812357,0.4166666666666667,False,2
-0.78470879137395566,0.6198540656949415,0.0036124758653900482,-0.61724005852175745,-0.78190875393723325,0.087369392079732933,0.056980899400453353,0.066329765247402639,0.99616943305129646,0.40787428297591771,4.6818417069486644,-1.5906030099652133,0.3675892061815797,0.2322461207836811,0.5107398568019093,True,5
0.98519747277644387,0.16282525285294017,-0.053608550328145016,-0.1504188763779965,0.9711152586578996,0.18522774098655653,0.082219834979706502,-0.17442216440343231,0.98123229018450742,5.167995231055631,1.5537153282018623,-1.3393958659027156,0.2109944124491806,0.1482302127723672,0.5412844036697247,True,5
-0.18136358098239441,0.96600626144770463,0.1842258242947257,-0.97586409855107281,-0.19995629489665309,0.087788047536693142,0.12164091685096948,-0.16385781328649351,0.97895561920478524,3.0748310682120605,12.619177577880768,-2.3110572969312626,0.5002287431257322,0.2597934598101651,0.3636363636363636,True,5
-0.92684969522135507,-0.35000997535318334,-0.13580375407677978,0.36260899433052646,-0.92830618789869046,-0.082233440519092704,-0.097284940760051508,-0.12546170197421566,0.98731707249446876,-10.250054995980802,15.409533842852893,-3.0488426760574829,,0.398330244296872,0.2641509433962264,False,2
-0.98445910588350682,0.16681217822441208,-0.054899599625822817,-0.17185503703910815,-0.97943626009213491,0.10569039058032129,-0.036140214267979157,0.11348264013830957,0.9928824579475185,-7.571296915884993,4.6443806170310618,-1.8048777938166678,0.2294972221714058,0.2024350209482703,0.8119402985074626,True,5
-0.66753079457895859,0.73021530985066374,0.14556180662689031,-0.74070636949512103,-0.67116386472288536,-0.029885462680011604,0.075873002300833797,-0.12776802397290263,0.98889767902039216,-15.216688640662175,11.982398989267796,-2.8476970050283481,,0.458323046029756,0.2173913043478261,False,2
0.60689697541202492,-0.79121840912973829,-0.07516309127453405,0.79137040737312481,0.59283347357723082,0.14926939050070223,-0.073545493198646741,-0.15007298777782388,0.98593567679114202,6.8279424264790443,4.2704789212106089,-1.5419945884829562,,0.09965078021506339,0.4310344827586207,False,5
0.49122064046193198,0.86526185310749859,0.100120966541214,-0.8580151713217693,0.46087089708852796,0.22673328383475294,0.15004082166478708,-0.19728137715910526,0.96879709437031392,-1.5311867091557454,18.499952426849358,-3.1730071351186337,,0.3278716011844272,0.1666666666666667,False,1
0.93968210845095079,-0.32950791686843522,-0.091771824533469354,0.33946392071179748,0.86546384120259634,0.36842446458646561,-0.041973582074347808,-0.37735510105452885,0.92511693645504989,2.7527642613673922,4.6790650802199183,-1.5905901878522115,,0.6613717309784033,0.2368421052631579,False,2
-0.86660055951782056,-0.46998386460142572,-0.1676861272070781,0.48913804001375205,-0.86655700883222542,-0.099110686887191837,-0.098729165168681438,-0.16791104031020299,0.98084577507732595,6.7237677231072492,9.6470487478874709,-1.8776131272161567,,0.6708089833240439,0.6333333333333333,False,4
-0.32095423165528858,0.94304802639339724,0.087457424488037713,-0.93957952485649954,-0.32865688454005504,0.095786056996093119,0.11907433666830675,-0.051430265019172965,0.99155243441134266,11.222711382026761,4.9617198547213599,-1.6424301952574147,,0.09878741853930677,0.3043478260869565,False,5
0.48516525243895697,0.8694067356259001,0.093523290543907636,-0.86376660200629285,0.4598575079525411,0.20600565438400484,0.13609531617343221,-0.18072908019462658,0.97407138572471108,5.7408753043806442,7.735462036149932,-1.7977371642093256,,0.2906857352685214,0.3,False,3
0.45218751290526604,0.89004206321774215,0.057892822315505486,-0.87912262619047499,0.43380109210960038,0.19738292885779371,0.15056513969877819,-0.14014898568174858,0.97861555297259872,3.8793880628924775,-9.2360858665211385,-0.24931830982494685,,0.7636523861593663,0.7310924369747899,False,1
0.87798913899765207,0.47866679291804176,0.003629484773059459,-0.45435088895737735,0.83095351076414803,0.32106312876501025,0.15066632505574096,-0.28353899962138057,0.94705084033957998,3.734546362911086,-21.342035646556806,0.82540014762132274,,0.2868948834842892,0.28,False,5
-0.99808340138514151,-0.0054381979327891503,-0.061643733523448541,0.0013191868102798412,-0.99777458822409826,0.066664314594769541,-0.061869084570774995,0.066455226261556186,0.99586942882935203,-5.5285534603105928,-13.016781366814056,0.064128641463648259,,0.06812773859733182,0.3571428571428572,False,5
-0.5768331632740471,0.81321831997994853,0.077067929751920838,-0.81323381273765738,-0.58059185823978998,0.039545669368981087,0.076904275352086604,-0.039862992796053522,0.99624127310502097,-10.810454775982842,-14.740056850928461,-0.027555946308030106,,0.3807981849457005,0.1666666666666667,False,3
-0.88523328702189441,-0.43590387766017075,-0.16232632870005675,0.44499609861557077,-0.89524477973476113,-0.022699263745325299,-0.13542710129561655,-0.092328726832365232,0.98647600398396984,-37.540585079777287,9.8575278436540934,-3.4547947381226933,,0.2259808916155296,0.35,False,2
-0.89389330119682675,0.44695700275103378,0.034412261873506433,-0.44822893344379722,-0.88999826525668468,-0.083629606383907443,-0.0067519848396205007,-0.090180516365252678,0.99590254802807965,-19.779468699310936,11.134538536634826,-2.8250852424380808,,0.4207128454570128,0.2105263157894737,False,2
0.48256261410844858,0.86668989307329924,0.12641974809900131,-0.86229654117331855,0.44480952958518261,0.24205197266442877,0.1535512896245208,-0.22581654420082439,0.96199214644395381,-7.4393342362585253,-11.612283376941669,-0.07978361009510529,,0.1054702330299443,0.4,False,5
0.27615711281202937,-0.93399234856072977,-0.22670584878502026,0.95682746731403434,0.244919247703868,0.15651121332857232,-0.090655649778348682,-0.26014006791377559,0.96130572568204431,-20.280608141775833,-0.88010489960628158,-1.5043931808821756,,0.2836203496028669,0.3454545454545455,False,5
-0.37890762428106189,0.92428797668136276,0.046051584380516625,-0.91740684323511812,-0.3816956511928164,0.11257492547574177,0.12162933958161072,0.00040745891312544968,0.99257550731930577,2.7837032606967949,-11.535080833712049,0.074509610503204635,,0.1157238736498614,0.2777777777777778,False,3
-0.83009471954480418,0.55658375772531299,-0.034018777464830174,-0.55754763412706443,-0.82743834793796378,0.066980713948160103,0.0091319364400229627,0.074567425851119917,0.99717416068548048,-30.531939643143321,9.4215258627258027,-3.0571929893993479,0.5149524267158446,0.4947254087391973,0.3968253968253968,True,5
-0.99560864271407101,-0.067642406567880828,-0.064714259531821375,0.061993001628842463,-0.99439511697770833,0.085645893538087409,-0.070144838028843998,0.081257960622923439,0.99422172855621715,-3.2501553394906404,-11.085280242293104,-0.055050368119414821,0.3819549011304778,0.3292167740993517,0.7785234899328859,True,4
0.7548807314362741,0.65508025978362983,0.032014598983102265,-0.6408853414341662,0.72639162517329525,0.24823614968999302,0.13935946484200157,-0.20790637344706969,0.96817037727821464,9.2081443083938712,23.241445422013005,-3.4358605813795275,,0.4333293512329677,0.2272727272727273,False,5
0.65493542703297114,0.74983949377325021,0.093810020760131341,-0.74889726340965723,0.62743127951649025,0.21326715251493111,0.10105679232326076,-0.20993028143213763,0.97247971786724574,-1.1094809830147891,-7.0644062367529807,-0.52716150960717556,0.5289825809174065,0.5589673526371858,0.6205128205128205,True,5
0.62973448219644346,-0.72497882693253513,-0.2789985348210694,0.77598462450129213,0.57053478288468751,0.26895710449124022,-0.035809837619945821,-0.3858701362093841,0.92185784886357902,-0.22062426157907555,11.072587361377774,-2.1844332888112006,0.3533696676134917,0.3341433209537655,0.21,True,4
-0.029726121626502768,0.9908408558894396,0.1317222684033709,-0.98923677348250405,-0.048051455321945866,0.13820876828685147,0.14327234095585908,-0.12619610113520277,0.98160459471994255,16.56068741801414,2.7200855579637806,-1.2814214573214737,,0.1854505133964243,0.1739130434782609,False,4
-0.92399496187551544,-0.33690466967734461,-0.18091034790266963,0.36586764330596938,-0.91646890921971935,-0.16194321849140442,-0.11123928267658686,-0.21582396063277615,0.97007517234819562,12.697604008310929,-10.521590071763073,-0.15648468616841538,,0.4771438916770783,0.25,False,2
-0.88926369358037427,0.45630954297362325,0.031491018894196372,-0.45637078419523353,-0.8897718610823937,0.0056340535143753617,0.030590694873103487,-0.0093614217498284441,0.99948815559265347,-8.1094696696563062,-25.669746367564795,1.1073945249454096,0.5113143160384881,0.3945075880572353,0.7111111111111111,True,5
-0.74438086862319142,0.66657735982698996,-0.039645249322752811,-0.66611721095151954,-0.73708890059500842,0.11396409036978082,0.0467438092366501,0.11124107148765904,0.99269352788880749,-20.661535926388503,-13.551767988815136,-0.43337350505115824,,0.1927093068989428,0.7222222222222222,False,1
-0.44442838389285139,0.89533509581837356,0.029299791574225624,-0.89060186398197172,-0.44512921827165586,0.093211045014542276,0.096497313238383398,0.015331185106488218,0.99521516432428103,-16.331519962044418,-10.281998581298819,-0.54371832743661674,,0.1823066904222951,0.625,False,2
0.50809207038411841,-0.85710236004297802,-0.084958768950225444,0.85679919642072822,0.49289652189350519,0.15148648691576633,-0.087963543730202987,-0.1497616877376958,0.98480142762913514,-23.599768683604722,-1.2904297428213578,-1.5980885201770809,,0.07075082174471402,0.3333333333333333,False,1
0.78548039174418149,-0.61333797294221704,-0.082686668408755243,0.61772165527599421,0.7687794950558311,0.16552354691942472,-0.0379540615546341,-0.18109284615586968,0.98273336683083778,-11.300415725690129,13.820016050880623,-2.9204877808903338,0.2462480855896274,0.2174432970403596,0.5,True,5
-0.81898995370131633,0.57374233986581469,-0.0086708235835052314,-0.57306693817384269,-0.8170713966818558,0.063155499336310927,0.029150302028852326,0.056692681799873676,0.99796603134674167,-42.055623559317532,1.1356095640708499,-2.6496319080772341,,0.144343061460703,0.25,False,1
-0.35195516512911379,-0.93152799312212253,-0.091559596814369801,0.9245781781390664,-0.36123262350091645,0.12110402234315432,-0.1458861002562761,-0.042030819032192683,0.98840814242068065,-9.2847287602197408,-10.015552816355504,-0.2977787653201921,,0.06748140243093437,0.1923076923076923,False,5
0.92136803944264489,-0.38380399723025821,-0.061444508328189776,0.388460254796826,0.90379228510542331,0.17960550054801402,-0.013400236445755283,-0.18935151727407287,0.98181792434707815,25.6619804583347,1.470368318431106,-1.0795937297147562,0.380779849447524,0.4715434448940924,0.8703703703703703,True,5
-0.7856693317240786,-0.60788681538774558,-0.11487959290485189,0.60420303217161497,-0.79387210162873878,0.068598703852152887,-0.13289995147804101,-0.015514700555093339,0.99100802063546389,-16.620161162910676,-15.531894185653814,-0.18605969554854557,,0.5380392937195636,0.3,False,1
-0.80200472025458724,0.59731763804474325,0.00026071058829690852,-0.59629215662684198,-0.80065324284868111,0.058224124391879822,0.0349870352369459,0.046540562916026845,0.99830350263273582,-12.292731662936511,7.6526979904027224,-2.2283116025902396,0.3340579463307057,0.1753305855708162,0.6033057851239669,True,5
-0.20288633847523804,-0.9672526510944971,-0.15251046721709752,0.97100127286143934,-0.21884735104400402,0.096241181634925538,-0.12646604983779403,-0.12856183684005421,0.98360469312968191,-43.056851540216094,3.0715807915451858,-2.9522425755189325,,0.3511124240571764,0.6923076923076923,False,3
0.00079790520771470146,-0.95151229088839107,-0.30760969366326218,0.99042926420218746,-0.041704049147450656,0.13156992398197109,-0.13801896956286164,-0.30477062288388879,0.94237234226592925,18.746469785915934,5.0634871177167247,-1.4947549344664901,,0.3059465648835394,0.4285714285714285,False,1
-0.69214161310025102,0.71560144272243109,0.094098685371043156,-0.71950897582637863,-0.69438487830324336,-0.011682229627371837,0.056980883814304953,-0.07579060599682455,0.99549433093432338,3.89017827612845,11.785768831617462,-2.1790800242223551,,0.08283784082921086,0.25,False,5
-0.064023701862491678,-0.94351685656851025,-0.32507984706976234,0.98610197464997762,-0.10985609240125037,0.12463761291738275,-0.15330969046749188,-0.31258211774413019,0.93743722908542371,-8.2343907745886309,15.155351419290765,-2.9752858372392215,0.6701399290417539,0.360386973409307,0.1951219512195122,True,3
-0.35907292569603511,0.93308886605931307,0.020292906845404517,-0.92574329117758714,-0.3588407530300971,0.11930076615212347,0.11860013858246665,0.024051652769396505,0.99265075687639615,-15.377712745477908,5.8915905753461351,-2.099000028290134,0.6333322677751928,0.4064400569065058,0.3846153846153846,True,4
0.12882282878744775,-0.97050490586023697,-0.20377660926714261,0.98584265315132835,0.10309346337153436,0.13223464386314593,-0.10732633419040673,-0.21792651401625254,0.97004592287065183,-7.3408431846103062,-13.194113222190134,0.016698881399401979,0.4808031039288341,0.2638899380424721,0.4509803921568628,True,5
-0.98483629477768408,0.16302656848251684,-0.059327990505143466,-0.16888809283996897,-0.97914241929950796,0.11294660165399045,-0.039677255265972593,0.12125370384908843,0.99182823851584179,-2.7832392139331827,-13.323725852767982,0.13049719369398838,,0.07377403094125727,0.3636363636363636,False,5
-0.034166978545707841,-0.97234074118215374,-0.2310543239465471,0.98882758855684316,-0.066453226169900959,0.13343151367075665,-0.14509520214643376,-0.22391393830878586,0.96374785631156334,-13.140213523393344,-15.774993693651993,-0.034404709426435476,,0.3314336364328617,0.6379310344827587,False,3
-0.9701268554480188,-0.23196313980313993,-0.071042143205348213,0.22560316013652426,-0.97029193213858456,0.087388675257080231,-0.08920256988985259,0.068750768718921204,0.99363787836696582,-9.0984301807669858,-12.550823853591314,-0.024560258625615949,,0.07479998165348059,0.3,False,5
-0.30305681266578571,0.95266868305057029,-0.024061351407318632,-0.94639567987327256,-0.29790813326444943,0.1248437473488231,0.11176665609232725,0.060606307176586022,0.99188461532395833,3.516366389948467,7.4714325014704288,-1.8203419919780084,,0.07824630318468925,0.2121212121212121,False,5
-0.53585641832057018,-0.83902476428407147,-0.094315130613856296,0.83104928716288129,-0.5438594195035561,0.11650757109871612,-0.14904690956446395,-0.015949192309132117,0.98870149287536213,-22.290778141818159,9.998328865889599,-2.7650447936776512,,0.1644691435694288,0.5,False,1
-0.99708654842223465,-0.032174280276695146,-0.069160904014565899,0.027599328997120972,-0.99743014036329702,0.066116504246387778,-0.071110421137439567,0.064015082469138479,0.99541216449374681,0.81058533569657654,-13.163425378136008,0.24124641354032506,,0.1024372464558146,0.48,False,5
0.57472308590879728,0.81772793120030218,-0.031849726189448882,-0.80332851447418974,0.57116983694030543,0.16860698444096772,0.156066243487055,-0.071316533177509939,0.98516865547954824,8.6859982523952439,5.7725226859230814,-1.7302559969416886,0.2486202421575073,0.1446876009474488,0.4444444444444444,True,5
0.86720407290407042,-0.49137354343361156,-0.080679221315575728,0.49768140048520543,0.84992964160574891,0.17301106303068434,-0.016441397436825121,-0.19018844637206397,0.98160992013982051,-14.408475182065045,-3.2179887236533551,-1.0565819765562439,,0.07169171531671115,0.2413793103448276,False,4
0.35545489686731158,-0.90699712174356162,-0.22584959030722945,0.92850086831488066,0.31486901835326864,0.19683403877317923,-0.107414867832909,-0.27966716366091954,0.95406934954346756,-30.674870855519025,1.5932809759664801,-2.1643007160592407,,0.1656621156369249,0.25,False,1
0.79193450350536332,0.60861843024017659,0.049227518012777458,-0.59353424381154485,0.74835660575725371,0.29610723064886701,0.14337657961038303,-0.26371575036669154,0.95388529678770184,-3.9065257033076568,-4.8510837885360782,-0.8423451662035073,0.7930871218247839,0.394911153121011,0.1851851851851852,True,4
-0.9885713864066783,0.13954990807612558,-0.057030142327749091,-0.14506545678914723,-0.98351118560031703,0.10798963397296715,-0.04101983940161729,0.11502856582173086,0.9925148874553279,-19.300763520572779,12.556878666978914,-3.0520770376122472,,0.08060498829818527,0.35,False,1
0.19424494502735096,-0.94333267646387853,-0.26905828893906764,0.97430175426668686,0.15364256621266542,0.16471203198444548,-0.11403943600430365,-0.29413844251148841,0.94893497336368549,11.786298853984725,-14.243705377005192,0.22397560778082659,,0.3251404977928604,0.2,False,4
0.95565961089984064,0.29392848184019926,0.017909652645457165,-0.28370623915313303,0.90271567430680921,0.32344270161249306,0.078901698082808072,-0.31418220656797008,0.94607825422410552,-27.992724374362119,0.20161965485143696,-1.9065053775554979,,0.3214853416731794,0.28,False,2
0.96462160204977299,0.25774656103560156,-0.055424499395576005,-0.23416569736171816,0.93422543211636666,0.26905253792909711,0.12112634328679084,-0.24655537362083388,0.96152943621121745,14.301494293653498,-8.9901856466623844,-0.36656033715385117,,0.2072681413632525,0.3125,False,6
0.30615645927035035,0.95184506637928923,-0.016099442737229575,-0.93989996718247648,0.30491360870979312,0.15367414523579256,0.15118291615596879,-0.03191646648640957,0.98799041747863126,-5.4571819357604507,-10.176503185603071,-0.19348387129072128,,0.07136019261562573,0.2368421052631579,False,5
-0.97232604614709262,-0.22318564344872233,-0.069066841120345723,0.2161209275484739,-0.97154342729418697,0.096928393967161769,-0.088734461510455998,0.079319212299705871,0.99289206759879256,-6.0847780906461928,8.5640320465581361,-2.1702724088036645,,0.0682764664987626,0.2702702702702703,False,5
0.19611971188692015,0.97956623116818864,0.04457642161887411,-0.96945422984770535,0.18686558623156205,0.15887022664026471,0.14729410999692383,-0.074372383565990588,0.98629265115528941,-15.718838415977709,9.3864143879179398,-2.5218590492316602,,0.07739318894614665,0.2222222222222222,False,1
-0.95467723202408405,0.29268358856621912,-0.054108221545664935,-0.29695355025924414,-0.94896186341889688,0.10625427410211438,-0.02024775649955117,0.11750616477673373,0.99286571579252358,-2.8666146253190772,15.928517697511376,-2.9201977261345413,0.3051743220970114,0.3014270117568982,0.7244897959183674,True,5
0.99763808759212669,-0.058772218033231946,-0.035553798291856745,0.066673908324344236,0.95302084699933221,0.29547564219988148,0.016517752095268068,-0.29714826530223881,0.95468846871300894,7.863477679116146,1.2400915509077877,-1.307192574173222,,0.4301561657271778,0.3260869565217391,False,3
0.89729149626409921,0.4366059776051317,0.065139780868542246,-0.42619584341176292,0.81838279448862261,0.38549540171515573,0.11500032082855438,-0.37366404965484779,0.92040757504752735,-24.941277284569683,-4.7275993057190977,-1.2181133514601692,,0.3881687264424358,0.28,False,1
