axis_00,axis_01,axis_02,axis_10,axis_11,axis_12,axis_20,axis_21,axis_22,location_x,location_y,location_z,dbh,dbh_approximation,score,reconstructed,number_clusters
0.92674179082509844,0.37416634499453816,0.03389984383029182,-0.36449451319616888,0.87356441615412472,0.32253520843342293,0.091068122788260458,-0.31126316374208501,0.9459502312009288,-3.7517662896205461,-13.021795817354818,-0.22836562881840552,,0.3910732734871032,0.25,False,3
0.60522004513397132,0.79527926787022063,-0.035207713129889101,-0.78328692950667411,0.60281817473106225,0.15189415485104754,0.14202212162912181,-0.064351645742074859,0.98776949874869413,-9.5480237179243659,-12.898537434197717,-0.94926910452266822,,0.097874177847375,0.3658536585365854,False,3
-0.95016677368961977,-0.28630091115965073,-0.12334865400729463,0.29319308340452671,-0.95515116213258722,-0.041521961905875385,-0.1059288346957695,-0.075617760783565857,0.99149434503383549,13.078434979422598,18.999953871318926,-2.3845996679732857,,0.3737616548515603,0.5,False,4
0.28227895194593478,-0.91947573132458416,-0.27364753387053609,0.95473771200286839,0.24137130219609459,0.17382691320877156,-0.093778966553449,-0.31032929926335195,0.94599219418073666,-11.027048662048504,-14.271514826663902,-0.95074619334601518,0.1491100813639258,0.2892034754130499,0.2068965517241379,True,4
0.097246289463097393,0.98504831784297842,0.14220749171678224,-0.99021937469535792,0.081398186213846535,0.1133133939966082,0.10004373625367083,-0.15183592063742751,0.98332960091751098,18.417366605030757,17.89267100419708,-1.5380015690034252,,0.5578111076579056,0.2222222222222222,False,2
0.51099225592355513,-0.84219888615842353,-0.17201148374357339,0.85852028544873826,0.49007803727393517,0.15088550909462314,-0.04277655735531051,-0.22477667480242927,0.97347090999453589,-26.441024882055288,-10.829337311064624,-3.4671439623581293,,0.4350112165914742,0.8125,False,1
-0.6880378327961516,0.72563554685425791,-0.0075494226731572106,-0.72555347962947969,-0.68769532333594463,0.025441903612458544,0.01326984697462312,0.02298250211342745,0.99964779585505903,5.8807299251768947,20.927319785745979,-3.5125896291489984,,0.4614962712442501,0.625,False,1
-0.69041573658229305,-0.69016394866717323,-0.21679445251128004,0.7103239751981284,-0.70351514707655427,-0.022500846485925485,-0.13698890808477393,-0.16952923580901957,0.97595792802136294,12.930913090168941,22.535975198310833,-2.9035943625141636,,0.3906692887913738,0.2,False,6
-0.83416492882303095,-0.52438483824702697,-0.17084909405176038,0.53725072958684272,-0.84261593478483587,-0.03687872022024101,-0.12462152735411793,-0.12255173545616116,0.98460679819743802,5.6028841414558403,26.994333925397651,-4.5871162640623755,0.4645419222475461,0.3142453763605914,0.6136363636363636,True,5
0.94935066082334818,-0.29894410625654233,-0.096776774738302498,0.3097347793692658,0.94215835509159951,0.12807029468289063,0.052893187116520607,-0.15155875186068049,0.98703204380156184,-15.459894801075217,-10.287630430745637,-1.9851160069260789,,0.07367322566067169,0.5384615384615384,False,1
-0.69272280425201216,-0.70027523963234339,-0.17248102860052189,0.71041455506834061,-0.70377131173521523,0.0041353023526545934,-0.12428304959358571,-0.11966841494880853,0.98500415940612129,6.9826468679513827,23.404387601686036,-3.746855461931681,0.5796396876648519,0.332390423465123,0.7441860465116279,True,6
0.36269953393648569,0.92976466515310896,-0.063140442784189621,-0.92326140011994129,0.36771652078937533,0.11123375111503947,0.12663899530090175,0.017950703921692096,0.99178643724236026,-10.233368011981348,-10.391086235126567,-1.3564264561697921,,0.07587025397591259,0.2916666666666667,False,5
0.77398137556938751,0.63320817402083429,-0.00048849249757609847,-0.6191070531134647,0.75690678122524591,0.20928110598044788,0.13288825025893308,-0.16167724913678744,0.97785539833590962,-12.900374829773959,-16.509648757648481,-0.84494380464295904,,0.07660349479923173,0.1363636363636364,False,1
0.75094161597110498,0.65883479052423854,-0.044982309829393989,-0.6423981679474825,0.74459243511147144,0.18140203800532795,0.15300746132271739,-0.10732578613572405,0.98237970887530324,0.1197850582927702,26.236871616780647,-5.2819149394553131,0.2614751013158395,0.1827999386622083,0.25,True,5
-0.21600158648602014,-0.9449974148888669,-0.24560781846041246,0.97087406460619052,-0.23458199329770688,0.048732320851063042,-0.10366708884973418,-0.22792800239074446,0.96814356394885381,14.754840174763206,18.079019618138854,-1.9582786448413347,,0.3635104654272364,0.25,False,4
-0.085687863961840027,-0.97751435122645935,-0.19267403332045585,0.98989776904892257,-0.10545371584878531,0.094772995339652916,-0.11296015581444377,-0.18260670020565667,0.97667537915029812,-13.790677684087614,-14.926847481711121,-1.2128507639677268,,0.3593547960188763,0.3125,False,2
0.97885826067183113,-0.16809178132565872,-0.11654037311285798,0.19306555449772642,0.94745564301231699,0.25505586876330111,0.067544038826551425,-0.27216347582819361,0.95987751575089686,-26.752779267130016,-21.694887741526191,-1.9729249239360049,,0.1311599898979119,0.2941176470588235,False,1
-0.99443240249088627,-0.053731817034322477,-0.090648158913434473,0.051205739386759715,-0.99823840300801581,0.029967699509013762,-0.092098692336321508,0.025159145418662609,0.99543199078176259,17.322461150970774,19.003176737248662,-1.7990019253438194,0.8415584605105475,0.7306658082229903,0.1111111111111111,True,5
0.25293158952235401,-0.93155987694174525,-0.26119304488055689,0.96664184072351322,0.23206473397764424,0.10839516136130764,-0.040362888701803032,-0.27989668614716817,0.95918125622818551,14.872240647434735,20.400142712434931,-2.2713375407661722,,0.1562654413704704,0.3,False,4
0.95252182993559376,-0.287169319919438,-0.10117284810241463,0.29847996226939616,0.94631130488932236,0.1241153752051969,0.060098882017942952,-0.14842067219789312,0.98709646359639946,10.945750243797162,25.411247715679799,-3.5152520768504396,0.7281194558882517,0.6364270605240803,0.927710843373494,True,5
0.51783198427536925,-0.7938073848155105,-0.31893552933750047,0.85514174649778429,0.46978915441098085,0.21915917456162506,-0.024137718578006596,-0.38622271581326417,0.92208968345366138,-0.68373417657764213,22.270005895461772,-4.7469669825170735,,0.341495215485359,0.2,False,2
0.073161837432791213,-0.98014806818408673,-0.18427455054472697,0.98810896466865816,0.046183902788826808,0.14665510923464276,-0.13523320407684886,-0.19281289261404563,0.97187199206321107,1.3189212533604728,24.843438369897466,-4.8333228892101774,0.1859245540596837,0.1573232392614921,0.1904761904761905,True,5
-0.90083022499252863,-0.41667333130922474,-0.12201737874411363,0.42331913518669301,-0.90535714410950108,-0.033605823820874126,-0.096466654988663497,-0.081925433081322607,0.99195887409193373,1.7165233463213472,-12.915315864115939,0.37109762221237536,,0.1932311925068654,0.3333333333333333,False,2
-0.35689313455425342,-0.9017517068429336,-0.24386707386175799,0.92475706798961221,-0.37797308203899338,0.044279955478754407,-0.13210471494725537,-0.20971458809487001,0.96879726250072773,-16.580173224508112,-5.7640643207004389,-2.838570978869154,,0.2964479254313707,0.4827586206896552,False,3
0.73363429608431618,0.67701059661787832,0.058629102636600955,-0.66970713910413582,0.70569066440147199,0.23128561133274522,0.11520879932462755,-0.20894338525953021,0.97111770363559125,-8.3132958752758181,27.108750521999809,-6.467655041585723,,0.51966818697941,0.3846153846153846,False,3
-0.54389262020244444,-0.81111966860035523,-0.21509463242715365,0.83030585805728852,-0.5573041696620229,0.0020602313160391073,-0.12154422966587847,-0.17747378873224098,0.97659103751158527,21.686438903027295,19.883753650873775,-1.4791039126368923,,0.3879189266919177,0.3333333333333333,False,5
-0.74654203185560397,0.66209472641534739,0.0656168265454284,-0.66533570355191152,-0.74317295177606346,-0.070868648410534182,0.0018428922891458588,-0.096563642233706906,0.99532510605659474,-14.707477246683826,24.864775538170989,-7.1656015176609564,,0.7254947331363968,0.3636363636363636,False,1
-0.50891069717292392,-0.85219237844918283,-0.12156501312504885,0.85004571506176563,-0.51977775992114372,0.085166675387087207,-0.13576518186965367,-0.059993586361232393,0.98892294188547214,-9.1633145449857452,-13.923859433193698,-0.72315744837183782,0.1500247457881014,0.1363292166371168,0.6981132075471698,True,5
-0.25436836610715974,-0.90126122536560649,-0.35074910973010326,0.95971115400614349,-0.28000519943304286,0.023485935507418745,-0.11937853743521359,-0.33064375382418454,0.93617491573790945,-3.0695277662252014,23.203764873707275,-5.234667133770107,0.5682382768624519,0.5888731947836695,0.2857142857142857,True,2
0.46335951421114763,0.88253610166111141,0.080174745742139258,-0.87633888156623707,0.44290024979766746,0.18939253782659884,0.13163633710053324,-0.15801708133607306,0.97862274486176881,-11.02679471792721,-15.380276748670624,-0.78626404737237598,,0.6869619268411509,0.2258064516129032,False,1
0.87803536013054384,0.47768178543864087,-0.029563799156716641,-0.46168204822832432,0.86166463610898247,0.21067449115370868,0.12610944732305196,-0.17133057736238194,0.97710912418037899,26.270233829358709,13.456159919042253,-0.14435906189331402,,0.4462026852918757,0.1,False,5
-0.77773534468418437,-0.61094741082731807,-0.14788845401980827,0.61542863896683742,-0.7879703726993641,0.018715824519678861,-0.12796610476371728,-0.076458831742459182,0.98882694293803464,24.565268117912279,16.041677994653114,-0.60118669121888035,,0.1207760292308328,0.4444444444444444,False,4
-0.45767594727208272,-0.86881638927576521,-0.18892011278427534,0.88009234773840628,-0.4728851168294293,0.04262775778195052,-0.12637320420445719,-0.14675744617237832,0.98106679958709198,-0.87866325510892462,26.959388934990038,-5.5532183336989496,0.4565225290096566,0.3971547772136937,0.7910447761194029,True,5
0.92672966732685369,-0.35819563850298652,-0.11343724367991616,0.37295498779911507,0.91358003419996903,0.16209903820487415,0.045570832470133084,-0.19252897358221435,0.98023257115817053,10.93512012234746,-13.555292344898678,1.5432025544179242,,0.1752576782605937,0.8235294117647058,True,5
0.54443730117523392,-0.8278289645042789,-0.13523028735013803,0.83779925901835117,0.52879444638692918,0.13590009219512367,-0.040993007663863698,-0.18728491396296293,0.98144991432296536,0.32070526183831327,-13.207081081011697,0.23995569691999344,,0.44558585797865,0.2592592592592592,False,3
0.99264978314583396,-0.07905270285519933,-0.091635572742332722,0.10832777903746282,0.91798350364281112,0.38153817545362145,0.053958320112272237,-0.38866046520189745,0.91979972954970191,-5.2064716343329271,-17.463202472256633,0.14349915149868059,,0.4729813549442302,0.125,False,3
0.22632722512866088,-0.91094126423649002,-0.34490868396835983,0.9707800381380034,0.18195614602476881,0.15645471701610708,-0.079762802849057152,-0.37024042733747814,0.92550522486187203,4.0812192247525445,24.063129637496573,-4.3106139624087128,,0.7604342587122817,0.25,False,1
-0.18892694121959297,0.9818961084639044,-0.013661737255918877,-0.97683654444943224,-0.18649345522516855,0.10493119929873705,0.10048371166264553,0.033169614734261735,0.99438563965338911,11.532123180335033,27.412161507645571,-3.798247111545725,,0.1374899709332476,0.2857142857142857,False,3
-0.95138392427327079,0.30796779732978541,0.0049461542869391334,-0.30328324362773373,-0.93386884889647082,-0.1894947154815142,-0.053739210722068206,-0.18178231175947598,0.981869282726753,-15.090143630507757,-24.117520325908504,-0.15278173339230527,,0.3638386124891837,0.391304347826087,False,1
0.95405169032509063,0.29913512306035822,-0.017422696103184102,-0.28178492343643441,0.91544970382021096,0.28731358599866608,0.10189518689203311,-0.26920255928789838,0.95767810508598628,-3.3301317873684364,-11.085946423253104,-0.38417368713314215,,0.1791104835506705,0.2608695652173913,False,5
0.52173475391841651,-0.77525067547870752,-0.35606072055689686,0.85211438080466551,0.45343208990986006,0.26134349401861429,-0.041157363612971926,-0.43975644396618419,0.89717352915177218,-2.0564167997615543,-18.011489018462147,0.57561628506962137,,0.6139359549113341,0.3571428571428572,False,1
-0.82252763535911766,-0.5063283802534484,-0.25899780003015099,0.55351008198588891,-0.81732788912594212,-0.1600053461510173,-0.13067087743836917,-0.27496671254326693,0.95253263922168852,0.068976113082229784,24.288047685611819,-4.9078704189652758,,0.2041092074542497,0.4782608695652174,False,2
-0.98303432219048681,-0.13438296016584486,-0.12483886178813297,0.13587770310018882,-0.99071944399940715,-0.0034975822683734753,-0.12321027228161026,-0.020401061211909384,0.99217086507603158,9.9433408885165555,20.704289039681591,-3.0683640699421773,,0.3992898956938826,0.1363636363636364,False,8
-0.9960737359808598,0.0057160737561841269,-0.088342735920659013,-0.011386018534499108,-0.99789702981071271,0.063811256662840404,-0.087792203931018137,0.064566588850369949,0.99404410592949177,-25.062482897524522,-13.722449520960113,-2.8347536928309358,,0.1068001813315435,0.4444444444444444,False,1
0.43687088239865568,-0.8491617496248004,-0.29676279262463079,0.89795320498666664,0.392201366184939,0.19964500999735108,-0.053140133292973443,-0.35369819244211165,0.93384887155084662,-4.0275741612572054,-15.134523463547231,0.014626068857485729,,0.7820887993538225,0.5543478260869565,False,2
0.65522030263802256,0.75543132186619166,0.0031421257830864108,-0.74120682908464985,0.64206809166769518,0.19585964918911405,0.14594105498185483,-0.13066018370453486,0.98062690400839025,-11.30334204255918,-8.9484834445131405,-1.6812368240273694,0.866904126974023,0.3801188209890486,0.5362318840579711,True,2
-0.77452510685517817,-0.58921963383842846,-0.23006755953476765,0.61866372877084319,-0.78142116585904375,-0.081462581906357662,-0.13178030791560597,-0.20542926920670762,0.96975912772134654,22.172762618020084,16.421959808286392,-0.94377351853143221,,0.6020346669055234,0.34,False,3
-0.97786205688993255,-0.17550119878150811,-0.11395230107919545,0.17440458439191589,-0.98447896380147304,0.019601295249582748,-0.11562369410321183,-0.00070644081975570691,0.99329283814154989,2.7208936812655873,25.567161873586009,-4.8164693299566546,0.2473861136934153,0.2558193028612583,0.7083333333333334,True,5
-0.85168468926601471,0.52039959530620494,-0.061785526419945287,-0.52343854835999026,-0.850465399551525,0.052160236353480258,-0.02540228652381292,0.076765000949669732,0.99672556828274406,-12.004088642259498,-17.744416516435283,-0.62571372547801674,,0.1470887384747996,0.3,False,2
0.41658277407274052,0.90502816010792619,0.085923348151258488,-0.8997733523246777,0.3969620175147347,0.18118794412720624,0.12987188607343866,-0.1527913154020665,0.9796877600263435,-28.931347695045616,32.907300583638197,-10.317659352460858,,0.4220672052011201,0.4166666666666667,False,1
0.042545715015498899,-0.97372785245346527,-0.22370500998006559,0.99149904692696567,0.013593298672927733,0.12940194037998756,-0.12296138449422742,-0.22730880226588202,0.96602857428531153,18.828837750298156,19.903749153841503,-1.7608285295164747,,0.48967989706696,0.6,False,5
0.39304711139156562,0.91809339484632735,0.051171149745655897,-0.91237611431361887,0.38246718696993132,0.14590639780794623,0.11438441439605793,-0.10403542296186385,0.98797410720748036,-0.17729377290177806,21.307416891435047,-4.5458964232930006,,0.6684063344371103,0.55,False,2
0.73020155550134569,0.68155425665983782,0.047848548277563921,-0.67428010862274712,0.70756565515126912,0.21141707302403728,0.11023621664004477,-0.1866403999117302,0.97622402022367705,-1.2593701930470516,24.986959743534545,-5.2554132263011786,,0.3754479187411874,0.8421052631578947,False,5
-0.98771674321256953,-0.092448289127670558,-0.12597201679310421,0.093400881553876824,-0.99562719293601765,-0.0016637341450398552,-0.12526735609293496,-0.013409195490906071,0.99203240016330774,-10.525961652490276,-11.334207533657775,-1.2624476960077697,0.616672982771202,0.5945048386292575,0.5045045045045045,True,5
-0.46153263823954976,-0.8190821524966706,-0.3407228364830604,0.87769961567093657,-0.47744028632917901,-0.041160146270421416,-0.12896126740510769,-0.31804905353000668,0.93926236540060304,-11.198859458504748,-19.540301399647227,-0.3173414157538863,,0.2669752222298356,0.125,False,3
0.68148242511520818,0.73117524865369754,-0.031055756556539083,-0.7192856854973626,0.67701839757299132,0.15580177144785246,0.13494371751839501,-0.083838207900118464,0.98730002937223327,-12.778454398523044,-18.919421812075736,-0.52102451595190158,,0.2545722300249117,0.1428571428571428,False,1
0.99310736773711317,0.093167725832645029,-0.071116320274861533,-0.067708528529888401,0.9512962983260681,0.30075057432270902,0.095672939280555466,-0.2938624298107792,0.95104761239126467,-19.817564761549811,-8.8937961641755958,-2.863353508299169,,0.3887865303685811,0.2941176470588235,False,1
-0.95688650271383402,-0.27323157549343685,-0.09855316878448489,0.27602253207417643,-0.96102411785748421,-0.015627113732413919,-0.090442151187646702,-0.042156269398748031,0.99500907847060982,-12.714773605142605,-11.346924167068131,-1.5565270178387138,,0.1979499701804332,0.4242424242424243,False,5
0.94882292558605019,-0.30062787623757314,-0.096736424945392474,0.31192655275325298,0.93999165138843843,0.13826612386086914,0.049364780661938834,-0.16136472771000304,0.98565944579315834,4.1158801119949597,-14.201585570431272,0.85011311607828377,,0.09887445846634935,0.36,False,5
0.66671344930033805,0.744860308009895,-0.02600573154996913,-0.732534212678981,0.66131610008268582,0.16141450686419542,0.13742926826855281,-0.088567134552443291,0.98654399744782728,-5.7772850368917181,-15.113325812670245,-0.21100820832639158,,0.2832064620279632,0.5522388059701493,False,5
-0.88050034796628684,-0.43571265042721807,-0.18674480846582753,0.45248387447882449,-0.88994677349640339,-0.057035810505108961,-0.14134171559692132,-0.13471906546971113,0.98075139195980165,-5.2577370655834219,11.170325988103496,-3.6846075266842169,,0.2339792287145988,0.2835820895522388,False,5
0.77578136642084827,0.63006324547169734,-0.034403171654270578,-0.6179270559269493,0.7696180746080884,0.16079232814407329,0.12778663884637623,-0.10348104146272573,0.98638848786375,-7.6094245209633549,-17.868437647128687,-0.10816759547186422,,0.2390422203891441,0.3478260869565217,False,7
-0.99325942940426548,0.097038679767760316,-0.063397164987430102,-0.083799677202458178,-0.97903641008901299,-0.18564838221967406,-0.080083206730732104,-0.17908434423184061,0.98056895609170447,-0.80490554856300001,-15.022166992975198,0.36251315572493809,,0.4009692451224078,0.2380952380952381,False,1
0.92486510403929467,-0.36860961186435942,-0.093549416735703703,0.37886161690019438,0.91440632412526912,0.14256559767167865,0.032991128658389879,-0.16729622960760013,0.98535453365219061,-11.914103901021925,-10.286034375410061,-1.5613915708790636,,0.0956778447036312,0.3802816901408451,False,2
0.9928608542842039,-0.051747031172513266,-0.10746892013448361,0.088901926653727065,0.92172826994520951,0.37750952811957844,0.079522144508912873,-0.38436862664458243,0.91974832828554876,-14.859599765832415,-12.263309301473885,-1.6944889122404272,,0.6258764483786512,0.34,False,1
0.9901954895279278,0.12176244077866488,-0.068460211321386355,-0.10990143020439817,0.98158553393240433,0.15624184847109387,0.086223941904638959,-0.14718609849526751,0.9853434346724832,6.1754248522052606,-14.45648930937414,1.1406492595677782,,0.1106866897874883,0.5,False,5
-0.94150296777660469,0.33255710179490461,-0.054570465580002885,-0.33542448781255929,-0.94038381424471551,0.056291161670742863,-0.032597156985342407,0.071302566239462462,0.99692194749846852,4.5967983127970555,-15.551573954516281,1.1123730662489475,,0.5361161202920922,0.6666666666666666,False,2
0.54785062412629593,-0.81346015221990131,-0.19530047208033835,0.83617526321092639,0.52523073242901341,0.15793545170803255,-0.025896386592846841,-0.24983045943690921,0.96794324146562283,-3.577034641479909,30.770337231012455,-6.3512484853781102,,0.2348893115909908,0.6666666666666666,False,5
-0.22252248664681334,0.95056190715128452,0.21660056234791186,-0.97162409336117217,-0.23449994949788061,0.030925634764245452,0.080189551293163103,-0.2035726758639389,0.97577036310035403,9.4539880480783509,0.78591492489358594,-0.36217607544742858,,0.5077774136231759,0.4262295081967213,False,1
0.95643881471858072,0.29095309427323895,-0.023897502642402993,-0.26839028399053372,0.90856259240901027,0.32012602383202032,0.1148540341441978,-0.29976709727361062,0.94707351258123396,-6.2183522853833706,-12.388579459718541,-0.57031316458797243,0.5592318966262242,0.3459817761932058,0.3513513513513514,True,5
0.54746301031165978,-0.78489866548014997,-0.29020395805015309,0.83662502595346744,0.50569042803552566,0.21056057784306792,-0.018515352787767579,-0.3580660217344368,0.93351267039629326,-20.958357262249411,-11.269757234617845,-2.6349765567868935,,0.3897706238313068,0.9473684210526315,False,3
0.80997354299631275,0.58600807180989023,-0.023181876965756257,-0.57160012982330255,0.7976682370906284,0.19235039673136423,0.13121033203214072,-0.1425479684540753,0.9810524580559552,-2.1702822910330282,-9.6250018875698053,-0.39493974016159422,,0.2062625700749068,0.1785714285714286,False,1
0.72609767535887237,0.68497620881526278,-0.059914599185084419,-0.67393306078670745,0.72624898866185306,0.13556045163060626,0.13636860128746542,-0.058051699584969405,0.98895581537204924,-15.6301228516809,-21.018105710594998,-0.64966737742508762,,0.09616242229588058,0.4166666666666667,False,2
0.73466383502551869,0.67551496001562905,0.062837793569481493,-0.66189792510984202,0.69335556251817743,0.28486698766334445,0.14886297807340793,-0.25087367881104006,0.95650520701088271,-21.8178109887048,-22.707047636406557,-1.1088466581626701,,0.5841285123144536,0.1818181818181818,False,2
0.76369172625871706,0.6439114836321338,0.046399875976616878,-0.63167691079852351,0.73047485408652568,0.25959731876755449,0.13326375204088783,-0.22756205482007202,0.96460161911436337,0.0097219615501085571,-16.788091067108084,0.71026521423454481,,0.2203308942117927,0.2857142857142857,False,1
0.965135464424421,-0.22601767131819414,-0.13202101182068965,0.25479040003647208,0.92675948380181705,0.27604114047120781,0.059961549008614973,-0.30005478072393915,0.9520355776992776,-16.942018847999147,-11.249612449737688,-2.0802115617419719,,0.2291337088877811,0.2608695652173913,False,1
-0.27058971298852014,0.96109302682320241,-0.055510368550454728,-0.95979393372806954,-0.26485260225437568,0.092998407824462684,0.074678055703063975,0.078442927475346508,0.99411764652153167,-19.738376809184807,-9.7717016446058711,-2.6917173028137968,,0.1056021657020478,0.25,False,1
-0.51682008137547852,0.85365476227462633,0.064579798179431033,-0.85506803880542703,-0.5184219706448534,0.0098645509856491315,0.04190050716262779,-0.05012192333260064,0.99786378845058632,-9.7990753486273228,35.345269232771059,-8.0630533998866536,,0.2246928340725698,0.1,False,1
0.30849228227314773,-0.91932662183073632,-0.24427663451748841,0.94863710864124384,0.2783983775703725,0.15027301645659777,-0.070143765843339062,-0.27808794608805021,0.95799109930825765,4.9151917825256399,24.416540610162638,-4.266886476089943,,0.6043711309963236,0.282051282051282,False,1
-0.99434101014976739,0.061572794399977135,-0.086572204108014542,-0.067744104549724946,-0.99522629683098141,0.07025207751268582,-0.081833317378055298,0.075719278165277196,0.99376551513978029,3.2948737695809402,-13.108914475318947,0.57610351985765107,0.9340894222330358,0.9266558766376187,0.7555555555555555,True,1
-0.86180129096501068,0.50689278290669082,0.018927269432008689,-0.50707390216315418,-0.85993689881376123,-0.058177210345662117,-0.013213350675486554,-0.05973471934881653,0.99812683095298327,25.604615091756088,24.409365490354524,-1.51944540657343,,0.257469668613244,0.2,False,3
0.043095651130725408,-0.94056120330173298,-0.33687889173591057,0.99419948288432336,0.007116112333259237,0.10731611797770557,-0.098540109022484848,-0.33954967793955715,0.93541213543816093,-0.96141188482461981,29.804430734382201,-5.8750617547359116,,0.2444388960536846,0.1,False,1
-0.96593180711662285,0.25580335967815454,-0.039247741053275095,-0.25166051875740914,-0.96380031930304788,-0.08806774557177989,-0.060355010555612036,-0.075190329755312563,0.99534099032046308,-19.085597355414702,-19.974183161711952,-1.1879785080507865,,0.1714512046650337,0.2857142857142857,False,1
0.86376470850584841,0.49857212052660271,-0.073050454984300045,-0.48753531191522648,0.86353289922608534,0.12891955472275857,0.12735716695784841,-0.075741485249487428,0.98896075727840294,-13.916205797889745,-13.154028138432762,-1.4954357997417456,,0.0685538434008314,0.3043478260869565,False,1
0.19345517798084827,-0.93083293574743076,-0.31004054547787291,0.97755821311945301,0.1560157288591158,0.14155928903205375,-0.083396846913417547,-0.33046805908646831,0.94012543197624543,-13.282778531553948,-9.1926508651451275,-1.8774180024337843,0.8387779410631814,0.3746687193118393,0.3272727272727273,True,1
-0.22166445467779938,-0.93769665053184825,-0.26756281713598695,0.9679544717293721,-0.24479957621017501,0.056011678661057926,-0.11802122771563045,-0.24657282710929551,0.96191103057394223,7.9905377708390048,20.716713961946763,-3.2693346463239434,,0.5488930704388709,0.5333333333333333,False,3
-0.80799118075083032,-0.54689040217396656,-0.21922851055206516,0.57603366541835255,-0.81142890404976797,-0.098834963334291426,-0.12383645720698525,-0.2061407812214511,0.97065468122491094,-8.672307135154707,-16.59411270986282,-0.36017296177102676,,0.753073583468426,0.273972602739726,False,3
-0.96881042169211862,-0.21851173635694876,-0.11687167276552421,0.21859600512556734,-0.97573849437614979,0.012254678115264664,-0.11671398101291657,-0.013675220906335418,0.99307141483847028,24.991067060793039,14.369065306479978,-0.34383797084493684,,0.1636947301571677,0.1333333333333333,False,4
0.98032733722778698,-0.15912906278551384,-0.11677436902368844,0.18418136212636527,0.95020842675846373,0.25135865125847945,0.070961522877918584,-0.26792141962562283,0.96082390435325726,16.750193112740668,-14.782551987155029,2.309219739496549,,0.1371155861561896,0.3333333333333333,False,4
0.74880901687231738,0.66278477840250483,0.0011805797964588027,-0.64915343462447428,0.73304669376719367,0.20308215842912963,0.13373434325543054,-0.15283612882734432,0.97916098939812224,11.827272989353341,23.451208707194699,-3.1491759646199857,,0.4805034924560917,0.5294117647058824,False,1
0.40204999798373758,0.90936091644196748,0.1068574881283561,-0.90798165330239655,0.38093154618633635,0.17452929377710022,0.11800473036079043,-0.16719414094971213,0.97883655573571882,-3.0238742028700791,-16.725393129382216,0.3160931884935268,,0.269677921883186,0.3,False,3
0.12366894915618928,-0.92363562876468264,-0.36277157591392617,0.98816771032981943,0.081203902131766037,0.13011726457352485,-0.090722473930807179,-0.37457062292049037,0.92274930569945701,-9.0449378012628561,32.802021700023353,-7.5197913303088448,,0.3157639362141795,0.2307692307692308,False,1
-0.41146971810008798,0.91142154993768054,0.0018518628002947846,-0.90856811984313057,-0.41034052239730068,0.078259997977447981,0.072087743003606403,0.030519075803622689,0.99693126308725011,21.901388600951641,27.12445999378307,-2.3042698110352631,,0.2942916043164491,0.4285714285714285,False,2
0.27177741385675469,0.95536581679691002,0.11581534187363335,-0.95759175281091446,0.25650007892848609,0.13124688361329015,0.095682141833543413,-0.14657375483234644,0.98456135518742183,7.0496848837135024,-11.539389156508101,0.8389313155472865,,0.4627389451473965,0.4285714285714285,False,3
-0.43877547610879158,-0.88644286691321861,-0.14729265176572703,0.89086331489982129,-0.45057423422014237,0.057839550678031891,-0.1176377308996034,-0.10583904362572846,0.98740035502990675,-1.6640704778497566,-15.603764590447158,0.34812345618084417,,0.1531712983190459,0.2727272727272727,False,4
0.98177307033304639,0.17875523359585629,-0.064561635906424997,-0.15903432855978344,0.95866988775484441,0.23592398913983403,0.10406594403723887,-0.22135630276593574,0.96962449768837489,6.4516129282861741,-12.745112598182953,0.93824720551556839,,0.07759314492408848,0.1666666666666667,False,1
0.82729454482783693,-0.54453459850196817,-0.13807898874340607,0.56164946336583133,0.80680279243923325,0.18335521376041747,0.011559255987094008,-0.22924075803956609,0.9733011139696025,-8.2994307062613171,-12.158635525500429,-0.84841719069837573,,0.07704230587198192,0.2941176470588235,False,4
0.0037763222888346402,0.99870377551084843,0.050759316094164939,-0.99638898186919966,-0.00054769526794182233,0.08490404489512543,0.084821790830133081,-0.050896648320591611,0.99509536979633217,-9.1498201813975992,-10.370590424200879,-1.1626665540355285,,0.1788787087529044,0.2181818181818182,False,2
-0.92487729292659837,0.37634602245698179,-0.054457914113331479,-0.37808645317764039,-0.92540822596670436,0.025889172190476206,-0.040652514710875616,0.044534107086200328,0.99818038768236472,-1.6130013523881708,30.680260830152417,-6.057049378048978,,0.1447646177456738,0.2631578947368421,False,3
0.51621929057364568,0.85549791383610474,0.040508807211703246,-0.85207395591553403,0.50822429644403477,0.12521197288765554,0.086531021547737286,-0.099153335425687716,0.99130267748244594,14.901207465411254,22.202945303814769,-2.5607972964092864,,0.2634074661820233,0.1,False,3
-0.99111141760597232,-0.096788802437952251,-0.091269302691032825,0.099301788525736318,-0.99478227488936521,-0.023396161256279566,-0.088528598128911118,-0.03225140754396557,0.99555137186624554,27.933910086741289,15.751312827604306,-0.19032105498950033,,0.2516926374719474,0.25,False,2
0.52417500334863709,0.85122196681070783,0.025724095384835596,-0.84411110546377466,0.51532200889539326,0.14805292560683225,0.11276971001639687,-0.099319637368085939,0.9886448311380035,13.752120995384708,-14.993203679937361,2.0508559498990135,,0.4047179679029485,0.4090909090909091,False,3
0.99537216294244135,0.03029566047508013,-0.091194463623971878,-0.0015884938543772539,0.95406051752757171,0.29960975548585811,0.096081912587957286,-0.29807834851159476,0.94969340537988312,13.313235060265198,34.912055635301719,-4.7223929861438583,,0.4079165768399433,0.725,False,4
0.98307099848190382,0.16789380153250649,-0.07336949877676946,-0.15129079407480861,0.96969321647603246,0.19184931990647885,0.10335621690060465,-0.17750137274772837,0.97867806509631439,24.579607057907747,17.021430939262078,-0.71251682545944239,,0.4730452504747678,0.4117647058823529,False,3
-0.05916957715999601,-0.95688498475374018,-0.2843766641121262,0.99122997807570135,-0.090039481330936866,0.096726533927872477,-0.11816129528213233,-0.27615940642043973,0.95382068049647484,19.775335981322026,18.21409919148936,-1.4445773501894967,,0.6629528806670707,0.5535714285714286,False,4
0.55624565101524792,0.83019973428685001,-0.036867016649947029,-0.81415104541141425,0.55331202105961974,0.17607919413269998,0.16657986367543101,-0.067927965823829484,0.98368538693878749,5.0272035214424227,-17.399506827644583,1.3842698203199633,,0.1644318553005932,0.2666666666666667,False,4
0.14309673095894163,0.98961969026770569,0.01327381720965308,-0.98618149015602163,0.14144262265800789,0.086255741659750876,0.083482896826317515,-0.025433307493823692,0.9961845977565662,-2.2561158828041852,-22.357427000019634,1.1595010985862728,,0.3649822422980987,0.8333333333333334,False,2
0.99678506846045156,-0.015756593143872778,-0.07855734890379347,0.033765188276844584,0.97176489859692117,0.23352279099810724,0.072659750583958974,-0.23542453488839024,0.96917276530949981,36.411636379529227,14.775483927883414,0.81720867578201861,,0.7322245663266082,0.7142857142857143,False,2
-0.69065538701799212,-0.70906626626697244,-0.14219763157395587,0.71326349005841683,-0.70034019149791649,0.027907166146860993,-0.11937474662890121,-0.082150144338744971,0.98944480576351967,-9.1553385032335264,-11.750515849894573,-0.98396786036602091,,0.2134919713143746,0.1785714285714286,False,2
0.58611104162879046,-0.79931207764491774,-0.13256715057577068,0.81022298828879813,0.57749152644866497,0.10021100801988174,-0.0035434628803113835,-0.16614373118163595,0.98609518022342046,3.6642933413662866,-21.360735325986067,1.6751934968106375,,0.2181169283509302,0.6666666666666666,False,3
0.99084529857805526,0.10238358112911143,-0.087995435114242529,-0.065928121958935562,0.93576433513467161,0.34640812898218054,0.11780949461199598,-0.33743549221317254,0.93394764926848095,2.7342667484800409,27.747207570786266,-5.0847706087581397,,0.5933538011535865,0.6666666666666666,False,3
0.93859472864360061,0.34502082205939993,0.0007534639357737738,-0.32448822987051218,0.88199152191725971,0.34175772696689455,0.11724898309984694,-0.32101649118313658,0.93978778899840987,13.590402785977572,-3.3599973598960431,0.5016303634981405,,0.508959704823629,0.4230769230769231,False,1
-0.31981455595931885,-0.86928535264163898,-0.37691063327962326,0.93936087580614203,-0.34287272432726562,-0.00628012078851449,-0.12377315864622337,-0.3560635766195438,0.92622833826418649,7.6677337388984332,-20.346770919851419,2.0093553905195471,,0.1313486414133495,0.2857142857142857,False,3
-0.96438554378795283,-0.21816459042257863,-0.14954843502545362,0.24014414490593466,-0.95918293063275328,-0.14932814620880952,-0.11086619232304863,-0.17992308653563804,0.97741310116617408,-0.70557024522986722,-21.96201324991161,1.2609639923464355,,0.2520247630140047,0.2222222222222222,False,1
-0.95013421226039396,0.30470228311017378,-0.066343781620941428,-0.30726681179697241,-0.95107079487548218,0.032426062095814792,-0.053217337968407122,0.051194353227334899,0.99726979957140505,10.785226807664801,-15.216367182003715,1.7115887498103568,,0.1203453464426345,0.1578947368421053,False,1
0.50271694845571402,-0.80905881710673277,-0.30446592616782064,0.86350744130417645,0.45353793815102444,0.22058612256901239,-0.040380299004450497,-0.37380097527905315,0.92662951730059784,5.3781699303823505,-21.564712021727846,1.876033509149964,,0.4595291272827477,0.4,False,2
0.87034644172664188,-0.46563505923797965,-0.16025312159898075,0.49135400206633423,0.84275610896486586,0.21984855117966395,0.032685104056303621,-0.27008541687926002,0.96228143053993631,-1.3815232482522679,-19.925984312607376,0.95019792775856493,,0.1603191832015498,0.4,False,3
0.93507914404265746,-0.31972216454399222,-0.15298605124571088,0.35100004928759293,0.89528604609977303,0.27433895286514115,0.049254033099414549,-0.31022674475025397,0.94938580517358817,8.1861135232978892,-17.564441239405856,1.7347354286342587,,0.7207446815006836,0.5238095238095238,False,3
0.13316352257840763,0.96214352734977238,0.23779678095686693,-0.98459736437722978,0.10099904309863306,0.1427137812356381,0.11329389355090182,-0.25313835361734233,0.96077336953725923,-6.9226736441690573,31.961367145796089,-7.0697785337580621,,0.3591353747397632,0.3636363636363636,False,1
-0.98843877416131476,0.14308440139848061,-0.050156194143058823,-0.13114256478025488,-0.97282809206338583,-0.19080652765345646,-0.076094792445570117,-0.18202295835622226,0.98034546216826779,-14.161296887197178,-10.415746001399604,-1.8507155086627252,,0.6957778516501076,0.2666666666666667,False,2
0.99229245420291279,0.10364324630615426,-0.067924684961219395,-0.077592714455057291,0.94705838808641229,0.31154418662311945,0.096618093520080314,-0.30387248485226004,0.94780085300354988,-13.238473727957697,-6.0399516170787058,-2.2903292269645528,,0.4901012849358297,0.22,False,1
0.94568767189025782,0.31731801937756793,-0.070598171457074477,-0.30414422081843812,0.9403466471707026,0.15246139215409241,0.11476550081592561,-0.12270883315033279,0.98578467328791142,8.7634375416650396,-15.215205063073359,1.4718892862064907,,0.1234133784728146,0.2272727272727273,False,2
-0.72817573799375201,0.68252329058889694,0.062626291611098214,-0.68501469199900844,-0.72170670211211152,-0.099470135578289556,-0.022692869866060825,-0.11533166924207623,0.99306779211042706,-10.072709947330988,23.515349649743055,-6.1683605581913747,,0.3487345537676313,0.5,False,2
-0.44470579807419042,-0.85937121307141928,-0.25242399114060987,0.88722684918818329,-0.46127509264452171,0.0073353244915692756,-0.12274066660567712,-0.22069528098703273,0.96758892186261047,-5.1540278314247256,-14.101969814223496,-0.26893424937277555,,0.4276761567429996,0.4347826086956522,False,3
0.85350716646841951,-0.48342896087803067,-0.19447867896362453,0.52059001162791907,0.80728814912874169,0.277978207904024,0.022617616591767684,-0.33850005031118846,0.94069450905117435,-17.024887570628294,-12.335673856737001,-1.9608601343125254,,0.5213088588164945,0.2857142857142857,False,1
-0.79406838712928929,-0.57960229637737393,-0.18307532492382722,0.602317959427078,-0.79079425439406115,-0.10889225394371585,-0.081660714627602465,-0.19673745258952824,0.97704959057106888,3.2169618363385704,-10.331825565422555,0.25719967657043186,,0.2854238441626882,0.3700787401574803,False,3
-0.75280775989071402,-0.63826611115695098,-0.16092497629923225,0.6413198880948805,-0.76627520336090116,0.039129449883433504,-0.14828782074835223,-0.073747434279391372,0.98619067028385121,-2.4641747187711602,25.222478985066736,-5.4973034721528311,,0.8087517962620523,0.8793103448275862,False,2
-0.76882612510418979,-0.58895949891164379,-0.2490644454735004,0.62449786858287815,-0.77530204298112082,-0.094388316463123387,-0.13750927784233,-0.22810841893942857,0.96387641724249873,34.66075458527169,11.825110495183097,1.007568321028661,,0.2264905584458359,0.375,False,2
0.059358238512974608,0.97604709743705798,0.20930519130047864,-0.99243059621256413,0.035119512320339059,0.11767808443187314,0.10750865649709482,-0.21470603959617596,0.97074363522977247,-4.8593347939969851,-8.9592540728994958,-0.74874273602910446,,0.2704182504579969,0.4761904761904762,False,1
0.76521598846754646,-0.63021763641214601,-0.13141621569928852,0.64377172334784027,0.74959780343895399,0.15382165418836513,0.0015681872928484802,-0.2023088328140456,0.97932051798889164,-6.4191505350569198,-15.835090256565254,-0.16998928990283724,,0.08489753503786986,0.375,False,3
0.92490562533972098,0.37861408819238185,-0.034654818383453398,-0.36079752841815405,0.90280325919582549,0.234032943562964,0.11989465251749198,-0.20395501319566897,0.97161084024935795,4.7790403452820103,30.052219005560236,-5.2456606430727204,,0.1298131477903448,0.3333333333333333,False,2
0.49511489749521065,0.86777606534951301,-0.042731003789122077,-0.86084757185967142,0.49662428478996246,0.11093141025051124,0.11748487690599112,-0.01813891296018888,0.9929090006314818,30.966026571725763,16.189702284502562,0.063062047859733364,,0.6007168054015486,0.8,False,2
0.19848211896998599,0.9552684416450401,0.21924199608250611,-0.97298352619931094,0.16513104323638239,0.16135301764894019,0.11793178618989661,-0.24534453928449551,0.96223601618799304,10.279720671338533,-19.508284273441458,2.1631284994700457,,0.2467591098266597,0.2727272727272727,False,1
-0.98691905459960361,0.05577492386938164,-0.1512611567309638,-0.046479465087231435,-0.99684697532564992,-0.064309930098759738,-0.15437110802682391,-0.056438157761103461,0.98639966309559501,-7.1776922222693109,26.894410677942851,-6.2337807237555323,,0.2798703631480364,0.32,False,2
0.97053420035194449,-0.19079833560076642,-0.14717119649982349,0.23265675372317471,0.90097375459875861,0.36622005470920138,0.062723208577100398,-0.38966946076924447,0.91881636383425425,20.614200367606621,-15.801377198677695,2.8031017792606994,,0.1785003240652558,0.25,False,1
-0.37854000927757053,-0.89894139724592304,-0.22048089643705077,0.91040697414974026,-0.40457639742334722,0.086470110832941524,-0.16693292903334633,-0.1679949492261433,0.9715508706387197,21.074512845831041,17.479895279082903,-1.1828392875768119,,0.3221509523726,0.2307692307692308,False,2
-0.83621841221521465,-0.53518704091798208,-0.11963945129312589,0.53287096488561092,-0.84451587316791554,0.053305485170959642,-0.12956582054748772,-0.019177361676931529,0.99138535743925982,7.0135751537129867,24.531367761470541,-3.944025347075462,,0.09346164543675939,0.4166666666666667,False,1
