axis_00,axis_01,axis_02,axis_10,axis_11,axis_12,axis_20,axis_21,axis_22,location_x,location_y,location_z,dbh,dbh_approximation,score,reconstructed,number_clusters
-0.87927815599236148,-0.47605277402823615,-0.015610276573280055,0.47594443212012122,-0.87685242318699808,-0.067872862654711971,0.01862315570811323,-0.067108749735865739,0.99757184893137463,-7.3834859810841751,-14.429658645183258,0.14136089635739915,,0.07269062209012236,0.24,False,5
0.40759906910983917,-0.91312168767469004,-0.0084724470443479985,0.91115366741096304,0.40607071714183263,0.070039753308178937,-0.060514405097838689,-0.036267839445499349,0.99750822081705737,-2.4645540770260173,-17.18203576632504,0.15512444111991536,,0.1026811603300095,0.5909090909090909,False,5
0.64036403957620447,-0.76707500526090888,-0.039113081208497193,0.76578804432740355,0.63370799811065759,0.10946617877588458,-0.0591824972678269,-0.10005053440417039,0.99322068171307454,-0.43520251105876417,-14.880647340094013,-0.12282807600296826,,0.2366638075747374,0.3866666666666667,False,5
-0.36455759144518651,-0.92599139695182453,-0.098171764224206814,0.9311807918066094,-0.36256088797528169,-0.038104271164678176,-0.00030901472561693268,-0.10530686246291809,0.9944397262922049,-6.638165125341323,24.965180284855787,-3.0821350235656633,0.4434936250375601,0.2632954080447957,0.5555555555555556,True,5
0.76241636611401975,0.62719764986019821,0.15919922327491859,-0.64681319215332089,0.73151673278472196,0.21567559925127683,0.018814333310656923,-0.2674067644354014,0.96340004317846384,-14.878045526052766,-7.2529863586185677,-0.2587864536268914,,0.2249791092843637,0.24,False,2
0.95748999587008976,0.25545767572220524,0.13399359582944093,-0.28677983172605337,0.89312509280730068,0.34653267769883789,-0.031148610304016153,-0.37022823300304741,0.92841845068027873,-7.4997585699091296,-20.800699234486093,0.66566304887378824,,0.712463278131654,0.3571428571428572,False,1
-0.15946407827620326,-0.97618422007460626,-0.14709036751892926,0.98618631189393702,-0.16428438455648342,0.021147085471332039,-0.044808101639717539,-0.14168630656570255,0.9888969736829083,5.9844994462332508,21.538279271785054,-3.1581993837176943,0.1492973149388049,0.3585854485358575,0.4285714285714285,True,4
-0.87221601032670315,0.48280508097654312,0.07834848507151701,-0.48501273985350329,-0.87443946062435673,-0.010875287710296569,0.06326036286305986,-0.047485613465737694,0.99686671275763661,7.6206558058043532,-10.443180753231678,-0.82828073233709898,,0.07008741307193901,0.1538461538461539,False,1
0.1760140823848253,-0.98324441976112931,-0.047428407213689537,0.98289775870649498,0.17289375136187238,0.063401472141953838,-0.054139068443923535,-0.057776827090267491,0.99686047143991274,-19.190191257088102,28.24862249242863,-3.1172310143273996,,0.2014032788872377,0.5555555555555556,False,1
0.97673590959348422,0.20236348333160392,0.070964663914437037,-0.21041168791444367,0.96825132636394584,0.13496773904698417,-0.041399088149186636,-0.14675963208034998,0.98830548207123514,8.9096605181926911,28.044938363541085,-3.757565791377075,0.2206391485722802,0.1783952940746731,0.1666666666666667,True,5
0.48664393537883638,0.81798789201098787,0.30671401774685636,-0.87346359140525898,0.44937977902319975,0.18740109043035588,0.015460745403287252,-0.35910113161681928,0.93317058602545655,29.753190309785385,17.012056623560923,-3.929422121109889,,0.2685622590813327,0.1666666666666667,False,3
0.05720951080602299,0.98680183160066948,0.15148998984388423,-0.99739371851560243,0.049810217975004671,0.052198778251049356,0.043964100570297572,-0.15408143085669715,0.98707956646169026,-29.493279298413562,35.961378284087971,-3.4217282107634128,,0.3616979379956601,0.1176470588235294,False,1
0.96228679009131457,-0.27154196079935722,-0.01640418059504288,0.26595306495041449,0.92637212112324674,0.26665269630944599,-0.057211020435183807,-0.2609591093080626,0.96365307160300573,-19.682324713302084,-9.4933219154672734,0.0070042760608808145,,0.2502834455347933,0.1428571428571428,False,1
0.95371943055728059,-0.30067729758468875,0.0035228531995372056,0.29486577923191409,0.93745369508570431,0.18502632733780269,-0.05893572783510119,-0.17542443469291305,0.98272724990061178,-4.3289741531203916,-22.834078571116144,0.70228841277520715,,0.201599467031047,0.4736842105263158,False,5
-0.88845920972840164,-0.45340705967936362,-0.071149637256269938,0.45802479367630061,-0.8660699213324653,-0.20034016008019961,0.029215082176285202,-0.21058235822616225,0.97713947283759961,3.0145410408383997,25.835363031704279,-3.4331868563077745,,0.4250002377272434,0.1666666666666667,False,5
0.98559065237185828,-0.16606821387619708,0.03213120441540105,0.15705763960284599,0.96900703978837999,0.1906784064411679,-0.062800985657847419,-0.18288440387449759,0.9811265621824089,-1.6028923268483806,32.342127517299872,-3.7881472307992272,,0.3336932843172245,0.6721311475409836,False,5
0.91294384985230215,0.38887344662204476,0.12373750251701628,-0.40771778260858355,0.88204502358503278,0.23614145361121622,-0.017312907369841368,-0.26603386792130457,0.9638081989468823,-17.053922405070757,29.0586065890184,-3.1794188623951039,,0.6125176125606198,0.4130434782608696,False,4
-0.082243304899953545,-0.98426801136456754,-0.15637301750486493,0.99621601520979597,-0.085616553637936715,0.01494847091449869,-0.028101420580685946,-0.15455189273381872,0.98758494450540579,30.340816959465897,14.516783408958462,-3.7872671442431982,,0.2873861894609924,0.1904761904761905,False,5
-0.95294298616346385,-0.30032471230644725,-0.041288403939940203,0.30296702187168573,-0.9387686630964448,-0.16408650415653575,0.010518972386098623,-0.16887410803957184,0.98558149680976526,-13.852425828460369,-22.794295395531638,1.1009578523740038,0.573712808588437,0.2853135723292152,0.303030303030303,True,4
-0.48731856475106611,-0.8730317236079107,-0.018336467030534619,0.87303895838199508,-0.48754030059660503,0.010364962202205265,-0.017988707464468699,-0.010957411572666033,0.99977814615812888,0.71715071434861533,29.022578281977172,-3.6333274260240094,,0.1179264930403603,0.3888888888888889,False,2
-0.89573960668702213,-0.44117613682806744,-0.054901487280776776,0.44218309341473827,-0.87128926971878617,-0.2129063652666992,0.046094130975124561,-0.21498517336404044,0.97552893669192697,-19.995696830573152,-20.511529825806392,0.97981641114150553,,0.4011881276007313,0.3823529411764706,False,5
-0.98414226908838609,-0.17260309657981013,0.040892117145278142,0.16825689865812554,-0.98136002336350592,-0.092855374631347964,0.056157014232522402,-0.084502518276317676,0.99483954191490032,21.98662584432395,16.34925227724904,-3.4884581689743732,,0.2375661481466307,0.1666666666666667,False,5
-0.98491457173260388,-0.17022180024335237,0.031109887667654903,0.16937358901756486,-0.98515004372840664,-0.028142115862667634,0.035438308820976337,-0.022448386664324631,0.99911971064736704,-1.0911780798273978,27.297835484897909,-3.452040749647098,,0.141212495266319,0.4285714285714285,False,5
-0.99832609625336677,-0.03912458811089254,0.042594273613561814,0.036163743685840063,-0.99701646911648611,-0.06819343042493109,0.045135232160019148,-0.06653891279280158,0.99676245108963324,-0.34837134037438838,25.516626313451088,-3.3345899230190614,,0.09818768137293957,0.1851851851851852,False,5
-0.92871078833603604,-0.3687358305518269,0.039117245500081652,0.36997707533545676,-0.92851202871243366,0.031342882167138403,0.024763589289135315,0.043580956891465836,0.99874294232397165,-4.4597660009312872,-11.411557535463476,-0.21427464934965609,0.5002207199534281,0.4390086654033244,0.417910447761194,True,5
0.9212097312169355,0.36330382224714941,0.13922271313199483,-0.38824501806781769,0.88163390924072305,0.26830478195969848,-0.025267312020513796,-0.3012175008486942,0.95322063559583392,-6.1237562568227961,31.082596314501377,-3.5742398396986887,,0.5448026118920679,0.28,False,2
-0.99275335013201449,0.10086472252230161,0.06532299405386606,-0.10868073258218761,-0.98555241289986995,-0.12990357882923748,0.051276545974366587,-0.13606156392509985,0.98937251157245887,2.073072677649558,29.435236992856428,-3.7070006580838712,,0.7097725034222844,0.4067796610169492,False,1
-0.46564528668294514,-0.87578094508125903,-0.12720928905757867,0.8847523219220389,-0.46389403350917879,-0.044896041341590288,-0.019692532684209892,-0.13345434390517874,0.99085929487961111,-25.084670984478478,-12.750879068506544,0.38216694592398714,,0.5691008588322685,0.4054054054054054,False,1
0.97332710224539842,-0.22937854546628425,0.0044536405722894815,0.22619106853849949,0.96268624615444587,0.14856914881116162,-0.03836603377972668,-0.14359900537550077,0.98889199263983307,-10.768260483787431,-20.269042886395276,0.79925387686631821,,0.4710441741085811,0.1904761904761905,False,4
0.62541477914408716,0.74227373125877272,0.24059522420724322,-0.78025764490845351,0.59200216579585707,0.201820324186961,0.0073730312672828785,-0.31394767649434108,0.9494116572034168,-21.226376701003474,-9.0621546831806015,-0.005179454153729039,,0.7550645652195251,0.2702702702702703,False,1
-0.91438251775714408,0.38649755850852041,0.12051659009056925,-0.40100568096309258,-0.90557010232025104,-0.13833739053132377,0.055669157128808232,-0.17482112873060371,0.98302518680546791,11.668303531367597,27.31620766332431,-3.8017197071082469,,0.7334216006488885,0.2619047619047619,False,2
0.99698707651370388,0.056777204527838937,0.052849960365769028,-0.063206674922818451,0.98959867876840435,0.12922604700690579,-0.044963157249692312,-0.13217716907936039,0.99020579197675229,13.332460215469014,-11.720427746528628,-1.0492247631833214,,0.1255326875569305,0.4615384615384616,False,5
-0.97414130580079683,0.21101113352151074,0.080765202053152213,-0.2188953597606336,-0.96997614230306084,-0.10597690709836596,0.055978011825913762,-0.12091561062509695,0.99108318384441296,-5.5590592978805802,26.443219627278616,-3.2229817580258322,,0.07999852125286253,0.5,False,3
0.17959737465388034,-0.98165010911299533,-0.064092482366330361,0.98219989606980007,0.175290712558995,0.067502075901664099,-0.055028603270553381,-0.075074825134690978,0.99565838692449538,-1.1044601084970838,-20.336361962839558,0.34547310639735118,,0.09992172441049636,0.1764705882352941,False,5
0.98205738145339749,-0.18546934355773589,-0.034123630128663061,0.18849107036962584,0.97100776524545696,0.14702052994033007,0.005866508655752202,-0.15081459622094037,0.98854465839581873,8.6558114277787279,22.006570859948699,-3.2830964131643676,,0.6554379394412607,0.1333333333333333,False,3
0.98661779031643704,-0.16283794743983182,0.008314968712726814,0.15415554117084745,0.94819611155423966,0.27777725457593383,-0.053116898981719424,-0.27277818260814524,0.96060952427901902,-10.219086745328015,25.863428459438918,-3.0361727685766673,,0.7790189354995072,0.2571428571428571,False,1
0.82830176043378723,-0.55837005516432003,-0.046250136843940519,0.55625942552420826,0.80967374524605451,0.18709323284048759,-0.067019737225438178,-0.18069672867825076,0.98125279467995008,-11.515081436704493,-15.940110543390169,0.38602684519817143,,0.1646313820975714,0.4375,False,6
-0.45427108041597686,-0.89069727080680483,-0.017209220639274644,0.89064531687668047,-0.45450258777827057,0.013353547412355962,-0.019715603549972274,-0.0092611813590705722,0.99976273460081322,11.765014684684761,-13.778784328378375,-0.81050723435206606,,0.5157845875805117,0.2352941176470588,False,2
0.96062502496052948,0.26919494600181293,0.068801471398966987,-0.27610544850153285,0.95256057588306009,0.12803956646716547,-0.031069965036177736,-0.14199447285163341,0.98937971828425775,-8.0728575835428344,-11.98335209650636,-0.044131203003498216,,0.07573758233386146,0.2222222222222222,False,5
-0.16859284405407018,-0.98547959762211534,-0.02015975208959099,0.98494531737373292,-0.169223570179242,0.035300213587857301,-0.038199145505065368,-0.013904890015564976,0.99917339802275484,-14.537265631646928,30.529695408978601,-3.3438511021785073,,0.09847741515314266,0.3571428571428572,False,1
0.98807879191127423,0.12465165660753673,0.090345257098274859,-0.13900896260345513,0.97459281168857526,0.17562847070127358,-0.066157458317772949,-0.18609356762111273,0.98030218545047543,-16.850649304897445,-21.919475600788502,1.0682947691360312,,0.1788703929243639,0.2903225806451613,False,5
-0.049382149026819581,-0.99688693060359224,-0.061464224954379726,0.99654132323469102,-0.053296026308692977,0.063756761722621069,-0.066834081449100344,-0.058103194158778383,0.9960708932527863,19.860883729883,20.929505250767065,-3.6541672869204911,,0.1775312478034725,0.1176470588235294,False,5
0.0041995528257672329,-0.99322792987868358,-0.1161061715197321,0.999916958046555,0.0027562211048206484,0.012588894158995612,-0.012183627004658436,-0.11614939756248067,0.99315702518729898,9.5244088745201605,23.544009644817791,-3.4455339997105687,,0.4148889343247432,0.3333333333333333,False,2
0.15512239719853774,-0.98459802334063107,-0.080645981431827524,0.98512221520615362,0.14805837553327764,0.087252154940547735,-0.073967986282590478,-0.09298091131071215,0.99291655597896533,-16.498251839413864,31.39091306129556,-3.4219197242999924,0.3953016460715156,0.3439885291491766,0.4137931034482759,True,5
0.6023479893457393,-0.79639769085073109,-0.054107464723153462,0.79485250542503916,0.5921848124149065,0.13238822668447039,-0.073392059180008587,-0.12275123605383426,0.98972003096662287,8.1207642315704529,21.349385517508914,-3.2270602582835841,0.7734759850652229,0.696815289391693,0.3291139240506329,True,4
0.93740753053574033,0.32473893951887578,0.12574475279327402,-0.34366084068978847,0.92100970150983352,0.18340762334525826,-0.056252540131744487,-0.21514123473877389,0.97496148685155948,-15.728305905150725,-10.036536969161775,0.017907148722479022,,0.4101017980927377,0.3666666666666666,False,3
-0.079306911968346702,-0.99561531684627913,-0.049603977412389373,0.99372808782968536,-0.082895843755562804,0.075051759116034705,-0.078834644493413389,-0.04334074236947566,0.99594511840686317,-6.9306987480442288,33.159666002625819,-3.7300387421581784,,0.2986915264990974,0.1904761904761905,False,4
-0.87203727112599838,-0.48920326031302774,-0.015204205544086496,0.48844608973967851,-0.86786915578217771,-0.090683768448098265,0.031167534152396252,-0.086506060718508845,0.99576366989051468,8.3343097429245958,35.230476465331535,-4.3178965833215122,,0.3402488157974202,0.28,False,5
-0.96996959100251401,-0.24139502245156799,0.029789858442448747,0.24044015382806946,-0.97012478902244303,-0.032348510804879445,0.036708649628507707,-0.024214393648530563,0.99903260116108528,-4.2830967297796194,31.131877364087686,-3.6250659591492123,,0.6425132766675966,0.75,False,3
0.99526060689987306,-0.088315804717061297,0.040701879446462856,0.083280849600456397,0.99019744434624779,0.1121308222567983,-0.050205820809171506,-0.10820970311084607,0.99285952466073479,0.79332926202158194,-19.489944774347872,0.20698755307440411,,0.08040412604660699,0.2,False,1
-0.051647119656210369,0.99480614390807909,0.087711521899673739,-0.99683644281186101,-0.056666365644263431,0.055731761921439048,0.060412592341451583,-0.084555656507477345,0.99458567234762485,-13.994131388163874,-11.521272573622705,0.096694702666450819,,0.09666684142381732,0.3125,False,5
0.96956207285652518,0.23670528688571796,0.062609855761767391,-0.24252488125608568,0.96356663422269473,0.11278751431107108,-0.033631367053405498,-0.12453894400186027,0.99164458480698725,1.3733612774394568,-15.580584477086703,-0.13667929985227928,,0.09129791330722374,0.2380952380952381,False,5
0.54906708073754007,0.81519198013193128,0.18435665536925439,-0.83519413019571476,0.54341418982562151,0.084568216149970329,-0.031242690936925211,-0.20040721999156097,0.97921439962771972,16.220715503286812,21.332407215036795,-3.5363175888286897,,0.2741568771975635,0.1666666666666667,False,2
0.35543908588185125,-0.93447800562380534,-0.020344857650772992,0.93281377743582417,0.35325608671051811,0.071194057532076208,-0.059342336096446381,-0.044283114246032755,0.99725497889922332,-11.991555682315386,26.309182610447376,-3.0617552082357724,,0.08300799971591392,0.3,False,2
0.99785549536340135,-0.049589953400732543,0.042722908313620828,0.04396869894623099,0.9913411879791163,0.1237311704023267,-0.048488801656017239,-0.12158735763995808,0.99139565793687856,10.592838889708069,33.731202987224371,-4.2675336660739633,,0.2520338087393723,0.6818181818181818,False,1
-0.94528051316778505,-0.31990622920663075,-0.06406836926318224,0.32536364333456297,-0.93886846679381897,-0.1125366680521644,-0.024150590496057965,-0.12722423737251581,0.99157992234800407,-16.947775067921711,-7.1872452303352805,-0.2295968429753745,,0.2487466057066008,0.1304347826086956,False,2
-0.015896565103785808,0.9982093939249832,0.057665458446269462,-0.99858666072692781,-0.018774904148029067,0.049721061859892834,0.050714694479451095,-0.056793563492262514,0.99709704187190629,1.7014950717989867,4.0806161737513813,-1.5816860732031339,0.412037940097173,0.394612982465853,0.9932705248990579,True,5
0.9657666080576679,-0.259058001569759,0.013557676182526072,0.25551864619966186,0.95899134106317463,0.12266144141557619,-0.044778121946766163,-0.11499808515161289,0.99235596446355068,-14.055163633674789,36.331122954902121,-3.8536488950647514,,0.1787968136480723,0.4545454545454545,False,2
0.92568049724076984,-0.37068736555954912,-0.075541339957687428,0.37343203925169505,0.86340035910563451,0.3392467125214072,-0.06053205009250999,-0.34224362216231752,0.93765941258050378,-7.8986385594859829,-4.4398588899205595,-0.62356884094603926,,0.6700177006403455,0.2662721893491125,False,1
-0.99422129580152008,0.078799826374780127,0.072901319179088958,-0.095266151949335867,-0.96067302091742057,-0.2608288848539666,0.049481059684620389,-0.26626666003219807,0.96262853193107967,17.163458165057399,18.387297166250477,-3.3823461102560577,,0.4622847081565891,0.25,False,2
0.87929890502059649,0.45667616598751859,0.13520471533390171,-0.47590430420692242,0.85360347919399615,0.2118400187529039,-0.018668927845652168,-0.25061520250544633,0.96790675759922717,0.68440352732025234,-11.604346895852977,-0.40457929911620377,,0.3890481308918339,0.1081081081081081,False,1
0.93796999152935279,-0.34607719672137832,0.021044450572501972,0.3398484806858002,0.92971609870140315,0.14188370586855961,-0.068668079673012722,-0.1259307338377538,0.98965961072941944,4.2122219324053898,27.889760336475241,-3.6335515672490746,0.3969382199961413,0.3162046519800059,0.7931034482758621,True,3
-0.78662335286014029,-0.61376069272684153,-0.067242195075253627,0.61681188474462811,-0.77627344521396857,-0.13016388551904501,0.027691146109369499,-0.1438657371270278,0.98920970987351609,-6.149202339785421,-7.4910178458544419,-0.47944928822214949,,0.5312662493518752,0.4729064039408867,False,3
0.85576478187378402,0.50546441358747907,0.11032844012846746,-0.51713996127800366,0.84200663073806692,0.15359392645060505,-0.015261014183203966,-0.18849551822203822,0.9819554679598792,-18.08276747293964,-8.9529632578824661,-0.07085531799281361,,0.6905027621553825,0.6875,False,2
0.45625556530157868,-0.88960958697911674,-0.020631090281026415,0.88694938040588511,0.45277660494473537,0.091181920424705132,-0.071775035555233097,-0.059900991390511631,0.99562051781865191,3.5854622160493563,24.650411400498232,-3.3344138085373722,0.3924231481644371,0.286175309532284,0.5151515151515151,True,5
-0.32236809023083485,0.93607291942990933,0.14087691049597156,-0.94278595072228832,-0.33086004427203147,0.041064366852288522,0.085049782607566737,-0.11957893047805265,0.98917511789577983,2.4475189142587217,23.10287062066384,-3.1459073903936177,,0.2083552081664436,0.375,False,5
0.9827308423023281,0.16828059691980374,0.076952792594374431,-0.1837295602416433,0.93680670588211024,0.29771906977505391,-0.021989549362610352,-0.30671621495223489,0.95154696321527155,3.4681881152701717,-8.679474098516204,-0.74965765673452689,0.5313642880189817,0.4065830999900552,0.1304347826086956,True,3
0.70492345339104967,0.67547429350238464,0.21637329705093092,-0.70928329925403388,0.67116927243675883,0.21552032186321521,0.00035532878954580224,-0.30539529556652567,0.95222559679273744,-20.677672360557345,35.726442698322074,-3.6473549853718428,,0.717210230844959,0.36,False,1
-0.20769949949993957,0.92707469281609101,0.31207920764995845,-0.97662714310713561,-0.21457326208837812,-0.012559400588694265,0.055320351172689977,-0.30739360620660838,0.9499730678337297,9.5031152416797635,19.76181164582945,-3.1527243871421282,,0.3222894126748964,0.2352941176470588,False,1
0.78047052577434506,0.61071240237444913,0.13377638051444549,-0.62452280195045728,0.77147915207068207,0.12161902714728061,-0.028931440362810239,-0.17846646605547453,0.98352056015733758,17.125893825266552,-13.541737714968038,-1.1507089917434377,,0.325447914829309,0.4117647058823529,False,4
-0.84172259152985907,-0.53872225175534971,-0.035796848630869064,0.53973034841292167,-0.83787921178103808,-0.081544941395836179,0.013936639132945256,-0.087958864981477425,0.99602661016704075,-1.1682445123086298,30.542429540775696,-3.6646974117419515,,0.1457352836330028,0.3,False,1
0.92078735542435386,0.38304194779807316,0.073685224554752571,-0.3891116776788125,0.91519777823801129,0.10490533352594342,-0.027253410513294621,-0.12526728597390294,0.99174863684309056,2.185998631619368,31.623818199339613,-3.8602581365505451,0.2188674288979834,0.2259129069495438,0.8275862068965517,True,5
-0.84505175360265194,0.52214992550707506,0.11509556475398303,-0.52791811276893186,-0.8489350397335208,-0.024733874001745745,0.084793867370061671,-0.081662436931559446,0.99304644727768265,3.3859081614025124,21.387033504251708,-3.0418100708889924,,0.2326997914707104,0.2222222222222222,False,5
-0.41971013050237338,0.88346723643758407,0.20815630784345582,-0.9056692427244476,-0.42280263442187177,-0.031641035205119128,0.060055217397052343,-0.20180082870807028,0.97758365186623797,5.0594041110204184,-11.104584794076985,-0.6527147098663606,,0.414041219795116,0.2653061224489796,False,6
0.75378938817984797,0.65426424133964844,0.061154401082051557,-0.65710141074290052,0.75112330878113587,0.063494180878001377,-0.0043925240056512452,-0.088045882981162504,0.99610673535667205,3.1628542141732199,8.6771477044726097,-2.06606285579673,0.4004775479645509,0.3608055790129859,0.9577039274924471,True,5
-0.12696238548245817,-0.9884428668213453,-0.082832672917184144,0.99114917590642249,-0.12968703767300704,0.028365178646018958,-0.038779682471937305,-0.078498224754458681,0.99615970854967606,-7.5401939934687778,27.449604281287883,-3.2524977528147332,0.630269773672804,0.2299233029035642,0.2307692307692308,True,5
0.90359755558559851,-0.42798621159396177,0.018419018029777769,0.42389194566532762,0.89950812885784004,0.10583356990450445,-0.061863365086257768,-0.087823281674720463,0.99421325441581609,-0.63543446423226779,-6.1425104950392608,-0.7831741072148164,,0.512428525231535,0.2578616352201258,False,1
0.37877867254975339,0.8761800108477803,0.29805252190214732,-0.92471598103144803,0.34515415770799096,0.16052713740029614,0.037776601838876447,-0.33641818620233754,0.94095469197291115,-20.352122628945736,26.259755290843053,-2.9437847277457547,,0.2714097702695432,0.4,False,4
0.19252276716882116,-0.97375615224597034,-0.12138344238314823,0.98104168677545844,0.18819875672159106,0.046243234934540745,-0.022185421574169435,-0.12798509261461105,0.9915279235291391,15.174457797274997,18.270889854211756,-3.2715228431852155,,0.3656169688738898,0.5645161290322581,False,5
0.13421214121555172,-0.98382677563662091,-0.11862536276356586,0.98979368291370828,0.12730335659188047,0.064049361156521545,-0.047912069611474581,-0.12601083660102952,0.99087118367861249,9.1074992552826028,24.427478256169302,-3.4811936486690649,0.5574591414854729,0.1840102611854532,0.32,True,5
0.9976034114227279,-0.063107557281175702,0.028370226148892529,0.049131933212286268,0.93480539323972134,0.35174554710579392,-0.048718442673792661,-0.34950867368912886,0.93566564560183973,-11.121748182263437,22.983207879879817,-2.8124005859224659,,0.4195925421823781,0.119047619047619,False,1
-0.50082018310343701,-0.86355470104538667,-0.058757318681612609,0.86543253287810085,-0.50072107936340149,-0.017462294160423747,-0.014341381817485101,-0.059595964490583242,0.99811955485502957,3.4831703430425964,28.254937648575417,-3.6427007532429152,,0.249144497386644,0.6296296296296297,False,2
0.12869581152898824,0.98875349274833757,0.076183454062278,-0.99068246628287671,0.12473393778451895,0.054678110468868203,0.044560510483758912,-0.0825104559600284,0.99559348409011617,-0.09163288204649675,-12.20463832244835,-0.32630405591963063,,0.08373776076907428,0.2058823529411765,False,5
0.99872338326486143,-0.034944066508460471,0.036476237961745671,0.029853540608451801,0.99082501766591224,0.13181255812890122,-0.040747635920739302,-0.13055533916005785,0.99060331797530043,4.091929003821221,-16.066342795981896,-0.22512696346993041,0.1876125881169148,0.1618995187091434,0.3076923076923077,True,5
-0.3081356745414785,-0.949789749635231,-0.054330815958460447,0.95109764174938671,-0.3088490557888271,0.0050533748232477957,-0.021579664817192552,-0.050116785872539357,0.99851020317279826,-9.7438648532672882,-11.881412370128555,0.0016698910976044642,0.6786757026986923,0.2893344802084412,0.788659793814433,True,5
-0.92978009770507342,0.35732607970205793,0.088470575200468013,-0.36482068256841954,-0.92653361473904117,-0.091876712658418111,0.049141016288386831,-0.11770103450422047,0.99183245913550333,26.625152916443376,16.195605132351414,-3.7204096425810058,,0.3181480435063599,0.3076923076923077,False,5
0.91207972295355433,0.39817683516029934,0.09780484097781092,-0.40976152533540877,0.89355885899453458,0.18343406953776054,-0.014355184839154857,-0.20738315614849862,0.97815446388293958,-6.492426099178652,-19.626994441726843,0.53954046130098265,0.208990781672995,0.2587320219516787,0.8571428571428571,True,5
0.79974514686212983,-0.60008633519782084,-0.017438187386261871,0.59674411620772827,0.7914455710786461,0.13232674631930019,-0.06560609607290413,-0.1162338088889962,0.9910527442216327,-7.4915537482180286,-18.10492239524331,0.46821693466342379,0.4335257985665084,0.1376840348741387,0.25,True,5
0.046382934864009899,0.99038327708702734,0.13034411309974969,-0.9979033738312425,0.040043187044320749,0.050846825540599529,0.045138452007391992,-0.13242925521837265,0.99016413412761162,2.8799480254754815,-22.694810927335244,0.37124080409748567,0.4365526452575005,0.3036155742739131,0.2105263157894737,True,5
-0.99881137680274235,0.040392914008122942,0.027280873654329088,-0.041306472562293244,-0.99857472870953845,-0.033797729319178238,0.025876802234271475,-0.034884433213172764,0.99905628841698646,19.507786830800274,18.274203645356032,-3.4802348992065886,0.5476355819238212,0.3153403491572171,0.782608695652174,True,5
-0.86930012565643733,-0.49417753548536014,-0.010288583737257877,0.49379930520375076,-0.8673362607944759,-0.062370320596824347,0.021898349572426326,-0.05929902303304023,0.99800004416499488,-14.707194758887946,-13.616639565934475,0.27548815936835869,,0.114798532926184,0.2352941176470588,False,4
-0.71750847857343547,0.68214439861606779,0.14092765027473378,-0.69204401130682414,-0.72109973439053221,-0.033019077459317758,0.07909911244504865,-0.12121960443190559,0.98946911923100389,10.427399768851117,21.726260743466074,-3.3427072209558819,0.6629728916041916,0.3722648921545299,0.6867469879518072,True,5
0.99082681970529562,0.12604219518580917,0.048739905472146051,-0.12886050715014996,0.98985815195097315,0.059798066132713532,-0.040708513233690166,-0.065530176628394554,0.99701986585090452,-8.7411203909937196,-21.611782581293184,0.79724826038124452,,0.08147053571089516,0.3333333333333333,False,3
0.95686934480115815,-0.29008905361712828,-0.015792338374064414,0.28470355519599072,0.92550847045465301,0.24975579427803479,-0.057835479064026585,-0.24347979811107021,0.96818006862010308,6.5213322322638314,28.019943729730102,-3.6784614485434091,,0.1821755798562479,0.3,False,1
-0.97908333679175485,0.19101102984322801,0.070075716870782553,-0.19596291320947262,-0.97794265393002189,-0.072295935368201628,0.054720711464502234,-0.08451598726002052,0.9949184346640102,-19.695096836029172,-5.7816872499747793,-0.29032029177314461,,0.5210612160563827,0.775,False,1
-0.68601511588266106,-0.72757494471978423,0.0042379943963849753,0.72756962046152296,-0.68594623059384796,0.010964310993790874,-0.0050703216837197883,0.010605119051474845,0.9999309092571993,-10.215037935068054,-13.549748624399374,0.16036032033978756,0.1556043620528353,0.1682202454897939,0.6470588235294118,True,5
0.76198700464221569,0.63076189148572781,0.14668074517717375,-0.6473597417763588,0.74798682202711031,0.14642772552023697,-0.01735423532254499,-0.20653123328719697,0.97828609322285631,-13.055139112641646,-8.1246506897476802,-0.20953524518437469,,0.2592478410741861,0.2452830188679245,False,4
-0.74737024162155719,-0.66035131597376484,-0.073306626100608008,0.66438052114362012,-0.74177697886414862,-0.091462761559610237,0.0060203873188505279,-0.11706004065818311,0.99310659136753165,-12.898288545285327,26.065955830968125,-3.0158747069603309,,0.4024083550509173,0.25,False,5
0.84323815592818485,0.50918982944924629,0.17226470901574997,-0.53571619402378934,0.8224322172987919,0.19134630231508848,-0.044244455556590713,-0.25363549738638536,0.96628746375913466,-14.304238549956567,-16.965834062589195,0.58489414915428695,,0.2082775530557744,0.25,False,2
-0.99221619913998926,0.11396401582842083,0.050191804714045551,-0.11715638076626286,-0.99091355218190813,-0.066065986316585001,0.042206594389312006,-0.071432032019901087,0.99655209005428524,-12.910855080457686,30.645525009648946,-3.377280420911335,,0.2477294117318978,0.4666666666666667,False,4
0.83672852020897193,0.53842054205851442,0.09994350083081624,-0.54744246559793186,0.82703140855749657,0.12777243881001824,-0.013861108504048925,-0.161624160164309,0.98675503572174417,-6.8685395505245728,-9.5482701947754212,-0.28664186989081186,,0.1204632459948624,0.2205882352941176,False,5
0.097444995400805978,-0.99163219587456253,-0.084676212576673904,0.99465572400254609,0.094117362326787746,0.042448943657279713,-0.034124237431884953,-0.088360116645697831,0.99550390567091751,-1.6232617383608088,-15.086523334505706,-0.033716071432774636,,0.1447701887595667,0.25,False,5
-0.65624221656812387,-0.75453876641853446,-0.0041717101232166542,0.75454954582296463,-0.65622372221914949,-0.0050407633551167383,0.0010658762187009986,-0.0064557236961353681,0.9999785935406047,-3.4730101310813812,29.08433199331056,-3.4920080928463753,,0.1181618183577185,0.4375,False,2
0.85846743778671308,-0.51003814773704859,-0.053802844839980796,0.50888234637678298,0.8340425456666396,0.21310042131345017,-0.06381548249425209,-0.21031909060014226,0.97554777654564606,10.703002951075705,-9.6995493492232061,-1.036615383201551,,0.1081466000498521,0.4166666666666667,False,3
-0.33025176722768113,-0.92997961925798445,-0.16146726605652117,0.94063116064648689,-0.33846835213978943,0.02553809351963842,-0.078401465954635846,-0.14344714136067432,0.98654758008502286,-0.33720227527283125,-21.517382690720133,0.4203206304789141,,0.3539336663836563,0.1071428571428571,False,4
0.82325468201097041,0.56343968173477632,0.069191427168623032,-0.56749452079480633,0.81381145272125543,0.12514347081487637,0.014202021507165145,-0.14229070407561659,0.98972302090977782,-14.464179987363815,26.520829133797218,-3.0255091363215905,,0.09706929557766297,0.3928571428571428,False,3
0.49086341860721133,0.86492113063818155,0.1047117092249514,-0.87097542420296792,0.48421689984935129,0.083281476540359556,0.021328729631672289,-0.13208115564247708,0.99100941146713961,0.58977308846441634,-17.600068197512744,0.046547624962672285,0.2466355123716849,0.1727774534583981,0.3666666666666666,True,5
0.20830529437887593,0.90349458811299455,0.37457500395015764,-0.97740115127560045,0.17819758226975127,0.11372163891866122,0.035998525231749942,-0.38979885957214649,0.92019615042521985,-15.331895407388474,-2.8843307159163509,-0.57612284232363853,,0.289699704891212,0.1842105263157895,False,1
0.53699010268450154,-0.84087855159129565,-0.067563977773765466,0.84114388734595358,0.52762093031859703,0.11871442486183637,-0.0641762448217955,-0.12057949810586976,0.99062707122161286,15.630972046197805,-13.049993542200264,-1.0810408856443396,,0.09057585544798201,0.4166666666666667,False,3
-0.51615999771222221,0.81720684232917995,0.25642120351501618,-0.85410171850244943,-0.51346266436959986,-0.082863422266002101,0.063946158703090533,-0.26178057442988828,0.96300665607163727,-22.133731738858636,-22.727475778036482,1.1992807038394262,,0.1229787851564592,0.3,False,1
0.3746340333609135,-0.92707379626666708,0.013546856589115582,0.92509974875336387,0.37473300477446059,0.061364729194943568,-0.061966086726520236,-0.010457122377413211,0.99802347301423056,-8.7894120345802733,-6.58162822715608,-0.45770389008666928,0.1588521594225548,0.08948120494780348,0.2765957446808511,True,4
0.56832601927110471,-0.82136011668053566,-0.04871441825575297,0.82016601272565648,0.56077387528897304,0.11340358179125196,-0.06582740606432691,-0.10440411639357827,0.99235403616396811,8.3781189768694873,-17.215163774182951,-0.34856959509866176,,0.08750413147470801,0.1818181818181818,False,4
0.75553418640988268,-0.64988025870700827,-0.082605947176153577,0.65234844275575832,0.73478092350738156,0.18584537573955773,-0.060079966711828858,-0.19430039576015387,0.9791004819768776,8.6457951881622161,-24.747035850725108,0.20941764157151171,,0.4964239686868964,0.3,False,3
0.85146782518096842,-0.51720657552714766,-0.086601968297918622,0.52049254830445379,0.81336879288460284,0.25984363359717078,-0.063953497489414882,-0.26632417275366854,0.96175952564346701,0.97186410486988783,24.641283063268766,-3.308490332341893,,0.669322038036571,0.25,False,1
0.59449326895502497,-0.80374144607210807,-0.024030002769149204,0.80041944568692591,0.58865114141050401,0.11321901201805981,-0.0768535238840935,-0.086542022058812298,0.99327942407188219,7.9533487856072433,31.424542325756821,-4.0114344549287964,,0.5369001827278675,0.2258064516129032,False,2
-0.89876429349644915,0.41146519278362642,0.15139068618432919,-0.43111808757609033,-0.89222098432589225,-0.1344578361170162,0.079749227585997132,-0.18611316518739149,0.97928644963737155,13.905147537461616,18.729000765275927,-3.2518185527255699,,0.1953110105642819,0.1304347826086956,False,3
0.34876501646167707,0.91104402550567509,0.21991304391259225,-0.93605914374952548,0.32698550513342334,0.1298990332356097,0.046435360399077641,-0.25115585404894625,0.96683219551355093,12.893511248608432,-13.369823145165002,-0.90154759692199771,,0.4166928846885334,0.125,False,3
-0.53602039427324222,0.81064553825560626,0.23566066330517682,-0.84113683715571685,-0.53661949255149655,-0.067292952034005607,0.071909374234757892,-0.23429325965561298,0.96950281607487498,38.681015780709863,9.469220798046365,-3.9990911984302007,,0.4294518038032202,0.2173913043478261,False,2
0.43661667288772849,-0.89937225037906132,-0.022258396270965874,0.89784739218474185,0.43404518476846565,0.073992147734532138,-0.056885334696304975,-0.052290848409769948,0.99701039406270897,19.261763824570487,24.543690685545393,-3.932612241159001,,0.2330862737142674,0.4545454545454545,False,4
-0.94030696588475493,-0.33391255928117486,-0.065766349016062819,0.34009469109283513,-0.91480504060995216,-0.21787000428029052,0.012586143137424729,-0.22723146883501999,0.9737594408127731,-13.571560216349331,-5.4261927144468078,-0.427101980181265,,0.6136101312332427,0.345360824742268,False,2
0.48013445239446562,-0.86541159315452065,-0.14329578520536176,0.87482499400711144,0.46040519279341652,0.15069269494343279,-0.064437081593785805,-0.19771148900003618,0.97814008691652365,3.5502579968039294,-10.738142634365753,-0.58947017824939973,,0.1482388340473992,0.1785714285714286,False,2
-0.99781414017692338,0.0029430907036096261,0.066017269559544539,-0.015423516102510389,-0.98178869463961405,-0.18934908034864797,0.064257737386425623,-0.18995340822147272,0.97968803498410861,13.756196499247944,-9.1284360107606251,-1.275342643312616,,0.2024089940107425,0.1153846153846154,False,4
0.71744976502179625,-0.69364206600065703,-0.064237986771919636,0.69135372740599521,0.69769500897083114,0.18775435563264176,-0.08541579638454512,-0.17911548992628132,0.98011314805815253,17.886210932926279,-11.574429685437911,-1.3508575963991938,,0.411257690399866,0.3,False,4
-0.646151395637791,-0.74445091278609299,-0.16817018869969147,0.7616922231861728,-0.64290344511173325,-0.080623305570855036,-0.048097100256066797,-0.18018878631984611,0.98245542913230455,11.439104946485937,20.227696494227018,-3.2820844526364295,,0.3931872291419567,0.2727272727272727,False,2
0.93277338267698928,-0.36036883493208921,-0.0082534464932353807,0.35523470046300326,0.91511648728058359,0.19070952334429012,-0.061172903775188081,-0.18082067779138153,0.98161181651749574,-11.951397358150599,-4.3216337254056292,-0.54182091332472948,,0.2245523178555414,0.2676056338028169,False,2
0.97131227240240969,-0.23629502033076866,-0.026779336200663244,0.23336530117908602,0.92544079424613312,0.29849618515264204,-0.045750471976374454,-0.29618237576190704,0.95403505941971067,-9.9217143348763077,25.180221078101624,-2.9752958431723964,,0.6153744125498323,0.5074626865671642,False,3
0.93129088370181135,-0.36424447234931923,-0.0048222709240674788,0.35927912953793023,0.91624944356109117,0.17721586907626988,-0.060131497672734291,-0.16677206461801899,0.98416019094996798,9.3322616198751565,-12.230421398197009,-0.79068390926873744,1.036175848341347,0.6513821777205469,0.4897959183673469,True,1
0.34642205485178817,-0.93456037964117034,-0.081170540944462591,0.93696706778173755,0.34050244213409048,0.078427041211647938,-0.045656037987956699,-0.10322298051147549,0.99360985426351844,34.574691167010741,13.236940909245744,-3.9457323958608566,,0.4704469528311268,0.375,False,3
0.73421930845242822,-0.66878824927437952,-0.11680875278911808,0.67572064943672194,0.70320648390902563,0.22113851974072884,-0.065754171125895475,-0.24129425733078785,0.96822180845028005,7.3311877643129382,-12.703943054324153,-0.65887923602884768,,0.135793530702251,0.2941176470588235,False,1
-0.60715574165912556,0.78192693593993701,0.14125215829126447,-0.7918973422791441,-0.61006892990562878,-0.02673013383862223,0.065272541405913875,-0.12808656297748164,0.98961271602735101,10.527009588470035,-5.9403062673902065,-1.3075014006560888,,0.5013414833595272,0.3727272727272727,False,1
0.28308297328331283,0.90424939377849867,0.31968275538148194,-0.95857343031213482,0.25575407908347331,0.12540665744604909,0.03163872526991951,-0.34193988489701188,0.93918906838820948,-21.60844607365561,29.850083433862146,-3.2327776888578956,,0.3779654770446546,0.15,False,1
0.14936821777058684,-0.96590122243041687,-0.21148041050524008,0.9850447771099019,0.12678331287540207,0.11667381310663225,-0.085883191653209762,-0.22574503335348106,0.97039335184640141,17.546511636917394,20.814766243125195,-3.5488265071712961,,0.3473219737183071,0.1153846153846154,False,4
0.12582655869744369,-0.98927012633467426,-0.074244826541222164,0.98729414921365777,0.11755080995619988,0.10692085861571053,-0.097046071815597573,-0.086754966546122345,0.99149162161096605,20.294453050452596,15.034338605812273,-3.3078509741877977,,0.2520774378922448,0.1538461538461539,False,4
-0.13029893901771303,0.97163273237738723,0.19736266076366041,-0.98753266427973718,-0.14491687597360456,0.061468170939236386,0.088325667115638495,-0.18689283675653368,0.97840157609116407,5.4358800454521337,22.532897801579495,-3.2019630438210123,,0.5272601814095188,0.2857142857142857,False,2
-0.38140399836899247,-0.90348588877889846,-0.19556134281996804,0.92409000139427444,-0.37819557013366373,-0.055007090946556272,-0.024262303090911638,-0.2016962059848339,0.97914757883581982,28.041541371592903,15.267749749642876,-3.7108773061136753,,0.2838312980045436,0.1818181818181818,False,4
-0.99207099894455575,-0.12562175507657136,-0.0037825526611614604,0.12513537834084515,-0.98453925778673335,-0.12257074269271251,0.01167348022853823,-0.12207221030288393,0.99245257082196314,13.034751244870366,20.608598017733922,-3.3686275725174721,0.8418521752538087,0.3823589429930632,0.3125,True,3
