axis_00,axis_01,axis_02,axis_10,axis_11,axis_12,axis_20,axis_21,axis_22,location_x,location_y,location_z,dbh,dbh_approximation,score,reconstructed,number_clusters
0.97819133403650704,0.18172660358107909,0.10058407213254576,-0.20040697438934774,0.95301500730013511,0.22715510224697211,-0.054578005020220373,-0.24235890206800798,0.96865030013746645,4.0418469626754332,7.8809266294690117,-2.8043622848589411,0.579068208712448,0.7597213825538818,0.6323529411764706,True,5
0.36418436315349689,0.91653257808765087,0.16534141325900606,-0.92874863521916617,0.34420612713124921,0.13765215081444268,0.069251153152981415,-0.203691372790577,0.97658287023563539,-13.703238227428283,19.93266646044269,-3.183308624149396,0.2644419177778488,0.1924939661788045,0.4594594594594595,True,5
0.76245092989330765,-0.64693395478613269,0.012043157792086562,0.63863261724216003,0.75539828779769302,0.14670312534756419,-0.10400461383640502,-0.10416278095888419,0.98910725169905234,-13.753339722554646,5.8774642884176691,-1.3912688052583884,,0.06942786610396558,0.3287671232876712,False,3
-0.88158062439953133,0.46620548507054488,0.073946253275409296,-0.46195099958072938,-0.88430340909870375,0.067887809235358809,0.097040592896467659,0.025689031638998786,0.99494884139022588,-20.804010787305952,9.4613858738736063,-1.4824710285276603,,0.1324048535677942,0.4814814814814815,False,2
-0.91734728174615199,0.35537805573002407,0.17938896894316916,-0.38738127190739718,-0.9007097365887311,-0.19661566720296109,0.091704497427076176,-0.24985677481270382,0.9639304317386399,-1.8188384458958824,6.3360929941465445,-2.2753127371223671,,0.3634673530330414,0.2837837837837838,False,1
0.96435191044107504,0.25608194978987991,0.06668903823314716,-0.26326302647305772,0.95394762978262249,0.1437932492308418,-0.026794994325337308,-0.15622405264212769,0.98735812836841264,-5.5357910086725379,-9.9299056792441434,0.32770321057761254,0.2787230932063512,0.2567535182140314,0.473170731707317,True,5
-0.36263712472510301,0.9257808478963524,0.10688375666779083,-0.92369052750584169,-0.37227672664249389,0.0905861368882067,0.12365324567955711,-0.065877617357183893,0.99013636149989481,-8.6758490026775448,-12.977426440970557,0.8661831872584238,,0.1002921679247618,0.3157894736842105,True,4
-0.2634613174205111,-0.9638543765945351,0.039659487422401343,0.96165924215022358,-0.25917144715893409,0.089675319707267317,-0.076155342623518502,0.061764890488874985,0.99518112024535033,-2.6167835023678774,-3.9650123795087815,-0.71713342648754996,0.1990711452457476,0.1443319051924115,0.7287066246056783,True,5
0.8952074134423792,0.42546001362021113,0.1326177353452172,-0.44560645504071356,0.85042065046654414,0.27967767963516144,0.0062108086311652502,-0.30946485110646915,0.95089059927301689,-12.765037092952582,-3.8071777722072357,-0.11995907999983095,,0.5243614468228367,0.4069952305246423,False,3
-0.022730730303730094,-0.99969287953661434,0.0098722086511025958,0.99609803813361208,-0.021804484702742221,0.085517617326588233,-0.085276094693812005,0.011777565565077225,0.99628774790375307,1.6264312971900938,-12.537821639311442,0.15007830277824621,0.2970351123029824,0.08552784316390534,0.3157894736842105,True,5
0.82068066862963607,-0.5705804364341277,-0.03035137058279954,0.56056180278391721,0.79370478564249125,0.23622696397289869,-0.1106964561187887,-0.21088072175248429,0.97122377225637024,10.124720343552324,18.245479719273831,-4.6092007932971466,0.3962957907056296,0.2170102100678321,0.6666666666666666,True,5
-0.98617767236058518,-0.15614390899745492,0.055431743797689371,0.15971041091584595,-0.98488043540478032,0.067105235279983522,0.044115566215903998,0.07503071131133443,0.99620490320895594,-1.8527039218593344,-5.6732145844337616,-0.54431652440986844,0.2811460678567971,0.2486097032345085,0.8295454545454546,True,5
-0.99720030637385992,0.03165363451664395,0.067746559984743104,-0.039871859851953038,-0.99152842220380433,-0.123618860834342,0.063259653491193613,-0.12597394724275701,0.99001453567927622,-17.456074028315246,7.1961567264923119,-1.3656829736992548,,0.2573418235983987,0.1739130434782609,False,1
-0.20532130221576361,-0.97812860624345943,0.033280512385626848,0.97537971056302986,-0.20171110291218375,0.089146234827557069,-0.080483433564943196,0.050764757560508335,0.99546238317247282,-1.9351327905795026,2.4424908792378202,-1.6119850484599163,,0.08196174331826692,0.3825757575757576,False,5
0.97069293162066861,-0.2359352108869989,0.045714426228251698,0.22658138546043829,0.9618793905180425,0.15313038189551736,-0.080100613384038344,-0.13828454129202608,0.98714805240913783,6.2127542893939873,2.4944315657098826,-2.0384593416867749,,0.0825843233329326,0.2727272727272727,False,5
0.93382170290183519,-0.35742373309646874,-0.015010070249704653,0.35043812542909886,0.90552554019199694,0.23919995047184295,-0.071903737282952906,-0.22863020596451658,0.97085430497339176,10.217474009103865,6.3026977047232888,-3.0134624974482263,0.6306762681333817,0.2816286527671302,0.1636363636363636,True,5
0.06717778328191483,-0.99585256879137762,-0.06135802037990977,0.99384314534655349,0.06135807218426978,0.092255023849644083,-0.088107592641023524,-0.067177735965446767,0.99384314854485911,-2.105738693927464,-2.2973574116006565,-0.99829220861359469,,0.3163268177367323,0.2127659574468085,False,5
-0.99811688734694737,0.011069310539163631,0.060333651945075416,-0.0093865801493617663,-0.9995609650606988,0.02810283330955729,0.060618242352789731,0.027483585848879298,0.99778258213046889,0.48466878692827031,-10.306624251868771,-0.034525285849111055,0.52454105686394,0.2439363848452061,0.6746987951807228,True,4
-0.98913236696386297,-0.13866198382349676,0.04888777829476687,0.14038646840959415,-0.98951996675621101,0.033791639177012556,0.043689817028090362,0.040287586585940768,0.99823249308722284,-6.6036919142420318,-10.841836368709073,0.50443447034894384,,0.07701640754074927,0.3214285714285715,False,5
0.68123512163719757,0.72717701007874691,0.084452975441284925,-0.73144705130304888,0.67137804621540631,0.1193177698419589,0.030065265474092197,-0.14305633531206269,0.98925778477556325,6.4801757889223932,1.653063276576624,-1.9598756868082703,0.1629352870128359,0.1235260244943051,0.34,True,5
-0.95450236827846369,-0.29219304497811149,0.05956889639084402,0.28863198494655889,-0.95544955698830625,-0.061706736396104536,0.074945354870153719,-0.041705737222451515,0.99631512347555884,-0.91575066572302766,-8.8452886569799922,-0.18504460403657388,,0.1819781981881403,0.1794871794871795,False,5
0.89936402618949973,-0.43517056440991109,0.042082398545838146,0.42417540720040858,0.89183837364141594,0.15716087053398745,-0.10592248261147852,-0.12349451474374297,0.98667600178864556,-3.8313526339314983,-17.006803158584955,1.0834877843413135,0.1613125470341662,0.1308381968473829,0.6111111111111112,True,5
-0.57228063743616253,0.8153181737717945,0.088040601617018904,-0.81451746752136489,-0.57758752227308463,0.054350245786219512,0.095163896085874278,-0.040607014564801799,0.99463304954636023,-12.856718909879689,6.72210236055205,-1.6454463178843874,0.5588976335122351,0.1764615890081664,0.3209876543209876,True,5
-0.91460061556167083,-0.40197818020474685,0.04380932153653342,0.40408191712731528,-0.91260103374567436,0.062266824690510369,0.014950527245717687,0.074651830825540846,0.99709758092649536,-6.1301696839778161,-12.547005683078652,0.63924176134349742,,0.07952142976546454,0.2972972972972973,False,5
0.26704984916503821,0.95996958885466444,0.084514889428643353,-0.96106729731402529,0.25884203080905577,0.096697741029239156,0.070950885085700688,-0.10704761352243823,0.99171910354933945,10.572042386138875,-4.9244266129941572,-1.40313268981866,,0.07399083507987018,0.3529411764705883,False,5
0.97432428753455003,0.21719126597461225,0.059330739963664156,-0.22493762010489493,0.92758026872858335,0.29832517849982898,0.0097595994711187073,-0.3040111824419523,0.95261847093598206,-8.6860428193511758,-18.625571905556917,1.567006525768122,,0.2826962708018706,0.1929824561403509,False,5
0.96918382557493332,-0.24339630076115809,0.037959886982456809,0.23253650370158663,0.95481009311599363,0.18510661935778888,-0.081298749622481792,-0.17057528208861697,0.98198502353661654,-8.3936468006114033,23.297722733321677,-3.8954998308006292,,0.1929762603028281,0.1363636363636364,False,5
-0.66208705478287677,-0.74909049392600546,0.02245359210971562,0.7487386079717806,-0.65989816544813062,0.06264908754860371,-0.032112751694875145,0.058291021160084243,0.997783006485227,-3.3695085205431532,-2.6116572756141481,-0.86141888020596358,0.4723239641879507,0.4523715771978319,0.6537530266343826,True,5
-0.37742088109226651,-0.92592019981732232,-0.015008733650376978,0.92370389095813765,-0.37756952050978937,0.064902842856117568,-0.065761693593880594,0.010632062464941243,0.99777871239238558,-12.612795150295302,-24.712896019537688,2.5458318387254892,,0.1081590424235932,0.2666666666666667,False,1
0.42576017861973747,0.87970166649726134,0.21178585472979453,-0.90255364585568332,0.3962751788167137,0.16841288254285869,0.064227615978660432,-0.26285159428035071,0.96269613727799641,0.5753765876742496,-4.5855362711504091,-0.7860830504843862,,0.14776830675327,0.2264150943396226,False,5
0.89806614130098239,-0.43977877710828195,-0.0084754382723640428,0.43085341466369026,0.87563375481650396,0.21824495984693409,-0.088558121713385118,-0.1996500804685433,0.97585721519467294,30.651584959350668,-1.2875572206659078,-3.2709289395070806,0.605119981301222,0.7207320469984458,0.9838709677419355,True,4
0.84394134686225175,-0.53635690825840765,-0.0091798703591994893,0.52613146900498997,0.82427152509522028,0.20919400144328271,-0.10463594209917014,-0.18137728601090866,0.97783106912203266,-8.183154863317224,19.455682453881263,-3.5221022162333049,,0.2830262115043928,0.3888888888888889,False,2
-0.56628128719967619,0.81379528342699892,0.13062442512581204,-0.81984017393787345,-0.57246049711871327,0.0122909900379813,0.084779673064925884,-0.10013099375601399,0.99135573389396292,4.9935932731851027,-28.087875646957542,1.8423852629313167,,0.7646941602465462,0.28125,True,5
-0.17710636893162077,0.97869504515752459,0.10387176068579895,-0.97875617443073859,-0.1862213572251547,0.085778535350795521,0.10329416778096906,-0.086473202191965692,0.99088480672836288,0.90078843142324061,15.677828261520553,-3.7253457589257399,,0.08123790362457974,0.375,False,4
-0.98177505890440864,-0.1855348508671574,0.041164946580149006,0.18446840767847367,-0.9824286121499286,-0.028380073955756119,0.045707114126941832,-0.020269216631814344,0.99874922707119995,-14.146233558401589,12.363541083603563,-2.3150993886742079,,0.3570982023617981,0.1578947368421053,False,2
-0.22132481406201562,-0.97282663069194397,-0.067997597729425124,0.97347485303352543,-0.22454131899050289,0.043907932966152627,-0.057983076770460773,-0.05647603635670384,0.99671882701475323,3.5499248312732012,-18.08475995163267,0.79326945546455363,,0.2259175304665548,0.2727272727272727,True,6
-0.81186529262602558,0.57940352501046355,0.071876990996464607,-0.57472201124024413,-0.81477830026639009,0.076360534381184952,0.10280737534450338,0.020685178763075372,0.99448618238480968,-7.5402799032004202,-7.5369582769533743,0.131838931170152,0.2663331468328113,0.2367841592866877,0.8830845771144279,True,5
0.44985494380842789,-0.88684259799589327,-0.10554968456139703,0.89268384322975602,0.44287879259326624,0.083510065906350156,-0.027314566950044229,-0.13178991407169555,0.9909012730748239,-23.078515410242417,-16.364849245669053,2.2035534754960167,,0.4733767635131616,0.6153846153846154,False,2
-0.9745136589247545,-0.21767840106648986,0.054214779149445322,0.22033770334720504,-0.97418631168826808,0.049115441593121249,0.042123924944926956,0.059809228621882392,0.99732062603702787,8.541806189706497,8.9052590617752969,-3.2858690517294478,0.3089133035122956,0.284511414405079,0.5230769230769231,True,5
-0.99644671968086951,-0.067057739301336447,0.050962676902106617,0.066867689087177357,-0.99774709206354306,-0.0054270097553306834,0.051211785688209548,-0.0019999696342349401,0.99868581302033477,4.6921399308139211,6.3392172512665006,-2.602647357474241,0.2166883382190966,0.1666046926272692,0.275,True,5
0.76148851875146861,-0.6334167990695948,-0.13754415460543079,0.63937071649121224,0.69917158947109248,0.31994401911893949,-0.10649095127384309,-0.33157540188152512,0.9373992906781492,-19.878563035537368,8.1178298378920104,-1.3617809108492129,,0.677178783585146,0.3157894736842105,False,1
0.90437194912102215,-0.42620288436840947,-0.021505324900905509,0.42044822648969438,0.88127023128389415,0.21583806034734654,-0.073038801227265554,-0.20423976304550079,0.97619232362603814,6.3187871745792474,-5.1684506762610756,-1.0905279646541843,0.2884970029095239,0.3554829233717012,0.8012422360248447,True,5
0.20806408279504518,0.94663207211964784,0.24616469585445866,-0.97733573189067491,0.19116113737781898,0.090952112268695359,0.039041063258770714,-0.25950942100602087,0.96495111575081594,12.5707607407948,8.2740816007706304,-3.3862536842008035,,0.3429079106935848,0.4,False,4
0.99193783404405866,-0.1174572430430247,0.047572360133945869,0.10685018061473793,0.97703217897577255,0.18436691717456383,-0.068134956480355252,-0.17779740521893569,0.98170551103823089,6.4365225361923484,-2.8637717602841493,-1.386785643644241,0.461530775180232,0.4017915051253579,0.9450980392156862,True,5
0.69870283548259027,0.68253531288414315,0.21438258873969718,-0.71453461595280054,0.65093986069750764,0.25635440382465513,0.035420760773499413,-0.33229932955282193,0.94250863406388619,-3.7853037204168185,-10.543640925418879,0.29784757986490762,,0.4496486624860131,0.4615384615384616,False,5
-0.87681678769814686,-0.47921328252048395,0.039331293732161404,0.48079434851349928,-0.87474132732977483,0.060534326615763551,0.0053958547221609546,0.071987777554851834,0.99739091866455787,5.8817170345311034,-14.699884911307572,0.14129751549765035,,0.1063297398697765,0.3225806451612903,False,5
-0.8483563694181977,0.52046139711177353,0.097012393971263711,-0.52050303402502751,-0.85343632245188206,0.026889311827354573,0.0967887495441275,-0.027683526442065717,0.99491987633447954,-17.575361471136372,5.1509555919357064,-1.0676007871850914,,0.1510481406611622,0.7281553398058253,False,4
0.53572123695407836,0.82840580530973984,0.16354381066098048,-0.84287191514158888,0.51300167399660146,0.16246912673562344,0.050692119130528096,-0.22488464644303097,0.97306587898880204,10.475634289966692,-2.1133310661352405,-1.6751814910449427,,0.07776046060997463,0.3181818181818182,False,5
-0.98818185986998641,0.14001850386525211,0.062381330534312156,-0.1352531306519931,-0.98796782369089386,0.075007799596539138,0.072133227244658732,0.06568407666106077,0.99522982250355341,-34.457947239887851,6.1331687944448445,0.24167096122297663,,0.1575825517731713,0.3928571428571428,False,2
0.46351142780854815,0.85447611130864076,0.23457990428368825,-0.88398703148326008,0.42768012031811925,0.188829666244722,0.061025277224237853,-0.29489030144706752,0.953580424323068,-1.8270080599394161,8.7729500121623296,-2.6692486656173942,,0.1267471500271831,0.5517241379310345,False,5
-0.59832987704187646,0.78671504520891511,0.15192365148648471,-0.79609043384868594,-0.60517588575067705,-0.0014725625603411174,0.09078204323357883,-0.12182604379941754,0.9883911349655653,8.5361630718558636,-7.9853137578231168,-0.83667249634083618,0.8799233132702121,0.8368933024070233,0.1,True,3
-0.38745594208606932,0.89176487328210086,0.23373768143445392,-0.91418725186275629,-0.40436789466720641,0.027354602794266103,0.11890988804055526,-0.20308130525129331,0.97191482239114602,-17.514256494563227,16.287649925361418,-2.5148250153905529,,0.3128672639729592,0.2272727272727273,True,5
-0.27036620296982883,0.93203097968948578,0.24128897444917236,-0.95373257642511955,-0.293519633392339,0.065118334428407726,0.13151535635499101,-0.21251935844125602,0.96826609634466476,4.1428363960107211,11.042212541145689,-3.2911296893316337,,0.5002517578310363,0.125,False,5
-0.98354760606158043,-0.17936749245995523,0.021480438989054031,0.17690204531848272,-0.9804062028444972,-0.086656469961408911,0.036602909347100691,-0.08143082998878845,0.99600665005544287,1.6359657685328184,5.9934677906526028,-2.4186188475203507,,0.0842672212366308,0.2333333333333333,False,5
-0.74488432412559336,-0.66677901077697643,0.023517960354486105,0.6667005298855434,-0.74522619862911876,-0.012178519086064224,0.025646581103418456,0.0066078486718894949,0.99964923308810461,-33.102532203733183,5.1455040751281889,0.31479440795227676,,0.4805740718055787,0.7142857142857143,False,3
0.56084454761969582,0.80800110403147551,0.18052038469152293,-0.82677652655805034,0.53513243078714423,0.17341815548681067,0.043519748825840032,-0.24651064359122274,0.96816245230765741,-14.700464981226771,-9.0215034149673983,0.77359548801851352,0.9593547444475261,0.8391282184778426,0.415929203539823,True,2
0.82665618314381561,-0.56100959196447731,0.043678285153492855,0.55341078056962523,0.82459728237623453,0.11737048115709231,-0.10186296097903913,-0.072853000086337855,0.99212719827600904,5.1075614423867446,2.0813674805646447,-1.9546372116283417,,0.08405214394783585,0.21875,False,5
-0.128227516690743,-0.99083782489683303,-0.042404112029832075,0.98794908400146875,-0.13135719234547208,0.08186510514116789,-0.086685127813166923,-0.031395744501889707,0.99574092807476156,-4.6796616859556774,-8.1853875921064461,0.014046961629536102,0.8147375988046678,0.8142316315946474,0.8646288209606987,True,5
0.95827980267512891,-0.28574555567814391,-0.0070211961305719842,0.27282526523698941,0.90707247720820416,0.3206023950935768,-0.085241975770635386,-0.30914235960405073,0.94718784148929913,3.7457175192932115,-5.3347734382023875,-0.91751650633960879,0.6465963087152912,0.5709722167583792,0.3488372093023256,True,3
-0.99532936211030854,0.057365298522076953,0.07764459702102941,-0.059987018244568327,-0.99769047041041647,-0.031863504113116198,0.075637415101329764,-0.036372349081599781,0.99647179270618313,-15.055141288468445,-3.9229778090534078,0.0059012558887460188,0.9538093644180741,0.7231839521609561,0.7656012176560122,True,4
-0.11636038356672404,0.98177779006338128,0.1502419118437559,-0.98832396595056482,-0.12943751457992228,0.080384501908753375,0.098366658294113132,-0.13913411069049339,0.98537591800206559,-22.131257519183521,-1.1155917183946948,0.13354961579562966,,0.1039197834973312,0.2307692307692308,False,2
-0.33632392147113122,0.93702365966342105,0.09419597166147349,-0.93536725007088417,-0.34399281857389824,0.082201266805426762,0.1094272696411276,-0.060461574578851526,0.99215425749141106,-19.088813318426443,5.6531993476535192,-1.0385115780574958,,0.1322192825088934,0.48,False,1
-0.64930576519194982,-0.74995738487960184,-0.12635641714232798,0.75914491218175262,-0.64913096336054377,-0.048249297561445498,-0.045836945764926688,-0.12725137826822183,0.9908108099590871,-9.4694697149795157,-1.1163751732413836,-0.70173872752750044,0.7410233894580835,0.7342865458701441,0.527536231884058,True,5
0.049219696465408427,0.9481718654826653,0.31392281692635421,-0.99016006258244493,0.005098609491307797,0.13984653963536484,0.13099798451344044,-0.31771704028644637,0.93909286567678629,-14.454384226540938,-17.39125102280406,1.7472646004648631,,0.2914908092217814,0.3043478260869565,False,3
-0.99597256398740375,-0.081463860084339618,0.037447179927409147,0.072732968225029171,-0.97833325483122902,-0.1938400315324732,0.052426778630138227,-0.19033570866101923,0.98031818859540398,-20.752171398348075,11.068738902665746,-1.7147279331184795,,0.1620988847097455,0.5,False,1
0.9912032798109186,-0.12346996773751852,0.047657372556322145,0.11566316412058765,0.98315527462762697,0.14151939244318382,-0.064327992022835206,-0.13476228344299454,0.98878765991669737,-13.590487229554359,8.4389956239971653,-1.8195236685403258,,0.1610136183190447,0.5490196078431373,False,4
0.23117826945999356,-0.97272992629978328,-0.018790907649705174,0.96877352945569439,0.22837268455332488,0.096559647761701548,-0.089635129025616253,-0.040526626194697588,0.99514980591558955,-10.51254990225225,-9.103425906985315,0.54110106330542995,,0.1049493819502655,0.2368421052631579,False,4
0.63022390124524708,0.75283105122790428,0.1899032453811941,-0.77496739121036673,0.59502268964316585,0.21301066022716392,0.047364299422881569,-0.28141323195063517,0.95841703658860244,1.9191014638945996,10.791926717448172,-3.1231645239882257,0.2696485546164647,0.1579911803103549,0.2083333333333333,True,6
0.95247148010902649,-0.30008743213477485,0.052398594004787913,0.29142196818012817,0.94769664665859699,0.13017028222321786,-0.088720437560587076,-0.10871337998061113,0.99010609783611114,12.087717332291223,2.5153974049087688,-2.3987637156066328,0.2244000217682932,0.1521576302367888,0.1851851851851852,True,5
-0.6167333669759828,-0.78657987464408607,0.030529573586272094,0.78576450740058701,-0.61284898979797198,0.083607742542879615,-0.047054149317343599,0.075552739913898381,0.99603096865685969,-10.67814728363169,10.831877279205179,-2.2923198278899748,0.1584940354841973,0.2424473120457007,0.4,True,5
-0.94091184999193822,0.33019228769767855,0.075219303969942294,-0.32774107989450807,-0.94377749941793121,0.043241370723179615,0.08526825373097946,0.016033862211312023,0.99622900990096575,0.54776025237075299,-6.3043071806670667,-0.58139869361237184,,0.09673452969205901,0.2592592592592592,False,5
-0.71313426851190242,0.69618413838632032,0.082262753013074896,-0.69427623270073435,-0.71763338687277822,0.054615334406935598,0.097056827585024957,-0.018165007701685644,0.99511306127209898,-8.4511584890321494,-5.3403356384282663,-0.19813680967865427,,0.08168846936845786,0.1847826086956522,False,5
0.76811732754784356,-0.64028356893225735,0.0057203562938822269,0.63097496716526169,0.75840968948254439,0.16335646209987043,-0.10893283220202483,-0.12186752748111718,0.98655052775521002,-2.7577044111056064,-1.6474000758394274,-1.0187048032673176,,0.09009705016897762,0.3022388059701492,False,7
0.97685230065320261,-0.21252274201730464,0.024365279271766908,0.19679089422473403,0.93746001760776398,0.28712725286374446,-0.083862546221627671,-0.27568605244425637,0.95758251541521389,7.9577724118870599,5.7890780259189363,-2.7804946859169379,,0.09044107627692714,0.3333333333333333,False,5
-0.22757778456886643,0.96399238949571031,0.13757552458587463,-0.96933550552938141,-0.237724125926145,0.062256868478509121,0.092720168738126024,-0.11918856047038412,0.98853278011514223,12.368008521963969,-2.1187107757187329,-1.8329098339987311,0.6049788319643362,0.4323162318707007,0.3333333333333333,True,5
0.72316135212100485,-0.67891052160340204,-0.12695732532909376,0.68213665298707271,0.67322684769022367,0.28540357075670808,-0.10829240716742214,-0.29299507710076284,0.94996138834407595,8.281741680898115,-4.4662330232389671,-1.3132933182274269,0.7239128878322444,0.456311859471544,0.1538461538461539,True,1
0.67799993916668622,0.71415085857373306,0.17408226126854665,-0.73450930178198581,0.64903505423703323,0.19811507758692209,0.028498562870965548,-0.26218705072892567,0.96459617578775314,-11.285906431757814,-19.445546578067678,1.821610386728663,,0.2175476590510442,0.1666666666666667,False,2
0.52488977621538568,0.82247286190256241,0.21915545683001009,-0.84970628480783128,0.49122634134719251,0.1915617684318151,0.049899422668352497,-0.28676658278198991,0.95670004422332144,-18.803269333762568,6.9203370657235155,-1.2387937096154968,,0.1427749970404523,0.2631578947368421,False,1
-0.87396311608327837,0.47649729274467767,0.09559708014891774,-0.47621696973597183,-0.87890688135925632,0.027204625247086639,0.096983861861106468,-0.021749112771302773,0.99504829361803659,-6.5402152407739633,-6.5258735938532233,-0.14067655160589987,,0.07311784657002932,0.2162162162162162,False,5
-0.849381332211674,0.51767285669217389,0.1027918573355187,-0.5172537534042948,-0.85520385251325637,0.032786052456090661,0.10488044183493253,-0.025321613113079722,0.99416241571981634,-6.3412065357723648,20.008208892156166,-3.7059605506155426,0.2256780102988002,0.1933110301020941,0.5,True,5
-0.99496517413213315,0.083117152483359158,0.055998582368421666,-0.08275673670131016,-0.99653155123067461,0.0087286844562658034,0.056529857551252477,0.0040504771132628464,0.99839269270182029,1.1499077502858162,10.879819705691713,-3.0692891638705042,0.1173431309362837,0.1296573189996195,0.34375,True,3
-0.70265570695301638,0.69236900133138835,0.16401257110883657,-0.70207690385051491,-0.71209904010898184,-0.0017257333340928854,0.11559835018731848,-0.11636203449253391,0.98645673922515575,-22.328956834854313,3.954343169381858,-0.58214203639279671,,0.5932530692550366,0.5234375,False,4
0.18993748293397733,0.95480126374634944,0.22864448238494361,-0.97895559211575245,0.16647816284230704,0.11802953004204747,0.074630431072058995,-0.24625102648521896,0.96632847971741687,3.6771572353238127,-11.402924697353962,-0.11165633639209471,,0.5884662505864489,0.6538461538461539,False,2
-0.28477967932926601,-0.93294054921176506,-0.22027815569767689,0.95570587665530193,-0.29414540701774505,0.010235079720549184,-0.074342528660526777,-0.20760638517833385,0.97538340013839886,10.166934946166924,8.1602883519477594,-3.2233304215999015,,0.3728589029598184,0.1818181818181818,False,1
0.74365951757490123,-0.66849955959742158,0.008880356880179123,0.66081298230631058,0.73699508295467719,0.14200158490689246,-0.10147277632796818,-0.099732575012795463,0.98982659549317631,14.133700494408973,-7.947419059253817,-1.2284186724777255,0.7136530594713014,0.4440808747437741,0.3809523809523809,True,4
-0.18214602127945567,0.97687801365558169,0.11194719008706092,-0.97576581478245628,-0.19362081508284915,0.10194142763657106,0.12125964552971916,-0.090666015700358552,0.98847143204193233,-7.5985084705791577,-15.750998084313268,1.1555041420505161,,0.1201451462322329,0.5185185185185185,False,5
-0.2220517173182377,0.96987602795256644,0.10016748593717303,-0.97022761483708164,-0.22997669649479893,0.075954555339932395,0.096702689950017337,-0.080319421513675188,0.99206722568792649,-12.512984019017392,-1.4836816509709632,-0.41705726379687075,0.5423378340557533,0.3886098772075436,0.833175355450237,True,4
0.28607971276364991,-0.94524801809053927,-0.1570496171309414,0.95413555115726933,0.26592143494628884,0.13751778231894626,-0.08822555164396495,-0.18918767066596714,0.9779694664482651,-15.502646731624049,10.779370873543478,-2.0320930024243222,,0.5235469212049504,0.4545454545454545,False,3
-0.88424109409059826,0.44975619038729503,0.12584536832863455,-0.45381887800988147,-0.89108457027277688,-0.0040883472985498714,0.11030010645196464,-0.060726088545933254,0.99204144504481118,-1.9424437125465304,-20.28707605718709,1.3741861561785174,,0.1867460119137702,0.2142857142857143,False,4
-0.6840138344625849,-0.72749715725184405,-0.053600004237660613,0.7289044616476501,-0.68452718643988708,-0.010991670248048452,-0.028694251235066921,-0.04658773674667957,0.9985019893474828,4.5028189369495886,22.645492365414366,-4.7433033411098142,0.283747465964147,0.2245403245976059,0.2352941176470588,True,5
0.33686160506185614,-0.94117238408498349,0.026810491807080974,0.93647481019779755,0.33786221984505138,0.094149085318832135,-0.097668771366023741,-0.0066078617692616679,0.99519703941615945,-0.40964462692523768,2.7013702825150538,-1.7272540818686426,0.5054560991366375,0.2283480263158879,0.3924050632911392,True,5
0.34701036478352226,-0.93536771017851272,-0.068345105810239226,0.93063991369596932,0.33439708794601875,0.14862011508938319,-0.11616005237931683,-0.11517740372411882,0.98652978054522311,0.0055350135256334587,-5.1463498211749981,-0.68325814008838204,,0.1544481848019197,0.2037037037037037,False,2
0.73636726407084074,0.64606200169774231,0.20091575937972372,-0.67610850786283194,0.69154999818884266,0.254235885744926,0.025308852212607556,-0.32305183789497072,0.94604279608924757,1.7163269486492463,7.2288914071993524,-2.5979308731513799,,0.09131424033939572,0.3095238095238095,False,5
-0.78992804983235287,-0.61316298254917778,-0.0066957389026873551,0.61309188965928174,-0.78994688535495183,0.010112030064345898,-0.011489600605209142,0.0038826729720611089,0.99992645425977467,10.343429597274211,-8.0276006326865108,-0.93708005674767492,,0.872049332767413,0.5964912280701754,False,1
-0.52511645113687577,0.84342523320696594,0.11351911176180414,-0.84347858691749189,-0.53353641134494567,0.062311886352676732,0.11312199678703105,-0.063029943351813444,0.99157987075372966,-6.6101271753673938,11.784021114253436,-2.6432671313340621,0.4499543772297808,0.8047252445840944,0.7151162790697675,True,5
-0.91408492702867272,0.39941392761564454,0.070123181656502012,-0.39595941164780579,-0.91641518598654437,0.058303955447049298,0.087549360400345,0.025528833108718313,0.9958330121931076,-3.4598147294043029,-6.8166470474992877,-0.31714654107897189,,0.08801963616830935,0.4491525423728814,False,5
-0.40251676186433832,-0.91357347668715294,-0.057997923342090911,0.91268078689457566,-0.40540034952909787,0.051617224210366415,-0.070668505373650201,-0.032156792368528614,0.99698139553996767,-2.1388007809812253,4.9256378294538372,-2.0565198984941264,0.602610727532289,0.3841996166879481,0.5206896551724138,True,5
0.31471587323619987,0.91366046821855873,0.25725175985369048,-0.94647582530443275,0.28160616810871242,0.15773863888540843,0.071675876328579954,-0.2931254251984502,0.95338347681022806,-20.48797153059218,-1.2197565560568122,0.040736468962490432,,0.0776197866859118,0.3076923076923077,False,1
-0.90836964900226969,0.39813902590866429,0.12786671505905478,-0.40941373750054594,-0.90899593740937368,-0.078145872054054114,0.085117403140178571,-0.12333572808296236,0.98870790725113444,7.9517379643489381,4.3563947010672868,-2.4472704350192709,,0.1886757818952368,0.3076923076923077,False,5
-0.64270152093706068,-0.76611275594519945,0.0024495230637991486,0.7648518387489901,-0.6414535121477124,0.059489969874370913,-0.044004769599190419,0.040107816338162953,0.99822589794149608,-3.4857964185457719,-4.5012188019888111,-0.55861617726495971,,0.1132296681865998,0.5277777777777778,False,4
-0.99780746581806457,-0.047603631561987242,-0.045979945844288335,0.053136479242837945,-0.99038113396763672,-0.12775650298382235,-0.039455997407346954,-0.12991960492200746,0.99073917885864493,-16.523667713651832,8.624084124996072,-1.6243933852738051,,0.2637972206570286,0.2325581395348837,False,4
0.53660565505418578,-0.84168808491570946,-0.060129349529106722,0.83815393436559282,0.5233859561449542,0.15350935873004556,-0.097736141070465035,-0.13277164087694873,0.98631604372406767,7.1546567931455689,17.684632774281855,-4.3952729054502333,0.2395020136173069,0.2215519760740398,0.3076923076923077,True,5
0.57295285694479237,-0.81933641401929358,-0.020319064466783623,0.81198530755421083,0.56409425525094692,0.14992508632304863,-0.11137721506167339,-0.10239878834676044,0.98848854525999508,-17.062837687076684,-9.5572785723520841,0.9882115959586395,,0.07231428681232911,0.3333333333333333,False,2
-0.54309399088750765,-0.83710541776119285,-0.065600583966442985,0.83963128118475383,-0.54217635272896458,-0.03262076328914898,-0.0082600676709642107,-0.072796442882713114,0.99731261356993528,-7.0835358442662884,-12.173039485785718,0.66112134877562545,,0.1422730119854193,0.4285714285714285,False,3
-0.95109713257369,-0.30868589608024011,-0.011281044776306384,0.30791254749030794,-0.9445429918085898,-0.11414201559157916,0.02457859857955225,-0.11203371897075712,0.99340039173811867,-12.225736169034613,9.1769852752481427,-2.0068547136743171,,0.1790961412440592,0.1428571428571428,False,5
0.78682158989726358,0.6027899925781004,0.13249909629591594,-0.61706278553107241,0.76413600862623843,0.18796190846390595,0.012054226817778631,-0.22965274909840228,0.97319798111554401,-0.1876019070097078,16.149524953187022,-3.7165553797457997,,0.4398362183644999,0.625,False,1
-0.85416500142842433,-0.51899258519243785,-0.032385905113962513,0.5199856360278563,-0.85297497643480324,-0.045261770853044336,-0.0041338431859927194,-0.055501226034365164,0.99845006146987447,-19.35185687095106,-17.347476799632755,2.070153340589461,,0.1718355954756578,0.3823529411764706,False,2
0.24221799745083383,-0.96999410616844361,-0.021020839883023792,0.96400843549162651,0.23816222205130047,0.11817991491184854,-0.10962745099605581,-0.04888956929721168,0.99276967721724774,24.942863606866492,-1.6001718526348878,-2.7246337076976395,,0.4069961591958487,0.5769230769230769,False,5
0.61512933570659645,-0.78779680020011011,0.031497649874718509,0.78055857273393436,0.6141345696122521,0.11647765853904705,-0.11110452234146989,-0.047063064091100296,0.99269373580859888,3.1541814737715064,1.7260547916320528,-1.7966525747349531,,0.07739814326099181,0.379746835443038,False,5
0.60234061691283425,-0.79703310728038301,-0.043863505514767948,0.78456926032781305,0.58100506728007373,0.21652756762949543,-0.14709472106685234,-0.16483730674169206,0.9752906260907106,-4.5095510733828537,14.565278809883695,-3.2214867676676651,,0.3750459170094606,0.125,False,5
0.93354399061944704,0.3510673444852514,0.07243850643402458,-0.35837464565873617,0.9095761368529921,0.21033037017169759,0.0079517876791170908,-0.22231277719389358,0.97494297175221756,0.63430898474213993,2.8109261871993123,-1.7927169371099914,0.2549225094876656,0.1425617979214437,0.1730769230769231,True,5
0.64974998148339191,-0.7576410376302869,-0.061684841418560822,0.74429375346578985,0.61761309708064793,0.25412766647151108,-0.15444018296459328,-0.21103108873564463,0.96520159006961348,6.1445163497865654,-13.462151029960312,-0.0038140070223151691,1.140060606162595,0.6395287202109746,0.4230769230769231,True,4
0.98655521920220768,0.14885980870694251,0.067450402642354593,-0.16163705590624436,0.9497000301069155,0.26822251019048482,-0.024130097862316218,-0.27551880183874117,0.96099278260062837,0.02432359480250304,11.342391678890174,-3.0685600406449018,,0.08337957057299931,0.375,False,5
0.25614520893709963,-0.96657065110748108,0.011437148081151011,0.9606905292373098,0.25586183687565539,0.10774241256048661,-0.10706698357714252,-0.016610142933646599,0.99411305402324157,-29.38170937388508,6.0852600291602199,-0.26959674793508143,,0.2907836257201843,0.1333333333333333,False,1
-0.3163309522150019,-0.94864887683887245,-0.0001927254406928619,0.94616112701884003,-0.31551609190521729,0.072309871160836342,-0.068657486038949125,0.022691501078680301,0.99738219624655788,-6.1203179463590125,-17.860759033099058,1.2870002132457228,,0.1837953114453055,0.4666666666666667,True,5
0.84671942011965717,0.51251318419430725,0.14281617422142356,-0.52982857818457285,0.78780685339392298,0.31407330272482659,0.048455147622785466,-0.34160005528772774,0.9385954937545119,-23.208813918316711,12.492405317780003,-1.6441075977361617,,0.3957755043326401,0.4,False,2
-0.37496215350903089,0.85607608894999254,0.35572055516086371,-0.9204542459185423,-0.38945656173274229,-0.032978291251022779,0.11030577775618303,-0.33979010646484981,0.93401034198889266,-11.452021145042416,-5.8684868608490461,0.083517813044329925,,0.4083112835700597,0.1349206349206349,False,1
0.28084868526670631,-0.94629552295121322,-0.16015242497837007,0.95637375523217272,0.26194754636117767,0.12935502795976231,-0.080456549062675409,-0.18949476562123993,0.97857982684862088,-19.107736225920089,-0.12797317546877188,-0.15835493450570243,0.5189208490196743,0.2988534646656683,0.7514450867052023,True,5
-0.37499735330269629,0.90141807918050643,0.21638491523786973,-0.92043981963125987,-0.38982237408772946,0.028793316894401483,0.1103064977829854,-0.18837187472426375,0.97588345275433364,-16.998885760739594,-4.5748897016386332,0.35790745889987141,,0.1274827810975253,0.2608695652173913,False,1
-0.82155231114140703,0.55966640581709581,0.10874426080481578,-0.56289249367907501,-0.82652918858084101,0.0012413636247718129,0.090575055164015872,-0.060191482982812322,0.99406898390321219,7.9387582531733241,17.270890575564696,-4.3581161013325413,,0.2359067697891936,0.8333333333333334,False,5
0.26776143543449482,0.92885697487532493,0.25598541739622094,-0.95872753779599018,0.2304923531074177,0.16647757635982896,0.095631176745327215,-0.28999654374572142,0.95223772381156946,-20.453142303689489,11.723546481773974,-1.810679618107585,,0.2093441794052674,0.2222222222222222,False,3
0.31375068157927938,0.9318726153292255,0.18213714230767791,-0.9464949671491053,0.29168497647160396,0.13808385735550313,0.075549897220000189,-0.21571579288552264,0.97352910060758757,7.3150358446593486,14.128500153606554,-3.9323288168002595,0.7918394711916262,0.5933408095810746,0.2142857142857143,True,4
0.66982136716672935,0.73121656772845467,0.12908008043967273,-0.74161066244815854,0.65020118454652009,0.1650819340736786,0.036782624024094983,-0.20630257073948649,0.97779664955254464,-15.616728355545835,-11.412172816217803,1.1108224897018124,,0.472904195102805,0.7272727272727273,False,2
-0.79320205362158258,0.60413949981772008,0.076458922896535358,-0.59936499398599896,-0.79672678269438746,0.077382412224053732,0.10766664346336333,0.015553086428253399,0.994065387883457,-0.40719472246229382,-10.801872602981984,0.1044830479532094,,0.09146226852076648,0.4523809523809524,False,5
-0.95093223072000466,0.27321842283654796,0.1451881055754356,-0.29420900299228514,-0.94373254247640559,-0.15102963559945456,0.095754661171977173,-0.18633459607310635,0.97780901160201583,14.12477025209547,-5.7490161212751003,-1.4997549137604191,,0.6228583445516999,0.5,False,3
0.98624903355874827,-0.16248939448805527,0.030166877255376964,0.15478384643622153,0.9721496853207412,0.17597428850031849,-0.057920675814807213,-0.16888512666807079,0.98393242110597534,-9.9733484926232467,21.153375429821825,-3.5584836876002828,0.3046649265103188,0.1808463634420811,0.1428571428571428,True,5
0.46876747028977295,-0.88201007581896718,-0.048117407992827002,0.87846006554096845,0.45978807401420485,0.1300109235567049,-0.092547134195965566,-0.10321411312475386,0.99034432133676931,-7.9175655163678265,-24.813653044981663,2.2687648851565267,,0.2705182545885551,0.24,True,4
-0.99260846545837778,-0.11114918349385372,0.048726720688096178,0.11284519528720667,-0.99304595368834325,0.033551389893756389,0.044658663224040995,0.038801969948190608,0.99824847153761431,15.425776939495709,-9.1374028789130115,-1.1018323931095806,0.4201190278622979,0.3646736262755452,0.5416666666666666,True,5
-0.043118921574425186,0.96221729498587494,0.26884686316251694,-0.99578093245223076,-0.063208995240248561,0.06652035391731756,0.081000575101819627,-0.26484429416316446,0.96088313893125965,9.531166723039302,-4.0882146654077323,-1.4033455278544233,0.6138617859039375,0.4192168083951649,0.6052631578947368,True,4
0.15195762138278088,0.96711272386787683,0.20396534175330905,-0.97998178217267984,0.12056709955120473,0.15842752638184227,0.1286257669106266,-0.22395658918340991,0.96607394036273808,15.821303734472309,12.730910256562497,-4.1651210761710908,,0.285912602831952,0.7368421052631579,False,5
0.88035473727683933,0.43745006029361561,0.18333843378664011,-0.47426171234843223,0.81767772453341581,0.32631115059431798,-0.0071669208562166117,-0.37421996679889558,0.92731227302051467,-15.661421214865989,-3.1161598859725652,-0.026724744986273707,,0.5107852789446639,0.462962962962963,False,1
-0.047766558447817693,-0.99785600959037235,0.044740809318005323,0.99446657331627897,-0.043313009058577177,0.09570902675750953,-0.093565968442747782,0.049064930150470122,0.99440335989914086,0.2471011941081816,4.8664045701044296,-2.127697355134182,,0.06647368155069214,0.1228070175438596,False,5
-0.89395590735801322,-0.44549045782761365,0.048796390074000412,0.44800523494359917,-0.8911581205376895,0.071613641597556343,0.011582105285372152,0.085880476153057106,0.99623812346892371,-6.0886179529090088,4.3948535098081694,-1.6609289494375001,,0.1042007085557058,0.3562091503267974,True,5
-0.35557216811255077,-0.9345808789615635,0.011270046280818999,0.93206005703574313,-0.35366469462683198,0.07864689347353597,-0.069516065353757581,0.03846900640699763,0.99683882960275527,-18.03214985226726,11.280127674745485,-1.9244687186360758,,0.1090564083686362,0.4347826086956522,False,2
0.99181214031007825,0.1120845500504374,0.061202385358191676,-0.12063199357642033,0.97956300939235408,0.16094791939001185,-0.041911817657077244,-0.16701306616605255,0.98506346763571218,-20.845831905526861,18.007107823169875,-2.4130204627749445,,0.6450740861535216,0.925,True,5
