axis_00,axis_01,axis_02,axis_10,axis_11,axis_12,axis_20,axis_21,axis_22,location_x,location_y,location_z,dbh,dbh_approximation,score,reconstructed,number_clusters
-0.055628046387834792,0.99481444582823775,0.085145398152378718,-0.99720667107993621,-0.059613420596092273,0.045001058193151429,0.049843511199983752,-0.082404238096639146,0.99535177999286661,9.7416476017962914,4.1739372075913623,-1.2123604885909869,,0.07725867549157739,0.2727272727272727,False,5
0.15580678330380329,0.97755736468586751,0.14179508110277381,-0.98598762746260493,0.14525034110289414,0.082041068375263815,0.059604066700045567,-0.15259075056474902,0.98649045513623801,0.86960985800494262,13.340261068288701,-1.4030284868635003,0.3192511330733573,0.3797536978357661,0.5487804878048781,True,4
0.95588447021740308,0.28508628265292441,0.07078623482240444,-0.29358773416399042,0.93505573294874966,0.19868824481617267,-0.0095457815630688517,-0.2107049779260427,0.97750308967876776,15.296378650610075,-0.21007749484790714,-1.1077616304295468,,0.4327132265543684,0.4893617021276596,False,2
-0.10108432296881337,0.99204849908352344,0.074978230947829752,-0.99419061481529969,-0.10352798381589089,0.029444489810396435,0.036972707002794904,-0.071566277206140269,0.99675036338279854,7.7079586017384329,17.993688849297971,-1.4375225054233773,0.3676012474004003,0.3171954328726694,0.4736842105263158,True,5
-0.13325243548924387,0.97137830520973922,0.19664174684954203,-0.98778796674193847,-0.14633271088778541,0.053494583688991605,0.080738597931916331,-0.18711206773505076,0.97901499115789936,17.254348147586203,9.8632200392808667,-1.2572282194867828,,0.4667878728303057,0.125,False,3
0.72894267782195488,0.68435144625754241,0.017483433729236483,-0.68418031704586446,0.72741824842885439,0.052535565284047576,0.02323502134225237,-0.050257236870963222,0.99846599537756819,-7.6792666002486092,-14.406449059906537,-0.88784450082891608,0.40199331195243,0.3966135345241125,0.7666666666666667,True,5
-0.93842763316133337,0.34451703448142013,0.025721397149969929,-0.34439664891372429,-0.92701943145040555,-0.14841132682637226,-0.027285995239599403,-0.1481316531518343,0.988591163119664,-7.2006112484717741,11.602357031175881,-1.4470757488763593,0.6551538727946473,0.5431218937625478,0.4375,True,5
0.9989376821087752,0.035683942603411845,0.029157563399973,-0.037969365152198786,0.99590830115653062,0.08200599366784958,-0.026111962260351652,-0.083025971405270543,0.99620522659697219,21.494754394013704,-5.5787091384388496,-1.0073219979479673,0.7464030010548145,0.681119355334318,0.7105263157894737,True,5
-0.46756690294200981,0.8838613416289276,0.01305067228646576,-0.88368525703570355,-0.46773837366661525,0.017921503772040243,0.021944424598490837,-0.0031531846791978458,0.99975421962371291,5.5272993473542247,8.8256818327994235,-1.3129019533296464,0.4294826916709167,0.3814884057384814,0.8867924528301887,True,5
-0.51459275903419388,0.85674077077884137,0.034489767103480208,-0.85703096579782612,-0.51516843542993007,0.0099702958994532867,0.026309998350833311,-0.024428156335550785,0.99935531677418155,-6.3520095340244334,0.86561850963782172,-1.3561716912215165,0.6066968500587103,0.533189547036441,0.980622009569378,True,5
-0.85513488376838598,-0.51774956129497463,-0.026071485214478947,0.51793287254658427,-0.85542120202530891,-0.00032659029034969728,-0.022133009241202897,-0.013782557978668971,0.99966002770816642,12.853800359445883,4.452268142743792,-1.2111938265985283,,0.08050660470329456,0.32,False,5
0.70886944405550989,0.70441359027747641,0.036133158135282513,-0.70492605140461695,0.70576928628882052,0.070490968091417125,0.024153122686910725,-0.075440097850980811,0.99685777235306072,2.9581934578910287,-2.9470362812510875,-1.1286030689682047,,0.08008815554022508,0.2333333333333333,False,4
0.67780658761074297,-0.73120997708408919,-0.076877819975375364,0.73484239054596323,0.67028698777384332,0.10354716354281196,-0.024184516703347807,-0.12667803058839194,0.99164902345440353,20.492963639441793,5.0840058927694747,-1.1893865076342951,0.206336090591421,0.1717630703134364,0.5833333333333334,True,5
0.96733635418999608,-0.25241933532646643,-0.023342172472819955,0.25346800990875756,0.9617433117317381,0.10394118669787344,-0.0037875870022980947,-0.10646258259413531,0.99430949542488356,-28.748950894669914,3.604170066648837,-1.3146998259140075,,0.1100581433108896,0.5384615384615384,False,1
-0.77425044587559788,0.61309087944722773,0.15702172015381585,-0.63170683500021862,-0.76374764932784678,-0.13280061280052713,0.038506125167885812,-0.20201262753801777,0.97862565705163373,4.3900636338080172,-14.335028723006117,-0.84636841017315334,,0.6127363272921587,0.2352941176470588,False,4
-0.89338855874295608,-0.44795863562658439,-0.03449556311690137,0.44867510306292646,-0.89354127375202197,-0.016572386463205316,-0.023399465777135395,-0.03028288079398371,0.99926743774235027,-1.7514486593055032,-17.266429730886518,-0.78548218681238924,,0.07559918085780372,0.2608695652173913,False,5
-0.46818205856519307,-0.87035618110499413,-0.15259645490636567,0.88276863959947693,-0.46832961349881436,-0.037241133974962037,-0.039052387601120064,-0.15214299567309522,0.98758666449596721,-12.838089275886226,12.448917885900697,-1.4464760341239939,0.3879465279895031,0.2847852575376905,0.3225806451612903,True,5
0.60143052269169783,-0.79833671392645178,-0.030656444214974612,0.79855946152360746,0.59955172415648228,0.053296495870886092,-0.024168425391762876,-0.056535132953801574,0.99810804322777535,5.7348068926028208,-1.5947263601663386,-1.1313025822113665,0.5410542967014287,0.5101426735585337,0.7468354430379747,True,5
0.15637582103247341,0.98496180897220464,0.073463170790691257,-0.98751102867369622,0.15446750224947631,0.031012239464867801,0.01919819898423061,-0.077395255765521323,0.9968156316695439,-6.5599367651901543,14.9280371192768,-1.4837846282934934,,0.7929792808595417,0.6911764705882353,False,2
0.63354636673907039,0.77287080304690359,0.03591271347807632,-0.77302034809343723,0.63035184094060159,0.07138695998777711,0.032535252038752696,-0.072988207406605984,0.99680197579777408,-14.111410998235529,13.806344379698844,-1.4949298465137577,0.5705144057686359,0.5035976813940053,0.7203791469194313,True,5
-0.13775055057873703,-0.9885690716483736,-0.061286021208160943,0.98982156441331648,-0.13963036202084977,0.027506955925738336,-0.035749915211492872,-0.056873127065414093,0.9977411442754941,-2.6287441973786265,-12.99626508754684,-0.89218003583521854,,0.06825690224339273,0.25,False,5
0.90765646640296826,-0.41182368852572326,-0.080999929419388342,0.41838868036035565,0.87245770273720824,0.25252419504046247,-0.033326433100436835,-0.26309467213074,0.96419424513591712,-24.020088177445537,13.762282740138449,-1.5439174527118127,,0.3908775080487389,0.75,False,3
0.87245482187318812,0.48854628683740992,0.012046136625534562,-0.4880972062818264,0.86990460838850059,0.070901971230170113,0.024159905010122482,-0.067738452313488642,0.99741054790295525,-7.9926006045792759,-13.087419603269844,-0.93354165848962645,0.7263013317798237,0.7901085411385038,0.6464088397790055,True,3
0.95115957762984948,-0.30552449169932117,-0.044161554036032724,0.3085858365883935,0.93714557563867451,0.16288938430081445,-0.0083808913635253762,-0.16856142806920169,0.98565552077144281,-17.109651127411436,13.2863452797201,-1.5008251862164796,,0.1152654954150138,0.1333333333333333,False,5
0.05857434012813631,-0.99660760131072879,-0.05781293703167293,0.99758106423043524,0.056263476904580931,0.040822070690728435,-0.037430829104156356,-0.060064217103716996,0.99749246756869925,26.709328867175312,2.4354815727412906,-1.1604307722405642,0.475850791498866,0.4614785876267267,0.6551724137931034,True,5
-0.84885720265562514,0.52780285368674873,0.029421032269328223,-0.52844195634544844,-0.84870580767388137,-0.021155396342792572,0.013803922394139401,-0.033505218410720322,0.99934321034656959,1.2080975170605099,-6.8848496273605999,-1.0407131596216053,,0.1327357388102657,0.1428571428571428,False,1
0.80575662969484974,-0.56212795771388935,-0.18646289941757804,0.59222275014272319,0.76758506462565912,0.24512319918158243,0.0053355333554915198,-0.30793721392523515,0.95139171972630598,-15.201500079379896,-16.63963503455798,-0.87921058068255231,,0.361170652711208,0.125,False,2
0.05708030439966412,-0.98961603854875857,-0.13191639434393029,0.99777511694305077,0.051987051538852365,0.041739219944528463,-0.034447857102042109,-0.13400538317305893,0.99038169531838538,-24.939186953469598,5.0464258473125136,-1.3655411523450307,,0.1670109881463271,0.25,False,3
-0.059554820848988464,0.96997987394431429,0.23578012523666575,-0.99794751873008536,-0.063422829275328704,0.0088484228639635412,0.023536634723593984,-0.23476922470733977,0.97176614365607727,2.6927513292127991,-15.823955667165183,-0.81710508657183656,0.5790517008936851,0.5605526340963489,0.6890756302521008,True,4
-0.17897799181868476,-0.97529235750831789,-0.1295055822365126,0.98293255733213247,-0.18294742983226953,0.019334571479084319,-0.042549573218350831,-0.12383479036052086,0.99139017471190516,22.655472443917827,16.181247243833059,-1.2978793979383099,,0.3965060283371802,0.375,False,4
0.93419182215676921,0.35494001742472975,0.036100186231486087,-0.3547093877865985,0.91316376032818392,0.20078146587608109,0.038299995188927412,-0.20037347841923597,0.97897067347020383,-0.94549987806670521,-17.757089936487073,-0.77087038210704562,,0.2205672028046272,0.1666666666666667,False,3
0.44041738049662893,-0.89154157831235703,-0.10576457392151478,0.89735509843675465,0.4334576733660499,0.082875042742992983,-0.028042080273220551,-0.13140798887587754,0.99093167382698377,-22.095267566728655,0.92942264757721638,-1.268342954800441,,0.09101262901560617,0.3478260869565217,False,5
0.80321463668493787,0.59426031672569557,0.041242252365246979,-0.59518789426752805,0.79777094391998205,0.096503324058842835,0.024446225321481184,-0.10205977171293365,0.99447784543720974,-20.13420766155248,17.153085575430193,-1.5929541339267264,,0.4399533999783399,0.2857142857142857,False,1
0.96287301280849225,-0.26694345970167693,-0.040208836436733265,0.26991930845008644,0.94959433101272028,0.15941823432195673,-0.0043735718724961506,-0.16435265690277839,0.98639194848603329,-15.243808867359284,-9.1691441050051843,-1.059866144616664,,0.1364241573000521,0.6666666666666666,False,1
0.049637855745671373,-0.99639092873415513,-0.068856375255010024,0.99825207162663532,0.047280099948367127,0.035459746784242213,-0.03207623372688994,-0.070496165038669026,0.99699619153973607,-15.84916718587821,2.1640665186216492,-1.3254170251969153,,0.07134903896414417,0.2195121951219512,False,4
0.86477910764360966,0.49217287635469481,0.099614028951082637,-0.50184204794622589,0.84009480685314908,0.20590112775676195,0.01765372188119723,-0.22804950181729161,0.97348948161992244,-8.6035290572713272,-15.65504128897623,-0.86913465963811898,,0.4997724494376396,0.15,False,4
-0.70806452612537729,-0.70172008178432077,-0.078952857221584946,0.70556210538894848,-0.70759393650816693,-0.03863853589348152,-0.028753126472788236,-0.08306472077533085,0.99612926364029541,-13.197897498042535,18.621830874553403,-1.5780458837266456,,0.1049196100127482,0.1818181818181818,False,2
0.99842289780360383,-0.055915153629467161,0.0050212285395689346,0.052870968495942749,0.96658945992928114,0.25081761629502941,-0.018877972130356756,-0.25015657406554942,0.96802133789500333,1.6611816098571157,-9.2737938988909772,-0.97580008971039567,0.8954287887981454,0.5366036010569374,0.3396226415094339,True,3
0.99820922469060613,0.059648052858413389,0.0045225582118737775,-0.059294128764360791,0.97661871799688904,0.20663999117351123,0.0079088581132332036,-0.2065381065283434,0.97840659263673835,-3.7062839303154083,-12.40678963790922,-0.92183957765678004,,0.694625396825791,0.4805194805194805,False,2
0.99641589858645818,0.080150075395478956,-0.027042974286131356,-0.073961304901979219,0.98064499556794382,0.18128739074944961,0.041049755435785346,-0.17863750468937414,0.98305826861738788,3.7582569008302138,2.8422602117477944,-1.2283638580071228,0.2476219217412516,0.1804353058172925,0.3148148148148148,True,5
-0.60871476229932464,0.79330839482574911,0.011319401833639674,-0.79305419237834807,-0.6088103747598137,0.020370948331936534,0.023051813594681912,0.003423197892303457,0.99972841092278042,6.3854869164967143,-3.787765429638124,-1.0703986479721581,0.3215276688059132,0.2327899062686478,0.8939393939393939,True,5
0.38072982611864131,-0.91952687926154297,-0.097545465395359229,0.92360414387628909,0.37306023763967966,0.088212496318678335,-0.044723426950718757,-0.12367852444039659,0.99131399549992738,-15.539652506321262,7.4372399612778679,-1.4215535702626401,,0.1305738811068662,0.2333333333333333,False,4
0.85351348226605495,-0.51684792089360476,-0.06620394442953953,0.52068860798654248,0.84111049049982467,0.14634382899247722,-0.019952671578217975,-0.15937807075975272,0.98701596818784521,15.060504086890877,-0.92161684323307946,-1.0969357555914649,,0.2545860393962806,0.3333333333333333,False,5
0.148159633272893,0.97150465652615003,0.18500655506345809,-0.98835809162282473,0.13891051185930783,0.062065710490350361,0.034597771490787112,-0.19204835860530448,0.98077541882169905,-8.4279281764061533,-18.035080951651548,-0.8056546157544815,,0.247941613292298,0.1176470588235294,False,1
0.86688974197784796,0.4946482252059724,0.061849078846511751,-0.49803860194994465,0.8540591549246721,0.15013497546241433,0.021441227141304232,-0.1609536989010715,0.98672903098507181,-15.468369211761294,-6.9830544414524063,-1.1086850701486077,,0.8752722711078897,0.2162162162162162,False,1
-0.56031651314600806,-0.82784626744235212,-0.026757477042196505,0.82769527940488985,-0.56084184888552169,0.019415071195578698,-0.031079407117244762,-0.011268452441822625,0.99945339682888945,-11.112907103033299,-2.5504300138653244,-1.2428786634446176,0.4092407876496373,0.3412649478974817,0.9457627118644067,True,5
0.94081878088778992,0.32880085762242817,0.082158490465489245,-0.33854606622125166,0.90054305053314898,0.27277971915552279,0.015702947969350657,-0.28445071658058046,0.95856205185781596,-13.606608598019761,9.5607208242454895,-1.4269529144973223,,0.1775137544601967,0.2830188679245283,False,5
-0.4066240367106867,0.89288347787362299,0.19343212688022868,-0.91258053450804222,-0.40694175613601558,-0.039939643838557998,0.043054161310159336,-0.19276281294180816,0.98030038107747375,-8.248413039410357,-10.158812769571153,-1.0092903735109104,,0.3534591667673883,0.21875,False,3
-0.99989220934777712,-0.01407330980850121,-0.0041846907478021861,0.0140540095289953,-0.99989062743218837,0.0046062988855594539,-0.0042490589287166331,0.0045469906859527398,0.99998063499945944,-0.72058934931646668,-5.9454205273478768,-1.0762043082727135,,0.06518655500985662,0.1022727272727273,False,5
0.94566617730285496,0.32351231052149759,0.032484858726009466,-0.32513711840475662,0.94128360380975129,0.090945211167929835,-0.0011555694950663507,-0.096565843547137403,0.9953259277840466,-20.213763805801221,-4.7513212695252385,-1.1401592337352884,0.6788871269603309,0.6117317456920172,0.987146529562982,True,4
0.99127446678975062,-0.13181319966246441,-0.00046031015579636346,0.12887692531278808,0.96844791655564877,0.21330581576915608,-0.027670735671794233,-0.21150393214729218,0.97698537198548463,-20.228475662102753,0.38053657193019058,-1.2580571539050565,0.3820036922199896,0.2811068043858038,0.2592592592592592,True,5
0.83667416673490813,-0.54714975461386395,-0.02456592649247898,0.54751248737435643,0.83436795701511524,0.063719608250258061,-0.014367146118507068,-0.066762701656012266,0.99766543830083587,2.4213306264942247,-4.8211021952719788,-1.0780177670107647,,0.07430306215013248,0.4155844155844156,False,4
-0.44752126894171623,0.8817935415439333,0.14887868865691389,-0.89422454300873888,-0.44299018309767318,-0.06420408366997335,0.0093370512265389376,-0.1618636703231959,0.98676895558377575,-4.2064823001908858,-31.552185430942341,-0.3991238416572655,,0.4028790499842589,0.1818181818181818,False,3
-0.11387344280827927,0.99094328923376973,0.071163449505667192,-0.99294774402501529,-0.11589607731482097,0.024957501851510872,0.032979033621692272,-0.06781958998396484,0.997152388833214,12.208932455514709,-1.3956544483969306,-1.0901027388717404,0.4384009612099826,0.3900796648467125,0.8235294117647058,True,5
-0.98358564916350366,-0.17940425494476325,-0.019323148483718126,0.17980425334599978,-0.98346856888666367,-0.021447715279377264,-0.015155897805702673,-0.024570049241549142,0.99958321886772961,12.540016536399138,-20.255602159549465,-0.7628557264792758,,0.1598251531248693,0.2857142857142857,False,3
-0.1177969621550317,0.99134948572249171,0.057879813966510242,-0.99223293513898647,-0.11984746630072605,0.033322473599192937,0.039970966119404851,-0.053504971535812788,0.99776727741915572,-23.104978634807512,8.5272677539498432,-1.3945998312917109,0.4385906198845352,0.4217304249841159,0.9245283018867925,True,5
-0.32884449091488654,-0.93948220229104151,-0.096096266177748191,0.94432510284925941,-0.32597992797261705,-0.04457787217559183,0.010554663597913778,-0.10540530412338327,0.99437333076616297,-20.429194670655537,15.112617720165135,-1.5479874349564751,,0.3485393720272502,0.8490566037735849,False,3
-0.97981069032829882,0.19611640200042835,-0.038850585385431916,-0.18834888776587336,-0.97064045736819027,-0.14960547783229869,-0.067050037999562773,-0.13926758196536029,0.98798220278392701,-12.294503637635657,-12.169828251843093,-0.97697115795252265,,0.6137191044549801,0.1153846153846154,False,2
0.25073238684993276,0.95130437327257089,0.17931330005612298,-0.96682503488289473,0.23674025510710534,0.095934370980960082,0.048812110261957066,-0.19741844139873108,0.97910333309997,2.4036474556095024,8.6465074416278433,-1.3503466878260935,,0.1821755167764444,0.3333333333333333,False,4
-0.80367867294797302,-0.59382288704441544,-0.038405331281224017,0.59459612607114476,-0.80393068084680308,-0.01228443138213188,-0.023580447616024878,-0.032708396711406969,0.9991867309341117,-10.788199016670077,-9.98956869886627,-1.0303940396489795,0.2202385562371445,0.2069048578130633,0.632,True,4
-0.0031572207199490839,-0.98223104280732698,-0.18764916867110984,0.99942928003364351,-0.0094105579026546819,0.032443113466425678,-0.033632516539208193,-0.187439643473823,0.98170017514801744,-10.795076816012976,8.4609696409449384,-1.4240168920664,,0.142669835125174,0.3,False,5
-0.98118454851074499,0.191335722820316,0.02583646524958946,-0.19261646492658058,-0.97925365049900137,-0.062937948993965792,0.013258174948062456,-0.066730271670410943,0.99768296148618285,18.542560858328567,-4.6046153800740619,-1.0111541953888228,,0.1493292049022127,0.1304347826086956,False,5
0.16881357246861201,-0.94404876927755688,-0.28332648830618495,0.98517301443587657,0.15268796960435826,0.078233723964963003,-0.030595904590519082,-0.29233252498418416,0.95582717342554091,-3.3433167466017202,-24.996065046420501,-0.60831822239287436,,0.4290810116503249,0.2222222222222222,False,2
0.93327249841241089,0.3585439268818722,0.021182450358369326,-0.35874503879848363,0.92768302091730592,0.10347081636489106,0.01744823327825817,-0.10416556627729373,0.99440690562646428,-19.169337316044711,8.7402748668350441,-1.4139365806258666,,0.4125193857420292,0.6382978723404256,False,2
-0.99457112000059589,-0.10122315438389735,-0.024127997789621335,0.10373172977109406,-0.98279962052659064,-0.15278950923243304,-0.00824715099043178,-0.15446287226827279,0.98796417222041932,-14.245539806757321,18.446714585521146,-1.5783675343527133,,0.3896046385216864,0.2,False,2
-0.29703942469047867,0.94649415316816099,0.12616020845747422,-0.95486114193695304,-0.29482004114046156,-0.036350281440351649,0.0027892289984117933,-0.1312629474010871,0.99134366333838653,4.3604286826186192,-12.080315450579278,-0.88705887461159005,,0.1965096776884395,0.2647058823529412,False,3
0.4809699940573029,-0.87308550031740795,-0.079934810639799653,0.87629507065846424,0.47583067558166442,0.075446121935953306,-0.02783548016823166,-0.10633380135685618,0.99394079739831875,-13.834300019697839,-3.8401924347731939,-1.2013151528640327,,0.1820993367338125,0.2,False,3
0.90747322194877622,0.42008576335508024,-0.0045058708687972463,-0.41698529980310928,0.90197763838706557,0.1120696194238336,0.051143046389689292,-0.099821296706019955,0.993690141608495,-20.023198359738867,2.3366326550352441,-1.3019611252708974,,0.3040072189287943,0.1979166666666667,False,3
-0.83270455040866764,0.55316496432019657,0.024731639196263519,-0.55352121095931095,-0.83276790391942312,-0.010577675538032419,0.014744515822377494,-0.022497565430190599,0.99963816393877125,0.23458028498448524,-4.7995371066367625,-1.1053693533859754,,0.07140920460742124,0.1724137931034483,False,1
0.99920989753086253,0.039468660747207569,-0.004669635444576329,-0.038483664775981426,0.99017682694055476,0.13442045579205816,0.009929160174621492,-0.13413454517295917,0.99091338449405864,-5.3546503569728268,18.349408165787427,-1.5467470556828551,0.1533281624420796,0.122560564843017,0.2916666666666667,True,5
0.35841410086299874,0.92328994674793352,0.13811229683400705,-0.92955374832695425,0.33925238031267646,0.14435252482547845,0.086424309507657948,-0.180120783604724,0.97984046764753663,4.9994346067912776,5.113617177749477,-1.2697400182126264,,0.2174458285249843,0.2068965517241379,False,2
0.99398486232292516,0.10943397061521516,-0.0042777971274165719,-0.10837985400626275,0.98852397224758115,0.10523385167066762,0.015744863240316879,-0.10413722853644189,0.99443830221602614,16.441380499608162,-0.10612907036804761,-1.1147297887005163,,0.06887800158076311,0.5,False,3
0.99021067770283799,0.13896353336810785,0.013112976669555404,-0.1393323749495963,0.97847332713528146,0.15223809436444138,0.0083248455956029966,-0.15257484877483005,0.98825685551234432,25.211746057442696,3.4149200765059575,-1.1683261695676443,0.4684134110174317,0.363173001443876,0.7608695652173914,True,5
-0.27182782789539223,-0.96006182876422286,-0.066263994231923307,0.96120849545193843,-0.27420891064775205,0.029794321478987074,-0.046774568439410115,-0.055594588507052851,0.99735719853823579,0.06141432085333403,-7.3418951071247047,-1.0408502811738298,,0.07058745786589146,0.2083333333333333,False,5
-0.60238068709376003,-0.79745278184112733,-0.034735695621324107,0.79750279617425868,-0.60310770920080026,0.015823438210508682,-0.033567810632934375,-0.018170080803632062,0.99927125959516183,-7.9177650703001463,4.9258278207914037,-1.4202632590392383,0.1272641982045043,0.09102699559204101,0.456953642384106,True,5
0.55994094084378365,0.81733554231537464,0.13575254706638287,-0.82850584253385207,0.55367089432254279,0.08382487499154094,-0.0066491844800776545,-0.15940875775222599,0.98719027360364631,6.0362022919768181,16.400553415037106,-1.4163870902726008,,0.1785753209162289,0.1052631578947368,False,5
0.94628384076487149,0.30831084393538133,0.097423386407661849,-0.32294857365740581,0.88645664649939804,0.33150992843305421,0.015846497402601838,-0.34516523201054689,0.93840814741304079,3.8175652006450638,14.476894598882833,-1.3904932520559055,,0.2648595485789139,0.4117647058823529,False,1
0.42684258179651363,0.90419027495493309,0.015663876985244983,-0.903752939807976,0.42589162479715753,0.042976129607934732,0.032187484426828561,-0.032500316991678116,0.99895329983023395,3.4277742024470492,12.605801986140563,-1.3605789984151448,,0.08004043588343776,0.4545454545454545,False,5
-0.99499697382461683,0.099835401187713585,0.0037302479197567477,-0.099833011836929025,-0.99216822943340011,-0.075070461904526098,-0.0037936562076926464,-0.075067284303347429,0.99717125459967904,-10.953708732615038,17.659713327498238,-1.550081336821391,,0.2856170622297357,0.640625,False,5
0.14831903952268524,-0.98486976090790113,-0.089627097265739503,0.98814537863413521,0.14395864295878855,0.053334977280072041,-0.03962541102714167,-0.096475194566677164,0.99454631045228481,9.3765200656901477,14.534652052719036,-1.3407148668324425,,0.4734775181702247,0.2727272727272727,False,2
0.99074067699623125,0.13510267521109406,0.013423043464671955,-0.13542453057821835,0.97636688725896159,0.16842772331749406,0.0096492208347639247,-0.16868600598464226,0.98562260724997097,-29.892156691707097,7.0661364183612916,-1.3871903250908642,,0.07710442179810234,0.2857142857142857,False,1
-0.92735609474649761,0.36770624291110754,0.069302182221939873,-0.37404107402837994,-0.91601992881500638,-0.14491640677800077,0.010195512553149535,-0.16031097572514658,0.98701390192126004,-14.175573820946546,-5.5661883395313181,-1.1554779668887285,,0.1238711680989787,0.40625,False,2
0.40667514917793041,0.90792785452076374,0.10140184429500976,-0.91294432281352267,0.39976774811402266,0.081965913710520588,0.03388194923060224,-0.1259077382576814,0.99146318890978946,-11.506319272200258,6.4491098291392532,-1.3983779276245258,,0.07610012126478372,0.196078431372549,False,5
0.31993302345471031,0.94045654323391425,0.11482312829584161,-0.9466999911373748,0.31253710047045113,0.077972351574233961,0.037443120644794575,-0.13364898472505732,0.99032114063991361,-6.273798565856552,-12.753465448036076,-0.92491465249362959,0.5907996834973315,0.2315091361465883,0.16,True,5
-0.75695697474131962,0.65326232457603206,0.016262646770680345,-0.65316210935170371,-0.75712939316022754,0.011590553052289017,0.019884599510724507,-0.0018485946943397945,0.99980057281437584,-2.4790181463770793,9.763937058890809,-1.3579926513212817,,0.09495147609525971,0.3846153846153846,False,5
-0.51810373159403122,0.84528992863880137,0.13058889635091692,-0.85507802313027348,-0.51550076620983032,-0.055682442445544628,0.02025086832616518,-0.14051297654981279,0.98987171176529154,8.1507180381907069,-24.646457468507109,-0.64644446111671661,,0.2924985750505496,0.2692307692307692,False,5
-0.44912828781604414,0.88823002570202048,0.096598149696655533,-0.8931776675045171,-0.44359831697746993,-0.073852470818160834,-0.022747205424398665,-0.1194485438008559,0.99257977514617746,-17.605635700921884,-20.158968632941509,-0.78268038335772028,,0.5783705490401243,0.956989247311828,False,2
-0.89459980605572176,-0.43193512623906005,-0.11455668346243483,0.44642006039853155,-0.87531557079594347,-0.18582728862022127,-0.020007915404573893,-0.21738145790986632,0.97588164501549313,10.108982365445664,-3.59541249837386,-1.0517560206396641,,0.5741100653253635,0.4117647058823529,False,3
-0.090112970804215167,-0.99412078914277791,-0.060029235268970998,0.99577129866756764,-0.091015885281140907,0.012475150355570834,-0.017865420306910185,-0.05865121670203452,0.99811866105019154,0.61307120868341491,14.077403214781798,-1.4273140588008062,0.1611195671059517,0.3338509528859986,0.2439024390243902,True,4
-0.49352097433912279,-0.86175082279478799,-0.11756941481469436,0.86902336842980177,-0.49405458732407681,-0.026616721566676313,-0.035148727008023919,-0.11530647924788551,0.99270790408517118,-5.1469446346702403,-10.335591167039864,-0.99666716841382097,0.6317208408668423,0.1778981744288931,0.253968253968254,True,5
0.92633847020086391,-0.37347793967716331,-0.049104655588086139,0.37660486610131766,0.91541364599176023,0.14207966624707757,-0.0081125492129179334,-0.15010691292066963,0.98863648589291631,-17.40267925024903,8.1573982424844669,-1.4171246847934553,,0.07394765549155567,0.4285714285714285,False,2
0.21715483269655073,-0.97242921069345678,-0.085001228383090863,0.97560219468496545,0.21332880112894645,0.051876587539711791,-0.032313098929259376,-0.094192636649515479,0.99502945224681716,-35.978246845828963,13.846119471012006,-1.5164668152947187,,0.5865135570800655,0.6666666666666666,False,1
0.39399198480399228,-0.89003969581175901,-0.22934614840786582,0.91880262768163445,0.3749063506622814,0.12347857951245911,-0.023917509810494241,-0.25937341442870049,0.96548090846586043,0.045452705903446002,11.134524618841596,-1.3588414774275874,,0.4473321530456536,0.3648648648648649,False,4
0.28284145964101681,0.95896423803452657,0.019705300784264163,-0.95842923589842299,0.28175890736297482,0.045003532047907718,0.037604633800951186,-0.031615001067242403,0.99879246253874709,-5.1676155811293416,15.713462362722481,-1.494979295809715,0.2844922746113649,0.2612963451275111,0.8541666666666666,True,5
-0.57059458957052156,-0.78728933436778481,-0.23366069062548483,0.82064692668275885,-0.55735868945872846,-0.12605519827040595,-0.030990903165134597,-0.26367934176870805,0.9641124253143043,-26.3060873909244,6.6896200598374289,-1.3600395515016892,,0.5740696809897509,0.5517241379310345,False,1
0.5033441946016245,-0.85418330456860181,-0.13044348951597523,0.86341041705522736,0.49121828553617064,0.11500890259202637,-0.034162457191472678,-0.17051533113232767,0.98476263554598387,-7.9620720334795791,9.1840916371792822,-1.404955124134228,,0.1085322914584604,0.2093023255813954,False,5
0.86633940509689666,0.49658212676274421,0.053499780898107224,-0.49945172291696927,0.86177756222858226,0.088811090043040469,-0.0020029107884435085,-0.10366110465913461,0.99461065936838911,-3.3417882645132266,11.149298289046436,-1.4006387885250016,,0.07985968642782715,0.4210526315789473,False,5
0.99435425122142918,0.10605336308523916,-0.0035081699190590227,-0.10556214687235452,0.99202620393813568,0.06885233364085247,0.010782218026453431,-0.068093280714048993,0.99762069389925323,6.1263172008848192,-9.7545149654130121,-0.92397251330227914,0.6596150891780309,0.5671337578280591,0.9166666666666666,True,5
0.96447039161636006,0.26066234607024141,0.04303492809964525,-0.26358983865818519,0.93844115361778824,0.22326799625711058,0.017811812135090671,-0.22667894153994766,0.97380665268357669,-20.823880566680611,16.04574150647867,-1.5748038597210641,,0.2398534366472204,0.3125,False,2
0.51508678168663335,-0.84502159521219034,-0.14361097087880229,0.85584581161322459,0.49784330508993579,0.14028538883729227,-0.047048422670773651,-0.19516799738219043,0.97964069878809046,12.215249376346454,5.5498079284885993,-1.2337165542688913,,0.1808502800486289,0.125,False,3
-0.86635819035712358,0.49816749473062172,0.035392558468464674,-0.49908135288895172,-0.86620995653085153,-0.024456377600772669,0.018474014172921417,-0.03885174900353866,0.99907419764485095,-8.3668278994631482,-27.688595155852351,-0.55412964528680464,,0.3400611626596176,0.6470588235294118,False,5
0.20208569444436886,0.94765354756680154,0.24721271384173046,-0.97875499246285635,0.18649085230358842,0.08520461687088951,0.034641547742141184,-0.25917931204310518,0.96520777420143689,-6.9250107278641186,14.36908565800131,-1.4719936363238098,0.4565212509349851,0.4163947728314696,0.35,True,3
-0.96748970653149879,-0.25204090701448528,-0.020953494861465697,0.25233975300404271,-0.96755045169630782,-0.013067994342242817,-0.016979894270948356,-0.017930549729045543,0.99969504278903054,-4.4448016692633852,-13.362818478882501,-0.88928194881211931,,0.1356222460554393,0.6071428571428571,False,3
0.87897330519330574,0.47683317515095847,-0.0060043178638896078,-0.47448909014974544,0.8757705420474815,0.088803496613178504,0.047602857964853293,-0.075206919610601219,0.99603106736500047,-6.2900017634776759,-21.956146301132478,-0.6908956753206309,0.4754990159235172,0.4311196654227697,0.8421052631578947,True,6
-0.83388302465051312,0.5436390907579054,0.095371065840905378,-0.55192086765048975,-0.82279332002468963,-0.13562635575241191,0.0047388871734823854,-0.1657337971648121,0.98615914102425217,8.9191519120164138,-10.111443550176684,-0.91547584415255934,,0.1852767653015182,0.5,False,5
-0.92592640614702326,-0.37576992473234022,-0.038173997253491819,0.37729347420186216,-0.92489477768969042,-0.047109282811638495,-0.017604679046971224,-0.058022528977886435,0.99816003797320185,-8.8635902345630946,-19.315459568385986,-0.77325949650161752,,0.09732483116054734,0.4444444444444444,False,1
0.98450750527910735,-0.1737938122453386,-0.023252588551366259,0.1753204624299862,0.97778966679306389,0.11484817354247981,0.0027762389023548231,-0.11714554339768858,0.99311087707245271,3.4727772479663468,-2.013269579102702,-1.1488774985108883,,0.07335700626999918,0.3269230769230769,False,5
-0.87700253579001231,0.46844042708425437,0.10691173224211681,-0.4803355230485476,-0.8603131749037719,-0.17070157112537229,0.012014054917754867,-0.20105921356683409,0.9795054135247645,11.156575475374614,2.7891002870125723,-1.1896799152153068,,0.2515223051103329,0.2972972972972973,False,1
0.96431285227441188,0.26318126588662771,0.028919616607093915,-0.26471485166610376,0.96049462983712741,0.085884302182837616,-0.0051739970797934614,-0.090474788423917069,0.99588530585297164,-7.2774465994037136,-8.476622798652679,-1.0566935932938606,,0.08168271516712813,0.2542372881355932,False,4
0.68373254928594185,-0.71148237752618593,-0.16218084818076683,0.7291460859703276,0.67500632506000913,0.1127494853342252,0.029253826435166365,-0.19534402370860185,0.98029838622749688,-0.16597396428840841,-2.6203044427825635,-1.1697223734840354,,0.3188257095153679,0.2011834319526627,False,5
0.02744687198028023,0.9894302835431521,0.14238814285682222,-0.99856413700265534,0.020582907943492896,0.049457134902161408,0.046003624972810603,-0.14354113664140472,0.9885745336498678,-2.3717090702992336,24.366452411662298,-1.6464360348413418,,0.197885142483223,0.4,False,5
-0.51760976799782876,0.85509057429743762,0.030003963420045927,-0.85523349541426796,-0.51810922509227753,0.011768568127527683,0.025608521916083208,-0.019568868693851483,0.99948049654974047,1.3068155063575657,-2.7907374234698579,-1.1428853512049009,0.5919879662309264,0.5303028411893989,0.9948542024013722,True,5
-0.043303999112270883,-0.99634029898978049,-0.073693773616493791,0.99905635156450723,-0.043432548183176017,0.00014197510782925499,-0.0033421638947821308,-0.073618084512371659,0.99728090705338868,-7.9496872521977506,1.4504558250517574,-1.3801378194737244,0.2110351635443669,0.2230919625706995,0.605,True,5
0.84627209079253551,-0.53118169305553076,-0.040860216694127705,0.53259000561815473,0.84163955124601963,0.089391004547731939,-0.013093290697338125,-0.097410855355338624,0.99515812361536637,-12.816485562858276,-20.684655100199787,-0.76296978596207599,0.3428433904407851,0.2782217582589104,0.7755102040816326,True,3
0.020788383061958796,0.99010933334273732,0.13874923840248915,-0.99931994689717052,0.016350278474152765,0.033050145646500516,0.030454668986979669,-0.13934194064035127,0.98977590227054713,-2.1006009716465708,-7.0537742732090383,-1.0647615350604813,0.4065288461751395,0.2288901859949079,0.1944444444444444,True,4
-0.021630802500610294,0.99833012817952216,0.053563640207119519,-0.99920835539854691,-0.023376917101640273,0.032189784847890916,0.033388184810050091,-0.052824945961933524,0.99804546699998009,0.42890786135668052,-12.26223445791314,-0.89304708130528232,,0.07492825137957743,0.2962962962962963,False,4
-0.98884678147609295,0.14893389773896357,-0.0008584105375095811,-0.14893579569871609,-0.98881050677660709,0.0084800028171359149,0.00041415451377621506,0.0085132715490731942,0.99996367568205669,-3.0747770776273589,1.5861052905006447,-1.3296739997139095,,0.1021676956811576,0.4786096256684492,False,5
0.43386871850252873,0.89943212022645702,0.052723772720810955,-0.90036568896969338,0.43067804329221088,0.062113196280047495,0.033159632553823044,-0.074419648822974666,0.99667555133953345,-4.7603060370410404,2.0055136465144692,-1.3585167002991938,0.4686604841679616,0.4380715725381625,0.9635157545605307,True,5
-0.25092854284537991,0.9559931429529368,0.15202623790800215,-0.96695539914331097,-0.25485949364681798,0.0066252974037383852,0.04507906890226189,-0.1453401153331508,0.98835425249343267,-13.249548697897771,5.3554494340913488,-1.3772523746122192,0.4589871105756541,0.2264800204684925,0.1527777777777778,True,5
0.34998902595370185,0.9250895703782922,0.1473667821772808,-0.93569809024522954,0.33777486817241403,0.10186865240366549,0.044460832464198623,-0.17354372707884144,0.98382204141205098,-0.26487293839107334,8.0699671464912832,-1.3658323975085411,,0.127188475676368,0.2857142857142857,False,5
0.11031452371264659,0.96706376759432744,0.22938695530547409,-0.99323949568423642,0.098873419646297422,0.060822291146996402,0.036138761337028882,-0.23454576588314457,0.97143310301600971,-12.069529178297199,-32.07339765998519,-0.47902984483948019,,0.3383869339936033,0.5,False,2
0.026736695561363058,0.99319480000131521,0.11335448099129881,-0.9970657350755685,0.018359133320677234,0.07431596169013617,0.071729136678724742,-0.11500883215675797,0.99077136589490911,-18.78088001889045,5.5534721923530208,-1.385882156894152,,0.4447160865175427,0.41796875,False,5
0.38460645257346937,0.91862994185625535,0.090536769127369937,-0.92200080772434878,0.37756151753603473,0.08580099668146611,0.044636164648164597,-0.11647459122511475,0.99219014427902996,-2.9659494627154941,-5.3834032916836208,-1.1304143605643313,,0.1771525645524165,0.3055555555555556,True,5
-0.0833426340304287,-0.98440563034135731,-0.15491791473262739,0.99646906625052611,-0.083911454331772245,-0.0028753847971759103,-0.010168842543522329,-0.15461055198194751,0.98792316090734666,3.7373061925694673,-8.1114031412856242,-0.99569051013597554,0.4159339473588584,0.1826480370366497,0.4,True,6
0.42346702919056262,-0.9054102291241819,-0.030132908684926334,0.90541818624995118,0.42190464246517972,0.047057206400034232,-0.029892861963449171,-0.047210058924171072,0.9984375930122068,-3.88937305078296,8.5394707820539537,-1.3580265660827044,,0.06794641182890224,0.2058823529411765,False,5
0.99938246740029302,0.021444420792641725,0.02783560076178241,-0.027841071760373506,0.96655315783835105,0.25495071640602307,-0.021437317372632193,-0.25556824898562569,0.96655331541218414,-25.032151476995036,17.705557863106176,-1.611695415238706,,0.562664581181593,0.4117647058823529,False,3
0.92948228145999534,0.36886664783044332,0.00029080965162122784,-0.36429671595462737,0.9178425293014103,0.15764832428625059,0.057884291449366625,-0.14663726512698291,0.9874952765859103,13.846921829997925,-3.5430035355498641,-1.0548766889485497,,0.7094014348466651,0.5531914893617021,False,4
-0.92259741860284539,0.38068151940122924,0.062414613463014461,-0.38576038252161243,-0.91115068844059788,-0.1448908217624684,0.0017118598497503005,-0.15775298330172932,0.98747712165662815,-0.90035145863804011,2.6573782999860365,-1.2822066298862729,,0.1885423471760595,0.1818181818181818,False,5
-0.30113869318912651,0.93352564738464139,0.19453882167688663,-0.95307252463243597,-0.30130556763380861,-0.029457048454026254,0.031116719864080999,-0.19428026299126389,0.98045241044986264,-21.748464524432524,14.075808203978033,-1.5338670445962932,,0.3036507301461234,0.3076923076923077,False,1
0.822462709247056,-0.55315519218570852,-0.13256856812979226,0.56870064317715097,0.79489293827431429,0.21148237546311172,-0.011604755399678571,-0.24932819744188089,0.96834951314723916,2.1241198489097668,-2.2714783767065705,-1.1543137170958135,,0.1145559832349423,0.1728395061728395,False,5
-0.84401752855476042,0.53520262536683594,0.034533480750739004,-0.53563945478430008,-0.83797192701077672,-0.10437156710629648,-0.026921849317854428,-0.10658892692157365,0.99393863728452347,1.9855493821351642,5.3410259797955604,-1.288995822325111,,0.1890874660589505,0.125,False,2
0.30670690995686306,0.95174927152243372,0.010207621722501869,-0.95121154299179578,0.30612002769028446,0.038563313214328009,0.03357784781488389,-0.02153724224260279,0.99920402087496818,10.112450094901755,-7.1078508785969507,-0.96834670759403019,0.1674368374161026,0.1362956698498348,0.3636363636363636,True,5
-0.16482063586612963,0.96816326317246471,0.18839865667230365,-0.98546765314025742,-0.16960131015416974,0.0094286906949464858,0.041081170953571569,-0.18410673924990625,0.98204737459852187,-18.467392471739757,2.5460999638286799,-1.3094194138049591,,0.4342524534994116,0.3603603603603603,False,4
-0.19745299638498809,0.97872163750323327,0.055823565826443954,-0.97995644101416979,-0.19859535662964981,0.01566071645818589,0.026413783020070906,-0.051612407501797783,0.99831782086589882,12.568006763168082,-13.067151765684471,-0.88031899177230921,0.5692606184115887,0.6089576583427493,0.8865979381443299,True,5
