axis_00,axis_01,axis_02,axis_10,axis_11,axis_12,axis_20,axis_21,axis_22,location_x,location_y,location_z,dbh,dbh_approximation,score,reconstructed,number_clusters
0.10245752857944303,-0.99385596372176777,-0.041866194143597255,0.99268861574977696,0.10485574848360388,-0.059787826275382844,0.063810398824836995,-0.0354343813918062,0.99733276172859964,-33.616986448604393,7.9832838370467156,3.2112007354312975,,0.2026590733261651,0.2,False,2
-0.76129708887223535,0.62688622025607954,0.16565146944022968,-0.64721770487034636,-0.75012982286639496,-0.13570000496976203,0.039191644224532189,-0.21052058260293338,0.97680351111341746,-25.824303275175687,3.488092164631496,2.215759958301347,,0.07556641892843234,0.375,False,3
0.35530686679270418,-0.93267416183660978,-0.062257033757877445,0.93473515625435233,0.35488413722784201,0.01809521500844511,0.0052170942202741967,-0.064623192326193055,0.99789609927159684,-1.1555596663395373,3.6932668568720191,-0.95666709873734257,,0.08063374098736927,0.1938775510204082,False,3
0.39121589638285648,0.91145615880948938,0.12727055034692658,-0.91807287533637372,0.39613257610847252,-0.014872044824750772,-0.063971227821280952,-0.11102545975548467,0.99175653731000024,-24.165568883072748,17.695090422477289,2.5921350671693606,,0.4147461960624469,0.6785714285714286,False,1
-0.51080072631264795,0.84610696815576936,0.15226823843705711,-0.85966186825202806,-0.50435232015897113,-0.081303194424923647,0.0080056400059979743,-0.17242892909403507,0.98498942844051918,-1.0354918336019523,-5.6538316016492693,-1.1933879859677734,0.6532707538013329,0.7855595166213085,0.9693654266958425,True,3
-0.42445839348758069,-0.90389038729500659,-0.053077678487523566,0.90356450054751081,-0.41906875289455942,-0.089177203912914699,0.058363220852425367,-0.085811118761390748,0.99460051596037757,0.2943542017940608,-14.454685443746815,-1.3433578211400217,,0.1899598206347679,0.25,False,5
0.94158994671601137,0.32295018506574136,0.095454440490437609,-0.32760640219310194,0.94406795913547936,0.037546421611954699,-0.077989855016089377,-0.066624818947405129,0.9947254475556534,27.493460778394965,-7.7365588804081513,-2.6784328656704757,0.4094000464901097,0.4901392639149135,1.0,True,5
-0.9283113598460746,-0.37108979338497722,-0.023030076557138165,0.36415058091614327,-0.89495427782196191,-0.25778129301135655,0.075049141228718405,-0.24768771841507686,0.96592878647815772,-15.034848560488667,-2.7081534620882786,0.61071295524030733,,0.3885188460459786,0.1904761904761905,False,2
0.36284153615439108,0.92060795049390909,0.14431569952200698,-0.93039255276956301,0.3665637249236372,0.00085634166317450494,-0.052112545438289623,-0.13458096840754452,0.9895313262097517,-11.429293325125553,15.211811510059974,0.97087757557607124,,0.2366244948737264,0.16,False,5
0.63841193542753938,0.75642510618089365,0.14230691987000532,-0.7646637879276651,0.64440940129279911,0.005080842210927812,-0.087860640424362951,-0.11206061870559728,0.98980954006290567,22.063024095963975,-3.8473352425466603,-2.305353200666036,0.4146865277088161,0.3688226649816705,0.2758620689655172,True,5
0.97987789641596612,-0.18928325011278249,0.063333714103660482,0.18717181974461328,0.98159919672327889,0.037811729472539413,-0.069325449936602446,-0.025196591415434275,0.99727584637959232,16.104265411948703,-8.823084218143828,-1.9779361828714164,0.1793694738175365,0.1642456559957709,0.3478260869565217,True,5
-0.12491991432132829,0.96106941099666032,0.24645608584996415,-0.9917003839381775,-0.12856365976021744,-0.0013167710244972319,0.030419788014118682,-0.24457508588487081,0.96915306523870881,0.50747471132253086,20.422450957489318,-0.23400560803844223,,0.1921970227794114,0.4444444444444444,False,5
0.97413348753327189,0.2047351676348681,0.095642352542109038,-0.20829697798730384,0.97764251137299107,0.028766107099671222,-0.087614595973634593,-0.04794404123387596,0.99500002587062431,-9.894390002923517,4.5400785286959042,0.19329387714838958,0.3662587609246041,0.4081368119028392,0.919756221432199,True,5
0.43305236824626392,0.89270645851979791,0.12466284640317829,-0.89889213644148003,0.43795765598913916,-0.013638863741894353,-0.066772549748930654,-0.1061521100946136,0.99210541583164802,-17.123265319673738,-19.3071108005025,0.5399619996487991,,0.07398368973284612,0.4166666666666667,False,1
0.56145559374589116,-0.82382122926059564,-0.078014091490000825,0.82617019057926511,0.55269569523853834,0.10940879609524123,-0.047015236356634481,-0.12588109740683903,0.99093063171242224,6.525361104677236,-24.292999341889722,-1.3240967167644662,0.392106739668499,0.3483590526765631,0.3478260869565217,True,5
-0.99646480551361361,0.010255743116134305,0.08338291854961577,-0.01527817616398942,-0.99809223758095711,-0.059820252538251177,0.082610342608042148,-0.06088271522997233,0.99472047645577677,-10.579631046073114,11.626574760177512,0.64551719915146055,0.1126903528243405,0.07853540100403177,0.375,True,4
0.54746593817060829,0.78527671629546958,0.28917386705437154,-0.83424198744587286,0.53929815351517107,0.11488171306820684,-0.065736998146664449,-0.30413480639238027,0.95035817806516187,-2.6161170905200599,-14.003490466013838,-1.0429971933949027,,0.3099367017297231,0.6226415094339622,False,4
0.58179286001402697,-0.81138023943342952,0.056384174141781269,0.81308669846500181,0.58193428276817538,-0.015572774909229408,-0.020176442104179924,0.054905351251411882,0.99828769079257751,-13.441025140337613,6.7819567214847591,0.8317147545550635,,0.0804721794074036,0.4326241134751773,False,5
-0.95410337085004349,0.25662709528373528,0.15436739195444679,-0.28462905995714649,-0.9373423419855812,-0.20093688598387777,0.093129243315385593,-0.23565200590535915,0.96736501701905941,-4.3162161928845553,-5.8520621420560568,-0.8807859762424598,0.4055104207894,0.1816815465289813,0.2803738317757009,True,5
-0.74469892290591,0.65192014482658145,0.14291129763621349,-0.66518594478762738,-0.74244149415332561,-0.079424722954307053,0.054324700457238057,-0.15421009217514331,0.98654349847919265,-10.380722026020896,0.33949362791350268,0.024527756470360273,,0.1866977143629305,0.3907103825136612,False,5
-0.0097720011982971103,-0.99920707176235757,0.038597094873542258,0.99926087981087963,-0.011193066551229505,-0.036775118501075489,0.037177978322776965,0.038209200479419787,0.99857791630225656,-2.4956740249241496,19.594966891379247,0.10436338126221223,0.1645606082298194,0.1278916528676874,0.2307692307692308,True,5
0.79095346271437728,-0.61177686265196884,-0.011031325570825382,0.61026055465575657,0.78742728333650458,0.086835067159182017,-0.044437318228981823,-0.075414479916030619,0.99616162391833285,-7.330529279195142,6.3297843753041692,-0.091187318135244458,,0.8447844150351911,0.3199233716475096,False,1
0.61396755107490697,0.77782467033912916,0.13428562260684818,-0.78570933018962397,0.61852013409101381,0.0096794719385389291,-0.075529429231632014,-0.11145234827432624,0.99089539275550409,1.7750980866837198,10.198011883520353,-0.87925168491241812,0.3630154382640807,0.3264150003842862,0.8012048192771084,True,5
-0.99638814703014711,-0.035683423608590691,0.077054225954202749,0.030722362001718604,-0.9974358317200368,-0.064636661996078218,0.079163103342825183,-0.062035916052959036,0.99492951920656414,-11.911240677999826,-25.963504664705031,-0.07854026133637966,0.4669439513364415,0.3718193150006665,0.6,True,5
-0.96515491780781204,0.24337162581467772,0.096157352187528536,-0.25197810263850628,-0.96348035920335739,-0.090623579823731065,0.070590512266836075,-0.11169534089517888,0.9912321274051884,-2.8425172692926162,-21.098923992571478,-0.99498841666859905,0.2133188576317468,0.2317972093448319,0.7666666666666667,True,5
-0.93656376917610429,-0.3459244671251423,0.056431988365086921,0.33636781457519033,-0.93233594385852281,-0.13268903913794089,0.098513956293315746,-0.10528984202488856,0.98954992273346931,-12.849073551168884,23.67407978595886,1.5927676800332997,,0.1461928809921295,0.4615384615384616,False,5
-0.99254537367773388,-0.09452742396383583,0.076930145649738435,0.087219753779768316,-0.99180365111032021,-0.093371474202971844,0.085125764263971934,-0.085965596391817653,0.99265478414979447,-11.188692577293153,-29.683461540167094,-0.0066559270638353717,,0.09896540342836355,0.2727272727272727,False,1
-0.98741090585948554,0.12401408598429042,0.098184568376251974,-0.1326686980258289,-0.98732162502081799,-0.087149442513318381,0.086131989143879109,-0.099078328829930201,0.99134492746086444,-23.798303350652876,4.5272277151693538,2.0223228006288414,0.235953475064591,0.2687178257478713,0.7969924812030075,True,5
0.7974582404299102,-0.60238074692507804,0.034609110136180989,0.60151906737270344,0.79819195908748852,0.032625266821161882,-0.047277546018234362,-0.0051992482210453314,0.99886826031285614,-1.5345565114070936,23.804408700762437,0.19089628759350652,0.1560246530250416,0.1667396053481364,0.3809523809523809,True,5
-0.01788383344912127,0.98559532281609319,0.16817261413264217,-0.99889260301666649,-0.010291614071433926,-0.045909152882562684,-0.043517078713465385,-0.16880741193101423,0.98468793104079444,-13.070524813725173,-8.9765692399444799,0.27088417278984694,,0.3044323863932836,0.5,False,4
-0.682780772986879,-0.71344825934573031,-0.15748649871016968,0.72777585035373882,-0.64512014238675719,-0.23272798183455015,0.064441661069007936,-0.27351706185069719,0.95970604311696894,-7.483186936375243,24.623620856839477,0.97250956902251384,,0.4526522268747465,0.2631578947368421,False,2
-0.43700484113311228,0.89407091144237094,0.09830551428496348,-0.89942972561991397,-0.43525682654318076,-0.039719813932666034,0.0072758159342684176,-0.10577665271773076,0.99436329489896358,-13.412488619880063,8.3349742101427751,0.91120729416337132,0.3153047173660555,0.2742265590488077,0.8944099378881988,True,5
-0.92293122687588736,-0.3849020597273522,-0.0069537669656000306,0.38155569980502857,-0.91221005549831857,-0.14929187048881973,0.051119452302083451,-0.14043937861368305,0.98876872044525066,3.4226876172853724,-11.109052392173719,-1.2623076816622321,,0.3155139241239869,0.2727272727272727,False,2
0.59661822324412317,0.78354195935942872,0.17351856850554545,-0.80079994987301661,0.59542318303260366,0.064735410639750829,-0.052594067882225197,-0.17757598663814522,0.98270068331770777,-9.7367298761424745,0.27205723850197833,-0.10007107107229661,,0.1540588089703631,0.285140562248996,False,4
0.075331971954985408,-0.97033144745777733,-0.22974328298313401,0.99676313247678228,0.079763667930942458,-0.010050622531750104,0.028077602042316067,-0.22824250119707645,0.97319936750434466,-21.854301498548864,14.246629040097032,2.2185091089561126,,0.07465259468719113,0.4,False,1
0.91264662971663668,-0.40857595638534039,-0.011908699789268021,0.40457715101060476,0.89879517432783462,0.16877370495768043,-0.058253396012668476,-0.15884874084739958,0.98558288306168829,7.0014675824227295,4.2421320697414249,-1.3834917356491838,0.2723621091592709,0.1257213924005756,0.2923076923076923,True,5
-0.99643289886682895,0.014921207531437677,0.083059229599443646,-0.019970876546253531,-0.99798042964201916,-0.060301128857648392,0.0819917199833229,-0.061744794252926158,0.99471852211409117,-5.5532401348469662,3.882555135953174,-0.56823174718767022,0.5487565234402664,0.4301726965818613,0.9718372820742065,True,5
0.99387565155921243,-0.073275315713462588,0.08271588326823183,0.074739083815382079,0.9970942273695832,-0.014736726118505183,-0.081395691459613922,0.020828582605326738,0.99646420485558096,-5.5316088400595689,7.1822633225973682,-0.21562153703410813,0.2900275418180702,0.2543501273854895,0.8452914798206278,True,5
0.49298227431012714,-0.87003804833059473,-0.0015072070547408889,0.8699717809957076,0.49292165625142775,0.013316946703638873,-0.010843315322019799,-0.007876246278568852,0.99991018959573963,-16.238984802833475,-12.378086336804836,0.55927869740756353,,0.131891878213668,0.125,False,1
-0.58102246259298773,-0.80953912214091606,-0.084019686298482638,0.81056588096738058,-0.56624246986331706,-0.14950725044179197,0.073456453589556492,-0.15497056187032895,0.98518438598043157,-13.914035648314345,-13.799097838621551,0.25000286806305233,,0.1020320694391217,0.3,False,3
0.95697611472591337,-0.28807821151039609,0.034751401368386461,0.28104208228086353,0.95000927149196857,0.13600636774260036,-0.072194624670619378,-0.12038823917754821,0.99009828200860828,-6.6389167729207532,31.374216174787062,1.1413400413664399,,0.2460002689541318,0.3333333333333333,False,5
0.95279477670057189,-0.30361227142184771,-0.0013046586423787754,0.295611072395013,0.92668815227734092,0.23208438617511074,-0.069254655941512019,-0.22151446244178707,0.97269478026745293,-26.292936936644811,5.9313956260015015,2.3542034768244187,,0.6319240624533614,0.24,False,3
0.94930779254283948,-0.3108547113463383,0.046733964642715835,0.30930655949791647,0.95022167091074317,0.03752636917099627,-0.056072874627611208,-0.021168952864530431,0.99820223810889963,6.5520994781750828,-7.3019591782352551,-1.5406397010215309,,0.07833954123050335,0.5555555555555556,False,5
-0.03470932307428546,0.95749219088168147,0.28636334837461885,-0.99896779752528597,-0.024838530217854038,-0.03803139392786873,-0.029301918012390463,-0.28738780735656694,0.95736599364275554,17.919798563952124,13.815135636119454,-2.0638144459722012,0.4780246105695408,0.3912911895356346,0.3333333333333333,True,5
0.88338195651806595,0.45302734262448663,0.12001060675169874,-0.46082033676829737,0.8862780654718343,0.046430678266176292,-0.085328401596818246,-0.096319351628321115,0.99168626408901761,-4.4827864253628853,-11.392737073171887,-0.80052242323154232,0.6106837016517734,0.5319190574385607,0.7542857142857143,True,5
0.14473516914866338,-0.97105523416981332,-0.19000911294703013,0.98933276024266348,0.14522494959699916,0.011419436290023621,0.016505160470006823,-0.18963503422616432,0.98171591281383497,-1.5915820841844075,17.826398827268243,-0.078270262611873587,,0.3848298353641904,0.3783783783783784,False,4
-0.28967286253269175,0.93795397884347087,0.19060946011103005,-0.95705176661455704,-0.28137314942795827,-0.069864631974610791,-0.011897425438817652,-0.20266100846658675,0.97917667808993203,-5.2866311770705305,-1.9590441184632461,-0.73840227058906482,,0.266589563730664,0.4463625154130703,False,5
0.922836381353486,0.37416650720319133,0.091501028069459145,-0.37405696913058956,0.92721119586539114,-0.018994265100521501,-0.091947795488749512,-0.01669799836016082,0.99562381437746039,-5.7649932542509488,-0.66961214262591118,-0.63230293397838366,0.3745429537620317,0.2837785063755006,0.837055417700579,True,5
0.90993764536557198,-0.41252490911676282,0.04285651531289749,0.40792912280380028,0.90884928170106416,0.087102318683152075,-0.07488198925696421,-0.06177525807041126,0.99527709969397649,8.7244102619118475,-18.680739264656442,-1.4183090430698846,0.3974269505012697,0.3005855261979642,0.28,True,5
0.78332674562250715,0.61027902096752618,0.11814705311335508,-0.6165003777429906,0.78704619427564515,0.022035705547452537,-0.079539259709920596,-0.090098860387586382,0.99275158097162275,-1.3271016383034628,-7.7349170187976153,-1.0972666440004843,0.2700777646192816,0.204942533596718,0.3854166666666667,True,5
0.79543338279465314,-0.59899091770490343,-0.092171655311669223,0.60436723695519456,0.77271310897308321,0.19404817473064828,-0.045010847925797057,-0.21005792469742757,0.97665228809480154,-16.07679931335533,23.664323796449111,1.9555391130521411,,0.3233099378831107,0.2307692307692308,False,1
0.25520224992628404,0.95723176778592012,0.13630537177237406,-0.96536517741090666,0.26016393343509253,-0.019616370255220793,-0.054239154445581611,-0.12657831757857807,0.99047263649431805,-17.302077982853927,-1.756789019110953,0.9290418562302295,,0.3670205521188281,0.8125,True,3
-0.96921346188129731,0.22468214246905308,0.1007134557225933,-0.23547629364270467,-0.96534641865363358,-0.11250425380801508,0.071945677009569831,-0.13275626858314335,0.98853406249431508,22.991643140360512,8.4871473809422895,-2.3490695861651929,0.3903310174505731,0.2979723591619451,0.6153846153846154,True,5
-0.9845858174371922,0.14957420145649974,0.090654985302452556,-0.15739237977064843,-0.98376039192156362,-0.086273576930977147,0.076278482494537461,-0.099212144140642722,0.9921383691619573,-28.036724993617746,5.5218073603537432,2.5540064728686045,,0.09149771335972946,0.3703703703703703,False,3
0.99644639375128696,-0.010871351091344957,0.083524835261767141,0.011533919815187152,0.99990569770134508,-0.0074541530762788286,-0.08343592196262628,0.008391032703814038,0.99647781585763939,-2.4664465232452857,10.471756232642381,-0.44351606169762692,,0.0797369525471994,0.3859649122807017,False,5
-0.64561008915714468,0.75352447312907678,0.12405031710580647,-0.76318452534706527,-0.64240728255581936,-0.069729933242639694,0.027147615904142993,-0.13969163079725017,0.98982284032847334,-18.229981952427604,-6.6938542867302502,0.94254276551891936,,0.1866503988874994,0.4545454545454545,False,1
0.99532368474008992,-0.045218175136204936,0.085358533450161894,0.040243976970604833,0.99743920607295034,0.059122352001193999,-0.087813352703335151,-0.055410710389916101,0.99459462509159258,-13.539644903478015,-18.468775290144283,0.14652688707225234,0.6630761826965675,0.1456093111929632,0.6,True,3
-0.97722243787602459,-0.20271405060658021,0.062795864500096596,0.18310732626948001,-0.95499421870682943,-0.23336184200287974,0.1072754118057061,-0.21654804529990038,0.97036020636602294,-10.998164065542808,-2.9744253768120554,0.037157347405367115,,0.3412052581488139,0.1468926553672316,False,3
0.13419669575732163,0.95029633992933549,0.28094147640518696,-0.99010886978571244,0.14029206601708047,-0.0016006824540524475,-0.040934982832247675,-0.27794784138317835,0.95972356678939374,0.76633775786080716,4.7801180505335035,-1.0099015361209247,,0.198253542110092,0.126984126984127,False,3
-0.91218945723520573,0.392844683548638,0.11654805325063032,-0.40499082208174919,-0.90762513837855407,-0.11044927438810759,0.062392532714181645,-0.14795155555411044,0.98702457369136931,2.3720006122164996,6.0557912291351714,-1.0714576634683379,,0.1513872608484927,0.456,False,5
-0.57577587669142105,-0.81619199227536188,-0.048091283678039776,0.81393839348999808,-0.56663333938223692,-0.12818326842242872,0.077372032564403448,-0.1129481759308711,0.99058380671740365,-8.9553292199718424,-13.775888037532782,-0.29407210426685276,0.5908073762288581,0.6716907938453589,0.7125748502994012,True,5
-0.83665538535391071,-0.54682024748891755,0.031549692462179216,0.54070046911212122,-0.83374552026963911,-0.11185441489829831,0.087468673593642299,-0.076524665085628496,0.99322364388555573,-18.903619056336606,-9.1039589453198584,0.92994631683606377,,0.1327258046673734,0.4230769230769231,False,2
-0.82083182591598891,-0.57068654210855752,0.023494344417394786,0.5628001349602193,-0.81513501020446699,-0.13715291913672265,0.097422387838651148,-0.09935686083579226,0.99027122171285709,1.218690173145343,8.5086398651037953,-0.89908812047725772,0.3133654896720856,0.3140130779254231,0.8171641791044776,True,5
0.14595879584631222,-0.98741296277954971,0.06092348356756163,0.98905642033155938,0.14430719504087719,-0.030705550969767639,0.021527362031082943,0.064738507816805888,0.99767003477584582,-6.3764774909041728,-4.5883187262433633,-0.64206104991418467,0.1655281506476691,0.1436190140290732,0.6209677419354839,True,5
-0.5500786779310477,-0.83423387096363721,0.038305308021979435,0.831796416925211,-0.55140128054890447,-0.06380712028771704,0.074351656847804218,-0.0032367184085556611,0.99722683215902919,12.494476787220137,-0.12041327161962281,-1.7835427333623628,0.1517509067611571,0.1290081921930151,0.4285714285714285,True,5
-0.036814255902658993,-0.99853188562033823,0.039733914504176807,0.99872801157880897,-0.038134119868068875,-0.032987085195970559,0.034453874240381113,0.038468978429111629,0.99866564387108492,-12.830073699142178,-12.436645093498766,0.17530538673793711,,0.07265701142039198,0.2666666666666667,False,4
-0.99019655215104496,0.088897028146725413,0.10774092302771715,-0.11459337024543409,-0.95805268952573719,-0.26268498927098111,0.079869566193745134,-0.2724561661610595,0.95884748000755649,0.60171700555527396,9.5347454436351811,-0.80623224956119732,0.2305859732281164,0.1726909177957479,0.1224489795918367,True,2
-0.86876839184641796,0.48099186507125491,0.1178486616973845,-0.49153273580418883,-0.86651025148908878,-0.08692268804613637,0.060307967644735172,-0.13344215900378747,0.98921996504264398,-23.726559405130118,7.7284120472586109,2.1328617999614199,0.1598412661588966,0.1131902416457613,0.2105263157894737,True,5
-0.75747191721683849,0.60570030385687723,0.24364612973641711,-0.65162626029668158,-0.72441472820956554,-0.22495892612835816,0.040243154941055834,-0.32916628542539,0.94341403689983439,-18.225432692595287,-13.388890891218663,0.72571797599523624,,0.1414937833219579,0.15,False,1
0.10169039325189379,-0.99372074507137631,0.046670598186268689,0.99452825108194121,0.10042056076904959,-0.028797027185541516,0.023929515669364895,0.049343609410121017,0.9984951609748598,-6.6744213144882405,14.607510516674822,0.30610216171807031,,0.07745151745613688,0.2727272727272727,False,4
0.93639684329176154,-0.34976087531405542,0.028779888338398188,0.33920770822921692,0.92306568885775986,0.18135011643622662,-0.089994902917373359,-0.16005331659511501,0.98299738214086685,-6.569531774608417,12.701850577325056,0.18120878742251992,,0.1831010216412916,0.3636363636363636,False,5
0.87208705203664716,-0.48876075452599627,0.024022874624215436,0.48398748135427089,0.86873724610362546,0.10512713790758199,-0.072251585189401793,-0.080053245202609785,0.99416859051679529,-12.748528485248452,-25.057830940413783,0.040153597676819329,0.418006121171798,0.3583087767040726,0.5151515151515151,True,5
0.66319312148520626,0.70375495076723982,0.25476234589379643,-0.74071310427634607,0.66595703768436632,0.088573817304914718,-0.10732651474826566,-0.24744735446002461,0.96293864082958447,2.0447124507227099,-14.403550744512875,-1.2584003830696011,0.5260986964467704,0.3699720813522404,0.1621621621621622,True,3
0.94639874394141132,0.27657252344530092,0.16684440878020718,-0.30434189406881523,0.93657205511483588,0.17380678091656393,-0.10819163082569977,-0.21526826253089615,0.97054322220404188,6.0207281657131517,8.3732020540600978,-1.2882271107473733,,0.3096935309197862,0.25,False,2
0.58240351516902789,0.80274000063138273,0.12811961951663972,-0.80916116209732969,0.58757788733524963,-0.0032311093984362521,-0.07787399612232393,-0.10178761074400694,0.99175345879254073,-0.66866628491106028,-3.0819783830628111,-1.1702453778038975,0.2638557328638991,0.3029338895875117,0.6560283687943262,True,6
0.59397384957018107,-0.80419808721198494,-0.021459323180490819,0.80403839611218264,0.59254530129263638,0.049115409937899042,-0.026782897605170899,-0.046427388905726286,0.9985625538519195,17.550552428525982,8.3535158909386507,-2.0723206701893004,0.2453007637774984,0.1939297955348728,0.3333333333333333,True,5
-0.58894276406924284,0.73656959684134493,0.33258329732483571,-0.80790394877403549,-0.54723425237385859,-0.21869129517231889,0.020919612945802739,-0.39749201506169174,0.91736713902144695,-18.164746236424229,12.180952214593669,1.676453375464148,,0.5002278314444416,0.1142857142857143,False,1
-0.213665456212984,-0.97689983773690869,-0.0037121221557104706,0.97589854211923488,-0.21327076905841325,-0.046234343888339226,0.044374635895403886,-0.013501336779536355,0.99892372361172599,-14.907468449015585,14.324049457960179,1.3508380605067158,,0.6130889573166199,0.6875,False,3
-0.32408966245347798,-0.9458476472775228,-0.018388007786773186,0.94445826153678003,-0.32237266359865074,-0.063831481098556242,0.054447065170814254,-0.038053829030557151,0.99779127235629761,9.4467677562782466,-14.849223788198058,-1.4178905291130182,0.2076970649512204,0.2284296989454051,0.2777777777777778,True,5
0.41328782012329213,0.90450947860705222,0.10514647330146604,-0.90746493411044959,0.41868388388991706,-0.034802280539814219,-0.075502126444588966,-0.08103337880684193,0.99384758410004326,-4.6810480476971668,-3.996999360827636,-0.84252254948030192,,0.08962279638858835,0.3225806451612903,False,5
0.95129412737065422,-0.30795060111324396,0.014349582018245738,0.30240381498892449,0.94118387153551264,0.1507476455589562,-0.059928423225135675,-0.13906598158937386,0.9884681263724866,2.4986237748523958,12.226919876005002,-0.87421448593300521,0.3224029709173005,0.2245255933685324,0.5,True,5
0.73778959186998416,-0.67410685946954896,0.03530524244959752,0.67454359473378933,0.73823474974604064,-0.00062695376172475226,-0.025640922993153022,0.024277485114883722,0.99937637894066556,-17.38419265301162,-14.643286845032236,0.6286193747825406,0.198156392712036,0.164468215651561,0.5588235294117647,True,4
0.24987286376291445,-0.96723252979029806,0.044997614052094542,0.96819598280693309,0.24897433487898926,-0.024664132826493851,0.012652700559091876,0.049729406662719647,0.99868257984283337,-15.331523521954013,-4.2973400771198422,0.59628788140773514,,0.07186201758783814,0.25,False,1
-0.85547875873794565,0.46293206629973549,0.23205601767599424,-0.51511324061559793,-0.80665863355168277,-0.28975886226141417,0.053051321290625689,-0.36741767909014583,0.92854176341257244,18.577752159787916,2.9276353648278359,-2.0290049193372228,,0.3640133678619019,0.3181818181818182,False,1
-0.27865265850509169,0.95348546450128602,0.11497027830188673,-0.96033237270566052,-0.27529822383540714,-0.044414208161213019,-0.010697188488679111,-0.12278581733180152,0.99237554041834408,2.0757666702204411,19.243610262631737,-0.5062511474207213,0.3772141268653332,0.3689361018866985,0.9056603773584906,True,5
0.55249893931271887,0.82371284695308156,0.12744437148329518,-0.82915150005515004,0.55876733345203022,-0.016936853993715705,-0.085162855838782955,-0.096313097922137589,0.99170110172068771,2.2465391805866628,-18.080722410051866,-1.3209965757001643,,0.109940574766891,0.3043478260869565,False,3
0.64168995605513823,-0.75800441796005735,-0.11689013068257892,0.76678843009160569,0.63731059006207991,0.076620593004589288,0.016416570153549817,-0.13879666475733082,0.99018482218050363,33.86551703191487,-8.2395001450492078,-3.1639912038605078,,0.5020594415491739,0.4545454545454545,False,4
-0.99149443073145538,0.076182560970973659,0.10552256266984934,-0.099456793298136822,-0.96646527977865748,-0.23675558968948129,0.083947245906939083,-0.2452367843254071,0.96582181561526903,-1.6678778938117302,3.0215169653253091,-0.962904242053916,,0.09820935787713561,0.2857142857142857,False,5
0.95413889158993526,0.28035727728071641,0.10497034167456583,-0.28357540270638476,0.95880285980826585,0.016794850502585203,-0.095937305233383008,-0.045791626955547074,0.99433352571726275,3.7584845611005959,16.027561764799561,-0.87624326894596893,0.28843543437209,0.2478134291353665,0.4375,True,5
-0.72549747380663498,-0.68821880867017204,0.0028786963718394343,0.67247631159422028,-0.70977953733084476,-0.2097346388440568,0.14638656306104564,-0.15022609553277588,0.97775410731745493,-11.064070230117267,21.427481627325278,1.2563312260516271,,0.2208356319159119,0.1333333333333333,False,4
-0.92526881661481553,-0.37655038065376956,-0.045688377403024519,0.37104191720347046,-0.87349048583690247,-0.31518608286278427,0.078775076503884267,-0.30858415704944131,0.94792948331608196,-12.197357236972755,13.943278908179364,0.94454871815848651,,0.3617251637087158,0.1379310344827586,False,3
0.6138167117792811,0.7704119416232722,0.17232087669441193,-0.78513487825868278,0.6185296592374856,0.031373294141404801,-0.082415212686701711,-0.15455258279245793,0.98454112756653589,8.5553135642419704,6.7369040936900255,-1.440414304378097,,0.4923132852951029,0.5,False,4
-0.9760443748782418,0.19701209785156815,0.092323407479718206,-0.2035582252148545,-0.97671406877557954,-0.067776668575777993,0.076820747301236877,-0.084946225083734284,0.99341970567736515,6.4826509396035767,-5.4038072408587583,-1.5462136856468089,0.4161595537780881,0.348719095114814,0.815028901734104,True,5
0.72325733888461552,-0.68973228564913946,0.034178880653980594,0.68886414142687469,0.72406292817048457,0.034627600341335989,-0.04863143433788529,-0.0015000607981986991,0.99881566538167699,-19.213677184192598,-10.608835059972145,0.92343502517390219,,0.134081433967084,0.2758620689655172,False,3
0.20612742755678895,0.94713760655858636,0.24584921771544141,-0.97584677621839622,0.21754603013224832,-0.019919691711057372,-0.07235021045570883,-0.2358051717333034,0.96910338356175574,-4.1728456699438894,30.939042468981224,0.84928946475072786,,0.1314189568446337,0.4285714285714285,False,2
0.96829237166389037,-0.23945900164547662,0.071198802717954313,0.23925506060452389,0.970888585164426,0.011505267165313499,-0.071881144625306204,0.0058942114291255926,0.99739578870124823,-19.113335125142047,-13.778063505867065,0.82728503104127682,,0.07709596227462585,0.1666666666666667,False,1
-0.16937525851372062,-0.9833516212178437,-0.065814974372473273,0.9844998422807788,-0.16573242135751404,-0.057383142647449523,0.045520131288611571,-0.074514116509654893,0.9961804877070487,-30.10180956387612,5.05785581951422,2.7469032673977338,,0.1359512035313926,0.2258064516129032,False,3
-0.89751795061503192,0.39475233495567297,0.19655055932466448,-0.42956749687207602,-0.88338294646527526,-0.18736684745543591,0.099665911699303222,-0.25259684071930455,0.96242482413109753,-15.81494132880322,-7.7903270594502079,0.61060196524192312,,0.2187193972907354,0.16,False,4
-0.45834936778677549,0.87311470255157342,0.16609206253683934,-0.88873862448696106,-0.44863560752897025,-0.094179344880590682,-0.0077145573099643705,-0.19077947438178422,0.98160260684256662,1.5282932544855747,21.072662923265359,-0.31779316123456514,,0.2657540730889222,0.3076923076923077,False,5
-0.18744002201957524,0.97238176519146957,0.13906811593037105,-0.98208277947967459,-0.18270709974502711,-0.046168495234716715,-0.019484670763924475,-0.14523022559330634,0.98920600947393134,-0.55771765489748493,-7.3134121159253773,-1.2020547028280777,0.1364118725725592,0.1213173189695133,0.6779661016949152,True,5
-0.97745321378187011,-0.20932791114125637,0.027695495748108014,0.19217376584733759,-0.93626123325111665,-0.29408187096649202,0.0874897627585529,-0.2821289221762599,0.95537888436165241,-22.096236431175743,19.360623518935345,2.4607914082328346,,0.5801476342039744,0.2452830188679245,False,1
-0.59951210867435456,-0.79807759968088199,-0.060476246910923487,0.79665061904236334,-0.58775154862281465,-0.14105285630182293,0.077026117208700284,-0.13274133485499259,0.98815318412109909,-21.682266634715059,21.76469899129162,2.4795344742877563,,0.3057532076007414,0.2580645161290323,False,1
-0.89510858691619843,-0.44515200211468098,-0.024906076410738373,0.43528460328407542,-0.86044784420666343,-0.26487133016604592,0.09647762317092784,-0.24792983364935428,0.96396206658451666,21.141476564749279,-4.3228049233849548,-2.2296101646902713,0.3235659465437347,0.1350803514495176,0.5,True,5
-0.23407281733630636,0.95958585527378026,0.15622068538683379,-0.97137646455713456,-0.23751943707208076,0.0035044425297111464,0.040468262734226074,-0.15092880232563238,0.98771595934247403,-7.1863009600774745,-7.4499032621598529,-0.45885568984495906,0.09798689443431058,0.1822515532659634,0.2,True,4
0.039726601092269373,-0.99918336128388541,0.0073761574747296388,0.99871027147538416,0.03947205217448934,-0.031933536395132842,0.031616306160280355,0.0086352550958673224,0.99946277647254522,-8.2779918153186909,-9.8858538099298556,-0.31501093806840064,0.2334157100771458,0.1873352052763889,0.4805194805194805,True,5
-0.54456328956408351,-0.83859367823665432,0.014541887108070611,0.83542021188535198,-0.54387584976112291,-0.079196777838818469,0.074322898440378107,-0.030979071453745649,0.99675293021856026,-13.63978564165887,-10.355563260047587,0.29018276982974606,,0.08132160779042319,0.3333333333333333,False,2
-0.8152148452009006,-0.57479402732513152,0.070968882726365534,0.57198317098784046,-0.8182765397656363,-0.057085519844114113,0.090884587641510667,-0.0059439566396416871,0.9958436931108714,-11.508607711010965,24.732089578230845,1.4608965727805967,,0.08425198943213272,0.3529411764705883,False,2
-0.3568769516273626,-0.93309825848676919,0.044345026847678076,0.93240757577370126,-0.35870839822262507,-0.044095324971821642,0.057052204488284783,0.025611033823701557,0.9980426448351345,4.0985445622972376,14.5190661004921,-0.98079526606114842,0.3380099414355036,0.2540155052980866,0.8113207547169812,True,5
-0.9504894910321614,0.29426559646351119,0.099887367446520978,-0.3026411975065722,-0.94952335222367812,-0.082545194612989703,0.070555177054630908,-0.10868837251464544,0.99156886027693847,-25.442479898847935,7.3569942437175788,2.3262373871214796,,0.8397097994914876,0.6730769230769231,False,3
0.62107950108403198,0.74703411126304187,0.23706600334642752,-0.77729126299151308,0.62585436668477412,0.064223081354448999,-0.10039196088467402,-0.22415697247919519,0.96936840565323412,-17.305407174747682,0.62832087074863718,0.98239167494863033,0.4011509754129421,0.3408053654197258,0.3813953488372093,True,5
-0.043823466819578764,-0.99132364739718171,-0.12392308044534156,0.99824042310250927,-0.038490675504705252,-0.04510571563910315,0.039944479468850699,-0.1256817170886077,0.99126613205012859,13.829971665484381,22.330504535178772,-1.5144940460257652,,0.2713338823039306,0.7333333333333333,False,5
-0.61234034255073999,-0.7901590818223676,0.026228425390675013,0.78577948303703071,-0.61193192429762444,-0.089944005155774859,0.087120083349925853,-0.034466584383112786,0.99560139897353639,2.3966004366977538,-9.2399871564358751,-1.2956518262334318,0.1569819835806888,0.1132354624071189,0.3125,True,5
-0.5884568345235911,-0.80850236175466994,-0.0065180472226673003,0.78479878132679037,-0.56922862949917752,-0.24509108548960767,0.19444646237579358,-0.14934087985414499,0.96947814564018409,-21.775344756779958,17.773348738910638,2.348481274904878,,0.2652170785097903,0.2,False,2
0.11288390155789578,-0.99168851328097074,0.061734248158105645,0.99319369328678409,0.11082435997894602,-0.0358364179378401,0.028696905485188655,0.065359420605114529,0.99744906323768678,-16.43228791503476,-10.399306155250702,0.63000340916684328,,0.07913620051351812,0.35,False,2
-0.4046398104219216,-0.9099652327489467,-0.090718790831162577,0.91189599040161273,-0.39406095785616818,-0.11472429639332218,0.068646387459027208,-0.1291481191564019,0.98924639843023476,-20.561092115946867,15.694372091153751,2.1189186096221735,,0.2312206918521676,0.3333333333333333,False,3
-0.84186194571524386,0.53062358218381334,0.098524506529906103,-0.53736570016060947,-0.8410807302692026,-0.061816740942258031,0.050065643383876521,-0.10498485224184609,0.9932127728499649,-1.9455489849695928,-2.6904402643550678,-1.094452072381187,0.2614383982145466,0.2145132367495796,0.7770700636942676,True,5
-0.2925251638743423,-0.94550004378826313,-0.14303389701984015,0.95487257452918006,-0.28076711056840126,-0.096892703724723028,0.051452841634890056,-0.16492269952757904,0.98496350605909821,-13.570300159109722,-15.06293912678486,0.17253450493912909,,0.1936235695383116,0.2380952380952381,False,5
0.44557945074344041,-0.89369425049518014,0.052626416437294606,0.89514921801377234,0.4456107353581345,-0.011787706431461209,-0.012916290663564336,0.052360855277966821,0.99854469618042319,-26.543802388213244,2.1843056057955579,2.2675742984696985,,0.1710738000454735,0.5652173913043478,True,4
-0.98918365865730229,0.10091750066171609,0.10644880227388648,-0.11718458472648165,-0.98018675117150922,-0.15969253561241636,0.088223934098602061,-0.17043940532644841,0.98141069209792653,-7.7447703081844033,3.2888637739397835,-0.27573712642305426,,0.1375218494602545,0.1774193548387097,False,5
-0.382719026673772,-0.91566113209609046,-0.12284477111537083,0.92191751924044829,-0.36989242706982872,-0.11509856694994125,0.059951933575318694,-0.15730315815297075,0.98572890902909172,-9.3755742479123541,20.23771558839897,0.99147115257520335,,0.3651672207411137,0.4347826086956522,False,5
-0.54879237704017636,-0.8350089523679004,0.039836871966231924,0.83178575431469992,-0.55018810002439056,-0.073658085168407744,0.083422933427913792,-0.0072872530498278854,0.9964875865364653,-12.442790657417355,-4.0882406744659132,0.1781907980298337,,0.104832592344064,0.5630252100840336,False,4
-0.33334382082313624,0.91643986012657574,0.2214043357529748,-0.94278757936370639,-0.32257460938190263,-0.084244890525399158,-0.0057859585684999874,-0.23681977145773975,0.97153637015304162,28.732556210472282,3.127041289825065,-2.6987574035827024,,0.5172849175828145,0.4285714285714285,False,4
0.70644368606896291,-0.70775533945568403,-0.0044382299700158473,0.70598974220205946,0.70420926099973058,0.075284796789815867,-0.050157774260496585,-0.05631781418151529,0.99715219574899905,-15.201077900783158,-11.981686138143683,0.44380012670412461,,0.1167681269181145,0.3076923076923077,False,3
0.75279245489586111,-0.65025082678348567,-0.1023590842048523,0.65755067463288996,0.73562993568369095,0.16271357661805566,-0.030506231194531733,-0.18979583766089725,0.98134953501028566,-7.886720727627571,-23.117729052822227,-0.49664658682393109,,0.2736435046368342,0.25,False,2
-0.44406047650153163,-0.88119279707820519,-0.16220218120210839,0.89345093552681765,-0.42184552163296712,-0.15424584819198317,0.067496066666785398,-0.21341417538602911,0.97462745227538816,5.0938539298216465,1.9424292620761263,-1.3526264299694453,,0.2365910399020273,0.3090909090909091,False,1
0.997097697693061,0.049870298656032611,0.057525077724038233,-0.050720810913309357,0.99862270186193514,0.013420084435875938,-0.05677658492279055,-0.016298853883872741,0.99825385887888185,10.688158501853811,-7.5073354396497018,-1.7150375600272119,0.5965273574007642,0.5636136058547085,0.5510204081632653,True,5
-0.99246990582029981,0.069534678501536593,0.10083855674658609,-0.087242066029677476,-0.97914710397406379,-0.18346599329052321,0.085978531947922432,-0.19088184110829629,0.97784038307854138,-7.2591460917333608,-18.663160341502632,-0.61050016452086875,0.4324386295109229,0.2864132622534453,0.5853658536585366,True,8
0.24483376657283351,-0.96932698470962619,0.021485424350058527,0.96952035241282175,0.24454952608611291,-0.015027160356328444,0.0093119816943820453,0.02450971245854161,0.99965622140419974,-13.5584958253216,-18.33044425103397,0.1680670956403178,,0.1456167063910951,0.3939393939393939,False,3
0.85617977458236039,0.50116266688055233,0.12566692055299131,-0.50993123892925529,0.85880229262913454,0.049282387716283883,-0.083224546620418005,-0.10627607209581952,0.99084765294151611,-21.739481265513536,22.657288243251603,2.5270250777909138,,0.2000654504333568,0.6875,False,2
-0.50464488214272063,0.85113656123932169,0.14456865859812718,-0.86324153426112138,-0.49982633600089171,-0.070623560986602968,0.012148928087052965,-0.16043748926490312,0.98697123341296489,-16.220898092343631,-9.2207282030568631,0.64130624046349227,,0.1075548810961822,0.25,False,2
-0.96055525829721866,0.25096283407239434,0.11979670977083642,-0.26913436251796641,-0.94738302043386058,-0.17329774235593998,0.070002076180739198,-0.19870346878695838,0.9775564642630209,-12.227852373692192,18.069577431723459,1.2709046990884794,0.1426453270413264,0.1415028126349338,0.2758620689655172,True,5
-0.99160893055517452,0.085109149231893305,0.097304478623791699,-0.10536737130606964,-0.96819531263587744,-0.22692631767594873,0.074896234266306677,-0.23527488031436763,0.96903884586005529,-12.997389894398838,-7.9837972154631505,0.284172263918052,,0.1762247032975671,0.4683544303797468,False,2
0.74408222650206213,-0.66779634265925902,0.019740439069321852,0.66678686559516986,0.74415200897501055,0.040411179248117123,-0.041676325095925032,-0.016906574738007371,0.99898811387179443,-14.33929442729079,-19.484546214004148,0.2225156206840615,0.3247609653092872,0.3079624857583455,0.5555555555555556,True,5
-0.14164786293530543,-0.98095073112968145,-0.13293436734722552,0.98891181737678158,-0.13417183384656917,-0.063650109621292306,0.044601573721280256,-0.14047626880863123,0.98907892380901186,4.8489283798480072,9.6084682481499755,-1.164681344150456,0.3542738165418813,0.1610777904342932,0.5,True,5
