axis_00,axis_01,axis_02,axis_10,axis_11,axis_12,axis_20,axis_21,axis_22,location_x,location_y,location_z,dbh,dbh_approximation,score,reconstructed,number_clusters
-0.99552316306098909,-0.092904220207194577,-0.017390735370811556,0.094302352851886109,-0.98871422427413924,-0.11640983190687089,-0.0063795027739503365,-0.1175286713346181,0.99304899846819084,-7.6475175227292498,-14.926613828554853,-1.2963695528167634,,0.3827448753316742,0.6666666666666666,True,2
-0.26309979603798456,0.94882751328526738,0.17465636935899986,-0.96420207337583175,-0.26480384581120664,-0.013902695470379946,0.033058418330562785,-0.17206182980687793,0.98453129340869139,4.9264925415639231,17.910481061586882,-3.3567314037519611,,0.2994322743695454,0.4375,False,4
-0.99996967331089159,0.0040234605728352137,0.0066681499329692287,-0.0043637841464330644,-0.99864616933112504,-0.051834215226948463,0.0064505694657958461,-0.051861741633781586,0.99863344121267938,3.9347728216712325,22.016568685786076,-3.4487667085393485,0.5475105300031399,0.5692055843129755,0.4181818181818182,True,5
0.97050566338973165,0.24085104474857624,0.01046573322697851,-0.23985474294017914,0.96030132302776383,0.14244673137783528,0.024258186609048316,-0.14075561528638222,0.98974713798413916,2.7934236885629913,-12.047509102316798,-1.7165629447510402,,0.1291650728594959,0.2631578947368421,False,5
-0.58502278748512082,0.80796733216801575,0.070264701468377155,-0.81064916936062104,-0.58516733188818892,-0.020666831053508583,0.024418483533499954,-0.069050588992119549,0.99731427033897713,22.205744923247284,-2.9528797459545317,-3.2639587312381133,0.3077195788952815,0.1895406111740016,0.1666666666666667,True,4
0.93829173773938634,0.34286758980976062,0.045281682257281998,-0.34561035765641673,0.92476396163151375,0.15926423311023796,0.012731675875823583,-0.1650861324449592,0.98619697490093672,-2.8311924586557073,16.541370271510612,-2.8876830014069372,,0.776404301354566,0.5423728813559322,False,1
0.97766985030810094,-0.20362654054298449,-0.051941272462590046,0.21003099157100308,0.93861038818935516,0.27367411598967561,-0.0069746955659764414,-0.27847220897160524,0.96041896193913079,-14.24304351965818,13.685316639803208,-2.3680060644359404,,0.506284501696874,0.125,False,1
0.10308788011755966,0.99067516406878509,0.08908203112948157,-0.9940442424243392,0.099426799897847973,0.044613401182776347,0.035340247252808647,-0.093150581100493526,0.99502464098370491,2.1187926096999301,-7.164502202117478,-1.8506521625693166,,0.5041442213190712,0.7373737373737373,False,1
-0.99395572857502201,0.10348118698671277,0.036655880465742495,-0.10972880107000749,-0.94681963000343394,-0.30247674035518723,0.0034058550521979211,-0.3046706946524092,0.95245166175054885,3.0887419575883013,-8.7562354689963602,-1.8410965852941061,,0.2686208545894073,0.2727272727272727,False,1
-0.042413261571358787,-0.9823176949722906,-0.18235421954867453,0.99749821118557669,-0.051965532486103215,0.047926006666641971,-0.056554698517936972,-0.17986530954512167,0.9820641712728263,5.0817385649934206,-13.314111224957722,-1.7403499547562118,0.5357452985018696,0.3369254612421786,0.2173913043478261,True,5
-0.63179424694048114,-0.7743511319832006,-0.03487626598772689,0.77435443978888552,-0.63253808163265324,0.016455298955799488,-0.034802745755932223,-0.016610228198894586,0.99925615795301903,-5.3105068339368033,-4.2420339444565318,-1.7819585876532291,0.3344596166077107,0.2267523291325239,0.5807770961145194,True,6
-0.73225495628967519,0.66592131622111495,0.14265861204829083,-0.68065895504303986,-0.72253787663545155,-0.12100580046779129,0.022495908715231518,-0.18570895893701961,0.98234724851327648,5.4432835167475604,8.7774371480640347,-2.7968741811822015,,0.08324222963245004,0.2631578947368421,False,4
0.075781617093189521,0.99531337976244139,0.060070147133240735,-0.99547520023089331,0.072055389076813942,0.061944706232682611,0.05732601709525572,-0.064492611754037255,0.99627025991602236,9.0021035699905472,6.1706159843627857,-2.9200460757635538,0.3309754493943382,0.1253785239619672,0.2105263157894737,True,5
0.99357736107297334,-0.11313981075945112,0.0018468309567428384,0.11196512614420193,0.98536009588543272,0.12856629404382819,-0.01636575970678297,-0.12753377849795994,0.99169919696007258,7.4916032448644776,6.1670346045149467,-2.7586256457087903,0.4547313142939704,0.1125171467473531,0.2903225806451613,True,5
-0.99335247171368124,0.11476031974120678,0.0089964411417821945,-0.11474263378181672,-0.99339220749101786,0.0024596928539226889,0.0092192696637793566,0.0014110666248293956,0.9999565060330613,-10.593381609840723,-3.6119068602701234,-1.7000996816696907,,0.1121763292512169,0.5266272189349113,False,2
0.80864788813295541,0.58002923971179188,0.098258201171568915,-0.58704678613540373,0.78473447811069286,0.1989167407546,0.038270927689371653,-0.21853576353471324,0.9750781795066974,-4.7595984519673848,-10.836925725069898,-1.5195835978236245,,0.3577644254326146,0.7272727272727273,True,5
-0.7402360368033738,0.67086248410153881,0.044655763824485842,-0.67193663602684839,-0.74047105330687601,-0.014275026428321402,0.023489720785021311,-0.040572732711998481,0.99890043867130374,-15.332699524874085,-0.068448028698439106,-1.7338528084301108,,0.164516949013406,0.2209302325581395,False,1
0.3577541096029907,0.93281530525619105,0.043215776540185311,-0.93330173839689057,0.35563864929912692,0.049689196311023115,0.030981642427637408,-0.058109873554264772,0.99782933431924803,-3.5416567388101017,-11.08552103644379,-1.5413164021405961,,0.07239021286736522,0.1379310344827586,False,4
0.69919654974097289,0.6722209833515872,0.24339912566019042,-0.71446710934373359,0.64476014791721847,0.27170038889147097,0.025708646334047312,-0.36387264420342535,0.93109385364960862,-10.901429148394522,-6.5311916689418323,-1.5619635504864471,,0.3449533283166168,0.1607142857142857,False,1
-0.64858709107411694,0.76017897206875396,0.038245466613828424,-0.76076962653350477,-0.6490205001178575,-0.0014020594991798266,0.023756275720081967,-0.030005347044487717,0.99926739089827832,2.0285071922498914,17.98152561529551,-3.214890601792606,0.5521831719873195,0.5103298797989781,0.95,True,5
-0.92563704677426561,-0.36088510289075376,-0.11383321198379291,0.37046308257642385,-0.92555397974377251,-0.078146881117794442,-0.077156737145829241,-0.11450665086358619,0.99042166011301203,-4.7010736232438948,-5.9218448716562309,-1.7443687485782216,,0.1779570018857147,0.1842105263157895,False,2
0.18825478631753376,-0.95468699367745369,-0.23050570390262931,0.98150520256694795,0.17457697515160397,0.078552002399248796,-0.03475158647537064,-0.2410303380282719,0.96989520227054571,3.9493143069619001,27.280407641652044,-3.7405626882153955,,0.2495052482683765,0.4666666666666667,False,1
-0.81874340742315788,-0.56461353891769894,-0.10426305420401824,0.57366765879505099,-0.8119565035461811,-0.10785199859838573,-0.023762366332559331,-0.14811545503388052,0.98868456138769756,8.4690001386184779,7.6309396518178172,-2.9660726867915765,0.4096954027868178,0.2656921951256176,0.296875,True,5
0.99515684050002162,-0.09454714968095386,-0.026901659674136592,0.09820867973257108,0.96806240572655222,0.2306734354972555,0.0042329695488027659,-0.23219822373594606,0.97265927583232925,18.482422926294213,-3.588017525436602,-2.9726368529961178,,0.1537439549507751,0.4,False,3
0.98371265403848052,0.17965252708286042,0.0058637698891144969,-0.17961720128709596,0.98122734298223813,0.070217963412572748,0.0068611432255254474,-0.070127533086233096,0.99751443789896044,-12.557836500938997,-2.8350010391914506,-1.6927909468786932,,0.2677007656308755,0.84688995215311,True,1
-0.80059089081888835,0.57756745035796875,0.15959343916594887,-0.59884794880853331,-0.78047933154203541,-0.17953592187501383,0.020865276073715008,-0.23930702731573536,0.97071972625041181,5.5489019033589937,-4.7573211110246492,-2.0533390295313576,,0.2060267029325445,0.3333333333333333,False,1
-0.74605906241494513,0.6590703500646744,0.094984993836716922,-0.66579140034294693,-0.74065565358020691,-0.090282966549922281,0.010848346321510948,-0.13059661743438872,0.99137623377645312,-5.5031642956743267,9.4235850161673991,-2.4456985968316727,,0.4769631191689289,0.3544973544973545,False,2
0.62289265868077748,0.77951605589319672,0.066026164255610295,-0.7818310880240763,0.6173478940175714,0.087302505984420242,0.027292591681308154,-0.10600139790015012,0.99399135714679765,-3.7183168961379907,-9.9479250260656826,-1.5862213781920509,,0.07951311261627463,0.4615384615384616,False,4
0.24512442358617723,-0.96280556239852977,-0.11366382879349186,0.96888554674695282,0.23913680288653089,0.063830923619101421,-0.034275563691988857,-0.12577375926503989,0.99146666470130851,-12.527067960627299,-8.5870969693378729,-1.4381970685701151,,0.8880691261600919,0.7833333333333333,False,1
-0.72614628442210905,-0.68623834195191213,-0.042290798704407814,0.68002815846733111,-0.70778458039887848,-0.19131829876181305,0.10135717691163443,-0.16768400575092041,0.98061653917514013,-3.3198529281197664,-14.113536223674434,-1.4487502720218726,,0.2699354026270924,0.3333333333333333,False,2
0.9480356589288369,0.30690815922238296,0.083879504064439184,-0.31794688791923026,0.90413208715530935,0.28540312794127104,0.011754397553432133,-0.29724156973565063,0.95472995310676378,-8.652562549594192,12.413784056791778,-2.4767896633890074,,0.4717789494474777,0.3370786516853932,False,1
0.90572826542206253,0.4202343501238836,0.055311844947527694,-0.42385429970724781,0.89737018808675628,0.12277735195392586,0.0019600600043009359,-0.13464708132409348,0.99089168008197659,5.1579811407563376,9.7244584014899154,-2.8545729398564759,0.2359246713355391,0.2567551521348688,0.4102564102564102,True,4
-0.3830579605319912,0.91499411615172421,0.12669793321439049,-0.92312766754589626,-0.3841215520756871,-0.016909838622527016,0.033195003906406,-0.12343581586675617,0.99179720259585491,-1.3573401240071159,16.164913885132339,-2.9446106479997072,0.8552541734603475,0.3331117832284465,0.2608695652173913,True,5
0.80222546907657688,-0.58862889084395631,-0.099751318932039354,0.5966470545411563,0.78453880708037393,0.16885245776199831,-0.021132654169084962,-0.19497407276024858,0.98058070645870454,6.8176314355807266,17.837337255729096,-3.4548037739875861,,0.1146514307699279,0.2941176470588235,False,4
0.77060137513045457,-0.63217248969183826,-0.080817472887210182,0.63706018761759686,0.76046924341787303,0.12586042733154593,-0.018106297238380885,-0.1484738128165021,0.98875056961199514,-3.8805835979848653,-8.3612530015362001,-1.654789285095674,,0.3976171406370337,0.495049504950495,False,4
0.76326904524032202,0.64433391841917687,0.047478059696229008,-0.64565740249810144,0.75804662309825988,0.09215115739224751,0.023385533505425118,-0.10099068661968832,0.99461248636780719,-9.919451088849085,-1.7525533193909,-1.7988066461824699,,0.1234571793865782,0.3297101449275363,False,2
-0.7018839147490874,-0.71041027620952912,-0.051732095186617297,0.71175765284368087,-0.70231677654081948,-0.012336490901695665,-0.027568348426237923,-0.045479499175061208,0.99858479926335508,-7.2822934213065276,8.4286140292099958,-2.3406897881357254,,0.07634670625233586,0.2409638554216867,False,3
0.92089671927675143,0.3871141842229554,0.045736646124443052,-0.38962851514710706,0.9176647919962404,0.077980444438064261,-0.011783573718407943,-0.089632236968031798,0.99590522113629376,-9.6685537453439085,-6.5393954694073493,-1.5859195816286598,,0.06643308178334381,0.1780821917808219,False,2
-0.85400149213239318,0.52014290230752913,0.011524435549977579,-0.51997010514205755,-0.85405158581959251,0.015065806237833421,0.01767883463928361,0.0068738590426625518,0.9998200882497098,7.3291182037336267,3.9204580583142006,-2.5323746179366222,,0.09812223815964492,0.3636363636363636,True,5
0.093938355567896259,0.99155213785182383,0.089442401995243004,-0.99556073966989234,0.093027612144726213,0.014306537197680467,0.0058650644615105656,-0.090389276466456947,0.99588924068830764,-7.9741160313024695,11.324426389105801,-2.4445078750053773,,0.1829984664813411,0.4461538461538462,False,2
-0.77835057362845439,0.62675659129726302,0.03669550105520774,-0.62744812055208987,-0.77858544517027028,-0.010656480876108654,0.021891563395680692,-0.031319001172587117,0.99926967312014681,-13.175579796333064,-11.861417534604708,-1.2837945332466034,,0.1470727979620123,0.2352941176470588,False,1
0.35320673446532164,0.89431401906081276,0.27467697034815491,-0.9349501281575423,0.32695436858474441,0.13772835119011187,0.033365559886496497,-0.30545584979608503,0.95162149158098175,0.032766952998566377,-6.6963797552804936,-1.8190394858811125,0.5744303004240568,0.2817538367409215,0.3071428571428572,True,1
0.77452125861416965,-0.61963842043963502,-0.12714184153849256,0.63217728849565602,0.76514915132026418,0.12206003499983864,0.021649384864366454,-0.17491427657271297,0.98434562018939298,8.1642372382632651,17.050282504869671,-3.5028122313063865,,0.392085347497669,0.1290322580645161,False,2
0.46542304748335361,-0.87729006955063493,-0.11723276307906073,0.88450559383056693,0.45621289410039295,0.097568692411964045,-0.032112946824372463,-0.14910375288498492,0.98829996940294851,28.93265980432091,-1.0398120688115939,-3.6417431588177114,,0.2280356296152049,0.2857142857142857,False,5
0.29240618173455274,0.9547201162500093,0.054846371903613175,-0.95568705027010203,0.28969609229241761,0.052330068378849071,0.034071789349132311,-0.067717602867148355,0.99712257994314624,-9.7423971864729619,-3.5020914168269477,-1.7238867544584688,,0.07314123269724393,0.2340425531914894,False,1
0.99048824913864209,0.13570847690843024,0.022720862955908777,-0.13743106844129097,0.98382615929389905,0.11488598572541645,-0.0067623771968348487,-0.11691577132367348,0.99311881095387466,6.1750264618759632,-7.2303035436038012,-2.025732994119704,,0.1083097657718056,0.3684210526315789,False,5
0.9569221478684562,-0.28894446833495796,-0.028479767159318971,0.28952920657653308,0.94228669837443246,0.16813273508087151,-0.021744917980617468,-0.16913566236970767,0.98535287397803628,8.5135069547076476,-9.0052533851441581,-2.0336128129895368,,0.1801183738051597,0.3333333333333333,False,5
-0.99008371119497474,-0.12993030533693881,-0.053407495554812154,0.13351701701821073,-0.98855664716897773,-0.070206563116203713,-0.04367437455701173,-0.076641184053227063,0.99610174074437507,-15.435713300728663,8.1595943774828061,-2.0920279361727108,0.5380157257873572,0.3490223682312459,0.9021739130434783,True,2
-0.014116962143201689,-0.99127116789734104,-0.13108082649758368,0.99927060489175312,-0.018638249793809871,0.033329774135056577,-0.035481961320053143,-0.13051470162424525,0.99081125502328482,-17.292492838807529,-3.8075961798000169,-1.5318458237892667,,0.2423503099070833,0.1111111111111111,False,1
0.87171645553964228,0.48906475800119603,0.030431622083524176,-0.48955608197389655,0.86655231387645493,0.097066626178769516,0.021101273510620754,-0.099512560999068814,0.99481253835063621,10.710408896358294,-4.4709393065897958,-2.3808243575664747,0.6579762949648934,0.5959441945554658,0.8589743589743589,True,4
0.8133938393825233,-0.58058706049958075,-0.036181863343591615,0.58123111033520203,0.80861367724383548,0.091182878616056978,-0.02368244989579105,-0.09519761632865742,0.99517664533100614,1.4723205667122461,7.9990699312302818,-2.5897581247643924,0.06884889295352878,0.1987329625358368,0.4473684210526316,True,5
0.021917453190948087,0.99971708730176567,0.0092396213394684255,-0.99913788228426914,0.021576958039736787,0.035467267532999107,0.035257870470697582,-0.01000900787419037,0.9993281254579226,4.2594916273357812,2.2085587241167142,-2.2689919690164198,0.4560229911544239,0.3090182824683479,0.967741935483871,True,5
-0.94119760333905966,0.33718792602424053,0.021245564532005025,-0.33766000349578162,-0.94093313851975757,-0.025110772082700055,0.011523606555290496,-0.03080797589637729,0.99945889115717457,-13.271001388296456,-14.994849697585645,-1.1624201822183671,,0.5050983169200907,0.9523809523809523,True,1
0.88385246518640626,-0.46289389848462731,-0.067335418091937022,0.46748652163662585,0.86915144356393415,0.16134472485587306,-0.016160812850876539,-0.17408333319543334,0.98459830450370256,-13.510983685626346,-13.840927811889932,-1.2030944439698257,,0.7159892943892365,0.7810650887573964,True,1
0.58570095309003889,0.80140151055008202,0.1212848400974663,-0.81000667388775949,0.57337252071968114,0.12301683112829809,0.029044479797534696,-0.1702926051583179,0.98496540387045273,15.62569537471353,23.983010880547113,-4.2448174926324436,,0.1514238893858698,0.5,False,1
0.24166562213266529,-0.95994566467465503,-0.14178169117191036,0.9697528985004763,0.23375663006949648,0.070264882754313654,-0.034308059244976485,-0.1544738125731594,0.98740103215459296,-9.9330017078326573,13.736526861138366,-2.5064091526024685,,0.3897986579663042,0.1724137931034483,False,1
-0.78081349409998602,-0.62320563063399759,-0.044102487202577943,0.62467934707686368,-0.77992317280095247,-0.038672443208562376,-0.010295667389498433,-0.057745878417232929,0.99827822412332889,6.2751188543215184,9.9771501112952876,-2.9465693736546816,,0.3643091284185178,0.2580645161290323,False,2
-0.37859345611482242,0.92193234126380175,0.08190087373697677,-0.92489075596050851,-0.38020652141484329,0.0044822552832767294,0.035271582411825583,-0.074052408505533893,0.99663040103575806,-9.637757323377981,18.201542922707631,-2.7070689976674678,,0.1924555022336143,0.425531914893617,False,4
0.97283096624071175,0.21751014479040087,0.079304779404670497,-0.23145192506110324,0.92181383771247749,0.31094895881366913,-0.0054696899979751875,-0.32085601991400192,0.94711218816794474,22.62766075148545,-5.1867411597251998,-3.1988733662355631,,0.4922403939772022,0.45,False,3
-0.18072436568370734,-0.98295674530297183,-0.033685909689517859,0.98302333202117709,-0.18162791137987777,0.026008277716248404,-0.03168331343473766,-0.028413705692359584,0.99909400407500371,17.982193729115494,-0.92238531153294612,-3.1629977240114098,0.3963433514208582,0.4449607691908093,0.8153846153846154,True,5
-0.27478249661959947,0.95701168589840124,0.092861254597392029,-0.96125674002851125,-0.27562774557478226,-0.0038504050597156295,0.021910255618334859,-0.090321530784551962,0.99567161342255617,-1.3902805764785513,11.435283455164372,-2.6795255946042644,0.3093321318199527,0.3273904799193748,0.7976878612716763,True,4
-0.96360269162067402,-0.26539660755016831,-0.032163541506737545,0.26733154668058584,-0.95744395711747976,-0.10878838691969324,-0.0019227196257814187,-0.11342711175060888,0.99354445973451877,0.91931508988867294,14.554283711055952,-2.9561445609753387,0.2225884661323838,0.2643947158589225,0.5909090909090909,True,5
-0.95396366632342211,0.29988755189113037,0.0045584597751143078,-0.29974966987940349,-0.95382023353943202,0.019418998377199358,0.010171467050795784,0.017158622075492614,0.99980104168104689,-11.678324679940417,-13.420569658345855,-1.2538756367519013,,0.07211041861429876,0.3333333333333333,False,1
-0.89591391553215105,0.44372805047366731,0.021063550951575985,-0.44410181873106697,-0.895781364642246,-0.018690140701315285,0.010574996719141055,-0.026099118424091558,0.99960342409471381,11.038836470885764,8.6678753702813172,-3.2779232983559576,,0.09389596375664577,0.2222222222222222,False,4
-0.83829099254579764,0.5442163400477612,0.033117775311780354,-0.54515241420935912,-0.8376126027297065,-0.034842115751978875,0.0087782172614555721,-0.047262066960582105,0.99884395174037266,13.673774865795057,23.723019428799194,-4.1121006039783312,,0.2110263258779247,0.4,False,2
-0.49203596334539601,0.85074913786685191,0.18473363308714821,-0.87003535286999689,-0.48800221710449637,-0.069945127474876329,0.030644665623058762,-0.19514030982835068,0.98029646737553144,14.072576099693928,2.3795282678709611,-3.0911311365299401,,0.2391937402526704,0.2857142857142857,False,1
-0.31722489266651932,-0.94773885456714158,-0.034050418741606775,0.94780170534276009,-0.31805808198866115,0.022604951471979415,-0.032253601691465801,-0.025102191646499405,0.99916444349890221,-3.3181988514017502,5.4905154115702306,-2.3072338885648729,,0.0788476821894193,0.3939393939393939,False,5
0.67815238474690387,0.73287736945027693,0.054773208868301441,-0.73444671902280689,0.67315157359894373,0.08634220218352659,0.026407574268046186,-0.098781173858732724,0.99475872437107538,-12.752132530008923,-4.9867015961140373,-1.59912522427526,,0.06575110748307095,0.2424242424242424,False,1
-0.76710774802176429,-0.61662388815947178,-0.17697650543524582,0.64110089496771383,-0.74680988095728595,-0.17681811043035059,-0.023137532205758725,-0.24909833852448435,0.96820177253905459,6.5251317311857759,11.538684539461856,-3.0902570821027147,,0.3885745313177369,0.3529411764705883,False,1
-0.4271613213272038,-0.89540430496089596,-0.12563572827620997,0.90407064037961382,-0.42508393823930635,-0.044271013706012038,-0.013765273901868668,-0.13249443802838706,0.99108816011793288,13.056905600305603,1.8292506569240501,-2.9570876180192665,,0.4536008334963646,0.2784810126582278,False,3
0.587117368552866,0.79308794789789938,0.16218724500606785,-0.80894761431476392,0.58223139207037944,0.081304141236724192,-0.029949170906908008,-0.17893605837529866,0.98340476619502992,-12.475669498151708,6.9474886634023107,-2.1241097043224899,,0.3455486311253708,0.3125,False,2
0.69827577821120179,0.71395337749650878,0.051783320913869814,-0.71530155371728121,0.69315717041996261,0.08875147517103435,0.02747043525655064,-0.099013695298777793,0.99470682280262701,-6.1966877700672196,22.083303077096154,-3.0026782554932279,,0.1891352964715972,0.375,False,2
-0.2232643130525388,0.97431201731440475,0.029481170836900192,-0.97413649261436352,-0.22409971285684654,0.028938079661000204,0.034801440690947011,-0.022257843880649948,0.99914635970493348,-3.7305406237810095,-4.568312608942235,-1.8111916183951637,,0.2682616117029951,0.8985024958402662,True,5
-0.18921768461694263,0.97429855199537585,0.12222519956178993,-0.98084913857808553,-0.19339110722299285,0.023126759342680107,0.04616963481372454,-0.11550848984720091,0.99223291297678073,0.76341045982918043,4.2772921856455994,-2.3066700556475515,0.3121878866491164,0.2239668127838805,0.2571428571428571,True,5
0.99927307901824081,-0.028665116721582902,0.02513214341721268,0.023154861348866553,0.98008784341126409,0.19720971475404633,-0.03028474773413339,-0.19648442757835946,0.98003913379715835,-8.2782046472151887,-11.701255429594569,-1.3981840127132585,,0.2253902041158967,0.1,False,2
0.01016238416400436,0.97709765344169819,0.21254858641456842,-0.99908258843972619,0.0010782456984119882,0.042811433785743168,0.041601771893519199,-0.21278865812101419,0.9762122103059242,8.5087800640825382,10.794988725679056,-3.1781989534850368,,0.256678681543507,0.4242424242424243,False,7
0.32153062035569924,-0.94471957582357591,-0.064210460436000885,0.94515617479832814,0.31608743016126511,0.082271147643875317,-0.057427044275953541,-0.087141606307040487,0.99453932804889955,0.85467041414889566,-20.526366743254886,-1.2800793044883121,,0.5278241006800358,0.1875,False,4
0.29926438873111522,-0.95364077586805529,-0.031782011251118097,0.95350611847426292,0.29764764062842081,0.047243666882230348,-0.035593646477100865,-0.044442689276286036,0.99837765384665667,11.966581053796725,10.381192195734497,-3.4473860238349459,,0.09376338510895882,0.25,False,4
-0.028209202794907531,-0.99309074252476548,-0.1139079364631236,0.99828805301077184,-0.033829531270034706,0.047712954530332266,-0.051236745541062369,-0.11236698770395591,0.99234492792612206,4.8092851693070351,11.054034826366976,-2.9580714723564538,0.1492398245924704,0.1469725362295885,0.1388888888888889,True,5
-0.98207313697543608,0.18498374218244226,0.036240429900958673,-0.18844616698714028,-0.9588694449543046,-0.2122673542513748,-0.0045161686285478267,-0.21529143657192559,0.9765394009253876,-8.9814256925380391,1.6339668086537587,-1.9642631422981074,,0.270495244996956,0.2564322469982847,False,2
-0.89808177721216353,-0.4396658218227365,0.011961879466921779,0.43182870844379573,-0.8865844045616097,-0.16580729824679219,0.083505017832501985,-0.14374303012346507,0.98608562168186964,5.1561530937425353,-3.276841703817734,-2.0693463158069401,0.7303236570042482,0.6303308895181312,0.9084507042253521,True,2
0.076368223001371235,-0.98149320827968944,-0.17561029758090688,0.99652449444118429,0.069255914516421893,0.046287690407226453,-0.03326900200417901,-0.17853487167871665,0.98337097430232767,15.250873705213683,3.1310680905920085,-3.2074063242981423,0.5811610350881823,0.528565685184093,0.7592592592592593,True,2
0.65828542588245098,0.7525547723459638,0.017933563228598175,-0.75228294122349337,0.65681869365700429,0.051571116013091702,0.027030989898436386,-0.0474396277601387,0.99850829105375438,-14.02871313988167,-2.0938429368335045,-1.6845923088374577,,0.06484514290746748,0.2666666666666667,False,1
0.47431410721936634,-0.87200091424174209,-0.12099807128322562,0.87991154194684806,0.46521046625919743,0.096617288471676721,-0.027960794720727274,-0.1522945423988171,0.98793955600234906,9.2061094623711401,-5.7217815173168312,-2.2319588718037684,0.7603575184338693,0.4615615085283371,0.2941176470588235,True,3
0.63537785037770023,-0.72701449259236883,-0.26027853313340094,0.77172627559292095,0.58600742702126329,0.24705030061790903,-0.02708399543814841,-0.35783407193359951,0.93339232595652233,8.0258477994777593,-3.2559544895120505,-2.1973593860580429,0.6554969055494358,0.6695232256444925,0.3205128205128205,True,1
-0.38558678973162741,0.91964120609558875,0.074718669925990328,-0.92209600412131953,-0.38694056935279181,0.0039943675885826709,0.032585069709199312,-0.067357611596525813,0.99719665331972407,-4.3843831798842432,10.899860118145439,-2.5745460189147229,,0.07394711771406139,0.3396226415094339,False,4
0.11379565152497435,0.9668749224644142,0.22848070816469238,-0.99317219850059535,0.10476385701847976,0.051317817452663284,0.025681390528939918,-0.23276043171476596,0.97219496378476211,7.8476882657068456,-11.302948430834499,-1.9228702956406458,,0.4874500016573254,0.4736842105263158,False,3
0.94802138394033808,-0.30008681077547117,-0.10584593327309312,0.31813541062542322,0.9008745132222199,0.29532181079768038,0.0067317232592363305,-0.31364473122505021,0.94951654355083559,-1.6347962192358378,14.36156940561148,-2.8504919284240779,,0.4948019025636395,0.2758620689655172,False,3
0.90912911792270057,-0.41635442263152955,-0.011543036873386094,0.41621218924645798,0.90706501913360782,0.063249225978030357,-0.015863810001556067,-0.062306065670324845,0.99793100648938715,4.1949058043299816,3.3821999060141885,-2.3060440162309574,,0.06498540996741828,0.282051282051282,False,5
0.42835149349428869,0.87341307259248235,0.23165621650577792,-0.90303580863249822,0.40461638188838833,0.1442633419653106,0.032269588603860928,-0.27098927678435814,0.96204131175289331,-0.69338874638964887,20.575529030789365,-3.1566365567249655,,0.2270617526436005,0.2558139534883721,False,1
0.98809697532212337,0.15325275964241625,0.013340128232348368,-0.15383226365296632,0.98434928738552985,0.085977410306452534,4.4929677228456449e-05,-0.087006161193237869,0.99620777245298586,0.075659501758032252,-17.379593694834277,-1.3791456694430178,,0.1589187329461059,0.5555555555555556,False,4
0.8568974969673856,0.5127310573985473,0.053231029202883008,-0.51514716799578142,0.84800683499876572,0.12453033004574884,0.018710291204483177,-0.1341315420560904,0.99078688648402058,-5.6626595915786382,-2.3921524338323823,-1.8554651249525114,,0.06772926463233556,0.2012987012987013,False,1
-0.1102512233937917,0.94631534987450683,0.30386168947740616,-0.99327995184296625,-0.11573649151291535,4.2415995583754834e-05,0.035208024753003005,-0.30181504787563551,0.95271615493221318,-14.84998918869157,-6.733736147523091,-1.471402087114124,,0.2875510614870719,0.3055555555555556,False,1
0.67626389936001108,-0.73594009887734058,-0.032547031920036475,0.73386927091890397,0.66920284963099586,0.11663378261340784,-0.06405491100103021,-0.10276048321298248,0.99264155235738782,3.1348271279262403,23.326110647553296,-3.4833807353099813,,0.3321445077902203,0.8648648648648649,False,2
-0.51210433509413555,0.8586314178978256,0.022388349125486286,-0.85841218859268276,-0.51252477682985342,0.021139243388321217,0.029625402162930164,-0.008392933592016415,0.99952583468983214,-5.5768421285197656,-15.846320853052591,-1.3155351250935168,,0.08486829308597403,0.3684210526315789,False,2
0.99673658847067126,-0.067749479411450805,-0.043888281389537737,0.077284077786438879,0.95790791684142174,0.27647711329010471,0.023309751705016896,-0.27896672004382006,0.96001782513839051,16.53589425723715,6.1609035260498102,-3.4934372427855411,0.9634478707925013,0.5029684514135768,0.25,True,4
-0.71375344523048456,0.69262207106729479,0.10407058226062281,-0.69901449043136821,-0.71376846211118516,-0.043741566757582617,0.043985924891815111,-0.10396753900080891,0.99360756299734665,0.092482882428670199,-15.217413920496181,-1.5031212189779475,,0.2238635955637301,0.2105263157894737,False,4
0.55413399095051685,-0.82682407804454539,-0.096423358368401671,0.83182350054470766,0.54559276852507943,0.10197153953279438,-0.031704637118283446,-0.13671311165695635,0.99010319719020745,3.0913324988087445,9.8636185207410296,-2.7610402988675804,0.3076014025660814,0.4091927116396583,0.735632183908046,True,5
-0.40321271848075857,-0.91179631045173304,-0.077762406739798229,0.91420819981820589,-0.40512382119671458,0.0099023676022417344,-0.040532345608340958,-0.067098269318826273,0.99692274084499954,-11.326253815630285,17.912371296639911,-2.6397007187500376,,0.1023517526432964,0.3478260869565217,False,2
-0.69699484034862358,0.70200598007992654,0.14623883362300766,-0.7151283060763729,-0.69551462566846312,-0.069648484043762005,0.05281759532327656,-0.1531241633880116,0.98679445286796519,2.7337011910978357,-14.053330818078308,-1.6201006974916889,,0.6870399315352093,0.8878504672897196,True,5
-0.91343763536226297,-0.40397234883772343,-0.049376387862344412,0.40570363242821139,-0.91344566521292625,-0.031962154781420518,-0.032190820715765289,-0.049227614996560698,0.99826869778802418,7.4948067612789817,8.3948958331471868,-2.8968968852736685,0.7155398855145462,0.7329698078004669,0.2333333333333333,True,5
-0.99079287013446971,-0.1353306445320098,-0.0038865333206265472,0.13528302440323392,-0.99074984631048424,0.010641679569853658,-0.0052907276451827322,0.010017918262008357,0.99993582269797754,-9.7936026175438879,-8.5102136282239371,-1.5069648027737985,,0.07435524050807801,0.2745098039215687,False,1
-0.98938439639388032,0.13769025237744292,0.046474838058381436,-0.14519357572529226,-0.9500437178330724,-0.27628926829324518,0.0061107888541987315,-0.28010413885936947,0.95995017040127106,-5.0297937023349899,4.3222355497712694,-2.1933728061628868,,0.5085132506196248,0.2198177676537585,False,3
-0.67864546548875293,-0.70582801495001135,-0.2030939326599431,0.73399169768455208,-0.66169901133603193,-0.15300524869123894,-0.026391663488760993,-0.25290557864279178,0.96713093652806459,17.544689893818937,1.2265381361181178,-3.2399023117470409,,0.2199056187159488,0.5714285714285714,False,1
-0.59365816472135724,0.78973689112742573,0.15454975332254653,-0.80422102746950352,-0.58899155468673092,-0.079482623784099871,0.028258139279991636,-0.1714776699751234,0.9847826594047725,-9.0433530819312935,-15.231006775751391,-1.2390447517551668,,0.08039000260205348,0.25,False,1
-0.3101007214049728,-0.94526159036950863,-0.10157789304874097,0.95064909838489575,-0.30945309366452367,-0.022473863963252901,-0.010189912860204608,-0.10353409387038504,0.99457370620901575,-6.3559967195393723,13.035969185337301,-2.586191333268244,,0.3531210980160263,0.481203007518797,True,5
-0.37010048497948683,-0.91706805862759511,-0.14836376533022563,0.92850968252846389,-0.37030478442340659,-0.027278857821127961,-0.029923242953254083,-0.14785311115478122,0.98855655227863004,14.316668396805989,-4.7698614418985725,-2.6238856740191263,,0.3141622382796933,0.4736842105263158,False,4
0.86963651664611319,-0.47850335423554391,-0.12151900633624473,0.4933457183856344,0.8330639678771713,0.25022875049703103,-0.018502190848035161,-0.27755894042541046,0.96053042821336276,-5.1230497069959737,-13.7666957797957,-1.3974811088119743,,0.08560305887014863,0.2,False,2
-0.99963157512085066,-0.027053428439175901,0.0021968229545038407,0.027033127323860852,-0.99959582557915172,-0.0087974718996928769,0.0024339368313425072,-0.0087348436975343158,0.99995888838345759,5.6587762524437313,-14.966459763143844,-1.6878609804144886,0.3065741866643249,0.2612278289402924,0.7246376811594203,True,5
-0.81477437497227623,0.55001904085009534,0.18336240779090696,-0.57942724815350832,-0.7834873177579299,-0.22452547073714796,0.020168836996471203,-0.28918277544630239,0.95706140889672475,-21.578637861314203,10.385772468587804,-2.0502784184951595,,0.4688894390591844,0.4,False,1
-0.9996001121625302,-0.028162883847781719,-0.0025431747943087052,0.028249284016248998,-0.99857176949933613,-0.04534753699524241,-0.0012624251373189446,-0.045401245933806136,0.99896803409840451,4.0923447060483671,9.039994848451629,-2.7465775553849459,,0.07827573105891286,0.3214285714285715,False,5
0.50105768831994246,0.86446108653630827,0.040598310801599861,-0.86478691027010079,0.49835803758654296,0.061505009538934369,0.032936192873039304,-0.065926445659975172,0.99728075834324337,-6.236637768144055,-7.0961940555592831,-1.6566738902108582,,0.06622817171050237,0.2424242424242424,False,3
0.49494394526790658,0.8632340753374943,0.099284551763413401,-0.86853212150698766,0.48804496202477016,0.086394843323041592,0.026123647394872079,-0.12899242698105656,0.99130142178266123,-10.614171965507346,-14.820466930100821,-1.2145939394639547,,0.1336674837331075,0.576271186440678,False,2
-0.71690631028310114,0.69640566399079473,0.032626575637207535,-0.69683237364838446,-0.71722976207131739,-0.0024721316064476896,0.021679144628615376,-0.024507540893806523,0.99946455421265923,-1.8698967238598083,6.5114773526551462,-2.4223029772666602,,0.1847983063958417,0.8401486988847584,True,5
0.63755730470315686,0.76943988071396074,0.038509131209799867,-0.77002193555988463,0.63487355972088133,0.063259638980528915,0.02422605985826224,-0.06998452067582038,0.9972538618072736,-2.1523072601077402,-16.287742492052359,-1.3886688060777226,,0.1542337928368436,0.3939393939393939,True,3
-0.46088455149408747,0.88370844363270573,0.081515746002564893,-0.88486331761771519,-0.46461487048986472,0.033910636299785579,0.067840543398944658,-0.056501405044006789,0.99609500144282859,-6.0309569204043685,11.558295426052076,-2.5306729143379894,,0.1452840051361168,0.2,False,3
-0.10175367305435219,-0.99393218077343959,-0.04177331735572351,0.99435576204210152,-0.10288582674474071,0.02590608323776496,-0.03004677209982403,-0.038901499688382614,0.99879120180765257,-2.5058808002436987,-4.0908815245931232,-1.8682185581689887,,0.06632131665070315,0.2376237623762376,False,5
0.80327422193517417,0.59437945074950549,0.038256932720214541,-0.59511813580222461,0.79834614759823408,0.092075148950981858,0.024185301605055359,-0.09672898811513031,0.99501687123610982,-8.8109892234489546,-6.0780008054600279,-1.6266101888638542,,0.06969399141465514,0.296875,False,2
-0.57535996747352369,-0.79699611954610272,-0.18373375644481219,0.81143020579489511,-0.58441953257496693,-0.0059017851970800707,-0.10267389615925246,-0.15248277074251063,0.98295832855425092,-0.57408018996059329,-12.682869958814535,-1.5817053973033444,,0.1792766161485821,0.2916666666666667,False,2
0.96032904578343059,-0.27479272953450995,-0.047508732035923401,0.27880771765884876,0.9424993161196713,0.18428590745853865,-0.005863480071705421,-0.1902209108087935,0.98172380265150105,-1.6635176831680054,-7.2515582082297403,-1.7512034310828017,,0.1954062324372901,0.2,False,2
-0.99147303616869442,-0.12636910857568617,-0.031812999673400538,0.12856776647861232,-0.98841386618259841,-0.080674398421504478,-0.021249658188646277,-0.084076617057045736,0.99623269093676625,-2.1837016424004854,4.3987098861386711,-2.2704021132163836,,0.196236763914015,0.3670886075949367,False,5
-0.99370156255950715,0.11205197220271441,0.0012490365392391284,-0.11200467383729704,-0.99350552768952227,0.020042941125609628,0.003486775787887727,0.019776803984618153,0.99979833987597666,-12.012172514494134,-17.099247986290688,-1.0971027014836161,,0.09599477604132922,0.4814814814814815,False,1
-0.4199213145581891,0.89631243725887977,0.1424433374881745,-0.90592881755240684,-0.42337867031399279,-0.0065938646675681375,0.05439730790968738,-0.13181242861810424,0.98978099423760213,-8.4548472910319248,-7.607300119564437,-1.5790609010943395,,0.328181226028739,0.5319148936170213,False,2
-0.55099832982613739,0.83425794157294264,0.020359947231856437,-0.83397976913570449,-0.55135331957300759,0.022074004353125724,0.02964093792652616,-0.0048170445608915948,0.99954900374145417,-9.082801108443638,-13.042958535793373,-1.3278386309158259,,0.07080381581183728,0.1935483870967742,False,2
-0.98196873182302402,-0.18768644506863186,-0.022609910645166528,0.18895141392707301,-0.97817644803106696,-0.086418746185569689,-0.0058968548263308223,-0.089132681182748641,0.99600230534288037,9.4906662428296844,20.921972056498451,-3.732207430521203,0.6600434562206103,0.229068636381708,0.4666666666666667,True,4
0.72528710792577789,0.6872929149986946,0.039837922501802042,-0.68841765289866663,0.72351149656698144,0.051110170346994721,0.0063044630344676082,-0.064494676741615159,0.99789813629340074,7.3092593840970226,-9.8682224211736678,-1.9689993827495038,0.2444257733958715,0.1339789282482571,0.1739130434782609,True,5
0.76023670170055346,-0.63770673377039988,-0.1239769296738394,0.64960716691768106,0.74831134112227626,0.13431554428644632,0.0071194154709496704,-0.18264790842401787,0.98315261046883429,16.633594264520173,1.204610078399063,-3.1993809157157078,,0.6563728920961622,0.2083333333333333,False,4
-0.97726838015413364,0.21099929018238253,0.02063522942564313,-0.21193921396433918,-0.97476369279506536,-0.070124979805398516,0.0053181514736202881,-0.072904339727207668,0.99732475879918137,13.176906619661866,12.92925011737392,-3.6774888342833103,0.4670364205572874,0.3233480299030744,0.3846153846153846,True,5
0.99210821233992963,-0.10966920139582875,-0.060777967001794227,0.12294876408961122,0.94598407220682024,0.29999622754267968,0.024594642028442033,-0.30510129694284022,0.9520022595494666,-1.1778475807915376,-18.093070870746548,-1.3146385428872394,,0.3676899779071232,0.1,False,2
-0.89746898912138584,-0.4405619037233432,-0.021321879680360336,0.44104904484011165,-0.89691148460028225,-0.032023879180151607,-0.0050153375823666279,-0.038144433142774735,0.99925965024569741,-5.2446917284527421,12.620801478625461,-2.6194752832472226,,0.1036409311932662,0.21875,True,5
0.76616403280415291,-0.64191892509205117,-0.030541258093665691,0.64225374725116746,0.76317411264964685,0.071241827062892449,-0.022423179504968561,-0.074198162983263496,0.99699139095119493,-14.475505724916184,-13.118289383814314,-1.2092548343179759,,0.08119265433438497,0.2222222222222222,False,1
-0.76500223065773498,0.64243735367032229,0.045230893178940496,-0.64364932614286408,-0.76507183535861867,-0.019509784643435817,0.022071068042314824,-0.044037862687345268,0.99878603044165726,-5.3016749174573352,14.818945955613536,-2.7221117907050183,,0.07567547008739715,0.2068965517241379,False,3
-0.94952693902578555,0.30677131652693479,0.065497720728700623,-0.31357888092658015,-0.93372555919686384,-0.17269877109967696,0.0081778665406943701,-0.1845208374651385,0.98279457825122718,26.93149340516003,-4.5996813166751593,-3.4353208447360806,,0.3876370982715258,0.25,False,2
-0.87007652283233727,0.48662703269388197,0.078491881539033775,-0.49262135961417636,-0.86397099316475845,-0.10429918035047997,0.017059908202291467,-0.12941504557604208,0.99144374803146584,-7.2282080824411743,-18.485485802604135,-1.1536428348985821,,0.1420607872902853,0.5833333333333334,False,1
0.99244356047050364,0.12251592981172232,0.0067547185729292334,-0.12129585305265932,0.9712724689747757,0.20473667732937159,0.018522832204011755,-0.20400891635909621,0.97879378151535534,-8.686318284946017,13.928278865863213,-2.5583625211793541,,0.3222518507391778,0.2619047619047619,False,2
