axis_00,axis_01,axis_02,axis_10,axis_11,axis_12,axis_20,axis_21,axis_22,location_x,location_y,location_z,dbh,dbh_approximation,score,reconstructed,number_clusters
0.15682860662886083,-0.98629064394984967,-0.051337645055455142,0.98520554834981067,0.15259589759900719,0.078003330292376619,-0.069100040836444568,-0.062811286350011888,0.99563041670263253,-11.672737406627716,-13.168553562663922,-1.156707364287761,0.711739780051214,0.2677949998009598,0.9371428571428572,True,5
0.87811836864580806,0.46657487984745383,0.10590567568435175,-0.47725552657630865,0.83862026277603152,0.26257040429917211,0.033694109265499303,-0.28111196409401429,0.95908329703108219,6.2210535091856105,26.410337281656449,-4.6686842234817849,,0.4681410791157218,0.5454545454545454,False,5
-0.82994339405323814,-0.55721262077158229,-0.026609357757305177,0.55708017439411028,-0.83035940914385042,0.012842544269076592,-0.029251358334600488,-0.0041649608809984744,0.99956341026292106,4.9791164620164707,22.982944395257149,-4.3572750708977237,,0.3618126048465402,0.2692307692307692,True,4
0.91413701379890822,0.40475117140269368,0.023021929783611058,-0.40352141993778234,0.90295232998878017,0.14780917907636512,0.039038233236279619,-0.14440768336892715,0.98874791394460559,0.79789153269659807,-15.87071339921806,-0.48781622707216837,,0.1857346005441014,0.3157894736842105,True,5
0.35602179157609493,-0.92760831316849846,-0.11309863510953688,0.92719677880023887,0.33557249185521804,0.16642486620857061,-0.1164242986038939,-0.16411556919065343,0.97954655971210425,-11.125711616010898,-14.435176024163102,-1.0338414184016489,,0.144383626910622,0.3529411764705883,False,3
0.89716399878092978,-0.42852917270541246,-0.10704908888834483,0.43967920504883501,0.84329643671947374,0.30908464287935983,-0.042177671095432516,-0.32436687247105184,0.94499056932030423,-34.138312662664489,24.723488450378081,-6.9120507312974535,,0.431265254694717,0.5,False,1
-0.40331381124205412,0.9021033769395469,0.15345183927106854,-0.91309050643135437,-0.40774723412211328,-0.0028142726766900023,0.060030798148458513,-0.14125045267195302,0.98815212032036182,-17.922772638314381,24.647893985717594,-5.6671143066922633,,0.2153818491550529,0.2,False,3
-0.80412185846566508,-0.58476069015205367,-0.10697182802316259,0.59195542427506009,-0.80417267257582736,-0.053806025253528109,-0.054560172370116553,-0.10658915486644763,0.99280508643731191,-20.871635098653648,22.692864328564834,-5.6433119198856989,,0.1267548260085704,0.1875,False,4
0.35147721090324208,-0.9253917237171998,-0.14182358016700647,0.9154429136008162,0.30799879453065632,0.25903863516030057,-0.19603071737288155,-0.22087756844770837,0.95539785304495095,-7.1432183686446162,19.729728219833039,-4.3930280283060963,,0.541601318678915,0.8214285714285714,False,2
-0.49439174327960528,-0.85921491884761614,-0.13163026782102838,0.86891827656745324,-0.49262447449352526,-0.047980785498186698,-0.023618484794706754,-0.1380972496455338,0.99013701921316932,3.0278419310835814,-14.147759014417577,-0.60462181299636253,,0.2449171611899583,0.5161290322580645,False,5
0.94912016780672959,-0.31370422362828532,-0.027578381756378844,0.31360940599568038,0.9335929481442975,0.17335901374395335,-0.028636472086525463,-0.17318737613641019,0.98447249083629762,-12.272943928945685,-8.2495574727195802,-1.6554138978126081,0.1464802144639598,0.2369370854955914,0.6115107913669064,True,6
0.34295344694197105,0.9257025514674162,0.15955475372841954,-0.93813383774726422,0.32888253592843469,0.10835672584049334,0.047831325553560469,-0.18684502607240516,0.98122428655623484,-8.7312215069910177,-14.753674596429466,-0.92992153557738544,0.8770132769290857,0.4684831291856212,0.4035087719298245,True,7
0.70510847560119971,-0.70734737438962836,-0.049816960760877403,0.70641290629844677,0.6945917663884198,0.13609953666488467,-0.061667199144550669,-0.13115628086185355,0.9894418560684366,-1.1481526532753146,-8.5250688449693381,-1.2478030619178624,,0.0942441280375359,0.3960396039603961,False,3
0.19778517792261821,-0.97975798944176296,-0.030908017069225545,0.97678305335230287,0.19434078565869853,0.090147244624066369,-0.082315794826204325,-0.048020216103147995,0.99544872734236645,-24.94244505737122,28.132639683141129,-6.6933734011143846,0.6925930600876455,0.5705620564175642,0.7666666666666667,True,4
0.58819427723561168,0.79592405533362265,0.14329127806169911,-0.80847244293381404,0.57433015015953559,0.12851921114897563,0.019995030480243432,-0.19144131413831311,0.98130037297307127,-6.1970586398698115,-17.445612384065715,-0.53187732320274861,,0.3052473583904229,0.28125,False,4
-0.2346294214124264,0.94834858018104284,0.21350411020931309,-0.9670586789654273,-0.25002279290348051,0.047813329379856731,0.098724596962020628,-0.19525258896450978,0.97577142838748032,-13.964363808896668,-13.295746223434421,-1.2582586666826523,0.607448871701981,0.563251472444152,0.7840909090909091,True,4
-0.77740562787655976,-0.62350886121986648,-0.082928823253172385,0.62832450487921965,-0.7758990607231856,-0.056470914081151485,-0.029134280738231877,-0.096007018228786781,0.99495419298412047,18.00522638902962,23.862881135651413,-4.0821976210704731,,0.1572910499069859,0.2941176470588235,False,3
0.9951567403252346,0.094282462375800638,0.027818689286353112,-0.098126181630116729,0.93591573141108686,0.3382794646086954,0.0058578719641403341,-0.33937083107657912,0.94063442651778684,0.15445873567188695,-7.9877323123122279,-1.2716689933558492,0.1072730627987404,0.1483353769237619,0.32,True,5
0.0053528626912763364,-0.99160496583429036,-0.12919341544282617,0.99641096306058974,-0.0056252930515684856,0.084460338448000105,-0.084478041843280713,-0.12918184009704425,0.98801594756130595,8.0576289231430067,-13.507341294896612,-0.58298703478303093,,0.1017699291718704,0.4347826086956522,False,5
0.078333420573888382,-0.97920031288223452,-0.18716469344544615,0.99133216007088931,0.05664613244551582,0.11854013703446366,-0.10547238325921467,-0.19482803425148701,0.97515004662837523,-0.37754339162681727,-13.486451592821505,-0.76617044262579936,0.4776745886376768,0.2013540548939249,0.3636363636363636,True,9
0.51100030491020998,-0.84475427420921967,-0.15896195955928138,0.85640487769369622,0.48444958999757171,0.17854769730699394,-0.073819874316592649,-0.22737372529920655,0.97100556908775948,-5.6523204096365314,-13.147240653684092,-0.95795524293555334,,0.4670030096847867,0.475,False,1
0.63541523757136142,-0.77172415403614247,-0.026254636530133692,0.76935159179281465,0.62982669450072482,0.10684785023645652,-0.065921195893217793,-0.088091798548387432,0.99392868504763332,2.4199238397199077,-17.147296272118737,-0.32067991726518458,0.4325617166812732,0.3202845633769936,0.8554216867469879,True,5
-0.9077991631110911,-0.41558385506225631,-0.056486625553262622,0.41896450252953266,-0.90475513283319142,-0.076726105284800547,-0.01922043378757091,-0.093317785140810169,0.9954508355018995,2.7854986968703401,26.034303709008014,-4.7796264642894757,,0.5315922479957826,0.625,False,5
-0.81218802927983291,-0.58168379547968463,-0.044660577368522685,0.58185725396624577,-0.81322504213194102,0.010352142597678166,-0.04234077350971803,-0.017578194612963692,0.99894858024462307,-24.485055532850172,22.972413840621922,-5.9940241645856753,,0.08380468503182295,0.3846153846153846,False,1
0.45701348935274677,-0.87665074146597011,-0.15040660901965469,0.88621185812633152,0.43434963250493297,0.16114881091433697,-0.075942169220412789,-0.20693930083479603,0.97540192367254652,8.9106882063516348,-12.254946622918771,-0.69588924321162859,,0.2983559896493118,0.5625,False,3
0.99374464612900182,0.11167154222725031,-0.0010222262623030658,-0.11016287739991883,0.98173898079325961,0.15508937434260872,0.018322628984791992,-0.15400662403805498,0.98789991447488557,14.743529497606607,-12.050927822544196,-0.66657717722345633,,0.5998423824124887,0.9302325581395349,True,5
-0.99845786654143176,-0.054828502157642948,-0.0087019591289687337,0.055397578764540267,-0.97385426427072708,-0.22031563773084278,0.0036051364134322122,-0.22045794908070507,0.97538981729284557,-5.0844330268052902,22.315814299060449,-4.5712974664023163,,0.1017165860700966,0.4545454545454545,False,3
0.88663657151810504,-0.45885799871261551,-0.057662180535190732,0.46243907270059403,0.87829825420642671,0.1214177939914802,-0.0050689334612374244,-0.13431870188248546,0.99092522030583585,-8.90219901444034,-11.113309366749775,-1.2580936870590471,0.4815276351451936,0.1701838214890996,0.2325581395348837,True,4
0.78813047155452909,0.61406638705153815,0.042105012774052777,-0.61416209487583728,0.78004297133695133,0.11974090397829937,0.040685145015787051,-0.12023075796686897,0.99191193349699869,-8.6961826592119049,-16.102596155473268,-0.7838950100107851,0.4282741721451655,0.2624020678250002,0.8543689320388349,True,5
-0.29546220529361084,0.94701997958696316,0.12591760602133101,-0.95370947676323814,-0.30011147030022911,0.019270166740968084,0.05603855079341561,-0.11439520819222111,0.99185352606502941,-13.716452797994293,-24.972638920721401,-0.037092083736961171,,0.6224518022785703,0.7555555555555555,False,2
-0.72868922374872958,-0.677866713411584,-0.097512737839994618,0.68384547954418307,-0.72790066007604115,-0.050159636839299415,-0.036978038069379514,-0.10323443180180451,0.99396945465698205,-20.063417507981342,24.236852177335823,-5.7551180584351869,,0.2546013979128621,0.3333333333333333,False,5
0.99977497344322008,0.021042939005086737,0.0026827587736633924,-0.02118060369415108,0.98320612298695775,0.1812652800403525,0.0011766493788663134,-0.18128131298891312,0.98343057765012376,5.1725511971752933,-12.248773366208237,-0.75665353394749002,,0.08060564579096852,0.2173913043478261,False,5
0.30857538438683907,-0.94842362402949398,-0.072621357280584942,0.94729953558718205,0.29950631894156188,0.11366421948169865,-0.086051275567668506,-0.10386815824320419,0.99086153607673211,-1.3921091540374875,-11.004330827731634,-1.0439619541700593,0.4229820563810719,0.1641382652574655,0.3492063492063492,True,5
-0.97958460554787352,-0.19973753597315683,0.022779756297818678,0.19925918914564256,-0.97970765815560434,-0.021649020584823681,0.026641623723736158,-0.016667971521243562,0.99950607932654889,-9.1219850631950816,23.928919321930863,-5.0348734051202371,,0.28549247383694,0.25,False,5
-0.3786961347873567,-0.92032072587710068,-0.097974481464110183,0.92259482732839393,-0.38378893838555872,0.039049140320574625,-0.073539255394694483,-0.075602991302798989,0.99442252871808057,4.0938048822093052,23.418504653407595,-4.4378304955305055,,0.1506184636586516,0.2352941176470588,False,5
0.96161321814346212,0.27153392863016901,0.039614950390477674,-0.27384509725689277,0.9403401134281264,0.20191417430765229,0.017575022052242217,-0.20501169888726889,0.9786017177172841,-16.680106869183248,-10.949934076823224,-1.581598626725474,,0.5457081519980177,0.6122448979591837,False,2
-0.98012388112062043,-0.19819839040665505,-0.0086357221621920412,0.19815025774821682,-0.98015254513153505,0.0061207537517177224,-0.009677448597987276,0.004287926350236785,0.99994397876893504,-16.731368111012607,24.136649262211158,-5.5038608601608088,,0.8094821614265353,0.9120879120879121,False,1
-0.92695683416139296,-0.3738137083978203,-0.031848689382071596,0.3743660904672641,-0.9271840069533549,-0.013410725490302131,-0.024516482409646882,-0.024354232974770455,0.99940272834651955,7.141014653618833,22.790755462741398,-4.2642701681377462,,0.5148086631472034,0.8085106382978723,False,1
-0.20753613379282329,-0.97544245905426485,-0.073761522791318715,0.97669685889321833,-0.2108378208989338,0.040133017662616642,-0.05469916816959975,-0.063713596294323049,0.99646805199604682,-5.7039504691361014,-14.460113788699736,-0.79864472542141141,,0.8388898854092921,0.8571428571428571,False,2
0.87805702719050771,-0.47827512853028037,-0.016393853443048216,0.47642906679464325,0.87041521473693229,0.12406731345380828,-0.04506885082353012,-0.1167486847198034,0.9921383690300678,-18.01990390968054,-12.440552659566153,-1.4889131323966105,,0.09588840015313635,0.4545454545454545,False,1
-0.81866631297885428,-0.5512136922479367,-0.16108672655437672,0.57230301131794303,-0.80630158961365794,-0.14948916289451292,-0.047484010256316912,-0.21457216050756622,0.97555320547117919,-34.2441773794882,20.663489049319889,-6.6493650377019842,,0.4178341065967121,0.3043478260869565,False,2
-0.96080480081983344,0.2772211037803885,-0.0016106956082228337,-0.2770929060294392,-0.96050793566177128,-0.02537768624052425,-0.0085823161046240954,-0.023936690446783801,0.99967663706857446,11.433959420741976,-8.4649976999759549,-1.0135596346160367,,0.3521755569030646,0.6547619047619048,False,5
-0.26592112462978051,0.92053982510569687,0.28616845715418304,-0.96060836927445326,-0.27790259029039638,0.0013081245215570969,0.080731136220844421,-0.27454795702073775,0.95817842959452537,-18.886451445959207,-10.413125913764201,-1.7386213484567519,,0.7198232035943312,0.6666666666666666,False,1
0.21774761667043535,0.94687141260353525,0.23668650875900965,-0.97446803493102929,0.1973105407828929,0.10714755897181469,0.054754217481407678,-0.25397456268324581,0.96565982477156587,6.9789426187449068,-16.024806987138774,-0.36958362281525731,,0.2864050065454793,0.2142857142857143,False,6
0.98540481391846968,-0.17007273893214467,-0.0072537010156866928,0.16926978269873072,0.97445823747053062,0.14757670578703122,-0.018030345848899423,-0.14665062869945705,0.9890240137279902,-4.7251076352774515,-16.183361102902701,-0.60983397461125521,0.1034664428479262,0.1106634888827195,0.32,True,5
0.98202419886100989,-0.18787027704959947,-0.018254639210330589,0.18749546551297672,0.95974450795152588,0.20913136988256187,-0.021769778672847788,-0.20879472804214064,0.97771715658381753,-2.6985747841699119,25.581318926568862,-4.8406635081629341,0.5870158178487831,0.5941125209843341,0.5476190476190477,True,5
-0.84386548516641913,0.5325815415469608,0.065176257550641548,-0.53480772011770705,-0.84468376592400995,-0.022136803900607169,0.043263673530400927,-0.053537250470082787,0.99762819595516616,-12.88306294154042,26.048019166397808,-5.5421681941487151,,0.4537386017869502,0.776595744680851,False,3
-0.70618263122976965,-0.70200634490617664,-0.092158467114354423,0.70511048700697998,-0.70909565815146269,-0.001596465947756226,-0.064228439667931583,-0.066109298152474419,0.99574307340579027,-18.820736315765323,22.562061677454725,-5.4989014868818602,,0.3218248685310194,0.2,False,4
-0.4422337561862355,0.8875186839242285,0.12938272904378606,-0.89523386492775725,-0.44558369107293111,-0.0033913620173120079,0.054640936814103772,-0.11732757534027269,0.99158893100359358,-0.90119910151689575,27.364876856518432,-4.9625832469345514,,0.5884602310827238,0.1538461538461539,False,2
0.8787797327035497,-0.47511333419260821,-0.044872052124469104,0.47510455802674145,0.8621350868320492,0.17606462164588998,-0.044964878868877428,-0.17604093764087561,0.98335535181481026,0.45504317135995848,22.439693776458505,-4.4770371332553003,,0.1105440403552869,0.2916666666666667,False,1
0.8266424846276752,-0.56056232987382193,-0.049316092049318867,0.56071646193263125,0.81311669006946274,0.15632753323785925,-0.047531588720938586,-0.15687932514169745,0.98647332727081383,-14.045175931600967,-10.967592389133955,-1.4836649479355428,,0.2903051741057195,0.4162436548223351,False,4
-0.73120240937418912,0.6757315785975172,0.093433774468808711,-0.67957055463421578,-0.73348532482638962,-0.013532905765952188,0.059387690639771493,-0.073390135239234627,0.99553352040503484,-10.762329109845018,-24.717047071226773,0.097033381221840659,,0.4978863494618617,0.44,False,2
0.98974763374541264,0.14237586002148056,0.011346187840013958,-0.14262896420444277,0.98106558786439846,0.13102400878560599,0.0075233014910295205,-0.13129899767868189,0.99131426558042091,-16.951278144522703,-18.457296149823627,-0.88319711467668993,,0.1780104543792922,0.7272727272727273,False,4
0.66497606599500003,-0.74386519271214502,-0.066868578010428878,0.74391742106997383,0.65174580890386313,0.14769655109327592,-0.066285007976260815,-0.14795937161117076,0.98676963981975796,3.5208165117518915,-9.1201931113110266,-1.0994217238049817,0.7649904054941603,0.450558217021567,0.7793103448275862,True,4
-0.26282158578993975,-0.96373982910744704,-0.046155777913604278,0.96266027732667037,-0.26514341866104324,0.054627447295962549,-0.064884547468559928,-0.030075061640557274,0.99743946491359436,13.789707178645486,-8.7819919666389481,-0.97833082321601705,,0.9366348744650095,0.7254901960784313,False,2
-0.98639730280902493,-0.16257044471315657,-0.024314841493331497,0.16424832774508735,-0.98066292395276378,-0.10640825352084854,-0.0065458264582637978,-0.1089544863242507,0.99402518683672991,-0.026567101412369037,-9.2658787029565595,-1.1736209324834188,,0.0945435273620161,0.2857142857142857,False,2
0.96538589398772034,-0.26053933020966547,-0.012220192446534417,0.25794916169163284,0.94675124740517869,0.19267668649663899,-0.038630372404564156,-0.18915954364144341,0.9811862011755198,-1.7626458953914412,-14.891174232455148,-0.67115924453531983,,0.1236109548399755,0.2916666666666667,False,4
0.24584909643694505,-0.96143054649173842,-0.12332690725764547,0.96573025889319042,0.23202928778633006,0.11630768103380398,-0.08320630288163465,-0.14769466436525952,0.98552676132046468,1.2200887103666818,30.27710363494937,-5.2130019786276547,,0.1198148165477046,0.2105263157894737,False,2
-0.41280576644459049,-0.90494311368190683,-0.10329259503851004,0.90830640518238448,-0.41742908719952321,0.027063471034352089,-0.067608235406261902,-0.082649368778402205,0.99428276076063171,15.606134547416209,26.227981839201199,-4.3640635964915537,,0.475797877632937,0.2727272727272727,True,5
-0.99589937410099383,-0.090001107883839665,-0.0091780850361587625,0.090414329053238734,-0.98668457197072212,-0.13519912920136301,0.0031121965076398358,-0.13547455855117468,0.99077593744411419,-3.1032179130672572,35.379253647992542,-6.011318869158603,,0.413513410179304,0.6071428571428571,False,3
0.75747437460241251,0.6366991118139339,0.1443842541139152,-0.65284922365719411,0.73716824215955479,0.1742724129677182,0.0045236037495439453,-0.22626803522976832,0.97405457405752038,6.9925219749814991,-11.389296322968791,-0.81624307657857986,0.8945508606154313,0.3484524408752068,0.2758620689655172,True,5
-0.98337508394160655,-0.18095934775089612,-0.015071786370853575,0.18071503116071319,-0.98340118144256838,0.01625404103425207,-0.017762933187421982,0.013260120622791503,0.99975429351698641,3.7200795505945594,24.459327826103095,-4.5544413351002087,,0.09401055222201576,0.3157894736842105,False,5
0.68782277443675255,-0.72350358751063981,-0.05867188274941295,0.7231649155683515,0.67602639954732346,0.14149491865823569,-0.062708339614011357,-0.13975287465492583,0.9881987645046606,1.5786082943556241,-10.815273122121177,-0.97897094666879136,,0.08419957289137592,0.375,False,5
-0.67991710818959505,-0.72826531661080507,-0.0856875405929204,0.73157136279055091,-0.68167074342555789,-0.011328667283700938,-0.050160414032140777,-0.070389105544909375,0.99625765075341477,-13.905069775852027,-16.543113273053415,-0.91637837577142012,,0.2292448781759187,0.3076923076923077,False,4
0.81414721481856744,-0.55620443865781677,-0.16673612392193848,0.57823427984298281,0.75039218278863484,0.32024473395229319,-0.053004058501557337,-0.35713890074738508,0.93254617867176581,-35.656704054369612,25.599013827916668,-7.0704243804481717,,0.335963905879082,0.3333333333333333,False,1
-0.76489251883242815,-0.63712442343306375,-0.094931047077712064,0.64228850185822661,-0.76556464969216642,-0.037097810210666216,-0.049039932859859268,-0.089348957502580317,0.99479236465621501,-3.6273613676260426,27.782173366601903,-5.1565811885833712,,0.09100814587222554,0.2857142857142857,False,2
0.93562560475120404,0.3512126663958689,0.035417378460972031,-0.35203733841070017,0.92099984618522135,0.16682024964466707,0.025969984571689017,-0.16854953660542352,0.98535101035694039,-15.691694555827389,25.249830195298209,-5.5912212435352666,,0.2422546593785433,0.375,False,4
0.17490276149687042,-0.96100756426746781,-0.21418096423696747,0.98118113933726281,0.15204930748177256,0.11901504065933953,-0.081808287047216349,-0.23096638178536208,0.96951634058193092,-10.562550405644934,-19.669771076386535,-0.48863234554150831,,0.4692592560794441,0.3214285714285715,False,1
-0.56420137124185832,-0.825059918887733,-0.030869773788852785,0.8233384174356263,-0.56502520863001604,0.053482370807643627,-0.061568360895886021,0.0047585562490282275,0.99809152540186408,2.0074712968033559,-19.837162777852971,-0.075651621524259902,,0.0997721821316506,0.5517241379310345,False,5
0.76570451176170495,0.63574073739422432,0.097623334737223483,-0.64070570629276113,0.74057328539517353,0.20260159644704756,0.056504854584914749,-0.21768078412309597,0.97438302408852084,14.704987900475226,-8.9764958762235381,-0.95778383685299495,,0.3161951308897707,0.4166666666666667,True,4
0.99997324697704493,-0.006722122581197424,0.0028841633428515704,0.0056615977521487434,0.96093608929178598,0.27671244751095136,-0.0046315916354703335,-0.27668871564379255,0.96094843930062657,-6.6740730446550591,-7.8394241072871163,-1.4791774744592163,,0.164704311007578,0.3356164383561644,False,5
-0.25465033946514959,0.9498757967632826,0.18135372985853823,-0.96263764511983196,-0.26685573998023199,0.046008458328313642,0.092097604792032481,-0.16286185791314806,0.98234110492672,-26.323536698667457,23.116871166275686,-6.3431484429491984,,0.1522295986334523,0.1304347826086956,False,2
-0.56368343583024205,0.81813808426700907,0.11362684208637257,-0.822224456155773,-0.56890060413542898,0.017292955608781288,0.078790404682021156,-0.083679015805947957,0.99337298858172673,-17.21478384292519,27.42250554802246,-5.9398432751242378,,0.3279992388239725,0.4722222222222222,False,2
-0.23906152842751124,-0.96901579188134956,-0.062112645334612582,0.96894116308380152,-0.24223281501681942,0.049762293062493738,-0.063266168745328671,-0.048287248975153692,0.9968278354253054,2.2152128787683223,22.419613862897048,-4.3803793394069919,0.3010914194431656,0.2837827422037392,0.9253731343283582,True,5
-0.98360224869605317,-0.17484266668576873,-0.044234130106470079,0.17648808678509187,-0.98362601530931237,-0.03649407115768169,-0.037129120417871607,-0.043702447447863203,0.99835440826595334,-22.425028826643448,25.940376089524605,-6.1642324840612996,0.4268772607113632,0.2596503263939878,0.4,True,3
-0.63474809592701609,0.77075033702776097,0.055125064069064381,-0.77151797167556557,-0.63612281300778994,0.010382011013097575,0.043068249310218777,-0.035940015896593236,0.9984254810243498,-4.9650118284788176,-18.569511409885767,-0.39412883905612528,,0.1963319198012817,0.6363636363636364,False,4
-0.83219266600462305,-0.55221529443929696,-0.050136166940013993,0.55290958544266644,-0.83324125539413418,2.5195731441912672e-05,-0.041789436150003988,-0.02769979957556689,0.99874239127501596,-7.8961443976742265,22.035996003888084,-4.7108395508205385,,0.1193078261135438,0.25,False,3
0.58925340385094716,0.80303692081181199,0.088950153811872573,-0.80585685652635719,0.57623902506148861,0.13617383296963967,0.058096065611458525,-0.15192198593116213,0.98668361562924556,13.221590568486157,-15.622036007210838,-0.34016361701587078,,0.1683160391240986,0.1363636363636364,False,5
0.87226343847637022,-0.47188627844839287,-0.12837380616584132,0.4869617662184621,0.81395020993355593,0.31678588035219585,-0.044997023665739391,-0.33883387664347508,0.93976958447269354,5.760584722145107,-8.3447653181868873,-1.1191497359514988,,0.1050814631797028,0.3870967741935484,False,5
0.60732076019372705,0.78380889808010856,0.1296345074745128,-0.79175656758342272,0.58370283163970416,0.18003483558552746,0.065444877005234284,-0.21197786588754305,0.97508069022390786,-2.9049887993184362,-15.860456983122495,-0.62512979330787066,0.02262703378483133,0.1339823203912439,0.3636363636363636,True,3
-0.87758891074490064,-0.47659245189593957,-0.051935907938488207,0.47823727550186923,-0.87786816195505801,-0.025230904585387751,-0.033568021361525341,-0.046980049185417427,0.99833163974723749,-18.452929608457417,23.694737952416883,-5.6029097864425674,,0.1072965659818111,0.1875,False,2
0.75530702581126585,0.6405538692268623,0.13857141616738028,-0.65374139870377779,0.72149261499222062,0.22818981163170665,0.046189613345060186,-0.26294323936960412,0.96370502358805354,-7.0499521803220988,-12.942473788084373,-1.0096287682253917,,0.09518288793180758,0.4090909090909091,False,5
-0.89682966409409681,-0.43339803950657013,-0.088671827277503529,0.44229819386935915,-0.88223398604868986,-0.16135520307862378,-0.0082982709507928715,-0.18392752162877249,0.98290477946071941,-13.64441973283988,-18.925955159522474,-0.69607792899152976,,0.2034613644238218,0.2666666666666667,False,2
0.94226660932836659,0.33473784501637016,0.0091767128438993879,-0.33368700164285592,0.93630785871138944,0.10945582967523081,0.028046780197084894,-0.10619872329312123,0.9939492991553881,-6.7904082711050826,-15.902298784057798,-0.6920513738944295,,0.0886409051072744,0.4,False,5
-0.51652880602293749,0.84902233092819124,0.11117137281593389,-0.85415773553036156,-0.52000697906847815,0.0027026937896157954,0.060104537117954021,-0.093561868864063841,0.99379757562216886,4.646749783041316,-16.781145050216399,-0.326545394098331,,0.2683575245896084,0.1818181818181818,True,3
0.21502393091491606,-0.96894743803417216,-0.12208837561746617,0.9724553127788822,0.20091246799904616,0.11817294466441484,-0.089974295118239067,-0.14413550058728208,0.98545907255878973,3.8984364281305446,-13.176393896698634,-0.68197540039502957,0.5206960232055631,0.4167453732545465,0.7705882352941177,True,5
-0.90391882074008389,0.42610381298491096,0.036963577634965467,-0.4261591461313588,-0.90462292509462439,0.0067635465428387831,0.036320072693309197,-0.0096386696678535649,0.9992937247709438,2.2910497410423551,-21.366827933531109,0.073372804264458136,,0.1979655238976537,0.2105263157894737,True,5
-0.63181352214697362,-0.77191389567091462,-0.070431604428596792,0.77285814250020335,-0.63430064553144505,0.018787832486112266,-0.059177401120441855,-0.04256323235543652,0.99733966453164102,-2.7385713020398219,-10.352553508268363,-1.1187424928409899,,0.1645162302333986,0.1408450704225352,False,5
-0.97710127902543165,-0.21272698266539714,-0.0045079233511719982,0.21228916144973464,-0.97608310956624944,0.046851629111998937,-0.014366713536252107,0.04482180346165935,0.99889168756007296,-7.2288929314880477,28.329053154456691,-5.4441815731010381,0.3037683414617229,0.3177280183165733,0.7575757575757576,True,5
0.43584036675473897,-0.89758218374185139,-0.066252533055751447,0.89675589767054753,0.42681220489779004,0.11687686573217668,-0.07662920265920134,-0.11035200577921431,0.99093410483256616,-30.606435526837238,27.968867201234055,-7.0032269089598937,,0.159233130057917,0.4285714285714285,False,1
-0.80179137358640207,-0.57383800381620864,-0.16685484295835945,0.59601332887450142,-0.78821393723163224,-0.15325436684722338,-0.04357413276664665,-0.22232573969299371,0.97399823430209442,-17.334024299754752,-17.020936460155735,-1.029283129465145,,0.3705361737304801,0.2352941176470588,False,1
-0.99669194087651314,0.075074588631122222,0.031128461794246311,-0.080175605995111837,-0.97097070063982016,-0.22536142239152659,0.013305908278830787,-0.22711165677015185,0.97377782279326486,6.5004952459341725,21.879511334691088,-4.1767796654078628,,0.6113384104431603,0.2641509433962264,False,1
0.99995670519614499,-0.0074079116708451881,0.0056312146067003469,0.0053426049306150762,0.95253979540638356,0.30436720378470572,-0.00761868137049505,-0.30432394091139481,0.95253813292819556,4.8067866410059983,-9.2582817612308315,-1.0409766629967325,,0.09618301017608949,0.3658536585365854,False,5
-0.89868845125189989,-0.42963953653737363,-0.088141569253169794,0.43444711696876959,-0.89959167652868155,-0.044615222490077683,-0.0601229585431792,-0.078388035849009705,0.99510830852312193,-36.710593396581594,25.959257737851654,-7.1731927685438501,,0.2052255831643131,0.2307692307692308,False,2
0.5823733246778483,-0.77607146856460385,-0.24198013634108384,0.80835777606342396,0.52135592087294402,0.27339661601512388,-0.086017536476383924,-0.35482542108860332,0.93096718737441575,12.314284634668848,-20.616412522526534,0.15210748878078525,,0.3509775325737935,0.3333333333333333,False,4
-0.98769574582006703,0.15438065942801515,0.024974500665939356,-0.15580523738658533,-0.98515856617645325,-0.072023103876918862,0.013484868996458512,-0.075028071304857585,0.99709024006075919,-5.6169630575750693,24.227328301054573,-4.8572361801640227,0.7836169207483316,0.3694010380522041,0.7183098591549296,True,5
-0.99923466004579808,0.03483960696222007,0.017784711127177062,-0.037212019183211056,-0.98679005777624573,-0.1576725959140105,0.012056524850363817,-0.1582137277883072,0.98733128004123372,0.43403309751400387,31.536210272562897,-5.3470048591760273,,0.3525629676561919,0.24,False,3
-0.90418099394749218,-0.42545195930838026,-0.038044191472347041,0.42654730017764514,-0.90404571402877731,-0.02754537451840873,-0.022674454685525397,-0.041133651270681734,0.99889633688278967,-9.9368807249864251,-13.107283373962597,-1.1103260703014202,0.7345158757247657,0.3794605081094105,0.1612903225806452,True,4
0.95411715528834518,-0.29943318424624504,0.00047133494465350506,0.29538808242364123,0.94148334021670754,0.16234223374241269,-0.04905440598519209,-0.15475428351598594,0.98673440042743732,10.034464326606654,22.747244163633162,-4.1925848242742481,,0.1495258712372164,0.3684210526315789,False,5
-0.43494153836503546,-0.8714163213821533,-0.22684676112621183,0.89885351027261351,-0.43519868767939984,-0.051618497776763209,-0.053742211298549822,-0.226353036363386,0.97256160609691888,13.711412418378814,24.27126068540532,-4.2157003479581041,,0.3337226824485215,0.44,False,3
0.71450960698355392,-0.69046115163283384,-0.11286903744636234,0.69846933118720522,0.69471330382191521,0.17179644607423777,-0.040207150099284453,-0.20158577226257918,0.97864526847177558,-3.1435968565079566,38.811961775652357,-6.4520455407012776,0.5984736885634532,0.3505577890865159,0.4705882352941176,True,4
0.40415320553843148,-0.90259022200482508,-0.14829388926820694,0.9006639933277798,0.36440636879066579,0.23666932523599127,-0.15957618110441307,-0.22921363294115421,0.96020651575484017,-24.951823193247588,30.162442380192076,-6.8477370250877083,,0.2711542811185741,0.5333333333333333,False,2
0.43065880727970873,-0.89527113752404419,-0.11411652828938346,0.8990135109219507,0.4144180347395699,0.14153585998742266,-0.079421022986394918,-0.1635459654011541,0.98333362512872413,9.0332031426096808,-15.690140741386426,-0.3843110074180256,,0.1816625739884576,0.2258064516129032,False,5
0.44168685108184214,-0.86786600331395403,-0.22742323072472298,0.8949317676719275,0.40830327598648908,0.17995990117329089,-0.063323430047702578,-0.28301419595236726,0.95702304470500055,-4.0687793709831412,-13.978074787101459,-0.81434907170020132,,0.4999549638475411,0.5,False,3
-0.94192255409813019,-0.31974046969352399,-0.10270313588892989,0.3351607397837813,-0.91430709011697897,-0.22739794077654146,-0.021193880929264653,-0.2486133081755432,0.96837092191430907,-9.7077685311713466,27.472156537586695,-5.5297724313973236,,0.3768212332669328,0.1052631578947368,False,1
0.91291486099670416,-0.40721280659911208,-0.027643927236251011,0.40549116410268621,0.89716667032399799,0.17512533081881698,-0.046512067316102225,-0.17108388527685947,0.98415798111510433,3.4621808600884894,-15.346094370224195,-0.49415723532172029,,0.07386403169942564,0.3529411764705883,False,3
0.97266825387651457,-0.22978954028190324,-0.033365177623429255,0.23079242309513504,0.94094936707060561,0.2476875976937517,-0.025521076440612078,-0.24861829334636099,0.96826526265835566,-8.6261578756528667,17.516755688186365,-4.1705782959132618,,0.5987632970104454,0.1953125,True,1
0.87931052584503122,-0.47378913468554962,-0.048341028040914322,0.4742701406831471,0.8618912792004757,0.17947494670442427,-0.043368569200774608,-0.18074091593240874,0.98257411349647916,-4.9881351253990331,-8.4837452526672958,-1.3717134196915932,,0.096207732400408,0.3157894736842105,False,4
-0.17716738571897012,0.95909150195905912,0.22080581583695216,-0.98190279020201021,-0.18750707483779241,0.026608409935243903,0.066922552484294615,-0.21209570423676871,0.97495476008545967,-13.996911538169277,22.873828197067432,-5.2658893107069709,,0.3894095853889059,0.1333333333333333,False,2
-0.96102465140485027,0.27546785965804998,0.023432406782052481,-0.27585430968052671,-0.96107912704420917,-0.015208924703000323,0.018330827119003849,-0.021080081957959896,0.99960972930528236,-6.1628819996776771,27.01761958311285,-5.2086263040209513,,0.0978445711608224,0.5333333333333333,False,4
0.81710262328566863,-0.5732975323462407,-0.060607280300229507,0.57340850701891066,0.79736855736719281,0.18816500152926094,-0.059548191391708805,-0.18850284647154208,0.9802656220505257,5.7653599062267915,-21.894708702672826,0.15305398909500084,,0.1560954744977086,0.5,False,4
-0.94207744831647589,-0.3329376015043416,-0.040529432244408803,0.33528815832609249,-0.93793052055511938,-0.088702815612021646,-0.0084812888062534373,-0.097153960885490206,0.99523322674860804,-11.204406233962887,22.906233870871468,-5.05303683306522,,0.7287803732903511,0.5760869565217391,False,3
0.29460450897448887,-0.95353018533878686,-0.063153534657042071,0.95180265801114883,0.28688591935185581,0.10848119413313978,-0.085322233297140934,-0.092068751079931788,0.99209045030166942,2.1802452790169724,-18.692969009185816,-0.1811862458174148,,0.1180169800405903,0.5714285714285714,False,4
0.7933106385927573,0.59756662596652377,0.11650046449064336,-0.60803968549601106,0.76798962000576732,0.20119563719253108,0.030756650621661066,-0.23044754521231361,0.97259855919498217,-6.4799380401636855,21.556775416821729,-4.5648013883145246,0.6682516264347046,0.4196427422545581,0.6326530612244898,True,3
-0.9631007391783073,0.24475614530949966,0.11194371589076815,-0.26382738429671365,-0.94079040070498765,-0.21285801191522769,0.053217266834666363,-0.23453752636749656,0.97064930393838122,-21.258434093171765,25.650935204859483,-5.9928218937358091,,0.4308461819616237,0.16,False,2
0.15337468581631991,-0.96531315410260798,-0.21129770530514658,0.98476350513676325,0.13157649872482377,0.11370340335308132,-0.081957578670323147,-0.22551749266917603,0.97078566934143984,-5.4504444300285995,29.665747385277378,-5.5053189165082923,,0.2873121984776107,0.125,False,1
0.88394183224661371,-0.46586796331555763,-0.04017309996395578,0.4653742090558336,0.86812045915461189,0.17260855698036431,-0.045537706904906272,-0.17127144873971412,0.98417092422832875,8.597198345016265,-17.302086826763308,-0.23973376504631483,,0.08326016426073458,0.25,False,4
0.7820508538989307,-0.60478210980678326,-0.15044953164968836,0.62108689849878307,0.73639818373331101,0.26826997503903549,-0.051454119651563213,-0.30324299604762167,0.9515230732457024,-2.6035491954163006,-7.6364318511304203,-1.3816829737190901,0.3562368650537658,0.3294483697618312,0.2852852852852853,True,2
-0.86041483106798833,-0.50841289522579425,-0.03467919327738353,0.5083229902114651,-0.86108260167089323,0.012020429366721652,-0.035972991267329293,-0.0072856755219484369,0.9993262044154898,-7.9853336992772341,-18.424345284083024,-0.46700935197581633,,0.07629503263782837,0.1111111111111111,False,1
0.99142312964799806,-0.12911535090901458,-0.020233738127452633,0.12953749054195468,0.95029705886846116,0.28311753469194678,-0.017326758007812942,-0.28331029996382889,0.9588717627458555,-23.435053298097674,21.654267484518016,-5.7092430468372859,,0.5345344002237085,0.32,False,1
-0.52729347646273428,-0.81903001177672174,-0.22616681783335674,0.84718111572312116,-0.52718636872326985,-0.06602037408634201,-0.065159395653824254,-0.22641636964096856,0.97184869229558213,-2.6940229232400488,-23.432824402070452,0.18786080029086133,,0.2452704388192604,0.3333333333333333,False,2
-0.95624479870370749,-0.27735695740087285,-0.093107481619018856,0.28191429271483265,-0.95861616980729469,-0.039741295236661686,-0.078231812680016694,-0.064250736690891208,0.99486261680670096,25.251881189944289,21.386616879491548,-3.6173097011979802,,0.2437809348926693,0.3157894736842105,False,2
-0.4819030343350717,-0.85823560257246356,-0.17663837628253476,0.87354007770449993,-0.48633133794722305,-0.020237647454183383,-0.068536108312820018,-0.16405328465941668,0.98406774240892059,-14.906615524073553,-17.50490979207509,-0.84785078607620545,,0.5150821301098883,0.3548387096774194,False,1
0.28221716986357726,-0.93086259383503778,-0.2320523657127784,0.95698137146260476,0.25617156653480994,0.13624530513985578,-0.067380440097581304,-0.26052055561472637,0.96311417619846595,25.852308082068188,24.608770865486541,-3.9274813090172072,,0.3334821735668684,0.125,False,3
0.63221914199642426,-0.74010437003544272,-0.22922582303864719,0.77182736326944479,0.57576111008111386,0.26978077290033126,-0.067686614643086021,-0.3474833313593671,0.93523999947904002,-5.0449302686995399,20.855446502295766,-4.3739473047305371,,0.6478014358056774,0.2692307692307692,False,1
0.90964872148153086,-0.3972427598244852,-0.12139766585088303,0.41343773494576036,0.8376507303106463,0.35694606501957737,-0.040105396518867117,-0.37488590768001329,0.92620306272058794,-14.712314093019842,33.249061814336692,-6.375443486830596,,0.5028132598793443,0.2380952380952381,False,1
0.41054067782575571,-0.8925762458925719,-0.18645105823966612,0.90983677062345381,0.38742841118796351,0.14864816522868574,-0.060443384020530781,-0.23066614721864306,0.97115381163616599,6.1437771539160257,-13.675196247469689,-0.58490136469290155,,0.3361545558460636,0.1333333333333333,True,4
-0.10125966975557854,0.94887342133776587,0.29897442960854242,-0.99048710221061376,-0.12430036335747972,0.059031517205805378,0.093176067932768836,-0.29015280448060571,0.95243349920959186,21.574854720664547,-10.638084183396762,-0.68616931481877141,,0.5304900209659595,0.1463414634146341,False,2
-0.26231688072301251,-0.95934461188533537,-0.10415262711196208,0.96087742902704654,-0.26961943174375691,0.063402905395153461,-0.088906807805262764,-0.083446256193721896,0.99253831253666458,-4.2083162568395451,-39.149362356506543,1.7023444816119446,,0.5208160978137056,0.3846153846153846,False,3
0.94940434926317829,-0.31351189957179859,-0.018484329228923256,0.30681913695187862,0.91335560007352745,0.2676631558777387,-0.067032818829772411,-0.25979191026898574,0.9633352295844505,14.800327594739446,29.800804011633126,-4.7276273422219131,,0.2794013511308241,0.4285714285714285,False,2
-0.65253779616681806,-0.7261047057503337,-0.21671728325395218,0.75555688578030411,-0.6452406043697313,-0.11312981403039772,-0.057690700496014456,-0.23756371515828187,0.96965729219991659,-19.880685168037672,19.150399305314419,-5.1383205858141352,,0.7892793896288499,0.3611111111111111,False,1
-0.99849525562309405,-0.054830317187246271,0.00092780133544507863,0.054792932412211545,-0.99821588186120291,-0.023723148141263417,0.0022268937655188052,-0.023636613911630369,0.99971813598981485,0.822206665869052,26.413265241586451,-4.8481188095144558,,0.1838216257540605,0.2307692307692308,False,1
0.95809688982922026,-0.28436199956030667,-0.034476120803242305,0.28563623328838339,0.9394143778776789,0.18950611829046282,-0.021500975149974406,-0.19141285182233408,0.98127408415021478,-7.4537166338634995,-9.4597265039468574,-1.3636906115621421,0.2696877587454848,0.1000548270548945,0.3137254901960784,True,3
-0.7068463510581291,0.69742535824723051,0.11817827917824328,-0.70496347486941846,-0.70830482719998611,-0.036479732252761812,0.058264355276991905,-0.10909693597402487,0.99232208655518528,-7.4524897478743997,-17.341250137489471,-0.56074442958933468,,0.3939171490715954,0.4444444444444444,False,3
0.40728923234131054,0.90088451129793357,0.15007524286939511,-0.91008621075919527,0.38656804304428122,0.14935942247773751,0.076541297381180942,-0.19741389363567299,0.97732757271797455,18.380997163238664,-15.632037135259569,-0.25298870274964763,,0.3039010907473341,0.1538461538461539,False,3
