axis_00,axis_01,axis_02,axis_10,axis_11,axis_12,axis_20,axis_21,axis_22,location_x,location_y,location_z,dbh,dbh_approximation,score,reconstructed,number_clusters
0.19066795563518674,-0.95619013251839502,-0.22213995851343971,0.98066337614548704,0.17536779734666239,0.086864712862673235,-0.044102986076151013,-0.23440683891097175,0.97113766299682391,-21.02265023861278,-3.6554263439484562,0.60029216801815533,,0.297558611285606,0.2,False,1
0.89434038885829625,-0.44601933708738795,-0.034957399802019687,0.44342627611742846,0.8733379987215234,0.20162806758413931,-0.059400391458484851,-0.19582515398490377,0.97883813910235806,-9.085699316205293,11.399472315744692,-1.2290336963952551,0.2730432210309719,0.1588412161077029,0.2,True,5
-0.0041325055013453999,0.98465293523857211,0.17447498251710716,-0.99998929814255522,-0.003706212288477586,-0.0027690415005292499,-0.0020799035170567461,-0.17448455838995103,0.98465771356589848,15.684918715190246,0.52895785204379875,-2.2837032127086405,,0.3816741726606002,0.2307692307692308,False,5
0.62836020358847544,-0.75797163690775904,-0.17504985629705999,0.77554661691508997,0.59280177049559257,0.21705645783723848,-0.06075277391039547,-0.27214896387945819,0.9603353799176253,-18.953376358312376,16.495054766548005,-0.8256451026260393,,0.6091524144458846,0.2884615384615384,False,1
0.73811934056663009,0.6690815372268728,0.086658730798501019,-0.67417961745846566,0.73637015517829008,0.056928358190421163,-0.02572318963579686,-0.10044347218622421,0.99461018816928237,-7.1190350476957702,-0.87009180312561418,-0.66322642150106614,0.2735131072232899,0.1867310112129174,0.7531017369727047,True,5
-0.88096410042376505,-0.47284031553603639,0.018008047321323377,0.47209440563856725,-0.88088057124480623,-0.034297104370349801,0.032079992663859434,-0.021713019301893864,0.99924942775239134,-7.0930038143185534,-3.0411973938825443,-0.57726400560794244,,0.06653365037573822,0.25,False,5
0.63017475947571222,0.74802892147852929,0.20816461070844153,-0.77639437228688002,0.60375546234372657,0.18080685930399701,0.0095682391792120888,-0.27555775133677829,0.96123689820835956,-6.9296814584548558,20.997536133533821,-1.9111229277124426,0.3398957236827213,0.1897273459637125,0.375,True,4
0.016913132174657508,-0.99974735313358387,-0.014804589235659818,0.99869598516709568,0.016178311859707716,0.048420981366495211,-0.04816923469567478,-0.015604234289579605,0.99871729368278661,-4.1511539003385334,-19.562640375194366,0.23192218177915216,0.2324606655373928,0.1786780454475906,0.7,True,5
-0.43589883756632214,0.89704342542716098,0.072837464990452142,-0.89834293735858028,-0.43857353954933259,0.025163809431965806,0.054517614642310072,-0.054464146969141182,0.99702632181333983,2.1624178183303471,-2.8926206756254405,-1.2615626360083765,0.2968134717107908,0.08233539762807532,0.3297872340425532,True,5
-0.99847692755787043,-7.7030268028115828e-05,0.055170818381937159,-0.0091262520086171743,-0.98599198928686116,-0.16654281307343388,0.054410813804519571,-0.1667926590964823,0.98448954906217989,1.5155221331778821,27.14560701122851,-2.4732066456025827,,0.1545152073501702,0.2941176470588235,False,1
0.98061342202509161,0.18217446906044815,0.072178801367043632,-0.1932901392478189,0.95979002333755803,0.20357316417260957,-0.032190660350451178,-0.21357802771875495,0.97639550770267713,-16.916924458495263,-11.917520068120576,0.73547205749896805,,0.1594174681090064,0.2692307692307692,False,4
-0.97355437065495265,-0.2261320418288936,0.032499031323015605,0.22170198972055968,-0.96949947305335571,-0.10449401659047333,0.055137239072914165,-0.094525506650643132,0.99399437295180681,7.3805819540752777,-3.1289649587746253,-1.5956771487812973,,0.1542900578430142,0.2692307692307692,False,4
-0.2553586746692813,0.94701986601597576,0.19479558681404902,-0.96586943752086374,-0.25892439167717879,-0.0073748937437353827,0.043453157932152375,-0.19003034695985926,0.98081613480816954,17.455477150014218,-8.8444164634368079,-2.0962571170131219,,0.3100156740847208,0.3076923076923077,False,5
0.99820782671489339,-0.029935863366154624,0.05181678077275606,0.022111250651444942,0.98911393502236677,0.14548098205331611,-0.055607798731454168,-0.14407452109617172,0.98800319083044985,9.3413444904754659,8.54617779239158,-2.127779360566683,0.2850985623708799,0.2520997353274438,0.3478260869565217,True,5
-0.12476534635137941,-0.99151049368863664,-0.036613511920276898,0.99175489614121326,-0.12571421210244971,0.024862881075849549,-0.029254646293398703,-0.033209603743137778,0.99902016390534998,-14.503529533926606,-5.2894819098432428,0.27409529791831222,,0.3376937885048319,0.2553191489361702,False,4
-0.90203997775803235,-0.4254552648454194,-0.072881384053835027,0.43030722797232268,-0.87299874270079669,-0.22958415624254941,0.034052431353194149,-0.23845547353361785,0.97055624209047997,-10.153502153897927,29.303650928652551,-1.9511264690039918,,0.2800277209208932,0.3636363636363636,False,1
0.25579705721833107,0.9597756932447391,0.11575182147604093,-0.96647908945897532,0.2511602134633113,0.053260837503864927,0.022046205047377854,-0.12549568052185434,0.99184918158627577,7.5882485423682482,-8.9315894791506008,-1.3313602454419275,,0.3264442246680386,0.5769230769230769,False,3
-0.75314563670922063,-0.65719199161081421,-0.029501458751635623,0.65785262985867654,-0.75230123571881702,-0.035675875938292842,0.001251916085983823,-0.04627674252313551,0.9989278731758171,-5.2921272375098116,27.532302980994064,-2.1642275289702737,,0.2382837080772539,0.3333333333333333,False,5
-0.62743253893800954,-0.77858886999147792,-0.011304008457021814,0.77863773471887021,-0.62720564623216402,-0.018339994720819566,0.0071893778360323929,-0.020308836990011944,0.99976790505919122,-3.4220632287409107,4.2941462311065388,-1.1955544999511485,,0.073201817355553,0.3099415204678362,False,5
0.61862948513395877,0.77689927488787891,0.11715407291930002,-0.78565630629028627,0.61291877320101462,0.084111508392530954,-0.0064597607693165568,-0.14407669532735218,0.98954543976229425,4.8431087593748261,29.415717567596374,-2.7173377345538969,,0.3503453836903375,0.5416666666666666,False,1
0.70480374619746389,-0.70937915648006022,0.0057351283907629141,0.70660808514680673,0.70272150617702256,0.082990955901587338,-0.062902252353817426,-0.054439848529679237,0.99653379749052262,8.0244146150989657,2.6388839647523739,-1.8293026962356189,,0.09806240291050837,0.3636363636363636,False,5
0.97809942702118147,0.19046547057875063,0.083931015590493235,-0.20299624430812632,0.9620174777695889,0.18252368959297766,-0.045978643494910057,-0.19556399715452036,0.97961251898866364,-13.543642427531301,15.351811178252515,-1.1283082491204359,,0.09836030147139985,0.4285714285714285,False,2
-0.15630191254484119,-0.98020600110671174,-0.12151505062835943,0.98540822335518241,-0.16314613939421269,0.048517734332362325,-0.067382085740991887,-0.11215851548211599,0.99140310768427609,-1.2120947866685052,-10.916425689536018,-0.48826059634561148,,0.2943495274349813,0.25,False,2
-0.60273259359057096,-0.79404229405109061,-0.078805176744074057,0.7979432215972071,-0.59976256865178512,-0.059761830220323428,0.00018902553775366343,-0.098902459536118717,0.99509711474159757,10.286642454578711,0.91916651598429899,-1.9083115869526535,,0.545351338250403,0.275,False,2
-0.35829975783480522,0.92579777705969846,0.12049796482447421,-0.93239582953967526,-0.36141321512544416,0.0043017426364170275,0.047532100653563725,-0.11081048652546238,0.99270425378531024,17.349496154990074,-7.1051720372855858,-2.1578252528497495,0.2869585634654611,0.161006990369318,0.5714285714285714,True,5
-0.17224240942599234,-0.98499577730500654,-0.010764343288599196,0.98476675133575753,-0.17244595148001804,0.022289891919195365,-0.023811716837452437,-0.0067611026805695362,0.99969359787476675,-3.3095901958779916,-8.0987539815549034,-0.49262945342067482,0.2442193824232611,0.2394958356321635,0.8296703296703297,True,5
-0.43218697276084383,0.88199675934674482,0.18787266186876805,-0.89954112438135536,-0.43633693660063871,-0.0208768605086034,0.063562458436903696,-0.1780218926419137,0.98197149633665359,6.0477373772751122,-2.3346743406911057,-1.5505971166372521,0.6822330494142237,0.3331598433556726,0.3896103896103896,True,5
-0.064377328209549695,0.99354962677777947,0.093352550807849433,-0.99736329353614783,-0.067198913518849712,0.027400122784607316,0.033496571754812673,-0.091342460836230779,0.99525601456562607,7.9921289986015402,13.940029687143749,-2.2660303627971414,0.1618909075879399,0.1362302086712979,0.4666666666666667,True,5
-0.65616891377514741,0.75030004243156734,0.08057420755013521,-0.7521580831132223,-0.65890192741944453,0.010318335640266393,0.060832348323793452,-0.05383397041023559,0.99669520367426445,1.2173692983693953,-4.7188802101243335,-1.0558757772346654,0.500161688936399,0.4846385059865035,0.8837209302325582,True,5
-0.66893242817455545,-0.74302402143372537,-0.021088150913463055,0.74296467422087542,-0.66745958285803741,-0.050011979673314347,0.023084613844780395,-0.049122386174028441,0.99852595949239498,-15.379976615024097,24.839987417718216,-1.4634028061510072,,0.233240042358843,0.4090909090909091,False,4
0.98291987360467548,-0.18370507219912138,-0.010998569056307292,0.18062428291952801,0.9515331753859918,0.24891662170224657,-0.03526174262252231,-0.24665170299061115,0.96846246541570025,4.3970666997060714,-10.918063712064848,-1.0277808627471929,,0.3805704405280326,0.2666666666666667,False,3
0.50953255453119339,-0.85801171031062617,-0.064749369439026733,0.85869068590064568,0.50223668561899593,0.10202263261612746,-0.055017104798379464,-0.10758353307212495,0.99267260544014424,-8.7550526872772956,22.213098614991029,-1.9087139823743469,0.3608342667467574,0.3055299059428682,0.7391304347826086,True,5
0.92681757105682205,-0.37331989473443034,0.040514764911147874,0.37009534978125769,0.92637581008086112,0.069694264952835483,-0.063550153820586319,-0.04959954326908092,0.9967453352069815,-10.801500221689103,13.387224713906299,-1.2087289467243019,0.168943015194258,0.1176964804328947,0.3518518518518519,True,5
0.43546753208963157,0.89696675923355096,0.076280150274013692,-0.90018918504615997,0.43340071611507613,0.042699536260583523,0.00524019290630795,-0.087260827987131057,0.9961717162604572,12.466433870261463,-11.47464138342084,-1.6219300955241081,0.2193263272968707,0.1390693002758003,0.5172413793103449,True,5
0.24311415730082184,0.96375703047631267,0.10985396090897552,-0.96968849359918563,0.23861378895714966,0.052608792999408585,0.024489424273611803,-0.11931406424639293,0.99255449330087397,-6.4668402657836879,-14.317394979613763,0.18586372287409092,0.141366018036884,0.1029593500082886,0.3076923076923077,True,5
-0.95640435248112998,0.2730195227782734,0.10368729303572215,-0.28638580358390192,-0.94632794183287006,-0.14982188762650001,0.057217882351189471,-0.17298487416039804,0.98326107786841532,15.95946808422187,-7.2067744398396485,-2.053630223287461,,0.7397796614617903,0.4393939393939394,False,3
-0.24689207461753068,0.95700120064414906,0.15229249967318906,-0.96799655553960673,-0.2508623536022424,0.007123763654112221,0.045021905274075499,-0.14565981433051503,0.98830979279509923,-18.048180616633893,4.4256722151534547,-0.12861908030679037,0.872150092864249,0.8906290247912801,0.9743833017077799,True,5
0.16866070848197126,0.97192630245897682,0.16405129686406394,-0.98536221143928682,0.16206860663091233,0.052868506808805456,0.024796727240456534,-0.17056678848221402,0.98503405676404221,0.78627673363173345,12.430621179161577,-1.7906268460171186,,0.4441576491370701,0.24,False,1
-0.99736198133340004,-0.046234689453207439,0.055959196580008384,0.042955088365310805,-0.99736545058222481,-0.058455268098299894,0.058514430478668243,-0.055897329775949432,0.9967203970771723,-13.500563427732429,17.784826970575402,-1.2515428545968721,,0.2026101815774687,0.4523809523809524,True,4
-0.763060580817152,0.64287887606170335,0.066673088398786121,-0.64361484020630999,-0.76524514876758332,0.012641192739841678,0.059148013231192072,-0.03326579326156074,0.99769479277456541,4.9767756876545777,1.2655299251054006,-1.5921084934367271,0.2599047236461666,0.2243234334530516,0.855072463768116,True,5
0.82635155090150547,-0.56138517536753163,0.044607165346416601,0.55944849572496713,0.82740642040753953,0.049152783232014226,-0.064501898838312366,-0.0156620671032928,0.99779467061129579,3.3577485261256719,11.104317597284822,-1.8847202482392513,,0.07888314766247757,0.2962962962962963,False,5
-0.2419282227016078,-0.94544015419792093,-0.2182055221360244,0.96997290788673918,-0.24143956346250109,-0.02931714789644782,-0.02496583718176788,-0.21874609030849143,0.97546238007857855,-10.849276394173417,-8.1904548460441067,0.13700521812362976,,0.3154500568748697,0.2948717948717949,False,2
-0.92752419873694847,-0.37357514200949388,-0.011852174060810849,0.37188266580979679,-0.91921673538803328,-0.12939813079316489,0.037445208339390371,-0.12442751566736523,0.99152188564714339,-20.865816998112621,-8.3016437247017976,0.791762205315233,,0.1522296287203893,0.1428571428571428,False,1
-0.98507127872576228,-0.17148060084265945,0.015132064110083318,0.1709655876155742,-0.98480465612854162,-0.030505034319040225,0.020133148806200589,-0.027462570931813299,0.99942006359536462,3.4471162644578275,-8.3273367978164217,-1.0718703866205084,0.2126666249179945,0.1717164048048985,0.3333333333333333,True,5
0.97128652501204127,0.2267885567191632,0.071898796034916987,-0.23357942586080935,0.96642400537154227,0.10707611151026185,-0.045201085656943633,-0.12079566375852352,0.99164775473580835,-9.7807502933718915,-11.736133634637442,0.26798471022129533,0.6306701421814368,0.3714339577532506,0.888268156424581,True,5
0.64832440368320288,0.75734155727688546,0.078161583979862392,-0.76132680432305844,0.64588498204115463,0.056692918366727199,-0.0075474901827131055,-0.096261911445385956,0.99532742341242786,-11.677383944570886,-1.0628151964045056,-0.33064429697773012,0.3676374534644298,0.3200380446275555,0.9714003944773175,True,5
0.27526908802538291,0.95482380015982526,0.11197517504350245,-0.96119476701473039,0.27114040484529145,0.050867481988287416,0.018208488162700442,-0.12163219766443652,0.99240821210333974,-4.0782887878730349,-12.173704804945283,-0.17096891411457904,,0.07347863219398114,0.2068965517241379,False,4
0.75912447431028229,0.61991158637330201,0.1985942032972608,-0.65001413270375608,0.73821303749544698,0.1803417271657608,-0.034808903868431176,-0.26599085764717889,0.9633468761871794,-10.075145813929973,-0.44455567366121357,-0.4917029311971452,0.4083706511616798,0.2514595257046082,0.2389380530973451,True,3
0.99532067879953567,0.079793853942525875,0.054494836700652388,-0.083474366656011767,0.99411949923883292,0.068981529009656484,-0.048670077721425876,-0.073207664258130883,0.99612843621114433,-40.040059832471087,12.038512522548723,1.1689424097850798,,0.2154023540146712,0.8709677419354839,False,2
-0.30899786888307712,0.88321222200860316,0.35278391108487661,-0.94977628277241677,-0.30585202021531616,-0.066178201949128157,0.049450275112746432,-0.35551471506090343,0.93336164355861451,9.1841195843966279,-4.0063444184916657,-1.6843047577887509,,0.7497047236141288,0.2923076923076923,False,1
-0.9286551162394957,-0.37054510899981824,0.017204571442545537,0.37019268287202134,-0.92872713237023019,-0.020574040618791596,0.023601962423150907,-0.01273718162238073,0.99964029109179797,11.16201885489377,-3.8136801451093625,-1.8172149292621491,,0.1028017571383728,0.3448275862068966,False,5
-0.97570713701156098,-0.21901172224129889,0.0054266293040151348,0.21430568943364503,-0.95929823662537161,-0.18390205187496625,0.045482461027006316,-0.17827158699117707,0.98292959412695191,2.2096763738244474,14.629423925632706,-1.9827387303849191,,0.4733164205447681,0.2105263157894737,False,1
0.95452421120360986,-0.2941838611323046,0.048367200409128099,0.28304669331908716,0.94517078345617944,0.16290107274651072,-0.093638131267440528,-0.14180284182667963,0.98545616565254746,8.9663354601158503,-6.4773333131228572,-1.5880818210847032,,0.1888816437175131,0.2916666666666667,False,3
0.97393043199547169,-0.22396235442252022,0.036060746451431161,0.21712187564837432,0.96637009803441321,0.13779305040490769,-0.06570848307520781,-0.12637126820001035,0.98980437351300654,-17.872744944324008,-13.496786427845565,0.90704559065331902,0.2565376199831623,0.188634503641155,0.6410256410256411,True,4
-0.26894550612409596,-0.95368398704534119,-0.13474111320957227,0.96310690904107532,-0.26769105830968493,-0.027687164144888782,-0.0096641861012191077,-0.13721643543811285,0.99049394412720115,-21.141872921189311,-9.9502391481615113,0.88707168053304686,,0.6828718768099438,0.5714285714285714,False,2
-0.45496623370837747,-0.87599021443895031,-0.16014640299555855,0.89048835715679886,-0.44875369244236363,-0.075170534702964087,-0.0060176368616796337,-0.17680856236773809,0.98422686425440287,-22.077808241026563,-11.816301729319946,1.1030250706294331,0.8268821009491659,0.6513286989036755,0.4285714285714285,True,1
0.99542736052454206,0.072199437271988673,0.062542874708085977,-0.080745763046841751,0.9858179829650483,0.14711568989304574,-0.051034220569402759,-0.15149305502342897,0.9871399913946054,-11.675123841844353,-3.6240054568458611,-0.12541461066033546,,0.07116797496741425,0.1791044776119403,False,3
0.55123199244256849,-0.83431477895568262,0.0078829007304499765,0.83229664919850477,0.55051228481737224,0.064950073118485704,-0.058528439589113399,-0.029241646350475402,0.99785737852559697,-6.9328731127430254,26.188529170973027,-2.0337732468381859,,0.1103291302235667,0.4285714285714285,False,1
0.30458276169761883,0.90497003269216969,0.29708345831733007,-0.95248102336559348,0.29038230513095747,0.091967477921615998,-0.0030399679411218343,-0.31097806481481094,0.9504122272987402,6.1402684259133347,18.162150823715209,-2.3369708164441323,,0.4280285579670827,0.36,False,4
-0.20452505303684182,-0.97727290475028772,-0.055742015762005173,0.97878004884013237,-0.20344237008372604,-0.024511590059073995,0.012614225017212771,-0.05957240716683232,0.99814428297293967,-8.7004534326543421,-7.7720002486275463,-0.026009668174291126,,0.09430187979909224,0.3333333333333333,False,5
-0.071802778291446739,0.98494078020557674,0.15727689123853511,-0.9966898441816554,-0.076880346455987889,0.026434198190110059,0.03812762167741518,-0.15485823134995413,0.98720069522280407,-10.033400170546715,-17.019882680421141,0.61033167738320959,,0.1483553784820117,0.2142857142857143,False,2
0.057734461800569084,0.99359027096345753,0.097185931941622727,-0.99665482789565829,0.051723326024458768,0.063275995268690405,0.057843633641693142,-0.10051403380489035,0.99325275889644293,-15.701676103001688,-1.1897554865537372,-0.044229110089689792,0.7927334807399196,0.336462037684961,0.9148936170212766,True,3
-0.78939007195291011,-0.61334248239402922,0.025967548842930711,0.61358330216792656,-0.78962817325163104,0.0016968523787903519,0.01946395650640239,0.017272732789639117,0.99966134620635161,-19.159486000665009,-6.5177121232567954,0.61011752939771602,0.6668716042903361,0.7563248384476533,0.821656050955414,True,2
0.42998439025486895,0.86254431419757649,0.26670344988878691,-0.90280274252227855,0.40823187678590478,0.13525510293556303,0.0077866701099028601,-0.29893818896435764,0.9542407070269584,-15.362155850943914,-9.2376211789014491,0.49162946631392446,,0.1052991812827107,0.3414634146341464,False,2
0.26163363980348109,-0.96193946722485402,-0.078868878008670928,0.96400115352982974,0.25642797886656049,0.0703311285816519,-0.047430101373920119,-0.09443067854026635,0.99440094148893721,-11.407289982038355,-6.7073341377803528,0.13106932255885129,,0.06970884191452661,0.1627906976744186,False,3
0.30074137113292726,0.94262069100547319,0.14498572542650784,-0.95355774020762696,0.29452160682921324,0.06312415703090074,0.016800707699691456,-0.15723630623714763,0.98741808785422147,1.0163881787800597,9.2395322671686255,-1.6617683932368725,0.7079707665629364,0.707344008705628,0.8431372549019608,True,5
-0.97908882385900498,-0.20339692295048212,0.0038427501435733327,0.19811228181580584,-0.95760195036526696,-0.20916507464290418,0.046223357603326867,-0.20402989092511084,0.97787279582825226,-8.7726237164326548,-16.095915895990515,0.40133713537832616,,0.2933632499412034,0.2,False,1
-0.1079276470121472,-0.99026248091864422,-0.087930892724192022,0.99414635673034812,-0.10794498179197144,-0.0045719039476893805,-0.0049643136683040646,-0.087909611481242239,0.99611608550360253,-18.734389374434677,-9.2886778183333369,0.69767611479265368,,0.1758123567258821,0.4166666666666667,False,2
-0.99824346222500615,-0.042452279815617389,0.041325465072879625,0.042466980180257345,-0.99909773426880355,-0.00052246848062725837,0.041310358500053018,0.0012334169611851096,0.99914560148318621,-9.5989794172420257,-8.588870742762019,0.068482411133655927,,0.113245199246252,0.325,False,4
0.4458149806753342,0.84402794025991912,0.29810373876563218,-0.89512149226299909,0.42131422240348454,0.14578010868910612,-0.0025528600258804095,-0.33183001983115412,0.94333574131617781,8.0347426991073494,-18.03580747620757,-0.87965253698960977,,0.5415967455934284,0.3043478260869565,False,5
-0.49302278388173687,0.84463767565239956,0.2086042459827066,-0.86816075318530928,-0.49327197423719665,-0.054586317524211156,0.056792967894077978,-0.20801431753763933,0.97647560261233979,-11.03258542814582,18.320638796812322,-1.4268154692493018,,0.1806208670307869,0.3636363636363636,False,5
-0.98603623328047107,0.16352385033773309,0.031503920847773002,-0.16492480445190955,-0.98510364934261008,-0.048688899436843763,0.023072831091122542,-0.053204796988564507,0.99831703082880729,6.2610777036067784,22.500820273959601,-2.5237699397030173,,0.2373920241167276,0.1666666666666667,False,2
-0.6734408057050888,-0.72268419810817464,-0.15557966131864992,0.73897313359458272,-0.6524521831318989,-0.16800254924203603,0.019904497900835399,-0.22810896197029218,0.97343213036767606,-4.3112674684395138,13.472237644567743,-1.5470244573984979,0.4166020011927967,0.6261288831085217,0.4489795918367347,True,2
0.99349197813365264,0.097224661884860716,0.059338474074225114,-0.10216442517807517,0.99097006584953873,0.086837542677088861,-0.050359900835053872,-0.092334683145263774,0.99445371268669336,-2.2211535586488313,-4.174045962032678,-0.83587557868758744,0.1379078029077656,0.08991257919794567,0.351063829787234,True,5
-0.6991603102378483,-0.70469936154860213,-0.12072145799777816,0.7149612832552682,-0.68965792057994701,-0.11490133170387631,-0.0022856145993212784,-0.1666456192473624,0.98601420555262165,20.161868366712323,-3.8158974681013156,-2.459038306166315,,0.7169393924045495,0.3333333333333333,False,2
0.79240841088685054,0.60524645796584564,0.075931781722630487,-0.60958026937182463,0.79028263313276736,0.062171174681782106,-0.022378685134498477,-0.095551477688923483,0.99517290435537575,4.4466305467787857,-6.7967829048533526,-1.2015942304555056,0.1255219169043311,0.09792847658812515,0.3611111111111111,True,5
0.039124172226307395,0.98861637302628469,0.14528236689963173,-0.99854502094834774,0.033282059769639022,0.042428123182069913,0.037109840835942223,-0.14673094929783265,0.9884800899518853,-10.851989407508951,-12.604690627657297,0.34616149358011139,,0.3658330212871871,0.4444444444444444,False,3
-0.98908991369234467,0.13565593986425109,0.057433514707153105,-0.13609867303201276,-0.99068780448237825,-0.0038503569718020304,0.056376358795113234,-0.011624974384132526,0.99834190843596926,-17.52371105801549,-3.1144636392176128,0.35644735160437507,0.2396859119062731,0.2283665736313934,0.7768595041322314,True,2
-0.99560182840819911,0.07010695067394182,0.062145110326169893,-0.074267172023286351,-0.99495990488804298,-0.067373398495540165,0.057108549534320319,-0.071692420327233816,0.99579054546511359,-35.143604664243554,11.258161390291194,0.88449801961141716,,0.2390698711395559,0.2727272727272727,False,2
0.78457867085589306,-0.61993698840354083,0.01069764680421776,0.61695987409623876,0.78229311137494606,0.085895294693358396,-0.061618365713097013,-0.060791597317834158,0.99624673585532675,-34.83146175826225,13.434375252739308,0.68504958399297999,,0.2100503579683279,0.6857142857142857,False,2
-0.73210065328233664,0.67060924353367402,0.11963225297038149,-0.67711711854331535,-0.73559728256501811,-0.020224877219862346,0.074438170579170099,-0.095811692241365987,0.9926122497685953,2.3892255551550647,-12.260499626685746,-0.71981813703467457,,0.1011762490068896,0.3684210526315789,False,5
0.55516402202698012,-0.83165791823511503,0.01174800764643421,0.82946792328103569,0.55463515964452614,0.066051524841870005,-0.06144813174272977,-0.02692483468705005,0.99774705230454219,-14.025842285731317,11.149283400221965,-0.88158923578756954,0.1284881254194401,0.1042457443720706,0.3928571428571428,True,4
-0.58700029256026753,0.80526436656675393,0.083546133794485611,-0.80747533307332053,-0.58979173068934077,0.011371054858861071,0.058431524131169407,-0.060786629683820141,0.99643903106983545,6.1053812798424349,-5.9591803400886905,-1.3646888704389524,,0.0658907722932091,0.303030303030303,False,3
0.27952804375614643,-0.96001072599417669,0.015603804984554992,0.95823272726677744,0.27995983575375044,0.058416870505076324,-0.060449260944495695,-0.0013770769285510603,0.99817032139329698,8.3986328863321056,-10.342090938310378,-1.3520460067880014,,0.105068221561236,0.3571428571428572,False,4
0.66969469693329187,0.72988551078611408,0.13702610716180691,-0.74183165333713075,0.66607089179893275,0.077687612946163179,-0.034566038340036624,-0.15367728603364575,0.98751631923265337,10.428199335866735,-5.513551513004014,-1.7305625128856528,,0.1801772775947056,0.2631578947368421,False,4
0.56019659281518175,-0.82193831944840279,-0.10294258798280352,0.82649368762050957,0.54626517467071245,0.13602405399571008,-0.055569431540311381,-0.16128161074441111,0.98534272226163799,-4.2209590112226731,-15.65196770963575,0.076671040126798581,,0.4004426723995335,0.5,False,6
0.97985694124582245,-0.19495355213403745,0.043283798385782807,0.19058361428102624,0.97763542068459919,0.088920583614968685,-0.05965115807728201,-0.078880268338582901,0.99509780554821436,-6.9734535486761331,-11.508061663058262,0.023778555533563152,,0.08010791077117788,0.3170731707317073,False,1
0.92228675765464485,0.37094612671882909,0.10856384171159472,-0.38453479601482993,0.9089759851034459,0.16092125142147079,-0.038988810044869933,-0.19016211393839069,0.98097820725731055,3.2171000597996611,9.5964774647312723,-1.8127879172145749,,0.1573361442697406,0.3770491803278688,False,5
-0.031139110486812231,0.98616338289445937,0.16282548337482547,-0.99948025870016211,-0.032081485993780204,0.003160810827569905,0.0083407593627257137,-0.16264243140886192,0.98664982199292295,-21.949749525890194,11.093646272628151,-0.20522829661690525,0.2179616765394727,0.1834696069408163,0.4782608695652174,True,4
-0.98864585560836837,0.12036298764288576,0.089956230435003948,-0.13847974560884282,-0.96220560869861183,-0.23448609051507394,0.058332943046851118,-0.24428081749210648,0.96794842319251762,13.577465755038574,1.1332138445240103,-2.1561635931811924,,0.07131083945275452,0.2857142857142857,False,1
0.98753507724739598,0.14471956778237727,0.061892793658555392,-0.15013322560862585,0.98416152385868005,0.094266163200318359,-0.047270347728021647,-0.1023833075117301,0.99362124200755164,4.3705657396564197,13.300779012110782,-2.0466865445266609,,0.0837987811900796,0.2857142857142857,False,5
-0.98318199475585177,-0.17581173643125464,0.049430744693260496,0.17499656680806572,-0.98435776868418123,-0.02039570632483256,0.052243342095366123,-0.011402480612816842,0.9985692848483676,-14.547081952302815,-14.583880235598151,0.7672369648379076,,0.1206968260278224,0.28,False,3
-0.7948812393925947,0.59985188520022104,0.091331982806861986,-0.60648215821862794,-0.79005421148733002,-0.089407688000572805,0.018525847461512909,-0.12645971189621408,0.99179873676213115,12.836031806943991,-5.9769361375736354,-1.8642874353285466,0.7442759692687015,0.3017034916485024,0.3333333333333333,True,4
-0.67570280957431417,-0.73692819010765964,0.019040896985907788,0.737088680368849,-0.67579235390381509,0.0022297258239995302,0.011224544778630413,0.01554146163623886,0.99981621939470589,-22.618912933909229,-4.033682602387672,0.73056854612309097,,0.08154579957084324,0.3043478260869565,False,1
0.96076763410285171,0.27005603088795388,0.06320833363926473,-0.27373778123802628,0.9599702590961654,0.059369426253947484,-0.044645048810485706,-0.074342732206214096,0.99623289334614129,-0.12688582927150818,8.5025297384024725,-1.5632435317866518,,0.1213382025158502,0.2978723404255319,False,5
-0.75073661101964839,-0.65421391420714081,-0.091644396078022508,0.66008766120253504,-0.73742736564199685,-0.14312637747973755,0.026054182061640001,-0.16794354664611774,0.98545225391036706,-16.28020834892482,12.710772958370214,-0.81323970942567059,,0.7954713342443427,0.6936936936936937,False,2
0.99721410387080434,-0.072270810310385972,0.018465129791816699,0.066512878365181036,0.97357852378225551,0.2184511273524177,-0.033764893791141184,-0.21661437627046784,0.97567317475691051,-4.0133733586992202,-1.9010884565080639,-0.84969901610109821,0.6922841060438896,0.2727568544996826,0.6415929203539823,True,2
-0.41149993253000716,0.90756874922829878,0.083586906582187578,-0.91128693328161747,-0.41121627496353119,-0.021384584057230316,0.014964316154863915,-0.084971410658511382,0.99627101162922449,10.358637245976864,-12.493448108606319,-1.4081592213747709,0.3913137411888495,0.3665477967078281,0.6176470588235294,True,6
0.98384132703298055,0.15131312498790134,0.095710926379273586,-0.16898321928986582,0.96141292212849205,0.21709413802032063,-0.059168528969512968,-0.22975972530177841,0.97144714411481714,-7.2159526456124645,16.750903830849666,-1.543031672649779,0.4599514446535528,0.3482652689068854,0.6021505376344086,True,5
-0.92844034424595512,0.36638377511619802,0.06133071423076978,-0.3661283484045364,-0.93043092682419426,0.015758264613779487,0.062837565763001438,-0.0078243044850460595,0.99799309646325041,-3.6891408053702426,3.1289405018877803,-1.1212931747935158,0.1668746609968904,0.1351723415865635,0.6360225140712945,True,5
0.94284163123571352,0.32732686973155928,0.062504229940991723,-0.33091260738103029,0.94177152619840387,0.059692869911036076,-0.03932562377211115,-0.076964360542179561,0.99625798994099246,0.49800821210323404,6.3666370227000622,-1.507215921593545,0.2948513717464389,0.2700473589067057,0.8582995951417004,True,5
0.71210249135155435,-0.6994681941096309,-0.060450700905115826,0.69934884591521917,0.69912141732105837,0.14879662482746092,-0.061816126762836446,-0.14823457515709651,0.98701837733652908,-3.2047504457001956,10.321272774433213,-1.4707404713141885,,0.2940904729166142,0.4413793103448276,False,3
-0.90499620290594351,-0.42541690780600661,-0.0015255420678299825,0.42399114673320831,-0.9016579387231447,-0.085114446655015219,0.034833607589280863,-0.07767506736595825,0.9963700134448098,-3.2699841606004645,8.3089879379695351,-1.3996166121289439,,0.07286623544153623,0.3076923076923077,False,5
-0.34586288050230252,0.93104984078207187,0.11629729949714596,-0.93692515790481468,-0.34936931013712069,0.010598755556700975,0.050498676969682535,-0.10529614956868663,0.99315789505512209,4.3748496614215648,-4.305618341571158,-1.3387096320952538,0.3068673000502922,0.2564974588683649,0.676056338028169,True,5
-0.29566697322855645,0.93919832941605463,0.17460681247865523,-0.9531971394887967,-0.30214431881907056,0.01113660072621602,0.06321593321496817,-0.1631419891611357,0.98457525723547856,-21.495647779763445,-23.207088071141083,1.5952444786193227,0.6393217256755227,0.6107375720211327,0.9285714285714286,True,5
0.99540071326924751,0.077029054005075759,0.056955639423643289,-0.080977692086608835,0.99421107438910739,0.070618361255290321,-0.051186261901015301,-0.074905703395265075,0.99587604760404846,-2.2748501151682028,3.6743113794192972,-1.230736201346962,0.1828284000884439,0.1612417694371231,0.6519337016574586,True,5
0.36066814511040951,0.92955090959821152,0.076508794055018467,-0.93259504359720669,0.35821827280448426,0.04411523191478247,0.013600505892779387,-0.087262680993129851,0.99609249105961584,0.44479529558707276,-14.300704102823854,-0.45434459373950592,0.5671945187858278,0.4901879230412365,0.9029126213592233,True,5
-0.56680305739371994,0.81966478787979768,0.082969450034929476,-0.82169203950277414,-0.56973203140807172,0.015086570365871254,0.059636283811986358,-0.059624222406663381,0.99643788855878912,-12.912755464281807,10.481358713409829,-0.8989376733421105,0.3991471303029702,0.365793375810359,0.9443478260869566,True,5
-0.21158904879598794,0.92131567259231772,0.32620163375644451,-0.97209986094312673,-0.23295954158916968,0.02741737290326739,0.10125183842262772,-0.31129934696097333,0.94490252502451766,1.2602066031619947,29.655531813193839,-2.5458444729170466,,0.3237874914738688,0.45,False,2
-0.84551193449697526,-0.5331606179270072,0.029143165834802663,0.53226569707646798,-0.8459183099516715,-0.033398212590037495,0.042459349251779528,-0.012726679857667476,0.99901713462828856,10.52408714027132,-7.042228294244989,-1.688101283844941,0.2515255523825206,0.1512149589796515,0.4375,True,5
-0.89808823636337376,-0.43904051267297478,-0.026094979164121207,0.43942472945183669,-0.89320995750231469,-0.095298892778944697,0.018531779512626266,-0.097053593702470076,0.99510661393517597,5.0878904149076796,-8.4912008454770795,-1.2001576903258029,0.8520436768507762,0.7648640912653331,0.275,True,2
-0.80160152096721793,-0.59753469359103439,0.019679724035450596,0.59625077181509167,-0.80142496887534664,-0.046936514283201225,0.043818017903030283,-0.025890330593068216,0.99870399623153172,-13.526847696146223,-1.6695728437678878,-0.17513962489235468,,0.1143317869950685,0.2222222222222222,False,4
0.91381808535880815,-0.40431445848175562,0.038292630280081862,0.40115637821212441,0.91332161551772428,0.070122655738540055,-0.063325090532057676,-0.048718018131893956,0.99680313383255759,-1.2411794010457271,-4.4201496289635989,-0.89102108835215299,,0.07966910839693361,0.3804347826086957,False,1
0.96940729621010679,-0.24545185421520715,0.0016974442339972723,0.2428656599483062,0.96014964936327707,0.13830734631772262,-0.035577595091356003,-0.13366389972574311,0.99038790210584815,5.8884776167171538,-13.617510356386413,-0.93593951995269664,,0.1517401091567801,0.1,False,4
-0.88981222496175372,-0.45449693135286307,0.04082577249046683,0.45504209028675091,-0.89045753717486498,0.0046979310273082414,0.03421842158950348,0.022757721311759356,0.99915523605925149,-1.8729031423165239,-5.3916049438373239,-0.82081487363919259,,0.08109397507132354,0.3295454545454545,False,5
-0.98913016997164183,-0.14559015603336128,0.020615851135785686,0.13995583863502817,-0.97516096764657112,-0.17167833413267228,0.045098448796353718,-0.16692691108621469,0.98493732606261708,-3.6534110657088688,-10.310061058721335,-0.28615286724940148,,0.7846564927950508,0.2666666666666667,False,2
0.078033583048037536,0.92684454722036635,0.36724643661247336,-0.99651571452434362,0.061633591763719763,0.056193692460457231,0.029448100494299054,-0.37035184035478674,0.92842464622773813,19.173626205164013,-2.504151672418351,-2.441872903525224,,0.6555513905892033,0.2340425531914894,False,2
-0.99120376252093623,0.1234349361038769,0.047738011200430655,-0.12474747157872172,-0.99185930064598293,-0.025557700537773995,0.04419467727064709,-0.031288085129875347,0.99853286687512188,7.1396092901034933,3.6096357962312418,-1.7949140584258156,,0.1269671718319937,0.3636363636363636,False,5
0.34633191375291844,0.92835197931692126,0.1349696559030778,-0.93806796808791515,0.34131795935888676,0.059418329381555432,0.0090935561608621145,-0.14718917459324066,0.98906655697122303,-17.139076505494572,-14.989706446848906,0.94584365136294291,0.8656824687899763,0.4965346487723087,0.8805970149253731,True,3
-0.63390126423623483,-0.75927885690375785,-0.14718968937607679,0.77331987186516937,-0.61927140224687638,-0.1359386116510882,0.012064948327316777,-0.19999636951232527,0.97972235312038725,1.8664608456471059,12.1049306835694,-1.8297523850083719,,0.632569195977463,0.2307692307692308,False,3
-0.84776121055100362,-0.52902691501884391,-0.037834548639340229,0.53014054305567837,-0.84735753520572721,-0.030597583870398275,-0.015872444478665378,-0.045997072903831031,0.99881546583468195,-0.43435099134837868,-14.48576096274039,-0.34343430784993106,,0.1324089472312706,0.1,False,4
-0.98898167239600632,-0.13962481643236338,0.049195145096109547,0.1392681179220657,-0.99019773781246412,-0.010622210764438977,0.050196045613614258,-0.0036538564979196105,0.99873270014426208,-14.571903444087834,0.33316477638390751,-0.20707423994553692,,0.0785668082721077,0.2521008403361344,False,5
-0.9816615733016999,0.1810197772210935,0.059769521979488663,-0.18141285110409389,-0.983406327327917,-0.0011716764491217085,0.058565629486198936,-0.011993149137873216,0.9982115163714762,-23.402512877658751,-14.868823303522881,1.314319803810587,,0.3496184449067766,0.8888888888888888,True,3
0.24709365277355608,0.94870236378625838,0.1972525074755373,-0.96794798013872241,0.23221410194311778,0.095672977397582099,0.04496036592809536,-0.2145703516451351,0.97567316745439647,-29.280073596853455,11.951312779515996,0.31551915244299839,,0.338308133497111,0.1866666666666667,False,4
0.33639784454210458,-0.94102601562889709,-0.036145927806964656,0.93910722024928528,0.33236014073097064,0.087260333078367142,-0.070100777906412101,-0.063299089747718834,0.99552956067312448,2.1022248985604848,-10.136027792161816,-0.8652720710071119,0.416379195118706,0.1835052053211833,0.4509803921568628,True,5
-0.84671120192963378,0.52025158333818333,0.11143801219058787,-0.52889481069024735,-0.84580293369742288,-0.069911920112107284,0.057882810503671944,-0.11813419226856922,0.99130918126750456,-7.4945609254266747,21.707493468313615,-1.8974383183782517,,0.1420521624662772,0.4,False,5
0.65213365899260101,0.74412726339180879,0.14490102375739178,-0.75804800839184217,0.64238654859148636,0.11270642910623996,-0.0092145418813946514,-0.18334158847827231,0.98300608042482651,-22.246971189793463,5.7160577014085243,0.1763388645103264,0.2494567127659719,0.2109140386743917,0.5535714285714286,True,2
-0.43235161540283334,0.89665395521349001,0.095308788989080392,-0.9000613301530147,-0.43552524309203083,0.014400159471804631,0.054421343439374936,-0.079557823183091556,0.99534359401596684,-25.178892737027692,-8.8488853161914989,1.1345840547900363,,0.3021253758508078,0.84375,False,1
-0.84342593476612882,-0.53690559923130088,0.019106807110594988,0.53649129606696155,-0.84359290599955239,-0.022980387107788436,0.02845666544547415,-0.0091316187672094012,0.99955331610195597,-0.010093035104257325,-4.7533640360537577,-0.98840816687788868,,0.07394594730899193,0.2162162162162162,False,5
0.80569530158611891,-0.58634428953579509,-0.083996756668440684,0.58886994895900491,0.77758841266649859,0.22042786507112583,-0.063931715252074431,-0.22706086103853163,0.9717798625045535,-16.854162885756629,20.77749556587926,-1.1778844978836382,,0.1711097196270694,0.2916666666666667,False,1
0.97269807986947421,0.22444678558142131,0.059009201489307141,-0.22769757191018664,0.97213621115719018,0.055722551118447802,-0.044858234076294232,-0.067637470377816991,0.9967010140641207,-17.260334795405342,0.15995960129804848,0.022554752192185737,,0.07030222532179525,0.3870967741935484,False,1
0.12123604841103126,-0.99198653717902741,0.035560239330462949,0.99178795516623797,0.12252598666308698,0.036661077171965116,-0.04072434840301125,0.030823572923960964,0.99869486571192068,-1.5917920275698374,11.492019922788382,-1.6160790773398375,,0.0697766312679081,0.3103448275862069,False,1
-0.79772434587346219,0.59728201605875175,0.083006393088421698,-0.60162135548048423,-0.79767245097335326,-0.042076187897527151,0.041080562685797059,-0.083503618190805901,0.99566035027938227,-7.6006937565753443,-13.407806292635252,0.20801509604930216,0.2994011552787387,0.2727341234474952,0.3076923076923077,True,2
0.18147583601193434,0.98086810876520369,0.070457605346341656,-0.98313149645992981,0.17930110392364632,0.036105052281082885,0.022781167929398924,-0.07582128552809618,0.99686114933256298,-8.2981499540366226,-2.0670745536025779,-0.54242743075851452,0.3999124527765091,0.3799974082237115,0.9499615088529638,True,5
