axis_00,axis_01,axis_02,axis_10,axis_11,axis_12,axis_20,axis_21,axis_22,location_x,location_y,location_z,dbh,dbh_approximation,score,reconstructed,number_clusters
-0.92207632192325628,-0.38570989698886055,0.031672257786926353,0.38404623254633213,-0.92205575110960092,-0.048183847009948544,0.047788574109795548,-0.032265573147740825,0.99833620838573212,-19.903838899414975,28.572524210647938,-5.748781412469171,,0.4173206059018379,0.3333333333333333,False,2
-0.2216336531018481,0.96340022610895537,0.15079299766880627,-0.96405660635640245,-0.23971948782720034,0.11458371130506539,0.1465379935487976,-0.11997737907238905,0.98190225835243616,-3.2586293469549874,-19.554995677062145,1.3559529584364423,0.2284164516849491,0.2303648877763815,0.4857142857142857,True,5
-0.66733981088781147,-0.74475174778629427,-0.0015527309744097911,0.74467274984231435,-0.66729679937004915,0.013322056627006418,-0.010957757366577392,0.0077340623056240954,0.99991005187154058,-7.3927887833120032,-14.485426751957529,0.75926542552106691,,0.1142334216516167,0.2307692307692308,False,2
0.73238980523701513,-0.67633907832282902,-0.078553321497651624,0.66068828798370383,0.67802799292956384,0.32213200232989914,-0.16460911064108791,-0.28782545394272141,0.94343009744051354,10.035812914173912,27.222801193408102,-6.8613591261590567,,0.3664569614468394,0.2941176470588235,False,1
-0.67650612088851536,-0.73483898531618408,-0.048488494097624554,0.73545704142744805,-0.67753544031721225,0.0069761973128343868,-0.037979054953481292,-0.030941764229652696,0.99879937855967749,-12.23192937265717,21.916208244157058,-5.0263810774925508,,0.2790707144963408,0.1363636363636364,False,2
-0.98020733134529869,-0.17798418257714907,0.086690358917662413,0.17802433201198975,-0.98399878271080243,-0.007330268436118309,0.086607879483415931,0.0082478103763843416,0.99620833605997428,7.8313807988188895,25.649231794400077,-6.4551437350530012,,0.1501744358200679,0.2727272727272727,False,4
0.61968780535989287,-0.7839694354118607,-0.037134192171731056,0.76792565604170437,0.59587498040165299,0.23499615853082967,-0.16210246969480924,-0.17414055263303063,0.9712867018792678,-12.857290062387628,-18.207117537705621,1.6892070637718826,0.3323094575489292,0.506922916315058,0.4615384615384616,True,3
0.99452250858187374,-0.048078333073583251,0.092808694705195746,0.015338349841373529,0.94544740549361284,0.32541348845667073,-0.10339107770093259,-0.32220750663859732,0.94100616773620449,-15.243031811920298,-10.468753097156194,0.48516619637374875,,0.1742742946398068,0.3095238095238095,False,1
-0.83561467317848792,0.50489733540097503,0.21639500612030138,-0.52437311793620911,-0.85052930622931544,-0.04040708392026196,0.1636488654243245,-0.1472364762892529,0.97546935825542835,-29.123533271724472,23.226903500416668,-4.5001724737160842,,0.569224631527244,0.5319148936170213,False,4
-0.77751227130734735,0.58880791755476003,0.22086173093434991,-0.6031641694161346,-0.79761125832964197,0.0030438985446488986,0.17795407469073232,-0.1308492140237478,0.97530037962175187,-9.5738027844701161,25.483110336838269,-5.6651932837621972,,0.3276001321704049,0.3636363636363636,False,4
0.24267011482632941,-0.96991844917892356,0.019220231854214911,0.95882859662225384,0.24281387223555886,0.14727235229117164,-0.1475091104629723,-0.01730969070571102,0.98890921572108792,18.709341334988093,21.23378234964915,-6.431257502675126,,0.1330379947147326,0.1875,False,6
0.95598515267442186,-0.29131277883935813,0.035060700947843471,0.27086911968955069,0.92213887111262482,0.2762061229982824,-0.11279320841553689,-0.25455209146268221,0.96045870544615519,0.29264126591260758,27.753780727082081,-6.4928804850003141,,0.4597825502883799,0.1304347826086956,False,2
0.33911520677350643,-0.94051870043437136,-0.02062645554141937,0.92658605449846609,0.33014131694457277,0.18012494123543235,-0.16260123045022357,-0.080195292750531208,0.98342745277764598,12.733994979409294,-10.229794430375646,-1.2961249182443029,,0.1275918351464809,0.375,False,5
-0.83512024658118023,-0.54926550582982014,0.029691376790277779,0.54997396501095863,-0.83475606296878313,0.026663704674769764,0.010139603558090599,0.038596883842744907,0.99920341722660055,-21.085617842334731,22.926696956861594,-4.8619414153520424,,0.1411998763908566,0.4,False,1
-0.47284653345152383,0.83676292054465828,0.27612310769736648,-0.87119380097759025,-0.49092140907428727,-0.0041870336439862321,0.13205119060840165,-0.24253656407661689,0.96111315574432399,-19.774197554164257,27.307505092033821,-5.6010285134877353,,0.4331414200060529,0.4705882352941176,False,2
0.79573348598603,-0.60439961787775998,0.038849983136914887,0.58179401725480562,0.78064485104168124,0.22827469861687838,-0.16829717991409082,-0.15904313393331182,0.97282133034881335,-2.9460339464918284,25.77205448944332,-6.0308127911020142,,0.657939050712115,0.8444444444444444,False,5
0.98596433984790022,0.1273838577639064,0.10792438709337367,-0.14639971697859072,0.97039390723461383,0.19210098300250764,-0.080258603382341712,-0.20520481861575776,0.97542274886327707,-3.2061372343884194,-15.231082370296505,0.71930793865680209,,0.07355850873686198,0.3714285714285714,False,5
0.9796590230112876,-0.19219547133775289,0.057698348588408728,0.15983488022829426,0.92120398419780747,0.35473374601311036,-0.12133016811567243,-0.33829590641233898,0.93318533529501957,13.851729737881648,-9.8437891412788332,-1.4346150438908685,,0.2951106656528967,0.2,False,5
0.77019383221638893,-0.6373147503737765,0.025127072488568089,0.61720866064375635,0.75466987120064266,0.22254629794347949,-0.16079468287905346,-0.15589513930209098,0.97459826364497937,-16.631610446955268,-10.212257135063986,0.536944081894136,,0.1488408598876907,0.4137931034482759,False,2
-0.56527839735755181,-0.82479679933386441,-0.013060370955307071,0.82350752118231518,-0.5651729288574,0.049141866497995401,-0.047913422305613712,0.017023521826019142,0.99870641515292313,-25.028006485848756,23.124583295202601,-4.7022136727029071,,0.8994315972379656,0.68,False,4
-0.41918056213928173,-0.9013998324053617,-0.10847118725350408,0.90440056696169591,-0.42505669176940719,0.03723470506682211,-0.07966976091317074,-0.082493338650076367,0.99340202248354881,0.13955181404843686,-17.504404880105302,0.75456822577871085,,0.1124296540724552,0.2727272727272727,False,4
0.21053417802746011,0.91576108922201616,0.34213591940807586,-0.96138425627013901,0.13049636887116453,0.24230354827644102,0.17724466614884155,-0.37993726479295048,0.90787223943869866,-4.9139659408714804,21.22373925008278,-5.1810216366553012,,0.3030809915715504,0.2727272727272727,False,3
-0.92197394351183826,-0.38361759236754933,0.052930051118005431,0.38518798528787174,-0.92254631419146804,0.023205907903109599,0.039928229050387912,0.041783262173531059,0.99832855089245953,5.9642809940841,20.343335088633534,-5.5284424509252288,,0.1319891782458534,0.25,False,5
-0.62427507953234174,-0.78118877690186184,0.0049719128575604482,0.7802530218194712,-0.62318799155476101,0.053309934566915768,-0.038546686193158784,0.037159413672959898,0.99856563678058241,16.748528674168266,24.178793988889087,-6.786616513283291,,0.4733931695261319,0.4375,True,5
0.20726789583506944,-0.97720014315215131,0.046042367223234723,0.96607592721683289,0.21186665939500476,0.14768148661541478,-0.15406921239573054,0.013870791621872422,0.98796269106254364,12.833420681567654,-14.592726958149735,-0.64944910989710358,,0.06360874102562199,0.4285714285714285,False,2
-0.9203244307309183,-0.39114791587835007,-0.0025000207669712976,0.38902802530735836,-0.91463343252164719,-0.11001308849008704,0.040744787706767642,-0.10222031117979173,0.99392699443019361,1.3032515827601094,21.455022320310047,-5.461497204555517,,0.1767706474288186,0.2068965517241379,False,1
-0.7299882611265105,0.66686738244940436,0.14968310807359875,-0.66397266397989885,-0.74388262694532936,0.076019331859413175,0.16204147649576983,-0.043892272144366321,0.98580729777227527,-1.7373364903426143,23.891646226634705,-5.7917669802560976,0.4959837841696159,0.2756695765179275,0.6341463414634146,True,5
0.90220182855092179,-0.42922009834952934,0.042449590483235947,0.40972176953166628,0.88362502434193657,0.22657203695194422,-0.13475879240782127,-0.18702118470786494,0.9730689309289724,4.8603555479112641,22.757685442853369,-5.8236197143468669,0.534974712956342,0.5980913811927285,0.8285714285714286,True,3
0.86836901292322466,-0.49292228784973963,0.054432302318787922,0.47150273692924421,0.85464347575589039,0.21741595713314998,-0.15368938305223748,-0.16313230056880296,0.97456011925799291,8.5466323085601079,-9.8453668920332849,-0.97629233028624385,,0.08568552590104787,0.2666666666666667,False,5
0.13454026785374876,0.92144228923202487,0.36447636952302853,-0.98332539393224838,0.07873458143433916,0.16392692071270185,0.12235230269116537,-0.38045364146135485,0.91667057372044214,-7.1337128218984329,21.365884494076383,-5.0992834859862839,0.6876010046825478,0.5107270515176614,0.1276595744680851,True,2
-0.59137001277975587,-0.80633784676669951,-0.010039166126360341,0.80473382974533803,-0.59090210691826706,0.056904861856903036,-0.05181670819602055,0.025572972279231318,0.99832913001701662,-3.0861359481425952,22.562723681964233,-5.4963214288346149,,0.212484644297453,0.35,False,3
0.23898316324513338,0.91977991179205065,0.3112747364454076,-0.96222380456616541,0.18126052225100653,0.20315012429114321,0.13043158210941272,-0.34806542048456984,0.92835233906708936,-11.677906906602489,36.576997968199386,-7.3979101737700228,,0.3375699736024559,0.25,False,3
0.90467161417877395,-0.4186089328801228,0.079597938491751133,0.40049581460209244,0.89911301997325799,0.17663204635845114,-0.14550729529950765,-0.12791535727789888,0.98105315268189686,-4.2428151198666395,-13.529516119699379,0.49402876904718546,,0.08087207298028773,0.35,False,5
-0.20943314071795566,-0.97757752951408994,0.021907381362037043,0.96991763063715986,-0.20484468278220386,0.13152355574214308,-0.12408686210961771,0.048793746781601768,0.99107094646488458,-19.003282602088678,24.734455437776681,-5.2329330986986902,0.2199426337520468,0.18173680429473,0.6666666666666666,True,4
-0.77605148839210436,-0.62961515332973972,-0.036453340888994379,0.63066498340721855,-0.77452833409212785,-0.048657357022834663,0.0024012639117066692,-0.060750459965692012,0.99815009670168564,-8.6284944913920434,-16.393778001910206,1.1469118600833212,,0.2702152333144244,0.4285714285714285,False,2
0.85119961461196159,0.46091390840724139,0.25103303591601261,-0.5238251725490829,0.77583133779340341,0.35170004819678696,-0.032655852283663279,-0.43086436883833867,0.90182564333532278,11.934430655288576,-16.357798644564852,-0.31694685454468124,,0.4035062878146594,0.1,False,3
-0.95257555381233672,-0.29377823374781331,0.079335765296207117,0.29839306662992021,-0.95290307199201052,0.054196984928878089,0.059677399962730276,0.075299965233751806,0.99537355960939822,5.0600725287086865,21.885583284395871,-5.7242888881771341,,0.1113367265730439,0.6428571428571429,False,5
0.9932075200695345,0.036951450787570374,0.11033318794460363,-0.061712418842303267,0.97116626347276924,0.23027736765251719,-0.098642787054896222,-0.23552214116094097,0.96684999952681838,-2.969303441857015,-12.323271169488715,0.2417340342862494,0.2339994531502275,0.1985450286337362,0.3218390804597701,True,4
0.77498363296886952,-0.63140168900804705,0.027060594009707548,0.60792601675160796,0.75650264822760183,0.24110101903797349,-0.17270300167309349,-0.17039850451929134,0.97012268444289695,-14.255763983630333,-16.199346665426397,1.4210156388071622,,0.2191947062418047,0.676056338028169,False,4
0.9877877662790896,0.11293606207627276,0.10733487164977012,-0.1368442016977679,0.9582342749791779,0.25111897323147864,-0.07449156496590037,-0.26274040446386587,0.96198673931146128,1.1916364862685782,-9.9602287659271944,-0.35174964369403133,0.205198601350406,0.1709627905965814,0.4173228346456693,True,5
0.71843075661279243,0.65437114241627237,0.23591450978181405,-0.69526489937183167,0.6650238385529107,0.27267198949989258,0.021539908408532385,-0.35991902162733108,0.93273486598099109,-0.67066718370894463,-18.777341672809087,1.0425328808898968,,0.6706679401380581,0.1590909090909091,False,1
0.60244014865946816,-0.79814918153335457,0.0048735306291765451,0.78035311052193224,0.59026848558017853,0.20647551387422924,-0.16767495394930754,-0.12058606448722889,0.97843963067200967,-2.7560881372076742,-17.053874533646258,0.93584303718235551,,0.5204873323850077,0.3469387755102041,False,1
0.61541941505841902,0.7177497811544904,0.32572103896100274,-0.78698824464614892,0.53664713317030166,0.30439999548106234,0.043685768368286131,-0.44367229585897999,0.89512370515437434,-1.0147052541232937,31.760501024804405,-7.0655341471786617,,0.4311444472147961,0.2727272727272727,False,3
-0.99280788948991539,-0.044035354217805585,0.11132556824688475,0.041411636937633306,-0.99880971851219913,-0.025772515044649447,0.11232796131295648,-0.020976982254209842,0.99344974473940095,-16.656591683392271,26.97296282737469,-5.6982517428415811,,0.3092475348842524,0.7115384615384616,False,4
0.92421751123260709,-0.37912119368188801,0.045706809473285169,0.35441071725368317,0.8961659551671548,0.26698244192282017,-0.14217958864315461,-0.2305508648879083,0.96261688291484993,7.1156288235060474,-9.424104374408719,-0.9263188640026645,,0.09509501294667563,0.3055555555555556,False,5
-0.55878829935318597,0.79925710213440548,0.22123227882406149,-0.80841296361141013,-0.58447680499732391,0.069680303423116874,0.18499761287917105,-0.13991050392244792,0.97272860249978044,1.6613602827857961,-11.840891027305593,-0.12139731572316874,,0.1706924346078456,0.2413793103448276,False,4
-0.55039663412707895,0.76251308429418696,0.34005490942162453,-0.8179300745729905,-0.57416506472040929,-0.0363987851944442,0.16749309911338273,-0.29817490627947729,0.9397009029550949,-30.644397444370956,18.893356733008773,-3.8083425392958552,,0.1882488350327513,0.3846153846153846,False,1
-0.49073351729837528,0.83167155743387888,0.25981346299888047,-0.85211964484752911,-0.52032976246645191,0.056116389375353959,0.18185908243716051,-0.19385396268096011,0.96402692664053868,-10.37000394479111,21.731244394237862,-5.0286635257951886,,0.6890799184322335,0.3684210526315789,False,4
-0.85769385520231589,0.49731668664616341,0.1305272535965967,-0.49044610985924225,-0.86754174761686664,0.082667584129506533,0.15434981072915058,0.0068868951752366209,0.98799226039616361,-13.971200661924433,23.600066142441747,-5.1397325092314547,,0.4746963801330152,0.4347826086956522,False,4
0.71893222333088536,0.63717806088188178,0.27774192515231799,-0.69409946263736488,0.63689438110793828,0.33554654413308838,0.036910624798725061,-0.43401574400468712,0.90014884309931009,-9.7950019656109362,-18.691151510392789,1.5273202624617346,,0.4256186082771954,0.2083333333333333,False,2
0.91353678327857701,0.375134353056915,0.15724109753369425,-0.40571097517405907,0.86804665071927722,0.28617060785195958,-0.029140182229097499,-0.32522181558378854,0.94518866923384137,11.079543416238375,-9.2606238448785483,-1.3092923709526034,,0.1781675886301636,0.4090909090909091,False,4
0.86647911008792999,0.47045535608498329,0.16699014854828786,-0.49683085181877373,0.84530885836757874,0.19649946220366926,-0.048714027366450717,-0.25322853689158176,0.96617920265419122,-0.2806363912014882,-12.186454293356425,0.095420992469447727,0.2104805748691967,0.1640628402822092,0.2564102564102564,True,5
-0.23745675720921564,-0.97000360872509772,0.052031601128268268,0.96515071366138128,-0.22952582074725303,0.12570599639327731,-0.10999267418610367,0.080068075227193447,0.99070213230556958,16.151372605358034,20.690006453993448,-6.1860440616768875,0.3375758778211355,0.2753831366643274,0.926829268292683,True,5
0.99533038944208185,-0.069557024725541053,0.066927095891005234,0.041385676129075857,0.93390407707678025,0.35512026220803922,-0.087204596578463661,-0.35069216576749723,0.93242177323617337,-21.693245779239746,24.685714868728098,-5.0728858230484342,,0.2772452092183326,0.52,False,5
0.95782722927843555,-0.28306342212049024,0.049417587053934973,0.25511919045769732,0.9168702830440224,0.30702293518723395,-0.13221647973306982,-0.28146755253174821,0.95041823391535551,-13.200160599625413,-11.835311544483604,0.60552753282396621,,0.1233310858103875,0.2244897959183673,False,2
0.67326884100981788,-0.73830298321148635,0.04022154529997074,0.72035742725712471,0.66722553420858377,0.18946045364552372,-0.16671606017655932,-0.098583931150523191,0.98106419963125546,-17.930452186748397,-16.169043584860347,1.4702985740265841,,0.09780298796560394,0.6666666666666666,False,1
-0.53628036066884366,0.82465167824581631,0.17986935349651798,-0.82149184738983694,-0.55889279336726672,0.11309283882796656,0.19378988475389936,-0.087111739096944793,0.97716785941749951,-23.644867995533406,22.962003567432905,-4.7805697601718613,,0.7352001980227679,0.7978723404255319,False,3
-0.38319320305262222,0.8696977786520691,0.31110889241860118,-0.90732742729602733,-0.41749546227582857,0.049542695278566459,0.17297372289063051,-0.26329320687543206,0.9490820714788617,4.4329537349886152,-16.278741379947135,0.28318436473011105,,0.4982023128856163,0.3636363636363636,True,5
0.32794129307136888,-0.94399705535680689,0.036387742116760491,0.93114957113093366,0.32949821033568449,0.15617748098960885,-0.15942077807286348,-0.017334614597916909,0.98705852240654124,-19.785168049287684,31.319492120488995,-6.254045549432286,,0.0919330367317849,0.2941176470588235,False,2
-0.18806642407859539,-0.979649466968605,0.070128040058309277,0.9759854610965697,-0.17841636716832057,0.12497991700500141,-0.10992451893189203,0.091948473584877871,0.98967776490280179,-10.976783927735665,26.948671379908099,-5.8314674166806588,0.6653813523757103,0.6359793701553398,0.8611111111111112,True,5
0.63177511795862773,0.73145139077713983,0.2565912376885699,-0.77386964820378357,0.57614113532909272,0.26303452201309718,0.04456419995149033,-0.36474683701424226,0.93003966419222772,-8.4174193751299189,24.734998406855091,-5.5748597114759031,,0.3078298450467452,0.1612903225806452,False,4
-0.89458410672984023,-0.44672559888888858,0.012470576720374424,0.44563817956219343,-0.89380676688831218,-0.050160506189214776,0.033554268027617226,-0.039315426514636959,0.99866331079854165,-19.564790863404674,28.096927478647025,-5.6984720166922429,,0.4638790169737887,0.4047619047619048,False,3
-0.15807989300073705,-0.98487660823923284,-0.07091413097585765,0.98119278568861101,-0.16473330036345121,0.10061638566351511,-0.11077664348363234,-0.053675006237079409,0.99239484529291588,-6.1089153611586244,22.974605115631434,-5.4154612472415575,,0.2177783031370556,0.3333333333333333,False,5
0.89393949483099577,0.39137284835154312,0.2184020905451764,-0.44402634382800815,0.83962094778248086,0.31285343218762907,-0.060932631389387565,-0.37664832087512073,0.92435018083728238,-1.969330758956608,-27.588970976804088,2.4047735763452018,,0.2781681250027712,0.2,False,2
0.3368413872869126,-0.93961605657025049,-0.060494181918594625,0.92743465279012161,0.32001436716980519,0.19353493123716844,-0.16248952155352869,-0.12129497532989936,0.97922657457047413,-22.863714227405641,24.95850193683351,-5.0979316596244235,0.4230173262145704,0.369968318493875,0.1666666666666667,True,5
0.38816566977816852,-0.89709041492624408,-0.21108339644113533,0.90704084863543333,0.33134459027942603,0.25978387440192052,-0.16310828216978843,-0.29230044464560595,0.94231424607059944,-24.407757832797689,20.266715191692718,-4.2927385168721326,,0.6418442278425576,0.4634146341463415,False,1
0.67531067913195109,0.72426951426733266,0.13924495449856111,-0.73700994806732378,0.65558345348316793,0.16439790743463073,0.027781704413972624,-0.2136445792011733,0.97651634429630008,6.7776911208842598,26.72146358225379,-6.6351033197729761,0.3568687258529361,0.2773355381526808,0.2916666666666667,True,5
0.3896501045989969,-0.92096128434356372,-0.0017631580315528583,0.90639282571818536,0.38314572471350639,0.17790840092689658,-0.16317120295136059,-0.070920140820612487,0.98404547260448827,0.075832642275002138,21.308340425969003,-5.4105079156898013,,0.1097547947031049,0.3333333333333333,False,1
0.94989948806286362,0.28215136466757823,0.134467728448631,-0.30683283310800746,0.92374615892864664,0.22923055291886291,-0.059536334324722454,-0.25900509894748647,0.96403930605260069,14.346629025537716,20.708238979986891,-6.0749910968059044,,0.1173770557002564,0.25,False,4
0.98951411752186602,-0.10981582787951283,0.093820547707097884,0.088373270218368147,0.97410392531357526,0.2081146506125798,-0.11424524644742963,-0.19764115622972378,0.97359436986269798,6.2714944013856115,-10.946511910511427,-0.66606207437036113,,0.09117590116084003,0.2439024390243902,False,5
-0.63594740808430661,-0.77152070253257221,0.018074836499948774,0.77068381819238307,-0.6336885999580667,0.066971715369973137,-0.040216247055929619,0.056520472811477929,0.99759114351817735,-8.2428395128929228,-16.383729512583475,1.1060721690657178,,0.1703465992297298,0.3,False,1
-0.99172345032128351,-0.099622101050270445,0.080994043393200307,0.095107039691843309,-0.99378635364804935,-0.057821572998055515,0.086251081639038246,-0.049639906176835599,0.99503599464082315,3.5765087965782643,-14.623078457139576,0.1070829771161413,,0.4954069325060285,0.8269230769230769,False,5
0.33604742904412055,-0.94145085154841235,-0.027247376967461268,0.92536808288568895,0.32464262236629882,0.19570661439920345,-0.17540249886846704,-0.090980557603824716,0.98028388823278922,-20.076441928666394,23.76042876144642,-5.0031860387612896,,0.2828279593153528,0.3846153846153846,False,5
-0.97632798442728597,-0.19461828233051073,0.094378975449379676,0.20451488258614947,-0.97267274205614829,0.10991542049115363,0.070408306505173907,0.12661540602823665,0.98944995291898319,-6.8122575882489684,-15.101174244792627,0.85668344911481009,,0.07689482456213823,0.2916666666666667,False,5
0.22083978921222691,0.93999814728928355,0.26006397403987869,-0.97108076559299195,0.18711574646165927,0.14828973033027487,0.0907300071422283,-0.28529139580227708,0.95413672253255233,-6.1378228364587377,-16.363652385231703,1.0087759243039993,,0.3060919196758103,0.1515151515151515,False,5
-0.9595196777856525,0.25958581992850466,0.10925744841503499,-0.2627777706588017,-0.96472938113150486,-0.015654533822971467,0.10134017559540948,-0.043731261972073956,0.99389020798910277,-11.199760528117805,-15.896285131878248,1.20353219860564,,0.4471924779408749,0.1052631578947368,False,2
-0.48214533280638111,0.82935337388922781,0.28232757440883988,-0.86016389915471325,-0.50929521561508695,0.027137611216592153,0.16629475230440946,-0.22976371465080603,0.95893414309110858,-8.7362560498536475,29.15642530723202,-6.3134116238500653,,0.7323716495861172,0.1739130434782609,False,1
0.68073190857564869,-0.73224974253811426,-0.020356404393217925,0.71387965258127684,0.65691062305952519,0.24257838927237968,-0.16425562479681008,-0.179662872804628,0.96991821400476763,15.409495756394895,-12.470151819492948,-1.1918658687818648,,0.1351223011901001,0.3,False,4
0.83598233191629057,-0.54454445033406362,0.067859283330829689,0.51486077233215444,0.82111247950395505,0.24635884623127474,-0.18987344689908253,-0.17101355973501042,0.96680010164946806,-5.3432842278149622,23.729453356920189,-5.5801392007894899,0.7730126850926418,0.3587479452612667,0.1612903225806452,True,4
0.9873894283948037,-0.14550392166273207,0.06237568015621274,0.10843070239461779,0.90866121826100554,0.40320909365568258,-0.11534686589758063,-0.39136095769659085,0.91297957333032109,2.1898186083131903,22.541598721818392,-5.7145809847045985,,0.224571015048767,0.625,False,1
-0.9340216365706856,0.32874252300143703,0.13975670283914465,-0.32901396807801309,-0.94407273184108265,0.021828554777559891,0.13911646641350367,-0.025593564909297359,0.98994524000464568,14.784192030763201,24.711047930584535,-6.6912870941840952,,0.1688838155811707,0.375,False,4
0.90864882618233378,-0.41090185319378952,0.074276360434383237,0.39247844886203959,0.90116866245493421,0.18399920920491566,-0.14254114443316523,-0.13803879473211964,0.98011596930801481,4.8858696146871674,-12.699637318149737,-0.28423803315512192,,0.0852929919082857,0.3461538461538461,False,3
0.71142468814650306,-0.69342178656013376,-0.1141978065437478,0.68299382215568105,0.64395165886473238,0.3447400469085854,-0.16551239226361542,-0.32325297673666065,0.9317259044579923,-15.663545566192143,-11.581624080803566,0.67421566943439948,,0.3783649146295784,0.1111111111111111,False,1
-0.78991664012182172,0.58565644659986493,0.18176421048895139,-0.59910271268819149,-0.80028046617439696,-0.025042266457736911,0.13079618231547405,-0.1286767345548892,0.98302322285691091,8.4433389111077943,22.749254465302155,-6.0766588609606194,,0.233435285957597,0.2,False,5
0.97729192004574883,-0.20430974552764286,0.056196360164371496,0.17877515962995613,0.9373756292021912,0.29894208816605328,-0.11375388042865921,-0.2821071740672797,0.95261513583776125,11.285229158660295,23.718697409981274,-6.3497962628104219,,0.4816782761964611,0.2391304347826087,True,4
-0.90422891020830454,0.36916669967280785,0.21467656089147003,-0.40104533791278174,-0.9068106499343348,-0.12983482623738557,0.14674029740301361,-0.20349543734038922,0.96801698957183557,-7.2590741806987191,-8.87460280248456,0.0042284935846633089,0.8980409932052411,0.4203623217071293,0.2058823529411765,True,1
0.38946287009255759,-0.92101039705571319,0.0076499238261104746,0.90618481836485953,0.38465303604530154,0.17570178378769741,-0.16476573607493294,-0.06149707616146971,0.98441371477609774,20.961772365067922,21.085843628016985,-6.5302903846000744,,0.395182173944786,0.4375,False,3
0.9421219222823175,0.27616063530467255,0.19010940813960508,-0.33139701116906439,0.85299989833971568,0.40319622322220039,-0.050816380659019278,-0.44286169053165464,0.89514871307295263,-35.536580707463756,18.726366598136774,-3.5111951282824081,,0.7281934445710252,0.5476190476190477,False,1
-0.59742880843245494,0.77386526351095808,0.21026500609015419,-0.78419363051506163,-0.61860944343451929,0.048607677924803666,0.16768771187712006,-0.13584885139282557,0.97643531319830201,-17.240350522295845,24.833638836881974,-5.2798574479803104,,0.07885801610469538,0.4666666666666667,False,1
0.99113431351001691,-0.094954461655833669,0.092932356015973508,0.073139726085329607,0.97386816445958579,0.21501483372149244,-0.11092048075622374,-0.20631153255154905,0.97217909794699908,-8.912504442623181,-12.498427346799534,0.5970623775690308,,0.0689574796837174,0.3043478260869565,False,1
-0.14097895411573932,0.94722034468704863,0.28792108833390756,-0.97575755175511192,-0.18211789983925061,0.12136832680321226,0.16739813227543165,-0.26383079647586694,0.94993219554955999,-3.2728238815399568,-9.3875436538533066,-0.15672193662997794,,0.3565722675506018,0.2136752136752137,False,2
-0.95632476415221557,-0.27565288052720549,0.097254485378644437,0.27319336583002313,-0.96120734958310328,-0.038023886885616476,0.10396312007473626,-0.0097939044553789836,0.99453293012340549,20.837791513474698,-13.010978069854406,-1.5807628118348056,,0.6767189398276303,0.3404255319148936,False,4
0.17554045865530121,-0.98179792520790876,-0.072514698044827464,0.97016197425378004,0.16000548981387377,0.18216472474502518,-0.16724619902136773,-0.10232828195014491,0.98059045050726323,15.964481589092275,-18.191732132943613,-0.47110974573390679,,0.21045354763798,0.2727272727272727,False,6
-0.029453153808620885,-0.99950389245420879,-0.011157091897598823,0.99203867877405616,-0.030596798814402082,0.12216012327489072,-0.12244089001208387,-0.0074702658049592696,0.99244769312133152,2.1061092896330234,-14.363501750747989,0.15437714634176392,,0.2655230237531966,0.2752293577981652,True,3
0.0018121201020451401,0.92684822740497075,0.37543185743487695,-0.98741838810580751,-0.057704700175974413,0.14722463926983204,0.15811907870736863,-0.37097510824025232,0.91508241487576869,2.5596672162258596,20.961003440803843,-5.3966204413542984,,0.7311299219833245,0.6470588235294118,False,3
0.60770259990338327,-0.79408712110984703,-0.011099286379925827,0.772836303959056,0.58810688204764328,0.23844148668196358,-0.18281574700658038,-0.15347944284390219,0.97109343694144667,-0.1187679915695494,-14.4873959716043,0.40661447606613965,,0.5043913613679808,0.603448275862069,False,3
-0.65025236349693927,0.68560368428095053,0.32729108125189171,-0.7410919242138202,-0.66723987605733692,-0.074657267992128989,0.16719636249543007,-0.29109884214709231,0.94196966005754146,8.1415521480503958,-10.97586017098933,-0.77361462023496008,,0.4015849318221559,0.2647058823529412,False,1
0.95479240754901507,0.26271892017742066,0.13910509504531235,-0.29061013898794619,0.92341453264457984,0.25070171123907148,-0.062587583466386598,-0.27979344145566087,0.95801796669699013,3.4035348171609381,-10.623019774822632,-0.44160429751624064,0.8314806791104583,0.7022457354375088,0.3901098901098901,True,2
0.94149196844075289,-0.33154188111906785,0.060604079281737742,0.30482523591335525,0.91434785017900155,0.26655127916295279,-0.14378612211171382,-0.23248223574516147,0.96191348943187582,9.5201224457320883,-9.9901032979071438,-1.02936519575039,,0.1847670013112371,0.5714285714285714,False,2
-0.9924715287530943,-0.057815603622984026,0.10797046166524378,0.067085261053675696,-0.99418025191389137,0.084292315508545324,0.10246868967570565,0.0909009498418029,0.99057416933513975,-5.1873655439602047,-15.626524544646099,0.88340123685341387,,0.07392403996169088,0.3333333333333333,False,2
-0.86985180987770194,0.46812018646802889,0.15563200144451078,-0.46882097162421738,-0.88261969377659255,0.034487283497530982,0.15350806303843229,-0.042964720164944369,0.98721289872212326,1.1633684692669466,24.507289431312593,-6.0110404576834631,0.5662526252508524,0.268354863017048,0.3529411764705883,True,4
0.46947515173099014,-0.88057793142241547,0.064618794471760069,0.86769598142057225,0.47367260230314412,0.15079107949065754,-0.16339144938996686,-0.01472319663616814,0.98645144925995165,12.388773627277782,-12.495124006807879,-0.95508726408422306,,0.2414110558243728,0.5365853658536586,True,4
-0.53627140175282517,-0.84368630967181801,0.024625079378763709,0.84190518594376973,-0.53260733418379591,0.086747250415320637,-0.06007196969509121,0.067252051611685404,0.99592596110904397,-11.97921997519016,22.704413475684923,-5.1392649162754864,,0.08087585152594493,0.3125,False,1
-0.99286194921824034,-0.081252311460511581,0.087311005474006387,0.072509266707411132,-0.9924392810742928,-0.099028680806604763,0.094697180718918264,-0.091990952071749538,0.99124674461045448,7.4219830866199024,20.146342777053384,-5.6007572695232319,,0.4562991171474786,0.4594594594594595,False,4
0.56083262234029641,0.79927654500646172,0.21592539063630328,-0.82754205830218841,0.53319562818910693,0.17571728378563517,0.025316229179800392,-0.2772353272628823,0.96046845958498772,8.6652507663666292,-15.043253183652332,-0.25221655858464354,,0.1168114425790361,0.3846153846153846,False,2
0.95927174812539817,-0.27626953307656515,0.058930962507832932,0.24987782390490015,0.92717352245560158,0.27912422391799685,-0.13175274710227008,-0.25303044154988324,0.9584449954379628,-11.904404118382867,-16.250505795571026,1.3147077159904423,,0.1627656416260184,0.2083333333333333,False,1
-0.97868331917775087,0.14497112399426437,0.14547279460800022,-0.16508049361112548,-0.97667859166841353,-0.13728568463504576,0.12217770415394529,-0.15837393025509491,0.97979095057222632,-31.046291379025902,23.326898757266836,-4.4396856635100335,,0.1601237491892824,0.2105263157894737,False,1
0.24275744506714814,0.93730847013088991,0.25004330561997018,-0.96427094388911083,0.20496623815082482,0.1678403646013181,0.10606775964294991,-0.28185399241307657,0.95357640350689044,18.331526693953304,-18.256997238271971,-0.64956511641529979,,0.5033919724341784,0.3846153846153846,False,2
-0.43948698942487741,-0.88164166863722804,-0.17192775880823413,0.8954247907726669,-0.44517123337998005,-0.0060841631038095201,-0.071173240729813597,-0.15662228798453973,0.98509077181268156,-6.0674259817120477,25.007614901455828,-5.7255579752922747,,0.4621320181984774,0.1666666666666667,False,2
0.79584270431794379,-0.60543039303627566,-0.0094036786335466305,0.58381681522775164,0.76312722887574169,0.2771186727843461,-0.16059986376466123,-0.2260328996769557,0.96078968147165289,-8.5816347946475489,-22.215660232856099,2.0979642942137047,,0.3717982448099159,0.125,False,1
0.60153436572213925,-0.79789384860964185,-0.039010424326827053,0.78149310959695883,0.57764141157755611,0.23579423080975842,-0.16560472972636037,-0.17232471088495652,0.97101970500637991,-22.054751551966834,8.6551797158060797,-2.2852523733095196,,0.2756365283634069,0.119047619047619,False,2
-0.89698964071089715,-0.44181603841703482,0.014428189588864257,0.44101759572239357,-0.89664585493223037,-0.039111265590475536,0.030216960809691891,-0.028719314586641204,0.99913069027485013,-7.2456386815616751,24.131383948530239,-5.5082946789567995,,0.3349082896262177,0.35,False,3
0.18656308687222942,0.95781462033965525,0.21859864519320765,-0.97785861424781739,0.15956740197239358,0.13539119162308391,0.09479844491363254,-0.23901756690959242,0.96637666442778658,-0.19239034081307513,-26.026519453643118,2.0510862459201697,0.4614158120933239,0.3883584806695287,0.3478260869565217,True,4
0.91672731730003754,0.37568602288544672,0.13590819667846352,-0.39758444257260839,0.89127967373766293,0.21805309951090773,-0.039212711460757561,-0.25393021756104794,0.96642734226081095,-12.098121678057764,-17.311618050525134,1.5037991037314844,,0.568115595433536,0.6363636363636364,False,1
0.84065483619784387,0.51313562201332841,0.17317990587297014,-0.54097796684376587,0.81060703496491682,0.22418535691470079,-0.025343357448486661,-0.28214901787243712,0.95903578971113357,17.724536467998238,-10.524842317353961,-1.6506342214618517,,0.2509719243629633,0.4,False,4
0.36270806375924758,-0.93016379089281709,-0.056905031376157295,0.9185012175832723,0.34650627358654473,0.19049649777151506,-0.15747499414847982,-0.12136195646523887,0.98003719405993261,17.632412784098932,-14.689175648673036,-1.0678672456009193,,0.416628275251467,0.7333333333333333,True,4
-0.88453731805982827,-0.46464496095021901,0.041216419338615189,0.46570735498412569,-0.88468687429163761,0.021113833611705726,0.026653188800152453,0.037870763388962655,0.99892713087948592,-5.822984628267343,21.786212298263862,-5.2547622216159775,,0.07896214629932477,0.4615384615384616,False,1
0.82727579695942477,-0.56076983019700088,-0.033940437622043809,0.5392013208146601,0.77559233914167613,0.32820490413226555,-0.15772346495330042,-0.28981670242684515,0.94399660359429016,-1.7614258133014649,-19.310029485561074,1.1978795534087836,,0.2890662397015853,0.2121212121212121,False,1
0.58654388833593663,-0.80414722481074219,-0.096506517318479632,0.79236702391656533,0.54507447309731205,0.27394948108600803,-0.16769247587582942,-0.23715197575999558,0.95688984419721235,-31.772768067440396,19.192558629993393,-3.7753357154801512,,0.4665523258602607,0.3793103448275862,False,1
0.75014909138960517,-0.65889969840601259,-0.055924307128616346,0.65390650112008919,0.72655511806622719,0.21100698615129804,-0.098400347968048169,-0.194855966940294,0.97588345803560517,-4.8368772210000213,-11.733402651057757,0.24611907572984768,0.6607811570929717,0.6684330073444764,0.1428571428571428,True,3
-0.99105944850279304,0.07289065957672923,0.11175026299659972,-0.073985955265857814,-0.99724310621661694,-0.0056802752426378111,0.11102814038223971,-0.013897440408326998,0.99372008794899547,29.508735764207913,23.989989975914224,-7.5827996133344762,,0.4260653628129125,0.4666666666666667,False,1
0.18802794066323686,-0.97555262178520774,-0.1137654414044551,0.97043091914808421,0.16668083881428503,0.17458902924746342,-0.15135826601592528,-0.14322911750120698,0.97804708230661297,-17.247069803137702,20.449982342344022,-4.5329919025345689,,0.3071358220787594,0.35,False,1
0.44759503141302709,-0.88856093994295104,-0.10058898479490336,0.88533076186017845,0.42448941712201743,0.18973185514163043,-0.12588935601728304,-0.1739775582053838,0.97666968791011666,-4.5194937245441178,25.354389691092809,-5.8866651057520523,,0.3135112235240686,0.1111111111111111,False,3
0.99251539850333981,0.06179688912085015,0.10532961705400742,-0.079135463525714822,0.98237745925124642,0.16932839681411394,-0.093009473422489358,-0.17639634931044665,0.97991508091447421,10.996967422426302,-11.798605577545551,-0.90683118538529506,,0.09444236143233893,0.3235294117647059,False,3
-0.00097325843612582476,0.91311610302488055,0.40769846107714475,-0.99083359984233221,-0.055954359706270336,0.1229548171213561,0.13508452980079297,-0.40384166702622071,0.90480057348676668,-9.4062214461792557,26.635086574158827,-5.8478749954771709,,0.1495651495767765,0.3333333333333333,False,1
-0.088121389012643075,0.96592271344390046,0.24336789527720631,-0.98621923917302523,-0.11894603778153608,0.11499327102511267,0.14002225924282205,-0.22988073374958645,0.96309325361944564,4.5829366259908424,-15.416272521256206,0.13055890901025546,,0.1067638668041897,0.25,True,3
-0.83899428273071175,-0.54377011589800739,-0.020066255292051374,0.54371892033921365,-0.83632355412901604,-0.070232816219845839,0.021408624671800533,-0.069835333931172652,0.99732878075606712,2.620770470676705,-15.463347459264929,0.2817729838541837,0.7579757838144356,0.3896842305830457,0.4054054054054054,True,3
0.72045981721048613,-0.69098407999671463,-0.058980106613391786,0.67353604565616343,0.67693009055487674,0.29684145213097368,-0.16518730879487006,-0.25358756612353944,0.95310361415779343,19.535750108128216,-10.067273480084925,-1.8868692877139968,,0.1063988484999708,0.1666666666666667,False,3
-0.81488806403526248,0.56395629636025857,0.13383100869560383,-0.56430660097437557,-0.82464453108824642,0.038980218611420051,0.13234614913026294,-0.04375720674205686,0.99023724615292263,2.7900754313372116,-7.7411430329644082,-0.78842534711251577,,0.2026335018979099,0.3977272727272727,False,2
0.69492867049301676,-0.70648751121648978,-0.13397589119666237,0.69963227283425777,0.62125929890785014,0.35291863981560789,-0.16609884326984459,-0.33898713842217998,0.92601236182286628,-10.079003700469391,-15.778479553315275,1.0510404419725461,,0.3722747918324693,0.2222222222222222,False,1
-0.89467581415915354,-0.44499481570047422,-0.039176543471287822,0.44665716582845716,-0.89253459453740258,-0.06228461903267557,-0.0072500877751031645,-0.073223026116492396,0.99728923822209059,-16.351572055392602,24.221428083985767,-5.1425979237397188,,0.5299237458651034,0.2222222222222222,False,2
-0.39857112192272964,-0.89162986259062438,-0.21479583074603847,0.91329871966553866,-0.40726973830619734,-0.0040998679599763832,-0.083824277071407979,-0.19780684618239547,0.97665036844145503,-14.016913271947963,19.552825249123398,-4.5861560687908884,,0.432279858764979,0.2380952380952381,False,1
0.90950103985884778,-0.4137617236225114,-0.040113520920045373,0.3893385207706424,0.81402986941119926,0.43101147078762769,-0.1456824448579947,-0.40762311977035148,0.90145439013234774,-12.437209338101239,-10.085624156595099,0.26423293621268823,,0.5415080223108357,0.3409090909090909,False,1
0.97825318659896932,-0.19071020984059284,0.081549486641667362,0.16782066994910427,0.9588195358830085,0.22913166596288365,-0.12188898903016723,-0.21046309289671133,0.96997338153248036,-6.1994897738533163,-11.704314967864523,0.31214039621294004,0.8490308024073236,0.7762150199226163,0.8571428571428571,True,2
0.82888729668400873,-0.55928825653002467,-0.011937148046356524,0.53676982343212432,0.78914196181878193,0.29855170531994879,-0.15755635832463694,-0.25387321679217928,0.9543188061371678,-10.777938826288414,28.839024273586393,-6.1485710481098206,,0.2126336785806693,0.2105263157894737,False,1
-0.54560178044998975,-0.83589722634692465,0.059954350595428911,0.83601292351006673,-0.53790601178640318,0.10834903879683168,-0.05831885538959599,0.10923804039602841,0.99230336169766309,-7.772278597625923,-17.658552895495262,1.3065873401909498,,0.777790420084524,0.7333333333333333,False,1
0.7916392648004813,-0.61008944469241044,0.033138254345391485,0.58941284195179944,0.77684594449571676,0.22159169718845775,-0.1609340739820399,-0.15588857557712282,0.9745763058047735,7.6954866664262251,-18.704821791901704,0.33197777735285816,,0.1845290765292097,0.3846153846153846,False,1
