axis_00,axis_01,axis_02,axis_10,axis_11,axis_12,axis_20,axis_21,axis_22,location_x,location_y,location_z,dbh,dbh_approximation,score,reconstructed,number_clusters
-0.71107364270134887,0.69728666524391303,0.090363605109901435,-0.70181866226486112,-0.71168229229906421,-0.030965789586426533,0.042718145467658009,-0.085437821256004923,0.99542731464775036,-24.094079618428907,22.018633172715361,-2.9778075074558124,,0.4307778234339507,0.5217391304347826,False,1
-0.034923680529588767,0.99764897583154,0.058964884130700342,-0.99700201956395185,-0.038855782790451522,0.066911890790375628,0.069045706048016742,-0.056451299064068823,0.9960150306648542,3.7456207351448216,-1.5021227366375101,-1.179487513707165,,0.06523904097522157,0.3181818181818182,False,5
-0.66331340152203377,-0.74438242765600904,-0.076877387821233753,0.74560086131875791,-0.66617172732105567,0.017163487955767408,-0.06398974106836075,-0.045935074997525534,0.9968928136580063,0.17360515285081199,-4.9012021842199971,-0.89836082975631226,,0.0790456012419162,0.2377622377622378,False,5
-0.9985672783545646,-0.053426209654942138,-0.0030051158818944507,0.05342898474913111,-0.99857128923426752,-0.00085082647461702521,-0.0029553660068688571,-0.0010101677677334438,0.99999512267452906,30.729897284547281,0.77445782679885411,-1.1405690400585675,0.7092575294221258,0.6175909627661701,0.9459459459459459,True,5
-0.85463227608875614,-0.51284473284043952,-0.081203156743891919,0.51734813555039427,-0.85436688782857595,-0.049072676966386619,-0.044210624400543158,-0.083949395351810022,0.99548878432164278,3.3341566724062086,-12.051669664020858,-0.34029292805543432,,0.3993845915609345,0.4117647058823529,False,3
-0.45130984864426998,0.88912570896863607,0.075992724439298942,-0.89030857634290428,-0.45441425664745527,0.029297137160695045,0.06058101523545327,-0.05443488777026715,0.99667787353110282,-0.54876690632920633,-2.8980847191107206,-1.0444049346212008,,0.1123882997899073,0.3490566037735849,False,5
0.50269359447446582,-0.86287447925045402,-0.052409761806348772,0.86276003558942693,0.496974004349439,0.093069651286622396,-0.054261137696064235,-0.092002565503036191,0.99427926503411856,-11.12059903864742,7.4765685144341756,-1.9398883486210794,0.1788899709239612,0.1431739479950028,0.7475728155339806,True,5
-0.55894112836130705,-0.82301490985815462,-0.10114975619032703,0.82649451564844045,-0.56281122129622319,0.012261516468353294,-0.067019628686219218,-0.076746252900240078,0.9947956483803766,7.0848741152778434,-3.1049699005590385,-1.022430175298717,0.4678917752260796,0.1814523852438819,0.3333333333333333,True,5
0.58202061547218553,0.813139182914283,0.0075281056628412214,-0.80918361070478961,0.57822368418082837,0.10430366829171941,0.080460470618420502,-0.066798504937178232,0.99451700458364223,-0.90966497465964136,2.744289677182314,-1.5108136041714628,0.717531383697362,0.6840077972477727,0.8700729927007299,True,5
-0.025102482760862396,-0.99723565661384295,-0.069935045129020157,0.99545452558560243,-0.031364021052483204,0.089925445089599071,-0.091870304507951361,-0.06735980523559193,0.99349006224936098,-1.6698331880594566,20.120168727861852,-2.9729793573437875,,0.125387199995936,0.1176470588235294,False,3
-0.85575612232551901,-0.51650001158058911,-0.030152896040731396,0.51549446614259431,-0.85615944439336877,0.035446595780127522,-0.044123853852011938,0.014789990307272044,0.99891658395881933,14.105773847697909,5.465837086413174,-1.6160778986318622,0.558592477245644,0.4994518645867153,0.9433962264150944,True,5
0.034485054721159605,0.97867163045137096,0.20251572963731643,-0.99682505319702952,0.019131066532198225,0.077290462620431266,0.071767641173569999,-0.20453811880184242,0.97622413596334812,9.3562035830627384,12.947051511259104,-2.2129906043257623,,0.6056934595407578,0.2105263157894737,False,4
0.80404545311239806,-0.58395184979973525,-0.11185323618361388,0.59349724588282737,0.77698296392225374,0.2099011503162618,-0.035664106028033153,-0.23515465313290834,0.97130343387180706,-12.322315001715443,-2.5131784723745896,-1.0147230011763997,,0.08991992103106378,0.2272727272727273,False,4
-0.46557187564804609,0.8704997119722957,0.15960288237281278,-0.88411473478997993,-0.4655851439270744,-0.039643530136053345,0.039799049395722479,-0.15956417270350801,0.98638497071713405,5.2578183313777158,-16.246157692389751,0.030448661355732227,,0.4037759807388784,0.2727272727272727,False,3
-0.34936510170010948,0.91773359809578758,0.18896843291997553,-0.93490175786583751,-0.3548714049142157,-0.0049989112392065244,0.062471824476630959,-0.17841336525151291,0.98197043858060762,-26.435010992391476,31.70280140139333,-3.4038808788558885,,0.515596086870086,0.5454545454545454,False,1
-0.93827610249378912,-0.34330834886472095,-0.042158428443739702,0.3442975075698515,-0.93867264270021211,-0.018785529734086773,-0.033123734243814443,-0.032141055458421594,0.99893431755234319,5.9550308692089038,-7.9660356998622746,-0.6535700535580603,,0.08371188318612495,0.4042553191489361,True,5
0.92252287883767914,-0.38083384332341785,-0.062586913972144623,0.3859388355899579,0.90960621324925484,0.15384327090197986,-0.0016592783098873937,-0.16607865786387768,0.98611111250083006,2.4297176089811243,-10.90520331776248,-0.41942351919611404,,0.3535162974113176,0.2413793103448276,False,3
-0.76327894246027306,0.64284887698292204,0.064424974648990718,-0.6449367999643032,-0.76404465916661535,-0.017096281782162645,0.038233232253259121,-0.054599268866593366,0.99777609702312553,-23.533868014867483,-9.8501285176208757,-0.29322305144690219,,0.07255643327320509,0.1904761904761905,False,1
-0.87785114459310165,0.47839580032727297,0.02268978108773163,-0.47893348548002546,-0.87689402454139653,-0.040982755026313746,0.00029055556355428967,-0.046843654349554273,0.99890219122026358,-7.0759028047152537,0.63314900673451202,-1.3395451370970166,,0.06973111932738489,0.1971326164874552,False,5
0.11118150387698557,0.99217196898286075,0.05686349585038359,-0.99130066610349399,0.10666464264488523,0.077107998237599548,0.070439069971305973,-0.06494180451845874,0.99539986912168366,-18.079360438261993,-1.6540752984568028,-1.0792926200663298,0.5905559473261229,0.3650170869974575,0.9640449438202248,True,5
0.84407258607202917,0.53209302252576574,0.066471684355613805,-0.53346440909498527,0.82067306179576038,0.20472286113600144,0.054380085239134665,-0.20826123264344545,0.97656032343486987,1.1814970104991345,-3.5090558389138442,-1.0030163228655744,0.3518459880102937,0.2217795051218402,0.4685314685314685,True,5
0.46102325436651131,0.88732684064618328,0.01042289797388821,-0.88487044670285764,0.45879943820843699,0.080668259256712643,0.066797091891762292,-0.04641285779270389,0.99668650795840408,1.656577337670557,2.5750339114741649,-1.4859033387553635,,0.06847695138487483,0.3131313131313131,False,5
0.00040047047370510579,0.96569440611824497,0.25968086878961971,-0.99670170975274464,-0.020687999515809855,0.078471067610878881,0.081151348721737002,-0.25885579125831004,0.96250098074374912,-5.5122438818752535,-17.076226860269042,0.22368460156387185,,0.2767309865052739,0.2857142857142857,False,3
0.70201279270174755,-0.70091501949709412,-0.12608003143433819,0.71139052977859873,0.68192244807876923,0.17001555501654839,-0.033189652369681133,-0.20904523493648069,0.97734258923160267,0.74239597132958934,10.796346985415243,-2.1618822766782797,,0.1894852804348614,0.1428571428571428,False,3
0.6583910790278974,0.71388753347184142,0.23850739319772205,-0.75037367126331167,0.59778522971316883,0.28212084753097355,0.058826359153882783,-0.36471551747939918,0.92925887177816791,-33.833942488556161,-2.9748520432435424,-0.79825982279360386,,0.6403346939097457,0.3703703703703703,False,2
-0.27023503726712061,-0.93137038499851299,-0.24397178234574785,0.96024471307042192,-0.27915202748487883,0.0020582933187507715,-0.070022251131639762,-0.23371639116417262,0.96978014665575329,-22.656104707688449,-14.232535000892268,0.060593255526906073,,0.406888779926241,0.2,False,1
0.8806147007852364,-0.47261493356556045,-0.033953988451302694,0.47249094636060829,0.87047347204461401,0.13794288699984886,-0.035637822158306964,-0.13751748629689661,0.98985801335060053,-30.710900219902221,0.75758760288466886,-1.1512582955794095,,0.36772629881396,0.4137931034482759,True,2
-0.99729582598863542,-0.071421124493728658,-0.017322195060002113,0.071979292528424277,-0.99682363961651188,-0.034082443410030264,-0.014832967092020231,-0.03523711789777538,0.99926889704899013,0.74876525909218927,4.4931289887998966,-1.6426267049663912,0.2430896875347603,0.2472780095785299,0.373015873015873,True,5
0.7602120461902252,0.6422952566876865,0.097644498379432024,-0.64754211793437166,0.73694038910296522,0.1939279980040009,0.052600858627406426,-0.21065532546145199,0.97614419197493063,2.3548716141909103,-6.6701535578160822,-0.76340486619361525,,0.09860039364202552,0.3125,False,1
-0.72302090157685894,-0.67499227061135048,-0.14705852745733525,0.68339933431079081,-0.72998461729182818,-0.0093706126198243034,-0.10102537179616811,-0.10727484855378093,0.98908340453230192,-4.6347666061073873,-15.396291931205122,0.060008058054597531,,0.4242564778406979,0.5308641975308642,False,3
-0.95379665679657344,-0.28934561412089715,-0.08093857592447147,0.29983673363519686,-0.9338961902619799,-0.1947712478194277,-0.01923202138768813,-0.21004052324054484,0.97750350789661244,6.7999087586892371,24.140662822587785,-3.2075477024464467,,0.4936414875556661,0.25,False,3
0.74242068900299951,-0.66973403201596926,-0.016366028838568778,0.66878484071194877,0.73949580220568445,0.076634165709982133,-0.039221899166227481,-0.067840142097464334,0.99692495090954081,-19.978091343320013,1.1228631830040161,-1.3611807046368261,0.2891735183530771,0.2911133806589996,0.9226190476190477,True,5
0.2032571021717067,-0.97364333582457974,-0.10346596068825975,0.97633244182917578,0.19356667520817719,0.096472303179363325,-0.073902053074589136,-0.12062585482903786,0.98994337701614232,6.995460162628504,7.4488176547822365,-1.8414227118682294,,0.08512259019326371,0.5294117647058824,False,4
0.99872764990710061,0.047426360755886229,0.017141225641513373,-0.050299150699708584,0.96121826562627155,0.27116312666974324,-0.0036161789127107311,-0.27168030133205417,0.96238076514350412,-1.392945994831764,-18.808882881679526,0.34944532232491538,,0.5022789420618945,0.8695652173913043,False,3
-0.94300111833114808,-0.33235445708456651,-0.017011927645879339,0.33191324758824992,-0.94299560366755408,0.024349282106208771,-0.024134765414782683,0.017314916104035308,0.99955875604122679,-26.592383401947796,11.117725276047782,-2.1303752887282723,,0.372465703680549,0.4878048780487805,False,3
-0.86075017549269706,0.50858390504546047,0.021249633361570718,-0.5088246000990998,-0.86083576698722231,-0.0077012083150513194,0.014375733834567632,-0.017441152606139938,0.99974453960623699,-20.252215418489708,-8.4478378933108438,-0.42173796391721396,0.6809926124472894,0.6313082764114768,0.6308724832214765,True,5
0.1004888265995517,-0.98937629288837359,-0.10505497036839222,0.99168242776733839,0.091064993183123402,0.090956745071680584,-0.080423617091761337,-0.11332130464752077,0.99029809841626015,20.501905953076356,2.6902353234192753,-1.3489053363564012,,0.4437859290486208,0.2173913043478261,False,5
-0.03383297398082017,0.98638883428555979,0.16091114774429716,-0.995227136726064,-0.047996793910359409,0.084966193855945657,0.091532924107409583,-0.15726848181088396,0.98330480952411004,-23.620157249532237,7.5502903680627806,-1.8391100398511613,,0.2555493210587809,0.3783783783783784,False,3
-0.86532664092635858,0.50074846953903218,0.021465664616365183,-0.50057662028911298,-0.86559262219223732,0.013132388445990802,0.025156544338100637,0.00061859573538966539,0.99968333266904152,-16.823132118105075,11.970133807041401,-2.3696213296990858,0.2214502596586741,0.1590710681506801,0.7368421052631579,True,5
-0.78352060977816451,0.61893790281035954,0.054875554826966794,-0.62053879906632126,-0.78397529701914503,-0.017729425175988099,0.032047666158102402,-0.047943780915330553,0.99833578567802594,-19.095632690329669,-8.615093188891775,-0.40913705738317446,,0.2610473942401038,0.3555555555555556,False,3
-0.081342948940213003,-0.98842380641900418,-0.12806913586761573,0.99317882110906097,-0.09115508517122646,0.072708869801717022,-0.08354133083765479,-0.12128119949767299,0.98909641425408068,15.104092558064474,6.2921566756227891,-1.6554570474063095,0.155430885801236,0.1526511467238205,0.5,True,5
-0.66587157486431225,0.73200085276565141,0.14418667531391188,-0.74229096411116646,-0.66942996174815805,-0.029455914733281623,0.074961125836231657,-0.12664232256326652,0.98911200162021395,17.660776174723136,-7.5799195337558798,-0.66982201718921264,,0.3925840749412248,0.4117647058823529,False,4
0.99906895159655562,0.034841316260353895,-0.025442339456216219,-0.02844243481137524,0.97535565897839493,0.21879754660603823,0.032438524284560309,-0.21787019341816077,0.97543852751579041,17.34069737700182,-10.750676476878871,-0.43873260983706774,,0.5069168553637372,0.7012987012987013,False,7
-0.9958632996837038,0.08713419108315773,0.025766666206013887,-0.089420324220850125,-0.99015994964117404,-0.10764422763357348,0.016133628213344881,-0.10950299936930616,0.9938555222816855,-23.261773383064586,10.627788154421761,-2.1942494814919034,,0.1996519365713284,0.32,False,4
0.035569360268510812,-0.99879344854921837,-0.033859529607632319,0.99713123764268874,0.033204244545163901,0.068020387100825988,-0.066814036902810681,-0.036181836318050498,0.9971092012379611,2.860355121145683,-4.6224057655649533,-0.92652710653692261,0.4317187858226911,0.3976390653338653,0.9646464646464646,True,5
0.4575730160748076,-0.88598210516466158,-0.075250543441219703,0.88839008901521399,0.45198200844014297,0.08046933444458787,-0.037282498571640441,-0.1036724330495308,0.99391249208662535,6.9051046773624822,12.727881239251076,-2.2570179591534845,,0.4982535074282499,0.8431372549019608,False,5
-0.56475425396930401,-0.8229929280483157,-0.061116879878115718,0.82343129316897501,-0.56688226844351197,0.024604860381820165,-0.054895701595350024,-0.036429851863535964,0.9978273036149875,1.7977930324175835,-9.0657745909422687,-0.55478418977689958,,0.0850204761313608,0.2173913043478261,False,5
0.93566913337972257,-0.35181406904920093,-0.027388568043686765,0.35229337812577022,0.92683173466858382,0.1298934614980983,-0.020313753202512927,-0.13118611370975591,0.99114961282369429,5.0802356006649427,18.881466889814721,-2.7813577343519769,,0.1499548899716796,0.35,False,5
0.50198943313342892,0.86471004705720544,0.016826869605034628,-0.86337113751346284,0.4998760636348778,0.068660031412821343,0.050959669652467857,-0.048994443799535048,0.99749819876814128,-8.2937371947691076,12.85661461798275,-2.3802991205248545,,0.08553073326107943,0.375,False,4
0.46449447743446426,0.8803615806924856,0.09596024006594453,-0.88259303863496763,0.45131764223053822,0.13168870097530833,0.072625123655523927,-0.14586251421149216,0.98663555498569144,-14.858377567291022,6.4301755685491511,-1.8949413414583149,0.1343832402680514,0.157195371588086,0.3214285714285715,True,3
-0.9140647758042092,0.40430822055126409,0.03194445849709103,-0.40489120210178892,-0.91425306644287541,-0.014298425101000337,0.023424348327551657,-0.026003716935677015,0.99938736564505359,-12.321452130704548,-0.96890248460489792,-1.1723481693241664,0.6637807275386338,0.7275385339710537,0.7523584905660378,True,5
-0.98877685250691483,-0.14843006423464838,-0.016995645848817499,0.14832855828214397,-0.98891270772030859,0.0070919184449293252,-0.017859864066137265,0.0044913851523839402,0.99983041197742806,7.072453412620705,-10.45265908968419,-0.4586602342992645,0.2766004623681267,0.3562780178319838,0.7066666666666667,True,5
-0.98565906937262904,-0.16828925899776581,-0.012446857815026966,0.16805575455611252,-0.98561503906950065,0.017895757055918469,-0.015279473945794863,0.015547349163498267,0.999762380573469,10.431456858543124,5.0226462118610842,-1.624629845300851,,0.09374224374269109,0.3055555555555556,True,5
-0.87473161597127491,-0.47107899930572017,-0.11370653645856511,0.48022741793695806,-0.87410229111350801,-0.072985010322108232,-0.065009438406157041,-0.11844729242678922,0.99082996111082478,3.0722459219604961,-9.0689669653691176,-0.56897054659005974,0.6065279817482779,0.3872955831052846,0.2962962962962963,True,4
0.99957321438373203,-0.024822237860597559,-0.015402778780635567,0.027084851803229549,0.98502308040365516,0.17028194817681352,0.010945313580266888,-0.17062645627125306,0.98527499335512581,-12.268553337131332,16.11279634112163,-2.6551187410626049,,0.1146485719538539,0.3333333333333333,False,5
0.94359518738650372,0.31996260193225629,0.085159002493985572,-0.32947202078863819,0.881879342405259,0.33724918525671838,0.032807161694989283,-0.3462842167982968,0.93755582838458751,5.3964845805091075,-6.0635996827608585,-0.81386170559429583,,0.4873460259148817,0.3970588235294117,False,5
-0.74235191277061296,-0.66862704469445111,-0.04302920762664994,0.66800160447651058,-0.7435676561009813,0.029681597283516433,-0.051841045732318985,-0.0067093892164496096,0.99863281043320529,3.954066068443526,-5.2305309471419745,-0.88611115149013275,,0.1136606708711002,0.5454545454545454,False,4
-0.13963598598126631,0.97789660166332892,0.15562785057422218,-0.9880675893936014,-0.14791923967687556,0.042922457098036437,0.064994078260695212,-0.14777731554175638,0.98688278675955987,12.661499924391462,-2.8855548238181905,-1.0241628264333078,,0.3385298856683553,0.4166666666666667,False,5
0.773185910332014,0.62642948574204427,0.098841526986450087,-0.62936243848148543,0.73876284171633855,0.24110658375050423,0.07801582591175743,-0.24862735789160118,0.96545220897522843,5.5174157218995354,0.7563160328811982,-1.3264018036150935,,0.3190211176616308,0.3070175438596491,False,2
-0.73805995967905547,-0.67427161852148443,-0.025005606870650111,0.67255239867628847,-0.7381455267393946,0.053051412699315389,-0.054228838760592861,0.022337542636561625,0.99827865209851996,0.73715256207033308,3.2237295730622662,-1.5552626382670767,0.1848785785468879,0.1674354292003968,0.7464788732394366,True,5
0.75288320513843532,0.64811173143329814,0.11453411281801253,-0.65600634930121737,0.72492838641206436,0.21008213691432617,0.053127667904452017,-0.23330241780258765,0.97095181793459828,-9.1090369680644532,-12.332902827433973,-0.13663656123193466,,0.5568051154868121,0.2372881355932203,False,1
0.11104519979820814,0.99340954972855655,0.028397713110070767,-0.99103097515384686,0.10855139824872875,0.077937155605401792,0.074340903191922228,-0.0367975603315185,0.99655374650154049,-17.688865891668424,-4.4495498933958739,-0.77712429668768324,,0.0810937480911149,0.3333333333333333,False,5
-0.81521812450368203,-0.57871509256146192,-0.022544425525581981,0.57701429910006041,-0.81493367275343931,0.054199701536608191,-0.049738396785240717,0.031176123142075862,0.99827558380993409,-4.6160335194688331,-5.1088513650424296,-0.85893009452103386,0.1963948899088871,0.1529325653204438,0.6951754385964912,True,4
0.63510903995130785,0.77085786699265479,0.049139152085304179,-0.7698950635264874,0.62660649441837479,0.1209375554170881,0.062434754181258718,-0.11464052533135791,0.9914431155755109,-0.99920950723814339,-8.6890296312703192,-0.56986749739095455,,0.07386568413350639,0.2608695652173913,False,5
0.37397537592536678,0.92722973099719452,0.019683601203833983,-0.92480817912321356,0.37123334220817078,0.083160311806518658,0.069801504484409027,-0.049303464257818695,0.99634176786075335,-10.751364360935861,-17.706885653244889,0.31820225506170091,,0.09817938702535856,0.5714285714285714,False,2
-0.49798063682691435,-0.83337558313069837,-0.23979245773591415,0.8663116406929755,-0.4905095062721973,-0.094364005089074873,-0.038979822284184076,-0.25472644483479628,0.96622720503850423,16.233437129504278,-6.1519560147932424,-0.77470262176379068,,0.4526798447928181,0.4210526315789473,False,2
-0.98255655424462385,-0.17988935451665633,-0.047142739022172052,0.18464273424918232,-0.97387307225697783,-0.13220552114696799,-0.022128678223465377,-0.13860396554332902,0.99010063242871738,-11.026083961524437,16.889000894407669,-2.714801961375676,,0.1993521202328012,0.1538461538461539,False,1
0.99886345720964187,-0.032775167138388996,-0.034606101633294348,0.043108957385812469,0.93095020251281002,0.36259252368804762,0.02033252675668823,-0.36367225473001069,0.93130504105544287,17.919803059932271,4.6200130797006151,-1.504225129910314,,0.383834920763349,0.2537313432835821,False,3
-0.015243752425062996,-0.9834609249629126,-0.18047780218934731,0.99458628259973303,-0.033469539049320901,0.098376401744886294,-0.10278985590246087,-0.1780011208586052,0.97864694680800635,-5.1590749665425619,-3.0126676437558033,-1.0327954188115627,0.6931325980735662,0.2996317436215372,0.1987480438184664,True,4
0.99125022206024427,-0.13094273992402916,-0.016643200614798317,0.13197291209261289,0.98079706062105032,0.14359761958647871,-0.0024794635129012851,-0.144537623954096,0.98949619884181095,-4.1502302959302648,3.7527538108514067,-1.5779111701457251,,0.08724303652856029,0.1571428571428571,False,2
0.079253618216100483,-0.98907065487410584,-0.12433062240077448,0.99527496549580552,0.071491814825813071,0.065701320155950441,-0.056094625918884922,-0.12895022326393638,0.99006324690052072,4.7092712073268368,16.476076791680782,-2.6036981774445405,0.1220852514311659,0.1957534038658792,0.4,True,5
-0.87177370527188458,-0.48911461624181363,-0.02788366861002237,0.48885194575619401,-0.87221945254044353,0.016031273824399964,-0.032161808514341667,0.00034465732729499574,0.99948261579900133,12.234370628088524,-9.2215414581881525,-0.57302819220509849,,0.1387564555436347,0.45,False,5
0.98822147119848014,0.1525557163043649,0.012044803243508366,-0.15173525239413085,0.96659880044870816,0.2065506527513512,0.019867990416800603,-0.20594541119913795,0.97836176875571779,11.055244840525571,3.9291651883191663,-1.535527853590102,,0.9676428067679905,0.5284552845528455,False,1
-0.84228546403792615,0.53778713261824052,0.036608701980083203,-0.53772903905740088,-0.84302865612014632,0.012254203958810619,0.037452338042100325,-0.0093640242690267231,0.99925454085766807,-5.3493256310353372,22.038034586577172,-2.9930652502145332,0.4869500796913505,0.3958431344117258,0.7,True,5
0.37997601313858725,-0.92319706590292006,-0.057666341548114862,0.9229450290911313,0.37424632192050661,0.090067551343108038,-0.06156868291002425,-0.087446372350213158,0.99426476818175191,5.9398233539131953,-2.2259459833362767,-1.1134299466530639,,0.1354262962185699,0.6417910447761194,False,5
0.60903750420697012,0.79251366586248373,0.031550085428605948,-0.79111721702339599,0.60416220306881507,0.095506969966556762,0.05662920976405815,-0.083127142403930931,0.99492864608335341,6.4591616147646356,-14.510848218655935,-0.14255878561359922,0.2306113874115693,0.1621129661242573,0.4117647058823529,True,5
-0.57584578272184672,-0.81170821528578585,-0.097628928904451545,0.81514591644725543,-0.57920510893467569,0.0076535405752438113,-0.062759616162226986,-0.075174563660438315,0.9951934563478777,12.370222544053137,6.1091231339885033,-1.6900037393425476,,0.08954792045812832,0.2857142857142857,False,5
0.061476302641488047,0.9911955165590699,0.11726939995894921,-0.99606533644728557,0.053411610063695929,0.070718070099236502,0.063831886559062204,-0.12115546980472465,0.99057904399129526,3.1127166864950415,5.8404412738186675,-1.7489732574135672,,0.245109728961156,0.4320987654320987,False,5
-0.34434587093637398,0.91680645259847859,0.20221733269644798,-0.9383414135175574,-0.34312263671623017,-0.042216677400957664,0.030680822136061943,-0.2042860363478077,0.97843032583130796,-6.3121769656845581,2.4283887826037791,-1.4800933524287905,,0.5608595090393669,0.572,False,2
-0.79538089181075811,-0.60337893824270594,-0.057472548468195009,0.60274365587187351,-0.79737927680704301,0.02977203763410044,-0.063791239590812454,-0.010961104131559051,0.99790306741070056,5.8097331161958357,5.1470521169439705,-1.6762591702273348,0.2689622308061773,0.146427782687468,0.4705882352941176,True,6
-0.36505338493594741,0.92410540377068107,0.11298331234582609,-0.92925317879342029,-0.35427827459963923,-0.10476370482675422,-0.056785172793008667,-0.14323444721340575,0.98805836734594743,0.76396393313141431,-17.396634565045517,0.19224950457706991,,0.6556089298175355,0.2439024390243902,False,2
0.36907798663840913,0.89977021531427559,0.23279819460692353,-0.92687597141433609,0.33790037697253122,0.16347559101148568,0.06842787000682872,-0.27611029476483878,0.95868698318648549,2.2731048891296926,-18.48720108953966,0.29257204597314995,,0.1688238676366132,0.1666666666666667,False,2
0.46900922419933311,0.86988305560231427,0.15275410695598654,-0.88208546421643685,0.45270154646349142,0.1303324351327671,0.044221956469757191,-0.1958692916348676,0.97963240001565999,-8.2607845053845281,3.9160059364067603,-1.6077996944263884,0.289125944670542,0.4851664067678198,0.5555555555555556,True,4
0.99759645542710917,-0.067949897342313409,-0.013569214068505789,0.069092039116538703,0.99031315143929866,0.12044148876978952,0.0052537843490738341,-0.1210895269523079,0.99262768660383416,-24.638621184917945,13.118323491822094,-2.3720445308293572,,0.1710386095604812,0.4210526315789473,False,4
0.99976709080589699,0.020650776375181271,-0.0062697349717638247,-0.018216695278157943,0.96326866385465415,0.26792094589414311,0.011572214768860712,-0.267744330791096,0.9634204986269348,-4.5997862499069821,-12.408159409899572,-0.21582698911627482,,0.2443174459776409,0.2352941176470588,False,2
-0.077046085597772151,-0.99378986444593043,-0.08028453162720782,0.99450750027483281,-0.082323349086133535,0.06463511500992461,-0.070843013707523467,-0.074863686255633707,0.99467416568897249,-4.8046172128005296,4.6734323520337471,-1.670448275690144,,0.06847257691409148,0.2467532467532468,False,5
-0.84121895142240399,-0.52834104693186301,-0.1149191624348861,0.53983387448836062,-0.83267849169550845,-0.12339334432042741,-0.030496946120513641,-0.16583807643191528,0.98568132207254811,-20.488697430200123,-4.2314207267011215,-0.80884999745217356,,0.3979457061702491,0.2307692307692308,False,4
0.065199610958216164,-0.97587536034121081,-0.2083657644859368,0.99342049717405645,0.043775958501785915,0.10582712909126771,-0.094152676676487454,-0.21389470899524735,0.97230876111371689,-21.32606548789072,6.5791074653412736,-1.8394081125501296,,0.5307785221050018,0.52,False,2
-0.89045971881393426,0.4545870928748687,0.020786153116557939,-0.45426756759469444,-0.89067523097323054,0.018401357623353772,0.026878731395086355,0.006943192519176594,0.99961458866716857,-17.47665495980057,-6.3557576901293782,-0.61521518282769538,,0.07062237707335872,0.282051282051282,False,5
-0.90958864883508372,-0.40311528997986673,-0.10073009924950851,0.41271282090915046,-0.90459697094303115,-0.10664167861537696,-0.048131251464918853,-0.13857266377298921,0.98918198501958166,5.3220835891589351,23.106411258839032,-3.1548292515945748,0.3919629817250226,0.3272303533733823,0.3333333333333333,True,5
0.97785468895565297,0.20666319138802863,0.033023213240989689,-0.20926297108478051,0.96321424477879636,0.16860405566884967,0.0030358228234002704,-0.17178080213030011,0.98513051916954486,11.394367038364948,-1.7598882375016887,-1.1248442224747357,,0.3963414976990497,0.2777777777777778,False,5
-0.99978883385752826,0.020253890359517301,-0.00347384788236842,-0.019347396516598444,-0.98472271492330454,-0.17305159046396329,-0.0069257448577535749,-0.17294783791473781,0.98490663487397856,-20.847025739002543,11.89418526639416,-2.3788601214212677,,0.223732620505238,0.4,False,5
-0.92905302917306731,0.36911990146802159,0.024717753226921275,-0.36975597634226864,-0.92864387398608605,-0.030017882458481367,0.011873792297526957,-0.037027741604820683,0.99924369370445509,-1.7603013402752112,-9.9711129481190195,-0.44851792464118256,0.2827589873820785,0.2602453574396384,0.3166666666666667,True,5
0.42396053735645306,-0.90317806574449244,-0.067281827579701775,0.9030523095782288,0.41590650093650144,0.10732338349205339,-0.068949176426220421,-0.1062598891246975,0.9919449818580427,25.999086352410728,2.9830252622642375,-1.341829475009078,0.2665214571071599,0.1927227794326058,0.3,True,5
0.051792284290985091,0.99607524776189305,0.071775065893428511,-0.9962728410420254,0.046570743792642665,0.072605729971207636,0.068978152265580808,-0.075267965421447869,0.99477472218153129,-30.21916728209856,-3.5379698917970339,-0.79869203335408701,,0.5613695692347672,0.978021978021978,True,5
-0.3713789220853837,-0.92147413755399432,-0.11385565444816834,0.92716179785774544,-0.37458774109712295,0.0074178711870548433,-0.049484308865451972,-0.10280777226881732,0.99346960956902508,4.5664364465848406,-18.63636028388466,0.26216874863860762,,0.1725290251414751,0.5263157894736842,False,5
-0.97973111665379375,0.20029424162782344,-0.0030258603812421229,-0.20022711451849706,-0.97872659013490315,0.044758958594939086,0.0060034716546670686,0.044457603777552507,0.99899323310743759,-11.987246578399226,3.8410534721672027,-1.6241289237955929,,0.06707687354760565,0.2151898734177215,False,5
-0.82212542422668811,-0.56902738058368096,-0.017822092642629801,0.56732519746236543,-0.82147226155824993,0.057666661206123161,-0.047454263921968595,0.037298306080148176,0.99817680257516261,-3.694418100569115,-12.953237437648305,-0.17681358159282101,,0.07043506534387005,0.2727272727272727,False,2
0.99251863670975982,-0.11694710348040219,-0.03507322014505676,0.12146523743408179,0.97489343918348514,0.186625234981976,0.012367371542962368,-0.18948920081244658,0.98180491488715727,-4.842497758453681,11.285161712665911,-2.2181638390628531,,0.3740373596935517,0.5,False,4
-0.9984977302017829,0.053984654851757422,-0.0093776234955598239,-0.054349845777084953,-0.99753250879754041,0.044440838832002935,-0.0069553609464162985,0.0448837490927574,0.99896800350235626,10.746020455006873,-0.72938852307357438,-1.2022546413196338,,0.07789504166862052,0.2424242424242424,False,5
-0.89854530855402992,-0.43771410322585513,-0.031979560858922451,0.43877681007146002,-0.89435857594019241,-0.08716449154182887,0.0095519327393906728,-0.092353134648571894,0.99568050051285306,-17.835344163519999,-8.5309842086842256,-0.42294637596903234,,0.2558117718996241,0.3225806451612903,False,2
-0.61235568342299806,0.78656134115062004,0.079635253417646656,-0.78903419823757681,-0.61434890920051322,0.00067214263771915583,0.049452512485606517,-0.062423347967560779,0.99682384333310525,13.306992614326498,1.3152548693977537,-1.3224150080856265,0.1344436058599253,0.1180213560942842,0.3333333333333333,True,5
0.69077497941888033,-0.72106076964097754,-0.053863663945254103,0.72168457322135116,0.68292716449083957,0.11305690945191646,-0.044735942855409327,-0.11696945962627878,0.99212743180076135,-8.9289382745780603,-8.127942505514488,-0.54963268066690185,,0.0710754363724902,0.1875,False,2
0.99885499164290326,-0.04783914123731102,-0.00034962227242458545,0.045353813522882945,0.94458668807560642,0.32511385745502974,-0.015222919200611199,-0.32475745607458262,0.94567481591452873,-26.676826607934224,-4.0639903568867179,-0.79185620466647,,0.416635259364085,0.2432432432432433,False,2
-0.42086645619519114,-0.90110296592898964,-0.10433058441166625,0.90578019260234355,-0.42370966269667731,0.005688974136862382,-0.04933222819783431,-0.092106278458346735,0.99452640222851318,-22.82505220734771,-8.5775619201029016,-0.4064115630728159,0.580745950649228,0.3707444795528017,0.5245901639344263,True,6
0.93794064459398108,-0.3401844877462748,-0.067393334354618487,0.34645172856808781,0.91049198169781875,0.22577765840792172,-0.015444966520291974,-0.2351145796431702,0.971844940023049,-9.7017301594300989,-4.2705229144695886,-0.89116117938514128,,0.07582914372187713,0.2214765100671141,False,5
0.98278468738211422,-0.18434082704456567,-0.012357901592294293,0.18463475767604134,0.97753901654389896,0.10162419688388907,-0.0066531575322382273,-0.10215640273086898,0.99474610070908986,5.0310544672234299,12.469811552132722,-2.2585491360743344,0.9222926813200716,0.8826405721903106,0.991869918699187,True,5
0.52101439679724293,-0.84007772934129399,-0.15104107717697557,0.8523772584618563,0.50282413250464275,0.14359979466560416,-0.044687890832477262,-0.20356153967714374,0.97804176392279685,22.332393308562629,4.1744307983743099,-1.4385559214569614,0.4377481399221159,0.3230227419484394,0.1,True,5
-0.72264592080262247,-0.69028084397449907,-0.035989298259113123,0.68852393858886629,-0.72344539345495684,0.050611744475739753,-0.060972609730967207,0.011794877305683984,0.99806974792944159,12.527812633599984,-8.2288497184559724,-0.63882247228281319,,0.1080659894729318,0.36,False,3
-0.430196983982715,-0.88914275405491205,-0.15606318554939097,0.89693853055981398,-0.44055847807898763,0.037543305527472724,-0.10213631758282032,-0.12382806751449382,0.98703332381751374,-8.4186781516475016,20.317029487656946,-2.9053681936158946,,0.38724101327731,0.3,False,5
0.19594752158236323,-0.96545510304170745,-0.17175858871234462,0.97552718561471685,0.17409946089480635,0.13429850275698574,-0.09975609711872066,-0.19387063141916264,0.97594205737880602,2.5127575737115393,12.403858834843696,-2.295549374305152,,0.3601912840483877,0.2142857142857143,False,5
-0.08498824168705589,-0.95423235141883189,-0.28673614749562054,0.99163500119647252,-0.10906269495107157,0.069031536069264612,-0.097144341971188569,-0.2784707310934082,0.9555192456184689,-20.850633544522992,5.0177856692088048,-1.7060827429799057,,0.4895536250819877,0.2727272727272727,False,2
-0.96816308412705721,-0.24977888180231711,0.016454565906458822,0.24807383774599082,-0.96618610678925965,-0.07031200518681259,0.033460627004909468,-0.063991540479962472,0.99738932678640624,12.98291193221274,-0.053607434729537155,-1.2272026555623499,,0.1721786192091208,0.1363636363636364,False,5
0.04314712669673941,-0.96585435930595032,-0.25546757537407389,0.99765329712030737,0.02804702911656097,0.062460090479559555,-0.053162244147472788,-0.25756304231668675,0.9647979348183624,-29.15996529429674,-4.5468543928170471,-0.73216545544468892,,0.177691621890284,0.1111111111111111,False,2
-0.7944606850831879,0.59994437430172687,0.094334339457388339,-0.60629310828622296,-0.7925063374718232,-0.065896676028668985,0.035226221792615101,-0.10954657827018895,0.99335726729485974,-32.139319962590967,1.4958962968746929,-1.2173042861922572,,0.2249630013496711,0.2631578947368421,False,1
-0.4379540480550087,-0.89548790684291846,-0.079357800437767717,0.8968643444311647,-0.44128656653974691,0.030008563438115907,-0.061891836943890263,-0.058030809831079319,0.99639441268508777,-1.5326096996923786,15.992306498763394,-2.6315687794576945,0.4174880131408405,0.3718406077983819,0.8484848484848485,True,7
0.62807410193753777,0.77168355825274637,0.10013694821462032,-0.77631751165912954,0.61254762478882008,0.14871626829958395,0.053423249309026269,-0.17114290311887606,0.98379675906424402,20.35320165747822,-3.2587798748598571,-0.95550379735429281,0.6463648500821987,0.2981540052288245,0.4,True,6
-0.034715350702715531,-0.98279387128643403,-0.1814140319474031,0.99701325933757934,-0.046587749098893121,0.06159660980083663,-0.068988442007668266,-0.17873384737011766,0.98147583091670254,-32.469263923152639,20.901296685555216,-2.653909816791689,,0.3113512433878736,0.6666666666666666,False,3
-0.97159683759211113,0.23663890509998278,0.0012703440828365151,-0.23651325707029602,-0.97123023324458679,0.027808510597731123,0.0078143720801825481,0.026718207738270643,0.99961246138903515,-9.625660614923083,9.699084756003959,-2.1105108473259651,0.2121820594707458,0.1563234387681081,0.4931506849315068,True,5
-0.81895974265226312,0.57296970444141082,0.031790843135448811,-0.57353707746087557,-0.81908688646893579,-0.01232449561902766,0.018977900109813359,-0.028326493022400288,0.99941855551139092,21.357616214219732,8.7089258185890479,-1.7584804436176233,,0.1795156240621222,0.3125,False,4
-0.025424882990960643,-0.99751298802301669,-0.065737463065512314,0.997276171632552,-0.029863363408073232,0.067441952966076468,-0.069237365770348863,-0.063843701735966027,0.99555520636970807,-1.7986948533877785,-20.083619486395666,0.46882827016143774,,0.09895100152330863,0.2727272727272727,False,5
-0.82916167371055016,-0.555897303581112,-0.058899123259755742,0.55658705640017869,-0.83077121283502686,0.005480928060288999,-0.051978529195263731,-0.028237914155742411,0.99824889316584231,-13.568665962857386,3.8337102670626559,-1.6689315831527189,0.369596715882261,0.32414299414599,0.7022900763358778,True,5
-0.98429666172391317,-0.17530474234455953,-0.020696111486669545,0.1750724553201658,-0.98447541482777823,0.012561567889518475,-0.022576915363476679,0.0087409902861202184,0.99970689603577734,-22.084554505343174,5.2990678193877923,-1.6998502838832739,,0.09939805215796904,0.4230769230769231,False,2
0.8080270743993615,-0.58742931424088329,-0.044933815863949844,0.58824920163316941,0.80024283592305956,0.11650871354434778,-0.032482669464631922,-0.12057447625557287,0.99217270263807722,-22.020450531950413,8.709509462804796,-2.0452529031593731,0.2617251765835162,0.2148850937344245,0.6216216216216216,True,4
-0.83727773564236463,0.546772505132605,0.0024126807930873895,-0.5459202493821077,-0.83620343059204838,0.052296309436382575,0.030611676075824008,0.042469404247105158,0.99862869725975922,-3.9275468829570519,-3.4059768550738139,-0.9956955056969049,,0.06863007986297495,0.2007042253521127,False,5
-0.13382552916940263,-0.98342459186457376,-0.12233887304747731,0.98847711542549632,-0.14127483206084132,0.054354522408644385,-0.070736977760009867,-0.11365515361028936,0.99099888296365002,-19.561452594800418,-15.3748921144478,0.16191280983789333,,0.5436846606206913,0.5,False,1
0.85439872759520252,-0.51836022925958269,-0.036131523710622067,0.51889828965007234,0.84749184010208622,0.1118129954817832,-0.027338238456930578,-0.11428146692413657,0.99307218621595605,-14.291001447373519,10.392420144650872,-2.2101879206692403,0.1970030890456783,0.1384248705360184,0.5142857142857142,True,5
0.14031505575016617,-0.98731506151557435,-0.074301106548460505,0.98769758533746255,0.13434689643637063,0.080027441146527184,-0.069030174911943701,-0.084616078391834076,0.99401959448957233,-0.73248820888531518,7.0215825965257004,-1.8685554501532837,,0.08944565583715433,0.2807017543859649,False,5
-0.98230180147801949,-0.18160858558232404,-0.045842038085425134,0.1858874506866463,-0.97527333748672462,-0.11953147227707414,-0.023000575867953912,-0.12593744014506966,0.99177151334339564,-6.2341127375808556,7.8571318981011444,-1.957926031581688,0.5235662290961103,0.4831657298803206,0.4845360824742268,True,4
0.43146417629050676,0.89415803607943467,0.11966649945796577,-0.90001816251669309,0.4175789795135264,0.12488035477414992,0.061692558044143628,-0.16158342236445808,0.98492884306378159,4.7738486067450019,2.1628136153649322,-1.4567825117160569,,0.2428233571184541,0.1592920353982301,False,5
0.5264866044153681,0.84895643154288181,0.0456599683875639,-0.84773333667542516,0.52013735660062455,0.10394864192314696,0.064498412851228024,-0.093435044873390521,0.99353401911015682,-24.870950322768703,-9.741861150666363,-0.29420242160935489,,0.2323547458644276,0.15,False,1
-0.93402094266983249,-0.35655079403248818,-0.021826816739080927,0.35600503105821385,-0.93414104697435119,0.025316441671467231,-0.029415922820801133,0.015875630143931192,0.99944117778493358,0.82926248651874834,-10.185204354680421,-0.47470565299720724,,0.1300920082772485,0.3043478260869565,False,5
0.064773408178595032,0.99364061612673582,0.092101745782647862,-0.99313025644224551,0.055175427861158352,0.10318898148203391,0.097451009906981204,-0.098152932424968739,0.99038846041565443,0.5295638263023289,-12.893143563942683,-0.22939139152792037,,0.2157467081866073,0.2285714285714286,False,2
-0.6967725378680204,-0.71388764604912225,-0.069803003455433985,0.71416608734309039,-0.69951869474681039,0.025306034631639676,-0.066894171360571186,-0.032218387888899948,0.99723976320633168,27.342749609878947,5.6656455520056737,-1.519491592968147,,0.3316632268774994,0.3333333333333333,False,3
