axis_00,axis_01,axis_02,axis_10,axis_11,axis_12,axis_20,axis_21,axis_22,location_x,location_y,location_z,dbh,dbh_approximation,score,reconstructed,number_clusters
-0.19909770069265076,-0.979631888661332,0.026104947744275856,0.96917729908007422,-0.19288885602303524,0.1532620376021957,-0.14510502584938861,0.05581444203749153,0.98784071566892384,-8.8223068940907936,26.002382241525861,-6.4735373785411578,0.6199138732021352,0.6010069583643741,0.8860759493670886,True,5
-0.27538512672471627,-0.96112573685216141,-0.020008746567442587,0.94960779808682094,-0.27520805671172732,0.15001851663595614,-0.14969322560326503,0.022312406444460378,0.98848070022997703,-9.0218151576343892,-17.174636997688484,1.2689020974523981,,0.2293838706899044,0.3636363636363636,False,5
0.94285832166850292,-0.33311261599557151,-0.0073600492553024047,0.31658518393957258,0.88875391153104855,0.33149706793304795,-0.10388458292932806,-0.31488485165667762,0.94342754021003195,-29.633164018727808,20.468063139125785,-5.7210179857476424,,0.3426552906149516,0.1666666666666667,False,1
-0.99861726998430567,0.023747874577439605,0.046899749915631242,-0.024649457269473384,-0.99952049937939302,-0.01873967920459424,0.046432233905068218,-0.019869820669167901,0.99872380460323562,10.063085276153835,20.641726822881573,-5.655947611634593,,0.4762938470762184,0.4285714285714285,False,4
0.97615845286516123,-0.21570525001868954,0.024205784727440831,0.20373256262138434,0.94898418173258658,0.24067003500448209,-0.074884696885414118,-0.23000058246819613,0.97030511399078589,21.342103697614615,22.469763647502642,-6.226254996622858,0.2327940029825575,0.1635723569509729,0.2105263157894737,True,5
0.93761804711742114,-0.34649319828319236,0.028545774874720604,0.32973858948809964,0.91229062359413082,0.24289561689052896,-0.11020372190680491,-0.21833067041924384,0.96963233136698346,18.690159849552401,21.826962075592064,-6.0681705148712926,,0.2617070789008987,0.4,False,5
0.94750894392583129,-0.3186730102085587,0.02596755177470244,0.30294585057125534,0.92077381477726428,0.24576288092831072,-0.10222823877097131,-0.22499576570491317,0.9689820909658986,13.280487174074082,-9.0778108520037648,-0.50762534682516303,,0.08098956753409689,0.4,False,5
0.91468544392835027,-0.40320165909296402,0.027909868689728182,0.38659977518020033,0.89297846987296448,0.2304996012446813,-0.11786073347903102,-0.20004468112904122,0.97267207889183516,5.9616316756254752,-9.7713204737110377,-0.17438634017173371,0.2111264270716593,0.1617850560986447,0.7291666666666666,True,5
0.97627347915180718,-0.21421814045624354,0.03163356135967383,0.19521745115701136,0.93390844780186522,0.29950819335716317,-0.093702938420238538,-0.2862264827436154,0.95356916891625287,9.8711709422359419,-12.220624320011929,0.17991947582486478,,0.1849359097275588,0.25,False,3
0.98301837376853929,0.16801573659854244,0.073794234793150809,-0.18308927159247465,0.9251068502855383,0.33264941632672157,-0.012377215405513897,-0.34051142096854947,0.94015891035972499,15.841988115018562,-8.3144944671965071,-0.69908454809117326,,0.1670607690763578,0.5833333333333334,False,4
0.40523576495465852,-0.88196373281550278,-0.24067394707312545,0.89834826478462637,0.33532735920998719,0.28377095926769397,-0.16957113539769594,-0.33120316448277043,0.92819722789746328,-7.6636524164464355,-14.747512595994792,0.83271566232090788,,0.5620596392822735,0.40625,False,1
0.91905669651857558,-0.38845862435026446,-0.066593436255109495,0.37770202839724709,0.8198284809537788,0.43037476640902722,-0.11258759402779836,-0.42069128703233161,0.90019046578272111,-11.996495797141579,-13.697082040331335,0.64713610856612436,,0.4478873068689903,0.4230769230769231,False,1
-0.95907948837573676,0.26148356915306881,0.10859501848569081,-0.26617795346388301,-0.96342545926256606,-0.03099486303393223,0.09651855814668045,-0.058632137157753464,0.99360275785929664,-9.5731902516277216,-18.068131302192949,1.4294593408705885,,0.3600292669635735,0.25,False,1
-0.59410880655347287,0.78009304594864615,0.1961875776856703,-0.79291142548052274,-0.60899606228501502,0.020378112370642243,0.13537428602970686,-0.14345255586398098,0.98035461283049907,-17.607463238015463,25.477342969263596,-6.5869742342266253,,0.553286525902132,0.3793103448275862,False,4
0.94485210312541779,0.31210035156970284,0.099236453833984523,-0.32719555216037521,0.88659573525862045,0.32694200229963533,0.014056097109219096,-0.34138156477949344,0.93981969194242898,13.555661412634386,24.521275689475253,-6.4191352449901196,,0.4094434930609445,0.4615384615384616,False,3
-0.69297397259102755,-0.71917211262959213,-0.050779382896020714,0.71699989292466482,-0.69482806658314566,0.05590269612771874,-0.075486600515788857,0.0023303013149469365,0.99714409331768727,-22.644900833517944,21.095814093731867,-5.8645240449846376,,0.7964196026973281,0.1666666666666667,False,4
-0.82031886495909212,0.55836314290516731,0.12372372625043374,-0.55380548820147835,-0.82954123943788494,0.071838800865421243,0.14274607185541333,-0.0095881550322829065,0.98971290092275144,-26.658648561792461,20.851881622811142,-5.8040597388466759,0.803008407771111,0.6142852419785446,0.1304347826086956,True,3
-0.97958188949735625,-0.20102238457113439,-0.0030533047876422914,0.19991768128254273,-0.97236752509173219,-0.12055835457401146,0.021265993496729602,-0.11870719038169646,0.99270154652457487,-40.229685736407347,16.51453018116414,-4.7881724551933935,,0.6439915092989499,0.2105263157894737,False,1
-0.70059644222726414,0.6979762599597944,0.14830295233418794,-0.69842186766916015,-0.71334194389368166,0.057880617165892614,0.14619001299685613,-0.063027070489751369,0.98724671105324924,2.1844288762551174,-19.604703138089398,1.6519383703371533,,0.2252058874479135,0.1621621621621622,False,5
-0.11157862297955619,-0.98771188904935381,-0.10943233125792676,0.9811728389146569,-0.12696412315186062,0.14553340375471543,-0.15763905312497881,-0.091133614340910177,0.98328256023740379,-3.7038937902758176,22.405719636832757,-5.8478677494178637,,0.2188126817397059,0.5384615384615384,False,4
0.99826053458939479,-0.032941059914679986,0.048895722236136439,0.02094824286185603,0.97341102265787938,0.22810557224483197,-0.055109674307662566,-0.22668451102763737,0.97240786517688371,1.9575511635888956,-15.394222381127733,0.88209847865153446,,0.08455955172819075,0.5454545454545454,False,5
0.98601867831489198,-0.16104724755076999,0.042789602364059168,0.14616935736250897,0.95921451695587245,0.24195460200075319,-0.080010530446838216,-0.23231722819763664,0.96934360290878419,1.9074764925800491,-12.325173020383575,0.32509709774050488,0.2600892514317649,0.158484613474689,0.4464285714285715,True,5
-0.15362782345463263,-0.98795714706788773,0.018416498529103424,0.97643878089764069,-0.14892558383748886,0.15616810698024247,-0.15154470963950406,0.041974349740565839,0.9875587855637431,-16.87065736107256,31.020683376248687,-7.6625236728553219,,0.1286803457335789,0.3076923076923077,False,1
-0.34064143106774758,-0.94011702456473878,0.011974788668645708,0.93093988968727659,-0.33547894595517203,0.14423868624556727,-0.13158395505971643,0.060281480940239378,0.98947046738469835,-10.328989313956498,-15.042139618787747,0.88490210745901077,,0.4715375550591415,0.5523809523809524,False,2
0.94137361759347415,0.30956444713812553,0.13411027241432205,-0.33647700218574805,0.89035886105823503,0.30666647279279768,-0.024473232297123983,-0.33381274931187166,0.94232165914712041,-10.469816337513135,-11.31639278315124,0.2214597257949657,,0.3021768651079946,0.2564102564102564,False,3
-0.74679668901753582,-0.65318204320417428,-0.12509166122514942,0.66190109549823117,-0.74828080761072002,-0.044303191077973758,-0.064665640418145501,-0.11588378401256205,0.99115553953566871,-9.7472267638788797,20.895521560972554,-5.566584761599584,,0.2870454478130547,0.1666666666666667,False,3
-0.92666804896901023,-0.3746052947796556,0.030938651279851834,0.3758394566981188,-0.92220244904842985,0.091034860124801054,-0.0055704406317410859,0.095987062108008198,0.99536699468037548,7.5383753316810784,22.201712421469676,-5.8899495658151997,0.5183965051830963,0.11753739457062,0.4666666666666667,True,5
-0.69924754144768553,-0.7148109565230315,0.009908189239017446,0.71065074136643136,-0.69353904122837329,0.11823333746186045,-0.077642768978885404,0.089715632565667169,0.99293640566686514,-0.34081022087952495,21.875310446057135,-5.7931212739532407,,0.06803964807566291,0.1818181818181818,False,2
0.74788371261309938,0.6571630636154947,0.093843807614281793,-0.66205442033204109,0.7280607956227273,0.17779601344239412,0.048516975656505187,-0.19510045027293096,0.97958252198395601,10.759718013465925,23.145461539183209,-6.1456639941763465,,0.1485174127332654,0.4,False,3
0.9028886458257952,0.41546730548430749,0.11035855794848823,-0.42950152751863463,0.86117931196573072,0.27184302547865552,0.01790338230670966,-0.29284315036524006,0.95599286513349047,8.194161711179536,-10.267006327791146,-0.11537779243037094,0.9174421114257154,0.7027773680935624,0.7985611510791367,True,2
-0.70395091820921685,-0.70086109948467568,-0.11509484776275994,0.70280189390197878,-0.71076784266136495,0.029640711298846323,-0.10257973815619235,-0.060023271050830315,0.99291218355510491,-6.0705710712235028,24.053991684525815,-6.1195728625358479,,0.3260229339931181,0.5151515151515151,False,4
-0.3275165577733532,-0.94318160179617594,-0.056047929645023718,0.93330785843135156,-0.33218941880429387,0.13633279658523056,-0.14720511463457439,-0.0076587249372986194,0.98907633585975385,6.509031700131553,-11.417370730317366,0.15328708323666815,0.1081049812582588,0.1246229072764823,0.25,True,4
-0.50315763624424759,-0.86278479120247997,-0.049343663816086181,0.85519390094448233,-0.50532414190112962,0.11528618043480326,-0.12440170769109475,0.015808721693431664,0.99210599204014449,-16.662251821177083,23.184769159532802,-6.098998075570198,0.3409633783902743,0.2102064206389433,0.5135135135135135,True,4
-0.58955238816181066,0.7899067453505999,0.16874630444050751,-0.79366712297517483,-0.60531956591752034,0.060668946139961918,0.15006824954338194,-0.098160871873915645,0.98379060968883936,7.0902777107567365,-14.005083312985962,0.5230734173710917,0.6428592015544697,0.2926842640186885,0.4230769230769231,True,3
-0.97348189887046321,0.20876909784903572,0.093533183175047704,-0.2196701643007555,-0.96721350911526038,-0.12744821183925262,0.063859310109304762,-0.14461497698455608,0.98742518549210589,-4.8397275189426567,23.707005454466447,-6.0453118119999694,,0.4087171445802754,0.25,False,4
0.47474399987627558,-0.87670566275881334,-0.077493970527433981,0.86421522981230681,0.44768694922322239,0.22958317023612063,-0.16658382617150624,-0.17596470209060616,0.97019907878549738,17.532286098083556,-9.19576920757377,-0.63147592191044244,,0.1058895640645527,0.4375,False,5
-0.9983467825975415,-0.020243083801017588,0.053795159962237396,0.026905322826719355,-0.99164474540125558,0.12616181086869871,0.050791783594669543,0.12740061411274389,0.99054998775577618,-2.3538757080637152,20.797191651997128,-5.5799455404589597,,0.1380342365509561,0.3421052631578947,False,2
-0.75587857643330014,-0.65418264137786009,0.026318233395399675,0.65147001287658635,-0.74753257408860041,0.12954486867125237,-0.06507226760878014,0.11506573076445505,0.99122423174168517,-1.5392320953959204,22.906976499233309,-5.9933251203120488,,0.1088869393367111,0.3529411764705883,False,1
0.95569919692202321,0.27510534611559678,0.10467135969892369,-0.29434034651545465,0.89523933411126477,0.334529961398355,-0.0016749375408534606,-0.3505190197387878,0.93655411556705948,-19.341193349251093,22.939285225757786,-6.1849920789085147,0.2326070133267002,0.1661829377536145,0.4285714285714285,True,5
-0.95879215675306628,0.2723136090704637,0.081011718064874894,-0.26395181652738092,-0.95927623998554701,0.10059092380074519,0.10510489379995533,0.075062598637472042,0.99162420683699037,-1.7689767159269281,-15.412699596837253,0.87249590474234673,,0.09289842305705953,0.1363636363636364,False,6
0.99920154806957506,-0.0089090640229317498,0.038947335128365075,0.00048936371588328292,0.97747736010881658,0.2110397379591176,-0.039950304861408208,-0.21085217346030549,0.97670125119636586,-12.679178235353127,-17.385181171079243,1.3040412705768767,,0.09560842054356677,0.3157894736842105,False,2
0.92873095362650193,-0.36986592049616196,-0.025651834857116217,0.35290272800141559,0.86068401096575731,0.36699141384650469,-0.11365949298307129,-0.34988888825372039,0.92987057461316003,-16.641534524264834,18.525511576902559,-5.2422093623467996,,0.5471468875409679,0.5348837209302325,False,3
-0.45061077493890511,-0.89145694564998446,-0.047480981048822334,0.88493451095111175,-0.45305767973171318,0.10784085572653565,-0.1176471029676231,0.0065766928250903592,0.99303368838867101,-2.9826847923720652,-16.900189300058987,1.1670810466257602,,0.349687243971318,0.7894736842105263,False,3
0.97684161254977575,-0.2117450576095371,0.030732630363974799,0.18901787347043011,0.92131154591286035,0.33979005117332728,-0.10026319115144589,-0.3261120450789724,0.9399990566774733,-10.220123305593216,35.537912557929786,-8.3414776879210226,,0.3431797922353448,0.8636363636363636,False,4
-0.34368460489984359,-0.92280741579831127,-0.17409010799721147,0.93014907422561943,-0.36002704526693646,0.0721333930546883,-0.12924237722999873,-0.13713861609335859,0.98208421629916076,5.2962089693574912,-17.652081971979861,1.2041118604632588,,0.2407565492336186,0.3461538461538461,False,5
0.26974492229461822,0.95792064601237603,0.098110717250981777,-0.95316315013552089,0.25114281100209518,0.16854464603094277,0.13681259488804468,-0.13897958276379185,0.98079915857162181,-0.0011257923761721356,-15.93510549019916,0.98824810872303381,,0.07683712582626573,0.1363636363636364,False,4
0.40877716193144265,0.89961007634124335,0.15363249144818891,-0.90395114039289093,0.37594361053604647,0.20381054310195412,0.12559286470841879,-0.22218936122691424,0.96688071657878705,-0.92090407149816267,-10.438987857867367,0.01479694834163487,,0.2999914001324679,0.1428571428571428,False,1
0.86975165934756316,-0.49325177177266777,-0.015321250121409891,0.47191889890704058,0.82225451551660966,0.31810385814527653,-0.14430732454219045,-0.28390174595389145,0.94793206229550309,-3.077056252645805,23.070240148188539,-5.991203147917429,,0.363368579883235,0.3055555555555556,False,5
0.98986039573736406,-0.13473785802455346,0.044967839236777413,0.12098638292670477,0.96562185900985364,0.23007981343148626,-0.074422389755920595,-0.22230639895718263,0.97213228157782516,-2.890035612333218,-12.545869028345573,0.42858942148193518,,0.07479701829954903,0.2222222222222222,False,1
-0.57317867676122813,-0.81841495755529381,-0.04078188024129311,0.81410581246448466,-0.5744128832161407,0.085332090721269654,-0.093262696818128904,0.015709769097219165,0.99551759027006803,19.049240621042891,25.359401748752504,-6.6751847144580543,,0.5214009437113565,0.8909090909090909,False,5
-0.97088369783608153,-0.23793010814521939,0.027822812836610367,0.23501825422666012,-0.96855303395071934,-0.081678887144168627,0.046381736237335235,-0.072761831085131096,0.99627026979667987,-18.6550248962937,7.0576928933500671,-3.0075674019961114,,0.3144485530627867,0.1555555555555556,False,3
-0.32003394196863805,0.90826079005536142,0.26951922609718509,-0.92062015900796756,-0.36530419222618715,0.13788172456898551,0.22368906727008175,-0.20399800094604845,0.95307293361728462,-4.4719586367665789,20.844895715728949,-5.5411052258895417,,0.3739335286599264,0.2857142857142857,False,3
-0.95987685007980084,-0.28016198085514832,0.01207050803407176,0.28037395140356375,-0.95961911620082629,0.022838546282511391,0.0051845978853905794,0.025306447899019893,0.99966629614061808,8.908098261967087,27.182208176913242,-6.7776120945551348,,0.2742760362497486,0.3333333333333333,False,5
0.69345961753694174,-0.71929270032091885,-0.041614542056361538,0.70227542461652315,0.66188785697045771,0.26213296773725003,-0.16100617014637067,-0.21100349774375024,0.96413408668851774,-0.78303240436623467,25.508250511690282,-6.4066032414159295,,0.5950607976325354,0.5925925925925926,False,5
-0.99867219615092107,-0.0029660083221547313,0.051430024593896145,0.0077003673365702236,-0.99571976420938357,0.092102418565916791,0.050936715421960009,0.092376154701537344,0.99442048302746644,-11.649725875110947,22.529751036884715,-5.846773905114242,,0.2976800937186163,0.2758620689655172,False,5
0.86664638798612237,-0.4988507602856978,-0.0084827562141347249,0.48242296095039738,0.83352800273085914,0.26925667199041914,-0.12724828068959682,-0.23744259859150418,0.96303109370136908,11.844087847094224,-8.7953732369050872,-0.46250755584513548,,0.09498507430344147,0.3333333333333333,False,5
-0.23698339261800355,0.94413242628548377,0.22902583535389165,-0.95460488111057784,-0.27008685594871962,0.12562886293999545,0.18046715098078606,-0.18885722617899023,0.96527952197115263,9.6813933664557386,-15.796905030952548,0.74966382551629096,,0.4638203949479074,0.2954545454545455,True,5
0.99272042831604335,-0.11092929401919872,0.046913142427401612,0.0970213435443463,0.967323055349114,0.2342497929282002,-0.071365328422571012,-0.22799297866043358,0.97104386697032452,11.107477876638944,-10.34835377094306,-0.19996405938837991,,0.08889470140692053,0.2592592592592592,True,5
-0.97213163701659366,0.21084314631433898,0.10249511190153505,-0.21682323738676332,-0.97487366874660542,-0.051078505397643692,0.089150232980970245,-0.071878353047381577,0.99342122904769603,-19.377261940889017,17.680261407411503,-5.1640780106210018,,0.6370086607298858,0.4210526315789473,False,1
0.80992760310959611,-0.5837714940136477,-0.056816551270017591,0.57427753402243853,0.76958292782196391,0.27919067162439559,-0.11925850761372025,-0.2587527004343102,0.95855331013966083,0.23894731009135178,-12.121832050219547,0.29180785198708664,0.7416554329708092,0.4314493990261883,0.1904761904761905,True,3
0.77474970391900555,0.61690526188912576,0.13853084180399611,-0.62773850196012648,0.72433016223690294,0.28511434413357656,0.075546472017367111,-0.30785339680986556,0.94842976368224452,-0.94178702296793182,-16.776168792554191,1.127393270997703,,0.2956610885083123,0.5652173913043478,False,5
-0.19645924628350159,-0.9787554903894421,-0.058663912094588946,0.96952230561173125,-0.20284193682770191,0.1374105075505509,-0.14639079025345803,-0.029880406565335201,0.98877545369636832,-17.678626401816327,22.070138713224097,-5.9353275307429829,,0.2321360062078743,0.3928571428571428,False,5
0.33132012245758491,-0.93600393287220318,-0.1188428125822384,0.93610301576397126,0.31033752875824611,0.16553477617050893,-0.11805981675526511,-0.16609411757190798,0.97901717235997454,7.2911952695762841,23.158280861231397,-6.0228330837416282,,0.5285346954915475,0.8421052631578947,False,4
0.81987619302776471,-0.57235598216692551,-0.014548463287719117,0.54930833221418018,0.77918827000842572,0.3018708267477217,-0.16144158159029509,-0.2554882963249222,0.95323782246332067,4.6974032547164954,22.627126358468846,-5.8677044201375779,,0.3193286604806688,0.3333333333333333,False,2
-0.99401913344249548,0.021402628503901591,0.10708823391649974,-0.017877132476098831,-0.99926960011370636,0.033773871898640367,0.10773286631600866,0.031657444333327657,0.99367571960555612,-9.9274409741997029,-20.046604702678124,1.8234497192488039,,0.1794841919796673,0.1666666666666667,False,2
-0.92670283369427076,-0.37567015806374532,0.0096845424966940548,0.37564966316230741,-0.92532027291045471,0.05166936333038466,-0.010449334383324807,0.05152014054021041,0.99861728731765065,-8.9492770865699178,-16.066486805615472,1.0747534117696176,,0.2480268749398571,0.5,False,1
-0.87957522098602003,-0.47300090361919872,-0.051162249782589653,0.4744980127003855,-0.87998222866492404,-0.021975285602198941,-0.034627540640064666,-0.043605302536904506,0.99844855201451699,-18.562270183102815,21.260814884865848,-5.8391951007427609,,0.1670403572594737,0.125,False,3
0.10745069000983046,-0.98245674987217513,-0.15242402647553108,0.97925522224661288,0.078091636380497736,0.18697835711694752,-0.17179510737837667,-0.1693529774111403,0.97046690315684325,-20.476846800517244,23.126629736438122,-6.2322400585606159,0.5101688839946963,0.3861660853301049,0.5416666666666666,True,5
-0.95422275382440647,-0.29906233990874004,-0.0045445497111970198,0.29908032706917054,-0.95390004426269415,-0.025013266796437589,0.0031454799262393487,-0.025227413738648032,0.99967678954354766,-0.61248055099920351,22.611670553384382,-5.9356415057309988,,0.466556866598867,0.6329113924050633,False,4
0.99261083396945693,0.092294025848301695,0.078775282158634052,-0.11409081086716936,0.93093105213611627,0.34691593080228389,-0.041316088417602981,-0.35334004720871393,0.93458214827612274,-3.0473069565635345,-22.767714061556966,2.229437686281543,,0.4007425402156045,0.72,False,2
0.90774325631560004,-0.41917676261850817,-0.017117893977222708,0.40512186986425514,0.86524608638627465,0.29533960207009524,-0.10898830749781402,-0.27502736531825267,0.95523897384626222,-7.5849060811326421,-19.126636083691675,1.6427205515894139,,0.403112581867504,0.673469387755102,True,5
-0.98843710661342454,-0.14748598499272855,0.035213214854754316,0.14858446109415149,-0.98841614894533447,0.030922070199707108,0.03024473823730282,0.035796658151281961,0.99890132399259435,8.5540174084620784,20.811685304948366,-5.6907661002091299,,0.1138588587876997,0.3157894736842105,False,5
-0.61617231806130823,0.78037105204220059,0.10654902904064423,-0.77207116264929876,-0.62520283587689596,0.11413822241846974,0.1556849198230684,-0.011934619643578413,0.98773466608884819,0.66245073323140669,23.747979888155815,-6.1536533880723177,0.5761476074387127,0.4485858243628177,0.8214285714285714,True,5
-0.70062906644220357,0.7018761023947091,0.12840890990713705,-0.69969211651843122,-0.7110935832826244,0.06911481676338542,0.13982079007889114,-0.041422852406494577,0.98931000902660704,17.046495300552575,25.750119883445588,-6.6678611194374913,,0.1315216744049846,0.1818181818181818,False,3
0.8252638935417651,0.55248191255030477,0.11706084879686893,-0.56281178925384434,0.78742731094267449,0.25139832906858062,0.046716120270974826,-0.27335318963997035,0.96077866224249686,-11.53041924837258,-9.4701821163247679,-0.049144318648858688,,0.3571154451948628,0.1333333333333333,False,1
-0.41681442976376504,0.87793226629795551,0.23558579527137133,-0.88502409992246278,-0.45108026592688416,0.11514745436946042,0.2073597687526274,-0.16050398588280718,0.9650079775932372,-7.7850921322108686,21.076268397252996,-5.5514920397532803,,0.7181593878181397,0.7049180327868853,False,3
0.98683255860974195,-0.16137785611588423,0.010894440012723078,0.15038691601226703,0.94024554894884571,0.30548663338058291,-0.059542226697270696,-0.29982577480484279,0.95213403888455006,2.4033379375179611,27.77007944755918,-6.8210516110762116,,0.4148199297453668,0.2916666666666667,False,3
-0.78573116633413265,0.58781295505453046,0.19261999927646056,-0.60204865441545918,-0.79820909640819693,-0.019991401345185483,0.14199983087221657,-0.13167447847350613,0.98106976293788173,3.771284063694015,-11.805833300949587,0.23003479630415524,,0.4026224571587101,0.1714285714285714,False,1
-0.049391923088862172,0.94369385932155192,0.32711211810689711,-0.98452561448687959,-0.10113566683912587,0.14311146464291036,0.16813611257792774,-0.31498170863052022,0.93408606181410403,-5.3394525561071857,-18.813953027579693,1.5461658813692747,,0.2896689897828711,0.1818181818181818,False,2
0.98906455728630183,-0.14706699787849639,0.011072472851973054,0.12729651219863164,0.88919011992491537,0.43947301237957498,-0.074477510042394723,-0.43325769325301167,0.89818754819634616,-3.3640246622722261,-20.01236985575764,1.7409005484524827,,0.4352100227788638,0.2666666666666667,False,2
0.54322882439278308,-0.81392406716369592,-0.20598557532153156,0.82323712520857362,0.46819300463462532,0.32105442854681998,-0.16487292084256416,-0.34398099264771748,0.9243884446865035,-19.556189116538949,21.167505407644708,-5.8498361496288513,,0.7598827607702805,0.5076923076923077,False,1
0.19134168254261871,-0.93955235304611318,-0.28395375751567825,0.96686430975020621,0.1306116179056041,0.21934906382143149,-0.16900226937238957,-0.31651537269711455,0.93341108403178386,-17.554001780158966,4.6088130847716773,-2.5346329862648282,,0.2471702874928728,0.1956521739130435,False,1
0.14918392722782189,-0.97194333715283565,-0.18185242704207541,0.97444708284443515,0.11327767212970372,0.19396146971201794,-0.16791973854450434,-0.20614150082184982,0.96400655757420073,9.8853414024385398,-10.080622116841344,-0.21200741706891127,,0.2824292031200327,0.1538461538461539,False,1
-0.77958170271209659,-0.60801438417833342,-0.15023607232868474,0.62349818432731652,-0.77610063031633159,-0.09443424041697715,-0.059180933898065224,-0.16729112425599293,0.98412971543801975,-11.444659711621581,-19.529148112186707,1.7257012218832319,,0.6865936076982948,0.1891891891891892,False,1
-0.060071601070005455,0.99179358178576571,0.1128578480808787,-0.98452016167830758,-0.077518767230906283,0.15719698462730902,0.16465556168500353,-0.10166775228931317,0.98109745395176395,2.9477427548890445,-11.841403439330195,0.27787681454670143,,0.06547085366729431,0.1333333333333333,False,1
0.44638568630995229,0.87537799599702892,0.18561568678810192,-0.88729523351446749,0.40611432665152836,0.21858252965615238,0.11596114711445284,-0.26226802666852422,0.9580023457942568,5.6610346712261164,-25.888935027978661,2.5947473511332126,,0.3510484836354744,0.1818181818181818,False,3
-0.87381702922568827,0.47204941435304931,0.11667540376675765,-0.46760451848533102,-0.88156995624057821,0.064656218154843056,0.13337846050728902,0.0019397584715967198,0.9910632793166021,9.0034978283705858,-14.087115230537792,0.519721546990628,0.6600427341827623,0.6810192596178674,0.8301886792452831,True,3
-0.0094426169407876518,-0.99975354632500901,-0.020091878853845439,0.98583948729151649,-0.01267163578814789,0.1672122451952964,-0.16742563209410008,-0.018228446368809985,0.98571617692968294,1.8157087071719631,21.573000437363298,-5.6467348090492875,,0.5321407731743377,0.8,False,2
0.91788045326590828,-0.39680613112881968,0.0063535667895022047,0.37386034463727025,0.86995194701564837,0.32157744415829814,-0.13313119927376979,-0.29279430353451186,0.94686196438428527,-11.843235227442676,-11.110989651912652,0.21929516892169343,,0.1699645242267621,0.2142857142857143,False,3
0.19305408095174362,0.94432174345326492,0.26643304350110869,-0.97717621094984675,0.16051025774952529,0.13915139205513316,0.088638448664098701,-0.28721577602660858,0.95375590347837691,-2.48859591120861,-9.5820503321576744,-0.086373347160193514,0.6438178529597194,0.3042992545374488,0.5087719298245614,True,2
-0.71321037257298314,-0.68395516123014866,-0.15341545515673471,0.69693929968657298,-0.7153162446264365,-0.050973353096704255,-0.074877079314673245,-0.14327598403142613,0.98684619642228488,-11.281506714173817,21.91181723611081,-5.7460540906451811,,0.3381405573051376,0.3846153846153846,False,1
-0.96958546418009428,0.23440884066985415,0.070402578549981581,-0.22731527677689212,-0.96907761552216942,0.096001771013411633,0.09072922679333506,0.077078340081253929,0.99288828016841957,-21.988724484010351,6.8451163929022174,-2.9529463913996779,,0.1263900185225706,0.1,False,1
0.82867074681746788,-0.55837499558646198,-0.03901483913591499,0.54327781236867156,0.78556988692839536,0.29619110611093813,-0.13473682479891394,-0.26664080155731812,0.95433153096184553,-24.635371223083698,25.63484172828732,-6.6828941251021687,,0.1522956907464893,0.3333333333333333,False,1
0.85852786516142376,-0.51260845453636661,0.01274664972478463,0.4980687679159822,0.83957018660947735,0.2169087462118191,-0.12189096425914463,-0.179873494696594,0.97610866133725638,-2.1501590703502895,24.828705074243146,-6.2926110856347739,,0.206666815310721,0.1052631578947368,False,2
-0.97773640964390407,-0.20478927139693848,0.045747869648311651,0.20810064925850641,-0.97430933825719224,0.086112909386573608,0.026937576632575847,0.093715888223626531,0.9952344946089946,-14.523636402641914,25.641653331400963,-6.5066710179211329,,0.3310964279263365,0.7758620689655172,False,3
0.71626322621315797,0.68131635621483144,0.15091392755098076,-0.69667695882154845,0.68572949517165194,0.21075168919557635,0.040102441594945464,-0.25609194092312915,0.96582022756429542,4.62859999156698,-12.099053132031267,0.25867713743365911,,0.1646865122036957,0.2857142857142857,False,4
0.62046285359572428,0.77987015196281584,0.082634093359502156,-0.77791573388577462,0.59868617397498602,0.19084542453030021,0.099362761036561081,-0.18269485807950012,0.97813579351258995,0.78083395986518711,-13.74212722745186,0.54750931714039774,,0.08765824928997376,0.4230769230769231,False,4
-0.96573292225947149,0.23471567080756345,0.11076315606525985,-0.24460023453854882,-0.96579881149259228,-0.086042901991872478,0.086779307025744712,-0.11018715713208879,0.99011521666686841,-17.267440760264833,26.464901157398188,-6.7691598036538414,,0.3034785147758173,0.1,False,3
0.9134375305097967,-0.40686494406942897,-0.009633023593098998,0.3901418402367024,0.86866463876198363,0.30530491293333617,-0.11584999936505869,-0.28263521127399016,0.95220592047898067,-8.2669405984078335,-12.721636813622585,0.48242461043785967,,0.1253175216910562,0.3103448275862069,False,3
0.49001019497222081,-0.8685031403731327,-0.074781708895242424,0.85847431730691581,0.46589122906241687,0.21439964833724756,-0.15136662560720252,-0.16925618997459799,0.97387909249946003,-6.4798415331241843,-17.040805132187693,1.2838852659498037,,0.5096739311886708,0.5277777777777778,False,5
-0.71214622392432392,0.67952088647533937,0.1763494275411632,-0.6854646092734199,-0.72729439703825138,0.034367564219834251,0.15161142827625101,-0.096406560360462967,0.98372747747305489,-6.2147755349190597,-21.603738631895329,2.0492832323398438,,0.4476200402383353,0.3846153846153846,False,1
-0.92079046324628444,-0.38863181499664351,0.03332019158269612,0.38983752907001595,-0.91403806584819525,0.11207638069225304,-0.013100523778746216,0.11618832365132441,0.99314080055338483,-18.063591634295321,26.868606389778734,-6.8695130324554654,,0.1353837179458245,0.3333333333333333,False,1
0.68426708950560111,-0.7162389487444909,-0.1370413022446903,0.71266988556215494,0.6169886445512629,0.33380630118022048,-0.15453214692211661,-0.32607787535523164,0.93262695370199289,12.118222834731146,27.891545534746644,-7.0166488250039061,,0.3664569614468394,0.2941176470588235,False,1
-0.5935123736306166,0.76925712900777354,0.23661473288463947,-0.7825364647467915,-0.62028258651189516,0.053723311622672631,0.18809503898015242,-0.15327420637808242,0.97011714445742292,9.9985496129748004,26.155229830345558,-6.6269878229169308,,0.1887703267896628,0.2727272727272727,False,2
-0.64195415109299681,0.73521058353308355,0.21762413872411918,-0.74680096453837874,-0.66385555790504325,0.039800974901785802,0.17373309200903211,-0.13697151565025642,0.97522080404463007,-7.3776845681029384,24.73984846944893,-6.2541546409264726,,0.2079545464502822,0.3636363636363636,False,3
0.99818323156319855,-0.050765101245345341,0.032452129692830164,0.034759583649966286,0.92513640751573067,0.37804020795858356,-0.049213896112088387,-0.3762253739242451,0.92522022267405668,18.647442361199733,-8.6260028318525794,-0.76212209878908344,,0.1433073291845209,0.2,False,3
0.57997176699701147,-0.81462494156087983,0.004353627602093936,0.7982041478751245,0.5693327585688851,0.19680027524190694,-0.16279707553058531,-0.11066351976725194,0.98043393331290418,17.960234927438535,-13.503873895806842,0.046744177245293853,,0.06254781609907575,0.4285714285714285,False,1
-0.94863254378419615,-0.31500160798592913,-0.029500573550447717,0.31637963406438491,-0.94435906220934651,-0.089943808971880812,0.00047331048178302776,-0.09465700496721513,0.99550983289359074,3.8220239092970187,21.506808815878056,-5.634723593629313,,0.1767706474288186,0.2068965517241379,False,1
0.93093185777753351,0.32080810788265324,0.17449365057680938,-0.36509431544907711,0.80646411198315993,0.4651040495523367,0.0084862831463185795,-0.4966868168171617,0.86788835053732316,17.113561805013767,-15.671515471189984,0.46089239843302043,,0.4090092840756465,0.1,False,1
0.54560674256627506,-0.83676759250142696,-0.046187429086100101,0.8216876955817386,0.52331187090874387,0.22577426048059926,-0.16475015446362923,-0.1611356009867321,0.97308412005276002,2.5265025669648367,-17.124478615349346,1.2309710904489024,,0.5204873323850077,0.3469387755102041,False,1
0.72776678470336387,0.63488596347919535,0.2593748647414037,-0.6823036233281391,0.63198011763782369,0.36750904275102553,0.069406575162734699,-0.44443328440563085,0.89311913149176436,0.81955881479071824,31.580451405252763,-7.5202084499480994,,0.3463842236677381,0.2727272727272727,False,2
-0.49082814001351593,0.8149916549473244,0.30802003074003909,-0.8550628315980815,-0.51844256574718883,0.0092119509846313452,0.16719835821665213,-0.25885499490582353,0.95133527245759308,-27.865201047989476,16.472377277910539,-5.0071630259383735,,0.1882488350327513,0.3846153846153846,False,1
-0.92289134391160954,0.38065995247954959,0.058047979390244947,-0.37063752173552494,-0.91904378104329165,0.13411322085237554,0.10440016673727845,0.10225717140580816,0.98926441161163348,-21.226674456416895,21.170221339992285,-5.8648341558867205,0.8013926618854619,0.8869491719121676,0.7978723404255319,True,2
0.26010335154022596,-0.96551594624809223,-0.011189461925974226,0.95062365024178086,0.25402529740180974,0.17828579270630138,-0.169295369453904,-0.057009699355225957,0.98391512441922191,-17.93959598361846,29.677715315123962,-7.3670459040766021,,0.0919330367317849,0.2941176470588235,False,2
0.92733920434020722,0.3381841966042472,0.16022936453974512,-0.37367127943600442,0.86002063394675754,0.34746839296614612,-0.020292240347732783,-0.38209417471738111,0.92390057183049323,4.0864983697820083,-27.542015012099775,2.9156425846619629,,0.2781681250027712,0.2,False,2
0.32211192560396362,-0.90908808750511183,-0.26420211304984881,0.93124403053139948,0.25403839179768156,0.26124519343421732,-0.17037741336028281,-0.33018683294332929,0.92841165027562722,-21.74153415978363,18.314703972623473,-5.3692231592921091,,0.6418442278425576,0.4634146341463415,False,1
0.9733320689598951,0.21619802795976037,0.076701344450809367,-0.22869747526421236,0.94066216799161906,0.25070331173936022,-0.01794849135793955,-0.26155897693563973,0.96502059731508139,16.89276314432556,21.737830700937138,-5.966523442168409,,0.1051426063484041,0.25,False,2
-0.41950299443523842,0.87410007846558513,0.24488015535426014,-0.8918286093801483,-0.44717287425041424,0.068397017666667864,0.16928960142589883,-0.18969837469277739,0.96713781721530223,-6.7458173576863496,28.384437881534929,-6.9771760935200788,,0.7323716495861172,0.1739130434782609,False,1
0.65182408328289132,-0.75495902775897417,-0.071848666359537905,0.74272772805262843,0.61636467219663904,0.26162972470595114,-0.15323474290839065,-0.22390055219484251,0.96249034088277741,20.402466286953022,-11.229061058319358,-0.39312298927109163,,0.1791267865448734,0.3,False,2
0.66167823235080514,-0.72934435856102819,-0.17389285053824577,0.73323968034612352,0.58097476639618439,0.35330990925363798,-0.15665723091842571,-0.36128261437011,0.91920258080298589,-10.730260098109,-12.684867646337338,0.48224885893118979,,0.3783649146295784,0.1111111111111111,False,1
0.40590897085642524,-0.91187104715272083,-0.061066363432576022,0.89804660813530923,0.38557350973263221,0.21176722647550311,-0.16955883048353751,-0.14079865751157394,0.97541044747736561,23.49754722307539,22.60412089264328,-6.2415122043186235,,0.3680656346125576,0.4375,False,1
0.96623321094731784,0.22472346769727072,0.12606643141038898,-0.25742973235580363,0.8629927858050781,0.43471069062953849,-0.011104726996011071,-0.45248515413713281,0.89170279259618768,-32.739396994460712,15.920803197138346,-4.9237347647094385,,0.7281934445710252,0.5476190476190477,False,1
-0.54031585882728494,0.82394803841434794,0.17078759525469639,-0.82512228049485792,-0.55859991444729895,0.084494720606884843,0.16502119539834453,-0.095266812545707319,0.98167827698115151,-14.93319735264245,23.442533206251927,-6.0288195472960977,,0.07885801610469538,0.4666666666666667,False,1
0.98578842173126402,-0.16288405321871735,0.041109278607472217,0.14842002614207611,0.9590923183145158,0.24106725366601325,-0.078693604699302727,-0.23153986731690643,0.96963735820269448,-3.9345051182452115,-13.087876567022755,0.54371060076255251,,0.0689574796837174,0.3043478260869565,False,1
0.92968990705868548,0.34399388407513337,0.13169997886149187,-0.36823149208413852,0.8591666165180053,0.35530028609401987,0.0090689001925671892,-0.37881516968029022,0.92542791305935379,1.5045134844805137,-9.5823707841446879,-0.16025538500565303,,0.3533103159417797,0.2136752136752137,False,1
-0.97368913616150377,-0.22317275187996125,0.046080244567384597,0.22467331181011041,-0.97395996272745622,0.030395624096387353,0.03809683820662238,0.039948890125475249,0.99847519603463408,25.863856838676881,-11.329712408075778,-0.56550548767701392,,0.7156447071542595,0.3404255319148936,False,2
0.05276556971581986,-0.98950705476838186,-0.13450495610261937,0.9857018206267254,0.030024928128424215,0.1658023657974812,-0.16002410901399752,-0.14133043640520448,0.97694318784655565,21.7162570257039,-16.763739673548631,0.44299384059985097,,0.2000986739993454,0.2727272727272727,False,3
-0.70664449208531521,-0.70473466337774082,-0.063266231429967762,0.70344233565079006,-0.7093520001792708,0.044593948645864662,-0.076304929196279972,-0.012992077413984223,0.99699988149689411,5.2328832312243954,21.460598177850951,-5.7003273106432291,,0.8326149454899637,0.6470588235294118,False,1
0.69818410250053786,-0.71177307799873257,-0.076928827182857262,0.6993525932314214,0.65509789015388276,0.28592429882124165,-0.15311730586712211,-0.25342817474018714,0.95515928037780828,4.9236879731273273,-14.491449554341505,0.68705253092847074,,0.7051853504154608,0.603448275862069,False,1
-0.59627676784641714,0.74534175267404124,0.29819404395027665,-0.78631520052190429,-0.61710273780400371,-0.029876686948209163,0.16174801870449124,-0.2522892837906367,0.95403757563818214,12.993025600625831,-10.256136443511686,-0.25794317869765582,,0.4015849318221559,0.2647058823529412,False,1
0.91950447835152738,-0.393044292513335,0.0052629282893308996,0.37479316057742196,0.88068604721008537,0.28969323953772652,-0.11849726189188274,-0.26440172157565045,0.95710507706936709,14.289566263336095,-9.158162575552609,-0.47817773886285453,,0.1847670013112371,0.5714285714285714,False,2
0.96569746819746949,0.23070061490082169,0.11918735755683912,-0.25886848219387476,0.89134625317577032,0.3721410564237122,-0.020384034037417578,-0.39022952634814773,0.92049193799971074,7.6711479997503114,-15.261963169283399,0.72964558931338885,,0.7055978204316437,0.3953488372093023,False,2
-0.47466206165662322,-0.88014943116087796,-0.005736379613256383,0.88002539073671204,-0.47469237615676718,0.014915082210297026,-0.015850516792264555,0.0020314639611475616,0.99987230898329871,3.6193194828807451,24.47611563933074,-6.2169772044577902,,0.4210373148538181,0.3529411764705883,False,2
0.52941999739655954,-0.84826569520733552,0.012640280497069036,0.8321154461598036,0.52212678385502809,0.18699600488640714,-0.16522212508892239,-0.08848125177472492,0.98227934797871019,17.32636453423406,-11.449508699053753,-0.25578536984297812,,0.2231816218826916,0.5365853658536586,False,2
-0.59756342963623144,-0.80162332514516488,-0.01783233424416119,0.79587544384729891,-0.59568873704902492,0.10833838855089165,-0.097469099935574996,0.050546742092328241,0.99395412440494546,-9.5170404581925645,21.729550154330703,-5.6880274441982621,,0.08087585152594493,0.3125,False,1
0.9945336891189811,0.086225332652134709,0.058889160432277828,-0.096868111380382219,0.97243700189028492,0.21209159896665225,-0.038978329940977531,-0.21663672210329921,0.97547384405290427,14.59610261654845,-14.730311777436061,0.40572560601216101,,0.08218366142324868,0.3846153846153846,False,1
-0.96664305200169331,0.22598191862933215,0.12055447925920784,-0.23885698059404983,-0.96527352417705858,-0.10580343257331612,0.092458384359378504,-0.13106943188786802,0.98705230417959411,-28.606256327471815,20.858141507655684,-5.8189293157927109,,0.1601237491892824,0.2105263157894737,False,1
