axis_00,axis_01,axis_02,axis_10,axis_11,axis_12,axis_20,axis_21,axis_22,location_x,location_y,location_z,dbh,dbh_approximation,score,reconstructed,number_clusters
0.30192456975642851,0.95299473433096349,0.025349369121385329,-0.95226641676356349,0.30022375949283209,0.055266316507195469,0.045058025718831919,-0.04082561173389615,0.99814981027142125,-10.676159624277011,-8.0699366011102907,-3.2424561984710132,0.5462269341239299,0.3917640816988831,0.3265306122448979,True,4
0.16905613690931143,-0.93319564181522352,-0.31712129646299947,0.98509092833261669,0.17038762699718468,0.023746988926010001,0.031872958602614264,-0.31640788653783847,0.94808763510899918,-11.573251117903892,14.805977178670231,-3.4508049668510417,,0.1432863224770667,0.3170731707317073,False,3
-0.65683341032660292,-0.71983473135224174,-0.22451688270098649,0.74289723146863151,-0.668768054449278,-0.029206040888286412,-0.12912619623827337,-0.18597647401532186,0.974032430957954,6.1840957195327135,-19.984288124629344,-1.3247402802638508,,0.1525684388702207,0.3529411764705883,False,5
-0.71696537389297466,0.68966881940410973,-0.10157545067707205,-0.689234545188813,-0.72314011984870397,-0.044990096505492787,-0.1044815503181241,0.037752968187218822,0.99381000147723286,-11.232398360103087,21.993933682562215,-3.3800237664386343,,0.120519946394172,0.1333333333333333,False,3
-0.62734264675645601,0.76861191638945969,-0.12520752990425935,-0.77141978492660201,-0.6353563784474382,-0.035125315513886354,-0.10654913882523215,0.074551957387297779,0.99150859132199309,17.17872029423884,-8.9886960793290935,-0.39347096211194732,0.2316162099365597,0.1547735637706879,0.625,True,5
-0.93729306141855229,-0.29240597957780529,-0.18968516052602183,0.31791629074928596,-0.9403149755956185,-0.12139595852756747,-0.14286689292083721,-0.17408759225675902,0.97431132659401565,20.721611165298672,-2.7469632642130106,-0.14734179795953978,0.369026197198289,0.3006421236387485,0.1764705882352941,True,5
0.095647518526587233,0.98974900082883421,-0.10605879293123791,-0.99530907577537808,0.096649187559843738,0.0043333847262055913,0.014539459373350759,0.10514680167436,0.99435041822226022,-9.9015680666503911,-18.269164478744987,-3.1419896522808832,,0.108197762126388,0.4,False,1
-0.60462711669070501,0.78750951074565301,-0.11939355195079855,-0.79074152424091304,-0.61147293459078378,-0.028787012767798371,-0.095675971923169734,0.077004030726178646,0.99242958825726235,11.899820821785802,9.7456501922991947,-0.67458323078187299,0.1750959691041106,0.09195570700195808,0.35,True,5
-0.75571664257779336,0.64486782823228772,-0.11418336236913507,-0.64368666688686638,-0.76352582485833909,-0.05192099427466592,-0.12066412475555728,0.034260748464772436,0.9921019958207975,7.8171720266304483,6.3633359009020793,-1.1862469868554364,0.463841159960249,0.4285490087928186,0.9201680672268907,True,5
0.95531111183405604,0.28456373324961581,-0.080026004057562911,-0.2544053166496007,0.92932938226561557,0.26762816391072453,0.15052778636117645,-0.23530911792119477,0.96019321209658282,-15.240885651246355,19.761511953146925,-3.9383233245127558,,0.336778863708079,0.2083333333333333,False,1
-0.77856732779065851,-0.59797367246765565,-0.19042164565105946,0.61582758989626041,-0.78639108390631773,-0.048429770546732538,-0.1207861565721659,-0.15497274014545603,0.98050709033251382,-6.3306365751103018,4.9563839495198687,-2.8261138046003462,,0.07044564274503519,0.3482142857142857,False,5
-0.74698283782903696,0.65249851183373575,-0.12752384892105098,-0.65069583050818702,-0.75687166542462769,-0.061157323654742232,-0.13642425058668789,0.037295765605635647,0.98994820557428664,-12.684426047397769,-16.986177874220029,-3.5099914073592999,0.3251691687440109,0.2329917178267281,0.5813953488372093,True,4
0.86775188703624218,0.48871337133827986,-0.09036538729078919,-0.47785796540421666,0.87039949837128694,0.11856001912430306,0.13659585442019903,-0.059698860208426352,0.98882638448062821,-18.449143934625756,12.478209855866801,-4.375520551518731,,0.1371895322720813,0.4722222222222222,False,1
-0.98236263004951763,-0.095571836947778752,-0.16071616926938115,0.10761584153890565,-0.99186663856625512,-0.067966182393553093,-0.15291335367478648,-0.084063043495389553,0.98465776338087363,9.4234400170534531,-7.2579257088067068,-1.1327585647379055,0.1380721485613531,0.1221419379023691,0.5135135135135135,True,5
-0.61306082423991581,0.78656630274666395,-0.073958617927332215,-0.78401246313943107,-0.61725284370792255,-0.065752449205541103,-0.097369828100493744,0.017674227505853624,0.99509132156689717,3.1263263027087924,13.719631829694388,-1.6557319767174796,0.4840484005392211,0.3106581719856217,0.810126582278481,True,7
-0.32152622838047862,0.9452131697359174,0.056506178610889274,-0.94173639225966654,-0.31297883366371199,-0.12319422540140156,-0.098759566408390162,-0.09282409943696629,0.99077254433424045,14.39263209273647,-7.1029642984762225,-0.6878448643123608,0.5795502944488683,0.4983987902120839,0.3809523809523809,True,6
-0.77693336796144241,-0.58441982921584623,-0.23415380622020912,0.62317415377379959,-0.76679029615334815,-0.15390456716215339,-0.089601985560583353,-0.26549219375413291,0.95994029983078577,-13.392247661273318,-8.4064064135546097,-3.6269296345554758,,0.2857733187298173,0.2631578947368421,False,2
-0.38105393478291777,0.92265802955491416,-0.059161298872650966,-0.92344666009670506,-0.38294722909181184,-0.024447611072326368,-0.04521244013207177,0.04531644545578016,0.99794902426354248,9.6347379793438552,5.2498662027438296,-0.99534762241598551,,0.1209144768851637,0.3157894736842105,False,5
0.73862281380220374,-0.60015397617977184,-0.30700414297941647,0.66094633937278335,0.73432071056819137,0.15467071636332835,0.13261325499599846,-0.31715658420760789,0.93905560308915148,-7.0234635074704173,23.560998238303778,-2.8298209467261466,,0.4479218624712507,0.4736842105263158,False,4
0.98780711425684598,0.040580709792771133,-0.15030073524862614,-0.028926909147444984,0.99646057312412473,0.078927562589480263,0.1529716932989178,-0.0736174721235099,0.98548471771377866,16.257629613286696,5.1972351083773018,-0.35585237456703483,0.4974761284888352,0.4674042479170327,0.816793893129771,True,5
-0.96011324315534696,-0.2120448674599241,-0.1822622684529811,0.23505841823476734,-0.96510353231687573,-0.11542405263401551,-0.15142688114959146,-0.15366244203901624,0.97645161353336662,-0.79933891157091952,-24.02104379792959,-2.2330601981467706,0.3374242142372247,0.3310974560192409,0.4857142857142857,True,5
-0.94893424044686414,0.28260388711110085,-0.1402100220998129,-0.27769653571675446,-0.95915988761913584,-0.053823266654493315,-0.14969449341391017,-0.012138903251263003,0.98865777985580527,-7.4484977700949848,-14.843712827747899,-2.858974240868585,,0.09465982471269994,0.5454545454545454,False,4
0.93300703703450361,-0.29321952550842117,-0.20861490527935361,0.33452144404744288,0.9203827388318514,0.20246238547640091,0.13263963327946529,-0.25868498974814419,0.95681179119118953,-13.384584957353173,-12.102186527145054,-3.572468933817285,,0.4728833017761468,0.4230769230769231,False,2
0.62837267614807379,-0.72631568811521363,-0.27859163854687596,0.77151938459327585,0.62769207248817505,0.10373283632637,0.0995269765808348,-0.28012172949134917,0.95479118010141595,-17.558140216718026,-13.392710019731702,-4.146701673148443,,0.09243080740384181,0.3333333333333333,False,1
-0.63396596469951061,-0.73575535116081636,-0.238225143175197,0.76713556204261979,-0.63728994852860443,-0.073243094923431312,-0.097929490206846478,-0.22918460843309924,0.96844423185085593,15.046359045405051,17.25270440720103,-0.24655722902246061,0.4212002826727279,0.2135693000257952,0.4444444444444444,True,5
-0.96088135319879209,-0.22241237018786078,-0.16504472927748098,0.23230305331223275,-0.97169182662008147,-0.04301494509521283,-0.15080555857352534,-0.079672653195109508,0.98534762994395997,-5.2102355101917253,11.716062460910015,-2.6471273959749562,,0.1063868599294338,0.4534883720930232,False,5
-0.045175577358701362,-0.91228539742698656,-0.40705591858096679,0.99880487690248565,-0.048856840536268646,-0.0013516688297218436,-0.018654358367942159,-0.40663049907047089,0.91340224005614379,13.743947284091586,18.849315003091657,-0.40794108699423443,0.5257636428527968,0.4161140024760683,0.3666666666666666,True,5
-0.80737275586549739,-0.50528551378267117,-0.30468964972170332,0.57152992943885328,-0.79803977534267267,-0.19101323704559306,-0.14663823799327211,-0.32835813760648402,0.93310136674738076,0.4733592918716526,-25.86858846688888,-2.1272018049831392,,0.4150598829295104,0.2380952380952381,False,3
-0.092131506019316189,-0.9761583738994839,-0.19653654791038225,0.99564745916729336,-0.09309871156698625,-0.0043320847500093428,-0.014068498581115977,-0.19608023605270464,0.98048692922302139,-8.9299960730589714,-11.544101907151607,-3.037079778625257,0.5044879708920817,0.4427885823983133,0.9358974358974359,True,4
0.31865885043919034,-0.88107094813751785,-0.34952899934745035,0.94565904506143617,0.32068015826159801,0.053788535867878851,0.06469549853171741,-0.34767545275065448,0.9353802820373972,-4.6635595951171398,8.2072944513772068,-2.6049707521765564,,0.1287656220728522,0.1515151515151515,True,4
-0.97259829801956532,-0.14564134062911027,-0.18122127521127698,0.16854038499744659,-0.97859703976079626,-0.11807612966353474,-0.16014583764293833,-0.14538374624132816,0.97632826293950925,21.113793484586957,15.082155764367171,0.66866081640014663,0.5815416863502273,0.3363148813631555,0.4375,True,4
0.75131150266930824,-0.6356237790793754,-0.17752024511486195,0.65098497935438315,0.7579740585271586,0.041156812982082819,0.10839549165791325,-0.14648460010773165,0.98325616159753526,14.928850977767254,-14.996209924488481,-0.55850519645476948,0.4980140487818108,0.6030168510117513,0.9166666666666666,True,5
0.0088275834152962591,0.99292018593308007,-0.11845496248644,-0.99996017950224392,0.0086103637429108364,-0.0023454308889769883,-0.0013088853602151206,0.11847095003768937,0.99295665606122063,9.0445747382836448,-8.2585304384293092,-1.1478680172421514,0.6656844725619943,0.5633333134729822,0.9879518072289156,True,5
0.98227142491122976,0.11215383653303541,-0.15021439596051828,-0.089598385170116673,0.9847208360791917,0.14932181477066545,0.1646662599859777,-0.1332155844577454,0.97731194143927824,21.409144233960042,0.00038616065830012619,0.079580353304424173,0.7204410962658132,0.2853883156344373,0.358974358974359,True,3
-0.75832753432941391,0.65154032077692192,0.020846128652034002,-0.64125413635887929,-0.73984344883333497,-0.20353084243186342,-0.11718567864930918,-0.16771070812652966,0.97884658404634528,-13.318265800885332,20.391092551671083,-3.6582100387719376,,0.403423108884241,0.1714285714285714,False,2
0.45322900352417017,-0.86523318833451868,-0.21437117382934717,0.88848412585964542,0.45790768777263402,0.030273876100400381,0.071968246191708149,-0.20418638368707226,0.97628299803739615,-4.4268294727511632,19.667744866383348,-2.5324798247775848,,0.09678293262644566,0.2666666666666667,False,1
0.90823586579949411,0.4094058370794873,-0.086570622272727049,-0.40068582600094715,0.91049911333611089,0.10218724703256199,0.12065853023048784,-0.058122501489522069,0.990991066510298,9.1421155948459631,15.637237937389333,-0.97684604976410028,,0.2341777865440628,0.2666666666666667,False,3
-0.74357383876124605,-0.64245292650882535,-0.18534342052016201,0.65803654219449637,-0.75229307516390342,-0.032296101887867891,-0.11868384661182109,-0.14597728001537394,0.98214295205572688,6.8851703448046768,18.257033349553325,-1.2503704234800206,0.2308879201537989,0.1977301995747445,0.3333333333333333,True,5
0.98927320464672686,-0.068664410040322005,-0.12893302665264175,0.08411545251544171,0.98938574817745939,0.11849232866077074,0.11942829319771252,-0.12806654558136626,0.9845485476535617,7.4864986596625105,-6.6374194797921309,-1.2625645558728404,0.1697480692996297,0.1459012696148264,0.2826086956521739,True,7
-0.97276979594619106,0.20086550956771482,-0.11563723950747695,-0.17986632125739457,-0.96890205163735832,-0.16993210647270635,-0.14617465776303018,-0.14450557566759073,0.97864759133655499,5.2827178748620858,10.522083539041963,-1.4142486303531114,,0.5274494072767205,0.2592592592592592,False,5
-0.98457474067499995,0.014049600060628241,-0.17439950906724072,0.03291880756762338,-0.96409458215455601,-0.26351088927890476,-0.17183984442813016,-0.26518718935568852,0.94876067713019574,-12.94537146829799,-12.709277861885328,-3.5522679578256642,,0.3194103196751078,0.4230769230769231,False,2
0.42863120804989385,-0.88582792750661132,-0.17771935835758751,0.90097538815269074,0.43372736940851536,0.011131889735328681,0.067220810979927298,-0.16489224322360649,0.98401824713563635,-1.2078989970702398,12.264713853336676,-2.1737383829604693,,0.07388273146059282,0.4864864864864865,False,5
-0.92724168033575205,0.35660036826930702,-0.11427617248721311,-0.33494174834982882,-0.92627350425371036,-0.17271774816130889,-0.16744220334340035,-0.1218752340213054,0.97831975134500937,7.1465950458957739,-5.1973318301099081,-1.328349817184,,0.3193164782896769,0.2121212121212121,False,5
-0.97526457152271473,0.17953803854891071,-0.12893838934400412,-0.14326646447203392,-0.9576382037915423,-0.24980750748644889,-0.16832627748007592,-0.2251558645758947,0.95967239251568659,6.8722345964566784,26.63178560604527,-1.1736193001552544,,0.2813204398790065,0.1428571428571428,False,2
0.50610239316263494,-0.790580284887202,-0.34473639317995597,0.85872797913508858,0.49911083368367309,0.11608028924049514,0.080290880463610825,-0.3547832984333682,0.9314945977659338,-9.126746595607381,16.733194648543716,-3.1256308780364046,,0.2627449420811808,0.2083333333333333,False,1
0.92204129800906209,-0.31321997795028128,-0.22744909359808752,0.34312309583521561,0.93332625143170223,0.10568183142293934,0.17918254901140279,-0.17548605016147115,0.9680383568477563,12.295074340540266,19.076531994092228,-0.59460600822619147,,0.1594304688478874,0.2352941176470588,False,4
0.079505122366154646,0.99116639319388555,-0.10615138492063007,-0.99669983749997892,0.080792407768156146,0.0078753269481677182,0.016381985382100062,0.10517493926810212,0.99431879329764883,-2.0847236109876475,15.43661116644946,-2.2712908944092827,,0.502097672950561,0.5336538461538461,True,3
-0.89062669195681454,-0.42110692220305013,-0.17161892566595238,0.4326200158065856,-0.90091599139376766,-0.034500701072502846,-0.14008575051578565,-0.10497302760070769,0.98455911248577155,-4.5645072133198861,4.7710885326081174,-2.6432619498782488,,0.08989883682597766,0.5403225806451613,False,4
-0.47406189660475162,0.86957178579176808,-0.13823974660864527,-0.87727025017907512,-0.47988744541976414,-0.010244407217455016,-0.075247766333958688,0.11641713397695999,0.99034581060271132,-20.608143424992392,7.0576338547010034,-4.6238606367061132,,0.07097455188359213,0.3809523809523809,False,1
0.91907826566750817,0.39027054669453642,-0.054626385203062081,-0.36652700449929654,0.89749452736973356,0.24527847095526192,0.14475184472184932,-0.20540806635603723,0.96791240808530554,-8.0364761550000825,15.794489764513516,-2.97280711432406,,0.415239303916337,0.3333333333333333,False,1
0.54571684252274699,0.82989339876874124,-0.11606064995109722,-0.83350067012590501,0.5518600286758617,0.026965564142903475,0.086427777286422286,0.082021066988577696,0.9928760163703142,-4.8939165598601475,6.0290314582824305,-2.6705887989792472,,0.08882013120513041,0.4623115577889447,True,5
0.57847187504708109,-0.78916673629345058,-0.20636412504953142,0.81115012525405095,0.58322079181718223,0.043462423913967152,0.086056749182459827,-0.19253407573747361,0.9775095219996911,-4.2487424019559263,15.459175350323147,-2.534165194263533,,0.1226015231981909,0.3958333333333333,False,5
0.17331123242374766,-0.96315969092904075,-0.20563712331492756,0.98447259129811215,0.17533272232471325,0.0084943195717778197,0.027873530428422954,-0.20391627265052192,0.97859144695310718,2.6737559463132934,8.2497110502734472,-1.7234266495542214,,0.07978637661901478,0.3076923076923077,False,1
-0.53072127513064493,-0.79880557699832766,-0.28327473992587482,0.84023395036588311,-0.53969458459191122,-0.052313134246646839,-0.11109381970319299,-0.26578074708024685,0.95761096365132581,-4.132238323636992,16.898406047665326,-2.5018072493281189,,0.4942899730500575,0.5833333333333334,False,4
-0.94818436875488143,-0.25354518851371782,-0.19147125170753432,0.27670352127254688,-0.9551513170822018,-0.10545673421602003,-0.15614597069498737,-0.15297319653350516,0.97581639511643858,36.734487382520335,9.3711026747071351,3.1397654720369905,0.9997352366433567,0.5714346710207163,0.6129032258064516,True,5
-0.24803125686169983,0.96854933544787036,-0.019816165701150634,-0.96797099461547154,-0.24860066013102225,-0.035069436344997949,-0.038892791141050882,0.010483157249126601,0.9991883977565742,-15.193078066201432,9.9539361173329084,-3.9335132409499551,,0.1086991311550204,0.196969696969697,False,2
0.78214194700582085,-0.58938697415108821,-0.20218053673627637,0.61102784544183963,0.78905215664537065,0.063574099977846535,0.12206124212315569,-0.17326190808805719,0.97728264303477663,-6.625744353684544,16.401531622705168,-2.7819910372157715,0.06403946814114737,0.1440314493363368,0.5,True,5
-0.02476612072734715,0.99295835781125952,-0.11584618645810321,-0.99967391054428878,-0.025320019310215689,-0.0033119781430263166,-0.0062218840561402231,0.11572638538767835,0.99326164321587229,-0.43621147680544486,3.8711037823582721,-2.1370201690108961,,0.07571699558764054,0.3942307692307692,False,5
-0.98644328151178262,0.058499290976148866,-0.15332150963108834,-0.048536678602922517,-0.99650821897467878,-0.067937915379499586,-0.15676046437308305,-0.059575183350144292,0.98583819886345136,-9.9588061844783073,5.0530923610075247,-3.2483829766288679,0.2191852700338462,0.1553755016515007,0.6700507614213198,True,5
-0.95125972432911332,0.29800648740905683,-0.079354082008524701,-0.26935501251936528,-0.92817742853627305,-0.25677721547381233,-0.15017594381255833,-0.22288740345274716,0.96320734594483859,11.837955059914119,-22.819709255801609,-0.7144402388223644,,0.3159199854257195,0.303030303030303,False,1
-0.085801471745245592,0.9891129363785407,-0.11955629023590375,-0.99618497501844827,-0.087088635844781714,-0.005573603339774115,-0.015924917388920847,0.11862195663247527,0.99281177894444828,5.8066808685500257,-10.199590939020615,-1.382533165526229,0.3003070359000325,0.2842142370326076,0.9145299145299145,True,5
0.016409335281198631,-0.93685316867867274,-0.3493377649959416,0.9982869408787286,0.03497494136544952,-0.046903487583260343,0.056159748811928485,-0.34796967369759951,0.93582219935208144,15.712981324667242,12.887830177133615,-0.2603530179770136,,0.2957069302091666,0.1428571428571428,False,2
-0.92879356568822413,0.34609352166264734,-0.13252089118060628,-0.34042688822128087,-0.93809064606364545,-0.063995886929306592,-0.14646517030383321,-0.014325293401526266,0.98911209670938216,-19.646092078039388,7.7964588577989282,-4.4927640538268356,,0.1079305730918327,0.3888888888888889,False,3
-0.78244691020772661,-0.58357483821553868,-0.21729528505720061,0.61013022708255105,-0.78824750157335111,-0.080043627251420668,-0.12457101872657482,-0.1952083104406106,0.97281847064513827,-11.024345588293691,13.959654346400109,-3.3667039895987738,,0.2192516955422457,0.2278481012658228,False,3
-0.38475208984753267,-0.90231295890075847,-0.1944149005547546,0.92079481427681908,-0.38983039013881532,-0.013006803032945689,-0.064052629601562383,-0.18402062689812254,0.9808331507025787,-11.74379508410591,16.27289377833754,-3.4657377145381556,,0.09962183130983199,0.3333333333333333,False,4
-0.94931460376982169,0.27601714032450841,-0.15038723787751151,-0.27629671512808146,-0.96087547438112697,-0.019453738516688496,-0.14987297381041839,0.023083781750929976,0.98843574942496737,-12.774351139072589,-14.90012720593892,-3.5270362593631179,,0.07955480479004612,0.4,False,1
0.92721429479373296,0.34178943296375075,-0.15314579669217041,-0.34417662457612364,0.93883472064263751,0.011481219937264904,0.14770275090717777,0.042063652126029652,0.98813690678178467,-2.2040975311189572,3.0585653207311965,-2.3337851700931229,,0.3942155377640041,0.8495639534883721,True,5
-0.67412786472217312,0.73808101837811857,0.028071913277202903,-0.72743343605843869,-0.65685514181957361,-0.19844878122427606,-0.12803209796506618,-0.15420030147540909,0.97970916547491615,-9.3749251388509389,20.44124840021242,-3.1522473058650529,,0.5800436148306823,0.7884615384615384,True,2
0.92340783300186713,-0.3241444777661196,-0.20554398917147881,0.34665289617878142,0.93421829872076623,0.084071040829405502,0.16477179225115679,-0.14888427676892613,0.97503011677041795,-18.486237791822003,-3.9013978772886952,-4.2999766677818201,,0.1854445040818952,0.4827586206896552,True,6
-0.59090014022905302,0.80035142988009578,-0.10136376554850909,-0.80133508962800781,-0.59681256124152648,-0.04094924755356244,-0.093268957366098956,0.057029426029172686,0.99400631092494829,-8.2589703618870534,29.867843464344752,-2.9491127260005707,,0.5270345347738087,0.8461538461538461,True,4
0.39163205026687981,0.91732967354893846,-0.071628257205942014,-0.91763794690530076,0.39510578965107851,0.042802025461705299,0.06756430716870368,0.048966161895722546,0.99651260874412284,8.5008522596937066,7.2027038863209594,-1.0917238505305646,0.2781228083130909,0.1626032244789842,0.2121212121212121,True,5
0.94360221032551228,0.3242693820238291,-0.066814942570450175,-0.30151611474030027,0.92501875341642459,0.23114570811468366,0.13675855081391664,-0.19796381919383255,0.97062218451335092,-5.4434279198780606,-12.609288592451078,-2.6108355661100533,,0.2332290496875881,0.1714285714285714,False,2
-0.97562179445825348,0.15692068851065136,-0.15342102755293732,-0.14592782509635549,-0.986011994801818,-0.080532080375374293,-0.16391212292171536,-0.056180455892430828,0.98487388651289454,14.109287809558026,-3.7605626847196447,-0.67031593432135628,,0.7324426592502903,0.6630434782608695,False,4
-0.13186142741461687,-0.96989008598083515,-0.204757869387895,0.99100022213466155,-0.13378515520667333,-0.0044824073197424919,-0.023046120915101075,-0.20350615067465866,0.97880239218565046,1.6771324316662246,-8.9833275490800428,-1.7528809933641216,0.5359422302123522,0.5128556067475968,0.9838383838383838,True,5
0.9862605686865491,0.055642354648217415,-0.1555442670858882,-0.055715972495421262,0.99843908173271489,0.0038897914625154704,0.1555179123540873,0.0048299521668852107,0.98782126444974405,-19.73976673131401,8.9410931833980918,-4.5203115150877968,,0.1506655095182168,0.515625,True,1
-0.075154281479297411,0.99308774397136679,-0.090158564480539827,-0.99691836914186882,-0.076866215575559491,-0.015663657638246304,-0.022485534079650038,0.088703538130971676,0.99580423933632656,11.976422926992711,-12.430548370936494,-0.84050340092736286,0.2610271823782892,0.2719281699872962,0.4827586206896552,True,5
0.026666257199518713,-0.93930486687609072,-0.34204572470629979,0.99799700059067731,0.044651238617141181,-0.044813543733630598,0.057366345002797768,-0.34016559783852895,0.93861412119580589,-17.284915570813517,-24.964556907016132,-4.0660794059746896,,0.2597263898834899,0.4242424242424243,False,2
-0.43157795540980298,-0.87324267244042386,-0.22624699651796254,0.90060258658780734,-0.43142858963786329,-0.052766969539979683,-0.051531053119872917,-0.22653169109903568,0.97263967813994001,-0.99891191464271401,9.7172576341261259,-2.1280113947971602,0.3398423240863326,0.3498674352157279,0.8846153846153846,True,5
0.23629856510639874,0.96553447954019911,-0.10911533782055753,-0.97109017211981297,0.23857506105330833,0.0081128204542184161,0.033865406257258736,0.1040437843527791,0.99399598852137394,12.344148818035723,-16.069653458452454,-0.71469566253901273,0.3132097493427529,0.2568849267129112,0.4545454545454545,True,5
-0.85466430345100819,-0.48778350647830621,-0.1778093901185602,0.49899913408586849,-0.86632521257252548,-0.021920087653220122,-0.14334850047405301,-0.10746104814722215,0.98382078171938592,-4.4286705354977718,9.9679846101432403,-2.5773650873664922,,0.07392904992542663,0.234375,False,5
0.98499924523233862,0.084324716587025061,-0.15055174879170913,-0.039151109179109793,0.95892413014186251,0.28094786577178071,0.16805855390836083,-0.2708391677807902,0.94784095061040707,-17.369989452404404,-17.782374822214194,-4.1549301126049558,,0.357554086544145,0.46875,False,2
-0.79391901277154919,-0.58140231696275713,-0.17794366240523202,0.59493271086997324,-0.80321575451874205,-0.02999201943506706,-0.12548972347070669,-0.12967573991778952,0.98358351540681066,-8.7689687165431511,-13.274144169552494,-3.0247629212670137,0.08140704274502536,0.09963899848100705,0.25,True,4
0.88012083956298326,0.45281488283438942,-0.14263936921701303,-0.45261148152360864,0.89099045465384319,0.035761103293121717,0.14328347622790732,0.033086123970864439,0.98912848196815684,-4.3247262130819157,-9.919082041258493,-2.4443222496943808,,0.08553321655739078,0.2363636363636364,False,5
-0.97379511827412824,-0.16849547318696204,-0.1527492819655106,0.17852096419306246,-0.98243185874743943,-0.05438665517965649,-0.14090185580416095,-0.080230408409488724,0.98676732242073695,-15.34673851700261,3.5161985037712076,-3.888976860435156,,0.1671159609567525,0.6926829268292682,True,2
-0.34663767381212779,-0.89634204174585974,-0.27642949787057902,0.93565832681465499,-0.35122346205878252,-0.034432182066246458,-0.066225512882251147,-0.27057905295552054,0.96041717890986111,-1.8965192810297229,13.700805927127378,-2.2367223218709196,0.3771396486589527,0.3249688218413618,0.7525773195876289,True,4
-0.97842139496187497,0.14463099724419584,-0.14755828854052683,-0.14117454040959382,-0.98941128075329821,-0.033690750336839742,-0.15086856206976962,-0.012132277373547887,0.98847938007058733,-17.928276951677528,7.0337234180227943,-4.251519253293119,,0.145074141664649,0.4660194174757282,False,3
-0.22828620165765193,-0.95478086529987061,-0.19047023229353979,0.9730616645665735,-0.23022148812342949,-0.012209150550514641,-0.032193276994637247,-0.18812646189057694,0.98161704714867415,-12.455032863014994,-6.8329353002210853,-3.4735605911213718,,0.09172359678496353,0.472972972972973,False,5
-0.10415195639498812,0.99289987337522101,-0.057464871274263668,-0.99441658179517234,-0.10494877990880769,-0.011018867748492438,-0.016971500520067101,0.055996384232589749,0.99828671889541554,-8.1809782055638465,20.246896358222891,-2.9948899627325529,,0.08096043744471249,0.1666666666666667,False,1
-0.69757561304658044,-0.68338733247598626,-0.21533698682308361,0.70814677068488652,-0.70334760647129635,-0.061889382285385895,-0.10916233439816042,-0.19566271561658269,0.97457667038888718,-8.1014439064232242,8.4414704935594802,-3.0625066936537393,,0.0746454665377096,0.2022471910112359,False,5
-0.7869393352313665,-0.58254842004015162,-0.20338097495670288,0.60552592719410314,-0.79246242157012958,-0.07308667385323056,-0.11859525353629333,-0.18066723197063103,0.97636802340650874,-20.374112327447936,-21.592833058829978,-4.4494201881408335,,0.3643923509670296,0.6666666666666666,False,2
-0.98201049301423859,0.11731479244446637,-0.1479615865136811,-0.11162110347318815,-0.99267429403286012,-0.046243650653817511,-0.15230272771477724,-0.028896114619032843,0.98791137947214869,-17.321498416755787,5.7365573326068384,-4.1756970432549858,,0.3136737439916684,0.8892857142857142,True,3
-0.9457124831675221,-0.27173114031728207,-0.17829774693749798,0.28817011623345379,-0.95476174681506421,-0.073402935422528806,-0.15028600497423633,-0.12079815478936677,0.98123489670331598,8.1465245036276528,-13.728436360799263,-1.1437181234350704,0.1683550838806781,0.1384059520888881,0.5909090909090909,True,5
0.87476569802402415,-0.45097891906523346,-0.17720888273248975,0.46446443421368888,0.88461918953315011,0.041493118227871842,0.13804985661383842,-0.11860397998578341,0.98329819130334628,5.5704932638994524,-6.7633681557821266,-1.4413215364593785,0.549995229460279,0.5004017783395918,0.9904458598726115,True,5
0.81218601072516272,0.57952173189273093,-0.067144964415780717,-0.5712761437304319,0.81336493187754866,0.1099138535231924,0.11831082616072634,-0.050912177874067183,0.99167055948903027,-4.6846062890624411,17.841575556392698,-2.5676753138719932,,0.08306103591055555,0.5,False,4
-0.53685692728824352,0.8364730246220472,-0.10998872079568682,-0.83888194399327698,-0.54312665567714735,-0.035923807356949854,-0.089787101883776421,0.072981607084272621,0.99328342448805129,-3.7836427939225126,-14.11572801767908,-2.4113671081125787,0.1752928661598692,0.1783084154811105,0.4324324324324325,True,5
-0.97099390301359356,-0.18512429961085125,-0.15132691103707188,0.1997565817770354,-0.97589564156374131,-0.087892006540129117,-0.13140832678024858,-0.11557114895373916,0.9845685152300625,21.908868733675114,-13.093328578477053,0.22739847225118517,0.5404974076070335,0.5999202759467341,0.873015873015873,True,5
0.95379927179893176,0.25836133349302653,-0.15335048246267241,-0.25914316983060515,0.96571900225946405,0.015219270847617303,0.15202554603084123,0.025223600668661424,0.98805465604051201,3.3278238855041251,-5.2576707254686692,-1.6856025083680721,0.2537572779630995,0.1069580711159317,0.5384615384615384,True,5
-0.56986777574529968,-0.79936072176050788,-0.19045512509151971,0.81654711187758933,-0.57685583256200978,-0.022094400276082803,-0.092203753998815141,-0.16810646907752291,0.98144723892974262,7.3406852735210757,-14.356087351370361,-1.18874511185288,0.1825067254042694,0.179785967454673,0.4583333333333333,True,5
-0.90524355091933928,-0.3902033819367311,-0.16815300843006853,0.40105534036569118,-0.91538966075258721,-0.034876682058678776,-0.14031652605129888,-0.099010553540519283,0.98514373712900094,8.6564054738269416,13.238432240763302,-1.0524608457771703,0.3464303303129097,0.2551961385454564,0.6071428571428571,True,5
-0.276305772035984,0.95419869907803179,-0.11471688200692791,-0.96005726928267821,-0.27951899690847171,-0.012616261917436436,-0.044103968495889545,0.10664883049088893,0.99331810962945777,-12.995145060137448,21.977309714945029,-3.6156618219925347,,0.7285211010885906,0.8409090909090909,False,1
-0.11396316767334623,0.99264977235216423,-0.040728685997151015,-0.99250594448549123,-0.1155747030457077,-0.039679190728393272,-0.044094745433220242,0.035901496697132856,0.99838205911368749,-15.303580306894895,6.7632140365620108,-3.9182998177400754,,0.3611417007521007,0.5838509316770186,False,3
0.7634697145224979,0.63524691778157916,-0.11651329733528053,-0.63542622848282038,0.77110201789210731,0.040437435116723451,0.11553139470738902,0.043162848049267837,0.99236559058909435,10.737364399721374,13.330131215289731,-0.79215707342156028,,0.1213726837030107,0.2894736842105263,True,5
-0.68143910482307635,0.73183571359910338,-0.0075653630987240206,-0.7238465159197035,-0.6754549384026004,-0.1407368025018528,-0.1081062801544415,-0.090427398991845806,0.99001814008771516,0.27999112354041422,12.548924405175274,-1.9672036841199128,,0.08108719317231936,0.1764705882352941,False,5
-0.78410353362032881,-0.58202250287121582,-0.21547959234145625,0.60710435428712639,-0.79139104024830076,-0.071585783646784959,-0.12886408176728564,-0.18694926468493739,0.97388090692036677,12.690075058596996,12.078212290110907,-0.5946019545172837,,0.1475576831312415,0.1,False,5
-0.988127718820069,0.05356342240874655,-0.14399503838434607,-0.024587279720356268,-0.98030905637774446,-0.19593269165641872,-0.15165446572851082,-0.19006607736163353,0.96998753046673836,4.8587127257322456,-19.052081347109645,-1.4834697622867712,,0.2917439426358556,0.1764705882352941,False,5
-0.79981928347912978,0.58783119922425209,-0.12142320615726664,-0.58790302909600189,-0.80798735649605768,-0.039069938856599554,-0.1210749443719788,0.040136180200546497,0.9918316111539458,1.2890040966158587,-15.820307651688926,-1.8148727441051735,0.1576815437883761,0.1243210001760491,0.4,True,5
0.53766311034915482,-0.80656678318410813,-0.24569982505836868,0.83934276291738741,0.53969669176801038,0.065047730420605035,0.080138044073206002,-0.24120013507190571,0.9671609942162761,6.3651448296288171,18.912306058801686,-1.2746893949308937,0.1874982380816873,0.1378645500376063,0.3125,True,6
-0.7443350977905977,0.66741776244785089,0.02277701837741794,-0.66328367080207584,-0.73490130675365162,-0.14133237908949875,-0.077588879643828365,-0.12030627456985997,0.98970013946383595,-11.111086761915265,-23.815061104272125,-3.4038071473506752,,0.4607763850526125,0.5,False,2
0.97356299241354749,-0.11677769771080831,-0.19631115383529069,0.16902753368755988,0.94638571711201835,0.27528851647294095,0.15363851293956526,-0.30119270204262066,0.94110475696278617,-8.2168560573394824,0.3337707364478476,-3.0272915982676523,,0.5401540430075275,0.1981424148606811,False,1
0.97326035703664171,-0.113317679560301,-0.19980836048568926,0.16703266172143755,0.94625179104844293,0.27696143748880875,0.15768439155211908,-0.30293010982186042,0.9398771096394225,1.6278506079180128,-17.317478226922571,-1.7732541223950928,,0.6003865978166262,0.25,False,3
-0.6941248809173548,0.71810762619545265,-0.050120723173153706,-0.71294194729560256,-0.69541687051723378,-0.090050852224564618,-0.099521000184994809,-0.026773371097950152,0.99467520182330327,24.788115081217612,9.6069218027931296,1.1778991062458044,0.3504486973260811,0.2273380526470029,0.4545454545454545,True,5
-0.22173849057757319,0.96830906423863716,-0.11493301488116925,-0.97445953352816073,-0.22433861758335247,-0.010040028728543241,-0.035505764496193096,0.10977131125246668,0.99332250549026391,-10.637497389578925,14.704393818711804,-3.3128480501855568,,0.07235471724051916,0.3043478260869565,False,1
0.63774973425482395,0.75935919041460265,-0.12903060253592111,-0.76390399866882341,0.64501140244584576,0.02027243282458633,0.09862026807753918,0.085638254581258982,0.99143337248480368,-16.679815450776111,12.002299484613866,-4.131348897808909,,0.1250050265313935,0.3333333333333333,False,3
0.15539408913482722,-0.9685745653993667,-0.19420604605260311,0.98755372221052595,0.15715077283180121,0.0064249783270825117,0.024296559634920646,-0.19278730730988491,0.9809397184996187,-6.6233592508413164,7.2061652363621702,-2.8602140983862498,,0.09092833616751166,0.609375,False,5
-0.81592157413532573,0.56492146122941356,-0.12302734453347441,-0.56406398192193685,-0.82449980014760194,-0.045076644228853824,-0.12690078470562222,0.032616287326889162,0.99137902370491404,-16.986325170270106,10.38751644295513,-4.1526785817441212,,0.0953534585241277,0.1621621621621622,False,3
-0.98594502923597249,0.069425176560766869,-0.1519623117236209,-0.051950207873131878,-0.99187914619025241,-0.11609020309585742,-0.15878783085242706,-0.10656408500243117,0.98154496614305886,2.1583152780331094,16.569516323608127,-1.7439458039930917,,0.1074649261234967,0.2666666666666667,False,5
-0.17694185304419671,0.98399725453100406,-0.020999612299546139,-0.98412472661268924,-0.17718311036799669,-0.010230731636629234,-0.013787788466042268,0.018855993099480162,0.99972713697960947,-9.5476693408417663,14.673454197071772,-3.1603006693913156,,0.1881684848424083,0.2941176470588235,True,5
-0.69646645036526733,-0.67853199222391869,-0.23351406605222938,0.70919813189598402,-0.70047744690724423,-0.079808245749142831,-0.10941888882113325,-0.22119150504246093,0.96907266232527678,-5.9630460691234832,5.677321374132978,-2.7827779328226074,,0.07036998244890535,0.2765957446808511,False,5
-0.052635185536423414,0.99526746201832805,0.081683635393781984,-0.9984844218487352,-0.051135319379906716,-0.020347934472890794,-0.016074718316176344,-0.082630854766926859,0.99645057342125321,7.1118674534316559,-1.4963259351180418,-1.2575462511663589,,0.2317788946689803,0.1212121212121212,False,5
-0.18620658494915301,0.98198011153113585,-0.032282631225984335,-0.98205536445008035,-0.1870199319199024,-0.024306505703113958,-0.029906000675354906,0.027177299755017648,0.99918317915266797,-12.119384268351917,1.022790452545705,-3.4949678787889695,,0.3352213612755215,0.2448036951501155,False,1
-0.15236721429942598,-0.9706941729372337,-0.18584147715818175,0.98808589798948643,-0.15374008992961055,-0.0070882256417090896,-0.021690786084079195,-0.1847073560368874,0.98255417276856527,-5.2241910381373415,-3.9888924414589799,-2.6071729312183693,,0.4291213003362954,0.9719326383319968,True,5
-0.42592380749939801,-0.87271518543736837,-0.23865689873170626,0.90108817815122277,-0.43290933349666127,-0.025091914386646499,-0.081418704247402329,-0.22573815379438344,0.97077972811558921,10.695948949725723,4.3180868064257512,-0.90679151051791707,0.1218194292273667,0.0909668051129738,0.2571428571428571,True,5
0.67044021116846142,-0.67640776163473626,-0.30493025964747383,0.73480055107720876,0.66227219199386689,0.14650492772691884,0.10284976122976741,-0.32228571751153567,0.94103870425347302,22.855171684329719,-8.2858428700280751,0.062349164003575153,0.3604720914986173,0.2963667866717546,0.4444444444444444,True,6
0.77534669884064722,-0.55517024392464032,-0.30103736787576374,0.61966564283716741,0.76076537118708465,0.19300399241927407,0.12186873136335039,-0.33618752246809308,0.93387684522781411,-13.921208205041459,-17.078589447170788,-3.6618600025817822,,0.1280678010975231,0.4,False,2
-0.89036150957432869,-0.41383361497389481,-0.1897317089633711,0.43744528597225518,-0.89311851542283249,-0.1047899765701277,-0.12608728742095721,-0.17629820341272395,0.97622791366784378,-4.8764596312566022,-13.877136889852352,-2.5306728433033627,,0.08815433320808527,0.4444444444444444,False,5
-0.98558392708731257,0.11356740741642696,-0.12540640589644361,-0.086023330740152115,-0.97464397472530295,-0.20656502390296941,-0.14568565212649692,-0.19279929072580951,0.97036288277123584,12.035476413253992,-23.753537366238945,-0.69160469610509889,0.6029787345731913,0.5113645616520871,0.5121951219512195,True,4
0.15393995694529403,-0.96750190943609338,-0.20060544582137935,0.98775160952115626,0.15591935607321039,0.0059926863826261882,0.025480336419406245,-0.19907086587250467,0.97965378722114116,14.027226968717688,-1.3357224642821728,-0.69251228580088786,0.167622749306711,0.1920016979179953,0.3962264150943396,True,5
-0.67392210107358275,-0.70110703464567981,-0.2329762383911918,0.73299459033095249,-0.6739721707351285,-0.092089324137696299,-0.092455028149511287,-0.23283135322572038,0.96811240500520013,12.488533051534439,-13.562227293381463,-0.80225424405816304,,0.2227999735695616,0.3703703703703703,False,2
0.87069675771924515,0.48770336091577543,-0.06350266016988404,-0.47239917725308933,0.86523957236051419,0.16792706676411495,0.13684360937873216,-0.11621494814718233,0.98375195674486415,5.0546740712827916,-2.7509930994482099,-1.4643842489074943,0.156736104325916,0.1011169033303154,0.2911392405063291,True,5
-0.60950233263899234,0.79254136846845524,0.019623602466796369,-0.78835199010903922,-0.60329526328767236,-0.12056518977621555,-0.083714074078042419,-0.088955070461473759,0.99251143531973962,8.6435963560114697,-23.049711239591964,-1.1098313511353424,,0.3682267537086477,0.2380952380952381,False,5
-0.87024307152382929,-0.43472844883463874,-0.23170708284081393,0.47319169191597793,-0.86847730410163271,-0.14777278153318296,-0.13699131055094321,-0.23824010584741742,0.96149624689821112,-5.7297540256247625,-11.829710354621765,-2.6344964767337067,,0.1947796003077844,0.2222222222222222,False,1
0.096701567373834327,-0.94797723712955451,-0.30329517759380953,0.99531211092617999,0.091607917701771721,0.031012759600158223,-0.0016151504931631328,-0.30487234590654838,0.95239185422299899,20.069687501624081,-1.6009136827242569,-0.21375058831831886,0.3010860053638541,0.2600448403892414,0.4166666666666667,True,5
-0.96755279655603021,0.20777133499209072,-0.1437798950904115,-0.20269062885409686,-0.97800157250184694,-0.049289280362422264,-0.15085786307427299,-0.018547143702444303,0.98838145905775898,10.972754119595745,11.037708697552359,-0.78508589210880275,,0.09667814564294663,0.4444444444444444,False,4
0.83040845973449695,0.53763424484165823,-0.14618894888096381,-0.54130330458054643,0.84065846771292996,0.01685446862791215,0.13195651727580984,0.06513646778947435,0.98911309672471237,-3.4367742688937235,7.7894923731298107,-2.4627155467857778,,0.08074901828472589,0.5333333333333333,False,5
