axis_00,axis_01,axis_02,axis_10,axis_11,axis_12,axis_20,axis_21,axis_22,location_x,location_y,location_z,dbh,dbh_approximation,score,reconstructed,number_clusters
0.58914673066890966,-0.79003605638838315,-0.16955577061375934,0.80631154681980921,0.56114510507985571,0.18702368970257088,-0.052610067545869908,-0.24689917102171149,0.96761199875859849,-6.2918873976551284,18.658538134100802,-3.3259107700457275,,0.5213071701043656,0.1935483870967742,False,1
0.9413650849076769,0.33641536730257904,0.025621818035310585,-0.33598421780647575,0.92781229618915939,0.1621078296232854,0.030763327221459129,-0.16121117728889683,0.98644035502172889,-2.4429391413479076,13.079254940857904,-3.0351510814238547,0.3143736140256135,0.1753209219498987,0.7014925373134329,True,5
-0.44307129292782316,-0.85193445029507331,-0.2790976921862634,0.89399956987492513,-0.44305701815042003,-0.066822509165004984,-0.066727793659883586,-0.2791203523000238,0.95793487799807886,-27.881672111580418,-0.42602734420675131,-0.80709061419473394,,0.4025566468069098,0.5,False,1
0.12859272941506453,0.99160100967325981,0.013832843400928614,-0.98928844641662972,0.12729620677294237,0.071442603030617932,0.069081688805024327,-0.022871671477853316,0.99734878899793811,0.85449017326314203,16.195551531903259,-3.5497542912664426,0.2278792508685573,0.2209410531688891,0.7941176470588235,True,4
-0.884227708920721,-0.46675411633982616,-0.016791475713582544,0.46523822340703014,-0.88338566492927617,0.056419522140212543,-0.041167393139257089,0.042075668471072601,0.99826593844768097,8.981161544671366,-6.9176108468327344,-1.8466162700013731,,0.07562893862489353,0.45,False,5
-0.9682989941373088,0.24975650750435352,0.0043295394563737707,-0.24950633768609862,-0.96787011133018097,0.03120953457157593,0.01198521619108207,0.029139913399523251,0.99950348675726075,-12.821667641835083,2.8273088709202052,-1.3162851457676419,,0.07200529100602684,0.2075471698113208,False,3
0.43961376052096596,0.88401998275954508,0.15889748784178082,-0.89566750858363375,0.41822497030253192,0.15122033025698958,0.06722689661290096,-0.20879785510694351,0.97564542743485372,-9.2422290815930346,2.2218423069212663,-1.5845310414383704,,0.07550939295965826,0.28,False,4
0.7838252644549305,0.62027737955937612,0.029562259878310057,-0.61897140628138347,0.77657506570798307,0.11749708731151133,0.049923471515968341,-0.11039537910436266,0.99263311815806299,13.754830887450156,8.6481176654992638,-4.0118326471645966,,0.1531607059599474,0.15,False,4
0.93500470448653006,-0.3531931644741535,-0.031949822484499804,0.35383316197686315,0.92304009034723655,0.15099365912918788,-0.023838961250698624,-0.15248468834771614,0.98801828107884149,4.2514762431619664,13.030488605668271,-3.4352033494328933,0.8291932060667546,0.390036998941902,0.3076923076923077,True,5
0.28116246694318831,-0.94944015495592748,-0.1396819936129427,0.95516027149686189,0.26278485061763013,0.13642938847591307,-0.092825227909563365,-0.17177751436999947,0.98075275305267595,-8.3678258620405028,13.213215453638409,-2.6758036658187243,,0.3676064406282,0.2,False,4
-0.013332717456171433,0.99972895917279259,0.019085251806550633,-0.9976294146912863,-0.014588571385649483,0.067251204655739083,0.067511403391991437,-0.018143367278742786,0.99755352168985545,-22.872672300939062,-0.75491096837559957,-0.75391808942903149,,0.08006380154203092,0.3414634146341464,False,3
0.97577333101214681,0.21763838087782439,0.022359375088254779,-0.21710468977520392,0.95057622307033163,0.22196936232497155,0.027054762299283882,-0.2214461092505827,0.97479724072994123,19.654001872847619,12.382807101142216,-4.7656871076870289,,0.252562442598521,0.5,False,4
0.11972231748136676,-0.98724614371273844,-0.10493625884896443,0.9903895919130733,0.11138965941205055,0.081980485521387286,-0.069246104057526681,-0.11374267229317868,0.99109413355768572,-38.319786155714461,-10.753518417569694,0.075390265464338926,,0.1511469786940621,0.55,False,1
0.99953399084518735,0.030406811506401423,-0.0026883004124035443,-0.029969334393701783,0.99424584397787907,0.1028447408899153,0.0058000121630606034,-0.10271624772512621,0.99469378821433219,-6.943422277181277,12.219462587566165,-2.6422176867389058,0.3529196818235594,0.2405884178696013,0.4022988505747127,True,5
-0.24770049620178683,0.96824880418670733,0.033744886611177853,-0.96652216624091847,-0.24936492809909311,0.060432067638777308,0.066928068449284728,-0.017646127766364685,0.99760174810818258,-9.8867289154953948,6.3687841812889792,-1.8854142829942024,0.6134158394607558,0.5228643029669622,0.8424657534246576,True,5
-0.10335700070869616,-0.991830960335363,-0.074757451299063721,0.99246379736851742,-0.10781276039310247,0.058241047460357763,-0.065825081218049156,-0.068174444014225455,0.99549952479445514,-14.069657863141376,-8.5252174524768876,-0.17939892939604962,,0.08724870524866239,0.4642857142857143,False,3
0.070883566023501252,0.99703384197173883,0.029983962894647415,-0.99492805219865765,0.068519177640711151,0.073643012184645709,0.071370098892877973,-0.035051965116328174,0.99683382202125681,-17.965467587943682,1.9453130368068019,-1.0621036793011527,,0.06334641410756513,0.2424242424242424,False,2
0.89372049700086298,0.4479534479557048,0.024523085146981694,-0.44671149111490849,0.88353730398679475,0.14075040379921139,0.041382568146811662,-0.13674626476924942,0.989741351124238,-5.0267727287606414,-12.98872704674122,-0.31626972963006117,,0.1758036029979091,0.5373134328358209,False,5
0.14622392200518317,0.98890756658437229,0.026084274680322067,-0.9868271581157001,0.1439699846202579,0.073788911997228299,0.069215060779530824,-0.036530374767021555,0.99693269937376816,14.960774997731207,-5.1330269251187186,-2.5784213687627449,,0.08604761015665077,0.2666666666666667,False,5
0.69648763806316272,-0.71485776744927787,-0.06231646927284111,0.71674687334646781,0.68890610835647959,0.10808465856537955,-0.034334961384295551,-0.11994476306436457,0.99218665796319483,24.398445098391345,13.001052486425072,-5.1870109222259861,0.8683924658134144,0.7503657416431004,0.8809523809523809,True,5
-0.98768782366715502,0.15516028058903919,0.019951198138705623,-0.15639822690502644,-0.98224099018596644,-0.10364473850348824,0.0035153379073797966,-0.10548897822058598,0.99441425868366051,3.4210594794965887,8.402325076421425,-2.9875829496899011,,0.572214921992608,0.2066115702479339,False,1
-0.96893943824134299,-0.23817286602839299,-0.066558627602818055,0.24476240435784574,-0.96206060873811039,-0.12054356277886362,-0.035323227960024912,-0.13309046172538647,0.9904742291267381,17.579562711894052,9.6273724723022127,-4.299001119015105,,0.3227777597773646,0.3,False,5
-0.97842419706562478,0.20660335812746386,0.0010691150274306632,-0.2064829043956643,-0.97800626293907988,0.029471339370070793,0.0071344788750002325,0.028614717583613128,0.99956505398537809,-10.36158352577738,7.1504721804656581,-1.936992305567067,,0.06172847264354129,0.4736842105263158,False,1
0.14049767769704144,0.98134660571082066,0.1312221094998447,-0.98897019028816446,0.13282550964207296,0.06553889463299728,0.046886728219506214,-0.13898281709684301,0.98918421503211185,-4.2299374209267944,18.280073502526314,-3.4320441818145215,0.4163870075509261,0.4437720964979808,0.78,True,6
-0.94336908050548718,-0.33166611390698997,-0.0072364930780143251,0.33084065725142403,-0.94218304764123195,0.053250016403067882,-0.024479327108367206,0.047840292884938601,0.99855499043418017,7.4541489609201781,6.455748394730513,-3.1454433251931686,,0.09921960764813545,0.5135135135135135,False,5
0.96429752793481549,-0.26262345433944617,-0.03404700940788595,0.26463741661577245,0.9508418395497148,0.16083169429140709,-0.0098648540655143988,-0.16409971783196767,0.98639442783388376,14.700612778727118,-1.7426309249047853,-2.9576565407203765,,0.08822095091415248,0.1363636363636364,False,3
0.91737285079980224,0.39680157831010654,0.03123395693874962,-0.38995865636377369,0.8802792044876484,0.27026055663665183,0.079745212661347417,-0.26010964918126556,0.9622804536414501,37.116123170637991,1.5756010961113038,-6.1128868196865627,0.556829668442836,0.6491398576983242,0.5909090909090909,True,5
0.75438575280215781,-0.62450699212979066,-0.20222055471717551,0.65517230591499054,0.69725008738145877,0.29084629137842044,-0.040637243153964331,-0.35189960560868599,0.93515521815434233,-20.658036963385062,1.6434402023990498,-0.97555991733749181,,0.4883635446732094,0.1363636363636364,False,1
-0.95445878331745304,0.29829862052096895,0.0051345830847097929,-0.29807193121945669,-0.95418417842923442,0.026185443559931396,0.012710419633917678,0.023462451504773756,0.99964391590311585,-17.464710344824731,7.5442990348961585,-1.7187372599353896,,0.1282917949643445,0.3793103448275862,True,4
-0.1511576567870406,-0.98840512203801612,-0.014376283374568444,0.98595609446898103,-0.15179591377249718,0.069631748085528869,-0.071006637535692529,-0.0036490123303747971,0.99746916851343714,-12.229757836618631,9.8259686136767659,-2.1206658592477785,,0.07962122777010974,0.1612903225806452,False,1
-0.46035030413113509,0.8539010872557169,0.24275611355818605,-0.88271363300480432,-0.46934877553843102,-0.02298627869043493,0.094309276287277671,-0.22486587131905805,0.96981498252093923,-9.6443013708852199,-16.36771216219902,0.1545951950993722,,0.3218055209527554,0.1470588235294118,False,3
0.45491720497846982,0.89047541281501696,0.010191947139889161,-0.88805829663544333,0.45277020006620622,0.079696974277338892,0.066353586124129324,-0.045306567999936445,0.9967670322119081,-3.9305830070656258,6.844957264796629,-2.2992264143866379,0.6390537442671003,0.5443101332517335,0.9977502812148481,True,5
-0.61567207798666634,0.77144364585577951,0.16069409963132994,-0.78548305895282189,-0.61710140050604667,-0.046927876487162776,0.062962341806025321,-0.15511467616643959,0.98588801633455414,-16.790573580794213,9.00787362624685,-1.9028023218446777,,0.6462247472930559,0.1794871794871795,False,2
-0.69405858368877937,0.70624753581127697,0.13963201842136955,-0.71847393733011511,-0.69179327994122208,-0.072230597433002447,0.04558381056129799,-0.15045423220589652,0.98756551186543895,0.015120065109495661,10.444341984389419,-2.8962809118895492,,0.563292780959894,0.2788461538461539,False,1
-0.63288432640503667,0.77414978451960137,0.01222867609745926,-0.77340896026413408,-0.63285534569345447,0.03650604895586846,0.036000132971878464,0.01364633853720126,0.99925860910503739,3.9914094010631138,16.770637313708061,-3.8545830047725982,,0.1092202389296308,0.36,False,5
-0.99671466258153829,-0.080313003888796392,-0.010473910507947421,0.080253402781407732,-0.99675648103344738,0.0059924001721860312,-0.010921205838892931,0.0051321461569832222,0.9999271915188862,-17.717917950824969,5.2186180454251421,-1.3961869688264787,,0.07706338720905029,0.2258064516129032,False,2
0.011784859056829607,0.99906723900950589,0.041542376375612831,-0.99697407879992472,0.0085474681141772604,0.077263361238548364,0.076836210851732895,-0.042327210240689569,0.99614487097770466,-7.8422866318293005,-16.404351486602447,0.075763697393206444,,0.1084007564233473,0.5882352941176471,False,5
0.97181732701029067,-0.23159696523043705,-0.043976455275815611,0.23570690823260332,0.95753285961436729,0.16605142628161901,0.00365189457694645,-0.1717372075433411,0.98513602878547413,-9.9889417561169616,1.8408476822108744,-1.484840773193187,,0.1084284496179327,0.2407407407407407,False,3
-0.80357500715385122,0.59190468956687592,0.062578321697129888,-0.59412545470848221,-0.80399897713705004,-0.024506913922761345,0.035807149357751471,-0.056872517364002693,0.99773912663759656,2.4013909590499107,-3.4013156086167595,-1.6846772456211525,,0.07995353800536442,0.3253012048192771,False,5
-0.94148395763331882,0.33682527613537977,0.012517622594906512,-0.33675923516377892,-0.94156388710097894,0.0071178676021788553,0.014183619108322183,0.0024859331488797896,0.99989631716761995,-16.921436974081761,-9.2140496027446623,-0.086582435222672963,,0.1609056480700911,0.1818181818181818,False,4
0.97634989620719714,0.21603911928887187,0.0082449446986347114,-0.21351174633396083,0.95753321347178966,0.19375984949367048,0.033964898845976067,-0.19093780148329972,0.98101434322394399,-13.059080597778411,11.065067024935244,-2.2455004587683893,,0.4284662505927039,0.5483870967741935,False,4
-0.52253727256417715,0.85260918781918815,0.003517332440372964,-0.85075766455438384,-0.52166591327361322,0.063844115863394751,0.056268952213117181,0.030368532640096521,0.99795368491835634,-22.001800826071282,3.170684632196187,-1.1764229700570703,,0.1396794076376518,0.4,False,1
0.75628482459934199,-0.65317916301022405,-0.03728599053270238,0.65316764685995177,0.75054962310836204,0.10023616287212997,-0.03748718682663265,-0.10016109155334758,0.99426478694695108,-4.6433819363691953,-11.812848546909184,-0.39659825976922125,0.1478762138987036,0.1352719158724336,0.4769230769230769,True,4
-0.87044961736192084,0.49206893662127454,0.013624435654155212,-0.49137693824575068,-0.87021439762839436,0.03571563691834552,0.029430735544969316,0.024393929012346112,0.99926911692127396,-3.5748705974580073,10.281323077334491,-2.6858596474506933,0.3247585933457656,0.3023732024252074,0.8360655737704918,True,5
0.32543119237673995,0.94339489042474944,0.064036081615978693,-0.94228273336662227,0.31791831772878942,0.10502948943807863,0.078726040338508149,-0.0945199660017466,0.99240525321042528,3.9332382198503368,14.557129111819947,-3.589883919485541,0.9158085264318676,0.789136860524081,0.6779661016949152,True,3
-0.34886198826694853,-0.93687019643782388,-0.02386520833736518,0.93463189810922154,-0.34967722238196669,0.064722910812073098,-0.068982085929511466,0.00027417838520057167,0.99761786103047878,-14.29144048429964,8.7612965408544028,-1.9036345195994591,,0.09364621756043397,0.3333333333333333,False,3
0.842147503972834,-0.53692995062635529,-0.04993805835937315,0.53833057352426095,0.831705765771934,0.13588860434473643,-0.031428890552557716,-0.14132143256456126,0.98946474294768805,6.0245899702573071,6.7382713203438973,-3.0392760298289208,0.6918779571824573,0.6329863528225511,0.8828828828828829,True,5
-0.29142208516447343,0.95280735578570941,0.08503711565566846,-0.95416442039312077,-0.29586337981668859,0.045112296985483871,0.0681426968519072,-0.067992670517424955,0.99535600144956082,5.0167900543949226,-7.8329852923766143,-1.4380053227521872,,0.07025434046740466,0.15,False,5
-0.40804290696567735,0.87367353499049827,0.26494440989046725,-0.90954766890564009,-0.41409967958228694,-0.035277377427542916,0.078892484200444979,-0.25537425404111463,0.96361816416546886,-1.8131311417703893,11.5501112538798,-2.9391275371788343,,0.2716215674058972,0.1041666666666667,False,3
-0.46888423116515887,-0.85159134953097115,-0.2343923018545559,0.87989496080435692,-0.47349184811023826,-0.039878913278206155,-0.077022306611510327,-0.22493919884531119,0.97132379828102233,4.6744587042839933,-9.8980703762837567,-1.2516291496016456,1.296492961005088,0.7277710472144675,0.3005780346820809,True,2
-0.96753195738206854,0.25247460442450925,0.011767989000331734,-0.25212537757861825,-0.96736705969805648,0.025174705400008913,0.017739938705180779,0.021390323322137889,0.99961379974613795,8.2491756047095688,10.7068591191185,-3.5628386281542284,,0.2404384068077918,0.4642857142857143,False,3
-0.48687544938252758,0.86994489916722839,0.078410262092937333,-0.87154265906328376,-0.48980129917117793,0.022540646910139038,0.058014569044878242,-0.057363400728580739,0.99666631830085928,-8.3156555024678056,-17.132990479677623,0.14404942664046649,,0.1676745340941651,0.40625,False,1
-0.62817875164024439,0.77738661401913189,0.032580796975727709,-0.77644823919976869,-0.62902175732560162,0.038206814242891643,0.050195496125480382,-0.0012965935682785474,0.99873856990397414,-26.186424235416244,-16.407046895154398,0.55784624796677362,,0.3723947730500223,0.4210526315789473,False,1
-0.92406845512806313,-0.37595260576093004,-0.068971939647960792,0.3819301108876022,-0.91530445968460228,-0.12785592078141039,-0.015062557373141452,-0.14449008375333253,0.98939159843933178,-12.010991575903772,1.3876784046612718,-1.2363387525072063,,0.1879808912983542,0.25,False,2
-0.99083671022422526,0.13500831909664746,-0.0039201335096083322,-0.13506493805951422,-0.99047652797787211,0.02671535198869842,-0.00027600546173711638,0.027000024066624415,0.99963539479221486,11.306481280347612,7.4539224232701935,-3.7090476859051855,,0.08092727666584287,0.24,False,5
0.61750451397581407,-0.78186502094237387,-0.085879358674098294,0.78546370733521731,0.60716991574924684,0.1199644025045265,-0.041652607105789392,-0.14153367951068471,0.98905676171059898,15.585297764699812,7.4843505602474849,-3.9214210045701092,,0.3893284132193499,0.5357142857142857,False,5
0.97619928523314381,0.21687359825067951,-0.00089324806294098242,-0.21567827734944672,0.97123455773065914,0.10092727356520703,0.022756014367071413,-0.098332478111424246,0.99489340512368019,-16.758491307664595,13.905980038169186,-2.38315717596821,,0.2784674807035187,0.782608695652174,False,1
0.78320554948419141,0.62163955066992571,0.012382903539062101,-0.61956713034606903,0.77861261420252748,0.099493557577574498,0.052207645531108925,-0.085595946443730198,0.99496115285999953,-7.5882456004496905,-12.057807878897263,-0.24706843256198602,,0.07863626817619605,0.3076923076923077,False,3
0.38083354311606704,-0.89305671060121516,-0.23961536696923413,0.92215183269751932,0.34782048627142342,0.16928351007265191,-0.067836641207165579,-0.28543058872526028,0.95599559053882788,-21.050579550948488,0.32952169169318812,-0.8582360532412544,,0.5556739860865274,0.2597402597402597,False,2
-0.59523848705028382,-0.80218868028343571,-0.046738257982188697,0.80161962407819232,-0.59683223599384549,0.034601450422282715,-0.055651790868110548,-0.0168701897946467,0.99830770550440284,-9.1918135015078075,4.1233328825654629,-1.6844748043696125,,0.07860766100301543,0.1976744186046512,False,5
0.95006212717954108,-0.31123380938811479,-0.022703973063056018,0.3118126993819747,0.94389023136087247,0.10883047204549315,-0.012441664004926608,-0.11047509690098196,0.9938010152749428,15.242432408634379,-6.8555700974385072,-2.4356498095769088,0.2264765593385148,0.1900042529833496,0.34375,True,5
-0.88563082848212016,-0.46151417557326491,-0.051601370010912632,0.46415780283837854,-0.8832195520286743,-0.066938456648753905,-0.014682292270707721,-0.083233939346865848,0.99642186930761401,-2.765000733754118,-14.302441992513899,-0.34306085122591479,,0.5397693777529239,0.6111111111111112,False,6
0.56809793498859851,-0.80538140794741331,-0.16919079169485918,0.82180427451630578,0.54428493471669726,0.16849820244492256,-0.04361732050939722,-0.23476519668188431,0.97107303112510412,12.181414815304798,-1.972471977026905,-2.5527011373031239,0.5297269051937409,0.3232435607525839,0.4166666666666667,True,5
-0.40141427689110698,0.91586033998917393,0.0081495977143276541,-0.91386063321246036,-0.40109906908345261,0.063073606563364359,0.061035410808087706,0.017871049641904776,0.99797560301451527,5.9735315468954244,-3.5864653181241888,-1.8536106931775593,0.1023939371696592,0.09260527439077695,0.2777777777777778,True,5
-0.73778191043978025,0.66463478207585502,0.11806125140285871,-0.67359275103301486,-0.73629702433578414,-0.064338928418530908,0.044166258428839443,-0.12699330064712405,0.99091979655628359,-11.023643349043422,1.1320308174529923,-1.2821662065195896,,0.7394023391605999,0.7142857142857143,False,2
0.54295447257853013,-0.83264557658481497,-0.10909530008534205,0.839329190716122,0.53390460535419815,0.10233465685386109,-0.026962016222629968,-0.14712992957015567,0.98874963135562843,23.22419493305291,12.128632430494061,-5.0176885693653661,,0.1926424008814104,0.2307692307692308,False,4
-0.61669089751274564,0.78352423448123731,0.07604019269777014,-0.78609580988020977,-0.618068811077925,-0.0066575116594960321,0.04178174976829057,-0.063880503702697086,0.99708252749358139,1.6758283259746789,4.0269765833759923,-2.3524622532885879,0.5379268436853181,0.3900586795233746,0.8329411764705882,True,7
0.73656504999708705,-0.67320482672960569,-0.065323719970246122,0.67542033641631838,0.72698865689627978,0.12367239748388274,-0.035767251474734266,-0.13521373455424462,0.9901706669609226,-3.7373300651747732,-13.726351516657978,-0.33372745005527993,,0.1154475410803923,0.1666666666666667,True,4
0.093447243179832717,-0.97775520061111321,-0.1877828011826688,0.99409060645391367,0.081164194444964782,0.072084947805964666,-0.055240192814452374,-0.19340925835652356,0.97956183055476387,13.860191644920777,-2.7255548325119299,-2.7215276828183845,,0.573953476293955,0.2272727272727273,False,3
0.579714050259731,0.78205767924476366,0.22872998549764542,-0.81467940014594198,0.56152331905464858,0.14487593704856655,-0.015135881517347042,-0.27032822363221004,0.96264923861110863,-26.7293499238347,-1.400205336488074,-0.68503659079702905,,0.3185451793302732,0.3076923076923077,False,3
0.038933346421728798,-0.9637960392243351,-0.26378284499165183,0.99686516097241817,0.019266799559743929,0.076737482850038355,-0.068877030829159136,-0.2659435752376974,0.96152481476764318,-2.5272082147204267,16.991690488559996,-3.3707646777814446,,0.3710887066362933,0.2105263157894737,False,2
-0.36142108652077271,0.93036905136689763,0.061548570063014583,-0.93035467308422914,-0.36421343828159869,0.04229365963630774,0.061765528318632523,-0.041976179361083631,0.99720761122133683,-6.4077910927342128,-11.125474792101611,-0.39545474640560407,,0.08515712258682367,0.1132075471698113,False,2
0.39652603224776134,0.91176833607849228,0.1069841440331485,-0.91728201326997272,0.38882327833774949,0.086082323121947149,0.036889210905542077,-0.13226851306090659,0.99052724675872683,1.2079477574983266,-13.63278907209005,-0.58973615168969462,0.2488065903312436,0.137282995686959,0.3157894736842105,True,6
0.3934558286591075,-0.90366432876343383,-0.16906593925066676,0.91713068352218219,0.37306295296186909,0.14034009573000727,-0.063748099864327293,-0.21027318908483184,0.97556207681304663,-21.372578556947438,-3.8182062777773034,-0.44823588190512398,,0.4154145822474503,0.2654867256637168,False,3
-0.80804213638604261,-0.58547838235070082,-0.065444401018623088,0.58718336951999239,-0.80940551633028157,-0.0088544165961244592,-0.047786989692046498,-0.045582605609117199,0.99781693194796794,-25.950400391364539,-0.099547922509889919,-0.806602517062043,,0.1300003981816486,0.3809523809523809,False,1
0.9927223935448064,-0.11939211214088512,-0.015740804083916485,0.12040396830532568,0.98157195046032275,0.1483893206597004,-0.002265782646249001,-0.14920465685780579,0.98880374018353301,22.708582015148206,3.8665171433778291,-4.4463559013246199,,0.2580533677794042,0.3478260869565217,False,5
-0.77867403669542734,-0.60738538652924468,-0.15732049074156476,0.61785593764912805,-0.78593079611960126,-0.023808066333179209,-0.10918234696215247,-0.11574012243611968,0.98726057308610593,-5.5704509458952485,-16.465192062723006,-0.022446374679498903,,0.4308990658434697,0.4117647058823529,False,4
-0.90149275781967653,0.43192609166953216,0.027398155663413814,-0.43213160020166302,-0.90180880079850734,-0.0017795812732523952,0.023939250318749848,-0.013443888479193832,0.99962301601990677,1.05856223442625,-9.251928865766736,-0.98839686441266028,0.3751555423662215,0.3189389355488099,0.8516746411483254,True,4
-0.85069889511965668,-0.52421490129047832,-0.038860353925441765,0.52379328675619552,-0.8515827415665308,0.021152470663594401,-0.044181247055039251,-0.0023604090845454791,0.99902074346712955,-19.698739567688079,-1.9583062919701737,-0.61864172204508927,,0.1164053646108917,0.2371134020618557,False,5
0.99767328627155749,0.042709451131921664,-0.053140536731600248,-0.031754180903023572,0.98085046836181622,0.19215626638125935,0.060329809010891244,-0.19002173954160465,0.97992451374904044,5.5836827342879616,-6.3633252330660195,-1.5972225255102401,,0.1930800014354011,0.3611111111111111,False,5
0.99049959407845256,-0.13647446820731743,-0.016890046120388785,0.13750521271596275,0.9814122805725416,0.13387401546729971,-0.0016942863856917372,-0.1349246273625794,0.99085441631185689,-6.2885846835657491,-3.903656693551095,-1.0126166310647295,,0.07483551208915978,0.3511705685618729,False,5
0.93121903725293187,0.36402749402683909,0.017750725344622947,-0.36290546796058071,0.92165304202168097,0.13731457117324317,0.03362626922560269,-0.13431177805657693,0.99036842654299417,10.645068855183528,-2.4676779272162119,-2.3220198479918848,,0.08273221354261473,0.3529411764705883,False,5
-0.99690961486181751,-0.078131706238409107,-0.0081643295092542947,0.078140627728928741,-0.99694204214606219,-0.00077903771814726019,-0.0080784957875664146,-0.0014145960243999432,0.99996636784638693,-18.605126394764444,7.0543488828464938,-1.6582402905453155,,0.156439295339396,0.7068965517241379,False,4
-0.18470438981590193,0.95527927831541137,0.23092377271282313,-0.98043582342217195,-0.19537029085261651,0.024000950036479132,0.068043254869419728,-0.22197285841596112,0.9726757761933954,15.103871642007457,6.592246132443357,-3.7111270677163031,,0.2196259512355688,0.1904761904761905,False,1
-0.95491915086772572,-0.2931120984986349,-0.047060737561034668,0.29664115104266059,-0.9482986346062422,-0.11284381734070648,-0.011551745069360752,-0.12171687359468206,0.99249763721038098,11.987841817712871,-4.1289723569498866,-2.3343210549752009,,0.1084194909666033,0.2727272727272727,False,5
0.9991911548682969,0.040123263226868863,-0.0026757767073886944,-0.038843071521028047,0.98024412893115553,0.19393984503142681,0.010404413860122594,-0.19367904234591041,0.98100977402276668,-12.663204923086761,-2.6880618166916377,-0.69048286603234932,,0.4473152387708704,0.2430868167202572,False,1
0.75073762872528205,-0.65902690982055478,-0.045569122751161879,0.65927613436002541,0.74308206635696772,0.11482169360343192,-0.04180898801982464,-0.11624360107562486,0.99234038199084107,-9.1058258694329854,-17.577084621700095,0.21346472949266013,,0.07027644103702883,0.1363636363636364,False,2
-0.9512738605494353,0.30767917726690058,-0.020287092244539007,-0.30762271134055824,-0.95148996777985773,-0.0059252579497282853,-0.021126043237169975,0.00060422731689183638,0.99977663765787805,22.937109513178509,5.5207421639028382,-4.4756537034015436,0.1641767450276637,0.1601859601861757,0.1304347826086956,True,4
0.11385754913107218,0.98548870319737658,0.12589072394826373,-0.99030130626132795,0.10242105810868352,0.093878909628331356,0.079622743754358585,-0.13535857093752915,0.98759216073781053,-1.8645189514974423,-16.21601194856844,-0.1817433960087336,0.2432605305274128,0.1605761851535967,0.1578947368421053,True,4
0.27915938703400001,0.95957899223174992,0.035751843285349305,-0.95812138616691611,0.27587429324121399,0.076790518283494064,0.06382355364901264,-0.055691399660624613,0.996406052773392,21.443657958017372,-1.3485688116020387,-3.6543651247557043,0.2520775961028812,0.2775746579375106,0.8666666666666667,True,5
-0.99679533582489399,-0.079370591972718299,-0.0099683302330651619,0.07998741741148023,-0.99055542515997208,-0.11136409987957156,-0.0010351490601983506,-0.1118045563295423,0.99372967634582376,8.1815339147285329,15.488928137840256,-3.9917645089875271,0.7916061683861791,0.3478688799115924,0.35,True,5
0.61269250826986321,-0.77707626584362888,-0.14408458409040989,0.78865828727687781,0.58933552182597537,0.17521914456933046,-0.051244475014249974,-0.22098895849482666,0.97392909598383315,-10.633475417781675,-16.367877673966685,0.21367001267425201,,0.07256017392158469,0.3571428571428572,False,2
-0.58929775036524523,0.80749065453665081,0.026210765926062272,-0.80757514394540753,-0.58968130620593207,0.0099168539778931655,0.023463765597491706,-0.015323183325786036,0.99960724875160278,-24.929814573102693,-10.096693844934316,0.057853098477088645,,0.3879768090250652,0.8728323699421965,True,5
-0.82900479801475913,-0.55633458963022897,-0.056946196093089832,0.5573600466111901,-0.83026683946188884,-0.0025987942468920777,-0.045834739118708563,-0.033893947408501233,0.99837386635417746,-16.895287167004938,3.5937050716942207,-1.235152054378851,,0.3903887142970798,0.1666666666666667,False,1
-0.78663939741581479,-0.6165354877717989,-0.032900619314432264,0.61541530919107001,-0.78726336861559143,0.038475780034860324,-0.04962313620221219,0.010019019613756938,0.99871775972966237,-6.7352640509413622,-5.8257443471894383,-0.82366047665698472,,0.09042907231030972,0.3173652694610778,False,2
0.41275973842653912,0.90383032730587132,0.11278358823967832,-0.90983044780863387,0.40330116041484637,0.097758530310044403,0.042871372434255851,-0.14296472799330784,0.98879883291567627,11.337748951238449,4.7029785859255639,-3.2282401826905214,0.7073479434570812,0.4052154278623099,0.8604651162790697,True,6
-0.96597690817465864,0.25144962332640175,0.060511980651266013,-0.25841982109338157,-0.9478005394287915,-0.18679757365811239,0.010383108368556349,-0.19607963787069763,0.98053300131770393,-2.0594048305448527,8.0350988748060814,-2.5331028713453234,,0.4961332079324297,0.5373134328358209,False,2
0.22064092506401906,0.92856128037139174,0.29848204432081943,-0.97277239473126043,0.18724359442864338,0.13657856491503573,0.070932716257752909,-0.3204899139450153,0.94459238024865189,2.4650733998003522,-9.5875136745825582,-1.1163419963729659,,0.18083353529225,0.3870967741935484,False,3
-0.13943410378218943,-0.98292505308585387,-0.12006860838132626,0.98766812424307104,-0.14676574474888546,0.054511398096892753,-0.07120257759822006,-0.11098718928090602,0.99126789353781286,-26.157969680927994,-5.6479654195896414,-0.32514955003406465,,0.1965844721472407,0.671875,True,4
-0.1410625078703093,-0.97513947524115152,-0.17089286907226472,0.98744892852869626,-0.1509726877293297,0.04638815697257085,-0.071035078805253157,-0.16220435070057015,0.98419701594393072,-11.474653194807551,-14.543724479503158,0.077164981111211992,,0.2118799285541991,0.2727272727272727,False,1
0.96942207300359151,-0.24159136712001134,-0.043063391720854848,0.24432042564911352,0.9337456279497427,0.2615848464559401,-0.022986386929133448,-0.2641073903127773,0.96421932795299192,-0.9545313199891261,-9.0234658337337503,-0.85289963300390481,,0.2588522733718759,0.2244897959183673,False,3
0.77793175945293758,0.62763736920394786,0.029891644538317025,-0.62635634592869782,0.77080167538111388,0.11637226965440667,0.049999055484152691,-0.10925250573060397,0.99275575266138738,-2.7206229369106771,15.806988408890174,-3.2582330281970746,,0.08789896454932777,0.2380952380952381,False,4
-0.31899218334418183,-0.92559713866078064,-0.20374965979919596,0.94521259321294127,-0.32644047124855297,0.0031260778445134779,-0.069405623669694411,-0.19158954990812743,0.97901803035951385,-15.151836540226235,13.88993904815589,-2.4303791279282745,,0.5905531011450196,0.4285714285714285,False,1
0.63377350003451327,0.76845520778178622,0.088361441178011604,-0.77107498176061673,0.61856266422687312,0.15107482559122104,0.061437148020301896,-0.16388051762672884,0.9845652100219302,7.6576724612209182,13.42578139581358,-3.8023609491854287,,0.1617855397587668,0.5423728813559322,False,5
0.59913821729552585,-0.79113560770703284,-0.123035957321285,0.79879761437806673,0.58022037721349973,0.15895497831189587,-0.054366973797059896,-0.19351683152700211,0.97958943852815272,0.29651917473783684,-14.591972027832085,-0.44808250110625875,0.5057427947950565,0.181915731419471,0.3103448275862069,True,5
0.011907577391266079,-0.99376804274554564,-0.110829990608855,0.99760489590356027,0.0042539830231406919,0.069038940444403327,-0.068137223820156051,-0.11138662777069204,0.9914385194675237,18.263006345618553,-2.0133673250768567,-3.2948786884656065,,0.101904100970969,0.25,False,5
-0.070725080292519213,0.98854678856533595,0.13331620244658052,-0.99422242731560329,-0.0806792668715543,0.070799865252262145,0.080744832901472066,-0.12753863224227194,0.98854143526990512,-13.791998938706001,12.761142799880171,-2.396875166246704,1.117298115365311,0.7134093077918392,0.1379310344827586,True,3
-0.1982190161841671,0.94730405545631924,0.25164309674416019,-0.97841829783088741,-0.20652365204341222,0.006753933399079308,0.058368279850347406,-0.2448734523435758,0.96779653659467535,-13.830733543437523,0.22178402142011572,-0.98427410559085526,,0.4973867094501791,0.2742230347349177,False,4
0.6517627228352828,0.75696804796502148,0.04695452568564961,-0.75616477586889819,0.64380160915127005,0.11719351428033559,0.058482346545590619,-0.1118877223571067,0.99199846407555559,-5.4235740405960895,-2.2955945164158247,-1.2202290241404521,0.4387635931994681,0.3620428768704851,0.9366754617414248,True,5
-0.8099221555751801,0.58168488318124023,0.075291424391366893,-0.58463876499651912,-0.81094164401783386,-0.023899047282227429,0.047155236949874106,-0.063374653262012304,0.99687513608882894,7.1767512737489429,10.252203695937288,-3.4306989444743921,,0.1175774982442181,0.25,False,2
0.99447312693628576,-0.096645827842822885,-0.041021747429161405,0.10497158897161264,0.92284613071776811,0.37058869994647609,0.0020409091947604929,-0.37284662125305618,0.92789074341208899,7.800993595769258,-11.567355036640448,-1.2883933299164956,,0.2939386229543873,0.3333333333333333,False,2
-0.092646545770299779,0.9874638957539924,0.12779543082278297,-0.99557168472577418,-0.093921430271919348,0.003973098030707195,0.015926020504706515,-0.12686141855594232,0.99179259039017753,-2.7199221633187691,-15.479173097657792,-0.22770956984760268,,0.1246669616079253,0.5,False,2
0.99941271132505549,0.033742203621542566,-0.0059746243952755358,-0.032921266659018011,0.99383806325225132,0.10583994629902624,0.009509082156975171,-0.10558109549430368,0.99436522949606176,-6.4273489062283442,-14.970092979299535,-0.10555281153618654,,0.08553775065900489,0.2857142857142857,False,4
0.59618283300925612,-0.76867535919302599,-0.23174171354015927,0.80115053254215074,0.55083475374564239,0.2339634549954438,-0.052190553096177345,-0.32514499263474639,0.94422289737755516,-3.8253924441426603,-16.694568938751331,-0.056185954730225869,,0.6060647125784769,0.3333333333333333,False,1
-0.73768071563318216,-0.67490068159322081,-0.018336623678393327,0.67309002383285788,-0.73727880549992475,0.058049830122817052,-0.052697073918767351,0.030480041758680413,0.99814527272075459,-7.3755932635138457,1.3973212170735432,-1.5947891937023251,0.3386499424162668,0.2406798599339312,0.8722382324687801,True,5
-0.98054431550726351,0.19617428940622333,0.0069637276192848008,-0.19588728441728498,-0.9755843362689095,-0.099314523763513685,-0.012689252539607336,-0.098746397416387674,0.99503172405068119,26.017297273573991,5.8763298013839975,-5.0068010895069364,,0.6080431354151934,0.4038461538461539,False,5
-0.94478299645813646,-0.32107414302921766,-0.065547572660150863,0.32313905876264615,-0.94605940106816122,-0.023510813523633073,-0.054463183028313891,-0.043393597783603785,0.99757243214005198,-2.2936037770883186,-11.743400021199458,-0.57438433489921814,,0.1804640259871836,0.1363636363636364,True,5
0.6684635823657904,0.74181477122242512,0.053547028366798609,-0.74201901865200603,0.66027979929331093,0.11592395181281026,0.050638078650436277,-0.11722385355125345,0.99181366856339814,6.4204428006202852,8.7305497441991555,-3.2523847736497653,0.5504595655705417,0.3236986058413849,0.3571428571428572,True,5
0.82480333076468437,-0.56297243961896337,-0.052549955175579408,0.56474967106582141,0.8157368390172135,0.12502487153063296,-0.027518622613224485,-0.13279850036682495,0.99076096194278529,8.1467574838528414,-4.0823297766494173,-1.9765746876685717,,0.2078276887427341,0.3157894736842105,False,5
0.42173589012286844,-0.90606993550217796,-0.034294474210148057,0.90467387812872646,0.41794497911584899,0.082988967118422005,-0.060860604776831653,-0.066024740900145415,0.99596020019640652,-19.060737904729965,1.734975821656199,-0.99592063444848955,,0.07223465761343596,0.4,False,1
0.25267883072847191,0.9645049355173908,0.076704875101180001,-0.96454625736008137,0.24485933651072733,0.098460259679668927,0.07618350158895143,-0.098864223489196032,0.99218039660110502,5.6429464418597304,11.303574875551302,-3.4418794909662909,,0.2373793667184637,0.6153846153846154,True,5
0.82281009240464731,-0.56749091567409271,-0.030620458266250677,0.56730514890698014,0.81694014938276338,0.10379624439302992,-0.033888344023932968,-0.10277574107661964,0.99412711822254762,-13.008585204460367,-8.6625339452662633,-0.21204577143406747,,0.0793386473887516,0.4137931034482759,False,1
0.95524607400068984,-0.29019549153341168,-0.057371724742687126,0.29471346071744497,0.916925214789166,0.26905784983120118,-0.02547379395017494,-0.27392467427656791,0.96141372917400159,15.163865237227025,-3.6837377181871775,-2.7882973711888206,,0.5029220163441125,0.3181818181818182,False,2
0.89329665282418991,-0.44402898124890122,-0.069709065867800277,0.44920546283278423,0.87667736311696198,0.17219539238746831,-0.015347384607232568,-0.18513526084825976,0.98259319811220136,9.3561035609772585,7.6220516106984624,-3.4814813324229861,,0.3653331138943633,0.4081632653061225,False,5
0.082734652884076568,0.99471039610138257,0.060878609543772472,-0.9941702166042764,0.078142892372328868,0.074291781434381157,0.069141576704314534,-0.066670205185812612,0.99537657502641885,5.4298942371924301,15.262829279425805,-3.7852349613692828,,0.08220467557375291,0.2,False,3
0.81768696849548717,-0.56953895191372306,-0.083746067404256094,0.57291218216992035,0.79091692168685734,0.21499314991572618,-0.056210791436878293,-0.22377623922660744,0.97301826379756928,-23.927024600388904,-4.5453140219691228,-0.41483932392114597,,0.3574080797197103,0.1428571428571428,False,3
0.73312183428334543,-0.66520981487240405,-0.14152129979068598,0.67876985700351977,0.70267882123220371,0.21333999956675326,-0.042471841500510178,-0.25246460423026251,0.96667355725209136,-6.1906063210863245,-19.125079079868101,0.26653654886484951,,0.2273997013265861,0.2222222222222222,False,1
-0.31444666339640448,-0.91875104903744198,-0.23878820274768081,0.94672914228544536,-0.32193034437418772,-0.008048883064206494,-0.069478248584234861,-0.22859869479880246,0.97103831526358964,-12.663782228871954,-13.911816854384744,0.080275680296998608,,0.3489833121599889,0.1578947368421053,False,1
0.14643635117721698,-0.98630752728148208,-0.075854180384410136,0.98643812097192851,0.13984778919932569,0.085921064643261186,-0.074136553381400738,-0.087407422361884216,0.99341014388256432,-10.142569831588842,-12.611921373476733,-0.11708042918149236,,0.09498756958875886,0.2666666666666667,False,2
-0.91580781843676651,-0.39971985825427209,-0.03898813418561959,0.39995218119037801,-0.9165338546835049,0.0019864491072445062,-0.036527968067640748,-0.013774183684740419,0.99923769915504534,-1.7680819965595118,-9.8684896301067777,-0.74125217476677507,,0.07421661896029669,0.2571428571428571,False,4
-0.76938568667982932,0.63462453148415932,0.072783028040316111,-0.63758782190206653,-0.76991431559005219,-0.026715463905364764,0.039082406455907506,-0.066960067861461511,0.99698992713948842,0.28210547775994599,-4.5898554439882977,-1.4277949049760181,,0.0757457426355018,0.3333333333333333,False,4
-0.40918279817248226,0.91066989632510009,0.05700682070567107,-0.91038684471632358,-0.41166042439886497,0.041611151764906679,0.061361475269042141,-0.034871692115200727,0.99750625784594893,-14.028096154610111,-10.111656984669869,-0.088868104357869959,,0.07382412692587852,0.2857142857142857,False,1
-0.5211130120113453,0.84305545559818329,0.13303656451743942,-0.84925260001808045,-0.52769814081722211,0.017455473083752331,0.084919079569867828,-0.10388537415915133,0.99095740522023412,-15.198475281666584,10.489062162510924,-2.1069743064060527,,0.1777024866822791,0.3,False,2
0.72312814564560679,-0.65820706671310825,-0.20940186795745408,0.68976022106525281,0.67221868522973349,0.26898490043870732,-0.036283913944869024,-0.33894763099472114,0.94010530316125041,-7.3689053903913919,16.624064653496259,-3.0710445388173202,,0.5091934393859091,0.3181818181818182,False,3
0.8044772521279886,0.59326145972304944,0.029277828059411821,-0.59216950566158444,0.79719637247074604,0.11752965704024587,0.046385637573660342,-0.1118873725080687,0.99263769246393463,-7.2539468618472362,10.670705544208765,-2.4853507670225521,0.2447014591445158,0.1282286282132195,0.4691358024691358,True,5
