axis_00,axis_01,axis_02,axis_10,axis_11,axis_12,axis_20,axis_21,axis_22,location_x,location_y,location_z,dbh,dbh_approximation,score,reconstructed,number_clusters
-0.26433184479100352,-0.94254478451791812,-0.20429881303487155,0.96119930914435248,-0.27479634328319308,0.024142448479925395,-0.078895905659325624,-0.18999026000365926,0.97861082007810318,-11.95382863759647,-3.9400528073453409,0.15057578217142739,,0.08990417489282278,0.3,False,3
-0.29091809968647642,0.88862432746860065,0.35456094526299231,-0.95197230782084863,-0.30583642588240995,-0.014587862959348483,0.095474522345267196,-0.34177607469577265,0.93491910363864772,-18.230542809558457,21.338924390129346,-0.69358623206585845,,0.4434010689586073,0.3684210526315789,False,1
0.65183841424363431,0.75072123874963215,0.10735130835980586,-0.75617677417917328,0.63269008444696517,0.16703276096165082,0.057474932869243954,-0.19005493609141025,0.98008966597907043,-2.8851667138856283,12.783912121343914,-1.0754899406053928,,0.1181060643258171,0.15625,False,6
-0.97427888210865587,0.21456161807049626,0.068876497646713469,-0.21933817329160368,-0.97302825654097058,-0.071461721991152971,0.051685835721304148,-0.084730891791653676,0.99506243540894501,-3.6942222252820498,-16.601877936874779,-0.12568167853201059,0.6750128214731779,0.5071472541713481,0.5471698113207547,True,5
0.65924418443040023,-0.72675937451552441,-0.19291945689458026,0.7505129260313862,0.62023909340601879,0.22810921697881115,-0.046124322808070897,-0.29516822079059096,0.95433131997268805,7.4663604985815537,15.240708155850635,-1.9974441344001399,,0.246925630606721,0.1052631578947368,False,4
0.47167874736290966,0.8766615735080765,0.094782091243548361,-0.87943164595986656,0.45987823281421697,0.12293083855564044,0.064180521737336141,-0.1413382344520285,0.98787871933325266,-26.739602666054303,9.8183122525529889,0.35265600597036878,,0.1469612387224195,0.2727272727272727,False,2
0.99606974777379231,0.077136887380518146,0.043531117319683385,-0.082352261011086128,0.98747698654915239,0.13456339079470478,-0.032606175430686737,-0.13761940866408254,0.9899483500075813,-16.007205102958242,16.059287974463189,-0.26775691457132034,0.4546040179139314,0.4689496270525798,0.7931034482758621,True,2
0.8718934923965509,0.47884804882229659,0.10250016612487173,-0.48858864894525639,0.83658687441359414,0.24779736415212966,0.032906990722274813,-0.26613332692087549,0.96337437284974081,7.9047719710098097,9.021978676192056,-1.5958410788154482,,0.2921069912202795,0.3076923076923077,False,5
0.86632001240049972,0.47313415598708475,0.16010529832828274,-0.49948927293062678,0.82040375853490222,0.27829505782359981,0.00031990878887089291,-0.32106345699907357,0.94705762984000696,7.3087657232905716,-12.877405465677715,-0.93391465626668768,,0.5621164613414298,0.7884615384615384,False,4
-0.94600899768324043,0.32184319912777021,0.038521831181229149,-0.31886796134510481,-0.94537394418474296,0.06775934536431974,0.058225419963873482,0.05181757261573379,0.99695774215271804,-0.90220209889077341,7.2524792403931233,-1.2133949837785065,,0.06793960589473665,0.3230769230769231,False,5
0.29975284989540862,-0.91347193533640103,-0.27516768039206591,0.94922490366918355,0.25669905445349667,0.18187269640303211,-0.095500320595322152,-0.31571287397800285,0.94403658296209048,-13.514986369159528,-0.53182953599656035,0.062957882648438906,0.8008437096888414,0.4913649248143619,0.3308270676691729,True,1
-0.38247179701754308,0.91314796446604485,0.1409826921210203,-0.91848948286120857,-0.39234246147595997,0.049441508839586451,0.10046090960926683,-0.11058113724548144,0.98877672794517912,-13.853882661067544,-5.9523182170876119,0.50034798701104966,,0.1004164101852092,0.3157894736842105,False,3
0.47209519488183282,0.8792956452300329,0.06297059034966912,-0.87903543806363416,0.46415847995898712,0.10887425825436614,0.066504327661891571,-0.10675239464135694,0.99205902074452057,8.4600596642841133,-7.8088495497268777,-1.3536604505100962,0.1726777839717858,0.09310848472516386,0.3333333333333333,True,5
-0.0022469060886914343,-0.99217898541855598,-0.12480309413966423,0.99705329415935717,-0.011792608740292899,0.075800151616423644,-0.076679071584122932,-0.12426502031104196,0.98928182269163989,4.5469052990683476,10.541880347213434,-1.4777370090172268,0.2328565073589541,0.2632407147657289,0.3877551020408163,True,8
0.75640800472660219,0.64528606233707619,0.10701788700508248,-0.65371726313412992,0.74018177698280274,0.15743149908135909,0.022375662357666495,-0.1890418863006087,0.98171405967214509,-10.675963457037499,17.68381104896288,-0.81477511930705826,,0.1046609615302424,0.2083333333333333,False,3
-0.98761486464709203,-0.15645511570730794,-0.011776073077177887,0.15478849473927647,-0.95932464745813517,-0.2360863034478568,0.025639832769640145,-0.23498514325024342,0.97166073370657902,-13.655761311967321,-17.569572615288283,0.87629103418197196,,0.2839752453374391,0.169811320754717,False,3
0.80884316002849921,0.57468220206718801,0.12455163227481113,-0.5873516262910623,0.77945642961635686,0.21786633843475178,0.028121336532184706,-0.24937530141721967,0.96799852762011707,-22.06247740549048,25.202148794195164,-0.88764425758725951,,0.2558916479582956,0.3333333333333333,False,1
-0.96248446687311839,-0.27012321246801096,0.025633983575162396,0.27128394618779411,-0.95985743278859315,0.071265203720119075,0.0053545839005345458,0.075545739829946126,0.9971279605069745,-24.484834820444661,15.774463829915117,-0.069245621887871894,,0.1345667451135912,0.3333333333333333,False,1
0.2923040227376853,0.94447638564070935,0.15007569842725271,-0.95261690373092156,0.27375591013488365,0.13258482715730396,0.084139128932247773,-0.18171972549308577,0.97974412391666776,3.7742831170430327,-10.550186632410519,-0.86949140488930943,0.6880429795918468,0.5826169700373933,0.5084745762711864,True,5
-0.54429733111364864,0.81484174066305415,0.1994325776190132,-0.83367560704404264,-0.55187620398308768,-0.020436185969132867,0.093409836539341332,-0.17738543669203022,0.97969842772522198,14.237436727357547,-11.008929119008275,-1.355952905947913,,0.1690988993100217,0.2,False,3
-0.9718462383541171,-0.23504058430870572,0.016456388570203741,0.23556769186348481,-0.97068816998360297,0.047669059189299312,0.0047698581804509685,0.050203589330891876,0.99872761455325343,-14.319604287748655,-14.910039311298432,0.76985251119342435,,0.1243312011498339,0.358974358974359,False,4
-0.74156522663995117,0.66767420208356987,0.065514689272770224,-0.66613529970045737,-0.74439502695892035,0.046258040726033643,0.079654109319112834,-0.0093382927185778793,0.99677882158364606,-8.5582639894544776,14.779172607352029,-0.80411283394503597,0.528279124696494,0.3720403727786559,0.8403361344537815,True,5
-0.14415194712456766,-0.98951826286268829,-0.0085920661894585554,0.98599233173524359,-0.14436364291713596,0.083535982444640999,-0.083900762210444568,0.0035701631477909196,0.99646771951509039,16.061448550382945,-12.869167593807955,-1.3023590256707669,0.3456341862582212,0.330584755566394,0.7142857142857143,True,5
-0.91206228017338054,0.40694656734764928,0.050367533281853491,-0.40599610382959006,-0.91343616324497889,0.028311470316543179,0.057528782014972163,0.0053728019000276427,0.99832939065201132,-8.6210712036800441,-14.546604946923203,0.23716393907606884,0.8318023775886453,0.6851046196325403,0.9686274509803922,True,5
0.94953659189648132,0.3098805257842297,0.048521339525047787,-0.31350187178750571,0.94249778313462873,0.11582100488271108,-0.0098405810471678332,-0.12518781300909476,0.99208425773149644,-11.038829627256879,-13.884420778480656,0.45992808254844025,,0.08399253599258368,0.6666666666666666,False,4
-0.97086748632066977,-0.23591816592402232,-0.041939754320092844,0.23946632386343611,-0.96148621741983398,-0.13490787021901979,-0.00849727842995604,-0.14102082363518312,0.98997016296479279,8.1150010536692712,-9.4669414575243422,-1.207836996546551,,0.493028768614804,0.1764705882352941,False,4
-0.32802319023601273,0.93583732719301282,0.12887700997317816,-0.9398272278142501,-0.33708629013975688,0.055656220306422852,0.095527841629391319,-0.10286559207069033,0.99009752117737171,-16.967816510403239,-16.264916024696063,1.0749466171232291,,0.07759613556807095,0.1875,False,1
0.68837293450133197,0.72286780104878445,0.060040363530881095,-0.72311551124158757,0.67738868069300062,0.13508712992292651,0.056979473916865621,-0.13640644220817141,0.9890129534421005,-5.0736580462801637,4.008061311692714,-0.80881665641757894,,0.0895683765539608,0.4092526690391459,False,5
0.99239808511013339,-0.093347969176233309,0.080200980794582155,0.072865404132919087,0.97084542225744441,0.22836330476306932,-0.099180005798983062,-0.22078342947883811,0.97026697548524032,3.6353914474845834,2.568294315296983,-1.3985331249985133,,0.5051896795863475,0.6108786610878661,False,2
0.28170652872040036,-0.94841137379976892,-0.14545548364890554,0.95506895748765763,0.26261148287661923,0.13739903749583471,-0.092112529656615649,-0.17762622303189896,0.97977763128767192,-17.33916517889735,-2.8800485659084529,0.55098571772052451,0.2240991237900407,0.2132514142457592,0.1219512195121951,True,5
0.78021637083233375,0.59791832673506662,0.18372830277222432,-0.62434489519653324,0.76232912851714096,0.17043400968212866,-0.038155819048396662,-0.24768523243955437,0.96808892107291034,-6.8019269953080714,-16.890822241022786,0.17992022513175776,,0.2700606049073705,0.2666666666666667,False,2
0.99900787069691488,0.031656389132450516,0.031323271104920662,-0.034653335676914108,0.99435506833937959,0.10028531494816001,-0.02797178242587697,-0.10127127477662856,0.99446553901733403,-33.201969508839355,18.664447303831441,0.0090606085009073186,,0.3515983486026986,0.8947368421052632,False,1
-0.86796583192891197,0.49196313874587538,0.067879192093453319,-0.49148068809886519,-0.87053549086547699,0.024792990329332541,0.071288483149940907,-0.011841843560480885,0.99738544350279701,-12.716984848696285,-9.7559795570825685,0.43847138783954831,,0.0926664100087439,0.390625,False,4
-0.51410941578212921,0.84589313936778954,0.14197290366356458,-0.85284846063990738,-0.52175998421363023,0.020396618776968571,0.091329139864002609,-0.11059527857869078,0.98966038243824017,4.3225950074706478,-7.6561468246725761,-1.1127488573395621,,0.1683495065620733,0.25,False,5
-0.86989702519186407,0.48906003334337289,0.064026942364318176,-0.48939341777986639,-0.87198804641023375,0.011442445167190396,0.061426771004878311,-0.021380615141808265,0.99788256879257653,4.2606517038983922,4.7828754382036331,-1.522324148454143,,0.1004523176094051,0.2857142857142857,False,5
-0.74776766322962174,0.65397277536340226,0.11473068862165972,-0.65874124521197852,-0.75235335204620868,-0.0049401944704048212,0.083087265478429914,-0.079271954361694402,0.99338434836018752,-45.238288206837389,2.3284622108126096,1.651808840146942,,0.3953145806777276,0.25,False,1
0.84425668365157669,-0.53543765307991353,-0.023176966451999653,0.53073941159929372,0.82927426471016707,0.17498534471391697,-0.074473680484305096,-0.16003347635319032,0.98429820550554448,-4.1003210362652265,12.415529728904698,-0.93771077461812236,,0.2710289493828504,0.2,False,1
-0.34656240990624382,-0.93792979962074141,-0.013497667330840214,0.93494357126456984,-0.34655322572475716,0.07603538841104944,-0.07599351676972313,0.013731450147853711,0.9970137575208321,1.6009678988730658,-10.906214086165244,-0.6416507944755595,0.1462914782780387,0.1303427510068921,0.5263157894736842,True,5
-0.91170449334312764,0.39807342955209857,0.10164871618757496,-0.40563707554671696,-0.91143366186987007,-0.068900239131567717,0.065218707131149661,-0.10404914557607241,0.99243150672730618,14.040989132271154,-0.51447810775048763,-1.8692012234294915,,0.4449601373764371,0.2,False,1
-0.23440676365964813,0.96439342295790131,0.12246956726531863,-0.96802363846563055,-0.24313397134286835,0.061774649742506918,0.089351578175061078,-0.10407304038313553,0.99054787756222973,-6.0131494462098898,18.386009651767754,-1.1519571956971886,0.2705822364301504,0.2620906826976851,0.7349397590361446,True,5
0.83719126981809,0.54200805991511347,0.07306189654962722,-0.54600240852056559,0.82061614374269665,0.1687320791035504,0.031498375039275862,-0.18115299505092469,0.98295037756438364,-18.037217287117972,9.6746340331288998,-0.024334757739087928,,0.1938368650472726,0.2380952380952381,False,2
-0.16338773388494462,0.95248591437215346,0.25705063963854713,-0.98205126203081272,-0.18190996700366002,0.049840572312287994,0.094232516466618815,-0.24429356689722925,0.96511185155555834,-3.9718011640786095,9.2508405288334998,-0.8292509186043403,,0.7927979036055914,0.2848101265822785,False,1
0.97433477060193086,0.22143501079743216,0.040475804985509317,-0.22488450534086718,0.96545681133471895,0.13160586880907552,-0.0099354946367726689,-0.137330555378398,0.99047544366621443,-9.5664786913037911,21.861496092927919,-1.1780295757982076,,0.1297340023880012,0.4615384615384616,False,1
-0.60343970478842823,0.75491891561075908,0.25682280572007166,-0.79223253670648719,-0.60421448183068693,-0.085395946798883959,0.090709042925488759,-0.25499468778613671,0.9626783360668254,16.828361370183664,-7.3109186723980573,-1.669764554840057,,0.3644067314394877,0.4,False,1
-0.29003287458695587,-0.92652330701330876,-0.23965703248590489,0.95386936032815506,-0.30016080729522676,0.0060607912878497261,-0.07755111273208351,-0.22684367155598723,0.97083869596808703,-20.188743994506023,16.769093198987065,-0.24852562138836143,,0.2913181997884853,0.1818181818181818,False,1
-0.31387493375939407,-0.94942406692504844,-0.0087445469314495067,0.94645948241495692,-0.31360046924034551,0.07661066400342742,-0.075478302208959291,0.015769807726646011,0.99702273748391324,-4.2307739768928592,-7.1871710373056663,-0.45477040217840287,,0.08409893913812623,0.3217391304347826,False,5
0.90382094199550111,0.42611499717452178,0.039162660702810048,-0.42775676995008804,0.8972477935609553,0.10940997537640637,0.011482620442809267,-0.1156391202532934,0.99322492079831104,5.7462873308928515,10.161901284012213,-1.5337216702558745,0.2619696875200976,0.2641934272704427,0.8155339805825242,True,5
0.37170571954772402,0.92706357426844566,0.0488670371531107,-0.9255204998636225,0.36595172674474247,0.097422471867286808,0.072433848356273658,-0.08143993465834895,0.99404269257167455,-11.723474648276587,18.304550647225298,-0.77656962950029951,,0.07663584247522126,0.1666666666666667,False,1
-0.99798415242065885,0.051445015898720761,0.037162371512065202,-0.051560860206546141,-0.99866750752300304,-0.0021649740309817866,0.037001475808153814,-0.0040767336157993949,0.99930689531847283,2.1177250334605744,-10.315278999918061,-0.74826054194369096,0.2046145293665677,0.2768963706969146,0.1818181818181818,True,5
-0.7281398469537077,0.68244705833069041,0.063862162929383445,-0.68453212818895104,-0.72878799245717085,-0.016847181584852808,0.035044668001532331,-0.055982806521596387,0.99781651450486064,5.885852947298468,-9.8418134290514043,-1.0561776607925153,,0.447697022524978,0.2083333333333333,False,2
-0.75676531760529531,0.64538815048768949,0.10382865346249542,-0.64852882866912487,-0.76117661948432025,0.0045290545894117185,0.081954941613109483,-0.063908443577516794,0.99458488747049145,-9.5918465250427314,-8.8149436284304095,0.1463955356872729,,0.07496737681901222,0.2631578947368421,False,2
0.9671159818043098,-0.25151910520021625,-0.037746754270652272,0.25087813624705424,0.91901471298133475,0.30409228546123884,-0.041795196995479039,-0.30356234457375914,0.95189446078070628,-16.58471545981558,-18.942335592856228,1.1939596462517852,,0.5820560177071477,0.3783783783783784,False,2
0.81286451793753633,-0.58058645464120096,-0.046590172411556552,0.5778229262361515,0.79375357372462241,0.18993664763621187,-0.073293529005423894,-0.18131363127617325,0.9806902802207127,1.3941962166939494,-6.6754772407401317,-1.005625937178162,,0.6950802033942021,0.2,False,2
-0.99524176217045535,-0.095434825312703281,0.019647619432948012,0.094828385587628752,-0.99504814864703262,-0.029778501657365772,0.022392233445821114,-0.027773656432805903,0.99936340331716234,-6.5907763994511219,13.363249987946569,-0.82607664555349158,,0.1607949303701009,0.1666666666666667,False,1
0.88081352628948362,-0.47346279020224585,0.00071986067332962395,0.46806750191798008,0.87100319639501012,0.14921878406533329,-0.071276542801588322,-0.13109697999412087,0.98880394228718249,0.7590994372725427,10.102852399959069,-1.2160729647034894,0.4775957113287465,0.4421213465878303,0.9358974358974359,True,5
0.98468517739029393,0.16989970718930045,0.039104870858208136,-0.17349359198125294,0.97702639915345801,0.12377151893174759,-0.017177746339077198,-0.12866042458432742,0.99153992364225674,6.3670191244701417,-5.2646544193126585,-1.3620616655193925,,0.1090456373559129,0.391304347826087,False,5
-0.15612733235912507,-0.9783831632316462,-0.13561210121247544,0.98411861097797171,-0.16582336253769001,0.063349601131204233,-0.084467837768064838,-0.12356778844639579,0.98873463883959078,-4.6189649599931331,-20.26563604186126,0.11270721349007462,,0.2694541044675894,0.3,False,1
-0.52287751285768713,-0.85182090468467409,-0.031626774890028859,0.85031942563290586,-0.52383292801360104,0.050556284673859385,-0.059632046242653614,-0.00045811666951774827,0.99822032096628499,11.16121912250288,6.6581227814211612,-1.8224104431622081,0.5995516180791566,0.5261448440276768,0.4137931034482759,True,5
0.62814445701999533,0.77601805854486405,0.056837610147818629,-0.77642927793163141,0.62034420136730906,0.11104345185791535,0.05091284205012455,-0.11388171337934661,0.99218891239126605,-18.588836437084144,10.761122297854691,-0.060289938991608082,,0.06578458849176076,0.28,False,1
0.98178775104620508,-0.17998687859962539,-0.060807363267927024,0.18972881146447068,0.94539345200531677,0.26501735604625926,0.0097872363777150584,-0.27172770274198049,0.9623244076540155,-12.43439594983591,-21.285626269029038,0.85834477499324313,,0.220739244005812,0.3076923076923077,False,2
-0.31057337859524375,-0.94041325124862796,-0.1384452721616786,0.94919478310466709,-0.31459665917913598,0.0076292699658110641,-0.050729086674412151,-0.12904208193187386,0.99034069938373626,11.397192775699338,10.049278158433362,-1.8589786362762053,,0.2335541126110785,0.2941176470588235,False,6
-0.96319645165036794,0.25981534813099405,0.068909944156935951,-0.26384402313954725,-0.96284090076512452,-0.057651810616345195,0.051370487458070734,-0.073711496317570124,0.99595566584509476,-0.5174011754324388,-9.3624961921811849,-0.64659846108345975,,0.07421678268739026,0.303030303030303,False,5
0.27034834685291348,-0.96274719096176609,-0.0054422099486908446,0.95802598813960416,0.26845396573298003,0.10059162157640647,-0.09538331826389676,-0.032408557164193053,0.99491291479179389,-19.069639790417295,20.318244581101048,-0.55792110112150428,,0.104623576628923,0.2352941176470588,False,1
0.011999232726448207,0.9879694599551343,0.15418289337646321,-0.99586734200911986,-0.0020745204566375028,0.090796109413159964,0.090023638749319915,-0.15463519185759844,0.9838616274179498,-11.897600375385789,21.977381301414308,-1.0599397940163273,,0.09158228685268219,0.25,False,1
0.78324499927293356,-0.6216446636189521,-0.0092294803766838213,0.61626125621493477,0.77432934708188028,0.1436527978709119,-0.082154337696401708,-0.11820310673510342,0.98958511021328355,-4.8401341017131001,-2.7273277952612167,-0.47262141775927791,,0.0796176604198208,0.4415094339622642,False,5
0.59135039382326993,0.80308484162450788,0.0732082568977276,-0.80375160181378236,0.57959192209111376,0.13437472391974672,0.065483389549132742,-0.13830379965737877,0.98822263923343157,6.594869261029654,6.9651542351152713,-1.6525509500222564,,0.08635293779849491,0.4102564102564102,False,5
-0.651871039893274,-0.73279238546043013,-0.19513960940740499,0.75728659580070723,-0.64254535622158693,-0.11684381463582402,-0.039763792186340532,-0.22394370946576483,0.97379056055276858,-7.3318291452773421,-9.5815227791670594,-0.046523138393258688,,0.3750729761409143,0.2619047619047619,False,3
-0.97849337599754627,0.2047412349986294,0.025134434948083467,-0.20613584805193982,-0.96600544015136125,-0.15601763280437547,-0.007663241926951371,-0.15784332830122838,0.98743443247334561,-16.898185019606508,12.414901653222786,-0.27561882978748159,,0.2615233482617032,0.1290322580645161,False,3
-0.9696577547516515,0.23720705545973017,0.059132490985176415,-0.23662261113189312,-0.97145639946966234,0.01679892349426515,0.061429459961099608,0.0022971220180483479,0.99810878399066449,7.6590191487942691,-3.615368225283957,-1.4482828527263489,,0.470575982239901,0.7542372881355932,False,5
-0.42287988702125634,-0.89856116816651932,-0.11730485163074647,0.90417046517189481,-0.42701768906189669,0.011474455938231182,-0.060401747191042222,-0.10121126563510233,0.9930296615130948,0.51787039239915977,5.9009989204938389,-1.3547121241164932,0.5590681415862653,0.3622218610621097,0.5153846153846153,True,2
0.68395139843111907,0.72290281243931398,0.098091836313964828,-0.72652594261641634,0.66276719150164676,0.18138275710316581,0.066110054374829794,-0.19532325421298094,0.97850819468934802,6.3730706660904586,-13.980888258784841,-0.91105854320479907,,0.1378545233897963,0.4090909090909091,False,5
-0.48055544260819244,0.86176833881783854,0.16254782924046723,-0.8738917863021316,-0.48607605984326235,-0.006573422314091415,0.07334584114531903,-0.14520810672408449,0.98667876906736629,7.0451978835767513,-16.706622153638637,-0.98616805362493054,0.4774759068010457,0.2758102072463277,0.3548387096774194,True,5
-0.38858814806378239,0.91726141243045745,0.087354178208278094,-0.91768815845297202,-0.39378899630807113,0.052713093457660939,0.082750800718506934,-0.059680211567701869,0.99478167319652677,-9.4189681922524517,16.151766422756879,-0.82981309110778867,,0.101388648135753,0.35,False,2
0.59803915665044782,-0.79870844844507316,-0.066437801704195248,0.79800597164339127,0.58571194534930593,0.14187313451326611,-0.074401857062234261,-0.13786345221847643,0.98765278929798761,1.4547685589754225,3.7004390917638994,-1.2839897013302037,,0.2344103806362042,0.325,True,5
-0.56601051896575472,0.81173868099191071,0.14391805377238698,-0.81947225922487832,-0.57304409794985045,0.0092562500894081273,0.089985047541202942,-0.11269771775132265,0.98954631808352056,4.589921530325431,-12.998543874218161,-0.7376006185206474,,0.2309025021108435,0.2380952380952381,False,5
0.99265724329980354,0.11233226741789186,0.044867126286314826,-0.11928077734602648,0.97065068017255329,0.2088285259160966,-0.020092124829508187,-0.21264693455894779,0.97692250856581275,-18.956350345329142,17.622893042881444,-0.31041180854668782,,0.09619482008352517,0.4,False,1
-0.84295207006539519,-0.53613978336170898,-0.044563889746355105,0.53751648388992024,-0.842787581564441,-0.028020026898234948,-0.022535241713426073,-0.047573365002074076,0.99861350773124291,-11.082450164909927,15.430740370677656,-0.60153975787338121,,0.09231385167376142,0.2777777777777778,False,1
-0.74881195274950563,0.65972736679066879,0.06356462008792807,-0.65792797155650962,-0.75148734050811061,0.048964898647740299,0.080071490950331198,-0.005155440184614668,0.996775791125313,-2.3443757157565415,-10.277321510720713,-0.46889160894853549,0.3639874439003252,0.307991926530287,0.8151658767772512,True,5
-0.53285144141149887,-0.83956670910714304,-0.105816266919084,0.84427947358124511,-0.53590292102613579,0.00047929639162870574,-0.057109647828225023,-0.089083108357634055,0.99438558312672565,-12.922585578636259,-4.8518130210410462,0.3427779481964387,,0.1185805933699157,0.2105263157894737,False,3
0.26048793839865386,0.96192925541605767,0.082693056078051497,-0.96224017440184439,0.25165293678244638,0.10375281285766735,0.078992915605940364,-0.10659693702672091,0.99115952918820982,0.46506260449494607,-5.1318017802325162,-1.0264212668148265,0.1357620232399496,0.0931366559652516,0.3297872340425532,True,5
0.525232664559387,-0.850922069029317,-0.0078918007268590565,0.84620200938510182,0.52129507867540781,0.11042463611629641,-0.08984880295508979,-0.064676683493098019,0.99385316783711608,9.5880085460380116,6.6619453054715798,-1.8070227100289251,,0.1310393072438116,0.3928571428571428,False,4
0.86086659663858345,0.49563472268714936,0.11513003282694789,-0.5080499369907151,0.82472444624232222,0.24842473567264672,0.028177372404675632,-0.27235236264282103,0.96178491683288536,-13.41619752658338,8.2550698955967814,-0.31955408760615539,,0.5521626410439524,0.37,False,4
0.67983776319652178,-0.73247686669502943,-0.036031312612575098,0.72355172661787415,0.66192332251607378,0.19578154667275999,-0.11955548770443866,-0.15917020721830141,0.97998537259177498,7.2917546466979744,12.475074032262443,-1.8157303667082776,,0.2048181569461957,0.16,False,3
-0.10091059436098997,0.97507061428294106,0.19762173237678238,-0.99053397079947703,-0.11704539157165471,0.071713520371401163,0.093056459410043563,-0.18851438532304868,0.97765168740627684,-6.9901349569428319,-12.853234051263385,0.10015178019302784,,0.1389282505729172,0.4666666666666667,False,1
0.99556057323729175,-0.092279542415458632,0.018537288556571593,0.086939834140196265,0.97703332623737915,0.19454394018112953,-0.036063974477464233,-0.19206864781404931,0.9807186264529556,3.5781552840029001,-9.3766198010466173,-0.94030318752978936,0.5254218472024876,0.2582026537276454,0.3260869565217391,True,5
-0.30295396390385904,0.91021376199753101,0.28236466355626688,-0.94812703264694331,-0.31780990062131348,0.0072108966970168414,0.09630174307375497,-0.26553300084429315,0.95928004239824738,15.914585896371308,-8.6296266616824155,-1.5751623456947452,,0.3156346511150203,0.4285714285714285,False,2
-0.66665441356637334,-0.74534467308616514,0.0057629137206930484,0.7449681933246417,-0.66602497866193366,0.037856554689902962,-0.0243779368916591,0.029530426689231091,0.999266566083574,3.3395173598603085,9.8453730833163355,-1.3359825104782324,0.6496741677005506,0.3833209102048557,0.375,True,4
0.2827920526221247,-0.95274464791602664,-0.11093372274079885,0.95506428677951449,0.26898465716972991,0.12449683660888911,-0.088774225381599514,-0.14115555275882644,0.98599911096980575,-19.717236740167497,0.44445441877961456,0.40055951573085263,,0.2329088150731539,0.2741935483870968,False,4
0.31849950877938937,0.94028399611493163,0.12010024794904975,-0.94488467628454242,0.30478408952483665,0.11958096543836685,0.075835423318810866,-0.1515673626565161,0.98553352208202682,-12.752068523483395,16.176264565797648,-0.50924229624882078,,0.08551828465248335,0.3181818181818182,False,2
-0.97672356214417344,-0.21448960537132863,0.0023005086502884617,0.21405015805419078,-0.97530604130235121,-0.054411907117039013,0.013914488469729737,-0.052652967502212926,0.99851592477227824,1.2230765981641534,-21.439843962610038,-0.41513844164928471,0.4846191256531246,0.2190521984502452,0.5714285714285714,True,5
0.26700262142531356,-0.94490294065319391,-0.18938857646901036,0.95695226356184859,0.23675570076712543,0.16789610900232865,-0.1138067019813206,-0.2260645281755076,0.96744140064653017,-43.995629651368908,4.6953288866738152,1.4430858195575171,,0.770181088109253,0.6666666666666666,False,2
-0.10573907019174104,-0.99255490474982955,-0.060448408515388845,0.99102086981705106,-0.11018820849475366,0.075737667615082702,-0.081834495306332355,-0.051897203833867096,0.99529382375868514,6.3466943030457932,3.7613216627342037,-1.6048271487716912,0.3233770812023955,0.1759111468683911,0.2708333333333333,True,3
0.73192168059392437,0.67969097509585463,0.048071112425376331,-0.6802517617836753,0.72480582295422169,0.10915154420282147,0.039347097310634162,-0.11259084059061442,0.99286207931833492,-4.3134547244576957,-3.8785819165563198,-0.55558269686732964,0.1408468030657313,0.09893333288454306,0.582995951417004,True,5
-0.81212168548326935,0.57681918334116267,0.087965889397253541,-0.57845022412950375,-0.81567597829598304,0.0082484323007140509,0.076509516874323683,-0.044185157694941884,0.99608933618784024,-12.599581634997223,-14.319215550481472,0.62056815767372542,,0.08293521264814106,0.2272727272727273,False,3
-0.56759912944996238,-0.82330247017824565,-0.0020666025368185903,0.82123985791802334,-0.56635124169561535,0.069364016583677315,-0.058277989107644812,0.037673779054338052,0.99758927538207598,-2.0267652779720593,-9.1437003955351983,-0.51724468655606293,,0.07045151875238938,0.3137254901960784,False,5
0.56177718937624777,0.82280243465183434,0.086038032448083598,-0.82488613002432809,0.54918817068809189,0.13399711067689185,0.063002079251492218,-0.1462480998416095,0.98723970306238562,-17.744940400096745,24.2160569591227,-0.97337805056415772,,0.1752292360946895,0.2105263157894737,False,2
-0.74485333120893682,-0.64994293816299464,-0.15088966869538639,0.66618647640458406,-0.73705637022515524,-0.11376944126681421,-0.037270546582982275,-0.18526220403140053,0.98198208848982227,-7.7787632179628199,-7.9462233190157665,-0.064443275985199167,,0.3231963552994171,0.2700729927007299,False,1
-0.88231401975294177,0.46876442145905589,0.04221241193729245,-0.46545783579237704,-0.88234256801833744,0.06943051031271269,0.069792360949344268,0.041611414743599154,0.99669329109618976,3.4952541668520776,4.2989150169388131,-1.4444482385178943,0.284554314846616,0.2239195654755323,0.849624060150376,True,5
0.86138120053545397,-0.50795677240594306,0.0015312514612041694,0.50386631437875384,0.8548188335548873,0.12411083366988092,-0.064351881079509343,-0.10613519287587403,0.99226717986373492,6.1757502635350052,7.6999988992659922,-1.5793860863825526,,0.08428634639219808,0.2903225806451613,False,5
0.96784577413524198,0.24620145193751519,0.051569395501739147,-0.25069451609699395,0.9609257578850815,0.11736246176642978,-0.020659551966328064,-0.12651692731347089,0.99174928788263284,-7.7235254488907081,-11.835093703967654,0.062067446643924155,,0.1114960017891018,0.1923076923076923,False,3
0.60725386625941458,-0.79383819635812869,-0.0326137994699486,0.78932936472028947,0.59810826970758535,0.13865659630058075,-0.090564319150849074,-0.10994278380262799,0.98980335844372203,-13.723561502548179,-15.443631743958937,0.733541063588113,,0.08832388803067467,0.2307692307692308,False,1
-0.38630023464138258,-0.92138267857897493,-0.04273275477483951,0.92074051726111417,-0.38795767690676053,0.041542036575569576,-0.054854613203897055,-0.023298080258754655,0.99822250569024329,-4.3249848135001265,13.335671645825016,-0.97697600422926645,,0.1266879482512155,0.2916666666666667,False,4
-0.91340631052633059,0.40461549199182195,0.044443396932431212,-0.40187043626637475,-0.91375528790653537,0.059593844295523626,0.064722981588855408,0.036572906133659037,0.99723285053752031,-13.081103618253822,-3.1979341274369832,0.23031718234366363,0.2309853653563288,0.2150641029711769,0.7804154302670623,True,5
0.99966032965235374,0.010897655146917991,0.023674172248389237,-0.014430389341361269,0.98787193268876972,0.15459886309158893,-0.021702285197745381,-0.15488797796489553,0.9876936392926412,-13.940531478051795,16.882406299779351,-0.49000586439098315,0.2491115864397109,0.2320223219667016,0.7868852459016393,True,5
0.30747302727489217,-0.94919620108885361,-0.066984396219589418,0.94818628745815037,0.29970416213944778,0.1054522615813528,-0.080019383743839281,-0.095937412070480566,0.99216576799972078,-18.389420699734,15.257195425668275,-0.2388036878800511,,0.2465118755766929,0.59375,False,6
-0.32969130983642003,0.91335807398349433,0.23891561043077386,-0.94095493489400051,-0.33850332132372318,-0.0043945365441030726,0.076859942212929577,-0.22625766316739829,0.97103039043124417,12.166278467175999,-7.0551617111948062,-1.55863777823369,,0.2193718738528554,0.2,False,4
0.95654057092262867,0.273093120340133,0.10222662961235182,-0.29055671600501148,0.9222498259501738,0.25501382966273989,-0.024635968894979522,-0.27363370800718889,0.96151841525726467,-3.2904937150812801,7.713070516337976,-1.0216381004449588,0.6044862162464238,0.2669110378381419,0.2152974504249292,True,5
-0.18011254694446568,0.97534699846751294,0.1275056979652005,-0.97909753824473467,-0.19021845771615178,0.072006589609495783,0.094485348262465532,-0.1118712247385532,0.98922057602903635,-10.639167647336844,-9.3394581925588618,0.23695071471539669,,0.07202654544756866,0.25,False,1
0.94086162712436172,0.33645320575574128,0.039732089569804327,-0.33592275844691438,0.91123006894734027,0.2383603612256886,0.043992032941364723,-0.23761103043190063,0.97036369432021485,-9.2039499348194145,-6.1402429026877279,0.0086366316809582625,0.3142007639046894,0.3291448960379681,0.5271317829457365,True,3
0.35846100675180381,0.93181141676420487,0.056861148655031862,-0.93026923539050999,0.35144228718062548,0.10529704871081384,0.078133580005270958,-0.090641063371614622,0.99281385027930769,-0.62026536386221442,-12.392560764128927,-0.43635289035342539,,0.08301872133752194,0.375,False,5
-0.92819338048893008,-0.37209458094100012,-0.0016343961803786389,0.37164383503482107,-0.92726809570118207,0.045329224296416767,-0.018382282152756772,0.04146687267018985,0.99897076542500041,-6.8435461377797377,18.965721155670177,-1.1314381524728165,,0.1476062340158548,0.3461538461538461,True,4
-0.99597939675769076,0.080036565805411575,0.040239152181223009,-0.0849822555476865,-0.98624401771992809,-0.14177712704693426,0.028338268758258827,-0.14462671138393088,0.98908040971300937,14.017680647465109,13.743338498714104,-2.1461298130242428,,0.6997203036140714,0.4878048780487805,False,2
-0.68624839074945698,-0.72531792849699217,-0.054562338610191066,0.72622902225123942,-0.68743896528758885,0.0043676360125922686,-0.040676202302943068,-0.036627470635599228,0.99850081370074439,-4.9820108920068851,-5.0338724586667087,-0.50234405472363408,0.501100170862505,0.4064227987084161,0.2455357142857143,True,5
-0.36974355213046106,0.9224460740510142,0.11127868675455857,-0.92361889665724062,-0.37793306070548094,0.063990119264213011,0.10108332896976627,-0.079119163883710111,0.99172693747358309,-20.34928354906604,4.1914231297071005,0.38956631131973835,0.8542034609398624,0.7773622992419659,1.0,True,5
0.72104455728214001,0.68185940320269645,0.12313610631275967,-0.69166989436756343,0.69778281998502134,0.18625759946728793,0.041079236109838935,-0.21946956599450418,0.97475412590192079,-1.178358503079596,-11.278291377873947,-0.4742378320478956,,0.07074633692815228,0.2758620689655172,False,5
0.8708495217057366,0.47313658935313768,0.1332774488057609,-0.49126449105584707,0.84697682781013117,0.20319806342662083,-0.016742472115296538,-0.2424294144033883,0.97002457116276219,5.3930907977861109,-10.703848150643454,-0.95965408811066666,0.6923558476908627,0.7266654350874359,0.5471698113207547,True,3
-0.20153260664062692,-0.97271800355846127,-0.11490993870800645,0.97605787390302923,-0.20924208335860528,0.059403512889823734,-0.081826861436421497,-0.10018700566936772,0.99159816893864461,-2.0687993939550053,6.3047975541085659,-1.1269428274061617,,0.07424984623609329,0.32,False,4
0.72399324408749888,-0.683108378763986,-0.095899558800330423,0.68793815288641846,0.70479329643132027,0.17322675055745912,-0.0507432785586652,-0.19138796244255263,0.98020190140256602,-20.963912961758272,-11.949460368745772,1.2218664591281709,,0.756988094469835,0.8735632183908046,False,2
0.29561492795283395,0.93573788696413618,0.19237053119262795,-0.95352699162300969,0.27673204126240747,0.11918747243361463,0.058293143831957238,-0.21866408996137024,0.97405745474461192,-19.754577417046509,14.126055174974928,-0.22021301377772873,,0.1710988219203057,0.24,False,3
-0.19258713912756484,-0.96368391478855209,-0.18499596271397792,0.97779031493543633,-0.20434613647574953,0.046569910091117939,-0.08268188351217258,-0.17191849489000832,0.98163523635494776,1.9932881772931519,17.985653176052622,-1.6825694084116685,,0.3975479973498729,0.1,False,2
-0.97490148792642772,-0.22176084062581086,0.019728618901777427,0.22243541562390751,-0.9739554873393983,0.043968108416161208,0.0094643919539191823,0.047252917861328604,0.99883811853499727,1.1906422170731963,-13.406862344346079,-0.49249191632570749,,0.08711272975142303,0.36,False,2
-0.65202836515277074,0.74608546632133677,0.13496476569934657,-0.75030483010228743,-0.66055137145536247,0.02673102305595456,0.10909478888280326,-0.083835330335808131,0.99048975987947663,-17.015327269636696,-5.3211563931794608,0.70050331067454108,,0.3627947849865023,0.7272727272727273,False,2
0.12381487196342295,-0.95846982566961358,-0.25691529880788305,0.98789584871567382,0.09468081365549455,0.12287121557091403,-0.093443403036392536,-0.26901884098775697,0.95859125471839357,12.237344068142352,1.2966396738750627,-1.8514452318442034,,0.3343384556040044,0.1363636363636364,False,2
0.6330332858833505,0.75451849728398568,0.17312046736317765,-0.77246238670843204,0.60102859700297473,0.20510116212578855,0.05070226902655911,-0.26356491200642101,0.96330826689829996,-2.2819095642058898,-12.305633928995183,-0.33086464048916908,,0.1971281865691453,0.3181818181818182,False,4
-0.63066968845331306,0.77305042600455121,0.068181983840180038,-0.77114257890684568,-0.63412330886134827,0.056804508233359072,0.087148534486243254,-0.016753149343225089,0.99605444877475613,8.154996811214291,-19.401823347900542,-0.89797673614104423,0.2625754528940097,0.2202024030015914,0.5263157894736842,True,3
-0.4521157391506358,0.87594519653041758,0.16825983206803091,-0.88049863515757798,-0.46843641479905279,0.072728802931518025,0.14252547806590971,-0.11527071599282024,0.98305602593981667,-12.869538425090157,-19.138280436426292,0.88913521211486779,,0.225106543514351,0.3529411764705883,False,3
-0.95245101670576549,0.30099241895574169,0.047335235367792258,-0.30184794182017544,-0.95328138240747451,-0.011934235384706213,0.041531684231162269,-0.025654817997111036,0.99880776404594362,6.2232712688435159,22.709940055144013,-2.174090291719565,,0.1804587496439276,0.3333333333333333,False,3
0.4632029089459237,-0.88620968903948805,-0.008686322384599092,0.88120761217132704,0.45949991786565997,0.11105390462636017,-0.094425681863269648,-0.059094945079816073,0.99377642257736776,-5.2328480953381185,7.6857201630146834,-0.85960585756935259,0.2422837844274704,0.1492720708581938,0.5294117647058824,True,5
0.63550526038111088,-0.7717664305602584,-0.022575222882938485,0.76932731917326769,0.63048104493692769,0.10309766218936786,-0.06533406463407665,-0.082886842354608081,0.99441501967884249,-15.604162971262141,-12.558752716008017,0.86634424354069572,,0.1236141063299278,0.4285714285714285,False,3
-0.88960202525160159,0.45425780665109411,0.047519277822662909,-0.45417713946572608,-0.89081500347173592,0.013105555172627972,0.048284186386232698,-0.009923441247357688,0.99878434241773673,-14.893850389539825,-6.9029175276856796,0.61135052933314649,,0.06810550348558983,0.3939393939393939,False,2
0.98080670170982076,-0.19226346183053755,0.032449578210537684,0.187439145420848,0.9755557858278272,0.11470603951734432,-0.053710154021437639,-0.10642213107615262,0.99286935161289225,-10.938412435549491,-1.1949100516597386,-0.10191582802788918,,0.07472281347699192,0.3608247422680412,False,5
0.99821078297446186,0.043576609267172689,0.040942787866592813,-0.053740485508385338,0.95404342892171812,0.29481027110433961,-0.026214365733995659,-0.29648307684599357,0.9546782663144151,-23.659841776859341,16.482740143206438,-0.12737378719045025,,0.2572701280533217,0.2307692307692308,False,1
0.26309669819710607,0.95903168968329755,0.10506353116558199,-0.96248625287462941,0.25342534926735555,0.096931962613342498,0.066335061808492732,-0.12662468373867353,0.98973019002299045,5.2735185788996297,-15.852830745464116,-0.86087103594466363,0.1592669905937582,0.08663024538074642,0.2083333333333333,True,5
-0.88138850942570324,-0.46947819951360309,-0.052388124931147272,0.47199780851860623,-0.87069049073854332,-0.1382611228477002,0.019296740812094662,-0.14658884513815906,0.98900927512086079,3.844112407134173,8.2003784410566745,-1.4127781011940033,,0.3455137347506255,0.1944444444444444,False,4
0.99745634480780443,0.062687150059407698,0.033928769799158542,-0.066098488453488605,0.99160973186817358,0.11109063636730672,-0.026680142931008139,-0.11305070049211746,0.99323094448945881,26.45713663817487,-4.3201707817143982,-1.9169594277798032,0.6037545917344104,0.4567559579548531,0.984375,True,5
