axis_00,axis_01,axis_02,axis_10,axis_11,axis_12,axis_20,axis_21,axis_22,location_x,location_y,location_z,dbh,dbh_approximation,score,reconstructed,number_clusters
0.99607155523995461,-0.088439898061201602,-0.0044543543620178608,0.087794902391379506,0.9797414925346668,0.17999628585065827,-0.011554737381105445,-0.17968024999111054,0.98365720441990645,0.010450630787688979,-9.2126154305382784,-1.5933227413324405,0.4334674105675038,0.4348785241238138,0.6219512195121951,True,5
0.89494471476677673,0.44387652785020659,0.045250254525890793,-0.44582279668314911,0.8855828390794539,0.13032677808336229,0.017776148869440993,-0.1368088562616446,0.99043795635049869,4.5655252549475609,-6.6207328883398429,-1.9377625703833639,0.3568006883690507,0.2846467420255442,0.8922413793103449,True,5
-0.51527496137195972,-0.85074182270560916,-0.10358602841437821,0.85695969056452481,-0.51294961756625468,-0.050027778145628185,-0.01057369049483892,-0.11454711230830704,0.9933615435133113,-14.921170269077047,-13.540116403586172,-0.55100737494406737,,0.2559473031595139,0.46875,False,3
-0.34334585641987386,0.93360505126983173,0.10244623527860532,-0.93814037300452835,-0.34611081087546414,0.0099973563532709565,0.044791331954174951,-0.092676398498131904,0.99468830381340445,-1.5952871531877986,-11.371985988009747,-1.4860129521542724,,0.2547956164253657,0.21875,False,5
-0.99940592651436821,-0.032050198765629527,0.012671969343437187,0.032141710325930113,-0.99945820950514519,0.0070850483479919027,0.012438026583078578,0.0074881380765197715,0.99989460608749436,5.7131961255335684,16.42573446520711,-2.5212557538133451,0.3289243958380951,0.2436971967308285,0.5161290322580645,True,5
0.99027738237739282,0.1359974853490204,0.02924704994563837,-0.13849090036689893,0.98361904324406257,0.11538565024820542,-0.013075797006122623,-0.11831424997175331,0.99289010559390534,-17.904958595927159,-5.0928429976641221,-0.47993040311959517,,0.311407999766234,0.5882352941176471,True,5
-0.58783859388047432,-0.80896996367115626,-0.0036586093690344317,0.80862470180946844,-0.58770937977523185,0.026903095505176052,-0.023913995236578986,0.012856235922722004,0.99963135106384327,-8.0008939448825007,7.6915952245247929,-1.4633577965313782,,0.1321479473402365,0.6216216216216216,False,1
0.43993228075394669,-0.88283809739031638,-0.164488547160211,0.89801719494120791,0.43349670195057427,0.075138052862045043,0.0049705070722521234,-0.18076919868777738,0.98351298459411496,0.37658487395529544,-7.4982237329075687,-1.5889238530638563,,0.4971552555319283,0.3333333333333333,False,2
0.049813199084285657,0.99445754409083298,0.092589622516877301,-0.99792688697634968,0.04577495995642232,0.04523915660884107,0.040750134314878381,-0.094651180879144106,0.99467611839809555,-15.929172789041575,-7.1611120217307738,-0.50851514718491964,,0.09351090125574896,0.3043478260869565,False,1
-0.94299847291154959,-0.32508739134985098,-0.071218453169338281,0.33161209266126945,-0.93591564244841763,-0.11872375592600828,-0.028058868246921349,-0.13557322082813233,0.99036993174620735,5.4973359522889691,25.183638648932369,-2.7722204866283313,,0.2494492762020976,0.5,False,5
0.70584586983194708,-0.70825414723553981,-0.012556709952898492,0.70716604516311621,0.70350890956721013,0.070649831761395096,-0.041204279019785864,-0.058747570870754204,0.99742214247892347,2.215483362202245,11.956037633147977,-2.1753307821147736,,0.2841366802135815,0.3181818181818182,False,1
-0.95315151537056864,-0.30151671866842661,-0.024286974085166908,0.30206501454140533,-0.94445832325729751,-0.12944188896997266,0.016090858798998804,-0.130713977804361,0.99128953402609465,-6.720742891986303,-20.979423490682997,-0.91278311163365633,,0.153703895490732,0.2608695652173913,False,4
-0.92304422044107726,-0.38466664984015247,0.0045755448939798181,0.38469326852038982,-0.92295662081232865,0.012734412188491001,-0.00067547422050772896,0.013514606891827909,0.99990844537644363,-21.372830580023578,2.7997051872144358,-0.66828078695532112,,0.06945598239747922,0.625,False,1
0.97752144592645429,0.20029325136620171,0.065836435284794784,-0.2075265067197927,0.96917453101806517,0.13279110450098913,-0.037209834218030008,-0.14346895790751502,0.98895504769144982,-6.2899473314539991,-18.22296623721731,-0.8990880100554195,,0.1478265631237063,0.1363636363636364,False,5
0.76825782468113535,0.63918718461068014,0.034923600124880549,-0.63995995909749537,0.76560148275179618,0.06561722609333108,0.015204129969919392,-0.07276065308752859,0.99723353423064065,-0.95347860046398569,-17.084682329487858,-1.3025334985881423,0.193813007330132,0.1931242352116962,0.6904761904761905,True,5
-0.94149914213073238,-0.33027850169111012,-0.067048316069615935,0.33701099773174314,-0.92165236292573072,-0.19230317033598973,0.0017183640332682146,-0.20364928979520888,0.97904239642160362,-6.6507646758199961,-4.9811862477666802,-1.0201467784284783,,0.2190124116136075,0.3,False,4
0.0076043728471828212,0.94878341666800159,0.31583571959072909,-0.99910950475544225,-0.0058995060026118592,0.041777904881165576,0.04150145805794779,-0.31587216414986263,0.94789366750408555,5.5666935151879047,8.9139691066839735,-2.5024524366661676,,0.07698248956897866,0.1111111111111111,False,1
-0.59178288123891731,-0.80455995286544524,-0.049762472986380861,0.80579116406698037,-0.5921312665704821,-0.0090090544020630763,-0.022217591772018985,-0.045429565205838476,0.99872044798385029,-10.560053053036334,-5.7894582500372307,-0.79303355291885291,,0.3072115033070611,0.8859180035650623,False,3
0.70070041348491519,-0.69802875428957445,-0.14756282976079843,0.71225746260734091,0.67241638120022817,0.2013591747443908,-0.04133082992418239,-0.24619518370296112,0.96833862569828544,-10.467729384543544,-15.234402532970618,-0.74314019405318321,,0.44276138564142,0.1388888888888889,False,1
-0.94898824841312923,0.31459597812047801,0.021229105591170857,-0.31423503193190616,-0.94916109514155311,0.018696528459625956,0.02603169377000477,0.011071857120979264,0.99959980237060764,0.59837102783273421,-1.9566035431068498,-1.6681437515106601,0.4736424094908834,0.336473522266011,0.8175519630484989,True,5
-0.98366448516641558,-0.17971209280353481,0.010379996265042771,0.17967879651693586,-0.98371693999303256,-0.0040635025492610777,0.010941238710227189,-0.0021320579063381301,0.99993786988220812,6.5511441852038859,-18.320089333865788,-2.0481301128802518,0.2187468374567578,0.2928028190941762,0.1428571428571428,True,5
0.60920714851265312,0.78598904996600916,0.10529892466028683,-0.79277656790493878,0.60040469380770134,0.10497388739370855,0.019286357404880092,-0.14742936270367241,0.98888453291111822,9.0487189895887976,11.289903034879842,-2.7367171189216313,0.4746127601519358,0.4984273851901005,0.7534246575342466,True,6
0.68266323484126989,-0.69832159201858945,-0.21521584959448412,0.72830851836083399,0.67419158943713831,0.1226066997160889,0.059477809972285037,-0.24044262278732434,0.96883937537037201,11.745165318377888,-1.746625552768803,-2.7127059678939367,,0.3303905500957766,0.2424242424242424,False,2
-0.34108440223829795,0.92207392794347454,0.18286908420133727,-0.93867302969436528,-0.3445434364944,-0.013519012280162966,0.050540813944226638,-0.1762654015271348,0.98304431962670602,8.8634676544905595,-10.506210269111461,-2.3394646532762136,0.470408630161149,0.434597377695486,0.4186046511627907,True,5
0.96581652844197208,0.25796556047540425,0.025538265346500152,-0.25921474245185028,0.9620167132172408,0.0856245337874523,-0.0024800572409845074,-0.089317484846519551,0.99600011858271054,-5.9949809121207496,10.188690766344402,-1.652075131181318,,0.1098271266023228,0.3055555555555556,False,5
0.39508173160547566,0.90448415562566675,0.16068241214813789,-0.91603816630687918,0.37471677372293566,0.14304341075283863,0.069170103518427339,-0.20370506059693116,0.97658575919703583,-20.033550580017902,13.585892346853624,-1.1315928775611175,,0.3655499751978276,0.2903225806451613,False,3
-0.98654419793457704,0.16281760814163909,0.014865126997713786,-0.16335174923786447,-0.98540090537040992,-0.047971467729338184,0.0068375099672586086,-0.049754217652503915,0.99873808692931876,1.2433780239641292,4.5922166948253249,-1.9577920085286664,,0.1418569976325322,0.2727272727272727,False,5
-0.85657477960147355,0.50921320830357064,0.083555702617306979,-0.51417873867043173,-0.85592742381226339,-0.054849520192852649,0.043587517134741169,-0.08994528145092795,0.9949924495667003,-27.111229692719288,0.4806394773247068,-0.35116476407279645,,0.1334751258840658,0.3103448275862069,False,2
-0.99294184139748054,-0.1186021270035521,-0.00018727630615226337,0.11831041343287922,-0.99038642577485603,-0.071675474984458698,0.0083153878756642378,-0.071191734851314553,0.9974279879837632,0.90607617684300623,13.464350967205611,-2.1580691284603786,0.2438139324248899,0.1535473570323956,0.660377358490566,True,5
-0.94761578614491759,0.31781334170074133,0.031921805806645741,-0.31940807005000804,-0.94233445260288495,-0.099921290146545619,-0.0016753017276219077,-0.10488307430004512,0.99448314922350112,-8.3156803318107375,-5.292861288317817,-0.92872893401204815,0.7763684345879917,0.5390243351680659,0.5904761904761905,True,4
-0.9664145909948445,-0.2569650059376985,-0.0034386095599703258,0.25582959527181426,-0.96070316177156567,-0.1077063282503667,0.024373274202021761,-0.10496866525565961,0.99417680661898267,-7.3391252757865413,-22.205579699090176,-0.86507410323514289,,0.1725843358639496,0.3333333333333333,False,6
0.57083138999309346,-0.80216240232189739,-0.17517706613514039,0.82076236782860457,0.55166677759963412,0.14836745616616326,-0.022375427480507477,-0.22847154482341619,0.97329342618301207,-22.609548876933857,9.6969641706171199,-0.86868411911083709,,0.318981237681718,0.3103448275862069,False,2
-0.9074606042616703,0.41707838130978081,0.050605094180902449,-0.41766070107505465,-0.90860248493328455,-0.0010310919236017797,0.045549868172573421,-0.022071434413605862,0.99871820915230514,14.472572902993496,-12.421520744450829,-3.0319102247562371,0.6069038647872604,0.5431391421109607,0.8181818181818182,True,5
0.5893193873403737,0.8000313882595812,0.11248305429802938,-0.80764350734867396,0.57988503293596583,0.10698277251214701,0.02036233636640114,-0.15389323044338485,0.98787764874067308,9.1358644226220243,-3.2855633891283467,-2.384988377532256,,0.1660100208733019,0.1363636363636364,False,5
0.48964147235371003,0.85407240832006182,0.17553219048840779,-0.87176077370906269,0.47563342171288447,0.11749894285425731,0.016863628715837627,-0.21055443357018416,0.97743667238879028,-19.339834273444925,5.1059299147104653,-0.83193428273782477,,0.3353328194423558,0.1785714285714286,False,2
-0.044526156732723025,0.96399842665735069,0.26215349467204685,-0.99830813955070286,-0.052757979751694099,0.024442873794537391,0.037393580644661889,-0.2606216203131923,0.9647165859214295,-6.3128937947480344,12.755497627047372,-1.7302285496117114,,0.4366063799838439,0.1590909090909091,False,3
0.95204922324273911,-0.30593794647199757,0.0020614149007969554,0.30498843990639407,0.94958372551870485,0.07261404653012947,-0.024172878321788448,-0.068503438880928066,0.99735798528669029,27.409000987869792,-1.570236211105634,-4.2835698041702495,0.4131094312185838,0.4837060227399684,0.8780487804878049,True,5
-0.66476474027073584,0.74217502530948598,0.085229524811806859,-0.74586367593582092,-0.66580755189929652,-0.019689610289984002,0.042133324249186664,-0.076658565344850688,0.9961667768737239,-21.431095689128533,4.3980166592972836,-0.72772316676938653,,0.08978200733152616,0.2916666666666667,False,1
0.8496433077294967,0.52673312655514948,0.025660534287448543,-0.52727668332430555,0.84765292138407311,0.058854261456305589,0.0092492622949421448,-0.06353533078912757,0.99793672789837551,-4.5626528632679308,11.659382433705851,-1.7712322264537823,,0.3042902126361061,0.8740740740740741,True,5
0.93089743311062612,0.3636680468590498,0.034285867668354314,-0.36526597382114079,0.92590845946222478,0.096303131126583202,0.0032767966890838544,-0.10217179840843653,0.99476137149240196,5.0261136075765336,2.9626635828086383,-2.1847232698001724,,0.0728653716345743,0.275,False,5
-0.75955115957746711,-0.65024143802009748,-0.016374011911608179,0.65035627986765254,-0.75962562634497566,-0.0023700288419592694,-0.010897028091790755,-0.012449099628484332,0.99986312798162902,-3.6531461810857295,-21.328371647564975,-1.1579146919108967,,0.1093094970945736,0.4,False,3
0.5690728803165449,-0.81816224742827393,-0.08225930811371128,0.82109755904739457,0.56002021584316242,0.11034562235715366,-0.044213746896650662,-0.13033761824620316,0.9904833415334483,-16.233620210823734,17.842236427907753,-1.4742689664400477,,0.1717620094534052,0.5,False,2
-0.97295139220943949,-0.23099350076263431,0.0027551775146512705,0.23100936654008555,-0.97290618646075944,0.0093928119927630949,0.00051085072458819866,0.0097752213174854413,0.99995209089222492,-5.0470210265034021,4.9919989673140348,-1.4513976742737364,,0.06740163940581675,0.2,False,5
-0.92266875989934571,0.36563837064490518,0.12243750004774519,-0.38507064035984478,-0.8902631369984767,-0.2432121477938341,0.020073899438371422,-0.27155133734483727,0.96221458612285027,18.001073201843205,9.9252715635124638,-3.4036482963503158,,0.3563961771764581,0.1875,False,3
-0.50696085311191974,-0.86188915428839374,-0.011737935596692867,0.8616251181849407,-0.507096229521381,0.021344079225534489,-0.024348493276208159,0.00070691246731766078,0.99970328155405275,-3.400248477719034,3.4512062985147436,-1.5126098679938766,,0.08832463127406583,0.4031413612565445,False,5
-0.97938275739467184,-0.20116587175941136,-0.018485306523979336,0.20195610057959501,-0.97717653121360148,-0.065876856968421202,-0.004811232346699789,-0.068251878249828216,0.99765652063156296,-10.032000690193584,1.2848586237214608,-1.0411014285398867,,0.2566781408442368,0.2716535433070866,False,5
-0.17566892229612802,0.98282470601161531,0.056533414831411791,-0.98322701116187194,-0.17802204126581145,0.039658509115285984,0.049041556470104705,-0.048618412939309769,0.99761273832196706,-11.068758882087979,14.672646018895918,-1.5454548834044892,0.317862319693194,0.2656292932703463,0.7115384615384616,True,5
0.22538530414640101,-0.96616398863560482,-0.12541376215780631,0.9731931604641253,0.21721341258979243,0.075587074403930948,-0.045787958031376426,-0.13908803131411818,0.98922089668813662,5.7167869064612766,-5.5998479400936647,-1.9963592261694343,0.4055630433087872,0.1973250370420632,0.2647058823529412,True,5
0.98550597600811263,-0.16963680837673017,-0.001150867523287892,0.16913670394709013,0.98203282661205382,0.083691713056052386,-0.013067005403459411,-0.082673337298664398,0.99649102989926064,-15.301464569789333,12.444816389477747,-1.2760186469259878,,0.2618926468252146,0.7967479674796748,True,5
0.77396453200505877,-0.62163075870948159,-0.12064038720290139,0.63319707320442586,0.75783877838447899,0.15729543051872399,-0.0063537141532115961,-0.19813022435508418,0.98015511247631848,1.0818563444242355,10.863856974230787,-2.0936866953364888,,0.3267918945483836,0.2380952380952381,False,5
-0.26752552790763173,-0.928901024632655,-0.2560722131629013,0.96289033741693686,-0.26756639700662138,-0.035361296667299411,-0.035669174742915338,-0.25602950929394547,0.96601066264501489,-15.181456115536601,-10.224343028332957,-0.43272883062645451,,0.7529479204605151,0.5094339622641509,False,1
-0.92901546934802448,0.36681955607450689,0.048720334495688827,-0.36948336136385257,-0.91231586188689051,-0.176527090909155,-0.020305255165568404,-0.18199775116984837,0.98308927121690182,-7.8906549696769419,-19.42778415534443,-0.76124998302168312,,0.4235754179282437,0.3333333333333333,False,3
0.48534640163810894,-0.87360709782850854,-0.035348395162874462,0.87273221018928659,0.48163088847593932,0.079813385869795528,-0.052700661429085131,-0.069586822671598839,0.99618287196448496,-0.2314628129922561,5.4448822046572731,-1.8296560872849792,,0.1271331137003655,0.5543478260869565,False,5
-0.554587869687721,0.82765732572479322,0.086114145001383008,-0.83096917006264337,-0.5562968588488505,-0.0049033906945892512,0.043846701137456243,-0.074277560602012196,0.99627321091675303,-8.6357450017351809,-17.569339760720222,-0.74960557753348223,,0.1314080199934141,0.4,False,1
-0.97970155465393927,-0.19627496695068647,-0.040755381941050814,0.20030394284621583,-0.95042350860667946,-0.23785181262296107,0.0079494835627137144,-0.24118725429896842,0.97044603872384883,8.1324277091462829,3.0007637389405142,-2.4528141862542969,,0.3981643009668607,0.2962962962962963,False,1
-0.86106663961140051,0.50670738017737893,0.042566101796009753,-0.50711270227513772,-0.86187850666641552,0.0014652432144355333,0.037429257801064812,-0.020324138856225672,0.99909257831304832,-8.9762996793370267,1.9631872552840461,-1.1098806458900319,,0.1652850570504766,0.6737704918032786,False,5
0.97349206621291284,0.225762988021287,0.036664291350194958,-0.22840339472674565,0.96801153757117431,0.10385351417447423,-0.012045177367319349,-0.10947482070681604,0.99391658469581756,8.9191953386151877,-4.393073669723627,-2.3591213444900085,0.1447353918069596,0.1059820939849501,0.3928571428571428,True,5
-0.9851004098503896,-0.17192313631736394,0.0044291885706628682,0.17129565050033116,-0.98314952350867579,-0.063834274056586385,0.015329143233127746,-0.062124468798245028,0.9979506840241521,-23.128755951040901,8.9857525915851824,-0.83469141069780439,0.2336603148170437,0.1403896018971579,0.3823529411764706,True,3
0.99656815352787098,0.079778373413753892,0.02207547303014392,-0.081758463285916516,0.99035828109910706,0.11183035696780345,-0.012940983547412218,-0.1132514291030209,0.99348208073973243,-9.9038829895672524,-9.6111477422666916,-0.74912456040172148,,0.08591901249847003,0.2173913043478261,False,4
0.28366406026318897,0.94150881311061407,0.18192266420115019,-0.9588692450118822,0.27647447351277488,0.064277806949028807,0.010221148924878937,-0.19267335137708208,0.98120971651516908,3.4099629362505866,-10.369501503794561,-1.8123686591842976,0.2958336387833485,0.2379715524783441,0.4,True,5
-0.41885415619918875,-0.89601854954036519,-0.14734976998368865,0.90786619814167691,-0.40992170803701811,-0.08799522459651507,0.018443484118872654,-0.17063104102007334,0.98516236516320654,-27.738782092958523,1.7795502678693609,-0.37814133915278353,,0.3724969333216834,0.1428571428571428,False,2
-0.90303304508219562,-0.4289645420221978,-0.022819754101725868,0.42956667163898909,-0.90198958715814037,-0.043442597474003045,-0.0019478466515756125,-0.049032706900327627,0.99879527409146673,-9.2402599192532016,-16.675962143772612,-0.77084300939421768,0.4085696205617084,0.3369542227452765,0.8666666666666667,True,5
0.67545346510400917,-0.73729417291137656,-0.012645911193640353,0.73628025978280875,0.67338039954399309,0.066709943517685374,-0.04066934389866507,-0.054370397284757149,0.9976922693726511,0.44049815121993185,3.5008860615120887,-1.8456946461474086,0.2010739318250437,0.1550214652724035,0.3694267515923567,True,5
-0.99944608756821274,0.028133847386140182,0.017776520352613862,-0.028063394753161535,-0.99959732021296355,0.0042003925996503197,0.017887535311544446,0.0036991964419779634,0.99983316209563822,-6.9010930983375092,1.150422755627472,-1.2140074953305096,0.2814154522483997,0.1912961299634225,0.806420233463035,True,5
0.9251497621004966,0.37749703768242049,0.039923730116211781,-0.37959916904074004,0.92043944289774893,0.093250752391932812,-0.0015454931169545105,-0.1014259261682097,0.99484189344435348,4.379781545839438,6.1737179325116802,-2.2661080072525084,0.199107597486474,0.3062187378743344,0.7338709677419355,True,5
-0.56911011859358773,0.81966690031886424,0.065267491418447121,-0.82181084196478293,-0.56963072512633961,-0.012156357232933703,0.027214204811579594,-0.060555837982024185,0.99779375501291223,14.264901116691917,7.0075153837659405,-3.0652744293205854,,0.08803233669044956,0.625,False,5
0.042718626326702827,0.9976704434832292,0.053186512996595034,-0.9982386692612869,0.040428320467994425,0.043417854571509998,0.041166468833447233,-0.054947585061716597,0.99764025817910484,-3.7890299405825485,-11.866723105713856,-1.3014882226518638,0.2284879589593437,0.08528256484483387,0.2790697674418605,True,5
-0.93501615181675912,0.35359401723848394,0.026759424786977286,-0.35317974902211541,-0.93536169503160571,0.019041122558213927,0.031762567944907019,0.0083528702104116725,0.99946053890926234,-9.1652865273609549,3.300337919753618,-1.1610014844809027,0.1957768672128007,0.1484929963228528,0.7461538461538462,True,5
0.12781669128458498,0.96309171912187763,0.23689076382992608,-0.99128720773000711,0.11639007556141244,0.06166864763924261,0.031820829968833751,-0.24270906631123898,0.96957709539284165,-11.81156919961972,6.5053864750169064,-1.2123651330349896,,0.3180167046197787,0.186046511627907,False,2
0.96740616980824345,0.25223994178375014,0.02236770855216751,-0.25316496177097109,0.96537618727254781,0.062899278045314269,-0.0057275429677250377,-0.066511869738034898,0.99776919497221606,-10.052734744693327,15.712778294460724,-1.6520923478745575,,0.08730532887681876,0.4117647058823529,False,4
-0.22225718602316227,0.96775606146519466,0.11853247976162258,-0.97397617553935456,-0.22591706467446962,0.018217831116894984,0.044408926386456118,-0.11139876743593483,0.99278303867005924,17.541845327201301,5.3975689695592957,-3.2593588714875463,,0.1337362685017229,0.5185185185185185,False,4
-0.9833097912358415,-0.18193786572838094,-0.00068372064988824963,0.18164114850050619,-0.98147727684341846,-0.060900313722054344,0.010409016819205471,-0.060008066576329712,0.99814361908225802,-3.4498355668380549,22.100516770308712,-2.2272752260087736,,0.2830408552935707,0.5526315789473685,False,5
-0.26786330836693362,0.92694111015364278,0.26273451683753996,-0.96242616055949815,-0.27004628979199935,-0.028476074874893044,0.044554837014919579,-0.26049026791170143,0.96444786630582879,-30.358559120783237,0.6817283431731701,-0.2480031532658393,,0.3561016416217881,0.1666666666666667,False,1
0.97009210968909632,0.24040588554644401,0.033560526122018229,-0.24255477319152602,0.96541155517788679,0.095643667490429324,-0.0094064191360994157,-0.10092343297590751,0.99484972732337418,8.6701664254875617,14.984810696856746,-2.6604733332908364,0.08864132826525381,0.1260206216683308,0.3478260869565217,True,5
0.11665544650150757,-0.99238392868248404,-0.039568230870900417,0.99214309680718249,0.11462862171718473,0.050123393152021758,-0.045205998046581389,-0.045104513919756409,0.99795891727298847,-8.841498262163686,-13.169142640755274,-0.93365536364257595,0.1662811912942228,0.1941819762951068,0.6176470588235294,True,5
-0.044695455185101894,0.98744570761520423,0.1515034349383034,-0.99849504702067193,-0.048980515700803313,0.024668809393006821,0.031779826320823441,-0.15017284572781969,0.98814885470005276,-1.6868928214366952,21.05364515555798,-2.2895191996521307,,0.3460019519242441,0.76,False,5
-0.13467716308329949,-0.99082582204365854,-0.011236196658259541,0.99012121346389059,-0.13501054464953727,0.037843565929075285,-0.039013387351360326,-0.0060285325697111772,0.99922050239295479,-17.151360493972277,-11.694509726636594,-0.37834957012576964,,0.8368072606649192,0.5957446808510638,False,1
-0.7470691037313818,0.66344019899112971,0.041651609964080974,-0.66354551025983921,-0.74801879009867955,0.013238031323328705,0.039938829026393952,-0.017748014590872767,0.99904449245971161,-4.2867625258226818,9.8565081105383285,-1.7279598316828515,0.2433221311525348,0.2056910223540688,0.8095238095238095,True,5
-0.32531068381053496,0.93400658655227797,0.1476639945135039,-0.94317479633787282,-0.33168664770611794,0.02013135083618444,0.067780989604269648,-0.1327240144451618,0.98883268222577791,14.811975930000477,10.603113069354322,-3.2061633703574719,,0.2966143470650084,0.4210526315789473,False,5
0.18129144673114375,-0.96501412041946277,-0.18942322648814405,0.98336391008956792,0.18010790453821315,0.023591588674979708,0.011350404199163645,-0.1905489179027364,0.98161208132877575,-29.879441750456717,-0.30706207957853515,-0.21741671715651306,,0.358260550486536,0.4821428571428572,False,4
-0.93953177178377889,0.3413239852624817,0.027892416413271285,-0.34144568377376161,-0.9399014124995112,0.00042404444662074922,0.026360858125307245,-0.0091253419640832251,0.99961084092407504,-21.781000836681439,6.6316418687553043,-0.80208327458121076,,0.1173286478312996,0.3695652173913043,False,2
-0.90738719733725726,-0.41931455155841518,-0.028701584621789882,0.4202907920224036,-0.9055883717633072,-0.057143250417369638,-0.0020308248613239016,-0.06391406557594824,0.99795333957652332,-5.5686766572524604,3.7727130092792045,-1.3792096494238948,,0.08760372597733404,0.4385964912280702,True,5
0.81131565044538212,0.58380788012018081,0.030582257143109505,-0.58450567551166854,0.80908212560650306,0.061149238087735945,0.01095584944377364,-0.067486836743495787,0.99766001033885388,-9.5978507501275487,-5.3150549782833387,-0.87550659380011764,0.1549221292701853,0.1319242772525918,0.6303191489361702,True,4
-0.97681579255505668,0.20624871856064794,0.05737920796880655,-0.21260439759953781,-0.96601393511835165,-0.14702532869711629,0.025105328844182789,-0.15581573492188808,0.98746705221712461,-4.1153774163999595,-4.4259200634931553,-1.2097491358711536,,0.2077906730051177,0.2741116751269035,False,1
-0.059460366487545886,-0.98428458464685453,-0.16627784351421254,0.99802491471226618,-0.061999413449105631,0.010116439370736717,-0.020266584091594035,-0.16534790339927838,0.98602704649047146,-13.026898938017217,17.388592956662514,-1.5998075228113862,,0.3312348737217592,0.2142857142857143,False,5
0.95393286459827553,0.25998594180548801,0.14973109197104889,-0.28801726191005517,0.9333216986830607,0.2143750536074614,-0.084012776892351038,-0.24762454811847853,0.96520668071038374,-23.931485317462961,-5.458227470391944,-0.26753934447933891,0.7916984069838974,0.4118548716535897,0.2982456140350877,True,4
-0.4860537273909607,-0.87390010106247196,-0.0070984119600126967,0.87360027332427137,-0.4860776476642773,0.023475154715582078,-0.023965319466079302,0.0052090118221527985,0.99969921959493613,-7.2208793517394714,-10.680748630869338,-1.0562269779747537,,0.08061180227598881,0.2923076923076923,False,5
-0.96663065493266498,-0.25616932323257263,0.0015667734403562242,0.254429776442958,-0.96074324124338795,-0.11062510232463617,0.02984402458841804,-0.10653498129588949,0.99386097214683444,2.2341662760176866,10.090084286486203,-2.2062833952888763,,0.3093709530348115,0.5925925925925926,False,5
-0.96212647636609183,0.27185110901056508,0.020239021841276364,-0.27202840221602109,-0.96226699347768596,-0.0065407683960945623,0.017697227555874672,-0.01179863522355872,0.99977377458287775,-15.696910093064298,16.842330474882271,-1.4537066323144514,,0.1157468552066188,0.4285714285714285,False,3
0.14019629935206265,0.95311071860142438,0.26818828411223178,-0.98912660024383492,0.14697263255802706,-0.0052548995267139853,-0.044424839201279487,-0.26453544822204728,0.96335218393685107,11.320979219561845,6.4469826301377964,-2.8636869068126098,,0.8043601754859975,0.55,False,2
0.78320179684404478,-0.61591952638632763,-0.085076920702978759,0.62097163582956416,0.76792078967979804,0.15713652749348295,-0.031451119462021247,-0.17589996530300037,0.98390549815060424,11.910471569197075,-11.887993108278005,-2.7666451972065293,,0.2442080050414596,0.1666666666666667,False,4
0.86686157675885966,-0.49205686164668472,-0.080193837952553901,0.49698519651254386,0.84015982820815649,0.21711097971459306,-0.039455306189829162,-0.22806031652099773,0.97284724949079771,-5.6354567052000579,11.538912684007368,-1.7167663724158575,,0.1715662983601197,0.1666666666666667,False,5
-0.99796034295109792,0.057380512746138104,0.027975536704722716,-0.058692495680684915,-0.99709335696909229,-0.048580123907615604,0.025106669386834115,-0.050122991182657672,0.99842743397164491,-14.30660752910549,-12.343775380943088,-0.60823731077581833,,0.09808329586429722,0.2545454545454545,False,2
-0.85869482215196813,-0.51240610293012034,-0.0091207504826297768,0.51245975425969403,-0.85869714567952704,-0.0049205960946375957,-0.0053106189369429256,-0.008899307939358966,0.99994629838042137,-1.3780664049567823,-13.349659681966946,-1.4099658124506251,0.1601850193447151,0.08231439761680645,0.2380952380952381,True,5
0.99723028832839866,-0.071927317955683884,0.018926515055866878,0.069939702342256979,0.99345021023500846,0.090361041496283573,-0.025301977723776944,-0.088787052635609723,0.99572921480066368,1.0115457377672272,16.034323453601669,-2.2307493174521609,0.2393534603430711,0.206336303384871,0.4516129032258064,True,5
-0.96514601969183245,0.26031724019300384,0.026983237969348397,-0.26046614025860398,-0.96548070516720419,-0.0020970762081526303,0.025505890531360268,-0.0090522046008445489,0.99963368647723461,2.3308687390556901,7.9818027231750355,-2.2062951899704806,0.2886352500771812,0.2524576248882214,0.485981308411215,True,5
0.980488638343049,0.19442967513099976,0.028967766718330668,-0.19650621826126638,0.97336066115808562,0.11812844490024291,-0.0052284093995431033,-0.12151594437911478,0.9925757094533405,5.0209147943791237,20.713720550217896,-2.5964049685177168,0.1730734549526582,0.150710170259137,0.6666666666666666,True,5
-0.85232111153256285,0.52171855692259728,0.036857430709434563,-0.5217745298518307,-0.85303755585210117,0.0088469375365724696,0.036056384092129155,-0.011690836945131029,0.99928137253614646,3.0758389877710819,6.1234994003700409,-2.1826465126642929,,0.09051045203385644,0.3658536585365854,False,5
0.88199767093513715,-0.45926598534539137,-0.10561658567536322,0.47000728122278518,0.84099783049856081,0.26798470981434841,-0.034252942392739627,-0.28600245418779463,0.95761648489152418,-19.368192466119165,10.994715244142879,-1.0546018082707227,,0.6699292473268442,0.3692307692307693,False,1
0.09452968366531854,0.95710476613448481,0.27388794341626099,-0.99210811536630228,0.0678051962484678,0.10547010375471794,0.082374913234910307,-0.28169650690834069,0.95596100949002127,16.082455109113074,-11.326096493835241,-3.2466526550814967,,0.2679859691564687,0.2307692307692308,False,4
0.54723868319277458,0.82177112872149538,0.15881446916839173,-0.83556426919093474,0.52537185459320357,0.16067596725309383,0.048602218764759869,-0.2206278006079419,0.97414639450651619,18.451754774538088,6.6953850232228405,-3.3643072081109104,,0.3326070900136327,0.5,False,5
0.14973572185200681,-0.98054782058424828,-0.12690620610884126,0.98810100951260527,0.14384008916132771,0.054464885478923808,-0.03515122475290787,-0.13355148931233424,0.9904182909765088,-11.342072304113573,1.449956919290128,-0.97877697030198441,0.2313753324011228,0.1980529356150027,0.7750906892382105,True,5
-0.33648513158817905,0.93615937125515913,0.10189890986282046,-0.9404978055865103,-0.33952677589850189,0.013617860879282582,0.047345896411884893,-0.091253493407725303,0.99470154621064188,12.981112089852761,8.2850815804546478,-3.0139736580977781,,0.08460609862543503,0.4615384615384616,False,5
-0.94913648286358809,-0.30716330569073247,-0.069214453219534011,0.31486252559625716,-0.92505065038329426,-0.21246854873272461,0.001235666817402125,-0.22345468861177561,0.97471353497575397,-14.573277778457271,3.8311527662293057,-0.95445573031162689,,0.139748797607908,0.2566371681415929,False,4
-0.99618254826608488,0.085215030852976215,0.018940143790793174,-0.084946894460843428,-0.99627940329753084,0.014538764960412559,0.020108596458926584,0.012874357531235755,0.99971490699429399,3.7367000746725161,-9.0663308973723034,-1.8577513903820322,,0.4534958439627951,0.625,False,1
-0.11538213701498683,0.9870462161179645,0.11147524256561757,-0.99317135791273548,-0.1165850273032718,0.0043110590889586797,0.017251558759368998,-0.11021659882206404,0.99375786037870817,-18.742840744734167,6.896936934352154,-0.93367754051267593,0.826355721195217,0.3312349415993374,0.1159420289855072,True,4
-0.9598144015178236,0.2789619342186474,0.03060316807085163,-0.27897443209359035,-0.96029041772904433,0.0039471326093815096,0.030489028797920818,-0.0047489867096455326,0.99952381975028037,-11.315600925217353,5.3431591737507418,-1.1552044124194538,0.2025684361515841,0.1994040646460122,0.7523364485981309,True,5
0.97076951219735286,-0.21378461293402057,-0.10909946590504492,0.23369244779702561,0.94554408848710425,0.22657055538998649,0.054721056557321311,-0.24544350877491847,0.96786522303960698,-25.306633361413525,0.81867543036338963,-0.42521396688760554,,0.6637014688878209,0.2564102564102564,False,2
-0.52569602156156192,-0.85058543349537019,-0.012170178299396588,0.85056253792823888,-0.52580429582372401,0.0085563757742937174,-0.013677060627890295,-0.0058534450378420165,0.99988933147312342,1.3936509476446357,-17.276082945359384,-1.5632757287977155,0.446777157834358,0.4481193851856777,0.9444444444444444,True,5
0.66961170673451598,-0.73941015348687078,-0.069948460487798153,0.74153901390464816,0.66029359703178381,0.11887916796542994,-0.041713943249386168,-0.13147239497078067,0.99044179854206293,-13.609976014503914,-15.919126771102519,-0.54846862209911595,0.1183813919957742,0.2602701779525868,0.2972972972972973,True,3
0.81794685283790147,-0.57522383572294655,-0.0089713292635521663,0.57406015564450585,0.81507293524357427,0.078173191919172075,-0.037654795630572127,-0.069091598979952873,0.99689942688137556,-1.3801495920919835,5.7728201230113463,-1.7726619224297224,,0.07703037515141146,0.2916666666666667,False,5
0.99304512009378143,-0.11672118561822607,0.015412796170762588,0.11551780320399412,0.99124689282315914,0.063915840066093049,-0.022738218946284413,-0.06169086071945093,0.9978362646761455,-2.8869910349449559,-7.7957324842486324,-1.2814101935583697,,0.07954135581358876,0.3047619047619048,False,5
-0.94789802911111332,0.31654860091347981,0.035865159514285039,-0.31721637053400026,-0.94824038064871841,-0.014627192909406925,0.029378575059088325,-0.025242103059999337,0.99924958621988191,-16.815766698132855,20.058873565692387,-1.5366759044278202,,0.1442279893221362,0.4736842105263158,False,5
-0.92377222506291068,0.3746763688005762,0.079135926510875865,-0.38249874465695033,-0.91272945638768244,-0.14359543787357623,0.018427873946207023,-0.16291886970103109,0.98646736152655445,0.7642432633155325,-22.951704351598515,-1.4064275285838119,0.601293087969317,0.3696536578489651,0.4285714285714285,True,4
-0.28085111502869381,-0.95967118169478016,-0.012404604454961429,0.95900950782259531,-0.28111866882470693,0.035679937557240783,-0.037728173730029013,-0.0018753833659812917,0.99928627922344049,-6.6968849549255651,-6.5960715150769698,-0.95716247210231975,0.2259923783179489,0.2244115850323169,0.6666666666666666,True,5
-0.91806694122591315,-0.39326532116726376,-0.049954765491438596,0.39599893341346443,-0.91561237962960462,-0.069561591445360366,-0.018383040104789326,-0.083644231338578096,0.99632610444587055,-11.582413427477572,-14.023784249677202,-0.74232566853075499,,0.318983627286867,0.2173913043478261,False,2
0.99694308055976144,0.077018107741714928,-0.013141735193598739,-0.070916821196706045,0.96258972019664935,0.26151832640006495,0.032791745842017855,-0.25978691585917502,0.96510904034363409,-0.78986858693391138,-23.416911125444649,-1.2877155572037404,,0.4886755426223279,0.1481481481481481,False,4
-0.96084501907582998,0.274369488012007,0.038707019585555572,-0.27686205750179477,-0.95627327122789096,-0.094280601668535968,0.011146767829301067,-0.10130555159090435,0.99479291050138763,-6.9556421863494586,-12.827292032674887,-1.0732172401100444,,0.6464460405506942,0.5866666666666667,False,4
0.44736693865254568,-0.8943438223427751,-0.0034568248386631431,0.8932460839439047,0.44661912722738667,0.051408060783570353,-0.044432597487986322,-0.026086062024825718,0.99867174869849418,-10.097080374251764,7.9086390668937554,-1.3552686199139339,,0.08112431641894383,0.5166666666666667,False,5
0.80390195154915889,0.58819283902915442,0.088152347729811051,-0.59466374817126622,0.79220010831489618,0.13709126520959686,0.010801801069962837,-0.16262894115344448,0.98662817139637515,-2.0773124974937782,16.415666924232294,-2.0697938299844982,,0.0919724398121371,0.3043478260869565,False,7
-0.33166288768710545,0.94141490880218648,0.061136719048558344,-0.94202439102145041,-0.33397960973044866,0.032367684578350014,0.050889838393502883,-0.046857120795766719,0.99760444795470671,-3.0186344749616754,5.124454802827767,-1.6038214429954771,0.1901810701234154,0.1236219735513209,0.2941176470588235,True,5
-0.9788991214657381,-0.20134470668679832,-0.034882933976562766,0.20273405786040227,-0.97831791940573842,-0.042343244479870652,-0.02560101125075169,-0.0485217235764994,0.99849398123579314,13.428302113317701,22.363037889981683,-3.0913835598425612,,0.158023971906599,0.2941176470588235,False,2
-0.99950175600433833,-0.027597226347536263,0.015317729667513472,0.027507439031158518,-0.99960334030586984,-0.0060417586259770908,0.015478389521887051,-0.0056173968410935683,0.99986442296470301,-8.1909736112574425,20.376269557880164,-1.9320536280802973,,0.1519242400317299,0.48,False,1
0.31117392387080495,0.94177136327969935,0.12742640389316479,-0.94966058917052898,0.30302204703064822,0.079513548465905998,0.036270573184481777,-0.14575437667409208,0.9886557071100216,-1.5353846244369926,6.8764477785825528,-1.8306978347452842,,0.08132546766660133,0.2727272727272727,False,5
0.80055264114701818,-0.57521175283877546,-0.16806816518507361,0.5974484740344741,0.74429219458048657,0.29847018269911274,-0.046591733455752016,-0.33935316188700393,0.93950446613674021,10.082091906837672,7.2133727299760801,-2.7577855374172051,,0.3967197001637234,0.2916666666666667,False,2
0.034256130176932943,-0.99782850380998434,-0.056256506553738143,0.9978615525121578,0.031013397517794614,0.057536868114546856,-0.055667221623937141,-0.058107195412728435,0.9967570989353125,-17.663623782512786,9.8327793591833768,-1.0850110415273257,0.3200339989135046,0.2106386286424793,0.875,True,5
0.82625991437805579,0.56235805627166124,0.032372371527699263,-0.56324861059359999,0.82414643447424685,0.059444572567778908,0.0067495597150869016,-0.067350360724689542,0.99770655623480142,10.667607193605534,-10.392306350038663,-2.5055221417406686,,0.1211869532032798,0.4347826086956522,False,5
-0.98880258186050785,-0.14830889795070243,0.016550676561430985,0.14865490202371551,-0.98864189701136518,0.022111525910443738,0.01308335623272836,0.024324273111788024,0.99961850499441529,7.7108985103119698,-3.3991469039821638,-2.2733286195832423,,0.128979448416617,0.3658536585365854,True,5
0.044808546597448692,0.99670005689992369,0.06768449399613026,-0.9978472977012266,0.04140661031204286,0.050855315285868369,0.04788491017202301,-0.069817542195028282,0.99640982842385795,1.7066453706519795,13.242221679806464,-2.1985791349855726,0.2120942757738684,0.2107872493579021,0.676923076923077,True,5
-0.71554788233771893,-0.69628581896598507,-0.056367423117202692,0.69856099287447448,-0.71343607525412167,-0.05496822500521583,-0.0019409575560622901,-0.078708480056874183,0.99689578585271521,22.078415169959907,7.0148892276600536,-3.7407326778806511,,0.4545622719477262,0.2857142857142857,False,4
-0.65392657714188562,-0.7565574415809726,0.00093236041867050465,0.75638922047693924,-0.6537541521050102,0.021928423375773286,-0.015980577392115235,0.015044806210519276,0.99975910846178428,-6.8260403547563344,6.5067744009365871,-1.4391647903766378,0.4048943013231599,0.3884679774990649,0.9581749049429658,True,5
-0.54004512542601535,0.82950916482342607,0.1423580274432818,-0.84048506740085083,-0.54037884120045099,-0.0396933175615964,0.044001295205791782,-0.14108597895184585,0.98901902537990294,-3.7246665180086551,27.318302035877515,-2.4251513741429691,,0.190635015970347,0.3333333333333333,False,1
-0.90716308005741586,-0.42057736277461355,-0.013031811167076964,0.42077631329176229,-0.90660667963351871,-0.031806015413438971,0.0015621630311582028,-0.034336720365205992,0.99940910005924322,-10.768688347366783,11.068003616285537,-1.4522071056586781,,0.2635723947948063,0.8538461538461538,True,5
-0.86420695230307365,-0.50187623616750177,-0.035589143869657731,0.50312444317581417,-0.86251140231013468,-0.054220619362305794,-0.0034840020178108361,-0.064763604403608829,0.9978945521820396,-13.929499732653497,4.9518708113530154,-1.0146881144587681,0.2566674764087395,0.1351676810639572,0.3666666666666666,True,4
