axis_00,axis_01,axis_02,axis_10,axis_11,axis_12,axis_20,axis_21,axis_22,location_x,location_y,location_z,dbh,dbh_approximation,score,reconstructed,number_clusters
0.99512718499605735,0.092301208970588772,0.034675243393362552,-0.097597002585814621,0.9721116441598161,0.21324581209290489,-0.014025361602673342,-0.21559090451933657,0.97638304528522379,15.543971860928286,17.509445133111743,-2.5476445245895425,0.2508602486991223,0.2496634489781642,0.2272727272727273,True,7
0.75006195101067574,-0.64288838417058669,-0.15524688449237675,0.66070445221047203,0.71786451317074829,0.21940867703758599,-0.029609060696304298,-0.2671424081434014,0.9632020750060839,-4.204061680035152,-6.606866542607718,-0.91790049873908941,,0.3768697101308983,0.2362869198312236,False,1
-0.015247847505688248,0.9845872230465933,0.17422830814721285,-0.99953717978284851,-0.019596751662876045,0.023267865308459659,0.026323551777682461,-0.17379288690179587,0.98443034445518085,-18.148083825992892,-7.2019494298371916,-0.95652555893841884,,0.1230031383053095,0.2352941176470588,False,1
0.93013149113353111,0.36327223486401145,0.053746558760727335,-0.3672235928909599,0.92070466138351492,0.13209753718719328,-0.0014973396303010734,-0.1426050836526305,0.98977853487053236,4.3579381451177186,-12.558305798203957,-0.75247491202494421,,0.138283461248947,0.5,False,2
0.47766562131293516,-0.87477427633300264,-0.081274348239772684,0.87795996809139043,0.47193624632699643,0.080389513195130921,-0.031966367399081548,-0.10975493095463591,0.9934445160583707,5.7009551966293985,-15.429586132405269,-0.59639733386818716,,0.08317553879378062,0.2307692307692308,False,5
-0.83046249146021667,-0.54273213785674224,-0.12559409546287875,0.55690859796775893,-0.80333782618370775,-0.21095295810208273,0.013596462307289036,-0.24513295078361905,0.9693941265825996,-15.93249165271399,-22.637542407005085,0.10353615784479397,,0.2945836930141444,0.2941176470588235,False,3
0.96974146268249339,-0.23988188059012699,-0.045367156831382621,0.2438326613484382,0.9424410428503085,0.22880234703989058,-0.0121296666960421,-0.23294111727165887,0.97241519273923094,-22.829706322423817,29.040952037279812,-3.0548211288446665,,0.5361692887745437,0.425,False,4
-0.14817430950544661,-0.98840283862780731,-0.033229544009453528,0.98866645538633668,-0.14886685865854918,0.01942417017408396,-0.024145682769397544,-0.029974772486669521,0.99925897494992344,-13.055397846966249,-13.198982566313692,-0.56491310837592656,0.1787934810155135,0.1625526050284605,0.24,True,5
-0.0068826462267759696,0.97723815486853394,0.21203353001367559,-0.99900682480137615,0.0026150960602450736,-0.044480616822029077,-0.044022643959552556,-0.21212908791992424,0.97624958738893763,12.08898208071983,20.013378974190381,-2.5935391472302438,,0.4281562242597357,0.4888888888888889,False,2
0.62058904664850401,-0.7815803730530605,-0.063256269555986039,0.78307559601503429,0.61353609453531743,0.10181390684994505,-0.040765746719516646,-0.11271903637180844,0.99279029645429695,25.172665488417,13.567594317295907,-2.5890916096451759,,0.3814163145313619,0.2272727272727273,False,2
-0.99918051815753417,-0.034623834919511244,0.020963830516108142,0.033688338844403677,-0.99848773464050355,-0.043443521938035169,0.022436308973320961,-0.042701684134730883,0.99883591155490181,-1.9452961392384318,22.722871062247517,-2.5687649999326503,0.3279765581232062,0.1769887589948379,0.4137931034482759,True,5
0.23999450307993311,0.96992616200691029,0.0405694311762229,-0.97039115650957253,0.23851627926169719,0.038091835019752891,0.027269797568593133,-0.048510048254998786,0.99845036599666115,-3.0322045791186056,-11.07991219465443,-0.71007486422736577,,0.08481179685420652,0.3,False,5
0.97233936505839569,0.22962229120460237,0.042775723720159323,-0.23338910179320996,0.96240153721894373,0.13897053041120588,-0.0092566906609942209,-0.14510990503946292,0.98937223992663326,-9.7987709582324474,-8.3885558206753874,-0.83889609092792516,,0.1982970281666701,0.3378378378378378,True,7
0.067581972572385934,0.9883911534826586,0.13607205701555297,-0.99740292924777474,0.063525720376766806,0.033939351475396749,0.024901279308159299,-0.13801235657661759,0.99011742521833468,19.177314991012324,21.929926614007098,-2.8421940620875787,,0.5495327407649935,0.2222222222222222,False,1
0.99224230855506834,-0.12380427929200304,-0.011300510709597875,0.12416993663284101,0.98250083709086988,0.13883058723616315,-0.0060850595647244654,-0.1391567660759957,0.99025166826689348,1.1263912602046562,-16.265707441672589,-0.48652628257032404,,0.2749715972621927,0.1538461538461539,False,4
0.51911403808457657,0.85404709815625668,0.033528638421523121,-0.85456053596551496,0.51790560656857976,0.038730776588689841,0.015713237535791336,-0.048757941052797134,0.99868701671266114,-1.2881058938239434,10.01224195652137,-1.8796391987574201,0.3776398289912378,0.350241835833485,0.9891304347826086,True,5
0.27007829754833562,-0.95590530651289685,-0.11533758352712713,0.96216746731863967,0.26347569714925595,0.069385314334863238,-0.035937139939440775,-0.12971353819936401,0.99090005549539395,-13.241851402058051,28.057227088540078,-2.9368460953112798,,0.2776473259656267,0.2352941176470588,False,5
0.5617838991185593,-0.82662819005159072,-0.032934573068114543,0.82651821526119562,0.55910636900279675,0.065327696897688262,-0.035587786284004164,-0.063921072836266205,0.99732021232644452,-7.3702155863829324,-16.287106532611965,-0.3645964774025689,,0.1005447449871241,0.2727272727272727,False,5
-0.9839411284382007,-0.17816569593504322,0.010809281185210195,0.17827220995425266,-0.98393193408935464,0.0098472451583418406,0.0088811556560005837,0.01161610395801083,0.99989308988663861,-7.4620789381572576,-10.651840112670467,-0.67935720189262139,0.4999641433037494,0.5236650932969736,0.8527131782945736,True,5
-0.78351935714654042,-0.61125306737598317,-0.11165618926026777,0.62126348293503875,-0.76735086272756314,-0.15875874225594777,0.011362295018962673,-0.19375846070486122,0.98098346426287197,25.511968368403885,17.757481591654717,-2.7743533096130757,,0.4632804165621968,0.4166666666666667,False,5
0.95953120139795711,0.27887521282236066,0.039095897701372187,-0.28141682234026855,0.95465136579889698,0.097187148750266739,-0.010219865346419846,-0.10425634489844576,0.99449794816315096,-11.009144661977835,-11.417406320407698,-0.65150683830425771,,0.07742339500902529,0.2,False,5
0.96923033631061994,-0.23989724851262054,-0.055153108083557924,0.24513557437423325,0.92029860508561989,0.30489182943082804,-0.022385382539000086,-0.30903039920618874,0.95078867631826902,0.29785951073748035,-7.2736796357508569,-0.95787231904741466,0.5503911424962757,0.3123615712207584,0.3902439024390244,True,1
0.79667434488009181,-0.5983582731005167,-0.08530747459656525,0.60355826146117819,0.78010414929219241,0.16478756409105763,-0.032053287379547095,-0.18277005572377608,0.98263304111905947,-6.4627429066942979,-22.015215977722939,-0.039243027746191803,,0.2811464385778407,0.1785714285714286,False,5
0.95915199031274101,0.28014582913062486,0.039316331210082996,-0.28275553851883439,0.9536923080122115,0.10256845068179393,-0.0087615589954218275,-0.10949564401862877,0.99394866015550032,3.0819601484589398,29.813172977597645,-2.9848068922657016,0.4474067973181536,0.2087131570810556,0.3125,True,5
-0.173157999054113,0.97651103206914625,0.12822835728038548,-0.98371221958883492,-0.17785435783517412,0.026040284765067895,0.048234597491673165,-0.12163071834979974,0.99140273953551672,-12.277133125924795,-19.194852153904684,-0.12997621209830665,,0.1704865928734139,0.3684210526315789,False,3
0.6873102811023325,-0.71777239320810493,-0.11138837030562303,0.72585333592354495,0.67295425019053634,0.14237103595589629,-0.027230721982614552,-0.17870469691310087,0.98352586091139593,-7.7097278036202157,33.332343738263567,-3.1945588756489705,,0.2891925132315427,0.5714285714285714,False,5
0.31806082705243588,-0.92939761695043277,-0.18723616077451002,0.94673936487116772,0.30089780093549479,0.11465203179849329,-0.050218376099390068,-0.21373016398964631,0.97560111300823149,-15.521941591843001,25.595395209220037,-2.7902940268715652,,0.4364029400256417,0.2222222222222222,False,3
0.25089128838120617,-0.9635926249446346,-0.092427347504546495,0.96785547166269281,0.24796895568023458,0.042037875677055539,-0.017588274133753651,-0.10000325080296991,0.99483164527563817,29.759123962796941,16.669928969915759,-2.8272324020307087,,0.6193090645214119,0.6190476190476191,False,3
0.99533836162636957,-0.096426525325888884,-0.0018630857497993645,0.095881546717841673,0.98725941328042766,0.12698653427896048,-0.010405521319459002,-0.12657320452119,0.99190269130762443,3.1248207385013345,23.778498719581734,-2.6588579849409495,,0.8549305113061444,0.6851851851851852,False,4
-0.66687400811802355,0.74325793350778102,0.053354489729969139,-0.74465775898487974,-0.66736038749715965,-0.010720782772660947,0.027638366091711625,-0.046880246131867628,0.99851808358306493,-6.8492340069220505,28.261942702932391,-2.9041017531696438,,0.1219254322882018,0.4,False,5
-0.90656190677139414,0.42174518506421932,0.016628531689859286,-0.42158671713339557,-0.90670506683383589,0.012270359185251531,0.020252138842590788,0.0041134721338751297,0.9997864423062075,-16.945933229201966,-11.389465816414969,-0.70538803057081823,,0.0770918922806679,0.4193548387096774,False,3
-0.80611108242892937,0.58905687819011676,0.056541286173670435,-0.5910567420220767,-0.80613450660375885,-0.028268091073895316,0.028928368351971059,-0.056206329889324835,0.99799999899041303,-18.896351639594457,30.739136388703834,-3.1517053402030948,,0.219570275654848,0.68,False,2
0.59847409046222999,-0.79035638710235689,-0.13101734393550865,0.80055158705349561,0.58370337802128258,0.13567432680014682,-0.0307558045177759,-0.18608371194989839,0.98205240829367713,-14.826836253504981,-6.8817790401124137,-0.96247443683853673,,0.3210342098168745,0.3076923076923077,False,1
0.69948066380012131,0.70210373160390815,0.13333098303699056,-0.71463765325711948,0.68602350433976911,0.13661909105444137,0.0044525854175548676,-0.19084575332254938,0.98160993929454954,-18.559425739602418,26.212598589884962,-2.8500110126089937,,0.4034199089575302,0.7209302325581395,False,3
0.9991046188437066,0.036630906994788312,0.021169252653600798,-0.03851143727812719,0.99457954084005806,0.096583674299300648,-0.017516557993672827,-0.09731245344312138,0.99509972193792506,-1.3290921594780487,-14.34383773731256,-0.54235487912704283,,0.0914034614128902,0.4137931034482759,True,5
-0.28698347855726025,-0.93911967090587678,-0.18893048126973266,0.95792851614459373,-0.28209928427619752,-0.052848384723421585,-0.003666195874782275,-0.19614850886125867,0.98056734673316182,10.085648401616439,20.527918360454201,-2.5808450635626414,,0.3309465262307838,0.6,False,4
0.18065579256276867,-0.97912197969462766,-0.093186015540909953,0.98333736433874119,0.17785173222815664,0.037634947041040874,-0.02027590956913566,-0.098432262100984422,0.99493717252338465,-22.233203739047134,0.24865839147742161,-1.3752362872470343,,0.5499242967733926,0.2272727272727273,False,2
0.98391584920600417,0.16540958770308689,0.067448276309495528,-0.17617212085890505,0.96098678909578417,0.21323174016888255,-0.029546328254160752,-0.2216845945916614,0.97467069054497968,14.762935737203863,-9.1482968056301228,-1.2194508857129953,,0.4445131028483643,0.1428571428571428,False,5
0.52113455237528972,0.82433103638707195,0.22112693361420641,-0.85336519360230989,0.49912784261737858,0.15046342768996551,0.013661063966565386,-0.26711371955243429,0.96356817929929828,-24.06578012373253,26.979833866340211,-2.9637049925699328,,0.1405433614713143,0.25,False,1
0.95587480311631501,-0.28607138798102744,-0.066832041312196638,0.29376673113573759,0.93242401473823766,0.21044373218808607,0.0021138697145167773,-0.22079089138376168,0.97531887802748629,-10.011136213191866,-23.114503471030179,0.064552312440142423,,0.5834732709125182,0.2941176470588235,False,2
0.053377734737072004,-0.97962003735019076,-0.19363728942625744,0.99798772298039917,0.045687693454642728,0.043967481701728428,-0.034224584946146289,-0.19559452213393916,0.98008747604306157,23.043433463599907,18.423963532193568,-2.7440663649171868,0.5576703574879819,0.295399826216048,0.5,True,5
0.88917985717498405,0.45473355306931795,0.050759997116125125,-0.45752084285123573,0.8850307234728706,0.085995911913196915,-0.0058189303974409256,-0.099689589336304771,0.99500157076609119,-1.9497257194701836,-16.419372370775477,-0.41000464415207266,0.2471442206510212,0.1662373553967639,0.3636363636363636,True,5
0.98462758642002879,0.1651135607955391,0.05697392475585749,-0.17427460419000571,0.95053211749097088,0.25713237048755222,-0.011699504052958939,-0.26310873352959746,0.96469524511389904,-11.914390197911171,31.836967740900004,-3.1221872884769639,,0.5963578296373875,0.6190476190476191,False,1
0.97910780146406351,0.19777617827100599,0.047249300743233018,-0.20188649109988288,0.97324364899183713,0.10972075650683302,-0.024284929968731758,-0.11696744421235343,0.99283878810753801,-3.0297587429818833,24.385390243637271,-2.6484058252426959,0.1582118680242758,0.2474631071175183,0.2045454545454546,True,5
0.062648876775273143,-0.99562386741265341,-0.069341422519783355,0.99687803303351996,0.059079647539082646,0.052381127344474698,-0.048055233783813205,-0.072406559681621754,0.99621683614615464,14.500489657596354,23.44326093389288,-2.8163902082368306,,0.1341522734297028,0.3888888888888889,False,5
0.74609079769666287,-0.65529395830035297,-0.11806078861083709,0.66518327116646059,0.72564180923756982,0.17599767170821867,-0.029660366697742531,-0.20984230484218883,0.9772852550539548,9.9822384527997681,23.959620876067092,-2.7324034418693781,,0.5979154199994661,0.6060606060606061,False,1
-0.99958404564549841,-0.024803624201894098,0.014714479855896426,0.024084737931300421,-0.99859644399134062,-0.047170620587721465,0.015863829605708344,-0.046796605371558782,0.99877846224072131,8.8718775846264002,-11.765799689941215,-0.88766255534120941,,0.5338163912219631,0.2916666666666667,False,1
0.10174657732430333,-0.98772636164021899,-0.11850851667186325,0.99445750209857742,0.097813654135569889,0.038558599358708985,-0.026493593992659454,-0.12177488897807646,0.99220409487752548,12.711295153418606,-10.741704328186737,-1.0579910296419412,,0.1164655896701271,0.4,False,4
0.86909288358354142,-0.48042485065857088,-0.11776893722086773,0.49434779380568633,0.83528107226622161,0.24067777020996414,-0.017257417648460151,-0.26739015162021124,0.96343380071109463,12.279760661807808,23.095954805783911,-2.7507146109783482,,0.3622141113149576,0.1904761904761905,False,5
-0.80263486766953973,-0.58968623803771325,-0.089707356833366225,0.59639849238729814,-0.7910696687315395,-0.13607945286166237,0.0092794115792709814,-0.1627234460116328,0.98662808222695586,-12.20017473166372,25.666698468731674,-2.7884021404479675,0.3012883289734815,0.2541073834733026,0.2857142857142857,True,5
0.99849903874835977,-0.05230652239295739,0.016238760228414757,0.051787446663267053,0.9981802644547807,0.030890451940421032,-0.017824982095367023,-0.030003122639806215,0.99939085579424825,-11.002420556827778,-21.119149869241298,-0.041895401063617783,,0.08746182144723685,0.4444444444444444,False,1
-0.59759132820047667,-0.80051370122315157,-0.045413859267856099,0.80143378485212136,-0.59807252692247326,-0.0036250569886816172,-0.024258873782473909,-0.038562503738448169,0.99896168112106687,-13.094069244388763,33.780149763982998,-3.2391267826777677,,0.2795340198270231,0.5555555555555556,False,3
0.26331197335493306,0.96089429380734681,0.085726080141406161,-0.96452332537411889,0.26046785420296475,0.043026175011902194,0.019014717909629619,-0.094014110937575987,0.99538926428178554,0.69253976851317944,-21.351433009883724,-0.15245196614915582,,0.3216952684538598,0.2608695652173913,False,5
0.32690444223035003,-0.93857924966584394,-0.11046482583503893,0.94448677197180819,0.32040628527868265,0.072694909891890175,-0.03283630948109495,-0.12809685574055776,0.99121792373274065,2.8282480724145,23.016815011865596,-2.6340868683068526,0.7426152272819055,0.7032651961553604,0.9193548387096774,True,4
0.93174133648262325,-0.36250414309649576,-0.021185564128692987,0.3571243035883922,0.90422846290040049,0.23416472549742781,-0.065729093072105241,-0.22574683412764665,0.97196607615968988,-8.8833609202059822,-18.988008538456747,-0.19875835410136128,,0.2780548311965321,0.3571428571428572,False,3
0.16804734040532762,-0.97540439567059378,-0.14264065440532409,0.98201674016587182,0.15301444128781491,0.11058798665032547,-0.086041928248329486,-0.15865952749161008,0.98357711488192312,-22.499950372720793,31.250885621472396,-3.1536702440550091,,0.3498490909593836,0.85,False,3
0.70079174963572888,0.71147838517904727,0.051859724888482749,-0.7130074736247376,0.69628205866916271,0.082532644030722538,0.022611196292166413,-0.094814567437963862,0.99523812808985024,1.4352587293996868,-14.648392688250956,-0.57202456482278596,0.1980032814697463,0.2060754928583145,0.4375,True,5
-0.64580282828215785,-0.76287023768276341,-0.031107996409394632,0.76346608435331287,-0.64564160240671098,-0.016323580609408521,-0.007631842830090556,-0.034291714736005299,0.99938272612422041,12.849840134730018,20.785191578176214,-2.6529960959320085,,0.1340609879003201,0.3043478260869565,False,3
0.98899015092525333,-0.14779630923912546,0.0073981313949109794,0.14670530236827831,0.98578721866887931,0.081860330845327262,-0.019391638143169347,-0.079873715854260757,0.99661635240736235,10.336702801865698,-9.5722642737306671,-1.0490638508714145,0.1439778995961192,0.1221842374772277,0.53125,True,5
0.97808086738915756,0.2053239207795238,0.034639636300003378,-0.20720497359379872,0.97617483948908568,0.064411036837259697,-0.020589214780215602,-0.070176707704062938,0.9973220713142531,-3.8970554090538481,32.858823039833489,-3.165341393269689,0.2225999483315784,0.1911019691955352,0.6944444444444444,True,3
-0.09796316317805677,0.95581643616943457,0.27716089011350675,-0.9940229312088229,-0.10746094679632863,0.019249860899691842,0.048183305108411456,-0.27361850314260272,0.9606306698449889,-26.148901702177231,26.260993881525653,-2.938930308536309,,0.1763618497653039,0.3076923076923077,False,2
0.07035250838979841,0.98840650113728812,0.13454780961728385,-0.99692971023761168,0.065020040453246705,0.043629659464765692,0.034375535033168848,-0.13720416483840311,0.98994612971725937,5.0866727481852845,23.671093894331563,-2.6913759173121528,,0.2964277987427454,0.125,False,3
-0.95668030499397394,-0.28851556883358165,-0.039007186226006386,0.29106527166372764,-0.94476415828899318,-0.1506708095279557,0.006618282855539448,-0.15549743326860394,0.98781412552105097,-2.6760801351494177,27.108066139307834,-2.7957880545657838,0.5285628298919341,0.3371247018926492,0.6764705882352942,True,5
-0.083535145200534164,-0.99117499440264689,-0.10292720722549413,0.99638262574927672,-0.084695719628914035,0.0069496893109581848,-0.0156058521492467,-0.10197433769068825,0.99466461273699835,-12.642363926187118,-11.461370120222192,-0.65867035366576365,0.542769718192328,0.2971966431008425,0.7538461538461538,True,5
0.69123417624906414,-0.71914801172272724,-0.070862195990007065,0.72199789691222127,0.68319682215221822,0.10936699253175275,-0.030238228116203851,-0.12676055946689038,0.9914723446087812,-5.9941930104473835,36.708262669752521,-3.3737338949166227,,0.1840493882433367,0.3529411764705883,False,2
-0.25089699842618901,-0.9562574348927928,-0.15040749447080046,0.96782655006658624,-0.25085786133378513,-0.019547439557365223,-0.019038517981670208,-0.15047276038969432,0.98843081862807491,0.65743004555246543,23.20308500007912,-2.6046326035552929,0.5400813357240024,0.2735476795373549,0.303030303030303,True,4
-0.53671376915902602,-0.81725572464592844,-0.20983662818624066,0.84061846558218345,-0.53936874501468723,-0.049416112995030056,-0.072793717567987762,-0.20291485267160761,0.97648688534352179,-21.037104885425549,-15.755021251648449,-0.459856848424127,,0.2776191923772153,0.2,False,2
0.69517157604187341,0.71710675792120471,0.049943744425078131,-0.71880698669013432,0.69275251529640824,0.058399216055954266,0.0072798179172314827,-0.07649738749944017,0.9970432056620484,-19.158455402467354,27.115188417981287,-2.9422449317871147,,0.5402225793246537,0.6153846153846154,False,1
0.60993375971206132,-0.79201365922695866,-0.026366121471169828,0.79176526405985215,0.60768223363009632,0.061887555765033506,-0.032993565914313731,-0.058623088696011676,0.99773481350507032,-5.0560794434384153,-16.235079151440839,-0.39907120626423737,,0.1098305482901552,0.4565217391304348,False,5
-0.1848169285534042,-0.93982577380842847,-0.28735033983880304,0.98251356595855321,-0.18341120940144373,-0.032053408138746672,-0.022578654244555751,-0.28824961951629613,0.95728906878811504,-16.925711751528844,-5.2224261689520635,-1.0414028858338333,,0.5991444324325548,0.4,False,1
0.55401271430819576,-0.83239689511809556,-0.013613279642316142,0.83193460558610144,0.55295006448501971,0.046163169456951605,-0.030898615068705705,-0.036900341241878527,0.99884114873340557,5.5596242634521893,-11.876838641249565,-0.81336984510035293,,0.07142075820315268,0.3448275862068966,False,5
-0.99047424530139627,-0.13769573864494491,0.00080805547599639488,0.13706434295808667,-0.98646090980862389,-0.09004576230456475,0.013196032892401417,-0.089077252868311502,0.99593730110752321,-5.972679460851567,26.566434141156915,-2.7826437793340659,,0.08775639687396422,0.48,False,5
0.81038716665361832,-0.5808164531017117,-0.076973293611933405,0.58442195682982812,0.79203425917804349,0.1764446334221694,-0.041516460570674457,-0.18797334942655108,0.98129628726855389,-13.889589375253898,-15.697577619691248,-0.3893389551862465,,0.1874155167934522,0.25,False,5
0.93921373966884636,0.33161925400733561,0.088916936456885601,-0.3433271825334594,0.90866255762313408,0.2376106102585086,-0.0019992375787729563,-0.25369475111913986,0.96728226299446862,18.489549196228953,-10.092608035599525,-1.3207246004811253,,0.448902525689246,0.3636363636363636,False,4
-0.87370237509739956,-0.48419240766729338,-0.046924110076932056,0.48645102323052597,-0.86899744124613476,-0.090602699218318025,0.0030922074860670907,-0.10198607485838526,0.99478102052051764,-10.139714343584682,-13.820482695002445,-0.47388327954584053,,0.0805715080400553,0.34375,True,5
0.26441975092744796,-0.96429538901130774,-0.014717270500901745,0.96390847992662498,0.26376115284244556,0.036200781438624548,-0.031026402385859839,-0.023758303448573256,0.99923616096107915,-12.118809429656046,-6.1051092805284481,-0.97673950974573887,,0.0919571052655691,0.3870967741935484,False,3
0.2389439032285296,0.94973549302736249,0.20225801441225444,-0.97076053279029417,0.22870009058984722,0.072940088709162132,0.023017364893050469,-0.21377268732994945,0.97661222553535143,-8.8903154429567302,31.102192706161514,-3.075669415161836,,0.2511511783328059,0.3571428571428572,False,4
-0.96833669499511899,0.22187931242470002,0.11442733870833102,-0.24437666904370819,-0.93614805890466712,-0.25279805267470862,0.051030272907663501,-0.27275700270930753,0.96072864468589836,-22.316435042011456,-20.879899989663333,-0.16337400676954758,,0.4208824951530863,0.3783783783783784,False,3
0.44691709571316168,-0.88313422003937936,-0.14261507267728762,0.89382263672599083,0.43429137334086693,0.11167854367737676,-0.036690647793527105,-0.17738363069105081,0.9834575964053307,3.4591022486021004,26.138066996377425,-2.7927309795528741,,0.1817564138682165,0.1739130434782609,False,5
-0.29788702709696746,-0.9461260888136741,-0.12692022357950261,0.95460103760472093,-0.29518355100487687,-0.040044103437867726,0.00042200867518947364,-0.13308679604788623,0.99110429654319787,-4.3981211428577556,-14.055478498789192,-0.53183004980564386,,0.1748848230061542,0.3333333333333333,False,3
0.59630005663263552,0.77114864043126852,0.22306056760647344,-0.80268490417457983,0.56892105233103329,0.17895748328805972,0.011098967076356218,-0.2857597077538333,0.95823702827342361,12.451804874828614,18.080757591933704,-2.5082157042748707,,0.4652775876484302,0.3170731707317073,False,1
0.89543793348881939,-0.44495742669546007,-0.014275703058970088,0.44449231162077513,0.89179222876240738,0.084458307045542358,-0.024849389917930297,-0.081972612179517984,0.99632474558909434,13.627455139453353,27.031933583258024,-2.9635545900596894,,0.2179925036077583,0.4583333333333333,False,4
-0.99968420846223338,-0.0046856283899499558,0.024688625677269559,0.0002756210924318536,-0.98444783029434535,-0.17567695768589822,0.025127820921330341,-0.1756146756833003,0.98413824145817952,10.530829534265932,-6.9887454913245399,-1.1999311244670454,,0.1763269126007478,0.1851851851851852,False,5
0.87542226722929417,-0.48212495579769482,-0.034516387936650329,0.48256899505673057,0.86767949910990505,0.11941294667799682,-0.027622799442845757,-0.12119329115696038,0.99224450975023548,-10.034278022900098,-17.556911728496623,-0.24869941221004679,,0.2259506860784618,0.375,False,4
0.9712769873056053,0.22111014307813506,0.087927916832557559,-0.23495077374756024,0.94965134716452759,0.20726903469650426,-0.037671578755997831,-0.22197437567558218,0.97432449866431359,-6.8407358953983959,-15.105096456215007,-0.44369268675067514,,0.2327238880154264,0.3157894736842105,False,3
0.71314495042459669,0.67438358277281618,0.19139243185246532,-0.70087447958570004,0.69140949525095163,0.1752936785577266,-0.014115365718779128,-0.25915187277603324,0.96573343283087232,-5.8245991090533487,-22.703155140649276,-0.0068967189969899242,,0.2956704954873132,0.4166666666666667,False,3
-0.91693860103792046,0.3962250785395473,0.047215347747870152,-0.39820898618366724,-0.91620620066127845,-0.044674390789389028,0.025557880373745047,-0.059765249151632338,0.9978852187223971,-17.11685290500867,27.060991957805285,-2.8830398832687165,,0.1012505034087189,0.375,False,2
-0.20855112688437188,0.97763280808596476,0.027212497665776568,-0.9775012700469321,-0.20926025655453448,0.026484185533363853,0.031586302915882269,-0.021076944291847949,0.99927877386013997,-2.4176883791098875,5.3037853606317453,-1.5910370185891527,0.405553368899223,0.3706128258123523,0.9784345047923323,True,5
-0.71097966258603051,0.68877632645517162,0.14175715679983478,-0.69924979536815657,-0.71383029096008399,-0.038678668351341969,0.074549601384885075,-0.12662340945797027,0.98914552473869788,-2.6590006086077369,-20.463562435009838,-0.17514349945749527,,0.1815872907310636,0.4117647058823529,False,2
-0.6039425183244943,-0.77915341697406293,-0.16784929960386968,0.79695438300005317,-0.59320363122718445,-0.11389979506516822,-0.010823399506283743,-0.2025571640710945,0.97921062560952787,-2.2756443606347383,29.650937735032677,-2.9625456928442917,,0.3332059665883739,0.1428571428571428,False,1
-0.61753939695314464,-0.78401741113719381,-0.062942769596517303,0.7864590643358127,-0.61664320028799102,-0.035118423407438253,-0.011279775475866545,-0.07118892169655619,0.99739906962704605,-17.487043527052467,-13.549959066757035,-0.574342204535364,,0.07605217150772714,0.35,False,2
-0.0790004459860639,-0.99156019550229213,-0.10279741353486967,0.99656916733545242,-0.081107606972280699,0.016475764247922655,-0.024674364233473103,-0.1011431400871361,0.99456585551837018,16.963539115596991,19.044466517237698,-2.6494972163592969,0.5278984934626251,0.3345499407398143,0.2352941176470588,True,5
0.96489741135669971,0.25585568233262351,0.059252471469523484,-0.26243320186246782,0.93065752030418292,0.25496155486951827,0.01008960442000611,-0.26156156009508891,0.96513405813040842,10.226715323084028,-11.446008208825548,-0.93844209363293751,,0.5548684630873582,0.4666666666666667,False,3
0.81018452699522847,-0.57834604856502403,-0.095482356101739593,0.58547434778053942,0.79044699808785557,0.18003702759390466,-0.028649961753351286,-0.20176568420600993,0.97901470283566772,7.5525822357073391,-7.786204206103827,-1.0772423157232835,,0.1031173731820928,0.15,False,2
-0.90729610167417152,-0.40961516462831976,-0.095022106866585895,0.42047326883799568,-0.88163586177360431,-0.21429054441902981,0.0040017595556271577,-0.23437923146308842,0.97213700772022349,19.957800138628919,18.261554864128591,-2.6678181612119065,,0.4594816138944938,0.3333333333333333,False,1
-0.64371669873462156,-0.76340357600480901,-0.053327215502686459,0.76520235817023852,-0.64298385817172399,-0.032204179562755272,-0.009703752928963973,-0.061536479210901961,0.99805766311642519,1.9792763416992418,36.922264788179753,-3.3749170896491592,,0.3789553503275863,0.3333333333333333,False,4
-0.075138106614612982,-0.99496918752643759,-0.066261457932574958,0.99672368499973218,-0.076933106427947567,0.024963831755158566,-0.029935943194174586,-0.064168629472082531,0.9974899630055174,-1.9847550979930433,25.992160156688751,-2.7323602989396285,0.3369355492715067,0.2546878119896332,0.2857142857142857,True,5
-0.19204792477472507,0.96768261222246788,0.16342569134632201,-0.98113557731646661,-0.19307646903945158,-0.0097188490647194328,0.022148894184735528,-0.16220924482149437,0.986507773603855,2.1339685682507703,-9.8598649041426487,-0.83689713088384254,,0.3258168467848283,0.31,False,5
-0.31154101587807442,0.9234968966336633,0.22382063652319856,-0.94938975956553062,-0.29258775211581328,-0.11424312558713967,-0.040015995024000155,-0.2480844396970675,0.96791158218219009,-16.260170185489748,-7.8400789313076826,-0.92988396631424419,,0.4287483508388805,0.3611111111111111,False,2
-0.14711775893217605,-0.98407877720814152,-0.099726251585551984,0.98880300484213179,-0.14886961538813742,0.010317714347720212,-0.024999652436529157,-0.09709169821729717,0.99496141609377775,-3.4648868442869065,-19.279935906154645,-0.22472916597815987,,0.1113689949015369,0.28,False,4
0.63126627570747229,-0.77347938357787738,-0.056855363286180481,0.77479414768227928,0.62567091854809298,0.090718963841500633,-0.034596500859297621,-0.10131902517874755,0.99425225031936426,-3.1458403102389112,-13.85242952986277,-0.557880236102549,,0.1879001309686191,0.3538461538461539,True,5
-0.88031634828007466,0.47092592198490141,0.057200550290228469,-0.47435695578995646,-0.87519734931196258,-0.094947765908421175,0.005348405792363729,-0.11071754946703583,0.99383752132604397,14.528822549336549,20.615125975191145,-2.6830899305067724,0.8011237560262205,0.495638540588808,0.8275862068965517,True,5
-0.95449129441838931,-0.29799795842133314,-0.011982723239084701,0.29791979864573087,-0.95084276113803234,-0.084509390994667533,0.013789940333236949,-0.08423336849562553,0.99635062963671839,21.636946431172873,19.305782164476913,-2.7519539676781171,0.3743302506535824,0.2955856868105108,0.2666666666666667,True,5
-0.99837668234854504,-0.056674184353390951,-0.0056601210755783671,0.056504745789806486,-0.97307515021518898,-0.22345461672768563,0.0071563849771865799,-0.22341170260656751,0.97469790052738536,-6.0425697748344636,-18.356819491063828,-0.25729442374059219,,0.4239595240892573,0.2758620689655172,False,4
0.73471970340018822,0.66368238805432511,0.14040172798810652,-0.6772354374219357,0.70563867381483802,0.208389597429322,0.039231616528732832,-0.24819296888377712,0.96791586951614639,-9.5197288045185129,25.291119300414255,-2.7472482896790127,,0.5171751248775451,0.2068965517241379,False,2
0.89141865383024199,0.44485974025191322,0.086444173351820683,-0.45318014061133427,0.87473948330903017,0.17163506779135368,0.00073740014293327549,-0.19217348371523946,0.98136069230318068,6.4999444806026672,-22.940398990703144,-0.15483680302648892,,0.5841619846465597,0.3658536585365854,False,3
0.13608096201992434,0.9663318321522304,0.21836840876153957,-0.98996927391482981,0.14108757011124878,-0.0074252450902090802,-0.037984318873426591,-0.2151675805724885,0.97583815450632228,1.6702528170058226,33.087770370247668,-3.1491628926810256,,0.4716966421814879,0.4909090909090909,False,2
-0.99833882994196521,0.046993989561311914,0.033333850290919842,-0.054764685045811064,-0.95373844273083486,-0.29560753056915462,0.017899997260872637,-0.29694199400299037,0.95472773202394567,7.4278071039542883,26.031477430575553,-2.8484341229318182,,0.3913116425278985,0.1851851851851852,False,1
-0.95809581749559825,-0.28064871152977827,-0.057347233709359749,0.28592415656656561,-0.94908367403567606,-0.13224052469133832,-0.017314190398015791,-0.14309605303996903,0.98955734468258227,16.437252100610589,21.286906064736172,-2.7626823412926123,,0.1422414046452398,0.2,False,2
0.70692705394496835,0.66538193802336532,0.23983539553818736,-0.70722084688928655,0.66036332111980789,0.25250536201201518,0.0096340088171660131,-0.34811946321900533,0.93740067484625966,16.033670514811728,-9.751608545469324,-1.2322007102700898,,0.4482558835604009,0.4489795918367347,False,3
0.87800700316324398,-0.47701515876331374,-0.039499882358186966,0.47788839981232789,0.86897726015442334,0.1284569914770132,-0.026951432635625737,-0.13166267369502788,0.99092813091281484,-15.456395649817228,-4.1011994917958914,-1.093846042840211,,0.2613356207275117,0.2666666666666667,False,1
-0.0072827544337304845,0.997713045181713,0.067198519046865607,-0.99949299664277802,-0.0093457518491069664,0.030436927972711761,0.030995340777270206,-0.06694278449996606,0.99727526413397671,10.810985822041008,-13.930126007595423,-0.81967845173060394,,0.1174802851976324,0.6956521739130435,False,4
0.87364026797509242,0.48104864784309148,0.073108690186195729,-0.48657142797201575,0.86401813542276107,0.1293093466917529,-0.00096314779833586196,-0.14854245207652814,0.98890556287110154,11.37332054211792,-8.9781375105354151,-1.1066217868362236,,0.1129955307312184,0.2,False,3
-0.92882623069315717,0.35546422669791483,0.10453237160992335,-0.36744642158659602,-0.91995148382731096,-0.13664697094020969,0.047591600514662782,-0.16533133684205895,0.98508912724609354,8.739555100667852,20.837470438977121,-2.5608974985450552,,0.1847229949951842,0.3333333333333333,False,2
0.26760631696065124,-0.95088281764276716,-0.15559153651310315,0.96309914780081707,0.25915729850719321,0.072646583786125207,-0.028755706009352962,-0.16929076094756768,0.98514656149717028,0.50664329698969668,-9.3066053743288517,-0.85390936590900846,,0.1599687379987766,0.3043478260869565,False,2
-0.019164786707167824,0.97561672061323346,0.21864291758561091,-0.99946809362029543,-0.024465721051498072,0.021562892395094454,0.026386374996973334,-0.2181133717893283,0.97556666418098203,13.723872575557822,-9.5345448393634751,-1.1570668537247111,,0.6942170173048209,0.2413793103448276,False,1
0.74479983959679419,0.65397448761588473,0.13262944048788966,-0.66726832582104367,0.72839438452762129,0.15554614088626406,0.0051166681123036373,-0.20435016549092569,0.97888448224050406,-18.786891955050379,-10.167648472810908,-0.81484776293883843,,0.601778204958917,0.2941176470588235,False,1
-0.99811076498164542,0.047503019854721211,0.038966189606326966,-0.050440767278135602,-0.99565766282672441,-0.078240318575640261,0.035080333865960149,-0.080057988727588458,0.99617272027331982,9.508638167638539,18.662894251239113,-2.488475556105965,,0.4801068840059539,0.2391304347826087,False,2
-0.23124073827340544,0.92098205490124385,0.31355984359074707,-0.97245884062739718,-0.22846993172189919,-0.046100906548686524,0.029180888409887813,-0.31558444963095722,0.94844869703254731,12.83644468368686,-12.886199380914569,-0.9399147411148604,,0.244459527225759,0.4090909090909091,False,1
-0.82618641236167079,0.54279904734142959,0.15094769370277739,-0.56268521622407253,-0.80843765374473442,-0.17266704216664425,0.028308293339935283,-0.22759119977043357,0.97334520408498193,7.5542928882697185,-12.631595300353158,-0.81276094268869226,,0.5131505085782474,0.1,False,1
-0.20049555790557758,0.93755594581806867,0.28423648555616043,-0.97926969464805336,-0.20033265944946729,-0.029961486975989125,0.028851280804146489,-0.28435132146534864,0.95828593309975596,-14.471753678649405,-5.9027073320119401,-1.0100902689709832,,0.3927742064250824,0.3809523809523809,False,1
0.88526173458024748,0.43860880784470274,0.15470609221689169,-0.46508152487294524,0.83718464207093357,0.28778646650324013,-0.0032918854519656221,-0.32671729180074488,0.94511638157877642,24.632155537926565,20.296284609188866,-2.8573609408124137,,0.2002942678231913,0.1764705882352941,False,2
-0.39681449699738414,0.90644870015238854,0.14453030465876773,-0.91754644868549617,-0.39607667364391724,-0.035096767654624057,0.025431662889902371,-0.14654017397018901,0.98887775176481696,9.7374099561324208,-25.0893782762254,-0.1344034496679502,,0.3686902086005835,0.2,False,4
-0.80505432815413391,-0.58523890611428231,-0.096865636272381289,0.59312268466381612,-0.791488808193613,-0.14748202412986022,0.0096441514651365145,-0.17618424808821995,0.98430996188604369,7.3534618661189208,22.893237728360496,-2.6601795794558072,,0.3455151195740923,0.2222222222222222,False,4
0.56144348470396266,0.79374203676562605,0.23399741997429588,-0.82743880412091697,0.53464053839025982,0.17176879851917359,0.011235609392404103,-0.29005701815492896,0.95694340861968041,19.766480053174327,-10.464188278250621,-1.3527685066289503,,0.2231768272870843,0.1904761904761905,False,2
0.83340344719017689,0.52169821164477936,0.18239975377770834,-0.55266468256247236,0.78630829799492308,0.27619016845725852,0.00066547701037929317,-0.33098374049334539,0.94363622263528135,-20.220540696304113,-22.296435218627355,-0.022143912543458134,,0.2483262916284492,0.1666666666666667,False,1
0.44786605870880625,0.86438324854011905,0.22859919750487109,-0.89409316568225661,0.43192965502731551,0.11846596215059188,0.0036612206873592752,-0.25744586372908568,0.96628578728648573,14.262375521942447,-11.143552571598205,-1.0818473025344892,,0.2848731477003419,0.25,False,4
-0.96457589423251366,-0.26350222511851196,-0.012646012143762177,0.26196018454081188,-0.95106751372325937,-0.16385190281349321,0.031148129653175569,-0.16136034735290924,0.98640388904406573,4.3849777454525238,-22.828000441440167,-0.13306564650830641,,0.6512154607849935,0.2368421052631579,False,4
0.89411320892296109,0.44060723613615332,0.080167531419800556,-0.44752540703938054,0.88577033862837373,0.12301185821055047,-0.016810106594594504,-0.1458635344102002,0.98916189253612175,-18.831752300202751,-22.000101893896044,0.020086596684194966,,0.2204690184182173,0.72,False,3
-0.95329221722420499,0.29621887927852952,0.059062036357798477,-0.30065724203695909,-0.94933385036732443,-0.091490236405195935,0.02896845509320891,-0.10497435927749829,0.99405292238582066,-11.317337679077317,27.293278936201745,-2.8775945032939112,,0.110415334542736,0.1764705882352941,False,3
-0.4116625641895707,-0.90422450665102172,-0.11363087087839778,0.91117823434766732,-0.4107016849430396,-0.032838258723865532,-0.016975231837437054,-0.11705625808415343,0.99298019816479766,-20.053235077675566,26.701031153786289,-2.9198412137576488,,0.08669111023611742,0.4166666666666667,False,1
0.91344268160373299,-0.4054090964356718,-0.035579937489998804,0.40695482265055466,0.90922948228217471,0.087689913161912464,-0.0031999603178297174,-0.094579136579376138,0.9955122034299041,-13.175722193545329,-19.863932649711145,-0.074130548606381338,,0.5057673054675126,0.3421052631578947,False,3
0.1208407289939895,-0.95883901192674104,-0.25695382352389856,0.99166100504293964,0.10492428715219992,0.074828771490842744,-0.044788048555694321,-0.26385345018201362,0.96352238559029812,9.1758491767846255,-15.908765936509669,-0.66002608931105744,,0.4724142182515805,0.6896551724137931,False,3
-0.9387187911331889,0.33534136609367143,0.079706959293871532,-0.34127942897489838,-0.9366758547854459,-0.078528303308568623,0.048325795720422247,-0.10091833950469775,0.99372033601995013,-7.9379141646271094,24.12781669133609,-2.6416941532473195,0.5688912778046281,0.2568785862681836,0.303030303030303,True,4
0.97071687843540122,0.23736074757982403,0.036994829760088395,-0.24015488130260826,0.95509282312679522,0.17356074498059534,0.0058630117824473183,-0.17736283353633039,0.98412806604262815,12.48720473227052,-9.5176366075929728,-1.1194341354344179,,0.2327881691216511,0.4814814814814815,False,4
-0.9958005139375733,0.090022325229337841,0.016652849665124148,-0.091475693974157987,-0.97108729928865367,-0.22050318494801102,-0.003678838622729302,-0.22110051587586557,0.97524408638341165,16.891205894774849,-11.430803097587498,-1.1776106463034146,,0.2933361162519039,0.1764705882352941,False,3
