axis_00,axis_01,axis_02,axis_10,axis_11,axis_12,axis_20,axis_21,axis_22,location_x,location_y,location_z,dbh,dbh_approximation,score,reconstructed,number_clusters
-0.97947217170164114,-0.19925156451345238,-0.030546340222898261,0.20142889275970746,-0.96158295875177535,-0.1865063393018587,0.0077888396869992792,-0.18883068468107428,0.98197877090047481,8.0696166434604137,11.492528941346395,-1.138410034136184,,0.4147728260822736,0.4838709677419355,False,4
0.025976049500261299,0.99911277956193867,0.033149639038420699,-0.99939062729174954,0.025181274206813882,0.02417183300299975,0.023315637108250704,-0.033757327283700289,0.99915805752688502,-3.0480318983981634,-12.902428957761563,-1.1155277349273707,,0.07816087229288729,0.3214285714285715,False,3
0.23040873943030943,0.9426387701080875,0.24154494795637282,-0.97222302117250126,0.23349739970216193,0.016166676669660995,-0.041160781046382752,-0.23856050264333348,0.97025495447444643,-7.4041098448371949,-12.949260773704431,-1.159018426324391,,0.5201023199555679,0.1714285714285714,False,2
-0.99825233112078482,0.056199713393436962,-0.018272263855802287,-0.056208375702234033,-0.99841905878033599,-3.9561421489767157e-05,-0.018245599821245226,0.00098756199051269083,0.99983304746766566,-6.7872597286313878,0.8850957835465092,-1.4223786578181552,,0.1003680966121615,0.6464646464646465,False,5
0.6344511122907126,-0.76670604747172622,-0.098151020796328176,0.77131664820496393,0.61969175481624927,0.14509568296340922,-0.050422359275803338,-0.16776163382323506,0.98453726181492029,-22.175282078692177,1.6418197017336735,-1.6065127481724339,,0.4014286553259778,0.2592592592592592,False,5
-0.52066217791294811,-0.83527955274636645,-0.1766888939768885,0.85183924045576576,-0.52212695206991566,-0.041873074187648192,-0.057278310997183085,-0.17231225924469329,0.98337565579146802,0.038688272404666685,-5.1964468319273109,-1.1862418748773891,0.743149588274721,0.6303859370526247,0.8833922261484098,True,2
0.97696762886149269,0.21320801628393315,-0.0087517969025598299,-0.21258921270458428,0.97603797525155966,0.046429489642701424,0.018441225512383159,-0.043499570792213615,0.99888323068439544,-9.7680162464791049,-22.775701085692994,-1.0490071485789467,0.5313786458899481,0.480584596047566,0.9310344827586207,True,5
0.9639616294362553,0.26507434704796473,0.022662027969613221,-0.2649975040099618,0.94915137934401372,0.16996464914165879,0.023543573286370648,-0.16984478098090625,0.98518955055890534,-23.942123375870008,-0.63635052078645093,-1.5891838382521795,0.4278152866953026,0.2701258365351135,0.1904761904761905,True,5
-0.27510733538239007,0.954172620440497,0.11777336040258647,-0.96139116526760926,-0.27219366608508916,-0.040467709208059643,-0.0065560174031378086,-0.12435923184418332,0.99221560161637012,-9.6393899376223207,9.0456758871782554,-1.4527647981905971,,0.5285114216598226,0.25,False,4
0.66421957837309298,-0.74413958655658818,-0.071194293488035632,0.74746032256073647,0.65976335231314431,0.077558914006845878,-0.010743272465600012,-0.104731058735753,0.99444255109725566,-21.535826094318843,0.77367679411193979,-1.5987316254347146,0.1968687104510252,0.2397990419960306,0.7931034482758621,True,4
-0.97262728545043198,0.23228659933946763,-0.0062529484749133946,-0.23156171590266023,-0.97113349733666199,-0.057261698183683568,-0.019373572864599412,-0.054246346586376185,0.99833962084878247,-17.486541455345598,10.401459355285663,-1.5632941460721328,,0.1385509933220636,0.4736842105263158,False,3
0.30271322585206339,-0.95229695761042632,-0.03866791202230592,0.95294946970375749,0.30174625180464049,0.02892244307072395,-0.015874857025068762,-0.045603772297669445,0.99883346202790835,-7.7295593414967563,7.8281257664951847,-1.4108428719882893,,0.07000008522272949,0.25,False,5
-0.26847469154062692,0.95535851767792568,0.12333467761502656,-0.96314189250375992,-0.2684452615836187,-0.017170801890964763,0.016704337952803683,-0.12339872055065981,0.99221656953510862,-1.4738848952379475,8.4631495850661391,-1.3192283052547022,,0.1024136944245845,0.1818181818181818,False,2
0.38895088833218855,0.90751330438473499,0.15854592025751757,-0.92125409041358719,0.38261400478082169,0.069981599308801434,0.0028473429434692594,-0.17328048277368988,0.98486840081702354,-4.0722790725488727,14.547393915882312,-1.3957778213387739,,0.4460121150405496,0.4354838709677419,False,4
-0.14318689951910721,-0.98772085720842495,-0.062490159557817671,0.98951966815104697,-0.14406649419814194,0.0097811855978929725,-0.018663819232642837,-0.060434704308974407,0.9979976494795666,10.84413604059398,10.127764861904975,-1.0699693200420544,0.2141956553722183,0.1679457890229829,0.5384615384615384,True,5
0.52980920345843807,-0.80329464184677424,-0.27206603299750309,0.84806536704126423,0.49824393215754753,0.18038325114419917,-0.0093456490358551705,-0.32629848673943951,0.94522058610445547,-19.771850357731285,20.933674037248426,-1.709274385475835,,0.5233323096805484,0.2941176470588235,False,1
-0.21847420066197804,-0.97317174992458533,-0.07215101381013761,0.97500181670189323,-0.22075726510362256,0.025252471799354644,-0.040502852654078873,-0.064830355950664387,0.99707399117326911,-3.4084562838444064,13.507970942583794,-1.3667217338453641,0.1491470260053023,0.1339738396585306,0.5185185185185185,True,2
0.49574656394447886,0.86760955246442228,0.038587676915390889,-0.86795603669380905,0.49344116735060928,0.056286168198254188,0.029793668857945904,-0.0613960816025894,0.99766871177752681,-8.4906224010701674,1.2674882374785157,-1.4847223746995153,0.4739956042773408,0.4268079801154251,0.8966853207059836,True,5
-0.027893344676598739,0.99942317410746395,0.019372154751493991,-0.99942396557312674,-0.028257670910285998,0.01879470863868269,0.019331279337888061,-0.018836748437279362,0.99963567290662081,9.101406339140631,-13.488045923351995,-1.0217860224565234,0.5492124543409899,0.5853398259054435,0.912,True,5
-0.93251588161234411,0.36107191166471386,0.006419123580442769,-0.3611286009022413,-0.93239290614379022,-0.01515262957791421,0.00051395636162038065,-0.016448196847217846,0.9998645871663483,-4.3031899188219409,-6.6019551773788345,-1.2313615081228118,,0.08393204272929507,0.1318681318681319,False,5
0.33986482691260267,0.9404733094262685,0.0013615008153826727,-0.93998709091291821,0.33964181508981878,0.032675776342170629,0.030268272906410917,-0.01238514026149385,0.99946507690662589,-0.48024740923455755,12.022855975478569,-1.2727175756062292,,0.08146193482378519,0.2222222222222222,False,5
0.88627028890994219,-0.42827678191287988,-0.17636318513180435,0.46311892890044443,0.82498347262619165,0.3239183964947574,0.0067699844602969461,-0.368756380240366,0.92950142514276446,-18.275978173976586,-5.0058282480112135,-1.4489684526905169,0.8287683406742743,0.3404392934543117,0.2307692307692308,True,1
-0.3374604513514714,-0.93772251282317531,-0.082443512287204229,0.94095058693309575,-0.3385427254061219,-0.00090334094185692826,-0.02706356820382913,-0.077880113117434049,0.9965953297386515,-6.0785473042557747,-13.672134191923675,-1.1368620790039246,,0.06954352603517591,0.1142857142857143,False,5
0.91058368292010827,-0.41198727862721801,-0.033224067315596517,0.4132389238363337,0.90908673122838501,0.052866879339331541,0.008423077005522769,-0.061869195516264512,0.99804872346991624,-0.48112018252221667,-8.3877113030377597,-1.1394821405870059,,0.07354725967986374,0.2340425531914894,False,1
0.99253252155709593,-0.11186679760506066,-0.048631401841825544,0.12080256938472152,0.95671970200999601,0.26475300001313229,0.016909550010638028,-0.26865076098811347,0.96308921483886689,-23.669166719000081,23.276494563907075,-1.8071201753690473,,0.1804675142401542,0.25,False,1
0.58333870984646718,-0.76051495539646341,-0.28518932696188826,0.81219492575106078,0.54295882852799016,0.21338958059788554,-0.0074399044945582127,-0.35610772687745496,0.93441529026406867,-26.2229649603984,4.4501424355630892,-1.6339740308221555,,0.2768593660757913,0.5,False,1
0.92308497507409559,-0.36110424916034545,-0.13235501513278464,0.38204556403503875,0.9005212249252994,0.20761192273129933,0.044218952877760273,-0.24220909292877726,0.96921588900977729,-3.967092776969884,10.509390821421828,-1.3408169768034133,,0.5022798188980875,0.4647887323943662,False,5
0.62489890723752406,0.77824077940769731,0.061989071619504774,-0.78069496557064122,0.62333333651430189,0.044395070926883891,-0.0040898002400118101,-0.076136987442687432,0.99708897931786844,5.3661125912336205,-8.9272203333475897,-1.0360391937391733,0.4135173851504234,0.1280817910654316,0.3333333333333333,True,5
-0.092516205422710773,0.99569671283925754,0.0053672875160358305,-0.99552019974684502,-0.092602687142449361,0.019085969454001692,0.019500862293351,-0.0035774816693647238,0.99980343967938035,10.649622626899497,9.1657710291328467,-1.0684777532884377,,0.1091150541544237,0.3333333333333333,False,5
-0.52514541198419018,0.85056253897203982,0.027670626472706482,-0.8509542493335579,-0.52521227589826458,-0.0053787346955796178,0.00995800246613175,-0.026371055026335036,0.99960262386794552,-10.052499167872773,0.10658698418421374,-1.4889304336517486,0.5936417562113414,0.5257717016708914,0.9886953864955698,True,5
-0.95960305988832684,0.28114390523484817,-0.010957737095780724,-0.28110752555126034,-0.95966446645487391,-0.0047613970985814144,-0.011854388698244237,-0.0014887488645059501,0.99992862600058119,-6.3219057192149188,9.0872591062871972,-1.3950607633508902,,0.09245969694932503,0.4102564102564102,False,5
0.66587237056577309,-0.73432952382628669,-0.13181098798726185,0.74604592532614089,0.65666577696213535,0.1104786616092818,0.0054280218662926538,-0.17190173880381598,0.98509914667247811,-5.7848509962240389,17.274129926892201,-1.4751745748954461,,0.182669248593633,0.2,False,4
0.82299888484986472,0.56366092850460248,0.070421539412381995,-0.56732818385070161,0.80940502529485825,0.15166488333195371,0.028488021071049315,-0.16477215391187985,0.98592016408566063,-23.932011070979108,-4.7164275570819942,-1.5109087034336746,0.4914009928034818,0.3249720064532801,0.6597938144329897,True,2
0.92236593958772939,0.37778007292972826,0.080766886690368023,-0.38539469992603664,0.88538778175483146,0.2599219136359599,0.026683304843398738,-0.27087025015026733,0.96224597106257914,-17.465685287575088,8.7111857364478187,-1.5617382809541553,,0.1770730877474354,0.1785714285714286,False,4
0.14091545731585131,0.96985017710639587,0.19883024884598471,-0.98991948113622019,0.13514511698940054,0.042370015587877639,0.014221629880581659,-0.20279652689484831,0.97911762006560055,-0.69110742720654628,-16.448701928873835,-1.0573216261809082,0.6646015676104069,0.5933555766934681,0.7639751552795031,True,5
-0.95473678881104829,-0.28666031720394292,-0.079394751912849337,0.29063750690655299,-0.95582589556673858,-0.043894156139345608,-0.063304847128094033,-0.064982458437464419,0.99587638611702778,-19.656880248083656,1.2462311552046339,-1.594703680280362,,0.07549402321855686,0.4,False,2
0.9151052276073941,0.40098911353656885,0.042310202443112538,-0.40226709713166126,0.90072236332115974,0.1639524527977925,0.027633403172375906,-0.16705374895015809,0.98556046998183278,11.689752627530813,3.0905771767125101,-1.0748115781979908,,0.1720150639976092,0.3125,True,1
-0.79442305247687206,-0.60592980082797487,-0.041726372498693688,0.60662225056731045,-0.79497325118786655,-0.0051937474374991049,-0.030024303655207876,-0.029438178686259468,0.99911557631019632,-16.415539536555599,16.495682521555931,-1.6523933998217508,,0.4994159970458524,0.2777777777777778,False,1
0.95273506441886613,0.29815879213505014,0.058285776132323282,-0.30168077009584376,0.90587238018741245,0.2972943722440286,0.035841456180769157,-0.30082647072051405,0.95300515451527412,9.8850131473594516,16.037915474542476,-1.0738737572768324,,0.4262219472179299,0.6538461538461539,False,5
-0.65922959549281623,-0.7322999401975161,-0.17074290032997627,0.75166236282941767,-0.64796001692914706,-0.12309146504480287,-0.020494700097209329,-0.20948654860848118,0.97759672320442614,-16.681139222171069,11.624462397652552,-1.5616424587572795,0.3601877999429284,0.4204781359948774,0.3269230769230769,True,5
-0.082943791989472285,0.98788447089931097,0.13116630484387737,-0.9964500406143999,-0.084116787789978414,0.0034179776853825346,0.01440985530701782,-0.13041716975876116,0.99135448649922719,-5.6894115578739415,-7.7116734302380836,-1.2311349392229414,,0.2507374078317711,0.2872340425531915,False,2
-0.66190732490966553,0.72913962889034278,0.17387954109838377,-0.74958389920108726,-0.64334551286879205,-0.15566158527422758,-0.0016344079740028029,-0.23337084790788376,0.9723864335012754,-24.170680281806924,-8.1906070698554867,-1.4483722616654853,,0.3899515562922973,0.2,False,2
0.35213446671261733,-0.9343219868726319,-0.055170120530958031,0.93580180844225413,0.35041988524448908,0.038482195122522551,-0.016622053700712611,-0.06517920582224794,0.9977351243988325,-2.8442158808956535,-11.133531971302022,-1.1356995683033269,,0.07358275618196006,0.2826086956521739,False,5
0.60145682751603913,0.79787394839819248,0.040581363971927201,-0.79837171467438295,0.59842295451843786,0.067026656736784762,0.029194003532039978,-0.072712653458005788,0.99692556401411858,3.9773925038579332,5.1667485185824722,-1.200412395600956,,0.07472853918768677,0.2222222222222222,False,2
-0.577718416984209,-0.81446359462919526,-0.053763218848466132,0.81554516617040673,-0.57868550283611553,0.0030283235286545467,-0.033578454600260918,-0.042096814974537933,0.99854912025180631,-11.688127277258955,4.1518636978203958,-1.5426925544621324,,0.09896130623489958,0.3387096774193548,False,5
0.38834800114533513,0.91424728257582089,0.11548911770877153,-0.92054927405320686,0.37915373281623005,0.093975959328078257,0.042129135364217675,-0.14280879942862948,0.98885326654626415,-4.0779215851108299,7.438912375548016,-1.3717267569102969,,0.1224841346790064,0.2857142857142857,False,5
0.3032002590803809,0.94996448421604274,0.075080500942250883,-0.95218793131667756,0.29892111282303724,0.063121404955087348,0.037519946008182758,-0.090629173210321781,0.99517767590252804,-23.8248631663187,-5.7328137008860631,-1.4868474331754615,0.6143667480416327,0.6059316938153119,0.9825581395348837,True,4
-0.52658552554688809,-0.83672850222222561,-0.15031000583280577,0.84953117260607647,-0.52452052583228714,-0.056347180507676911,-0.031693391346643528,-0.15736464517029011,0.9870318624012987,-14.596730502339465,7.7047888341578954,-1.5286641987979206,,0.1381508120681462,0.2631578947368421,False,5
-0.97960270077739175,-0.18521909598474753,-0.077925830840827381,0.19948622105448258,-0.94302148629226923,-0.26630006383874882,-0.024161875735183379,-0.27641339127059755,0.96073505238814172,-14.476015511840874,-16.796076735852395,-1.2083112870851034,,0.3058650086993627,0.3529411764705883,False,1
0.28623430976978298,0.95424790660424641,0.08649192246696305,-0.95772887511103999,0.28223105711550228,0.055686912089015925,0.02872841257639509,-0.09877531645548579,0.99469498599820072,-15.283809948193703,5.6141151867991725,-1.5433811551166499,,0.08528143662861032,0.1818181818181818,False,4
0.95529797203082467,0.29544493161946583,-0.010866324777213388,-0.2944955349152551,0.9541793034807059,0.053049380053430489,0.026041592669657415,-0.047477881054706253,0.99853276674417824,-7.3627188710254927,10.449253296072397,-1.4401855909392831,0.09841502941546648,0.08436455090058013,0.3518518518518519,True,5
-0.98023631633057318,0.19674157743515452,-0.020724764292899715,-0.19551622465588653,-0.9794162595427468,-0.050171669691215059,-0.030169024561262088,-0.045128065010840018,0.99852555686141553,-14.30606676876843,-10.834564303118839,-1.2789515475226656,,0.2458706122719862,0.6818181818181818,False,2
-0.8803614466146199,-0.47168811952122125,-0.049739734791699859,0.47343968055029423,-0.88023876831918502,-0.032164881911177994,-0.028611050226263108,-0.051865486119951794,0.99824414806924444,-7.8824962220209818,-14.06099770555927,-1.1516566494793881,,0.1240186649411092,0.2978723404255319,False,1
-0.93162162428727746,-0.36161561507306322,-0.036267011121205617,0.36204206866426952,-0.93214404916314886,-0.0057456180717160299,-0.031728373384587033,-0.01848292577109777,0.99932561849344614,-3.5315712378119306,-7.9704069207247938,-1.1871962200112374,,0.07411234370652785,0.2727272727272727,False,3
0.99020586495117668,0.13804076404792689,-0.02090675673931626,-0.13148446932872743,0.97238150286903791,0.19283684088756015,0.046948688391001067,-0.18819925701026508,0.98100808371753412,-11.55127775550984,-28.502190132495024,-0.9880828213551992,,0.3516294047822632,0.8846153846153846,False,4
0.063291500940757389,0.99799485460802817,-0.00067534033371790744,-0.99755851776453275,0.063283813532722,0.029532398822042068,0.029515920180380316,-0.0011954583455378552,0.99956359544315587,-6.7561157889036609,-8.011420923736317,-1.2404294126290856,0.1340399069279163,0.1031261363112854,0.5976331360946746,True,5
-0.88668949219933901,-0.45081903519996647,-0.10268369843675215,0.4601130122480957,-0.88222940427687147,-0.099836337018443994,-0.045582456968248114,-0.13576993677043531,0.98969124674622133,12.863192619481817,-13.245211148969986,-0.96212746166953289,,0.3357471422333689,0.1764705882352941,False,4
-0.79734378992203159,0.58929356844076308,0.13029186800073983,-0.60159068430286089,-0.79331795185309995,-0.093462697519477111,0.048285911328109055,-0.15290427548617944,0.98706066343728827,13.090570791077765,9.8317620757108752,-1.0265816161419756,,0.5951846100500436,0.2105263157894737,False,4
-0.6761427571884473,0.73369894642804045,0.06720735013366308,-0.73430032490026231,-0.66360270909929486,-0.14294921240582759,-0.060282706914790228,-0.14600445365282771,0.98744554014921015,-11.228415738705824,10.785195083420177,-1.5043776531849824,0.5269292765507524,0.3215490931264305,0.19375,True,5
-0.54130858231741164,-0.81968720001196649,-0.18734436966735407,0.84027181632224635,-0.53542820351840348,-0.085205126439493462,-0.03046790777242513,-0.20354245997727183,0.97859193414945622,15.846195421916386,8.4784948214989519,-1.0176431768065943,,0.3817110999376021,0.2105263157894737,False,1
0.41912800896898311,-0.89943058830271705,-0.12392065575651724,0.90784332637609466,0.41331275502407655,0.070661596987303649,-0.01233721411358369,-0.14211679478456074,0.98977300922387212,-25.756502566465958,-0.11551656724930084,-1.6044525450054961,,0.08752652666995282,0.3333333333333333,False,3
-0.0081800789292669398,-0.9916538699634373,-0.12866891036785091,0.99968482093761279,-0.011163939959815867,0.022486111969546294,-0.023734891945073347,-0.12844441845059959,0.99143264333652192,11.407269371348885,-1.4210683781827127,-1.0901693394669321,,0.5183920178951942,0.2142857142857143,False,4
-0.99498886894918226,-0.097314080449236659,-0.022959103064935749,0.097168147900867238,-0.99524053543113267,0.0073910532583057152,-0.023569083578748581,0.0051231221995398472,0.99970908364292965,-9.1366270075551075,14.984383966282913,-1.507842210014414,0.2560584578354506,0.2745574164687151,0.8529411764705882,True,5
-0.066332640352245412,0.9971459706699618,0.03605404277692574,-0.99755347067843414,-0.067072310371417185,0.019707316378725828,0.0220692990670429,-0.034658597174453035,0.99915550725629731,-1.8163668810512386,4.7458732809739574,-1.3045051415226872,,0.1063299703706129,0.2068965517241379,False,1
0.98503401389553769,-0.15907304884343051,-0.066360806207447484,0.1682847718926129,0.97083206077855189,0.17077864419628788,0.037258918635651395,-0.17939028651553754,0.98307217338605202,-31.665540779459477,0.51350654212237834,-1.6668160079097583,0.4756969468149835,0.401706946992915,0.9285714285714286,True,4
0.06906965254799681,0.98406336350876089,0.16385566727069231,-0.99730461255490388,0.064034675724694914,0.035819967637429978,0.024756673314732015,-0.1658880854813207,0.98583378427690826,-15.141929852518681,-32.932089578134764,-0.97405635493119447,,0.4206906980749432,0.125,False,1
0.9460662311727156,0.32263330668663276,0.029435279022017657,-0.32394279221093536,0.94081813580468121,0.099610756023571459,0.0044445032610549873,-0.10377371901138543,0.99459100218798935,-26.910365493889095,7.4808735680835188,-1.6811110125520141,0.449159472774118,0.3712032735280774,0.8392857142857143,True,5
-0.46535619814330553,0.88367567964834881,0.050605355918506179,-0.8850610976294242,-0.4638833643820488,-0.038458779395493872,-0.010510105261531281,-0.062685863219879817,0.9979779658087502,17.794587474607862,-5.6743780298500468,-0.96519357005316053,0.7346113227021619,0.6530566612270252,0.9222222222222223,True,6
-0.49262540921701842,0.87023540413193101,-0.0032477052053440057,-0.87017807856455365,-0.49254105537295167,0.013907564768901409,0.010503227097775555,0.0096773016608225921,0.99989801082565333,2.7554595697933624,-4.3209819514542183,-1.1572154365929515,0.2631929114173913,0.2351395990786303,0.85546875,True,5
-0.98916018821469631,-0.14650907090478474,-0.0098597258421963749,0.14493279105463236,-0.96331800155482494,-0.22586038598552924,0.023592543910752852,-0.22484109949703304,0.97410978428962713,-13.697827327242877,-4.9693956081328565,-1.4162020990943802,,0.2878239756268466,0.25,False,2
0.57839672348213089,0.81535658338235584,0.025512197086655437,-0.81492436862636886,0.57611320868949933,0.063181042982882601,0.036817165616744953,-0.057334219350597106,0.99767594117900238,2.0258354730013677,15.842986621523142,-1.2589522105837672,,0.1016209668633722,0.5,False,5
-0.90633905581283125,0.40926795451650699,0.10511544755258534,-0.42247313131875075,-0.87290369794988631,-0.2440401348531494,-0.0081221439309718778,-0.2655915576807521,0.96405142770843744,2.7135628292019858,18.364873884664746,-1.26004413355797,,0.2979051777660445,0.5714285714285714,False,1
-0.99959411670384934,0.020290261294687643,-0.019997678556405447,-0.019966783598324208,-0.99966866159320367,-0.016244832445763774,-0.020320664452465904,-0.015838949619420672,0.99966804403820164,-4.5841032767305236,-21.870736881510378,-1.0153004874314064,0.8295146479321347,0.7144531659043167,0.9848484848484849,True,5
-0.23390948591010277,0.97224152423728605,0.0057245916911947137,-0.9721144636829917,-0.23397211155390166,0.015827839819083388,0.016727877916861981,-0.0018626765065406052,0.99985834423513764,6.5569096952089589,-7.574184239271843,-1.042563052203386,0.177944229847617,0.165938827709417,0.6438356164383562,True,5
-0.68208902111461223,-0.71458174829121091,-0.15533026840891861,0.7273808956984823,-0.68485522525602871,-0.043478190077188311,-0.075310024882374524,-0.14264026587394926,0.98690534232196014,4.3630610740979883,-11.152125970312287,-1.0223620526539141,,0.558400718283572,0.2380952380952381,False,2
0.22560903057097872,0.95918539701116323,0.17048149308755098,-0.97383478121945277,0.21713310314460169,0.067074841826548867,0.027320033164034321,-0.18115349756307017,0.98307529015258155,-1.4932454189327473,3.4002083352355865,-1.2962651629210371,,0.6009575674636315,0.1666666666666667,False,1
0.1752907797218877,0.98438128346506837,0.016328848953845475,-0.98421692263304639,0.17480403378174228,0.027578958942780299,0.024293862336579534,-0.020905466684491496,0.99948625288969073,13.543386335526739,-1.1861689453045952,-1.0709174782757311,,0.09337973483147172,0.2307692307692308,False,2
-0.081706863291198764,-0.99449277775423361,-0.065636144659649287,0.99633889123230623,-0.083165724593770932,0.01980596048596894,-0.025155562189943144,-0.063777560689180252,0.99764704201608589,-4.0617193460000278,-12.24046065144022,-1.1347986734192657,,0.07258421714898283,0.3225806451612903,False,3
0.18134879044116342,0.97874583306332574,0.095755994416555357,-0.98305958541815441,0.17778943129707142,0.044550753490261823,0.026579460547820257,-0.1022130734311435,0.99440737119992539,-9.7460384965516731,-13.532926012473174,-1.1814080725948981,0.6569145012263716,0.3053222278141752,0.3214285714285715,True,3
-0.37949805924085223,-0.86965085636167849,-0.31573503299733036,0.92473069070571168,-0.36731932708140458,-0.099747990553198079,-0.029229654451659072,-0.32982404397172566,0.94358980882519772,2.1030675376605101,-7.6917282744604485,-1.1146554911535045,,0.4702593592654424,0.2777777777777778,False,1
0.44466963700644774,-0.84964497815299544,-0.28350013231733934,0.89549855279461299,0.41509296855207756,0.1605620422185034,-0.018741821344429456,-0.32527102323757479,0.94543508797519937,-27.964473764864096,13.04101474733368,-1.8284713016554801,,0.3602577174357744,0.125,False,3
0.84760777871689752,-0.52366892444343782,-0.085626578997760008,0.53060487051727045,0.83781381874191685,0.12855534414576666,0.004418692335650105,-0.15439838955552285,0.98799879173038641,-16.117381155675215,-21.519967773608066,-1.149127898139344,,0.1816573840594779,0.3157894736842105,False,1
0.99942234554103759,0.02837819810157859,-0.018699013496897565,-0.027210256883215201,0.99782724874777051,0.060003196388216384,0.020361167785739469,-0.059459730313557467,0.99802302744848448,-8.3929766821504579,5.5762083813915506,-1.4752561849203905,0.1279162191200043,0.09875276444408912,0.5185185185185185,True,5
-0.93368037634048495,-0.35594626749855957,-0.039283705152826753,0.35755197001169331,-0.93271370216721161,-0.046922686733505359,-0.019938494864142804,-0.057856757974997668,0.99812576961982824,14.925337301528698,-4.9182823530469246,-0.99600970647466336,0.1968562641554806,0.1123110429391306,0.3846153846153846,True,5
-0.10813966716390472,-0.97802746548958419,-0.17823604891744274,0.99407599882386477,-0.10834608527337489,-0.0086043226503074444,-0.010895914280863865,-0.17811064694160114,0.98395013923370567,-4.9090634340074146,20.43811410322763,-1.4928832996335244,,0.149069770650902,0.1764705882352941,False,3
-0.97369881614928566,-0.21236087069382478,-0.08254378248929603,0.22594543938634368,-0.94661995265974164,-0.22991155614057421,-0.029313373227788864,-0.24251500123627195,0.96970469748546595,-3.8927979332255536,-9.1460560648576514,-1.1700173962602471,,0.4071712703355747,0.2321428571428572,False,4
-0.95905035473704559,-0.28259112947900539,-0.019096350921780431,0.28322356733537218,-0.95620533592701495,-0.073863160306954445,0.0026130412498898588,-0.076247026725538583,0.99708553441063508,-9.0364532589904254,-11.00874201498914,-1.2113168980341407,,0.2407069954690123,0.1886792452830189,False,4
-0.57987244799010473,0.81453573822779057,0.016717512125654477,-0.81465059334065837,-0.5799520668341277,-0.00010461613884151649,0.0096101421257160907,-0.013679595188873366,0.99986024715646715,-15.272272176687316,9.7290689740211889,-1.5322824220110129,0.2445120250445563,0.1137532292705599,0.2,True,5
-0.18338854328376056,0.97766301460751359,0.10268238437439192,-0.98299306855056967,-0.18340273510917562,-0.0093842387016399367,0.009657607042953353,-0.10265703396759326,0.99466992716336888,4.9727507877789252,-25.275758961703534,-0.94000765648784923,,0.3102523924551068,0.25,False,3
0.92168883329090379,-0.37987147756018497,-0.078659742709310324,0.38650482908870754,0.91659161431366243,0.10234172981234775,0.033222156431542305,-0.12472959995973937,0.9916344161110594,-3.7265745198331346,-3.2489915923359574,-1.2901459624230696,,0.1232361157104872,0.1942446043165468,False,5
-0.041641622651419477,-0.95677309831293833,-0.2878388674373511,0.99883835251569197,-0.046855803128625292,0.011246299698550597,-0.024247078312549089,-0.28703618597283453,0.95761281692314093,-8.7667878423763099,-22.419074647195565,-1.0470813428093335,,0.2576129021016192,0.2222222222222222,False,1
-0.6423816607704077,0.7658197277682055,0.02942696836041124,-0.76637396131394186,-0.64210385725828079,-0.019328422439878742,0.0040930826805406287,-0.034968286418829708,0.99938004063474328,4.9019026818429774,9.4486294478176216,-1.2057233328132959,,0.07631284309914839,0.2,False,5
-0.84131238569253664,-0.53563214969068695,-0.072743865020124018,0.54003918494119163,-0.83871748624027442,-0.070076080104754662,-0.023476550180673759,-0.098240411707852263,0.99488575881810948,-14.95163094677998,16.780756741006314,-1.6212743053783396,0.293200823965614,0.2673057655005502,0.5576923076923077,True,5
-0.47625192531954214,0.87642456026396254,0.071162446525879663,-0.87876420374258557,-0.47724377785888394,-0.003442486839280199,0.030944754807361009,-0.064174501642783377,0.99745879889287248,-22.602204096607771,4.619460224501136,-1.6211656820894917,0.3457212584370048,0.4599767304555353,0.8431372549019608,True,5
-0.45905629400240505,0.88837467024148531,0.0076002769758704673,-0.88833017454876484,-0.4591123428033782,0.0092389215688039143,0.011697004870419588,-0.0025103702766399588,0.99992843649840046,-16.042549189812792,-13.003264926687216,-1.2566331320526398,,0.720152652946511,0.8378378378378378,False,1
-0.70027943351186661,0.70701065863761892,0.098714961242456489,-0.71385759473186916,-0.69431691471178159,-0.091276264103777954,0.004006175723762195,-0.13438731531626275,0.99092078393691874,-11.64400726224339,0.88599992975307074,-1.546778683163355,0.7360298793774593,0.3446459042691944,0.5659340659340659,True,5
0.60823390755549145,0.7863942386278947,0.10786850862337244,-0.79367954905060267,0.60062327652017455,0.096563207905497106,0.011148413277595836,-0.14434604655141328,0.98946446713682823,-6.5496807420497749,-6.0024125456053117,-1.2913428140929559,0.1709677036186976,0.2478518770883222,0.289532293986637,True,5
0.97651811153509205,-0.20351254356333146,-0.070675472805787135,0.21450054923683823,0.94899971561540675,0.23106071526543126,0.020047249712445783,-0.24079490105536108,0.97036896251101634,0.092801009273012658,2.310712177891419,-1.2543673583891681,,0.4035235310202978,0.2525252525252525,False,5
-0.75568286984264432,0.6398284386101486,0.1398676852317341,-0.65492794157346423,-0.73940464183386989,-0.15604540038357609,0.0035765308231837743,-0.20952409116907014,0.97779694397509997,-30.709935695858441,1.4154358063118861,-1.6714658118988646,,0.2698585368902957,0.125,False,2
0.93613367322184071,-0.3411369426696671,-0.085319002608891484,0.35083747887438471,0.92250440678018297,0.16093067727505453,0.023807756661421355,-0.18058572982695592,0.98327106379960938,8.19230719969711,-6.2754143045622035,-1.0394464272885517,0.7688756703043906,0.4352238401042094,0.3214285714285715,True,4
0.81715218376117249,0.57438921198827053,0.048366741939492405,-0.57542172916049539,0.8079164223948434,0.12712548145302299,0.033943220004782032,-0.13171213906171031,0.99070670242988468,9.705669873283604,11.770800340895942,-1.1039098133131109,,0.3495105486075945,0.125,False,5
0.35379277735525477,-0.93147128283738512,-0.084805188169894102,0.93520530645635858,0.3508474755209145,0.047927901022991048,-0.014889777269105228,-0.096266807207246702,0.99524418931385827,-6.5831653107460646,6.0156693855622381,-1.4276279489676265,0.8075777046250624,0.4248760041876145,0.1025641025641026,True,1
0.80929879127838744,-0.56067688196047782,-0.17514822428565796,0.58739259408688638,0.77365862447435829,0.2375337306327753,0.0023252628283440182,-0.29511653090181522,0.95545843778850903,-4.3242337888124798,-18.413516931742041,-1.0638201613206559,,0.3467644018287959,0.125,False,1
-0.44879493596066194,-0.89010053902332109,-0.079398588693118222,0.89306131597754324,-0.44991563763707004,-0.0041719197124387083,-0.032009238674544048,-0.072780144545212769,0.99683421851351683,-10.065510652961176,15.855890917360263,-1.541474821016825,0.2329938521997829,0.206494063706598,0.4838709677419355,True,5
-0.10762375047711577,0.98970174796240806,0.094379968284558136,-0.99316719744987958,-0.11133587092329633,0.034974873199245395,0.045122569106731111,-0.089970961570418714,0.99492169532647268,-2.9315202933937625,12.739817896562734,-1.3461921370674086,0.3639448956200735,0.37064791128677,0.4871794871794872,True,5
0.69542662373708231,-0.70538329536073618,-0.13717221884795375,0.71844611599950259,0.67858238998716136,0.15284344410062578,-0.014730560168297565,-0.20484224814559177,0.97868414923906255,-11.812510452510733,8.3788080879530753,-1.4915729602611514,,0.1217353115458522,0.2777777777777778,False,5
0.80093048053345628,-0.5973406107848418,-0.041165034430205645,0.59874765668435759,0.79941365692897748,0.049386726257472716,0.0034071934841554269,-0.064202802295788369,0.99793105533895987,2.0647265277838494,-2.1292586334622734,-1.1767956932661154,0.582813922494975,0.490473089294827,0.771712158808933,True,5
0.77142773548710508,0.62041633124798368,0.14136061984169904,-0.63559768068479827,0.74074097270159678,0.21752792848091318,0.030246276288861125,-0.25765555938478119,0.96576331235389823,-18.602259341479442,-17.546006440890451,-1.2294961449698281,,0.2858512881088718,0.2142857142857143,False,1
-0.86610879370807869,-0.49744201799703736,-0.049061147485289183,0.49901780610797536,-0.86616240493044527,-0.027274850545716857,-0.028927264798476356,-0.048105374087967723,0.99842330017640135,-18.598318555252231,5.2800737490409846,-1.5865762253962687,,0.07547968051518858,0.125,False,1
-0.9971826712536721,-0.067476984220224773,-0.032765481103387735,0.072515095281006858,-0.97891937970006027,-0.19094085210880668,-0.019190651572560127,-0.19277890094145228,0.98105454193129749,-5.9232112863611528,-9.0685874889802829,-1.1977784602811734,0.245199027590826,0.3149296448685607,0.4731182795698925,True,4
-0.34550050605857036,0.93706344622034154,0.050413272765523001,-0.93834974236369928,-0.34562689260375279,-0.0064662288124553019,0.011364916156884477,-0.049539366838233158,0.99870750964134425,22.949968767685597,2.2842261916439397,-0.93547361222504699,0.4950991650784705,0.451231696367572,0.9444444444444444,True,5
0.41331764804372773,-0.90531679033485835,-0.097826535016793809,0.91034628369728821,0.40834730214094783,0.067246744105169232,-0.020932404881856631,-0.11685028871166779,0.99292892215599304,2.8301282490929776,-10.468028976998161,-1.0503122122535249,0.6536149450634843,0.3805288800322312,0.7,True,5
-0.3947041991167527,0.88858341969778787,0.23372655270163595,-0.91872201285026356,-0.37819920320089129,-0.11364517500788744,-0.012588022242012373,-0.25958595673957124,0.96563796153612258,4.2826292778304422,19.323207240037444,-1.2252760268191281,,0.4473871493743682,0.1538461538461539,False,3
0.71063995506771582,0.70283194619214528,0.031907830905848963,-0.70286484621993939,0.70720192315482189,0.076462067944452122,0.031174704642960099,-0.076763893191281435,0.99656181067334759,-18.276594949031129,7.7770884891050915,-1.5788603074541281,0.8184442660125872,0.5032575395908904,0.4782608695652174,True,5
0.99365896325251324,-0.10855524088515024,-0.029285225358682516,0.11025528038530213,0.99180448609954575,0.064557218806076039,0.022037193448808553,-0.067376709842379423,0.99748420592795184,-21.325889670709714,5.4626843123190527,-1.6255369045352162,0.4928235741726017,0.3864417959959588,0.6153846153846154,True,5
0.91094905583490238,-0.41231126987417782,-0.013085656584306318,0.41103129164353219,0.90451582598078339,0.113597525677939,-0.035001356592980849,-0.10886017308935075,0.99344067148048987,-10.808192792105059,-9.2631634161861616,-1.2768234710511117,,0.0831920781960242,0.2765957446808511,False,2
-0.92593301874857636,-0.35323564712930655,-0.13368852751185745,0.3767567124412376,-0.88869051393224607,-0.26131121307228861,-0.026503290769623822,-0.29232473046935403,0.9559517914279988,6.4986388370307546,-4.1561265670701353,-1.1081166125439126,,0.4810706759007173,0.26,False,2
0.26885298850774503,0.93995669229099821,0.21023674081335531,-0.96311864233830058,0.26484143443453517,0.047555182547095128,-0.010979587919588458,-0.21526827732860571,0.97649322446450793,14.684327312542871,-0.20315147171733192,-1.060889180956869,,0.3751581481762628,0.3055555555555556,False,5
0.99162099419984395,-0.11916331621513944,-0.049878932734418263,0.12809461512287576,0.95700301851754832,0.26026331305972489,0.0167204497139362,-0.26447178794138448,0.96424846380196616,-15.624172823983434,26.20840207522048,-1.6716221598040757,,0.2296660487136255,0.24,False,1
-0.44356494293231391,-0.87939842870649132,-0.17294087136940353,0.89592375635242805,-0.44021770581107639,-0.059405338933371118,-0.023890671920424163,-0.18129196087799346,0.98313908513302639,0.43044216149473774,-8.8742908878575033,-1.1171337352065578,0.6018010581685236,0.1945563519836561,0.1538461538461539,True,5
-0.025800909558706373,-0.95820450409317315,-0.28491830653978906,0.99962366183953544,-0.022072722457239714,-0.016288941458702192,0.0093192143693989534,-0.28523135041380604,0.95841339148858662,1.1190353332454843,-12.656926535645706,-1.0590762797557103,,0.2326127995273126,0.1904761904761905,False,3
0.92008222021488917,-0.38494311597451863,-0.072577582684105246,0.39161914357067218,0.90822028151432754,0.14754784524013981,0.0091189052749219741,-0.16417891980964971,0.98638842646126101,7.6661083932976375,-3.191721812349122,-1.1078315548527129,,0.1006213449802826,0.2142857142857143,False,1
-0.42877099925986067,0.90338489236896491,0.0071530715930049893,-0.90333831399916498,-0.4288239661732316,0.0094813763033077154,0.011632740642106763,-0.0023963044408124232,0.99992946604757094,-2.3270916218247204,-3.4137219631323172,-1.2475860062490014,0.6211677461341345,0.5560023710788199,0.9904801324503312,True,5
-0.36733667696327982,-0.91490301930333318,-0.16738049775054684,0.93004928222125405,-0.36296725197196666,-0.057123608391359729,-0.0084910775114597388,-0.17665570827336616,0.98423608059099843,-7.7430869641559257,-9.398647218830682,-1.2197414320546314,,0.1475841524777521,0.3820224719101123,False,5
-0.62016408982302584,0.77050726066958919,0.14736031673901837,-0.78443154751866373,-0.60718229204210816,-0.12647850207828326,-0.0079780292962827702,-0.19403150642598674,0.98096285636236491,5.4301953397509406,-10.591370507755448,-1.0165044912451562,,0.1942296742828121,0.2666666666666667,False,5
0.0063462428281548505,0.99418041701287729,0.10754079983926489,-0.9997051715132611,0.003787163741487127,0.023983899608638812,0.023437048696629728,-0.10766130139886804,0.99391133856571667,21.438190318265825,3.2721287815839766,-0.97319829035872396,0.4743176045715812,0.4012148183146939,0.3,True,5
-0.66804053842119859,0.73353529166296394,0.12509122635439027,-0.74411325922081673,-0.65946295176721326,-0.10678985297418211,0.0041589034237850889,-0.16442199102128752,0.98638132200022255,-7.4066186045861846,-32.218640941048328,-0.83947618647117872,,0.3752770464353359,0.3181818181818182,False,1
0.14520100522134052,0.98929278664896192,0.014712252276362994,-0.98928131387518725,0.14493479855404903,0.017787247833211697,0.015464478655782697,-0.017137282527527043,0.99973354622493094,3.7217320989992544,17.490228083408525,-1.2290880909961157,0.3969963956045754,0.3178826433462442,0.8939393939393939,True,5
0.569031809943495,-0.78900448008548874,-0.2316780733635769,0.82230555591953203,0.54458808926339364,0.16503752826650075,-0.0040462298872099203,-0.28442177032968979,0.95869071372691694,-1.532395652247059,-2.861293820139605,-1.2414855420093684,,0.08367981284271693,0.3908045977011494,False,5
-0.15663835053590647,-0.97886343151714306,-0.13149452300332531,0.98711444000516146,-0.15956722741956353,0.01197423345888711,-0.032703355709852305,-0.12792451826024145,0.9912445753461645,-0.13952060009891012,20.838347090615116,-1.3668010471917444,,0.1807297109420414,0.4,False,5
0.021408475967321601,0.98293749675341946,0.18268977703439898,-0.99950702278818371,0.016845080341817868,0.026494427062669749,0.0229649418431234,-0.18316692044252825,0.98281355846454543,4.8950287466493263,5.8541955659033409,-1.1827305233278742,,0.5322577509742555,0.1219512195121951,False,2
0.98277828469144646,0.18445993600324864,-0.011017039013117735,-0.18315549340775927,0.98026874168478761,0.074345539948838468,0.024513432511570829,-0.071047351009038723,0.99717168308225623,7.5506733699319355,8.3658324345869151,-1.1264604971072123,,0.09578577890391485,0.36,False,5
0.76025039435147335,-0.63998833560692803,-0.11150904974711516,0.64963014545673159,0.74893779017305528,0.13066315687510158,-0.00010955499174146802,-0.17177635674846464,0.98513596587472585,-0.6785116844307949,-7.4974774748700019,-1.1570628789167967,,0.06661617534131581,0.3043478260869565,False,1
0.96948213861001342,0.23839094287712279,0.057220112463286441,-0.24515940516283982,0.94163273865922137,0.23070468470609115,0.0011175761080613571,-0.23769211985106015,0.97133990301250961,3.0722365061392973,-14.530735413942903,-1.0460555895746169,,0.4699651900057952,0.6153846153846154,False,3
