axis_00,axis_01,axis_02,axis_10,axis_11,axis_12,axis_20,axis_21,axis_22,location_x,location_y,location_z,dbh,dbh_approximation,score,reconstructed,number_clusters
0.18142871357673207,-0.98307157002367551,-0.025571665981667237,0.98127573852702743,0.17926496411347023,0.070441448165360743,-0.064664881258137311,-0.037872956744650452,0.99718809272839248,2.7445126418366246,5.6895928487255354,-1.6197958213317571,,0.06714128595184474,0.3214285714285715,False,5
0.71223957331482146,0.69740763361565339,0.07960768040168531,-0.70027724826543669,0.69817835203470702,0.14885820203096051,0.048234487310538705,-0.16177014967142919,0.98564895013852383,13.261064112336241,-9.3279056724147491,-0.98888233932742431,,0.1879370324433424,0.4117647058823529,False,5
0.93923313967587752,-0.34150756222917628,-0.034838115260128713,0.34214853222889069,0.9230714892702524,0.17570830256426156,-0.027847643135611777,-0.17695087068642443,0.9838256441743668,-4.8552615224371198,-16.391365957806133,-0.73335997177942647,0.4934998160507013,0.6175238518773953,0.4455445544554456,True,7
0.9967697716415147,0.080220346098612283,-0.0038364584635984713,-0.079240144722162537,0.99012211081264689,0.1156685140577221,0.013077530582445818,-0.11499087681955278,0.99328046212645171,6.5816479186930863,8.6142679933476973,-1.7296559297517882,,0.1800170615180914,0.6515151515151515,True,5
0.29868925185852552,-0.9279859062535647,-0.22277093306565948,0.95226803750927158,0.27439217587814574,0.13377039491269227,-0.063010440106660959,-0.25209341842183641,0.9656493115132212,-6.6748016458343571,9.9778684726943592,-1.7845806918638827,0.281164295584938,0.1523332666214959,0.5,True,5
-0.99918412481347607,-0.026424140628895351,-0.030542585233604341,0.027163479616860543,-0.99934163540544629,-0.024050802902866861,-0.029886955278717209,-0.024860823341001658,0.99924406896762485,-8.3969909100283839,-11.09884898384243,-1.0110751292402413,0.240527241200891,0.3529738254559279,0.6585365853658537,True,5
0.4221423420511306,-0.88865182033864254,-0.17914738417404566,0.90342988628497622,0.39607406179280424,0.16413341567781137,-0.074901826511115988,-0.231134765415692,0.97003424506639524,7.3638167092036122,4.2220987948688542,-1.5362537827209581,,0.4677409552063345,0.1470588235294118,False,2
0.57402472236340141,0.81831623170568002,0.029226067861324079,-0.81629880434245738,0.56907144826463096,0.099065376388873819,0.064435084734124015,-0.080723179428279557,0.99465164161041597,1.1225106716122324,-15.220664694036056,-0.802237933031831,,0.1170754530691551,0.5416666666666666,False,5
-0.56980130742634749,0.81837038650764371,0.074808960309278416,-0.81993410018267243,-0.5722613393863073,0.015001026678917798,0.055086671825922209,-0.052790812942404605,0.99708504584916124,-22.852573956077389,6.2330908125856457,-1.5045273000349202,,0.2532829158893244,0.4655172413793103,False,3
0.92425282114785179,-0.37639066357990508,-0.063928013969752964,0.38174046207210904,0.91354638367595165,0.14038242229554679,0.0055625728948782305,-0.15415275943839385,0.98803136819653625,-5.5693569733115282,-17.794601313979339,-0.64781894941014628,,0.2798035022274314,0.5,False,2
0.50014696952486115,0.86511556494756348,0.037789789104413996,-0.86356402932870424,0.49506824324248827,0.095731926661745154,0.064110655313067991,-0.080513935553137808,0.99468956466682346,-1.2942267237750229,-21.789027686629481,-0.33510263195631662,0.2906707217197342,0.3558701369631644,0.4444444444444444,True,5
0.75331091308311826,0.65428359765399335,0.066600616144486341,-0.65483636084659358,0.73683386118424132,0.16812257886884846,0.060926256598186047,-0.17026107850377717,0.98351367880861873,-18.892999690456442,7.9879291736653206,-1.6269434878735132,0.360860732673957,0.3580461253274488,0.7784810126582279,True,5
0.76692576984714034,-0.62752541491461133,-0.13430084579263585,0.64074174193009792,0.73713751787528881,0.21465856584130036,-0.035705513478401923,-0.25067934373798112,0.96741148583751102,2.0923591069700676,4.4251394887280098,-1.5683578470534889,,0.09413322726227737,0.5714285714285714,False,5
-0.61114808948153776,0.7898481319674272,0.051360891256205632,-0.79005788056493398,-0.61267366004225343,0.020965010080461643,0.048026639277702593,-0.027765351033168552,0.99846007792084224,6.4465188727085128,2.9701543773573844,-1.4971690222763068,,0.08520527127888003,0.3214285714285715,False,1
-0.99877851483278146,0.049370711052562619,0.0020027976902009942,-0.049348102307345945,-0.99873062871409968,0.010094358176875484,0.0024986210371331658,0.0099831938027728773,0.9999470449650868,7.201002520217564,-3.9167395602513135,-1.210694528500643,0.4780388728652372,0.3459165212565383,0.1428571428571428,True,5
0.98594801251343989,0.16489096371951995,0.026785942291497632,-0.16413405403210765,0.92634874967887681,0.3390250820741213,0.031089048357591811,-0.33865759116255967,0.94039593098874563,2.9443368534818464,13.283099728395682,-1.9068574402583007,,0.5758730566211833,0.6043956043956044,False,3
-0.28251190884967814,-0.95517818332397619,-0.088440146200796793,0.95864898082701655,-0.28442870199346287,0.0096148344569996491,-0.034338796097602459,-0.082066750783865605,0.99603508748354097,-11.756312082988485,-12.84018845548421,-0.87479333027714279,,0.1063883734873489,0.25,False,2
-0.71011620061705938,0.70037361107795271,0.072192704110746006,-0.70355825420911755,-0.70980911246120593,-0.034304617783251931,0.027216990197517995,-0.075152037714655118,0.99680058520845782,-10.962178443521932,-28.162588429726785,0.19025448972943806,,0.2378371368033637,0.2978723404255319,False,4
-0.94949473880497037,-0.30457581446755266,-0.075454053722167111,0.31220374721815553,-0.94109084143657074,-0.12991092481831196,-0.031441393172424087,-0.14690677794313578,0.98865051327035836,-29.5614211353031,0.1025349740623655,-1.2182259289134814,0.6669472860506526,0.289752988090978,0.2162162162162162,True,5
-0.86917097471691163,0.47169124458561373,0.14848968479638372,-0.49386218804255805,-0.84335697969114165,-0.21177616491959969,0.025336849280673555,-0.25740313632026962,0.96597187820402841,-9.7125971786699772,-26.897260917510753,0.075641913493000076,,0.2363683103561199,0.1578947368421053,False,1
0.30460976864646327,0.94738878323449982,0.098322847022459914,-0.95006468139034217,0.29487238682264566,0.10211452719463487,0.067749465088780755,-0.12451814683398547,0.98990163202674553,-21.828363479462269,5.285997667447476,-1.4803129279942542,,0.07065027053095208,0.3333333333333333,False,1
0.77978398697673112,0.62246470224507588,0.066892661134244455,-0.62404279368988369,0.76428935170725953,0.16258037553967386,0.050075196438930644,-0.16852145657406575,0.98442520964050739,5.1010973784917084,2.2959078503371435,-1.488514216298088,,0.6039242897658981,0.2809917355371901,False,1
-0.55328711732620572,0.82755433462010197,0.09501152062954081,-0.82878498877118878,-0.55834817829012351,0.036915500641884258,0.083599092030941069,-0.058319251123285704,0.99479146395615059,-1.6381213088171975,-29.448268559419802,0.24551408363183228,,0.4379079048610919,0.7407407407407407,False,6
0.39501565296353697,-0.91677846644978855,-0.058990485400311918,0.91658540092629437,0.3889761734270582,0.092567485192305121,-0.061917983838096921,-0.090635423317912578,0.99395743536502013,5.7395226196231901,6.3265941033862667,-1.635871877853154,,0.08822006830719394,0.2777777777777778,False,5
-0.016989279152389441,-0.95812347472326298,-0.28585096042886188,0.99752551321185101,-0.035749135296486552,0.060538003080601074,-0.06822180652339517,-0.28411512897023644,0.95635996288265346,-23.914448509873861,6.0299991482335082,-1.4884876302559895,,0.4793223363125992,0.2962962962962963,False,1
-0.3851863484447185,0.91868297899669493,0.087481775665456576,-0.92093763587004396,-0.38874355801552851,0.027428396590417264,0.059205977822493205,-0.070000215736702703,0.99578844238467501,0.48160743100517478,1.1359703812981996,-1.4633733502648423,,0.08799882673836223,0.3133333333333334,False,4
-0.78050519137418484,-0.61979757153326032,-0.081624852584371188,0.62199906147644879,-0.78301545848802723,-0.0019897967740810235,-0.062680250161948878,-0.052323628412582208,0.99666113807521295,-31.512598802558699,-2.4361085173137003,-1.1180989955111948,,0.2796283160124798,0.5121951219512195,False,4
-0.86621513906738001,0.49795592612926037,0.041366997512871442,-0.4991633545420805,-0.86609585729565264,-0.026719121572502821,0.022522840246661603,-0.043793396854542546,0.99878669397382547,7.9536709486272263,-17.224373692213252,-0.69715554191466522,0.3469758282026488,0.3193815688263012,0.5666666666666667,True,4
-0.14830551391821761,-0.96352001745272797,-0.22278835362142937,0.98471468037432686,-0.16468208549019242,0.056716919643858457,-0.091337138102419002,-0.21097153051180767,0.97321556734197601,-19.453140177212653,1.7557042905046798,-1.362488577246368,,0.2077828096296868,0.1547619047619048,False,3
0.89164289503773808,-0.44473345446855417,-0.084764982187146384,0.45217791444582844,0.86546796562948003,0.21563936133412731,-0.022540661395390474,-0.2306021572874718,0.97278700836217114,-13.991772053490353,13.100106641593316,-1.8473462770247193,,0.2511587817391594,0.3333333333333333,False,3
-0.098846258523982419,-0.99324070237974982,-0.060846728030275826,0.99272546398161665,-0.10264964727771266,0.062922198596723197,-0.068742783899798238,-0.054184472406229742,0.99616187068757256,-8.3959322573837856,-5.8074493182275324,-1.1780661865597255,0.5919867652703056,0.2256774009107677,0.405940594059406,True,4
0.77256846384464217,-0.63444399670868534,-0.024875363576017266,0.63409720448810269,0.76895327132231128,0.081434647313592221,-0.032537730915087312,-0.078687238882969912,0.99636821231102701,-6.9248501438986683,-6.9916906341666634,-1.154221716753101,0.2408111534199444,0.1987144715803599,0.8227848101265823,True,5
0.79007103378290555,-0.60014444283292345,-0.1249576300750454,0.61168096240709335,0.75835696983354606,0.22525786675189777,-0.040424767234257919,-0.25440391907681709,0.96625280550817216,-12.866031393382892,12.925323399543835,-1.8567669490682559,,0.5022892098087255,0.3793103448275862,False,5
-0.96445638962357372,0.26415637263899006,-0.0067292873673827167,-0.26409848505436867,-0.96278026954782636,0.057499067482900276,0.0087099199909739192,0.057232537630501512,0.99832288060032204,-4.0372594872545848,-5.3576307964646297,-1.2004019165342688,,0.06981343098654547,0.2246376811594203,False,5
-0.67259467453306498,0.72984715623437324,0.12222737961013108,-0.73864394242688114,-0.67216651657871551,-0.050963715587761388,0.044961429090221119,-0.12456043724648019,0.99119280030029022,-21.552557833896998,7.6682838669371787,-1.5645765933789741,,0.6488113409528513,0.4912280701754386,False,2
0.17907053097936015,0.9670516473153673,0.18095539881253661,-0.98186830964844651,0.16403585616826732,0.095009791070424565,0.062196201193258249,-0.19468782528904485,0.97889135415599116,-5.3465569344637798,-7.3228033121652514,-1.1304166637876485,,0.2953125522626903,0.2763157894736842,False,5
-0.48179025440910483,-0.87594496410220901,-0.024465702940851878,0.87386612777828321,-0.48234589788211368,0.060831122939557197,-0.065085647251909767,0.007928093104744802,0.99784818678069609,-7.2518966289585585,3.286254870216557,-1.4783589214642414,0.2575617462796317,0.2186696274356525,0.9125338142470695,True,5
-0.93512844498791103,0.35423757771747705,-0.0071084391637904806,-0.35398288050055265,-0.93321948718825687,0.06162393240144385,0.015195778592171539,0.06014255785166385,0.99807412602874168,-18.403965854800511,11.368934134104437,-1.7335000598316566,,0.07395733859221164,0.3,False,2
-0.76169899763548943,0.64778474910060735,0.013767927721822847,-0.64675531583582846,-0.76142467733492536,0.044045682915613518,0.039015361579615167,0.024645072084861042,0.99893464349913486,0.17429362950558552,2.3996963936250046,-1.5076419037379107,0.2099115479638562,0.1792179305256027,0.7246376811594203,True,5
-0.14759806507831888,-0.986978419835155,-0.063940675354879573,0.98687696545941406,-0.15124667089842159,0.056553510835000091,-0.065487909042480946,-0.054754390891017295,0.99634998391498897,11.440920853276335,8.9900626469947333,-1.6999791134646696,0.3694943965848398,0.3371075723688657,0.28125,True,5
-0.22548690527350096,-0.97039562191536,-0.086533187377345888,0.97210498117315203,-0.22998761695950221,0.046017405659570722,-0.064556650536776353,-0.073743020095415696,0.99518561377196457,-22.820665846068753,-3.3553939393455523,-1.115773022315236,,0.1747854480508895,0.5625,True,2
0.57185539037976374,0.80888431027874175,0.1367025423263647,-0.81778055061211186,0.5489006582216609,0.1730405687819431,0.064933685665907195,-0.21074686234606457,0.97538165682830524,22.91366388256343,-3.8107261042995244,-1.0514185435343013,,0.2240030899381485,0.2857142857142857,False,8
-0.089190596722512464,-0.99536134019353772,-0.0360671582524449,0.99366653535907179,-0.091406970687345268,0.06535734248928729,-0.068350961688782103,-0.030009467804137137,0.99720989660067638,5.9209932921921533,-1.9407862772933353,-1.3139457020006611,0.279001966460426,0.2352663003294631,0.7941176470588235,True,5
0.71385200716396713,0.70025264409967913,0.0078451449561968076,-0.69825322737306694,0.71086926684812657,0.084304898516655125,0.05345785565351395,-0.065659118804742761,0.99640912168983742,-13.79342358351345,-1.6647629097404084,-1.2698527403365163,0.4200669680757786,0.3306842971007898,0.9422718808193669,True,5
0.10504494351666437,-0.99337423800627134,-0.046617412058599463,0.99183319571559647,0.10124178071125331,0.077569412238349483,-0.072335825965901879,-0.054384971305269744,0.99589648215964532,-8.846430611897631,-7.1763396633667913,-1.1260135734949921,0.1470950672093647,0.1010596217143769,0.462962962962963,True,4
-0.50260789133570305,-0.86352319898689589,-0.041388312100346658,0.86203536210109355,-0.50421495719560827,0.051597591295215219,-0.065424323109337421,-0.0097448320492858412,0.99780994993736993,-12.111851809876644,8.6829722616813996,-1.675590159473864,,0.08469218995250902,0.2363636363636364,False,5
-0.13045965859467198,0.98911628513897221,0.068038606336700808,-0.99007571272367312,-0.1335879867959586,0.043638662428097275,0.052252852114235832,-0.06167028665963678,0.99672785412531029,-0.054876365706045573,-18.889674290177037,-0.54937925519532771,0.2816433695866482,0.3089959418241657,0.3837209302325582,True,5
-0.3305570865695252,0.9372410081644108,0.11095632083674477,-0.93754521799451529,-0.33959169858453514,0.075408503950736908,0.1083557877285994,-0.079099752638233087,0.99096026782020186,-3.6084659888610422,-18.642540709262565,-0.58068225681001706,,0.1972618597660644,0.1764705882352941,False,3
0.78935862595645667,-0.60393565700290075,-0.1103389406719498,0.61138284641830754,0.75691857715931765,0.23083605146631953,-0.055892528423588529,-0.24967176402546548,0.96671610905933991,-19.221482030901239,9.4291906465765241,-1.6617888772640352,,0.2667023230243463,0.1333333333333333,False,3
0.86041915734004848,-0.50956169361928072,-0.0050748475929406562,0.49969804655960587,0.84172784352129271,0.2044409442981247,-0.099903633301072298,-0.17844079644757643,0.97886574473540533,-5.1056423987628623,-15.670484485434853,-0.78518243839588975,,0.07950244598370852,0.4090909090909091,False,3
-0.55653333547537998,0.81650049342053155,0.15361507331208363,-0.82818870633776775,-0.55992047669028644,-0.024341866762794401,0.066137078853116732,-0.14076932914151116,0.98783089786350875,-16.594860394310174,8.6646229632410598,-1.6764922921951857,,0.5072336935857664,0.837037037037037,False,5
-0.96496139910122281,0.26230877632340222,-0.0066033406946357214,-0.26231147365394758,-0.96373721770862042,0.049023116921934597,0.0064953086227213987,0.049037547521941838,0.99877581563578566,16.502568528714757,0.59343593490616886,-1.3372486957809178,0.4364670882793464,0.40447302135939,0.9711538461538461,True,5
-0.43234887250091836,-0.88834208286541616,-0.15466995913078951,0.90017288727114442,-0.43521619708410286,-0.016602253388757093,-0.052566391060427896,-0.14640766921847628,0.98782668972087251,7.5541165000045458,6.8040908123019035,-1.6447045264031139,0.694396127746799,0.5014693035414592,0.2,True,4
-0.60716303648214598,-0.79386456194766408,-0.033646759330197992,0.79238713326533239,-0.60808825646265341,0.048490240128914758,-0.058954882455396554,0.0027802222670961479,0.9982567766856465,4.9102766237850179,12.874856357517395,-1.8789448614608411,0.7167968051254505,0.6363071670970332,0.9065420560747663,True,5
-0.88960450285647441,-0.45310434718900977,-0.05744805528392883,0.45501183492615827,-0.89012128849519845,-0.025462164966434261,-0.039598719355739082,-0.048790801654294134,0.99802374676122618,-2.7359021794229914,10.645651568802338,-1.8045432871062697,,0.07219073678089885,0.4166666666666667,False,1
-0.17387423270037561,0.98118858955638943,0.083885057830342252,-0.98245302133614587,-0.17867222829456361,0.053500427136005349,0.067481938845407,-0.073110782792961765,0.99503819090980949,-26.68371581362539,4.2482929042689497,-1.3989986198836433,,0.2004039046235775,0.1666666666666667,False,2
0.98917533831897653,0.14651976771224187,-0.0080067303619976004,-0.14340528314305243,0.97683027423971791,0.15886327484796375,0.031097826744003271,-0.1559954262095827,0.98726812577611955,-26.583709044039399,11.84120413616078,-1.6408041926124315,0.215304851053548,0.3173412125404694,0.6785714285714286,True,2
0.9921574291266555,0.12264628803017549,0.0241148058504214,-0.12369460429137238,0.93564152748392249,0.33056705358633615,0.017980008286569711,-0.33095742940742384,0.94347437655828437,-16.058251284602193,14.193051337905722,-1.8344884617032629,,0.6391087833980345,0.1333333333333333,False,1
-0.099804006745559476,-0.96765309658682885,-0.23170378698556754,0.99258398231175504,-0.11306565111374947,0.044645230387596435,-0.069398834973434811,-0.22552969472808848,0.97176136911290389,-0.77464550459911952,1.3331425519037063,-1.4573817463999166,,0.1397941603149789,0.34375,False,4
0.99200197787713573,0.12606690027159226,-0.0062619919963946055,-0.12513535387740515,0.98874501220291378,0.082002707600645652,0.016529340513980879,-0.080563251546674625,0.99661243389915621,-0.046421426107884967,-8.9570171429739478,-1.0849532064985776,0.2115298817269167,0.1644091886767365,0.7176470588235294,True,5
-0.33334165559237189,0.94195516237880561,0.040047630577263585,-0.94079199335954278,-0.33510435203182759,0.051141944428284972,0.061593553863316997,-0.020628749774172783,0.99788811437216729,-13.499580705280922,-5.1628146931915992,-1.1157784551561567,0.4768655877802074,0.464345807235675,0.9820089955022488,True,5
-0.43751592495365327,-0.89896878413633974,-0.020855228610087245,0.89681869858220709,-0.43792526999422443,0.062750934445639533,-0.065544162861879515,0.0087511741449571873,0.99781129461728324,-0.40101683683949418,-2.1122584196229433,-1.3007995849701117,0.235492318521324,0.2025713773609608,0.8678571428571429,True,5
-0.81412498615702267,-0.56560723727637752,-0.13148749010994151,0.57855651876909242,-0.80945725662243939,-0.10025619328033814,-0.049727874523424802,-0.15769401650620427,0.98623513203166957,-5.4070597076019515,13.20048190110046,-1.9300769050559261,,0.2337404115583248,0.3636363636363636,False,2
-0.36954035657844664,0.92906135242984589,0.016879818751993174,-0.92741584667586241,-0.36989389679495455,0.055482902306363845,0.057790762188850729,0.0048485601026859778,0.9983169432953457,-17.917531683746262,-2.249452820683985,-1.1993857809018316,0.5673474059816699,0.5105693220348263,0.9858267716535433,True,5
-0.60925677339939377,0.79153848848851438,0.047676045434543776,-0.79146586411591013,-0.61070381966489751,0.024952566720871157,0.048866859999540269,-0.02253144220908955,0.99855113244428451,21.137640807166822,-3.5713273636632827,-1.1064471705888919,0.2421229818394514,0.2145674946473035,0.5454545454545454,True,6
0.4168983175235515,0.90851409374521352,0.028247731100834554,-0.90654036640648439,0.41332800425177973,0.085700204065322125,0.066184264909637136,-0.061335979388560245,0.99592044898717536,-22.834473075408784,3.297560889768095,-1.4003052202201254,,0.08996880621554267,0.3695652173913043,False,3
-0.79936019787480084,-0.59533429171140273,-0.081242569912834767,0.60084775119385403,-0.79149782388236589,-0.11186230229513547,0.0022921472134615536,-0.13823268753070644,0.9903971274994644,-2.6497089991018963,-22.272103740103141,-0.30126707272008368,,0.5158642389832716,0.5918367346938775,False,5
0.97295971299038808,-0.23053777578202991,-0.014203198060149656,0.23085483933085055,0.9686314232447728,0.091973958598795688,-0.0074458078936046924,-0.092765833367034173,0.99566011274155775,15.409879531922348,1.2294791279409132,-1.370491406550328,0.1656190617282356,0.1694167212605003,0.6470588235294118,True,5
0.77232957589931661,-0.63464004493700821,-0.027185281928546252,0.63412165921316765,0.76776740654067388,0.091776526250168827,-0.037373085341212628,-0.088120501679012864,0.99540847378145136,-3.6035140188326569,-6.4907489474357787,-1.1420736439546377,,0.07620243787756657,0.3125,False,5
-0.94002856606589813,0.33683285709105243,0.053757988838572128,-0.34069742490264743,-0.93481070033116487,-0.10027072958276785,0.016479066866612553,-0.11257255851331764,0.99350684920888699,20.052153075647212,-13.05012383769764,-0.81551175151746813,,0.3909701101942822,0.32,False,2
-0.15228618870592009,0.98833299347402603,0.0026097394690078914,-0.98618331737543297,-0.15212810053227852,0.065570615056042877,0.065202616970576166,0.0074118175309559851,0.99784451880093872,1.0009254436946735,4.2395893538038338,-1.5591905258668706,0.3979016167112868,0.3676345810832388,0.8869565217391304,True,5
-0.038113482412664192,0.99601138545867685,0.080676406061922751,-0.99615313923503124,-0.044245621161238258,0.07563893309831024,0.078906816249130152,-0.077483192014429242,0.99386622304245908,-15.161049145322394,-23.585702549481212,-0.08310424748764815,0.2192118519548318,0.2351632941250741,0.6857142857142857,True,4
-0.82271265578887709,-0.56758169528667646,-0.031542117562311005,0.56654705526268423,-0.82322980214890673,0.036292244723259814,-0.046565224985965617,0.011987995219136259,0.99884331493614764,-25.088683872535881,-23.648249218214129,0.010876584688339004,,0.4476809630721968,0.9782608695652174,False,1
0.98531356196375752,0.16991891010464746,0.016874495522588719,-0.1701360017152676,0.96853233314895459,0.18165588502822047,0.014523275478885924,-0.18185896632801019,0.98321736703308538,-8.9468901179998355,-34.586189842197633,0.67005179478158694,,0.5865220944723658,0.4444444444444444,True,5
0.99384801601108219,-0.11066498406785802,-0.0044025415495938993,0.10963859368681667,0.97745075686837457,0.18046993287475471,-0.015668434676517125,-0.1798423732013735,0.98357064868573885,-16.874958132046675,-24.743812996063383,0.014489007253022072,,0.4221193047803654,0.2083333333333333,False,3
0.1803936629531244,-0.96378069750184581,-0.19643037822396556,0.98164938658548384,0.16385695728055,0.097546806032300509,-0.061827244663641222,-0.21042258593985505,0.9756534872298086,-35.12527414273206,1.3381211205202523,-1.2735305840601121,,0.4285360334407808,0.4761904761904762,False,2
0.99394067693012744,-0.10897162962829875,-0.014391479417813945,0.10989957631963368,0.98760727302863438,0.11204444379669343,0.0020034641113529372,-0.11294714780417554,0.99359897742220782,-5.6810384667431233,9.0302434473611228,-1.758448078747205,,0.07100943010262753,0.3090909090909091,False,5
0.99854430508485459,0.04194717088380634,0.033907309498828989,-0.048825159589052709,0.97010120896230634,0.23773882341968358,-0.022921050885772554,-0.23904827802081455,0.97073711487795467,12.1308481112947,-10.03386971000533,-0.96438409878010223,0.2924444395142247,0.4472408186445933,0.4358974358974359,True,5
0.86985180225113723,-0.48014570764547743,-0.11321634842227192,0.49239455379150676,0.83105847431308755,0.25862988162404538,-0.030090621743531099,-0.28071678200996231,0.95931884312832116,2.1431821657472834,-6.9140372025447867,-1.1378131679296797,0.4157950109259571,0.3141820998165186,0.2857142857142857,True,5
0.46604267167956498,0.88264608182577753,0.0611565402175131,-0.88241022012009274,0.45865530135741123,0.10482136215653856,0.064470393215669483,-0.10281638378364352,0.9926088653766254,-33.521607108345137,-1.7889983204677167,-1.1678466410711572,0.7127086644869459,0.3041244494531307,0.3448275862068966,True,5
-0.20115991324149224,0.9322474729324205,0.30074796510664975,-0.97749549623121357,-0.21095626215074414,0.00010152379075695217,0.063539311865716944,-0.29395935887551178,0.95370364955636444,1.2913558325039889,-17.732175203621679,-0.66019325998755796,,0.5633583131458877,0.2368421052631579,False,2
0.99951495428077353,-0.029303891391013373,-0.010542206526449127,0.030174577304016664,0.9950139494128496,0.095061744978549301,0.0077039635011164481,-0.095333742311872527,0.99541555469220322,-2.6412803353106211,1.4268940158687329,-1.4510200472184633,0.3903259988150957,0.2140869428929134,0.8501259445843828,True,5
0.99880074339851943,0.048923439144937603,-0.0018899970364158036,-0.047280765487247751,0.97384935850365051,0.2222205124577154,0.01271236411946924,-0.22186465253451565,0.97499460088465817,-8.9382211787112151,14.188931703514822,-1.9264042229350196,,0.1101717414269209,0.4,False,2
-0.41690845387253056,0.9032161926284823,0.10192080486006426,-0.90556465811945286,-0.42240342065972591,0.039089642873278742,0.078358095016493504,-0.07599907623563551,0.99402421970328037,-7.9155636355147019,-23.849180616610912,-0.15087840763775412,,0.2801257965767009,0.5769230769230769,False,4
0.92199939610820236,0.38605548879305962,0.02963567358542929,-0.38364598471163802,0.90054304819593378,0.20454333712104705,0.052276878165667152,-0.19995844047883651,0.97840878475743687,-2.0542390979269332,-5.2050394100504667,-1.1838449839191716,,0.1944472281481419,0.2580645161290323,False,5
0.2824411594408251,-0.9371756316133274,-0.20476529726465717,0.95724030100900837,0.26141544507814551,0.12390710713586436,-0.062593910070434786,-0.23100606179223154,0.97093676510745974,-17.075793271698455,3.1381044538730567,-1.4480239671754966,,0.3288153951988103,0.25,False,1
-0.34125554819025439,0.9232317447796482,0.17660066891293347,-0.9352403368122516,-0.35231658240011104,0.034619909953841878,0.094181543991777986,-0.15334983272580524,0.98367355640694787,-5.0066872675239269,17.491631041232377,-2.0497973093711686,,0.5382286706584252,0.3333333333333333,False,3
0.70109031548821521,0.70968905062867549,0.069381704695153854,-0.71107720626677295,0.6885375598517891,0.14242624547879762,0.053306437289295891,-0.14918941011718831,0.98737072250113289,3.0779864547043689,-20.896743878736707,-0.46705014388235766,0.1988746945230097,0.1996192385956112,0.5,True,5
0.99240663597529455,-0.12241308277580715,-0.012004417417059383,0.12299957586780806,0.98733305475059496,0.10022246920326357,-0.00041618329968840309,-0.10093798176198676,0.99489263271434403,-1.3494778936400582,-11.619252455746084,-0.96515721546188049,,0.08986758523208874,0.5531914893617021,False,5
0.95582126924530963,0.29032595287498258,0.046005894682307806,-0.29246463850391119,0.92357065545654116,0.24795499511877653,0.029498075921366738,-0.25045575550745358,0.96767855099207856,-10.85115843198054,-11.672621919117494,-0.95401833578112361,,0.08546737562070593,0.2857142857142857,False,3
0.69210525030115466,0.72124125131936967,0.028308654168747047,-0.7195290965388712,0.68629389797467311,0.10620058774171204,0.057168188177798548,-0.09387088471937724,0.99394167598630734,-8.9079799025063107,16.108447333967849,-1.9596213695904676,,0.08291073842765942,0.2307692307692308,False,3
-0.770002354136189,-0.63768142033925668,-0.021419168490760778,0.63603858724270401,-0.76981067627866206,0.053352021758272583,-0.050510297593985343,0.027457764685018125,0.99834602267724293,-8.9064242139248115,-3.6964234561567331,-1.2325394003119698,0.1611648370333118,0.1128402762129548,0.5124223602484472,True,5
-0.80482033366319528,-0.58890889508350652,-0.073827798381011181,0.59272960840565447,-0.80391954572497559,-0.048836209114033413,-0.030591532186925112,-0.083064296137830271,0.99607453579819227,21.11735977809051,-2.7082600756505766,-1.1461797095779611,,0.2656810954381765,0.75,False,5
-0.67429010848666104,0.73557752866326775,0.065257558356755938,-0.73553317361100423,-0.67685286130355504,0.029345436832911902,0.065755608998551388,-0.028211761214597376,0.99743686337251425,-47.438136971019738,-0.88659921100061456,-1.1833152983485966,,0.3081942425186489,0.8809523809523809,False,2
-0.2004388506430938,-0.97850804688575477,-0.048438304395406681,0.9770740254124396,-0.20327767294618596,0.063281407584819802,-0.071767792338960648,-0.034643756456394607,0.99681953939586454,-10.979366251678703,13.909067155259208,-1.8932086297838253,,0.1082228187235184,0.4210526315789473,False,3
0.32919535888272894,-0.92917644351742834,-0.16811172624886861,0.94144720759779588,0.30923457693673689,0.13435450023378617,-0.072853078153117562,-0.20249719316341341,0.97656915564877178,-4.2643863621941511,9.9599781499935141,-1.7894772111303368,0.5936496653075207,0.2641534958358803,0.3076923076923077,True,4
-0.28414368549976993,0.93269520161220787,0.22213065272530788,-0.95698395552467364,-0.2900753760168821,-0.0061632050927203919,0.058686240797636881,-0.21432670649787922,0.97499742975190173,-24.916004787709173,0.61114486624347575,-1.278218715228018,,0.2087326074667589,0.1612903225806452,False,4
-0.69176976085064945,-0.69733346842331245,-0.18756500683589178,0.71975016165547778,-0.68685387906868145,-0.10095272955804088,-0.058432035473266759,-0.20483598957463017,0.97705062028813705,-8.0487991039931668,5.5528888071515121,-1.5808175193164449,0.1370280753724422,0.1525705760404636,0.425,True,5
-0.99981990850478364,0.0062043558024615537,-0.017934785378205122,-0.0022263702336190365,-0.97686977584227075,-0.21382348870377801,-0.018846586775028346,-0.21374505143967265,0.97670766309678492,-24.096259257671147,18.416068362042374,-1.9819253013964753,,0.4150634648844543,0.4375,False,2
0.86561019464664157,0.48073797286810843,0.14003568247580592,-0.50070781249897167,0.82922638745377963,0.24834509226648524,0.0032676331338964259,-0.28508700390059194,0.95849607342997822,2.0894167384455633,8.4350934349458804,-1.7229439515678089,,0.4041800012196939,0.5204081632653061,False,3
-0.17160929737559658,0.98354138078998166,0.056538494214035409,-0.9828324401291868,-0.17486775878403196,0.058835886732149213,0.067754289044773333,-0.045471081047036011,0.99666530846842016,22.271652680851144,-0.49342757432040324,-1.2023526072550679,0.2127460116134794,0.2513831796952349,0.5714285714285714,True,5
0.87461913251457313,-0.48220795287071766,-0.050168348863470574,0.48409456388829697,0.86301655716372749,0.14441217149210928,-0.026340581870083868,-0.15059187311903219,0.98824504122067136,-9.0215271707098044,2.274423290791403,-1.4547912168044277,,0.07391364299733744,0.1690140845070423,False,5
0.99886485285023807,0.047594455508177091,-0.0019425615437273242,-0.045841778583637971,0.97156280091651925,0.23230207750154985,0.012943611426481073,-0.23194932998421774,0.97264174866345932,-9.9024985460766413,-16.515480518151087,-0.67458175006130661,,0.1342520756440371,0.4117647058823529,False,3
-0.35463888110665848,-0.93313378752115506,-0.059098211426749113,0.93341553441441671,-0.35701074252431714,0.035759891443973492,-0.05446745928778314,-0.042481340711648864,0.99761146323108885,3.7927632887649412,-24.494923236822288,-0.18111952935983586,0.3051056876626694,0.2010010142600633,0.5,True,4
0.23597521800514676,-0.94452436600889489,-0.22845003502499159,0.971132213985338,0.22077103725546263,0.090345846994119627,-0.034898702660143291,-0.24317456923914485,0.96935453237089519,-3.2171273364893338,-17.152034659858739,-0.66455867571727767,0.3310355059229206,0.1955252122611197,0.2857142857142857,True,5
0.76668975607025369,0.63185052125192998,0.11380569726774646,-0.64056126724038498,0.74090286023243102,0.20185196211777179,0.043221300863419451,-0.22765735325938002,0.97278160378299039,-17.700303592116381,10.435712600522313,-1.7254595416506442,,0.1731139314677953,0.4516129032258064,False,3
-0.99862222017705082,-0.04701766405040525,-0.023302374040014152,0.048661294385212904,-0.99592957230111223,-0.075870715331275748,-0.019640259606561981,-0.076900105873575084,0.99684534102297928,5.4913392450554772,5.0436507625319393,-1.5844811346086907,,0.2566034656055715,0.3125,False,5
0.98106336996045096,0.19368628007359853,-0.00053761798227099263,-0.19216735629227369,0.9737092130920546,0.12231956309311402,0.02421510473819433,-0.11989993015387224,0.99249062234945828,9.136825072064843,-6.2477624289618623,-1.151973451989595,0.3340060038843979,0.2595890811230664,0.6075949367088608,True,5
0.98951242828959596,0.14424875107350721,-0.0075797146489658806,-0.14277020135441332,0.98464722160238682,0.10043166132211674,0.021950486683595977,-0.098296219685364228,0.99491508649226923,-12.973956093201553,-11.733578763410115,-0.90851987173994619,0.5489148799133361,0.5734988567359862,0.8598130841121495,True,3
0.11796830933287165,-0.98322268599761131,-0.13912809828638148,0.98888469898170339,0.10354960617118998,0.10669831855121495,-0.090501547572452948,-0.15016866784197225,0.98450944184683031,-15.117252122578929,-2.217404501033966,-1.2339886419616635,,0.07427393074504321,0.2950819672131147,False,5
-0.4737125326512836,0.87043946405034156,0.13390883403592679,-0.878669958680525,-0.47740209071326439,-0.005132981099660136,0.059460408016358275,-0.12009322714607618,0.99098036139580992,-14.111181702467997,-7.137826056331587,-1.0315018009063828,0.6308236172694557,0.6521533541632756,0.5227272727272727,True,4
0.13537849406818442,-0.98799807081787261,-0.07438061174789655,0.99045226580044232,0.13297850155926322,0.036345939165500156,-0.026018695482281303,-0.078590903947046445,0.99656735713256506,-23.920301908879395,3.2169233171457896,-1.3726368705671179,,0.1771386988569122,0.16,False,2
0.21015737719080727,-0.97574826696946404,-0.061230681184915044,0.97553514857868673,0.20515307618296824,0.079015120200031486,-0.064537203997700687,-0.076338292086955292,0.99499116300669044,-1.0544722048587356,10.650750108002665,-1.7994716067196441,,0.3853333305940565,0.4655172413793103,False,1
-0.60331093232290145,-0.78681764397622644,-0.13013037334677549,0.7949077306883966,-0.60644680045416244,-0.018546641494696287,-0.064324323793529009,-0.11463103134234301,0.99132341242497435,7.724723814633264,-10.134846900614333,-1.0121033652914209,,0.08648963642619616,0.2142857142857143,False,5
0.32294474176717836,0.94419567487206901,0.064816828970627766,-0.94329050094993316,0.31555890086869193,0.10308060389892346,0.076874733056799219,-0.094430438077032275,0.99255889889820892,6.5666069975976091,-24.827710815346229,-0.14189868602385908,,0.5726434968409978,0.7878787878787878,False,3
-0.99573907404359008,0.091939308037230272,0.0071316239700089882,-0.091282987656265718,-0.9717475472885595,-0.21765596822328542,-0.013081001007581691,-0.21737954820153874,0.97599949766192773,-16.331624114100034,-14.147695318675273,-0.73039752514793788,,0.5964150706230202,0.1555555555555556,False,3
-0.97028295235672812,0.24090943435009135,0.022663556804456166,-0.24148925078106642,-0.97000620535582738,-0.027765145927708818,0.015294905135664708,-0.032413053116094902,0.99935752354429364,-12.040303043669196,19.01904082347021,-2.0144271525814132,,0.2132821335131616,0.2666666666666667,False,2
-0.98641756039057105,-0.15370416396169898,-0.057926043658691494,0.15720645862542737,-0.98563549742765766,-0.061715440345068207,-0.04760804469378381,-0.069983542289376824,0.99641145009933818,-37.026994946421141,0.56837801130275678,-1.2758016918044102,,0.1642819253667737,0.35,False,2
0.21571176223302679,0.97543201757054154,0.044730467609733621,-0.97413178011814483,0.21181265207887931,0.078757065607900412,0.067347684430703728,-0.060562195448769104,0.99588980810341077,-25.713478076456418,2.6555120053642094,-1.3453800827470748,,0.1163888565935534,0.4418604651162791,False,3
-0.80450368181719911,0.59367775163190228,0.017903998432215767,-0.59302580068022182,-0.80456882120600803,0.031454914890323864,0.033079082063342376,0.014688061834870012,0.99934480294309957,-17.96614460140518,5.2116386117669,-1.5211829254362206,,0.1066472971114889,0.421875,False,3
-0.0038371067158762232,0.99613393968752251,0.087763607575505997,-0.99753282767301232,-0.0099649198607735211,0.069490705039266826,0.070096607098610708,-0.087280436380581902,0.99371454205847243,11.815628487489976,4.7715775986216586,-1.5558965159929066,0.2957762461637736,0.2153134665024813,0.4,True,5
0.65445649492055591,-0.73588472605551114,-0.17366740112786408,0.75609299841382349,0.63791764768843295,0.14623423852590506,0.0031739574500786712,-0.22701265322854325,0.97388663676438403,-3.9379146199279802,14.492578589187733,-1.9769057471081177,,0.2556272456904966,0.1851851851851852,False,4
-0.086046912839777112,0.96678518448659023,0.24067059614330411,-0.99395949567348063,-0.099820137899079314,0.04561207110326361,0.068120846671662447,-0.23529204645937032,0.96953452910234073,-8.9922825667921629,-17.121698148331411,-0.63709233296385881,,0.1556483631408385,0.2,False,3
0.90258471004340768,0.42288859414719893,0.080660263674657812,-0.42862890559981004,0.86521646315052692,0.26014944393099254,0.040225644558776613,-0.269380230962669,0.96219342581745615,4.9450088004541213,-16.914175352127657,-0.7511792146509354,,0.3237907618560149,0.3666666666666666,False,5
-0.083452077393145363,0.99171878869365782,0.097619644184721258,-0.99443551212868164,-0.089198059310693925,0.056051034179325908,0.064294346533225535,-0.092398865616354006,0.99364414487112829,-1.2668415913651065,-14.228434350361065,-0.84696788296930048,0.2187223035455398,0.190902695643281,0.4090909090909091,True,5
-0.99998025473445507,-0.0042082456613751068,-0.004666991500663584,0.004253579124448164,-0.99994345354156478,-0.0097466293661396392,-0.0046257113880795904,-0.0097662883339758397,0.99994160949844069,9.9117782585259651,-7.9637915099045813,-1.0738721877513493,0.1134268214821476,0.09309079173873618,0.2916666666666667,True,5
0.60444815480017366,0.782246794872277,0.15077261047920998,-0.79397562415774825,0.57605677137094102,0.19432268112858742,0.065154711280002789,-0.2371677635551209,0.96928133971942465,-8.0282652287332397,-13.897626702546956,-0.86732369431344414,,0.3179724001450683,0.1111111111111111,False,4
0.24316761885866053,-0.94848061980866605,-0.20311086378128004,0.96714772140815186,0.22107928401234656,0.12549595673012104,-0.074126878482972114,-0.22695476207375961,0.97108019332000295,24.823552801558293,-0.08516805570908087,-1.1759076464588476,,0.4950151515807867,0.6216216216216216,False,5
0.91771371386126877,0.3800795003588367,0.11550373499560451,-0.39609033321646986,0.85338853900679246,0.33888117301543735,0.030232223262997182,-0.35674581272781591,0.93371218144444645,-7.9075474189572432,-36.351613587219056,0.80999998034565468,,0.3646556337110603,0.4285714285714285,False,2
-0.60812867398767667,0.79134133483203994,0.06291587764814327,-0.7936003021799598,-0.60797510840338576,-0.023766109100336344,0.019444183034199959,-0.064382911926517905,0.997735818941064,-15.934460848695249,-21.612637904941586,-0.23119872940270431,,0.3513637163966749,0.358974358974359,False,5
-0.78454777135184361,0.61233511143218633,0.097624309340379675,-0.61939051860390859,-0.78127598584334079,-0.077221884256320705,0.028985857421082877,-0.1210518287835726,0.99222289573347211,19.329080439848632,-16.19578719350336,-0.7153919709490163,,0.4188612562795938,0.3846153846153846,False,6
-0.99994387277551,-0.0042671228208282543,-0.0096975750343299642,0.0038333564351005541,-0.99901020781406291,0.044316024886543272,-0.0098770783714602108,0.044276363289403251,0.99897049354658563,-14.915599525550864,15.585715317588809,-1.8611289388766143,,0.08903490481888558,0.5882352941176471,False,1
-0.99776203882676762,0.06686428350793816,-0.00028542463396735544,-0.066862103511426046,-0.99767233909415742,0.013392644265409037,0.000610729300877964,0.013381756138957186,0.99991027378078212,5.3378007379761261,-22.351738540584762,-0.35399085596506774,0.1901609337243763,0.1457418466401106,0.3529411764705883,True,5
0.95274261112308078,0.30327924205498896,0.017413164242215604,-0.30160826926960782,0.93754003956002241,0.17335260635475055,0.036248708371013606,-0.17041236915301855,0.9847058726244553,2.742434185040501,6.8380272981209709,-1.6690693874064955,,0.0842476420020363,0.3333333333333333,False,5
