axis_00,axis_01,axis_02,axis_10,axis_11,axis_12,axis_20,axis_21,axis_22,location_x,location_y,location_z,dbh,dbh_approximation,score,reconstructed,number_clusters
0.85307216182790691,0.51673347264101332,0.072487274515061192,-0.51936143722237649,0.82746819665754279,0.21344807576228658,0.050314851093590476,-0.21973370650101559,0.97426152237823516,9.3788679397493446,8.6341486813659927,-1.9542360716229317,,0.1867385820354337,0.3529411764705883,False,2
0.37928565745784376,0.8825340442945997,0.27798570234418457,-0.92300956378839261,0.3398440767860394,0.18044209217531881,0.064774494995584908,-0.32502255942390018,0.9434853473497109,-21.865464069481057,4.7356833626465464,-1.6388649991984159,,0.276673375922612,0.35,False,1
0.55604588872230631,-0.82600519683027529,-0.092349252538384427,0.83071886474878298,0.54873029624026315,0.093814869496076495,-0.026816737040758695,-0.12888163871339847,0.99129732462921294,19.177408509388219,10.526383027250427,-1.7800019466916106,0.8783279532477155,0.7687425594798345,0.9375,True,5
0.73639224720456087,0.67510811227309075,0.044220979185033746,-0.67380485912504573,0.7259435059348297,0.13781523141702143,0.06093824805896992,-0.13128237861234016,0.98947029616325111,11.212599519641119,-9.7115962553502673,-0.65739230758153311,,0.3032208969979348,0.12,False,5
0.88427710805756154,0.4669623003579127,0.00045410329418106576,-0.46431456307422031,0.87915889426520832,0.10719899790376555,0.049658661707211033,-0.095004466625638648,0.99423748100673937,-7.1100239180470641,-17.960319680630274,0.24699187459113678,,0.07850877264014954,0.2173913043478261,False,1
0.95076580486836704,0.30872623783473274,0.027064633110714421,-0.30486180679117336,0.91600554283836766,0.26075491222488512,0.055710529103813522,-0.25616782694514589,0.96502558587074483,-12.009858596159221,19.858993028645283,-2.9029333887684272,,0.3948728717357344,0.1785714285714286,False,6
-0.29382909359943676,0.93618550701493086,0.19292786270969642,-0.9508740895715494,-0.30686564660354759,0.040889371676081331,0.097482970492345569,-0.17143561878963393,0.98036059645122664,16.773727381540329,11.217450422903672,-1.9061998267237596,,0.2433586526849382,0.5238095238095238,False,5
-0.53757488445598722,0.84274190416881456,0.028272363892188439,-0.84246049490094821,-0.53821027018833512,0.024290318957319937,0.035686946260237336,-0.010760484269752398,0.99930508546934693,-4.7289398588957319,21.747770932200932,-3.4561993158863471,0.2507522248998487,0.2137190728549812,0.3174603174603174,True,5
0.98192584282635498,0.18898332370749032,-0.010341303120114236,-0.18665224582755194,0.97596791818609319,0.11246137914428264,0.03134610529688403,-0.10849850704951122,0.993602282430321,0.044454607092538075,13.840015529996467,-2.6596040226180673,0.234871196973753,0.2048843524201008,0.5510204081632653,True,5
-0.25355129637970109,-0.96445110614784313,-0.074470154789522292,0.96424376999791062,-0.2581311478437302,0.060018851480974446,-0.077108314236468564,-0.056589525206355115,0.99541545774240892,-1.1307304734587051,7.2122318019939069,-2.0377926874549268,,0.3604905343887807,0.5671378091872792,True,5
0.90142950326734284,0.42478302008079699,0.083571744568531892,-0.43026743834884951,0.85768312324929696,0.28151303982240244,0.047903884350954898,-0.28972236010423474,0.9559111736556497,16.239013847447193,5.7053188975938296,-1.4943329745070131,,0.3980023047677733,0.2888888888888889,False,2
0.96573231439399321,0.2570949593356236,0.035542633828075765,-0.25774601101410299,0.93394639578460881,0.24761083095708514,0.030464581755548281,-0.248286752939327,0.9682074145415881,-8.4338197729766371,-20.070480226172165,0.38378933995639997,0.5582834169700922,0.3639675135993859,0.6349206349206349,True,3
0.91757899816123423,-0.39419184045379252,-0.051590455057871597,0.39755317719498678,0.9099836801336566,0.11781839072309058,0.00050342387489292137,-0.12861763024585432,0.99169413215685798,-7.8319389634475449,14.318825268087373,-2.7369455746115467,0.3292008420814994,0.2623678443951804,0.6683417085427136,True,5
0.94451008901708355,-0.30459564642296894,-0.12297228925703164,0.3284812644456595,0.87483622730729416,0.35603600140845482,-0.00086640240189449907,-0.37667368845051324,0.92634560601104177,-15.818538822448835,-0.67562094295288877,-1.2509492221837069,,0.52944185429394,0.2363636363636364,False,2
-0.30867304043012933,0.94893830899537002,0.065092548211194853,-0.94983746570933125,-0.31113727436181171,0.031660468056826221,0.050296549051542627,-0.052054608092942226,0.99737684699906448,-1.5909804037263442,10.196676555496717,-2.4393842057158581,0.1430702272724071,0.1702770225270223,0.2413793103448276,True,5
0.82295535006793752,-0.56138642010734119,-0.087119338344719258,0.56800358920782545,0.81016218791078232,0.14494534116914989,-0.010789552427488806,-0.16876764085178586,0.98559680851742648,-14.063588628742608,-16.160157352230012,0.024534214981235501,0.8251598074713277,0.5689235937624728,0.5569620253164557,True,3
-0.85195443823320238,-0.5174163273553809,-0.080336662619377025,0.52102687748770393,-0.85294315624588879,-0.031921233508688238,-0.052006039170113538,-0.069052997033962477,0.99625652092744976,1.9032148103005637,6.6805688108996328,-1.9305924355295088,0.1931970261921315,0.1309734112155855,0.335195530726257,True,5
-0.98079352663551811,-0.17409708453083217,-0.087944660257047627,0.18523671402352063,-0.97260675334050173,-0.14044024755822956,-0.061085332835564485,-0.15403346556613151,0.98617557949791868,26.538056694700437,-5.2747103606071466,-0.52522112895525208,,0.266072375273875,0.1785714285714286,False,4
0.079962638057809135,0.9834644207884975,0.16249218306731736,-0.99417336237029152,0.066863778207693361,0.084549161540154266,0.072286250893143875,-0.16830617400125034,0.98308073408285013,6.5000659615724583,-8.0652941996050878,-0.71952882145146513,,0.3552386627228164,0.3714285714285714,False,5
0.8807910962524228,0.46691942180349211,0.078697511429190223,-0.47195916828600698,0.85228607581582361,0.22552824311213043,0.038230723681817916,-0.2357852805269155,0.97105288900945452,4.0964252328807298,5.9342115417157686,-1.8357917798986236,,0.6046578903701253,0.5142857142857142,False,5
-0.66348008417871107,-0.73577870986508964,-0.13573454979287503,0.74607711538759969,-0.66426157817769937,-0.046103076380977048,-0.056241584198247707,-0.13185691436605085,0.98967198522577926,13.234747550194912,-6.1881913578986829,-0.83407784679436614,0.1274405566461693,0.2925125482831323,0.125,True,5
-0.6024796873243452,0.78641983332408516,0.13624269564302272,-0.79744917366545076,-0.60019842833842774,-0.06194079463786864,0.033061182402458991,-0.14596469564452663,0.98873720767631257,-15.37444558931641,-21.367993259841025,0.370225125868829,,0.2046148404250788,0.2666666666666667,False,1
-0.93364307740693764,-0.356488485777885,-0.035022328847384356,0.35729524033856497,-0.93377347056103543,-0.020179616146167929,-0.025509120751425619,-0.031353870322341396,0.99918277585950177,7.6576654154404764,-2.1593738101383448,-1.1135194754555353,0.1739529983072103,0.1476581764698223,0.2083333333333333,True,5
-0.53622728217208127,0.80980017891563616,0.23808396015386324,-0.84023104302052265,-0.53899573199016337,-0.059121867705883333,0.080449339332197459,-0.23174829260340021,0.96944346543592785,23.257210789066761,9.8531649892750668,-1.6167648100848273,,0.4399038264600467,0.32,False,3
-0.72764166414445175,0.68591610276099335,0.0075305095620546471,-0.68556297805263955,-0.7275516577760428,0.025922738877837165,0.023259658739748133,0.013699826294635464,0.99963558511830097,-15.010904727039383,-20.502213407553814,0.31107641697312149,,0.1036503776974901,0.2105263157894737,False,1
-0.99970138205302816,0.0060431502250133688,-0.02367756441492367,-0.0058984273040338653,-0.99996352397776656,-0.0061773189415175803,-0.023714031217909076,-0.0060358138907794364,0.99970056200547941,-0.63901771570207988,-7.4584168727767217,-0.61031198922584295,,0.06995181368047344,0.253968253968254,False,5
0.99766045239990708,0.061730537839407865,-0.029376221936645595,-0.05652572759650696,0.98654522710082393,0.15340585713808286,0.038450797610701457,-0.15138644451416983,0.98772652114867288,12.192305995851115,6.937248752872347,-1.7162230355167607,,0.1468892555356211,0.1935483870967742,False,5
0.41664355609313003,-0.86767738645606862,-0.2711901550551501,0.90814281713824729,0.38379757158409478,0.16726041888731125,-0.04104596017000875,-0.31596736711077811,0.94788177114807115,12.396036994295381,1.1367088646640879,-1.2740872132625778,,0.1078538828593862,0.1794871794871795,False,5
0.91921595249389598,-0.38921987348164133,-0.059581228316267713,0.39374314536226279,0.9074954037841807,0.1463503590389143,-0.0028927773802901631,-0.15798728492357358,0.98743690919547167,-0.77608952569053269,18.939190937621891,-3.0395258755618744,,0.09086042764221926,0.125,False,4
0.14039227020645526,0.98283521627959924,0.11968687524917954,-0.98875844777974731,0.13289318249371265,0.068528344434101704,0.051446500468581756,-0.12796225883958029,0.99044379845714114,-5.1767611830475664,12.365997286624205,-2.7884244081314313,0.1428255435725498,0.1786510847712476,0.2115384615384615,True,2
-0.90698970432574877,0.41771399181041391,0.053709378072169599,-0.42030733143401672,-0.90585474353292317,-0.052620630571254982,0.026672521251377961,-0.070300815533751379,0.99716917919948933,29.336512624151712,-0.44785534115861941,-0.74392863884671501,,0.3293934168857344,0.3846153846153846,False,4
-0.90993561457115646,0.41468688402336529,0.0072087137551875187,-0.41474553540394027,-0.90986572296512014,-0.011423967597050437,0.0018215920265075569,-0.013384856822232028,0.99990875954275826,-14.341880182050939,-3.4253081961415628,-1.0098346771109117,,0.1030955807639312,0.2093023255813954,False,6
-0.30920502456124194,-0.94411484918142485,-0.11419021123203972,0.94931221558000367,-0.31356543632167466,0.021978045749858295,-0.056555902757068663,-0.10160644024634322,0.99321576767779907,13.823507514717669,15.649672592452767,-2.3278644635433299,0.6733632316038918,0.5448002372042987,0.3478260869565217,True,5
0.85085569967105412,-0.52353105894749163,-0.044269726163585141,0.5251831596989377,0.84506347815815963,0.10025151695547233,-0.015074054063882299,-0.10854928926783133,0.99397677271329021,8.0160582883946834,4.6732918235564371,-1.6542396770843224,,0.07404096366571712,0.125,False,3
-0.98126938074971304,0.19197707040483564,-0.015975194579499401,-0.19160475296947946,-0.98121948323446662,-0.022269808274711443,-0.019950464720922934,-0.018791757764096549,0.99962435384376036,4.3840478945594867,11.979526108758439,-2.3590134474902698,0.2062485723957437,0.2645397613155884,0.740506329113924,True,5
-0.95089008982422341,-0.29752349395635175,-0.085368657117734961,0.30656633522662058,-0.94332804428902928,-0.12707982909791404,-0.042721413597866208,-0.14701010646156434,0.98821197595372234,-19.424347501134559,2.3437019049481824,-1.4934255392803166,,0.1569924854325904,0.4,False,2
-0.81982331047222923,0.57261494082848652,0.0013671672694676798,-0.5723842141589498,-0.8195563138682318,0.026528471127386245,0.016311069492684717,0.02096611405826268,0.99964712327565852,6.2530320609088186,-2.2850627453821035,-1.0937606705103529,,0.07087871451569269,0.2777777777777778,False,4
0.97167941323200957,-0.23315157702538333,-0.038463749578999645,0.23607082958507741,0.96499266925067051,0.11427909568893477,0.010472884994718389,-0.12012281391577581,0.9927037968381327,-16.479112326584875,-4.8980765597348892,-0.88242001584475005,,0.09670354798548639,0.1578947368421053,False,5
-0.94084396484744748,-0.33748153922321539,-0.030312447833618542,0.33589207923320225,-0.94069380226160093,0.047662159991021441,-0.044599830924936121,0.034660944449663861,0.99840346253973189,0.77966401180685929,-12.774190788771849,-0.17969654971403695,0.4231035640780839,0.3874809984692328,0.8649789029535865,True,5
-0.90905264416299025,-0.39430314248440435,-0.13471570794528473,0.41269914331054641,-0.89660112923794089,-0.1605796754262207,-0.057469185230146505,-0.20157243580453355,0.97778619640124298,9.800668823623079,-7.7177346578062904,-0.76248786328606311,,0.5424953907390047,0.2413793103448276,False,5
-0.48531320599100541,0.87433804312729579,-0.002019512580541151,-0.8733162987721107,-0.484631728503225,0.049504848519690406,0.042305252507377655,0.025789029999351974,0.99877184158444277,25.994458561673621,1.3322061878030211,-0.92885940019616708,0.593366230442983,0.4949488145194495,0.96,True,5
0.26667705432986738,-0.94299675949912154,-0.19909912171604841,0.96234742315303468,0.24925267941942936,0.10844601861271827,-0.052638254574594534,-0.22052259153291315,0.97396047187704138,14.517070748757464,0.35337061044698115,-1.1693348566094532,,0.07249609435856659,0.2857142857142857,False,5
-0.2677317216497484,-0.94778634229738756,-0.1732650414163264,0.96235960366815398,-0.27177904504976202,-0.00037934089252073672,-0.046730273379630601,-0.16684483817720885,0.98487516037490042,-1.5546884619213917,-2.0919631968787269,-1.1700180787036065,,0.6048973009900277,0.2655786350148368,True,2
0.39616011666394474,-0.90383866976493654,-0.16165649075233834,0.9164162547065402,0.37831010360351175,0.1306243224715026,-0.05690703009689177,-0.1998927826337194,0.97816382338364016,-5.2864561798416636,20.524228498687961,-3.4264449927425966,,0.1202281584614289,0.2631578947368421,False,3
0.66780239747287917,-0.727673260062349,-0.15662561897629923,0.74408017686806283,0.64707960607457815,0.16623078473725048,-0.019612453224106978,-0.22755133485128845,0.97356856034176142,-10.288761230557883,-4.8988479420929751,-0.83259932520136115,0.5407559363976076,0.2631806294618117,0.2037037037037037,True,3
0.75272974020186934,-0.63705042033402981,-0.16602620325678338,0.65793753233342711,0.71926223427485081,0.22311441435494705,-0.022718753544755353,-0.27717972562614751,0.96054945626926824,-1.0400907323506738,2.2316917906695437,-1.5285436844642515,0.4696455619663533,0.3869680528775546,0.7606961566352429,True,5
-0.53472136696327111,0.84469247975907746,0.0238259176401057,-0.84331296509847919,-0.53521936459096642,0.048615580461974305,0.053817307715486061,0.005903084389070095,0.99853334996130871,-9.7661262492794023,-3.2301593865813665,-1.0075569196364171,0.2201992400815641,0.2518043935613069,0.4869565217391305,True,5
-0.3842277985367058,0.92044490644244381,0.071764706059437341,-0.92289731657992813,-0.38503625800016,-0.0027609916338152338,0.025090673191531743,-0.067292304384641066,0.99741776798360704,-19.087803958026022,1.0664008930643119,-1.3855720105234675,,0.1664608610832232,0.4,False,3
-0.70547267696357907,-0.70165595613340814,-0.099936085976758293,0.70213318183382145,-0.71112052284198179,0.03628494124096357,-0.096526146850246464,-0.044570407396150882,0.9943320279256751,1.2094096659775226,3.6138378928072954,-1.6218875691771026,0.6451248363851376,0.4676240727343724,0.7756563245823389,True,3
-0.092938373419611892,-0.98503754023957957,-0.14513270845979942,0.99342867882197627,-0.10151757511592906,0.052854914971133704,-0.066797596065583539,-0.13926674499442451,0.98799942049503164,-5.2710789762484431,18.779146774613388,-3.2992048955253663,,0.234266867553265,0.15,False,4
0.150604535549409,0.97851650076965191,0.14079677408756042,-0.98580560400939066,0.13795929537746907,0.095679380864601177,0.074199629214895771,-0.15320799763872942,0.98540434567942925,17.87911702497605,14.782516930883753,-2.1525014031296603,,0.607288447071182,0.4642857142857143,False,2
0.85503805542999067,-0.50490710024552143,-0.11823173807467929,0.51774816003834367,0.81841189534000069,0.24927657800703545,-0.029099253313617943,-0.27435522536967855,0.96118803767470129,-14.981681952055112,-7.7910107796501666,-0.63733063750913277,,0.3841991531897412,0.1794871794871795,False,5
0.55359914882385208,-0.82851919372272409,-0.084166074249378664,0.83208549137773524,0.54616667850712386,0.096621396839244603,-0.034083976589847215,-0.12352289229750676,0.99175620876215309,7.6140670313775471,5.7354851545194254,-1.7375976699476576,,0.07601749275515657,0.3428571428571429,False,5
-0.96227684854131046,0.27184193368156051,-0.011190614535150909,-0.27197266860804409,-0.96222320149488927,0.012545040260794935,-0.0073576009421006377,0.015115343105470583,0.99985868607077699,13.200361101137002,-11.973733627595784,-0.45708909915920404,,0.6999792203356061,0.2307692307692308,False,1
0.99321772718186374,0.11609147972202696,-0.0064276549101203763,-0.11227075279201401,0.97196728469135019,0.20657898140236514,0.030229529920392378,-0.20445626873655504,0.97840881521740097,22.382072708488767,-6.2961876712176528,-0.59331681978080175,,0.2915639359488362,0.1578947368421053,False,4
-0.14900016098713573,0.97979838437923006,0.13339444513793136,-0.98684315224273544,-0.1559031692694991,0.042834503421251342,0.062765794007778569,-0.12525704682601646,0.99013692352269955,16.17669140274727,0.70775881809138064,-1.150587926540261,0.1371494142008309,0.2659385756337106,0.2,True,5
-0.45387175019816817,0.88925657107095946,0.056773102603011258,-0.89015698510491958,-0.45536578428252628,0.016203221089664946,0.04026134921947265,-0.043182789533334626,0.99825561378193517,9.644920219048041,-2.7374315264728977,-1.0670300962460422,,0.120916212405443,0.3023255813953488,False,5
-0.39088143089439814,-0.90223568439366575,-0.18216057967804505,0.91917814963984612,-0.39298807095995542,-0.025921136314627939,-0.048199960649532379,-0.17757011541885767,0.98292706642126659,-5.7753676395515585,17.128307826630948,-3.1051840846564365,,0.2383514419746371,0.4266666666666667,False,5
-0.73034028757929903,0.68241112623337186,0.030300480713833393,-0.68240858222613754,-0.7308718876984851,0.012033730766778078,0.030357721302837135,-0.011888589695836872,0.99946839379359309,-0.88318252806265596,-13.395514671938152,-0.089922531591800803,,0.1370297433874768,0.2727272727272727,False,5
-0.11655124476481789,-0.98420689726309574,-0.13323884840211864,0.98997654623279796,-0.12589859534568593,0.063999856241748851,-0.079763683796279322,-0.12444407205541949,0.98901538293269908,0.6101878179805299,15.731671694357699,-2.7801007815283048,0.2199321886932272,0.3039915730136279,0.4814814814814815,True,5
0.38752813596835378,0.92083418543829332,0.043432093676093013,-0.91952610080564479,0.38276979213713658,0.089213430404066818,0.065526283047805944,-0.074509658135633761,0.99506513207651415,-12.61426547431828,-0.43556807302499606,-1.2827423719545621,,0.0733435267547104,0.2553191489361702,False,4
-0.3214835388373451,-0.93266706646178577,-0.16364741792702966,0.94470532109101457,-0.32770733596292279,0.011821939705758948,-0.064654393191336257,-0.15079802748594087,0.98644805456111528,3.0211736402074933,6.6528471882692513,-1.9436463845655061,,0.213605801359545,0.2253521126760563,False,1
-0.97437080090864558,-0.21956920925725626,-0.048896878047470102,0.2217752998937092,-0.97403767853381606,-0.045456761361878428,-0.037646496433285458,-0.055135860767730353,0.99776890017864406,10.947820849552686,13.407937165323197,-2.2502331363254031,0.1698153203031429,0.1712201166330609,0.6875,True,5
0.16729868681214052,-0.98232018765458395,-0.084013084202372509,0.98441820915540679,0.16175849820216601,0.068956346645107164,-0.054147381046488363,-0.094240316137211205,0.99407586427805583,2.7574852873455766,11.755560280905046,-2.3940280264706759,0.167638359116534,0.1276665609324415,0.574468085106383,True,5
-0.71679579538081262,0.68987051509545094,0.10140246607614958,-0.69692045384917223,-0.71349674584841738,-0.072279144089993752,0.022487079202314922,-0.12247883925664685,0.99221633991952185,36.776639814602248,-4.2794850499335357,-0.29706955355637621,,0.2195358999680297,0.3333333333333333,False,3
-0.16160453212055451,0.98306799116797672,0.086378816494877969,-0.98542626218469409,-0.16546037113621689,0.039470842151747079,0.053094792539375983,-0.078741287292147799,0.99548016187203658,-14.956933524304473,12.726301210821532,-2.3903514291047556,,0.1354289487599614,0.2666666666666667,False,6
0.082032154625609519,0.99594195710392974,0.037018153485472882,-0.99540799653263756,0.08003650946939378,0.052507881225923966,0.049331998199547894,-0.041155500628100375,0.99793415550410436,0.87692043722661617,-18.836160617201905,0.40134608082994999,,0.1015167236663713,0.1578947368421053,False,3
-0.61383198181449039,0.77160523077078824,0.16684024079596046,-0.7887772412787456,-0.60810240062032184,-0.089676830901260565,0.032260839145735999,-0.18664629170428293,0.98189734700255349,1.7772824575170032,26.436878045824422,-3.3075357431690979,,0.1046425097482222,0.25,False,1
-0.47971677998675877,0.87638626553512766,0.042648852042318025,-0.87666758531330757,-0.4807540791919086,0.01815103857286874,0.036410930502657084,-0.028681508358731414,0.99892523004386946,11.979988620488587,-8.2693847896654624,-0.72666992504428218,0.2459407602279754,0.2346625686178058,0.851063829787234,True,5
-0.67347407837957385,0.73850607240522548,0.032271454435637253,-0.73884120179329615,-0.67387597122536458,0.0022031653839928722,0.023374008715261883,-0.022359705402341411,0.99947671273066629,14.184244164485026,-2.5468033827590242,-1.0014326546059937,,0.09984105804617782,0.3666666666666666,False,5
-0.27030739626010875,0.96167840136617644,0.045919101394492449,-0.9614436486671315,-0.27213316725966269,0.039618805066025158,0.050596659620134037,-0.033439372347902646,0.99815919893184579,-6.9758642919342524,3.2963503019912248,-1.7104189217843651,0.5885775063728794,0.4550460253999028,0.9931972789115646,True,5
-0.30295577702778909,0.94736346153374784,0.10353873147900935,-0.95162687939044044,-0.30656694190809802,0.020566782702390152,0.051225770732112402,-0.092299414298850191,0.99441276064468764,-8.4973353991749274,-3.4962530638659288,-0.99197042171778427,0.1478005649024426,0.2340110227054419,0.2580645161290323,True,5
0.94420179482263922,0.3287240380556854,-0.02057856793049383,-0.32201530381050109,0.93444902101673799,0.15202358775101257,0.069203430301802121,-0.13691433060576017,0.98816261379857906,-3.8583748550903425,-13.916817774038197,-0.025585192961687899,0.6744806394642601,0.616924518168379,0.7962962962962963,True,5
0.64344476137714168,-0.75247643849291557,-0.14056332583334485,0.76464916995534149,0.62318983318240206,0.16415260797409714,-0.035923334240026625,-0.21310476609195769,0.97636871760927058,-10.108012587690869,26.664993887013924,-3.20170834109088,,0.2413024492162654,0.2105263157894737,False,2
0.51824806545841651,0.84849159561690446,0.10714921752438776,-0.85424808843402356,0.50757103850997487,0.11239147775842501,0.040977384682603188,-0.14977868016972595,0.98787003239858873,15.60683445526532,4.6953445008062111,-1.4486373887910213,,0.2996026044668219,0.2173913043478261,False,5
-0.99690837576084168,-0.059360829867926929,-0.051477977964107705,0.066817599062918967,-0.98518863066736961,-0.15792013949848838,-0.041341248086495211,-0.16087154465953893,0.98610914574681163,6.1086810613855347,16.482908382955536,-2.6476367017776399,,0.3817205354229213,0.4084507042253521,False,5
0.18085062636889174,0.98008018957791321,0.082072364038698623,-0.98139882083168262,0.17436735290344127,0.080326712316818899,0.064415878571682919,-0.095072857527097862,0.99338398736312927,7.6150247998297589,-8.1645524393182765,-0.73500042904789131,,0.0747928268753201,0.3571428571428572,False,6
-0.97746160323703679,-0.20874725204636149,-0.031518232189912225,0.2073313059225014,-0.9773249750278078,0.043007240917871684,-0.039781198847628117,0.035503210418081188,0.99857747734878211,-9.7291228616324812,-7.0620364690656841,-0.59589746576615477,0.09186456448794221,0.08698632025926303,0.5263157894736842,True,5
0.98343763937829098,-0.16232212489199074,-0.080634590744951773,0.1753926599084607,0.96446257503445165,0.19760909950746641,0.045692716096680533,-0.20847894169067963,0.97695890730738755,13.040249298694432,9.4127308306793331,-1.8921696363390144,,0.2691824565110339,0.3333333333333333,False,4
-0.76027012558555906,0.63640250111732111,0.13031190549499649,-0.64944802076364727,-0.74907243002152424,-0.13079664715821304,0.014373742320625712,-0.18407159246680949,0.9828077352048229,-20.176787532228538,-2.4014665386788829,-1.1142045719737013,,0.4196684459858859,0.2631578947368421,False,4
-0.60052849785617823,0.79936734836756018,0.019425900916503966,-0.79874243618164764,-0.60083192619478709,0.031804356740357718,0.037095065779807854,0.0035831311554973787,0.99930531734095851,12.91685064839562,4.0815691548022697,-1.470569077422375,,0.1344948703147724,0.2903225806451613,False,5
-0.87945833115452154,0.47580455191847404,-0.012769970108163994,-0.47591868003118598,-0.87862015489671497,0.039090067877213461,0.0073792791163187973,0.040455553177926269,0.99915408944606265,-12.523740926623805,-1.5020183956186492,-1.1758472455669922,0.6191680168963338,0.5463003404173336,0.7897435897435897,True,5
-0.67205170422953875,0.73875419697897626,0.05087969426127821,-0.73843520553045205,-0.67372284091065282,0.028477725830525533,0.05531685164009114,-0.018432853312167263,0.99829869069502475,8.1012980884330226,31.007969914544528,-3.207431691122411,,0.1763828762573916,0.6190476190476191,False,2
0.90331542611681737,0.42427165976013781,0.063362446794375887,-0.42858903306455814,0.88631904241472681,0.17535676716291382,0.018239563486536207,-0.18555892265644117,0.98246384388760144,-8.8598329422698612,-4.4838113684010272,-0.8666966455411903,0.5608280515177912,0.3207974075260835,0.68,True,5
-0.7752171335870085,-0.61166355032534614,-0.15781665627092598,0.62912950838216497,-0.77007885875048232,-0.10571004204128712,-0.056872290932916569,-0.18123535115685346,0.98179391422797813,11.922431721078217,-13.880972238306374,-0.30396174857787539,,0.2335183192945139,0.35,False,1
-0.24524820260017169,-0.95793532974211748,-0.1490410116486289,0.9681853132214745,-0.24989602977451017,0.013006673870484084,-0.049704309507539256,-0.14110945515733042,0.9887454694114054,4.9401162059265697,-1.6227559276917336,-1.1650969062063909,0.6893618423905692,0.5213959260898101,0.2603550295857988,True,5
-0.8200397197998881,0.56778499715691078,0.071798711367606335,-0.57212198392321179,-0.81648480004824397,-0.077646679271867053,0.014535936925081011,-0.10475098230425851,0.99439224566767614,24.10766028415421,-2.442513136513099,-0.76843155400447949,,0.1015517828567548,0.3333333333333333,False,5
0.85853802365897047,0.50900790234840321,0.061833787516420505,-0.51064692499029984,0.83786627695597271,0.19292438917328811,0.046391593308472513,-0.19720815725221272,0.97926337763825633,-21.853969412541637,6.6085144280726178,-1.7744032695810714,,0.4455887741698097,0.2666666666666667,False,3
-0.83202013178092216,-0.53181857405498678,-0.15783378789529934,0.54849027176711995,-0.83124551416019143,-0.090494844965833876,-0.083071788761821891,-0.16186383005069385,0.98331031644808453,4.3128652592125665,2.2454984091757848,-1.4778682303945945,,0.1135817665229549,0.2747252747252747,False,4
0.90817279706395337,0.41854359579528755,0.0065900752489417014,-0.41691314104314742,0.90300071107171231,0.10379377933922056,0.037491378990009573,-0.097010175872085658,0.9945770067112425,29.417098535028796,-1.3011272163872782,-0.67561653378305631,,0.1278816341326523,0.4117647058823529,False,3
-0.11604242941120756,0.9922338273744401,0.044790472091894129,-0.99215657436596461,-0.11790726888730113,0.041511539190105515,0.04647027564733059,-0.039622061498709615,0.99813356106477724,16.971889099510449,-5.0346021658818998,-0.81405088271184189,,0.1199956167340936,0.1923076923076923,False,5
0.75298609097552993,0.65790754978157018,0.01302316159008628,-0.64559218468664503,0.73477084453171104,0.20814066661198258,0.12736827654057151,-0.16513467826766873,0.97801219837204356,-17.76449414868333,-18.649925801195675,0.13356746111074858,,0.3485379308750127,0.1538461538461539,True,2
-0.57866474889589703,0.81375748075209797,0.054275877747361007,-0.81495439780974022,-0.57952507321891267,0.0001378447558592899,0.03156640422682308,-0.044152599364159717,0.99852596866259624,-19.573733294573721,10.119660123016853,-2.044878429603783,,0.2053681628815168,0.3235294117647059,False,5
-0.2463813494824762,-0.94438698702216151,-0.21778303278813746,0.96117539726162449,-0.2669075121075602,0.070015967318259723,-0.12425009587985432,-0.19207706454378556,0.97348257043980524,22.435930723699887,1.6533502936612714,-1.0591808341703606,,0.4238131096967629,0.4166666666666667,False,3
-0.81406263240905397,-0.57899351369570784,-0.045481222647797526,0.58067138172424204,-0.81290898518290466,-0.044718321249334149,-0.011080476600773478,-0.062813158710551167,0.99796379199402907,-11.489808871826423,17.835638694792983,-2.8899424464799726,0.2548567097676342,0.2194112078446599,0.4857142857142857,True,5
0.85251041284210782,0.5207964496273646,0.044688410704683129,-0.52012292972277174,0.83668901537873563,0.17153317323818743,0.051943565264421843,-0.16947728343377819,0.98416427309038546,16.701352164528199,15.297200200000372,-2.2108529485027812,0.2354489676998756,0.2166386316671801,0.6956521739130435,True,5
0.87034398879258457,-0.47408247323734898,-0.13321842868677206,0.49223973663216636,0.82974766068576711,0.26309477620582555,-0.014190942636401783,-0.29455836120479811,0.95552812046084479,-7.4900343801321032,10.496198493375749,-2.471085864718606,0.5053448856272873,0.4395842539131082,0.3310344827586207,True,5
-0.98289603924786806,0.1835752839114651,-0.014679617422764954,-0.18300737290767155,-0.98253868414215673,-0.033556454306612978,-0.020583427612672352,-0.03029602780934202,0.99932901149055486,0.7029297461027747,-16.740329128424644,0.16547338092389327,,0.1218154156817019,0.3333333333333333,False,3
0.29608680238505852,-0.95202711065067946,-0.077310969723005676,0.95369450910806775,0.2901786923707404,0.079139811669790644,-0.052909250141294002,-0.097163301097314608,0.99386110909390102,13.704325365679694,-3.8461140218770442,-0.93445324867586133,,0.08339122247385437,0.2083333333333333,False,2
0.94829656527766704,-0.31639914611969266,-0.025004092011257983,0.31737873979598391,0.94584700626018503,0.068148193476844268,0.0020880153474294484,-0.072560465016245301,0.99736182958269148,1.8562986253240434,-8.4940505130241064,-0.55396329998789728,0.4727318865379535,0.4697877167026956,0.9407114624505929,True,5
0.58891475811243355,-0.80532154303815862,-0.068092730860301459,0.80748414557964798,0.58277123994239299,0.091362117606323678,-0.033893396331436766,-0.10878829998968328,0.99348696190260855,19.900334438493584,-9.7082650393753518,-0.45764547377360931,0.4242167516338663,0.4125802900333202,0.7922077922077922,True,5
-0.60447223953303542,0.79504153738797678,0.050222161061427899,-0.79421379568298967,-0.60634552042026624,0.039617630079244404,0.061949643911292505,-0.01593937558500684,0.99795199179380623,-1.6366797822558301,17.693175309056521,-3.031959546304607,,0.2465560276295128,0.5,False,4
-0.9971482470471057,-0.069884625610157611,-0.028487058714656302,0.070655120058515555,-0.99713527317696182,-0.027001870228233485,-0.02651843548177283,-0.02893762411867444,0.99922939632997443,6.535857033460319,-9.1302687552395927,-0.65908473397865375,0.310555945019043,0.2443940498952974,0.4459459459459459,True,5
-0.98605547175124764,0.16636905196006177,0.003993141536963965,-0.1659575703291358,-0.981268668358384,-0.097825790815167318,-0.012356839396619539,-0.097124348379143577,0.99519554333409876,-4.6670787070199617,29.172902184681956,-3.4247000219823716,,0.6012185325769364,0.6060606060606061,False,3
-0.97849237347639406,-0.20162194501292474,-0.043603512905944226,0.20235419433002561,-0.97922555498961195,-0.013041951247151448,-0.040068130547605538,-0.021584803554629835,0.99896378371286731,12.410447386541733,-2.9742498723503958,-1.0167121605470364,0.3776550839352578,0.1830913803505052,0.5714285714285714,True,5
0.97875754811648263,-0.19250323189607299,-0.070541957121829715,0.20186761101255901,0.96497782055195802,0.16753290263967563,0.03582079883382526,-0.17821422937678041,0.98333949316527847,3.6304151617787208,18.806254479863622,-2.8837996442491973,,0.1804539471436123,0.125,False,5
0.99243879181729089,0.11792993674081202,-0.034026085824638216,-0.11045155944236942,0.9789783454651968,0.17146968282170388,0.053532210051391735,-0.16641493061181453,0.9846016318067321,-21.678419389557028,1.8439876943106674,-1.4561853868229722,,0.1731810563989283,0.1875,True,5
-0.61787163051647109,0.78448754225039297,0.053046623425585054,-0.78579661575028081,-0.61844851823591251,-0.0067163209579667385,0.02753773553369139,-0.045833681346175131,0.99856945015153276,-0.47210299617146118,17.846299114721862,-2.9851079276216352,0.184923881890461,0.1770743921277537,0.6470588235294118,True,5
-0.89065541592309549,0.45230567355870349,0.046395126397794487,-0.45456017391359654,-0.88810712051745277,-0.068123349725634066,0.010391264528460484,-0.081763807108083689,0.99659756244368436,-6.7470469730504794,-13.564481997443329,-0.032820156289059439,,0.3081640274950569,0.3483146067415731,False,5
0.72965368592868207,-0.67483789876059197,-0.1104504821495897,0.68069282354824945,0.70136140726575547,0.21154067308229477,-0.065289957731639689,-0.22953428239500054,0.9711082507243014,7.6932904032410292,14.692059477351872,-2.4606879977324199,,0.08690218838151792,0.1538461538461539,False,5
0.38378455228215441,-0.90427607883206906,-0.18706734263811259,0.92227905683901013,0.36528260959324743,0.12637229302696878,-0.045942994522920617,-0.22102802623388271,0.97418471188652001,-21.936502883643929,-2.1601188951100676,-1.1556903555636293,,0.7872005205991865,0.40625,False,1
-0.077212365214996637,-0.98826487002696461,-0.13179832065885616,0.9942569725657715,-0.086148345846305929,0.063494369925949701,-0.074103462552394098,-0.12613884880770843,0.98924095530826739,-16.066040108562557,19.844405798810516,-2.8403769913751811,,0.1632346482135414,0.3125,False,3
-0.77912761418475485,-0.60598190683301489,-0.16045587993524923,0.62387771717745255,-0.77454266331056476,-0.1042125554874625,-0.061129001498654328,-0.18129972780674564,0.98152618603528718,-15.696387433336328,5.854651186922001,-1.79808242718114,0.512988047068211,0.2375115796179415,0.1724137931034483,True,3
-0.027037885577034102,-0.99909477076593034,-0.032841920950168357,0.9978624299192056,-0.028930710591933313,0.058596799745255564,-0.059493896319395702,-0.031187385475856838,0.99774136091870935,-7.9305753361563349,6.4418213982811432,-2.0176806735679831,0.4191996249481015,0.2845544574911077,0.8315789473684211,True,5
0.97185213524615111,0.23547152712561839,-0.0075224417995685307,-0.23136450887228005,0.95994930257573485,0.15801202650004276,0.044428495943341126,-0.15182389929616036,0.98740853366310521,-9.7194051359414928,13.538924927536213,-2.5804477797459828,,0.1515738481427893,0.5074626865671642,False,4
0.99924121661694565,-0.028731542434477699,-0.026296187617670799,0.030751920057714953,0.9963235038340994,0.079961210099080762,0.023902100883642703,-0.080709195121009908,0.99645106021132246,-1.2132072873207529,12.378858720030317,-2.6142814546272279,0.1983937530898135,0.1650139989212102,0.5658914728682171,True,5
-0.52759531154274386,0.84272499773961895,0.107040952083182,-0.84777513284163908,-0.53034597483323564,-0.0032359099996789389,0.0540417558324678,-0.092453908316219996,0.99424934672525667,11.911532313528641,22.567478192143803,-2.7615798956151911,0.4213691202574449,0.4098295963364921,0.5555555555555556,True,5
-0.057413401906291503,-0.99062361134103261,-0.12397000417519718,0.99266737237355085,-0.069875404110480391,0.098635266134318944,-0.10637287768288269,-0.11739799212102747,0.98737152194065958,5.0792599995564967,-3.7064986922393346,-0.98675263592113593,0.1746867732717069,0.2297821811460116,0.1219512195121951,True,2
-0.74666824731231707,-0.66300671003973843,-0.053931724409986934,0.66365036585912407,-0.74800507746272393,0.0075230303093191606,-0.0453290232699015,-0.030174600780564501,0.99851628585473262,-5.2241053443732604,-16.131783616726363,0.13414335952963621,0.5671876704366616,0.3201424060714445,0.8073394495412844,True,5
0.60356952977220157,0.79689599656838217,0.025702011280216305,-0.79487001040029115,0.59888923938887939,0.09753638044571189,0.062333693110585321,-0.07929974525491483,0.99490002568383762,-12.165896240090886,-9.6034580495698449,-0.43628660489138921,0.4615807466289058,0.4579139743547641,0.8461538461538461,True,5
0.69017496852570404,0.71922758797608444,0.079813467000546479,-0.72139372157144011,0.67514401334140162,0.15418060749190557,0.057005362009650257,-0.16398852991404336,0.98481376450513713,18.142832174769783,2.7932206781078213,-1.2500811811700121,,0.7649181957794022,0.7758620689655172,False,4
0.19290890188821899,-0.97780664006613371,-0.081733287067511179,0.97963696767479724,0.18720423360706118,0.072567117102177475,-0.05565579158730647,-0.094067792374285253,0.99400889498063261,11.33976975075721,-2.2368151799793177,-1.0733066590579718,,0.08199411899348663,0.375,False,5
-0.069582798344844973,-0.99638461180829596,-0.048743610105648982,0.99571207207915824,-0.072355514044794539,0.057638087261307695,-0.060956572166824069,-0.044523981616028205,0.99714688555434294,12.461527648450518,-5.3075852403202006,-0.88520453598800075,0.4491191988888174,0.4169927471042459,0.8823529411764706,True,5
-0.37833421518502214,-0.91216276912149108,-0.15755095762624519,0.92297391158278574,-0.38470712535127577,0.010935549438882385,-0.070585977062769367,-0.14127813111933263,0.9874503073621087,5.7875602565727773,7.6062224933192146,-1.97990170400078,,0.1009939931923056,0.2727272727272727,False,3
-0.9983266297901261,0.057818914175608992,0.00095572770246070068,-0.057826472362889833,-0.9982410912757681,-0.013069918998476357,0.00019835813981177938,-0.013103314546951628,0.99991412821398373,9.552069945287128,-4.7668992860181447,-0.95367442611130904,,0.1183772310508175,0.4042553191489361,False,6
-0.18671442315980327,-0.97730074937796085,-0.10010479233972253,0.97843067226637637,-0.19415631813829415,0.070546039544036696,-0.088380675220713328,-0.084773636186367213,0.99247281416433408,14.539520565596547,-9.3219838368172265,-0.63848085497424667,,0.1146907929695463,0.2307692307692308,False,3
0.44028724909333844,0.89100331243403341,0.11072594780539002,-0.89444396952499761,0.42452292204714559,0.14053566820177393,0.078212042974126886,-0.16091421903652395,0.98386456915862164,-8.8558157457196529,8.6703298480300486,-2.2628439949332724,0.5501487013347391,0.285935152480099,0.1886792452830189,True,3
0.037567167864733297,-0.99570934867854322,-0.084567138137545184,0.99764335963160566,0.032508319167549898,0.060422977151609353,-0.057414587707185862,-0.086637763931512096,0.9945840653154272,3.7517201418979891,-18.924618846442478,0.3214248753995394,,0.1113238399069988,0.3703703703703703,False,2
-0.88778162605255839,0.46019799474271611,0.0078479346491026544,-0.46003350394741105,-0.88666567107006999,-0.046831218132011201,-0.014593138433549636,-0.045186207858635953,0.99887198725863435,14.866948532906545,-11.934899784802928,-0.42774128222864777,,0.2056124110241681,0.4090909090909091,False,3
0.54768818344086379,-0.83489375115371478,-0.054681605716432116,0.83600072331037778,0.54343401515125356,0.076041184900774467,-0.033770465554582338,-0.087360720355706092,0.99560416842998412,-8.7822610176313933,11.001003792071359,-2.4686734901476695,,0.07282215087417546,0.2162162162162162,False,5
0.99510443716292851,-0.090301734149698887,-0.040159132811948314,0.097049027890673961,0.96964177185100486,0.22444669849903853,0.018672046597139631,-0.22724531038329535,0.97365852514352935,6.267445707801345,-1.0691193650092088,-1.1840648294369476,,0.0792297441680831,0.2033898305084746,False,3
0.6847065499019005,0.72778400717218417,0.038824984556785652,-0.72630509163735912,0.67695541096445466,0.11921529024245918,0.060480198272524509,-0.10982627404380318,0.99210903390029237,14.855672688273847,19.755048023681734,-2.5599298465435942,,0.121022313849121,0.1818181818181818,False,1
-0.52111183198109479,-0.84632262225902588,-0.110365201136559,0.85255568913483626,-0.52221569195763617,-0.020965876967846242,-0.039890543906184156,-0.10501804666728853,0.99366994237576467,-11.922210448893694,32.096244844359219,-3.3632937027048322,,0.1734940661743062,0.2727272727272727,False,2
-0.86106198860639493,0.50841668958330033,0.0092044299311578731,-0.50833166965502341,-0.86110163466138001,0.010143392392800245,0.013083019641338105,0.0040551863898314281,0.99990619063010455,-7.6414107579850983,-1.4082127577320431,-1.2327746288582078,,0.07570745632972638,0.3041237113402062,False,5
