axis_00,axis_01,axis_02,axis_10,axis_11,axis_12,axis_20,axis_21,axis_22,location_x,location_y,location_z,dbh,dbh_approximation,score,reconstructed,number_clusters
-0.99058112303719714,-0.11167493112081157,-0.079232243698687727,0.11427844865150946,-0.99302220012042886,-0.029109212318233831,-0.075428607677529014,-0.037889574121988651,0.99643108407791281,-20.738855101008163,7.7191142358160914,-2.625503709065188,,0.08389124955581864,0.24,False,2
-0.42306729413124966,0.90199895075719005,0.086092725995819033,-0.90575462430486464,-0.41837700487438811,-0.06759617106530455,-0.02495245853250614,-0.10657661387595617,0.99399134814540457,-1.576163326125668,10.460621949340146,-1.3572979205875486,,0.1814137977432322,0.2916666666666667,False,3
0.1306882031462982,-0.93948960527556458,-0.31666997827005128,0.99139722083328696,0.12616549018880821,0.034839914027612509,0.0072210859588839778,-0.31849890214030663,0.94789572488380425,-3.8504609407029071,-5.0143740521114308,-1.635529894580408,,0.5776437892188079,0.3060109289617486,False,4
-0.81658388728765863,-0.54373782990136399,-0.19375223187445195,0.57300772183907211,-0.80409517416201903,-0.15840802253089498,-0.069662800223452129,-0.24037496380344467,0.96817713825597007,8.6907351245640605,4.438355268126255,-0.5697096429594487,,0.2254333931275316,0.2142857142857143,False,7
-0.78016909247966781,0.62202562435559527,0.066485410312969562,-0.62213756100183915,-0.76037949238145819,-0.18646147794222637,-0.065429674690731673,-0.18683455304292171,0.9802100833286288,-8.1623883780946258,-24.19856605105096,-1.8609023924682497,,0.4397060020977824,0.5208333333333334,False,5
0.77106409006259002,0.63604521489756483,-0.030110689494944304,-0.63216090395151181,0.77031321977096912,0.083607026985119334,0.076372511620071165,-0.04543157549539216,0.99604377986956427,-13.485111221411671,-16.92678404532943,-2.2837759212700339,,0.154090285496551,0.2222222222222222,False,1
0.2620933642320496,0.96418701312403465,0.040626003353519319,-0.96504212401565903,0.26189912256484082,0.010126622097860416,-0.00087595711803114054,-0.041859925020482441,0.99912310521597303,12.969419102908709,-22.557831928341809,0.058828811020617759,,0.2767594211303266,0.7894736842105263,False,3
-0.34555612840992811,-0.92168656892971801,-0.17630890724211196,0.93813301842255348,-0.34377173558187502,-0.041562405613926157,-0.022302508014399751,-0.17976335129717569,0.98345703295399667,-5.4643285435256201,-14.276218181425271,-1.7406946308582592,,0.2842761388337746,0.3157894736842105,False,5
0.83106371720073247,0.55497307160816522,0.036578514763459996,-0.55038717643691892,0.81116625450784918,0.19769487489943738,0.080044075147996788,-0.18442938306437698,0.97958090462003011,-17.002864123902945,12.549187065190624,-2.3882192849007997,,0.1365849672788948,0.1904761904761905,False,2
-0.83550529966917608,0.54806139240631768,-0.039491826728679014,-0.54591924584531282,-0.83611229449669466,-0.053743911349628963,-0.0624745647476211,-0.023343974492791193,0.99777351518993274,-24.752917904011525,-3.2981071606178936,-2.9718956050587622,0.1809740273700289,0.1638924239675844,0.7313432835820896,True,4
-0.75626548823314543,0.65414223797687598,-0.012666641310402862,-0.65209834209291551,-0.75519415893605868,-0.066704831523136429,-0.053200221307369337,-0.042186666180955124,0.99769234819626829,-4.4390122345092244,-20.127710898265676,-1.6447692210842975,0.7612997054892038,0.3349462909360175,0.3571428571428572,True,5
0.88134479162176216,-0.44339985865316123,-0.16318064722126061,0.46924531985230084,0.86176491085891793,0.1927954050516599,0.055137900557645184,-0.24649098108993422,0.9675753242840669,-8.5549389856889118,-10.922985623998425,-2.0786103829684706,0.5773696946636312,0.5476625240123841,0.4477211796246649,True,6
-0.015974812236011948,-0.96434777043329423,-0.2641556038291813,0.99969351269359674,-0.020401626001639347,0.014023349629375598,-0.018912589784655074,-0.26385062311244306,0.96437812222738328,-0.096561853614211629,-19.675891630528643,-1.2551354875460417,,0.4730051474929329,0.5652173913043478,False,1
-0.97107356777007181,-0.19471218017485356,-0.13821466228247981,0.21940398549836387,-0.95600856797134037,-0.19470364432342196,-0.094223230287113185,-0.21939641031006685,0.97107527927412474,9.591896318837783,-3.9186603036095402,-0.41607925910232091,0.551490985378962,0.3620168106658069,0.1739130434782609,True,4
0.59035066568573313,0.80623374440789719,0.038382820407496465,-0.80521121082015501,0.58497725114145838,0.097141760414993533,0.0558658884647215,-0.088253980221888226,0.9945301591611202,-13.719902508590542,9.9962192240494918,-2.1910775913779283,,0.108299699836428,0.1071428571428571,False,2
-0.81641408753035594,0.57656239968747536,-0.032308465587152307,-0.57444330490041506,-0.81658512935993499,-0.05660049437334537,-0.059016329410299224,-0.027650059219436696,0.99787401363503647,-16.025115578079159,13.679161462934703,-2.325355602939934,,0.3920600542774005,0.6153846153846154,False,1
-0.92993605571137272,-0.33759021212098372,-0.1457799059132775,0.35360392537867508,-0.929754283249697,-0.10257307997537514,-0.1009118241078181,-0.14693475238673642,0.98398525512137713,-21.94945124899035,4.3216234071032718,-2.7536450554184384,,0.1499575534658119,0.36,False,5
0.92704706940483184,-0.35819364990803987,-0.11081985505075026,0.3719243306057356,0.91593638700815039,0.15077409345750098,0.047497614796832947,-0.18099128188952149,0.98233707680642879,5.7363494818293947,-13.715271037798331,-0.70172218573861334,,0.5677449849008692,0.2580645161290323,False,5
-0.94290441785453727,-0.30221521355625092,-0.13999008352574971,0.31761308605758415,-0.94241453668195274,-0.10477007500006191,-0.1002655791155391,-0.14325084902258195,0.98459433671890251,24.183318925379535,7.5673624018236776,0.76276576594152778,,0.4163680460386507,0.6538461538461539,False,5
0.87992455559588012,-0.45676433728224125,-0.13076359067611004,0.47047889354764366,0.8760380756715288,0.10586265016478308,0.066199601098339986,-0.154672654858062,0.98574539443691067,-20.189735373308864,12.701597565013023,-2.596688492511356,,0.1094627176080657,0.3043478260869565,False,2
-0.12532638340323121,0.99139924532725876,-0.037693951605115954,-0.99188516507455526,-0.1243880442664891,0.026295127848722948,0.021380292984171635,0.040683544684558787,0.99894330783273744,-15.153317535439902,-6.9703206891971741,-2.4909036787892447,0.3593735869127181,0.1814559629706294,0.6344086021505376,True,5
0.9379079053809557,-0.33339730417652114,-0.095786212952263708,0.3384215270118181,0.94007180322869421,0.041663831188941139,0.076155308934423641,-0.071492953094549783,0.99452960065496443,1.5539184902298859,10.660890892895223,-1.1294212793983203,0.1895120105506309,0.1579414177704032,0.2380952380952381,True,5
-0.76553257525673035,0.64267279337423255,0.030521416699760023,-0.64116583621641587,-0.75807152402803768,-0.1193060557000926,-0.053537339210158408,-0.11090196172462602,0.99238828499530718,3.7492938672257035,-20.864128567989873,-0.84434100038990068,,0.3587347136316571,0.1764705882352941,False,1
0.08672130403453801,0.99607658751613604,-0.017630860125304071,-0.99582867659899466,0.087176482383506157,0.026935251666410143,0.028366569930885769,0.015221455956873978,0.99948168817087835,-24.744903463836547,0.039371538868967583,-2.9671614460734568,0.2457216617868013,0.1983258380609793,0.6236559139784946,True,5
0.90253774453162405,-0.40524173546005915,-0.14561852745131371,0.42264369126987988,0.8984001627320064,0.11937109295334207,0.082449559886878979,-0.16928166895569169,0.98211291949044055,-7.2785002706744937,-12.615347150142432,-1.9228433097262045,,0.2820935438453011,0.25,False,5
0.63549016571450545,-0.70831385734659891,-0.30731698418885661,0.77120658003580245,0.60153941963391022,0.20830443474871516,0.037318362633343038,-0.36938030012073181,0.92852869298319818,-15.995206952208244,8.2313855826908906,-2.3678003074440777,0.3302339035870816,0.2002748845744617,0.3703703703703703,True,3
-0.65529582857976887,0.75461218571376587,0.033879584092015413,-0.75518028588088959,-0.65345859152748442,-0.051909584623409055,-0.017032699809859032,-0.059601328267162329,0.9980769353140958,-13.047064515317452,-27.962554602663559,-2.0663558021026041,0.6760719722648991,0.4024671076440224,0.4,True,4
0.89077415717082431,0.45402228420131147,-0.019625655791103591,-0.44715063633257696,0.88336327996209851,0.14044794068256974,0.081103078511107041,-0.11633177151245788,0.98989353447367989,-8.88144181195009,-23.050917211072655,-1.9146754199675846,,0.1712319593429079,0.5161290322580645,False,5
-0.8044801304969712,0.59193108139613559,-0.049288076781091483,-0.59115783524889631,-0.80597583513009174,-0.030583770372391961,-0.057828483115297341,0.0045329971932201452,0.99831624171753874,-16.862112380130522,4.2682022289851504,-2.4768724625136893,,0.07171212123262417,0.24,False,3
0.62306433190365806,0.78027742172286185,-0.05438734649687238,-0.77701244794935953,0.62542973373189448,0.071339357270685591,0.089679953396459872,-0.0021893637372912417,0.99596822873284163,-7.8962832386946236,13.936041423919292,-1.7830568151467459,0.2410663834358998,0.2912945843495421,0.72,True,5
-0.38857464294897659,0.9213901922465203,0.0070611960032701537,-0.92123511678337733,-0.38833406378748114,-0.02285857623340979,-0.018319565011033354,-0.015387284822922051,0.99971377153842678,-18.359851023930279,4.5545541926097597,-2.5599096915780639,0.2657254675912271,0.2122366190060624,0.6990291262135923,True,5
-0.13936320525472368,-0.9822151738338547,-0.12582229258624766,0.9897967674118584,-0.14197854662285062,0.012018798604578902,-0.029669112594821086,-0.12286352017337193,0.99197998929839426,-25.719359619182249,0.18526199944252569,-3.0150911547628612,,0.0823223821339312,0.4516129032258064,False,2
-0.45000335373241651,0.87414999002903848,0.18264385169452357,-0.89274564761554842,-0.43522015582194595,-0.11657025619692908,-0.022409602697817124,-0.21551150989809045,0.97624412869341914,-12.648593532765217,11.297087422882056,-2.1255432616700496,,0.3068912108679493,0.3333333333333333,False,1
-0.94959347139441375,-0.27074097170792699,-0.15802393908441392,0.30097464966574944,-0.92837120393528072,-0.21803937250491534,-0.087672682995825341,-0.25460996434233546,0.96306140339747215,4.4207512524590937,24.359285997346841,-1.0014560072307346,,0.4279211020837144,0.4047619047619048,False,5
-0.87988223910335972,-0.45487906038935511,-0.13744921145556069,0.46794030256530217,-0.8797562568103392,-0.084028577508809668,-0.082698963388615446,-0.13825327852299893,0.98693815025668696,-29.524054963525931,-4.5829767200416844,-3.2394869630634373,,0.126940136286146,0.2631578947368421,False,1
-0.14468813491526633,-0.94051886680445207,-0.30739161471909415,0.98835124548497622,-0.15218943641770399,0.0004370253525234867,-0.047192787192947103,-0.30374765287608724,0.9515829991173812,10.136356566919844,-11.581696985775613,-0.28618341567554217,,0.5051702079761001,0.1730769230769231,False,5
0.61019410090825432,0.78604590935778829,0.098969629678282059,-0.79083951859250001,0.59687873663740498,0.13530938468014561,0.047286520797702999,-0.16083408261940108,0.98584805260183261,-1.0589859150702654,-10.583482704588947,-1.3532812491877242,0.197960600909471,0.3654394240389396,0.2745098039215687,True,4
0.58041093846940039,-0.80715222450687651,-0.10783519359963553,0.81357991052199274,0.58043262194096834,0.034434003278143027,0.034797581813918184,-0.10771841931783865,0.99357227741094423,-19.028955672829799,9.9336594133174447,-2.5056760803106695,,0.08211191364142496,0.3809523809523809,False,2
0.7439913653107898,0.66568597211290004,0.057784382622735664,-0.66422265230313193,0.72739520957714232,0.17234986873107205,0.072698806801623758,-0.16660851003573818,0.98333945709164516,-7.3137934108389686,14.613549690665444,-1.7355301828855885,,0.1258000212529616,0.2173913043478261,False,2
0.58062401715124912,-0.79837169520504825,-0.15961950696128499,0.81401445215592982,0.5731006115798023,0.094531268309157854,0.016006948129713358,-0.18481971026455579,0.98264207741644083,7.6226206970251393,-12.369120783241394,-0.5266343789480199,0.5784949567424195,0.5101411178780997,0.8395061728395061,True,6
0.73667319751360594,0.67364712116810355,-0.059263447478213438,-0.66831226589511739,0.73861336132185063,0.088368646764381054,0.10330205863975071,-0.0254923247029459,0.9943233005728197,7.2105054863772642,14.986668506010572,-0.74130346872695652,0.4166974115071537,0.4712893793535244,0.9125,True,6
0.10267582921945477,0.99360312806391304,-0.047015933423739165,-0.99437311307664478,0.10376472985768877,0.021330560888640538,0.026072707653032358,0.044561247055810549,0.99866636529747599,3.636079222420447,-3.7100843696024906,-0.95882531739741916,0.3785915998763452,0.342568608047586,0.7142857142857143,True,5
-0.99851172434550606,0.019387401405158079,-0.050975141111326033,-0.012051646736787346,-0.99001273738482098,-0.14046187250191858,-0.053189229694516248,-0.13963849212365778,0.98877297564301148,8.4809880591755764,-35.312660528975606,-0.11858487352121772,,0.4296474876286733,0.3448275862068966,False,2
0.011135295056244603,-0.99206777052184425,-0.12520999918468015,0.99979987580152418,0.0089649188578218696,0.017884031344456732,-0.016619673620959369,-0.12538408559976782,0.99196906077107205,-7.936431240077356,16.490622102419827,-1.779002851418408,,0.1075382500948651,0.5,False,1
-0.99114151957951091,0.11605400873144553,-0.064575190460276405,-0.11295528153024956,-0.99235425144052469,-0.04974076821219181,-0.069854080339243424,-0.04200603177257399,0.9966724139629235,-2.8385180821410265,12.548585959101054,-1.4592566647369254,0.4960863905223489,0.3174219010683758,0.6981132075471698,True,5
-0.36593303477426442,0.92912691104023037,-0.053067855070066831,-0.93058795101340219,-0.36592661725360331,0.010187061107781149,-0.0099538680710432731,0.053112088700930891,0.99853894593263093,-27.844133562474262,2.8678697434517484,-3.1207354877984903,0.1589675868354439,0.1615126336867743,0.765625,True,5
0.9918503133252996,0.12740804058548855,-0.00038360223002746607,-0.12446739924937647,0.9695923201318859,0.2107097512346362,0.027218054313280844,-0.2089447868108521,0.97754859397575011,15.101266660076545,-4.3745223227901198,0.07970021768836287,,0.1204249876622043,0.3888888888888889,False,5
0.77829514516060405,0.62364940054914586,-0.072925250867750868,-0.61537098852234284,0.78068920409100984,0.10882514921092136,0.12480069512814418,-0.039822001587510772,0.99138236553062375,2.7839955222136608,1.66974478982795,-1.0488190225044745,0.4885876731485661,0.3200602006109668,0.2448979591836735,True,4
-0.10074713087378555,0.99453202726121459,0.027496588377441164,-0.99482315725790327,-0.10106911443429049,0.01057921976730493,0.013300428719291872,-0.02628841682502786,0.9995659146533139,9.5367907611679161,9.4959571935838962,-0.53305494670562514,0.1889036404446812,0.1411695162769983,0.125,True,5
-0.99691434776719412,-0.0036812654435071281,-0.078410659356012144,0.015752063332126497,-0.98796263931635853,-0.15388858247393075,-0.076900297247090091,-0.15464886549790643,0.98497211771883175,32.59593749362314,-0.65847854588472388,1.6373204273566866,,0.2325313021636785,0.4666666666666667,False,4
0.77047105978124353,0.63694403227347529,0.026012416088753848,-0.63250674559198794,0.75874502727393023,0.15569585854388054,0.079432756594497486,-0.13641218178113651,0.98746248224502708,-19.039589435979135,21.005972023470335,-2.5292831626716072,,0.2445104989171597,0.24,False,2
-0.96766690315249848,0.22490598718806551,-0.11418433110639564,-0.19733487827528329,-0.95699728387816718,-0.21263853005955896,-0.15709777324753019,-0.1832307167938077,0.97043639362087775,3.8572907575435522,-8.7334458291308703,-0.90303655765487223,,0.284579510969227,0.1923076923076923,False,2
0.43811781687473816,0.8970625792427328,0.057719212219935076,-0.8910222321178769,0.42488210576669189,0.15985799345337229,0.11887876348864942,-0.12146573641005963,0.98545112231392396,-16.163363544564213,-12.042087310524863,-2.5830442737069381,,0.4706623295738762,0.3076923076923077,False,2
0.57670980681938155,0.81558406651501869,-0.047206240743978736,-0.81453957694423396,0.57848281008613345,0.043392580314615847,0.062698295908753254,0.013426424754091497,0.99794221015470752,-1.3668838381444277,-6.6353084746001265,-1.4055329308880338,0.2120357547256811,0.1442891671995077,0.5688622754491018,True,5
0.063834867211060076,0.99643148007889604,-0.055221510626997525,-0.99766373123876029,0.065067422523534868,0.020816097062107308,0.024334935769416251,0.053763705544959031,0.99825711861582744,-20.95774329633446,15.535175080552373,-2.6536396790375405,0.9668970143790723,0.8209764135639139,0.9935897435897436,True,5
0.42432734751971884,-0.89098830154895547,-0.16151206967216825,0.90529187730441041,0.42132741797159012,0.054127846364411314,0.01982218538749261,-0.16918349023560347,0.98538521787073874,-36.516273260674211,1.8198413899931221,-3.6891796579892984,0.8506745669279931,0.6453535774028113,0.958904109589041,True,5
-0.58752728341805283,-0.7962558433100414,-0.14418156343311489,0.80578925293759607,-0.59203843423774161,-0.013934569802958804,-0.074265544431273395,-0.12436689422807592,0.98945313407477187,15.325805628229407,-16.738510344691118,0.2568002605550056,0.2758039456841571,0.2830059919255222,0.6666666666666666,True,5
0.90113709073211623,0.43300256258031566,-0.021464494071329013,-0.42536787676257631,0.89264272907297215,0.14916811875080593,0.08375030224038553,-0.1252906182921798,0.98857885261753808,-43.109888139800958,0.52835372407627446,-4.1447063561229536,,0.131625759179492,0.3076923076923077,False,1
-0.41495214846416323,-0.82324140330475004,-0.38741232088022365,0.90840817890238879,-0.39876918819577922,-0.12560937484489526,-0.051081258678905603,-0.40405040085428151,0.91330935535626323,-19.804868267302165,-12.438772767949878,-2.7473524202642574,,0.6213225656772423,0.4090909090909091,False,1
-0.99426830758972706,0.066568727330882219,-0.083660845466735176,-0.067233474557797268,-0.99772397582868999,0.0051505296310406894,-0.08312756715764219,0.010745817704617106,0.99648097572422989,-0.35660705825212435,1.6738680748369463,-1.3056956457143247,0.4576838246243511,0.3959042461240309,0.9871794871794872,True,5
0.26942810119920052,0.96071974475907185,0.066528717966427439,-0.96300597728709336,0.26915984910313001,0.013132529844233014,-0.0052901789688758957,-0.067605825642790454,0.997698083763637,-9.9664420248867138,3.6108841163042547,-2.0148511941474414,,0.5011535131371907,0.4441947565543071,False,2
0.025743826669486686,-0.97862578255942378,-0.20403145124800498,0.99955906200164668,0.022178207067668793,0.019743573679855079,-0.014796518468872579,-0.20444976116694108,0.97876522118431508,-0.21658398883149532,-7.5380906556393681,-1.2920682422591694,0.4019149093461162,0.3165788685048889,0.3333333333333333,True,4
-0.96459156726586803,-0.24218611275666835,-0.10444613514818138,0.25487026624299391,-0.95780041979311015,-0.13288906361837413,-0.06785466634508841,-0.15480388442140977,0.98561224709478978,-1.8325732351312016,-26.813089704104172,-1.3270394927154949,,0.5660293855294387,0.8166666666666667,False,5
-0.94242974318612149,-0.32167159312507093,-0.091397840972971101,0.32412944701735918,-0.94592272042282011,-0.013050232339433743,-0.082257405346647106,-0.04192365876532142,0.9957289420828177,-15.396443731607951,7.0147906574995202,-2.3539676661979554,,0.06916951784901798,0.3333333333333333,False,2
0.41797472670446489,-0.86032659185621196,-0.29177951124334189,0.90773233405191023,0.40835379502735153,0.096276621271373916,0.036319933273612062,-0.30509889123337597,0.95162783114785254,-3.8823228259689428,20.540356983887538,-1.5158144241960605,,0.3129137426752914,0.4516129032258064,False,4
-0.99616912743242059,0.025609874613528649,-0.083613419214923157,-0.023671291524370142,-0.99942939163289046,-0.02409483550223953,-0.084182774414362394,-0.022023293636307853,0.9962069238011303,-14.539396365941673,10.653788563090421,-2.2615125414794162,,0.08839660423230847,0.4210526315789473,False,5
0.48707490604410825,0.87326247984798655,0.01306434812260833,-0.87153038936661242,0.48503222887343483,0.071961916070581652,0.056505011393721605,-0.046436819914950342,0.9973218163880615,2.0805864634891815,6.3377439369230046,-1.1033606620672338,,0.1004728782106228,0.2857142857142857,False,2
-0.6074304425826651,-0.77837076764176494,-0.15864175208499603,0.79192952704260022,-0.60901488848375041,-0.04414170140818191,-0.062256578944810501,-0.15244610092060415,0.98634897713344549,6.4502315427176322,8.6665861814699348,-0.75678903089644334,0.2116858906207659,0.1561019083016182,0.2,True,5
-0.61930080020628819,-0.75420564090344078,-0.21826674069423202,0.78347213050690423,-0.61180071444286621,-0.10895552545039976,-0.051360875993557001,-0.23848215244883691,0.96978777234018898,-17.616663309268244,14.86750286274229,-2.429033331746127,,0.1889421246657847,0.2777777777777778,False,5
-0.82041873435735901,0.56982778453009231,-0.047004215693878526,-0.56723480400135262,-0.82149208204595436,-0.058270372105821283,-0.071817668056105621,-0.021143677857235768,0.99719364590918547,-0.33154596562127758,17.261750501623883,-1.2724534726378236,0.4979040959427641,0.3335984665299607,0.7142857142857143,True,5
0.50004118263876696,-0.81661200628397779,-0.28827703144385114,0.86055277436560529,0.50583951205978728,0.05979390078239831,0.096993495642142269,-0.27797701205670255,0.95567831542373327,16.632292863556948,14.3364040380325,-0.012443634909691475,,0.5514394675945051,0.9183673469387755,False,4
-0.30755131154949694,0.94981558063724258,0.057118766994063,-0.95145190399824364,-0.30619461225074218,-0.031370907011669745,-0.01230711754641845,-0.063993923206469613,0.99787439723160698,-10.307250547869547,-25.813313461120512,-1.9436198346683662,,0.1283092700565848,0.1666666666666667,False,4
-0.85758218341392589,-0.49730765006890587,-0.13129318289213143,0.50721245809694682,-0.86003925751340016,-0.055389510622978116,-0.085371664164739819,-0.11409459548437237,0.98979497990189902,-10.178167608321541,10.436468375276434,-1.9645501869759272,0.3430857537013807,0.2696481524371217,0.7368421052631579,True,5
-0.62983757546909347,0.77364560360943302,0.069116630003272436,-0.77607350964890065,-0.62316227103775124,-0.096843644997022804,-0.031851784070144176,-0.11463535218625864,0.99289687273184668,-36.167031871378526,6.0935219353869305,-3.6931234985567607,,0.26349079953961,0.4642857142857143,False,5
-0.20561281765989625,-0.96146416634496989,-0.18251034504523911,0.97802213898446133,-0.20846994287524823,-0.0036025787779691322,-0.03458417080427062,-0.17923989442131663,0.98319733287759592,-13.713694627928183,9.1839013378729053,-2.2114154302386941,,0.1158026943489987,0.1923076923076923,False,1
-0.97141255404321669,0.22246913267462357,-0.082856109335620376,-0.22310574307566616,-0.97479291487730324,-0.0016126102028033787,-0.081126304327821849,0.016919164045900853,0.99656021626096336,-30.142039478287398,2.210658933261588,-3.2685914157596567,0.6628426600310318,0.5200933814443088,0.9944444444444445,True,5
0.23649528351383423,-0.96480381571124385,-0.11499381750658057,0.97162688299041966,0.23442445978887794,0.031406574200558535,-0.0033438190790762018,-0.11915859113684736,0.9928696032371267,-3.6486494047611253,-8.7215688195122816,-1.5928105327891147,,0.09654782237372325,0.288135593220339,False,5
-0.20054441154091071,-0.95267280385781261,-0.22846546301225754,0.97853899027814695,-0.20606152991627288,0.00030065593500557333,-0.047364369573933654,-0.22350206862188166,0.97355197181075293,8.8028217696166315,-2.3904031056696584,-0.51614474979642377,,0.1727967189514291,0.1724137931034483,False,3
-0.99006998399105917,0.12996251682017884,-0.053583309170941798,-0.11372492944080206,-0.96455156060343139,-0.23813216364273376,-0.082632119805972404,-0.22967374939084764,0.96975352622051447,-5.8314168927854126,-16.422574768783289,-1.7311705616535675,,0.1162956378825446,0.2380952380952381,False,3
0.86057076867611615,0.50701648526273146,-0.048499853319625932,-0.50293033570724477,0.86094361035208467,0.0764014215791569,0.080492419056685652,-0.041356782584531453,0.99589687568977681,-11.308729329693644,11.498667533803632,-2.0450725430966297,,0.09203614294240386,0.5217391304347826,False,2
0.65754749903903265,0.73350849363938275,0.17203655502944271,-0.7502616781485415,0.61663448813217059,0.23847289646354292,0.068838222008191438,-0.28587969113748019,0.9557897788666142,14.279290229498704,-16.237227845039833,0.14154634773374111,,0.315171764982653,0.1904761904761905,False,1
0.76730742422517195,0.63945273863712859,0.048368499856910996,-0.63268392323697631,0.7425584181592253,0.21981366858850404,0.1046440156263105,-0.1992666321046882,0.97434205458004086,16.406767581903129,-15.964594527841319,0.34196984906915256,,0.3144351920771133,0.45,False,4
-0.50852626822226332,0.8607141631951003,-0.023919945721029852,-0.86079754235012229,-0.5088509988220824,-0.0099122188110854978,-0.02070327539130622,0.015549606848007005,0.99966473585644922,-12.966035660443081,-12.3226254284997,-2.4632753061917425,0.2434307303269521,0.1873341737836735,0.75,True,5
0.9315820643778262,0.35663937344154278,-0.070450086165813663,-0.3498988739896739,0.93222217629056803,0.092372030468291511,0.098618635715087472,-0.06140172101252879,0.99322917463513638,11.936335544889181,8.3712193354555353,-0.35130788574172428,,0.1818022318569537,0.2083333333333333,False,5
-0.86465198038449376,-0.47856002138010778,-0.15283081742189328,0.49538263211840056,-0.86277840357475022,-0.10104194238261184,-0.083504494565374898,-0.16307584818628545,0.98307337830179542,-4.6179032917720857,11.241432944570601,-1.5732173061279362,0.5676938992522496,0.5818543958358193,0.4225352112676056,True,5
-0.30159401739354291,-0.93475636828570896,-0.18780729650824246,0.95308260350429008,-0.30094135976580078,-0.032677957093343132,-0.025973054689559773,-0.18885134347317317,0.98166214681960229,0.15398488024956544,-20.59657225875662,-1.2309304566127626,0.4084883197016118,0.3276488332506861,0.6229508196721312,True,5
-0.19284277794709262,0.96676835663907601,0.16784101880955668,-0.98122312637319598,-0.18937476845254414,-0.036583785260107568,-0.0035831918816520963,-0.17174440798735452,0.98513502580154644,-1.239875663668546,7.5400881036664051,-1.3235906406673521,0.8604292905090796,0.4559113743151196,0.1090909090909091,True,2
0.7023953901258071,0.71178696337415148,0.00018628102284858061,-0.7081956257346651,0.69882513335252028,0.10051063966127122,0.071411985130656594,-0.070730133362211761,0.99493596608739721,-1.090338454332312,11.304801676052957,-1.3361856579800206,,0.08304656899016942,0.358974358974359,False,6
-0.54173825954749499,-0.79221352313811688,-0.28092239479889103,0.83801555877476486,-0.53496901472983815,-0.10741543897599422,-0.0651888134105095,-0.29360839060912297,0.95370044121309461,-32.358856215124149,5.1474566193245543,-3.4190691822808503,,0.1634330169643378,0.2,False,4
0.34572918004580661,0.93614965104547176,0.063993475544749406,-0.93455735769803094,0.33742291462170082,0.11290846673598778,0.084106356699892332,-0.098841325039876776,0.99154249189181631,14.1672190191239,-3.2285428750193499,-0.00046563765637330833,,0.3295012944920666,0.1290322580645161,False,2
-0.41214642575778537,-0.86389568964543206,-0.28951608098191384,0.9079299449608822,-0.41597548971805837,-0.051260189203234816,-0.076148137064620786,-0.28398702323498037,0.95579957724186249,-12.555826244670692,-19.117881028243943,-2.1798882580905574,,0.4742858250583654,0.4509803921568628,False,2
-0.99043572913195765,0.1122503490551076,-0.080230453045298161,-0.11109642760596257,-0.99363332816653327,-0.018718785481197913,-0.081820842283860579,-0.0096264372279943975,0.99660056264997898,0.84019455555314237,-2.1321213674700736,-1.2139160494716466,0.3595320682597012,0.3671849034007843,0.9811715481171548,True,5
0.99319446739025175,0.098489490715187269,-0.062165667084479348,-0.081105397658094422,0.96793990002532349,0.23772728999778309,0.083586269303741731,-0.23106745802390863,0.96934058278102264,12.547325355448715,-1.2200828018772314,-0.17837300316446753,0.4818901776316731,0.3885967914361502,0.2105263157894737,True,5
-0.6814885004031116,-0.70873701901158648,-0.18238766871937279,0.72931261553872717,-0.67836476488362119,-0.089018843962668445,-0.06063441790252995,-0.19368294619547413,0.97918863541130929,-10.323406764149984,7.9781735359250758,-1.9882112042641391,0.4788738879048458,0.2981481073847745,0.4468085106382979,True,4
0.20781587991465394,0.97743813559380588,0.037778977516628273,-0.97744942261078749,0.20602818547060173,0.046314285372104622,0.037485814558783859,-0.046551883727676546,0.99821226992472312,-15.568886479544853,-3.4447307201592547,-2.4701379925171403,,0.09519273944453366,0.2916666666666667,False,5
0.51429652333478193,0.85228396591059197,0.095452226466802376,-0.85623845044939684,0.5039846019234212,0.11338093753408066,0.04852630274163168,-0.14004128846809549,0.98895583089763106,13.477120825353223,9.4480955335794103,-0.21851812538269297,,0.3531298491837965,0.2,False,5
-0.25087809971850999,0.96330066539165704,0.095456833896901377,-0.96798254436258613,-0.24879389741577282,-0.033337522673477726,-0.0083649800336904126,-0.10076420328996413,0.9948751692772192,-20.961377856652508,-5.3615963482460289,-2.7671914341000017,,0.5162016767715671,0.25,False,4
0.98921940817598453,0.13728334439088843,-0.050972991287641864,-0.12420174237058812,0.97093076470100081,0.20461519334898334,0.077581503466144175,-0.19607838613672982,0.97751438700918902,9.9964482746000822,-19.116754582783617,-0.28305077921952443,,0.3688790455160785,0.3478260869565217,False,5
0.87683935345783182,-0.46431701680111342,-0.12474957369292224,0.47558422316699478,0.87570677914407824,0.083410332907561474,0.070515210432199105,-0.1324663914735309,0.98867601378190817,3.789253034054791,-17.909527514379189,-0.89654131059836017,,0.1904686525520728,0.53125,False,5
-0.98284668928434948,-0.16010842432047886,-0.091529655436956334,0.16765054997594309,-0.98245800776307124,-0.081667350116077439,-0.07684841218631841,-0.095611481757326838,0.99244786568394183,14.724398005195138,-17.399402891006584,0.18909126847960137,,0.1898310015942104,0.6086956521739131,False,4
-0.15876856542775425,0.98730761422456237,-0.0040270989826145659,-0.98730811039998034,-0.1587498772734984,0.0046012611390450087,0.003903558688356415,0.0047065231171235372,0.99998130526011075,-18.093059405983421,7.7871170282228022,-2.4935897291709481,,0.07356074762419043,0.24,False,1
-0.94814281018506785,-0.29976140156976233,-0.10568024235067036,0.30882757030947355,-0.94746707871342029,-0.083256630793029737,-0.075171426161221022,-0.11157614836151755,0.99090868388853015,-5.2695499410398607,3.2429565829633202,-1.6615106157238586,,0.1672732036016266,0.245014245014245,False,5
-0.99595891274940185,0.041089764429293046,-0.079859097003247115,-0.035720876952384059,-0.99707736533152758,-0.067533299144138248,-0.082400625390718199,-0.064407754212394586,0.99451585112180785,4.5027192897208277,-5.0596870621173657,-0.88695817381502473,,0.08565712601650585,0.4464285714285715,False,5
0.44541191857460238,0.89515798384871414,0.017332245774823105,-0.89355997632583783,0.44323494591548307,0.071367719788913556,0.056203127139526209,-0.047275434119699075,0.99729947449526635,-12.029741045873839,-5.2407977431266923,-2.2798864812192972,0.471830284446198,0.4644017263980771,0.6583333333333333,True,6
0.40318391727245761,0.91323382783377072,0.058708641211643403,-0.91346518449643466,0.39777106088156844,0.085787760420987014,0.054991686332873595,-0.088216545076493347,0.99458220153441146,4.069885602398327,9.5855158141912167,-0.94774924265782234,,0.2512889058517865,0.2307692307692308,False,5
-0.97558953364758094,0.19634886691586836,-0.098347263806125254,-0.18543503788616311,-0.97647647690931061,-0.11003425269859868,-0.11763889051437988,-0.089111236685596687,0.98905019030123587,-12.523354168695903,7.5538493114837832,-2.1580224449723371,,0.3626966298300527,0.2073170731707317,False,3
0.038040397482994551,-0.97337604536693223,-0.22603540091137642,0.99909392355774773,0.032727399814284165,0.027207521228155576,-0.019085598479490311,-0.22686558048154171,0.97373905556029328,-8.1619932873156156,12.102634850607336,-1.8187566289092965,0.5487774759505111,0.4046091556636496,0.5568627450980392,True,5
0.10655330416513573,0.99243581347788201,-0.060971710636881608,-0.99401893662864638,0.10779791188671542,0.017491821418037706,0.023932133109036947,0.058743223603744149,0.99798621567910095,18.372277090838573,-3.9958378539249582,0.38125696671164366,,0.1500449779503244,0.4193548387096774,False,5
0.10936647240438421,0.99396182178453218,0.0088809655215063288,-0.9938806191546975,0.10920947512706966,0.016571222379303474,0.015501276802103779,-0.010638955646259232,0.99982324589912452,-17.555740798894252,5.1022650348154128,-2.5093413255695407,0.08136403322091021,0.1699931351373158,0.4537037037037037,True,3
0.31129996932980503,-0.90784033690167021,-0.28092392527074783,0.95028490246704589,0.29515893215089967,0.099195810973740195,-0.0071367526550816067,-0.29783741784034273,0.95458993253424684,-23.291642181931323,8.4621641052807526,-2.7892048995094432,,0.4215328847798455,0.8777777777777778,False,4
-0.39513244866624375,-0.88427475113220011,-0.2488544002446087,0.9172863241468171,-0.39441856376812517,-0.054952671348262219,-0.049559535351322549,-0.24998432163872808,0.96698070890301957,-39.621799870123589,-4.6979421875706056,-3.8619180290186956,,0.4077971644963839,0.1428571428571428,False,1
-0.24256603023979326,0.96810534817103344,-0.062719660524848508,-0.97012483663975635,-0.24176161904447521,0.020226737049807202,0.0044184056395602904,0.065752219731645467,0.99782619894046087,-13.302678790349297,-14.902134333161984,-2.3322868072386451,0.1593680516509508,0.1103318526584001,0.52,True,4
0.66006628547605628,0.75062685331982137,0.029526697292891785,-0.74649893466611505,0.65102837295766447,0.1374823557641206,0.083975230396813205,-0.11278911596107324,0.99006402621271072,-35.872836524460531,4.8173990851165467,-3.66201061458609,,0.4079992354358083,0.53125,False,4
-0.99628229761906983,0.041613463930649186,-0.07543144616512576,-0.019076478617102322,-0.96042563427447813,-0.27788250933090414,-0.084009948306381838,-0.27541045849451934,0.95764889596208502,-16.584041052990909,5.816249360533174,-2.4411514232049729,,0.0734206593133617,0.4666666666666667,False,2
0.70521925626269888,0.70766266522418786,-0.04335150336592844,-0.70529756175410441,0.70646619667093602,0.058829094375304272,0.072257525421247831,-0.010911700559595998,0.9973263181180454,-14.607753725296343,9.3960542800950435,-2.2546589896267695,,0.06989291712673873,0.3888888888888889,False,2
-0.76042975713779848,-0.59321595029914842,-0.26427527460968447,0.6448300726992755,-0.73800623890455186,-0.19884911033394531,-0.077076337497269359,-0.32162342521749371,0.94372538937413952,-1.7701221249537715,-24.651060697802208,-1.4142899404423535,,0.3200849943712408,0.25,False,4
0.99642839950018758,0.018210465158854668,-0.082454979402053694,0.0057983552058462036,0.95940891590037536,0.28195905938233906,0.084242648025817685,-0.28143011752398633,0.95587669979136636,-33.167741295221454,11.964164386232596,-3.4960608548941199,,0.3926551555375273,0.5625,False,1
-0.49513810535066727,0.86877780665382087,0.007961111450572031,-0.86840521937527893,-0.49460305003072219,-0.035216443064024938,-0.026657674158225321,-0.024350473631616021,0.99934799886845771,-14.992050977427374,-0.74517002728999615,-2.3807151848297328,,0.1279694312012623,0.125,False,1
-0.2758510854283181,0.96117965909191116,-0.0063120215442846045,-0.96079352728402834,-0.27553733205936226,0.030902695201604116,0.027963844462685676,0.014589091457848986,0.9995024671371755,-8.2777137499008848,2.3465774936754995,-1.8952672498770216,0.4103288927154474,0.269224459639561,0.3212520593080725,True,3
0.86305432279161454,0.50058094228251526,-0.067497823181614208,-0.49882593299129124,0.86568600479047864,0.041957474724621691,0.079435033115591705,-0.0025419153110547224,0.99683680418636034,-9.7125922004036482,-4.6222742984157437,-2.1172597966507696,,0.1187933388590796,0.4444444444444444,True,3
0.93929028214295762,0.34235706426160334,-0.022921745613743487,-0.33475063562600532,0.92899029960740798,0.1578576421441969,0.075337758260982268,-0.14060108031418636,0.98719580549893693,7.4720975705986961,-19.549969689980873,-0.52630411149570033,0.4768928181209377,0.4351332502708511,0.4375,True,5
-0.78150269599696964,0.62304697779333118,0.032649649493742383,-0.62234501554547705,-0.77478978423927336,-0.1112990200503127,-0.044047903186962133,-0.10729983085287764,0.99325048629425594,-5.0670033879106731,-12.943600822099187,-1.7307576792582693,0.4858042246167975,0.2123682117325695,0.1,True,4
-0.87679272830754929,-0.46943818159276274,-0.10422238363175995,0.4727722056906718,-0.88114418024861785,-0.0084483809318387192,-0.087868954206718711,-0.056680925158934865,0.99451813437953263,-28.039211061681804,-3.47181706763805,-3.154352588782356,,0.1272403959247183,0.32,False,4
0.69343093862379079,0.72050677501746141,0.004849795177753094,-0.71908628505486905,0.69160761082411382,0.067777778778511044,0.045480193549679804,-0.05048662995386604,0.99768865493729331,-6.1682933064865972,-3.2327531492538819,-1.7774760055803505,0.3345441529501994,0.139464175063555,0.2479338842975207,True,5
0.55803024477564611,-0.79521211485064358,-0.23714961165981463,0.8297264371114359,0.53900174716886762,0.14502122640245496,0.012501418879328319,-0.27769553281188464,0.96058779171001785,5.9067756924866659,-19.183237700412651,-0.65328213967277404,,0.4006032853318975,0.2571428571428571,False,4
-0.0027486683365317323,0.9994910676315889,0.031781292406743156,-0.99984240480226705,-0.0033042679831888529,0.017442688219279266,0.017538824977616319,-0.031728339662869698,0.9993426349759339,-6.8687007986224771,11.496462530619842,-1.7520275656588924,,0.0834731353187497,0.1363636363636364,False,5
-0.6645553625131676,-0.73818602981534742,-0.11596359575508258,0.74387134653490328,-0.66826247088172974,-0.008982750992667269,-0.070863177739524608,-0.092231531465659961,0.99321284458274939,3.1737859047093626,18.585634587353692,-1.0632784750737283,0.4795502225692537,0.4347285691178499,0.6792452830188679,True,5
-0.9944079266222422,0.07163095930514507,-0.077600780536531244,-0.068885563307415604,-0.99691955639468732,-0.037499029929328798,-0.08004782719521035,-0.031943759122015157,0.99627904806559175,4.2909275529134572,1.1991083310231114,-0.92032068389352084,0.3475567617138491,0.3295005371551146,0.8611111111111112,True,5
-0.95625319681683918,-0.24830892109531938,-0.1546690120290875,0.27965789203324726,-0.93109560034169403,-0.23420599148583091,-0.0858561995495737,-0.26721463793890282,0.9598046938154059,-39.058728161289281,-6.4615420942079513,-3.8091261663475762,,0.3057041095591508,0.2307692307692308,False,1
-0.56183471767324944,-0.77424164642598914,-0.29136167036278982,0.82521423339408795,-0.54923109858801722,-0.13178265951030432,-0.05799326703014121,-0.31447587074905214,0.94749232592976573,-14.596667292298781,16.60827727729928,-2.2236410870117158,,0.3759470068620985,0.3023255813953488,False,4
0.72628361749374493,0.68337253761883687,0.074256863579012206,-0.68331973809401403,0.7060068085579938,0.18608740365990728,0.074741169989026912,-0.18589341327262968,0.97972312232105851,-1.73577720594262,-11.499058327334323,-1.4027197261198259,,0.2224188384253576,0.6060606060606061,False,3
0.90346010629671691,-0.3919054201829853,-0.1736950717824873,0.424062553024178,0.8763514554717986,0.22842740119144492,0.062695992319620752,-0.28003261974930493,0.95794099214064332,-6.5792509698701211,-13.880085932015159,-1.8279647157184158,,0.3442649541323622,0.375,True,5
-0.9921173182842612,0.095384327107301312,-0.081271501171896091,-0.094480962775108535,-0.99541518373557303,-0.014898310701702017,-0.082319951612806128,-0.0071022623834392402,0.99658064572592542,-20.849258765809999,5.1503015982254192,-2.6813061863727827,,0.06808988945391453,0.3181818181818182,False,1
-0.54237178682750053,-0.7871301591418074,-0.29369875284539038,0.83755400019886694,-0.53398773689139711,-0.11558716884014791,-0.065849385755839235,-0.30867978459723816,0.94888389646815197,-5.6334725462444197,12.240265574347998,-1.6410483134881086,0.601758921222474,0.5879119301031328,0.2363636363636364,True,5
