axis_00,axis_01,axis_02,axis_10,axis_11,axis_12,axis_20,axis_21,axis_22,location_x,location_y,location_z,dbh,dbh_approximation,score,reconstructed,number_clusters
0.63457941451313782,0.68009878901072618,0.36711660799030454,-0.77094987953930749,0.59039373881833723,0.23889645539947332,-0.054270156757564907,-0.4346272775036662,0.89897379257421106,-7.2091627658668767,-10.198288899334806,-1.3727965155174475,,0.2049948585001812,0.4117647058823529,False,1
0.91626553706130609,0.37511997740663849,0.14050789352986276,-0.38867460631270923,0.91741636155694217,0.08531863779551814,-0.096899514969976966,-0.13278637768259693,0.98639660476935831,-1.4636630656504594,30.535527847258702,-3.3676818343712696,,0.198181579762019,0.2142857142857143,False,1
-0.020526148038083423,0.98149558981742568,0.19038141825205243,-0.99932251259420224,-0.025959423532568561,0.026088774449326071,0.030548208934891179,-0.18971693519240967,0.98136348588689082,0.31331891702973474,30.156103799876426,-3.589753717360316,0.3328898290636931,0.3596096701813003,0.8666666666666667,True,2
0.42800078857441592,-0.89986053424932444,0.084061548166796521,0.90074031031201784,0.43233288479531368,0.041894750310415757,-0.074042004015884136,0.057786638811082744,0.99557947247632084,-7.6356127539541916,19.941705436943472,-1.9245416559920197,0.3528533655017608,0.2699130201831717,0.9166666666666666,True,5
0.86892190597115604,0.47738570539409253,0.13068132846293484,-0.48671408136205585,0.87210668749087517,0.050391751682022257,-0.089911758559951024,-0.10739093965077845,0.99014295016102538,-14.135064603480338,1.9026412470908551,-0.61497698142001578,0.2701093251093383,0.1987068692145463,0.8567961165048543,True,5
-0.74238152898928877,-0.66899048131399641,0.036351084258853306,0.66668720207385479,-0.74301816691753708,-0.058755239948785662,0.066316212244535599,-0.019384002212426171,0.99761035502432871,-6.7790978598388048,-7.6867165000086182,-1.4270875572940804,0.348063000720491,0.2833263037951308,0.6899563318777293,True,5
-0.80970609124102677,0.53524069411813358,0.2406105674468938,-0.57387976460006651,-0.80789133202103536,-0.13406569817760686,0.12262977448299374,-0.246635348247601,0.9613183361431501,20.250666736969521,12.21750794673728,-5.028570222943662,,0.2611245931518491,0.1333333333333333,False,2
-0.26545845586564581,-0.96408665384511805,0.008290481720058529,0.96360416947087224,-0.26558786195405637,-0.03049741236603358,0.031603999553503577,-0.00010705324221460533,0.99950046310735918,1.6825884205010335,-15.723085845236845,-2.3367158357720856,,0.4692432788053862,0.373134328358209,False,5
-0.77458478197911851,0.58578979127023223,0.23847166701715175,-0.61953865035316347,-0.77860224038852754,-0.099751751766807645,0.12724101636242297,-0.2250086036256029,0.96601286329402147,-29.286394022000191,7.6619373117782779,1.3568916855286106,0.4950131028781486,0.323582637252091,0.1578947368421053,True,3
-0.85368878203802212,-0.51747972162840261,0.058567918913245386,0.51319716970263174,-0.85504186509252444,-0.074377913040799798,0.088567084357823733,-0.033438699772679527,0.99550877692055828,-0.56684835183171389,-6.8775402744172602,-2.1792828797384987,,0.2162460535112496,0.3364485981308411,False,5
0.98509412058467416,0.11803094847720641,0.12513300440363057,-0.12835316689839868,0.98866488568148458,0.077892286958138393,-0.11452090698496831,-0.09279245132007366,0.98907761214242063,5.5879814200131772,13.101012536545246,-3.2925768743370827,0.5435049261430153,0.5353411030856285,0.64,True,5
-0.63792485663311682,0.69656001924034627,0.32841439810931683,-0.76386880454823125,-0.62647468516114535,-0.15502876600908413,0.097756466423826627,-0.34976221701054494,0.93172424290891709,0.27225695827030555,16.967961978983176,-2.7882471014960366,,0.4612548266316691,0.5555555555555556,False,4
0.40650494396516546,-0.91364648990758279,-0.0019549965293412519,0.91056008915819731,0.40495407792756843,0.083021194896528816,-0.075060339488255939,-0.035528667993395491,0.99654586406573464,0.13245240336878183,13.498862813032558,-2.6397899489422429,0.5027299746450922,0.4211434311291355,0.4838709677419355,True,5
0.25194393898303735,-0.96203629977138649,-0.10493049857830183,0.96571131049370573,0.24291277509130807,0.091624497171714267,-0.062657133626120007,-0.12441680601759163,0.99024973718054576,-9.8388131413278721,27.69710487414714,-2.1108491957078606,,0.3492916144646357,0.1851851851851852,False,2
-0.52803678109941032,-0.84202936642759818,-0.11028918296782902,0.84828518427576516,-0.51689064189159395,-0.11504916541691149,0.039867329286085343,-0.15430687087240791,0.98721830699048596,18.325289549096986,14.606181908556717,-4.892911494574145,,0.4325558488439666,0.2272727272727273,False,1
-0.73839264719120723,0.64226947515249244,0.20558749928267592,-0.6658624548238683,-0.74264514010045457,-0.071451991862432243,0.10678712389560038,-0.18965262237184871,0.97602684030593534,8.1090768692856301,13.992003004835624,-3.6875022963462762,,0.1524795080820955,0.2941176470588235,False,5
0.99372953596431257,-0.011631114941023672,0.11120398606786271,0.0022631568212529932,0.99646327678335234,0.083998905608272917,-0.11178768927460271,-0.083220521431999137,0.99024131268051618,-3.1340851975143873,22.870778555424959,-2.7133096778902095,,0.133366415001351,0.4634146341463415,False,3
0.75484263949306007,0.59958911373404555,0.2659050287128325,-0.65210618308720147,0.72960749278332571,0.20598648609525527,-0.070499046678603641,-0.32888569620166086,0.94173461402422565,22.795649072457277,0.14812558190669031,-4.9490294248723803,,0.2085035769191397,0.2121212121212121,True,3
-0.040449359621287706,0.98671425886943653,0.15734935859407015,-0.99889709267811766,-0.043690970845095309,0.017195851412961743,0.023842138021397494,-0.15648025565658616,0.98739327628064044,-3.0887267251700607,25.018732374313192,-2.8256517014303468,0.2632008137822459,0.1883379032927389,0.7906976744186046,True,3
-0.93432204196005908,-0.34623837813106273,0.08462450836937413,0.34341585686218451,-0.93803817636403408,-0.046367326203380625,0.09543516732944303,-0.014260616845361014,0.99533349368138535,-9.3360860495401337,8.0432489121012143,-1.279846721366805,,0.2038197088608613,0.6103678929765887,False,5
0.99313536752263576,-0.023637999563218336,0.11455735136747423,0.0051411832570513374,0.98724278455940651,0.15913909818177638,-0.11685764848908725,-0.15745770642315643,0.98058725296505989,16.94559390847985,12.278315004633907,-4.6667869749814539,0.05914952584305457,0.1156642453611782,0.5,True,5
-0.93481279583572641,0.32845128470767265,0.13507327757803589,-0.3331338213683861,-0.94278980141492685,-0.013009512231470559,0.12307271753841297,-0.057158935625883867,0.99075020175411888,1.0377577908795708,7.2517745793793944,-2.5612310671896066,0.5916729295382986,0.4998997160230256,0.9398496240601504,True,5
0.99067620386182431,0.066741470451667659,0.11876967299724765,-0.074542579105085438,0.99525759519598922,0.062495784698312039,-0.11403535856165861,-0.070766484486972148,0.99095309761414418,-9.3809534040780544,13.591817291188026,-1.4415906176492714,0.4045552859230362,0.3242776357593051,0.9480968858131488,True,5
-0.12292901031380604,0.96446194831295207,0.23388375035400352,-0.9916207074729273,-0.12880064436298178,0.0099381347632902638,0.039709330568025988,-0.23070228492164185,0.97221377525612862,-6.5828764605162924,-2.3942544576739526,-1.4800825834420872,,0.5391432973206329,0.3064833005893909,False,1
0.031316383802046065,-0.99862957285697462,-0.041931614815769847,0.99950461969623128,0.031420050969602591,-0.0018153795633169458,0.0031303851926376943,-0.041853991596533621,0.9991188338110647,3.633660966735198,-27.932859744187162,-2.5719765488460329,,0.2751919310795384,0.3529411764705883,False,3
-0.9463575768333683,-0.31977328614319939,0.046393773712166103,0.31579717348116049,-0.94572038828580041,-0.076714355904651005,0.068406739371102532,-0.05794818935683145,0.99597315493886629,11.830774747611409,20.614524247103951,-4.4277370530753419,,0.554420933418307,0.5,False,4
0.77620763226826184,0.61848822632767575,0.12236840075176708,-0.62604782720832231,0.7790641144312942,0.033514528985540179,-0.074604488177574882,-0.10262270460005318,0.99191872189425534,-5.3794319392343555,-1.3573252217046332,-1.6494271223929533,0.329912922803416,0.2668112240435648,0.8766756032171582,True,5
-0.98981832118561808,-0.092997167691062532,0.10775536110433319,0.082425425243817421,-0.99169479901374413,-0.09872930103300441,0.11604197653720282,-0.088842289538992175,0.98926301218169943,21.39263536291341,4.9121664605606119,-4.9554072633994206,,0.1461661688323338,0.3636363636363636,False,5
-0.93902303127250153,0.31141655616759978,0.14579257623251976,-0.32415030621397928,-0.94317310118359066,-0.073151077812372969,0.11472717952249345,-0.11594925505772127,0.98660703652993131,3.7008689187664094,-4.0635570105020982,-2.7105458769206296,,0.5528977265909308,0.8833333333333333,True,5
-0.29721982526933532,0.87776157708335978,0.37575921713645288,-0.95298169658125587,-0.29704939915264433,-0.059896080373972586,0.059044571706281503,-0.37589395879581133,0.9247796874352483,23.416801608665285,14.597979056945649,-5.5094630649376404,,0.3330838020965449,0.25,False,1
-0.80444323139508711,0.58117329707146947,0.12291739597675752,-0.58398184089047511,-0.81161791845354714,0.015542327859815968,0.10879474699084143,-0.059278606733018137,0.99229519287910983,-12.759912826657766,-0.87413262761259736,-0.72993997320362702,0.2661201380010898,0.1892722556278533,0.7236363636363636,True,2
0.62725146769453266,0.76748853153708441,0.13235161591043232,-0.77745101035521347,0.6271036589569684,0.048072106469741444,-0.046103392203943251,-0.13305019685002401,0.99003642475691644,-4.7691923558999623,19.644414436149003,-2.3022888152514938,0.2919259723345695,0.2954143506770036,0.946236559139785,True,5
-0.98965292788700276,-0.10180259449047999,0.10111040539771506,0.091183050730850562,-0.99032357900272783,-0.10461768555384743,0.11078237036685276,-0.094315643592330106,0.98935930065354249,-2.7821689412042825,-11.411483646974645,-1.8744929537119763,0.7212774457003729,0.6533829520702857,0.9417989417989417,True,5
-0.50622510781802643,0.85227128699383636,0.13179451271012338,-0.85857017424501048,-0.51244539473559703,0.016030387118593625,0.081199729750298016,-0.10503985329459208,0.99114743257919513,-16.892231990696704,-9.6634966147816801,-0.21208951841652526,0.3642523233337891,0.2996297425337135,0.952,True,3
-0.068763881607031285,-0.98777792944448661,-0.13987955779418584,0.99738867220326699,-0.071170632330618031,0.012271008689766438,-0.022076348134112224,-0.13867048422798123,0.99009248641580894,-12.823953549881539,7.889363326169784,-0.85078280638447845,0.2248729177678862,0.2466534213152043,0.2962962962962963,True,4
-0.28017760647428125,0.86784069730803237,0.41030846070517646,-0.9582429720399388,-0.27830983557182287,-0.065681366916734055,0.057191916967422179,-0.4115776470119501,0.90957843263442562,-26.697546429997068,26.936896883926178,0.2695648476440034,,0.4865988292232925,0.2380952380952381,False,1
0.13223524183857904,-0.98980247548803835,0.052961309780302612,0.99049127444080498,0.13399562380884752,0.031180251068736634,-0.037958873435919326,0.048334587179684189,0.9981096591104841,2.5411459192557677,18.164041076528125,-3.1540972840929995,0.4641026036852966,0.4796255707883716,0.8467153284671532,True,5
0.32212433010858332,-0.9462896618851423,0.027781140390564091,0.94042599837200969,0.32322478410302269,0.1054736010931836,-0.10878813142115284,-0.0078495064085724736,0.99403396708112368,27.62640735922357,1.8277171220718866,-5.5439074301261702,,0.1932244365095498,0.1666666666666667,False,3
0.62803840894386687,0.71821699193436506,0.29955318290415223,-0.77635010309271157,0.60467799787674048,0.17789051776784814,-0.053369226331217233,-0.34428022217450843,0.9373488434410524,-28.833947010405716,-19.467061851838327,0.98695238511289229,,0.433332922022058,0.2692307692307692,False,1
-0.97845604791231733,0.14540091023110599,0.14656854235399408,-0.16911336997863483,-0.9716842172422181,-0.16501651449732974,0.11842478793849739,-0.18624810674566311,0.97533953694873754,9.6431453615820928,12.708661635462164,-3.804764027246577,,0.2799635672226017,0.2093023255813954,False,1
-0.53503848310867108,-0.84380241081626817,-0.041609050619136723,0.84396085697260503,-0.53161033666292812,-0.071557821733155863,0.038260861083333583,-0.073402598413011527,0.99656819388107099,21.953613577390549,-7.9615262033120988,-4.68721678125093,,0.4560770025385946,0.3636363636363636,False,3
-0.92121594327562761,0.31949697251165415,0.22199745586533537,-0.36748465181097129,-0.90192879731262043,-0.2268908884498852,0.12773494642486577,-0.29059616159560064,0.94828142148190331,-29.350154675890082,14.820382656219348,1.220616280788996,,0.3710185775567371,0.1521739130434783,False,2
-0.62146514581286794,0.76966253223294723,0.14628964083815715,-0.77802043025920531,-0.62823896130005996,0.00013267969667821872,0.092006970600444007,-0.11373387350032516,0.9892417921719342,3.4418654906973551,-5.1456103059949303,-2.6510748532562998,,0.111787614264178,0.3043478260869565,False,5
-0.92820383826889608,0.34812737075042627,0.13132009883214529,-0.35147549396023892,-0.93619378659422003,-0.0024841674223488718,0.12207625390834716,-0.048461610340262418,0.99133690567583188,-10.559424341208745,8.5169525978528924,-1.1402819230032117,0.45817117632447,0.240921593820846,0.9003623188405797,True,5
-0.79284844816586164,0.58602313238221082,0.16723703702806325,-0.59765262050430623,-0.80135508489714069,-0.025325345285532284,0.11917501183268125,-0.12002881413409666,0.98559139623489089,-22.047951112512038,11.688561550118838,0.28823623841589824,0.2604636649986216,0.1862826408169958,0.32,True,5
-0.97123257185994072,0.17234130435204809,0.16433431221920461,-0.19672668721277178,-0.96954331023729479,-0.1458916725258724,0.13418607191736615,-0.17402368915852481,0.97555617660647476,18.909464223509431,8.3281351892910909,-4.7737652600978375,,0.5899635593469875,0.8787878787878788,False,5
0.99322152383197937,-0.0043491285331039983,0.11615545479177346,-0.0068761791540762167,0.99535130671375216,0.096065052872874465,-0.1160332829714054,-0.096212583918267466,0.98857443621542673,2.0755664761259234,-3.9403757170449785,-2.5198734586653702,0.1771893328628136,0.1243144929387642,0.3218390804597701,True,5
-0.77417021423445631,0.61516160696485178,0.14911967243995364,-0.62439676522890519,-0.78084012127849545,-0.020429992008471141,0.10387087639881261,-0.10892613239350719,0.9886080814548992,0.42355144354657309,-11.607849139356427,-2.2121539428434551,,0.2559365850083507,0.7040816326530612,False,5
0.76521334895467996,-0.64264426333808045,-0.038169115528372696,0.63636030921248843,0.74609365399852179,0.19593319351789076,-0.097437607937327197,-0.17422000534321314,0.97987412574149624,-23.545759528413544,6.2118898346713607,0.6267913002775084,,0.2564337318503913,0.3448275862068966,False,6
-0.94951603633168125,-0.3091269642275124,0.053477254384033356,0.30238245519722928,-0.9472203689425166,-0.10648203345775135,0.083571212375244036,-0.084935814871490739,0.99287550066171271,11.006228035221286,13.652801885022139,-4.0276174553744202,0.5645058310034273,0.3920383522209701,0.2619047619047619,True,5
0.99120387042036262,-0.062309300369608134,0.11675803334735647,0.048798203783019641,0.9921427554764376,0.11520194470221329,-0.12301878950486932,-0.10849103116419755,0.9864563211747821,-9.5585800521662829,-3.2698164390501101,-1.1021997949769535,0.3293103124614821,0.353273369499318,0.9436435124508519,True,6
0.77947536295504205,0.58398451697152587,0.22667210345263245,-0.61969418397953213,0.77177168312802724,0.14264496999079843,-0.091636656901314076,-0.25165562393729157,0.96346882152599256,22.103272692887629,11.695961198442111,-5.2305231131463366,0.8412130728733554,0.4931993139593248,0.5,True,5
0.58531250568406223,-0.80612629690619242,0.087003816733260436,0.80610806580858252,0.59009662612037639,0.0444495003312219,-0.087172569815231013,0.044117630009540929,0.9952158448267141,-15.440409549484684,22.995408234954773,-1.0500943299667129,0.7595123191197757,0.6544866307884404,0.9733333333333334,True,5
-0.63154646805924475,-0.77467567386481584,0.032041520001201529,0.76838060644436013,-0.63086848620106439,-0.10768563859018287,0.10363542985915208,-0.043388402142412033,0.99366852835210484,24.169892840070123,10.384020930186388,-5.4366885041817108,,0.3892256352168457,0.4,False,3
0.67613488971897806,0.71233556486673788,0.18820109970638088,-0.73432638390409499,0.67234951126036402,0.093332184214697786,-0.060053083243424975,-0.20130617907539669,0.97768576212350711,8.1359149418526613,18.242256261476701,-3.8395415893108056,,0.3200306991426246,0.1111111111111111,False,1
0.40248625684620543,0.9049161448999351,0.13831696840724192,-0.91512391658556524,0.40161559580260348,0.035399583348043509,-0.023516597182108877,-0.14082501165474645,0.98975516454798806,-5.2193500779022814,7.514964956232463,-1.7594912667165417,,0.1103046260231711,0.2233009708737864,False,1
-0.82678634329139544,-0.55466807276701968,0.093635845698976095,0.55579257451747743,-0.83116666396916883,-0.016018452409543867,0.086711917624261739,0.038798270055281206,0.99547764293460661,-6.7505093586267524,22.281660633290048,-2.2207742850892633,0.2154815717702542,0.203195148403192,0.6382978723404256,True,5
0.44570404261572044,0.84823046460312779,0.28609960733137052,-0.89417713412789224,0.43698152074147034,0.09743922892397977,-0.042369319074441927,-0.29925278519945692,0.95323271626163475,12.657675665052114,33.38749816390655,-5.3782790271590741,,0.5049696595747467,0.1666666666666667,False,2
0.029276964810832872,-0.99087921999970885,-0.13153414273196848,0.9991511114316316,0.025194874711467984,0.032592557635279067,-0.028981301841028602,-0.13237669606483621,0.99077570341755805,-20.058052330319718,-4.330035633416248,0.22459216875282281,,0.275612390345976,0.1904761904761905,False,1
-0.25503533651009069,-0.96537761847867853,-0.054799916711807284,0.96692500993723351,-0.25483500478661281,-0.01073058681009746,-0.0036058686979487872,-0.055724088829187765,0.99843969454098269,5.4305621700259401,21.815667706759495,-3.7438519516963384,,0.4057974094554159,0.2608695652173913,False,5
-0.67757389112288835,-0.73521953049269262,0.018597420538694218,0.73307166714255945,-0.67719641942421693,-0.063331985219547804,0.059157019037616165,-0.029278857578894382,0.99781921989780176,-6.5358534094663181,-11.878904184459486,-1.4625235680244808,,0.15971472554181,0.5,True,5
0.17083778587748022,0.9752773291571124,0.1401734002892516,-0.98529069628965926,0.16850872303514228,0.028408697015266784,0.0040859174636473927,-0.14296482607003816,0.98971933586509508,-0.2169914869417327,31.167938119694863,-3.5676693974965992,0.606766371213436,0.543943911235488,0.9565217391304348,True,3
0.80920339858058132,-0.58744223562871667,0.010073704639861153,0.5773038501437916,0.79818881006731057,0.17208976754149269,-0.10913351609286101,-0.13344003628171494,0.9850297621809927,-44.58209428592879,21.653839621883908,2.8721691454485034,,0.7307865105362035,0.4166666666666667,False,1
0.47355400244308327,0.85446586275579395,0.2136227894095849,-0.87857866878907087,0.47535187164676856,0.046261440430847928,-0.06201717116217946,-0.20959171621729161,0.97582026161282898,3.110851542165483,15.586980756969506,-3.1251103259705628,,0.2294004487759715,0.4193548387096774,False,5
-0.85904790608770876,0.48655341411283604,0.15906750221671864,-0.49914797475908307,-0.8651017705869517,-0.049499755769361692,0.11352530264319274,-0.12192088312698425,0.98602601584202998,-20.716333325599454,16.51094916052805,-0.048840995331441664,,0.2010162868595842,0.65625,True,2
0.5385274366396593,0.81793518519905328,0.20241104910480606,-0.84159709204005573,0.53389476191344909,0.081674462784297949,-0.041261782026953964,-0.21433248940553087,0.97588885090935851,-19.627753545258752,-2.8870755510266783,0.13459696329157544,,0.2726440808769505,0.25,False,1
-0.81869627484086993,-0.5660709442410945,0.096437003518766773,0.5683121301918902,-0.82279757200654313,-0.0050475911971798303,0.082205427061958367,0.05067387478902248,0.99532629131126027,2.8135663156946684,-7.6391659559143168,-2.5449843927406959,,0.1414260189331587,0.6144578313253012,False,5
-0.33112368442339762,-0.943296575509457,0.023423839267014177,0.94351845187801309,-0.33129747237184509,-0.0038620934408416813,0.011403358259449631,0.020821993952533688,0.9997181642784374,-11.44680567035782,7.1816190383239125,-0.96375062460857008,0.2580277528835818,0.2076500549099667,0.7507507507507507,True,5
0.23225321920268693,-0.97209824674899203,0.032915662495632367,0.97256760014196064,0.23255382620060752,0.0055660644595162062,-0.013065424757674717,0.03071997049144759,0.99944263371586672,-6.1889853962282277,-3.9158055012725068,-1.5192974011640739,,0.1683488591309246,0.5031847133757962,False,5
0.58819460857633032,-0.80434303757922587,0.084020118659530268,0.80358106629517001,0.59298751991209042,0.05121787891377301,-0.091019626090503569,0.037390896302875468,0.99514689797035105,4.2362885787420952,-9.5958771533113243,-2.6824009597475214,,0.08203454687826221,0.3529411764705883,False,5
0.9191631436867066,-0.38627075979634234,0.077032560741073702,0.3761579891947765,0.91886180858332267,0.1191559645671508,-0.11680874304996702,-0.080547357829677368,0.98988274088083006,-12.763183193156076,42.595804222770155,-2.7703805557377561,,0.4339572001907833,0.7096774193548387,False,1
-0.98653887110124461,-0.13747154092255917,0.08855863166658931,0.12302661321807312,-0.98071353816453477,-0.15187300122434663,0.10772886449959529,-0.13893355065345764,0.98442468490811985,24.757386171504692,-6.6734974543919447,-5.03311235185814,,0.5213420895168326,0.1818181818181818,False,2
0.086570676320444892,-0.99108589251361068,-0.10126337769361755,0.99561045220355338,0.082438078035825105,0.044314678750894419,-0.035571694708806459,-0.10465522896759007,0.99387219378815739,-2.257334133823294,-31.404571685647973,-2.0626945860948593,,0.4424677008549637,0.1724137931034483,False,1
-0.47210407031029578,0.85068530805696074,0.23119743392279607,-0.87812757584254431,-0.47687693116883506,-0.038475356579131009,0.077522302219093037,-0.22118521463928953,0.9721457676108165,-11.327521185387781,3.9882409808248402,-0.97554628414640243,,0.1924682442082533,0.3788121990369182,False,1
-0.31151624728920146,0.92371261452073883,0.2229633006799881,-0.94957961710220173,-0.31136051052776753,-0.036785639425254257,0.035442607958358414,-0.22318073003543501,0.97413252860273636,1.4930886141716075,9.8468806554652097,-2.6925355699577467,,0.5024293099746052,0.4137931034482759,False,4
0.39489504453004148,-0.91865439718260256,-0.011489227244879802,0.91687625667235451,0.39327583391747784,0.068352384062312851,-0.058273782750960276,-0.037526217416364888,0.99759508281181519,18.850255566264135,-0.78724398674116269,-4.5181192988185277,,0.2873290269411019,0.625,False,3
0.39756985564567093,-0.91729330325428493,-0.022609858175692651,0.91490098840917555,0.39441348043243596,0.085989463663219884,-0.069959926313540449,-0.05487260024836739,0.99603946028869206,20.248541558911075,-5.2261919236258603,-4.564838909496113,,0.1093881296790416,0.625,False,4
-0.59589462342687116,-0.79978650602305379,0.072464767676314712,0.80149542755935099,-0.59794015577360404,-0.0085234802100199215,0.05014655892880214,0.053001083921680736,0.9973345515576636,-11.148319099012797,10.853028278780412,-1.134771480519557,0.1970267733288748,0.1790961553008514,0.4603174603174603,True,4
0.085501447008451789,-0.9757416807895819,-0.20153827162448118,0.9957072041271896,0.076483895892369216,0.052128469365034825,-0.035449488129972472,-0.2051301685248843,0.97809250470100018,3.2594484953212071,-29.615592624933818,-2.548760535103884,,0.1657977979482304,0.4166666666666667,False,1
-0.95041321400050238,0.26950432541008967,0.1551842171049897,-0.28765654522872836,-0.9514726772795058,-0.1093318635057636,0.11818813240045978,-0.14855020355362325,0.98181688841854275,-6.328305197801499,9.6515379226377824,-1.6954729818969843,,0.6636977374282426,0.4832041343669251,False,1
0.56853961442385681,0.7873188527445103,0.23851987536438379,-0.82140891266671723,0.55925124779798707,0.11191711231119435,-0.045278085454824001,-0.25955166335329721,0.96466721154400337,-7.6822774972119632,22.628611288385983,-2.0803429242086255,,0.2333169951981526,0.1333333333333333,False,1
0.38938026481237004,-0.92059633587614653,0.02975560024701833,0.91995181105821899,0.39029795442291942,0.036826242056263433,-0.045515653410121565,0.013034306452456651,0.99887858729174483,4.3341215557465542,-13.62923236377357,-2.6394158838224371,0.1215175178232644,0.1243671637501,0.2592592592592592,True,4
-0.026132585450415094,-0.99934134073375458,-0.025178814073331293,0.99940387925351215,-0.026686074797726309,0.021902957446931333,-0.022560454576729696,-0.024591423552791467,0.99944298875770754,-9.2015075807668012,-31.497193525487013,-1.4182615397912712,,0.2241022491945385,0.36,False,2
-0.99147717714150618,-0.10261231499285098,0.080272785047727918,0.07397261860534296,-0.95059775955925851,-0.30148292027507573,0.10724299000018273,-0.29297544663798547,0.95008648488603109,19.634441698392841,14.434440023689016,-5.046770550494367,,0.5990975438147094,0.4666666666666667,False,2
-0.91995091302556231,0.33039833431671806,0.211014829583546,-0.37421410130462451,-0.9005104310640295,-0.22146053808669594,0.11685086224845326,-0.28269754902654332,0.95206510899527175,-4.5940154827591249,-14.032678314670276,-1.6604242501308526,,0.4006875039688149,0.2,False,1
-0.88712440114313129,-0.46055827943554445,0.02993940780662542,0.45307454486971205,-0.88139738320164573,-0.13364920380007447,0.087941763045459309,-0.1049986863187418,0.99057635858312021,21.391143076904807,2.3287336484104824,-4.888702820422627,,0.2013759321012864,0.3333333333333333,True,2
-0.96245111262841587,-0.25412257834082064,0.095444072512328781,0.24712429016805601,-0.96573280606656842,-0.07930783376014576,0.11232738316750569,-0.052743364172243984,0.99227047548868197,-16.162030654366578,29.318666941000316,-1.3598070836798171,,0.5453167147700746,0.2777777777777778,False,2
0.99122074784943559,0.03879038518034679,0.12639911016445299,-0.067200533074276966,0.97111277198959933,0.22896303726411643,-0.11386622584128357,-0.23544700060998125,0.96519386265994522,16.694228761681956,-16.69146833883072,-3.9866550117658215,,0.7876780724959774,0.4642857142857143,False,1
0.037598388889464505,-0.98907514300002553,-0.14253674141215633,0.99876581620294802,0.032562003248916241,0.037504137490102438,-0.032453128314163131,-0.14377092002173775,0.98907872134564079,20.512085005118205,-2.2036213635435224,-4.6648387300792233,,0.1800096295891266,0.2666666666666667,False,4
0.992381606377987,0.0090618545555779806,0.1228683446403508,-0.045326000756406228,0.95420066978299944,0.29571377282958339,-0.11456134155148821,-0.29903003959082397,0.9473419311126442,-28.161953851918618,22.26705518861959,0.70758154849345878,,0.2202607303523491,0.4,False,1
-0.99086981923517115,-0.11979106018330578,0.061863585646317221,0.10774677349645113,-0.97941013190576343,-0.17072324481874154,0.081040941072794165,-0.16249890898247615,0.98337504058702896,21.228251442182408,-6.0160993079784006,-4.6503127212214199,,0.407353282468349,0.4,False,4
0.2454205167018238,-0.96748053955761126,-0.06123867698704219,0.9661630150294287,0.23893698310552383,0.097150123487697415,-0.079358669161308529,-0.083009178298210584,0.99338395293421267,-8.8104808982420284,18.838526841114209,-1.7368675676352818,,0.211669940740416,0.2580645161290323,False,2
0.4529522584902449,-0.89144161260995691,-0.012888088917527213,0.88503612092028705,0.4478613062417946,0.12700911399488254,-0.10744913305819583,-0.068935489254470933,0.9918178170038533,-16.029946206443576,33.430654077252235,-1.6184992139009986,,0.1284531249170268,0.4,False,3
0.03016959241303907,0.97024041586883225,0.24025680241838709,-0.9989194441233864,0.020765552286965801,0.041578071028410407,0.035351659732710532,-0.24125158497488489,0.96981850513446588,-1.0979231164279351,-16.722185488349179,-2.0176127509083055,,0.3130861503288933,0.34375,False,4
-0.89621008656471446,-0.44144248973040018,-0.044000102275941172,0.43991367963350964,-0.87150996740820619,-0.21667102062678717,0.057301267097452577,-0.21353900104845797,0.97525261333679791,21.850066055310556,1.3700515057927003,-4.9052806793431651,,0.7216376588332041,0.2045454545454546,False,2
0.82907506208906989,0.53672406994212862,0.15672209214645536,-0.55862593180020803,0.80709851015583334,0.19112577854539675,-0.023908361348166013,-0.24600664147333828,0.96897323111046463,-1.9058949210065372,0.84864637289087885,-2.0795393824714092,,0.441376280042632,0.2420470262793914,False,2
-0.38922643743845581,0.84856677532651326,0.35838137257805491,-0.9185622360817185,-0.38665380479946143,-0.082111227482321344,0.068892661753783044,-0.36115545551197609,0.92995727757269364,4.7210006029826719,10.619647383436527,-3.1299534394294981,,0.7090942458460522,0.4021739130434783,False,1
-0.92987286255047275,-0.35273579339802319,0.10446970636532606,0.35399374263409406,-0.93522258631807687,-0.0068661646088035398,0.10012437099975798,0.030596962208615713,0.99450436712741919,1.7411787460177712,-8.9643268742501618,-2.4002020669848498,0.2145206206016506,0.1785889110271544,0.4,True,4
-0.62159730664124857,0.7192055682828179,0.31041929535280732,-0.77803282839320576,-0.61288054983562279,-0.13799402007207448,0.091003880789848335,-0.32729311356057078,0.94053044155785481,-16.799777271568193,22.911228132810983,-0.87048080626314828,,0.241886735050316,0.45,False,3
-0.97532230913336426,-0.21546006670799506,0.048201171779850269,0.1921079376478608,-0.93576567283041578,-0.29569772715549764,0.10881605396011193,-0.27914076235194984,0.95406472589343994,-2.3018377311526765,17.555374806523574,-2.5097042856359839,,0.6239702566624152,0.3703703703703703,True,1
0.6774335736427054,-0.72816272594089837,-0.10422474683103083,0.72907333777979344,0.64585372744066771,0.22655028335808045,-0.097651530660321686,-0.22946025211638554,0.96840702767915743,3.7828221218852387,16.649081875783583,-3.2448500268605058,,0.3334954761910305,0.1818181818181818,False,1
-0.89538412156574776,0.36800343496442051,0.25072045529298315,-0.43007732802203075,-0.860617224749893,-0.27271135727215756,0.11541562619231355,-0.35201060256500682,0.92885293179946216,26.307959146273376,-1.6670300920451258,-5.3147631107658109,,0.2344761487963633,0.1666666666666667,False,1
0.94324876926210044,0.30812039507935912,0.12386921095120125,-0.31717542246577474,0.9463948568293693,0.061127132687338354,-0.098394667890037951,-0.096946361989802415,0.99041400041990102,-15.547624271191687,13.5158210712744,-0.60706203423805671,0.4175195095029717,0.1907655057913221,0.5365853658536586,True,3
-0.18363087641143899,-0.98166883145575201,-0.051049060487575779,0.98252369741026124,-0.18490352741434241,0.021397887208839596,-0.03044479028726443,-0.046227598878060647,0.99846688670497863,24.65433185876843,12.06676638078598,-5.5219653226272731,,0.3636942926868089,0.1666666666666667,False,3
0.48250837932079138,0.8301530023620487,0.27934146945002664,-0.87582375866632023,0.46123897659142354,0.14209627098729855,-0.010881527504117618,-0.31321653714670472,0.94961939387156824,35.673698524092579,2.6815357436879053,-6.4470639173546385,,0.2242454426259115,0.4444444444444444,False,2
-0.39290956806221838,-0.91944192847755313,0.015767418388498863,0.91930685912221544,-0.39315202112869457,-0.017503915369663683,0.022292826110811556,0.0076176400479046058,0.99972246221843608,13.187074530684953,-21.469771410345928,-3.5619359268767781,,0.4989717156323984,0.2307692307692308,False,1
0.00061634828741641192,-0.99582570575370388,-0.091273127890550115,0.9996707305655923,-0.0017278108589684205,0.025601662447764385,-0.025652496277014405,-0.091258853980157678,0.99549674585353842,-16.465263699983193,28.580914565739402,-1.254684439823107,,0.3180041122644128,0.1428571428571428,False,1
-0.075294617321589985,-0.99635761166374714,-0.040027868817962969,0.99703280926042759,-0.075868704615109209,0.013019866292879739,-0.016009305439477359,-0.03892877264618079,0.9991137336657957,12.978279905365655,-23.493417837726358,-3.5721406624132648,,0.3110211902853348,0.4,False,3
0.14826627945489504,0.96276634225918456,0.22604884558314936,-0.98893407194659966,0.14314908456468531,0.038958194663151258,0.0051489532647317135,-0.22932359189835677,0.97333662135928833,10.776629067021789,-21.433333979547545,-3.2900397564417574,,0.1062300896995742,0.2,False,2
0.54222754429551667,-0.83679197576967368,-0.075950506876112864,0.83863946216153218,0.53342232257406919,0.1102019885714467,-0.051702443971913897,-0.12344964587705719,0.9910030485423138,-10.118047190193238,26.534383998957981,-1.9749506973915161,,0.1794895050901216,0.28,False,3
-0.15713918764869808,-0.9866717964467564,-0.042261587779414536,0.98757644564067948,-0.15700387313477074,-0.0065228702579982079,-0.00019930085074497741,-0.042761547179805459,0.99908528683088882,34.341406097714554,9.209378639883834,-6.5250273597267867,,0.3082459345930135,0.2307692307692308,False,2
0.92420809517282076,-0.37960045864703895,0.041747917456851177,0.36350140493876687,0.90794870884472556,0.20855663670748686,-0.11707316269995013,-0.17757430529824333,0.97711884674960459,15.888432318047249,-33.384253277710243,-3.8823449131359418,,0.4986666801026688,0.9655172413793104,False,1
0.51060795254805857,0.79575275529739165,0.32566404657451548,-0.85899283634567281,0.48865987308209069,0.15278362329192974,-0.037560962467630965,-0.35775561613481871,0.93305953358963156,2.5513660445489492,12.082166394598314,-2.8860213644176547,,0.3043518888924838,0.25,False,1
-0.31602232828261317,-0.94562353204202254,-0.076980670789538921,0.94866840344226788,-0.31387717319336794,-0.0388507459187135,0.012575704240171313,-0.085306833234574775,0.99627536146707618,-25.787339181436682,7.2182836609563665,0.91422086270564973,,0.4977313017205793,0.45,False,1
0.95846845126849778,0.24746187901953359,0.14177745362041655,-0.26505674204044394,0.95641579813914546,0.1225305862581548,-0.10527654734969832,-0.15502077119529242,0.98228580824327472,21.944847769972025,-14.995490185918021,-4.5702711894686079,,0.1163066857728365,0.1739130434782609,False,2
0.30199986220522412,0.89764502116702416,0.32098208548465662,-0.95324652489497919,0.2881707544380776,0.090987246701041025,-0.010823400744335777,-0.33345319350793901,0.94270452514862013,7.6350579865704589,16.026808930763167,-3.7196003438188669,,0.2596591163561551,0.2903225806451613,False,1
-0.036424415731489863,0.98650606884152736,0.15962154640729026,-0.99891936700163675,-0.040555835186386752,0.022700714997192471,0.028867978240062517,-0.15862219381653297,0.98691724043161855,-27.24162830994911,16.913776552333506,0.83606544580500108,0.8442190698988433,0.3732551389113412,0.7727272727272727,True,2
-0.40266868407453643,-0.91529228662861495,-0.0098975200854729134,0.90683120866826339,-0.3974283114380302,-0.14038481489382149,0.12455958353710725,-0.065503948779270224,0.99004754574888199,3.5308094549823261,0.57350725298030558,-2.7660795394574267,,0.356094054362272,0.1520833333333333,False,2
-0.06624433121190855,0.95490127316103524,0.28943953962394431,-0.99724950017522429,-0.073025217315924137,0.01267880263383309,0.033243390058064273,-0.28780353741987935,0.95711232405922508,-8.4191450854450576,-1.2206401094443522,-1.2483060984762022,,0.1730484756272956,0.2195121951219512,False,1
0.87816518972158819,0.44821011865066052,0.16713344698296723,-0.46974136748832973,0.87401505509442889,0.12426073852378819,-0.090382228515574037,-0.18763094895950436,0.97807243073359085,7.4556730203368078,-28.809910359974555,-3.0041173291585737,,0.5284203584728945,0.625,False,1
0.88490210841282291,0.4252044444948257,0.19013005787719972,-0.45670092198075035,0.87226994014828063,0.17484112609923169,-0.091501510307060621,-0.24154985385125291,0.96606477097344001,4.3515737898268654,-28.691010538702606,-2.6657568494877983,,0.3744450721439471,0.1538461538461539,False,1
0.52702350292167566,-0.84953385975503726,0.023204493053633507,0.8457782466901711,0.5269722844413105,0.083422831745317561,-0.083098644958070442,-0.024339937559826427,0.99624403769644587,35.035688758061426,8.141094209862425,-6.5424002002733745,,0.9531431389877123,0.4666666666666667,False,1
-0.95808221040642927,-0.27711894723374347,0.072688150250172806,0.26659812515822601,-0.9552746078619061,-0.12796821181996676,0.10489956036537508,-0.10322554266431644,0.98911099962380777,21.294378700900502,8.2636908797520423,-5.0301619106653606,,0.5564541636811383,0.2,False,1
-0.013720255960499261,-0.98450263460114695,-0.17483225400302937,0.9996182993626147,-0.01769817106790415,0.021213918078612323,-0.023979369378139589,-0.17447446003427719,0.98436967275509613,-27.789398859418643,14.925207836078403,0.98284037841807215,,0.6545940544662294,0.56,False,1
0.99205370588248543,-0.072796681697113452,0.10261621596373854,0.046580078263220262,0.97016604147134544,0.23792466934896128,-0.11687489445479615,-0.23125417857783559,0.96584769189374331,4.7456569019812971,22.904352127594485,-3.7183783477673589,,0.2580201685396467,0.1428571428571428,False,1
-0.74825833850372836,0.63317999877975795,0.19797107870824485,-0.65520171218040901,-0.75212172055001913,-0.07087759753786757,0.10402007121464918,-0.18274574310266525,0.97764196829020933,27.337040837553165,-2.3558124771246662,-5.3995291193770125,,0.09436138481026432,0.3571428571428572,False,1
-0.7914186085776973,0.5820424850758712,0.18677026413121806,-0.60171478231852027,-0.79561202196049441,-0.070291046736470839,0.10768429196645438,-0.16801207122893613,0.97988572659522166,-12.916715706754189,13.60271709095791,-0.94250765638045531,,0.08235943022816856,0.3333333333333333,False,1
-0.14725047531774946,0.89481959556226109,0.42144417058074168,-0.98818755817857751,-0.15138205050048756,-0.023850045017348206,0.042457595077424685,-0.41997781629993314,0.90654067003978489,28.1254694430773,9.352674396793196,-5.8709089887486243,,0.2672330390001591,0.5454545454545454,False,1
-0.97824564648784373,-0.18195584409321361,0.099636970688127324,0.17615599806076637,-0.98226143445203817,-0.064277046723067985,0.1095651380448904,-0.045327091110618598,0.99294558528484023,19.227381197573045,6.5277468008643353,-4.7447923979187614,,0.08847427490698304,0.2272727272727273,False,1
0.20980916522531218,0.9201297825655349,0.33066795645081815,-0.97774219892671743,0.19725478594888959,0.071489452775956655,0.00055373766860716475,-0.33830715726416472,0.94103557888022205,27.394933485087201,-0.26348547777264553,-5.4767561270579357,,0.1730701123552887,0.25,False,1
