axis_00,axis_01,axis_02,axis_10,axis_11,axis_12,axis_20,axis_21,axis_22,location_x,location_y,location_z,dbh,dbh_approximation,score,reconstructed,number_clusters
0.93826052363807866,-0.33694693003087128,-0.078319576896007742,0.34462753495755694,0.89083381334864276,0.29605232500994383,-0.029984194694479483,-0.30476529221269055,0.95195539009505981,-1.3768971076034873,-2.2670039960285222,-0.9621354367039755,0.1168331079833941,0.1931041212565298,0.2722772277227723,True,2
0.98522088968385491,-0.16493874378417636,-0.046206161163313816,0.17121590020451194,0.94043379601633692,0.29371651439348889,-0.0049913973705711691,-0.29728687510416563,0.95477515669559032,-23.886984400865316,5.1720933294315001,-2.0233859320270073,,0.1947461970780794,0.3181818181818182,False,1
-0.29738873740979693,-0.92398716585134999,-0.24043222788094992,0.94584119182587523,-0.31945089455007514,0.057754357554776349,-0.13017057542784025,-0.21023520949913924,0.96894622037533074,-16.743968328361298,10.501295547426976,-2.5221416526246863,,0.2632003373961018,0.2,False,3
-0.50553437061621909,0.86227677367307309,0.030228557848796633,-0.85904131671794748,-0.50628877960622065,0.075628617707441448,0.080517180136650171,0.012265285516391106,0.99667775457970531,2.1470000878908904,15.206425242612488,-2.6654825797194364,0.4096327706606246,0.3157037525570177,0.8679245283018868,True,5
-0.98867604098418016,0.14820590354803642,-0.023551987970389241,-0.14685024599190064,-0.98781701930482424,-0.051502831221697909,-0.030898078192106729,-0.047461000044694751,0.99839509325656861,-14.587040139343523,-17.022179686194804,0.25001804167362851,0.5578457204075099,0.265886078075025,0.4,True,4
0.49522317376166503,-0.86612778215632158,-0.067651113415782851,0.86469655595109995,0.48387881136248884,0.13476335570447626,-0.083987346045283531,-0.12523562149562759,0.98856571092308987,-37.976792376956915,2.663330917259243,-1.8557893384231863,0.4819431439580248,0.4225850788337636,0.9344262295081968,True,5
-0.49341869478154959,-0.86867410242243659,-0.044082824553867084,0.86471376991010718,-0.4953761631750741,0.08290086299788238,-0.093851413244145421,0.0027858102084189207,0.99558231778872053,-6.8114053654658688,20.266127852076831,-3.3957719499475876,,0.1092479123894818,0.5,False,2
-0.99308953469240191,-0.11692416411530281,-0.01009534201338292,0.11696134820490516,-0.99313139880686541,-0.003172968643241042,-0.0096550044288096423,-0.004331806765984738,0.9999440066021813,-16.410502739283992,-9.012329857998493,-0.51235198019602679,0.8165689174820455,0.6894019462142262,0.8872180451127819,True,2
-0.23253026192000609,-0.95821504458543094,-0.16659413441521392,0.96612498381408818,-0.24728680472597167,0.073835979431762538,-0.11194727750884249,-0.14378165577903257,0.98325715991280693,-20.124073898805474,10.000862465487611,-2.5081723100149569,,0.4103746602681145,0.5416666666666666,False,1
0.25073659681055882,0.93867524392536872,0.23668533005133283,-0.96158934742946933,0.21329131471098192,0.17277946052418308,0.11170087703337968,-0.27091622600078785,0.95610005363427508,-41.022237621184274,9.1370187332079436,-2.6067683758516957,,0.3899390551719752,0.2,False,1
0.76179221471161718,-0.64729304358557205,-0.026159841943245003,0.64488234213982842,0.75387528834098894,0.12569333484731757,-0.061639162883822131,-0.1126222240701945,0.99172417951992331,-0.31447637848373777,8.5195342046975338,-2.0384526983732529,,0.08015199799141089,0.391304347826087,False,5
-0.96295029980661895,0.26940160708579164,0.012226782157869312,-0.26828035715254733,-0.96158274639067987,0.058174494495956547,0.027429365075498775,0.052738941431840249,0.99823155329222324,-10.177591722653922,11.136546821391111,-2.4993745552596867,,0.1636488075293461,0.3780487804878049,False,4
0.99459370863252916,-0.10234356365554595,-0.01758265414766853,0.10383974106569467,0.97887523275149813,0.17612662172741489,-0.00081420145100783749,-0.17700020814672957,0.98421047718057431,-15.306140767171934,-0.8229883152468348,-1.3048457986262458,,0.110841005863659,0.3958333333333333,True,5
-0.93057088661816811,0.36587666785572542,0.013118265794954592,-0.3650124993669166,-0.92995561047554098,0.044141112933193435,0.028349608191167497,0.036288103613378593,0.99893917394982201,6.9943634813020852,-5.1077639904699401,-0.55318202752373746,0.6582373637080755,0.5839532990886431,0.8578680203045685,True,5
0.81926801271045979,-0.5535538179045052,-0.14959309487004946,0.57247353696834868,0.77469443560023687,0.26855647622237511,-0.032771524535830474,-0.30565781870152808,0.95157728275018305,-17.512844945587727,18.882882772279284,-3.4740982202569044,,0.2324307389465748,0.4782608695652174,False,3
0.80922206995803425,-0.574458433963422,-0.12311437422627169,0.58439246268880052,0.76553068529853752,0.26916206905667467,-0.060374589401113399,-0.28975899902271118,0.95519350470991149,2.5890109741295193,-12.854601782698818,0.14246356774145558,0.3206642519602717,0.281328917098692,0.1379310344827586,True,5
-0.90752486560158518,0.4111088270713194,0.085954351948400384,-0.41825879678376809,-0.90324447642220296,-0.095963507260709666,0.038186348710242214,-0.12304043285369876,0.99166670542846991,3.5322771709559091,5.8162502293109961,-1.7288193626981962,0.3888985205273825,0.3224893553591106,0.2352941176470588,True,4
-0.5425356740956182,0.83995313233236024,0.011566236149723408,-0.83537332541460096,-0.54092342247246428,0.09774077044114611,0.088354114331851891,0.043365729622987216,0.99514469499410085,-19.472533397972335,0.63128246521356235,-1.489403726482925,0.3227659267782933,0.2631462885033807,0.8067632850241546,True,5
-0.90376393291191204,-0.40354668586956566,-0.14269136586101366,0.41612276328654402,-0.90644864284190807,-0.072060417462240511,-0.1002626522807096,-0.12450273175216507,0.98714055247663957,2.0623645984676386,20.808615304719872,-3.2452363117011154,,0.3105961149053518,0.4285714285714285,False,4
-0.48785919207578721,0.85333908962611493,0.18386355490752745,-0.86831786429409152,-0.49600435238749629,-0.0019413810568998102,0.089540467135858684,-0.16059912991275407,0.98294985844465088,-4.1167955414958266,13.144031404124457,-2.6102433965185639,,0.2611394383040969,0.2083333333333333,False,4
-0.32713215011777969,0.92761518900869988,0.18031810080985547,-0.94127855230625457,-0.33673334530194254,0.02460368122873928,0.083541865717502301,-0.16168090574374414,0.98330058547237886,-2.1513005502211118,13.565123016939642,-2.5943718938663891,,0.1880945016746892,0.1666666666666667,True,5
-0.987935093390232,-0.14709289205650683,-0.04845546774601206,0.14959576127014543,-0.98733344602064554,-0.05285616878852975,-0.040066937218080634,-0.059467196633511715,0.9974258333663274,13.614001732027706,3.704165183016245,-1.4043422263668663,,0.4955404925033776,0.1111111111111111,False,2
0.9764231825353511,-0.20353629764049636,-0.071907886565629964,0.21550084215300822,0.89975685471245126,0.37946935242427865,-0.012536173215163485,-0.38601888288107922,0.9224056951365619,-10.3564667809949,-12.964111587425789,-0.11210344640917511,,0.4824214443894088,0.3571428571428572,False,3
-0.79526442065760228,-0.60336496091272784,-0.059204942183159054,0.59993546622548699,-0.79727508654960866,0.066557289098359451,-0.087360961538531456,0.017411499363840822,0.99602454893891434,-5.0839796244564726,-6.7948522540701068,-0.626774227021346,,0.433453018974026,0.6701030927835051,False,2
-0.88026243608741783,0.47259587203304793,0.042322397743600075,-0.4740204168847188,-0.87984659837158818,-0.034272550392154516,0.021040151850259065,-0.050230519321108988,0.99851600234490512,-12.372093417916039,25.994932146868216,-4.0952591289417848,,0.4207547610665411,0.4827586206896552,False,4
-0.40983602347324199,-0.90827225688188939,-0.084118614125056876,0.90510818268516946,-0.41637927969531979,0.0860666780859905,-0.1131972239058493,-0.040863220860411276,0.99273188005670676,-17.011390170930785,13.113938772364831,-2.8538392712565228,,0.1292714964549268,0.2727272727272727,False,3
-0.77753123474301755,-0.6001332203542955,-0.18784380965626615,0.62015940542623149,-0.78125721109730872,-0.07098930884180403,-0.10415128832799078,-0.17168951026674967,0.97963014510782731,18.348831947138017,3.2029083159444465,-1.2396277053701394,,0.1801032597502684,0.4166666666666667,False,3
-0.99989454677327494,0.0099860761513656561,-0.010543889992178906,-0.010527115126754149,-0.99856175843932149,0.052569900415346378,-0.010003758302563559,0.052675353493550431,0.99856158145311946,-12.904649188051041,15.801521046419282,-3.0447366740150312,0.2483601507602648,0.1297494088360675,0.4615384615384616,True,3
0.66763538783676479,-0.74114654602389018,-0.070461239166731013,0.74193064243624407,0.65451652855453124,0.14542020376505174,-0.061659636085498994,-0.1493650265818082,0.98685772941798533,-7.4236004125071684,-4.3569024594032344,-0.91676119910380693,,0.09726137505972762,0.1565217391304348,False,4
-0.9899108529224635,-0.1391042854351584,-0.026953683234277676,0.13802976771992367,-0.98968697192761357,0.038307712277482822,-0.032004476085443254,0.03420080949808757,0.99890240671457564,-2.2389987653579744,15.391252962497436,-2.7805332035860646,0.3586011057470496,0.3718196851657686,0.7555555555555555,True,5
-0.97689948465413678,0.20810275698610239,0.048586411858307865,-0.21299260271622059,-0.96664459548218085,-0.1422405610691308,0.017365139522968455,-0.1493032771236924,0.98863895501314025,2.8901916341699398,3.0418499038537918,-1.4758460070041046,,0.5104415817154052,0.3707865168539326,False,3
-0.85721788245432018,0.51280321704963328,0.047014493340644795,-0.51469549608680309,-0.85610129537326296,-0.046681027925492113,0.01631098735486753,-0.064213959882314306,0.99780284578053902,-11.146690347656655,-7.8752814811455796,-0.58318789645441937,0.5543703951763637,0.2196914261577217,0.2058823529411765,True,4
0.28852863381564858,-0.94910215815790555,-0.12631833140316834,0.95023209038524881,0.26765169501403241,0.15944135146879276,-0.1175168152672421,-0.16603512741622078,0.97909250563637962,-2.0652287579841833,-18.110500495521517,0.67228111750386188,,0.1868608244182015,0.3333333333333333,False,4
0.93879894958059917,-0.33421179058178591,-0.083420688695783493,0.34394913572659641,0.89623178490364463,0.28012065215073639,-0.018855352006521893,-0.29166944777357617,0.95633331476853134,-4.7306141553199348,-8.9431038601673531,-0.40641568654415833,,0.2002115426067765,0.358974358974359,False,5
0.024730274600350006,-0.97624588740622587,-0.21524957802658376,0.99327653772064495,-0.00036303841744275353,0.115765227148728,-0.11309347077475523,-0.21666526146463477,0.96967315696712042,-5.2595021256701608,-17.530389714664985,0.51521101935521463,,0.1976531960478236,0.1739130434782609,False,4
-0.82870487109172086,-0.54585092364497856,-0.12367297920231921,0.55613900874871214,-0.82793551825850242,-0.072333813351879536,-0.062909773301558225,-0.12872275153191995,0.98968318853115722,13.61202328913331,-3.1605090279808232,-0.66374412793713167,,0.7161788459203419,0.4851485148514851,False,3
-0.29335654701958941,-0.95322223688121133,-0.072864967137325584,0.94957840923585801,-0.29935894194234325,0.093193715411816563,-0.11064710133501619,-0.041852013026147897,0.9929781608735504,3.9576880939292738,11.13808254314738,-2.2309459249067105,0.244013160192849,0.1807678460199001,0.4285714285714285,True,5
-0.99565586396485106,0.091581345116793125,0.016800529128731406,-0.093025903179477426,-0.97078332611386664,-0.2211920321280616,-0.0039473902833420393,-0.22179402824669966,0.97508554862845465,-16.291105739528724,11.738080330422211,-2.6697284772940821,,0.3769774469284308,0.1470588235294118,False,1
0.34182478474170319,0.90162221760438777,0.2650154585272993,-0.93353682360881174,0.2933688550719119,0.20601872206226007,0.10800377540928535,-0.31782399468250055,0.94197828685240903,-6.6387412377475288,-14.010375622136699,0.031642004698668479,,0.4046558320570736,0.5384615384615384,False,2
0.55474391679598667,-0.79746638406199089,-0.23729001889868981,0.83042428868236251,0.51302322384092303,0.2172617604785958,-0.051523660043128763,-0.31757603513325661,0.94683196733359254,30.19529769448739,-1.1549616437911752,-0.45751101533394573,,0.5032428613808988,0.4705882352941176,False,2
-0.98171877530878715,0.17999467008297756,-0.061888326426997028,-0.17211651433144723,-0.97832818587644033,-0.11510806320195746,-0.081265931980179854,-0.10235174381237071,0.99142320370160797,-9.8484880185247725,-4.0333466174195554,-0.94124596612074307,,0.5367004803030027,0.2508710801393728,False,2
-0.22925231774523699,0.97000300636050474,0.080855070713094668,-0.96763954535143148,-0.23611377396976024,0.089016829947109355,0.10543758855603846,-0.057831249280468351,0.99274289799834314,-6.434642759535623,13.085802516026289,-2.6426176336445772,,0.4834945273178972,0.7894736842105263,False,1
0.96417438435456138,-0.25321786443645683,-0.079047262348183753,0.26479744715021836,0.90097041097385144,0.34370718719912885,-0.015813555489823911,-0.35232517888997084,0.93574403539799345,-18.550182209918134,-22.633819563533226,0.87033483683711621,,0.376183402286427,0.3157894736842105,False,1
-0.8047042900797029,0.59348161766210372,0.015184697049776218,-0.59111041648606,-0.80334006816798187,0.072340931688352567,0.055131488724664605,0.04923722548067215,0.99726436544076313,-15.175878428694768,12.912998012124522,-2.7731119386394156,0.1561602312218354,0.1803510983380377,0.5625,True,3
0.70687913666316537,-0.68866473160921604,-0.16143969024977564,0.70346134117334291,0.66060158624827803,0.26219779884823574,-0.073919061309915032,-0.2989087347065395,0.95141449468210026,22.778519386976399,2.2330639803182333,-1.0571263877730888,,0.4502406371958416,0.3,False,4
-0.26506977278895599,0.94748342656124362,0.1789222511186741,-0.95951324380789915,-0.27752242082780931,0.048121106544985574,0.095248887189577358,-0.15892281878205824,0.98268570110667175,-20.758936969261306,0.085326616657114385,-1.4418936965556237,,0.2420176290440741,0.1875,False,4
-0.93621819630351477,-0.34977917887667953,-0.033911870112821207,0.34718775629815363,-0.93555848052545654,0.064737866767085858,-0.054370495554546816,0.048834982760873551,0.99732592148800525,-22.781048189679307,-1.5379129399284723,-1.2999305758487936,0.3164324668661768,0.2466525250529767,0.8444444444444444,True,5
0.043418504569226309,-0.9969203813977866,-0.065303802451803228,0.99287574717210358,0.035797658852036639,0.11364980553503386,-0.11096208423785972,-0.069773066253428107,0.99137234936586061,-8.924548569700729,22.989419639724144,-3.7429000226848892,,0.1199495962819921,0.2,False,1
-0.41612682085445279,-0.88591827872362605,-0.20490796077491677,0.90384590465645198,-0.42764809497376055,0.013404756658538935,-0.099504018015992998,-0.17962714240526806,0.97868945029053633,-2.0136331924815263,8.746034413118311,-2.1003720241143662,,0.2543392262080294,0.125,False,5
0.0014835077628157195,-0.99899901709903027,-0.044707527776533279,0.9943671377854737,-0.0032644434033225296,0.10594026006005552,-0.10598016086534007,-0.044612859630809736,0.99336695045613388,-3.4978814402882996,-16.24598624165867,0.40330407853478828,,0.08230274220078712,0.3333333333333333,False,2
-0.90991986927698565,0.4147255252985802,0.0069692295679030201,-0.41453098007020867,-0.90864939898550667,-0.050202950962169937,-0.014487858951057725,-0.048569624139933737,0.99871472080565638,-10.003091989156252,20.460632473805404,-3.4980640450999991,0.4606995073976806,0.5730492806645562,0.9054054054054054,True,3
0.99848704676558986,0.054951417852323936,0.0019897530876958128,-0.054294374170195191,0.97952950093384983,0.1938403408317014,0.0087027797167074337,-0.19365510185973056,0.98103107144926882,-6.7846286239844895,-10.004901184475532,-0.35654514775224755,,0.1221636165278733,0.21875,False,3
0.28776356881895715,-0.95500177532034458,-0.071859151091333992,0.95258099102711935,0.27766949110287426,0.12445524996745792,-0.098901890752244329,-0.10426534824984153,0.98961970127921906,10.045376850618853,9.2472312987266161,-1.911569603236241,0.4458360481347318,0.3844445521217632,0.90625,True,5
-0.42779828837065642,0.90387415893522038,0.00035955011405506415,-0.89899305237643612,-0.42552930676273426,0.10361612261094143,0.093808934787873666,0.044003566846048128,0.99461729819000766,-5.5625573136169608,-6.13483453843613,-0.71466054652226896,0.1074768057145871,0.09361769962840145,0.5909090909090909,True,5
0.47747628694796312,-0.87824801563926924,-0.026397318577317613,0.87391188792998764,0.47157597548688035,0.11787328568527659,-0.09107363799163834,-0.079350629293555297,0.99267772720741854,-3.2676641667904036,-7.4942456777170614,-0.55125761527694694,,0.08399441556499679,0.4054054054054054,False,5
0.57905287631918811,-0.81493234449827545,-0.024146227801052383,0.81066049307049526,0.57236053857807057,0.12342195450293209,-0.086760194796794768,-0.091042230690852377,0.99206047236529749,-12.541769856482135,8.0731204966455223,-2.2036942034358735,,0.08849486210794222,0.3975903614457831,False,4
0.96390127472075926,-0.26388342493449107,-0.035494656450466129,0.26571622834019593,0.9448328843813808,0.19153513147258344,-0.017006427854043264,-0.19405246361848041,0.9808437300483922,5.2122844069236383,-2.210911772553112,-0.91948596005196748,0.4778655118051884,0.27969585853398,0.8387096774193549,True,5
0.70282967056040668,0.70190910223043979,0.11555979571636445,-0.70746163221968428,0.67271535632530033,0.2166843056180677,0.074353837271591117,-0.23404628082962958,0.96937807140083798,-16.471863627941165,-13.669061793044389,-0.089507727492799768,,0.3196131542689136,0.3846153846153846,False,2
0.93234851032352184,0.35955842021946666,0.037999970352499843,-0.34831563355376,0.86503235028949532,0.36110282797933685,0.096966358700078109,-0.34990966748850089,0.93175144211239869,-5.250681807677732,-11.418506009076921,-0.19390931016451135,,0.4318424264583788,0.34375,False,2
0.69522177807103336,-0.69489501678386201,-0.18381402270965563,0.71872041988079038,0.66834426679954617,0.19172088848781282,-0.010374841788195694,-0.26539942856971666,0.96408272776392856,-22.794420570661892,-0.27516040466109692,-1.4203792750448432,,0.2858630803969566,0.4,False,4
-0.99915715766877899,-0.033555383074626736,-0.023643403857348234,0.036608891633569965,-0.98897420269033653,-0.14349151705370797,-0.018567803656010073,-0.14423613513862649,0.98936907875052582,0.78273371334624187,9.3276206147626741,-2.124514978608381,,0.619618148624322,0.5172413793103449,False,1
-0.97450117993019858,0.22438095100569785,-0.00079946258792252221,-0.22391929955602338,-0.97225506472030587,0.067677443894213374,0.014408247672456298,0.066130764032279563,0.99770693314596004,-11.661072287724743,11.299881398426789,-2.5294143466764134,0.3261939526758443,0.1174884614793674,0.4615384615384616,True,4
0.076739538634815169,-0.98891266237642128,-0.12713295954116038,0.98816589164565094,0.058449963792992186,0.14181598048441074,-0.13281270194628439,-0.13651134723595881,0.98169518603156669,-13.948468715733656,9.0933502659489083,-2.3234420864544942,0.4795603226733891,0.3207172963530128,0.2328767123287671,True,4
0.70492740355378491,-0.67984774839644491,-0.20219889890700241,0.70590158596279562,0.64466950034575843,0.29343514830224648,-0.069139761744819395,-0.34958300062250619,0.93435080083533717,0.33053052958541895,-9.7058210897302857,-0.29379985666621772,,0.4286799384640914,0.140625,False,1
-0.84117312378312925,0.53692770308265603,0.064314986490821874,-0.53971506025179872,-0.84099061991466506,-0.037979349032653251,0.033696135718042586,-0.066658974474034322,0.99720667444604549,-13.836263203931161,17.294128517856532,-3.2571324517933764,,0.2132724135690458,0.4482758620689655,False,2
-0.45732014927498277,0.88808387757045293,0.046532864370639554,-0.88531875230515056,-0.45959501117825885,0.070591306241691631,0.084077273290465271,-0.0089135907178329882,0.99641936955107213,12.049678911631952,7.4003220472971929,-1.7177136771727939,0.4610864492209235,0.3462459618875098,0.3611111111111111,True,5
-0.6937742239025475,-0.71874364582664796,-0.045660681469250675,0.71409641688322301,-0.6947494774741384,0.08596203199060834,-0.093507398867471739,0.027032112999732148,0.99525154168371444,-8.8235456536937829,10.573835784232974,-2.39080278960017,,0.08140098980661863,0.2,False,5
0.155708159275251,-0.95875734412108493,-0.23777999122927596,0.98407118582961928,0.12965417114987604,0.12162934318380461,-0.085783858359240003,-0.25293111907655835,0.96367368888419902,5.3582601878119949,-25.919848482711426,1.9344755961730074,,0.4987944002380422,0.1,False,3
-0.98637031717905399,0.16452979754864042,0.0018823141863007087,-0.1643517856531283,-0.98462633944623479,-0.05915625259714237,-0.0078795901365990555,-0.058659333335046311,0.99824696076270014,-32.206219270604855,2.6909431493567428,-1.8064131071157294,,0.2625796481405133,0.125,False,3
0.65134845211481573,0.75752587640389479,0.043586012735105914,-0.75254362127640484,0.63758063068195259,0.16483032929470018,0.09707364216834985,-0.14016235570835445,0.98535842313264732,-6.2340653901109961,-4.423462991071502,-0.87632098586797869,0.2444527562283994,0.2105655711459245,0.6482982171799028,True,5
0.97324300288379562,-0.21981676167619546,-0.066922706340390173,0.22972648886440608,0.92465707406513142,0.30370221549297571,-0.0048782836903268258,-0.31094997454172701,0.95041376025430935,-14.373824779144412,-7.1189940921713237,-0.68633507035441077,,0.3349934209996492,0.2,False,2
-0.66429378717843912,-0.74373299006748583,-0.074665948071410651,0.7414749392738309,-0.66829631015128987,0.059957954159890296,-0.094491686115736065,-0.015533232871727434,0.99540446047401143,-41.660370030643605,5.1265749700094467,-2.1878968837491746,,0.3696552560265848,0.9183673469387755,False,4
-0.59496809988229238,0.80025156879539949,0.074902515064296266,-0.79963054962690527,-0.5987656145633804,0.045505196625348722,0.08126465545259462,-0.032820198918346984,0.99615204176728567,-12.631044184994325,17.545903797343442,-3.2472018094644817,,0.1328307512421187,0.2083333333333333,False,1
-0.93314983607299951,-0.35756055499515726,-0.037173013712741163,0.35567520861754665,-0.93332406212485119,0.049003479811444713,-0.052216179597872552,0.032506069745834053,0.99810662056610011,0.10965652756253208,15.012281783909632,-2.695177221326976,0.4093754285303376,0.3410866085622014,0.8333333333333334,True,4
0.70955539873037465,-0.69919952109269679,-0.087470942811443311,0.7016613178699378,0.68966127807763355,0.17899362146553663,-0.064826932193355072,-0.18838086745757579,0.97995414057920616,-1.4793989141662025,-16.762670302909005,0.52099803351963903,,0.1162801671854751,0.391304347826087,False,5
0.92309956420705463,0.38167501034684465,0.047025323363918889,-0.38054036866406232,0.88895675012588149,0.25484294030372856,0.055463703246037867,-0.25314044102506872,0.96583833778736961,-2.6259528033105353,19.053537631645568,-3.168364935585597,,0.3631244664190986,0.7796610169491526,False,4
-0.18094453858145035,0.94217194640002466,0.28208349362260743,-0.97783983049486833,-0.20305491568795811,0.050970257138103228,0.10530118639081959,-0.26660968593009865,0.95803493439067311,-8.9194764064201166,-8.5373608121489557,-0.48204550572920501,,0.2786575265139889,0.1627906976744186,False,3
-0.032771658061805743,0.96458507162737417,0.26172821403412583,-0.99261440916489541,-0.062014506568672481,0.10426329983877089,0.11680176859151339,-0.25637831532455557,0.95949335916682499,-3.4988889202166851,14.424315955667394,-2.7205244701985278,,0.160009444205822,0.25,False,2
0.96807834630459944,-0.24431467993511707,-0.05598796821062945,0.2503368830942071,0.93132513066704314,0.26450887688448854,-0.01248039978648436,-0.27008116956984896,0.96275666783718172,-6.9086752223749297,8.1328586090443746,-2.0955759760040129,,0.3828833223539212,0.7835051546391752,False,3
0.95670692680349645,-0.2837395150649874,-0.064836284570392561,0.29035261574784954,0.91497775375329038,0.28019826670585046,-0.020179562299241179,-0.28689300745620638,0.95775006527702344,-4.0759941350570257,7.2511928466974513,-1.9919476427868918,,0.08265642574255046,0.3235294117647059,False,5
-0.60117716024294843,-0.79585259124838792,-0.072143433557398495,0.79505631857275161,-0.60476900943846057,0.046259004748986116,-0.080445461648049332,-0.029548235582682651,0.99632094702168306,-5.318879482846639,-15.327510245476713,0.22190780280224076,0.5011669458995828,0.2123043452153621,0.2380952380952381,True,3
-0.89723980751671584,-0.42449849500399839,-0.12149796519574362,0.43714055450052258,-0.89276419147262354,-0.1089964863434038,-0.062200188250048208,-0.15090767430310667,0.98658907880539892,7.2289452354939332,-1.7121688440663032,-0.92186185881471794,,0.3716174926076237,0.1574803149606299,False,3
0.077625865879231898,0.99539334162123805,0.056270066666086034,-0.988807979657081,0.069653898597728525,0.13193602152793629,0.12740880783125705,-0.065881938847028837,0.98965982328311974,-5.593581867451018,-9.8041293954628141,-0.34307935190553424,,0.09898258068874893,0.2727272727272727,False,4
-0.79090311812315317,0.60945293471898232,0.055130555098719641,-0.60927752668082935,-0.79265503965674156,0.021883408977138544,0.057036420160846604,-0.016282151859906033,0.99823931915450326,-29.581512983448057,6.3393885786000492,-2.2121483791921079,,0.5867338695894639,0.4102564102564102,False,1
-0.97583610631440698,0.21844964354894592,0.0048628023274106327,-0.21849644224954856,-0.97537958921843793,-0.029899191633898509,-0.0017883896182665174,-0.03023921575387397,0.99954109044759354,-9.8769170358429665,-18.106757427345954,0.45628405844200504,0.6810827300093597,0.6448129941353636,0.75,True,5
0.1893223200827592,-0.96510214699383057,-0.18092789996675962,0.97646694992830496,0.16566493845509045,0.13808484299294535,-0.10329256902699543,-0.20281265748116303,0.97375442034900883,-2.9026968935492601,-14.299619650037249,0.20717532273165362,,0.2260014864193782,0.3076923076923077,False,5
0.38997255394781521,-0.90976391740083995,-0.14230608477115811,0.90361759623765336,0.34834922845150335,0.2492549995625522,-0.17719098999978491,-0.22579289101457573,0.9579253224704819,2.2710973551269151,-10.188845317967997,-0.14627536720191123,,0.6790103366216853,0.7474747474747475,False,2
0.86895442018700497,0.48502099224411266,0.098350662021169835,-0.49333370720535541,0.83318155238515357,0.24986066937412688,0.039243712521711285,-0.26563722978453602,0.96327399693955806,29.49200733003148,-3.2757079053729785,-0.20022017128818592,,0.4757418646650729,0.2352941176470588,False,3
0.98036189841124999,-0.17234614417429575,-0.095850689782308277,0.19264423716633511,0.94089693522933082,0.27856983893209764,0.042175182632589549,-0.29156433915056712,0.95562099710376947,8.9039298846328343,-2.3988029962683304,-0.82367742854597858,0.5338787881141683,0.2925074568183019,0.2352941176470588,True,4
-0.99254516334543141,-0.12101019379769888,-0.014513156673689421,0.11886673120852821,-0.98744326089199708,0.10405050086751225,-0.026922090026429597,0.10154968988640015,0.99446611885603531,-6.1600558115161697,-1.5852192043350972,-1.1341084827326364,,0.07869291424057794,0.4719471947194719,False,5
-0.88940416887398044,0.44346922369704145,0.11088404764946411,-0.45555675908464194,-0.87994165933757018,-0.13479879604262876,0.037792375446415158,-0.17040458854088425,0.98464918248192879,10.113842904003809,1.1348396978692261,-1.2095881526788033,,0.2127693366883199,0.1463414634146341,False,5
-0.57853673495659419,0.80718263957259184,0.11726650279763248,-0.81305864754810209,-0.58216809135666014,-0.003993626596885555,0.065045230055826686,-0.097655003859336828,0.99309245202459284,-6.6646436343286881,11.149139994155293,-2.4257065319470184,0.4141731110588536,0.3554042102684602,0.1764705882352941,True,4
0.93758996183636056,0.34422506196539859,0.04933731020850031,-0.34411531937918749,0.89798424521539311,0.27424248816239483,0.050097010212707557,-0.27410472826979637,0.96039413133769713,-20.005431111155215,-2.549893421594343,-1.1520855563751373,,0.1309994503258151,0.2222222222222222,False,2
-0.6640939876117109,0.74541696387446743,0.057729763434008215,-0.74397696922688417,-0.66650281958318036,0.047668236254864375,0.074009762044988311,-0.011293425336908466,0.99719356880507581,-18.687556630252175,14.796675613781666,-3.0629477166684023,,0.2740472437785926,0.2727272727272727,False,1
0.38175272994071235,0.92177192387880391,0.067833424884655394,-0.91800984879493985,0.36962306996082145,0.14365480732725172,0.10734416937265656,-0.11711236698789078,0.98730032047001237,-6.656195476141785,-3.451137254083255,-0.96839328489219634,,0.1067169769648007,0.1666666666666667,False,4
-0.94695979173604261,0.31910106927265608,0.037969203629750085,-0.32127814495104118,-0.94264445679606679,-0.090563688355020808,0.0068924895391823081,-0.097958846770952859,0.99516659807655161,-1.2038295630819897,14.91756665602751,-2.7158548647756362,0.4355230434373573,0.1747183592880212,0.2333333333333333,True,3
-0.76048383554954513,0.64935679562019299,-0.00029639455022546779,-0.64688043502433568,-0.75754370232382484,0.087597042485696358,0.056657202989391212,0.066807866687907405,0.9961559467764235,-2.7085102432172303,6.9078356572766655,-1.9230234332792406,,0.06979832178869047,0.2777777777777778,False,5
0.99740668579572755,-0.069117386189696275,-0.020067138716974402,0.071918417791307129,0.9678568068689547,0.24099988087097765,0.0027648349637770398,-0.2418180893228106,0.97031766312063406,-8.8329643846062194,-10.321230561897407,-0.33556718227843874,,0.2000231933760185,0.5882352941176471,False,4
0.99541419163060851,-0.092808426830004329,-0.023177208842372385,0.095586311153747869,0.97444794753541963,0.20325957459374019,0.0037207822298686126,-0.20454288903149156,0.97885053114673759,9.3602443225535517,2.2779627595951029,-1.3161181357172058,,0.07719802576810403,0.2894736842105263,False,5
0.70305592054471833,0.71099761040222054,0.013956023407457606,-0.70553483580529397,0.69492750219208621,0.13891134641296884,0.089067210870297148,-0.10750890520975159,0.990206477078587,-16.175977265320377,8.632360612833212,-2.3335957603882194,,0.08001967137987184,0.2941176470588235,False,2
-0.088711110804159374,0.98691909712888859,0.13461439203217113,-0.98398293314869612,-0.10781115188137494,0.14196599170963328,0.15462188102587796,-0.11986430349486865,0.98067559501381973,0.49334537668256834,7.5848524545004885,-1.9620429122088756,,0.1785395869057091,0.2,False,2
-0.86467784983435581,0.49426324009458922,0.089644104641825359,-0.49910882546698909,-0.86551484206621099,-0.042124084608044052,0.056767916526845923,-0.081165926682945352,0.99508265787265171,9.2708579541238976,8.2836873587614246,-1.8645313464090287,,0.2650608761824907,0.2,False,5
-0.61321994490659282,-0.78592167117211975,-0.079299596157724625,0.78698963114101006,-0.61649243065675374,0.02417443731434947,-0.067886814959113806,-0.047583712811745546,0.99655766046413874,-22.01184188476347,13.195478204136341,-2.8836025888718613,,0.2344669228767839,0.575,False,2
-0.45789493996977043,0.88898848392178165,-0.0056302224229564986,-0.88407871224505508,-0.45468189580000129,0.10802409077072461,0.093472212476249858,0.054441244348090598,0.99413233344893615,-7.2612779137727435,13.788991184423775,-2.7293205358568602,,0.07771135510440882,0.4864864864864865,False,2
0.95195409698962674,-0.30128384640415684,-0.054876599025271137,0.30554742261464907,0.92237392741175128,0.23636224437199516,-0.020595381963174741,-0.24177341029761343,0.97011414190024725,-5.1373673808406419,-2.941839210906307,-0.97796190936084593,0.5375700529990172,0.3180856836408616,0.6129032258064516,True,5
0.48428672636682191,-0.865519965996291,-0.12783409219252528,0.87118071262711771,0.46357268570705912,0.16169270550291551,-0.080687871526118893,-0.18967222655972638,0.97852639916379458,8.1179984703106847,-20.164003915403374,1.2683885077819814,,0.2024605821571512,0.4545454545454545,False,5
-0.4880711535581605,-0.87171050127690075,-0.043673230107007147,0.86658725364637612,-0.48994931702710459,0.094742802166202872,-0.10398596483197471,0.0083945642082936794,0.99454333762270797,-2.1555559128596515,-12.771262459808469,0.040464573901911459,0.2892037189661919,0.2771646723214282,0.8762886597938144,True,5
0.7340504274091616,-0.67812554652569845,-0.036272760711742472,0.67577006473141166,0.72413466252100422,0.13770915056195959,-0.067117729649715713,-0.12559750668232011,0.98980830299702682,1.5495105233035062,4.4637181420876146,-1.6313680133805626,,0.07103491896230031,0.2653061224489796,False,5
0.89496812846334761,0.4434024347469801,0.049257790198730986,-0.44335631850966201,0.87167298705147434,0.20885731608521402,0.049671157348820848,-0.20875939381309264,0.97670481294115608,-10.308962261543535,-6.7645312474593755,-0.6420857898846879,0.6972503727838029,0.4182453707259547,0.9440894568690096,True,6
-0.99572277063595371,0.092177784544831526,-0.0062785407115662547,-0.091764297055016236,-0.99458253700262544,-0.048835344530579056,-0.010746060815896154,-0.048050318686021373,0.99878710897323553,6.1839107153009634,-3.4305212611017648,-0.75206776008078846,,0.2822801924354178,0.4339622641509434,False,5
0.57217546980475753,0.80354617935623496,0.16409987628180064,-0.81406797124886809,0.53217462089366685,0.23255861855333287,0.099541799965929836,-0.26665279019481447,0.95863847176131201,-10.342131955732498,-2.4535843865744122,-1.1048589519383107,0.3766656677355261,0.3861744059326101,0.2405063291139241,True,4
-0.24946425074964607,-0.96316219512600398,-0.10042994313437197,0.96201424024462734,-0.25836254282544013,0.088189557382511524,-0.11088818315974125,-0.074614893585852909,0.99102796554421324,-11.18402890519633,-16.90578836025897,0.28198225485363326,0.3214145436073679,0.2080286264627942,0.4736842105263158,True,5
-0.89403346681910634,0.4479898521976563,0.0030417980426707993,-0.44625489872034596,-0.89112878012965058,0.082134417832812667,0.039506019484428258,0.072073501042778682,0.99661661880180064,29.134131483388991,-0.12629611320447073,-0.62173947039000399,0.5094457984319102,0.4663400773053449,0.9298245614035088,True,5
-0.82078376014147092,0.56126528584441726,0.10627933945039507,-0.56999592806312616,-0.8169654641475238,-0.087590366945666326,0.037665117542407395,-0.13247154145779932,0.99047091306323132,-5.3072419772307828,13.61025811144739,-2.6725221835137822,0.5087437898427947,0.3389131034308579,0.2222222222222222,True,5
-0.81553427891795349,0.55063281041259926,0.17806557221117741,-0.57267190775530219,-0.81220184079623448,-0.1112432284460908,0.083371014013711386,-0.19269581703900251,0.97771038458123949,-2.0982649801403426,-8.3386102601780063,-0.46808725442792309,,0.4194546772505858,0.2926829268292683,False,4
0.30854128303750572,0.93438553549442149,0.17811779170080766,-0.94488965355931664,0.2795175295324418,0.17045085297714163,0.10947976643254358,-0.22089278336533136,0.96913392211757443,-11.050173102833202,14.255194377315174,-2.8634857837846193,,0.09032979931067751,0.3076923076923077,False,2
0.35784873057520383,-0.92589495917148334,-0.12109009293313172,0.92809028340558519,0.33837226586043861,0.15541118217366323,-0.10292090105444091,-0.16799623292595589,0.98040020086127722,-16.765669883828945,3.4857413512545139,-1.7752180177281065,0.5747366050468087,0.4323380157173251,0.7717842323651453,True,5
-0.78771811558271243,0.61491913611220617,0.037075954820329916,-0.61334673038617205,-0.78847518727526422,0.045963761550054216,0.057497466965195629,0.013466071968306983,0.99825483029050843,2.9911450585517052,-18.724878003417285,0.9203913770754879,,0.1735336957847326,0.5217391304347826,False,2
-0.6913799796700838,0.71608928872674493,0.095967985715122245,-0.71901304651527131,-0.69497282656616699,0.0057453699149800502,0.070809340148190181,-0.065030000041948074,0.99536783976694831,4.2323504406531214,-28.458733529951104,2.2246674998472709,,0.7181816808037216,0.3636363636363636,False,1
-0.7304085208079959,-0.65831506520569749,-0.1820018342058444,0.6775200174578565,-0.73205960177972684,-0.071101092720236903,-0.086429269781591309,-0.17524272985012623,0.98072420535015603,-10.094185844940933,2.5600268691053154,-1.6142454861054316,,0.09858879637767244,0.3203883495145631,False,5
0.99944893292624037,0.033160458616304955,-0.0014881051564910527,-0.031901425727845094,0.97195730025368787,0.23298348765544485,0.0091722139710773906,-0.23280762545054301,0.97247955249606666,-5.2553960348427102,-27.178015195424191,1.7265280289008509,,0.3617329336786829,0.1,False,2
0.60701962436564627,-0.77597326146112899,-0.17144291508361811,0.79064173869781262,0.56796860247006642,0.22868604600434231,-0.080080064085202352,-0.27436684221235397,0.95828493634750012,32.611457036827709,-4.2372629350127911,0.029202467550218644,,0.08255249138255122,0.4,False,1
0.99988730121143832,-0.0037197601213429781,-0.014544698716222621,0.0059130915015120199,0.98808415149686379,0.1538009912504382,0.013799283495919946,-0.15386966219941564,0.98799479089195463,-13.797195622992986,-4.0405857609955333,-0.94216597510497513,,0.1623911106801906,0.1111111111111111,False,1
-0.84133850174813873,0.54026684050212304,0.016163741214548728,-0.53964836783065728,-0.84131032349706647,0.031250258798437874,0.030482200936040579,0.017569309352250938,0.99938088574626061,18.598542776945333,-5.9025331586743874,-0.19408307547228565,0.5363548805954487,0.6192431874739741,0.391304347826087,True,4
-0.65791027305150906,-0.74960968096494007,-0.072383691650327778,0.74726917576297858,-0.66173070392751154,0.060837935814091221,-0.093503216884809712,-0.014064198634883117,0.99551963654613662,-12.588137932535055,10.570098500655021,-2.4596441419997532,,0.1841194009918829,0.3928571428571428,False,1
0.96506021101381756,0.26202520846193544,0.0012566815210703925,-0.25846175607895194,0.95112523389516002,0.168992041506285,0.043084913398432553,-0.16341229934847903,0.98561661443945525,-3.7574591260170993,-15.444048254717458,0.31235878216321999,,0.06251380639508228,0.1904761904761905,False,2
-0.98409181033813187,0.17672861082363864,0.018174348455025711,-0.17756849644925771,-0.98171583701763743,-0.068581662399722271,0.0057217037818970834,-0.070717844036045183,0.99747994899182113,-6.7642276910867354,-29.919009078257211,2.072172858758023,,0.3508588621204757,0.4375,False,1
-0.9222524562136778,0.37432911885537906,0.096582181507741033,-0.3854241399521543,-0.90969099176852652,-0.154630306981968,0.029977313922047985,-0.17983328466151891,0.98324023024786233,4.3243726775468669,-9.7925851892465001,-0.1372742861463162,,0.4011326409027208,0.25,False,1
-0.81777990766264164,-0.57202938291117644,-0.063390911884429094,0.57049791654092152,-0.8202308797498894,0.041873991058772875,-0.075948336688490936,-0.0019206746161864116,0.9971099042549274,-4.691803921353209,-23.650316097961511,1.3131653091505233,,0.1142916633108809,0.4285714285714285,False,1
-0.74271589954887152,0.65278285776698408,0.14915640503471483,-0.66713221573338011,-0.74051178166538445,-0.08109813774328635,0.057512601123417412,-0.15973991930737802,0.98548234834099979,11.305794954173082,-4.5233754134836754,-0.54523807812696679,,0.3019688871978626,0.303030303030303,False,2
-0.50969570660323049,-0.82975622375104729,-0.22740909352230257,0.85475242209149449,-0.51848242601932182,-0.023963948711393276,-0.098023382919368865,-0.20659279526527646,0.97350440848797526,-8.0051725676283816,-2.3459024978535181,-1.0759486554012347,1.101362463017578,0.5563560959906562,0.3041958041958042,True,4
-0.87073777248391526,0.49101991241201631,0.026742796874023863,-0.48991058945132493,-0.87089753236524092,0.039052560269326159,0.04246582052904177,0.020902959958576786,0.99887923211555751,-11.053088244778701,-4.2789870098979339,-0.90927429250458591,,0.2168107391647523,0.2068965517241379,False,1
-0.93945081986741208,0.34262571263781277,-0.0063069873853144869,-0.34178346951186078,-0.93549080009411123,0.08967175089020811,0.024823718876966671,0.086397823923472616,0.99595140393615955,-13.14629699750915,22.681850333224553,-3.8036171371209253,,0.1541739276358402,0.1764705882352941,False,1
-0.90824037995235407,0.41820545421337368,0.014269207763212345,-0.41752921540613602,-0.9079768357622684,0.035318833523716467,0.027726638929748321,0.02612017965721293,0.99927422147693556,5.9271846097229783,10.425197244915307,-2.1270588878540333,0.2689150356795901,0.1554454181501103,0.3793103448275862,True,4
0.70057865309810741,-0.68707851370049844,-0.19264648150006963,0.71016476681501139,0.64497721496657279,0.28225944828923744,-0.069681811097467516,-0.33455568771891808,0.93979622100596905,-14.955309561788626,-8.5664859813918159,-0.57528759679071984,,0.2981005604116985,0.4,False,1
