axis_00,axis_01,axis_02,axis_10,axis_11,axis_12,axis_20,axis_21,axis_22,location_x,location_y,location_z,dbh,dbh_approximation,score,reconstructed,number_clusters
0.89081990220520391,0.43774011543645996,0.12175176866389142,-0.45356821650105328,0.840973552419647,0.29502433308243092,0.02675396821342009,-0.3180362801133767,0.9477009811731133,6.3330813586056705,-9.4985524473467251,-0.57769940866286829,,0.5029001555784324,0.3125,False,3
-0.75365100025961296,0.65263579131919269,0.077953150653808548,-0.64793251821529751,-0.75762058147138756,0.078705186424653545,0.11042473294904349,0.0088078612686208341,0.9938454607900592,6.0579631297171543,16.617731027217953,-3.3147161584528839,0.3587063709542508,0.2991556888359498,0.8571428571428571,True,5
0.53595300934363133,-0.84349227949633232,0.035709189371723876,0.83532040958005382,0.53594588627195172,0.12248191836831163,-0.12245074566745245,-0.035815938047917516,0.99182812697928247,-3.7468058192303748,8.0743251483430321,-2.1915668453751125,,0.07210556358378575,0.3541666666666667,False,5
-0.78226575218889527,0.61459354905386376,0.10166150900767223,-0.61298141286580554,-0.78850554909257597,0.050127702233948503,0.11096882640355218,-0.02310343073205208,0.99355530850326945,11.473153765345288,9.8978157687284369,-2.7585483572932179,0.2125675535690009,0.2109900963032431,0.9285714285714286,True,5
-0.32494936925367324,0.93470737768422951,0.14397925379827781,-0.9383742931551079,-0.33761583710583948,0.073954259383575527,0.117735268153981,-0.11107504057164352,0.98681342815889805,-12.613452441202986,17.334418058519905,-3.0104002289009153,0.7502274001510075,0.3739772142298477,0.4137931034482759,True,3
-0.89803015062163283,0.43509875986413898,0.065045505141984358,-0.4290641346048607,-0.89887924063965108,0.088994826494952439,0.097189592911327435,0.052011344068126686,0.99390593273103967,-1.2666535246248354,-8.2143989047196015,-0.43315116568999185,0.1327357852373993,0.1036811005509432,0.5285714285714286,True,5
-0.78818408962157038,-0.61356209281238694,-0.048035394565879172,0.61489461242714771,-0.7883676856018812,-0.019519423833728941,-0.025893174302960634,-0.044921604628696585,0.99865489182304579,-13.217965216530247,-10.826806713171289,0.27447857460140329,,0.1907079285175937,0.2307692307692308,False,1
-0.99773448722196856,0.03417423182260098,0.057948381230631653,-0.035047737098608756,-0.99928581767669,-0.014124826175774735,0.057424290436907451,-0.016123785832247172,0.99821965238030341,-14.315782075730223,18.98065667696687,-3.2057237502474178,,0.09684028459847847,0.3181818181818182,False,5
0.81927811177561094,0.5652194225611048,0.096490310006145039,-0.57312627232919666,0.80205010377196995,0.16805328620831292,0.017596918236740547,-0.19298351069214331,0.98104419526823883,-4.2756187965780414,-23.619665667449169,1.3049069612155191,,0.2446868034698997,0.5714285714285714,False,2
0.076617322882713251,-0.99691387364369799,-0.017103051511443042,0.98908186743097293,0.073827312916379534,0.12754053232916268,-0.12588425379508458,-0.026688132273802796,0.99168588688263137,5.5346589353155311,23.817460113018541,-4.071355677143484,,0.4374147045794491,0.6363636363636364,False,2
-0.99830865993651063,0.025914641877307347,0.052040857334781844,-0.027748195613399192,-0.99900813454629367,-0.034825059232322889,0.051086760867848559,-0.03621019810364437,0.99803755661664662,-22.592637481616023,14.613169064413073,-2.525312884594856,,0.1717885225818205,0.3333333333333333,False,2
0.2288749928003142,-0.97332792679768465,-0.015779245431173837,0.96608036177715129,0.22511948433742884,0.12653044044884559,-0.11960339568417319,-0.044203672781468986,0.99183721600545138,-24.816585915814255,11.6267011122874,-2.0778896892340497,,0.1290480090136964,0.3461538461538461,False,5
0.72797186246824197,-0.68560700292742682,-7.0649771055246446e-05,0.67541386766589606,0.71713116489067907,0.17186913541160659,-0.11778401767266358,-0.12516361244151186,0.98511978728552452,-8.5489189362413676,-6.9558211300579318,-0.39887169976774028,0.209510321150009,0.1919861408271163,0.6923076923076923,True,4
-0.62951051091625876,-0.75438665836874419,-0.18605721249441315,0.77521647925281223,-0.62597814016814857,-0.084798457099768992,-0.05249692315580274,-0.19761613726329719,0.97887278813557199,-28.233178896743688,18.431661987731115,-2.8402819470943421,,0.6524144852022138,0.2692307692307692,False,1
0.25061295158831692,0.95937091153714771,0.12961713849863807,-0.96359789692496201,0.23432524129900006,0.12872751971492566,0.093124870673645069,-0.15715958572911987,0.983172733081766,-22.664100702028463,19.484860038788515,-3.0831108587961871,,0.2345508526600585,0.6666666666666666,True,5
-0.10523927167360418,0.96976018911394546,0.22020415824251602,-0.99281139559447107,-0.11515256911745492,0.032640750656339604,0.057010775081285346,-0.21518610883450504,0.97490753925143925,-3.5720836256364432,-19.813529138336683,0.86453634464706375,,0.3436382685858563,0.3076923076923077,False,4
-0.23893431617270719,0.93861473121116912,0.24882278615204423,-0.96214341541192416,-0.26344073742452101,0.06985002537367152,0.13111232106312048,-0.22271363725333429,0.96602701569202098,-15.281264897360128,-8.5710391732379971,0.02860326646858544,,0.4943338199940743,0.2727272727272727,False,2
0.9717249122069016,-0.21984043695392191,0.086144513907731285,0.19213876642664951,0.94828520402436933,0.2526615646759659,-0.13723479672639893,-0.2289658361161564,0.9637122269947056,-1.6606828801836115,-20.616458814573981,0.86393177872303484,,0.2683440856982763,0.35,False,5
0.95252894180710912,-0.30441894861472474,-0.0042093638634211894,0.29885379077850421,0.93229843744155105,0.20373030035161821,-0.05809498048151121,-0.19531699175532083,0.97901800084293911,-7.6731251312087672,-23.00830191956527,1.4317215491425137,,0.144001272331147,0.1904761904761905,False,2
-0.84760379381310091,0.52147286274527493,0.098152239576512895,-0.52040317618056009,-0.85306377283258328,0.038245701743112467,0.10367421538079052,-0.018661535330346139,0.99443622428202572,-1.4643792134621374,-10.463586884484437,-0.17848049927390963,,0.1620409152492739,0.7419354838709677,False,5
-0.18739830504551772,0.97248659791896119,0.13838963882484329,-0.97102214201089687,-0.20467464647921702,0.12338674488443294,0.14831680616381837,-0.11125693666738734,0.98266170122415586,15.080029381378699,-6.491191014683622,-1.3083574689759865,,0.1295699552750436,0.3333333333333333,False,5
-0.15695653776633589,0.98409991912067807,0.083138405319560113,-0.98002148252827204,-0.16561090788603694,0.11014046019628791,0.1221578447562509,-0.064190157935911443,0.99043277641073169,-0.62881583230699434,15.946547241236663,-3.0862214297567681,0.1028049556049863,0.1318193200508991,0.4166666666666667,True,5
0.88377397017216563,-0.46675986481015325,0.03284506429488572,0.45721874582090255,0.87636533227757873,0.15144247373827985,-0.099471544253060651,-0.11882353716505897,0.98792022901623755,-5.3667037237273352,-9.6139144415326339,-0.12746499961770333,,0.08155274918714332,0.5151515151515151,False,5
-0.96426493395108137,0.25461214764353168,0.073251562609036536,-0.25192405906026849,-0.96674583680492321,0.044008584241574049,0.082020763340239708,0.023982103592006102,0.99634203619459272,-21.934504812886427,-1.8762667851811869,-0.62341781014604991,,0.08262209140573253,0.25,False,5
0.044643198428221009,-0.99900129921480496,-0.001840924015674518,0.99192772238465632,0.044108016790778984,0.1188859807528798,-0.11868604972315923,-0.0071335139950357285,0.99290620633531945,-30.896007595610318,19.140124769211813,-2.8781174315587763,0.3536961050336467,0.3842997955160099,0.8888888888888888,True,3
-0.88572344584562901,0.45328442857656798,0.10013592906324156,-0.45223319266036471,-0.89124093622768219,0.034274378888863671,0.1047812814178076,-0.014927169926618567,0.99438325743267797,-27.835504415379688,10.875490220416459,-1.997650636544136,,0.1547553770583549,0.3125,False,5
-0.49178057506030259,0.85959952825604136,0.13871019074080035,-0.86054527552324001,-0.50410901749291859,0.073047431556182651,0.13271659567661026,-0.083443091411545628,0.98763533539849391,-10.767170760718276,-20.073096683176004,1.2132454737112031,,0.2052539947697071,0.3666666666666666,False,4
-0.063635911966624284,0.97923342783900824,0.19248990755580309,-0.9935871894229078,-0.080230004165003019,0.079672099547899916,0.09346104922834389,-0.18618549952761948,0.9780592988376462,-27.084119052003629,23.208981601283277,-3.4196274449501094,,0.6652037809259989,0.1666666666666667,False,2
0.48505928198947834,0.86193859358742753,0.14757829732172675,-0.8702110468813069,0.45911007461314718,0.17874751263850197,0.08631469655622212,-0.21512740474713749,0.97276408901910505,-20.512622649652464,16.122329487545578,-2.7495306365426844,,0.1729730868673777,0.125,False,2
0.82565019346073631,-0.56411866115136355,0.0084790435216562932,0.55437200782197704,0.81399210136751854,0.17346047346505794,-0.10475416450756973,-0.13851712909270547,0.98480433080192986,-19.546668865032213,19.971174668187501,-3.2024401365134998,,0.162662802953051,0.4,False,4
0.99591419157764993,-0.077094132088677325,0.047025714367032803,0.065960629193124093,0.97668985492695981,0.20426973020788414,-0.061677535705339029,-0.20033327751586402,0.97778446475134217,-14.230146765119695,-11.774077480790156,0.38782822620947954,,0.3573837397390861,0.3243243243243243,False,1
-0.6383613177709988,-0.76578430344614656,-0.07790525379699631,0.76803149870548915,-0.64040975351298379,0.0017218018586639267,-0.051209813218510078,-0.058734557127301384,0.99695928042683168,-22.420998175670007,16.539209570270522,-2.760062848015604,,0.09208637155629484,0.1333333333333333,False,1
-0.85507567914518479,-0.5137134803531711,-0.070313889366424714,0.51795033973928484,-0.85253423243319659,-0.070091569346823993,-0.023938013667825032,-0.096352699147317561,0.99505935946990964,13.291393947093837,-7.3911543253414402,-1.1057935960202356,,0.2641324108278391,0.24,False,4
0.13739104594574417,-0.98063930876226668,-0.13953582552233301,0.98957491699171118,0.12974942460482114,0.062502563751950665,-0.043187777840300999,-0.14666844556680358,0.98824247172454371,-2.2625005324899825,14.404265517837901,-2.8650868949303199,0.4164057301661868,0.5053279146035883,0.7380952380952381,True,2
-0.68788034247824903,-0.72575199818796088,-0.010230911894318101,0.72580922317674978,-0.68788816776305961,-0.0032924463769025553,-0.0046482237005640373,-0.0096904993557397623,0.99994224245136631,8.4346731403992763,4.9165087817419781,-2.1850577920298395,,0.2187611074895633,0.6535433070866141,False,5
-0.84925231865841022,0.51796189271744264,0.10240105930056606,-0.51537520976995932,-0.85536337126926987,0.052363119133977801,0.11471221560010073,-0.0083054670809780823,0.99336404545799961,16.587939150627633,4.335485071964909,-2.4284066073125783,0.5053246666876188,0.3060871334402339,0.375,True,5
-0.76258109402846541,-0.64689230491469685,-0.00064874686815877269,0.64683705745404207,-0.7625020542483415,-0.01387221580191017,0.0084791588347134933,-0.010998323018051953,0.99990356572833849,11.505612682575768,-6.5909578179293105,-1.1132548497717034,,0.2459219806241769,0.25,False,5
0.0089013395851490623,0.9565680625831946,0.29137314186352864,-0.99209612682781856,-0.028024227387218843,0.12231074283394397,0.12516405748788897,-0.2901588949613359,0.94875801677139249,3.5635386022060098,15.194717985874476,-3.1023563995073244,,0.115152826418689,0.5,False,5
0.82766624344265671,-0.5554120468741891,-0.080536002213570948,0.54903319911873971,0.77156911111022364,0.32131550389923907,-0.1163234100727919,-0.31015893501171826,0.94354136067341221,-20.98496021638713,18.565918263762892,-2.9996275612348109,,0.3672179013146558,0.6086956521739131,False,5
-0.14130849049463312,-0.98996553296856993,-0.00039248998082762332,0.98357915753125902,-0.14044183356454612,0.11334960191870182,-0.11226732108778593,0.015631216180617413,0.99355508840551376,12.684420017916828,-6.815076322581004,-1.1546268861299387,,0.3723160776432924,0.3333333333333333,False,5
0.86275958928242957,0.49735501121999909,0.091015844310579075,-0.50559741873686492,0.84716369912123968,0.16335518681032588,0.0041402014241016527,-0.18695362982721653,0.98236001497750081,-9.7114128346682396,-11.220496839633306,0.23832383861673176,0.3323409094971846,0.3300279985022307,0.7837837837837838,True,5
-0.19943702113696157,0.97135206204810809,0.1292286584117619,-0.97245380311489249,-0.21242914736960247,0.095955500911651018,0.12065850739751949,-0.10653182108042855,0.98696124325623402,6.3101363507078974,-12.986604305382929,-0.2289020147869591,,0.0671012402700278,0.2941176470588235,False,3
-0.22704828198495597,-0.96699263176322814,-0.11564742869301661,0.96959684855451755,-0.2355788463497786,0.066215998260662101,-0.091274470257726129,-0.097097153759180044,0.9910807806687798,-29.073479705615558,7.4650159736259516,-1.5914572531828968,,0.5908510951753663,0.4772727272727273,False,4
0.74440851669421337,-0.66693534318957493,0.032453170534241418,0.6583184790289025,0.74118407687394006,0.13138852445170995,-0.11168142389042734,-0.076442214731971408,0.99079960000227996,7.0789445702328875,-15.8347836951852,-0.003807918062540792,,0.1536049285674506,0.2962962962962963,False,5
-0.15490378717335751,0.96337434495168939,0.21889423977860617,-0.98419925335144465,-0.16971959133830777,0.050468703355805819,0.085770894957495167,-0.20761775406949323,0.97444251845520857,-11.284452259881904,-9.3751372111848319,0.051373086550896771,0.5134330956120763,0.5701472526840392,0.2755102040816326,True,3
-0.42059913583588182,0.83844283759609206,0.34656886042736501,-0.89879038909976461,-0.4371130633181407,-0.033286729165307283,0.12358075657642992,-0.32549313043510475,0.93743374093508769,12.044917202008838,1.8278296675198524,-2.0014220958548576,,0.7329470546665671,0.2857142857142857,False,1
0.95095069058953374,-0.30912946920356538,0.011478472773441745,0.29894893499108216,0.92790459717304263,0.22276129110065646,-0.079513007332049052,-0.20840352639784088,0.97480544307567274,9.7562784698292067,-14.984975089934371,-0.195790868592743,0.2222774298773907,0.1534072934352543,0.3333333333333333,True,5
0.20494517209575022,-0.95397081613446766,-0.21894556035321039,0.96850859269500811,0.16534494033766217,0.18615089734049098,-0.14138098284627412,-0.25020138422573307,0.95781557985916543,-13.168506187523548,8.7031630312041646,-2.0959486466770034,0.8773048492977501,0.520941558109428,0.2602230483271376,True,5
-0.72065097477093132,0.69051493848813017,0.062058780897148627,-0.68318323468978071,-0.72252087289263311,0.10594458963663526,0.11799508634055192,0.033951553119129119,0.99243360062035613,2.0027669894893378,-6.10593487007724,-0.7674354190663768,0.2979907698486924,0.2641445983745915,0.8577405857740585,True,5
-0.086464560868200174,-0.99600517308652814,-0.022306386949615432,0.9908650020512102,-0.088301116060180915,0.10192870357550676,-0.10349119491012927,-0.013289397556064605,0.9945415850977134,-2.7504123110628731,-6.8831659402295484,-0.52583069812336536,,0.0758365146950435,0.196078431372549,False,5
-0.99770611328352077,-0.0380325077069886,0.056000356018591629,0.034881272894440048,-0.99780931498576475,-0.056212700779302488,0.058015586853489308,-0.054130391511217034,0.99684707573272691,-19.473666482201928,12.498631234664721,-2.3401319896081514,,0.1297733299412696,0.25,False,4
-0.99443345720699516,-0.10009209697061146,0.032919163284784086,0.095025234615397372,-0.98692100132166671,-0.13021959121625709,0.045522565543181501,-0.12636656707478489,0.9909385383322733,-39.974787690342396,12.793356563151805,-1.9363761904864498,,0.2791022971919677,0.2666666666666667,False,3
0.92404241039100521,-0.3821754143440409,-0.009358230053974799,0.37620564962666209,0.90471333300252932,0.19990771439951222,-0.06793329807806775,-0.18824382528629316,0.97977003896517556,-11.834823498717787,18.696699897105773,-3.1504441799536513,,0.1699537504313827,0.1428571428571428,False,2
-0.12653837667037979,-0.97461175580305315,-0.18471590261835932,0.9854273369806873,-0.14484461601467166,0.089179598242611707,-0.1136705888116024,-0.17073945842145699,0.97873746969101583,-30.797523521562557,14.107102893547889,-2.2951130293706217,,0.3896701566776866,0.25,False,2
0.7762098651542505,-0.63022873425805426,0.017606469058584949,0.6175516800972598,0.765628342288315,0.18011985979868564,-0.12699672297453876,-0.12893790753823073,0.98348708601251644,6.1795011708458594,19.95067024755037,-3.6782909498721934,,0.1134713163503266,0.5454545454545454,False,3
-0.76464920005079107,0.62100480714526674,0.17223423110449199,-0.63019143836113356,-0.77643788667081914,0.0017202204735514703,0.13479744759457041,-0.10722517262575165,0.98505452157602291,-7.5186529070999901,-19.305926657894162,1.0136117891638086,,0.2953337327042775,0.5714285714285714,False,3
-0.91854791876199848,0.38895904345919996,0.070573248822108123,-0.38483112116091794,-0.9206667300004997,0.065404743377070002,0.090414208640201388,0.032918608437989924,0.99536005349545498,-0.89245444648537664,5.524186977666206,-1.9367131675681371,,0.1587377117948588,0.6239669421487604,False,5
-0.90692796369817863,-0.42064026076541827,0.023311792841283607,0.42125749136584406,-0.90483700178804216,0.061742417861475801,-0.0048779740087275952,0.065816192676469709,0.99781984052790951,-8.1398693329769891,-14.093345860221245,0.46524471081693408,,0.07786010471715249,0.1875,False,5
-0.63126077857312712,0.76077088429471984,0.15078955880524059,-0.7660851251086146,-0.64195623752893693,0.031713880005589348,0.12092729436552954,-0.095497909438482492,0.98805705238630404,-6.756714161613389,-14.358111919502687,0.4563607526343067,,0.0766808696133335,0.1935483870967742,False,5
0.84149029226464223,-0.52890525652419362,-0.11024208654340717,0.52992771991188325,0.76827463562589793,0.35906920770637868,-0.1052173925421063,-0.36057359009635032,0.92677720431162403,-29.313365597368691,1.5079254575041845,-0.84065128972821723,,0.2497868915584253,0.4210526315789473,False,1
-0.8814187408558235,0.45214272490087704,0.13663074173605227,-0.45573427488476492,-0.89009854701869573,0.0055540337110883686,0.12412604063366964,-0.057371882611749178,0.99060647742793995,1.7055933547582209,22.979858429449258,-3.8847914438230045,,0.3381968045772441,0.5581395348837209,False,5
-0.9405011491194768,-0.33878946561169271,0.026063125205692147,0.33958224082717708,-0.93984076568542863,0.037191892538842794,0.011894966151150856,0.043829592131017982,0.99896820601753489,-25.7447929082375,9.9583044974181725,-1.9285644633660517,,0.1050214521682705,0.3214285714285715,False,3
-0.44407154171231139,-0.89572972058916445,-0.021650253913242934,0.89388596657208685,-0.4445542308450901,0.057787668262495054,-0.061386843922266648,0.006309000791515508,0.99809410974230084,-7.7673807758253162,17.933936507377634,-3.1575504021936385,,0.4809280673391012,0.2258064516129032,False,3
-0.84781017834499761,-0.53012158060984149,0.013748136831881273,0.52943146964824617,-0.84465439615748994,0.079128187126497135,-0.030335135416266749,0.074364378727659913,0.99676964176068672,12.113518421352957,17.387136741827902,-3.576245996614773,0.2707549755578418,0.2488943892870297,0.9714285714285714,True,5
-0.64925374697355942,-0.76041043512243556,-0.015669786140889951,0.75865396393898443,-0.64894128790302308,0.0576139553791577,-0.05397902407842399,0.025518131038023299,0.99821595356308901,-15.770151971493855,-3.7453543138022298,-0.59438737797500452,,0.1494381327483953,0.4516129032258064,True,5
-0.21523507723672913,0.966265963702997,0.14143531707469267,-0.96915287258924043,-0.22915687250870523,0.090718450901976042,0.12006902630955452,-0.11754665104182513,0.98578203156170818,-14.822439841033475,13.614009158775101,-2.5581892871038017,,0.07746498464195624,0.2413793103448276,False,4
-0.61037130643077131,-0.79210569924537666,-0.0039280413676928902,0.79021691681960726,-0.60924402499938846,0.066173577617192739,-0.054809603703251997,0.03728644828268584,0.99780039492693895,-1.2938632513605475,-15.63783536929536,0.34112040433066099,,0.08416500601980603,0.2413793103448276,False,5
0.99150985239620049,0.11136045788710264,0.067134648434607161,-0.12018888778900777,0.98191037502979606,0.14631010443877482,-0.049627047598106877,-0.1531367487836239,0.9869581005892174,-15.388832196007131,19.808805432755356,-3.2590069944105138,,0.08335710205159148,0.3333333333333333,False,3
-0.25426096620101113,-0.94342235879954295,-0.21285115452736902,0.96256317933008329,-0.26822983520221655,0.039049728620734678,-0.093933417187333335,-0.19495386229694808,0.97630400219962865,-9.1033084025465882,24.974421231984685,-3.93236955789797,,0.3274269148839111,0.1,False,1
-0.57385066459694622,-0.81876860122384543,-0.017702892181515197,0.81674571270276142,-0.57375389404138311,0.061097543764110293,-0.060181853770892378,0.020602104802583975,0.99797479815594647,-16.169326820836442,-5.5474619904425628,-0.36314215374886899,,0.090235162281108,0.40625,False,1
0.097322733369662601,-0.98406756925963312,-0.14879282476280442,0.98846959020285241,0.078147981981122661,0.12969488099567947,-0.11600066729835172,-0.15969944284096682,0.98032644213171283,-32.238998870331862,1.4799910883900662,-0.83131985238103012,,0.4282960143290472,0.55,False,1
-0.3575172150175896,0.92451465375881103,0.13211395063086026,-0.9260966213966072,-0.36921879234440041,0.077604969026039389,0.12052588437284599,-0.094605170920881942,0.98819197164881645,-5.3052346080601911,-13.560042339265964,0.31442947491801171,,0.08152704553260569,0.3548387096774194,True,5
0.41721149108916439,0.90300932059083039,0.10251213893604892,-0.90538938664064694,0.40321218136570147,0.13300374189016978,0.078769475443412215,-0.14830409206896614,0.98579981031341768,-6.7814419856351407,12.823445339289018,-2.6477984636911867,,0.08286131004680622,0.3809523809523809,True,5
0.3920076993881626,-0.91809182442042614,-0.058629050416788266,0.91240156339559442,0.37984217508722107,0.15245756504117836,-0.11770025800173997,-0.11325777658679015,0.98656947312844712,-4.0713624825633445,-3.1370922107863981,-0.90366884744174192,,0.08717607183687062,0.124031007751938,False,5
-0.99922834539404759,-0.02610476042565139,0.029347150529384729,0.023995768300506468,-0.99725465496348797,-0.070052524988925655,0.03109528685739095,-0.069294261210976107,0.99711152259839186,-20.813141538966487,12.909027400181079,-2.3950812300262005,,0.5168771812871522,0.379746835443038,False,5
-0.85119120011651495,-0.51339207562200895,-0.10909682640999085,0.52318465884313459,-0.84652266745840055,-0.098372690469999954,-0.041849176758916841,-0.14081175436602958,0.98915150317681955,-31.857344394067056,16.233352927326386,-2.4769067684363901,,0.2705286521882256,0.5,False,4
-0.53601482382447063,-0.84357789571162578,0.032625795119346129,0.84178321668043588,-0.5311482417568848,0.096346050223716603,-0.063946264594288343,0.079106757899169017,0.99481304580263841,-8.826629318998517,-14.827999924450102,0.56333887758725454,0.349131705743557,0.3244399667748706,0.9512195121951219,True,5
0.97526982733758805,-0.21531487985548103,0.049882525975845041,0.207285679056017,0.9693889201557585,0.13159699364931823,-0.076690358867311445,-0.11800264400458382,0.99004745586498588,4.4696169904833312,2.0467842973102499,-1.7691394618682186,0.2414101451762134,0.1762321396849456,0.783410138248848,True,5
-0.78935394673087944,0.6057510090916427,0.099930284522963431,-0.6106306376406353,-0.79150463831156326,-0.025507487251255262,0.063644097565879687,-0.081154929090833133,0.9946674350401179,-0.87192604671289409,3.0151588794976756,-1.6790665746356466,,0.7796286070588464,0.4276485788113695,False,5
0.71882813718340599,-0.68216490621644699,-0.13392964541184255,0.68483063493385932,0.66172250061262883,0.30517262924295507,-0.11955379813925973,-0.31108579670193415,0.94283217830152655,-8.4464290626878284,-2.5525672645680064,-0.91439304614565398,,0.4581370557343495,0.3211920529801324,False,2
0.37180802359494569,0.92171755091480534,0.11043346379623667,-0.92456736863796096,0.35700850680388818,0.13311689193913895,0.083270489612458226,-0.15159710553065522,0.9849285979980632,5.5147637311606719,3.4877252538874437,-1.9309314060329996,0.3446266217827553,0.4129595149617621,0.25,True,1
0.81240820593354235,0.57816534054928015,0.075615778243550924,-0.58271195663702124,0.80036346274054893,0.14094361674872846,0.020968608062945926,-0.1585659689135499,0.98712570171098768,-40.587378507612144,15.216487918254886,-2.2215575664568723,,0.4059247858467223,0.7777777777777778,False,1
-0.9104693147323123,-0.41218517603860871,0.033897014394996573,0.41355273336074672,-0.90823468965564669,0.063905283318097361,0.0044456338950255719,0.072202002466221826,0.99738012170843826,-15.664920008201177,17.578943495887017,-2.9890228228845457,,0.122931325945553,0.28125,False,5
-0.9935226837608031,-0.10242184470995588,0.049218315482543872,0.10225236046927556,-0.99474066135068873,-0.0059557899605742898,0.049569462688139623,-0.00088452348913389735,0.99877028689634395,-22.354011023315916,17.362692174160262,-2.8517289245924302,0.4987866841785678,0.2606805301884009,0.6346153846153846,True,5
-0.20952727347960376,-0.97769789526275719,0.014322962925929279,0.97278445029966909,-0.20694740234764553,0.10422660848714327,-0.098938035776812733,0.035771472716899899,0.99445043456991389,-2.1195637457071586,13.001214502002263,-2.7584331159871747,0.3294663587864928,0.2751050621928727,0.9487179487179487,True,5
0.90425543490328109,0.41956542312591699,0.079290378767212386,-0.42699185746530827,0.88841953532684048,0.1684894148246896,0.00024921116290303746,-0.18621381518783894,0.98250921264229651,12.879153207709914,-11.925801939310739,-0.60330719188628967,0.3978075680857225,0.1957100221790119,0.7307692307692307,True,5
0.20673706558575433,-0.97839650309452164,-0.00026162072287370247,0.97100845948328107,0.2051431441824591,0.12271455499181508,-0.12000982178511869,-0.025623682938756026,0.99244197288695812,-26.189694142652307,1.0868151020535708,-0.89587231622786345,,0.06857210326177096,0.1739130434782609,False,1
0.61590285811640622,0.77862061671733074,0.12005667239586018,-0.78599552570904718,0.5969268842508243,0.16090161100487158,0.053616256204642325,-0.19346376942809745,0.97964129506124431,2.7604827040666584,-18.897497821492287,0.51094926382957395,0.1459759038193515,0.1235896547767413,0.36,True,5
0.72931479953013889,-0.67791091063937381,-0.09239437440888193,0.66999621716169377,0.68030118727655264,0.29714535766041233,-0.13858207739579587,-0.27861638829438712,0.95035146971973383,-10.347443107560647,-26.441675952689717,1.8727682855253356,,0.5124305258019156,0.2727272727272727,False,4
-0.28891023458282428,-0.93954538370990048,-0.18380791142579955,0.95374001517854345,-0.29913614310362824,0.029959161141775617,-0.083131581246423253,-0.16664945195980327,0.98250552179668083,-0.67038873152952771,13.262858889179189,-2.7981756887873006,,0.5229018538337392,0.2790697674418605,False,3
-0.59492711885119032,0.7782175682193796,0.20109485266942551,-0.79247424654863019,-0.60971925216402367,0.015066588788632193,0.1343364872720873,-0.15039896959507412,0.97945589902360464,3.4002917080081403,-26.474004701348086,1.2391836694203386,,0.2856676159741219,0.1333333333333333,False,5
0.84511281106849112,0.50682419992921157,0.17003989806521724,-0.53445742686759223,0.79399632166747214,0.2896982914077999,0.011815051163123334,-0.33570682379814815,0.94189242115083094,5.1518072347901755,-9.2490713063589283,-0.54227985578559001,0.4189790795506367,0.383860070170686,0.4393939393939394,True,4
0.30979357382147676,0.93243032307505958,0.18601514516043638,-0.94651769593628921,0.28388212782288125,0.15334662951044117,0.09017867208146528,-0.22357242699602803,0.97050665994043039,-11.97169596100275,-5.5594174544241897,-0.47872017438884923,0.7355018150990914,0.4407295541895994,0.1925925925925926,True,2
0.95735218340315364,-0.28457052372650971,0.049964126723444233,0.27074059287769364,0.94396615181955612,0.18875231279964844,-0.10087778894014014,-0.16717512148941682,0.9807528488123548,-0.032207555021203697,-6.7131358405581736,-0.6198849853829872,0.4837482874302864,0.5255106177783521,0.7449908925318761,True,5
0.2249988526153999,0.9699817481065055,0.092254672846426883,-0.96946004710156963,0.21337918036845877,0.12089889353963149,0.09758449362258316,-0.11663933181192535,0.98836862196191377,10.222132307281516,-3.9195626488443787,-1.3574145228965167,,0.08611600403597962,0.2352941176470588,False,5
0.010456229783907039,-0.99945416833536949,0.031337400271267662,0.99356119758183381,0.013920027332476572,0.11243833642853632,-0.11281318149250005,0.029959943860404958,0.99316443142383148,-6.4726601306278244,14.541058598947508,-2.7787814188927538,0.1837780995308002,0.1477377147583715,0.6976744186046512,True,5
0.993963627398741,-0.10864820881327238,0.015227413766133596,0.094902091683747497,0.92112032859452664,0.37753269162280767,-0.055044531085177352,-0.37380865020967613,0.92587104535460785,-30.940944317554393,8.2666559025036381,-1.6603559761509172,,0.2967750580010181,0.25,False,2
-0.73031427588272524,0.67780974295153273,0.084941219686717639,-0.67244744847548577,-0.73521939242321954,0.085245962037158604,0.12023097554581838,0.0051378365883648081,0.99273265039208425,4.7602545540562859,-13.484946732777356,-0.10377430458057943,,0.08760365267721419,0.25,False,5
-0.53676965585126069,-0.84358213694627016,-0.015732602533686121,0.84126832150441111,-0.53653426665543424,0.066321881288651643,-0.064389034706770348,0.022364233268307589,0.99767424206493927,-11.265993761011995,17.808629246583529,-3.06982967389516,,0.0736373999556896,0.2692307692307692,False,4
-0.043094202117104824,-0.99891533795692766,-0.017636250686765657,0.99300899036713564,-0.044767718314744749,0.10921994527984838,-0.10989101325373027,-0.012806209091217949,0.99386114030823258,-11.765616181978574,-7.9169977599549837,-0.20178237273070013,,0.08898073712173624,0.3125,False,2
-0.36125290075604233,-0.91107750582227631,-0.19858026105332022,0.92739622002345878,-0.37322730215698913,0.025251376414279408,-0.097121536136662467,-0.17504045049437969,0.97975928059354433,-4.7325085168787062,-20.696790665001458,1.003815856956513,0.7110216953672852,0.3571228213943609,0.3333333333333333,True,4
0.0026331738742866591,0.97398845014872626,0.22658235891664505,-0.99461411870712868,-0.020926338314962101,0.10151277374385397,0.10361380826796646,-0.22562931401218986,0.96868756128826161,0.090113261991209656,-15.416905691574399,0.26203668214235659,0.1572262087277486,0.1200100603852409,0.4285714285714285,True,5
-0.23521808153534499,0.96544573709372827,0.11219172360910212,-0.96470508774999797,-0.24596642760077195,0.094045787585540594,0.11839150217858639,-0.086110656836790922,0.98922616574322175,2.2634811875998242,11.302600222489216,-2.6570470403420519,,0.075323936824004,0.3255813953488372,False,5
0.14148960102206601,0.97245982756327487,0.18520954775124873,-0.98343601061223973,0.11666733449968419,0.13871678374234853,0.11328859533818615,-0.20176872115455419,0.97285922791016199,20.099731010310837,-8.5671213351325868,-1.3522317289803885,,0.196597436173672,0.3333333333333333,False,5
0.97171593974478476,-0.23320352779421408,0.037205470971917773,0.22213339253260103,0.95608959428846518,0.19117908780845999,-0.080155401364264883,-0.17750718948158323,0.9808497893737258,3.0225261823406164,9.4605266867666433,-2.4619683822537159,0.1927385283923194,0.1760148804418679,0.5,True,5
-0.82801760207910591,0.5560416486696772,0.072142467325939319,-0.5525879590130276,-0.83106211313779399,0.063105559666009309,0.095044190779779908,0.012387455414704113,0.99539597786376732,-24.306454975065861,-1.422070209700524,-0.59954884993056046,0.2157542357709059,0.1033196635960612,0.2727272727272727,True,5
-0.7163401464985385,0.68885663669387465,0.11105552033670538,-0.68858790499922151,-0.72363094798889305,0.046956875976578695,0.11270976711552731,-0.04283439267107432,0.99270424759908471,7.1078269264022103,-8.4663863261507402,-0.72696766774554133,,0.09780225598256378,0.3461538461538461,False,5
0.99689033864908527,-0.071470079584609256,0.03319157170549919,0.063003571128960711,0.97587596334730642,0.20903744685095149,-0.047330779975716268,-0.20629622363275588,0.97734418982350024,16.711004468544804,-6.3097130386857962,-1.3977517395200711,0.2712481805896045,0.1183205066082716,0.3529411764705883,True,5
-0.27489396782832715,-0.94084593439986097,-0.19809652741744516,0.95657995671571905,-0.28838967866523479,0.042263218631756104,-0.096892171310956149,-0.17787726375963445,0.97927094625340194,5.65670963755342,-4.1814028646696482,-1.1391502095515815,0.580570377298264,0.3960597528209637,0.3032786885245902,True,4
0.012739581724066196,-0.99088007419215129,-0.13414313857389087,0.99322752630687794,-0.0029540930572799946,0.11614798457369023,-0.11548499488598979,-0.13471433443834846,0.9841317310467218,-38.866621059207958,20.330804376495674,-2.8377334475456935,,0.4682950465289129,0.7857142857142857,False,4
0.30832451449384135,0.91376294436591798,0.26452462128479731,-0.94890296840620703,0.27577320457556759,0.15340239955102203,0.067224625785691952,-0.29830591871743106,0.95210000973958786,-11.5028283758631,23.11395749916176,-3.7063571019075612,,0.2901834479860093,0.2173913043478261,False,4
-0.84674245301991624,-0.53170162045382596,0.017905447790848968,0.5318242463792725,-0.84510588110366025,0.054396881226090599,-0.013790910663705663,0.05558269992346461,0.99835884042376488,1.3894076163757396,9.4933912726226097,-2.423111584199872,,0.1165525990124483,0.5862068965517241,False,5
0.80233595627828802,0.58650504448077867,0.11076482321389819,-0.59661508193303014,0.78260745757846062,0.17769640219380689,0.017534459588196522,-0.20865617685843668,0.97783185803376871,-6.2199459835127051,16.929319632881054,-3.0165457085192244,0.360606561677795,0.2525638631704779,0.3571428571428572,True,5
-0.89101066797939499,-0.45307820350892175,-0.028637930303025347,0.45397564766044229,-0.88956615561470254,-0.050775644911328618,-0.0024699955859923614,-0.058242564246497999,0.99829940540491102,-5.9174388526231914,19.047323743495735,-3.3296251624902506,0.3621877023460994,0.297670397453483,0.3333333333333333,True,5
0.97188567767500045,0.21980216829997226,0.084411115031360867,-0.23431180910935037,0.93814190879266468,0.25492692105534981,-0.023156114572836319,-0.26753834449941538,0.96326892848280088,9.5872973227771201,-5.2920510757976,-1.1632088849015463,,0.6264138370236235,0.7092198581560284,False,3
-0.44010709637830686,0.89336412336691007,0.09058855776712274,-0.88941193173802957,-0.44757585396256128,0.092856182517428831,0.12349963319573744,-0.039703879288499035,0.99155002020571925,-2.889943762009699,20.052815313757161,-3.4868992220889288,,0.09638460883686305,0.125,False,4
0.99853377366460672,-0.0077456557370318996,0.053575252386927133,-0.0080031453557846619,0.95771010708688398,0.28762353945399338,-0.053537393619168094,-0.28763058877809233,0.95624389769746176,-6.5216536459544407,-19.238967915764835,0.97109421327044265,,0.4540694815615375,0.4615384615384616,False,1
-0.98808404750113521,0.1410989426287971,0.061489864716151851,-0.1358069804583634,-0.98724340959693901,0.083107847199848345,0.072431893062082489,0.073766785184438174,0.99464168536764908,4.9690611243078298,-5.5932129801371646,-0.93988097323112907,,0.1342883157239408,0.6125,False,5
-0.92149269495098074,0.38294587547247178,0.064835712463137934,-0.37844019020676006,-0.92282737144785165,0.071921241249868456,0.087374112803803972,0.04173845906682018,0.99530079144270622,-24.045324153093777,-0.16809579681706585,-0.74286428074177824,0.7119770253559797,0.6277948249315023,0.9716312056737588,True,5
0.16762753301446692,-0.98584750845354541,0.0023875199310995077,0.97803323193449976,0.16660223946688146,0.1252784539989934,-0.12390321790511266,-0.018665044349196351,0.99211874728391358,17.980813715015405,-8.4746237603441639,-1.2417100887296004,,0.1208890390066704,0.4347826086956522,False,7
-0.601853269157412,0.74939076309622998,0.27601834466315378,-0.78885147718436333,-0.61172089782071948,-0.059252764606069069,0.12444271512862978,-0.25339894900228876,0.95932423262208499,-2.916851096453251,-18.423964796976499,0.71981864350625391,,0.5331462239593227,0.5862068965517241,False,3
-0.99007591589977562,-0.13525109705944224,0.03816833110626467,0.13594545749091527,-0.99058366338754622,0.016212292166566639,0.035616194951256161,0.021240211249554095,0.99913980006967407,6.2886606185789837,-6.3993064438449894,-0.90508293431247655,0.2155316375920307,0.2185653867105216,0.4583333333333333,True,5
0.31023973564675206,-0.95063144845260961,-0.0071523170179582721,0.94063818245113706,0.30587157511720631,0.14711352504219186,-0.13766305292580772,-0.052368203599238085,0.98909375445957293,-14.319071606143801,-18.696702726141122,1.1836376413874146,,0.1747287999080316,0.28,False,3
0.99717024450681258,0.045242379166638078,0.060038575912192034,-0.05522816109792586,0.98270458621118595,0.17675278346108708,-0.051003467450394406,-0.1795684364437207,0.98242242591524398,8.8239046733456838,-4.067210500518625,-1.2671824763263801,,0.07394648177514772,0.3333333333333333,False,5
0.1675832902112204,-0.98073929866641685,-0.10033079733205494,0.97819073173186322,0.15274887206072743,0.14075039764795239,-0.12271403015084734,-0.12173007079386555,0.98494825075668668,2.5052620849359455,-2.5507150099256277,-1.1712686192873776,,0.2093343797483594,0.2921348314606741,False,5
-0.40626465774163895,0.88865017550949099,0.21272022338513005,-0.90622761426590748,-0.42166829733429523,0.030779183957957534,0.11704930162965664,-0.18026844590817082,0.97662825496596328,-22.201946338855926,-3.7063843949169808,-0.42363347255427114,,0.2152061542035385,0.1764705882352941,True,3
-0.35721225198022349,-0.93323401348144031,0.038388580548653795,0.93027040792989413,-0.35179574168791539,0.10409958818457594,-0.083644337316796977,0.072897408812472003,0.99382573554082509,-22.716497015356058,0.55171698169692274,-0.86719519357337049,0.2252747763988218,0.2198579445138696,0.7909090909090909,True,5
-0.98097193952847406,0.1740737669246003,0.085978936527635885,-0.18107156691056425,-0.98007390886091206,-0.081659174785476712,0.07005099224348213,-0.095673699827966738,0.99294481299160398,-11.771548372327265,13.811738620674868,-2.662453951939844,0.1075482549018595,0.1960099413011023,0.2575757575757576,True,5
0.59285686194810716,0.79954565279041512,0.096163872348153073,-0.80286581113972133,0.57753739744363564,0.14784127927270294,0.062667619581409026,-0.16485540227114498,0.98432487817692538,-25.605790473825021,16.242247686943422,-2.6484961263271209,,0.1043378481071622,0.3125,False,2
-0.56816905054358524,-0.82136442774010443,-0.050442113829354082,0.82005050194303153,-0.57023601525979351,0.048456796877391857,-0.068564599228649159,-0.013833428490618173,0.99755076662233677,-18.034840032437625,13.504460772725595,-2.4994421940892475,,0.2653685596174848,0.2926829268292683,False,5
-0.60794513271341311,-0.76915479046116919,-0.19698635465611497,0.79190957199844325,-0.605303578698833,-0.080540718842255304,-0.057288265703477177,-0.20495971781064629,0.9770924053986233,-6.8984465754310724,10.521684528832703,-2.3510952034482386,,0.1221817827209745,0.3114754098360656,False,3
-0.70138338715633475,-0.71153042259078925,-0.042258749968248785,0.71025482291608788,-0.70265527593021582,0.042586966690158337,-0.059995256025314109,-0.00014469002949642901,0.99819865173183431,22.245164387531627,-6.5192682096429975,-1.6615468979822667,,0.1965418232327224,0.3,False,5
0.98582169583103496,0.13863618303407113,0.094528264463949047,-0.16311024049722192,0.92396269642998086,0.34595951360061994,-0.039378083673042977,-0.35647292233714278,0.93347545343552374,4.1890048397313429,7.728635671360859,-2.3121833101308176,,0.09356911090214,0.2058823529411765,False,5
0.61274235221207474,-0.7894735690589999,-0.035753231502311481,0.78245321726408046,0.59969807542793852,0.16771756354394135,-0.1109674393626493,-0.13074288540976389,0.98518654340994027,-7.2412971509179087,-17.921777314893017,0.85675463983942557,0.1864660808098916,0.1406800987115742,0.2272727272727273,True,5
-0.93284874991953015,-0.35756209082088403,0.044074493546365674,0.36011447512459038,-0.92902048725402997,0.085079369226776863,0.010524950323470922,0.095238046336972554,0.99539888484496808,-26.911411773963952,16.561203222837978,-2.6325925883245489,,0.07458858419815317,0.2,False,1
