axis_00,axis_01,axis_02,axis_10,axis_11,axis_12,axis_20,axis_21,axis_22,location_x,location_y,location_z,dbh,dbh_approximation,score,reconstructed,number_clusters
0.73111053752958755,0.68224581194720191,-0.0042466449936123182,-0.68125585776136954,0.73035881046690476,0.049663510137618286,0.036984296383997389,-0.033416463814588813,0.99875697833212151,-14.879572206193698,0.13451883720071667,-1.2222106361339731,,0.08530458218064199,0.4608695652173913,False,5
0.39564167307605497,0.89603600563981312,0.20146251046443256,-0.91710554466035521,0.37379434517784083,0.13854676995983894,0.04883734717217561,-0.23957726125431969,0.96964820910011817,-5.8727339008034445,-14.492253909996347,-0.57999656701799218,0.6501296204812526,0.509978584989423,0.3472222222222222,True,6
0.17598580332241567,0.97148641244793332,0.15888092225943598,-0.98277515086872369,0.16414428648299589,0.084909693498129171,0.056409217898515635,-0.17108712296380743,0.9836397696779271,-8.611357504769515,-9.1277660268552268,-0.79808780659892786,,0.4066119321173591,0.3050847457627119,False,3
0.90430204289473726,-0.42516143070191581,-0.038413188619345874,0.42626841131686916,0.89444874984182188,0.13511726543930158,-0.023088021348691992,-0.1385611480534947,0.99008471936511588,4.5422195182672107,6.6292945296736061,-1.3635275511816334,,0.1186794659270897,0.352112676056338,False,5
0.53448599631202642,0.84503035717127695,0.015761193017199276,-0.84430567274853141,0.53299518829899095,0.055353953921771115,0.038375131413337767,-0.042893177885393721,0.9983423884519288,-26.903789631619023,-7.6857137763352856,-0.93219848575984088,,0.104385873386831,0.2666666666666667,False,2
0.2562839522957473,-0.9616790426996048,-0.097426662818987347,0.96631664429766062,0.25245666434023956,0.049977750884868444,-0.023466545314156796,-0.10695350140398978,0.99398705715338509,0.01054987332726965,5.4296809263007049,-1.39430042329305,,0.06855926348850508,0.2833333333333333,False,5
-0.43636546551942684,0.89624442015114314,0.079568334467640944,-0.89973105959051858,-0.43545489293456363,-0.029377825438064723,0.0083187084415482764,-0.084409570353652846,0.9963964188627813,-27.195279267831388,9.7970949007128301,-1.633426236562576,,0.2407629554830875,0.3666666666666666,False,3
-0.31104560514831708,-0.9462462991197983,-0.088704976861518514,0.94997650262160993,-0.31232093984589698,0.00052440498631271468,-0.028200638019936379,-0.084104529817725759,0.99605780559132595,2.6004906575245887,-9.6204167741626243,-0.79601727604775729,,0.07483391004927228,0.1153846153846154,True,5
0.99141349944269264,-0.1151769937685089,-0.061915533020756433,0.12600249212058418,0.96804908094699638,0.21680486354572098,0.034966342419498739,-0.22274477992564812,0.97424951522373282,-6.3187671041961826,3.3265203483915169,-1.3769722556331299,0.7794938530323241,0.5016193246770672,0.2530120481927711,True,4
0.31153216251989579,0.92215387832053985,0.2293031539557728,-0.94995349060267154,0.29635610393565737,0.098799925869802185,0.02315334549212885,-0.24860668606951311,0.96832775351843414,-18.630830785010001,-0.66724763609193349,-1.199671973350084,0.4343823653615135,0.2391000805418947,0.3333333333333333,True,5
-0.62779920435060377,0.75809757240697229,0.1765112736552685,-0.77802782162529038,-0.61794665480594191,-0.11320176938171811,0.023256564530354903,-0.20839866248323724,0.97776742105750469,-23.44724888728657,2.9906656428266665,-1.3792544307281309,,0.5327480732808836,0.35,False,2
-0.91108662929815409,0.41221161285747371,-0.0016553366939422616,-0.4120389872271501,-0.91080771683768347,-0.0255573072476767,-0.012042712275666004,-0.022602857659331142,0.99967198815745528,-9.5479520541066574,15.747013747274632,-2.1088021214524622,,0.1685203159607841,0.4242424242424243,False,5
-0.80530916644626338,-0.58514720657602215,-0.095288472932999982,0.59084843337744941,-0.80536177557115673,-0.047859578187523559,-0.048736795268448825,-0.094842801968056917,0.99429853047352412,13.733825289939981,4.6160315011836266,-1.073853275119574,0.5556183318081863,0.2700096702521241,0.3181818181818182,True,5
-0.18280963558690744,-0.98174382902746371,-0.05253276409133506,0.9827818674717137,-0.18393921716886738,0.017497581436145052,-0.026840978100517866,-0.048429521511139356,0.99846589493122351,-17.317089357900343,-7.4123637329136232,-0.86325950570951482,,0.08380478064947952,0.34375,False,2
0.89282595035458789,0.45025062066115212,-0.011670517026804644,-0.44760093470886175,0.88986104865805504,0.088321669645326326,0.050152025095491513,-0.073632144308259012,0.99602363511283565,2.4417646846083567,-15.128051797277669,-0.64992785590358015,,0.108526640646153,0.1304347826086956,False,5
-0.11063837516904643,0.99062862932271689,0.080087881144093515,-0.99296429915712947,-0.11360089820575124,0.033417608026883039,0.042202494468279395,-0.075827136917093821,0.99622748143564721,-9.185136014087492,9.8821642537090533,-1.8393889050935017,0.1417245433797666,0.1414637467888413,0.65625,True,4
-0.53402583425689221,-0.82139813813721629,-0.20030353719030144,0.8446564331490104,-0.5287033559748775,-0.083834785864191158,-0.037039415306172177,-0.21395761273116259,0.97614047230312107,3.1897756582674326,-13.118194415398824,-0.69787347973012481,,0.5035568759729694,0.2272727272727273,False,4
0.99241743141375682,0.12262884113453174,0.0083551868993966064,-0.1197207542862006,0.94901376654834535,0.29161586358575659,0.027831328018355271,-0.2904049555770789,0.95649902193207215,-4.4825790818593489,-11.129683431579126,-0.7324076948081446,0.6555406974225201,0.2664646614307171,0.180327868852459,True,3
0.87500820227389264,0.48408066520103554,0.0051532059859804025,-0.4787625177312872,0.86371971947803139,0.15739980241534518,0.07174327542710833,-0.140193280021953,0.98752151706566726,-1.6741636854219222,9.0396968868454035,-1.591195273044165,0.3091157403034456,0.2513724877850751,0.2068965517241379,True,5
-0.82656390690064574,-0.55787110991270938,-0.074645378516710895,0.56170474554327532,-0.82603570204958221,-0.046398251837957073,-0.035775503396957571,-0.080279783658252404,0.99613014696498314,4.9438651147164165,-3.2679922054343913,-0.97925785542311106,0.3725376792248515,0.3363184510214053,0.7247386759581882,True,6
0.2491149399089877,0.96820599313053812,0.022779411323611914,-0.9678433390451826,0.24803521530423178,0.041926161699529813,0.034943064834289043,-0.032491334769321076,0.99886099903084369,-0.043874401470876491,-8.4910938300730674,-0.83419369261261977,,0.07244739765968942,0.2631578947368421,False,5
0.14548727794309757,0.98115451512943475,0.12715844210210331,-0.98876710277502644,0.14864351179836996,-0.015643620748729773,-0.034250086519455006,-0.12345413659077561,0.9917590472146135,-0.77429934925587374,-17.427627867092902,-0.50185279915227154,,0.5838070001004307,0.2142857142857143,False,4
0.67366474205954374,0.73885960027097419,0.016195875810410411,-0.73793909240424327,0.67130817644214313,0.069218697932910911,0.040270475629817816,-0.058581766184897952,0.99747003236348286,3.6777193088094213,-2.5548622745517551,-1.0346116748523309,,0.08585030502531191,0.25,False,5
-0.75526192045143903,-0.65027748628641513,-0.081967202862048533,0.65404678020491058,-0.75585932075157303,-0.029991607768880046,-0.042452806969578913,-0.076261904395276109,0.99618365832732469,7.2809021534701195,-12.368414743126301,-0.66837746928056097,0.2941670191127473,0.308026001835213,0.4545454545454545,True,5
0.40143091631950789,-0.9129559773704613,-0.07324344889767638,0.91554263769224353,0.39779373170117815,0.059513238752236013,-0.025197182191858,-0.090947954362907424,0.9955368258416124,6.708580968396145,-8.7940269817206644,-0.785555423411886,0.145955279375311,0.2313517365986543,0.7886178861788617,True,5
0.9293839504658572,-0.35936916594935459,-0.084257196614550778,0.36897191881930969,0.91084001919304747,0.18501400638655907,0.010256497417463498,-0.20303758765626223,0.97911722600485984,-9.1892948811472746,0.55189635268481674,-1.2490502062455853,,0.07297290753667088,0.2403100775193799,False,4
-0.98549113393766419,0.16674813724910365,-0.03165886375426899,-0.16445440590389956,-0.98424979315282601,-0.064862108024751827,-0.041975865792770281,-0.058714592756599147,0.99739191057897303,-20.322330278221667,-1.9569336113373124,-1.1384847207091511,,0.5964556941644906,0.7023809523809523,False,6
0.99899410143248679,-0.009185966103000695,-0.04389081145129075,0.017942151609877475,0.97891011316985221,0.20350201357577483,0.041095796606300264,-0.20408480678517255,0.97809024488579388,25.934461192279748,-2.4733186992547576,-0.51339200069495616,0.5157758630719079,0.2799568781160858,0.4285714285714285,True,5
-0.31622913639796679,0.94522996675104543,0.08086682415436941,-0.94846521376472137,-0.31683162065436427,-0.0056091382377107223,0.020319241404066993,-0.078473142598896178,0.9967091322544489,-26.673233075748943,4.4201835816703428,-1.4342513127449799,0.6628768142684438,0.5021523892259567,0.8478260869565217,True,5
0.1464624724701416,0.98042378687449283,0.13159765305130949,-0.98779435065305765,0.13782183068202347,0.07257729538471519,0.053019477325201854,-0.1406212683705258,0.98864280400255145,0.25751632216691706,-12.992645837784396,-0.68747283622657684,,0.2747260638971357,0.3170731707317073,False,4
0.13716316134045614,0.98377076597413449,0.11567777308436683,-0.98710053630668415,0.12601509670373987,0.098755894131968128,0.082576015852967019,-0.12773126249048544,0.9883652797364133,15.705463793231031,23.036473412903327,-1.8884429176328379,,0.2030924357234724,0.125,False,2
0.25408911987125193,0.94810096517909381,0.19116296448193698,-0.96672008205615934,0.24285801141831836,0.080450414786196314,0.029849658496937336,-0.20524265179637868,0.97825582123042099,-2.5619064373075799,-1.8784469389735445,-1.1061222339587871,0.7322569699541318,0.4217938317902764,0.1899529042386185,True,5
-0.99210096571681494,-0.12251355867284697,-0.026946275532616189,0.12284186126551412,-0.99236662225474648,-0.010879529196180543,-0.02540769459413882,-0.014103722062674941,0.99957767786170126,-3.2532738313664757,11.612671432988119,-1.7316837434117993,0.2166875642514697,0.1805554842702659,0.7862595419847328,True,5
-0.93463040574055023,-0.34553447373440616,-0.084094780612973263,0.3524976618899846,-0.93141770064985074,-0.090589542874668805,-0.047025557172150033,-0.11431095475602684,0.99233139756606359,-11.409825904895085,-10.482674104482694,-0.73509352577344,,0.5426872523232114,0.4246575342465753,False,2
-0.8911491867004131,-0.45115247738111458,-0.048109969819943914,0.45200300961486906,-0.89198094224833979,-0.0079547448020073144,-0.039324373387172609,-0.028834715511813318,0.99881036880834395,18.412102446206298,1.0321953270183031,-0.81583200143030798,0.5535935154097408,0.5056902451021514,0.9340659340659341,True,5
-0.65953745179178014,-0.75066367707130377,-0.038915210519740229,0.75080931047017874,-0.66037655774985982,0.013717918418663818,-0.035996235849055515,-0.020170421419394957,0.99914834989828394,4.4077995525312206,-8.6437575405273677,-0.80606949117860194,0.3057457717092437,0.272699181816524,0.7064220183486238,True,5
-0.25189941755174872,-0.96569359797908749,-0.063107513493201137,0.96689266203064739,-0.25388943703423505,0.02566581137870428,-0.040807640808772756,-0.054552988778287598,0.99767665496741909,-4.897693431830211,11.490255740746322,-1.7699016180311873,0.2092912745977118,0.1051477930979863,0.4324324324324325,True,5
0.028587677021089719,-0.98686496143886615,-0.15899777547753607,0.99739118678304861,0.017613967124213002,0.070004061951080609,-0.066283974307832796,-0.16058423349262607,0.98479395748732446,9.2261853749249401,10.962057266949968,-1.4499678500681796,0.501267786405339,0.2287746575455717,0.2068965517241379,True,5
0.87261452347348611,0.48810330497408744,-0.017293267375312667,-0.48717155833500952,0.87237630736659288,0.040292072357556094,0.034752930417156637,-0.026734659504112971,0.99903828345495338,-15.562919688919481,6.1371779568186025,-1.5774431819539834,0.3127514678428935,0.3003074561968875,0.82,True,5
0.79404753949202223,0.60785514578319433,-0.00079168905322848232,-0.60673980762472224,0.79266809823041029,0.059532276046691535,0.036814546991379503,-0.046791108051380814,0.99822606724987073,11.594143876405106,10.252772702266357,-1.3553463704331838,0.8745016222681502,0.8609960356593149,0.9873417721518988,True,5
-0.29806103471523776,0.93075343976796765,0.21179625573786609,-0.95428994564264491,-0.29570035833969838,-0.043497100169240785,0.022143153114240692,-0.2150798280589602,0.97634540421527494,3.8586739995233872,11.17208681640065,-1.5594192652434629,,0.3195420526420694,0.1363636363636364,False,1
-0.11218703538142001,-0.98547648130764032,-0.12747616985868579,0.99301037400507119,-0.11591802836828458,0.022212785001396028,-0.03666696347717828,-0.12409317261123606,0.99159286922639878,16.858747603212475,2.0963422924036115,-0.8963215212293244,0.1665480327139695,0.09891913670020566,0.36,True,5
-0.29962725544273722,0.94106814025829644,0.15688933420295087,-0.95400048923804293,-0.29731031963579679,-0.038595859514144466,0.010323484364680231,-0.16123687304352249,0.98686174130002635,7.9599971179429643,4.4279623576629143,-1.1970369447574445,,0.3283283528279805,0.2,False,5
0.65359536918451044,0.75591564206148409,0.03747846671539954,-0.75587041983109338,0.64944249905319673,0.082971976280575288,0.038379705638910175,-0.082558963839865787,0.99584688365468987,-17.780306718708779,0.16382094159744667,-1.2418611455483286,,0.06434179191272643,0.1612903225806452,False,1
0.98676201285884879,-0.15894747074585699,-0.032193656552952067,0.16056929549819055,0.98541375728664171,0.056366907786744677,0.022764694638172177,-0.060790036138495471,0.99789094603784856,8.0527565001099699,2.464311637274029,-1.1343694802482418,,0.09982271974268239,0.6842105263157895,False,5
-0.43579076656998939,-0.86804012244420348,-0.23789231513311351,0.89792323434016208,-0.43745161768403323,-0.048682105724012215,-0.061808357076067119,-0.23482424920070305,0.97007077008993658,-1.0646893649474956,-7.2124023068643606,-0.89546755351779617,,0.6203823592847544,0.1747572815533981,False,4
-0.97843857415869162,-0.20387432031871827,-0.033063849033163228,0.20437689085969582,-0.9788115328576894,-0.012572574410380115,-0.029800051691752979,-0.019058978444848634,0.99937416029223414,-16.420193831966831,10.739019371083279,-1.8195133645901567,,0.09049415695867188,0.4090909090909091,False,4
-0.51801462187178493,-0.8273559892654202,-0.21712420075539601,0.85451770258308413,-0.5118882932521962,-0.088146872908124591,-0.038214493312872216,-0.23119784224337192,0.97215595983507164,-5.3659536641190391,12.374274474701734,-1.8332358515719211,,0.4963830004608826,0.1111111111111111,False,1
0.8933543134511992,0.44438274461340077,0.066648682867686826,-0.44877636586815201,0.87482817288261272,0.18241557326347929,0.022756187648880672,-0.19287209290286197,0.98095999495543074,4.5653036410838315,-17.098955685294477,-0.54595399482084339,,0.396786630592681,0.4615384615384616,False,5
0.82442004825878712,-0.54149583680554148,-0.16466281532649263,0.5638203745018221,0.8111326177002508,0.15546852350030449,0.04937782220395158,-0.22101161785075074,0.97402037732759461,10.869542687414445,2.2859751579556131,-1.0460253677419262,0.4284741319544124,0.4432415883642872,0.36,True,3
-0.68127786059995665,-0.70010897088554924,-0.21379407274740431,0.72888776605428807,-0.67579203365744678,-0.10967110714094548,-0.067698605249550348,-0.23054838132311564,0.97070301468397435,-6.9443607651523447,15.50137438361754,-2.0277254949873904,,0.2034573385778754,0.14,False,3
0.96009321299716133,0.27835017624352315,0.027243379782758537,-0.27628735333826043,0.92880897763469383,0.2469396311865189,0.043431794138940501,-0.24461206521836631,0.96864782909346336,-13.031266958350811,20.227241507169065,-2.3232971581379158,,0.254736735134302,0.1111111111111111,False,2
0.93008035145650014,0.36305425996101159,0.056054831716070494,-0.36734809981426159,0.91815851380235713,0.14845981643225575,0.0024317478088916981,-0.15867119416078651,0.98732848573622423,13.262522323215146,16.314881888888799,-1.6231648778096781,0.2580156956372453,0.1600537930871047,0.1904761904761905,True,5
0.98897724899467021,0.14735818886188559,-0.014476365092085903,-0.14528929144378844,0.98462203863541009,0.097007540043086704,0.028548603515696207,-0.093834989256641424,0.99517836191735498,-8.4754491005869745,-13.780056614200147,-0.60233242080341298,,0.1245777873581274,0.3333333333333333,False,5
-0.9684134655766683,-0.24691879316831272,-0.034734266511514532,0.24821328489916805,-0.96788567794786939,-0.039843187911600401,-0.023780767215408536,-0.047206186074481488,0.99860204841916367,-19.166957608718253,17.571721130628944,-2.0967289783200167,,0.3380045247055232,0.6078431372549019,False,5
0.97552116379453413,0.21972439141088823,0.0089247301400792664,-0.21572871671418561,0.94833139835937608,0.23265571059099618,0.042656532604152961,-0.22888589013931254,0.9725182103803125,14.881785517495842,-6.5524917248444776,-0.70240104015138782,,0.4044337636469183,0.4,False,5
-0.83804812508229332,0.54426034820050018,0.038157743941756354,-0.54558911356210649,-0.83634437224474112,-0.053484672356350065,0.0028034280031870133,-0.06564117908159256,0.99783935400454649,-13.773789265589391,27.453875793870857,-2.4223809091942834,,0.5635305336937785,0.7333333333333333,False,3
0.97665503616815552,0.21466255410335222,0.0080578032493365051,-0.2127961318132561,0.96167206180492604,0.17292961524614053,0.029372548624438648,-0.17060724899513569,0.98490122346234155,-14.195364567511293,-14.098966123801517,-0.59710784039628451,,0.3592047244753942,0.625,False,1
-0.97885330588167796,-0.20038015465836762,-0.041158221336714318,0.20264014173524739,-0.97734611352417544,-0.061086392402164562,-0.027985326905938,-0.068134924952486589,0.99728353715464968,-5.7111150506355175,6.3704330649221861,-1.54820964279231,0.197079946989743,0.1379628104653693,0.572992700729927,True,5
-0.49168812358596703,0.84106656651193079,0.22549904616282873,-0.8706913501608281,-0.4783822350094753,-0.11422350888698692,0.011805163261355684,-0.25250241171753968,0.96752424786007385,15.798313644552236,9.5990720833319116,-1.2122433316968686,,0.5764340801229959,0.1944444444444444,False,4
-0.88021514487143726,-0.47237035945876604,-0.045689629498965545,0.47332660866309573,-0.88080008363726514,-0.01237474024295817,-0.034397968987269475,-0.032518551157520517,0.99887903349713381,-1.0993356525422433,14.279070722095055,-1.8054412719218627,,0.08729715245975408,0.3157894736842105,False,5
-0.74000808981966582,0.67237390118732931,0.017359838812067797,-0.67254825996190337,-0.73939310741017517,-0.031251731736670403,-0.0081771036232503869,-0.034801863692285398,0.99936077832776593,-17.38242503388356,-3.5208155584307814,-1.0363216236743604,,0.2550166885130553,0.4153846153846154,False,5
0.46642429703301286,-0.85153394064316235,-0.23945421915261439,0.88406043270560031,0.43964825435170779,0.15857668104069914,-0.029757796653102089,-0.28565601757747822,0.95787009200628515,-15.378796887968006,11.840465383362917,-1.8988698933169326,,0.4514721910670085,0.1733333333333333,False,4
-0.909452854420293,0.41575258667463411,0.0067299524614402861,-0.41572045622246001,-0.90881403737853395,-0.035121898324536223,-0.008485744809502288,-0.034739489591534195,0.99936037543918499,-3.2893548578673801,2.2976256254494962,-1.2918893933618676,,0.06726436330123421,0.199203187250996,False,5
-0.96741736789937594,-0.24539710475836984,-0.062320921550104991,0.25192392236115951,-0.95753082515353483,-0.14024641251368897,-0.025258139852593425,-0.15137694625338749,0.98815335171935059,-16.043415526307321,16.265679192338474,-2.0549579134742757,,0.1051963958018075,0.4,False,5
0.35703002325506672,-0.92860708642042511,-0.10108630740242547,0.9340288544093639,0.35364155716875451,0.050276716022345257,-0.010938995622063965,-0.11236782499020646,0.99360646650560436,6.3463430917793886,15.489385290974276,-1.7291773767586582,0.6313637475008343,0.4601683809060035,0.3793103448275862,True,6
-0.77769546854025418,0.62815618405752205,0.024689403440474572,-0.62863230654506808,-0.77729336607561694,-0.025227885814382511,0.00334385702164397,-0.035140169110703535,0.99937679937803703,-16.772474420488916,19.004879316573174,-2.2092586892469677,0.2442809847202677,0.1988578502844552,0.2777777777777778,True,5
-0.87099882908280479,0.4911401462140792,0.011933001013842148,-0.49013983363049252,-0.86705449938738477,-0.089327703321896074,-0.033525859050237888,-0.083653164129664781,0.99593080327201411,5.3117617704454299,13.637872860990946,-1.6452275242667831,,0.1197710257784325,0.2,False,5
0.87527558779439418,-0.46879232060459919,-0.11885455630027134,0.48360782196560587,0.8504429649249573,0.20705129302501846,0.0040149651134617735,-0.23870593530912487,0.97108359913209097,0.1332054380788098,14.357409368038716,-1.7806777632570674,,0.08883072206271353,0.2272727272727273,False,4
0.46407975528914358,0.88050532026359396,0.096645546810362373,-0.88497792485389437,0.45620387143506236,0.093231433588434956,0.038000700678573043,-0.1287959963475814,0.99094275216723315,-7.7236633238776191,-12.363935934852243,-0.66477833270897135,,0.1144736133741733,0.375,False,2
0.16468452287658858,0.98618329048949094,0.017931131705231224,-0.98497147971297039,0.16346829225362861,0.05576111171527056,0.052059505154688587,-0.026844645406527243,0.99828311261687985,3.1909118012288293,2.4975326650372569,-1.2282548238229463,0.6936970722976298,0.7185733497921774,0.5625,True,5
0.99742843722938701,0.071646759402907961,-0.0018040158552984492,-0.067013821265183404,0.94126430987233956,0.33095414594772349,0.025409847807147657,-0.32998218259113749,0.9436451127446206,-19.661311307554424,18.912242739334072,-2.1228699427396402,,0.3251079685536744,0.2352941176470588,False,1
0.049168235229910318,-0.97762191172722945,-0.20454310634967532,0.99835656946181806,0.042069140347864041,0.038914619911059933,-0.029438832463376308,-0.20612031714799522,0.97808372341124461,-23.274902826775765,5.3371952540130403,-1.4768477421870057,,0.08091060485038477,0.5,False,2
-0.36078199261362059,-0.8936435514799892,-0.26690364685402429,0.93192017321547538,-0.35674286304556507,-0.065263469261842594,-0.036893692682948974,-0.27227877729320982,0.961510854268391,-26.963270463377803,1.945590718427602,-1.3293147724535654,,0.3445974014576084,0.2857142857142857,False,1
-0.27713236727910229,0.958157203770725,0.071640937099868671,-0.96053486847226,-0.278128931593002,0.0041308425186951554,0.023883413810838083,-0.067668827928388561,0.99742193292083736,4.2234620796763993,22.33625613869884,-1.9352414524737969,0.5040209426956865,0.424914564873902,0.8771929824561403,True,5
0.98178963377847395,0.18997027205890823,-0.00064088922249393859,-0.18740534170589912,0.96907535258154875,0.16053721973125884,0.031118369257182001,-0.15749367210402984,0.9870295792639463,-4.0082803676710945,18.506209686370216,-2.0873549551747748,,0.1029525753050867,0.4545454545454545,False,4
-0.8299801433678311,-0.55336657517382426,-0.070131270454110578,0.55760521892525872,-0.81985510586571952,-0.13005393194065562,0.014470018743237965,-0.14704774349272626,0.98902354860299879,-13.399084067555023,37.365438179830747,-2.3692533896300279,,0.642970760278672,0.7692307692307693,False,2
0.98054169337797326,0.1959255714842443,-0.012294632407257495,-0.19232520985530774,0.97130380859400534,0.13992828543540289,0.039357352573174229,-0.13484095019448658,0.99008530791496896,16.987545162852062,-15.712225150515135,-0.38980889284936981,,0.5908251513956398,0.3823529411764706,False,5
0.98113273621849784,-0.18633446839586673,-0.05155598712112805,0.192577156603534,0.96548990335946916,0.17533763219976792,0.01710534053744622,-0.1819579962479061,0.98315751277531582,-19.197949683434032,10.108314418746572,-1.707402464336752,,0.5335381050718618,0.4594594594594595,False,1
0.40704598282121318,0.89645295562190308,0.17517324631880007,-0.91302024210897392,0.39373579265106984,0.10661220889140179,0.026600852775483023,-0.203332791113947,0.97874826727275921,-1.1369526092652742,-8.5127699433500936,-0.84824698233588447,,0.302208646184664,0.25,False,3
-0.66341864940616802,-0.73850094107659237,-0.1203829541466889,0.74824496629682891,-0.65428452299565776,-0.10973255387441885,0.002272890572321714,-0.16287456215545837,0.98664416633916929,15.890536767895419,-4.0887864003986749,-0.73854824603921376,,0.3666543422592398,0.4761904761904762,False,5
-0.05242729281854977,0.9611039271917946,0.27116530033215586,-0.99819665886135722,-0.058385783036683063,0.013947421884248905,0.029237120339422648,-0.26994507121950506,0.96243173748508259,-5.3735331610224932,-11.972629011946085,-0.69041637703022829,,0.4712359104137035,0.2238805970149254,False,1
0.99707017477555104,-0.071400310161894701,-0.027441980282741606,0.073244614600788946,0.9946080831661277,0.07341653310109264,0.022052052172871268,-0.075211412760213286,0.99692374351581103,-7.5620020224636679,13.53157422982979,-1.9374938812538018,0.193845228937109,0.1708564621982698,0.7685185185185185,True,5
-0.53273620199619709,-0.84437775321262176,-0.0567304941127229,0.8454609286490582,-0.53397361560642465,0.0082459665337400456,-0.037255297751335487,-0.043570491342290206,0.99835547530609181,1.3822660335728252,-10.388601539441009,-0.78042169560476904,,0.0859117719621533,0.34375,False,5
-0.70190451035106005,-0.70014568013403633,-0.13086666855425516,0.71213738756745004,-0.69338548378686438,-0.10989500490134058,-0.013798535337085097,-0.17033084706918525,0.98529031404923895,5.9694679164281386,2.6863135257707578,-1.1760143331632886,,0.3183499997742111,0.6041666666666666,False,3
-0.38529307544355562,-0.90347434782752367,-0.18783862444363747,0.92183190079875565,-0.38612695544959585,-0.033644032828703291,-0.042133035554061268,-0.186118449093197,0.98162351755759381,-0.49494319260380115,8.9055954209106876,-1.5677243613982876,,0.3916770030984488,0.21875,False,4
-0.99665927515269015,-0.074917953889045596,-0.03252060019733681,0.077731313715736688,-0.9923206835423608,-0.096215923225051112,-0.02506256411746275,-0.098422361275789488,0.99482908415504112,6.1922488256333015,-3.9157083739459746,-0.94597912139054163,0.747833815461286,0.5323333846703916,0.4285714285714285,True,2
0.26083919510507597,-0.95794500302005481,-0.11960052460521417,0.96499510938695054,0.25521759636737357,0.060402130456853401,-0.027337760628888486,-0.13116916441514281,0.99098299538913881,-25.290187210946449,4.7123913337720804,-1.4441489192827137,,0.9093759760592494,0.631578947368421,False,2
0.94438890160447853,0.32769343927906386,0.02732420867557666,-0.32808530699607275,0.93339799607497775,0.14535546861576812,0.022127671806603289,-0.14623676274000069,0.98900211089953971,-24.113273794084531,-5.2256608241357352,-1.0208767929712423,,0.181678135187098,0.1333333333333333,False,2
0.52525412610688793,-0.84945941830264116,-0.050267282248276875,0.85081882387009566,0.52323996185784516,0.048241799959243971,-0.01467760048496583,-0.068107554441041079,0.99757001211547258,7.2616670593277224,19.46459515683874,-1.9049041489093776,,0.09667309136309374,0.2857142857142857,False,4
0.25803019432562863,-0.92137842650441948,-0.29065824259518075,0.96586552443034634,0.23887780155641855,0.10020571161597829,-0.022895578900096761,-0.30659287515500566,0.95156534267017989,-1.2138075730519409,1.544398371327323,-1.2445652425820162,,0.4217577875718239,0.1946666666666667,False,2
-0.97312981189415448,0.23016362788961445,-0.0065630480373269351,-0.22991819447209838,-0.97284844642767088,-0.026524029368831054,-0.012489717912724522,-0.024302359555389709,0.99962663143120722,-15.223318446006546,-1.7529760980375084,-1.1002836071211997,,0.07037148285135113,0.2608695652173913,False,5
-0.96383691107743907,-0.26448756128477385,-0.032630335124450828,0.26573359417655984,-0.96309517046592263,-0.042817631312611633,-0.020101387283179922,-0.049940189735806217,0.99854990445067049,-7.1279670891252929,6.5978040293010451,-1.5891454871520734,0.1792092803081849,0.1049989606490559,0.2025316455696203,True,5
-0.84023119644890465,0.5400768136016556,0.048255278715670473,-0.54221925194209586,-0.83636898448351937,-0.080530768140893313,-0.0031335821990328659,-0.093829404793440124,0.99558335836770206,-12.521007073487011,-15.688363810103676,-0.53156135128209869,,0.6565849264785677,0.6451612903225806,False,1
-0.61325779782883649,-0.76703868793890695,-0.18859089216366062,0.78897713357496702,-0.60626926458440655,-0.099763026799064181,-0.037814760318611501,-0.20997435563716407,0.97697533944148396,-13.377368476318882,16.749454539319743,-2.1289881344518351,,0.1633847389818966,0.1935483870967742,False,5
0.39920421796136157,-0.90818057968559318,-0.12587305924540571,0.91650673141090633,0.39144941179441534,0.082357569684289283,-0.025522610374996809,-0.14824099530071327,0.98862187092533005,19.614929451291761,1.5358161302814695,-0.80810049339341128,,0.1474859238482007,0.5882352941176471,False,5
0.11146446216806558,0.99376191121352642,-0.0035968729230161783,-0.99318176746457743,0.11152227949695774,0.033952289344626574,0.034141623416626375,-0.0002121250641466399,0.99941698232191134,5.6466825865656753,1.6450742373107092,-1.1493222218134773,,0.07112451593465277,0.3392857142857143,False,5
-0.88501839853778697,0.45693269006777654,0.089190531992114713,-0.46551033620452081,-0.8658555615174881,-0.1832874067577728,-0.0065238896652999728,-0.20373184173481745,0.97900499259553042,-32.494866640811146,22.299444074928775,-2.0655454095143626,,0.3907713907895082,0.3333333333333333,False,1
-0.95539265994352052,0.29479471456800749,-0.01791484269570346,-0.29503960418417752,-0.95539666567748571,0.012993966876437283,-0.013285228221166293,0.017699928675259564,0.9997550776245161,-1.3630316498690507,-2.6016439640515898,-1.078685904939628,,0.06921003859858998,0.15625,False,5
-0.90545994209971414,0.42111211756363254,0.052979974460689257,-0.42288363498600834,-0.8844496052631089,-0.19727728457922009,-0.036217737557752566,-0.20103104285409171,0.97891511138361398,13.892439580158655,-5.1633554454059443,-0.7616825681321796,,0.3830438090256946,0.25,False,4
0.99825341049501448,-0.053579452400725036,-0.024887159651358168,0.055900972581698703,0.99294835667697157,0.1045401465319591,0.0191104604730996,-0.10574877423848358,0.99420922699780145,0.40123198320803632,4.3650615904560608,-1.349488740208556,,0.09027926306855846,0.2903225806451613,False,4
0.96189097679394664,-0.26764857929619523,-0.055946284622973873,0.27313038901259173,0.95012617387165776,0.15053253575833253,0.012866210017589516,-0.16007651834273434,0.98702075404474188,6.9629179043854306,9.8368591810472203,-1.4479828806921178,,0.234790155858644,0.2352941176470588,False,3
0.25006831680809594,-0.95923966722022835,-0.1316248371698594,0.9679403422070606,0.2443584981833529,0.058141364738496626,-0.023607855829030196,-0.1419443031502238,0.98959309008619989,6.1308253508927759,11.170452811305886,-1.5162760633124479,,0.105163607001658,0.1578947368421053,False,5
0.99918160304252412,0.03620040429427273,-0.018045910071362345,-0.03116076218449202,0.97334634952435672,0.22721331555982982,0.025790134576113354,-0.22646504056154107,0.97367779802253163,11.995165058725068,-15.356615947033049,-0.53300881487154106,,0.2605437035730192,0.4545454545454545,False,3
-0.25601962618095142,-0.90747372291049766,-0.33308466376752877,0.9660202339655054,-0.25282626644470851,-0.053700899106621222,-0.035480397114408806,-0.33551500893788799,0.94136646434744675,-21.367271131217269,1.0725992781604845,-1.2996763426480595,,0.08557169957932928,0.5,False,1
0.28138271436343271,0.95235211017844468,0.11768273576073864,-0.95912760484011228,0.27529269437277615,0.065484120660258938,0.029966743085244288,-0.13129886010031522,0.99088980398691262,8.5336054553888818,0.38462733733677618,-1.0339892579029797,,0.2356406359399777,0.6274509803921569,False,5
-0.55611260622743619,-0.82753113688935531,-0.077012899397052581,0.83060253736906242,-0.55661179473851441,-0.016814721943749368,-0.028951582184820763,-0.073317988492468317,0.99688829788116917,5.6972861048594856,-6.5060962419813047,-0.86517077595996983,0.4502354317370143,0.1587341825672323,0.3846153846153846,True,5
0.36362207911037481,0.9224480448474679,0.12987912896433465,-0.93024119975031094,0.35218763016567289,0.1030300123526683,0.049298010817398485,-0.15828290405275264,0.98616237426403397,3.4741165236041391,-4.0796940807725788,-0.97744509610417285,0.3508756746890648,0.2663543143895758,0.4111111111111111,True,5
-0.24899833453303943,0.96827258533603877,0.021166716477448513,-0.96823887004979625,-0.24938199951661816,0.017947390946535198,0.022656564710185702,-0.016025567189888505,0.99961485646811798,12.272184714198641,-10.026551365393589,-0.65829825668124597,0.3957467752575535,0.4319972399885634,0.9552238805970149,True,5
0.17740742726361369,-0.95956929908227251,-0.21852543332633509,0.98379741157447886,0.16708185428580338,0.065010052667055854,-0.025870016062255627,-0.2265180218595742,0.97366335457475495,-21.595312259515058,-1.3536242512626,-1.166371125398461,,0.2408422910521615,0.3043478260869565,False,1
0.84587037598580317,0.52741292085270985,0.079617321904530802,-0.5316998656935068,0.8218779529628909,0.20447954238758165,0.042409431157976671,-0.2152957067643044,0.97562759226956852,3.7617165945322046,-7.4514404795100289,-0.85336299337893418,,0.1880145203930187,0.3571428571428572,False,3
-0.43378903183277984,-0.88774518016402937,-0.15406352896489256,0.90060427081051753,-0.43236501450697834,-0.044412178827862539,-0.027184982240884042,-0.15801578821724471,0.98706230168852427,12.413343640599209,14.181431645990036,-1.5370207858678968,,0.2762810278013045,0.1764705882352941,False,5
0.96621457682196377,0.2552143322901923,0.035986610432586399,-0.25655800321652783,0.93901518120011351,0.22897266313092415,0.024645131817532907,-0.23046937772595913,0.97276743541727761,22.175952254542139,-5.0729870515544304,-0.54337131108060133,,0.4860470979223322,0.4333333333333333,False,5
0.043544350026123765,-0.96938175497492785,-0.24166692513153643,0.99491197778393059,0.020078528080645724,0.098726942483712499,-0.090851780625753095,-0.24473631898809767,0.96532382552451601,2.7901309900774276,10.180979427814295,-1.5487471386743943,,0.7291000562410772,0.3571428571428572,False,2
-0.64412936116708364,-0.75935514423374628,-0.092071336518117886,0.76357256689966679,-0.64545486229465698,-0.018572986255324116,-0.045324399176823731,-0.082266552534629209,0.99557918478307306,26.470942506924949,2.5082587635758662,-0.65175735749488772,,0.282109408782194,0.7419354838709677,False,5
-0.98320955486574402,0.18204916891769685,-0.012532809624410907,-0.18131493270053622,-0.98237376032042445,-0.045460864638816482,-0.020588015943889013,-0.042425170951743911,0.99888750040693242,-8.7208413610601188,7.021932154578101,-1.6236984537437138,,0.3878142326988704,0.2845953002610966,True,5
0.46312036729128164,-0.84740009585126463,-0.25967788306141071,0.88615519824072075,0.43751503358910671,0.15267468688185176,-0.015763566567781745,-0.30082166300781976,0.95355012297952768,4.7428724752365286,0.80941518382153033,-1.1335181047786218,,0.09179414616889854,0.2413793103448276,False,3
-0.84629895694294888,0.53270298033127306,0.0023685910279591105,-0.53269751907799501,-0.84630176661722945,0.0025832128651551087,0.0033806279634537202,0.00092442778903814929,0.99999385837505872,8.339021386738386,13.473833003749036,-1.585185176293018,,0.09560004243938246,0.1111111111111111,False,4
-0.059208030535788408,0.99455798904309156,0.085725232870108636,-0.99789618698990834,-0.056696489940333612,-0.031443727823633721,-0.026412290909238616,-0.087406604207044089,0.9958225125141118,-12.695160451202907,-16.612225092741408,-0.50101906092787218,,0.3208165058823539,0.5,False,2
0.31197434672991614,0.94991722577236193,0.018145830468247179,-0.94941513353973406,0.31097568730847103,0.043646604779215191,0.035817749624608632,-0.030844547070174741,0.99888222665530746,-17.666613505432924,-1.5106644182372129,-1.1494993886485878,,0.07784440424858781,0.3777777777777778,False,3
0.96262514628348339,-0.26734147108239664,-0.043374711321275336,0.27040287640005256,0.95774301819875118,0.098033644868106617,0.015333368099728899,-0.10609829843615887,0.99423741575725844,-15.457360796842174,14.012852631554495,-1.9668398553029922,0.2614463968434255,0.2421217194864945,0.6933333333333334,True,5
0.17114531659448509,0.98524418899174349,0.0017800746542380938,-0.98461868243647088,0.17097164982693058,0.035982567342041631,0.035147273078300414,-0.0079109426403305566,0.99935083238155165,-16.440083035012563,-4.7202804691963012,-0.96470384946923382,0.07662352949623387,0.1341279195775282,0.6730769230769231,True,5
-0.9338782249508053,-0.35549180007204245,-0.038691614650632374,0.3556980068725264,-0.93459948973668661,0.0016497547809613093,-0.036747637606330923,-0.012221860147461535,0.99924983726037697,-12.291054492551899,21.42246331466745,-2.3355265792491227,,0.1265303776120443,0.875,False,2
-0.42018994419363326,0.90092469035946465,0.10851319320365738,-0.90727101699045543,-0.41938026933927069,-0.031296827603214769,0.017312207474954325,-0.11160148739879659,0.9936022320238217,5.5023690398395555,-2.2415057440455355,-1.0093720366656636,0.4284014136290769,0.4749808567479584,0.3131313131313131,True,4
-0.38022377875051527,0.92418686081255885,0.036173531402222986,-0.92470426708129516,-0.38064796219212144,0.0053988258565870507,0.018758904934021742,-0.031397056875027293,0.99933094033221193,6.5424692485080636,-2.8554564649651875,-0.97121319833107989,,0.06638465796972585,0.3181818181818182,False,5
0.59230980647533005,-0.80482180561652161,-0.037827957350611958,0.80564612496894894,0.59101692978217091,0.040414230580003568,-0.01016929081471132,-0.054413692348702455,0.99846669228838436,4.8404220041749531,-5.6306049147532837,-0.90992689175988928,0.4305929859728169,0.4106101939611888,0.9730392156862745,True,5
0.98938237399867246,0.14285375021455776,-0.026745543000437209,-0.13949644231564709,0.98505169472230847,0.10106384767059784,0.040783092109706737,-0.096259881437415137,0.99452037416215178,-8.0569769610101307,17.49261886656609,-2.1564395365519049,,0.17789045043295,0.2244897959183673,False,5
-0.3550575333688889,0.91809539681460561,0.17616750649831719,-0.93293083401432886,-0.36003378479306214,-0.0039664534427868575,0.059784671474643357,-0.16576041793931795,0.98435221181305521,0.4705941863606421,-18.805399244036067,-0.42184077735686748,,0.2592607895576106,0.3214285714285715,False,3
0.78496785467178554,-0.6062445564256489,-0.12764405562439293,0.61928635498398599,0.77367063775336276,0.13385871211450245,0.017603342370784661,-0.1841230080206526,0.98274556231753285,1.8396229634295789,11.87375074714096,-1.637044377892124,,0.4354517840517735,0.5161290322580645,False,5
0.27704805488844092,0.95766655585785387,0.078224951734646636,-0.95969781468748894,0.27179939470625508,0.071450636955675231,0.047164390874788388,-0.094867575222884665,0.99437199447930003,-17.290503428549496,13.326763728278495,-1.86294883208536,0.2128759325583851,0.197267616354154,0.4651162790697674,True,5
0.9848861613249037,-0.16502442135419645,-0.052594577547588603,0.17228453359486098,0.96463406504668425,0.19949726824072306,0.017812599885975233,-0.20554333097481525,0.97848589687183563,-1.3363383482616198,-1.3780326631737256,-1.1297350908235713,,0.0775590554977931,0.1590909090909091,False,1
0.24224044646405149,0.95148947602424283,0.18970330284950082,-0.96939974265458251,0.22934486884674707,0.08755038592089659,0.039795791713780657,-0.20510657753660841,0.97793025662011945,0.89802195615470592,9.5426781023936975,-1.5558681076807632,,0.1474198316236195,0.4,False,3
0.67306911313941697,-0.72857420183002131,-0.12711255392551429,0.73957588970862753,0.66250649443868093,0.11879666741227421,-0.0023392946396239081,-0.17396774774169571,0.98474857219813794,24.153858127208839,-3.4442764813902635,-0.52684937843252855,0.944644012832383,0.475613450084026,0.7435897435897436,True,4
0.74441070645154006,-0.66467791017680933,-0.063686543659624062,0.66762620874934586,0.73929491166483885,0.087853736274864286,-0.011311300159320657,-0.10791806757660347,0.99409544067923294,-25.928776467155014,8.6858761732972951,-1.5882553646404247,,0.2988890107385778,0.2631578947368421,True,4
0.59077436944254436,-0.79691999637208544,-0.12611171155796658,0.80654609017433487,0.57910732706923784,0.11881964551039852,-0.021657535276618539,-0.17191050903606378,0.98487447324453659,-14.658199082185082,24.520762100568575,-2.3768536797806732,,0.3071250954578593,0.15,False,3
