axis_00,axis_01,axis_02,axis_10,axis_11,axis_12,axis_20,axis_21,axis_22,location_x,location_y,location_z,dbh,dbh_approximation,score,reconstructed,number_clusters
0.9787576895230754,-0.17964966385925812,-0.098789591935119589,0.19001779885537215,0.97581398805794262,0.10807542194510705,0.076984552460939853,-0.12455143108655629,0.98922207804753337,-11.015673810772144,-9.8265389682356687,-2.7214022989685902,,0.1524405788868352,0.2769230769230769,False,5
-0.50479373654154036,0.8616323167087464,-0.05265960834975883,-0.8613383434455163,-0.50679056022877789,-0.035490649099960608,-0.057267282622498514,0.027442282451017132,0.99798165287489893,4.7451169600316394,-8.7398086783606121,-1.5061698480839179,,0.0910512531327208,0.3617021276595745,False,5
0.3646280847759315,0.93110265864394581,0.0097056096569861083,-0.92974015046032221,0.36348093884786398,0.058863059012374354,0.051279746632124951,-0.030486819454530106,0.9982188845262816,-17.009396929718424,2.2074962972495209,-3.2842707981059274,0.170394303174455,0.1200349067276111,0.360655737704918,True,3
-0.45148014421683513,0.88715009136693135,-0.095553099194063101,-0.89053759843517477,-0.4546981161354306,-0.013871155546721706,-0.055753611105081535,0.078831076172630937,0.99532768286540063,0.099697655629385179,-7.6139217394885312,-1.8770454755600008,0.1829242807669719,0.1438830290628796,0.5147058823529411,True,4
0.93539461422315362,0.34319723484458542,-0.085162043642389718,-0.33507309946232133,0.9372257300675646,0.096612364198551168,0.11297315477152531,-0.061835175218889579,0.99167206142283659,-6.3582509641804652,-16.325693289207194,-2.2888700318835236,,0.1316211322118919,0.12,False,7
-0.82994005155208916,-0.53422768930233022,-0.16062467684764403,0.54930849926168934,-0.8328201767074197,-0.068342709251931422,-0.097260904111506702,-0.14495285182333043,0.98464663066487856,-25.654801714119046,-18.24673281876662,-4.1128597689427044,,0.1566920750498188,0.7777777777777778,False,1
0.82565805839735207,-0.54953575946502087,-0.1276683973139662,0.55566328082984939,0.83126288862077713,0.01550252686655814,0.097606807861551723,-0.083740426742662383,0.99169574567406227,9.7464494962922306,-9.0369423457481712,-1.1678291549533237,0.4920053001475825,0.4312158781626769,0.8468468468468469,True,5
0.9154189890541129,-0.37561048985507112,-0.14465418898178722,0.3878645910019532,0.91923029544676138,0.067651481726168694,0.10755990668475233,-0.11803568885592236,0.98716687678946913,-19.06706846133347,3.8307599287398268,-3.4692830742425369,,0.06223953495416801,0.36,False,1
0.73406597690602504,-0.61225943291424334,-0.2937439843750535,0.66840705846341175,0.72781937307117683,0.15333285485690215,0.11991307578947218,-0.30889698442977376,0.94350596567531042,-7.2437702567233861,6.1338992097094946,-2.4362176118701711,,0.6467910590715353,0.541501976284585,False,2
0.98104340663674605,0.12514993474548416,-0.14795718342740091,-0.10951527550185955,0.98793564963203984,0.10949683382578373,0.15987569773521015,-0.091217575166853568,0.98291358483559466,-11.614519845888719,-18.862666889803648,-2.731637503651815,,0.3753332297411842,0.7555555555555555,False,2
0.92060497112550299,-0.35701063694339713,-0.15820838235782606,0.38100465640405023,0.90998761395727934,0.16357870962557192,0.085568329056034717,-0.21086950361208098,0.97376183613291756,2.4473663276655482,-8.5013119372531243,-1.6826361336042939,,0.2200014933989392,0.2162162162162162,False,5
0.64752031059976645,0.75191500980714421,0.12385986189038097,-0.75826999175356535,0.61957736156256127,0.2028558913249085,0.075789623081460075,-0.22527252621191432,0.97134351388541884,4.073911481929656,21.457853957934731,-1.7835744818646446,,0.4193852787948568,0.4736842105263158,False,1
0.43227736257679694,0.89933515979166545,-0.065822125202301046,-0.90091848100076111,0.43384752586993397,0.011055084251929626,0.038498992128738807,0.054521506390010605,0.99777013031360817,-6.9769433597639088,13.587319326163906,-2.5019091730893628,0.288658635362374,0.2347508922602893,0.5641025641025641,True,5
-0.4636134655835803,0.88245947688873094,0.079547634652763835,-0.88447828033448594,-0.45560471152408599,-0.10061072732867388,-0.052542612669460462,-0.11700264307408377,0.99174071982930401,-14.550146317973081,13.755272178934947,-3.0740887473346086,,0.6306432209423487,0.7631578947368421,False,4
0.99079377408299252,-0.045890974701913258,-0.12736449928958818,0.055843321496303271,0.99556553599037223,0.07570196161568489,0.12332566919599366,-0.082117488935734465,0.98896283920491634,-20.576315049400485,6.5431470960989069,-3.6285076281996465,,0.2725611358244234,0.7916666666666666,False,2
0.9145120608011339,0.38650665818724594,-0.1195001833730425,-0.37128541598491871,0.91915812324804136,0.13151229731110328,0.16066994282120461,-0.075900906740734353,0.9840854748596618,-8.5919671882456825,-15.964459920331887,-2.4875760586708084,,0.1618838050323979,0.4137931034482759,False,4
-0.99280890976107139,0.056050323222753037,-0.10577726582616401,-0.047153788519814124,-0.99528065098384499,-0.084811237494822458,-0.11003176326526216,-0.079213553409750934,0.990766483097273,-9.193438302656018,-21.509090233439565,-2.4950069433661559,,0.4572895676003533,0.9328859060402684,True,5
-0.72856507691904482,-0.66758418817120579,-0.1533762706475113,0.68010473655423442,-0.73167394879699355,-0.045943225488743501,-0.081550450706551522,-0.13778455775451209,0.9870992552088933,-22.111363872595305,-6.3600567674492812,-3.8085015453442264,,0.5101894575060179,0.8899082568807339,True,3
-0.69102718776493899,0.72102048897688942,-0.051096773334594003,-0.71853393886290995,-0.69289739690591357,-0.060018131120192386,-0.078679123481591881,-0.0047593945556028139,0.99688863153896612,-3.2861807330415473,16.888429590842023,-2.2489347610829262,,0.07180124519306474,0.3333333333333333,False,2
0.76962325099268392,0.63596302809957106,-0.056842575785026661,-0.62279431339054958,0.76733657230007557,0.15271485854089045,0.140738391137052,-0.082131672947742068,0.98663422480621421,-7.9156719575529602,-18.924331595782586,-2.4157336464479382,,0.1821557093931008,0.4285714285714285,False,2
-0.85384875985550357,-0.48415801761035149,-0.19113688622773189,0.51723311114687576,-0.83039111450198833,-0.207172647059086,-0.058414073873869959,-0.27575643408587869,0.95945098104785842,-24.789024080453697,-14.752249995628187,-4.0145602612197449,,0.426409902718592,0.5849056603773585,False,2
-0.33514312167551868,0.94198174879420105,0.01869419514732247,-0.93711623493725726,-0.33122898049560506,-0.11000238495987238,-0.097428179756200051,-0.054385176458844942,0.99375550432233217,-3.7366749756682665,-9.6708670676499704,-2.1275637235968285,,0.1960583794767196,0.2307692307692308,False,6
-0.41341271637632471,-0.90008713323236633,-0.13759752369823935,0.9093958365759538,-0.41573555899852827,-0.012773308205017504,-0.045707093067353141,-0.13041126321648844,0.99040585825691207,-3.8703658524621352,-15.671070455972309,-2.1164435887954998,,0.07470580705120959,0.3548387096774194,False,5
0.95956795527883476,-0.25108455459489465,-0.12722376211179429,0.25760116331398458,0.96552769298628627,0.037388697969579124,0.11345034094826209,-0.06864998558238683,0.99116910747776044,3.0513339627393332,-12.116558354347614,-1.5928805987834607,0.1805833215517192,0.1280165156443662,0.40625,True,5
-0.57330131347359237,-0.76337550694224154,-0.29762970176064285,0.81293276313684182,-0.57531507125984505,-0.090293362989640497,-0.10230311133173403,-0.29371823944378239,0.9504018461839665,-28.903265225703848,-9.0850589891836293,-4.4434426420292237,,0.1791017292749036,0.1,False,2
0.86559400520262608,0.49120609674851445,-0.097280977967766136,-0.48261455675323134,0.87016151564535427,0.099509428194829663,0.13352980104515255,-0.039185548444151452,0.99026980415741905,-1.7222807528269115,-10.125337691952735,-1.9598620780432325,0.5124590120193253,0.1711185694622084,0.1739130434782609,True,5
0.95536550152762745,-0.23512806121673413,-0.1788618274515926,0.25445330237944846,0.96252414898831395,0.093812469973419882,0.15010088407153557,-0.1351371800903827,0.97939147798934911,-6.9023315916559591,17.379666829150072,-2.4733325725314153,,0.4534801826960919,0.1363636363636364,False,2
-0.91419727405091034,-0.34174015442027872,-0.21784630126464891,0.39201234231733345,-0.88203401223497213,-0.26142364990863787,-0.10280888866611598,-0.32439122694283884,0.94031944800357992,-7.3494300810695208,-13.48105114611279,-2.4218384446466823,,0.3707989545657425,0.2857142857142857,False,3
0.41546821126168043,0.90932756795507153,-0.022572983585166378,-0.90857667308105361,0.41605070839950903,0.037285884369727573,0.043296588364277293,0.0050181866429231253,0.99904966004640294,9.9303927163722285,-3.6053473169474306,-1.1991946154662823,,0.1908790747278695,0.3181818181818182,False,4
0.88317385924572123,0.46899889816367846,0.0066308269676254583,-0.45966620086047866,0.86261342947677133,0.21119908871208976,0.09333229950833262,-0.18957348128780738,0.97742057327483567,-4.3294336510546056,8.9753385180758016,-2.2214002997820734,,0.4232838482004371,0.2115384615384615,False,2
0.39989385783755638,0.9134731068389863,-0.075178358227123099,-0.91541838624062788,0.40214449643723144,0.016999474046262852,0.045761125383892667,0.062021666110923405,0.99702519142518375,-11.542093719536341,12.70869265225179,-2.8768718849002402,0.8388982238257529,0.8112290750278529,0.9849624060150376,True,5
0.72557584941479458,0.68360567098180069,-0.078885824756540768,-0.68283908933072135,0.72944224051902407,0.040556082510213823,0.08526702075239026,0.02443981072157432,0.99605834709815233,-3.446793663657032,-5.5905207626273121,-2.1243389282827523,0.146901946680578,0.1175758210123537,0.2597402597402597,True,5
0.9446473904596745,-0.29841342729358883,-0.13634784233210878,0.31339793198060217,0.94369963993482553,0.10589015920831588,0.097072364388684093,-0.14275999438839515,0.98498555323122217,-16.292528602223999,-9.4136709853904019,-3.2023584711237274,0.3810907555012693,0.4601812509657537,0.8208955223880597,True,5
-0.70420869103688821,-0.69373305142402664,-0.15107803556447483,0.70490052373232515,-0.70858606611764996,-0.03195369377405595,-0.084884457411268932,-0.12899705526027072,0.98800525738690914,-6.7485356075000418,-12.231399394299578,-2.3788875046540179,,0.07110110668607768,0.2954545454545455,False,4
-0.61499320136483149,-0.77261110688003831,-0.15765608076010529,0.78550940750120835,-0.61775611024693877,-0.036774433777709913,-0.068980671221256784,-0.14645636134416587,0.98680910069764305,-4.8228446334751345,-17.176602002160934,-2.1651651488750518,,0.1234604008716453,0.3939393939393939,False,5
-0.71843306938698226,0.68648806936481055,-0.11219650364862338,-0.69043230650272913,-0.72337965833250761,-0.0050099948170444601,-0.084599970144923653,0.073864744841638741,0.99367340938608129,-4.9730999061033305,-8.6290022236597554,-2.2630230388120225,0.3430821368449748,0.2782326285136739,0.9121621621621622,True,5
0.058833833019691036,0.99740548473891377,-0.041483479903983267,-0.99802940642666926,0.059677070763346843,0.019389459320387829,0.02181476563801675,0.040260976613087258,0.99895103471707747,22.836152239606772,7.9116497686261855,-0.68395196434434502,,0.1057498934812642,0.1111111111111111,False,5
-0.39726641796265677,0.91523271892586278,-0.067293858313309848,-0.91661079843220572,-0.39930227883516695,-0.019553370924630581,-0.04476647581163104,0.053914379571823497,0.99754157924308695,19.219773779993641,-0.76550684671497116,-0.78114389419211017,0.4472176089705331,0.2008962586822226,0.5625,True,5
0.90458004447536744,0.42470366112205865,-0.036901807089400399,-0.41695325855477167,0.89944855768208876,0.13092850058016037,0.088797090704039475,-0.10304898016540942,0.9907047917363524,7.2909171011624681,-13.857148472616341,-1.3184970909788913,,0.1351475053599639,0.35,False,4
-0.68401650504036937,0.72810665522026918,-0.044521000171950521,-0.7250118248189239,-0.6853066775516089,-0.068648463754912473,-0.080493942039713218,-0.014678430676596244,0.99664701322372928,-30.103758953541245,-5.2373963405568214,-4.5674670743561085,,0.1230966999262912,0.125,False,1
-0.92870171112759148,0.35694473949518246,-0.10051658915522464,-0.35336735579563333,-0.93403813355529597,-0.052002662648574227,-0.11244840419804168,-0.012775680461544023,0.99357543165179918,11.330107795798657,-16.505187289245885,-1.1072841126636326,0.286980998561144,0.1703511868362031,0.4090909090909091,True,5
0.99029244623309809,-0.031245021834853368,-0.13544231076073424,0.067439284441463465,0.96004028608594993,0.27161478605928624,0.12154346484978593,-0.27811220344053228,0.95282778530527878,0.62771263704707259,7.887787152054818,-1.8301859534810123,,0.300547041475154,0.275,False,3
0.07417916038268027,-0.97091645550427164,-0.22763718632056368,0.99721822574992591,0.073889319720309571,0.0098070721135467276,0.0072981091449122607,-0.22773143143249308,0.97369663280747654,4.9156400946414394,-16.045665760830769,-1.4811270405564783,0.1910583631007719,0.2489581663613078,0.7666666666666667,True,5
0.49569614373305459,-0.82000700826070982,-0.28613605066733516,0.86716462974582498,0.48553912774789254,0.11080279934912386,0.048071176457057954,-0.30305158278606037,0.9517609469635212,14.235692790149493,-14.091458756726285,-1.0154328837336635,,0.2559137248957497,0.2592592592592592,False,5
-0.34736240289553044,0.93412281816643639,0.082182246473541942,-0.93653306403603198,-0.34115540979263154,-0.080739125190348607,-0.04738334118574089,-0.10501212763303318,0.99334146798976375,-14.464768611937785,-1.5310195928713701,-3.0316666206107201,,0.09906907868834709,0.2727272727272727,False,3
0.59621748838818001,-0.76641256109366662,-0.23903240938821857,0.79996822724067629,0.59223974733183093,0.096451630809117325,0.06764275235012096,-0.2487244818633168,0.96620939251092197,-22.435918648677781,5.5185425959369727,-3.8038377514251871,,0.5102533445167869,0.1818181818181818,False,2
-0.92792919150555819,0.36565543856650129,-0.072412124665555022,-0.35645782434519413,-0.92726667212452962,-0.11451785114203786,-0.10901942494313094,-0.080452588608688425,0.99077855546596771,-6.5755164929224579,-18.290961005488182,-2.3073679406059893,,0.188657040129012,0.1666666666666667,False,1
0.73118211597784522,0.67857733394055353,-0.070039382752060703,-0.6775407514598023,0.73432588144068278,0.041279897742713553,0.079443334430557622,0.017271413042745543,0.99668974857076753,8.5957193441150448,-14.76644620168253,-1.2515627508352338,0.2840008782126272,0.1689966541700729,0.4375,True,5
0.64856062129771841,0.76005770035091791,0.041005031876489101,-0.75820671793738148,0.64036016876610447,0.12272500614165899,0.06702009681089359,-0.11068489686999117,0.99159324333535992,-16.116363552064485,-1.3844045359134853,-3.1995952263306067,,0.2384613901531201,0.2258064516129032,False,2
0.44262863194317431,0.88826356973376308,0.12275066137478452,-0.89521332416614396,0.42983972465394255,0.11760491207779633,0.051701048534022014,-0.16194332895570587,0.98544475227545247,20.526581978238276,0.57877971178808008,-0.8062930061562168,,0.7159562483228274,0.3928571428571428,False,1
0.7994377426190431,-0.58693587051302254,-0.12808426750108601,0.60042922429890033,0.7875955505601967,0.13848463938503094,0.019596996810482221,-0.18761538487795121,0.98204705848197971,-11.390770735382361,-14.335871226324016,-2.7592418139817303,,0.2945675888987738,0.4736842105263158,False,2
-0.50104135423559615,0.86510499241446792,0.023471545439589736,-0.8576602320600637,-0.49273964221432376,-0.14705975429456114,-0.11565676672134925,-0.093813629553827882,0.98884908617114065,0.80041383732142535,-13.67842909740606,-1.7764243932168693,,0.2320697148653719,0.25,False,5
0.35239738633853568,0.93391147113693596,-0.060211678108262903,-0.93518739063655865,0.35383961269863262,0.014902109906515894,0.035222528247601047,0.05105773755392902,0.99807438647613889,7.8903096416155059,-17.589503529866356,-1.269611700115129,0.8367200113518398,0.7009846363270118,0.9029126213592233,True,5
0.9834988410649701,0.14836948069396985,-0.10352065891628998,-0.14289604896547117,0.98800939055384074,0.058465061083401909,0.11095381387730126,-0.042707626672878446,0.99290750314923681,-10.175731571984372,-15.656805522938978,-2.6318420303685301,,0.09272419722791067,0.2222222222222222,False,2
0.98130759986705907,0.18797556095284731,-0.041238124685952088,-0.17963198326878096,0.97157579557661811,0.15418438324481981,0.069048859730455492,-0.14389462093533412,0.98718113486624126,-14.207121351536994,10.120741828610559,-3.0374877143192984,,0.632673945129227,0.5151515151515151,False,3
0.82645176740561543,0.55576529799389074,-0.090013386215032631,-0.55437477744342456,0.83120188984119558,0.042095420878982402,0.098214470861926417,0.015111315964769466,0.99505053431628565,10.987517453102898,-5.6274248095687582,-1.1732016075400018,,0.08070511081535867,0.125,False,4
0.82114015771720406,0.56804173020002735,-0.055294069623463789,-0.55265635621974296,0.81558703411513966,0.17143144902026106,0.14247734316052371,-0.11021062804752177,0.98364313861851826,-18.281041622156902,-10.824240852075071,-3.3738839987196769,,0.119979983229614,0.5714285714285714,False,2
0.7151929047107366,0.69873738872327673,-0.016284061274609865,-0.69333394339287002,0.71221861385649587,0.10969361428826986,0.088244841156360915,-0.067161802213070512,0.99383204835262817,5.4702071093089426,-5.0727886292244486,-1.4994898959759977,0.4135356919474354,0.2387501830355784,0.1304347826086956,True,5
-0.85756139631727091,0.50306651907099742,-0.10729645351157759,-0.50440802980605204,-0.86331263243598222,-0.016243095260176862,-0.10080174112360085,0.040191741269119785,0.99409437827613056,4.8721236653375524,-36.318608420570094,-1.0212350852929424,,0.6223885779250315,0.8378378378378378,False,1
-0.091191783556187067,0.99572556537110668,-0.014651180096926258,-0.99583283770750075,-0.091196772753736791,0.00032860725888573736,-0.0010089376932344227,0.014620092533713033,0.99989261170339594,20.699398043579809,8.2297368439748464,-0.77912717354350636,0.2400504473656237,0.189844872063038,0.45,True,5
0.70137212639363289,-0.69527916992460348,-0.15704781497056663,0.70997939974091451,0.70099898311881437,0.067302879655478154,0.063296068295002603,-0.15870507721980248,0.98529503510524818,19.897696078684117,-7.638194710046494,-0.84423287399007163,,0.603130952741803,0.4909090909090909,False,4
-0.93751647866138998,0.34781015253711317,-0.0095367725388991464,-0.3300494402552136,-0.89765052458901784,-0.29204606262074861,-0.11013727446041477,-0.27065038979682304,0.95635670504119985,-13.258094875118609,4.2008275449634365,-2.952070529074974,,0.2285579930046284,0.5833333333333334,False,1
0.67956122529334306,-0.71865775557446376,-0.1474027524522013,0.72924686472675049,0.68363841587671892,0.02894005224209225,0.079972191191781283,-0.12715953243955069,0.98865307461502427,-24.904358994721267,-7.5952441664070642,-4.0698502491187538,,0.1127545049981006,0.4615384615384616,False,1
-0.20053491717492453,-0.88254283240203879,-0.42532798634634017,0.97941682268605113,-0.19078752013552264,-0.065899996965837954,-0.022987701781737258,-0.42978863542016077,0.90263685634393964,1.5285531532886856,-0.1601832622542072,-1.6911284716305588,0.6679106645173447,0.4541847501555311,0.2108843537414966,True,2
-0.9720773280043814,0.20659513062242804,-0.1112839628291679,-0.1962731602959647,-0.97574278889954047,-0.096968327086636233,-0.12861770845142706,-0.072418657220692809,0.9890465222420306,-15.743152031483504,-13.179632714617751,-3.1418586111013123,,0.4557069584529934,0.8736842105263158,True,5
-0.78903602496954717,-0.59707093790661236,-0.14466667345167844,0.60785385339545317,-0.79288857842213545,-0.042911480049333595,-0.089083355418144064,-0.12179489855919062,0.98854952251892869,6.6835211605197129,-19.643880540597419,-1.2954716712955212,0.2242148391502342,0.1814633423248945,0.5172413793103449,True,5
0.39864077395031527,0.9145005625526782,-0.069095979876757266,-0.91606688967510841,0.40064432761468771,0.017480743438075586,0.043669062106560547,0.056328002281373551,0.99745685078289159,11.998961410709468,-7.3885863285493185,-1.0768843144244153,0.4555026722411436,0.0870494101260934,0.1875,True,5
-0.69578096213135998,0.71635431516765269,0.05220486448831306,-0.71705135488178873,-0.68857434762940628,-0.10817912113217153,-0.041547649725953505,-0.11270254179663236,0.99275975435894293,20.162437055320343,-17.957876558052064,-0.71494299986036491,,0.5007723637891821,0.4814814814814815,False,4
-0.34535748466017929,0.93841376994339765,-0.010382878686262517,-0.93822711016658134,-0.34549884694884792,-0.018985165405699736,-0.021403213255475145,0.0031848292946523582,0.99976585224976755,-24.107951230639856,-18.797902640528719,-3.9249266592272014,,0.2223892052184151,0.3076923076923077,False,2
-0.98133408449730675,0.17693848163871984,-0.075340482605418757,-0.16060272407021786,-0.96952019691565816,-0.1850333829173767,-0.10578364535720279,-0.16947967868746838,0.97984001698590284,-26.572318275004605,5.0026754597083718,-4.2322154258576292,,0.53102639206395,0.44,False,2
0.98492886589862616,-0.12120133712278042,-0.12339110583544854,0.13758613371045658,0.98134135566817449,0.13431008698514263,0.10481023294627807,-0.14926278683917957,0.98322705187293735,-9.3217302460349405,24.057137109080802,-2.8537617641798771,,0.2929300016800815,0.8,True,2
-0.67429961333012034,0.73766687551418975,-0.034170341408635202,-0.72766431433971202,-0.67161461909250442,-0.13942183852519724,-0.12579617283274755,-0.069147553755446622,0.98964333914308267,1.2139141640490037,-16.341077498769376,-1.7187974144600984,0.5267843352889416,0.2914091647556097,0.6590909090909091,True,4
0.94082803106162061,0.32437628137498942,-0.098095076584138671,-0.32217159562134023,0.94591911770067894,0.037980070341812347,0.10510984227708657,-0.0041292674535596471,0.99445204520217234,9.8183962694104761,-7.3308184873681492,-1.2040141219097968,,0.07584923028337268,0.375,False,5
-0.97750964983238642,0.19805453918292837,-0.072451942648930123,-0.17691398609867964,-0.95710678620131684,-0.22945160999666916,-0.11478817886543091,-0.21147340096670619,0.97061973742363872,-4.095775273489922,13.974777457156762,-2.313059768667113,,0.3205855109944273,0.2173913043478261,False,1
0.86345877826063311,0.49656975959340405,-0.088642044775615214,-0.49444536005669354,0.8679873423966038,0.046062559174301368,0.099813446804826858,0.0040555266770402124,0.99499790378689268,-0.058361295361545329,-1.8895044139225561,-1.8387954529503472,0.514345113002346,0.4267891514029474,0.9785502958579881,True,5
-0.44497945955941393,-0.83188110519567948,-0.33161288785061876,0.89369009557162782,-0.43628737870304013,-0.10474414666989586,-0.057543841089960385,-0.34296814721318525,0.93758282639443036,-9.1818933237634877,-20.383446253917089,-2.5247555028647617,,0.3805247527403472,0.1785714285714286,False,2
0.80370557320562364,0.58980278985582379,0.078676684452928039,-0.58752806463403684,0.76568270149856366,0.26180292949706047,0.094170721912925928,-0.25663723366679847,0.96190914614128209,6.8475776748041293,8.4368327099508633,-1.3742266388072981,,0.5737526474483562,0.3076923076923077,False,1
0.54897464368674298,-0.74009214056170181,-0.38844621772880383,0.83333315710218503,0.52059079979266998,0.18585227586805189,0.064673718488425153,-0.4257332999073804,0.90253446886357425,-24.23550839374408,-6.2873725825153031,-4.014099275337025,,0.1902091900301048,0.1351351351351351,False,1
-0.99815795275790486,0.0081797806401022848,-0.06011482791148863,0.0022590702512444417,-0.98517082160226599,-0.17156150169870696,-0.060626709854222069,-0.17138128092704671,0.98333761170823553,7.3267078666815797,-22.497623351730763,-1.2622979220848933,,0.3361824385177622,0.2,False,2
-0.85340248791686268,0.5186366189767504,-0.0521560262450581,-0.50827222284986595,-0.85016538959617971,-0.13739780861437598,-0.11560078328699294,-0.090746172311241824,0.98914184580084019,-16.506370398756488,8.0663223143898222,-3.2330122067756539,0.9690985225789601,0.4093281275461131,0.9344262295081968,True,5
-0.54647547998545276,0.83128576985890124,-0.10162931961183028,-0.83521277220458801,-0.54988520357522741,-0.0067740708114358075,-0.061515647773526243,0.081180242172128006,0.9947992728987487,12.345467219429015,7.5797302889966307,-1.1211625036649924,0.4041131261049667,0.4434945374034142,0.8931297709923665,True,5
0.79053491215740745,0.60422689773401739,-0.099821884950160422,-0.60479209038144721,0.7958926268031884,0.027954498964526949,0.096338362412473857,0.038272479081497231,0.99461255636184132,-4.2914120428858515,-7.6616351821378661,-2.211513902614588,0.2774951405503067,0.2282994702943779,0.8888888888888888,True,5
0.53570738754500546,0.83948217791896429,-0.091034432420587924,-0.84167860609816481,0.53952066012027311,0.022239184788028072,0.067784356354226055,0.064708038602772855,0.99559939271467346,4.605801054285255,4.3848074375305082,-1.4063535377870648,0.3604064832634395,0.2857810266291401,0.9530201342281879,True,5
-0.53950643831487033,0.84197025360000755,0.0043468459304053242,-0.83556250354705885,-0.53475002982589892,-0.12600677865643514,-0.1037694833897459,-0.071613529824606351,0.99201985699031558,-7.0329473806782596,12.226178635987802,-2.4688061023008876,0.4669180721794444,0.2317444944414582,0.35,True,5
0.44189756035489924,-0.84941592753073614,-0.28847725769891863,0.89524740463951624,0.4380407128126485,0.081562358994807543,0.057084416775503063,-0.29430072370907762,0.95400652690938914,9.8696879349057092,6.0204328482110583,-1.2050519917072986,,0.5629797484706014,0.2048192771084337,False,3
0.78808347333620477,0.61160877190214302,-0.069707597768796134,-0.6089470097523344,0.79115635916432769,0.057053962768031548,0.090044313357558498,-0.0025150519274979091,0.99593458427035686,5.5446359314527278,9.7970979214008036,-1.5138684672119658,0.9326501246752286,0.7493254094596706,0.9726027397260274,True,5
-0.75631327206706034,-0.62330561286425101,-0.19869662168023045,0.64875361085190253,-0.7537200052937022,-0.10499955250704116,-0.084314808318790652,-0.20831770590130144,0.97442021043602345,3.9461828237511072,-10.10494865701822,-1.5464444664822679,0.4255325253089751,0.2531703212602697,0.3157894736842105,True,5
-0.97762341473278058,-0.13017175742371578,-0.16525063550691582,0.15618796571357738,-0.9753818572358306,-0.15567771819189996,-0.14091762960138321,-0.17800434304927382,0.97388740392466555,-2.4141004819453875,-15.479067349531249,-1.973956095708959,,0.1869003677825455,0.2790697674418605,False,4
-0.047988620473887786,0.99721094969394464,0.05716129910624472,-0.99883721673966175,-0.04764500285434501,-0.0073599020900476445,-0.0046159246937957565,-0.057448024452629032,0.99833782745406929,-12.16402180628897,23.319555400202994,-3.0637021842870915,,0.5653716609293719,0.3103448275862069,False,3
0.58795964523763933,-0.73298542643128173,-0.34210498419546809,0.80582658029314658,0.5675434020595399,0.16893196639989766,0.070334757162317185,-0.37500246854925573,0.92435175691772375,0.08123651285745713,10.55142665972974,-1.9005468334985642,,0.5710411775234107,0.4754098360655737,False,3
-0.057624885149334698,0.99692212355241527,-0.053156863933740681,-0.99830893661806441,-0.057949862294790044,-0.0045913536702606901,-0.0076576549959196322,0.052802396079715021,0.9985756192137909,-0.95377042379204136,-11.529689527167642,-1.9186472156911607,0.6948841377503221,0.6259020345724425,0.7535410764872521,True,5
-0.38044112379612072,-0.89973300940067291,-0.21388095548588043,0.92405121068864049,-0.37916196137968677,-0.048637095591392461,-0.03733512219883614,-0.21614050716493982,0.97564817932125536,6.5880995987724349,-15.616966668657623,-1.3853003640184014,0.3625476041728263,0.4023310673013616,0.8207547169811321,True,5
-0.70277483117557782,0.71035071324987975,-0.038851008372056572,-0.70892627933935737,-0.70383540627322916,-0.045158070577183254,-0.05942278290516162,-0.004193454612310521,0.99822409698935888,-11.10868580515667,9.8672978605368407,-2.7806388356681784,0.5155962406943584,0.2324186876511751,0.4166666666666667,True,5
0.45360237242588303,0.89050316812659902,0.035341127402784334,-0.8905554960755262,0.45140292163693974,0.056091984697525764,0.03399700191609524,-0.056916692578929062,0.99779992682230234,0.90231409012357311,-11.420497059538532,-1.7766941045041313,,0.2370057363099566,0.2542372881355932,False,5
0.95083525856397766,0.29315895129249986,-0.099850590126723968,-0.28891945857055801,0.9557788293083419,0.054885115516599255,0.11152514304348128,-0.023337924566175651,0.99348753577791515,-18.992946467255248,-13.213120489382844,-3.4470221208913387,,0.08142901709791922,0.4375,False,1
-0.18390397131691852,0.98236121849361902,0.033849161490324617,-0.98294152574178129,-0.18371384266590648,-0.0086706969353891709,-0.0022991968782314423,-0.034866322040883163,0.99938934018782521,-6.5283275595018937,-13.840556597763083,-2.3544272165453806,0.4598558194077077,0.2051457626559312,0.2978723404255319,True,5
-0.6801444317520462,-0.71901830946320766,-0.14288534779100376,0.72889007370450476,-0.68409345860336801,-0.02711826600508201,-0.078248401975545279,-0.12259204930480594,0.98936766524660613,-16.076584896333003,-10.848981285206271,-3.1766986611384462,,0.07361300091978494,0.2222222222222222,False,2
-0.99165389790783454,-0.03148475937852882,-0.1250250242594447,0.055476615114975321,-0.97956216651318195,-0.19333987460269647,-0.11638252420180394,-0.19866220542135751,0.97313330854387026,-6.021184300349673,-25.257893078108335,-2.1902582855575981,,0.3601920823339716,0.2,False,1
0.80000180046404734,-0.51359835495011008,-0.31018357314149247,0.59257730155294874,0.7573867740915815,0.27425793719667196,0.094070510461613716,-0.40321458830713047,0.91025751017929168,-9.5422644362154969,6.6967833056992729,-2.6405741870890802,,0.7212685791746223,0.3657407407407408,True,1
0.24675651346098473,0.96683185164643881,0.065934768570895308,-0.96865275224536984,0.24406253471282718,0.046317650167299607,0.028689172732045888,-0.075297076911847685,0.9967483541879979,1.4099500596065435,-12.832517392541019,-1.7285161275342247,,0.1252141412517888,0.1739130434782609,False,1
-0.91851775847038297,0.3945679824799142,-0.025322609981441702,-0.39009290858375312,-0.91481383996087007,-0.10460956404035898,-0.064441058706462009,-0.086207571696322066,0.99419092961815581,-6.5104842619110883,-24.355476013410957,-2.220029730863712,,0.3878764812144965,0.1333333333333333,False,2
0.59512810000732141,0.80362487176659114,-0.0031000096459136844,-0.80034061950610613,0.59303581993121057,0.088110209664364378,0.072645972705011427,-0.04995579802831443,0.99610590847213465,-2.0467190023560953,-19.241751959852866,-1.9471608827498832,,0.1800788696377872,0.2,False,3
0.74996691080015032,0.66134605313049666,0.01307787114150083,-0.6556485384067372,0.74059688679174662,0.14710963720804279,0.087604947291739177,-0.11890184726524337,0.98903373245148951,0.18668537787965073,-4.0785388287875888,-1.8307435489240127,0.68820759028355,0.4741129289794648,0.3602693602693603,True,4
-0.85657007096032289,0.50946196675177124,-0.082074465995485568,-0.49153225516282867,-0.85394278210630081,-0.1708150081904227,-0.15711064785548662,-0.10597277632471259,0.98187881890203821,26.51855031171748,7.4222315236760652,-0.52998858329118825,,0.2015919510058461,0.125,False,2
-0.42916597507371479,0.90321440963002952,-0.0045051166138971449,-0.9022183994921783,-0.42891754211696986,-0.045074401627855622,-0.042644172600713549,-0.015279800424567058,0.99897347424352878,23.860068917522707,-0.45769130149073167,-0.7629722409287728,,0.3338870820012283,0.2727272727272727,False,4
-0.18038216261164577,0.98107097870677706,0.070441537113218433,-0.98336265063882666,-0.17831428611527633,-0.034668612544788369,-0.021451637236515286,-0.075523175956301883,0.99691327463994939,-3.6267919560094097,-7.1344715942827692,-2.1724229269096162,,0.07660533923176398,0.2340425531914894,False,1
-0.89889122212762784,0.43807553882196182,-0.0091865699664020056,-0.42531462869528103,-0.87736495640875911,-0.22212203826647031,-0.10536620615593473,-0.19575636784458381,0.97497559305277048,26.128601307950692,7.9549508689781891,-0.54682632121996544,,0.2276501304355057,0.1304347826086956,False,2
-0.85297790301743537,0.52191019441188524,-0.0062004784433483812,-0.51946034021271326,-0.85001242768266982,-0.087406108088081136,-0.050888622599461322,-0.071334576146223461,0.9961534652532047,33.417093256607728,7.3622603537469882,-0.55565593962474291,0.4641062376995799,0.4265450648957276,0.35,True,4
0.31736863316180669,0.94825139091640953,-0.0098209118772473042,-0.94764561488709442,0.31751719954978291,0.033920739604604684,0.035283696947268517,-0.0014586346894849556,0.99937627203900314,31.673363631848989,-6.9969646526963647,-0.61887623434382699,,0.1792915498626199,0.625,False,3
-0.60181785657053921,-0.71251736393647191,-0.36074128347315915,0.79552313036639377,-0.57465900341497211,-0.19211969926627359,-0.070414604769850619,-0.40259910069836391,0.91266409349331457,5.4062116992899902,5.9514257136781854,-1.4235607496997547,,0.4859454205653762,0.3043478260869565,False,1
-0.40744103106394491,-0.87585977929275027,-0.25857581716549599,0.91199192842497823,-0.40498476254774801,-0.065253847333572632,-0.047566045591772563,-0.26240615297930547,0.96378445836471294,-24.920731352717187,3.3114934829878155,-4.0144531006908135,,0.7537389211344947,0.5135135135135135,False,1
0.96894586278245376,-0.18841950707158273,-0.16013120979892653,0.20859459302684569,0.97059530929112892,0.12013759337535378,0.13278633497740139,-0.14980932860459328,0.97975759976961152,-6.5670293025580362,-7.9993078977734875,-2.3995997546222543,0.4671351602132049,0.4391757073650634,0.5763636363636364,True,4
0.60142716512720074,-0.76587494599343564,-0.22742236509765476,0.79578258037336369,0.59950895837946527,0.085551701310258396,0.070819840591248795,-0.23243187372286273,0.97003091407248954,20.81459174181753,-3.1354501623924067,-0.84196782834054784,,0.7170087754376091,0.4358974358974359,False,1
0.71137557511485794,-0.64240829424181178,-0.28505503787748049,0.69963008847492614,0.685843345113613,0.20034132190823037,0.066802173846162841,-0.34195100446218324,0.93734037580631935,27.911018117690016,1.1278737047130412,-0.71634077014444897,,0.4920968549616173,0.2,False,5
-0.52670663928954431,0.84991362208708854,-0.015064896917045503,-0.85003576051428031,-0.52670852095421616,0.0041641086841218561,-0.0043956768790184356,0.014998964798600189,0.99987784707920602,3.1197628222653657,-16.735673555373804,-1.5912732032695693,0.4762404869121976,0.2023554480755471,0.15,True,3
0.89583444900770848,0.44261674818816393,-0.039636526013118449,-0.41601546250882654,0.86665589955808475,0.27538824723421218,0.15624267958730192,-0.23021287102266874,0.9605156214715499,-4.4190385392425471,4.6272954597170513,-2.1955932733720132,,0.5015997197935498,0.36,False,3
0.53626660184720842,-0.80638999213260509,-0.24930566044842262,0.84325865984183845,0.52463696761434497,0.11692255904730614,0.036509784236470673,-0.27293082054029982,0.96134062790158048,-10.954341147149488,-15.738057420927341,-2.7015922847866225,,0.2176561147836761,0.25,False,2
0.84489574200395556,0.53451729098680512,-0.021034514011782079,-0.52253731082254107,0.83309755952770925,0.18139243398587765,0.11448119470870127,-0.14226637672022602,0.98318580853924376,12.707821003723472,-5.9953337062182328,-1.0961822340805445,,0.3012777732237493,0.5333333333333333,False,3
0.9851998469950195,-0.12055674708975411,-0.12184962951165014,0.12649189101683161,0.99107047660771064,0.04217951995400937,0.11567654467512133,-0.05696824666164238,0.9916519328294191,-23.833875812528575,-0.071805534397347034,-3.9498904463131312,,0.1197754784340015,0.16,False,1
-0.49037356905412632,0.87134507694572594,0.017073946689782543,-0.86974719954179203,-0.48804019265005677,-0.073188655181703352,-0.055439802149077219,-0.050739799374287922,0.99717195161974403,-18.616436203422726,-14.38407699469445,-3.411027336725005,,0.1197677933752676,0.4166666666666667,False,2
-0.87191847726572769,-0.45825900720145696,-0.1725017429516304,0.47800262947280553,-0.87299237587158152,-0.096942239953363207,-0.10616805178441899,-0.16698201696238649,0.98022719345643283,19.011919169698359,5.3141525409540238,-0.82609599087503349,,0.2069169873690969,0.3,False,3
0.73317834030093243,0.68002280769784373,-0.0043014328207810204,-0.67459340267905454,0.72809412440176358,0.12166629390888853,0.085867702749432923,-0.086301373235718293,0.99256174145599863,-9.9030094031596345,-17.529374357207395,-2.5872038257862551,,0.1559881275320882,0.2105263157894737,False,1
0.67260208877161509,-0.72847462357782578,-0.13011976399919048,0.73575849959599171,0.67713251842207234,0.012287504532511411,0.079157188254225477,-0.10400132354218682,0.99142214230324643,12.912203683582987,-3.6566968408486513,-1.0504679520414772,,0.1263892891748486,0.4827586206896552,False,1
-0.33044212997885664,-0.92431200372601297,-0.19093275911440505,0.94303817804023016,-0.3316049583507435,-0.026779588416639018,-0.038561554605583297,-0.18890598551979404,0.98123775668346358,-7.0124430481348909,-10.493484037133703,-2.4019842625111565,,0.0777919551852648,0.1627906976744186,False,2
-0.19879725034259171,0.97669063659903832,-0.080963285728724937,-0.97982844864879748,-0.19979382131733303,-0.0043174276958518644,-0.020392755446880937,0.07847183789859756,0.99670773358196674,6.0227555315805574,-3.0853710058605657,-1.3849634508302697,,0.1101358163749704,0.3571428571428572,False,4
0.60656613968854101,0.79210950182519602,0.068117951390086737,-0.79173636317470919,0.59403527206030904,0.14239250954709823,0.072325994014790299,-0.14030193393704593,0.98746357802366502,1.9097569277904505,-10.614023732616486,-1.6955046669446538,,0.368932275273452,0.2,False,3
0.48998256474822044,-0.82205963144886762,-0.29006042230009316,0.87066436196675834,0.47796135394425315,0.11617449348628334,0.043135310869101405,-0.30946874879045361,0.94993075457019382,-1.2339807966565584,-15.716215622922457,-1.8867105650528229,,0.5707126087729337,0.72,False,2
0.5316523291202554,0.8465966786214324,-0.024897081920681963,-0.84467824644841727,0.53214678020758555,0.057779445233792213,0.062164788408172869,-0.0096885531353776977,0.99801887307821435,-13.624653627377214,-9.0005449963415423,-2.9581057420953747,,0.4584214408072153,0.9444444444444444,False,1
-0.91835705548396762,-0.36536076039369336,-0.15209152970287285,0.3808199798074639,-0.9204132078989008,-0.088406276387472449,-0.10768686838357017,-0.13910802093983535,0.98440464083015311,-18.091196821269612,-2.2745894486574989,-3.3831081212880014,0.6420199370138099,0.9633292347460185,0.7321428571428571,True,1
-0.97810034933621204,0.15469690797395436,-0.13924285723754906,-0.13827845449635021,-0.98300170772782169,-0.12077545953663579,-0.15555955660286311,-0.098876232065560926,0.98286556307667883,15.356896700165919,-5.0573651668180535,-0.97280573019185712,,0.1642455305169074,0.1538461538461539,False,3
0.59595569076768984,-0.7331247106025458,-0.32766594779674163,0.79920858411034812,0.58119940419849891,0.15320865394500605,0.078118203550364515,-0.35317900739319352,0.93228865433985675,13.978501289124441,-10.575649874064723,-0.95761822399872176,,0.3898473270553266,0.1666666666666667,False,3
0.82673337796871282,0.56250888524514631,0.0097813993224212525,-0.5530797941451806,0.80944555586114675,0.19723243497195012,0.10302748691862031,-0.16846853153305133,0.98030795713506858,5.0117469450794845,-23.052925321528249,-1.4046465837924176,,0.4730378500508287,0.2352941176470588,False,3
-0.44320789129903737,0.89625661481616736,-0.017054192696355872,-0.8948932526699539,-0.44348299313862588,-0.049888887766667223,-0.052276490089239708,-0.0068494667726168579,0.99860915947575812,13.842015035760291,-9.3281074515133273,-0.95898551712820945,,0.3427642825595719,0.1538461538461539,False,1
0.99079991204704276,-0.053960145775021597,-0.12411219503139906,0.067989585654256168,0.9914096445741557,0.11173331145146333,0.11701688138955071,-0.11914369187365968,0.98595731659975006,3.0707727829632447,-15.066897449056327,-1.601549489795806,,0.09188347258099794,0.1818181818181818,False,2
-0.98046176443283029,0.16002188459256844,-0.11440159499195723,-0.15562806582599409,-0.98672457366655519,-0.046416816454974155,-0.12031057149112524,-0.027705814804791767,0.99234961289531498,14.205202617491047,-18.388503109042816,-0.91885371614594413,,0.1262842454973784,0.56,False,3
