axis_00,axis_01,axis_02,axis_10,axis_11,axis_12,axis_20,axis_21,axis_22,location_x,location_y,location_z,dbh,dbh_approximation,score,reconstructed,number_clusters
0.036437865227968866,-0.97492504882068665,-0.219530023367216,0.99819704966351364,0.025022603835569562,0.0545574865655052,-0.047696247448677932,-0.22112217998036782,0.97407907764207968,-14.769569326235096,5.8977268835687529,-5.2738187602111379,,0.09554388109438708,0.3092783505154639,False,5
-0.55332033916956458,0.82852719980429568,-0.085902744110600546,-0.83217390353697274,-0.55434863624381525,0.013571432004767604,-0.036375768491068328,0.078995371250950824,0.9962110894723113,1.4197044862974184,-11.164568065551853,-3.1054194789669065,,0.104317277610633,0.391304347826087,False,4
-0.64951944234046644,0.75940767551856969,-0.037742236091842324,-0.75945565994922026,-0.65036009219204782,-0.016088848779374436,-0.036764039397539125,0.018213534732009984,0.9991579817825319,-12.510927915985054,-7.3394783655549638,-4.5000947308243466,,0.1152655550497818,0.2142857142857143,False,2
0.99230302333489795,0.059804362463120583,-0.10843499486236234,-0.015274343793188162,0.92807600293046932,0.37207744786037555,0.122887771165842,-0.36755730303584333,0.92184609598506684,-9.2423686446074953,8.3160173771223427,-4.8579858819328292,,0.4470374329098711,0.2204724409448819,False,1
-0.97017406796095584,-0.1888416363539217,-0.15199050705640357,0.19830464095027667,-0.97888565076032152,-0.049579755073239834,-0.13941860433124165,-0.078241415597583602,0.98713764676037663,-12.499549295364593,-7.764436163590644,-4.4699946128478611,,0.1303215358870196,0.3333333333333333,True,6
-0.18564273791096617,0.97833384315408223,-0.091649687398729057,-0.98249847518127176,-0.18336060178985275,0.032796889757100697,0.015281365364282231,0.09613418252956378,0.99525107325838991,0.9178479265383247,15.107736489696586,-4.2176779860389946,,0.1884114220494004,0.813953488372093,True,5
-0.94707181182341504,-0.28810903179175545,-0.14159155712659061,0.29400733350927372,-0.95554505768400344,-0.02221104631578965,-0.12889790957297181,-0.062664412035003586,0.98967595725673096,3.2347797262010465,-8.2882846558525252,-3.0955611012408655,,0.1251906385380909,0.4193548387096774,False,1
-0.1823676252684697,-0.96946531119856616,-0.16394834441556752,0.98062062537928307,-0.19147819130771621,0.041464338102377749,-0.071590769898651638,-0.15320937515763247,0.98559710279054957,-13.215834561733244,14.088778165370567,-5.47955817299591,,0.4374476500936074,0.8969072164948454,True,5
0.93709383459258211,0.33254193543505223,-0.10616499585870552,-0.32449383116229352,0.94194790713871523,0.086243224514220049,0.12868138445861657,-0.046368107726139085,0.99060138293852085,-2.7780814177358262,17.298637274129465,-4.6393965276272748,,0.08358428557296163,0.5,False,5
-0.65571688642771508,0.75417002422902901,-0.035537858797732039,-0.75153310761906589,-0.65648654537493834,-0.064987721102584883,-0.072341917350671289,-0.015905668677032594,0.99725305549693055,4.4125298065184468,-12.024854855589924,-2.8166095313863004,,0.1423776430106428,0.16,False,5
0.85614913995191955,0.50504734288739062,-0.10925123158103967,-0.49311572701639611,0.8617389954284812,0.11934313355615557,0.1544199790463609,-0.048302020664748653,0.9868238874647407,11.193263128094019,16.227109699317463,-3.3743995873632069,,0.2245703510732898,0.8888888888888888,True,4
0.86460172030193505,0.49597133954881817,-0.080475434743066815,-0.48506227887260206,0.86567207717143868,0.12380000169872868,0.13106658943396962,-0.068002096672367937,0.98903855535682217,-2.779806902624625,-20.873551999182336,-3.0175199455876589,,0.102584433890743,0.25,False,3
-0.98020169159324189,0.1685159734507819,-0.10395677221654159,-0.16186557905023877,-0.98436549766202996,-0.069455750887269074,-0.11403586329079744,-0.051253621379555719,0.99215366157617113,-7.0456292088258889,-22.572721871179141,-3.3233634280842459,,0.2872084915590476,0.1538461538461539,False,1
0.86299769345474153,0.49635747114145373,-0.09415010320683681,-0.48881946870655696,0.86745639306504085,0.092600934898248638,0.12763427480593303,-0.033891989800707768,0.99124206171959495,2.6738973166714501,7.1257241583004181,-3.7302852411678842,,0.1456491045136127,0.6470588235294118,True,5
0.98794274806928295,-0.085202663535984824,-0.12926574435513891,0.1066845600108807,0.97972168819775984,0.1695989927158103,0.11219416737334954,-0.18134475399444677,0.97699874565226319,19.746507277278646,16.924063991405244,-2.7341737519388358,,0.2223013281463294,0.2352941176470588,True,5
-0.97567577733273214,0.19379354485458911,-0.10247360391272187,-0.18751524795444419,-0.9799188671991208,-0.067801515409139562,-0.11355531388161595,-0.046936933004669973,0.99242234709289145,-9.3662963391671195,-14.095692385722776,-3.9145406349829162,,0.1604139196830728,0.3076923076923077,False,3
-0.87571206162797854,0.4763113873219772,-0.079093915231761069,-0.47261594220995357,-0.87912302104976403,-0.061456366873856791,-0.098805649070654866,-0.016437036464937681,0.9949709882926121,-11.152162818753775,-9.4330812221210376,-4.2734982227837399,,0.2689455738289313,0.7570093457943925,True,3
-0.91843596065654654,-0.35235050524424677,-0.17979017666994448,0.37404907799674175,-0.9214536902648679,-0.10493037666492749,-0.12869605053253663,-0.16362218111056998,0.97809258683723088,-17.300114693612542,-12.323489501538159,-4.7326357353096888,,0.1751721816694204,0.6,False,1
0.70310843838665238,-0.6775383239636541,-0.21582479799597754,0.70887623998466653,0.69175293882566236,0.1377401466939101,0.055973210151672712,-0.24983933074394249,0.96666814810395751,-19.380267814846675,-2.8325098997076696,-5.3728720056399295,,0.2007827154586051,0.1914893617021277,False,5
-0.24206439849758113,0.94730161423962222,0.20982011018729932,-0.97020343465938941,-0.23866166156203802,-0.04178404809938039,0.010493919912421677,-0.21368262203429975,0.97684677134411357,-22.315653853772876,8.8124852101463258,-6.1777174891459907,,0.6498697217394837,0.3918918918918919,False,1
0.87476932487935855,0.47684748823441209,-0.085994774344980277,-0.46646358879977912,0.87679031130831886,0.11683522722146797,0.1311119696066777,-0.062090441779663295,0.98942125935592484,-10.062507041400648,17.140613852279046,-5.2965275449020739,,0.1116272917154407,0.48,True,4
-0.44122413300077962,0.89665352366223838,-0.036520171984808281,-0.89701881870673894,-0.43949161720065971,0.046950583556684439,0.026048096738049843,0.053475012056458479,0.9982293923452088,7.2056096838609598,-5.999185271213765,-2.8497468996078426,,0.6017077465820388,0.8309859154929577,True,5
-0.40380917245911507,-0.85517332589623507,-0.32498728423348516,0.90059020694300329,-0.43405227044891537,0.023149636638609472,-0.16085842034610029,-0.28333232994791308,0.94543501067500368,-3.0446091254506102,-14.156722392195972,-3.3521724943504032,,0.4208157471153049,0.3928571428571428,False,4
-0.53072424675368646,0.84750364771763809,-0.008327125135917185,-0.84743606918212722,-0.53078789618781319,-0.01078507810168354,-0.013560330264282557,0.0013328037410736265,0.99990716622960107,2.2702609684725981,-6.7875165102631874,-3.2439844263208037,0.8751675351569815,0.4995778378828423,0.16,True,2
-0.2781046880876501,0.95986760945556704,-0.036220916356806437,-0.96037754714398849,-0.27714067185341407,0.029462093380049681,0.018241420047993329,0.042979301095925231,0.99890942045409692,-17.911464815138906,-11.230486065119301,-4.8608606634487819,,0.1718834877032254,0.1111111111111111,False,4
0.52109518864841387,-0.79632334521889336,-0.30713015844567559,0.85343126177623041,0.49066815699595673,0.17578350643112903,0.010718478926872298,-0.35371441809683524,0.93529205312560648,-17.961787937966697,-8.725043797821991,-4.9630594686386749,,0.3318893009077412,0.3333333333333333,False,4
-0.51060256906637025,0.8597794767439596,-0.0080167220673523776,-0.85938666029989386,-0.5106198198569093,-0.02686945604011573,-0.02719530403243994,-0.0068301492794845819,0.99960680494852716,-10.583795905492304,-7.057556301218102,-4.356625332926642,,0.07503910524867949,0.3157894736842105,False,1
-0.26102018265714566,0.96398553953275889,-0.050993566431132613,-0.96528924724784015,-0.26013893177377129,0.023332495008016534,0.0092267758902185304,0.055313793463630148,0.99842638730120425,0.56282026999382806,-13.533115921544152,-3.0673717384786956,,0.08699807345286284,0.25,False,4
-0.42472726280602879,-0.89049523308480505,-0.16317166445965936,0.90044850026339573,-0.43419808278498534,0.02577834904028458,-0.09380432081038878,-0.13597891292064396,0.98626086033980898,-14.360495224141406,8.1696506465932863,-5.3240001277211038,,0.1919112811374998,0.6181818181818182,True,5
-0.84665682327383018,-0.47765468907844388,-0.2345596333669564,0.51370151150725474,-0.8486620453897048,-0.12602971788480705,-0.138863172508149,-0.22719755878164086,0.96389744714084347,17.744512551139181,6.8009422948440781,-2.5092064436847137,,0.4971860247143461,0.4835164835164835,False,4
0.8992923475963347,0.42163917823882896,-0.11616228703309593,-0.41793467455593036,0.90676223999510486,0.055792902083415308,0.12885604897909497,-0.0016258822669574652,0.9916619762541834,1.7651914934434172,10.187562931132703,-3.922719690444938,,0.2518056093000992,0.8494623655913979,True,5
0.84672460951903028,0.52188460119911462,-0.10341130821185489,-0.5168982595612126,0.85298000366470239,0.07239684116558015,0.12599057463729402,-0.0078470618326811972,0.99200040258215605,9.3522990251465252,-5.806576679239333,-2.6732203397656376,,0.07150949510999478,0.3448275862068966,False,5
-0.6074112478086815,0.78963023443938318,-0.086808230570065828,-0.79334522689360065,-0.60857755595271801,0.015385361736340763,-0.040680794002109201,0.07821413714809955,0.99610623015295741,-4.9639991217058048,-14.060798608949201,-3.5285109372127335,,0.1010058758056682,0.358974358974359,False,5
0.39554504016058467,-0.86797273443355394,-0.30027895944321759,0.91838577448190262,0.3775449044635048,0.11843738574842028,0.01056836948817217,-0.32261924523125252,0.94646982634037513,-0.68527399716161852,-14.529825032513834,-3.1381418489100814,,0.1316002133260445,0.1428571428571428,False,1
-0.79202153844090295,0.60440929250881215,-0.085972610607709193,-0.60832110553529539,-0.79320750770886284,0.027699860552217265,-0.051452067072407119,0.074237839699802632,0.99591235957321333,-6.106435401969847,-2.8745854427962909,-4.0799543453492957,0.1036774865320901,0.1316236938995554,0.1485714285714286,True,5
0.49953805526818396,0.85616416964166742,0.13207818124381732,-0.86080870600239867,0.47344615219442332,0.18670059625713792,0.097314454267373729,-0.20695810105934181,0.97349794113626908,-25.580098826606886,13.265073621274267,-6.6844057843554197,,0.7388476209853703,0.2666666666666667,False,1
0.91946669634208589,-0.35293524514644342,-0.17325618907038157,0.37928159605088591,0.91230760167571257,0.15440307905545075,0.1035686497684723,-0.20768137292046945,0.97269829964229226,-7.3846267957304361,-6.7886918835060417,-4.0935360328791663,,0.1860309011681988,0.154639175257732,True,4
-0.0412406461616565,-0.98051087927152303,-0.19208754445396434,0.9982482513352765,-0.048597485460107441,0.033744823499568262,-0.042422138209093303,-0.1903593970287239,0.98079746235021925,10.509339770200441,15.398841798539749,-3.4177869608007381,0.1449511090355244,0.09734325032988982,0.28,True,5
-0.90603341768106616,-0.40024256213610393,-0.13751122681400399,0.40322923713379921,-0.91507492708082216,0.0066377818976638692,-0.12848979868324079,-0.049434494866981794,0.99047796661590892,-6.6874158943281463,15.918652671468708,-4.9772597613647713,,0.1019324521789311,0.2307692307692308,False,2
0.61044779959800688,0.78599945269975791,-0.097766785370249173,-0.78462594866820334,0.616964462325858,0.060966982076258135,0.10823864671397816,0.039493196662789457,0.99334016468422393,-0.15260136565857751,11.677238729509465,-4.1267178622414713,,0.0853524849278053,0.4,False,5
0.20538704173895339,0.97865025537260186,0.0077356799871064336,-0.97603282988720175,0.2042438769491155,0.075128913949129669,0.071944965550777659,-0.022980783013989453,0.99714382390102696,16.927343849097063,-1.6625256584926122,-2.266371693311219,,0.9257401339625027,0.6144578313253012,False,3
-0.26498267459815256,-0.91597053600915768,-0.30130077883388362,0.96151607479989809,-0.27452674155084789,-0.011041108407657395,-0.072601791053701653,-0.29263124463489742,0.95346522464074424,-22.778391897582203,14.586986724971702,-6.4471610212492836,,0.5327857790510693,0.1111111111111111,False,1
-0.56105868280898985,0.82595101669064741,0.054936986378277791,-0.82699092300269961,-0.55640091619015675,-0.080647589758758881,-0.03604396920129721,-0.090680419553727826,0.9952275587993813,-0.016425630112650691,-16.23238501911203,-2.9993527694657862,,0.08527009207571273,0.1052631578947368,False,4
0.0057853445927650068,-0.97523234261757019,-0.22110723122636558,0.99934185971069245,-0.0022796495498805355,0.036202909108309325,-0.035810294859407975,-0.22117115795369044,0.974577314363261,13.812599839029657,7.2758324816965265,-2.8216247995824033,0.514132071774323,0.3225869045127029,0.4743589743589743,True,4
0.15212079306804949,-0.97709627580616831,-0.14880232566080315,0.98810987147603846,0.14694870526731252,0.045221232975974385,-0.022319189231567633,-0.15391213670785209,0.98783242909213553,-5.8321565365963952,17.944117598660597,-4.9182770819434385,,0.09173058093951028,0.3076923076923077,False,1
0.82189217182238605,0.55953890501751224,-0.10681512846448737,-0.5566022267114592,0.82872478811588501,0.058388241813972383,0.12119083759479118,0.011464699476427802,0.99256301641205058,-11.132294102805755,-2.1796753059012119,-4.5723983228154816,,0.0951326471643397,0.5833333333333334,False,5
0.92055677772338962,0.38607094711519435,-0.059367017620113718,-0.36710961342459708,0.90704551037636072,0.20615279245581533,0.1334381906306171,-0.16798114745311293,0.97671724843045715,16.641335713242626,-3.636258679097446,-2.1876025796599059,,0.4065684216648471,0.4117647058823529,False,4
0.45610825329492005,-0.87370432514873531,-0.16913312358213289,0.88969839723961464,0.45196345717604419,0.064542972713824823,0.020050516839138392,-0.17991605151811774,0.98347760075184865,-20.114294200160096,-1.8752032045299885,-5.4827006076494254,,0.1551495384526267,0.7898550724637681,True,5
-0.12415963922400877,0.98969987743109777,-0.071263851991270277,-0.99201897856630106,-0.12221839065982655,0.031000179818737865,0.021971120864353724,0.074544064803253901,0.99697565278725442,-4.8800644739966783,10.064516995693102,-4.5239956328427136,,0.1770592309638143,0.6416666666666667,True,5
0.19021690087662482,0.98006066059721919,-0.057433719804957019,-0.9794643495847758,0.19343332589226239,0.05686067469464158,0.066836505843471145,0.04543841969082784,0.9967287652629655,6.7617242293665685,9.8945000228076037,-3.4734396551660125,,0.7523844799809282,0.9715447154471545,True,5
-0.84376103688806858,0.53304109984145875,-0.06272558098081113,-0.53091201825389167,-0.84605759531045099,-0.048155729576834658,-0.078738437266379815,-0.0073301635251811076,0.99686836001527479,20.754735712618348,8.7598526065243334,-2.4301201896548861,0.1923102309986637,0.1240004363197733,0.5217391304347826,True,5
-0.95032780226782532,-0.25116099947755932,-0.18383476433537033,0.28215360362135017,-0.94451781095501575,-0.1681530515697951,-0.13140172069000361,-0.21167016117105789,0.96846751657942942,-10.613061488521785,9.3780173096673423,-5.0378405061189859,,0.4213951271093011,0.2884615384615384,False,6
-0.96717575391455668,0.24219853595638968,-0.076882574231027526,-0.22899259005810002,-0.96188521526045923,-0.14946312709769563,-0.11015196202651591,-0.12695157282964395,0.98577372830573429,-5.5680234254706935,-14.889833483998395,-3.5365692526068084,,0.09230424299253549,0.3181818181818182,False,3
-0.98184420330526334,-0.1353351506474581,-0.1329148503181066,0.14399835272147393,-0.98788592794785202,-0.057843476521690293,-0.12347645463551679,-0.075932801619874313,0.98943811064098519,4.3335253927084221,-10.695097281884836,-2.8655054165602807,,0.382531418397924,0.6810344827586207,True,3
0.96799440123387992,0.23653111468396443,-0.083903938919601073,-0.2221449754255021,0.9630759260705527,0.15210644469104789,0.11678377058935017,-0.12859934840312753,0.98479630305826493,-16.963171461606201,14.685201701099786,-5.8492177322818568,,0.1841246461712238,0.4285714285714285,True,4
0.79007185218113118,0.60646140873684373,-0.089392550606850821,-0.6004510296735186,0.79497894326902363,0.086412040381396993,0.12347076315908412,-0.014595871737855357,0.99224086348684726,7.0652597926219611,17.980058353876569,-3.783006460451519,,0.2104215010370027,0.2,True,4
-0.55871197370796943,0.8261963035881752,-0.072391977266690027,-0.82857545409647437,-0.55985182059829552,0.0053531151299914537,-0.036106056336385944,0.062973064956452829,0.99736189308887502,-4.803558078941534,3.1768502258252829,-4.2251084148693598,,0.4600346724020378,0.7872773536895674,True,5
0.95874171241964989,-0.23420585039579997,-0.16112711909240113,0.26248891398879487,0.94695065874441797,0.18542928554167293,0.10915080805756641,-0.22007287325768338,0.96935753546175485,13.671352574206084,-2.4812723010707507,-2.4616644824772611,,0.192606541996852,0.4285714285714285,False,3
-0.13339543599450843,0.990771681334077,-0.024023595115699958,-0.9909456897992075,-0.13296768418024971,0.018607386493434925,0.01524130979311491,0.026288218467394223,0.99953820939752125,4.2494784961486971,-4.8725379189528848,-3.1157783650386413,,0.2508206000727717,0.6235955056179775,True,5
0.616645681334693,-0.72036770161761765,-0.31751925635687828,0.78679419927647809,0.57752792750049897,0.21775302740000177,0.026513990196870098,-0.3840987730039388,0.9229112313222283,-4.699319804587244,-16.233965827700587,-3.4130632058913561,0.6289649372555994,0.3347422751922604,0.131578947368421,True,4
-0.50401527804414992,0.86147251261035074,0.061916956602268522,-0.8624821900619204,-0.49821535872629474,-0.088915286397912019,-0.045750096437838617,-0.098216935128512345,0.9941128519086202,-8.8481957583300517,-19.90835144142341,-3.5990001127565425,,0.440064583660935,0.2962962962962963,False,4
-0.87844267274267573,0.46966257664575234,-0.08806551426737784,-0.46932484173044564,-0.88264861321908639,-0.025799583661683195,-0.089848002979460509,0.018667878318030115,0.99578052133977135,-4.3745883925789038,-21.592388435688562,-3.1160162948928232,,0.1793523692400153,0.7380952380952381,False,5
-0.73320432822315462,-0.6639762558732657,-0.1467887758357278,0.66959579194491592,-0.74258667638576425,0.014370228390823601,-0.11854487962157086,-0.08775283295064179,0.98906347209096923,4.4749182151806464,-9.7987593906023331,-2.90512928124227,,0.4663451795636696,0.934010152284264,True,5
0.81892745528967337,0.56787904586532323,-0.08289277555897534,-0.56053678647060923,0.82245997466155496,0.09673727871362417,0.12311106362136148,-0.032756363455138611,0.99185214960054024,9.5782662356699273,-6.7979897121738944,-2.6412037292825477,0.2459728861101501,0.2019881380785974,0.6595744680851063,True,5
-0.70442901265015767,0.701791538452751,-0.10615273285622927,-0.70754605407697158,-0.70616136118248707,0.026734123007963122,-0.056199177012052223,0.093940239136479198,0.99399038424632169,-0.56685260370333079,10.643038476508028,-4.1473129578416597,,0.1053732263879833,0.4285714285714285,True,5
0.256082579891451,0.96581230664520146,-0.04035220698815091,-0.96399363417792727,0.25825038943943623,0.0634271993612609,0.071679742888575121,0.022656669813886393,0.9971703414022971,-5.7175842389682874,11.813840988110147,-4.6707967954648186,,0.1896126894569376,0.7109375,True,5
0.98538420803560156,0.12732172850743287,-0.1131686352481546,-0.11827585799590863,0.9894750119438227,0.083366792874039947,0.1225919408826778,-0.068763203740452347,0.9900721376960202,0.86439576494846193,17.07206064064302,-4.2902477510781081,,0.1493565623905189,0.3666666666666666,True,5
-0.28157910138374209,-0.92508467684940976,-0.25481669945736951,0.95580387564134872,-0.29381795130693827,0.010486314832724376,-0.084570449761732128,-0.240602061812065,0.96693251412851033,1.7876432117826475,-15.121365407293634,-2.8842833961715555,,0.48848162629672,0.5535714285714286,False,5
-0.23363259214619295,0.96763678659497987,-0.095366981262864414,-0.97225392554822998,-0.23130363575958379,0.034941842259014179,0.011752282463704508,0.10088447508184131,0.99482873226719504,1.3324836542513792,12.83101562631254,-4.0825479399099995,,0.09692295779971438,0.5454545454545454,False,5
-0.97373492533616102,0.19576315424222943,-0.11626298904515416,-0.19740260414030505,-0.98031893654320479,0.0026447180238813872,-0.1134570714376435,0.025525871110168515,0.99321494292265899,-19.094973040726956,4.2163936862506599,-5.6545841363088298,,0.08457319536769908,0.1666666666666667,False,3
-0.41454702695056417,0.90433624190431761,0.10162049018197328,-0.90994136448921392,-0.41037527774225319,-0.059990370972987372,-0.012548929753426065,-0.11733751742876089,0.99301280523752566,-16.608003363900924,-5.7572690844986312,-4.9653838229990201,,0.3551779654458387,0.2727272727272727,True,2
-0.99120535076943861,0.049826106994506264,-0.12259409311956147,-0.044141425184673351,-0.99783960821135886,-0.048658512793439565,-0.12475370611208941,-0.04281910025182048,0.99126335424292011,-16.47445774738453,-8.2318155738775332,-4.862524255367437,,0.3007267973523258,0.6842105263157895,True,5
-0.79106827859057427,0.60097338307053083,-0.11420145116637878,-0.60701637912036799,-0.79430072034303845,0.024849167835731059,-0.075776606464948271,0.088979539801526758,0.99314679046421206,-9.3158366262564982,-10.52576493271833,-4.0851714494617077,,0.4795182289952875,0.9706840390879479,True,4
-0.87775062160349482,0.4727808114414459,-0.077666920934500089,-0.47085939020048928,-0.88117968940649771,-0.042588609245792011,-0.088573590503610022,-0.00081197920875397678,0.99606930469473998,1.3247531893269069,-12.792721651426573,-3.037476271057868,,0.7327577347668818,0.5294117647058824,False,1
0.44863949503678441,-0.88201178483440434,-0.14414511752525061,0.89346589020009659,0.44643447594163665,0.049142260221382322,0.02100729735327269,-0.15083590455838275,0.98833558235751418,3.7729719295794277,11.393165418294846,-3.7957213695077447,,0.1860350643920388,0.65,True,5
-0.090335855948176363,-0.96485080718899441,-0.24678402095123092,0.9945203656887206,-0.1004883892908886,0.028832721829497917,-0.052618203698764889,-0.24282710615676767,0.96864148226010138,4.081482064007262,-6.5746738177372404,-3.0782861616120134,,0.1859592298141401,0.3684210526315789,False,2
0.59694738593345009,0.80198530696142145,0.021757431953610643,-0.79516845412018222,0.58783506072340397,0.148852514108537,0.10658774788567828,-0.10615794271889085,0.98862001962248025,0.55045220865066669,-30.500742714365266,-2.2688706525705249,,0.3600183505710037,0.2777777777777778,False,1
-0.4864598201961165,0.87334742527233844,-0.024922241170126092,-0.87340113002536746,-0.486843601714809,-0.012400545946312874,-0.022963218528252949,0.015734746249375778,0.99961247909142004,-7.0630508748108483,12.12425604370126,-4.8034836673421868,,0.4520861230780014,0.888030888030888,True,5
0.40105592279504587,-0.84609021802200068,-0.35112033515377328,0.91604741828681102,0.37182783270123054,0.15033692253992187,0.0033577136689980497,-0.38193638972502936,0.92418251442165278,5.9320054691961719,24.780906054612366,-4.1428567817690718,,0.4288512524518848,0.2631578947368421,False,3
-0.77200324740720117,-0.58097243637707918,-0.25784106376374294,0.62255968067746459,-0.77294000294282261,-0.12240586524151686,-0.12818123882811944,-0.2550191757904326,0.95840220679611277,-8.0020905405395499,9.5973975511521274,-4.7891003363259594,,0.2915552547659431,0.3333333333333333,False,5
-0.77170701709168044,0.63565755655604739,-0.020192834487962011,-0.63514016765841719,-0.77193099413637267,-0.026823641036790337,-0.032638124920106412,-0.0078747117298566677,0.99943621192994281,-10.266230452276467,-22.189108374260151,-3.606719736934533,,0.356470837139294,0.6538461538461539,False,4
0.26424028496769564,0.96143272674737956,-0.076316339923311369,-0.96228036181532728,0.26813033780924395,0.046071978586385946,0.064757834002958481,0.06126364244313335,0.99601866902676395,-15.159267331890691,-6.4988956964336628,-4.7750016167057092,,0.1770847036707482,0.4736842105263158,False,4
-0.9804431316732698,0.16674706184829777,-0.10453077498838177,-0.16027640532693785,-0.98475656227885888,-0.067572087019710514,-0.11420481360339797,-0.049496771750126844,0.99222342752836157,-8.0568916763611558,-11.153770226713149,-3.9385907354909229,,0.08469402444701687,0.1875,False,4
-0.40859744093801648,-0.893623778970427,-0.18570049250747156,0.90985964455271051,-0.41487982145467794,-0.0054918998670094726,-0.072135694862661359,-0.17120536033765932,0.98259104724108559,-10.61097968990047,13.218636268311281,-5.195668462584849,,0.162430913049844,0.5476190476190477,True,5
-0.94904171370790036,0.30613153992784892,-0.074855232975226893,-0.30455288402789155,-0.95195950422784925,-0.031947506014723584,-0.081039289685098687,-0.0075221387697216521,0.99668252264984758,8.7960100190383237,-10.279286288311217,-2.5307578837310194,,0.2296873738750285,0.3461538461538461,True,5
0.024814524734092881,0.99384847269631493,0.10793263029049149,-0.9977946886267649,0.017973905226551276,0.063895994233790276,0.0615629654129713,-0.10928015396269254,0.99210274127201792,14.011155818067229,4.8857762921557564,-2.7381108801783749,,0.3555890618664309,0.4339622641509434,False,4
0.40007583602471908,0.91176924927266678,-0.092823281076889377,-0.91152545959150233,0.40638530377968718,0.063026354712859681,0.095187509399195902,0.059395462391064982,0.99368582414248485,-16.769151600905442,6.6444525261711842,-5.4974055139531908,,0.242606735860368,0.40625,True,5
0.14984248891025317,0.9869221046058515,0.059430530517053853,-0.98128965082356645,0.14109857179411223,0.13100310768919085,0.12090429977360045,-0.07794839625046536,0.98959900859804673,20.863401697803081,12.195417354604466,-2.4891794190105068,,0.2930192261490759,0.3529411764705883,False,4
-0.84677152119619603,0.51921709667589044,-0.11572206967791254,-0.52552273919221826,-0.85022792372641032,0.030632145007908514,-0.082485401635613395,0.086753007067978449,0.99280918321784062,1.1714930440540521,-7.9055494658084973,-3.2950442307631604,,0.06991226560915799,0.2156862745098039,False,1
-0.97979512035209837,0.16868714618326611,-0.10745310068473043,-0.15124331147857586,-0.97645577842585352,-0.15381668801451689,-0.13087009920991069,-0.13445727756914522,0.98223940953388889,-15.47489097864948,-10.067463644221361,-4.6657653719124852,,0.5312281038871696,0.6837606837606838,False,5
-0.99240116714881821,-0.057358285532944614,-0.10885747802693659,0.062120199700531543,-0.99723165950429371,-0.040866833391867342,-0.10621207196373612,-0.047318541429694987,0.99321697096160078,-9.8393100545828354,-23.28807656371702,-3.5521995376707229,,0.5182855306381566,0.6451612903225806,False,4
-0.98711760758485556,0.13940397796379633,-0.078519804659842374,-0.12985891277157513,-0.98474834871196493,-0.11579012256164961,-0.093463851673975334,-0.10410197230084922,0.99016528306810359,-1.1156339000026063,-17.013472349299224,-3.0792622472553122,,0.3264898930373396,0.5135135135135135,False,5
0.79782813577901246,-0.58695253853067775,-0.13768436102832365,0.59826658883959538,0.79900737876849504,0.060533439946297909,0.074480564160182158,-0.13066723455362025,0.98862466051403419,-8.6887088514578039,-2.5979810623298571,-4.34962076157385,,0.2594207054676199,0.9119170984455959,True,5
-0.8167284918784542,0.56854713400359547,-0.098532872536240365,-0.57107088727200583,-0.82089481691895383,-0.003121100120248313,-0.082659616889441123,0.053720163550518188,0.99512890208444671,-9.2996151685719912,16.325630775626273,-5.2147783475301939,,0.1194599698645169,0.4571428571428571,False,4
-0.46244390405944047,0.8863535776820155,-0.022868557640482012,-0.88646300049832571,-0.46272094517951673,-0.008525000861085319,-0.018137925619261287,0.016329795542740153,0.99970213235331484,6.3583905297987018,12.257363141024282,-3.6201990065346896,,0.1365046158252459,0.1111111111111111,True,5
0.27971074726559886,0.95695994070506418,0.077392310663797217,-0.95775750715186647,0.2725160563587013,0.091845285785090963,0.0668016119443548,-0.099813180053851439,0.99276123701984609,19.436554726253181,13.068161888469106,-2.6258147922138222,0.5987806384229912,0.5791465519376652,0.8705882352941177,True,6
-0.04199678016612951,0.99774335142855575,-0.052387738410734623,-0.99889150649592096,-0.040813730507550716,0.02345202874735804,0.021260966722792075,0.053314576638765467,0.99835140467264427,-8.9876099902743221,-4.9259610380276184,-4.2964613767838644,0.2649755986114083,0.2163743389380157,0.2380952380952381,True,4
0.020675209091877263,0.99978616613246207,-0.0003971638964678087,-0.99881524385891274,0.020672631160054862,0.04405395505492847,0.044052745250080495,-0.00051413137798242414,0.99902907430407573,-15.229757360092563,-12.362163045579942,-4.5309689748033684,,0.3181864259698274,0.5,False,1
0.63225170679216214,-0.72342295073731411,-0.2773391670949415,0.77306942838056392,0.61272079964243054,0.16412458861757773,0.051199982048302325,-0.31817048265365305,0.94664993836486122,-23.181703868531898,-6.5759220833858283,-5.6000653629392332,,0.4502788060642094,0.3181818181818182,False,2
0.43271300634433446,0.89824874544699818,0.076867713920359459,-0.89941164812194019,0.42427940701213107,0.1050983920334173,0.06179111071200559,-0.11461315844321181,0.99148660230416041,15.911501549522898,12.697613807513525,-2.8546183507246439,,0.5729329222825296,0.3103448275862069,False,3
-0.19190383715140591,0.97819596059250957,-0.079407682040618002,-0.98126098260425865,-0.18981737247762634,0.033109653036762117,0.017314771297691333,0.08427352957000972,0.9962922116069769,23.345233546583323,-1.420935753501404,-1.8161253619416833,0.3233788880188762,0.3500080636571128,0.6888888888888889,True,5
0.80356293096021114,0.59493998281871663,-0.01824918711336436,-0.58317051310854173,0.79306375904321191,0.17596029874084901,0.1191585860412647,-0.13075278557611664,0.98422809370426489,7.6813145083909324,-2.5163287896971647,-2.9288984066828569,,0.2207934467035398,0.2127659574468085,False,3
0.56144393710002682,-0.81291076521546846,-0.15477982197438439,0.82654608988139389,0.55993746201805439,0.057372466659175836,0.040028324913733489,-0.16014408020773341,0.98628170761655076,16.721561924743817,16.1668156308634,-2.9383974072223356,,0.1145936773544049,0.2,True,5
0.92545440091760323,-0.35726560972853355,-0.12607710310576131,0.36770990400357567,0.92716271518589921,0.07182427212853483,0.091233646863001033,-0.11282988821412442,0.98941691819256239,14.829766501218009,12.879862570519265,-2.9624062398139639,,0.1936731361892406,0.6060606060606061,True,5
-0.687902378189166,0.72022992178114542,-0.089772923829044352,-0.72374090425495829,-0.68999803166936835,0.010090579795694578,-0.054675603242265218,0.07191367090840986,0.9959111417925659,-19.321270809005124,-16.33354763436316,-4.7505985702986653,,0.171414766503674,0.25,False,1
0.32315166914744964,-0.93322519013774918,-0.15704694590975124,0.9463458746481308,0.31839403102846126,0.055269580620017092,-0.0015761547140346888,-0.1664811866182192,0.98604337137800813,25.321862447853171,4.3330034934811081,-1.8404239694805316,0.2993151411552177,0.2139342909586871,0.8604651162790697,True,5
-0.62528452843211157,0.78018989011493745,-0.017972030098808225,-0.77858497612298583,-0.62523571108420617,-0.053719089163864947,-0.053147845290285482,-0.019596962710267674,0.9983943437307381,-11.75132774925652,5.2190558880204119,-4.9514408368360163,,0.1352671151628852,0.2791519434628975,False,5
0.66513731750132166,0.74003106855766376,-0.09973147164535974,-0.73710030749177413,0.67205570005148996,0.070882104397620785,0.11948006345277466,0.026365765638519639,0.99248645373104061,-15.710577863561813,-2.5599663190782396,-5.0129029917722914,,0.359170455676955,0.8532494758909853,True,5
-0.99205082149276147,-0.025478218463390573,-0.12323160292502308,0.023656836584025041,-0.99958853052520114,0.016221088906348012,-0.1235941813289588,0.013176874682664919,0.99224535691290783,12.353081580532132,-2.2092117856626929,-2.6044809472832124,0.3055911724081637,0.2578311375168054,0.9052631578947369,True,5
-0.97228334482572121,0.21326085385252166,-0.09583791310646185,-0.21077265395827413,-0.97689047558862119,-0.035494887626584433,-0.10119281455663712,-0.014311076770517191,0.99476389528559761,-12.671229765461117,-17.171016561670907,-4.0966685175656767,,0.2952904528935027,0.8356164383561644,False,3
0.97808589916218414,-0.1502229811223445,-0.14415626869067047,0.18037692314948148,0.95719662153397034,0.22635987568267979,0.10398143803211762,-0.2474018667404673,0.96331727736924999,-12.959963666788607,-2.0353693494470209,-4.7641096532439331,,0.2044027461531755,0.3968253968253968,False,4
0.9780000189760697,0.18130212870907511,-0.10317703721452061,-0.16855639910925782,0.97821352732007272,0.121190079162211,0.12290119284258072,-0.10113274985671221,0.98725248224772366,-18.144868745057739,-2.1952005028044734,-5.258259378308396,,0.109337977991521,0.2063492063492063,True,5
0.69733116279141483,0.70934582852049732,0.10275088788200269,-0.70939898051447758,0.66257369891871754,0.24031059058265869,0.10238327912794529,-0.24046743867254744,0.96524249548663754,-21.795862760341379,-5.008051943025996,-5.5118017751759218,,0.336438811715402,0.1153846153846154,False,4
0.93450396616439446,0.33315134404800234,-0.12534958788136144,-0.30315218304520419,0.92946018499261085,0.21024394980220001,0.18655050559552125,-0.15847380374217224,0.96957978650008203,-1.0103557371535361,-8.598786005647586,-3.4328069082805923,,0.6621081443200759,0.6831683168316832,True,2
0.79198867434360598,0.60714081624630278,-0.064295948233389383,-0.60001819164832648,0.7934802168248748,0.10182001374298519,0.11283664919931653,-0.042061559116641889,0.99272287968100525,-15.896801273148423,7.7428978473705277,-5.4423262023462886,,0.1334982416712961,0.2244897959183673,False,4
-0.32918179762046113,0.94136963566498577,-0.073909087149923294,-0.94426640334652856,-0.32812616537453188,0.026347278941432239,0.00055102302502338385,0.078462912542031527,0.99691688105330456,6.6087544373638183,-2.7455688279378445,-3.0220135280526734,,0.4203932059609425,0.8318318318318318,True,5
-0.28061925551377415,0.95795788197531839,0.059745542061795345,-0.95980446883097403,-0.28041527103664149,-0.011943926554510813,0.0053117837858614667,-0.060695734041278163,0.99814218066476057,-12.056070814440917,-10.748803269610542,-4.301874228929786,,0.2438860139541777,0.2777777777777778,False,1
0.98868913997103081,0.091339272594041426,-0.11895764702336151,-0.082367998788090202,0.9935233326020172,0.078274519168286066,0.12533673555262417,-0.067590863712284413,0.98980916234577221,-2.1914693621156371,10.594800730254498,-4.2633168404903223,,0.1177423391107183,0.4468085106382979,True,5
0.94768195833165303,0.29950669297520482,-0.11042937433373319,-0.28814309821325673,0.95149365898036642,0.1078581099047265,0.13737707525183712,-0.070395722762188501,0.98801416053214586,-5.5520545107080084,14.649126813780809,-4.8394321902736523,,0.1075780990222346,0.5652173913043478,True,5
0.45136434252311447,-0.87327577028133185,-0.18346568981207773,0.89136408370987097,0.45085024763326992,0.046948104126573971,0.041716909889601916,-0.18472542664333996,0.98190438240222633,-17.184261835031037,-4.6609337549289664,-5.0706227213485979,,0.09925662431311562,0.28,True,3
-0.96481986027322952,-0.18126085308542531,-0.19043933512037295,0.22942509364654409,-0.93421429774129672,-0.27314423351227946,-0.12840079293999826,-0.30722654350573303,0.94293429640558735,-25.120597634019578,6.1733142054132459,-6.3429921986004008,,0.7248088200663125,0.2826086956521739,False,1
-0.29170111387487119,0.95600298913360426,0.031124667576910667,-0.95616692422999838,-0.2905713786545408,-0.036236541161432594,-0.025598304098205245,-0.040330617084458315,0.99885843248824957,-9.9505225180431296,-6.4367408372255275,-4.3206508488854753,,0.3437222630390036,0.8258426966292135,False,5
0.73039105992378583,0.68080259011290345,-0.055106559309858173,-0.67779231585198807,0.73239981645972185,0.064715418732822994,0.084418458617813885,-0.0099167608284144865,0.99638104242265912,9.3105114348313514,-13.585943315631543,-2.3784922215119493,,0.5119417551382252,0.6,False,3
-0.15164055992837663,0.98780280965104605,-0.035365941668617756,-0.98719612080249919,-0.14956207135908392,0.055452735579754733,0.049486964516995233,0.043322004296661096,0.99783477805026133,7.1127237220681927,16.922208244136151,-3.726069903160746,,0.1672242519873567,0.35,True,5
0.3369331387450657,0.93605707136882077,0.10135689002641306,-0.93808157354291632,0.32454550684414951,0.12113288309340803,0.080492368549108212,-0.13589471339129494,0.98744802672224441,-4.1657063316541176,12.37051508074439,-4.55468340277669,,0.1391616610161548,0.3846153846153846,False,1
0.041903717611656503,0.99866342467220359,-0.030256283187265171,-0.99708609321222252,0.04373123954701523,0.062505211066504904,0.063744812911399357,0.027548918484525023,0.99758591405313257,-19.298691681828757,-4.474415306541621,-5.2817918059235813,,0.7931409560459294,0.5714285714285714,True,4
0.5511399556895078,0.83436779466232214,-0.0086678989899468539,-0.82008957030124952,0.54356653627582385,0.17885334026574748,0.15394104691627578,-0.091464768470904512,0.9838375629151821,22.757076668482402,13.681857558729991,-2.3942978479085419,,0.2387889134346709,0.3333333333333333,False,2
0.92595278599309505,0.37107148379137167,-0.070124118735953173,-0.35248521543049827,0.91588199164944561,0.19213107576641281,0.13551978089762234,-0.15318658978224417,0.97886069371302564,-11.097002990980666,-4.5643678278205346,-4.4813938209040112,,0.6217767757668642,0.2380952380952381,False,4
0.54421589522135283,0.8330959726338707,0.098894690300575946,-0.83276385626733784,0.52215644970444908,0.18400272206355606,0.10165342632284823,-0.18249312977005561,0.97793805453288063,-27.73936421583592,-10.434219663783681,-5.8918286780699383,,0.3096489490298249,0.2857142857142857,False,1
0.7760079906648939,-0.58382625722370018,-0.23865979929682501,0.62687608598694311,0.75565601300513441,0.1897639660917633,0.069555526321965017,-0.29686847489309331,0.95238182331075838,1.7790587488018379,-23.082947675803357,-2.5585903992536796,,0.360850338474407,0.2222222222222222,False,1
0.89752137292786027,-0.37864998313026049,-0.22600791006764182,0.43268743268013415,0.85507464543055489,0.28570778138245795,0.085070386964937628,-0.35421962257512712,0.931284858807643,-1.2993345805936301,7.8558588839147649,-4.1059724322042488,0.9882763065503067,0.4193684667577544,0.422680412371134,True,4
0.94335081446345259,-0.29789245899661376,-0.14611407777518032,0.31516355745754904,0.94217788107858813,0.11389807925054876,0.10373607329103424,-0.15349567837308289,0.98268911860208596,10.798657936160909,20.674271180246425,-3.5827479448273851,,0.1747614553582985,0.24,True,4
-0.98744091688497704,-0.10564454365361346,-0.11747197988276339,0.11472743059014422,-0.99067890235162259,-0.073436565180898278,-0.10861883967130306,-0.085991527673396073,0.99035721072593608,32.663641352180115,3.3728210041588791,-1.3851539266999535,0.4309494458260063,0.2693065432299556,0.6875,True,4
-0.35112957864111183,-0.85635071629756954,-0.37864425216812181,0.93272767601097351,-0.35532689136765033,-0.061334188461017534,-0.082018908835004817,-0.37470822111029678,0.92350779510834324,-24.90574954567316,7.9191343089083679,-6.3708569911848931,,0.2981144447059799,0.2727272727272727,False,1
0.17424688461209389,0.98317974234948613,-0.05473223398125146,-0.9825196983898371,0.17729037535518177,0.056772925610391205,0.065521488680614651,0.043882992605536325,0.99688575949356384,2.2646891001601843,17.395502786293932,-4.1627267868904534,,0.129259487195438,0.28,True,4
0.99214077473911133,0.06494661849762115,-0.10695148360728875,-0.022136729781487251,0.93236841823051342,0.36083112099833015,0.12315294675588202,-0.35562771184492165,0.92647843054940482,-13.394291504949786,9.1791637764546188,-5.2796396314475516,,0.5165372483061189,0.3333333333333333,False,1
-0.83622141886287071,0.54664224412000162,-0.043772086749601632,-0.54038963220182901,-0.83497591293047024,-0.1038954774506492,-0.093342295042162293,-0.063225641707893618,0.99362454387302968,8.0854540899982386,-7.1510388611285034,-2.751104511650512,,0.2134522022575,0.2352941176470588,False,3
