axis_00,axis_01,axis_02,axis_10,axis_11,axis_12,axis_20,axis_21,axis_22,location_x,location_y,location_z,dbh,dbh_approximation,score,reconstructed,number_clusters
0.98313878581391823,0.095825698967987288,0.15574197650482638,-0.1312333397795046,0.96285157781343511,0.23599713903455391,-0.12734181700702366,-0.25245648044657942,0.95919225764279081,19.135076789761996,-14.453176397674277,-6.5964956214316537,,0.6271130778461614,0.1904761904761905,False,4
-0.94824876185256479,0.27208562016222465,0.16368781550871439,-0.28343120291884216,-0.95768624237722144,-0.050038129195402556,0.14314691354358794,-0.093842828507751608,0.98524234819693413,1.136085948985138,3.4130280585706054,-2.0435866954377704,,0.157040215202938,0.5868263473053892,False,5
0.13994837529393056,-0.98152471420660259,0.13047485449019083,0.9892349212156869,0.14428962979556245,0.02438797615329347,-0.04276356977595832,0.12565722476287156,0.9911516225910697,0.88440387896190653,8.2533766301104361,-2.1044183380902641,,0.06633725261114981,0.2647058823529412,False,4
-0.97086966396431507,-0.19875908221353566,0.13381675093743009,0.19480200344274645,-0.97993543403535832,-0.04217492829425333,0.13951442595125949,-0.014878587283950449,0.99010825296627225,9.5144379264300269,-7.1934110371171114,-4.0673954026728163,0.269912755235333,0.1787725785531446,0.6981132075471698,True,5
0.92621077302675325,-0.37329812241062621,0.052745765080078957,0.35557490758456689,0.91146667677009474,0.20686948115636522,-0.12529999611096737,-0.17284967151365419,0.97694570065700725,-3.3656386419508277,-8.4400876570966652,-1.4395093700249062,,0.230994483936477,0.3695652173913043,False,4
0.78061167920746233,-0.61141284904640181,0.12969091836310756,0.6113655391460564,0.79007390059608584,0.044893308427169126,-0.12991375535160327,0.044244317350897427,0.99053766034038093,8.5162560200667485,-5.9874204092240859,-3.8113432105750134,0.5280068292680092,0.4646498080223375,0.9846938775510204,True,5
0.64544787521052693,-0.75846916902369332,-0.090119698327968456,0.75657527208048792,0.61867857977699448,0.21173254969762395,-0.10483748405294592,-0.20484465959753295,0.97316379267408992,-11.6961967853305,-9.3241466666454755,0.19939979280371617,,0.5196241020733076,0.3478260869565217,False,3
0.14844298989412572,0.96458166486244024,0.21805249496966322,-0.98891987940934112,0.1444623577619468,0.034177467707148267,0.0014665811625507764,-0.22070985252376438,0.97533840800956439,-21.782843732250114,10.970249401067147,1.8338459386369914,,0.3648574262895566,0.5675675675675675,False,1
-0.98236745097150413,-0.13058483005416593,0.13379758380283124,0.12411011365719578,-0.9907052252801124,-0.05567617345580976,0.13982442905211168,-0.038088827264803567,0.98944346492250113,-23.280467907063009,6.032311498347692,2.2148739214587763,,0.2197493516021448,0.6146788990825688,True,5
0.81424150627489245,0.54977481087955515,0.18643611984147254,-0.57126718308267233,0.81594010752565449,0.088856887542904051,-0.10326942912587091,-0.17885580296253439,0.97844060972275881,21.440514365309863,1.2652267282456673,-6.5263022541435376,,0.1878285954312423,0.4705882352941176,False,5
0.86579469662029362,-0.49412706969547604,0.078980898313051315,0.48283481128612327,0.86638394805867947,0.12747313268508675,-0.13141570802026695,-0.072230835108132496,0.98869237791393649,0.19705936109872696,16.081551850452836,-1.9734505972430141,0.1683032531479293,0.2019423862279925,0.2765957446808511,True,5
0.3112845948579665,-0.94271508934828652,0.11995899849183164,0.94667059379423923,0.3186568561057202,0.047671741127007616,-0.083166627016933281,0.098722177710330067,0.99163362376371444,-2.6966742947099585,17.042539287368889,-1.4452391130494486,,0.1070967928410955,0.4545454545454545,False,3
0.40395482571047037,0.9008946279268365,0.15877458284558815,-0.91401311324384149,0.40459123828758359,0.029765058696741686,-0.037423623602269501,-0.15714578986879243,0.9868660867225042,-22.480995815485741,-13.1895429864076,2.211497292238668,,0.1158482265013882,0.6190476190476191,False,1
0.55409531209268492,0.81605125560545411,0.16443458681698309,-0.83035694048250741,0.55581947469402226,0.039649248963770117,-0.059040126265446261,-0.15850886339767606,0.98559078917922993,-5.967177459414172,3.1210703351946854,-0.62499231388604481,0.2156757427928902,0.2100293946329068,0.823905109489051,True,5
0.859914122600832,-0.50015684593730925,0.10193542668612984,0.4917597655487117,0.86528813313402542,0.097204833444168026,-0.13682117796275819,-0.033460067535422688,0.99003049909657204,-19.42855618271528,-5.9268727080856296,1.6472849544886636,0.623262052228664,0.4230739509826547,0.5294117647058824,True,2
-0.56572468958950139,-0.82049062970404041,0.082162656704419426,0.82217783428328595,-0.56888224605654236,-0.01991479186203916,0.063080776803292188,0.056286025703809056,0.99641994104311371,-12.64622459865843,-19.252843393471867,0.31403010694980266,,0.1102138192270543,0.3333333333333333,False,1
0.8785865003222062,-0.45845614858900452,0.13380478792821501,0.45709742733372127,0.8883986696923698,0.042541104989417669,-0.13837522674406483,0.023785783774429248,0.99009420416128313,-18.49876005153542,8.7010890761149202,1.3703978183492243,,0.1423011585712795,0.5897435897435898,False,1
-0.98921965838124293,0.058997184969766803,0.13402909996616555,-0.073679959599440834,-0.99148511831498221,-0.10737096308290767,0.12655327346821987,-0.11608872609159546,0.98514348023468579,-27.597292741152621,0.46558677030728246,3.0176483936252807,,0.2535931361831484,0.3333333333333333,False,5
-0.8522259242424326,-0.51079725342749438,0.11312444448508391,0.50808402787895957,-0.85962304945502466,-0.053840815929333916,0.12474612083517252,0.011592184288207866,0.99212097377285813,-11.537519940469428,-18.567166099838484,0.097572610421091943,,0.2416800256008242,0.3571428571428572,False,3
-0.72992784117975806,0.63190276540626278,0.26058442344579164,-0.67088029038437846,-0.73530801996923334,-0.09613403009703575,0.13086245697078355,-0.24499185872359772,0.96065290636875023,-3.4599282459623053,9.4616514593557213,-1.2218676627219196,,0.4781848169090344,0.40625,False,5
-0.95973381671146818,-0.24553837758957017,0.13646210533008563,0.24683904042757651,-0.96902689733987712,-0.0075736617725048541,0.13409507515651337,0.0264154758149974,0.99061634019242573,-12.657807188751612,10.019068512214838,0.34644532708800535,,0.2706460670906038,0.8494208494208494,True,5
-0.89983691752401196,-0.42305986228273212,0.10636669961129627,0.41136205926784847,-0.90408088413430732,-0.11584045553192557,0.14517154699113444,-0.060482293840797834,0.98755613211399573,19.389965710015989,-0.39331581050296371,-6.0366145210921411,0.7876669958788143,0.5364722799753878,0.5294117647058824,True,4
0.98235271418999226,-0.12761429639624214,0.13673966607699067,0.11725724794846824,0.98976613698214599,0.081324854054531201,-0.14571850509494777,-0.063855974181993291,0.98726315227205852,-1.0670395784317837,-10.535637840023872,-1.8822707953878737,,0.07456693462828952,0.3333333333333333,False,2
0.14491822755887271,0.96163282613540169,0.23293993865380028,-0.98937613340105157,0.13808538936346762,0.04546748179440948,0.011557420887905633,-0.23705428269318607,0.97142765715169943,5.7446200165067607,3.4175110541080347,-3.0473026928056273,0.4019404294285787,0.3357955187723584,0.7088607594936709,True,5
-0.40764092795298318,-0.91236294592012723,0.037719076997940873,0.9122200908854996,-0.4087376562986253,-0.028071945218613711,0.041029009767248638,0.022964826048817735,0.99889400695072028,-0.95748922438227968,12.923814017209478,-1.73427229622764,,0.2384446820641425,0.6551724137931034,True,5
-0.28619870790189578,0.94104831267552369,0.18032851356853116,-0.95603814902615269,-0.29300721674876296,0.011740040025146819,0.063885500717564339,-0.16904095404278235,0.98353637383391812,-17.91777077524074,-10.471617054844529,1.3970097540219746,,0.08266383290204646,0.3,False,1
0.75981588291832458,0.61654118449505868,0.20629297585345679,-0.64568445008535602,0.75269253703698713,0.12862945077544763,-0.075969829426005053,-0.23093486638065705,0.96999880026045893,1.7510154845223325,20.729842028429346,-2.3199951889932828,0.2824760197512309,0.2128169192868333,0.4848484848484849,True,5
0.70636592766166872,0.68354774640199778,0.18387401835882544,-0.70213529349146664,0.70954630363583682,0.059582485936506821,-0.089739656074244584,-0.17119147579675806,0.9811423305220327,12.591595181734039,2.872284742860078,-4.484933032063938,0.186205319031524,0.1199104207694798,0.4761904761904762,True,5
0.98869027766204753,-0.047492025360227633,0.14225344418933028,0.039590988076641957,0.99753889751237468,0.057867967070836641,-0.14465161084363562,-0.051581542018242672,0.98813726576997463,-15.64150934132007,6.1754589049547146,0.92479800693314973,0.2593640103976894,0.1400801389475051,0.5267857142857143,True,1
0.8883802947634426,-0.44275512866636052,0.12144277630082825,0.43745227442195861,0.89660704488478704,0.06878455252471205,-0.13934116218502679,-0.0079814223421607461,0.99021226886881275,-19.971878722745227,14.369928161372115,1.5106135905498066,,0.1041218398037306,0.2857142857142857,False,1
0.096235030084505624,0.9721072110337321,0.2138840556022184,-0.99524348283667985,0.090707580212029459,0.035532305908747217,0.015140305668937261,-0.21628616494888611,0.97621261311046081,-18.217229555608402,15.369015237995487,1.2313943123729871,,0.2675293049334873,0.616822429906542,True,5
0.68465628295992964,0.71000721943111766,0.16472863308843927,-0.72427175319605297,0.68807332856556858,0.044559197019422625,-0.081708027303375008,-0.14981603009155023,0.98533190113879854,3.6161806724112782,-9.2445596267326344,-2.7817632725377486,,0.1029122303906746,0.2857142857142857,False,2
0.54661188253077608,0.81738370371552971,0.18193221478464047,-0.83523391149660209,0.54775049078662097,0.048515079399115715,-0.059998024652881579,-0.17847487426329589,0.98211351497393273,-5.8814292354970608,17.656573419383307,-0.91807917779482695,,0.0877871724537152,0.2758620689655172,False,1
-0.9311594903455197,-0.34996717774173297,0.10229847527191091,0.32935280693216767,-0.92769742490675544,-0.17579595099795917,0.15642484491081887,-0.13000177816038086,0.97909693369439443,-2.3250710747125258,-13.473211454477147,-1.662547234879804,,0.3690954878415108,0.4736842105263158,False,4
-0.70074367325666265,0.65776079050527159,0.27624092177778575,-0.70787232892196394,-0.68922696120722449,-0.15454113333236214,0.088741593051710796,-0.30383702608295826,0.948582095152396,-2.4495968742171419,7.4157410262678383,-1.3314608776325478,,0.2328870847385574,0.2191780821917808,True,2
-0.58192275960028184,-0.81199991362918733,-0.04496712271631742,0.81058538317517936,-0.57466556041489503,-0.11274231794575561,0.065705695658289986,-0.10205701318001813,0.99260622989120595,-23.897263675638406,-19.483335215765518,2.5455258520373016,,0.2603970119105221,0.2,False,1
0.92187036476973705,0.32510302991900214,0.21086263418821941,-0.35587047643674641,0.92562833576137726,0.12871825059526257,-0.15333373588350846,-0.19370132672004631,0.96900390167785122,20.391288060430824,0.88914649077092234,-6.249751062275279,,0.149347227014348,0.391304347826087,False,5
0.78213832773280878,-0.62270717888483085,0.022257710048882107,0.60983417600291545,0.77232500362260681,0.17780991692868384,-0.12791369774254061,-0.12549843881353856,0.98381310612595219,-18.716495040190914,-4.5802383430853011,1.5587842439940158,,0.3349909906509801,0.2597402597402597,False,1
-0.98231608193046382,-0.16369618369360561,0.090877250315638314,0.13415705195844901,-0.95396727508531887,-0.26823184649871307,0.13060245246778429,-0.25129663250915335,0.95905839337287435,-18.342578042818207,5.4249166075546764,1.4038004850461521,,0.3911482074303609,0.1428571428571428,False,2
0.77247747002488254,0.61409716714276186,0.16175051038927374,-0.62647963517610572,0.77861335517447139,0.035840059340981181,-0.10393182868385065,-0.12901903910348395,0.98618064396703875,10.911956916769606,-11.29181183471175,-4.4666215974418657,0.1756180534955509,0.216054573023077,0.5238095238095238,True,5
0.8721280722607897,0.43101391888275647,0.23155912269657442,-0.48039534165801895,0.84409597434885886,0.23816444277289972,-0.092805933473856378,-0.31894982021844631,0.94321687373300667,-18.269419522274358,-14.340612706043203,1.4776158508687915,,0.4883528072528167,0.2826086956521739,False,3
-0.95717651533254844,-0.26192417734135481,0.12332414126964097,0.26082901169702771,-0.96505518241713606,-0.025233341970102061,0.12562382398650207,0.0080137515486082382,0.99204558092515382,-16.727165830697754,-13.240351765968986,1.1645740554896784,,0.08255494501956978,0.1111111111111111,False,2
0.84309238621142679,-0.53703515109230171,0.028079793510469353,0.5204044360507909,0.82791797658855126,0.20911969534258887,-0.13555239301089544,-0.16169437384395136,0.97748681741301857,5.0748327569170657,15.994928588917972,-2.8707323666031783,,0.5129964355547628,0.5918367346938775,False,3
0.58341873984343795,0.75967633233308041,0.28725327516401655,-0.80801182295789187,0.57866468337582966,0.11074329855036509,-0.08209426264824711,-0.29671375820226153,0.95143127851344611,7.2854408334508358,13.839684393458704,-3.305727766674921,,0.2685335633701236,0.1666666666666667,False,3
-0.74631154671017585,-0.6630473453089476,0.058200456405614387,0.65472866523468043,-0.74705055520016406,-0.11509058560603386,0.11978919052685015,-0.047787925816921928,0.99164855870365576,-5.4537025792231546,25.639194260685699,-1.1363816649969607,,0.3339587389366406,0.7419354838709677,False,5
0.39582274528555828,-0.91823396003499658,0.013067094284986897,0.91649358268170433,0.39589120804959743,0.057529681837159688,-0.057998855315069958,-0.010795648543702047,0.99825827657709032,12.056351192456079,8.2737746596638821,-4.3770814241518616,,0.2666932203046565,0.3846153846153846,False,4
-0.36148885467697561,0.90872234443084066,0.20868519036204489,-0.92950700529181485,-0.36877991458763115,-0.0042546104615568715,0.073092647084152584,-0.19551234060502168,0.9779736139658245,-27.478665871816574,7.5355853641253638,2.8633645774101519,,0.3138690814555543,0.6129032258064516,False,2
-0.97844264577292306,-0.1520284905355935,0.13977598863307114,0.15090867082684911,-0.98837198340093724,-0.018638548692771206,0.1409842615406314,0.0028566577618030151,0.99000771588118264,-10.606714435269705,-2.4180644119874946,0.18213955491851869,0.154011932222325,0.111293922352429,0.4952380952380953,True,5
-0.97279072538801414,0.16552143954114629,0.16211371826988719,-0.18215067663216281,-0.97880067395366788,-0.093650262521206784,0.1431758904337842,-0.12063123028499843,0.98231805983521503,-3.5153695252759296,-12.520177298361739,-1.4321905261840848,,0.1017958977337826,0.5,False,5
0.01054317052932496,-0.99334649074743953,0.11468038574637685,0.99963224126320993,0.013335881048914191,0.023612210903296522,-0.024984470822535285,0.11438926346645228,0.9931217813648644,-11.751087391723777,18.078293740607492,0.085171391967576476,,0.1981757685574677,0.3684210526315789,True,5
-0.9824235208271237,-0.023418566895297484,0.18519070292595285,-0.019063894611892673,-0.97432394364088959,-0.22434219569731295,0.18568950871781822,-0.22392950581072443,0.95675231004659711,-22.091793875256503,-18.946491990456412,2.1781448985760954,,0.3763080102908611,0.2682926829268293,False,2
0.16584644215444169,-0.98351318346324035,-0.072088664703368055,0.9842303707624882,0.16051966650132332,0.074323710449878427,-0.061526700654649713,-0.083278176134597981,0.99462516079488283,-13.021220608945013,13.08114062322019,0.31572185556488142,,0.2409277691861848,0.2166666666666667,False,2
0.13264948681003175,0.94706411318695294,0.29235881919731044,-0.9892612285004686,0.10824087684511655,0.098214735989788526,0.061370476898739965,-0.30224737896830589,0.95125190484540423,-0.2342972463971035,9.1060702940252227,-1.829337165920309,0.4258774448642494,0.2148741993945071,0.3636363636363636,True,5
-0.94221617834086213,0.29340215508015816,0.16169059548117876,-0.30547812172531102,-0.95060028327434531,-0.055156310481296697,0.13752014550572339,-0.10136210748130707,0.98529890528054043,-9.6884949592411989,-9.8834268828779201,-0.23182876668266972,0.1501809340689325,0.1066346573032254,0.3382352941176471,True,4
0.97363555502030896,-0.15652309787550492,0.1659347035184297,0.12555316407040726,0.97505241829108036,0.18305514080905913,-0.1904473916655291,-0.15739536656512537,0.96899767264510261,-14.232491878349609,-14.118873220627549,0.70566985639611302,,0.3075469395812532,0.3703703703703703,False,2
-0.87574734688237377,0.45150209511560663,0.1709164782421545,-0.4603315405996401,-0.88763940728104507,-0.013825894940892095,0.14546978090876861,-0.090786236555836508,0.98518851094315063,-1.9106842801833626,-10.495238756079026,-1.7152088316410579,,0.1343169998904702,0.5357142857142857,False,5
-0.78288461798224562,-0.61496577834356336,0.094386261675574734,0.61402749462850115,-0.78815863589365442,-0.042144993848637173,0.10030907619473425,0.024961092374948798,0.99464316872957514,-5.1505272953115471,-11.561030632599591,-1.0749419147067623,,0.0755947252268453,0.25,False,5
0.58095973235297338,-0.80376303729189336,0.12826055226636091,0.80735427446416697,0.58905844484930958,0.03448512804313579,-0.10327083271088677,0.083517234359282974,0.99114076027382547,-16.74920307344042,8.8682470871101131,1.05965750452422,,0.06837216237014945,0.1025641025641026,False,1
-0.97142737903098064,0.16603329325136859,0.1695930210860831,-0.17519909147802623,-0.98370022461837781,-0.040486373399307773,0.16010660702879742,-0.069042114813054681,0.98468221308596182,4.1277049906663681,15.040332093588285,-2.6981022937662829,,0.3602943579404217,0.4482758620689655,False,5
-0.95953335974789655,0.18615390897631423,0.21128760896880039,-0.236409132761734,-0.94018748601225854,-0.24527171278562709,0.15299167780555711,-0.28529671101992821,0.9461497414275678,-13.634809878993861,-9.3880555499185085,0.56415687217223076,,0.2654316004110914,0.25,False,2
0.53211737737867171,-0.84414010662488204,-0.065410833039923344,0.84049584893684082,0.51734446976317705,0.16100132771314765,-0.10206774520671719,-0.14064913790276048,0.98478423799105685,-5.4069228724952731,11.168731971842304,-0.87130464683636211,,0.4816274551138681,0.4945454545454546,False,4
-0.5287833334840023,0.8145978475278417,0.23836638402374138,-0.8436425316271865,-0.53522782947089842,-0.042408128814451843,0.093034751889917805,-0.22352073139393208,0.9702489461874737,13.256858276299901,10.120300337813198,-4.4780859829783894,,0.3664603532736082,0.5714285714285714,False,2
0.071939711919790816,0.94815514764689046,0.30955854670740562,-0.99732705096524388,0.064403591840430083,0.034509864836322818,0.01278402369629743,-0.31121374222349946,0.95025395310378902,-14.927808929683975,19.408083216267059,0.57884237050265441,,0.1234561165421951,0.4117647058823529,False,1
-0.91291105766676373,0.35005378326569975,0.2098946154886337,-0.3827967287809188,-0.91274740885292716,-0.14268437919721733,0.14163355966852822,-0.21060511972323506,0.96725664553001811,-15.095012015866871,-1.3941438414250333,0.96800755103501002,,0.2445410419263858,0.2380952380952381,False,1
0.89945700834832076,-0.42095523629935394,0.11736174489689286,0.41327405926271671,0.90665892816556537,0.084700294675901261,-0.14206210639577632,-0.027681708939713036,0.98947060639342466,-24.869720155632088,8.6074654280920342,2.4224360815368948,,0.1440118564709906,0.391304347826087,False,2
-0.15944934005526809,-0.9701560365458991,-0.18268325787956891,0.98720609696946171,-0.15666298101629961,-0.02967882217019235,0.00017338472480172423,-0.18507829460160954,0.9827237632239787,-19.893358112527029,-4.9881085723566185,1.7866616281036223,,0.315099816864952,0.1428571428571428,False,1
0.95106929149478547,-0.28001215957801451,0.13061544037387582,0.27399922064292764,0.95970954747478054,0.062305790844980224,-0.14279926422315065,-0.023468595488582877,0.98947339285254066,-15.715427197096027,-16.455780355784274,0.99861287455172876,0.2319752285822345,0.2891667104347104,0.8148148148148148,True,4
-0.83267283043653517,0.52823040735438687,0.16621851340638064,-0.53552529463643839,-0.84451847052059859,0.0011007970313717946,0.1409560791784602,-0.088097614586134326,0.98608832973870464,-16.831788008327866,0.89578958721628632,1.2222958312516161,0.4880085900043952,0.3929558223408602,0.9324055666003976,True,5
-0.97172675578425638,-0.21682207662612243,0.093462822451174696,0.21414075247596864,-0.97606560085968963,-0.037943127802522222,0.099452753717681586,-0.016856153355629937,0.9948995023981172,-14.45074673278897,-4.6144506116749797,0.85195114233502678,0.2651298374302192,0.3375660186813054,0.8385964912280702,True,3
0.67580706612289543,-0.73097342503270946,0.094671332906611769,0.72990164050945328,0.68156380594535193,0.052099650736792097,-0.10260801411183061,0.033891449087293496,0.99414433817167103,5.1756949674386563,6.5732975199777508,-2.9549511333927856,0.2746178995938071,0.1695261377103877,0.4102564102564102,True,5
-0.43850753077076043,-0.89656625272516755,0.062290448157648323,0.89706400716111223,-0.44085837842411202,-0.030332445158765656,0.054656312658078229,0.042577513403351669,0.99759703429742053,-12.510423303198658,15.679867436909673,0.25647596466006273,,0.1817520892754708,0.5714285714285714,True,2
0.98957724609931819,-0.040257385690379857,0.13826140784711335,0.0015752374012235253,0.96309718796934751,0.26914926184677801,-0.14399441874468469,-0.26612619078721206,0.9531224779363191,-13.138405131560994,-1.6398972559060205,0.64920678324194336,,0.6496797798763957,0.5633187772925764,False,3
-0.77068860807243134,0.6140366305653433,0.17028824302146092,-0.62274781648399768,-0.78241736648887128,0.0028673473856686386,0.13499713497622481,-0.10383679954899017,0.98539012203676557,7.3870966444727744,15.508982388013717,-3.2835544053947521,0.3652361868852019,0.2743318802657146,0.3888888888888889,True,5
0.062388751628110639,-0.99595611451234078,-0.064645662157382267,0.9973719712129393,0.059824818562214784,0.040867372350245977,-0.036834694366880444,-0.067025435839527053,0.99707110891922823,1.9049880790389819,6.3489836333390093,-2.258776101252574,0.569196377966395,0.3879544894227398,0.417910447761194,True,2
-0.93276479803224865,-0.33969764619909226,0.12064551677810016,0.33768922846415683,-0.94051619505902573,-0.037353337347221884,0.12615790316560052,0.0058988133119442648,0.99199263478635236,-7.187627820526413,17.132251147736948,-0.69277493881495278,,0.1675318071691096,0.5357142857142857,True,5
0.63567163138156368,-0.76467479784927528,0.10580184587648164,0.76532067923388003,0.64219386919291277,0.043258436264248828,-0.10102393277681021,0.053474179799276766,0.99344586017613501,-9.1018635802812682,-2.6786035321521506,-0.046937754648947595,,0.1379689404930007,0.4137931034482759,False,5
-0.056697375833796512,-0.98537355589640441,-0.16069960458457064,0.99827839128051199,-0.058373591768456426,0.0057251451023686145,-0.015022019702915898,-0.1600983420405275,0.98698675766188471,-21.619917559321749,6.6676196075043066,1.9092215665292063,,0.7327198576057266,0.5813953488372093,False,1
0.4868170894594876,-0.8651790314561697,0.12030945490174969,0.86829880945928295,0.49431785342280005,0.041316307664962706,-0.095217114542417658,0.084351071813214717,0.99187630165367735,7.3301389099513852,-4.5943311561132827,-3.4708239320690386,,0.08127468176503605,0.2857142857142857,False,5
-0.74968850156278377,-0.65692353478861498,0.080116290886306299,0.65463829574312404,-0.75388217456603157,-0.055770678838699322,0.097035315071812317,0.010636555477348153,0.99522410105286885,2.7661140332927872,-8.0665607162490716,-2.5958885992649345,,0.1296260935713309,0.1739130434782609,False,5
0.93732769611943922,0.2902878654978942,0.1927426917735186,-0.32552668564824577,0.92681603157135062,0.187201550616448,-0.12429467815756777,-0.23821208778525652,0.96322678233876824,3.6515460671340239,-11.169725782282573,-2.7878454389863618,0.4159112597477784,0.4178861618847073,0.808695652173913,True,5
-0.47014655044615228,0.86090249000550989,0.19444568343343835,-0.8785197653629836,-0.47761053268508702,-0.0095499180538827985,0.084647758211024007,-0.17531423721586567,0.98086679791869147,-11.803054990501767,15.284925057789859,0.13176985431444455,,0.174011096735973,0.3846153846153846,False,4
-0.45305749481913227,0.85643948402623271,0.24748801302101969,-0.88727097700569479,-0.46014252128151578,-0.031922930192104494,0.086539700436113198,-0.23405185389047919,0.96836491568977123,-17.6188027342344,-17.974022697872005,1.3735891319064,,0.1127624738820694,0.1764705882352941,False,1
-0.65203909847634989,-0.75632771449010849,-0.053041515365965186,0.75424356914696167,-0.63993551761367029,-0.14696656659586402,0.077211737829175786,-0.13583416945192067,0.98771829280959744,1.9517631302088521,13.456548439702827,-2.3093819201362353,,0.4850703225680519,0.2631578947368421,False,1
-0.85205702762075275,0.49673372948320843,0.16508913857607652,-0.50553839150842217,-0.86269973973525371,-0.013419902078755163,0.13575623887381885,-0.09489341944744642,0.98618734657893792,-11.204663233694115,7.753909233770897,0.19108174374164744,,0.275730245895639,0.8303715670436187,True,5
-0.98231388594139468,-0.149524852624315,0.11270203163383558,0.13890840797381079,-0.98555908912121315,-0.096838711498792904,0.12555430570433868,-0.079470751212266738,0.98889863789008214,2.840783097466034,10.47149162552426,-2.4416208819036584,,0.4731249086960124,0.3,False,2
-0.23432178122163128,-0.97040292400574668,0.05840777282365571,0.97214382445954128,-0.2342315441900554,0.0084834115495834236,0.005448615447926939,0.058768603756087237,0.99825676246257478,-6.6401459963802285,21.520490935035589,-0.85076103462563735,,0.2655663015569264,0.2666666666666667,True,5
-0.80437076134596885,-0.58644114508039247,0.095259968761830294,0.58649819277365756,-0.80938119599275793,-0.030363620445650569,0.094908103789616616,0.031446191027400525,0.99498924059756966,-1.5083233052806182,5.8317525581613392,-1.4778689988300138,,0.08634784015613513,0.4074074074074074,False,5
-0.92358937911452832,-0.36101248370664374,0.12904512929514328,0.36085760833774566,-0.93227479648345324,-0.025406502051592891,0.12947758605875409,0.023101741269777924,0.99131320189872474,-14.551741381236766,7.0563837556422468,0.73911922180885414,,0.07259133738368465,0.3773584905660378,False,2
0.8054434034081166,0.56462381884785795,0.18016899593440197,-0.58330749474600596,0.80902799524737079,0.072291558837515008,-0.10494422556523859,-0.16332068483716555,0.9809755671905549,-11.436644626422982,4.4353744418927663,0.257445061757202,,0.07315841040112937,0.3297297297297297,False,3
-0.8999240443425186,0.36008860825662609,0.24591240029329781,-0.4138353630651106,-0.88300219402380054,-0.22146651581203597,0.13739361954244092,-0.30107029005360331,0.94365230554270685,-16.530971059307831,-7.8736426925298701,1.0749762473329665,,0.1836387548029808,0.35,False,2
0.36226610448713265,0.89620622777753056,0.256081367601173,-0.93155740273327725,0.3572842422683285,0.06744461164227307,-0.03104955639858031,-0.26298739041922814,0.9642995165030086,-13.123365400211183,23.573866812139187,0.23596168623487204,,0.2617902679889039,0.7307692307692307,False,3
0.89650097328340617,0.38476617732270618,0.21963832473039763,-0.42737264333894642,0.88172190505563497,0.19979766232501825,-0.11678453933370429,-0.27298621015269642,0.95490308431750326,-8.941117094112272,-11.787792597282746,-0.30559810458917225,,0.266223501453384,0.175,False,3
0.87311207229540055,0.44457077263944378,0.20008032718585697,-0.48160951530678808,0.85025172491722856,0.21242476089486054,-0.07568080323300104,-0.28183121259017074,0.95647455984566687,-13.067293810170106,-4.0625474759303417,0.6251438191368377,,0.2733268080522388,0.2173913043478261,False,3
0.75554679125775415,0.63733297984820581,0.1515114484714517,-0.64835874249694903,0.76058474391622277,0.033790358827150271,-0.093701586154587319,-0.12376396939214332,0.98787777211171923,-6.6214950776366459,-12.916983676741493,-0.84160127825282294,0.5605116078900788,0.4998281661820276,0.8686868686868687,True,5
-0.9381026883790754,0.28004716498791082,0.20380611236708462,-0.31179922576248564,-0.93903965888818852,-0.14486463284414322,0.15081309250149807,-0.19944448956385774,0.96823411771778967,14.352897237090666,2.548149926985924,-4.8376874541623103,0.6047894687434104,0.4457404029099756,0.5394736842105263,True,4
-0.69322978536495405,0.69155824185900472,0.20292772802094258,-0.71179606203427703,-0.70111315555914377,-0.042269482778893287,0.11304349054834981,-0.17374562215716957,0.97828095556739869,-5.4135754104490381,7.2298537703127232,-0.76283233834904496,,0.1383072001057699,0.2191780821917808,False,4
-0.77964835014687073,0.5947683726076588,0.19595671220680103,-0.60972618558698533,-0.79233361728755491,-0.021009938732971387,0.142767043545795,-0.13586030274386743,0.98038744862199123,-23.345747974368614,-23.086025312012143,2.4182149219176368,,0.2052565776655574,0.3333333333333333,False,2
0.93583209629170405,-0.3251258855844904,0.1360567751829195,0.32188936177696037,0.94567025695469631,0.045771212416318263,-0.14354625151879011,0.00096105886368533927,0.98964314277458854,23.236653132337487,0.46126692507806671,-6.9125711749282983,,0.1680468570554204,0.5555555555555556,False,1
-0.98314342908784702,0.098050922329475237,0.15432114071548561,-0.11673944389099167,-0.98623554173334027,-0.11709550999917459,0.14071567105838459,-0.13313704537912804,0.98105740253376839,9.6045965854609854,2.4792654231197848,-3.8279922375086155,,0.1066872276807878,0.3265306122448979,False,5
0.95481942325970137,-0.29086833900387243,0.060954723616294559,0.25939546815540376,0.91577756650581199,0.30670089629006836,-0.14503054873525578,-0.27703259384018464,0.94985213685274672,-19.23059288814844,15.401675269510276,1.3966303475338879,,0.1738263487159402,0.3181818181818182,False,2
0.3911778280856722,-0.91923495258495258,-0.044575876439113149,0.92021912917843396,0.38997844337883419,0.033370166225310798,-0.01329139226190295,-0.054073243346041161,0.99844850805926832,-18.224895489513951,-17.279475016169602,1.4692644307098202,,0.2385658994547112,0.375,False,2
0.94498421038214531,-0.30025964299539298,0.12980365525174348,0.29377752466886248,0.95352633135610032,0.066949991859697591,-0.14387358384314411,-0.025133288659799788,0.98927686199227061,-15.780823133314067,8.2296183009963233,0.90651434310663725,0.2135535998554584,0.1603904087087623,0.7410714285714286,True,2
0.96236673644753368,-0.23224478871358817,0.1411120926593607,0.2221439063092662,0.97140875214872235,0.083768258538195806,-0.15653226334843298,-0.049268594096471233,0.9864432351467437,1.3818897903054159,11.331046624047895,-2.1195831834717556,,0.1106783437454465,0.6285714285714286,True,5
0.23689615787462429,0.95107787251432985,0.19832067667758668,-0.97142234285060824,0.23498932848118886,0.03344618529210884,-0.014793315885062129,-0.20057640916512268,0.97956636420997478,-4.7841323927115749,14.964540571086124,-1.0480780235628104,,0.1308822816278676,0.4838709677419355,False,5
0.095803266262070252,0.91212905870304795,0.39855026589253517,-0.99519565544962163,0.079652364158800754,0.056930732105882918,0.020182704172555285,-0.40208964318097706,0.91537783308253529,-16.542367099064432,-11.015227717833245,1.0808879180638709,,0.5550952043870376,0.3762376237623762,False,3
-0.97913584095939421,0.14533486188084369,0.14202388133977475,-0.16509926058293839,-0.97642875802044671,-0.13902918638046244,0.11847041446582907,-0.1595764971188503,0.98005107135473846,5.4147510107492627,-11.721474840996533,-3.2951890604081151,0.3681361116885173,0.2357381095349302,0.6190476190476191,True,5
-0.31307184857805748,0.92871894172423253,0.19866339600071828,-0.94732135292920805,-0.32025617824541397,0.0042701967186315436,0.067588992537927078,-0.18686119869641754,0.98005847810701852,-20.589339350956436,12.591017521437216,1.632489109969494,,0.1301594911719972,0.3333333333333333,False,1
-0.91771120144789031,0.33659950888272017,0.21096663564881754,-0.35902559883186819,-0.93007746899252419,-0.07782365357574994,0.1700199109530639,-0.14716206132142717,0.97439035175187372,-25.114213105719795,7.322020338849577,2.5000271836725196,,0.2560867403660358,0.7551020408163265,True,3
0.56448729299981804,0.73469185047855845,0.37627381105004976,-0.82304320079092708,0.53569255233598012,0.18876805609951255,-0.06288072577159623,-0.41624677081288508,0.90707477096118272,24.223580070300887,-5.4183047090606449,-7.3114001437233638,,0.506701017138753,0.391304347826087,False,1
0.42617797611927732,0.86614051554184857,0.26109948297110047,-0.9043793475512516,0.41484300592432044,0.10001637945079497,-0.021687055900876537,-0.27875775822849058,0.96011654700550653,-16.317224489850965,-14.897840067462262,1.1089035227577313,,0.2627332476646412,0.4375,False,2
-0.47449293235387813,-0.87651055474035389,0.081152354093852852,0.87898168188318182,-0.47675174905922268,-0.0099485015345958556,0.047409493353441641,0.066610939024516869,0.99665205700998827,-9.6687768665775629,-3.6447261584338837,0.020633349851836773,,0.08908055704496179,0.3829787234042553,False,4
-0.69597915447059533,0.69490398247608409,0.18089077279196264,-0.70863056677701386,-0.70538227064283188,-0.016690479083916951,0.11599886366548356,-0.13980095636883416,0.98336155925817836,-11.048420485889231,11.89976469959878,0.057588834448609551,,0.06963323715506957,0.4444444444444444,False,3
0.88770572256750258,-0.44295575312284524,0.12557368711749445,0.43586725233809392,0.89638373530785476,0.080721356621280133,-0.14831820003003629,-0.016923352236256753,0.98879487847022107,-20.396964656819829,-14.105219069636275,1.8355626160606389,0.5775007100401401,0.5279999394574661,0.926829268292683,True,4
0.69162646757504265,0.70414555500183829,0.16072295019946592,-0.71738824968422221,0.69553129666339075,0.039878748435088124,-0.083707398506196309,-0.14288195383915309,0.98619360102488485,-18.474764126785338,13.585285628799564,1.2589253539542866,,0.2084934120308851,0.6447368421052632,True,2
-0.98524977098591038,0.090197136987609811,0.14542133698824924,-0.095734341925979016,-0.99490758547383651,-0.031525103372088706,0.1418373171919553,-0.044981916876223604,0.98886743429335822,-0.54460056890859176,20.029660979991473,-1.8891742630337898,,0.2152396475632202,0.4375,False,4
0.23775699190308386,0.89402649553085867,0.37972126367904213,-0.97122691811947626,0.22436026824440045,0.079879556542618829,-0.013779924576776008,-0.38778743574555435,0.92164582045194887,10.240221358814704,4.8162779355347345,-4.025117201452268,,0.2166336733647897,0.1176470588235294,False,5
0.98920738157039778,0.062219332963152969,0.13265560995396469,-0.075669917034233272,0.99221725590375953,0.098888729099157816,-0.12547039452663869,-0.10785949977834437,0.98621676542476999,26.31288152392036,-8.0862281490217551,-7.8696799383506528,0.488163438692372,0.2772324536079852,0.7857142857142857,True,5
-0.7987892546564711,0.55732233134737552,0.22655583335435295,-0.58208563999336949,-0.81113063949555175,-0.056950797931604465,0.15202642651482887,-0.17736658268417735,0.97233176487661255,7.9738307684334124,9.682186801082965,-3.4868412136620131,,0.2169540121415989,0.3448275862068966,False,4
0.40666552765258046,0.89679314754955963,0.17431350816044716,-0.91278506745442245,0.40679176600895461,0.036658965336482864,-0.038033790913789951,-0.17401870478620923,0.98400758184744519,-6.2857659608596794,4.2438717766844194,-0.56699414737492304,0.1641743626951822,0.1635138558665497,0.6781193490054249,True,3
-0.95836835586546665,-0.26142296715466806,0.11483956948618179,0.25243686926935144,-0.96368560728253039,-0.087095794100453733,0.13343808118078812,-0.05448011160551719,0.98955858640620142,-17.438212413966514,-19.068973324765455,1.2613737149208621,,0.4440500084220842,0.2,False,1
0.75723955053286174,0.60547849624230066,0.24491642186050028,-0.64405822101566157,0.75453273830021983,0.12597362730076453,-0.10852313601684024,-0.25313264787722045,0.96132543476584242,15.943141873787679,-14.43976901301677,-6.0048288328961101,0.4901792615819318,0.3638439478555068,0.8,True,5
0.69185000345424674,0.64550587714966046,0.32352084211934062,-0.71664258452858631,0.66857979352641206,0.19855595112806196,-0.088130464429434938,-0.36921974791907969,0.92515393258961209,-13.17293238697871,-12.973071991767277,0.50006603663257365,,0.4686570926837146,0.3823529411764706,False,2
-0.87929011355976738,-0.47590788659952921,0.018988935420962139,0.46167568427179151,-0.86143806452976734,-0.21161290965199231,0.11706604438617105,-0.17730240960454755,0.97716907278126486,-29.698898004194756,10.811953522758438,3.1708333798456114,,0.1779704117723232,0.4210526315789473,False,1
-0.60816853023819406,0.7695533629879493,0.19472714331046018,-0.78711949579947316,-0.61639548254550314,-0.022349685229980907,0.10282965603510461,-0.16686590607860499,0.98060278973102444,10.524234916310846,-15.536210301786591,-4.8041356258869481,,0.09504467851526555,0.4117647058823529,False,4
-0.6365504572921914,0.73861224668287051,0.22193572125996919,-0.7632972505273925,-0.64453080405594898,-0.044241947971508183,0.11036676428356262,-0.19756515804430927,0.97405707515961404,-4.2127530970339899,15.69200990197305,-1.1698513396143129,,0.2135237794862344,0.4285714285714285,False,4
-0.25850133549207882,-0.96595093620998862,-0.010763288710109731,0.9653684829927851,-0.25790711315303427,-0.039339713131591861,0.035224304010436525,-0.020559908076483835,0.99916792311746383,-3.7628632777064359,-17.182053050548255,-1.4651361837912571,,0.5200411676687492,0.2790697674418605,False,3
-0.88830764116399719,0.42928917251713788,0.16315741175075582,-0.43635408919313495,-0.89973586257087756,-0.0083956207791858958,0.14319442549933376,-0.078652297890076439,0.98656432762518109,5.9563312934531893,-14.712755115959737,-3.884567072801334,0.1202708591986068,0.1282106264428296,0.5454545454545454,True,4
0.90930266333021403,-0.39701697265079194,0.12468436103930351,0.39164195799285861,0.91774233828009666,0.066072515221537398,-0.14066002701584834,-0.011248286775348761,0.98999405697434362,12.099262022198303,-7.4693939341062121,-4.7252061531651428,0.2191862937048151,0.1953484495331915,0.5666666666666667,True,4
-0.89116686585394944,0.4266727030174905,0.15418178136146973,-0.43632177381460108,-0.89916134407420623,-0.033647986833475058,0.12427762026739886,-0.097258839302214434,0.98746938751449764,9.6736484664093485,14.681286199559446,-3.7460558586038921,0.3519929901737611,0.1958599668901554,0.2941176470588235,True,4
0.88031382438484385,0.41589767099220537,0.2282031942374807,-0.46422017848730984,0.85430021573177539,0.23381780788864595,-0.097709756330369268,-0.31176957623203227,0.94512038114409447,22.747374562876747,-12.361148830841408,-7.0945963525028919,,0.2329881190786655,0.2857142857142857,False,2
0.57865408963232112,0.73132833493540494,0.36099627570433279,-0.81303321150476415,0.55217124401433437,0.18461829344328992,-0.064315173497705797,-0.40033209189905239,0.91411037334322465,14.264161501947873,-12.915251477949235,-5.4640493213604691,,0.1539905797054401,0.375,False,3
-0.31135514110605766,-0.94926542367902444,-0.044194247525102037,0.95012452976573536,-0.31008562919214477,-0.033320871926657669,0.017926350556318579,-0.052364663428639435,0.99846711912798525,-22.04673934906485,-0.12155180659040934,2.1038185478741047,,0.3626239041710901,0.3529411764705883,False,4
-0.48729777796073853,-0.87253433164932703,-0.034995938161292289,0.86849395665918683,-0.48009144278893412,-0.12341172475624197,0.090879716334271124,-0.09053202004871988,0.99173828730411562,-27.083033812317225,2.2025379298997083,2.8827724587477044,,0.6284439547350869,0.25,False,2
0.32435453674862358,-0.93600831223035463,-0.13668421242509204,0.9432181942011687,0.30908381884405306,0.12168250102895782,-0.071648954064043993,-0.16839130727106605,0.98311280889685759,-9.8581909286785141,10.50315839836181,-0.14096470224596105,,0.2912802145979884,0.1702127659574468,False,3
-0.91517805783376338,0.37210702704008564,0.15487247298022355,-0.37622165250325257,-0.92652499899867857,0.0029486298887936233,0.14459042377468498,-0.055567856336988283,0.98793006973913344,-12.149545983544627,12.258826926439987,0.25603259490481711,,0.08522792684349878,0.2258064516129032,False,3
0.9793903983443959,-0.1818061606666421,0.087982768622389879,0.1399426126634046,0.92492320258044958,0.35345881583186639,-0.14563829438628481,-0.33386163192553292,0.93130333293523337,-5.2584419655407029,-5.3086802066407364,-0.69871752578169422,,0.4759601714765377,0.1568627450980392,False,1
