axis_00,axis_01,axis_02,axis_10,axis_11,axis_12,axis_20,axis_21,axis_22,location_x,location_y,location_z,dbh,dbh_approximation,score,reconstructed,number_clusters
0.98737680339109113,0.13820783857947316,-0.077366927561982962,-0.12734524902002264,0.9831570568465402,0.1310930552122318,0.094181928612760729,-0.11958593114593044,0.98834658364095185,26.57882351012578,1.1421466304155374,-3.3763947037629132,0.5907169775840014,0.4518155355542648,0.1142857142857143,True,5
0.11080520855805352,-0.91990628172084121,-0.37615773102110001,0.99374947135439018,0.097383806766517089,0.054574557831750081,-0.013571806780073917,-0.37985369161059568,0.92494701417461,-9.0889073205620061,16.603124616196155,-3.8029315394029721,,0.3212307825450301,0.2666666666666667,False,1
-0.73228524271963247,0.67961708593345749,-0.043346739235674163,-0.67976467318648803,-0.73330587216478604,-0.01350877256861191,-0.040967211068333426,0.01957330723098764,0.99896875489743175,-11.572173408769544,-12.076969888879702,-3.3542135817382852,,0.07650013129709393,0.2727272727272727,False,2
-0.36664833469027808,-0.89495306581414236,-0.25422039386861628,0.92966757786201615,-0.36296984491850787,-0.063016556173813243,-0.03587747679281026,-0.25944537319000904,0.96509113817777792,6.5046966586378314,-11.262590737472198,-2.7738073040304738,,0.270530761950002,0.25,False,7
-0.11321777420734208,0.98906675287191681,0.094491766662172114,-0.9934035225777692,-0.11442761300856295,0.0074674434207424034,0.018198267324522906,-0.093023006533682673,0.99549763602020658,16.28778050463416,21.083349563945248,-3.5363222661777707,0.6734626572708596,0.5301981962395343,0.2352941176470588,True,5
0.76130641612962913,0.64645793226243575,-0.050046803842363236,-0.64423989801288362,0.76289567931540636,0.05426910990825045,0.073263186991895046,-0.0090732737675202069,0.99727136785076231,-13.53631922652257,13.715050645016337,-3.9502458061383003,,0.09906284802963225,0.1111111111111111,False,1
-0.4838609860675151,-0.8585596792939747,-0.16956952335959555,0.87373523586140189,-0.48491968171814875,-0.037942586846322172,-0.049651624102271093,-0.16651780497291543,0.98478755924869887,9.9743942193327744,4.0541668684086511,-3.1912076467458048,,0.117660169974645,0.3846153846153846,False,5
0.74606669028991279,0.66323735637361758,-0.059166736857708603,-0.66196643425835444,0.74836662212128746,0.041807162186073672,0.072006482729917082,0.0079754627018221516,0.99737227675505236,-12.919287237605937,-7.0072781157144712,-3.5351647754617996,,0.08931956770172833,0.5148514851485149,False,3
-0.39920824196233895,0.91666171394209317,-0.019080926132721956,-0.9168404216946896,-0.39925012022606571,0.0017270339240859287,-0.0060349561756251925,0.018183610538493683,0.99981645096074612,-18.235560571148817,12.424893978256348,-4.1532196455104033,,0.2295228110396643,0.7407407407407407,False,2
0.91983299845315047,0.38715858659096536,-0.063367845044405999,-0.3830467602690425,0.92121365971320879,0.068121748400831336,0.084749244268467999,-0.038387784341917391,0.9956625651340123,-6.0482606046958933,12.309124107798512,-3.6420583126242878,,0.7489535060595459,0.991869918699187,True,5
0.080315563942973428,-0.93690307086901148,-0.34023821946503741,0.99633843250059717,0.065421639272201779,0.055043047128505322,-0.029311057824226421,-0.3434132276298551,0.93872691288684718,-3.9855735075644096,-17.215149989282235,-2.849309116411181,,0.6653562927970917,0.2173913043478261,True,2
0.96970639886766596,-0.23168799327000619,-0.077396212889398505,0.24184104858432667,0.95518856266650232,0.17066844163680356,0.034386148588304952,-0.18421586122160918,0.98228412857973246,14.532887517349753,6.8449434086633634,-3.2669570275847626,,0.4451069586305052,0.8333333333333334,False,4
0.92130886767921194,-0.36774009459380519,-0.12632178420125073,0.38179017113910596,0.91710179817143622,0.11471947093798049,0.073662986344706916,-0.15392048147942181,0.98533357286957512,-5.8987081588248262,-16.551058583666663,-2.9738142759682691,,0.1960548656807739,0.4090909090909091,False,2
0.17638041572715094,0.98408960191212869,0.021391688954980566,-0.98409363657472526,0.17582965282937849,0.025370211647396744,0.021205268238124811,-0.025526233453635853,0.99944922232428623,-14.832929239097634,8.3177185119354213,-3.9243063557640285,,0.2459523222677977,0.25,True,3
-0.9952474319200536,-0.042007275912931442,-0.087851795809265748,0.05117340832934688,-0.99317239074714492,-0.10483265015040927,-0.082848244015766431,-0.10883010166298226,0.99060192682809201,4.2608007999671287,-10.263076346179972,-2.8082188201626703,,0.07633133257699226,0.3333333333333333,False,4
-0.94346957006436438,0.32977410732071638,-0.033379761883332637,-0.320144869369756,-0.93271910173602846,-0.1659588499386454,-0.085862873110474053,-0.145890765292257,0.98556757841542963,16.454944796636742,5.487433143678909,-3.2423464336080952,,0.3799909123641987,0.1,False,4
0.41642860149952188,-0.86556218135593488,-0.2781893780493952,0.90868471814224183,0.40622438725995746,0.09630072798285326,0.02965304146134121,-0.29288881406026546,0.95568658028166542,-14.230176685769448,10.671694694095871,-3.939596655928125,,0.2409287780675417,0.3636363636363636,False,3
0.87677082540044948,0.47694289459247891,-0.061631120583372043,-0.47171586015465333,0.87785734321690945,0.08276854619180371,0.093579201776730112,-0.043496669503502478,0.99466123516347671,-2.9323952790633987,5.6233463681563673,-3.4911246868674497,0.5583934038943291,0.391473447167544,0.6889580093312597,True,5
0.84841341495765532,0.52907805706152178,-0.016464715481770524,-0.52353734194337032,0.84330694162931408,0.1214168595817058,0.078123805019729153,-0.094391799091969042,0.99246504187977402,4.7945742533778644,-11.243721750493297,-2.7781311657890804,,0.08903084745318623,0.2380952380952381,False,4
-0.044713221208573399,-0.92367470383518802,-0.38055981046890897,0.99866885364220981,-0.051133726831951914,0.0067722038680340171,-0.025714754793854384,-0.37975042261366082,0.92473151125645037,9.690970141332226,15.034028764764154,-3.4552515073779762,,0.7136998047962425,0.4615384615384616,False,1
-0.82520738423195694,-0.52025325407015388,-0.2199302722193277,0.55964957866374843,-0.80572476723928665,-0.19390706165244806,-0.076322487580922582,-0.28309742331327176,0.95604954202323977,-17.103902270917761,15.377677278056803,-4.1354498307837853,,0.5286740797519536,0.4736842105263158,False,1
0.94716833170499515,-0.30497004160690766,-0.099324846526221755,0.31357288906172442,0.94557737071080228,0.086922259779236316,0.067410642043078603,-0.11347559086396719,0.99125127773809885,-13.658293971621655,-3.6158898478052386,-3.6318387427274583,,0.08025169707496,0.1851851851851852,False,3
0.94823006601705173,-0.2959428534106528,-0.11522833599623059,0.31152069328588167,0.93730475934806701,0.15625186641492403,0.061762444543452297,-0.18405872872163509,0.98097287670220223,3.801551108705798,-16.486020297219895,-2.5721548541059387,,0.1383269131596609,0.375,False,5
-0.45243320505214107,0.89122397645059015,0.03200029321498396,-0.88907202216191861,-0.44795598550719867,-0.094267568427274309,-0.069678794300446115,-0.071100343514443942,0.99503246518742483,-0.09026174864261241,-10.222978630507605,-2.9631861023566102,,0.3046301564122,0.2,True,7
0.99021523934637345,0.1307449726297335,-0.048780445859523597,-0.11491056320013526,0.96228714911722868,0.24657454270232987,0.079179178015633511,-0.2385564813118386,0.96789537812352544,-16.796577730869252,17.533716901782359,-4.154641576782752,,0.2188853949475113,0.1176470588235294,False,1
0.99695000390881461,-0.0064286413123806965,-0.077777646384359508,0.0098981114004669524,0.99896903283545435,0.044304614054291869,0.077412641712563096,-0.044939336962983314,0.99598581259795516,7.8792939874456627,2.9814911606017112,-3.2009454480085644,0.3823531515092333,0.2331670672633558,0.9022556390977443,True,5
-0.026185811500048731,0.99917607300685174,0.031007715276870629,-0.99948512584364402,-0.026744032252685471,0.017726814609035149,0.018541480345422919,-0.030527559179778417,0.99936193725653089,-18.478186345652791,7.7192174974084713,-4.0708671083351327,,0.1128417485299066,0.4736842105263158,False,3
0.99124337822713438,0.10842370054549018,-0.07537152168346567,-0.10620690799860595,0.99380179080154751,0.03283433101211846,0.078464372897735252,-0.024541836925129474,0.99661479039100476,17.722184580270305,1.1646087221106092,-3.1323331539720294,0.4502366194970235,0.2780440474084652,0.8352941176470589,True,5
-0.5513465161452028,-0.81434023872816952,-0.18129256665041871,0.83266759233833021,-0.55062216385906471,-0.058990790269754477,-0.051785131109581981,-0.1834808116815218,0.98165833768203381,25.67688350736401,16.072802591272279,-3.800357427545177,,0.2947027018995679,0.5217391304347826,False,6
-0.033199104057264853,0.99863929020698539,0.040216757013516742,-0.99931155446966879,-0.033834389772224242,0.015220091069239057,0.016560090374440711,-0.039683776579737637,0.99907505287799092,-10.128312277269364,-6.3930882794146902,-3.4390073136994821,0.2538920873606625,0.1353515640663949,0.7613636363636364,True,7
-0.06531729156489538,0.99666187373296566,-0.048977146402373301,-0.9977958826525386,-0.064658301307729538,0.014922487515114057,0.011705895278292914,0.04984389149225691,0.99868841912612605,-15.940837350854288,9.2883785598836894,-3.9758562696781921,,0.1619887722924107,0.3333333333333333,True,4
-0.65845274471917936,-0.73054025412963641,-0.18097215274175832,0.74801346460929186,-0.66178947984939185,-0.050105300357098571,-0.083161527974076388,-0.16836157951527503,0.98221104596117159,31.614171452870032,-1.1925078213645546,-3.1786280811854937,0.4171746952986619,0.3561474881335455,0.21875,True,5
0.48134149187740066,0.87529539984221783,-0.046565343467978887,-0.87416220012288925,0.48326638376462566,0.047896244105057904,0.064426827281404989,0.017651213502593709,0.99776631461897847,10.15273744174085,-6.0489975463243963,-2.8399491574187534,0.2907934150840365,0.2458392439228939,0.5483870967741935,True,5
0.34629442907466595,-0.90521573371182562,-0.24630193631478561,0.93706437586814872,0.34625424462178439,0.044926089972691707,0.04461528741012534,-0.24635842490558149,0.96815133249268059,-17.113522595434159,2.224982384027915,-3.8794915554707758,,0.5200913099995536,0.7176470588235294,True,5
0.76545094417194093,0.64316823100033715,-0.020481179120877935,-0.63600227500770601,0.76099842798494532,0.12799413576201088,0.097907906990735677,-0.084947155551784101,0.99156342334333547,11.524718409212564,10.031150674845906,-3.3668834600106643,0.3992371245343838,0.3752801376219681,0.2432432432432433,True,5
0.81321551291328975,0.5811789171384939,-0.030192645311449731,-0.57703362744866915,0.81197998618267775,0.087867484499150869,0.075582553215709336,-0.054033029829040603,0.99567449969198696,-17.613679547616528,-5.1316437339497503,-3.7681836041363916,,0.07642747478758068,0.4242424242424243,False,3
0.39949442320665268,0.91631148143458896,-0.027883235428007448,-0.91539512215766028,0.4003699440884097,0.041900813841811324,0.049557806214020339,0.0087850362431479284,0.99873262036516097,1.4991993264956835,-10.987593590272615,-2.8565427823318528,,0.08046180639600087,0.4210526315789473,False,4
-0.85766474427057193,-0.45486084960859435,-0.23981825186720659,0.48835988889887838,-0.86654771125819263,-0.10295476204558832,-0.16098386673816159,-0.20541828449905919,0.96534321515380928,-22.512485945084663,12.664405840869531,-4.3691189470964913,,0.2317759601660333,0.2,False,2
-0.22974182179726471,0.97067803542268116,0.070730805631201793,-0.97019859702629174,-0.22266366467854218,-0.095580200670102616,-0.077028421024251753,-0.090581697819628756,0.99290562410262551,-11.19934258768629,-13.613503109976593,-3.3005888221531414,,0.2741237213023626,0.2083333333333333,False,2
0.18470032231258979,0.98142751809211304,-0.051824875004013511,-0.98212879095832628,0.18625946649139269,0.027026822104690863,0.036177740509354447,0.045906839075436717,0.9982904052517686,-12.989272111457698,10.407079132631868,-3.8854430533200768,,0.06455626052478045,0.1621621621621622,False,1
0.97367496076353921,0.2214544147052708,-0.053990860241965442,-0.21686446139306945,0.97293836650041066,0.079754249894328749,0.070191710100376281,-0.065946017310063693,0.99535131819580469,4.2674405998888236,-8.3649863957519255,-2.8719667925645602,,0.1062815585188886,0.3181818181818182,False,4
0.69635769795976366,-0.70339532793485537,-0.14255163672016513,0.71664580647307785,0.69222118912285491,0.085138789008853216,0.038791037066983156,-0.16144608378266687,0.98611886579383012,10.039345726156624,-9.7215244546379953,-2.7385614333481865,,0.5577398841914619,0.6481481481481481,True,5
0.057201256862468484,-0.98736934357301342,-0.14774909673345601,0.99836007443237029,0.056908556411532918,0.0062111179789572576,0.0022755203244713526,-0.14786208296704595,0.98900537229476182,0.65509851888467774,-22.28077087231835,-2.488862814107816,,0.3012021003936897,0.2608695652173913,True,5
-0.53270998081031629,0.84512345370250319,0.044569320692883323,-0.84478767321170967,-0.52787668558002732,-0.087635563617689261,-0.050535764905834439,-0.084335952137848003,0.99515505507553148,12.321329556575511,2.3178320511185442,-3.0941899190674094,,0.4448985553476454,0.2272727272727273,False,3
0.97601415909522882,0.21497608616608449,-0.034375043597719021,-0.1947871942654294,0.93282666470628317,0.30313753077300182,0.097233277204024249,-0.28917070389246397,0.95232662139336499,6.5072459068611703,-5.3340662271989236,-2.9232789224448665,,0.490606762862233,0.3426573426573427,True,4
0.99640620841107097,0.016398975037585646,-0.083100790956459447,-0.012972047236170316,0.99904964631013415,0.04161165940091157,0.083704204376931268,-0.040384128383704886,0.99567199837311515,-6.49429955619925,4.6833579802832848,-3.5394256454058364,0.1492499203733497,0.113549829250532,0.4697986577181208,True,4
-0.99646401509198623,-0.047666319566961261,-0.06919095754287076,0.049119477134470256,-0.99860343419848263,-0.019454001465863777,-0.068167027167064131,-0.022783836067219135,0.9974137322201192,-6.5038503646213925,3.0803954271914424,-3.5107094360267714,,0.1724747863952021,0.5449438202247191,False,2
0.65366608171481555,0.75512825870158462,-0.050019661393443805,-0.7536146562803705,0.65554779404561936,0.048187545707815374,0.069178056166826485,0.0061969857379994275,0.99758508103957932,0.86175629546186205,-6.4374496886414265,-3.0720326009691781,,0.07786927677830607,0.3108108108108108,False,5
0.9882504606137652,-0.12453904325315934,-0.088606172484034226,0.13332199013333823,0.98588361641523869,0.10128544728092828,0.074741381065436902,-0.11190854118251778,0.99090373112973662,13.412909170913055,-10.461437112408637,-2.6047407925279118,,0.08910491795053543,0.3125,False,5
-0.50301286643113241,0.85731348032226218,0.10950640466414291,-0.8641409696385558,-0.49661560045062897,-0.081445257573408453,-0.015441528320529068,-0.13559698317732646,0.99064373886697277,-1.8387407822732631,-2.010935696328124,-3.287086024202909,,0.3701795653904577,0.2186732186732187,False,5
-0.73261008209076739,0.67955577549779478,-0.038554060830848669,-0.67825466287222458,-0.73360783108947714,-0.042310311465136384,-0.057035777465054692,-0.0048474892245770201,0.99836036677002205,-7.0181090654274492,-2.2949981494412275,-3.4245834873192065,,0.3067619099061461,0.9258777633289987,True,5
0.64905160733010914,0.75857912648261094,0.057356079774367602,-0.75888490104423001,0.64035405393986711,0.11849216248288047,0.05315748290968425,-0.12043419143938978,0.99129707330499539,9.0765839092187548,-17.056050542719834,-2.3995752418915739,,0.2785649162598269,0.3333333333333333,True,6
0.99665260736310957,-0.0055497459894218171,-0.081564579051009722,0.028906021841239912,0.95716964101514024,0.28808110007471999,0.07647236192003809,-0.2894744870250226,0.95412603948533459,-16.833786036152496,12.553410306772017,-4.0750278580717572,,0.2850061155011665,0.1739130434782609,False,1
0.95862884577065555,0.28037867958024248,-0.049178573517944184,-0.27188419850895551,0.95301470300765512,0.1335737940330099,0.084319147633042296,-0.11467681495433159,0.98981791732336644,8.7803842337979905,9.381250077260697,-3.3489399753498961,,0.09595015161319505,0.1739130434782609,True,5
0.95607452722041952,0.28737441434283828,-0.057770618668684333,-0.28217412951217702,0.95567299985458209,0.084064724962312432,0.079367871549492972,-0.06407076814004152,0.99478423672455152,5.148618297555787,-7.7592825349034218,-2.8679466372562148,,0.0729843019202566,0.3,False,5
-0.27851462595379117,0.95966698999457833,-0.038325858693151811,-0.96042435285679939,-0.27813145890390623,0.015098145832649946,0.003829565173647069,0.041014142472227726,0.99915122706617832,5.2056043717748084,-14.815374439741985,-2.6540970828985677,,0.08838949834266148,0.2272727272727273,False,5
0.80190314476351343,0.59548206737428722,-0.048502101542447246,-0.59269547142594659,0.80311610687402513,0.060963899405182431,0.075255727818974952,-0.020140166711212361,0.99696085636061049,-12.771073040624355,-12.624744845600482,-3.397231407975891,,0.0702730090707803,0.1176470588235294,False,1
0.98867729499926726,0.12975819070757791,-0.075365896115064807,-0.127368441961623,0.99121227943038615,0.03571410223826918,0.079337798968710377,-0.025710485229041916,0.99651617377947588,-22.03901804974593,-6.7561899892940502,-3.9493486388560561,,0.07776477767903453,0.2121212121212121,False,1
-0.10872189039652848,0.98074928686246332,0.16220476832502817,-0.9938075455002473,-0.11100122191940752,0.0050290395875772775,0.022937154474352003,-0.16065355598669209,0.98674430421130466,-10.020690062711694,-14.050858014932462,-3.2345477663907802,,0.8118363461002189,0.6521739130434783,False,2
0.77000732581813536,-0.59744137363767447,-0.22394759041421769,0.63784293504547007,0.72941273653122063,0.24721134682416512,0.015655938138158684,-0.33319793644614026,0.94272690995274433,19.727827911118652,10.068937537392625,-3.4783980990875651,,0.4216095548250728,0.3076923076923077,False,2
-0.60034341840034522,-0.78263105205434202,-0.16454913048601258,0.79914465038488358,-0.57910635089993923,-0.16125651028277627,0.030912905793708347,-0.2283078419758533,0.97309810479093983,-12.408469664378472,-8.7193329436388112,-3.4720614655651114,,0.4087005117196062,0.2707182320441989,False,2
-0.96545051178763375,-0.24656513674384603,-0.084326405303942226,0.25334973871409122,-0.96386693606581952,-0.082306983012326002,-0.060985401388347675,-0.1008273916233985,0.99303303968998136,-13.296249455666496,6.8985016206838417,-3.7906408136186043,0.1897676296122404,0.1523544430076113,0.7241379310344828,True,4
-0.93354864583935804,-0.32215898763307388,-0.15716396704949775,0.34940476892379208,-0.91573641529255334,-0.19835101502250235,-0.080020205603422073,-0.24008416106519528,0.96744837707280729,-14.199381279489081,-10.080896136104554,-3.5089166875377034,,0.288187767901372,0.28,False,1
0.53163552129461011,-0.78742392415772033,-0.31197313371805829,0.84668047611517339,0.50377014257623653,0.17131203931452724,0.022267551800594778,-0.35521712671656946,0.93451856537151423,-12.516019379865611,-14.893909911701753,-3.3236494016888787,,0.7470934315956825,0.3214285714285715,False,1
0.56747733940875267,0.80766122983803679,0.16016493709321825,-0.82146414147970959,0.54204355166200213,0.17715939818323878,0.056268406060311874,-0.2321036964767122,0.97106217131617234,3.3517330974382968,-6.6929072725070631,-2.978277998563756,,0.4192130363956785,0.1666666666666667,False,3
0.64134749363770904,0.76724870796130351,-0.0016770618172806534,-0.76508717344223498,0.63970162690015098,0.073644046436021793,0.057576118650006516,-0.045948326117610461,0.99728318038969721,3.221993198336452,-8.2211978632529146,-2.9181072826335703,,0.3222274351841266,0.2619047619047619,True,5
0.91204453069214431,-0.36604125420250372,-0.18490152583580044,0.40541332109045597,0.87269850957141959,0.27209805305116092,0.061764173409478033,-0.32312708276107649,0.94433790312015065,11.196600751498906,12.917916274595221,-3.4369556522181033,,0.373807730011274,0.2926829268292683,False,4
-0.051325708708191517,-0.98298578996278674,-0.17636498619861957,0.99716004164907668,-0.060187845833107122,0.045268913753068421,-0.055113727545997769,-0.17354065790242792,0.98328333510274613,-10.026444863603901,-3.3932051711916817,-3.5128352632033009,,0.1651190194527099,0.5734072022160664,False,4
0.99066706817908701,-0.081487674670019827,-0.10926352960766339,0.10246154530114875,0.97386676873741196,0.20269471745324827,0.089890999326697835,-0.21199829156345698,0.97312708965182038,-18.141365756387252,-8.0864805006760321,-3.7250414011093791,,0.7430953095461181,0.25,True,2
-0.55141737999795992,-0.82078857695952567,-0.14914752753211655,0.83337495071719692,-0.55006756027751913,-0.053961751708486674,-0.037750027195963418,-0.15405126115386347,0.98734145278298169,-8.0426951593313092,-6.8501984842922745,-3.3593245624301438,,0.4724397103833448,0.9314285714285714,True,3
-0.62133927765176855,-0.77318572177881939,-0.12696984557187441,0.78080109211647064,-0.62452398029417222,-0.017873236619357691,-0.065476381977821629,-0.11024353801874999,0.99174553476595184,-16.05182596329109,-6.1725384911886279,-3.6722398263713893,,0.1684759007387867,0.1111111111111111,False,1
-0.93821558972273256,-0.31162117992926175,-0.15047839519585246,0.32348479819526216,-0.94423208940645198,-0.061508915383833372,-0.1229190487182303,-0.10638609662272625,0.98669798110038942,4.9616648498321565,9.5561044686577095,-3.386641538817639,0.2734897089643804,0.2073873534231246,0.3243243243243243,True,5
-0.97026712582675612,-0.20076631687897953,-0.1351835439198697,0.22837557411942183,-0.94438614119084574,-0.23659969034698236,-0.080164216989318249,-0.26043752097866529,0.96215694976494182,-8.9861375715313514,-13.105537802477897,-3.2218732656161362,,0.3729799922698374,0.2173913043478261,False,1
0.90714476169547797,0.41757801365087666,-0.052124695143891842,-0.41369955177853796,0.90761802123495416,0.071289609255370298,0.077078286090778991,-0.043106032581705617,0.99609277066364321,7.7710618354264467,-8.6491171051570248,-2.7905082821178016,,0.08149176978972868,0.3684210526315789,False,5
0.99691033724491263,0.022311557069551069,-0.075312508359283103,-0.013201269643823142,0.99276279351679941,0.11936399075312425,0.077430652677256864,-0.11800097554619213,0.98999003217008252,-10.485818875979191,-11.012267288867067,-3.346182371511718,,0.09456849972705078,0.1842105263157895,False,1
-0.3604892027671055,0.92162360187199144,0.14372707177436658,-0.93273630849407674,-0.35499953654173561,-0.063073828740573323,-0.0071072853593434383,-0.15679689259564411,0.98760529614171799,-24.835740150956195,-7.1078582969433439,-4.0703556135409533,,0.2449682624084804,0.2142857142857143,False,1
0.28632830867929865,0.9578403229524769,0.023622349060715572,-0.95700456573371384,0.28470912289590711,0.055524557671971911,0.046458161970497736,-0.038504948592842217,0.99817784393372733,4.0997274924120441,-5.324387697673596,-3.0037123737023421,,0.07568731311866214,0.21875,False,5
0.89003218549605689,-0.44405079231130506,-0.10325503682056225,0.45407569857780389,0.88366787407142877,0.11378202096623802,0.040718162313553817,-0.14815526376671256,0.98812552293523082,1.034236926911142,16.027473692179104,-3.5360316948332153,,0.1113675738325197,0.2,False,2
0.99341260225669759,-0.056048503446454588,-0.099949822105847352,0.086696741511694556,0.93796799486005411,0.33570778309336952,0.074933815389530367,-0.34216166629186162,0.93664844922283697,15.891180942062912,-4.4682030501899401,-2.859282245567011,,0.5545398941547695,0.359375,False,1
0.065002299669817853,0.99478907171949493,0.078545552548191039,-0.99758576139386124,0.062853326824243105,0.029531474249588619,0.024440738570354198,-0.080275538581752029,0.99647302432305962,21.3187837944892,6.7660245993418835,-3.3838775780541588,,0.2255522101318262,0.3,False,3
-0.27493983017339713,-0.95618378429800788,-0.10060149317860878,0.9605555902212134,-0.27771396097259626,0.014419222437018406,-0.041725865826852046,-0.092668908089247604,0.99482230855291287,-10.524601014051369,4.3029834400355842,-3.6815477952192555,,0.06575523674764883,0.1384615384615385,False,3
-0.26625434014442995,0.96031229825024644,0.083119890420918191,-0.96334213839779459,-0.26216748544836777,-0.05692217459694706,-0.032871731646200032,-0.095228669018373763,0.99491253377147215,-20.410552839868235,5.0216875169727757,-4.1058553289528552,,0.1270925415392086,0.1176470588235294,True,3
-0.98327710410088665,-0.16254100617653694,-0.082137432770283528,0.16373516223628842,-0.98647211360860532,-0.0079728113000623532,-0.079730378140518532,-0.021288268686982765,0.9965891211617155,-14.101312632535169,-11.371996591116492,-3.4727433052191925,,0.1246684610580497,0.4871794871794872,False,1
-0.86836884513670598,0.49161722465913893,-0.065177091177710172,-0.49149502004077694,-0.87067293656210287,-0.019007441001844608,-0.066092314765472088,0.015528746142812334,0.99769267010045326,-5.3134629583212147,-6.651581817973991,-3.2741315962751654,,0.2116284864817739,0.8214285714285714,True,3
0.98862855265656513,-0.09277929647004246,-0.11834520277015456,0.11272743886800855,0.97811439261943722,0.17488498928429591,0.099529439857986013,-0.186237045448087,0.97745058877895308,5.6242779931680209,-9.3358151405261953,-2.8075810463896103,,0.2339623203220837,0.2307692307692308,True,5
0.87620950875992143,0.47928161179764101,-0.050458233732024238,-0.47614840685970511,0.87710883912164284,0.062950607460542457,0.074428431420153568,-0.031132313234682511,0.99674028095035661,1.1875018640039563,-4.7799799974392787,-3.1217087111855459,,0.2448734255640734,0.6183574879227053,True,5
0.30433183738625275,0.93732667370195777,0.16970810092606195,-0.95120886106635727,0.28952935298877452,0.10665109650980698,0.050831440880127463,-0.19388517355570201,0.97970643771148347,19.113524370271733,-4.1828923680185621,-2.89166526130419,0.8890470282927274,0.3324700247539863,0.2857142857142857,True,5
0.61160344611494377,0.78668165147301161,0.084102342036475375,-0.78849851956712202,0.59736948819304669,0.14635497673954911,0.064894601784596898,-0.15582578031786923,0.98565055513987587,-13.67918963501354,-13.054447730159669,-3.4323204695800333,,0.2998547732584659,0.2173913043478261,False,1
0.074910211913942024,0.9924551894807665,0.097062644841902204,-0.99677681675697316,0.071720903601002653,0.035945647337218667,0.028713023645103693,-0.099442490210938844,0.99462895263198703,8.5968031847781479,-5.644872574991628,-2.8708883866721679,,0.2770877388940814,0.3134328358208955,True,5
0.97137453265558138,-0.21541379251607742,-0.10014197572442243,0.22697388976210356,0.96601908590150487,0.12365265480482276,0.070102572523489018,-0.14284265353129097,0.98725964449972725,-19.74356248968888,-7.1573622176331098,-3.8060741292348084,,0.05985457963693064,0.1538461538461539,False,1
0.96205177860014623,-0.23909045271369042,-0.13149954643822376,0.26411510308152325,0.93700273464903294,0.22862433725321279,0.06855353832248505,-0.25467946654843804,0.96459254698658714,-9.4557931491187954,12.676221386289045,-3.7754191473971672,,0.2738542778161054,0.1818181818181818,False,1
0.98704123250440901,0.14065606347464626,-0.077236501370740618,-0.12981132222692277,0.98285208005361757,0.13096109863609778,0.094332528630764953,-0.11923783184078811,0.98837427804452316,6.6641413888247465,-9.5629378458209953,-2.7870518352527522,,0.2012088295563724,0.1176470588235294,False,3
0.96979678134606129,0.23964771518634179,-0.045422191677498128,-0.23186671915885451,0.9635723452413899,0.13328975966861795,0.075710154123011658,-0.11873208535174955,0.99003568848334766,-6.8369383892231728,-14.570027903998197,-3.0814197112692678,,0.2103835255068395,0.7936507936507936,True,5
-0.87323269573012785,-0.47808421936071138,-0.094340544338871651,0.48097409992200735,-0.87668601579310346,-0.0092490495203637751,-0.078285211324426285,-0.053451930845149695,0.99549701997385009,-18.562015660906784,-6.3932287163664334,-3.7780525563624838,,0.07308802292059798,0.1481481481481481,False,1
0.83333485859088763,-0.53964256751327366,-0.11974519942355777,0.55147168004551561,0.82646810059638764,0.11326722740658965,0.037841770110321568,-0.16042561523734697,0.98632227107099069,0.72406090113412358,-15.656093739905085,-2.7356336555200955,,0.4630808236065106,0.4259259259259259,True,5
-0.73253831330119989,0.6799773207135289,0.031913364928869092,-0.6776514733219855,-0.72397762037326485,-0.12901506076116087,-0.064622753348761053,-0.11613461376314298,0.99112897810310741,-6.4109427558592351,-23.800325304578678,-2.7624205382061566,,0.4030127799449199,0.5,False,3
0.38642805007254344,0.9210840494328304,0.047723537144168604,-0.92168042470141043,0.38371703433095367,0.057152710228692491,0.034330115632761726,-0.066071260353325542,0.99722416322307583,6.5489329128250278,11.406891898651637,-3.3952721296325308,0.3483149103655291,0.2727435983642954,0.1428571428571428,True,4
-0.3650954326871787,0.93077454266447945,0.019080769342245618,-0.93058699427066927,-0.3642806086151486,-0.036159152109241387,-0.026705263998775982,-0.030957857075497315,0.99916387042369081,14.030841098631392,3.139892242412027,-3.105702723916794,,0.1353262886091447,0.4117647058823529,False,5
0.87095115016225277,0.4900090455625814,-0.036540789508391895,-0.48570678776713416,0.86978751293430789,0.086940201635851352,0.074384207651762166,-0.057972559115486877,0.99554315428394169,-10.651363211984592,11.215761617921277,-3.7971548040232102,,0.1054134153716605,0.2903225806451613,False,2
0.94173478011184242,0.33253216570847249,-0.050576305686880596,-0.32881243417593831,0.94181370294239597,0.069780599604947743,0.070837751651176603,-0.049084699440508424,0.99627943129517682,-2.6334299503916876,-10.622454505296107,-3.0474243108391561,0.1533526505377978,0.1442625844600954,0.4821428571428572,True,5
-0.62198057691316366,0.78291954930921515,-0.013309442220636042,-0.78203080488889198,-0.62195458277986337,-0.040003964353028061,-0.039597754325223014,-0.014473295014683821,0.99911087552073907,-8.5080235093122543,-8.3228008218678973,-3.3485569865279632,,0.2401762716361803,0.4392523364485981,False,5
-0.45751069295778124,0.88235825340875429,0.11012664741444285,-0.88907580017301524,-0.45181891461346735,-0.073511155236619885,-0.015105872235830216,-0.13154307674280014,0.99119535490489152,7.5920941676915819,13.03517714464493,-3.4381703090841516,,0.09355067680780446,0.2857142857142857,False,4
0.796572076777331,0.60249737676616955,-0.049697459578280562,-0.59970118774587966,0.79790102661984041,0.060929772157671924,0.076363681909865783,-0.018731329608158598,0.99690407029777917,-14.248600592329025,12.936338347603261,-3.9650573799690823,,0.07651504527490365,0.1851851851851852,False,2
0.77299920324807769,-0.61706157073549195,-0.14733380365444509,0.63089708526455024,0.77210037328212444,0.076353659914248292,0.06664157548058261,-0.1519737855653174,0.98613531978041147,-5.1989461130512158,-2.052585997339095,-3.3757357530014098,,0.1986935635823114,0.2373737373737374,False,5
-0.9530762463166621,-0.25750109037011559,-0.15918183679410014,0.28606978967438701,-0.9380994907606458,-0.19527780434619105,-0.099044152490663173,-0.23165175132689808,0.96774362408883263,-24.083750010424211,15.140779753339164,-4.4824923810501396,,0.2622550899571855,0.2702702702702703,False,2
0.031922489149901902,-0.97100964474613827,-0.23689918635667304,0.99948100776707294,0.032037212342469562,0.0033663241437163413,0.0043208563261766322,-0.2368836989649199,0.9715284058458129,1.7192149905641048,6.801640731763996,-3.4185110773830054,,0.3888807557674883,0.3373493975903614,False,2
-0.65877470596251253,-0.74525365385187947,-0.10301882451488723,0.74931282330878157,-0.66221533813313538,-0.0010671299077974067,-0.067425363247283515,-0.077896324442435105,0.99467883411145885,11.376647353439351,5.0981655264109369,-3.1985226544336571,0.2048768566333332,0.179688233894556,0.5,True,5
-0.083027818693433633,0.98865443770863093,0.12517501396860961,-0.99635043225006914,-0.079857789776534502,-0.030142155979748605,-0.019803976320704207,-0.12722081673624838,0.99167669444776763,12.295141948193875,12.514112541419513,-3.4288656224112564,,0.5566311968879337,0.5862068965517241,False,4
-0.55341556083009436,-0.80536757914013657,-0.21240122292743102,0.83064412708780044,-0.55244367191633048,-0.069543680475998931,-0.061331485924098594,-0.21491638334375107,0.97470477428028635,6.1630900201949839,-3.5060225860836765,-3.0079696384853674,0.5044000000938604,0.2166226169476426,0.2258064516129032,True,1
0.44923171808040296,0.89257863198653997,0.038655519548543175,-0.88921355173414462,0.44250896878844176,0.11612524253640344,0.086545496028840735,-0.086540154049020684,0.9924820798655738,-1.5119591906782612,-23.149186641305604,-2.550587743451711,,0.2110989959974049,0.5833333333333334,False,4
0.99624492862774483,-0.020253397879994577,-0.084177443877881591,0.02907606092902694,0.99405297350845268,0.10494412103521965,0.081551363350656464,-0.10699759685767687,0.99090912267590447,18.242967083861135,8.9545065465870675,-3.4122302590951685,0.20063707880648,0.1892188038378588,0.5,True,5
-0.98339548364853102,-0.16561371484945339,-0.074198518808904518,0.17289792496138723,-0.9792387168957718,-0.10581986050060894,-0.055132842151641659,-0.11689154283388446,0.9916131992517021,6.6946916887353973,-16.891908277039764,-2.4675443434818702,,0.3928639197760469,0.36,True,6
0.9905965659722451,0.12043202768218969,-0.06491972113582245,-0.11204051638770289,0.98639985918349049,0.12025905575202039,0.078519845717968023,-0.11185456857521284,0.99061757975380194,-5.9416912801194526,-5.9571493579141368,-3.3130968732131065,,0.07328890184610015,0.34375,False,5
0.025082738440379237,0.99195465613348643,0.12408390873690853,-0.99921737160827595,0.021079504118077731,0.033470864679380194,0.030585952798318182,-0.12482633809110111,0.99170705594453967,3.4377729367719154,12.249312259667944,-3.441827283214129,,0.639710705061265,0.3714285714285714,False,3
0.43367598466401458,0.89999192582563736,-0.044041727649566355,-0.89954773129148491,0.43526528250644364,0.036851227563390571,0.052335642291275013,0.023636143789693795,0.99834979503814847,3.2101478015301823,-5.4881899302921919,-3.0179511480912944,,0.08573999403787771,0.4130434782608696,False,5
0.86043536604072379,0.50894360963915919,-0.025047616130665307,-0.50542529022624905,0.85867148618208788,0.085020908120041899,0.064778521641650239,-0.060495297547065771,0.99606428613248355,-14.325188500046803,-4.5850800786869446,-3.6435891131212701,,0.1553654703306879,0.303030303030303,False,2
0.12075391982906729,0.9901854293831478,0.070365519135633339,-0.99240489822480071,0.11874031754696303,0.032144283601756127,0.023473577173896559,-0.073712634101342683,0.99700322905620686,-12.054061542026677,8.2306924150786411,-3.7885481874538218,0.3144624656300686,0.1854826332166454,0.3622047244094488,True,4
0.60246853746457485,0.79759052888416138,-0.029681805867919908,-0.79580001889735419,0.60313190472408895,0.054168583393547472,0.061106393186534463,-0.0090140855430401318,0.99809055449571094,-16.000334002096007,6.5401663244326684,-3.9203897941165917,,0.1163846581426033,0.3505154639175257,True,3
-0.089334244540417079,0.99509853662256398,-0.042406310426932922,-0.99588293086627355,-0.08858508709354572,0.019232013774700331,0.01538118206102348,0.043949798136752698,0.99891532898546753,-18.284844776080323,4.9997346292297564,-4.0013906739500982,,0.06506042312772933,0.2692307692307692,False,2
-0.52043324076624475,0.8524506183938283,0.049771328147071144,-0.85337176542753501,-0.517171149699302,-0.06550291512439578,-0.030097705504507653,-0.076563340566364824,0.99661034662734793,3.4240390834709311,16.059860362669895,-3.530843727940125,,0.3401156064345905,0.2727272727272727,False,4
-0.050505708306413301,0.99754615992028117,-0.048485381887413415,-0.99848294479517996,-0.04936792448772713,0.024384769527701938,0.02193131053112371,0.049643396943348655,0.99852618932019599,-5.9203349435128638,8.8153553687126234,-3.6294861396751186,,0.06941315250140506,0.3,False,4
0.43598256509361671,-0.89333149139289358,-0.10898646438956724,0.89983509365839254,0.43469376325545545,0.036580546846666451,0.014697181878907537,-0.11401832603822018,0.99336992815982694,-2.6664964938491309,-13.663702535840962,-2.9402802931009195,,0.07520235162023789,0.15,False,5
0.99254922194286466,0.095941886209533422,-0.07510789899319395,-0.092875011548503916,0.99473491582727946,0.043320658627970188,0.078868715283565288,-0.036022239028867468,0.99623397053346263,-16.282103456214923,14.130123260572542,-4.0867823040039548,,0.09170208596770967,0.4285714285714285,False,1
-0.3389646633982269,0.91673066777327994,0.21144228463409157,-0.94067955881227516,-0.33383371979569698,-0.060638396747539153,0.014997486458426683,-0.21945370876639447,0.97550763457217726,-0.74748044093746768,-20.234908935282451,-2.5964351208610177,,0.3515327209390716,0.3333333333333333,False,2
-0.15280906408869954,0.98786719691428493,-0.027709045329105699,-0.9881916352826946,-0.15241974976688979,0.015668817387214647,0.011255304955927829,0.029776184136208254,0.99949322007137054,-12.129644433026206,-4.9505205582547633,-3.5551806438488436,,0.0834452044475858,0.2611940298507462,False,4
-0.64096974136195284,-0.76230297794267488,-0.089732716876957858,0.76466820458835194,-0.64432033378866438,0.011569112242925127,-0.0666357828048601,-0.061200304625003185,0.99589868719854702,-6.2762138689265239,-11.19938853337411,-3.1736441495190189,,0.06844318458708082,0.2307692307692308,False,1
0.91687899892946234,-0.36927012699661854,-0.15156673325637676,0.39369915804758338,0.89921831028272436,0.19080724148969666,0.065832167477096706,-0.23461884783662323,0.96985572224175909,12.168953244440145,-8.4672008865855375,-2.7384590176872514,,0.3781748085071889,0.2941176470588235,False,5
-0.97227513290459011,0.23069381870973671,-0.038228627290041728,-0.22303496012582258,-0.96399382070190809,-0.14481477897718317,-0.070260034849369435,-0.13227348811329032,0.98872000679935101,-23.245482296955043,-6.0834793485239311,-4.024252829389221,,0.2696321571786198,0.1052631578947368,False,1
0.53328879410784158,0.84539423407751735,-0.030193560033423859,-0.84379795096454369,0.53413815476623505,0.051975470858460764,0.060067295819283321,-0.0022406720887678117,0.99819181491412201,-12.885567710196639,-16.046681777684931,-3.3031010487053352,,0.1124235256301951,0.25,False,1
0.89831194062032982,-0.42945351004616211,-0.092764972095982834,0.43725835001099134,0.89448222110052034,0.093309653738211568,0.042904459961675565,-0.1243834347656889,0.99130619309640478,16.045831470870695,8.8355494637781433,-3.3626260420364327,0.6518326685372363,0.4743533497509412,0.3111111111111111,True,5
-0.91622428123193045,-0.37771475480480132,-0.13365863415350884,0.38982344745821118,-0.91744743639947546,-0.079547980840655619,-0.092578325178346771,-0.12498706111745773,0.98782968585702713,14.681165547515427,16.698021348290116,-3.5143914887589371,0.4566385725787926,0.4496955686247278,0.1538461538461539,True,5
0.82699780823605218,-0.54939674007525174,-0.11932245039158237,0.55986806859058591,0.8241294122594508,0.085781452666285354,0.051209090456795614,-0.13774590318255395,0.9891429093973273,3.7738700450360221,-3.4797616689590902,-3.080818709375011,,0.1213840184037817,0.4366197183098591,True,5
-0.78386087984489417,0.61867957763733805,-0.052893300740961338,-0.6192002548858182,-0.78519364722963092,-0.0078727821999313302,-0.046402213289093441,0.026580379318490083,0.99856913533173008,-8.9874877615344229,-5.9359144088572986,-3.4140170230813984,,0.08327006145585378,0.1791044776119403,False,4
0.72763553156872696,0.68382335855385867,0.054149307426924864,-0.68158168839708222,0.71182232590443972,0.16957410883084378,0.077414050665736936,-0.16029532320100037,0.98402869578046759,14.267019774014768,15.271589959017863,-3.5018765372324032,,0.4780813751315796,0.3846153846153846,False,2
-0.46827733924836518,0.88354471205637775,-0.0080669290119885703,-0.88262369382830208,-0.46817520328013962,-0.042277584208225742,-0.041130872095730277,-0.012677571960464581,0.99907333591174974,20.645475917074261,3.0189878996756647,-3.2781993591658813,,0.1404981940419355,0.25,False,4
0.99423220392930589,0.080775490875585873,-0.07055242549824052,-0.07301521657590157,0.99163995014792017,0.10639072994864621,0.078556367140103806,-0.10062568928678087,0.99181821310021867,13.432852429663974,4.7874204956860362,-3.1835180736246063,,0.4584651835777604,0.1764705882352941,False,1
