axis_00,axis_01,axis_02,axis_10,axis_11,axis_12,axis_20,axis_21,axis_22,location_x,location_y,location_z,dbh,dbh_approximation,score,reconstructed,number_clusters
0.96068027521648958,-0.25152148704681498,0.11760251002307981,0.21894629114573855,0.9467103325781292,0.23622461299224001,-0.17075107731283914,-0.201187692823311,0.96455563958381252,-5.0597650999816937,-6.5868531050056873,0.073394857664001598,0.582564723735072,0.6837260129792838,0.1556195965417868,True,2
-0.90388132327615267,0.37570912012594471,0.20455124171399966,-0.3887505349127986,-0.9209692659803731,-0.026241812524778821,0.17852611864252144,-0.10323888886345631,0.97850404025158466,-10.783522213428721,-10.835287998767715,1.595620979774603,,0.438874738788834,0.3894736842105263,False,2
-0.53506600627853718,0.77950121507829961,0.32570266289453487,-0.83318958470741089,-0.55063674034763377,-0.050934233227022938,0.13964055592924493,-0.29862524319083794,0.94409929523805081,-12.594169484146226,11.986555076571529,0.59644371783773709,,0.1034321308650467,0.1818181818181818,False,1
-0.802289169390493,-0.57940458103123449,0.14360508402815775,0.59083632086489235,-0.80507258241673851,0.052636289645867487,0.085114808497418981,0.12707662460447078,0.98823428439494232,-6.1519979128153315,7.5238355301157247,-0.45372097498223063,0.208238147178717,0.2183455814514896,0.7978723404255319,True,5
-0.64861441522942864,0.71573918316013163,0.25887595880238484,-0.74620728873050712,-0.66498834774743842,-0.031067339853901164,0.14991338366554244,-0.21332585180751001,0.96541082361269825,3.2764389492611694,-9.1034821859973842,-1.6559175222555584,,0.2252915987797389,0.375,False,2
-0.52057798797093935,-0.85332716875656622,0.028832299631325053,0.85229348755645018,-0.52136897618500921,-0.042073765468015445,0.050934953705592763,0.0026709050333539042,0.9986984012990664,6.2916681369392826,-11.322904373307527,-2.2307363000691085,,0.3318394160126387,0.4333333333333333,False,5
-0.15553881416918722,-0.9832206632237066,-0.095314241836035207,0.98693796947062185,-0.15877241747271795,0.027290362164613304,-0.041965720582992812,-0.089824533729956801,0.99507307844004433,3.3014887422039427,6.8169158030008257,-2.5017915761503664,,0.1573728765427834,0.3076923076923077,False,1
-0.64102553630111003,0.73387429810715177,0.22475492516874773,-0.74878272419070568,-0.66227139776475352,0.02685195814581734,0.16855472038308345,-0.15107981427197556,0.97404527407925212,29.743770701366945,-0.8596237618457554,-9.1402932132877535,0.6007383781748667,0.5532071175671696,0.6578947368421053,True,5
-0.39416277423629448,0.8735651414742307,0.28551646363643735,-0.9084858639945208,-0.41730433298616304,0.022594879798400767,0.13888535678205463,-0.25048161064653551,0.95810741589836379,-26.331289094903688,3.3593830903969009,3.8563117374102638,,0.2101618890439495,0.4102564102564102,True,4
-0.67462271257493622,0.70262513959043171,0.22627882997214308,-0.72111620066500859,-0.69281281196518152,0.001353778180454332,0.15772007106420777,-0.16226004065211228,0.97406162966779286,-3.6340115926591694,7.4772245430145681,-0.96098046820465521,,0.07683486547690203,0.2708333333333333,False,5
0.98397460808125647,0.11690083900930842,0.13464087228719962,-0.14970599569370982,0.95180851269902433,0.26767269193368681,-0.096861166133250604,-0.28353967798632912,0.95405616475274435,-7.5382187314503444,-23.360928070633548,1.303299919481383,,0.2314258647248364,0.3333333333333333,False,2
-0.47006893243047321,0.86415110353940772,0.17966098356432136,-0.87266481960566955,-0.48553223567872522,0.052101446615460678,0.13225472160297352,-0.13229254842372265,0.98234788656833638,-8.3682971266765733,-2.2812409869176045,0.68127181403548664,0.4877913591115097,0.4055813839650187,0.9295886075949367,True,5
-0.5786852509430499,0.7829828908937646,0.22816917607035425,-0.8021714078799107,-0.59693094477627628,0.013945592438691895,0.14712040212337418,-0.1749606805432212,0.97352162150766386,-8.48888276266816,-9.1488883427376848,1.0948290565155858,,0.07873138912506693,0.2203389830508475,False,4
-0.65499845715478422,-0.74976671222597946,0.093951574562105664,0.75371256961474453,-0.65711891995255856,0.010587135831891102,0.05379947517952624,0.077747040318132662,0.99552047401958488,-7.2639115117668869,-21.163638029939722,1.2060150816263915,,0.28720237121526,0.8888888888888888,False,3
-0.98113193785598241,0.10260080401538403,0.16386944661638803,-0.10755592156673409,-0.99396363732107518,-0.021633571581875725,0.16066064936659197,-0.038850517356328162,0.98624479367257012,4.8468969032158249,-5.341578376255808,-2.3273411901472953,,0.07559802017433417,0.2,False,1
0.83257880552774288,-0.53508608457578577,0.14316219710297173,0.52874473785803044,0.84476803491755326,0.082437669599378177,-0.16505009776864055,0.0070604018928494688,0.98625991298017968,-14.661560663488498,6.1462090397280491,1.47078606547368,0.1132111643609635,0.1057318305270162,0.3448275862068966,True,3
0.53563224802803322,-0.83988311257509185,0.087718025990167148,0.83368600028964202,0.54247674777726584,0.10337616283292839,-0.13440888286677691,0.017757683750331876,0.99076683274841659,-12.101986644202054,-20.538562641857165,2.1861291234635973,0.3604735760496127,0.1995492834909716,0.3571428571428572,True,5
-0.0629606595575668,0.95800360822396835,0.27975889972963441,-0.99320581808132935,-0.087633583300405563,0.076567342955924683,0.097868065667384499,-0.27303743645842837,0.95701222563493737,-2.7266833137111695,-19.594400482963554,0.20406873129785111,,0.1175282888657384,0.375,False,3
0.46171355926028218,-0.88595818882458155,-0.043573809219193016,0.87094926511667092,0.44348541613185916,0.21158464800425397,-0.1681308026149112,-0.13564207803266812,0.97638786344313311,-1.7303640404962048,19.16045441418693,-2.0366973270717952,,0.5115181452292559,0.1428571428571428,False,2
-0.9845986771757419,-0.12497126342870904,0.12226049329530823,0.093550078790181554,-0.96737617534701015,-0.23543941498683352,0.14769504955187468,-0.22037585777036423,0.96416837411825851,-25.909229558592898,0.038928247668617036,4.0557401373815125,,0.19375847295919,0.2307692307692308,False,1
-0.97754496487091924,-0.18603559689739541,0.098977766910269466,0.15612067590425466,-0.95484383735018119,-0.25278366408765451,0.14153507060341086,-0.23165492216098324,0.962446788569569,7.4679059487482782,13.872335979461067,-3.7192990541042334,0.6300418566976963,0.3634974073700032,0.2727272727272727,True,3
-0.59050637427229224,-0.80063955169618906,0.10138308637794226,0.8062226595463533,-0.59086818902992766,0.029661531088245,0.036155845693284373,0.099252664710926697,0.99440518068339911,17.937200439493029,9.6667758161141091,-5.9752626775477999,0.2408250867920053,0.2064770748310732,0.7272727272727273,True,5
0.15132610677606034,0.96877967059813552,0.19638319491180595,-0.98756264606268607,0.13959602916382977,0.072339261423910867,0.042666491649374264,-0.20488752640768337,0.9778551385623917,-0.92240508267015264,-7.9353869200017551,-0.80677229213244472,,0.07421695911429732,0.1875,False,1
-0.988423513132343,0.0003784163197758858,0.15171952902710362,-0.041059062309405051,-0.96334932143107799,-0.26508911388541467,0.14605859128921378,-0.26824977483563861,0.95221265808181721,-1.5241223890083737,6.6171173640053675,-1.4015258453718067,,0.3994052908264751,0.2171428571428571,False,3
-0.71084153515314852,0.68454748788146325,0.1615520000999443,-0.68544513231217341,-0.72572164959668117,0.059102097223520084,0.15769997619106144,-0.068722806562664912,0.98509283489805588,-12.005568296076387,-9.8185405501258387,1.8764359305604683,,0.08350842599527665,0.3653846153846154,False,2
-0.72068652700716518,-0.68904965842190657,0.076298741922824834,0.69270304516773595,-0.7201469178637685,0.039381568108212875,0.027810447779522213,0.08123413642041194,0.99630697783079558,9.77583411814771,-4.4891971797452834,-3.5646218011506425,0.2539786482065535,0.1618678924707028,0.1176470588235294,True,5
-0.037537357709667561,0.97766137503271788,0.20680711434888366,-0.99673503946102926,-0.051435234591499387,0.062238876541419928,0.071485718061702036,-0.20379561430917295,0.97640009202250166,1.8225668131988522,-8.5416768266765288,-1.3567689238719427,,0.0796924458224737,0.2444444444444444,False,2
-0.98578041807609285,0.059911087524268179,0.15699563347234188,-0.065051715547724528,-0.99749435539026421,-0.027808007279530186,0.15493625025158045,-0.037625424332755911,0.98720772170894133,1.7312784902449307,-5.9500987882377361,-1.5745570973701861,,0.1364067362153839,0.2456140350877193,False,2
-0.98157094128608091,0.10852625827999472,0.15729125368723471,-0.10333045434936543,-0.99380718196088524,0.040866884967154696,0.16075230768704957,0.023860770035956765,0.98670631863112146,0.84630353336948494,6.9812639362944262,-1.951456429311009,,0.07245654944458294,0.2692307692307692,False,5
0.88633939524071004,0.42613494254759682,0.18113941366883557,-0.44872441990338691,0.88700072838524457,0.10897753358566738,-0.11423165685002602,-0.17787275953333237,0.97740084407027983,1.9216380665913837,-16.558842520414927,-1.0709216590648825,,0.08855783956530602,0.2608695652173913,False,5
-0.6447942486039383,0.71100608409852439,0.28055431798880864,-0.74925965878851131,-0.66053219408092534,-0.048033158284285525,0.15116329144143081,-0.2411795367719281,0.95863553572933646,-12.68545147402774,-0.33865505711141314,1.659912222705791,,0.6042989841295872,0.2706789208419804,False,1
-0.81460445862040765,0.53396885721550424,0.22648804718951998,-0.55042043767047755,-0.83480787248333455,-0.011539403558668671,0.18291232268601726,-0.13406369964989895,0.97394558710730295,20.630547507569133,1.9949502462657422,-6.7136424716739489,0.4260948188600913,0.3340791892219652,0.6140350877192983,True,2
-0.82002978753067157,-0.55442941111768951,0.14198301183626033,0.56308884557923777,-0.82595984763696817,0.026856695175687485,0.10238212513249158,0.10197234026543796,0.98950469542804398,7.0706022308137504,-13.068253450890589,-2.5773402815711961,,0.1018181258949945,0.3076923076923077,True,5
-0.073701828394927824,-0.99707239801491976,0.020363536235677604,0.99512036847163221,-0.072183704265175674,0.067267860761587611,-0.065601011761460576,0.025221934012577385,0.99752712309016289,-21.406688015175259,-4.8791496608577463,3.4573574590621377,,0.1163331040128025,0.5666666666666667,False,3
0.033652192919567614,0.96132234772047154,0.27336216578909533,-0.99748054292362898,0.015214656518412216,0.06928983125833868,0.062450751800811138,-0.27500519631495574,0.95941234388519603,-11.553816455105713,-7.6275456188939854,1.6975840504009061,0.4916552830509453,0.5382979481676643,0.6,True,3
0.59660527103900873,0.77469361175422125,0.20955180379961333,-0.80170181754492931,0.58720417083542653,0.11164881324329751,-0.036556070817697225,-0.2346083324621695,0.97140238008031055,-12.778503351040143,-27.641750014958255,2.7111890424420779,0.662872467707526,0.5909846925870588,0.813953488372093,True,5
0.70321519388789144,0.61360940845322121,0.35912655839258745,-0.70816918503352067,0.64936124706776055,0.27717571353847636,-0.063125244191019309,-0.44923653531774566,0.89117996997325599,11.70887924552934,-7.465548906095484,-3.8544342683133821,,0.3618157621396556,0.4,False,2
0.70622242328427876,-0.70795158675066894,0.0073783241790840726,0.69040452177288159,0.69095173558924849,0.21430654540112506,-0.15681672476505892,-0.14625405944251901,0.9767385857692652,-32.539935870369639,0.54807242912316745,5.2442521217559808,,0.6402053117999222,0.2448979591836735,False,1
0.63856689739988359,0.68788932321024343,0.34502260296745785,-0.76706102442507895,0.60508190326843925,0.21329152619124808,-0.062045969676002809,-0.40085429940365647,0.91403836259566718,-9.6667875659150848,-13.005040875771179,1.3998491694558335,,0.3680962287525701,0.2238805970149254,False,5
0.71515630933526675,0.60634221626796592,0.34770759265396078,-0.69605902909043516,0.66312081892673502,0.27526824649352233,-0.063665384940658903,-0.4388848325895861,0.89628501185904585,8.5472998061320951,-3.2292964700869415,-3.4045058798943328,0.7990460492995977,0.3929022837369776,0.125,True,2
-0.088507854170724418,0.9660992350746731,0.24252551976694192,-0.99254765446853876,-0.10601422997351581,0.060084412721808672,0.083758661397469347,-0.23540019335432594,0.9682826217637337,2.0107435621716547,6.75668216580869,-2.239944015006615,,0.08453272641116866,0.2045454545454546,False,5
0.2458252543764165,-0.96924872675665741,0.011262770146333395,0.96200523159782969,0.2453793828132444,0.1197284129544782,-0.11881026339999795,-0.01859742376756271,0.99274279505823304,-0.76726083876011542,12.324522424117836,-1.7462657128821621,,0.4878411606953504,0.3703703703703703,False,4
-0.41122765427816266,-0.90723284035244756,0.088432967511616237,0.91139689625089182,-0.40755242745726061,0.05706764738392333,-0.015732573251740434,0.10406532688520706,0.9944460236127215,-11.341475912686697,-14.200994727931981,1.8133282524062242,,0.1186366990827196,0.3055555555555556,False,2
0.88219240885833017,0.42494825727350261,0.20286826364158478,-0.4645980991518045,0.85567479175202876,0.2279676666210679,-0.076714796599278962,-0.29536355462435965,0.95229995830221248,8.2972221121313989,17.01803696353273,-4.0527627993016715,,0.3993300897647308,0.1538461538461539,False,5
-0.83992057656209018,0.50288285238640218,0.20406435711148199,-0.5095969188730719,-0.86012778358049224,0.022162495075737469,0.18666656192976344,-0.085375831993757478,0.97870657603221189,-21.063840362629822,1.7887000363913601,2.9947025815192099,0.2578785039788488,0.200489795355331,0.4921875,True,5
0.99117419101469895,-0.11082449166141882,0.072743763405148418,0.078455247998613531,0.93271253366602858,0.35198310130427063,-0.10685736814947361,-0.34316943568780178,0.93317535398331342,-26.733445729342019,-5.9669058854477202,4.5158404749585266,,0.2774383805115352,0.12,False,3
-0.72003938447254878,-0.68736394768149955,0.09525800877668146,0.69026866880528459,-0.72354543145620021,-0.0033426762693646306,0.071221132216314209,0.063346760347837719,0.99544700425450072,10.786447360229538,5.8369871131646898,-4.2287439439827805,,0.1126016557647463,0.3333333333333333,False,4
-0.95164695588498793,-0.27596419022277813,0.13495123959979832,0.27923986280864133,-0.96020505797405842,0.0055987194648895594,0.12803581676018258,0.043011769967319931,0.9908364230642871,-4.5956589711008791,11.500422765494823,-0.90003927404094064,,0.1099757386798053,0.4181818181818182,True,5
0.96856262203979193,-0.18462680108189997,0.16673149525410386,0.12979311465108243,0.94681196145130475,0.2944500926165684,-0.21222675273531297,-0.2635527536851005,0.94100996352239863,5.3264299886500295,-22.578873308998297,-1.5345167668704567,,0.4309963562140171,0.2,False,2
-0.98985592000254008,0.02820395321274851,0.13924724291381463,-0.028956502659198323,-0.99957495443329436,-0.0033810388087633855,0.13909269783016517,-0.0073788544403326564,0.99025187397826997,2.0492243994509542,-19.527511745407228,-0.99928220838419135,,0.137303457896681,0.3478260869565217,False,5
-0.98389796294320431,0.089023728018104237,0.15498249696650412,-0.093988808387018632,-0.9952594562905781,-0.024994370609639084,0.15202270361430273,-0.039158530538597774,0.98760098575885213,-7.8350364750254666,-13.045785555423265,1.0252143896115975,,0.1152369535351124,0.2553191489361702,False,6
0.14091358351774833,-0.98987457632333842,-0.017078791786282493,0.98931011137447822,0.14013728095483763,0.040336658498238614,-0.037534857298319672,-0.022580204500347034,0.99904017379298526,-26.660623299086069,-7.9068108453842161,4.6207329691450481,,0.2038152768626032,0.3846153846153846,False,2
-0.96505784350536272,0.21117299646119375,0.15514291557908441,-0.21920858521551506,-0.9749966699348076,-0.036456683664969292,0.14356515892301489,-0.069191467549373609,0.98721911750217461,-6.637728262057597,-17.749794087323128,0.87730048039357456,,0.1321815621237735,0.2941176470588235,False,3
0.86807194373753715,-0.47813688017234529,0.13355232800214148,0.46798990383456551,0.8779192608450509,0.10120880073489173,-0.16563982131314139,-0.025355379238678005,0.98586031177799938,-8.2129154557570274,2.4443048790619715,0.37572715161834808,0.2109507966952063,0.1517220195700891,0.6673684210526316,True,5
0.98703770775421595,-0.0043542603349254749,0.16042943585339706,-0.040457579582969624,0.9605966370659047,0.27498597257308033,-0.15530533708018929,-0.27791211070158656,0.94796893989191344,-0.81587808765047876,-4.2747658814485829,-1.0519098207801112,0.5666299099979051,0.3408217320601367,0.2697368421052632,True,3
-0.45966291746895799,-0.88760145587931372,-0.029557703308095151,0.88800911073440647,-0.45890591297147465,-0.029072019064842379,0.01224016162536383,-0.039610838930031672,0.99914021032217715,10.824790411803642,-6.5458435412701874,-3.6420149220647939,,0.5871146136120133,0.2,False,1
-0.22412020121940474,-0.97320066063349486,0.05148407081711856,0.97333907675415132,-0.22088136636619143,0.061826075854613742,-0.048797305957907759,0.063967930517821736,0.99675820879314403,-16.091204441313366,10.024589214910721,1.4140030349133714,,0.149724982332555,0.3333333333333333,False,3
-0.8867746145192168,-0.45760519565253027,0.065025133264795365,0.45171553752589266,-0.88783380568702552,-0.087773610139877514,0.097897171572976782,-0.048462546271349979,0.99401585772406487,8.1810676406670204,-14.258515879919836,-2.7665826345503084,,0.1514550554708018,0.1818181818181818,False,5
-0.73145468799746083,-0.66803530411151835,0.13675844349497909,0.67778041017881496,-0.73425998703276352,0.038418576502570204,0.074751287509818104,0.1207936418164372,0.98985915215870335,-7.4615078058172504,5.51915479824914,-0.054403146105960851,0.236454471963544,0.1130357415669437,0.6145833333333334,True,5
0.068189170393498366,-0.99279331161238249,0.098547843501343574,0.9946598614949077,0.075321216066852992,0.070558304551212078,-0.077472556250439986,0.093210272115949219,0.99262774905807116,-33.571880755687431,0.023340215961676382,5.4751007471359383,,0.1845860126232486,0.4516129032258064,False,1
0.95158415425594978,0.25711566746062697,0.16846106646720183,-0.29392755554360606,0.92150176230493375,0.2538525047366359,-0.089967713437382871,-0.29107737049653942,0.95245985475697126,-4.5999939013346003,-13.108810484573727,0.28207711165607957,,0.3305336585483246,0.16,False,3
-0.87484114083124331,0.45431516540615274,0.16807947165275797,-0.45448147253324783,-0.88986867148935955,0.039753473128449596,0.16762926186409371,-0.041611031995658646,0.98497154912370766,-15.429829595457489,11.131332838948481,1.2446817585366887,,0.1318287734538099,0.6129032258064516,True,3
0.70525962313753932,0.68210789632243607,0.19322960887627624,-0.70627212785905835,0.69965938143195683,0.10796495442360673,-0.061551160682280198,-0.21261601009527548,0.97519530703845747,10.763373491207911,-2.79229749819604,-3.9966498773734629,,0.0816161894722854,0.21875,False,5
0.31398453241751495,0.88267725485044646,0.3497064156864097,-0.94892406280534325,0.27975397896408877,0.145879519750931,0.030932772775110501,-0.37764874556052952,0.92543210909553109,18.400617246444618,3.5244176815692327,-6.0830490618756174,,0.6236200933414286,0.3939393939393939,False,2
0.23439032566598234,0.95456787987787117,0.18401450469911868,-0.9716860346239885,0.22424446077099522,0.074435689895613139,0.029789685310606523,-0.1962513299801886,0.98010101016686191,-11.490547141276931,7.6575004067788139,0.71351096080444099,,0.07759872461157487,0.48,False,3
-0.98086419825412097,0.11462170632257304,0.15737626575504304,-0.11300361754774886,-0.99340863729006912,0.019221388571324494,0.15854213006145149,0.001069484543867346,0.98735163401818893,-12.448186999798416,-12.153364159605543,1.9510792239708223,0.3596128537152606,0.3274453458721668,0.9553571428571429,True,3
0.90738222753501785,0.33002348795615027,0.26027291551532217,-0.40434046154340086,0.85446491593173768,0.32618782718034989,-0.11474443042021097,-0.40121590800842533,0.90876812820901465,21.316642922114546,2.9933139446737003,-6.8666204851413024,,0.4223348682891849,0.15,False,1
-0.89397688208858472,0.36834112366770982,0.25520609496323093,-0.41517142931115081,-0.89513572844403055,-0.16237214030341207,0.16863575710657827,-0.25111121894129645,0.95315535834768683,-7.7527996019507821,9.4451038300462002,-0.17617028638557636,0.3415628841473329,0.1050319441194217,0.1388888888888889,True,4
-0.15552350995945985,-0.98154765751423045,0.11125032080051173,0.98685621265692403,-0.14937639542009948,0.061656370568905348,-0.043900494192228259,0.11937708540429809,0.99187794515759486,4.276116936736206,11.855269321614719,-2.8108519663080029,0.1833442725280694,0.1310220828810421,0.4,True,5
-0.97105115248990093,0.14911668129415678,0.18661156075616747,-0.17409736838454548,-0.97670177053042473,-0.12547413185318365,0.16355355566178242,-0.15433038198148513,0.97438820170804485,-28.721492671087475,-5.2927869831829177,4.8697058581340693,,0.6527301449887768,0.3939393939393939,False,1
0.62714865668186159,0.74791768721033203,0.21749412769103746,-0.77730094586132659,0.61884792800949961,0.1132717156285576,-0.049877870696574803,-0.24009659547002721,0.96946677243651747,12.098326682623748,-1.5191742395131012,-4.361093724985448,0.3966619003110641,0.3322233095947881,0.5979381443298969,True,5
-0.42241667035307839,0.88474528670977859,0.19695160383366034,-0.89843293447754857,-0.43744866254842252,0.038169750859255946,0.11992672285141467,-0.16082426831616153,0.97966991168795792,-10.991744730339665,11.693421315591177,0.33472442410492309,0.2048786960118616,0.1309708052840902,0.5681818181818182,True,5
-0.7847616369097935,0.57775045173643236,0.22439605333652629,-0.58817913298241009,-0.80836548463229596,0.024301250569731703,0.19543408289937836,-0.11291438692009498,0.97419498072394994,16.433747161158529,6.5571592367825069,-5.7302153554981814,0.5659978540378473,0.4912272298094493,0.8725490196078431,True,5
-0.75287613206665172,0.59067521520992305,0.29031072991032925,-0.62975550868698826,-0.77470391105790615,-0.056937241503040942,0.19127344050533956,-0.2256914715453246,0.9552370546775053,6.9392401999055933,9.3169383093690374,-3.4522201545607389,0.6918279960042314,0.4356193152116052,0.5,True,2
-0.34626557717973522,0.84700162064063766,0.40334650697944235,-0.93085885627481479,-0.36365237232379122,-0.035478751359392595,0.11662735423187713,-0.38774373848640165,0.91435925844793642,-12.267713932276747,-16.861004731832676,2.0605805822624355,,0.3077242632265704,0.5178571428571429,False,3
-0.98754080658658783,-0.040818226840811184,0.15197706301900818,0.042176243093360377,-0.99909380437927175,0.005721413241800935,0.1516058041264953,0.012059950602127945,0.98836746089024641,-14.022712679319685,-14.712963035752336,2.3565746895347162,,0.07448479909397127,0.3,False,1
-0.79472481710513276,-0.5991193743867792,0.097305910979799348,0.59704522107526925,-0.80049139862253826,-0.052445445202763924,0.10931362709377572,0.016416332286100968,0.99387173969575959,12.502180843398193,-5.474496230577989,-4.1720042840921741,,0.3045389284440567,0.3571428571428572,False,3
-0.54700250736393297,0.75055237086000826,0.37075516926132168,-0.8210037446425742,-0.56749653539732348,-0.062454252016224593,0.16352708711538236,-0.3385540147575502,0.92662833480910933,-12.561330089117257,-16.409284858142335,2.1213324452659528,,0.2564342333461001,0.3333333333333333,False,3
-0.68981229530497834,0.69769517052684171,0.19334023448212329,-0.70767662061964276,-0.70615064359130286,0.02334671677034908,0.15281622254997501,-0.12071751148492831,0.98085395678788301,-3.4762663814962225,5.9221100299131191,-0.96564088489483724,,0.1042859704590654,0.3813559322033898,False,5
0.079040174004698219,-0.99665828453493088,-0.020613460679811374,0.99256973031169693,0.076763346384068148,0.094407198459053432,-0.092509358241610135,-0.027922258501250796,0.99532023294913341,-17.614301870379379,2.4758860363090469,2.3811060580457477,,0.165096318914656,0.1649484536082474,False,3
-0.77684480360879615,0.54639685344474631,0.31298982355931443,-0.60746259760643817,-0.78119095950989492,-0.14397873901812019,0.16583529062069036,-0.30197874648009565,0.93877978943896134,-36.794746350377928,8.6776238586217058,5.386322371737287,,0.4506971008284589,0.2142857142857143,False,2
-0.48495298839454909,0.8344709887576951,0.26168448171214065,-0.86412365259792401,-0.50326772826204702,0.0034506102042620307,0.13457678874166806,-0.22445436643494787,0.9651473075755157,20.753797765956921,1.8728894390640614,-6.7344997088392491,0.381995498681719,0.3294453088334588,0.7192982456140351,True,4
0.11730595853948725,-0.9849387714469231,0.12702333876795452,0.9893414846390044,0.12701398001799677,0.071210081114117113,-0.086271309619266462,0.11731609173772511,0.98934028309574173,2.1187831393147425,-4.4225667962521902,-1.7473288499968778,,0.08569175835399034,0.3134328358208955,False,5
0.85669691128873182,0.44319562752614938,0.26390914711326352,-0.49619797878095878,0.84785162861719399,0.18690955487845989,-0.14091830272196268,-0.29107602373413621,0.94626464605050453,29.438203675372463,8.7920604241232247,-8.9465956777900804,,0.284345211515044,0.375,False,4
-0.24890886119697508,-0.96229896319038466,0.10965894519069444,0.96820032305638992,-0.24428484686139679,0.053972659999355431,-0.025149816125115798,0.11960609949586437,0.99250283007770712,-1.3528407831309648,9.3007101458727348,-1.4960247712238477,0.2247443077498469,0.1636093485611163,0.575,True,5
-0.86822127890100642,0.45215096909992519,0.20433137792688391,-0.46114846582968644,-0.88731389661574245,0.0040176280955006582,0.18312264558603095,-0.090738911248624154,0.97889353183019179,-21.992160080006432,15.2793780874229,2.2528607717523683,,0.3550054693012621,0.7777777777777778,True,2
0.026188932609374556,0.98272633651067742,0.1832023125866197,-0.99763731505312403,0.014049616161522793,0.067248761321744052,0.063513206676853132,-0.18453063651875731,0.98077240823934619,-0.94273249233961409,3.6469158620365851,-1.3224435347124035,,0.1109184427474895,0.4350282485875706,False,5
-0.85214585815743227,0.44383259787180146,0.27723647215238739,-0.49608148220451648,-0.85378378443634784,-0.15797598693256526,0.16658511169640522,-0.27215046297942558,0.94772544867233599,1.294965965851931,-9.9474086249700786,-1.1721801829621268,0.6017770220937531,0.3007169339714421,0.2222222222222222,True,1
-0.69211761138352523,-0.72118725752123247,-0.029362418186648226,0.71929282613285084,-0.6857797407710069,-0.11101341100005488,0.059925305894757433,-0.097954513612464308,0.99338505675108946,-17.469259064389188,-17.02767006822474,3.2021736536636296,,0.5461038403428337,0.4166666666666667,False,1
0.69588422270894612,-0.71618107879417214,0.053195967534962821,0.69621919467638638,0.69094366586930689,0.19461676073567535,-0.1761362584731751,-0.098394679593455353,0.97943580977967681,2.4852985032820603,-12.623428202473907,-1.3202698094554677,,0.2650965111660391,0.125,False,6
0.46880748581010517,-0.87250188781332261,0.13769530496933224,0.87338493554835783,0.48116992165301931,0.075327689820010535,-0.13197839067665773,0.084946820179548993,0.98760606627125569,-19.982182582252307,13.948160793203096,1.8919148276932798,0.3498219847467858,0.3131073071730544,0.813953488372093,True,1
0.70218503535817389,0.68034944773579731,0.20990665802836211,-0.71017496032730298,0.69032472195682304,0.13821470247172807,-0.05086945884470731,-0.24612274827985867,0.96790283135034572,-3.2974019188531143,-16.972246335736067,0.09324816607912477,0.6330089683910193,0.3206686156490119,0.3076923076923077,True,5
0.98119115946667934,0.012602352071235192,0.19262681357149433,-0.060232156013037025,0.96803522758387917,0.24347460963856085,-0.18340118856336712,-0.25049746281928892,0.95058667419370246,-5.7094469534774817,-22.795405679104128,0.883535960132937,,0.4604806244615231,0.28,False,3
0.18703048929784707,0.95279504236949508,0.23916773049289208,-0.98234082682896562,0.18013422515157904,0.050578264838022392,0.0051084261757203368,-0.24440390374368609,0.96966006198917709,-33.13149668051237,-8.7019454414810529,5.9336418267604261,,0.2271077061689242,0.2105263157894737,False,2
-0.97163463636089131,-0.19289665453398,0.13681013885468246,0.19749643655217183,-0.98008387004504693,0.020754884406277332,0.13008186258288701,0.047185679470813202,0.99037983656769035,0.033664162451122304,-21.68481526773418,-0.47863855315201442,0.292709371457871,0.4049746592295261,0.625,True,5
0.29072772360118626,-0.9564203539794881,-0.027156900107043969,0.94960182659348025,0.28494614524044082,0.13062184060462528,-0.11719113302634601,-0.063763632317845431,0.99106025928479069,-2.324988762979173,-15.277537133246577,-0.2332946268755188,,0.1918078486386804,0.4,False,5
-0.85569845461649596,0.46525052264476979,0.22654382786937727,-0.48995994618599464,-0.8692862311413414,-0.065427054660135125,0.16649145894116785,-0.16698323127443593,0.97180100564508065,11.616731849921207,6.6424975255179639,-4.4587469770593948,,0.4359964084487222,0.4418604651162791,False,3
-0.75422172513018737,0.56514319822090875,0.33430936996483934,-0.63664830949520113,-0.75401850573937157,-0.16166330139975815,0.16071253640754873,-0.33476746930848755,0.92849459994888717,-6.295103519937574,-18.907875371719278,0.89713953186190409,,0.09878285618716674,0.6,False,1
-0.39862591222877042,0.84970214607718908,0.34511395951424578,-0.90416308173785176,-0.42712569691734265,0.007263653019373241,0.15357898203234721,-0.30914382087419146,0.9385326815264422,-13.60837569643653,12.479080575426217,0.75745151240475916,,0.2052990291998099,0.2413793103448276,False,3
0.02599773299828706,0.93694234235476848,0.34851565959323716,-0.99850727280288998,0.0075862564936581972,0.05408950796732255,0.048034821105989362,-0.34940162537568686,0.93574096850899013,4.3320668368835555,-18.287663224776441,-1.5552575248643636,,0.1737554686544676,0.2692307692307692,False,4
-0.98574922794522357,-0.043637071824976947,0.16246312063954024,0.017419408742887634,-0.98705596943040319,-0.1594273421055977,0.16731713541787704,-0.15432536788988657,0.97374979179520593,-27.918304664662916,3.0804144425073288,4.2136316120595074,0.388994947788048,0.2164921668590693,0.2777777777777778,True,3
-0.56903311321900862,-0.81505028882956576,-0.10906118805113921,0.82161952380855718,-0.55807754250662867,-0.11614996619183011,0.033803463681762284,-0.15569997825499213,0.98722583161833455,6.3062196319963384,10.509005201364797,-3.3115311680884241,,0.5545537094925551,0.3055555555555556,False,1
0.092665433760352856,0.90899413804002693,0.4063776253620226,-0.99432309570032318,0.063044258209791246,0.085714659561275136,0.052294347141290408,-0.4120134445811785,0.90967588884251538,-18.778802400448949,13.124682017680701,1.7289053213523591,,0.3506972953522911,0.25,False,1
0.90608439088126458,-0.41892303120171676,0.059283813390278203,0.38840474833025684,0.87915030033841468,0.2761095813067429,-0.16778804509212725,-0.22715246717489224,0.95929605887886427,-8.3671238650934878,-14.201075173258827,1.1941756667262207,,0.5385426651552878,0.391304347826087,True,1
-0.49760240768829506,-0.86740087681458189,0.0027500480187642173,0.86739909898722523,-0.49760831247441389,-0.0021841319820925034,0.0032629647501866144,0.0012985598406493881,0.99999383338267556,27.523833950136481,-1.1277571476955697,-8.727530422467721,,0.4848443398777872,0.3333333333333333,False,4
0.98016963568310778,-0.13159421154439679,0.14815683842757243,0.11951098486477259,0.98894858451353251,0.087737230896206497,-0.1580652073718227,-0.068290999968449229,0.9850643276161275,5.8396935513544213,8.7635523825687081,-3.1858718502611838,0.1338115676905967,0.1149703030926884,0.425,True,5
-0.65482871592669167,0.72788549944442238,0.20342579112871634,-0.74244259342045427,-0.66987340465190948,0.0069726046187246066,0.14134478509273024,-0.14646611020506781,0.97906553932231077,-20.634410284660852,-3.7392948916556774,3.266290411871589,0.1153762731480591,0.1276312071050496,0.524390243902439,True,5
-0.8854182727985207,0.42779903357364607,0.1817208547964167,-0.43037755171243719,-0.90224368915564834,0.027046041499922471,0.17552676484369634,-0.054261517231474612,0.98297814958993124,-13.609307077647994,4.2235768044723505,1.4402501146895825,0.6869395700646299,0.3631825944793928,0.6551724137931034,True,5
-0.58587796867322817,0.78230723164718186,0.2115239965957903,-0.7980190631477152,-0.60237790261078517,0.017505350584211897,0.14111194377577105,-0.15854418235544207,0.97721602604801239,-28.88014538892109,0.79352472816347308,4.5040354562572977,,0.1009042784967001,0.6,False,3
0.097797918279369886,0.96568470095009662,0.24060055180972334,-0.99387487755856985,0.082268651697955442,0.073787510499660494,0.051461587015546789,-0.2463431088922971,0.96781546679267227,-17.043880100186055,5.8644174695665345,1.9165656558374442,,0.2258581100584441,0.3333333333333333,False,1
0.64969060176353732,0.72798706098187638,0.21894510961221092,-0.75826653885004325,0.64110161681965694,0.11840850041951448,-0.054166207551471772,-0.24294764035526686,0.96852592428148188,1.311002648727106,-18.397546286633268,-0.86655256097638045,,0.1026141250805067,0.25,False,4
-0.56102985158654317,0.80358665689966013,0.19873094998416524,-0.81493936453740423,-0.5783104697609579,0.037826349179266736,0.1453249385210702,-0.14073196302790547,0.97932383654548039,3.7248048883057683,-14.55866291789391,-1.679893050647028,,0.08764609981827823,0.2777777777777778,False,5
-0.10120965034492549,-0.99031680848221337,-0.095022236948318295,0.99338866361033651,-0.10579909808159342,0.044559105192905325,-0.054180897810288717,-0.089884201519097873,0.99447738065264535,0.029190166555598085,7.5893129308164227,-1.8326789966471024,,0.3771214371760717,0.2903225806451613,False,3
-0.49055859312897859,-0.87077082275017292,-0.03332327946502453,0.87134681311350781,-0.48971130603189272,-0.030619732550617222,0.010343982997408283,-0.044056906286356223,0.99897547068195014,-43.870845335194261,-0.086553560597966414,7.4862211398624412,,0.2667770067104025,0.6428571428571429,False,3
0.66785016378409234,-0.74344077533538722,0.035664720695389465,0.72832412011978831,0.66264168538033308,0.17449920586652784,-0.15336275553503242,-0.090563846898367162,0.9840112066687412,-10.960068845718361,-13.14446744006168,1.6533112926348601,,0.3832004212378733,0.2857142857142857,False,1
0.10453927019787315,-0.98776498397632195,0.11572327949358788,0.99150949993587745,0.11256291171718334,0.065103782091782428,-0.077333385567947166,0.10793482911463088,0.99114560995879541,11.53497182354052,2.6322588516923178,-4.3227053710984205,0.2420487674836778,0.2501576228296327,0.5921052631578947,True,5
0.76451676157680015,0.57579629552853406,0.28978051577657871,-0.64003986768089405,0.731474700187006,0.23514619019953115,-0.076570810673170689,-0.36524428680261045,0.927757253763562,3.6314058580504835,7.992925432179109,-2.6950360711885728,,0.394882540250602,0.1774193548387097,False,1
-0.84832166108586038,-0.51051544265880078,0.14044337698665854,0.52038679125071841,-0.85283650196121286,0.043214446824467539,0.097713595903073436,0.10974462961554105,0.98914517106754318,-16.696567885310113,-6.9169438553970295,2.6921193266171026,,0.2346515580234204,0.3636363636363636,False,1
-0.51480816708121269,0.83968473265229637,0.17292223933642564,-0.84639329426942511,-0.52988875010311409,0.053256961328171523,0.13634860660172951,-0.11894310515873219,0.98349458321485717,10.905019897634977,8.1785986919476557,-4.3443896871505849,0.6307151736867984,0.543195447683444,0.8761061946902655,True,5
-0.62303920099633603,0.753655697106561,0.20934479750084667,-0.76931681313447253,-0.63878783884260515,0.010086524446632966,0.1413286773817182,-0.15476817232757262,0.97778986381733179,0.56323791734601814,18.085972324535444,-2.4609639514354895,0.1938968975107077,0.1750693480576572,0.6,True,5
-0.3743233112597833,0.88648286048819525,0.27208490716719042,-0.92040537946162659,-0.39089669659907827,0.0073287138044678887,0.11285387058320559,-0.2476851038084355,0.96224533942534307,-15.108171279033535,4.597546452821363,1.7019321838333878,,0.1655560169758804,0.5603864734299517,False,3
-0.66291036236757439,-0.74549714744952533,-0.069165414842336348,0.74678404348383021,-0.65178484526636804,-0.13225017156524999,0.053511156440807853,-0.13932163732069008,0.98880030213923864,4.914580810807041,-18.106929699991671,-1.7026903409805503,,0.4678671940126933,0.1764705882352941,False,1
-0.22110784861303581,0.90857186544783897,0.35441287307086922,-0.96767149166713207,-0.2496048490441668,0.036184299749275006,0.12133920840528642,-0.33495460087939066,0.93438868350023663,9.3001876579367444,4.0217863189791547,-3.8380184199654086,,0.2309413601673657,0.6923076923076923,False,5
0.015282437323140689,-0.99762658923008429,-0.06713892738652244,0.99914622534606579,0.012659100959322652,0.03932642291907773,-0.038383166703292705,-0.067682609465431615,0.99696830285108695,6.8941431467244882,-7.6380660368678592,-2.6223685178214433,0.8617295468065483,0.3808059624321296,0.45,True,4
0.98594874161962298,0.019716672448091284,0.1658804742163989,-0.075258920260111842,0.93895267884453193,0.3357141072578872,-0.14913475054448183,-0.34348088697663037,0.92724306762670516,-18.015515687201354,8.0379497697028057,1.9650309494386846,,0.2476307926851949,0.3125,False,1
0.5313263857447833,0.81470659260324307,0.23226157620278243,-0.84681711590501152,0.51863760434935213,0.11796528118512384,-0.024352495184399789,-0.25936114459105081,0.96547333088735066,-5.2907136827689261,-11.739412108532825,0.34256686059985525,0.6266918235736265,0.3526048598579425,0.2631578947368421,True,3
-0.62584308107508424,0.71600778582643709,0.30927865834287804,-0.76271001243885461,-0.64474715000921301,-0.050740018530954251,0.16307628520410264,-0.2676452188829877,0.94961685011014285,3.1215020533738231,9.6804448593437158,-2.5734942219397712,,0.3543461414202992,0.4897959183673469,False,3
-0.809815893745086,-0.57990072187421549,0.088957130167355791,0.57503465116129049,-0.81462448201313276,-0.075644585190536545,0.11633300564182474,-0.010104755048955694,0.99315886227921246,7.2172289497164286,-6.6692497932020416,-2.7127543859988346,0.1755466850237456,0.1852701180658275,0.1153846153846154,True,4
0.97742447780515795,-0.18164646756363709,0.10791640750584763,0.12995846557544105,0.91958042073483326,0.37078652487169117,-0.16658987788155832,-0.34839117472002762,0.9224269087383602,5.5061598978611306,6.0562222160719594,-2.9033077290201952,,0.4546666462830168,0.2340425531914894,False,2
-0.9740736647305227,-0.17108787839680487,0.14801835542975669,0.178037834024521,-0.98340267236140955,0.034953020589011674,0.13958160815202975,0.060399684255125582,0.98836676027048531,3.0347435732311281,11.703153811080714,-2.5439488890745392,,0.09423677759031428,0.4482758620689655,False,5
-0.23191941425053267,0.95730777483752438,0.172554946406409,-0.96760954060311621,-0.24522492027155213,0.0599709547334236,0.099725434205709174,-0.15305738372727984,0.98317255609533971,-9.4328419934120475,-17.749184326289051,1.4670311440585,,0.07971369447241744,0.36,False,4
0.44216715728911771,0.8772183400424145,0.18701922069160007,-0.89689271085475475,0.43439723487407683,0.082960879632314521,-0.0084658272172182525,-0.20441875214125776,0.97884692549067187,5.2889478705303041,-13.969487443847688,-2.0930882918738192,0.1400694815080076,0.1141387809321251,0.4117647058823529,True,5
0.97991729676096395,0.11360785911489535,0.16387600756674969,-0.13282734296763482,0.98484661217141134,0.11150806004345309,-0.14872453889269791,-0.13103589142607505,0.98015845998967432,3.5604707666443014,-13.398787219244678,-1.6599331451256185,,0.08169962074454727,0.1538461538461539,False,5
0.98644151056027163,0.015837343442545192,0.16334725218457924,-0.067123931345826116,0.94720626013924647,0.31351982169187259,-0.14975821875359782,-0.32023347624148479,0.93542663881784127,-16.070446240187998,5.9279113642074623,1.7335610848020528,0.5157403323432473,0.3190653386065228,0.25,True,1
0.13433986637013429,0.92378221047550668,0.35857945829709859,-0.99020847637087828,0.11128705356356357,0.084275530448665745,0.037946984424561514,-0.36638998255701088,0.9296872630379287,-9.6373026798744643,-10.209514667777938,1.3055585825261533,0.3005011249220437,0.4565612338090327,0.4415584415584415,True,2
-0.47200015550452668,0.82759220023025115,0.30382067625781217,-0.86955956134424406,-0.49379361391648652,-0.0058340492028749469,0.14519649609583712,-0.26694384610503263,0.95271137315985899,-6.6257515769060982,11.010334873965322,-0.45944669834761714,,0.3563894307438438,0.2051282051282051,False,3
