axis_00,axis_01,axis_02,axis_10,axis_11,axis_12,axis_20,axis_21,axis_22,location_x,location_y,location_z,dbh,dbh_approximation,score,reconstructed,number_clusters
-0.70590976434573349,-0.68278748184782001,-0.18839495543475193,0.70713021461422942,-0.69464792105765927,-0.13202698720301215,-0.040721790002201774,-0.22641890469256998,0.973178408832025,-17.824405600871355,-14.44900139450119,-4.9808107380545259,,0.3403120990295275,0.2666666666666667,True,3
0.41496838595241148,-0.89865215286975864,-0.14221654897584923,0.90937365997284936,0.41464097868851896,0.033352741113937878,0.028996296446901763,-0.14316831679801528,0.98927349497375516,-16.208625796083027,-11.505461583793421,-4.9228701854877999,,0.1889196848268753,0.3666666666666666,False,4
-0.46407111007673879,0.88579775704930852,0.000581720342436743,-0.8856780546965155,-0.4639973930360024,-0.016757168161380735,-0.014573545249482485,-0.0082917345716613106,0.99985941957689906,-0.083876392421525836,-3.3781849535564343,-4.1882712274873031,,0.2140364433795359,0.8803611738148984,True,5
-0.85544594682673425,-0.51510327178454773,-0.053673563833287419,0.51780538337750903,-0.84880038739993247,-0.10684328380855171,0.0094771832831606236,-0.11919111437761667,0.99282609819164136,-21.352484624637462,-22.476858116588271,-5.1695612468417549,0.6120322444301696,0.4386908023326206,0.8032786885245902,True,4
0.75167679343541038,-0.64223189751656606,-0.1500672783218584,0.6593319542449072,0.73733727564171903,0.14702080145625165,0.016228749867151917,-0.20945627649110463,0.97768333110278149,1.4866650413775853,11.556562943660108,-4.1595800670652556,,0.6824188229613167,0.7589285714285714,True,3
0.29038921048802607,-0.93964729289858273,-0.18093388676670558,0.9569076626579317,0.28541811857616961,0.053518433599784185,0.0013533582954170804,-0.1886781983611403,0.98203803688274705,-10.384814980985707,-21.329671601876701,-4.6373337119661713,,0.6170908466826426,0.5223880597014925,False,4
0.80653934935079352,-0.58309825331356124,-0.097420249083399635,0.59102673185158938,0.79906336523814048,0.11038632420334824,0.013478879242242385,-0.1466088855321237,0.98910270169351,-10.669318937946255,-16.644183953788435,-4.6498867197895564,,0.1544197090454743,0.2307692307692308,False,4
0.86882000803138926,-0.49114256723293781,-0.062695871444420598,0.49401115100768234,0.86838284636551455,0.043176554033314524,0.033238175708078598,-0.068485113637679951,0.99709829650121884,-8.2592162085150722,8.648262307747121,-4.640840399302582,,0.2208989220397177,0.5581395348837209,True,7
-0.11566472135235537,-0.9893381875756001,-0.088496456647201266,0.99327095701635482,-0.11467605031915662,-0.016192882109552061,0.0058718125223480768,-0.089773905383614794,0.99594486179199571,-5.7312063859457139,-13.748093854686372,-4.4869550825084543,,0.1153294550019546,0.2051282051282051,True,5
0.97144915355289663,-0.22465710758543861,-0.076260907893262883,0.23664704807404258,0.94042628776524384,0.24412409122805551,0.016873550284449697,-0.25520106052175195,0.96674076256738595,11.315013681555044,6.4482369663287731,-3.7434948800009535,,0.3574987462709667,0.631578947368421,False,3
-0.88031888121256363,-0.47189315486822653,-0.048533676650040561,0.47435746909272442,-0.87670252364252343,-0.079860356590576151,-0.0048640411803122265,-0.093324891788530345,0.99562382739469113,0.22647062057116896,-12.839573663386652,-4.1880744682730908,,0.3304538190543297,0.3396226415094339,False,3
0.88423800963079924,-0.45056480099229212,-0.12294105266728421,0.46654663835968591,0.86421130747107533,0.18834290608996157,0.02138636386673053,-0.22389769124739067,0.97437797968480833,8.0243297892320999,7.9962408716801674,-3.8726646204937012,,0.5087403242509635,0.7727272727272727,False,3
-0.80937162346947955,-0.5850884795890573,-0.050882670670311513,0.58729273745564337,-0.80664631911962836,-0.066399972760615045,-0.0021944598959199695,-0.083625276698609502,0.99649485570315177,-8.4628421799202957,13.131876858534843,-4.6246996194251411,,0.2027280829392365,0.3703703703703703,False,5
0.73720829572731517,0.67490968484985947,0.031950680848642721,-0.67566311430685255,0.73650778111701309,0.032181428173102516,-0.0018123675106846877,-0.045312312343982135,0.99897122564869145,-21.76178688584713,-13.401952000538413,-5.1683319228206841,,0.1413427440184734,0.3,False,3
-0.96182465573968245,-0.26669440008026329,-0.061379382345129234,0.27346723165973291,-0.9451949919494298,-0.17838750068903111,-0.010440537323486706,-0.18836274620939644,0.9820440270277353,-10.143883616799036,-10.04447975857429,-4.6276582811481148,,0.404780380671164,0.3513513513513514,False,5
0.056985225479111029,-0.99674434961116631,-0.057038457161010345,0.99831393926839695,0.057520635574056546,-0.0077881413426185578,0.011043674185293085,-0.05649847786772761,0.99834160449172882,-16.678128182415168,-20.711120047681977,-4.9389004153897522,,0.1185075279283489,0.4333333333333333,False,2
0.18557110569563198,-0.94216370501717384,-0.27908944386918971,0.98254971978458949,0.18156357079851718,0.040382148408891823,0.012625881439587519,-0.2817130147991122,0.95941563694296217,-24.023928832394315,15.896174578349942,-5.5867875215867819,,0.2216186085403699,0.1578947368421053,False,3
0.81372203640868246,0.5800842440834002,0.036860781721178001,-0.58122167803803892,0.81270957515595277,0.041042751229369318,-0.0061488569305431368,-0.054821676515954341,0.99847722825431862,-10.258359036764926,-17.576488236834585,-4.6442815204773371,,0.1324618438126875,0.4615384615384616,False,4
0.89967522057646065,-0.43478221574020276,-0.039356350907272644,0.43624473907345529,0.89878972715552397,0.043215205546563953,0.016583881072581259,-0.056048650614788531,0.99829030028986643,-12.129452484428665,14.953909996026491,-4.821725514018226,,0.2482247647390057,0.5217391304347826,False,5
0.41560919266244711,-0.90688531996502131,-0.069483921927363593,0.9085112957355197,0.41756261181635401,-0.015769931327374927,0.04331540713688644,-0.056572799515702307,0.99745841710796146,-0.61328706707821845,-21.229658833536721,-4.2455154617509852,,0.185807262685551,0.5,True,4
0.6470509591679654,0.7621603943527272,0.020894724691020061,-0.7622952211589008,0.64722573772230074,-0.0022000518465827151,-0.015200395985637742,-0.01450440312184488,0.999779260763075,2.3786371112004177,-16.892556036396599,-4.1246846226360203,,0.3258293392700122,0.6140350877192983,True,5
-0.70125835999641617,0.69079875601744167,0.17616410309677905,-0.71274522550131791,-0.67408909036348941,-0.1939024027133221,-0.01519723857194814,-0.26153580431306006,0.96507412513345747,-5.3155771504075888,16.779614514624203,-4.4861377270576837,,0.1214573876760627,0.25,False,3
0.17830955157456133,-0.97344837207621204,-0.14354083293422459,0.98377041769659368,0.17339497827781053,0.046151346384547563,-0.020036693398554514,-0.14944045105061005,0.98856769242548181,10.086008855354684,6.0285265502957373,-3.7915085320171795,,0.4807408456330762,0.673469387755102,True,4
0.81519333089228008,-0.56948213482197618,-0.10559323551892456,0.57856138090205167,0.80914738295772681,0.10269976232384324,0.026954810284284897,-0.14481232948636369,0.9890919206177311,-16.269893511527883,4.1634526389948201,-4.9850337582903199,,0.2928213072209334,0.3620689655172414,True,5
0.37699880961146026,0.92468238459066576,0.053238944197474464,-0.92620746877695093,0.37658451771926954,0.017995160347667825,-0.0034091543431161598,-0.056094461775338306,0.99841964575262621,4.5887034204120152,-9.4714841222278352,-4.0160404498228139,,0.1198309309150289,0.3275862068965517,False,5
-0.57710996190547614,-0.80214492977589658,-0.15332189505835295,0.81276743167960697,-0.58246539597903457,-0.011965136352109617,-0.079706924858497438,-0.13152024225118739,0.98810385689349134,2.4205445215323502,-10.136207937251273,-4.1048581287585444,,0.2077440930361641,0.2794117647058824,True,4
0.61046469303926254,0.79098739709623944,0.040887604324481894,-0.79157670596953955,0.6075194343703707,0.065775796678703646,0.02718781195485049,-0.072519476675037026,0.99699636327515595,-5.6563570440633226,30.090139493774437,-4.5106786977934421,,0.2504960392352822,0.2,False,2
0.43162713251035201,-0.90110897453879968,-0.041238749817657891,0.90194551710148241,0.43182769652505087,0.0043731789818213821,0.013867323513548375,-0.039082688232784241,0.99913975039484293,1.8761309785691769,3.7271323894020276,-4.1195672110756254,,0.0602972411530265,0.2307692307692308,False,1
0.38900314195832869,-0.91598666591862443,-0.098208876410592755,0.92113418338553099,0.3883316802936787,0.026651871959761507,0.013724858659367675,-0.10083121510510018,0.99480887325918532,3.6489601469386512,9.374846662434507,-4.0601903537439572,,0.07147181611134633,0.1739130434782609,False,5
0.04789582625102607,-0.99763234173244331,-0.049352817114863681,0.99882401455797154,0.048208046601642365,-0.0051548215440314227,0.0075218195955806012,-0.04904788448338554,0.99876810484600287,-7.4406295790277293,7.0986823202029576,-4.5621936722752157,,0.3341909393029225,0.9762641898864809,True,5
-0.95094911254281478,-0.30412186693810622,-0.056618684231569481,0.30918154905928308,-0.94037626153808418,-0.14177184648920604,-0.010126947977328625,-0.15232326409888175,0.9882788412886957,-7.6042310264128474,9.2038332821288691,-4.6198170632193918,,0.07691066833938674,0.1428571428571428,False,1
0.28863370264628641,-0.95472197243920109,-0.072087037936767601,0.95741497032917822,0.2872669962316875,0.028883342355116391,-0.0068673347285785032,-0.077353915336106249,0.9969800456859208,-0.96551481650295279,-15.028468658974685,-4.2837414326533594,,0.09906054659256733,0.2352941176470588,False,5
0.24254291307281295,0.96432889408218458,0.10603169034012931,-0.9701259556489259,0.24168838764476888,0.021032200406284389,-0.0053446697196481594,-0.10796530607516028,0.99414029552658456,0.43391246983354897,31.487204990060636,-4.2077040505648444,,0.1606573911026101,0.5,False,1
-0.97003227673655446,-0.24124599769337748,-0.028943923131183498,0.24272803666009427,-0.96752331651927692,-0.070581387140490587,-0.010976443341671497,-0.075491725297987103,0.99708601289111509,-14.11303418171901,-11.198001891193492,-4.8301738819928861,,0.3033867297874412,0.3783783783783784,False,1
0.91088089355747326,-0.40923574060474527,-0.053123501048272723,0.41234097830829802,0.9077176239087924,0.077612066414527836,0.016459506666240367,-0.092600344799913678,0.99556730600358834,3.3794341266876118,-8.8798520189745052,-4.0587043370910711,,0.129248706512279,0.3417721518987342,True,5
0.15535120158602062,-0.9846130570524203,-0.08001957290355402,0.98784118016112699,0.15532852475833173,0.0065461572142048313,0.0059838903442768418,-0.080063582722033802,0.99677179724250853,-18.027746688283585,-13.567437452195527,-4.9823740283409643,,0.09687322393856586,0.3478260869565217,False,2
-0.49938050125154493,0.82023231661597074,0.27899473426671301,-0.86626197510212366,-0.46733626100804154,-0.1765984417801908,-0.014467393058998725,-0.32987234792540832,0.94391468290955993,-14.380379371283158,-21.54416424769239,-4.8189048926124824,,0.667340362166466,0.3103448275862069,False,1
-0.88451200817002507,-0.45584245495203934,-0.099227837154340109,0.46534572642696803,-0.87716712402131702,-0.11845333018674431,-0.033043339709958042,-0.15094864292026752,0.98798919270472918,-2.0964419464653097,-25.560630164633292,-4.3083778228089962,,0.2513870658027953,0.5416666666666666,False,3
0.9996291063376147,0.026203295316824221,0.0074186978104001343,-0.027075658796557215,0.98552129587468984,0.16737587663162545,-0.0029254851555174342,-0.16751466411037566,0.98586524375524742,11.159163386110784,7.854682976725571,-3.7495182784511054,,0.3787908594793253,0.1739130434782609,False,3
0.44789562257002963,-0.89034198213931892,-0.081735341944801171,0.89408272777144959,0.44626024224313315,0.038312818923482039,0.0023637223544344874,-0.090238301365485843,0.99591739706830207,5.4955807123668592,-20.774222257953703,-3.997995156557689,,0.1245631490836909,0.4666666666666667,False,4
0.24630435284231775,-0.96094097977334114,-0.1262006305973925,0.96912290539269197,0.24575060038014515,0.020185060218572443,0.011617229194443211,-0.12727558998115354,0.99179935681608233,-3.3992094135787005,-7.046750770897785,-4.3336641460851517,,0.51413257363414,0.8707592891760905,True,5
-0.11848600993860574,-0.98706359610992189,-0.10801167845829493,0.99293441628202739,-0.11706781395491321,-0.019400306659628996,0.0065046453783750881,-0.1095471778293139,0.99396031380439664,-8.1023656220381142,14.216545016051247,-4.6095369608229255,,0.1096549755979816,0.2363636363636364,False,2
0.4406624514919471,0.88968159363140287,0.11951261773802527,-0.8976694112993997,0.43710812770562563,0.055911650942112263,-0.0024963698639252126,-0.13192098637885646,0.99125709152082875,-14.816737918724822,17.873730028229318,-4.9845127668571809,,0.4158534753433,0.6,True,4
0.1926288845557039,0.96154141050754249,0.19578618111090296,-0.98122683204597705,0.190654696259245,0.029063565977206378,-0.0093817326673546753,-0.19770913654523162,0.98021583358906106,-0.0080059826375694781,23.428504792468924,-4.2499093456636743,,0.5130071359131286,0.2790697674418605,False,3
0.49254279937523798,0.86923976730619912,0.042706178909698189,-0.87028755943077174,0.49188845783839408,0.025402931826778871,0.0010745620659425061,-0.049678687370235161,0.99876467365317612,-7.1448667836971751,-5.2167895784784903,-4.4967443863923888,,0.738340214467762,0.8869047619047619,True,5
-0.76488611078279856,-0.6359619695913975,-0.10247736708657226,0.64357316824956945,-0.74762980989701666,-0.16390010513286221,0.027619099202851327,-0.19131659778174609,0.98113971725358362,-1.5851260728872281,7.6776407483430189,-4.3608281476301816,,0.2830480888807683,0.5683760683760684,True,5
0.72293950240398641,-0.68930661147986549,-0.047062418488870231,0.69072825210124811,0.72263728686281792,0.026264679413606211,0.015904641241801826,-0.051495116328547516,0.99854659149249436,0.13979569640588263,15.457421464164474,-4.2252943655653139,,0.9225744947129216,0.746268656716418,False,3
-0.23579670530152377,-0.94038566722042705,-0.24510142932129195,0.97166657468989814,-0.22392516470520107,-0.075641180861689042,0.016247504403709936,-0.25599280751252074,0.96654213622713359,-14.839837675544942,-24.442461943430555,-4.866145063599455,,0.2714130941425656,0.2,False,4
0.97804132594864035,0.20381147237075722,0.04354363864780432,-0.20813686108194135,0.94448422056045411,0.25422156511843985,0.010686991886550036,-0.25770223290141753,0.96616527952625209,4.7534891390515792,-6.8902482249053545,-4.012669024260985,,0.1022504316344314,0.2564102564102564,False,5
-0.74579399052786555,0.66610649173132275,0.0096677487509147508,-0.6660436095119634,-0.74527651664250438,-0.030802986372917104,-0.013312923074854894,-0.029411824401147341,0.99947871946560174,-13.914921619358337,-15.094624926993738,-4.7903359619987471,,0.3231160815192958,0.9090909090909091,True,5
0.11064050420182693,-0.99125505087159493,-0.071917334151910178,0.99383056684755566,0.1109086724259412,0.00026604544994950335,0.0077125371591773087,-0.071503080369080985,0.99741056053578125,13.177753002967362,-16.361726515229179,-3.731277375451425,,0.1172763977904736,0.2631578947368421,True,5
0.93068574678914906,-0.35396033338394739,-0.092391141968532972,0.36206402653795589,0.92736611504916655,0.094348976389463171,0.052284619255065834,-0.12126075642738625,0.99124272887119425,-14.023800321029608,-20.33995218042806,-4.8034894906718026,,0.4987298649210792,0.4693877551020408,False,3
-0.034090357137099882,0.97916232956746341,0.20019735239578895,-0.99937500983096017,-0.031523763338827289,-0.015995063936309908,-0.0093507901074730733,-0.20061750846069329,0.97962501908811539,-3.2523130724326221,20.76362938809541,-4.3824777539309778,,0.5319176816016443,0.2432432432432433,False,1
0.66527204147952712,0.7421871018756917,0.081064274714724979,-0.74656885923394478,0.66231850218874355,0.063001111740878898,-0.0069317564721639736,-0.10243294132173365,0.9947157600462504,-11.068627828135282,15.670507152072178,-4.7714432654238399,,0.4138383101984948,0.84,False,2
0.53139245636966104,-0.83841349993641834,-0.12118110594388254,0.84671474397436652,0.53012777491453533,0.045151795098155242,0.02638559549905669,-0.12659915240051345,0.99160297244493512,8.1638070171818935,21.785317043593622,-3.8745042748246772,,0.2252987983708696,0.25,False,3
0.15482231593524109,0.95466900033800428,0.25423837295358331,-0.98777793427774518,0.15427757878590442,0.022207684209545435,-0.018022292929597752,-0.25456929995110572,0.96688658511738845,6.226373117835923,-7.4527618369401409,-3.9495218723484378,,0.1851572830025791,0.25,False,4
0.95397950592778391,-0.28903875345464775,-0.079873032189622828,0.29744750654837138,0.94588329807977922,0.12972959285327368,0.038053687310663588,-0.14751740715963979,0.98832713787842497,13.221057644440693,4.4902378400416563,-3.6738383711963385,,0.2430478894190836,0.3461538461538461,True,5
0.91841700997920139,0.39558828789125366,0.004483554854415716,-0.39545808177955938,0.91767895196376215,0.038447973651741567,0.011095104149908212,-0.037084331003272242,0.99925054468733943,-1.5858219584439399,27.147188790037553,-4.304705428401669,,0.3224451584770173,0.896551724137931,True,3
0.76463858581236355,-0.62970769311688513,-0.13709870282493136,0.64244477965989744,0.76160809902958571,0.084957686999390353,0.050916973344985544,-0.15304027156912406,0.98690735993984469,2.0525407623031859,12.882494744437794,-4.1290680131742183,,0.279344239156255,0.2903225806451613,False,4
-0.002875739098971355,-0.99345364439706652,-0.11419976601912536,0.99996714863955527,-0.0019913874614336073,-0.0078572270972217771,0.0075783749124412264,-0.11421860973662208,0.99342673480409271,-1.8251087241753607,-13.881992004467138,-4.3008067208919067,,0.1446739739686297,0.375,True,5
0.62206954378972013,-0.77509095260281002,-0.11074067853556692,0.78278510095475995,0.61868316965739656,0.066922502238957682,0.016642367995437935,-0.12831660366431727,0.99159360668146634,-19.742838568003993,-14.302067614810907,-5.0790705871978439,,0.1674876548593656,0.1578947368421053,False,2
-0.36913880814233757,-0.92906894310415822,-0.023820984080775712,0.92936852824739313,-0.36892512772245484,-0.012976472488508712,0.0032678779856442335,-0.026928592504855041,0.99963201823429926,5.3073214190479057,26.154906877643803,-3.9985802719996761,,0.05911431432785845,0.6363636363636364,False,1
-0.25767626231421464,0.93857184371999236,0.22953395830645551,-0.96622052374622547,-0.25141964663194016,-0.056622087377978331,0.0045654497418159403,-0.23637058925239401,0.97165225322907067,-1.086727710184147,-10.486396740428296,-4.2456116253533001,,0.5372011504232119,0.5263157894736842,True,4
-0.97679934515502009,0.21331378655125585,0.018980721058156218,-0.21396909974375117,-0.96839577212352523,-0.12816728478097841,-0.0089589988040492154,-0.12925500764165773,0.99157091493245308,12.755211444160842,6.0621900429581448,-3.6853638838491358,,0.5557477374120628,0.6346153846153846,True,5
0.33777446195682137,-0.93956741551483614,-0.055870247471718086,0.94118177119092084,0.33774504871061845,0.010254542865650133,0.0092350651162447332,-0.05604778117136483,0.99838537639433889,-12.249763894181738,-8.9934045927271793,-4.7245624802311053,,0.1014405099884412,0.3880597014925373,True,5
0.98970211579179168,-0.13588206489156152,-0.045008737352403849,0.13813808014349707,0.98907269542388021,0.051507999196340207,0.037517899881535942,-0.057194996352363747,0.99765782690295846,3.8391188251661323,13.338204488273728,-4.056931580145962,,0.4677142833752811,0.5192307692307693,True,5
0.053241787121756805,-0.9824945029864941,-0.17852132563198686,0.99849452224801227,0.050017931451925249,0.022514341517846089,-0.01319094935147685,-0.17945126952627244,0.98367842342943268,3.9555289753334471,-13.407111752524735,-4.0445202152904374,,0.6832461388123668,0.2451612903225806,True,5
0.58481136248234478,-0.80808654335185881,-0.070652733600247375,0.81103965048807114,0.58405304372629518,0.033116875611044982,0.014503642567664732,-0.076669293512424991,0.99695108394774057,-14.340488517000551,-18.248093238667582,-4.8376039903365138,,0.0653429171229738,0.25,False,2
-0.037842623787384656,-0.99788821151109319,-0.052792548262805147,0.99922735726480072,-0.037226583109291174,-0.012604364466785381,0.010612460529537836,-0.053228740706512803,0.99852595201342176,-4.3293972937682321,-5.0905553049893024,-4.3687644077906382,,0.07843628049911563,0.2323232323232323,False,5
0.99320394695819092,0.11638120918382273,-0.0011549439740089658,-0.11616311100491025,0.99186019726717767,0.052148640622519657,0.0072146648108345288,-0.05166007380973351,0.9986386660777965,14.051465611650073,-0.097030643789413604,-3.6630927516836462,,0.2310922378511936,0.425,True,5
0.82629641343701277,-0.5555059948404758,-0.092991004067193281,0.56321869259266222,0.81365672146456747,0.14403973038625723,-0.0043521782297609619,-0.17139378434420197,0.98519299085652867,-0.64800208182183527,-19.927994638133043,-4.236764865971649,,0.2096909239025483,0.2142857142857143,False,2
-0.95838310011989769,0.28547407488893001,-0.0025270478594038859,-0.2844909525195512,-0.95574589661253651,-0.074931162027668086,-0.023806119782369819,-0.071093837107078589,0.99718550680718354,-1.5015202196012865,21.502375772228756,-4.2868636644697764,,0.159797663438511,0.4594594594594595,False,4
0.85219235486269307,0.50073457914127684,0.15176650343796702,-0.52131551675224042,0.83735532114293576,0.16451807848062067,-0.044702598435914252,-0.21931928188332997,0.9746285088623553,-8.5216982794836262,10.428272583559563,-4.6490284805132323,,0.5977697482428642,0.1794871794871795,False,3
0.30309698541180685,0.95006371591241279,0.074237141250014238,-0.95293674677765505,0.30270946017364564,0.016689498560493812,-0.0066161979335288765,-0.075801836574582129,0.99710095150733169,-13.415180798340854,14.302784394286443,-4.8927983537081818,,0.06963617790832771,0.3235294117647059,False,3
0.71795869205852181,-0.66192425917157283,-0.21538707393384099,0.69558585218551805,0.69395780519786576,0.18596474624053883,0.026374964207820536,-0.28333520735186801,0.95865818806178804,-9.7103712526438901,-23.08502145551159,-4.6107216771142614,,0.3792622923776182,0.3478260869565217,False,3
0.57265047417633497,-0.81868075878248325,-0.042816464414470776,0.81973795114911263,0.57246654678458864,0.017656280989569596,0.010056136011059735,-0.045209158495434831,0.99892692731583788,-8.2005221836003166,-7.7069101752928306,-4.5344040823443157,,0.1218077390213839,0.5284552845528455,False,5
-0.55325382566695691,-0.82409161429011502,-0.12158624774862818,0.83295790619310839,-0.54896727661391775,-0.069397807728292321,-0.0095567199012660323,-0.1396708289651514,0.99015187150301232,-16.255205366429632,2.7991485028257799,-4.9613840650108072,,0.2458527274321427,0.777027027027027,True,3
0.69643673883570756,-0.71491987870303897,-0.062172629308375651,0.71744913910147157,0.69553506331176584,0.038700239100752661,0.015575673418571308,-0.071557967684459337,0.99731482274075722,-9.2163040107458087,-18.651437481365566,-4.5922925279816473,,0.1604370762034768,0.4444444444444444,False,2
0.5251822869852969,0.84192900258896308,0.12385120119097087,-0.85098875709298272,0.51981293058857292,0.074917638071815895,-0.0013041235498686358,-0.14474139626407026,0.9894686591647528,-6.0273084890277131,-4.2890949577156769,-4.4548864591934851,,0.1564425373855104,0.1625,False,3
-0.41573254740238136,-0.90748108800981775,-0.060369892619121124,0.90948358813491448,-0.41463460719651768,-0.030294313463590954,0.0024600698298247424,-0.067499758662582704,0.99771625757873939,0.84705076552255898,18.968283874832853,-4.1974671593755533,,0.1731881215591485,0.2,False,1
-0.16451737892315593,-0.97345593664803043,-0.15911496295748215,0.98637409030779932,-0.16229219646838869,-0.026970297271770555,0.00043127916301117153,-0.16138395945747566,0.98689160074858895,-12.434719841101186,11.635038726654315,-4.8470181579154135,0.3536914794471661,0.3435232169954879,0.1428571428571428,True,5
-0.092644153842208421,-0.9952161172181303,-0.031015170290173429,0.99567026419220106,-0.09235869046621159,-0.010516525034316314,0.0076016946986925855,-0.031855177359947744,0.99946358708712979,-15.879167425266997,-1.8153937742794846,-4.935150989877636,,0.07398698372932086,0.4,False,1
-0.66379668815740978,-0.74277094062611793,-0.087551622215957248,0.747822311506953,-0.65732930047155524,-0.093166416449131512,0.011651060194320981,-0.12731661518814824,0.99179369442106258,-17.955790568832853,-12.258364023563811,-4.9831135978004522,,0.272352374104729,0.6413043478260869,True,5
0.84466110194845934,0.53495968822511109,0.0191247177575549,-0.53376775829939604,0.8390008832616781,0.10568584619598478,0.040492012240092218,-0.099476881033814635,0.99421564415600117,-13.837728264292387,-3.7994418079762187,-4.8184731032111285,0.7981680121989585,0.7049750096130105,0.6410256410256411,True,3
0.72549968228293027,0.68820694285595196,0.0046276140972004894,-0.68821231158849117,0.72543595091080337,0.010319656203826421,0.0037450214143089564,-0.010671688292118977,0.99993604289654625,11.074104345139636,3.1233961603928595,-3.7571474379590453,,0.3956340920974288,0.8409090909090909,True,5
0.69272867828972307,-0.71541099907814887,-0.091181580776917195,0.72105310202297124,0.68956831257011542,0.067660670719803154,0.014470740755862431,-0.11261724866647974,0.99353306586382328,1.0024241791776751,14.331565281277854,-4.1827897733946946,,0.4289798618967746,0.6964285714285714,False,4
-0.87478358580487592,0.48238313118571535,0.0453893462591059,-0.48433148954997435,-0.86803871424894341,-0.10923277344892771,-0.013292337517039253,-0.11753852692843697,0.99297935952910277,-8.805118710276556,21.380377271132875,-4.7028001784355435,,0.2168440826403142,0.3846153846153846,False,5
0.6139211368075046,-0.78834346995864479,-0.040192177778106006,0.78923460726136607,0.61395548926175414,0.012938002409934271,0.014476618458071574,-0.039663970791207537,0.99910820081665619,-4.0211402309095172,-3.3161871737683293,-4.369155939269608,,0.210045735610686,0.8064516129032258,True,5
0.69662674131683611,0.69869624647758011,0.16289486928821703,-0.71737023538728217,0.6813937471342818,0.1451981637166819,-0.0095461333889644423,-0.2180048543598096,0.97590099641965578,9.9197412901774005,1.842280319756068,-3.7935320853227124,,0.2379058982989069,0.12,True,4
0.88336820864097387,0.46822058564841607,0.020738638756962847,-0.46862515027986651,0.88172562507150787,0.054317498261904892,0.0071467816260306731,-0.057700998841559707,0.99830832824587667,-1.6768918391124938,23.416112315376964,-4.3180518654175595,,0.2140671330649584,0.36,True,3
-0.58209005191194763,-0.80666815440136652,-0.10226270160639453,0.81310105638418317,-0.57840323439401176,-0.065699090933365401,-0.0061517129379428936,-0.12139269795683043,0.99258549722967937,0.088032093336994674,12.436470011124127,-4.2202656137847452,,0.2952857795041679,0.25,False,4
-0.99525248814158662,-0.091696845865144108,-0.032621669276200763,0.096505215363581157,-0.97322412857733576,-0.20861816546627668,-0.012618567890638227,-0.21077590947086436,0.97745295934439713,-10.321225404325038,8.6148959749405876,-4.7246675274140797,,0.3072609929553692,0.25,False,1
0.70423518932737972,0.69470907731539755,0.14639704918002369,-0.70995945036982844,0.68815798856595956,0.14965347173862573,0.0032213263728696519,-0.20932720957496517,0.9778403460626679,-19.960875979610989,-7.1235219889997632,-5.119406147417469,,0.2506362833666224,0.1111111111111111,False,1
-0.047792492180173715,-0.99454172116509254,-0.092750431552530377,0.9984816884908333,-0.045021889003938727,-0.031738734363693719,0.027389695867244226,-0.094126480718709563,0.99518340530165983,-4.1341132335399857,-11.579549844087797,-4.367903625579304,,0.1390567695237489,0.4193548387096774,False,5
0.95630171082957083,-0.29181708106017318,0.018161196710490084,0.28178255163832522,0.93642804835636806,0.20904808978720546,-0.0780104573543276,-0.19479553755927087,0.97773670642477406,-22.04087430944216,-12.372673203349676,-5.1809777505664867,,0.2587982722944622,0.2666666666666667,False,2
0.97304943054165116,0.23051294374647899,-0.0062119632887198267,-0.22673198309543371,0.96130580414860589,0.15647286905982555,0.042040618028042188,-0.15084738537851416,0.98766272216799067,-6.9117266006995077,-0.6739434643978065,-4.498463345130105,,0.2864466160167906,0.8093023255813954,True,5
-0.40098030969046361,0.90083592107075405,0.16646151071387871,-0.91596455360013329,-0.39128545572784246,-0.088907978741864208,-0.01495753283964113,-0.18812319220250762,0.98203153552566225,4.9026185596887322,-4.7842015612918312,-3.9954377281600593,,0.6193756250598705,0.5,False,2
-0.9566158770012172,0.29114468936090659,0.010992439498739317,-0.2908247811316283,-0.95193552484177868,-0.096123375013301079,-0.01752171649504556,-0.095150020499989399,0.99530872750615351,-20.631321417176693,-12.779387374988158,-5.1140398919318804,,0.153175192207364,0.3,False,2
0.59919113065116991,-0.7582155411792536,-0.25705871326065316,0.79921471139440481,0.58539988896998796,0.1362454222522104,0.047178745635398707,-0.28708215393537806,0.9567434362733267,-12.317774670183836,10.192210804476922,-4.8501676079850942,,0.2888756184870648,0.3269230769230769,True,5
0.56247114246255359,0.824038158381869,0.067729811955209912,-0.82677144767448485,0.5596908877340061,0.056525069639563642,0.008671055708924175,-0.087790795178870271,0.9961011941940211,-13.219872938448507,-0.040789141889861304,-4.8094362691968735,,0.2591558228575722,0.6341463414634146,False,3
0.23065111897394441,0.96991983757133282,0.077817543019973429,-0.97286727838799603,0.23136386256842581,-0.00014744270342228333,-0.018147174931640125,-0.075672133464153496,0.99696760642409177,-27.264867141553236,18.377575069787543,-5.8704082353199789,0.5031875567431366,0.3747301315687703,0.7924528301886793,True,4
0.92935786204680471,0.36431949687831611,0.059709868917319997,-0.36858649943185551,0.90647901969436484,0.20600917283100365,0.020927414755858065,-0.21346449599002215,0.97672665176259132,-12.071506606386594,22.69340247094835,-4.8736401408258763,,0.4085694723095649,0.2727272727272727,False,3
-0.9910994339048097,0.12155848029219789,0.054271981561565166,-0.13076601478410185,-0.96535588457823884,-0.225805813671066,0.024943165217180582,-0.23089294484505041,0.97265938875319091,-17.771158127377042,-15.991330071663004,-4.9998375745821093,,0.3750239645214916,0.2352941176470588,False,2
0.98737391838298871,0.15831501248037014,-0.0053946381124878977,-0.15503904859603357,0.97280613723541753,0.17207879813487828,0.032490594138322608,-0.16906973762458996,0.98506841646257892,-9.0451059779853793,11.642433892583247,-4.6671853434988728,,0.3102334169967904,0.2564102564102564,False,3
-0.87925297382640122,0.47616031056808633,0.013622285312405516,-0.47577320499355857,-0.87640662415029058,-0.074506956424538875,-0.023538594426733919,-0.071991581349449787,0.99712744761500727,-10.571406880251693,-14.568481825763625,-4.6448691273218907,,0.1652406336263844,0.4545454545454545,False,3
-0.88044054612801637,-0.47082156604025016,-0.056138201656327512,0.47380730504889756,-0.86906056039525537,-0.14226868962560046,0.018195670256989684,-0.1518578128279571,0.98823485177715109,-3.0024557934689917,-19.475303217558757,-4.339659850870496,,0.1938224897370275,0.1176470588235294,False,5
-0.81587066489991811,-0.57775514452945143,-0.023538290624363998,0.57819001478737897,-0.81563633209296071,-0.020824998682135269,-0.0071669349051716857,-0.030600110125504273,0.99950601214018264,3.2099658212439568,1.7878181091766934,-4.0619248728393593,,0.4015721552922455,0.9344262295081968,True,5
-0.71250798267481863,-0.67979919187774174,-0.17379710396617801,0.70165509881480703,-0.6915444135289055,-0.17159966906770702,-0.0035350999765976256,-0.24421175819221425,0.96971548416472364,-1.787283532720733,13.061174887520338,-4.2972153115319607,,0.09186187036829652,0.2903225806451613,False,5
0.96092322443705835,0.27674726443720105,0.0061244072375919584,-0.27680969303915715,0.96053222573523334,0.027463378591962642,0.0017177243822956746,-0.028085493598009062,0.99960404884749332,10.887405207099563,-18.272601877634663,-3.803319797405865,,0.1776019292316198,0.5,True,5
-0.14119841460248717,0.98894015688814252,0.045391340669783474,-0.98998045396719181,-0.14098925640335211,-0.0077929674542519568,-0.0013070870886481094,-0.04603689469204085,0.99893888494264582,-11.785974675701272,24.704139480117366,-4.8799701900580663,0.3025679387460604,0.2363355368340497,0.3333333333333333,True,4
0.28802574488408039,-0.93462629843819411,-0.20860213937467467,0.95699261354428145,0.28882471907448509,0.027302367538943065,0.034731943591705519,-0.20749449129860129,0.97761941888194837,-6.5243652359718096,-12.955808266291452,-4.5064403962813309,,0.190786170984436,0.3243243243243243,True,5
0.91047692272128988,0.41353734242901463,0.0043173613143510647,-0.41327664913994466,0.90941749888551504,0.046499720391355671,0.015303086866051257,-0.044121186946443347,0.99890897302747639,-5.4319820879110772,-11.462886676825281,-4.4210852038152195,,0.1123016155494879,0.3333333333333333,False,5
0.56131711527300721,0.82760072156564057,-0.00037651775871674203,-0.82759400534398087,0.56131428835575503,0.0037989480623994349,0.0033553569554195528,-0.0018208107274385009,0.99999271308744964,2.1323473873200371,-13.73786431511898,-4.118894540950504,,0.0951117160083746,0.28,False,5
0.95016136955507369,-0.29958664445993749,-0.086262473106571175,0.31119816628399377,0.92800570022326101,0.20484413990791936,0.018683498245958264,-0.22147971197012706,0.97498598147815596,-14.684757336141326,-12.204748463035253,-4.8515881910608192,,0.3535098100198696,0.4705882352941176,True,5
-0.95780991856417386,-0.27154140234607643,-0.094156394960809159,0.28710773636317655,-0.91885507563378777,-0.27069262587377163,-0.013011826178613295,-0.28630511136539488,0.95805014252154119,-8.937639564990798,15.988737898450676,-4.6538100522603747,,0.4099705291865559,0.4285714285714285,False,2
-0.98938110511226041,-0.14371858208307164,-0.021679437512857114,0.14449654412404311,-0.98869415302473085,-0.040057714749079085,-0.015677295144601051,-0.042764949885876542,0.99896215217504991,-16.006624206015978,-3.6166465456817938,-4.9075215347985939,,0.07181927637338009,0.3846153846153846,False,2
-0.93921006225899306,0.33432534075425058,0.078173048303196629,-0.34333090289158325,-0.91259360000055667,-0.2220288547862096,-0.0028896489596439284,-0.23537095778277262,0.9719013129743741,3.5588017863310184,15.593990239573559,-4.0688188822280225,,0.309372545301227,0.1666666666666667,False,2
-0.41047936897492449,0.90707632172163732,0.093376839836727302,-0.91185215228342031,-0.40895222136232201,-0.035829220182940935,0.0056868288213267008,-0.099853028070101171,0.99498594601290213,-27.456325330118212,11.116991225606572,-5.7187806841255275,0.1674616960813338,0.1717398586143681,0.4545454545454545,True,6
0.5720047359653323,-0.81426688642079592,-0.098893982181993911,0.82007868648738069,0.5701796168060701,0.04864311408632177,0.01677885581207483,-0.10892493863879402,0.99390835983010617,2.7510397216512228,2.6314906523094042,-4.0767448781654538,,0.08233642659818016,0.2619047619047619,False,4
0.99288857321236756,-0.11682784094462488,-0.022880925779484414,0.11816153502412315,0.99052987311011254,0.069917251928311858,0.014495958921428518,-0.072123685822908151,0.99729034945609818,-14.616458497723556,14.579589661548948,-4.9836483186652316,,0.07923497574934055,0.4545454545454545,False,1
0.9959017682547896,-0.090401478956685752,-0.0026908343366457803,0.088930748231794407,0.97341697177266462,0.21107041735844653,-0.016461774081688849,-0.21044469978447908,0.97746715460249811,1.9315713151444105,-7.1122130797624745,-4.1137310661736004,,0.25498720505483,0.3207547169811321,True,5
-0.3390698447434376,-0.93897641261485898,-0.057921817466229417,0.94076030978635117,-0.33834142256673427,-0.022251321448563077,0.00129611587053705,-0.062035299051819079,0.9980731144336078,-18.49970471160454,4.5051196174144073,-5.0950308196059959,,0.1148987201134895,0.3478260869565217,True,3
-0.34354031832176624,0.93908285144826276,0.010170929317398953,-0.93901746625390659,-0.34330264970705143,-0.019735469951614036,-0.015041534412187019,-0.016330609906478701,0.99975350133050778,-20.010489518686963,-8.6136675013280328,-5.1148294101824252,,0.0808450583140514,0.3571428571428572,False,2
0.46079666530230112,-0.87572634578769171,-0.14411731519708321,0.88749576189479962,0.45544554265160375,0.070147204488528347,0.0042078337714668412,-0.16022710436166074,0.98707120774685209,-11.597401458975048,-13.306557726979422,-4.7092369690564189,,0.3264838021221453,0.2564102564102564,False,5
0.82328303670771463,0.55311219770112896,0.12756150760927365,-0.56643028904517068,0.81513764925387411,0.12127382413807093,-0.036902156055274901,-0.17209738383570714,0.98438850123077781,-16.175914385774831,-7.3942791008478572,-4.9019439391266015,,0.273314393494563,0.2727272727272727,False,3
-0.63948106108416702,0.76860947796940682,0.017419612230599797,-0.76841637313623057,-0.63827012672277361,-0.046341372761887246,-0.024500000221013334,-0.043019945477545576,0.99877376531438777,-2.0667980072050289,-17.287755545195903,-4.3190962010200229,,0.1349756725964977,0.3529411764705883,False,5
0.46854214405647909,-0.87406832258486911,-0.12834651026276478,0.88335595201244566,0.46554403179766468,0.054323259307226097,0.012268711714877893,-0.13882839014858353,0.99024045403205418,-29.581930652941296,10.319205995409083,-5.8276912486894608,,0.2865225250219939,0.2413793103448276,False,4
0.36471458172974974,0.91915757653252328,0.14877037129937148,-0.9306781138375666,0.36477689997701446,0.027857883388900773,-0.02866221026794645,-0.14861750484387251,0.98847929414658875,-8.354277947530349,-20.802693295642634,-4.5511291083767489,,0.6090629722738435,0.3666666666666666,False,3
-0.80460112402946782,0.57901522522411919,0.1317512814707269,-0.59255739574195676,-0.79732062073500809,-0.11469769179129426,0.038636303679649861,-0.17035608797282031,0.98462482160900766,-16.523207548594016,-15.642665514494611,-4.9335874874143713,,0.224036700025789,0.2307692307692308,False,2
-0.98210845047620532,0.18831248745961093,0.0011826115167358868,-0.18816797603455959,-0.98106696072641586,-0.045830463297782099,-0.0074702274585876239,-0.045233014909530758,0.99894853223972935,-5.6059317013096814,-20.795117728487217,-4.4398504652444766,,0.1167756205104236,0.5238095238095238,True,5
-0.99335187325110685,-0.11402302487066113,-0.01583684652516603,0.11468547967547453,-0.99212226496586919,-0.050404881813175838,-0.009964770951878088,-0.051886040110404402,0.99860329569931727,-16.252324547657313,12.414423416796076,-5.0756572952672494,,0.1810291064108987,0.5757575757575758,True,4
0.97883072562147599,-0.20113918883334783,-0.0378607619416053,0.20380868851178871,0.974849994339131,0.090163778892092206,0.018773094215944353,-0.095971429355096477,0.99520704161551254,-7.9782437205057972,-16.500194329755715,-4.529595404047547,,0.3433569249016162,0.3684210526315789,True,5
0.99499659431457577,0.099545894547540398,-0.0085083594849834406,-0.099307071672128752,0.99474353609650668,0.024968037770813044,0.010949101255465044,-0.023998172283489189,0.99965204191696111,-12.125214251057759,-10.113768351154077,-4.7244362514767086,,0.08779900134169454,0.3958333333333333,False,5
0.98148182864143418,0.19155098342775906,-0.0012809350195313561,-0.19129479038445626,0.98047390768128473,0.045576523868739643,0.0099861513323615207,-0.044487493793753212,0.99896002906899017,-9.8871806515509242,-11.720179464674022,-4.6274529607025991,,0.09169010532086011,0.28,False,5
0.6770569331887758,-0.73281715315151674,-0.067623437267831252,0.73573634707898183,0.67612586737748603,0.039317159738696712,0.016909666108044268,-0.076372976306734036,0.99693592155271726,2.5182219301589956,-12.239482169842786,-4.1075912417895495,,0.08893379342728816,0.4722222222222222,False,5
0.66489658625709547,0.72705712704462255,0.17117378186299526,-0.74690775089563455,0.64520491178284212,0.16074648818347262,0.0064297150547386432,-0.23473081566959725,0.97203914681426296,-5.6721372983481499,18.895053922234229,-4.5245935901496557,,0.5099534887526679,0.4838709677419355,True,5
