axis_00,axis_01,axis_02,axis_10,axis_11,axis_12,axis_20,axis_21,axis_22,location_x,location_y,location_z,dbh,dbh_approximation,score,reconstructed,number_clusters
-0.033719390452481852,0.99850018135548513,-0.043132244789438702,-0.99938670356193349,-0.03327859604886952,0.010897329426413832,0.0094456048575359657,0.04347324324316211,0.99900993872473354,-8.8701078966160818,12.152905379208347,-3.4446843797575903,,0.06250237587141792,0.1714285714285714,False,2
-0.47212102256290656,0.87879883085135235,0.069385552879914145,-0.88063075200886631,-0.46661248952865486,-0.082232981413601247,-0.039890082357074967,-0.099926970884575639,0.99419484097403099,10.477479746911806,9.5758965404218017,-3.3454518854946618,0.3664778200130098,0.2957593036167368,0.2,True,4
0.9354262020348314,-0.32943649773615946,-0.128255270870336,0.33753058381778567,0.94014477292628817,0.046913867107731537,0.10512338243376099,-0.08717453698592488,0.99063094771310967,4.7543958872442396,-9.4293898403558192,-3.2018681436668972,,0.1589777157971062,0.3611111111111111,True,4
-0.064585715038655012,0.9974524958809492,0.030285373925546921,-0.99764539446953182,-0.063837013256518763,-0.025069954770983515,-0.023072761141176276,-0.031833224771480255,0.99922684786487315,0.27863559614439648,-10.703266106907407,-3.2489619469550775,,0.2715368500690246,0.36,True,6
-0.21692578506942184,-0.96259124647271843,-0.1623616210380876,0.97612821203906408,-0.21573348975530793,-0.025155020560897794,-0.010812836512113958,-0.16394253143128246,0.98641062897480358,-7.1145863845058894,-5.6981965333989857,-3.4038984584318803,,0.5079647984057502,0.8916256157635468,True,4
0.30448160367890093,0.95194179546581015,0.03313262842657843,-0.95004802135850808,0.30100471714229782,0.082491923064435313,0.068554431905662974,-0.056594861104293272,0.99604081822115942,15.191830586036772,7.3335569063474155,-3.4675630418207559,0.4408496599023178,0.4182452399379706,0.6818181818181818,True,5
0.90199780590778122,0.43144266408818865,-0.016037011630467175,-0.42619355991605817,0.8957295540890815,0.12660021886810977,0.068985560979284807,-0.10735824856927582,0.99182417738251949,6.2101814845758572,-10.762430395217358,-3.1991164365015967,,0.2100909785041929,0.2692307692307692,True,8
-0.23291123581752721,0.97191116796755572,-0.033779251174245919,-0.97247119336178278,-0.23302216538647794,0.00066971643689775831,-0.0072204093693641648,0.033005333183251523,0.99942909386809442,-11.983691226030723,11.578384464317317,-3.5316461022180055,0.408633311347478,0.1474504968254101,0.3538461538461539,True,5
0.99079434366861785,0.13284814300697517,-0.026037270476597915,-0.12050099151297253,0.9531131960213447,0.27758736753384233,0.061693432378688101,-0.27189447671767092,0.96034749644686423,-12.266693717960486,14.957551692514457,-3.5321853576808495,,0.289166225832679,0.1428571428571428,False,2
0.48661338966705775,0.85508999910423245,0.17896508717808837,-0.87198214672096441,0.46287352425628736,0.15935882888143846,0.053427940224525308,-0.23360050080102338,0.97086366768402454,-7.2465441785119928,14.247494243160203,-3.4186819515310343,,0.2717187675381915,0.15,False,2
-0.88362617336399185,-0.45913247741352392,-0.09166326379869609,0.46645347874132176,-0.88016780180046006,-0.087896489371681402,-0.040322920482382479,-0.12042428682731279,0.99190324791579598,5.5797692219324846,-18.290263076509628,-3.0505133691447104,,0.3858357603256619,0.8245614035087719,True,6
-0.6428109485218596,-0.75408621150142552,-0.13471477307205235,0.76400424749661067,-0.6438884388609255,-0.041293923383204631,-0.055602106682796734,-0.12946684488573684,0.99002360669216749,8.6193737946570312,8.141263282269362,-3.3309035000912668,0.1231060686763243,0.14341283752845,0.2121212121212121,True,5
0.76620364532745011,0.63564258793765527,0.094289311625694316,-0.64133859649805969,0.74724392776552306,0.17410145622438986,0.040209184632694309,-0.19386854519873589,0.98020314662507579,-17.334073800929946,-5.2835839059908523,-3.6430459214161517,,0.6140847704268695,0.1666666666666667,False,3
0.38899129361252249,0.92095237468238111,0.023075897827358881,-0.92086408745194459,0.38799309399963522,0.038349595172394384,0.026364861747268153,-0.036167424230551394,0.99899790364623586,3.7203201144778286,-9.1082032291191659,-3.2264819027828979,0.5520625935556951,0.3210508635808894,0.3214285714285715,True,5
0.95540496016023324,0.29394120418716685,-0.028283044076278498,-0.28429054649564467,0.94146790120145418,0.18115484034531293,0.079876450061517418,-0.16503563096594154,0.98304780821547166,-18.952951243367618,18.788037012170633,-3.7687394632889482,,0.3289232094755389,0.5245901639344263,False,3
0.26606099964612828,0.96352298403372516,-0.028896430680100182,-0.96360425008189066,0.26665430620853803,0.019034973195719819,0.026045991849447139,0.022780259418850805,0.99940115373627081,4.1993606835303572,-6.4210903925677716,-3.2750014297207573,,0.08535050498957908,0.4,False,5
0.88581712964535209,0.46201809693115414,0.043212161887422204,-0.45590772666366691,0.8491699702209351,0.266568014666696,0.08646477661589827,-0.25583127209762968,0.96284692585149378,7.47762195347737,-6.8485886145542283,-3.2460736388961484,0.6418816934905963,0.4645165294097893,0.3548387096774194,True,4
0.98397518076073409,0.17483909716025073,-0.034987622826767401,-0.16957321548458051,0.97824844228156771,0.11947765382658609,0.055115952655285537,-0.11163008231598684,0.99222021572079744,-7.3248020601529413,-13.548763858357358,-3.3500250086653329,,0.2246892146528308,0.6521739130434783,True,5
0.66491854967547892,0.74679729670197181,-0.013308641406387812,-0.74550795015244686,0.66465334733651582,0.049536089206367706,0.045839050567760158,-0.023015766617503014,0.99868366159162436,2.3482642531731241,-5.3467956312442393,-3.302835951618178,0.4235088408879138,0.232318849091273,0.5524861878453039,True,5
0.77353625648310287,0.63373729067772566,0.0043250792551225922,-0.63108757213550826,0.76964100552712389,0.096856589385066041,0.05805287419427968,-0.077651587335053993,0.99528895039688325,12.348276276385418,7.2013862539277076,-3.3596829034546611,,0.09741230486957335,0.2962962962962963,False,5
0.15907179321094184,-0.92585646918870124,-0.34276225443605629,0.9870946879813538,0.14266447469507709,0.072738742214671664,-0.018445638065682671,-0.34990948275434053,0.93660189638658142,-11.927534117888909,18.143492261011076,-3.5114289812818886,,0.4686660791788638,0.3,False,2
0.97934736996505067,-0.18332513427865432,-0.08526795461515381,0.19425866604693989,0.97010852428314831,0.14544078444107808,0.056056218283095878,-0.15900108884811437,0.98568572787522502,2.8177265820419919,-17.35855521694382,-3.1008759207611405,,0.1303222544938982,0.4090909090909091,False,5
-0.49206351182283037,-0.85819626269331484,-0.14619396373247256,0.87042773937030316,-0.48208284759822156,-0.099758100354280121,0.015134426559606312,-0.17633860255434153,0.98421321185091548,-11.754382489671928,-6.7713385506494115,-3.4900740539346722,,0.3517897199831505,0.8378378378378378,True,3
-0.25594757516335492,0.96604254468462769,0.035392663466424432,-0.96613583679362713,-0.25438891210607578,-0.043218355597652573,-0.032747269062881251,-0.045255753852255998,0.99843854748912175,-11.006694908391001,10.43798059424318,-3.5009415327788505,,0.2642404442128632,0.1951219512195122,False,4
0.8722712107415479,-0.48108086161928443,-0.087773227667214487,0.48875064421756875,0.86361212218723249,0.12368067831385873,0.016301616128017487,-0.15078231658557195,0.98843257246850336,-15.098683648785489,13.475186544094258,-3.6266502203409177,,0.1526717458340391,0.375,False,2
0.68977308234073165,0.72381649185111419,0.017400603510029942,-0.72231725081905263,0.68629677860242222,0.085173475032693791,0.049707987762261305,-0.071319126496929675,0.99621418286849495,-16.253805578383894,-2.3056480523492944,-3.6146125422364568,,0.1119579893441968,0.15,True,4
0.36204091189659954,0.9321509471124092,-0.004581474709838898,-0.93168220065108565,0.36200781962941969,0.030308670658795538,0.02991078573071046,-0.0067045003237940284,0.99953008687701816,-12.534005736864366,8.8893892526435945,-3.5523678428259307,,0.1181580755724461,0.3875968992248062,True,4
0.73264580555645642,0.66646591931588672,0.13803369875128477,-0.67941379976451799,0.7041397872722196,0.20635902856374491,0.040336240405742227,-0.24497007648009389,0.96869120432636657,-11.464382870910976,19.894114919976101,-3.4919919647335758,,0.2835386952279838,0.1176470588235294,False,2
0.99633431305512388,0.049567620834898157,-0.069720783083251303,-0.047108146675271231,0.9982230886039658,0.036489558709030749,0.071405596039772284,-0.033071382534246192,0.99689895401263107,19.69149662603288,-2.4934642536676517,-3.6160380923415865,0.4181169833593608,0.2836594792795458,0.4848484848484849,True,5
-0.91304913506074603,-0.39108978317238896,-0.1157154201608302,0.39946920012260884,-0.91475870533421766,-0.0603396152512541,-0.082253480888207692,-0.1013177798485542,0.991447967554694,12.304144464742018,8.7569975239166915,-3.3777187688498072,,0.380427855777114,0.2,False,3
-0.31654327348369743,0.93307175922827901,0.17081407477977317,-0.94856166002096776,-0.31030415837793046,-0.062786196186985402,-0.0055797088178000005,-0.18190223039866538,0.98330079092081468,30.626502702143394,-2.8062011968755165,-4.1837151204949237,,0.5776646334662318,0.1,False,2
-0.32650737266641694,0.94440911586888299,0.038527359865805529,-0.94514231794370185,-0.32578900856444548,-0.023822693605118749,-0.0099465786319391132,-0.044192123306662924,0.99897353408945155,-14.762562357503871,10.509920679364637,-3.6057965687464346,,0.1221011853904843,0.4905660377358491,False,4
0.39595791961196397,0.91812637493382143,-0.016164329477158425,-0.91754240887783844,0.39628341992008731,0.032792971916159291,0.036513748194613331,0.0018468208685510148,0.99933144423932774,1.534782604602885,-11.52802658939094,-3.2023595660912534,,0.07683467287552669,0.3333333333333333,False,4
-0.83602025481945197,-0.53215932728551563,-0.1337033429449217,0.54420334509832158,-0.83530497112533375,-0.078155770081956927,-0.070091744987672733,-0.13810161330098256,0.98793476084620602,19.472409571597286,13.312700934806898,-3.6048444769620214,0.5841643842655776,0.4282308064959905,0.72,True,5
0.18811757145268024,0.97915760177936295,0.07656481037939164,-0.98188671927816695,0.1857025242936868,0.037590463898580125,0.0225887099211869,-0.08224939725395633,0.99635575315017733,-17.311054313754408,3.7362089102054155,-3.6385043473953331,,0.6913603893805256,0.3508064516129032,False,1
-0.27904459933292519,-0.94676662069037865,-0.16052126815362508,0.96012707884438286,-0.27803997992500146,-0.029150678089148736,-0.017032441189673286,-0.16225515557240547,0.98660182466752777,12.155273800419961,-0.095355821196891816,-3.352328438560078,0.1487976816150691,0.1962496548053355,0.5609756097560976,True,3
-0.81965007637343557,0.5673137075082092,0.079554444089014437,-0.57121821458141964,-0.79885465452065896,-0.18852318764834872,-0.043399350587737903,-0.19996599266867673,0.97884120169953737,-21.791297789201501,6.0844242492238232,-3.8168223349166666,,0.3663035765238226,0.28,False,1
-0.37111593261561632,0.92001495642422382,0.12587868967611568,-0.92858634987023003,-0.36777719326236935,-0.049672194945842955,0.00059614891203136483,-0.13532337592518284,0.99080130628430618,9.4046447316941357,-7.6187356137449029,-3.2376106509859022,,0.3866428429883569,0.5094339622641509,False,5
0.12177791353923045,-0.97011674904091205,-0.20986574995535573,0.99092785773763015,0.13094007810855687,-0.030276669308831414,0.056851741693135421,-0.20427478839841492,0.97726132139322885,-13.594821121300484,-7.8082422316249556,-3.5340254353375773,,0.6249073606626044,0.9302325581395349,False,2
-0.038722644660984976,-0.98567450508954124,-0.1641533636784446,0.99923942608845595,-0.038951801189685636,-0.0018238789688575369,-0.0045963181866490385,-0.16409913832975431,0.98643314353206923,23.764755603794811,3.2927532073120354,-3.8740330559076757,,0.2141611050667416,0.1666666666666667,False,2
-0.78671887858665823,0.61583651316598587,-0.04264733434706279,-0.61553912712402636,-0.78781719772279435,-0.021345864976483088,-0.046743866493279412,0.0094579080013965436,0.99886213208905583,14.154522950185807,2.5283637611576433,-3.4258248744374744,0.1568084034299066,0.2005419842791759,0.8,True,5
-0.97567429832284114,0.21218960766885914,-0.055092957713012862,-0.20851291485801959,-0.97581374419484823,-0.065649836083907426,-0.067690678306872754,-0.052565264555285984,0.99632066375870587,-11.521473331209961,-10.239007394147054,-3.4670655646006896,,0.1169019920951155,0.2558139534883721,False,3
0.73959556366233059,0.66140825584991503,0.12464959408105777,-0.67150232643712182,0.7125695277327232,0.20329607407989178,0.045640199391901441,-0.23405936691432963,0.97115044404002115,4.1208155840266087,-7.7008635529116454,-3.2524831730636516,0.4764702515044216,0.3484379458279357,0.2083333333333333,True,4
-0.17444212677875726,0.95986192090915523,0.21962476452689053,-0.98465265837003813,-0.17126673030150188,-0.033568578412722622,0.0053932151563322725,-0.222109882446551,0.97500672477160788,0.89808125611423384,-4.3155272173013408,-3.3263779094935795,,0.3198547937213159,0.1818181818181818,False,2
0.98320911663398869,-0.17308021176310356,-0.057819315663979451,0.1762498848814526,0.98280087208721689,0.055121900401569945,0.047284363663756677,-0.064387002730715029,0.99680414467049061,-13.538944622050694,-13.900151428847765,-3.4744787724666932,,0.1177765318728761,0.5,False,2
0.9960792494211359,0.044592333625284857,-0.076404532944580411,-0.034636706661794671,0.99129778329797436,0.12700001330767105,0.081402871105710845,-0.1238556765367463,0.9889556835194252,0.063940855333043278,-17.440188259738257,-3.1030601776141897,,0.3587024072961889,0.2592592592592592,False,3
-0.56881721795688278,-0.76817908173907634,-0.29385008241329735,0.82128968457369633,-0.54960036501291687,-0.15304474113966415,-0.043934343839762094,-0.32839052537516672,0.94351970635233229,3.1461351353531772,-4.8427235840328429,-3.3092735102240129,0.7090991729352767,0.3592586668653737,0.2307692307692308,True,1
0.53167653633451284,0.83907409974527358,0.11521595309676122,-0.84589911763799142,0.51931540313592084,0.12151623284583903,0.042127704549425493,-0.16206840285026439,0.98587985541188605,-13.78065021647194,-10.807670089083679,-3.5169540247091211,,0.2937562198348062,0.32,False,2
0.063907148140758194,0.99747858463518935,-0.03086016219492441,-0.9977956887115681,0.064420328963524801,0.01593062474735845,0.017878478825814167,0.029774055995330999,0.99939675083745605,-2.2084709754526899,9.3052771182473943,-3.3517716902763159,,0.06878050213285355,0.2619047619047619,False,5
0.41387355319003233,0.90376735431378064,0.10914784123621468,-0.90976046390555676,0.40637207612910176,0.084838871143297204,0.032319967267975355,-0.13441095572605644,0.99039846258796482,7.9092446826140446,-18.857114152527458,-3.0361227228384871,,0.2965399015531796,0.4,True,6
0.033584972148447051,0.99896578817667703,0.030649693282967891,-0.99935930874647516,0.033187033542996992,0.013401224809127418,0.012370192704918362,-0.031080136054527856,0.99944034513085189,5.1040258545782073,-6.4113725336563272,-3.2753877833443945,,0.08289745386617672,0.5555555555555556,False,5
-0.2199821976897445,0.96441293842929177,0.14668168559765327,-0.97549997370284025,-0.21790613425181529,-0.030277350630260338,0.0027629703849413965,-0.14974845857506663,0.98872026637924404,21.841461627853914,17.362244520608268,-3.5166941004757812,,0.5493597758796365,0.4,False,5
0.88084059082507371,0.47042624019014617,-0.053094313212415603,-0.46967481256283933,0.88243806336591024,0.026620194722877931,0.059375281043520106,0.0014889135586156725,0.99823462128771023,-11.443744805368281,16.411666456075533,-3.5033431786129303,,0.08962231557787145,0.5,False,2
-0.24203779366628797,-0.96639472462026887,-0.086596435626818374,0.96995600349591593,-0.243253554630142,0.0036137850006244809,-0.024557233545039189,-0.083120060069244661,0.99623691855637386,-7.5435907078736184,5.7042623329340643,-3.4350748538213294,,0.06509308467197415,0.1398601398601399,False,4
0.57101269373389196,0.82038109126784631,0.030321093069709128,-0.82046229153029138,0.56902873638079621,0.055208018889807434,0.028038041508414997,-0.056401793083657323,0.99801438164252954,3.6390367630964269,4.2468898310695682,-3.3495143800536549,,0.3857188656205289,0.1388888888888889,False,2
0.96796471789493843,0.2482460439790915,-0.037659083357196796,-0.24353512530124105,0.96474045837264633,0.099832313022618427,0.06111421810906309,-0.08746284712761318,0.99429135705649718,21.554200055895393,5.1036692302420512,-3.8005008790307651,0.2559783512427798,0.1404791911620017,0.2,True,5
-0.13779614092025411,-0.92453938082547571,-0.35530150133419364,0.99041255696713981,-0.13215233919489075,-0.040233397161204248,-0.0097565644208450417,-0.3574390752955881,0.93388549453481562,-13.01958807659865,-12.610940647443625,-3.4877482594345794,,0.4119952715435055,0.4545454545454545,False,2
0.777273729228386,-0.58364477988393992,-0.23495599750937429,0.62610091835885029,0.75432834102234891,0.19744972514712514,0.061993466442859191,-0.30057865001476469,0.95174013536978641,14.114109302759164,12.73091367772609,-3.3889436657022394,,0.4616012234871979,0.3846153846153846,False,2
0.9625152484953754,0.26883819695312372,-0.035922420197939911,-0.26429058581415849,0.9593978802792813,0.098520016065920937,0.060949837275360234,-0.085333060267482441,0.99448649370491271,-4.8910142496348792,-5.2213967686922667,-3.3740532907117751,,0.07493896340869349,0.3777777777777778,False,5
-0.44478498173521924,0.88808949154873096,0.11603178453991456,-0.89563415538741908,-0.44068726467647634,-0.060284280334346324,-0.0024041061260856016,-0.13073557187193435,0.99141435864176042,-10.353689819237612,-12.35706043302706,-3.4280580965319039,,0.5640155138968171,0.3870967741935484,False,3
-0.96818709527912405,-0.23852587506260373,-0.075625098086488124,0.24300521855903115,-0.96836062836773351,-0.056799270948888703,-0.059684271697401536,-0.073369614643031725,0.99551729636359565,-13.880546410259866,-8.9481254649253099,-3.5348023848818384,,0.1338713652853659,0.5111111111111111,False,2
0.95096789820660088,-0.27356619380050812,-0.14429689598194215,0.30588997738053886,0.90086733576325106,0.30800870944334668,0.045731589942336212,-0.33704536929666512,0.94037707368747625,2.7819499289946674,7.2015171130433062,-3.3166943002826019,,0.5440339351350997,0.4166666666666667,False,2
0.76594570751596436,0.64154906342550244,-0.04173694233805747,-0.64050848432851271,0.76708096807675141,0.036546818160083712,0.05546219109502451,-0.0012600128156268868,0.99845999305262301,-1.7040240897427443,12.77982479485159,-3.2970042221006652,,0.7627962981400594,0.9893048128342246,True,5
0.89133906122433448,-0.4090481096549935,-0.19543367653349383,0.45066721325994508,0.84624195099324784,0.28420700778069535,0.049129836436091645,-0.34140035788911743,0.93863307783443528,-4.5328280867435184,-13.582824618414707,-3.2925143259091176,,0.5711341835074336,0.4545454545454545,False,1
-0.73323666092803341,-0.64838968493490357,-0.20482874686216357,0.67785716600609858,-0.7207505530274767,-0.14501138853471671,-0.053606544052831551,-0.24517230019030023,0.96799632316146156,19.184515140328088,1.8821520198513333,-3.6462807093011658,,0.2762365468701894,0.2857142857142857,False,4
0.97517087507454447,-0.19239899696861462,-0.10965578129683104,0.20398017533400797,0.97316332102672221,0.10651403043237334,0.086219791678330882,-0.12623698575976938,0.98824610849182393,-14.795064658787052,4.795735156008802,-3.5723131533698473,,0.6199369690830115,0.7239382239382239,True,5
0.16322200068833267,0.98641546865461427,-0.018523004351193376,-0.98627086883787518,0.16361757140583483,0.022339731624126481,0.025066945826713007,0.014622363904408908,0.99957882865773351,-9.6574530694226031,14.899308295649064,-3.4634863285485609,,0.1074402304087021,0.6097560975609756,True,3
0.86869285658060424,-0.47238346968495015,-0.14908580916451991,0.4911277095912791,0.86056954556938481,0.13495788272690362,0.064546834139685566,-0.19045712065163703,0.97957122834209132,-6.7450012565708102,-15.67860746575175,-3.308632388018975,,0.2374570317273666,0.1627906976744186,False,3
-0.29659214536727996,-0.91313800256540534,-0.27966424079115548,0.95262724750690375,-0.30353250411405713,-0.019218383221998325,-0.067338151250624104,-0.27211579744128972,0.95990549856172624,-4.9351192771818049,-16.543853982533445,-3.230993797500715,,0.6896112697850357,0.6744186046511628,False,3
-0.91817641166704511,0.39365831974565113,-0.044555632116048439,-0.3928105864958692,-0.91922955650174665,-0.026774345750635069,-0.051496797910174287,-0.0070816487228517362,0.99864805114533006,-7.8789417066308172,-4.6463969947224886,-3.4097693265423916,,0.08357285664411401,0.2417582417582418,False,5
0.95493057337062293,0.29463772267578769,0.036002950135760839,-0.29040771906979207,0.90228115404718789,0.31867236428023554,0.06140811629364,-0.31476551816820725,0.94718092876998217,5.9072913308972677,3.7658624040606044,-3.317451754516036,0.7160047087310839,0.5456566084292265,0.4020618556701031,True,1
0.71748185033406386,0.69594192069278915,-0.029742855673900719,-0.69303282381963649,0.71748199396462853,0.070179010003851516,0.070180478409511374,-0.029739390696032871,0.99709090312330095,0.1165380769657386,5.5394445153451821,-3.3560748287943949,0.7100476799513155,0.4656218313316777,0.5619596541786743,True,5
0.99796412422202241,0.063399325102969736,0.0069377476359547205,-0.063460079183960835,0.97625574664511394,0.20711720230912004,0.0063580748452391478,-0.20713580742807242,0.97829153740865171,17.414258005762196,3.610284920469093,-3.5571969185037209,,0.5243288254157383,0.5,False,4
-0.12230622488399466,-0.95011020560844817,-0.28693515740197972,0.99209424529497092,-0.12522479151443125,-0.0082316488488145337,-0.028110421683579655,-0.28567350032657973,0.95791463889217798,7.7096517928521964,-5.1797882510677651,-3.2855290439473324,,0.1778350070427931,0.2307692307692308,False,2
-0.88938281188608559,0.4503912872535627,0.078395805293898613,-0.455429928623171,-0.85796785343886628,-0.23764415115840298,-0.039771774361895877,-0.24706041939489856,0.96818353380571576,-9.2485581068834932,-11.786983504193353,-3.4021030970819366,,0.4902584732379601,0.3846153846153846,False,2
-0.1332906576425229,0.99064474372761058,-0.029267598297092932,-0.99107203705530211,-0.13313849391984126,0.0070963937186282952,0.0031333611788548757,0.029952181249662431,0.99954642157636164,-20.618571469762262,15.855564443725381,-3.8119578594751973,,0.07386120563543055,0.1666666666666667,False,1
-0.56148728119524716,-0.82392611588728593,-0.076666737343260946,0.82634489917655274,-0.56316428575804134,0.0003079797533519571,-0.043429720939268092,-0.063180240625739459,0.99705672683835367,-6.1619777538116889,-10.322942973766789,-3.3559061780268822,,0.06852462053709459,0.2954545454545455,False,2
0.70388736166595867,0.70756379357622035,0.062418427623285547,-0.7100484834073898,0.69851302032188833,0.088942181509440804,0.01933218295488032,-0.10692538735408288,0.99407908550646906,-21.013618706606874,-3.132148246511357,-3.752949222848625,,0.2083552186937233,0.2241379310344828,False,2
0.81464346579504343,0.57968582532102697,0.017898814466895195,-0.57723996491389162,0.80744696119329529,0.12175150005614999,0.056125275443865238,-0.10951597500635821,0.99239921638157158,-5.3007374960381615,19.306499712048883,-3.2962399796908843,,0.2961105866693189,0.2631578947368421,False,1
-0.27764972676915212,-0.94864367967783048,-0.15161067980957565,0.95856747833082234,-0.28403281139977471,0.021765834117478792,-0.063710428593007115,-0.13928578913746598,0.9882006123418714,-8.4575509861189584,-1.9549484859949453,-3.4350729551357677,,0.1653414144229315,0.5296167247386759,False,4
-0.1959575819145194,-0.9705878272998566,-0.13985669661320976,0.97996302942309998,-0.19901533056232229,0.0080845015351420808,-0.035680345487628232,-0.13547017272637771,0.99013875050286293,7.5995365477280483,6.1851723846153819,-3.3145780265479581,0.3682647794413539,0.17821096672176,0.4523809523809524,True,4
-0.4210560216757413,0.90655334683293509,0.029544135739628857,-0.90679875586377612,-0.41998037415242845,-0.036503447654904167,-0.020684365460554785,-0.042160581978788574,0.99889671255475865,-9.0049689115436227,-5.0167666665771984,-3.4315705025881789,,0.1539095754112668,0.7803921568627451,True,6
0.61956117876814143,0.78277568454210433,0.058362431863916167,-0.78197331828032224,0.60903726991707774,0.13263232392450147,0.068276461984290798,-0.12781170346095783,0.98944554837409571,8.3606333184968644,14.319875632539318,-3.2944950917590341,,0.2146324233993348,0.2352941176470588,False,5
0.17521943367260423,0.98443206532640282,-0.013844089736926819,-0.98449416643269605,0.17507686705835576,-0.010923684406867713,-0.0083298453432107365,0.015543467380964855,0.99984449505827366,-5.2947338925590195,-1.4322501267619556,-3.3963026701791992,,0.3084000135902652,0.9373239436619718,True,5
0.071495960797070282,-0.98108752758564832,-0.17987659882703722,0.99735150457932564,0.072731701461713136,-0.00027552829100806545,0.013353048455641434,-0.17938049731886507,0.98368914463796808,12.559330386358187,1.7389543803951892,-3.367687239506731,,0.1205402634429653,0.4444444444444444,True,5
0.98410184216101482,0.17121121809847556,-0.047225872702719704,-0.16651452456130894,0.98192501228691531,0.08997879392091758,0.061777644544110333,-0.080684503112915029,0.99482336803676041,-6.1992529570653376,14.618140604449687,-3.3891563620825629,,0.0877276736179675,0.15,False,1
0.65421338014082453,0.75583113524559342,0.026910002565440773,-0.75462427084828432,0.649967581713222,0.089913027802198286,0.050468436585748053,-0.079129246901643358,0.99558600793370267,28.287457997886644,-4.0743299698377182,-4.1407015157375966,0.6238346458765772,0.3528035481218654,0.5454545454545454,True,5
0.99154674138704291,-0.11646422849571474,-0.057193908116458518,0.12410448226274653,0.97990326093380631,0.15616554259370938,0.037856797633075173,-0.1619434552311082,0.98607361803304427,-1.331944245084401,-22.50690741642023,-3.0723562783615304,,0.2976776102745541,0.3684210526315789,False,5
0.96561126683176401,0.25149951971714796,-0.065900477612845981,-0.2436580300390308,0.96382160107437309,0.10806796796429667,0.090695345884207773,-0.088294466896161619,0.99195687474328653,-6.4270323871455286,12.523612692338128,-3.4109979431182578,,0.1705961499789635,0.1777777777777778,False,3
0.28636249875827019,0.95602921416379927,0.063282390680727024,-0.95792376381591715,0.28433699078346036,0.039173184564869262,0.019457184320104213,-0.071837436880466218,0.99722655431991902,-8.3950794276924672,9.7912758476616997,-3.4262140925103286,,0.1757181073177539,0.3764705882352941,False,5
0.98970016496122204,-0.12442360752246144,-0.070797947476080314,0.13018552662719046,0.98795816063660169,0.083608620897272362,0.059542523733298575,-0.091964333970508433,0.99398050742699684,-12.055447565858245,-1.5399348384140179,-3.5152270264608743,,0.08399088519147946,0.3620071684587813,False,4
-0.77442722577982459,-0.6281083976650802,-0.075778049285864915,0.63097463513200402,-0.77554490240924345,-0.020027834807395055,-0.046189628608595101,-0.063324127547431192,0.99692355428054635,-3.8081683753418361,3.7690127918208787,-3.3761094545128185,,0.186686637616776,0.5213675213675214,False,3
-5.4049480453838413e-05,0.98184754766712135,0.18967179605495804,-0.99722608074214891,-0.014170595678306669,0.073070774635111177,0.074432123215093848,-0.18914171236980459,0.97912474775970793,16.83466728821784,-7.4190211633943859,-3.4470562713804971,,0.6149670528724144,0.4166666666666667,False,2
0.82754130039645557,0.56007296529551276,-0.038648023018449294,-0.5586522769026786,0.82833893208615961,0.041979126977743496,0.055525036241285256,-0.013148655271625932,0.99837071432156488,-12.811456111943425,-10.546001835197073,-3.4971928465817665,,0.06643900422618264,0.4,False,2
-0.95950290273889027,0.27548768156951448,-0.058827858528892205,-0.26846830325151644,-0.95752434934705399,-0.10522305145143106,-0.085316761453382642,-0.085168407939519908,0.9927071030793283,-13.66012674537545,15.112018337528264,-3.5862861562697259,,0.2351968045972911,0.2439024390243902,False,3
-0.20371472761222295,0.97133814028396326,0.12248480307193153,-0.9786394716546466,-0.198498819760554,-0.053507037604241317,-0.02766033755022556,-0.13076863455492344,0.99102697740437362,14.206836897447499,-0.75797546140262029,-3.4194383542538795,,0.395644206914874,0.3214285714285715,False,3
0.91102081951101899,-0.40130357541755629,-0.094849917103588047,0.40918258230204885,0.90826188182578571,0.087349690113415382,0.051094821245395501,-0.1183883202827386,0.99165191718794798,5.116666589115237,-4.5489614370880007,-3.2999359450699854,,0.1207573296256697,0.2777777777777778,True,5
-0.99504627808862622,-0.069838276518868883,-0.070749696782714339,0.077874312516272387,-0.98994903538055612,-0.11805294913395617,-0.061793979578029706,-0.12297773165081757,0.99048371092407628,9.6046580842696656,-9.4908336868190091,-3.2447533411342171,0.1295060977520291,0.1630992275236153,0.1052631578947368,True,4
0.98974912790505554,-0.13326266026869946,-0.051358808293127639,0.13750219632387228,0.98635849003111808,0.090499033970772552,0.038598054579114513,-0.096633288889703947,0.99457136378495525,19.405147535445735,5.35434654205197,-3.6291315064406384,0.5709048410053572,0.4696253946048469,0.574468085106383,True,5
-0.96725436978014179,0.24864004039085869,-0.050961892190662939,-0.24754168482147487,-0.96850270818746265,-0.026937307016401648,-0.056054423705593645,-0.013440035267156694,0.99833725115065752,-17.781962802932242,15.069734162960099,-3.7169410278768988,,0.08134772841453888,0.1363636363636364,False,1
-0.64338193999645732,0.76404710892205974,-0.04787164749867362,-0.76494163373374724,-0.64409934767152466,0.00057211000865170156,-0.030396977927761165,0.036987101494419167,0.9988533316037449,-4.3994921313219102,-6.0354895622119011,-3.3702835749946818,,0.2079540759055836,0.8473053892215568,True,3
-0.5518025493321902,0.83367755076922212,-0.022264049360471262,-0.83371176386628287,-0.55210234216154497,-0.010377792188438505,-0.02094376617196584,0.012835307677104429,0.99969826124454531,-10.788799754065765,-3.1137406032468702,-3.4802390067806472,,0.07540623868041246,0.4050632911392405,False,4
0.54625977751108512,0.83761458853755222,0.0014340650632244101,-0.83666170773907533,0.54555505190329168,0.04865051023298167,0.039968015670940854,-0.027775644220475605,0.99881483334573273,9.5047627983972998,-5.6052457444578154,-3.2797109690326227,,0.5083600859198402,0.4591836734693878,True,2
0.51264965893821413,0.85813448795508995,-0.028205101889377311,-0.8575218893915032,0.51337496456619691,0.033201731447086019,0.042971343997612585,0.0071656359601518747,0.99905060795553657,1.7601934284403942,-6.9882165747532996,-3.2887316797755175,0.6721698556772419,0.2130223302767844,0.9324324324324325,True,5
0.9957621097198458,0.069690034398612155,-0.060009332205936461,-0.068490329768715941,0.99741303680808902,0.021824498469352954,0.061375040321410217,-0.017621949687435415,0.99795920323165466,-4.0846350916405925,22.457650566123579,-3.2714919852384936,,0.1288066375917094,0.25,False,1
0.96924804943495191,0.24349958432901256,-0.035583298022247238,-0.24056329429649626,0.96800052689513438,0.071444253568500787,0.051841297280828424,-0.06068716802043967,0.99680968471112896,10.319656333666574,1.019972206659207,-3.3138102987600084,0.4742024874526999,0.3076284421067076,0.6081081081081081,True,5
0.93985045819200075,-0.33166532554022587,-0.081726544467411177,0.33921212880808521,0.93437057175895422,0.10902644771033237,0.04020258580955674,-0.1301911919645212,0.99067351111710045,-0.087349619433417708,-15.963093077914873,-3.1538868750118736,,0.4451544404289742,0.9294117647058824,True,5
0.029591251514039789,-0.94199622636239555,-0.33431641801269829,0.99838091433042453,0.011599154525116563,0.055686708603127133,-0.048578881569875249,-0.33542297049145414,0.94081428727040006,-17.84340414198509,16.094138625508801,-3.7259961687573715,,0.2916640424187726,0.1111111111111111,False,3
0.96908003420671107,-0.20570332805544184,-0.13627189045740401,0.24024991274946086,0.91251059473466778,0.33106554324009463,0.056248259757933003,-0.35356831776036973,0.93371600497705187,3.9465729709407902,7.5645301947907742,-3.3280087657432711,,0.7440205835575229,0.25,False,1
-0.60839350204893072,-0.7665951634914977,-0.20540010218128624,0.79304014601777983,-0.59724679135635672,-0.11993163477013248,-0.030735540807628678,-0.23585615431016804,0.97130180737260141,4.935023118076372,5.9234677459666525,-3.3271971308354069,,0.4875592648548354,0.3722627737226277,False,3
-0.70435871333650024,-0.69844466627074786,-0.12670379278021884,0.7080171147224581,-0.70406195881177369,-0.054850008333754752,-0.050897624768104929,-0.12834253508510271,0.99042295282414228,8.9340972010535538,4.7473088963763921,-3.3216753679697155,,0.8892093046398635,0.5576923076923077,True,1
0.69278024926869219,0.72089442107593371,0.019150976079624106,-0.71930959103741376,0.68887432550866379,0.089698806550429347,0.051470753489690345,-0.075917042332912341,0.99578479814597765,4.727318742338273,-12.379989085853936,-3.2298138508547862,,0.09031363179506796,0.1818181818181818,False,5
0.98698515308702039,-0.14534916401780917,-0.068803547184108665,0.15110103047750048,0.98464156121683144,0.087461274362541142,0.05503440900408902,-0.096719266145924659,0.99378901049557078,10.198126903307692,-11.785023891524967,-3.2475200108189091,,0.5588805500253468,0.2857142857142857,True,5
0.84473411306887758,0.53460725005745946,-0.024887073024716537,-0.53210408433551426,0.84394420067057352,0.067995805664546313,0.057354351632639126,-0.044195863386836419,0.99737515710403157,5.6966429035060626,-9.0084320919438472,-3.2077956438108033,,0.07319446122619273,0.25,False,5
0.7797551328547927,0.62540770355878894,0.029105620005878657,-0.6258276950047188,0.77726082117216744,0.064848377279995484,0.017934016607701605,-0.068780958121342856,0.99747057643231996,-3.0019847678266904,10.979092085043112,-3.3252523886738921,,0.8530796661851784,0.282051282051282,False,2
0.9396544664279699,-0.33349780865046641,-0.076345892799183163,0.33731052156202934,0.94037492164984415,0.043779204830619076,0.057193494083847919,-0.066889598274967418,0.99611981502081082,-3.5182829393222783,5.3409107539131622,-3.3622120593994578,0.1375788291351258,0.1177709129254947,0.5588235294117647,True,4
0.17435575332928227,0.97726168098661292,0.12066349139735111,-0.98444181828009292,0.17028891361320536,0.043312727018966587,0.0217802135518383,-0.12633801001937017,0.99174811798257656,-21.225183233929506,4.4328979678432008,-3.7894971128969526,,0.5590702108315333,0.1558441558441558,False,1
0.23998763223979294,0.9695770003602886,0.048232527865349414,-0.97075111230351896,0.24004048455182384,0.0047795122769216866,-0.0069436541833149384,-0.047968803909097892,0.99882469909294491,-2.7009686338631802,-10.414196681624002,-3.2931758656477066,0.2091289681364036,0.1552210630159594,0.2121212121212121,True,5
0.70208501807449419,0.69027130495508315,0.17493471053779949,-0.71048614503748653,0.66253925307053274,0.23717330341021092,0.04781281318965061,-0.29080451113479527,0.95558708195461917,20.347363556453001,3.7888077701285758,-3.7048442187017421,,0.416550025039675,0.2608695652173913,False,3
0.66016342808629802,0.74857378881493197,0.061818532145367262,-0.75092162852047439,0.6558474440503681,0.07733587752628604,0.017348084548694832,-0.097475190853159435,0.99508674553057652,-9.6176835302411412,-6.2754948653705842,-3.4439158514216084,,0.1704747622886474,0.3684210526315789,False,3
-0.91151438921552308,0.41117310992391876,0.0088426200045400097,-0.40811366998242826,-0.90165587589275853,-0.14303815519481367,-0.050840442823851355,-0.13399013076922872,0.98967767188611455,-3.7204226011261254,13.469691518827833,-3.3434056678030522,,0.1183061569842616,0.2608695652173913,False,1
0.75103234716881917,-0.63084685359848935,-0.19489140774026301,0.65904042907853777,0.73421018037377328,0.16309850972798434,0.040201073941775467,-0.25093357356160756,0.96716917615975029,12.500417982830925,-10.957823196577687,-3.2961652827507386,,0.4359701527166605,0.2857142857142857,False,5
-0.095046552193357225,0.99112595459944142,0.092927364298685325,-0.99528869352031291,-0.092818606490888092,-0.028020043535250568,-0.019146003937718072,-0.095152763535457929,0.9952785449937025,-17.154243925891443,8.1597131747726763,-3.6697912404635309,,0.1142016464934285,0.1470588235294118,True,4
-0.99560304698497726,0.075749211989477483,-0.055105623281118801,-0.071826100761972947,-0.99495827047311958,-0.069993223003857755,-0.060129727120271301,-0.065727444040598923,0.99602425623893798,-9.8085574265752768,8.7480570453127875,-3.454654447905861,,0.1404530303892649,0.4956521739130435,False,5
-0.92149644443176681,0.38739288778173497,-0.027767848237470714,-0.38413972744641345,-0.91963158232753628,-0.081941580306621242,-0.05727977563683706,-0.064842141249956214,0.99625023162913939,-7.8481505021226985,-7.1028586697002982,-3.4076695661388907,0.2145565904720581,0.294099548769126,0.4558823529411765,True,5
0.94388472502674026,-0.31426944761825804,-0.10156938591381881,0.32220736252597454,0.94376056813306874,0.074151234455016868,0.072553713862562444,-0.10271662149264134,0.9920611141829353,-3.4613133487448113,-1.5226409193125665,-3.3736437154297025,,0.1905454563230175,0.4131054131054131,False,5
-0.21350435148824706,0.97655245157146464,-0.027589875413751554,-0.97694027582021403,-0.21347355955619016,0.0040910696321294487,-0.0018945648334797796,0.027827121665256832,0.99961095528406441,-15.064248269398176,7.78918286498567,-3.6026673952770656,,0.06569443509321944,0.2542372881355932,False,3
0.28804985269280803,-0.89143577447718247,-0.3498135822776422,0.95759222360546259,0.27067885739549702,0.098742541234328574,0.0066645070332690768,-0.36342154055770187,0.9316009704828937,-3.9221031777977884,17.537832848565202,-3.3071055672892213,,0.3212307825450301,0.2666666666666667,False,1
-0.29270615656334681,-0.91475746352282616,-0.27846344255430822,0.95594736164580996,-0.28667074820858535,-0.063123085190302991,-0.022085010127365131,-0.28467290888107522,0.95837027670773378,6.3462755315191508,-12.708515583203063,-3.2367872003180542,,0.3006304271371914,0.25,False,6
0.63340509684325952,0.77330200813214278,-0.028319384028895632,-0.77237281096672461,0.63403414080732656,0.037959836275664953,0.047309873941292643,-0.0021708315250975364,0.99887790210723371,-8.8177493506287714,15.502187083979232,-3.4453161399935102,,0.09906284802963225,0.1111111111111111,False,1
0.61520528190649448,0.78737500671133709,-0.039535552616235273,-0.78702983164386353,0.61630861455353625,0.027344756896547806,0.045896679803459642,0.014293020444297515,0.99884393393041937,-11.943202458572726,-4.9969579542978542,-3.5143143603921478,,0.08931956770172833,0.5148514851485149,False,3
-0.93406633237920988,-0.33838242917107503,-0.11409390143182105,0.35210191854634415,-0.92598684347834548,-0.13628134377453904,-0.059534239489854576,-0.16746849653977561,0.98407823723272747,4.3914285716840187,-11.290700562623174,-3.1988961488582262,,0.07621008955796212,0.3333333333333333,False,3
0.57378328679236668,-0.78131831589987111,-0.24558996118965939,0.81786193540530105,0.56246584777615605,0.12138379093003239,0.043296586618860093,-0.27050667149783902,0.9617440128549366,-10.048850694942546,12.634470455758985,-3.4816846417492844,,0.2409287780675417,0.3636363636363636,False,3
-0.057000100735990419,-0.97873210093853635,-0.19706461658178531,0.99834692219789445,-0.05441878417744174,-0.018493752097424841,0.0073764120057746158,-0.19779299917107304,0.98021605680831081,30.183125991788266,10.823733161222403,-4.130997051022959,0.2259795839063384,0.3214031382582559,0.5217391304347826,True,5
-0.33340464962071853,-0.92460075637709993,-0.1842682308977365,0.94205925720670736,-0.33438443615448687,-0.026672172179890041,-0.036955317918177855,-0.18248421894657538,0.98251402754007833,32.938283161615196,-7.3017552993227026,-4.004383833520361,,0.3563704434975308,0.21875,True,4
0.40146625015651471,0.9154223931493104,-0.028752253930023744,-0.91472421893659739,0.40233712837481012,0.037475837841789733,0.045874320442915728,0.011255098928990764,0.99888381179794872,10.940890094317137,-8.2298817422428154,-3.2693345709728692,,0.2467623644718028,0.5483870967741935,True,4
