axis_00,axis_01,axis_02,axis_10,axis_11,axis_12,axis_20,axis_21,axis_22,location_x,location_y,location_z,dbh,dbh_approximation,score,reconstructed,number_clusters
-0.98310900339724738,0.18239051627556788,-0.015178504933014453,-0.17571591289273061,-0.96381451830787368,-0.2004631942657662,-0.051191848917029603,-0.19441006628179502,0.97958364662379049,-19.108552549446955,-7.5217196190942177,-2.6038370928406533,,0.2827889078756616,0.3658536585365854,False,2
0.99232679148573077,0.11839005608660792,-0.035655764182572283,-0.1050707038216038,0.95945564831117902,0.2615435071306616,0.065174274818107586,-0.25579025302693498,0.96453287157999401,12.732296886695698,-5.3111367862005894,-2.692677993173954,,0.5249350186052224,0.6086956521739131,False,5
-0.79736274159385601,-0.59964312514828955,-0.068123276347533152,0.59912968910935716,-0.80008936934423536,0.030010276407734612,-0.072500165142258849,-0.016885601106747684,0.99722545220707703,-19.051569046977857,10.631965951900124,-3.5796298174382408,,0.09799713835671445,0.2777777777777778,False,2
0.94250102904846933,0.33141038314695603,-0.043115753327107695,-0.32778940640797943,0.94184157061135931,0.074084822433699932,0.065160688219821739,-0.055692134190709834,0.99631946227101464,-0.85047803784574016,-2.623533766239047,-2.6514579797858429,,0.3041227582401788,0.8556291390728477,True,5
0.99753788279843669,0.054242142270489589,-0.044451798432915274,-0.046700482738885059,0.98665793504010857,0.15596532991131268,0.052318613264952574,-0.15350540454426181,0.9867618017950105,-4.1939539831389006,-11.293658818549549,-2.1751253857997019,,0.08875204875141723,0.1707317073170732,False,2
-0.36815511905700837,0.90855599778595519,0.19745330384495732,-0.92919687111000893,-0.36695666003779165,-0.043999822423278726,0.03248050232818589,-0.19967175198579745,0.97932436323591643,-4.3287757097403698,-6.1328755353177478,-2.4813617747114973,0.2022032400315094,0.1321460317107758,0.3478260869565217,True,2
0.87627171181444818,0.48057154890312803,-0.034624752109217873,-0.47666090738641154,0.87513799257679548,0.083233847191028984,0.070301254920089165,-0.056431200000575839,0.99592833739338693,-0.4457980792461293,4.4013976303180877,-2.9436477933826053,,0.1186654575162197,0.3537414965986395,True,5
-0.66439083825352074,-0.74428942679384258,-0.067956333094705154,0.74389976094480548,-0.66732423543356978,0.035937591311386935,-0.072096877262796608,-0.026676093527651931,0.99704083483228478,-0.41553210873716884,2.8039285328023622,-2.8769192083468846,0.2126968238086679,0.2085773096560884,0.4153846153846154,True,4
-0.41503371494412672,0.884250436994103,0.21412188149606304,-0.90938266445905258,-0.41036705321904021,-0.067985669178691505,0.027752207858661469,-0.22293507195607032,0.97443818103095203,4.0224874376269728,-18.507685568540069,-1.6285625059443993,,0.249844415170167,0.1111111111111111,False,1
0.61509137797032942,-0.74629163480553473,-0.25438434025278511,0.78837527795373896,0.57752692617920176,0.21196006852558025,-0.011270219959133201,-0.3309251355779525,0.94358970786289731,-23.778628034678597,11.614716593882713,-3.7581324250201811,,0.3973845109987336,0.15625,False,1
-0.70862811653346902,-0.69172140583615405,-0.13916784530301513,0.70558155508425346,-0.69444744655106094,-0.14105819048746832,0.00092821501600370143,-0.19815206455338016,0.98017085129589465,15.940909427364174,2.0764918051751855,-3.2467518442767545,0.2974690451237321,0.2722613303265236,0.2608695652173913,True,3
-0.88050488034657248,-0.46939950219579846,-0.06614577102283796,0.46894277522227396,-0.88292279067978074,0.023238314591655776,-0.06930966204434244,-0.010557132023684836,0.99753933141041329,-3.8667342396062878,-3.7127203404412268,-2.6166109966744262,,0.1074926691768646,0.558252427184466,True,3
-0.89431724267563206,0.44639397838845868,-0.030480904047920188,-0.44696387076317651,-0.89442345133592116,0.015165353037007348,-0.020493113122524633,0.027186499569878328,0.99942029524904308,-2.772993720909223,-6.2479379824726564,-2.4451864712157261,,0.08033574006894506,0.2352941176470588,False,5
-0.90082265358980396,0.42864346014842153,-0.069161628461246266,-0.42529573116003233,-0.90318022360717132,-0.058215330815450675,-0.08741903589308439,-0.023027543440138395,0.99590543949043442,-16.577846626286775,12.145719971990371,-3.5854902866688403,,0.2087375974635099,0.3333333333333333,False,5
-0.72724120655578872,-0.67881851453674324,-0.10161521445831311,0.68545823219416169,-0.72593768557428162,-0.056227116058971724,-0.035598306203165814,-0.11054366099050493,0.99323353729638109,-6.1568170702009946,-9.0482291807642827,-2.3125442471201136,,0.3021109584812975,0.4146341463414634,True,4
-0.98986857464209976,-0.13126110840018229,-0.054136183441160612,0.13218942057910399,-0.99112667822645995,-0.013923533845451891,-0.051828197180494313,-0.020938699323029598,0.99843648212977543,-7.8261554184943272,-11.663642495538854,-2.1895882693547164,,0.1450508450937039,0.6,True,4
-0.22497618201503577,0.97054038851047053,0.086238458914111749,-0.9734275811807841,-0.22775778623619158,0.023772568336542309,0.042713718199938362,-0.078598632804475543,0.99599085999762194,-12.443825988416783,7.2727706838726567,-3.3087249242339638,,0.1488139779207799,0.1818181818181818,False,5
0.80330963692167356,-0.57835838441605525,-0.14210983922451711,0.59514475596218253,0.78848557882557724,0.15521988092640365,0.022278839275905842,-0.20926555177511513,0.97760502359632651,0.48981787919474717,-16.80944279785313,-1.8126932123572623,,0.2426636564428307,0.45,True,4
0.72987998029780043,-0.6652751614855037,-0.15711197876329511,0.68348942855260575,0.70660760479648199,0.18316084161362026,-0.010835839483554256,-0.24106980805197159,0.97044728462110241,20.523965407423816,6.738303527259756,-3.9372922132499086,,0.5900004090074848,0.3421052631578947,False,5
0.9989259665489193,0.016102497195417297,-0.043446782831157618,-0.011267293244939299,0.99394234340161902,0.1093236758265542,0.044943981323851856,-0.1087167308990136,0.99305624763423761,-6.5260765561476637,-16.397208985809556,-1.9215780432812388,,0.1193477730639351,0.2857142857142857,False,4
-0.52174989253843473,-0.843369728883123,-0.12847003557148723,0.85147323908427675,-0.52410838822707217,-0.017427579101837148,-0.052634330616641203,-0.1184816348369151,0.99156025003370818,-7.8853471904114674,-10.574237882740613,-2.2482369517771259,,0.3491458175659762,0.28,True,4
0.20200243092348361,0.97934497882834615,-0.0088560908253804971,-0.97719651584511047,0.20214697024470835,0.064989013233467161,0.065436895717767687,-0.0044737975579091649,0.99784668051471281,-8.3054688779951924,12.566984303005034,-3.4885851124478835,,0.1067926522936004,0.4642857142857143,False,5
-0.21434707220573654,0.97634601141890864,-0.02835134252937584,-0.97612904097760811,-0.21307777614870937,0.042070852994157457,0.035034668500847126,0.036692332958122902,0.99871229325823718,-9.944210156651609,8.8719153157234345,-3.3156550541763519,0.116646504238741,0.1451702999363527,0.3518518518518519,True,5
-0.96311759919892603,-0.2625844365620924,-0.058769922483059248,0.26178731531987526,-0.96489681668793326,0.021012726693713291,-0.062224526120402419,0.0048525066574750687,0.99805038025554127,-8.0027573028944872,-9.3618194214276524,-2.3311421433836137,,0.08011043789274847,0.2,False,1
0.99866507529810944,0.0051768570758481992,-0.051393263475251277,-0.00051613338632980994,0.99591543610851652,0.09028941093566939,0.051650759782871272,-0.090142355591580264,0.99458863594063496,-11.379771871150151,7.3792251221451055,-3.2719058322909778,,0.0948702632970031,0.5061728395061729,False,3
0.39689411867732355,0.9153699570922107,0.067623222433976213,-0.91492930946405704,0.38866261229275983,0.10883810219492052,0.073344510653318484,-0.10506767085441766,0.99175670771528124,-6.2635548183241463,7.5336330909106,-3.1945079079319982,,0.2478397792754051,0.3961352657004831,True,5
-0.86755702858300743,-0.48640031391072402,-0.10372818702634388,0.49242247845725806,-0.86934257300971807,-0.041995159993195919,-0.069748869999693444,-0.087511287159955403,0.99371870755932434,-28.721212723947541,12.707471314654448,-3.942412835382398,,0.279683331246776,0.4,False,1
-0.89733362329182009,-0.3954107319414642,-0.19606815543450218,0.43604687205629156,-0.86293977570799785,-0.25533912522555735,-0.06823117967539942,-0.31461928829387492,0.94676248845925348,-4.0778077595412379,-17.044889381346366,-1.8390068130719037,,0.4448509016019229,0.3513513513513514,False,1
0.31104583570169825,0.94855432038902587,0.059120126555556804,-0.94805750514496034,0.30531986278925133,0.089256643028213595,0.066614225439807273,-0.08381218680875438,0.9942525143601042,-18.190735583235305,14.5834650433841,-3.743770204919032,,0.369723651274587,0.7368421052631579,False,4
0.0078179318493070554,-0.99586978249976432,-0.090455824828872836,0.99856848926371677,0.0029883335024450202,0.053404513970787749,-0.052913629540766595,-0.090743849195139961,0.99446754680184135,-10.864583525224832,-11.996936576546622,-2.2292625491821312,,0.06646485058720666,0.1739130434782609,False,1
-0.52351417850067994,-0.83768562492085752,-0.15561394124469999,0.84808230884049118,-0.52986391198486993,-0.00079511500411741376,-0.081788155258192524,-0.13238968455676803,0.98781762946528739,13.339174293742435,10.826238206526895,-3.5281871998999055,,0.3396593652592653,0.1666666666666667,False,2
0.94925258010127866,-0.3033106691188292,-0.083199622413532487,0.31362320335298888,0.93274604754570001,0.17783502778273158,0.023664857693971218,-0.19490369105423164,0.98053685587221129,10.002930482378455,-3.9945381277839971,-2.6595488228796724,0.2265285043233212,0.1225158271466746,0.2916666666666667,True,6
-0.47726466585338823,-0.8758671514350761,-0.071240239786652559,0.87599407450604061,-0.48062331022970894,0.040442738459990718,-0.069662185999005005,-0.043104137862193664,0.9966389582697428,-4.4428347454087316,3.9762694036508317,-2.9825332907272726,,0.06458722061726146,0.2148148148148148,False,5
-0.37400919209203903,0.92379419390193485,0.081984215210838568,-0.92640391733274385,-0.37628183726231434,0.013702587239137989,0.043507541658993676,-0.070825604547890844,0.99653942599338219,-3.6999803719855362,-14.198122133399359,-2.0124185043780027,,0.3730901428202559,0.1935483870967742,False,5
0.98412150881219662,0.17277111283823693,-0.040681672308832947,-0.16766490052781044,0.98008675958149472,0.10638808591212295,0.05825235638328774,-0.097877915086514555,0.9934921120542991,-9.3516895744661817,-17.194056987998987,-1.9162477832380107,,0.1385817306241613,0.1818181818181818,False,1
0.94069630893355582,-0.32837750177547714,-0.085197832639575477,0.33800088923337179,0.92872615311886664,0.1523913757089993,0.02908355611396864,-0.17215094783569493,0.9846411518533229,-1.8554616494495193,-12.045964726173594,-2.1177508545000094,,0.1980659029837115,0.3529411764705883,False,1
0.93530569860923063,-0.3211255868627636,-0.14859881429925303,0.35005974744276241,0.90098870451345603,0.25627627194001473,0.051588984961981173,-0.29171512096771535,0.95511301154857231,15.33747935700846,15.072762297067252,-3.9870465114437743,,0.4060604515058779,0.125,False,4
-0.5722038799428899,0.81998014596548996,-0.014672423137139933,-0.81994564924274194,-0.57163697902973187,0.030336388935716656,0.016487936990414221,0.029389188967620068,0.99943205046947781,-5.9151663858468417,-5.2990073209846118,-2.5259597790764365,,0.07510487247651543,0.3402777777777778,False,4
-0.74344172623222315,0.66869197985264839,-0.012059675683746239,-0.66879102710438887,-0.74340715049447925,0.0080231327008282935,-0.0036002446456039686,0.014030134511972443,0.99989509127911413,-2.2488007446411822,-8.6210869751300834,-2.3161216241801066,,0.2480761010209044,0.1590909090909091,True,5
0.056800694436736521,0.99262492123451929,0.10709550343347045,-0.99834678252611642,0.055525623753622147,0.014852842371819663,0.0087967568600845637,-0.10776210303689869,0.99413779035796135,7.4489614530717452,-17.12531371528474,-1.7593602110834774,,0.3664006515602333,0.8709677419354839,True,3
0.84726034613265,0.53048642435771398,0.027093531393104903,-0.52343255476634709,0.82514074214878352,0.21251144970784369,0.090378462489450251,-0.19423416079135405,0.97678289517155314,-7.3297202845832761,-13.68888181819224,-2.0906777551091227,,0.2024605732645501,0.2258064516129032,False,4
0.80653313461662179,-0.58272391017776404,-0.099685240996973346,0.59114255589212306,0.79281139657833921,0.14832588468919616,-0.0074014443736057645,-0.17855792887083394,0.98390156248404448,7.102916427801004,-15.818734409866247,-1.8789298631279476,0.681376652626192,0.4537913086122375,0.8227848101265823,True,5
0.76247836057994534,0.64499667518815518,0.051049374565653088,-0.64529654751262522,0.75233954394079872,0.1325804525231275,0.047107487893171832,-0.13403171124467628,0.9898567497194829,-17.429854903735311,3.0953522997488583,-3.1403784339583969,,0.6023119994153837,0.9451219512195121,True,2
-0.95359733302196403,-0.28507135414010737,-0.096883690588878774,0.29541334385038975,-0.94803405166765264,-0.11816257086634842,-0.058164273643943637,-0.14130024744259612,0.98825662524676894,7.7419795957126212,6.6142607116349614,-3.122868244875264,,0.5702916430509801,0.2105263157894737,False,4
-0.41202490153488136,-0.90652959187553672,-0.09186718439760555,0.90854552981747083,-0.41639410268222499,0.034073031860322678,-0.069141165479483971,-0.069426582124117592,0.99518814750312479,-5.3960882241113959,16.923437672582171,-3.6288570279745982,,0.1408778770022125,0.2727272727272727,False,1
0.69374710833986564,0.70922300756055889,0.12537015281489469,-0.71795081053738397,0.66720121930938181,0.19846704159831596,0.057110273320902953,-0.22769553904024892,0.97205614970658094,-17.922461521695798,0.88016123252055301,-3.0390604906627279,,0.2308766213303629,0.2857142857142857,False,2
-0.77715830396951446,-0.60383560657337743,-0.17722169958949674,0.62727799655080008,-0.76588835059250671,-0.14119967942564435,-0.050470641113849996,-0.22090177604730019,0.97398928111386662,22.492023549905415,5.2653303243601286,-4.0755487407170321,,0.3713534137731024,0.36,False,4
-0.45127990700373027,-0.88177162775726403,-0.13720510929629351,0.89024759781170815,-0.455475997209707,-0.00091134861840774795,-0.06169003262428846,-0.12255779227828137,0.99054223909265293,-1.8342206155955432,-7.0488667094556376,-2.3983621296810806,,0.6173749105811048,0.5547445255474452,True,5
0.96381903762879273,0.2665197389883629,0.0044823469168545037,-0.25921739945910699,0.93322743963919408,0.24878280833315741,0.062122480004954288,-0.24094350921751267,0.9685489264069137,-10.951133618421474,10.665885191294157,-3.4170385522149385,,0.3682652225731588,0.2,False,1
0.62427712377875788,0.780713393280971,0.027652672171687261,-0.77562081645238046,0.61520381187204776,0.14119709254742557,0.093222431915637741,-0.10959410298832396,0.98959522572510461,9.5247120464467834,-8.271307890369016,-2.3949830689897174,,0.1301242676292395,0.3181818181818182,True,5
-0.17235641530940143,0.97431215688665385,0.1449451173533271,-0.98501803867407012,-0.17133198727825646,-0.019616666943490471,0.0057209779217862961,-0.14615461360545565,0.98924521698791101,0.1298741539666341,-23.944815938903112,-1.3463829315132287,,0.4827813094522863,0.1470588235294118,False,3
0.99709785220183966,0.0088350416150496137,-0.075616236180730906,0.0030972441532212025,0.98771329686626608,0.15624612082297537,0.07606760291434897,-0.15602687343285715,0.98481944261556587,-0.34603724955161552,-14.949061813375584,-1.9260284540092041,,0.3110529495749576,0.6891891891891891,True,6
0.020999074503149837,-0.98174409357257919,-0.18904384043222955,0.99672814262158527,0.005795651582507463,0.080618981194625045,-0.078051576384697632,-0.19011823994054144,0.97865367023568417,10.437156071558134,7.3781706611663216,-3.2057822057680916,0.5836158782603686,0.280010307634913,0.36,True,3
-0.31848165567873982,-0.94454119811192672,-0.080070968930156014,0.94569698729834073,-0.32238943139331966,0.041500153502523021,-0.065012638855607152,-0.062505836488902233,0.99592488531708712,-12.356842320786043,-6.840463926184853,-2.5013999271187877,,0.06732910083123596,0.1458333333333333,False,2
-0.84940699807080977,0.52752943965632071,-0.014847286763011556,-0.52754205294203549,-0.84952222405406885,-0.0033724198923966719,-0.014392150848203965,0.0049680110825432583,0.99988408571186194,-21.418301366580121,-8.9609726562822516,-2.5814086647634711,,0.07473000898983827,0.1428571428571428,False,1
0.32219324755328915,0.94600149636416941,0.035674642364245293,-0.94296686770318805,0.31737194604230096,0.10044169592037455,0.083695863966525591,-0.06600164196498931,0.9943031658467264,-4.8900494069142795,17.729884317010907,-3.6480832650897939,,0.1939526416110798,0.4,False,2
0.5861469656565651,0.80797179761221849,0.060110805308867435,-0.80754920970050548,0.57661366239030898,0.12401999135995259,0.065543943760575873,-0.12123637493802661,0.9904573351882433,14.474660794619325,-3.7555780948468236,-2.8471915963195551,1.023679268269803,0.3018199701202036,0.2941176470588235,True,4
-0.85678361743891984,0.51497018925998039,-0.02697289494693797,-0.5137397650885327,-0.85692655853945188,-0.041813000807287962,-0.044646238979982544,-0.021967645373847079,0.99876130076293568,-4.6778203196109107,10.877706765192551,-3.3430935147419061,,0.147459254501077,0.186046511627907,False,4
0.14121181504446895,0.9899330808456509,0.0095769900951807041,-0.98926704020528522,0.14073667377208821,0.039292643319606982,0.037549253725203881,-0.015022786126591404,0.99918185003615534,16.038305930392646,3.9650738515599695,-3.3977774735372077,,0.1242872505369527,0.4782608695652174,False,5
-0.89692089095766381,0.44185143707805952,0.017326941904571336,-0.44167502489974775,-0.89329374104337034,-0.083363448780310795,-0.021356210888587867,-0.082423296250477909,0.99636856257696571,-9.5057718430528393,-9.1446737476281346,-2.3617091858678028,,0.1181866567556405,0.1639344262295082,False,1
-0.78336367743485891,0.62139861382480788,-0.01432171820495738,-0.62154099471215107,-0.78332382927170019,0.0095168475531662439,-0.0053047872685379298,0.016356687675931566,0.99985214807005751,-9.4690517353820063,17.177051431588406,-3.7009090310951041,,0.08779348951543689,0.1428571428571428,False,2
-0.30978567005443919,0.94320017197982153,0.12002613967864231,-0.95042687997732356,-0.31075122657306364,-0.011064402374573443,0.026862323903416356,-0.1175036627538536,0.99270907359303262,7.1122397877122792,-22.453061457842228,-1.3853804342275671,,0.331798877905403,0.3571428571428572,False,5
0.032899223972417554,0.9988139859953854,0.035892373034154171,-0.99869481126797999,0.031449109324844141,0.040244595526454992,0.039068081709071341,-0.037169542675208743,0.99854499652689155,-8.7955060382387202,7.9259452291547081,-3.2470697918791238,,0.233240567636732,0.860655737704918,True,5
0.99258139593398664,-0.083569816360922672,-0.088307747333625286,0.10587722202168016,0.95117658223122847,0.28991916678945218,0.059767769765230364,-0.29711815025056959,0.95296831977194829,5.8638972450621587,8.677481076138335,-3.3086063102174177,,0.6436233240290385,0.1111111111111111,False,2
0.78524401751508965,0.61623307899452751,0.060403851778558185,-0.61225944497691098,0.75820452094743174,0.22419695905930698,0.092359108881185439,-0.21303214961080391,0.97267008704846769,-11.006371711544181,17.213783923197173,-3.7227784372837665,,0.2815881038648271,0.35,False,4
-0.95435460525901894,0.29722645139690812,0.029389181868550489,-0.2969611708056028,-0.93374211128690321,-0.19984927481289802,-0.031958574039948034,-0.19945452163206812,0.97938579903215672,5.4310083656705848,-8.9398618320731433,-2.2963046763737403,,0.4604842325018973,0.4069767441860465,False,1
0.95728492129852805,-0.28403589182864541,-0.054122006684677731,0.28730026776332523,0.95547932979103778,0.06721462999370284,0.032621091299828167,-0.079892818796027942,0.99626954279814928,-12.379878477859528,-10.083624702188885,-2.3578429864398602,,0.07069507150463812,0.5384615384615384,False,1
0.017057143510794941,0.99966175016266612,0.019632603417989988,-0.993975858255847,0.014827468088002687,0.10859161751558748,0.10826378461796234,-0.021366596636226018,0.99389256033455686,-11.132861703908182,15.701360580498413,-3.6566560931547136,,0.1848471207913433,0.2,False,3
0.72257388176452153,0.69059774177557876,-0.031012004872651357,-0.68743957689148916,0.7225524701369227,0.073107838309451403,0.072895908767233841,-0.031506935006461061,0.99684176253380219,-18.860642236388649,4.6579063603629338,-3.2464443032513719,,0.08343226698314876,0.3235294117647059,False,1
0.85148141214383988,0.52364013188210889,-0.027935945590215165,-0.51641838247261029,0.84660579273735115,0.12872717641560277,0.091057448997349383,-0.095182162121104918,0.99128648583345802,-11.71826510462606,1.5353528842074913,-2.9589351595797511,,0.7016375355091842,0.8927097661623109,True,5
-0.58126976474964942,-0.78962320449863688,-0.19652138689005477,0.80937586182819632,-0.58595426297415976,-0.039601969550424901,-0.083881910312957844,-0.18207909440600883,0.97969945825367089,-12.259406185958078,11.948020491388025,-3.4968919961284204,,0.2550874082252999,0.625,False,5
0.68475687405341223,0.72826232255778445,-0.027239915186003532,-0.72503603451185239,0.6845505503204371,0.075586326245651675,0.07369377243652947,-0.032008336394254634,0.9967671214006536,0.085325657667183877,8.5297052663516695,-3.2137569436366515,,0.06889558161819011,0.2727272727272727,False,4
0.94930750345946902,0.3124850301501278,0.034181424891641853,-0.31380520208412771,0.93565335451475895,0.16149023292514475,0.01848131544260603,-0.1640301987969025,0.98628217811240959,-15.908735863738476,-7.2801611806562034,-2.5559521008856732,,0.1748868733916979,0.5147058823529411,False,3
0.99532822424661871,0.087271560397115006,-0.041296498204133801,-0.080456613752146619,0.98616980620702244,0.14489943626232685,0.053370959534274884,-0.14089992218399178,0.98858421624408654,0.27683052085335397,-6.2238601338628001,-2.461622015842917,,0.07530749218931335,0.3043478260869565,False,5
0.085942893362197348,0.99432852522088977,0.062646652046089157,-0.9944217786958498,0.081751863016195914,0.066648022842112589,0.061148549744990809,-0.068025119076933011,0.99580793230354103,-0.67064131863166787,19.006567340142141,-3.6778527342335323,,0.4267020857607038,0.3461538461538461,False,2
0.99697516020595756,0.07036374718768966,-0.03300716610088604,-0.065574732401448621,0.98950866772192225,0.12873442031432047,0.041719113159114585,-0.12618058323249501,0.99112964641984347,13.984925700998327,2.8421139722111084,-3.2048261008364336,0.5239933105343934,0.3203158348709196,0.8205128205128205,True,5
0.94719500896392705,-0.31258305503460143,-0.071508382019606326,0.31992946657865012,0.93626898980641504,0.14507072461932391,0.021604430298596405,-0.16028790482163888,0.98683384425107901,24.224292597137694,8.9253307898336214,-4.4055847123387517,0.1985592983831565,0.1503307961800518,0.3076923076923077,True,5
-0.94496348964514987,0.32690678059477735,-0.013264992982168784,-0.32172536764855608,-0.93582696259320686,-0.14394680925596204,-0.059470926082080336,-0.1317567944537551,0.98949651644975967,-8.3057633465636886,10.343210633097225,-3.3818748213535366,,0.299553858908883,0.2794117647058824,True,3
0.20549751283338832,0.94060366186008093,0.27025085293981504,-0.97666429768647045,0.17948877364028634,0.11794333284123777,0.062430936593041803,-0.28818142103978917,0.95553851137649259,-10.005755414830105,-16.381465447437392,-1.9710476567769828,,0.481783489728387,0.2307692307692308,False,1
0.76143053120637627,-0.64271385763542532,-0.084512977406812642,0.64798017198069058,0.7508848428883852,0.12764658021411501,-0.018580712221239491,-0.15195673701377774,0.98821248080029656,-13.394651069596778,10.113545499714711,-3.4281934177226434,,0.1223513065644102,0.56,True,4
-0.046693390662353229,0.99889179055666966,0.0059091477342074032,-0.99794781449238568,-0.046907115853355663,0.043587636230836585,0.04381651307811614,-0.0038617665402899334,0.99903213158579907,-12.429991573175329,4.566755057111453,-3.115061589367742,,0.2323546092483571,0.6763005780346821,False,6
-0.56905405278064591,0.82173617826265877,-0.030448946586060999,-0.82200782645794823,-0.56747444047016149,0.047706316719647715,0.021923007453360493,0.052176745273694813,0.99839720001452481,-18.541428360002236,7.4709866178178901,-3.3805393086446553,,0.08572382200737204,0.4347826086956522,False,2
-0.61148862825140116,-0.78850387226004159,-0.065903724857858656,0.7878248875852657,-0.61446867438066788,0.041954674425253503,-0.073577197693878382,-0.026265788314560366,0.99694358132430516,0.017673759435301153,-11.458115282006446,-2.1438317840527983,,0.06794398995105687,0.2307692307692308,False,3
0.99558200420452247,0.081982951641054319,-0.045774103424611259,-0.077976790781663752,0.99346545151107246,0.083342766652502481,0.05230767633434974,-0.07940524097388911,0.99546909279112206,-6.4520229379926031,-12.965234712311284,-2.1113547430883171,,0.06853684089391354,0.2380952380952381,False,4
0.2733228050840385,0.93792813755576199,0.21350750104427724,-0.9597288250754703,0.25091620348194038,0.12633938874898287,0.064924776012320412,-0.2394407392474987,0.96873779003833727,-11.308350079569033,-10.408806269414905,-2.3432119570631778,,0.1477736989487936,0.15625,False,1
-0.24576734538570708,0.96570192526784859,0.083774718597152381,-0.96766626282455059,-0.23936807930874471,-0.079529405877378737,-0.056748706885961814,-0.1006116998266707,0.99330603044819887,3.8701226419764212,-10.684927424697873,-2.1998680894886449,,0.1920929779156802,0.1774193548387097,False,4
-0.46549568458255403,0.88455773783814717,-0.029519079688916931,-0.88468585432099722,-0.46408834296355245,0.044192183581182473,0.025391077160060324,0.046686382982679464,0.9985868389101914,0.91951134225817677,-6.9334681703459333,-2.4254240706901404,,0.2328637261943418,0.8578431372549019,True,4
0.7475016987273585,0.66389699665430213,-0.021954230414904519,-0.66009493972423161,0.74610429236751519,0.087195501381849297,0.07426897703736153,-0.050686909001897804,0.99594927396211153,7.1546146385571108,-6.649160839531076,-2.4521712660235089,,0.2100777581497573,0.28,False,5
-0.74553975303760389,-0.64899425177149928,-0.15158145601682502,0.66622361056374046,-0.73181361248752697,-0.14350936312787937,-0.017792621168409423,-0.2079790800669809,0.97797143357382932,-7.3094238760179424,-0.62575055649125688,-2.7382403548238732,,0.672506257543062,0.299210295408014,False,2
0.23778179318189532,0.96991316068733946,0.05223293555505383,-0.97028344010621137,0.23470267940876618,0.058861686469233607,0.044831514438604982,-0.064676989755568542,0.99689870213041221,-9.9992672107291707,6.1556519641008096,-3.1656239282371961,0.1331144850067814,0.1441416596630028,0.3607594936708861,True,5
0.98516364267036272,0.17149614254388623,0.0064552500361567851,-0.16152792019516643,0.91388108142459779,0.3724648976905498,0.057976962303023433,-0.36798157848834612,0.92802383037039493,13.832384977456265,10.070643665008525,-3.485534363713167,,0.5156295492312089,0.3518518518518519,False,1
0.98421510000253642,0.17067413805711304,-0.046807857518348019,-0.1672528079302058,0.98347870073574928,0.069254194375385422,0.057854430828227679,-0.060332278239624393,0.99650031662612037,-10.35353604870078,13.699513505133941,-3.5583922416696714,,0.08832784008918915,0.4473684210526316,False,4
-0.98524436754958067,-0.15150650963184309,-0.079619807529294498,0.15976365472729032,-0.98097326098920445,-0.11030428755213691,-0.061393084626893461,-0.12139702946687589,0.99070361380011795,8.0417908849261526,-4.1942417734290789,-2.6260209180249521,,0.2302672734188322,0.1176470588235294,False,3
0.86276208926529441,0.50480697213886194,0.028486807588382401,-0.49880864400771102,0.84059397774378541,0.21116747203124805,0.082652973266371971,-0.19639675521981997,0.9770346977202774,-13.560606907249563,0.17418500389029681,-2.923067261487343,,0.6269683022018635,0.3248081841432225,False,2
-0.149094828946534,0.97166879831083597,0.18338614552517346,-0.98829955267794833,-0.15246391278718011,0.0043300663033102593,0.032167159619270913,-0.18059485509504281,0.98303141971924246,12.45868796941801,11.243919467915301,-3.5499174459405824,,0.3784011679800685,0.32,False,4
0.46958826389932656,0.88089548295759024,0.059245341698150163,-0.88022044349036133,0.46190545683965212,0.10888213720984739,0.068548036220217767,-0.10327873472630429,0.9922875942405438,-14.348173833134252,4.4309702105931512,-3.1469884088675539,,0.08944290619826632,0.2592592592592592,False,5
0.96985491075545938,-0.23145500034838359,-0.076223584914709763,0.24266106691219752,0.94594193062973908,0.21519635331835005,0.022294813041470841,-0.22720573648174464,0.97359154403745429,22.126719498431594,8.7789659334201282,-4.2224768186517974,0.7949625038278427,0.3938449723726294,0.4,True,5
0.75441530794844647,-0.65285610302434283,-0.06809149636275727,0.65639582896736604,0.75057017230567513,0.076085032426053523,0.0014348683893919169,-0.10209468736862916,0.99477365061797229,1.5165522225426011,-11.94296563623536,-2.1043818817406685,,0.1160019891231342,0.4693877551020408,True,2
0.93345253613935397,-0.35045636980841482,-0.076463688347581993,0.35756530505094125,0.92605932340371877,0.12066972346398272,0.028520438265141924,-0.13998022145201242,0.98974346282428693,-7.4741932419114185,-3.9906900485348564,-2.5704159937419484,,0.08492435193128009,0.3416149068322981,False,4
-0.21821669951212735,0.97571464786482931,-0.019036753821114222,-0.97569853076121116,-0.21773337498812012,0.024587689738889917,0.01984563237710147,0.023939577237172795,0.9995164068274508,-3.8011554932481362,-8.2083767118808133,-2.3504351141481368,,0.07850690790064258,0.2295081967213115,False,4
0.96557861996442396,-0.24649618619469271,-0.08305154338764531,0.25779832470205899,0.94938594708715107,0.17946126951029062,0.034611449672184755,-0.1946945137000653,0.98025307644846749,-0.24022014508264944,11.414465487422602,-3.3705538499917496,,0.3812708718908669,0.7619047619047619,False,1
0.85532791633929228,0.51727995333593824,-0.02890684014996155,-0.51367172303279296,0.85398632619987735,0.082756967200105058,0.067494566353206845,-0.055935717930560715,0.99615042989118197,-0.086732833430138059,12.073466477794364,-3.3952750404174248,,0.7819685532267705,0.7682926829268293,True,4
-0.98663979620828846,-0.15284122705072273,-0.056404537509818289,0.15240829295016475,-0.98824567743966596,0.011924481616936503,-0.057564092784337773,0.0031686488359087472,0.99833678430000339,-9.4054828899547225,-1.1147358470263691,-2.7578880610299428,,0.5945660828682187,0.2967708867247565,False,1
-0.60136392252681758,0.78674275090050805,0.13927410595174514,-0.79875098571891745,-0.59612045925092183,-0.081469386124635557,0.018928695047844408,-0.16023807901984044,0.98689688546261722,4.2939862855990905,-2.1364488492897076,-2.7014257832308144,0.6105165431770364,0.5303707241353263,0.3195876288659794,True,3
-0.76471532030651646,0.64364024434861422,-0.030622128328375828,-0.64433229690731653,-0.76431086906957368,0.02578345563062065,-0.0068095558331766198,0.039447829813191886,0.99919842807741954,17.451992864578223,5.0447841986899356,-3.5606666565618141,0.1658608159463847,0.196388138370851,0.5555555555555556,True,5
-0.98560075652072654,0.16776574353367096,-0.02111407214078586,-0.15963118617943176,-0.96436548162364688,-0.21099076342754738,-0.055758704654244734,-0.20458219167216468,0.9772599928912955,-6.3672857099340874,-14.951268363948135,-2.0017446877845777,,0.3942792929949655,0.55,False,4
-0.62644587562419862,0.77937459233532513,-0.011866327805041852,-0.77946447464346102,-0.62638923273731306,0.0084653339895053026,-0.00083527374215655245,0.014552454532010959,0.99989375854881191,-5.2517540330104024,-12.42100760549121,-2.1315699965791244,,0.09820575113544738,0.3777777777777778,False,5
-0.010284385165171623,-0.98672198473388351,-0.16209243123786105,0.99931297615923331,-0.015914048672185724,0.033471162732045048,-0.035606278962426512,-0.16163683954373034,0.98620774941224487,10.884447878092109,9.4767039665551174,-3.389951595144193,,0.1462388175780619,0.3333333333333333,False,5
0.76795679724646349,0.64005327593617367,-0.023961667853572243,-0.6367531616475931,0.76696945249714221,0.079393136151851909,0.069193704155412206,-0.045712830798417023,0.99655535140083795,-4.3130178891955717,21.057610621655709,-3.7714944097880458,,0.1246686399884596,0.5,False,3
-0.53063150527883673,0.84617537781930852,0.049167423949877179,-0.84739736999599435,-0.53088621953497683,-0.0088045006520948155,0.018652156159227079,-0.046336291178853559,0.99875174352308438,-21.387606817280471,-0.28591684280990093,-3.0598914560297592,,0.4129242937977163,0.8674242424242424,True,1
-0.60380464253601818,0.7958529319634986,0.045144925928085562,-0.79710900737871437,-0.60238465807454045,-0.041832452380154747,-0.0060978691089793036,-0.061244056050526297,0.99810419375474446,5.7981827339481171,-4.2412559771644709,-2.6071267998939414,,0.1548504687358006,0.2727272727272727,False,3
-0.4788042984163926,-0.82150863351087755,-0.30962882437698891,0.87083403655956948,-0.48914488092277331,-0.04884021126501837,-0.11133069921343276,-0.29302022205666289,0.94960235092301204,-3.2425577983645169,16.289967693525245,-3.6005399920668473,,0.3758047976565957,0.3636363636363636,False,3
-0.21307266439387712,0.96505288771762521,0.15255478883327983,-0.97650331795015011,-0.21550145042499608,-0.00062840836301503167,0.03226933095745721,-0.14910415410911723,0.98829481507643402,-2.7222242590049111,8.9619066086645525,-3.2380898220710321,,0.6362571224506212,0.265625,False,2
0.69518316796957946,-0.70955964549564599,-0.11508897625694527,0.7186456155382599,0.68968868456875276,0.088758084958263414,0.016396409345159197,-0.14441131486803932,0.98938189284960631,23.887126319401293,1.1656620529049557,-3.8887291363144443,0.450315319988009,0.283606242102079,0.4193548387096774,True,5
0.69425622054273228,0.7174123058577434,0.057687811898169877,-0.71856937525227782,0.68636256653086525,0.11209139224185158,0.040820989543053812,-0.11927284128853957,0.99202199378022204,-4.9173071937856667,-13.939244995728275,-2.0375372316512004,,0.4925772001596639,0.6727272727272727,False,3
0.99874367082287796,0.0028137691796922986,-0.050031616946160373,0.0064954799053216919,0.98272967653528476,0.18493293810907596,0.049687913339598697,-0.18502558082562304,0.98147676778826443,-19.669063326113573,5.9554642294348081,-3.3376041662919,,0.1306525446191459,0.3684210526315789,False,1
-0.093868358823565756,0.98155087046781975,0.1665731667935556,-0.9910023406978794,-0.10815329022037164,0.07884939153747525,0.095410124950616598,-0.15767293521201253,0.98287138200200685,-7.2166161414026346,-10.103332298248453,-2.2733034031212811,,0.2097590062395108,0.2340425531914894,False,2
-0.72601231508687025,0.6813370713003255,0.093198248986219132,-0.6876741820014699,-0.71867253854829349,-0.10302427745517055,-0.0032152372869560797,-0.13888692382094803,0.99030302667453374,-2.2286292611440537,12.411456250632682,-3.4199096139287875,,0.1952111629981159,0.3478260869565217,False,3
-0.74741401176374833,-0.64856861994594295,-0.14398277758340822,0.66037567469700209,-0.74897141954806401,-0.054275049227393901,-0.072637891542209496,-0.13564865617311311,0.98809067336491441,26.946417654919578,7.9678656131196721,-4.6145029741017289,,0.1741911373838442,0.5333333333333333,False,2
0.81189177467985874,0.58216622791727035,0.043751906012954374,-0.57724749740713255,0.78930732071906229,0.20923498798360102,0.087275843991291138,-0.19513184397189473,0.97688611952659865,2.8897963305913854,5.1541705770156252,-3.0017371380100477,0.7515568818542154,0.493249213353493,0.3059701492537313,True,5
-0.90696630491765562,-0.41386673282116598,-0.078271637314855189,0.41837317819062314,-0.90668653724241977,-0.053697364497970038,-0.048744286995418468,-0.081448453928140152,0.9954848787591023,11.452080608312912,6.4012850856323258,-3.1926334961112697,,0.7390712338269975,0.5873015873015873,False,3
-0.12578976506587214,0.9920119473395338,0.0094462341861271601,-0.99091882458757463,-0.12609572930794286,0.046687794210888839,0.047505979441044573,-0.0034876046112645963,0.99886486499997762,-3.6622341216907857,-6.9936831762230778,-2.4117396265761535,,0.2169562283197561,0.5903954802259888,True,5
-0.63717989370541717,0.76879983186256295,0.054301027482432443,-0.77065998479319808,-0.63639366197655378,-0.032958987160090603,0.0092179659415966356,-0.06284843294917114,0.99798051262523824,-14.034668551903724,13.668572079890842,-3.6087644682793498,,0.1034449259605526,0.1428571428571428,False,1
0.76876740806183386,0.63949686194792432,0.0063589197704628959,-0.63636092106071052,0.76393352406730175,0.10700630333245612,0.063572403200242447,-0.086309526501253592,0.99423800731337764,7.3936281576054288,-4.9184630830462206,-2.5751693333626289,0.3290432216808219,0.2019627969931571,0.65,True,5
-0.75781462995710169,0.65201464627732808,-0.024369810480019783,-0.65246226794363493,-0.75745778648083262,0.023466798022007074,-0.003158406691572746,0.033683864674475601,0.99942754701267,-16.326602031323855,11.143763380445709,-3.5331406212988101,,0.07821565686748773,0.1875,False,2
-0.99811461801741963,-0.028291689340948958,-0.05446824408933968,0.038727271904493592,-0.97876833808487529,-0.20127776522360064,-0.047617304740777772,-0.20300768625056226,0.97801864584087439,-4.7323506793383068,-4.2300562857264525,-2.6087116683173264,,0.2693930626955123,0.3380952380952381,True,2
-0.95843799248126771,-0.25988248212733356,-0.11771877527316768,0.27828737965474643,-0.94251157122357743,-0.1850083036908331,-0.062870890667887203,-0.2100786366887426,0.97566091318327786,4.4165826060574904,-14.975740959530318,-1.9124573775235783,,0.1503890848452382,0.1333333333333333,False,1
-0.47841636974852048,-0.86562406384077117,-0.14769142580541106,0.87548643567517315,-0.4832281823088031,-0.0037449661294579328,-0.068126926434616833,-0.13109349305865006,0.98902639902696932,-1.4871406543041865,4.8944920836083572,-3.0031007225647977,,0.1270148348938521,0.25,False,2
0.84849288598837425,0.52853969524871502,-0.02656337654584608,-0.52224760556517724,0.84439299667745737,0.11940647236856047,0.085540989639821652,-0.087442882548896567,0.99249004094901716,10.526239841291089,-8.5104861849391362,-2.401187395872292,,0.3012818862174813,0.1428571428571428,True,4
0.95915329811704098,0.28237669226004625,-0.016981000544084152,-0.27709416830456696,0.94990405565131997,0.14457215135970919,0.056954127179716207,-0.13396151956979871,0.989348542563109,-11.422978615537509,-5.5353806297895147,-2.569847482662976,,0.102643266412702,0.2420382165605096,False,5
0.020137641240643576,0.99955725739530399,-0.021903529250840426,-0.99831013317982586,0.021297311217887364,0.05406757369596172,0.054510121956779178,0.020777721801673369,0.99829701636386314,-15.899635172628432,2.9480385982355672,-3.1033559356743554,,0.081219001293745,0.2592592592592592,False,2
0.99919517239604505,0.0076566111040884868,-0.039374912912137891,0.0019154950211932344,0.97138604283609553,0.2374983929673096,0.04006667367353417,-0.23738267015439765,0.97058957833427584,-10.899828364247515,12.241227194112415,-3.4918116090515694,,0.1789409188342249,0.2222222222222222,False,4
0.8968657663113363,0.44131727090989409,-0.029510398428708454,-0.42704843185396868,0.88137584824127713,0.20200557167571992,0.11515830004756281,-0.16856951246773857,0.97893967403336113,17.593692664016327,9.9174758591057302,-3.8138638161486376,0.3901092370102199,0.4922372060980605,1.0,True,5
0.41234710954129489,-0.84977986460359833,-0.32839616771093544,0.91059791634684162,0.37338485564295276,0.17718686272204587,-0.027951672539030019,-0.37209935674599176,0.9277719400324036,-16.424415913450908,9.7318994837621879,-3.459601677422635,,0.4654218909020346,0.1707317073170732,False,1
-0.5539325112394039,-0.79066346992210201,-0.2607873661103009,0.82639928082710701,-0.56020278989484873,-0.056895191734164581,-0.10110886034590207,-0.24703058823710144,0.96371826112966441,1.102789783280649,-8.278419668090617,-2.3512149160704001,,0.4753437244386945,0.3674418604651163,False,2
-0.50666577566326176,0.84553030325203227,0.16842891098048374,-0.86060842121412129,-0.50766819206944314,-0.040325576205190485,0.051409504052099639,-0.16538292851279862,0.98488859768485915,14.777504427753549,-5.8149951427105737,-2.6845008209490069,,0.3888315742473549,0.4545454545454545,False,4
