axis_00,axis_01,axis_02,axis_10,axis_11,axis_12,axis_20,axis_21,axis_22,location_x,location_y,location_z,dbh,dbh_approximation,score,reconstructed,number_clusters
0.095078081575294987,0.99527974061870705,0.019452411622227231,-0.99520703379256181,0.095483803110285884,-0.021114052983917102,-0.022871779418599622,-0.017351693218678729,0.99958781527621288,-8.0596442035890181,18.177248248030129,-1.4433950890817626,,0.4067613691538005,0.25,False,5
-0.63188868157555955,0.77273765959008334,0.059943336142904174,-0.77471703298039818,-0.62742021191453201,-0.07846907984150378,-0.0230263524412661,-0.096022846929072453,0.99511275741037819,-0.82776327621289791,-9.8156057957745659,-1.3113558600399073,,0.5889337905519648,0.2183908045977012,False,2
-0.72714525069187907,-0.66561448694204806,-0.1679795796194245,0.68402507527175693,-0.72320578007329184,-0.095305278280109831,-0.058047229009765146,-0.1842030250605447,0.98117264778571589,-16.236603600263194,5.8032416702719338,-2.3094587387132304,,0.141025837860064,0.2307692307692308,False,3
-0.28235797969379001,0.9511690505201289,0.12470528712078527,-0.95930127352542982,-0.28048527622077624,-0.03269673432994992,0.0038778751565372895,-0.12886212459831292,0.99165493742948674,0.053339608373662153,17.638403960542593,-0.77399609516356638,,0.3053995504372586,0.131578947368421,False,5
0.91689239615342433,0.39824712541314811,-0.02660001834956361,-0.39521280812606679,0.91518443896374646,0.079020750260437755,0.055813709508880344,-0.061940857103998159,0.99651801792646055,-0.26630618157812014,10.961448352226931,-0.9613700311892861,,0.1292190435662478,0.4074074074074074,False,5
0.99541564782174086,-0.0076917376179549569,-0.09533375710649708,0.017562683686768301,0.9945118707858831,0.10313918269834055,0.094017233597583447,-0.10434067298220621,0.99008776567952705,-15.199625129059067,18.311086771520607,-2.017533975942579,,0.4087946882793324,0.5882352941176471,False,2
-0.9900567778680287,0.11840853221943375,-0.075940740681257238,-0.11645004461643965,-0.99275134638685281,-0.029734682710974087,-0.078911112692749918,-0.020595721515217283,0.99666887808783411,-13.99344516589712,9.0590091454395072,-2.0264056999006925,,0.07035287154652053,0.3333333333333333,False,3
-0.60767712137618224,0.79343076511033728,-0.034585215517354398,-0.79250491365127596,-0.60864738919959516,-0.038526840762006367,-0.051618581872625913,0.0039970735472171434,0.99865887339397219,0.5468632392606444,-13.079423755907596,-1.2111063747027331,,0.09003786139182414,0.5,False,5
-0.0049672019742529935,-0.9772701909916075,-0.21193937978529187,0.99907810018424148,-0.013887527053415723,0.040621254591507928,-0.042641255103414037,-0.21154221893411224,0.97643822793438295,6.7529847353513821,5.8938444713464211,-0.52811265458695855,,0.2316314059121127,0.1764705882352941,False,2
-0.2805550708015162,0.93015068584508498,0.23687244219088563,-0.95955969207955671,-0.26585716567577922,-0.092548175535922636,-0.023109512840880995,-0.25325810763085066,0.96712268163635695,3.2365683676907535,7.8261976781805096,-0.76864748213623357,,0.380935712893844,0.1142857142857143,False,1
0.7588505715341004,-0.63180676146546566,-0.1580064120499251,0.64885869035742305,0.75429405807489669,0.10011430417555442,0.055930403449466669,-0.17849563053314788,0.98234978487835745,2.2129503531930088,20.585896474669212,-0.53346081771375631,,0.2102595555786143,0.3076923076923077,False,5
-0.75437604933364666,0.6528753059374327,0.068341869222778365,-0.65327736410309456,-0.73644779140890759,-0.17570809907188475,-0.064385260287369933,-0.17719617779750846,0.98206723437434862,5.4025197163771796,19.014393554836762,-0.27243767977708244,,0.5045487625949531,0.5,False,5
-0.89059520217966437,-0.43873980367898235,-0.11978134463383727,0.45064866069153015,-0.8868062883876513,-0.10242261221550296,-0.061285972877097097,-0.1451963895689046,0.98750293062079664,3.6772379012217891,20.120747878408149,-0.41510051747140203,,0.3033421762669271,0.625,False,4
-0.29025252374578286,0.95694015097302021,-0.0043611827451234264,-0.95657757126373055,-0.29026367240820933,-0.026577257858592756,-0.026698738067293479,-0.0035423065695315004,0.99963724893072148,-8.5411793737015298,17.012354912437534,-1.4996482596075189,0.3961207165829855,0.3510297867285654,0.9444444444444444,True,5
0.32823307408803937,-0.93169722618172746,-0.15557418744763185,0.94428524573197159,0.32787341633854655,0.028712324033432941,0.024257447673368043,-0.15633074420524445,0.98740684352935737,-28.261625540206715,6.7584711923423155,-3.0845800949654665,,0.5295694312414849,0.8285714285714286,False,5
-0.095074370831939398,0.99395858946402427,0.054837819446047417,-0.99542502253964382,-0.09440104114845807,-0.014746793957858474,-0.0094809552714515757,-0.055988979815438294,0.99838637091376925,-12.72673627718507,15.548609082483988,-1.8532068921525056,,0.1465298046158561,0.3125,False,2
0.97388362156356156,-0.22614556507457415,-0.020220658924546921,0.22530630719558503,0.95156444932504136,0.20919408863211061,-0.02806705520944322,-0.20828653863807975,0.97766505421541883,-30.243209756487826,2.0872835775168546,-3.2481643311770854,,0.2484060354674119,0.2380952380952381,False,2
-0.99227702143815022,0.10333517458574329,-0.068615992444668206,-0.096287340044133279,-0.99040743298956202,-0.099105321886627101,-0.078198854678685911,-0.091733082213345973,0.99270840671094429,-0.50217987664225916,14.562312722559776,-0.86561236903008698,,0.1880682118186178,0.25,False,1
-0.12972205666269573,0.99145334730885437,-0.013872567363976171,-0.99148631607175097,-0.12986003484532391,-0.0095528211769840728,-0.011272668613443818,0.012515249100156632,0.99985813767868714,-13.385129591876886,16.094717701739821,-1.8781498706239148,,0.08137845845231306,0.3333333333333333,False,1
0.92406939588042214,-0.36003390905349675,-0.12834070254152277,0.37431437250124766,0.92036484556731124,0.11321352208485483,0.07735956396070412,-0.15265692049664595,0.98524685357949349,-15.269551888932687,9.4298642961437622,-2.1170916325664511,,0.0817470044477026,0.3235294117647059,False,3
0.94587155684024116,0.32451607795368553,-0.0040389491423971358,-0.3142712916729597,0.9189750442841208,0.23815629996539389,0.080997241871726883,-0.22399594445559615,0.97121844282149905,-1.9171299385532234,9.2168063354017153,-1.1201383804577278,,0.4575414097284889,0.125,False,5
0.71421064142529656,-0.69132796996961976,-0.10940200003908315,0.69789198109773842,0.71529896329384035,0.035974655387255763,0.053384851731000688,-0.10204426024251655,0.99334637793531888,-9.9313886840926848,6.270817299055274,-1.7753639947972029,,0.0672722295657869,0.3732394366197183,False,5
-0.95900752125192712,-0.24745718651949064,-0.13809241478839906,0.27539754370785147,-0.9286961828519994,-0.24835376557605621,-0.066788974403829249,-0.27620344095608679,0.95877572565334646,-8.6046450346714174,4.7592128169960466,-1.734604314708744,,0.4260580215970532,0.1476793248945148,False,5
0.95258407333434669,-0.28823823568631946,-0.097479755427373721,0.29989459345505887,0.94355244410235395,0.14061300809277308,0.051447216116791171,-0.16317936363680008,0.9852541191169516,4.3090477432299146,12.050829983818408,-0.50744492993864032,,0.2941383124550446,0.3166666666666667,False,2
-0.96489303620357714,0.25693260669317025,-0.054470765587562642,-0.24964324908456648,-0.96163367782959008,-0.11374936417597049,-0.081606843293584155,-0.096157710464575524,0.99201512984725559,6.6642292977907109,3.9345938505114653,-0.57663072574169361,,0.1484946467975529,0.1,True,4
-0.40472300575393766,0.9046003970052493,0.13378120328148485,-0.91318490184129864,-0.39215874847897519,-0.11092723308773128,-0.047881349840977153,-0.16706177818204793,0.98478309216195259,-3.1310918788640825,18.962645481785763,-1.0391704615505768,,0.4073375114839878,0.4090909090909091,False,5
-0.94064930736156283,0.33684664953104382,-0.04139100457734831,-0.32840750771998306,-0.93420334899424795,-0.13932914842587882,-0.085600171923665841,-0.11746675030680587,0.98938070182260862,-2.1198021399260707,14.060218587929915,-1.0426915019854466,0.1762657416022836,0.2428889690947234,0.2666666666666667,True,5
0.19044014771073875,0.98103945269352222,-0.03597419073038445,-0.98159988980895896,0.19081325792682552,0.0072081153147055821,0.013935798037836246,0.033939547111663325,0.99932672368695485,-2.6772458318306755,17.276573090157605,-1.0155975722105273,,0.08645178336836085,0.3076923076923077,False,1
-0.95715877756943446,-0.2748997481399002,-0.090979134939860484,0.2793116027282172,-0.95937918979091374,-0.039706407260344578,-0.076368207411072558,-0.0634168642298647,0.99506090176836426,-4.5890248608923123,18.034530074904826,-1.187788089214973,0.2064170094711455,0.1412055572759032,0.4074074074074074,True,5
0.35979931745556371,-0.88137846561972799,-0.30613142847529395,0.93040875913359822,0.36350218193584871,0.046964930058023845,0.069885564217428628,-0.3017253122787194,0.9508300814784526,-4.8107634817994436,-10.415021423426941,-1.6294954444728333,,0.4969975181350273,0.2439024390243902,False,2
-0.89399277834360769,-0.43974174807314786,-0.08604712238680301,0.4424409005571121,-0.89668379393106412,-0.014290668829858133,-0.070872856466272879,-0.050846521050758445,0.9961885712621612,17.109548342396725,-0.5033786371827349,0.34664771323697896,0.4981386530165284,0.4243614107391547,0.9829059829059829,True,5
0.9194511396918692,-0.38895321320156767,-0.05766281002082875,0.3930679388443582,0.90533383859715566,0.16083605361854289,-0.010353606713136482,-0.1705462946859729,0.98529526751980012,-10.102273900167106,-1.0260032963238979,-1.9403554531564504,,0.2273759618071384,0.5517241379310345,False,4
-0.64802971551443711,-0.7540560496907559,-0.10703719790357763,0.75991576994787147,-0.64954943244400387,-0.024770090758950578,-0.050847914360489598,-0.097391009525749417,0.99394641750385315,-5.18880253783614,-3.8310115384439234,-1.6108383452427109,0.7475094420013229,0.7097629820039053,0.9555398729710657,True,5
0.11358088631621506,-0.98404301392253035,-0.13696250951952732,0.99348589569149304,0.11377203570883293,0.0064574726279450906,0.0092280726967016828,-0.13680376691060692,0.99055518373959039,-5.2341155779269686,16.169239036966726,-1.2413770990001365,,0.07136164662686295,0.3703703703703703,False,5
-0.3225573056452149,-0.93565698487007087,-0.14318795772951023,0.94631797746188995,-0.32211593931453736,-0.026899947433999746,-0.020953999793311872,-0.14417811312179757,0.98932987501101,-14.997454781410434,-10.705468880070987,-2.2891207137554956,0.2762656548729056,0.242197468759243,0.4875,True,4
0.84660899012987967,-0.5090990206549787,-0.15514962133182264,0.52795621415986527,0.84016295013895814,0.12405020412633853,0.067197126138317173,-0.18693422474749055,0.98007149833918095,-32.363569987468402,3.5294180460105915,-3.4334716364500846,,0.1561064215011954,0.2727272727272727,False,1
-0.86354128647153894,0.50222119795614073,-0.045500712989775788,-0.49467011868563149,-0.86116232215339261,-0.1170509657496237,-0.097968975898609589,-0.078570498451232859,0.9920830391325629,2.4007702270416313,8.5448723557031663,-0.80905965100891764,,0.06862026807338498,0.4545454545454545,False,2
-0.0365654658087484,-0.99382996515491817,-0.10471373868964309,0.99932962725698571,-0.036553514282900677,-0.0020338829816848869,-0.0018063212899907428,-0.10471791133203229,0.99450032491178875,2.8624944408225454,-4.5627382068753786,-1.0116507707455333,,0.5183901197581111,0.2325581395348837,False,1
0.77716059427225681,0.62688696835877555,-0.055083024720285589,-0.6265088608617736,0.77897938527407351,0.026033912109185032,0.059228860972290541,0.01427747246432113,0.99814232242098377,-15.65744090718094,-5.3487077462071477,-2.3159420091208602,,0.09313649172830839,0.3611111111111111,False,2
0.81094348971189134,0.58401463232129203,-0.036021739665450005,-0.58204106679634438,0.81145177304013016,0.052670832465440097,0.05999044137587977,-0.02174693690281565,0.99796203218302471,-10.419736725601835,-17.257733971903161,-2.0126230305361852,0.7956284188084917,0.4902055261997416,0.25,True,2
-0.27377488920412502,0.95080794457212192,0.14495365666241361,-0.96152875356585943,-0.26703523749514479,-0.064456481458389725,-0.022578000517165339,-0.15702367488518254,0.98733672038378006,-15.178731420093587,12.553481573286806,-2.0374285199001991,,0.5005337766180383,0.25,False,1
0.22571934289002302,0.96705213241238075,0.11773254198378517,-0.97404887121420436,0.22195772571188691,0.044312125689724716,0.016720488378973514,-0.1246793535172296,0.99205618997861955,-8.6553488280451294,-8.9225830889718463,-1.8814543329376787,,0.4707554033871082,0.1764705882352941,False,1
-0.31754595573801897,-0.93837170981074258,-0.13646648021140995,0.94780658559614495,-0.31846091847828917,-0.015662685036159203,-0.028761820092017075,-0.13431745094673114,0.99052086301913222,6.2999966840881703,-5.5031073359278038,-0.67507345066931457,0.596964625512896,0.6601178187378396,0.8706896551724138,True,5
-0.61125836476146289,0.78148685721962352,0.12506599658636119,-0.79014424994014532,-0.59358862028165083,-0.15272398029992879,-0.045114031028815151,-0.19217398852374329,0.98032335601025489,19.695758406122994,0.02021416798490511,0.60284822785783665,,0.59797350017806,0.3846153846153846,False,2
-0.68851299596845883,-0.70363579049127856,-0.17563179872179024,0.7230491309609639,-0.68475561897444115,-0.09115753671269429,-0.056123155641259574,-0.18975356814206326,0.98022638955407826,-20.162341331169646,23.103957427090709,-2.3353560365858304,,0.2199686600325556,0.3684210526315789,True,3
0.98354814747662334,-0.16763874029520354,-0.067307461306596802,0.17086590756486961,0.98424697603501698,0.045417307251288022,0.058633465080405692,-0.056170658872419968,0.99669803544228108,10.319046270558475,-4.7199790011687837,-0.31205327992906601,0.3939754501005114,0.1284016949477944,0.4347826086956522,True,5
0.33706644174214501,0.91228302951590368,0.2326497107425099,-0.94113494534743269,0.31979509223835018,0.10952677127602051,0.025519179006657022,-0.2558725718742621,0.96637363295222234,19.267022348567611,-4.7761454326041122,0.53767990573402846,,0.788571387092168,0.3469387755102041,False,1
0.96037627011579474,-0.2647208969873327,-0.087179507320794866,0.26996852710848601,0.96129617944753409,0.055014995687082853,0.069241708307559602,-0.076370819543835622,0.99467234994889375,-11.690670649234047,20.004612349790627,-1.7286469161505955,,0.1254467256813037,0.3846153846153846,False,4
-0.98530272530647411,-0.14733114468320821,-0.086441155186460186,0.14988742142873054,-0.98841580507183491,-0.023831852249500945,-0.081928629923124441,-0.036438030826753773,0.99597187184598135,-31.128826118767204,4.0882339672128936,-3.3276198577870293,0.3071882805931759,0.2920338785778712,0.8214285714285714,True,5
-0.480251073052962,0.87450120583200452,0.067871553907727422,-0.87281175900939922,-0.46878363265933209,-0.13579962844440968,-0.086939865231076233,-0.12445700763352605,0.98840877833238194,8.7897308619503569,-5.4029605864514574,-0.43649094068308159,,0.4966043779625063,0.1176470588235294,False,2
0.86269461667490099,0.50554018872979867,0.013679032830734128,-0.50379558545658665,0.85672790967982915,0.1104866365226346,0.044136225876256763,-0.10220766289603296,0.99378347098889208,-6.274135037997242,17.904807581158416,-1.3104602876445217,,0.2267395851766449,0.4117647058823529,False,6
-0.67552613600673672,0.73607670397370617,0.04307581036976596,-0.73413369664998052,-0.66600456418171217,-0.13223326333476687,-0.068645138319052307,-0.12095042933504628,0.99028220151067325,-7.247777447947894,10.379676039708349,-1.4773566869130792,,0.09168664273379903,0.15,False,5
0.9988103174967542,0.0052332926972068683,-0.048482598007709529,-0.0014650339374876825,0.99699627440000804,0.077435666898820754,0.048742213097004619,-0.077272514389325253,0.99581783232795995,-26.877820811760117,2.2877089061147018,-2.9884897855969137,0.4390887007070378,0.2207803766928087,0.32,True,3
-0.88603741053854623,0.46094971719080502,-0.049629279139086824,-0.45826420202270596,-0.88699611121053534,-0.056849097107001166,-0.070225552832576935,-0.027627104790505872,0.99714849185577881,-43.801601641155038,7.6764107645893729,-4.2698534202987855,,0.7799107628443797,0.7692307692307693,False,1
-0.90600301073992873,0.41813522680199516,-0.065737939102383444,-0.41714515050403206,-0.90838380512087091,-0.028788643682810748,-0.071752825318261104,0.001339664648943098,0.99742154446225773,-1.3986977756676142,-13.095659142661349,-1.3664228252842894,0.2129774775115415,0.2507827379128793,0.8181818181818182,True,1
0.74702557244160861,0.66395580500305096,-0.033398849097488852,-0.66225305827950331,0.74761856671249338,0.049873495026933112,0.058083396231034534,-0.015138286214330804,0.99819695019207577,3.1873899024927796,21.440113938467597,-0.43896515710775885,,0.09734396261778558,0.3333333333333333,False,1
0.99316791549886474,-0.059034312621412649,-0.10066002958948875,0.077887078695276307,0.97768771119958331,0.19509060034157411,0.08689703444856603,-0.20159784052076871,0.97560607629381213,-17.090993746265475,-0.66727897737501163,-2.3980185262017093,0.7357280287929632,0.5901342488000282,0.676923076923077,True,5
-0.99193232501578243,0.11824527599634277,-0.045698110391282437,-0.099794067934869141,-0.95066580348015117,-0.29372721034737381,-0.078175485887814186,-0.28679711434738719,0.95479631786481922,-17.647689845466974,13.628501257316826,-2.2275537635379909,,0.4008514587526149,0.4444444444444444,False,1
-0.99257901399194726,-0.07979042465766617,-0.091762678228803851,0.091937683223060757,-0.98631767920154645,-0.13683894949191819,-0.079588713938283026,-0.14425991760508139,0.98633397629110675,-21.739853454357643,5.1994513220225862,-2.6608412529919594,,0.1553915388375696,0.3181818181818182,False,3
0.59025740763241896,0.80661610921585747,-0.031090916495486121,-0.80606093872178242,0.5910350253849852,0.03071419598703409,0.043150385884906828,0.0069318916352513194,0.99904454008634769,4.0102130271014129,-12.73301440612437,-0.83342338145685257,,0.09365294503261878,0.1428571428571428,False,5
0.99454010769101031,0.070830580789432107,-0.076635520608835939,-0.067477938637126589,0.99668320281748157,0.045489790269610822,0.079603404394785665,-0.040070213956512911,0.99602092144805954,-3.9898550904813597,22.293666755287195,-1.0859240505996035,0.6509576990706419,0.2651735789667996,0.8333333333333334,True,5
-0.68577129638941015,0.72771877637259463,-0.011962924523775932,-0.7259107936733652,-0.68507157831838938,-0.061077427981675807,-0.052642650739617332,-0.033201130931415891,0.99806133891058135,22.45044938198831,1.1249153939014542,0.85389140946965802,0.316077763424606,0.19497914550815,0.2962962962962963,True,4
-0.21393920604099548,0.97682871567818808,-0.0059729678595061078,-0.97651247586737178,-0.2140219515394407,-0.024859379208371578,-0.025561701702444505,0.00051428178225153276,0.99967311403294445,-14.742916330130916,15.358735169472538,-1.9935626838922138,,0.1283902340335932,0.1764705882352941,False,2
0.0048377525532920821,0.99945279554579247,0.032721638497079444,-0.99998503794695759,0.0047515915851697853,0.0027103984264071194,0.0025534354221798273,-0.032734261151096428,0.99946082870437558,-7.2542201941485045,16.37732840460799,-1.4081126313296992,,0.09642896605209803,0.391304347826087,False,5
0.98117050805225337,0.19133353214819232,-0.02638017445319038,-0.17711738887121489,0.94579906836247363,0.27220130940926951,0.077031582405705484,-0.26240350942846524,0.96187864803815015,-18.295810127827661,-7.6368469251576956,-2.4897465616331478,,0.4850181849155049,0.4230769230769231,False,1
-0.58448808902544813,-0.79823244065926313,-0.14559754279017262,0.81092501785279381,-0.58081671642104071,-0.071081343166313302,-0.027826052681375144,-0.15961488841908417,0.98678710884726173,13.573450017831604,12.074617648894749,0.29467092812262607,0.378953258637167,0.3900132965522272,0.3333333333333333,True,5
-0.91020323279424853,-0.4015272646507278,-0.10151813016897179,0.4088298042311802,-0.91028102649158193,-0.065166279483547182,-0.06624398978922412,-0.10081819553799434,0.99269704606454279,-12.864206935312197,17.503777895843424,-1.8421796932974925,0.3323060865472154,0.3308782969923258,0.8142857142857143,True,5
-0.23831788819829006,-0.9660096875685189,-0.10014922709876423,0.97101869438402433,-0.2389271404560521,-0.0060429057777362403,-0.018090862927234535,-0.098686904284542576,0.99495407713184503,-18.034541556777011,0.81447467083603375,-2.4706472282163769,,0.08363366883085892,0.3571428571428572,False,5
-0.68186365051688125,0.73010868985578214,0.044757827258098001,-0.72745670202663659,-0.67043508871847257,-0.14602581446985105,-0.076607498199077473,-0.13212907633116722,0.98826777667166266,0.61931734035470432,19.520808560437644,-0.71621952191655325,,0.2790146546566364,0.1875,False,4
0.70212789195364245,0.69970700961867804,0.13200956037810763,-0.70996219732906807,0.67374265295324653,0.20499881939953327,0.054498639473068891,-0.23765718647246542,0.96981903467274566,-8.8154827159627747,-24.48768461807904,-1.7475884213280881,,0.3799883451895889,0.1111111111111111,False,1
-0.74964107190199103,0.66134017208285489,-0.025834862241828592,-0.65914599825507592,-0.74953687385504497,-0.061000227179302945,-0.059706082621069384,-0.028699329626785126,0.9978033534605002,-3.8100191581511118,8.3387197755998521,-1.2801769949965802,,0.07935394651311244,0.2093023255813954,False,1
0.2809336009452969,-0.8753638187372893,-0.39346473375079005,0.95939013144755791,0.26701342720601284,0.090963758567563988,0.025433983977100172,-0.40304095888305291,0.91482845272853364,11.208913921112302,15.550480492925256,0.17589892153521675,,0.3483640397103027,0.2222222222222222,False,2
0.10674219526600899,0.97752622636796782,0.18179268553105826,-0.99365075304280215,0.098337275860672035,0.054662246146449614,0.035556781733815782,-0.18647320702745224,0.98181640765146683,-12.299279715439289,8.1034897153002543,-1.9119995251479562,,0.4798662549992808,0.1964285714285714,False,4
-0.56493537582882458,0.82505753539889715,-0.01131743869638404,-0.82359410743653205,-0.56466512134977531,-0.053348354490741393,-0.050406024768579992,-0.020817396872460203,0.99851182699780183,1.6051542046526059,16.08321183538537,-0.6721193535833806,,0.1021037815532159,0.1666666666666667,False,5
0.84642760824504848,0.53148482626217786,0.032926941152014985,-0.5283934046404587,0.83061878750432949,0.17570668677458229,0.066035701957578713,-0.1661213691789809,0.98389175053410738,6.8531941761915185,14.388186167972741,-0.27171584459469772,,0.1436076049147902,0.2352941176470588,False,3
-0.11787102976977756,0.99084180505566077,0.065870613288883703,-0.99302806108218467,-0.11752447810089255,-0.0091250726282738875,-0.0013000939853011033,-0.066486949103973181,0.99778644777050207,-4.289960501023633,1.0371162907921467,-1.5030905577588858,,0.2454760747476905,0.3493635077793494,False,4
-0.99318173116445296,0.10715281849886292,-0.04591647165157807,-0.095186661936544056,-0.97278845777141854,-0.21123947504215121,-0.06730191877323044,-0.20542855184821632,0.97635524365621484,-1.5179823293014449,2.2228772888841157,-1.3329936951627928,,0.3044519073090596,0.2669039145907473,False,5
0.22841576984151601,0.97145437031295645,-0.064051873411836963,-0.9734029000122657,0.22907887657249854,0.003108465215219279,0.017692663321838085,0.061638256855140724,0.99794172923895763,-3.3779353480763858,13.685562414866574,-1.1509074794021441,0.1647486160345357,0.1074305013769564,0.4651162790697674,True,5
-0.76777940389166577,0.64071410549780339,-0.00047114319180317776,-0.63723406702993113,-0.76368533653438375,-0.10352512052085454,-0.066689810138059746,-0.07918422682904841,0.9946267276949855,4.8466926296709758,9.9310655080788024,-0.5568594475775035,0.6729166251790832,0.367795568713098,0.3684210526315789,True,5
-0.92769859781598285,-0.3611905457205265,-0.094428286505519043,0.36907777107181239,-0.92537675870502512,-0.08636812692912535,-0.056186390798156197,-0.1149749717577298,0.9917781230488939,18.433976926403627,-1.5432270520076465,0.47599711286698082,0.870989885415963,0.8229434217381302,0.6111111111111112,True,5
-0.73465887414790887,0.67800416515118045,-0.024221698399926266,-0.67590593503656826,-0.73453266152422259,-0.060107704468590838,-0.058544902579715674,-0.027787068787334251,0.99789797734544949,-49.342236628819904,7.6001896286420285,-4.7224998849243844,,0.3385226473220648,0.6153846153846154,False,1
0.99603965185772902,-0.044896581057276272,-0.076741833028020179,0.060934921696033865,0.97325648541305354,0.22149209674236434,0.06474524882206667,-0.2252911685148756,0.97213782055023967,-22.335603212471369,0.27220507047937453,-2.7144288405703891,,0.3102733250693714,0.1875,False,5
0.41494113515361331,-0.90207477535147085,-0.11868004900582342,0.90899016736301985,0.41667174755629943,0.011024083895235893,0.039506075416073004,-0.11245334349397269,0.99287134893814233,-34.548134326126281,2.1299076442936307,-3.5863204390128036,0.2423958878924551,0.1899421518698386,0.2631578947368421,True,5
0.94688705776539006,0.31492144064092675,-0.065033730179394622,-0.31271871699319731,0.94892038831853454,0.04191778471640327,0.0749126416469999,-0.019354143175176079,0.99700226341940834,-11.489920511562616,10.448895102205888,-1.7926578199831511,,0.07046205753789164,0.3181818181818182,False,4
-0.91043887293164216,-0.36899408764129604,-0.18693427171262758,0.40670264824156738,-0.8809774376204087,-0.24180924365515155,-0.075458694451063374,-0.29617919861048309,0.9521469780145263,3.9396387427519803,-8.9263468210550307,-0.86931880951854634,0.4128764711758485,0.3081066311129974,0.1212121212121212,True,5
0.80602030178912043,-0.57208849131610284,-0.15180919342200841,0.58711195686018447,0.80528829974962457,0.082524568451850397,0.075038811395039512,-0.15564547018793895,0.98495871202522756,1.9516780392494719,17.713879027707087,-0.6287074185448599,0.3230599381669206,0.2464608003430218,0.813953488372093,True,5
-0.71507799587663234,0.69747105341147309,-0.046878454178320331,-0.68611827940727155,-0.71311184513882231,-0.14392082193313704,-0.13381018823790788,-0.070750448590763487,0.98847822816081365,-10.994620610535701,-17.705057607107253,-2.0388583539105314,,0.3922506137090813,0.8108108108108109,True,2
0.56066608913854765,-0.80861578147079172,-0.17830887371767926,0.82680632215362448,0.55845534140545539,0.067223041455397647,0.045219930748328974,-0.18511658383866569,0.98167561253757329,-3.0929681157409297,9.9361892769824074,-1.191120879321405,,0.1101611214682603,0.1842105263157895,False,3
0.92598079616120132,-0.33200569017908416,-0.17981041913464818,0.37039213973625185,0.89117554197818394,0.26194620860300966,0.073275015948607872,-0.30915752468377766,0.94818373587039073,3.5055694183014072,5.8328534427444767,-0.78264744295815514,,0.1291520326982142,0.2307692307692308,False,1
0.70692854183856058,0.705986246784715,0.042842223154719541,-0.70536911381811684,0.69926372390103753,0.11612345890258031,0.052023552410923393,-0.11231056845589366,0.99231037796027444,1.5044842927282711,-10.91159153392444,-1.0803358702447134,,0.1972592115608553,0.5128205128205128,False,5
-0.14466080166160505,0.98262859048161866,0.11625104571886749,-0.98785240552002684,-0.13668386471235097,-0.073926626026038098,-0.056752774125320524,-0.12553316014266608,0.99046481428351496,-8.266488633325519,22.690833506468504,-1.4231075873080845,,0.3272624789057753,0.2432432432432433,False,5
0.84082041626247672,-0.50936656073465847,-0.18321226596912524,0.53456081427427427,0.83462174128716748,0.13285813792614401,0.08523944766726807,-0.20964793291640826,0.97405440340119454,-14.33724788683087,7.5734597228431371,-2.1105459154989861,0.8755763730348396,0.699282550522915,0.6809651474530831,True,4
-0.43499154990432809,-0.88339591106808912,-0.17433879608397954,0.89981392469024746,-0.43365350550117676,-0.047744508585541842,-0.033425326406249595,-0.17764093411914372,0.9835275522728959,-4.2619105215441433,15.836004424808744,-1.1671210159786669,,0.0729882952057829,0.3333333333333333,False,2
-0.68952922112079218,0.71848511652997893,0.091261111901270814,-0.72233262611927451,-0.67303345530951175,-0.15893880985389414,-0.05277338784071102,-0.17551383238663121,0.98306147527851562,-20.476276559687197,0.28102868318423052,-2.6077800292541107,,0.2925022165272507,0.2962962962962963,False,5
-0.4229634025376991,0.90614254633068236,-0.0027651117664774238,-0.90562711245958516,-0.42282220483485622,-0.032571709760254426,-0.03068376267421765,-0.011272481001964582,0.99946557613567377,2.2686210800425823,12.714504499666049,-0.68762396700259776,0.3092474797970144,0.1813934464453621,0.2258064516129032,True,5
-0.63991011209126325,0.76585254830103155,0.063126244179129737,-0.76609703623635661,-0.62937150622011395,-0.13033356523971662,-0.060086433686958124,-0.13176259491616485,0.98945855853984166,3.1885329442266168,-2.1233384490536005,-0.99883344094985937,,0.2767963872066939,0.2292682926829268,False,3
-0.50462511620140416,-0.8103345764868467,-0.29784453368930885,0.86315829258053101,-0.48059507694768189,-0.15487457494086734,-0.017642393493571641,-0.33524057952988656,0.94196735600990111,14.523179075613225,-4.8267735132598828,0.11587782936938683,,0.540683173008153,0.2333333333333333,False,2
0.98102659960310401,-0.17104932883468296,-0.091263015380689247,0.17706240059981623,0.98221940020209708,0.062401571778790396,0.078966557256863967,-0.077376850361318542,0.99386976302891983,-4.8125278011319006,21.416612961519313,-1.1587451641072615,0.3785465933782343,0.3245265839716523,0.8333333333333334,True,5
0.96154651706627947,-0.24640115952246722,-0.12130442738701391,0.26392872664878864,0.95118030814091081,0.15999265187661502,0.075960007683364222,-0.18585610022527194,0.97963645667247268,6.1472320967739966,17.100075833719785,-0.24623892891063168,,0.7479760566745932,0.7,False,1
0.95794669687903666,0.2798431928350168,-0.063450085598419539,-0.26596243650689788,0.94891943416056646,0.16975243691831063,0.10771308326223658,-0.14573844687073584,0.98344201496470984,20.169758112558956,-3.658526157012441,0.64580435755946963,,0.2000435361593929,0.1212121212121212,False,4
-0.9251446177567425,-0.3605796929479671,-0.1187001317155143,0.37733817492972821,-0.90767859277734075,-0.18367219156543127,-0.041513106080279645,-0.2147134305237946,0.97579444801467852,-2.4759430147291002,-17.393039965887979,-1.4303983534148608,,0.2991319552862186,0.1,False,4
-0.99416967576358817,0.087062554770283934,-0.063614207131693204,-0.073080682993729482,-0.97784355747617357,-0.19616623276066672,-0.079283475991486871,-0.19037355031414782,0.97850500344939195,4.4266873852903963,-7.1990080011861597,-0.8373700457110268,,0.3571504870090504,0.25,False,4
0.95542780486778944,-0.25388912006488679,-0.15065863532567281,0.2863227858724508,0.92125142844928676,0.26327754911953116,0.071951177723198437,-0.29467969100843366,0.95288347017430097,-12.04703175315918,-7.9605564392746935,-2.0789346798716961,,0.3067956040206186,0.1875,False,2
0.88812058097717239,0.45802289309385685,-0.038168875365964562,-0.45506899942905937,0.8879530031466909,0.06672083603648038,0.064451837859009625,-0.041886675741879667,0.997041356710889,-12.982434952036996,21.282619525461552,-1.8145102721452475,0.3788838920639218,0.4423577180853355,0.9583333333333334,True,5
0.38768178782258855,-0.91582047829075119,-0.10476489361413821,0.92122947027075086,0.38890865053708057,0.0092911055369974613,0.032234988682392426,-0.10011449985255563,0.99445361501877982,-7.0489800244415015,12.795879353685008,-1.4399717324509471,0.2947178516037167,0.2522120832361907,0.5664335664335665,True,5
-0.33466426253828774,0.94051667309590348,-0.058550994938741968,-0.94192833349113014,-0.33570327677713069,-0.008621167422021285,-0.027764112561459137,0.052265644449387,0.99824719206415202,0.78790612149084283,8.3906448414667025,-0.93175895754849902,0.4575943929585971,0.429432749258003,0.9496402877697842,True,5
-0.97631921044235692,0.20481846989523408,-0.069643332135879879,-0.20252539544022485,-0.97851572821101929,-0.038606137406372074,-0.076054345852120703,-0.02358737021022432,0.99682464478140398,-10.56473593319906,16.948046859166944,-1.6698947454045048,0.3912985810742924,0.3353870636261613,0.8421052631578947,True,5
0.016389325760903805,-0.97804805798404582,-0.2077339314477521,0.99966423911383817,0.020198781398550053,-0.016230165340039012,0.020069853961959642,-0.20739818105193208,0.9780507121097024,-13.213620870416307,10.804418553620357,-1.9096267552316948,,0.1704877177649137,0.2432432432432433,False,2
-0.94973644902733712,-0.28833301713833714,-0.12192107535963112,0.30160644990862734,-0.94711162108920643,-0.10960440945186392,-0.083870297259877852,-0.14086748533881205,0.98646952553632428,6.0761270977332158,24.587467853768405,-0.13028077200232174,,0.2065443124280274,0.2727272727272727,False,3
0.63183402343464146,0.77382266722387238,-0.044544882095762378,-0.7735597873860226,0.63315881437333232,0.026742683497505481,0.048898079406916331,0.017561192211465307,0.99864937909079354,2.8052817206940017,18.199279667128728,-0.53251327551238437,,0.08271855623279697,0.4285714285714285,False,1
0.95375713996617717,-0.28213682083811537,-0.10366355333915367,0.29097385331243131,0.95312066403384965,0.083037440231440732,0.075375955397288821,-0.10936093506840358,0.99114007649217317,-17.313168352384103,11.26511723508802,-2.237331421294654,,0.081096921898167,0.1875,False,1
0.99635837940628413,0.022719091475945391,-0.082181644358048297,-0.014013743633195561,0.99437412970665706,0.10499383391186994,0.084104665603450229,-0.103459813708695,0.9910713759215809,2.6440444490042672,6.4465779265838465,-0.83689169512840222,0.473057858983044,0.2280386257360778,0.5636363636363636,True,5
0.93141323644680141,0.35827533802926992,-0.064094969628732623,-0.35509929071709123,0.93315603975399097,0.055895430965936001,0.079836562450512891,-0.029301666004874743,0.99637720551276432,3.6824726687990936,-16.821579780536123,-0.84523341450941714,,0.1187234902136486,0.4,False,4
-0.68335914539667109,-0.7029236634012207,-0.19727798111634207,0.7250645044567956,-0.6850427685919992,-0.070695612145528053,-0.085450235690452764,-0.19134975471742016,0.97779523858015893,-0.80481630935187654,23.992353196347636,-0.79952304084167236,,0.3429745487994493,0.25,False,4
-0.55955460731003603,-0.76767008595294384,-0.31238002588371588,0.82787204981907292,-0.5354793948969967,-0.16700205618229144,-0.03907058441434233,-0.35205746231793761,0.93516257017685223,20.29859974723967,-5.1205948968405961,0.6708926007488708,,0.7302151831909729,0.3428571428571429,False,2
0.98752306143252988,-0.13471559478178838,-0.081546990511690537,0.14108914880857717,0.98690297156563866,0.078207268226070048,0.06994322860288843,-0.088736876424079209,0.99359635241636357,-6.7907538950015214,-0.65811378339034221,-1.6958449968283413,0.437309721831443,0.2779313327854515,0.8253697383390216,True,5
-0.40954226106583552,0.90020967892116133,0.14797861459597389,-0.91171037571722913,-0.39807451484214634,-0.10159168983110653,-0.032547307271613292,-0.17651972867034077,0.98375884147463577,-4.273825277559161,-4.8139859453877998,-1.5472066306583205,,0.1998758581414671,0.1355932203389831,False,4
0.72421651217647665,-0.67167749781691166,-0.15607620708279268,0.68754073451754838,0.72070628428103412,0.088714092324130731,0.052897843717946147,-0.17155696058230024,0.98375303171362771,1.6278991014359576,25.991618860944396,-0.55670982001713187,,0.1941758831355675,0.55,False,2
-0.9861102909755538,0.16325655098947567,-0.030558020078683752,-0.15565913510483498,-0.97257199109403047,-0.17284083949636403,-0.057937273758118774,-0.1656834955522544,0.98447562265962851,5.3111380151044569,-3.1024732482170014,-0.78933983794277107,0.6046758303844135,0.6574675161080797,0.2,True,4
0.030377168854285024,0.99908782500823423,0.030012422973098654,-0.99948156548160882,0.030682241060038466,-0.0097570664632714056,-0.010669014707707035,-0.029700471441571522,0.99950190301035324,2.3751356732763647,11.462500475504408,-0.72376318726499445,0.4335258361132355,0.180986936154001,0.5609756097560976,True,5
0.030196380074913064,-0.9127251402260248,-0.40745674252582398,0.99953803726200763,0.028979715998677505,0.0091590461867408178,0.0034482889650150226,-0.40754508273321161,0.91317857773997002,-33.80282616433405,3.4320455920089286,-3.5347089418109072,,0.3851965884578585,0.2941176470588235,False,1
-0.22865375135976174,0.97297792806530203,0.032115626832743285,-0.97327418976435642,-0.22775175777861584,-0.029436174467587086,-0.021326357580322256,-0.037988002402106855,0.99905059839121946,4.136976255322061,13.8114996094062,-0.50530203851421351,,0.3726177153902767,0.5238095238095238,False,5
-0.98907031698143622,0.12525939497539521,-0.077781694740084367,-0.12214648849564975,-0.99155465490698314,-0.043584420157622185,-0.082584159585381831,-0.033607295379009583,0.99601727208060253,-26.77505778605304,6.368447084094143,-2.9696047970893131,,0.08218492504110544,0.2424242424242424,False,2
0.96240310689549358,0.26423534991029063,-0.062928051739179966,-0.26196997077947631,0.96416055906631515,0.042025596375694328,0.071777393709321957,-0.02396030464578185,0.99713284448642048,-27.569531121744301,0.16847872204091369,-3.0740940716351131,0.1935907916623057,0.1215170810088481,0.375,True,4
0.99199616719419959,0.11274582042782558,-0.056850543076329363,-0.099321442969395338,0.97474302821141923,0.20002819781148257,0.077967013784640021,-0.19278072758781922,0.97813942555865563,-16.132513534122999,15.805170268577113,-2.0898895432796487,,0.2840451750417529,0.1538461538461539,False,1
-0.9168745340769987,-0.38147571543996517,-0.11754729810018814,0.39267599997872388,-0.91487592323480982,-0.093848836572250308,-0.071740140798559462,-0.1322056111321388,0.98862279388216723,-19.827355452417336,-8.9744037172534572,-2.5991322755740534,,0.4582609731836637,0.25,False,1
-0.77097837170611361,0.63384310779561082,-0.061929516883236876,-0.63398116822766115,-0.77309203517371494,-0.019914403924133212,-0.060499823917756247,0.023908572750483123,0.9978818324105091,1.0470978366306305,11.818527557036072,-0.82069804706215621,,0.07567594396642291,0.1944444444444444,True,5
-0.89060462504310234,-0.42438091952669743,-0.16347549355640573,0.44941918486473048,-0.87630470441185127,-0.17352942488575265,-0.069611767161572927,-0.22801513144380023,0.97116594962205638,8.2767076157953863,5.3270110479715953,-0.40293931224619345,,0.6002027875267795,0.4,False,1
-0.37009265521350621,0.9196243513765392,0.13161488864219384,-0.92742077795776912,-0.35749507815852871,-0.10994530324045285,-0.054056703277431173,-0.1627523316198817,0.98518503408398828,16.51300987961735,-5.270042123218146,0.28223377950936263,,0.3679981482115276,0.2105263157894737,False,6
-0.90180349247914493,-0.41921541370578486,-0.1049232951441388,0.4278796034664456,-0.90021588799975161,-0.080810889923422474,-0.060576446658860791,-0.11777008068395711,0.99119155676684412,-1.7629699279736095,-12.622176820332339,-1.3994009423864113,0.6610201988253009,0.598912265091871,0.6021505376344086,True,4
-0.9428004011835136,0.33151240039794172,-0.035027587850168317,-0.32021256893743627,-0.92982583003386454,-0.18135003858925239,-0.092689342551849241,-0.15976061524740856,0.98279460295276166,-5.9293109026124,-1.9862216843602465,-1.6495313933394522,,0.2434675433107635,0.2688821752265861,False,5
-0.89308192127747743,0.44824070725198595,-0.038535052219621377,-0.44331990259617826,-0.89138670766725225,-0.094324977372123697,-0.076629927896642261,-0.067156576419409628,0.99479538016326718,-5.1157968648682814,11.874557575138347,-1.3112494749180255,0.2137698404586386,0.1976654251122657,0.4270833333333333,True,5
0.98519492848431056,-0.14627040186658083,-0.089419921866346272,0.15309756759293136,0.9853654680910745,0.074940170074437151,0.07714977437376179,-0.087520648029174739,0.99317070460350931,-2.3068674311164958,3.4640638479646677,-1.3398349075764193,,0.07841301267598302,0.386046511627907,False,5
0.7429084553611276,0.66391041966296016,0.085498430487911725,-0.66689688699357075,0.72305615747488039,0.18010645534223998,0.057754385731552102,-0.19082124567409586,0.97992432520483852,-23.036964891009617,-15.417410957119538,-2.8263176012336682,,0.3351693119008325,0.2857142857142857,False,1
0.99830499261229422,-0.028383289579361953,-0.050808764972404025,0.033648307336827478,0.99380039141372911,0.10596496326279364,0.047486136279268995,-0.10749498080642131,0.99307094205937463,-9.5149082559145235,16.025119519571213,-1.6048781394213119,,0.2766548211832087,0.5294117647058824,False,4
