axis_00,axis_01,axis_02,axis_10,axis_11,axis_12,axis_20,axis_21,axis_22,location_x,location_y,location_z,dbh,dbh_approximation,score,reconstructed,number_clusters
0.39663970278111149,-0.91290009067093192,-0.096386568725710692,0.91793348350370119,0.39343862310207983,0.051031066168568368,-0.008664066047342784,-0.1087174057110647,0.99403493885023186,6.2972366013982342,-7.2426364469418587,-0.64786220214891121,,0.1008949765813561,0.2,False,4
0.99619456167217935,0.062342078734733582,-0.060908624297443342,-0.057474450211930067,0.99524485617951852,0.078640726224052881,0.065521621375017838,-0.074840774095691648,0.99504058995859423,-9.4380976212998746,-12.270700600967432,-0.64851614147124625,,0.09945639538088195,0.2083333333333333,False,4
-0.99891646794953937,0.0118893772580605,-0.0449948082297549,-0.0076446625175933995,-0.99560305626282364,-0.093360127972902732,-0.045906962371834281,-0.092914999158048725,0.99461517871850857,-15.478796868287601,-9.9895490945596492,-0.88329796861513132,,0.1301096895276861,0.1428571428571428,False,1
0.3013059035348174,0.95352266937606867,0.0030449106723541078,-0.95191366023906876,0.30060868947655556,0.059116827227498885,0.055453908296219059,-0.020710741105114866,0.99824642711985245,-29.050724120927988,-1.3611248246362002,-1.8526012345093632,0.4434802234122871,0.3896316668014826,0.3636363636363636,True,5
0.70178222684172842,-0.70376990222635649,-0.11049719819691894,0.71229345849361847,0.69576728653238096,0.09244410191335968,0.011820959193932515,-0.14358205915667946,0.9895678133468484,-11.429626883019536,4.0486885778279174,-1.8764838554015937,0.4542273131830613,0.3488303850958297,0.9914463452566097,True,3
-0.30253898469489637,0.91281010304681731,0.27431346761586517,-0.95306790727954427,-0.29318321632509975,-0.075532547812584505,0.011477231964716467,-0.28429090284588571,0.95866936725103513,-12.65363567079045,2.4120623311675256,-1.8377476738682017,,0.3305487166125942,0.3285859613428281,False,1
-0.65559170689968482,0.73784961834133778,0.1605535878076228,-0.75504792964161449,-0.63769834588862129,-0.15245800600436771,-0.010106324171999512,-0.2211758584576046,0.9751815737837094,-14.38210551405867,14.89954179597067,-2.6331634475838492,,0.3022360634410058,0.3478260869565217,False,1
0.93947193356137271,0.34261273858165875,0.0029995686407871605,-0.34126353243129182,0.93492065318723272,0.097275760991491864,0.030523556197985264,-0.092411490657456005,0.9952529472006072,26.759799562019786,-2.4145313212862094,0.042891579723656037,,0.1573640557146627,0.1818181818181818,False,5
0.86469407189983716,0.50153120799066153,-0.027759852894188509,-0.49928720257059134,0.86423879367204925,0.061673307528578636,0.054922230203374618,-0.039468404119107056,0.99771027543359447,-3.0656727203212322,-6.9836089214902684,-0.87667625921828363,,0.06824193823460328,0.3333333333333333,False,4
-0.51418537387211527,0.85755605556071912,-0.014526281944584017,-0.85767831385717574,-0.51413377490569756,0.0073736992296477167,-0.0011450917452456542,0.016250325300061694,0.99986729904149618,2.8983290509856894,-4.5762630392778236,-0.89513462058126225,,0.09310841236767721,0.2586206896551724,False,5
-0.34268835378258811,-0.88439550361276165,-0.3168742422023465,0.93903992704955597,-0.33242012650871278,-0.087754628930319281,-0.027725576433075678,-0.32763005460650746,0.94439919511295267,-12.428626254038837,13.198390739869254,-2.5500888566535092,,0.3595809676774606,0.375,False,2
-0.94303299793166717,0.3326991947728245,-0.0001030025594561737,-0.33184939349377152,-0.94064626754564584,-0.071137749403970413,-0.023764360917752018,-0.067051063749654041,0.99746649567803125,-7.5903150756004036,-16.738579967594813,-0.35004511280221939,,0.1586695106465152,0.36,False,5
-0.60614663913591815,-0.78993139433570403,-0.092707303418248496,0.7936764863860224,-0.60830994486931422,-0.006053588277369959,-0.051612855202660332,-0.077248969028358691,0.99567500217786276,0.83276115998921219,-12.886720949805637,-0.33013241822580358,,0.07198873621055771,0.2592592592592592,False,5
0.74104582000428432,0.67081075198748497,-0.029394347622694245,-0.66946429703055732,0.74150910469541831,0.044517442145544019,0.051658955231021625,-0.013310998151339105,0.99857607104949975,1.112050569969373,9.8005108631250017,-2.2811101220309618,0.3575683078717386,0.3348124676589818,0.7758620689655172,True,5
0.66772623961704269,0.7423848023610885,0.054831324534158392,-0.73645167094192199,0.64805631891452586,0.19406685415548089,0.10853849682824052,-0.16996415133268816,0.97945473706957198,-12.400803376782918,-13.472982368142867,-0.66606032866951648,,0.3760314753932311,0.3846153846153846,False,2
-0.70199072551737052,-0.68653246992481431,-0.18942594602252621,0.71033120016341045,-0.6941259134617056,-0.11669962440111452,-0.051367376436838447,-0.21647721358121358,0.97493538690423454,15.137573711203421,-0.88966620143106045,-0.69462316256327972,,0.795208874778144,0.7215189873417721,False,1
0.46050333099717539,0.8848311775092037,0.070784669584464527,-0.88433929518270726,0.450431538988945,0.12270060994063327,0.076685677517113693,-0.11910170440311295,0.98991620396476754,-6.7460596867517983,-14.869321121704301,-0.43296477157817542,,0.4432179296177164,0.2,False,4
-0.56528989060878254,-0.80220218732268156,-0.19214315035987051,0.82349004156154093,-0.56238219764290431,-0.07476907932634376,-0.048077968181718944,-0.20049417554892351,0.97851448356499815,-26.672555570171685,4.2874087841286075,-2.1780222466051651,,0.2531314426160899,0.28,False,1
-0.98946550573753744,-0.13446089264548911,-0.053649616070744588,0.1348250483859991,-0.99086421793087753,-0.0032105999352012513,-0.052727784737015455,-0.010410089971233234,0.99855466086915778,-1.7647871639669892,12.595041841293467,-2.4129362672598416,,0.08981637442834053,0.4137931034482759,False,5
0.36819666014267671,-0.88978536889168447,-0.26965388327644374,0.92972375238827443,0.35026987392096398,0.11368711302719388,-0.0067054981055940828,-0.29256283552372103,0.95622278971245789,12.527073778329758,-1.5779196136730418,-0.77621831943698139,0.7778407289943332,0.5461481244889571,0.554140127388535,True,5
0.59478992001909758,0.80315304379443553,0.034207298744700861,-0.80210677388683438,0.59011374101547176,0.091599650379136879,0.053382340980240611,-0.081920454762279313,0.9952082017161088,-0.76114387832556252,-14.489566623322,-0.23474496082523977,,0.09935930458837561,0.1764705882352941,False,5
-0.86757291506388479,0.4973097363350561,0.00051302427785097915,-0.49396132765252471,-0.86161107751104715,-0.11674141464795922,-0.057614614737129533,-0.10153510356821696,0.99316221178218567,-19.417570352590026,16.375135670149149,-2.7335568211726478,,0.3600269072518879,0.3076923076923077,False,2
-0.40103017558425591,-0.89751142125271166,-0.18343403989390439,0.91505972333091312,-0.40185453108567992,-0.034331306171790046,-0.042901060691011614,-0.1816209915368977,0.98243234597846008,1.4667240188572863,-1.7642163403580835,-1.2347046400734571,0.3745938071510632,0.3224300255738006,0.7128205128205128,True,5
0.38104997965822762,-0.92043719186607398,-0.08715669126440917,0.92452724584315993,0.37861889487902706,0.043555758910221454,-0.0070911702930768102,-0.097175656778225372,0.99524198415942788,-17.989189159688795,-9.4575209585321396,-0.96512795999206213,,0.4584743442238414,0.7857142857142857,False,1
-0.89391587579371357,0.44812249400228632,-0.010031818037078831,-0.44727454684906237,-0.89324163859871863,-0.045440673569416862,-0.029323825550635334,-0.036133162643854869,0.9989166671011297,-9.3757058057195906,-8.3199755434666951,-0.8127775452293543,0.3410319167607659,0.3521544011392923,0.6,True,1
-0.85798716975440004,-0.46314013766012335,-0.22216937103254375,0.49791840379372271,-0.85615189969814676,-0.13813467271748087,-0.12623501772624454,-0.22913999548620131,0.96517334337839977,-18.260174894964454,-0.79498955270210725,-1.5918079299142829,,0.3292370997714448,0.1851851851851852,False,2
0.96491441408811196,-0.23798119941648421,-0.11092845536329773,0.25976205562304017,0.92679923384979856,0.27123210465193687,0.038260265857520626,-0.29053077093436797,0.95610042526755212,-18.234566721387797,4.5192441175801843,-2.0517585689823941,,0.09619023707352142,0.1818181818181818,False,5
0.57673080150784517,0.78327088158122871,0.23209547315508519,-0.81567851423856841,0.53636897045275311,0.21674152565905636,0.045278515895291978,-0.31431680451801813,0.94823773516766452,2.7878947436102579,16.473742481095499,-2.3784952124308973,,0.633118736666052,0.5625,False,2
0.53687158437462645,0.84166480499133123,0.05804530928492925,-0.84190259808404921,0.53003766991395629,0.10129207180975436,0.05448777138410596,-0.10324933177066536,0.99316194966304727,-10.31403183160052,24.909829608368693,-2.9924838119223449,,0.2470578346688193,0.4761904761904762,False,4
0.87276326885620137,-0.47665116743490377,-0.10529929305736746,0.48736545057852937,0.86303285195906776,0.13285034445489863,0.027553477418016944,-0.16726613830163417,0.98552668399178001,-13.001030705868601,10.52823073100015,-2.4017698835697612,,0.1130969312267675,0.3,False,2
-0.87047089844963255,-0.48430286711773057,-0.087926946119124244,0.48962573081688732,-0.87027179175849767,-0.053792677861242463,-0.050468392824802935,-0.089876255879960676,0.99467341371662366,-3.1126000856390204,-5.9683494346959334,-1.007317866562502,0.6091936827380372,0.5996256181345095,0.8064516129032258,True,5
0.86843730021220278,-0.48188714600472643,-0.11662518645455125,0.49544879391871793,0.83463346492116597,0.24066049081263008,-0.018631913606155896,-0.2667803548785172,0.96357723823586883,-10.193679133923313,-16.783230316327053,-0.40704323168859541,,0.6630016567987188,0.6181818181818182,False,2
-0.73791137752456992,-0.66334787820679475,-0.12432373626277465,0.67428374926680978,-0.73247866821265506,-0.093895825722501089,-0.028778887999482462,-0.15311627311281931,0.9877890374536229,13.181563913304164,-3.8861515305826972,-0.58201643959621308,,0.149734239655778,0.3076923076923077,False,3
-0.20756162004762352,0.96619198045979027,0.15294191962439149,-0.97812118528851,-0.20274398043267089,-0.046624299331105602,-0.01403997054860827,-0.15927314680605947,0.98713471417709231,1.8332722459401005,13.234758218115115,-2.3537666280618832,,0.3006558438793485,0.28,False,4
-0.50266476521768833,-0.85385873909284593,-0.13510509791796119,0.86324740737560779,-0.50412688344138934,-0.025690446686734224,-0.046174099535758614,-0.1295428078530324,0.99049816429189574,-4.9950996474638272,21.924681135901523,-2.7553612308769133,,0.1497662409158862,0.3333333333333333,False,4
-0.30264594214130153,-0.94952188249234892,-0.082544705303187471,0.95225074179032121,-0.30490098077792177,0.015934763269180658,-0.040298368021388711,-0.073780665413423929,0.99645996153682248,-25.570106076183247,7.542445122568826,-2.3302221655309667,,0.2037142795310299,0.5428571428571428,False,2
0.82263392035087701,0.56491488884464347,0.064378579122182727,-0.56668048557103368,0.80539842582347765,0.17380046879695593,0.046332066229821028,-0.17945624548259179,0.98267430799638156,-21.144007545699754,1.830465064285826,-1.8345696506634772,0.2279423205237506,0.1357117290058671,0.4285714285714285,True,5
-0.36924453937384533,-0.92331449700199908,-0.10558792435000194,0.92833577073659801,-0.37172028689280995,0.0040896311830449488,-0.043025189290495869,-0.096510973149544321,0.99440156131627477,-0.9567937036378874,-7.7373845887489576,-0.76701075999664947,,0.06867220480305417,0.1481481481481481,False,5
-0.56147400526251101,0.82721837373308593,-0.021370624063467625,-0.82747941527578039,-0.56143187701105757,0.0084890971659655583,-0.0049758124287581293,0.022450158890954017,0.99973558086948422,6.4556074297507964,-8.6826201367311135,-0.53487260582319462,0.1517321669489638,0.1201099958796832,0.5151515151515151,True,5
-0.69288903547620684,-0.70489085193919365,-0.15176847949851083,0.7192401520435393,-0.69055184798316249,-0.076365888559132733,-0.050974387737750766,-0.16207107113694663,0.98546160741821143,4.6678082700561525,-10.15603367714515,-0.36165469415088408,,0.1457925587046678,0.5555555555555556,False,5
-0.92523934330921331,-0.34874921886003035,-0.14935240184629328,0.37172486659155657,-0.91206041517846126,-0.17310812407852219,-0.075847090585120708,-0.21568444869534339,0.97351293645270121,-23.670066929025193,3.7127514207496985,-2.1019354106893497,,0.47720939782413,0.1666666666666667,False,3
0.26676879275353887,-0.91700304113392506,-0.29654651197401105,0.96275389252523047,0.26762111847849607,0.038521154861142264,0.044038093059723241,-0.29577755069553802,0.9542412100010208,4.6631000824444415,-4.5380419005618338,-0.82430478392594742,0.6163945479386249,0.4030806570137652,0.9347826086956522,True,3
0.44436940011157655,-0.8911213513977152,-0.091861707623943634,0.89584277021376091,0.44216984770721079,0.044176428492088665,0.0012519186124088852,-0.10192429966250165,0.99479137000584017,-7.7557415373966272,-3.3102573465184943,-1.278185859704519,0.684084781340355,0.6111912048699867,0.9832869080779945,True,5
-0.36619426428135338,-0.87884614789536286,-0.30582872516642362,0.92960270100330211,-0.36023926907555204,-0.077887658221806738,-0.041720248019434913,-0.31282122265823603,0.94889530695425139,1.4938807604119244,18.333654158071358,-2.4714170096762911,,0.2332804561387551,0.1428571428571428,False,1
0.97571997957605039,-0.21344902060304027,-0.049092128286655101,0.21710209473365616,0.97217081830885488,0.088037381213601121,0.028934441732461114,-0.096557835685630089,0.99490672047651629,0.6276112089500574,8.1486540190517243,-2.1032873848342559,0.4782843105150801,0.424139228424098,0.691358024691358,True,5
-0.62149954421983744,0.78017668327042289,0.071152367604296621,-0.78312791714471097,-0.6211609853282688,-0.029490603496728714,0.021189193545803182,-0.074049802073852561,0.99702941024309943,11.789415550459465,3.0123511597863963,-1.0579409572197733,0.8283671041190143,0.5089079948784296,0.1875,True,5
-0.92732201226601685,-0.36933827875323549,-0.060523726046099,0.37120177008844774,-0.92827362816110781,-0.022744606917190269,-0.047782124796927235,-0.043558088895308669,0.99790759163445608,-2.8522990189225697,-12.963934869832844,-0.4002235325807314,0.829809323413381,0.732030998181493,0.9361702127659575,True,5
0.8671789663178846,0.49779609326538116,0.01413116787707188,-0.4963173458446602,0.86157840436188793,0.10654456978624477,0.040862361526935835,-0.09940675362845304,0.99420750587766904,-20.797269255268141,0.3725809334713005,-1.6850486654781893,0.1323115906055637,0.1722859218295085,0.2,True,7
0.71077797923616115,0.70275100968524962,0.030588929685765966,-0.70164162174135636,0.70522674791707851,0.10175592691563534,0.049936948976864293,-0.093788338340450972,0.99433900090372529,-11.260448064716952,12.015407649384988,-2.4840212960158561,0.7139423728749195,0.2817342818394566,0.1176470588235294,True,4
0.13582559990829682,-0.98093889119493194,-0.13896149880743341,0.99057138564210079,0.13192949573894719,0.03691799156448887,-0.017881173245620545,-0.14266569277623861,0.9896093995855314,-5.1766799460700019,16.942860223692481,-2.6282127450058312,,0.1801100944267549,0.2173913043478261,False,5
0.8456212060614573,0.53331544714099699,-0.02234747636680031,-0.51202000874507891,0.82226509710287221,0.24842628832531696,0.1508651268645459,-0.19863218250626635,0.96839298302339116,-6.1040988398365901,-11.112303716508192,-0.63077821186317473,,0.2988471436258363,0.1132075471698113,False,2
0.059251037419824681,-0.97873733578076805,-0.19637347609450245,0.99770119448417927,0.051580582991887461,0.043951905340482364,-0.032888312354334308,-0.19852624765249705,0.97954361204772444,-15.599420504197926,-11.278404887512895,-0.80513208284344173,,0.3842805552114136,0.2941176470588235,False,2
-0.35928549546107119,0.93316034575525331,0.011211684138764881,-0.93321714750372486,-0.3593126268647478,0.00043792757914480965,0.0044371563306479789,-0.01030559486344184,0.99993705119782783,8.1590979761301767,-13.682678425548721,-0.079659046350402732,,0.1015035385669395,0.5333333333333333,False,3
-0.51438471393572516,-0.850506046791349,-0.10976260948344316,0.85635877559170526,-0.51621049165686994,-0.013280653991777074,-0.045365334081639119,-0.10082753926743143,0.99386910294511976,-7.9358030609783814,-22.026208705472577,-0.11557992836988487,,0.2759631427503305,0.1333333333333333,False,4
0.67786207048738389,-0.73074162004928167,-0.080744647638763767,0.73512458988845109,0.67515717541387343,0.061275001660519385,0.0097391342476458725,-0.10089337547585125,0.99484957458361267,1.2111490499091877,20.112695010369258,-2.5078975660254588,0.3276980176853387,0.1536707245987835,0.45,True,5
-0.91608379173076493,0.4009828276602142,0.0018051176704298247,-0.39795939471355962,-0.9086059084742335,-0.1267423498477559,-0.049181365245409482,-0.11682497595691037,0.99193402921024232,9.9557471729227931,18.466639759321779,-2.1295241954044886,,0.3547136377924935,0.5185185185185185,False,2
-0.19369522831452285,0.97492557391527568,0.10955493532541299,-0.97707844332487626,-0.1816495063708434,-0.11100077668676769,-0.088316895994037373,-0.1285440864497448,0.98776340472847002,-24.152415403621912,5.9688773623743634,-2.2412274725976191,,0.3865608828254065,0.2857142857142857,False,2
-0.23915578259292722,-0.95909016803216718,-0.15149442642023025,0.9708811274139767,-0.23844271999622621,-0.023128028713389877,-0.013940878154929984,-0.15261428132658933,0.98818749893501423,4.9398519549045572,-7.2612847189009688,-0.7107038673594771,0.7849799415121952,0.5414121458410752,0.4504504504504505,True,4
0.051409046565697128,0.99318707908630399,0.1045778937788546,-0.99736027437541164,0.045682044063846045,0.056441420499065822,0.051279557613239185,-0.10720343644755163,0.99291380803412455,14.205094130650513,3.1396324128643003,-0.90991507939615279,,0.4893141344008421,0.4814814814814815,False,5
0.99877454680802913,0.034522323325135398,-0.035462851558370159,-0.020943196688749395,0.94404162524630664,0.32916073932771645,0.044841801490044297,-0.328014662773705,0.94360775423084609,1.3730901788123528,21.418075670511804,-2.5173504127285193,,0.302698909342269,0.2857142857142857,False,2
-0.4963373197851928,-0.86460140707361255,-0.078189972981063866,0.86692957034709406,-0.49837103199908672,0.0077093788314710875,-0.045633157311906959,-0.063958747255503559,0.99690866863682781,-12.755581799805865,-6.6292591635531659,-0.99004512953447643,,0.0712561002399245,0.308641975308642,False,3
0.99542646925255895,-0.059326688745813025,-0.074876487055954205,0.071008374914151129,0.98381841956441363,0.16449658968449585,0.063905829181964399,-0.16906111713884855,0.98353158752951564,-12.105527455336155,-4.9351358001974335,-1.239219031910108,,0.1146451601423197,0.2830188679245283,False,3
0.24132342001206272,0.970320045456745,0.015556874316602277,-0.9692468685017166,0.24019831100254832,0.053528303645261587,0.048202851090965858,-0.027996085018160255,0.99844514339564938,1.2358682054732411,11.462109156269088,-2.3471612860556439,,0.1441727188120448,0.2903225806451613,False,5
-0.72640411339771849,0.68140559018137903,0.089573911985813021,-0.68725356730585097,-0.72103264698399638,-0.08828621754631473,0.0044269926878141089,-0.12569146213175911,0.99205950329752102,-16.299746595071976,9.5974104059899084,-2.4158273972174089,,0.2920358377320071,0.4303797468354431,False,3
-0.015122174125252283,0.99905147157522234,0.040834752271928641,-0.99921101109810917,-0.016599334556327328,0.036080706653045136,0.036724312791685122,-0.040256915377005167,0.99851424907925523,6.4909077188722089,-10.745749573109279,-0.27112422055700069,,0.0952066539298529,0.4166666666666667,False,5
-0.12418183538865853,-0.98321101884745599,-0.13369728559867197,0.98805935064072592,-0.13491284370368284,0.074412661659250617,-0.091200829880723047,-0.1228601522900504,0.98822456537384984,-10.94051876328361,19.816845394336802,-2.8414649093962816,,0.1588856674488118,0.1111111111111111,False,2
-0.79445388445183307,-0.59984571504350415,-0.095016543945467144,0.6050104838634478,-0.79532531334029377,-0.037682361596385022,-0.052965459449628959,-0.08742290377304629,0.9947622308879539,-1.3401373187623902,8.4870797889814007,-2.1692062188748733,,0.07461504841645371,0.3529411764705883,False,5
0.32968234507658234,0.9294872544675663,0.16541763850070879,-0.94322717828586522,0.31678746988173001,0.099840818650574883,0.040398533236866832,-0.18894216762882218,0.98115687624560455,-19.261699383506244,5.0904978712927553,-2.0824104504635108,,0.1385920277605926,0.2173913043478261,False,1
0.87261469690224203,0.48807379990335154,-0.018098524749545923,-0.4845001325697994,0.86971494390951465,0.09410386750987193,0.061670189638541068,-0.073347680183982897,0.99539786292797205,3.9790903089645813,6.8167218145768853,-1.8417294878268344,,0.08704017074341773,0.32,False,5
-0.19592549627228459,-0.94540669017295287,-0.26042156225374569,0.97999425386135564,-0.1982464250706743,-0.017595946846452021,-0.03499231785956166,-0.25865912920853984,0.96533465314775491,-12.374904177758481,5.1234039887459568,-1.957115444774399,,0.157965963436304,0.17,False,2
-0.9765506064149222,-0.20947276128122327,-0.049699853036676907,0.20930887081412455,-0.97781230245406048,0.0085380189742936333,-0.050385610139838222,-0.0020648125118062285,0.99872770405157385,-7.9310104606342406,-10.712005141641358,-0.7048555629017077,,0.0748288881734146,0.2962962962962963,False,5
-0.99883460676328351,0.027647720364120623,-0.039560483954384759,-0.015544893249891946,-0.9602737085394506,-0.27862656187402646,-0.045692281907201898,-0.2776868888632637,0.95958439291578468,-10.706730861789991,-7.5285705249535333,-0.87519021979898637,,0.1529949565879726,0.2941176470588235,False,1
0.14086522709667168,0.987684641490716,0.068088448053673978,-0.9895849724038478,0.13840965030812372,0.03955187851490187,0.029640684666143353,-0.072950789337317426,0.99689498551632005,-17.254815074417717,10.435354319960283,-2.453920088727084,,0.4023473595389258,0.3454545454545455,False,4
-0.91635238583394885,-0.39586063724275872,-0.059938809282351242,0.39717973752636448,-0.9176691639481489,-0.011470032135658153,-0.050463462771766276,-0.034317071851509499,0.99813615178723025,-3.5594874764019151,17.322071824974444,-2.5979608937955678,0.2144086913959711,0.154844459902935,0.56,True,5
-0.91865753988833232,-0.39128670871798132,-0.054433776159366905,0.39166236770757429,-0.92010018276223415,0.00403031048453476,-0.051661534317277165,-0.017617186539132891,0.99850924913614691,8.1070631376441789,3.2338146161671077,-1.2930536747280628,,0.5880848078401961,0.6015625,False,2
0.78922104958153971,-0.60727731818560926,-0.091347653033379175,0.61363082399052771,0.78570328252733534,0.078278756214418363,0.024235237694697036,-0.11783297773995403,0.99273765044487816,-14.693360943470822,10.495855328818127,-2.4033082072944731,0.2781743623363506,0.2380323096181119,0.6758620689655173,True,5
0.97093697433735726,-0.22128611078478794,-0.091180310584919252,0.23681832976001158,0.94338028562193832,0.23227293296798507,0.034618933465636999,-0.24711554761611862,0.96836740732641835,2.8047490840344431,-11.19585180441937,-0.36285883205995761,,0.4617883305730983,0.1515151515151515,False,5
-0.098876944070061187,0.98762588866252399,0.12173107234771785,-0.99485657818168982,-0.10081414236488953,0.0098436552078337951,0.021994062380217828,-0.12013164754880842,0.99251430643453376,-17.202048310881711,13.668659755600336,-2.6254989937232827,,0.207001126252619,0.2105263157894737,False,1
-0.93109893068510496,0.36469984598292549,0.006985958565976412,-0.36212561738782478,-0.92188715415022049,-0.13780098782046357,-0.043815733573018691,-0.13083614696573481,0.99043530032941596,8.0180212340836547,-7.6300133390038161,-0.57323982886830493,,0.4563010787782419,0.2285714285714286,False,4
-0.96331676892806972,0.26700316633582627,-0.027020582314726184,-0.26507263196919967,-0.96238410635642258,-0.059609828161730258,-0.041920191828104386,-0.050260730189610608,0.99785597984774443,-9.4074870204129581,-10.937588841223118,-0.72042261361174442,0.2162070750936269,0.3170667358922649,0.1764705882352941,True,5
0.83266670260660525,-0.53036478799648512,-0.15930898914902683,0.55189435431796063,0.81844526186348221,0.15987487296375158,0.045593684235896881,-0.22104421500382632,0.97419744968416844,-9.7282690754004992,-14.073400751396578,-0.56810289552398952,,0.1810020101545582,0.3,True,4
-0.1557631713845847,-0.9852182491297794,-0.071294011122026005,0.98703726234566469,-0.15806325978800756,0.027810944722602635,-0.03866881406755756,-0.066037924610331991,0.99706755805801262,-2.366862959612603,22.315901215012939,-2.6771308309606203,0.2507033376311368,0.175118435971105,0.6666666666666666,True,5
0.37620772693560461,-0.86448801042342427,-0.33335900472028068,0.92653533877743133,0.35105707890862925,0.13524493833312956,0.00011041076554385576,-0.35974908920286508,0.93304907728756337,-12.52702371912126,-16.112060256425881,-0.51965740618410106,,0.5531745382845448,0.1538461538461539,False,2
0.99493046017546027,-0.093282627756161432,-0.037573005921175399,0.098980239211155688,0.9744071863723347,0.20182553701564329,0.017784590542085962,-0.20452135953209349,0.97870052714525246,-13.28084857841198,-4.3487413614671748,-1.3065540687310229,,0.191132701836662,0.2741935483870968,True,2
0.53422012036386179,0.84483487484625386,-0.029375112628473463,-0.84419647913614659,0.53498295165904763,0.033549158682550817,0.044058683736067625,0.0068757310656864384,0.9990052836245451,-5.9179443648953107,14.139076045957321,-2.4786866707409674,0.1659339182153229,0.1051308659644122,0.4222222222222222,True,5
0.0798396464218257,0.99577396894379777,0.045385390084855134,-0.99680637399402572,0.079681913797160789,0.0052768720379188123,0.0016381770724150264,-0.045661749720509466,0.99895561512428632,-5.7595241571777995,-16.892589171159873,-0.28282171152966101,,0.3426714692806261,0.5833333333333334,False,5
0.433899765119729,0.90093403107426917,0.006990384918584891,-0.89941354791214279,0.4326868381007859,0.061946508912401277,0.052785070437897944,-0.033165822567974124,0.99805499074562731,7.4147160666739413,10.778327682236784,-2.0345672635893615,0.3004815027872422,0.2485173009081853,0.5263157894736842,True,5
0.14740087477140551,0.9532730573351107,0.26371094075823986,-0.98851969342793844,0.13303720172322797,0.071623450508813247,0.033193340021150181,-0.2712408175710741,0.96193899030116081,2.9074400171196482,5.0324223200371119,-1.7238291796828882,,0.3178740470883316,0.3260869565217391,False,1
-0.86647451419853727,0.49909388853745923,0.011278593394867635,-0.49850736363521847,-0.86380667380783815,-0.07299615528576027,-0.026689410744202634,-0.068871770048379258,0.99726844663035952,-24.350235359219422,3.8000359872667291,-2.1075578385196359,,0.193651808599775,0.2222222222222222,False,1
-0.2664535449945975,-0.94201600344249525,-0.20398126781163323,0.96314178957728724,-0.26832600474721763,-0.018948571087479854,-0.036883621428393978,-0.20151179725918142,0.97879139454518205,3.1160193817422983,8.2904731727520922,-2.0312024837449578,,0.08035695853274498,0.3333333333333333,False,5
-0.94437089291778908,0.32880610967965118,-0.0070822910834669323,-0.32702934808934636,-0.94111498939201832,-0.085757694872929696,-0.03486290432415072,-0.07867095384571475,0.99629085056678646,15.61854468074201,7.5519494789184796,-1.4949251149281459,,0.1682625742862772,0.25,False,1
-0.82816351511481145,-0.55545617954147208,-0.074924127234638066,0.56011570038117831,-0.81532552422282978,-0.1466788728388351,0.02038613301198941,-0.16344027092476579,0.98634257913812973,-14.488046767944597,-14.262687546685163,-0.69405372729286074,,0.2289099672950088,0.2307692307692308,False,2
0.91016801259633173,0.4124082067930992,-0.038905781268899639,-0.41090937309896197,0.91074545632944925,0.041184959325957941,0.052418278738062797,-0.021498482387439021,0.99839377968273391,-14.570137746665836,17.60239553827623,-2.806242311962424,,0.4247621163820659,0.8813559322033898,False,2
-0.97708947891601416,-0.1843869047461221,-0.10629026084160709,0.20676049604186963,-0.94078487892867568,-0.2686520218715619,-0.050460355410483854,-0.28447369111624837,0.95735493501341817,-8.4564880234495625,9.7551186734968418,-2.2918023830469028,0.3774184981219413,0.09461018978865164,0.1935483870967742,True,4
0.62313469039745184,0.77705470226960516,0.08882087200633805,-0.7813212487158615,0.61336175325915787,0.11543165052938691,0.035217381054787146,-0.14132710044272012,0.98933633651660402,5.4833350569900325,-22.942325705730958,0.41767789323947196,,0.6335658833729487,0.9393939393939394,False,5
-0.78605069263496641,0.60041881035357503,0.14704271754047332,-0.61816011457312914,-0.76407995641998139,-0.18455322524457746,0.0015431652619359235,-0.23596413365348037,0.97176053957244923,-7.981394041695931,-13.282502094777195,-0.56142068401787559,,0.4447102737325875,0.3947368421052632,False,5
0.91461305576827023,-0.40003520895688349,-0.05877746007653082,0.40323768656496767,0.91313181768313678,0.059913701842088433,0.029703978722700329,-0.078499140947606627,0.99647155429471668,-4.4822503668173557,-16.281505273132364,-0.26361753937363763,,0.2557502986496985,0.6911764705882353,True,5
0.40589964449763172,-0.91105250052630227,-0.072310579319116927,0.91388887144340059,0.40398645531434257,0.04002592378019991,-0.0072532233249696654,-0.082330341960438813,0.99657870012562155,-3.9668966476858643,-12.773759461867279,-0.44059783133915886,,0.07012225063707063,0.34375,False,5
-0.031504201935971518,-0.99279547684638614,-0.11560547743829316,0.99911158426904112,-0.034519680969132334,0.024175065774425648,-0.027991560152767745,-0.11474115555957898,0.99300097672714716,-5.8801712788942453,16.2374929524298,-2.6207211271158153,0.1887135637785295,0.144070013040053,0.5294117647058824,True,5
0.72274196222274545,0.6906096431305544,0.026502393429712418,-0.68887871768548714,0.71678596319172394,0.10799997820051106,0.055589282801760162,-0.096313050966107733,0.99379757891191567,-1.5731496765615707,-8.9894954542355023,-0.58985185901487214,,0.2031589878674432,0.2580645161290323,False,5
-0.36102872556620913,-0.92576356880880406,-0.11233910264206527,0.93152954668549359,-0.36365250605021932,0.0030916816319119748,-0.04371456242439932,-0.1035310074797926,0.99366511839867944,-0.021607416005266278,16.570355851795256,-2.467406035994538,,0.1076288503952418,0.4193548387096774,False,5
0.47785054875587041,0.86844197208515683,0.13216426965923239,-0.87726559380974312,0.46399802986056043,0.12292642597569675,0.045430507055870449,-0.17468362661212203,0.98357597552110054,-20.05602499852187,-2.3409669096493348,-1.5579843569380514,,0.105045521682419,0.4210526315789473,False,2
-0.21621216584461697,-0.97024509577549589,-0.108980518737883,0.97568148149163392,-0.21883348964584709,0.012551911556048219,-0.036027017848689127,-0.10361639799288125,0.9939646352118926,-25.669484237231526,4.2417090461079905,-2.1649745205698654,,0.06767768797601635,0.1428571428571428,False,1
-0.81919215318537664,0.57248905617428125,-0.034358357355767699,-0.57286577765944025,-0.81964802154933181,0.0013862023339707413,-0.027368173964498435,0.020818293180428896,0.99940861599392983,11.510960794219702,4.9151674837934136,-1.2020492557792766,,0.5082456652761335,0.3478260869565217,False,2
-0.89559306421542562,-0.41748107425318964,-0.15369650604235091,0.43574932596911825,-0.89282265476166711,-0.11397469921779842,-0.089641442685193695,-0.16904809902726259,0.98152287388964377,-8.193548729566217,-15.562284876314717,-0.43063121127578041,,0.2136224560125985,0.4375,False,2
0.28508083694904363,-0.94766010891397556,-0.14376798801396845,0.95842292808758278,0.27988758152606091,0.05557366843673682,-0.012426074217409835,-0.15363352394788179,0.98804976241022346,-5.9977419638500171,13.217582999187757,-2.4450001102364545,,0.1461008157242685,0.55,False,1
0.75964348480318844,-0.6367653851683126,-0.13218025664795247,0.65008496805523797,0.749184861273408,0.12693139070917148,0.01820193134500463,-0.18235100188974734,0.98306500385534912,-14.137659077367205,12.168714247700821,-2.5301580165365833,,0.3041821548237838,0.5952380952380952,False,2
0.37501259035632456,0.92701913737740993,0.0010373091548384894,-0.92606951540192572,0.37457731421315205,0.045684661759765488,0.041962003258688409,-0.01809294373242544,0.99895537221119834,4.4289856343241105,-3.721050609182087,-0.88659001900601098,,0.07184137907763916,0.1081081081081081,False,3
-0.098964440927294825,-0.98017293266176209,-0.17165972593823056,0.99460423870222048,-0.10282799094101169,0.01374091098184704,-0.031119893758234145,-0.16937362945947548,0.98506046812172932,-16.032577048144088,-6.6260468644751596,-1.0197671297254773,,0.7522190047399167,0.3488372093023256,False,1
0.089891464563966225,0.99230603250346472,0.085136728007232154,-0.99520301256280463,0.086181478998657093,0.046300285782287634,0.038606843751628768,-0.088890328691237572,0.99529293229717086,16.694688734768334,-4.8985471331888535,-0.34561929739797215,0.5954336327669357,0.4542249923110309,0.4117647058823529,True,5
0.86849265272110521,-0.4918738102228532,-0.061487128623073123,0.49526246176642369,0.86624384312010239,0.065853612061735456,0.020871179519127446,-0.087645644919575119,0.99593304734410348,-10.836042010535698,-6.567312693568633,-0.97315790555802384,0.2397626175668235,0.1814755410939911,0.5774647887323944,True,4
-0.78298936521626772,-0.60239727897629858,-0.1550650580891049,0.61991069806193888,-0.77626561333063526,-0.11455314918749472,-0.051365167054976756,-0.18582038597087314,0.9812402375417808,-9.0511034028451736,10.590971115933973,-2.3736173455350547,,0.1271834727016012,0.4375,False,5
-0.99596731986626252,0.079526450713829702,-0.041528801996614573,-0.078228044691613693,-0.99642150034003707,-0.03200885321025939,-0.043925741680022931,-0.028631054765234337,0.99862444989139421,-9.3545836121763415,17.695943382705575,-2.7352799381700876,,0.1075961125877767,0.2608695652173913,False,3
-0.33637588860157941,-0.90657096797468328,-0.25491241945605969,0.94109954938608853,-0.33348803633600077,-0.055833392929842247,-0.034393309128342431,-0.25867897024343239,0.9653508640080033,-13.629453148497914,-16.471801302344808,-0.53163560392842735,,0.2618815916314869,0.375,False,2
0.91000911621708203,-0.40663826166247152,-0.080800572732675463,0.41391399705311677,0.90221812805875568,0.12115136171610905,0.023634962350669898,-0.14369333162773523,0.98933998958922342,-8.2166433351693762,2.6374761664234043,-1.7720309599193054,,0.2273235271828775,0.1776649746192893,False,4
-0.014779304491593393,-0.99180550945955959,-0.126899186618393,0.99935877918213389,-0.01879145423309643,0.030478053077621754,-0.032612921217542799,-0.12636737179141777,0.99144726774356984,-11.742497469010376,19.200838136701208,-2.8447349368336838,,0.1744366652688862,0.76,False,4
-0.58854413315349785,-0.80190927935362954,-0.10274877623183554,0.80704089805998502,-0.59028365187221954,-0.015817686016879669,-0.04796657366469146,-0.092231870950003667,0.99458156517800567,-0.066407042650367842,-11.052228671840288,-0.45820674629015773,,0.08889071605058199,0.4285714285714285,False,5
0.94705680202472731,-0.29811324523458815,-0.11921370204132878,0.31913090205078809,0.91475760992957045,0.24773772912535966,0.035197742753573569,-0.27266647775559438,0.961464565552684,-17.181530275499956,-9.222277187994651,-0.93830223218743725,,0.268584043900678,0.2666666666666667,False,1
-0.41581911653088655,-0.90243366054454655,-0.11272954645363734,0.90796908812168409,-0.41900617492240622,0.0050951341857692848,-0.051832396654505716,-0.10023628930214727,0.99361264533216687,8.0020395010585705,6.9794675438588962,-1.6371027259626132,0.1561168171254548,0.1822822633982918,0.2222222222222222,True,4
-0.19731964016847184,-0.93872412071410094,-0.28259862843496475,0.97960490301726177,-0.1999571487727182,-0.019783140277182414,-0.037936705027274573,-0.28073860412174084,0.9590342238770474,-10.478550916276655,-14.934254819551688,-0.55214902518225117,,0.5989018364459007,0.6976744186046512,False,3
-0.99930733233140767,0.036096274387958066,-0.0090506642848393395,-0.033096783372973129,-0.973261330653034,-0.22730372893080775,-0.017013479334049092,-0.22684673511160977,0.97378185457018818,-12.204125953245843,9.2953680259716762,-2.3194289185796748,,0.3905620527960614,0.1627906976744186,False,6
0.99886299169516879,0.02236209954484969,-0.04210297288463298,-0.013941943773984822,0.98157287148794137,0.19057890796917021,0.045588880503703424,-0.18977522088740831,0.98076858611578466,7.1208633614099153,-1.5299151510821893,-1.1121098396133744,,0.4271229494263291,0.2156862745098039,False,4
0.24729008654036863,0.96764511417845178,0.050105350067914702,-0.96718442066862875,0.24339860171472685,0.072879469668798047,0.058325890603971746,-0.066483484339248153,0.99608134045135455,-3.5766483862440746,13.742806810810201,-2.4662446612186586,0.2010083664254243,0.2556471932322893,0.358974358974359,True,5
-0.46552006040703342,-0.83669825787206498,-0.28849107201520974,0.88436989391410237,-0.45241924874078376,-0.11492046861715183,-0.0343651581837323,-0.30863060224591754,0.95056098555554602,-1.5151191512972868,-3.9689137410387358,-1.0784179328941861,0.6757149262292007,0.3001602459933041,0.1320754716981132,True,5
-0.81412681183404589,-0.577282493709523,-0.062788985574283321,0.57821093381350419,-0.81587724023850361,0.0040552286395976276,-0.053569116769350666,-0.033003807618495272,0.99801858620530426,-0.46943864306783434,-15.510955745527619,-0.13898835199661325,,0.07022449742934356,0.3,False,5
-0.9387212107241274,0.34209564610731324,0.04210768874027699,-0.34399413584022281,-0.92215488479913998,-0.17691354653791544,-0.021691543148576242,-0.18055729660001194,0.98332524609120486,1.9611732216046693,-8.6445357744833089,-0.58352188188017728,0.8002063808125749,0.3202992080807738,0.2765957446808511,True,5
0.89313135515140651,-0.44276644385378811,-0.079210218043411454,0.44871205729399882,0.88927281729433394,0.088607821665964745,0.031206923661293108,-0.1146810037385025,0.99291207833177775,3.3807647409386443,-8.4096678740402702,-0.61010442860458836,0.8750724068909532,0.4354945010992732,0.2631578947368421,True,4
0.52108440059051631,0.8535004440042222,-0.0028354092859870644,-0.85222086172167966,0.52047961539816134,0.053109065152204274,0.04680438342272239,-0.025257910435721488,0.99858469227844726,3.3993488567268937,-5.6690511029619621,-0.83751726739606347,,0.4809560127183664,0.673469387755102,False,1
-0.9337684811352901,-0.34208033031865948,-0.10515451130299019,0.35506403771566902,-0.92230527353434455,-0.15258607908909869,-0.044787863973846695,-0.17981665668067459,0.98268001771728586,-16.137056879133141,15.785310312955826,-2.6693755625886633,0.5268783584789886,0.4524427673445992,0.3076923076923077,True,4
-0.95983024053502575,0.28010556303748857,-0.01633349043915229,-0.27766619038560425,-0.95661666581876881,-0.088238548234471068,-0.040340997399911691,-0.08015876891041479,0.99596544904707762,-6.5078229747710843,-8.2536241708853222,-0.73487659186417331,0.4034789525436162,0.2840007402170053,0.2527472527472527,True,4
-0.50526239238155546,0.84774949002514322,0.16134037624530231,-0.862965693718037,-0.4962762944749467,-0.094868598640235377,-0.00035540204444719711,-0.18716474482210754,0.98232847458732542,-21.666783663935192,-1.3181079619553255,-1.6429228750137101,,0.1853432219221683,0.3043478260869565,False,2
-0.95275293702801933,-0.27223198915017699,-0.13472781846308338,0.28349904620474248,-0.95621410130606121,-0.072683445601071747,-0.10904188087833495,-0.10744457430126714,0.98821330271745256,-12.863999703006481,-7.9266998580950263,-0.89852550711740031,,0.3083986558814711,0.2093023255813954,False,2
0.99296233634135145,-0.09764656168854817,-0.067014532736781582,0.10762334063201798,0.98015156089578903,0.16649364619934579,0.049426866770302683,-0.172534247800119,0.98376263304585709,-1.4495071942050588,-6.2701310974848328,-0.95010229386767597,,0.07635038619634203,0.2166666666666667,False,5
0.86671559390308606,0.4964827173490422,0.048051957909451611,-0.49727011543820049,0.85248820587622731,0.16120263997220954,0.039070597350173514,-0.16361164449892351,0.98575083982062051,-33.877077854867842,7.4164679504396869,-2.5705391157658095,,0.2132008642740628,0.2424242424242424,False,2
-0.5544997369045972,-0.81347439125996746,-0.17546924669855385,0.83213698916753776,-0.54424147459726013,-0.10653285215080513,-0.0088358945171271019,-0.20508688912854825,0.97870388518471585,-9.2711596269360204,14.745742728760941,-2.5890890392423471,,0.2276252814843099,0.4722222222222222,False,2
