axis_00,axis_01,axis_02,axis_10,axis_11,axis_12,axis_20,axis_21,axis_22,location_x,location_y,location_z,dbh,dbh_approximation,score,reconstructed,number_clusters
0.82671165717538064,0.52411467117690702,0.20457675172770676,-0.55102616910197688,0.82770025635440092,0.10621886176974263,-0.11365736603993951,-0.20053951502879092,0.97307035000398701,10.877120745883367,-20.429991453058236,-5.6487486921524059,,0.163600473236191,0.2727272727272727,False,3
0.96417006555686657,-0.21090341337947655,0.16092182856577703,0.2117087128616571,0.97725510227538959,0.012324202821213465,-0.15986089447556606,0.022185925754939426,0.98689020621134349,-12.464801388767336,6.2818096066072107,0.68556386843385553,0.126083997083011,0.1151046366826994,0.5217391304347826,True,4
-0.97846487225687451,-0.12247818771124727,0.16614929218719326,0.10262418562527381,-0.98705462039551972,-0.12325361203877379,0.17909430556018865,-0.10354839395579095,0.97836749732658668,-10.4601162311697,18.961179977355552,0.84368827764165266,,0.5510301374086872,0.3170731707317073,True,5
0.33207134385740328,0.91927877050387508,0.21131768664648623,-0.93960021094561363,0.34207747202608008,-0.011595116351516249,-0.082946164345900603,-0.19470373708054656,0.97734865252230863,-6.9030654316117266,-5.465035064664022,-1.0296469152014667,,0.07175895956279778,0.2698019801980198,False,5
-0.32094719046662523,-0.9426810747968104,-0.091352570579654124,0.9424179495262216,-0.30829633449902943,-0.12962167467385774,0.09402823694174349,-0.12769401455978052,0.98734640795580697,-7.2932589133209706,-22.376900027166162,-1.7217746609001074,,0.5766455756195733,0.1428571428571428,False,2
0.74988428705433818,0.61905642712503595,0.23332958677414142,-0.64400728986385825,0.76379389165600209,0.04328396552058425,-0.15142049607373229,-0.18272392044875663,0.97143388980651713,-1.7974990359635408,8.0144419244260199,-1.3982839466860837,0.1336104150089948,0.1367051739741504,0.4459459459459459,True,5
0.82048717992022402,-0.55051421559522806,0.15406130602499662,0.5550106366601828,0.83168787105892161,0.016077261195124714,-0.13698168045624018,0.072314476842803954,0.98793048118697857,13.11149694246763,8.2579628883342302,-4.4983637944148116,0.5454781954232342,0.4940333740427684,0.9791666666666666,True,5
-0.71389804628623854,0.65868309774928602,0.2376681641450879,-0.68927078137726905,-0.72085836307124151,-0.072587948929688881,0.12351262869950076,-0.21563811613361594,0.96863039051130573,22.12240738554117,12.81812088344401,-6.1461565672836302,0.4559961592789809,0.3804962941527961,0.4666666666666667,True,5
-0.87036241064819242,0.41039995992688816,0.27210502939614484,-0.47170433379949706,-0.85346207035980959,-0.22157959276955319,0.14129506575050965,-0.32120767012815404,0.93640874464381385,-20.814736379572892,-22.8014744870163,1.0062259763517232,,0.3837590690956957,0.1578947368421053,False,1
-0.9084699935558106,0.37146651931096081,0.19155911839352271,-0.38892001494155481,-0.91918298209597171,-0.06199893066025871,0.15304735471926575,-0.13082534332519241,0.97952092206204511,-4.0387616349588793,-5.913897137302051,-1.6306374512668644,,0.09580273646444712,0.1611111111111111,False,5
-0.9716525576202546,-0.18723147830726428,0.14434569893451932,0.14820551405340451,-0.95809805626093281,-0.24511882872025445,0.18419129424102712,-0.21677750833492793,0.95868716430643641,-18.842248779343638,-16.716390832781169,0.92568505237140353,,0.3159501279685032,0.2307692307692308,False,4
0.19679273324376173,0.91231987814188953,0.35908920909659314,-0.97872775671949386,0.20446621518727923,0.016898078997802334,-0.058005158126466894,-0.35477599523383241,0.93315025308712563,-20.543102822502259,-19.925424125133862,1.1072694474109577,,0.2899030920492229,0.5789473684210527,False,1
0.80635459582087099,0.54594917631150675,0.22744617535440803,-0.57166432781319887,0.81805995392042563,0.063069866795446114,-0.15163166590275379,-0.18087954189597866,0.97174607239703192,-13.611904963591087,18.522899146692911,1.4277509143225979,,0.1936235769702789,0.2727272727272727,False,4
0.9679548301862162,0.15257760576327586,0.19945806812139713,-0.15780178876090759,0.98741534199236003,0.010466033726718837,-0.19535107417936434,-0.041605487831020721,0.97985046879578064,-17.741385369964796,5.3076542729178637,1.6720625788451362,,0.09633246726355514,0.2857142857142857,False,2
0.056176655119461634,0.94058517586843926,0.33487865019455237,-0.99840685438540455,0.051146154894852636,0.023829056962305032,0.0052855024198389597,-0.33568377645636682,0.94195990662456586,-16.447873174355877,-0.079727895069129195,1.1634727730397425,,0.07672499463002325,0.2608695652173913,False,2
0.42913016210195909,0.88208384820035801,0.19435891725978191,-0.89802977871720258,0.43974369869638169,-0.012961326859505243,-0.096901086224455521,-0.16897799916224102,0.98084484771427882,-4.9095785772065721,5.2824400218016248,-0.89181360884389382,,0.0865285548011375,0.4302325581395349,False,5
-0.48073192507981932,0.81794397990003942,0.3160133888846054,-0.8717505594086048,-0.48468811900541076,-0.071612774459446041,0.094592697285961647,-0.30991139546696045,0.94604817455554835,-19.022151424104358,-9.9666022993156815,1.2854112567145186,,0.3302777124573196,0.4705882352941176,True,5
0.29802997688925159,-0.94325310318227773,0.14646404409408706,0.9540900842076222,0.2991529782728557,-0.014819136519104057,-0.029836958492506269,0.14415643907742379,0.98910498784529055,-4.1955049125245765,6.777862098807347,-0.9393176871726443,,0.07591480363397782,0.3333333333333333,False,5
-0.95153353725990075,-0.27500573358679326,0.13767996936391647,0.25896509560844883,-0.95793880205672943,-0.12365407704812512,0.16589456508929495,-0.082006694900515931,0.98272778289072804,6.5455101183938895,10.710997348304316,-2.9729443553058328,0.5942419933792867,0.5046562971260306,0.5943396226415094,True,5
-0.9239921431467808,-0.37219354910659225,0.087809346919664258,0.34054459649310709,-0.90531142017252797,-0.25385155170797685,0.17397671454067098,-0.20465384068870895,0.96324914133831152,-3.0325538228730053,16.041981301562807,-0.72099732248789272,,0.4753296497773897,0.25,False,5
0.91977779354336864,-0.39208310464823126,0.016722725671881294,0.38942881435969917,0.91716057322388744,0.084626718416996136,-0.048518131156215935,-0.07132546510913737,0.99627238693846865,-4.1127661189387599,-30.134902072263664,-2.87503515175688,,0.486692299782509,0.4102564102564102,False,2
-0.49071673833227597,0.84091235289387944,0.22817426995832113,-0.86886784201719791,-0.49188914320760868,-0.055800931021468464,0.065312753952888047,-0.22563573640929535,0.9720199373604046,-15.705003331773328,-8.815468436952095,0.64020717293598517,,0.08503968937396437,0.3648648648648649,False,5
0.82421731906491991,0.52064136050907484,0.22270694798478424,-0.54734038989642719,0.8333087308567374,0.077556796387954999,-0.14520436819002772,-0.18582016253677908,0.97179553335737334,1.5579548579823306,12.253756741580062,-1.832989902999161,,0.2544740460714759,0.3508771929824561,False,5
0.973341786545595,0.10904726257795991,0.20177824731244992,-0.14997191432449944,0.96821185250641328,0.20018549792616303,-0.17353441006923026,-0.22510998021046125,0.95875508099387463,-1.570765959113289,15.762981911124593,-1.0125987682136537,,0.3212995107890467,0.3,False,5
-0.53165068327277887,-0.83525888162894435,0.14032160074469141,0.83944166476980286,-0.54167845840237272,-0.043842207418550751,0.11262878150850059,0.094483058602027964,0.98913482863213154,-3.2984107160390059,5.092702494930899,-1.2128115330433773,0.1519347569693465,0.08108129741602803,0.2947368421052631,True,5
0.98459601267504282,0.021385478423644952,0.17353199456295945,-0.025788921159939988,0.99939908704078761,0.023160232456664452,-0.17293242428710001,-0.027278675455970208,0.98455586458847233,-19.626053494359546,6.1142753483545,2.0587857118340835,,0.09437847137876153,0.1666666666666667,False,2
0.64182937686559971,-0.75024215952977757,0.15871910110762319,0.76045664088888421,0.64936376954870079,-0.0056914080416393814,-0.098796499534702889,0.12435190735005958,0.98730737605777641,-1.5217238341745771,13.889634843374443,-1.1448576871629175,,0.08882849718381136,0.3125,False,5
-0.92822886889682199,0.32144545761781718,0.18725379762076355,-0.33586091390379436,-0.94056890544279992,-0.050275049734841648,0.15996441309939449,-0.1095579841499694,0.98102417638443595,-6.7550306609533015,10.459703373776843,-0.24994545945752511,,0.1331202382275336,0.5818181818181818,False,5
-0.98168959571208414,-0.079658399553547032,0.17303201163718526,0.07121053239332506,-0.99597110606629846,-0.05450335730330972,0.17667653422824089,-0.041183677126265458,0.9834069894969506,-17.293058101482977,3.2832377105076405,1.4840507988266256,,0.1174569725170089,0.4375,False,2
-0.81674501433333546,-0.5652190547427105,0.11599569697793898,0.55671791699585949,-0.82478001478152696,-0.099010545462475702,0.15163357958391865,-0.01628948657085999,0.98830253979731642,-11.867735218644826,8.2255887409505632,0.65281326789310989,,0.6477538597200921,0.7238095238095238,False,3
-0.1455976287830032,-0.9788527713346511,0.14369614658452015,0.98811711413056924,-0.15110587975251297,-0.028135064714591963,0.049253418714258118,0.13789222296667847,0.98922183335704106,-20.122361543693572,4.5152836647976082,2.0891167310583163,,0.1054824686120067,0.6,False,1
-0.33592685878045186,0.91911923251049243,0.20584698681113101,-0.94118835751114038,-0.33598527162092223,-0.035754341544732018,0.036299052816574098,-0.20575163105827099,0.97793079769556335,-13.530635306668731,8.6251238623726429,0.98477691671680367,,0.08636163821883047,0.2962962962962963,False,2
0.29417763687576765,0.92355916630733215,0.2459633799814421,-0.9528285824072753,0.30350896459011206,-3.1002921598979882e-05,-0.074680723817676833,-0.23435181830560711,0.96927912117559012,-18.468425204014231,0.77853789791181316,1.5954367047692826,,0.0731689348008649,0.2105263157894737,False,2
0.8755098756604448,0.43986830063096471,0.19999583925937089,-0.45436223600219777,0.89027860729177588,0.030967077577640102,-0.16443058145039879,-0.11798253895659087,0.97930725739434843,-23.265513843964541,-15.769407085467638,1.8557403283724909,,0.0874807818291464,0.3846153846153846,False,1
-0.96828220767413309,-0.2088084186253901,0.13721738451402615,0.17323727476611908,-0.95679356712982411,-0.23352712161672881,0.18005113977232809,-0.20234899112708749,0.96261958885976073,6.924152510684265,8.304788929648506,-3.1723046334657958,,0.2810227735873172,0.6607142857142857,False,4
-0.60137451194054803,0.67984499958245437,0.41971356057554354,-0.79428352993727724,-0.56551066418315532,-0.22206161929857399,0.086385012928434451,-0.46691376638289372,0.88007338574887883,2.0907198228758896,7.7172927776784901,-2.1760637013334514,0.6490639986626044,0.789157383044467,0.4609929078014184,True,2
-0.094783778804041416,-0.99109855206682562,0.093486337861035662,0.99467368661566602,-0.09810735032994243,-0.031610203505155365,0.040500523824093186,0.089992265791450726,0.99511863597648209,-20.954602708322383,1.0777249259432573,2.1144533363074878,,0.2726459578695171,0.4571428571428571,False,1
0.17278275294551235,-0.98495842915292664,0.0017358355826029015,0.9848457627448316,0.17273561684646171,-0.015531589623209094,0.014998129487418993,0.0043931211310661855,0.99987787084153779,6.1772072198684134,13.467359752074918,-2.7225195598951153,0.7900701224884624,0.3378872761484413,0.6,True,6
0.2548225272419487,0.89370124147677421,0.36927438388398837,-0.96517544085557982,0.25843833379111097,0.040570876210797538,-0.059176414045326767,-0.3667529394703567,0.92843439908837344,25.29080304453753,13.362456325056906,-6.8475823792604169,,0.3119618033775711,0.3,False,6
-0.88343520428107347,-0.45153015828875126,0.12515093284747361,0.43837541741523312,-0.89081467867889808,-0.11948306012247706,0.16543649308081304,-0.050692449200511205,0.98491676925066873,19.539188061449664,13.761743585825498,-5.4867303985591933,,0.744256832042365,0.9743589743589743,False,1
-0.11975386726817121,0.95541292893240515,0.26989840033449553,-0.99275847781170223,-0.11264630515239975,-0.04173026082477016,-0.0094665731554827333,-0.27294128519576311,0.96198411568402542,-18.040308943492889,8.9109675118210951,1.8656041598784669,,0.2084444417267896,0.5945945945945946,False,3
-0.13906751957468091,0.96761215189361161,0.21068210295884224,-0.99027513035048509,-0.13672559258554617,-0.025715336697415981,0.003923163095761302,-0.21220941505961916,0.97721633886840975,18.484132004616576,7.3587294229325106,-5.6606414286035642,0.1408750406112109,0.1401037406929157,0.5,True,4
-0.64744040148872795,-0.76172484912439076,0.024416812784173292,0.74479251286810444,-0.63919087335638969,-0.19162238959346289,0.1615705396900311,-0.10587861750286667,0.9811649601672251,6.0216328773260397,-2.4531405917292006,-3.6297344409186878,,0.5577946229748609,0.2142857142857143,False,4
0.31078265282047535,0.8948694716236516,0.32034789130237085,-0.94960240880334001,0.3068169118765513,0.064176691886010703,-0.040858388376970277,-0.3241481317893784,0.94512357962157179,-1.7194030444233375,-15.227391655143933,-2.560565206606717,0.3285776629865088,0.247602376087569,0.1666666666666667,True,5
0.91370887268072842,-0.38452443348463144,0.13144221558477542,0.38218869776721609,0.92305605609886077,0.043581149574273337,-0.13808654997323555,0.01041524615834348,0.99036540093237768,6.7161986158494145,-6.4014309144622299,-4.0306203320016172,,0.1578866558064115,0.5833333333333334,False,5
0.67419996504801449,-0.72776999785902019,0.12571888221560396,0.73061700367780147,0.68210599897267221,0.030499181995047257,-0.10794999335863951,0.071289805595033076,0.99159697586877227,-13.580704509154469,6.25486324718758,0.90524450595893202,,0.4149107872891038,0.3770491803278688,False,4
-0.13960479636898837,0.92710498454985213,0.34783163808600348,-0.99019309587920246,-0.13258802710976267,-0.044023265897727884,0.005304121410233141,-0.35056634563226408,0.93652287938208212,2.5954768583583574,4.6278504766449986,-2.4280088727767537,,0.1320350160049235,0.1904761904761905,True,5
-0.98016084145246163,0.089753831002766099,0.17671721677168076,-0.09809195080373434,-0.99441252507028954,-0.039008962698952737,0.17222860990764582,-0.055569594236933813,0.98348834569893206,-6.6966517950923903,-0.044049466292031714,-0.77259083035782672,0.3311252155892669,0.233586244314384,0.883855981416957,True,5
-0.77323024506747196,0.54314869998470261,0.32726820471567791,-0.61795004995506342,-0.76122569069880408,-0.19665498615764032,0.14231206510141756,-0.35429498659316988,0.92424149365926733,-19.950978931975971,-2.2026775359057811,1.8037233111387398,,0.3426111227879992,0.9012345679012346,False,5
0.56913156412088128,-0.81914252217329897,0.071377805296070143,0.81869582708897015,0.57259334976517151,0.043289704455040892,-0.076330894324802029,0.033799174135833596,0.99650951345148198,6.7954588760204429,-10.541036636978877,-4.3227380141580527,,0.08953728616073964,0.3888888888888889,False,5
0.77754402205259709,-0.628671247930221,-0.014062567195571279,0.61697274177620698,0.75837157912487319,0.21027882413785001,-0.1215315994933866,-0.17217726331169836,0.97754031135451092,-22.798509835512025,3.8937622829664447,2.5961300784162127,,0.6579514335716494,0.5,False,1
0.93575809380071939,0.25891326340324061,0.23941744280717614,-0.30589698304002999,0.93375949501170263,0.1857962358135842,-0.17545320075008894,-0.24709740490214271,0.95297379126457338,7.4274665904776995,-8.6121326573104877,-4.3492898679102829,,0.2747606514189873,0.1515151515151515,False,5
-0.73947804898748504,-0.66200526909066237,0.12215252253581479,0.65758726756270613,-0.74918671898380651,-0.079361487118711022,0.14405277020966004,0.021639865860928489,0.98933336929492277,-10.811816848482488,4.6080840958220808,0.29350453515575559,,0.07825058037562488,0.3,False,4
-0.62846104236720224,0.74692813582263307,0.21710614487677357,-0.77274757976240205,-0.63142239431693004,-0.064551823571638009,0.088870108574695669,-0.2083365543336077,0.97401128531979542,10.772620782288183,-5.5135880439339404,-4.8706006841418814,,0.09858252214287203,0.5,False,5
-0.60172266405564379,0.76435022604412939,0.23172951367503225,-0.79401267152492461,-0.60386094737184515,-0.069970234364547634,0.086450639208919239,-0.22609884605071734,0.97026058293373074,14.560784454263908,13.112543998615674,-4.4779566652391418,,0.09654630412541368,0.3043478260869565,False,1
-0.87080331744356032,0.43975714626993379,0.2198072670177546,-0.46802919900546264,-0.87839318861207016,-0.096819807261871102,0.15050000401194472,-0.18718722847578301,0.97072688758886228,-1.1890285658099378,5.9559893160746844,-1.6201530090652132,,0.1165126345217855,0.3695652173913043,False,5
-0.14188136448476399,-0.9824522413341944,0.12106722062292363,0.98856613895460288,-0.14693691836707737,-0.033860462684023783,0.051055531770131515,0.11487878619747399,0.99206662939414714,-14.789141211983788,9.799393283969609,1.2684053972764457,,0.104454163389197,0.25,False,2
0.4534686611946942,0.86998142405826007,0.1936452816565688,-0.88562036239493314,0.46425863128704553,-0.011853142492381638,-0.10021350720216086,-0.16612117585978925,0.98100000402915477,-8.5100218056133432,5.8935900332902911,-0.14015880990191348,,0.09194093677428777,0.2857142857142857,False,4
-0.27588914501721012,-0.95911120484274048,0.063173383689485746,0.95853463043882359,-0.27941376732002005,-0.056029535796228762,0.071390068715332794,0.045095935261838527,0.99642852965562934,14.541674995992981,-6.8975467947863498,-5.6258469179361157,,0.1623603740419297,0.3157894736842105,False,1
0.95037953716451118,0.25014535630974394,0.18494873899445463,-0.25763244172802291,0.96608944262300034,0.017225383062084723,-0.17436817458534259,-0.064019446803685695,0.98259719627257402,-6.1739560064086367,7.6059364632493445,-0.51769807258277356,,0.07783967875468083,0.3958333333333333,False,5
-0.7463179322929393,-0.65094799810492088,0.13883892718250679,0.64919113507120085,-0.75793539495911744,-0.063912496533416727,0.14683464878208868,0.042433958469180119,0.9882504465395795,-26.806197490394592,-17.333911836926642,2.467358869443522,,0.1264173175578879,0.3333333333333333,False,3
-0.75679013602145406,-0.64108475012686461,0.12758931450322902,0.63656399238616135,-0.76717014012114004,-0.07896999242687458,0.14850917014790577,0.021455052115641388,0.98867826269251757,6.9450557607299483,6.3436058599886804,-3.250587886205659,0.5209834711165058,0.6417699778442204,0.9034267912772586,True,5
0.95649003392792753,-0.257748994599867,0.1367196795611772,0.24004491808222508,0.96155219140393811,0.13340097641765444,-0.16584707504038504,-0.094777840179249964,0.98158642447392608,-4.2414254511967986,-7.3941955930157652,-1.6375609381493401,0.1912236578987816,0.2486210440701734,0.2519685039370079,True,5
0.84984770081768379,0.4856850063369566,0.20461906077970074,-0.50024896436307287,0.86557166013029785,0.023166243393202453,-0.16586096306415693,-0.12204825192828589,0.97856750668141412,8.0051140914557362,17.285590813568369,-2.8815647836553531,0.8121826220132413,0.6002868720059009,0.8524590163934426,True,5
-0.63403794451328799,0.74867154817313553,0.19361507656535151,-0.76783695586506151,-0.63921883182676698,-0.042728143487641923,0.091773057730697216,-0.17575607526929352,0.98014667671767064,-8.6730549839842244,-12.684236487556202,-0.98396706141669488,0.8544978259822049,0.6436688388518681,0.9943181818181818,True,5
-0.96892974570084678,0.12424092557396908,0.21386757657161459,-0.18302556931994265,-0.94176304714985004,-0.28210637000631528,0.16636342407874044,-0.31248448831190434,0.93524149592137107,-3.9278650410926641,10.485174215574837,-0.85908494532023982,,0.5264049004212327,0.25,False,2
0.23809051129370615,-0.96586835002400506,0.1020354784073062,0.97110845814109992,0.23848858551867599,-0.0084591432259391811,-0.016163878207825246,0.10110155784757917,0.99474479342295397,17.715386335006968,7.3110574534033805,-5.5107360031698258,,0.1510399944655125,0.2142857142857143,True,5
0.65652358264255817,-0.74416387963527975,0.12327573029736291,0.74785788213878945,0.66348294082403547,0.022337756341515084,-0.098414295491374468,0.077527462757770477,0.99212102032024196,-24.120215766316441,-14.697349596003466,2.1100641914769422,,0.0893435722124106,0.3333333333333333,False,2
0.55332271584060266,-0.82654564950641884,0.1032291694086122,0.82446209910145551,0.56111548108355047,0.073564013169466438,-0.11872750010002413,0.044403898144061177,0.9919335030885944,-20.723209872390509,-8.6589222706963334,1.64914606480203,,0.1891926764050552,0.1666666666666667,False,3
-0.26428296670004037,-0.95051801828223359,0.16330955401641853,0.9619115999218123,-0.27204802610016898,-0.026757156628864,0.069861201307200721,0.1500178936521169,0.98621196714301607,0.98544714125922739,3.7506857250087573,-2.1547326086973166,0.1673600362268502,0.1274952478640679,0.5590551181102362,True,5
0.97218670306537636,0.10248723551044213,0.21059292708992564,-0.14195032892243176,0.97304305485959275,0.18176170528559354,-0.18628773041102037,-0.20660004827429418,0.96052761623566674,-28.752653270393036,-19.005989498922254,2.8335415374365396,,0.2249192748695378,0.4,False,3
-0.81344768475424389,-0.57832827653277641,0.061961832853679705,0.56277703360316345,-0.8094995527645853,-0.16730954701617878,0.14691791795687403,-0.10122686716758313,0.98395540892189426,20.514678925592282,11.988889512487706,-5.8710971181809137,,0.3546218765040469,0.1333333333333333,False,5
-0.12606885039346827,-0.99006224798127507,0.062316852317286869,0.99055601307543617,-0.12904724785589905,-0.046320543832252106,0.053902040040863096,0.055888755068290247,0.99698095124046926,-2.3969085081151373,7.0606615424188428,-1.2799273921152707,0.2409482480938046,0.190523814504937,0.3693693693693694,True,5
-0.7433612994981641,-0.66880093310417277,0.010922009310937258,0.65320088768032503,-0.72934433253399467,-0.20343412922658055,0.14402284104278765,-0.14409079248699141,0.97902771399916677,10.187787780049092,10.633942842509333,-3.7034680689306692,0.5628398232573534,0.432532422228509,0.25,True,5
0.76969954600623824,-0.62191572732438904,0.14416461765761901,0.62756451364042942,0.77852437550606457,0.0079106233726779079,-0.11715541002037666,0.084383794945885618,0.98952209932547164,-10.201870985512636,6.7191680153729232,0.26372659207921612,,0.0752420154642158,0.2142857142857143,False,4
0.91214144157577171,-0.37787350092076283,0.15877533770066907,0.38095943422067668,0.92451739813042388,0.011725614372613689,-0.15122136105172818,0.049791544021446289,0.98724510741032567,-8.4646442064153895,-10.399680181063593,-0.92371826079048347,,0.07550624638887615,0.3928571428571428,False,5
-0.88234831936520053,0.41259345140796733,0.22633622593095562,-0.44748386510809951,-0.88447594393533324,-0.13213816658187133,0.14566960486430752,-0.21787369840107706,0.96504477500461794,-9.4454909640099949,1.2542337948152946,-0.16883975791685876,,0.07468118261822701,0.3571428571428572,False,4
-0.4702563795501174,0.85124844930159294,0.23288412366249833,-0.8816933955953894,-0.46464443926013888,-0.081989640980454914,0.038414758308343719,-0.24388854550032735,0.96904214754459828,3.8626148976136081,-8.5055744329184506,-3.5098840022863085,0.3201871858263423,0.1212024754618337,0.196078431372549,True,5
-0.28343743318028641,0.91331380103974746,0.29243994648901722,-0.95863379275716953,-0.27815606251960917,-0.060419005847426155,0.026162432153274705,-0.29746782298916952,0.95437331345229348,0.92988673043032377,4.6758792996502203,-2.0799518675978859,,0.07362448269330146,0.2391304347826087,False,5
-0.58714383439575557,-0.80932492450768789,-0.015977618773594549,0.79644062321494491,-0.5740426739286586,-0.19015084065505827,0.14472197975442153,-0.12437111834931958,0.98162486393555626,7.0419507118959288,9.4059402074608425,-3.1015171469865979,0.7544678555082758,0.3874128688385847,0.3333333333333333,True,5
0.4729481771888846,-0.88109016437079546,0.00037939788774049577,0.87977786182452244,0.47226717044908795,0.054356541091988675,-0.048072190892285691,-0.025374041165291739,0.99852151829480329,-2.8300088174714295,-12.835990020466729,-2.1977196127651659,,0.08378561847796255,0.3170731707317073,False,5
-0.93964161885732167,-0.30534614620768286,0.15439352028925743,0.29564844458642653,-0.95169638538612278,-0.082861253047583905,0.17223711947434467,-0.032213677826436041,0.98452864541163843,-12.820002090113663,7.852843183803154,0.82243461022443365,,0.07510329894866158,0.2592592592592592,False,3
0.73482748624233707,0.61546250190882801,0.28501662093094787,-0.66272614998960755,0.74093601336444759,0.10866404290082737,-0.14430043514391097,-0.26873729336235874,0.95234324252002389,14.319064962009758,-3.2402870714765766,-5.4045606933473032,,0.6487904055862834,0.1052631578947368,False,2
-0.88182957740809242,-0.4603034653761312,0.10245641107802599,0.44314673729937015,-0.88317373246058328,-0.15370467628723819,0.16123760612582827,-0.090138105451392614,0.98279069812267028,-12.194100948369313,-4.3692423277791352,0.1049805914893347,,0.1050980895427536,0.1111111111111111,False,3
-0.53104504004001318,-0.84563660369730631,0.053757789539612022,0.83751193671395252,-0.53346242954076284,-0.11828606059088398,0.12870478355735143,-0.017792435351879854,0.99152332697405765,-3.1229093802443462,-21.400604034523742,-2.5797597155429686,,0.3808693402206197,0.4,False,2
0.31118188337336733,-0.9487461041743025,0.055196605641002539,0.94995143839686103,0.3122088810340547,0.010857222996656906,-0.027533618504285227,0.049055523822990332,0.9984164739398651,-20.929758582808653,9.6640255316152697,2.4835851916474754,,0.1550454208531382,0.3333333333333333,False,2
0.1347114064674273,0.94270786453074118,0.30521258021165626,-0.98931346579260182,0.14529870591591434,-0.012130641392363514,-0.055782643976394153,-0.30031677976937898,0.95220697772068053,4.0872851833652666,-11.287213014724358,-3.7336769704895603,0.3467369933238733,0.2659220529258915,0.3673469387755102,True,5
0.62003550678084385,0.71611481448578107,0.32052385684222795,-0.77127665678132329,0.63123740579172627,0.081680207110142178,-0.14383424152560709,-0.29785719733343036,0.94371224478726923,-20.216378111561447,-7.3492161751448775,1.60695697108998,,0.5331153508230481,0.1363636363636364,True,4
0.50737821913167702,0.82422718384704585,0.25142969625391742,-0.85459511590850701,0.51873804045154048,0.024042322138728218,-0.11060981247653569,-0.22706914100349523,0.96757690887486636,2.1466695254597372,-14.410009121962268,-3.4045437434911512,0.2810137397933709,0.2213959374504134,0.6764705882352942,True,5
-0.30847458503902991,0.9091360525312886,0.27984829528304384,-0.95105963819321937,-0.30037928038560707,-0.072511050984032988,0.018138218897740768,-0.28852023482392419,0.95730197906009118,-10.156662190726069,7.7452231976446342,0.2727753862322827,,0.1106052617484119,0.2093023255813954,False,5
-0.61934623544266776,0.72097025573191564,0.31082492016061308,-0.77995420600293153,-0.61033331129671542,-0.1384365763081542,0.089898148931623428,-0.32816937619382242,0.94033142207799536,-20.768547370041158,3.4978714396300337,2.1973455397812076,,0.1710553019318271,0.1578947368421053,False,2
-0.48936184095479013,-0.87120069637716424,-0.039170591638169494,0.86568712327438213,-0.47985479807735443,-0.1425663963178824,0.10540774741101751,-0.10367603095261141,0.98900985201950808,0.94258644271615166,-14.991215709790088,-3.193324224337025,,0.1073613593148474,0.2916666666666667,False,2
-0.93042617512680592,-0.32549906452756266,0.16839682785190233,0.32305924003398112,-0.94542519994957375,-0.042472564426634073,0.1730313846317148,0.014884565562668678,0.98480383307562414,-16.166206451198221,4.8897466416863944,1.3806993371666427,,0.07554160260888332,0.2558139534883721,False,2
0.96077071643956469,-0.22447340642658775,0.16288437690414223,0.21384080029880365,0.9735592188757064,0.080340273024756909,-0.17661184150496212,-0.042357256159592065,0.98336876109161486,-15.13204063207051,1.6995807621114571,1.0157308034664234,,0.143480749539864,0.4193548387096774,False,3
0.56421664114396486,0.79201384903263683,0.23318157044828791,-0.816423288268462,0.57726574575569811,0.014740188263028784,-0.12293329991964867,-0.19869152402059101,0.97232149109913235,-26.254288392354798,-26.438176238229893,1.9913886374712673,0.4229386551521349,0.4362072618030284,0.8412698412698413,True,3
-0.98545144733625567,0.0097840036387174673,0.16967533178301242,-0.018827271137242751,-0.99848151006493224,-0.051770724545594005,0.16891115654213765,-0.054212058909882663,0.98413925532129198,-3.550749596812746,-10.337975732650293,-1.9700978892452008,,0.07125769103172577,0.4027777777777778,False,5
0.58022260191738273,-0.81244951223699502,0.057162245320587918,0.80871856782494422,0.58303051651459314,0.077779784442342723,-0.096519481346476227,0.0010985802636148401,0.99533048925570999,-7.0934628131710387,-15.820091467771602,-1.4337191763589314,,0.3296640734404155,0.3068181818181818,False,2
0.79589408332308786,-0.60213354884961845,0.063149010135280736,0.59488433248039263,0.79714587330174136,0.10330095666237399,-0.11253994446710469,-0.044650263468074089,0.99264349837772692,-9.2810750926783854,24.347091296615101,0.82727247939854931,,0.3223759950884011,0.3333333333333333,False,3
-0.82441360142370634,-0.5648939831328279,0.035171033648767863,0.539815415791008,-0.80344953000913177,-0.25113376834365858,0.1701221051538441,-0.18805222824639323,0.96731320097969864,-14.46920336040937,-10.487050890475748,0.30250214885157883,,0.5546049113949918,0.1814516129032258,False,2
0.93225799317236013,-0.35066858515502386,0.089031329045545601,0.32195907543819585,0.91635492125729734,0.23798321795982341,-0.16503753484957459,-0.19319731279938776,0.96718013338667652,-7.9234582195061671,-7.1863022907875429,-0.8381418727440697,0.5273691053784906,0.1548869820266288,0.2418300653594771,True,5
-0.18025198289528729,-0.9753135979456895,0.12756413416220871,0.98209210880015518,-0.18567880737215367,-0.031913481873996584,0.054811609124202423,0.11952726113774861,0.99131676135841018,-5.7545272890808103,-26.679389246204924,-2.2981035792448572,,0.1427796410181673,0.4210526315789473,True,3
-0.74503815731754519,0.63869453574297652,0.19232117447889402,-0.65779700827358645,-0.7513178465243181,-0.053146866327015985,0.11054971753558271,-0.16610473655536068,0.97989181874668096,-5.8722590632294267,-11.699067442243837,-1.5225929815826587,0.2911487223754385,0.2477369062295867,0.9051546391752577,True,5
0.095536651731540398,0.9376193129344198,0.3342794821527546,-0.99453835644539279,0.10408630726527106,-0.0077135075534911831,-0.04202625054444617,-0.33171684408885083,0.94244242774447995,-8.9222054975497667,10.047964010149688,0.16818770676008035,,0.1146734393288893,0.1923076923076923,False,5
-0.42317170632356454,-0.90166453647330025,0.089032413387432049,0.90107754722626709,-0.42909299777110976,-0.062757096399499127,0.094789033394674607,0.05366808111149389,0.9940496849845647,-14.905505831912459,-3.2898644774528463,0.70012633493497078,,0.9287284657322552,0.9676190476190476,True,4
0.82823774418655016,0.5270947811089326,0.1902454489140307,-0.53744245017845926,0.84329383665901059,0.003334336380854265,-0.15867530321681886,-0.10500760344209537,0.9817308955963433,18.014210773717444,15.936863257735233,-5.076345480509703,0.4620627635348594,0.3883898420562025,0.6333333333333333,True,5
-0.23884679411578585,0.94541763669103118,0.22167025324602593,-0.97087961927443389,-0.23686405646067474,-0.035891275186666696,0.018573470815712857,-0.22378764709103174,0.97446093569281589,-16.729372834410334,6.0286451490906732,1.5039563253917283,,0.08687034488111137,0.4166666666666667,False,1
0.016563101016587329,0.96292824148552891,0.26924870553876551,-0.99956581175202897,0.022509669094914656,-0.019013226284478334,-0.024369071816990905,-0.26881688292743816,0.96288297928250544,6.5660010242119409,12.629992418658107,-2.8385670551715059,,0.28988675726803,0.4545454545454545,False,4
-0.42791822586253536,0.86480939031446535,0.2626608276819804,-0.90224002310665208,-0.42589727181122011,-0.067634714224784717,0.053375393948603231,-0.26592523815479169,0.96251484925332398,-26.720855839705923,-1.0344775451174812,3.1262461532910057,,0.8150865396875036,0.851063829787234,False,1
0.892182423497766,0.37257172191461285,0.2553445421998129,-0.41790059426719806,0.89539894973725853,0.15368739089637681,-0.17137565904402643,-0.24382582479916554,0.95455714896921218,-29.229234293977417,-18.133669374574573,2.9856837331000676,,0.3991919621889983,0.2857142857142857,False,4
-0.035522491917554515,0.9534775518407147,0.2993638433475313,-0.99936709013249114,-0.034457710618159089,-0.0088365909192056214,0.0018899016073470687,-0.2994882707466075,0.95409811023663693,10.055718584506664,-2.4894533771217526,-4.5296904876696971,0.4754617725433391,0.2140210740367793,0.25,True,5
0.51001598214647714,0.79280329700068464,0.33368642498610623,-0.85086475652417126,0.52188463265135887,0.060544168236245421,-0.12614620113275976,-0.31480051217747468,0.94073788776288403,1.4803216779678969,10.835360444724662,-1.9048986320006189,0.8055842179524484,0.5189132621355279,0.8295964125560538,True,8
-0.83299181742319139,-0.54442425871533895,0.098624837785731473,0.52158162020969612,-0.83215756877989422,-0.18832523511670915,0.18460023175889204,-0.10543247718131712,0.97714213254263793,-16.791328398405103,7.2476101366237957,1.5886820559766768,,0.2926166434074185,0.4,False,4
-0.96336330174085316,-0.21536136868313943,0.15984564347484592,0.20423994153498565,-0.97537760872962165,-0.083213981221136463,0.17383093838769981,-0.047518430822270641,0.98362838693860488,8.3053044852739575,13.788364582614404,-3.142542411953833,,0.3650263158001539,0.9230769230769231,False,1
0.9801771873652334,-0.11774854444077495,0.15933600236876352,0.1027280767647681,0.98972491608599167,0.099456184939845121,-0.16940963258620112,-0.081116402537684262,0.98220186602671078,-0.58152734932162786,-27.187870609896589,-3.5735600440376967,,0.271242139440399,0.4137931034482759,False,1
0.97049471099051576,-0.21696467764464267,0.10519669478643999,0.17490276536704635,0.93375462918515406,0.31226801812266153,-0.16597903062253083,-0.2846552671739121,0.94415165109412047,-19.698279754192281,15.88516668049208,2.4915784342580118,,0.6286213624793788,0.1481481481481481,False,1
-0.21395234942027505,0.9293586950759366,0.30086011378096594,-0.97669164620717741,-0.20896129455485193,-0.049077546873016166,0.017257473936156214,-0.30434781626407603,0.95240463371858386,-19.168835446356795,-3.3858899200510737,1.5601734573493167,,0.1532799126560567,0.4166666666666667,False,2
0.050097699848821738,0.90300658957986657,0.42669581629680364,-0.99793622367255275,0.062441666073315409,-0.014977710778138628,-0.040168569205566322,-0.42506486271312388,0.90427116980176403,-1.0069509789261524,7.5317481126712629,-1.5896984686363997,,0.2063213260389807,0.3484848484848485,False,2
0.94476225557585558,0.26840033705805794,0.18811044496875601,-0.27659447797306963,0.96081338472778999,0.018251972023144616,-0.17584019789009483,-0.069274084584708351,0.98197827165926832,13.520860180036424,11.940989248069958,-4.3732219199055953,,0.1095655334826444,0.5,False,3
0.17480854274057236,0.96210818463029979,0.20926015973497289,-0.98309106734152052,0.1823241054251484,-0.017025683370404648,-0.054533720744392923,-0.20274555888676876,0.97771177330206271,-9.1175448347499568,6.8365119398552423,0.016344397026416303,,0.07347260541798736,0.21875,False,5
-0.94183694365256942,-0.29636243235381049,0.15846917763565238,0.28801550303330481,-0.9547771081388452,-0.073808832713275305,0.1731769083442109,-0.023874305505228427,0.98460132843348513,-15.26403547466138,8.5123907103195524,1.3199504608869732,,0.08988172281728883,0.25,False,3
-0.052603618248803302,0.96597402370749519,0.25323318279697304,-0.99850885447442683,-0.047173311062129616,-0.02747264566077753,-0.014592014367496813,-0.25430073583414298,0.96701510271086843,-20.519725815073595,-12.726180277153455,1.4716517832720886,,0.09437461738375974,0.4375,False,4
0.52780568033309627,0.78568728436322333,0.32267112513836604,-0.8414774923865096,0.53535463804178551,0.072876891632800617,-0.11548503632517775,-0.30998532661577782,0.94370138479705523,-17.886775084417692,-5.5888136363873553,1.2157820521670686,0.7194520122328526,0.4609102067689422,0.1707317073170732,True,3
-0.98300821086155521,0.042021865789645736,0.17868693341797678,-0.056477364383973792,-0.99546144014215443,-0.076595225062316752,0.17465727780714813,-0.08538550219834809,0.98092005348210298,-7.9700356538589432,19.687924338832481,0.41002898836058022,,0.2876509778888935,0.5416666666666666,True,5
-0.6793744908815027,0.70121858486984934,0.21620082648459771,-0.72666949924213609,-0.68386661657603864,-0.065405577774552262,0.10198892101929871,-0.20154142741869563,0.97415569239385569,8.8678233367541281,0.21491791158776991,-4.056131858258623,,0.1046289771533323,0.2857142857142857,False,4
0.77896567676629203,0.58495918084512621,0.22590978545656687,-0.60856388108586412,0.79208690943841542,0.047416563920323909,-0.15120342938486428,-0.1744164116168504,0.97299354484033362,-17.331332118595892,11.176986423007095,1.8334772245579041,,0.08547798566078005,0.3333333333333333,False,1
-0.023748155851628802,-0.99799162282726273,-0.058726023705447633,0.99932140564137573,-0.022043326874589968,-0.029509658880503498,0.028155875418648568,-0.059386972535279386,0.99783787970416438,-9.4706785242016078,-15.235546593073652,-0.92253425205394124,,0.2340071132306833,0.2631578947368421,False,1
0.91940300394805696,0.32632390097644215,0.21956964267130941,-0.354806146467113,0.92903006693605217,0.10495586290413625,-0.16973719321482528,-0.17440139443339159,0.96993476010463786,0.81958591659449642,-24.856126817211422,-3.7222685385219667,,0.1878947280684137,0.5333333333333333,False,1
0.97542189135027124,-0.19560940973163116,0.10143516500259676,0.1685919516409842,0.95894607264455745,0.22803329494059593,-0.14187631132978162,-0.20532751540897701,0.96835516402786448,11.473809128935788,-11.901232869194855,-5.2808473262934958,,0.3223212518520189,0.1,False,3
0.92731603848493538,-0.35154190555667453,0.12846498902886588,0.33870249621757825,0.93424624945304746,0.11164481375726515,-0.15926576475999393,-0.060018613950134872,0.98540965194933916,-0.50399959278867756,16.90960065304445,-1.160196118758773,0.536622586329744,0.5135270812748534,0.7391304347826086,True,4
-0.27304452451456218,0.93110838606771862,0.24183436692700314,-0.96168191086325194,-0.27066667873289812,-0.043674378554318244,0.024790924771383095,-0.24449278602459806,0.96933414653096228,-17.694475138072228,14.351197394679764,2.0497328640866912,,0.324260860419195,0.4666666666666667,False,1
0.72168352564010008,0.64114306304256652,0.26097597884110313,-0.67286188611087483,0.7382769107925139,0.046947685885249134,-0.16257235631863312,-0.20948216082296689,0.96420301454514701,-7.2729320923684604,5.7598493390502856,-0.41373893538205664,,0.1484338592907937,0.2424242424242424,True,4
-0.72583119159371723,0.62839361968907581,0.2798044675192064,-0.67886154757372219,-0.72000914783413639,-0.14399245209722941,0.1109778380374041,-0.29446270692436294,0.94919736287840661,-5.4794408544764526,-14.695979784919686,-1.6953314110479945,,0.5842896018850086,0.4137931034482759,False,1
-0.34387725424729654,-0.93870625155457421,-0.024062570596287997,0.93544737336476536,-0.34022687650956823,-0.09583258404898054,0.081771912514641124,-0.05546391433088857,0.99510658149305509,-1.5013374416840624,1.7395466621369584,-1.791846530190081,,0.526182533054171,0.4448367166813769,False,3
-0.47351202427570144,0.76679590553095034,0.43337097517865453,-0.87862478955293533,-0.44567566926365731,-0.17144000994357242,0.061683401733273933,-0.4619493880149228,0.88475867945064557,-22.474767753020352,-6.1886166592186997,2.1470658837950194,,0.6419401373865103,0.3043478260869565,False,2
-0.41607811588129184,-0.90540865688886385,0.084345512716311688,0.90617011824690874,-0.42056984944382381,-0.044460302913752345,0.075727922730373903,0.057932424163870774,0.99544418022782155,-2.3737599541737726,13.60475257823806,-0.99830018820774802,,0.2638576398871119,0.425,False,3
0.98180096099369829,-0.0024175439726681208,0.18989741565642931,-0.04922883390087758,0.96250082701524986,0.26677458632283557,-0.18342135891059766,-0.2712679735540125,0.94486522405012296,-13.700007275437981,27.871595070531612,1.8350720992641993,,0.4763497934143847,0.2727272727272727,False,2
