axis_00,axis_01,axis_02,axis_10,axis_11,axis_12,axis_20,axis_21,axis_22,location_x,location_y,location_z,dbh,dbh_approximation,score,reconstructed,number_clusters
0.73164834815832025,0.68167536357807046,0.0030648536520924488,-0.68099203919244022,0.73069788401380897,0.048274681296363531,0.030668178845918118,-0.037407231766718549,0.99882939575176066,-2.6513533693899403,-12.063480207844881,-0.80370710587011185,,0.0693449155960161,0.2631578947368421,False,5
-0.23832685505647355,0.95118731443004212,0.19606887317025801,-0.9710207143438887,-0.23709324347145011,-0.030092627257715065,0.017862879778318585,-0.19755881850110327,0.98012827260439417,-9.3772249516726092,-14.019089189716414,-1.1511644775128995,,0.4357161452326823,0.8518518518518519,False,3
0.99345947572818449,-0.092938141094073459,-0.066338314840352172,0.10418800967710601,0.97553560979812581,0.1935849494545506,0.04672396307466696,-0.19923045938253461,0.9788381354079031,-20.41876129870478,24.274889655745184,-4.2043461200539616,,0.5847611639396267,0.4383561643835616,False,3
-0.96254441395597368,-0.25884865403734653,-0.080657457592007736,0.26864714011576751,-0.95068961460323909,-0.15497732348045426,-0.036564535683796875,-0.17084095231706087,0.98461992857225356,-2.856346085554796,-13.071490473246708,-0.76595628975681984,,0.657500031396562,0.664179104477612,False,5
0.99520339561744486,-0.049839591645499892,-0.084179667712083517,0.072423560157105465,0.9538272748779012,0.29149332347957169,0.065764954844332438,-0.29619173655523534,0.95286170345476506,-11.66493647932111,-16.576154258884152,-1.1798002335296518,,0.4983790125787876,0.1578947368421053,False,2
-0.67447142241218239,-0.72741496375393044,-0.12631615437526125,0.73790317444667919,-0.66978402534536108,-0.082995569361729804,-0.024232323264609043,-0.149187231018717,0.98851199517768462,6.6657099410191432,27.636719643136132,-2.3097823804778126,0.5172723396878817,0.4779501413794557,0.640625,True,5
0.133684571385706,-0.98798642405784209,-0.077532323909569337,0.99081405262090483,0.13163656910643171,0.030973001191794837,-0.020394815575516395,-0.08096072845081112,0.99650861107486433,-3.2650945041297006,27.501391660734786,-3.1330975668862924,,0.1268563762918394,0.4545454545454545,False,1
0.061690234067176823,0.9728988326331387,0.22285012111689179,-0.99667511236166106,0.048140530227446389,0.065735909123484815,0.053226266256498629,-0.22616443312443424,0.97263385390901136,-15.234130505375751,25.164435825775652,-3.7887269252456681,,0.6288853470685736,0.4523809523809524,False,2
-0.94768644058618667,0.31179677133634276,0.068360688361922897,-0.31902702353404505,-0.93229468954923289,-0.17043582397285731,0.010590967098964559,-0.18332862630405375,0.9829946318232754,4.7333642672589313,-12.578012274376718,-0.33457539860916968,,0.2456307407796113,0.4117647058823529,False,2
0.49061750553403977,0.84089316157558114,0.22845821079352699,-0.87090379744477853,0.46457758126792603,0.16029424998891142,0.028653775664307567,-0.27760828841853191,0.9602669417102272,-8.3135610673924702,21.479601105076128,-3.1072028009531865,,0.4158430268765453,0.4262295081967213,False,1
0.78734398959226204,-0.59307306146047967,-0.16838582429300436,0.61649654903669304,0.75943814977117574,0.20781169769284408,0.0046310990907787869,-0.26742857072876103,0.96356655840641525,3.5777485310114119,-18.189042369060132,-0.24470707726045271,,0.4309385043106165,0.4090909090909091,False,5
0.099371638831003653,0.99303582240259258,0.063286118708971134,-0.99501383952963318,0.098621686358656063,0.01487353771873383,0.0085285720103860201,-0.064448571783866843,0.99788458503700828,-4.9530413737819998,-13.412784889789917,-0.86759921538775875,,0.172276757333384,0.2,False,5
0.77750026484307655,0.62842099603680845,0.024091282843634695,-0.62615173807001867,0.7699896589451557,0.12267813998189765,0.058543480259045572,-0.11046708495125969,0.9921540626644284,29.59684208339489,17.410521535516196,-0.46501711038475024,,0.353731931486482,0.2857142857142857,False,4
0.62266505400271199,0.78131098502598617,0.042911247960439006,-0.78228837668920193,0.6203289086256597,0.056718081951614013,0.01769537286333597,-0.068885338070011654,0.99746763555426043,-10.394084903040547,-16.003279585183979,-1.1130211007652724,,0.1832048395233717,0.2941176470588235,False,2
0.86782383921099771,-0.49419077095740044,-0.051548676002538173,0.49685670576482893,0.86392830205532134,0.082227141774061707,0.0038984655451256706,-0.096970979206872837,0.99527957436996251,-8.6600094386521818,-16.360140038620955,-1.0018180962818819,,0.09486093307845142,0.5714285714285714,False,1
-0.24551388043119773,0.95449223745606815,0.16931480488050735,-0.96912710549829451,-0.23758252576520422,-0.065933275662017649,-0.022706560816493263,-0.18027510112917644,0.98335410712965055,1.8978348781006598,21.005549108411994,-2.2566252841994654,,0.5627146679083804,0.1846153846153846,False,4
0.98268548190489224,-0.17708257051220322,-0.054506943357153281,0.18517430383934722,0.94866366430332627,0.2564132001832175,0.0063024480134665564,-0.26206681447939234,0.96502915183825477,1.7620802430437872,-13.338089083602037,-0.45844040452291601,,0.4651970836246481,0.2363636363636364,False,5
0.52466354730098208,0.85085664702801556,0.027769197716074091,-0.85068355823641628,0.52274785490395004,0.055427104737210728,0.032644231952692337,-0.052703381310528492,0.99807650394078384,2.936250269613454,-15.948721809251472,-0.3119519388907469,,0.3461170062311535,0.4242424242424243,False,5
-0.89137580142719608,0.45250598712836992,0.026220454668129889,-0.45323739482800529,-0.88919017368930575,-0.062583535725498809,-0.0050044539708834629,-0.067669539878453061,0.99769523844363006,4.0186800122830686,25.724335503912545,-2.3882922457556028,,0.2005665565022691,0.4545454545454545,False,5
0.24975532333976128,-0.95845771921734912,-0.13777183651286729,0.96819488450977065,0.24500115931635119,0.050725708893570365,-0.014864187585019386,-0.14605900316762682,0.98916420452881149,-20.480295174936451,-12.947800752048707,-1.9866619139395207,,0.2928773303457726,0.7857142857142857,False,2
0.41749734182499332,0.89905991116691197,0.13186070567689698,-0.90867561885350256,0.41341915304366861,0.058251382797833318,-0.0021422582171134463,-0.14413840580913956,0.98955521862124052,5.1844916576902627,-9.9184062111283691,-0.39128171936005784,,0.3288935608432036,0.2222222222222222,True,3
-0.99875575354203006,0.049068388874706395,-0.0089015717675792021,-0.047047389344450567,-0.98630122988368407,-0.15810258405796035,-0.016537470258913188,-0.1574870697650235,0.98738256766780286,8.4495317534692944,25.48926110569662,-2.0850003709344631,,0.2314551558177637,0.1333333333333333,False,1
0.96273684563243933,-0.26124055107617866,-0.069936689477810468,0.26995520410963136,0.94379765571064966,0.19070965588876154,0.016184987977392717,-0.20248298582472846,0.97915202426164405,14.364097751464236,-11.639319529300492,-0.056590584697337652,,0.1088463666457526,0.15,False,2
0.46561470488347406,-0.83621887662603489,-0.28972562360027437,0.88490471474274413,0.43543621240742669,0.16534494473777225,-0.012107535766530494,-0.33336660795371664,0.94271953001892106,-5.506997870468834,22.247271085327156,-2.9143932438335867,,0.3377853533507345,0.3191489361702128,False,1
0.58838234187411398,0.79622304501153163,0.14083707737417275,-0.80806495287674163,0.5727843926896431,0.13765562619619742,0.028935302020955699,-0.19479964600512506,0.98041615970629292,13.186848970358229,19.109106417556625,-1.2893776490129729,,0.1546930452376757,0.4444444444444444,False,1
0.93780011924893891,0.34715406828419693,-0.003871590165021456,-0.34631586245226809,0.93620379909596652,0.059897996395701175,0.024418430551875522,-0.054831555075599989,0.99819699499516312,-4.3442315669406169,-12.232457764713484,-0.87964227435193687,0.1295811153605327,0.10373587843712,0.3695652173913043,True,3
-0.28053819933255247,-0.94238653471555778,-0.1822249650900015,0.95983428897316203,-0.27463131789705225,-0.057408857692110377,0.004056652146035053,-0.19101114736300417,0.98157948488975411,7.7555607648164937,-15.299504820497194,-0.18866622090494209,,0.2364412857370755,0.2,False,4
-0.31057667860741506,-0.91709173285344292,-0.24996975864503237,0.94654783254113095,-0.32248548344730704,0.0070932134779433734,-0.087116745903836446,-0.23440534656365208,0.96822766232198787,19.72211614310077,21.20165537084921,-1.0321047619851802,,0.4236767414862056,0.2857142857142857,False,5
-0.26798708761462742,0.96061548723958334,0.07349017993778495,-0.96326548791540556,-0.26853985969872046,-0.0024379384912223342,0.017393121138120804,-0.071443890070807703,0.99729296092403319,-26.35558438480447,32.700849996738128,-5.0587996891232727,,0.3875736264527118,0.4,False,1
-0.82106133083888977,-0.5644312110315054,-0.085297708143768497,0.56983046890014477,-0.81929032763494036,-0.063691410385334102,-0.033934167355518907,-0.10089978720165962,0.99431770839533351,8.7640832068782526,23.934121009534596,-1.9445186097690057,0.579281119449928,0.2320671269649052,0.2,True,5
0.18426992188292107,-0.97134158873665233,-0.15013365338864043,0.98278028778158566,0.17996177391275525,0.041912598083634171,-0.013693131022815514,-0.15527162625777022,0.98777690813364416,-18.72374251461666,-14.955246316233756,-1.7455099072594487,0.4268988272749642,0.2895667829234364,0.5263157894736842,True,4
0.36488522815933722,0.92163598979909978,0.13208282469020197,-0.93063715160689142,0.35679667422889583,0.08130575199954429,0.027807594648237777,-0.15258845161490214,0.98789852824753543,2.6236920161927135,-9.7980873901648113,-0.53506661749110951,,0.08569191968429926,0.3125,False,1
-0.30633698533119885,-0.94706864943439584,-0.096013669217995146,0.95145898236371829,-0.3077755217155318,0.00018196738699746695,-0.029722992742835731,-0.091297324666398921,0.99537999890050433,0.12713739893974835,24.477917991354666,-2.6192581438361353,0.8683399937733316,0.7954995521212512,0.7727272727272727,True,2
-0.99843078320691969,-0.050084163884978924,-0.025050901635666256,0.054670983929213532,-0.96864292805457219,-0.24236741003294299,-0.012126609626311059,-0.24335664046375977,0.96986106782423431,2.4279529767338786,-20.067000498769808,-0.24243259164990252,,0.4671107710248578,0.3181818181818182,False,3
0.64399609119109569,-0.7554713805553781,-0.12054886018681896,0.76475430432177149,0.63150196715690476,0.12789104541867966,-0.020491182296621634,-0.17455159305692577,0.98443478850017074,2.7716112024020738,24.737949509954063,-2.4334651455522129,,0.1628850082215456,0.6,False,4
0.99210968444587933,0.11976224249076703,-0.03708610659372262,-0.10974320826536738,0.97259136286034575,0.2049938270511564,0.060620147379583683,-0.19930641274940938,0.978060402822157,-15.354378757697633,-10.204216799351173,-1.8036029349901235,,0.3288653230703197,0.1388888888888889,False,2
0.8567331257015629,0.50535720088464209,0.10306527465479816,-0.51505589068319146,0.82786896236928109,0.22214952311034419,0.026940319192128893,-0.24340723214327167,0.969549967016748,-23.856241467303757,30.153425783521222,-4.8543056388360641,,0.7178889218302504,0.6341463414634146,False,1
-0.96082418471864284,0.27694644698061477,-0.010842119929579043,-0.27098801384094057,-0.94692219077695539,-0.1729273285768082,-0.058158253191579898,-0.16321467494984285,0.9848749095528424,14.553990612001837,24.381704493713897,-1.5309169977252555,,0.2482435275528037,0.125,False,5
0.85336027255287239,0.49682990105656188,0.1579123004854755,-0.52091499893131854,0.80067337384454673,0.29592180099610121,0.020586624708113045,-0.33478679459100313,0.94206899590773596,4.2809920977188165,-13.613356038172052,-0.32130449427021912,,0.2879423966076448,0.1428571428571428,False,3
-0.38636883741789657,-0.91310000636835797,-0.13025935606491862,0.92198761783681227,-0.38627598645358568,-0.027012864433616848,-0.025650614572422174,-0.13053444242579526,0.99111190352686374,0.22270873723434875,26.518478924859341,-2.7320899320098886,0.5596430770664544,0.4045610719116833,0.6538461538461539,True,5
0.97739910874069802,-0.20413352095377049,-0.054958965200453382,0.21045883478950556,0.96411490842324143,0.16183177134013946,0.019951468415423057,-0.16974082885110531,0.9852867551779062,-12.855702021381074,-12.434965457872938,-1.3850020747619081,,0.4108821001953173,0.7704918032786885,False,4
-0.56846477975191356,0.79224974124552572,0.22178399779516428,-0.82256508712488774,-0.55234200754730267,-0.13529591324885243,0.015312466321067125,-0.25934273499562815,0.96566395510040304,-13.294316181707719,-7.9034764009471141,-1.7384075424259848,,0.1700643240066198,0.28,False,2
0.82579834412413455,-0.56085518620285624,-0.059148583678706811,0.56395581381222903,0.82184483180931034,0.080776930467262448,0.0033067974270740499,-0.10006264306766152,0.99497564420094742,18.91821514866778,-11.86140428728863,0.12532389859171419,,0.1658893455662371,0.5,True,5
-0.8522851190150833,-0.5011382004327386,-0.14990190116366742,0.52153972023021755,-0.83609585723590241,-0.17011771728761174,-0.04007987185148891,-0.22316859451992332,0.97395553404268442,-0.48629430632657539,-18.794002711498859,-0.38253959607928301,,0.4634640723830739,0.25,False,3
0.92162170639525542,-0.38008754436724407,-0.078402097663100315,0.38780294838362628,0.89419130297314497,0.2236756287845284,-0.014909846614315263,-0.23654887931264029,0.97150518483941706,-2.7569628239653854,-16.46950550604129,-0.6202675908186418,,0.4713682106998581,0.3111111111111111,False,8
0.84650024414705216,0.52885428362863274,0.061241189951102233,-0.52798854724565714,0.81917367671187502,0.2240146900535078,0.068303957692083375,-0.22196313673669837,0.9726597222531651,-6.0818508550482182,25.402812219783907,-3.1960126330701684,,0.6412174681643764,0.25,False,3
0.9981096626378031,-0.052805369950271797,-0.031443508924179513,0.057154971924398626,0.98561410943009997,0.15905387916247507,0.022592267114462276,-0.16055036654185811,0.98676905569130158,1.318158003742796,25.962231046449865,-2.6270671780713593,0.2026693364137266,0.2128634413613263,0.825,True,5
0.70913733242294852,-0.70243847771985546,-0.060864018785127302,0.70395023301313131,0.70050385636863322,0.11725364238875921,-0.039727990193593743,-0.12599417538634505,0.99123516612552254,20.912766809490417,22.467795133458338,-1.0358439480804085,,0.2201206603369823,0.4666666666666667,False,5
-0.27460973514926273,-0.94464940485641913,-0.1795187880575918,0.96101639004213435,-0.27588255819481672,-0.018338815508907827,-0.03220235133710006,-0.17755651491369817,0.98358359714874544,15.721754220736861,23.643648920912021,-1.4022792322074773,,0.5442198180183854,0.4285714285714285,False,3
0.38771193495810002,-0.88852377428315676,-0.24536698641964863,0.92166925828172475,0.36954158335442461,0.11817274013206569,-0.014325984415105143,-0.27196419011612344,0.96220073033905951,8.8996748444036466,-9.8905087228103881,-0.25753370658887043,,0.510848862520541,0.4375,False,1
0.85996234519146608,0.50994661613985481,0.020474704889305834,-0.50489946641542682,0.84422895648936624,0.17987217082776236,0.074439866108220953,-0.16502096143334649,0.98347688769050545,1.20771503527605,-18.866101941663732,-0.29231251894222332,,0.2046173079042418,0.25,False,5
-0.72857073882112844,-0.65874376498321596,-0.18772674457671792,0.68437457608402152,-0.71149520789243659,-0.15939262453424202,-0.028567781563339549,-0.24460421345887612,0.96920207419026605,-23.82686735058973,28.682133238433551,-4.7878474996037594,,0.5692517202604965,0.5428571428571428,False,1
-0.50857637933601618,-0.80657697251914795,-0.30130325883287906,0.86056807952372505,-0.48746926302481258,-0.14763569389172865,-0.027796526515283748,-0.33437599346826663,0.94202974905561954,-7.2996113045988071,-13.592140460806295,-1.0165352758320834,,0.4642695514902709,0.4642857142857143,False,2
-0.96372816907971437,-0.26387009823860852,-0.040007341548860098,0.26524542768314552,-0.96357671042846227,-0.034128964429749838,-0.029544529365778498,-0.04350280882206263,0.99861635596917042,-16.831396869528476,-17.743133066188651,-1.4338961203961087,0.2715321495075187,0.1689471237058812,0.32,True,4
0.48879542056359154,-0.87136836283948382,-0.042381754075283676,0.87239489940729575,0.48807790583878358,0.026591301588297988,-0.0024852211559273953,-0.049971332526397308,0.99874756049831759,12.253110871763312,26.834899542652611,-1.7977008494347821,0.6938476632600266,0.6463421213897729,0.8157894736842105,True,5
0.77187225860065012,0.63553192673111669,0.01767445920435988,-0.63500316943381763,0.76926228932592344,0.070756660676193531,0.031371821938457584,-0.065838441099970502,0.9973370084689468,-1.5388070655094228,-14.435305089692834,-0.62615933207130459,,0.09129387030595931,0.4516129032258064,False,5
0.17728326122986099,-0.97440209058305027,-0.13824330419621314,0.98390703557366044,0.17229661226493501,0.047337329357271848,-0.022306739707025701,-0.14441067574597302,0.98926637772353054,-26.816510476177058,28.27149784187511,-4.9865395787763687,,0.1754140870137861,0.2352941176470588,False,3
-0.25690136567558985,0.95738982208472234,0.13193338047135941,-0.96612775377502269,-0.25787138987241065,-0.0099754534182641755,0.024471446619388659,-0.13002720812912524,0.99120839052466636,-11.953236762894978,-20.524918357955151,-1.0183621566761833,,0.2157895001511745,0.1764705882352941,False,3
0.99950834269694278,0.028982125917807251,-0.011962828114449691,-0.027108147341851199,0.99050670818338693,0.13476501545803418,0.015755038143527217,-0.13437446714683585,0.99080537006624103,12.468031807671485,28.845840990849485,-1.9350225989087451,,0.1411715030892776,0.32,False,5
0.81962552348337925,0.56618147408169928,0.087478795495078254,-0.57277504583019812,0.80665350624361776,0.1457356090291283,0.011947724838232785,-0.16955429593953245,0.98544842208998351,7.4268817043472088,-12.223258723104216,-0.25370137562116257,,0.3556326866229755,0.3333333333333333,False,3
0.65702785733211189,0.75101817273842542,0.06546830459245484,-0.75077228742580537,0.64399926804157925,0.14698950709262737,0.068230250790962732,-0.14572798968813894,0.98696909064998373,11.784541727995363,-12.572504450403303,-0.10941007263614487,0.8223258687763754,0.695576888368142,0.3142857142857143,True,4
-0.87109455149978632,-0.47458193362032558,-0.12635770901919072,0.49053262787935237,-0.85330008182602202,-0.17679567681784586,-0.023917009285496664,-0.21598832986274089,0.97610297511581268,1.6361299405228535,24.083972118683391,-2.450699476779203,,0.1584775595788038,0.5454545454545454,False,5
-0.91242115787760669,-0.3877335306980183,-0.13095930600662045,0.40757262345519102,-0.88986068030174781,-0.20501835591664208,-0.037043046137433464,-0.24043851360661544,0.96995728457881125,23.489874089758327,20.215877552814455,-0.85866267346913905,,0.4539464301923603,0.34375,False,3
-0.95810429796983976,-0.28569463611970242,-0.020364898824923431,0.28558046820497618,-0.95831816882862808,0.0083715872312073863,-0.02190777011804506,0.0022050363656806304,0.99975756432401119,-9.9561125674080913,27.159542151257348,-3.5281320011078376,,0.08055872962496417,0.28,False,2
-0.78779401907631808,0.61403248808856847,0.048421968974257532,-0.61593873241130015,-0.78538741198822615,-0.061531219766853579,0.00024783692750069905,-0.078298893109661205,0.9969298981947825,-30.344027637505405,31.582190763277151,-5.2721042606430757,,0.2108925172381432,0.5,False,1
0.97612540580457474,0.21427690984326817,0.035561187422156242,-0.21682068271845814,0.95146938475258225,0.21839139503204821,0.012960852146197493,-0.22088779003503631,0.97521310518526239,4.3097293129612462,-11.636680132471991,-0.38289371730789384,,0.1755567710755654,0.3333333333333333,False,5
-0.88799621399595019,0.45634049781506009,0.056710439803998515,-0.4595890112707246,-0.87655570647470049,-0.14292667408792989,-0.015513369977451872,-0.15298184042736235,0.98810722689969277,-5.0243955046224471,-26.75448167169268,-0.26770764771207328,,0.7511169541005208,0.8043478260869565,False,4
0.89924347845311825,0.4370824687084971,0.017890835844718976,-0.43668163801969251,0.89449551040514685,0.095848468331394043,0.025890412819717316,-0.094003709568939636,0.99523514262273893,-16.354205630168678,-19.663771383894325,-1.3500267452781998,,0.2907571523674496,0.3,False,1
-0.38913651848527125,0.90596477727225533,0.16673509625509558,-0.92089012852268626,-0.38712975393534543,-0.045737564511353031,0.023111494340117902,-0.17134286083754069,0.98494034482773374,30.685275174025254,19.981480921726092,-0.55544071734738865,,0.3523000919609984,0.1111111111111111,False,2
-0.54679332843863382,-0.81300530798357695,-0.20009853863916716,0.83498363779764584,-0.54714054204448781,-0.058647692720811134,-0.061801137410334585,-0.19914717281898314,0.97801892771714583,15.450136256328092,20.808589817631724,-1.2325015191646418,,0.4199372899165945,0.3846153846153846,False,4
0.89594395579888941,-0.44135718821722825,-0.049882466623249001,0.44413174734468908,0.89162232920187035,0.088071636008333842,0.0056052714466263975,-0.10106163702223325,0.99486437590979981,-14.082757069414653,-15.096211938285066,-1.3525552181891287,,0.06818030998686472,0.4615384615384616,False,1
-0.24755695421070825,-0.93293454014152977,-0.26143583961046873,0.96859610470869484,-0.2447607007792772,-0.043746831853076498,-0.0231762888543783,-0.2640555683278627,0.96422897512467909,-5.9516636965544629,-11.406485072966099,-1.0280471611128479,,0.3192903138733409,0.1875,False,2
0.94516587655053774,0.31637622396615028,0.081040426414070665,-0.32569641613223765,0.89474748123745163,0.30553034110846083,0.024151818214585959,-0.31517142911145446,0.94872738969040704,21.332305492579867,-12.862819841438148,0.25530121960581686,,0.5305790396151959,0.3076923076923077,False,1
-0.22377025629943592,-0.96238013075108519,-0.15411475053092002,0.97443637987080411,-0.22415570759055506,-0.015098355501778907,-0.0200153436134719,-0.15355358247237494,0.98793759080719923,17.454604621523014,20.259137940882187,-1.0862592123074046,,0.3264523311412182,0.4333333333333333,False,5
0.56440526918043821,-0.81525274362471101,-0.12965205796183468,0.82544864771473014,0.55565263388657327,0.09942173022451975,-0.009012330846147467,-0.16313526432778325,0.98656254917031205,-3.1639934003856234,29.979801512022043,-3.2976216741902391,,0.2822516894896737,0.7083333333333334,False,5
0.6515971498547094,-0.75052286063798279,-0.11016619245939305,0.75851686124418893,0.64628723675600785,0.083456448609733974,0.0085630315592473208,-0.13794289857062061,0.99040316600082201,-13.321721691406626,-14.56562227739157,-1.317418057815624,0.5042149444342585,0.427926104312715,0.9440559440559441,True,5
-0.94308065780965478,0.33249759577423305,-0.0066499375683832206,-0.33244224212331874,-0.94308787319490739,-0.008210912539221564,-0.0090015841566491069,-0.0055328326434931976,0.99994417806476077,-22.631073226106228,-9.5560724677673345,-2.3822144131656797,,0.1127136296494256,0.3,False,1
0.85758463151939712,0.51420042984577075,0.012104450758513775,-0.51358589760623896,0.85480898144954465,0.074371573959317774,0.027894902074296402,-0.069996594057260927,0.9971571346877327,-12.205269769400841,-12.983392542442967,-1.3290090189154733,,0.1188569476561347,0.4761904761904762,False,4
0.97491257954478117,0.22010145507434381,0.03317848277870717,-0.22146992110008434,0.94425650353466017,0.24357900069673494,0.022283094337698959,-0.2448162678554148,0.96931339550224038,-22.229981581777174,-11.65348276398875,-2.1770014712240058,,0.2327057119904964,0.55,False,1
-0.76511650294128131,-0.63631603249317548,-0.098481692303944143,0.64179297017636261,-0.74131031115130153,-0.19636905564004564,0.051947284424761847,-0.21345006294893662,0.97557190932703075,10.596033277346509,-9.6071311941541815,-0.22121047922909842,,0.7225066348050323,0.1617647058823529,False,2
-0.52857035433240418,0.822206084699591,0.21116471012905008,-0.84691833778963754,-0.52770899265330051,-0.065211564836892749,0.057816171064452054,-0.21330816523473259,0.97527273980545481,-11.805439089495128,28.414255066477327,-3.7174777151142728,,0.358658307511858,0.5,False,2
0.74598977347452433,0.66594396219486229,-0.0042304949632567326,-0.66512434607290316,0.74535921484869727,0.045268588460704411,0.033299581566724544,-0.030956098855311535,0.99896589421818582,-0.98884844385938231,-15.405040490341067,-0.53054331436312929,0.1862875239198884,0.1407376664616996,0.3235294117647059,True,5
0.14218128005776923,0.9690529857844703,0.20179394030380676,-0.98951900699721207,0.13395352693638479,0.053931321257256186,0.025231297873560397,-0.20734696371904113,0.97794203214920128,1.1246133429578293,-15.194409905458341,-0.42620945966660057,,0.3402273899748434,0.1538461538461539,False,1
0.89205201668649325,-0.42888085320359881,-0.14249355522588725,0.45191396583514704,0.84364189874815665,0.28990017964767523,-0.0041191029010287025,-0.32300086754056573,0.94638970438151537,-16.64295033341002,-13.220480704374127,-1.6778709088948331,,0.3151843399180423,0.1666666666666667,False,3
-0.95764340679654125,0.28769422550544399,0.012293820803028654,-0.28787550557208053,-0.95548595879473908,-0.064608635937600203,-0.006840958319798536,-0.065411124106845381,0.99783494934400141,11.717222822564404,22.608384678650413,-1.6283539127348907,,0.09680742408115274,0.3076923076923077,False,5
0.3081306371067587,0.93128249011869213,0.19434102519671531,-0.95120591369964302,0.29810798465341826,0.079617455552810759,0.016211730907263952,-0.2093909097458736,0.97769761516369946,-8.0065324431724019,24.728313312659992,-3.3031329349847089,,0.2963550307965264,0.15,False,2
0.91006012087191479,-0.41064762185278375,-0.056205934430894791,0.414425098919109,0.90367306980279671,0.10782773436865496,0.0065125866200395691,-0.12142287090924732,0.99257950444066378,-0.4090293267986142,-13.551342769156232,-0.59710819206484211,,0.07201465225745349,0.2222222222222222,False,2
-0.3640833328089465,0.93007299534820453,0.049066792179114561,-0.93124617798588383,-0.36437717484787713,-0.0031353527014944226,0.014962712234521692,-0.046834792343919733,0.99879057838402185,-10.64365572160283,26.526398650618329,-3.530106814933017,,0.5299770540748738,0.1764705882352941,False,1
0.39280477798918106,-0.91629889048473789,-0.078107295980008942,0.91951245028818318,0.3900285875766093,0.04872940219227917,-0.014186618832258897,-0.090961773121646106,0.99575333073842875,8.3430837684577348,-18.597050764713057,-0.053812205715195724,,0.4116166764910307,0.391304347826087,False,1
0.084022844583883455,-0.97282907092759985,-0.21574002954059365,0.99623411029523068,0.077362384735545145,0.039149187888131556,-0.021395304912603767,-0.21821700251394974,0.97566571157416637,16.371749526969836,-13.412948174129586,0.091780851273953745,,0.1105105529917798,0.5,False,1
-0.94968262422358485,0.31192305061325404,0.028406403220501211,-0.31316921634975364,-0.94410313038904725,-0.10292871863810407,-0.0052872657097419902,-0.10664562666008524,0.99428303572754961,-1.4976706459892464,10.033392276481383,-1.7383475335572596,,0.2052666167147155,0.2530120481927711,False,4
0.98131836387897009,0.18576328046970217,0.050062684137358496,-0.19237225727003054,0.94379612474916019,0.26877832788619987,0.0026801766239214694,-0.27338778051991114,0.96190017055600019,12.973332704062177,36.633685950178872,-2.3764187922694564,,0.5186091623023096,0.5,False,3
-0.14550454599244589,0.98803700263320005,0.051100964013745608,-0.98918574773072454,-0.14432247807257884,-0.026126209242778604,-0.018438643712041326,-0.05434982751207193,0.99835169788380107,-10.960264113438626,-11.545939130407692,-1.3325920851749435,,0.1267111619876026,0.1304347826086956,False,2
-0.88654414321843156,0.44381840309006476,0.13063195322615961,-0.45765939617830037,-0.88264314772810049,-0.10718652367879083,0.067730046617511169,-0.15481052563445202,0.98561977554124514,-1.9175818837274108,24.542527478253312,-2.7647875445644297,,0.2356847827653056,0.25,False,2
-0.93466115008035899,-0.3290993865800303,-0.13454414994011638,0.35468547797355177,-0.8892920211791725,-0.28871770430947769,-0.024632219655036064,-0.31757407768851281,0.94791347650255331,-5.0743856350584711,-18.258223507072209,-0.6796856752553202,,0.6637311277221237,0.25,False,1
0.027212584994843608,-0.97461331714521071,-0.22223491458613612,0.9982906714989499,0.014992984815700841,0.056488455497487614,-0.051722436292907528,-0.2233922390091585,0.97335538069833527,11.605543101192161,21.107607829310098,-1.5635931118180089,,0.5044392557803639,0.4285714285714285,False,2
0.63816649953205529,-0.75831220384205833,-0.1330643467620295,0.76910831144812297,0.635745670151727,0.065573227347372406,0.034870103762705877,-0.14418753201138418,0.98893580756085786,-7.7466772806829107,-12.772555989678155,-1.0934874739141842,,0.1798145710935118,0.3421052631578947,False,3
0.77437639355086096,-0.62958711122834277,-0.062938624757081549,0.63272142334621528,0.77087561446435093,0.073582521450062249,0.0021912439165141726,-0.096803183828632067,0.99530113134203702,12.2272041256262,-13.745446895372156,-0.05996572328322386,,0.08179378375430822,0.3,False,2
0.11463881747850395,-0.95907677178772022,-0.25890092186853059,0.99332455991926671,0.10730551632125367,0.042330188143025319,-0.012816403096228324,-0.26202532699010961,0.9649758897648173,4.1915491451231368,-6.8118187387966431,-0.58621037494025396,0.4583304865370073,0.3898233708751511,0.3490566037735849,True,2
0.99875895403669013,0.049112713271011459,-0.0082760574366884769,-0.046170096604334854,0.97530970472208278,0.21596134388929239,0.018678166694896754,-0.21531121956387292,0.97636683926628454,-14.617865412655794,22.264462234461266,-3.6052289067395287,,0.303634780606047,0.4482758620689655,False,1
-0.69712601476377811,-0.70851846656690454,-0.10962163141120979,0.71637202511836462,-0.69450581548670143,-0.06687894947563916,-0.028747889790139515,-0.12515292561036764,0.99172088010880355,-10.440915740819825,25.597837463454908,-3.4755775988963094,,0.08914942393740824,0.3333333333333333,False,1
0.76202224745289782,-0.63531010937708743,-0.12531224724705586,0.64656674116069479,0.73581667104417092,0.20130890650518468,-0.03568674279999802,-0.23442459669741825,0.97147906042877707,-5.4202899342597011,-17.201484105515902,-0.75017039549695674,,0.3629363898257951,0.4366197183098591,False,2
0.93055559930894771,0.36602527892559467,-0.0095797589847203789,-0.36255681519273469,0.92476337696050914,0.11560818478765256,0.051174528352160055,-0.10410663677227945,0.99324869787374925,-17.170714135772378,-25.949584436214558,-1.0924677611041795,,0.1183793163343625,0.2857142857142857,False,2
0.30538122577960525,0.94447145577315217,0.12130942325759302,-0.95023118009621321,0.29400674996474174,0.10305695196409211,0.061668560177007663,-0.14674365473475787,0.98725036767822116,-4.2132598592650679,-10.899450096290876,-0.93784235940434968,0.8357900345945255,0.7661936698537846,0.856,True,2
-0.3135732800020451,-0.92239124576379827,-0.22553533604973719,0.94628677151148799,-0.32326492535857815,0.0064135867716893398,-0.078823499865992866,-0.21140997557168795,0.97421387697858974,12.373804987765364,21.460618324701496,-1.5330971641963425,,0.6487945255610443,0.6266666666666667,False,2
0.93723953804693105,-0.32868976876504291,-0.11638335031591741,0.34627668251239807,0.91655678168376553,0.20004030868228895,0.040920746202662152,-0.22778652694722823,0.97285085736280075,13.434778973455254,25.023180489758214,-1.6573264083886357,,0.4366995112025326,0.3529411764705883,False,2
-0.7001313501326577,-0.69280687829477616,-0.17272730516299045,0.71366175257111575,-0.6865998157235057,-0.13880776622931171,-0.022427560690926444,-0.22045254009853205,0.97513982694050583,10.202532537948553,21.786113162838188,-1.6666264115592373,,0.2788465668662661,0.1111111111111111,False,3
-0.85035389189479271,-0.51878463479140446,-0.088095182863364499,0.52551458960549513,-0.84585435773403539,-0.091459398719385687,-0.027067963557475622,-0.12406815952004915,0.99190443952134821,-18.516242676841674,26.402099934623038,-4.1632765047053475,,0.8832392498274564,0.5116279069767442,False,1
0.15279126884643132,0.98798231121655367,0.023361953845835039,-0.98793682283874706,0.15209576534672875,0.029115498327788449,0.025212343079932892,-0.027528728390358657,0.99930301053765991,-6.1896965965006245,-23.480679019665672,-0.44747797445357701,,0.1529578541271492,0.2592592592592592,False,4
0.34693728460579293,-0.89987871257099783,-0.26429684676878423,0.93776164611329405,0.32820050249274463,0.11352323657469786,-0.015414786058969003,-0.28723288952533493,0.9577367339439804,-15.378800473583313,-7.6274593558418369,-1.9095385755915015,,0.1661121429804583,0.5625,False,1
0.663721279197517,-0.74482330583569456,-0.068646242609480074,0.74796309247616,0.6602883975800049,0.0676050613100002,-0.0050275077236373068,-0.096215773681955344,0.99534780306226223,-4.0252448252755775,33.302537106547284,-3.4790985804160042,,0.1120802048255577,0.1875,False,2
0.93105690439383926,0.36482399562475298,0.0060409433825763317,-0.36442479392809896,0.92896188885350006,0.064995220041168963,0.018100009696794116,-0.062715717919253899,0.99786728996136986,12.563631473331723,-12.836848771471281,-0.06395802772732162,,0.4941004718101151,0.7920792079207921,False,2
0.61593273494769329,-0.77023481539225869,-0.16542428835424436,0.78776561340387508,0.60024937083108909,0.13829689495899181,-0.0072252583532458024,-0.21549715073414638,0.97647773843912777,15.194556078508969,28.550234918075638,-1.6683842875601331,,0.7178012632629762,0.7096774193548387,False,1
-0.97877557874777277,-0.19373374010598535,-0.066825177826247667,0.19894540937580632,-0.97649377990979569,-0.082949514077974129,-0.049184250886396864,-0.094483521007769591,0.9943107028101017,23.840554180208706,22.96257516547319,-0.95222370494128472,,0.2693921604416852,0.5925925925925926,False,4
-0.76320859095340299,0.63746011313364437,0.10562788864009023,-0.64615072175943244,-0.75328810737939678,-0.12266324653510388,0.0013753053065678617,-0.16186918003254577,0.98681126720913848,-9.9973885288864697,-26.379710054643674,-0.55856022294664442,,0.3980133407573399,0.2777777777777778,False,1
0.7080020167298865,0.69343329835627709,0.13372884893376005,-0.70552571674270914,0.68618201315518146,0.17716576372705065,0.031090309118764915,-0.21978286000741087,0.97505327399371511,-28.716162577061429,27.957589144260787,-5.0944406941807987,,0.5788060753564563,0.3421052631578947,False,2
0.99919885993423074,0.039618896659307234,-0.0056552041194610665,-0.035518389160794195,0.94301032712301214,0.33086245929505542,0.018441321469895432,-0.33039652838195649,0.94366204315718616,4.2221562956087384,-10.243298652111529,-0.43735102706851481,,0.1659137506942181,0.5483870967741935,False,1
0.67170085787916911,0.71832294056164758,0.18119081264582992,-0.73910899550722553,0.63316886883400691,0.22981530910660364,0.050357226737464865,-0.28828689981046929,0.95621901942650145,16.810511265276595,24.105191345621858,-1.3506262965051252,,0.3575859345951712,0.1578947368421053,False,2
-0.75780368421272992,0.65246963171012029,0.0041177529884246084,-0.65248062401675722,-0.75780189942963871,-0.0023057544394812363,0.0016160062860679537,-0.0044340632485628875,0.99998886374138785,2.8077302436477631,21.709676174821912,-2.2491476628903206,,0.1677988270413803,0.4375,False,1
0.673931483044793,-0.73414641184805551,-0.082736945385173538,0.73879378896878733,0.66964564561368434,0.075884429837569753,-0.00030584667182870576,-0.11226644770925803,0.99367809232998394,-3.7245931376194177,-21.008009338629986,-0.42894963214447779,,0.4128048214005722,0.3214285714285715,False,2
-0.96060511178297736,-0.26546958858592923,-0.082241818756837615,0.27706212573382027,-0.93795106564028907,-0.2085290793824785,-0.021780672631302199,-0.2231001927391919,0.97455215678765228,24.958180270473548,19.712191669470595,-0.75795558281529996,,0.5578382268117132,0.3061224489795918,False,3
-0.95914201006174016,-0.26597763812711162,-0.096449471491803052,0.28195625472746261,-0.92678862188107569,-0.24811997253715448,-0.023393908497450121,-0.26517682094802203,0.96391596038094196,-20.675584470559496,27.342097622383516,-4.4207897881649281,,0.4155027204045394,0.4090909090909091,False,1
-0.99944234741156501,-0.023658514768352845,-0.023564143935561794,0.027948808904680236,-0.97885499653685681,-0.20263701496922726,-0.01827178921917396,-0.2031826036691744,0.978970362822565,-14.490754659788907,-4.7695282480374637,-2.0083357486958406,,0.4088187859915333,0.2631578947368421,False,1
0.90712545544332712,-0.40903038069124065,-0.099083579660382587,0.42081259214748534,0.88507264921861539,0.19890492174719079,0.0063380104804636635,-0.22212733572597729,0.97499706478862203,-13.886114459633777,-7.032603108881319,-1.8418062773216519,,0.3457304377403365,0.2564102564102564,False,1
-0.356014782872211,-0.88270161781022716,-0.30674309819727053,0.93406880131480385,-0.34588077773465881,-0.088780414529293389,-0.027729925834340838,-0.31812629804666492,0.94764271205151296,-10.026070389728115,22.082403221844412,-3.2885142500866449,,0.1636446150955866,0.4,False,1
-0.065300870876600761,-0.96635239491338132,-0.24879478513009334,0.99757551363097985,-0.069231918119908614,0.0070736212313506248,-0.024060151010412638,-0.24772967193820375,0.96853039124993179,5.9607734938180332,28.224385827610583,-2.3940520104206335,,0.3513499992021672,0.3214285714285715,False,1
-0.68275139227541559,0.7228417767641272,0.10653779662853036,-0.73061984292475779,-0.67676717623003924,-0.090447964610718551,0.0067217163421499949,-0.13959210200473221,0.99018627721621988,-10.123723025379414,33.49758145776709,-3.9735141821961508,,0.2784709731289859,0.6,False,2
0.079589103545250811,-0.99052187490329879,-0.1119463707983286,0.99659626003000235,0.076647117438869802,0.030349858031357407,-0.021481831650834313,-0.11398085245498754,0.99325067137282086,-14.235760894735936,-13.593161114135039,-1.4179672250301518,,0.1403051683244737,0.2941176470588235,False,1
-0.85417213931806046,0.51024223176643524,0.10021387795517797,-0.51998094254072846,-0.83698525205012941,-0.17051541644390114,-0.0031266287376836392,-0.19775882476539197,0.98024571991932097,22.097066784511593,-14.849478655862351,0.37078904123170942,,0.1788368694349917,0.2857142857142857,False,1
-0.54409895681457032,0.83131237630494159,0.11347272004992651,-0.83874563268093072,-0.54238801347156496,-0.048176825352407499,0.021496252044556574,-0.12138770878718434,0.99237237733798123,22.450912395093436,20.746256895911596,-0.91929373391848712,,0.675716204004398,0.5961538461538461,False,2
-0.15341654237303246,-0.96119299606158592,-0.22928451506470252,0.98783534593014544,-0.15514232141440243,-0.010591951530293266,-0.02539082230597178,-0.22812032883612637,0.97330181429725315,3.6851087623353473,29.543672744889189,-2.6672884268544017,,0.3140572682872332,0.3809523809523809,False,1
0.39427446626603568,0.91849429402190375,0.030263461464929968,-0.91846681041592804,0.39272115959560377,0.046784708722804477,0.0310863863294885,-0.046242000984935243,0.99844645020646194,14.354368078646937,-13.494969285854129,0.015706643287507628,,0.1064903994579411,0.2222222222222222,False,3
-0.93484144311106732,0.35506089432018756,0.0017993239189283416,-0.35496751640524771,-0.93445257119578484,-0.028221525165662384,-0.0083389771019431146,-0.027021352855373687,0.99960007400497819,-13.646057495185355,26.821352708153054,-3.7710471703132282,,0.5183031764802515,0.9310344827586207,False,1
-0.48954011856855156,0.85835624500847452,0.15354161965682805,-0.87197451805804915,-0.48122062686453237,-0.089928572420233222,-0.003303357280549658,-0.17790802380741638,0.98404157579627649,20.932227303970429,20.392525881714548,-0.98077258839839054,,0.4751975829194038,0.12,False,2
0.99610938200992172,0.086739352269308498,-0.015568681373593022,-0.085511801504270735,0.99406986128356944,0.067177694893161832,0.021303306675393801,-0.0655850261535766,0.99761955347172726,-5.8257474165457044,-15.391692681189356,-0.83245655820158482,,0.07322657422124142,0.1904761904761905,False,2
0.88737628716232686,-0.45186208528478727,-0.091564080643490489,0.46101806574872967,0.8718300499091437,0.16545303602146441,0.0050663631239412504,-0.18903179615478449,0.98195789726810212,-19.288355415923675,37.40545371433894,-5.0731278227141994,,0.1793792765973005,0.5555555555555556,False,1
0.99980974870709205,-0.0056677472115005713,-0.018663950059074539,0.008923337155982685,0.98375889168384489,0.1792730238685501,0.017344752643429533,-0.17940546166301513,0.98362230550207552,24.88545958885717,-12.154210780366839,0.37195616636595946,,0.1380454278266459,0.3125,False,2
