axis_00,axis_01,axis_02,axis_10,axis_11,axis_12,axis_20,axis_21,axis_22,location_x,location_y,location_z,dbh,dbh_approximation,score,reconstructed,number_clusters
-0.051610018428591434,-0.98256089014724612,-0.17863511175257091,0.99849345614216956,-0.047431248936455388,-0.027587944207475318,0.018633948563501781,-0.17978980443112186,0.98352854670495116,-13.471779049473763,8.2171843361970343,-2.6348691529916763,,0.08368570333071666,0.2857142857142857,False,5
0.40940866363703116,0.91231361722003479,0.0082710322110477463,-0.91215076508808945,0.40911196607633754,0.024665379834219979,0.019118783647320836,-0.017642648555403206,0.99966154725676881,12.706877308770395,-8.8167741837958715,0.26409732063135405,0.821335412473622,0.259981966979876,0.35,True,5
-0.39497271829355857,0.91409562679958856,-0.091791812650504873,-0.91534330704764044,-0.4000877038604812,-0.045568184764566214,-0.078378453971017545,0.06602283154724671,0.99473504194212325,2.7090043463161821,-10.983017331567531,-0.83753171905100343,,0.07628435653291038,0.3225806451612903,False,2
-0.91514549156426495,0.38864744508951127,-0.10706022928704995,-0.37889755445891782,-0.91993890529042321,-0.10074251216894277,-0.13764219009682899,-0.051629196763591817,0.9891355081822184,19.076558100857667,6.5511715190742938,1.0940154229287797,0.4179773349416536,0.4506238112987521,0.9090909090909091,True,5
0.982612495701083,0.14893969569898752,-0.11085869536117854,-0.14977246376876924,0.98872014725453727,0.00082432372238398777,0.10973100012631964,0.015793589144317791,0.99383583662153097,-20.678450560986288,-9.871916711709261,-3.6490543869917773,,0.0680154545687671,0.4210526315789473,False,1
-0.82718108799362489,0.55345290582133655,-0.097269361587304481,-0.5497479417187765,-0.83288026472863419,-0.063934851227858053,-0.11639866082413231,0.00058793152554991596,0.9932023993602056,4.2269785233367756,5.8164048894186848,-0.76847208512647169,0.1182963613477483,0.1112424800322832,0.6216216216216216,True,5
0.083050475890847297,-0.96508555187774281,-0.24841999921732724,0.99555249579574223,0.091473248557391099,-0.022536035880930418,0.044472986960317783,-0.24544352172178191,0.96839022665227115,23.709986348977907,8.4875493311350763,1.6687268917539628,,0.3474637442520618,0.53125,False,5
0.49598057416401015,-0.84788369684724507,-0.18734061671882249,0.86407490948122501,0.50326601691650585,0.009892776253851765,0.085894242280565053,-0.16678295127993481,0.98224519663137233,-3.9107400612828642,-12.349168280827291,-1.6511306182400789,0.7714068436821072,0.6750259070956433,0.7768595041322314,True,4
0.67153330986800652,0.74064818663703291,-0.021983570433284139,-0.73845178541352552,0.67139855371386337,0.06255351861013933,0.061089887520739398,-0.025772964559934122,0.99779946880147008,11.468511535049975,8.6502423385376943,0.18880905455677835,0.1661472311202151,0.1192242268583911,0.3333333333333333,True,5
0.18488341378217668,0.98270848121677201,-0.010107633396258003,-0.98273081936747853,0.18478817876739237,-0.0096677636066186921,-0.0076328221236800428,0.011720491988601478,0.999902180262636,-15.169862257742871,0.47765275816014013,-2.9712065640201133,0.296623850641071,0.1399835225578484,0.2777777777777778,True,5
-0.86785547995039058,0.48963804888360862,-0.084151333949788354,-0.48235778385761346,-0.87098956696319207,-0.093317429203990568,-0.11898669787857742,-0.040394991356884014,0.99207379282048813,1.467228529559649,10.730295155505694,-0.94720616313317996,0.254027635165776,0.08553540986668545,0.1428571428571428,True,5
0.87932451205183726,-0.4248287962530708,-0.21519501941021585,0.44875543877923285,0.89043039667831669,0.075843686865499582,0.15939560430217167,-0.16326114830375493,0.97362150694388594,-10.543917349152622,-8.9152660782652635,-2.4960156151395259,,0.2760945290062816,0.3402777777777778,False,7
0.9733501879725367,-0.1856268596637167,-0.13465541409544052,0.20892774711857354,0.95988795240879921,0.18698747365639279,0.094544212185543222,-0.21013754493623865,0.97308972050391385,2.1922432129059612,-3.9573264225160352,-1.0162084356823591,,0.5859175170331193,0.2880434782608696,False,3
0.83060447462814124,-0.5396569037329022,-0.13735586256555002,0.54534001054662196,0.8382027812851397,0.0045133516222555237,0.11269640466633915,-0.078654457593153038,0.99051148235444875,-21.346472378777328,-0.024529410402995243,-3.6662749505534107,0.1975284034977748,0.1602573438684698,0.7692307692307693,True,5
-0.89344192045420245,0.44907725250318337,-0.0095475682400830431,-0.43288929336820697,-0.86651906147056512,-0.24849864344769629,-0.11986823792098258,-0.21788606516333964,0.9685851888942737,-2.0239612542884569,-14.276624293327757,-1.436607987627764,,0.2567555913143454,0.1666666666666667,False,1
0.036538419433689351,-0.94529760055387779,-0.32415642873829875,0.99925936083427658,0.038477886482438217,0.00042665784389392392,0.012069535631454463,-0.32393193519460922,0.94600339728286109,1.054488613868227,12.306785178192216,-0.95482192648123621,,0.2582608482016491,0.25,False,3
0.51934800851713703,-0.83546675103900003,-0.17964674769564243,0.8501520613744542,0.52645313363843227,0.0094111966848653764,0.086712851354630319,-0.15761473912871482,0.98368616713834967,5.9211151069199781,-11.022505806725688,-0.45203326019824019,0.8292584033742442,0.646617283186882,0.82,True,6
0.99730900543053924,0.024726272265568189,-0.069017093150881406,-0.020317061143922906,0.99775124433908335,0.063872305784935773,0.070441214595026336,-0.062298201255407276,0.99556866634437513,-18.15608928013431,4.6966734264943648,-3.2603515421214158,,0.1559544364059876,0.3529411764705883,False,3
0.18292058132987091,0.98249335438593544,0.035311039540310354,-0.98311842842357833,0.18295676185660947,0.0022313639101717575,-0.0042680932391255082,-0.035123096082479821,0.99937387973755121,-30.947598227051806,4.7018563222620271,-4.5753954462457962,,0.2749445506626165,0.7391304347826086,False,5
-0.97432203485669733,0.17895653296422398,-0.13664234959239246,-0.15793301992241165,-0.97572136217530558,-0.1517398583528855,-0.16047969843843826,-0.12626314863882995,0.97892996873367666,-43.374637526448325,-18.891740095612356,-6.3036198968009813,,0.496090378853152,0.4,False,2
0.90305940220243641,0.42926628681687928,0.014634585618600593,-0.42007120393343861,0.87558369162226124,0.23852333762348227,0.089576222959504639,-0.22154831068546432,0.97102649104580441,-5.428584858809093,25.736335680070042,-1.2244860574622511,,0.2427577948585062,0.4090909090909091,False,2
-0.88446527254191043,-0.43665756458341226,-0.1644729551003663,0.45837130336263049,-0.87901990605855584,-0.13122405650813684,-0.087275024611897969,-0.19145280370078263,0.97761387778309583,21.962823897290001,21.867052208422962,1.8486691399877329,0.5127705321738382,0.3753826076597891,0.4102564102564102,True,5
-0.88695847579049392,0.44918177095891282,-0.10742624847595947,-0.4461587392858985,-0.89343866299942765,-0.0520551132609701,-0.1193609717714349,0.0017584356711961846,0.99284936738750496,-5.0222105504850933,4.8113566377345771,-1.7407841374439605,0.1107499615610278,0.09734785435147365,0.4975609756097561,True,4
0.74819194998712801,0.66138078470108508,-0.052766121731990516,-0.66036305148417274,0.75001838544846156,0.037323742092591046,0.064260767260983315,0.0069194737848502358,0.99790915151308734,-9.3404727955642652,-16.264724075523102,-2.3239488679215525,,0.2905393244479155,0.8695652173913043,False,1
0.76843018071883296,0.63117472253347118,-0.10551552964003444,-0.63641736001394811,0.7710092479304993,-0.022752658713249455,0.066992546102517314,0.084635744460840448,0.99415732634541332,9.426276912101482,-4.4339877101828726,-0.15733684325006991,0.3080833539341764,0.1685850599532389,0.5,True,5
0.098379069898814994,0.99229375509679674,-0.075330353787440907,-0.99486524928728648,0.09626123857437717,-0.031255554845023882,-0.023763298726977536,0.078018443614466804,0.99666866514884822,-4.2656408647411403,2.5596575380937958,-1.6810081731705646,0.09161685483815829,0.08044544759820807,0.4403973509933775,True,5
0.70935623095695932,0.70390271437013052,-0.03653363251720243,-0.7019501849409896,0.71018505990943026,0.053880595233829952,0.063872337234909649,-0.012575745854770698,0.99787883791187226,16.172324348708063,-1.318917974757678,0.72438880204204825,,0.1212661259701297,0.25,False,3
-0.92820910185048688,0.36723956415963271,-0.059690583493179482,-0.35473048721535144,-0.9219060658434034,-0.15574173236836145,-0.11222363691251747,-0.12338682375757146,0.98599267088612064,-10.36164420552449,3.8892721079267063,-2.3568061374480185,0.6529140613922524,0.4657428341166492,0.4764705882352941,True,5
0.04686246676142556,0.99567542745928006,0.080214414931571998,-0.99593947995300991,0.05275199442552627,-0.072950526763399581,-0.07686651728784466,-0.076470061056006511,0.99410455601115144,-3.012665038008334,-15.064474863658397,-1.5413360528837761,,0.552287759402244,0.8421052631578947,False,5
0.98945629427064752,0.090796876692530407,-0.11283691289236331,-0.091084962834701452,0.99583970374983322,0.0026103602903191359,0.11260449046818001,0.0076949085976129126,0.99361009309893566,-0.63097623120624102,-15.929613210496985,-1.2678168576172886,,0.09755522972232836,0.3529411764705883,False,1
0.6703971645623239,0.73602732367196511,-0.093975638093508784,-0.74033963223660848,0.6719826517646269,-0.018345153778174989,0.049647464049648107,0.081872428421697174,0.99540546250147455,-7.4241259123749659,5.9477781120038644,-1.9833304365679041,0.3998286343253403,0.1013304689613137,0.2333333333333333,True,5
0.41801625600087594,-0.8406627622374887,-0.34430877117239844,0.90528931403824964,0.41702401178877818,0.080884061963710022,0.075588806096977282,-0.3455099040242261,0.93536583143388585,12.353227087085445,0.89228435457168853,0.1812980948974228,0.466611103076569,0.3042328839155851,0.1111111111111111,True,5
-0.90907090633551213,0.41203441106629712,-0.061787792901045399,-0.39244733813133326,-0.89661352432440611,-0.20510795887093389,-0.13991130779162825,-0.16220922321440118,0.97678707703174439,-8.5500406580489088,5.8772816874819638,-2.1058333729989629,0.2067139510753783,0.2082672432367095,0.4901960784313725,True,8
0.43230795086517348,0.90171847902028057,0.0036905571540958165,-0.90153068132039782,0.43212548768032089,0.022583036443855155,0.018768757463786902,-0.013089976714940346,0.99973815884603923,-17.994583762328197,-2.4761287200095827,-3.2900777699110986,,0.07725101848268688,0.4545454545454545,False,1
0.94725809497033842,0.30574853494698945,-0.096020492036513042,-0.30530718343013519,0.95205181133786321,0.01961816184688512,0.097414707611953213,0.010732283357343345,0.99518600916352029,-18.647582525588948,-2.7615860101424792,-3.3882029774837217,0.6497217316429131,0.3165479132675896,0.8617886178861789,True,4
0.75004184791771822,0.66131863533389545,-0.0097410950251798079,-0.65807125228236507,0.74767056819375077,0.089055872217135429,0.066177437935411199,-0.060385296363842822,0.99597899711357196,-12.463666319783773,17.349220670842723,-2.3124904143797673,,0.4081066098463285,0.7916666666666666,False,5
-0.66995648309978417,-0.70261668535158239,-0.23976677046272724,0.73672450530898725,-0.66906681297185278,-0.097911199854344821,-0.091625946269594541,-0.24223829846918293,0.96588057891488732,-9.5025695634487164,-0.29956153629568361,-2.314023341844043,0.3997328867225492,0.1648916709767774,0.2180451127819549,True,5
0.58284754112514736,0.81062676424500357,0.056329325346978709,-0.81137549861359237,0.57680701054142536,0.094675619035782782,0.044255440952663094,-0.10088568619947925,0.99391324282662918,-4.2357775217106388,-19.314166958343414,-1.6844497890189618,0.9775459363832237,0.5757840301536067,0.7910447761194029,True,4
-0.67165083429215477,-0.72750051389182513,-0.14010053205388734,0.73965493824266026,-0.66926893102939289,-0.07063759828886737,-0.042376044269119062,-0.15106985220719379,0.98761438356587206,2.5568092276243424,7.3800491432187458,-0.893768164758872,,0.1214674040253326,0.6210526315789474,False,5
0.089325008065138017,-0.9429501496394237,-0.32072738927187372,0.99505091507205801,0.098559315418175808,-0.012638740386644389,0.043528374061334821,-0.31801112659667985,0.94708722091066511,-8.8141946701204628,11.100919435706604,-2.0647801095440554,,0.1920897319304192,0.3214285714285715,False,4
-0.1580362213300136,-0.96407358983736424,-0.21351034196457047,0.98735718283713347,-0.15160062610788544,-0.046293019599241217,0.012261576067114314,-0.2181269436401517,0.97584337381085695,-6.791678255925536,-10.461476400362223,-2.0232837474864183,,0.270674311762101,0.8850574712643678,False,4
0.48795079215639942,0.86938159586444441,-0.077972207908539745,-0.87256803592781662,0.4881852052121412,-0.017327091188362738,0.023001024129646681,0.076490824182837772,0.99680494917752871,-3.342199339900811,-8.1529604083783038,-1.6148461043933506,1.060274193867186,0.7657464815359709,0.8594771241830066,True,4
0.96994305457825847,0.21553319092008483,-0.11294208465936638,-0.21903729377275419,0.97552270528136176,-0.019445190079842481,0.10598648410106566,0.043599255639738176,0.99341127942839225,-5.120553882757183,10.713043633928056,-1.6834869201585845,0.386775164256809,0.3109328754957991,0.8916256157635468,True,5
-0.98375930721932192,-0.12993116561619247,-0.12383665717782558,0.14172048848121854,-0.98565329340307473,-0.091667269776719212,-0.11014957378040816,-0.10772872135735455,0.98805950933671227,-7.7082605115849265,-8.6916193979803484,-2.1630077145484092,,0.1111914175612817,0.2352941176470588,False,1
0.52910773136583888,-0.82793294598879541,-0.18593559518072916,0.84347269089773425,0.53710289280816392,0.0086198751057575337,0.092729867457211929,-0.16139243936262554,0.98252412295981373,-1.6876722172505612,-17.174054659942705,-1.4016677745268575,,0.1237634878652765,0.4545454545454545,False,4
-0.91639948176705488,-0.37979394410051009,-0.12636672758939024,0.38985212706751082,-0.91845389545821932,-0.066766465673710751,-0.090704513878913234,-0.11044909208409093,0.98973415077978844,-13.010911125595191,2.8380681910173311,-2.6861447451908966,0.3784298421601182,0.3962919443078966,0.9598470363288719,True,7
0.10211081631772695,-0.93201670409471271,-0.34773300746313296,0.99277965324115969,0.11759564870130802,-0.023660589952078016,0.062943953651556153,-0.34280625241518914,0.93729500799042109,9.182303321819262,9.8129206793258366,-0.027906085433023201,,0.6127379149742765,0.25,False,5
0.92803463218389537,-0.3472949993565968,-0.1346770392056606,0.35154773602218542,0.93613205745575379,0.0084237937612510888,0.12314995235475056,-0.05516298057173679,0.99085374037214202,-12.630314245597184,9.3560123191696114,-2.5453245116034076,0.4906600784261773,0.4561189880594311,0.8888888888888888,True,5
-0.63815103634076042,0.76708811391736875,-0.065871695772230177,-0.76313725340641192,-0.64154142882121967,-0.07775684901889765,-0.10190577648265697,0.00064853120484091586,0.9947938440333981,-18.000373477604455,-8.1262727772870811,-3.3257843616807161,,0.08760525401675284,0.2045454545454546,False,5
-0.75984969796052726,0.64981553244247536,0.019188806784112888,-0.64101114010021576,-0.74398331264163042,-0.18866252616300805,-0.10831968785367301,-0.15565540243527867,0.98185449070419506,-35.68407997461636,6.6861936722978061,-5.0241397835320614,,0.3200881300950332,0.5625,False,4
0.23022715867195512,-0.93614056624797637,-0.2657748965473567,0.96904646222522461,0.24555832210109646,-0.025496362400774429,0.089131416787885942,-0.25167826817549016,0.96369789865370736,0.99390822604209128,16.421567718360336,-0.82694528392802713,,0.3680068525829827,0.1428571428571428,False,3
-0.61911791233919888,0.78129974609966046,-0.079143650189753598,-0.77896224870000885,-0.62377230599391054,-0.064233366526007543,-0.099553130141534135,0.021881887936037001,0.99479161499249513,-11.639783204807051,3.915935182547174,-2.504370974201013,,0.09413467082196078,0.3466666666666667,False,5
-0.3676427827347073,-0.91466303985371777,-0.16801877225071354,0.92991117942635926,-0.36355199843886432,-0.055634007666039008,-0.010197189855927064,-0.17669597606245657,0.98421265454289786,-20.134028664122035,8.3943249010184342,-3.3900301088511773,,0.5835166700615063,0.3125,False,1
-0.71184288019425634,0.70205976072027476,-0.01979409745696778,-0.69408246906491788,-0.70750410763815896,-0.13299422473129924,-0.10737429884982914,-0.080932255946086495,0.99091913388226815,-3.2002641052168546,8.6870317212946428,-1.5014094137523133,,0.8594038617190738,0.3870967741935484,False,2
-0.45912390099464639,0.88836664875904914,0.0031529205625598911,-0.88398301644627086,-0.45650024136553846,-0.10090369798850923,-0.088200171031632205,-0.049114427674777181,0.99489120150103305,-12.484328228690154,13.533832912069389,-2.426817945095781,,0.1597285568708748,0.1666666666666667,False,5
0.32745107815879249,0.94485488265171835,-0.0050042124107482489,-0.94484829717389629,0.32747392982802259,0.0047455885387848659,0.0061226416057688221,0.0031742734914688431,0.99997621834100059,-6.1459144611008591,-9.8752816729763389,-1.965527142260352,,0.09135060066137528,0.3333333333333333,False,3
0.94766563676330395,-0.27954314468929836,-0.15422539076047193,0.29874420870492902,0.94681961251015201,0.11951786113962909,0.11261322596954595,-0.15933691230642044,0.98078030654850956,-4.7914715967971535,-3.8697686365127928,-1.865867964789315,,0.3972200018947606,0.4984984984984985,False,4
-0.987284646989398,-0.060879687841010208,-0.14684239655971515,0.1012963296493775,-0.95285686716663454,-0.2860119652968236,-0.12250746678706628,-0.29724981800123601,0.94690784466052869,23.505224563627564,19.184218763876228,1.9367408581312646,,0.2076091729144287,0.3333333333333333,False,2
0.13512581614376001,0.99082796181612731,-0.00098178143275810814,-0.99048737549412924,0.13505323879144637,-0.026370090608344283,-0.025995630368093069,0.0045357221298787664,0.99965176658000565,-23.720252885506905,8.7721181856792487,-3.7599920156837863,0.2048756629959463,0.1925182424764817,0.4444444444444444,True,5
0.64549325796877233,0.7600623989108608,-0.075123922146863281,-0.76206302694666372,0.64749558204927637,0.0030682548065099832,0.050974472805013542,0.055268625716011668,0.9971694851597267,-15.974012821593645,10.57625807176003,-2.8736365077891746,,0.1001846571899372,0.3809523809523809,False,5
0.80802064326275069,-0.55454838827310726,-0.19894402510492537,0.57699469347530508,0.81311273599553768,0.076972737142377429,0.11907881323975587,-0.17698520736363832,0.97698335329311559,2.3358187428267398,24.430467842246156,-0.38853456161326572,0.3447926760749861,0.2571563933408696,0.44,True,6
0.63530822466786818,-0.70137298956841621,-0.32320177780022452,0.76557263800517261,0.62695018389711965,0.14433295829147982,0.10140017557757794,-0.33913035313170087,0.93525857813633873,4.1132818451770268,-17.122436087045131,-0.71570600937711959,,0.449709843253373,0.2352941176470588,False,1
0.44965675559928758,0.89303766257668127,0.017103665206615423,-0.89270417830179238,0.44868516026777183,0.041962804934909885,0.02980020446983659,-0.034137372117097928,0.99897276621462228,-3.933736054580359,20.769155628319563,-1.2567153659962438,,0.380222311205978,0.68,False,5
-0.82415843791352805,0.56097205457065702,-0.077930887372791524,-0.54880220757014864,-0.82500859197016729,-0.1348219571936804,-0.13992500199058835,-0.068346010609099506,0.98780049435691009,11.084444906121984,14.672899510476036,0.31957448278600703,,0.264923483531894,0.639344262295082,False,9
-0.16011965903914138,0.98709720200130269,-0.00089921654161340125,-0.9866185592583494,-0.16007026206174044,-0.031005317777190667,-0.030749200252492444,-0.004077377182136091,0.99951881507010498,11.832451151792148,4.9094310601881448,0.11916889841864743,,0.4534281802511709,0.375,False,3
-0.40590874660901455,-0.89864032257469506,-0.16638407396486979,0.91386733012806343,-0.40093717846487092,-0.063999076940483929,-0.0091974100106860662,-0.17803075455515147,0.98398193991638838,-20.677245396362295,-18.122273604033918,-3.6767498627031712,0.2382383118391971,0.2343751006066277,0.6170212765957447,True,3
-0.66372034380834199,0.74330552672153449,-0.083499695569270421,-0.74010271238859726,-0.66878431167515728,-0.070537362952052318,-0.10827409814900291,0.014981268384569188,0.99400818973870231,0.32320710274180375,10.010358701723529,-1.0923804838017275,0.3342236536753362,0.2841808369554426,0.8547008547008547,True,5
-0.23199008024592344,-0.93280747233118799,-0.27577313544033094,0.97270604801399385,-0.2210544379166709,-0.070554090131923347,0.0048525070313059186,-0.28461404575397509,0.95862990676019844,-6.7945154072811791,4.438481338165702,-1.9349643951797291,0.5887714742171266,0.3065818718611881,0.1774193548387097,True,4
0.34422835701867144,0.937591526891148,-0.049284550582831571,-0.93885082612182413,0.34419500039823159,-0.009430163902569861,0.0081218541352401225,0.049516970856332665,0.99874025906770125,5.0297522068828702,3.1305370468444571,-0.70262409709369134,,0.09704104120348536,0.4074074074074074,False,5
-0.97709587529769015,0.1971308751477065,-0.080144048685738212,-0.18310729706867598,-0.97074206225094872,-0.15534338201861017,-0.108422175944067,-0.13711041769419136,0.98460416672045392,2.2718103830039351,11.782282823825481,-0.85153600231075588,0.2520742372494417,0.1858604038464328,0.2857142857142857,True,5
0.17330926619870238,-0.93596181663935341,-0.30649531161639126,0.98374579260929462,0.17936403281857335,0.0085299035497727119,0.046990571109297496,-0.30299178458205633,0.95183394807214305,7.8875072669289494,-12.587985796596872,-0.21538886849287853,0.7100911609530376,0.4022488995518554,0.2,True,6
-0.69421356984674043,-0.68919694078691063,-0.20754540768374058,0.71914757298648335,-0.67613316815714963,-0.16022080759198468,-0.029904643590870583,-0.2604832350224115,0.96501512763477626,-2.3560442620347977,-15.877984997011946,-1.4600080909813309,,0.3238071902914504,0.2,False,3
-0.49127266783973267,0.87001089125795328,0.041619886186472693,-0.86765635916575967,-0.48463790981133886,-0.11089877714797367,-0.076312569297927679,-0.090593297027097161,0.99295984123272085,4.2915899836395397,9.6822229208203492,-0.65990425917140094,0.3904783662394941,0.2955554071270064,0.4426229508196721,True,5
0.97184467704340349,0.23125642569051305,-0.045148524663068013,-0.21026388538002144,0.93765521257750517,0.27675223726490661,0.10633448268224487,-0.25946708443091998,0.95988010183023276,9.5014030577759616,10.590626950823209,0.01558377492967228,,0.1054216787150508,0.2666666666666667,False,1
0.18409195269349291,-0.93491780660273094,-0.30337904978860192,0.9824847436448122,0.1840959408915489,0.028851569323741,0.028877005708418144,-0.30337662969384038,0.95243306279072548,-0.55400005054320234,6.6175154521695605,-1.2608973529728347,0.3174727711794809,0.2057590912410462,0.3333333333333333,True,3
0.43346577435809192,0.90003015455443391,0.045311624919674706,-0.90100883869817261,0.43188908811009807,0.040680316606412713,0.017043915275247793,-0.058459699487334316,0.99814426236288123,1.5732698580294115,17.744921338079511,-0.7302285140884337,0.5527633395289688,0.4532229833749694,0.85,True,5
0.80437624209108027,-0.57845557992838548,-0.13552860660815078,0.59401004851718398,0.78741598509727084,0.16470618893625971,0.011442177242299234,-0.21299109949246603,0.97698713815328497,-21.482103131784296,-4.703076401412825,-3.6808856433233283,,0.4399626944125014,0.28,False,2
-0.91472025841889248,0.3922957902450151,-0.096906458990689059,-0.38211748406848678,-0.91774394797528869,-0.10831562363713149,-0.13142707942903048,-0.062048842944652315,0.98938206163341458,1.273676285289399,-11.374904364870982,-1.0196602957329655,,0.1187017145160397,0.2333333333333333,False,4
0.20513156358709209,0.97701509898365013,-0.057987394994800594,-0.97867624715599932,0.20411315448473907,-0.023035264681311708,-0.01066981128998502,0.06147614597758401,0.99805152101621442,-3.5791742299621445,-16.841058648031705,-1.6268701518487709,,0.06721491948850683,0.1904761904761905,False,2
-0.98554693255879067,0.13549702683674464,-0.10167496959605991,-0.10702876657425585,-0.96327479701627239,-0.24626511843712512,-0.13130912706110964,-0.23182368548459487,0.96385460106739529,3.6656367502800462,2.4747666603369201,-0.85268906610699824,0.2193379401037055,0.306838016598565,0.2414860681114551,True,5
-0.84553093765642828,0.52491272793772126,-0.09769371277018786,-0.52095029775249624,-0.85114833976148063,-0.064477057880020019,-0.11699666977067982,-0.0036237784504449047,0.99312569571646647,-10.673650112187046,5.9534619389657326,-2.3679506511012587,,0.07185447799507569,0.3409090909090909,False,5
0.079650176919337332,0.99667790643123355,0.017000004369766897,-0.99673653185586353,0.079856159496392923,-0.011801688626279498,-0.013120037372785021,-0.016004518810025847,0.99978583706561697,-6.8650311387878933,6.9610944914141575,-1.9099932038256269,,0.1793569021950761,0.7191011235955056,False,7
0.19011543712137305,-0.88577446792306103,-0.42339073270888716,0.98012183546191745,0.19615708886533936,0.029725143206348163,0.056721320673198516,-0.42062571065437065,0.90545938800014358,-11.64458483551593,0.57835928225301669,-2.5592665977832243,,0.09258126252113975,0.1428571428571428,False,2
-0.98580840946613923,-0.10282062318264329,-0.13270154209417948,0.12783071621194303,-0.97216205654183552,-0.1963676241468798,-0.10881676258087324,-0.21054418839920858,0.97150916460563352,-2.6467320647902786,-5.0481624897719373,-1.5900871102192768,,0.08035135292497411,0.1509433962264151,False,5
-0.85613625349352829,0.50892974348353326,-0.089561328997791678,-0.48183134257057547,-0.84883249302115948,-0.21753610299929568,-0.18673315926932277,-0.14308708882798826,0.97193457199547639,10.87512212308715,-0.4303517948941431,0.014288040458872737,0.6462241763249641,0.6119952419058245,0.5121951219512195,True,5
0.25942871177299104,0.9657327623839308,-0.0075481895915402858,-0.96524168516703546,0.25902436458675598,-0.03485495325388227,-0.031705405275905388,0.016328202862861116,0.9993638762070407,-16.058346358888951,4.3430446173482231,-3.0014507245991742,0.2961801696437142,0.2413605666925707,0.2692307692307692,True,5
-0.0055869593902148681,0.99891024660832017,-0.046336865514185831,-0.99948318880896536,-0.007045074870009954,-0.031364346132833204,-0.031656613417046099,0.046137686775385815,0.99843335916123244,-0.74741689948733581,-10.672331112199469,-1.2791768018944816,0.1847278393350227,0.08919499348780227,0.2173913043478261,True,5
0.1144014313866781,0.99227501539892482,-0.047985480217899834,-0.99336851669895598,0.11370315003900545,-0.017046515847021805,-0.011458731517691976,0.049617411120197276,0.99870256332190022,-14.036220670447651,5.5824302605617078,-2.7639263174693816,,0.0744180493003381,0.3947368421052632,False,4
-0.79645532758482751,-0.5740431432689751,-0.19008782398570379,0.60042887882671092,-0.78802791746393208,-0.13600427481648064,-0.071722190657034557,-0.22245554828624231,0.97230111406087727,-3.9479172322045115,4.82875906667417,-1.6054786309780424,,0.06924515330451131,0.1392405063291139,False,5
-0.81990636845345699,0.57175387997073279,-0.029172721982658523,-0.55377752852947304,-0.8049901553473946,-0.2128879956445795,-0.1452032915097074,-0.15839302551624848,0.97664100548899568,3.7842200932576073,28.520105298098912,-0.05379587706589687,,0.3040691038279958,0.3703703703703703,False,4
0.98722538675945315,0.11078943478793127,-0.11450649272866945,-0.11329749986891187,0.99343844271880466,-0.015612080319170045,0.11202549826313674,0.028385941376128241,0.9932998168081425,2.712384720977616,-10.988111820028415,-0.83725042501881664,,0.06992866278930078,0.3870967741935484,False,3
-0.67073073331507671,0.74000422097185625,0.050140166837144395,-0.73660116776455864,-0.65668132047355743,-0.16182818972291105,-0.086827432499808038,-0.1454764458080498,0.98554431695411326,11.232745282507748,-6.3852231033942175,0.048157031166287584,0.8068695325962184,0.2636577731249563,0.1176470588235294,True,6
0.0837154862631979,-0.9874548985575462,-0.13388256299616136,0.99540194104508883,0.089141830574201247,-0.03505295715839829,0.046547751002431859,-0.13033248772499215,0.9903770744115743,-2.4570085680630136,11.047513730972312,-1.3640868135624473,,0.08024720142611128,0.2916666666666667,False,5
0.78405432707195033,-0.56510392485948624,-0.25674182812341939,0.60758452997257062,0.78331897028261133,0.1313485048769116,0.12688518880374394,-0.25897672656783988,0.9575130306990316,7.5790142590377698,8.6583408247600904,-0.29330697820903173,,0.3957888742375591,0.4897959183673469,False,5
0.57928898134558549,-0.7959610331849698,-0.1756994870302957,0.81041343448635539,0.58553926040238879,0.019334935517165079,0.087489092437990967,-0.15358973982183396,0.98425395631708679,-19.672137392149342,-9.8656146163609648,-3.498232268863767,0.3056010535527061,0.2373899459779927,0.8645833333333334,True,4
-0.99191791074416202,0.073321290151395407,-0.10355117940164328,-0.063030306956820631,-0.9930512621204739,-0.099379933617719046,-0.11011829434687673,-0.092049873500555046,0.98964679660910637,0.47004651525188901,-7.7865516676894124,-1.1470896922193561,,0.09451895168855189,0.3809523809523809,False,5
-0.81942567413747758,-0.55774956433288969,-0.13212489565109298,0.56837851939241901,-0.82046215755954455,-0.061544347474141156,-0.074077143962371236,-0.12552797098339541,0.98932062812981392,2.5023914678853814,-15.603742543028542,-0.91473218293526526,,0.1058198488846638,0.4090909090909091,False,5
-0.96667118613655811,0.2310045847472946,-0.11037979760386302,-0.22555942018150801,-0.97239996285882768,-0.05967629512236805,-0.12111880886436095,-0.032790151842895257,0.99209628569075814,-23.324404663778669,-18.379657055799299,-3.9569205683897928,,0.2314571812271611,0.6774193548387096,False,1
0.59118861263140343,0.79198800682892501,0.1524828558694481,-0.8055028551673088,0.57023119719913284,0.16124990560666019,0.040757509887992857,-0.2181544837494519,0.97506279111026484,-12.852501161314398,3.8785382680760203,-2.6524496655532794,,0.08964893266397879,0.2,False,1
0.6642658642561674,-0.73170432991863432,-0.1528385918619018,0.73990816634068823,0.67269159553931335,-0.0046821654320363532,0.106239196939581,-0.10997631958333062,0.98824007314242113,-14.225822916581082,-1.889875609201267,-2.8775523375232828,,0.06921414940281259,0.282051282051282,False,4
0.80483359586097669,-0.57837244913427155,-0.1331472607901332,0.58752438579218802,0.80817748364207753,0.040795232974857702,0.084011779370533585,-0.11106063666477622,0.99025630819026478,-12.970863738904145,-10.316843868908043,-2.7408380228658493,0.2069469798430398,0.126938254252394,0.532258064516129,True,3
-0.89343431565100329,0.43741423749824176,-0.10219544241821645,-0.43252678158121266,-0.89912263383106727,-0.067075126147344136,-0.12122585051143689,-0.015724953625237841,0.99250038740610202,-15.786775140134631,3.3937798087113689,-2.9914069763163615,,0.07914656572576317,0.3333333333333333,False,2
-0.063283051746509458,-0.94254925279100776,-0.32801853823337618,0.99704147789272246,-0.045341169426891044,-0.062068266582023197,0.043629654171718428,-0.33097595746234221,0.94263002756051706,-6.349909591509002,-15.988261714908209,-1.953231100621162,,0.4161268412199751,0.4242424242424243,False,2
-0.30858240936038206,-0.93810742516622025,-0.15726205989159714,0.95118434615824543,-0.30520467934951256,-0.045808769102373192,-0.0050235701303975346,-0.16372098995293125,0.98649389313466074,-6.8405984895958989,23.753264069596099,-1.4888960211647677,0.3630935910240743,0.3257608240018505,0.7142857142857143,True,5
-0.060258198419778641,0.9980146927894632,-0.018320002717169812,-0.99710582710123252,-0.061035388567555506,-0.045328257226320876,-0.04635643519480951,0.015535582343834037,0.99880414826795172,-2.9189209511488547,-18.125612637585984,-1.5561529863261547,,0.2563315305170801,0.6666666666666666,False,5
0.29279716855710008,0.95605051206714131,-0.015402482303224163,-0.95617144233872819,0.29271698433114429,-0.0072759837792183944,-0.0024476398469003326,0.016857801168493114,0.99985490127265075,1.5499784565868346,3.267209675052825,-1.1156312596509699,,0.09425150763965232,0.3064516129032258,False,4
0.23536223355907956,0.97103692286229126,-0.041132875564608942,-0.9718802269484883,0.23482636773967874,-0.017475739776706262,-0.0073105048139896767,0.044089357585718907,0.99900084337654227,-11.985631031033716,-5.7107417929998503,-2.6332686505276413,,0.0748025169615828,0.3018867924528302,False,5
0.465625626047656,0.88166496235986402,-0.076548484731626107,-0.88475630781723014,0.46571477269872907,-0.017777127658681571,0.019976289579163434,0.076004240915559851,0.99690736942681824,-5.165398816720181,1.3739567191462023,-1.7740371137328463,0.636684606417716,0.3426313452880837,0.7791164658634538,True,4
0.62156615231904389,0.77863672682754503,-0.085909056138375225,-0.7817600095369861,0.6235631983558747,-0.0044972374768914719,0.050068011544606709,0.069955595140626131,0.99629283292036697,-9.739566315589105,8.1796925898655299,-2.2137123249882484,,0.09622856129981047,0.15625,False,5
0.74521391905679157,0.66189789750821704,-0.080915932412716524,-0.66348898734713635,0.7481295278289718,0.0091963720820126132,0.066622657655554043,0.046833565576421543,0.99667850314046069,-21.567203657909051,-7.9156372513090281,-3.7231302896289811,,0.1260332709549438,0.4242424242424243,False,4
0.053668099893961173,-0.98584701454680113,-0.15882505772998026,0.99789180980442116,0.058762099919021767,-0.02754907509089493,0.036492067343857904,-0.15701171778649728,0.9869223117848257,7.6735701368160321,19.262223682617677,0.048394122467068833,,0.100819493345384,0.3684210526315789,False,3
-0.89633426275965744,-0.38859427808377961,-0.21349327025376713,0.43371351584610335,-0.868448862326888,-0.24018567754041087,-0.092073207696451498,-0.30788156905485653,0.94695906134362862,3.9620994211339542,-11.870439778762737,-0.69679950515527012,,0.2723224045364381,0.4285714285714285,False,4
0.98979022252241944,-0.075858329859457257,-0.12066826090548806,0.083327541690944751,0.99482705592768439,0.058100340704691611,0.11563665593039694,-0.067562138696100907,0.99099118120195484,-6.0588189819089182,10.030239645205871,-1.7713226824833479,,0.07504269301386794,0.3928571428571428,False,5
-0.49585532494148526,0.86518041027075332,-0.07476867265709633,-0.86305093370932029,-0.50051429192538355,-0.068033296273966204,-0.096283864435549177,0.030794500518145695,0.99487743777170545,-11.549461167048067,11.572216707794221,-2.362905159292175,,0.07378600131120036,0.3888888888888889,False,5
-0.94331486867751302,-0.30786528252471751,-0.12400010624149108,0.31657035048658555,-0.94682405868499109,-0.057510130308314866,-0.099700911353536065,-0.093504918112657431,0.99061423297064444,-17.220043791962144,-1.0675502248090802,-3.2073174616489775,,0.07154500416254134,0.2857142857142857,False,3
-0.23235890906157169,0.97258539914052522,0.0093262403132968325,-0.97185661424323511,-0.23178111386172723,-0.042097940670446303,-0.038782196062002054,-0.018845599902423182,0.99906995982910318,3.7675454949560288,-13.882201600111683,-0.75857485343873021,0.2929914612299047,0.151052512981102,0.5909090909090909,True,5
-0.032804681276408724,0.99920488554959097,0.022659425857376694,-0.99763895113288337,-0.031367793842232476,-0.061094882698596489,-0.060335529075639133,-0.024610124000173539,0.99787472446588343,-10.598684898681968,-3.7668960280646053,-2.4865793223094248,,0.4354530401802518,0.3072824156305506,False,4
-0.20883168586185458,0.97389311003999213,-0.089003017907979279,-0.97622196507610903,-0.21300761301562479,-0.040229736518233361,-0.058137783609597302,0.078485457340950748,0.99521858458478651,-13.592097946051506,-4.6623937947286045,-2.8091234557862812,,0.07252827639695428,0.3676470588235294,False,5
0.91385110501337663,-0.36771928622071709,-0.17221696898725364,0.38860706920335852,0.91500884353994616,0.10836679384786627,0.11773148954721678,-0.16595584588985163,0.9790801568737757,15.127851976383736,16.953254270620516,0.89691089426816684,0.4789500475988112,0.4099422806800471,0.8354430379746836,True,5
-0.44235359003465036,-0.83847092398275869,-0.31826060236692105,0.89661505569426558,-0.4214199978287706,-0.1359655372966532,-0.020118232671514025,-0.34550209126067211,0.93820230315677489,-22.739408437410894,12.255352241878187,-3.5515290715382775,,0.6616710549320843,0.6875,False,1
-0.40626798544106374,0.89953844975592889,0.16055186519115844,-0.91004956662382952,-0.38252076524580386,-0.15964852158270731,-0.082195561275771406,-0.21097023857991196,0.97403051704764143,21.373363146686451,5.109460011287517,1.3552650161707507,,0.5587556268326284,0.28125,False,2
0.71365014081688105,-0.67665605652448446,-0.18121825978852488,0.69072626209027044,0.72280470921637818,0.021226944985825301,0.11662207068497202,-0.14032082348447764,0.98321379115927221,0.87814479484930252,-5.4767695917296555,-1.1806186598649981,,0.162154636011253,0.2673267326732673,False,5
-0.53964656707199909,0.82943241032828552,0.14430335874267525,-0.83677070002383358,-0.5095498311633968,-0.2004339420930939,-0.092716655618233584,-0.22891231128614464,0.96902155575229876,0.17426694008594884,11.51825456075243,-1.0669665966882529,,0.08547190361538651,0.2083333333333333,False,1
-0.97268415003185593,0.22372540345438174,-0.061907092695272212,-0.19819012787092599,-0.93922837236940082,-0.28030472302626797,-0.12085618515952261,-0.26037858664932684,0.95791271738253225,-20.104030877147132,-5.4047217309615538,-3.5617523895175753,,0.3008952777735336,0.1052631578947368,False,1
0.038537882979768436,-0.97180989880393609,-0.23259482402263654,0.99829439496179795,0.047658504943953642,-0.033718954526566439,0.043853535356857917,-0.23089865199517884,0.97198903283088212,19.621296326898864,24.164284846968336,1.6753736547619476,,0.3641083111508948,0.4090909090909091,False,5
0.47040500601238577,0.88218820485856286,-0.021519793839961249,-0.87944208253266809,0.47067381813318387,0.071047733211796749,0.072806275753478561,-0.014495797058372395,0.99724075231538323,-5.149146670665079,-7.3691433602921492,-1.8274654713720313,,0.1962284204549473,0.2318840579710145,False,3
0.65146301875047985,0.75364323325729521,-0.087280078861113289,-0.75617506876408069,0.65434219263241877,0.0059632474907883037,0.061605199294782448,0.062114184422631558,0.99616596384004286,3.0046573974481401,-12.785589431348134,-0.86493293533255977,,0.08766888079907283,0.5,True,5
0.69054624009351628,0.71825729235182456,0.085160743750480133,-0.72248662027376909,0.67944117727210585,0.12795612588884758,0.034043704529558474,-0.14988711956176107,0.98811683396822259,-0.093466100145638276,-14.898400486339813,-1.2133148693228109,,0.2766317632788374,0.3333333333333333,False,3
-0.9805945597239063,-0.14445626752928489,-0.132539413803543,0.16158083187791547,-0.978376909393326,-0.12911335304919158,-0.11102226898023648,-0.14802368032673699,0.98273243858794468,-8.1082540776578345,13.565874945948526,-1.9503089956093269,0.1457661235545676,0.2202050470054471,0.390625,True,4
0.19889866368712752,0.97583421928780201,-0.090481479046496407,-0.97990495106967035,0.1966108333869829,-0.033622419068585457,-0.015020268060941883,0.095350703520438673,0.99533041493040664,5.0930919275688025,-10.215289918776101,-0.53589372311974559,0.2985214426264579,0.2217659400988653,0.3043478260869565,True,6
0.55828801409247319,-0.79855620250658366,-0.22499441050601066,0.82373048388641934,0.56586433355233556,0.035575917832392001,0.098906942309063065,-0.2051963631540189,0.97371036212594353,-0.60693730295928239,10.575462150450722,-1.1864031132821411,,0.1465606098586505,0.6296296296296297,False,5
0.0045438104345547547,0.99802058026450591,0.06272380054839094,-0.99966139215559457,0.0061404775501888069,-0.02528627234280769,-0.025621374285425182,-0.062587665749372121,0.99771054383311575,-0.53885280710446137,3.9009129940379585,-1.2864710328229751,,0.168902170009695,0.25,True,5
0.88967595000808797,0.45393574124253189,-0.049183806276039431,-0.45211174411317506,0.8908732221390101,0.044043988359374897,0.063809676477386404,-0.016948300748187303,0.99781815993175826,-18.390325275884535,16.874066768033089,-2.9528118256036975,0.3303954124942591,0.2170819637555292,0.2083333333333333,True,3
-0.98864665048020151,-0.05822282127399897,-0.13852040852226741,0.099535577645868609,-0.94436764508879201,-0.31346837111924702,-0.11256317904618354,-0.32369716401653365,0.93944115128658889,-13.768212316301023,2.4301724298248342,-2.7608644074111739,0.4980859546926111,0.2801528773018153,0.2758620689655172,True,4
-0.10436048837006716,0.99453128325297757,0.0040515550529025418,-0.99385972318241789,-0.10413768818296304,-0.037392412808956568,-0.036766004718061365,-0.007928967845413859,0.99929244586656296,7.4221587015546664,15.465377222975777,-0.099749080431193488,0.580853280525583,0.5557803891564924,0.6231884057971014,True,4
-0.99062455052432696,0.075623030946989925,-0.11377239159333161,-0.06201791497681234,-0.99099095397981884,-0.11870428531480198,-0.12172418872354276,-0.11053545277674333,0.98638995106349114,18.845862829360094,2.9154422146830479,0.99947425046871996,0.1751004114742998,0.2029131323980491,0.2142857142857143,True,5
0.40753083605321283,0.90820199958020142,-0.095329668122233452,-0.91306537465284576,0.4069828151869439,-0.026011723367929382,0.015173637527943134,0.097642798510875622,0.99510584593958473,-5.2923370516459798,1.2973643733111511,-1.8006285174124605,0.3369134165957559,0.1878736527834698,0.7380514705882353,True,4
-0.80602418758086058,-0.57180594179698907,-0.15284951409890646,0.58728737436711576,-0.80475530988902522,-0.08638536400570529,-0.073610793662294338,-0.15939528265001177,0.98446665506015474,-15.062042943075681,-13.485729316369911,-3.007719676142337,,0.1098324256476769,0.3684210526315789,False,1
0.14018511674320863,0.99011267889748422,0.0050016127540428446,-0.98911750666266063,0.14026850139636515,-0.044399386588780655,-0.044661964322397163,0.0012769504557039874,0.99900134050981093,5.25533870762587,-7.6951353371773843,-0.5463396402045716,0.6196065709200138,0.7164632406051028,0.7829457364341085,True,5
0.098034319750690074,-0.95626048070204617,-0.27559964658633102,0.99451380171754622,0.10429116958049785,-0.0081024774510131542,0.036490688460643628,-0.27329333141337897,0.96123835996106821,17.029651334839848,2.4450899304169371,0.7973216888727197,,0.161838533996987,0.1764705882352941,False,3
0.21767454923705801,-0.96467416261865757,-0.148396598985405,0.97419765269130143,0.22403216365079562,-0.027359150949933346,0.059638277181704176,-0.13861222754841857,0.98854940507233324,-5.7953768736259859,-19.137120219914443,-1.8948563411125747,0.4332572455637564,0.4513675141405096,0.88,True,5
0.98936297750862923,0.090141813964503367,-0.11417246651644872,-0.085355935782737244,0.99528137796789928,0.046144803574981921,0.11779330609976947,-0.035908662541360215,0.99238868644930522,-11.837972166669594,1.4109023130171949,-2.5547096226173553,0.4243249341072391,0.3738513841832769,0.7185929648241206,True,5
-0.40796457797689462,-0.89538091697357192,-0.17848786131191843,0.91299703610603677,-0.40033790327711544,-0.078523724193888922,-0.0011468119851258812,-0.19499378636062056,0.98080380714137849,-13.120310687859236,-0.68535952613326034,-2.718065293790962,0.2834092313060406,0.24707045460351,0.7137931034482758,True,5
0.76650017269621817,-0.62143623752468102,-0.16215575212689062,0.63235586049698855,0.77438212507687609,0.021410045692056782,0.11226553768535738,-0.11895094389113166,0.98653287932821987,-8.765072581881812,2.7450957625664443,-2.1885716838810083,0.504873287219342,0.5410166424956369,0.7837837837837838,True,2
0.93733091077576847,-0.31654324343904033,-0.14564044334374543,0.32615187354825381,0.94414697539264425,0.047025995341800179,0.12262022298639827,-0.091579822504827435,0.98821931625765747,-2.9829420206387076,18.378365243409124,-1.247435868412921,0.7955536601526709,0.8867404516644676,0.775,True,5
-0.23380909780673853,0.9721878494671512,-0.013568018692256892,-0.96959628449650137,-0.23417703088019762,-0.071022273257853263,-0.072224309435100484,-0.0034501531226109466,0.99738244699315426,-8.4702661352725013,8.8584155826697355,-2.0577280099199151,,0.2835775112486262,0.3287671232876712,False,5
-0.034590485435387779,0.99714897116391621,-0.067062863226133113,-0.99874656385216698,-0.036918962828525373,-0.033797801365684013,-0.036177334214014312,0.065809721853300529,0.9971761534446949,2.5846380249500718,-6.369861737946322,-0.92737878151468622,,0.08679729653986856,0.3066666666666666,False,5
0.52366218497854944,0.84800390610842569,0.081653482769225405,-0.85186956657179413,0.52011359586858497,0.061644861435759916,0.0098059967507417231,-0.10183919980784742,0.9947525419973664,-11.37674414308964,28.005995107573536,-1.7702482391800707,,0.6575766978896883,0.8275862068965517,False,3
0.97737324659526359,0.18059422747612269,-0.1101238477448709,-0.18204275707792111,0.98328553678883746,-0.0031603381710953102,0.1077124479124954,0.023136078842127893,0.99391284850358363,8.885833254137351,0.20090337898826638,-0.29180384544490151,,0.07523984321471446,0.2954545454545455,False,5
-0.41724627266712727,-0.89230058637946053,-0.1723519988055271,0.90869334329908824,-0.41244385530586836,-0.064548230528477038,-0.013489098906707367,-0.18354762261414037,0.98291826437572216,-16.357435662915396,-12.257262068309535,-3.1468819742366096,0.4637167406566566,0.4303549859814272,0.972972972972973,True,5
-0.90847623797781196,0.4164718113872064,-0.034959338516928465,-0.39986154892901282,-0.89047370783990276,-0.21718037971682927,-0.12157987793122882,-0.18332431907882513,0.97550526770310819,13.42871628454907,5.270805259647827,0.32948862791762445,,0.7288504002945827,0.7441860465116279,False,4
0.98790486729008065,0.10732066295548454,-0.11192072411918647,-0.10273223711648385,0.99364461463843723,0.0460050786008845,0.11614672032223003,-0.033950774701415713,0.99265164295212993,0.039492987145321123,-6.6328391042460453,-1.2563825090746523,0.2732990167115137,0.2436297413969311,0.7182320441988951,True,5
-0.61496733290598926,0.7816618635764282,-0.10401879872753869,-0.78207863594733429,-0.62145710296954115,-0.046304172203617752,-0.10083742684763167,0.052875326939235343,0.99349686116656544,-5.2510541017188288,-13.582324750388002,-1.816195208261016,,0.06776535067212222,0.1515151515151515,False,2
-0.20173228444280059,0.97869126651815408,-0.038307835420172617,-0.97527847845669913,-0.20432323936863853,-0.084165927269233942,-0.090199638983051805,0.020381822661286436,0.99571512313127464,-9.086678272030289,1.0108708519355447,-2.2469918144929752,0.2390656418112735,0.152106741265149,0.4647435897435898,True,5
-0.95207161763094106,-0.27394603389399291,-0.13606324049998414,0.29238816032579185,-0.94572478066227739,-0.14182313965847709,-0.089826491654212498,-0.17480906656990114,0.9804962986376119,-18.039469293890335,5.7968754784290564,-3.2538641119188694,,0.1912815734484297,0.1111111111111111,False,4
-0.06468045578772133,-0.94351832621157572,-0.32494554427165223,0.99641349110714394,-0.043260872667863604,-0.07272311624022243,0.0545581650971389,-0.32848388849214899,0.94293252230597679,11.168684033594662,6.7958940816448319,0.10917290645226158,,0.6283586464583021,0.4,False,3
-0.35108589664978412,0.93463081116957492,-0.056603356668310914,-0.93269091290070061,-0.35441101575020423,-0.066936484127613327,-0.082621753588717761,0.029292980855683687,0.99615037374209436,6.2196091587306555,10.579918343185694,-0.40565672049280604,0.1878405415163043,0.1163543550062999,0.1111111111111111,True,5
-0.40517864032966405,0.91356647607520181,-0.035022324482278752,-0.9110953342881597,-0.40666300104884151,-0.067308954948768679,-0.075733488358520923,0.0046365255835774805,0.99711731575154272,1.0407692420788213,-6.7755024821810084,-1.1402039615100232,0.2003958446422487,0.1537735242401462,0.4689655172413793,True,5
0.98325579970107957,-0.13398464171377678,-0.12351578093110428,0.13365411595982801,0.99096703550041743,-0.010995991929346218,0.1238733613057565,-0.0056965196694385989,0.99228168380882065,8.0596340430923217,12.088968359196368,-0.13039165737762978,,0.07803062450338236,0.2608695652173913,False,5
-0.19456762110920051,-0.9593462793761709,-0.20444597590318345,0.98084717607202632,-0.19221348954771983,-0.031508596087733279,-0.009069620027206439,-0.20666081070920805,0.97837061040772044,11.629958422868482,16.435110980462259,0.44564589567888735,0.4642269866585531,0.5183990695137689,0.8292682926829268,True,5
0.1428285610491071,-0.95911482652606905,-0.24433327994055642,0.98840033689709794,0.15109514820630812,-0.015330695033725372,0.051621470052147289,-0.23930943509686925,0.96957012026117684,-28.129143588812109,-19.901923018252315,-4.5934445477655199,,0.4849016836622596,0.1666666666666667,False,1
0.41121504257604174,0.90950986154461178,-0.060778289810470926,-0.91149415409131751,0.41093672243970664,-0.017590258891354738,0.0089775172813956194,0.062632434916844171,0.99799628370042026,7.7997746334850317,7.3096978617937216,-0.32030989889757344,0.1913714344905766,0.1304246582590744,0.3378378378378378,True,5
0.94731769013463285,0.30394060873951112,-0.10104108232317312,-0.30267137050028564,0.95268249293644069,0.028037637772937725,0.10478184688896135,0.0040216926116961003,0.99448709923813217,-5.7341602196554353,6.526535787240257,-1.8036848056977843,,0.07410582133296617,0.1666666666666667,False,4
0.92065860782508924,0.38499346906124815,-0.064558164609550189,-0.37440360708054898,0.91765885959916649,0.1331321013288318,0.11049736124741572,-0.098398405369915648,0.98899347165591311,-1.4465516578290905,-7.2120021168693489,-1.3906836502294708,,0.4307967636958732,0.5934959349593496,False,5
-0.44090696678175728,-0.82277627805973108,-0.35866452696842827,0.89733165388950364,-0.41294498228808763,-0.15579584247026171,-0.019923593331480857,-0.39053250551684776,0.92037351796077582,4.8810587383225617,-5.3679345306250266,-0.67482097603794244,,0.118207617587522,0.1052631578947368,False,1
0.9685090207196837,0.23931619668438303,-0.068687952285123768,-0.22819215839850657,0.96355662818827725,0.1395957131142323,0.099592246836953349,-0.11952565531701487,0.98782336583571861,14.07961200722473,22.369958722177461,0.97290258427931564,0.2318227319872198,0.3646648851301403,0.6666666666666666,True,5
0.23663360942469422,0.97154290071729077,0.010436807772263371,-0.97158977920689538,0.23657102957166792,0.0068883167826667216,0.0042232489079656807,-0.011770303022221276,0.9999218090107983,-23.438013214350747,0.49135689348092648,-3.8879348331417352,,0.1971280542643483,0.2173913043478261,False,5
-0.30290166774134153,-0.9357519108975374,-0.18060714529365032,0.95302010959439198,-0.29777069859745275,-0.055545312722845443,-0.0018028833039779868,-0.18894700926024904,0.98198562988640536,-9.9877018850185717,-11.471547879019669,-2.3871307397427444,,0.4407004224153696,0.8771929824561403,False,1
0.21718163114625508,-0.96080651799199679,-0.17228747510120218,0.97458853560842273,0.22335325252483251,-0.017044378756895615,0.054857318137894247,-0.16420767208225606,0.98489924107801219,-15.22498202059138,7.3280635280512305,-2.8558093127097801,0.3977243728528368,0.3699799489348056,0.9767441860465116,True,5
-0.42967566941810442,0.90202717650788122,-0.041542652194154414,-0.89927717266888818,-0.43162298833206841,-0.070725968780544879,-0.081727509608180066,0.0069691308293015758,0.99663034540833151,-6.1045220599168735,5.2040785703330537,-1.8425967589369723,,0.06844560565387137,0.1739130434782609,False,5
-0.50355563729793207,-0.8354913298642338,-0.2199680837466404,0.86383307258349307,-0.49130005375070951,-0.11143015702902354,-0.014971401285005702,-0.2461269893901219,0.96912195426443615,-4.0785681215724754,13.695870291658888,-1.4880952866098673,,0.694952145049467,0.5,False,3
-0.99043048914997078,0.085304371771599219,-0.10849244360231254,-0.070825992613994623,-0.98885754460297726,-0.13093676050678663,-0.11845304948539964,-0.12199967474719775,0.98543642840580337,14.581252077045498,-0.053158010878572318,0.47927547114971891,0.9017697649634315,0.6260119980836152,0.75,True,5
0.25257772146050267,0.96337960611633255,-0.090023492161551394,-0.96757642363004159,0.25153970010711091,-0.022883262558533977,0.00059921375061442947,0.092884410904977927,0.99567671819407155,-10.832929916149784,8.5749728380607966,-2.3528309001477363,,0.08008125102029567,0.2340425531914894,False,5
0.85975352333939359,0.49868439210640986,-0.11017148530794968,-0.50365657228382665,0.86364400461722068,-0.021191755095719036,0.084580945258408397,0.073708278762909862,0.99368664746035695,-5.9324480055963296,-6.5924230483010078,-1.9343602168861553,,0.06387423240755594,0.1808510638297872,False,2
-0.26516003192101667,-0.94909590556179835,-0.17002093846781521,0.96352340567874817,-0.26744697938232215,-0.0097344711463528064,-0.036232639717151918,-0.16640034634910728,0.98539236883285486,-8.9674540456061766,-2.5902602789896045,-2.3031838404087317,0.6962443348740215,0.5556593098390459,0.9990418396678378,True,6
-0.88271050072500445,0.4694728939098296,-0.020429728185696286,-0.45301999611499577,-0.86171905938324689,-0.2285019602008283,-0.12488016267518519,-0.19244600432220363,0.97332907096759291,1.1374370027573606,7.1955791701177292,-1.0821766934355066,0.973898212350684,0.654194181780839,0.6724137931034483,True,2
-0.33663132130946977,-0.93138673174264064,-0.13855724249277865,0.94161944552912336,-0.3338473791927159,-0.043574616551162133,-0.0056721525778581083,-0.14513677459526572,0.98939534229003545,-12.941256192743714,-6.7780115458238104,-2.7735664470917603,0.4312570467163965,0.4172262257328591,0.9808695652173913,True,5
-0.97159422330139966,-0.18006814026502907,-0.1535582303520229,0.2077360475129974,-0.959766100079808,-0.18893058963882595,-0.11335960396467903,-0.21546344933443007,0.9699098422997271,-3.8483108111999287,-9.5990300446667405,-1.651497227838665,0.4032279975392924,0.4609479512053458,0.5483870967741935,True,5
0.2371381874631901,-0.94012900171864833,-0.24479162602950721,0.96969822794973293,0.244303246562763,0.0011271335505516067,0.058743738030702701,-0.23764129238495366,0.96957505609199157,-14.498105740169999,8.1969822134567707,-2.7719859741183308,0.3015677561392884,0.2885068276807855,0.7272727272727273,True,5
0.99269232801551943,0.010006219669601114,-0.12025729693890953,0.0069919208961197318,0.99011259766967752,0.14010052454572094,0.12047014128534826,-0.13991754537486512,0.98280721688180628,7.3186968755804767,-6.7465187133634963,-0.37851767370325673,,0.1979847475678691,0.3333333333333333,False,7
-0.96182707413902935,-0.20770871255293069,-0.17817342726331808,0.24568937253503334,-0.94216513745215758,-0.22795084117655051,-0.12052141584172729,-0.2630246081631134,0.95723176076859495,-25.903092315282652,-1.7690779894695412,-4.1756460661496,,0.2560349464816349,0.2352941176470588,False,3
-0.8552763603702731,-0.50233522034477296,-0.12712857189848595,0.51777845814947376,-0.83806815272745172,-0.17189310533104912,-0.020194446467623292,-0.21284054544462608,0.97687823527126538,3.8155076961661445,-10.111511230482449,-0.69368464639263361,,0.387598144949401,0.4210526315789473,False,5
0.50822146291741699,0.86083934393573225,0.025817989123451818,-0.86071471187859483,0.5066579599799389,0.049677926131366991,0.029683823638941426,-0.047469311362863253,0.99843153750916114,32.280905399106118,8.1503355200325931,2.6740301292531008,0.3968296607812578,0.4363408763357442,0.7419354838709677,True,5
-0.0085770101964322484,-0.99047585626408541,-0.13741911458750924,0.99937642390492087,-0.0037834253917000266,-0.035106253507250933,0.034251981535383128,-0.13763453000693587,0.9898906696755293,-17.493680149651151,3.6603931676851955,-3.1761173005533894,,0.07071207720417706,0.4166666666666667,False,2
0.38057168884524856,0.92354137343063414,-0.047291872571655222,-0.92474043261911387,0.3803184888383222,-0.014593811261941311,0.0045079850143456904,0.049286698099926272,0.99877449880416813,6.5596086508120486,-5.1772309066795019,-0.49617234513586372,0.1609988689386893,0.1139750005137683,0.2045454545454546,True,5
0.58654869308585522,0.80657097051067317,0.073511224780616072,-0.80967153391437685,0.58173220457105723,0.077586399153701177,0.01981509041148289,-0.10502814715288694,0.99427181922129138,-14.289748671141266,-5.6553432468217064,-2.8931848430394078,,0.2524286902643641,0.3478260869565217,False,3
-0.16664843147771746,0.9859970110631342,0.0061801667113960818,-0.98514622137726959,-0.16623482947714169,-0.043045371119225649,-0.041415248304250647,-0.013261811462608714,0.99905400332746075,7.9378369866466141,-3.5960600936997533,-0.35111480910895759,0.1491202311003644,0.1714538329454076,0.4893617021276596,True,4
0.47801796172854727,-0.86300601852884717,-0.16346082175209908,0.87427051354781993,0.48540146489222991,-0.0060404487670541671,0.084557065971539516,-0.14002153357060346,0.98653133388190983,-13.949061503124522,13.212849443810367,-2.5626450029135803,,0.3644286485901612,0.5,False,5
0.13737126158238092,0.98612250740595297,-0.093228412400195179,-0.9903547822747194,0.1350215978821272,-0.031089762478187986,-0.018070465319357978,0.096600043958338308,0.9951592283601598,-3.9224441861816342,-4.7128644740407468,-1.73173598720639,0.4757755422320067,0.4088186097130233,0.9756367663344407,True,5
0.97871475363884042,-0.14432471065977265,-0.14590342320397359,0.16622235698924659,0.97444026467409783,0.15111683764165484,0.12036427645528522,-0.17215268942089687,0.97768905715393428,-4.9585475440214459,-2.0998414763669291,-1.832783382643528,,0.09212628533118773,0.3468309859154929,False,5
0.68410732288844267,-0.71730259638122085,-0.13218984830601707,0.72170186729900743,0.69192495442325797,-0.019653808371368091,0.10556318253791952,-0.08195634613092595,0.99102955143695604,-3.5962288199825458,-3.8750909776853542,-1.6861185626473405,,0.07724116834120279,0.1472868217054264,False,1
-0.19066600991538044,0.98138467070854729,-0.023034772871128484,-0.98031068106079955,-0.19158008521043091,-0.04783345637600589,-0.051356024583871923,0.013461019613702344,0.99858968535124581,-1.4226988417222795,18.833209154112414,-1.0343012745531821,,0.09131134894634643,0.2,False,5
-0.70653229190411959,0.70622476648760957,-0.045372896052967349,-0.69953938080176503,-0.70666447596190463,-0.10616012962016441,-0.10703632656343912,-0.043265432079297561,0.99331330766420156,7.2395681454792511,3.339812384365588,-0.47598365339644355,0.1844818188874836,0.07874983362683644,0.2631578947368421,True,5
0.76556087693617281,0.64223834996203633,-0.038032164581551071,-0.63705035814636868,0.76498406283428733,0.094690151521314048,0.089907646450681195,-0.048262671368117488,0.99478004084426186,7.6791634836411102,-16.893024329650139,-0.30927014802439812,,0.2130299087060427,0.5263157894736842,False,5
-0.47503967147675874,0.87858761274649444,-0.049204849879560808,-0.87507950021578829,-0.47754718653344924,-0.07864192861364884,-0.092591461946230899,0.0057001195078724975,0.99568786766348472,4.6410338926927803,-9.1527347666232597,-0.61860592187929453,,0.08539176662883248,0.2777777777777778,False,5
-0.79727746037588854,0.59606005201561507,-0.095189629517690152,-0.59269722466592478,-0.80291892282681487,-0.063491757259792461,-0.1142744549314621,0.0057980822492228745,0.99343229824298929,-0.24817586425864063,-1.7052058659411589,-1.3007209109495252,0.3546519310744234,0.306194333367763,0.9737774627923459,True,4
0.9276539554109019,-0.34311294608502424,-0.14741657043685413,0.3532736151500942,0.93425857350903641,0.048566147300806412,0.12106152092755081,-0.097130963413917498,0.98788141196046031,-22.32259430894549,15.354131702610173,-3.3991928157685702,,0.4351625493040782,0.4347826086956522,False,1
0.53349670986115838,-0.79043585825022533,-0.30098573813313745,0.84109153933374448,0.53330232017603263,0.090297606590944657,0.089141926322643283,-0.30133003382851009,0.94934394593550664,-4.1325098465954397,6.4237937167093193,-1.6133964988350016,,0.1605403386020991,0.1052631578947368,False,3
-0.14420870890484366,0.98937346548112437,0.018547077340354767,-0.98807535671987701,-0.142946981122306,-0.057212324117336386,-0.053953106665752766,-0.026576425453588681,0.99818973942393541,25.166773099276682,-3.9550440257808015,1.7463614906743834,,0.5204855413839885,0.6086956521739131,False,4
-0.54244304180364533,0.83852608614409774,-0.051279130790897742,-0.83018587664208243,-0.54439321090578352,-0.1201142878416562,-0.12863497433756399,-0.022583949511821175,0.99143482317377885,28.937667570122816,5.7997718844869537,2.2093851152252038,0.2304607057329056,0.2333059879294981,0.40625,True,4
-0.41309594116294074,0.90829192351071375,0.066011552624606645,-0.90461365301541352,-0.40090365184931093,-0.14474253249129812,-0.10500420073888536,-0.119507504446765,0.98726494630777484,-9.1692621619199048,9.853665310332417,-2.1077677700874822,,0.2004760181942208,0.1304347826086956,False,3
-0.65061512648913511,0.75411802503423997,-0.089476038703025854,-0.75276102487517504,-0.65598308503334435,-0.055109269447280743,-0.10025366134163691,0.031499150283694169,0.99446317524531935,-10.722260765548757,-2.1331708260367814,-2.4947899649662029,0.3120386861056899,0.08274494746841972,0.1754385964912281,True,3
-0.15020802808110592,0.98767157549461138,-0.044072749630342765,-0.98703764815773865,-0.15236169001575683,-0.05042416617836,-0.056517514269703223,0.035927348573692938,0.99775497804082081,3.8036926840792895,-1.6033490292678618,-0.8401120824074465,,0.08402982395870305,0.3935483870967742,False,4
-0.44989617242274371,0.88743559832026842,0.10025713377765857,-0.88462148389792028,-0.42740317529023525,-0.18647079121960447,-0.12263060085315441,-0.17258210969208548,0.97733164849431864,-18.825557369698277,11.186319386039498,-3.1730396565447676,,0.2354669530028338,0.1666666666666667,False,2
-0.76822634253251787,0.63868869305490295,0.043646763945684522,-0.63601609639432,-0.75369366424989859,-0.16561819222806362,-0.072882177289384342,-0.15499230249719134,0.98522361644460066,-1.0616855266112097,-9.4967748088821526,-1.2926731328915466,0.5625313450829506,0.5052357763038364,0.8467153284671532,True,4
-0.12298698255634909,0.99237941852491285,-0.0075691353430204361,-0.99132687804791542,-0.12320535339037948,-0.045732502180892969,-0.046316551916760297,0.0018789848611389104,0.99892504545357874,-25.774020895757474,4.9810848807943779,-4.0881735922489542,0.1689247836425723,0.1218246384853946,0.4444444444444444,True,2
0.67415457067283924,-0.70182040148084357,-0.23013852112627298,0.73112723509441091,0.67830292232478295,0.073199123415940009,0.10473099323563392,-0.21760806425986967,0.97040102505353454,-3.5277206408930564,9.6442803559785339,-1.5264141678224663,,0.2080381639228791,0.2380952380952381,False,1
-0.51162220057433505,0.85909799900234118,-0.013905106603269463,-0.85596467799212583,-0.51102807000430694,-0.078579779189743723,-0.074613630854627577,-0.028300879453588251,0.9968108478105776,-0.59452725916470306,2.308815700696401,-1.3093333656197756,0.6516120307906551,0.3760370969593186,0.6561514195583596,True,2
-0.94511586261856217,0.30909099972890897,-0.10591864856272884,-0.29365721718045867,-0.9456921572745266,-0.13939792848992,-0.14325308033197781,-0.10064341784754541,0.98455546183004061,4.8035570334090538,17.591953136056322,-0.34908041111590921,,0.1251199962343977,0.2352941176470588,False,4
0.00035048817119127089,0.99956023838384045,-0.02965142492499391,-0.99935178067318831,-0.00071730145295613446,-0.035993109673291578,-0.035998550295391944,0.029644819457474866,0.99891205271333294,0.9900198653625627,-13.700613858732789,-1.0796135699640952,,0.06940853374783268,0.1904761904761905,False,2
0.38561230132727192,0.92037392982266064,0.064922895559879221,-0.92237679658376892,0.38279197742937038,0.051878195222835426,0.022895374837541525,-0.079888242680047045,0.99654085239519596,-14.193407048392892,-7.0895993789897016,-2.9339052657316738,,0.2518486817481992,0.1612903225806452,True,3
-0.38937104346310364,-0.90196070253544602,-0.18670051310646524,0.92100678479937048,-0.38383045432861934,-0.066488229660673109,-0.011691572433962103,-0.19784103065756917,0.98016439117240495,5.0629893111270157,14.545317133637333,-0.40268781038105295,,0.07883968157830822,0.6153846153846154,False,3
0.64475625216651977,0.7628148738281596,-0.049018808213912919,-0.76294748570438053,0.64615183820299948,0.019973383395129732,0.046909586968417467,0.024520812658101243,0.99859812757537192,9.8408212831460862,-8.7203595590923264,-0.034508154403139674,0.1198065024304639,0.09251050174678449,0.3548387096774194,True,4
-0.99207856669489392,0.0019892659961961625,-0.12560318596835857,0.0098591006131478892,-0.99555734410867425,-0.093639589524854974,-0.12523144828558647,-0.094136164209510265,0.98765149063230562,12.491279010500243,10.945836890669325,0.38236034074084463,0.1421311265965889,0.1412962067063696,0.4482758620689655,True,4
0.2048758237867645,-0.94005037633498367,-0.27263746400696454,0.97772104094947943,0.20955516872719926,0.012173633162712437,0.045688761335363287,-0.26905746823340437,0.96203982031695023,-7.3194106231659868,-0.27975534987733286,-2.0560207323580015,0.7460049405839166,0.7715293269220981,0.3707692307692308,True,4
0.05403644417091108,0.99469259934754395,0.087559668253086559,-0.99813297735248496,0.056306660019160709,-0.023666845141474067,-0.028471428183845671,-0.086117320213260282,0.99587809742782207,-0.42950060412200997,23.295626028647302,-0.73301290950977294,,0.4966179786647127,0.103448275862069,False,2
-0.37752571395253803,0.92587406315469467,0.015216914340444143,-0.92171942974877685,-0.37415209070737809,-0.10219347260411921,-0.088924845393271487,-0.052606389314569305,0.99464814868126517,19.516609547160677,20.22481800390851,1.5602360215965752,,0.2406657223064599,0.25,False,4
-0.98115094999830499,-0.13266023229911689,-0.14051361529676665,0.15941753801413186,-0.96662625547037406,-0.20054857468662204,-0.10921932929173414,-0.21916875918266063,0.96955463647357021,0.24588678970346659,-18.325827514625427,-1.1905368115256552,,0.897476197459528,0.8,False,1
-0.37431011530289482,0.92573507636483288,-0.053912020642256434,-0.9238992663727722,-0.37728232204446588,-0.063782404067182635,-0.079385661033885641,0.025934877299371509,0.99650654737521904,8.0414413535957348,-1.7509627430668357,-0.36729099481649258,0.1698197042292094,0.1163679749694422,0.4,True,2
0.94077411629675511,0.33574151278045977,-0.047134898980999138,-0.32435871476294159,0.93177217900852427,0.16307063065751609,0.098668567757890277,-0.13812401319682133,0.98548783387468153,-31.589297746871114,6.4858682872383708,-4.6316646507733612,,0.4637233721743363,0.3666666666666666,False,1
-0.90443267400505567,0.42564166498456979,0.028822061363281803,-0.409712838017735,-0.84778337283206406,-0.33674729859784147,-0.11889881645970557,-0.31637402829349603,0.94115383740695024,-17.444181628511664,-13.838991201732101,-3.2698962334038506,,0.5034213678175832,0.2,False,2
-0.88028118192082638,0.47306364974864135,-0.03627428900154786,-0.45927970265718615,-0.86881655068009089,-0.18498636704221197,-0.11902602859542809,-0.14617997315242634,0.98207139249952513,9.8017508704836445,-10.456155957464162,0.033513195468766119,,0.1091655654924222,0.1818181818181818,False,4
0.97989568172319697,0.17351464231620234,-0.098473965301043256,-0.14888874862350046,0.96453071243277455,0.21797395557096266,0.13280283684303895,-0.19893007232644405,0.97097385796458824,-6.5895581535986638,25.624777653350101,-1.3877393937282891,,0.1930638904610529,0.3333333333333333,False,5
-0.74652562029710856,-0.65407579586722042,-0.12200144056804847,0.66260146267192443,-0.74749924859404282,-0.046948642327195478,-0.060488014556961192,-0.11588669730388752,0.99141891926821391,0.40933788705730723,1.9660729168220967,-1.238597491458046,,0.1474108702493947,0.4117647058823529,False,2
0.69244212333292154,-0.67683291560684333,-0.24984217055040081,0.71225600671776945,0.69647641682697536,0.087246671560091416,0.11495776062820784,-0.23836485721472805,0.96434791860425084,-10.367724440932534,13.063571355283072,-2.2101417682842155,,0.3956191682863871,0.25,False,4
-0.7293645107397777,0.68062945142398679,-0.069072138577054049,-0.67737474218686333,-0.7326258233592764,-0.066504598295325928,-0.095869020651120573,-0.0017183717366885398,0.99539247439287448,-3.7333053842188688,-5.9628579633438497,-1.6938324004844645,0.2930498315040074,0.3142892955960603,0.1428571428571428,True,4
0.50609864872388,0.86145145210882668,-0.042018489019186943,-0.86199453412131344,0.5068426873237839,0.0087128325694769138,0.028802446160726629,0.031810155076605902,0.99907884229882471,-4.9578402701570115,-14.356378733842126,-1.7628406081281511,,0.09452711005811276,0.4210526315789473,False,1
0.070049641252484807,-0.98477286366007633,-0.15910831140808285,0.9965993151972331,0.076025453790549549,-0.0317794796110265,0.043391850718825134,-0.15634109304554036,0.98674951731253524,-5.7656879102488388,3.0410030216549586,-1.8134226426115869,,0.07146122338951744,0.1916167664670659,False,1
0.98795899778838625,0.12286590593596683,-0.094026527360643958,-0.10820781800392261,0.98310000471495318,0.14766668159164753,0.11058068010189548,-0.13571422139183939,0.98455754697234898,20.048230835824171,16.416456534658138,1.4734295869038068,,0.1902242553760272,0.25,False,2
0.25451601116370098,0.96235621110558356,0.095352624546078374,-0.9670347627673106,0.25409127654507885,0.016774706652102338,-0.0080850269567118022,-0.096478734082691628,0.99530220848188189,-13.02679761187526,14.7723196391896,-2.4438885278875131,,0.1623410041971813,0.1428571428571428,False,2
-0.6809139075595857,-0.68698058369931081,-0.253798991550578,0.73098154126932724,-0.65879307301602641,-0.1779260331419186,-0.044969287468835675,-0.30667468849948265,0.95075149151515426,11.830167297264662,-10.36614387268126,0.21815077590550602,,0.2766942358328959,,False,4
0.113514481730846,-0.93992748020540584,-0.32194843436813553,0.99350121667124258,0.10466093805421237,0.044737238609155038,-0.0083543348111969999,-0.32493448570493177,0.94569962730749435,-5.5291910316071862,4.0203062194233761,-1.7952808537134848,,0.2919075894449403,0.2316784869976359,False,2
0.016329324670382433,0.99845230623603065,-0.053163383336286091,-0.99925703804461696,0.014439842287631597,-0.035733218061164633,-0.034910243111551928,0.053707384284286154,0.99794628703113686,12.483799208302898,-11.352204063295462,0.31860834244601555,,0.08021868677791133,0.3888888888888889,False,4
0.39914818459666029,0.91688564334703004,-0.0012015645194343866,-0.91669509637404545,0.39909131923933311,0.019905255376131449,0.018730376850743444,-0.0068436782443732497,0.99980114875464987,6.4126568165415003,-14.686893981666531,-0.44996671208097411,,0.3307984821165477,0.3571428571428572,False,3
-0.94845783159671571,0.31688188073401635,0.0036898977397290394,-0.30365103019547801,-0.90540147464968546,-0.29672246555224047,-0.090685134085371016,-0.28254918751369373,0.95495662890587374,12.842509791810503,3.9523412473494473,0.25388095291893847,,0.08713418745828709,0.1428571428571428,False,3
-0.37755293591100209,0.92494518238479873,-0.043933929577667986,-0.92255181103171113,-0.37981187972038233,-0.068125560440855853,-0.079699037303430989,0.014810320942589716,0.99670894339645866,-1.7243362593228673,14.601940557523129,-1.2018470282656517,,0.07607277006166283,0.3,False,3
0.31962929552249797,0.94561449062014258,-0.060418114609787223,-0.94740049658517356,0.32003554432275144,-0.0030902168545075132,0.016413790359316761,0.058227875620270292,0.99816837356569865,-19.985698883321625,10.935532253654017,-3.3111307025727839,,0.1287666349625209,0.4814814814814815,False,4
0.63274301417294698,-0.71624870798270102,-0.2943196669073348,0.76837575276504755,0.62790181902735565,0.12384671261233909,0.096098806330148265,-0.30451123784722373,0.94764862973924635,-7.5977978535039918,15.342393065219948,-1.860807377992145,,0.3171676883989257,0.1818181818181818,False,4
-0.99087216278022194,0.062085485506209653,-0.1196567988737065,-0.029020232828368582,-0.96505958218918064,-0.260418564836362,-0.13164415335984991,-0.25456903840471534,0.95805241066022373,2.9183719077040746,10.219509750527012,-0.79180160179162107,,0.2353214872998359,0.28125,False,4
-0.69514297797612368,0.71843348446575062,-0.025091205010662976,-0.71371921189934784,-0.69391161135977997,-0.095349683721802525,-0.085913484018869571,-0.048373588025639944,0.99512756430784566,-18.507150228868223,13.047758655180145,-3.0794536685496321,,0.5934509480524229,0.4074074074074074,False,3
0.89261900220278645,-0.39993947674872454,-0.20803781349663014,0.43459358743816745,0.8860678003139637,0.16128318884619547,0.11983209363157254,-0.23437633879026745,0.96473208775863983,16.580164266142447,-6.1671314444546272,0.72760930166627569,,0.2194487699144948,0.2142857142857143,False,1
0.67658696402485341,-0.68612539319074295,-0.26732382035740898,0.72900047671129287,0.67533198077228618,0.11173638933171398,0.10386715104564759,-0.27047857690587845,0.95710655329938654,-3.077585107022546,16.039570407683495,-1.3135070214461742,,0.2149898351032599,0.2727272727272727,False,2
-0.86264624406319246,-0.48351010576374909,-0.14852419071651252,0.49931937244936675,-0.86092185585407255,-0.097435734766819215,-0.080756559488610824,-0.1582135763362531,0.98409696796731105,-7.720305647951907,16.864234105625759,-1.8407126952438613,,0.1300722829908828,0.2941176470588235,False,3
-0.90472455578554323,-0.37945254252849847,-0.19362139893955382,0.40758470060533852,-0.90322384470204531,-0.13439270141682624,-0.12388781211688427,-0.20050549700772211,0.97182784261338073,7.6655972347349506,-11.301714274480689,-0.22217136836462567,,0.1632263802358946,0.3043478260869565,False,3
-0.80947737783410545,0.58072234486764374,0.086648329160157758,-0.57576196161822213,-0.75615933313152728,-0.31100036410207144,-0.11508491790133989,-0.30163657120699056,0.94645171064462263,9.4838754688364393,7.1605540182235581,-0.11127796174564092,,0.1077771120606139,0.35,False,1
-0.62305165151343,-0.74008513751616301,-0.25314151926159778,0.78209592519845328,-0.59422084260394759,-0.18769004769307812,-0.011515352116323124,-0.31492154490084812,0.94904784769941941,-9.8561013563861604,30.65478516845776,-1.5482899752402979,,0.6090529089718988,0.5833333333333334,False,3
-0.70380353158778364,-0.69562938904227578,-0.14408449613068719,0.70802204848804207,-0.70343630512834887,-0.062306849400152978,-0.058011790003072966,-0.14586678075575232,0.98760190081459087,10.232926673962854,-1.6245021464057421,-0.08814605736322112,,0.06885224993946601,0.1875,False,2
-0.95970810699350884,0.26008528451034307,-0.10637666168907017,-0.2534742806122211,-0.96467481394511123,-0.07178643610100012,-0.12128948198031794,-0.041930276902734591,0.99173116994466159,-16.019432455528804,6.6188211341269012,-2.9683105830715033,,0.0781249139888078,0.2352941176470588,False,1
-0.93328846720756986,-0.31413824138399593,-0.17403965719776074,0.34328747248846508,-0.9227037432456574,-0.17541811033337432,-0.10548150648253499,-0.22346133334566157,0.96898848511711055,11.777924547061,-13.593613646194477,0.24947477491245684,0.554101131771591,0.6272669185470721,0.4772727272727273,True,3
0.70027448093418654,0.71120399038634241,0.061680916099706357,-0.71160698192891347,0.68856044226373803,0.13964247426763965,0.056843246057721147,-0.14168063173245948,0.98827903143267815,9.5814578019055894,-7.4550555575289534,-0.13262200295732754,,0.07373563214064813,0.5,False,2
-0.9143211110517051,0.39435850607239065,-0.09218608665914893,-0.37995014859740722,-0.91406931264243596,-0.14182798125261778,-0.14019554367376966,-0.094650200072356833,0.98558944249635672,13.843749482027766,-10.315788495352194,0.40950317355606219,0.7197986430828069,0.8496093346398574,0.7636363636363637,True,2
-0.11960802889671134,0.9927461758392323,0.01220449835205302,-0.9915835519208418,-0.11883629384639886,-0.051380879954524783,-0.04955783473369664,-0.018247345599680012,0.99860455406285598,10.417426384463306,-11.856859584967861,0.10826155589659155,,0.8697599603591125,0.7894736842105263,False,2
-0.57672183586364834,-0.74451958144263319,-0.33627744034732493,0.81602377914082502,-0.54450209956313289,-0.19396560377568278,-0.038692582167495639,-0.38627458681594046,0.92157193298482432,-5.2506888336664632,-8.4558157640705609,-1.8477085961563735,,0.4008585344694293,0.325,False,1
0.25045085579959458,0.96604793994607052,-0.0634487711087037,-0.96811706590511226,0.24957958652948983,-0.021433074698835194,-0.0048698596004054726,0.066793770021783189,0.99775491818068729,17.836035970357944,-13.824918115074309,0.90774034518164337,,0.3559966243446533,0.7857142857142857,False,1
-0.66921946641627805,-0.67118680433289291,-0.31883158478875839,0.74116990540199101,-0.63356648533720272,-0.22194747122656738,-0.053032792646777537,-0.38483994380373654,0.92145848553107434,6.4933375313361754,-19.12498172826513,-0.46074628003325779,,0.301866208266747,0.1428571428571428,False,2
0.8243941703106259,-0.55422457366706002,-0.11493204036046603,0.55849166207287937,0.82948812031112817,0.0060433151318777245,0.091985408369625113,-0.069170660010413956,0.99335497403536288,-1.9784606129133766,-9.5224896284147089,-1.4373042325673502,,0.07623726178031581,0.24,False,2
-0.095757423734987551,-0.98251923799949903,-0.15964480185875754,0.99511699097968853,-0.090634723276512674,-0.039083515708286852,0.023930943633045251,-0.16260779162596695,0.98640053529961036,-15.090982295293713,25.610211818745839,-2.2250481600789564,,0.07504931939759713,0.1666666666666667,False,1
-0.37904835096526579,0.92326617988495074,-0.062465260034381388,-0.92217769663732607,-0.38248447884057341,-0.05739267610706373,-0.076880709252634266,0.035849470382491352,0.99639559012377565,5.9191397101007119,-16.139589719056794,-0.51353785262447893,,0.07227349213665284,0.4,False,3
-0.56839396535429199,-0.78486799122100093,-0.24680060069929899,0.82081092676029688,-0.56155373597766167,-0.10453145038902562,-0.056548409877970246,-0.26199167537584328,0.96341197801046252,14.133315957557318,-1.9960058308876447,0.43424131788815551,,0.1633485734992598,0.2608695652173913,False,3
0.98101917083928658,-0.12843708750237764,-0.14527663611092112,0.15215724740543252,0.97429565926919226,0.16612086079481828,0.12020631642222609,-0.18507264217899971,0.97534535350771168,-10.48126515365553,13.906300807100019,-2.1991757396208964,,0.1683123498010506,0.1,False,1
0.94322687880014611,0.33193866055831239,-0.011822890327125496,-0.31698458303106086,0.910225180619194,0.26647869462187634,0.099216073443561953,-0.24760219343436393,0.96376829402970754,10.071457520545879,0.64561408979396351,-0.09960890470401805,,0.4811532790810077,0.25,False,1
0.5394658269391307,-0.83055364592188297,-0.13840976414526407,0.83688911498960494,0.54699004239331617,-0.020457339379163383,0.092699680564692327,-0.10479758951629518,0.99016374123413464,18.39508150581911,15.568355779146472,1.2616112774938175,,0.4240743138996323,0.25,False,1
-0.8573845641460015,-0.46396232385591435,-0.22277942276249638,0.5042151886119397,-0.84401987628859376,-0.18274980712113717,-0.10324123564350358,-0.26901563239337317,0.95758646439410167,-24.249976746631479,2.2479502176996955,-3.9883617220393672,0.8505882784693589,0.6289329408339125,0.3,True,3
-0.70777218916170137,0.7058425599593775,-0.029065594768471814,-0.70009690325884577,-0.70632393874165389,-0.10474168037534111,-0.094460861189313516,-0.053784515526946769,0.9940746307963525,12.573805881423223,-16.11384705779054,0.30514408726336767,,0.152278361463089,0.2666666666666667,False,3
0.56397337194594932,0.82571612991618248,0.011265368709379012,-0.82575838536423229,0.56377241392435984,0.016845008119802073,0.0075580908020550994,-0.018802608705771176,0.99979464749981817,-2.6625871077253396,17.004538246296566,-1.2435927638835962,,0.1630778529628616,0.3,False,3
0.91337202023205022,-0.38626051626461744,-0.128663772026994,0.38865914922707967,0.92135547455669875,-0.0069393966944102728,0.12122548568393388,-0.043668101394393304,0.99166399477913036,2.0149557977438675,-10.602920905513967,-0.9320467375621202,,0.07233516949395981,0.3243243243243243,False,2
0.89748609878332075,0.44068709230806041,-0.017708448937269722,-0.43180242332965252,0.8861500560827007,0.16818069244496242,0.089807403354825857,-0.1432932823885843,0.98559711115900195,-3.8773535067949774,16.487092560703395,-1.3976290287772875,,0.5139445629388375,0.5263157894736842,False,1
0.23170527439192548,0.95203786556929981,0.19984135793477398,-0.97275917940937395,0.22828347692992429,0.040326579765535192,-0.007228049098057486,-0.20374139658654689,0.97899805853903499,16.151288492671029,-16.011351050643679,0.70136057393532081,,0.5069426439430136,0.3333333333333333,False,1
-0.99229103347707448,-0.036995861024544413,-0.11827853206753632,0.048807159537347301,-0.99393180582871987,-0.098577008171046004,-0.11391385367414521,-0.10358992049958878,0.98807528170276238,-18.07541783368875,7.2453606054719035,-3.1901292399112675,,0.06433582886758973,0.45,False,2
0.93156024678684712,0.34481245183791148,-0.11532510422261141,-0.34861091795294269,0.93716404123228636,-0.013927946911731194,0.10327601120509483,0.053178312108389782,0.99323015088692679,9.6867346875270304,-2.5795072376950769,-0.16402772205380362,,0.07948572361541525,0.4137931034482759,False,2
0.59527370713131467,0.80351504905025384,-0.0035748493547281823,-0.80245869330568276,0.5947082628764867,0.048807044620282673,0.041343187301859916,-0.026184881443279295,0.99880182861642974,8.0250446001223725,-14.179210372078263,-0.23381461511269641,,0.2595711291508587,0.2222222222222222,False,1
-0.15978174217637089,-0.94433140094907375,-0.28758998600202201,0.98706014008621434,-0.15681867108654746,-0.033469153733430013,-0.013493506588965958,-0.28921637156324448,0.95716864538059587,10.069475217891455,-14.937748339927044,0.009638325807766324,,0.2163852325995379,0.2222222222222222,False,3
0.80311277326551611,0.59019647210881598,0.08171901693045576,-0.5913224506896414,0.77267591260496871,0.23088892002535727,0.073127510064059598,-0.23375213023711,0.96954231928340529,-7.1643716022192905,11.022535756417584,-1.8840206625469453,,0.4352440982393852,0.425,False,1
0.91725484015773751,0.38952110631541964,-0.083167697707793795,-0.38709009817886891,0.92097923578994989,0.044254978653629276,0.093833970922460472,-0.0083997011000984181,0.99555242499948315,3.0470430394418671,19.956464694710473,-0.46107147121047093,,0.1424883818820429,0.1739130434782609,False,2
0.95907479554891673,0.26315437557828897,-0.10452421325608975,-0.26292045612921083,0.9646804976065273,0.016259498344983858,0.10511122819000589,0.011887478774894676,0.99438941947144877,3.1705308348982557,15.270667227397048,-0.60880315247257488,,0.06785276277036857,0.1666666666666667,False,2
0.97974613010392375,0.18516300280062326,-0.076237674021723434,-0.16814175733840364,0.96748277494559687,0.18895880403601589,0.10874681597885805,-0.17231292051794728,0.97902113738010621,-0.89088941576107195,-12.695763921817973,-1.3102989608182616,,0.2377608404185679,0.1666666666666667,False,1
-0.92312542771241168,0.37725201649275536,-0.074299130297242166,-0.35828490380057681,-0.91410476479414848,-0.18985364544628966,-0.13953985960788376,-0.14863847090435284,0.97899705441223239,-8.0013802625216304,-6.2521756723943209,-2.1676655519550394,,0.3409204272390086,0.1935483870967742,False,2
0.95294625064218974,0.28293548862963275,-0.10881614154574552,-0.2856559105018629,0.95828055356871977,-0.009953966414393417,0.10146006200640989,0.040569568964164027,0.99401205520442104,-0.32379460911514735,-13.541225023590822,-1.2231275587884241,,0.0741460499334681,0.24,False,1
-0.99118548900151193,-0.062832763032543676,-0.11663348696892464,0.071453080421301926,-0.99489524403322804,-0.071259460413133718,-0.11156067269042924,-0.078965165039783264,0.99061532343241043,12.533305583051225,12.605546131791284,0.45674108661796364,,0.0705212753117232,0.5714285714285714,False,2
-0.67504239229638408,-0.72597266267334148,-0.13145897327209827,0.73587049558411421,-0.67532964139675244,-0.049239102141737531,-0.053031899188749544,-0.12997526111500224,0.99009799977907342,-14.233311015484786,9.1743024591069986,-2.7154848888448284,,0.05956159719296544,0.2272727272727273,False,1
0.62906453225189907,0.77605626348396051,-0.044883072198905381,-0.77605404663190858,0.63030218032944607,0.02143077642514709,0.044921386542913867,0.021350348457552473,0.99876234993706192,23.249402585416668,2.2077990846068474,1.5548672557686249,,0.1029622486001148,0.3846153846153846,False,2
-0.86606724729214024,0.48902636825462159,-0.10383031503135225,-0.48434952240958984,-0.87222641710379045,-0.068019243217535441,-0.12382674714865337,-0.0086190752392327763,0.99226641998638831,-1.4704327317026751,-11.904042798168213,-1.3795964668803165,,0.09486453256789955,0.25,False,2
0.98041314976125515,-0.14541606318313038,-0.13283156380745931,0.15596543813783739,0.98507941458401671,0.072755268326655645,0.12026985441783689,-0.092047354829626268,0.98846469162392536,18.929764980694777,9.4431061858946457,1.1415192200870139,,0.1265431988562308,0.3888888888888889,False,1
-0.39570561019857514,0.91739105801718845,-0.042552517287221377,-0.91495690796796325,-0.39780368364007007,-0.067868150439637454,-0.07918918246250306,0.012077911760603965,0.99678643521489863,6.457968269229089,-9.3439934224110406,-0.37971755962752318,,0.06385976054771383,0.3333333333333333,False,2
0.49790775985319435,-0.7948646276812541,-0.34681131229980716,0.86310681319201843,0.49314036983527088,0.10889997548323875,0.084465920343600273,-0.35355734937895578,0.93159149255488327,8.1183233329148692,4.6008374916421433,-0.32613253742282072,0.4628545140547281,0.6050424695864891,0.492462311557789,True,2
-0.99152570569446286,0.045309815218269378,-0.12175301060747634,-0.034812793341085016,-0.99559974701136156,-0.087001225110364191,-0.12515927599218865,-0.082025388726903653,0.98874010297818515,-3.3927406746669235,-13.425156107025384,-1.6016011625049287,,0.5861875477288945,0.4210526315789473,False,2
0.40163875799244392,-0.88485989395345543,-0.2360281257625218,0.91296280749522274,0.40713381389179437,0.02722075892337239,0.072008473173159601,-0.22641781214958215,0.97136489237189805,-5.6552039017501157,16.763705257737865,-1.6138735964807496,,0.3187860855418329,0.375,False,2
-0.74129605116537856,0.6690739003076468,0.053106312748397333,-0.66207757351421603,-0.71596646201474712,-0.22146176175496812,-0.11015194585728062,-0.19932922815583157,0.97372193547575792,15.618952059777323,4.4436961836533815,0.66780237606109127,,0.0998147967606251,0.4375,False,1
0.8789457972902962,-0.44794811228518766,-0.16369720255966952,0.46194824718840355,0.88496157922914498,0.058709626193819753,0.11856686866610787,-0.12722221499562661,0.9847621061283377,5.1837220114697926,11.382998413215665,-0.51802460780143544,,0.07967933024354537,0.25,False,2
0.83748678854466518,0.54518442825226932,0.037280265615877828,-0.5407260831422338,0.81691725175727725,0.20065270192797319,0.078937836446170861,-0.18820239895544372,0.97895284615992328,10.607663534994831,-7.2452480371723045,-0.0086693067759549009,,0.0899654645812373,0.1904761904761905,False,1
0.81746839647221792,-0.50044874298284447,-0.28512536964646285,0.56425071166465679,0.79518801017733309,0.22202964409317527,0.11561381904888932,-0.34238440986281016,0.93241962695335101,-25.62701734602495,-16.082189601562682,-4.2635702788967542,,0.2138170406116856,0.375,False,1
0.53867812681802596,0.82653165481048274,0.16331350000556369,-0.84185222339269028,0.52037955567532435,0.14314311720769313,0.033327310971728183,-0.2145938993340592,0.97613459559222526,11.323069792354246,-15.82023925263643,0.12086081700981149,,0.3845038721870112,0.1363636363636364,False,1
-0.18912669561278186,0.98194315778023833,-0.004327573819666114,-0.98025686761815856,-0.18905713829384843,-0.057912623387109591,-0.057685063006177519,-0.0067106891386192469,0.99831227587226368,-9.8769976872120626,2.3687926989927011,-2.3229671296661261,0.2902319881419024,0.14083082844467,0.3333333333333333,True,2
-0.37510430034514519,0.92664191392900253,0.025130205183693508,-0.923847210603294,-0.37147032625725723,-0.092282870408542689,-0.076178050139735679,-0.057832171499281743,0.99541566424111771,3.879658108428746,12.73937987715216,-0.6093802623801351,,0.08148875531890262,0.2692307692307692,False,2
-0.0072664455773103903,-0.98103102102759199,-0.19371456979337598,0.99938035703870809,-0.00045272163660828443,-0.035195127621653791,0.034439813208795675,-0.19385027940315303,0.9804264217377372,18.704001882446818,-3.9615779771428001,1.0082367629437348,,0.1107112714872809,0.4090909090909091,False,1
-0.75341444626033593,0.65373474246218743,-0.070693413159424789,-0.64809615622778416,-0.75644421444938559,-0.08811085465947803,-0.11107675026306404,-0.020567861433549717,0.99359897273852271,5.2726876362819892,-16.651362097657533,-0.60336127736957468,,0.07819337986591854,0.1875,False,1
-0.98597104904303601,0.13316837985138458,-0.10063435326335114,-0.11650902700742777,-0.98080120569225115,-0.15637979901000398,-0.11952713949040208,-0.14246114389679795,0.98255691204370355,12.345237710647226,-2.9717317293414633,0.22281490681272334,,0.1015035016246802,0.1944444444444444,False,1
-0.91198925203077752,0.40640423147582444,-0.055778175112553424,-0.3920862382399124,-0.90356621382283353,-0.17273239134783894,-0.12059844925709676,-0.13566022953103501,0.98338818182870669,21.576703446139121,-12.655763147311983,1.2598253035037601,,0.344596307986096,0.3684210526315789,False,1
-0.86342613799317391,0.49697608318164055,-0.086660700295046383,-0.49038786917972377,-0.86715086634916727,-0.087000647993327171,-0.1183851426132634,-0.032621277340471592,0.99243176605402617,12.136654123283499,-0.62822292036168048,0.18452779895270044,,0.08868207378064918,0.4418604651162791,False,1
-0.64347763550083881,0.75815527633915802,-0.10553250479991666,-0.75862366392935965,-0.65002793703378503,-0.044202009026684572,-0.10211106275346984,0.051616451202077807,0.99343297349577653,14.272805884036099,7.6379208447594511,0.54233168144526933,,0.09450773153767111,0.3448275862068966,False,1
-0.36598834187185714,0.92715167652054531,-0.08026395417016631,-0.92754407279482176,-0.37042555020069173,-0.049466198375341726,-0.075594488139562932,0.05634430302751732,0.99554547504333546,-9.3281054709093087,4.0655213546428337,-2.2233731164447885,,0.0660873318391578,0.3265306122448979,False,1
-0.95612068434553976,-0.24668490446911287,-0.15804997587371392,0.27456074934533392,-0.9426937833776653,-0.18959120681094899,-0.10222344097879732,-0.22466639421188012,0.96905901751456125,13.223941015598525,-2.8757406531192795,0.32213113505654362,,0.08341752694916593,0.1818181818181818,False,1
-0.83533011178480021,0.54519440222296112,-0.070616344640186679,-0.53720862832394944,-0.83679281645882275,-0.10575760954754782,-0.11674970663729337,-0.050406806164040377,0.99188137390135867,19.242983214915601,-9.6211235503773942,1.0172253769869468,,0.1324708180059432,0.2857142857142857,False,1
-0.5388159780289441,0.84008657463428038,0.062704776053775418,-0.83731441282772956,-0.52587731786368486,-0.14952464889593003,-0.092638630665972804,-0.13306988267725622,0.98676769831232047,13.66174449477932,-11.409741880682198,0.45139334684619747,,0.09806184616711312,0.3157894736842105,False,1
-0.64511590133240049,-0.74845073540391638,-0.15377571499239351,0.76253836816919573,-0.64343478873811388,-0.06728231351104709,-0.048587147662163099,-0.16066477309875937,0.98581241611534776,23.944413570482492,-3.2685963656356174,1.6083570309389292,,0.1682240593291512,0.1875,False,1
-0.61094754103219662,0.79153960320646022,-0.014427704684830761,-0.78542511118584624,-0.60831148289627202,-0.1143001946421776,-0.099249669145109298,-0.058499541299900024,0.99334148551356105,14.487049598342823,-4.1229306219949873,0.46421986323188119,,0.06945050746184547,0.3125,False,1
-0.2979787722077058,0.95142362464581476,-0.077470883429898926,-0.95211146593543283,-0.3020540847549909,-0.047403442038599718,-0.068501151434631008,0.059635696932672976,0.99586704730274367,3.7145705707101793,-15.465410959188235,-0.7878013830861299,,0.0672309981320475,0.5454545454545454,False,1
0.054900087737711531,-0.98032245792677519,-0.18961502801940067,0.99762260913033884,0.061776381703785431,-0.030541912441162868,0.041654653021805578,-0.18748748531033943,0.98138337704163248,16.483287459280948,-3.6014990275604548,0.73915875970435296,,0.0709789080972982,0.3043478260869565,False,1
