axis_00,axis_01,axis_02,axis_10,axis_11,axis_12,axis_20,axis_21,axis_22,location_x,location_y,location_z,dbh,dbh_approximation,score,reconstructed,number_clusters
0.86456460557426984,0.50215216173992971,0.019267829356820063,-0.50242308225419641,0.86299983062822339,0.052937120755207026,0.0099543561520056695,-0.055448163139764459,0.99841194503973463,-14.911153009262032,-5.9034826076815259,-0.36904849576660304,,0.07075956365390045,0.2580645161290323,False,2
0.85292987427886746,-0.50899597519240691,-0.1159039550686969,0.52165539977636322,0.82269234149776038,0.22594901001131976,-0.019653840510153189,-0.25318058471941224,0.96721937432742644,-22.228950767717908,1.0670037444210054,-0.62765260297412806,,0.3025850196183398,0.4117647058823529,False,1
0.97026979216893572,-0.23609870635005553,-0.053234681029194264,0.24188988178553511,0.93860328161141171,0.2459942374082533,-0.0081126749121185424,-0.25155770830590424,0.96780829914691846,-11.216820643958117,-13.73274025770889,-0.0041548408575458511,,0.3445699508095638,0.2608695652173913,False,4
-0.37756116165927239,0.92220758350340137,0.083550835635065879,-0.92564528552526215,-0.37832589396038591,-0.0070938948350426703,0.025067400969321613,-0.080016816281902242,0.99647826595503386,-4.9142054262355046,1.3559007238735261,-1.1004428425426103,0.9316546217579786,0.9360110857306975,0.6795270690728065,True,5
-0.49150608831180592,-0.84880863034483367,-0.1947964943333293,0.87016870519572354,-0.48766591094811229,-0.070628491397919171,-0.035045536811772166,-0.20422014678105457,0.97829747111923948,3.9241248632675618,8.0733787765760656,-1.7155762729816721,0.4009725287275771,0.2635361983754118,0.2857142857142857,True,4
-0.76682138531528155,-0.63839963820341461,-0.066564742656317316,0.64168761803014607,-0.76488835930041854,-0.056416297942268906,-0.01489845260252463,-0.085974994902372259,0.9961858944803359,-10.085031591469457,-9.3122584579076797,-0.28743812628444604,,0.08434895595306018,0.1724137931034483,False,2
0.67145764735280122,0.70373169924443291,0.23217735309453555,-0.74091658382145054,0.63175584368655369,0.227875338258097,0.013683699419121381,-0.32503268981201561,0.94560377903420689,-1.4566816230880275,-14.175048401664357,-0.21524596974589866,,0.6111939678456904,0.2790697674418605,False,4
0.80604326321953446,0.58978219698202883,0.049509776221011353,-0.59171420698098287,0.8011898898099894,0.089269578934383573,0.012982876232552072,-0.10125078068492607,0.99477621821966666,-4.4439787870144736,-4.5772264603836055,-0.77368887611468729,,0.08834286863956492,0.2191780821917808,False,4
-0.014127507606650555,-0.97345404141789871,-0.22844614852516829,0.99807489071127808,-0.027527312085756914,0.055576610377051069,-0.060389784405089769,-0.2272212057368162,0.97196892831150383,1.1581556292515389,-21.06274125474566,0.13839072833607405,,0.4306383398072846,0.7272727272727273,False,5
0.86091892555693839,0.50041518423434506,0.091669226055381622,-0.50860829630490278,0.84247116147027157,0.17765118356136894,0.011670670405353651,-0.19956699496318889,0.97981468144422668,-15.248034492386703,4.9097934737901747,-1.0853637043152369,,0.160183467608956,0.264367816091954,False,5
-0.98218716502045578,0.17707019578599165,0.062884963491998416,-0.18760498262882866,-0.94298422903958967,-0.27492747093633052,0.010618067711041382,-0.28182776574872925,0.95940625758390929,-14.510360173950557,3.1570425750658431,-1.0024835964537686,0.5242822658281477,0.5121087811673629,0.1038461538461539,True,1
0.99862216799343051,0.05088829987502827,0.012811968152039267,-0.052188691035912643,0.98862175281106368,0.1410793053453884,-0.0054869044148517735,-0.14155356161046773,0.98991539187717104,-2.3707693497105335,8.8494640025850337,-1.5618736388224492,,0.2302823591842046,0.408,False,4
0.066294871137450626,0.96977478403339512,0.23482303616521857,-0.99738843399809685,0.057646908756253473,0.043510293468015271,0.02865836331149137,-0.23709428960612047,0.97106384756537845,-13.685243809534279,-8.9080730648116777,-0.2038254597096486,,0.3642004681368057,0.2222222222222222,False,1
0.98188699974265159,0.18753478577996521,0.026993033524160714,-0.18941024364983486,0.96807656832581068,0.16416917329094285,0.0046561074820178948,-0.16630833406953485,0.98606280666199542,-16.358141314740212,-0.8846346812333814,-0.66307287026277273,,0.1613860451745383,0.119047619047619,False,2
-0.031250335277524681,-0.99404325652365788,-0.10440986880982289,0.9991724571452214,-0.033789779962028206,0.022641812040987256,-0.026034927067767687,-0.10361590095134939,0.99427658508214756,-10.190203488727539,2.7147236976761815,-1.0687261726271211,0.31731091964077,0.1819362981416708,0.2571428571428571,True,5
-0.87463315125271601,-0.47926867051366262,-0.072927307600171007,0.48296353791861329,-0.87446009601931651,-0.045450649181542464,-0.041988948199255041,-0.074973875009591726,0.99630108215095614,0.86970841643978258,19.067627265967698,-2.1045933989895764,,0.2016416963526306,0.3529411764705883,False,4
-0.96354800987137013,0.26435830070132649,0.041108655089020583,-0.26518040072581117,-0.9640672050780229,-0.015930447700763545,0.035420160132603337,-0.026250960808236294,0.99902767695035566,9.5121706903128267,3.9429445698501628,-1.689227020563475,,0.1071294673685881,0.3333333333333333,False,2
-0.96331202079785527,0.2658576727394798,0.036737561594376522,-0.26807572096410914,-0.95970703438947891,-0.084248536918603872,0.012859176331553751,-0.091006076659198784,0.99576730996512142,-28.789241008667396,11.79199461016346,-1.1342164498160052,,0.1191965013896799,0.4666666666666667,False,1
0.61699126846821062,-0.7668156269343851,-0.17696205503783688,0.7865677145493245,0.59369377226541453,0.16982030267878467,-0.025159591861565966,-0.24397028315450198,0.96945628879020185,-2.2960161561141725,-2.481070311519511,-0.95866533109816288,0.754475215123461,0.302165534165714,0.2383419689119171,True,5
-0.00088509457908108528,-0.99975069424215757,-0.022310669418707619,0.99967198811416846,-0.0014556389305522756,0.025569460204904235,-0.025595561870222775,-0.022280719863340022,0.9994240525097039,-5.0555847915224685,9.7457684467474177,-1.5866042161836926,0.2299330190094799,0.2233144811978401,0.7192118226600985,True,5
-0.58368957429718837,-0.80093835020417226,-0.13343252987553963,0.81168439701581763,-0.57995757998443365,-0.06940925773748638,-0.021792670736660129,-0.14881856265539967,0.98862435480385846,-6.4301445521170306,-10.794024986443425,-0.29419343873507603,,0.08595742857657951,0.2307692307692308,False,4
0.39571898792150395,-0.91763494025430115,-0.036777697356771367,0.91782525575373852,0.39378509143885365,0.050300115915155583,-0.031674634946041516,-0.053660210444791974,0.99805676157023049,-2.9862572314938531,2.5752472925912722,-1.2404339579708685,0.7925775725782248,0.5391923115549437,0.9800653594771241,True,5
-0.99560664233372376,0.093041849626653017,0.010517982649745929,-0.093436504354942038,-0.9945143487401451,-0.047019461969428342,0.0060855069548865284,-0.047795652187378954,0.99883859668971831,-23.801037637829769,21.816657909391218,-1.6220721075797349,,0.4340123818288686,0.6136363636363636,False,2
-0.81983097056833842,0.57182658351398319,0.029858634993982391,-0.57225601608447429,-0.82003761385268559,-0.0078335127447120463,0.020005792963641671,-0.023508939863833532,0.99952343544029842,-1.9344468421600125,7.7837442619918678,-1.5206822602864496,,0.1117742898613985,0.3218390804597701,False,5
0.99849689701126165,0.053136614636530119,0.013433050429911279,-0.053871889429069932,0.99661512268360308,0.062097638986438539,-0.010087922889560294,-0.062727963647139687,0.99797967734240911,-3.7645794553189811,-9.2727768380070135,-0.48303839832692697,0.3181788936209849,0.6158991865892158,0.7613636363636364,True,5
-0.17265257974421838,-0.96370471624916632,-0.2036278629922228,0.98481103980518103,-0.17275380466441098,-0.017416625729681893,-0.018393003710748885,-0.20354199284934699,0.97889343371043813,3.4580032749111496,15.421376310362147,-2.0685240031789869,,0.3498732906962089,0.2631578947368421,False,5
0.95777582275566309,0.28596745159107173,0.029800838498605903,-0.28556580057764497,0.9341035580807151,0.2142491921137531,0.033431226198879435,-0.2137127965552256,0.97632432813250292,-8.3386819413039603,-3.4188724950523381,-0.7169528729391641,0.8595701720015688,0.6504356532851602,0.8863636363636364,True,3
0.45417069895925977,0.88932791993765403,0.053149101838349644,-0.89083390828604581,0.4525173689671721,0.040533672802220005,0.011996835193773519,-0.065756228620520274,0.99776359642098567,-5.8627607505019137,18.223993001591673,-1.9530313702815214,0.5989259870489919,0.5297331150004977,0.9694656488549618,True,5
-0.68182776736242656,0.73064532472156374,0.035613271628558235,-0.73112039043493193,-0.68224830980217921,-0.00046739955311262196,0.023955591076851072,-0.026356275051501763,0.99936553693909635,-15.241503960028178,15.890649159967801,-1.6441984699027121,0.4475741448317337,0.1959238239954545,0.5476190476190477,True,2
-0.88796793451439171,-0.45001420835704131,-0.094869170709096576,0.45850885263028895,-0.88229524184613295,-0.10641775357209286,-0.035813116785644375,-0.13799390744688761,0.98978538187510035,0.70943910586962244,-14.881916060291244,-0.29284989340451634,,0.534182826508218,0.3636363636363636,False,5
-0.41032257056695998,-0.91140183389335239,-0.03133823956696271,0.91162147115034076,-0.41084561667705666,0.012335825669054811,-0.024118072497827374,-0.023506944358703902,0.99943271016407431,-3.3012033047681379,-4.7099485962483412,-0.79341451137072661,,0.06546082604707948,0.2583333333333334,False,5
0.78255816919792043,0.62225623681876541,0.019997188846113977,-0.62239234087350914,0.78113854109247127,0.049501046876995899,0.015181760227064659,-0.051183545794264873,0.99857386246403101,-3.5055372517922812,10.502019891924185,-1.64389943955658,,0.09836697652973299,0.4736842105263158,False,5
-0.8182044951842079,0.56940665476362406,0.079482485940329556,-0.57458707827638278,-0.81462366329150537,-0.078980862766481197,0.019776085006019913,-0.11029210631965956,0.99370244930029605,-22.811511820823235,12.331897985867061,-1.2577283659533276,,0.1893071587210817,0.4827586206896552,False,2
0.6273711975378633,0.77787099615620703,0.036360608340036418,-0.77848007344653558,0.62533372792668618,0.054097171497127214,0.019343105918746384,-0.06224501631667613,0.99787343996979549,-17.488832563563545,-7.0470612463584406,-0.22555363612832938,,0.1205132522016904,0.3478260869565217,False,1
-0.98645298440477613,-0.16352475273610531,-0.01304472312875523,0.16385552641584336,-0.98601110719917373,-0.030552625792986596,-0.0078661313170537307,-0.032276178870105081,0.99944803379447777,-5.6599237355374399,-7.4757451893226818,-0.5329750343155838,,0.08504911970540463,0.1587301587301587,False,5
0.9994907440442995,0.015289019460621639,0.028008899544692573,-0.021565144891680606,0.9705993842046815,0.2397327259831101,-0.023520142337425755,-0.2402146566415648,0.97043481060759651,-19.471155614586877,3.4076484374215239,-0.85119147000060158,,0.3609555555970896,0.6190476190476191,False,3
-0.98478876952360728,-0.17351351613202429,0.0091727389410748809,0.16712407576273564,-0.96032715837698845,-0.2232516342247679,0.047546006358376428,-0.21832271664460368,0.97471768665408409,5.2750044350970784,5.6292344063654474,-1.598340892152313,,0.3623643277031122,0.3333333333333333,False,2
0.95159026734807062,0.30558109549162088,0.03310826432430683,-0.3073690880595919,0.94621207536706176,0.10102946171772277,-0.0004547459094731204,-0.10631510949859761,0.99433238441602567,-8.6176889680464406,-14.276337600998042,-0.033687312898229203,,0.4422252471418274,0.78125,False,5
-0.46453739842676978,-0.88534585957182632,-0.019175880733656274,0.88524681901058133,-0.46483747809156156,0.016253873172959125,-0.023303967356102306,-0.0094248554630704147,0.99968399867406321,-13.046322553172487,-9.4100662215396547,-0.19239973282478248,,0.07855689929583642,0.2222222222222222,False,1
0.9539888183206684,-0.29971648121253069,0.0086813252856234521,0.2986539932766934,0.95238506141863999,0.061388004418609678,-0.026666961188348652,-0.055970757330888,0.99807622329398615,11.435620611621385,6.5527961550907623,-1.8523714142250156,0.3512473306340247,0.254105993207733,0.375,True,5
-0.52688917877880992,-0.84917699052529694,-0.035864077406105033,0.84992662511541106,-0.5262396314603206,-0.026392843735244323,0.003539096737646079,-0.044387938033949054,0.99900810094381898,-6.816441447067306,-14.954272111255658,-0.00086497085527187649,,0.1307769847335195,0.2666666666666667,False,5
-0.72550404925578849,0.68652393981251492,0.048257171257308357,-0.68781113853669951,-0.72570099346981665,-0.016550099146842256,0.023658237852893865,-0.045198983851668595,0.99869782198644685,-1.8718896007148373,-3.9942462952669726,-0.87383019634186265,,0.07140898374756324,0.1730769230769231,False,5
0.035714284525016939,-0.99777937568452191,-0.056221057793965676,0.99879342524925951,0.033739954606001966,0.035683457540404181,-0.03370732204905981,-0.057427632040605865,0.99778047862167096,-12.585539075649361,7.7453256331403066,-1.3335757453866224,,0.1026241266001482,0.3275862068965517,False,5
0.92841453916993344,-0.36928579257061306,-0.040920005661955673,0.37076475702915035,0.91368797859645234,0.16645651898752339,-0.024081910285425188,-0.16971234832451912,0.98519936075049386,1.3577204731823083,-9.083195744955832,-0.67614153295873036,0.5587519437879321,0.2436213890613382,0.3658536585365854,True,3
-0.90709187957178605,0.40954062751211356,0.097266625478162172,-0.42046402045206943,-0.89246092867734583,-0.16347323416893397,0.019857732000572337,-0.18918235964633079,0.98174116002052192,-5.2172285913584906,-18.187971085640644,0.13183790019321046,,0.3875089973114287,0.5,False,3
0.55626818706467451,-0.79636284707318272,-0.23742771502348683,0.83055970508306842,0.52346685699590023,0.19013949068817718,-0.027134486398418749,-0.30296644274296702,0.95261485093376819,-2.3568850344635948,4.047037294942502,-1.3523601857528309,,0.09614845972385458,0.1875,False,2
-0.257160699143269,-0.95843278559065348,-0.12359195087498889,0.96601922031888465,-0.25839567159689036,-0.0062082907861916725,-0.025985395718346186,-0.1209887284210085,0.99231370382779061,-2.2323990869783787,-7.4083506978687366,-0.70049042198950773,0.8282183067877864,0.8386226266344956,0.8101851851851852,True,5
0.49363276519276589,-0.84894336359873057,-0.18873753874049012,0.86916538248618291,0.47419277879473409,0.14033084631176371,-0.02963496272633339,-0.23331603875559573,0.97194927596228309,-10.465848267010061,6.9299118605799688,-1.3057960535128472,0.7558408273903828,0.6204866896573463,0.35,True,3
-0.74358104856602325,0.66443666599787099,0.074907550294257885,-0.66860459393014693,-0.73761070979311028,-0.094331001129041803,-0.0074243645490112272,-0.12022627697860996,0.99271875228329698,4.8468397530731515,-14.930583687098938,-0.43554154315186194,,0.3997784229229703,0.25,False,5
-0.91390844893032974,-0.40489589033086854,-0.028821258940787842,0.40533911561752756,-0.90649818006956073,-0.11815773728780729,0.021715163461489877,-0.11966773802386009,0.99257648780942476,-3.240161042162836,6.4842339270848885,-1.446462144390793,,0.2187228097422681,0.1526717557251908,False,9
-0.99762891992128722,0.065496868573686834,-0.021135239381825519,-0.063071709477644622,-0.9929797973932285,-0.10006538578584628,-0.027540835140813309,-0.098495087065009854,0.99475636224344022,-1.3265645428450275,5.5059573543280527,-1.4163635417955405,0.6865608312917788,0.7105104998907051,0.4944444444444445,True,4
-0.69544653854419036,0.71585917816823508,0.062447970817340562,-0.71818394348855519,-0.69531271143003393,-0.02742365108884056,0.023789395581478863,-0.063920813168433621,0.99767138592913174,-10.368873641558947,-15.003089645355139,0.067131974968184072,0.6047238947614039,0.468943819867662,0.1,True,4
-0.0095212424649082986,0.99350907857782222,0.11335367980516095,-0.99906652691387277,-0.014228141924871762,0.040787679237939564,0.042135741860987404,-0.11285951781224406,0.99271713418123864,8.4791056922487602,-6.4191015913376193,-1.0601782427441,,0.2310891592038055,0.2,False,7
0.51139214849663228,0.83041986986711147,0.22109027609980555,-0.85903134901486755,0.4870179631777371,0.15772965780697309,0.023306905965719747,-0.27058518671963205,0.9624138636066123,31.881701482600686,-3.8378253325340062,-1.7753893273283738,,0.3781607287350693,0.16,False,2
0.28774042739119488,0.94001532722467118,0.18323927261213613,-0.95751507518255952,0.27852302546673197,0.074764999050312544,0.019243888454976373,-0.19696727867224648,0.98022118110637646,9.8913350487814942,-5.8033743677332419,-1.1092678305188473,,0.2016162103765771,0.4,False,5
-0.5358826425811094,-0.84000874332783126,-0.084941771308846351,0.84393986687523437,-0.53584840699036929,-0.025139328242706715,-0.024398657317523661,-0.085157476821950004,0.99606872737899999,-12.797563979244524,-13.198143320647695,0.024080476183128106,,0.4298710145493085,0.3333333333333333,False,3
0.29063418219611348,-0.95010380200454381,-0.1132896180402635,0.95602348024817185,0.28347220486480657,0.075250344074034164,-0.039381180192724671,-0.13017785712477173,0.99070825582561528,-14.93251328046072,-2.7210141779072359,-0.58116419643466632,0.7149182390188489,0.3397139104657166,0.8269230769230769,True,4
0.9483071212060411,-0.31706118955524742,-0.013631065538780476,0.31670885014802447,0.94276817582177408,0.10432483355175418,-0.020226421033569249,-0.10324906166884293,0.99444985954882437,6.0348313602098811,-5.2270436456352032,-1.0363705489337185,0.5933347501584307,0.4458963236158615,0.6666666666666666,True,9
-0.49201024853343761,0.86845196115329382,0.060968077770772948,-0.8700859176596325,-0.49289981849308695,-0.00051460652661520362,0.029604243419825132,-0.053300657580183694,0.99813958376224132,-13.237066778879575,7.2971251341258441,-1.299522501349019,,0.08143726810132365,0.3076923076923077,False,2
-0.40152797612294516,0.91511791551446586,0.036530604909734601,-0.91550386582027199,-0.40214960255773469,0.011329996945893216,0.025059051433554465,-0.028894599272451381,0.99926830534853617,0.50410469393899027,-3.4099514017618473,-0.99049658914617722,0.4329318097394393,0.4237829996204086,0.8781431334622823,True,5
-0.75385091510712954,0.65216121765781432,0.079965892574404951,-0.65609635939985622,-0.75370548726833819,-0.038283229276701691,0.035303894606672402,-0.0813251784177247,0.99606217194557056,-10.791219253746982,-11.552963474728582,-0.12935525467731893,,0.2350973251265392,0.35,False,5
-0.99991956782032076,0.0083362069481037557,0.0095585325098474071,-0.0095817953070763476,-0.99028792682662414,-0.13870115781823941,0.0083094577871672282,-0.13878158968373744,0.99028815163877337,-8.396262779377599,2.0633519507675997,-1.0615868732064058,0.5682293832942537,0.6418742875741954,0.2672655811341943,True,3
0.82582793141519573,-0.56001781646681026,-0.066244040745144714,0.56271476690875122,0.81067133305994543,0.16175314790643192,-0.036882499879049208,-0.17085676748246281,0.98460532509636312,3.4288066464594764,-5.5406030857718571,-0.95974564213160862,,0.4434484450557162,0.275,False,5
-0.58169270864642508,-0.81267114990248601,-0.034629392483211091,0.81314794870811691,-0.58205680720563902,0.00053544127510925243,-0.020591411300997092,-0.02784735717709199,0.99940007928701136,3.1333877155607746,6.888207305063502,-1.6156551623247155,,0.07721713490171156,0.3529411764705883,False,1
0.75269959852775137,0.62671830470628298,0.20166179837104886,-0.65818895370916441,0.70926330601321752,0.25245368675944696,0.015186032773510553,-0.32275335674363559,0.94636127093162381,-0.05668138125680583,-1.2761243190532565,-1.1085037363760992,,0.08914732917446531,0.3518518518518519,False,1
0.66815340408683299,0.74229353154620281,0.050708398040598929,-0.74395874802068096,0.66564232932435863,0.05869983522245123,0.0098188518004025133,-0.076945451043635316,0.99698695463532172,10.68038547919957,-3.4553994821442942,-1.2972286016735866,0.1917279719172716,0.2024346061345101,0.3584905660377358,True,5
0.63493044683798772,0.7557308753516303,0.1604187386759186,-0.77233113938926878,0.6157449743410105,0.15608567424162426,0.019181731094651312,-0.22299993411220456,0.97462971972855694,1.1928620079940575,3.5025002326208674,-1.3550149153689472,,0.09839167227107659,0.2631578947368421,False,2
0.027605050048617939,-0.98806972657823311,-0.15151295862542399,0.99960059085831476,0.02636804145723666,0.010167848613036688,-0.0060514434246282649,-0.15173312693451482,0.9884029736009261,5.1003722420093354,-12.032695269483492,-0.63268241340936326,,0.3034394614545596,0.25,False,8
0.48664901497999274,0.85791468004882121,0.1647881609088821,-0.8733000485808281,0.47282715802828013,0.11739464970612278,0.022798275542818117,-0.20103949957067802,0.97931780247509292,-3.4878538982498029,7.2545503568596015,-1.4846557106243774,,0.08590446264592709,0.1428571428571428,False,3
0.35474570582696818,-0.93486124088687361,-0.013782034856333796,0.93456202591480164,0.354123534560292,0.034501333141596792,-0.027373416216246525,-0.025119366193850846,0.99930961844999344,3.5092204566335354,1.4732294341880392,-1.3033224145327011,0.1778305154406525,0.1593770777331729,0.6256983240223464,True,5
-0.9813313566767925,0.19121709410549373,0.020610466388157153,-0.19231298712134437,-0.97680081858212309,-0.094211866565524771,0.002117401084397055,-0.096416719188869945,0.9953388030582867,-0.82977603247055476,11.200198103974175,-1.7451887395450276,,0.1113232082708756,0.2777777777777778,False,4
0.64805206340193255,-0.76021022065457056,-0.045923235217336392,0.76032203938856968,0.64230447982747452,0.096723066605456653,-0.044033164098254945,-0.097598030747994932,0.99425132881661726,-6.2318780842593338,12.585641387141102,-1.700243623586311,0.1763237602672305,0.1254193642270647,0.3333333333333333,True,5
-0.15762297465736411,-0.98722432944832483,-0.023304960962640203,0.9871116713882272,-0.15817844981110207,0.02429251375419186,-0.027668503199574937,-0.019175540687628501,0.99943321566277388,9.3002483049344171,2.1117795353955269,-1.5715367408659524,,0.07027433379720954,0.2727272727272727,False,2
0.86640555368741301,-0.47227058269551753,-0.16217864612840269,0.49897689135033896,0.80643778889639361,0.3173013623327921,-0.019065110488989526,-0.35583505920627062,0.93435428623285632,-10.086286839299268,27.131749180154948,-1.971909235522844,,0.5240176270611573,0.2380952380952381,False,1
0.70213819681880507,-0.70504986833972749,-0.099532083883387995,0.71161337689455673,0.68998527502789353,0.13238852695534881,-0.024664841227180295,-0.16378340391753643,0.98618793452790865,-11.480189238520392,3.2909514118779803,-1.0952324764575012,0.3045856160989927,0.1371530451707096,0.3128491620111732,True,5
-0.95071346646816757,0.30144415400714381,0.072631444230430317,-0.31006846381460745,-0.92516659473219665,-0.21891623909450067,0.0012051654368812953,-0.23064733687287275,0.97303666609728601,-6.9289666257734206,-16.712806398212869,0.10808669677918423,,0.4251223358905912,0.4871794871794872,False,5
0.80330308799195715,-0.58679207218322882,-0.10187842188362412,0.59556295220826305,0.79059514379408369,0.14235198827620746,-0.0029864325814003148,-0.17502680546740249,0.98455913920308102,-23.458327825786675,1.5849020742079694,-0.63575024603950148,,0.1545408531031164,0.2083333333333333,False,2
0.79149466657939549,0.59930355804575153,0.11988093297131686,-0.61072294484866063,0.76799220110655853,0.19288717861714505,0.023530350863311993,-0.22588320954246516,0.97387016497839352,-16.497574525877635,7.5172539091583213,-1.2175149333103916,,0.186901746917056,0.6642857142857143,False,5
-0.018130183547619659,-0.99250317976987734,-0.1208665983273042,0.99907750090457159,-0.022690302975274541,0.036459530128179159,-0.038928699320770761,-0.12009408102639577,0.99199897584202179,2.0015267108973314,-6.9440596877275693,-0.81357808148737909,0.2312261727882983,0.1945570691851441,0.3023255813953488,True,7
0.84400059539024397,0.53317523985888138,0.058199300531333466,-0.53588714651514924,0.8427741886544039,0.05056315988702538,-0.022089843384760655,-0.07386359414037548,0.99702367488435362,-9.3398783466158388,9.7816124597962055,-1.5099275604555074,0.3769876057378273,0.3193104577107659,0.8109452736318408,True,6
-0.25700892331372599,-0.9648746695925503,-0.054436066314411766,0.96570480796514879,-0.25856387471127901,0.023642050826560224,-0.036886816210061998,-0.046492952938674482,0.99823733055668051,-16.461645579576185,9.8216031495292029,-1.3798384114182605,,0.1601890413399665,0.6206896551724138,False,5
-0.14829695890526212,-0.98888626336481644,-0.010581592877321315,0.98858936799872965,-0.14852153079179747,0.025147889993646661,-0.026439997339682057,-0.0067314946060690658,0.99962773747082745,2.2176024147847966,6.6962891934524578,-1.5560920049397919,,0.07279322494099216,0.2439024390243902,False,5
-0.91170299185799031,-0.4082913278939746,-0.045780412883282731,0.41083265136032288,-0.90700879274214297,-0.092474766637646519,-0.003766591753332992,-0.10311760982012118,0.99466203875062431,-2.8002791376363896,-9.9674384979100363,-0.48902593261441957,,0.1095926927319007,0.2456140350877193,False,5
-0.7546653189193776,0.63453303504453973,0.16687745161489151,-0.65524908222893652,-0.74191451324661162,-0.14216713851020998,0.033599057404216162,-0.21663490593902421,0.97567434160704447,-5.6394171471223888,3.6905882292810173,-1.2261991148298466,0.6371785895911295,0.712204301790641,0.3985932004689332,True,5
0.99949520998417363,0.031144822609571219,-0.0062709842380002621,-0.029447335014912868,0.9822837204495255,0.18507173474185584,0.011923912076763955,-0.18479364860421671,0.98270500546009676,2.4021262983375107,-13.436142860555575,-0.46442854544116025,,0.1024532815869236,0.375,False,3
-0.2618397012418785,0.9426084685895515,0.2071937397626252,-0.96500378582595014,-0.25891158640897866,-0.041623115750359901,0.01441055846057801,-0.21084132746320053,0.97741407317390727,-3.9845374351109388,-15.515592461975629,-0.072818931055239303,,0.5237835361722686,0.7125,False,4
-0.22092615621940079,-0.94335234735312856,-0.24754389962481846,0.97490547508294401,-0.22073867466021108,-0.028874766883078898,-0.027403433204975933,-0.24771109432682817,0.96844631528855796,-3.5456708203464391,-3.2879355266904393,-0.86947413887713343,,0.09849152670043634,0.1612903225806452,False,4
-0.97114729716562653,0.23494076849020895,-0.040936078331087519,-0.22582893536878149,-0.96114421307293574,-0.15875482237277158,-0.07664345476361073,-0.14492976567164362,0.98646902833503169,-17.189995309505388,-2.3035375615795921,-0.55285657029043322,,0.1763128993807713,0.1785714285714286,False,2
-0.97882244599966528,0.19538481306307839,0.061085137566665018,-0.20027919969069702,-0.97575814995080379,-0.088228538329944872,0.042365804353114461,-0.098594156159939703,0.99422549303094376,15.192695172026891,-0.7196472618832096,-1.6000752102976117,,0.2752045819021109,0.1212121212121212,False,4
-0.89614987635025389,-0.4356323565805304,-0.084497627289272154,0.44129527248251893,-0.89489083454983787,-0.066549806335348793,-0.046624903238532044,-0.096927004177301934,0.99419881022822043,-13.087640809022064,11.703961284826919,-1.520991158463586,0.4331006706338452,0.2382713698371248,0.265625,True,4
0.61255997830294817,-0.78417422647010182,-0.09920209434033829,0.79042299975772456,0.6075052990584362,0.078541664547678011,-0.0013245510528991948,-0.12652309732194206,0.99196277722935278,-10.657141865857064,-7.4854654257629338,-0.39783834588145356,0.6656857468682517,0.6400765364623566,0.3333333333333333,True,3
-0.61239607888665482,-0.77862954270074436,-0.13677381985555179,0.79054224366817583,-0.60397331066359838,-0.1012877138755644,-0.0037421304541296165,-0.1701536812404639,0.98541043287555186,-10.17021982596623,-20.126464486339632,0.42661154462333561,,0.5566090130537593,0.4210526315789473,False,4
0.52954345531888269,-0.84738322921002729,-0.039056264318593825,0.84805449157672019,0.52777134565863837,0.047549826689699162,-0.019680148512870733,-0.058301539904668437,0.99810501561672116,-1.7824053450298516,-6.2656923367542428,-0.74822625545204446,,0.0924834102369941,0.5121951219512195,False,5
-0.24228365800547513,0.93074268929488779,0.27389172201365897,-0.96938615668001793,-0.24383178296797942,-0.028923015952719053,0.039863621268407909,-0.27251441785486791,0.9613255347490739,5.4416485082755353,-1.3445306302024183,-1.2127245274125924,0.521234049473726,0.2000182793675117,0.5,True,6
0.46683328654071776,0.87340173041765057,0.13869426765748677,-0.88276718034136259,0.45086821452391379,0.13206043481746849,0.052808975465851407,-0.18408495439734476,0.98149067324899997,-23.259168199639589,13.147119435290687,-1.2799724126578371,,0.5468891334793988,0.4782608695652174,False,2
0.25951145057164166,-0.96167632284530136,-0.088501170054085282,0.96292450577379585,0.25067349625728147,0.099695508697443244,-0.073689912488031223,-0.11109207151228394,0.9910743405237652,-21.533787821912853,6.396774384190941,-0.98818405291457323,,0.2351215814746675,0.1304347826086956,False,3
-0.61208877119088489,-0.78537343664176684,-0.092389941008396689,0.79052918622262724,-0.61069216345971933,-0.046029199635447202,-0.020271702252772472,-0.101210901124285,0.99465843965724576,-4.6733287588700509,-3.5524637422476602,-0.84117022301296662,,0.07927702864171153,0.1559633027522936,False,4
-0.81459035032279536,0.55783745946398722,0.15893372826354377,-0.57957042679229043,-0.79376889739534784,-0.18446966665437245,0.02325256004804126,-0.24238049910530657,0.96990257866688567,-8.0054216476100262,-15.442805687963974,0.050795126491162537,0.2924678681803962,0.1742952219968461,0.3823529411764706,True,5
-0.77782706767212728,-0.61875005157863572,-0.11015183370246302,0.62812467218731327,-0.77123525200321963,-0.10322587978365702,-0.021081958783747998,-0.14948096781518858,0.98853982786475258,-17.256214537627066,2.8670849290766061,-0.92884600285639396,0.2264647559480155,0.1389114831208426,0.1578947368421053,True,5
-0.49482331555217834,-0.86000583951326803,-0.12465890417064297,0.8688388637529334,-0.49232534956389207,-0.052295114583487415,-0.016398634652248886,-0.13418534264168974,0.99082055822518711,-4.3071617810585741,15.264488531792061,-1.8608577513117111,0.5946358984196098,0.7027271350211071,0.4878048780487805,True,4
-0.090899435732330516,0.98575806530559729,0.14148614514683613,-0.99552694540777398,-0.093621791603033203,0.012690985151153666,0.025756427365076873,-0.1396996665064234,0.9898588836937231,2.0168557551425583,-10.951406952340069,-0.57659139519150704,0.2311205318246612,0.2039883763702396,0.4266666666666667,True,5
0.2388977247745844,-0.96945546305354302,-0.055533613723287814,0.97063472451122967,0.23674428164428932,0.04266587256506426,-0.028215397756116607,-0.064095633738732727,0.99754480654509659,-18.461698368380297,13.351818512550228,-1.4833381535708867,,0.1438970956902328,0.6666666666666666,False,3
0.32749358653530813,-0.94057331481509532,-0.089832011198585679,0.94439992322624045,0.32290833361882015,0.061959608534805283,-0.029270049342465011,-0.10512871889859024,0.99402777459899427,-13.318921748962213,5.2500447701196977,-1.1525422074872951,,0.07183076552385309,0.2,False,4
-0.024643453138880285,0.96674522868285861,0.25455129745558197,-0.99967561468033828,-0.02546885497272422,-5.3290396454578476e-05,0.0064316118415079365,-0.2544700380109744,0.96705927125684188,-7.3515472053550228,-2.4394752370704871,-0.8465601045156812,0.570647872174755,0.4197397639310374,0.7792494481236203,True,3
0.98777455884092713,-0.1529256562869768,-0.030251686825881224,0.15551663091517165,0.95327401543788481,0.25900430305253125,-0.010770256051182175,-0.26054250160027748,0.96540230289991724,1.931430084678456,-17.33638127633769,-0.17195834750109645,,0.2258454033971666,0.3333333333333333,False,5
-0.0043309989934290256,0.96536496409217776,0.26086726232133473,-0.99956732879318333,-0.011768795327338233,0.026956458702948185,0.029092914205686674,-0.26063764417261814,0.96499824910886189,-1.0921064973873269,-12.947405093970296,-0.33211412085226283,,0.3071446154139245,0.15,False,1
-0.93226930015724996,-0.3617052235015375,-0.0065790026611092598,0.36174013013443201,-0.93226437065791357,-0.0052174181478255102,-0.0042462023781555547,-0.0072439280440854559,0.99996474701454185,8.2721460967385223,7.0006118992843538,-1.8084097797115377,,0.09611589176008557,0.44,False,5
0.4104622716800706,0.90886118069560962,0.074108553837047605,-0.91159437374520536,0.40695210776841945,0.058186594151296248,0.022724904473347452,-0.091440342340913625,0.99555122545716035,-4.9902001076127034,11.916364668694859,-1.6893386751582471,0.3851219461794104,0.2504696589881369,0.6428571428571429,True,6
-0.21238804576674977,-0.97278747579409008,-0.09260585809517996,0.97639517669322029,-0.21507164382096491,0.019915997448381881,-0.039290927013714297,-0.086189993400113074,0.99550364544389913,-11.946821190438452,10.396237500942343,-1.4840733772401105,0.2014521082681364,0.1900854389199599,0.2894736842105263,True,4
-0.77626902266757758,-0.6246788020695041,-0.08475139345009941,0.62967014902574703,-0.77480431298913954,-0.056513538195025845,-0.030362935836598642,-0.097235131606003278,0.99479818119503283,-16.535074498823363,5.3488586400261786,-1.0882618035051215,0.290929551547202,0.2955437423652822,0.5860655737704918,True,5
-0.9851118262658104,-0.16237563457420609,-0.056469841932338699,0.16881048761367642,-0.97578935371716047,-0.13906170013299257,-0.032522438759604373,-0.14652402693370614,0.98867234234009893,-4.9979964356328628,-16.91254508396695,0.042702744556905675,,0.2400707119600898,0.25,False,2
-0.28146758567320262,-0.95156305786901785,-0.12370830656937711,0.95927002412256501,-0.28225855451926318,-0.011451166778521316,-0.024021220518360378,-0.12189280249325959,0.99225255135229939,-1.0365314448885452,-7.2481629962103868,-0.72380214445390667,,0.08543691780741126,0.2413793103448276,False,3
0.59693714361279726,0.7948129833933878,0.1092628390839992,-0.80227777448856341,0.59205569772293587,0.076291699125684481,-0.0040520534388300399,-0.1332004963320661,0.99108082850987411,-8.1901996460303277,-10.298127068690363,-0.30115929748060882,,0.1738189461969777,0.1896551724137931,False,5
-0.37823300382974878,-0.92226372783324095,-0.079808590621925551,0.9256729488859442,-0.37758524908715957,-0.023642575422041599,-0.0083298568249642532,-0.08281905574757914,0.99652978755798072,6.7006875191782429,17.291910743342203,-2.1907854934212039,0.6324837885980876,0.7182380894870377,0.5952380952380952,True,5
-0.90392812572600101,0.42235733480987114,0.067292089087648693,-0.42577065319704605,-0.9035426647642526,-0.048270113184798499,0.040414037136105294,-0.072283709665558887,0.99656498579839026,-6.2457369778870184,7.2291352657645653,-1.4170747371810806,0.547797273196425,0.2296692285134959,0.3838383838383838,True,5
0.34659509586624354,-0.90034308520869089,-0.26316186737132785,0.93758938716922691,0.3240756567554588,0.12609960256143041,-0.02824855021239206,-0.29044327779346685,0.95647515482394196,-22.511381061005505,3.8210878352304563,-0.80728461910202698,,0.5327007064088936,0.2631578947368421,False,2
0.9582768556681488,0.27037225903369583,0.092759416965507838,-0.28528772920643197,0.92485287246119785,0.25151158196891737,-0.017787058638301191,-0.26748085136189853,0.96339899039790899,10.231483226176707,-1.8713322300076887,-1.3925982113352147,,0.2658609969155531,0.3,False,3
0.99680780040070327,0.027561066239446819,0.074930612489542081,-0.041020265346063137,0.98197526853315298,0.18450449810284317,-0.068494867627083331,-0.18698919652479479,0.97997116972478382,-2.2189033346302556,10.401286245421057,-1.6475797111630965,,0.6195892947746072,0.6,False,5
-0.26105970163231751,-0.9624954419887547,-0.0738265286636028,0.96504719699668684,-0.26204774871039405,0.003858103763856674,-0.023059482918832197,-0.070238889133346458,0.99726363550509056,-15.355343090443371,11.171648006199687,-1.4774831547915064,0.3573987662625268,0.1355124169698798,0.4285714285714285,True,6
0.42499354166765474,0.90279061526264348,0.065951455893570932,-0.90488266360486269,0.42179908487357898,0.057209239701121753,0.023829700966495334,-0.083991886474286598,0.99618146356893145,-2.3100262601988408,-4.8968055937851416,-0.80878726629479136,,0.09811143439277037,0.1379310344827586,False,4
0.96413678742738795,-0.26522446891127399,-0.009810006112585418,0.26460334386830825,0.95769259839972531,0.11318108227125362,-0.020623422191917332,-0.11171780547931998,0.99352594651371806,-7.2538178109558817,-5.5128016093728043,-0.63079668746001205,0.430772886418369,0.352341815759932,0.6648936170212766,True,5
0.91839973034453015,0.39459973869952442,0.028861419254094266,-0.3955974414207033,0.91459124694815452,0.083818347318543401,0.0066782965258276594,-0.088396251187964389,0.99606300158746308,-20.764876046105996,0.92625881834030233,-0.65970172953940043,,0.07297887428792413,0.1904761904761905,False,1
0.9929168709703986,0.1185622023100308,0.0076871012578684055,-0.11723980005681381,0.96724426536696428,0.22515186074594279,0.019259195855271943,-0.22445831527951332,0.97429335832535136,2.8267541171406099,-15.115006069949153,-0.37399057874842601,,0.4950756312053871,0.2727272727272727,False,4
0.29309315564431904,-0.94536950807822495,-0.14273365163965021,0.9556338143451778,0.28509193101060709,0.074071612327051117,-0.029332831342042155,-0.15811098655241285,0.98698556267905013,-20.338491556063644,10.474861235095419,-1.2632067049667346,,0.3111264988996839,0.3125,False,1
0.9981734619349425,-0.060279274817694684,0.0040185714209471646,0.060007192166661567,0.99696904735817471,0.04951621449592989,-0.006991192822814565,-0.049184628057823282,0.99876523547114315,-16.979380952474816,-11.65845727226777,0.099229920322475781,,0.1189911841799261,0.3571428571428572,False,1
-0.73543304655241637,0.67714698067578161,0.024702238771098287,-0.67757703293828675,-0.73520473642455575,-0.019062003395437576,0.0052534248999497107,-0.030756496883953058,0.99951310117789249,-23.42664864516189,4.6592142070711198,-0.85314008766803562,0.3397178387084652,0.2610751919793713,0.7777777777777778,True,5
-0.296258700882158,0.9522929782503895,0.073272544152770472,-0.95474839501848663,-0.29737868553754243,0.00462813111174247,0.026197029626276944,-0.068585719818101687,0.99730121561932983,0.60286694271970864,16.029752379518968,-2.0523377940062222,,0.1475494685573221,0.3333333333333333,False,5
0.1794808290411582,0.97707638961739807,0.11449175017847549,-0.98333878305789701,0.1747733037552382,0.049991299529964499,0.028835217025608081,-0.12155665817515368,0.99216556537322753,-8.8278288110135978,-13.148857397976856,-0.094509735875864934,0.7080781799440574,0.4915545703757536,0.9361702127659575,True,5
0.49640283349325132,-0.86451939506233055,-0.078679364899150298,0.86768639585471252,0.49135728859824479,0.075421040764763816,-0.026543273131446589,-0.10570823289812026,0.99404286836585987,-6.5071411612562011,-9.9883113943610464,-0.34624426031258798,0.1202833328978353,0.1292069421715536,0.2738095238095238,True,5
-0.18737299984572137,-0.95741861787024862,-0.21963822318585555,0.98224953082587485,-0.18462193448204622,-0.033175299553386592,-0.0087873842049372049,-0.22195569707383375,0.97501715390822974,8.6815151773985093,-3.4082912249539352,-1.2361936142778558,0.4254005356737676,0.2360536331004715,0.3333333333333333,True,4
-0.34055189177343792,0.93280199988253643,0.11791877723532004,-0.93948185672212337,-0.34258352399973774,-0.0032202443807669671,0.037393179852526076,-0.11187921209528398,0.99301802199227707,1.1140239774637501,21.091684839198436,-2.1205140753149694,,0.312072895083624,0.6538461538461539,False,6
0.99962862902798288,0.02544371888383383,0.0097581349137750555,-0.026835027210648604,0.9814128585211187,0.19002284716320289,-0.0047418711748364543,-0.19021413800968279,0.98173117316248748,-5.1094233983900255,-14.425349703178973,-0.092816431862169937,,0.09650269650943799,0.3214285714285715,False,5
-0.85447389261152507,-0.51714081564781678,-0.049393761108243221,0.51918113775047714,-0.85339107217693866,-0.046632865372126214,-0.01803643671647906,-0.06549087508810289,0.99769014840819525,3.2846067793436271,-2.030970383816268,-1.1409966433528445,0.5527755605400445,0.3628316283013501,0.5564516129032258,True,2
0.89519934211031105,0.44308808274801187,0.047865319511710865,-0.44551150315681315,0.89254010284358443,0.069940441597984487,-0.011731941025423211,-0.083935187750163759,0.99640215064858284,-7.5455340846052534,-12.459227694551853,-0.16572181468769048,,0.0707995191500774,0.3,False,4
