axis_00,axis_01,axis_02,axis_10,axis_11,axis_12,axis_20,axis_21,axis_22,location_x,location_y,location_z,dbh,dbh_approximation,score,reconstructed,number_clusters
-0.80251941715202035,0.593950329418372,0.056441042493835344,-0.59284224297951515,-0.80449092277774814,0.03650246713889866,0.067086958740135788,-0.0041666955752277524,0.99773843196249801,-5.9104375003186753,-20.240753435617627,0.5878699330547581,0.5202477456867999,0.4406290942694091,0.9557522123893806,True,5
0.69362534266636389,-0.71504855853785954,-0.087117408959962131,0.7166803525108979,0.67287107924941914,0.18334062025251108,-0.072478661244692405,-0.18960503591057351,0.97918168590998766,30.986489269647841,-5.618709970413863,-1.4634398230573691,,0.2967210626806542,0.4166666666666667,False,5
0.028496702956643267,0.97572272160405138,0.21714766511796715,-0.99799670502970916,0.015496255198281197,0.061338754671695535,0.056484641013691009,-0.2184606065642356,0.97420965336478893,-7.8044753136111602,9.171674600293402,-1.3446943190242999,0.6000999909598723,0.2547961852069474,0.5522388059701493,True,5
0.98200718038955959,-0.18750014042835056,0.022485439793308963,0.18386645991955022,0.97648006415304178,0.11260465899920141,-0.043069973067116435,-0.10644426546800359,0.9933854215605229,14.720018537310064,-6.9845550176315152,-1.1077092028889457,0.2188886693201384,0.2304244480169755,0.3953488372093023,True,5
0.64617904905052381,-0.75375662662433951,-0.11959759357135046,0.76262551069189566,0.63172294755812008,0.13902678867904306,-0.02923981891337879,-0.18104437397604506,0.98304016583328668,-16.290921146162567,-10.90315601433756,0.21180360128310521,0.3017234099356632,0.3241186356230666,0.575,True,3
0.99081322443805731,-0.13495533705173118,0.008729907211098363,0.13016970739311426,0.96920144047399104,0.20905600938583971,-0.03667426285355669,-0.20599908928049876,0.97786470110120749,29.303178442104041,-7.9666201525954028,-1.3256422974973219,,0.2248578348861716,0.3,False,4
0.37469558768248146,0.92127811009859883,0.10416266329368447,-0.92404398934694376,0.36189161003786235,0.12319565063746649,0.075801862266469178,-0.14241174964642983,0.98690068965401845,-1.0713038506473174,-13.270592065102445,-0.16528654900710341,0.2124163838609669,0.2190630406173686,0.4285714285714285,True,5
0.66073564007184538,-0.74606541784328217,-0.082551839695908263,0.74772920656637265,0.64455894843029182,0.15951424903769684,-0.065798537874885987,-0.16712317103491814,0.98373797228569049,-30.456825950779184,0.25845414728716681,0.03481310121379641,,0.3366612966172817,0.4102564102564102,False,3
0.76396638767935021,-0.64011464465788359,-0.081293297329337225,0.6399705148099295,0.73557850737570007,0.2221756054584991,-0.082420256430554395,-0.22176000807505472,0.97161175381346276,-10.868642518147839,15.453870095042264,-1.5277008487784387,,0.3742668863264594,0.1481481481481481,False,3
0.84706475625905042,0.52950651562573414,0.045870999702335054,-0.53130443339156508,0.84133128010442182,0.099384486597881072,0.014032026306461345,-0.10855656142191863,0.99399123497643871,-11.904560239032614,-0.59368639468882956,-0.66396420191047567,0.57677439526109,0.5131074747799842,0.9946010797840432,True,5
0.53282023653428645,0.84028499028665371,0.10011858288302845,-0.8449943737546356,0.5219192035712239,0.11655407872138616,0.045684831865280051,-0.146702011037811,0.98812520264129655,2.228275408542745,3.217469310993883,-1.4633262185112417,0.4684407688463465,0.8508115811791921,0.841025641025641,True,1
-0.61647311090107304,0.7608183067582398,0.20277181174285366,-0.78374714758838426,-0.61763078979034036,-0.065365251854734005,0.075507033997012266,-0.19921774922051022,0.9770419521251319,-13.466580265337267,-7.1021189812514223,-0.17285328211814441,,0.1052658549748553,0.2105263157894737,False,1
0.79744584881670311,0.59880443083450197,0.074252082920116716,-0.60309196911250706,0.78712265074416865,0.12929814181755153,0.01897880388765958,-0.14788910135111824,0.98882183365081089,0.38691713100231545,3.712146668169602,-1.4386555365571527,0.6402873009292098,0.5499952483975854,0.9562737642585551,True,5
-0.53708054583711784,-0.843396371667131,-0.015068096828169113,0.84196215489512327,-0.53708508298727498,0.051374539967898036,-0.051421950640410698,0.014905498692475865,0.99856577605136476,-12.112314282210608,4.2434530738508709,-0.91314363867739623,0.2175419917882276,0.1866375406674654,0.7532097004279601,True,3
-0.96053588796391109,0.27516024212504747,0.04071423690882639,-0.27539834863572932,-0.96133016562615947,-0.00024945118907150621,0.039071185061321442,-0.011452240430053079,0.99917080055766139,-13.182149254031453,4.4919438903037037,-0.87225987601026422,,0.1578761039173546,0.2934782608695652,False,4
-0.21686827727167782,0.92503406749622175,0.31189761827338752,-0.97312863299723107,-0.23018273942724737,0.0060473226066891789,0.077387427623329716,-0.30220503046965497,0.95009647173572875,-12.183699556664214,-7.6898542432795463,-0.19531935383774915,,0.63048376132313,0.3305084745762712,False,1
0.19620341445638684,-0.97428614695256643,-0.11077330008615839,0.97875336460671658,0.18772707052048235,0.082464527312234068,-0.059548899458240379,-0.12459956199810931,0.99041853664155155,-10.084732089923028,-17.246157340499483,0.48557627901011008,0.3674376971821309,0.2649800781506113,0.2173913043478261,True,5
-0.72453879342352012,-0.68629353699461471,-0.063598096699594764,0.68883913642910921,-0.72415742058282639,-0.033116073716951189,-0.023327686297374903,-0.067802738102888019,0.99742599111801888,-11.495918753212923,-23.405145770469758,0.98901324209496888,0.319184331321379,0.2952522952288336,0.6530612244897959,True,5
0.34712910168971139,0.91038159087960557,0.22518158394418727,-0.93584814245941694,0.32071422328417121,0.14605013262058383,0.060742415290745089,-0.26143401838848335,0.96330816098167515,-5.3928280432503612,15.484699503240231,-1.6684473228751833,,0.3310442100577892,0.3333333333333333,False,3
-0.24577728682438349,0.96348466743462469,0.10625827449961109,-0.96515271118160217,-0.2534058168710861,0.06531260272489342,0.089854156164569779,-0.086503107425615414,0.99219123309252499,-15.028270942551606,-15.215994754375089,0.48790438055216667,0.7812855078585359,0.4527989625255066,0.7959183673469388,True,5
-0.10061464254143823,0.98597230422042559,0.13317398025337016,-0.98919537680358327,-0.11348005958222587,0.092815853105132184,0.10662645176820623,-0.12239645169481375,0.98673700062166692,8.1993821373494757,18.685646473187493,-2.0869029880869512,0.3760526316170148,0.4057354500400603,0.6136363636363636,True,5
-0.97355929144199183,0.22167518981446391,0.055158102466364781,-0.22334588902907099,-0.97438823187113288,-0.026156976982494404,0.047947053098000895,-0.03778470340984854,0.99813495895467397,4.4021344357485255,-8.9238086165426864,-0.6852888874503853,,0.4823787763109218,0.4084507042253521,False,3
-0.47442053957266184,0.87747685142340071,0.07042390821063213,-0.87638484598591881,-0.47833271299734492,0.056101848479677821,0.082914132437248031,-0.035102576724148862,0.99593827908636168,-2.1397715742270877,-20.801999188585743,0.50820492728039346,0.3837704125679764,0.33357382263802,0.6615384615384615,True,5
0.067417067476783277,-0.99740678716339237,-0.025192060916703521,0.99465839976913761,0.065210332857076239,0.080014250339352888,-0.078163973680527313,-0.030451821112527339,0.99647532824922536,9.2231382915913009,-12.599302642173855,-0.51075695882142269,0.1748547173654887,0.1572357293726723,0.4210526315789473,True,5
-0.32327010418918234,-0.94496161749245244,-0.050437894519541601,0.94445415505211339,-0.32551212653037764,0.045257093217209936,-0.059184362312312236,-0.033006013811434282,0.99770126506382961,-14.515983391070554,-11.661480533296192,0.20095806156912671,,0.1158665675718979,0.2222222222222222,False,1
0.42712293370720045,-0.89689163240424852,-0.11467955015868198,0.90080047221380111,0.41110638124839555,0.13982150248170963,-0.078259240737105579,-0.16302436327154338,0.983513369618919,8.3479976387971462,-10.578200518743744,-0.65902331835420269,,0.1147255803764173,0.2413793103448276,False,5
0.25915239939042528,-0.96486635032743095,-0.043277706686112263,0.96101200297137324,0.25312586034755963,0.11127995762156498,-0.096415579836119064,-0.070428863608121728,0.99284631798467882,-26.775458960300107,20.571011135924707,-1.3967974261758382,,0.4022146991461769,0.9024390243902439,False,2
-0.022118264536396721,-0.99504607185868599,-0.096923151272020558,0.99635293439471206,-0.029930624779955384,0.079906118810327983,-0.082411240112903919,-0.094802281506736544,0.99207908703095482,-8.4655746997369672,-20.306977600303497,0.68511156136994966,0.7391373710365505,0.6895075154483952,0.723404255319149,True,5
0.32735349074268677,-0.93845689125075471,-0.11017420461499816,0.94210079222994492,0.31518541201392686,0.11447381068751794,-0.072703434432550562,-0.14126860697827032,0.98729802557491797,12.628590224973273,-4.4134451302711737,-1.2948249910914154,,0.2244182604071977,0.2777777777777778,False,5
-0.23124561560294726,-0.9675954789355472,-0.10141229909582976,0.97096830455753114,-0.23608790771519675,0.038510406065544719,-0.06120471231111535,-0.089562765556612772,0.99409883523559361,6.1299602994258962,19.159090015847156,-2.0698135548540688,0.2345102518167407,0.2575514736203103,0.375,True,5
-0.85416620608072158,0.50797257685174912,0.11119331614921657,-0.5075784309516338,-0.86093620601069876,0.033955641837263489,0.11297888662198451,-0.027435567180157161,0.99321853629055834,8.4959660219712845,14.697751286468444,-1.9521080530581534,,0.190763009736408,0.3636363636363636,False,4
0.66236682298100902,-0.74892577673799099,0.019503147218878542,0.74475010206318148,0.66105407412004991,0.091404576286770262,-0.081347878220179165,-0.046018387919180247,0.99562283555691633,-6.5324056795141896,-14.395510677072021,0.12917050100304114,0.5736785730962968,0.2941624410223774,0.825,True,5
-0.89033575846072421,-0.4540393979987295,-0.033918465046618579,0.45525647088499732,-0.88885065603874247,-0.051827183763302198,-0.0066168665926548062,-0.061585195659742714,0.99807989697821609,-5.5099310135133033,16.87098794042906,-1.7304426207088561,,0.1623629443150294,0.2631578947368421,False,1
0.020640280402542115,-0.99222029221693109,-0.12277161943158442,0.99584458062991466,0.0095089084931202685,0.090571253106603758,-0.088699211129160821,-0.1241308679266314,0.98829346733288037,-12.847197882425773,-25.639128807786026,1.1928277515918946,,0.2007166052414348,0.1818181818181818,False,4
0.71171577511098383,-0.70112525657964675,-0.043405414919086338,0.69897811450920233,0.70067603614230822,0.14311774108427394,-0.069930328866193325,-0.13219858910755961,0.98875339804353579,1.7639139172961165,10.61061160216272,-1.6881994077320261,,0.4994864600544234,0.6938775510204082,False,5
-0.72857886581316855,0.67517098865261604,0.11539918705193061,-0.68226343457601324,-0.73027515871166604,-0.034853958300216301,0.060740778155531777,-0.10412650311280103,0.99270752450989352,4.3346280972730371,16.087512752170781,-1.9144650623308366,,0.340328257324998,0.2777777777777778,False,3
0.81522687276127914,0.54519636158736795,0.19536139137445901,-0.57905018843994016,0.76132493447373162,0.29169371507840436,0.010296853671791437,-0.35092060563675598,0.93634860140013942,-8.0634686029884914,-12.224350177084833,-0.0049668229224278495,,0.1256929713514061,0.28125,False,5
-0.82878303086391425,-0.55922260535031976,-0.01971713511708946,0.55934020059677414,-0.82893801979183868,-0.00054711968209784911,-0.016038321245867043,-0.011482029819960883,0.99980544869630938,7.3725256276383559,-14.598633343038179,-0.27372431026658556,,0.9498618718726876,0.5961538461538461,False,1
-0.44688939983583864,-0.89345987637765489,-0.044936773555631193,0.89324658120217704,-0.44840642172988554,0.032283527100104813,-0.048993973966061026,-0.025712453298474075,0.99846805670506411,-7.9732105470014165,15.488101293730795,-1.5854585983290657,0.5961923899834525,0.8438665584576257,0.6455696202531646,True,3
0.45212517560461579,0.86403062119499219,0.22143602060616049,-0.89161948165154359,0.43100263089814744,0.13874953008319851,0.024444335211427699,-0.26016882556576931,0.96525367478181634,-26.708723372864661,12.743656488076295,-0.94409221852031677,,0.30152278533294,0.3,False,3
0.9156150400488855,-0.40111757181652358,-0.027455273014398849,0.39840068264205669,0.89598525800280626,0.19618183787493965,-0.054092462567555011,-0.19056524085378723,0.98018309232087708,10.593289890829713,-11.018851603732077,-0.68878442471565549,,0.08503310755018482,0.2352941176470588,False,3
0.36224945798042951,0.930853038604877,0.047832527770902342,-0.93031439005476113,0.35792815773025244,0.080016058143768026,0.057362582315690712,-0.073485062590274874,0.99564525797403391,-9.7246853410475484,-10.33716925210569,-0.10614419363575828,0.4430734325607301,0.4221226487617882,0.9721448467966574,True,5
0.90011699532407774,-0.43367014453159047,-0.041468065673536399,0.43172765731870921,0.87522464518079157,0.2181583149326598,-0.058314874902160134,-0.21427091778892379,0.97503197340140535,-14.399169684462425,-6.4306976245674656,-0.17662209956951028,,0.07049242131952926,0.1666666666666667,False,1
-0.87334736682699976,-0.48709628737068433,-0.0012584458830881481,0.48700091584087829,-0.87322209706045628,0.017699637721821412,-0.0097203305751726692,0.014845067700544461,0.99984255717511572,-6.6639093571939281,-7.366857851708434,-0.46469614234393092,,0.1020248769935536,0.4606741573033708,False,5
0.44018746109168305,-0.89771806521184927,-0.018365034439213439,0.89445645383620953,0.43661359511128267,0.096520571666122018,-0.078629837138405129,-0.058913868963906754,0.99516154706424065,-5.7994794207172724,-2.784759815942361,-0.8127373973295644,0.6858551884457844,0.5811374763851932,0.9844789356984479,True,5
-0.20020921358980626,0.97746915294298442,0.066860495351718452,-0.97661592989268664,-0.20455966021973246,0.066156412316809632,0.078342812520329194,-0.052051901557132713,0.99556667444761948,2.279938256448375,6.433055837166914,-1.625836275184658,,0.07190460492339296,0.3111111111111111,True,4
-0.7324355848747327,-0.68082864975425661,-0.0032347616611774314,0.68022101384198563,-0.7315634203049437,-0.045981892082791839,0.02893935619515085,-0.035879126878009815,0.99893703601252171,-17.147867390899126,-12.483038911471615,0.35537637047845533,,0.1696511376719706,0.25,False,3
0.9417493748866359,0.33147029261463562,0.056881983216123186,-0.33631438953860526,0.92861322920814926,0.15674853086676493,-0.00086388072476710834,-0.16674806041925,0.98599915722910858,-20.068135102047222,2.673162303018302,-0.53082250955188937,0.3331689218160137,0.2749124534138704,0.7836538461538461,True,5
-0.6929808496871589,-0.70205167443662708,-0.16401520779364201,0.72025361126124188,-0.68419224961904657,-0.11452380113482283,-0.031816307642517611,-0.19749534673494643,0.97978738029535806,-17.481599779696548,7.9478415852246407,-0.99791199325174207,0.5586215660522411,0.3266979449454842,0.2619047619047619,True,1
0.16621245697684581,-0.98352791244099336,-0.071037064939248939,0.98357541083181055,0.16021649252262629,0.083126931440918941,-0.070376347964044045,-0.083687041847648663,0.99400384741410064,-21.260824672890283,-17.921652979605724,0.83467396580174058,,0.1259202814723144,0.5,False,2
0.92165545595763498,-0.38784881701940127,0.01115865763320047,0.38402226298024289,0.91591973107548474,0.11669596292136636,-0.055480825868556211,-0.10326829795858378,0.99310499777097094,-12.890342317978833,22.980113621026362,-1.8268567656065537,,0.2609978207989798,0.2727272727272727,False,1
-0.47668240021390773,0.8760953487764499,0.072324471505703966,-0.87580740581208283,-0.48038795266426682,0.046784643417947407,0.07573161328677866,-0.041040891648521483,0.99628327696578189,-6.1142991992198015,-9.3852117183442871,-0.32974548436485629,,0.1174098939863261,0.3466666666666667,False,5
0.97912574888370685,0.18461291820708728,0.085034336029540886,-0.20022326628965742,0.94804786266156293,0.24721628938875423,-0.034977299913265647,-0.25908168699062206,0.96522187498878809,0.36329627917721258,-8.4014472623277427,-0.61851498636279723,0.328991556369376,0.2758269555614816,0.253968253968254,True,2
0.98325003995320415,0.17678600365259098,0.044340363604377611,-0.18083257506514636,0.97663768767238457,0.11609654091852281,-0.02278022667425695,-0.12217011062647083,0.99224771369965159,-3.4144785638234763,6.0621816098003167,-1.4093336941501351,0.2055490502549275,0.1653907542796589,0.5714285714285714,True,5
0.99366851907066722,0.10893532745145312,0.027494883905062183,-0.11207241207399603,0.97830101132056779,0.17426102748770766,-0.0079150906390638189,-0.17623911507437803,0.98431556203179904,10.987842990966538,-6.0785261713335181,-1.1383665990328051,0.2176320870603783,0.2225163818537733,0.12,True,5
-0.98205750627050781,0.18473828673964143,0.037879015170038936,-0.18431548857598315,-0.9827616994689431,0.01439592747653845,0.039885524300761213,0.0071559394502176635,0.99917863141774443,-12.853318105625034,13.758239556748196,-1.3881295629442003,0.249109490890715,0.1726510926341673,0.4915254237288136,True,5
-0.41137882876281662,0.90844289102042175,0.074155060516411381,-0.90905578181957791,-0.41484238352884117,0.039030531235263108,0.06621967068877882,-0.051354752288071362,0.9964826363922763,-19.06986109079584,9.5064769124351223,-1.0413638057849881,,0.08415604162690346,0.5,False,5
0.92515523178116388,-0.37354495908410296,-0.067468219561493056,0.37818531289971019,0.89178651137278919,0.24838012650069058,-0.032613896039727489,-0.25530566322823062,0.9663101738617389,-2.9285307551259381,13.56225023776167,-1.6665895423058528,0.6715343653808764,0.2780688689584353,0.1904761904761905,True,2
0.71492065748816569,-0.69285945033473129,-0.093990614310917056,0.69647120155306619,0.69378468570266183,0.18327759080609812,-0.061776362015887307,-0.19649069180577777,0.9785576575397944,-2.0290896235044684,13.133806122531199,-1.673708794513481,,0.2812068337394368,0.4827586206896552,False,4
-0.30445043551190054,-0.94208194105602594,-0.14068243903460867,0.95062423762630965,-0.30984327184429894,0.017626846859818544,-0.060195441305914366,-0.12836963515151123,0.9898978460513268,-16.684717303465938,-6.9115860766656434,-0.053448833616823344,,0.3114660858197471,0.1333333333333333,False,1
0.22684780113743669,0.97276985677758288,0.047527685237470314,-0.97178378157972234,0.22284007974579365,0.077321282435713831,0.064624739672397472,-0.063726796591467988,0.99587275212170834,-8.5447746165015808,-4.4825300030105417,-0.57839283950986908,,0.08398420356138388,0.3560975609756097,False,5
-0.72108625808712046,0.64742030214658675,0.24674189098395302,-0.68912200494909404,-0.70705952994871946,-0.15867477242345907,0.071731936352335185,-0.28445346451945008,0.95600248735556437,-4.2590645282171007,-21.4255346765834,0.64091855779194007,,0.4197301865245323,0.35,False,1
-0.12628225797139683,-0.94451170192429124,-0.3032333033321451,0.98963658725977599,-0.14101485901490815,0.027096765375777883,-0.068353613499726504,-0.29666893073775824,0.95253101212319891,-15.164867658432161,-9.3348968734480895,0.060694875455264266,,0.5738895817682261,0.1621621621621622,False,1
-0.93693007494246272,0.34560017802480714,0.052178076023679937,-0.34536683780295757,-0.93836759670693803,0.013711338243617047,0.053700856737084843,-0.0051740119507870958,0.99854366333477684,-16.670064590484358,18.174386416633251,-1.5099444534705289,0.4095558076479931,0.2797659655241828,0.5686274509803921,True,3
-0.0016884599274589983,0.98653181626656494,0.16356076729114188,-0.99807500337578914,-0.011802571165114663,0.060885030593010453,0.061995457410142396,-0.16314311143191459,0.9846526740190279,-25.590948249956877,0.94300153727987013,-0.1896400616646402,,0.2628614174222969,0.3571428571428572,False,4
-0.24668551595302576,-0.95328182351435853,-0.17435601846833701,0.96669626433236588,-0.25471182840640261,0.024904156193657184,-0.068151219687106482,-0.16240581709719917,0.98436769645704691,-4.1116575728007279,-2.2249669811735417,-0.93220064646881395,0.4815659367350135,0.4272399537768899,0.5087108013937283,True,5
0.72060434631556103,-0.69194729096786534,-0.044026385195187367,0.68727886161177054,0.70447442275586802,0.17709758345165283,-0.091526730809919535,-0.1578756922550735,0.98320807733776783,20.48383482583338,-17.314551275675022,-0.40339640304502994,,0.7512326566954993,0.6896551724137931,False,4
0.70802699645284251,-0.70500397707643159,-0.040830927008599929,0.7031792130604736,0.69850428795241559,0.13278084964234271,-0.065090449480860124,-0.12272388528116125,0.99030403481348905,-4.9713814730269972,-12.14401940395595,-0.14708767442744639,,0.07592826826103591,0.3611111111111111,False,5
-0.44298829861279648,-0.87084759289007674,-0.21303952039399104,0.89413679336681506,-0.44649388327350714,-0.034097022554108541,-0.065427532735474442,-0.20559105563449376,0.97644843991029306,-5.6819645931692939,7.6451651725296914,-1.3623754161043844,,0.5478242646202636,0.1308411214953271,False,4
-0.98368411057373539,0.17298321710393738,0.049420412838549255,-0.17640216642735057,-0.98136724108098561,-0.076161760830703154,0.035324867791654696,-0.083636981852933889,0.99586997594165649,-29.319895667613537,17.349537675004267,-1.1259671100973583,0.3345717755028188,0.2657965486015139,0.8043478260869565,True,4
-0.91200349007377346,-0.41017514645741543,0.0024460829698560727,0.41014717396367489,-0.91183066713310934,0.018550745677748594,-0.005378641358997998,0.017921598818944805,0.99982492793133793,0.49671535580030102,10.192370394686506,-1.6460643058342213,0.3631819491447679,0.2603257805222769,0.6120689655172413,True,5
0.8228264421791126,0.55284372156517425,0.13160723983441069,-0.56826772017484684,0.79824930759872326,0.19967433767372655,0.0053333158678068593,-0.23908547100174798,0.97098387901021688,2.5714381602183325,9.3351168070480046,-1.6752532062307941,0.8086768124367478,0.8617024796732057,0.3235294117647059,True,5
-0.37806151505766927,0.92306334662257983,0.070876998767042149,-0.92237928032287408,-0.38212358967068655,0.056551087065114684,0.079284008875416589,-0.043995685460194139,0.99588072860033361,-33.870553871202226,12.651353248927881,-0.6982095523457964,0.4309476659072936,0.3897890373488743,0.6363636363636364,True,3
0.83496625766788912,0.54654696406817205,0.064169810845493197,-0.54909246583873716,0.81972432956090269,0.16294013466628118,0.036452880753343214,-0.17128467413576373,0.98454697596965368,-26.684281652239296,17.547523982285565,-1.2156042406717353,0.2830139062555875,0.1856725623527718,0.2352941176470588,True,4
-0.67262313849179622,0.73219319726618259,0.10710385353745352,-0.73833366315440552,-0.67371975451659383,-0.031065965735814979,0.049411693134766316,-0.099974067893763341,0.99376238122115002,1.0980372352200307,-15.170514225997689,-0.0690833636465948,,0.1162954402314497,0.5384615384615384,False,5
0.28345848330715334,-0.94452095449000184,-0.16592605211510017,0.95603438805831464,0.26476327654817805,0.12608987366730001,-0.075163402605064322,-0.19437225604691541,0.97804390953988385,-5.4290230885760469,12.844024973294941,-1.5689165799616205,,0.4630000571931602,0.3297872340425532,False,3
-0.94167512304895784,0.33454739246918508,0.036414349133286769,-0.33311665476535296,-0.94202693875221954,0.040231094728632108,0.047762505678329278,0.025754394910240772,0.99852664170473515,-7.5788804808344938,-16.161944469848059,0.32631102835084974,0.1264114840834794,0.1074554604071304,0.1875,True,5
0.99585553537326965,-0.088847945734723016,0.019436954626146849,0.086757582937890321,0.99214371722970474,0.090133047016062715,-0.027292388484598799,-0.08807319058796724,0.99574004570995445,-18.747280811043204,-0.35013933802164504,-0.39950255271719459,0.6111377596068889,0.5602869021866226,0.9738805970149254,True,5
0.15827089866979946,0.97926700630276897,0.12643754585196226,-0.98522421511354941,0.1481349015314587,0.085961019666798186,0.065448976983179169,-0.13817445970611938,0.98824301166098671,5.345252405523464,-5.8344357946569723,-0.98449762042649192,0.5137632593183852,0.4363454682408802,0.6065573770491803,True,5
-0.30774933168109175,-0.95086095689606909,-0.033967477099973747,0.94789648877938704,-0.30948897484653642,0.075556740322442015,-0.082356514068738909,-0.0089451159375260013,0.9965627875308779,-13.35036470310531,-12.192282908933031,0.20699472627301632,0.7067440594304044,0.5852392296199459,0.9419642857142857,True,5
-0.92288588705875041,-0.38500909285683282,0.0070454159098648286,0.38505347627189818,-0.92249648132584994,0.027093585077530846,-0.003931905226612107,0.027717149185753534,0.99960807307779609,-22.929675157475547,1.4621093139954746,-0.33346836015346965,0.3218137617575374,0.2660636753573913,0.45,True,5
-0.9660183244713143,0.2522314717013297,0.056461327198502637,-0.25513203646909993,-0.96551321012430069,-0.051883379251919742,0.0414275361657548,-0.064525388482751342,0.99705578253595506,-2.1331673572369065,10.972819431143961,-1.5964490761218664,0.4099323946292749,0.2342126232896495,0.1739130434782609,True,5
-0.41343658354507323,0.90560948824221399,0.094560278088927724,-0.9061601012494227,-0.41939200199532628,0.054628010818539532,0.089129469258017791,-0.063101533008555963,0.99401918202907769,6.2142675901983688,6.4786799544514055,-1.702130185920109,0.3149189583363806,0.2783944986615569,0.7474747474747475,True,3
-0.19197759432874845,-0.96712259244218446,-0.16678877199516762,0.97822362013610598,-0.20223359666968246,0.046691770001321888,-0.078886958894094972,-0.15419294265936334,0.984886482875305,7.8031322978866715,5.223713430016578,-1.6826932308233271,,0.553127073893762,0.5522388059701493,False,3
-0.48367639291054593,0.86579520924639186,0.12828017222876278,-0.87185772036981957,-0.48948615300549914,0.016353025635019225,0.076949739262622968,-0.10393248607569711,0.99160313430602898,-0.022951207596810734,-14.073862214791093,-0.12191099120391953,0.3196529808163799,0.1309524912527372,0.3125,True,4
-0.5815940034120356,0.81074541857427407,0.066635436938524611,-0.80984141492819417,-0.58478549034832261,0.046720583741790736,0.07684593588644234,-0.026791725194517894,0.99668295139369167,18.691136804931318,-4.7305717274157404,-1.3646395143689589,0.7057835892872782,0.6406299537388183,0.9624060150375939,True,5
-0.59325750634057417,-0.80501274250519539,0.00012479915049143711,0.80410521268564883,-0.59258132496620675,0.047562382541913119,-0.038214370364193839,0.028317092109880732,0.99886826168024245,-14.571004838563898,-13.206245846883206,0.31990378105798356,,0.08368226117519288,0.2666666666666667,False,2
0.72881814536489509,0.65816708147223024,0.18878613257652835,-0.68421981163858747,0.68966674845479325,0.23707177275468749,0.025833318565990648,-0.30195342180892853,0.95297259704030746,-2.2477091957755833,-16.919474052104729,0.19930603616729245,,0.09206875762517111,0.2857142857142857,False,5
0.43120562535800872,0.87061459551182596,0.23683735926029229,-0.90013677688044957,0.39713758804246413,0.17898468948792862,0.061769665426363723,-0.29036522216958777,0.95492017791411332,-2.8551817830069606,-7.9455170868328411,-0.54199190686646426,0.6028204219650777,0.5805121644335838,0.8556149732620321,True,5
0.51686605589434487,0.84807795773282724,0.11667586670747909,-0.85396423811557076,0.50124035908201447,0.13965379496106181,0.059954651895554233,-0.17181932381152779,0.98330237449170865,1.6328035149026301,-8.6375179414355312,-0.64458414159466881,0.4293845154663288,0.2032813083097113,0.3939393939393939,True,4
-0.72444159779542572,-0.68889087383139824,-0.024773682314584558,0.68900943368890133,-0.72473685027342838,0.0047432207887427719,-0.021221962004278821,-0.013633114375067375,0.99968183264533028,17.020225584319395,-21.255350152724244,0.0064860761665330793,0.497669572123532,0.4061950274584701,0.4444444444444444,True,5
0.98488517322423141,0.16763512052349983,0.043585111335734464,-0.17243186936783672,0.9727227675848602,0.15516980327487773,-0.016384321450397997,-0.16033990080177379,0.98692586865553789,3.9588955057893589,-6.1977407756338483,-0.90914709257298854,,0.06858110853089569,0.1818181818181818,False,5
-0.74935658394074178,0.65954249215377125,0.058893218185582533,-0.65993918055593692,-0.75116512556777959,0.015206317696930968,0.054267744303779612,-0.027470987866005495,0.99814846428466997,5.8577783157295045,13.509221545478677,-1.8827434409538713,,0.1093631260241864,0.2272727272727273,False,5
-0.65085932156073911,-0.75919428220002749,0.0024870489098422488,0.75835148267071772,-0.64997512309090555,0.049349448771864438,-0.035849299416014821,0.034005605975305588,0.99877847718782642,-2.7835617912229904,18.88156165660677,-1.8738201845401865,,0.5702580542878792,0.5789473684210527,False,1
-0.9963634855592628,-0.084946036776103684,0.006631401076138712,0.083904501924651084,-0.99172913748230862,-0.097125446847749389,0.014826975449362699,-0.096215844353368343,0.9952500550587251,-15.876056432955153,8.6332288389667564,-1.064088404816979,,0.3490549584694159,0.34375,False,5
-0.66414364937783466,0.74492364631845953,0.063261158278214435,-0.74357418419140031,-0.66696881038362088,0.047434571564944183,0.07752835349202282,-0.015535994691910256,0.99686909234550336,-19.627343499268317,13.702064866241322,-1.2246702368121429,,0.102621944507929,0.4516129032258064,False,4
-0.88490352223245161,0.46295231429996403,0.051194833967010758,-0.46163055577266537,-0.88634593542763995,0.035890287375883595,0.061991824603108911,0.0081263420559737811,0.99804357432286905,-1.9491123670824382,-3.9772742212223515,-0.87431025273817287,0.4739566977509284,0.374964814928381,0.8456104944500504,True,5
0.98843774789564831,0.14189176437321732,0.0534560168553046,-0.1499957917802599,0.96659871220424409,0.20781768936572795,-0.022182898439837444,-0.21343302642316789,0.97670582175425535,1.6214608465157969,15.386429733435538,-1.8354786099978382,1.049950590280625,0.7965702806384287,0.8127853881278538,True,5
-0.17619083399844698,0.96622156829150196,0.18807623715728208,-0.97914100194345921,-0.1916701036655562,0.067420098442480786,0.10119134512442519,-0.17227435191909876,0.97983766989372478,13.100701099765338,13.533063843377272,-2.0263031349832819,0.6620967766812877,0.3534596105183727,0.3448275862068966,True,5
0.82354385504347716,0.56437428972143056,0.057071708591559168,-0.56706723173548546,0.81652538396531216,0.10826380758200835,0.014500810735354364,-0.1215234892592021,0.99248262858666048,19.234218012649006,-7.9586588324088243,-1.1314854229363214,0.532578803665564,0.2565414662325632,0.3333333333333333,True,5
0.19379278793578436,0.9783384449493473,0.072789027182460664,-0.97774206370578165,0.18652757305316281,0.096062070304858194,0.08040405589542475,-0.089785030071777128,0.99271034857634832,9.2601455624285443,18.216840458662553,-2.0836935743847653,,0.1963251320683543,0.1785714285714286,False,4
-0.99907331512954356,-0.015697781536313363,0.040076060820677092,0.014033506967936017,-0.99904091117464477,-0.041476722164569532,0.040688716841961486,-0.040875878634889069,0.99833541000386294,-3.8630326283179826,11.712884253148346,-1.5816172173893297,0.3554662967858337,0.3234035254248673,0.4714285714285714,True,5
0.95325121396111789,-0.30201524366192484,0.0099456361025428708,0.29741068966563139,0.94352483626618566,0.14597179529444046,-0.053469661998833851,-0.13618985257608843,0.98923875748023271,-11.569040530559091,-12.250616305686849,0.13940505282033841,0.6468262168970803,0.625986075095161,0.9027777777777778,True,5
-0.039719902007820537,-0.98454029899864481,-0.17059521983968148,0.99695013861826021,-0.050526367321800499,0.059476947755369228,-0.067177008667560975,-0.16771250953021546,0.98354448992079491,-12.688494676317411,-9.8361281475282993,-0.010817067904963368,,0.4604245380488385,0.6792452830188679,False,3
0.51606361377095045,0.81237240057486326,0.27153163595776925,-0.85528595781650218,0.47150687792008616,0.2148655264018936,0.046521789556906792,-0.34312147536738097,0.93813825006666074,-0.42614036630067703,12.710816011148742,-1.7048437562926002,0.818962619443554,0.7014312044925393,0.4565217391304348,True,2
0.59311648685911889,-0.80171750231284222,-0.073904529638952249,0.80167342749507786,0.57960612582448423,0.14620688956073949,-0.074381104214651717,-0.14596501427393541,0.98648956707297175,1.0224459238808783,11.82644951770574,-1.71110766859243,,0.08773747412387131,0.25,False,2
0.096330556198017073,0.99425290892779783,0.046707355215146684,-0.99246368583158695,0.092374804416817502,0.080515388681525676,0.075738076607233154,-0.054111446086460513,0.99565842293141382,1.3818482032747093,-13.222100948444378,-0.23913283918673187,0.1825937002360925,0.1777295040132962,0.7868852459016393,True,5
0.98621028939618471,-0.16257833198694838,0.030944321893282944,0.15903354354504873,0.98272461895453544,0.094660738049988466,-0.045799531838203546,-0.088434208703448147,0.99502853909543543,-15.69183987874791,12.084780704928932,-1.2421338003254105,0.1696425611393856,0.12815765822034,0.4444444444444444,True,3
-0.33879481130850608,-0.93629457484087264,-0.092577237774644883,0.93978076604539273,-0.34147608628003634,0.014359466215828259,-0.045057603149392854,-0.082137394787139911,0.99560195900571291,-24.250459765819439,2.5653732164590655,-0.35886815728987354,0.2532352499969751,0.2847480264855998,0.2678571428571428,True,5
-0.19159615500739169,0.97444067498077824,0.11728718740506167,-0.97873042672034194,-0.19862021371470828,0.051349415924058832,0.073332565741298955,-0.10495418832485967,0.99176960689207916,-8.949686293038333,-14.76294607325306,0.24249921264402532,0.1868072697645882,0.2044543483965765,0.425531914893617,True,5
-0.0065898745608086564,-0.9849741611946804,-0.1725759987139272,0.99759385856247307,-0.018386365113129792,0.066846353201682973,-0.069014975995868283,-0.17172024736985231,0.98272533789026095,-11.89873140925984,-17.582145261800704,0.56934722536815496,0.4811386936529183,0.5214713589019273,0.4285714285714285,True,5
0.62319234214384334,0.77996478382134771,0.057325741964590213,-0.78049425405559181,0.6156160790059787,0.1088373219787737,0.049598629814519082,-0.11256899780945166,0.99240525827541815,0.8879080482603865,-6.8027135188862999,-0.76329128990231487,,0.08620497535794817,0.4418604651162791,False,3
0.1033228052663713,0.98454338395871144,0.14141684134153415,-0.99223580239144105,0.092129503816178959,0.083547992071610219,0.069227959413091886,-0.14895126595539152,0.98641827335354337,-2.6332626195457638,-17.47034299716994,0.25835380794893403,,0.4660723514253118,0.3703703703703703,False,1
-0.57770739415394645,-0.80833260033522869,-0.11336919323672262,0.81515382919500867,-0.57851977460230608,-0.028967311625566608,-0.042171097787138873,-0.10914796209451474,0.9931305658784465,6.1739950265105144,16.621895596839515,-1.9660152021951653,,0.4826720327083577,0.1666666666666667,False,1
-0.44746393737871004,-0.89087282245772159,-0.078240903316338872,0.89281647948682163,-0.4500482931577699,0.018310319017904829,-0.051524350576222552,-0.061661560408350483,0.99676631828413409,3.1128096120550581,-20.739095416647199,0.35197913961642857,0.3146415532467439,0.2825372495923674,0.3333333333333333,True,5
0.64152785022913961,0.76044328649129322,0.10083662732708883,-0.76594287781171755,0.62778532745297355,0.13862572114968344,0.042113243877500872,-0.16616735739935845,0.98519789079404274,-7.410438132318407,-20.841887576087206,0.69248156553258777,0.3160867024330273,0.2719015272899808,0.6666666666666666,True,5
-0.99634912491883765,0.076216434673208863,0.038463961823646475,-0.078475092971722712,-0.99504212705035422,-0.061096850804160371,0.033616678249730726,-0.063892256814193457,0.99739044434095281,-21.739363876496263,-5.8087941511861239,0.077513150844896322,,0.3210203467154427,0.8421052631578947,False,3
0.40337853444104682,0.91158122666834207,0.079406707135078802,-0.91341296510438508,0.39598327436319486,0.094201919321318606,0.054428973271691987,-0.110530147970795,0.99238126406041427,0.0098552490536599688,-4.1126689703252719,-0.93913280361961904,,0.07907097515586611,0.3173076923076923,False,5
0.96768984110785594,-0.25204229289987556,0.0071452086342518872,0.2450509585514227,0.94676579658693671,0.20876914074195202,-0.059383492063725729,-0.20027283640792967,0.97793884873617776,2.9559447576387661,-11.756532188537067,-0.44062696999505513,,0.3148890931603965,0.5333333333333333,False,3
-0.874195809833056,-0.4825501059556721,-0.054102507451105918,0.48548447224066288,-0.87072743834362887,-0.078348933169167925,-0.0093012517185727117,-0.094758236358173459,0.99545686162623659,-1.008541187603756,-18.545968751381775,0.28323336240166946,,0.8713859162264264,0.3888888888888889,False,1
0.33900771980058342,0.9347114080732668,0.106716210264892,-0.93798209360725349,0.32706917058176904,0.11495803463485083,0.072549004043908877,-0.1390695555204125,0.98762153719913992,8.7127206352000481,-8.7267592269511827,-0.82944279586136538,,0.3052119079420582,0.5238095238095238,False,5
-0.45969485547833078,-0.88766368397382012,-0.027089186048750737,0.8870302535727802,-0.46041992407313004,0.034508299916153569,-0.043104165615014997,-0.008165639627144481,0.99903721313878691,-5.2384721397660226,-26.426415036122187,1.0622527808846418,0.3462413281053319,0.3922238672051309,0.525,True,5
-0.89585911603298118,0.41764111495883643,0.15169819813217023,-0.440427555874983,-0.87981773184668066,-0.17872975900546773,0.058821868778506592,-0.22692875054541664,0.97213339101653229,-18.915513052589027,-1.9084228288379792,-0.28335799322376332,,0.1710554121914292,0.375,False,1
0.36161315958035167,-0.92657721817596905,-0.10339526863255351,0.92892338622689874,0.34860090025064377,0.12481488238664781,-0.079606942781815557,-0.14118098704047716,0.98677792008091125,-23.196450412972421,-1.4904934099711382,-0.14196655280734827,,0.1500246334087795,0.3076923076923077,False,2
0.9589092137076074,-0.27877050819580634,-0.052726877651831691,0.27945463458646969,0.89598292677018088,0.34513722219500537,-0.048971696670649156,-0.34569003268331833,0.93706999430597793,-20.204583670464668,-7.2411918032397766,0.10257773503267852,,0.7339393542932766,0.4848484848484849,False,1
0.68604958239978764,0.71166292180486035,0.15123444124023211,-0.72571109186107696,0.65457483876115286,0.21183765390178641,0.051762743734074079,-0.25508364547532025,0.96553247080154725,4.6606890232258298,-20.28233993626267,0.27418022758312954,0.4655184691779917,0.2902088871691855,0.5,True,5
-0.89315528111727904,-0.4496582931637681,-0.0090035105021006971,0.44947330247743811,-0.89313015245924754,0.017096231401886902,-0.015728768939114894,0.011222751764528837,0.99981331040874399,-17.415842942809874,10.169132869181357,-1.1086374481256041,0.2719523543299979,0.2499772483716631,0.7346938775510204,True,5
0.039497478096057956,-0.99921951766048378,-0.00055204203013004341,0.99657164462410452,0.039352605370351471,0.072775885990993716,-0.072697361405075489,-0.0034246133967188036,0.99734816672405047,15.275217897974843,1.6253409622069503,-1.6638912634654366,,0.1600700404379321,0.4864864864864865,False,3
0.48187863062110542,0.85175539392360422,0.20568357803377238,-0.87499594025339,0.45525692622836816,0.16469133450544693,0.046637858986183105,-0.25933353050298924,0.9646610959637798,-0.028193425661077135,-12.456882218237967,-0.27022269353130335,,0.08214612945747526,0.1333333333333333,False,3
0.8483203621161477,0.50774268989016602,0.15016632139807259,-0.5292473410205869,0.80465978415780226,0.26910942715140962,0.015805544652714106,-0.30776613300072531,0.95133074802405759,4.2588676567557489,-3.0729464061046148,-1.1805936303116176,,0.5663879862373384,0.2670454545454545,False,5
-0.17366446505542033,0.92798735596830095,0.32966668127060844,-0.98011567984401837,-0.19549429070763444,0.03398876909534361,0.095989101990342371,-0.31720884203262856,0.94348536969865437,-6.4930623229074307,-21.120205845851704,0.67849883900002816,,0.3860251615289623,0.2173913043478261,False,4
0.99949136020331575,0.012985573078228705,0.029127234176248892,-0.017306014935741732,0.98801729162192009,0.15336992307206698,-0.026786614679200189,-0.15379598937526898,0.98773947522922889,-9.8682395285662103,-12.9957613633165,0.13398342400437518,0.4799886955716684,0.2854749643572288,0.4565217391304348,True,5
0.0075996804755827157,0.99023624870923421,0.1391920134164763,-0.9969450665752011,-0.00331783728406497,0.078035416235989752,0.077735314291747432,-0.13935983531139795,0.98718592839137598,-25.435211173693496,12.58234367242048,-0.98614428115477326,,0.2404969237344874,0.1785714285714286,False,3
