axis_00,axis_01,axis_02,axis_10,axis_11,axis_12,axis_20,axis_21,axis_22,location_x,location_y,location_z,dbh,dbh_approximation,score,reconstructed,number_clusters
0.27844214308211618,0.91962084508206798,0.2770694393944973,-0.95960206062862774,0.2542277081535218,0.12054939918680266,0.040421011777658909,-0.29944243803701315,0.95325776582691413,-9.4142036331198273,25.096424357314586,-4.0374002211424447,,0.2963550307965264,0.15,False,2
0.90475834895769214,-0.42508604394033894,0.026724244395390284,0.41622671692376334,0.89572776904585982,0.15629166285823987,-0.090375052476985615,-0.13028284233651174,0.98734934591688639,-2.8246119785868675,-13.24493693006724,-0.010587116839592252,,0.07134003102050272,0.2222222222222222,False,3
0.85072321949258667,-0.52494142544640721,0.026580136690090444,0.51745372657879141,0.84532035625607793,0.13294787004243747,-0.092258575026343242,-0.099347849243923397,0.99076655180961637,16.548726817150079,-12.20843752845761,-0.87265575079421431,,0.1683126628362098,0.2727272727272727,True,5
0.66323409236412134,0.69694358093872655,0.27274563922131717,-0.74766950234111973,0.63324009863127162,0.19999323177157841,-0.033329476367363553,-0.33656592589530293,0.94106988238457367,-11.750398086710979,-13.356882752827781,0.22232667849307844,,0.2619377875915926,0.4230769230769231,False,2
-0.39060729288876861,0.91111393503495297,0.13151935267188358,-0.91587848320437404,-0.39902159021659228,0.044140395832812693,0.092695990988626256,-0.10321418471385224,0.99033039200485606,-12.006899806524128,26.970549908658715,-4.1652818678882584,,0.5299770540748738,0.1764705882352941,False,1
0.41891228427189064,-0.90800540526485851,0.0062194932194926181,0.90318484544547684,0.41737514521738373,0.10027523678555153,-0.093646318901158612,-0.036389176475543461,0.99494029709912502,5.7832955749224251,-18.569800788861308,0.15977100195613603,,0.4116166764910307,0.391304347826087,False,1
-0.94418287205063944,-0.32712656926027905,0.038818961992909913,0.32808661839447056,-0.94440304361670446,0.021495628345957321,0.02962895470123824,0.033031786078056423,0.99901502799097419,-19.380393464144994,-16.907437285800203,0.73960618032964587,,0.1798714286471923,0.5365853658536586,False,3
0.63973542192154054,-0.74816996620129816,-0.17601219166074117,0.76332351093009998,0.59168767311376791,0.2593123891112063,-0.089865497273510592,-0.30024556476251874,0.94961928857843969,-9.4905720805384259,-14.151455010012929,0.25864481141105888,,0.4860198997174954,0.2105263157894737,False,2
-0.79089737109424851,-0.61051631061236356,-0.041847136968681038,0.61194764484570641,-0.78891091371894662,-0.056032581440901466,0.0011951418329018554,-0.069924278268753332,0.99755158610700156,14.048294420623559,20.47937886092549,-3.7066634209070797,,0.4257307176813629,0.2745098039215687,False,4
0.36791905434156535,-0.92822801922487486,-0.055030117011270439,0.92622920229999017,0.36061775111432925,0.10979208709177699,-0.082067254487602354,-0.091365102238817497,0.99243003976792177,14.293002340141895,-13.895453978363433,-0.63490385834112517,,0.1271702989149806,0.5,False,2
0.98996027031040812,0.098654830967665058,0.10122197159552906,-0.13063726652758315,0.91204171026607217,0.38873361486902636,-0.053968211024136903,-0.39805419613625576,0.91577305547672394,-19.09029684233705,-12.381050538799347,0.2191224741359544,,0.3538937893763975,0.2903225806451613,False,2
-0.85996612299896602,0.47715647172452658,0.18105239237725415,-0.49958057543036316,-0.85956194030920485,-0.10757564512724029,0.10429533041701233,-0.18296166883605799,0.97757225399963676,-11.571525531348808,31.38761900525267,-4.6947389891504629,,0.3348490006503725,0.1111111111111111,False,3
-0.99752243797603968,-0.042922278992542688,0.055737453300510442,0.038655507047214745,-0.99639666228116686,-0.075494656565054802,0.058777015144212422,-0.073153054352085481,0.99558721020797614,-3.2327433131074845,10.291231205168613,-2.3220146350494857,,0.2118056443256868,0.2530120481927711,False,5
-0.51176723353293563,-0.85834976630242166,-0.036468854802736636,0.85881006627555356,-0.51226673705260739,0.0052971854086823755,-0.023228619111446355,-0.028608893688019339,0.99932075053814562,-1.1230569002141488,26.636478623821947,-4.2301338860206013,0.5230375386596501,0.4205635034712808,0.8928571428571429,True,5
0.9017201509292937,0.42343796995959465,0.087184029526919699,-0.43145680246411772,0.89416897853511867,0.1196113098034782,-0.027309284419268415,-0.14547207093446479,0.98898537884164262,-6.7255778158719526,-11.818604648819004,-0.0014180620813083397,0.1325303944532158,0.1059882616113355,0.5192307692307693,True,2
-0.63458379487289818,-0.77198513976282379,-0.036638112261468972,0.77282812482657548,-0.63423746307047035,-0.02189817149837818,-0.0063322003876794472,-0.042211188366434962,0.99908864412270393,5.3582156662442655,27.456595382448498,-4.4126942999270486,,0.4037245374671038,0.375,False,5
-0.15116565902128534,-0.98028430802323208,-0.12724629258282633,0.98630535082192905,-0.15816331952896973,0.046755954654030929,-0.065959824686646629,-0.11843580454824831,0.99076852075967636,14.350843259423081,23.305594745031041,-4.0742631160280736,,0.5496183978062471,0.5714285714285714,False,2
-0.79591439859462587,0.58335101081065699,0.16193167786428264,-0.59689261503965052,-0.80083332059997303,-0.048838496372746482,0.10119029706886423,-0.13552708512695019,0.98559268106866027,21.062265186215949,20.030933977617323,-3.9401786920077164,,0.4967015957466814,0.1428571428571428,False,3
-0.95851122429525482,0.27143778023096615,0.087050355331253132,-0.28038415343683648,-0.95282306624253543,-0.11624513296341445,0.051390265629984118,-0.13582980490105626,0.98939845598172482,-5.2517485466731406,-12.693125994461559,0.033692053147197247,0.6992356130066099,0.6462839184576268,0.475,True,5
0.96780919903639706,0.21224667098136368,0.13526531306235748,-0.24441476351798952,0.92082266367461074,0.30388656672785258,-0.06005645373291732,-0.32716505424712644,0.94305686448087678,11.927291112407548,36.26697796763645,-5.526434645417142,,0.5008976780737047,0.5,False,4
0.80257092556385246,0.59084698574504324,0.082339230477217751,-0.59650935971988384,0.79656532395028623,0.098286664642526833,-0.0075161962559313379,-0.12799814106452972,0.99174592647404891,-5.0179573815986505,-11.698950876494496,-0.047848634690029014,,0.07104281457647015,0.3260869565217391,False,5
0.15913554559074183,-0.95111992932865697,-0.26466348097799364,0.98381969646399758,0.13042688912204661,0.12283172002147735,-0.082308462377973193,-0.27992803830234159,0.95648607433311772,-13.995891953320099,-15.849651750744009,0.49716407551380387,,0.5944761317070459,0.3555555555555556,False,1
-0.17747118121606881,0.97512625810795672,0.13278840531517805,-0.98310968791436104,-0.18179718352934796,0.021097999661692457,0.044713771555321982,-0.12680128078679359,0.9909198321883198,-13.332346173095669,-10.91140934696559,0.032941647395123869,,0.1267111619876026,0.1304347826086956,False,2
-0.92992560536214131,-0.36370749067321684,0.05436202461319975,0.36164852383562324,-0.93126653972739626,-0.044192501532230782,0.066698678392970029,-0.021435792785747504,0.9975428778194334,-2.7332853348447936,24.640960583041515,-3.9850967358824296,,0.5501178824429249,0.25,False,4
0.63423806936825677,0.73641326335867929,0.23545185689106035,-0.77303046367108774,0.59895280444416577,0.20899626859093468,0.012883074186350263,-0.31456484800099882,0.9491485567610688,-5.1197371276030994,-16.729017389902474,0.36398791669614594,,0.6449438428016586,0.3559322033898305,False,3
-0.92190849746355552,-0.38199424143582716,-0.064537754952868551,0.38600358806310675,-0.89156111575463504,-0.23689661643163712,0.03295379047843866,-0.24330880868603552,0.96938891643596059,-7.6252644660392566,-17.790797731184611,0.53508854392995386,,0.6637311277221237,0.25,False,1
0.96243793110807252,-0.26886125909470671,0.037773696171045,0.25063933984965114,0.93332576756815289,0.25706600886358033,-0.10437025478623999,-0.2379425034568817,0.96565532927879005,-5.0962593657314263,30.289062494754006,-4.6870711491587196,,0.309360307845198,0.2222222222222222,False,5
0.054117211412759575,-0.98881906520760998,-0.13895389059272412,0.99295406164476507,0.038599493088404248,0.11203709473421203,-0.10542086554411932,-0.1440379651871905,0.983940803957567,10.148976119128077,20.864612354922983,-3.7658815737581084,,0.5044392557803639,0.4285714285714285,False,2
0.66265843458751972,-0.7473458992708184,-0.048558273374485539,0.74675439407921618,0.65442122097806465,0.11870442475730973,-0.056935700517359328,-0.11492159229958772,0.99174157603174373,-10.149722005812034,-12.237823359951848,0.065390893508709788,,0.1798145710935118,0.3421052631578947,False,3
0.50291802285270015,-0.86399165110989584,0.024328771081341516,0.85841718819091339,0.50256520495568924,0.1027041663529482,-0.10096233608796351,-0.030767541017173938,0.9944143829970582,9.8076829480784582,-13.848338498297181,-0.45197120473265806,,0.08760359912161837,0.3,False,3
-0.068656509160308493,-0.99488551901467215,-0.074088378338495964,0.99531692460934507,-0.073372897876945842,0.0629335955061852,-0.06804780184632947,-0.069420615900803798,0.99526392215926196,-22.936092370914732,-11.810338198461849,0.13660252139301662,,0.2189465272713053,0.15,False,1
0.14426723812060746,-0.97365010140595565,-0.17661382742362952,0.98680283326573148,0.1282952940611472,0.0987951708358695,-0.073533205178183833,-0.18853593173168709,0.97930948641493709,1.9734360520335983,-6.6865111195964957,-0.6768105565923469,0.4448502389691002,0.3898233708751511,0.3490566037735849,True,2
0.153841331257663,0.95331581531351917,0.25984957392689728,-0.98635317070681205,0.13255395049211677,0.097656913966970835,0.058653793001721473,-0.27132712080080318,0.9606983533266088,-16.364503020042701,24.357565083611323,-3.8061041037803709,,0.4776990255823969,0.4482758620689655,False,2
0.76411523886261767,0.63618578070207432,0.10674996098555128,-0.64507973147547359,0.75363246011483775,0.12613585969417418,-0.00020439534063844411,-0.1652445687269323,0.98625259985908031,-3.975978501913227,-14.100842660509402,0.11318038815506021,,0.09226219362714941,0.375,False,5
0.99003330099003017,0.10201612278264453,0.097091573389146202,-0.12706247820697025,0.94435742931619537,0.30338782494887617,-0.060738699053294834,-0.31270074574216028,0.94790772443820182,-0.67440156364887704,-13.184489151330347,-0.052259492409399026,,0.3998091229415549,0.6103896103896104,False,5
0.61032443793298108,-0.77677962190799532,-0.15529809866918148,0.78301557618870465,0.56188992257236858,0.2667701676677674,-0.11996119334043842,-0.28441718284957662,0.95116569439412024,1.0822359881931565,-18.016102004604289,0.25219008454828246,,0.5008268238948588,0.25,False,4
-0.45708184299712401,0.86766242861147247,0.19554564372134056,-0.88309577971127695,-0.46890633385656333,0.016391885960103172,0.10591521448066096,-0.16519309926639819,0.98055760019301152,-14.541224071501006,-19.839918032457135,0.90026338606603395,,0.237604451307038,0.4705882352941176,False,2
-0.9468773734236996,-0.32154142107850836,-0.005861248079541484,0.32158992357055399,-0.94680638618591439,-0.011729796905983622,-0.0017778515466175607,-0.012991597607059003,0.99991402512190819,18.258856197224045,20.819030872522259,-3.8652191290498483,,0.5039528270904997,0.1666666666666667,False,5
-0.98128482159260588,0.17308951045424417,0.084380805179134211,-0.17501761950745212,-0.98443595908645998,-0.015958550042798364,0.08030524126054113,-0.030428010586198109,0.99630577856291402,10.30541752749274,22.360258414666756,-3.938741123226261,,0.100432788483397,0.2352941176470588,False,5
-0.84369359831027768,0.4987298641435346,0.19861932126967508,-0.52844735100073381,-0.83669962528111885,-0.14379545985441239,0.094469621522279237,-0.2262791631277738,0.96947059312989525,-15.658769406207798,-7.1099188416000505,-0.41956268055725354,,0.1113084097853039,0.3571428571428572,False,1
0.2176549751204494,0.96887112301420253,0.11796210745198818,-0.9722993293315294,0.20468346201318943,0.11286582547322677,0.08520754653652543,-0.1392602863974261,0.98658311694744327,9.310957916536502,-12.634603977398202,-0.52366684810912478,,0.6611092862956603,0.2142857142857143,False,3
0.56125448918745247,0.81757039625115868,0.12873245721517107,-0.82764326827693457,0.55444949661432774,0.087134242293105596,-0.00013726910225825631,-0.15544903627183751,0.98784390380229181,-7.3612403012823693,-12.960927823203768,0.11665187897180988,,0.1639938599117872,0.375,False,5
0.17804565204646666,0.95678003675623313,0.22993848536529973,-0.98381945640372026,0.16833734817330326,0.061333631976813047,0.019975559787788047,-0.23713814217607382,0.9712705485787384,0.41910133293977497,21.071056048848256,-3.6413524818974747,,0.5928713616961372,0.4615384615384616,False,3
-0.67430910103535924,-0.73787445849374422,-0.02912936256511213,0.73839237424873161,-0.67422181730055952,-0.014200096029706136,-0.0091617635969782237,-0.031084153173212198,0.99947478082705932,-11.828794184434759,26.040124538255323,-4.0879140378398056,,0.08914942393740824,0.3333333333333333,False,1
0.30831332424614533,-0.94890330574064863,-0.067271170992922291,0.94246388746969689,0.29508184202829296,0.15712583276054612,-0.12924672107174287,-0.11184463715197615,0.98528476200159765,-7.8621719409527655,-16.717478164914372,0.45104075331917504,,0.4564139818719311,0.4366197183098591,False,3
-0.88977076518406317,-0.45281866010570998,-0.057124832462225522,0.45588671536834857,-0.87578766429682831,-0.15862934727270936,0.02180110489003146,-0.16718620794065819,0.98568427181324059,23.530685845620106,19.017244198724804,-3.9117191701137033,,0.6178700097415396,0.3880597014925373,False,4
0.91977118614506603,0.3849533379520782,0.076366830082513076,-0.39241228024426744,0.90496426030167032,0.16447580335765399,-0.0057937423823262169,-0.18124738667413753,0.98342046824997653,-19.949235142353881,-25.056727899516105,1.5186343610982163,,0.1183793163343625,0.2857142857142857,False,2
0.37970533660456579,-0.91435316849550041,-0.1406489979212508,0.91989152845192967,0.35705337393164971,0.1622111711516753,-0.09809909906001206,-0.19097426901617953,0.97668080524670386,-7.3468485080414716,25.884566464008135,-4.1754771413955343,,0.8422897680125209,0.6756756756756757,False,3
0.99518349519783333,-0.081036932326150585,0.055161820899883335,0.068785351968765091,0.9781782424081733,0.19605076239023,-0.069845445380189622,-0.19131215768587262,0.97904099611876261,-0.03374028828112792,26.01210457270707,-4.1872269463164278,0.2150757427592294,0.2001161604049347,0.5555555555555556,True,5
0.27949991846622818,0.93781933874088863,0.20585111964955605,-0.95630090405592216,0.25273999796886465,0.14700705536989167,0.085839247895119625,-0.23794407181163901,0.96747829030449062,-6.5576923862706247,-10.484865788497425,-0.14118852912983745,0.833123896000891,0.7661936698537846,0.856,True,2
-0.87076532903647386,-0.48867857369528378,-0.05441501042125596,0.49112670230790184,-0.85907256790192099,-0.14418351278341918,0.023712950642378806,-0.15227466857473007,0.98805370364281797,0.23678767008095164,24.119007461195086,-3.983227817734238,,0.1759269302832826,0.4482758620689655,True,4
0.38476365513031213,-0.90707604096234562,-0.17079222933974553,0.91438373869577139,0.34933745521110682,0.20461114533517605,-0.12593374488002415,-0.2348965693634239,0.96382793775745501,10.969263496931326,21.105307649859366,-3.8137510038871376,,0.6095898866567494,0.6266666666666667,False,3
0.94780136685625371,-0.3175343998543711,-0.029059833009520405,0.3143795866884464,0.91536412394401834,0.25154322902793758,-0.053273299682097708,-0.24754883458688329,0.96740970123089898,12.086297336347366,24.70596938358501,-4.1946266190477042,,0.4366995112025326,0.3529411764705883,False,2
0.87182069827055642,0.47804917878030967,0.10675978987667525,-0.48965885600632325,0.85625101498093437,0.16452478256694331,-0.012762241245918168,-0.19571198739881221,0.98057837177187912,11.216821506447463,28.577941148479482,-4.6257533453545969,,0.1383679367711302,0.6,False,5
-0.98681571754302577,0.1467477413164778,0.06826302094512178,-0.1463273422233772,-0.98917343277744674,0.011145797644130845,0.0691595873894916,0.0010101018727439416,0.99760509780489859,2.676415528624196,25.681513940670861,-4.214681824368772,0.2080706906451736,0.2304379626403955,0.5652173913043478,True,5
-0.75731695818369316,-0.64944723440118601,-0.068478570195719041,0.65304288998499205,-0.75274295813567849,-0.083144589825187992,0.0024512624193619853,-0.10768625123849462,0.99418190619561786,8.7422965127604435,21.599746457016337,-3.8274561814204109,,0.310529571668781,0.1111111111111111,False,4
-0.83277890783509334,-0.55354133338771305,-0.0084429198943945516,0.55340690531669401,-0.83197433489337591,-0.03949054603985909,0.014835356847415458,-0.037559263971478893,0.99918427423430378,-19.901817224270605,27.09580376392131,-4.1270331505791393,,0.8832392498274564,0.5116279069767442,False,1
0.53813970749581552,-0.83390539475962699,-0.12250488891105492,0.83691722815687442,0.5114509919476854,0.19490365838009371,-0.099875965229547406,-0.20741184977363381,0.97314187873246294,-5.326962115867242,-15.715637419735945,0.28684254516541563,0.1375226038265431,0.3637928822353358,0.3541666666666667,True,5
0.94789696240372789,0.31083827717217255,0.069791934422402405,-0.316703896752286,0.94315464933428805,0.10078665199833518,-0.034496238167408752,-0.11763873887351843,0.99245712082111925,-3.4500453407958296,-15.088286301426571,0.17080457621326026,0.1949676422867174,0.142155410602913,0.4788732394366197,True,5
0.12330749605121054,0.98658647840918168,0.10696907047250093,-0.99030974693134388,0.11539500688358313,0.077269641639630071,0.063889487009677337,-0.11546043914046056,0.99125527511490874,-8.8837259500944104,-22.956652289687863,1.0802799388942539,,0.1529578541271492,0.2592592592592592,False,4
0.37369544938162186,-0.90984795216753811,-0.1803563557183526,0.9229684453438991,0.34544645072878144,0.16969383777366198,-0.092092127844534327,-0.22987704020937982,0.96885271655378125,-17.658444480010978,-6.8753026904958023,-0.42357768857880895,,0.1661121429804583,0.5625,False,1
-0.63604269912217504,0.75842844842007606,0.14225320214496034,-0.7693399508534996,-0.63753258423426251,-0.04084414352534009,0.059713691178104912,-0.13541969083814753,0.98898725088809281,13.143345469032663,24.039769792428711,-4.1481124323570482,,0.2825548752910372,0.4,False,5
0.63946827409429441,0.76034233263705919,0.11384139680669678,-0.76781805936003389,0.62404920411212017,0.14497592409645454,0.039188699231480328,-0.18011698433813877,0.9828642417981639,-1.3705286508501602,-18.544443274652519,0.41842250985356616,,0.1537763459877512,0.2,False,5
0.69670627650608552,0.66280617606516912,0.27438720313982234,-0.71735554717327021,0.64435249629582692,0.26497335612675282,-0.0011761023612474261,-0.38144178256610134,0.92439211555271905,2.0545241878762264,-12.506539192542048,-0.19272809698187227,,0.2619763395887825,0.2063492063492063,False,3
0.68414458786404231,-0.72916643764202627,0.016201515755542004,0.72278304717658126,0.68079410198204726,0.1187605044642138,-0.097626070342282933,-0.069539175454525273,0.9927907400185747,-5.1969717582462227,33.501865349934477,-5.0154615959049407,,0.1120802048255577,0.1875,False,2
-0.43625559223859445,-0.89927328945636964,-0.03144215499731056,0.89907563211481278,-0.43705082751112212,0.025486896813754156,-0.036661505396047324,-0.01715007411545065,0.99918056875618433,-28.624723742866603,28.989266864109769,-4.3082989067204434,,0.2432612075673368,0.3636363636363636,False,1
-0.29589515910326269,-0.95130256753583575,-0.086426152401816642,0.95449926239225669,-0.29797417154012273,0.011939480207113107,-0.037110819337401728,-0.078960864323440821,0.9961867139213425,15.921982862530761,19.771360578654605,-3.6283445816022328,,0.3710890523345038,0.5384615384615384,False,5
0.46780650495317128,-0.8833827446948187,-0.028142499870270524,0.87556251871490987,0.45884983929307593,0.15115257458053,-0.12061239465785775,-0.095350675698539361,0.98810976055230348,19.546124032994047,21.946252094489839,-4.0316001822103908,,0.2745666704524714,0.6071428571428571,False,5
0.87307265756243124,-0.47875317679236301,-0.092409579200941283,0.48639721624019422,0.84190286033052353,0.23370349120429063,-0.034086399790307663,-0.24898789022461382,0.96790658013613706,-21.915438662635818,24.989747113954234,-3.886939074597584,,0.4557811820835732,0.1578947368421053,False,2
0.91304011544202912,0.39927410187327306,0.083294292522945415,-0.40692518133856315,0.90561874965709954,0.11944277735422026,-0.027742465394846906,-0.1429505923135807,0.98934093404195744,-14.607851232728503,-12.295413286476819,0.21136281691364783,,0.1305424721869875,0.28,False,3
-0.79498992247433575,-0.6064018433538011,-0.016365437402092523,0.6065913204538107,-0.7943854223171094,-0.031603334636876326,0.0061638554778633455,-0.035051464836440289,0.99936650018822837,7.3364793676405622,24.019254921861116,-4.0565073134083072,0.4486707735911724,0.2331635005246631,0.15,True,6
0.91747193691870432,0.38731738587695369,0.090722034611687097,-0.3959176272087776,0.91122880432226483,0.11362789551332655,-0.03865847167196948,-0.14016885806361964,0.98937263647077323,10.16618597122446,-12.971917234928771,-0.53036735378827726,0.8270633068484737,0.4941004718101151,0.7920792079207921,True,2
0.92161360346143162,-0.38394354441129758,0.056707324215900953,0.3782071663983847,0.92125626123443749,0.090808812464720071,-0.087107434813235352,-0.062243520475933581,0.99425250261642417,10.948324859379547,26.532501421883978,-4.3477747213253695,0.7953348195745275,0.633900637989492,0.9690721649484536,True,5
0.77127503980536238,0.63033580507544396,0.088383176075137931,-0.63648466903969447,0.76480747042145436,0.099783762531624826,-0.0046988350330115641,-0.13321526199136899,0.99107598847005884,-17.692704046239996,-9.5297315923582406,-0.16705712271223583,,0.06292821545612114,0.2307692307692308,False,1
0.3811925428293495,-0.92348634637783877,-0.043188115784382468,0.9200010101199112,0.37432424590996627,0.11610125021841464,-0.091051560500841733,-0.083990040943231592,0.99229798264065638,-21.198233327252368,-14.081264409225115,0.41006633912092416,0.4562018482545774,0.2885046320938993,0.4848484848484849,True,3
0.96103476922737685,0.26110191552646989,0.090763219667936185,-0.27293628987996654,0.94830817913742693,0.16191781572024888,-0.043794451733531914,-0.18038122709823728,0.98262132019811865,-15.508601861080509,-12.281462895909673,0.2199464399594819,,0.0732019178940169,0.1666666666666667,False,1
0.63760962728479853,-0.76624202595205149,-0.079543201209384809,0.76410102035200322,0.61591406263990944,0.19183195286351568,-0.097997927992222775,-0.18309294117277677,0.97819904978584704,13.944400496427065,28.158872067408645,-4.5995728815976031,,0.7178012632629762,0.7096774193548387,False,1
-0.94021139571646506,0.31876732712258271,0.11995800316786749,-0.33107949725509184,-0.93804599460401883,-0.10225496811731816,0.079930581520551922,-0.13585692167306851,0.98749886023797773,-7.8203008118581279,-26.197979000587026,1.3205386633938898,,0.7027745696486893,0.782608695652174,False,3
0.43624610081039455,-0.89386211062084475,-0.10344016011287002,0.89570724734971785,0.42038168093925748,0.14487156165333681,-0.086010851483515283,-0.15585175496969372,0.98402863977627619,-15.708782772014791,-13.865237760337163,0.38873049374026153,0.5251534544510406,0.3947638142826431,0.9142857142857143,True,5
0.9576666044040173,-0.28638411571848582,0.029305512679692218,0.27681424093462909,0.94402480501416219,0.17941862649612958,-0.079047775585805918,-0.163711043555752,0.98333623109942525,8.3644030228449271,-9.8509403339922006,-0.71980392351344225,1.084856247195616,0.5206281221249148,0.6967213114754098,True,2
0.44266609310337079,0.85915640810950855,0.25670410285183753,-0.89634152090814267,0.41603474730879847,0.15325458207761222,0.024871829701029122,-0.29793515307206253,0.95426203772928697,5.0633646881558851,-12.271519989048784,-0.35356880126358586,,0.351577099261475,0.4444444444444444,False,2
-0.96044908540477536,-0.27841150672186116,0.004958555232660318,0.2776948632965297,-0.95898851870643531,-0.056803027102090148,0.020569813899348567,-0.053179450110943098,0.99837309100458327,22.451175872010602,22.35199348443486,-4.2224481472800575,,0.2994587159541736,0.5925925925925926,False,5
-0.7803515833391067,0.59792894212139036,0.18311850412709549,-0.61780526114080137,-0.78247649725724733,-0.077763683984083593,0.096788768392291211,-0.17381458918521464,0.98001041979127934,-12.777542784935219,-25.7193568227997,1.4156959074908011,,0.3980133407573399,0.2777777777777778,False,1
0.68567644043259168,0.69401180321368117,0.21953458961126293,-0.72783709995459134,0.64952240646192205,0.21994044519734143,0.010048630025088733,-0.31059340061245561,0.95048974982932377,-30.090818345205431,28.967148423859264,-4.3063381432212253,,0.5788060753564563,0.3421052631578947,False,2
0.99568556074507042,0.041655262640761512,0.082916242185136824,-0.070017101634543943,0.923659966648817,0.37676235412923792,-0.060892278676963688,-0.38094239079503406,0.92259147258843188,1.9050929958189693,-10.10777776201143,-0.38556334542637577,,0.1659137506942181,0.5483870967741935,False,1
0.9967556400305102,-0.044694464843802843,0.066937275711630828,0.026310866645962484,0.96689600400219855,0.25381066908410294,-0.076065316430730695,-0.25122603817460426,0.96493499541647187,15.44325625804553,23.716119258175269,-4.1249085781850585,,0.3301747984640683,0.1578947368421053,False,3
-0.77514642389281996,0.62578049641697875,0.086872273081192192,-0.62430359167415705,-0.77978928954565707,0.046622841318693188,0.096917732891980996,-0.018095143381579012,0.9951278906939951,1.3489444482885335,21.748782725638797,-3.7238262199337089,,0.1677988270413803,0.4375,False,1
0.69441836110641797,-0.71956786157403307,0.0022874326324700336,0.71349983821080409,0.68896754826382312,0.12744292178262215,-0.093279797552479823,-0.086866622065716478,0.99184326853563876,-6.3492792151990507,-20.573887271582954,0.76209937465293809,,0.4128048214005722,0.3214285714285715,False,2
0.79877675818439953,0.586005960951129,0.13620831220657742,-0.60155170373116351,0.78153252191437339,0.16535557120428052,-0.0095518753423195352,-0.21401852938449784,0.976782898477211,2.9257320568727172,-9.9323985314103709,-0.43965023872769216,0.662418166176237,0.2090933302866179,0.1666666666666667,True,2
-0.80841446854329624,0.5836398558241791,0.076358141303937838,-0.58074134800807209,-0.81200824606870969,0.058155782431210112,0.095945472866771034,0.0026696460346066035,0.9953830113209805,-11.312678081784483,27.576986336028295,-4.2543333312041947,,0.08274916559716453,0.3333333333333333,False,1
-0.94847061014656409,-0.31595533249710939,-0.023994365064438493,0.31433764316411256,-0.92865834492481492,-0.19694040847813515,0.039941804894562491,-0.19433452155534536,0.98012180159081264,-22.041062510953488,28.100302644364252,-4.2174496828419299,,0.4155027204045394,0.4090909090909091,False,1
-0.42433573887119452,-0.90484652605302507,-0.034524556570837042,0.90549837035167491,-0.42416926746989803,-0.012374725229862604,-0.0034470287352731284,-0.036512967885748898,0.99932723427767955,4.7245220362732789,-15.547599639734829,-0.10527163211727981,,0.1732234800298809,0.4545454545454545,False,4
-0.99615135328349369,-0.071085132605597262,0.05127753186248675,0.062478379124539317,-0.98618868983928243,-0.15338943958124973,0.061473030618589247,-0.1495953607419836,0.98683448184132772,-16.692970558563971,-4.0619032889754862,-0.76425539427945743,,0.4088187859915333,0.2631578947368421,False,1
0.44246233467264362,-0.89620410256302996,-0.032330928616844154,0.89180714259234384,0.43592516745026211,0.12103416379163631,-0.094377448669229952,-0.082386011753543376,0.99212168721887761,-27.952655757947376,29.338354158904345,-4.3487357758828633,,0.1258442765531363,0.3125,False,1
0.91727739015768384,-0.39807741741805802,-0.011685856719890593,0.38815062693123986,0.88706736327579294,0.24990114810424224,-0.089113861539012323,-0.23376454554252221,0.9682008350176653,-16.147508588222482,-6.3297990731778233,-0.50092383441068933,,0.3457304377403365,0.2564102564102564,False,1
-0.32762953282454976,-0.91643019979702789,-0.22981422523670605,0.94363095385786167,-0.32952313232788405,-0.031227042481199924,-0.047111698573388962,-0.22709071790982627,0.97273341347808695,-11.508387196463119,22.527031110972501,-3.7034976263569095,,0.1636446150955866,0.4,False,1
0.2826739294175723,-0.95707724097146751,-0.064020343970289745,0.95167111860685782,0.27147045954322202,0.14361710067037836,-0.12007302626819742,-0.10152312253785634,0.98756039002835772,1.4147603902728456,24.762111748065429,-4.080088741598499,,0.1653450661901555,0.5357142857142857,False,4
-0.035763370495104564,-0.98524727872925677,-0.1673582417672459,0.99688161149669052,-0.046958302693920248,0.063419007149808554,-0.070342263189288781,-0.16456827630105464,0.98385428211941472,4.6812904246973837,28.127747347165744,-4.5013905090477211,,0.3513499992021672,0.3214285714285715,False,1
0.10873998394533603,-0.99366816257082402,-0.028270100542632133,0.99088747536211452,0.10607409268091655,0.083007819104080408,-0.07948350182310493,-0.037038757471636978,0.99614783209265378,-16.669055432059153,-12.842345503025019,0.30989091641490119,,0.1403051683244737,0.2941176470588235,False,1
-0.86737510843688803,0.46561396575275038,0.17568168988284893,-0.48885904719910256,-0.86326525304846791,-0.12565800750748388,0.093151775268551618,-0.19487621141422481,0.97639439213319745,19.635602648019532,-15.298323065988031,-0.75974220261458603,,0.1788368694349917,0.2857142857142857,False,1
-0.12394827904347862,-0.98117694210888529,-0.14808319417144389,0.99022189364973168,-0.13193189339554071,0.0453274402741616,-0.064011135428923088,-0.14101696273471975,0.98793562075783836,2.431305095278081,29.518631797545844,-4.6298764721762087,,0.3140572682872332,0.3809523809523809,False,1
0.20722813791301878,0.97143092744230697,0.11566525868073614,-0.97623863541207023,0.19768508856199968,0.088762224448316149,0.063361073111822083,-0.131310924788508,0.98931431579923312,11.937414883642752,-13.689774116369978,-0.5376879958093862,,0.1076032144174338,0.2222222222222222,False,4
-0.94298595505746852,0.32213155229119439,0.083718287027501365,-0.32154077013848426,-0.94666686309774262,0.020817863757609772,0.085959418931866621,-0.0072878893477715447,0.99627198342909873,-15.003336230549607,27.360432244212223,-4.159521084219401,,0.5183031764802515,0.9310344827586207,False,1
0.98907595187865027,0.14168430477500246,0.04067332290048542,-0.14661613325094827,0.97412010762416568,0.17202826916767361,-0.01524699596258447,-0.17611238940718976,0.98425197760096406,0.66830707928582433,-15.607485289011985,0.1088960446231242,,0.4152012438178172,0.7241379310344828,False,7
-0.45056236732926563,0.88126663074213696,0.14269785803245189,-0.88771693780916539,-0.45920489867259046,0.033007565220938409,0.09461602122984554,-0.11180333883877416,0.98921576107092823,-12.873173877944796,-15.277677058560146,0.40786075701029134,,0.1076613274387879,0.1666666666666667,False,1
0.79897140887068674,0.59008906226355462,0.11592923015403889,-0.60135961442951025,0.78505043189656465,0.14853428396234936,-0.0033618358645331817,-0.18838980326953983,0.98208858056882209,28.038840862093203,16.58581905776003,-3.9282426262073034,,0.3409417215802868,0.40625,False,4
-0.74047432868235219,0.62557717271766278,0.24566434323482289,-0.66496233612115785,-0.73500384091924709,-0.13264405517869426,0.097585142838005817,-0.26157705329124614,0.96023673387803521,-2.8042912002920111,-19.26562599500803,0.54715939011912318,,0.3543711896291593,0.1666666666666667,False,1
0.94171522958149723,0.30481467355402159,0.1423391764779541,-0.33241527758027389,0.90815193985749365,0.25448013157081628,-0.051696321005429313,-0.28696353238560779,0.9565455668577828,1.9658535481958515,-11.481102416760116,-0.27116214413213779,,0.1932413218440052,0.275,False,4
-0.51522600836941901,0.82515741181373037,0.23164068301700219,-0.85315858835757175,-0.51953670757659087,-0.046925820101451618,0.081624649533295457,-0.22180364110930154,0.97166895668186548,19.466912847379753,19.853319273731405,-3.8489837756987972,,0.4751975829194038,0.12,False,2
0.99127802782598329,0.1121292432012007,0.069245247985370156,-0.11966863233526001,0.98594770856480696,0.11656129036182969,-0.055202264305350184,-0.12383113015285151,0.99076665326434454,-8.2956968636284056,-14.907040477793506,0.32002457258502248,,0.07322657422124142,0.1904761904761905,False,2
0.89876094590936406,-0.43841415597175254,-0.0046679708312763329,0.42892093618019955,0.87699351654341207,0.21658532371128461,-0.090860291736308524,-0.19666062082785285,0.97625253269899237,-20.401539452362332,38.070178320161979,-5.4633650779343981,,0.1793792765973005,0.5555555555555556,False,1
-0.12196186420997304,-0.97918870610020836,-0.1622183143921444,0.99232935561020452,-0.12362212505451126,0.00014209589755327656,-0.020192911445985076,-0.16095666510836795,0.98675488257445609,-0.10643234685958512,-19.815778580581622,0.45625647175983453,,0.5431815882032844,0.2142857142857143,False,2
0.50478761512277626,-0.85843846017567726,-0.090955339094923357,0.85685955973151107,0.48547503564703032,0.17350989787397236,-0.10479102306677619,-0.16552159936010535,0.98062298648863611,-14.924134977856218,-11.380662427486792,0.11503571624426809,,0.3693718225013581,0.3265306122448979,False,2
0.98225362043680442,-0.18443025792607012,0.034107258759870952,0.17155851508440334,0.95697713661331973,0.23401375152201193,-0.075799083377202786,-0.22400946399805205,0.97163483830011022,22.516423861189502,-12.70141642067019,-1.1304625229909184,,0.1384280115036157,0.3125,False,3
-0.99229585354751482,-0.10999209213850886,0.057014723531762949,0.10959147935136955,-0.99392523841118641,-0.010115735408048845,0.057781023580306221,-0.0037894744043354038,0.99832208890605656,-16.9356295683349,27.829034049670017,-4.2194073676798229,,0.1255569332011374,0.2857142857142857,False,1
-0.81890725573578249,-0.57240906815484538,-0.041698503539010112,0.57371912480482412,-0.81449879315992613,-0.08624431444571834,0.015403646856428428,-0.0945493238216287,0.995401001118844,-2.534689653270334,-17.780211292684541,0.40703463431630621,,0.7561618199520334,0.1702127659574468,False,3
-0.92663831706805111,-0.37594353325633439,0.0028087620106986497,0.37289224751341066,-0.92001764677727749,-0.12049440386506489,0.047883202542088596,-0.11060736603474214,0.9927100329366928,7.3203973143922294,-12.636168429491176,-0.45287722140375886,,0.2050564220261367,0.3333333333333333,False,3
0.94816857498161788,-0.31299038131758611,-0.054894212991906402,0.31607248765888885,0.91111082641248275,0.26452834354580079,-0.032780115351390901,-0.26816801300049847,0.96281430236620147,2.2717194392741411,27.951481868068573,-4.4577998801992766,,0.4918908180631905,0.25,False,2
0.83020339944146726,0.50244956672734964,0.24146790356345738,-0.55730291572656709,0.75836779470931603,0.33807062586151576,-0.013258042031138426,-0.41523814955183086,0.90961612973730488,1.8630985441537018,-13.533580795633243,-0.10640548354082575,,0.3107579913234632,0.25,False,2
-0.58182261186747597,0.79820751814206403,0.15603591349813098,-0.80745498006726757,-0.58989014024776498,0.0067880485444596073,0.097462318278801502,-0.12204253528979048,0.98772805776476946,6.5398867556562301,21.440671884675428,-3.7080294133699798,,0.4614962712442501,0.625,False,1
0.85539396151925917,0.49960431536507965,0.13673587190265277,-0.51763143269750855,0.8341540485964507,0.19038046930731994,-0.018943877108797351,-0.23362908911079724,0.97214123369053052,-6.7976796452353829,-18.122123079600506,0.5380698155157686,,0.07660349479923173,0.1363636363636364,False,1
-0.11727347738691092,-0.9844647050746943,-0.13067584307658298,0.99288132795493023,-0.11898724881473698,0.0053575384229992279,-0.020823066537753218,-0.12911730744440875,0.99141067213252765,15.645734304860802,22.101587949792723,-3.9069677079469987,,0.1530579948481295,0.3,False,2
0.74177119146212578,-0.66800320940849756,-0.05955847325785265,0.66351821363862828,0.7180606334370695,0.2100773830705232,-0.097565771081169358,-0.19534748252256179,0.97586898781826026,-0.20463026260067757,21.86311030126647,-3.7016139210274837,,0.2024069864898431,0.2,False,1
-0.48474388996481049,-0.87074546094959315,-0.08261781513369279,0.87389088811461757,-0.48610472202432564,-0.0041127722887351059,-0.036579732257485495,-0.074192597079053041,0.99657281807534603,-12.039932434698638,-7.8937589601383502,-0.30510648561297826,,0.2964479254313707,0.4827586206896552,False,3
-0.64835909765071442,0.72293885861646234,0.23872554784915259,-0.75499497410478633,-0.65091539195539128,-0.079320499192030713,0.098046262397221889,-0.23166475609787113,0.9678421210156386,-14.691503801098579,22.795438221402122,-3.7005754366789398,,0.7254947331363968,0.3636363636363636,False,1
-0.31560967698562381,-0.93767326496607251,-0.14546264111756113,0.94766399119778177,-0.31926388792797022,0.0018787368649658687,-0.048202609681648273,-0.13725675951654562,0.9893619612593243,-2.868901830807796,22.627013065481833,-3.7365386086583108,0.9807892247347272,0.6438288489531505,0.2857142857142857,True,1
-0.90345115561683265,-0.42856142626867882,0.010541030744905401,0.42786782352561575,-0.90296672322798766,-0.039752010444291122,0.026554378284225556,-0.031403831891448006,0.99915397428848363,25.92622975058266,18.977633037179558,-4.0308269474524678,,0.1267463270195228,0.4444444444444444,False,2
0.86567561236039881,-0.4991091167949403,0.038675880036832672,0.49113339915850257,0.86171550091026594,0.12741420533828085,-0.096921196832603126,-0.091304353801693786,0.9910952510134392,5.978494362555848,-13.139550081035191,-0.34368598418382912,,0.3524131040446077,0.2592592592592592,False,2
0.088915595218946653,-0.97524552314104263,-0.2024603332018772,0.99295516255130367,0.070806698325476272,0.095007666190472878,-0.07832025338043655,-0.20948169625434987,0.97467089668504292,4.2574231596836976,24.340413404367904,-4.0624668601235268,,0.7604342587122817,0.25,False,1
0.3989315190747848,-0.88741497839061445,-0.23097250749097809,0.91225420183206585,0.35853756697433886,0.19809867316027641,-0.092983408887958557,-0.28973344507686138,0.95257997904400038,4.2382188646351731,-18.251990320849654,0.16982736146945443,,0.6139359549113341,0.3571428571428572,False,1
-0.77319058615298875,0.62636607954484136,0.099206108078196756,-0.62720249221516666,-0.77840792284215288,0.026422327975577982,0.093772870508914058,-0.041792822974648494,0.99471604425802251,-5.7254753466523258,-19.235216288031094,0.62389883578583383,,0.1470887384747996,0.3,False,2
-0.58081464789129411,-0.7956995278497947,-0.1718039760148955,0.81383188257349748,-0.57231358624746087,-0.10067187245426837,-0.018221188265041516,-0.19829125138589737,0.97997375879256388,-4.6620351787820153,-20.917929619949,0.74326701678164897,,0.2669752222298356,0.125,False,3
-0.88535268220447838,0.45272401555853359,0.10579032966151497,-0.452073688312568,-0.89142650409317137,0.031435141731793736,0.10853574733149776,-0.019993837470162014,0.9938914618882736,10.530184625172252,-14.978992462391766,-0.36270156641052315,,0.5361161202920922,0.6666666666666666,False,2
-0.085018488412616125,0.92486096090979364,0.37068053578930593,-0.99331470155511625,-0.10782978309357885,0.041214579367773778,0.078088157248744683,-0.36469842454143508,0.92784551453056618,13.033179867271805,1.8778747128978883,-1.8985517536434315,,0.5077774136231759,0.4262295081967213,False,1
0.82484444401299228,0.53393914665137543,0.18585109860880331,-0.56535755012434308,0.77808326209228829,0.27378326787666424,0.0015759753485178121,-0.33090092916917779,0.9436641835826326,-14.808645697199513,-25.402597397011814,1.428591219596377,,0.5841285123144536,0.1818181818181818,False,2
0.84693339555123015,0.50234522335821019,0.17422141105287245,-0.53141494080182416,0.81045815099154728,0.2464868073223325,-0.017377692385860146,-0.30134176952515734,0.95335783090442505,6.1297405137833625,-16.779810538546336,-0.02616628567617113,,0.2203308942117927,0.2857142857142857,False,1
-0.39363671902148512,0.89048649190722318,0.22821906399065048,-0.91456986801801332,-0.40442754246266727,0.00056516468633861783,0.092801346711756452,-0.2084998096602865,0.97360964427233887,-11.331962906601536,33.83429945831287,-4.992064388966087,,0.2246928340725698,0.1,False,1
