axis_00,axis_01,axis_02,axis_10,axis_11,axis_12,axis_20,axis_21,axis_22,location_x,location_y,location_z,dbh,dbh_approximation,score,reconstructed,number_clusters
0.84312065724951857,-0.52179316587533076,-0.12992093505259425,0.53755008838350649,0.82402807974223746,0.1789346983544724,0.013691595890377689,-0.22070255060175675,0.97524505861852706,-2.4245735600720897,-13.29761945477426,-0.67298415503717468,0.3767739383392964,0.3076749405462001,0.6111111111111112,True,5
0.15153369116746682,-0.96215468193811848,-0.2264860005954491,0.986545893644176,0.13299452875072085,0.095077100587832003,-0.061357478557856705,-0.2378462178529073,0.96936290236324296,-8.8019780187819219,-0.54450535900737629,-1.705995345296389,,0.1711782888515673,0.2324324324324324,False,5
0.34618515523338339,0.93812947778795508,-0.0083018793858049902,-0.93473772770621377,0.34566236612390688,0.082358418199024536,0.08013250712826557,-0.020751181916226769,0.99656819623667359,-33.134023096903832,1.4732338197460082,-2.902127478411487,,0.08472471207562235,0.3333333333333333,False,2
0.43167067604727971,0.90185000625818634,0.018082965824100058,-0.89890660352538831,0.42842173850374399,0.091769995727807335,0.075015635565771996,-0.055869313487285951,0.99561602750815736,-9.5531048541173398,-16.944203406928342,-0.74382965734513407,0.1957995844210227,0.1391265287906826,0.7435897435897436,True,5
-0.99804576626618402,0.053344343642099855,-0.032542732514955791,-0.054301621803946105,-0.99809526978243091,0.029277402675073561,-0.030918963559725034,0.030987310940621519,0.99904144271049244,-12.97359383923307,-6.0269630037885218,-1.5216509612567717,0.1983844495028904,0.127818078760662,0.4929577464788732,True,2
0.25157171145389512,-0.94717468372917168,-0.19892660078204905,0.96630894557516556,0.23425989668630895,0.10662702521373559,-0.054393893936441014,-0.21904889706881095,0.9741965330442145,3.3394625559008082,6.832724194041238,-1.5936210359813043,0.38411682543319,0.4304660984654329,0.3783783783783784,True,5
0.89790253255433827,-0.43632439033434772,-0.058241466601256606,0.44019366770505114,0.88977906779790461,0.12051035399942704,-0.00075956887812752422,-0.13384407685083377,0.99100211208002331,-14.337538030529876,10.413240040668585,-2.7039351841904149,,0.06666531947837083,0.1363636363636364,False,3
-0.67267711558531973,-0.71034717475320452,-0.20715305811876353,0.73616623413198634,-0.67071207875307248,-0.090579153996173695,-0.07459741209817447,-0.21342961072651914,0.97410627108821246,6.691966251247436,-13.670257263638215,-0.35474845201073307,,0.1146588559784937,0.35,False,5
-0.17862719088468232,-0.9803065621303565,-0.084210277999833549,0.9825469867463863,-0.18223865544008214,0.037289292015110352,-0.051901305496532948,-0.076079673419074179,0.99575003780075411,-12.531065634655908,16.5977070758846,-2.9019208503142346,,0.4782489949652265,0.8518518518518519,False,2
0.7037043460029605,-0.7047070925437281,-0.090488160192987555,0.70982702195561209,0.69180685698238231,0.13247215380518723,-0.030753736653830004,-0.15745217162911357,0.98704762870446283,24.895686796857369,-11.691882975993575,-0.17235786414573973,0.4964047656566476,0.6147684220497998,0.4761904761904762,True,4
-0.98365576641338726,0.17830820161706978,0.025050318117330279,-0.179930848773867,-0.97864828757169775,-0.099360046761767989,0.0067987396779727177,-0.10224340794922339,0.99473617742078768,15.152503684793091,3.7608487112621911,-1.0123040858311934,,0.1287334941538202,0.3,False,4
-0.24381589433000672,-0.95878220817548321,-0.14591260040930065,0.96673213107409806,-0.25227217997149559,0.04228160310777189,-0.077348538583432894,-0.13074947226881869,0.98839353451974443,-10.525435682101984,-2.4353870648853961,-1.6548937883575803,,0.1822378944411622,0.3181818181818182,False,5
0.82530914273674638,0.55246712093020067,0.11681138303364036,-0.56209506306834045,0.78398458615801214,0.26347164693918934,0.053981098445058731,-0.28310466078421515,0.95756868790333738,-1.1804763607603936,-26.018610179475942,-0.071720273546993049,,0.4501391231188295,0.4583333333333333,False,5
0.22140042777545377,-0.95975698941500731,-0.17276681350852002,0.97293363283346446,0.2053695078625663,0.10594107485656845,-0.066196651594501527,-0.19154604279214166,0.97924875124165833,-1.4553353916836944,-15.571298535510596,-0.57151462517546747,,0.1540922163613773,0.1428571428571428,False,3
0.37129038572475065,-0.92579428816491405,-0.071051991313306237,0.92707513394641761,0.36536436673473405,0.083908137500236776,-0.051721808616847463,-0.097024819101851401,0.99393714036233449,-28.598955268806517,21.390247590260099,-4.1276282884132014,,0.0723975359337033,0.4545454545454545,False,1
-0.88818630742654481,-0.44396875781540895,-0.1183926745362319,0.45535295515335555,-0.88495287968234493,-0.097529928611844494,-0.061471697008506979,-0.14053520137591119,0.98816551631856009,-16.127871534034288,1.2495272281647698,-2.2254696844400601,,0.2897646783678767,0.5,False,1
0.63387168407093419,0.77333812895944176,-0.012442926930075301,-0.76970865880989681,0.63231146721594289,0.087924905347070093,0.075863487173655916,-0.046155679225106987,0.99604938862946002,3.4648419052489734,-5.2023443372920459,-0.94096408409734755,0.1471122779219383,0.1072241283110833,0.3369565217391304,True,5
0.81246014172987091,0.57555584857170561,0.09297302444893539,-0.57853261775264475,0.77615395510585428,0.25076891388250699,0.072170134380856843,-0.25752767452925057,0.96357198410653566,-9.4987359160587665,-24.605783074985709,-0.37266389279045686,,0.463373379148358,0.2727272727272727,False,5
0.74292362454506544,-0.65474946456208638,-0.13916762104916328,0.6688509643893441,0.7178850964117961,0.1930786777074838,-0.026511799793051766,-0.23652510861531603,0.97126360863889349,16.032541691192517,-7.5149547083443,-0.50261439234115035,0.185287358087861,0.1391901338076177,0.3157894736842105,True,5
-0.9513472389426586,0.30775399124997954,0.015030363464959229,-0.30769749717073075,-0.94635310137567064,-0.098681597836268051,-0.016145624517169103,-0.098505270855717697,0.99500554291048693,7.7932207028023512,-13.522226879804618,-0.32105645496722296,0.1753957045213337,0.2311391756043892,0.2758620689655172,True,6
-0.54853019288265636,-0.83029008836321161,-0.098655950970665263,0.83167807863589471,-0.55395851512786609,0.037967578719695659,-0.086175408398350598,-0.061223628470877818,0.99439703655242118,-14.194520141901933,16.018677427264215,-2.9882541227380677,0.3397739405698535,0.1262793504976173,0.24,True,4
-0.038189542233464067,0.99921218387977928,0.010796779621835652,-0.99739258342093939,-0.038777642385946741,0.060863198962047449,0.061233923611872326,-0.008444290212424356,0.9980877218771429,-33.772781545701761,4.0635867303552766,-3.1128409127850274,0.2353442531491,0.1745318448037768,0.7037037037037037,True,3
-0.50798583809167741,-0.85798755301240914,-0.076208576775030012,0.8579442324802945,-0.51186165271238859,0.043924280715126843,-0.076694734187527647,-0.043069796358020912,0.99612394328697074,-12.414757588857702,15.321814626780947,-2.8386419775462248,0.262392082013592,0.3025873262760156,0.8947368421052632,True,5
0.78521968724678604,0.60945158049541626,0.10953909709185536,-0.61532432282080363,0.74817216434547773,0.24822246119906888,0.069325467940571719,-0.26231123409080853,0.96248989395451734,5.1123909047101659,-5.0435978826231453,-0.88843100325451296,,0.2513133077096875,0.1710526315789474,False,4
-0.98474897560174701,-0.17045366883749766,-0.034856876382525756,0.16870135657619595,-0.98448686019587395,0.048223172759795624,-0.042535953505960164,0.04160731764373396,0.99822819223754244,13.411139883458322,-8.4366214327416813,-0.48591803097175013,0.1389955436197686,0.09159487311080022,0.4074074074074074,True,5
-0.96098951289241008,0.27567263595564678,-0.022444462481286436,-0.2760175598645821,-0.96105031121872542,0.014021624470541047,-0.017704879474603089,0.019669699836462405,0.99964975874109685,-6.5795098034071051,-3.7146631086237969,-1.3887026001885594,0.2039719856691531,0.1284907377435453,0.4331983805668016,True,5
0.99934141390964071,0.034552889098740221,-0.011083153883687361,-0.031804804336087247,0.98109406621189188,0.19090020341780167,0.01746977006782123,-0.19042198165848662,0.98154687918358308,4.8811603504535581,-7.0021549262816967,-0.80678654037668496,,0.1453135502531939,0.375,False,5
0.22413494439511075,-0.97132089462876081,-0.079367791695284212,0.97241238162323895,0.21749729603717274,0.084315397658675587,-0.064635027398638578,-0.096076250312467276,0.99327320881974601,6.823480016842292,-8.4016822845412076,-0.65535030215543322,0.2053965587895436,0.1873431891064553,0.459016393442623,True,6
0.28124990190318327,0.95711828393140475,0.069448421462658505,-0.95642884226857572,0.27366494124619528,0.10174168078772158,0.078373224740621319,-0.095037311077922126,0.99238377009443091,-11.921935375067052,-13.321030608556198,-1.0397538352611664,,0.1064322115006948,0.2439024390243902,False,4
-0.93785168474247405,0.34631534230631916,0.02235846839478195,-0.34702057280616272,-0.9352466947513256,-0.069930980302035831,-0.0033074877151942142,-0.073343736201382681,0.99730123678106197,-21.979750583683661,16.73963064606053,-3.4598152099936614,,0.0935560147022834,0.2222222222222222,False,2
0.41504147673671793,0.90479012575166995,0.095369811421024797,-0.90622490903565001,0.40184489192968259,0.13144237168184958,0.080603888439282512,-0.1409805347283766,0.98672564677126373,28.271802592480025,-8.8287917583110591,-0.26601451448037372,,0.2824239808405672,0.25,False,5
0.93218043594170474,0.35909070585856068,0.045754779133262292,-0.35677823936386099,0.8900017277827964,0.28391233234937213,0.061228447342362644,-0.28098183128031151,0.95775794840158102,-6.5135800974403013,9.681200603936432,-2.1805666775498569,,0.1321407901338939,0.3939393939393939,False,5
0.46240429228094859,0.87930244458293916,0.11405911375520178,-0.88518129772400167,0.45034380851653594,0.11680977823142022,0.05134530786554041,-0.15497633716567349,0.98658298904800901,-2.6114768881714041,-22.191802884450745,-0.30294525627756969,,0.1932471454175604,0.3076923076923077,False,2
0.86277134821031276,0.5043348352756809,0.035664753396212535,-0.50155069078801262,0.844835490559536,0.18627908755707628,0.063816183507228078,-0.17860394121765993,0.98184934022694725,-21.08680707301696,15.047411180102996,-3.3479758612748554,,0.06475781588131801,0.1666666666666667,False,1
0.0082296704281771011,-0.99706107089670315,-0.076167535255934032,0.99768729491088237,0.0030476147654185976,0.067902677544030288,-0.067470987083712811,-0.076550198866900232,0.99478024354899008,5.7963150355641284,-7.3947301718837473,-0.76429180555569243,0.2123770061251139,0.127158782205201,0.5277777777777778,True,5
-0.16178535928564278,-0.98557990619949876,-0.049575659517579654,0.98386647811390815,-0.16498430472618578,0.069187661022414429,-0.076369174177483928,-0.037582278933090747,0.99637107622895427,5.0251271136898792,6.4971751175625601,-1.5054772546067372,,0.1247091234970299,0.4782608695652174,False,5
0.87597609628936601,-0.47171212068942459,-0.10076484468468419,0.48234994439841383,0.85573146932011845,0.18724898812564469,-0.0020999686878584167,-0.21262955488340832,0.97713062715360266,27.193422266941003,-17.10085315502063,0.12649366650045013,,0.5718570141062349,0.64,False,4
-0.90047704052116717,0.43301979902506332,0.040434553868353672,-0.43488357949624928,-0.89742653878721657,-0.074174657160815227,0.0041679465889527048,-0.084376899283446702,0.9964251939250337,7.1852906269733436,-18.581332007242366,-0.17179516525251598,,0.5004850832927035,0.8235294117647058,False,5
0.89833785379975362,-0.43553239178562908,-0.057451163051272042,0.43928761531396276,0.89175866167592999,0.10859502915754533,0.0039359194893121563,-0.12279260984051774,0.99242454801679003,13.472651005115296,4.2521284494949558,-1.1068030583259227,0.5678460481097425,0.1960350509448048,0.5348837209302325,True,5
0.084421250103083309,-0.98851240645900273,-0.12536456759253206,0.99408748761589893,0.07493130186405976,0.078583503144525113,-0.068287037544039822,-0.13125746560705423,0.98899360878919229,7.0617614331748708,-9.2429991633990927,-0.5947321076573111,,0.08785254797675804,0.3181818181818182,False,4
0.29443866509869909,-0.95381516549433498,-0.059518926132049087,0.95365578862829248,0.28920582147918888,0.083070028519912131,-0.06202023307476065,-0.081219596745882083,0.99476472987022924,6.5663815337312164,-7.3417908193263388,-0.73957523785963419,,0.0897501841374093,0.358974358974359,False,4
-0.79917453086513124,0.59851743448314421,0.055650245607850091,-0.60109531267696337,-0.7960637823039336,-0.070476092270645066,0.0021199750665041386,-0.089773799761800832,0.99595992418472679,7.8044404615558189,1.7263566005631237,-1.147473417358698,,0.1620061081336247,0.3703703703703703,False,4
-0.73855329214858001,-0.63728652228927352,-0.22001118872670206,0.66587425470979189,-0.74061707977484736,-0.089987877297197871,-0.10559598274163785,-0.21296062935251611,0.97133787055514653,1.6207622672577144,-23.850516382341553,-0.093163412188078706,,0.4398685955680658,0.2631578947368421,False,3
0.43577516294843444,-0.89257805171057825,-0.11577749764878134,0.89988278998247051,0.42955160156147781,0.075474405524881535,-0.017634388297598586,-0.13707604896741574,0.99040354661564689,-11.664494062119347,-4.393063247068886,-1.5646295544181257,0.4750971451285176,0.2784011616592241,0.5766233766233766,True,4
-0.30982784452880857,0.94992669920290151,0.040570591517932318,-0.94852010641172768,-0.31175425263680401,0.055847056283699389,0.065698664273479201,-0.021179048712118197,0.99761472192842671,-3.5244421015170233,-16.366318234960321,-0.59270630148470238,,0.1778945670243682,0.4333333333333333,False,5
-0.97062799390542331,-0.23262459651158149,-0.061376661239903416,0.23543836042784189,-0.97092022288370206,-0.043390082213707049,-0.049498241243336558,-0.056566048945339772,0.99717110177768886,-28.238915417425634,16.745523530265093,-3.7740284178085908,,0.1662038122572313,0.2972972972972973,False,4
0.71495836366844423,-0.69169664367697903,-0.1019327785677549,0.69674454037368605,0.69274266668184814,0.18615757631099175,-0.058151385882037235,-0.20411602309599333,0.97721802349090658,8.3113158123759483,13.951666170513251,-1.7590891350013251,0.3248439437715486,0.3301354084391306,0.4285714285714285,True,4
0.92159852789768604,0.38756247050347364,0.021248172487574435,-0.38496755888528644,0.9056949177408401,0.17752941892631741,0.049559378352852859,-0.17179070823434076,0.98388608109964748,22.667709151270895,-7.4741592160788741,-0.40328553912804227,0.7143928219329484,0.7058663898090127,0.8870967741935484,True,5
0.97000904403001587,0.24304432999787914,0.0034508195920776447,-0.23787699706226426,0.94627587879052089,0.21903537496913,0.049969878613165604,-0.21328716528452893,0.97571081594716147,-15.836003225705692,-17.55154762715765,-0.90444813764025467,,0.4904176774361714,0.3846153846153846,False,2
0.48787779770661061,-0.862117313775566,-0.13685390675223849,0.87180408972004408,0.4733368421006901,0.1261343056331333,-0.043964572696136232,-0.18084792284831258,0.98252793606548261,-25.554881660547,20.615763738034083,-3.9256101845256972,,0.1477415171724021,0.1739130434782609,False,1
0.98191720290321804,0.18808106227951213,-0.021543459669472097,-0.18383326363946215,0.97448852900403549,0.12875340002972424,0.045209930572651172,-0.12246477392034177,0.99144260616853386,0.91250151784330347,-5.2239510199083385,-1.0159457498032951,,0.07316587977631712,0.2888888888888889,False,5
-0.70889527420273424,-0.67795328639721186,-0.19454262174713877,0.70011941936237643,-0.70979103954864331,-0.077649718661082043,-0.085441727772320661,-0.19124858598085415,0.97781577483470994,-0.16595950363402051,10.657496560871722,-1.9018096010515853,0.4150328043567819,0.2136299681770638,0.6428571428571429,True,6
-0.80422261600118872,0.5922557396059458,0.049589543414086688,-0.59420322311450957,-0.79953888989417021,-0.087521958314047701,-0.012186613661389456,-0.099853404802297638,0.99492752700729703,-4.4514109876372681,-6.917074042954436,-1.1086664969603452,,0.3184936342002687,0.2680851063829787,False,5
0.62024536391021223,-0.77874710664864844,-0.094067169800355718,0.78344367597919273,0.60906830851577642,0.12349818674759044,-0.038880523608871495,-0.15029550707886002,0.98787629055252135,-7.5271900021213822,11.453235169126213,-2.3433275329879697,0.1296438455907753,0.1404591413371747,0.3333333333333333,True,5
-0.055841418427715742,-0.96831051978050831,-0.24342652540424425,0.99592042556178217,-0.07132819449932605,0.055270196474278166,-0.070881887226708171,-0.23934708260571855,0.96834329249048434,-20.180731351455094,-3.9484074427611842,-2.0402757921108226,,0.599124422609586,0.5365853658536586,False,1
0.39135057557915393,0.91863292437240662,0.054390047369585033,-0.91569013488235473,0.38286303835762281,0.12217802887060056,0.091412821163121757,-0.09761887173374896,0.99101677685517986,2.7550779357696693,10.600076808806648,-1.7741807715986593,0.1591918335118532,0.1895771161199054,0.2666666666666667,True,5
-0.27026745995800455,0.95954063191057037,0.078976425599741856,-0.9609805265044018,-0.27387196105073741,0.038866137311880961,0.058923066511944226,-0.065390554844614535,0.99611854092268648,-8.9833236475933145,9.405399476191425,-2.3078088209836558,,0.07514433328936193,0.2972972972972973,False,4
-0.3523443225143823,-0.91872294519939701,-0.17833011062640719,0.93052383108573966,-0.36425164725238157,0.038028111384141541,-0.099894335041577478,-0.15254142859588132,0.98323559454920495,-12.505598458603654,-19.625656962746575,-0.72129241502047126,0.5210009942409368,0.4657234031749384,0.45,True,5
-0.81030542479039402,-0.56446370878643892,-0.15743519307421541,0.57881890364961575,-0.81289258156010269,-0.064609036693075064,-0.091508444053619992,-0.14347951877396334,0.98541353367978246,8.8920048972476948,12.537568266902213,-1.6607532019280098,,0.3315083885520451,0.6363636363636364,False,3
0.57177582062245524,0.81685750041087768,0.076264244400710418,-0.81689509536927429,0.55826543699215614,0.14499001697214153,0.075860491121155116,-0.14520167313929383,0.98648956406259414,-29.464198909112802,23.314875991804925,-4.2956860346527881,,0.1163884761583484,0.3636363636363636,False,1
-0.84327327935765473,-0.52291016974007898,-0.12431866595080562,0.53523839553863939,-0.83810306344198493,-0.10537131958167226,-0.049092120168202649,-0.15539694151289357,0.98663151901093682,-29.348550051907502,0.66567867421625315,-2.7491337243018101,,0.2880460147995546,0.1923076923076923,False,2
0.65901132993335754,-0.74953229818367484,-0.06249320762263938,0.75153978371652064,0.65291525897813807,0.094284771224395159,-0.029866712420232772,-0.10910086421752103,0.99358189441847078,-14.441575716775109,-4.6063009582833478,-1.6961519838351593,,0.06882984525350075,0.1818181818181818,False,1
-0.26814452714266113,0.96330291988308669,0.012082926307726026,-0.96168410509586899,-0.26839539336214019,0.055924903468308057,0.057115624564528789,0.0033759986228236241,0.99836186228436319,3.7090076595470722,-12.916870007249832,-0.46213001698052969,0.1468243078586354,0.1489158524661101,0.5573770491803278,True,5
-0.76111830499085253,-0.63479336650782858,-0.13317772954029949,0.64411441566261207,-0.76387600116885757,-0.040125732066685169,-0.076259722943789382,-0.11632212461923597,0.99027956556752361,17.357093600873181,4.6943103431653297,-0.9876829954623938,0.6202705596505594,0.2795914031142661,0.5434782608695652,True,5
-0.28694588953381284,0.95256315827079863,0.10141738502253977,-0.95750136232014915,-0.28842874197597418,-4.4240423715535826e-05,0.029209546978806442,-0.097119978929765316,0.9948439636736881,-11.254092140041818,-33.521415741540309,0.09223809583329251,,0.2479768645509217,0.3636363636363636,False,2
0.50380700027018788,-0.81924956205616195,-0.27387709204959482,0.86273443898053659,0.46135308708643558,0.20698458114737625,-0.043217985558029637,-0.3405634802890688,0.93922772617598071,-19.614615655682915,0.12118330754845646,-2.3418846926771897,,0.3539661292570812,0.2602739726027397,False,3
-0.85665241901583855,-0.5106792117604837,-0.073166766157891666,0.5107671384069522,-0.8595108546040493,0.018921446598786744,-0.072550419143420586,-0.021162076776827271,0.99714021240174944,-35.171654345244129,3.3927231758296634,-3.0990326142582814,0.7242442434262613,0.646512257247484,0.9736842105263158,True,5
-0.72977468484678953,0.68357156031584898,0.012602828417678347,-0.68360026057104639,-0.72985219176005312,0.0025420326994438636,0.010935863201751179,-0.0067601856781501907,0.99991734997730208,1.5416744104377293,-5.9996024758532291,-0.97503167005674773,,0.1633172150905468,0.4456521739130435,False,5
0.57378579622715442,-0.79491891079309496,-0.19716436115964375,0.81869943424263525,0.55012317073464201,0.164607816921473,-0.022385183018233175,-0.25586797823171192,0.96645252407806181,3.2839552951360487,-22.722351895772551,-0.12906548597671674,,0.4574631419300842,0.3793103448275862,False,4
0.79370049929123809,0.59037649607580922,0.14661210832019023,-0.60439908484292237,0.73807078913314184,0.2999220839975294,0.068856834561859481,-0.32666053191292177,0.94263016778824193,-2.1052388338832233,-7.007296830654802,-1.0082950922526923,0.4067280980494539,0.2218685357831937,0.2112676056338028,True,3
0.72101440161784591,-0.65393789518283596,-0.22913633911604409,0.69259555266431627,0.67001356200874673,0.26719511064756196,-0.02120455350322686,-0.35135033224432055,0.93600390540987333,10.191690060458102,1.9155103855873934,-1.064193179291135,0.7377056080950632,0.4662905438412236,0.2941176470588235,True,5
0.28222035288712866,0.95843457975659385,0.041890676087490843,-0.95573151965732606,0.27709906306762605,0.098961465129328949,0.083240223148212056,-0.067965179127596864,0.99420913276653744,0.87929803400108608,-10.508011943130809,-0.70241034564126203,,0.184463690296776,0.5,False,4
-0.9875339785150542,0.15711647220560984,0.0095422974116467565,-0.15698894584144921,-0.97869620317733441,-0.13231860326447165,-0.011450421905719911,-0.13216715192487874,0.99116130462717666,15.274835723531019,-30.412219183096195,0.39716045032940006,,0.4423398227725569,0.6363636363636364,False,4
-0.26481379858510917,0.96421381193840461,0.012859896816661769,-0.96254812104116305,-0.26511272076593573,0.056712961201195941,0.058092742739954392,0.0026401051670376305,0.99830769960250998,8.2897585525245852,-7.5088122302797338,-0.67006821991158128,,0.07586358010288494,0.3333333333333333,False,5
0.050250180302247316,0.99834639242289214,0.027917738371647134,-0.9962059989020996,0.048114606769373104,0.072516152455143548,0.071052988192338976,-0.031455768177310425,0.99697643277928782,-8.2200205934212427,13.350003903219219,-2.5028419537518585,,0.08511199137056283,0.3333333333333333,False,5
0.22550182156215906,0.94071449877437852,0.25338737195807126,-0.97107243910699503,0.196067625398166,0.13629308228048786,0.078531818258203448,-0.27679183164680676,0.95771552950480343,-14.311769006785367,-18.487851651832866,-0.82660811908838083,,0.4876889433771543,0.3181818181818182,False,5
-0.67309923576331121,0.73519078720212694,0.080199284460429066,-0.73915570071134074,-0.67232145616100669,-0.040406802539572934,0.024212990744116949,-0.08647754621092206,0.99595951980015973,-2.4671654028755046,6.5537265974778069,-1.8397133482015358,,0.1483329589638985,0.4554455445544555,False,5
0.036963583210008893,0.99928345429648868,0.0081407300382327977,-0.99676163184324884,0.03628569742872715,0.07176069569963793,0.071413883814437071,-0.010766899804005942,0.99738865597476578,-1.2327918379048368,-2.3592636749670204,-1.2338276566548716,,0.08640696635944403,0.3788546255506608,False,5
0.74088791842440516,0.66054803216660052,0.12149645893433758,-0.66768691174175177,0.70481801977230618,0.23963669771762058,0.072658655516829596,-0.25866552960353278,0.96323043119152418,-6.0292049436479278,-16.631568874431569,-0.65457254946797205,,0.2688793099681259,0.3181818181818182,False,5
0.094003844211277179,0.99404873543706795,0.055048967742079562,-0.992211344203342,0.089003902122729725,0.087149032359085221,0.081730812474239412,-0.062812554341422133,0.99467314094098613,-5.6992587466208127,-11.26557787979945,-0.88803136904950519,0.07966565091859051,0.1015958145857696,0.2352941176470588,True,5
-0.78044383216240554,-0.61394655498238027,-0.11822458485833617,0.61937682870715738,-0.78499918651912592,-0.012191030513243023,-0.085321561755064668,-0.082739983016540661,0.99291204359202867,5.8049642468573479,5.5069691372594773,-1.4239765607874544,0.5317151703668201,0.410743991457413,0.7129629629629629,True,5
-0.78884911674231217,-0.61213760668820183,-0.054814427780598807,0.61050245605598541,-0.79074912380086959,0.044750132488818095,-0.070737699739839621,0.0018367597005465863,0.9974932602024531,-16.645199484484031,17.257268259790347,-3.2143647197468801,,0.370885342452171,0.7741935483870968,False,3
-0.73509034035665122,0.67745844672066213,0.026310539355365321,-0.67784157809124013,-0.73515121859762367,-0.0091367830884905715,0.013152434189905114,-0.024550738507355899,0.99961206210890807,-13.325250000311527,-8.2231114545154433,-1.4138107930451671,,0.1695757541132442,0.4594594594594595,False,3
-0.93302712076963723,-0.35479491410395758,-0.059841129954958466,0.35914941841451564,-0.92839678105997137,-0.09534732387434286,-0.021727566841135221,-0.11045354608815899,0.9936437626210487,-23.855156976537586,11.557480885697361,-3.2541621747629832,0.7390955323612212,0.4174243295306663,0.293103448275862,True,5
0.9006609717716606,0.43450466805362936,0.0039379394274411256,-0.4304315987619397,0.89090419388217001,0.14497708822569924,0.059484894843727917,-0.13227021872956513,0.9894271759572123,-2.6005067043865022,-2.3894403880066846,-1.2899061543680748,,0.07833038172706416,0.2533333333333334,False,5
-0.75352125154204386,-0.61360375163879766,-0.23600033781608329,0.65361406184517312,-0.7378098248607583,-0.1685981034804126,-0.070670939096396726,-0.28129539333897868,0.95701542310116572,-14.339579453131115,18.81236489098935,-3.1685807692802546,,0.5281444451592806,0.2857142857142857,False,1
0.35249795302165099,0.9183043376911475,0.180173073718493,-0.9326809301132819,0.32900764221830836,0.14785213547654202,0.076494939169660825,-0.22016156508249379,0.97245946421527363,-1.5676850997319496,-13.38469792060086,-0.6388768261138712,,0.08019582212835835,0.1904761904761905,False,1
0.6125452448201314,0.79037667763222863,0.0096452321530235766,-0.78685474448096371,0.60856475282795508,0.10251123208335536,0.075152738712855702,-0.070382164434539138,0.9946850842319227,-17.085547682496152,15.405619328662505,-3.1293886271463669,,0.07688093142723768,0.3636363636363636,False,1
0.71056856603539664,0.70354331070782883,-0.010914344719961902,-0.70025555927977612,0.70859468046262064,0.086808585507671926,0.068807446255231525,-0.054040621557698371,0.996165220513891,12.400947084978036,-0.094356093447197587,-0.90512615967299048,0.286826600843384,0.2080855628800177,0.8356164383561644,True,5
-0.76627085397212991,-0.62784861650948509,-0.13651041388827395,0.63882348090166352,-0.76722164926531033,-0.057231994088086713,-0.068800716576967458,-0.13106126676384014,0.98898402704631816,13.067775720644365,-14.93053454066388,-0.1655086299085069,,0.2220564595272023,0.3125,False,2
-0.15997831750539218,-0.98254334848784497,-0.094950019854853768,0.98420777355412903,-0.16615055113282465,0.061065971161379323,-0.075775961912520423,-0.083681316317035737,0.99360728705846368,-5.1080419162259396,-14.141124747894507,-0.74814815159110293,,0.1538578903191222,0.2285714285714286,False,5
0.98456690912426281,-0.16614729216835486,-0.054982531431530812,0.1727214993543506,0.97312500744221475,0.15229905958795265,0.028200799958174989,-0.15944527962819416,0.98680389018588988,-4.0436114388226114,18.420449925615387,-2.5650104315900739,0.2719155922556686,0.2699310343043689,0.6458333333333334,True,5
-0.99539725871765028,0.0925805320955774,-0.024761712668674017,-0.092747779885213599,-0.99567337189947192,0.0056908537759220307,-0.024127715676171571,0.0079612541244908873,0.99967718377935089,-0.95391583861589058,-16.40427097278641,-0.51867776429161305,,0.1284360959849982,0.5897435897435898,False,5
0.97359491344614602,-0.20765553410616269,-0.094826808798333426,0.22764658186793227,0.91414199874749547,0.33544215580302494,0.017028748504755335,-0.34817177553761919,0.9372760726932825,-8.4713943154797793,24.620582177587668,-3.2305248909587072,,0.339740961599139,0.2857142857142857,False,1
-0.12609710311476482,0.99184777483414177,0.018371503548351424,-0.98978491124533763,-0.12703356659978582,0.064717095330355842,0.066523304616690121,-0.010023198765888447,0.99773452652966554,10.536586705239943,-5.6486841665271541,-0.70356949765347376,,0.08831926763683692,0.3333333333333333,True,5
-0.93915321289851728,-0.3403823132226601,-0.046164093704785455,0.34179328024195449,-0.93938798746036689,-0.026973368284425689,-0.034184737586210642,-0.041110702503768949,0.99856963395439235,8.7275925325426016,10.408187350675455,-1.5295619587251936,,0.0938687735079635,0.4444444444444444,False,5
-0.89620148148947576,0.44254762946363913,0.031216986276423372,-0.44336057540101098,-0.89593164858536101,-0.027163969577397418,0.015946935635202941,-0.038184770776199133,0.99914344241686126,-6.6375527775484047,17.231253949962596,-2.5869242232887979,,0.1923497066629926,0.5423728813559322,False,5
0.89236774683726328,0.45109490135166824,0.013899438086242305,-0.44657303105674029,0.87813449134764221,0.17161684951779024,0.065209909809631289,-0.15935245551965899,0.98506571485483796,-6.0787084846460964,-27.796281518179139,-0.10492207969939087,,0.571158189127247,0.2580645161290323,False,2
-0.13050005227780356,-0.98173503946313534,-0.13844149900158484,0.98876444374374906,-0.13913916708833687,0.054636681543422522,-0.07290137957270805,-0.12975594195365053,0.98886236877743294,-38.123365074866427,14.71587007635741,-4.0398767133128928,,0.188270305752181,0.3846153846153846,False,1
0.45263802903938793,-0.85996131675794729,-0.23576545197987936,0.89109570815350669,0.42654994183412792,0.15493090728354766,-0.032668847205548593,-0.28021720290025126,0.95938056349970979,-11.065749885823411,15.422466127225764,-2.7686977594855615,,0.2861394893028005,0.2105263157894737,False,2
-0.96026050906783134,-0.27504628762813377,-0.047426726502803405,0.27336098128677866,-0.96111694233284939,0.039089603102159226,-0.056334080579336782,0.024571585678112878,0.99810956740357126,-12.138757765498777,-16.100580002663627,-0.89741635894036065,0.2049860008181587,0.1223228313738597,0.5185185185185185,True,5
-0.80913591857135736,-0.58196563297356518,-0.081333064096736921,0.58340898894454141,-0.81214674564648481,0.0071843687636585357,-0.070235439034679895,-0.041637309873500658,0.99666108458698432,11.483129310708899,-14.954051473529802,-0.20697926985047657,0.185874384590972,0.161400940920551,0.25,True,5
0.83103052604092387,0.55561428289182113,-0.026096617304821684,-0.55224954257930059,0.8297803056334665,0.080530038518465949,0.0663980986858827,-0.052511075302641735,0.99641049746651167,-6.5591562188919497,3.9482843996305093,-1.880367879568327,0.2120129104762294,0.1758790742848019,0.8008415147265077,True,5
0.97951739719272102,0.20113053794225855,0.0096007970426972983,-0.19579062144261175,0.94020809047266274,0.27870195400259623,0.047028726879570756,-0.27487315859648254,0.96032965461412234,-7.0116989570019346,-30.795334355598605,0.023294159265618609,,0.499350540628835,0.2,False,3
0.92930393147750523,-0.35889910215438414,-0.08709556483098882,0.36928265830664186,0.89984915487398653,0.23216764793259187,-0.0049518899858645923,-0.24791718969314896,0.96876857186854415,17.428304974501035,-7.1391571125829838,-0.49417914023958753,,0.3171316911199518,0.1627906976744186,False,5
-0.20391289466847048,-0.95102821965571616,-0.23230337235263041,0.97579193877741466,-0.21660343597386167,0.030216613664202821,-0.079054560936986498,-0.22051820093315835,0.97217390391445069,5.4222402571908672,10.188709195620056,-1.6350908682985945,,0.2626979148891232,0.4074074074074074,False,5
0.89587642729151495,-0.43419205282639334,-0.094248014757841073,0.44425050576150898,0.8786546045714948,0.17495020433241693,0.0068494637772101817,-0.1986034922344351,0.98005598703250207,8.9749532892774049,-4.6957905298898783,-0.76411026287790462,,0.2589266360351727,0.36,False,5
0.99200447773444145,0.12577029494012265,-0.010437866903383237,-0.11749331862517309,0.95057319541130336,0.28741245666113269,0.046069905939362776,-0.28388806434265329,0.95775003559933103,-15.362145716164701,-14.148431811454438,-1.1077078253919517,,0.4628183278136208,0.1428571428571428,False,3
-0.22612973012422025,-0.96072032867303514,-0.16087819997850111,0.97121278005597789,-0.23506434038732016,0.038606887134456015,-0.074907149257503094,-0.14751679888287084,0.98621889712044375,-20.836565180571242,-12.169769003332606,-1.4112125100358552,,0.2696575214840717,0.3076923076923077,False,1
0.46188880452865194,-0.86633234361252409,-0.19007104635353272,0.88543147628734087,0.43790736682746534,0.15571846029889502,-0.051670427235658831,-0.24021950064278674,0.96934243611853566,-5.8312927216957178,-2.4576106163720888,-1.4379019850630523,0.4312890059197153,0.3373763678073365,0.4034090909090909,True,4
0.51135676658832141,0.85935261379520145,0.005228998727685466,-0.85583138741488463,0.50869111367915798,0.093733596854989193,0.077890266271547354,-0.052406450244366194,0.99558358282614023,-4.9029199124499039,-3.6223573589563123,-1.3232072228986664,0.1670748213647753,0.1237336137896017,0.563076923076923,True,5
0.97624783508552038,0.21489631109455407,0.027563380938993562,-0.21020067678792867,0.90863471144488062,0.36083048185453537,0.052496094795062315,-0.35805381807129494,0.93222401996292503,22.09222323420736,-1.7905493954637408,-0.6258144805104604,,0.6694689099056631,0.375,False,2
0.97931266257478478,-0.19762664373274991,-0.043478944416975904,0.20145555432585743,0.97241086750504857,0.11761277307053246,0.019035980456684459,-0.12393875279753211,0.99210726083576495,-17.161243471432851,-7.173273222745113,-1.6281117094026949,,0.08569694248667316,0.3333333333333333,False,1
0.94952731752954167,-0.30312946004335423,-0.080687072812056213,0.31342506150719851,0.92727546956402296,0.20475579201583149,0.012751630655037597,-0.21971056870038352,0.97548175888480448,-32.408118043095996,22.908490619315803,-4.4641671796320139,,0.1696337576048111,0.1818181818181818,False,2
-0.80416744650242666,0.59239281297548252,0.048841305477649262,-0.59409712033076445,-0.80367088487352667,-0.03408402002837449,0.019061206689479158,-0.056425738290222106,0.99822482761046516,0.27786773173110302,-12.358828123552543,-0.60752908040944864,0.570098050435452,0.2956069131474989,0.3928571428571428,True,6
0.99858883100554408,-0.035651465700113211,-0.039361397134938268,0.043019545788815186,0.97762372774557993,0.20591543319761232,0.031139448792563921,-0.20731816114916213,0.97777784531386547,22.398239859197293,-5.7407747616675335,-0.46199512316270736,0.1773955405471832,0.1378070250604345,0.3888888888888889,True,5
-0.3268561268058619,-0.92169272066074903,-0.20892008292755848,0.94305770001092981,-0.33252240364833996,-0.0084276640907580413,-0.061702891500856526,-0.19977832653448196,0.97789640219581342,5.8702131903358961,15.626779626084389,-1.9707073065568677,,0.3683372300377704,0.2307692307692308,False,4
-0.30447927595671703,0.93488820554981278,0.1824182382239353,-0.95089350696536112,-0.30951693614321785,-0.00089702376330796918,0.055622917255301572,-0.1737334434251685,0.98322061700904306,-2.775874298266932,23.917789143917993,-2.8372458606618647,,0.3779270189996679,0.1666666666666667,False,1
-0.67581056041366427,-0.73435081531686341,-0.063316399746256885,0.7340506441800182,-0.67832369322572927,0.032351491271771914,-0.066706358109779693,-0.02461396457430548,0.99746900429821139,2.0300822689861193,18.889908555558126,-2.291092776811789,0.2550168247529458,0.2078715000030767,0.6578947368421053,True,5
-0.42904055424274185,0.90320216618009808,0.012249482546657253,-0.9020068855544765,-0.42911518907038365,0.047368058028633052,0.048039371638229106,0.0092737002684428679,0.99880239149490246,-16.106430138347363,-8.9772378327816913,-1.4633256285354856,,0.09565912790743236,0.48,False,1
-0.95861920191453898,-0.28169253557507123,-0.041213360964879021,0.27984641642992109,-0.9589727439187784,0.045357024067084153,-0.052299224966201541,0.031946702837352535,0.99812033304895564,-9.564952062728695,-4.0848926898827891,-1.4825267310127346,0.3261886966657372,0.2923597872343279,0.9144634525660964,True,4
-0.58242331441221962,-0.80032089827679187,-0.14237114388285779,0.80954735453494986,-0.58692248936044467,-0.012452800825613883,-0.073594589438003649,-0.1225089844230515,0.98973500753539245,12.42389738274877,-8.2681939341126345,-0.52180218148362911,,0.09356619277810588,0.3809523809523809,False,5
0.16265718188922548,-0.97538768173129364,-0.14886742930107502,0.98484777628544962,0.15129910040796946,0.084755175425139745,-0.060145645939356424,-0.16039779469367518,0.98521827466401835,0.011859111749044249,-5.0835617115505913,-1.0573120929750226,,0.1161880418388634,0.2959183673469388,False,5
0.91446031029096664,0.40456427838327114,-0.0094913412526091354,-0.40114421119352628,0.90932269722679271,0.11052399800095888,0.053344753523414459,-0.097262412906608475,0.99382813418976623,0.94124561001378493,11.361381936667273,-1.9078374788328469,0.4692650578865246,0.1983973471652069,0.4,True,5
-0.94551193091483154,0.32554939621614531,-0.0049778630966007612,-0.32547967659831684,-0.94548182459347552,-0.011273840731800586,-0.008376671126425303,-0.0090393576483187334,0.99992405781346416,-11.702480618969856,7.7784024381416383,-2.4396424150199754,,0.1130026584221135,0.4573643410852713,False,5
-0.72245993653358709,0.6860048382028564,0.08630760143904026,-0.69112596018128702,-0.72010697910318988,-0.061569844976041579,0.019913494604945056,-0.10413117020927423,0.99436419491224004,-32.361782826749582,20.869265905226424,-4.279310770412712,,0.2400540484525389,0.3214285714285715,False,2
0.56874485340345893,-0.80105493685742779,-0.18665551120559426,0.8217580777880259,0.54367039479966595,0.17069318500896649,-0.03525554307067192,-0.25046654458174455,0.96748310410470417,-3.7314343086393933,-20.008343672699652,-0.42238460116346221,,0.5586357454751966,0.15,False,3
0.0039227627107254236,-0.99514078585019417,-0.098384085451730385,0.99765582924653062,-0.0028269758404779045,0.068372908216738082,-0.068318799046327497,-0.098421667050784117,0.99279691636900835,-9.1538735316232991,11.533799155726156,-2.4511757588931236,0.1390718181256073,0.1103229917784723,0.4166666666666667,True,5
0.032009850202606778,-0.99568295952383612,-0.08712527534453747,0.99715409959607437,0.025860512468725574,0.070816209681094422,-0.068257388968144095,-0.089144141752050571,0.99367713611743191,-13.508253152047034,-13.475246176363541,-1.0725703753792246,,0.08174621592910497,0.3181818181818182,False,2
0.77890419200299266,0.62706663949360453,-0.0097820915127373384,-0.62321396247837246,0.77567352364513575,0.099674177638671577,0.070090061008474522,-0.071540298784233097,0.99497204432973463,-7.2862456809387846,-11.681030565533561,-0.92592777903348678,,0.08819225379601006,0.3333333333333333,False,5
-0.097090667253612165,0.99179675647494059,0.083142024139635839,-0.99311557163687492,-0.1020419163573318,0.057523114297528849,0.06553520965566241,-0.07698468128082836,0.99487612050117935,-40.926371421652796,16.395309072157275,-4.3708469429722641,,0.357809403216059,0.3157894736842105,False,1
-0.25067129635666996,-0.9655610135191125,-0.069683788321329293,0.9651561462943371,-0.25485080419740513,0.059369022816626565,-0.075083383335673742,-0.05237362668253201,0.99580092828586375,0.88433702175102469,7.8800284874591568,-1.7272215416752357,,0.08491211899414153,0.2698412698412698,False,5
0.9364861542153109,-0.34513990511036907,-0.062226432192621833,0.35056498309061074,0.9262653930596757,0.13833515189815182,0.0098932094740435336,-0.15136336254328653,0.9884286807281002,1.6086134360126958,-20.3596926979166,-0.25333279985156198,,0.09536644162663277,0.2941176470588235,False,2
0.59349884659494523,-0.74799913763109394,-0.29707980273591184,0.80404217282241408,0.53466578215885929,0.26009360951677629,-0.035711390528511161,-0.3932299473483597,0.9187463769152644,-1.8402254831322633,-16.738579917617059,-0.52614067640919648,,0.2734574025364828,0.2380952380952381,False,1
