axis_00,axis_01,axis_02,axis_10,axis_11,axis_12,axis_20,axis_21,axis_22,location_x,location_y,location_z,dbh,dbh_approximation,score,reconstructed,number_clusters
0.17619691504711907,-0.97619213822867434,-0.12650516348515739,0.98133012369575856,0.16413159209853448,0.1002597067742899,-0.077109243642669731,-0.14180877876820036,0.98688623194830627,10.07647826975162,-10.039890116871957,0.70506643719687689,0.2406205273785414,0.1181191014109064,0.2777777777777778,True,3
-0.72473301715798299,-0.68215906710735741,-0.09706215021473226,0.67830074253988049,-0.73109612835318982,0.073529271564619275,-0.12112042152723065,-0.012548237732715101,0.99255850468315976,8.8964461941207347,-18.628123074544511,1.6804276164210927,,0.1424777087963948,0.5384615384615384,False,1
0.72744897401066555,-0.67767235964933925,-0.10760187348799337,0.68611524932057166,0.71657374696114018,0.12557041775769132,-0.0079909236386779964,-0.16517335781949843,0.98623217702832655,-6.1773975047515854,-18.599459206405612,0.22571924259763987,,0.1064823593349695,0.48,True,4
-0.6943527778003874,-0.71143321960866757,-0.10833740811987798,0.70936985740501557,-0.70198455773058643,0.06334103024882333,-0.12111410060796085,-0.032870271447617984,0.99209420918019997,-4.0077468893475805,-17.688742154973266,0.3852586718983832,0.2592954125896827,0.1011131676455061,0.3142857142857143,True,5
0.99200452015743845,-0.0813331648262028,-0.096498436705285892,0.10109950963656407,0.96981368525714562,0.22190156610353168,0.075537547871615651,-0.22988330123631739,0.97028230256675085,8.888892358565899,-5.2881298171755162,0.014186600993791114,,0.1205243831211154,0.1818181818181818,False,3
0.61807758312840333,-0.71968952516068307,-0.31627059396684487,0.78570373117621628,0.55250656042970647,0.27821960300795834,-0.025490155941509551,-0.42045628554717107,0.90695466474016873,12.540026326148917,-6.2770389284411294,0.35674520517821712,0.8611573136590684,0.4663747114060758,0.4117647058823529,True,5
0.94808714940735328,0.31171371432313955,-0.062970766483443935,-0.2988257493832695,0.94098677363321515,0.15889324514554065,0.10878386201164009,-0.13182735736646534,0.98528555211959123,-1.0314765949714018,-16.823675351647353,0.55146364249277313,0.241945758152027,0.1646994310122202,0.4444444444444444,True,5
0.98439262573222608,0.17163759088303887,-0.038880532402219559,-0.14656739240442401,0.92186703770889278,0.35871878159583165,0.09741230870778636,-0.34742150506509667,0.93263558796055046,-21.578343492145002,29.100076088422565,-6.8399582450734666,,0.1952918133845721,0.3333333333333333,False,2
0.71155212019162239,-0.68771564794937834,-0.14401655396645674,0.70258187288827256,0.69391382262298684,0.15767789528516912,-0.0085024784394806402,-0.21337946091018289,0.97693239966850598,0.11881888518354439,22.436156250534445,-4.0400616070420767,,0.3539644772260664,0.4222222222222222,False,2
0.29187338230544563,-0.94160975774990463,-0.16787195361865853,0.95432520137035604,0.2749903895542038,0.11680623135028657,-0.063822713284602511,-0.1942970657601219,0.97886429677764752,-2.943257601725656,-15.01939086617748,0.15290508160714014,,0.3000666030343308,0.1851851851851852,False,6
0.13775034582500642,0.99032954520101701,0.016499518994144688,-0.98505873165768998,0.13524073212046114,0.10662663626160648,0.10336410116686742,-0.030940851272527603,0.99416222333807125,-5.7942488798061254,-19.562943287270325,0.41622529520422524,,0.08642898977460398,0.4347826086956522,False,5
0.12752043610426972,-0.97035615271173681,-0.20529850284464918,0.98812113039742544,0.10639359158320896,0.11089199850368271,-0.08576228797025133,-0.2170007847094173,0.97239677570300798,5.7893515055259375,-13.221079458561347,0.77229186025529506,0.1566425816956719,0.1161068925232552,0.3421052631578947,True,5
-0.2057568219654852,-0.943657055159834,-0.25918235368506876,0.97340712854009692,-0.22461214942825844,0.045032704077586153,-0.10071093447081766,-0.24302416459333051,0.96477798643093371,-4.4015087905453081,28.03884666874951,-5.1066869989363237,,0.5012720047210637,0.5625,False,3
0.99372126162300811,-0.075037130812931882,-0.082990862133966087,0.084715475828511674,0.98915038801322897,0.1200199902034093,0.073084487776304941,-0.12629702646001037,0.98929657775301838,-14.061575382217431,-10.7677708196683,-1.503708705339214,,0.1032789856499436,0.46875,False,1
-0.66152015348733539,-0.73300299876043273,-0.15842250578218769,0.73873424320752978,-0.67330255695823171,0.030584059673419789,-0.12908448567776182,-0.096800158066618389,0.98689762638056211,-15.855097809566132,20.79864750745184,-5.3436324819883616,,0.1652105573994451,0.3703703703703703,False,5
-0.5873034457628572,0.80563183956080897,0.077665962177399517,-0.808681792680642,-0.58804565174267887,-0.015364558351963417,0.03329295393769946,-0.071830707586619094,0.99686103779097912,11.061503229294724,-12.04258078117674,1.0057124762335727,,0.3001731554939469,0.6190476190476191,False,6
0.84140064874738651,-0.49261332993211876,-0.22220948553260686,0.53735732180155005,0.80630134692873523,0.2472352051128075,0.057376449818211724,-0.32742975599981144,0.94313185604779648,-2.1367435566036228,-9.788360213573398,-0.41339601436908874,,0.1102937565694727,0.2325581395348837,False,2
-0.49474713620270599,-0.85702106620664853,-0.14401445516766617,0.86135981140758078,-0.50557494508604051,0.049530295710233638,-0.11525860710210395,-0.099543291985275201,0.98833526017724194,-1.5209495251550196,-20.018468361256691,0.90981331157335188,,0.1296452777660102,0.2857142857142857,False,4
0.083721167031277202,-0.97400296767049577,-0.21049699560798441,0.99295695400133244,0.063771639705401645,0.099848212150642837,-0.083828716388337471,-0.21737386443257445,0.97248205606598837,10.622581463854443,-6.4047906573336917,0.27359289456286717,,0.07967628645935498,0.3157894736842105,True,5
0.30665612312701035,-0.94385068224890034,-0.12291424558201687,0.94987469430221672,0.2952141115295665,0.10289165893345256,-0.060828342678238327,-0.14830548867824511,0.98706909320215508,-16.272546287778404,25.903087540716037,-5.9528631185672296,0.3197596938398022,0.3373946068789114,0.813953488372093,True,5
0.97350688418434328,-0.21038812927964073,-0.089561049033074977,0.2207929163151173,0.96675876109140002,0.12894954811121567,0.059454474606687999,-0.14530771800298245,0.98759851788973863,-24.899917463535708,18.608526988752274,-5.9749215248935865,,0.2709531767088088,0.5454545454545454,False,3
-0.46889790500415546,-0.87294469115748574,-0.13454486561246393,0.8742752992210806,-0.48037856822174907,0.069850786431596645,-0.1256083430931407,-0.084876365221328631,0.98844248531323853,-8.1639401382009158,-13.369413038183739,-0.5980029545580734,0.5130155339834536,0.5398534840413292,0.8767772511848341,True,4
0.85951657103173196,-0.484969354203799,-0.16135671540101634,0.51021695392079014,0.83277069695893469,0.21487583907531591,0.030164947433153469,-0.26701627622615209,0.96321980055264378,-19.62411099330129,28.456058928422419,-6.5537462150247627,,0.269657895976009,0.3888888888888889,False,3
0.27140618634896596,0.95172442136173507,0.1433851728568229,-0.9552611528698044,0.24817564096365724,0.16088810102095744,0.11753642766973232,-0.18063631145467018,0.97650177222301504,-4.0447964380609731,24.785824511528315,-4.6851876040025697,,0.3301044793648885,0.1176470588235294,False,4
-0.91301965948992425,-0.37586666872568936,-0.1584908474516904,0.39267410088389026,-0.91506803013368576,-0.091964942898277321,-0.11046335084511313,-0.14620105187141386,0.9830682074768573,-1.0774664927134079,22.791467905928148,-4.2003884869476797,,0.09613403273831604,0.5,False,3
0.71179129078076431,0.7017448022575945,0.030122929357930622,-0.6918404050430409,0.69304907212436506,0.20258291531478512,0.1212848396071593,-0.16503701443011484,0.97880170185255588,14.78782357334029,-5.8690534820853166,0.48441441428580423,,0.1710961984751195,0.24,False,5
0.1760084408734213,-0.92040357499243852,-0.34911071006551064,0.98202534412997855,0.13961284622670439,0.12702155980334426,-0.068170757863642212,-0.36519243188984102,0.92843267686067543,3.3772376283704073,-2.1257942892428052,-0.81905504233224335,0.9362192590631586,0.6000536265449096,0.2686170212765958,True,2
-0.91549884193001319,0.40220234495384821,0.0097541856876864341,-0.40005062413896053,-0.90749395410068101,-0.12811799794228196,-0.042677494664427253,-0.12119404681887733,0.99171096316660279,8.2235264388259655,-16.313419955269772,1.3245209332050771,0.8247822283837202,0.5278075901379151,0.125,True,3
0.99607328648269566,0.066208387176990374,-0.058774632478517809,-0.038099398025774403,0.91982335520138592,0.39047846431799527,0.079915228996961019,-0.38670588913732362,0.91873397209468455,-10.913796447312258,-12.380751807022349,-0.96529386578337584,,0.57694039120107,0.4186046511627907,False,3
-0.94238723462033824,0.33156555491005685,-0.044391247130688052,-0.33109486985152436,-0.94342993717927492,-0.017780348475545216,-0.047775382600603072,-0.00205825923917307,0.99885598380660989,-6.5990901590938442,23.530292885364108,-4.770109364219878,,0.1080196953092524,0.3076923076923077,False,4
-0.21272046991800581,-0.90878438908919124,-0.35897205437979124,0.97131211225295788,-0.23664324123549907,0.023510784084211533,-0.10631454401237769,-0.34367267934088447,0.93305214602727204,-1.6190741861393971,19.901837040685137,-3.8877881143927175,,0.7252137313505898,0.5784313725490197,False,1
-0.98801470620046428,-0.12596557922758791,-0.089216664258807768,0.12378273221717252,-0.99186737767958366,0.029613177807823632,-0.092221339919035583,0.018214772710201558,0.99557191931002809,-9.6157066071080006,-17.104668085290335,-0.30563692638494283,,0.09904163111569302,0.34375,False,2
0.62743647966494975,-0.76452091377308629,-0.14775397249894967,0.77651839690077085,0.60024778121429623,0.19162927861360707,-0.057815597033259572,-0.23496887783466042,0.97028190913198442,0.82801257598583833,26.129775804693423,-4.4220539549186118,,0.2340633841398551,0.4347826086956522,False,5
0.7291475575330445,-0.64209907005251066,-0.23675435282439272,0.68417381808782807,0.67594844087268402,0.27386108143529836,-0.015812210051710268,-0.36166626815268349,0.93217352702905698,12.020620180745489,-4.3626625704057469,0.091627936447161551,0.634306508368626,0.4764960583005348,0.2857142857142857,True,5
0.55131942642535059,-0.78131586008412213,-0.29256181710371859,0.83374686710852919,0.5032707530475683,0.22712267767364114,-0.030216744244436287,-0.36913964282902578,0.928882593474183,8.1261677872239098,-6.0452126882533399,0.011925943890809323,,0.1151457164232901,0.3076923076923077,False,3
0.2323517526083605,-0.96621018721692198,-0.11158197514860803,0.96937922242597996,0.2206715186647058,0.10774044727499345,-0.079476953820755494,-0.133198930057466,0.98789749409689287,0.83049440863090807,-13.104454161645974,0.2855609681542135,,0.0748402001035275,0.4545454545454545,False,5
0.64206497294116771,-0.75850167244797817,-0.11147996867454439,0.76645874710852635,0.63183219541206792,0.11545157349120017,-0.017133578227720034,-0.15957220852763176,0.98703756299480738,4.4320316684816827,-9.9513399926025556,0.20162559618206857,,0.07746174518661703,0.1944444444444444,False,2
0.80946950525112615,-0.52555612069120794,-0.26182032784431725,0.58703799560340886,0.73354685333952252,0.34248416850070196,0.012062826635138191,-0.43092897089856191,0.90230522011893366,-17.721989243565716,21.600300755471789,-5.620992365200757,,0.7870997389566616,0.3157894736842105,False,1
-0.51666231477067437,0.85357871857321499,-0.066808859402903237,-0.85556316608744221,-0.51172677132743927,0.078405231593473429,0.032737155194676675,0.097668227718653466,0.9946804491715201,-12.513247116067854,-17.624455025293173,-0.5464898009384993,,0.0906745566600074,0.4285714285714285,False,2
0.90571180086791914,-0.40878557923303283,-0.11216275665168779,0.4225086828270615,0.89195061222772887,0.16096744479031286,0.034242469308353382,-0.19317985287729833,0.98056565192646483,-1.1655272715074338,-14.646316823985646,0.27381821335787432,,0.08676005172582349,0.3428571428571429,False,5
0.43483081681294433,0.89797155304114962,0.067596232725297106,-0.89285351691715698,0.42014724343966975,0.16213849375984141,0.11719538420283762,-0.13085634779754449,0.98445002827093075,-12.136244708054864,-27.551151740097058,0.68908111503046643,,0.2935428325174184,0.2727272727272727,False,1
-0.7515122309009955,-0.60939838831480386,-0.25271124059987637,0.64008954742078672,-0.76628201967746379,-0.055652831030229999,-0.15973333430709247,-0.20358160682720458,0.96593984868251082,-19.44307942252162,21.947233970647037,-5.8406746177642592,,0.2720814266242457,0.1304347826086956,False,2
0.53849764988501714,-0.82187405487833165,-0.18585833041906499,0.84182177861171437,0.51509259863185719,0.16129385570966417,-0.03682898482612771,-0.24331595252372823,0.96924763250892054,-12.408855305625876,-20.322289278173653,-0.20348991666126598,,0.1266410029555641,0.2857142857142857,False,2
-0.99651739824099117,-0.036293617541448421,-0.075072287355311129,0.034254661883546755,-0.99901317227105524,0.028271890070601102,-0.076024293105869958,0.025601854516330111,0.99677723283744546,-19.916595539849592,25.53046131403535,-6.2488187849370318,,0.259285522318579,0.1578947368421053,False,3
0.70427536907356203,-0.67874605601867355,-0.20808651074827217,0.70945261750307542,0.66218055140811238,0.24123412042014336,-0.025945867384425128,-0.3175227689094765,0.94789561829862157,-23.323319205498215,27.490592931854067,-6.8651474710412712,,0.3381652994831711,0.2631578947368421,False,5
-0.92066200648127372,-0.37501013216089624,-0.10839220727775663,0.37573820710459005,-0.92661384420826776,0.014407756362674148,-0.10584077448556978,-0.027462419744900435,0.9940037957462996,-14.325981545924511,19.630277960225712,-5.0412444125498403,,0.09892378765277383,0.3684210526315789,False,5
-0.9723418628721533,-0.19048581578262272,-0.13515345238631396,0.20063208371529123,-0.9774551403175783,-0.065789175787540344,-0.11957453194711366,-0.091085688515662067,0.98863811814903058,-12.018110843019254,21.07431248679886,-4.9990521968238744,0.437814097930717,0.3333291124817687,0.4893617021276596,True,4
-0.77258061853850701,-0.6099762376994402,-0.17620492984219599,0.62347556097010648,-0.78130534979160116,-0.028985776857523904,-0.11998921923101356,-0.13225331689246647,0.98392664738753366,-31.036179417957459,-11.170019109758117,-3.4075410570826659,,0.3244910419802519,0.1875,False,1
-0.34609670695687539,0.93805091876467461,-0.016659628998163672,-0.93642574534664402,-0.34429696820286626,0.067575299764756153,0.057653212274675486,0.038988094222009856,0.99757507768756282,8.3174750934711827,-17.837966571002795,1.5504998445467819,,0.1618728112516573,0.2,False,1
-0.2523457056817382,-0.96065379216619462,-0.11604282149575057,0.96148133001372482,-0.2624364360507021,0.081735971689601686,-0.10897383566261716,-0.090947284894684427,0.98987539342649655,5.9937483755374519,-12.253359822636005,0.64284869015648682,,0.07180271078030308,0.2272727272727273,False,5
0.29698732749702961,0.95367952655069299,0.047894550255920473,-0.94871265768164514,0.2890052080633228,0.12814165156928412,0.10836429513820728,-0.083494612702378734,0.99059872258593085,-21.27674481782125,-9.915472625301037,-2.389664045049928,,0.2014495133499556,0.2083333333333333,False,2
0.93232157952538364,-0.33180940376058837,-0.1438019190669475,0.35828111762262432,0.90151140100677574,0.24271760259586342,0.049103086525973963,-0.27781237091037381,0.95937957736381885,-10.309282208646412,-24.145974548522993,0.4702620759660498,,0.3502864523399996,0.3235294117647059,False,2
0.96944067350079377,0.23631082807050194,-0.065893649913795815,-0.22428910790439197,0.96256357660660763,0.15220301266974981,0.099394047295500623,-0.13277256315568242,0.98615022680892339,2.9171375822752887,-6.7175847709397409,-0.33327588958827509,,0.08808608235843314,0.2875,False,5
0.60380659512325296,-0.75617940000644246,-0.25221084570565316,0.7966918200946318,0.5619718285665527,0.22241809209654631,-0.026452589286621447,-0.33523182859546896,0.94176423887115812,10.23924485356117,-5.3805605408436623,0.10951644741068065,0.375991766152431,0.216863075897247,0.2372881355932203,True,5
0.41825998111576168,-0.82663155115630804,-0.37648222644629514,0.90700010298887468,0.35768683495650794,0.22228571991238477,-0.04908565345611661,-0.43444263917312798,0.89936099086688992,-7.4295287913488339,-22.962488688965209,0.66911526861557757,,0.3165627071612698,0.1578947368421053,False,1
0.62474954091525559,-0.77303361163883211,-0.11003202444197913,0.78055081804780124,0.61456248401579716,0.11425136185289503,-0.020698588625448933,-0.15726407255618136,0.98733964769574523,-20.754477569341123,23.066296625146958,-6.0569579416380259,,0.1039183282385971,0.1666666666666667,False,1
-0.28240429729686256,-0.95254125833539716,-0.11363522357563571,0.95293325222636671,-0.29217634398137743,0.080939488625497005,-0.11029972651619008,-0.085429123760549897,0.99022009429417246,-18.533991244523996,-28.296489073484551,0.046077379920453923,,0.2457713132403624,0.7777777777777778,False,1
0.98729223309549707,0.14202158699018283,-0.071301579913040064,-0.12672098178464755,0.97433385388720761,0.18605196571075469,0.095894938577803512,-0.17465225448900099,0.97994936132285304,-12.049136404543445,28.030481550978163,-5.8054242180160349,,0.2291078324192432,0.8125,False,3
-0.98657741354822737,-0.055041347434909509,-0.15373827483433911,0.075733854500853459,-0.98833080104599857,-0.13216130669079273,-0.14466993591943272,-0.14203055226367242,0.97923333882417574,17.31854368678939,-5.073582215151708,0.54528575090229747,,0.3525125717351272,0.1428571428571428,False,4
0.51138367448226552,-0.8271989654652192,-0.23287036953268114,0.85811869328811374,0.47702716334439355,0.18994050031812992,-0.046033093557967648,-0.29696288819458966,0.95377879895320106,-5.9898379018363768,25.67428182404608,-4.9510279960370793,,0.5416887472003775,0.7619047619047619,False,5
-0.81692186308108328,0.57467438816993399,0.048867342895264843,-0.57670614184508118,-0.81289949471680822,-0.081267690057725259,-0.0069782217141932806,-0.094571449553601833,0.99549361894039157,7.5043091981290493,-3.6495207342741178,-0.30586620360292788,,0.1776276351500352,0.2307692307692308,True,3
0.97821268675933104,0.19689616119809764,-0.06581672407939862,-0.18140237697372688,0.96483116887648046,0.19024718971045604,0.10096096815786199,-0.1741629044024505,0.97952752163414503,-11.220815749254458,-15.336874995123798,-0.66194635150794501,,0.08432422365479225,0.45,False,2
-0.68842864403874826,0.72513366469686658,0.015721653547330475,-0.72515070747021571,-0.68856709650338588,0.0056395982429410657,0.014914875876639366,-0.0075181072211371602,0.99986050254092729,3.5236244089120543,20.964098414442073,-3.6106696166723582,,0.2065326411784406,0.2916666666666667,False,5
-0.83677097362056951,-0.50812551757189262,-0.20401665642387989,0.52930295182789933,-0.84603102011469178,-0.063795753698546148,-0.14018816958772101,-0.16136905340240854,0.97688653676445669,10.55971348700993,24.494411085431022,-3.4561658667639987,,0.1503631421251651,0.3333333333333333,False,4
-0.94713118637939941,0.31906358956303849,-0.033777827086732173,-0.31724880543353295,-0.94702798752416339,-0.049911785150709334,-0.04791358094057159,-0.036557032990698853,0.9981822840044644,-5.1330084469425543,23.907871636944371,-4.6778635456647537,,0.1157050907047689,0.15,False,2
-0.28924831618690583,-0.87892115182654795,-0.37925324053319998,0.95083585029980167,-0.3096000038763187,-0.0076826677941849442,-0.11066434551241938,-0.36282977616463197,0.92526102055616188,18.962557493366326,-6.5538126514469699,0.86378797917318872,,0.3465452119816805,0.1428571428571428,False,1
0.54905467161695731,-0.80281446348248375,-0.23243903458525966,0.82737030887929219,0.48271582363128035,0.28713029377089394,-0.11831035271936488,-0.34996338499806928,0.92926222865244723,7.537450012766719,-8.871709731942703,0.36783427732853907,,0.4997921599689915,0.2307692307692308,False,2
-0.71513503144288015,-0.65926926477608483,-0.23226261714875551,0.68831192222338078,-0.72204929160148024,-0.069796262241992882,-0.12169052768536737,-0.20978288066331638,0.970145637753557,-12.675065805630513,-15.927859540029317,-0.77300246135508899,,0.357117030683969,0.5,False,3
0.47796677204427118,0.87785674743130593,-0.030253856132830284,-0.87028411753992907,0.477946526078317,0.11904903597851313,0.1189677249480896,-0.030572032954892095,0.99242734304415381,-10.117366749096334,24.794126316870962,-5.2363236019952737,,0.3601089325389885,0.1818181818181818,False,3
-0.41191318962541146,-0.86029581698137192,-0.30036416480161932,0.90376691848512181,-0.42779141245279789,-0.014137343581733644,-0.11633091276409568,-0.27728255393369894,0.95371982469668648,10.776987739076766,-15.806519434425855,1.4687129848312823,,0.5794889438457249,0.2608695652173913,False,1
-0.26157408527465464,0.96464468746473042,0.032243214151184266,-0.96158248386069101,-0.26333571681381013,0.077546289288784459,0.08329540590591239,-0.010720410263990482,0.99646723386107394,4.5741791530183198,22.949135311503039,-3.7601659451531355,0.3874631333872077,0.2169995569564268,0.3,True,5
0.97651179012125444,0.20839374237855704,-0.054742779356215188,-0.18105145065461983,0.93136591524984558,0.31587640641028547,0.11681222525935107,-0.29854577546546812,0.94721978652352989,5.079689268612035,25.684893802984906,-4.0185545085966714,,0.5304336413271146,0.5588235294117647,False,3
0.99417065293221007,0.082654971699253926,-0.069230546016464667,-0.066033870341514131,0.97436953819228789,0.21504309105541397,0.085230515756167968,-0.20921796934379822,0.97414762766615326,17.327732493305657,-3.5680918551358625,0.34150071827921263,0.3142271346302599,0.3336825047211746,0.6774193548387096,True,5
0.4223370902622679,0.87869121755025681,0.22256038818452983,-0.89887325720246769,0.3743346090905656,0.2278167419731042,0.11686851447257907,-0.29626904096962459,0.94792742638237437,11.59933070446489,-8.4399901283418011,0.58449489554791545,,0.3907257373298821,0.2291666666666667,False,2
-0.33901842176705471,0.94039618562637284,0.026861194350658021,-0.93895988040143408,-0.33999974732048838,0.052483471860463579,0.058488056037959285,-0.0074287200359435118,0.99826046772349331,-29.723217210410159,20.688637154888905,-6.7309347802557182,,0.2928692827049466,0.2666666666666667,False,2
0.9955342550435976,0.038150759807910016,-0.086348518000416957,-0.023346891019234553,0.98578680562950394,0.16637096058661938,0.091468408286824149,-0.16361202086905971,0.98227523480571233,-3.8432665162392716,-12.219752663948896,-0.31136932256959776,,0.09659276569318424,0.1794871794871795,False,3
0.73303889250044596,0.67983960363830009,-0.021727756594703926,-0.66873961983547436,0.72617032175130258,0.15957438600826543,0.12426303933199442,-0.10244401950591753,0.98694676650944368,3.117617781677549,-20.499322476466123,1.4471951174488107,0.4627587386401206,0.3567444959138321,0.9154929577464789,True,5
0.89848377842108051,0.43740533998456876,0.037462894537971719,-0.4258481556038286,0.84763741739015064,0.3164872146058561,0.10667824653131769,-0.30031213294360881,0.94785672679148292,-1.2257780969093302,24.952945126072827,-4.4728721158912474,,0.5924003873299163,0.5882352941176471,False,3
-0.97937536735973318,0.19639096541112619,-0.047481349115989127,-0.18973054412244494,-0.97470957680872194,-0.11808285863902582,-0.069470932309776717,-0.10663878085503897,0.99186791458427692,13.137049702408069,20.927927394649259,-2.8661884114619505,,0.6536449717127903,0.4,False,2
0.48760399622884254,0.87242339543850056,-0.033462844368332162,-0.86402420198805729,0.4877017247803353,0.12493680812789096,0.1253176812766747,-0.032006979517637035,0.99160023801005304,17.32258932524562,25.175712765438092,-3.0343876610077158,,0.642027615830289,0.8918918918918919,False,5
0.85961662929342431,0.51037054901770607,-0.024107122133840989,-0.50011903941664693,0.85013353984565387,0.16478443750083877,0.10459539691201075,-0.12959501195980766,0.98603495669269015,13.583471875868204,23.834902318780525,-3.1216054508832722,,0.161547155855308,0.3636363636363636,False,2
0.93756110709885554,0.34123773336297875,-0.067349682886153062,-0.33146688978822852,0.9352450734906439,0.12428335964882281,0.10539863106173195,-0.094199054351818898,0.98995841666684981,1.5246372322848638,-13.97208227297903,0.45618027271044759,0.2174402655014666,0.2289171885765752,0.2888888888888889,True,5
0.90968519591124508,0.4143327402560964,0.028305912664924979,-0.39862582956655723,0.85201587384150435,0.33936175200583774,0.11649159773260118,-0.31999582977590801,0.94022995941617082,-14.541305510497846,30.276437444697631,-6.267571139223814,,0.3534827768294923,0.2,False,4
0.93605723094881221,-0.34060552616251372,-0.088231150598860067,0.34908472657166506,0.93039731307504736,0.11180650024536763,0.044008113602236637,-0.13545743010366301,0.98980531952848361,-9.4274899013821667,8.0237836747570821,-3.1916751974824304,0.3915058569026568,0.3426051741829341,0.9775784753363229,True,5
-0.81007728521568145,-0.57397780036277724,-0.11968407023618234,0.57448088826993515,-0.81782236519153872,0.033738524050463417,-0.11724547321827651,-0.041425399011059988,0.99223859798266123,-6.0202589391989925,22.188527753615706,-4.523622005291128,,0.07487232001043863,0.4090909090909091,False,3
-0.97928083351090789,0.19052126972699032,-0.068634502255025501,-0.19278015774035739,-0.98084564001026509,0.027886219794990258,-0.062006934287889066,0.040539810735461229,0.99725205632565561,-24.682413478146653,20.734243565391502,-6.198630461980601,,0.1469052304957998,0.375,False,1
-0.93294448650131323,-0.34532705371465194,-0.10180280487078583,0.34606320787638462,-0.93814783338718588,0.010904075625019147,-0.099271553131335719,-0.025057307989642785,0.99474483665672042,-15.509278934966041,22.728655705786373,-5.5420487390191457,0.367710181506293,0.2897989520120375,0.8301886792452831,True,5
-0.61927247290523224,-0.7462868500523987,-0.24404413891897925,0.77792208693376697,-0.62531433362967015,-0.061799763898361171,-0.1064839469706583,-0.22811821846610428,0.9677929775739228,-16.553632475546003,23.478189165392976,-5.7499511280269306,,0.4874491154137923,0.5384615384615384,False,5
0.85936405523939163,-0.48175903968207057,-0.17146908831366084,0.51132604642891177,0.8136509941056187,0.27661839062925264,0.0062525839368456904,-0.32539251293714255,0.94555836293618889,-5.9937508239841364,-17.296660734050661,0.11036261476685837,,0.2203478720620992,0.2916666666666667,False,3
0.19465627733532434,-0.97654736608726245,-0.092000953701484839,0.97792218663782871,0.18594726297021996,0.09535099514620142,-0.076007437632381339,-0.10853044357189988,0.99118313758994392,-8.8531761594030733,3.2432023196978736,-2.5674378498055943,0.3914138314411079,0.3473805131765093,0.9731903485254692,True,5
-0.85470358864788842,-0.45600458113453013,-0.24807578990450441,0.49753667192336531,-0.8559349320892341,-0.14082844925944768,-0.14811831636851511,-0.24379338385961388,0.958449659785237,-7.1291231355481548,19.939123955518166,-4.3446936540653507,1.150702373197245,0.7360360732748773,0.5510204081632653,True,3
-0.97614161189516702,0.20726352876815379,-0.064725444527460152,-0.20791932267577126,-0.97813974599178888,0.0034917859565884446,-0.062586809990229933,0.016866148158094833,0.99789700082801913,8.8642346646704411,24.739170707460165,-3.5900882280716377,0.3274593607954266,0.2281393189982329,0.3636363636363636,True,5
-0.99064408935628212,0.1100405364982862,-0.080717832915863486,-0.10525568837042772,-0.99255246447597778,-0.061325731372167513,-0.086865000369143575,-0.052255962241960399,0.99484862472691626,12.920878059555388,24.652059693368102,-3.3077498764852247,,0.2246884641198661,0.5238095238095238,False,5
-0.40448211228852343,-0.83755716362665356,-0.36727676008194432,0.90715472030656497,-0.41839202059014102,-0.044926946613555341,-0.11603677979042973,-0.35134899283216203,0.92902602276346036,-28.124174535993671,17.498807691926888,-6.2168893558363783,,0.6202994096151646,0.2692307692307692,False,1
-0.56328122081243981,-0.78075015997500874,-0.27045046492665653,0.81728878651745696,-0.57458678209286884,-0.043463424588770366,-0.12146318665698368,-0.24551826315604125,0.96175229489924829,7.0979712002396589,-20.462594485159343,1.7965094390044163,,0.6093538939274543,0.3148148148148148,False,3
-0.66352656366941587,-0.71138985781504915,-0.23163974076773142,0.73726674245148127,-0.67436670790238207,-0.040832508469181614,-0.12716229700677326,-0.19787373112868917,0.97194430743184757,12.903318841096301,-20.625913083289628,2.2620283825153606,,0.4026325039395781,0.2,False,2
-0.51821476423563506,0.85523976734788076,0.0042893443494499001,-0.85470150217026997,-0.51805526333832996,0.033227794319474049,0.030639848499773234,0.013553024540536043,0.9994386000198886,1.8411995193996253,23.402657683630576,-4.0216088465674753,0.7849762027554525,0.4353066483759666,0.8333333333333334,True,5
0.9937932869231324,0.085531601132103383,-0.071128391478335273,-0.055448193926837898,0.93517165853572293,0.34982776742533805,0.096438584896131205,-0.34371254600221313,0.93410988918001936,-5.6676021337259552,-6.7522838034902195,-1.1059901225712698,,0.4472960515090728,0.2885572139303483,False,2
-0.99109159432370753,0.12476204708148958,-0.046603468421649433,-0.11482106596418805,-0.97773379438909547,-0.17564950930859258,-0.067480178361790849,-0.16873369230102769,0.98334905634302772,-15.505789834399412,34.372318223679216,-6.8083302400985142,,0.3711005066578286,0.5454545454545454,False,3
0.79819304327518892,-0.54050778103580643,-0.26596842727444503,0.60224885634670211,0.72594738138503689,0.33210949171816456,0.013571318881465316,-0.4252666670454634,0.90496634258068454,-3.7676733149083854,-22.181745474301302,0.94852967561213331,,0.4329554249848899,0.3823529411764706,False,2
0.71687374628975731,0.68297096000161006,0.14015241587275112,-0.68658062586863322,0.65658460258067131,0.31225583074751162,0.12123974621519706,-0.32007394059570332,0.9396028929761836,-6.303884178563564,-16.188747862883282,-0.061863690817569726,,0.1503128965447334,0.4285714285714285,False,1
0.89019123618650076,0.45557740753370018,0.0029645845614931221,-0.4413837165188404,0.86080831336431918,0.25335639410698069,0.11287151017313991,-0.22684416101753369,0.96736846589264314,-0.70504558731503142,-13.157195777397998,0.1467226939699886,,0.1265611665460965,0.5,False,1
0.96100085116396095,-0.23607452387068389,-0.14403535413700655,0.27111882326451076,0.906939023253578,0.32242238100279763,0.05451557331451224,-0.34889887830011168,0.93557342041504921,13.167707341553438,-2.3136825130408614,-0.088243824302268514,,0.7255924848241281,0.282051282051282,False,2
0.98182798718612618,0.18237738304920811,-0.052462307709082757,-0.16649667960507947,0.96048896820724461,0.22302420862468303,0.091064039326858137,-0.21023660980976894,0.97340017908215504,-6.6499454891437093,-26.054872213624847,1.1464256613814863,,0.6104836750900752,0.1764705882352941,False,3
0.34349937898582955,-0.87034028222265414,-0.3528682045423473,0.93711189507429249,0.2928813945137963,0.18984674044587052,-0.061882733832767732,-0.39588922931578269,0.91621080836515889,5.7518623676324063,24.12732339188215,-3.7928019816211234,,0.2482470090609813,0.5,False,3
-0.87991746664638348,0.47425507795923222,-0.02876409081637285,-0.47512549048289199,-0.87843021864925352,0.051148013228425063,-0.0010100415839668364,0.058672582981375128,0.99827676914886254,-10.185216289852733,21.322636579028423,-4.8560853998073581,,0.1282011765728061,0.4285714285714285,False,2
0.43794851690893261,0.89879380582144697,0.019255938155956026,-0.89300248922292991,0.43245696678577727,0.12460949450220973,0.10367087719758844,-0.07176814401560605,0.99201899312746944,10.395343256509163,-23.430533143059755,2.4296854491884234,,0.1270487234794502,0.3571428571428572,False,4
0.3122532928989698,-0.93931359318219976,-0.14208397072469645,0.94749412140761391,0.29707357618695951,0.11833080845454279,-0.06894034357156234,-0.17157291159922955,0.98275631009604791,-12.2016849042539,22.684312724105919,-5.1773065660789674,0.2713768198004991,0.1080688630295555,0.5625,True,4
0.8092010232532636,-0.52188644265673922,-0.26986708753933919,0.58740734518060189,0.72809247636656327,0.35331849185442171,0.012096065217601384,-0.44442759458600223,0.89573310666556927,3.4993854739140957,-10.957632549338213,0.27658863231399766,,0.6301661886441122,0.3032786885245902,False,2
0.99003652333936476,0.12639469431903788,-0.062064995787475118,-0.10792889693789663,0.9642456811672343,0.24203640130382031,0.090438021096611865,-0.23292627073460825,0.96828008176446312,13.567849760918099,-4.315611371136665,0.20390234396857848,,0.6111241039563223,0.4623655913978494,False,1
-0.98882767066749577,0.14087053638362304,-0.048737354270469324,-0.13345450617752441,-0.98228503350587471,-0.13155230036482002,-0.066405816787447336,-0.12357833519413129,0.99011042948119643,-3.3707324524039519,-23.583483946181683,1.1667842701553888,,0.5377473760932988,0.1724137931034483,False,3
-0.87785213445256793,0.47884026968357124,0.0093608849173183184,-0.47877494729812298,-0.87689694656889328,-0.042735172139945182,-0.012254789951285983,-0.041996919262201782,0.99904258112241329,-5.870765302519966,22.970369647948072,-4.6428020125578762,,0.1559727134766027,0.25,False,4
0.7474473406492026,-0.63659822977426983,-0.18990831157350671,0.66430800950002744,0.71803345792275608,0.20766035205980016,0.0041643091318267905,-0.2813727903542822,0.95958950149410194,0.3455175245380101,-8.9312752139966545,-0.27457982444129381,,0.3893712733851515,0.351931330472103,False,3
0.98410126967179479,-0.14986356523932942,-0.095318428670002175,0.16529222836908145,0.96915854412631763,0.18278456058359727,0.064985923638465531,-0.1956339136262232,0.97852143643772183,-8.0538396501163572,23.024137889702491,-4.8471274981834931,0.4355178308828901,0.4058317333758554,0.5964912280701754,True,2
0.87503731117716066,0.48395421829410235,-0.0099004365149731322,-0.47061433736180808,0.85534791398498933,0.21656890707354881,0.11327775385021061,-0.18484658676012794,0.97621713253035025,18.823335588667732,-4.663326407830616,0.60354654836313049,,0.3074865569126966,0.16,False,3
-0.42778216647781353,-0.82959412432978841,-0.35885374029127814,0.89619951931239716,-0.44093881057397949,-0.0489835371715103,-0.11759608678768527,-0.34255883320547448,0.93210761512023232,-2.2582888321120218,21.756174322818939,-4.1867591560003925,,0.3862993022540242,0.3098591549295774,False,3
-0.5864433071234636,-0.74768304060931712,-0.31153542064314488,0.80178050643748211,-0.5904669925640339,-0.092177818314601034,-0.115031591430135,-0.30384009195231504,0.94575310282095237,-23.671790633445806,25.05903062685092,-6.6116334309572471,,0.3574017625548426,0.3043478260869565,False,2
-0.84051651087038515,-0.529140054875753,-0.11637352482570344,0.52903240979569666,-0.84790518270686355,0.034373107578423628,-0.11686190285987705,-0.032674201825372229,0.99261054406803639,-21.899854949193891,19.781997670871856,-5.8010698094186246,,0.19329125694231,0.36,False,1
0.31410005601696539,-0.89024395177999471,-0.32985885031218731,0.9474112041827103,0.27149800835291188,0.16941322749262877,-0.061263080229500909,-0.36572467483004334,0.92870463400440351,-13.55135401592481,-8.448625084403341,-1.6878015133041089,,0.5057825027745982,0.1,False,1
-0.79003329283331247,0.61067759332387062,0.054039552432623816,-0.61250142072988867,-0.79001119429086031,-0.026913240217337361,0.026256538591769921,-0.054361658430306492,0.99817603871956639,1.2766789044463527,-15.712529770769603,0.65537306760064984,,0.2251155631481209,0.2758620689655172,False,2
0.98647327897932868,0.15571549256688888,-0.051216747597058139,-0.1385479751071276,0.95901443487521976,0.24717559000572012,0.087606669001191656,-0.2367361380854478,0.96761618034781827,24.858444277298986,-3.1734725602524105,0.75472532658782332,,0.3323618298525864,0.375,False,5
-0.98312287163181333,0.16935154151917051,-0.069206030513955005,-0.17127822380145669,-0.9849569489391089,0.022881844068607465,-0.06428988509739203,0.034349150231740372,0.99733993530416798,11.564518034895421,24.206734113135155,-3.3528986832055785,,0.7288451376308955,0.8461538461538461,False,1
-0.37533325405412338,0.92686317136504104,0.0070434344095840762,-0.92530067095102608,-0.37512368659033257,0.055685618398826492,0.054255107950540157,0.014383369772659957,0.99842350830459659,5.9734770238878836,-5.0001125767747281,-0.25687121100961668,,0.08333152483675722,0.25,False,1
-0.97839638934570949,0.20402059228962363,-0.033408131301666311,-0.19890882925031286,-0.97302253856475784,-0.11688634262078482,-0.056354085579912561,-0.10771600329934634,0.99258323563904005,5.5015009722197625,-10.60872194766247,0.41849263816725207,,0.2113061054707065,0.3181818181818182,False,3
-0.98369610865890422,0.17888845201263384,-0.018463140194795322,-0.16980642190954626,-0.9577233631862816,-0.2322320793633692,-0.059226217907327454,-0.22531063300181958,0.97248515349526699,-21.479443129935746,26.135042337414568,-6.4603151616810868,,0.7089601445218817,0.3793103448275862,False,2
0.98644970389912479,-0.13281710286613199,-0.096315101949672563,0.14601550506853142,0.97841024116255726,0.14626302426727,0.074809450986557863,-0.15834461523674759,0.98454584904341325,-0.098869476072539875,-18.402682699548588,0.84942808505720724,,0.108861822764892,0.2727272727272727,False,4
-0.075781319871525754,-0.98553271211877624,-0.15159968635303689,0.99238496460268044,-0.089350366732260419,0.084785576576134045,-0.097104446803771033,-0.14402008647622822,0.98479893435275101,-2.9456876035332087,-10.143039624877341,-0.47196140109918949,,0.1556882118443499,0.4769230769230769,False,1
-0.99297137124716506,-0.056110795297876465,-0.10420861065461472,0.064509578471841134,-0.99478078133622261,-0.079055116023442562,-0.099228877696518572,-0.085221920508366814,0.99140852028614102,23.150299110108687,25.461947197913577,-2.6376293198886103,,0.6353090932777762,0.5714285714285714,False,3
-0.97963281336722496,-0.14028205820219228,-0.14366800312099326,0.15970012689278643,-0.97803284212342123,-0.13396876202462937,-0.12171861174300681,-0.15418399357436777,0.9805161271905809,10.99558154679031,23.377599197217126,-3.2928053303852201,,0.7826266301150193,0.725,False,2
-0.96688974854329746,-0.21998529698218289,-0.12934714250241622,0.23471178236769494,-0.96554904163678457,-0.11236292721386043,-0.10017281756873603,-0.13900186080030874,0.985212611223787,-6.6475081622545895,-21.320095749187388,0.5398170363596283,,0.2652697755067271,0.2857142857142857,False,1
0.45128061524130003,0.8872128419057882,0.095912353035935483,-0.87913779203681808,0.4235591402056727,0.2184362546851161,0.1531748965074346,-0.18289622168237257,0.97112636828285659,-14.502382055883873,21.025575740820042,-5.2515508950834011,,0.4855034770051407,0.4838709677419355,False,3
0.96620559759060232,-0.21755487786545155,-0.13826285944365355,0.25333896843508658,0.90048606485640159,0.3534744885726242,0.047603679026239201,-0.37655639964868537,0.92516980475304411,1.5286908468190155,-19.641338823476762,1.1822818278446308,,0.3105399982244479,0.1578947368421053,False,2
-0.97093958891476584,0.23901310986243737,-0.012208521282709536,-0.23239567582793527,-0.9537871444945657,-0.19047921895413752,-0.05717136113913325,-0.18210660699378106,0.98161531118596046,3.4305381281614959,24.633077681649244,-4.0217327775495244,,0.1390210045404314,0.1666666666666667,False,2
0.66710475144011672,-0.72718899203249132,-0.16176347076144587,0.74486430241734869,0.64754940076769352,0.16080094698016262,-0.012182839994697922,-0.22776291057187037,0.97364040332018553,16.352661482668182,-8.7673021183648103,0.97473737423964868,,0.08823946927535649,0.2307692307692308,False,3
0.99374808485604482,0.083902336828177715,-0.073655561363106345,-0.054080550538550556,0.9389109836436289,0.33988447867886029,0.097673117583041161,-0.33377621645066974,0.93757847641330028,-20.317418369260743,18.617969915516483,-5.5317238546859642,,0.3826916104702223,0.2,False,3
0.99629721120771098,0.0397407103922542,-0.076240034609492469,-0.02211328183820022,0.97537378546952525,0.21944698992055556,0.083083510434273047,-0.21694850669310237,0.97264097987775044,-5.2526607906023344,28.11121557228914,-5.1996879153201876,,0.1008106827612932,0.2307692307692308,False,1
