axis_00,axis_01,axis_02,axis_10,axis_11,axis_12,axis_20,axis_21,axis_22,location_x,location_y,location_z,dbh,dbh_approximation,score,reconstructed,number_clusters
-0.49645280242312262,-0.86224256770179331,-0.10036119473803601,0.85671906191225322,-0.50530958717775398,0.10341503789312324,-0.13988232169368803,-0.034640663233628716,0.98956200438796038,3.505080094826992,3.3914590793537998,-1.6608091499712057,0.263775693206537,0.309403769240586,0.8904593639575972,True,6
-0.99922855106452912,-0.0058030331648859616,-0.038841054871987205,0.0039418849865361129,-0.99884803713757508,0.047823218724444339,-0.039073831143546831,0.047633218582207495,0.99810035177193723,2.5199523752100492,7.9253090745377568,-2.1905118206467713,0.2493807927445373,0.1682590462503893,0.6794871794871795,True,4
0.03338565105316163,0.97470688193652788,0.22097939408308578,-0.99287298315976746,0.0070358675810376151,0.11896947456724148,0.11440558384615652,-0.22337634358399125,0.96799502659459269,-1.4011998254510007,-25.363567790429322,1.5700710573618692,,0.4806675625988425,0.4375,False,5
-0.14634470781278203,0.98915268716519711,-0.012656538589282749,-0.98236951233784087,-0.14381275186628512,0.11944887454371279,0.11633300359014541,0.029914108285504067,0.99275967806976273,-18.473908852014155,15.565704424116005,-2.7079486360209231,0.505898291036385,0.4657829253909239,0.9732142857142857,True,5
0.030545869742476334,-0.9782553205320903,-0.20514257893556279,0.99261581660862319,0.0055842003435606566,0.12117201543640271,-0.11739161154048663,-0.20732907311127624,0.97120227809800108,-5.2701350608481867,14.31735756533249,-2.6317836276548041,,0.3584916582331251,0.4893617021276596,False,5
0.52219306304078605,0.85018645151845285,0.067062676404569935,-0.84444206091100804,0.50445762017147344,0.18011139668356144,0.11929799108305046,-0.15068346659602602,0.98135746913046584,-10.832108677161763,9.1797020593306033,-2.0841163042220781,,0.09808044516071146,0.3684210526315789,False,5
-0.75396089170086178,-0.64830987656222183,-0.10600602689242926,0.64851844345429444,-0.76028864136414953,0.037215726679388147,-0.10472250133214407,-0.04068766108456523,0.99366881401712848,-14.447490287981488,9.7269900542146353,-2.1149176229225746,,0.1703087841408812,0.3157894736842105,False,2
0.91378006838733106,0.40502946216548402,-0.030937378621729496,-0.39344938284708614,0.90144471035705132,0.18054090203203149,0.10101272075977638,-0.15280238527991397,0.98308080100136075,-32.699579143068682,5.0294751042426267,-2.0291216123182489,,0.2145632857610314,0.4827586206896552,False,2
0.38711243888156688,-0.9118983642478341,-0.13632803433369473,0.91732180719961798,0.36597474786182382,0.15679026106075725,-0.093084164599523442,-0.18575213917906372,0.97817763268805613,27.986342165346993,4.4249755896620684,-0.061891070571133452,,0.2235123450760001,0.9310344827586207,False,5
-0.88305796473664733,-0.44148429560000035,-0.15906051569683372,0.46019609463893307,-0.8810412429744654,-0.10948005597862981,-0.091805149061723906,-0.16987626354668053,0.9811798355496173,6.7533122076375616,-8.4609880294052893,-0.21442115542215415,,0.1992128391190803,0.25,False,3
-0.41671569390886409,-0.89539842377623691,-0.15687476900089586,0.90028492343583344,-0.43040093609477531,0.065131335337733451,-0.12583754242748527,-0.11409073979851109,0.98546852613771441,12.986769441111138,3.3362147808467464,-1.063850529240624,,0.09025865156110613,0.1111111111111111,False,3
0.065302400520524426,-0.9939446424747842,-0.088372191225125074,0.99197406082340001,0.055052468636960353,0.11382744989900162,-0.10827307670787895,-0.095096127116983897,0.98956236158594868,-34.185573960152574,4.839320027914515,-2.0483576674068904,0.3517128242134782,0.313841969442292,0.7631578947368421,True,3
-0.96422144156295453,-0.25694920694409035,-0.06522358991240082,0.2568396052157087,-0.96640017948124946,0.010203445067599529,-0.065653856115972825,-0.0069136205718631251,0.99781850705811792,-13.47330805125651,-15.965999785316342,0.45963479406710406,,0.1667150583647881,0.2307692307692308,False,2
0.56555463020504859,0.82422504153754095,0.028302670475927556,-0.81884677027276809,0.55711729038253943,0.13823997819253717,0.098172944681754082,-0.10135781005554209,0.98999427638408954,-23.536380373669765,26.933258338862061,-3.8166806353758851,0.52251562042885,0.493167527229749,0.90625,True,5
-0.92997783713293825,-0.3471555215582256,-0.12093083268206892,0.35355499590811779,-0.93473804443950015,-0.035547899316690793,-0.10069800052609246,-0.075814458575229629,0.99202423385771776,-15.350274943376048,6.0880421308037098,-1.8369947489426355,0.605263180513234,0.2275170096212296,0.3770491803278688,True,5
-0.92436157414843245,-0.37611133256463225,-0.063999576203966513,0.36965248402319811,-0.9244329199380289,0.093706016830977942,-0.094407209964652197,0.062960638904834151,0.99354075742034031,-17.83078461483473,10.529323025261872,-2.107945074155313,0.193929220115311,0.2318918300269176,0.8194444444444444,True,5
-0.55542788578229518,0.81847615740258162,0.14695796493866681,-0.82784209125042829,-0.56094159596973514,-0.0046901881672547219,0.07859602820453046,-0.12426305031839241,0.9891316184795842,-11.725881003650688,-2.776578699927847,-1.0200103476523104,,0.511199828291724,0.3178984861976848,False,1
0.83745460970553021,-0.50704699039394485,-0.20389489011596174,0.54398059582176461,0.80922712858783852,0.22189314033308627,0.052487027467319911,-0.29674029704427346,0.95351471307878621,-21.920035180747472,-10.608887067331187,-0.25234973548825812,,0.2925602057117266,0.5909090909090909,False,2
0.64244605379727904,-0.75185538331657642,-0.14824490054699138,0.76260914916973532,0.60820728581266637,0.22025254388315604,-0.075434432210467056,-0.25455329513143882,0.96411216483084095,5.9968596905953389,7.2551154841515313,-1.9724605792473673,0.4341964700325225,0.1857179865344336,0.125,True,5
-0.23259454610849264,0.97172443648051465,0.040637380171606542,-0.96611461240929009,-0.23565557665252262,0.10530434407855771,0.11190322966667439,-0.01476715067961594,0.99360937920843628,-10.440494087809997,-29.040930076711877,2.2992024932688491,0.8300801372308346,0.6362724315711922,0.2222222222222222,True,5
-0.81027513400523321,-0.55101465607595479,-0.19959222430319978,0.57310768513029808,-0.81618971610467961,-0.073361628727513437,-0.12248178826826751,-0.17383094118844214,0.97712896560697016,-32.241026127484908,-3.4318618515360249,-1.4402919258140492,,0.2512394134491792,0.3333333333333333,False,4
-0.96659471611244374,0.25272729484590772,0.042703269469374784,-0.25630378214263883,-0.95193210419401064,-0.16773085662495762,-0.0017395524950665625,-0.17307276921755477,0.98490750353141465,1.0554881955596382,-9.8405211871892071,-0.17960644915054425,0.4610760599124736,0.3031145945552988,0.3291139240506329,True,2
-0.98961547216820012,-0.13559653944780492,-0.047694818744698574,0.13345856857899274,-0.99001016936308395,0.045482689350160505,-0.053385650863841942,0.038645090858436683,0.9978259012645373,5.8072527121731454,-9.8633369113604417,-0.075452648195303659,0.3535414662346456,0.354537224655382,0.7857142857142857,True,5
0.96753311651988172,-0.24820154283952672,-0.047703905179806071,0.25258589293125044,0.95622847716739912,0.14774121343159519,0.0089462354903182204,-0.15499385015604933,0.98787492694386991,-8.9834225227265545,11.28972174718834,-2.2334639794406437,0.2942551880221274,0.2437880635017136,0.8888888888888888,True,5
-0.25111668760170019,-0.96334767513765251,-0.094348640768328912,0.95949482632515959,-0.2605964206403304,0.10704757729486866,-0.12771095279263667,-0.063645599661948188,0.98976722019900676,-0.6851275994389846,21.046688394626042,-3.1807962051514811,0.2563772771977377,0.2157361763089773,0.5,True,4
-0.98978356203401197,-0.13563717956101662,-0.043943780538271304,0.13533477024687549,-0.99075147230841287,0.0097989836685925952,-0.044866471774462457,0.0037517515168866465,0.99898594788468698,-16.858163156908901,8.5121471261210253,-2.0507989073440336,,0.1398376260262022,0.25,False,5
-0.90467113884937167,0.42610972845504552,0.00079363023514016778,-0.4258218885329893,-0.90412542586899169,0.035113153424529531,0.01567959754525524,0.031427911371637585,0.99938302797657952,-9.4449814166484654,7.9094621804752423,-1.9620893709191773,,0.08081582145298656,0.4285714285714285,False,5
0.35616543183190441,0.9343250409974091,-0.013524161089798203,-0.92591729204192852,0.35483483016652156,0.12949676288787157,0.12579091169768561,-0.033600015861387729,0.99148761236254446,10.573730147666547,-1.3414412738523123,-0.77518617768935782,0.5861848465311766,0.5437259622331715,0.9792387543252595,True,5
-0.650259637561866,0.75917750735738521,0.028494141161624922,-0.75581922909375354,-0.65026450271700487,0.076768284065303671,0.0768094830736131,0.028382896766082792,0.99664171821228265,-25.299970018005972,10.764771325635055,-2.3331167218527429,0.251846280631059,0.1997404227928815,0.6170212765957447,True,5
-0.008623814474297253,-0.9925806728540626,-0.12128164618147916,0.99353863431228684,-0.022231172130271568,0.11129580906121468,-0.11316630219632093,-0.11953820670518203,0.98635896365619369,-13.080962071682633,19.937641515198845,-3.1062062238380177,0.408158289000448,0.3418230866501383,0.625,True,5
-0.23742920822189958,0.97073673591596787,0.036021668844394068,-0.964049164798223,-0.24002405006377664,0.11400729469130941,0.11931713596533913,-0.0076579980539978956,0.99282665965959771,-10.70105632124694,14.719256201865425,-2.6014669571206919,0.3716628329822478,0.3437835186986131,0.8229166666666666,True,5
-0.30312732923541441,0.92459125673951048,0.23074841328047596,-0.94736913507915566,-0.31855180811815131,0.031882086569556378,0.10298322275971407,-0.20893959295813008,0.972490978017027,-26.320289683433611,15.866296816888058,-2.9466283297093012,,0.4948897583987297,0.5882352941176471,False,1
0.99418699730802573,-0.09736014263571216,-0.045969740151600283,0.10439809149692042,0.9761290963033975,0.19045478687004125,0.026329695696162218,-0.19414682581970269,0.9806190683179079,-31.427258315960234,-10.000214110292085,-0.60258826802922216,,0.127205899557876,0.2941176470588235,False,1
-0.91379700496289773,0.40611836383233629,-0.0065504411289696515,-0.40602918204082411,-0.91293230315630747,0.041169323348571998,0.010739508931846393,0.040280074625876329,0.99913071143671528,5.9349661449396587,-15.886152361147429,0.6197535600633961,0.2113663347653663,0.2166859177610124,0.4074074074074074,True,5
-0.66354527278343434,-0.73399682435457037,-0.14476302291733326,0.74327260454935162,-0.66880035363747203,-0.015872060383453249,-0.085167519003323255,-0.11813021972297738,0.98933904446100784,-23.581741192960923,-5.6855356170785907,-0.89828570977229938,,0.2983132441134186,0.1621621621621622,False,4
0.82718723082278478,-0.55256267900488742,-0.10215562116044349,0.56088202718322266,0.80081292788724634,0.21002382272374737,-0.034243784057446304,-0.23102627621030283,0.97234470377219062,3.7666090949813129,-6.110764450982769,-0.54951546834590481,,0.1214955581095607,0.4032258064516129,False,5
0.66862418982013538,-0.72468531450753526,-0.16665199586108212,0.73945268651208951,0.6243430498599648,0.25180444893133019,-0.078430970907039349,-0.29159381171189519,0.95332136857090666,-20.405754229288476,15.946080234159352,-2.7942473314241814,,0.2773908052383476,0.35,False,4
-0.29631299447141873,-0.95210913281221299,-0.075410931057484809,0.94907560420822479,-0.3023751256630331,0.088457791500003047,-0.10702386091042473,-0.045359481873592837,0.99322122943480473,9.932834632548067,-8.5627126644080587,-0.041774023723607875,,0.08506756316177914,0.2580645161290323,False,5
-0.99328917459624178,-0.10502985046505187,-0.048428773897407323,0.10355395858305237,-0.99410746544070794,0.032045667676483466,-0.051509157357666514,0.02681562354935961,0.9983124405926046,-29.344575433315619,-17.088367962104996,0.37240602933369127,,0.358022281639686,0.5,False,1
0.4135415331930013,-0.89073147169499978,-0.18862885690275899,0.9062652210200226,0.38277062762111586,0.17935996153006528,-0.087559976552710903,-0.24512056617631398,0.96553050627284265,8.2744569844768403,3.94303298909053,-1.4548003884948506,0.2479771469203733,0.2974828172501004,0.3734177215189873,True,5
-0.96412820844140945,0.26267894893244298,0.038165003279253137,-0.26537724172927118,-0.95084494198259417,-0.15958952308432162,-0.0056318078555924814,-0.16399288427814276,0.98644544534729006,-29.981023497563712,-7.39859580770203,-0.9147280064835438,,0.2100480074796779,0.4347826086956522,False,1
0.58290187097629909,0.80605857302898343,0.10244503725807608,-0.80254338208660514,0.55141570495731118,0.22773853471782979,0.12708079587932539,-0.21496580465950857,0.96831821946391505,2.8077378980523195,-10.254778029280509,-0.11089225122240931,,0.1332252638071474,0.3050847457627119,False,4
-0.79742849225986101,-0.5982742581490369,-0.078585696970784963,0.59444087191049211,-0.80125592863846906,0.068036656472800522,-0.10367183578223327,0.0075398181625003051,0.99458297874416568,-18.200521733167928,8.7071745543034744,-2.0712507155866535,0.2169319187981831,0.1138019776018837,0.2592592592592592,True,5
0.42140633271500899,-0.89290329948941627,-0.15855724678677455,0.90227171116291327,0.39522251422327781,0.17235116328641445,-0.091227528645888803,-0.21569159003527694,0.97219065825856321,-20.572805613133326,2.6240593925462483,-1.6036073577189998,,0.1679967542095105,0.6407766990291263,True,3
0.18172021486646434,0.97987852762612593,0.082558068086301423,-0.97537325032530242,0.1689376155489411,0.14179952257498449,0.12499914423203648,-0.10629277092020165,0.98644668421124759,-1.3115765578395182,14.238985520415435,-2.7397626057153159,,0.3588414894938123,0.2307692307692308,False,3
-0.51906103364695322,-0.84894013402882706,-0.099379536044760866,0.84513884634995651,-0.52712686891314753,0.088755813669212397,-0.12773399602149499,-0.037919822058345404,0.99108330293444169,-9.4132445940396003,-16.850331632780158,0.57775537460470783,,0.1264447777999534,0.2592592592592592,False,5
-0.040826208055015016,-0.97304795474982875,-0.22696012533708443,0.99455739007678723,-0.061367950308965726,0.084199599277707177,-0.095858325561730906,-0.2222873195484906,0.9702574550027685,9.8490544663084183,20.512923306103303,-2.8886129751675598,,0.3524747093234624,0.7096774193548387,False,3
-0.064099322072812923,-0.94287811591775683,-0.32691303955821022,0.99038401256150865,-0.1003485542731383,0.095234842982269224,-0.122600100213549,-0.31766495900346498,0.94024368609895781,-29.145385040172918,16.046800340484147,-2.9682152415778216,,0.5597127076095276,0.2631578947368421,False,1
-0.99390317662169259,-0.09875973424443342,-0.049020305928035551,0.097835495689474014,-0.99498281648978748,0.020914365236485821,-0.050839859210114205,0.015990928116250545,0.99857878954716284,-11.643583535653777,-31.369814750548986,2.6450582858645695,,0.2907534640913086,0.5714285714285714,False,1
-0.080391062483445616,0.98905592391713171,0.12371603144788226,-0.98988779416233785,-0.093772381928617546,0.10643728367379397,0.11687357289483774,-0.11390838315007434,0.98659284824436677,-30.968464369039836,3.207931052278528,-1.955527913928421,,0.1133143978437416,0.5833333333333334,False,1
0.95378520846337755,-0.29425260222339222,-0.060903055762706895,0.30031395607534289,0.94036625298014531,0.15975868690766024,0.010261768992246331,-0.17066551010923375,0.98527558568976348,11.650528704817534,-4.4456626353543509,-0.29583773318261253,0.285085316620173,0.2027268703655556,0.5,True,5
0.96907700703455268,0.24659539781745754,0.0089701846247972547,-0.23754303715480188,0.92242742827814195,0.3044682989400464,0.0668061369652935,-0.29718403277333533,0.95248023114831681,-15.030543020905435,24.967157450849097,-3.4456554388065732,,0.05702914194312956,0.25,False,1
-0.43141044307024584,-0.87946855566787019,-0.20104747996780195,0.89338297449137472,-0.44747465361924654,0.040414047771514347,-0.12550653568192072,-0.16217735341225903,0.97874747281477947,-8.2701475095943167,-18.858987442271864,0.77857572300359723,0.472775909384041,0.5949613658742996,0.7720588235294118,True,5
-0.69501986682155203,-0.69710113061158407,-0.17606078048050389,0.70667560595656165,-0.70744579453501943,0.01140332147411878,-0.13250272702582125,-0.11649232375897979,0.98431324578914114,8.1912770154470813,12.328900407881061,-2.2291588697797136,,0.3063180782456446,0.4137931034482759,False,5
-0.4999415895644071,0.8659554536127485,-0.013399976945974806,-0.86168260321058276,-0.49580214889914076,0.10808940961642685,0.086956876370113872,0.065584918276484147,0.99405086396351938,-3.9166814291327601,7.4921800277178798,-1.985986889313168,,0.0674052390204694,0.38,False,5
0.83376231223960551,-0.53708683715232797,-0.12797709188200609,0.55151699936826171,0.79930250240087897,0.23863048645033064,-0.025872883424454866,-0.26954264785632992,0.96264082340710178,8.7306781053193827,-18.385125239357286,0.97484700534106106,0.4170843413519666,0.3853100457126645,0.3529411764705883,True,5
-0.80436113795461983,-0.58876193532247467,-0.079765551860963124,0.58554870654287561,-0.80830180351026848,0.061489077957091819,-0.1006770679664202,0.0027528089984810745,0.99491534817204597,2.0064576001963341,7.3663639044533094,-2.1638712797773345,0.2869102914636849,0.2693924945387796,0.3975903614457831,True,5
0.9965136694012966,0.082412670899361995,-0.012986853799066236,-0.07774423308314006,0.97376520750281037,0.21386246720573604,0.030271123512008283,-0.21210721895363108,0.9767774499593439,19.571460797933351,7.9600446220826537,-0.95086866207973897,0.3596871566877438,0.2681641447150339,0.4545454545454545,True,5
0.55753448777851899,-0.80039583974398609,-0.22027663211985132,0.82690767300067936,0.51200460188648733,0.23254029323895981,-0.07334163394788927,-0.31179767056150287,0.94731368477515121,-7.5804252478154268,29.310522037778778,-3.722572647049486,,0.3202866047707028,0.1578947368421053,False,2
-0.72904808573566127,-0.67848842753236338,-0.090234928879176238,0.67588133985641252,-0.73443455524350187,0.061565400170719042,-0.10804306141103867,-0.016103967490693039,0.99401577407604047,6.9671570100440965,5.7680502736012302,-1.7541241514733765,,0.1099572632133729,0.4,False,5
0.69001997400680626,0.72295577552762114,0.034747404261376832,-0.71599354467876086,0.67477239404136136,0.1789845250797788,0.10595130697632213,-0.14838181448865856,0.98323809816293406,-19.633743266305864,-8.3302143304897793,-0.4531674896654409,,0.1143487241270872,0.3529411764705883,False,4
-0.52632721838014829,-0.8454822507372326,-0.090218750160480476,0.84110891560205381,-0.53325356192705398,0.090423618523296931,-0.1245610343845652,-0.028291383501219826,0.99180852301874967,-48.887542659269819,13.145866514949853,-3.0849230156493159,,0.4895071231011731,0.9090909090909091,True,3
-0.85671778648634822,0.51240203828202646,0.058981229915599828,-0.51475758692568629,-0.85661753963224008,-0.035085858929949504,0.032546290424202866,-0.06041971498470175,0.99764231918097324,-1.1519070914749128,-6.1090703630748084,-0.65412276918192447,0.2473219360010835,0.1766290033629231,0.4010554089709762,True,5
0.80690991473626961,0.57402560553701398,0.13925154824334732,-0.58438147122039164,0.74149034365079147,0.32968222027722471,0.08599235776855689,-0.34739987688612428,0.9337658378549244,9.2267795005614648,16.489674699355284,-2.5267998915209882,,0.4692755615255235,0.2631578947368421,False,2
0.86134343106324873,-0.50533946394108575,-0.052149016749378337,0.50727871231122201,0.84998288318314075,0.14211757924881754,-0.027491849702399741,-0.14886612938950061,0.98847512549407601,-4.0329126189368321,3.1501516746649196,-1.5991186271837308,0.37799820224446,0.3562683843713493,0.9587217043941412,True,5
0.61210826297098109,-0.7870462154922363,-0.076692431712642242,0.78753616964874251,0.59796093674237605,0.14909560565344793,-0.071486053868126759,-0.15166071610516035,0.98584419219917019,-39.362743400770213,-0.23700138318681976,-1.79738332083257,,0.09190152266776576,0.5,False,1
-0.99617881589390234,-0.058410113574256808,-0.064930927888545056,0.064771386973846351,-0.99281409069863769,-0.10062230736632924,-0.058586979728513545,-0.1044434772615418,0.99280366934445341,6.1952161486718529,28.844262304801514,-3.6532093291971708,,0.3646622070252354,0.4375,False,5
-0.64042866071593618,0.76788599697889826,-0.014220625067747933,-0.76516291043795515,-0.63634379020596632,0.097940293834685568,0.066157773720945029,0.073604866075757849,0.99509068564943337,9.1443489608590234,2.953192761183173,-1.2846808129249285,0.2950343068079777,0.2843759228262593,0.4948453608247423,True,4
-0.71266627763782953,0.69320381647151608,0.10758831510515229,-0.69785880219044361,-0.71618914430477865,-0.0081364479540416146,0.071413366558088387,-0.080880024785570354,0.99416223659296499,-34.405191383658639,-9.10628102570805,-0.81703649037519155,,0.5469954999741076,0.8043478260869565,False,2
-0.33403980408335765,-0.88795152118092135,-0.31616373182330637,0.93405120810689946,-0.3568132221334786,0.015253365030911833,-0.12635564855594505,-0.29021788460260733,0.94858200991521757,-28.822997790508584,14.16601655868943,-2.8181914176657301,,0.1142857921011074,0.1666666666666667,False,1
-0.99520952112236694,0.09624808982327504,-0.017155590131530427,-0.095592930928024955,-0.99478319325892905,-0.035614462878989367,-0.020493916755469875,-0.033803899404356345,0.99921834238622775,-24.5687013012721,-1.772328720980294,-1.3178553347547819,0.4134949223002296,0.4426053345833418,0.4411764705882353,True,5
0.77692513384807882,-0.60302570039525361,-0.18096226418222833,0.62792209312456437,0.72123921681471437,0.29245142689780712,-0.045838644844833625,-0.34084306768850553,0.93900203506034952,-25.839813176987882,-9.0838961773582838,-0.54670853554446208,,0.1552278103199801,0.1538461538461539,False,4
0.37902804284464753,0.9083402636558352,0.17679283967119536,-0.91853019942659286,0.34607963240940004,0.19113126581676615,0.11242782341885357,-0.23483367188932544,0.96551184926352773,-7.1843564967153224,-37.206981646154254,3.4269188846318035,,0.3705200163242362,0.1428571428571428,False,3
-0.98509968398541115,0.16867945000704171,-0.033553774112116456,-0.17050557004148975,-0.98339162256056623,0.062199415290862599,-0.022504737205122641,0.066993729729135851,0.99749956239604909,-18.160459260118916,-3.6916962752402469,-0.94491764063232409,0.4086069753547616,0.4094610567592966,0.7637474541751528,True,5
-0.30184683713353339,0.94654596840852478,0.11375067736962667,-0.9463307365969672,-0.31194068887633081,0.084564434576244935,0.11552758927772176,-0.082120255192777603,0.98990385381750567,-9.7837769087000339,-13.566600882385522,0.13701048260427479,0.3181721571291439,0.2369347252308778,0.3095238095238095,True,5
0.384144616054721,0.92276814150206665,0.030526561958271914,-0.91452587583622535,0.37575676476449982,0.14983082513188273,0.12678854988584531,-0.085474035604606591,0.98824028093136662,-12.398412233848211,-23.01031846342395,1.3541960024651993,,0.2048407972013314,0.5789473684210527,False,5
0.21784603555575438,-0.96580341284322702,-0.14059471018860539,0.97152867424060407,0.20084248787201314,0.12567549559749397,-0.0931404311828994,-0.16396970087719637,0.98205844901070305,5.1790232238613232,-14.648714142900884,0.43676745143301293,0.290511142878333,0.3279088070878902,0.609375,True,5
0.54083630503845825,0.84059716788308936,0.029874612956109443,-0.83390223421653054,0.53120654794658173,0.14975535779181653,0.1100143396154646,-0.10590564085829213,0.98827164297745984,-1.4977924503647682,7.9914302665718848,-2.1562418538366432,0.1488890511492325,0.1767773600300852,0.3272727272727273,True,6
0.94334772113414989,-0.31803590427449957,-0.094595140590344073,0.33179265265243357,0.90669934900482896,0.26040339122231188,0.0029517243887510203,-0.27703691830967259,0.96085474095547463,9.6794976459719724,-34.227023879101765,2.5391149840030742,,0.2408425982746304,0.2666666666666667,False,2
0.22782177804736656,0.96586102802515594,0.12332766108836045,-0.96427363909075492,0.20621448846293661,0.16628870587818431,0.13517982986380922,-0.15680580120058818,0.97833447977050902,-10.605769721074653,20.726714047234331,-3.1419721590054182,0.4849352381504481,0.4862838688234372,0.2195121951219512,True,5
-0.64921902866798575,0.76038266937770127,-0.018244147703819942,-0.75783195951177951,-0.64462385662567101,0.10075120153915264,0.064848854715666843,0.079235595404389361,0.99474436236802988,4.8222431430898496,3.4952205916792458,-1.6200891678000748,0.2431783919356215,0.2122457651529087,0.7955801104972375,True,5
0.22794981429740063,0.94961104714869582,0.21512261920806691,-0.96548496287144137,0.19185451094949363,0.17615513928768256,0.12600662137726273,-0.24785218530706757,0.96056838674172429,-22.787865291513942,23.923190320863718,-3.5483591202485631,,0.411475305651344,0.4,False,1
-0.086003857589022625,0.98579475197721389,0.14426379814073964,-0.98956668797847858,-0.10132253037012795,0.10242809615872137,0.11559025271670997,-0.13394943752617799,0.98422377621316837,-10.105688807854138,8.4137596255638147,-2.0233210605208116,0.1946389436001129,0.1311946603489265,0.3265306122448979,True,5
0.42716848632831561,0.9023558196476551,0.057280529292109042,-0.89619864675358196,0.41415628367891888,0.1590677787809803,0.11981264476266204,-0.11928347512239575,0.98560457726093209,7.7001727756647282,16.356451648893426,-2.669596875697958,0.5934721445518965,0.7546295857180314,0.8051948051948052,True,5
-0.502828023522781,-0.85746524727822848,-0.10916651716648534,0.85552512263573877,-0.51172581887658841,0.078825445347233514,-0.12345340537740693,-0.053759055099321412,0.99089314292488162,-24.016593089908067,-12.92750053384826,0.0004641872832689199,,0.5342867965871481,0.1,False,1
-0.99406516687887025,0.1081217033516533,-0.01200588449143776,-0.10558893935609888,-0.98551495760200336,-0.13270736312795928,-0.026180524894255174,-0.13065207846436691,0.99108254676853369,-1.9040498604318321,10.785071385451644,-2.3960687484755638,1.304778286979902,0.6383844089893007,0.34,True,1
0.49077085492632777,0.86965543702595283,0.053323435805267515,-0.86366190141957133,0.4774830713089312,0.16154886768318394,0.11503081322502352,-0.12533689586305824,0.98542304344083642,5.7632256968094229,-7.9705939238228956,-0.31341966081476308,0.3407283467023358,0.2711086326402968,0.6134453781512605,True,5
0.33434790258003305,-0.92147989847391498,-0.19770249555541203,0.93558587197812337,0.29925614402419076,0.18741621172862527,-0.11353658527218698,-0.24762987899742228,0.96217923841270603,8.1731905079726275,9.7559803120824213,-2.0021957649360789,,0.3278617521859354,0.2727272727272727,False,4
-0.96586744931265545,-0.23904197798947135,-0.099794805060920838,0.24908574807903902,-0.96282833863572681,-0.10448866170007429,-0.071108089991024137,-0.12577966083134492,0.98950650147383135,-30.600611696372312,-3.6228379928569971,-1.3441299905076449,0.6822663659780904,0.42104232654036,0.6097560975609756,True,4
0.20618249219076379,0.97834868627876304,0.017961847639454687,-0.97053287479401007,0.20212679062683045,0.13118955543400027,0.1247185585952581,-0.044481553114912517,0.99119456847503218,-4.5455090691097935,-19.619723748752907,0.78037549890872049,,0.08161090014548994,0.3333333333333333,False,4
-0.55804937540772537,0.82969246048996292,-0.013831688731282599,-0.82614178835806029,-0.5539417323817416,0.10314214780806559,0.077914312777521672,0.068985347226976135,0.99457045086428142,-8.6882192447784252,3.6127556948565629,-1.6751549524560778,0.6946352720306915,0.5606249648287234,0.9981696156192801,True,5
-0.38977158922058402,-0.91775310356708095,-0.076205965182862101,0.91170675247095379,-0.39622294416823545,0.10861940900926624,-0.1298803516138119,-0.027140733366039477,0.99115814825739401,4.278455338637591,19.767723302923226,-3.096120922048768,0.3172360807145589,0.3451602896798326,0.5957446808510638,True,5
-0.35254709534573248,0.93568572752792234,-0.014239552795955027,-0.93046029534194641,-0.34887475837752902,0.11193766908059845,0.099770658790366756,0.052712638594198405,0.99361320108831719,-10.642524438205143,-5.6450065325402763,-0.66079902401245483,0.6638850586349286,0.6461430361876751,0.9672293942403177,True,5
-0.59794026443854231,0.79678028885168228,0.087227355001736007,-0.79928116573407448,-0.60087896024365339,0.0097001669721682726,0.060141984220240835,-0.063919061585250986,0.99614120249095006,5.8260438096606917,-11.955025155070896,0.18225230273141663,0.2396595968940594,0.1576209121910925,0.5764705882352941,True,5
0.71747097532453497,-0.68347407873999488,-0.13453097508520523,0.69440418737779352,0.68647418639772173,0.21576843133733034,-0.055120088162547258,-0.24822645930702347,0.96713256629112199,13.313648979424705,12.915295939974589,-1.8636614046129241,0.8752921131599468,0.4524338556209525,0.6571428571428571,True,6
-0.93419934694077555,-0.34425071681261427,-0.093611025789865784,0.3496193350850722,-0.93564876001890851,-0.0482464341661826,-0.070978170659025008,-0.077800011883553233,0.99443916729019588,-26.697712188430113,-10.100902587355687,-0.4533512007496816,,0.4434595719489448,0.2413793103448276,False,2
0.77623207800906735,-0.61844311421773712,-0.12244131470379319,0.62951651530378605,0.74977852629919006,0.20381638418045248,-0.034244970864412326,-0.23528764518623305,0.97132229769176703,2.7506274607215668,6.130480648130102,-2.0344962422492792,0.6017540237666302,0.4864643263886919,0.2638888888888889,True,4
0.28478000929922259,0.95853612187457615,-0.01043308991534362,-0.95030909613094461,0.28373007168004866,0.12810100793990972,0.12574962470847026,-0.026565945985064204,0.9917062480390032,-17.22654661044011,9.4177937411425034,-2.0796628445750676,,0.1001735864596941,0.4,False,5
0.82423248594753407,-0.5399762278247412,-0.17048895123412541,0.56485047891224227,0.76287464337870858,0.31458896192082031,-0.039808863100562163,-0.3555952078894935,0.93379189466640244,-3.0079551125641184,12.835582159758406,-2.528166456841979,,0.4240205545610259,0.2560975609756098,False,5
0.00067067261034546013,0.99544415910188555,0.09534398936582264,-0.99578103850159772,-0.0080838512220378425,0.091404456729963723,0.091758779192672321,-0.095003039211176463,0.99123899690322426,-3.8814191627873891,-23.362815105957033,1.3320766609562489,,0.1849857787760037,0.5333333333333333,False,6
0.78723486100607942,0.60834180034427165,0.1009035557878423,-0.61275499870421068,0.75334463687307318,0.23875336575131459,0.069228499765215112,-0.24978413089799917,0.9658236395801203,19.727888067588932,-15.325749291106728,1.3618667597052161,,0.2208159153968421,0.2083333333333333,False,5
0.97442736333178737,-0.22140560141099974,-0.038351965452825675,0.22433930018040452,0.94887315437668562,0.22206218790646304,-0.012774661828304487,-0.22498732534761265,0.9742779436321547,-8.4437642671403896,28.196005795069578,-3.6571391636643664,0.392268095016427,0.3335404274497547,0.3571428571428572,True,5
0.99748969374369989,0.064402704172542791,-0.02943811424603638,-0.057022574648121445,0.97703299712294844,0.20531670295776519,0.041984959873723506,-0.20312265808671295,0.97825275308387927,-1.0849357054120221,-30.624864542941285,2.3340236379492203,,0.3144438009776404,0.9272727272727272,False,5
0.95800134686102956,0.28571600168499406,-0.024490524567527622,-0.27798895608770374,0.9462593381355302,0.16527372835564597,0.070395736417207685,-0.1515243590068856,0.98594361345962911,-11.487742103095943,-15.188556310970714,0.33612296993447088,0.3159436807379584,0.4833642722619358,0.8111888111888111,True,4
-0.75670474595059078,-0.64245073569785904,-0.12105775339535865,0.64995419536117471,-0.75923604957697655,-0.033468865459626199,-0.070409313221046405,-0.1040080440351929,0.99208107299137283,-22.16048750839494,-12.356727074879538,-0.029820317849066757,,0.4054049954526254,0.6461538461538462,False,4
-0.69082710536921232,0.72269141566142425,-0.021795142038586356,-0.7214715156448015,-0.68706247169793755,0.086162707115746584,0.04729442462266082,0.07524810770781909,0.99604264953163746,-6.2670565579329116,7.9175091028456865,-1.9689788211206989,,0.075339961442953,0.3333333333333333,False,5
0.12065609054455878,-0.97117981124215957,-0.20555262598698709,0.98603088038951248,0.093297119288445973,0.13798097858313579,-0.11482687286861702,-0.21932948221367882,0.96887014996804066,2.7801236603274533,-1.7978783221811725,-1.076318754160791,,0.1843148482512694,0.15,False,1
0.93696073100516564,-0.34678138503314798,-0.042979757430189412,0.34938946902166046,0.92774774672237625,0.13119114828492051,-0.0056202749958012832,-0.13793762882565985,0.99042497094071991,-6.2531510763949347,39.033058221604271,-4.8855790797435468,,0.3985335510947593,0.3684210526315789,False,1
-0.67525801560214171,-0.72755610405249271,-0.12119706193228003,0.72913553992840241,-0.68324781953700786,0.039163522712365756,-0.11130128830510214,-0.061923602558987462,0.99185557954156889,13.740568528985865,3.6706195754734536,-1.0286531724697177,0.634453885705839,0.3458065725344868,0.1538461538461539,True,5
0.50875128678820269,-0.85518055511856783,-0.099188438532158113,0.85704329718004579,0.49217922163450067,0.15243490594353312,-0.081540879012338155,-0.1625602409519521,0.98332357498004674,-24.637512394827969,-1.0277057947579478,-1.4125450269054933,,0.1206473358811959,0.5,True,3
0.64303094336853428,0.76529400182415597,0.028918793933035515,-0.75428415058154052,0.62634128816884138,0.19685530451699837,0.13253914912981984,-0.14839704008828788,0.98000596551295449,-9.2034933649426076,-27.959989191379663,2.0454077615859338,0.3621639591329637,0.4876605050956616,0.8048780487804879,True,5
0.97663624633435331,0.21252628065502355,-0.03184685819491518,-0.20515183007250914,0.96616930307886306,0.15629972618659532,0.063987256261268263,-0.14611453664521712,0.98719611689730047,-7.7576102482330889,10.205452654094255,-2.1670394615098991,,0.06785813960275053,0.3666666666666666,False,5
-0.83769983606858167,-0.5430601275833209,-0.057833229893024599,0.53743840122146636,-0.83854978561873372,0.089410412879544862,-0.097051272754077739,0.043817289600838277,0.99431438468366251,-4.7486411800123802,4.88731535747264,-1.816465157061609,,0.08689045591967264,0.5374149659863946,False,5
0.96331009745846186,0.26812782013325298,0.011879739271520078,-0.26255620290197335,0.93226549808755543,0.24888809009926488,0.055658750006330616,-0.24287550956436896,0.96845939016645455,-19.467000541646307,3.0482584661598131,-1.6134283808206464,0.3085335165052155,0.2496599559188972,0.6153846153846154,True,5
-0.81258733318471299,-0.57649957506554683,-0.085732525315659253,0.57455553382587288,-0.81703657089128456,0.048344393431684909,-0.097917130767924479,-0.0099740551158933113,0.99514458935710548,11.44041005530816,-7.1169747758823521,-0.048449938532128978,,0.1220836237734934,0.5,False,4
0.046557210164007941,-0.988530941703616,-0.143662811737438,0.991869064351945,0.02869571539908523,0.12398514063923993,-0.11844064067431329,-0.14826710091013739,0.98182925268315424,-1.1618934510066932,4.1053643545934966,-1.8155682445345809,0.7936981156478143,0.7081759393994692,0.3307392996108949,True,1
0.94538049465471807,0.32534064442129124,0.020228331961385203,-0.31709929321616065,0.90350657900691134,0.28831215710240055,0.075523231976740268,-0.27897907946433326,0.95732278498582746,-28.945280611781605,4.4832077153781009,-1.9966691757000259,,0.1073132191964607,0.1818181818181818,False,1
0.54951677244207919,-0.82487031898792962,-0.13274137884469672,0.82980533403197143,0.52035955745672169,0.20161606725539583,-0.097233864558228841,-0.22094091476273836,0.9704280951038442,6.5229605917978892,-1.8113723596087348,-0.95093357931909195,,0.1742573568169259,0.2380952380952381,False,4
0.95160808844861544,0.30721862697227409,0.0076655880689626629,-0.29870250793683822,0.91879013540352061,0.25807266193346257,0.072241662158448405,-0.24787376288435786,0.96609509879831901,-17.437380691461382,-3.0532871894385734,-0.97281189599319096,,0.09048561169563125,0.3125,False,5
-0.74348072236050688,-0.6617837589611244,-0.096325862848886598,0.65955467249196686,-0.74941660825270029,0.057986043743578526,-0.11056242341913702,-0.020420667234499805,0.99365937165478624,14.889896029060074,-0.43529372507909408,-0.52370727014155516,0.3710320106393486,0.3953545869625495,0.8532110091743119,True,5
-0.99757473104157546,0.054612984443218153,-0.043151800860818094,-0.05789288567448788,-0.99520629482732825,0.078821599351574317,-0.03864026107064443,0.081128618047297277,0.99595435515796937,8.3473913673209648,6.8130078103745433,-1.7231243857442018,0.2049284716814115,0.1192838469043042,0.5535714285714286,True,5
0.99861507035950647,0.049467444995611218,-0.017914048578817093,-0.043614225844788405,0.96880300995071744,0.2439641924840405,0.029423469456164364,-0.24284501188213922,0.96961877026444043,-29.212159026074822,-9.6474071492281208,-0.5937938454618199,,0.279217611031787,0.2592592592592592,False,4
-0.95338824877878936,0.30044708072621806,-0.027971392057031259,-0.30174630731528024,-0.94924793853645262,0.08875537846175037,0.00011450810945171086,0.093058599105023954,0.99566062693093593,-4.4752723256542017,16.430781818758188,-2.8067271014371515,,0.1241643776976569,0.28125,False,5
0.19029094025707494,0.98103280842314344,0.036932192643814143,-0.97326564914490843,0.18358844654582543,0.13801905118291383,0.12862089352286246,-0.062208609470812547,0.98974075123594341,-26.568913165043153,6.9361108470442421,-2.0099394447941474,0.2097199819010343,0.2454477024111441,0.7714285714285715,True,5
-0.021983184616692339,-0.9967482041163912,-0.077522623696946666,0.9921548956008881,-0.031295374379810288,0.12103413848009691,-0.12306665969831225,-0.074253734809620761,0.98961658238811023,-4.5893541484697469,8.2003815582014532,-2.0088941176509021,,0.09328341359105999,0.4025974025974026,False,5
0.99473347158130709,-0.09204970104335633,-0.045079630140786739,0.098379129443841945,0.98087015623385965,0.16797405603138785,0.028755302218428869,-0.17152431066059637,0.98476014513521737,-20.561408411424573,-4.6595291498147215,-0.90613900264158587,,0.07332693784699668,0.3157894736842105,False,4
0.44176748197605514,-0.87516121795692603,-0.19731785132796753,0.89313617952337621,0.40830206717865614,0.18867216743341786,-0.084553277257143136,-0.25958094021284811,0.96201272277620664,-10.972890400459434,-9.2967699025505919,-0.19402336068425519,,0.310605221219471,0.4705882352941176,False,3
-0.13789075469541109,0.99026016761014146,0.01925980826140563,-0.98245757001454603,-0.13921750951347536,0.12407903999459352,0.12555183348181148,-0.0018125919567100537,0.99208540540608436,-7.9829203372624482,-19.949854394034276,0.89621369691630892,,0.08873588414447761,0.1052631578947368,False,5
-0.88067508838306374,-0.47042133288926363,-0.055813602859631647,0.46785163082902287,-0.88219493100141699,0.053356866906045977,-0.074338685972430388,0.020877578358003315,0.99701448659976799,19.427870922773923,-2.7263277200719425,0.1361227094266301,0.3205836066424183,0.2087030537254626,0.4523809523809524,True,5
-0.59026458839592255,-0.7918530245901666,-0.15670514711775371,0.79710917711305973,-0.60240430952661606,0.041545247934051857,-0.12729758618266457,-0.1003884221968139,0.98677124463621291,-4.6442961633744781,19.942902946756202,-3.0862443806416864,,0.2595015549509686,0.4545454545454545,False,2
0.98994327870789178,-0.13678862467922276,-0.036071832493458418,0.14105119213009215,0.97390657998859875,0.17779351690539924,0.010810464363254016,-0.18109347203385723,0.98340647152994332,-4.1250932990378795,22.855258763278574,-3.3227837686111714,0.313437129852815,0.1891895739703535,0.4583333333333333,True,4
-0.96967032015914212,-0.23619375694104158,-0.062864770615534624,0.23070624255423383,-0.96941740578310931,0.083693028450723891,-0.080709973664811738,0.066651350675157789,0.99450666041218794,-6.1571093950607745,-23.186206755015533,1.3747054756361075,0.491154564018061,0.5447792924387611,0.825,True,5
-0.91665260468897158,-0.39489646929606292,-0.061682905690538317,0.39060343170934081,-0.91780391298179198,0.071168366935020697,-0.084716949035069239,0.041143114281919323,0.99555526350543411,4.5186738848938841,-2.6609777680713664,-0.92297464988929767,0.4478634566350833,0.4093269924363759,0.9074074074074074,True,4
-0.5565789819104815,-0.82325520738180347,-0.1116722902703971,0.82181170769189327,-0.56527761617866379,0.071321341461737339,-0.12184151179309287,-0.05207763594971624,0.9911824079541881,4.2502825828497128,12.510601801536856,-2.5661528287045519,0.3194110428662013,0.6423639878222644,0.9194139194139194,True,5
