axis_00,axis_01,axis_02,axis_10,axis_11,axis_12,axis_20,axis_21,axis_22,location_x,location_y,location_z,dbh,dbh_approximation,score,reconstructed,number_clusters
0.96066786076204913,0.26339916532396795,0.087966703959544285,-0.27713677344738491,0.9295119402379004,0.24331617652418347,-0.017676823867479825,-0.25812483929643776,0.96594984198774381,0.99371993134084058,-19.683955109994905,0.65590914663410405,,0.1550678722418081,0.2,False,5
0.46301963989014344,-0.88155340457733666,-0.092067409837083641,0.88332209750151824,0.4503670602534291,0.13004454276978933,-0.073177080711935821,-0.14153835493177083,0.98722439644778226,16.166105575242785,0.65413544297389392,-1.9874123787940616,0.527197159715865,0.3636093323275861,0.163265306122449,True,5
0.68388172534648872,0.70821874111374816,0.17530544906638848,-0.72898286794488731,0.65346805696488841,0.20387122594760915,0.029828911813162114,-0.26721847477633703,0.96317419128538295,-4.2020568806083745,-26.274488887146564,1.6846798583811584,,0.2072001712655475,0.25,False,3
-0.29359942161157343,0.94224106139413488,0.16118672976459583,-0.95317109800646638,-0.30135884976858801,0.025449982147377537,0.072555065670825578,-0.14616643215529634,0.98659573106541176,-20.677080440093615,-2.4294787577554384,1.1495931279115046,,0.2067154687639297,0.1428571428571428,False,5
-0.5666340744275441,-0.82309163054514067,-0.03802622021950517,0.82139812253143929,-0.56790705118599727,0.052789255678138504,-0.065045753123991884,-0.0013224748643676093,0.99788140631077316,-10.185924469479316,9.6651519883693542,-0.42597840396870856,0.6715217451798521,0.6003749474931596,0.8028846153846154,True,5
-0.95821655993271382,0.27304622872227902,0.085245417772789253,-0.27471709428129365,-0.96148928536891709,-0.0082989294739086866,0.079696564420050964,-0.031370545122948609,0.99632542199741669,-15.450781273423484,-11.653659087943382,1.2126289473089835,,0.1156619594574588,0.3125,False,3
0.76676619039337834,-0.64135170194507529,-0.027158860097225436,0.63490730863821443,0.75146337636964511,0.17943105476174481,-0.094669523646233239,-0.15482502506793988,0.98339559329158432,-21.316175237818687,-14.031961902573235,1.7159681715493198,,0.107254245051981,0.4,False,3
-0.24365603054636867,-0.96980710128992631,0.010291990381754948,0.9676528301973939,-0.24237161587545369,0.070028565806359175,-0.065419714072755472,0.027021955990502181,0.99749189215004996,16.937852434807532,-11.134752174271785,-0.8469893668391123,0.3892830319301124,0.3960290346016788,0.5454545454545454,True,5
-0.90653811850838117,-0.41986418128545627,0.043620052324340505,0.42205492595421978,-0.90340642781869462,0.075673414444204903,0.007634079450905884,0.087010892705223192,0.99617810926639905,-18.293862145083569,-1.63932818174977,0.89631454804364863,0.4597311947352874,0.4720643753259269,0.9534883720930233,True,5
-0.76368733695027113,-0.64555561417476348,0.0062928840166142364,0.6453554216658931,-0.7631173131910326,0.034181077141255407,-0.017263577504096669,0.030164802594133788,0.999395844286045,18.765587344142684,-0.74145230689831265,-1.9079331371086024,0.6202022563387106,0.5169423963432154,0.9407407407407408,True,5
0.62043422838558826,-0.78425789447844629,0.0009608307928962237,0.77816769117648843,0.61576767691790613,0.12363337927994043,-0.097552102266594221,-0.075958692796533361,0.99232749852657443,-22.748126761005224,5.388634125151917,0.89093444057137061,,0.09426398816892266,0.1904761904761905,False,2
-0.44827677261008692,0.86952090442514463,0.20731939587497411,-0.88875266278634801,-0.45838634064880207,0.00081675992677490705,0.095742569050877205,-0.18388953062716812,0.97827296855083301,13.565819846826322,-18.183585617628605,-0.058663991968341038,0.346022146082295,0.2324020858213641,0.9464285714285714,True,5
0.5948070138215783,0.77942885698719533,0.19671114153573194,-0.8025663030893041,0.56186604331804391,0.20048411037210195,0.045737790220164776,-0.27712308864791491,0.95974519966708649,-6.2561287041316289,-3.3587892611279142,-0.12210165204830417,0.853859798900727,0.4651599233361816,0.2125279642058165,True,4
0.33719695856757043,-0.93469137072030684,-0.11247334188053348,0.93820980431292322,0.32375597590450017,0.12224741779371927,-0.077849689940856837,-0.14674504954893697,0.98610613840954953,15.965900124757912,-8.3642137477426459,-1.1686696896663171,,0.2097848730438167,0.125,False,4
-0.84348099444983193,-0.53628501789058813,0.030629913287750048,0.53715795253768495,-0.84199326829171139,0.050086626727756246,-0.0010705267141295979,0.058700219229020002,0.99827508144550048,11.047013723850984,3.7920186742639923,-1.9318475105597768,0.1870496626905662,0.1862055035471396,0.7291666666666666,True,5
-0.11268439284536211,0.95786846735938702,0.26417839966138601,-0.98953292840366036,-0.1323023626125194,0.057625241448706913,0.090148828134083314,-0.25491976009270889,0.96275080093465892,2.0636828269993654,4.0302515616310428,-1.4154688995307803,,0.3014607519784393,0.2810810810810811,True,1
-0.17710946803135424,0.97888686660597324,0.10204282787139185,-0.97958739802761208,-0.18534767098182492,0.07781240574038148,0.095082942524636407,-0.086178554454997391,0.99173206603038888,3.9666935758619539,-4.1898433032266746,-1.2112760395471946,0.216459282941009,0.1958006503859294,0.7047244094488189,True,5
0.80012624287421441,0.59440426498484256,0.080508168727304846,-0.5997671552465248,0.79083333153428215,0.12190980773457279,0.0087951663705736274,-0.14582939176386431,0.98927065737658315,3.1931329547866643,-17.898014279994452,0.31899511941677061,0.3765622443011874,0.3860800637848627,0.8157894736842105,True,5
-0.78203735748484404,0.6190337748093897,0.072213275395588139,-0.62110073442143898,-0.78368743224404225,-0.0082393108866971321,0.05149222464868012,-0.051295167296506169,0.99735518077200191,20.707122769637461,-10.678935724127989,-1.0151818128941246,0.7131853868087783,0.3069638460432843,0.875,True,5
-0.97843634071555241,-0.20628158933719545,-0.010499193668163341,0.20637833832740679,-0.97430236890562094,-0.090237882367193781,0.0083850245306371987,-0.090458829560290666,0.99586489621745611,-4.9135838492014399,19.816109420745288,-1.405259585700076,,0.2675471893949757,0.1379310344827586,False,3
0.8560328139367005,0.50983139450449377,0.085321571957028608,-0.51659978940555851,0.83794378533825975,0.17599679030914714,0.018234008054944191,-0.19473613375691873,0.98068616751724424,19.136360008303534,22.091735030905475,-2.8321538737868868,,0.5228268677362692,0.4090909090909091,False,4
-0.8728415977893994,-0.48763923516398433,0.018855277699676869,0.48772237968598087,-0.8729987593623858,-0.00021565059322216362,0.016565793729592687,0.0090079121009741595,0.9998222001924586,-1.5448914798553022,-19.994478162704674,0.9067809191963152,,0.1671331215612515,0.32,False,5
0.71449271760432387,-0.69742176656733312,-0.055704901117308928,0.69498016237931715,0.69830115866200737,0.1714003083734584,-0.080639508862633574,-0.16117807335180259,0.98362538513450093,-14.51820648504015,1.6379568984530932,0.38670047328479079,0.5970622445955694,0.4311217316665997,0.7303370786516854,True,5
0.66193948729260488,-0.74820121731044475,-0.045067211783856073,0.73667602877399452,0.63828825611652806,0.22337531361700996,-0.13836380954779753,-0.18106087517431618,0.9736901024907928,11.631780746208332,6.530470014756613,-2.0358558056325671,,0.3467521531743855,0.5797101449275363,False,5
0.45273654779766709,-0.88740785493598606,-0.086815420785486153,0.8812548771232469,0.4305150956275009,0.19505536132937534,-0.13571831060965944,-0.16481520389440463,0.97694241832899464,-8.1027248132801617,-6.2978154092568976,0.29498005617931738,0.4056361964713672,0.2115199199198676,0.1927710843373494,True,6
-0.45224032027012095,0.87222260526063522,0.18629659039909646,-0.88687411910954184,-0.46190926219328343,0.0097020798662548757,0.094514493997762544,-0.16083395279730828,0.98244564737798101,0.49812187433114113,-13.109266579238612,0.078546880634849089,,0.3268349359516846,0.3283582089552239,False,5
0.28689621323982395,-0.95616037019267264,-0.058718900719110304,0.95204840781554312,0.27778907331567237,0.12820709778444186,-0.10627507706202349,-0.09268536680313208,0.9900075912719204,1.5905954397393933,-14.730583159856049,0.12390538273482446,0.1580767460386189,0.1300569692426292,0.2619047619047619,True,5
0.8635718297255387,-0.5021288139843999,-0.045938535796276395,0.49677912693131565,0.83167952012372814,0.24803160051115536,-0.08633767398908504,-0.23701440878854935,0.96766211875673269,8.3031312713603693,0.78375611078943475,-1.7351396339426217,0.1812643844361374,0.1079715689936147,0.2833333333333333,True,5
-0.99865376428906671,-0.024068448709566703,0.045949633817816027,0.025704458143014582,-0.99904430500698871,0.035351908925487327,0.045054854376087285,0.036485427362399091,0.99831802231920674,-13.901135443181063,-12.110120171795115,1.118508477186885,,0.08166992969835843,0.2692307692307692,False,2
-0.9042205442480552,0.39925329181143066,0.1515982069072323,-0.41757135028095455,-0.9009747311569708,-0.11780789974006331,0.089550961939511176,-0.16982739117810486,0.98139659792631617,7.5474986823275341,12.129469358866171,-1.9741702264648164,,0.1683214575622827,0.625,False,4
0.99372319160406708,0.097977367696868267,0.053987534555863005,-0.10305097942706566,0.98953644283680042,0.10098576106073458,-0.043528313858341799,-0.10591536110067307,0.99342197588716818,-26.007813512862441,-8.4234295962073595,1.716861262180599,,0.06363044194226641,0.2941176470588235,False,1
0.58275439294886588,0.80875397373038582,0.079462742679263343,-0.81174563454982507,0.57470988360967135,0.10381509750831776,0.038292849046554729,-0.12500223860663504,0.99141721694513119,9.2109360633426238,-4.340150346940546,-1.3970481687530372,,0.07577463977522428,0.3488372093023256,False,5
-0.53830367654864708,0.82772933066497756,0.15840867075737303,-0.83685012099594835,-0.54721117882945669,0.015549943830874505,0.099554140060957155,-0.12419372335583025,0.98725117993129741,-25.414929839468599,-6.4529847028182035,1.6507546680396787,,0.6839867896711349,0.5121951219512195,False,1
-0.3709472986474367,0.91817684662188226,0.13910204870405724,-0.92344957460817123,-0.38054271956472696,0.049275975305104622,0.09817833153072579,-0.1101749377752404,0.98905131227053356,-4.5359590095644506,-6.5970186754071101,-0.0077282636477332672,0.2896021000040255,0.5362170985596117,0.4902439024390244,True,5
0.75108526896548289,0.63682693167167048,0.17413321865943343,-0.66017423893998572,0.72190013694850697,0.20743713870408528,0.0063947621581441141,-0.27076124421964953,0.96262529347901959,11.612737423131897,-0.23754883270873955,-1.9763815944761145,,0.1978186510149144,0.4583333333333333,False,5
0.91390544035024934,0.39311088641446529,0.10119623056542917,-0.40592652816516361,0.8854837318051314,0.22614644467741662,-0.00070698655906969304,-0.24775470064338367,0.96882253714450395,-0.99869057687326757,11.380840211836539,-1.2571606114791352,,0.1282065054380826,0.3023255813953488,True,4
-0.2800574190815322,0.95294503627554672,0.11603275337243471,-0.9560912969508667,-0.28774991663371174,0.055582527579283773,0.086355508870025299,-0.095371606440748852,0.99168895464894136,5.9035132495489497,3.7428369834298372,-1.5955451894627339,0.2670648331038849,0.2207205244034452,0.572463768115942,True,7
-0.00063727944887055632,0.97050370075003878,0.24108538053018577,-0.99716374935415508,-0.018760794421291721,0.072886827113318661,0.075259888711509709,-0.24035515268694041,0.96776306487072028,-1.6484161728487057,-8.9594051184285028,-0.096658241648546819,,0.3256124040211058,0.2264150943396226,False,5
-0.98467571400480469,-0.17060453886363702,0.036163926339009486,0.1703545037510846,-0.98533301876888746,-0.0099088432983912705,0.037324004351746001,-0.0035963096246323465,0.99929674534456159,18.455592230028039,3.3123892233464223,-2.1353122404254812,,0.2128793240457532,0.1538461538461539,False,1
0.99100803587335284,0.12014659881100738,0.058888603554385473,-0.12743751571646122,0.98166382060394641,0.14175973654489926,-0.040776861361015056,-0.14798965542026712,0.98814791881890573,-9.288415010867892,14.230369734543951,-0.75839782967745406,,0.2608390791545574,0.1052631578947368,True,5
0.93886144666104787,0.33936113145059205,0.058079311584239963,-0.34375528082232781,0.93339900302056467,0.10294954136361989,-0.019274098689372722,-0.11662042540134743,0.9929895193298478,-1.8140101105354498,5.0358431316322028,-1.19235877270146,0.3519342174599201,0.286872294806204,0.9426910299003323,True,5
0.514738605301029,-0.85593140218985708,-0.049250410739972328,0.85161755690303909,0.50382412164937285,0.14459872481711794,-0.098953044355643671,-0.11637306041151707,0.98826393530433299,8.5626121923964948,-10.105876591243446,-0.74167134157455361,0.1773903281465286,0.08207503528481466,0.2857142857142857,True,4
-0.64534192628037723,-0.7556073402458251,-0.11221116500314146,0.76326468920570623,-0.6437762909952327,-0.05458114476756798,-0.030996973988582165,-0.12087032108442346,0.99218423343878015,13.238232988356305,21.301683748434364,-2.5425384235351403,,0.1605295241531805,0.3333333333333333,False,1
-0.89408786482545832,-0.44705437298007089,0.027372935013409736,0.44780231274374993,-0.89345894466388964,0.034701626783730656,0.0089430796262451664,0.043283967002624948,0.99902278228642716,-18.953251624326558,-7.1222220814964885,1.1656262756916462,,0.08117814415094673,0.36,False,1
-0.47888039244250169,-0.86887285954296001,-0.12543334358836367,0.87684909867042815,-0.48033319505147404,-0.020388229263508417,-0.042535019630586014,-0.1197496374995913,0.99189253269885203,-8.8862911008461172,-9.1697610416767716,0.56064980383446272,,0.6379866394747042,0.1724137931034483,False,3
-0.99148244691565124,0.10865358251369006,0.071811952104742005,-0.11600636025589833,-0.98739135669850331,-0.10770716363022483,0.059203731625056974,-0.11512040533298173,0.9915857050389737,9.1213048522116491,-28.874987330347142,0.98215943080132029,,0.3893964741836813,0.4736842105263158,False,5
-0.8553645852755738,0.5030034868882779,0.12385038730089512,-0.51165181032680918,-0.85772956741256434,-0.050123988025255972,0.081017598370025201,-0.10624255910176029,0.99103414037552928,-12.351337119058769,8.0625756652413116,-0.17366320945382602,0.3822252968928889,0.2706908357513303,0.4,True,5
0.99753307212365028,-0.035182623437772252,0.060744983559041552,0.019863518667315855,0.97144003524023692,0.23645231772727476,-0.067329121824850166,-0.23466239779837497,0.96974241343452205,-9.0566245537431715,-15.494562705789814,1.1250968900706584,0.6272323054475324,0.2840105178892704,0.1794871794871795,True,4
-0.90144382570810755,0.40884080553304381,0.14229625723757769,-0.42254481075596745,-0.90244750198531953,-0.083930858828326432,0.094100541953459238,-0.13578549956290836,0.98625928949364861,-14.352141928420796,14.816835469693304,-0.34117869570332693,,0.2343780950884412,0.3125,False,2
-0.39045114456293062,-0.92038579150098321,-0.020926024768368863,0.91786089380829983,-0.39093847890091443,0.068545498262601146,-0.071269090964642415,0.0075564884535193194,0.99742850177610498,10.439289948502173,-17.38255714994067,-0.048756069045627293,0.4260124012169075,0.4132656983845066,0.3636363636363636,True,5
0.89128496954398573,-0.45206236984493026,0.035365475186438483,0.44101442544801717,0.88234944414321514,0.16421246897515204,-0.10543898525560895,-0.13076342068921776,0.98579082375416893,-9.3043396391041711,-14.351901534730352,1.035511461322461,0.2314898491314668,0.1548623371121104,0.25,True,6
0.27379797881431212,0.95788227230901435,0.086580709129208205,-0.95876413325522236,0.26469737997751819,0.10347286512124479,0.076197136301565146,-0.11134113987721063,0.99085677420618357,-9.7820936545981603,-17.333555589666116,1.3144701751422094,,0.09742654927675587,0.3823529411764706,False,5
-0.9949562239817018,-0.098089812265280366,-0.020988117825001061,0.10018435855035726,-0.98218669152086047,-0.15897294518615346,-0.005020623659219299,-0.1602738023791424,0.98705982676279769,-12.062950327574322,-5.9437337306699245,0.58451234303324329,,0.483366018446927,0.2,False,3
0.99049954785076855,0.13120318893367966,0.041186999417969272,-0.135341660352337,0.98313733230486089,0.12297813139560346,-0.024357353725215927,-0.12738410042903639,0.99155434055698111,-17.114778318761676,-12.628218459023971,1.3979126686246688,0.4160327085346113,0.3951079203868425,0.9644970414201184,True,5
-0.8334658440036985,-0.55171494184229175,-0.030745891224016539,0.55221274764964334,-0.8336383818283033,-0.010398542009318015,-0.019893924007942716,-0.025645102663955345,0.99947314145849953,-6.6152701250465791,-7.475314593417222,0.2589016914000597,,0.5060599801937229,0.5612903225806452,False,5
0.96597543415532217,-0.25817186139482867,0.015451556308822341,0.24841537534134653,0.9427803003666605,0.22238504116636468,-0.071980982922249914,-0.21098008253026443,0.97483646981074112,-13.445301987385863,-3.4428899944091702,0.54369898784219206,,0.1366170753284665,0.3333333333333333,False,1
0.53179891199693563,-0.84560442303544536,-0.046293379027318837,0.84255993053965517,0.52279239711845038,0.12954100881248398,-0.08533862342390508,-0.10789471376316809,0.990492831924632,10.277994370843082,-13.764545618694441,-0.40603586143661768,0.5943013288737587,0.493207244083302,0.6216216216216216,True,4
-0.71800297461664342,-0.69431750320674213,0.048938054542528003,0.69578594479447309,-0.71406502743309408,0.077414828188383855,-0.018805516959505088,0.089634487434972293,0.99579717372271925,2.7834991083010778,-2.6710057764828479,-1.2566056421697882,0.1966939633545921,0.1730566926939894,0.6012658227848101,True,5
-0.94770874965826535,0.30725406847164033,0.08627318951327001,-0.31068668405762995,-0.95005960419064994,-0.029334839941279472,0.072951423361319739,-0.054604815655128695,0.995839547285017,-16.72356357545258,12.255736993160527,0.10216793340172188,0.4249386434340046,0.3553712360505249,0.927536231884058,True,5
-0.71945829179004139,0.68433030894513758,0.11862459539913731,-0.68759364706443227,-0.72588939097092775,0.017308049933180927,0.097952758466464035,-0.069113098142892376,0.99278831418077329,2.3638168893305291,-20.726802320419353,0.64262234058113032,0.2678825965872301,0.1890561767301,0.46875,True,5
0.99452543026182338,-0.10425477892704997,0.0070788158196129353,0.10009468496125927,0.96991001471367644,0.22193606602042681,-0.03000370985465492,-0.22001250971021835,0.97503552395077875,-8.2773646917559933,18.855915045487968,-1.108191816506815,,0.6372982539877542,0.6287878787878788,True,4
-0.71572999036229568,0.69383491916757256,0.079521606118819893,-0.69279950133668888,-0.71975809925724565,0.044464924392521497,0.08808763729164254,-0.023267649157691375,0.99584094345384844,-22.75672314413686,-19.073928633892685,2.2710665192472308,0.3928810273002623,0.2904016182507324,0.7,True,4
0.87358430643247365,0.46580831567110026,0.14097188587284415,-0.48665291757079199,0.8387193323729808,0.24437434260506308,-0.0044042450805351144,-0.28208597015001202,0.95937902211263526,-1.9704740808146202,-10.425104071920961,0.070183740825782867,,0.6966297762638447,0.2181818181818182,False,2
0.36754750915289131,0.92581847880910273,0.088141776763945467,-0.92804849469607031,0.35897937763351495,0.09929651517658078,0.060289468465593632,-0.11829603006633116,0.99114642170704681,2.8261433661612929,5.0266035757308316,-1.4125891417108343,,0.06846609529738121,0.2293577981651376,False,5
-0.45875940869068421,0.82460606094997646,0.33100551231412767,-0.88299506193694954,-0.46470178088332509,-0.066120915290319923,0.099295143550614723,-0.32260982484795869,0.94130939407765024,-7.3049969506661805,-22.113634386806392,1.5525056554007639,,0.3600438896138879,0.3333333333333333,False,1
-0.8554317433083698,0.50883063400265893,0.096581149510947484,-0.51052772590062823,-0.85982310007874763,0.0081041753254340043,0.087166356050581151,-0.042374785797979889,0.99529211988312194,-11.927393274269415,-17.403380415303765,1.4799281652118468,,0.1658256696034793,0.4130434782608696,False,5
-0.99823285406414419,-0.025565643306614674,0.053642958058560342,0.026314414509121937,-0.99956525289320219,0.013298751730568825,0.053279645794577335,0.014686833929344629,0.99847162015409163,12.619789721329985,-1.0118342732699654,-1.9809661194842567,,0.2012860581257743,0.6923076923076923,True,5
-0.60177348009952103,0.77437598866346391,0.1954750798193827,-0.7903165419717354,-0.61267029384844374,-0.0059054653922809147,0.11518872399132385,-0.15804094158522369,0.98069088842922691,-13.103583502736759,-27.049396096817443,2.4110583564585677,,0.3436237565978248,0.4666666666666667,False,5
0.43247350307726018,0.88889683333316416,0.15109298073159161,-0.90023600199573162,0.41632095577717476,0.1274833420158164,0.050416364871189424,-0.19115250840900266,0.98026471357594136,-8.198381168127117,-21.761315909596416,1.5872536642430797,,0.1142850012036927,0.25,False,3
-0.68113439992431801,-0.73189839845289095,-0.019510601780377182,0.7312764025289149,-0.68137989111569863,0.030923568479838098,-0.035927041961556973,0.0067954635789046133,0.99933131109289308,-13.083016538520901,-8.631310883803037,0.80689831237559129,,0.1311899139583597,0.1,False,4
0.9863364372932889,0.14114669384053635,0.08495906829448982,-0.15967182803303168,0.94601991303371979,0.28204827862666221,-0.040562788367811332,-0.29176006402789129,0.95563106125652331,-1.0951227168990934,12.87403862610855,-1.321290173846956,,0.07886570557044598,0.2222222222222222,False,3
0.012915728445519957,-0.9943277993275792,-0.10557183072721116,0.99634705818919522,0.0038844624004952671,0.085307974947220339,-0.084414001187350582,-0.10628799761136007,0.99074574839729157,-8.0234139102079425,-9.7053968380974833,0.53378609135856481,,0.089979023167089,0.3380281690140845,False,4
0.92895620288308955,-0.36789326157152163,0.041169420876404531,0.35142026030390072,0.91134830801927758,0.21435499088739948,-0.1163794387895441,-0.18465862980285119,0.97588780946703235,-7.6773717063563822,-17.750322253518696,1.2268169062774494,,0.240749726718381,0.2121212121212121,False,5
-0.89308916505507885,-0.4473655030628203,-0.047495788556164785,0.44965904621844993,-0.88435628487800411,-0.12538222980426225,0.014088485196640757,-0.13333442191019076,0.99097096149117281,-3.1567423484830854,13.28900746540303,-1.1645217481867121,,0.5404989876585645,0.2474226804123711,False,4
0.92714279932862953,-0.36987813749824561,-0.059969934583108758,0.36753193503006731,0.86649211698604645,0.33780421538828542,-0.072982918454442589,-0.33523361198106266,0.93930395453868054,1.8574145251561078,-21.799789724755875,0.75701268015657575,,0.1375709620372319,0.4285714285714285,False,2
-0.12934123467368414,-0.9914654018153467,-0.01634631506545077,0.98698450598830301,-0.13031038437825029,0.094237936428049507,-0.095563748106232152,-0.0039447086488990021,0.99541549582150002,-19.817766618647113,-6.0905354313895517,1.2184207743003537,,0.1972522910903486,0.660377358490566,False,3
-0.55109825370753029,0.82739326322722073,0.1082178484665212,-0.82954972594882193,-0.55726195873611606,0.036143623556902024,0.090210680846263186,-0.069853398713302678,0.99346994707915293,2.628966949798818,14.907680562593535,-1.6366786667744413,0.552881463013685,0.4735245462705938,0.9043478260869565,True,5
0.59037853533093032,0.7783220148938762,0.21370078650309549,-0.80712593459275028,0.56899583599629056,0.15745305435799345,0.00095432084971486947,-0.26544035064477034,0.96412681195022099,0.65641141729727837,-1.9395521119531127,-1.0652985438104752,,0.2007367444388921,0.1769911504424779,False,5
-0.95367577111225676,-0.29837032816415138,0.038440484708945018,0.2999574734665304,-0.95285510477872926,0.045745638138430376,0.022979071021644953,0.055157017398813825,0.99821323660160344,-1.400036193528617,16.319856020872827,-1.4765602355323388,0.6033242499401841,0.5490182591133459,1.0,True,5
0.89118681192682137,0.42381723029487739,0.16175605569154983,-0.45286140525837842,0.85201855312077779,0.26264221436277879,-0.026506864679091798,-0.30731635238489335,0.95123816454226084,-11.291016585513971,0.57372235117501413,0.133955444630804,0.5196391603185605,0.4706259311395772,0.5525423728813559,True,5
-0.38034777033839545,0.91959556852322288,0.098384774996247065,-0.91941566538954544,-0.38747838857815292,0.067344878210431308,0.10005202564121871,-0.064842029096326845,0.99286711267307093,5.55090530167403,5.4635241871948228,-1.5860010801818032,,0.1527035451262539,0.2777777777777778,False,5
-0.71091134968102143,-0.70197222886932698,-0.04289571996062129,0.7013056540501863,-0.71216304236910943,0.03153063083442538,-0.052682373636266856,-0.0076675276201417716,0.99858188273583515,-22.609373916270684,13.295913925774659,0.4005778930597983,,0.6928644852278474,0.4888888888888889,False,2
-0.99663119612129714,0.079635144559225601,0.019608739604173794,-0.080908194141644782,-0.99380634968738124,-0.076176134332090251,0.01342099245849538,-0.077506019586055061,0.99690154673837028,-21.850425961495873,11.782403146006416,0.51990287584754036,,0.4812098439857208,0.3529411764705883,False,2
-0.20587288289811606,0.95293772482910832,0.22254448697898788,-0.97398052209954367,-0.22155676824996179,0.047692148340504288,0.094753884658722795,-0.20693547554770553,0.97375531336261578,-15.59860766114021,-7.8846791372656622,1.0000969199658658,,0.1951135189992769,0.4516129032258064,False,4
-0.99583273614030077,0.07268264422863048,0.055085341600616525,-0.077205132591737904,-0.9933865785381818,-0.084985134474783702,0.048544094726490378,-0.088883850097411871,0.99485834773551884,-27.525750875393385,10.542534523717871,0.88358869618620905,,0.4363684021152652,0.1363636363636364,False,4
-0.06718710595303469,0.98457223366019642,0.16156549600403197,-0.9936280849107969,-0.080714075401773167,0.078666809446811134,0.090493765918762153,-0.15525061912085911,0.98372156812404599,-11.814811811899917,-7.3983948261253403,0.63642788461379551,,0.08887573520104633,0.2380952380952381,False,4
0.15377573481683765,0.96397120895278099,0.21705421371550418,-0.98599605091802356,0.13535250898206702,0.09742425717613859,0.064535346559885673,-0.22899608429484908,0.97128573675413477,-8.5285428645689585,0.041208644012157569,-0.10910644467072439,,0.1059836831859795,0.2027027027027027,False,6
-0.99600820024105952,-0.078842452198671448,0.041851317588183293,0.079712826937528361,-0.99662614610465683,0.019549683429874731,0.040168772375994061,0.022807731844286378,0.99893256884232473,5.6707595279998362,10.935124452027297,-1.7069006422634569,,0.09170909958227706,0.3709677419354839,False,4
0.94874080048549914,0.28871156977887452,0.1285944126700444,-0.31356855369288472,0.91077972320915812,0.26861693529262731,-0.039568366520342457,-0.29517101020742026,0.95462475303338123,-5.095824049227593,17.070407725850536,-1.2330332264687174,0.4127337078808833,0.2912751564751698,0.3461538461538461,True,5
-0.86850648805711039,0.48662857587721259,0.09428207328236507,-0.4880599452110857,-0.87276576353465363,0.0087984022598489448,0.086567719637618612,-0.038373834073363478,0.995506644264745,-8.0105483529943644,-14.831747273725025,0.96568218036624343,0.1491764450926423,0.1490300917598975,0.4054054054054054,True,5
0.10955334118331959,-0.98754708383860745,-0.11291068433692836,0.99010173782689626,0.09839341627389353,0.1000863846190494,-0.087730349296757909,-0.12275786262319249,0.98855141139773506,8.1184990756161888,3.6701526435154936,-1.7601497913922848,,0.09394055741800737,0.4516129032258064,False,5
0.85928144731342904,0.5059821335996344,0.074949815082493737,-0.51150260203344455,0.84980698756099871,0.1272523948910835,0.0006945616991457515,-0.14768264749273136,0.98903455612712698,1.4279764304618385,-6.4237709620121262,-0.68322282087527153,,0.1232970657750648,0.3565891472868217,False,5
-0.9982444613699365,0.023843164495592536,0.054217145360869676,-0.035620823947130224,-0.97302301497885468,-0.2279415916913517,0.047319681376496184,-0.22947269081155486,0.9721641486529583,-21.588723191340495,-1.4830466812659935,1.1726035561459129,,0.3784041040960071,0.2608695652173913,False,2
-0.79205933250044747,-0.60762593806483267,-0.058589531400907106,0.6102778319671045,-0.79042800409594904,-0.052768723221479602,-0.014247161418200864,-0.077551851891020207,0.99688651744308232,-14.022993471704027,-13.807919947717656,1.3021380955044755,,0.2401924565636795,0.1,False,3
0.63289835050931342,-0.7676876256860462,-0.10047580450591879,0.76598604934257597,0.60196713970786975,0.2256123554340044,-0.11271668082029215,-0.21975275215670798,0.96902202131035642,-22.324097445074887,4.5921881067630199,0.91851078822825893,,0.2638140336153064,0.1666666666666667,False,5
0.95206065283250085,-0.30590655759498414,0.0013005185643980219,0.29491855373887382,0.91897587024293514,0.26173726630307853,-0.081262291308581258,-0.24880620557298061,0.96513828650595601,-14.821641445741543,-13.220875649850701,1.2977067953061008,0.3641492779138533,0.3388012723720818,0.4473684210526316,True,5
0.44350306165305242,0.88805951819948081,0.12105918568896486,-0.89473609656791719,0.43077915844570824,0.1177991262582818,0.052462861176034541,-0.16056029641263753,0.98563078250078551,29.004732329630642,-7.3157349812776671,-1.4757230160129529,,0.1372125537307065,0.25,False,5
-0.98872086788706781,0.12760920734107051,0.0784023954125668,-0.13553660061649084,-0.98510031645944418,-0.10586404679979911,0.063724997434057629,-0.11529638638434367,0.99128495801597971,-1.8140812915382949,-11.737215423859475,0.17234785217545812,,0.178201028699731,0.2,False,5
0.96860342198949689,-0.24860830396547209,-0.0011498302692290116,0.24299583872489702,0.94573900963868973,0.21570986998747674,-0.052539825586125924,-0.20921672219744197,0.97645682438105663,-10.903789446499216,8.7432555426852616,-0.31961181634178021,0.1938229652018662,0.2429843719317062,0.4423076923076923,True,4
-0.12890665522165967,0.96395296274231634,0.23276116484472764,-0.98747326551523729,-0.14631417895923607,0.059065310700594426,0.090992439972985145,-0.22223151589231194,0.97073865134338155,-11.201336227748168,-1.6067828932833712,0.25777056195017856,,0.07534268680218983,0.3777777777777778,False,5
0.7621824742690072,0.64381527958086171,0.067673936603339729,-0.64138741386929776,0.73684024711831486,0.21374900129983376,0.08774999286170837,-0.20632095386760727,0.97454173986953097,-6.9475469968374375,8.2909178120433236,-0.63907710817216024,0.7490306266426565,0.4968367836157993,0.9198113207547169,True,5
-0.27346319093190075,0.95552130476631314,0.11043966381253349,-0.95701078761649294,-0.28181991747886076,0.068614040092884548,0.096686274056882487,-0.086928535302803783,0.99151157036068249,-20.566755709421088,-13.809837693585576,1.6683346276914532,,0.1044355989458801,0.5,False,2
-0.47879001916688951,-0.87640696876885449,-0.051681163295323782,0.87708374945279421,-0.48008252135463897,0.0156482949742454,-0.038525497946139194,-0.037836461028496658,0.99854102981542092,-19.943857488530913,-11.559505774627333,1.4860274550828074,,0.1685011011657998,0.2727272727272727,False,3
0.92068500662695374,0.37905151775951734,0.093054099622389586,-0.390007947545224,0.90277459659810921,0.18136104484889787,-0.015261697935976391,-0.20326823318297566,0.97900413990686652,-2.8920553282007311,-8.8052354789394514,0.021562396927413196,0.806474555900335,0.889330150469293,0.7261146496815286,True,1
-0.51589583174243026,-0.85077152636683573,-0.1001963108813432,0.85582440398109305,-0.51699822666101203,-0.016656025329471885,-0.037630842950870436,-0.094343222082000688,0.99482826462962615,25.836195792309084,-3.4005552407219679,-1.7729844955053489,,0.3699141135233627,0.1904761904761905,False,6
0.93038191473654674,-0.36343644802350117,-0.047994176513581149,0.36034554284122333,0.88259354890592501,0.30195979398606654,-0.067383844396265241,-0.29823241889121377,0.95211178011653341,19.261539411886627,-15.316097492483143,-0.47652251953327912,,0.2516324244765032,0.2,False,3
0.67114416332762938,-0.74116917217654588,-0.015289546964875,0.7312655402894459,0.65850810220076483,0.17781391655641912,-0.12172190278024121,-0.13051949107731689,0.98394534443356019,-8.7433943689631306,-23.303295331564247,1.7992466063077939,,0.3234688128101815,0.1538461538461539,False,5
0.087274645709028958,0.9393269398063866,0.33173488868421941,-0.99297344209539729,0.055313131420569803,0.10461453429456344,0.079917954863604285,-0.33853413069647598,0.93755413862027126,-21.473753645428232,-8.2000131379105454,1.4382398738869355,,0.2738560088892569,0.375,False,1
-0.11525402791853726,-0.99301855868489119,0.025112768782737924,0.99032478901074095,-0.11290088740554531,0.080685822136683905,-0.077287264923693907,0.034169163443411942,0.99642317664243085,-8.7960047215160362,-12.587660426309156,0.80625652949180782,0.7141646334153,0.6947461000945618,0.8655913978494624,True,5
0.11114791869429384,0.98860515707075092,0.10151839036865579,-0.99095200603392475,0.10251596025322346,0.086629092288331558,0.07523471211659824,-0.11022849589137843,0.99105469918983635,8.1487014594647178,-8.5808234059686868,-0.92080339047280935,,0.1211686044843981,0.3958333333333333,True,5
0.85723696041852149,0.50645771104302972,0.092980538917944,-0.5149216079573099,0.84340027255726879,0.15340051469595903,-0.00072893832017766752,-0.1793782795529654,0.98377990499580026,-15.94757467543284,-14.164321520764663,1.4203361110842456,,0.08603822144218377,0.3214285714285715,False,2
-0.95190860075587203,0.30157119769963536,0.054081683821837909,-0.2969662599314612,-0.95159099415677229,0.079281904001137118,0.075372782019225398,0.059408690927616803,0.99538412242357444,-21.622847907408083,-3.0014960192683224,1.2308954711174025,,0.0609945137886472,0.2142857142857143,False,1
0.85791894858224127,-0.50527584543372039,-0.093120339801681218,0.51304056266630915,0.83273425165985115,0.20818993052389551,-0.027648846677184764,-0.2263845978280028,0.97364549767545017,-14.140186267295704,-5.983281804536408,0.72513640899449683,0.6655466287372581,0.4399955437127211,0.36,True,2
-0.91517026358268616,0.37486959829665273,0.14810865243767282,-0.38974296910757145,-0.91670864443276046,-0.088009540695688782,0.10278038083803609,-0.13826802050784462,0.98504728202235614,-21.731352767003898,7.7055344295399779,0.7625221119215605,,0.3645602156771275,0.5476190476190477,False,5
0.17759725677757432,-0.98363687977766501,0.0302936152735316,0.97971446571199894,0.17962541364060569,0.08884974084990406,-0.092837385032831218,0.013899622861851486,0.99558426083610085,1.3204734205389692,-8.0424701326199823,-0.46047677602896853,0.2260362947854969,0.2196952089330886,0.8571428571428571,True,5
-0.89228179966084264,-0.45147664666744319,0.0014239058717600492,0.45120506784345643,-0.89184601845768441,-0.032010406332322466,0.015721855691766935,-0.02791982942460924,0.99948652135909821,19.670978072022617,-16.263888896860209,-0.34943741795889666,0.3048851488383391,0.1952350574941599,0.375,True,5
0.76057058810651545,0.59726238938457932,0.25457811911853756,-0.64908351985976498,0.6904604860891953,0.31930377604395799,0.014932004345274481,-0.40809552236712321,0.9128171119507662,-11.874140999177651,-15.566947066976434,1.3054398536943725,,0.0950036839576011,0.5714285714285714,False,2
0.69535369710124662,0.71508364040363925,0.071684190409790682,-0.71811507418577813,0.68744306352471218,0.10831793313627028,0.02817758248648683,-0.12679677298274541,0.99152841724601104,3.3719907910721711,-10.729286639595827,-0.42416110885608482,0.1969533641286649,0.09095039765580258,0.24,True,5
-0.14636984490037505,0.96414933504103195,0.2213412032220318,-0.98606951761842565,-0.1600743816465143,0.045200650042362754,0.079011232920428637,-0.21164180135413391,0.97414833213015972,26.994940746984867,-15.425960509922051,-0.63236181314207052,,0.3474188739273273,0.32,False,5
0.52702806779259792,-0.83891498797170327,-0.13587883836431963,0.84536969287057528,0.50111466156200568,0.18502480467090007,-0.087129203684580464,-0.21238111715506278,0.9732947975517271,5.3584206638177783,-10.61547869830118,-0.65342677209960087,0.3768321588766841,0.4073466448932155,0.4823529411764706,True,6
0.57863159103559969,-0.81506310658620595,0.029285049729415886,0.80957309141486777,0.57834625928450967,0.10053364625134012,-0.098878164994024478,-0.03446355544134172,0.99450257507648354,-2.9031450680450215,-3.2881835843348735,-0.52263480568127996,,0.06577993349131142,0.375609756097561,False,5
-0.95042559598065424,0.29545548576484698,0.096939375056149413,-0.30159965211792472,-0.9517825544930878,-0.056103643419654403,0.075689076802173613,-0.082559220527274768,0.9937077733210925,-19.511313641327455,-14.25849688744495,1.6691467250475738,,0.4555804648883671,0.5135135135135135,False,1
0.95934961333193847,0.27487972658934851,0.06394884916889193,-0.28221966635771911,0.9339000060129824,0.21950589670869874,0.00061589024868543424,-0.22863052000797532,0.97351307438579626,9.7901834793465756,0.076085304584376803,-1.8527115903499574,,0.2146236286752457,0.3333333333333333,False,5
-0.99896620559473748,-0.020067347881778788,0.040789969706332863,0.017191477352923132,-0.99742183114492933,-0.069671686228475915,0.042082932241893724,-0.068898420188614862,0.9967356893928484,-16.347896598044397,-29.950251963534846,2.8606637504725292,,0.1726964944463011,0.5384615384615384,False,2
-0.28750302833638258,0.94687429763721076,0.1441217303929149,-0.95507451213864225,-0.29472828243407417,0.031111345142808992,0.071935283140776657,-0.12870238539941414,0.98907078160865547,-23.44952601420918,12.019181061583527,0.58347472132468592,,0.3303702658254486,0.2432432432432433,False,4
0.4555389587324169,-0.88067757892464027,-0.12996637663803026,0.88466388175048249,0.43156769231288089,0.17640618832088054,-0.099267685593815824,-0.19533645059529381,0.97569954272085146,-3.3877381308999968,-27.180886208035648,1.6929460280773143,,0.4116421706129961,0.3214285714285715,False,1
0.8789906523738279,-0.47245014230974142,-0.064546851750776443,0.46898739256122296,0.83209677203264309,0.29608408871717484,-0.086175742863388721,-0.29052680599965247,0.95297844484415417,16.219578856145898,-13.416052139592958,-0.58290299432135029,,0.237490520202343,0.2916666666666667,False,1
0.99669592288272868,-0.075547304412001692,0.029830221337187945,0.068689005990011515,0.97998701749765849,0.18683486289273671,-0.043348099901258014,-0.18416853784543083,0.98193833406320696,-22.253446467348919,0.19325728675438877,1.1746373645430011,0.3538585895046588,0.3061117894269289,0.8289473684210527,True,5
0.81615310989589407,-0.57644018844587674,-0.040134901915208299,0.57054329968664086,0.79290692718742162,0.21396015517119427,-0.091511990416235867,-0.19752294540808085,0.97601754166991039,-24.857151215485338,-8.0181755911814463,1.625448278816771,,0.2824184720058882,0.3636363636363636,False,1
-0.79686969322636692,0.59184399508306462,0.12132344168144703,-0.59716069203411548,-0.80206442176971826,-0.0095797296695883383,0.091639510619877101,-0.080083386637449974,0.99256679940345804,-5.0183806967237476,-14.672474292958945,0.69578801123978484,,0.1110814872468964,0.44,False,5
0.76087129594826253,0.64182713317928963,0.095565695293162722,-0.64805034392441352,0.74403951170279248,0.16259137973619309,0.033250905874283414,-0.18564249551200318,0.98205460190287541,-2.8252310995344341,-22.231074339640536,1.2381720545247441,0.8162764531528931,0.7138594124439005,0.9047619047619048,True,5
0.92096169301401776,0.3698487373294822,0.12264367695295841,-0.38775072615920614,0.90094972441042087,0.19477928136173728,-0.038456915681866093,-0.22693943152430407,0.9731492999821062,17.146971603783516,18.608177218957572,-2.5714914867607415,,0.4110233851208133,0.6744186046511628,False,4
-0.37142517821123239,0.92438022432783928,0.086974351750196882,-0.92224614802618576,-0.37813803312456923,0.08045912226431412,0.1072631317910117,-0.050327217052951435,0.99295608753966957,-14.761452432752822,9.4547904496080424,0.037910416872862542,,0.1083902566134753,0.4285714285714285,False,5
0.76646636352441599,-0.63877430337505692,-0.067057459938253405,0.63364670583286398,0.73496109426854539,0.24150371032086415,-0.10498174018761361,-0.22759520921867998,0.96808019036022408,2.215563862928871,1.5909865560063834,-1.4584116636057538,0.6032148074955533,0.5257793092516911,0.2027491408934708,True,4
-0.54770161555552732,-0.83667173657550886,0.0018290799837790139,0.83564017707775118,-0.54691509299448671,0.05088590677482277,-0.041574448539087573,0.029398746071112848,0.99870279811269003,-9.5674216543318966,6.3051930360937236,-0.34064931348235122,,0.07479681704636404,0.3488372093023256,False,5
