axis_00,axis_01,axis_02,axis_10,axis_11,axis_12,axis_20,axis_21,axis_22,location_x,location_y,location_z,dbh,dbh_approximation,score,reconstructed,number_clusters
0.51616089951237065,0.83718881916760468,0.18081152307121579,-0.85358286872435296,0.48543099962182856,0.18908471864869747,0.070528093940536191,-0.25193575702330318,0.96517053534502939,9.973290625502214,-8.5987805652982914,0.096019255216640106,,0.4162953330644809,0.1111111111111111,False,1
0.99221230217577472,0.064484660045294989,-0.10656676794335031,-0.032463861676891928,0.95986859285535608,0.2785648616299311,0.12025325399369761,-0.27293591384924371,0.95448684738722611,-7.327466361364265,-7.2803539288552441,-1.941766614080688,,0.4472960515090728,0.2885572139303483,False,2
0.94920768700972424,-0.25111662208461999,-0.18959221775816332,0.2987013133131996,0.90854917002055247,0.29208890954627975,0.098905471772893216,-0.33388448266994225,0.9374107210212641,-12.464195188381963,-13.156704944791514,-2.380514369158214,,0.482227260278576,0.2835820895522388,False,2
-0.98481917224671001,0.16032647789064905,-0.066532837475073922,-0.13930435058996909,-0.95865851121228074,-0.24812931464653837,-0.10356396999928315,-0.2350941925429742,0.96643945736427528,-18.322933426516649,33.837205486415868,-4.9694034251332502,,0.3711005066578286,0.5454545454545454,False,3
-0.77991171687050065,-0.5718412046794541,-0.25443142596554091,0.61458959957950154,-0.77659490668197517,-0.13849178677568758,-0.11839483931665176,-0.26438227540129317,0.95712312399023092,7.9643585405240982,24.514915960902638,-1.6300536935676193,,0.173869910318632,0.3157894736842105,False,4
0.41955774572517784,0.90732683382071766,-0.027005825869229366,-0.90386443682270279,0.42032899763071768,0.079703284737424607,0.08366826070372145,-0.0090305248811028555,0.99645274437435627,-14.682034481711806,27.517869474744568,-4.335321300085095,,0.1761790046126568,0.48,False,2
-0.7751991623976815,0.63169189184405339,0.0056224902324575332,-0.62113462990692137,-0.76056085788736971,-0.1890474886900658,-0.11514351978433368,-0.15004177827561699,0.98195184944251002,-6.5960183284563287,24.545488579103175,-3.2212044175346968,,0.4115545258089083,0.3157894736842105,False,4
-0.11034888121271977,-0.9353409593499914,-0.33609584076173815,0.99389207189936934,-0.10428813886553119,-0.036090629082123765,-0.0012937660842692201,-0.33802555207291984,0.94113604346827451,15.643451910092578,-4.9321145739630508,0.44837446118077484,,0.3026919500089074,0.3448275862068966,False,4
0.87792942092455761,0.47622774497164355,-0.049467835957265699,-0.46732979609376596,0.87479946507738338,0.12778402710544154,0.10412873550577155,-0.089067563228979393,0.99056760275229161,1.830583686387554,-20.909008511778644,-0.17802849554550881,,0.3321621221612723,0.72,False,5
0.77789364410834028,-0.55220644972168587,-0.29991584709984653,0.62335239021145017,0.73843951502682648,0.25717480487912914,0.079456126721099363,-0.38700790629225823,0.91864661562200522,-4.9872859284482391,-22.754387220553379,-0.99440972176868536,,0.4329554249848899,0.3823529411764706,False,2
0.99117801749934686,0.089540830250454756,-0.09771682221666525,-0.073474316595326911,0.98483652320673765,0.15715771492012257,0.11030712772488357,-0.14859159557701812,0.98272726394303422,-11.332826574986342,-24.857547093833261,-1.7552768197209523,,0.2202079933521887,0.2222222222222222,False,1
-0.94122513844265399,0.32788672702465987,-0.081151296999270456,-0.32311657609479855,-0.94401335725667535,-0.066591738029248143,-0.098442455355308572,-0.036456488613659702,0.99447473945876641,10.622960746101123,20.999322696900737,-1.2161225384633725,,0.7557662852174585,0.1636363636363636,False,1
0.71754362363486746,-0.61594700986046425,-0.3251775349326862,0.68950886246504717,0.69420822313185249,0.20652474795596398,0.098532617762353836,-0.37240330822922441,0.92282560609078734,10.783006970913158,-6.3609355269345258,0.055205471334147098,0.6361182662811652,0.4575478034066897,0.2771084337349398,True,5
-0.94859632176632869,0.30969300182009135,-0.065232376585953586,-0.30040166275785868,-0.94592351957237897,-0.12242359303711009,-0.099618569271520019,-0.09653465566035338,0.99033186402984696,-7.6721213985739523,23.552976707147472,-3.2957699132886766,,0.1062608219637157,0.1363636363636364,False,1
0.45901134019015455,0.88768721021701991,-0.036331892243072969,-0.8834934640813632,0.46038399957808507,0.08652093306245956,0.093530147558694196,-0.0076151001050388384,0.99558732502379665,-22.28972386779159,27.804460976410084,-5.2436142455582697,,0.3005547676446627,0.5333333333333333,False,2
-0.30548817614360557,0.95214877606569603,0.0094700830540527525,-0.95201894256417563,-0.30522459239296684,-0.022313251612814944,-0.018355032973086903,-0.015832132994146431,0.99970617499814063,-31.915137443492043,19.690864944065392,-6.1952193641143225,,0.5029047628746222,0.5172413793103449,False,1
-0.89135508025565213,-0.43418080527846054,-0.13028103941167885,0.4409209052337828,-0.8971452283808774,-0.02681780231945672,-0.10523723784982836,-0.081347818170935116,0.99111435074292387,-8.5076803101977152,21.797962307296423,-3.3332270615387523,,0.07565149904221194,0.5333333333333333,False,3
-0.97018263645030456,0.2296264777774612,-0.07757146791090419,-0.21926078350499068,-0.9678974771805039,-0.12287873080558989,-0.10329743824080509,-0.10220643018485748,0.98938540765555771,-21.883189006297293,21.256370082202164,-4.9544132819821085,,0.0797713372616668,0.2857142857142857,False,1
0.22301689281892001,-0.94958802655422292,-0.22033167121920946,0.97481226248270525,0.21773793968608521,0.048282942480830385,0.0021256600722598003,-0.22554992672602264,0.97422929134939384,-4.2362556481487532,-15.706268280509972,-1.1991932959552605,,0.3037722962450824,0.1923076923076923,False,8
0.91702789211725,0.39881666159077023,-0.0022617507793892266,-0.38177071795267842,0.87944524151200343,0.28430122422492676,0.11537315109197406,-0.25984868215846058,0.95873233928329649,-17.236981138776876,29.715321610828692,-4.7017319864883635,,0.3801498620397815,0.1666666666666667,False,3
0.8821686387873916,-0.44835717229435335,-0.14406366228932893,0.46240112055436283,0.88262902849843539,0.084564778495419213,0.089239545326452535,-0.14121559440841214,0.98594850750219631,-2.607375503556828,-15.108237016661052,-1.0271806448422081,,0.08107081575582334,0.3703703703703703,False,5
0.73507425663910397,0.66971327871458419,0.10559337829538132,-0.67175495789144812,0.69836248648726751,0.24705285672418609,0.091712124469605888,-0.25253507039752776,0.9632315009615231,-7.6910297383485533,-16.781407081866764,-1.5967669909435365,,0.1503128965447334,0.4285714285714285,False,1
0.68434422910587911,-0.68505319689800392,-0.24975006208068401,0.72656087273769121,0.66954744127078913,0.15432278540249469,0.061500197529159091,-0.28706853068137639,0.95593377615623087,8.4775186409648988,-5.578819989903443,-0.21141539643012816,0.3599306115368731,0.1632570900985281,0.3333333333333333,True,5
0.50708857136141794,-0.84660085901296611,-0.16164209325897733,0.86066071184574244,0.50740728888665998,0.04243798145376302,0.046090344756970228,-0.16063881443535832,0.98593653518722313,-7.4971078590312032,-19.214962898965698,-1.4730065614724772,,0.1325759415555674,0.4594594594594595,False,4
-0.41408499399223719,0.90640601188668513,0.083437158185809351,-0.90963211533716137,-0.40872248520832311,-0.074265367651238423,-0.033211933061633454,-0.10664929301597346,0.99374186577878632,9.2128973933201337,-12.154904870461481,0.20224413767984087,0.5236010534662343,0.2825199650432007,0.1176470588235294,True,5
0.90732478484857182,0.40796205574003314,-0.10163019175352801,-0.40377666320702965,0.91290365403140417,0.059760561455756582,0.11715861491537703,-0.013186338857944062,0.9930256690633098,8.4781121314570509,-10.222935372779013,0.023415858758093492,0.1914110513948902,0.1428752834942077,0.2962962962962963,True,2
0.90061768456305724,0.43355360704347412,-0.03031593758850952,-0.42150717216464173,0.88833359574649851,0.18219529763927519,0.10592209432429418,-0.15130992197370868,0.98279490100746125,-2.1924068675702664,-13.606899229517179,-1.0406155810285376,,0.1265611665460965,0.5,False,1
-0.92381964276718798,0.37752495627711086,-0.063499409646640081,-0.37047028672476351,-0.92341850826373106,-0.10024981421458162,-0.096483336859676333,-0.069088103056547751,0.99293393522654416,-9.1393144369696362,23.092299930801655,-3.4603269272458834,,0.1219671337122088,0.2222222222222222,False,4
0.95793130670250115,-0.22657612854780992,-0.17615581060959629,0.26843446646588442,0.92450420827343893,0.27061948580595135,0.10154087281687925,-0.30652116869310647,0.94643236646397411,2.4244478335127781,25.57020080637842,-2.2539827398677819,,0.5034428581978254,0.1538461538461539,False,2
-0.9241825603746644,0.3783020696241004,-0.052670097944197095,-0.36697640983604096,-0.9177001136945826,-0.15216706591375137,-0.10590047083549356,-0.12130146513159704,0.9869503760745767,10.319098478119823,24.661764852463179,-1.3993835276567688,,0.3531574884254067,0.3333333333333333,False,5
0.95009108358834615,-0.25580970194143604,-0.17857303625843526,0.29515721063570577,0.9224459475319875,0.2489491813434303,0.10104035775704882,-0.28923151673779979,0.95191174792093014,11.322406680817918,-2.3624116935182764,-0.1109185560887076,,0.7255924848241281,0.282051282051282,False,2
-0.60651473601584216,-0.77192708926050402,-0.19044275744023653,0.78990041791233845,-0.61230441287429205,-0.033773299462490129,-0.090538416031801808,-0.17091481749829701,0.98111717974051282,-22.443812416135717,24.824716684513323,-5.145638516342661,,0.2759534092082785,0.7857142857142857,False,3
0.95611072444233003,-0.2553851371529387,-0.14363395952119751,0.27579723012776464,0.94992984794157809,0.14686446760037783,0.098935183126202142,-0.18003254070046421,0.97867262852739467,-7.7421187544504555,-26.750011356548494,-1.1740270434858093,,0.6348529165365151,0.1764705882352941,False,4
0.53094191872323193,-0.78511769530694331,-0.31889008052682727,0.8455288862932514,0.51587122392822582,0.13768726435835876,0.056405508473792304,-0.3427347149599933,0.93773734796855845,3.1142209149896898,24.045289970886735,-2.1116674982850152,,0.2728440497312765,0.5,False,4
-0.99261227638518534,0.080642241453226599,-0.090651517708312535,-0.077951508920356322,-0.99641591102536564,-0.032846529687791566,-0.092975432381143724,-0.025537446013468995,0.99534085007330486,-12.489587685131202,20.900646851772766,-3.7762250235745238,0.66753311515113,0.3657666237196953,0.4285714285714285,True,3
-0.77407471139097817,-0.58426829938925429,-0.24380093419378607,0.62580702993360982,-0.76441382824691717,-0.15503889986247582,-0.095780491075417071,-0.27258403018827337,0.95735262260865561,-14.064045283294446,-16.67629880619609,-2.4725083691566399,,0.372320025823502,0.625,False,2
-0.99269784305155795,-0.046033381829377072,-0.11149852087868556,0.049314373408990239,-0.99842239418861967,-0.026848004729275628,-0.11008671571112737,-0.032150436078151545,0.99340186454622792,-10.96236555177377,-17.77358194895891,-2.0081835628367908,,0.1084838487174379,0.1363636363636364,False,1
0.46344735717357671,0.88606151729357741,-0.010560999016737377,-0.88462962419552027,0.46332466894788027,0.052542165353463753,0.051448762128168825,-0.015007955081934282,0.99856286039474684,9.1639034148394085,-23.680355710801152,0.80881300336143114,,0.1270487234794502,0.3571428571428572,False,4
-0.017103397792492099,-0.98445210265262639,-0.17481856699668652,0.99956780117212829,-0.021016245886928322,0.020555492422642145,-0.023909927726132985,-0.17439144185321526,0.98438607282127299,-14.681777679520923,22.172441118357916,-4.1234369477015385,,0.103098096026049,0.5625,False,5
-0.15972683790016848,-0.93504446358714211,-0.31651096089937858,0.9869162441593885,-0.15839963651359415,-0.030097876448159956,-0.02199236842044815,-0.31717724739866826,0.94811124319030426,-7.0584670120171902,27.72018894207773,-3.4145878752822552,,0.5042365294303228,0.2333333333333333,False,2
-0.96732211774600496,-0.14229169179997955,-0.20985946479509687,0.18417214476532195,-0.96318428953859814,-0.19584852687362278,-0.17426572127623421,-0.22809887950344365,0.95791563279724612,-21.131798795944825,-10.486067185256402,-3.6684439692807351,,0.3020434098096973,0.1111111111111111,False,2
0.97087523286379729,-0.17114395397820298,-0.16766344034515801,0.21611273404483144,0.927673139808598,0.30449602930305292,0.10342421571051703,-0.33186185784805772,0.93764126344263476,-23.799245981241569,28.329913265372241,-5.4795644995735975,,0.2078871320118738,0.3846153846153846,False,1
0.112063325356029,-0.94198290431569653,-0.31640167364777694,0.99369862151888655,0.10693705874898306,0.033578490996195795,0.0022046998920139081,-0.31817082431153565,0.94803083592006876,-2.7281012277504026,-9.7887168932191759,-1.2990348371167957,,0.1300230416769018,0.2352941176470588,False,2
0.5978398091194066,-0.78612070216794383,-0.15684962306314507,0.79986260437771983,0.59793478444457904,0.051901904293639514,0.052984684109305819,-0.15648717255479405,0.98625776958949396,-2.4359434408696079,22.589038181874297,-2.684442556046335,,0.08359218456835303,0.3333333333333333,False,1
0.73672565433821646,-0.59425092399383972,-0.32264709757317706,0.67255441649887704,0.69339148561939123,0.25860936664859918,0.070041895232658136,-0.4075218853055651,0.91050537939608911,1.9476420882304233,-11.286920008330505,-0.65478930181778405,,0.6268028339973365,0.3032786885245902,False,3
0.99029385077667975,0.10150000284209151,-0.094951769530375929,-0.084457149387499153,0.98200945942866869,0.1688917153384118,0.11038604545517453,-0.15923307136292045,0.98105032997960839,11.783853039202175,-4.3681778453366666,0.037270959697775483,0.6264445832246434,0.6111241039563223,0.4623655913978494,True,1
-0.92355951144267934,-0.35876381889385794,-0.13537485392957907,0.36886847241050214,-0.92766705265317639,-0.058050749205430519,-0.10475628327361701,-0.10354883714684759,0.9890923917613732,-16.714061620084202,19.043217018554589,-4.2564196102965566,,0.09688387155203562,0.35,False,5
-0.94355336257088396,-0.29188716213761601,-0.15655330261744391,0.31885631576058726,-0.92840050410789354,-0.19079610549431053,-0.08965323129014692,-0.22994431619733605,0.96906548260051917,-4.4882060277427751,-24.07100598624157,-0.84944513169692104,,0.6233433202064735,0.1724137931034483,False,4
-0.96788931441557136,-0.19225161513259981,-0.16195552327433158,0.21306017610087841,-0.96930714565245102,-0.12267444210984324,-0.13340028635658338,-0.15324155397934783,0.97914319163949504,-14.422333075072451,20.439520280351307,-3.9986108568801049,0.3864703415483289,0.3605815576141234,0.5227272727272727,True,4
-0.019393313132498455,0.99960039827999603,0.020565582029635932,-0.99909476219357007,-0.020154255739595173,0.037462809998137059,0.037862323794484523,-0.019820437282154296,0.9990863800006613,2.0030941495296131,22.855322883421326,-2.1755553456075458,,0.2449701375027251,0.375,False,4
-0.96210437288801187,0.26404278102183387,-0.068092477264535489,-0.25139580233530473,-0.95562423452272427,-0.15356585870904407,-0.1056187778662197,-0.13062822123535742,0.98578950165790102,-8.3198854879484347,22.586263916555204,-3.3448154737615154,,0.1932953878018814,0.25,False,5
0.46274340730531005,-0.87218755277297544,-0.15861088166755755,0.88567899750968926,0.46252095813648864,0.040584192177940785,0.037963829702805665,-0.15925839404060416,0.98650672149859375,-18.841849490736024,25.301291078054579,-4.7412517793490405,0.3508935535921847,0.3489461666194114,0.9302325581395349,True,5
0.56866082180919852,-0.76590553641754699,-0.30002263085346781,0.82106453687800107,0.55058795466767141,0.1506848713580218,0.049778469448149877,-0.33202652523528814,0.9419556733305342,6.3939152761979647,-6.2442244314782496,-0.38747056896891324,,0.104601892365732,0.1481481481481481,False,2
0.98217257487142684,0.15949704430093672,-0.099487315923668773,-0.15183993873238991,0.98513441063369367,0.080341931711585143,0.11082267897941707,-0.063803493984812193,0.99179002212119216,1.2382648831888554,-7.0488575808207701,-0.93220234571902016,,0.09182856228542349,0.1894736842105263,False,5
-0.12754973785391885,0.9904076170724222,-0.053139593697370591,-0.99180957648293155,-0.1277253122602941,9.2761828089801823e-05,-0.006695399177268125,0.052716189666319954,0.99858708933017981,14.704884475824235,25.381166286298587,-0.98856039579804744,0.624318784726152,0.6275099691172565,0.875,True,5
-0.80946997795764886,0.58696752535015284,0.015082405960615802,-0.58163725730187421,-0.79807468036658258,-0.15740046212171693,-0.080352073424377196,-0.13618343784063608,0.98741967549482657,6.7629098541517934,-16.609456673491064,0.16115175084965344,0.7224578312646088,0.5678370649675927,0.282051282051282,True,2
-0.090557277543212564,0.99566926381516785,0.021026092783058059,-0.99583801557602925,-0.090750546569851209,0.0084252614717911442,0.010296903299359506,-0.02017561377092289,0.9997434262806677,-0.79008884231926835,23.229055284926662,-2.5165771022749523,0.6876940588908389,0.3270572254002949,0.7980769230769231,True,5
0.72545048922552058,-0.65170633752444751,-0.2213604239987885,0.68438031465477167,0.71718412895222627,0.13141731275624227,0.073110687286391127,-0.24683147046012377,0.96629656555066168,-1.2662639888300826,-9.3332565585898593,-1.1289941852337706,,0.3893712733851515,0.351931330472103,False,3
0.60209979284417448,-0.7361496168271251,-0.30912712773595297,0.79766630255558091,0.57144398741821933,0.19282178043695081,0.034703158707988832,-0.36267824705769719,0.93126804942875896,10.243953935532328,-4.3921736238441733,-0.10104456636516593,0.6001622757321399,0.5984582200350983,0.2631578947368421,True,5
0.20528270277904642,-0.96104833804968004,-0.18505432681155198,0.97867269975839888,0.20009258979231415,0.046504862732953928,-0.0076654215367371638,-0.19065426153682408,0.98162731923602842,-5.3487752953504391,-12.74234887398676,-1.4761117190612767,,0.1091140533397602,0.2307692307692308,False,2
0.94107342690637319,-0.30030023823858026,-0.1555653305995518,0.32022031023770248,0.9391688528022647,0.12418058961588493,0.10881065242872846,-0.16667823145189395,0.97998908620356784,7.1286249953783383,-5.4935733575239629,-0.36554621376353741,,0.1365258257297337,0.2333333333333333,False,2
0.11626405366238486,0.99313920973202929,-0.012537141573481569,-0.99273313322731616,0.11659250689115468,0.029784451136705831,0.031041843029511754,0.0089831748106942166,0.99947771688600162,-7.1022913993284371,-20.160340196502922,-1.385428311061313,,0.08498820243142846,0.3225806451612903,False,4
-0.7119837973146762,-0.65837742292182999,-0.24416846919326862,0.69792120656543399,-0.70180031233030138,-0.14276663139312562,-0.077363181085210633,-0.27205788097370331,0.9591660167105982,-19.112297813139175,22.918021527024983,-4.6657838890285195,,0.4721896211958188,0.1785714285714286,False,5
0.76314893373835679,-0.63020575667121803,-0.14298394732440281,0.64372130897275937,0.76080213928402296,0.082480186925421667,0.056803004395960852,-0.15498648044043245,0.98628221598702737,-10.557639228871217,22.619080704417204,-3.6129933599820161,0.4322647825489142,0.4063735295982427,0.5964912280701754,True,3
-0.95558196209540314,-0.25636008327142529,-0.14540502543917982,0.27125885153462692,-0.95792709413598565,-0.093778023994447679,-0.11524647145147618,-0.12905498837803916,0.98491779392634071,-17.958133847361932,22.118423304926694,-4.5126820312964329,0.3567446627717024,0.2404232510923155,0.4,True,5
-0.57174129941568197,-0.75187493635442149,-0.32832296085486057,0.8169008228167618,-0.5588067785978591,-0.14285667598814344,-0.076058741928625981,-0.34988435843163707,0.93370016788105825,11.697197759197969,-20.6810298660298,0.91317933228664017,,0.360452397855678,0.2666666666666667,False,1
0.014717339572181416,-0.95357045872784962,-0.30081020620563298,0.99944562907286449,0.0050440578789775889,0.032908843906460344,-0.029863597289398185,-0.30112777640342625,0.95311606210118216,-8.5976655094173342,25.38934273630521,-3.481103812239084,,0.4812260164704372,0.5652173913043478,False,5
-0.069132877995958311,-0.98187428680031041,-0.17647529600592726,0.99740619533986696,-0.071582079532001353,0.0075423728048494114,-0.020038130592673321,-0.17549612762183084,0.98427617187052485,-9.6185483184910812,-13.986619201024432,-1.988248715223355,0.602583035159993,0.5433535609972302,0.8888888888888888,True,3
-0.98673293137953166,-0.11703811281419566,-0.11251756431796997,0.12476509972673662,-0.99010340708700562,-0.064256619619158462,-0.10388355029230739,-0.077442387770492782,0.9915699090609148,6.2660130103295595,24.682668954435531,-1.8168644657994222,0.2727100527116669,0.2230823508436353,0.5952380952380952,True,5
0.88640123041572383,0.46098811973071613,-0.042223360650566755,-0.45113148990512092,0.88068304156834387,0.14449138074610179,0.1037942076104188,-0.1090290500787201,0.98860478893512127,17.035415530578124,-4.5862389338910514,0.54898044215535935,,0.3074865569126966,0.16,False,3
-0.9278194971261321,-0.35404201560317061,-0.117495667751011,0.35708851802469255,-0.93405570508898517,-0.0052659363505396239,-0.10788313606648867,-0.046842192288186049,0.99305943325366819,-13.835064148752929,-18.361998521851934,-2.3672181373171348,,0.08652032483902056,0.4,False,1
0.99138909698124811,-0.059362054587001556,-0.11672105577793598,0.074226849023467392,0.98906512167992255,0.12743845557887368,0.10787971667905694,-0.13500493158211299,0.98495463610145839,15.515998029554058,-3.5303140207708745,0.36246429979282513,,0.3390845386641416,0.5405405405405406,False,5
-0.45919298177847939,-0.81231858360788245,-0.3595557317171737,0.88591536816395366,-0.44861671691849442,-0.11788554513678728,-0.065542092858827339,-0.37266816341962261,0.92564716498087429,-4.76206482389256,21.459149153660647,-2.8741412348290618,,0.3871624027945985,0.3098591549295774,False,4
-0.60860181224668308,-0.7202502471568426,-0.33293154792022983,0.79006045764189758,-0.58894767425388617,-0.17013262550614486,-0.073541195263122236,-0.36657907531860806,0.92747586175480923,-26.192784962306614,24.292856721111892,-5.6548456563768701,,0.3574017625548426,0.3043478260869565,False,2
-0.85368545123954498,-0.50071336444714631,-0.14320362078506915,0.51066546145483627,-0.85877595698593756,-0.041528811444660377,-0.10218579558360204,-0.10858168522778761,0.98882156166521784,-24.266068903333522,19.026362964684285,-5.1833766508671983,,0.19329125694231,0.36,False,1
0.44719118378829098,-0.85639893250415444,-0.2580715279680626,0.8942870634355311,0.43340755240797652,0.11139363396343988,0.016452760068776273,-0.28060427994146969,0.95968252290257317,-25.887213798103438,26.772604055297322,-5.7263280194475792,,0.3468985939581141,0.5555555555555556,False,4
0.28511729009299219,-0.88865567191420625,-0.35916462474015964,0.95835890768447485,0.27056562539828805,0.091336993680843276,0.016010463823689328,-0.3702503735684064,0.92879401694918695,-15.136341345763388,-9.1630937933327079,-2.9106950778067477,,0.5057825027745982,0.1,False,1
-0.28698702070908871,0.95785148548834675,0.012608794244006544,-0.95789069883982692,-0.28682321896399166,-0.01333604661365858,-0.0091574571071140927,-0.01590511901561048,0.99983156989986588,1.0145661866673183,20.790043670673455,-2.1983000170812366,,0.1676922221896832,0.2,False,5
-0.9344664313322889,-0.33496488647842171,-0.12071045331534713,0.33954366172815154,-0.94039868935114102,-0.0189843842906929,-0.10715684995993975,-0.058726739166722552,0.99250621137275952,-1.796028698470912,25.952999616250253,-2.7389597187259129,,0.231752539198202,0.4,False,5
-0.19940166750978106,0.97850846220943755,0.052537266571837105,-0.9798953524953129,-0.19874708153417653,-0.017455536076955158,-0.006638761360767069,-0.054961686347572508,0.99846639396698056,0.0056539239677558251,-16.061439489863996,-0.64504888233019331,,0.1804119277816103,0.2758620689655172,False,3
0.977871518121054,0.1810418478293882,-0.10483865404585599,-0.17651811641642676,0.98297487163691866,0.051007414237350168,0.11228823902984153,-0.031372775855899149,0.9931802959738345,0.051149625194721604,-14.397737970048038,-0.71139977467928883,0.2673546018233505,0.2448806617358358,0.6451612903225806,True,5
0.52264543633126392,-0.8338742184580421,-0.1774698162310813,0.85142024561461682,0.52123248966957603,0.058311723267304251,0.043878391488863619,-0.18157775057491615,0.98239717388462877,11.043336403462243,23.864497555599726,-1.2981053434736938,,0.08538113530840016,0.3333333333333333,False,1
0.9934535315962294,0.061318659061811873,-0.096385178372211888,-0.04612563323818146,0.98720754015590539,0.15262273296500065,0.10451079617608217,-0.1471777656787546,0.98357317916485165,23.099739875312544,-2.8445344835837587,0.98638148794431257,,0.3414862776854117,0.375,False,7
0.013007558717253126,-0.97751116958265305,-0.21048210555144797,0.99981184572543591,0.0096854101443473953,0.01680672417316454,-0.014390155083051524,-0.21066111689509637,0.97745323021881514,4.2641292370973281,-13.497990184702129,-0.26612125278099624,,0.0906108052463837,0.2333333333333333,False,5
-0.88326180799998055,0.45650032819540176,-0.10703284022250342,-0.46009817454359342,-0.88780830965564594,0.010299276092891049,-0.090323022039003789,0.05834257162548788,0.99420214042510802,-10.798515175641334,2.696821906212576,-2.8009702368808083,0.3899721500239776,0.3537847146478297,0.972707423580786,True,5
-0.65713039673882789,0.75157498940595713,0.057573231464862124,-0.75222707356683149,-0.64896816656991796,-0.11399451114838957,-0.048312229041431037,-0.11821740175758903,0.99181176361582535,5.7053348081594377,-3.8507959976368502,-0.59770665006029244,,0.2179598985878316,0.2857142857142857,False,2
-0.97513405834706324,0.19982456303966958,-0.095831687126923165,-0.19557915746528964,-0.97931295335744784,-0.051912739780153976,-0.1042226530882553,-0.031879199994975675,0.99404293427946389,8.9737052311821035,24.260171801187262,-1.5183590092989967,,0.7288451376308955,0.8461538461538461,False,1
0.94814946337666572,0.30529947661668505,-0.088344918790605922,-0.29649716596816983,0.94977479314260016,0.10008632715698187,0.11446408026706045,-0.068702779336131004,0.99104889003525276,-2.4036141097566475,-17.310622737422825,-0.90424123936046441,0.1833001816303821,0.1633130850033688,0.660377358490566,True,5
-0.81915465551128552,-0.55808808447114155,-0.13237575429631981,0.56524458566648561,-0.82465340039250778,-0.021102786446286319,-0.097386902245171783,-0.092111124151247711,0.99097494018702759,-5.3480664312988075,-18.225623002820132,-1.2133639218499681,,0.1007009197135932,0.5,False,5
0.67360411445741974,0.73909140331719281,0.0011809016300114716,-0.7337233775573454,0.66851777961720016,0.1213836214714817,0.08892413739743868,-0.08263096198346695,0.99260496770357243,13.048980242200082,-5.896122384374948,0.25122830834343157,,0.1715889999462739,0.3333333333333333,False,5
0.99192199967669803,0.067015018735009688,-0.10770206043214273,-0.061353978999387472,0.99659700409072327,0.055046350454316974,0.11102448296806136,-0.047993736063605907,0.99265813122158686,-27.232135839724805,17.764404131257862,-5.5185620099810935,,0.2588073973371133,0.5909090909090909,False,2
0.98615609261614989,-0.12118508584170022,-0.11318275471813888,0.126164779971536,0.99128519293426065,0.037896102227259365,0.10760394644612514,-0.051651149443402593,0.99285122222334721,-11.495495607989545,7.4845049728376338,-3.105762488368113,0.3964397369224064,0.3311022175131341,0.9636871508379888,True,5
-0.34682340301356029,0.9377014514345352,-0.020724746069864061,-0.93764503965156931,-0.34717828015022695,-0.017000629657126815,-0.023136696801874388,0.013536239119388352,0.99964066718576539,4.2249137283606828,-5.2440738116356522,-0.69149958537871559,,0.08333152483675722,0.25,False,1
0.72785908799495669,-0.67120457258770183,-0.14037652852422125,0.68211213285129602,0.72968054947936245,0.047846984529363978,0.070314907666916962,-0.13057839579676894,0.98894140185904689,2.8456849293979154,-10.271554602344972,-0.57645123152427147,,0.07912745972224802,0.2941176470588235,False,2
-0.99575508516007205,0.024605798826248686,-0.088692530925548185,-0.01067538055512568,-0.98797585293433077,-0.15423926305803132,-0.091421259167987767,-0.15263770400134932,0.98404465584105272,3.9358047282138187,-10.899372591659047,-0.42312057694873495,,0.2022679722185692,0.3181818181818182,False,4
-0.97588565913861092,0.21523889035238147,-0.036323551140746438,-0.19449797536146898,-0.93296421568102572,-0.30289983466317372,-0.099084397701597438,-0.28853074764843339,0.95232992696520247,-24.037379613639771,25.421320791302666,-5.4098655617664111,,0.7089601445218817,0.3793103448275862,False,2
0.11346377208310335,-0.9667145916233334,-0.22932263465956665,0.99353682822522882,0.10964510790389889,0.029368712482747049,-0.0032470578722073561,-0.23117276797943542,0.97290729669372944,8.8567836174601524,-6.5506303136900721,-0.12904852173136261,,0.0806948693628018,0.2173913043478261,False,5
0.12895163456188752,-0.96719649462477053,-0.21886620737193135,0.99164939672180807,0.12538919555346856,0.030150018569282247,-0.0017175345968764195,-0.2209264366797461,0.9752889621291212,-13.661842908565802,-21.021490485591425,-2.2460881550383305,,0.1855753238219462,0.1428571428571428,False,1
-0.44566713518844586,-0.87973047586604436,-0.1656957888584594,0.89265029996740353,-0.45067607028104834,-0.008156080194340623,-0.067499974674279858,-0.1515432925224183,0.98614318631243247,-18.304325097557662,20.19028919183409,-4.4978154604766596,,0.1604821614223308,0.2962962962962963,False,5
-0.20151158137866851,-0.96877242039343059,-0.14447518837268361,0.97853659781418723,-0.20560744663666608,0.013845743959281079,-0.043118549471239276,-0.13858418153817081,0.98941155002298786,-0.67107307498317992,-13.503425415253238,-0.89173468282374457,,0.07603398140744862,0.2777777777777778,False,5
0.97899253263133501,-0.15988518617559758,-0.12653200501722356,0.16972860466522544,0.98291522514873408,0.0712029559021881,0.11298593633935085,-0.091183262786587033,0.98940375518648205,-1.4424099885801063,-18.868999476645339,-0.68054048735556993,,0.108861822764892,0.2727272727272727,False,4
0.93196890527140919,-0.33974850012128399,-0.12651053818772928,0.35333552165276444,0.92933971761070733,0.10715268736536518,0.081166303017815231,-0.14456363974592229,0.98616093276798966,-4.5950389508885783,-10.673195402813766,-1.4722915775863845,,0.1423970838593189,0.4769230769230769,False,2
0.63186365594000027,-0.73495638888011328,-0.24614513350143943,0.774306712791066,0.61273516445283593,0.15812884863190063,0.034603971286998034,-0.29050770159715322,0.9562467466527188,-7.3028358193295784,-17.863435911288299,-1.5132386169019865,,0.1801359229461481,0.1923076923076923,False,2
-0.84409761886587986,-0.50270235564036114,-0.18651957392880691,0.52677880798551791,-0.84237800480669922,-0.11359306526034789,-0.10001648505275786,-0.19413819472611976,0.97586221571806675,20.451071520204302,25.814148610462325,-0.46516494597337621,0.5195497138932759,0.6235102526947445,0.5714285714285714,True,4
-0.64116625223500845,-0.75448793193195851,-0.14019200249640057,0.76319952567380933,-0.64601684961529382,-0.01373732231565488,-0.08020175188976289,-0.11580237727338716,0.99002903412558863,4.4514036850833474,-12.527327667519081,-0.29273511301775079,,0.07772641162897567,0.1304347826086956,False,5
-0.98074129048485126,-0.10486120159277232,-0.16477454153670007,0.13865826860181615,-0.96797380341420047,-0.20928592989542985,-0.13755146559181514,-0.22810270560510279,0.96387174977233192,8.4207028922333773,23.415644772290538,-1.5397024412465532,,0.7826266301150193,0.725,False,2
-0.9709695097434462,-0.18529108762221974,-0.15127929136649026,0.21224996394677167,-0.95902758384429609,-0.18765938886814729,-0.11030940101898229,-0.21432056894649026,0.97051456958321203,-7.8779638690202063,-21.953250328229153,-1.4031087918867635,,0.2652697755067271,0.2857142857142857,False,1
0.47503637334521792,0.87766680819192522,0.063572146394650225,-0.87401360084645074,0.46220131450291557,0.14990053504641027,0.10217959451106556,-0.12677112711488031,0.98665516356809213,-16.937598203244153,20.448326279296452,-4.3299758646820017,,0.4855034770051407,0.4838709677419355,False,3
0.76241152956426161,-0.59220701601040959,-0.26080550181223144,0.64489527914939115,0.72856108401678277,0.23088704118490511,0.053279813422275057,-0.34422317912124611,0.93737487935049268,0.17423011723232318,-19.931844121040296,-0.43666452121716393,,0.4695095156943752,0.1578947368421053,False,3
-0.99391455500951387,0.063230354040958475,-0.090198556906941285,-0.039045665479348048,-0.96790546874933014,-0.24826284372095309,-0.10300142400721714,-0.24323019116259931,0.96448420451528949,0.87181991321006502,24.480463717876525,-2.3836650001250677,,0.1667018378426514,0.1666666666666667,False,3
0.65302254387918568,-0.73410492735890953,-0.18614916817683536,0.75485685890366061,0.65079666725562613,0.081577082903654785,0.061259119742752249,-0.19378765057748298,0.97912903477121105,14.690225998812528,-8.7802085281020226,0.58276972768676472,,0.08838019403325365,0.2307692307692308,False,4
-0.73512760493635143,-0.62660735908631571,-0.25874818260118643,0.6717631588162265,-0.72465511855034237,-0.15365291281337548,-0.091223149023639274,-0.28677199427012151,0.95364572058209807,5.7663194834191316,-20.737539482982335,0.25302675666873781,,0.5690181756686082,0.1578947368421053,False,2
0.98000217057033023,0.18139587692878881,-0.081800253732358399,-0.15657789740522782,0.95665384171094014,0.24555404534207673,0.12279701837422788,-0.22783538569093356,0.96592542636865308,-22.686199103667114,17.887435446450297,-4.9626613007396267,,0.349672853001134,0.2,False,4
0.78359919440637049,-0.57114054621064125,-0.24448063113444657,0.6132249637214936,0.7741621434316347,0.15693348765037407,0.099636571571186383,-0.27289458065624395,0.95687047266283265,-8.0097522227804934,27.610175749954909,-3.49991082913562,,0.2594883943203478,0.2307692307692308,False,2
-0.82282217467106378,0.56827088022618599,-0.0056458441827582362,-0.56197276836921695,-0.815100787824378,-0.14070292569636117,-0.084559307477170831,-0.11260067661889521,0.99003576255807402,7.5290281344839878,-9.455611081029323,-0.10826981875168618,,0.1586729500251443,0.103448275862069,False,3
0.62766145176861188,-0.71915631095107457,-0.29808606539548144,0.77642291029190269,0.6061500098940692,0.17248081017687647,0.056644208332100245,-0.3397004061296669,0.93882643110309183,1.4482191880670343,-2.5481881939323605,-1.0871474604556535,,0.5306177371382341,0.2654494382022472,False,1
0.92856818180524758,0.37027713234684806,-0.02561204794411516,-0.35143555201393056,0.89931806756803712,0.26023079396250487,0.11939088960034135,-0.23264105099205176,0.96520669127071079,-2.0425657862930127,-24.257781326357264,-0.46374212543171256,,0.4617286582418274,0.1666666666666667,False,3
0.5554229016946326,-0.76244198160245735,-0.33194521379774844,0.83010734092546723,0.53200713606402883,0.1670036218727024,0.049266650127291173,-0.36830779501263422,0.92839763319289381,-27.995920718221203,-9.0708646754966544,-4.7545017852037592,,0.4846298455042918,0.2352941176470588,False,2
-0.86308328474201501,0.50220256698241561,-0.053664003905846497,-0.49962105555830766,-0.86450655698241075,-0.054838068686094213,-0.073932702113048532,-0.02051815417357826,0.99705213550123484,26.004475963989627,28.335181771242674,-0.041267944434293477,,0.292067618727075,0.1818181818181818,False,3
0.76745213750570695,0.64088118860527432,-0.016985839096481131,-0.63420352039017203,0.7627999925029193,0.1261826698174443,0.093824897349442188,-0.086066680715805227,0.99186159070100588,-0.60514258667349607,-10.255871862835198,-1.0410271197535639,,0.145840392059457,0.2424242424242424,False,4
0.044482594896784605,0.99276166417593981,0.1115597458488872,-0.99879094619789544,0.041855417040542089,0.025783131258176602,0.02092712460809202,-0.11257176469693481,0.99342319947173419,-31.191313159243375,25.31710999849723,-6.3001131471666216,,0.1566983699646696,0.4,False,1
-0.97727991114875012,-0.15307621217146306,-0.14660030195169962,0.18086903107448665,-0.96289593253985939,-0.20029432517266368,-0.110500537841536,-0.22225907487757057,0.96870559757405106,-12.690676738222528,-11.220887034952659,-2.5120226211048906,,0.4805831277329976,0.2,False,1
0.98380975562707973,-0.12630676598500173,-0.12714151800019993,0.14450917720975279,0.97868161661457098,0.14594310878849398,0.1059974642863943,-0.1619533703480725,0.98108900890681405,-12.612917577714525,-16.127764722995668,-2.288276878479087,,0.09991532064916897,0.35,False,1
-0.63726892748039632,-0.69604430436020082,-0.33077279276825361,0.76622312521375679,-0.6181779169543441,-0.17538011682529087,-0.082404104604379594,-0.36521006196121325,0.92727082030366847,-9.5113091506265217,19.494456358588451,-3.3505667602400475,,0.6677784680455494,0.2456140350877193,False,2
-0.92059306135317143,-0.35613958046692562,-0.16022800820467939,0.37520316568151407,-0.92039657892885984,-0.10996691301760714,-0.10830974033283867,-0.16135283301167613,0.98093540227078146,-9.5059441390155985,21.756426108898612,-3.4552655667473386,,0.08055276065469906,0.1428571428571428,False,3
-0.61995982645668912,-0.76443896431470815,-0.17686967919134389,0.78068037887189878,-0.62355964365814831,-0.041370482778822583,-0.078663585121842766,-0.16372672548603776,0.98336442875334829,-2.8149191357616021,-20.53073314063797,-0.76477448008666438,,0.1423812384124782,0.2962962962962963,False,3
0.87284994086867218,0.48798402357457299,0.0021385652958376133,-0.47692417738553661,0.85212304448165022,0.21547539555237255,0.10332622973225761,-0.18909761976104483,0.97650692800922956,-3.9712240232504343,24.652226438908745,-2.9213833182396218,,0.4427151225633858,0.4509803921568628,False,3
0.73852419318499352,-0.65801710229057153,-0.14695410567103628,0.66982696808699682,0.74092493419287442,0.048601180177709077,0.076901553325247202,-0.13432697042814745,0.98794858981212175,-8.9476868127360483,-15.561953647800831,-1.8351173376317944,,0.1653726921013081,0.5,False,3
0.96467754967884067,-0.22742856510281895,-0.13294161470698401,0.24247738821619508,0.9638254658056965,0.11065797607169922,0.10296572900475165,-0.13898460072865987,0.98492707314339523,21.478985515131345,-2.2849934849782088,0.839012270685915,,0.1096833622517938,0.1818181818181818,False,2
0.8223621641648392,-0.53025798140009339,-0.20626910605231161,0.56309636968062615,0.81044590327502863,0.16155468522213301,0.081504290700682672,-0.24900584536556744,0.96506639127635019,11.110766913676102,-10.394117352937755,0.3028294599388156,,0.2082610763794937,0.3333333333333333,False,1
0.96589228738619914,-0.19848424357384123,-0.16630121533162975,0.2303923096365541,0.95189414150954665,0.20203199504073138,0.11820098488672233,-0.23345566691070932,0.96515645299561958,14.101010068595897,-3.9990175939747576,0.23650275337924098,,0.4365632880891042,0.1538461538461539,False,3
0.78631188494029902,-0.58856177388169439,-0.18790598161545613,0.61096034093368856,0.78596139873793214,0.094826902828811149,0.091875358001075935,-0.18936662329763151,0.97759869096323371,20.79380407488393,-11.492580762812958,1.323349549767848,0.54304991380936,0.5325411624797679,0.3333333333333333,True,3
-0.66978080555935426,0.73796992959618812,-0.082426060903456194,-0.73997717307318889,-0.67257556936630414,-0.0087113042768678858,-0.06186643544665487,0.055158739138864765,0.99655910896531175,17.967431897588835,27.582060841676874,-0.76471212736314642,,0.07298182496015551,0.2727272727272727,False,1
-0.54829523060273022,-0.79185942586473423,-0.26894421311393241,0.82758350975389161,-0.5600373893295395,-0.038257769621144376,-0.1203240395005494,-0.24355034843359827,0.96239563241742909,-19.486863874332908,28.808253486466956,-4.9459617604138826,,0.2508244215051163,0.1666666666666667,False,2
-0.96329798117180798,0.26014478272387154,-0.066194346373899232,-0.24826986006219665,-0.95719197576286508,-0.14881397152108908,-0.10207387547759419,-0.1269181372252676,0.98664720664898875,24.670806085627422,26.84180299249546,-0.079967543695257132,,0.2918723118246713,0.2666666666666667,False,1
0.78456527747807381,-0.54818103775803495,-0.28974967682169495,0.61488333739254464,0.74803487546356406,0.24972446113109556,0.079848649160514568,-0.37408738943291558,0.92394957562331659,-21.258274817001201,25.249968663354192,-5.0317654157401179,,0.4509552860958779,0.2173913043478261,False,2
