axis_00,axis_01,axis_02,axis_10,axis_11,axis_12,axis_20,axis_21,axis_22,location_x,location_y,location_z,dbh,dbh_approximation,score,reconstructed,number_clusters
-0.62047070855735087,0.76301804833533382,0.18116168948449488,-0.78205239054548847,-0.61921396190045941,-0.070484947539329892,0.05839656038179699,-0.1854117776789645,0.98092421441898381,-20.99645614047801,0.18437034197089452,-0.19773627738286276,,0.2330262878711878,0.1111111111111111,False,1
0.85850190577538543,0.4987699299834949,0.11917648561813851,-0.51196540190049622,0.8469563771677393,0.14337476218554276,-0.029426264406038412,-0.18410174393296011,0.98246661156700299,-3.4931252704629938,18.468100917017466,-2.3594377448181314,,0.1479458718087233,0.3478260869565217,False,6
-0.84634936652010895,-0.53043170952989505,-0.048321333965472085,0.53236111038315403,-0.84530908020986517,-0.045212908183025854,-0.016864102188526339,-0.063990315204289688,0.99780801841708522,-7.6157991943483347,8.5461040411539866,-1.5707055593772723,0.5522972795532578,0.5992944417833115,0.810989010989011,True,4
0.76965091760746307,0.62631557047258113,0.12396076479917491,-0.63833290822059785,0.75879723329799675,0.12945214182059805,-0.012983193313852212,-0.17876119523798151,0.98380682644941253,-6.5970094014687337,18.79487011897093,-2.2330288357005763,,0.07638484883779342,0.5882352941176471,False,1
-0.24267666587028772,0.94353096347298482,0.22551575734263479,-0.96894871245846204,-0.24710415047458809,-0.0088278787554575133,0.047396502689225649,-0.22065552289932253,0.97419952358172368,-0.3138703787980533,4.2919603338585679,-1.6858046664855639,,0.07318261985840777,0.3389830508474576,False,5
-0.77286639148355885,0.60969851706743594,0.17591264650659169,-0.63171801402535854,-0.76548735249182054,-0.12231706312253135,0.06008237404630902,-0.2056619348854663,0.97677698420270265,-2.7953036731534788,6.89494111504629,-1.7348090397437885,0.5402527388463806,0.7978065445649993,0.4833836858006043,True,1
-0.97186995531865705,-0.23216527684251986,-0.039598916368345519,0.23515315864456598,-0.94719300298286668,-0.21801010774682472,0.013106560509708536,-0.22118928393784079,0.97514281966421223,1.1043244410612243,-8.3165560136642096,-0.61278212047606939,,0.4462599362802491,0.4333333333333333,False,4
-0.076730209668472493,-0.99203262591755437,-0.099918687137859702,0.99646929148570984,-0.079724698021961776,0.026323442998095054,-0.034079701439408042,-0.097546100078005404,0.99464734067375471,-2.5570489416485738,-19.176568733811123,0.60491886735937206,,0.2382229451527204,0.1818181818181818,False,5
0.79561041550905554,0.60168197711168392,0.070589412467325321,-0.60579637412235665,0.79091538723097299,0.086392148610185626,-0.0038496537132985814,-0.11149730337660312,0.99375727997636953,-3.016883847350353,15.507421637293254,-2.2257732828634462,,0.1036933075935847,0.5555555555555556,False,6
-0.99214941062759399,-0.11612674290936957,0.046412569122788204,0.1157253323800127,-0.9932175044823105,-0.011253276654630228,0.047404582445708707,-0.0057938218121756768,0.99885896761852988,-8.8941661586793934,12.818042071797887,-1.7486368353296633,0.1553862286642613,0.1143393728103295,0.7094017094017094,True,6
-0.1764216665455354,0.97498929793931566,0.13517124130930058,-0.98326733084777729,-0.18089759570699648,0.021480594845507416,0.045395502649322843,-0.12911982330854282,0.99058937989864748,-22.786680779726833,6.7307678488540663,-0.59698716933949092,,0.08381941729153303,0.3076923076923077,False,2
-0.99359715215867084,0.10180445233917043,0.048995435563933515,-0.10918788890377799,-0.97667376461090927,-0.18489554466641286,0.029029366836261367,-0.18906139480252118,0.98153608433740724,-17.196832349458795,4.2270914607397598,-0.71322524859632375,1.058500676193559,0.4018455351789995,0.247191011235955,True,2
-0.2137125644958163,-0.97680631641203108,-0.013280060021733472,0.97655211432669164,-0.21397844239787567,0.023647287223857207,-0.025940466084674069,-0.0079149482966295176,0.99963215525150639,-27.795205592587969,-0.78558088440652418,0.22905054738990874,,0.3936850583725237,0.8095238095238095,False,1
0.95564826830715965,0.2845962729829864,0.075771687890145198,-0.29433938741580884,0.93170876459908691,0.21279826828461434,-0.010035551664679874,-0.22566288878200114,0.97415376010635435,-12.312350114103037,8.9459936304292889,-1.3235579254510526,,0.2375814445949271,0.2448979591836735,False,5
0.045229960682139941,0.98655235233890981,0.15706274781518326,-0.99837186704029146,0.03917059144149608,0.04146419984282991,0.034754363167447219,-0.15868245290733049,0.98671779824838379,-23.801908155505018,12.597986668125772,-0.95451701719144411,,0.09807141019343715,0.2307692307692308,False,1
-0.99304022857962115,0.10416578631152813,0.054959925260462034,-0.10721355385895842,-0.99267068778652445,-0.055768803809668199,0.048747905508511352,-0.061273114589761792,0.99692991084479143,16.798189498195619,-8.6278002712443165,-1.154624194410002,,0.3279416176991347,0.5161290322580645,False,5
0.70815974117039737,-0.70577847910281133,0.019660097171665693,0.70353437870430546,0.70771023961834634,0.06469617237898212,-0.059574818225690773,-0.031983670437681272,0.99771132391023354,5.02885048145298,5.4996891706463824,-2.1804625871011267,0.1524461042186888,0.1660143620629919,0.4,True,2
-0.031858196434789682,0.96553077856318403,0.25833190079255675,-0.99943313461600025,-0.033588446321798866,0.0022859801672517922,0.010884151393645732,-0.25811263417519997,0.96605351990848887,-15.507944941257854,14.187245735725327,-1.5703446452002703,,0.2385330374044003,0.3,False,3
-0.99695652976993376,-0.064803939579784836,0.04333736452566396,0.063639981223838807,-0.99758785732779298,-0.027720384232034864,0.045029218724291831,-0.024878029003154764,0.99867584988022895,-21.510083360439669,9.389788247041043,-0.85266219893844775,,0.07612061859386093,0.1578947368421053,False,1
0.55245113564925052,-0.83311427436981189,0.0268020253174115,0.83159443152664558,0.55307177255977757,0.05061932290599231,-0.056995124122409785,-0.0056762874176160098,0.99835832023749072,-22.9479698741251,24.035849269550102,-1.6665723718302778,,0.142525338336992,0.1818181818181818,False,1
0.22788775032760808,0.97041185627551041,0.07979976472735166,-0.97341002752959704,0.22510029446457566,0.042459106641460756,0.023239869953409063,-0.087353801473549209,0.99590623143580592,8.143899482420677,12.713626948771905,-2.7429872743765227,,0.1240114731343403,0.3636363636363636,False,5
-0.84764801946283319,-0.52172379709472338,-0.096421546584777584,0.52988661754785371,-0.82332968126519479,-0.20334308075626109,0.026702202988353445,-0.22345584685305614,0.97434823182615382,-0.46338267762249891,10.053206237972056,-2.081847927935689,0.6920259051564557,0.2571407613725084,0.4252873563218391,True,3
0.1355731685443029,0.96025987350870423,0.24396903758449984,-0.99071457663957219,0.12885042848588982,0.043384268034363224,0.010224656704892391,-0.24758542446608539,0.96881211490526731,-10.293251325112356,-12.499781490261343,0.30626085945085391,,0.3357363516498579,0.3333333333333333,False,3
-0.68192730176954164,-0.73085868367836149,-0.028648553074191715,0.73140021649940024,-0.68109783848205174,-0.034050810852420746,0.0053738632233107896,-0.044173735488514713,0.99900941070995319,-8.4040077379964782,-13.720280909572521,0.31158830821234729,,0.08164447622139041,0.2105263157894737,False,1
-0.97362647925359314,0.21857951640575113,0.065379460873284279,-0.22016796876227096,-0.97529442938531308,-0.018078759389759134,0.059812577501299681,-0.031996421953167382,0.99769668965815794,-8.2031554100460635,16.201094750501692,-2.0099060496536558,,0.1196605603155508,0.24,False,3
-0.74502486015218983,-0.66682100723987947,0.01696178230029249,0.66695672058498012,-0.74508841320904684,0.0034625667001349815,0.010329115244702959,0.013892472969815134,0.9998501430579706,-15.603982731822782,11.654864959637415,-1.3688560828664205,,0.06794947718230678,0.2926829268292683,False,4
-0.85033056190998901,0.52281079284261334,0.060056726260428905,-0.52293621419934988,-0.85224218179807387,0.014865377321479571,0.058954655123184957,-0.018765352417057641,0.99808427008342804,-6.4957036796084884,10.209418400853089,-1.7297145031154044,,0.07524120366432843,0.4202898550724637,False,5
-0.37843056676453346,-0.92554384181467009,-0.012605674008807966,0.9254854021099167,-0.37857693333508124,0.012501041078751751,-0.016342478995587151,-0.0069355912183294358,0.99984239805818009,-0.20377175372533443,-14.066380674755537,0.029097999945554356,,0.1750644711035496,0.65,False,4
0.59498313011376169,-0.79459205243716591,-0.12090717548484245,0.80134117621655232,0.57484897384875755,0.1655324033683504,-0.06202736637890105,-0.19537688570739961,0.97876477171554099,-27.209048916732097,19.741135387599634,-1.1260406270439689,0.8485233825603483,0.7170500204816771,0.5942028985507246,True,4
-0.9696368838130478,-0.24426616014393124,0.011762506444699266,0.2417111862985914,-0.96458140240538193,-0.10563342535293892,0.037148566156043353,-0.099582935999128749,0.99433556855336502,-2.3859995494657142,3.2195302773155992,-1.5051743248220797,,0.0680332459235348,0.2911392405063291,False,1
-0.99550280043133443,0.079356442381444472,0.051737118067525859,-0.079621562341430696,-0.99682040427947571,-0.0030803282964439981,0.051328171053353355,-0.0071858656169373472,0.99865598791158039,-14.266891276573316,8.4108154527257604,-1.1755716037183281,,0.07550957406529885,0.3421052631578947,False,5
-0.89373374836147701,0.4408262102091029,0.083139878713061,-0.4485686444270231,-0.87608045801024936,-0.17683099934528734,-0.0051145162670163113,-0.19533377456351456,0.98072348714513968,-9.3967750633872917,-6.7837699601988719,-0.24883086181851868,0.7054451592796216,0.2728678661019909,0.1941747572815534,True,5
0.90935594156311295,0.40631582492464297,0.08932649080576005,-0.41586224902308144,0.88191889102527532,0.22198571911322029,0.01141759087238281,-0.23901154798159016,0.97094959629741617,-10.810097766457721,16.603961344129846,-1.9189753029517533,,0.4753513370678756,0.3870967741935484,False,2
0.94458155477368855,-0.32742233730663778,-0.023670644561970489,0.3181139868196543,0.89515371691431855,0.31225520729714756,-0.081050464347995163,-0.30248047230711944,0.94970331477879766,18.534981211873109,-9.1856037932073864,-1.2016693138827079,,0.2740469837951032,0.1176470588235294,False,2
0.13851202193527515,0.98221854994599644,0.12673255272969652,-0.98965340568719107,0.13243952169853873,0.055189760862008816,0.037424008218592771,-0.13306574778749683,0.99040039901779553,3.2544753890110036,-9.696162049839554,-0.56278228163713051,0.2049797469208718,0.1624060232939721,0.2424242424242424,True,5
-0.95773837090672609,-0.28745974226378412,0.010203404851764204,0.2858793145314738,-0.95519401562301687,-0.076664268345758541,0.031784122072897339,-0.070507369087313421,0.99700475449640669,1.1983711006433846,6.5804854518260001,-1.9709557292999644,,0.08710697452002225,0.3111111111111111,False,5
0.77382065973539971,0.60441243709387993,0.18943915237592374,-0.63299566868889834,0.74867164365298744,0.19699556698319401,-0.022761150844508606,-0.27235340254194002,0.96192803999886756,5.9008690561121444,-7.434714295415338,-0.88174213498435206,0.1973000315465226,0.1431849642763099,0.4230769230769231,True,7
0.1742135837644794,-0.98348921117003807,-0.048975491259119625,0.9810625871918397,0.1690782505302077,0.094492037813233537,-0.084651209349837067,-0.064509818708315403,0.99432019794723536,-3.4151953948573821,-9.7814416818949184,-0.27788057235977331,0.7602307601242425,0.516786340769512,0.7681159420289855,True,5
-0.67135699862416431,-0.74101420272442464,0.013331607518935432,0.74086500797879784,-0.67148934479504019,-0.01486942430974126,0.019970486997808679,-0.00010577056497077658,0.99980056434353815,-5.323362221421073,14.410014617902743,-2.0411768624575499,0.244335622920896,0.2489265219877276,0.8045977011494253,True,5
0.11066469328626591,0.97176036476445171,0.208410938131177,-0.99347928469763291,0.10237602124350013,0.050180286478164464,0.0274269308625106,-0.21260513574984724,0.9767532030744781,-4.3276315078951146,12.994246406095582,-1.9973252648724531,0.4071655696129948,0.1710189972983921,0.1739130434782609,True,5
-0.087610295425472579,0.96461428149513961,0.24868398434775701,-0.995244380606222,-0.095429692468498278,0.019539617885303801,0.042580030615269215,-0.24578946627343873,0.96838756666007386,2.9005697793023826,2.6307412004368476,-1.7803965387658185,0.2188875132841022,0.2415672232471708,0.5,True,5
-0.77161767814042959,0.62705293953449603,0.10682120483461666,-0.63486799072908184,-0.76959210400247013,-0.068341991518163392,0.039354709105645543,-0.12055125249535101,0.99192671220862449,-14.824530791892945,13.202809498899663,-1.5373806929578118,0.4480371926894141,0.2692934506224661,0.3582089552238806,True,5
0.42291400737103796,-0.90139641187899688,-0.092888379364909013,0.90415238132393583,0.41291335794306711,0.10959484558334102,-0.060433547931802264,-0.1303344447329646,0.98962655522198073,0.6866507309437504,-6.9251043789507314,-0.72466312475178229,0.4095451128570083,0.1507909116814145,0.15,True,5
0.16946497026369073,-0.9823064211927518,-0.079722761724709532,0.98451996169290457,0.16506280198911333,0.058946725334875133,-0.044744484372142318,-0.08847805537528014,0.99507264299410847,-3.3722825507906546,-8.5892279313125872,-0.37267549970091773,,0.1004494885985452,0.2857142857142857,False,5
0.32046579913973372,0.87566691924999784,0.36126045744441898,-0.94705362136901017,0.28821851038929552,0.1414903831389982,0.019776496999642429,-0.38747585318338795,0.9216677022475237,-4.7961629576019194,14.988339496084278,-2.114048451897832,,0.6244460734944257,0.3714285714285714,False,1
0.27626299333938253,-0.96012113365473573,-0.042967048080007508,0.96031125751822355,0.27397523028992699,0.052343689890472861,-0.038484375984714284,-0.05572236442512838,0.99770435045054329,-3.6143539825317914,10.333654601685499,-1.9119727412032843,0.1821357171992396,0.1177492107719375,0.1296296296296296,True,5
0.96890573955252857,0.24230500992816817,0.050099401452292532,-0.24501392361649563,0.96779835303198769,0.057745347021398122,-0.034494131330091701,-0.068224849082149319,0.99707348017661168,-4.3787502513798078,-8.3946314922016043,-0.3576647562813578,,0.06835147662607506,0.2608695652173913,False,4
-0.96530405182397883,0.25367740083921819,0.061934351015150879,-0.25938677500892821,-0.95885324492328228,-0.11540777985283202,0.030109607813403855,-0.12746854907603944,0.99138548532534632,-13.841339098367092,6.9865456362757756,-1.1219873223030312,0.324368472968246,0.6183419731191386,0.8109090909090909,True,5
-0.85093191394337797,-0.52286008755742563,-0.050321036079351289,0.52216188830553734,-0.83158051662393206,-0.18926385490280051,0.057112522566015775,-0.18732638151342706,0.98063601124741029,-0.2852782054865608,-11.323247682414264,-0.2849931992028788,0.7631002448754657,0.5155262733801687,0.6129032258064516,True,4
0.21107578964382098,-0.97105138147406467,-0.11183123697584682,0.97387637230300106,0.19911792461844269,0.10916438780843438,-0.083736625775006887,-0.13195175873384457,0.98771296988085622,-13.483367796763666,-9.6201396543591535,0.17058522326469483,0.9495495428922713,0.5614989127361395,0.4242424242424243,True,2
-0.15008258704083402,0.98709236883453322,0.055891613465352687,-0.98767880548420739,-0.15222701077008086,0.036297581039169954,0.044337278495865148,-0.049755327158361617,0.99777683534693506,1.7186028921657293,2.5699991266954845,-1.7314415971478272,0.198671251385817,0.1370104802781778,0.6384180790960452,True,5
0.97466454404227842,0.20623482350304573,0.086580737820383405,-0.21392532406802761,0.97254328646927612,0.091627024757578224,-0.065306832025782177,-0.10782742470357017,0.99202231031995924,19.538168671271993,-6.7510612905816014,-1.4204574327856381,0.3981022635877102,0.331742118884555,0.4,True,5
-0.92884736223813091,-0.36409916076289955,0.068369428804251953,0.36086229412878779,-0.93097713058251408,-0.055317149316085557,0.083791302289530634,-0.02670923930220168,0.99612531048885788,-13.277779861903024,-4.0277933250749474,-0.28002334882456531,,0.1397484039842919,0.2051282051282051,False,3
-0.54656184735567082,0.80092345533652931,0.24452354836896945,-0.8357509047482079,-0.54012086720453467,-0.098943792239706202,0.05282586703225256,-0.25843967865251788,0.96458196140622221,-14.004514651631176,10.811811022288234,-1.3787262240383584,,0.1554330706361084,0.2941176470588235,False,4
-0.28969805488748035,0.92233976338551182,0.25566461990734857,-0.95497859724042689,-0.29639787296731368,-0.012813263173732044,0.063960267409678528,-0.2478662175013181,0.96668062068838045,-0.96791555177165634,-12.900966550933411,-0.080404206153798216,,0.653046661115735,0.2888888888888889,False,3
-0.97905164157816538,0.18379404820751946,0.087622091772508584,-0.18974383123207625,-0.97966710016776315,-0.065189350037087965,0.073859066014073743,-0.080449491560709047,0.99401846948391792,-17.023973723671226,16.593513738654813,-1.6340371438407626,,0.3686536050293746,0.2142857142857143,False,4
-0.50594207514883538,-0.86219570092944542,0.025321727683405713,0.8625318512767417,-0.50543641685772422,0.023933951766082678,-0.0078372270100215691,0.033949989879337443,0.99939280368631134,-14.51363915200446,-3.1402589177139268,-0.26626332077055925,,0.08887286092225627,0.4324324324324325,False,1
-0.17522859028998189,-0.97790692196765672,-0.11398681113501703,0.98412812496036406,-0.17727809872927167,0.0080193124975648684,-0.02804950635901881,-0.11077241388847223,0.99344989683140927,-24.879154650494986,6.0294445961764254,-0.42337609731529274,,0.1589014783653125,0.2105263157894737,False,1
-0.57009374545977709,0.81015656577215478,0.13652640888821305,-0.81917096936302991,-0.57323447583309883,-0.019004175046206169,0.062865287245642845,-0.12267263204407572,0.99045412867376237,3.2066866617347114,13.346597152046481,-2.5084471723060071,,0.1016856699544834,0.25,False,5
0.61565081854101167,-0.77973357811171995,-0.11397200004772037,0.78585965690058879,0.59680842940920209,0.16200092049803788,-0.058298107052221812,-0.1893019961627897,0.98018676024669504,3.1412433611171582,5.6709667154075909,-2.0290032631318082,0.5363166653813768,0.469107210215927,0.4823529411764706,True,3
0.96485015017385278,0.2540400563742079,0.067289207655332139,-0.26191797957627605,0.95052171864089863,0.16705518359701754,-0.021521145047940629,-0.17880747229727612,0.98364868127115579,-2.4463977690084415,11.601843655643616,-2.0407195877591255,,0.3172079631579574,0.25,False,5
-0.71611234119996237,-0.69002601307292333,-0.10510573753985315,0.69760065765091761,-0.70255992544151236,-0.14058048800820805,0.023161114526675238,-0.17399325402527721,0.9844744335571034,-1.1420249515712795,11.858080682638555,-2.151232356465473,0.3627147451218592,0.159630937106753,0.3157894736842105,True,5
-0.19146331041888512,0.97888963617873714,0.071532376902359807,-0.98106184517497996,-0.19304582448829583,0.015841893494714265,0.029316492036146728,-0.067144544301779824,0.99731246531124895,-10.562354290138565,6.5900403261074034,-1.2902599522699307,0.694629011695957,0.5900263950502207,0.9509569377990431,True,5
0.985376484550887,0.14972788386854649,0.081331079461564509,-0.16545526362300675,0.95485282008206029,0.24674004077323677,-0.040715346413577366,-0.25658848916813132,0.965662781613146,-9.6449740803739061,31.228699403581935,-2.7873725903698712,,0.2786728339672634,0.2307692307692308,False,1
0.35891834378542437,0.93017150519415304,0.07719192586774265,-0.93326346626983603,0.35640494816804597,0.044663356874985988,0.014032997553544882,-0.08807090238084106,0.99601535687633147,-21.655678664556092,7.1566461172018503,-0.68229155715320089,,0.09909750012986433,0.4782608695652174,False,3
0.95364623367746382,-0.29763195511280482,0.044430623319025163,0.29027290081014245,0.94873646229937747,0.12506305673110107,-0.079375714472709441,-0.10636890710818939,0.99115344500867064,13.865610108877513,-4.6649956624038538,-1.379637570424177,0.8777039720372177,0.4722642479770588,0.5263157894736842,True,2
-0.88093599335857886,0.44957312902512347,0.14776933803700368,-0.46905632072201997,-0.87090381629540481,-0.14667211988930201,0.062753036548490626,-0.19852089164785613,0.97808563632397982,8.0355124523414645,7.8413640268855049,-2.517769148923005,,0.144664436273938,0.2631578947368421,False,4
-0.043459643563400034,0.98332156887329847,0.17660677101939318,-0.99829497793454924,-0.049637459921495729,0.030712531696348841,0.03896660637006457,-0.17497089689744427,0.98380221021651681,-29.321352454207318,12.47321673652122,-0.61113017512678602,,0.8430914802798204,0.6666666666666666,False,1
0.84957850579111593,0.51677602319633476,0.1056357153008213,-0.52691685764118146,0.84061035304985776,0.12543069591984424,-0.023978899709491821,-0.16222446238090826,0.98646248594355956,6.1510553686592688,5.0081987945714834,-2.2073370034453061,0.244800373635127,0.2006212895612892,0.3214285714285715,True,5
-0.44100722447846652,0.83289062753603926,0.33437378862647527,-0.89587307343637435,-0.4309615561142508,-0.10809057980808734,0.054074617423191119,-0.34722520028679765,0.93622144604592838,0.35456768257568044,11.754267996242415,-2.2522006802926571,,0.6495160824107705,0.1351351351351351,False,1
0.32031022566566775,-0.93420903975217462,-0.15701856380482576,0.94642641546329764,0.30841578618026322,0.095690871811811379,-0.040968273667599524,-0.17925728124718207,0.98294884285631401,-14.694772503565838,9.578598052600567,-1.2695428324463909,0.6136116805496147,0.4484736058588645,0.2380952380952381,True,2
0.69967521408902378,0.70536194670150842,0.11366230217154785,-0.71418468173988281,0.69492174279142005,0.08380937754116155,-0.019870459420461672,-0.13981521927598936,0.98997821657914564,20.252235836062738,0.53499137602209834,-2.0197686843185538,0.2132893878532669,0.1716666862422692,0.4193548387096774,True,5
0.63077359624367102,-0.76628095046055023,-0.12222182801407988,0.77377146445519895,0.60929752941988935,0.17330389908388291,-0.058330018658355499,-0.20388728651903698,0.97725512703654871,-13.137674989999903,11.005923722559089,-1.4288381648396489,,0.1115762776374362,0.5625,False,2
-0.66381410403079222,-0.74698379399114567,-0.036960070405661218,0.74789651037723026,-0.66291730024178253,-0.034517572419117654,0.001282597114929486,-0.050555559088405325,0.99872042654083171,1.5515114005943007,-11.385806967355316,-0.34015926831865734,,0.5168443623755983,0.3333333333333333,False,2
-0.48746621502520177,-0.85938579488350064,-0.15437857610904782,0.87311483661295675,-0.48116227952344981,-0.078443246045323115,-0.0068681362343118064,-0.17302865749999652,0.98489284309939795,-4.1828074699379307,6.9707273643809256,-1.648166480839941,,0.4492182344912586,0.2882882882882883,False,5
-0.077105909163231831,-0.99695095070175987,-0.011978341578404217,0.99650091283342235,-0.077448692221381454,0.031426593759974704,-0.03225847941655318,-0.0095132522333439481,0.99943428425168457,17.957138251200636,-1.9476330228581429,-1.7563726633710961,0.7840261454295738,0.6718872365855336,1.0,True,5
-0.74262176499553201,0.65226961617260815,0.1518461786577476,-0.66725537298360249,-0.74002822201901486,-0.084430431953712928,0.057299052168738734,-0.16402005497321148,0.98479147040739023,-5.712106946898583,13.151291587655324,-1.9347462858437476,,0.4645075327112494,0.1857142857142857,False,3
0.089729893425589388,-0.98512827597383579,-0.14652926705150957,0.99481320438148846,0.08157374019932731,0.060765230997088499,-0.047908606889255918,-0.15122170739253296,0.98733821996275417,-12.305142202093007,-10.455895235534351,0.19005737504386577,,0.6413029623745483,0.4761904761904762,False,3
-0.98520198778012158,-0.16872363614425043,0.030155892962400465,0.16650264134441609,-0.98388395693499209,-0.06518611593947847,0.040668337800184147,-0.059200455168900476,0.99741736119257773,-3.6223573836337501,3.9903186650620639,-1.4644953306357102,,0.10163573944378,0.2709677419354839,False,1
0.62144560456076692,-0.78041009353091895,-0.069032213401904324,0.77806161143362562,0.60444194522778871,0.17108496036343329,-0.091790464566933586,-0.16003131182462421,0.98283492502570191,23.20171433640067,-1.3555419158453996,-1.9407965495109056,,0.5383630713926971,0.2058823529411765,False,3
-0.85044345479168526,-0.52598985930514686,0.008977645021597553,0.52379418291540225,-0.84823119402405045,-0.078380453102282838,0.048842442055737179,-0.061955705085850882,0.99688309568441691,-1.5077886261963209,-8.0482760291925253,-0.51751739378181794,0.2363237081631672,0.1570159074977018,0.44,True,3
-0.96480835600635251,-0.26283996525701225,0.0077452465430048432,0.26091575367037811,-0.96057455877546116,-0.096018157240946853,0.032677295893906839,-0.090618263595266396,0.99534944850340923,-9.7592028718692987,13.282464801466556,-1.7585990518587062,,0.1684219001383649,0.4074074074074074,False,3
0.13246473773932788,-0.99117708171897911,-0.004591941931073068,0.99028363809922149,0.13214466864480004,0.043314000758705909,-0.042325044224669969,-0.010284902712386447,0.99905095536092425,10.303772219832348,1.4398058129889433,-1.8659226090935011,0.4687706034516921,0.3929480963534371,0.9364161849710982,True,5
0.31437257697477522,0.92190448302085115,0.22641114599837053,-0.94916710464971288,0.30127179301751145,0.091198213704511338,0.015864750143603983,-0.24357222936548045,0.96975299885321831,27.51438500264636,-6.1583608168369546,-1.7634724923939473,,0.2006337014877513,0.1333333333333333,False,3
0.98889105680543232,-0.14627650833134767,0.026413270918690571,0.13919600255127815,0.97364585912129864,0.18066049343919316,-0.05214355802953561,-0.17497692455388897,0.98319078780757629,4.2331239864136245,-6.4871842555992085,-0.8994670120888465,,0.1828293559025557,0.4130434782608696,False,1
-0.1172217742828064,-0.97816798431063978,-0.17159967978889307,0.99309067604275392,-0.11640925728722991,-0.014825450238746866,-0.0054740104984187929,-0.1721519075917993,0.98505520450458395,-15.47525819505209,15.339095477886829,-1.6283948058056128,0.690575331173424,0.436323120976536,0.1538461538461539,True,4
-0.91346079857814755,0.38319484041117008,0.13693459658987267,-0.40376887635512565,-0.89535402719697377,-0.18791450308339802,0.050597074499348429,-0.22694246025021175,0.97259295483140751,9.6778029859201737,4.9666745399254975,-2.2627392473466523,,0.7246748314549976,0.46,False,5
-0.83544266276004175,-0.54546716507900039,-0.067090454321695553,0.54956541725172281,-0.82998914126910128,-0.095372310113164993,-0.0036618849453545869,-0.11654869023742921,0.99317822841753278,-14.385024327575771,-8.6196635393861829,0.13549985351788624,,0.3654402227391176,0.6153846153846154,False,3
0.85082704080585569,0.49905311257813428,0.16443642376197118,-0.52529644259290287,0.81532335530559796,0.24353947050213928,-0.01252972596634019,-0.29358783544162281,0.95584998239677266,-11.316961357126996,8.3737346456604858,-1.352786359187788,,0.3566877054904261,0.1333333333333333,False,3
-0.2539619863502241,-0.96719391838151547,-0.0062636838088683186,0.9672043252697764,-0.25392480416192192,-0.0061633603468122869,0.0043706599597315363,-0.0076235213083283709,0.99996138888177899,-2.9512128047797916,-10.607194477264011,-0.23162371549658006,0.9907618409788496,0.5527267298836132,0.2666666666666667,True,2
-0.79009029157052402,-0.6103226434394261,-0.057127944747873388,0.61298015382233473,-0.78609743235187479,-0.079411320790784959,0.0035583965422051264,-0.097760409956696923,0.99520361738648622,-6.9826178500342371,-12.015822584029978,0.08308052433428928,,0.3472515223318959,0.1739130434782609,False,3
0.43294056378069778,-0.90124452032976377,-0.017910410626970477,0.89979698217701309,0.43088187298869196,0.068601766703909717,-0.054109695049893838,-0.04581622098484172,0.99748334061089805,-0.93017436211318516,-9.6317469568597627,-0.41404711431267027,,0.06496895317723224,0.1304347826086956,False,3
0.77400385338482425,-0.62725371837829536,-0.086433834382412006,0.63032360017373479,0.75034469415139837,0.19918584041760246,-0.06008489002624337,-0.20865189368766113,0.97614250663060864,-11.093807770808537,22.633757720732795,-2.3040384509569538,,0.2173838842752334,0.3333333333333333,False,1
0.78573716632563062,-0.61850168227139102,0.0085307960957514556,0.6159027616182976,0.78356379709061119,0.08180198114897691,-0.057279085934767611,-0.059020715993643884,0.99661209173784093,3.9387018740471524,19.227090688889046,-2.788546256450656,,0.1272624745717065,0.4166666666666667,False,4
-0.51947040749173645,0.85133079939725409,0.073391864249392744,-0.85263792685442963,-0.52207950860259666,0.02101314794721431,0.056205528462506177,-0.051660978454760385,0.99708178294227545,-11.00887420382764,18.088397110159736,-2.015551069887259,,0.0898896740091518,0.3636363636363636,False,1
-0.88780410294926926,0.45101939149504061,0.091571738445253209,-0.45641559710164487,-0.88839352244524916,-0.049414087056938311,0.059065027798110285,-0.085664798912768139,0.99457169913407595,-4.1828828601970454,4.8667950794936043,-1.4925169530610014,,0.06968511104054406,0.2474747474747475,False,1
0.91021136699213712,0.40824930304880658,0.069625957504865069,-0.41325901562900719,0.90632347383259892,0.088287863159977775,-0.02706018107200088,-0.10913417127634573,0.99365863316341008,-9.6659212887809218,21.63594792293237,-2.2657073769116733,0.1917529581626743,0.1770928156250043,0.7424242424242424,True,5
0.65122241781623036,0.7439882124151187,0.14963589917175654,-0.75840286786509714,0.63098871076423202,0.16333504492940043,0.027100784999334444,-0.2198517379404793,0.97515678779208181,-9.2559215577629566,-10.349284761836525,0.042812854420526576,0.6910450268166316,0.3947762702959324,0.3235294117647059,True,5
0.93968443661165024,-0.34170721040406205,0.015144040006569291,0.33951090257052363,0.93719142571247527,0.080028611176051395,-0.04153921792228326,-0.070060073714586182,0.99667752028703493,9.4296781190946337,10.294111029387617,-2.6952436825051711,0.1990515316643464,0.2006667568039139,0.75,True,5
0.85385456885021216,-0.52020009224066921,-0.018006645618131902,0.51531860409792363,0.83995537953510768,0.1700638017351129,-0.073342426495072485,-0.15448891359198452,0.98526852383143892,-20.667433202028864,6.5547166876401892,-0.69269048446098147,,0.2449161803165287,0.45,False,2
0.36642896990867058,-0.93036951238984611,-0.011932326979695748,0.92899494554604967,0.36511147203154232,0.060514495295362944,-0.051944212012146052,-0.033259335628363071,0.99809599509866631,-19.409863360338164,6.6501053639660004,-0.75107939635012733,,0.1357974315868436,0.5441176470588235,False,2
-0.97547734376780049,0.21135679921932826,0.061418687868419503,-0.21967822002086154,-0.95219821909838054,-0.2122734820799338,0.013617321476112131,-0.22056032047862659,0.97527827494832642,-17.259537795471218,-10.946939354149871,0.48776079593623184,,0.5701559322868985,0.4367816091954023,False,3
0.99533378884341372,-0.08498465069483048,0.045697460902030508,0.082315291910617067,0.99495035524260267,0.057428070838995662,-0.050347209498490211,-0.05339849950042086,0.99730324312458696,-9.0312204421735256,27.637706618419482,-2.6204827398574735,,0.1856383060560125,0.6,False,1
0.61613605146289463,-0.78763923960593019,-0.00089124671410741041,0.78547786331982172,0.61436073394753687,0.074735632853218825,-0.058317170046569874,-0.046747372294450751,0.99720298378079641,-22.065326997313527,4.0615199617968747,-0.43215577967678664,,0.3707155956012346,0.2666666666666667,False,1
0.9577423446408222,0.28174863600718231,0.057855919230387361,-0.28572063639314699,0.95507080654115273,0.078762125618391007,-0.033065377980537825,-0.091964452920269557,0.99521315313759795,-15.233623058658107,8.9090639528395634,-1.1772784643168028,,0.07806320586592591,0.2203389830508475,False,4
0.39511340215934337,-0.91862641962282698,0.0033016064293958994,0.91711180175260865,0.39466355337191661,0.056094765584110834,-0.052833157393374457,-0.019135851452127615,0.99841999011891236,-0.6084943645893498,-5.0260702787983389,-0.85542788193090358,,0.07024220454573224,0.1558441558441558,False,5
0.66353619369330274,0.74206511794924324,0.095179201414910986,-0.74798288068342156,0.66064437402939513,0.063801420578539603,-0.015534795252428301,-0.11352696501838239,0.9934134579067172,-21.561426074798629,13.264422028040403,-1.126211201762098,,0.1419157125779011,0.3870967741935484,False,4
-0.98821191566342992,0.12864022832026489,0.082999406013081506,-0.14048411607362191,-0.97744156695187867,-0.15770921446024974,0.060839320113125435,-0.16751022312792146,0.98399131209366208,0.67358286956881086,-10.096160261383259,-0.44468510960345009,,0.3286848999087381,0.8409090909090909,False,4
0.24082677554679227,-0.96737824109190329,-0.078624441757448149,0.9694680150685836,0.23590729802568985,0.066929175231724231,-0.046197748199619353,-0.092342218947531154,0.99465505712338842,-8.5528094544435849,9.8034914474059818,-1.5978613724172452,0.3138712871259638,0.2848526123246337,0.1320754716981132,True,5
-0.78587716558027731,-0.61835698089345636,0.005632477238212065,0.61816574720897133,-0.78581016174456242,-0.019326113850405266,0.016376495262521801,-0.011706147073841339,0.9997973677318831,-18.187831167382161,13.865665162057871,-1.3894470215839072,,0.08832438010720557,0.3478260869565217,False,3
-0.82941797600600387,-0.54694303650031983,-0.11366237680919422,0.55816978806523565,-0.80315725931945769,-0.20829043303442593,0.022634238872007509,-0.23620273416340631,0.97144014720641314,3.9214328510546972,7.8892748625619982,-2.3216278950399061,,0.1461284107776239,0.4090909090909091,False,3
-0.94955595739788345,0.29814122618617644,0.097238331014029622,-0.31205653742519707,-0.92902103594220176,-0.19884826433005862,0.031051589659587868,-0.21916141089407928,0.97519437793423058,5.2234943434364043,11.100579295747998,-2.5384456529440316,0.7723261255578111,0.4515960063861679,0.3333333333333333,True,4
-0.94161201258240812,-0.33628536660183145,0.016702394139109778,0.33555674701350058,-0.94134401555670089,-0.035680721815886343,0.027721603384793604,-0.027992795234792735,0.99922365670590407,6.8397396226583549,14.362993850161292,-2.7683474127945313,0.1834456339846524,0.1411952700894256,0.5151515151515151,True,5
0.78095462646484204,0.60829012455931586,0.14174976460922747,-0.62456279911104817,0.76257544960923129,0.16852297653391832,-0.0055840280919604926,-0.2201404279474608,0.97545220826721035,1.1991912048270719,7.8951305922586759,-2.1106165355941844,0.5921775773474767,0.2590363778928526,0.1777777777777778,True,5
-0.97045960530781561,0.23161045150323872,0.067562957456470951,-0.23740358538441292,-0.9666179683418209,-0.096380708263408554,0.042984789314648823,-0.109573272439936,0.99304884363981749,-7.481985090844101,-10.699026968488131,-0.003417593750726491,,0.1543584868575235,0.1153846153846154,False,3
0.77987144190227287,-0.61711528679844174,-0.10473422031479426,0.62418339466043815,0.75419378429553163,0.2039284814834792,-0.046857485372591406,-0.22441136007266427,0.9733673086429887,8.7931989441012526,9.0488577024085863,-2.6357051663714022,,0.5094500826095277,0.2352941176470588,False,4
-0.11016225844956384,-0.99375023932702944,-0.018020506395821027,0.99307353496961182,-0.11079634809265217,0.039104007368680152,-0.040856222980709116,-0.013587902222278299,0.99907263897924203,17.565449620785259,-6.3737312770082601,-1.347342711050354,0.2134652088296313,0.163504759721524,0.4166666666666667,True,4
-0.99244799694542996,-0.12169967495081782,0.015367578725038324,0.11491245627370437,-0.96622535307126112,-0.23065926054564106,0.042919701212251027,-0.22715139488716155,0.97291322482977316,-13.089988304309372,-13.978013112605353,0.57275644343126519,,0.3463466446780544,0.1666666666666667,False,1
-0.40725618238877453,0.88455238652638679,0.22739717983430086,-0.90974433753453821,-0.41488108042391364,-0.015457342272508761,0.080669958658502933,-0.21316839492935685,0.97367940985381651,-23.850479588200479,5.7332948592714388,-0.47218384246385758,,0.4171539883081202,0.3125,False,2
-0.9495768305706076,-0.31300029098784282,-0.018293733490081107,0.31348263717124192,-0.94674193799569673,-0.073541410323143708,0.0056990381332241505,-0.075567987148521795,0.99712436550446293,-13.042147358038916,9.9909906740961478,-1.3574882719565293,0.6357586185178395,0.3858500691992718,0.14,True,5
-0.7114649128679148,-0.69829004029914854,-0.078795287783367474,0.70268284601302733,-0.70576126590692034,-0.090210051903837407,0.0073821187258294244,-0.11954938378960589,0.99280081041397372,-20.087460259347992,4.2920902294147751,-0.5517699749049928,,0.09293163291661376,0.1818181818181818,False,2
0.69204398341650963,-0.71188464170891408,-0.11956329669250464,0.71806637637631865,0.66195442384292591,0.21493492008643503,-0.073863415401618171,-0.23459880147551934,0.96928200138631337,-15.712528012459819,18.817742723514236,-1.8769693897433302,,0.3256716558187034,0.3571428571428572,False,4
0.16933589967011436,-0.98332886979520806,-0.066254712362175366,0.98136183249573861,0.16203626286275377,0.10331119609259035,-0.090853215702704285,-0.082514140271556735,0.992439977959235,-3.3906750565067267,-12.316474849313373,-0.043268229442870669,,0.1839061178217754,0.1666666666666667,False,5
-0.66514582613990014,0.73879525753295539,0.10845550892179079,-0.74436888976768401,-0.66752702442987455,-0.017961837373281525,0.059126862885632084,-0.092678147923944368,0.9939390197505541,-16.12185934450908,-10.418323159662364,0.36067182324187652,,0.07264105673248568,0.45,False,1
-0.53860522495177321,0.83661810278069781,0.099872727780282111,-0.84030036432819755,-0.54204686336182173,0.0089719356611658377,0.061641782619806081,-0.079090758115186899,0.9949597693455835,-4.9951542442263213,-12.343680561909187,0.038009745211429982,,0.09049828323495586,0.1904761904761905,True,5
-0.93312633169789472,-0.35912166956790043,-0.017517863419780351,0.35820047043288311,-0.92430802672108736,-0.13170836997180896,0.031107427950436074,-0.12917545504364752,0.9911337093150322,-15.63014622229665,-7.8455391162805812,0.13514130329810001,,0.302390531583603,0.2962962962962963,False,1
-0.93614956928797888,-0.34969134128186113,0.03660532412674887,0.34812860175803889,-0.93646224682464918,-0.04295272878552063,0.049299701418204493,-0.027466818247163599,0.99840628670669584,-11.678842197635417,6.4885463577352542,-1.2142020191816771,0.1686521108296775,0.1328427639427606,0.3769230769230769,True,5
-0.66685329672347249,-0.74506377545086044,0.01366203352166934,0.74517497057506965,-0.66661604867208502,0.018365916292460368,-0.0045764481294342171,0.022427977254480081,0.99973798665389912,3.6979988321272153,4.3302862539264781,-1.9820943865300733,0.3048720691843053,0.2660070540225963,0.7238493723849372,True,5
-0.93206260470555047,0.33456805985040461,0.13900904372536438,-0.35774208639699812,-0.91055503594946741,-0.207147595031626,0.057270415834241785,-0.24280391231403131,0.96838337430749655,21.355791054823531,0.13427419987125472,-2.0181278251138086,,0.1442211587723206,0.25,False,3
0.87530325671429909,-0.48323142611377612,0.01820982156389632,0.47979537161649188,0.87254554132658446,0.091981953047818518,-0.060337468961958129,-0.071775114957377623,0.99559415562372655,0.44601359818353786,12.971245121457338,-2.3165187581125841,0.222737004839792,0.2212192098981108,0.7848101265822784,True,5
-0.57680788731481147,-0.81686109916210137,-0.0055322515406360795,0.8168498533747216,-0.57683151227787566,0.0046608459442517153,-0.0069984407635334082,-0.0018306061575970173,0.99997383501168502,-3.2675207006056084,-14.415024612900867,0.21303279544510409,0.8215124522101388,0.4207155072496114,0.6875,True,3
0.47477144837545882,0.874185639230736,0.10193890312447271,-0.88006456783675502,0.47038669710606146,0.064982394723171633,0.0088559723224843276,-0.12056460238561775,0.99266598028028707,7.7324227063485971,16.710885873911405,-2.907743005560596,0.1660622830617814,0.2726307040769136,0.5945945945945946,True,6
0.94877621222322883,-0.31444788184064637,0.030760831023796838,0.31015655687008986,0.94551468489231005,0.099019648976793537,-0.060221336333847894,-0.084406814055072388,0.9946099136803529,12.724261822784923,-3.1513515326773271,-1.4884340580694215,0.7196549646862908,0.3973297538876252,0.8554216867469879,True,4
0.63516144336263702,0.75489280272998593,0.1634221443133041,-0.77194442792149398,0.61333197444901244,0.16710981215785439,0.025917968023153982,-0.23229452319187921,0.9723001148969429,-8.7956583974390377,17.513792843678836,-2.0788881006034319,,0.2462122511986288,0.1851851851851852,False,3
