axis_00,axis_01,axis_02,axis_10,axis_11,axis_12,axis_20,axis_21,axis_22,location_x,location_y,location_z,dbh,dbh_approximation,score,reconstructed,number_clusters
0.42675297250124117,-0.89905703645055846,-0.097869023036374264,0.90255548640514904,0.41654788986881575,0.10900206147500814,-0.057231935327398148,-0.13484917743381428,0.98921191103024231,-2.3858626536631475,-8.9919128388367611,-0.076757715663203274,0.2659283966465897,0.2220208903546169,0.6153846153846154,True,5
0.41977140151345077,0.89297732653152884,0.16242987647608609,-0.89995582142068353,0.38628028689810362,0.20215602747615824,0.11777728967188805,-0.23103903188535491,0.96578956081696288,-19.915498110223538,8.2755081261436061,-3.4451397842507463,,0.2064423740076702,0.2352941176470588,False,1
0.47744312055098098,0.87036209532904851,0.120490205630873,-0.87063585459792192,0.4501193034676364,0.19845861365623771,0.11849588738470032,-0.19965579295437014,0.97267481154426627,1.1666737082657817,-14.389291410041148,0.8155279091467017,,0.1249471120856001,0.2,False,5
-0.030920902824962543,0.99951647794759013,-0.0032723202371108817,-0.99471508834000855,-0.030451348035842034,0.09805410971259107,0.097907051825790598,0.0062869479117458327,0.99517570483243645,-4.5859033674530307,-1.8824475885348357,-1.3382172809268764,0.8945008533307421,0.7970631142518995,0.9965224951097588,True,5
0.49932764436467125,-0.85198585374567226,-0.15745478268533819,0.86496088167073815,0.47967171318085638,0.14750498552090333,-0.050145555661574193,-0.20984554460698213,0.97644778183781622,-5.2522560320188756,-21.761836533308827,1.2910609182373343,0.3997159758031996,0.2456376031899904,0.6153846153846154,True,3
-0.80548776480044404,-0.57791430068429717,-0.13116600863548847,0.58090260977827979,-0.81377082729686412,0.018143830724557497,-0.11722465060544598,-0.061580043075314152,0.99119437023485635,0.89654582998272214,21.961197556582007,-3.9539302903634139,0.3777662949985284,0.3406876368511836,0.7931034482758621,True,5
-0.44294078213194005,0.89520283351647023,0.049146214385523794,-0.89465945048754203,-0.44490056599868466,0.040595000029301373,0.058205937649644018,-0.02598794409207076,0.99796627978313601,-33.32437674029368,-1.3594838439280803,-2.7896362834992963,,0.1650770758283244,0.2142857142857143,False,1
0.050140599548687124,-0.94388643323623889,-0.32644191126365812,0.99372728843730929,0.014435329309136814,0.11089498402889784,-0.099959974449431124,-0.3299545762984788,0.93868950195885381,-33.785234616201976,-2.4772315401249818,-2.708659321351246,,0.490162229758404,0.12,False,2
-0.076805336251625708,0.99681069372513209,-0.021665207095663205,-0.99270301430279684,-0.074426758615482674,0.094875618554693231,0.092960560010241333,0.0287940701745334,0.99525335257178016,16.209038486637382,-6.0008855141816824,0.43082342945084345,0.4613619626048378,0.466220043709168,0.890625,True,5
-0.015966233636540161,0.99986028222471157,-0.0049492840880402678,-0.99453755370867447,-0.01537019482195132,0.10324151962413478,0.10315102348803309,0.0065706271128392543,0.99464400325579572,2.1649171288919562,16.839166479108016,-3.531540589567475,0.3153737694131559,0.2820444395496025,0.7457627118644068,True,5
-0.9908291677259643,0.12544518956252693,-0.050210206124805631,-0.12748067564578411,-0.99104953174540422,0.039616952988716453,-0.044791045091269577,0.04565446355875287,0.99795262023644937,1.1604144621430836,-6.7149078977280512,-0.38306619940652997,,0.07531207369295838,0.4285714285714285,False,5
-0.27495429966594614,-0.9429744101438583,-0.18761501781321263,0.95525491023230669,-0.29005817412593821,0.057916423402997352,-0.10903297470158917,-0.16329579736346547,0.98053367764251387,5.3415557854613684,-12.240965225898607,0.69565296428644652,0.1756566624358796,0.1215852218085589,0.2222222222222222,True,4
0.94535442241531908,0.32476937871041983,-0.028807406544977203,-0.30606440179866218,0.91440629106349458,0.26492587041497434,0.11238148411293923,-0.24163192155746427,0.96383837675879136,-10.257756931716486,-4.2097243182697417,-1.3177782207704412,0.5854472386820213,0.5151587599410743,0.5038759689922481,True,5
-0.86247144580792334,0.50593953617964083,0.012968843291534318,-0.50515578556218987,-0.85900067245015765,-0.083279511545297197,-0.030994152336166092,-0.07837748694941811,0.99644183576386214,-6.8666011738745674,18.779570145785264,-4.164612266975241,,0.4207743707196961,0.7951807228915663,False,5
-0.4213297185438411,-0.90025435704119172,-0.10965108709045615,0.89924802181296726,-0.43038714193797561,0.078229810941396957,-0.11761914613375475,-0.065642978930057383,0.99088684307541142,9.4553868775037007,9.1258408987348805,-2.0300802343093984,,0.1614328762574827,0.4347826086956522,True,3
-0.039829890223837774,0.98345663510238279,0.17671057330521472,-0.99565707176226148,-0.053955965115087337,0.075866654587504675,0.084146154365825288,-0.17292137144263017,0.98133461367865971,-14.598367293549572,-2.7166173101961331,-1.7283720756511542,,0.3918334219282665,0.3695652173913043,False,4
0.99686794466945983,0.052967723185051774,-0.058725813668937366,-0.045655317696350443,0.99177933131576723,0.11953806900270224,0.064574707560563827,-0.11648252347644783,0.99109128180406592,-12.04917742174151,-2.4718996527997579,-1.6166967281442184,0.1968177779310697,0.08323799938972486,0.5466666666666666,True,3
-0.94244619570118604,-0.30114647683562978,-0.14527893067423944,0.3202230521128589,-0.9379489815768931,-0.13307480924049869,-0.096189215112133214,-0.17193751030056628,0.98040049339428392,-15.396895772521711,-14.975181631857421,-0.18887800065962768,,0.4033114880904892,0.2142857142857143,False,1
-0.99578143251334617,0.064366649704985124,-0.065393218818350751,-0.068078632321828106,-0.99609490482492968,0.056216015538311979,-0.061519415495096375,0.060430745383208161,0.99627480472486696,13.368285422132374,-7.390744706918583,0.40337995524405612,,0.07130053426173424,0.4761904761904762,False,4
0.99708982936568435,-0.028917709776490563,-0.070538204093913925,0.041174460099807048,0.98297996764890416,0.17903923323241167,0.064160236993027003,-0.18142257098344511,0.98130999930030083,-2.6254012606464134,6.317158849097166,-2.4689215641632227,0.2080174266588399,0.1646114798861754,0.515625,True,5
0.11461704509809677,-0.98372746812495226,-0.13835895861653369,0.98724126393109568,0.097298299537676949,0.12604652989594112,-0.11053334232127772,-0.15104075398231864,0.98232839258149274,-11.919250900697591,-18.766235122822039,0.51544387280184456,,0.2030735888891619,0.8888888888888888,False,3
0.99560226595250656,-0.051051947863905031,-0.078548244089443886,0.063037890730207824,0.98532856110528166,0.15859965637566964,0.069299006937474317,-0.16285369289486573,0.98421355525515075,7.2492459371091478,-4.3816595524737059,-0.32140868593203298,0.3867506550974352,0.2741917019199795,0.5054945054945055,True,5
-0.1108186316279054,-0.9892948198505892,-0.094947302757415461,0.98812371391266907,-0.11990961927609481,0.096089589490719857,-0.10644602804967261,-0.083171164605599271,0.99083389147252932,0.26796844402324504,8.5104700750060633,-2.5798394153226294,0.1545825345170042,0.1379189642204909,0.421875,True,5
0.95979042441676632,-0.26067101798733661,-0.10417754834573742,0.27904424314114656,0.92639737515722276,0.25282842734073846,0.030604763806758226,-0.27173244871242758,0.96188607680383809,14.761687082288848,8.2850913025824351,-1.4808553803371105,,0.1985896095161603,0.3666666666666666,False,5
-0.29666040939627286,0.95478603710523524,-0.019396516329398684,-0.95213363464776357,-0.29414641676984699,0.083183094880503253,0.073716641738994032,0.043145206574314164,0.99634549624133129,-9.9399828682377205,7.5119621723625141,-3.1027018334407406,,0.07490919998101571,0.3207547169811321,False,5
0.91606970408719934,-0.38047976507152526,-0.12669429989035608,0.39847077054621349,0.89918734295462022,0.18078486466105514,0.045136928051179394,-0.21609551277462052,0.97532834834468729,3.4607667538566687,-7.9480866357404576,-0.043887310209805033,0.07805748778693242,0.1181905262133391,0.2857142857142857,True,5
0.83178950632612525,-0.54591677710838693,-0.10050417721335851,0.55508240423399857,0.81701091748904475,0.15613034686925642,-0.0031211657351113836,-0.18565568446805628,0.98260990487026578,-0.29937104424240313,-19.09365128023482,1.3180621935937336,0.1883230254179548,0.2111075943546065,0.6170212765957447,True,5
-0.11909145823842887,0.99281251455771002,-0.011854767489982397,-0.98933675196596116,-0.11764934476891423,0.085856990891175822,0.083845189391442421,0.021953191409044483,0.99623694049300904,11.674397291962171,27.856548733780002,-3.8268280411488389,,0.3572318188836238,0.8055555555555556,False,5
-0.78092854088328001,-0.60820218457373532,-0.14226987282502032,0.61763636347502848,-0.78586512930322239,-0.030680955959220366,-0.093144707564379259,-0.11183068105383849,0.98935229429550531,9.4881421774216541,-16.051065535383799,1.4619882035940728,,0.3737230164452398,0.8125,False,5
-0.27192503797829942,0.95178745603748893,0.14197680180291836,-0.95518993830684062,-0.28488150860337041,0.080341196239794938,0.11691430826838022,-0.11376802971640396,0.98660421645996077,-5.0621495482531635,18.018879211291409,-4.0179553257532463,,0.2095402097809187,0.1388888888888889,False,3
0.29733675014848659,0.95350874375558259,0.049111430367967834,-0.94625899617639408,0.28744143292732632,0.14822730784820998,0.12721937417853943,-0.090545558799626058,0.9877331282362074,20.281578628284013,-2.6053191907912225,0.2253763634186095,0.2394054009241925,0.2598692450700855,0.3888888888888889,True,5
0.15637352766031404,-0.98108996506237522,-0.11406051157599381,0.98373949242863334,0.1443761631519718,0.106827592642403,-0.088339860104739751,-0.12891083727686992,0.98771355419942086,-3.0031037778075822,-12.497096459532722,0.32005334964950827,0.6543793698393902,0.2442672100519696,0.4081632653061225,True,5
0.80523853154507918,-0.57828522816937478,-0.13106144435424208,0.59261627637368619,0.79230476223660029,0.14511758237440528,0.019921252272702202,-0.19452341406190607,0.98069556187921458,-24.872236866091004,10.652756394851297,-3.8889089507759187,0.6377904230492296,0.4962218174444724,0.9702970297029703,True,3
0.72859178195432239,-0.66323656978399204,-0.17108847936020827,0.68081859755014817,0.67385611552868574,0.28706092174735126,-0.075100282945364555,-0.3256304470803576,0.94250981927817168,-14.007141893400718,-5.4026351056720747,-1.3202244058396786,,0.5805554052299456,0.5066666666666667,False,5
0.91356177869192867,-0.38724529110263206,-0.12428178077287964,0.40655517772314548,0.87770529073499493,0.25366574479479892,0.01085191134049536,-0.28226673047781636,0.95927458471785965,13.694855714464108,29.190952224248221,-3.7730046890475122,0.5394664698768293,0.3789550393609523,0.9545454545454546,True,5
-0.99588826278157316,0.04910671259541613,-0.07612554651345263,-0.039264749433452123,-0.99128056442277124,-0.12578204184063752,-0.081638517293180057,-0.12227580862845631,0.98913284199769047,-7.2723823192209682,9.5127644057703282,-3.287484169598252,,0.3562078577320883,0.3095238095238095,False,2
-0.95368847302324178,0.30077503531941135,-0.0035601335936760944,-0.30020030636214645,-0.9524773716746544,-0.051639447206721367,-0.018922803245591764,-0.048179192358830725,0.99865944793056438,-12.682027023448036,26.855955856573406,-5.1258500477129418,0.6051508978233217,0.3608372726054696,0.7878787878787878,True,3
0.85265000969326299,-0.49689368840972437,-0.16150734778535142,0.52247513352980424,0.80923841602191626,0.26861295738916419,-0.0027741328540272989,-0.31341641382180291,0.94961173946723554,-7.6210759072640775,14.421310768713271,-3.8970868213382466,0.4331944382872956,0.3624890090608412,0.502262443438914,True,5
-0.71959770246826082,0.69396422866248508,-0.024347401078633389,-0.69408383762819492,-0.71779375625114705,0.054952250456077663,0.020658483625834098,0.056442650750584654,0.9981920928511353,-21.947224388624075,17.020628142024364,-4.4550620751620036,,0.09294661132376769,0.375,False,3
0.9944695345577973,0.077432019228107676,-0.07095510717811325,-0.065307509908041003,0.98501672815111097,0.15961508203203364,0.082251285619196896,-0.15409843497174028,0.98462601953901796,-20.475390622835924,7.0411350173789415,-3.3311080215147322,,0.1220335018242928,0.1904761904761905,False,3
0.74271599032272573,-0.65198149869837929,-0.15262071639836094,0.66937003008322604,0.71685334648631172,0.19510264595273297,-0.017796644214978771,-0.24706558843026255,0.96883531854918159,-1.7751317256850527,6.3768367689068848,-2.3990380849402073,,0.08713108470771982,0.3333333333333333,False,5
0.7313864173283684,0.68065592302000699,-0.042206907081147278,-0.67298201507372124,0.73038194935897938,0.11677934508247034,0.11031371598712242,-0.057006337440321339,0.99226063186884161,-7.2158511224695854,-11.259189225165862,-0.090408721945181167,0.3186012215135968,0.2548474606704449,0.8671328671328671,True,5
-0.35443280514320002,0.93413329179705473,-0.042099641265957624,-0.93252021661799589,-0.34977352505381171,0.0898027102606479,0.069162361418981216,0.071087793100014146,0.99506939126631833,6.3326833843568693,2.8512035811550343,-1.3327414605172596,0.244154058408882,0.2066245417897992,0.7535211267605634,True,5
0.9820961721331406,0.1856624570365874,-0.031883549497705915,-0.17431635014432731,0.95983329068115664,0.21984963991907008,0.071420716558962094,-0.2103556658312816,0.97501260253336453,14.621157905550666,21.505038081458476,-3.0788449101210622,0.4448907572335438,0.1952575327552357,0.3333333333333333,True,5
-0.84443545324806335,0.53561490211104179,-0.0067410632928241593,-0.53455906053212865,-0.84344282806572346,-0.053392945109845269,-0.034283758556299691,-0.04148339934328138,0.9985508256859934,6.1860746739671466,-10.106054828859763,0.47134914195665406,,0.3830919409290787,0.5714285714285714,False,5
0.89856734749242739,-0.42110741501373333,-0.1234717256738338,0.43708578042760782,0.88392984692403687,0.16620483225477384,0.039150256300719617,-0.20331397083648714,0.97833056105504934,10.942732225356703,1.3005886874223418,-0.82850691044575353,0.6729421237713485,0.3293179880831912,0.459016393442623,True,5
0.28770367627667326,-0.93482227720668654,-0.20816797230840228,0.95675316879634154,0.27078033577371863,0.10630796657085863,-0.043011261955978999,-0.22975055994790675,0.97229867404444026,-7.989518030372369,-10.349878756208604,-0.25030034276972485,,0.3536148875550191,0.4358974358974359,False,5
0.95245273356831561,-0.26392563472501107,-0.15224010527204712,0.30214387168558282,0.88256470495516359,0.36026188026247125,0.039279398176268736,-0.38913082748916883,0.92034467889834892,-13.464905038711137,15.725352478663202,-4.1289970880839517,,0.2834903453965557,0.15,False,2
0.27311763375877773,-0.94035861376076146,-0.20281133019618636,0.9592227244446504,0.25026067710012007,0.13138248896398963,-0.072790954376142178,-0.23042411120221293,0.97036395539904596,-17.390755886992746,2.1854127041771765,-2.6048367704524074,,0.2152169193036285,0.2388059701492537,False,4
0.76797412802777665,-0.62859577618116902,-0.12281322749268411,0.64038979213785563,0.75038247734209529,0.16378965725458339,-0.010800592836053863,-0.20443455643587621,0.9788206471715114,-4.9868712474574224,21.285975255019451,-4.2559266886889375,,0.1385852670630621,0.1578947368421053,False,1
-0.24578686562881655,-0.94796608700226614,-0.20235887570841482,0.96033194673212574,-0.26651093317913666,0.082063844546005016,-0.13172459440076922,-0.17416147791517333,0.97586700468883314,0.24598562611089364,17.533308842570943,-3.6873352400013757,0.4117702081062635,0.3658502002653077,0.9180327868852459,True,5
0.17318320634783685,-0.93229072783908662,-0.31755562634654844,0.98107023235217061,0.13493043311085617,0.13890636203203396,-0.086653195160595581,-0.33560062128336843,0.93801036602090748,-15.833190880225409,8.8683751081221427,-3.4504683873728439,,0.225794587105088,0.3333333333333333,False,2
0.051891451152296368,0.99848902510343329,-0.01808159410294586,-0.9934602305026714,0.053457145407256594,0.10089154580283692,0.10170569161500922,0.01272793592466076,0.99473310588328667,-9.9621085082183285,3.522554556689951,-2.4051002847593912,0.2204660157198369,0.1144991180285058,0.6136363636363636,True,5
-0.65088998988367075,-0.74754928610551363,-0.13233399378984664,0.74971402473810711,-0.66036973380660247,0.042903330677054902,-0.11946171847174684,-0.071287302623489618,0.99027623333312564,9.5670577938402683,1.5481156988740423,-0.92939185496286825,,0.08466466157041379,0.3846153846153846,False,5
-0.88618113276060451,0.45901388463937515,0.06316053868834906,-0.46310151939480459,-0.87309550562423743,-0.15245071594774717,-0.014831812881626091,-0.16434868958110851,0.98629079158208555,4.4626241401920872,-5.8023236771169868,-0.31728639993201824,,0.6999640657870891,0.2173913043478261,False,1
-0.65311649092847457,-0.73548459241982689,-0.18028106830812499,0.75052142015386669,-0.66037884826098414,-0.024847025168434636,-0.100779200073728,-0.15153280530148955,0.98330125686381686,-9.4692203279428799,19.624722949234176,-4.333188243823324,,0.1240817985375937,0.3846153846153846,False,3
0.17248889292793293,0.98468897622598583,-0.025203212404714077,-0.97899832003440967,0.17420268558955909,0.10590426669020471,0.1086732312315267,0.0064065928859475194,0.99405688186405805,-12.857413642003436,-6.2296239535137836,-1.0958721927052566,0.1174257010331157,0.1634283473371957,0.6349206349206349,True,1
-0.92514957390886132,0.37534852356386816,-0.056672319122113936,-0.37872456213431677,-0.92281436802672701,0.070578666745725202,-0.025806431997168318,0.086759022711521985,0.99589502461138879,-0.31289539333766719,-5.0126114241025173,-0.66168404015606841,,0.0905918002998849,0.373015873015873,False,2
0.84743404869080385,0.52738363462086668,-0.06100848345595565,-0.51575728308754365,0.84505871929411858,0.14096164686587151,0.12589661656163281,-0.087990129441133852,0.98813348240977283,6.3525741266387277,-5.7605423746461053,-0.21519065288142125,0.4111782075264426,0.3557367148672997,0.2903225806451613,True,5
0.65388914671806131,0.75657740582064426,-0.0044286347816759816,-0.74613203599176914,0.64580928675374016,0.16191772605061522,0.12536334660139925,-0.10257189743944972,0.98679432364833142,10.816677978405867,10.580102172204333,-2.0731391270003625,,0.1242144849174236,0.36,True,5
-0.025497735282978901,0.99960800443856845,-0.011562999514979279,-0.9961902732720278,-0.024442227879227181,0.083710912875822191,0.083395473100418921,0.013653386343475786,0.99642299256275402,18.418145020727717,0.70249219831419341,-0.22866545541358049,0.1966723438543256,0.1911275447944302,0.4761904761904762,True,5
0.91536735661125102,-0.37925515410244814,-0.13515964833211255,0.40093204620869793,0.88933776362741568,0.21984502839294368,0.036825219258525971,-0.25542879687481612,0.96612630279567813,5.491830873843937,-16.434450715458294,1.3770862779859898,1.082849799843418,0.5276369494265919,0.1666666666666667,True,4
0.53993459788437037,-0.83668442148930822,-0.091813990461942385,0.84038763395064697,0.52976640871926362,0.11443852889445766,-0.04710896634693882,-0.13894866328898692,0.98917845420324779,-4.9860582937312339,-3.8134335945555837,-1.0282055458657688,,0.07959261303125312,0.4551724137931035,False,4
-0.55877041626053381,0.82860535921287404,-0.034478697709386497,-0.8281611333233051,-0.55530622808437358,0.076053470028432893,0.04387207727803441,0.07105034647636263,0.99650744558226956,-7.4240506097934853,-4.9291589783989247,-1.0357744905100954,,0.07089472218363875,0.3370786516853932,False,3
0.061189491716272464,-0.97453096220439761,-0.21574348149706804,0.99379779474528851,0.039376083440159221,0.10399743848920263,-0.092853590468576316,-0.22076894654340573,0.97089612368121503,12.686886109419156,-10.422911265772477,0.77641525267881739,0.6709177852155764,0.3806458873227156,0.7894736842105263,True,5
0.62930445045392991,-0.75140675194132067,-0.1984031294508031,0.77710961530791878,0.6055389284460192,0.17153207260575287,-0.0087495391224753569,-0.26212687628978781,0.96499375453507596,12.248778853222058,7.7005232008330857,-1.6242946677138461,0.680171334184702,0.4062059766763723,0.5135135135135135,True,7
0.30156726467509809,-0.90629259599842793,-0.29612651910088894,0.95105617099061168,0.26396364002746581,0.16067157920467984,-0.067448828730042792,-0.33008624203665349,0.94153795904417159,-5.1516435459214964,10.195879330245571,-3.2984450926251299,,0.3000856579769786,0.1777777777777778,False,3
0.38859087460461661,-0.90138394391208854,-0.19106050829909732,0.91742613493198544,0.35923882600178392,0.17110450852218867,-0.085594504016198128,-0.24177355428241154,0.96655011734098517,-14.200415791645904,-7.7757653827928817,-0.90093289121840225,,0.3310294270343516,0.1666666666666667,False,2
0.84691624852098646,-0.51537175815074732,-0.13086183130212473,0.53170547504128551,0.81865647698891908,0.21700428681298278,-0.0047069950349402714,-0.25336440867789245,0.96735945780926835,-7.7807835108677512,16.726096234492555,-4.0058755801473449,,0.2279938024314319,0.2647058823529412,False,4
0.93723724706250167,-0.33910374647407759,-0.081209555139462861,0.34739379114886448,0.92815095061820596,0.13361649126414432,0.030064873023581858,-0.15344204767196803,0.98770017789626374,2.8381651724766552,4.0584715963045284,-1.762196663232918,,0.108281371925603,0.3826086956521739,False,2
0.5388062165878913,0.84120324834320703,0.045441786310402833,-0.81542614698370919,0.50722789528110501,0.27892662308213462,0.21158463975805336,-0.18734181921167045,0.95923666683093234,-6.0330048666603524,-14.920597955733392,0.39297776177789201,,0.2860828486022612,0.3333333333333333,False,2
0.69387251712151443,-0.71180512473499968,-0.10896969479835249,0.71985740724340996,0.68174243673493218,0.13050886250179583,-0.018607611890022989,-0.16899915489643436,0.98544053216013083,-2.1556384240388042,-15.297690979279398,0.72292145711368849,0.1636262746098759,0.09884139289286376,0.4,True,5
-0.40680704446962807,-0.88146253147947806,-0.2398579458089225,0.90550419365343993,-0.42378610827917579,0.021621510253073239,-0.12070701655628416,-0.20839659312805639,0.97056719299938199,-13.775621508234103,-17.244080373480219,0.22611929254851557,,0.4584882383221667,0.4516129032258064,False,3
0.21190594270606283,0.95966579351437331,0.18476318952725151,-0.97106788290104595,0.18545990719033897,0.15043865734255651,0.11010466949196636,-0.21129644479588147,0.97120068686790251,-17.687042985876012,-3.2066712570304881,-1.800317663117404,0.6225147160719147,0.3122533534732401,0.1428571428571428,True,4
-0.084045177285823169,-0.99101265924707194,-0.1040688108274602,0.98976396382537601,-0.095112585259881866,0.10639968062856708,-0.11534168408547675,-0.094061178693597369,0.98886237190778825,12.758294911307363,-6.3046912168259004,0.25732127383746195,0.1169408796829924,0.1105504409239622,0.3461538461538461,True,5
-0.47254565519418285,0.88130313087576506,0.0023227711201695769,-0.87992328325100955,-0.47195010795949194,0.054755010636373454,0.049351994385900932,0.023830381986029332,0.9984971174442796,-22.791488099990765,0.47129989293317054,-2.4874909994122429,,0.1037927065606694,0.3823529411764706,False,5
-0.96701123119178956,0.25144574576988404,-0.040796025335417832,-0.2528309883812947,-0.96693760698476638,0.033288969835555085,-0.031076841266106492,0.042505307113368446,0.99861280224325233,-12.680367978546416,-6.2914138783623281,-1.0617512275398575,0.4642795054517783,0.174083945767733,0.4757281553398058,True,4
0.37369952577242682,-0.8937508126021747,-0.24810914817961904,0.9233588815672199,0.33305634461258055,0.19100221764220121,-0.088074061268889725,-0.30047122372410101,0.94971574876135734,3.4784473325999152,22.181892987884684,-3.8461572195300184,,0.2810339352920784,0.3125,False,2
-0.28361667630159698,0.95792405892493626,-0.044080361346187133,-0.95617970311180334,-0.2790181446108414,0.088708795138626007,0.072677068464944691,0.067308040460994645,0.99508174106886438,-1.0939913178446918,5.1958872879195557,-2.1683193285212816,0.452152633793624,0.3861008546985696,0.9174503657262278,True,5
-0.91717115351528788,0.39820378060428369,-0.015192902023351343,-0.39795825208358393,-0.91724869001732967,-0.016854384001506337,-0.020647148907636886,-0.0094122140831611086,0.99974251958593696,-17.827829656008802,17.930740792662245,-4.4352412677396487,,0.1829452211832078,0.2258064516129032,False,2
-0.75270230314097952,-0.64726604888492179,-0.12035740445509557,0.64806528720533974,-0.76064917197410276,0.037738848612176315,-0.11597683547039019,-0.049593337617206856,0.99201304149605829,12.597744991422111,2.2942748162679805,-0.83200985825220275,0.1985745385673852,0.1762369230691393,0.5,True,5
-0.26315878541536802,-0.95812119032291143,-0.11292138111498609,0.95805156245932033,-0.27330613309102775,0.086261006741659679,-0.11351060447360671,-0.085484163849434774,0.9898524134450547,-2.3009416216837582,5.5658003426139384,-2.3471834359334021,0.1721488849811363,0.1203546727418657,0.5046728971962616,True,5
-0.87657898372297605,0.4810875951009102,0.012806683224630813,-0.47888329428424248,-0.8693043698347781,-0.12239568228344334,-0.047750138750215582,-0.11342238943956698,0.99239875343692019,-5.0100910638295248,-18.612995185418367,0.95882576679254539,,0.477859744511741,0.3636363636363636,False,4
-0.9266450395049769,0.37091511722245873,-0.061244971848066529,-0.37506924367482858,-0.92321963850828537,0.083597616723345078,-0.025534940963564408,0.10043642212106647,0.99461575088146825,-5.2926030225010887,6.4958440998722082,-2.6834639305253809,,0.06518027669974026,0.2413793103448276,False,2
-0.9390141250781161,0.34217121102766967,-0.034224775348255562,-0.34282529595756933,-0.93927375564805049,0.015350192259743628,-0.026894039402542813,0.026147166092411103,0.99929627055741099,1.4992266516388733,17.363472561514293,-3.6076133200167448,0.2041179443813375,0.1524322901928677,0.3333333333333333,True,5
-0.40842918966059727,-0.90342792003543726,-0.13039781567814626,0.90519325739531986,-0.41926815584562988,0.069565654311986136,-0.11751920608665661,-0.089622579712082012,0.9890182149012795,3.0427201676516624,8.2752595729908354,-2.3331816388519302,,0.1322544891397824,0.28,False,1
0.072969625860513976,0.99537425905724908,0.062494144589784535,-0.99193020664345477,0.065917442796539577,0.1083021508717053,0.10368171897711428,-0.069892597185948147,0.99215176561277829,2.208367170496238,-13.683826435606024,0.76231874778842823,0.3616714111690242,0.09559707741532518,0.1764705882352941,True,5
-0.98023479349738163,0.19314551595427407,-0.04283175555477281,-0.19271127796532544,-0.98115441317017837,-0.014084774107339187,-0.04474497694845303,-0.0055522232881061832,0.99898301279573443,5.2022318963460954,2.2788336455876297,-1.3522625648451216,,0.102169960956281,0.3552631578947368,False,3
-0.71968615683813886,0.69366550694119322,0.029664796233371871,-0.69376180988588421,-0.71679084156907524,-0.070038850551386547,-0.027320080516212326,-0.070986293907448164,0.99710308357655431,0.25145361090445723,-17.323921536655291,1.1613222310086757,,0.2265297947359158,0.3684210526315789,False,5
0.25396901315919251,0.96654286408535439,-0.035980998327262995,-0.96089212960009773,0.25638062907515202,0.10466751314337519,0.11039046891618502,0.0079915530849714936,0.99385616638010288,2.8267849556602487,-5.6040231870203066,-0.42183487751457749,0.349506832549155,0.3180177574487267,0.89568345323741,True,5
0.56656932121763626,-0.81153476011373826,-0.14286545202436143,0.8229098404083498,0.54826837182722432,0.14906772626235865,-0.042645032701266523,-0.20202258680915486,0.97845197920227356,-11.812967740764407,-6.2550931179065676,-1.0204054693402462,,0.07659127596002872,0.16,False,1
-0.7182899720928887,0.69162036616157641,0.075635871789291292,-0.69520416147564279,-0.71776011075831714,-0.038879265311448252,0.027398720001986641,-0.080508959220305515,0.99637724664281524,-1.31039561602591,13.372852444349908,-3.3103579149448215,,0.2019929119257834,0.1481481481481481,False,5
-0.7538841846653318,0.65506863662116965,-0.050435279584544426,-0.65686757251003847,-0.74991642599103692,0.078424143053016079,0.013550951858022534,0.092252020813165136,0.99564347854019997,-0.45835407646345983,-10.601703245046812,0.21187862162433835,0.1638583985631215,0.1445127448629034,0.7216494845360825,True,5
0.33824967171879233,0.94105614604605792,-0.00069969355454212179,-0.93388634297296858,0.33576400689489833,0.12295865192192763,0.11594592701213952,-0.04093728939272414,0.99241154787037422,-13.388555597024723,5.9105416653893297,-2.9650074079450515,0.1943488553790571,0.08863438539674999,0.4117647058823529,True,5
0.090577585969458904,0.99485466890030672,0.04538599659815834,-0.99124746071638836,0.085666677483615825,0.10044745886398472,0.096042555897159709,-0.054087042220673294,0.99390664517376148,-1.9942185574196654,-7.2019712045353002,-0.43798760126772862,,0.1412016428893086,0.1621621621621622,False,8
-0.89968226641682314,-0.42624173089679196,-0.094285769537058028,0.42405235117367041,-0.90460856941434686,0.043161784094387895,-0.10368906865803443,-0.0011502105177757793,0.99460909610589909,-1.4832650931588878,-29.359851675542167,2.4441460017863257,0.7159575884533073,0.6504479388386387,0.8253968253968254,True,5
-0.86838468250322942,0.49551769574409571,0.01924204766202027,-0.49566597142673535,-0.86616738017360406,-0.063791177233106899,-0.014942823138764605,-0.064932909434713484,0.99777774544684383,-3.6527473090359539,12.559552734879487,-3.484435223521662,0.2921373906613636,0.2217250978057803,0.5789473684210527,True,5
0.92437190305883987,0.38146463625205279,0.00461693886342808,-0.36778221270342326,0.88787053736373545,0.27644556950764498,0.10135496462607799,-0.25723654516907452,0.96101848628167685,8.0467406082109267,27.242047569762132,-4.0416210234035033,,0.2821441170961155,0.3125,False,5
-0.74377783638103268,0.66828966908191478,-0.013544309016492964,-0.66789406329414414,-0.74222342112654649,0.054971932362275107,0.02668427111216172,0.049933068497634465,0.99839603281745004,7.1760654556826182,-15.488329504846131,1.3035829387563158,0.4609933781215456,0.4748442015595684,0.8817204301075269,True,5
-0.886351508707659,0.45484857054327005,0.086566626862787432,-0.46277393075208273,-0.86426594584389649,-0.1971919467696944,-0.014875887466757456,-0.21484215770955981,0.97653548591066441,-11.870460837044279,9.7475465148712548,-3.5405734864139675,0.4483266141990249,0.6116776963569049,0.1414141414141414,True,1
-0.99863867551911423,0.051886121153705653,0.0053503447601411583,-0.052150037254591053,-0.99103133973682389,-0.12303356157480244,-0.001081374946145533,-0.12314509365402625,0.99238808766387698,-6.6491480678772943,-15.927023835667905,0.48404142930529231,,0.3648703811480847,0.4782608695652174,False,4
0.11166211590610042,-0.94507467982946203,-0.30718955290929517,0.98963707616473129,0.077671582745504703,0.12077078584628728,-0.090277512989083569,-0.31749169245674491,0.94395391617888702,-20.063800213761258,3.8183800090017272,-2.9240727952874281,,0.520857859070343,0.3125,False,1
0.94749245944305827,0.31712774782571918,-0.04108565269693043,-0.30532211477675542,0.93535555093895284,0.17857323303322581,0.095060220527808006,-0.15665243338893931,0.98306844603340282,-20.593480465990059,-6.0138241479344705,-1.5550629301160694,,0.1560291701501426,0.3461538461538461,False,1
-0.93417462937469342,-0.3372559332533932,-0.11651694004751817,0.34110682304320505,-0.93991644963861121,-0.014254927994179045,-0.10470862956808141,-0.053061315326049685,0.99308640092886358,9.2803125131736728,0.49831026261492062,-0.82908002069139985,,0.1589084972883823,0.3720930232558139,False,7
-0.81134627634135215,0.5845262033012848,-0.0068071669001781576,-0.58217481948255478,-0.80902503328546493,-0.080938094108439412,-0.052817605279644526,-0.061705860107749387,0.99669588511284912,7.7486168420477313,-11.569013384331738,0.72781593532732403,,0.1271468029993355,0.1578947368421053,False,6
0.9529889552134142,-0.28699140629633169,-0.097200740497688398,0.30181236908841091,0.92750546352799712,0.22055137494687208,0.0268578686139807,-0.23951941014825689,0.97052001888458994,-20.830738602157826,1.8986430021785974,-2.6951282225826425,0.2571901652135481,0.09268402434199452,0.2,True,5
-0.59370830831820909,0.80427122427946096,0.025656235693229244,-0.80373291423640836,-0.59425452480413798,0.029579762048691893,0.039036485586939479,-0.0030590105956711938,0.99923310355852168,-14.871870452215708,9.4101818165267286,-3.4889410760499637,,0.0719690723676106,0.1707317073170732,False,2
-0.68728216954425558,0.72630634461727306,0.011059529611991505,-0.72636091758183874,-0.68731198354353762,-0.0014334179847063366,0.0065602466578956256,-0.0090183726993823612,0.99993781412528082,1.0112196831976115,-10.338802834943893,0.29547246719135711,,0.2744668798802749,0.4418604651162791,False,5
0.9370363422692497,0.34037595958767503,0.078147932803329462,-0.34754733140968991,0.88691741433660809,0.30428334258790252,0.034259972222222726,-0.31228465585301024,0.94937060625558534,-6.1250519470562113,-12.833969376104156,0.17560323228749261,,0.3359119270252924,0.2352941176470588,False,4
-0.30593716925612541,0.95192125054261501,-0.015760115257627536,-0.94901645220748609,-0.3035992260586825,0.084825016216244956,0.075961976719054108,0.040907734011477674,0.99627121577960931,-11.165536674652314,8.4013087133517743,-3.3431534791193553,,0.2955845590012003,0.8351063829787234,False,4
0.99762086879539769,-0.0020767211578300374,-0.06890783245139781,0.018523106617594036,0.97086484462368572,0.23891075320098293,0.066404041030275696,-0.23961874030021177,0.96859349710381104,-2.8483976109619635,9.6679022554320309,-2.9939246662813979,0.1462826665257043,0.1084186731060323,0.32,True,5
0.24475000737362812,0.9693137570034297,0.022984220119595403,-0.96296896984347014,0.24024654004387513,0.12236160801310696,0.11308491061682603,-0.052081095234679214,0.99221941248392298,-5.7418372013003243,-10.470052924746497,-0.085937477582379976,,0.1767704537125723,0.2758620689655172,False,5
0.073451462701164483,-0.98907921122455322,-0.12777791886893447,0.9911965038817443,0.058248482992491329,0.11889745548867306,-0.11015613155729007,-0.13538621847326263,0.98465029250381253,-4.3735055972219712,-16.665624272668392,0.7263686426066307,,0.4086931239577483,0.125,False,2
0.9315760867730839,0.35902560898458613,-0.05715423558928745,-0.34938055354880354,0.92760179693497513,0.13224271293699755,0.10049489218104729,-0.1032255705542604,0.98956821807759554,6.1109847944494389,-4.9957167303428944,-0.33069660791521188,,0.07214712647201407,0.3846153846153846,False,3
-0.62395340523152498,0.78134735416386336,-0.013358901194136789,-0.78069781861359644,-0.62249693254453164,0.054849658017353836,0.0345407601531365,0.044652895917049691,0.99840525578257278,-1.0890805752572863,27.069251585798497,-4.5068124405777361,,0.1134352370130454,0.5,False,1
-0.18569581145652547,-0.96314203489419647,-0.19461368458402309,0.97650596272818246,-0.20292414137500095,0.072511361892631951,-0.10933055549025716,-0.1765763672383302,0.9781961031250872,-13.969080262285969,-10.628631126473058,-0.56430946744891342,,0.696165548916847,0.7708333333333334,False,1
0.91350448298558584,-0.36502619082641136,-0.1796258321511662,0.40501261392663951,0.85765329131933821,0.31685266994206934,0.038397162988290906,-0.36219706224632409,0.93131033816584674,-32.948154971820657,-5.7543743257645374,-2.3163931658390049,,0.3076873133775202,0.4705882352941176,False,2
0.96791893401304296,-0.23034550489972283,-0.10036874788272304,0.24777282497413261,0.94136245007968999,0.22900952989843004,0.041732054627008866,-0.24653130826013536,0.96823589567013746,6.1748485640165587,5.9820039862982579,-1.7372991997001719,,0.706026298876844,0.1111111111111111,False,1
0.65676943661919296,-0.7470242687458728,-0.10299829623640414,0.7532307059309199,0.64334761081099212,0.13692098198083505,-0.036019588638906731,-0.1675069955807284,0.98521266519762185,-16.452380147941177,-27.067783361541288,1.2207741738327424,,0.3378975395027048,0.6956521739130435,False,2
-0.45209581829264472,0.88567950994294797,0.10574108354620609,-0.8899342612001806,-0.45588707557325664,0.013564109530456059,0.060219447227574052,-0.087970335866616872,0.99430118082154662,8.0140192417876648,-9.2481206854925553,0.34725559583236415,0.3374301108400903,0.1571010740830647,0.1666666666666667,True,5
0.38589291055981306,0.92248846664362172,-0.010084170227379105,-0.9141306184264375,0.3838238326018294,0.13055450196044768,0.12430556719219708,-0.041161807981932447,0.99138984840913291,-5.9354722896471737,-9.4673491912633452,-0.19132792455246694,0.1585918206646124,0.1110925047936131,0.1666666666666667,True,5
0.93685591959555847,0.34447750062873567,-0.060301222867707213,-0.3361414752108422,0.9345783505790769,0.11649985095257126,0.096487794885365102,-0.088873832985147713,0.9913584353041478,11.170228433328838,2.5377053117537471,-0.95094269027792488,,0.09889740231117375,0.5348837209302325,False,5
0.90728345596377358,-0.4023764048706,-0.12218821276147554,0.41995673607646844,0.8820056335623353,0.2137812016719513,0.021750180652858199,-0.24527391049134264,0.96920980106159349,-27.491331895315465,1.2264368467356788,-2.7846605519872454,,0.08688471728404319,0.2777777777777778,False,3
0.80051474549672796,-0.55819211181241424,-0.21816899081378818,0.5986603183116439,0.76176213676088711,0.24763737657407206,0.027963646423710235,-0.32884648896998314,0.94396929037485366,8.4144010545539558,7.4241428501884785,-1.8193922551854322,0.5465531809626303,0.3532697151772302,0.4434782608695652,True,5
0.99524138260542605,-0.055640704423941888,-0.07999188934415731,0.071032616757621153,0.97623979592733001,0.20471987740405187,0.066700507540837256,-0.20942772705392346,0.97554654908662475,-18.628150931891099,14.761692498114932,-4.1007860974053001,,0.1558995785371824,0.4838709677419355,False,2
0.68717512426451444,0.72192967946388742,0.081288907614862613,-0.71411068991137372,0.65065294937901053,0.25825696896443295,0.13355250333239996,-0.23551704263930245,0.96265022281204815,-20.858279493321149,19.95244996619029,-4.7783957351025297,0.3591342853350776,0.2600382853048427,0.45,True,2
-0.88557313864957099,0.4634566127712299,-0.031115658131648169,-0.46426809838286065,-0.88525923016810837,0.027770996131392792,-0.014674771763458688,0.039039255638214143,0.99912991527273565,-13.406479981403349,-6.927185617396602,-0.96343765044028062,,0.06580706540687456,0.3157894736842105,False,1
0.89504991920362398,0.44504907294791346,-0.028582596134525344,-0.43454429902462122,0.88474586293141189,0.16851115752659207,0.10028406812045026,-0.13840549372750416,0.98528525056820926,17.66530534638461,-15.432971375958948,1.7362193150246281,0.4387944152933161,0.4137082645181711,0.9230769230769231,True,5
0.92195974897067556,-0.36882069055594763,-0.11815887396114236,0.38649944144331755,0.89565117717112419,0.22006169724871383,0.024665827412327139,-0.24855636594103764,0.96830332536259101,-9.1969307844829267,-1.9587856207681766,-1.4951443912739184,0.7257990465316396,0.7822223695262608,0.9498454139470972,True,5
0.95780489786692014,-0.2758934763584529,-0.080576468804413895,0.28726843992122525,0.92799213316190488,0.23729189664808292,0.0093070428905314348,-0.25042641732146986,0.96809089886237887,9.8029577917878346,13.257479365126171,-2.5456425111714185,0.477227423086218,0.2458634093602525,0.2307692307692308,True,5
-0.83520810053080341,0.54964502752786581,-0.017826175182035789,-0.54988800912580582,-0.83428003307505461,0.040000047899283353,0.0071138054082469926,0.043210764008279084,0.99904065164858835,16.670954234058225,-3.9654355592205262,0.17578352169660871,,0.1027115327352998,0.3,False,5
-0.64573454757037818,-0.74067208659462247,-0.18555795378707673,0.74896348856662087,-0.66169414210232269,0.034850467738436725,-0.14859537970002867,-0.11647198138195726,0.98201511734023961,-12.478726179469446,-8.1969789641999675,-0.74042685185935364,,0.1774506717227734,0.1071428571428571,False,2
0.99033913673845964,-0.11555958953235339,-0.076644474760011447,0.12720770995553421,0.97712370810043081,0.17043314699885692,0.055195948873017091,-0.17853638378543263,0.98238392031467481,-20.686276919407877,-20.574818647772727,0.1910571543718364,,0.3069560007405436,0.7407407407407407,False,1
0.10775145085692431,-0.94253324601520461,-0.31626050179285775,0.98938511061248069,0.070463214363011312,0.12709066968098651,-0.097502449900282673,-0.32659763559718963,0.94012087344435047,-11.987397005955589,-13.606508263308182,-0.1321032881833866,,0.6357126999919421,0.4528301886792453,False,3
