axis_00,axis_01,axis_02,axis_10,axis_11,axis_12,axis_20,axis_21,axis_22,location_x,location_y,location_z,dbh,dbh_approximation,score,reconstructed,number_clusters
-0.035139098734185144,-0.99488372792989954,-0.094718591841607941,0.99698289915705862,-0.041460727284172966,0.065620933256510042,-0.06921230041356155,-0.092126955845590358,0.99333895598536215,-1.6238353708316497,-15.712657952742939,-0.31801329876624607,,0.2290182395504481,0.2380952380952381,False,6
-0.99652287404498396,0.083315010173350759,-0.00087782967648372678,-0.0832921436523891,-0.99640940732756711,-0.015189199943301444,-0.0021401660954809189,-0.015063268866426669,0.99988425211128451,-6.8148677293305653,3.4440310375455927,-1.2096934835429811,,0.1320425784665864,0.1192660550458716,False,5
-0.8399947051551252,-0.54259333366691442,-0.0011702869635654544,0.54223612819634404,-0.83951619400407562,0.034533191042062344,-0.019719954107214104,0.0283731257554404,0.99940286628810182,8.5689394249880966,-6.8182767783726153,-1.0432802508974321,0.2159333731507084,0.2095929459418494,0.8217054263565892,True,5
0.68941613352350772,0.7084871255905012,0.15083563143370998,-0.72415001833756032,0.66902438058175862,0.16737123148529692,0.017667647811964199,-0.22461605254233999,0.97428716668192272,-0.28919276473936928,-11.024807832748648,-0.84409209654858985,0.6164746578279878,0.5058223607487576,0.4883720930232558,True,3
0.6090830301660588,-0.78335692783828059,-0.12397494090139512,0.79153560661693056,0.59057069767474957,0.15715481063438222,-0.049892342311233573,-0.19385090831804636,0.97976149114106781,-15.513134520188304,-6.1005466820222587,-0.4872037213735203,,0.07385504762239684,0.2333333333333333,False,4
0.68233695968767993,0.6894572001067768,0.24303300735722411,-0.73072598069655204,0.63354279019217208,0.25428935119382945,0.021349814501176085,-0.35110155541729055,0.93609394998810003,21.488877587001955,0.56050055891338413,-1.5364073527325186,,0.7074787092648029,0.5076923076923077,False,2
0.99359131526545075,0.10311090205945991,0.046308099783480439,-0.11282325134807275,0.92960738413682487,0.35085755701358351,-0.0068711123060192884,-0.35383365192527233,0.93528313070476365,-4.9139922094532498,-11.18414906965352,-0.74335194692767503,,0.1714531757185114,0.101123595505618,False,4
0.78097425963536482,-0.62455941204737253,-0.0021786716214824992,0.62307214684582379,0.77886414591824416,0.071775636729881548,-0.043131260263638324,-0.057412394359445326,0.99741842341215325,21.346894180748006,14.828136031680103,-2.024625302239321,,0.1227432654802246,0.125,False,1
0.54262056146141791,-0.83995852396419146,0.0057100174424728738,0.83836067758737887,0.54198494090244798,0.058341221363645883,-0.052098949648986731,-0.026870092200579072,0.99828037023203342,2.1305133784359747,6.3873220758845468,-1.4794901954418718,,0.08856129723693246,0.4727272727272727,False,5
0.84124062202066152,0.53703098619083101,0.062545469325868852,-0.54060988137209653,0.83392449457557938,0.11095446592954829,0.0074277873648546976,-0.12715210268716359,0.99185541827279167,33.082130851382885,-0.23312584989002882,-1.4873165064538469,0.5139403925072354,0.2287213718884326,0.3076923076923077,True,5
0.24676376491944008,0.96303609757831232,0.1080236968628541,-0.96768798518365395,0.23891140656183793,0.080630658845401618,0.051842141680129752,-0.1244299585139314,0.99087313909008434,-7.8890225339131002,11.131040489620963,-1.2985992952192307,0.1684889382483549,0.1592134430771703,0.5862068965517241,True,5
0.31226240889791052,-0.92646464843114518,-0.21013196614658464,0.94836383917239198,0.29104456967879466,0.12609158183910107,-0.055661625375797906,-0.23865521923444388,0.9695078492682172,-6.4010548093426687,-10.487660109701615,-0.66039540999985236,,0.1265602542676751,0.2921348314606741,False,3
-0.10872884807615896,0.97757231498626962,0.18036187670463191,-0.99245546066980062,-0.11709170420728562,0.036355073820954251,0.056658593194016671,-0.17504828413388915,0.98292822832547422,10.341287354538075,-8.4220427536328817,-0.94599609984222111,0.3807596300606989,0.0883397964439395,0.3,True,5
-0.99603143453275622,-0.087861829732797353,-0.014201418894751709,0.088737618805346127,-0.99264063433938121,-0.082402706673186929,-0.0068568528769644109,-0.083335886233453824,0.99649792455092845,0.57399790184919064,9.8045888728804318,-1.4741829461286113,,0.1866845018080316,0.3050847457627119,False,5
0.73680844554313518,0.64624864031152074,0.19868570525284199,-0.67555131703488625,0.69184825531316319,0.25490470704277335,0.027271461800554654,-0.32203833081737682,0.94633375764347405,5.3365293068370141,-7.0381036923266249,-1.0270743104335234,,0.3190092623258793,0.3617021276595745,False,2
0.90948941010665618,-0.41422190065229364,-0.035344446860119672,0.41437628817640437,0.89640399659923609,0.15732821322973739,-0.033485888087250559,-0.15773424454099261,0.9869136757579613,-17.407186240985222,-30.215645019097536,1.1465081897158846,,0.5076402838381652,0.5,False,1
0.79426372885818097,-0.59504118570351117,-0.1227644750604166,0.60596006843538919,0.76110185452152723,0.2313792611831767,-0.044243920283794994,-0.25816652447684524,0.96508679462391855,-9.6881504215693521,3.8110272517719945,-1.1103150973499811,0.606682129965575,0.2954930900326158,0.1264367816091954,True,4
-0.42921678084429082,-0.89650542007867928,-0.10977698671040373,0.90187586752763615,-0.43199206195103756,0.0016667281020229588,-0.048917017621059905,-0.098289827453522022,0.99395484565759784,28.315623471703972,-5.1035323905160466,-1.3068368149853593,0.3919629589587828,0.3271224073173485,0.4878048780487805,True,5
-0.095970228140022651,-0.99492118858877221,-0.030356940027888957,0.99310117764316908,-0.097769967174045735,0.064738585731670739,-0.067377787693741184,-0.023934536049208706,0.99744041010458651,-3.9242397949570824,-14.745560652401577,-0.39651982549316533,0.5527251565660639,0.4491502065729199,0.8521400778210116,True,5
-0.92870096087463139,0.35562374026044863,0.10510128749784725,-0.36477005848607696,-0.92709347880781701,-0.086258251686917892,0.066763236160330849,-0.11844592401255824,0.99071349712326562,22.487510274535932,5.3701000441884101,-1.7212610246860884,,0.182222058142551,0.5217391304347826,False,4
0.76262198476110232,0.64485330775573557,0.050714098981683095,-0.64652793875431402,0.75745023476975604,0.090943753261781807,0.020231973930768955,-0.10214378749453382,0.99456388126009099,17.530605339151283,0.97535559179434572,-1.5232480024469577,,0.08389725117603032,0.2352941176470588,False,5
0.90964061342464708,0.39874824552793775,0.11642075028457098,-0.41537437684399808,0.87027010819597328,0.26475283915763465,0.0042522311662371573,-0.2891881316184321,0.95726283906832399,-0.6111680130006264,10.535021351526773,-1.4531829548177515,,0.2745051558136605,0.3225806451612903,False,5
-0.33401859449826787,-0.93753962442371552,-0.097216414071091356,0.94001397232017536,-0.33892286792653276,0.038794605801582394,-0.069320346019389203,-0.078426667861730609,0.99450688655024388,-14.308447383242473,-4.9363156333122262,-0.60241834064949196,0.3672460986692333,0.2880116025045648,0.6770833333333334,True,5
0.80794660690348463,-0.58924630872625106,0.003326867240347255,0.5878125667447569,0.80634993176152814,0.065392460766670185,-0.041214885297520244,-0.050878042421732828,0.99785407652083347,9.1269191889713088,9.0636467490425972,-1.6366749805999008,,0.1020268151087061,0.3714285714285714,False,2
0.7275930707279582,-0.68111884518170962,-0.081764553242792026,0.68446457771570723,0.7127869494057959,0.15311109237816967,-0.046006143949671487,-0.16736751027338567,0.98482056803448637,-8.0519538645768698,-6.7475693443204765,-0.73889833110182834,,0.09139050799436978,0.1710526315789474,False,3
-0.10370466413329327,-0.99235058567882528,-0.066975053116017549,0.99284738805587103,-0.10729114015656295,0.052370557325079128,-0.059155783044732652,-0.061064935493270522,0.9963792786813499,-10.447783159342553,10.04750315471829,-1.1948562080919578,0.5135700964990357,0.4596673786020807,0.9476190476190476,True,6
-0.99393858626361808,0.10375799212677031,0.036336838141237629,-0.10844200241629898,-0.97964075232927994,-0.16895066879911003,0.018067065290878662,-0.17186702838399293,0.98495446884931293,27.308572140366117,-10.196199622558032,-1.0575976314616842,,0.7824290914928516,0.4705882352941176,False,1
-0.52537854122839434,-0.84820689724744991,-0.067249147790722663,0.85023091094983094,-0.52640189916418412,-0.0029049305948317533,-0.032936096947647875,-0.058703492384988357,0.99773198480336422,10.565975317705846,9.7484684074750216,-1.6844928463718383,0.5175523075888642,0.2900929477558409,0.3389830508474576,True,5
0.97827024257131401,-0.2061459765099124,0.0221623299369995,0.19798174622571521,0.96053321437385486,0.1953949135623699,-0.061567529273784734,-0.18676129270650299,0.98047420103015304,22.809793734566753,-5.362571317258011,-1.2475951934325469,0.7476657370114835,0.6204431177009642,0.65625,True,4
-0.39889391235812427,-0.91370454057256489,-0.077638001138010532,0.91589213170187778,-0.40113779338007971,0.015168184095316409,-0.045002775139072866,-0.065057538066216253,0.99686622320677687,16.460169282083427,9.4270162261964021,-1.8162987051776465,,0.09981341692179865,0.3703703703703703,False,5
0.15400533371862024,0.98210932098359049,0.10836807105123807,-0.98791038403514186,0.15108012722062175,0.034754399355159685,0.017760357590813985,-0.11241030556025777,0.99350314186825517,30.315760476545236,-16.599919587169079,-0.54455497787523255,,0.2098030583184443,0.1052631578947368,False,2
0.94360472554317198,0.32033418299250921,0.083642890547356519,-0.33082910670884019,0.90259909628449619,0.27543960053093608,0.012736721981193473,-0.28757761142504201,0.95767264413276487,-16.108132644516974,-31.552900131043685,1.1910099550282669,,0.4183490541926183,0.2666666666666667,False,2
-0.90323582598360286,0.42404774148598345,0.065943578916798751,-0.42898876671411473,-0.89632440685781889,-0.11212134365981613,0.011562036707362559,-0.12956106904319767,0.99150403362546224,-15.991247520800339,11.489840262715223,-1.0579510597494346,0.2448236263008848,0.21667048950052,0.4444444444444444,True,6
-0.24121159265433209,-0.95806961829901205,-0.15465954241994379,0.96896077375554612,-0.24664971660384488,0.016701383843760687,-0.054147820752216538,-0.14583046249542253,0.98782664962844435,2.06279517826307,-23.538505148020711,0.29342198762050503,0.3691617613724671,0.49061420637886,0.6122448979591837,True,5
0.64920997136212233,0.74511687605666466,0.15273262290535355,-0.76056784409847,0.63385709891329789,0.14057643003228718,0.0079352131286500073,-0.20742714184207997,0.97821828505698449,1.7439494450091189,5.3128891869584125,-1.4705656466656813,0.5570242849731792,0.267135215213448,0.5277777777777778,True,5
-0.61893706388669334,0.78186020822506064,0.074910117751774141,-0.7846603214477591,-0.61975371720937134,-0.014611979697022895,0.035001298444759049,-0.067822892886043873,0.9970832283755201,-2.3359367205144022,-28.327283924318259,0.70592112523010342,,0.1724525564777305,0.2631578947368421,False,3
0.69889790699556231,-0.7124376658509799,-0.063041953285337057,0.71466714804484932,0.69216859099285211,0.10076462250418852,-0.028152852478290236,-0.11547819672898368,0.99291097434642062,23.011044446001247,10.315870124472907,-1.8837037403034915,,0.1328092098729444,0.2941176470588235,False,5
0.87857313578161689,-0.47733795996806017,-0.016053568338101329,0.47590709873364107,0.87211583112998869,0.11369437306822233,-0.040270069006447522,-0.10752882899938115,0.99338606416450015,2.3656208500237055,13.524859363930307,-1.5715404959681074,,0.124019130112588,0.1666666666666667,False,5
0.32452268490877395,-0.93431688672047986,-0.14743467084966619,0.94438458453837881,0.31129486485982283,0.10598709165826391,-0.053129873572908021,-0.17363024592752688,0.98337671023533602,0.2641255550174294,-21.020736897154702,0.13846953789407199,0.4646006631851493,0.4462402921138138,0.6896551724137931,True,5
-0.11571215647418731,-0.94556289712527142,-0.30417347751596363,0.99202876195199885,-0.12539704829375498,0.012430436001830684,-0.049896215328170061,-0.30031048576310965,0.95253555305649751,-1.4673297761936803,-5.833301617683051,-1.2862200069907472,,0.4954915642899616,0.4778481012658228,False,2
-0.85151042386593401,0.51820661411368141,0.079949378587276201,-0.52262295048779872,-0.85112290401878588,-0.049548500260413963,0.042370386723339912,-0.083974444585614802,0.99556669439342527,2.6698593960151391,25.36519439228222,-1.7678653674049443,,0.2282350786703586,0.2222222222222222,False,5
0.77501545207320632,-0.6308479325584212,-0.037174386807703914,0.63003411368452678,0.76676923954952281,0.12297133354728895,-0.049072035228996308,-0.11872581550535471,0.99171372688446346,7.0146678756946077,12.0670190775311,-1.6593908647149018,,0.07910320903449902,0.1875,False,4
0.27809244620534446,-0.95341259828967684,-0.11691453624787096,0.95978523603241506,0.27093416350289279,0.073532168070772966,-0.038430353338583294,-0.13266158626186697,0.99041607997485392,10.772587615627168,-3.5339626589968347,-1.2384199284977644,0.1338756010286508,0.1356681828881446,0.4772727272727273,True,6
0.90345280477502465,0.41346316915599485,0.11323090256473393,-0.42831559783497319,0.88161241294930304,0.19825564805316034,-0.017854360683387291,-0.22761318302152531,0.9735879316833167,-19.216402369248289,-13.404746353020153,0.11912100871707992,,0.4351126542533681,0.8421052631578947,False,3
0.53944314240786984,-0.83805413837600928,-0.081647763349452618,0.8406923809574659,0.53060610977975109,0.10813638085522587,-0.047301339401655484,-0.12697408166726021,0.99077755620298857,-26.008553563392731,11.6607173382029,-0.7355319046004094,,0.2854861891744932,0.2777777777777778,False,4
-0.34254953417333167,0.93573856462372629,0.083983065635646059,-0.93871319464066161,-0.34454965679550925,0.010152448454403988,0.038436373985536947,-0.075358295349778864,0.99641546178128848,-6.1539416237204296,-29.703539871773096,0.88562587380007129,,0.2070075876613895,0.2666666666666667,False,2
-0.49299930978861761,-0.84715361537215705,-0.19819796293057415,0.86667671622856357,-0.49816732339402048,-0.026472390328605294,-0.07630956752085058,-0.18482442983631797,0.97980446010439215,30.243387784576949,8.255437850119101,-1.8940769061050784,,0.3431133844803755,0.2727272727272727,False,5
-0.79211704816269723,-0.61036402683847157,-0.002517290515747261,0.60993738598212044,-0.7917050092625405,0.034344773836759032,-0.022955765970947013,0.025669691274456525,0.99940687398004246,10.726042155943974,-11.692245618867384,-0.73311688787381668,0.4003705957173241,0.3897088635868203,0.8734177215189873,True,5
-0.16158730683204459,0.97791207215057374,0.13258024518357972,-0.98613038225530736,-0.16516382320796133,0.016364006121083401,0.037900019310922253,-0.12809719218429685,0.99103718290018328,-4.754301613948277,-1.9269558584307562,-1.1964176016317083,0.1570250802541089,0.1923147730601293,0.5676348547717842,True,4
0.82281626163798949,0.56783086441131392,0.023270346064980268,-0.56790683999720026,0.8200093466831454,0.071179297809656261,0.021335900929612288,-0.071782872429162703,0.99719205700674363,-4.4654897942047374,3.9626570706288087,-1.2927105590472117,0.6035575293585179,0.502662924133787,0.9983434566537824,True,5
0.92090846343518706,-0.38931101603670731,-0.019092793559616204,0.38894972384442461,0.91465286020086034,0.11012836895065478,-0.025410908972117223,-0.10884428381340214,0.99373397224124271,-12.552816122460962,-27.446715179619925,0.83086747757574286,0.2039301289768548,0.1837034764309942,0.6,True,4
-0.15892549625534427,-0.97681455060049893,-0.14344343963784706,0.98594800255338688,-0.16459976278234578,0.02852112117328064,-0.051470602298573892,-0.13689503945410028,0.98924745401334291,5.4439956050270917,-9.9010454339681679,-0.8418567012066086,,0.1666115128429577,0.3225806451612903,False,2
-0.092557068636265505,-0.9891544415803416,-0.11404683137793178,0.99340994483351941,-0.099512054683738971,0.056868554390686318,-0.067600817682388445,-0.1080316697756048,0.99184640331765539,18.776391782758644,12.875987222533901,-1.9253594856478162,0.2683855350161555,0.2450938868002011,0.5882352941176471,True,5
0.10019544996642323,0.97791981353968971,0.18339495656239729,-0.9935965278766058,0.088669165188285229,0.070026558792826016,0.052218881619376975,-0.18923693463832628,0.98054197817896127,-20.631968809162618,-6.4262533033664475,-0.27953500016520416,,0.4363148081896843,0.2,False,1
-0.87478357862292111,0.48138956016173806,0.054934342072727634,-0.48311761474323472,-0.87523940714971404,-0.023523403176913392,0.036756780279052166,-0.047117635122155228,0.9982128368058647,-7.2089860025207173,14.109288925929787,-1.3595431633454427,,0.08246545108990178,0.28,False,1
-0.95554743397164921,0.29309009079698917,0.032051522690937848,-0.29338555806330402,-0.95598197461660228,-0.0048351347472564976,0.029223547869462539,-0.014023654472107596,0.99947452261934455,14.804039437956019,-23.449377802659466,0.1414086686250339,0.2951306559892633,0.3016161196338648,0.7608695652173914,True,5
0.96819995497917333,-0.25017196427100385,0.0016838857188673038,0.24871240508045939,0.96323504847736863,0.10158927573269889,-0.027036766400961407,-0.097939928923745756,0.99482500148769448,9.0982881284979733,6.7950885462821189,-1.6339656332612045,,0.1147774400775824,0.3150684931506849,False,5
0.57034008479728071,0.78883009008031979,0.2290399018889625,-0.82076253234241026,0.53623090445783406,0.19699056476696303,0.032573811203244568,-0.30033898529529596,0.95327616184161823,2.8842906389609912,-4.4997545668524195,-1.2558992926282395,0.6349017534222071,0.2920485617596003,0.2857142857142857,True,4
-0.95050002742227258,0.30929296094016689,0.029791981859592344,-0.30945985184205144,-0.95091193134424645,-0.0010482962601991233,0.028005320354418245,-0.010215827916416462,0.99955557068720646,-1.5844035125265277,1.8847253688101602,-1.3635184315360858,0.3997813465020537,0.319833883771282,0.9205753595997499,True,5
-0.015404611684547207,-0.9798794820926835,-0.19899471981091291,0.99863821527526786,-0.024998709530407302,0.045790605080549558,-0.04984388558967727,-0.1980183453511056,0.9789301925948215,30.152506649070993,4.9743227260367711,-1.7415868539544017,,0.2627549194843629,0.2692307692307692,False,4
-0.34857603481677718,-0.93289977844736005,-0.090513818416191105,0.93570600421680117,-0.35195920061921032,0.024062310199018416,-0.054304895028350911,-0.076306778678914208,0.99560446659484525,32.538723095901226,-7.0203540523591528,-1.1756578137333684,,0.2455481184318211,0.3157894736842105,False,2
-0.91895273620402529,-0.39431528008279615,0.0064287258738115428,0.39429803257824775,-0.91836199767873794,0.03376836869675473,-0.0074114862245973929,0.033566368775057885,0.99940900974485836,7.4750357224614756,9.3348696764231907,-1.6239457299257885,,0.07117052798040929,0.3870967741935484,False,5
0.99975704771164664,0.015688769340447044,0.015482508436104546,-0.01893315169682162,0.97089791677992598,0.23874415376973013,-0.011286333227268039,-0.23897928301210894,0.97095907275914617,0.47811934288456392,13.783822156899463,-1.5243685203254627,,0.195419726368487,0.15,False,1
-0.66697557268841445,-0.73929017001830588,-0.092701833591715035,0.74498372004865054,-0.66370366956720073,-0.067057407238170788,-0.011951665132335157,-0.11378700944016598,0.9934332761606226,-5.0059768957027453,-6.675197653579243,-1.0289311997464961,,0.2399807975466136,0.3015873015873016,False,5
-0.70014329130606534,-0.71120273596108341,-0.063166763417005209,0.71339463133126613,-0.70045377340128323,-0.020799310460460178,-0.029452871283404153,-0.059625327582946988,0.9977862239396722,-13.363856730292341,-4.0638289012317594,-0.67792555472682747,,0.1187546841803811,0.2051282051282051,False,4
-0.99299828882672048,0.11527949040713793,0.025788320586559978,-0.11648024707054169,-0.9918678005967434,-0.051289552364622314,0.019665971361471107,-0.053934267686215259,0.9983508122596787,14.388889528326052,-5.4959368886829623,-1.194342942109319,0.6557993872745129,0.6210098185159543,0.9765100671140939,True,5
0.94643892883604896,-0.32287170309989871,0.0026865072200994121,0.3213408533602915,0.94269851332004428,0.089775102037585625,-0.031518406453253732,-0.0841033668859342,0.99595843976197018,3.9252700437400141,1.6155605755177698,-1.4321427423874991,0.327518155755077,0.2569412834275125,0.7259475218658892,True,5
0.11065082939283855,-0.98997901910382746,-0.087737880581308977,0.99255597479007962,0.10555461072710272,0.06075245725700297,-0.05088252021265393,-0.093807067369537089,0.99428929555151857,-5.6727755072955297,-9.277066273130707,-0.86691252361716431,,0.1134375107775801,0.3137254901960784,False,5
-0.17541640009546133,-0.98320358659759033,-0.050396367718177147,0.98310610593046532,-0.17765689767982162,0.044050098626679517,-0.052263477302871689,-0.04181786709551473,0.99775738279994497,-17.076340415403703,-7.8630307063526885,-0.32261800241534505,,0.0865995386924434,0.2647058823529412,False,3
0.93225337908062256,0.34814719228350283,0.098474208287631967,-0.36172608763468161,0.90258356052695343,0.23344625460905372,-0.0076075434450819015,-0.2532517497898133,0.96737049598958202,6.8024545227839344,16.878066274784086,-1.7202638636998213,0.6485620595471595,0.5101070846462118,0.5625,True,5
0.7428519367437213,-0.66448514861609087,-0.081427804494244832,0.66779016975302474,0.72692725022998617,0.16010328558245157,-0.047194165500913501,-0.17330972315978524,0.98373596589783674,3.095574114960288,-7.7424931844453511,-1.030708097994169,,0.1077113310817612,0.2608695652173913,False,5
-0.43397976409607186,0.89880930770135115,0.061671652682058688,-0.89869028241796156,-0.43670489019677322,0.040553855128077375,0.063382494765060055,-0.037824162484352455,0.99727227580521594,22.507361998452559,16.083822793268787,-2.09439002970388,0.5772322112555723,0.4971407623565621,0.8795180722891566,True,5
0.38503109911581068,0.90879624963321526,0.16074958589767324,-0.92003170428514569,0.36423556437486843,0.1444787761392341,0.072751053764467444,-0.20352353745236426,0.97636338208631912,-0.2122409708748644,12.973690404973976,-1.4962079841255427,,0.4221550591040112,0.4,False,5
-0.74784005188681446,0.63681194626086246,0.18763209185365801,-0.65544050603410686,-0.75315132644469762,-0.056221192839952812,0.10551303162965818,-0.16502613300336852,0.98062907135280963,-17.545506079114997,-1.2026924550489837,-0.63067358504347382,,0.394844573987403,0.4210526315789473,False,2
-0.91104557834950672,0.41071554662661208,0.03617587495854651,-0.41086239829449561,-0.91169018022096204,0.0036200768452171045,0.034468011800921926,-0.011565251742749758,0.99933888201881682,-7.4925905120385838,9.3272757403768942,-1.2628639767262761,0.4488564860773221,0.2833478988650677,0.4977777777777778,True,5
0.18700277819317584,-0.95257980575589551,-0.24004515119888334,0.98070507542241592,0.1668533884551171,0.10187002405889475,-0.05698698087061576,-0.25446347562490501,0.96540189744175753,5.6517155717196577,-30.371510281954766,0.73957792618778839,,0.192022952522472,0.2272727272727273,False,2
-0.51445813018058362,-0.85225803326138272,-0.094810743233763678,0.85696428494451782,-0.51493899037740776,-0.021214394137665141,-0.030741610573127569,-0.092163338321357632,0.99526924620870016,3.2824269929841909,-33.741109347134632,0.96138926708076744,,0.3271810285056339,0.1935483870967742,False,2
-0.090724958050301147,0.98373714142488311,0.1550168331761792,-0.99437751957423248,-0.098020093018429122,0.040067567059358704,0.054610718290174706,-0.15051012572534359,0.98709896743030434,-23.190638115627799,-2.5881843456121252,-0.36750593619260008,,0.3334873281626203,0.5217391304347826,False,1
0.096806295928384981,-0.99486224540357271,-0.029625221335678961,0.99378171093751011,0.094970284094589671,0.058125348559024598,-0.055013199095681975,-0.035067902839418921,0.99786962581075911,-1.53634098639689,4.5765520519132581,-1.3977143175204292,,0.07866684018464798,0.3660130718954248,False,5
0.78164122577115946,-0.62287796226286896,-0.032558229408496057,0.62216646847948964,0.77492930553987915,0.11132590406208827,-0.044112126164131224,-0.10727355472220218,0.99325047434297398,18.161939945439048,-10.352600714156601,-0.9282284557706193,0.4723191449724248,0.4260344479072472,0.921875,True,5
-0.61689085504872665,-0.78442058991637742,-0.064265162199232187,0.78637166940481795,-0.61768815230277685,-0.0089968918111335561,-0.032638482114378788,-0.056086403165332692,0.9978923012355817,24.581528538319333,-12.232651945570737,-0.86659575241217413,0.3520989235663498,0.3486834091043277,0.36,True,5
-0.83626019936388873,-0.54115223568715232,-0.088448497842895782,0.54832417069472561,-0.82620198628552421,-0.12934790949139585,-0.0030794141990431534,-0.15666695780747697,0.9876466886187284,-6.8888735208447711,1.1218555893044782,-1.1720505003594084,,0.6687935577697444,0.4957983193277311,False,5
0.66465182602803463,-0.74687910849868633,-0.020237278616642825,0.74547793417144892,0.66110539012216707,0.084866441040535437,-0.050005997850944769,-0.071493079662479322,0.99618679962108814,-15.68206950550382,13.83285153948191,-1.1084681142499506,0.223650165312506,0.1370099626473867,0.3529411764705883,True,3
0.24322031890000773,0.93648206499194298,0.25267611367639364,-0.96860535461164377,0.22067358717189409,0.11448508611317454,0.051454285456423006,-0.27258853584315623,0.96075384289372179,3.334884803055441,-19.938283310650835,0.012182027993666033,0.4088923858673514,0.3081471795141478,0.3466666666666667,True,5
0.98496866908498837,0.16081350109955378,0.063053459738953127,-0.1727098799019742,0.92286096639549442,0.34423674133918508,-0.0028316612074139047,-0.34995236042592875,0.93676321828257547,-18.344217234404049,9.4716364697524948,-0.89623296529631846,,0.3512724003755854,0.2222222222222222,False,1
0.9980071862583435,-0.06266571356086699,-0.0073935458754253395,0.062513968744870058,0.9659850366508127,0.25092810260808501,-0.008582533918957861,-0.25089024953280986,0.96797749085445939,-14.075606677811217,2.5527668383036155,-0.8960096148468385,0.5808423234444829,0.4720509172260732,0.6153846153846154,True,5
-0.11984003947042483,0.97102503849316923,0.20675768319234575,-0.99109108389980072,-0.12920130001847263,0.032333998946232415,0.058110484028661986,-0.20104078862976024,0.97785774678788462,-9.7857988961208715,8.1181019657298474,-1.1773190668567199,,0.5478681581137382,0.2392638036809816,False,4
-0.4866774603251125,-0.8513632985954307,-0.19576920957138721,0.87311651347258457,-0.48135953462640924,-0.07720461337073381,-0.028506201307370114,-0.20850307486690423,0.97760619078342037,-6.0500558561809274,14.98809726369047,-1.3949226418546752,,0.5555965008854618,0.3928571428571428,False,5
-0.27044421633282351,0.95807708467404828,0.094595061576182984,-0.96150563397329014,-0.27375694086008123,0.023749803547642244,0.048650197222073303,-0.084530687643049593,0.99523249603137798,-4.014338628018093,-4.3554242030469696,-1.1514300943843803,0.3266557843628927,0.3345233733643337,0.349112426035503,True,5
-0.91027467829692343,0.40175580998816252,0.099961388506703663,-0.40987286527335287,-0.90855409449196156,-0.080831254440987932,0.058345902718568945,-0.11455010485655247,0.99170259105908765,-8.0109114287968151,0.033673873212267835,-1.1142000790990032,0.7577516914329665,0.6462289168971423,0.9426591052299937,True,5
0.97738556148185074,-0.21130265955185679,0.0082855460362598367,0.20954658930057929,0.97304063072248992,0.096343956093116356,-0.028419907095225322,-0.092428983709062149,0.99531361482258829,8.3836268628120685,9.4760015196303584,-1.6348627343716702,0.3609888661197193,0.3376993854861668,0.75,True,5
0.16846992601827179,0.95773744131483762,0.23314561443678544,-0.98519441373595118,0.1559791560860638,0.071151036606325629,0.031778155561224028,-0.24168056680334798,0.96983537389535279,-14.804905415133614,5.3269839920838811,-0.94138886746084138,,0.3199535749437985,0.625,False,4
-0.73091289220293554,0.68068637088098338,0.049319453650831999,-0.68058564885935546,-0.73235574777783619,0.021406383708052222,0.050690418998369263,-0.017919910536682158,0.99855363312549572,4.1058623905969229,9.9615992145257799,-1.551253783565389,,0.09194610837559117,0.3333333333333333,False,4
-0.35478199086966533,-0.93211885578526299,-0.072692349281949439,0.93382316019316858,-0.35709660021184292,0.021361732232820181,-0.045869864196443448,-0.060303041438350968,0.99712561834098112,-15.096976102637461,9.4170134071818978,-1.0082046056452427,,0.4472501792536949,0.4761904761904762,False,1
-0.62018830458284235,0.77595209503558549,0.11517297021673698,-0.78175723971172639,-0.62352066877912127,-0.0088087322322277159,0.064977573184613099,-0.095500375994666709,0.99330639440603374,-0.40634175603569284,-5.8865700145464936,-1.2227173965748177,0.507282890583044,0.472853656639573,0.8251256281407036,True,5
-0.69593615581651036,-0.71682392134333273,-0.042852454040647657,0.71748213953560791,-0.69657690073120826,2.855014821127877e-05,-0.029870495053556618,-0.030726001329041044,0.99908141128117456,19.082309675938454,-2.6037584522185346,-1.383213941008073,0.8582466188462033,0.7426256461232214,0.6666666666666666,True,5
-0.97862682624416475,-0.20505152621921291,-0.015601491930104655,0.20564188742637501,-0.97543605556940594,-0.078967813892226263,0.00097421301149654572,-0.080488341331963309,0.99675507413739195,-7.5544835127682681,16.021067997982438,-1.3885942701682179,,0.1607655379275321,0.16,False,2
0.24565132182675475,0.95974113796480465,0.13620710768087971,-0.96794494212172966,0.23527469354047875,0.087911362180299601,0.052326065261302832,-0.15343652328391838,0.98677211969978851,-9.074731645415465,-7.1985431670887898,-0.64950930064673262,,0.07612490522835891,0.1,False,3
-0.99317801470452427,-0.094941513740033595,0.067701846919634046,0.087348331856992478,-0.99036620043125001,-0.10744793141409767,0.077250890152665869,-0.10080127981389396,0.99190291962394184,-3.1739370311348369,4.3066891512383396,-1.3358127336118077,,0.2636123853862775,0.1347517730496454,False,4
0.54945134163627352,-0.83407332535151191,-0.049243386471386319,0.83448260235532135,0.54486735419512355,0.082209200815336655,-0.041737387800265854,-0.086262704974263818,0.99539777787080319,-25.715315221556377,-2.3104927054525546,-0.29472577311595,0.5718481506437287,0.5269401862485761,0.865546218487395,True,5
0.56977034073472921,0.81565191974932894,0.10036784658576846,-0.82114863619257961,0.56017765967799893,0.10916000584804915,0.032812742922473069,-0.1446130540681379,0.98894407753673774,27.930710082709986,13.310847012731562,-2.0678465613360353,0.8349900727777754,0.8917591757659598,0.6133333333333333,True,4
0.065341219527645822,0.95313505259212239,0.29540497042340441,-0.9962246043856583,0.045352687317694207,0.074024802395567191,0.057158224668715028,-0.29912657065743231,0.95249999059288437,24.704067789033626,4.6869387597302898,-1.7021293541025622,,0.4087087043290272,0.1363636363636364,False,3
-0.61370191942830976,0.77353658320464869,0.15814900737623244,-0.78699741541243573,-0.61538514386661258,-0.044002191336521619,0.06328524491661458,-0.1514670893374121,0.98643433568763095,-6.5575774566056593,-18.027501025528139,-0.032717194211351684,,0.3629015687333676,0.1458333333333333,False,3
0.28897973646332781,0.95585527340994092,0.053210978265699968,-0.95593086571215635,0.28510021760594728,0.070100256061218974,0.051835237940926919,-0.071123570041504172,0.99611974475569864,4.6434571459805989,-15.414512401975241,-0.38629525433276179,,0.2513252186855476,0.3888888888888889,False,5
0.99422404506636097,0.094055979909618698,0.051691593660134066,-0.10469719816914697,0.9558959891994866,0.27441092275612083,-0.023601798817322148,-0.27823790265809722,0.96022217461221437,-17.025056071819478,4.9632403242915712,-0.8590438112660711,,0.4992130017198101,0.2666666666666667,False,5
-0.72046757454254906,-0.68744193320476632,-0.091378676421087129,0.69166923651663803,-0.72185042553318279,-0.022926631109982117,-0.050201008847102123,-0.079721713662314841,0.99555226235566185,-15.590634475724029,8.5673239484724633,-0.96784072883917294,,0.2630120747826308,0.6388888888888888,False,4
-0.28446373600581676,-0.95777848166396462,-0.041722451498966868,0.95737775996181218,-0.28607967989626476,0.039827647193294825,-0.050082009026353846,-0.028614625839270019,0.99833511185371149,18.032884279465129,5.9553861790290625,-1.736360465496954,0.4557706344508263,0.4233249267866379,0.9594594594594594,True,5
0.24052355836202857,0.96743283933317137,0.078880411083019505,-0.96961879400217932,0.23574215684700911,0.065307195643965657,0.044584887469038867,-0.092191848147645319,0.99474260537311576,11.750105016409742,-6.7742050981154209,-1.0691853285469759,,0.2508037578345805,0.3191489361702128,False,5
-0.81715867756631366,-0.57592993679784199,-0.023588208454866123,0.57632400856972343,-0.81706660293345079,-0.015899796128215168,-0.010115968772282019,-0.026587107229392941,0.99959531456733697,5.463853936848837,11.534990303228968,-1.6054141966119313,0.3612150302969578,0.1377190168763869,0.4444444444444444,True,5
0.99678996458032176,0.078531544896691424,-0.01557443315502772,-0.075036680242038606,0.98421607483859608,0.1602754336994959,0.027915284885086107,-0.15859229011981132,0.98694945280107349,14.058490621832108,3.2952788578924053,-1.5949963623338554,,0.09045096151972944,0.3333333333333333,False,4
-0.99985946001266413,0.0068296740911201591,0.015310642540159389,-0.0088485203904528891,-0.99067809796963746,-0.13593605073769371,0.014239519306605707,-0.13605242281955215,0.99059930059275036,21.961475142951656,-9.7977392282405447,-1.029059108324436,0.1457954351507423,0.09566297698808572,0.5,True,4
-0.1526516397555911,-0.97210194934028649,-0.17808783498247444,0.98704885902987594,-0.15895771990154067,0.021610024792304242,-0.049315583416906804,-0.17248258860684795,0.98377727655182778,-18.224068305037825,12.568503356248616,-1.0025521152353867,,0.6458180213931184,0.5294117647058824,False,2
-0.80784685580120108,-0.58187492313788403,-0.093835128791913858,0.58804292523577972,-0.80648439020880158,-0.061550356860740001,-0.039861957456458638,-0.10490234588806385,0.99368331080627514,0.81292836118141076,-10.206838904041414,-0.92142566879856636,0.5066795229794672,0.4906980927505767,0.4492753623188406,True,5
0.12438846974822983,0.97539297063397001,0.18203313278502498,-0.99021742573186378,0.11033956215978073,0.085408610803279897,0.063221502439058969,-0.19087622654543629,0.97957608574787125,-24.188525053576146,-2.8691568649042352,-0.32149164796910962,0.4999802073500175,0.1995929453322285,0.2758620689655172,True,4
-0.99891650428536505,-0.037149902617746797,-0.028030379979565499,0.040892089800128879,-0.98820866088531345,-0.14755161653819349,-0.022218336078227922,-0.14853796580924297,0.98865707818998971,-23.794459015303325,-11.870384322092415,0.19194138350198589,,0.3670060201438703,0.4482758620689655,False,2
-0.59996606311960399,0.77674015715982092,0.19161276408449521,-0.79736868836060182,-0.60007213393411996,-0.064160804996862053,0.065145206476434889,-0.19128032395175534,0.9793711960957675,19.939077007282481,-6.4230720987436305,-1.154156305359334,0.2920278213225324,0.2036012886285274,0.3333333333333333,True,5
-0.88089552633004453,0.46226704319329626,0.10164768796702392,-0.46899897329888751,-0.88142622182425134,-0.055926545800856625,0.063741938598567832,-0.096938105293806837,0.99324718424254455,-11.57109102123003,15.809671315098742,-1.2678163309883168,,0.3458399250165683,0.3333333333333333,False,3
-0.81730336367302781,0.56939093566760235,0.088369531561102166,-0.57435443880633197,-0.81732714955427233,-0.045752696368117851,0.046175646743923535,-0.088149265346128658,0.99503643986877177,-6.7626446694021292,-21.625653995474931,0.28796751163565082,0.2066983961191359,0.2641345809518688,0.2222222222222222,True,5
-0.26705964525106057,0.95974345838181052,0.087015170928394905,-0.9627182067727712,-0.26973642551735477,0.020393996600440112,0.043044165999540217,-0.078324675820845707,0.99599821532518895,27.781157887554809,15.511655651256858,-2.1564183418142449,,0.3175245408336759,0.84375,False,5
0.8915978319010649,-0.45282743210160131,-0.00078923101170880715,0.45145986998259346,0.88876707450990544,0.079227981562094707,-0.03517516090396744,-0.070995802716593476,0.99685621031922445,-0.66372228970279212,-2.7324527782377235,-1.2509577577621831,,0.09010869613062969,0.391304347826087,False,5
-0.9989505518299937,-0.03892798719512626,0.024133106130111884,0.035907658575700697,-0.99271967212088519,-0.11497083386586768,0.028432992353286699,-0.11398361459937173,0.99307567715089051,4.240745917924607,6.4644838037321497,-1.5231541293455038,,0.1658654026202212,0.1707317073170732,False,5
0.22502680010034634,0.96073628713118775,0.16232290604218338,-0.97310474190503593,0.21316927613901532,0.087327091972093332,0.04929604972543903,-0.17760812565800299,0.98286583681686623,13.624993998925262,0.54150776906780529,-1.4696818547861421,,0.08700246505806235,0.34375,True,5
-0.91086672959492632,0.40623218891782747,0.072781931851760087,-0.40973219242762698,-0.91125525364895921,-0.041634038785841029,0.049409831061174948,-0.067744161255427093,0.99647849811739775,5.1828951020733838,-14.50587139332616,-0.46000447115686749,,0.125997295746827,0.28,False,5
0.18414939272721723,-0.98214241024062365,-0.038539423515868469,0.98159813001220253,0.18174830146114801,0.058588958623057553,-0.050538226272236982,-0.048619347205880903,0.99753799264114751,8.5617091903065816,-16.710334006465473,-0.31046325020898402,,0.09463376316731205,0.2,False,3
-0.24293683180579492,-0.95894464118881717,-0.14631087070828672,0.96650869088210389,-0.25214477246046268,0.047790837722583954,-0.082720288935229258,-0.12980057340441734,0.98808358196174861,9.4343627720157741,-20.003024902761549,-0.054829296468059362,,0.8157593560595112,0.3902439024390244,False,3
-0.99643277894129956,-0.083990413732706909,-0.0082053307263010404,0.084034277965234702,-0.97860677145748887,-0.18779517295290551,0.0077432020625134192,-0.18781479510027635,0.98217393854818824,-16.982484338050774,-6.869708638240164,-0.38982586868937275,,0.5455103190637035,0.1739130434782609,False,1
-0.12351334705636485,0.98969709743147904,0.072416216655117993,-0.99066654411379607,-0.1272158723681229,0.048948137770981143,0.057656322051995959,-0.065694574763251634,0.99617266142677963,-9.2634900613168032,-13.571514565039482,-0.21434590224378613,,0.119904359928855,0.375,False,2
-0.52878110797819466,-0.84363431598421146,-0.093121859620634018,0.8477790260618272,-0.53025120132378545,-0.010216969430438663,-0.040758591916466358,-0.084349299869853941,0.99560229650019005,-10.697745845346381,13.042230914644129,-1.2486535139791726,,0.1151060065145971,0.3571428571428572,False,2
-0.40189771593682316,0.91242271896240712,0.077220514411727434,-0.91430304571741394,-0.40449255118765481,0.020873826327766735,0.050280876251552725,-0.062213808394516498,0.99679550336487033,-12.555749164432941,-22.644652079119105,0.51694404371818103,0.3258156648745721,0.3019459779069644,0.7659574468085106,True,5
-0.80346061949467651,0.59496591249773911,0.021600830700785452,-0.59481080472402081,-0.80374883970117827,0.013707999947946685,0.025517435309886951,-0.0018345693616313025,0.99967269386057733,2.0560680404316116,11.745089013006188,-1.5436192557239088,,0.1048351617593334,0.3142857142857143,False,5
0.98953707722786732,-0.14399246963576909,0.0090852341479045196,0.1425030512053331,0.98526756473930144,0.094555307994086735,-0.022566638839231545,-0.09227130952185808,0.99547815257323524,5.2253666506022807,6.1746694188346982,-1.5487205540856321,,0.08968821099817426,0.4193548387096774,False,5
0.95359783754146954,-0.30104706725499047,0.0046719945849543944,0.29812124606932783,0.94627388599882978,0.12525755593473925,-0.042129406336951489,-0.11805251362780128,0.99211325822602181,-7.7562202651753527,-9.7484858264398593,-0.60357985870494546,,0.1122941306327079,0.1111111111111111,False,3
-0.97654335717853258,-0.21529409623545809,-0.0033946541264315826,0.21302124915825199,-0.96369590953133222,-0.16097248634358627,0.031385011670201246,-0.15791974568981385,0.98695305610942075,17.987684750791296,-1.8125796869549702,-1.4026546977818879,,0.383644974709801,0.1304347826086956,False,3
-0.94854041404916623,-0.3159053625349843,-0.02179185253890556,0.31648996005403085,-0.94802407942451539,-0.032930988693004822,-0.010256125020451569,-0.038133276189452718,0.9992200283954602,24.773836044864588,2.7236230895391165,-1.6211911838006046,,0.09704847348648087,0.35,False,5
