axis_00,axis_01,axis_02,axis_10,axis_11,axis_12,axis_20,axis_21,axis_22,location_x,location_y,location_z,dbh,dbh_approximation,score,reconstructed,number_clusters
-0.8253796154688493,-0.56449818671076901,0.0095019770967901401,0.55727670380480643,-0.81728791885436114,-0.14657125601957871,0.090505059333409493,-0.1156816964560982,0.98915447698531633,11.222644648572098,19.847240170740353,-0.91406853825144696,,0.1384793841117347,0.4761904761904762,False,5
0.36460242208408861,-0.92983132340813512,-0.049787386148431305,0.92769562102843917,0.36733513166717652,-0.066676350887832234,0.080286415632256775,-0.021877181082919514,0.99653172574323501,-5.8018639425775644,-28.960823446304133,-3.4245548515857203,,0.2691594433132822,0.9,True,2
-0.75419201043037942,-0.65662581040868007,-0.0060791864691377984,0.65041875054398302,-0.74572586945116548,-0.14438966920145976,0.090276576938796232,-0.11285155176800686,0.98950223189226116,-7.9112081455396392,22.98852050598353,-0.6443458002533996,,0.163573793852643,0.5172413793103449,False,1
0.27375569958962137,0.95605134944409498,0.10499349583818142,-0.95783073211153791,0.28090329870363978,-0.060445226445839079,-0.087281759634370404,-0.084018771733101266,0.99263424302790826,-15.934527028565261,22.315419960744549,-0.72317521560078957,0.1789112057214022,0.1582245627025364,0.32,True,5
-0.96640511734980883,-0.25259717824075673,0.047495417725395839,0.24601668762974183,-0.96258684489291502,-0.11358853571902883,0.074410607898285894,-0.098087876844748151,0.99239197389353018,7.381537810083076,24.690580195626332,-0.71016843020259646,0.6969539271208555,0.4509485357424382,0.5967741935483871,True,5
-0.50043756853472487,0.84669481709421901,0.18074879447686501,-0.86506911595967473,-0.48059788451196511,-0.14380924175925225,-0.034895051394139127,-0.22832774712770113,0.97295877367943473,9.088928340925932,2.7593140188383058,-1.7990402720863778,,0.4750507119107497,0.1794871794871795,False,1
-0.59300512647246184,-0.79846454084259855,-0.10391966606180927,0.79957261833730353,-0.56870682618682444,-0.19301858421856147,0.095018671757755954,-0.19755232943584269,0.97567644695967937,16.215636694876974,23.213135114029281,-0.91734465825395595,0.2724093670889202,0.3448572729498198,0.2162162162162162,True,3
-0.97888518194659757,-0.19935388102245169,0.045186620659929462,0.1926632937550008,-0.97366352211947826,-0.12190242382072623,0.068298285519129226,-0.110622673151483,0.99151296934531752,-23.749200330644321,22.177527360910712,-0.9735983161404308,0.2217695207485234,0.2672207858131911,0.828125,True,5
0.79287472061269504,-0.6063540417801252,-0.06069969876571063,0.60930845994213567,0.78725759318401722,0.094703128866223396,-0.0096373261999704585,-0.1120725568148416,0.99365329162273719,-12.593452738715817,-14.478735628069153,-2.3418035782758588,0.3181454343374976,0.3169003934485104,0.2916666666666667,True,4
-0.91273081180361126,-0.39955303748229515,-0.085321951589217779,0.40045500419064578,-0.83350103879359627,-0.38067283584288725,0.080983052566514765,-0.38161942897167539,0.92076509307659005,-33.664383780119422,20.852028866211572,-1.4589347217355433,,0.132846726614984,0.2727272727272727,False,1
-0.93295340700293117,-0.35646292923107087,0.050320179308388627,0.34071407954359201,-0.9194455029889379,-0.19630049168094885,0.11624051084878538,-0.16599441893456551,0.97925175339142978,11.116828885529586,-11.789441676385383,-2.8042794591681872,,0.4773361584570576,0.16,False,2
0.44455474443919607,0.87100606634351085,0.20909211269056505,-0.8911846792360224,0.45361114824521948,0.0051762614540460383,-0.090337958199131929,-0.18864081896677737,0.97788224992989536,-7.2645946674862243,-18.620798036696186,-2.7034770733697751,,0.08556638989087542,0.3076923076923077,False,1
0.19928711240124375,-0.97678909913879564,-0.0785347224760721,0.9783386532263495,0.20290263423782456,-0.041036576643333982,0.056018982800713907,-0.068655493756663133,0.99606641181349043,-6.343126102352862,-19.194899622875472,-2.7576656663461239,,0.4243107803440592,0.5789473684210527,False,2
0.89372052716278871,-0.44711906268436064,0.036717340755115943,0.44830916745672544,0.89316319933892241,-0.035754576223462342,-0.016808024932345733,0.048415319176065771,0.99868586010164118,-0.77090559322231489,-17.336206401838297,-2.7882896762607294,0.2929345470967639,0.2229496246186879,0.8783783783783784,True,5
-0.58505665690316822,0.78331474536890489,0.21006360441765476,-0.81099237820240533,-0.56517465113580945,-0.15122491927960557,0.0002659152041412996,-0.25883512783462054,0.96592148018767043,1.873929094605215,23.846212472235525,-0.6948686384071916,,0.3637778047395745,0.2857142857142857,False,5
0.95599398129548552,-0.2930078605223323,0.01489635522316278,0.29091403659797838,0.95329310032527625,0.081248311874738063,-0.038006986687703657,-0.073339338314100389,0.9965825657809656,7.2195173689367813,25.848869603572588,-0.64710323809586756,,0.3217999777928041,0.3636363636363636,False,5
-0.6125625877035964,-0.79023452135632077,0.017218519176183618,0.78442558051367695,-0.61044936684801054,-0.10967259981711094,0.097178108551539605,-0.053674684643786726,0.9938186169753187,-4.0414738185212205,-11.519486969158553,-2.2490235959023925,0.3575976238300965,0.3169338420435633,0.3048780487804878,True,5
0.97959271249216373,0.18496197809364429,0.078658656814946687,-0.19368277228820505,0.97326025994627829,0.12349676160960103,-0.053713139463269048,-0.13621135440553253,0.98922260668669015,-2.2614956983347403,-17.104256600268844,-2.7508843314164264,0.6661028863914366,0.548910559090386,0.625,True,4
0.86688012083598676,0.48653321615268691,0.10864752956008455,-0.49118753272859578,0.87083745742200103,0.019414696566794093,-0.085168443636014807,-0.070196526487491542,0.9938907303510337,-10.437409968112002,-18.035799393278133,-2.6261495598731281,,0.215189484429499,0.25,False,5
0.79476776709871921,-0.60533997450672516,-0.043677358495151641,0.60685310318132657,0.79364452460048596,0.043100808935140206,0.0085736538366726067,-0.060760874219075924,0.99811552869596365,-13.612220604898303,-16.359529988112424,-2.421848233403737,,0.322432718474,0.1,False,3
-0.18177340077614643,-0.98085232929170418,-0.069908074593084041,0.97959862430733391,-0.17442748555784615,-0.09980775289097181,0.085702777233018557,-0.086624248366176784,0.99254786966147956,-21.210800070520314,22.707429395691712,-0.88392624562892075,,0.1720927397607389,0.3214285714285715,False,6
-0.94552305917018065,-0.32101780168175392,0.054163784772455648,0.31209623075423187,-0.9411437243777182,-0.12978610408452354,0.092639555949195124,-0.10581144110091134,0.99006153930232244,-17.760556410381746,24.212883651699293,-0.77443408804328306,,0.09273596145720012,0.2857142857142857,False,2
-0.5147143380388195,-0.85172355898371954,-0.098163788075676162,0.85244795272611629,-0.49615823240719409,-0.16480138442264947,0.091660450087881221,-0.16850515566793547,0.98142976030025264,18.652835495458866,21.011745832015176,-1.0699598530859913,,0.3681070960257154,0.1764705882352941,False,4
0.99809577947023731,0.017849037824526664,0.059044278744330742,-0.0154616493147575,0.99905395113963191,-0.040646526453779946,-0.059713921359822536,0.039656204571655501,0.9974275076589797,-12.169290340983945,-12.668805620571327,-2.2457693604682332,0.4635395701269219,0.4247660047480326,0.907563025210084,True,5
0.992497877040177,-0.11759389512776665,0.033461020597476243,0.11299384506219018,0.98676586934318977,0.11629922646966916,-0.046694272119893632,-0.11164584599554717,0.9926504168251451,-10.607565079702381,-11.898518541515752,-2.2093945337581866,0.6038871016993173,0.3513932258279148,0.3555555555555556,True,5
-0.97510515390772134,-0.22162553943705798,0.007215198668994352,0.21299128780434115,-0.94517530290180696,-0.24754465880710672,0.061681846130350881,-0.23984529816886466,0.9688496182608739,-7.8750648217349299,23.21420100464897,-0.61356527934619531,,0.2423202819776671,0.4444444444444444,False,4
0.71730949008110012,0.65419547935325184,0.23978192224052497,-0.68850020713301452,0.71833193725511235,0.099833324582090779,-0.10693250309138139,-0.23670129427843425,0.9656800386616291,-8.4516410949715404,-16.257183703752972,-2.5639308104701444,0.4421423540807269,0.4314411377015035,0.4666666666666667,True,6
-0.73751311883604687,0.65929746386494603,0.14629167333097917,-0.67529015200069931,-0.71752123629181097,-0.17072341983788858,-0.0075901354138284,-0.22470008814311052,0.97439840939570432,-25.52391803651334,22.332027437109808,-1.0314367991693287,,0.1809406739243397,0.25,False,1
-0.89391843170068463,-0.44686757863357612,0.034917110876400759,0.44073583874253919,-0.8904872739374422,-0.11306783540589628,0.081619592707270053,-0.08568419995325316,0.99297354444349217,-13.291522207626798,-24.151213220845854,-2.961064412794943,0.3192259722417298,0.1123129359769971,0.2857142857142857,True,4
-0.99430749105731275,-0.094378485766465348,0.049450122868804874,0.087210596844859115,-0.9875169125743366,-0.13116653223140473,0.06121213135706207,-0.12610729084425618,0.99012626779146029,14.149599432966479,21.129809795272429,-0.95520939721354026,,0.1155583755061179,0.36,False,4
-0.93853474937479298,0.31321756867729594,0.14507680341074058,-0.34164720024359368,-0.90290710284890652,-0.26083702611153381,0.049292137118501125,-0.29436969663482432,0.95441959688672195,3.4598952797762204,23.562765403264336,-0.7328983895256912,,0.324903649238332,0.5,False,2
-0.99598887438852779,0.067726411721359375,0.058474740269819789,-0.073534470544453362,-0.99188909412048243,-0.10367596928216324,0.050978855773947222,-0.10756002101244692,0.9928907281991215,-1.1762476266001063,21.438209925489566,-0.75287332911249827,,0.1960276657364327,0.7647058823529411,False,2
0.54399668402680856,-0.83709267001347176,-0.057822742736336433,0.83837642086315356,0.54507980824042845,-0.0036027197039344566,0.034533819778934549,-0.046517356527362323,0.99832036482943765,1.267896907455285,25.101784530179906,-0.61913196259915526,,0.1937837991808614,0.1764705882352941,False,2
0.99754821330471521,0.027449528586996653,0.064374571943602965,-0.037269060072182343,0.98694526884708722,0.15668456676292936,-0.059233261719295181,-0.15869958941567067,0.98554850769781532,-16.289009184458699,-15.709364696376804,-2.5013488515028786,,0.09087890942165405,0.3571428571428572,False,2
-0.92706889665610814,-0.37486733600424577,0.0042120363135752029,0.3660326372948815,-0.90753388207793795,-0.20591833652081976,0.081014623913097619,-0.18935874227937777,0.97856011436936885,9.2796683626063654,19.913754270635135,-0.89762744847642872,,0.099637507210941,0.1666666666666667,False,3
0.6030364082447276,-0.79482133702393409,-0.067868494478548674,0.79756115015985496,0.60239865305378948,0.031813119222577499,0.015598143703275419,-0.073313743666973463,0.99718693979742123,-3.0458670428383248,-18.760236951341685,-2.8434788364614478,,0.3808857790448526,0.6901408450704225,False,7
0.98618429523144913,0.14308006892483835,0.083478318833778486,-0.14980817158708706,0.98540662648750221,0.080816410463806762,-0.070696870967422248,-0.092205609108037004,0.99322710297516126,-3.9338839500164995,24.295018579408836,-0.63635116654782564,,0.4163564434804837,0.3478260869565217,False,4
-0.66867921802990304,-0.73795884668515688,-0.091021118285987787,0.73785924713387996,-0.64345246443771631,-0.20379562661660428,0.091825022700472311,-0.20343467405568774,0.9747730497905216,3.5815303336666675,33.738709286515629,-0.20054945981438305,,0.3361960399615028,0.4545454545454545,False,1
0.20850509395047745,0.9730940469157221,0.098048975792122378,-0.97428897155449079,0.21541300091187454,-0.066016959528842373,-0.085361734424709554,-0.081763163437591935,0.99298950618860116,0.10854416191521035,29.249109977268478,-0.41852496703250408,,0.3625077788156195,0.9090909090909091,False,3
-0.67158531049303261,0.71688156662096347,0.18722710853145652,-0.74070751383333022,-0.64344377343999548,-0.19321617264645863,-0.018042995339559886,-0.26844166938158559,0.96312694929526477,19.909973751229678,25.817564881494192,-0.86001132915226453,,0.3273269498370427,0.3809523809523809,False,5
-0.63059989548489725,0.76540009752032023,0.12847747868915535,-0.77582401963188186,-0.61719333767408979,-0.13103234140069139,-0.02099672299829352,-0.1823048947412072,0.98301783451610458,-17.967034089074126,-16.21803739891158,-2.6981649221616726,,0.2327630804777634,0.1176470588235294,False,1
-0.71320577054467305,-0.70058234772918127,-0.02284519450668674,0.69530915630046075,-0.70295757056118147,-0.14965236769080459,0.088784604670636355,-0.12261740513071923,0.9884747168908713,5.2520447614715868,23.760262468033996,-0.72580023674822136,0.453786202080723,0.2992187590867383,0.62,True,5
-0.55753366252853276,0.76304447523838437,0.32698523507292987,-0.8296451693139999,-0.49835495830003723,-0.25165696607030896,-0.029070744425704991,-0.41158895070925683,0.91090582799353537,-20.078236535196517,22.578012048375847,-0.90197063560396995,,0.4297157818773634,0.5897435897435898,False,1
0.68679077157661894,-0.72678558148257089,-0.010057565621740414,0.72675104426579717,0.68686084981844975,-0.0074224420005812031,0.012302671895466487,-0.0022116816498096853,0.99992187331236726,7.0792920904082752,-22.107039706360617,-3.3520363911507336,0.7986927718747316,0.704886011464177,0.968,True,5
-0.94991791638352518,-0.3122915664103717,-0.01139867020919251,0.30427710063265195,-0.91599610583687463,-0.26147003675807101,0.071213749825216388,-0.25184342683627153,0.96514428465136448,-11.457596257284052,24.82948725374818,-0.4946549735169492,,0.2163998327406949,0.3333333333333333,False,3
-0.64347745362693709,-0.76536003329445823,-0.01268014626487033,0.76104411181327225,-0.63789546384553097,-0.11790350749507861,0.082150024638708158,-0.085518399428428288,0.99294409551145391,-4.3626988464155003,-14.481105824256153,-2.4729955799101058,0.1910438868048964,0.08424167381021828,0.2173913043478261,True,4
-0.91811912933704476,-0.39629071477376782,0.0033066190408789775,0.38702637145402702,-0.89838809946299258,-0.20762805817711638,0.085251698777882384,-0.18934754323034333,0.97820225706553987,-10.339618868217123,25.465006193209152,-0.48678060514940374,,0.4262803042519352,0.8421052631578947,False,3
0.87839789868939666,0.46895645731858027,0.092179025365099074,-0.47031802405463508,0.88246333797249477,-0.0077080077702635225,-0.084959330431663441,-0.036582759240514455,0.99571261611920647,-4.2979834888893702,-10.013151356088347,-2.1878476914061356,0.2210475810986893,0.2124752977283308,0.7675438596491229,True,5
-0.93108379384189444,-0.35768315056166666,-0.071733762268996942,0.35856863136771588,-0.86109430672592857,-0.36047903062907244,0.06716774109695775,-0.36135766039821648,0.93000491172222277,-11.598041568065677,27.81707722667004,-0.3874192946665328,,0.7026328630825359,0.3333333333333333,False,2
-0.81838115519275911,-0.57374984603508505,0.032609799141984398,0.56794582929739401,-0.81615281976824017,-0.10645238263207162,0.087691617667025615,-0.068598024454540635,0.99378291957140885,-9.5640285587545915,-19.288934116107615,-2.7140170731800768,0.2850648778871237,0.302051606489816,0.8913043478260869,True,5
0.40290489849140204,0.89807923158696357,0.17641240479003281,-0.91086343976239792,0.41228953947485775,-0.018577667879000684,-0.089417206821985507,-0.15320257645280996,0.9841410131136572,-9.3294394202472066,28.117962980307517,-0.34436919966875157,,0.1281356800994568,0.2941176470588235,False,1
0.14024950302694886,0.96131542679352977,0.23707114356130918,-0.98614031477735264,0.15705913005029057,-0.053476249295074184,-0.088641730982178243,-0.22628539474879711,0.97001936251389487,-0.96842819660983348,-19.496093518707042,-2.9473046158895624,0.3834949339839046,0.175276597888435,0.4,True,5
-0.94044335296207426,-0.33986522923845935,0.0076109016640693861,0.33100430968536759,-0.92056748631217333,-0.20734427919428816,0.07747545959311139,-0.19247630789158238,0.97823842904542468,8.0288530628834263,-20.356793529129252,-3.2683608427774229,,0.08947850821897899,0.5,False,1
0.24568202933128189,0.94176120806523411,0.22962179218701009,-0.96663975838119709,0.25572497102467662,-0.014571091625871585,-0.072442515006067507,-0.21838169835849264,0.97317085644898793,4.9589878253190145,-14.69421840573442,-2.8156977159635925,,0.2220515286101028,0.2068965517241379,False,5
-0.72098879252088865,-0.69293041562388902,-0.0047539628286206795,0.68707698658357663,-0.71397363312771789,-0.13478451582299428,0.090002086456387631,-0.10044446376835228,0.99086352951947188,12.858130482681448,28.513506536109062,-0.59829572729704372,,0.2701661099346832,0.4090909090909091,False,5
0.82786416346820912,-0.55809600924495273,-0.056300722108506424,0.56091507542485874,0.82296591251941908,0.090007694072250094,-0.0038993597175340997,-0.10609406814679267,0.9943484518506861,-8.3156077136361315,-17.758426098180518,-2.6367202693881278,,0.2465786514394938,0.35,False,3
-0.97500781487354116,-0.21862873725961346,0.03951248131652442,0.20956114530287703,-0.96407237788023858,-0.16324391746000302,0.073782703358363247,-0.15088381441562496,0.98579419111319688,-16.293775001125876,24.441204403970531,-0.71677870205363858,0.1506503949153294,0.09576396361252575,0.72,True,4
0.56882577543466417,0.77513190055454639,0.27496867811416348,-0.81062661545828996,0.58488619755214011,0.028153618304527797,-0.13900261692425558,-0.23891143266008877,0.96104089394391168,-3.0777500097043329,22.013911597336453,-0.7487092787599996,,0.3056903380800071,0.3095238095238095,False,3
0.96278142806697242,-0.26812298051545624,0.034087961054164131,0.26801235093673076,0.96338341584034726,0.0078596328890819522,-0.034947124555371328,0.0015688860037337861,0.99938793122691805,-15.97763944549671,-13.207987139527752,-2.537423053509154,,0.06778347859339974,0.25,False,1
0.052535338077171798,0.99471361227332933,0.088231897923945896,-0.99574008617641774,0.058883213841276073,-0.070953843511841183,-0.075774131697417452,-0.084128453485529456,0.99356966755212239,-16.431458309298279,28.85469803047129,-0.49807008542049852,,0.7116099261835065,0.4814814814814815,False,1
0.72257088529363367,0.68755288818357096,0.071849437551066986,-0.68541663889188176,0.72607195985642081,-0.054986727856930255,-0.089974145487081131,-0.0095149913655422774,0.99589864849952625,6.9670575249167257,-12.813267278080396,-2.7451927943791783,,0.1043152796805245,0.6222222222222222,True,5
0.86783514616997603,-0.49462228638583877,-0.047020770756997878,0.49665260875397799,0.86091045962990664,0.11031485266133176,-0.014083511281105299,-0.11908809474615188,0.99278380345356509,-7.903981573863053,-26.683072287760957,-3.2291789422651656,,0.2551440855067629,0.2857142857142857,True,5
0.93983427951960719,-0.34162027288295854,0.0026676197693531745,0.33997947464763689,0.9360300334249313,0.090894077611462065,-0.033548231818945146,-0.084518433976823334,0.99585699297636487,-3.5673509771175187,-12.921795574102127,-2.3653384853887429,0.9060077253320309,0.4325474853868568,0.6951219512195121,True,5
0.26113433956125137,0.91933342958069253,0.29433807425698716,-0.95952365069874168,0.28052453817702599,-0.024906770772739339,-0.10546667934313908,-0.27592033041435871,0.95537675856824289,-5.7972479908740491,-13.159491581614915,-2.3508479741751316,,0.676127624888041,0.2063492063492063,False,2
0.97139476633849497,0.22291585338909867,0.081857988235669171,-0.2246314911606018,0.97436657898155477,0.012266333712476332,-0.077025327712029204,-0.030303334331246368,0.99656851586795725,-6.3909869728424402,-16.281741262159393,-2.5383887200390807,,0.1630966937764938,0.225,True,4
-0.67835194881528993,-0.73418252776261139,-0.028542064862247828,0.72918094702587477,-0.66794566558235946,-0.14880770922296729,0.09018747159637279,-0.12175632943646666,0.9884541548343112,-0.16260409896155514,25.382637259933986,-0.5829553072838134,,0.3068158203072042,0.6666666666666666,False,2
-0.29839623782487718,-0.95353067022592874,-0.041700673740975927,0.95300839764078948,-0.29526964617095219,-0.067755664532320084,0.052294161032518077,-0.059959127650197536,0.99683008769465464,-3.473060629131723,27.48536017888847,-0.49003891919371051,,0.661385016588451,0.7391304347826086,False,3
-0.25796038405047833,-0.96592179457803473,-0.021249165152520212,0.96241141296586297,-0.25496420851352491,-0.09358164654526703,0.084974775395886187,-0.044590796541675137,0.99538482428164332,-13.446968321349324,-27.987134348666441,-3.1328821240803988,,0.5317047905236028,0.5833333333333334,False,1
-0.98123506468159893,-0.18958277012947292,0.035158514037650607,0.17821671382918092,-0.96133794517557902,-0.20992417220874088,0.073597219724851309,-0.19971912386056753,0.97708531910634133,-32.343693178830421,21.690059861423975,-1.4058152767060106,,0.3045348389489045,0.3,False,3
-0.74443593902409921,-0.66769241153751102,-0.0014057967599976004,0.66049925690989564,-0.73610450017303908,-0.14795572461542555,0.097754101247890468,-0.1110720865034201,0.98899298647108391,10.84781582247007,21.653606334361353,-0.85430770658377486,,0.2075947822468068,0.5,True,5
-0.60442983078748347,0.78076881020151989,0.15831817542757953,-0.79263179170313669,-0.56942500394898155,-0.21792202196927682,-0.079996390141616691,-0.25720658991209006,0.96303963971900164,-13.598589281244402,30.77438900922326,-0.39446492144712186,,0.4833599375412324,0.2,False,2
-0.45145047361272117,0.87833444643867242,0.15722935500128665,-0.8907551057391967,-0.43326751030552729,-0.13723922949799119,-0.052419571482436672,-0.20200956589458982,0.97797971544029316,-1.5500465081366188,31.526178393245807,-0.27174585156905812,,0.221318279283575,0.1935483870967742,False,4
0.94897425529709911,-0.31280901015695883,0.039979819258479918,0.31356569133741441,0.94946104443857826,-0.014152113258962054,-0.033532372409456827,0.02596629080613385,0.99910026110614403,1.1505876721322064,19.154507216944097,-0.89663612353436395,0.2071106683891673,0.1117346420056114,0.2941176470588235,True,4
0.92984354938869296,0.35435709471960153,0.09910612030606944,-0.35810848363977665,0.93341018814038301,0.022444033081309545,-0.084553460044268225,-0.056360181845149918,0.99482372423305432,-9.1060426055281631,-13.92143778090224,-2.3781812600124592,,0.07877742838763621,0.46875,False,5
-0.98945487737574667,0.12121381713730062,0.079285914085365339,-0.13733890619457986,-0.9590473892693655,-0.24772188030307402,0.046011634209439781,-0.25599866341568894,0.96558149000835636,-33.983550352589639,21.954213250406905,-1.4175887491043506,,0.1344048483839242,0.3125,False,1
0.72165449849048491,-0.68604866602456527,-0.092477092592498061,0.69223938575757549,0.7160220969327844,0.090094336725196372,0.0044065422296387866,-0.12903326915913171,0.99163047443878272,12.580965992696678,22.06299216050348,-0.84173813955828369,,0.3868539357534805,0.4615384615384616,False,5
0.66212368774830199,-0.74831504512782965,-0.040209642598817111,0.74893939530512765,0.66263812294991775,0.00070722938301268079,0.026115211708502346,-0.030582858740557689,0.99919101500597773,-10.731427817348596,-16.680774872810883,-2.5570014425328607,0.695485087431352,0.3700193900888863,0.4848484848484849,True,6
0.8082199138887225,-0.5886347517821523,-0.01702056955773832,0.58887080841460215,0.80770038867518557,0.029176242579997499,-0.0034266296617544295,-0.033603736820744447,0.99942936072583088,-14.864489336077293,-21.109183560211619,-2.7263745182629004,0.4305071107837656,0.3671441560426831,0.2631578947368421,True,5
-0.99359880546734303,-0.10397730371135293,0.044160322539401956,0.095938193212075321,-0.98307214464991488,-0.15609298990222797,0.059642911205519011,-0.15085714675258721,0.98675470326550596,-5.5841957791785868,25.070314012041397,-0.57334168727958745,0.347358693041304,0.3368854425454049,0.1851851851851852,True,6
-0.99835597069853121,-7.6757990614861188e-05,0.057317971691304238,-0.0085706487394605069,-0.98855669397945656,-0.15060613124502062,0.056673624824772437,-0.15084978255409739,0.98693081994261522,-0.82339364138943716,20.353815956122322,-0.81633197421443249,,0.1271573279662237,0.72,False,4
0.2281217735757555,0.93092070401582427,0.28521412877929914,-0.97001610494354651,0.242529388866703,-0.015756004763102349,-0.083840399395536433,-0.2730680105223357,0.95833430965324984,-16.769933220864111,-10.96157607019865,-2.4593510402823622,,0.09932666297341808,0.2,False,1
0.079740077282064156,-0.99679274561670939,-0.0067633099111060677,0.99429964899861789,0.080018742793862105,-0.070464237758709469,0.070779432579504559,-0.0011059329061804055,0.99749137782545827,-12.049288799849974,-17.895962072188219,-2.5960665637698419,0.2966138723034275,0.1007772746818445,0.24,True,4
-0.99568885010822383,0.056983110487696977,0.073189062634456015,-0.070685664299356382,-0.97705341770668985,-0.20092325850989853,0.060060391546526606,-0.20523046573748197,0.97686908298935038,9.3659426579859169,21.711533749361099,-0.84128492145905376,,0.1267122498018415,0.3125,False,5
-0.961648969091349,0.26641382756628051,0.065229845370292097,-0.27312763405890872,-0.95193062000279938,-0.13867007685319366,0.025150661202659273,-0.15116800978570799,0.98818807777593576,16.679100636781939,24.218241713720779,-0.87285572572232151,,0.1690049912771875,0.5,False,3
0.081283136975494288,0.98672201982484498,0.14061545873836881,-0.9936926213578362,0.091163261873804968,-0.06530110216160466,-0.077252999310158235,-0.13442066536551189,0.98790842633326992,-23.118649883826972,-13.413884402013352,-2.7478635466152435,,0.1996646088717454,0.3,False,1
-0.19350149928281149,-0.97498444086744762,-0.10937325926246773,0.97771418746454364,-0.18237810857419473,-0.10398650462173843,0.081437935913502013,-0.12705733185963786,0.98854655783875867,5.7167501261517,26.038236623243851,-0.63765623232944435,,0.279856358102249,0.28,False,4
-0.99233930734779063,-0.12143590964184162,0.02271605031616325,0.10987078611505732,-0.95155354657667202,-0.28718331838011968,0.056489905744011755,-0.28248746493750193,0.95760624616917411,-24.581221802513902,26.01971486365747,-0.92930586611615729,,0.2368763191304359,0.4545454545454545,False,4
0.92804988380709708,0.36750709274387106,0.060514047530964711,-0.36640719865550853,0.93000969849373105,-0.028770218647422484,-0.066851910511627616,0.004527415437718136,0.99775263696489302,6.1689492295735322,-17.752515068837049,-3.0287453948076721,0.2059254008671057,0.08500512743702508,0.3333333333333333,True,6
0.77003522334712249,-0.63651823086026937,0.04347754118232719,0.637994222450459,0.7679138416446154,-0.057198810568436231,0.0030210800357498707,0.071783518951932176,0.99741566033539697,-14.575369459767364,-14.320438702470961,-2.4365949463048131,,0.06669830719478673,0.25,False,1
0.98354654027095911,0.16823704995048208,0.065821714843854157,-0.16672469904434575,0.98560949120767072,-0.027871231941356614,-0.069563480717966961,0.016438548151086418,0.99744207665662743,-9.4483927762014019,-12.659057248783132,-2.2808962455004709,0.2359532559698435,0.2256168107682353,0.8026315789473685,True,5
0.51954871438819239,0.81383551493180817,0.26027079746536258,-0.85126458647424963,0.51925921153675736,0.075620599369817076,-0.073605279650320155,-0.26084789795952812,0.96256980886463228,-11.105292620842055,-22.248821768536935,-2.8230624816073711,,0.5657911201032192,0.4210526315789473,False,5
-0.99741511305818742,0.035534533719273377,0.062453095651679169,-0.048681627602988178,-0.97346589224546887,-0.22359395288929027,0.05285065162368334,-0.22605630614536726,0.97267947190987059,-13.826672540510668,26.853599850286745,-0.52923580024567352,,0.2151716537210977,0.25,False,4
-0.78484917789947295,-0.61457632045756594,-0.079421119882316329,0.61323359877710493,-0.75182287803638836,-0.24229509568285373,0.08919821344288606,-0.23886880582010248,0.96694641647025903,2.2853941820248926,22.59716111100192,-0.77869121082029435,,0.107354925918708,0.2631578947368421,False,3
0.92356951648610963,0.37202626709894737,0.09282135964333374,-0.37371156738041167,0.92754458889778657,0.00083666750433612769,-0.085784687582868419,-0.035461136401130473,0.99568242687186703,-6.4804987525830464,-14.614298436911389,-2.4566217089792812,,0.1905633741031868,0.2941176470588235,False,6
0.55910166114879678,-0.82149444941355554,-0.11203661046004507,0.82859354226312332,0.55835399999002466,0.040909074971084647,0.02894951157630141,-0.11570514369663645,0.99286164469256988,-6.8803492268343565,-11.87472433801574,-2.2494695594115091,,0.0853698360013028,0.4444444444444444,False,5
-0.49475066905288351,0.84713204337261105,0.19387902558830261,-0.86831144818482209,-0.47277783364941567,-0.15005448664049886,-0.035454258177296624,-0.24258693514101484,0.96948160089606017,-18.299677756606552,-12.499934935702614,-2.551064541125986,,0.2946745579371539,0.1,False,1
0.91310814168794896,0.39822493921117025,0.087466675788220538,-0.39959828141452597,0.91668825716763547,-0.001962819788361686,-0.080961318379453279,-0.033159266596595141,0.99616551233469119,3.8269729850977718,-13.223646768523658,-2.6762276589243625,,0.08615556453473854,0.3333333333333333,False,5
0.23354193299385181,-0.94051011839878007,-0.24677698985725469,0.97063131799875102,0.24056563910748655,0.0017371818595648542,0.057732227165612673,-0.23993517972635608,0.96907074018163331,-12.502923172552705,29.823693800749538,-0.40221456513491421,,0.2658706235101991,0.3333333333333333,False,1
0.49760202748787774,-0.86655610405556704,-0.038376304720371845,0.8668187382384277,0.49840552516759568,-0.014737961906341079,0.031898233159426886,-0.025931660310331672,0.9991546685648105,-4.8110351522759114,-19.487483076305892,-2.8195012267235287,0.5233938193997687,0.4649476838922867,0.9396551724137931,True,5
0.48200816903487909,-0.87616003235230078,-0.0034238417106570787,0.87572066587935238,0.48188377789715131,-0.030022324217045114,0.027954254335750765,0.011472676583307299,0.99954336442024749,3.6228295957292742,25.990070188454858,-0.63115162589201779,,0.1351624077508911,0.4090909090909091,False,3
-0.7771922429102297,-0.6280817970750544,-0.038541844054724245,0.62089293767771558,-0.75545765813776133,-0.20922640058784903,0.10229456242686853,-0.18653949432755845,0.97710738383962481,15.973221669166891,20.579256417580563,-1.0462369842929384,,0.2869372493254206,0.2941176470588235,False,4
0.50289901494503075,-0.85177350563030807,-0.14688252405774407,0.86365029257826897,0.50199881431839932,0.045884229887746542,0.034651881576448454,-0.14993026888916439,0.98808914657232949,-8.1396967984608271,24.472977889692071,-0.54787097152071129,,0.4773261962671968,0.4137931034482759,False,1
0.46237130651819863,0.84948228744912235,0.2541507785131914,-0.87540397935209435,0.48291357469456386,-0.021502379176182654,-0.14099875121139363,-0.21254251971293917,0.96692555528898005,-14.976352674744426,-9.0109552000684623,-2.3000803395455396,,0.2412220442003702,0.2285714285714286,False,2
0.91016163933750349,-0.41421969622430216,0.005275750024186468,0.41414179538229973,0.91013833558490798,0.011609626017293651,-0.0096105981081362202,-0.0083817276609904623,0.99991868821690866,-0.10916206855117676,23.642225963200371,-0.65648612505675696,,0.2572082571437309,0.6666666666666666,False,5
-0.98892815110600107,-0.14380452246858644,0.036624735734874458,0.13356068879382249,-0.97009751367793795,-0.20266315986089847,0.064673444001284511,-0.1955276790468965,0.97856337166662211,-12.99691649241859,27.356516268246125,-0.46074403186528962,,0.1596023353700389,0.3333333333333333,False,3
0.61605314812076495,0.77811665538065689,0.12252750429889156,-0.78231517237886872,0.62255565455072737,-0.020184847107089995,-0.091986356359602256,-0.08342018704208079,0.99225983625134628,9.2426283394293023,-12.677402598059638,-2.8016522383836486,,0.0741575499053112,0.25,False,4
-0.65341857275064841,-0.74761290645437073,-0.11882386497397579,0.75231246755830605,-0.62389009736870538,-0.21162962354453019,0.084084005261630818,-0.2276754016316106,0.97009988740904729,13.702884027170342,22.221316183873853,-0.86521021881637006,,0.2121398358209524,0.1875,False,4
-0.82236769921839192,0.53845111707170312,0.18379815506822358,-0.56870510172543698,-0.78753174973930706,-0.23741998741471865,0.016907825221129658,-0.2997734772737235,0.95386057040298666,-25.227240850979374,20.787250017289704,-1.1053429201786891,,0.4379676493007917,0.3461538461538461,False,2
0.29716670022649216,0.94888268835054768,0.10636538922570682,-0.95075698276636356,0.30433155686197016,-0.058681029464132478,-0.08805175749239251,-0.083689588639253049,0.99259404630286485,19.657924941777761,-11.846670598216489,-3.1665509924207029,,0.1461657640147467,0.4736842105263158,False,4
-0.91665198878156429,0.3756469907881273,0.13652278115621932,-0.39805542661835375,-0.88882951613383365,-0.22701094376478209,0.036069499615114443,-0.26243366697343024,0.964275666827902,-16.110526763775784,27.159192985135608,-0.58089237364057045,,0.1849734899699145,0.2758620689655172,False,2
0.64196466203035385,0.76269151001345192,0.078632266008643648,-0.76167909042481829,0.64612664506613282,-0.048634573558370225,-0.087899578576206339,-0.028670875274116554,0.99571664895046352,1.972007680695768,-14.216127708624965,-2.6673072425679867,0.6469700028624491,0.5957896432741168,0.9956521739130435,True,4
-0.99489437672442727,-0.085619190413907365,0.053427833523175351,0.079623337064061092,-0.99120164821870482,-0.10573276106914814,0.062010510051893557,-0.10093882702602464,0.9929582316702521,1.3746275116633095,-26.035264884571859,-3.3953835954017815,,0.1154977918873813,0.5,False,2
0.46488931054952815,-0.88070954589262107,-0.090711767210199995,0.88460023754492567,0.46630954347253223,0.006150561104459884,0.036882904878081268,-0.083102980933607934,0.99585819567230682,13.370279052505863,-11.118934101559935,-2.8608245225496765,,0.09432790346477363,0.2692307692307692,False,4
-0.3733989950089785,0.92120932081524332,0.10930040150614234,-0.92627582999840152,-0.36378146224600283,-0.098367344616661148,-0.050855454840733699,-0.1379725877458236,0.98912956064595692,3.6375258393223486,-15.979885140358601,-2.8500622154063886,,0.08404757270652063,0.3,False,3
-0.96902969010155848,-0.24504117484127463,0.030598730922795286,0.23508012454340571,-0.95331016848436734,-0.18957071954540955,0.075622713164330738,-0.17650650213721672,0.98139016703701987,-7.3256676477263216,21.290774051728459,-0.75184913644793616,,0.1243307584921711,0.1363636363636364,False,4
-0.98878054348815969,-0.13895644200650475,0.054810072469863219,0.12897569396929467,-0.97929818123740364,-0.15601391793763528,0.075354543223335985,-0.14719435943678427,0.98623299142017984,-16.030492605320916,25.713885731498987,-0.6465702031554923,,0.1177549832128996,0.2666666666666667,False,2
-0.99276539544104325,0.11210460819131753,0.043004958284596204,-0.11829052207965181,-0.97460361584101307,-0.1901450614024614,0.020596650235222447,-0.19385651604187457,0.98081365670915988,-31.558687338335233,24.216957383597144,-1.1972462709394331,,0.15653467757652,0.2352941176470588,False,2
-0.27488869025283852,0.93620729507621503,0.21897969909824366,-0.95992409486825125,-0.2542969359089633,-0.11780832092294095,-0.054607142961787043,-0.24258806449079667,0.96859129198241378,-18.262292402816449,33.042973560335149,-0.35136345995239232,,0.2863485779888279,0.2380952380952381,False,1
-0.46901100093213755,-0.88317746400664576,-0.0051232875601551486,0.88038915290579034,-0.46705272987504859,-0.082320635092843736,0.070310884295808909,-0.043119770257441674,0.99659272772907892,25.171856276554266,23.862639096027117,-1.1089915821954357,,0.3152944785259076,0.75,True,4
-0.066663422186046747,0.96349152179926745,0.2593069138364395,-0.99726083701665147,-0.055993338624422559,-0.048327724781334999,-0.032043893260566864,-0.26181832145712125,0.96458506906030983,7.9999129481764335,-14.343526316842903,-2.870054398229402,,0.4296654496835129,0.2549019607843137,False,3
-0.83405946487870231,-0.54758862752119508,-0.067018684377622317,0.54064747793801338,-0.78716637071191209,-0.29676490597694111,0.10975023300894962,-0.28375306135739098,0.95259597234335958,-17.10777059671755,25.314288077550753,-0.70852477045539164,,0.4107861258112901,0.15,False,3
-0.14061126003374247,-0.97819462547064584,-0.15285204693449927,0.9880138513483846,-0.12870527033457393,-0.085226656228180195,0.06369539304734248,-0.16300376709894568,0.98456724951427121,4.9078688799817831,21.544430280415977,-0.81266699755777105,,0.3269160102087365,0.2857142857142857,False,3
0.67055389384362674,-0.72813932530768188,-0.14202323187290061,0.74143201360548228,0.66427903704014357,0.094931186392771427,0.025219925695169121,-0.16895704746915097,0.985300701034175,-3.0443843416488101,-22.033169871520272,-3.0447138897461334,,0.182580255294687,0.1875,False,3
0.99307328340983747,0.094532150890828601,0.06977912456859682,-0.099144205927952311,0.99288943056080126,0.065886304430927009,-0.063054581185841813,-0.072348124568661937,0.99538428190467054,12.235028424165529,-10.031702526117444,-2.7312099452700571,,0.1142675249255556,0.1666666666666667,False,4
0.9913062403896804,-0.12433851914036825,0.043033364061594269,0.12282596151373815,0.99176856315876205,0.036178727288706608,-0.047177547018716279,-0.030578583812615252,0.9984183638481976,-25.612216011886641,23.233385120807309,-1.0415615814328345,,0.7297488718250891,0.1363636363636364,False,1
-0.21045828036956168,-0.97477015511403353,-0.074367041912724058,0.97406149554681276,-0.20261921325850549,-0.10074550764976618,0.083135522594086242,-0.093640798359828914,0.99212896629699321,-7.0060798949909735,23.444316132300845,-0.64526707785513393,,0.0805155515563617,0.1666666666666667,False,1
0.45488555231262395,0.87702201788661138,0.15463348421133205,-0.88501632196907665,0.46451878989068324,-0.031119185188938935,-0.099122369551818371,-0.122697489707787,0.9874816868549211,14.343034341807087,-15.384137013561091,-3.2034009723522621,,0.4645293306280583,0.3333333333333333,False,2
0.82664096584018287,-0.562684991195191,0.0070932558446411206,0.56232461869801675,0.82645847573040143,0.027521102803333253,-0.021347992901903409,-0.01876135861416903,0.99959605572551702,2.1578021103493583,-24.791716057965743,-3.3531021939929593,0.218744617078683,0.1537618398214996,0.24,True,4
-0.54011915401965682,-0.84030020247068282,-0.046549642198619567,0.83461758883261539,-0.52772089805693767,-0.15787379188836356,0.1080961603033217,-0.12412180904945116,0.98636149389864669,26.205258362193113,26.523937482442712,-0.9696694908003306,,0.4238566886079869,0.3076923076923077,False,4
0.791720536976116,0.59179249239262166,0.15152635836045067,-0.60471158903218813,0.79439938800251664,0.057039516402168283,-0.086616888771283027,-0.13678910149919157,0.98680608849491169,6.5754063655555477,-10.913859235089127,-2.6218644555905835,0.3614139010404478,0.2411620245773479,0.6380368098159509,True,5
0.22446684371162073,0.94902383741528973,0.22128802970721306,-0.97397907382946647,0.2257827279727182,0.019670370903774839,-0.031295364136520079,-0.21994525629518616,0.97501009452046561,-28.522359143923939,25.283510825999056,-1.1109334681384673,,0.6172201506472129,0.16,False,2
-0.94485568343155735,0.3050999404286745,0.11900320935800258,-0.32613910405846358,-0.909577607087389,-0.25749147847865245,0.029682019658843387,-0.28210388695585004,0.95892459279829367,25.457387080165248,21.588432424205443,-1.2571777886552824,,0.5715197314110254,0.3214285714285715,False,1
-0.88839267981742254,-0.45276167618175628,-0.075929645250752686,0.45849833476026203,-0.8666847700855046,-0.19656242347891117,0.023188865191837479,-0.20943823405224449,0.97754688002580836,4.0169233280950376,18.513803691577994,-0.94885200721731966,,0.621995941564027,0.2142857142857143,False,2
-0.98726347619161181,-0.15069724676560078,0.051001650907809795,0.12549451293342503,-0.93469946435525764,-0.33254779890655789,0.097785253497942592,-0.32191186860888132,0.94170631995706644,7.8239919441245176,21.698197866267027,-0.84313225933260494,,0.3224599931785636,0.4,False,2
0.91063197808120255,-0.41276864835914845,-0.019272867655806436,0.41266292452543257,0.90600083282522237,0.094190241756357415,-0.021417544631302132,-0.093725844097375097,0.99536764812314504,-18.081036614090898,-10.173728041467395,-2.4615584571694988,,0.3660284403972275,0.303030303030303,False,1
-0.14693587301128186,0.95897326230209856,0.24244614126045094,-0.98691064670947992,-0.12566275732461799,-0.10107545118895093,-0.066462204551822751,-0.25412428772402723,0.96488528942816132,-23.041583898035324,25.735952504664809,-0.80284982379418024,,0.4174649909418753,0.6578947368421053,False,4
