axis_00,axis_01,axis_02,axis_10,axis_11,axis_12,axis_20,axis_21,axis_22,location_x,location_y,location_z,dbh,dbh_approximation,score,reconstructed,number_clusters
-0.75903546125589483,0.6331980787534871,0.15141123346352031,-0.6472841139884119,-0.75892964071404412,-0.07105685205445833,0.069917410809385891,-0.15194075657487494,0.98591356728527024,6.3012415862743811,5.1488677173575725,-2.4227437007407837,,0.2364580664244947,0.4210526315789473,False,2
-0.41120065732623051,0.90424152014368653,0.11515768607744498,-0.91009731310282505,-0.41437512588990116,0.0040169300153070145,0.05135075556888296,-0.10315293641949352,0.9933391020243495,3.8691153104515572,-8.1457451005858346,-2.0105274659598118,,0.09496306117002463,0.3275862068965517,False,5
-0.99256385238283917,0.078301061148268181,0.093198405383316682,-0.082586571439803039,-0.9956538643384667,-0.043044635504287325,0.089422911833356059,-0.05042148600481558,0.99471665140798271,-9.3964810753077437,12.079887765200507,-1.9720120106385464,0.1535608035100556,0.1205746357551883,0.3157894736842105,True,5
-0.98475063919178407,0.11955182928629002,0.12638646575354903,-0.14256753047763088,-0.97089888313250983,-0.19243143710307353,0.099702948125323848,-0.20751558699612452,0.97313750482075856,-22.50816059437922,11.988329515737513,-1.6333904643844144,,0.2853239860270699,0.32,False,5
0.479999774166043,-0.87641402829752391,0.038712631063446246,0.87488047382930212,0.48148067283921947,0.052540633746732179,-0.06468673212308293,0.0086494326749945866,0.99786813457572487,-11.014649133062971,18.041110312738148,-2.0571687888090722,0.3000272055103052,0.3311994821842711,0.9180327868852459,True,5
-0.91543056545717238,0.37590601550250058,0.14381080396060475,-0.39378109178893739,-0.91039669391644873,-0.12694215791261942,0.08320655969497906,-0.17283670679295465,0.98142964149687884,-0.60009954981490965,26.221947761709288,-2.8362182848032158,,0.3313546468466996,0.32,False,1
-0.22915698349975031,0.95241615357524978,0.20097399663195464,-0.97261791958758437,-0.23226076335339027,-0.0083258815520831433,0.038748669788961312,-0.19737884439682557,0.97956119378738105,-23.484526727550939,9.7507552435929874,-1.524029218232609,,0.5174945391540926,0.6666666666666666,False,1
-0.49952425146358653,-0.86530253495623988,0.041557733312200924,0.86625232321098633,-0.49942451823231554,0.013493076742824687,0.0090793574283476938,0.042739602088976897,0.99904498981875856,-16.045334053800808,-9.584137528709654,-0.99015964195199724,,0.07579951826505642,0.4390243902439024,False,2
0.13733869182906089,-0.99029776037198203,-0.021176154724593096,0.98982860373938997,0.13640985399891256,0.040394145012932398,-0.037113595164207855,-0.026508442697242743,0.99895940033604713,-16.49691244234209,-23.621811421062851,-0.6561022279895532,0.2078966891398909,0.2754693883590708,0.6206896551724138,True,4
0.63893181774544139,-0.76871490729926262,-0.029043477209069954,0.76637128279701505,0.63280513584356901,0.11060161370460092,-0.066642247685425982,-0.09292497697546051,0.99344036533530611,-6.9670900025388862,-12.796725013471907,-1.3324723024921963,0.3710727330081542,0.280618060731249,0.717948717948718,True,8
0.63154790343625322,0.76520284736886757,0.12494738110040884,-0.77450274497608396,0.63009586452408628,0.055899011924685181,-0.035954745024607174,-0.13207499342503248,0.9905874279547433,-18.404716158674322,-2.3279215971122889,-1.1494824148087206,,0.2789259144186569,0.7023809523809523,True,1
-0.010501284792460364,-0.99870865619945726,0.049706569485145,0.99975205960844926,-0.0095101724341971981,0.020133949660596836,-0.019635231762606044,0.049905677558227168,0.99856090501335104,-23.06725158865973,1.5505031549381598,-1.1069657853521448,,0.158544833703929,0.7407407407407407,False,1
0.84370724382979323,-0.53670207826370864,-0.010438673122095496,0.53219489039447088,0.83376280074741072,0.14699724734786968,-0.070190350812281005,-0.12957805090851479,0.98908181834244591,-9.8858794177744027,-5.0045397965260854,-1.4509705390815215,0.4200351580867139,0.3355972961994537,0.9363449691991786,True,4
0.99627614594214953,0.022389382983261014,0.0832619754527094,-0.026391373958709143,0.9985330110015721,0.047279184856640746,-0.08208127927384104,-0.049300522002973732,0.99540550637567116,-4.7649568127429074,9.7856838117759324,-1.9862194944826919,0.6595632352745022,0.2812912014336996,0.2318840579710145,True,4
-0.50161899491175388,0.8533049875422517,0.14229891840502559,-0.86321554600651551,-0.50453357529696863,-0.017458308358259927,0.056897320467625356,-0.13159205763866053,0.98966975567106652,-21.091533470931221,5.0631323039028944,-1.5022731744634699,0.4621998703593021,0.3941674402672196,0.7508650519031141,True,5
0.66276863319595247,0.71170630462252193,0.23283443648249552,-0.74874376536742582,0.63440694435692013,0.19212132306207755,-0.010977826514224451,-0.30166531937275787,0.95335068176026072,13.584375967579861,9.3431977983142076,-3.0080342370084767,0.4312833159658687,0.2000220006097483,0.1818181818181818,True,5
0.991307781567488,0.094971147844989279,0.091045940495727437,-0.10504822840110675,0.98800776619486064,0.11316149366472464,-0.079207019345101437,-0.12174208399583022,0.98939633770841173,-9.7372510327717734,10.970440546443362,-1.9271224860262832,,0.06588583627121226,0.1578947368421053,False,1
0.99474778130870389,0.057912994552911212,0.084397491925568779,-0.06426591370964789,0.99513985449123243,0.074609398457794351,-0.07966645414775321,-0.079641415514067226,0.99363499385762399,10.211359891927914,-7.1246592082935534,-2.3940799182654366,,0.08187006200097628,0.1666666666666667,False,5
-0.432606765447899,0.88157399671677916,0.18888799538750684,-0.89739438485979584,-0.44121183887030047,0.0039282646037120811,0.086802675712302185,-0.16780763258413628,0.98199078098304582,-11.617187383296667,9.0083979063318029,-1.8494511458809868,0.7936010573928794,0.839842811180042,0.2930513595166163,True,2
0.59345682090301377,-0.78819410204915363,-0.16296950395278698,0.80222431441052267,0.56286579219977095,0.1990433353315107,-0.065154824013699458,-0.2488617235861183,0.96634501677273177,-17.080004731681505,-7.381838242124334,-0.99668761857129673,,0.7999899666216864,0.6324786324786325,False,1
-0.99052216521650671,0.10158956410480649,0.092441336423703863,-0.11691854683099219,-0.97682033152970349,-0.17931004800939337,0.07208254727556497,-0.1884186837211142,0.97943989402263476,-11.871720685029182,12.53027857288602,-1.9236569125006271,,0.4023508193435543,0.4675324675324675,False,4
-0.23177602726472657,-0.97275021706681697,-0.006073580644147869,0.97276917033814336,-0.23177073697234413,-0.0015705804457050374,0.00012010420752536083,-0.0062722149003947153,0.99998032225400413,-22.244238883731441,26.726027505817125,-1.9415458874452178,0.4161076408087718,0.3975037619422122,0.86,True,2
-0.96680552027969946,0.23751761131746796,0.094193791041368796,-0.24131163617353935,-0.96995218495173341,-0.031007308083893528,0.083998691679991369,-0.052708094458102733,0.99507089022574013,-5.8303226733169291,7.6433500982827836,-1.8995997336948083,0.5237945387961478,0.459156460812212,0.9933962264150943,True,5
-0.90570528307379705,-0.41721919002582897,0.0750072508921866,0.41531562378296893,-0.90879094826019846,-0.040149034883694285,0.084916858479194557,-0.0052115098119419542,0.99637441120871006,10.87180152609017,4.4989692138703683,-2.7092992097750632,,0.1384055735259818,0.1851851851851852,False,5
-0.8848670399230002,0.43785898043514609,0.15902778030961245,-0.4545947898472027,-0.88619337107693819,-0.089470029077173954,0.10175410901622386,-0.15146228016105906,0.98321171625786052,-5.7719657783812437,-18.892656700472084,-1.2038483550009702,0.579441747048604,0.6816841325094313,0.7731958762886598,True,5
-0.91677200912173851,0.36607773347763356,0.15973783629049573,-0.3899526493517827,-0.90688330320306543,-0.15968595941729644,0.086406102529949971,-0.20868581030672739,0.97415820995473212,-12.450541337720903,-15.098166495381745,-0.99361219298864045,,0.1071889876200655,0.1578947368421053,False,2
0.603837155339075,0.78149362770860864,0.15699808815031388,-0.79637850780331765,0.59989017034314074,0.076896396759798286,-0.034087565782503916,-0.17146280464438196,0.98460070306825775,13.129132137249993,-6.0674056989682468,-2.5831481809857677,,0.2236340064671097,0.3947368421052632,True,5
0.55073247333971509,-0.82439599588226364,-0.13063301566760555,0.83317598752299005,0.53356766720273174,0.14533863330487093,-0.050115033914113968,-0.18888299682376869,0.98071998903186497,-8.0019262767979882,2.6292150135666339,-1.7337861123150424,,0.2272314884896857,0.3709677419354839,False,5
0.84992980070558777,-0.52337018281622438,0.060852161929313427,0.52056983251625,0.85194901313840365,0.056479451896271946,-0.081402600367328923,-0.016325769550364813,0.99654758336068661,-5.5073438944306616,11.119043590612227,-1.9766786150475035,0.3081962519587184,0.2936666443883724,0.9108910891089109,True,5
0.45863366670983452,0.87511004151753824,0.15439421943669274,-0.88845609245702839,0.45496386712055065,0.060445441438567303,-0.017347378369126022,-0.16489479934154158,0.98615859455456334,-5.9765395303571562,-9.782487156622123,-1.4535605864963732,,0.09646772358522886,0.1481481481481481,False,5
0.83776278263521842,0.53673764806560553,0.10033053961928995,-0.54327731281370695,0.83778240479864063,0.054501409080174562,-0.054802202631039659,-0.10016655808606437,0.99346030581396527,-12.275559537200332,-11.479400832189306,-1.1126618387085605,0.3263459433847165,0.2356864946602529,0.8034682080924855,True,5
-0.99539057545838772,-0.05184379563505067,0.080683475029108997,0.050649567244503133,-0.99857551720845994,-0.016779683245022388,0.081438465276344102,-0.012615755467265245,0.99659852452601283,4.4472789852780492,9.1263427283526806,-2.4310646566956566,,0.08360729671041409,0.3023255813953488,False,5
0.72870281536095372,0.66200661411041251,0.17532669437107173,-0.68308166517902302,0.72090111952366565,0.11705133303717044,-0.048904453593441713,-0.20505808626726402,0.9775272557198259,-16.500949673380642,-25.513191531677663,-0.63500454255709315,,0.1928286825631036,0.4482758620689655,False,3
0.30208520758507051,-0.953221500146884,-0.010644201050743984,0.95247438914325688,0.30135159097985076,0.044494456284937298,-0.039205425446796796,-0.02357944595694543,0.99895292398786184,8.6885705190242124,11.012086910944374,-2.7164214302563296,,0.08797336206711893,0.2380952380952381,False,5
0.16897998207562678,-0.97156913544296275,-0.16582876925410922,0.98430472530822499,0.15766153480250103,0.079290908555882195,-0.050891781199112848,-0.17662461747540034,0.9829617343050786,1.7563234348874444,-30.691860284417249,-1.3367553496225544,,0.3633927164725314,0.3076923076923077,False,5
0.27199684379694922,0.94924122612185136,0.15798358014421324,-0.96229464522349484,0.26874796491264491,0.041994608338461352,-0.0025947521436630906,-0.16344915413056371,0.9865483471555343,-14.213261158923132,-8.8890431002450043,-1.1009831780037218,,0.0669561173142944,0.1470588235294118,False,1
0.042000687689572075,0.96525793021358175,0.25790128032523496,-0.99900482406652513,0.036694753245816385,0.025354616464070858,0.015010120766153594,-0.25870953450543915,0.96583853362276073,1.7762656771020902,-8.8989899613038776,-1.8955504438161166,,0.1307898571880894,0.2631578947368421,False,4
-0.9436670527955392,-0.32147638068006301,0.078392793884564965,0.3229804022670803,-0.94637991343049732,0.0069799145180555015,0.071945487833328672,0.031906051465695334,0.99689811448326671,0.20198674076874243,-3.3243183387089057,-1.9256273232911307,0.5190546751401686,0.4198251586045306,0.9486887115165337,True,5
-0.16240798142028817,0.97980139175556313,0.11667424859346708,-0.98595614475856252,-0.16580616869651549,0.0199698531546099,0.038911800058868559,-0.11179242879571707,0.99296944800942089,4.3779049679783153,3.1257620932317156,-2.2920961044874559,0.5483759272176063,0.4500854012705949,0.9646643109540636,True,5
-0.36081402594903061,0.89595048741560479,0.25900958047569184,-0.93092026634976721,-0.36282890133031481,-0.041745012381324442,0.056574697327802848,-0.25617945362416999,0.96497222300079233,12.443826018868622,28.165504715743769,-3.5384976764105276,,0.22990345372111,0.8,False,5
0.94438771709222213,0.29127700855178579,0.15260912192416567,-0.31930252755212218,0.92320723588361131,0.21385578203773059,-0.078598573168781119,-0.25069125214348015,0.96487105894754988,-9.4614573468473182,24.992973856973276,-2.3220455633219022,0.6267359001891827,0.3817573507250167,0.5,True,4
0.48169580224303304,0.86336956535493847,0.15020701621517685,-0.87610970493284779,0.47835967985254391,0.060031671756259869,-0.020023461836565445,-0.16051482894174396,0.98683030489840717,3.673783660291277,-6.2775348075082356,-2.0289377762470613,,0.0725771560340299,0.2857142857142857,False,8
-0.72541782844267377,0.65349965097786844,0.21611844055822732,-0.68269984354856805,-0.72312198878838219,-0.10495481384622646,0.087692062333352833,-0.22368011870199689,0.97070969228764992,2.8408225356000596,17.466215504448208,-2.5985249567673145,,0.3550106621479632,0.5,False,4
-0.57711547231301552,-0.81550058005805548,0.043549231243517693,0.81609326334790555,-0.57788338135743678,-0.0065255704013350915,0.030487983454019353,0.031774226597536509,0.99902997021562745,2.3780835026552682,-6.6799080820471293,-1.9649402593787886,,0.09425708451975968,0.5384615384615384,False,5
0.19639779844663777,0.93078772662790399,0.30832144382798643,-0.98050240009673539,0.18432981533873102,0.068099651847370407,0.0065534853213819674,-0.31568453737243718,0.9488415698598448,-15.952850871818065,7.110209871977081,-1.7596408744521166,,0.09324886423743972,0.3939393939393939,False,3
0.16143776886204753,-0.98562594344419852,-0.049793035603166502,0.98523580772301844,0.15804924371648996,0.065809115941619645,-0.056993420367758757,-0.059681958499865601,0.99658908977793093,-17.030501979944237,11.779623189142454,-1.8649265130991386,0.2735882560788256,0.2232026100590246,0.45,True,5
0.94690997770263519,0.30009670591184556,0.11534063129727277,-0.31349530072224097,0.94142243900102496,0.1242758535292858,-0.071289484163274824,-0.15383679158842367,0.98552120778880903,-20.173547913178062,13.795511430141767,-1.8163851620773863,,0.05852950798802778,0.3333333333333333,False,1
0.38778286076245172,-0.92169159409402557,-0.010443097016851713,0.92035555203235786,0.3865479151754414,0.059383222518938919,-0.050696259646082154,-0.032639158229559401,0.99818063225448483,-3.3660399952161693,27.481613764429042,-2.737949300051735,,0.8751688416629562,0.5757575757575758,False,1
-0.86041789991498308,-0.50462182335453354,0.070977833865466189,0.5059616673429036,-0.86255533004345286,0.0010458456946763825,0.060694552354201514,0.036811927523207465,0.99747734475853977,0.62936391619007837,-8.1764909663676768,-1.8576365782384638,,0.08806324008848414,0.4430379746835443,False,5
-0.7460911804354432,0.64733422778294669,0.15590493262594698,-0.66302825920387565,-0.74379351349035283,-0.084644768218436958,0.061167621937781511,-0.16652209111805738,0.98413866665025607,3.8139019309063,-16.756492138010902,-1.7960266072217144,,0.1152811375121207,0.3333333333333333,False,4
0.30678509567415552,-0.95177854616389079,-0.00071002419003277084,0.95095407736346516,0.3064881265771468,0.041849384858470749,-0.03961373269462079,-0.013513967936248872,0.99912367845658523,-3.4083930835770007,-8.3907111998407995,-1.6401559061715862,,0.1158718929276677,0.3829787234042553,False,5
-0.054921327764605579,0.99071974984699229,0.12433030611916339,-0.99818438665241793,-0.057561179680598644,0.017738118195394365,0.024730103111566488,-0.12313036935252787,0.99208232226121273,0.13107165836740522,-15.896610292924727,-1.6163938606083104,,0.1236455478764265,0.2424242424242424,True,5
0.86122146972089164,-0.5064246337768783,-0.042798018595975679,0.50490175190145714,0.8429215271021353,0.18589653056107117,-0.058067211217917303,-0.18170687783283967,0.98163680123027919,-19.201379748997983,-30.66377273075339,-0.23178724620051946,,0.474849489849361,0.3571428571428572,False,2
0.33274039807040262,-0.94293931980110868,-0.012217473755772243,0.94186539986404483,0.33166516358387577,0.053738141052931641,-0.046619695740037465,-0.02938806624982479,0.99848031804898529,-11.75199084288419,-32.042213767197943,-0.60675723621571487,,0.7386883771423207,0.7714285714285715,False,1
0.70459231404412603,0.66677926931382525,0.24280666589545188,-0.70817184793573518,0.68250936472684043,0.18075840464955265,-0.045191866317185567,-0.2993098278932495,0.95308515996488141,5.54085984701097,4.2077466896738569,-2.3674277061154583,,0.4456639851529725,0.3260869565217391,False,2
-0.8702831136796001,0.4605595427622593,0.17462018673326257,-0.48573208536862078,-0.8612798064315903,-0.14920266846344815,0.08168012786223787,-0.21466719032908022,0.97326581883297814,-18.228113489454326,-16.150856191526039,-0.73583924667519318,,0.1704566815837135,0.5476190476190477,False,2
0.95093541022963446,0.27907572260702046,0.13356117183809962,-0.29863707218221353,0.94077232481170503,0.16050960091787403,-0.080856321273184414,-0.19252058050958898,0.97795607334400181,-14.630558622292339,9.4979862898911964,-1.8500120247912888,0.5135020478293547,0.3919269936989582,0.4463519313304721,True,6
-0.85866117105351736,0.50174654904002747,0.10464890755007987,-0.50633114159482784,-0.86207758416412228,-0.021237088619425082,0.079559841479733606,-0.071222464210206393,0.99428245092405476,-8.092917715334087,7.9440109058747703,-1.8457446331270366,,0.08017348669978919,0.3529411764705883,False,5
0.94652094352007676,-0.31315263383810144,0.077675809607141391,0.30993152054600148,0.94939807597361936,0.050850230182710426,-0.089669147703702615,-0.024056626069569105,0.99568103461512303,3.8693821344845336,-12.942961113303026,-1.9115868955658337,,0.1258229911250949,0.4864864864864865,False,7
0.041318373920730275,-0.99751697034700149,-0.0570323228203726,0.99894460279693331,0.040096566972318712,0.022404148274663777,-0.02006171775859358,-0.057897834042171595,0.99812091867358466,4.0902918023431862,-21.483316220006881,-1.7219237785802295,,0.423170763325427,0.9310344827586207,False,7
0.48381622482086362,-0.86326071874413479,-0.14388464849819016,0.8741747767478304,0.46885328439190233,0.12647156760635014,-0.041717146330604395,-0.1869693268648262,0.98147957213267834,-9.6978628977156216,-36.868467035585269,-0.5411874029612509,,0.1848055174809763,0.4,False,2
-0.30626740759508181,-0.95180031516909436,-0.016626337209441747,0.95181450737049877,-0.30588878757192317,-0.021936116265988494,0.015792992244795669,-0.022543506421869142,0.9996211140798118,-1.3289667146239885,20.000012096524678,-2.514498619664042,0.1951613769849565,0.1929243375560378,0.3703703703703703,True,5
0.4813197920797751,0.85391312874745395,0.19789801996234435,-0.87652189958974969,0.47052149861270753,0.10158188265054453,-0.0063731696869865767,-0.22235531901887645,0.97494486757567733,-31.223701237909978,1.7212823459110203,-0.46796222025597917,,0.4156635056403159,0.4838709677419355,False,3
-0.78421755506030733,0.60209889023382435,0.14993249385783619,-0.61549031766033357,-0.78545258448475341,-0.065083841255732439,0.078577956206651006,-0.14332188913566934,0.98655174263338419,-9.8961465549365997,6.1519703734070745,-1.7880266574841086,,0.0784116697086588,0.3567251461988304,False,5
0.52940078427428672,0.82375439440258302,0.20288791810308315,-0.84794236208973883,0.52138756805540809,0.095649121537738649,-0.026991854020132398,-0.22267398047302323,0.97451923441092481,-0.15871699963987684,-8.855793725212779,-1.8090306161326175,,0.1837006212925392,0.4090909090909091,False,2
0.34232949452196887,-0.93882271404977835,-0.037715099954038656,0.93887477815329923,0.34024197404636236,0.052436152076876345,-0.03639599054742193,-0.053360197537531656,0.99791183036921105,22.380177312807248,17.900869391972957,-3.736939560633751,,0.3400143006618593,0.2222222222222222,False,5
0.25020032281155075,0.88797975754903669,0.38586493575880954,-0.9681938490879286,0.22975322712133467,0.099066266789630666,-0.00068487465840859699,-0.39837846931088877,0.91722087096632077,4.1248006802101003,6.003185405248332,-2.3157826641327039,,0.5024342619768136,0.1585365853658537,False,1
0.69900050271034031,-0.7135737218935656,-0.047019577131836424,0.7133534494798206,0.69114356555796075,0.1159630454199567,-0.050250903732506125,-0.11459980458444978,0.99213997574096024,-21.27115125566274,6.3893220568407081,-1.6026773546488347,,0.2948579289773729,0.6521739130434783,False,2
-0.16658030781952129,0.97612025884764586,0.13942826583572929,-0.98537305856515833,-0.16994957014560691,0.012533118577172382,0.035929604794647324,-0.13530108600646451,0.99015285669676889,-13.728887427357353,11.276539393692392,-1.8530097516756039,,0.07666743618415124,0.3333333333333333,False,5
0.689839700811405,-0.72285455548981492,0.040030972909153743,0.71908590519087312,0.69055190677284273,0.077804402241864634,-0.083884731270081919,-0.024886857174287971,0.99616464311866271,7.5557821375674363,-6.6242246459842198,-2.2498443774818111,,0.1776941863256339,0.3111111111111111,True,5
-0.11449296474791817,0.96539636493437853,0.23431009281446222,-0.99320999860725701,-0.11613485749233442,-0.0068259462208281538,0.020621825569198136,-0.23350064977795054,0.9721379464167984,-4.2779949218518016,-24.565592915931337,-1.161590067879112,,0.2273177482576632,0.2142857142857143,False,4
0.81287747852633696,-0.58203774720059565,0.02150036600437108,0.57720720612195076,0.80996731046350667,0.10384987810010878,-0.077859142722985136,-0.072007060863301414,0.99436056693750319,-9.5886817771213675,8.8779356344022737,-1.8589052083347291,,0.09902375709509714,0.5126050420168067,False,5
-0.55944103598290185,0.81177125631390912,0.16749075998667878,-0.8264830921843469,-0.56164714040020947,-0.038447210739761359,0.06286036582599426,-0.15993722863300158,0.98512367614701901,3.8364393067774172,18.500717079348401,-2.7047629978474816,,0.1363904369493983,0.2727272727272727,False,1
-0.089756404921785174,0.98987661028052709,0.10994582390909774,-0.99567613767785657,-0.091834839354659317,0.01397823807245871,0.023933587997267268,-0.10821579690709542,0.9938392851288077,-15.106132246368086,3.7485803987399544,-1.5898912019224576,0.232688078409832,0.1968687770517388,0.7858407079646018,True,5
-0.049628226510923266,-0.99799896318269221,0.039180462218460159,0.99866379250806314,-0.049018850781396672,0.016364039888859795,-0.014410713611529442,0.039940227269544375,0.99909814812102604,4.6886193294649088,13.374580861922569,-2.5473586251497236,0.1464746515021796,0.1951436726497821,0.5230769230769231,True,5
0.80312766379172351,-0.59541727560089619,-0.02154584805610571,0.59430930868819354,0.79802242099391885,0.099783070696224052,-0.042218494276936698,-0.092943442517547742,0.99477591206963645,-14.981832166466944,-22.798923651062214,-0.77352536342900668,,0.1650391894562519,0.2666666666666667,False,3
0.7935382617322515,-0.60824622192356881,0.018263643739996005,0.60371800469714798,0.79068431605815837,0.10169996629368787,-0.076299396927178492,-0.069676723913711686,0.9946474532080205,-16.483996383523223,9.2076672871226215,-1.8504089694069616,,0.1605408629768336,0.4642857142857143,False,5
0.65554813613377494,0.74419134839360479,0.12820248900720174,-0.7542476967501156,0.65356943228234599,0.062907941734547487,-0.036973681973521327,-0.13793561600340865,0.98975083363394056,4.5576301957719174,20.381720469172468,-2.8278152467236928,0.2802771977344671,0.1278838929552087,0.3888888888888889,True,4
-0.68660076729352626,0.70602882220308538,0.17350126388722736,-0.72299578569004741,-0.68817861516045187,-0.060723039369534687,0.076527643543836066,-0.16713316802587969,0.98295982823270089,0.39472433684976005,27.590806097639234,-2.9679598331906769,,0.2226781129696633,0.3939393939393939,False,5
-0.75552554157968665,0.64226424897289391,0.12914252015508676,-0.65433567487331701,-0.74945277337611949,-0.10082343510774211,0.032030932062669853,-0.16067723849422072,0.98648712329207267,-3.0859579409248603,19.671823041648896,-2.4127314975625729,,0.272675601620427,0.2857142857142857,False,5
-0.70740675365910499,0.69615304495002939,0.12225638177325741,-0.70288397652571444,-0.71107526900156437,-0.018057612182998783,0.074362627850855595,-0.098706128589643324,0.99233426815663262,11.161634830166399,9.70503933720817,-2.8476904684791102,,0.08057444179778113,0.4285714285714285,False,5
-0.23396227432636127,-0.96624758155027923,-0.10782979801646571,0.97224540109751545,-0.23260219899362469,-0.025201132277354141,-0.00073091502034619213,-0.1107331394459921,0.99384990697371722,9.8875774647372623,5.7735537487552202,-2.6862107699609501,,0.1089037942011958,0.3333333333333333,False,1
0.94474980299804601,-0.32122323789617596,0.065295031745537954,0.31655405381629725,0.9457873471133329,0.072662404672524633,-0.08509606775652373,-0.047978385506618051,0.99521692799939654,-13.747740272348741,17.336489682460304,-1.9781826843759112,0.6287312083719463,0.5451491651439417,0.9574468085106383,True,5
0.97069863545608037,0.21420826008785337,0.10889894597212121,-0.22742865298527939,0.96527856980148441,0.12850482669263077,-0.077591023482138671,-0.14950620051401295,0.98571168659139807,4.7589536500825922,-6.1513810560282636,-2.1023641228087833,,0.07967270475691159,0.3,False,5
0.51676387930816936,-0.8545993283912855,0.051137862250355395,0.85407742874430126,0.51873732502327241,0.038253540192034592,-0.059218567627859681,0.023907646075357003,0.9979587094200042,-14.374848266357954,-11.235306080092702,-1.0251774286173547,,0.1002324116881981,0.5333333333333333,False,2
0.34375633472610151,-0.93765865526966485,0.051262350058904532,0.93785972724298561,0.34556331330276102,0.031703761841961775,-0.047441694229764575,0.037178524676256625,0.99818186867499625,15.137921672760005,-7.2184601726886166,-2.6963080366896128,,0.19572894028808,0.45,False,1
-0.58417444652196937,0.80277527842826368,0.11954943904165652,-0.80895102236837979,-0.58785037447024058,-0.0054936913229212056,0.065866982926987921,-0.09991891502424434,0.99281304936048953,-6.1486696505242628,-12.246783954957634,-1.3870228694790869,,0.09749392727366268,0.1875,True,5
0.2768611451540639,0.94996288277587548,0.14463204227324591,-0.96087700930330977,0.27494369215639392,0.033486402251346171,-0.007954828490244481,-0.14824468790334355,0.98891871921413865,-2.8860247834370258,-17.211832072817135,-1.4244225664451844,,0.09539180272393713,0.2727272727272727,False,5
0.99611245605075949,-0.018671981087625199,0.086089093518222776,0.012547001187559827,0.99738693682722368,0.071146827108520744,-0.08719258948858731,-0.069790080732678172,0.99374382864478872,13.926193044078502,14.655861217225327,-3.185778645821606,0.3676638757942058,0.2439431883311929,0.8529411764705882,True,5
-0.79141165729895491,0.60138532845845849,0.10955946059667768,-0.60567584240240324,-0.79567529646991753,-0.0075892369609668262,0.082609700528825575,-0.07236372919095882,0.99395127047361653,8.3700893491109447,13.449354864431671,-2.791976846098029,,0.1121131342065168,0.2727272727272727,False,5
0.94470294147999023,-0.32074560010785153,0.068254028236492015,0.31567220904890742,0.94585069056573223,0.075614334557079582,-0.088811084855645317,-0.049887184404225259,0.99479840170709044,-14.949745346873565,-7.4822474586502237,-1.1112240092384267,,0.09678298629854973,0.3863636363636364,False,2
0.8475717066474252,0.52080156989357107,0.10192117977713457,-0.52747158501562863,0.84785278902720707,0.054031242257480259,-0.05827460074399133,-0.099555878456161012,0.99332406493195879,2.2419234004449491,-5.410361191017822,-1.9831663543243416,0.1067149122965333,0.09493242619464559,0.2962962962962963,True,5
0.52610925342478576,0.83739250761504924,0.14826611767695519,-0.84997593927630621,0.52339730677554275,0.059968007399545761,-0.027385326585200542,-0.15757235623766816,0.98712764951526566,-11.379701163410799,-16.742544377252116,-0.99957089753437744,0.2373041939202102,0.2034471480650554,0.35,True,5
0.87905757098965387,-0.4749336889956251,0.041179824462678621,0.46964917938658379,0.87760817734955154,0.096091286549337712,-0.081776739891478462,-0.065129702181150995,0.99452032996139206,-22.155251955614155,13.102497488581562,-1.6775602110426586,,0.10114252757841,0.25,False,1
-0.44023672445501472,0.89011758448367728,0.11782322451055771,-0.8963957292727871,-0.44325416907835286,-0.00066191855210984141,0.051636450135830458,-0.10590763611564939,0.99303436477785978,-2.3282920406329684,-12.195920312145446,-1.5554108874992554,,0.07319321912837033,0.3191489361702128,False,5
-0.082417857889315854,0.9818121380497512,0.17103281053386257,-0.99600364848171596,-0.087072119482943008,0.019879090015844241,0.034409721185247523,-0.16871091128591445,0.98506476919085328,-5.177681325699397,-20.025007992177542,-1.220801932220597,,0.09134873720254968,0.1904761904761905,False,4
0.41568122028519122,0.88498688438375239,0.20977925915341061,-0.90949577814294347,0.40577332591995335,0.090362810447782355,-0.0051529256133607607,-0.22835547385731497,0.97356418633648623,-12.735870212126002,-24.847462161856917,-0.80662856781442061,,0.149574437349298,0.3125,False,3
0.5672497950782428,-0.82183012121125087,-0.053131175910129974,0.82110246476889071,0.55942269107426346,0.11330046364284244,-0.063390948361303129,-0.10789580427954942,0.99213914502186873,-23.331065007452338,7.1897082121749261,-1.5050541175729601,,0.2450579673261957,0.1904761904761905,True,1
-0.60420361469313766,0.78719272491291392,0.12355406037815464,-0.79417777284745861,-0.607549864886887,-0.01283848865625211,0.06495888781989545,-0.10588094975068758,0.992254789544044,-2.1191152344119728,-9.6115850335993169,-1.6602324280236997,0.3845151956560669,0.3221015916242999,0.9331476323119777,True,5
0.95837854133214029,0.2541695279247424,0.13003239053632892,-0.27701858119699246,0.93805061681078628,0.2081387661453499,-0.069074432213982406,-0.23549711542907889,0.96941726384405746,-18.589379494105263,25.368995379825169,-2.0001588093140774,,0.3794214139875614,0.3823529411764706,False,2
0.86667529686345357,0.45105345597243984,0.21313073373393066,-0.49113517215478081,0.84639941562738163,0.2058986932890092,-0.087522411296416941,-0.28312331073393776,0.95508168155394724,16.604769164160206,0.85364043826026736,-2.9683929842970715,,0.1596084351342253,0.1875,False,2
0.99681456632636278,0.034389684740094878,0.071958807265412761,-0.044080415738586148,0.98948653186913205,0.13774367570930113,-0.06646530905590789,-0.14047687650667842,0.98785049975136852,-8.5135601616555032,-18.14561815471858,-1.1050947023112734,,0.2192035207199685,0.2941176470588235,False,4
0.82346760189462387,0.55695846832402185,0.10815901808022345,-0.56459187539578126,0.82323685654402634,0.059305077898832034,-0.056010024700881317,-0.10990151313640455,0.99236310619819823,0.90413093391591248,-4.4662420037958368,-1.9293892519247415,,0.0728927244838608,0.1616161616161616,False,1
0.11075695060279739,-0.99260897631892264,0.049601592960994187,0.99335201092685554,0.11213958106850848,0.026009551040917404,-0.031379615688216372,0.046391103553139121,0.99843036073147329,-1.6981696783449127,-3.8029757679743956,-1.8040973716463868,,0.07723812235600928,0.3181818181818182,False,5
0.49583457506246842,-0.86676348547285653,-0.053564301764965835,0.86606427690789234,0.48901251914596461,0.10392027897638093,-0.06388068907449887,-0.097917395642778154,0.99314220592717972,3.6909147743617896,10.690223694151829,-2.409133109037966,,0.26287992158798,0.1195652173913044,False,4
0.42732857519071632,0.85065272832542749,0.30623557046492844,-0.90386542068023679,0.40962125917130404,0.12344118167554793,-0.020435021996866944,-0.32954568701080483,0.94391845519015327,-19.985774606565194,6.3137450401165145,-1.5739767541337317,,0.1778629028660217,0.4827586206896552,True,5
0.61936633384934203,0.76265399910575504,0.18639802075672568,-0.78430548674889633,0.61173922501897671,0.10315049214016997,-0.035358845422363075,-0.21008093255024696,0.9770443970614725,-26.089303773702106,7.8743037220468866,-1.2750598147995575,,0.2685112720567305,0.3,False,2
0.26209323524053924,-0.96489107790425821,-0.017098064858551781,0.96389579225603317,0.260877221854107,0.053366438786927192,-0.047032304985649441,-0.03046773536781075,0.99842860505360875,-14.570374087596713,6.1857938281727476,-1.7508164073713353,0.4651924867309182,0.7245832528242927,0.623574144486692,True,3
0.03537041191896776,-0.99543499296502291,-0.088645974197416669,0.99772040567526732,0.030071724676203102,0.060412610224859553,-0.057471088904463161,-0.090580716246479065,0.99422945429332943,-22.443951610273096,21.816057311075653,-1.8150972266889203,0.342968916728564,0.3961256642266449,0.1785714285714286,True,4
0.70003416952061248,-0.71193762367280289,-0.05565053012063334,0.71036789967830039,0.68628183319586933,0.1561880038029681,-0.073004168444173623,-0.14886928972907146,0.98615836758876363,-3.8529514714406599,-12.25887669460821,-1.4876873207945045,,0.08924454330490719,0.3611111111111111,False,5
0.77736419428971038,0.57420285791116699,0.25689684194820317,-0.62656609431292631,0.74304390015767707,0.23516099144185382,-0.055855518024247292,-0.34376858554137646,0.9373917647926755,-13.473980536486106,-25.515209018588763,-0.76779087052101613,,0.1567581065027894,0.375,False,4
0.99192132918310238,-0.098517315196392702,0.079915050635804105,0.079324369084103188,0.97332150555686259,0.21529721616856135,-0.09899354110767776,-0.20721868985933167,0.9732731853862745,-23.587373734794664,5.1106484869641076,-1.3363471130165516,,0.4985551720177154,0.2941176470588235,False,3
-0.97860887161968535,0.17831531544408358,0.10260762479135811,-0.18617409483509173,-0.97981133643719309,-0.072862551434169004,0.087543605132421987,-0.090406820911033151,0.99204975879901292,-10.938702952390122,-17.484221027345491,-1.0123919705020075,0.1856391357220061,0.1502851075167211,0.4375,True,5
-0.95342410854431159,0.27782811396200757,0.11744789627234054,-0.28964554229201872,-0.95195871248885877,-0.099398538957656962,0.084189839510757369,-0.12878722300316992,0.98809206155817497,-31.524950732804022,2.6057906923937977,-0.48287377188092107,,0.2396289556768175,0.1666666666666667,False,1
0.60143485696565036,-0.79728678568818823,0.05108712356070276,0.79624507897298546,0.60342311811085225,0.043293356773095863,-0.065344372657587108,0.014639736895704622,0.99775537636517531,-0.26976092009762703,-6.729650165650364,-1.8364866595886844,,0.08254023450371278,0.43,False,2
-0.89392575698803778,0.43539834222229862,0.10641909877197034,-0.44122230389902001,-0.89659245489684358,-0.03801116104636678,0.078864564510337604,-0.080933635851393709,0.99359454862256025,2.3282023470437911,-17.190771542556625,-1.7051916537299721,,0.1192598637520761,0.3888888888888889,True,5
-0.99746419476345849,-0.067304008719070482,0.023137644115787351,0.060401265638909442,-0.97249642026770355,-0.22494977145069456,0.03764129745510171,-0.22298179965379489,0.97409560606187484,-4.1686310814154703,23.02322965470405,-2.4994896650755085,,0.4010224933992657,0.1,False,3
0.17538519384306095,-0.98427985952450403,0.020813262960300408,0.98417588793998534,0.17583062707140176,0.02194110711015608,-0.0252557989019081,0.016635766231235943,0.99954259334143747,-15.871890115581872,-19.693503285896259,-0.75445998650117585,,0.1616616289476782,0.4782608695652174,False,4
0.62623324676830805,0.75364372936568946,0.19963228654152643,-0.77934432169447498,0.59812845301667839,0.18672113413980118,0.021315461163245501,-0.27251327101565154,0.9619158841789377,-2.1835498915093252,-15.618080803810249,-1.4988743693550906,0.4979373197057299,0.3633555350317143,0.4375,True,5
-0.75866980289411157,-0.64946723256680605,-0.051112072924353394,0.64963389595569998,-0.74829869075033983,-0.13425673408342137,0.048948252287787722,-0.13506066504849604,0.9896275488054227,10.2586309072086,16.269842920173303,-3.0220288780475131,,0.2691882485279242,0.1428571428571428,False,1
-0.84059361856988812,0.51378310533558258,0.17154966945845979,-0.53572980601428799,-0.83534469478021345,-0.12325914104213659,0.07997464202779811,-0.19551511853122164,0.97743434309330834,-33.642652158345065,26.375546736711225,-1.2866750607219621,,0.726119952737156,0.7,False,1
0.54738156750565981,0.82206926879665154,0.15676586635867715,-0.83645865937917663,0.54338505767289313,0.071201055100455796,-0.026652030028469022,-0.17010231155973848,0.98506592312260799,5.1114335147530747,-9.6262451649375311,-2.0313980725518812,,0.07328452007107629,0.1666666666666667,False,5
-0.66325862783365763,0.72090929066373743,0.20094224851663803,-0.74827620412288165,-0.64349392055394283,-0.16123987271630127,0.013065793036276023,-0.25730403969783411,0.96624216230068838,-12.389824570170999,-13.617091336292511,-1.0455880622432385,,0.2165414285271122,0.2765957446808511,False,2
0.68629787877137849,0.69957946382580949,0.19895676763332246,-0.72244307797870166,0.68732130103170097,0.075269038978522024,-0.084090550447518564,-0.19539192138183054,0.97711349206944742,-8.4850624448548544,-9.2984557046309479,-1.3357237898795398,,0.4926897975066045,0.3469387755102041,False,3
-0.15195668256565686,0.89898434009228734,0.4107752705464085,-0.98784526098409453,-0.15189617236352626,-0.03300444170980809,0.032724715046985271,-0.41079764981088296,0.91113905850586208,-17.432692900529673,-16.037446215966948,-0.79705025535383567,,0.126766101394273,0.24,False,1
0.23454078229853825,0.95773614522067618,0.16652956967646976,-0.97209598901659267,0.23028295869441504,0.04471182251708903,0.0044732065281026696,-0.1723694725663068,0.98502221058744188,5.7185232701510511,12.950232503256162,-2.6067852378804273,0.3370764485530726,0.2152931628348039,0.40625,True,5
-0.46990638728484918,0.85972438904684245,0.20015484522473112,-0.87864506565324729,-0.4773085315279571,-0.012625938928536452,0.084680787620943138,-0.18179807647128707,0.97968291992829881,-9.7999537486804496,16.65877563994373,-2.0549958316576515,,0.2258906477280127,0.1481481481481481,False,6
-0.41406015221248149,-0.91010544949106265,0.016194479196551828,0.91012051973174546,-0.41423546236195502,-0.0094668519052113764,0.015324161086152407,0.010819081682305845,0.99982404329889829,-7.6866064533944751,-12.464980458140214,-1.3143106922740222,,0.07665422557082716,0.303030303030303,False,1
0.14933104503455344,0.97837080525759279,0.14314610161823391,-0.98874612207631252,0.1464312562928792,0.0306429969086492,0.0090191500676349012,-0.14611110361672963,0.98922707217906192,-6.3184961519354452,15.484485903933816,-2.1059420385024104,0.1951677231225735,0.1522763479774016,0.3888888888888889,True,5
-0.89099590656069949,-0.44812497263649687,0.07287182851841216,0.44940983281316854,-0.89332461714566391,0.0013894503926992971,0.064475550892706818,0.033987310883513658,0.99734034613866418,-3.891077026670557,5.8254734421480672,-1.909057537258501,0.1333184559155343,0.1095714320944788,0.597864768683274,True,5
0.95729430814912553,-0.27122158367778398,0.10013221326128223,0.26187918808384614,0.96019592020572742,0.097175540486395512,-0.12250264664011773,-0.066803049089038183,0.99021737724530712,6.8938095698052679,-18.027850875427323,-1.9692220260097952,,0.1601498744716696,0.2631578947368421,False,5
-0.93827011237249103,0.32867408093305178,0.10780790671989787,-0.33741051926746668,-0.93828572794081389,-0.075987066203633019,0.076179641087176689,-0.10767191493323795,0.99126354770991043,-2.8866677436901647,-21.371158227539638,-1.3006588788462128,,0.1208927562405144,0.4166666666666667,False,5
-0.057178618128107997,-0.99833625896218814,-0.0074377194315939227,0.99801481284434945,-0.057354046221075053,0.026018199886413223,-0.026401495643591226,-0.0059352694508250925,0.99963379975085265,-15.350015507361235,17.494931025967777,-1.9653933849103054,0.3956670580157425,0.3912848680130009,0.8943089430894309,True,5
0.94074096942717766,-0.33845503316962683,0.021321795500336457,0.32979282678564098,0.92768948635900406,0.17501116621433227,-0.079013415582085772,-0.15760839895485074,0.98433554885361041,-1.0658731299925255,18.558535623258738,-2.4552360682966414,,0.1814065836449476,0.2135922330097087,False,7
-0.26959911751316634,0.95353300009024555,0.13450328462538202,-0.96205949730140261,-0.27278447291824054,0.0054913556513130207,0.041926596431065957,-0.1279196977545376,0.99089793189717246,-1.5585759554015262,9.1637042441270271,-2.0643121881981399,0.5278086705393096,0.4481027744600715,0.9830148619957537,True,5
