axis_00,axis_01,axis_02,axis_10,axis_11,axis_12,axis_20,axis_21,axis_22,location_x,location_y,location_z,dbh,dbh_approximation,score,reconstructed,number_clusters
0.96127361126738142,-0.25349584203530828,0.10813372439612805,0.24607479440827942,0.96615446724258336,0.077412795997321954,-0.12409770279054615,-0.047805893967271945,0.99111773098058276,6.8170540797390338,-5.0680926363171341,-2.3844911971115192,,0.07471985694830816,0.2857142857142857,False,5
0.34464238469944625,-0.93873403647632048,-0.0001882274018187996,0.93800965453678908,0.34436854897774088,0.039347051614324544,-0.036871596988114791,-0.013737220819407286,0.99922558719225463,25.961453509613364,-3.6034930532876874,-5.3202557445462011,,0.2049406312020143,0.3181818181818182,False,2
-0.33879437323029571,-0.9225363175614858,-0.18478396967157362,0.9398096924714443,-0.32254564376853595,-0.11279206365108324,0.044453510595007684,-0.21187508222071455,0.97628522211992186,-10.855622123729516,16.033780424877285,0.15130501646963837,,0.5087553253702242,0.15,False,2
0.51753747286349949,-0.85190531052278096,0.08007687609507888,0.85024977500373222,0.52251567133877541,0.063660767443467575,-0.096074368528577897,0.03513851317959947,0.99475373867272399,-15.602072151409692,2.9139243017450012,1.172860346112061,,0.1522954945098858,0.3333333333333333,False,4
-0.13935509939405191,0.95847988180150534,0.24879001679055684,-0.99020634096912274,-0.13273403147072541,-0.04327908494953369,-0.0084592303086262893,-0.25238461338064999,0.96759002079976242,18.134528047646725,-11.242864191318988,-4.1012797863237624,0.3616092542826461,0.4185704059039276,0.1333333333333333,True,5
0.022973853425754059,0.92572338133647747,0.37750287853966108,-0.99970784185705841,0.024109818023907516,0.0017168588631941567,-0.0075121893129788996,-0.37743203086358762,0.92600681913791161,-8.6518488135705951,-3.0467075782382751,0.14137212920878686,,0.09267529569924414,0.3,False,3
-0.90739683279246586,0.38479625502966597,0.16900541397644092,-0.4022958157099526,-0.91161565467621164,-0.084350310085547081,0.12161029767444768,-0.14452937509173819,0.9819990810765179,-14.490911362784088,3.3081082008478018,1.0191437594468293,0.3957294161215114,0.1669591130019107,0.7127659574468085,True,5
0.39942801846081316,-0.91637264862522583,0.026803487087611044,0.91548327439675603,0.4002444782640473,0.041167121819882566,-0.048452372163401161,0.0080948422299667866,0.9987926917839407,-1.399429967775953,-7.0956074392757698,-0.966956974179496,,0.0811596732320058,0.1463414634146341,False,5
0.86482946918694525,0.47563876986424386,0.16074125117049301,-0.49174521433688223,0.86704773114164368,0.080092921652924989,-0.10127503839841456,-0.14831045992834344,0.98374151791679643,-6.8812214885158323,-0.76170559456372267,-0.32680737293026263,0.2591797423703814,0.2440183703550711,0.5289672544080605,True,5
-0.74410881020463659,0.65153904122144313,0.1476446962815875,-0.66193218003463883,-0.74891540233947052,-0.031169041905370509,0.090265539440197995,-0.12092393436764712,0.98854920691213877,4.7755327408185613,4.7942518026221546,-2.3185427673407291,,0.09599278803248956,0.3484848484848485,True,5
0.7530002968921371,-0.65451829857308375,0.067796384220315697,0.65420438009671467,0.75572922904657436,0.029832221287452106,-0.07076144389868344,0.021889020025246959,0.99725307162209686,1.4813613033935535,-10.459221986828036,-1.4179328618605225,,0.3897156851140786,0.2727272727272727,False,2
-0.58208936354747842,-0.81143518094224498,0.052391983872704426,0.80290387912329975,-0.58376222117698828,-0.12069395185868549,0.12851977954248595,-0.028188938535092481,0.99130623422362041,-11.579060416414901,-0.5344327730467282,0.64143801589825733,0.865446624625152,0.6413316682591358,0.6477987421383647,True,4
-0.44712282604928938,-0.8929614407539509,0.051971566768062583,0.89229003307940657,-0.44933475326527977,-0.043781004730173656,0.062447380192048769,0.026798224468430623,0.99768841823110854,-1.7238974555306099,-17.619854652257224,-0.74674210092880877,,0.08531314067597702,0.2857142857142857,False,1
-0.10772743224705654,0.98227027614493123,0.15342719753556186,-0.99413525845296391,-0.1079037412670569,-0.0072021192180244456,0.0094809409930893158,-0.15330325248582471,0.98813370782255616,-14.50072684062337,13.412469688317387,0.76343921596063402,,0.08706484610783038,0.2857142857142857,False,1
-0.97798386465232512,-0.17345795245162599,0.11601680572654935,0.1622016480222874,-0.98164121501029922,-0.10035512130408343,0.13129427199446461,-0.079327572283492548,0.98816443490800177,-0.28536144961671933,-1.014761094431857,-1.4616003261526749,0.7067071182695451,0.426698245116839,0.7228420434527305,True,5
-0.31898286749695293,-0.94775143682914831,0.0041405593473065744,0.94575794837950888,-0.31858969595585401,-0.063580725913919348,0.061577863883102865,-0.01636519535610742,0.9979681092402467,-12.34444640694686,0.30453186644745606,0.7443927653836574,,0.1435586395147053,0.2903225806451613,False,4
0.85132741818948243,-0.51330001848469498,0.10846528505674952,0.51288000807294187,0.85779125481131924,0.033885992509015292,-0.11043425355354644,0.026781601760051552,0.99352253192830853,-0.18516983080366281,-9.3040778530688346,-1.156198616963531,,0.08289408400372275,0.2941176470588235,False,5
0.93025055807125145,-0.35597636795665111,0.088964738320954528,0.33957330478263054,0.9270753643042281,0.15881196295992589,-0.13901032295166993,-0.11752486697109352,0.98329244670967475,0.54431857630944558,9.9214065122337995,-1.6486933867555309,,0.2298468749620632,0.2909090909090909,False,4
-0.34657725869502826,0.89488051167015348,0.28119934848502837,-0.93724466484480318,-0.34256122984764448,-0.064994169163263019,0.038165979292990364,-0.28607809010519192,0.9574459172122326,2.7028865503023556,20.912454467623107,-1.9367576998101594,0.4564381497161649,0.6534721813478838,0.8875,True,5
-0.83296163787974531,0.53075925531337531,0.15642737202894932,-0.54275991436242566,-0.83871436856524229,-0.044383367644862698,0.10764100139809345,-0.12187214965445559,0.98669174211433286,4.9710256658878489,21.537713832463371,-2.222664412854205,,0.1218603268064921,0.2941176470588235,False,3
-0.58433554629513296,0.79152949058243183,0.17897774966259405,-0.80731555062441462,-0.5894000119039452,-0.029141511416345703,0.082423122095491963,-0.16151994151171184,0.98342144446726709,-13.111206280618401,2.5230680221761781,0.83385576000579087,,0.08144140372060296,0.2702702702702703,False,5
-0.1841565944562126,-0.98250660420009928,0.027696956899257524,0.98288961330306723,-0.18397346858623875,0.0090427273150806738,-0.0037890340770074353,0.028888329123324452,0.99957546371508399,-1.0291892798734423,12.986237004957998,-1.4098924284786931,0.7090043396739621,0.3745578392037402,0.2933333333333333,True,5
-0.45558022402658443,0.8695961698624507,0.1903921238823818,-0.88802829009863982,-0.45886762916488633,-0.029090460448123669,0.06206782951235236,-0.18232663070751248,0.98127701709276416,13.22652035897166,-6.7300380030005451,-3.4743110346956572,,0.0840567153774949,0.2222222222222222,False,5
0.86916672403120143,0.44404182242424972,0.21766043686214234,-0.47213696768553232,0.87604266179377133,0.098162816086300356,-0.14709143272664915,-0.1880853919246073,0.97107569002780958,-16.795910062760363,8.2099926992878771,1.2689715479313055,,0.3449923662811574,0.8253968253968254,False,4
-0.8205342570048183,0.55178782496658063,0.14917683902067808,-0.5626564859700095,-0.82568723424254775,-0.040721861509177441,0.10070358423329012,-0.11734899840877457,0.98797165986430313,-3.80627002174983,10.348406591320636,-1.0095375452378512,0.14710280505497,0.1065227746309966,0.5808823529411765,True,5
-0.37255038747404273,-0.92397752096916241,0.08643928236989043,0.92662878672282012,-0.37546151683501611,-0.019691139950320548,0.050648794749083341,0.0727611855293053,0.99606250279329112,13.360022083914963,0.0024898704569782451,-3.5215667485483886,,0.0906680995211135,0.3055555555555556,False,5
0.97842924865706227,-0.16306051292209761,0.1268364084084701,0.14226186916635605,0.9770325448783429,0.15864730325424503,-0.1497924095329011,-0.13718117718598363,0.97915451215433635,-0.62401369242783078,-17.158562785515183,-0.95456769923147211,,0.3371758450943505,0.2727272727272727,False,4
-0.98075437020443268,-0.17333393571486061,0.08986774757666946,0.14635939750711377,-0.95732892858532281,-0.24919921600003761,0.12922767538829338,-0.23125023075291243,0.9642735808319457,0.96785761419345273,7.771826249832265,-1.7206634168471229,,0.08495294610943083,0.2439024390243902,False,2
0.60655170468420239,0.74899701838987043,0.26664301226128756,-0.79055518939535796,0.60378413797172092,0.10230937031287221,-0.084365407986678131,-0.27285194002761076,0.95834977787779096,1.4957291391291949,-6.5012852866528723,-1.5241375633928318,,0.08144141707274097,0.4571428571428571,False,5
0.99457876866481743,0.0089173496691824991,0.10360286577143327,-0.028856197515411856,0.98085443989229004,0.19259254297229167,-0.099901915828114321,-0.19453803900127092,0.97579432187086046,-10.192558199618258,-0.71162466114833511,0.39162753382842386,,0.2764776539708606,0.2159090909090909,False,4
-0.3606360672095732,-0.92710437681371827,0.10207400021777874,0.93128988416427694,-0.36395507115260683,-0.015357663741224046,0.05138850728421504,0.089521956385837473,0.99465825319249812,-4.3757166672425516,0.79661630130712335,-0.77654909230771796,,0.07146986636208516,0.3565217391304348,False,5
-0.40426685595200856,0.89161033571657211,0.20395910968147396,-0.91334719647366369,-0.40538693051955405,-0.038188155986282168,0.048633402845947915,-0.20172368677801794,0.97823430031884862,-9.2424682602942188,-9.1596007420264609,0.29980012414828394,,0.07444950275293065,0.375,False,5
-0.86287880551846896,-0.50518986814238054,-0.014945370965777818,0.49218770628094705,-0.83321572373784769,-0.25199765773100924,0.11485394539553614,-0.22479936575154918,0.96761243087549276,-3.4956611921425069,22.051057853492665,-0.97410766297822893,,0.4839855878705679,0.5,False,1
-0.78786284687344743,0.58802515380987186,0.18302609924090918,-0.60659984964176039,-0.79228330638741329,-0.065755492807990187,0.10634263928951602,-0.16282991404132313,0.9809065511873365,16.422980366416699,-9.1323255816844195,-3.9119532003077611,,0.1653433772736449,0.2352941176470588,False,3
-0.79320648265472227,-0.60217049131600986,0.090632087379463641,0.5995813882444101,-0.79831142990145532,-0.056577555263542814,0.1064219655213596,0.0094636291626695596,0.99427602051826702,-12.738783219496087,-4.4585670834733362,0.87294329141263372,,0.07586478537961275,0.3666666666666666,False,5
-0.2835732763184326,0.943166437793028,0.173272235452891,-0.95808066446977147,-0.28634733265103918,-0.0093083539252690629,0.04083671543100538,-0.16864837889658846,0.9848299787112299,0.85566139834382304,12.453366743251992,-1.7130713587152688,,0.07060658202884436,0.1363636363636364,False,3
-0.71200483386813873,0.68561394868647341,0.15160023059001501,-0.69640470258292209,-0.71712049953622925,-0.027544134862078934,0.089830990024576451,-0.12518667066205799,0.98805804015743592,14.303526267302072,-6.6052867109063884,-3.6520341370676244,0.3087783934080049,0.3020648326025075,0.7570093457943925,True,5
0.27787837283428912,-0.95625400600656107,0.091443348076134606,0.96026095415235446,0.27910303221350974,0.00063034882035360035,-0.026124889308449237,0.087634316369956999,0.99581008066447707,5.7142906833059302,8.4299926673937513,-2.4147225952352254,0.1759410192941918,0.1702028031494789,0.6521739130434783,True,5
-0.97394435853429706,0.17737786172318409,0.141313412844393,-0.18861008015125236,-0.97952480199859082,-0.07040880580553624,0.1259310293158801,-0.095227393328466733,0.98745790766761832,-1.8180597182261602,14.527072213129722,-1.3115225236828016,,0.06796000856862403,0.25,False,4
0.74457968797802865,0.64953711675399084,0.15395655948822934,-0.66032330271384554,0.7504871940765877,0.027241648630876032,-0.097847964432682052,-0.12194468207331309,0.98770201496727617,0.16675671044811757,-3.0769751955132909,-1.488821436194486,,0.09896817467769761,0.4093567251461988,False,5
-0.1420320236710243,0.96698740535360705,0.21157093878747379,-0.98974778201218294,-0.14198155588709746,-0.015510183423924639,0.015041019043879974,-0.21160481014234633,0.97723956738905304,-9.3922013224161791,-4.1604904491897416,0.27677823911621313,,0.1041396545771548,0.4177215189873418,False,5
0.018114765834924926,-0.9992770565584681,0.033424833501315587,0.99973800020842385,0.018570713506534081,0.0133813130566676,-0.013992362131110705,0.033173676849319433,0.99935165030448092,17.085876239034036,-3.1144250614144791,-4.1159457180427923,,0.156958947768891,0.6875,False,5
0.97531826230443786,-0.20282380645700368,0.087274227293876044,0.19756138807915083,0.97811292073994338,0.065303998513230543,-0.098609254919050746,-0.046450164863742156,0.99404154693274283,-1.7617035109472956,-11.621570462469649,-0.85456615307961536,,0.161160493219218,0.2162162162162162,True,5
0.95750774866816124,-0.26888938351448272,0.10429482572798213,0.24975439234689953,0.95390637860980632,0.16638919541531239,-0.14422778769661448,-0.1332708530802045,0.98052905361106668,10.141120791465939,-9.61350834195758,-2.760667582986287,,0.4965514629796956,0.726027397260274,False,4
-0.87430343125835164,0.42810410477876276,0.22873649809649438,-0.47509410882351771,-0.85129383028693628,-0.22267555383693352,0.099393650959509625,-0.30335736349555087,0.94767885497248883,-12.377579237007312,5.8716815183354676,0.61955543819095249,,0.3328544450616152,0.4166666666666667,False,3
-0.80688183864983531,0.56934510052562926,0.15744159223192591,-0.58185666419096982,-0.81201413414942147,-0.045561697489492986,0.10190446895803988,-0.12837134590331289,0.98647669853745323,7.5509831498272693,0.74439981608536743,-2.6307148187800298,0.498054190304862,0.4174959546877532,0.7803468208092486,True,5
0.99148650471473709,-0.014390168902224929,0.12941187738194476,0.013596302188116692,0.99988295235157398,0.0070158508756783533,-0.12949768930511263,-0.0051965984707097344,0.99156610663584654,-0.34784089406608709,-15.963882280656392,-1.0152770880530571,,0.07407878535224856,0.3157894736842105,False,2
-0.65202297299801248,-0.75175665659859181,0.09863048181236897,0.75292178913711016,-0.65730442716527759,-0.032552564745333121,0.089301859585375384,0.0530360187856617,0.99459155364700347,-2.3152400724959161,0.19527500975413903,-1.1264150182270583,0.1376245669583347,0.1108756178141592,0.6257928118393234,True,5
0.65811976947386397,-0.74342022817360576,0.11918361200254281,0.74572701306007039,0.66543822738674019,0.032911814366556741,-0.10377664005051407,0.067218523300481683,0.99232659901119702,-14.919358730466517,-15.299543666110782,1.411154435133338,,0.3203981105060083,0.72,False,3
-0.93394655379038327,-0.35317734531088929,0.054859797868921936,0.33315402129254956,-0.91582477641110149,-0.22421725403759368,0.12943041667115837,-0.1911301694414258,0.97299384662474686,11.022827123592304,-0.66394670973975267,-3.2154694962603649,0.2054725874428679,0.1832030737501934,0.3636363636363636,True,5
0.73891568663335971,-0.67379372580469366,0.0023713104773692012,0.66748132461354692,0.73246488888674666,0.13402935439772379,-0.092045039732162229,-0.09745358697531549,0.99097452492299198,-8.6356858268212875,-13.084548851481324,0.29440127231539226,,0.2349885687574404,0.1,False,3
0.89372447642154973,-0.44190603007926854,0.07730213984495321,0.43385161428433222,0.89522580321845713,0.10170318596164063,-0.11414612138792589,-0.057356968464604564,0.9918068567723477,19.931406103970495,13.207078523217122,-4.2594982086232047,0.4263122408052755,0.4293561355257466,0.8421052631578947,True,5
0.84022088537451922,0.52375003571633438,0.1404092727265478,-0.53327704942909859,0.84503950432202246,0.039036197142977798,-0.098206172579193118,-0.10767607079722609,0.98932371418308618,5.6168513558987296,3.1697275863109518,-2.3899228849931675,,0.07855099373229361,0.2467532467532468,False,5
-0.9771761756286278,-0.18720049474508169,0.10041263143153152,0.16250454320512173,-0.96317215708566872,-0.21422340967465106,0.13681737909162953,-0.19301650339319507,0.97160981581927264,10.965446139279035,1.0972736990235461,-3.1475435411098411,0.5868448535242469,0.6648466571432907,0.7659574468085106,True,4
0.35841610076552111,0.89108249725521771,0.27840596580792859,-0.93166655999962888,0.36040625655674502,0.045877567647081188,-0.05945855439294441,-0.27582478735632027,0.95936717006021333,-19.929708825420949,-0.49465028480748596,1.9351541220631496,,0.2450847921693622,0.5555555555555556,False,4
-0.78200442792266589,-0.62261575331773722,0.028612906701902599,0.61505241454740267,-0.77830823727334653,-0.12628069983915624,0.10089401403827182,-0.081153629081168438,0.99158181024976544,-15.579532011755761,-12.948759582734056,1.4603100077949966,,0.2518899369663886,0.1538461538461539,False,2
0.73635335853517203,0.62880428112069964,0.249777716016166,-0.66929144186092215,0.73105417118447258,0.13269802050336468,-0.099159957773790691,-0.26488672076580944,0.95916751818242652,-14.56547864360267,8.242654905142599,0.89632722847295809,,0.4772189031027538,0.1428571428571428,False,1
0.65175502908431582,0.68363298612087264,0.32842247540441427,-0.74098427965365266,0.66630822832874204,0.083520309910654872,-0.16173335886409329,-0.29779067337455911,0.94083103450176786,-15.219762912196302,-10.315781985427058,1.368205500245383,,0.3135176253697254,0.2727272727272727,False,4
0.93548903570924025,0.32330615957996012,0.14259520063961964,-0.33227096104808801,0.94217298414717543,0.043658634740296257,-0.12023424018130623,-0.08822241847095301,0.98881774476753803,-3.1688072599539385,-11.293369247942699,-0.65985527029998392,0.1947989177374979,0.1722214379835152,0.3255813953488372,True,5
-0.86496522339357396,-0.48988655257594932,0.10884083757926757,0.4884142656993043,-0.87161768509430115,-0.041642719558900573,0.1152678072191629,0.017139913538394863,0.9931865665537275,6.7988886398865498,11.776105057783527,-2.5559616660364166,0.2162959673818372,0.1595185638771496,0.3544303797468354,True,5
0.24306430725070483,-0.96501861051466575,-0.098279315733683204,0.9692609020283065,0.23764521515685616,0.063702868948951413,-0.038118844945915151,-0.11074219192971366,0.99311787849509281,-1.532621778179506,6.7875002931666479,-1.3764323939246721,0.5590769968138858,0.626524901437017,0.27437106918239,True,5
0.55475741180946903,0.80718703008327575,0.20172583500334929,-0.83001799891584604,0.55369137326270668,0.067052103995258155,-0.057570265920803325,-0.20463372556789711,0.97714415663299581,-3.0091223633013851,-9.5725794513046409,-0.72494541896055287,,0.1187482776504251,0.1463414634146341,False,6
-0.67212131141538956,-0.73346725589199735,0.10138405829084221,0.73481153768626306,-0.67758125544715553,-0.030588336826420745,0.091131480973411436,0.05393910270777795,0.99437700414615016,-0.56731869627049336,-5.6978839682532234,-1.1763238413231358,,0.092310115519324,0.525,False,5
0.72570945776440654,0.66171451147435167,0.18836052722253369,-0.68073300352304822,0.73029876195867383,0.057151519630868702,-0.099741469939942373,-0.16969862576310982,0.98043562541776852,20.503922130747199,10.518738869130738,-4.3701360505201663,,0.2185417689258692,0.5555555555555556,False,2
0.99151150697455948,-0.00076313611555925594,0.13001672646358647,-0.011487562977701838,0.99555789174075204,0.093447953907733972,-0.12951049159767436,-0.094148296936151607,0.98709833894610044,-2.9294146968912917,-3.9508883524426608,-0.84612814792330249,,0.0672273661840019,0.2909090909090909,False,4
-0.97999957259611914,0.14230253709846016,0.13910724512679704,-0.17007909188519468,-0.96185981028952827,-0.21424007060608782,0.10331476281216027,-0.23361441155274512,0.96682488926378651,-2.4198293463995943,20.922725655280832,-1.1602550325290368,,0.5968143301624736,0.3684210526315789,False,2
-0.93057717001525297,0.33133034384662624,0.15571234341849732,-0.35100447412804925,-0.92835056349197653,-0.122315536242221,0.10402879307429859,-0.16847977478203988,0.98020027326097925,-15.720746492864301,-6.4697930625026023,1.416386809084909,0.4198730918873407,0.2236258739217323,0.2727272727272727,True,4
0.56851458860830306,-0.82255802097323305,-0.013764616672100244,0.81689420639841381,0.56246226065156568,0.1277499937199042,-0.097339704603195687,-0.083871970737118232,0.99171088248160022,26.237311862439899,1.8997770456788805,-5.2626690430621608,,0.2627950651524275,0.3333333333333333,False,5
-0.99317864995630689,-0.073671864715364938,0.090380449325780113,0.068994625839755339,-0.99616363943543251,-0.053830707518913404,0.093999525936044548,-0.047227744135366026,0.99445142129099717,-16.765635130291102,-2.5108353431335151,1.4669161959032153,,0.1577748673360045,0.3142857142857143,False,3
-0.89189177582568069,-0.45215771825726614,0.0090806406654633381,0.43602560921791639,-0.86505378374295605,-0.24812017116336688,0.12004469301329961,-0.21733694819881966,0.96868669993293732,-5.2511350375394468,-15.06638899788021,-0.19680928922331983,,0.2466698427605368,0.1052631578947368,False,3
-0.94304093547855883,0.30165124312721958,0.14028656931983338,-0.32640014422795244,-0.92048671053119646,-0.21486544995282542,0.064317492641560933,-0.24841647138477208,0.96651565785818594,-9.9125658286953549,-2.4025674667602184,0.37294327458869186,0.7475263585196803,0.4415925613046618,0.2771084337349398,True,2
0.62226819997568061,0.75733980844312565,0.19803712239465404,-0.77820012310298226,0.62588272864707639,0.05172406000878476,-0.084775324838827423,-0.18629875074358082,0.97882885111231333,-12.1072260440188,15.756479632568926,0.31678832151698838,,0.3544491854240253,0.4782608695652174,False,1
-0.83583719567516979,-0.54737653364376337,0.041894065713480352,0.54220164404949711,-0.83506640897674445,-0.093174405223252238,0.085985809968214977,-0.055163602264738335,0.99476802193742009,5.1069642245750764,15.060452040511537,-2.3150181470018372,0.658857098202564,0.7331813207621068,0.4725274725274725,True,5
-0.59214492651418138,0.78506066458986157,0.18178046902030068,-0.80310110934269252,-0.59348144203796604,-0.052994208448407437,0.066279666384585462,-0.17736834799439782,0.98191011551653073,-15.197477309663928,4.0275330348478988,1.0717824121221662,0.2935062655557319,0.1859465516114412,0.3333333333333333,True,5
0.3478999306763455,0.91079589088499924,0.22229818573797588,-0.93677301361359955,0.34724220949666623,0.043349381877589722,-0.037708874296241653,-0.22332418832467513,0.97401455210301446,-16.592905559494469,-8.3860209211819505,1.5344912869683383,,0.2347412460070294,0.4090909090909091,False,3
-0.04601205497783864,0.98296822623248392,0.17792233421940065,-0.99873526314902128,-0.041653358902387964,-0.028157979948912726,-0.020267336760681272,-0.17899291580817553,0.98364158673325508,9.248355981329885,-4.9203520523266011,-2.7801303863680285,0.8223614062475891,0.7149832749937053,0.8503937007874016,True,5
-0.9593405218440888,0.24045736082343777,0.14780399444446091,-0.25655804471217447,-0.96118408667827449,-0.10150429158374151,0.11765939334102077,-0.13529748387268117,0.98379411363168068,21.865857597227087,5.8560268131189552,-4.6172566808000086,0.4009106260479348,0.3298055895583454,0.3846153846153846,True,5
-0.74832646102903899,-0.65531838892938932,0.10278772716013358,0.65588063596674218,-0.75414331303580762,-0.032991737863284444,0.099136769604512009,0.042727889420934979,0.99415603824450849,6.8797687864453039,9.6453928477846329,-2.5765404321133003,,0.07946463206387358,0.2903225806451613,False,5
-0.18258680494535995,-0.9831859772554693,0.0027189681963889351,0.98263395036269419,-0.18257586557097483,-0.03311454220755089,0.033054171513614082,-0.0033745279991767158,0.99944786472648561,-5.8281255296002161,-12.169824954043714,-0.15087018592579188,,0.1132723099303198,0.2777777777777778,False,4
0.65078294669072068,-0.75709798506942294,-0.057307916559241737,0.75591812779389433,0.63898914967467657,0.14241014946486741,-0.07119930034146936,-0.13599818970064309,0.98814733315889258,-0.515386610268463,24.213120682170509,-1.426693359252114,,0.6329194138144902,0.2380952380952381,False,3
-0.8123417874290868,-0.57542292942727158,0.094811775037989043,0.57297467733877805,-0.81778954949962812,-0.054039539762277433,0.10863166907048837,0.010426169887974963,0.99402739170328058,-9.6625023967743182,10.895987890696762,-0.03720911869404385,,0.0692259281071637,0.1428571428571428,False,1
-0.95431119613543458,-0.29009610590905455,0.071654659771424559,0.26946881127401395,-0.93911415619252636,-0.21319277987157281,0.12913830059717352,-0.18414356077582936,0.97437900651834253,-11.008849314048437,-11.048971987134056,0.66482845265005075,,0.1586462428276119,0.1052631578947368,False,4
0.41217032808387299,-0.90857226226438548,0.067912185143834319,0.9098633530280531,0.41435570769154501,0.021401549476338027,-0.047584655759832319,0.052969724817265577,0.99746173299480634,-6.8086510564841429,-16.373830483001324,0.022838873129006378,,0.1345364861477864,0.3076923076923077,False,5
0.836791273476999,-0.54707308404679822,0.022167664384585839,0.53562826794691232,0.82633560546087892,0.17398800453995025,-0.11350208460170924,-0.13371801620996265,0.98449823206135767,20.026639210638429,9.9691119587486412,-4.3341724660456595,,0.4626167137065147,0.125,False,3
-0.84742502873977033,0.49538490332341523,0.19095711095597107,-0.52035734176357085,-0.84636129509726277,-0.11358166680426579,0.10535206470758379,-0.19561788190381618,0.97500491626520236,-10.201508307467529,-9.8830434128412765,0.47813716178559629,,0.09674342675168887,0.2631578947368421,False,5
-0.98047627564293516,0.13643053442682376,0.14160855262790573,-0.14833731763209998,-0.98591920776435171,-0.07719686495594541,0.12908258247754642,-0.09669552749390356,0.98690813243361342,12.342359068080702,-8.3809729576443104,-3.2792168109091926,,0.1393970871874257,0.5294117647058824,False,2
-0.98147982106426557,0.13741974628912837,0.13346600381178764,-0.14900871590592255,-0.9855064422497033,-0.081076845451705404,0.120390047045944,-0.09946288561148442,0.98773142653158086,4.616034257686386,18.575403738247903,-2.2233127506912203,,0.1084302864952706,0.1851851851851852,False,4
-0.31920052541220167,-0.94675086911232675,0.042116699913791689,0.94655489167967732,-0.32067596419750161,-0.034652027693591776,0.046312650689084398,0.028804822878411948,0.99851160261916561,-2.3784352069109356,-2.85154147761016,-0.97488610562458267,,0.07458784700641755,0.2142857142857143,False,5
-0.79847844609849294,0.58278442452196122,0.15097842776617032,-0.59307177438644176,-0.80455439359688041,-0.030953160906049895,0.1034313373318535,-0.11425647587145708,0.98805233473697207,-9.1689000535587475,-7.9331964641455972,0.28151365890076163,,0.09444313920474925,0.423728813559322,False,5
-0.67760474165980455,-0.72812932350175152,0.10334167763798117,0.72930330303023383,-0.68339084622859692,-0.033070280920404517,0.094702197806289801,0.052958847682377443,0.99409599847439989,-3.6463260756844216,-12.969825263425671,-0.53437093983782513,,0.0918868742596245,0.4375,False,3
-0.8143645084686878,0.55429176745738684,0.17196244902745364,-0.56918934383793829,-0.82067121211894789,-0.050222031625120761,0.11328697280751419,-0.13877823362539157,0.98382247568548975,-7.4131751490945508,0.88530859923508198,-0.31537250001114853,,0.09068296043127211,0.2282608695652174,False,4
0.49711481559280302,-0.86376932665607931,-0.082337175359843279,0.86554634032858058,0.48699389263459697,0.11690372654626638,-0.060880151625427398,-0.12938121526986346,0.98972425870712033,-1.1897928654056047,16.067142204073264,-1.3859388800158861,,0.494568840446808,0.2777777777777778,False,1
-0.57621878584612185,-0.81713892981352465,0.015996256475494533,0.81488681460720314,-0.57591207358272289,-0.065458100193750243,0.062700799176310662,-0.024683048532480947,0.99772709540124049,-13.636536540055676,14.628480215465203,0.57997804415203047,,0.3515096780293244,0.12,False,2
0.96468099925174011,0.22296758785092602,0.14027125311554403,-0.2322327835900608,0.971195228128373,0.053364436534931212,-0.12433223197818602,-0.084055241529712221,0.98867396671638175,-22.824696221444182,5.9476941211337193,2.3228415689586024,0.9714398678807905,0.3906510688958958,0.3333333333333333,True,5
-0.97222368676714099,0.18424099025495391,0.14434805297884337,-0.1936008941753132,-0.97961466094069383,-0.05360792706838944,0.1315286914077235,-0.080064808623543121,0.98807379772800763,-12.07953440675359,7.9329349673648686,0.45318402917710865,0.3379593310704996,0.2906221219786809,0.8592233009708737,True,5
0.38133056129014786,0.852141476580486,0.35838792797382263,-0.92247176511862217,0.37603675457883723,0.087419687512303751,-0.06027309171657113,-0.36393854302209394,0.92947075872126339,-19.33784572102897,-6.5029690934157971,1.927249840512637,,0.2596910845279828,0.1111111111111111,False,5
-0.81290710712965997,-0.5771642266974587,0.077868418494348335,0.57224370859606588,-0.8164214089310049,-0.077415896373630791,0.10825512990296227,-0.018372219785221355,0.993953363287159,-3.8037797373064341,-1.6357018432284802,-0.79022292734194821,,0.1025954827266454,0.302158273381295,False,5
0.98121228852456144,-0.1362586658071466,0.13658704492318885,0.11888246815539998,0.9845968081895109,0.12820329195581393,-0.15195197798539239,-0.10955684047782542,0.98229725393632383,20.351249190232153,-4.8067559847552452,-4.5835977933422196,0.669337984405296,0.493397357769068,0.6470588235294118,True,5
-0.67343592704441468,0.71688332820917011,0.1804503973439055,-0.73441924722429408,-0.67664839966594503,-0.052681235141339128,0.084335173399544452,-0.16800368140388833,0.9821722565631803,-9.0760950468299786,5.1862407475977728,-0.14086160326602767,,0.07199843551588697,0.2352941176470588,False,2
0.10393700925622062,0.93008523277404842,0.35233302127748262,-0.99440914456689022,0.10381981183760762,0.019284705643383006,-0.018642728035899149,-0.35236757292016874,0.93567598144108166,-7.7991234398129921,-3.5706938409983109,-0.043754966890787256,,0.08717584080483391,0.1875,False,3
0.99141818773237844,0.0059256369764399824,0.1305942719259553,-0.013616790091038616,0.99821909181357726,0.058079495232772144,-0.13001753751345821,-0.059359342695994008,0.98973325112054111,-9.2270229858372872,-16.245669591282333,0.50554560751310962,,0.0907983373480527,0.5,False,4
-0.26246171524274953,-0.96363930957043498,0.050131118902824401,0.96411949211775305,-0.26402888520627332,-0.027610735146645377,0.039842853191501361,0.041085627990183948,0.99836091581261965,-1.1270867081436866,-4.8653979724224286,-1.1228165147328584,,0.1195646618150017,0.2452830188679245,False,5
0.87755337142069356,0.43376269123199385,0.20432818700158145,-0.46448893236363931,0.87478601959412994,0.13783849837525675,-0.11895424338737029,-0.2158688203929349,0.96914939011604484,1.7304803465747309,-9.7381806722545914,-1.4803277102869237,0.6545420692861468,0.6403553369673992,0.4396551724137931,True,4
0.8863574405805843,0.41772697090259775,0.19968641743487481,-0.4474884456039494,0.88359701604954088,0.13787822264341645,-0.11884687029281016,-0.21156675308017214,0.97011078254636285,7.1061797706734051,25.316545447492302,-2.4389470816424597,0.2848865891319875,0.2155216195869405,0.25,True,5
-0.72415074317533978,-0.68946633498350585,0.015552301534301496,0.6829854245363628,-0.72010463937055491,-0.12239370174925517,0.095585621457863659,-0.078009494815781608,0.99235976726643793,-13.735138739725377,-5.927083131466846,1.0800961315401294,,0.542688861550854,0.1818181818181818,False,5
0.77465150514522141,-0.62120585931444083,0.1183990115231148,0.62475750211635883,0.78076860357455391,0.0088572694194817801,-0.097944418552418547,0.067109373604948896,0.99292659489449686,-5.4315583946992776,0.46677952226725417,-0.5593406523517408,,0.07004529239439809,0.4268292682926829,False,5
0.32219776677585388,0.92669851132895276,0.19343853852156234,-0.94553496274860815,0.3250343099582837,0.017785712522498595,-0.0463921685701707,-0.18863341817039683,0.98095117118270025,-16.694665481135065,15.864437375932702,1.1440561995927792,,0.0857990392482985,0.2666666666666667,False,1
0.84080054484506961,-0.54098089792018489,-0.019852251099188437,0.53622467273328089,0.82725561934108183,0.16766407075068046,-0.074280173265282717,-0.15161730888679553,0.98564428041033436,21.78607821889571,3.0481968798402117,-4.6664695794556916,,0.5674869030117287,0.2916666666666667,False,3
0.81514883358133838,-0.57546855456920898,0.066093281148762367,0.56772375390334728,0.81635896631322447,0.10605553910049081,-0.11498747046907061,-0.048928323311040384,0.99216122722725619,-12.718880635139509,-6.3662301250537938,0.92748021538419223,0.7270182143939129,0.3964992534845556,0.9315068493150684,True,4
0.79294348712623286,-0.6087907003609111,-0.024789299670679332,0.59964643435395459,0.77252848772912253,0.20886332711499389,-0.10800361100759319,-0.18048163009300464,0.97763060570355176,-9.0968483392936488,-6.8748196671218613,0.27164819796704698,0.4173203461634163,0.2205721137057811,0.1219512195121951,True,5
-0.57496293614061722,-0.81566987243523714,0.06403343865548336,0.81495281381799001,-0.57788262440965654,-0.043630077418560578,0.07259155126254227,0.0270985535941098,0.99699354816287833,14.605297324350092,15.662514190934292,-3.5209201268184902,0.2272442425148318,0.1958010096930149,0.5961538461538461,True,4
-0.12485983538524073,-0.99203736752714189,-0.016488873138838012,0.99217266554904604,-0.12481138380644916,-0.0039395697251629284,0.0018502013054728962,-0.016851703241433494,0.99985628809994054,-7.6006945080418182,-15.215736394660228,0.17314073230451504,,0.1916944468242739,0.25,True,4
0.95200172834243157,0.24963711201353886,0.17712713382924505,-0.27990934847247279,0.94417550751422108,0.17373361116369862,-0.12386874452717796,-0.21497423872595345,0.96873247639039006,-6.5412065156512442,14.102161630222273,-0.6234477302166902,0.668620971996345,0.2537715419617326,0.303030303030303,True,2
-0.60683836766117827,0.77585404984097961,0.17262007090621576,-0.79122756592482202,-0.61031331446847292,-0.038426515626413707,0.07553895984852467,-0.15990044255053504,0.98423864688252549,-12.169936728931212,13.769336209208724,0.33046152737873047,,0.07827235317582845,0.303030303030303,False,1
0.0018222177878337957,0.93681148005263493,0.34982985916574605,-0.99998983965263444,0.00026466778769448918,0.0045000602730421654,0.0041231194298198175,-0.34983450486273382,0.93680244400493184,8.9652503939848334,13.084696612568132,-2.8258232064450683,,0.3866238822024736,0.103448275862069,False,5
-0.72010165622343347,-0.68721407833592074,0.095866653436845806,0.6867658870734632,-0.72561308926120915,-0.042874946588946944,0.099026365461268362,0.034963627239127722,0.99447037347213918,-3.9064823813568523,12.331546913685658,-0.98103745309826618,0.7241918386058249,0.3447678217215726,0.3448275862068966,True,5
-0.47105147857409813,-0.86608433878529523,-0.1673571708771262,0.87966967998054135,-0.44712837916983955,-0.16204155844685608,0.065511515446444749,-0.22354894464477273,0.97248861725581126,-5.864172569172899,6.0681943397457454,-0.66638860819683265,,0.3366050924841266,0.326271186440678,False,1
-0.66087517088339953,-0.74530931567602121,0.088079693893527738,0.74495042114976284,-0.66569924689975346,-0.043513017660130736,0.091065243307352967,0.036858332078934457,0.99516259215151881,4.9311148484135758,-1.7532880004070523,-2.1657913674474916,0.166260714649573,0.1435557940170903,0.4742857142857143,True,5
0.90767092951108552,0.38252960409290243,0.17264004666649993,-0.40249329427255265,0.90995575565592368,0.099898302359384683,-0.11888074606980031,-0.16016124606528875,0.97990598705830112,-12.935885472778519,-10.30736396383571,1.0603276409270841,,0.3841319905312741,0.1666666666666667,False,2
-0.26726421147496299,0.91719887567543701,0.29549291653842097,-0.96329224533180413,-0.26233806965618983,-0.056980586980805159,0.025256511007646035,-0.29987490670074413,0.9536441416917224,-14.294103156445026,-7.0397061718555642,1.195102630238585,,0.3455573379665241,0.4090909090909091,False,5
-0.3580258360808003,0.86732021307786022,0.34579350584593116,-0.93055109825461557,-0.36188857972921462,-0.05577911256645484,0.076760368913738275,-0.34174889004669506,0.93665123814367501,-12.343636989021482,-11.486965779477163,0.9423572097546935,,0.2093318551505695,0.1666666666666667,False,4
-0.2022001292223933,-0.97934299122087776,-0.0015534764214373831,0.97879548164983565,-0.20203348582860442,-0.033791651421767266,0.032779762725111246,-0.0083532119862718551,0.99942769173422352,23.69452915451776,-6.345041159056704,-5.0690770068784072,,0.1911835801562873,0.3888888888888889,False,2
-0.43739172077924915,-0.8992673381616263,-0.0025955942425768402,0.89664775661967178,-0.43589365236063932,-0.077585593898695515,0.068638787450525721,-0.036262630177731819,0.99698231604673682,19.435096313897525,7.2925712845371082,-4.2841682188234467,0.3163525499776406,0.2718950184751477,0.4117647058823529,True,4
0.13597553491692241,-0.98750488292381067,-0.079654002446139335,0.99071067170902372,0.13567612692718589,0.0091844185387416725,0.0017374883923174135,-0.080162926491433029,0.99678025981176865,-13.437548589077194,24.37589861671513,0.59780433148017542,,0.2412792900906345,0.1,False,2
-0.69870451905481845,-0.71517546021757328,-0.018331834467878977,0.70915075032656927,-0.6889813739614028,-0.14969929741158414,0.094430971421664789,-0.11759560976856398,0.98856161375987117,19.18784604738881,23.882685615818467,-3.972855172385263,,0.2121185993910279,0.2777777777777778,False,1
-0.48743714503163221,-0.87274403335724116,-0.026886462815812598,0.87053284673130726,-0.48335519733127813,-0.092413829997068722,0.067657907189754993,-0.068451482468794608,0.9953576252496017,-3.0519025790903225,-2.1945058810255147,-0.88249939581501757,,0.0988012154951656,0.1481481481481481,False,5
-0.33298648314607665,0.92602483274874714,0.17775829424998454,-0.94184424586323512,-0.33568968679702738,-0.015551550161609968,0.04527050448496249,-0.17259908258959594,0.98395128848582136,-6.0052052462102852,2.1982746403373041,-0.54308416489738742,,0.07846831756744685,0.3598130841121495,False,5
-0.85645257176040479,-0.51145945533035042,0.069987269400731411,0.50299074623045781,-0.85729250128353485,-0.10977192924217102,0.11614345238332019,-0.058811502244052558,0.99148974057842953,-6.3922241443048753,8.3665835229821344,-0.62007271815368736,0.2140590741903263,0.193819278672224,0.5516129032258065,True,5
-0.98664151749962381,-0.10819909185710404,0.12178453295610983,0.099021624015643336,-0.99193973214105868,-0.079058748897446823,0.1293570018334701,-0.065943341750497958,0.98940297238053265,-1.4129516890827927,-2.1743876480056876,-1.1857540596398695,,0.06697400771499044,0.1550802139037433,False,4
0.65350148721263812,-0.75504216259344259,0.053358588034990065,0.75296927862757035,0.65566654439761629,0.056023637875138706,-0.077285649728434574,0.0035658468708268248,0.99700261438079862,-11.01397446392172,21.224387625886088,0.18793668276973235,,0.1437091217317642,0.3636363636363636,False,3
-0.96285804827334409,0.22726991506716016,0.14578327949601699,-0.23525968492327193,-0.97111317864619651,-0.039900813393770287,0.13250380947373108,-0.072715747710158762,0.98851158845503828,-6.9621448166742175,-3.4614534276000222,-0.17856638607497807,,0.1398115918053226,0.3013698630136986,False,5
0.97551112304652543,-0.18995715050977241,0.11087979880354176,0.17659864294479019,0.97694303070647714,0.11998014029038687,-0.13111433225458119,-0.097460739399258117,0.986564968034637,-3.4317941111091343,-15.309279863491472,-0.4690751920818711,0.3260081401400984,0.3262094419734302,0.6470588235294118,True,5
-0.96361892025271012,-0.25001348247267519,0.094508386468539984,0.23606990996371666,-0.9619298887051293,-0.13770216710517214,0.12533784001938233,-0.11038182729789983,0.9859545010098858,8.2666571414808399,-6.58251522996816,-2.5531692639034698,0.8981104167186762,0.468731434647159,0.7142857142857143,True,5
0.95884183981695703,0.20492721635413877,0.19653794090143412,-0.24329240575135722,0.94982536675272078,0.19657206815001846,-0.14639375505856997,-0.23629771194491597,0.96058953763272248,-0.23982785717238489,-14.407356097389707,-1.029982457205358,,0.2083151323580474,0.1428571428571428,False,4
-0.98512434322250353,-0.02429664158939427,0.17011672932991695,-0.011826346723536288,-0.9780213392071393,-0.20816915616548234,0.17143560281810316,-0.20708436267123309,0.96318528893637256,-22.462920215421338,-8.5007323139009277,2.4425867607001557,,0.6007927537408715,0.125,False,2
