axis_00,axis_01,axis_02,axis_10,axis_11,axis_12,axis_20,axis_21,axis_22,location_x,location_y,location_z,dbh,dbh_approximation,score,reconstructed,number_clusters
0.96082202746277678,-0.27522897447085326,-0.032711514089719597,0.27409772289806916,0.92603183737984474,0.25949079841297379,-0.041127482835845969,-0.25829062656362844,0.96519142266441416,-17.814160548134574,-19.923055358207435,-1.932616327216194,,0.680414648768296,0.3421052631578947,False,2
-0.9815481186360675,-0.19086798756092868,0.011519640898796115,0.18988857991186353,-0.98005176394861571,-0.058658905549475802,0.022485951637674792,-0.055389090131971748,0.99821161617830312,-9.7737872062229147,2.313882520944389,-1.6340438230295327,0.2336038279971014,0.1490895218028993,0.7307110438729199,True,5
-0.37668908784827793,0.9188451752770409,0.11759623704072453,-0.92578931348432425,-0.37779509806664247,-0.013601871747720503,0.031929267674938554,-0.11399301621995019,0.99296833490238845,-9.1308074049496568,-5.06434264811808,-1.5595844320987808,,0.0732701750679966,0.3061224489795918,False,5
-0.9947236911989461,-0.098321690905947959,0.029285205564218993,0.097055134649005947,-0.9943958046625121,-0.041919977431501984,0.033242728615543081,-0.038856515116381073,0.9986916902764349,-12.089662492531231,19.850730724251239,-1.684425552672012,,0.07935394068696636,0.2903225806451613,False,3
0.98619445883803225,-0.16435613058172191,-0.020187909682925363,0.16318237065525684,0.94387880689772075,0.28716600041903717,-0.028142552558223545,-0.28649582934056816,0.95766807219723482,-15.300119727295014,20.525536389391949,-1.7077659211050351,,0.440693412926965,0.2444444444444444,False,3
-0.98686218506029566,-0.16129606922074088,0.0093062211426682175,0.1598294130540987,-0.9830627957441338,-0.08967774722030511,0.023613267897531022,-0.087012169710130857,0.99592735473102356,-1.5823253244707904,-15.296954191386458,-1.4546841876536396,,0.3365680138925674,0.1851851851851852,False,2
-0.85202740228055351,-0.50900565228894989,-0.1223215095596609,0.52337833906343512,-0.83323209573190204,-0.17832383138948144,-0.011154369648418355,-0.21595721932856243,0.976339110892124,-7.7541363557096616,-21.428416917268581,-1.5664310682031934,,0.1672771458764096,0.1111111111111111,False,4
0.45587736965189163,-0.88877358086865399,-0.047511533222809078,0.88959887517536518,0.45331505010443068,0.055850753222691334,-0.028100980872506891,-0.067727300985105404,0.99730805049155957,-2.3018979575367058,18.42619248803139,-1.6244716148714735,,0.07498019620941547,0.3,False,3
-0.019001476578562177,0.97229679416413084,0.23297615317020876,-0.99969714602955706,-0.022120844775854132,0.010783526638427588,0.015638417701080473,-0.2327006924883481,0.97242265893347535,-9.756459758988159,-6.2274460200373811,-1.605022588310409,,0.08447277779156337,0.25,False,5
0.70939809776394758,-0.70219205478006852,-0.060668419236354756,0.70416632101263466,0.7024493358325723,0.10351194588021949,-0.030068775173325093,-0.11615183507858839,0.99277621847395814,2.9321660651996955,12.401025985481247,-1.5862197927623503,,0.117453020043003,0.1818181818181818,False,3
-0.96946005191984819,-0.24511687176661945,-0.0080577234323401421,0.24427358743902733,-0.96215409961772103,-0.12078867110983839,0.021854569573278769,-0.11906808037488249,0.99264554097855451,-10.163422524182028,-8.8295830835585836,-1.6204488212741277,,0.2041259407121499,0.1891891891891892,False,3
0.95475255804078663,-0.2968057150402692,0.018812773161008624,0.29538481036789277,0.95373362087535651,0.056035651293657965,-0.034574075815516837,-0.047943173981442766,0.99825151407352575,-9.96349051466761,11.498940756797898,-1.7453453037873941,0.4211255711294829,0.163276915819692,0.7791666666666667,True,5
-0.99962611599532658,-0.0082519424515551977,0.0260678665386373,0.0043605459864328299,-0.98928246408088727,-0.14594927852082806,0.026992848289874662,-0.14578104028928535,0.98894857016599991,-10.559931042026653,21.753268833842831,-1.708438061787992,,0.2453132352621258,0.2727272727272727,False,3
-0.31279813397839112,-0.94981612833513474,-0.0025787078339035395,0.94956304424719917,-0.31264938033042516,-0.024091284295236125,0.022076058969599039,-0.0099843544336783094,0.99970643705385542,-14.645201104403093,18.076122493331468,-1.7768635163486726,,0.09009356536919234,0.4090909090909091,False,2
0.17625562353623003,-0.9806913533608419,-0.084725584182917049,0.98365738478692788,0.17226361315606456,0.052377446831255919,-0.036770973960422282,-0.092572766112391527,0.99502672247950408,-6.60484943184046,-16.325761609197038,-1.5669807708531525,0.289629648685262,0.3173602898074419,0.3809523809523809,True,4
-0.50439744555810817,-0.86334157970241976,-0.014984447650327373,0.86346597895324129,-0.50425554383642479,-0.01236323988894808,0.0031177082569601331,-0.01917454737827104,0.99981129050839501,-6.4608582297523398,22.692504545115497,-1.7021864811911831,0.3156348541420905,0.1702044397856992,0.375,True,3
0.33374001088340782,-0.94266446696568462,-0.0011436152526341052,0.94217337390614841,0.33352647148251025,0.032702084379026192,-0.030445666979876902,-0.011991477837591115,0.99946448952497668,-2.7604161631778061,13.341164830827648,-1.6138437000922137,,0.0743178919426027,0.2702702702702703,False,4
0.77192406968044058,0.62805560605636979,0.098383872403732156,-0.63422897739385775,0.75026685069875587,0.18669027017097886,0.043437712669165122,-0.20650861590678951,0.97748010551332143,-4.4659813867669014,20.300041969267564,-1.6678099897113956,,0.1909788184025209,0.4,False,4
-0.70310292026484833,0.68902987552719097,0.17573876677053096,-0.7108616469542921,-0.68731207288228291,-0.14925760737627924,0.017944425442865619,-0.22986940879822182,0.97305603769478866,-10.733011152036903,-10.839275225803028,-1.6818988067712297,,0.2849491756084238,0.1739130434782609,False,4
-0.50686018525745991,-0.86202819067188885,0.00038870004082550147,0.8620105875383508,-0.50685262062022174,-0.0061780208966699078,0.0055226418098170754,-0.0027963292656424006,0.99998084030149148,-14.026728735565623,4.3114950701132511,-1.7813173983323665,0.2611909983419305,0.2203784006076046,0.6683673469387755,True,5
-0.16480559853175084,-0.95989255294623343,-0.22681578756990034,0.98629281711025218,-0.16227167038585616,-0.029906251970234662,-0.0080989881660893555,-0.22863549984319329,0.97347840993118018,-16.158164800986615,-6.173838151200723,-1.825898187257099,,0.6385442163727273,0.4383561643835616,False,1
0.52541630473049827,0.84844472174907326,0.063869091581798862,-0.85083781386650026,0.52424396514253446,0.035260168838309201,-0.0035666816820493063,-0.072868505870294989,0.99733517918200798,-0.56697522888629726,8.4287173581219594,-1.5212344144893148,,0.06956077892818875,0.1973684210526316,False,5
-0.45472474169632815,0.88081930019457955,0.13184373209955472,-0.89061137457399098,-0.44869614723623141,-0.074048274353888416,-0.0060653745666921725,-0.1510931099027801,0.98850092734972794,-21.706485513064386,-25.881592694991859,-2.056222697886569,,0.38720374245517,0.8125,False,4
-0.4584145967330005,-0.87991157841509315,-0.12494667531863393,0.88866506224483832,-0.45563102594220295,-0.051718230289067579,-0.011422112217007748,-0.13474413668102675,0.99081459061854082,-4.1558769950147827,9.5778767210402105,-1.5839065943760064,,0.2661136696957128,0.3483146067415731,False,2
-0.98571368652854718,-0.16559919607190252,0.030747917826108563,0.16521964219727808,-0.98614994734243566,-0.014517272082432066,0.032726106131114319,-0.0092297138011711022,0.99942173998800121,-7.6269632365181286,13.698487379575623,-1.6708183076826708,,0.1113860849246666,0.4831460674157304,False,5
0.85100769652180575,0.51003551281834691,0.1250986655595358,-0.5247554954908018,0.83515286546161738,0.16477670121547333,-0.020434539702521341,-0.20587245317277403,0.97836545452697299,-5.6488240669444973,-15.828855458530096,-1.5403831946670143,,0.246759033468288,0.2777777777777778,False,3
-0.96732955430494838,0.23802458917365377,0.087280171384474567,-0.24878855643446599,-0.95745672986854458,-0.14622197036248352,0.048762563052452829,-0.16315914126442885,0.98539398570643266,8.0298727577435773,8.8047002813168707,-1.5091826219379352,,0.2677913288271135,0.2307692307692308,False,3
-0.88900259238729495,-0.44917755862963615,-0.088960168346219476,0.45699555780401235,-0.85811816263466545,-0.2340689622822818,0.028800188819999347,-0.24874231602207206,0.96814142011583537,-8.9873878455473442,-12.013082043070606,-1.6453570299794038,0.6910002779740548,0.3902651145460634,0.1914893617021277,True,3
-0.91019164015271592,-0.41351802417476591,0.0235376693558891,0.41339214189621021,-0.91049582866951562,-0.010211904517567044,0.025653756344304994,0.00043549742834851635,0.9996707933752077,-16.922285186631253,-2.1564621888942046,-1.7793965757257213,,0.07913794419510044,0.3513513513513514,False,1
-0.59536928157753266,0.79480990960567266,0.11752712940625665,-0.80291348606724189,-0.59392602005787554,-0.050811579286230153,0.029416873477674844,-0.12461577063451609,0.99176890315434063,-3.1621851785979538,18.096195916712702,-1.6079226151274999,,0.2400349315792659,0.5306122448979592,False,4
0.7417300047760772,-0.67068510745509802,0.0042528405596457611,0.67015659118466908,0.74137057175154164,0.035493923881954409,-0.026958176990044366,-0.023476839198179635,0.99936084309654527,-16.277381991571303,-14.212948435289857,-1.8680586709320637,,0.09465792976141844,0.35,False,3
-0.98186769674942698,0.18499080925749226,0.041403219322100122,-0.18674719836248854,-0.98144206365848496,-0.043554099526171404,0.032577752895758996,-0.050496298597347063,0.99819277388900707,-1.6192176152483428,-12.313724448073755,-1.3996709876384301,0.5836907776484269,0.4168425650684665,0.8539325842696629,True,5
-0.88633375675213377,-0.46240230593623505,0.024424968915071277,0.46243019317176759,-0.88664251820927487,-0.0048333576980875122,0.023891171691052371,0.0070108750073380839,0.99968998171776247,-5.6279994804945312,-2.7709427832347524,-1.4916155322070683,,0.06789961001390157,0.2898550724637681,False,5
0.824495955493037,0.54499087894845144,0.15228710135339305,-0.56141550959609643,0.82152261885747124,0.099565115831388162,-0.070845218332499987,-0.16758737592240286,0.98330840862410185,2.2341070674653891,16.061607500676743,-1.598942153924281,,0.1419985736672978,0.4230769230769231,False,3
-0.91104969281240644,-0.41083873705107793,-0.034640862643648213,0.40975934713227297,-0.89293491898690958,-0.18645242795838124,0.045669844144185748,-0.18406184447657051,0.98185309631519169,1.9683387708743776,20.816440713374462,-1.6729011916501186,,0.2970968324364778,0.7037037037037037,False,4
0.98750359954263134,-0.15688593780536977,0.01494802359100815,0.14611547823927684,0.94697526243916563,0.28616100249192233,-0.059050045802311713,-0.28040088239376865,0.95806494416795229,-6.5867116642160033,-12.407686909683894,-1.5477950018929021,,0.3873526981475577,0.25,False,3
-0.99629374098771917,0.081326170323545985,0.028014919046829904,-0.081728252601849058,-0.99656297621336742,-0.013517661314111088,0.026819291477277962,-0.015757171740520378,0.99951610149281522,-17.778486057231589,-5.8441630872470434,-1.8757948130863715,0.1682379966523372,0.1513205186953809,0.6630434782608695,True,3
-0.9267998014582518,-0.37554775309276928,-0.002452175344000624,0.37336286114904138,-0.9206639297008401,-0.11392147498346639,0.04052532457053179,-0.10649795159898304,0.99348673084932237,-6.3592943059458955,8.8143933557360832,-1.6333072179534944,,0.3099868886583038,0.2666666666666667,False,5
-0.65768960771248686,-0.73839322996064738,-0.14906313378993327,0.75281892624416047,-0.63729187824308076,-0.16468978782545513,0.02660909986418529,-0.22053231027150369,0.97501664392497855,-4.1195805383163373,-9.3939302667648974,-1.4766907397894855,0.7483006332470296,0.5711124265570454,0.3431372549019608,True,3
-0.99840571606565198,-0.018776140564163907,0.053230467525172354,0.0054091135807805713,-0.97053834345628498,-0.24088600077920935,0.056185119183854049,-0.24021403045335588,0.96909259204456355,-18.432269225372295,-10.833698476419832,-1.9233140605457941,,0.3768071671818185,0.5714285714285714,False,3
-0.7237354427170376,0.67639675762265927,0.1367275949935724,-0.68989122476810605,-0.71379967624583363,-0.12058242068935518,0.016034554659712177,-0.18159693959121576,0.98324231224452874,6.2743839644815456,15.012413845259761,-1.6042914320916892,,0.6103053306824727,0.3125,False,3
-0.067530601890199243,-0.97453893966874372,-0.21380709267390258,0.99739941242430052,-0.07134908445994019,0.010184313545213783,-0.025179950436931255,-0.21256331578155177,0.97682281242810087,-1.7399277839200205,12.039673007263396,-1.585070890389928,0.7339148707761044,0.5644816904586205,0.6783216783216783,True,5
0.71575176076480485,0.69668880295242208,0.04820921906444911,-0.69819461503722313,0.71535894473337114,0.028033189668363601,-0.014956486723373796,-0.053724222010933159,0.99844379484987245,-33.32827383042779,17.933482567968898,-2.0677625378060331,,0.6274600151643552,0.1219512195121951,False,1
0.75129006406267207,-0.65945680350722824,-0.026076118360207224,0.65903485795513961,0.74753225711578819,0.082876900107473575,-0.035160996014838214,-0.079449662550600042,0.99621857816437076,-9.72344418302416,-10.138336088302054,-1.6197279218771501,,0.1389773101821651,0.1666666666666667,False,1
-0.99835775987793629,-0.046843831282717983,0.032976336398486961,0.045374065497203818,-0.99800102292624104,-0.043990367336868987,0.034971094803642883,-0.042421854143041254,0.99848756067329247,-10.986055291722334,0.19707325338904561,-1.6324211474025385,,0.07604329187528744,0.3116883116883117,False,4
0.23342669365970978,0.96170355751697212,0.14366017592323804,-0.97236608834096627,0.23025213701880362,0.038576464881607007,0.0040210610022471888,-0.14869505996324744,0.98887492141875122,-17.690992999220803,17.56454693961539,-1.8857755264151619,,0.1266955300787238,0.3,False,2
-0.47418391295769591,0.87083796340123643,0.12957954387677889,-0.88038507500180929,-0.4704142000904073,-0.060271054971354363,0.0084697347175765689,-0.14265946113906341,0.98973559183315452,-9.1749672315013715,9.8261904883582645,-1.7277605792622452,0.6247988376337843,0.3725522287437027,0.6704225352112676,True,5
0.93995008248012357,-0.34076584248930791,0.019299819640644877,0.33769627981606609,0.93671363726241852,0.092351417774714298,-0.049548612937179673,-0.080288245460732197,0.9955394179020931,-1.8812281369459669,16.461418593686975,-1.61058839398116,0.291692251274796,0.1025274344417453,0.5,True,3
0.063527524170498811,0.99457898018153001,0.082321964589242999,-0.99773839624362726,0.061480377542552735,0.027170863777546052,0.02196238452353173,-0.083861882630257456,0.99623533279428877,-29.14250471677401,11.5666846637,-2.0793664260988542,,0.1283690969019025,0.6190476190476191,False,5
-0.99966833924410448,0.0077301665575182556,0.024565342210699004,-0.013313072602511793,-0.97166048088354706,-0.23600566092158895,0.022044809158075603,-0.23625442729004845,0.97144113150259237,-21.978473674691784,5.1854420106603625,-1.9721260173364896,0.6820464404754436,0.4990992593830142,0.3191489361702128,True,3
0.10797835749439431,-0.99247971212780606,-0.057660171067376698,0.99399802963425821,0.10675490732012044,0.023902025987007122,-0.017566769652496088,-0.059894997936212079,0.9980500978539083,-7.0949048435931648,-10.956328540046378,-1.5158184200044988,,0.08185667969542575,0.2941176470588235,False,3
-0.83336448360276572,-0.5525691654984779,0.013074968826412434,0.55229875939565454,-0.83341811991136394,-0.019501737702793266,0.021672974865411018,-0.0090307665080804466,0.99972432571022296,-10.738691893821647,-6.3578496370482496,-1.6384130186417438,0.4005597672268389,0.373042081354439,0.9671717171717171,True,5
0.98498073621595594,0.16637023151860217,0.046194105120892906,-0.1697103875706899,0.98211456663761909,0.081543622367464666,-0.031801472199877792,-0.088158516676769161,0.99559868536638385,-2.5006058654692196,7.684875997582961,-1.534905449900998,0.3575755959099048,0.172354427310523,0.2713178294573643,True,4
-0.98316300293841619,-0.18256307425269358,0.0078251883377497798,0.18000615695195243,-0.97498282475129971,-0.13040810902457281,0.031437129520756661,-0.12680384599601585,0.99142951919342881,-13.180864712779007,17.275657381646148,-1.7887862072382417,,0.1532278566778408,0.2058823529411765,False,1
-0.20371177373267046,-0.9787847021109668,-0.021954957441023305,0.9790296974623719,-0.20369551716795167,-0.0029979613772183507,-0.0015377676768087625,-0.022105275371019462,0.99975446589217365,-18.108727725301183,-3.7166200643646095,-1.8539092678458979,0.4483086559142344,0.4374554102058257,0.8541666666666666,True,2
0.94539666018176172,0.32249129981477015,0.047164779878118276,-0.32491284730262354,0.94392786761583136,0.058581758218172089,-0.025628042743709327,-0.070707441489636244,0.99716781994963954,-6.3321346966333572,-9.1255987465604402,-1.4917502052505121,,0.07130979376347459,0.3265306122448979,False,5
-0.92643356170863334,0.34975817588842772,0.13924824644876457,-0.3746125666802364,-0.89308982160990069,-0.2491104080965735,0.037232789649739258,-0.28294838563949343,0.95841219234674957,-36.824541972726571,13.215296618555074,-2.0044455963093379,,0.3749126047488198,0.4705882352941176,False,1
0.94089238495058747,0.32904067698385037,0.080335252735053084,-0.33741981512864738,0.93122150971147466,0.13774747986526342,-0.029485391307303412,-0.15671226097753552,0.98720407158741186,-15.764460438488047,29.150689982063206,-1.7698887050729957,,0.5405613333337,0.6,False,2
0.7003899195267308,0.7020395200097308,0.12881953644477309,-0.71361896575216499,0.69234521047106934,0.10679925681661116,-0.01421029007971235,-0.16672918725369329,0.98590032243304027,4.4817097936747983,4.1205339213286427,-1.4036476698969447,1.170981688654839,0.6718915827776756,0.3364928909952606,True,1
0.28923635923221802,0.94011601305711423,0.1803446990950601,-0.95694470151779276,0.28878156990960002,0.02936057079775567,-0.024477882570078664,-0.18107204884836087,0.98316516740105386,-18.568586843813929,5.3935714475826924,-1.9465540960641448,0.8637994501217083,0.3403492974481341,0.4415584415584415,True,4
-0.97844277635947585,-0.2061716138308673,0.011958220617467308,0.20519754073033428,-0.97709274820667513,-0.056424557420941039,0.023317432709950715,-0.052754403155585133,0.99833524944254781,-4.4594580643247861,-18.990021953328061,-1.5535081278594134,,0.09128421666596176,0.16,False,3
-0.85261767538668753,-0.52120814892853384,-0.037217806339070555,0.52049841042758827,-0.84085442677106481,-0.14847638775865346,0.046092346008367341,-0.14596540161968363,0.98821535971135821,0.31482695032151464,20.111142035431691,-1.6601087724727546,,0.231207001721664,0.7272727272727273,False,3
-0.98060644872139724,-0.19395009402521163,0.028184282031347371,0.19357946615029015,-0.98096438000258768,-0.01535823723960613,0.030626508305381848,-0.0096044882086934319,0.99948475265772319,-7.4583153890700205,12.261851964885649,-1.6507572112058662,,0.07065860608189527,0.3380281690140845,False,5
-0.85282338024338922,0.51458856130246355,0.088830708017554397,-0.52090038949984985,-0.85029449854368644,-0.075246594376392681,0.036811225586009078,-0.11044400537376994,0.99320041046500496,-3.3642050931439043,7.5817655633394914,-1.552719295837075,,0.07490075608219483,0.1888111888111888,False,4
0.45049131049608648,0.88040168668561225,0.14815684003328622,-0.89242187455049704,0.4393609989436254,0.10268938811307125,0.025313573262105801,-0.17847908193508208,0.98361803578437634,11.195277205171031,1.4721486619195931,-1.368867195608588,,0.3577823615514555,0.1875,False,3
-0.86972724833539061,-0.4934212796761917,-0.010485907955869799,0.49298975572994402,-0.86757803255589561,-0.065341090990058984,0.023143341337837645,-0.061998372471787293,0.9978078911105932,-18.553169435432764,-4.4509117009518926,-1.8833129158227653,,0.10555650334944,0.44,False,1
-0.9813047926120162,0.18791308516996255,0.04158817642785366,-0.18994029998782719,-0.98042857296821107,-0.05179281560265709,0.031041688697976501,-0.058723808880411024,0.99779152523628611,-11.30613027390187,12.458407914613979,-1.7763880857872791,,0.1015822086168745,0.4747474747474748,True,3
0.95027748854898586,-0.31040677554175683,0.024906393853814435,0.30889376071017755,0.94973199937911079,0.050929107096825701,-0.039463139147253259,-0.040703354322780265,0.99839165541160158,-12.193662129285547,-2.8983893268789198,-1.6133658003821305,0.4295218219456879,0.3569789191846651,0.9343832020997376,True,4
-0.9941059936700184,-0.10812961832334285,0.0078268122881792485,0.10574883007223752,-0.98305574004343388,-0.14972841048381694,0.023884268623913012,-0.14801823404197709,0.98869618392274372,-16.303677931957452,-12.441674009142098,-1.8516509217890429,,0.3081458057487274,0.5869565217391305,False,4
-0.24561897383803066,-0.96327305040194289,-0.10851889264127594,0.9693459763829998,-0.24334223318028336,-0.033954905697428941,0.0063006159096931809,-0.11353232103752919,0.99351432517049776,3.5594480382818023,10.341547274225288,-1.5400403257406592,,0.6571119795427545,0.4623655913978494,False,4
0.34375651971785559,-0.93905878241903951,-0.00024148113358892984,0.9384878830755089,0.34353854504446918,0.034953703511623177,-0.032740624183372161,-0.012242190588269922,0.99938890342933207,-22.089640596364173,12.640918084361225,-2.0853334141590616,0.5489729644723382,0.4929316305456041,0.9423076923076923,True,5
-0.85857251281153801,0.50409340283025283,0.093504446244546735,-0.51136894326236415,-0.85508872429605565,-0.085586666300768027,0.036810923802807038,-0.1212976290154192,0.99193338540651144,-16.148525020364644,9.8644749275809449,-2.0120711128149242,0.5469896488158301,0.4561197887403372,0.9567779960707269,True,5
0.2312087543010872,-0.945578210087615,-0.22896366642339364,0.97150700652061694,0.21178417801674754,0.10640299912653692,-0.052121475572845605,-0.24704111105092233,0.96760221229327315,-0.58465997682896886,-9.2050492315661252,-1.4395198016992004,,0.334986031878145,0.125,False,5
0.3088722502958765,0.92365049705449742,0.22686492079680862,-0.95063479256570615,0.30729680118656721,0.043152834716398129,-0.029856727227191487,-0.22899440008760921,0.97296975316183287,15.10523217794948,-3.8469506572736334,-1.3917468125780637,,0.5249067628864879,0.5740740740740741,False,5
-0.4750858355574864,-0.87992851954653628,-0.0043874071257136854,0.87992434001578745,-0.47504254132463997,-0.0082304179486253955,0.0051579744499583293,-0.0077707413075841988,0.99995650449362272,-4.7006271283618259,-5.4668592419516271,-1.4399439045279854,,0.07388758509190453,0.2647058823529412,False,5
0.060465103629452177,-0.97598712636123863,-0.20926801098163714,0.99793036950066671,0.05451050968084753,0.034111317221650755,-0.021884900533049347,-0.21089744785431899,0.97726317725431189,-0.53759922511757618,14.03895757659884,-1.6262256716658787,0.6543585523350597,0.2431693897459252,0.1470588235294118,True,3
0.9971711829600276,0.06626058933724388,0.035484731572630823,-0.069204174335839738,0.99358773399412958,0.089410274079138319,-0.029332816581351995,-0.091613040322287398,0.99536256545758861,-9.5028125467164788,1.3173997097914203,-1.6212492274478396,,0.09716381323122454,0.1527093596059113,False,5
-0.94029362396975158,0.33484796250562138,0.061030670385183915,-0.3381606430492658,-0.9394360302905741,-0.055743380632987581,0.038668853284498497,-0.073053316130898743,0.99657811173431876,-1.8675311469020714,-22.717095064098935,-1.3820334537023813,,0.1332787665551771,0.25,False,2
0.90813155745711438,-0.4154436290128331,-0.051996783200146161,0.41692565091229961,0.88594186174457557,0.20317484888615112,-0.038341569632330041,-0.20618828463616093,0.97776086816610008,-3.4570210874566638,-26.845132969194047,-1.3644383678765855,,0.3663902883437926,0.3125,False,2
0.37857171779225501,0.9150241706615927,0.13933492596217661,-0.92371423863439894,0.36397329707378706,0.11947989103321451,0.058612795803419139,-0.17393736264040771,0.98301085143847988,-14.539229765169365,-12.030795524459467,-1.8096696872323612,,0.2138803428713849,0.12,False,2
-0.23845529972298868,-0.96800860560769331,-0.078092313984603146,0.97113998271298341,-0.23810366657564752,-0.013920414485927173,-0.0051189852751072394,-0.079157965061534344,0.99684894169431237,-1.575013334136701,8.3265341342848025,-1.5256650154633031,,0.07034394337414696,0.2,False,2
0.83564294621771862,-0.53579158530063375,-0.12094727594122777,0.54709493866006687,0.79231036630053875,0.2700581632634762,-0.048867110914268715,-0.29184184171180527,0.95521743330885278,-22.654493988223368,-10.868356898823258,-1.9468680746654792,,0.4135650785518016,0.1764705882352941,False,2
-0.74376560767567379,-0.66725733371401463,-0.039753885894349278,0.66823263632648344,-0.74073510297060308,-0.069113319810936505,0.016669270739737049,-0.077968954283067535,0.99681642120352887,5.5703576340861085,8.6346896633130861,-1.5003047637415632,,0.0890329130078706,0.1666666666666667,False,3
0.91960837475959289,-0.38938832879405794,-0.051934251424186895,0.39106850407530902,0.89490615785355487,0.21496137735902326,-0.037227170082079264,-0.21799013288394262,0.9752407086319359,-23.373329320351246,14.659398697219396,-2.0593293629013028,,0.5109551378589418,0.3529411764705883,False,1
-0.99979355148744464,-0.006593006412583766,0.019219434709864168,0.0017887209074191372,-0.97077971709148914,-0.23996570871956777,0.0202399328466886,-0.23988178995124398,0.97059109411128919,16.555322770098538,-9.8450499677075083,-1.3659680175228652,,0.636970192808939,0.1538461538461539,False,3
0.91936699547375234,-0.39230967915587417,-0.029282132336635326,0.39337425411385069,0.91762192869346326,0.056803980329372249,0.004585175453207916,-0.063742541693152077,0.99795584298332529,-14.940663184837794,-10.904991346567421,-1.8444793324914874,0.368190268814553,0.1649523153608013,0.25,True,3
-0.66597847798141985,-0.74075408672825616,-0.088068438506301708,0.745865025877258,-0.65923760777629237,-0.095347468065533444,0.012570999907247971,-0.12918652982713841,0.99154062472122295,-11.431827521271343,-10.150641294945364,-1.688946231077824,,0.1140401473296564,0.1111111111111111,False,1
-0.9704669594587001,-0.23855261561854293,0.035868233585407736,0.23712493081819708,-0.97065917788686962,-0.039906485293140219,0.044335626571087597,-0.030222673037606382,0.99855943350959864,-11.536880476525148,1.5992374464511578,-1.663728282973985,0.6623064166648247,0.4212678082714798,0.9326241134751773,True,3
0.86832267309535505,0.49261099032350586,0.057880459578619411,-0.49517858810919418,0.867674494084968,0.044035646839574553,-0.028528954883105064,-0.066898314828474442,0.99735185075598443,3.3027607512485555,14.633881646429501,-1.5920328802535086,0.3725153197969765,0.3018896221618402,0.7681159420289855,True,5
-0.63110567482030144,0.76259066007251408,0.14198983195911985,-0.7731472618373465,-0.63323223433676978,-0.035499984651772246,0.062840581816416788,-0.13218329155770547,0.98923133730687318,-40.276827930101639,17.179083446385093,-1.9839847562300352,0.6209449803095902,0.3938886599607938,0.8301886792452831,True,3
-0.84356813978165557,-0.53077427237101005,-0.081679038524838488,0.53646982355291062,-0.82599984743692678,-0.17298664818789519,0.024349988961518545,-0.18974436440431786,0.98153153500759982,1.4972693718414509,-8.8267235489912608,-1.3881391588853418,,0.1613422500341345,0.2413793103448276,False,6
-0.24823960202267639,-0.96855266499399817,-0.016817702597170407,0.96869759539115496,-0.24822769197379985,-0.0028251762341618262,-0.0014382875293222439,-0.016992588689894821,0.99985458105596436,-0.79957723768780742,16.392427435424818,-1.5921680360829789,0.5057641966420248,0.4766082555458961,0.9182692307692307,True,5
0.092585747604270782,-0.99561769110249743,0.013164061086525874,0.99555756474347135,0.092791260473190862,0.015966128580362796,-0.017117669894191233,0.011627344646477198,0.99978587219157289,-20.156879709214859,5.849074986219688,-1.9721700892121345,,0.07752036697686464,0.4166666666666667,False,1
0.38150716348392677,-0.9243001673325727,-0.01102201793802721,0.92399747173474256,0.38099138610811667,0.032775538732710406,-0.02609514204314194,-0.022688419521726056,0.99940196076521381,-10.553742539856669,13.671108395464152,-1.7087388869731888,,0.06788609542795349,0.3076923076923077,False,1
-0.37652949014703108,-0.92626903863227017,-0.015849641032753839,0.92639538119346854,-0.3763941598434728,-0.010910276767105629,0.0041401392519349114,-0.018791075194798886,0.99981486023163213,-11.558718932542337,-11.443798002256784,-1.7223791485507789,,0.07330052088056696,0.3529411764705883,False,5
0.93292986408089329,-0.35854121899009173,-0.033016101997453792,0.35945006687799452,0.92210354720690768,0.1432504717264291,-0.020916933986902302,-0.14551028318829667,0.98913560210875551,-17.856993349687432,15.824035427960126,-1.901576118992401,,0.2052234615566036,0.5,False,3
-0.92493872415453171,-0.37351518738011386,-0.07053198817406077,0.37996799289940997,-0.91370365439088497,-0.14411785567630481,-0.010615127478338808,-0.16010008353883107,0.98704370841390698,-9.5592688535906056,8.3760427094362182,-1.6763622182711664,,0.3456851330223791,0.26036866359447,False,3
-0.67227483571014179,0.71481251389342082,0.1925866434939611,-0.7398302771384031,-0.65799665345019864,-0.14032663709236703,0.026414130692028203,-0.23681949672631972,0.97119453235182351,-7.5439603517574154,-3.7804879359104602,-1.4986171870068323,0.2877621854550192,0.1654301286390663,0.2921348314606741,True,5
0.86068243047232385,0.50416876577133796,0.070990207049002857,-0.50854834525835102,0.85801329567431273,0.072053903302306127,-0.024583214013785749,-0.098117480943564719,0.99487116026249456,-10.5665557794664,17.721209557850329,-1.69033604496467,,0.1314263639866139,0.3333333333333333,False,5
0.79737269333321159,0.60073223316703284,0.057598367691190797,-0.60307238523238205,0.79672516872381183,0.039149759796696056,-0.022371546586357986,-0.06595293440145801,0.9975719143736812,-8.0412810171213724,1.7625089777021745,-1.6015198612303332,0.2214224162478677,0.2089296097790021,0.8625314333612741,True,5
-0.5991190132793085,0.76459953974099248,0.23757935885739409,-0.79555840613662521,-0.60193359841509175,-0.069012792469304168,0.090239849027911018,-0.23035513219140888,0.96891345471125434,-14.023130110248641,-10.971783149089756,-1.8220483870740241,,0.2665077608409136,0.2307692307692308,False,4
-0.5612374464115697,-0.82698281201235313,-0.033346024973917116,0.82760020864838657,-0.56028183042427759,-0.034090543286482033,0.0095091214403238075,-0.046730066686896374,0.99886229154817463,-32.690144730159254,12.599457094366327,-2.0586864326114656,,0.2317190683235807,0.8222222222222222,False,5
-0.99857825640335873,-0.035954448674268245,0.039354078047372565,0.027736157621844438,-0.98092389217374953,-0.19240328303612531,0.045521109375821274,-0.19103820398871146,0.98052650816689435,-16.578181968938864,-10.777781973100296,-1.885490089414809,,0.5310963282903851,0.2463768115942029,False,4
-0.21375247672656608,0.93684625579498237,0.27681938461058181,-0.97666129277521374,-0.21104600312583288,-0.03990368102392209,0.021038010550117305,-0.27888828868838011,0.96009308118773562,-15.63936417650768,13.744545719794614,-1.899105042116781,,0.5260781753180162,0.1,False,1
0.29640204468995834,0.94927065094979846,0.10502884912707784,-0.95500459785794867,0.29580505332820911,0.021577499754915616,-0.010585177078817818,-0.10669864887074215,0.99423505890476849,-11.971830499885813,-9.2102306469791291,-1.6675200108042072,0.4015720858292202,0.2239482828387958,0.3043478260869565,True,5
0.99557536099102728,-0.080884792851095136,0.047826257150452023,0.071431744733488678,0.9821410223674073,0.17405894986306655,-0.061050851197304752,-0.1698724888513124,0.98357314476328861,13.922308737985995,-1.1827938354787069,-1.382127143736845,,0.3375250754367108,0.25,False,5
-0.26901862248411001,-0.95029122258979959,-0.15676598172287357,0.96194407513358748,-0.25701126607321034,-0.092783648488474355,0.047880863318648978,-0.17576063660623778,0.98326782798362256,-19.633325988363399,-17.290125669773122,-2.002952093491654,,0.555935748786226,0.4761904761904762,False,3
-0.74634412517491133,0.63819611101810247,0.18888136673125228,-0.66159368596807244,-0.74233075427397976,-0.10601342342460096,0.072555092888614961,-0.20408521538904778,0.97626071484800103,5.2532814828360541,-16.170136544204183,-1.3125321767798583,,0.6012150242232492,0.3974358974358974,False,5
-0.99755081099216136,-0.069690525209268606,0.0059674269948667077,0.069158812983521029,-0.99549441294527863,-0.064868577766486163,0.010461265487173342,-0.064297002191335495,0.99787597297139863,-13.173865857974903,-14.082036776725312,-1.7408927623519195,0.3281107727418821,0.2880660301444446,0.8170731707317073,True,5
0.36823365536447228,0.92821844155345601,0.053051859694023096,-0.92973146775464766,0.36752024843618886,0.022984013056739267,0.0018365521254216106,-0.057787470523265536,0.99832721856454221,-12.992326549324648,-16.023857322374329,-1.8076922107484903,,0.1051504657475991,0.4736842105263158,False,3
-0.32398583220520383,-0.9359193096708659,-0.13816014734905074,0.94603645164696792,-0.32157561015769254,-0.040051955094878106,-0.0069435355198808639,-0.14368080155997767,0.98959972442274169,4.6170348306263662,6.5089521286132115,-1.4614812732437645,,0.3527746147786086,0.2222222222222222,False,5
-0.324756377178893,0.92638679353669351,0.19063264212207506,-0.9454367328917157,-0.32353802410895632,-0.038373572347512638,0.026128137719285412,-0.19269316468540076,0.98091114006460634,-7.1188952994524968,-8.2320818679068921,-1.5242536758995138,,0.08391944400441098,0.2173913043478261,True,5
0.80169210762857102,-0.58774271259300159,-0.10884975130830674,0.5964705413428486,0.77476804559890955,0.20966012694123529,-0.038892902645970555,-0.23300853914109274,0.97169664135012035,-6.5823079165295546,-14.821259137539894,-1.5647494747355641,,0.4835813915750193,0.1379310344827586,False,4
-0.49792842182469743,0.81753517200347103,0.28931562224743651,-0.86672251560841218,-0.48041110917291197,-0.13415381888219985,0.029314973590160449,-0.31755536323688144,0.94778648629472451,-9.9327386298698617,15.534138376109206,-1.717865572989757,,0.3256883628120361,0.2608695652173913,False,1
0.99714311033977387,-0.071303709590070735,0.024927865945880902,0.068375748377787315,0.99230041672722769,0.10326974385921113,-0.032099447591796275,-0.10127025210625483,0.99434096843217534,0.40352195960147541,5.9976336237334102,-1.4779288992500887,,0.9112636912648546,0.5035532994923858,True,2
0.19056348540556511,0.97768623062535587,0.088403577278666712,-0.98164081767483125,0.18903250789222531,0.025456159071294601,0.0081769862889829702,-0.091631574282874981,0.99575940441939603,18.047944088049192,-9.6703327673808914,-1.3863688728697723,,0.08004977894871804,0.4444444444444444,False,4
0.93120940732445068,0.35757940999301063,0.070611651018057955,-0.36323909625335321,0.92644777166430614,0.098751634575276664,-0.030106455511944585,-0.11760736340592068,0.99260370209324478,13.938607196118152,-9.1512539053245074,-1.3471685664607762,,0.09473729056930785,0.2631578947368421,False,4
0.14499717602455467,0.98476338156326226,0.096004694036248173,-0.98939261792679667,0.14344077625598517,0.022956291055846144,0.0088355269715277348,-0.098314932940880076,0.99511612760720869,-6.1496685102940418,-17.251270413456847,-1.5816132151071649,,0.08379012734778707,0.2173913043478261,False,2
0.55345912054675761,-0.82404074892810952,-0.12099523126805642,0.83230844224716505,0.54185053482324474,0.11687880421984724,-0.030751566589486246,-0.16539299265012469,0.98574819255960511,-18.05844208434479,9.717621441570051,-2.0747371418249916,,0.5172465344717192,0.131578947368421,False,1
-0.67590048515162549,0.69643618046533962,0.24111238191068857,-0.73622490342528657,-0.65297169298032054,-0.17776630654553313,0.03363667266873812,-0.29766527292457601,0.95407754378064713,-20.959213348814099,22.169775101607389,-1.7106257042290121,,0.4497098425640587,0.1333333333333333,False,1
-0.15340727351384603,-0.98514928859729722,-0.07711736256698834,0.98814781766593229,-0.15337032710885123,-0.0064368629455785545,-0.0054862441710358621,-0.077190815119185435,0.99700124332226003,9.729819532247916,4.2530423397183927,-1.4273999245905997,,0.1995760005335228,0.1730769230769231,False,4
-0.91793162905146075,0.39144529429158736,0.064591841310681464,-0.39523087248060512,-0.9164229312147566,-0.062940992858181888,0.034555489074117374,-0.083304217904776656,0.99592485934136721,1.6506628892497754,-17.886101566884392,-1.3672283258577689,,0.101077155058324,0.4285714285714285,False,2
-0.76747271499009573,-0.64101881989239273,-0.0089724182635319907,0.63965423767196361,-0.76475549879855809,-0.07740467224701407,0.042756145453381703,-0.065145219326767936,0.99695938353818425,-8.0713933970564913,-16.713905913409544,-1.6308358769154956,0.3448149098593533,0.2817875317141976,0.673469387755102,True,3
-0.30133325560067475,0.95076680161698934,0.072393079863339135,-0.95297034639550826,-0.30286558347297798,0.010952499185033951,0.032338644992083498,-0.06568810615761396,0.99731604055560152,14.484366100789504,-10.716406240735392,-1.326771238952547,,0.1056497129964099,0.3571428571428572,False,3
-0.98871104238870922,-0.1489867546579077,0.015919220933701586,0.14572985006721517,-0.98087974568059499,-0.12898734555357616,0.034832247386847821,-0.12521130719737372,0.99151845322813104,11.759800571885229,4.3858108024501234,-1.4353868573863886,,0.2599882356182007,0.2380952380952381,False,4
0.3429382840773616,-0.92707881485191546,-0.15138759647621028,0.93814441350718769,0.32982899969772783,0.10534652516173401,-0.047732512183316131,-0.1781507844809147,0.98284480222947967,-8.0367706357382271,16.284088126086885,-1.6726055116104017,,0.6209284534329683,0.2894736842105263,False,3
0.95020465497309903,-0.30006432492870699,-0.08409824357579751,0.31089432998923489,0.93128872359549231,0.18985791762374374,0.021350158032188534,-0.20654954419934946,0.97820317753677422,9.9403167992922334,18.371709730302129,-1.6642623517197643,,0.2562774126107016,0.1176470588235294,False,2
-0.89064859113578332,-0.45436549307966967,-0.017236177253424807,0.44980117673510556,-0.87488948582999293,-0.17957530173117742,0.066513070261093488,-0.16769134230066191,0.9835932214090557,10.206445921283045,7.2008785890914142,-1.4954737610364612,,0.5430737500770024,0.4545454545454545,False,2
-0.90056654128380009,-0.43177160301410428,-0.050529076290428826,0.43071098537870695,-0.87047155470780346,-0.23825893376468016,0.058889318167528487,-0.2363314521497506,0.9698863299018875,-15.376121910936007,17.042293845541405,-1.8291714473855876,,0.4989629466688037,0.2941176470588235,False,2
0.65760184875604188,-0.74609157221283884,-0.10443741851276581,0.75263224815377883,0.64450295547909764,0.13476141665067637,-0.033234132328447588,-0.167222325817108,0.98535891237492346,-10.088157474610481,-17.520824356703546,-1.7183966109009863,,0.2684793915839183,0.1,False,1
-0.39643273878603091,-0.91106533185739869,-0.11314170188827599,0.91796849734367381,-0.39514529995340897,-0.034554736423946381,-0.013225789322554349,-0.11755914686786106,0.99297780714600892,-8.0614309644158233,-6.2544653802007524,-1.5549312584332105,,0.3194805180791938,0.1621621621621622,False,4
0.53629929011530264,0.82806855961651171,0.16335706901281727,-0.84400113094459872,0.52768301687309183,0.095982939462962921,-0.0067202965753746869,-0.18934913329177966,0.98188682817094097,11.101500811073404,-8.9452406365096682,-1.3180888243046474,,0.5934048987799115,0.410958904109589,False,1
-0.98917571814266048,-0.14584055742122423,0.01618426544574612,0.14317895733024361,-0.98344675364226208,-0.11105074933704759,0.032112066498063321,-0.10753145847407677,0.99368294773718513,-4.52287251195433,-12.564265873295966,-1.477699855353936,,0.08007172056948539,0.2580645161290323,False,2
0.13377381796126755,0.95718664765323036,0.25670661694322655,-0.99096884949898012,0.12678807292084379,0.04365230678539838,0.0092360679259849039,-0.26022779659250383,0.9655030755672801,-31.563272472071151,12.675116725073298,-2.0887591368817033,,0.2549755804504123,0.1818181818181818,False,1
-0.72319645615754091,0.68672843545849216,0.073423032720710504,-0.68962184592353293,-0.7238126807630465,-0.022735716211107072,0.037531259320648491,-0.067076516750236487,0.99704169695878919,-5.2627402404531205,-12.481312286351514,-1.5009203841389633,0.6181648389869868,0.448430197805869,0.3157894736842105,True,2
