axis_00,axis_01,axis_02,axis_10,axis_11,axis_12,axis_20,axis_21,axis_22,location_x,location_y,location_z,dbh,dbh_approximation,score,reconstructed,number_clusters
0.93308501975381641,0.28830772426376949,0.21501395778150476,-0.31707694612034254,0.94159057256404544,0.11344339512510598,-0.1697485085354736,-0.17402830168785732,0.96999979075339138,-8.8281546044780335,15.58125333857579,-0.022435237364610932,,0.08384686621676654,0.1538461538461539,False,2
-0.026513513202818473,-0.9967489734385574,0.076082307843713837,0.99865417761652331,-0.029804016512100566,-0.042444718503148397,0.044574287955154425,0.074854555966408137,0.99619773554468727,-11.212805831716512,16.969068541626953,0.39999775267364951,,0.200230042132296,0.6304347826086957,False,4
-0.50184572060823929,0.83466210326588997,0.2269141821900065,-0.85371768560159422,-0.52013023826987947,0.025112716467515013,0.13898556039479881,-0.18111794115736021,0.97359093329419655,4.3788321393656995,3.0644531220971518,-2.6697571644109752,0.2082239569339022,0.1505073120962932,0.5614035087719298,True,5
0.06180907031562697,-0.99406154318875595,0.089561638997432261,0.99477648871149371,0.068659057299900364,0.075535894497386374,-0.08123654555401269,0.084425009350769326,0.99311280399689383,-25.962048258283748,5.6525819591676374,3.7212131228681211,0.2886659903772963,0.2540615525197187,0.775,True,5
-0.84008924716654065,-0.51758615487772897,0.16234108868072369,0.52318909567342819,-0.85216364705386349,-0.0095020423214701721,0.14325929974551538,0.076952523797119185,0.9866889490197398,-27.720031967522207,5.8688626799726888,4.0512783877198206,,0.0787175068901388,0.4,False,4
-0.93142081895986106,0.26254537475731088,0.25204202864142827,-0.2975254963316446,-0.94813880622817714,-0.11185429431549758,0.20960400053613479,-0.17917234808349342,0.96123016631891933,-26.357111279654305,1.7220947987625217,3.8454319573630702,,0.2131790809571671,0.2580645161290323,False,6
0.88951303402884496,-0.42011121462691592,0.17964723665421714,0.4137233069406358,0.90742876603196843,0.073525912927375953,-0.19390613086466205,0.0089219909435588191,0.98097951583644194,-0.8682694744393129,4.0139775275280938,-1.4982677111487004,,0.09129922021294945,0.323943661971831,False,4
-0.37471284841497116,0.78738840593493453,0.48949951933784369,-0.91993689907565945,-0.38144655755170076,-0.090634570948483123,0.11535329623291005,-0.48427060816365713,0.86728057462219388,-3.2758952834999895,-15.430945986502939,-0.71592586250314028,,0.135148299438224,0.1333333333333333,False,1
-0.49632406176334132,0.84334965295315212,0.20597035849494361,-0.85759372485445318,-0.51316143051804985,0.034617182423362175,0.13489043259253936,-0.15945754636412016,0.9779457357658099,-14.470618849611215,-17.648758929847013,1.8252375033115846,,0.07808455476357694,0.375,False,2
-0.75912583641719622,-0.6294720080480164,0.16580999839542426,0.63929740744047081,-0.76891999689770973,0.0078014877247135558,0.12258380530798146,0.11192421299622504,0.98612685858432569,-1.8479385002451425,13.80393842877603,-1.4643723085224776,,0.1627840035229131,0.275,True,5
-0.054994978198302742,-0.98336481998306136,0.17311609743940595,0.99785925969794265,-0.047982903045175614,0.04443578344568315,-0.035389973269876362,0.17518924577450234,0.98389850998815864,7.3997670327371683,-6.6261346517118058,-3.3178654076614862,0.4558962473044184,0.378620439263213,0.9101123595505618,True,5
0.43930284752052529,-0.88335829386599185,0.16337421099586874,0.88940831782779406,0.45326249018643161,0.059211140579535276,-0.12635605382842865,0.11929475951675064,0.98478571679972526,-6.9025293801581791,-16.183458062486888,0.090779984615132508,0.09979037802181674,0.08009952060937316,0.4736842105263158,True,5
-0.62758920841777166,0.69893523207418351,0.34295965774849413,-0.76237460617714647,-0.64102812430899458,-0.088701204620541485,0.15785038908345395,-0.31713165280416528,0.93515280540449786,-14.505246027565695,-11.821717121389398,1.6399270900740792,,0.1771997961768771,0.2857142857142857,False,2
-0.97067993584612244,0.11151852273937458,0.21294149720473948,-0.1333601646901901,-0.98687330796264749,-0.091083151596043327,0.19998882123652281,-0.11681050088450956,0.9728102478199625,5.7532292522200175,3.2482051207002911,-2.9966102704793891,,0.07065801442652601,0.2608695652173913,False,5
-0.23199788475967684,0.94030998616856742,0.24898616704287674,-0.96863821218972046,-0.24674297419948607,0.029290246996107334,0.088977499138473137,-0.23438224035719793,0.96806403200005486,1.0901152386587085,6.9103375339166329,-1.9821344922628845,,0.07957986411208509,0.2325581395348837,False,4
-0.057092128082943623,-0.99414931136866491,0.091693160138422367,0.99778524190429896,-0.053677542879043222,0.039285269866044831,-0.034133560449215519,0.093732961628650704,0.99501207628620358,-11.006757589484597,9.5298077387446192,0.53560609041938811,,0.09041600429760543,0.3942307692307692,False,5
0.97229746124903449,-0.13406781183525282,0.19147707089463659,0.12605486583421691,0.99058013496054442,0.053489877743997057,-0.19684465359313164,-0.027871455851057315,0.98003845041944293,-17.141877068938101,11.642407671297441,1.7803098797456205,,0.07931943443804036,0.4583333333333333,False,1
0.91289359897795952,0.34088481144963684,0.22455026668434941,-0.37443379411785205,0.91836450160974525,0.12808581500538171,-0.16255648485242544,-0.20100792896308473,0.96600786835635732,-1.2549912610727829,-8.304391303216935,-1.3771816518559605,,0.08126663408641688,0.25,False,2
0.87558694963071249,0.42757191830197783,0.22478822993197303,-0.45881898687605321,0.88167887300753223,0.11012493892937485,-0.1511047018408592,-0.19956106727448916,0.96816462934247427,16.864657178605317,-8.1211960157500851,-5.2905379014076548,0.420525666374385,0.3912586024478532,0.7407407407407407,True,5
0.5249729285289203,-0.8415799959863528,0.12706901537109619,0.83966561653095106,0.53651407922473582,0.084346281538262652,-0.13915845905825239,0.062415968703885855,0.98830115355760284,1.1620593950005886,-14.863785256464549,-1.7420460060997969,,0.1023777198755088,0.3846153846153846,False,5
-0.79949613475780679,0.49849669867292118,0.33512232381553542,-0.5665311663018292,-0.81120102426480589,-0.14489767368877302,0.19962056035392489,-0.30570237101456671,0.93096599950806813,11.733359709178195,1.7702236754959846,-4.2892959594548294,,0.2511739706146328,0.3333333333333333,False,4
-0.78129040628822777,0.54048263322542811,0.31219196694290985,-0.59650588096647317,-0.79380770048021532,-0.11853298541218096,0.18375536730769987,-0.27883302860317594,0.94259541010212478,-5.7282442837796816,-5.5083035587402618,-0.376333081046475,,0.1130806282931151,0.1509433962264151,False,5
0.89339712983300579,0.39799953180795655,0.20841770818909036,-0.42476314458612979,0.89939508849298666,0.10327025610500767,-0.14634834952075162,-0.18078951151916589,0.97257252332009236,16.158758716237141,-3.9256190699515674,-5.1862627313827367,0.139904505172944,0.1103443896006406,0.4,True,5
-0.30800946065024787,-0.95136904317509796,-0.0052072870136667948,0.95137980222670138,-0.30801854569057469,0.0010234381986711436,-0.0025776083927617072,-0.0046388790416184433,0.99998591826895811,-3.6484195809137683,-9.5459492444935439,-0.78463766313208461,,0.2392205598933393,0.1578947368421053,False,4
0.80673287703975183,0.53977355970579521,0.24047155620924987,-0.57277693121876239,0.81434637575854807,0.093629949014908273,-0.14528816939717146,-0.21327091815681659,0.96612983770390148,-4.1759664505994731,13.769130261313059,-1.0066333308745687,,0.3260881814289479,0.5384615384615384,False,4
0.46662874391484205,0.84824411599281291,0.25047861193329063,-0.88294024248949565,0.46331776352643461,0.075849707932554994,-0.051712121838574709,-0.25655130029768763,0.96514625149275624,-15.99247799299801,-26.492974161037164,2.2364008151705139,,0.1049195764796467,0.1111111111111111,False,1
0.93527781413803779,0.29131098329472965,0.20098089807997205,-0.31103480580771298,0.94750870698099654,0.074058083767802652,-0.16885721766431169,-0.13177693731096599,0.976791727460675,-7.4465682769518349,-15.110047399976679,0.16453717633128592,,0.07587669684664747,0.2941176470588235,False,2
-0.21154915412483785,-0.97731207959903166,0.010394924669327371,0.97728357074226613,-0.21165831619235742,-0.01084341015833884,0.012797567984247589,0.0078648748516118583,0.99988717663407223,3.8902208470574644,12.255206328611944,-2.6678728019107552,,0.4501402146856038,0.2592592592592592,False,2
-0.50756075662039812,-0.85961174268886209,-0.058734403634895044,0.8594665358983512,-0.50030483850797736,-0.10493970762488079,0.06082229862326495,-0.10374353183174656,0.99274262908029598,-8.6505039769770029,-8.5827963286398123,0.2559524856722214,,0.6929942834078693,0.3703703703703703,False,1
-0.83954693857118878,0.47854467236001558,0.25720795961943071,-0.50181476525137392,-0.86446893699926242,-0.029587131308641504,0.20818952738179175,-0.15391053738848315,0.96590303197025718,-2.315066208404196,-5.9378142218991901,-1.1049688132457347,0.2577683618602262,0.142471596395908,0.4552845528455284,True,8
0.84495047009621105,0.45532792133221878,0.2805979100768109,-0.51703312629995057,0.8296390031272316,0.21065581121477342,-0.13687749775873484,-0.32307214139466733,0.93642348436056078,-6.9024348748905204,-25.214598419747166,0.340543946937717,0.250758768014594,0.2470331981471725,0.32,True,5
0.18691128848475458,-0.98207969716847299,-0.024158614332124739,0.97842224666440836,0.18389822700601213,0.094187840702587858,-0.088057239731550108,-0.041242096376454068,0.99526127826683519,3.8325723670456067,-20.592219402521788,-2.1058336277493406,0.5108863848371277,0.4235255120766562,0.3846153846153846,True,5
-0.87765622756631823,-0.46204800128619966,0.12740169041848404,0.45465551728169878,-0.88671746443037269,-0.083788417334867402,0.15168357465253088,-0.015613544812093358,0.98830577778288398,-7.2650675753404848,-9.4456321520966071,0.026299950372411812,,0.1069686131583566,0.1153846153846154,False,3
0.68021280864371758,0.70095016500452223,0.21442807917144918,-0.72590286760557143,0.68479731752681927,0.064169001161618458,-0.10186050146662506,-0.19930253407371609,0.97462964153198317,8.7012070514565583,-11.858955221656542,-3.4566548565096116,0.1537006007205602,0.09553269670492631,0.4827586206896552,True,5
-0.044339320442837907,0.94695154893960609,0.31830298242955241,-0.99716935763195858,-0.061317234674859417,0.04351400845354831,0.06072311637699921,-0.31547259895703911,0.94698983228161271,20.613583638499478,-1.1751408037577016,-6.0191377622763458,,0.3382865356860474,0.1851851851851852,False,3
-0.22922989956532802,0.91141957934378004,0.34171333531789089,-0.96276107391507726,-0.26399580190021266,0.058286629109532639,0.14333446096161997,-0.31562725954497561,0.93799502415149916,-11.069774854573202,-12.384354996921944,0.94063350911758514,,0.1567108788295541,0.2631578947368421,False,4
-0.69897157354483053,0.68507935731570613,0.20519506221194389,-0.69503954582326111,-0.71831741837631258,0.030661314371463369,0.16840062089570731,-0.12118729569179072,0.97824070158875098,-5.7367552528193793,-2.1436921683957886,-0.37716179282841683,0.2034491539218789,0.1747121523176539,0.793010752688172,True,4
-0.61438578305076719,-0.7739707682274688,0.15329500811989086,0.78462031220558459,-0.61978471033553195,0.015423310562635982,0.083072710678695372,0.12975423986784673,0.98806010038702163,-15.881724800643086,4.7129629424118855,1.6331552386999042,0.2804822040953245,0.3123801466940622,0.910377358490566,True,5
-0.98183858985280303,-0.062607967501290884,0.17908999380539495,0.029252041774926012,-0.98264911088876117,-0.18315305872828183,0.18744946393056741,-0.17458799292873717,0.96663422823592282,-3.8499522682037135,-14.778935622950742,-0.61682996784089783,,0.1490774866974784,0.5,False,4
-0.054250926689934392,0.9656020079387283,0.25430218091471402,-0.99691680012146067,-0.066836334570422568,0.041107152866366153,0.056689774994011378,-0.25128801532482026,0.96625079703213801,5.4475808283818186,8.4452902107162835,-2.9622318143459698,0.1735917059736481,0.12324429678183,0.21875,True,6
0.55502080023213107,0.78861885831262524,0.26463599079372369,-0.82923560692047371,0.54967752110470847,0.1011085110533036,-0.065728376862036711,-0.27556291315391834,0.95903329523495062,-15.383984196914373,-9.0339027487113555,1.7810891575590162,,0.1415220343802173,0.3061224489795918,False,2
0.98213622018235658,-0.0086624147565367206,0.187971826549889,-0.015338129693703746,0.99193043879901421,0.12585208127598246,-0.18754515931746932,-0.12648702366086062,0.97407794660489255,-12.597099745239291,13.160238175658012,0.77473092423115975,,0.1047625265301691,0.3783783783783784,False,4
-0.10886082664246979,0.95200675215519726,0.28606374162698534,-0.99373814224273793,-0.11151067106715834,-0.0070622156653427845,0.025175882798224813,-0.2850412498026636,0.95818456512107597,17.012276269818447,4.9355348589945152,-5.4111555622802685,,0.08809183675598045,0.4444444444444444,False,2
0.53967535024965108,-0.82855111126378511,0.14917631298722178,0.83139854321874906,0.5523919514807607,0.060329049992663308,-0.13238949605862596,0.091466868115301095,0.98696850677745518,1.4069756496673631,-12.784557426828124,-1.8796203484248504,,0.09379166486332668,0.52,False,6
0.77910824912063648,-0.62642064485883631,0.024238643667035847,0.59361619549451716,0.74963330441692699,0.29269390385789662,-0.2015195985476182,-0.21365178352543657,0.95589893126711278,10.32956181069013,-12.288659810171325,-3.7985417933897638,,0.5851355815562365,0.2258064516129032,False,2
-0.76848113190287592,0.56923916218819204,0.29223881696406678,-0.61329384902267337,-0.78551725119992566,-0.082663793877760211,0.18250316342525857,-0.24275383477629253,0.95276606312419398,-8.1157905858157573,-7.1729739012370182,0.13313700391284022,0.5145205851732019,0.4197521838719236,0.7349137931034483,True,3
0.88070471105696646,0.3974457836651325,0.25767433121844535,-0.44185706908219663,0.88535029316818481,0.14462775974583544,-0.17065035137425061,-0.24122957412766993,0.95534640321823949,-2.6957448347340125,-13.013089741480574,-0.93681549033307188,,0.1422304473705404,0.325,False,4
0.38614085843196183,-0.92104198294834938,0.050763206124128074,0.91298869839332242,0.38946286873294172,0.12153316619085945,-0.13170753226560497,-0.00058268763535321288,0.99128844763753055,0.28813751968053375,-14.406296371580117,-1.5725428563693009,,0.138986468880155,0.2222222222222222,False,5
-0.92991276019709901,0.30579357813314817,0.20433439748397716,-0.31974134672500487,-0.9467301628593795,-0.038307570096968092,0.18173532847824056,-0.10095685367908472,0.97815130939856487,-17.519473421043699,8.8320365951015418,1.9243529272370097,,0.1834248644715136,0.7169811320754716,False,2
-0.46989135061744314,0.83527389873623026,0.28551643158475787,-0.87642421889889677,-0.48003405585125469,-0.038051199067231825,0.10527443726933344,-0.26811344485678634,0.95761812511285149,2.2580206864784413,6.762673990875415,-2.2716464370029859,,0.1538535434503407,0.1842105263157895,False,3
0.5404716205411737,0.7998519373505284,0.26101207961740935,-0.83857996874978502,0.53731547076324826,0.089865014828238415,-0.068367122224122251,-0.26744899176305803,0.96114357585311705,-7.2792310653520751,6.2275713504293773,-0.19485541706672199,,0.1011142019429343,0.3191489361702128,False,5
0.62754765733123785,-0.77520361985138986,0.072410534781734856,0.75880992745396592,0.62978766953781196,0.16605717477856408,-0.17433138494081318,-0.049262958370700688,0.98345397917603883,15.826446035662283,-6.1733583838457227,-5.0649606929044051,,0.3649755827207459,0.2857142857142857,False,4
0.92117080757975933,0.27561204299740227,0.27474050487260149,-0.33502058061018536,0.92084426833109401,0.19951702696608847,-0.19800392377543455,-0.27583298431581876,0.94059056498189553,3.313140956617501,8.3957477458880305,-2.5031193612973199,,0.3210751548107746,0.2307692307692308,False,2
-0.54531524960565836,-0.82396156604390558,0.15400849401897215,0.83522636030020214,-0.54965334095624463,0.016677285010278035,0.070909841398738668,0.13772633175290613,0.98792876865424517,-21.007114830160742,4.8641688155226745,2.7081589142688318,0.3337568388593602,0.3259712012825252,1.0,True,5
-0.90892109723950021,0.30224596586581665,0.28724521773352701,-0.33100252288733339,-0.9419526178608103,-0.056236958909471411,0.253573990849145,-0.14619385015452835,0.95620478420777211,-37.236280800307391,5.3501809478761029,6.1715583718101952,0.6852420671295575,0.5347740553040616,0.9733333333333334,True,4
0.5211224762767841,0.81475811281994326,0.2541664460805898,-0.8507929033337891,0.51953179933916305,0.078981929023502109,-0.067696383625821865,-0.25740226702478053,0.96393011809699636,-14.849626667034061,12.992981181375718,1.2878315825409634,,0.2605653230546597,0.5333333333333333,True,5
0.42845035830383615,-0.89558612885491329,0.1198155927748365,0.89500822240511635,0.43885134882841637,0.079810873060718476,-0.124058745344893,0.073040943546414869,0.98958296684477198,4.4340396998160143,11.029966304195293,-2.7713430732243296,,0.07212605718132312,0.125,False,5
-0.86559943399226158,0.45645408102877694,0.20588174223191974,-0.46216089448630204,-0.88651376957533357,0.022375074546319519,0.19273019348274698,-0.07578263828547345,0.97832104355093785,-8.6661239964294872,6.4061889432574404,0.12577362960655294,0.1578414730718883,0.1363169831555042,0.7219917012448133,True,5
0.92872664884965161,0.30225416221246104,0.21473060597348523,-0.32932764688578614,0.93855188972036874,0.10326495678107267,-0.1703235530194453,-0.16662164243449654,0.97119880331436981,-3.8129023448890851,-20.368709538693349,-0.42098424302098936,0.2805207665363797,0.2387891122191654,0.7333333333333333,True,5
-0.28438930376868277,0.93198049607645572,0.22480008637686519,-0.95322407196401782,-0.2999251141833989,0.037533911472306801,0.10240406500866961,-0.20361061076269377,0.97368173786640466,-4.325236165021523,-12.555157338275757,-0.58999711299898683,,0.07883091572747933,0.4042553191489361,False,5
-0.27266380839177085,0.92959393676078794,0.24801121009114907,-0.95789834848975219,-0.28638750670507934,0.020321170336717903,0.08991774882580994,-0.23202868085826922,0.96854400504327665,12.267015328012119,-16.792369866609199,-4.0526357196155836,0.1780854044263601,0.1125784038243704,0.5833333333333334,True,5
-0.9766551859527951,-0.040188151879274568,0.21102028385925065,0.022370699562452957,-0.99603067059297523,-0.086153671072068255,0.21364503165905083,-0.079421758269607914,0.97367755687433122,-15.068736211702504,14.7955112736296,1.2639234025679404,,0.2128097581447368,0.1764705882352941,False,4
0.97753696119607481,-0.096449298381776696,0.18740069993788103,0.081296986707578581,0.99289075896788004,0.086941018561182234,-0.19445382343325762,-0.069752946875748789,0.97842845264962419,-6.6324425083184568,-4.4401509672064297,-0.20593445072066285,,0.08600820208161367,0.5251141552511416,False,4
-0.94504474101342906,-0.28228229358567836,0.16494588267328714,0.27727289562909246,-0.95932093500096804,-0.053132711377527633,0.1732344620227721,-0.0044777669521979674,0.98487043349407277,-1.8148661141519169,-13.634648907764882,-1.0887676518825209,,0.08487530372598438,0.3125,False,5
0.82020856806456588,0.53402572215101585,0.20512053274735839,-0.55562166763305787,0.82901170294082505,0.063436258116419786,-0.13617072860983753,-0.1660003749039114,0.97667876407835696,-9.2617820791305068,-1.8800440371581013,0.37660326238848574,0.11615823544877,0.1018666455818166,0.6402439024390244,True,5
-0.63545646962271363,-0.75509241504220814,0.16133976558915505,0.76626082939679174,-0.64242931216382781,0.011354303362714289,0.095075846284840282,0.13084350812492565,0.98683360291124267,-10.84567289157426,-17.975379872452848,1.0246802229865943,,0.1020793017819571,0.3636363636363636,False,3
-0.24303183457452704,-0.9670743063915147,-0.075516973593434872,0.96999116193284618,-0.24170497306303212,-0.026379002421759667,0.0072576274021204229,-0.079661734314353999,0.99679553316140146,-14.264895650118483,-13.221087018230124,1.6389280758157261,,0.2937575689262529,0.4210526315789473,False,2
0.95017162383315601,-0.25700366826921356,0.17641711866605153,0.24101144052849782,0.9645904978350428,0.10713849457932051,-0.19770526244043707,-0.059281413465880776,0.97846734397262636,-17.934410467634976,-3.5091281816075561,2.2370389787898799,,0.07901030806936676,0.2142857142857143,False,1
-0.7965204515605635,-0.59703913094157113,0.095391018289400734,0.59477395512292763,-0.80209175557348755,-0.053784365279047758,0.10862372003013479,0.013895746312225024,0.99398581261567354,8.3909647346832408,1.1938410702013607,-3.5561833619973218,,0.2250693199808186,0.2987012987012987,False,4
0.98124755141671671,-0.044827949790378824,0.18746652436179037,-0.0039777852902784031,0.96766347406789288,0.25221335844685427,-0.19271071600428169,-0.24822944199358829,0.94933909856524379,-4.2006454954544266,-13.679851757000359,-0.53837045899002511,,0.4240411445705999,0.125,False,1
0.96636245603210946,0.078987702398536919,0.2447540529621301,-0.14574498116532877,0.95229820753156547,0.26811662461937213,-0.21190092976838715,-0.29476951470931922,0.93177729590354652,5.4881141974544256,6.1409306056104711,-2.9411053080053788,,0.3948198057917888,0.2244897959183673,False,7
0.92292152496383717,0.28951616971276584,0.25376415474466363,-0.34077763020259649,0.92103519898800856,0.18858623751117534,-0.17912695361649766,-0.26052744519525789,0.94870384461543356,-24.009488136188725,3.8495206587888902,3.3737283378570058,,0.08395658429929853,0.2941176470588235,False,3
-0.38772396624687311,0.89396276054433144,0.22472362750220937,-0.91441199739115397,-0.40377519340652146,0.028570828070710111,0.11627908249084921,-0.1944123863067477,0.9740035929223273,-9.8961308135666712,-18.177770089155004,0.803092737937804,0.4667012721594529,0.4777214441013148,0.8813559322033898,True,5
0.65516847658419153,-0.73827695026831819,0.16031659924305733,0.73769807685415301,0.67094823977896845,0.075033372196553233,-0.16295954926309875,0.069105746794411005,0.98420962252152,-6.020762636792905,16.114047039505909,-0.68787643965161771,,0.08851006142260985,0.3181818181818182,False,4
-0.55234370334352989,-0.8179913559389943,0.16064424977521388,0.830091457650037,-0.55740204878670763,0.015847016905991058,0.076580711103987981,0.1421024194638065,0.98688514887465051,-0.72515457262052596,-20.186310546152892,-1.0973136826835435,0.3251284043196562,0.2487828004644971,0.2380952380952381,True,5
-0.84351889769476229,0.48991168989383804,0.22014178462339901,-0.50610630028496528,-0.86222948859500548,-0.02041376518572801,0.17981179617498932,-0.12863454086114318,0.97525426061810438,-42.278907030187398,2.6670672675151779,7.3667294139633688,,0.3265273804874555,0.6956521739130435,False,3
-0.64620598462332668,-0.74924785952616257,0.14507057052503952,0.75783699171266927,-0.65241453467371724,0.0061942665722847373,0.090005107793325531,0.11394261688209922,0.98940192067186272,8.7989672143632092,9.6451637183165939,-3.715418680428483,,0.09637870990605954,0.4705882352941176,False,5
-0.53075998913855504,-0.84072806542536793,0.10709880454869412,0.84539189480624866,-0.53413581626553874,-0.0033873261206602903,0.060053127525067661,0.08874260413389419,0.99424261228635391,14.94509087839837,3.2405246869844224,-4.9511604697120521,0.729812949806829,0.3617364933779355,0.6964285714285714,True,5
-0.92377738674676679,0.29688421660718378,0.2418576061753136,-0.33058314773129055,-0.9370585049743424,-0.11241058976502982,0.19326179697857032,-0.18379640960799215,0.9637783757917715,-10.319252841114707,11.570251805098225,0.38864561213717808,,0.2212649309144983,0.2,True,3
0.8590845945411093,-0.50849238495291127,0.058387959949271692,0.47302776934125024,0.83233963786882526,0.28888658096982239,-0.19549523997831358,-0.22055888482963712,0.95558117890032157,10.388729109192068,-7.813111869992154,-3.9598407747818372,,0.5038313308619013,0.2380952380952381,False,2
0.98373039619285962,-0.052261723941899929,0.17188141207489468,0.027692910823730557,0.98942925001319582,0.14234767967351636,-0.1775038317793394,-0.13527184270551562,0.97477890738090267,3.3620775283775384,-8.527933557186957,-2.432808464800424,0.2433879137326664,0.3298838773436826,0.6455696202531646,True,6
0.96501525156504775,-0.19831577004257248,0.17151215583528825,0.1686552058760388,0.97036222522070414,0.17306811779075296,-0.20075105423822237,-0.13808695527508907,0.96986133390557294,-9.1699860043796235,8.3242266439750559,0.20971656536601707,,0.1676176785800311,0.2,False,5
0.76052684287299865,-0.62342588927836606,0.18149127209622759,0.62485649287486178,0.77869809581044469,0.056423744056156036,-0.17650293080217183,0.070494227839343615,0.98177251909980534,-3.0412152701835429,4.4109080878429383,-1.0318660095612484,0.2564925844144829,0.2633403090002114,0.8469184890656064,True,5
0.94709589578108744,0.23972756507580859,0.21340116854751476,-0.27042599594733929,0.95415120287285216,0.1283170400694334,-0.17285585009050308,-0.17923776554932533,0.96850125373712159,7.2951302737760653,-18.808549667289792,-2.9354787397578894,,0.1075490648383847,0.7777777777777778,False,3
-0.95871415646149871,0.20162910705335119,0.20053146732915805,-0.20664574112162712,-0.97840688743654514,-0.0041833351557015591,0.19535788665065582,-0.045449596319435334,0.97967833002357962,-13.407955411411731,-7.5125222883547611,1.2841968132103228,,0.0778964448293968,0.2916666666666667,False,2
-0.60535209663008527,0.75530273686944771,0.25113067272454359,-0.77659053583984095,-0.62963153751235523,0.021708676003312419,0.17451641398318041,-0.18188431116330461,0.96770972848427128,13.335469469017234,-10.554587761397064,-4.488783520550732,,0.1827637096807189,0.5609756097560976,False,5
-0.5832838498115942,-0.79993448648602661,0.14101336064112471,0.80930167808073827,-0.58715299401532872,0.016797484172863378,0.069359530020523003,0.12392005063416359,0.98986518104545929,1.8334049079281849,-25.142005044350551,-1.4293184188075054,0.312324256767061,0.2933061537787928,0.2941176470588235,True,5
-0.53358936585989758,-0.84574296718810804,0.0011054831914057706,0.84385830604893308,-0.53248663111078942,-0.066038980916628187,0.056440658690849244,-0.034304826776072189,0.99781643146743493,-5.7785488880663562,-9.9705654463965701,-0.28164002487610235,0.1109931648466284,0.3008542703589021,0.4,True,2
-0.92189063984663933,-0.34955105531234232,0.16712781902838436,0.35074592502092089,-0.93618082474132591,-0.023297198712979444,0.16460541985115504,0.0371419320536968,0.98565994777050059,-13.816557450280479,-3.2242234063212702,1.3812479169716654,,0.1717181532586534,0.8032786885245902,True,3
0.41516435103131838,0.84848970902866017,0.32818253351634136,-0.90913202766571166,0.40020391844037534,0.11539402037108283,-0.033429297108622261,-0.34626873572043715,0.9375395697022042,-5.0573819442924819,12.664459491239041,-0.74824174916142472,,0.4953988849978572,0.7456140350877193,False,4
-0.94395559771311544,0.24294090406121666,0.2234447284676819,-0.26448035065788988,-0.96172380341248809,-0.071676147118134664,0.19747904613390499,-0.12675584043246141,0.9720776631804201,1.4141548756966329,5.1913852836886614,-2.0554640219480591,,0.2463750810332005,0.6231884057971014,False,4
0.92838269489701797,-0.33671605510020342,0.15725097790954418,0.31533079448378365,0.93766365455150702,0.14612789255764566,-0.1966521341505782,-0.086076530894720504,0.97668765168970695,-0.52144954416175882,-9.0361703673756359,-1.5182219734697389,,0.07646535896953689,0.28,False,5
-0.7263498211836239,0.6461383375197095,0.23435269585345719,-0.66702293814650315,-0.74491403072707241,-0.013545730410442373,0.16582019555206109,-0.1661575626121532,0.97205726535727555,-0.31691354871831845,13.704026759298339,-1.7970366511723135,,0.4114529570994316,0.8840579710144928,True,5
-0.9812280591293957,0.038044483075051226,0.18906113636787211,-0.046308736484517811,-0.99814641891038403,-0.039487052834870244,0.18720843170745946,-0.047500986557422881,0.98117106529580522,16.721875378318241,-19.89167607060087,-4.9115055189320662,0.2661910497396341,0.2061122369601726,0.4166666666666667,True,5
0.97735168177589549,0.07680219013892943,0.19719308740342056,-0.097862658889400475,0.99022670585895189,0.099367856970079133,-0.18763419231293152,-0.11641518197208213,0.97531580284617636,6.7582622526684748,-9.7711789586675764,-3.1116234375751137,,0.07187549980028847,0.2380952380952381,False,5
-0.66709231102757593,-0.74266331479378633,0.058643409070350469,0.73944965148512565,-0.66965950505846372,-0.069067794255925435,0.090565233320592797,-0.0027107460887921264,0.99588683612608708,-42.962500233530108,-2.0250904580288691,7.7087483089343181,,0.2191321024820458,0.4,False,4
-0.95396683910404212,0.11589696127654042,0.27661374560333379,-0.16867449532513676,-0.96995512856944166,-0.17531675102125224,0.24798424247651757,-0.21390405075337254,0.94485388952718286,6.9801343102296327,-18.701078980505823,-2.8008090905756422,,0.5424563083988978,0.7666666666666667,False,2
0.77656400975628814,0.59854313630180789,0.19670905606308947,-0.61772954847388473,0.78474475546400246,0.050851486841530361,-0.12392959167804414,-0.16100243090630426,0.97914231526820195,-10.456259825606228,-4.985440000577797,0.64945781660313417,,0.08143458656106813,0.4705882352941176,True,3
-0.97495102096201103,0.089218265771352598,0.20374152197793444,-0.10441436321722564,-0.9924025910829507,-0.065074864316319578,0.19638774778247797,-0.084718346682394405,0.97685958778952864,-14.175674410092014,-10.03015973738351,1.5670412689560256,,0.08783718488033632,0.3125,False,2
0.098445194476418807,0.89100960322593992,0.44318216417592143,-0.99480966884888522,0.076597594556938514,0.066981574129476029,0.025734538062139489,-0.44747591607509363,0.89392563341895759,-2.3084311564328099,8.3195756998189161,-1.2781996661964721,,0.6505160228310807,0.4705882352941176,False,1
0.98490193519137303,-0.051052488588879216,0.16541409089061934,0.0084729447967216882,0.96859662594898221,0.24849302888958197,-0.17290571784287365,-0.24333972057419909,0.95440525623453609,-11.939892904668598,12.278618389648715,0.66552133619621012,,0.3352193124888881,0.5,False,2
-0.41058258879260245,0.84239130901554682,0.34899687717147043,-0.90366975516125259,-0.42699718258981018,-0.032471212899523386,0.12166721574510786,-0.32871003719910646,0.93656115660291828,-36.364120526155808,-4.0384753953068344,6.2788265129334855,,0.235267579821317,0.25,False,1
-0.44222019603929824,-0.8928876195205816,0.084811538848404769,0.89678272837613071,-0.44174890417302265,0.02527140178537067,0.014900882565422713,0.087233047457965118,0.99607648257047443,-8.2297307978641268,12.391415846363179,-0.074579482184686519,,0.1904995883391681,0.1851851851851852,False,5
0.49088527500041979,-0.86991999013447419,0.047653515633123866,0.85864932823146844,0.49233542980446915,0.14257333441739492,-0.14748890777074752,-0.029069491286960208,0.98863642799610985,0.21565691327001346,-17.565029016617988,-1.389926912907727,,0.2969822285938338,0.3333333333333333,False,7
0.44437627016406295,-0.8958389903832924,0.0014945983134375396,0.88671461449203004,0.44008647534752732,0.14163716554083133,-0.1275418478826707,-0.061614913172324454,0.98991751146923379,14.653218689432137,-0.55371537507330404,-4.8892565907556147,,0.6248783099914366,0.1666666666666667,False,1
0.666670737948448,0.69293330407126308,0.27457888351465543,-0.73533958209883399,0.67163941180027464,0.09042233969155096,-0.12176134921223872,-0.2621906493860226,0.95730362853827722,7.253777723099514,5.4084227725726697,-3.3350556237643101,0.08908295226848274,0.144006485849366,0.2363636363636364,True,5
-0.15810661171539866,0.94688567132316825,0.28001754369101228,-0.98451628640491007,-0.17290956408007263,0.02880910365012802,0.075696638864355875,-0.27112692247822068,0.95956251009099336,-18.270563365361294,12.002854739185345,2.0015634451859805,,0.08828878305386596,0.1538461538461539,False,2
-0.94689977048172524,0.249298384096032,0.20305452555597917,-0.25240553095044904,-0.96756041220018374,0.010876428119251439,0.1991789964009219,-0.040953198045068237,0.97910702324240506,-12.801976702337182,2.2108175327310366,1.078210975415979,0.1846876348232371,0.1131247460243887,0.7096069868995634,True,5
0.19923226140702296,0.95651339419446424,0.2130460812623175,-0.97994062428634798,0.19340346472286346,0.048077777678210448,0.0047831880505510224,-0.21835115424420934,0.9758585422858661,-10.53161143829562,-3.9080945883676965,0.6540743354222418,0.1499435950952885,0.1241887989038529,0.6613418530351438,True,3
0.19641833033431272,0.9105264705824293,0.36381504350065802,-0.98050287481935861,0.18018897360190628,0.078396723549300606,0.0058268327292546745,-0.37212024959815937,0.92816623934473585,5.0450489030086212,1.7985069348881952,-2.8192788374731337,,0.08572789844943779,,False,1
0.9745923547618579,0.086106000931639226,0.20677402797087191,-0.1249117139458593,0.97521152799972499,0.18264593993722114,-0.18592150429373724,-0.20383383492443985,0.96118934762155561,-49.391250925543808,3.9508321443982468,8.9304030223131221,,0.09378317044886919,0.1666666666666667,False,1
-0.91048655091286523,0.35190941448691904,0.21719577482600552,-0.36441083159533538,-0.9310423784985612,-0.019100661133540843,0.19549676831802476,-0.096539387998970855,0.9759411663322709,-16.228155637632423,11.203798402064312,1.6203104225741569,,0.08562478504893792,0.3,False,1
-0.36993007355954916,0.86889075834262808,0.32890817980555143,-0.9213669680966573,-0.38857087099235132,-0.0097769277700438251,0.11930905571917744,-0.30666191201878945,0.94431129451065032,-6.5022364468227511,5.760701167578552,-0.32012583173036557,,0.1441599871757596,0.2180851063829787,False,2
0.68151137558812558,-0.72445446734431795,0.10347932010233778,0.7127781352404079,0.68915664148882039,0.13042412896031663,-0.16579980358006643,-0.015127730719138921,0.98604339503700422,3.9686074604003938,-3.0759393484196327,-2.5999905575297277,,0.08401608473268014,0.2051282051282051,False,5
-0.76104639124027751,-0.64066175276072712,0.10178855009136833,0.63735446263819473,-0.7676914296927525,-0.066551917564226182,0.1207794657022795,0.014226289953830171,0.99257741931741583,2.6119404956375258,-12.189691369355844,-2.2023408066109247,,0.08248434431641319,0.3529411764705883,False,5
-0.98103201148078467,0.016827944221584939,0.19311398898898952,-0.016042675097484142,-0.99985546023912819,0.0056294942682568599,0.19318080915474217,0.0024246491034781185,0.98116017859014382,-9.9560019368355892,-10.716615505694742,0.6512822400614906,,0.09271206488184873,0.3770491803278688,False,4
0.97959430965905192,-0.056448404882794172,0.1928952204431027,0.043022894837717186,0.99639645735279081,0.073096718767605012,-0.19632630746639076,-0.063306218975672041,0.97849287357426162,-2.2357494321217684,-14.912268861059003,-0.93984870786696406,0.1952948415085551,0.2100471791795279,0.6891891891891891,True,5
-0.47554048242597274,0.82212695313673878,0.3129992372197975,-0.8695981217045029,-0.49307108719893644,-0.026076995541259529,0.1328922732971074,-0.2845842158211887,0.94939531692723522,-13.571926092263341,-18.997644352123753,1.5721108991986377,,0.2480650919871688,0.2272727272727273,False,1
-0.95257986956921459,-0.24614548883765586,0.17889659140512024,0.24913053881831679,-0.96845167624572781,-0.0059435178923194082,0.17471567393795595,0.038906928710869967,0.98384992970406548,15.024965323537526,4.0015649890655967,-4.9773261288244006,0.2837288704367865,0.224803077465995,0.7924528301886793,True,2
0.97845523520222366,0.075257876943098947,0.19225401078619264,-0.09594998295521702,0.99028125608729645,0.10068085524596607,-0.18280851587454469,-0.11695847895806015,0.97616687135118585,-13.468536100734134,8.1240619868101156,1.0921184646425848,,0.5995237596461662,0.6985195154777928,True,5
0.43740331097817176,0.87342341158648484,0.21403244529267171,-0.89816042196049251,0.43610715976826231,0.055842650569356028,-0.044566803442524082,-0.21666123163013531,0.97522905552461359,7.8709978399457805,2.4599138152494868,-3.474216248246448,0.2271867202198307,0.2391677958842557,0.7603305785123967,True,5
-0.96831192976479219,-0.1739038395451234,0.17924692819306101,0.17111567033826047,-0.9847624353590515,-0.031022141615275715,0.18191051107583678,0.00063284846090541635,0.9833148862205604,-18.132269438086674,10.625855740070321,2.047036129935182,,0.7307963021423116,0.4022988505747127,False,4
-0.97401144904492232,-0.13088494549403468,0.18485353167422239,0.13221939218329501,-0.99120712842868275,-0.005144014273270027,0.18390141233848412,0.019430892804685709,0.98275261940364345,-23.532942974428167,1.8422250186453262,3.2503209729263522,0.2401724384893962,0.1971024654649443,0.6742424242424242,True,5
-0.23827974908341668,0.90710217490220579,0.3469703236077008,-0.9669553710462413,-0.2549340589121209,0.0024363931165120242,0.090664610414268099,-0.33492427486564752,0.93787294369981167,-13.621193745549473,-12.483297232211198,1.4729749096026203,,0.590293788633998,0.55,False,1
-0.38674263515621005,0.87773187598140689,0.28287256501575392,-0.91424735526750955,-0.40509559067021844,0.0070239451814779891,0.12075556939038581,-0.25589903537471198,0.9591317824759521,9.0540163698507605,-5.0110483777594785,-3.7075944296518495,0.4536551200060097,0.4047449899922163,0.839622641509434,True,5
0.79185703161802423,0.54469637463441212,0.27616716122164015,-0.5974034436892619,0.78475400607457091,0.16513714124364487,-0.12677368396201974,-0.29574821962277453,0.94681646777221684,-12.201666551554684,7.5906859789118641,0.89069635117773327,0.3642350160887129,0.3771491516913026,0.782,True,5
0.56622391785323956,0.74248705930351799,0.35791541126045645,-0.8215770447192009,0.54335213821371353,0.17256770697048021,-0.066344814728746579,-0.39176704897859838,0.91766930039813854,-7.9167285651925816,-11.248945371837227,0.17924614355318502,,0.240404676167817,0.1621621621621622,False,5
0.13839016419392761,-0.99028543879411723,-0.013524502457388204,0.9864524364949645,0.13661417463519848,0.090819369200028949,-0.088089460138687806,-0.025909785817053693,0.99577554198292539,-0.073129823297592322,-2.2712081641714139,-1.6915236500256083,,0.2158782273996105,0.2181818181818182,False,5
0.98355011360832112,0.023909799334532932,0.17904607093382685,-0.059163868457865532,0.97916710550182351,0.19424576230199084,-0.1706716458295254,-0.20164349976868459,0.96447451408053153,-5.7038278213735119,-18.190234430143352,-0.071945299814049707,,0.3296029414468856,0.5106382978723404,False,5
-0.39072575411606453,-0.91859411487880527,0.059314729877635697,0.91979981615360318,-0.39213970713179391,-0.013955224626959903,0.036078848016954629,0.049105011970422024,0.99814178077323001,21.518183508482782,5.9306948007424287,-6.3066351148395956,,0.1073809295966293,0.2962962962962963,False,4
0.69671957620958613,-0.70335968362940027,0.14095030177720352,0.69843537256149169,0.70994726946180375,0.090348795999835835,-0.16361498244728459,0.035496901674363784,0.98588544339101369,17.343739127186407,-2.9982194155681445,-5.4293505987078037,0.2834930592118799,0.3067763551154199,0.5,True,5
0.9082380674482835,-0.38263168064808845,0.16940073731311461,0.35319662982450695,0.91806671858051259,0.18001566852755094,-0.2244008768218565,-0.10366531338509502,0.96896736234114356,-5.8978437458445727,-13.752396618086497,-0.20457637517862964,0.4615231568184253,0.2103853430623679,0.3658536585365854,True,6
-0.9684752379628101,-0.19744258841180165,0.15189515375457646,0.19498192396718037,-0.98031433338931251,-0.031078241223162217,0.15504116478837224,-0.00048169774370959012,0.98790789306916105,-37.239948187992745,10.614352122098532,6.0543760140109786,,0.2284033334930254,0.5,False,2
0.096926471967473574,-0.99451657168399854,-0.039268914905377844,0.99310748060387366,0.094026113467971351,0.069975866945225507,-0.065899855846324143,-0.045780767053593768,0.99677546637516079,3.9002968942028504,-11.686375121689361,-2.4721468212062323,,0.5632043155542306,0.2222222222222222,False,5
-0.41620507598773593,0.88514921857899542,0.20804854138166123,-0.9013783092198816,-0.4317286249567393,0.033578833524568669,0.11954278895002601,-0.17355476150759175,0.97754195120623477,1.1196550970270982,-2.5751230176897519,-1.9428660615327493,0.4377609007097529,0.3034664654622192,0.9238754325259516,True,5
-0.59701598707288772,-0.7873983899739937,0.1535437613377662,0.79857077036854107,-0.60156474753187961,0.020114155212227487,0.076528660594453513,0.13462403200494863,0.9879371104044784,-22.59039291397518,2.5590216819588023,3.0585719829514222,0.4067428352857229,0.3268694599760922,0.957345971563981,True,5
