axis_00,axis_01,axis_02,axis_10,axis_11,axis_12,axis_20,axis_21,axis_22,location_x,location_y,location_z,dbh,dbh_approximation,score,reconstructed,number_clusters
-0.71547581379606573,0.68848879801539453,-0.11864878794229525,-0.69484115110058853,-0.71893156799767943,0.018253089426388619,-0.072733311557136693,0.095501704402151805,0.99276849760969821,-2.4054242527352674,-15.052119675698115,-1.9136290121834503,,0.1002177076446247,0.28125,False,1
-0.40827884808283421,0.91142446570214974,-0.051125585842178078,-0.91285152116182477,-0.40783409967356332,0.019324788640426742,-0.0032376721108203013,0.054559971251879419,0.99850524636393256,-22.474439271660525,-11.310914713714897,-5.0334220808059236,,0.2829117170978501,0.3571428571428572,False,1
-0.94742178632443719,-0.25864878564992766,-0.18839523475829062,0.26221874586165517,-0.9649887690778135,0.0061648091963794616,-0.18339380610193556,-0.043560087643447931,0.98207394357448552,6.2511879326304696,6.8848363616271238,-2.252329471448403,,0.09940343167663145,0.3396226415094339,False,5
-0.49798510547262903,-0.82630209282415823,-0.26312674915681267,0.85198656574374509,-0.52275082899459235,0.02916269153639045,-0.16164691930128064,-0.20965786934881342,0.96432040904489957,2.5161117094407457,28.429824306039244,-4.3347248732861337,0.7021333121458821,0.658784651641237,0.6,True,5
0.60297740818464896,0.7975703899854979,-0.01731237237650976,-0.78128150155887854,0.5947723446519344,0.18932795186961521,0.16129928871766877,-0.10063464142938267,0.98176127872490093,9.2321988294110255,-17.985394451223023,-0.22306406049887181,,0.2342032557393263,0.15,False,2
-0.097255369205605319,0.99319158911101957,-0.064123790279495677,-0.99405823190849729,-0.093771615277607107,0.055273101443470807,0.048883788065504523,0.06911838747653043,0.99641006808292076,2.5131706253464108,11.985353665277797,-3.1018196544742169,,0.1099981533521412,0.2121212121212121,False,5
-0.74857146372086458,0.6521962606836561,-0.11950230647589766,-0.65783978327077863,-0.75308134223346368,0.010738320450644163,-0.082991464916930754,0.086651771650105097,0.99277584943472541,-2.8292118957829939,-11.633064481835939,-2.1959346422027246,,0.08124413448254955,0.25,False,5
0.19737763664883948,0.97421196576978253,-0.10933029910273823,-0.97453800735711049,0.20709053724650878,0.085960348995244393,0.10638487095142117,0.089579881301148689,0.99028162867879199,1.7840430346417153,-11.794894201115822,-1.5755311361572495,,0.08769963581541595,0.5897435897435898,False,5
0.16346362744537518,0.98074393889148359,-0.1068689329506802,-0.98083628027154468,0.17320176408548385,0.089226342639131109,0.10601808244577374,0.090235665040458046,0.99026142555853747,-4.9368681378240309,7.4792402647791345,-3.7380019420362647,0.1291990500522078,0.09938685604943408,0.5818181818181818,True,5
0.46701989747869371,-0.78239577995041154,-0.412006382080154,0.88410976952159515,0.4213654510052382,0.20199275268094263,0.015566977724103898,-0.45859350215080419,0.88850980241615662,-24.195951603749325,-10.254708720923436,-5.3607165971324493,0.9957068964520657,0.635814843692008,0.5,True,1
-0.85825907546759572,-0.46788941808112572,-0.21088113198011435,0.48192697348662156,-0.8760326699200397,-0.017696142483405834,-0.17645892327545831,-0.11681718058775994,0.97735152054723562,4.4954273826398259,2.4224825705798305,-2.1454439243866665,0.5715664976125545,0.6287677229797484,0.689873417721519,True,4
-0.027105815592263941,0.99577835008968107,-0.087696934118303815,-0.99737570463500114,-0.021048566891448947,0.069272372816661362,0.06713403432620825,0.08934447562377959,0.99373567215361591,-0.63095450775143214,-22.953594854775503,-1.1810137907386666,,0.5498010488450891,0.7954545454545454,True,5
-0.98341191473509715,-0.040139064460404182,-0.17688940460438574,0.049730653248404498,-0.99750398487476244,-0.050126462935828758,-0.17443585664804567,-0.058091786538318729,0.98295344561797504,4.4017293706837544,-16.853398118065456,-0.92384446399771036,,0.8287232155780412,0.7192982456140351,False,1
-0.22724710602908915,0.97079939519837477,-0.076858877716721369,-0.97330607068208497,-0.22380860621057824,0.050842900777578012,0.032156579028314994,0.086361114331325706,0.99574480282683253,-7.7710008694818304,-11.956652584240029,-2.8698704973839728,,0.8228897789383212,0.9242424242424242,True,2
0.11385085295382764,0.99000157212893392,-0.08327586963775635,-0.98794871581789934,0.12166338358128459,0.095683624561971742,0.10485856281415012,0.071378626197145953,0.99192226183645993,-29.049790994710975,7.8979334819206919,-7.3025311572169951,,0.3969261845067814,0.4155844155844156,False,4
0.085572646014737352,-0.97820733341206989,-0.18917646553650497,0.99440995600922988,0.072065880136391813,0.077170903259514936,-0.061855975004510871,-0.19472267915940147,0.97890597943685409,-2.4978371823416099,-7.6355398369432708,-2.4281925406180167,,0.2134953216480016,0.8243626062322946,True,5
0.82640030900902228,0.55755485569777918,-0.078709034790308385,-0.53673478141321629,0.82225563044204686,0.18923914137318279,0.17023014918368656,-0.11414140832397877,0.97877139068054053,6.315785558631311,7.8302810797095574,-2.3168592017202085,,0.2186765381132004,0.2307692307692308,True,3
-0.13612214978962253,0.99004818284521767,-0.035712126533342312,-0.99048574455429994,-0.13526970712046466,0.025300121941544559,0.020217570857174426,0.038816259227617625,0.99904181486472776,8.5728647873798263,-9.2499380706169543,-0.86260433914972545,,0.1631795977654661,0.1333333333333333,False,5
0.49518767324345608,0.86360434174608891,-0.094745496911657998,-0.85085098518694902,0.50411726312689642,0.14804859345446697,0.17561824869338211,0.0073024608696274085,0.98443125955605304,-22.244339200316599,3.6862879050534931,-5.9707185211319418,,0.2528577067572792,0.3333333333333333,False,3
0.53692858961885248,-0.8029270887496297,-0.25887406166310739,0.84297513324971796,0.52269645954800281,0.12720587996866869,0.033175508625039582,-0.28652487034815605,0.95749824245240378,14.193339459962848,-4.5159759919340878,-0.45678622334062724,,0.2752225635866183,0.4285714285714285,False,3
-0.49970253805263698,-0.81871393364994949,-0.28285131838331667,0.85223167583800452,-0.52309557144239771,0.0084966955752828061,-0.15491463508042247,-0.23680903273477347,0.95912613240028122,-42.270670244072591,17.973090456969853,-10.035097851252376,,0.5491846309475451,0.8928571428571429,False,2
-0.57284938514391992,0.81965494227248681,-0.0030590110362135325,-0.81965028909562443,-0.57281938922111575,0.0071659554706585069,0.0041213499842453344,0.0066123324655146115,0.99996964530613286,20.860449732797722,16.933921288827374,-1.1348953374135953,,0.5658551807105839,0.1666666666666667,True,4
-0.89344676710666493,-0.40240663420344303,-0.19955394031616241,0.40921900887087903,-0.91240347827864521,0.0077262930158166349,-0.18518282081604004,-0.074758234155758302,0.97985638197673053,-10.421410522565736,2.4798363816490725,-4.1565818182055381,,0.4904426413494038,0.939581351094196,True,5
0.98033494542147581,0.09561263136031109,-0.17263145573686228,-0.064000451262077776,0.98154750683051806,0.18018999437550196,0.18667441448608163,-0.16559805723241522,0.96836457309069679,-2.39968732950094,13.41620448261399,-3.8487623599441441,,0.2924614507136343,0.3157894736842105,False,7
-0.67316189236562041,0.72857018026251064,-0.12664343290905575,-0.73706360382831415,-0.6749126173943033,0.035074246871302839,-0.059919200414853782,0.11695491145832312,0.99132801741271348,-2.3649916546942991,6.0264813686869063,-3.321810108420896,0.3418930042383614,0.23746672705347,0.6414634146341464,True,5
0.51080794944520513,-0.82298280262916601,-0.24854485583135114,0.85898583272163664,0.50033064579932107,0.10868571229720088,0.034908136116101482,-0.26901403578749705,0.96250343925734738,-5.8302489923424403,-21.940599629155333,-1.9645486752068764,,0.1863970986013361,0.4782608695652174,False,3
0.0086713860045853457,0.99985581902002663,0.014599597136645243,-0.99648253273107357,0.0074233077631323547,0.08347129125465591,0.083350878979320059,-0.015272055318347882,0.99640322927002267,9.8764363575006637,-11.360557205349993,-0.54435302373714056,,0.3104508340983119,0.4166666666666667,False,3
-0.51561587300371037,-0.82431727533222698,-0.23375478839047398,0.84184116460724523,-0.53817383776945216,0.040894668518230967,-0.15951089329365037,-0.17569846308193188,0.97143518826080644,9.3822727497917455,-7.5031603809759355,-0.88409641206168899,,0.0774672788053466,0.1,False,2
0.5267601982228266,0.84453016223408128,-0.096397607050822218,-0.83605344651518876,0.53523550205405834,0.12057193666444263,0.15342205883875576,0.017081054353184896,0.98801311197972508,-13.885926798589486,-14.64739567575789,-3.5543826003945402,,0.1325041423137444,0.1052631578947368,False,1
0.87121965517014555,0.49080451499014222,-0.0093402628712884461,-0.45471165521394774,0.81402897839748556,0.3613781024657392,0.18496924895183398,-0.31059257942590579,0.93237257925560912,-13.692377699521808,-16.7924416357396,-3.3839584497425457,,0.3501610043187149,0.2857142857142857,False,1
0.90349996787542097,-0.38585662667560205,-0.18655420579456036,0.41018009930016469,0.90467880212002272,0.11536269385199237,0.12425817553473506,-0.1807510128469732,0.97564797809843939,-6.6989987867775316,-12.544728442681157,-2.6886168660996375,,0.24265404263787,0.5625,True,5
0.66284244623613509,0.74790413753506402,-0.035767199018509874,-0.73495605816660592,0.65901046125182561,0.15982742106679274,0.14310654783028706,-0.079653079153221118,0.98649678304062904,-20.665293968939295,2.9379777596066354,-5.7021211148647275,,0.4878393030000974,0.3883495145631068,True,5
-0.97988102451680437,-0.099260659853233221,-0.1731487776376176,0.11367839338232245,-0.9906509273625772,-0.075418585200746041,-0.16404389860617902,-0.093584515392072257,0.98200383798074797,8.4628993984241916,-11.845187468490922,-0.70849436063225835,,0.1581899572159618,0.1764705882352941,False,2
-0.83446045614968545,0.54457364784987716,-0.084352173593443491,-0.5409356407488416,-0.83868256667756058,-0.063247015097794776,-0.10518735518160266,-0.0071480359972850155,0.9944267322891529,-29.475585858257233,28.26157005077258,-8.6370731051447791,,0.2272004057995703,0.3,False,3
0.6390297148751477,0.76005615905184487,-0.11813407041977345,-0.75020906234765616,0.64977397641748269,0.12239339174180534,0.16978629590764349,0.010412235973562139,0.98542589729720054,-3.7629522575444891,-13.619621991466548,-2.2019694932151674,,0.1087693318750246,0.2380952380952381,False,3
-0.84306411264165804,0.53156981690299343,-0.081709434788475421,-0.52699535052055635,-0.84683542601796813,-0.071733268228089897,-0.10732568427664502,-0.017415251898411518,0.99407137897429942,-16.719619241080132,-5.5831362204704824,-4.5402371667583417,,0.445623057905975,0.1333333333333333,False,1
-0.92253264162027826,0.34926462640124517,-0.16415768605188938,-0.36212616983409207,-0.93048352852407323,0.055362805805710742,-0.13340975326565288,0.11051978958625086,0.98487928897068844,4.5078532815325412,-9.3231655333372032,-1.38531150728724,,0.07229425983261742,0.3,False,2
0.17143928071965542,0.97578016837931592,-0.13587360311687113,-0.97986012320212479,0.18321427317767847,0.079414539363341252,0.10238511603081682,0.11952235398288,0.9875381992175023,3.0932359678416663,20.750061545108771,-3.6323754315675068,,0.06506877730586706,0.2,False,1
-0.95787156721275479,-0.19112493394362895,-0.21436725577947974,0.21034892378756473,-0.9750767143238559,-0.070560126451183605,-0.19553871991704014,-0.11267946045503259,0.97420118466606709,-10.622725041111989,-7.2872367260230888,-3.5851541976581842,,0.6023888926774366,0.9930555555555556,False,3
0.27750573558235764,-0.87029341992573384,-0.40691513851522315,0.9604426485075952,0.24106179122482063,0.1394242867623694,-0.02324834718015302,-0.42950969260943317,0.90276294690684999,3.7578202113077426,-13.665248315415546,-1.1676908233650416,,0.3840164970451062,0.4166666666666667,False,5
0.65707023053283231,-0.69098951145484522,-0.30131745254287162,0.75207870148642886,0.62812323485447197,0.19959666481793087,0.051345291098778868,-0.3577634650091438,0.93239957324455791,5.9398459291238677,-16.366067004491047,-0.74106146443547194,,0.3775646641178563,0.2,False,4
0.57635668731812706,-0.78894248479905105,-0.21303221508206885,0.81598855787761537,0.56978365372432238,0.097515441656025423,0.044448199024065368,-0.23003552688152243,0.97216665956812998,-19.588542797205662,-6.6297558366944811,-4.8833433408136067,0.1248116358679132,0.09437685628222432,0.2826086956521739,True,3
0.69357536290114274,0.71462570868982767,-0.090902763742964895,-0.68375758535362208,0.69277362391412334,0.229216645294961,0.22677914464943957,-0.096823563704574608,0.9691214666199558,-1.572865267411407,-9.8736108918732342,-2.1376638981837242,,0.2816264709818221,0.2446808510638298,False,5
0.55980390847779038,0.81607489647147169,-0.14367096923897107,-0.81342222667055175,0.57427042586237276,0.092508157143946113,0.15799957345293639,0.06507873177102165,0.98529228833872651,-1.102486857724936,-8.6418860530069583,-2.1865239462967452,0.4912696798339743,0.370490163828586,0.9237113402061856,True,5
0.95878165515179725,-0.19225175790530002,-0.20922953741453884,0.24223779933693287,0.93792729185272117,0.24822015182136253,0.14852133286763863,-0.28867223070489878,0.94583812404823131,16.791741638493498,-6.7406131298320107,0.039228920504260953,,0.5851345331026941,0.25,False,1
0.77279786317792931,0.6190354992286915,-0.13992324096557598,-0.60888483758145739,0.78536225681621252,0.11164846676935086,0.17900479667044664,-0.0010845566972504939,0.98384760329318366,-2.8600591926587793,-14.308790181909707,-2.0431580655364852,,0.07747256442211191,0.125,False,3
-0.75390453951763248,-0.57591694827696827,-0.3161449255990838,0.63247480921906574,-0.76643387640563099,-0.11204788619668056,-0.17777390415359834,-0.28442711155088896,0.94207094064980335,-34.045866855646061,7.8892692906212361,-8.1085296837235852,,0.277990477119226,0.3076923076923077,False,1
-0.90165167647791888,0.42026702628963419,-0.10197980642375783,-0.42185316768035985,-0.90664060479431252,-0.0065359510593167719,-0.095205878088516396,0.037127353149281547,0.99476499758763304,12.350743246130989,-8.4215227181435033,-0.43044235372578765,,0.2253823842204062,0.2222222222222222,False,6
0.20657744568013392,0.97329140956283455,-0.10014784574549232,-0.97254261578627821,0.21546780544048239,0.08794592257885854,0.1071756474944543,0.079230403822358464,0.99107816225275147,6.3954297878976885,-8.9983516171869606,-1.1625015937298078,,0.4301675374324836,0.7285714285714285,False,2
0.97873263301850633,-0.069765749542739786,-0.19291234604193153,0.1149133847143127,0.96545655440007838,0.23385584358623418,0.16993336069813547,-0.25105055617677607,0.95294085397005057,-17.098035091259973,-11.40035499600441,-4.2106095974163837,,0.7227823841882944,0.5384615384615384,False,3
0.32303331962284393,0.94403071035365427,0.066749474324674984,-0.94344025624608363,0.31566326002863732,0.1013764724303278,0.074632146611025296,-0.095722119581985177,0.99260632605024357,-3.0390821103151575,8.8898591035336061,-3.5996299457410603,,0.5222685682280395,0.2916666666666667,False,2
0.33533470304943452,0.94011417815709386,-0.061122573234112729,-0.93204255747866671,0.34051056657732337,0.12389198964346469,0.13728549806652471,0.015423555919504728,0.99041143265989395,-11.313553455272798,3.8876323695045358,-4.39296214262954,,0.2469075788884497,0.2592592592592592,True,5
0.32527774615382171,0.93355317216592393,0.15057510616311051,-0.93719525925077718,0.29706065018184258,0.18281142237675047,0.12593424432996628,-0.20058276309913323,0.9715488259745666,-9.7986608278167502,-20.78328574768166,-2.5662903420998258,,0.3181743524954793,0.125,False,1
-0.98525216586398012,-0.0062851042236395128,-0.17099317859269578,0.010862342550993123,-0.99960691613794017,-0.025846135562237145,-0.17076351827788178,-0.027322347521665208,0.98493315009256555,2.2199782043285357,12.764839812214843,-3.1784611802210594,0.1153354326281394,0.127472324782676,0.4090909090909091,True,5
0.96952454489650275,0.21263202470266651,-0.12169543505849338,-0.18036324453663391,0.95564600063007121,0.23283002705830363,0.16580487587356935,-0.20378504250949489,0.96487325571079841,-6.707991311476821,-31.77664548969976,-1.4064970970878092,,0.4531518744363172,0.4864864864864865,False,3
0.58841866890477279,0.80732474749185201,0.044611906163643078,-0.79181803524445682,0.56419114096978074,0.2339071514785861,0.16366938976468531,-0.17295984660734248,0.97123489554052855,-0.84074162448407308,-14.825254663369604,-1.7504712864917378,,0.2872216314896724,0.3181818181818182,False,2
0.097976982498639592,-0.9678108595383208,-0.23182461271435018,0.9936836884283039,0.082331354498501111,0.076251396170587626,-0.0547104948979905,-0.23783121793856105,0.96976444228579473,10.411608426372993,14.173392799822956,-2.2403963432182588,0.6442323619974324,0.3979461064551336,0.8313253012048193,True,5
0.48323729146544203,-0.83640731046112438,-0.25865910218728377,0.87447057198459943,0.47537749689600622,0.096526960885627816,0.042224860805825118,-0.27283520017049845,0.96113371321468744,-14.578755193685042,-8.3785090718897948,-4.0416626841942547,,0.1604478627703736,0.6153846153846154,True,5
0.81343162296694771,0.57139180273737178,-0.10881361367904754,-0.55629955585915158,0.81886830855667725,0.14137007247800432,0.16988172034762128,-0.05446192253365463,0.98395838330981777,1.7225167681531648,-21.720840259119594,-0.93713870200841809,,0.8321604894389406,0.9375,False,3
-0.55056837570987571,0.83025224066985015,-0.086923417620817539,-0.83409563957404598,-0.55136633293320014,0.016722169457320454,-0.034043027358810034,0.08170914129085996,0.99607464003344559,5.4116344285363613,-6.2893566532420602,-1.4599516228422182,,0.0838483630014769,0.3584905660377358,False,2
0.58164706066753824,-0.72042827009112753,-0.37771656631701983,0.81241827658961463,0.53777118370618915,0.22534129190719931,0.04078284786493766,-0.4379329419314682,0.8980821219082783,-30.996864352704055,-8.9341983529530751,-6.5102729812727596,,0.1895954550875577,0.3333333333333333,False,1
0.9905523100867748,-0.022104561849682215,-0.13534219344753129,0.052873137082177793,0.97217942565850624,0.22819201498165345,0.12653281138441783,-0.23319209393058662,0.96416331343368622,5.224882071153405,6.8382995676760521,-2.3605901045702402,,0.1735670138482628,0.1875,False,3
0.85374051325415334,0.5047836587552168,-0.127752079756981,-0.48935309191579845,0.86166329876868397,0.13442436902407218,0.17793450328979268,-0.052247654576724686,0.98265431110347656,26.990349986481124,-0.47634535188036409,0.82572767665358537,0.4378128814787987,0.3659840316069321,0.7307692307692307,True,5
0.9747804839742451,0.15287604522065773,-0.16257897422676479,-0.11098336459174965,0.96412019624277567,0.24115335365838331,0.19361224353545003,-0.21702802121956954,0.95677224936694671,-4.274662558734394,-19.95805809684558,-1.8544210563930286,,0.399556940767922,0.8405797101449275,False,5
-0.97713611074170648,-0.10955076289294642,-0.18221869123156526,0.11589665252858733,-0.99295865502579539,-0.02451683792887973,-0.17824978826702431,-0.045074824003388983,0.98295232500046714,-35.579144242585116,11.555376093395344,-8.5901349735467534,,0.1070225283266684,0.1666666666666667,False,1
-0.26328419523286595,-0.88964697333452281,-0.37310815506673789,0.95793198889697284,-0.2868815243525632,0.0080805713312656346,-0.11422669210159245,-0.3552847503367863,0.92775266584885407,18.544403624419076,-4.1490925369199863,0.044626585176010973,,0.4748074182154479,0.16,False,5
-0.2737166256633799,0.9506777681120071,-0.14591432435859997,-0.96151882112473197,-0.26673127639309935,0.065848180055447042,0.023680486869143882,0.15832311079334441,0.98710335179775344,-29.758966318872996,-2.4089998233046273,-6.7081025955756344,,0.3635670858129493,0.8928571428571429,True,2
0.087277960603598298,0.98741678496853769,-0.13187361508381565,-0.99222823112700687,0.097951803090027156,0.076737094198207359,0.088688753218481617,0.12415126674267236,0.98829184354559063,-4.6037653296365821,-21.401259060965458,-1.8457554164834546,,0.1050767057788822,0.4736842105263158,False,1
0.79704203775469518,0.58433905487094384,-0.15255116847922229,-0.57458050696646468,0.81150458223618493,0.10638399326889451,0.18596029432651578,0.0028604129435966796,0.98255309626085274,11.903593182422183,-16.125996953325227,-0.0079692331014114895,0.5455963848764166,0.5340125796746155,0.9294117647058824,True,5
0.77830803304867624,-0.57782726039148535,-0.24566697547772162,0.62388128766074435,0.75579763829611013,0.19885187666399773,0.070772484756947085,-0.3080350419911555,0.94873898850360039,1.5267952841024401,-5.6636003583162351,-2.0277800960099306,0.4466361815711063,0.6822621994563446,0.6878048780487804,True,4
0.65789382137839125,0.74599498579229406,-0.10328214252663137,-0.73377231025107803,0.66582246586463523,0.13512453758933252,0.16956979831600894,-0.013112022067186577,0.98543095058780061,-3.2426321779787171,-15.163133530846604,-2.0405416267497118,,0.1003257099794331,0.4285714285714285,False,4
0.98365151405081386,-0.03948576316948775,-0.1757002373716795,0.06002536025426812,0.9917610727131847,0.11316771084164401,0.16978414246297191,-0.12186406015604336,0.97791742791014657,-11.711089418255943,-5.8755475396779717,-3.7925260567159769,,0.1324332526136553,0.4745762711864407,False,5
-0.98374161765846113,-0.060152222727350629,-0.16921625154716521,0.055020863665870973,-0.99787663121452164,0.034855895303653309,-0.17095360261830089,0.024978770524523554,0.98496239866042989,-15.089477902631995,17.660929870714032,-5.750706522131507,0.4747254917297178,0.3977445765370239,0.904,True,5
-0.31917992921072885,0.94744629075415177,-0.021672538504592581,-0.94757846519949673,-0.31870022138056958,0.022917704556556145,0.014806251355416071,0.027851302091192895,0.99950241615146918,-38.133503662266897,17.432812370491639,-9.3399868911958137,,0.6307605848379104,0.3888888888888889,False,1
-0.98443290646648662,-0.00035491623982432797,-0.17576042415858958,-0.0082149371515424299,-0.9988121727136462,0.048028725223977962,-0.17556869730547309,0.048724918404312166,0.98326065458399747,-13.877810971784241,4.0644109533615449,-4.7707718708927702,,0.700194804821295,0.9962406015037594,True,5
-0.88688398631591292,0.44804331930528168,-0.112667558961316,-0.44357666154130915,-0.89398987666794283,-0.063418023866275916,-0.12913767905713294,-0.0062677301427312565,0.99160686534865972,3.6369177781669615,-17.708006625075548,-0.95976401961607327,0.861291395524283,0.5828257222679494,0.3571428571428572,True,2
0.28908195576265183,0.9467844146452864,-0.14153054453799732,-0.94941294901473772,0.30249232194618597,0.084341255662597245,0.12266488941656749,0.10998939652706032,0.98633445522096308,-22.96503892169121,-5.4981178621924158,-5.4717177556183723,,0.4852840306687874,0.963265306122449,True,4
0.90755254821460474,-0.37152820425121386,-0.19574260056269738,0.40287682654247964,0.90182330502506614,0.15622096257778334,0.11848474528073311,-0.22063889040587725,0.9681321424145698,-0.62355483205601869,-4.5206895410388181,-2.3974493728091195,0.3098499193277542,0.2907595429200457,0.2111111111111111,True,5
-0.9562937921621778,-0.20515714454924003,-0.20835721516780828,0.22810660708335864,-0.96922263809357279,-0.092600505462193186,-0.18294687446633348,-0.1360809459378412,0.97365929219396974,-3.6385797524921166,-9.7895155992541945,-2.4302387882807555,,0.731365701497962,0.4824120603015075,True,1
-0.60654662550184613,-0.75335287393343175,-0.25408785572821607,0.77816261253860575,-0.62804658022554183,0.0045212292680858537,-0.16298508992977134,-0.1949793332721233,0.96717057443728283,-36.544764404275007,12.89888469162546,-8.8040443450751855,,0.1578034874969161,0.5,False,1
-0.40333488768708237,-0.88633686668463196,-0.22743774341590178,0.90472750302778482,-0.42350214041663448,0.045979151010419592,-0.13707338778755856,-0.18722418598620791,0.97270652847723993,14.760398813503306,14.273876715665718,-1.7107578070419556,0.4609246047242789,0.5749026164122318,0.8627450980392157,True,5
-0.97937956124246917,-0.109634954252921,-0.16969340537118133,0.11826997958929744,-0.99210917583896674,-0.041612439775534457,-0.16379220661696739,-0.060824008599279618,0.98461797313956168,11.225686868522548,-5.7110245660882519,-0.74497800183226348,0.3961069379818177,0.1548305075580995,0.2,True,5
-0.63994906698445697,0.75963455973621863,-0.11584699961622587,-0.76665574433711992,-0.64138684889220543,0.029357788455894082,-0.052001551328945614,0.10760225705107637,0.99283311434344013,8.5109500092299903,-6.0833938969881016,-1.0645222796686684,0.5057899741112556,0.3810020923801011,0.9581589958158996,True,5
-0.3769043249280673,0.92072886758459616,-0.1010023873327007,-0.92624249137680703,-0.37415373311404054,0.045648999604728041,0.0042399314384706649,0.11075800825770767,0.99383836039276663,10.299430849299799,-21.890897020800089,0.16162014161507801,,0.1333143338130786,0.4782608695652174,False,5
-0.93466455326403608,0.32087896345885547,-0.15309756262367452,-0.32567688231673964,-0.9454576021922706,0.0066701410247722789,-0.14260694652150702,0.056094681266697068,0.98818856780343256,-7.3910352293801118,-13.548464661889312,-2.7094259708992094,,0.4047383380677225,0.6783625730994152,True,5
0.95163775852615229,-0.2531145033489916,-0.17412244180953085,0.28938317976484784,0.92882807500657705,0.23137800748723134,0.10316468299038152,-0.27057615429665793,0.95715494717915151,3.5368665865612146,13.451722410569813,-3.0793194473102359,,0.2617569019318963,0.2,False,5
-0.90818342268371177,-0.32830575991252525,-0.25965014687220317,0.36118052872522155,-0.92817013952581007,-0.089715203630190629,-0.21154549494675337,-0.17525843803051655,0.96152638209611063,6.4814217145980564,-14.554922454147569,-0.75858192010268899,,0.4642420568087243,0.5714285714285714,False,5
0.9828871455762096,-0.072111266137497618,-0.16950759380363944,0.092577333632010164,0.98891262244753231,0.11610883886050175,0.15925544373314254,-0.12981444626848532,0.97866537344557591,-26.015882668971294,-8.414637356718206,-5.7643814583004147,,0.27335061988223,0.8059701492537313,True,3
-0.33242922850707285,-0.92338176194027843,-0.19198158700839577,0.93420029118511716,-0.35033048648560333,0.067367397073106919,-0.1294628285796251,-0.1569543626498815,0.97908360422454987,-12.184016081493718,2.5586029687911922,-4.393822824317235,,0.1064752691426683,0.3629032258064516,True,5
-0.26329100270440742,0.96442249034379446,0.023814029772026429,-0.9628351707131465,-0.26423835021671171,0.055915367409482844,0.06021861782451355,-0.0082069722690888969,0.99815147331128085,4.0606105078361576,14.793039041673063,-3.1383602129168242,,0.2440028061343798,0.4285714285714285,False,5
-0.81839212916983484,-0.50813981681041553,-0.26838079194447134,0.54979048457089319,-0.82824516599475551,-0.10835297910819974,-0.16722663061894921,-0.23622843092692519,0.95719976098703463,-10.501095847888756,-19.386380081542988,-2.7439671653743298,,0.5508136223096535,0.627906976744186,True,3
0.94337819972971615,0.3080001573066164,-0.12318066152533989,-0.27876013291326901,0.93736527111452339,0.20889982481221442,0.17980645309025317,-0.16273368307605179,0.97014812674127593,12.041830336038077,-14.952257450853594,-0.058835737913725768,,0.2345651172138334,0.2,False,4
-0.97278951519935208,-0.082655598331878188,-0.21644540000335011,0.1229131084290557,-0.97601202301022361,-0.1797022501689923,-0.1963999157192238,-0.20141644174170867,0.95961371921288818,10.593178575350661,-12.660592108314878,-0.36896514720265761,,0.4194193690338607,0.5909090909090909,False,3
0.9600245930705128,0.22919810069799443,-0.16068917616388836,-0.21137882260043042,0.96993579441175104,0.12059663376273072,0.18349870314488034,-0.081809445391583316,0.97960984100246218,20.165490921881791,-5.2320612893829965,0.32075758256941039,,0.2151705466491385,0.6451612903225806,False,4
0.97654809204243276,-0.093793602199071499,-0.19379521179535605,0.14540252500438575,0.95114721737465358,0.2723546889679021,0.15878264908557732,-0.29414576499921941,0.9424788269676887,-11.076309662043775,-14.232674700596702,-3.1701381094737666,,0.1901215761912876,0.25,False,1
-0.97488174597498733,0.1522568048437552,-0.16255290444508502,-0.13885534319261386,-0.98613113688641951,-0.090909705367256885,-0.17414010173312677,-0.066054872960824546,0.98250291537812129,13.508195224640991,4.6997329264946099,-1.1804748309047988,,0.2199870025173999,0.35,False,4
0.92800056440862477,0.34147837961944133,-0.14902170549874275,-0.32674067852425936,0.93810111683832997,0.11492094493252153,0.17904044642141592,-0.057955248590250912,0.98213324335655261,-9.9372275006544371,-6.4548569570328782,-3.5481383402574584,,0.1400134381265981,0.5869565217391305,False,3
0.718286457685548,0.69557534829045331,-0.015475773200806814,-0.67981816967021713,0.70639993454625327,0.19709487222981259,0.14802641957361684,-0.13104986579033373,0.98026226683707063,26.510391838727269,-2.6903570610306291,0.89140354575765757,,0.4275238015476118,0.1875,False,4
0.35683970827395384,0.93406394797475734,0.01378273168750907,-0.9296526035841266,0.35362861939596402,0.10340617096362892,0.091714007917081133,-0.049712580278182067,0.99454371453137791,6.8176946974377515,14.86221787336798,-2.7607466563115817,,0.2263900597515457,0.1538461538461539,False,4
0.13999018842046826,0.98050697292306321,0.13787248889917869,-0.98535741154152334,0.12426738837025234,0.11674068574334645,0.097332002271563661,-0.15219622937802782,0.98354602795035473,8.5090810105217862,8.0732726871556117,-2.0357940994743742,,0.3457420070143107,0.1666666666666667,False,1
-0.63531122233874615,0.77064480197819307,-0.049862209682688188,-0.77042067865338637,-0.63692773202766428,-0.027839577535443971,-0.053213049844041252,0.020728081389456893,0.99836802731668461,10.966978423775918,4.183960126737956,-1.4403348058573422,,0.631562120697486,0.5294117647058824,False,1
0.60648303019576244,0.79354839789610898,0.049591070578123342,-0.77821369800814633,0.57966474293329573,0.24160344789046656,0.16297783382120096,-0.18512084160513853,0.969107063067004,-9.6593700991987816,-23.709325611627047,-2.3337389588265629,,0.2524522297552654,0.1,False,1
0.40682839127652998,-0.83467096874252578,-0.37123447306219248,0.91261533817194485,0.35343107457281453,0.20547437810980693,-0.040297699495837322,-0.42238708486969484,0.90551932389685852,1.8716779398532677,-16.229462903390708,-1.3062590021744227,,0.191477493225659,0.2222222222222222,False,2
-0.94125919883732467,0.30638413220105465,-0.14198550679390962,-0.28772147899848072,-0.94775718189895453,-0.1377413325108979,-0.17676954241905918,-0.088798016274900832,0.98023846138508441,19.91340321026134,-8.0182218439346151,0.47329505529477206,,0.6224189189881785,0.3870967741935484,False,3
0.60769644472547213,0.78670586169036527,-0.10862282564010206,-0.77354241950010894,0.61732030979067776,0.1433448999924942,0.17982534944200107,-0.0030858227363840252,0.98369371320350552,9.1536779803632413,-2.3750741809312284,-1.2355246212522801,0.4160067375076009,0.3080765721752941,0.2777777777777778,True,4
0.15693612312791122,0.98492000465501528,-0.072826078350725659,-0.98287907947048558,0.16296742348451448,0.08596705195637297,0.096538947564347943,0.05808789300003786,0.9936327431651919,-1.683084742937522,-14.254033258680559,-1.8683130568854465,,0.1022841969620425,0.36,False,4
-0.91360444270249352,0.39371952130109045,-0.10154733290789797,-0.3812561487300184,-0.91630419872594027,-0.12259838682775351,-0.14131762568703679,-0.073290885815724294,0.98724757519404727,12.598674265646423,-10.617787701557726,-0.26088281694821369,,0.2885164365628344,0.1515151515151515,False,6
-0.33963798529777667,-0.81817761217553331,-0.46393041921996231,0.93180195907526353,-0.35983779965059848,-0.047559089626666343,-0.1280279188551029,-0.44844414688716638,0.88459408720399724,1.6498931056935668,15.306567873715816,-3.4527873349780029,,0.6245952730628392,0.1785714285714286,False,1
-0.62310039272646767,0.77636867509205654,-0.094855579276738947,-0.77878837542444057,-0.6270676897710068,-0.016576451641176854,-0.072350306757343358,0.063543628957247217,0.99535302296776162,6.3998160307605447,-11.973932535956932,-0.93249015070414398,,0.4718422898791831,0.2619047619047619,False,3
-0.86726361153267462,0.49600125835347481,-0.042855335992978735,-0.48446093027215825,-0.86063715202144797,-0.15684801433312801,-0.11467970679739492,-0.11526683942999287,0.98669251571940242,8.8401962625627064,-3.6186909530220692,-1.2086726510229493,,0.3085838209623825,0.1794871794871795,False,1
-0.64524463257846587,-0.66211960190862706,-0.38112595935863774,0.74543752993834145,-0.65488022633350096,-0.12431724786531875,-0.16727896785939639,-0.36432063066170739,0.91612675159398727,-12.498087460815395,-21.500700501774297,-2.8894105886358097,,0.3322569558842361,0.2962962962962963,False,1
-0.87619625980138505,-0.39941287026227124,-0.26972110295436086,0.44442907476093158,-0.88609911965881583,-0.13157183455060936,-0.18644814779773253,-0.23515464955795526,0.95390742683662411,0.16628746211357606,-20.399027692596004,-1.2429063502022342,,0.3294693410161326,0.35,False,3
-0.59262093965938589,-0.73857822550239027,-0.32140725986039231,0.78096075196554238,-0.62456206164045858,-0.0047471095240929698,-0.19723266911604725,-0.25381969185459058,0.94692916221869494,22.604813389240284,-2.8792068605204197,0.45494880374246455,,0.2830640877885794,0.3333333333333333,False,4
-0.90458899407979998,0.39841668926503948,-0.15160109994581183,-0.40704067149690293,-0.91293252901167987,0.029531156761771423,-0.12663586986729064,0.08842137291075608,0.98800051481541817,5.4379286948215331,-4.8946825125689646,-1.5245794036391125,,0.2503660330634717,0.1132075471698113,False,3
-0.92714668350907925,0.36785567876430858,-0.071282724828427776,-0.34798501098481283,-0.91586638177767221,-0.200237865698211,-0.13894408727259749,-0.1608445533125849,0.97715074081825259,14.005060103400391,-5.2023398589044616,-0.43234261197607793,,0.5009607072839832,0.5,False,2
0.38064806382564226,-0.8934984267077013,-0.23825954960221979,0.92471741178623457,0.36840301341777854,0.095796284082774408,0.0021817069366175182,-0.25678742409931798,0.96646544634522757,33.485780432912023,3.9537266696575264,1.1028054689307596,0.1939203064613177,0.2323123075940456,0.4285714285714285,True,4
-0.9596124719321294,-0.18744910249579988,-0.20977782934768796,0.21410943749918526,-0.97032300249642489,-0.11238513958751745,-0.18248575968028591,-0.15276159464944858,0.97126867689330254,-6.3784189551747765,12.952709882814446,-4.3427603151368039,,0.462389790884645,0.2222222222222222,False,1
0.83371023700375468,0.53072529351123332,-0.15250542135465039,-0.52322249522560516,0.84752595935570696,0.089095278820379126,0.17653742154295721,0.0055146210753585917,0.98427848079156965,10.206238624429767,-10.386208182293725,-0.56873885872697327,,0.07315685035952992,0.25,False,2
-0.54063607672445091,0.83926545272599551,-0.057845763929826086,-0.84059824247945114,-0.54165416736622352,-0.002314673899701615,-0.033275024935419222,0.04737365127826193,0.99832284852151632,1.5588126504661799,-19.183794403697391,-1.1661740082709664,,0.1650644642131064,0.3333333333333333,False,2
0.00037681531707385325,0.99070112387466103,0.13605565465536712,-0.99726017438354186,-0.0096921558088456181,0.073336257773931976,0.073972985600990568,-0.13571052011270449,0.98798312340445105,30.737746355683488,4.1598669139463276,0.85437733137436311,,0.7573791679526931,0.4222222222222222,False,1
-0.97003733707769035,0.18976527914700914,-0.15171256871295294,-0.18747466010909697,-0.98182948291618999,-0.029395889057939002,-0.15453419198417978,-7.2847689055473286e-05,0.98798743828097946,3.3806740335661112,27.178885692797266,-4.1333873822031704,,0.4792179730858789,0.3888888888888889,False,1
0.8692702406642856,-0.43357530996085353,-0.23744830866486519,0.48070115482160336,0.85343320261829458,0.20144023535991526,0.11530675803539073,-0.28924767805642104,0.95028423763121372,28.589098513583888,-15.526551473336427,1.9821368658030052,,0.204233443094503,0.2,False,1
0.070869752889694881,-0.97858073212780916,-0.19328018220592363,0.99558920404642814,0.057451841522775139,0.074171576037198275,-0.061478572783967109,-0.19768418402553958,0.97833601000607329,13.528528027511593,-19.66579516393038,0.41556869864524731,,0.4667966058320913,0.6774193548387096,False,1
-0.59442198061677709,0.79938000278172605,-0.087487828366677511,-0.80360959618176897,-0.5944940839201136,0.028078481236720191,-0.029565619969892085,0.086996524854007801,0.99576979205995386,22.972572538785755,-9.6375829767260441,0.90074634649010588,,0.3457985260777592,0.2631578947368421,False,3
-0.56466979383615568,0.81761135727918799,-0.11251529841367762,-0.82413580591809488,-0.56588819031864857,0.023889944780560377,-0.044138388425119919,0.10621781633026733,0.99336276262061685,36.117361881474245,8.7591852830106784,1.3419983509398634,,0.7405729853835679,0.8461538461538461,False,3
0.83157162426149578,0.54250225241425287,-0.11907955260480588,-0.51950771763240289,0.83556004524087057,0.17874882410087711,0.19646975605285918,-0.086779703401988345,0.97666213095112553,23.441636984317846,27.336256873940069,-1.6618985935080592,,0.2175915679352132,0.5882352941176471,False,2
-0.93006539370144903,0.34718493766235625,-0.12017063909023051,-0.34706366192537247,-0.93756882215911896,-0.022616770019452025,-0.12052044643926334,0.020671786946170959,0.99249559153405464,9.3572857480568654,4.9089175859319383,-1.704450933529198,0.595358768316509,0.5482272375898771,0.6956521739130435,True,2
0.051983096111948297,0.99719612486455877,-0.053829789835404721,-0.99521761949984811,0.05619312352718684,0.079901331060969527,0.082702161735182397,0.049418836726153659,0.99534824610332318,0.20517404376751058,-24.994978344558877,-0.92180823926297162,,0.2428350298654137,0.1818181818181818,False,3
-0.4348910369984107,-0.81121003537447023,-0.39090672090180179,0.88930919916327789,-0.45508993211107762,-0.044970011949135864,-0.14141758809291602,-0.36719399804311481,0.9193310794154067,5.6374278356767809,25.269171999411586,-3.7190107000363652,,0.5029149524056821,0.25,False,1
-0.49074469364720724,0.86576703026251312,-0.098066788300302798,-0.87040633272359724,-0.49223045818704286,0.010099108259216318,-0.039527985172108503,0.09031403735522707,0.99512859121061892,-7.4970075235101099,2.7288228400188048,-3.7655449754813697,,0.1085350723243867,0.1829268292682927,False,2
-0.97416717749007264,0.18262588899291901,-0.13283860497074332,-0.14824365464950209,-0.96089423759268611,-0.23389331546098335,-0.17035882471180167,-0.20815871067701666,0.96314475652006593,11.970704253105337,-2.6559443821837201,-0.87799791711838937,,0.4513947241004238,0.2333333333333333,False,2
-0.087225507552762219,-0.94290580660046208,-0.3214348312042356,0.99508338069677105,-0.097663409227667974,0.01645976789369543,-0.046912432182186922,-0.31841874689967853,0.94678863814981962,12.330509163388751,-9.8111263360624204,-0.34888343716719988,,0.1809624599853949,0.2941176470588235,False,2
-0.20923852613266147,0.97664388872345487,-0.048846226066704593,-0.97786150643279512,-0.20910295312550128,0.007926489208920369,-0.0024725328746592785,0.049423371124625637,0.99877485799746757,0.62220793240418304,37.761337934783626,-5.3746275583964644,,0.3597714766886909,0.8857142857142857,False,2
0.76746497982018358,-0.55072162980276962,-0.32818164363197933,0.63527269458473934,0.72210922832009905,0.2738372982082542,0.086174870261873593,-0.41864537360674731,0.90405195807155758,-21.842457583857556,-8.7012025482509152,-5.1029761694373068,,0.4315735279241165,0.358974358974359,False,1
0.74130643980194744,0.65802812428936663,-0.13215048222530026,-0.64748911324709635,0.75299206126182006,0.11730645294767217,0.17669920920776794,-0.0013940304491976557,0.98426391082090192,-6.9969496416306045,6.2558998355841497,-3.9579259968723552,0.4865159861851053,0.2860675863717086,0.48,True,1
0.092476457893154312,0.99234762005998267,0.081818736832241945,-0.99167977317183231,0.084400109483533756,0.097200046301584575,0.089550724270651916,-0.090126702372024636,0.99189608593952305,11.861565677212749,-12.720904854095403,-0.19516422941389713,,0.2347288842743835,0.2142857142857143,False,1
