axis_00,axis_01,axis_02,axis_10,axis_11,axis_12,axis_20,axis_21,axis_22,location_x,location_y,location_z,dbh,dbh_approximation,score,reconstructed,number_clusters
0.21907525733188415,-0.97527862944675126,-0.02894177896112116,0.97097077927665021,0.21499629416954316,0.10484435742688586,-0.096030085993203451,-0.051070426254623456,0.99406741931637022,-6.1046093719672605,6.637431749234179,-1.7280433811133729,0.3760501449847659,0.334869018041933,0.9406099518459069,True,5
0.8163336754150895,-0.57721621005671397,-0.020512855263411633,0.57609035879016068,0.81116420034780679,0.1006605115381862,-0.041463585135846283,-0.093989823501639883,0.99470934658613497,8.9523337808655086,1.6715997849708197,-1.4766078937107507,0.2783667949257664,0.2110137238955763,0.6666666666666666,True,6
-0.20791472172510733,0.97799818706953456,0.017059149412410372,-0.97364057418151784,-0.20859753549962815,0.092255625795750598,0.093784331300358195,0.002571822735951591,0.99558921495281349,-6.5278307811165304,3.7605622113898463,-1.5060933406107826,0.1329753546091122,0.0972614406491951,0.5158730158730159,True,5
0.66260896247860357,-0.74769719658504419,-0.043569083785360854,0.74516981852056186,0.65228530004679497,0.13872933687182482,-0.07530806337346746,-0.12438966822742895,0.98937147019166105,-4.1105694493711304,-2.8094772822334697,-1.1167636058441508,0.1730025448106229,0.1490757998972072,0.65807962529274,True,5
-0.24189353095969401,-0.94799085673682282,-0.2068836755842248,0.96495370511112066,-0.25738576759805182,0.051155778073292107,-0.1017441235264908,-0.18725891749486559,0.97702724176272571,-34.810504039880804,-2.2014439488838997,-0.82578551241166565,,0.4465741635235136,0.4594594594594595,False,5
-0.56192700637563719,0.82690358899918448,0.021644722358672763,-0.82350408158445265,-0.56170008398541527,0.0795867028122519,0.07796837255877001,0.02689740045146689,0.99659292729252891,-5.4428295793674186,-7.4115290433194225,-0.83794871988639108,,0.07925830223896717,0.4,False,5
-0.65811490648968574,-0.74835234394164063,-0.082786104952004058,0.74910241441377634,-0.66186491431379235,0.027935782069711576,-0.07569902625214231,-0.043630316494934096,0.99617571387131731,-5.4210006922056042,-30.816182658368202,1.419101612451001,0.3293560148150345,0.3351175666627507,0.6875,True,5
0.19655963680498567,0.9718446786936813,0.12993163461555102,-0.97601446172679474,0.18128673751086977,0.1205441384009248,0.093595297313745676,-0.15050926648363522,0.98416811623995981,-6.0109248083467532,20.695104931433303,-2.6579446333434351,,0.499609362172807,0.7096774193548387,False,1
-0.16277240476766816,0.96208777592765238,0.21884299316344349,-0.98219685707258286,-0.17908091857859573,0.056739391588098605,0.093778879300680684,-0.20571129286364165,0.97410902150913181,-12.671667079115748,10.086563360605615,-1.9002448111147494,,0.144220058103444,0.4090909090909091,False,3
0.88854024986979496,-0.45480645128265751,-0.06039301476992695,0.45602779254489118,0.86104395002652456,0.2250377047282425,-0.050347559900738255,-0.22749595160001823,0.97247658851904806,2.174320723621225,-13.870177648611739,-0.3900874514321695,,0.1580200588260934,0.1481481481481481,False,5
0.42759685195599251,-0.90358333260013035,-0.0264214542478441,0.89940912672742002,0.42232570713661777,0.11271299770203413,-0.090687126742156079,-0.07195942008383463,0.99327623897103978,5.835470478059201,-8.5913390202597899,-0.80596208198042596,0.1581459630313367,0.09422279114561541,0.391304347826087,True,5
0.28244132317744652,0.9123082459546622,0.2965140187662339,-0.95494340179292425,0.23802137973603865,0.17728204128086733,0.091159192262393329,-0.33322588007488507,0.93842981331284847,-11.513819785616169,-16.966216437849152,0.12695882461607405,,0.7012374181690334,0.2608695652173913,False,1
-0.97732213969345538,0.20606397555442185,0.048775744419888599,-0.20674467480433495,-0.97835079161590721,-0.0092934377158549186,0.045804745442556673,-0.019166807851996395,0.99876651864773125,-12.59592629727384,-22.452107297123295,0.71218838490547354,0.3704794360200695,0.3295624793269817,0.88,True,5
0.98908136225292165,0.14659470560741503,0.015101361918072001,-0.1471530619132935,0.97685895842931503,0.15521775576890701,0.0080022005378346389,-0.15574520096705688,0.98776484912264584,-2.0613168303936473,10.915959806099416,-2.0227968651356298,,0.07339085754540983,0.3333333333333333,False,5
0.76380664600715664,-0.62375655258826901,-0.16591314178960445,0.64209350972865076,0.70814597663310141,0.29367533185934253,-0.065691188751933624,-0.33084292176431723,0.94139663736323664,-3.2762800056109675,20.382246389840454,-2.6167168338188111,,0.2657814162617868,0.2,False,1
0.73543897531323421,0.66887471410586274,0.1083334224513431,-0.67259872098964979,0.70125793709111295,0.23632237767465855,0.082100390457706007,-0.24666560866184276,0.96561669589448151,-7.6029219800820957,-26.944379948648823,1.0557678252296128,,0.2565376092200032,0.5333333333333333,False,4
0.80407243269325168,-0.5898682406613327,-0.074316765550313038,0.59139452714666707,0.78073308876396863,0.20176312192777573,-0.060992099846831432,-0.20618269269794892,0.97661080323130611,1.7055940334548754,-4.7987835625042257,-1.0549812975020574,,0.08300904970129844,0.3035714285714285,False,5
-0.84166713128291659,0.51824309026423843,0.15172521053324753,-0.52137385877803022,-0.85305658233751525,0.021535243521829422,0.14059068070427788,-0.060980051853131136,0.98818808623414267,-36.605712774880779,1.7721778564480895,-1.0772746413829888,,0.3541042637639457,0.5925925925925926,False,2
-0.84679640536874667,-0.53190938196526438,-0.002873539959532107,0.53132626795528093,-0.84609796769610446,0.042551451693607897,-0.025064812691925446,0.034505629074850469,0.99909014444486755,10.82736576381828,-7.5109738207561101,-0.92788691316246963,,0.1028020574777649,0.125,False,5
-0.99998765463889072,-0.00046406778027201668,-0.0049472427579893424,0.00099195873829427709,-0.99423238553026239,-0.10724262016878174,-0.0048689411243807712,-0.10724620368059372,0.99422057170852607,-7.2317998306702789,-27.92245061884438,1.1356840929146266,,0.2720731527484062,0.1666666666666667,False,4
-0.40781568380003347,-0.9059661326253623,-0.11362981379266762,0.90660362689350016,-0.41656042256797871,0.067433508388180519,-0.10842615805359415,-0.075516758973304371,0.99123205525442193,5.7434666416748748,15.479543400486541,-2.3823346199943209,,0.5630235714662845,0.6756756756756757,False,3
-0.064602033872907777,0.98569620306071082,0.15565851242762868,-0.9920413624982527,-0.080329452898693213,0.096959342456554229,0.10807641885302452,-0.14815591202748266,0.9830408503308552,4.265225821830998,-25.384554655526134,0.62499337292809642,,0.6039576274612053,0.2631578947368421,False,4
0.86697176269092935,-0.48724901817389565,-0.10463439675919001,0.49545383449237473,0.82007797938298777,0.28635224046254543,-0.05371648334903608,-0.30010081975844682,0.95239384573658525,-6.7276444212131166,11.401600228849444,-2.0421778576109642,,0.2510769646704988,0.2,False,4
0.40792564511741081,-0.88692535619618773,-0.21670274707952353,0.90820187341699377,0.36984052945310142,0.1959268738476532,-0.09362705366190277,-0.27673343728237343,0.95637470664613244,-11.833208162687328,15.073841588438594,-2.2378316122092463,,0.6060996814695084,0.5405405405405406,False,3
0.97827027432106006,0.20636139568693793,0.02005604023576647,-0.20669608261572828,0.9631074045855782,0.17233936481182857,0.016248070996636336,-0.17273998264030099,0.98483343697618131,-17.509783893294788,3.1804845882635817,-1.4114106147087995,,0.07116067452067228,0.2972972972972973,False,3
0.15465883825719534,-0.96801821880521688,-0.19753827935392995,0.97601791323429354,0.11869885204986237,0.18248182256822462,-0.15319816185160581,-0.22102332588037274,0.96316094845153943,11.407398499293482,4.2617958942454335,-1.6503047124196661,,0.3146457225355442,0.1052631578947368,False,4
0.50513968629905903,0.85592870288714851,0.11054389580439387,-0.85924068292424038,0.48677307978303869,0.1573449001601932,0.080866223688101868,-0.1744649660317501,0.98133716402364346,-11.945568142322017,-2.7208516761470873,-0.98540505965469838,,0.2220956214407716,0.3009009009009009,False,1
0.68247893100154322,0.73041174602469694,0.026854981067672444,-0.72785961993185588,0.67582547612784449,0.11610469193459343,0.066654950391141943,-0.098785662348978023,0.99287386434663927,1.7077999889786675,-2.4609399447124032,-1.1797958909860331,0.4208893058306481,0.3276858687435454,0.9432989690721649,True,5
0.57765243346106709,-0.80086349793453715,-0.1579092264326708,0.811051270888277,0.54124195498696781,0.22193012898746983,-0.092268640973069624,-0.25627095785114296,0.96219109019728488,-9.1604072759565902,15.783525533230449,-2.3027864939394647,,0.3313794423727073,0.125,False,5
0.97326301017860473,0.22232987512751839,0.057693497414035386,-0.22966455193261678,0.93795379610963381,0.25980159727976571,0.0036478217708042519,-0.26610543585073448,0.96393702616250765,-32.032364174981275,-10.719509004635688,-0.019984302726817015,,0.2001445248729972,0.3333333333333333,False,2
0.84566796626293483,0.52017182609718482,0.1194443894514579,-0.53010746212054294,0.79269801922210814,0.30102479785802128,0.061901287876978073,-0.31788539075595418,0.94610628837520427,-15.095961742791904,14.866662339062719,-2.1915440532199666,,0.5160455785629662,0.3235294117647059,False,3
0.97555641193645948,0.21718491345567179,0.0334723840936803,-0.21974900050663701,0.96399686859210854,0.14973447873133289,0.00025279635397455562,-0.15342995376347562,0.98815949389870383,-12.001582477082865,-8.1357249906657803,-0.66515855786450984,0.450841201545808,0.3814355304735386,0.9860724233983287,True,2
0.1239353754778024,0.96818981790122727,0.21736719903786175,-0.97923299107099981,0.083914398792272651,0.18455655738411048,0.16044554186177684,-0.235726218710861,0.95848337383021975,-5.8504105166286386,9.0992057251514922,-1.864376307808931,,0.1161134832663613,0.2045454545454546,False,5
0.19192722646230276,0.95450452767665162,0.22822148537607356,-0.97758011419224822,0.16541548413434626,0.13028752029443144,0.086608660527455555,-0.24811050814782759,0.96485238024698272,-2.8683394755369847,-14.882037436079484,-0.2188537142124542,0.600426081933864,0.3713111613908554,0.1428571428571428,True,5
0.19560752675302667,-0.97911121106544829,-0.055488123445619118,0.97591963654217551,0.18877621006259773,0.10929046402038485,-0.09653268093735419,-0.075529986630174059,0.99245990479751556,-4.5195577974748016,7.978739370690354,-1.829850908925938,0.2480549329160744,0.2133972989228511,0.68,True,4
0.69072336915859833,0.71668960219350353,0.096214559220081236,-0.72173468405506169,0.67504192897107396,0.15302757909263801,0.044724413133512296,-0.17514110950525294,0.98352697910689468,6.3318168515804825,17.783375184161258,-2.5063925300413943,,0.2538309216506632,0.5357142857142857,False,5
0.98093529971288396,0.19302290065801581,0.022541020357553617,-0.19426673268681224,0.97090876225303169,0.13998789930374578,0.0051355962053584595,-0.14169804233598579,0.98989660593910711,-17.814650753441487,0.25800737009715496,-1.1955140103867152,0.3200411123508491,0.2934584129443761,0.7911111111111111,True,5
0.30441293810962439,0.94237880870259361,0.13876218512169644,-0.94824844409502629,0.2859956822635803,0.13795418804064008,0.090319717575007119,-0.17357606584685348,0.9806700250248811,-13.589176330848456,8.2267462908086912,-1.7681684890105775,,0.08029345314234478,0.3125,False,3
-0.6589821992767747,-0.73381126558791543,-0.16511658769672016,0.74883455633329432,-0.66068192576753593,-0.052404200263140327,-0.070634752618415661,-0.15817844183188554,0.98488086196360491,-5.7606290791978152,13.130998955204703,-2.168324185900651,,0.1395814699554543,0.125,False,5
-0.98270989616653637,-0.18492661883149233,-0.0091326679512283761,0.18466356631394773,-0.98250491654321293,0.024154838948511087,-0.013439763858405902,0.022050728241175779,0.99966651345909552,-7.458391981659001,4.0003666016033383,-1.5343983497624083,,0.07416605618634005,0.1463414634146341,False,5
0.063338256123956785,-0.9859656491021892,-0.15446683819407722,0.98951900301500673,0.041917722307165083,0.13818482995165032,-0.12977059753026937,-0.16160025788060672,0.97828674153826634,-19.001509579559926,3.506808541652457,-1.421828514472451,,0.2409517666318457,0.3968253968253968,False,2
0.98637497105995575,0.15748055847458522,0.04758455809402258,-0.16430965359105668,0.92868210501530413,0.3324934368692552,0.0081703245503246397,-0.33578180642624933,0.94190436046865511,-13.908408190488839,1.4207728113754263,-1.2489440333234449,,0.4231672131268438,0.270440251572327,False,4
0.58418138690370347,-0.77104937193319523,-0.25340673478953141,0.80758250452906544,0.52109864587690569,0.27616426206846173,-0.080886374463368674,-0.36597686717425398,0.92710211256338482,-30.124905606252653,-8.0916572062000096,-0.32077169677604195,,0.5375899823095632,0.2857142857142857,False,1
-0.9573303246243472,0.28869605050405084,0.013162065871535218,-0.2874775151471527,-0.95597480066634244,0.058897018394536989,0.029585939894865378,0.052600103748096087,0.99817728948630591,-10.06990051594717,10.009083133128462,-1.9220228886654491,0.25143578188572,0.1356441807843707,0.578125,True,5
0.55170679650412902,-0.82336667867259261,-0.13299219203703674,0.83128724775129392,0.52991117185991732,0.16779648883134776,-0.067683989371424225,-0.20312917660866353,0.97680981526244715,13.000070862490881,-0.97086728795646171,-1.3743199668140145,,0.3982514189138563,0.4444444444444444,False,5
0.85559388753758414,0.51218737068491604,0.074987978497876001,-0.5153537694552992,0.82919478909159905,0.21644050926652847,0.048678454335975729,-0.22383051412667679,0.97341168527465793,0.39596901903324089,8.1764073883476343,-1.8394482006776951,,0.392741811485379,0.2121212121212121,False,5
0.78473021911178065,-0.6156823673616143,-0.071649882992072145,0.61782647367176691,0.76763693035259006,0.17036429082752219,-0.049889193650414811,-0.17795720181789104,0.98277276248279311,-20.380500160436547,6.9623142311062445,-1.6416254399212915,,0.1768948326621687,0.2692307692307692,False,3
0.35158387025087279,-0.91448222989807937,-0.20027739108559917,0.93261920861641379,0.3235663798906141,0.15976923835387385,-0.081303098951464217,-0.24295482914550059,0.96662441366632657,10.431685837783149,4.8810516486672801,-1.6878003681748368,,0.4312303870217283,0.3333333333333333,False,4
-0.60189107249228258,-0.79810001801451302,-0.027631469366007112,0.79587236507748305,-0.60233842912933411,0.061445872928784201,-0.065683448143836143,0.014992599482440305,0.99772787201756385,8.2430416698480702,-18.674950452869787,-0.070896517335464954,0.3005474560096686,0.2632422781215547,0.3548387096774194,True,4
0.74548861193670402,0.63346921080677743,0.20727635763040297,-0.66350170259415264,0.67576284903006956,0.32110755600799074,0.063342088119578158,-0.37691024240607096,0.92408140823308949,-17.983146695888873,-1.9755189537358804,-1.0497459198041652,,0.2777840579684074,0.3333333333333333,False,2
-0.95736150770907991,-0.27363591327867137,-0.092640868525434156,0.2805023480384326,-0.95718897662966196,-0.071468145096877281,-0.069118566984026714,-0.094406832288821657,0.99313139801099193,13.239447093982371,5.4532009086636188,-1.7473775272013181,,0.36890999188521,0.2105263157894737,False,2
-0.097452926312402072,-0.97888084915383089,-0.17970868179647198,0.99164814344074659,-0.11083247043623254,0.06595546306048089,-0.084480096849319439,-0.17178022778212185,0.98150632528754123,-5.8889055128893277,17.841362092176968,-2.4625165090877745,,0.2163635559749906,0.3333333333333333,False,4
0.78742702912729179,-0.60056160663437719,-0.13886839250349386,0.61190704055091416,0.73440758143910578,0.29362438258595991,-0.074353530676023599,-0.31618232234187321,0.94578025540529809,-16.3038319395699,-3.3547982003571351,-0.94316440271756352,0.4737732851320023,0.3263104542374747,0.4146341463414634,True,5
-0.75453991140957721,0.65542887268208883,0.032901594865836284,-0.65286543198440417,-0.75478806767256768,0.063731472750363352,0.066605178551270086,0.026607625858000947,0.99742457581330735,-2.5147240845787939,-2.4254191830215341,-1.1555506588015794,0.6171688896785601,0.5779843244191668,0.9918220477592411,True,5
0.9453745191235744,-0.3259703317951213,-0.0032189099477271804,0.32406667332890771,0.93869191527221785,0.11763621653263323,-0.035324351790344329,-0.11225342307455996,0.99305153903442389,-9.438577845644458,3.5136792135983659,-1.4655077681987134,,0.09304054341488345,0.5231481481481481,False,5
-0.88363509554946684,-0.46332590054563516,-0.067217020142688003,0.46653635474274385,-0.88342373826299314,-0.043661520550624014,-0.0391515978810427,-0.069940035437624865,0.99678259606914621,-17.434593152767313,8.6649185439040899,-1.7501922631678861,,0.3783531048570536,0.25,False,3
-0.13289918011703414,-0.98555651853058734,-0.10495788062878883,0.98622297314869423,-0.1420218069379609,0.084817766934912428,-0.098499010949190474,-0.092239661404102335,0.99085306161210729,12.841016445738868,-21.37134962564982,0.10313688712577129,0.3275707728290601,0.2538290131931034,0.15,True,5
-0.99589458126103525,-0.090397566175904415,0.0047183730653235475,0.090400048799814253,-0.99590548340169704,0.00031513080811437777,0.0046705665504099911,0.00074037821955053105,0.99998881876158663,-9.9660957742961855,-22.964500865287619,0.71603418777931371,0.3033013831135914,0.289773001247674,0.375,True,5
0.5163607683632373,-0.85398928950884401,-0.06382672088952461,0.85283797398033312,0.50603682710046738,0.1288181654706127,-0.077710662282918994,-0.12095049823077846,0.98961206032731774,4.9153328285637476,7.5187149322760369,-1.811185509958831,,0.1033046662359445,0.4130434782608696,False,5
-0.60800574830878029,0.78622287071086405,0.11037485037203457,-0.79009473825252563,-0.61284399679296864,0.013135455092747036,0.077969959658536689,-0.07922015631131217,0.99380322610910177,1.7240755929181404,11.087149049851714,-2.066527675589354,,0.07047686896014123,0.25,False,5
0.48892883284089111,0.86807629375583562,0.085977582171040401,-0.86842524632266549,0.4750661138768062,0.14194991720817807,0.082378322186502942,-0.14406851031756848,0.9861328898118219,-1.9710796580215908,7.8385797744859165,-1.8261130963384911,0.396295929909297,0.356924328552786,0.7675840978593272,True,5
0.39639297050208055,-0.91284399928278048,-0.097920610240933501,0.91366914342339622,0.38179420507388112,0.13943414692234332,-0.089896102765888053,-0.14473775577030107,0.98537793397360141,-7.3092790288058094,12.789802178390733,-2.1263659977765395,,0.113541765939436,0.4473684210526316,False,5
-0.88226429095027281,-0.46730243066519139,-0.056904825879858324,0.47067949175503643,-0.87781195614625096,-0.088921233054391494,-0.0083986281756971391,-0.10523596315469716,0.99441181363842912,-21.218337128076627,11.371024554702677,-1.8936035620378819,,0.2148598769627647,0.2857142857142857,False,3
0.89205551142179895,-0.4514041701818618,-0.021708055749375309,0.4485360467219488,0.87847013980334998,0.16463787008136505,-0.055248342355575096,-0.15660296490267223,0.98611517179823061,-31.505633741836007,3.0817097916638954,-1.2700093652064892,,0.4080237715172094,0.825,False,5
-0.75190938468253332,-0.65419965972186434,-0.081578688676223199,0.65671048735429538,-0.75412354629035283,-0.0053863465675971778,-0.05799666391456397,-0.057623624931615713,0.99665234902874844,-8.1890633751864375,-14.513587463738792,-0.15978972470514899,,0.09500745299695025,0.1379310344827586,False,5
-0.9777145063965812,-0.20854743232483827,-0.024131151079219263,0.20934813146158179,-0.97711819281747148,-0.037595174140626117,-0.015738609698299356,-0.041809158516247481,0.9990016468599684,-14.786926258788247,9.4603483716596557,-1.8313410826611416,,0.1583529802710502,0.3636363636363636,False,2
-0.99650889215710658,-0.074625342096563921,-0.037431085594533023,0.07676409415484492,-0.99527883165469644,-0.059391254479480515,-0.03282227445501848,-0.062057276584064819,0.99753275270668018,-21.758105588770601,5.7170750646403956,-1.54965181217998,,0.250577925097183,0.2549019607843137,False,5
-0.30416636719472229,0.94389038502938905,0.12866142435337174,-0.94614582276430148,-0.3150496613157211,0.074510354787193603,0.11086434563568849,-0.099068925268837107,0.98888545591127441,5.2691894764977674,17.95257760820127,-2.5115941049108605,,0.4607927404710023,0.4285714285714285,False,4
-0.43903923075772228,0.89258461381944432,0.10265116184662433,-0.89401645555814369,-0.44536228922129972,0.048857021305205889,0.089325981925314282,-0.07032167882209317,0.99351684960081132,-5.2617590724890491,5.5991421570916202,-1.6492726900264583,,0.07761293188299935,0.3092783505154639,False,3
-0.997694293363656,0.057770587968858082,0.035618199776655125,-0.063586169298463308,-0.97913650585985856,-0.19299870975344935,0.023725430734644681,-0.19481853622866965,0.98055231470746929,10.571919716642471,1.9502223412051363,-1.515415932249671,,0.4596663847765574,0.1875,False,3
-0.99033789675674577,-0.13859155360905834,0.0048199082617931908,0.13864056054121282,-0.98871291405852413,0.056794089012138789,-0.0031056754889911614,0.056913573443669152,0.99837427848358973,16.119361078003511,-0.4210878911650997,-1.4343463562973269,0.2239794925782108,0.1800702914288058,0.6923076923076923,True,5
-0.075659704130465133,-0.97310654620466963,-0.21757586930657152,0.99357134550995663,-0.09200070012181201,0.065968572507148965,-0.084211582056300471,-0.21118598653962872,0.97381152618813205,8.379073168545828,-14.338768804496015,-0.45912413964624915,,0.1633474152208939,0.3333333333333333,False,5
-0.89639963350491969,-0.44147947647643349,-0.039541989104481652,0.44232791540295902,-0.89671592481524165,-0.01570240230083092,-0.028525642981666283,-0.031566153279083707,0.99909452288541878,-2.7512842655264,15.525319624404856,-2.3396123923211229,,0.1447377837797813,0.4375,False,4
0.57419402012229703,0.81783107654715292,0.038125549038946591,-0.81505054421607814,0.56659740579548878,0.12107844613678144,0.077419878770704526,-0.10059676923016969,0.99191050624115396,-2.2412458038674061,5.4764922118794779,-1.6225201601666233,0.4043970384767722,0.3422683138353954,0.9069767441860465,True,5
-0.49979084371675186,-0.83136642607544309,-0.24297937799624708,0.86365759542909415,-0.49959358565293793,-0.067095506794988324,-0.065609987002995515,-0.24338470528976588,0.96770822815375568,-21.430497442311232,-9.3737242622180723,-0.39573439112847297,,0.5416164052644591,0.1333333333333333,False,2
-0.83322367670897191,-0.54853168603335889,-0.069651231065828059,0.54823054077530475,-0.83595106158825305,0.025081801982539717,-0.071983183680644935,-0.01728618080650644,0.99725603995178946,-20.981463417551645,3.1078105508635239,-1.3795348947292878,0.1136661792822764,0.2001580275200204,0.6862745098039216,True,5
0.27160235655377502,0.95420969894779173,0.1253635128273092,-0.95817558946813064,0.25589845861514449,0.12812306047622815,0.090175937266202891,-0.15491878295532788,0.98380306516385885,12.299964045147082,-16.634026967142045,-0.31542659297564213,,0.205165506924001,0.2222222222222222,False,5
-0.092824677200977201,-0.97232446940994399,-0.21440313777835826,0.99217015105507833,-0.10839815813955418,0.062034108902241224,-0.083558187258205463,-0.20696609746193573,0.97477333972749758,-11.715507425473621,6.5457241285039132,-1.6529222088360525,0.3699728654183833,0.2518987741183282,0.2077922077922078,True,5
-0.85027045733603102,0.49884569977750898,0.16790806173338998,-0.51943887896494201,-0.84678181137958664,-0.11464647808087966,0.084990590074552147,-0.18469848870576333,0.97911340909446554,-9.2131667961112136,8.3489131533453662,-1.793440897309738,,0.3997933279008224,0.2083333333333333,False,5
-0.7387946072750663,-0.66689114034443775,-0.09715315327552318,0.67308314850437567,-0.73738561975734818,-0.056758461699631696,-0.033787622892388805,-0.10732499571473371,0.99364970781161854,15.335606003740089,5.0658191871170128,-1.7862421813637697,,0.237985032790321,0.2592592592592592,False,5
0.3529306881745084,0.89220031712963122,0.28181292280244075,-0.93359836399303242,0.31587122953961766,0.16917287341256587,0.061919496882661948,-0.32280638231440911,0.94443740684223321,-7.3261586366797928,-12.921227565971366,-0.3198947712761972,0.4891422060155569,0.3983952888101915,0.3968253968253968,True,4
-0.44444044030680513,-0.89554588383053502,-0.021685593699037914,0.89132038056426421,-0.44450436399436499,0.089240403297726006,-0.089558216879686472,0.020333232506209727,0.99577401324054438,-8.7470232021576297,9.4248545224949023,-1.888069907461944,,0.07077383350525557,0.2222222222222222,False,5
-0.86372017791179911,0.50393051633336228,0.0064411936783432492,-0.50191335976026774,-0.86127625816629894,0.079285474162792982,0.045502017121999576,0.065247542689745003,0.9968311414732085,14.890494516657062,-4.7974542607737263,-1.1345052425183524,0.2267423995580611,0.1644296660274357,0.5238095238095238,True,5
0.73732944919691723,-0.67415299873322465,-0.043162688122639452,0.67257324753289904,0.72662370225722528,0.14022561114522905,-0.063170484009708969,-0.13242254195190606,0.98917832585079191,3.3728663580387956,11.885544620960651,-2.1138985823062022,0.6995203834748227,0.5188062558200801,0.3461538461538461,True,5
0.83214146400244016,-0.55435192692761548,-0.015314209072501144,0.55136593555138713,0.82406686738666945,0.13003616108246907,-0.059465864169455984,-0.11665221466891201,0.9913909782782061,-25.962509500239609,-3.5645089513000681,-0.87374403824480595,0.3506364501969993,0.1927865411133017,0.7049180327868853,True,5
-0.99923545208940234,-0.038515856916594725,-0.0067111886927643033,0.039087538051790577,-0.98057667602772847,-0.19220183869948299,0.00082198341790999749,-0.19231721502869339,0.9813324682017146,-14.769290043672111,2.2097973184891782,-1.3062159647290459,,0.3518424130914597,0.1212121212121212,False,1
0.49594435745999554,-0.86723082422125153,-0.044157579464037075,0.86406146551452345,0.4878038906315012,0.12427851020053864,-0.086237915770775289,-0.099790088712761446,0.99126432402170772,-7.4645219756869148,-2.8811881354159139,-1.0331882212801828,0.2495475081888907,0.2313378653780723,0.8666666666666667,True,5
0.54391254223756091,-0.83526760547391954,-0.080542992510462208,0.83488657941430033,0.52900188269690396,0.15205725111622234,-0.084401101358716243,-0.14995010953313098,0.98508447289582213,-2.8168414723469666,-17.306470435969171,0.0092820770888736304,,0.08270894232847999,0.2142857142857143,False,4
0.50195566748216536,0.86423460986144363,0.033749770372154757,-0.86147851183749402,0.49612884504708393,0.10821710934276323,0.076780736677834666,-0.083394893308198173,0.99355423115465824,10.393821959299855,-8.4003364848908522,-0.88297271395398402,0.2134291200433721,0.1668413248768068,0.7419354838709677,True,6
0.37735291896871781,0.92359424286661462,0.067664237891473814,-0.92443045693625503,0.37133293353623098,0.086834225740798285,0.055073631026246891,-0.09531803090193737,0.99392221433599259,-7.2980626442424255,5.5890148146104055,-1.6433779765871626,,0.09848286304377739,0.3779069767441861,False,6
-0.30495383911589596,0.93224107716036664,0.19475556490985452,-0.94694363348136934,-0.31860250762806802,0.042310721362434814,0.10149340381314891,-0.17151972536121679,0.9799388107399537,-11.053489729722839,12.106330446732931,-2.0359149301744952,,0.3544819708881543,0.3777777777777778,False,5
-0.13537246510815953,-0.98998386925660364,-0.040077853014670997,0.98601035741834819,-0.13857890380637081,0.092625387899683886,-0.097251584842008729,-0.026978251083976054,0.99489411658435722,-2.7824739919059809,-23.88007222666463,0.59976694291315102,,0.1499965429781064,0.4827586206896552,False,5
0.64262480223717333,-0.76526162619283711,-0.037523419704633611,0.75791668549578017,0.62775655919362994,0.17743731354049161,-0.11223039426432554,-0.14246524441445654,0.98341648996608,6.708453518225916,12.578862385378224,-2.1603215629831869,0.4327864367741281,0.2035488173650976,0.5833333333333334,True,5
0.29142977964422356,0.91850744812074192,0.26723164349164025,-0.95226749753714035,0.25202813845066818,0.17224526281858751,0.090858663158076558,-0.30467340739850368,0.94811329394398536,-12.028517389661433,-14.297369841214602,-0.11279267078891346,,0.3188877993780056,0.1923076923076923,False,1
0.98702270541901826,0.15584828883469834,0.038697414055974974,-0.16051617448906397,0.95071511928053054,0.26528347045906131,0.0045537583071006173,-0.26805236958233331,0.96339358023944577,0.46823618482506035,-6.2590201410601738,-0.95542878987515045,,0.1818454290497549,0.4166666666666667,False,5
0.98727618590248645,0.15740455390240676,0.022572974120024372,-0.15890761243729373,0.9714055776999988,0.17640741005640831,0.0058398167195384872,-0.17774985238844862,0.98405837556344522,7.8269552995624032,11.331343200807915,-2.0888735180850642,,0.1570950534542005,0.4482758620689655,False,2
0.91402855341160982,0.40121520165651198,0.059817769166082023,-0.40371013658163041,0.88530983424812226,0.23074796424845306,0.03962233170225616,-0.23505926772473448,0.97117311097825931,10.664560539708631,11.078639959800849,-2.1212335423677664,,0.302781860963096,0.25,False,5
0.99822514244087823,-0.057635229752248246,-0.014991507272286176,0.058658807749136434,0.90811198881960187,0.41459831166510808,-0.010281501463273418,-0.41474184266060488,0.90988103325333036,18.063346716026924,1.6371909534770224,-1.5674645424286033,,0.1886395775897019,0.375,False,1
0.26033974447106284,0.9636639870603918,0.05979078099181144,-0.95973835475129177,0.25151981334854911,0.1250602811143264,0.10547752304650083,-0.089941667407158948,0.99034589341098145,0.95532510453328356,-12.67479746082425,-0.44915679289354493,0.3665641578374528,0.2075488930686232,0.5777777777777777,True,5
-0.76578789222068588,0.64167045390776456,0.042754329722305466,-0.6395952199843451,-0.76686222935352089,0.053294237625897668,0.06698401825344065,0.013466616975023328,0.99766316536487998,10.382506253664198,-13.659981917696115,-0.54116587746824263,0.2357903500756681,0.2119950287153464,0.7090909090909091,True,5
0.95564515128966809,-0.29281296294598635,-0.031668810324068437,0.29318978125862155,0.93560146869795613,0.19669683255139275,-0.027965996890348382,-0.1972573458734084,0.97995277565651573,-9.6716560361047748,13.92005153752743,-2.1843689207411798,,0.1355561728343632,0.25,False,2
0.78180097776445912,0.59198819597942753,0.19579889424498439,-0.62096115871124691,0.71073544398764754,0.33054858649170826,0.056519647367276729,-0.38000671636262373,0.92325534116016605,19.195690696402909,0.19754381359536546,-1.4963020318556617,,0.7052779293382979,0.1666666666666667,False,1
0.94084835620247909,-0.33053617529688606,-0.074499714437036013,0.33822039319993902,0.90301711355537895,0.26489065338322332,-0.020281426349551521,-0.27441925851918375,0.96139624208700214,-35.516543005902236,-11.19055902150207,0.10708514880502254,,0.3532563499064993,0.3333333333333333,False,3
0.29401101938680491,-0.93798878306258315,-0.18366971260364906,0.95164874515933007,0.26938308943510297,0.1476394830764185,-0.089006664446010075,-0.21819668644407608,0.97183744510541559,-7.8426034171372274,9.2610793085856038,-1.8717297684384826,,0.08230852247655578,0.36,False,6
0.71262588796350179,0.69591226638058723,0.088715620413022167,-0.69748598426229103,0.68923332813480842,0.19613954508431164,0.075350153031668976,-0.20165201930368123,0.97655456455277212,-17.978070496768407,14.204100580434327,-2.0979586382530511,,0.4637660672363799,0.8571428571428571,False,4
0.5613414883753689,-0.81585994673201823,-0.13881023286110838,0.82314848402056917,0.5330800071219971,0.19558189911505372,-0.085570477871548881,-0.22404966709468907,0.9708138029465766,5.4370288469852195,-13.243980507672857,-0.53849338921557355,,0.2754944886513238,0.2,False,2
-0.98218857021695183,0.17873651057707357,0.057955779020848551,-0.1861671941438737,-0.967461430778361,-0.17134805449985435,0.025443827537910409,-0.17908556542340193,0.98350443410144484,9.5766957088587397,-24.344066614587391,0.43415787751402668,,0.4733753198630937,0.36,False,3
-0.25813853217689975,0.9644733732078653,0.056174821571569417,-0.96162168258877534,-0.26210211184206456,0.081155545362361012,0.092995901956419727,-0.033069553080921139,0.99511716238759562,-17.648452036232779,21.846519941757567,-2.6076104779497054,0.4438192315032385,0.3370520938823032,0.847457627118644,True,4
0.99353713541722477,-0.11307664465650603,-0.0098809402468593537,0.11241977003911997,0.96825774306295798,0.22324591441497582,-0.015676602032554981,-0.22291391933177609,0.97471207477739807,-13.845213247619505,10.409618269709254,-1.9011107858750729,,0.0719482832237296,0.1363636363636364,False,3
-0.3403426109465309,-0.93994049596178142,-0.02605323828665819,0.93884788081822201,-0.34122605458830618,0.046145816205088862,-0.052264365080177719,-0.0087546399823825692,0.99859490907051351,-13.353815823787025,16.466335638300865,-2.3126606917285253,,0.1951013524479989,0.3125,False,3
-0.2044695061427437,0.96047857663679392,0.18887330377663819,-0.97336856968774887,-0.21993237490988971,0.064679038416803336,0.10366218501348078,-0.17061844650639463,0.97986912243930635,-6.6354649060865833,10.559852990672633,-1.9649860569523405,0.3053492142180506,0.1226327667705131,0.5384615384615384,True,6
-0.17307963397005727,-0.97335116752712281,-0.15043585004372909,0.98028982579241075,-0.18502049679338831,0.069276786979578314,-0.095264357199726674,-0.13548033229925327,0.98618952631196,-4.3248129234187065,17.149062710533386,-2.4363481470864117,0.4304184958192148,0.2939144243251861,0.1666666666666667,True,5
-0.19175486950977572,0.98116679770745241,0.023276277533029317,-0.97690192114549468,-0.19309274396657411,0.091530479566660286,0.094301147827227483,-0.0051872250736599056,0.99553020356717692,-7.8587278377407408,4.8099078858560844,-1.5803227647314422,,0.0675075321936924,0.1195652173913044,False,5
0.46854311445818675,0.86611904511907256,0.17408374299701201,-0.87915723056213624,0.43774827373827285,0.18830563663756211,0.086890240212225106,-0.24127629083933869,0.96655876057003076,-4.5969476349226142,21.035714061966949,-2.6767678781828419,,0.4911705785525012,0.4117647058823529,False,5
0.84338233951048014,-0.52872718696179,-0.095675447055675156,0.53451318373213597,0.8074216821930672,0.24973162302971258,-0.054789468133635069,-0.2617590282912724,0.96357683932815852,-6.6125989024172807,-19.718211487837817,0.2952620297151235,,0.1719357518608187,0.1818181818181818,False,2
-0.61578756882362862,-0.78789259657374255,-0.0055611461562819339,0.78650001202758724,-0.61509094817310617,0.055505464200517385,-0.04715295497517321,0.029805733337660619,0.99844289626263272,0.64135608148956125,1.5323027452150975,-1.4133742288117448,0.6004771490189424,0.2683757842378143,0.4069767441860465,True,5
-0.99016161732111729,0.13595701448636716,0.033100782407425353,-0.13876581054949899,-0.98449613408114933,-0.10729124755455317,0.01800059461713677,-0.11082893210360571,0.99367646968326895,-4.5756210883511566,4.9281752390842888,-1.5890925393522404,0.5417194698058817,0.5248453984669752,0.3090909090909091,True,1
-0.95838594469038429,0.28304084579948652,0.037205653186491605,-0.28493703197219139,-0.95642130639743683,-0.063790065683467595,0.017529085281340746,-0.071736770753457357,0.99726955578272214,-3.8815713230423134,14.539768882943473,-2.2635158922282193,0.7121368925751503,0.6251868627817445,0.7428571428571429,True,5
-0.27893597190142522,0.94000805532785781,0.1964168513599247,-0.95723461495021744,-0.28852000380796822,0.021403255447697014,0.076789423233389664,-0.18204687122109373,0.98028685656704295,2.9308766513866522,14.589037921370002,-2.3157334332872268,,0.5014065625580258,0.5853658536585366,False,5
0.63802127671340536,-0.76933308072538475,-0.032487864851148837,0.7661969097226865,0.63009093251664328,0.12620504067474334,-0.076623403685837643,-0.10541360283140544,0.99147205020903195,-15.838655443796682,-0.73680066544442502,-1.0820003817413208,0.2162975663425909,0.1450124312841203,0.1680672268907563,True,5
-0.73590887323063681,-0.67359618531094045,-0.068602546854796623,0.67423479607702752,-0.73832441048823994,0.016867265224761771,-0.062012660476586969,-0.033841454042971848,0.99750147164246006,17.174382980984969,1.2669007369965708,-1.5237593100973401,0.3270406396754196,0.2612928171235264,0.3636363636363636,True,5
0.6879412376755436,0.72064273608778939,0.08608658681437048,-0.72272706654798002,0.66938005603504713,0.17203467052158555,0.066350891360967473,-0.18056685051920174,0.98132215490591224,-22.283319264003467,-0.57115859753498055,-1.1565165931847747,,0.09913484508227458,0.4,False,2
-0.79784782651393882,-0.60206124579830178,-0.031001645678589203,0.6006064526865722,-0.79825632472789487,0.045373219228591437,-0.052064716634552262,0.017581135905008625,0.99848894282413247,22.189192053905636,-7.6929614870552321,-0.99410811319842152,0.4259139206554543,0.3693376418542056,0.6071428571428571,True,5
0.90765932160124385,-0.40859447724767795,-0.095943259654171123,0.41855901146322477,0.86430645368337111,0.27889551456451145,-0.031030788473689178,-0.29330002946466349,0.95551670989194615,-26.777152971292757,6.973160080303054,-1.5617444120148709,,0.2461113337603342,0.2666666666666667,False,2
0.7834873833216508,0.60334929801656279,0.14871834035758502,-0.61867005842272849,0.73492747408394099,0.27772102305698143,0.058265590076915591,-0.3095985019658844,0.94908054905443617,3.2247547124064577,-12.655128296611746,-0.51598402189724812,,0.095694002468295,0.3636363636363636,False,5
0.80255611063304744,0.59612290250523525,0.02326315529522931,-0.59439577216041728,0.79568287619879619,0.11654366804692863,0.050964255349974411,-0.10736035410124753,0.99291308735653072,6.965435905196653,8.5526720620861258,-1.9152627447323367,0.3666122228701071,0.2885024562124969,0.5588235294117647,True,5
0.85212669066893298,-0.51285496631535854,-0.10421077955415764,0.52050820252262575,0.80987916576352648,0.27049389636152488,-0.054325998898111835,-0.28473763430190774,0.95706487003539908,13.947919610755891,12.115638088986932,-2.2387023722439365,,0.1163201143113981,0.4166666666666667,False,1
0.98360029492494772,-0.17919214008766535,-0.020509430863881732,0.17954175803264324,0.9619434348331628,0.20598442976090614,-0.017181878421918474,-0.20628864513632458,0.97834031805998667,-32.99625921913794,11.601973045133118,-1.7924751803035364,0.5460607869647531,0.4608814501385767,0.8392857142857143,True,4
0.9086680730511506,0.41697132301051476,0.02138337682336516,-0.41593488901261133,0.89957443352194011,0.13328168162109605,0.036338700025949765,-0.1300029012773995,0.99084748803228173,-1.0101539853085912,11.090122038331762,-2.0563131444789393,0.144694188972678,0.08813012346390406,0.4736842105263158,True,4
0.92391166302308469,-0.37852311355980772,-0.055744878068817991,0.38039297373375985,0.8931186907251315,0.24008371417364777,-0.041090442488557227,-0.24302110356595727,0.96915030761883325,-27.618053244098824,4.2120721617881536,-1.3946605843711219,,0.513770668284758,0.2380952380952381,False,1
0.91332389416378301,-0.40672454035036743,-0.020362038853867191,0.40491299882250842,0.9016520976800706,0.151884686962487,-0.043415754445444467,-0.1469647679748855,0.98818845836207891,1.7889849448941142,-35.692830339034892,1.8047295985035789,,0.6674526520654573,0.7857142857142857,False,1
-0.99788728859662224,0.064150742982553938,0.010278201791558226,-0.06491344245240277,-0.99101528815042317,-0.11693991466181258,0.002684072700257536,-0.11736004783110714,0.99308580441310312,-10.113218955513611,5.4821068916839968,-1.5940339337032634,0.4969413017473192,0.2860640504516503,0.2290502793296089,True,3
0.99981942842880456,0.017801258683861933,0.0066502425196258205,-0.018797087069545852,0.97781899594210164,0.20860652121273712,-0.002789274816063521,-0.20869385799311502,0.97797704143908748,-16.110972318479423,6.2691180345801634,-1.6060426326336201,,0.5741897099409909,0.2771084337349398,False,1
-0.20494296919756361,-0.95586605441683081,-0.2105195130862875,0.97397408821032794,-0.22043955311236679,0.052734039466748754,-0.096813505624716759,-0.19423308018260205,0.97616630534526883,-14.133455359313503,-2.4513933840908866,-0.96221078931313964,0.9481219139969114,0.3352338020974436,0.2066666666666667,True,2
-0.43054328153971183,0.87503864824153998,0.22122352226794662,-0.89534223309527694,-0.44502438543913947,0.017764627788957932,0.11399459792893848,-0.19042232129699649,0.97506131663341289,-12.51142076311157,8.0064851909569974,-1.7627828783932493,,0.1671939283908937,0.3125,False,5
