axis_00,axis_01,axis_02,axis_10,axis_11,axis_12,axis_20,axis_21,axis_22,location_x,location_y,location_z,dbh,dbh_approximation,score,reconstructed,number_clusters
-0.30182401537434767,-0.95041723722845961,-0.074895520041780655,0.95204979800943179,-0.30459949206368947,0.02864143056385594,-0.050034446669342987,-0.06265959314874002,0.99677998050368588,10.984035270764835,25.996777915767776,-3.1462590813545224,,0.1424325856928602,0.2666666666666667,False,5
0.48192807211030148,0.81735507459526302,0.31571508571086787,-0.87590083753429571,0.43981461693861179,0.19839562881742745,0.023303564507776119,-0.37214753090745484,0.92788100482805325,-15.834896957989676,-7.0097876275578397,-1.018141220663269,,0.289699704891212,0.1842105263157895,False,1
-0.45467381048568684,0.87545211200058648,0.16387594592293794,-0.88926771375151725,-0.45649031827476366,-0.028627305157045549,0.049745947951319126,-0.15874567368944886,0.98606549059750981,-21.854734625981731,21.446170502547826,-2.8911361851092452,,0.3986915571730867,0.2692307692307692,False,4
0.6491292541783743,-0.75826938119216503,-0.060487659206487396,0.75949940920045456,0.64164602133642445,0.10700948895915328,-0.042330353104950758,-0.11540333118930965,0.99241635030687725,-3.9458383041633005,-19.357143456028002,-0.075848692615778493,0.4078385695124894,0.1983324513960353,0.16,True,5
-0.80823375614687454,0.58431986929247781,0.072996477824179243,-0.58803833160951779,-0.80743167360789325,-0.0475921528474147,0.031130627725909521,-0.0813903114920837,0.9961960154571049,-23.188804659358464,25.830536118970905,-3.1828063437604417,,0.257890668696972,0.3461538461538461,False,3
0.22561868098750992,-0.96794343791405246,-0.11037079228029376,0.97334128463604308,0.21916594858261773,0.06762418653808687,-0.041266868217891377,-0.12268572851397554,0.99158724155087907,16.757025796617995,-7.7669131166999303,-1.1788279579226495,,0.08684110435097628,0.4166666666666667,False,4
-0.086550790619291815,0.97891835734219323,0.18500759525391725,-0.99576419316990672,-0.090787470649121446,0.014536394801321649,0.031026315344566957,-0.18296580235551294,0.9826295756410669,6.1876642230784906,-9.1373949229678146,-0.8492956832211016,0.4665811955531469,0.3470195758015047,0.2876712328767123,True,6
0.97880458153261041,0.20142056010044124,0.037031731523081743,-0.20423699415581301,0.97339655315016882,0.10385759738012049,-0.015127504386760224,-0.10921954167729037,0.99390253562752984,3.6821250640615388,-16.500215433613672,-0.36394850900882242,0.2426238667026769,0.1718619099020268,0.4651162790697674,True,5
0.99431490604458084,-0.10559625080300003,0.013685738339870466,0.10338305297927336,0.98816360739431575,0.11333414921434209,-0.02549140981276337,-0.11127496051584969,0.99346266723413179,-6.248338244213774,-13.630373107775069,-0.50246128493939968,,0.07468406723565482,0.3333333333333333,False,5
-0.99919035964614256,0.019840341892065756,0.034999800339716614,-0.026445907873643308,-0.97949079638566716,-0.19974582286624334,0.030318956890910062,-0.20050970208291616,0.97922245696453947,-6.6006200885802553,25.847089376855731,-3.026507521366625,0.4120711854581113,0.382916580574539,0.1785714285714286,True,5
0.96768535618674523,0.24769572316226809,0.047242778801143477,-0.2519211581396007,0.95781266413385846,0.13831352250016593,-0.010990063845810544,-0.14574542583533345,0.98926108249781231,-5.7926550158889318,-10.958673134906215,-0.67871492804147959,0.3602146474023279,0.1218617223351007,0.3,True,5
0.96997247175152157,-0.24314365812759148,0.0058792479602105489,0.24089497595628709,0.96377095336387797,0.11452143908938084,-0.033511410045902947,-0.10966636204605204,0.9934033795152506,-1.5405001150185802,29.682985468044514,-3.2451297809331057,0.2339532934897399,0.193550436951039,0.6,True,5
-0.2474674355296495,0.93361642397589562,0.25907574420396773,-0.96800506290001909,-0.24970295430120665,-0.024791789229094745,0.04154595711148288,-0.25692179256674669,0.96553877496037444,-16.613197298615439,-28.008638938058812,0.28623871884423013,,0.1229787851564592,0.3,False,1
0.15097252959649363,-0.98707592136816003,-0.053744030016689336,0.98738016233377901,0.14794214743782888,0.056511379749616966,-0.047830015021506973,-0.061597455034137931,0.99695438370888412,-5.6568204404194651,24.870673637108936,-2.9557308635012771,0.3720455383999213,0.2853632316372217,0.8795180722891566,True,5
0.54659880238990688,0.83614702447793188,0.045693573756267994,-0.83696375647197874,0.54375342432781792,0.061837560463575164,0.026859254982846165,-0.072044201629779148,0.99703972510291383,1.4506784140274493,-11.528504160953164,-0.63336770693986744,,0.09052500466603763,0.1219512195121951,False,5
0.97605054646532841,0.20070334742779641,0.083925544835960403,-0.2172364985201094,0.91972049148364265,0.32699009351326114,-0.011560037000722279,-0.33739055095892367,0.94129378074444847,-28.324043080421013,18.49234589515531,-2.8424965277836955,,0.5716833239322903,0.5853658536585366,False,1
0.89619869948115294,-0.44127615706593121,-0.045861140995576838,0.44205852343761409,0.87943827000236119,0.17655761414170973,-0.037578622971698658,-0.17850401244896416,0.98322132027086029,-12.862073617823599,30.708212917244232,-3.3532704749758371,,0.2475900241012261,0.3181818181818182,False,5
-0.28774333832030707,-0.95375637040790717,-0.086905449533511536,0.95721104188112016,-0.289329261545617,0.0059665496168303939,-0.030834924244227603,-0.081470020988119202,0.99619869660979288,2.8272889906561605,-19.615419138515097,-0.12898519465152852,,0.1057861031809973,0.2727272727272727,False,5
0.091435715090134914,-0.99569015078356227,-0.015512370501140871,0.9949793022335941,0.090711740424441772,0.042279643753480319,-0.040690270737710824,-0.019300357037569733,0.99898538432026929,-8.5036282095702784,-8.6577245845426134,-0.8376309913271146,0.1391414490243039,0.08948120494780348,0.2765957446808511,True,4
-0.49185842471020752,-0.85907564409918102,-0.1416486066192299,0.87066038438009441,-0.48624622122632649,-0.074263769189451309,-0.0050779043609141452,-0.15985509081256949,0.98712743089664268,22.940084283895569,22.867953120066165,-3.2036852945921295,,0.3619757435161062,0.1666666666666667,False,5
0.85876871629900875,0.50416427974515821,0.091294418970708002,-0.51219124451907938,0.84936133429712157,0.12745765115916277,-0.013282354616172089,-0.15621684553869417,0.98763347261308976,1.7701613847940081,24.126136830932026,-2.9532998638354098,0.3472748296150255,0.2631615003102402,0.36,True,4
0.28039876255327767,-0.95593754220136673,-0.086947969318440149,0.95892254930507848,0.27491406502845012,0.069927114081610467,-0.042942733877107959,-0.10298384465314379,0.99375562858663458,10.981454096488198,-13.86774364269292,-0.62584046648230951,0.1034177530100335,0.0894879063847758,0.1818181818181818,True,5
-0.011536295683202372,-0.99745613406492017,-0.070343261924474848,0.99923074056872907,-0.014136528901296803,0.036579853103784282,-0.037481208416770141,-0.069867153705359647,0.99685191470385037,-21.032364197352244,21.940275910704141,-2.9323499668188315,,0.08990215696329919,0.3684210526315789,False,1
0.29608201470155071,0.95108228509217507,0.088192559516761804,-0.95472118789448146,0.29187450755693478,0.057591016866764461,0.029032636043283832,-0.10125096948792017,0.99443720124607915,7.3491143501315266,-20.734387895814535,-0.10281564672505313,0.4112437734615698,0.3379037807601648,0.9076923076923077,True,5
0.33583891139394545,-0.92874777697117727,-0.15697067358212302,0.94079889347809587,0.32262225382611998,0.10398232237522337,-0.045931118254620325,-0.18259914596528201,0.98211398741115052,13.40336150876043,-21.017231943743674,-0.15786074421302973,,0.4989405457449557,0.3,False,4
0.3884726400722105,-0.92101182104731272,-0.028744276063960419,0.9203569628553705,0.38629263597790381,0.061000494365890043,-0.045078474230690863,-0.050152017709730198,0.99772376251178752,0.61135440471015146,-16.996962644509093,-0.27903997826621257,0.08981549907795233,0.1136866678194406,0.5142857142857142,True,5
0.35629920352589883,-0.92734839538110714,-0.11434960057165114,0.93235708657243066,0.34482585464282067,0.10865262577599236,-0.061328139422125678,-0.14532750446468934,0.98748102551952188,-8.0080858660875389,24.295167855858022,-2.9315748368240904,,0.5279173579280136,0.25,False,2
0.33812067195996504,-0.93875470622472534,-0.066438036803264627,0.939548549855177,0.33266447957865414,0.081134866066926797,-0.054064162421854779,-0.089855136567663182,0.99448636027550974,-3.4350386242274977,32.630950001067156,-3.4395507268725982,,0.5369001827278675,0.2258064516129032,False,2
0.57407212760401993,-0.81674750021100861,-0.058006148012628427,0.81753076763442023,0.56778854884796925,0.096226855753442642,-0.045657817285438759,-0.10266296652730383,0.99366779107735193,1.9435206108263821,-14.248073459993574,-0.47568152944512099,,0.1709695679334803,0.3157894736842105,True,5
0.96775211844531361,-0.25079077971570607,0.023660559042345784,0.24545934424521107,0.959933720365862,0.13519231792992989,-0.056617555292675849,-0.12502494676721268,0.99053683178291629,-11.542571322408673,-25.609275109549149,0.35595159118146136,0.1556867885311047,0.2018785767748504,0.6111111111111112,True,4
0.783110413843495,0.62104880062379053,0.032194207143853626,-0.62181790750426214,0.78123164818796587,0.054950903327747165,0.008976059095793687,-0.063051559166015791,0.99796990498203075,-1.462441183961422,9.435833092737834,-1.9683310011407358,0.380706321482802,0.362328272765699,0.9781021897810219,True,5
-0.73628292610104473,0.65410339994591349,0.17330953496931495,-0.67417475799666715,-0.731087264610631,-0.1048799656954626,0.058102051704044026,-0.19406224182808524,0.97926707178605743,5.9379724488567787,22.180622453319888,-2.8345106234240065,,0.1953110105642819,0.1304347826086956,False,3
-0.58597847269268466,-0.79794147421462114,-0.14113338821464785,0.81011049668964363,-0.58089070805922405,-0.079290405748196749,-0.018713970557012599,-0.16079611008557218,0.98681021391518875,-9.0239721121689023,-18.356415342791351,-0.18020252289824026,,0.137201317128254,0.3461538461538461,False,1
0.60428546553643481,0.78002087116728591,0.16250082056667706,-0.79592269911480307,0.58156511226895224,0.16819357070176322,0.036689687586869441,-0.23097502188555002,0.97226766175253887,14.223849558490825,-8.8757069034680978,-1.0436105018935447,,0.4166928846885334,0.125,False,3
-0.21573933062793876,0.97532856655505928,0.046805218532356793,-0.97521318637108534,-0.21763097507285556,0.039949966417917981,0.049150608828005621,-0.037026287290124402,0.9981048400350262,-12.051771445824841,-14.893224861226329,-0.45744014795823823,0.2786689424914935,0.09206707819844706,0.4827586206896552,True,4
-0.27031487729710435,0.93374485827617248,0.23462823094133753,-0.96150384300316782,-0.27432368638575133,-0.016027319734491743,0.049398653847965227,-0.22992836869456151,0.97195304324204201,32.330364777548773,20.501547288608105,-3.3519075257578983,,0.4294518038032202,0.2173913043478261,False,2
-0.17567104458687921,-0.97824521590693481,-0.1103448306399093,0.98390957408301871,-0.17817820065247883,0.013209043872244204,-0.032582727349449232,-0.10624888878214482,0.99380558436297395,-17.120917592144682,24.318884612351578,-3.0190237928941852,0.6296617766981688,0.2334378043261836,0.4642857142857143,True,5
-0.81622373279141791,0.57442508283499216,0.061762790076693636,-0.57748918895906665,-0.81432369993302334,-0.058164837855811127,0.016883561930031578,-0.083142864621116488,0.9963946052639745,11.534072938509151,23.296246653200498,-2.9900032679430013,0.7120651485174132,0.4026891569280043,0.825,True,5
-0.97438658629698904,0.22474710941753531,0.0077147425726966064,-0.22480845724451601,-0.97264334464188951,-0.058532740198796,-0.0056513711470081735,-0.058767856284719901,0.99825567920841685,-23.467994313396289,21.484834165360976,-2.919768777752958,,0.08595985451427614,0.2,False,2
-0.35179251483471863,-0.92981803566813725,-0.10807611693853469,0.93601375828872635,-0.35076859157991713,-0.028976532837045557,-0.010966804478941248,-0.11135445975482466,0.993720239047305,0.8040170665532741,-14.73237121907529,-0.43089374115189555,,0.1609424563430639,0.2857142857142857,False,4
0.15859526861108564,-0.98589710527524255,-0.053426946235744489,0.98672116072835747,0.15634182558720738,0.04402936001061622,-0.035055552271542133,-0.059700346581563174,0.99760060990006461,9.3884455263319015,29.307925241162248,-3.3175746336580327,,0.2330862737142674,0.4545454545454545,False,4
-0.99857611165939275,-0.052335693843416506,-0.010330748914603392,0.053263733719945611,-0.96744719091424147,-0.24740434002328079,0.0029536237775175354,-0.24760231812742103,0.96885724859986966,-13.408681724695352,-8.939199790199865,-0.86726692596809651,,0.6136101312332427,0.345360824742268,False,2
0.17318294158980085,-0.96990478724040319,-0.17115014586745861,0.98398566497588236,0.16294761065262447,0.0722515557242355,-0.042188622450552243,-0.18092202704687299,0.98259215357389051,4.5257168717697835,-9.0556810841278832,-0.83876772302186098,,0.1590065039149725,0.1785714285714286,False,3
-0.42534564686275289,-0.89272579978085898,-0.14873374566833333,0.90464199629046826,-0.42419995367606134,-0.040954338583655658,-0.026531853355983979,-0.15197054223386097,0.98802885334925483,-2.4739504142257918,22.598085054353678,-2.7927619826599726,,0.359935059689243,0.5789473684210527,False,4
-0.94789904817431925,0.29995945125277296,0.10729269348075551,-0.31543354965961146,-0.93088182068358283,-0.18428432290880342,0.044598993479197761,-0.20852664943587898,0.97699926625135669,13.797356459335678,-4.5488998649202443,-1.3053674629408287,,0.1958382184488189,0.1153846153846154,False,5
0.90479362661245755,-0.4257759261833105,-0.0079595178384444121,0.42427001024677313,0.89966978197126191,0.10290404177186396,-0.036653126015111809,-0.09648390586272082,0.99465944134803941,14.177306600538341,-7.1518870525985268,-1.1469365453322975,,0.1214174800317152,0.4375,False,5
0.70885757325235688,0.66608848528543685,0.23204971582170095,-0.70524494201167409,0.66357588713037097,0.24959289610502217,0.012268358069864004,-0.34057770301253454,0.94013632819978632,-10.886523033399881,-20.323177290712742,-0.055951974102313444,,0.3393057488763201,0.225,False,1
-0.56321901528053253,-0.8141724532940704,-0.14109414276838039,0.82629920024235193,-0.55416943403367014,-0.10062738226573023,0.003737981444430629,-0.17326123247835507,0.98486880995125681,7.2736162302588792,22.120127933202653,-2.8611133189187283,,0.3817086429074846,0.2884615384615384,False,4
0.81012176711469408,-0.58614996646633066,0.011442869329188716,0.58509112144864417,0.80958304217959287,0.047367472142853903,-0.037028395170916828,-0.031678298987719525,0.9988119859734923,-4.1115024961734097,-23.059323870443517,0.18437928739806747,,0.08427695554705868,0.4444444444444444,False,2
-0.81105054198088566,0.5777057475240317,0.091940674514666754,-0.58384154336719629,-0.80920096376238138,-0.065748402905652564,0.03641525217711053,-0.10700406311787128,0.99359149547746473,18.846601571990597,23.465759148114302,-3.1360549089466501,,0.3087041987458927,0.3333333333333333,False,5
0.95092788526240202,-0.30879479557238848,-0.019543061627704271,0.30547594782023901,0.92691133801471759,0.21799040520879351,-0.049199617210952028,-0.21326309030672422,0.97575522134351056,18.445114192961434,-5.7255366442872262,-1.3722478379777558,,0.4380999275434199,0.3,False,5
-0.50228392032781888,-0.83570971089746293,-0.222036353986903,0.86441107707573861,-0.49194779747198014,-0.10383089324103284,-0.02245780952987694,-0.24408327200803384,0.96949419963039152,-16.148124132144694,-11.622925671874103,-0.7259343017404104,,0.3040732630007718,0.1538461538461539,False,1
0.83189915133102244,0.54097146000494456,0.12366762500689478,-0.5545706463883775,0.81844137002336803,0.15034999833273266,-0.019879642328379681,-0.19365847075300988,0.98086757338924424,-12.150213084829137,-11.336999602067989,-0.70212602413045777,0.4692957737810104,0.3130512649295128,0.21875,True,3
0.99847222747724684,-0.050328867199865839,0.022808245943134482,0.047574923103225052,0.99296708841710146,0.10841119873973487,-0.028104050390405786,-0.10716047054227759,0.99384445257032594,-9.0178540038814425,31.137926700226924,-3.4040799074091863,,0.215887547004452,0.4285714285714285,False,4
0.89700132292645718,-0.43471917850221936,-0.080049125607599872,0.44022754295981303,0.86224913200862474,0.25045188114673755,-0.039853946953242916,-0.25989549860035854,0.96481396793346597,2.4646592181918119,21.968736545959825,-2.7946748130447525,,0.3970817459008501,0.2727272727272727,False,4
0.90489626066346962,-0.42532175127453653,-0.016253163693059191,0.42215823038672756,0.89198717700628516,0.16168272812241585,-0.054269567475877703,-0.15316750291469003,0.98670893889579303,-26.747778948587118,24.153976357107069,-3.1589314768199581,,0.5780984075205897,0.9206349206349206,False,2
0.79060131043988702,-0.60788650745808093,-0.0736448367582591,0.61100848143514419,0.77526599219007153,0.1600977106890179,-0.040226900763713755,-0.17157107974236641,0.98435012117182474,-12.176604512687566,-7.4107449658472522,-0.93413294871641894,,0.2245523178555414,0.2676056338028169,False,2
0.97671035832605746,-0.21444778363694292,0.0070017163458295333,0.2124481207095171,0.97114187971137433,0.10839393653545755,-0.030044499423007069,-0.10438197911450607,0.99408336194232716,3.8410350090803322,-14.34198387623686,-0.49986888994212164,,0.09226805229193663,0.4583333333333333,False,5
-0.93320099253964506,-0.35915408445712571,-0.012010459640901057,0.35900518172901541,-0.93029804840507313,-0.075238425192383246,0.01584888055158816,-0.074524390312682459,0.99709323948855733,-4.1811387949030809,36.387180685785594,-3.7020131654522603,0.5176877195696478,0.3569182328899845,0.25,True,5
-0.99352323119780028,-0.11236467056864874,0.016904729464975909,0.11178875537959024,-0.99322167020028229,-0.031843178472740825,0.020368191892435484,-0.02974717890092729,0.99934990974456595,-4.9083931049636762,21.694553519820658,-2.7287752657067545,,0.184656768788492,0.24,False,5
-0.45411606558539941,-0.88773546666421566,-0.075527082584363789,0.89088370915300663,-0.45342566772891513,-0.02704404944474148,-0.010237955998114362,-0.079566984805606492,0.9967769455529788,-7.8849565494283071,-14.022850519066653,-0.50259267580237876,0.6102093975172924,0.2976273160293824,0.2235294117647059,True,5
-0.96414835787803976,0.26138996512544349,0.04575183201575643,-0.26490640564871254,-0.95819177769323405,-0.10813470029254751,0.015573703713580607,-0.1163778470878314,0.99308290512919539,3.8909617929985938,-20.555045815460876,-0.046753716101776956,,0.3019408520015908,0.1956521739130435,False,3
0.060324297312397517,-0.99609459744163797,-0.064471172638212587,0.99639014954326077,0.056225551086269213,0.063603123336859704,-0.059729800325498628,-0.068075255068387852,0.99589061176438953,-14.992554264490105,28.758927963858405,-3.2766109635448584,,0.6772500799908019,0.5517241379310345,False,2
0.86260128581567175,-0.49088283637928509,-0.12228271610238833,0.50520616208084967,0.82338682536260488,0.2584586419813229,-0.026186933854267756,-0.2847247385941713,0.95825156808000722,-18.743165732105595,21.460581767439205,-2.8272045606648004,,0.6153744125498323,0.5074626865671642,False,3
-0.88546716889984389,-0.46362458579787408,-0.031624930738977396,0.46469034287146932,-0.8829114921767085,-0.067306628383056566,0.003282992916810468,-0.07429360959092085,0.99723100710490387,-12.112644632623315,-17.106155968066496,-0.32412237796478682,,0.09490111840680082,0.2222222222222222,False,3
-0.7174948318332367,-0.69517569590005823,-0.043953590552608272,0.69506144714597029,-0.7186626758007727,0.02033575919960744,-0.045724730550832128,-0.015959644129633813,0.99882658093150023,-6.0107677963344468,28.203001224331278,-3.164636868935657,,0.3714729219114554,0.4375,False,3
0.78800040411501848,-0.61207476043185893,-0.066481958130382088,0.61442913624958395,0.77494263419582399,0.14812410416008553,-0.039143321807913287,-0.15757030604755418,0.98673167528458439,10.479726784269424,-8.8151311120305653,-0.95964310362023031,1.024430443527451,0.6513821777205469,0.4897959183673469,True,1
-0.0090460638198876838,-0.9951542351647471,-0.097909228181183319,0.99955884989317811,-0.01176898639726769,0.027268966966312969,-0.028289120339725242,-0.097619358699232606,0.99482168576964425,27.359866676902868,22.752245111246381,-3.3025914276180051,,0.559799152072964,0.375,False,4
0.46501422250543178,-0.88397467322556911,-0.048482470681855523,0.88426852984919602,0.4611268344485443,0.07369674124279138,-0.04278948452611743,-0.077141555903501746,0.99610152111457817,0.34833823811978087,25.4751311980061,-3.0007984268489278,,0.3866789881841393,0.5,False,1
0.50783467145366168,-0.84108833138870354,-0.18621054017245905,0.86039289855627044,0.4844893177030436,0.15809541785130907,-0.042755193643487448,-0.24050056098355968,0.96970690086391687,8.7067101977352426,-9.8531202630946559,-0.85275781765552305,,0.135793530702251,0.2941176470588235,False,1
0.46681671487524956,0.86631022407666047,0.17773224348250757,-0.88239357334979418,0.44290351405462319,0.15880194882005519,0.058853516666897865,-0.23096119348997127,0.9711813376901488,9.7316923560100896,-2.5750744491633499,-1.3285501078145392,,0.4560304842711165,0.3727272727272727,False,2
-0.64970529065248284,-0.75992156005033384,-0.020056367289227113,0.76004555334952384,-0.64986644153561668,0.0020892581104484942,-0.014621632323021215,-0.013886350726624913,0.99979666789388155,-7.8464558439871777,-15.759975085729922,-0.35861476017049199,,0.1571228545311817,0.5789473684210527,False,5
-0.99928018504099669,0.011503437253864745,0.036149449729946652,-0.01853673466967444,-0.9794722620921974,-0.20072487952364143,0.033098357243489251,-0.20125048751081487,0.97898045947017864,-5.6735885605873824,-8.7995198251939915,-0.82885991399932191,,0.504466614949663,0.1875,False,2
0.65978350759631954,-0.7457400186801757,-0.092507014019424294,0.74918999669742492,0.64323847596906703,0.15798294807195512,-0.058310135932025435,-0.17353987314702277,0.98309910002791967,-8.1564914007309319,-18.391865008797851,-0.1654835388458907,,0.1780105925302162,0.1904761904761905,False,5
-0.83320587996732565,-0.5432970108511066,-0.1029384261980246,0.55284461218050773,-0.81461599158209252,-0.17539561294886361,0.011436624102311331,-0.20304961033938512,0.97910165936442228,-8.6259452455365295,-25.664725096159465,0.37748714947234158,,0.2706087334692758,0.2857142857142857,False,4
-0.95607402009034137,-0.29308227834111095,-0.00502456273487226,0.29284439166116755,-0.95426699045967034,-0.060138782758250721,0.012830837108066862,-0.058968542812477473,0.99817737931576034,-10.294956068869661,28.654804490624326,-3.2565346766262486,,0.4090910008431988,0.3571428571428572,False,2
0.54809601619308901,0.79511245768354133,0.25958993946165115,-0.83616503800385256,0.51328109315563442,0.19331463635476012,0.020464267719152149,-0.32301501365322904,0.94617256074213196,-31.271775542940006,22.553774223352136,-3.1693916717320794,,0.3779654770446546,0.15,False,1
0.97067166410467609,0.22317356152122142,0.089387258276514447,-0.23882581628601987,0.93774898555433461,0.25216873233438986,-0.027545416670927345,-0.26612102797364667,0.96354597632426187,6.3354562860052068,25.375577205245563,-3.0351365994275188,,0.4537888610473654,0.4761904761904762,False,2
0.10260395538550598,-0.96401382451036255,-0.24525450962653556,0.9927165286715347,0.083586459718591841,0.086759422854523302,-0.063137326848599365,-0.25237006538933165,0.96556875884309623,8.8729512798977943,25.204283333378967,-3.0592773995099507,,0.3398014458873582,0.1153846153846154,False,5
0.95394524430595617,0.29517975117760337,0.053454516748154504,-0.29987426580899568,0.9430927911327458,0.14370599159034403,-0.0079934705583006097,-0.15311728121990786,0.98817569420637863,-16.727584890667217,-13.590458159015148,-0.62322880170165662,,0.6728950871490276,0.5294117647058824,False,1
0.85647494448799621,-0.5098527730571617,-0.080627658221034557,0.51465818830924226,0.83143523006426889,0.20938578608450734,-0.039719248111390631,-0.22082936402095821,0.97450334700070007,13.251107408683788,20.435875187800413,-2.8695036914870355,,0.2584049609583781,0.1538461538461539,False,6
0.98016206944593043,0.19198867468157807,0.049220589324824343,-0.19810474197412059,0.94140702709228663,0.27296029115721288,0.0060686758719577238,-0.27729615600522595,0.96076532672546389,3.8617990012783956,-7.1036282900273102,-0.94250953853857977,0.6146685881418533,0.4399299440593465,0.5689655172413793,True,2
-0.95491445722608703,0.26942454049013392,0.12469481289246646,-0.2927531399435705,-0.92434905595610528,-0.24469250459758149,0.049335366967191215,-0.27016520822403695,0.96154915726211065,-15.195773228450321,-25.277690693322555,0.17898978630848403,,0.39061219538569,0.3043478260869565,False,4
-0.97764123768319022,-0.21007663765826617,-0.0092421150976427016,0.20996049927552682,-0.9727919477989162,-0.09794087523380185,0.011584434610807225,-0.097691517583611803,0.99514931958322705,-4.884048056573902,-15.778592702900907,-0.30943682729478789,,0.07689967762510865,0.2592592592592592,False,5
-0.35221599140286047,0.92575340697385655,0.13756643804503033,-0.93515258409566893,-0.35405147463996445,-0.011713144943174041,0.037862116413288349,-0.13277116698125227,0.99042328191493123,-5.9465666933695189,-21.630685023267763,0.086836155652301253,,0.2605316662322349,0.2777777777777778,False,4
0.16021329686475416,0.97392940169744247,0.16060267749009843,-0.98459928395250085,0.14614717716902134,0.095944007867872577,0.069971062218247226,-0.17350078707253511,0.98234491261331525,-3.270255216842783,23.371296142997615,-2.8491413884891097,,0.5272601814095188,0.2857142857142857,False,2
0.8705617968137348,0.49033783352515697,0.041121368439021269,-0.49170669864721506,0.86373293804125018,0.11040803525146242,0.018619356430858675,-0.1163366698701942,0.99303529585287909,6.5926032510167065,-14.022718656374508,-0.53664603188462212,0.222463868062434,0.182293605410955,0.3529411764705883,True,5
-0.96633373023104074,0.25493589086916796,0.034739219399765646,-0.25609773036457917,-0.96603452930270739,-0.034514354941206762,0.024760337636484879,-0.042249020599771647,0.99880025327313915,-10.899148762525611,26.021116416016877,-3.0875148381988602,,0.1299866408271213,0.4666666666666667,False,5
-0.99546044000061606,0.093060868481381218,0.01995462731478553,-0.092626601245298187,-0.99546477126508726,0.021684139639226569,0.021882073382690992,0.019737373879014093,0.99956571116502213,-2.9569752451594544,-12.078148434848606,-0.55744815590395858,0.5005239798049931,0.5239665339452795,0.8056872037914692,True,5
-0.65119107855352987,-0.74674496524763179,-0.13535928519907825,0.75874127156266169,-0.64440695134995418,-0.095138656072780048,-0.016182151889272502,-0.16465612022992851,0.98621828214197171,20.473166113952193,22.996818787877626,-3.1382524866248991,,0.2747279455743409,0.1818181818181818,False,5
-0.90528307834094823,0.40718001415034466,0.12110732490672205,-0.42342117553164865,-0.88790503600005877,-0.17983090712425484,0.034308252373650414,-0.21407728305978799,0.97621404450909566,1.3022657385640697,29.769921024794698,-3.2631797325237071,,0.6763946510667664,0.4,False,1
0.11827784111413801,0.99251062412606483,0.030545266380695067,-0.99227118241169709,0.11697488699846595,0.041409858330937424,0.037526695253790793,-0.035207056232878155,0.99867522765649086,-1.5359363912452848,4.6015415083747886,-1.6116739056714147,0.4105650784046588,0.3901844750267803,0.9874213836477987,True,5
-0.97352654927069926,0.22360677661380471,0.047392692658982008,-0.22685313051791015,-0.97059498879930317,-0.080517233508765995,0.027994910953757238,-0.08913684518797535,0.99562588746507918,-9.683521997340069,24.60010465728838,-2.9749319909429253,,0.09458374731603493,0.3684210526315789,False,5
-0.92540098054655606,0.37244031399545985,0.070151533942155467,-0.37720076606683928,-0.92307994701026486,-0.075119860929839605,0.036777809642008927,-0.095977205306739283,0.994703859839423,-14.965325790928881,24.007119227934474,-2.9733688919154342,,0.09398343010613176,0.2727272727272727,False,3
0.99189035474578691,0.12436351969955287,0.026215246140669723,-0.12617006900202002,0.98834582292935291,0.085168350847754343,-0.015317893141762637,-0.087785245149965926,0.99602164277873917,-25.998009081362802,30.963326408632749,-3.5311138556774844,,0.1858966892844718,0.4,False,1
-0.92054924686230366,-0.39046013177532313,-0.011400420836266544,0.389636879449197,-0.91574976179642642,-0.097905443887875809,0.027788239856791356,-0.09456880703375399,0.99513042083029291,14.3585862085953,22.238034611711385,-2.9890792562515918,,0.2861213739364831,0.2857142857142857,False,5
0.2355515098017949,-0.95995118755630549,-0.15168784967601917,0.97069415646286294,0.22473630625526025,0.085126066863176697,-0.047627101937312184,-0.16729408286003875,0.98475598449619606,-0.36185125602332613,26.194027731818792,-3.0254669189212748,0.5536732603102688,0.1830059282424674,0.2258064516129032,True,5
-0.954212618873718,-0.29748972134821366,-0.031275288557001638,0.29912535295586395,-0.94844030682785496,-0.10480938699999666,0.0015169710581737529,-0.1093656713802254,0.9940004269226258,4.4712795219326074,23.705736112035005,-2.9111630850416397,,0.4168707011607795,0.3125,False,4
0.99253513263901594,-0.12195862842819723,-0.00032160404882980269,0.1195089559895666,0.97206630171149511,0.20200176859428912,-0.02432323817946816,-0.20053228674916626,0.97938510406050983,-2.5238169368083088,-20.48992375825215,-0.0061829013418858922,0.318298155624511,0.2518154706054915,0.3703703703703703,True,4
0.84912709983077328,-0.52812460295782648,-0.0082202240613876397,0.52303087809179472,0.83856404376034344,0.15247637546462223,-0.073633340923168755,-0.13377125349992153,0.988272929327498,-14.176323590623111,-13.954154041671618,-0.55005876986993274,,0.3409638538116859,0.3888888888888889,False,2
0.30324727819905256,0.93852571994808187,0.16495624044212984,-0.95282551879338162,0.29631126761778692,0.065750767439356428,0.01283039364128896,-0.17711325664296182,0.98410684141526761,18.329816935897032,-7.8114887253138088,-1.2109049499725235,,0.2985612758692957,0.625,False,4
0.98854043495324107,0.14282207095312752,0.048884194900989796,-0.14833990348193324,0.97909296156849979,0.13918421477307313,-0.027983593361626643,-0.1448407009638038,0.98905919430885758,-6.3051696254596123,23.057640264658744,-2.8363014358867908,,0.2275834302342465,0.2222222222222222,False,5
0.67805050517331444,-0.72883702402897976,-0.095100498625375812,0.73368705673447698,0.66336106702236664,0.1471577301375957,-0.044168033853856571,-0.16955437819038807,0.98453059760576123,0.51259856901596412,-22.950951632958027,0.11728842071637578,,0.2639787125318077,0.2,False,5
-0.49139757409944301,-0.86500857951145316,-0.10143264534044298,0.87085011461880868,-0.48637622578325679,-0.071121339000626754,0.012186141209988325,-0.12328148427242587,0.99229691806333731,-15.525526551465717,22.237693486838293,-2.8635864074740849,0.299823872991104,0.2752965356540776,0.4166666666666667,True,5
0.58702470604912405,-0.78695815631671684,-0.18999698601433768,0.80845803501920244,0.55755536314953702,0.18848772542549713,-0.042398114354639263,-0.26425154158449282,0.9635214178571172,-0.65845635966284399,-7.4204197230086342,-0.8876322904125965,0.5088656901206894,0.3768697101308983,0.2362869198312236,True,1
0.20404659597427954,0.96326536422923603,0.17459903993901515,-0.9784116030029788,0.19468706172977152,0.069337458160574156,0.032798197823209002,-0.18497779886068719,0.98219524135896963,-14.133786559140439,-11.051181219932799,-0.75318067026497171,,0.1230031383053095,0.2352941176470588,False,1
0.98787643773574618,0.15163173782556053,0.033286030861811006,-0.15492754869161743,0.97659029861145452,0.14922748846776526,-0.009879191411215087,-0.15257524288688198,0.98824247876473614,8.9882191914557144,-11.351455448391112,-0.75597096985466394,,0.138283461248947,0.5,False,2
0.21140030124177223,0.95085811858832336,0.22622721089551145,-0.9766744751348696,0.21442101407900216,0.01142796313258293,-0.037641496448935316,-0.22336621731140702,0.97400752086884756,9.3993097823303327,22.104100936142405,-2.891253098595941,,0.4281562242597357,0.4888888888888889,False,2
0.43381389868743953,-0.89794018229265515,-0.074222168722274162,0.8994519590102823,0.42676469845436532,0.094117296952902385,-0.052836301329390746,-0.10758866658430324,0.99279051369583604,23.563541537366081,18.677653064923383,-2.9863129146362892,,0.3814163145313619,0.2272727272727273,False,2
0.28438503489316264,0.94914474647908642,0.13509034813770018,-0.95822773084860813,0.27693637441363478,0.071455303227670505,0.030409994435083167,-0.14976813665723954,0.98825337716633987,15.893754874076141,25.52324289781885,-3.2086377901923564,,0.5495327407649935,0.2222222222222222,False,1
0.99811584608214943,0.050891605964950515,0.034275388284077592,-0.054189800936906091,0.99316263035843722,0.10339949290944278,-0.028778868534648179,-0.10506204881792296,0.99404916509398422,6.6201819005876432,-15.636262798740571,-0.42572741471268805,,0.2284014412733582,0.1538461538461539,False,3
0.51041088407626378,-0.85907872143015718,-0.038268522344292073,0.85869077198086741,0.5067811349341087,0.076308842146906503,-0.046161537359488442,-0.071809690577425769,0.99634957761208764,-1.622563988726623,-17.560513538175289,-0.21311382206478927,,0.1036590472998795,0.2727272727272727,False,4
0.99620758959129962,-0.086773149418881798,0.0063921029888973965,0.085317804734058617,0.98862405894786154,0.12386824558706025,-0.017067824584677219,-0.12285312616854172,0.99227808539469564,-0.15789485206968812,23.815468358128406,-2.9014148030183988,,0.8525628669327644,0.6851851851851852,False,3
0.4085110939975663,-0.90069892277946273,-0.1478517385248713,0.91175481487710774,0.39510015101319884,0.11224539285760826,-0.042683060215064697,-0.18065802272045081,0.9826193745278049,-10.96288909603604,-10.010642473196192,-0.75329079374519692,,0.3210342098168745,0.3076923076923077,False,1
-0.039049995164965969,-0.99523321571562384,-0.089364110323747803,0.99882927682504785,-0.041432991382172379,0.02496763870047233,-0.028551245765616295,-0.088284503518248694,0.99568603123864718,-19.765983463936333,-4.6761324892065712,-1.1649224154313371,,0.5499242967733926,0.2272727272727273,False,2
0.69530753410775004,0.69250085352363788,0.19232784739094072,-0.71859391983361043,0.66498157924186252,0.20352463646243385,0.013046508773107913,-0.27971783485868768,0.95999360491140862,-27.388428522299712,20.985046039546209,-2.9727182594616233,,0.1405433614713143,0.25,False,1
0.86842791397066299,-0.48528414976440731,-0.10164768676167835,0.49569929601816759,0.84534576249447979,0.19918019419540911,-0.010731549918677575,-0.22336032731902966,0.9746768685140117,-2.7151940423732914,-24.787757188534616,0.27944121421609724,,0.5834732709125182,0.2941176470588235,False,2
0.99873858827702411,-0.04942853233962944,0.0088347313013541935,0.045172839255032321,0.96131573930062075,0.27171945820375187,-0.021923660279614388,-0.27097761819687549,0.96233595150357598,-16.613358622746308,28.383867958039321,-3.2777547686378372,,0.5963578296373875,0.6190476190476191,False,1
-0.98043451913270707,0.19379722641940278,0.034507806727823671,-0.19495630236590281,-0.98021714632273915,-0.034152397027466641,0.027206504017106635,-0.040211703359267249,0.99882071717206311,13.217504974096988,-9.5929309162720244,-0.95364445087484118,,0.5338163912219631,0.2916666666666667,False,1
-0.75865198420317315,-0.65062466031445454,-0.033685579337296156,0.65110963838713243,-0.75896844563011134,-0.0048101286044484187,-0.022436703500439359,-0.025582218991205188,0.99942090452797727,-18.190332202578535,30.021795338103168,-3.3765715858331511,,0.2795340198270231,0.5555555555555556,False,3
0.11202442142987931,-0.98715270689152212,-0.11393007627506616,0.99279415369860791,0.10627459057765697,0.055366775049823305,-0.042547589651673164,-0.11931154459771684,0.99194478573181744,-0.29706310750640769,23.008520913845068,-2.8501971941673063,0.7451867386517006,0.7032651961553604,0.9193548387096774,True,4
-0.05171084670403997,-0.98676512593095334,-0.15368986492160533,0.99421336105108915,-0.065377180604214033,0.085238588466381826,-0.094158276538223021,-0.14839275758174333,0.98443578178398106,-26.814276548554101,25.494958576895048,-3.2247892779357015,,0.3498490909593836,0.85,False,3
-0.91244005185196464,-0.40883162466816736,-0.017602682965139699,0.40920807875241966,-0.91173520219833881,-0.035884110078256849,-0.0013784266893897765,-0.039945259337519023,0.9992009188328046,9.9416106584369501,23.005947743741011,-2.9498176244419394,,0.1257046437595204,0.3043478260869565,False,2
0.12234781620908299,0.9534320555555752,0.27567794127920442,-0.99093021922293745,0.10179598328810922,0.087720456093146271,0.055572587663802755,-0.28391000902659114,0.95723915208001775,-29.281691307305518,19.828839420956687,-2.9562491491340133,,0.1763618497653039,0.3076923076923077,False,2
0.51620967852302457,-0.85240084995539667,-0.083308815826861005,0.85539529387903024,0.50826798797716821,0.099812542334368204,-0.042737091720945329,-0.12278616938792172,0.9915125302275698,-11.886684608694297,34.428869888477074,-3.5896635972564139,,0.1840493882433367,0.3529411764705883,False,2
-0.70830210085534395,-0.68142048028208391,-0.18432108662885388,0.70223673524216645,-0.70677357450628575,-0.085642758339701391,-0.071914543733035935,-0.19009798376559181,0.9791277010522822,-15.076761162198293,-20.023175159838747,-0.15478188682544983,,0.2776191923772153,0.2,False,2
0.83562062301899598,0.54739684359856988,0.045769749875538349,-0.54929374008158027,0.8321159263052379,0.076547189996545639,0.0038159523760064734,-0.089105447686999767,0.99601488829232132,-22.647143280793738,22.195206016630948,-2.9575483914155307,,0.5402225793246537,0.6153846153846154,False,1
0.36599241186748893,-0.93053513504276197,-0.01240632525637959,0.92964266409128016,0.36496627037928131,0.050637324047631764,-0.042591918912933985,-0.030066325621631994,0.99864004751808766,10.022360906521795,-10.426529885911513,-0.84245012271930197,,0.07302386005204686,0.3448275862068966,False,4
0.9865988109052648,0.15646133221553463,0.046288636204365199,-0.16287738086102102,0.96123192229238719,0.22249528168017052,-0.0096822065756648167,-0.22705295216628354,0.97383428353514212,22.282216619125958,-6.0072516875476731,-1.496652279318432,,0.5604821307133749,0.3636363636363636,False,3
-0.69047068800885913,-0.71775410489595559,-0.089884781279030074,0.72326627743043903,-0.68703439578169279,-0.069782741023840689,-0.011667087575254999,-0.11319356835920863,0.99350445149965061,-13.508830352236673,28.360470267114724,-3.2291676374807285,,0.2698114085460592,0.3571428571428572,False,3
0.75753622286849531,0.62515737179658604,0.18792852771870402,-0.65272687139364938,0.72129094632575541,0.23170455780833454,0.0093006667929185338,-0.29819059548698496,0.95446103449031672,10.165367741133345,20.299762412555328,-2.7951325729488823,,0.4652775876484302,0.3170731707317073,False,1
0.9987303054437987,0.0058064530770198944,0.050040604420822726,-0.017177044714778222,0.97305849653875987,0.22991761883030037,-0.047357429438298293,-0.23048524338098772,0.97192274716697713,-1.3672472444592998,-16.28442288829363,-0.299219266704284,,0.2327238880154264,0.3157894736842105,False,3
0.84902411270481271,0.50420657394688051,0.15790435977057699,-0.52805089528005056,0.81987938153851458,0.22126918385071528,-0.017897151721544213,-0.27124441103324781,0.96234409721444469,1.2829377310591228,-23.471916190545887,0.16494948341194435,,0.2956704954873132,0.4166666666666667,False,3
-0.80731594490869374,0.58645467328965084,0.065664916606311324,-0.58885491501669851,-0.80786378471804465,-0.024616953542548052,0.038611580605587878,-0.05854076799776356,0.9975380315182838,-20.642784307936999,22.587558100410092,-2.9761508053566663,,0.1012505034087189,0.375,False,2
-0.76373682520228714,-0.63246221772018663,-0.1292192129150867,0.64546636800011636,-0.75096780812233566,-0.1393575220240153,-0.0089011016548376006,-0.18983912747481393,0.98177486017362059,-6.7401721934212269,28.363228169536193,-3.1797314333543989,,0.3332059665883739,0.1428571428571428,False,1
0.66215522847568009,-0.73921752026112453,-0.12291424303681397,0.74820799866331122,0.64305934840055134,0.16327726470914561,-0.041656261696913235,-0.20008031430815892,0.97889357117502118,11.069561538321008,-6.0011193962241194,-1.1492689330676948,,0.1031173731820928,0.15,False,2
