axis_00,axis_01,axis_02,axis_10,axis_11,axis_12,axis_20,axis_21,axis_22,location_x,location_y,location_z,dbh,dbh_approximation,score,reconstructed,number_clusters
0.8639312802707162,0.50039027677450998,0.056853442106260602,-0.50348338227580947,0.85566460716881698,0.11976044343081393,0.0112794832289345,-0.13208955654465382,0.99117360856205428,16.465569887443813,14.143087387916452,-2.4012316773390676,,0.3467653453794141,0.6491228070175439,False,5
0.89846964886871905,-0.43890051627284271,-0.010891596630122447,0.43639811515508403,0.89008200652652303,0.13157015902859212,-0.048051796540932168,-0.12296486682443555,0.99124702591031155,-6.8486287192105157,18.345868117840023,-1.673995163359244,,0.1882018803685069,0.2666666666666667,False,1
0.9614930302756276,-0.27468263800312237,0.0089778121520712861,0.27134706384928842,0.95398740036595364,0.12758844337705949,-0.043611049881451008,-0.1202392960835042,0.99178656373515262,-9.574776161123463,9.2645906621760368,-1.2325297333115233,,0.09033140443305761,0.2619047619047619,False,5
-0.6175826841456985,-0.78650370043050877,-0.0018861210219169831,0.78579979032668423,-0.61712800651660915,0.040886588209013808,-0.033321431030672498,0.0237687353881295,0.99916201361546741,-9.4554362763965027,20.404884440641936,-1.660749579645326,0.3277231163588321,0.3322764427148249,0.8625,True,5
-0.96290452698921158,0.26716302755658478,0.037931367105366993,-0.26689036666655835,-0.96365002218299955,0.012172383796716993,0.039804573660230019,0.0015973269871937057,0.99920620717758912,10.135702632918235,-3.0439234267155708,-1.4485764586167227,0.3817063684217528,0.3973272308403826,0.9436619718309859,True,5
0.10829910048585972,-0.98895914044255984,-0.10114901566039379,0.99222774132472602,0.10126004152172832,0.072322287966092275,-0.06128143421613249,-0.10819529807773906,0.99223906559572761,18.741684847767768,3.9492247902309154,-1.8993712619407053,,0.424866800600579,0.5454545454545454,False,1
-0.97181582774915221,0.23211464021478057,0.041192119806989003,-0.2326585944929721,-0.97251796048597439,-0.0088766514382164485,0.037999675587893217,-0.018210171063551217,0.99911181272420702,-11.336474516621879,7.1394180981180435,-1.0939680897442665,,0.0775662476534281,0.4,False,5
0.73957836575203872,0.66031940951590962,0.13039217126847297,-0.67051085886055728,0.70592904975242809,0.22820903765126044,0.058643235429365212,-0.25620783386188106,0.96484118734959767,-2.7877710306520993,-15.471606971098455,-0.81166691416284564,0.3816197710737902,0.299329822623346,0.1818181818181818,True,5
-0.97460509126730732,0.21194140251011631,0.072289404326554063,-0.22081762813045316,-0.96324230311369818,-0.15298313828346904,0.037208751426029779,-0.16506092025147254,0.98558125054358281,19.939713055969555,-26.456426183614528,-0.62635458110758757,,0.1998201326277257,0.1052631578947368,False,1
-0.99864178911851098,0.038726273412889776,0.034854738181897466,-0.044614775768471962,-0.98112022372465824,-0.18818243377532559,0.026909084141001349,-0.18948187867452107,0.98151541956541133,-7.2411561393683659,5.0962433499711981,-1.2050768588772054,,0.1238082981427989,0.2039473684210526,False,5
0.80575390729405871,0.57991904315814335,0.12022705295773287,-0.59206093910879276,0.78358899496257228,0.18828736376921534,0.014982832241350778,-0.22289502093158076,0.97472730770299965,2.1811022589511802,-36.180784351266901,0.28455232103078237,,0.1140487371797409,0.4,False,1
0.74483163361982774,-0.66670298590139532,-0.027073347583608964,0.665662192197086,0.73964497885968927,0.099091629954401211,-0.046040019967295981,-0.091828284519606937,0.99470994904223076,-15.426933045497753,-20.54756653341019,0.044157000000856352,,0.1303004631151641,0.3225806451612903,False,2
-0.75775627319001793,-0.64898942283426408,-0.067957041507284419,0.65223943401959661,-0.75643975706881805,-0.048812033715702488,-0.019726914380365432,-0.081311887045593695,0.99649346504335568,-14.494790443506828,-11.394353962235879,-0.6330555570352997,,0.2704364106054802,0.391304347826087,False,1
-0.65957166199099848,0.72381633748423302,0.20262066106235177,-0.74589526120611849,-0.663568588415691,-0.057593296296227975,0.092765737256218825,-0.18912069706650225,0.97756221281941547,-0.93583647516384261,15.290063593794839,-1.7746825053551802,1.116738748886881,0.7328189823103379,0.6818181818181818,True,3
0.59277305223791743,0.80079675165549347,0.085701056461116476,-0.80431872021458384,0.58320414992991598,0.1137730891595049,0.04112790844324124,-0.13637258537745953,0.98980352247531944,-9.6580714296480288,-10.401224967896971,-1.0645428748958101,0.2683086898531942,0.1774626281751672,0.2521008403361344,True,4
-0.67953524239660923,-0.73312707880262007,-0.027505284352645303,0.73316606319531541,-0.67996762764908791,0.010561682060888741,-0.02644575806562318,-0.012988905866534707,0.99956586086396815,-17.374136359857157,-26.956162743169035,0.53938207907281366,,0.5355135438609816,0.4761904761904762,False,1
-0.68497170357385995,-0.70718725837867569,-0.17521400312183105,0.72810516913628776,-0.67303114818645471,-0.12996898186813935,-0.026012073737833739,-0.21659929630004632,0.97591399050437977,-21.494854752465049,-12.9985744441755,-0.059998556871856921,,0.3415885033706066,0.2173913043478261,False,1
0.96508598086559738,0.25342825688473258,0.066205499386794806,-0.26164036743681102,0.94465550537020193,0.19791486629685001,-0.012384169904333612,-0.20832689405387755,0.97798084723047907,0.061957471177267694,-23.795564783708521,-0.4024914310182332,,0.1256489443502557,0.2631578947368421,False,5
0.42497847542940081,0.88752872345540457,0.17800578772422701,-0.90351294875507537,0.40388974938564526,0.14330883354877166,0.055295993106291935,-0.22173370375930901,0.97353814396949445,-5.0757703583401197,8.6968460371227518,-1.3779953738684236,,0.08202036953060494,0.2244897959183673,False,5
0.28830236142342108,0.93919829062538873,0.18651627082918926,-0.95640651221588613,0.27297298362296429,0.10378985308314569,0.046565349657477974,-0.20830823579091934,0.97695411719944747,0.83048150177942459,-25.083528188459031,-0.35992791367589122,0.4334309642531008,0.4015684623731401,0.4545454545454545,True,5
-0.99014373569534953,0.13766398777725122,0.025768374658119788,-0.1364923384389071,-0.98971837299723908,0.042747908711128428,0.031388281423729451,0.038809388309543842,0.99875352673635265,-6.1238934243675418,-7.5990422499490942,-1.084361218142524,0.3778110167958655,0.3275327427757356,0.6686626746506986,True,5
0.0094508044982947129,-0.99342764627147384,-0.11407100384345729,0.99820241104825214,0.002620982008872683,0.059875512780813211,-0.05918301168233308,-0.11443182283276007,0.9916666420987349,22.531894980857874,-28.845082478484475,-0.51625018708829873,,0.1005486073328993,0.2857142857142857,False,1
0.57735861548930745,-0.81537846473525444,-0.042602680270739865,0.81410318823479844,0.5708989024951967,0.10635056199060566,-0.062394134549712335,-0.096085391063162884,0.99341560768795689,-26.283648266700585,8.9270199820000737,-0.56614887195081687,,0.07810631840804497,0.3181818181818182,False,1
0.91643175965831358,-0.39903718773660213,-0.030366967132572885,0.39532421181957844,0.89087874360837416,0.22372713678942502,-0.062222161958550945,-0.21703545099828442,0.97417863637588309,-22.586620230719561,-15.908722968214343,0.16609300534548874,0.6164295219032503,0.3674433528623071,0.4333333333333333,True,3
0.83387631477102953,0.54518158989688648,0.086181933729691934,-0.54957459155704125,0.80562746521630579,0.22120613826035712,0.051166981333640643,-0.23182196040636893,0.97141161136489884,24.822662273112659,-9.857484285393344,-1.3817328821079065,,0.2403464625910287,0.5333333333333333,False,3
-0.77234820356857325,-0.62877518238834162,-0.090111167215308041,0.63455335677804048,-0.77015585928237495,-0.064822756920295224,-0.028640702612169618,-0.10724608349741331,0.99381989702780005,-23.080769059226618,4.9068619101278346,-0.55690728199785056,,0.4829454472317443,0.8969072164948454,True,5
-0.30276390922476204,0.92447569156145237,0.231686665526772,-0.95093676741142363,-0.30926464603525722,-0.0086396237070337084,0.063665372503835457,-0.22293513501613274,0.97275209890253456,-16.400273342735705,19.013875354689322,-1.3563449165834205,,0.441196928453307,0.1666666666666667,False,1
0.29978299041902362,0.94978162611674566,0.089694042982006603,-0.95296654298910644,0.29373877850366287,0.074647826134240342,0.044552515067269226,-0.10785357061408105,0.99316800225690627,-14.3135951026181,-10.3418526393001,-0.69637348452779879,,0.1289300861192419,0.4615384615384616,False,3
0.86282900367064552,-0.49445164626540505,-0.10508891440181233,0.50297932605196993,0.81905735178409933,0.27596530950959014,-0.050377653667344563,-0.29096842439317766,0.95540539459285234,-26.743835014117359,5.7879748953025905,-0.42213386629529048,,0.3153131321908051,0.45,False,5
-0.45482942116991171,0.88804475456926146,0.067132045405017882,-0.88762958681545279,-0.45816290135746729,0.046909193443659652,0.072414875875541032,-0.038252708423405106,0.99664076579788863,-10.767900546780441,3.7988702733681188,-1.024677747834456,0.5490829625314062,0.4247192512657662,0.9791987673343605,True,5
0.067330278598753041,0.99601612632243974,0.05846802279413775,-0.99609237075419244,0.063747276170288927,0.061125066103529288,0.05715437436545167,-0.062355119168440665,0.99641618644238361,-23.027580418613869,-13.422271879134806,0.041428873135786443,,0.1735281212300628,0.28,False,1
0.91086073440793125,-0.40405903828079098,-0.084077441073380083,0.41033407681645317,0.8647720187965463,0.28947418003983766,-0.044256840341742744,-0.29817050338715523,0.95348606858874296,-36.066120036420983,-10.432605810044521,0.58091958304988522,,0.2856588580400219,0.2941176470588235,False,3
-0.99930028990363617,0.023916195213382438,0.028756672356600049,-0.026545971892476372,-0.99513785153874268,-0.094847075922985913,0.026348471963157857,-0.095544084282451439,0.99507642218265591,-26.411753216142365,7.5380171264485432,-0.49580124005240278,,0.2085256792640148,0.2666666666666667,False,1
-0.97549098884687147,0.21330106288660791,0.054036906369588217,-0.2165227235515168,-0.97423528896654998,-0.063115068867074409,0.039182149818325768,-0.07326839907972231,0.99654227247613936,9.2284100485527176,16.288649280765693,-2.2927340767575193,0.3699418966883952,0.3785929181475723,0.7105263157894737,True,5
-0.98091764673671022,0.1736321691246534,0.087478226808627699,-0.18753811413904131,-0.96367571646366257,-0.19015406712299857,0.051283779752333891,-0.20293098172362348,0.9778491655623579,2.4718570852278017,-12.787236258258728,-1.0192294145140639,,0.5858895332288172,0.5111111111111111,False,2
0.37828085874185086,0.92311919080874216,0.068953255689207738,-0.92434191499738094,0.37266036510153089,0.081952891720601689,0.049956141649478925,-0.09473759466551343,0.99424804353264395,3.2641719557830262,-18.805786516216784,-0.7471742429771131,,0.3772947263709051,0.7291666666666666,False,5
-0.49437365803782857,0.86711310644613226,0.060906049515923863,-0.86656121860891144,-0.49713975156338119,0.043860253288594803,0.068310618803640963,-0.031095466628425342,0.99717938773012427,2.5762532774100739,10.653198451631182,-1.7440992219394782,,0.07659123972154108,0.2,False,5
-0.27034635531150031,-0.96275579213754325,0.0037593716762156885,0.96136659228923527,-0.26974190303395718,0.054896092554962049,-0.051837471002853998,0.018455092880588917,0.99848499545401137,5.5812315565776682,3.2006645518449033,-1.5744094396910633,0.4070169296462199,0.3186591648383987,0.8995983935742972,True,4
-0.64805098548746376,0.75560338818179273,0.095359530079183547,-0.75868610584040153,-0.65143030194574181,0.0058270499918672142,0.06652302618984611,-0.068571725040832074,0.99542584129179124,-15.614415597817905,-3.7980796189187997,-0.6713194516590385,0.2430350546484779,0.2081248245123055,0.7283236994219653,True,5
-0.084603177179833122,-0.96842393399336846,-0.23451521588136934,0.99481306586826423,-0.09543376938130399,0.035204540040459045,-0.056473590189237734,-0.23032038496512541,0.97147478293605416,14.126621058378719,23.202907516601361,-2.7713272827953341,,0.3742722993638794,0.2222222222222222,False,3
0.65826797865441011,0.73116448812693235,0.17911381739083471,-0.75256548863703154,0.63344956729572488,0.17996341574154404,0.018123288629330596,-0.25325903141830713,0.96722872652455794,-7.2242751255337794,-12.543142949261869,-1.0542669674838769,0.5093127863153074,0.5237568695946653,0.3532110091743119,True,5
-0.61328531173587053,0.7874437805570883,0.061752885527696422,-0.78728993658100699,-0.61572115422955398,0.032588586844171492,0.063684237981706152,-0.028631323689035072,0.99755930406994009,-8.2554642499373863,4.4577984853209651,-1.1560923496412596,0.1065562916055973,0.09684886878411851,0.3024054982817869,True,5
0.21171387507405512,-0.96594615667999417,-0.14874561336817471,0.97481432413687419,0.19779186374590491,0.10303112196559527,-0.070101844188975471,-0.16681247264838586,0.98349343180838511,-2.6828476482830297,-18.825943269992308,-0.56774092109507146,,0.4727915138238312,0.2222222222222222,False,2
-0.08430406406923216,-0.99067424960013195,-0.10703903942313078,0.99505245911675344,-0.08936666449826064,0.043407405844593266,-0.052568321136523828,-0.10285003867607949,0.99330682125777037,3.0985619640423767,-4.0715418984280793,-1.3072737301568196,0.2749286771178409,0.2719330506025646,0.2875816993464052,True,5
0.34140745101473091,0.92394970912381624,0.17250474602641622,-0.93969934944799494,0.33159617384133716,0.083720428455662965,0.020151551767499845,-0.19068537569462407,0.98144434506372324,2.8118371059700022,12.569008573028118,-1.8349517700869209,0.7011319005141348,0.4234246174687064,0.391304347826087,True,4
0.27951634340618065,0.89994511919421316,0.33461828432910057,-0.95885409452941073,0.24360338795567918,0.14579511233473472,0.049693452013530884,-0.36160222871966313,0.93100719063385895,-34.517609547173407,-15.046955347764122,0.71163518245263424,,0.2573508403972338,0.2916666666666667,False,1
-0.85179797734062523,0.51853314891032587,0.074589404606562645,-0.5166384036885453,-0.8550571470335302,0.044294865854081503,0.08674655977369447,-0.00080547378693260341,0.9962300866664322,11.012374629098073,9.7310793927792005,-2.0101321784982775,,0.2298176260639059,0.4186046511627907,False,3
-0.52256316864343377,-0.85023976834202086,-0.063404030684488771,0.85180736516045918,-0.52383845489163694,0.0041816067650790323,-0.036768837834902784,-0.051822866636726833,0.99797917967151073,-0.91860049633748397,7.1808724811513205,-1.483664336659279,0.4723188019739844,0.2688783601362286,0.2321428571428572,True,4
-0.38772857171940089,0.90852781339236033,0.15570410066831725,-0.9187935188068026,-0.39449335785182232,0.013909004615974802,0.074060951054158497,-0.13766700005190141,0.98770581279329461,5.5198244842443644,-9.6680210232643162,-1.1880353119086717,0.5278152452712237,0.2980930165895536,0.4193548387096774,True,5
0.081379199165975316,0.99593477267334651,0.038618059547220487,-0.99511792086121476,0.079019694107539687,0.059128770695848126,0.055836811548975865,-0.043241375131221373,0.9975030997208999,-13.817169284220642,9.6653689851947355,-1.073791281211699,,0.07135826231282454,0.4642857142857143,False,3
0.37826743903744259,0.88620755497406178,0.26748815687979532,-0.92453640044628815,0.34721624820169561,0.15707743706388749,0.046326977171790767,-0.30671981757237965,0.95067174392346943,-8.5480630176486176,-4.0163313281134698,-0.98251265305008151,,0.6914719470104597,0.4189189189189189,False,3
0.99453943557343838,0.09273325671537988,0.047873313946576859,-0.10239920696062603,0.95564615773196915,0.27614275950305306,-0.020142331123852414,-0.27953705355656455,0.9599236022652079,16.517727154293773,-20.644939814484275,-0.93765078135975011,0.4733253307772438,0.3034644659885783,0.6666666666666666,True,5
-0.98787760392639723,0.15069533224029136,0.037266023421207273,-0.15170924047838966,-0.98808178197500984,-0.026051842210495335,0.032895987811766669,-0.031389631569653895,0.99896573765860996,-12.649905766589653,3.7915571951363392,-0.95101573063714373,,0.09347542242530382,0.3189655172413793,False,5
-0.56982002659582565,0.81863440920007347,0.071713606547022302,-0.81830814342217817,-0.57325639495163361,0.041819708942150216,0.075345336280901981,-0.034854120569956619,0.99654817775158988,-9.9295765074621478,10.974543512174161,-1.2481179004727507,,0.09584036608740994,0.1304347826086956,False,4
0.96257972724756713,-0.2620347613695031,-0.069123458579748151,0.2707035542246094,0.91782655582890171,0.29036872962738097,-0.012643354861844543,-0.29821501848378251,0.95441497700348044,21.943601919394645,-2.2620754418722782,-1.641337788367575,,0.2103771781545944,0.2068965517241379,False,5
0.90302493671901807,0.41090857770986122,0.12530005757409726,-0.42957782922647525,0.86171835260416285,0.27000809140141824,0.0029752816139531034,-0.29765016638602171,0.9546703756531314,-19.21340245918045,-20.352244975315493,0.24346677401952499,,0.1068435464639749,0.2857142857142857,False,1
-0.46340185364192454,-0.88061443638805081,-0.098878392311884472,0.88435172618951985,-0.46667594746165753,0.011644073444439629,-0.056398106589170452,-0.082047391705763612,0.99503139603101798,-4.0993408964684326,-28.505340662639725,0.10960743655286602,,0.2036100273626014,0.4285714285714285,False,3
0.19380135945889082,0.94284698204480477,0.27107305568958451,-0.97909033344680896,0.16847101239199769,0.11401595035182943,0.061831642569976017,-0.28750145466174271,0.95578227727055054,-0.69500643576333276,-14.077287349200807,-0.92225693157072464,0.6775039502712902,0.7010004097301662,0.3916666666666667,True,5
0.30254430937796961,-0.95311124740434394,-0.0067742847845953802,0.95164383336924074,0.30166579781949593,0.058066865217811917,-0.053300612316407189,-0.024014505975813824,0.99828971157146207,-12.879896298621206,-16.004495479317544,-0.36290942018832045,0.1642104542331335,0.09277201162221584,0.2777777777777778,True,3
-0.22751547061640626,0.96327639339641058,0.14260189534294276,-0.97142525637788313,-0.23468574498679326,0.035434056656814997,0.067599422344868071,-0.13046528666736654,0.98914565513550257,-14.550394427189753,15.477832020544206,-1.2569448875258915,0.7611725762593828,0.4812973958324367,0.7586206896551724,True,4
-0.5949886813041172,-0.79777542884769359,-0.097687431365891544,0.80306980206453038,-0.59502999134282053,-0.031909284144242447,-0.032670508597552925,-0.097435489065540143,0.99470546562212847,-5.4926898220187432,-18.193059172160918,-0.5672088140043009,,0.4730849914035209,0.492063492063492,True,1
0.96817393621869197,-0.24837878060038121,-0.030776786288875212,0.24753716357693542,0.9321525226070031,0.26422911884515188,-0.036940247360960361,-0.263438144437869,0.96396875581112218,-22.789360613129237,-3.5265527503648784,-0.28428264590091817,,0.2881142746665877,0.4285714285714285,False,4
-0.88639970714288008,-0.46287862344870706,-0.0062401226947793043,0.46288971199589707,-0.8864157991781757,-0.00038143894793608857,-0.0053547834103122999,-0.003226595968748901,0.99998045749558639,-26.374317765981825,-10.906646742255758,0.11501102008393586,,0.09264892924179217,0.5,False,1
-0.97434649475480029,-0.22504193030656064,-0.0022444961417839721,0.22500842539372917,-0.97390577382900512,-0.029643754896451782,0.0044851600716117324,-0.02938831921739337,0.99955800733759714,1.0588802556378691,11.258995219967877,-1.7202892563222316,0.477194929455213,0.41687685435766,0.6384976525821596,True,3
-0.6648488628017053,-0.72756338720559854,-0.16919665253542918,0.74646800212582831,-0.65549475869981877,-0.11450826659826718,-0.027595496617251247,-0.20243057801375236,0.97890773296131661,-16.0057045875018,4.4185195095837262,-0.8411805023682557,0.5176868886821836,0.2878072763631769,0.1666666666666667,True,1
0.13203806999418077,0.9895458566430797,0.058008151778225922,-0.98973711184989088,0.12838504492429495,0.062751331992424428,0.054647941399915051,-0.065698385370575221,0.99634197174486783,-11.418065425259456,14.934457672638956,-1.3619372013073519,0.9033072333309424,0.7818510994709646,0.9842767295597484,True,5
0.90346803623297767,-0.42367308383475516,-0.065166137980351688,0.42646879136868598,0.87307555114666613,0.23635450488297463,-0.043242080128711335,-0.24133006448408459,0.96947920167595558,18.93871152547014,-20.153144717319282,-1.0155351007358022,,0.3020122084756695,0.5333333333333333,False,4
-0.43207229904991429,0.89919743996609991,0.068974577578514801,-0.89947873799066547,-0.43520898547848019,0.039129769504980372,0.065203744497094041,-0.045134276522451604,0.99685072542801167,-9.3993297117751045,16.922115233926736,-1.5235850764760657,,0.09128908850095156,0.28125,False,3
0.99734580182551458,0.065748482863299026,0.031280802134788371,-0.069832993248407554,0.98538512143306534,0.15536896573096862,-0.020608363229261049,-0.15714101775003728,0.98736112740247828,-17.645487592179858,15.209474140025693,-1.1382185957213593,,0.072186905044837,0.3333333333333333,False,1
0.35209961968909997,0.9272277769452183,0.12757157785346168,-0.93488377376199694,0.34186955555419213,0.095485792355243113,0.044924240353294786,-0.15288510930240989,0.98722234374140438,-7.8627423796063498,-16.915626437246626,-0.63113884623529626,,0.2195765792172872,0.2592592592592592,False,3
0.31926457769318073,0.94366289816948234,0.087008413666538997,-0.94534599701444089,0.31071788528605282,0.098870327662729685,0.06626518964861676,-0.11381884897386703,0.9912891577431362,-14.722705818090814,-0.87338617160517429,-0.76546382248214329,0.492825579834747,0.4236294149134396,0.863905325443787,True,3
-0.32979169726792734,-0.93616413697904644,-0.12179550503780791,0.94276842408994166,-0.33332018921327033,0.0092385064699505998,-0.049245659220944628,-0.1117781736167871,0.99251221904356801,-4.2499204093625966,8.4844224329151636,-1.4009037583603698,,0.09162092892624579,0.2,False,4
0.32886710924323292,0.93198088176968896,0.15250593586412309,-0.94312840491446104,0.31582299047336571,0.10375283385028453,0.048530776848345544,-0.17795357457565411,0.98284143634374865,-16.975986791923383,-15.517615871589312,-0.22538330857683844,,0.2000431724815371,0.4285714285714285,False,2
-0.63692952345225184,-0.74292501313035453,-0.20587182182161387,0.77034979088094702,-0.62363040406631753,-0.13283944750624022,-0.029698179145679446,-0.24320268088436983,0.96952074457748805,-24.551404497074643,9.8011529967640865,-0.69369870714114523,,0.238238631073735,0.1739130434782609,False,1
-0.9669816303485228,-0.25291991386785823,-0.031273690821329983,0.25460391921749215,-0.96410956861809116,-0.075296640151675878,-0.011107244825147029,-0.080772872105140336,0.99667064381584003,-8.0889869581556137,10.256407658115229,-1.3052865366909163,0.5084564545831606,0.1598138441836495,0.2075471698113208,True,5
0.99905279001225711,-0.040859187124158376,0.014968286350750181,0.039417572588908545,0.9954756255255478,0.086455387083266624,-0.018433061056785289,-0.085783482163364913,0.99614327104488531,-17.041679278316789,10.036304766684218,-0.96068121957680697,,0.09135374608646812,0.3636363636363636,False,2
-0.45813469387096872,0.88717890434735214,0.055010853045434439,-0.88613367665360487,-0.46070590206238998,0.050171494947279842,0.069854916592314853,-0.025761666986281066,0.997224461764737,-18.530160468267415,2.4083566738944975,-0.66728614401027642,0.2310078167994238,0.1550767203860819,0.43,True,5
-0.73597965141225996,0.66708020133853163,0.11549007615042244,-0.67272113305707371,-0.7397617213706057,-0.014102224406207703,0.07602782283804474,-0.088071565087378151,0.99320852270687054,-19.4890235032919,7.5975271354200906,-0.77502470303646398,,0.1059210477262427,0.3958333333333333,False,3
0.43248808600372929,-0.90034988944639138,-0.048209252625425053,0.89937691611421766,0.42699997614978369,0.093766641877396292,-0.063837435926817704,-0.083911244430978291,0.99442630940272991,-22.793409050490791,6.1228218949496904,-0.61223042062347466,,0.1034563459085796,0.2631578947368421,False,1
0.032679208111594693,0.97042795843312768,0.2391686577470212,-0.99778511463195962,0.017804384206501322,0.064092658876938297,0.05793905743181689,-0.24073342392434821,0.96886040492403946,-18.18220446439198,-24.171611277572779,0.41164140049671882,,0.1204907977275215,0.25,False,2
0.68421581667315268,-0.71733353311713111,-0.13145842871411784,0.72756700731140533,0.65908131800119196,0.19041550917332778,-0.049949635496334223,-0.22593011868165297,0.972862074184351,19.463902688956352,-12.511909164903029,-1.2756710220859397,,0.3482685191430747,0.1818181818181818,False,4
-0.94695912730165344,-0.32097441561284862,0.015615240698816365,0.32132302803499974,-0.94642418001695894,0.032136943439700777,0.0044635047340035837,0.035449908338640659,0.99936148671252689,-26.938604507377391,-4.917721788822047,-0.037513680149341214,,0.115570627078204,0.4166666666666667,False,4
0.65969651492372727,0.72739780880630645,0.1889257418703757,-0.75107803628811887,0.62938821394032751,0.19937968692569238,0.026120712147088943,-0.27342805981974094,0.9615377291090248,7.5364285417885704,-12.146903016564851,-1.1165112750677244,,0.2540734740024849,0.2857142857142857,False,4
0.98385275466967281,-0.17750705541521039,0.022912930993607191,0.16574380738988645,0.95191323100757641,0.25766294057279643,-0.067548112044679712,-0.24970471743749184,0.96596314973639741,10.820945754090944,2.4484719247989326,-1.6832733761107166,,0.5467570789799162,0.5,False,5
0.40271219249005974,-0.9131231985012247,-0.063473729831669892,0.91440271742709811,0.39822222970269072,0.072709876444382662,-0.041116424720409737,-0.087321704801911051,0.99533128127709325,12.970915888054302,-21.958188875464803,-0.80725118674092844,,0.1847623580853198,0.3,False,3
-0.76382488973036156,0.63166939688878043,0.13253418752370058,-0.64202982674493214,-0.76464699975963735,-0.055791283624408966,0.066100222376897444,-0.12770567251595119,0.98960700371863541,-23.805387540764311,11.831290016048992,-0.79941433068530465,0.8269198102838439,0.7008267660743306,0.9457831325301205,True,5
0.88007396281995875,0.46453283632423081,0.098382233878574879,-0.47454933851236963,0.85324954831588684,0.21625941278059257,0.016515001781579393,-0.23701150241138041,0.97136646145564132,9.8042375390066052,8.5572183377802151,-1.8992381009709638,,0.2922590324679262,0.5,False,3
0.2860299693696095,-0.95485112373631842,-0.080288156797326996,0.95392512536338792,0.27582160503075637,0.11810714372426381,-0.090629530633600269,-0.1103710727398686,0.98974972315196219,13.792184580881726,-22.707873074672154,-0.77128788452408836,0.286304391756748,0.3293266333987105,0.3846153846153846,True,4
0.9046099575324168,0.41722619157816848,0.087195927624948238,-0.42620998231353857,0.88297480820146068,0.19672452581690295,0.0050868172260203903,-0.21512273971565535,0.97657377148259417,14.953508642144914,-14.339236470975093,-1.1780232599600013,0.6902537157432158,0.5326957028283353,0.3333333333333333,True,4
-0.56426088383769102,-0.82232347907889902,-0.073442159052438533,0.82507660495362034,-0.56482651133313067,-0.014819178568769437,-0.029295920004599824,-0.068957290048412168,0.99718937079185876,-23.801844121448429,7.9451668982988446,-0.6415126879312153,,0.791325951254596,0.88,False,2
0.64233391388150529,-0.76530383929007484,-0.041438830166160151,0.76493852337465074,0.63678476478800927,0.09682054942671052,-0.047709522477987425,-0.093889280015092086,0.9944388390258958,16.522734550246593,-13.257714008399704,-1.2393764979215685,0.4185697131398627,0.4459375399796026,0.95,True,5
0.16405554663522154,0.94994640970516919,0.26587139053775188,-0.985345050982249,0.14504769229266523,0.089756879766186182,0.046700194036084254,-0.27670017283845605,0.95982087194859478,17.55171870668908,-9.0142450096617299,-1.3647022273389904,,0.5009298448626595,0.2159090909090909,False,2
-0.98649822941813115,-0.16363206567251651,0.0067668632791997464,0.16308087623417081,-0.98528846308101836,-0.051100609841190331,0.015029010665681374,-0.049307115137592242,0.99867058494541661,-10.893222951500816,-8.2974860875998484,-0.98791584822329992,,0.07436978405371866,0.3,False,2
0.99905927141538164,-0.043298265319740223,0.0024150402212465942,0.040473587564897988,0.95098318256866721,0.30658257481663431,-0.015571156302452163,-0.30619641848309082,0.9518410016381591,-3.0598132359875967,6.7069131407765701,-1.3752424067906135,,0.345173989796298,0.4270833333333333,False,5
-0.94206335161830745,-0.33543500027200224,-4.6154117964252589e-05,0.33543013509969077,-0.94205041134529233,0.0052580368169451164,-0.0018072090869356849,0.00493792230467964,0.99998617536375389,-18.814666901739326,-3.9240870488508999,-0.5068969989988944,,0.1155455079098451,0.4,False,5
-0.89411239267208376,0.44365656669133996,0.061089116067052751,-0.44466771780735659,-0.8956893544317529,-0.0033468040914518132,0.053232039320302862,-0.030156776838417776,0.99812670478277421,13.638774619145885,0.17388741295931071,-1.6525396475019938,0.3250758766140433,0.3368039746772254,0.8306451612903226,True,5
0.7734381864998201,0.60664634251283189,0.18377591457988574,-0.6317888993014239,0.76126998511956412,0.14598217862312612,-0.051343533023789516,-0.22901577428610193,0.97206770172903723,21.838797750814464,-23.842148671888054,-0.84477172713505322,,0.3010375525335628,0.1923076923076923,False,2
-0.77630402983787183,0.6241700700755205,0.088112296981744942,-0.62783695630472436,-0.77809812066822748,-0.019597727179223687,0.056327697942479493,-0.070533950934931228,0.99591774369674146,-21.161286897183583,15.012391447894236,-1.0255068747124441,,0.09072054834970639,0.4761904761904762,False,1
-0.93509186943283429,-0.35087038271188087,-0.049931655853039117,0.3543982078972267,-0.92484766210965519,-0.1380532945262079,0.0022596371040994809,-0.14678820261153139,0.98916536414000766,2.5576295596964065,-23.020741506576272,-0.55281336123461611,,0.5380646323589031,0.15,False,1
-0.51236631076205619,0.85602358912220033,0.068588471789553004,-0.8555436462471121,-0.51572602161494385,0.045516370631001488,0.074335946636041178,-0.035359376345866708,0.99660618176998816,-12.126204631219135,-20.343010727800735,-0.086435077693281001,0.6234210952799324,0.5644575009675532,0.921875,True,5
0.79853779040806316,-0.60059303868047542,-0.040316239640657441,0.59895375942641638,0.7861174611122056,0.15255730531005074,-0.059931555621163424,-0.14597033679160412,0.98747195880074212,12.926000720985126,-18.956611230027779,-0.9653093440776096,0.2983841058660508,0.266197006338075,0.696969696969697,True,5
-0.4659607645306994,-0.8813277552881148,-0.078370617432685197,0.88377617421679422,-0.46786040744720664,0.0068053677389177461,-0.04266426847719576,-0.066091050091127812,0.9969010649473492,12.317729397230721,0.57510025896175809,-1.6285364991557931,0.4237984082101589,0.2375826157709314,0.5576923076923077,True,5
0.078296254211877997,-0.95789870435562707,-0.27622412778430444,0.99508014465157757,0.058219369117750594,0.080162402532148264,-0.060705867068875957,-0.28114156087875353,0.95774433981625484,0.54410377028982193,-7.8375221257674852,-1.206309692958794,,0.3127517717933344,0.1904761904761905,False,1
0.26277159950228163,0.9630504226771418,0.059033633433746568,-0.96297818563434223,0.25795084572020288,0.078322252167703083,0.060200502384960809,-0.077428964694160551,0.99517870502688488,-12.509187506450868,13.9137207421415,-1.271391431680285,0.1019030388036989,0.1042990852674683,0.6190476190476191,True,4
0.9995834197068294,0.013664287612928988,0.025421925403730068,-0.016054069446019205,0.99522192002284759,0.096309899596355011,-0.023984451242920927,-0.096677904146028865,0.99502669760590245,7.8415745952446443,-7.5429795518986307,-1.2439675179674798,0.240448611916051,0.1448008059600428,0.375,True,5
0.79286725911754397,0.60660051462202114,0.058286577183188026,-0.60919287143124079,0.78651176489832286,0.10140655340698876,0.015670188792493336,-0.11590970337648102,0.99313613661289302,-8.6249256020567628,-14.579542475967454,-0.79943904240313746,0.2916860013367925,0.2898500669061681,0.7328767123287672,True,4
0.70183164019919286,-0.71172060198995746,-0.029767994866336727,0.71033998427076817,0.69611546847792072,0.10411705572080214,-0.053380291883002938,-0.094218040994367286,0.99411946223261705,-6.35905275105093,12.8115977982426,-1.4646062842499039,0.2999393397774198,0.1145878956512864,0.2093023255813954,True,5
-0.91524378940027262,-0.39325674209663852,-0.087623859534760318,0.40290016218481478,-0.8936139783855952,-0.19780171117894602,-0.00051504920098517648,-0.21634045490709111,0.97631784900969276,-33.744645011185433,1.3902441387483169,0.010038056745964663,,0.4044067568504703,0.16,False,2
-0.431879078200956,-0.90068949021018374,-0.047317058628080041,0.90066655294193143,-0.43345700242983648,0.030245453480504746,-0.04775167247325604,-0.029554513520973845,0.99842190906777817,27.634746962877646,-5.0301329952093088,-1.6184290175112122,,0.207733637161119,0.6086956521739131,False,4
0.38165338247131092,0.86204729250099577,0.33348937185450173,-0.92320674718879725,0.33793603301944358,0.18299874188682827,0.045055494595972495,-0.3777217270409321,0.92482230689356093,-27.619635686763154,10.461685020765042,-0.57820918083833328,,0.3410335455448062,0.3,False,1
-0.78284545410712902,0.61717637425482197,0.079033651348488831,-0.62159811958729816,-0.78139338570662431,-0.055137596061794886,0.027726750789407083,-0.092291385489709984,0.9953459335603132,-4.2887573043287848,-15.590917052481789,-0.78446365783579808,,0.1704540685932777,0.4074074074074074,False,5
-0.72772805307457711,0.68100363524508256,0.081522570808748446,-0.68333755769768922,-0.73010189272586079,-0.0010042299897708856,0.058835898973689141,-0.056438240768982184,0.99667098983107749,-3.885603742915019,-12.995496426127138,-0.94121034834123685,0.2336347495324814,0.139670714374161,0.6724137931034483,True,5
0.59594918045346168,0.78353748617786267,0.17582258691910146,-0.80298020061694098,0.57922060061907399,0.14045032301727939,0.0082080286321465877,-0.22488331101386105,0.97435113008269159,-14.747491991911776,13.077475145901467,-1.1649294189508526,,0.5585500246496726,0.65625,False,4
0.66286349164765279,0.74489898359788909,0.075746258491851112,-0.74822590826829416,0.65526054813547019,0.10388264654546361,0.02774854296659323,-0.12553532686871524,0.99170101344669215,-20.715722731005894,9.0117611188848858,-0.7878810051445897,,0.06917376560177185,0.2916666666666667,False,1
-0.65185489012491271,-0.75111914717727402,-0.10442810428195418,0.75780470679497003,-0.65037696935249223,-0.05236243018861074,-0.02858721007072456,-0.11326881512381098,0.99315303299180446,-25.016641588510801,10.825017356378616,-0.71139553828346147,,0.07700092149088586,0.1052631578947368,False,1
0.69181730420887677,0.71880436737547371,0.068622875479739151,-0.72176001844485149,0.68559191621199889,0.095006316628143309,0.021243666624434738,-0.11525626172449235,0.99310860471634477,20.521511372828726,-11.055518176536069,-1.2943992562439759,0.2636851492354778,0.2673212686730732,0.2083333333333333,True,5
-0.17435025905027457,0.95433759511161897,0.24257316777762639,-0.98270726711280665,-0.18423833737303388,0.018511137342096452,0.0623571514164971,-0.23515099319073793,0.96995649184312827,-1.2738757843950126,-26.763316126062524,-0.11130671420742808,,0.1722995982546459,0.2857142857142857,False,1
0.51333189831549952,-0.85694692666518757,-0.04617712692334415,0.85531949861733136,0.50647623943257158,0.1091346607418425,-0.070134994523433955,-0.095518499618291633,0.99295382509654884,-10.74207252002336,12.130400323580281,-1.2716277804968112,0.1751532364436058,0.1142484819062781,0.5294117647058824,True,5
0.49952596179512065,-0.86624404693448909,-0.0097501099079661847,0.86391848976723007,0.49728802521801063,0.079683517825702613,-0.064176760053522089,-0.048227286107857426,0.99677252788372073,-16.705822811278413,-9.2728574099556749,-0.57464224174388967,0.3493607404382529,0.3229709875162716,0.8861386138613861,True,3
-0.99217641801216494,0.12296802221164416,0.021559709040391103,-0.12229767405508433,-0.99203812378268885,0.030060603494253664,0.025084546263907073,0.027188719629268353,0.99931553528585493,8.9937516472062544,0.74242172293842823,-1.5647321827824556,0.5076174326713215,0.3846972665635615,0.8975409836065574,True,5
-0.98292444756573105,-0.18354463198208698,0.0130728133224251,0.18353624628567372,-0.98301120491667193,-0.0018485961260609612,0.013190021871369181,0.00058230475961065656,0.99991283832352085,13.744421869010674,-6.0886605147531601,-1.3809485391767797,0.1846102119141005,0.09819086648103105,0.3076923076923077,True,5
-0.44012127174713023,0.86659883224183443,0.23515894648679178,-0.89709041169897452,-0.4357376989359617,-0.073221929527686677,0.03901357960317238,-0.24318536486203735,0.96919493339754126,-5.1930383959726134,-19.448808399952302,-0.48688129752638054,,0.2793921723364838,0.2333333333333333,False,2
-0.99060787335141609,-0.13667541042670181,-0.0039841484507850029,0.13640734611526764,-0.98581430661167224,-0.097791557946164828,0.0094380707761100666,-0.09741655436547289,0.99519894380751051,-8.1742611111193533,14.179418523573009,-1.4350480271325257,,0.1874009851188369,0.2608695652173913,False,5
0.99139657640861323,-0.12927020518761093,-0.020543669001326474,0.1308423824208127,0.97439543497915693,0.18284913796413671,-0.0036192882903864285,-0.18396399197270924,0.98292631992929069,18.326931613160887,-6.3033515151990622,-1.4683912621373072,,0.1541108356820393,0.35,False,4
-0.0030555761495023172,-0.99973200912966986,-0.022947186667357733,0.99784157544576635,-0.0045534532347054884,0.065509208326377549,-0.06559614139798145,-0.022697488521669487,0.99758807643661362,-33.827872250780167,0.44509416642299982,0.060357144953335641,,0.1039850961450326,0.1111111111111111,False,4
-0.89504537070320256,0.44453274817007093,0.035838808394398694,-0.44361754726661018,-0.89568649440063608,0.030808692043894297,0.045795809196072804,0.011676452914427038,0.99888257783756218,-0.71198550474886602,9.8026984933870143,-1.5925798461666449,0.3869703841110341,0.294404450713137,0.6040816326530613,True,2
-0.94338359208302602,-0.33136743223683729,0.014933955982675766,0.33168193613015695,-0.9428816236912948,0.031005434204647901,0.0038067615472972514,0.034203341328491094,0.99940764456176201,-19.736361893105876,10.786986934244375,-0.89646495994305564,,0.09678091050635787,0.4375,False,1
0.33580288305749478,0.9287598792832783,0.15697614584383862,-0.94185358499450922,0.33323341636325304,0.043212436310242838,-0.01217572023604109,-0.16235940641855812,0.98665656384790146,-17.614637912046433,-17.965389153321258,-0.0057349870204836196,,0.3015648323218448,0.3571428571428572,False,2
0.77560698302088449,-0.62739525196791424,-0.069346994868987405,0.63034262121730966,0.76406747647887296,0.13736473806657568,-0.033196201079845236,-0.15025341658453156,0.98809003792090822,-8.1128788268902454,-7.3993641323553714,-1.0746346659226333,,0.139762653492407,0.2198581560283688,True,5
0.94907232989293733,-0.30590927738660634,-0.075373912200417809,0.31210214944870224,0.88017021878749324,0.35762079675135916,-0.043057646720319594,-0.36293236280108904,0.9308201432556813,-21.769815694771385,3.1075679010280393,-0.55635089491391432,,0.1771110549228319,0.3529411764705883,False,4
-0.75514569665515374,0.65144820352602584,0.073281750428851572,-0.65304455780480564,-0.75731420928173798,0.0028273559207040305,0.057339186816078705,-0.045721182647539341,0.99730727015929321,-7.5017785569276976,3.5960829184205356,-1.1519896571625639,,0.071954942479446,0.2229965156794425,False,5
-0.31742637904331461,-0.94683751534914984,-0.052337495305913161,0.94718055070027207,-0.3192345737593848,0.030631540800150951,-0.045711029988148077,-0.039849798545418307,0.99815955402596346,4.0742623917162906,2.3885439553545922,-1.5026525595994171,0.2489386264398535,0.1740745631335823,0.1940298507462687,True,5
-0.99493181423628263,0.061622872956616177,0.07945631849684319,-0.075454356919833709,-0.97985949785538162,-0.18488375938522464,0.066462959927416743,-0.18994205956336269,0.97954310214840212,-10.15102860704682,-9.9651822843075983,-1.0357341775489817,,0.1425637247080707,0.5,False,2
0.99280099888706708,-0.11577284754081323,0.030705445463852971,0.10498197523059907,0.96451602314148777,0.24225529092263595,-0.057662479009524967,-0.23728777649853919,0.96972653343035609,19.099070569673152,-18.455671051552905,-1.0961393905736914,,0.2911255529453716,0.6875,False,7
