axis_00,axis_01,axis_02,axis_10,axis_11,axis_12,axis_20,axis_21,axis_22,location_x,location_y,location_z,dbh,dbh_approximation,score,reconstructed,number_clusters
-0.98276728632837129,0.0255743008335475,-0.18306942961522601,-0.012015252401627907,-0.99712656712476855,-0.074794671225294707,-0.1844562133203817,-0.071306130668056619,0.98025065217864338,0.32058674696680228,-9.5566697070798412,-1.4756600482730851,,0.07809649379042014,0.4166666666666667,False,5
0.43245454078714052,-0.87866486425962731,-0.20231442476550066,0.89914381451907832,0.43699068073679481,0.024073756692204004,0.067256754044974443,-0.19232056901123365,0.97902468190057923,15.445695742641471,-4.8352926381371484,2.0067289880740979,0.5049135679558355,0.4807053731269592,0.955,True,5
0.91809411952732989,0.38648681223990405,-0.087926853997943422,-0.34988055653761946,0.89447198896238711,0.27839442724055768,0.18624388270830283,-0.22482838994733234,0.95643369410922974,-18.408928402874722,16.807114896934966,-4.4019713504883589,,0.6007337029885647,0.4081632653061225,False,3
-0.44410066358353129,-0.82940183506348641,-0.33892063465948585,0.89099630248135375,-0.44864618372813381,-0.069585851943753135,-0.094340816030090396,-0.33288015534048171,0.9382380362206989,-3.0778914373997526,-19.299452000572831,-1.770947828162442,,0.1061282867941602,0.2954545454545455,False,5
0.15774818522459494,0.98745974171536333,-0.0062264395745935397,-0.98416355957840218,0.15773165328722064,0.080887660055475097,0.080855414514533125,-0.0066320466455833671,0.99670377640549512,27.167283828445321,-0.45133417033326911,4.6106064013821362,,0.2732252410856899,0.1111111111111111,False,3
0.93602909153150338,-0.25709947772126912,-0.2403110450273972,0.30803481656617215,0.92876831914782754,0.20616488820932677,0.17018840027967183,-0.26700050169010947,0.94854975647431194,10.671429041187176,13.916038791371971,1.1020578653373163,,0.1033427445332867,0.3529411764705883,False,1
0.74440386163920058,-0.61647407881638561,-0.25655915677312185,0.65720730302409047,0.74437483102769875,0.118256804388953,0.11807392442215209,-0.25664337334124626,0.95926676544722334,4.4488599641250488,-25.504265710631426,0.0014977986945652285,,0.3551263689702004,0.8831168831168831,False,3
-0.94527696680755835,0.30225359941986779,-0.12285852701720534,-0.27268111714198456,-0.93863762741755907,-0.21119756804976711,-0.17915486143921019,-0.16613899612574634,0.96969137852670806,-4.630224166853667,9.8068655415059158,-2.012297791729313,,0.4239716564579113,0.1875,False,3
0.96573996475353219,-0.1276087965844237,-0.22596972255619199,0.18942197593787397,0.94181158434790935,0.27768733248002708,0.17738555609078965,-0.31097738603049063,0.93371699666869368,-3.4674676501412374,-9.1225687576356087,-2.1251784751967202,,0.2791017442478253,0.2571428571428571,False,1
0.60279142391014395,0.79502560129606104,-0.067651995862778411,-0.78876680056186022,0.60653783586370258,0.099793727243661021,0.12037206316993655,-0.0067931546141989929,0.99270560563472166,10.411798175795035,11.747946498833937,1.0167771658425464,,0.7112146802090654,0.5,False,5
0.60322486456483215,-0.72255272591109088,-0.3376941235040869,0.7892812323530688,0.60169373797954795,0.12247359687467901,0.11469480819096575,-0.3404147528451909,0.93325392954939468,4.0716968162166465,-20.724660506807751,-0.3012772138815471,0.5953431438076454,0.2903894426548306,0.1212121212121212,True,3
-0.94057042362394894,0.30266439484236057,-0.15401799342471148,-0.30180510153122603,-0.95291305426322015,-0.029502401672893211,-0.15569508307455679,0.018734329703783678,0.98762749354043289,9.5885140509524938,16.783520566714007,0.96605710162405967,,0.1325977217958375,0.4285714285714285,False,4
-0.29619923164171824,0.94386125087795325,-0.14625988604522769,-0.95426063667398064,-0.29895825594286651,0.0032555334693567806,-0.040652828553821532,0.1405343384895901,0.98924084389791989,1.846652838688674,3.2570068430601959,-0.99771819695527675,0.2622935813566756,0.2421313789943574,0.7568807339449541,True,5
0.12078293791085312,0.9839815542735959,-0.13111743880560675,-0.99203564801536215,0.12440151808371472,0.019736650303646575,0.035731708276602638,0.12768932276344108,0.9911703596636906,15.977814826905327,1.2361381441687846,2.0932758436071288,,0.07226925540559279,0.3043478260869565,False,5
-0.51938959154322317,0.85313818416977971,-0.048884464894832474,-0.84977336675260218,-0.52168032716764279,-0.075728867707153674,-0.090109252324665948,0.0022079306491318007,0.99592943911089271,-9.9298938291700072,-28.809137638982321,-2.4914831815244649,0.5998108760667323,0.4634310752526329,0.3809523809523809,True,5
0.88244934189433544,0.44030539521472684,-0.16557269682849282,-0.43778222092198021,0.89749098289220663,0.053447756471172225,0.17213333795309715,0.025319845417904704,0.98474820101035987,-0.83024245420813103,14.379608764955213,-1.1820073305205965,,0.09372093907501648,0.5789473684210527,False,5
0.73338545716955184,0.66336042957550956,-0.14865635433981469,-0.664787940475141,0.74553983119074207,0.04719485466554578,0.14213643238462664,0.064212931575166304,0.98776208370613972,1.4633511022673018,8.6969218718352472,-0.86504503721542214,0.1323599987912467,0.1188207883662359,0.5268817204301075,True,5
-0.86492622586076551,-0.46448386562506738,-0.19015089374558927,0.47323163575502181,-0.88093777202253432,-0.00067878170227838805,-0.16719582153534329,-0.090572514583439567,0.98175464188520856,4.2139529646663636,-8.3047627770492678,-0.48335794643717411,0.3962499907691825,0.3877265788346897,0.8861788617886179,True,5
0.90761470922722909,0.41511624096271438,-0.062562337579100999,-0.38646477352845238,0.88440677223025721,0.26166704044426953,0.16395279325457587,-0.21331471520325712,0.96312839946799356,-6.2189043224110687,-28.756717417272437,-1.8682785520385956,,0.3981485799976109,0.5483870967741935,False,3
0.80646097449137266,-0.54302129135382593,-0.23398413142529129,0.57434151825808244,0.81346376553195499,0.091697996551574318,0.14054364812194683,-0.2083376569489897,0.96790645398694319,2.4417724171093904,-10.260353229124702,-1.0131287745600472,,0.1364125072583889,0.28125,False,4
-0.85870214215588925,0.48564574408537659,-0.1636424220935643,-0.48840881045680623,-0.87223729806976169,-0.025669626489865149,-0.15520136895354633,0.057881837459799593,0.98618569649291832,3.3683891385929279,4.5189209225160525,-0.66214288592424209,,0.0795086665671306,0.325,False,5
0.00050539299867942856,0.99338959910878322,-0.1147904567479807,-0.99924132733332072,0.0049718940222370743,0.038627063297350897,0.038942448909420113,0.1146838465187002,0.99263845433300368,-1.5936258590527224,11.358697676896655,-1.3918554397241854,,0.1515562169886098,0.2,False,3
0.92881719998496148,-0.31344394950076138,-0.19761452257731357,0.32898713200899443,0.9429781046411696,0.050594082063452235,0.17048775904619073,-0.11200528866402214,0.97897330879176481,12.375232238776805,1.3499845285637115,1.3004286502383571,,0.07922241892428324,0.3548387096774194,False,5
-0.92042756783072754,0.37401970277064911,-0.11367653371108632,-0.36749813144241739,-0.92703259928367743,-0.074536455856725761,-0.13325995558885703,-0.026829495051253247,0.99071790254933401,8.3147979463119075,-6.8283051283421194,0.37340921083395795,,0.1531961432354482,0.2051282051282051,False,4
-0.22387380360840758,0.97351636165501587,-0.046329403707438849,-0.97417720635219318,-0.22494929285872794,-0.019405830726781995,-0.029313660326584768,0.040788591938690083,0.99873770334653866,-4.8611641978651781,-4.8544834696706358,-2.3887067834379279,0.3586918404602266,0.2159389440867426,0.1842105263157895,True,4
0.35330563180257046,0.93469077402984435,0.039093317588530518,-0.93193270051717692,0.34799802912773314,0.10197457246772826,0.081710294598350192,-0.072460531785962623,0.9940185607371459,-5.780275199654624,-12.275016841256823,-2.5187469424832574,,0.2384245817704891,0.1833333333333333,False,4
-0.89334935194913667,-0.39979161673635505,-0.20516724533752867,0.41500045389152695,-0.90912937777775171,-0.035473902115008504,-0.17234140141557627,-0.11683508740429864,0.97808384288329075,-10.325370498156577,-24.773804907131279,-2.7302108721100145,,0.1535751509962935,0.3461538461538461,False,1
0.93740451912990475,-0.27643647905416191,-0.21179150257498688,0.30352499671692612,0.94671167468384543,0.10774776742605582,0.17072007463336814,-0.1652872592350883,0.97135718355902956,-5.4571193714849731,-22.68965435809578,-1.9782066680944186,0.1492378118366712,0.1242006198137205,0.12,True,4
0.91926004044823373,-0.34612468617214692,-0.18750647897431358,0.35659696035118443,0.93394392490489464,0.024235366750606321,0.16673207820754704,-0.089142844667833662,0.98196434117595066,-1.1020880335850654,4.6577321033292058,-1.5052767333056987,,0.07271709509288996,0.2470588235294118,False,5
-0.27524945305455728,-0.94002480442805425,-0.20147234463609778,0.95934456458526152,-0.28217539711983353,0.0059204443229116284,-0.062415903373126996,-0.19165179967916746,0.97947631042606331,-10.331135181981351,-5.0519278297915235,-3.2246277337742608,0.1308999556053462,0.1116431320554592,0.3125,True,5
-0.94226925110066628,-0.25711954812384841,-0.21451852228368784,0.27911288412888907,-0.95700812323852014,-0.078939533623770819,-0.18499907119616149,-0.13425717868357384,0.97352470622397869,11.631134592886507,3.371297473557453,1.1392009518658508,0.6120246316380832,0.64325813418789,0.9464882943143813,True,5
0.94838657925029435,-0.22631070429112579,-0.22214040924870138,0.26720322872038305,0.94753303921751497,0.17545248403092689,0.17077860187777799,-0.22575341573157776,0.9590985686707062,20.759008152603723,5.7994558538585599,3.2010127739915797,,0.4409348084319177,0.5205479452054794,False,5
0.29292560987913424,0.95598931617403149,-0.016703725274507225,-0.95371822032885822,0.29338193938800927,0.065943868962073798,0.067942205510962222,-0.0033860008918399076,0.99768351279765466,-21.434074558648813,-15.768899538934038,-4.9198465189517062,,0.231650333672493,0.3076923076923077,False,1
0.6394015187039912,0.75807694819515559,-0.12839407499627764,-0.75766797112875961,0.6496411764504687,0.062494698860628264,0.13078586852049184,0.057320872944949197,0.98975217813358207,1.6800360819302682,-14.580795076160701,-1.219891856207312,0.2272867659291392,0.1641595603600616,0.6211180124223602,True,5
0.33959080002590181,-0.91771059900437968,-0.20611973465146591,0.93937798297800967,0.34195971108013834,0.025150767267713082,0.047403519214657373,-0.20216530976656455,0.97820350331260542,-11.809306110579527,6.6153810938574571,-3.4751527567798077,0.5025751297941187,0.4956836783223127,0.9649122807017544,True,5
0.2282975261996659,-0.92532593221922954,-0.30274107533291394,0.97351142697288839,0.21297608725990916,0.083166626772235491,-0.012479626770286065,-0.31370863140512373,0.94943728255088045,-7.4334580689639216,-15.478044895539611,-2.6656002537972481,0.408586006711929,0.2984932689462382,0.1603053435114504,True,5
0.85361159089677208,0.50686329446549749,-0.12015345442502326,-0.49138626095214388,0.86006848354328735,0.13719236918656813,0.17287797556124779,-0.05806723980984764,0.98323008559884495,-10.861833891687272,8.0432084609513375,-3.2597952827285401,,0.2038732393097931,0.4090909090909091,False,5
-0.48183824173684303,-0.81516117902116203,-0.32147186660231708,0.87064277865911421,-0.4868418799070135,-0.070470816210278009,-0.099060894245334791,-0.31384269337589377,0.94429322937627824,5.6616499063308616,9.4591646853542546,0.016096906049058685,0.3031178710889718,0.1290036040191224,0.3684210526315789,True,4
0.93632629622843,0.31373174719837138,-0.15768784921803389,-0.30340274870996659,0.94893547846571924,0.086418920291076368,0.17674795349986122,-0.033073380669289151,0.98370031636912514,-4.6198322416337883,-24.156542781099315,-1.7876465137076849,0.2154508718013852,0.266814161935099,0.6557377049180327,True,5
0.72798377881555276,-0.65569615814595705,-0.20025525205113123,0.67494037616207925,0.73671089653459465,0.041382889621030372,0.12039562453686224,-0.16528642751244696,0.97886939398090955,-2.5298641907152342,-9.879211890344008,-1.9655562902825794,0.1681488957307334,0.126053397553029,0.7083333333333334,True,5
-0.062215171311083159,0.99773738534731116,0.025482981360986257,-0.99804699260437812,-0.062337423364417291,0.0040306577183568636,0.0056100812908306558,-0.025182444849481789,0.99966713032854793,-9.0616088286758938,-20.701371486059063,-2.6778594010321757,,0.640835595906811,0.7019230769230769,False,4
0.96241700216768966,-0.17939428550686048,-0.20389017697290301,0.20678501834496349,0.97075590041489035,0.12195465549846854,0.17604962404569865,-0.15953266793092896,0.97136803413341199,-4.5942855802292826,12.632402968642037,-1.9407809683759216,0.4160417676648106,0.322721607822788,0.7272727272727273,True,5
0.11626886183358123,-0.97309787662881653,-0.19890217260858034,0.99318724014622239,0.11548040799834046,0.015600685217897283,0.007788310385104821,-0.19936097378631226,0.9798951700831674,1.0006312511557918,-35.599178390835299,-0.2106501182405289,,0.1410505981498843,0.5294117647058824,False,1
0.87688105284722273,0.46618113695245822,-0.1172807175424011,-0.44973566624392847,0.88175064586397178,0.14231524523605704,0.16975703127021519,-0.072048220437306604,0.98284871891158354,-19.3502339783055,-8.4348857016760874,-4.654254781671801,,0.195009650536461,0.2142857142857143,False,1
0.16092932996531711,0.97692902464834364,0.14039740580420929,-0.98599415911774035,0.15282495311413025,0.066783619933076493,0.043786629724332227,-0.1491784652867218,0.98784032948249489,-9.6741507195711538,-23.726434428898415,-2.6527863006558343,,0.3301421723642502,0.1875,False,1
-0.778760358448363,0.6159844750793968,-0.11872417854227879,-0.60592137061407969,-0.78761108905122668,-0.1119288391644318,-0.16245490679734514,-0.01522822592103372,0.98659845144454039,13.943322412595689,10.138694422431522,1.7031827809389206,0.2747729292089777,0.1366936255431341,0.25,True,5
-0.93882561312204893,0.2950828919148944,-0.17757408325866483,-0.29904027524715304,-0.95422904312173873,-0.0046740820575797253,-0.17082558920173363,0.048713654780941862,0.98409633568658661,-2.1304460984623907,-4.6412843502946766,-1.856081626165732,0.2889857810166916,0.260887127244099,0.9468223086900129,True,5
-0.24329235773143881,-0.94633157085713526,-0.21275663719034987,0.96816598735280524,-0.25023881391470593,0.0059293291130134117,-0.058851079876641441,-0.2045411792515868,0.97708723069525616,11.712606851392614,0.077011698248299468,1.1471569137388804,0.452650839330943,0.3138451672447017,0.6538461538461539,True,5
-0.86215936775958779,-0.45612107286989689,-0.22053297138614714,0.47700141740213814,-0.87748269608085794,-0.049937619837356326,-0.17073626556985508,-0.14824872668149111,0.97410032473897523,4.0375623470572473,-11.622596416372341,-0.61228714642106685,,0.08051359110484096,0.2758620689655172,False,2
-0.59006358052682761,0.8044914601945391,-0.067959262870629131,-0.80096993319666476,-0.59388503291902572,-0.075813810019672107,-0.10135155179271371,0.0096983580479940157,0.99480340007479995,11.644025617778427,12.29955069718519,1.2670203126244122,,0.1760951767172205,0.1578947368421053,False,2
-0.015741837593380707,-0.95409269136878438,-0.29909752728141281,0.99975760077006937,-0.019624303735619287,0.0099813027891607394,-0.015392668763420202,-0.29886790222364795,0.9541703426374023,1.5557968948371836,-21.140010151121803,-0.82195618321002328,,0.1966781162036836,0.5172413793103449,False,3
0.34218809854933391,0.9374924251286233,0.063366063769519115,-0.93563994389738758,0.33374950903923439,0.11484407080803924,0.086517053780646253,-0.098586094569779181,0.99136046994148075,-14.617616326089308,12.174164387992827,-3.8381153890417319,,0.4502390189910555,0.2857142857142857,False,2
-0.59330570797850302,-0.73798907086957832,-0.32149722884837456,0.7951403460288029,-0.59953189111166738,-0.09117752824717143,-0.12545982224331173,-0.30973156574221572,0.94251057828840945,-14.440626189342272,-22.208627925963121,-3.5429705802604312,,0.1576837320380262,0.2857142857142857,False,3
-0.77235976280340557,0.61840254356686986,-0.14504720235941543,-0.62073638715979274,-0.78327670920581882,-0.034116483867941985,-0.13470981574508678,0.063685876972289029,0.98883637403576308,-16.40520554329494,-10.537621757880299,-4.1220504959374722,,0.126393758213614,0.6153846153846154,False,2
0.76670917668881766,0.61725836222337671,-0.17649122540928344,-0.62382757836311409,0.78124391250202907,0.022295776553752224,0.15164494998109357,0.093005717264246626,0.98404966627777224,-4.4805462871773951,5.2853801910273299,-2.1715084654084622,0.3326401197294158,0.320450281626294,0.9457831325301205,True,5
0.97243436240546066,0.19040902592717146,-0.13459499863870003,-0.15231233706563524,0.9557574277818417,0.25165192472429615,0.17655696755067554,-0.22421450016737141,0.95841300863667633,5.3421397192761546,-26.812021086622121,0.27717166164684509,,0.5760826187270119,0.5476190476190477,False,2
-0.79850796713164585,0.58258190293188383,-0.15160261476489362,-0.58502823127819081,-0.81035570024713766,-0.032643646923775069,-0.14186964099059179,0.062625597428187768,0.98790234310480518,1.5240002740573224,13.779971256967331,-0.72083187206520871,,0.08961961790154538,0.4333333333333333,False,4
0.8889191020731706,-0.38464759654828717,-0.2487349119827251,0.42989492850022304,0.88802890977730442,0.16307975303366126,0.15815555766148715,-0.25189458483531946,0.95474391211016663,13.426754589276877,16.766168911557873,1.6619118540322986,,0.3007708268680773,0.5,False,4
0.65172261527063413,-0.70907782962057075,-0.26919558741811844,0.75101974917319769,0.65290060135820183,0.098438514301699281,0.10595739283614151,-0.26632580852534604,0.95804154117485341,12.276212880273425,10.194341587314778,1.3598648002768818,0.7898371293532384,0.8332827756644078,0.5454545454545454,True,2
0.060020657575086206,-0.88510583330539705,-0.46150317930975793,0.99819593991473676,0.05393599690275034,0.026377524065824356,0.0015447336310459199,-0.46225379618437623,0.88674632320136737,0.024444033306420046,11.747599483919087,-1.0236742582125937,,0.4747915875548426,0.3617021276595745,False,4
0.83521660666066255,-0.51270778061934819,-0.19885661077930433,0.53007034490464278,0.84686867452337222,0.042882135717575882,0.14641942975890357,-0.14122386414274979,0.97908997073081505,9.3454677584254622,12.986013899707,0.85481150402394834,0.3634472599245113,0.3439319781081786,0.8947368421052632,True,5
-0.6249801535636218,-0.75000462713223648,-0.21654760892659841,0.76960271359378229,-0.63844590660721201,-0.0099240901639595092,-0.13081082096171895,-0.17285798684680592,0.97622161700230281,-10.322206096652964,13.379375492191123,-3.0550351912571396,0.5112858891794442,0.501930562481854,0.75,True,5
0.54547452292672804,0.83753817302097933,0.031422182778074625,-0.83065476405119854,0.53523587014712715,0.1534119495570522,0.11167008461045526,-0.10978329581738741,0.98766260441638976,-4.8930123166004282,-17.875210529051479,-2.1021616238905434,,0.3548775858892692,0.3636363636363636,False,5
-0.89642600771859637,-0.40337464426441161,-0.18360095057013912,0.43155823317040359,-0.88876819907714566,-0.15442985362942974,-0.10088559891549817,-0.2176694389980528,0.9707945772704617,7.152287962604043,14.045357690633903,0.47071225337773021,,0.2337704478471022,0.36,False,2
-0.40981044802400551,-0.87730519042425892,-0.24978190395827166,0.90770663677660468,-0.41927549658488056,-0.016634888493978209,-0.090133557802125383,-0.23354584307616622,0.96815922292759971,-2.0573009002657643,-19.636049376543976,-1.613258930217736,,0.1156950476668088,0.509090909090909,False,5
0.57548621764438379,0.81202459401344051,-0.097116795759888824,-0.80859103402229315,0.58275350282279048,0.081110385565146437,0.12245878082081241,0.031849861303856614,0.99196241528336404,0.89024179747203269,-6.0488491228201298,-1.2420050695104785,,0.1322788191594154,0.2,False,4
-0.91774411702005898,0.39055674965720272,-0.072188371447719168,-0.36952643280337533,-0.90626582648712983,-0.20526194776726706,-0.14558829326111747,-0.16170243362052714,0.97604117322299166,-11.175605107149837,-32.34041619656093,-2.6155181349911154,,0.3229445777039147,0.5454545454545454,False,2
0.17962873268180687,-0.9348817495230215,-0.30615295654933988,0.98320507200427898,0.1808251431411774,0.024699271103265957,0.032269254410164386,-0.30544783845486068,0.95166186915472484,9.2777819995751596,9.6400195585616597,0.79999630252805243,,0.1285339988975078,0.2564102564102564,False,4
-0.71731072018816711,0.69330308959733478,-0.069254289816039524,-0.6850122038071379,-0.71990111591439876,-0.11180636806770956,-0.1273719409384258,-0.032759872710288518,0.99131386523219001,16.66661538596103,-8.822830941748661,2.2272769184023589,,0.2286195425967272,0.7321428571428571,False,5
0.054382346797073496,-0.95899741275906625,-0.27814838248362977,0.99826201576405194,0.058550353951999035,-0.0066935741414135344,0.022704806529319138,-0.27730095270934862,0.96051479602708523,14.900562927880895,3.5890598124564659,1.8655219461108408,,0.1331567914568975,0.2333333333333333,False,4
0.76325206377562516,0.62862896482002883,-0.14923776911877834,-0.62764839453312382,0.77621180088248898,0.059604806943375027,0.15330942561448341,0.048175354280627525,0.98700321947686409,14.951474175831411,-7.3736789977480584,1.8455331765780272,0.3188226370482167,0.2580274898738384,0.4594594594594595,True,5
0.06253513759621207,0.98482921865471629,-0.16186650873409347,-0.99769432908491473,0.06597085749601006,0.015933350967174974,0.026370101964627836,0.16049690353767784,0.98668402321979076,-3.7032223344447104,-4.5763836681967538,-2.1594911057322399,0.1502410556814161,0.1059340787026119,0.5404761904761904,True,5
-0.7230389035366187,0.67438133569121905,-0.14974831566295427,-0.67935666923753224,-0.73345173273362652,-0.02287076108325584,-0.12525677600453669,0.085196066936029907,0.98845959464389899,-14.595922882134476,-2.9599384586500568,-3.9776556793201019,,0.08638830572709846,0.3928571428571428,False,2
0.079478279896981752,-0.9687075371276811,-0.23513594054640441,0.99683656858612146,0.077292793320486414,0.018511607984353508,0.00024197947607522939,-0.23586337488627132,0.97178619553541412,6.8497494131983423,-7.2914925855969948,0.039562460142057956,,0.08700437157998571,0.4313725490196079,False,5
0.68120810818258337,-0.69901517071479491,-0.21756218526405841,0.72248413865406247,0.68988087702891798,0.045618471073773925,0.11820398783291454,-0.18826090040254617,0.97497982063221145,-9.5628615083616886,1.3992939314640966,-3.1696305201599717,,0.08541426292314093,0.3666666666666666,False,4
-0.93681880227442738,-0.22351746436558445,-0.26909194493460176,0.28844678536148705,-0.92878426820834703,-0.23271921954000471,-0.19791155529612536,-0.2956344469987629,0.93457545978267775,0.95239300752195888,15.761359394662712,-0.77483706047691958,,0.3714633570841078,0.375,False,5
-0.16909836587549848,-0.94186717299270528,-0.29033079598445427,0.98459389395672414,-0.17473170414754216,-0.0066102608747553894,-0.04450400702602586,-0.28697571326582066,0.95690351308488897,17.623448043887823,-1.5773808471780106,2.442120278157824,0.7220936768303574,0.5357531070265288,0.8151260504201681,True,2
0.72416553877975176,-0.65305460757235334,-0.22159411538295642,0.67822437795961177,0.73261284502026802,0.057359501851127842,0.12488380833852315,-0.1918283056272759,0.97345053062548514,18.956927003769852,13.882895319887911,2.8533182091201934,,0.09737579350265926,0.2352941176470588,False,2
0.14405845669035175,-0.89782415754658007,-0.41612371139093807,0.98901824639751224,0.14465971442042116,0.030273343333577139,0.03301619827879157,-0.41591507444378228,0.90880392907471486,10.055251008608415,-4.4189254089723757,0.74638629248315647,0.5596801383357453,0.4439242033711218,0.2972972972972973,True,4
-0.92898073244438284,0.3449881120478272,-0.13408206924408672,-0.32811244524824995,-0.9352291071983746,-0.13299902376388811,-0.17128053602296558,-0.07955953490694212,0.9820047140340411,4.8142745929605741,17.046325116978338,0.099666549072952429,,0.3117216804320015,0.3333333333333333,False,6
-0.040510340372143523,-0.94885475139568443,-0.31310313488811903,0.99917151757531242,-0.039692052350653768,-0.0089899636506957821,-0.0038975362962958065,-0.31320792093117245,0.94967658046136538,9.611673512351679,-14.874628670673292,0.71821077438776193,,0.1539622968545163,0.3181818181818182,False,2
0.69480094355760846,0.71019486180696212,-0.11346764778758689,-0.70354071675631136,0.70390403427395598,0.097721903373122032,0.1492719286988464,0.011931839583240969,0.98872418929987105,13.648033435902482,-7.2983620601057559,1.5489750398225337,,0.1402516786908251,0.3333333333333333,False,4
-0.40039127155912629,-0.89073848983075365,-0.21510874550630338,0.91216716104174711,-0.40981744944488635,-0.0008534913758253479,-0.087395079817496099,-0.1965568642009678,0.97658972918988707,-18.56877060995901,-10.848687382033313,-4.4997423701981019,,0.1173886720959549,0.3636363636363636,False,1
-0.28314698432482022,0.94581594042319261,-0.15893392372037099,-0.9582705627612339,-0.28578974801148704,0.006461306121824318,-0.039310479684546318,0.15413119986856494,0.98726807879828071,-1.7859678355856314,2.9203525607786589,-1.6863398778563869,,0.09126605356484159,0.3779527559055118,False,5
0.76806106064893043,0.63662051952659915,-0.069256921910551009,-0.62537949845289853,0.76894280784017788,0.13276837419229429,0.13777768335126725,-0.058662359213955573,0.98872444977446161,5.2479625673668453,21.530511990536542,0.23984641750642904,,0.3280748144548717,0.7619047619047619,False,5
-0.33047285200893528,-0.90347109784060176,-0.27299756308761758,0.94084980582663569,-0.33826449204116871,-0.019462176140187405,-0.074761868362567568,-0.26328142507747776,0.96181783839150647,-2.5751464188901578,-43.587556831398629,-0.64729517273226866,,0.2459029970825397,0.7777777777777778,False,1
-0.43360216309672889,0.89839210637562372,-0.069862632070431835,-0.89903173389625435,-0.43655817193361635,-0.03404267858842179,-0.061082776666859184,0.048047744171289958,0.99697558078155446,15.327825578119601,7.0478008587840604,1.9613893808203386,,0.1725506044039164,0.2580645161290323,False,5
-0.66860131679730372,-0.71239209569565198,-0.21323644427552221,0.73192442126895729,-0.68110785791232453,-0.01946092084629835,-0.13137321160348006,-0.16908455837373509,0.97680678303979107,22.755191839334493,-2.7212375947653973,3.5334185321061886,0.2530734426125601,0.180711712793117,0.725,True,5
0.47165972881251633,0.87859468689125841,-0.074889761536240523,-0.87259107065595043,0.47728741612956688,0.10383422275850743,0.12697213721129968,0.016373715852340959,0.99177113176437104,-1.8901724213581215,-30.16733817383405,-1.0118756679018506,,0.3072288868232904,0.125,False,3
-0.94502387633288387,0.27773430796941556,-0.17260801643469781,-0.27281695732495637,-0.96065558577232846,-0.052074497792857249,-0.18027972974442835,-0.0021212499086838629,0.98361309433237087,11.565188620291684,14.7587721560582,1.3048699139463169,,0.1137867601951339,0.25,False,5
0.17107235320569827,-0.96387617490588917,-0.2041493801544752,0.98505105135526427,0.17157592409000577,0.015366473133058594,0.020215741207119331,-0.20372634027403583,0.9788191365548562,-9.9316113368239947,7.9775834178457918,-3.1297170052179313,,0.0855665622971277,0.4117647058823529,False,5
-0.3049481659307704,0.94321906385295229,-0.13169819163458699,-0.95137051041532528,-0.30803218802881377,-0.0032129503988482556,-0.043597798196047477,0.12431399246481703,0.99128465299827706,1.0596004777925734,-15.971277999300318,-1.2715515373129151,0.2330917499330855,0.1516452613042886,0.68,True,5
-0.46313838247359573,0.87470931779475269,-0.14278111934979718,-0.8833512435434977,-0.46867467361863779,-0.0058847972455231198,-0.072065381494161918,0.12340040385469919,0.98973679385915481,-18.644678661970936,-5.4219684923665801,-4.5649531476521874,0.6167077879188612,0.5379809595045747,0.945054945054945,True,5
0.9753780881538141,-0.058373392862613262,-0.21267376931609985,0.12640659142233918,0.93818511757521439,0.32222671957081245,0.18071789837865107,-0.34117624795124329,0.92246398793639384,-10.779669323364356,9.0051026602450523,-3.2250728866792362,,0.2751721648471183,0.5,False,2
-0.69127260444253247,-0.68327578967917868,-0.23510929710569159,0.7087769111859783,-0.70448333702039345,-0.036585762671757588,-0.14063241630897655,-0.19193077684130083,0.97128013486542242,14.066828812560624,2.3703122442498237,1.7071289086584747,,0.2336857054868965,0.4423076923076923,False,5
0.85564030854226836,0.51518855823742959,-0.049602538835545273,-0.49019161747812157,0.83740485570418466,0.2417959590175939,0.16610791839005173,-0.18257562023527035,0.96905846177814858,7.0923885215785187,-3.4767501765947766,0.15938938955675078,,0.1084767301980905,0.2833333333333333,False,5
-0.45674270149790536,-0.79496221792203126,-0.39927581532679979,0.88444060013124559,-0.45405052987886196,-0.10771694925223105,-0.095660490631599537,-0.4023346721241039,0.91048112673405379,-14.474605592910802,6.9789229406849875,-3.9186234348849078,0.463609518755883,0.6054331528973221,0.44,True,2
-0.7231735335296352,-0.63034650516910828,-0.28228234770058364,0.67874610175749539,-0.72422956131151339,-0.12163581656542004,-0.1277645089657746,-0.27956184636610237,0.95158888408025777,-4.2918750797597109,-33.350556174456628,-1.3451296011400571,,0.4345246466525676,0.6875,False,4
-0.85171092757281175,0.50388918418946926,-0.14381997743683705,-0.49970251874673172,-0.86363512826606459,-0.066571450209765001,-0.15775261839739363,0.015167573363259357,0.98736217068866738,16.561566937047935,3.3323117225356049,2.249168685821767,0.6247057356450473,0.2385088832023088,0.2272727272727273,True,7
0.93976942840592259,0.31618321148468387,-0.12985221680371212,-0.28766947640819723,0.93679976548231758,0.19912928397227111,0.1846068627560748,-0.14978109415913418,0.97133203903498044,-5.6927065903739793,-31.033968195059447,-1.6861653616321748,,0.3515701617797318,0.4,False,3
0.013805484601558294,-0.9788969468537293,-0.20388765542661874,0.9998239775553418,0.010923413246419596,0.01525427639922303,-0.012705215477593726,-0.20406235930101227,0.97887544203344512,-8.7833231350174827,1.5158521428245291,-3.0048359973781396,0.1671500112891885,0.1615105992533809,0.5051546391752577,True,4
0.63019927132573739,-0.73568623673813383,-0.24822296327010734,0.76935286802343616,0.63475771401507475,0.071963942099290773,0.10461855898751311,-0.23632267257383369,0.96602616504054228,-7.5723342686529476,-3.6779000945713038,-2.8181295858653126,,0.08525492928634788,0.3174603174603174,False,5
0.44287449362922293,0.89136410095144059,-0.096603428653910167,-0.8928743026630851,0.44826550201810583,0.042819614014685821,0.081471851191503381,0.067291004120070372,0.99440145727364238,-4.2894074497050756,-35.41435451253178,-1.2012371530517889,,0.2378045986628048,0.7647058823529411,False,4
-0.28336598764037108,-0.85948284980562906,-0.42543265969903193,0.95672409620456145,-0.28397512948869125,-0.063538410221272795,-0.06620212073765222,-0.42502630121190899,0.90275684571647619,19.222229812887647,-3.0215256531410857,2.762670035421821,,0.4976874918230019,0.25,False,1
0.8440320063086858,-0.42568532872483283,-0.32619315326193854,0.51484557222025107,0.81345134265399843,0.27061217618505362,0.1501466253091884,-0.39634443864250091,0.90574117542785015,10.050231030332672,14.600087935507229,0.9928478804363895,,0.3492378095562941,0.3125,False,1
-0.043996914795079639,-0.95927607296816553,-0.2790227362049349,0.99889633049101789,-0.046837413576239093,0.0035181843423273615,-0.016443613352690293,-0.27855999806193016,0.96027805091007068,23.663019209302902,4.2550678460370737,3.8426395094786012,,0.1317557765346397,0.5,False,4
0.93203287198282514,-0.30696213429989533,-0.19258497773580274,0.31999963298694278,0.94657647468483264,0.039915065595036922,0.17004399557664035,-0.098829275416180556,0.98046816056873753,7.7532508628600869,-6.1727464890195654,0.25666626108303053,0.3454326007774412,0.317330240857282,0.7666666666666667,True,5
0.60748813961539738,0.7827807128422799,-0.13495375440778726,-0.78455595604781769,0.61785963523584164,0.052167259618740844,0.12421800214348891,0.074187780317021557,0.98947767089263572,2.3477747848848622,-9.2212452685500708,-0.96823430790527598,,0.08107054160111406,0.3428571428571429,False,1
0.29136889998061183,0.94686026044308036,-0.1362343984379481,-0.95411790114871142,0.29792210694584931,0.030024138630825058,0.069015902744696017,0.12123557805614348,0.99022156095579283,-1.0268382336614912,8.1449098328999323,-1.4116875061686167,0.2297401699962145,0.1998507802980997,0.8306010928961749,True,5
0.96511850513394948,-0.1833839167283898,-0.18685986763713125,0.1913349702657231,0.98119905540589158,0.025285229364229986,0.17870982122263485,-0.060156069984182103,0.9820611218466152,6.5763914550131082,1.6455878287780357,0.026587743336848949,0.4117889115890173,0.3622383284819086,0.9755725190839695,True,5
0.31658362289124831,0.94632019958511715,-0.065214182309037277,-0.94557244635824622,0.32029468184477011,0.057481000948483116,0.07528318806436074,0.043467190375522921,0.99621435693114002,11.279099238613123,9.2455126205858935,1.1806000214314627,0.2108300052210355,0.1433986734492245,0.3333333333333333,True,5
-0.97003150186076215,0.20121856775654201,-0.13619828702211906,-0.19497492472050568,-0.97909975051676124,-0.057865855806756711,-0.14499539347160925,-0.029576452255487058,0.98899017656597143,13.049814969644313,-0.054287529694111804,1.4365212297084049,,0.5504057297055859,0.9243697478991597,False,4
0.084479441452643425,0.99496313009503834,0.053959185717860875,-0.99598325851972558,0.082705347210643362,0.034309973640294089,0.029674445576625963,-0.056640933027732959,0.99795352195654319,4.060905702904126,13.647170978993874,-0.16430298618647846,,0.5146856753922469,0.53125,False,1
-0.29014244919312804,0.94880386445509646,-0.12485425892331198,-0.95659401211849837,-0.29126720118929295,0.0095558092483918767,-0.027299361810286433,0.12220738237288351,0.99212907453532484,-7.8587131307663753,-11.397573568934837,-2.8693799254117738,0.2814566139965053,0.2744782844781536,0.9191919191919192,True,5
-0.30803989740464666,-0.89325849532575952,-0.32741515257436471,0.94141887810862468,-0.33585151406223906,0.030565608824296917,-0.13726586446612665,-0.29881937860597574,0.9443860764655021,-8.1804642375669978,-1.1881873728115964,-2.9119484099611022,,0.2961063124037512,0.2173913043478261,False,5
0.9740581283316585,0.1411998476092387,-0.17684277103165774,-0.13452691895469945,0.98968612440845616,0.049232948621089026,0.18197052153462451,-0.02416564065980633,0.983006994432857,-6.5217258957311035,-4.0052660644645224,-2.6463212363293125,0.3069651330789811,0.246633683246252,0.9060205580029369,True,5
0.97617318126349073,-0.062231793355938439,-0.20787766613472647,0.12088389790744324,0.95153047441428085,0.28280176712255134,0.1802026731450449,-0.30119256324922539,0.93638135203278283,-5.3441682786914964,-13.491445432267353,-2.4758051275888699,,0.09759310802092414,0.25,False,4
-0.63790718898168453,-0.72376995251629739,-0.2631187452083999,0.75914130183494288,-0.64844599162982242,-0.056765128270489511,-0.12953340146014169,-0.23595519018189401,0.96309202370925706,24.950279678084843,0.54507477003988714,4.1287008118526236,,0.1320710803662322,0.3333333333333333,False,1
0.32634598200320147,-0.91588820659820813,-0.2337671770045685,0.94404846378878993,0.32827415931058546,0.031758059559040569,0.047652891291014791,-0.23105165946871617,0.97177380732779584,14.243431260478632,-9.0125913614270097,1.7513258599049006,0.2373427899393292,0.2780248351428415,0.5581395348837209,True,5
-0.98512118863717291,0.092315561866340212,-0.14496234247344186,-0.069247346437553078,-0.98519761979909171,-0.15681343996470332,-0.15729287558387081,-0.14444198482265463,0.97693165795312953,-0.58171002180418585,10.043120336406123,-1.2029795300180561,,0.223344985542225,0.1818181818181818,False,3
0.95192164317659023,-0.21574292290220978,-0.21748603741296549,0.25003127125223068,0.95736799983109189,0.14467507143737809,0.1770015498462546,-0.19209764214333339,0.96528179680080883,-1.0903464810437109,-34.45946158645414,-0.70678079182573239,,0.1895460900482655,0.25,False,3
0.54957995492219458,0.83436440393340217,-0.042401823033657832,-0.82608062143525995,0.55029822019354635,0.12150175200773912,0.12471038463918488,-0.031747603069748831,0.991685136352498,19.165767179829171,11.617588066385057,2.8675164570428269,,0.5147981982552492,0.5384615384615384,False,4
-0.94021638361474347,0.30071639008054818,-0.15988372249650348,-0.30024344643009904,-0.95346056876632368,-0.027691455064271408,-0.16077009939099854,0.021968080132864321,0.98674737324053019,6.4858897195936187,-9.8262510618139114,0.050502074594681659,0.3597517014642677,0.3184336888709735,0.5942028985507246,True,5
0.94153511037068582,0.29786950057238454,-0.15743378470969838,-0.28511132082424445,0.95339498648739507,0.098739731003056219,0.17950813540649416,-0.048080769226992497,0.98258082057071794,-6.1636740364463485,-18.993553678173324,-2.2411033344301616,,0.5458698892035303,0.2033898305084746,False,1
-0.93659705613752764,0.31084506155735936,-0.16174455830079068,-0.3056927548147822,-0.95045436520769433,-0.056466267021894043,-0.17128308173391191,-0.00344199986051269,0.985215843634629,2.0452882775939294,5.3005602759237167,-0.89865375850050411,0.2483719888184176,0.2276679005982417,0.7547892720306514,True,5
-0.94354170042872054,0.27845566273392242,-0.17941990815818648,-0.28347967783743172,-0.95897506736410576,0.0024682842616641221,-0.17137191078256103,0.05319082689169622,0.98376948729329527,-4.3276691805689937,4.0347003953505416,-2.1769528877243678,0.1019717596969304,0.09023707725187527,0.4482758620689655,True,5
-0.098740049166331501,-0.9563439502938248,-0.27505754202899624,0.99488815347904747,-0.10075066001073101,-0.0068459166262408895,-0.02116517795062936,-0.27432745623397714,0.96140339192168101,5.5015061699938661,19.336690035493561,0.25058319789366867,,0.1981619761845409,0.4390243902439024,False,5
-0.054630018277544198,-0.9699382809476319,-0.23713981583729959,0.99816667595436948,-0.059246028518901449,0.012377201579631266,-0.02605471391515353,-0.23602889496222851,0.97139668139525226,-9.754299604177513,-10.479218313329486,-3.1516485801075134,,0.1828208692952895,0.3846153846153846,False,5
0.03513937990482123,-0.9658587686616994,-0.25667501432592299,0.99938060302574949,0.033470665333235554,0.010868526028957916,-0.0019063776635905071,-0.25689794386382059,0.96643665708764748,-10.72502471366699,-13.972331616309994,-3.1540250484004462,0.2430247381180365,0.3291993658962969,0.7755102040816326,True,5
0.98305426947062102,0.053358846189459706,-0.17537712738243269,-0.0025355189526144379,0.96056570721748158,0.27804153154056166,0.18329722970963136,-0.27288524264076608,0.94442351195301455,-12.653466151779496,-0.36809240672222843,-3.6729852959649065,,0.345113553844019,0.2142857142857143,False,1
-0.4444498753817443,0.88646875401541425,-0.12898626449165651,-0.89478148358590237,-0.4461933470930271,0.016661141669563992,-0.042783231586266061,0.12281956344280333,0.99150640438211746,-1.3297688488664745,-31.298843145243165,-0.85324431150782232,0.2652018209248079,0.2531821109582864,0.1578947368421053,True,3
0.94736016441075188,-0.20359847370737122,-0.24709589310966246,0.27108844956727651,0.92071280293507618,0.28071157265535912,0.1703519045941165,-0.33291980418032152,0.92743982693525329,13.298754245722915,9.1847716596353148,1.5661483303996171,,0.3456166111441445,0.1111111111111111,False,3
0.55394128393851005,-0.79234327306723562,-0.25561923161933175,0.82751362337733025,0.55773248681404675,0.064464535033952747,0.091489109042985947,-0.24723796386744876,0.96462590269451143,-12.353144387576066,-11.411320370391591,-3.4622088309280294,0.4236081971305847,0.4110104279669514,0.4,True,4
0.65015341624150058,0.74810479855064771,-0.13281470451347088,-0.74790769719230088,0.66093144206224763,0.061674187258744156,0.1339201696161374,0.059235456265755437,0.989220172100717,-0.32730911228261445,-15.332211053819201,-1.6103788566683006,0.2866786392338402,0.3150095571655355,0.8144329896907216,True,5
0.84950680406506174,-0.4800366381629525,-0.21886757610111091,0.50695378045821349,0.85759917523466611,0.086726692061591476,0.14606866305368327,-0.18463066012456125,0.97189272299759411,17.130414966468109,-11.43590242475778,2.4344793243842093,0.7259291853985174,0.3355310134316438,0.2666666666666667,True,5
