axis_00,axis_01,axis_02,axis_10,axis_11,axis_12,axis_20,axis_21,axis_22,location_x,location_y,location_z,dbh,dbh_approximation,score,reconstructed,number_clusters
0.99930627752591805,-0.033003634202263522,-0.017254675503666307,0.036074877244413876,0.97290649135486329,0.22836716557195846,0.0092502394073940512,-0.22883120243754565,0.97342216630909617,2.7874428209872608,-28.007766306947349,3.9963461443110893,0.1879474915550113,0.1860707756365923,0.35,True,5
-0.25946731368058279,-0.96403192775066426,-0.057612111649542705,0.95303632999261545,-0.26524361645545164,0.14617652904566691,-0.15620008593335524,-0.016978404134974142,0.98757949905181874,-14.381630558828213,11.740397406118467,-2.8036987453839108,0.2120962248838756,0.2483919703434946,0.7105263157894737,True,5
-0.99462005983357726,0.10356466222260177,0.0023015897483611367,-0.10337942125921386,-0.99376766358601676,0.041695636113374235,0.0066054399370004541,0.041233379069721535,0.99912770786007665,14.322525899801166,-18.632641727463117,2.4421335014926142,0.3830867381873436,0.4343618256470408,0.5135135135135135,True,5
-0.20166949816598664,-0.97682632331919061,-0.07169203289203159,0.96419231454525123,-0.21086552383092039,0.16083815290963552,-0.17222831962645074,-0.03668875754539181,0.98437357796134772,5.223509305629265,-13.056525863157926,1.107799768141545,0.4386742701695325,0.3450882867897172,0.7727272727272727,True,5
0.16325026333963324,-0.95999329530675503,-0.22751313035870871,0.97397246381965374,0.12006389897758571,0.19225581885439477,-0.15724818358446663,-0.2529773371833503,0.95460749820594237,-2.8945705469180942,9.0620399034496444,-2.509515537020151,,0.500631832472198,0.5625,False,3
-0.73417775185064504,0.67860911090987164,0.021741740446536113,-0.67383640514590692,-0.73219221076070951,0.099192064205680275,0.083231771503266466,0.058174230475841957,0.99483075501362039,-15.152032178053894,2.9544898809943194,-1.5256690166926212,,0.2368498837436755,0.2,False,5
-0.9980764832463549,-0.0058084197832610762,0.061721923578335891,0.0089809532069351685,-0.99864557497244799,0.05124800549722279,0.061340655931309954,0.051703750807556938,0.99677682862431483,-2.0164982547822237,4.2663473137937453,-1.8799617996431806,,0.2194969271864636,0.3055555555555556,False,5
0.99572366527331535,-0.081822467193768733,-0.042888999487041946,0.092346737062121625,0.8943536825918128,0.4377254511545362,0.0025421582669447017,-0.4398142497654976,0.89808516474472411,-16.367790532921614,9.5625092706583246,-2.4592253245066393,,0.4944627943765885,0.2142857142857143,False,1
-0.17342406783425562,-0.95708909346869664,-0.23217355546894006,0.97049524286146382,-0.20617986463382226,0.12501538706434481,-0.16752037571319126,-0.20364265413426583,0.96460696303627402,-0.31785177288449395,7.4301978585809643,-2.3025445290766209,,0.07456238391138359,0.1428571428571428,False,2
0.0456334431115301,0.98490231403175543,0.16698808545725888,-0.9839721722971736,0.015470209424840536,0.17764975869708596,0.17238431777446589,-0.1724183993524056,0.96982242836005117,2.8285818927978981,14.342554707638106,-3.2822549632492355,,0.2707282993971324,0.3571428571428572,False,5
0.71023477834274062,0.69434564477960714,0.11597708915139254,-0.68846969461407403,0.65073422446825602,0.32024123517077108,0.14688784575464955,-0.30729317382800647,0.94021001169327534,-15.066778508670129,8.661663651847558,-2.369826480084734,1.046572430607809,0.5604806227497332,0.4137931034482759,True,3
0.089859544216221679,-0.95966566217215787,-0.26639646987324367,0.98236867723122945,0.041375150442919263,0.18231807074667372,-0.16394219807058891,-0.27808256646812457,0.94646343929297327,20.312771289543758,14.913801144104196,-3.3343505087136061,,0.5844125763953061,0.5897435897435898,False,1
-0.81412420769842142,0.57844683398537622,0.051000340113672729,-0.57417759276962455,-0.81499942314583251,0.078077091603348789,0.086728694217627897,0.034281197824072719,0.99564197032620627,20.835722387719983,7.3607509757856464,-2.1895235637750803,0.5773518072345311,0.6534342294611893,0.9215686274509803,True,6
0.70472479761271523,0.70267913089905465,0.098005094911780638,-0.69762922263547689,0.66116640824336947,0.2759935657503309,0.12913724232280105,-0.26287072794343525,0.95614985908891437,14.772236291824981,7.8739893489985784,-2.333343326534377,,0.0912544553774126,0.16,False,5
-0.66555663547015964,-0.74526602548357601,-0.040161128489574108,0.7339859196898314,-0.66333800208725757,0.14576475803142008,-0.13527392460749527,0.067536999095312258,0.9885037779768403,17.205057797804429,-6.8498279968766367,0.26870806112033496,,0.09729212771324465,0.45,False,3
-0.04323491079074384,0.99562111421264354,0.082881478165450315,-0.98594591727704406,-0.055920022850695195,0.15742807643208176,0.16137345101857387,-0.0749102661746128,0.98404626991214394,-17.392875682498055,-6.6920059925703494,-0.0049263734216973198,,0.3225563665737299,0.5,False,3
0.65725184312781748,0.74482676021613026,0.11512216107696387,-0.73882149182797374,0.60656896492712331,0.29362713430527043,0.14887181707151356,-0.27804170200382095,0.94896258831876201,-12.18098618408049,1.099457898608847,-1.3664877953658896,,0.1375207608284166,0.1896551724137931,False,3
-0.99167321247290907,0.1265403638511795,-0.023911837655716705,-0.12851931484143089,-0.98426141496445574,0.12129407539058841,-0.0081869027324986375,0.12335721838862816,0.99232856015287085,-19.998761712788546,-1.1986417703504333,-0.83243993448950659,,0.07677265748923576,0.2857142857142857,False,2
-0.092041555334057709,0.9854100938356587,0.14316179329167095,-0.98217860746344843,-0.11350385784607447,0.14980673314381054,0.16387048279922267,-0.12682200605911287,0.97829578535650108,-16.254265515354266,3.3105534549976561,-1.5569023448190513,,0.6578281939976812,0.4230769230769231,False,1
0.67550089998186291,-0.73594581743970278,-0.045632093056328184,0.73013885937228551,0.65896491889286612,0.18072764509907252,-0.10293580600661435,-0.15539945129094362,0.98247403547383505,-17.036555908597034,1.7730680679028856,-1.2932918270267291,,0.09417990956609786,0.4047619047619048,False,4
0.38533940906684294,-0.91073189644979768,-0.14859661035491764,0.91021383786940613,0.34865394772272817,0.22349763776917905,-0.15173763267911627,-0.22137713867134515,0.96331088092195105,2.8851776761280812,-17.79423223212973,2.0787745810068561,,0.5820932895084564,0.2857142857142857,False,2
0.23471938979838305,-0.94993467170014734,-0.20623027797733698,0.96098525170203819,0.19482363456547344,0.19634433382674929,-0.14633575798090437,-0.24427007781681698,0.95860209420776943,5.7330724232016044,-16.013471611813863,1.7717469987347645,,0.1852684551182761,0.2727272727272727,False,5
0.65743926592087543,-0.74837603655654739,-0.087789062720445857,0.74842748780654134,0.63505387623827481,0.19121419866299483,-0.087349339556804059,-0.19141547007140192,0.97761455118893081,11.82015459264221,-4.8851307097613397,-0.35787427002375916,,0.3068229781950688,0.1372549019607843,False,2
0.64858377813880008,-0.75138960975083724,-0.12146084592857152,0.75474537119509,0.6142436510153847,0.23035659714207332,-0.098481000171530386,-0.24107756333963287,0.9654962977968583,1.1840970376590763,-33.003328978580782,4.8974313770612445,,0.31501992241794,0.9444444444444444,False,5
-0.062819098418476202,-0.99123509728752557,-0.11621851306603272,0.98481779830653216,-0.080447769365945221,0.15382477220109192,-0.16182603317317007,-0.10479092665604922,0.98123962245620844,-19.70822523986573,-11.011634723365972,0.75428963141098049,0.4787593950790998,0.452690940127451,0.2173913043478261,True,5
0.10075489169114288,0.98792045928789052,0.11773537242778945,-0.98125870273964355,0.079137053379167377,0.17569486355660727,0.16425531984693248,-0.13323097576339749,0.97737899353276225,4.6927723700327517,-3.7157191856643887,-0.76593553522868352,0.4548865092674067,0.3695161551027298,0.7668711656441718,True,5
0.38420705412741779,-0.91262052540126559,-0.13967360586399483,0.90728654651541674,0.345210979072477,0.2401260136677219,-0.17092706652505482,-0.21898209183433476,0.96064081809227697,7.4257301753539569,-16.230035262435372,1.8291766839874133,,0.2281824691508125,0.4516129032258064,False,5
0.72817009960842927,-0.68222145027632619,-0.06589536265258282,0.67806512857410828,0.70301978024450784,0.21445482040919614,-0.099979935227159977,-0.20084093548833334,0.97450855880497156,-6.0583231855636477,-0.93167699893213962,-1.1497147734565121,0.2899429814734999,0.2553642158070731,0.5874049945711184,True,5
0.42128058697251747,-0.88657700313820387,-0.1910598977979753,0.89448277234551243,0.37139059823991916,0.24893692678283233,-0.14974390477471003,-0.27577208170058931,0.94948750488742406,-18.108937724290058,2.9116358297794012,-1.4749384579849962,,0.2571071289662216,0.4444444444444444,False,5
0.78506446102633443,-0.58206203495686981,-0.21184328994636145,0.61452751326064892,0.68902870767959112,0.38418143557318662,-0.077651319880046213,-0.43179072182627942,0.89862508593162838,19.687619273639868,-11.967558851348272,1.3081859452491813,,0.6415798026256807,0.2,False,2
-0.79529252786594629,0.60584201727150566,0.021569544014347901,-0.60068690446187256,-0.79232585837193537,0.10674725740359677,0.081762081239455095,0.071938753558630497,0.99405220074592893,5.5702753068635564,-20.360090761004187,2.6024023311884559,,0.2866014162397417,0.6533333333333333,False,5
0.80011893282215563,-0.59835390298497304,-0.042217296481261504,0.59316070004171184,0.77877075422614706,0.20414822136885283,-0.089275289221392329,-0.18838449815388106,0.97802924475178621,5.5034205589728362,4.8200843997981613,-1.9694012809168879,0.2666227645007463,0.2373555095935724,0.819672131147541,True,5
0.040997561955260935,0.97169066872805765,0.23267239677397711,-0.98492981836687354,0.00014202145783490799,0.17295442382808346,0.16802515527599829,-0.2362566911999065,0.95705293639262745,-13.28594534833737,-0.09071879880377412,-1.1406681808024688,,0.5265285538271267,0.1111111111111111,False,3
-0.11351065387629956,0.98084827149848464,0.15827823525365281,-0.98277702254904908,-0.13422945501518968,0.1270109340015724,0.14582405633571416,-0.14113511860894479,0.97919161704389512,-13.37623704601322,3.4997128934367243,-1.6492284993921376,,0.3292536470043904,0.303030303030303,False,6
0.98903056811414791,0.14739409558900407,0.0096703630390498757,-0.13922930881267057,0.90837449229087641,0.39429808688711632,0.049332898793335633,-0.3913192588421805,0.9189317182227712,6.9344339862630431,-8.4771702307727423,0.059540013739426099,0.6056238157747145,0.4286656686271349,0.3604651162790697,True,3
0.89140000270130326,-0.43122934767109505,-0.139453522333713,0.44929245553159175,0.80040070222765813,0.39685640384887966,-0.059517430946824677,-0.41641321494476408,0.90722528064029195,-0.029238426605730231,9.8447017146096432,-2.6319186316163323,,0.5413857337996666,0.2790697674418605,False,1
0.48932669252708272,-0.8603803792163246,-0.1424955825283013,0.84476410773311927,0.42702963604212496,0.32252021987403773,-0.21664023233548577,-0.27819290609450181,0.93577546277529811,-12.161581638990219,-10.966355859936808,0.68594845127255089,,0.5838668668440001,0.2098360655737705,False,2
0.82074894306048363,0.568956695453531,0.051569866818670693,-0.56084735261729035,0.78527837788503363,0.26227488688096845,0.10872635157713156,-0.24418465947894066,0.96361425505638831,-2.5585624757731158,-8.5259547057680312,0.17427999730700425,,0.07297710055984825,0.4262295081967213,False,5
0.49188730870345937,0.86976641902408169,0.039411316579030312,-0.85824779330131351,0.47676273322592017,0.19002110803901598,0.14648413166583257,-0.12729364691521311,0.98098864755160731,-1.0143372986006738,-1.7505527258107301,-1.1052030928936505,0.1801931874110462,0.1441914196482207,0.6303236797274276,True,6
-0.75597819647249564,0.6527706999472106,0.048860820179576908,-0.64773023743089064,-0.756744452287337,0.088223429144753285,0.09456482419966776,0.035046358195484212,0.99490162669548354,-13.08869231481242,-1.2006206705053397,-0.98636739703782395,,0.1822529062152329,0.1914893617021277,False,3
-0.18356879557171366,0.97647670806837117,0.11311823854846872,-0.96987631313000244,-0.19865919369977633,0.14097681365355336,0.16013255297316767,-0.083831756265228208,0.98352925839538885,-19.930000683786062,-7.7362010803248289,0.21029017941228539,,0.4824418564133869,0.7297297297297297,False,1
0.97730337297316161,-0.20564796401152396,-0.050862875195923363,0.21109478465744791,0.92517653744996287,0.31541617974118341,-0.017807556421553298,-0.31899418403790969,0.94758936332373467,-14.315761635655395,0.59955573206324642,-1.2079266705951044,,0.1250236946023965,0.2,False,1
-0.81182965491372849,0.58190028768834601,0.04821479638947436,-0.57802245151213127,-0.81260216493438153,0.074617471760059492,0.082599376211712816,0.032707441541301695,0.9960459659660591,-0.96738752996353017,10.798500410676867,-2.7424735720963991,,0.08652806360877652,0.3333333333333333,False,5
0.34706718416297266,0.93774170800855061,0.013596276637108079,-0.92318058669626457,0.33905287144748364,0.18105456279905793,0.16517255832712405,-0.075389915933257223,0.9833790655445388,0.76058699284300046,-23.760777739550043,3.2232640821755636,0.3319747405085103,0.3161905468835325,0.9504950495049505,True,5
0.49632638118487937,0.86557828464162545,0.066590964077602163,-0.85077979481771404,0.46970911790173375,0.23568429156374551,0.17272482181160687,-0.17363057828861181,0.96954554210377974,-27.91467882029665,4.0692471211513812,-1.5671266254429335,,0.2513068684909969,0.5555555555555556,False,3
-0.89139054133247309,-0.4215667734074296,-0.16644626274521876,0.4440172462406366,-0.88593374762274379,-0.13405252651107608,-0.090948270263283282,-0.19339816540487123,0.9768958807130611,3.6058392535384272,-4.1079529612191994,-0.75046280788136688,0.3250370546965053,0.469244642141654,0.4422310756972112,True,2
0.99863499659668553,-0.036295333065028967,-0.037560516104501049,0.048450846148152413,0.91232849687754081,0.4065823770070397,0.01951048640772246,-0.40784722946572177,0.91284170497259198,2.9126573775372901,-10.423540302281271,0.50800649070060511,,0.1785504217204109,0.2195121951219512,False,4
-0.99273257704887352,-0.1180152944660435,-0.023546140617879012,0.11440333271677357,-0.98620977361017992,0.11959163808165651,-0.037335076392035108,0.11602875810699581,0.99254391306528611,-19.459297113398197,6.9219118002248736,-2.0625849424793481,,0.08325234551441496,0.1578947368421053,False,1
0.069727122865650165,0.98900304055541366,0.13042666180281581,-0.97633094541034726,0.040823817705609777,0.21239421117835866,0.20473400638637596,-0.14214922328344495,0.96844080095217866,4.4699439692050023,-17.066268475440069,1.9472297660539943,,0.6304547350824491,0.3265306122448979,False,3
0.56556193506981056,0.81929614645722415,0.094305471741749275,-0.80937564598761547,0.52946234802318448,0.25412730216941687,0.15827432287715318,-0.22005328088015097,0.96256209788857761,-13.479297316298913,-17.915791954428389,2.0088348255388624,0.4178077073629097,0.5201852082951415,0.4444444444444444,True,5
0.61331626850591159,0.78951354667450135,0.02261668418302018,-0.77695741040009947,0.59791729982843411,0.19705858263533013,0.14205751374128589,-0.13843143495364071,0.98013080790592444,-2.0559656951502268,-29.428722134221537,4.253851960955811,,0.1554528548477338,0.3333333333333333,False,3
-0.52255518465014827,0.84968073703045788,0.070560074508378035,-0.84202949614904798,-0.5272974907065594,0.113770312074576,0.13387459284804648,3.760244730624529e-05,0.99099828051103389,-8.1003341655025114,6.9957095789905033,-2.2543168843358097,0.445383947287948,0.3036771161610879,0.6386554621848739,True,5
-0.49902738760304344,-0.83579909948221875,-0.22893564975073913,0.85526550968845017,-0.51757326177708274,0.025275019896848022,-0.13961580984772659,-0.18318783801918345,0.97311337553361177,-12.551287793160752,5.9598065360170223,-2.0339315873162174,,0.3982625154035456,0.1794871794871795,False,5
-0.93870388371085423,0.33279198966338197,0.089913905053924298,-0.342541484885523,-0.92977950049718638,-0.13481621411248237,0.038734349595411624,-0.15735174632360838,0.98678269040874977,-8.1036545315562734,12.667487072321897,-2.9764987645657448,,0.4464434726169208,0.3043478260869565,False,2
-0.52032687420722723,0.85351304894011981,0.027846351047767313,-0.84368687638332973,-0.51883410208117675,0.13785365115279735,0.13210752664505737,0.04823535846822416,0.99006108478071453,0.42500554548326558,2.7453318187629794,-1.6962467623880346,0.4951618893238791,0.3370775126558702,0.8789289871944121,True,5
0.99867753802758319,-0.041304779750506754,-0.030611929193186158,0.05060909927857947,0.89462746909415503,0.44393739492455297,0.0090495364178172326,-0.44489954676527788,0.89553475598587107,6.8178808966995001,9.7960230695696513,-2.6753310232566316,,0.4513869757012268,0.3,False,2
-0.64192004533768221,-0.7575837045016256,-0.11834519875035475,0.75277755486404807,-0.652005828091068,0.090633068072226181,-0.14582389477233221,-0.030908426179175271,0.98882761940823305,16.083787492605715,0.56657953408023842,-1.1428574767656503,0.2718698120032141,0.2008789647992652,0.7575757575757576,True,5
0.37341190667607382,-0.90851655625289729,-0.18751323944435538,0.9143244478763829,0.32628668188053545,0.23989123627789838,-0.15676208715147719,-0.26102618305788272,0.9525182306865031,0.93757824124034128,-6.4019573985909322,-0.32898343373504912,,0.1268438322205349,0.4269662921348314,False,5
0.58888313957140426,-0.79285603651107328,-0.15683097046336042,0.79866408291853352,0.54111271842684239,0.26331104916545334,-0.12390452204994473,-0.28031470051473573,0.95187779577575515,-9.3027885654330262,6.9072581077164266,-2.2014241491441084,,0.5615844200684957,0.4166666666666667,False,1
0.9998201960609383,0.0018044859516457672,-0.018876423896434777,0.0033978956943536052,0.96230089670094465,0.27196587747989304,0.018655558247285826,-0.27198111706331413,0.96212173975410953,-9.2565887300116714,-18.07082160847245,2.0533045590620511,,0.3167122605820043,0.2777777777777778,False,2
0.67929731217658329,-0.73278804856385349,-0.039709413892020956,0.72562251016273516,0.66259916442865618,0.1855648674819039,-0.10966829265926968,-0.15486776030028054,0.98182933466299238,3.1810217257258908,-1.0154321350930808,-1.1883405754193266,,0.08783479615960096,0.4700854700854701,False,5
-0.1258655479564425,0.99199049268863326,0.010617262028728092,-0.97856338489397754,-0.12590622718567496,0.16297645136862443,0.1630078696948857,0.010123456486369989,0.98657283058388712,2.1671034320473548,12.392609897553838,-2.9882498281874073,0.1717060336132671,0.0870976285043457,0.36,True,5
-0.91144053965608574,-0.40308304286196689,-0.08246334475730073,0.39663548437460744,-0.91410050923772179,0.084264770493122837,-0.10934548553252763,0.044094439201285848,0.99302529938827855,30.42904550134028,8.8857358077198185,-2.3334526699135858,0.2119187341990317,0.3181885009611151,0.3333333333333333,True,5
-0.53368092425427527,-0.84355825277002994,-0.059951190736117488,0.83205782273909978,-0.53643503897120215,0.1411284116775755,-0.15120995570984413,0.025434683948115919,0.98817439055395873,-16.983325036820503,-1.2550748676039867,-0.87834855459295136,0.4656856496723017,0.4195011424970513,0.8691099476439791,True,5
-0.71783673948494464,0.68420968922405156,0.1287148655655232,-0.68258636077335588,-0.72805310515182964,0.063360367462354863,0.13706303488471894,-0.042376612072057389,0.98965546894739309,-37.725325838437598,-23.957732018131036,3.0570382027933882,,0.3173552348176825,0.475,False,2
0.19928789835760954,-0.96954999821008225,-0.14232756071483932,0.9656182652809171,0.16955143385461888,0.19706262211214706,-0.16693022291987503,-0.17670628808469713,0.97000473629114237,11.653399738568989,-16.984012889095087,2.0755058726972684,0.4626447363633911,0.45370701132377,0.8571428571428571,True,5
-0.69657685309013895,-0.71564300726412944,-0.05133978859514772,0.70536670392767897,-0.69615321986136913,0.13352343414866091,-0.13129547109189557,0.056795956111359319,0.98971496838239026,-11.26757391924143,6.4289004870724273,-2.1169478119616119,0.5787626542132827,0.4910851925736888,0.9435483870967742,True,5
-0.96188266962384272,-0.27206855012561199,-0.027575966163598174,0.26867454489574405,-0.95901155530046545,0.090060122836056161,-0.050948197243605636,0.07921831122113171,0.9955544888979696,-15.218020975427047,6.0964989051718881,-1.9937824520941194,0.8779113483773228,0.4200094474082466,0.7522935779816514,True,3
0.092610130989636177,-0.99330820500485806,-0.069008503158002249,0.98180829805297609,0.079560567648936278,0.17240238382834536,-0.16575834673523832,-0.083719328386010289,0.98260635278945463,-17.422085401017355,7.6393385407287218,-2.1532673980859225,,0.1422497000185921,0.40625,False,5
-0.9444355684414063,-0.32839204339533951,-0.014146480035391519,0.32856421757632931,-0.94440182653513394,-0.01227782413775122,-0.0093280218274218521,-0.016243640963048325,0.99982455067729314,-17.348262518064509,-4.6527326269041964,-0.33226430693462927,,0.6123666918508646,0.7121212121212122,False,2
0.85892631671980102,-0.51164816544514602,-0.02148807210461319,0.50730806938499251,0.84441451704990578,0.17205419533462793,-0.069886373371552651,-0.15868294864915791,0.98485309393075504,-26.305414793625783,-2.5295330177412123,-0.54368278249077218,,0.09152433158269907,0.4166666666666667,False,1
-0.76513937861944636,0.64142071059428141,0.056046438839360342,-0.63738844807471318,-0.76688331265287579,0.075006339968426677,0.091091698561149945,0.021666951684026707,0.99560677260551289,12.434224423783604,-24.587287244621621,3.5629133523931085,0.3756447303978103,0.2311674451869333,0.4193548387096774,True,4
-0.99993868304264921,0.0072305279920496443,-0.0083874680260740547,-0.0075621783956413497,-0.99916272742086931,0.040207680743877178,-0.0080897226679734896,0.040268642860732742,0.99915614034509626,13.45967498820673,-9.1315175724389537,0.4924933465903909,0.3315861011667188,0.1736335113303403,0.1428571428571428,True,5
-0.63450839850665552,0.75829563956103307,0.14962224182000528,-0.76397428116678701,-0.64466498349740664,0.027392640763180404,0.11722794010052007,-0.096926684019487924,0.98836371239780763,-31.30808089618451,-2.8564158515052029,-0.4394407094509018,,0.3008971699782694,0.3333333333333333,False,1
0.58197128289905109,0.81215304367259467,0.041435003730843925,-0.79899054410648451,0.56156647723204733,0.21507487551458404,0.15140520568744689,-0.1582735773985372,0.97571816544953849,14.278592045759799,10.410659950923829,-2.744170916475809,,0.1899804521965939,0.1923076923076923,False,5
0.38173574651695474,-0.89198535623474384,-0.24215685844906876,0.91191329124513443,0.32077477911764785,0.25596423643253885,-0.15063853783680869,-0.31853675666208964,0.9358645017167746,-7.8419569873510042,1.1561537955854224,-1.4431803857297443,0.2891717956419911,0.3781721051430132,0.4583333333333333,True,4
0.96032153138589449,-0.27740252722807246,-0.028816561976246692,0.27475502596091489,0.92326455626996196,0.26849997177811491,-0.047877260425689905,-0.26576379930891653,0.96284857112165989,-0.30343384888571057,-10.210619050848422,0.47303286064109284,0.3276871872168796,0.1520114024826629,0.2833333333333333,True,5
0.94042583673107305,-0.33425586024559689,-0.062227530082261881,0.33788099641721459,0.89838520621227702,0.28060729413013441,-0.037890340045623735,-0.28491584924395058,0.9578033623770732,-1.0875876031039489,-24.940458378523253,3.4054365127735364,,0.110605325049947,0.3157894736842105,False,4
0.84127850325038822,0.53800714522933635,0.052903607164033341,-0.53004781273305168,0.80165240166499641,0.27641046131007846,0.1063004994611704,-0.2605796204366766,0.95958244316337038,1.9533645638038062,7.9355412269543981,-2.4213176172523605,0.3680546285043834,0.2271910925605868,0.6,True,8
0.40824571625199096,-0.89899279533459509,-0.15857928332033436,0.90148063562560454,0.36966431368112629,0.22512431850583986,-0.14376403845870434,-0.23486219177882559,0.96133846907262144,-1.9292891836488584,-7.6589632170153115,-0.020246350794446668,,0.1318411000278526,0.4496124031007752,False,5
0.26198824819523575,-0.95816163757564732,-0.11527547044339738,0.9527211165287881,0.23773580252487192,0.18921987823163636,-0.15389812191099592,-0.15939875933083703,0.97514481160290178,8.7214049241523099,-3.9325636510004895,-0.65441756556479225,,0.1307061967034591,0.3529411764705883,False,5
-0.78835839707521815,-0.61153062676639214,-0.067240837946120985,0.60565857872993989,-0.79065199604520919,0.089705669612101843,-0.10802186710024055,0.029995227560897845,0.993695910503685,28.599959135408859,6.8995838324381129,-2.0289116870179149,0.3524875632365979,0.2912735548521329,0.6,True,5
-0.089875791088680282,-0.97975101320920888,-0.17891420930634155,0.98183155847906833,-0.11730376190503833,0.14915300271027276,-0.16712011533848486,-0.16225837284545763,0.9724932326195368,14.169090214919702,-5.1913990357042206,-0.22914527615695759,,0.6620058488353788,0.5227272727272727,False,1
-0.28626695798142643,-0.95187533448165151,-0.10947408996426561,0.94392826275771313,-0.29978364183165573,0.13830836148749087,-0.16447085922820839,-0.063742573650531376,0.98432018203892424,-9.5097342168153194,-12.384057151200802,0.94617158272932467,,0.08000555095406478,0.375,False,5
0.18064595066090761,-0.98001747772387315,-0.083263340465986241,0.9700200130397264,0.16352916808088375,0.17977593134005193,-0.16256756998929978,-0.1132429006274209,0.98017744854962985,13.36609233116457,-10.153527281543653,0.75445771136487993,0.2597651452430976,0.2698457377121841,0.7142857142857143,True,5
-0.99655325741712775,0.082453988356766261,-0.0091074110137543268,-0.082352120157910422,-0.99654208415182899,-0.011045488663921854,-0.0099866629465638988,-0.010257403101663173,0.99989752087141459,4.6362299978282486,12.030795321587917,-2.9338515362145499,,0.2617046787920351,0.3333333333333333,False,4
-0.7749753409124811,-0.63086677980667427,-0.037687227464251363,0.62113456725571725,-0.77131249242290156,0.13881242160709389,-0.11664077476439424,0.084167364035769007,0.98960132603671924,17.22625149494344,-4.2855583201947596,-0.22824218107415431,0.355332439286055,0.3097126788896965,0.8541666666666666,True,5
0.81528640503476779,-0.55066158360524364,-0.1791086209730004,0.57325187540667999,0.72384038082197,0.38397576803000133,-0.081794652075845659,-0.4157245764119204,0.90580500741545944,-25.857093345682063,6.1934173245983795,-1.9368782953728434,,0.580686066448533,0.2962962962962963,False,1
-0.46016094378977079,0.88678101934142073,0.043258866678393459,-0.87786776260580857,-0.46173490633033332,0.1270789819505572,0.13266535790468942,0.020501219766387361,0.99094883964819869,-9.8073697936595821,11.405748541527464,-2.802759991801127,,0.0840572590903003,0.40625,False,5
0.99070831134145287,0.1354564797235675,0.012189501214834007,-0.12934884649761796,0.91074569173551256,0.39218766030427199,0.042022824140024152,-0.39012027259052051,0.91980446572366414,-17.740360208611683,-11.069903892890279,0.70731918821830764,,0.4005995669617537,0.1794871794871795,False,7
-0.7064424543105281,-0.6986969830691947,-0.11296718372042755,0.69642777957381974,-0.71467002534030011,0.06507766681416205,-0.12620382952033748,-0.0326998582581257,0.99146523523737418,1.356917777296391,-8.932009586279781,0.24830780649467016,,0.1331952290717346,0.2641509433962264,False,5
0.082007677218346897,-0.95094774448596742,-0.29828363705423799,0.98181476925090061,0.02566890389685228,0.1880980229920986,-0.17121477669305682,-0.30828476224067108,0.93575958750747545,1.1864146648688674,-10.352321453993021,0.50907924553511008,,0.1464541251211365,0.2063492063492063,False,2
-0.06230641140939757,0.97948874430043176,0.19162387869481931,-0.98436060390599212,-0.092006746738839407,0.1502296909148314,0.16477898098699847,-0.17926672402679469,0.96990274207344496,-13.267724174888636,10.491086500824949,-2.6563270006411179,,0.3173644951277652,0.3333333333333333,False,1
-0.098587597671868296,-0.97749458821530866,-0.18650687814414468,0.98446540352603806,-0.12316595746558762,0.12513199503684347,-0.14528714618164054,-0.17127310626998643,0.97445224009338971,-9.287027068554071,12.906509767516754,-3.0595723009274338,,0.4037648398781978,0.3125,False,4
0.8561866836115517,0.50665611535290944,0.1012123687192038,-0.50670377961462809,0.78512387480016821,0.35613449838933109,0.10097347439057086,-0.35620230486939475,0.9289371752035912,8.8604490374636242,4.6063281262424818,-1.9155943808300435,,0.6083089254912734,0.3333333333333333,False,1
-0.95518212065343133,-0.28274713539065421,-0.087642306065012193,0.2763320899719478,-0.957849260327435,0.078519873547538047,-0.10614938735456536,0.050782397723670707,0.9930525946019606,-10.939012563773233,12.80662023482059,-3.0085797014702464,0.2272256657601946,0.3897795714796738,0.4772727272727273,True,5
0.98959926941217857,-0.13846454312035875,-0.038998157358441268,0.14371425029729049,0.93978598244247391,0.31007825055318317,-0.0062849216678576673,-0.31245780115578042,0.94991084963617756,15.003433791032547,11.510388816440633,-2.9101623469984239,,0.236632361475576,0.375,False,2
-0.860152375348749,0.50788997400898195,0.046751101410137205,-0.50742889536667457,-0.8614092281325193,0.022137249944248011,0.051515117478865835,-0.0046814516224874068,0.99866124220470553,9.5448243094155387,-27.332257327202427,3.9742358046145156,0.3589655014660836,0.1707628498329765,0.3225806451612903,True,5
0.22457948872188355,-0.938560346577333,-0.26204680703655797,0.96156360896634863,0.16984644629266049,0.21574895270514266,-0.15798569288713726,-0.30042746298298378,0.94062950215724139,4.705974053069049,-27.104313434763533,3.9016188213378529,,0.7054719999947842,0.1724137931034483,False,1
-0.41753309096484653,-0.90248059163297156,-0.10580595292866786,0.88988674877744134,-0.42967249241988603,0.15324204256012433,-0.18375987674042782,-0.030171691757095945,0.98250800338565081,-8.3119484572518711,-8.6488516232215709,0.22143961648960395,0.4133257466542682,0.2667309459442012,0.4473684210526316,True,5
0.99360257698350085,0.11186076393359967,-0.015527024954518595,-0.10067629610952114,0.93964639064482081,0.32699991429636349,0.051168373175378284,-0.32334475415622954,0.94489680259075548,0.80597778014883481,-3.9771896684716244,-0.70098718797356463,,0.2737540478388688,0.367741935483871,False,5
-0.98505392790839208,0.17222917711220234,-0.0024227388436974598,-0.17081956176646917,-0.97860500620730329,-0.11468617677783938,-0.022123210213767067,-0.11255821772425181,0.99339881779302508,24.918856540171145,5.7242876377216936,-1.8294449084656947,,0.5565758035666337,0.5,False,3
0.95914988253101341,-0.28059508650502674,-0.036026382971080871,0.280300766042825,0.92538737695550299,0.25512679813617806,-0.038248965953968442,-0.25480306120737495,0.96623621159776563,-9.8221088450755616,2.2608535823976541,-1.5290330106436931,0.1824295096608838,0.1821936738321918,0.4074074074074074,True,6
-0.87985982661148143,-0.47153117595861765,-0.059203341242692192,0.46672834044427164,-0.88084506693328746,0.079225149324123209,-0.089506098905894324,0.04207514894063407,0.99509715108640184,7.8720016982154943,-12.520207342441244,1.0017447364536569,,0.1021281634078346,0.1739130434782609,False,5
-0.99961297207112787,-0.022508361156491064,-0.016348692460768956,0.020149797061678812,-0.99099823094321893,0.13234988457034769,-0.019180504307786068,0.13196923863332755,0.99106822585987475,-7.6543829863589226,-3.0060818594895764,-0.80248302266964344,0.5106339267870446,0.392881204301729,0.8282591725214676,True,5
-0.57358426852378441,-0.817220285584772,-0.056143492327956596,0.80599432983870956,-0.57528030188353552,0.13937616199564956,-0.14619927212501702,0.034692637454250996,0.98864664756250642,-0.68516560589697606,5.2080678950618084,-1.9991699868080282,,0.0791242006486176,0.3214285714285715,False,5
0.99892596224980656,0.045387800927421139,-0.0093203792986908951,-0.041175188689042894,0.96179279552586583,0.27066440902150801,0.021249135975855642,-0.26998993685230793,0.96262864502297407,-20.40161285059391,-5.4790901569310844,-0.1418284808000862,0.9893038569211156,0.2992964866949559,0.391304347826087,True,3
0.36487281967735835,-0.92706138476819666,-0.086168522862874186,0.91720692200678633,0.34199814046940025,0.20437400553473278,-0.15999777399555429,-0.15360488529714209,0.97509294507206912,16.438002818039148,14.53385009909706,-3.3526082608382324,0.4475081267228511,0.3453259489519035,0.7551020408163265,True,5
0.88459005887607112,-0.45837883971572063,-0.085960845961966403,0.46459023010997974,0.85003220440622118,0.24819582905168719,-0.040698228757319821,-0.25948813223954603,0.96488836836332881,8.1557560112368463,11.640350309277208,-2.8884879880505148,0.2646619957599575,0.2753341104544209,0.28125,True,5
-0.60599936857415426,0.78496154610662294,0.12884151668474719,-0.78704253731801077,-0.61517345643994037,0.046104912360438399,0.11545046444148027,-0.073464206424871878,0.99059285311100931,-21.328788877490631,9.5939983701708655,-2.4539248115221199,,0.3879225564945808,0.2727272727272727,False,2
0.49999074664474091,0.85589292510284043,0.13212325317119189,-0.85244959214832516,0.45947626263184366,0.2494218453223927,0.15277089420367071,-0.23733702795134462,0.95933945454538372,12.540636157001714,13.511019551102232,-3.2078191865415793,,0.3032575664186721,0.2903225806451613,False,1
0.50415931857613971,-0.86206969224568175,-0.051567695355520124,0.85332655898164278,0.4880791737970589,0.18333713165131235,-0.13288026651611207,-0.13643520739536913,0.98169662775910127,6.1369180712680542,13.644070167449746,-3.2096254586443824,0.3291712266758613,0.2569343386267899,0.44,True,6
-0.17381103065606565,0.97687800203815656,0.12449536038027517,-0.97464779053371131,-0.1887299262753811,0.12017778220554237,0.14089503195652334,-0.10045090373922787,0.98491532930904335,1.5493517304869322,19.733973097660542,-4.0288816618480876,,0.4329693300652009,0.3902439024390244,False,5
0.74485650246379043,0.65630925982758803,0.12019545000528632,-0.65546899897242905,0.686095805479632,0.31564685502842671,0.12469635970424901,-0.3138960037461746,0.94123329558016067,14.133698684304058,-14.664845544927138,1.6427025976058842,0.2914192527248087,0.3155933552018934,0.4444444444444444,True,5
0.9977178775423261,-0.060785340256077347,-0.029396925730215573,0.066396897985482553,0.96234601631561933,0.26359362059686109,0.012267386451087544,-0.26494393235439345,0.96418578289572865,-20.085321004165248,-2.6045708515914043,-0.62085375386806141,,0.2184747179455494,0.4545454545454545,False,3
-0.97089887543251185,-0.23493286974829183,-0.046496455732848246,0.2357466582742552,-0.97173035776822525,-0.012791595059217092,-0.042176851428315135,-0.023380729318597804,0.99883655054274256,-4.126054619790545,-0.16927495564135916,-1.2852537529851864,0.8317029460538212,0.6451876002723784,0.9200968523002422,True,5
-0.99857067716264791,-0.044236296092156763,-0.029995880033409021,0.041819415572364738,-0.9961610141848688,0.076904943269988604,-0.033282716116890133,0.075540611105691574,0.99658711454727422,-28.70420231830353,-7.2508310876567155,0.26719001882171373,0.4634188653545676,0.4286166293054421,0.7441860465116279,True,3
-0.53701641280724732,-0.83489980693676313,-0.12064694257457471,0.83680547794275373,-0.54531075256174011,0.04891600173305985,-0.10663003545266439,-0.074689326663888028,0.99148955618395651,-10.076552833654585,-0.32695657572154457,-1.1802704892096196,,0.1993263007473991,0.3470588235294118,False,3
-0.88852695669033632,-0.45770642080813939,-0.032010616764018653,0.45032960166317382,-0.88331432004366972,0.13022696292119176,-0.087881153272460544,0.10129483874705862,0.9909673347506015,-4.9895629031858819,1.9961013545500825,-1.5367123445175825,,0.07314569354854053,0.2272727272727273,False,4
-0.99862823045948312,-0.016769062087751752,-0.049602982632692,0.019018027865589135,-0.99879598943477177,-0.045220416905634414,-0.048784956138810801,-0.046101735821038693,0.99774478600933925,-12.419457645111351,9.261842104612974,-2.5145381739077965,0.4230305606722041,0.2970669997332765,0.1428571428571428,True,3
-0.67109693963586126,0.72164228507071404,0.16988616779861121,-0.73327827086416353,-0.67987317722846408,-0.0086856412390805271,0.10923312267733531,-0.1304027426214269,0.98542541555764962,7.5042345729839273,-13.946816293977001,1.2946649465349309,,0.4619380191325547,0.3018867924528302,False,3
-0.62416136245425913,0.77490063784891339,0.09975768181243376,-0.77220991706220987,-0.63126927123006404,0.072048255991653473,0.11880419862116975,-0.032064133576494125,0.99239984569122675,12.5993723620905,-23.023489906424533,3.2435830957655041,,0.1149745584471282,0.3333333333333333,False,1
0.92996641671759472,-0.36517800742792317,-0.042514546550686594,0.36472778261889449,0.90186142990667395,0.23155907633387032,-0.046218052353416986,-0.23084840076912483,0.97189140725648759,16.301206242784758,9.0474076754504704,-2.5128802618607113,0.256184103032683,0.11863176393588,0.4,True,5
0.98899643541216198,-0.14459109558166255,-0.031296418653438983,0.14698903400296329,0.93646394147682743,0.31847999968060792,-0.016741404508358246,-0.31957581477980901,0.947412805477585,-2.6202497191599039,-19.304911172173846,2.3024261836667237,,0.1789668159532284,0.1627906976744186,False,3
-0.59893720345709334,-0.79911346504695546,-0.051883487697384253,0.78701586151124125,-0.59936163456464331,0.14619050838449615,-0.14791977570532949,0.046725806495416092,0.98789495340478284,-3.4172870754125722,-15.114957331429173,1.4669181834017544,0.1834944933281505,0.1152268656337084,0.6931818181818182,True,4
-0.64551879022792225,0.75946666219864734,0.080721003905589034,-0.75495916333616153,-0.65050419909374058,0.08295148374908419,0.11550823848299012,-0.0073943201348985015,0.99327899951237253,-22.181578426442716,-3.910628169796277,-0.41042169002470663,,0.5992835882148491,0.6216216216216216,False,1
0.07522626017456592,0.99686360130941987,0.024575804454049353,-0.98322890986949651,0.070046059845474754,0.16838782704508817,0.16613825741529517,-0.036830827910044425,0.98541441512617967,-0.10291787628258114,-14.263466547348751,1.2766446851765396,0.1533834098287428,0.1516942774499357,0.5603448275862069,True,5
-0.46461477028250864,0.87661569229930381,0.12521199323524668,-0.874439486004151,-0.47648678795123112,0.091191700415740803,0.13960193606152932,-0.06712130006585354,0.98793017492398816,-4.6754882276035561,-1.5256647729469606,-1.0595888527951629,0.61579923197339,0.5847641758934301,0.9256455921638468,True,5
-0.023308331647125036,-0.99505048383840311,-0.096598427983007662,0.98575398435072781,-0.038974202638981784,0.16361568954510741,-0.16657071775222981,-0.091408676511676223,0.98178340271461673,-3.0575586437507578,-31.52005190647937,4.6147672527661401,,0.08555785513808666,0.4285714285714285,False,1
-0.050079957253887954,-0.99225925038124163,-0.11363792463040637,0.98398243583124612,-0.068510080603578299,0.16457501277927764,-0.17108642218790171,-0.1035758122755905,0.97979665607430799,-8.7560850185207357,-10.190113839710543,0.49132591448892216,,0.079798513914601,0.2941176470588235,False,5
0.075106253964003777,0.99060750599836656,0.11426206577509072,-0.98258817136519927,0.05399225944913616,0.1777788553590415,0.16993980142594142,-0.12562485812638249,0.97741437420985289,-24.052595695624593,-14.638609505421174,1.4067539454443614,,0.4281764716465386,0.4210526315789473,False,4
-0.50646757410622678,0.85965205764714658,0.06699952359519229,-0.85037579138185937,-0.51083324270488251,0.12613647997027938,0.14265906844863296,0.0069092641173768565,0.98974777204029429,-22.852836392468671,-5.6643214818119407,-0.096465261617247083,,0.2172029337907848,0.16,False,2
-0.62919514251103714,-0.76092296654271163,-0.15846044184071847,0.76181121277201347,-0.64417647592473248,0.068413039400591277,-0.15413354188933137,-0.077671789299798719,0.98499235753970082,-0.4968735453889972,-32.589570816134405,4.81149108290637,0.8211608553516329,0.5933818140527899,0.7731958762886598,True,5
0.91006570283263977,0.4142397084052184,-0.013633800207324348,-0.40567017379281162,0.89701466703988275,0.17548902304770622,0.084924240489059818,-0.15417571499976226,0.98438697791146579,-14.507619931234343,-15.401315342165391,1.5365879948306345,,0.08656860468040084,0.4642857142857143,False,1
0.99905580034115093,0.040113361437287866,-0.016686103167163419,-0.036136435285286962,0.98045500848081668,0.19339631431274715,0.024117749678939555,-0.1926107332914864,0.9809788170859457,-3.0684752558892496,3.4235676029230602,-1.7609744864063308,0.5548411373028326,0.4753686429884887,0.9853403141361257,True,5
