axis_00,axis_01,axis_02,axis_10,axis_11,axis_12,axis_20,axis_21,axis_22,location_x,location_y,location_z,dbh,dbh_approximation,score,reconstructed,number_clusters
0.97844006378804038,0.20443574467666564,0.029343958031472446,-0.20563316024507197,0.95107018944542143,0.23060897240973699,0.019236553279634243,-0.23167114849878798,0.97260394507279901,-23.436684065326276,-19.33742969132642,-0.16694645465725289,,0.232156783025962,0.6842105263157895,False,1
0.86654753368714865,-0.49844705252989946,-0.025414713946354982,0.49829634944254353,0.86116046464505147,0.10051568168476316,-0.028215598397939679,-0.099765675242409244,0.99461082341309337,8.6225578402916554,-13.445889865068059,-0.27554722441399832,,0.1941241598515659,0.4545454545454545,False,5
0.58106620028190437,-0.808995829836754,-0.08881338973764405,0.81291050512630303,0.57166527387990285,0.11124443938963147,-0.039224756790166564,-0.13683772121223128,0.98981657720417848,-2.1826924540104402,-18.884714408855924,0.006753294695624139,,0.1534434489733049,0.1111111111111111,True,5
0.28810413237683141,0.9559335285482794,0.056454387824411478,-0.9543598613652664,0.28178521203292162,0.098966404877770364,0.078697292979254097,-0.082390431949330573,0.9934880738091123,6.1756420360978952,-13.763929767515631,-0.31463982637576815,0.2312204095229615,0.2020458343830279,0.782608695652174,True,5
-0.64334568319971785,0.76531933753940684,0.019815233950940647,-0.76422201736734607,-0.6435314476855003,0.042801682335942906,0.045508681361591689,0.012393039499920707,0.99888706693633877,-12.572969538327355,-10.67953716020182,-0.63185502398778515,0.2743886004017567,0.08819803440386415,0.4,True,2
0.99732564861680195,-0.072890218577455188,-0.0053447775261280433,0.07306950693422605,0.99288254307584911,0.09404840674685043,-0.0015484726223226764,-0.094187428518686833,0.99555327860520482,1.6916732437690127,5.1966967657833649,-1.4665360114062418,0.2005577897110359,0.1495417072018789,0.4385026737967914,True,5
0.68130438049602393,0.7297536367014742,0.057305940685946292,-0.7303488318810667,0.67242538119347495,0.12014445678752998,0.049141885259824998,-0.12370827154148603,0.9911010738897057,5.6900898965310951,3.2632171912439079,-1.3521932840304942,0.5713025635317589,0.4805333637236514,0.8323699421965318,True,5
-0.71926910842973535,-0.69274167786825613,-0.052544432654345871,0.6924579344652334,-0.72097567705968058,0.026383367572734427,-0.056160116228834767,-0.017408068032061234,0.9982700038128739,-23.150236410790221,16.9678079692459,-2.0824559468022898,0.4169866833531138,0.3740126654658585,0.8904109589041096,True,5
0.8575808028776325,0.51410156255008221,0.01596088717207703,-0.51270456004223997,0.85194729042529282,0.10639477641733838,0.04109988622428546,-0.099425337417410789,0.99419585677661382,21.171203775844141,-5.7069715984087175,-0.71561719092108245,0.2199789372305345,0.2195864076342177,0.7037037037037037,True,5
-0.57827631486215736,-0.80642061260962772,-0.12362159693094454,0.81265813987173685,-0.58274071820154361,-5.5228238994745049e-05,-0.071994800990436855,-0.10049403419239729,0.99232943003928142,-19.411403132387154,0.15647605612233928,-1.2115578349942475,0.2897260201934214,0.2660307386168886,0.7619047619047619,True,4
-0.10448129531205387,-0.99187707946369719,-0.072550107956373941,0.99188457142824782,-0.10924016373428515,0.065050623286077899,-0.072447607914382484,-0.06516475935559525,0.99524112568041057,-23.029010100946774,12.192040257580427,-1.8542371050894084,,0.1062474406095986,0.6,False,2
-0.36844752809173531,-0.92897921921624849,-0.035270799643053533,0.92754701668600736,-0.36989956758933118,0.053205655095247023,-0.062473601464766979,-0.013111832884698988,0.99796048466781784,-6.1442974178129326,-14.098001426830159,-0.39921622949435126,0.6746856047198306,0.6553270898000394,0.9351851851851852,True,5
0.86305132533191498,0.50341069570850205,0.041473862722302135,-0.50355190692286877,0.8510164105162179,0.14901860979903098,0.039722624248268022,-0.14949495134744561,0.98796425676461452,-22.775920030820274,13.988815133507011,-1.9496432441024845,0.2537483145469488,0.1947609831071902,0.7049180327868853,True,5
-0.59196706051088877,-0.80456842585866351,-0.04737770975266356,0.80311561818137056,-0.59379245093164512,0.049151083912183174,-0.067677936606034592,-0.0089539559916088432,0.99766704043425591,-13.51138618500139,-26.345913214450018,0.3687104409947829,,0.1711381333349519,0.7619047619047619,False,2
-0.42745628106545019,-0.88599484800495076,-0.1797060296327794,0.90328863654671032,-0.42666082290504093,-0.045057533039180156,-0.036752780347592856,-0.18158653999312777,0.98268792687711604,30.155205876711648,-0.73674938130421042,-0.81138094944925232,,0.2337269535483213,0.2,False,2
-0.3768318155903746,-0.92273537497965041,-0.080976604769680244,0.92421014915029687,-0.38039295356156161,0.0337164809595632,-0.061914319558942721,-0.062133957236560386,0.99614556586458669,12.761077177306625,2.4116201131062165,-1.2934791012192515,,0.1354967757360097,0.2307692307692308,False,1
0.83940567081267703,-0.5289532071462083,-0.12492647620604805,0.54276948585851759,0.80386748207185332,0.24330712379282957,-0.028273751579871526,-0.27203965872129604,0.96187058331898312,3.1901257905529881,-12.025098919121531,-0.50314424034605187,,0.08420649965208654,0.2592592592592592,False,4
-0.37107857932004124,0.90119880401253993,0.22392276261288607,-0.92639417308125227,-0.37588873145021612,-0.022394143204186256,0.06398846810888742,-0.21575072935013317,0.97434957727396954,-5.5566373836673773,-9.407263955893109,-0.70961891192267601,,0.571411768537005,0.1839080459770115,False,2
0.11992347473048709,0.98282658636518494,0.14025070888350108,-0.98987519824067693,0.10756832185306003,0.092607494522297606,0.075930574319882024,-0.1499365107886495,0.98577562894199133,-20.971465156970925,9.127756855118097,-1.7046642920971633,0.3108155094909943,0.2609532138615503,0.2340425531914894,True,5
-0.0048911590267981487,0.98791429855305268,0.15492390157043603,-0.99802931353325031,-0.014514677591098861,0.061047632736881199,0.062558499756030311,-0.15432000145430946,0.98603842281090559,-18.448100091068888,23.956289739494828,-2.3037896720902822,,0.4381906602131392,0.48,False,2
0.77620069783514134,-0.60286616269066184,-0.1845666994960812,0.6304858710966994,0.74229388761687132,0.22690824302803167,0.00020743113637142555,-0.2924930328901334,0.95626763130572168,-11.782030692723353,5.9152364517957992,-1.5516758496654914,,0.428922552312907,0.1868131868131868,False,2
0.31669041376314205,-0.92463223204504263,-0.21157130545972325,0.94715379755069318,0.29625786456486053,0.12300797319185561,-0.051057473653024793,-0.23934601134522906,0.96959095562886688,1.963110047156807,-3.074277496950137,-1.0939911239318745,0.4251125882346597,0.5302528279905377,0.586046511627907,True,5
0.633756207222547,-0.7689782303874898,-0.083818559979382118,0.77234865092219662,0.62306656467662425,0.12355410717873161,-0.042785876472912064,-0.14304033407467798,0.98879160170495495,6.3231768991287307,10.313656497622247,-1.5923214276807514,,0.4882968242934241,0.4871794871794872,False,5
-0.58080184445027938,0.8127349146237578,0.046164662185104892,-0.8123930372765944,-0.58230143444439897,0.030701668171350109,0.05183406667107688,-0.019672264625784742,0.99846193294327945,-8.6311342854018527,11.820750847473665,-1.7519426720670526,0.2758436118713149,0.2297650227634129,0.5968992248062015,True,5
0.57402600389789527,0.80156032572440017,0.16731763527377139,-0.81687104088492901,0.5464141583393165,0.18480603380276553,0.056708459797336713,-0.24276039996451132,0.96842735339130337,3.8312500272453573,-8.7259307901003833,-0.70259741303798806,0.5638785895250119,0.6644531344755331,0.810126582278481,True,5
0.76688854846285914,-0.64115924140554559,-0.028227316500044033,0.64049064603645034,0.76181993956258054,0.096964488472201849,-0.040665545322036319,-0.092440287997879095,0.99488748438128916,-8.4439420087428729,-16.135550170840624,-0.30368983563001195,,0.1007888295673276,0.7083333333333334,False,4
0.77685932780443545,0.61135673289604142,0.15077310750235595,-0.62760229470817064,0.73236989373858508,0.26410168197565492,0.051038656724849099,-0.29979540338038879,0.95263727180480984,12.514159200293632,-20.106423278416525,0.25583164641537637,,0.3043027377477896,0.2777777777777778,False,5
-0.86954587606482248,-0.48112614187942598,-0.11138942956528024,0.49245870192896546,-0.86168022258705812,-0.12244027481493178,-0.037072851429291384,-0.16132212992189335,0.98620523933122839,-24.115187705724587,9.4762885342094112,-1.7287693207429737,,0.1192614159625058,0.16,False,1
-0.31853526247501324,0.94390897780009531,0.087012230107914326,-0.94451294415594589,-0.3238188765431787,0.055105657751082386,0.080190927677887477,-0.064631082481201543,0.99468197847124329,11.201481592956625,6.6818009755796206,-1.4751001521910372,0.3276592762274708,0.2301070717428471,0.3809523809523809,True,5
0.72119735341011793,-0.69055902030819782,-0.054796139510224058,0.691742155532174,0.71369050705854653,0.11017554353946425,-0.03697523081663294,-0.11736311007082693,0.99240049007472764,-4.3627999380691609,-13.929924515140764,-0.40936372330646281,0.5608740369944027,0.6465882228112677,0.896551724137931,True,5
0.64050099539294691,-0.74566764632261906,-0.18367971071495567,0.76607748585169078,0.60366330878502339,0.22071677620396235,-0.053700657089058773,-0.28208220584503924,0.95788614593478716,-0.82629254874981672,11.512360196463524,-1.6822238878542464,,0.4344800886172256,0.4057971014492754,False,4
0.073056025249135348,-0.96452711444701034,-0.2536735356148147,0.99528809773924387,0.054249637028801964,0.080365287163299409,-0.063752801298405978,-0.25834941915701337,0.96394561980841997,6.0250532506828973,-12.711753511992486,-0.40468597145930191,,0.3481889972552142,0.2307692307692308,False,1
-0.99124607155991906,-0.13150036503743417,-0.01178471943019572,0.13168647899950259,-0.99115035418960873,-0.01672263850371955,-0.0094813957696354804,-0.018128137930688171,0.99979071497460159,-15.281625508861378,10.932334070519632,-1.767163099858581,,0.1186078947364418,0.5116279069767442,False,5
-0.68857785290971607,0.72470068642586605,0.025873839609167053,-0.72370928017569747,-0.68901812207194735,0.038715697643441231,0.045884837035957242,0.0079336341182907957,0.99891523122828496,4.2758456728258256,-4.6377895682969514,-0.98944663679316081,0.4585910808985046,0.3823542188469194,0.8194444444444444,True,5
0.99984945794219449,0.017163161029992168,0.0025470288885206926,-0.017198438837158873,0.96088421528255585,0.27641587964947273,0.0022967703988226312,-0.27641807235469584,0.96103474137070066,-0.86454599009583566,-13.636027875976527,-0.41521285291915383,,0.09820221819644644,0.391304347826087,False,5
-0.91946705057946121,-0.39131160099906653,-0.038151983202101704,0.39195135820143895,-0.91992326096318888,-0.010739028955143698,-0.030894590185877591,-0.024827904913615691,0.99921424100882728,-19.915979863966943,-7.9757717348056554,-0.79538290103751885,,0.9049049808651228,0.7857142857142857,False,1
0.61812784331316173,-0.77861040363965761,-0.10809166788013282,0.78468076885303306,0.6029743151669742,0.1438682252658014,-0.046840797529847669,-0.17374640886363127,0.98367582317232916,-4.6236758253288519,-11.964452739492835,-0.55836424285119191,,0.2364516113449719,0.1764705882352941,False,1
-0.28566229699555601,-0.94473110159706319,-0.16087323503436193,0.95545975814361861,-0.29374838091651895,0.028434825075254154,-0.07411951594121112,-0.14558514479204906,0.98656538707402341,10.093197696974253,-11.859579829249501,-0.38549838582747514,,0.339727595861504,0.6388888888888888,False,4
-0.85728343882746039,0.51361775899947359,0.035523276207609221,-0.51401982307977567,-0.85777434960042664,-0.0026051196902528995,0.029132919407425208,-0.020492994118066456,0.99936545377498265,2.4743383355698119,10.153281292530247,-1.6194640484173153,0.2066287854946106,0.09086791530345437,0.2758620689655172,True,5
0.0073703895981739537,0.99908912067191957,0.042031016073628191,-0.99826313597132843,0.004894444303551862,0.058709077455265428,0.058449882103046677,-0.042390722687516071,0.99738991267817134,-14.234392226885493,6.8138606943698203,-1.6055866774300831,,0.09178640395001043,0.2845528455284553,False,5
-0.2565626152211764,0.9662450917726163,0.023367650634968293,-0.96471506131165918,-0.25748658410163516,0.05500463149692033,0.059164811749139137,-0.0084309924088959189,0.99821262435299274,7.355838454116598,6.1933597950649784,-1.4718991677118567,,0.1021795641271858,0.2608695652173913,False,4
-0.84744663318140223,0.52986370632757018,0.03284290831087238,-0.53028739308969219,-0.84780201186840154,-0.0051989808644361396,0.025089532471610793,-0.021822039059197256,0.99944700408358578,5.9365568759352483,-21.323834714612957,0.2854566123884052,0.3094132420153177,0.291344837916602,0.6730769230769231,True,5
0.80769423307981936,-0.58865507287816388,-0.033395074852515506,0.58914405506064904,0.80354093344625754,0.085036760656855961,-0.0232230109222866,-0.088358210999996356,0.99581801465558084,-12.829473002857458,-2.945292251285148,-1.0764142903946325,0.6668001149706649,0.5853183294463518,0.9918166939443536,True,5
0.47876448222027918,0.86366269978712329,0.15770640938390479,-0.8766894115014775,0.46070681328089941,0.13843737919272181,0.04690678336380813,-0.20453843940192273,0.97773400292793611,1.1625332723513859,-22.118682255245311,0.28798118861021127,0.8533456206054897,0.3767036152709452,0.3,True,8
0.34829087495336042,0.93719752048068794,0.018822168553979474,-0.93543223989251656,0.34619878073550631,0.071504746604121316,0.060497859415796475,-0.042511314048151214,0.9972626520551181,-2.7352855439765018,-11.831289455399578,-0.55227611769692897,0.4460777545171765,0.4141280358294043,0.9584664536741214,True,5
-0.021698557822235939,-0.99569829450827885,-0.090078182162718776,0.99875192203081964,-0.025642613037619222,0.042860875356741344,-0.044986340462170059,-0.089035738385817798,0.99501199312466249,-9.2600469491807971,-13.132051990170529,-0.4741231961913781,0.2820217837997309,0.2048832365450541,0.5692307692307692,True,5
0.29798025263486289,-0.93373598730306118,-0.19835542607864465,0.95270753405243913,0.27792552143168131,0.12290548847243582,-0.05963324240206417,-0.22559811735053417,0.97239362700940768,11.861413024898628,-4.0740945463703913,-0.97960106215573672,,0.6734473298587635,0.3636363636363636,False,1
-0.9781533700685594,-0.20658959368836904,-0.023167313249327318,0.2067331631150687,-0.97838935964829754,-0.0039572964799856614,-0.021849116502876253,-0.0086602948371695323,0.99972376954905662,5.1296007309473435,9.7594522220647395,-1.5865235745295467,0.493832595270397,0.3140436712755472,0.6027397260273972,True,5
-0.64611463669018931,-0.75909332372536598,-0.079455661411142353,0.76222616176931446,-0.6471150616836614,-0.015917765438989831,-0.03933388576182395,-0.070847885061789836,0.9967113035443852,11.080791908084185,-20.962204466977354,0.30240265472511202,0.2622872467430566,0.3403600721852253,0.7391304347826086,True,6
-0.99236960504789717,-0.12236340613984224,-0.015157962097071383,0.12223781758097749,-0.99246043641020221,0.0089553399438444398,-0.016139483576617767,0.0070341309574213666,0.99984500702436552,0.031733409452489689,-17.363124050115129,-0.0866686969848139,0.1083403741317741,0.1117220837800225,0.375,True,5
0.73752177333867008,0.67250798678771229,0.061600661994172037,-0.67371425574873156,0.72640402141873128,0.135817153804763,0.046591152081855686,-0.14166935227293262,0.98881699984084626,-7.472897112069794,-17.281752112564341,-0.18973280973802209,0.4801193658258223,0.4423709782241011,0.64,True,5
-0.99749571631002687,-0.070275687945911491,-0.0079764419933967441,0.070180080339173917,-0.9974658072512137,0.011692719455712527,-0.0087779420556447219,0.011103650229170803,0.99989982332474425,-12.676246104235297,7.7141761276657315,-1.6361226884358466,0.3054327736986621,0.2092429412738361,0.7761557177615572,True,5
0.93425786876404604,0.35588399923510383,0.022556900072721875,-0.35549174454431881,0.92451498574567859,0.13746876260628799,0.028068740857027707,-0.136450064932545,0.99024922396667636,-14.49108272412623,-0.079675506698108245,-1.2251109164380123,0.3414897053848584,0.2806362760858007,0.8640776699029126,True,5
-0.18785914371366519,0.96652805659466545,0.17473539406344113,-0.98089816789107309,-0.19376057782550918,0.017193682230962258,0.050475007192698616,-0.16816763748136088,0.98446529616479284,11.716602667851525,-5.613828412851368,-0.87081940960450988,0.5567588109643418,0.5202041646171949,0.5226130653266332,True,5
0.93896390425193299,0.3356907160705318,0.07522319892174549,-0.34288661543006049,0.89553329838983542,0.28363511847784206,0.027848796578751483,-0.29211616630901366,0.95597729570844936,-22.540974762345478,-15.161670536295992,-0.45638893665029423,,0.1677896589205476,0.2608695652173913,False,1
0.84023921828042147,0.53529963421193594,0.086327039078567855,-0.54205527899667882,0.82540112684945621,0.15776265181429863,0.013195854475472158,-0.17935239448698298,0.98369639016133781,-9.9524268430031348,-14.800302709657007,-0.38305895682532903,,0.3552626061301042,0.5277777777777778,False,4
0.10889370019730721,0.9929635029379964,0.046536479136723881,-0.99194898384580954,0.10549943470943549,0.070050572611905407,0.064648089721238228,-0.053789879244085473,0.99645736154955578,-29.677886658080542,5.330829518635718,-1.4792185803260784,,0.2466262483841608,0.7906976744186046,False,1
0.96998445108479692,-0.23791884846897993,-0.050247250640404896,0.24297135145220269,0.94000021503727904,0.23950891027967885,-0.0097512577247887526,-0.24452856126240899,0.96959305675098628,-14.610111627119998,21.67549141353939,-2.140173405950315,,0.2192410277478993,0.25,False,1
-0.99603937908859386,-0.073674161830510884,-0.049776231108619506,0.080659755711187608,-0.98426564502381331,-0.15721050802814265,-0.037410681809057607,-0.16060279544399858,0.98630988182322965,-8.6489910659820115,-11.350655760792622,-0.59046071920910725,,0.5747942348397588,0.2469135802469136,False,3
0.99800349308276282,-0.059771094492073067,-0.0204069610139096,0.062914435862713433,0.96921204660568472,0.23805415870027549,0.0055499148353886163,-0.23886277436561582,0.97103747274123287,-9.2776069190454695,-26.664327966661475,0.46204535240703365,,0.5557074314017019,0.28,False,4
-0.9917577631773975,0.12620092511544975,0.022132909374242248,-0.1279755900609906,-0.98409069334814903,-0.12323861251287498,0.006227963222840526,-0.1250553228197902,0.99213022265654804,8.6598345868442301,-3.8980982052478566,-1.0313777846584868,,0.2817395615183196,0.125,False,2
0.98311109727473944,0.17864195241079495,0.039744474510511024,-0.18269929764724313,0.97066409782512209,0.15630795191718502,-0.010655376786460159,-0.16092936970050015,0.98690840553383541,-2.999188541644771,7.7253943766802244,-1.5842176500327814,0.5536064926350801,0.2201625664722008,0.3333333333333333,True,4
0.97871182266600831,-0.20461584552907566,-0.015985115958301106,0.20503704690630295,0.9713204938741079,0.12040061285600021,-0.0091092024744974659,-0.12111504422894534,0.99259667966989418,-2.6394641607847338,-14.536462586516095,-0.36185877013437928,0.4884736366407504,0.2156668987099472,0.3939393939393939,True,5
-0.97824265823643941,-0.2023175462410558,-0.04592289286950043,0.20656473008898782,-0.97042827301096479,-0.12489987679825908,-0.019295437019382886,-0.13166843746302659,0.99110600274959315,25.992406714600193,0.75944640338855396,-0.93633016180004602,,0.6743821845933832,0.1666666666666667,False,1
-0.79660347525447617,-0.60345273809162203,-0.035604720223814945,0.60282061465006598,-0.79739858502308203,0.027618891290269336,-0.045057849098780613,0.00053804545474034652,0.99898423448104556,-6.7567221095080612,2.4164667386282983,-1.3417275031735278,0.2186734437546383,0.2183662184581589,0.7649350649350649,True,4
0.18527779592072788,0.98257254001334082,0.014944629486496264,-0.98055007611926148,0.18385147119264061,0.068703600799461612,0.06475867942806833,-0.027383209308499853,0.99752517426213339,-2.2279741157915902,-5.8740953866649628,-0.94595139109038329,,0.08428943643179729,0.4045801526717557,False,5
0.99662321441894086,-0.081436007004972041,0.010504534465820902,0.077391822798314511,0.97437343259302966,0.21120350286117456,-0.027434909243730946,-0.20967734884808611,0.97738566345881406,-4.1812658960100153,-19.338736826984608,0.0037268359248988476,,0.4585728352202151,0.5,False,5
-0.31283832262488476,0.93123108953861888,0.18692469546308071,-0.94778433781302041,-0.31890213543019347,0.0025053970537629727,0.061943788175917586,-0.17638051449856793,0.98237105067873287,-13.490744777450136,-22.324749886224488,0.016277421384208533,,0.5140199995851036,0.6388888888888888,False,4
0.96662157225325318,0.25618779685622833,0.0032478911006098071,-0.2555473638731392,0.96314018279363434,0.084003173188486213,0.018392413439755319,-0.082029269350624712,0.99646019393534457,8.6000685371546481,-15.468609023892979,-0.13145764321086173,,0.09128661065024046,0.4,False,5
0.99951750701696307,-0.028304567193476519,-0.012790803046916255,0.03063985515885222,0.9660401321110389,0.25656902078530597,0.0050943539766670886,-0.25683713638583533,0.96644127236510557,-11.499741014243691,-24.552452160381797,0.21512443453113497,,0.3097813535608519,0.25,False,2
0.88257121904955926,0.46173572727726686,0.088702657576359076,-0.46994265855952438,0.86031005434797914,0.19753609304069858,0.014897683423329143,-0.2160248331639458,0.97627420865508274,7.1782020113112157,9.2142261440957842,-1.5584005741392477,0.7503039144060006,0.6657202967401539,0.2916666666666667,True,4
0.95629010538208392,0.29110707858001211,0.027674955265251624,-0.29138031135703329,0.94064198097444152,0.17404073598430095,0.024632265462219666,-0.17449737083718359,0.9843494903077411,-25.701423751848079,26.09023254600957,-2.4730282783032309,,0.3889479560010177,0.125,False,1
-0.94101230773792932,-0.33712628873448791,-0.029012103161335748,0.33727634535284906,-0.94140563995809134,-0.00029651394332592951,-0.027212194897856007,-0.01006411939534081,0.99957901636120516,-0.035263935346973682,-8.5140602973571493,-0.76993016047559037,,0.08501540791943521,0.4897959183673469,False,5
0.82723917954693349,-0.56071697166491097,-0.035662550517992213,0.56086760958819959,0.82037593748551618,0.11140397528625201,-0.033209401339617362,-0.11215970257491067,0.99313510499879731,-29.291992099544782,8.2275619288350494,-1.663849281194564,0.3604345756463877,0.362440434016259,0.8309859154929577,True,5
0.42642591919288975,-0.90297968237977311,-0.052807467746735531,0.90282349109717963,0.42132234704934601,0.08600711482156792,-0.055413710971192805,-0.084351485382025054,0.99489403835295287,-7.4390865134696096,-13.688886331890354,-0.4380656476368977,,0.08566212700476511,0.2352941176470588,False,4
0.37273647017901496,-0.91404805116702859,-0.15994900423649011,0.92617147419908585,0.35583009571384006,0.12486530088127216,-0.057218215442107798,-0.19468205654871196,0.97919608489800647,-0.39653093140883389,-21.618264172031424,0.23076589159763911,0.8887271147748125,0.629340834942252,0.5555555555555556,True,5
0.66723391668045784,0.74263366010381415,0.057394662748974708,-0.7423795160391371,0.65677673486672317,0.13235170835052693,0.060593354394295994,-0.13091817069688505,0.98953973037196885,7.415546859096124,-7.1731666662852192,-0.79174212021558033,0.2631975903207357,0.3284428585982653,0.3529411764705883,True,5
-0.86660608370571535,0.49589061633046255,0.05555530865395153,-0.49826999340960798,-0.86596140092213847,-0.042870336837442249,0.02684975515402388,-0.06483323799071386,0.99753483242431573,-24.713543948703695,-9.4901461457097298,-0.71587221554613478,,0.5368097984239981,0.1333333333333333,False,1
-0.71602807134705815,-0.69736721462542961,-0.031349146855724513,0.69630791016182025,-0.71668873459883364,0.038891540792316596,-0.049589265865611298,0.0060187760127723448,0.99875156022216915,-14.916796595002813,15.812097902848286,-1.9591547423768845,,0.1046692602851124,0.4444444444444444,False,2
-0.98626997147537554,0.16286999573925914,0.027293000088946747,-0.16276918208786109,-0.98664659090485229,0.0058905023793284217,0.027887931590748462,0.0013671663124340803,0.99961012106113811,-4.6255810772558288,-4.20584191216801,-1.0299629029404285,,0.1407171814927128,0.3269230769230769,False,4
0.70252086509049583,0.70158180506886625,0.11936249372735287,-0.70793796772326367,0.67180518853110038,0.21794866945807992,0.072720478328710855,-0.23761472904473588,0.96863355949122465,7.307017907285835,-8.720611717632746,-0.65301813749562088,,0.2471300438487401,0.2272727272727273,False,6
0.3498939176672835,0.93672943397546982,0.01059310641109518,-0.93433837596868607,0.34813872114873479,0.076231424157771038,0.067720348283501666,-0.036570457488525041,0.99703387909711561,-5.9918373489872083,-2.3883714006759975,-1.1173589610320582,0.5740030317183678,0.5107790926749156,0.995569875151027,True,5
0.10721952559914569,0.98843855624831112,0.10720631442245548,-0.99044444304537715,0.096780764828759122,0.09825115164562509,0.08673971737805794,-0.1167163402481102,0.98937026301999831,-17.194984887857704,2.3919146230804995,-1.3238977982612312,0.614453686919781,0.4070892215324655,0.6805555555555556,True,3
0.5157710510570449,0.85590364026251819,0.037539066009713955,-0.8547678264454901,0.51113651253855397,0.090063468862673413,0.057898063570072336,-0.078539315857061476,0.99522831053961747,6.2634156041822244,-4.5171801090945678,-0.98467870038295569,,0.0759510100093134,0.3170731707317073,False,5
0.46792273643843407,-0.88217895558529125,-0.052996255022514732,0.88206479680485939,0.46245714028576912,0.089972704951608043,-0.05486353034182568,-0.088846405223577313,0.99453321177187348,0.31465260999308864,-3.8751627471334711,-1.0579373106153334,0.6851079104589571,0.557935903530578,0.9977443609022556,True,5
-0.91839002826200522,-0.39545507171515032,-0.013230353119915007,0.39445618178358433,-0.91766992664460645,0.047814499733845141,-0.031049583598306424,0.038693565186569481,0.99876860752204455,-22.120428177059583,18.188305420359345,-2.1330622789984099,,0.07606732316475348,0.3076923076923077,False,1
0.18650004472559745,0.96880785830367311,0.16318415059802793,-0.9798664793450157,0.17137562459852676,0.10243084471714672,0.07127002156133791,-0.17900203625242511,0.98126390693030763,2.1107503600712154,7.5316541684811087,-1.5467410406157265,,0.2644228194389037,0.1693548387096774,False,2
0.18479196240349793,0.96872901461452077,0.16557785744187986,-0.98066644565611827,0.17072168241749383,0.095642195273507619,0.064383639189312947,-0.18005055789005386,0.98154803428473136,-26.361097272730166,-21.611069039088811,0.029323474350809356,,0.3317781801146085,0.4736842105263158,False,1
-0.97926081076273264,-0.20106880586239204,-0.024891761958260497,0.20167924036117169,-0.9791308636488284,-0.02506463360274247,-0.019332576436050852,-0.029564965066285427,0.99937588740622163,-15.175774460345558,-8.6131975770731515,-0.74672998048594352,0.3568798247815424,0.318364466168686,0.8461538461538461,True,4
0.93528429631472676,-0.35257615927883978,-0.030550564237803265,0.35106763066657903,0.91344781241649098,0.20582665689769372,-0.044663226095081464,-0.20323175416186495,0.97811147132372944,-32.829942467881501,11.811786823264741,-1.9122963200622503,,0.2637911393862667,0.2142857142857143,False,2
-0.9926064360575777,0.1213738924154137,-0.00091724424568707507,-0.12136622321921203,-0.99238467503195427,0.021045109247224809,0.0016440676929621858,0.021000833356198761,0.999778106401499,-12.877216314550765,15.814731645359133,-1.9419941546546873,0.4025946182231864,0.3442216008414009,0.8629032258064516,True,5
0.91616246223694819,0.38442015008405594,0.11343496373377913,-0.40038271504104145,0.89079541432694953,0.21488883477380061,-0.018439747403261889,-0.2422904827339066,0.97002850354629988,-11.621639770079122,-5.9046555033764117,-0.90528008174024444,,0.4986214471047958,0.2524752475247525,False,2
0.60876655109910105,-0.78689908395035546,-0.10096097236555625,0.79168991411139789,0.5943271041858742,0.14142974624993909,-0.051287095425597125,-0.16602748238808679,0.98478652962694446,-13.366443775305479,-20.743120303140987,-0.037424852876998482,0.2272171190485981,0.1603049818892324,0.2916666666666667,True,5
-0.14562628725662746,-0.95465334654792611,-0.25967281795500941,0.98868760465977124,-0.14995591243880541,-0.0031693401156834555,-0.035913853204213447,-0.2571968356132916,0.96569145325954686,-0.82127045561292622,6.5294162808184932,-1.5297888284386068,,0.3938071805921076,0.2363636363636364,False,5
-0.67383494076314188,-0.73683097093341177,-0.055014478822040566,0.7383215524750959,-0.67435415430649903,-0.011303084549455222,-0.028770779577532407,-0.048234788720320221,0.99842157799178655,0.65199015359345536,10.760762736785134,-1.6439371812813797,0.3561883501258199,0.3434051358053222,0.6404494382022472,True,5
0.8792063892435722,-0.46671013414413937,-0.095800708767947371,0.47516489913893667,0.8442347635056735,0.24796367216752724,-0.034848869989796083,-0.26353237898914872,0.9640208719134431,-24.516800049045528,-3.79653720855893,-1.0043659058007521,,0.3053947460124148,0.1666666666666667,False,3
0.95007389925043129,0.31198248471267098,-0.0051492907850755037,-0.30695695447183641,0.93747746217211703,0.16405314998713511,0.056009053415105751,-0.15428200527551664,0.9864380613012198,-8.1399436902032463,18.697879811862002,-1.9842533234927566,,0.1519304097695456,0.4,False,2
-0.90166862155304561,-0.43051317144366963,-0.040646108302561719,0.43079049955554061,-0.90244947631546502,0.0021185350198051761,-0.03759311638209932,-0.015599740749629599,0.99917135952209202,-17.190431645671975,-1.6025410762258361,-1.1225103029198966,0.2773434369919016,0.2651094886163691,0.8771929824561403,True,5
-0.99943568441957453,-0.031438660617171467,-0.011828919112709552,0.031832019404706154,-0.99889132570287709,-0.034682012285437186,-0.010725448680364118,-0.035038979068276514,0.99932839181945499,-25.367440163046901,13.425598667916766,-1.9323502054336732,0.3635411649224287,0.2862212204170055,0.3548387096774194,True,5
0.81439871865808056,0.57863266467227115,0.044033696441981129,-0.57904036026786365,0.80527184670084651,0.1274735819370903,0.038301282340679026,-0.12931160924401261,0.99086402673918106,0.99147712212791694,-15.599369623480744,-0.23000055559007371,0.6048228516626758,0.5890643015931671,0.8095238095238095,True,5
-0.049816643251586794,-0.99788516465618438,-0.041755241757710081,0.99667938941469125,-0.052365579040281961,0.062354156619546769,-0.064408825257903327,-0.038510314084367767,0.9971802539852167,-7.2343212623164685,-15.261293495177224,-0.32928329803605982,0.1439582026999758,0.09447623058432145,0.5483870967741935,True,5
-0.954288445845344,0.28849109384649063,0.078143783484886153,-0.29858513271464449,-0.93191632321142581,-0.20586132481326941,0.013434308610997026,-0.21978365567837777,0.97545613127848652,-25.570375524254096,-12.493984241916195,-0.51809915817471075,,0.3613220805279423,0.2380952380952381,False,1
0.4879230564444349,0.8691257935256661,0.080941003319090654,-0.87106096422132995,0.47881050887161053,0.10951389502668325,0.056425947929360093,-0.12393890278072332,0.99068423868444722,-1.4011942795724064,-16.13129813111296,-0.21340603106194933,0.2129217954829623,0.1742264658467885,0.3043478260869565,True,5
0.060602204645536902,0.99739391829212487,0.039150281556880821,-0.99628311240498035,0.058036148373435549,0.063653479234225277,0.061215461517053454,-0.042862305535973456,0.99720383575044236,24.862201412266895,-3.0226492641412488,-0.80949276717280783,0.7285677371531125,0.6488683287974326,1.0,True,5
-0.78538572124581119,0.61823714950435604,0.030856050232093524,-0.61805629767149872,-0.785966203608924,0.016233905666080239,0.034288216223604839,-0.0063208984570226369,0.99939199740187012,0.744912254232869,-10.459573746925923,-0.63651592532067236,,0.09820377219465477,0.5227272727272727,False,5
0.44264163725410444,-0.87935959153561016,-0.17548529779822133,0.89360423961149271,0.41634041822339302,0.16772632203066873,-0.074430127753290901,-0.23105705989624034,0.97008906351671331,11.835587533518739,19.059063903075408,-1.7428887267343536,,0.3496110703104217,0.125,False,5
0.50795582803483763,0.84853325936383239,0.14823017411726133,-0.8610537293004904,0.4954284489509081,0.11461730771491306,0.023819152444204652,-0.18585467366598146,0.98228849542960206,-31.956857253063067,16.608219293411086,-2.1875880166291028,,0.193348868569666,0.3125,False,2
-0.99805222338331856,-0.059169839632961317,-0.019765866472882129,0.061566899733675157,-0.98534457288748412,-0.15907730679881632,-0.010063610524943711,-0.15998438285967412,0.98706824535298032,-19.815696948263692,-6.0105460325543012,-0.90134951689977505,,0.2506748526718305,0.1875,False,1
-0.4466385135929386,-0.89185771495940624,-0.071441265686418343,0.89459910703013756,-0.44643736960077696,-0.019649751266106533,-0.014369268470284363,-0.072687628186137485,0.99725123857145603,-9.6491741019822612,21.027271663124342,-2.0564397477326928,,0.3779816373598122,0.575,False,2
-0.76783234951830204,0.62104209931358467,0.15729015834876686,-0.63887806967551641,-0.76052317732056818,-0.11592803304599857,0.04762662197647792,-0.18950252673356097,0.98072447570186938,-18.635138430202765,-10.144377695059459,-0.66503484381865008,0.8117855135074846,0.6472708125393841,0.3043478260869565,True,3
0.206762304720676,-0.96626963221420781,-0.15353288640292909,0.97760599701544104,0.19775109898305293,0.071979284870307331,-0.039190100102454072,-0.16497727331852477,0.98551846017329625,-19.048163364122946,-7.8603195062393745,-0.80073741239104179,,0.1759812070285038,0.40625,False,2
0.00099838267422071476,0.97195156294754237,0.23517900100958211,-0.9979252819820803,-0.014171285362531637,0.062803712089006189,0.064374954858398906,-0.23475377303677758,0.96992088916157282,-16.732250185889413,12.25127788109809,-1.8327520591396318,,0.4461556465286649,0.25,False,1
-0.62670973712227596,-0.77130534152924624,-0.11100889840270214,0.77794212991052103,-0.62753351197377005,-0.031744824147396461,-0.045176851444193644,-0.10625328925882646,0.99331228252512349,-18.63094615123946,-0.63512840657551906,-1.1773750514508639,0.2821640682381842,0.1744187801020901,0.1818181818181818,True,5
-0.97831857897822028,0.20524894061292406,0.027670027164918853,-0.20697419210828544,-0.97369216980883089,-0.095316537149082572,0.0073784705161375032,-0.098976920694888643,0.99506237359403749,-31.080225887892656,13.780302747083773,-2.0222967068748785,,0.7456770563717572,0.4444444444444444,False,1
-0.042294930628875536,-0.9843842775846503,-0.17087636725786651,0.99702334857338104,-0.052620002931756019,0.056352264293325044,-0.064463797922720806,-0.16798431276642678,0.98367966809412621,-17.280779992347924,-4.5217924362336612,-0.96579378880580202,,0.1495554044570089,0.3611111111111111,False,2
0.89847327238888219,0.41351442356354406,0.14748423748902956,-0.43730522956277762,0.87267085636248642,0.2172779617278473,-0.038857624732567299,-0.25971406962363691,0.96490345995838822,-7.0539840089747052,13.589977771980417,-1.7897909169310162,,0.4366392642627175,0.4,False,3
-0.85656071222024532,0.5133458476674535,0.052723685031772091,-0.51528561307274601,-0.85636769834132431,-0.033393145970791141,0.028008627974072827,-0.055771013261066482,0.9980506554473294,-17.536549748775585,-7.9419201263323256,-0.77321662184642703,,0.09188495826635687,0.2962962962962963,False,1
0.12873537776684876,-0.98212557360116015,-0.13731919090141467,0.98917947359528435,0.11734861107767977,0.088052668874349066,-0.070364561598741299,-0.14716881856131031,0.98660537567676243,-4.1553849376366028,-17.285375251058543,-0.13628410999268217,,0.2747890083287468,0.3529411764705883,False,3
0.66462345814286994,0.72711514437729186,0.17198612067083549,-0.74437983081822734,0.62445045624890261,0.2365592846657365,0.064609026902133798,-0.28524584923838509,0.95627426982797792,-5.967447830127778,-11.833791810883374,-0.54995969187252081,,0.4607678800494966,0.2380952380952381,False,5
-0.655148256097006,-0.75500127626929481,-0.027456062441449582,0.75449403859433239,-0.6557185072281797,0.027784618119785616,-0.038980870419564106,-0.0025123913278486554,0.99923679857736913,-11.194100474819789,9.7948409818538682,-1.6850354070912661,0.2487513576578367,0.2059221033955833,0.5523809523809524,True,4
0.67561477367573519,-0.69341623603421776,-0.2504368207656838,0.73597933693060724,0.61436935964207839,0.284402365574139,-0.0433485086510359,-0.37646276514035298,0.92541703748127024,-19.758361921229433,22.680945550679617,-2.2824547265129134,,0.483380158674351,0.1764705882352941,False,1
-0.88395841242453277,0.46703145512002237,0.022341553938221671,-0.46694206357011175,-0.88423811955873499,0.0093838791615273032,0.024137820381831723,-0.0021372523732688625,0.99970635577628864,2.1446185042334198,-21.259174052311423,0.22854761381895375,0.5078869655851151,0.4787579251298612,0.9814814814814815,True,5
0.65749124406832515,-0.7517386005880482,-0.050934667559620353,0.75197062531600189,0.65043710742204008,0.10710624608448602,-0.04738610171080794,-0.1087227928006473,0.99294204850549084,9.8288972119622873,4.5508843959840481,-1.3808849400458292,,0.4860920098477822,0.8157894736842105,False,2
0.2734942665747781,-0.9521410492164748,-0.13648556168208842,0.95955815501977826,0.26023550621367009,0.10735747966841638,-0.066701074097526958,-0.1603274889177331,0.98480762741338024,18.573191888676366,-3.7302091585986541,-0.92641208661645535,,0.1961422079536518,0.2857142857142857,False,6
0.42944914100585907,-0.86152768933033974,-0.27082000628915148,0.90136780192533894,0.39038593579725067,0.18744307611642558,-0.055763078659747327,-0.32460570181195381,0.94420422441840202,-16.963591234865607,13.34797298774301,-1.8802851466596697,,0.1067254273144909,1.0,False,2
-0.49035523093319339,0.84541262888120861,0.2117291534593656,-0.87070504060409126,-0.48573925077857522,-0.077007223815024034,0.037742280841031157,-0.22211453617724697,0.97428981984606844,-22.353358782332418,9.1905383724134246,-1.7065060309623961,,0.3056578389205351,0.28125,False,5
0.86833144330528667,-0.4868836385898852,-0.09457709575174103,0.49499106209814719,0.83862928000746262,0.2273428669589499,-0.031374400556950219,-0.24422377686793892,0.96921122249077007,-13.570095408547182,-9.6631127510093151,-0.68693611424100276,0.5160233012040086,0.2459173842915464,0.3478260869565217,True,4
-0.28451857109089906,0.95713062350940015,0.054315303965810698,-0.95690995646235188,-0.28697198498573906,0.044389357469588817,0.058073383986221694,-0.039345258594272792,0.9975366823824261,15.371024161555701,-8.1515267214684961,-0.62174006941928839,0.4190786353571557,0.2297036654646519,0.2307692307692308,True,5
0.99625572847387533,-0.085531755286356329,-0.012603266268083391,0.086428123608426263,0.98164631094614663,0.17000205779739447,-0.0021686245677676628,-0.17045480058788881,0.98536310973367991,5.6717091388391552,15.008091939638991,-1.7052251223720312,1.077235330370584,0.8667862211348117,0.8616352201257862,True,5
-0.85952244080675699,-0.51087448264843405,-0.015114123470751618,0.50660219660336614,-0.84767544727898547,-0.15748190523680861,0.067641615491045179,-0.14301607972205743,0.98740620455549855,4.088008304858425,-22.43266202237244,0.32910713741724318,,0.486604087780051,0.3478260869565217,False,2
0.97612491966672443,0.21713726776343195,0.0056167743289461097,-0.21646899729086672,0.97033606472540956,0.10765265767779458,0.017925245256828107,-0.10629829933464269,0.9941726998570446,-2.2623751707685411,-3.3158381218193016,-1.0816487308016443,,0.06923128481456285,0.1079136690647482,False,3
0.84677217513190384,0.52929477931489388,0.053140568423581405,-0.52997165292412418,0.83077415687363754,0.17013038343507922,0.045901312827141869,-0.17222466972211989,0.98398766893688794,7.643756067480127,2.950313674226539,-1.3325307966208835,,0.8347062052273058,0.6907216494845361,False,2
0.90633178043286211,-0.42055192164763028,-0.041216319290836689,0.42200986065047746,0.89581521537830766,0.1393656249240855,-0.021688275430825063,-0.14370518812903643,0.98938285694347627,-11.971630291965129,12.671887377644717,-1.8011754395393609,,0.08871795541294983,0.1666666666666667,False,1
-0.73071923092818047,-0.66678166971954955,-0.14646368313591665,0.67676246586717892,-0.73570211360035231,-0.027110234918743772,-0.089677033543177007,-0.11893109336915891,0.98884448963672356,28.013606305230244,-15.311945999951982,0.093081258713489518,,0.6299553977169863,0.90625,False,3
