axis_00,axis_01,axis_02,axis_10,axis_11,axis_12,axis_20,axis_21,axis_22,location_x,location_y,location_z,dbh,dbh_approximation,score,reconstructed,number_clusters
0.80562077204048577,-0.58511254318703798,-0.092835787614946014,0.59242348543114942,0.79483815509089517,0.13140289616789108,-0.0030960566046631666,-0.16085900353072455,0.98697254035591175,-18.330092861747357,-3.5635851055940866,-1.9468185968871183,0.4944212882163342,0.4827765993924674,0.9043927648578811,True,5
-0.29631335135523762,0.95477620952386288,0.024510967664952824,-0.95073038580538916,-0.29731289339483491,0.087845187275841188,0.091159921648515885,0.0027263800975689881,0.99583253388137505,-18.577087019931575,3.8979071497534274,-2.7114572834571913,,0.1110928333939682,0.2222222222222222,False,3
0.49148108086470271,-0.85870451789959912,-0.14516507186951055,0.86888008775576886,0.47217468997162199,0.14865549183171781,-0.059107869641788713,-0.19919240218697951,0.97817618385308758,-23.965496466757305,5.3453063264455123,-3.1843456815756022,,0.1537617568510352,0.4137931034482759,False,2
-0.73046232594335603,0.68270267119183636,0.018489270536018065,-0.68254671933326294,-0.73069388391562073,0.01471135397255216,0.023553477552639708,-0.0018737011066577713,0.9997208224996319,-15.75417316228077,2.9193878010267458,-2.4610726105428729,,0.3115765142368574,0.1792452830188679,False,2
-0.34232574822907796,-0.92620368925103358,-0.15798673399110677,0.93072239567408288,-0.35730561701955688,0.07802895768219377,-0.12872025594325764,-0.12033047022283491,0.98435342923456803,-9.6284472553638629,3.2303132640785739,-2.1326490453255231,,0.07322037704149956,0.1136363636363636,False,1
-0.30301961021153834,0.95266847323924297,0.024533567275433377,-0.95086295515358676,-0.30396164868642123,0.05888086823766623,0.063551210404178451,-0.0054860025376833044,0.9979635000501379,-15.517539254963557,4.3059320626674937,-2.6003655614782302,,0.1465626563352164,0.3,False,3
-0.41961492628055524,0.90681657652763237,-0.04008753144395022,-0.90517326980428525,-0.41474316303408781,0.09300247495792599,0.067710156360650933,0.075311388588881756,0.99485854747015745,-14.260374219841948,-15.139404271276529,-0.40680393946152715,,0.1763326890068932,0.627906976744186,False,1
0.50062792088139429,0.85249134349208255,0.15043335436344302,-0.85796340998546161,0.46550051314821372,0.21727415719516344,0.11519753452262499,-0.2378398232630827,0.96444893411216681,-0.15095811761242814,-11.574870314142036,0.13487419699793118,,0.2855471555261295,0.5555555555555556,False,4
0.80103527217455939,-0.5869450621693395,-0.11763497238177317,0.5985965429765232,0.78375875684091445,0.16554271295270112,-0.0049670382307504396,-0.20302143992745006,0.97916169423696287,-12.614247455553695,3.6417183862389071,-2.3651985665593034,,0.06567134032786513,0.2,False,2
0.57549204335801241,-0.80598745929165261,-0.13853924893764447,0.81614038842669001,0.55520748067015657,0.16018589134698841,-0.05218979220452262,-0.20525318236871395,0.97731640563185285,-2.8475504667161284,-9.6004293479989169,-0.30340279079055404,,0.1123571880506279,0.4130434782608696,False,5
-0.97133680830076041,-0.20194256537625191,-0.12539539516804796,0.21654224891802348,-0.96931566246773315,-0.11634689909174732,-0.098052329261560184,-0.14016542649312172,0.98526107907619331,-20.124372974627121,-0.20005746699303734,-2.3771436888238129,,0.1290477806128859,0.3333333333333333,False,1
-0.29270636095902719,-0.94702225445369903,-0.1321810721077587,0.94677192686047928,-0.30640368225326475,0.09868992861753928,-0.13396232590925827,-0.096258158465000604,0.98630039144568327,-11.312074102552289,2.7935806566687336,-2.2006506598356808,0.2364960822061299,0.1925188211195266,0.7495908346972177,True,5
0.35632578886487754,-0.87258980085564053,-0.33409425561140238,0.93147569379387507,0.3036585767083988,0.20036092598770228,-0.073382314361450429,-0.38259444354844435,0.92099757204067301,-26.856817087677236,10.832735174096062,-3.8756189435403701,,0.4850794069590354,0.4838709677419355,False,2
-0.69756538938734947,0.71646499850357359,-0.0089684696660511792,-0.71605204053566029,-0.69660126090896457,0.044901654142789835,0.025923016290426849,0.037743730861109367,0.9989511539645427,-15.704766594367586,11.997837796987382,-3.1913601863296965,,0.09255033038820773,0.4545454545454545,False,2
-0.84020479817417304,0.54119850788759594,-0.034059832432633337,-0.54113224072560562,-0.84085285463198245,-0.011932095563379361,-0.035096939644139756,0.0084054694983854913,0.9993485642708102,-9.4085236056722685,1.0839129761741189,-1.9010963090334949,,0.3042823447602628,0.2888418079096045,False,2
-0.16673375870562354,0.98017906645705488,0.10699930554574014,-0.98295295909602232,-0.17376405930694772,0.060079379969709988,0.077481184246681267,-0.095158023164351693,0.99244224855413332,-4.823774338156892,8.4087927362014323,-2.0253269164039502,0.4048854065160752,0.3519749431711643,0.2434782608695652,True,4
-0.80979275766161773,-0.56635301906106972,-0.15323167896752032,0.57324013903179816,-0.8193868843632649,-0.00093634196059898256,-0.12502572791868971,-0.088596791893804844,0.98818984806793497,-5.5920267656025144,-12.77694780591356,-0.10930032245123385,,0.1328724981294371,0.3076923076923077,False,1
0.91345402211673743,0.40575819992117396,-0.031016651583990841,-0.39121330768193324,0.89657933602018092,0.2075997160744007,0.11204417598123943,-0.17749866877906292,0.97772200814461818,-14.300699331845461,-14.290490277815271,-0.51104742349791821,,0.1422005157081206,0.631578947368421,False,2
0.99546077735912353,-0.030234672861911945,-0.090242480553799423,0.06578101662614852,0.90382734023222389,0.42281082874067238,0.068780074085450602,-0.42682783836773924,0.90171353422421419,-5.9624474610018456,-11.53416624043116,-0.30398634754026227,0.6731356586948302,0.4792879058533541,0.175,True,1
-0.50306016080758886,0.86310539717673662,-0.044492111352816104,-0.86197138067132062,-0.49733074578086767,0.09832328414279029,0.06273606229132267,0.087813453783771339,0.99415943581638122,-5.5639494692198985,-4.5754091358979769,-1.0810401148927147,,0.2347806127612453,0.4347826086956522,False,5
0.42840762925153913,-0.88298938156805773,-0.19182454284354336,0.90080950331353271,0.40072809807609761,0.16721013770803353,-0.070775291868716242,-0.24443146984455982,0.96708020071270484,3.264466528873367,-16.707237987679484,1.0024660021850262,0.346219837891323,0.2555434263432687,0.1764705882352941,True,5
0.85088190376494444,0.52519665149469619,0.0129793337311047,-0.5115005322602213,0.82254997053696166,0.24855331715178261,0.11986321930790586,-0.21812845579704385,0.96853125165311149,4.8380914428580919,-6.60946093772937,-0.049462602144152469,,0.1207426458246295,0.3076923076923077,False,5
0.60873686589025999,-0.78827919929333656,-0.089751501756577173,0.79232094531994801,0.59820602610276485,0.11990442002546592,-0.040828271006848806,-0.14410223556834756,0.9887201818466117,-15.57327227353079,-14.818129008875154,-0.51543007321108569,,0.1005432181337427,0.4347826086956522,False,1
-0.44320160712526907,-0.8563625051299939,-0.2649822545927546,0.88671329544141042,-0.46219757932921751,0.010626822179994,-0.13157456870160023,-0.23025346353462842,0.96419472898439706,-22.87154880280465,5.4794737387066927,-3.1239501014004016,,0.1412269337403522,0.2692307692307692,False,1
0.45921760995006861,0.88828388855522011,-0.0084214039781284472,-0.87900288963043083,0.45574846984439737,0.14016865646727961,0.12834760119728958,-0.056965476981296302,0.99009182791253958,0.61643568070907373,-8.447355322574424,-0.18022617106506128,0.1673826987898007,0.1604548939135456,0.3333333333333333,True,2
-0.36149261775379127,-0.92593268123408379,-0.10941552509663227,0.92341868979744091,-0.37177296510699476,0.095303650236131618,-0.12892249858845048,-0.066584774822880249,0.98941672571242556,-14.425993558393371,3.1538481912348204,-2.3841731798307677,0.1437838954177362,0.1406104263893536,0.7364620938628159,True,5
0.83915683006954356,0.53922028327846461,0.071114700651325094,-0.52614870071301378,0.77169314410082557,0.35729152814723997,0.13778011208314012,-0.33724053352003058,0.9312816240351155,-7.3381071566053286,-14.120348200141523,-0.10432824675790091,,0.6535707399986764,0.2380952380952381,False,4
-0.59028532414307722,-0.73514530899188801,-0.3333535822044279,0.79619027357173244,-0.5982276276019739,-0.0905800962876743,-0.13283178976085719,-0.31888098130954134,0.93844053375160219,-25.658193500085215,4.4858808965538683,-3.2208078705156589,,0.4462454817411707,0.1,False,1
-0.68576980720388669,0.72667896749643324,-0.040711788536761981,-0.7276780831019749,-0.68346527624398745,0.0579639848678936,0.014296114877114977,0.06937502696970832,0.99748820881871714,-3.7518546752145281,-8.8198634071675048,-0.44611136113539057,,0.07328571387576836,0.3714285714285714,False,5
0.89338453600539303,-0.42691810511913098,-0.14001786438850691,0.4489010151120979,0.86116632131947068,0.23849621727905362,0.018760316035604886,-0.27592299387071767,0.96099664515317818,-13.989475860895448,-9.2466971404368135,-1.0508922964170269,,0.1141852515900024,0.3809523809523809,False,1
-0.6483316104406498,0.76115565604022384,0.017555346234422328,-0.76076057361532712,-0.64856389843128637,0.024662102183118637,0.030157462358630642,0.0026338051539183255,0.99954169024333317,-12.63974610515945,7.9573354162486361,-2.6457063960907208,0.6558699649960282,0.3011628743095843,0.7611940298507462,True,5
0.44752816308183668,0.88847183835591381,0.10166777118172513,-0.88705745960044713,0.4266308774211291,0.17639489164394245,0.11334728323077581,-0.16912683666213382,0.97905490474480628,-7.9379627317791357,11.417129188078031,-2.5492389798986061,,0.2826782765539197,0.4186046511627907,False,3
-0.72848391637014853,0.68505874295688618,0.0023879464691365926,-0.68496722081021055,-0.72843599963468186,0.014173949758481838,0.011449454377599283,0.0086898293740845858,0.9998966930937927,-14.467408288666096,-5.4862665404252784,-1.5198183065346762,0.2693816030060693,0.1899343715402584,0.6422018348623854,True,5
0.71494496827186849,0.69777697370950065,-0.044283036295485842,-0.68692987824966012,0.7128119544218362,0.14151487554751341,0.13031129924393892,-0.070756007477331018,0.98894517173361207,-10.691492617884789,-26.293267770882203,1.0216841549617208,,0.84307437829435,0.5098039215686274,False,1
-0.51917081884645366,-0.78607944003795682,-0.33547097461317699,0.84430536981165105,-0.53265913208204174,-0.058503773526302233,-0.13270306464250839,-0.31361339728911114,0.94023217009165783,-20.987962422229366,6.7064280112651584,-3.1394584633670792,,0.4233464177194375,0.2307692307692308,False,1
-0.86896235880310335,0.49444427511656036,-0.020719019952827544,-0.49389643091874907,-0.86911394888963156,-0.026594348482192276,-0.031156612605799813,-0.012876437781081794,0.99943156986409132,-15.742773365199286,6.46214935618044,-2.78407062201978,0.5111467128600877,0.1849725946032548,0.3333333333333333,True,5
0.53566342289826285,0.82327058372014827,0.18785697578211952,-0.84041493188775218,0.4980833051301245,0.21357847131852115,0.082264449363147918,-0.27228398251042657,0.95869389965684049,-23.492101493277843,-1.742757203787044,-2.4477111828025104,0.8061556812481026,0.5309063194124028,0.6938775510204082,True,3
-0.17806999305987123,0.98295327551308442,-0.045759542499411776,-0.97948429077938237,-0.17259912357613189,0.10401954939895158,0.094348299868451335,0.063343513470987614,0.99352201667254614,-2.8245307079146511,-3.3420382394080952,-1.0093560778242567,0.2509807154904736,0.2132561924793662,0.7306666666666667,True,1
0.61164299823163881,0.79112556844597393,0.0036301054042465891,-0.77993792514094751,0.6022115830419289,0.17040552273024459,0.13262607451419769,-0.10705860171498749,0.9853673326012925,-19.108320397915964,4.8891885982957595,-2.8649243299299081,,0.07612068397814935,0.3333333333333333,False,2
0.23087529945144897,-0.88670261062913203,-0.40056844160103988,0.96889074854245605,0.17179670696884736,0.17814771641393284,-0.089147706039150842,-0.4292369645989752,0.8987815723132152,-18.246158445376231,12.739668000319105,-3.402819099640459,,0.5567922738633875,0.3809523809523809,False,1
-0.68764053829274197,-0.66156302398175626,-0.29914019354908317,0.70627978919611756,-0.70499686801392791,-0.064407107244784045,-0.16828353891440717,-0.25556561073561385,0.95203301893357495,-18.518667032305167,0.48854806344466567,-2.384796630546552,0.8441346585804991,0.4091381655079065,0.2416666666666667,True,3
0.4992039753298857,0.86639318532413678,-0.012579325845813824,-0.85542463901160037,0.4950923152417282,0.1520930187762044,0.13800028256026353,-0.065164774322339608,0.98828612972195773,0.57935042022805117,-14.523091416374186,0.53962388143177353,,0.1102929106269692,0.3888888888888889,False,3
0.96557170507328549,-0.232599049936562,-0.11648589756050984,0.25612349014167163,0.92839153673712937,0.26923950733969354,0.045519667831804833,-0.28980482481056219,0.95600267957626661,-22.294635757155476,3.4864201083336135,-2.8859487342780175,,0.1876764847185674,0.1818181818181818,False,1
0.075224186441267854,-0.99162818702619471,-0.10495170541439561,0.9917824608301844,0.063479864381368142,0.11107590741355884,-0.10348368066449776,-0.1124448554326245,0.98825466471090506,-15.434672930146418,-4.1901419994049629,-1.700194247060185,,0.07109096007514781,0.53125,False,3
-0.89990684471191229,0.43598665877161807,-0.0091271142104915742,-0.43558939724295626,-0.89968774219304992,-0.028702675085970492,-0.020725536185314905,-0.021854059593891299,0.99954632320323133,-16.818277181199502,10.176413728599599,-3.1820401729140269,,0.2027359943651493,0.2380952380952381,False,1
-0.99588459725385681,-0.046866408528975306,-0.077571958233103117,0.047626313965850341,-0.99883339223908763,-0.0079742564658282777,-0.077107737423356873,-0.011635905626625935,0.99695486484078044,-11.995176576676567,-25.818133325210866,0.91454404808228673,,0.2883212559629424,0.7,False,2
-0.99671020913347219,-0.023164075846504102,-0.077667139765066895,0.01959147449126613,-0.99872850050963113,0.046449503732981463,-0.078644345863940521,0.044775080792329072,0.99589671101157484,-15.088573890987121,6.9737314361546794,-2.7674496391383712,,0.1046129250053345,0.4444444444444444,False,4
-0.92885983039511077,-0.3459154234521723,-0.13252145221159908,0.35392341153689433,-0.93433861065167512,-0.041827974031551515,-0.10935096819165722,-0.08575476933327067,0.99029717019294006,-21.770280936648057,7.8373241788712456,-3.2396989197655039,0.4613204232824463,0.500710092439912,0.6132075471698113,True,5
-0.1652309888431267,-0.95953265405336885,-0.22802588916879829,0.96795920959323933,-0.20209880100286867,0.14903369819217038,-0.18908645876834915,-0.19609477412338513,0.9621814541301158,-26.588488309396407,4.7762728238998493,-3.2948252356768171,,0.3282327399357858,0.3181818181818182,False,3
-0.99572943622325283,0.012969653869863807,-0.091403927251621511,-0.0071807745994755491,-0.99796366477458509,-0.063379494048406385,-0.092039808315072649,-0.062452476877833944,0.99379492945836112,-4.1051580341972489,-5.8976578132526987,-0.81851690315692138,,0.597637338713018,0.1617647058823529,False,3
-0.37441709537893908,0.9272443100586536,-0.0054615155268051968,-0.92436050618708188,-0.37277422600415006,0.08122210923491574,0.073276826415723612,0.035459355477194317,0.99668106273751456,-24.53820235747709,2.0156675211725865,-2.8641406790014603,,0.135067578757775,0.25,False,1
0.99279252778827976,0.046758942125616307,-0.11034762389399666,-0.0033592782772369602,0.93124287926437288,0.36438360976978212,0.11979863111577592,-0.36138663665206827,0.92468804838826169,-10.912350830817539,15.619751274502635,-3.0620890571830737,,0.4609688720119736,0.35,False,2
-0.1141166881571357,0.99248470680437373,0.044175652156863809,-0.98980125698068444,-0.11739964529824928,0.08068949723045199,0.085269297894992102,-0.034517097839801683,0.99575986904133351,-19.689182549486809,5.9876117628366012,-2.9946127880053872,,0.5439671626766929,0.2352941176470588,False,2
0.96458320534364328,-0.23686316755653308,-0.11608221148854166,0.2602441585129141,0.92635334021017102,0.27229114389081044,0.043037401511824905,-0.29285718180803855,0.95518712990416976,7.5710437932669183,-17.219517175414143,1.4578216532138009,0.3987543787566449,0.2942820487831722,0.1,True,5
-0.10948501675252485,0.99398844613589199,7.4196960090505693e-06,-0.98878922267516645,-0.10891309946568599,0.10214602237099266,0.10153277415759462,0.011176122455042618,0.99476941552237641,0.53580886523459936,-6.9169857921746525,-0.34628860264390482,,0.1121339915477956,0.2702702702702703,False,5
0.99813142478888639,-0.0068511029662517596,-0.060718376436248944,0.018369681420348904,0.98137107622052189,0.19124164181027711,0.058277042250127128,-0.1919996696505524,0.97966316313346002,-24.399752505732927,6.5811414153639314,-3.3271199323019371,0.1407187482316441,0.2337331561737222,0.7246376811594203,True,3
0.060964869099388246,0.99791610763905947,-0.021135913753705118,-0.99156344076234948,0.062976379780444694,0.11329571277537492,0.11439068003655506,0.01405054106640749,0.99333647603242459,-16.870092278742082,4.3984461229461962,-2.6785493777204898,,0.06784440991523644,0.2978723404255319,False,2
-0.80177420358397267,-0.58024909502142674,-0.14307031206404139,0.58352010697043066,-0.81179245757944929,0.022300012967162303,-0.1290829625802889,-0.065604828663243478,0.9894612651476371,-13.537807470641223,6.1766275550977552,-2.6188467297647713,,0.1019707816107018,0.2765957446808511,False,3
0.53590871700552867,0.84363093252204502,0.032995404672042164,-0.82770004971574829,0.51727954994310033,0.21756492114127779,0.16647664922755703,-0.14390523584167175,0.97548798473344434,-10.340151393179559,-13.263131970266127,-0.37583710588290931,,0.2220157464045428,0.3333333333333333,False,2
0.51496161529658679,0.85554772725047779,-0.053409935102682236,-0.84674504915901927,0.51739219316634599,0.12380686642997149,0.13355656665181456,-0.018531185797486173,0.99086792190337791,-3.304657648154687,-6.9256175711146097,-0.64098491905385258,0.1179036113409644,0.07985409403612606,0.3596491228070176,True,5
-0.41486397663236496,-0.89353798106639881,-0.17169087711513739,0.90087566059075486,-0.42986378870513903,0.060333799111567825,-0.12771423197103737,-0.12964181251374218,0.98330161974858976,-26.034681425317302,-2.2214192323966699,-2.5506078528141081,0.329987124474909,0.257915459897063,0.3478260869565217,True,5
-0.82071015993717455,0.57122012867485927,-0.011933062162512817,-0.57132398452266675,-0.82032319399356557,0.025666361357593814,0.00487217457002391,0.027882288157039629,0.99959933969670423,-13.433803751453835,4.6630687953112284,-2.5099631652689496,0.6575840941072092,0.218241454706863,0.3013698630136986,True,5
0.14324996608575741,-0.97676982150053748,-0.15937428595052214,0.98464558828618109,0.12442760093810989,0.12243707605683878,-0.099762280873038317,-0.17446629454022322,0.9795963451261005,-16.8341970494055,-5.6391415295259923,-1.6214836944631412,0.2988592041982827,0.2235096398138512,0.3714285714285714,True,4
-0.64682896720755811,-0.74953179258245717,-0.14076355739086727,0.75120565293367969,-0.65802340011105909,0.051916008193667748,-0.13153841333119198,-0.072161602077624704,0.98868111593369812,-21.30915401018402,5.6440759678929604,-3.062159935365337,,0.1293208186146593,0.3181818181818182,False,2
0.32130789072006599,0.94557936257607367,-0.051389769713910544,-0.93821641767155017,0.32523067831284252,0.11821573286044385,0.12849588698703773,0.010231077870635069,0.99165726542642751,-5.9167684409279611,-7.7166478315432663,-0.73027266474699826,0.4722447955604421,0.4055744467458277,0.9271623672230652,True,5
0.99529088473827065,-0.054903468008403636,-0.079885317534335809,0.069777180177171938,0.97785825996566567,0.19729259627123372,0.067284469853257686,-0.20193769489021049,0.97708442188942657,-1.577010539442194,-10.460861445537173,-0.13020454997742997,,0.08283556856451271,0.2962962962962963,False,5
0.9420787359374232,-0.30662437595612735,-0.13590124121604985,0.3322202722808712,0.90872214087082759,0.25269301806097549,0.046014627893434509,-0.28320586639520046,0.95795463945803483,-17.286424196680112,3.2536499422697207,-2.5543772189423626,,0.5944957840220175,0.2340425531914894,False,2
-0.14174249628297628,-0.98506122646179906,-0.097792867168556896,0.98206132868693574,-0.15234225509857405,0.11111878333176507,-0.12435679090874466,-0.080288339334286418,0.98898390842410655,-11.118898027666928,7.6097047292965518,-2.4880648206141212,,0.08830161800780625,0.2142857142857143,False,2
-0.12677471083584546,-0.96038138552462227,-0.24818494521283005,0.96166950361507975,-0.180328622430937,0.20657529801234153,-0.24314592019858142,-0.21248336939621471,0.94643059926273398,-12.531400951235858,-12.193555233293125,-0.64670720358327627,0.5241300750633305,0.3890106851994855,0.417910447761194,True,2
-0.97592447179520003,-0.19041264484324977,-0.10636940366034739,0.19578876165361855,-0.97972366326916338,-0.042524163020492181,-0.096115483463394463,-0.062326305154800081,0.99341695451826695,-16.428645636653368,11.165043643368573,-3.1978895301213588,,0.5940351287222785,0.6136363636363636,False,1
-0.28812380925509529,0.95034596883140154,0.1175891579450985,-0.95105982404223799,-0.29831213329276324,0.080592072954274729,0.11166862421056331,-0.088613828809190137,0.98978669808736808,-23.003270985370026,3.7107608938495762,-2.9556050265472518,,0.253325006959598,0.12,False,2
-0.99309702108923481,0.11212217282382689,-0.034451778835796656,-0.1116239615606224,-0.99362064864201605,-0.016065422426161102,-0.036033288903449395,-0.012108879117498774,0.99927722736852009,-26.70967161592236,-0.58977171116101912,-2.7851023184904204,,0.2837087008327076,0.375,False,2
-0.98937255015225178,-0.14540222290775939,0.00038804473110659599,0.14503225769777944,-0.98703852665113656,-0.068706558154515637,0.010373101383674033,-0.067920103650076918,0.99763683687394389,-8.246619819031622,14.014458855873754,-2.7245033589717376,,0.1981420155528052,0.3636363636363636,False,2
0.66992503054810126,0.74130336954559517,-0.040862791699447232,-0.73067560279528654,0.66807492285453296,0.14067359714123601,0.13158121797912692,-0.064383318905261999,0.98921239949864814,-22.142436512389974,1.1526414197231039,-2.6324721141359011,,0.07546493679938193,0.2173913043478261,False,2
-0.19676233522795686,-0.92134804709229357,-0.33526461124738294,0.97288286799881263,-0.22587961415197846,0.049772734151934679,-0.12158745243670076,-0.31637979712644559,0.94080833084118842,-18.635953274775591,3.0458159248711683,-2.6233120647480423,,0.185909695693607,0.2285714285714286,False,2
0.2304049546160912,0.97068652165568758,0.068419540807725859,-0.96633737854664403,0.21996691014403405,0.1334414825505445,0.11447981355661706,-0.09686193843646497,0.98869213467609485,-5.7469170009336183,-15.298111206732649,0.1291799738475353,,0.4490177945028065,0.5789473684210527,False,4
-0.97263234485659922,-0.21433063845631456,-0.089714542620819335,0.20995231926743349,-0.97611829209024725,0.055795192275363351,-0.09953062530186331,0.035432432399253422,0.99440343792712882,-10.953210225207625,1.7567973011532863,-2.0746042555126527,,0.07783221806220708,0.221830985915493,False,5
0.048919141360839122,-0.9617426646251297,-0.26955141373822178,0.99319159850766758,0.018273234228981271,0.11505015238841355,-0.1057230640035685,-0.27334435415894098,0.95608864536042304,-16.751439678826582,13.825972924675355,-3.3338734933143375,,0.428589292749375,0.5,False,1
0.90618362232924798,-0.40894430045841146,-0.10768380446856081,0.42286835491057101,0.8784988980384012,0.22231068476468291,0.0036874160966896413,-0.24699037484868783,0.96901091722159371,-7.6852011978082961,-12.239577568612441,-0.34186434041023234,,0.1120993929671404,0.6363636363636364,False,4
-0.55060253256589087,-0.80653029118245845,-0.2152806088275612,0.82391679624772851,-0.56650893399522018,0.015124171530296576,-0.13415649068496727,-0.16904590237192238,0.97643510736677031,-20.400153369956715,4.6886959002112469,-2.9206415374839354,,0.08494129542485254,0.3333333333333333,False,2
-0.22209464857335387,0.97471745479885041,0.024491843244835956,-0.97085921456136848,-0.22339549043687659,0.086757364838670997,0.0900352851739879,-0.0045097852408466921,0.99592836552671804,1.7436757141348034,-28.870886085033145,2.3129292903502221,,0.1379196871426441,0.3076923076923077,False,1
-0.62214018571694152,0.7821516130788756,-0.034357582484860795,-0.78168232718055797,-0.61811695028028413,0.083091366277066994,0.043753042061990162,0.078551193080152765,0.99594948736168754,-29.349432553671157,-5.2720406861012012,-2.462926800382518,0.3419669064637789,0.2918951698814642,0.8333333333333334,True,3
0.45310830501816685,-0.8788355290768054,-0.14946898258787922,0.88913832680024141,0.43345153472809583,0.14680872881653165,-0.064233166965606575,-0.19941885536265166,0.97780684206412594,-18.80989514044866,8.721519307016564,-3.1666913637424448,,0.1797650594549405,0.7464788732394366,False,6
0.87056252531372424,-0.47344550282912368,-0.13405314382836922,0.48983381512846436,0.85971998882549716,0.14472171354216537,0.046730322875885438,-0.19165306328041176,0.98034962144081517,-14.929379201586244,-19.665010247601209,0.0087493447546881948,,0.2120237064371442,0.7631578947368421,False,2
0.98365721942941309,0.16451663762976601,-0.073162494540518763,-0.15269022486620712,0.97754156415720195,0.14525214482202273,0.095415773825412484,-0.13170712314862487,0.98668589926947392,-0.57367191620533287,-9.7298430663859534,-0.085187051814850007,0.3247880932216936,0.2382273468870749,0.6728971962616822,True,5
-0.50591099263099615,-0.79443041249303714,-0.33605711901589591,0.85233668024639886,-0.52028003947227774,-0.05320586465113003,-0.13257545414468427,-0.31335124099462103,0.94033757168660592,1.5596902089215989,-18.633618953545067,1.0995695508479151,,0.3428374373446006,0.3333333333333333,False,1
0.7294566512347922,0.68121920168499861,0.061914402403457747,-0.671958959583423,0.69671811022573149,0.25110760944075439,0.12792243980196644,-0.2247760533044835,0.96597700555239596,-3.0231842770581467,-12.74719104175748,0.036083758651970825,,0.1607476671410056,0.3076923076923077,False,5
-0.20767230275637039,-0.93273587603938468,-0.29474734980472372,0.97124577828943626,-0.23247451316749221,0.051354054197156065,-0.11642101538302009,-0.2756073044688388,0.95419429934401057,-27.441360314910369,6.3510422145114243,-3.5245014538189983,,0.5535398646985692,0.1875,False,2
0.94503575563000131,-0.30698197879498784,-0.11255880807803659,0.3244676698283942,0.92297393446799414,0.20697789140100131,0.04035036328171978,-0.23212320217459143,0.97184909692567456,-12.293259482750043,-6.8374382435339465,-1.2069789789178575,0.4531426431973155,0.3891585287974496,0.9128440366972477,True,5
-0.53296241873074712,0.84594517107905065,-0.018106014158477096,-0.844952706225921,-0.53096072368798386,0.064308896291450285,0.044788217894485997,0.049572950575566183,0.99776577316976955,-4.8110193521833517,-16.504260911972839,0.33314068925643903,0.2773789308942074,0.2190835216896675,0.7446808510638298,True,5
-0.75333191184201687,0.65691665597821525,-0.030847004698208343,-0.65747116958792684,-0.75124462317971819,0.057992907361564691,0.014922860353684973,0.063968924033179803,0.9978403103687995,-16.321691062564629,-13.411555189349645,-0.74164822685518184,0.403887068699262,0.3465272279208245,0.8888888888888888,True,1
-0.5272592586591609,0.84873618571050402,0.040553190056733079,-0.84792717208275958,-0.52864208235874888,0.039459594563813857,0.0549289086176558,-0.013580715187032806,0.99839790623432412,-24.540425163647804,-2.8141391312916428,-2.3906706047311013,0.2630609515260929,0.397524099748405,0.55,True,5
0.80122852319987858,0.59835212920631842,0.0027537402214169726,-0.58488341904869989,0.78220535897442778,0.21463029262802111,0.12627050222773584,-0.17357852939218149,0.97669148373537218,-11.747507666917942,13.284157458643541,-2.9443422762358797,0.8796639286343435,0.3488202308965594,0.7441860465116279,True,4
-0.9391524729907671,-0.32732778128387596,-0.10415928223207813,0.33167124895303884,-0.94300716929515815,-0.027049237990452515,-0.089368982836653121,-0.059949997979214686,0.99419272912702095,-9.7681925290199274,6.4591645335741328,-2.3669088642683582,0.2947817152420055,0.3282306055127302,0.5625,True,5
0.28979292933898898,0.94698184040137501,0.1387279786313943,-0.94886640458077087,0.26530939231518486,0.17106569675802408,0.12519027263764795,-0.18120794767165205,0.97544404008509866,-8.9945271811117067,8.9465625604748631,-2.4169603878030856,,0.2277485315404115,0.2647058823529412,False,4
-0.027561950823352381,0.99001883041767169,0.1382137991853144,-0.98956503116063854,-0.046584562531910637,0.13634855201928878,0.14142626337020042,-0.13301351041205484,0.98097197619351317,7.4229125450389004,4.2024660719176543,-1.0444362593056891,,0.2274572772712086,0.2222222222222222,False,4
-0.1685149888261345,0.96460940128158046,0.20280878062874613,-0.98108575800842013,-0.18402076817751725,0.060059073522659531,0.095254574556666444,-0.18885195217033784,0.97737480333159865,-8.1706007402687462,-9.7265340927172836,-0.64562280528942539,,0.259386781400798,0.2727272727272727,False,1
0.99114187425385269,-0.10284758440494034,-0.084024755177447299,0.11454985353722782,0.98217847017322624,0.14900934126014256,0.06720205469448795,-0.15731442117698755,0.98525938550951619,-23.39270313833541,2.8372252079620619,-2.8824560145877558,,0.07215141806839065,0.2,False,2
-0.10760559670028098,0.96179124000318783,0.25175115930598446,-0.98907181969873048,-0.12923268223664594,0.070963718333837938,0.10078676022483643,-0.2413638839906517,0.9651867718055035,-18.425210834975864,7.0579620320993453,-2.9865865722240166,,0.1004180943815096,0.3333333333333333,False,1
-0.055381981607293462,-0.98579934765503119,-0.15853227518762311,0.99491202326522077,-0.067867975762525054,0.074458067583052345,-0.084159979061038823,-0.1536020313303576,0.984542286494406,-16.624831520321003,8.2136960351030837,-2.9743927151637135,,0.1365190009777948,0.3684210526315789,False,2
-0.53151531735797053,-0.83247641028596264,-0.15644326042132534,0.83657471120874505,-0.54486674288063219,0.057122544311831863,-0.1327939003865086,-0.10051496813932662,0.98603373228307423,28.929602741419806,2.8540910038035738,1.0863768539388152,,0.3431591140907574,0.1428571428571428,False,1
0.32320544950903585,0.9344709365334174,0.14933956669958312,-0.93743315021601292,0.29456839013129449,0.18560321228776902,0.12945009186456097,-0.19998383012087403,0.97121014276336781,-10.53536080393094,14.467378345107763,-2.9501970952599659,,0.3127561096131548,0.1428571428571428,False,3
0.70575579394285459,0.70549289274123539,0.064718912287626607,-0.69702451121675213,0.67512140278077104,0.24159454106078324,0.12675010879339516,-0.21561741534237555,0.96821668035720942,-15.012397750751763,-2.6888726722505383,-1.8495016274106633,0.8063227019076847,0.5815716374292502,0.5694444444444444,True,4
-0.67389146044885062,0.73635781711444126,0.060394244001980124,-0.73881800236725892,-0.67115224455120814,-0.060849190725339494,-0.0042730448357889694,-0.085626104713053416,0.99631817773214448,5.0837187771060206,-17.023072079527211,1.2051518528751515,,0.4044168238473038,0.2666666666666667,False,4
-0.65668843017744427,-0.74870676597872909,-0.090545481658432764,0.74260385693593456,-0.66288592081072473,0.095507945506080688,-0.13152876998953111,-0.0045204611038130935,0.99130204685375833,3.7432306446965686,-14.191133912654836,0.72759396829525058,,0.08211749462255546,0.3846153846153846,False,4
0.19083893544136876,0.98143196016931733,0.019282330715374302,-0.97402028134483321,0.18688485912806546,0.12790051195212321,0.12192207449242792,-0.04318977873172225,0.99159954153103935,-25.627384611946308,2.721934333705029,-3.0159302685136753,,0.1102956171426294,0.1111111111111111,False,1
0.97963588038083882,0.20011963966514207,0.016299438356987772,-0.19038192434254772,0.90003701617500087,0.39203072889561863,0.063782950340102548,-0.38715048667810725,0.91980771681412699,-5.1599376285291632,12.642756110780422,-2.4178962068374426,,0.5079310804217605,0.1875,False,2
0.90479854330600284,0.42443494351580341,0.034562620763943647,-0.4102094822290831,0.84692463539344109,0.33829993002221354,0.11431437670163369,-0.320271198652679,0.94040341481350087,-2.331883632005896,-7.0753792694324495,-0.56691030088985406,,0.162287698545426,0.4038461538461539,False,1
0.97437366375700107,-0.19546342382066287,-0.11131043673018302,0.21915623020258679,0.93640552524135789,0.27407159477196602,0.050660735685054192,-0.29144251962567497,0.95524590949874688,-11.704000896159117,9.7674513038544024,-2.7203905033891509,,0.08947724158797142,0.5333333333333333,False,2
-0.34208634523983167,-0.93170712676507517,-0.122060486381229,0.93168002358748647,-0.35320633135883484,0.084956583829936011,-0.12226719121855489,-0.08465882956431936,0.98887998085122752,-16.42704900240642,-7.5271546652413228,-1.408255936329736,,0.1461584782084263,0.4814814814814815,True,4
0.99673234355308271,0.074824692287551689,-0.030428617110420518,-0.067282300683748783,0.97752016168360334,0.19981848141942193,0.044695943103160843,-0.19711823590458458,0.97936033907034625,34.991846935710015,-4.2271498455876282,2.2420608272772973,,0.3369803305865311,0.2352941176470588,False,3
-0.045401490323062697,-0.93430008201083525,-0.35358458879169569,0.9953722019248491,-0.072317476979737352,0.063280029697872803,-0.084692882296703992,-0.34907526305631104,0.93325965112097531,30.398394770497859,6.1309848833026086,0.88367988932441444,,0.4102491915571484,0.3888888888888889,False,3
-0.89176199990672711,-0.40441537498705699,-0.20299935959611481,0.43730283099436262,-0.88552049363769436,-0.15690662622072604,-0.1163046410366784,-0.22869556143863567,0.96652551474422899,5.7160208934158829,6.4452314072528054,-1.2703283150738407,,0.1946741110662917,0.3428571428571429,False,1
0.98370879469011085,0.17530827766154428,-0.039799686338864687,-0.15119415390319818,0.92657873566044713,0.34437214528382365,0.097248830711865852,-0.33274442806038068,0.93798923795528943,15.056192785002148,-6.4562994593604657,0.78073921801171009,,0.2686105231800234,0.1666666666666667,False,3
0.11871783221047839,-0.97497128688053403,-0.18798155780225057,0.98555967791218657,0.092684416112487317,0.14170998653417158,-0.12074020701022702,-0.20209054596493004,0.97189568043217722,8.7661597775617359,-8.5765701038326601,0.49236723434890645,,0.538401299274981,0.7777777777777778,False,3
0.96202588227146402,0.26242202429114608,-0.075105812070364139,-0.2534227102808837,0.96091926298650066,0.11140511628902952,0.10140577771361454,-0.088141086834790258,0.99093290239949117,-10.726200254937021,10.277586256510274,-2.6974741037837995,,0.07987888973344665,0.1538461538461539,False,1
0.15039102615587438,-0.96538258430128221,-0.21311735072386712,0.98320878428738934,0.12351306135126164,0.13433171693889823,-0.10335872363712663,-0.229741136071484,0.96774789312335197,35.734259591334265,-5.6636310795129789,2.4782146431776249,,0.17169226950605,0.3333333333333333,False,3
-0.93676475494694444,-0.31980403844370259,-0.14211675089267223,0.33280492662999273,-0.93966684679359624,-0.07916500393345971,-0.10822511122653634,-0.12145614036383005,0.98667914301860327,-11.800998071564722,-2.379613036652803,-1.7323424661305602,0.6936196517002057,0.512963961422994,0.1931818181818182,True,1
0.80111363003596625,-0.58010864592812939,-0.14727834426700204,0.59793929037858107,0.76497182911964856,0.2393464135409144,-0.026183139463332131,-0.27980718284699502,0.95969911099003968,7.937280672568674,-7.1877543496171663,0.25415452730223048,,0.1227619188748633,0.125,False,2
0.66427922225420843,0.73421606906190617,0.14021368981888838,-0.73580089653901248,0.60925297299451264,0.29564819558004063,0.13164404860733478,-0.29956231209655043,0.94495093292595855,27.876471454171483,6.2418059015272123,0.65339950912271794,,0.3159605653955629,0.3684210526315789,False,2
-0.014922527068801306,-0.96940197851356391,-0.24502473801612201,0.9916994328582196,-0.045647846900277324,0.12020195065827813,-0.12770886051706504,-0.24119717686440112,0.96203657353453909,23.509086675258519,19.795141116079762,-0.87304688441903455,,0.2614336961357724,0.3333333333333333,False,2
-0.98612891396236724,-0.14014935473274925,-0.088926505696542868,0.13904645890543407,-0.99011287073486787,0.018509064563602989,-0.090641311294920313,0.0058874080166269691,0.99586620141140647,-8.1500626218933405,5.1593371982103005,-2.1807071161734295,0.4877554660535505,0.5149944607781232,0.8366013071895425,True,1
-0.9691794807478169,0.24487913593623784,-0.026932190414357425,-0.24196991675514007,-0.96675642247781957,-0.082659415576204529,-0.046278434317770921,-0.073595029594468175,0.99621387168423148,32.285100470284668,-1.6900570381715807,1.7517649383098735,,0.4475760922837186,0.5416666666666666,False,2
0.89553590898631275,-0.43539064241323827,-0.091926188950960858,0.44456606168785734,0.88439282750592163,0.14216308751370965,0.019402384168140427,-0.1681794135887931,0.9855654378748897,-13.596812763740154,-3.1588650891775227,-1.7252301028680854,,0.09047596566096111,0.25,False,1
-0.99661387150301317,0.034490751747099285,-0.074640332071176443,-0.040287575998522868,-0.99616980165766267,0.077605653695437496,-0.071677767459225217,0.080349949030804599,0.99418619148668952,-7.4639999036793627,4.4720983865034096,-2.1051328214409044,,0.1006620869642546,0.4049586776859504,False,1
0.98759220300974271,0.13392022702057327,-0.082018372021895089,-0.12028222153779058,0.98084706509282793,0.15320320519075389,0.10096448750079269,-0.14143693892878373,0.98478513624554587,5.5760834123416503,-13.282477406688759,0.76480028118131382,,0.07708364506176751,0.2631578947368421,False,2
0.79608558260549189,0.60223193181100465,0.059702977102163157,-0.59191422368803204,0.75428606013734345,0.28406001351524179,0.12603688731268337,-0.26147512269749629,0.95694590403369206,15.029816996531613,-7.4944645566935781,0.90052019384469972,,0.07494256328810568,0.2857142857142857,False,1
0.99710826512686856,0.016067323575451986,-0.074276165280715511,0.0016223540818346145,0.9726701084765158,0.2321857619310802,0.075976809507372678,-0.23163484450618566,0.96983133751579487,9.2934337433450551,-6.4776136825692907,0.27483983123432304,,0.125159734337062,0.25,False,1
-0.96784755308912995,-0.23344878264100202,-0.093663119010734097,0.23113132927489344,-0.97229193792613677,0.035024221211315168,-0.099244257299883648,0.012249625597240285,0.99498770045951979,-8.1016132752687824,-5.208901415896845,-1.147432610852948,,0.1510741566265517,0.3614457831325301,False,2
-0.30109187571396651,-0.92895744229802724,-0.21536423282001246,0.94507974606062983,-0.32080777919776365,0.062503139058566123,-0.12715327744506183,-0.18471718708692514,0.97453147965043851,-8.1427150627097404,-14.442081733829481,-0.098200578545849779,,0.147777047088743,0.3333333333333333,False,1
0.98962805630284068,0.13440487082173419,-0.050711348608134199,-0.11375716360656088,0.94879225385282695,0.29470759535014351,0.087724671025047954,-0.28588212558372156,0.95424095089515071,5.3784300847764452,-14.518645819307656,0.8848790577793334,,0.09506360981159064,0.4705882352941176,False,2
0.21482757023423119,0.97132062693288868,0.10190856078836649,-0.95247847589299595,0.18529479356418355,0.2417655733113418,0.21594876250585843,-0.14900362134091352,0.96496842062291444,26.12719454223566,8.0338253467581282,0.31787799080512202,,0.2570334089895226,0.2352941176470588,False,2
-0.96766339468067453,0.25200271979369332,0.011053678648046822,-0.25224159179731698,-0.96694943562579372,-0.037188281897861761,0.0013168001476020069,-0.03877393660102614,0.99924714054023234,28.424760239679596,12.627555854756453,0.13291750146756293,,0.31185699730869,0.3478260869565217,False,2
0.46036483901627007,0.85708948389089212,0.23121814721420264,-0.87787449005832197,0.40083794258694128,0.26204069051868606,0.1319113137769681,-0.32361483338424518,0.93694868851571711,-16.13910217454459,-3.2439227977154483,-1.8390950479499677,,0.461981620585602,0.2741935483870968,False,1
-0.99551662538819952,-0.051106076346556034,-0.079591566991424445,0.048254309221718222,-0.99813645416796537,0.037351579652471115,-0.081352137139876171,0.033343482443501271,0.99612752294137197,30.788533665450444,3.6878179970425813,1.1821583262184143,,0.08870542519808443,0.3,False,1
