axis_00,axis_01,axis_02,axis_10,axis_11,axis_12,axis_20,axis_21,axis_22,location_x,location_y,location_z,dbh,dbh_approximation,score,reconstructed,number_clusters
-0.9536667999820414,0.2979670406203534,-0.041656659923255311,-0.29703129025206176,-0.9544792862363779,-0.027234257046776608,-0.047875330006262304,-0.013599075323091927,0.99876074108224178,-16.313643649915061,-6.2241171652109539,-1.9199076193923621,,0.0883678841218686,0.5,False,1
-0.81692051557640444,-0.54439197528383521,-0.19046849733471605,0.56912665305461829,-0.81441282519030678,-0.11325459349796967,-0.093465095159791026,-0.20092069931220707,0.97513852788958355,5.5427078539462888,-16.613970214240915,0.87400953035209095,,0.2762375620079793,0.3571428571428572,False,2
0.011517576236811499,0.99814513043639297,0.059779963396992347,-0.99260942960277387,0.004190082048223024,0.12128051564899228,0.12080507316038319,-0.060735012954190301,0.99081652817268295,-1.5914586936688369,17.643289868858879,-3.7866830144185863,0.2913240543494728,0.2405154116853943,0.3333333333333333,True,5
0.96862636438079308,-0.23447820474282954,-0.082358592308442238,0.24302593405854991,0.96298868221592571,0.11658127336328759,0.051974624591408697,-0.13293896879627104,0.98976051091866035,3.7605597745546273,-10.634460620972732,0.062890390424748185,,0.08493084863953666,0.3142857142857143,False,5
0.9923251174831863,-0.086535698364291244,-0.088331388082514894,0.10488932959281214,0.96737079241197677,0.23063386248726236,0.065491142527443147,-0.23812879476625121,0.96902300661729479,-10.293933821018852,-2.7654126053590118,-1.8744914598140419,,0.2712877065521218,0.3269230769230769,False,2
0.086649708373098974,-0.98835919615910794,-0.12505169893519513,0.99293663267095456,0.07546763829511649,0.091550418187045332,-0.081047341343947199,-0.1321012298878374,0.98791730095347474,-3.9925018061213668,-16.494008465785267,0.11259332893408311,,0.3730240176992002,0.6666666666666666,False,3
0.058599672122901118,0.99796870330663434,0.024990911299198809,-0.99607487878199463,0.056788219759661654,0.067896494430597615,0.066339387143116491,-0.028871531254928362,0.99737932623273895,-1.738046202247542,-2.3621085512699875,-1.3611394442068556,,0.3347412486873746,0.8587412587412587,False,2
-0.24670840598192934,-0.94596559377644429,-0.21043777657311497,0.96877561291705594,-0.24627215848975614,-0.028702539434340271,-0.024673350705548564,-0.21094814373200138,0.97718580956795786,8.61450006918726,-7.4878153675002519,0.091186739075844972,0.4420565572627768,0.38771474806786,0.14,True,4
0.88402828849389459,-0.45709244027782475,-0.097777738690454599,0.46649673819100484,0.8759745729962819,0.12267575441436868,0.029576652949726126,-0.15406183338142115,0.98761843497144508,-17.213270767864444,-17.305121507282955,-0.78826836809836875,,0.128866268098972,0.125,False,1
-0.058660526595138075,-0.99367141716227014,-0.095791739384486013,0.99460838073195912,-0.066395281501386683,0.079660753022429351,-0.085516732849951455,-0.09060232507544061,0.99220870137970107,-7.9955566966740035,-11.154856753194601,-0.71698758994736578,,0.09052017416900457,0.4528301886792453,False,4
-0.98160650264629723,-0.15013134758021129,-0.11793749376790669,0.17037425009529777,-0.96760686683952835,-0.18630503522303549,-0.086146902828657529,-0.20297174610950511,0.97538770825466559,-25.170263421982494,1.9374651667109977,-3.5006714215415076,,0.7816676616618554,0.3432835820895522,True,1
0.80735358978811667,-0.58255758583527306,-0.0938447667268619,0.58994217841407615,0.80019121004902471,0.10799191399512845,0.012182248737203603,-0.14255064554766228,0.98971253718928343,-7.8783681253730355,2.7183107590363309,-2.3963639882552701,,0.07453629183423938,0.2687224669603524,False,5
-0.12743684796820928,-0.93528573676197357,-0.33015214733443871,0.98811222202238747,-0.14857525954220527,0.039492137723183801,-0.085988874105363891,-0.32119461835712593,0.94310123033983628,-20.464283989491562,-5.1530788398580096,-2.3828563348906333,,0.2824422664099695,0.1428571428571428,False,1
-0.5522688579978795,-0.82590577154200351,-0.11348464662378976,0.82722420313144662,-0.5597902252364475,0.04832206000649214,-0.10343706414657078,-0.067190477475127852,0.9923639521352049,8.3855414267217192,5.9241576016815527,-1.5607518049571569,0.1787563635089592,0.177794464420386,0.4814814814814815,True,7
-0.98221462998437237,-0.13707175318056419,-0.12831895855511816,0.1577970239959369,-0.97299000043522732,-0.16849497995810642,-0.10175716123541068,-0.18574658417603129,0.97731452798177931,-1.2445724908866036,-27.682046687428308,1.4901310211361887,,0.5638900618819741,0.4,False,4
0.80067415048779178,0.59734486268603226,0.045825972583872943,-0.5880132793413555,0.76890724792301612,0.25104188377575215,0.11472265712960826,-0.2279490274470555,0.96689086914039257,-7.0199285235989395,7.1572274783290712,-3.0048026007985609,,0.09238404800770897,0.2771084337349398,False,5
-0.10015916605716044,0.99173419373648075,0.080196199589433692,-0.99141971856361766,-0.10628122077807647,0.076100221768139825,0.083994542072520745,-0.071885958877766262,0.9938698736848065,-15.92535980824465,-2.1884909283551863,-2.4047692291577274,0.4559490741772791,0.203962938226428,0.1428571428571428,True,2
-0.92258782462642563,-0.35273690916081873,-0.15623181099492278,0.37236117480417269,-0.92010010194534575,-0.1215029131281295,-0.10089034319268254,-0.17027176899250748,0.98021868138422352,-7.0412895908326814,5.8419115881991202,-2.7973720208214243,,0.0824351918797959,0.2777777777777778,False,5
0.4137842894077825,0.90992742529408099,-0.028541943468903173,-0.90477539703203647,0.41450898400741276,0.097794596490113309,0.10081687738081439,-0.014641819382439553,0.99479725289143961,-32.699715334069339,-1.9384481915991021,-3.5531291089519028,,0.2938176381603281,0.4,False,1
-0.81396449876489452,-0.5675163455130825,-0.12404431597574117,0.57098776391927286,-0.82090929962803516,0.0089941780434804608,-0.1069334756046144,-0.063506844982920391,0.99223591571532666,-13.523130635037592,-13.231313789126045,-0.94718755872773686,,0.08044185453760698,0.3793103448275862,False,3
-0.96709677867815125,-0.24045474162188871,-0.083098362811144993,0.23749570784697338,-0.97039272637377283,0.043974371571859266,-0.091211892999800329,0.022791968594783666,0.99557064879543644,-0.34133880972431524,9.4177211238687963,-2.6760947108015585,0.3540150314625379,0.2994584455330455,0.6069868995633187,True,5
-0.7055056579317539,-0.69291014191916533,-0.14878609428251161,0.69240058967018336,-0.71868681057216133,0.063801972806454443,-0.1511396375894303,-0.058006926613773067,0.98680900199286758,-23.717083519550201,21.849241556224719,-5.6138025441732555,,0.2856111138323119,0.4,False,5
-0.38046355959226913,0.91631886574947929,0.12492884412323427,-0.92312477031692264,-0.38441231270558313,0.0082360347056972399,0.055571019872845642,-0.11219139945616426,0.9921315193251139,17.049707081290379,-4.8419440202746351,0.38508240469491878,,0.4063877001094512,0.4444444444444444,False,5
-0.99725751231129078,0.051211478083340714,-0.053430690162260062,-0.048700296964616564,-0.99769341444555126,-0.04728775578874525,-0.055729123573353259,-0.044555979222741432,0.99745126672998363,-11.506899416736593,-4.9560824369025527,-1.7631954907897125,0.4998474747478789,0.2517062723387697,0.2653061224489796,True,4
0.94145428330515391,0.33685708903579475,-0.013825122520621735,-0.32314075510365592,0.91329525641246667,0.24793512660679251,0.096145123835890384,-0.22895212639505619,0.96867798518484161,0.32425313948110157,-10.166569319824822,-0.24473790367886514,,0.4580413685852238,0.2461538461538462,False,4
0.77610886882405494,0.63052415316493304,0.0097116429242843361,-0.62165664915158925,0.76242803113860358,0.17957312688631538,0.10582076496728987,-0.14540560377700407,0.9836966890723895,-16.025597531700917,-13.916201985484657,-1.0891739626551238,,0.1893573788296075,0.3529411764705883,False,1
-0.64931688170349844,0.76046448344385897,-0.0090197868771844658,-0.76039050037548483,-0.64894524849089175,0.026006756810764989,0.013923867047799104,0.023745186492409635,0.9996210742300683,-18.312427697067285,22.439209259648202,-5.3921437681881574,,0.2175443503358372,0.2903225806451613,False,2
-0.61865129824017129,0.78551913996029199,-0.015174054889623187,-0.78558824941827521,-0.61820378039359825,0.025984385368767293,0.011030573950605846,0.027995832959676718,0.99954717736343646,-13.980068488888127,13.940066241428589,-4.1743138985148152,0.2967887321404744,0.2081370957278521,0.3571428571428572,True,3
0.64254823894144619,-0.75597110767951414,-0.12505776660029583,0.76615110353257809,0.63129664719552092,0.12032052940170335,-0.012010295127864473,-0.17312489016170324,0.98482664729252689,-1.1532090887279132,10.063594171304768,-2.8497535906650384,0.5175029637913888,0.6426684660052384,0.5116279069767442,True,4
0.71183927633377675,-0.69591151238269422,-0.094826217903259985,0.70225511848741506,0.70310533127396624,0.11171679234722427,-0.011072182568571315,-0.14611659750814621,0.98920541178554577,-10.938849164372149,-17.519591215140348,-0.33174430168355534,,0.13117521993618,0.4772727272727273,False,3
-0.96048353600964675,-0.23269835923257479,-0.15271820672359984,0.24016967861451335,-0.97019711194454705,-0.03218834336619919,-0.14067658841685765,-0.067594656482051541,0.98774544285785804,2.9921581066595997,-7.6595522621683889,-0.36762181762966734,0.889110573269167,0.5360000467747666,0.2631578947368421,True,5
0.99571336874003302,0.074183690372590483,-0.055241898909052019,-0.061049403843414639,0.97579514870062656,0.20999237620133998,0.06948278637718816,-0.20571973132158478,0.97614114478503389,6.6682841530979795,13.768439632488413,-2.7464079949379312,0.5633442563831393,0.4292589618884068,0.2916666666666667,True,5
-0.47895109874548059,-0.86160154359191854,-0.16807327298091995,0.87418060241873474,-0.48559770395989743,-0.0017732071769299834,-0.080088197415808721,-0.14777567455064317,0.98577291028197134,-11.452211960442257,-3.0414870295553826,-1.9179848409875444,0.3614948714348593,0.4043999382038083,0.7423469387755102,True,3
-0.88695311991854942,-0.44593072652586913,-0.12024953308375934,0.45098219346504498,-0.89236757741879025,-0.017180452531177268,-0.099645492844423922,-0.0694686541674015,0.99259502408785116,0.82809697043711339,-7.502042893878631,-0.54091481303791777,0.886332032894376,0.9191574777300785,0.7829457364341085,True,3
0.51560379665351252,0.8567323830983351,-0.012741610068231456,-0.85012458703489702,0.51337029917207599,0.11721400277577067,0.10696219610324277,-0.049604028854727755,0.99302493872316755,10.336288895367366,-17.491412151944143,1.360679713234842,0.4203311502719325,0.4957183689440242,0.6764705882352942,True,5
-0.86600896726030996,0.49663034406487133,-0.058195961876548262,-0.49936799259663944,-0.86496756634695882,0.049625770904032217,-0.025691955837024383,0.072037563269620228,0.99707096682404794,-25.030787647804427,-3.3875770628655104,-2.9188392638888185,,0.1364736918168933,0.3333333333333333,False,1
-0.27622879143130036,-0.92861529515023056,-0.24773229179389053,0.95645878448310095,-0.29088721491620156,0.023900246513464715,-0.094256290874996915,-0.23034379047707287,0.9685336802709249,-0.66809860651214248,-16.231332546045348,0.3584978904719599,,0.3518506968736154,0.1578947368421053,True,5
0.097535383265694012,0.99341405273100247,-0.060127937331831874,-0.99189281293432019,0.10197553425414248,0.075826367859900504,0.08145855793258866,0.052244715045148334,0.99530648198903815,-9.7408375898666293,-11.501520222844087,-0.83319657112367806,,0.07498480440684102,0.3157894736842105,False,3
0.69437413912658019,-0.69173609998684371,-0.19835756322160228,0.7196089368341656,0.6664177079209308,0.19506515987693607,-0.002744620305660618,-0.27818807764604919,0.96052270171764964,-7.1550792313745957,12.929522632825112,-3.5719929238650878,,0.3850218712411846,0.2173913043478261,False,5
-0.66446902225521443,0.74658717908735694,-0.032992461041596872,-0.74725024154712893,-0.66317812445231838,0.042565851990321771,0.0098992409282718866,0.052937314536036797,0.99854876984489649,-10.130578031015302,25.726948059466107,-5.0889356784995385,0.4291222803473973,0.4064053302611461,0.7058823529411765,True,3
0.61898981797550123,-0.78034510325739592,-0.088955747789892819,0.78525944805438419,0.61276234219720771,0.088825172256039031,-0.014805555848355967,-0.12483521861716444,0.99206701573473588,-14.861824747529164,-3.5046401031695313,-2.1593791836722138,,0.06683895945181505,0.282051282051282,False,1
-0.78869206878748754,0.61478595883288822,0.0017451228154846538,-0.61397929395098139,-0.78750528721414215,-0.05352428616270434,-0.031531686145351859,-0.043285649258145743,0.99856502308919948,-12.482148075104005,-8.6691230626003311,-1.3031573976423083,0.7443781656825125,0.4627548668920942,0.9141104294478528,True,4
0.93174995919675019,0.3576203692551963,-0.06284651963818863,-0.35011604502348798,0.930743046012524,0.10552789828496106,0.096232887070726109,-0.076322040021917642,0.99242842444829604,-1.94542381825489,1.9818243999621867,-1.8518780427174488,0.1678764894068161,0.1390656318697646,0.5416666666666666,True,5
0.41770073228305094,0.90773299841449218,-0.039330673012805226,-0.90256028180086556,0.41951883099978565,0.096896275223131989,0.10445590440825628,-0.0049753417983470771,0.99451707376406806,6.9172443851950316,5.2015630651350975,-1.5664891375239991,,0.0727139563632765,0.2608695652173913,False,5
-0.41957521041620066,-0.90101816109104838,-0.11010411521967993,0.90220599447205319,-0.42729711958525124,0.058664428172809431,-0.099904886481574418,-0.07472245297268422,0.99218726492474707,-1.1884985520950797,-9.3174068531232734,-0.48226113543184052,,0.08350743776215509,0.4528301886792453,False,5
0.31083026057429036,0.94966575545552712,-0.038980790479430746,-0.94553714387569321,0.31312945251818786,0.088935119705637389,0.096664671223332221,0.0092140588636288323,0.995274355369685,3.9923548774861519,-1.277786416609362,-0.99893856512161383,,0.07842536461428506,0.4166666666666667,False,5
-0.94053845865176888,0.33872939937431334,-0.025491210180594151,-0.33794677874481099,-0.94066781027885082,-0.030594859718535372,-0.034342139318338322,-0.020160969835499701,0.99920676176771894,-11.439938050344216,20.153728950814951,-4.8444156477087539,0.1809103997243435,0.1502520400941769,0.5333333333333333,True,4
0.46293376127960301,-0.88008809258196141,-0.10553332157647552,0.88573058273450078,0.45469593795196089,0.093450194321829494,-0.034258830632711117,-0.13673534036755347,0.99001503989497452,-5.2701215872499247,1.7832302674998084,-2.0691262208584207,,0.0782348731105087,0.3759590792838874,False,5
-0.47524786676463565,-0.87181475187548685,-0.11865286995242054,0.87404353981581662,-0.48326786005267169,0.050000659459132166,-0.10093243107098826,-0.079945067717741819,0.99167607135884117,3.3426400096835707,-13.848953316513379,0.36772766358152897,,0.0719464751041147,0.3,False,5
-0.56041739721800021,0.82236501205626844,0.098224884021793676,-0.82570474324910481,-0.56399694656635191,0.010914267715279584,0.064374046566386914,-0.074988207136350876,0.99510439197058298,13.903147768691047,5.4629367596021243,-1.1006198959610629,0.6546953605768527,0.3159340317388156,0.125,True,4
-0.26092285672007132,-0.9295209960685612,-0.2605954349345867,0.96077065571856224,-0.27633187273955012,0.023673681977593966,-0.094016009015275487,-0.2441954421686906,0.96515779853497352,-4.400720436339487,-15.479620023880374,-0.033592018114363867,,0.3222968201787917,0.125,False,2
0.64132928573586523,0.76427349329424354,0.067696194171764146,-0.76095167358964089,0.62227513809636592,0.18364695197109898,0.098230838938958925,-0.16929170078584682,0.98065846364898412,-7.3641149241351318,-4.7299694990288623,-1.4708963434147047,,0.17349003331181,0.2575757575757576,False,5
-0.50407945501727458,0.86352718455692434,0.014990148787764793,-0.86320270704772739,-0.50430130585021782,0.023691337303756201,0.028017665408859846,-0.00099722061593895961,0.99960693073631712,-15.656909910160074,10.944707640835333,-3.9424680023544911,0.6031870331512146,0.6823128725277664,0.708994708994709,True,5
0.50126968878895595,-0.86048077299531267,-0.091112778504510633,0.86478234082743621,0.49457961017136409,0.086847637824877227,-0.029668200053976607,-0.12232681025895464,0.99204634437985117,-10.636918459184804,-4.3870109460682318,-1.7362836524406482,0.1973331064234927,0.1182610668611468,0.6490066225165563,True,5
0.98530397200403885,0.15755874892170671,-0.065964561631911264,-0.15021179899342363,0.98311441483053585,0.10451058700232882,0.081317268745469407,-0.093066041017326323,0.99233372098963657,3.5796824519378641,3.3390596483790933,-1.6004250180266051,0.2451017883599073,0.1966539571869697,0.5948275862068966,True,5
0.07851018169876646,-0.94615526800749006,-0.31404834053263309,0.99373695193666856,0.049148210213717812,0.10035598531431421,-0.079517430323453653,-0.31996040732325332,0.94408808700263347,-21.163760308678867,7.6543316569801041,-3.9987252031418965,,0.3092412807483679,0.2222222222222222,False,2
-0.8038127973490764,-0.5843969028470678,-0.1111991311144428,0.5854350830737779,-0.81028564712787965,0.026512894314872512,-0.10559711323824741,-0.043788468816657641,0.99344442203599947,-3.5144822711172821,12.154595914490308,-3.2231303107601765,0.691582727904167,0.45223022130312,0.4166666666666667,True,5
0.50346596906308949,-0.85346747364323072,-0.13459305118915416,0.86387306321822632,0.49441406211994204,0.096322717071402497,-0.015663608821834568,-0.16476652151180554,0.98620821571693329,-5.7950382594514176,-12.598688108020967,-0.41701954464074903,,0.09086165826790975,0.2325581395348837,False,4
0.96788871731442039,-0.23379114425826444,-0.092374952026276075,0.24444614036410009,0.96105084238631733,0.12894713183954201,0.05863032795866048,-0.14738717452668992,0.9873396099764753,5.3783503077666417,-13.537645163483889,0.50589003506954089,,0.2517642248691988,0.4333333333333333,True,5
0.74815224729265295,-0.62977321327216562,-0.20893519262154694,0.66334361039172141,0.71730192855519115,0.21319755590409059,0.015603506766994707,-0.29810005557841329,0.95440708685587505,5.3540989759414312,8.9288518879670189,-2.1971638520008465,,0.2658131567708313,0.4117647058823529,False,4
0.63042090879246515,-0.72669344456622864,-0.27292144544127123,0.77624209092160568,0.59206812260191544,0.21657228465410153,0.0042064282873477965,-0.34838480997757837,0.93734216278686122,-17.558037997072862,-2.2459083530477741,-2.4947392612377421,,0.652818170405855,0.4149659863945578,False,5
-0.075074634944414395,0.9875904867632882,0.13794502398641922,-0.99432150255441365,-0.084602967994358583,0.064552981065775838,0.075422468442074939,-0.13231541203199415,0.98833399364430796,-11.429854541222941,-11.06793618340031,-1.0000191557107561,,0.381959706521876,0.4929577464788732,False,3
-0.8865248159334802,-0.45412081334356624,-0.088589150703043629,0.45122591274818091,-0.89092193689625165,0.051509979825291416,-0.1023177716659216,0.0056911549977867182,0.99473548461694639,-14.636394455918039,3.6728130111147599,-3.051489883762323,,0.08342041953581783,0.3840579710144927,False,2
0.59927534221900214,0.79886103420957222,0.051866291846546855,-0.79365138481793318,0.58438520565057239,0.16914907860616729,0.10481671424384212,-0.14253062631712277,0.98422481018148189,21.344199531801333,6.5148740855631635,-0.63981938376747749,,0.2730282868998812,0.4,False,3
-0.92453421185878182,0.38022914626223087,0.025734945800538742,-0.37936188479674332,-0.91177881310992326,-0.15730211800011645,-0.036346271694961546,-0.15519404723298907,0.9872151519488146,-5.7438294882211247,-5.7634787541576324,-1.2430791769546263,0.4882442669029615,0.4282793179147749,0.2692307692307692,True,2
0.99295331740445603,-0.088371239295753135,-0.078957162568182054,0.098052239134154645,0.98683848303763266,0.1285906948296125,0.06655424746974567,-0.1354264836038975,0.98854954336260714,15.383253376763195,-1.24001615056616,-0.14791261817290371,,0.08532654810625442,0.4583333333333333,False,5
0.96271459768806134,-0.2561693734684114,-0.086935927527787865,0.26567997748951339,0.95585257384580702,0.12553886503198491,0.05093871768592953,-0.14395523321209577,0.98827229945565376,-7.042894500745783,-13.484094455859296,-0.43031273625124827,0.3963350562604907,0.3035626593524078,0.8928571428571429,True,5
-0.7397233302835291,0.6726376999816791,0.019181219919499615,-0.67265864477655901,-0.7383645088109988,-0.048458226707690594,-0.018432098133594726,-0.048748094236058949,0.99864101711613285,-19.730188088746985,20.144767349370508,-5.2701191881490672,,0.1619361670075176,0.6818181818181818,False,5
-0.36396010756551933,0.93099022121719799,0.028111351779106911,-0.93042332779953907,-0.36479918485376817,0.035128134258142443,0.042958947698091179,-0.013370217948090554,0.99898737033292551,3.4326787739029765,-12.326811821435561,0.23019857887546705,,0.348227973914972,0.8299319727891157,True,5
0.16408208942254099,0.98481504048054225,0.056713349169664806,-0.98171530644031557,0.15740076522499044,0.10705165205350226,0.096499352492801463,-0.07324162170442769,0.99263464568721083,-2.4536514058909167,18.068930270876578,-3.8955696663064039,,0.2247934928291,0.2888888888888889,False,4
-0.87472111565813659,0.48374625190809384,-0.029198177796818825,-0.48384339162650442,-0.87514494028673007,-0.004111674828515377,-0.027541644851837535,0.010530776581304045,0.99956518574000419,-14.365777634441438,-7.2616933072517416,-1.6077156607638143,,0.08200270879778931,0.1612903225806452,False,1
-0.67551764562485594,-0.72863752997051456,-0.11297460054331138,0.72909969338921121,-0.68292557005436283,0.045014473957643575,-0.10995247859512422,-0.051961675149988132,0.9925776729135094,-19.663827962916749,9.8222627024606233,-4.1166694900710139,,0.1064342715112478,0.4074074074074074,False,3
0.86407355224339544,-0.4825272734067908,-0.14333292270825371,0.49929389898014248,0.85774711782768154,0.12237436128337678,0.063894434457857058,-0.17730570288886724,0.98207952273143195,-15.338514135784562,-4.979471903205523,-2.0284265710092071,0.513263573883266,0.2593332134068033,0.1578947368421053,True,3
0.94796569463516089,-0.29575991906572369,-0.11784359154877017,0.31458970391820856,0.92706172356918559,0.20393596760156063,0.048932197820358375,-0.23039668176249306,0.97186573612269178,22.311458759563056,0.97245856116965568,0.092640848794534145,0.6436588182191939,0.5991167678191845,0.7232142857142857,True,6
0.99702977312664731,0.042061026756317711,-0.064517451338631931,-0.030623633615130499,0.98514046667537081,0.16899838455689623,0.070666997695067429,-0.16652066222195566,0.98350243746008503,-4.781378859488945,8.053149622610924,-2.9331391554377975,0.658276393374466,0.8517044957341436,0.4958677685950413,True,5
0.97342454350127716,0.21985768310475837,-0.06408788722635006,-0.20517344675365418,0.96157891908847759,0.18240021686352212,0.10172765040319744,-0.16440371511751833,0.98113347899202918,-20.577671905837899,-2.7783882048940036,-2.6844093386009806,,0.1923558772558258,0.2903225806451613,False,4
0.79900283363214786,-0.59527247985201737,-0.085118426786611134,0.60119819104612926,0.79372051610959005,0.092566070401565753,0.012458207361408881,-0.12513359675784697,0.99206167955010971,-3.3491559306956513,2.3013426907662744,-1.9776152183869036,,0.08381590097272978,0.3583617747440273,False,5
-0.95851506471569214,-0.26662987098690522,-0.10078384101917762,0.26737740765954832,-0.96357150184156581,0.00626759220507353,-0.09878356435324788,-0.020939740597622148,0.99488860415494362,-13.155192614208937,-18.549131145786816,-0.36374730217998719,0.2899642642198715,0.1773289073359696,0.48,True,3
-0.60431908337593243,0.78711473546916766,0.12348618819518223,-0.79463407248189277,-0.60670457156633251,-0.02159290835796665,0.057923538553126604,-0.11117533920710997,0.99211133832532572,-22.950614617025934,-5.452049196307863,-2.4768285130960588,,0.5698911553168748,0.8225806451612904,True,5
0.062588175207606733,-0.96004111534360415,-0.27277055774770009,0.99520276030959565,0.039442679338927145,0.089530670268510609,-0.075194322899698476,-0.27706557327891901,0.95790421332577957,2.0817269193655381,-15.48016082855211,0.49407589790987094,,0.409112116691967,0.5,False,5
-0.19840399638175793,0.97860736779402191,-0.054437798623789141,-0.9781636715089792,-0.19419444487921261,0.074056392824179418,0.061900613565797173,0.067942161264646542,0.99576712978631066,-11.277647299291317,-7.3015767707741484,-1.4304989908509116,,0.08903150925140908,0.5448275862068965,True,4
0.9582950432881725,-0.27476678360778911,-0.078573689204148492,0.28145873887156658,0.95506446999592742,0.09291305863131194,0.049513516560097309,-0.11115337501501564,0.9925690600157876,-8.3791651940695466,4.6738784053563966,-2.7294185750604987,,0.06465803892173153,0.2173913043478261,False,5
-0.32838214924138359,0.94110883285254243,0.080494277973873915,-0.94359578925167875,-0.33067825997996675,0.016699547392752201,0.042333799334703118,-0.070470228490811207,0.99661516962684349,-30.856219631415257,1.9109777681843505,-3.7920621348962591,,0.6208463825275352,0.5476190476190477,False,4
-0.67079912837536348,0.72715450382953217,0.14585903102406556,-0.73734887417472239,-0.67501714189319162,-0.025855287730277621,0.079656557320295307,-0.12489269678717516,0.98896746517016665,-1.3192024395747746,-13.096291348233422,-0.042245232944697467,,0.645297105205144,0.5925925925925926,False,2
0.99611840828139364,0.041859380527447511,-0.077433254773393384,-0.026004688927572371,0.98036987404705433,0.19544479070761456,0.084094428095582499,-0.19267252612352764,0.9776530186320993,-18.492940518598061,7.7983925921397503,-3.8352546673402954,,0.1535643500646961,0.4285714285714285,False,3
-0.96958728125872784,-0.2221666439341933,-0.1026766105027109,0.22771791792859153,-0.97264965830059602,-0.04579510958607047,-0.089694224315589335,-0.067783659762145884,0.99366006339878299,-11.900398237916548,6.0085463106945909,-3.1246432792212309,,0.4563531616248816,0.2934782608695652,False,1
0.91502784711088248,0.40071044123444416,-0.04642393022268862,-0.38608141909611521,0.90329587146667401,0.18707673938785715,0.11689814729222092,-0.15325700922619989,0.98124773237072382,-1.8513354983762595,14.480410844597142,-3.438934297100539,0.7606105619094039,0.7207286583285605,0.7802690582959642,True,5
0.52887885922427158,-0.78651988748684465,-0.3188630095406404,0.84862796876450908,0.48528879098053596,0.21053588762791264,-0.010850018260656319,-0.38194404817503191,0.9241217566789629,-27.407617300601771,-1.9772335172324991,-3.2063973776167929,0.5077891812093758,0.1932411852051925,0.225,True,5
-0.65647591628271129,-0.7442140727187857,-0.12322656088722031,0.75047484913120921,-0.66086345229987387,-0.0068555259302178623,-0.076333951569812389,-0.096978922357434161,0.99235488433126962,-13.877586726266845,8.6774483578457762,-3.6106044898828089,0.2466605164097143,0.2341926257977738,0.7349397590361446,True,8
-0.24782037056049863,0.96841290661659885,-0.027595402400546365,-0.96745458000591056,-0.24587029217623246,0.059828379977743928,0.051153685701466264,0.041523989735633503,0.99782716875999655,-7.3215369756753814,-6.4592992968732599,-1.2721687475196792,,0.07883461920267076,0.3716814159292036,True,5
-0.56207892706080798,0.82623896336929692,-0.037369173988746299,-0.82678424112902071,-0.56008617131871785,0.052261834241149295,0.022250806162485252,0.060271519874398945,0.9979339885569336,-14.786379508736422,-16.574289835983134,-0.73383240472441735,,0.118845356361637,0.3636363636363636,False,1
-0.88607100569475539,-0.43658529029805437,-0.15579299458720924,0.45158840841223485,-0.88885057021646419,-0.077540784194982268,-0.10462352629686621,-0.1390609511014215,0.98474157504595028,-4.8499803849485357,11.207214494005555,-3.2276190098236333,0.4241637337850594,0.4647586137838743,0.5409836065573771,True,5
-0.17719412174085808,0.98292376717748675,-0.049629740459762331,-0.98216462105334557,-0.17338473239556831,0.07273507904206053,0.062887998629496997,0.061632803682248175,0.99611570469430988,-21.63210616302462,5.416759632828958,-3.7395414240515179,,0.07664577918742536,0.3529411764705883,False,1
0.84260676157594105,-0.52473440318062881,-0.12111007994867853,0.5382197910717712,0.82817463758073828,0.15635288985711973,0.018256556224128785,-0.1969278441122107,0.98024799023928255,-10.903604277142387,-2.1181038237780929,-2.0191506247451572,0.07742487821617465,0.1011903853976537,0.4164648910411622,True,6
0.47165036828895279,-0.85105054657719637,-0.23077889258671747,0.88159319218874943,0.44964363870566121,0.14357590904460357,-0.018422094868573075,-0.2711707309836171,0.96235495586527986,-21.591369608628835,1.9805423741159727,-3.3045331889224063,,0.4922365294169835,0.3714285714285714,False,4
-0.3657656911889029,-0.91695352212727277,-0.15941046831213268,0.92544282394840005,-0.37651359108930765,0.042344956340097162,-0.098848564741807032,-0.13203694173761746,0.98630381083369134,-6.8368195545861123,-12.518142491531348,-0.50462918996487349,,0.05846641006220661,0.2380952380952381,False,1
0.53160935122663411,-0.83069645365358502,-0.16533269360823299,0.84591805676673137,0.51090725982693352,0.15295886078331833,-0.042592709756406694,-0.22117227164247089,0.97430420677122953,6.4382051399487095,-6.9962170360167875,-0.13833381099280567,,0.2100895622979159,0.7636363636363637,False,5
-0.51720859259826379,0.85564776486488181,-0.019030875551490897,-0.85540853663275263,-0.51608668551199444,0.043940510842016819,0.027776018403232579,0.039005583176989142,0.99885287068851503,8.4453479671915535,3.7681775239395261,-1.2278365229227652,,0.08533075679738049,0.4130434782608696,False,5
0.90425965954898246,0.42614587978441548,-0.026723720832356336,-0.4127338899799467,0.88840322344236211,0.20097375111999721,0.1093855757144445,-0.17070267051217397,0.97923204303455713,-23.33938392151569,18.527177878827409,-5.2441110233642751,,0.2195763116498987,0.4375,False,3
0.50304225267233915,0.85643167815162524,0.11607442735042761,-0.86065606993820076,0.48414961414317537,0.15770314011948311,0.078864575728710251,-0.1792315033229526,0.98064083481758246,7.4651586129995184,-21.100718466055522,1.5290458375283458,,0.2760823780992121,0.375,False,5
0.95937797246622269,-0.26324573373326943,-0.10146718493104397,0.27698697651590287,0.94720198187548699,0.16151352999586882,0.053592170950398546,-0.18305761170292903,0.98164035675518213,-1.7259715524149994,-4.7946367247277397,-1.0295459282318333,0.2827064191680719,0.2891842341745871,0.6998341625207297,True,5
-0.17101364342576303,-0.9694583583914308,-0.1757976823147524,0.98408396901085893,-0.1768142954580785,0.017760823671743378,-0.048301922302134009,-0.16996233778886416,0.98426608599263621,-3.2893841085882118,-18.092716038056579,0.35011326248499985,,0.2606241636805927,0.2452830188679245,True,4
-0.74650340272229998,-0.62356828807296671,-0.23215352642977177,0.65682843915180256,-0.74636252585286433,-0.10732838172608677,-0.10634411711719623,-0.23260604057565526,0.96673955057310146,-12.14240233779377,21.162902204109027,-4.9636240189012124,,0.2076489117565394,0.4444444444444444,False,1
0.40434446066316199,0.90943249363227874,0.09714986699318548,-0.90897496508683717,0.38781165314822214,0.15286148804662089,0.10134135373282194,-0.15011549289870085,0.98346086287934231,13.684493986792873,-0.17684519337813412,-0.39546078768172638,,0.2127682548302424,0.2068965517241379,False,5
0.65157860905661324,-0.73977993737891379,-0.16784207002864332,0.75823578002528624,0.62846462232275868,0.17352440859475129,-0.022887072973516824,-0.24032865567876652,0.97042172231991075,0.64004121590534879,18.77271254312706,-3.757254653269646,,0.1663611719102831,0.2105263157894737,False,4
-0.13708095995995453,-0.98340669802310743,-0.11882792895505467,0.98697424998560324,-0.14579607978321441,0.068009800655522229,-0.084205939706262126,-0.10795725729721345,0.99058295478725555,-8.5413542626269301,-9.2403505743964161,-0.94723012604886758,,0.06739887170381823,0.1724137931034483,False,4
-0.82846706160179961,0.56002384347959933,-0.0039525403496984968,-0.55960307282538391,-0.82808138844631629,-0.0335501861873789,-0.02206192931878051,-0.025583370441693488,0.99942921831992437,-8.4828739841387133,15.637209399737634,-4.0913275207143869,,0.1731125453021205,0.4516129032258064,False,4
-0.69941741385390854,0.71470446862997838,-0.0035782283679251792,-0.71461177882675531,-0.69939361178454806,-0.013363433579278758,-0.012053495757383535,-0.0067895740151762279,0.99990430288339172,6.3601350053907977,-9.536966345253937,0.10342473082845263,,0.1315280546915643,0.4666666666666667,False,4
0.63351906828929849,0.77282889832191193,0.037270417657948529,-0.76439040957669913,0.61768706831607634,0.18485125745381323,0.11983693863339673,-0.14559594621289904,0.98205953413494507,1.433910995096076,6.9384563667527575,-2.2570316924093849,0.7429361380896096,0.4434241375812787,0.2391304347826087,True,3
0.81690542918246456,0.5741186502023734,-0.055256630932567948,-0.5669310865954541,0.81689592954382728,0.10616111974929154,0.10608799566355609,-0.055396893275081266,0.99281243011535592,-1.387254282744308,-14.401734683824673,0.098746070433108915,,0.1185986203291545,0.2307692307692308,True,5
0.92456597466365698,-0.37376001891940963,-0.074035172395319704,0.38046710811541612,0.89514105527889076,0.23230856806516212,-0.020555732449474826,-0.24295254559595869,0.96982035576281311,16.652930785107948,0.28718933342972691,-0.19821663608385778,0.4176305314572317,0.4843611788615086,0.5576923076923077,True,4
-0.82935025364558845,0.55798457621350483,-0.028833478559383091,-0.55836346338570175,-0.82956978183444752,0.0066497987241616041,-0.020208897395029235,0.021614573208450026,0.99956210947148982,-5.3709726125181492,22.774024901413163,-4.588492810403733,0.2546621323520831,0.2504944422496513,0.7435897435897436,True,5
0.73409682957835709,0.67904475822464994,-0.00024724609676658738,-0.6683406555891479,0.72258921475832816,0.17659443593049992,0.12009418341315937,-0.12947217091935342,0.98428367052783983,-9.0463256788328437,11.113927292189228,-3.5548752836647433,,0.1156117894713529,0.4090909090909091,False,4
-0.96457412891168692,-0.23976518414312506,-0.11004274763506428,0.24590292254197907,-0.9682078990355375,-0.045882643020036584,-0.095543197139171143,-0.071317043671229388,0.992867250322228,-17.176116524577047,4.2002294975507448,-3.2790584821284616,,0.07722606787746095,0.1428571428571428,False,3
-0.98585791787117916,-0.15057888656367308,-0.073553821735840547,0.15588207835961296,-0.98510205726249289,-0.072627229215298489,-0.061521893802050864,-0.083065851578422306,0.99464321285803825,-26.760059847387037,14.635990428972832,-5.0244069322581533,,0.3357818790851817,0.15,False,3
0.035155976900695246,0.9989477520723431,0.029452434836043234,-0.99425854920473333,0.03198028599412895,0.102113655507152,0.10106430933547894,-0.032873240444886251,0.99433664090246432,8.0174313592115514,8.9531377148426152,-1.9954158290129802,0.3594978863048843,0.1927679324331123,0.1666666666666667,True,6
0.47400730507806771,0.87091279426774593,0.12972270238233913,-0.87385146050450246,0.44718534567498497,0.19081114115190978,0.10816977261128739,-0.20380424773368527,0.97301753781672995,-10.772707551874781,8.4073795395622319,-3.4037897204605012,,0.1386674777194252,0.1956521739130435,False,4
-0.99265250244294034,0.0035211331576639558,-0.12094879501283204,-0.0026497560422374202,-0.99996937033114441,-0.0073645904470278911,-0.1209710220949079,-0.0069899943363230087,0.9926314279693611,-15.19667005787141,-8.3200847518541963,-1.5578529092827902,0.2863248850593098,0.2576355714503319,0.9112903225806451,True,2
0.023269996986456588,0.99961915614328078,-0.014834079399999395,-0.99461094215346801,0.024647851006389936,0.10070529871539713,0.10103257389991044,0.01241072569038526,0.99480570610496455,-7.115156336732495,-10.488114691391445,-0.70983761813372537,,0.2482049430467319,0.25,False,4
-0.9782033737806819,0.19680482154537154,-0.06622704689615086,-0.19873447706568337,-0.97976268566838831,0.023868125131542038,-0.060189427223723384,0.036509478062004948,0.99751906791906442,-13.138509766469415,-10.571728354740674,-1.1797377614910223,0.3141826325204343,0.2417100065049364,0.5,True,3
0.41823714716045807,0.90793442079830877,0.027069840500461712,-0.90197262454824056,0.41159997073872351,0.13050229367118371,0.10734557885930501,-0.078997162085235967,0.9910783899782295,-3.643342193433309,26.731767433070619,-4.737505111049285,,0.160342226020646,0.4166666666666667,False,3
-0.39931361333419108,-0.89204957709215427,-0.2116511049243554,0.91023823800773151,-0.41334123869291761,0.024806661693668464,-0.10961290195306286,-0.18274729110307725,0.97703041883040409,6.337169202259707,3.8302389003511692,-1.4050356483539561,0.2463030811328153,0.1183056075047267,0.3448275862068966,True,5
-0.95872898424417208,-0.25913323808176236,-0.11699871662286729,0.26146400144522441,-0.96520147337576245,-0.004763584942936494,-0.11169293047632417,-0.035157939565873125,0.9931206414968391,-4.0033546827597668,6.439485308196522,-2.6898957879324485,,0.1213328219462751,0.2680412371134021,False,5
0.9456791880090466,-0.31143313347540974,-0.093275274002479841,0.32191981623834937,0.93709559856425229,0.13497952090807369,0.045370753571187528,-0.15767448279665727,0.98644830183603072,-2.2705004043004413,2.8258451072931212,-1.9578528331249059,0.1185530735744362,0.08839728137050576,0.3021978021978022,True,5
-0.98236074744511448,0.17065379385568144,-0.076450274831012743,-0.17367122830967657,-0.98419274062046147,0.034683623908007936,-0.069322913502556788,0.047349043840890268,0.99646997030059548,-9.7408311799673424,-6.033788350774465,-1.5106694289239906,0.2680365216349255,0.2493203407944113,0.904296875,True,5
0.18550753432437153,-0.95394717076521018,-0.23573661170455512,0.98004373550870272,0.16217684515962041,0.11494758537795241,-0.071422903882726915,-0.25235583267110073,0.96499497538476087,15.436076515553461,-6.2774018594380214,0.47867595774273286,0.5311370302797465,0.536502561571957,0.2307692307692308,True,5
-0.49036641206247694,-0.86582880953006125,-0.099404499439062308,0.86607530797661947,-0.49685014987525933,0.055258388341830042,-0.097233445039129757,-0.058994924838409381,0.99351157819581215,-8.8719414513227761,2.386351042040264,-2.435139610761921,,0.07875760985615965,0.3911764705882353,False,5
0.68026492465788213,-0.71790464999569992,-0.1478260660193545,0.73291657222180906,0.66859081731099468,0.12577605960615465,0.0085399322503545427,-0.19390521530368615,0.98098309722196098,5.5860336793509697,20.235569575167773,-3.4955635864648427,0.4698459531780254,0.2772874014835717,0.48,True,5
-0.96779001089292382,-0.22253885375594218,-0.11772405610097612,0.23507242939985606,-0.96616968795885216,-0.106099420382695,-0.090130171152195723,-0.13035563907436276,0.98736212182237904,-10.378250265210996,-26.364692243356096,0.63887324356822717,,0.1986559863320042,0.1875,False,1
-0.21885209832574334,0.97574469112360107,-0.00510458642073848,-0.9729972074182317,-0.21783663019472893,0.076312757136187612,0.073349801736208337,0.02166795536068105,0.99707086322675487,-11.917379208808917,10.254748217514519,-3.6707321580344203,,0.2866465838067572,0.1463414634146341,False,2
-0.41739598711961645,-0.90311987878054412,-0.10077238951150412,0.90308479989418733,-0.42458287731212618,0.064554043199737232,-0.10108627076175335,-0.064061414632939073,0.99281302419877127,-10.393767523575407,2.0673107735403766,-2.4800227636821881,,0.08048627393996802,0.4582132564841498,False,5
0.73074026487309285,0.68259294816779903,0.0092483730891024379,-0.67429302611234765,0.71960836977410925,0.16580925513161837,0.10652502161208638,-0.12739961249015591,0.98611447535664098,17.646333922921119,-1.3497713559398843,0.036686932331684442,,0.471306091605744,0.4074074074074074,False,1
0.99720746470671384,0.013385027327439552,-0.073471854316136856,-0.0050929714139793733,0.99370561323234574,0.11190717525120478,0.074507274647408306,-0.1112204804609797,0.99099882479781187,-8.4924393617163663,-20.702032661607149,0.20002159991279581,,0.1151449604256396,0.25,False,1
0.8847734696690257,-0.45362106321727269,-0.10678875584754283,0.46546051759855378,0.87143302863585692,0.15476105181674632,0.022856376062743398,-0.18663442235603322,0.98216351920905198,1.6575740842767648,-13.931406454832763,0.27414064574567898,,0.1208071048805177,0.4571428571428571,True,5
