axis_00,axis_01,axis_02,axis_10,axis_11,axis_12,axis_20,axis_21,axis_22,location_x,location_y,location_z,dbh,dbh_approximation,score,reconstructed,number_clusters
-0.1622993863314186,-0.98543871391221893,0.050689745703411587,0.98674021093454778,-0.16199987797603593,0.0099897778050272341,-0.0016325811738659123,0.05163894517494607,0.99866448521008766,7.6358968622832402,-4.9454691225656973,-2.0464660119445766,,0.08740899448186965,0.4683544303797468,False,5
-0.12991908573503264,-0.99126465812715425,-0.022702614603364882,0.99074843060678164,-0.13068914377464952,0.036577246337691431,-0.039224716850124013,-0.017740497386056389,0.9990729184301429,-10.827745417682337,17.008348457906081,0.17435603441520914,,0.1208161952189545,0.4375,False,2
-0.61246609173030098,0.78217975414850249,0.11436834649849109,-0.78658140566246404,-0.61740252185558708,0.010189125204042936,0.078581032995708594,-0.083719521060204,0.99338616008417269,-6.9395932070570847,1.7109695211975222,-0.65498041663818163,0.09258203896626654,0.08993598016743584,0.46875,True,5
-0.47815898737213119,0.85933901192894446,0.18138479917634617,-0.87577766683053504,-0.48207913600186308,-0.024762570798720851,0.066162384147811101,-0.17069320199903265,0.9831003863874711,-13.294746186260314,-16.170892917176165,0.50614939433276618,,0.1602997078052951,0.4375,False,1
0.88408699571520333,-0.46676505961057274,-0.02281585269072145,0.45618722734887718,0.8513979336633094,0.25887211545006306,-0.10140708856391716,-0.2392737714012661,0.96564209969760784,-1.8529525948496703,-15.077098046776722,-1.089112805132443,,0.09569936641006906,0.2903225806451613,False,3
-0.42717452231413511,0.87340525111019396,0.23384865793677101,-0.90196872935047934,-0.42966886703189328,-0.042861124313423565,0.063042356868790228,-0.2292333571639778,0.97132781757950282,-12.84515696360168,8.5414798567059478,0.25914285573173579,,0.6789511576215543,0.2,False,2
-0.99130970742554259,0.073718863568392384,0.10895225155117805,-0.078254910617200316,-0.99621059381666943,-0.037955523072857947,0.10574134918838717,-0.046151727179218394,0.99332209536997407,-14.305778293074933,-16.900513827984337,0.66440533536052582,,0.1843895750785013,0.375,False,1
-0.91376327706087934,0.38926914966501935,0.11621618912198158,-0.39196716171544543,-0.91997912446940577,-0.00039329028019119069,0.10676337214466988,-0.045912304010792215,0.99322386334034496,8.1783324083842537,-7.4672421378142015,-2.075391537316873,0.3583539130240537,0.3414270375151552,0.7320574162679426,True,5
-0.30762439183977164,0.9360028916912323,0.17107255855590048,-0.95023930885739216,-0.31148901534736478,-0.0044552463629812661,0.049117099338584533,-0.16393041225953311,0.98524835980019942,6.420204941119267,9.0674960425402151,-1.7947095576797554,,0.07829138224609578,0.1777777777777778,False,5
-0.42463970099778175,0.88669185784960347,0.18291712210652428,-0.90430841124699946,-0.42514466993239275,-0.038448757795343527,0.043674039021398839,-0.18174036109597513,0.98237621075851689,12.990944220341579,8.2093544984490379,-2.3868146798218821,,0.1134867546952411,0.1923076923076923,False,6
0.22702555511348366,0.90185921227495291,0.367572249442496,-0.97386857031771867,0.2126629618303198,0.079714944727317327,-0.0062773459947544491,-0.37606439063059116,0.92657226864767805,-1.2776254794623623,-35.251113102245228,-0.18917579665640413,,0.1928818195340555,0.3333333333333333,False,1
0.88383344938190656,0.44950162406376315,0.12956358947528887,-0.45930605317566425,0.88637924636345011,0.058049815954551887,-0.088748990247076276,-0.11081570998826334,0.98987044361872045,15.409503693205316,-2.1613908547415877,-2.6809848522773527,0.3446581784948776,0.285829275004006,0.765625,True,5
0.36765307080793685,-0.92698409200063847,0.07437548455805644,0.92817562969274492,0.37072719228347584,0.032424517669305174,-0.057630026635170806,0.057112538722790825,0.9967030339828743,-0.44552391225097782,-10.697865659296907,-1.3402754371929215,0.1497557491115141,0.1211712094307381,0.515527950310559,True,5
-0.3865245178365721,0.87989019192326445,0.27639111286082768,-0.92049570710593454,-0.38667421494154364,-0.056309010814324163,0.0573275702498552,-0.27618164612548463,0.95939420888009652,5.5073689888061805,15.08438680659844,-1.6474561846960447,,0.230338766109281,0.15,False,1
-0.52375930057754294,0.84150169559747345,0.13248053202300769,-0.84932542359139551,-0.52784619887595929,-0.0049714357581191124,0.065745873633398288,-0.11512291969359315,0.99117314000198931,8.1910583864143316,-30.501308362321616,-1.3787606801587555,,0.2651170228452154,0.85,False,2
-0.95256360111892813,0.2719318643150721,0.1366588708919774,-0.29462495212461176,-0.93650831812477708,-0.19012708294368041,0.076280557214215367,-0.22137125209302158,0.9722016484957523,9.5339063057137903,16.526353076567723,-2.0078770425163981,,0.4097387908792869,0.125,False,2
-0.21774148981939215,0.94234392868943162,0.25411919186358006,-0.97430223816183514,-0.2252442145825943,0.00043875951195675167,0.057652340143922801,-0.24749336124275695,0.9671728096967428,6.9625841032753302,2.7786579513809118,-1.9845018669696495,0.3507342075365741,0.2455023879164261,0.4311926605504587,True,4
-0.93199990181212222,-0.3523483790960788,0.085010603871287421,0.35074397633119642,-0.9358676813929383,-0.033620618548555907,0.091404847188626515,-0.0015174559539853708,0.99581265870536717,-9.4608297177620351,4.5817456139613011,-0.28830097501699758,,0.111136945303132,0.6,False,5
-0.11805402140880689,0.93165179353633221,0.34363961301011808,-0.99251871368561406,-0.12155831069086007,-0.011409648804315733,0.031142431071810483,-0.34241570160043644,0.93903228713629305,-14.201078499236536,19.729546872066322,0.5922187841931309,,0.4684175731802398,0.2857142857142857,False,2
-0.53363517859438259,-0.84136550903688356,0.085659654269956351,0.84487527988663269,-0.53487574559729256,0.0096797834803323164,0.037673035489952579,0.077537197362603588,0.9962774339621101,15.000762688894755,0.40534056594483037,-2.6428657830115641,0.509226533888901,0.4872779171061165,0.9402985074626866,True,5
-0.81214289197874268,-0.58302666872579822,0.022446081237149779,0.57583371752112977,-0.80713529837156306,-0.13018502175152849,0.094018364026408396,-0.092803629655032541,0.99123560950394207,13.952478057766051,8.958396078620769,-2.4748411319885761,,0.3930044455549088,0.3684210526315789,False,3
0.074557555962769015,-0.99720971727248264,0.0037350537069689715,0.99673623546755552,0.074637365015060214,0.030759399369544985,-0.030952346515653224,0.0014295177312773355,0.99951983908486353,24.023540209694279,3.3541420332517817,-3.3286597905300339,0.2225565887033719,0.2306293185485631,0.7096774193548387,True,5
0.8457993524682087,0.52009538160298185,0.11884548539851174,-0.52720152399015097,0.84894223206795572,0.03681901294087056,-0.081743553059684976,-0.093797018325351506,0.99222986796732371,-7.9409580443555967,-3.1845574827161145,-0.49783628354504045,0.4945887289580413,0.4563834357914662,0.9651474530831099,True,5
0.60584126174731157,-0.79162191409993254,0.079316522119824484,0.79155350291722981,0.60979225889825717,0.039955637990448392,-0.079996359816484064,0.038576496789106948,0.99604841062650751,3.0461959028592669,14.959693733699035,-1.3415686480790621,0.3599668388045517,0.3278341153162274,0.907563025210084,True,5
0.78331286869041838,-0.61911231148583756,-0.055864975706175921,0.61454779354766731,0.75773321258029314,0.21947981227995036,-0.093551906392556991,-0.20625305893346679,0.97401628143009333,-21.230470361874019,-26.671903829902394,1.7845226873239799,,0.2169157362031227,0.1428571428571428,False,1
-0.90268273974278801,0.40309878427738732,0.15058300529789037,-0.41449382336236323,-0.90852704723423972,-0.052663790580263492,0.11558002320860718,-0.10995442036555036,0.98719364041568458,-12.40388665654023,2.2027316734753288,0.030009921287358264,,0.1817175814271121,0.2352941176470588,False,5
0.83686596908166322,0.53006951366174193,0.13668087093449463,-0.54121970625921167,0.83863619615692775,0.061404886223578647,-0.082076667510933676,-0.12536204043426485,0.9887101594847989,-2.9996180371887964,8.128305491968737,-0.88782165617441078,0.1361777593870428,0.1227380388653571,0.5252525252525253,True,5
-0.88116447165376055,0.42751643289425262,0.20193779611683171,-0.46388710584611348,-0.86429964222556477,-0.19440905708962658,0.091421698326304424,-0.26498269387666612,0.95990949834919304,-0.4276661157617464,-2.2934164004785029,-1.3620299162076119,,0.6355247373169025,0.3058071390516782,False,4
0.72624108600284409,-0.6872797135331723,0.014848581318442217,0.67793490831542158,0.71961180173694428,0.15021023563083297,-0.11392166206991092,-0.09902247303854711,0.98854256597506196,9.6222347810247264,-18.548837871689376,-2.0317596519409018,,0.2130140496262946,0.125,False,2
0.980137981152297,0.13475660869511955,0.14549980864485634,-0.17111463298682461,0.94551454053417283,0.27698742934695869,-0.10024629808867624,-0.2963830461606104,0.94979354054872056,6.5421557498036798,-1.3787277157075677,-1.9266388148479023,,0.1184725379390326,0.2763157894736842,False,5
0.58075169714694042,0.80383082688622631,0.12877681471583355,-0.81300768416304459,0.58080305515073383,0.04106478563707526,-0.04178482682498022,-0.12854498385771995,0.99082299901255177,-8.9701816967009638,9.2235060245070919,-0.18636763964212896,0.4577340348648983,0.4389185057965447,0.9635036496350365,True,5
0.39906590402848752,0.9014133179449505,0.16792984985820975,-0.91681675192350776,0.39504900011522459,0.058166406975078883,-0.01390854537164336,-0.17717312928160495,0.98408141666541415,-4.9465434939761215,-14.018927425460582,-0.69198957409837081,0.2621162653455412,0.2820549027311313,0.8390243902439024,True,5
-0.71780172267984199,-0.69579961311895222,0.024971689998242119,0.69366120416140753,-0.71776375028835504,-0.060409706284192413,0.059956824125347072,-0.026040298683250557,0.99786125392525871,0.72964055623459001,10.281584636046315,-1.226572119967966,,0.07645601374567572,0.3846153846153846,False,3
0.65755412662341761,-0.75237262905835223,0.039471478365242382,0.74849385732728135,0.65834226705599985,0.079639217417639352,-0.08590410993568455,-0.022822936958017681,0.99604196570464254,-9.174096538150124,-15.607015782662401,-0.01721997329401205,0.4384901497539242,0.5014122123875181,0.5041322314049587,True,3
-0.99492158639342587,-0.028171440843336733,0.096630258455617332,0.019836180970609938,-0.99608381429099579,-0.086160088393654854,0.098679090251634571,-0.083805756534450368,0.99158410249398332,8.5165574274776805,6.7688876089285035,-2.0164900742212604,0.5806194800148585,0.6395960390792862,0.9253112033195021,True,5
-0.013327657342808196,0.99079763789730413,0.13469377968888091,-0.99971043367551915,-0.01590267330896496,0.018059728179996567,0.02003552719694994,-0.13441408303727861,0.99072268164768962,-0.80261369301504659,3.1615034806235682,-1.2734748564278981,0.2135228144253234,0.2342676160423195,0.7859922178988327,True,5
0.77837857336567262,-0.6222258647394513,0.083437220558110148,0.62084661301344779,0.78265381555820268,0.044749168728790846,-0.093146549238019655,0.016969921668342693,0.99550778104624593,14.425664945074438,-5.9789757863731392,-2.5821311057212308,,0.06466064238699579,0.3636363636363636,False,1
-0.71786936619979991,-0.69432679129353492,0.05073342058170259,0.69352560330392254,-0.71958812548145268,-0.034859248816028171,0.060710877392985363,0.010160539262833682,0.99810367838619884,-7.0324362690744273,-13.796955217782914,-0.41980299600184778,,0.1875736284090639,0.390625,False,5
-0.2618853674579964,-0.9612714361636957,0.085867807280589528,0.96497767098302345,-0.26222464295587133,0.0075054067741813814,0.015301921956746099,0.084826072893020604,0.99627826862878932,-13.582327306004769,3.4390622983395067,0.1612256159177986,0.4004303481230654,0.08741609774412289,0.3653846153846154,True,5
0.54355078979663762,0.8109451134972806,0.21661154587494871,-0.83751119752843994,0.54116659834989389,0.075589065643674042,-0.055924350026895345,-0.22250109151482367,0.97332714507958851,9.6677085026052207,-33.167288732738008,-1.3975820154386436,,0.1693182151735164,0.2666666666666667,False,2
0.808794830601127,-0.58667825483898683,0.040737541555361953,0.58037389092280678,0.80744944412048869,0.10579008424533787,-0.094958247288036493,-0.061919467767372088,0.99355367785710957,-10.202377013790271,9.9713238812080291,-0.027721500047725046,0.4135143552977966,0.3116775294336212,0.693069306930693,True,6
-0.9206434537005459,-0.39023357427722632,0.011549401073302157,0.37988476463194171,-0.90226523694082073,-0.20397305657527412,0.090017758019547617,-0.18339901775894588,0.9789083734069236,7.3913186102099919,-39.772008612723745,-0.92669196267156928,,0.6633276040081337,0.3333333333333333,False,1
-0.76064567226456381,-0.64415899357272777,0.08048199963072078,0.64572475481636704,-0.76352566193558069,-0.0082525501013397118,0.066766026409632792,0.045691952958947603,0.99672189860174365,-15.772325591050615,8.3801348172154704,0.51850266888285934,0.5284071164636076,0.5131125017583023,1.0,True,5
-0.96641518443089891,-0.2402844489509989,0.091132183632933919,0.23733735848317467,-0.97051609612086231,-0.042065252151283622,0.098552877023560526,-0.019023426679670885,0.9949499684244143,-3.1425243805513809,-17.594856480862049,-0.71240415264660484,0.4346898180252597,0.26084056659633,0.3333333333333333,True,5
0.70842321103458761,-0.70102040323774184,0.081895960290095313,0.70036584363484422,0.71258768319764121,0.041309548831598229,-0.087316889185861252,0.028092490089187405,0.99578440079341068,-2.7470692546752908,-5.2641162401797112,-1.1158500651892003,,0.06545152051390284,0.1428571428571428,False,5
0.41969532315854879,0.88615567770015036,0.19642797814625879,-0.90740093878362182,0.41485059365008498,0.067249693254115187,-0.021894565842733714,-0.20646331351588326,0.97820934781804192,6.2395285551878805,12.196389573364133,-1.7273708815038817,0.2259504023292599,0.1438556227089102,0.3461538461538461,True,5
0.41292573177368946,0.90263361189971791,0.12142859098265887,-0.91040482961376923,0.41282516150494564,0.027174109816891744,-0.025600512789553567,-0.12177006486524619,0.99222813155424427,-10.290181688687165,-2.2256186633449699,-0.22272755361562754,0.1761488284133146,0.1657683846850821,0.6106194690265486,True,3
-0.70490761075313868,0.65890498339422343,0.26258233596447073,-0.69861929913753751,-0.7089654958803091,-0.096431325427798822,0.12262273514677424,-0.25142026272646406,0.96007891150450686,-4.6240073008391276,14.597758986837656,-0.53552004711782963,,0.399249003254238,0.3061224489795918,False,3
-0.098319478555524725,0.90694322599537447,0.40961843825403155,-0.99475129237461035,-0.10128981757528437,-0.014499626705796086,0.028339838665940337,-0.40889406657063126,0.9121417082162836,4.4578598046505071,13.12923035751553,-1.5142467552599435,,0.4828293150870378,0.2307692307692308,False,1
0.94173338647598004,-0.33409085961184076,0.039006747112582146,0.32473263423034338,0.933272285789853,0.15346516491506035,-0.087675224905931604,-0.13185650571892876,0.98738387511508907,4.5598795034902917,14.143708451224375,-1.5416825779236034,,0.6658195987227226,0.7123287671232876,False,4
0.13504441877596612,0.93692100145569435,0.32240043732712625,-0.98734527361132296,0.15454776867221157,-0.035556966628557826,-0.083140336990207592,-0.31351877811337137,0.94593533612792757,-23.348188476899416,-0.4574945868898469,1.3891430619373855,,0.5258712150615006,0.1,False,2
-0.4249460367924589,-0.88164371120772733,-0.20524432343489427,0.90477443813809433,-0.40657333167803922,-0.12681223150830051,0.028356338026581565,-0.23958817261309984,0.97046041940804462,-20.193897841123626,6.3695158575579693,1.0825353161841895,,0.6085556084563932,0.8,False,1
0.6951896737202693,0.69168595757673335,0.19565749064081925,-0.71475893599656148,0.69407132069717292,0.085934074724439549,-0.076360860169123634,-0.19958842119932552,0.9768999340553729,-13.672382624877869,10.593328074031337,0.37512005669213505,,0.3539251812167361,0.55,False,4
0.96104460062858377,-0.25856035614270156,0.097671991041467662,0.25453900510388772,0.96567308180127043,0.051820786998650475,-0.10771801373664633,-0.02494075611916596,0.99386859704934594,-6.2514643222304258,-6.6093374367551121,-0.67013979226741704,0.3014068999511712,0.2475785688122118,0.892226148409894,True,5
0.23962038712661424,0.96193391264764938,0.13139717566095638,-0.97081927682726898,0.23874120537188587,0.022639977874499229,-0.0095917576006848797,-0.13298791131514073,0.99107124548650194,-7.5112084461139732,5.5048084960616448,-0.44859714527509037,0.1243424395169114,0.09025953912997389,0.3870967741935484,True,5
0.90702272848826715,0.36366140481539716,0.21227376817070781,-0.41220831319649676,0.86977573637070282,0.27124615195888213,-0.085988816350723446,-0.33352743675520002,0.93881061582946967,2.7295467165180218,-29.225051814871854,-0.85274789205351864,,0.3445085014050046,0.3636363636363636,False,2
0.39539759513176848,0.90510731674430012,0.15633773357685304,-0.91817288063174018,0.3940965420043212,0.040576801902665931,-0.024885799895243699,-0.15958903708014899,0.98686981725423384,13.414677374371392,6.2841713253493916,-2.4428537654343332,,0.07125588908924776,0.2142857142857143,False,5
0.97163078729025398,0.16643151423160443,0.16803024805164324,-0.20361375678603447,0.95009925093488357,0.236332078695321,-0.12031230708950394,-0.26384079374416125,0.95703342905002664,0.19266740496316317,-19.05939613911201,-1.0288998936378697,,0.3020272415649615,0.4489795918367347,False,5
0.56201591985721289,0.81349032747286998,0.14957136402110596,-0.82601116338362057,0.56139257688668431,0.050437412524501742,-0.042937906244823812,-0.15189424519912426,0.98746365729716845,-5.1765092215103419,6.7385918171043926,-0.69210396814866137,0.2715886656274369,0.1907751388671406,0.656084656084656,True,5
0.9813593692996998,0.15777793225029441,0.10972653454163704,-0.16507782821142816,0.98439733442795696,0.06091960771485154,-0.098402738380056295,-0.077897445824331529,0.99209318565009375,-7.0876138227822292,12.668490315157587,-0.32422015713316504,,0.08928218405678078,0.375,False,5
0.98672369180934061,-0.15249001911501253,0.055885150911934765,0.13919970980103874,0.97133869718814569,0.19267738875162232,-0.083664788372727172,-0.18234014756805558,0.97966947169512608,5.6082519409734779,19.857271580457311,-1.6127925773255516,,0.2061706093494327,0.2307692307692308,False,4
0.82321501017775678,0.546576562283836,0.1535288525978715,-0.56444998704626148,0.81698999412110218,0.11799814248315804,-0.060936517307031861,-0.18379720092532537,0.98107355982643052,2.8318125452990266,-25.174581911084967,-0.99703623760941684,0.1956518266104122,0.183049708386144,0.2121212121212121,True,6
0.91052379944779471,0.35960114345226418,0.20404271186929318,-0.39632895385236122,0.89968706540213317,0.18299329136990233,-0.11776999183766723,-0.24748778146793665,0.96170683009253588,9.6139248691423127,19.387371989665343,-1.9535829804696654,,0.2584497298975915,0.125,False,4
-0.78693202943890639,-0.61703703494701734,0.0018106758289371666,0.60827640219997292,-0.7762453653822885,-0.16565914176155366,0.10362335436483884,-0.12926109324275048,0.98618140836454038,6.2071328519974704,-33.252680432681366,-1.0521168840561737,,0.3964044460098861,0.2702702702702703,False,3
0.7204648231871561,-0.6877960127064735,0.088696580852797774,0.68785772260481703,0.72501255985965862,0.034764083457790917,-0.088216733122549726,0.035964328866558606,0.99545184466470471,8.092623913934375,-3.5831433560545336,-2.0769198279519845,0.3557691876075449,0.3153164644709542,0.7991266375545851,True,5
0.51906672103844964,0.8037143511004583,0.29088310529413797,-0.8537721351082902,0.50367270908231465,0.13185955952570474,-0.040532461349180565,-0.31679179907448773,0.9476286591361226,-2.919038443948335,-14.150130504277922,-0.99694006396872858,0.2317463868330029,0.2042786546283243,0.3404255319148936,True,4
-0.31662148618143282,-0.94754274281729434,-0.043744542774389175,0.94841418521021281,-0.31545266138957923,-0.031625175324107677,0.016166872929231448,-0.05150115490463289,0.99854206884997088,1.2625462901471476,16.203074728556118,-1.136033694165965,,0.6111732082785915,0.2857142857142857,False,1
-0.7530736412765674,0.61586592727663592,0.23149352136537468,-0.64287078804724163,-0.76364194609580982,-0.059733809844366562,0.13999014497445958,-0.19380438019480861,0.97100083497767187,8.8737397612999303,-3.9627994308532566,-2.1293605434873975,,0.1803982074535843,0.2380952380952381,False,3
-0.49909209848037595,-0.85963055383041709,-0.10928123423380461,0.86576442609752369,-0.48929412099542707,-0.10508673400261592,0.036865101905173697,-0.14705976363547363,0.98844038271460699,-17.670848820306652,0.91000990516085567,0.66153233480701279,,0.5879969676259854,0.1666666666666667,False,1
0.49798166576577002,0.83966516917253808,0.21674100728657913,-0.86671006951575014,0.49020439683307204,0.092267571364629167,-0.028773528826889445,-0.23379917237658496,0.97185905924412264,-11.847066260555049,6.5839181500570589,0.059906813318625185,,0.1606892052298081,0.2083333333333333,False,4
0.79704317168797478,0.57437070845836136,0.18660244299208473,-0.59642997533820741,0.79715698547069203,0.093872386958810783,-0.094833891534827353,-0.18611563550738974,0.97794043951359411,7.0014187321236552,-35.181548650803741,-1.0161215219239799,,0.2282719756311005,0.4285714285714285,False,3
-0.81386204276565877,-0.57746078205976137,0.06455711059394395,0.57574761130388186,-0.81641783109546529,-0.044459117706624481,0.078378973093452139,0.00098501386087149201,0.99692314965824258,3.4611138995887947,-19.645728968598259,-1.3621786614813758,,0.1032476068098109,0.2173913043478261,False,5
0.3769720176845282,-0.92516271499945468,-0.044340147244829681,0.92239229071275375,0.37063152062435056,0.10874161095624899,-0.084169827827638918,-0.081891554476142395,0.99308066811762374,7.4833217945039863,-19.77682961975756,-1.8057880549809815,,0.2842106108964318,0.3333333333333333,False,3
0.99030902841903945,0.091327842073768609,0.10462912354543989,-0.10952389986429024,0.97680260585648604,0.18401408791311502,-0.085396390967388339,-0.19369020226673189,0.97733902099303172,7.3569543898070213,-29.481788234288512,-1.3517324896550758,,0.3489505074748184,0.1875,False,2
-0.17658245317171373,-0.98380839638509598,-0.030654142200447876,0.98428410788554099,-0.17655510258005475,-0.0036181095770182192,-0.0018526186397917928,-0.030811279673718342,0.99952350289977854,-6.6820433193867323,-17.459716288359871,-0.25779160590951161,0.3487936259941186,0.3352270107175282,0.6736842105263158,True,5
-0.70776597904897354,-0.70441860627196262,0.053495289874105789,0.70362851357495959,-0.70967567478228244,-0.035599880710556683,0.063041524292658274,0.012444426872244826,0.99793331563520837,8.3403044610079586,16.122379666332023,-1.9111935996182778,,0.08737479618897068,0.4,False,4
0.1222915780236266,-0.97148327582456262,-0.20313792048179402,0.99207356971975391,0.11369359069642479,0.053514481199562175,-0.028892943913622661,-0.20807213227083091,0.97768664998775245,-12.004504108942658,-6.4541904684859288,0.052127532271015999,,0.3915720605368223,0.5238095238095238,False,4
-0.03505546610252807,-0.99938494187426463,0.00092317458100145411,0.99918164934334164,-0.03502965469132828,0.020222633550705547,-0.02017785696882413,0.0016313329454174519,0.99979507542344237,-25.853996647268811,-1.938500543057474,1.6715089335603253,0.5634446514224067,0.4328908840961507,0.5882352941176471,True,5
0.58094151507610126,0.78199775925300097,0.22580181705285096,-0.81371078445079315,0.56463757633915079,0.13805494070957447,-0.019537536425005025,-0.26393922010405141,0.96434141918788618,-3.588467438900544,15.541992646907907,-0.61816771073673848,,0.5212004338069111,0.5087719298245614,False,3
0.035010519462089086,0.95126854549308149,0.3063697404811257,-0.9990029892421739,0.041808895171286234,-0.015653873953682299,-0.02770001827068095,-0.30551623629528102,0.95178387165772593,27.246454215524011,4.6331662077792384,-3.6314313666353528,,0.1858254236523489,0.24,False,2
0.78922954465592077,-0.61266951509782064,0.041866348204854784,0.6072162292086758,0.78874713966408361,0.095741321577073296,-0.091679751460209735,-0.050139953545340246,0.99452541859455057,4.4131807638304279,-9.3283061323028367,-1.8163010273939615,,0.1375533875264804,0.2564102564102564,False,3
0.81444425885835059,-0.57798048594636453,0.051177212486379985,0.572182551220216,0.81465123709950404,0.094607029185851371,-0.096372596166113905,-0.047769443763265085,0.99419837203183514,1.3357814352585946,-23.733930000348753,-0.93834960303393167,,0.1206556298536435,0.3333333333333333,False,3
0.85070286483974278,0.5089283768723587,0.13151632205745431,-0.52245254722102041,0.84618169808114641,0.10497556732294691,-0.057861659635041272,-0.15801405331986532,0.98574012158261293,17.808583565542406,-1.4072314948339881,-2.8532583470066841,0.2279834361832692,0.1441907993827853,0.2,True,4
0.65495290606945367,0.7002923361892055,0.28394952844800203,-0.75364384680227237,0.63282521757665389,0.17763219352396134,-0.055295958335587259,-0.33033753627725349,0.94224172541764639,12.634524581783104,-0.97054189634369448,-2.4520551380393951,,0.5977791076221313,0.325,False,1
-0.75239474918777849,0.64153754436934374,0.14943801577648216,-0.65248095867095612,-0.75697648396530004,-0.035428820123760918,0.090392145491131767,-0.12416191802676058,0.98813616376763869,-1.3086556569963088,5.1555910626935235,-1.191635207019248,0.2540965220102423,0.238126572150084,0.7968253968253968,True,5
-0.27409031372466297,-0.95839571610526808,0.079700384399230273,0.9616782310285793,-0.27374630898304447,0.015425248260599914,0.0070341942009999152,0.080874035816378212,0.99669950859961443,-9.4581776717008577,-8.9296557355324708,-0.20112372059710576,,0.1055620466165934,0.6029411764705882,True,5
0.87605101351473047,0.44384419910595502,0.18851246282356815,-0.47465685030864768,0.86265043923708362,0.17474293730832527,-0.085061719797379726,-0.24256245918126015,0.96639948117797114,-3.7315644041035809,21.540296875951963,-0.48445687364035472,0.4426704787601567,0.3527581181817283,0.4642857142857143,True,5
0.85189373721613182,-0.51876192125054466,-0.071854920168183622,0.514280866392964,0.80271276761966515,0.30193940312996598,-0.098955803033651105,-0.29417389714388564,0.9506153098310296,-14.704241384288911,4.0951576966362344,0.31879324175417351,,0.2532256347810662,0.4285714285714285,False,1
0.62287233031160461,0.72132567705549233,0.30285198984425876,-0.78137698195175109,0.59264911019948951,0.19549180099361385,-0.038471706592828739,-0.3584080074442938,0.93277201286897882,-2.7254404278969244,-23.133185355949589,-0.47709419888964588,,0.5875066027016841,0.7477477477477478,False,4
0.064122922574830418,0.95321896188323008,0.29540118738203824,-0.9977949671220786,0.056158945444189382,0.035374799397955417,0.017130510392609953,-0.29701815357457928,0.95471815844302199,-0.69412400643681949,-31.108321293899895,-0.3511329429509184,,0.576291400039092,0.6842105263157895,False,5
-0.47358326268754319,-0.86726353626253905,-0.15353453022567329,0.88053003144770059,-0.4701034608146899,-0.060577222194188277,-0.019640698076553276,-0.16388012325919177,0.98628471963202358,8.2183486570274589,-17.680692568310612,-1.9574650376334899,,0.2995934966579091,0.25,False,2
0.17796843369200946,-0.98111618245539844,0.075751390306433117,0.98314000773519472,0.18056338912141665,0.028854595811222582,-0.041987638652989025,0.069339015230479098,0.99670915475238486,-5.1663083586614347,-25.878877239662565,-0.072230202128913262,0.5790097745687661,0.4879080628664015,0.9866666666666667,True,5
-0.99590014635854496,-0.029606911979003399,0.085477068539438761,0.022035604854767528,-0.99585905149639498,-0.088199669338297898,0.087734432247054017,-0.085954524696307197,0.99242858135108092,11.569708513794701,8.1147553120884961,-2.2641241379441022,0.09444778590292224,0.1338045874254056,0.48,True,4
-0.31180702083906553,-0.94840074716981848,0.05755349271066823,0.95001346889996763,-0.31220082641396879,0.0022478645612821445,0.01583637155782442,0.055377493209474007,0.99833989331375395,15.262079112750399,-3.9465415282617431,-2.6366090266451874,0.2427195321556772,0.2452106357375891,0.6506024096385542,True,5
-0.71707058605837803,0.68651643486424485,0.12043653628024312,-0.69143644207894372,-0.72243614144809909,0.0012915474420523362,0.087894375105048606,-0.08234807946072821,0.9927201884891953,-2.5340517238561349,2.5212364795652693,-1.0909543689947365,,0.07396593948720229,0.3093220338983051,False,5
0.67638716311776315,0.69072276109654207,0.25573907185385919,-0.73148835256056477,0.67057160184379716,0.12352536933308297,-0.086169574895871126,-0.2706211264920253,0.95882167802905438,18.370921350460645,6.5896366190248656,-2.8946008427205787,,0.2199827312417188,0.3333333333333333,False,4
-0.58568652612928329,0.79311516422843487,0.16715151624054858,-0.80474541477146833,-0.59361175220464091,-0.0031472287544242229,0.096726989588784937,-0.1363577057427931,0.98592619681680638,2.0025433073344825,18.604509868531117,-1.2046198048465722,,0.130635686053131,0.1176470588235294,False,4
-0.020911079953540329,0.95822827948968592,0.28523900701238886,-0.99977961346623145,-0.020572070335732606,-0.0041850232275916985,0.0018577493077538291,-0.28526365753165728,0.95844728308821014,9.9393355145626643,-30.170350252434503,-1.5642401742879661,,0.2960157848909165,0.16,False,2
0.96998530725885534,-0.21869637978341849,0.10630332624885409,0.21152104254663437,0.97450860816537666,0.074778480671681413,-0.11994728951472183,-0.050048637156338692,0.99151791797065592,18.907943811126223,-5.1836368110445017,-2.8796778677705515,0.7088771480924784,0.340896912077425,0.6470588235294118,True,5
-0.91256362757188714,0.38867220047005918,0.12712807012851929,-0.3991819157712293,-0.91415026277073352,-0.070591041906262614,0.088777383122340819,-0.11516604385825951,0.98937119353051106,8.2271861613756592,4.2987543680041957,-2.0014985029761112,0.74814295571963,0.3426931124163086,0.6097560975609756,True,4
-0.25891983159716342,0.91040053656526798,0.32269394761502473,-0.96456451406392352,-0.26126015203509589,-0.036856901215715318,0.050752527171786327,-0.32080211342862197,0.94578548572358956,-17.396528402947315,-16.914114324129521,1.0613659215317697,,0.5387354313700313,0.6454545454545455,True,4
0.99493102127868782,-0.035847132306043764,0.093953424646353756,0.022361873196787271,0.98978001604893207,0.14083844097867754,-0.098041876381859835,-0.13802355934986832,0.98556445123589731,-14.463700440881242,3.1669564290044434,0.29823138714557679,,0.1922135680679524,0.4166666666666667,False,5
0.94229204673075717,0.30142512070538996,0.14570036127512656,-0.32499386820083093,0.92806624080807443,0.18185719206077919,-0.080403260504921331,-0.21871430972872183,0.97247075350370693,12.918422075248285,17.074432913653801,-2.2650191812784635,0.5040987707308099,0.5312238925479414,0.8035714285714286,True,4
-0.079229289847529749,0.98531145984117996,0.15127473925245727,-0.99659055159442511,-0.081795399596507112,0.010806714466812809,0.023021557353394288,-0.14990276752111861,0.98843268267825612,21.245649930430151,4.9701765496261032,-3.1364850606583445,0.1020253531616113,0.1657938057367369,0.4411764705882353,True,5
0.44032218199102929,0.88488300849604884,0.15198170061439195,-0.89719926571177133,0.44005137220783641,0.037259460869167704,-0.033909492076993807,-0.15276403730257984,0.98768076586217801,5.0594454098908042,-15.138270601856767,-1.7998674475201426,0.1798556035323561,0.1490508991185149,0.5675675675675675,True,5
-0.3994008597474708,0.89670983840036533,0.19076272945460676,-0.91489260575049658,-0.40318831310922987,-0.020265836158413663,0.058740728426255898,-0.18262160301597402,0.98142695955217607,10.82769389579218,11.518583651723004,-2.1887212405045369,0.2509193230355936,0.1433978086548244,0.3333333333333333,True,5
-0.11643256122165511,-0.96774583798701574,-0.22340871009469138,0.99318218111224199,-0.11474024885798224,-0.020587141937089024,-0.0057108500676397982,-0.22428256363528726,0.97450742318398376,5.9448220077879235,10.935512551667969,-1.7483182404677742,,0.3193026589119788,0.2666666666666667,False,1
-0.5321270640469149,-0.84646839424934051,0.018222108707662027,0.8453861668727447,-0.53238279958367751,-0.043483141188901918,0.04650824194719036,-0.0077338376236789769,0.99888796728491636,19.754892649429149,11.873156208020486,-2.9116201367483185,,0.1536703480335358,0.4,False,4
0.67447797261717368,-0.73159186853143776,0.099261283252361332,0.73349608438867486,0.67931429735595461,0.022706377832378499,-0.084041410273198863,0.05749281091114003,0.99480230098890854,-4.0657367544396399,3.4390468351854229,-0.88886750548981985,,0.07299492971254651,0.3413173652694611,False,5
0.41188409230687256,0.83697549924711923,0.36031029428061023,-0.91081883041761225,0.39011134057049657,0.13498962965718544,-0.027578119247652362,-0.38377748190628147,0.92301370072195399,16.034135857236155,-6.7503819049989557,-2.7008938033236585,,0.4049339722958193,0.3846153846153846,False,2
0.6545128155274752,0.74227540814210258,0.14366695088910272,-0.75402998811552602,0.65475421441330339,0.052303878733011608,-0.055242658632587857,-0.14256274820405507,0.9882429415339683,-20.865641030951355,-17.8619258463264,1.4900491188218399,,0.26693367549423,0.1578947368421053,False,1
0.94793118842219815,0.26839379026350113,0.17143872189347972,-0.29455651196550042,0.94354408165469672,0.15152896499716464,-0.12109055815874396,-0.19413742380691479,0.97347200134488565,1.4304204049801421,14.119862275879012,-1.162705376414543,,0.2729271408492547,0.2380952380952381,False,3
0.9434257903177885,0.28590995900622146,0.16793830267189908,-0.31924269391463178,0.92008800359245713,0.22698495110332143,-0.089620759567113503,-0.2677565330413233,0.95930941748129739,4.3682226113404514,-3.4327884662310577,-1.7576671841413924,,0.5976316415042371,0.2184300341296928,False,2
0.97100417780296877,0.19187678753114207,0.14259798419300643,-0.20626087001429522,0.97397658868454273,0.093947103177088875,-0.12086082984212024,-0.12063541395937415,0.98531200982669631,12.158666297787395,-1.9887617607414787,-2.395278614126843,,0.1872972751794601,0.4,False,5
0.94163772931987932,0.30508447777303316,0.14227384911942245,-0.32329591476847325,0.9373695310753436,0.12968467027989755,-0.093798391325846706,-0.16811253264865544,0.98129508209872196,1.494051986447209,-5.9462981734083042,-1.5407294707060408,,0.1062019608431005,0.3982683982683983,False,3
-0.94508416335184553,0.26778695182711187,0.18736614585534656,-0.29699071954701722,-0.94297407057332039,-0.15032103887788989,0.13642740444825563,-0.19771203973842144,0.97072010005870668,17.567388353614682,-2.914277258469208,-2.8363617992458248,0.257520990552087,0.2182433591617669,0.5,True,5
0.94321096979630326,0.27601818035735809,0.18484325946089977,-0.31876501934812634,0.90863708394348275,0.26975454050427516,-0.093498282850035308,-0.3133570069344182,0.94502140574126525,12.960142826396002,-23.705169892971401,-2.1057344244606222,,0.449972590710854,0.3,False,1
0.88053031387071168,0.45173623269893354,0.14352958726938353,-0.46676048117320673,0.87907579714577833,0.096749139983100432,-0.082468294330010405,-0.15218448981249016,0.98490550891484474,5.1595484854898528,-13.643549201741717,-1.9167267445977694,0.2160709789574139,0.1546576979704916,0.3947368421052632,True,5
0.27693607960154121,-0.95779034260496376,0.07709777835704755,0.95974860373206827,0.27962258867958262,0.026340568226068898,-0.046787022231298339,0.066699831430016482,0.99667552746013233,-14.878240044514245,1.4931827129646411,0.34040485264098591,0.485647784621523,0.4839205248958051,0.9685863874345549,True,5
-0.03617587921822512,0.99060644143200061,0.13187184671572677,-0.99910820402755574,-0.038726144660908658,0.016825051694831415,0.021773892798940826,-0.13114558289599434,0.99112397492909499,-4.1355268062697021,1.5676883011313487,-0.93189951371910229,0.1128113450081728,0.0943716514805943,0.5409836065573771,True,5
-0.20541913796570521,0.96614310922751034,0.15611044247463424,-0.9777899235719526,-0.20938463498164589,0.0092162896416442125,0.041591382744293956,-0.15075001534262747,0.98769660815232929,-17.150691687931435,-12.184898414638331,0.88050061071574637,0.5514471182860131,0.515602482526029,0.9758064516129032,True,5
-0.8970649059457384,0.41624297907643376,0.14837903116727069,-0.43144129504532125,-0.89760257179528946,-0.090377165457303246,0.095566539385803992,-0.1450910247949756,0.98479217659045415,2.0682510959666729,-9.2723989064669361,-1.6552009463284845,,0.08661112936470076,0.3720930232558139,False,6
-0.67924226838179791,0.72257650660481698,0.12850343554289825,-0.72910373318358601,-0.68438020455208393,-0.0056108711450015697,0.083890923831529227,-0.097503475425372299,0.99169319105188281,0.23120799797261871,4.8646540724722964,-1.3634157208988547,,0.08112638794778149,0.4098360655737705,False,5
-0.80975434731234697,0.55152560795491568,0.20029328690376907,-0.57892575996565598,-0.80656926004613272,-0.11954494216328004,0.095618311305642523,-0.21275697995270276,0.97241534645667871,-2.4686583900323478,17.454666441942628,-0.70448880362936772,,0.2363737462197121,0.5,False,5
-0.54902796804714882,0.82383739447782289,0.14092635581044238,-0.83294263887021391,-0.55325463808521624,-0.01076409722740982,0.069100294166839438,-0.12329336112373931,0.98996156311690597,4.5767682732053494,17.426190873262939,-1.5071872693803658,,0.0866641357752479,0.3684210526315789,False,5
0.99214981218749632,0.060793593718784858,0.10928352638468433,-0.082831376599408021,0.97416992624540555,0.21007598113460943,-0.093689450990833145,-0.21747895015788776,0.971558126419238,3.4633479741270361,-13.285424703740487,-1.738462079775088,,0.1764008936237105,0.3953488372093023,False,5
-0.96943863648773632,0.19153273335127252,0.15330995447063844,-0.21257032372971338,-0.96775711722551983,-0.13512963971237746,0.12248505032959643,-0.16358904032465743,0.978895315307727,-5.3543107049879257,8.7140156908415527,-0.6066145814925864,0.7945863777356721,0.2584230589186685,0.2,True,3
-0.5356256922040421,0.81846120098538155,0.20790954843996196,-0.84331414637902391,-0.53123269355256642,-0.081320820322377946,0.043890413166888936,-0.21889058404246886,0.97476178825884818,8.4196578246046165,13.894807638999426,-1.9423109174789921,,0.1479470555160716,0.2272727272727273,False,5
0.65084104160128775,0.7116193626426619,0.26458235254718654,-0.75456576715573065,0.64480954198773111,0.12186532566016203,-0.083883500189462751,-0.27895974131337564,0.95663212423707578,17.116832132584626,-0.15399621391479237,-2.8097495131058934,0.7640928738530084,0.376261841812656,0.7719298245614035,True,5
0.64465881062430941,0.70812863972636519,0.28804313476238042,-0.764362720517478,0.60338742742722284,0.22731749582000518,-0.012831576971321659,-0.36671166060277649,0.93024615484848072,-24.990292965875913,9.3190864316756397,1.6661644352869052,,0.5929031160380772,0.2957746478873239,False,2
0.62149806706646915,-0.78054780931162016,0.066972158480026397,0.77995448607283324,0.62451415576680314,0.040657950043507099,-0.073560534850594939,0.026966398085552602,0.99692610613163635,3.9196850657096118,9.6452363737628968,-1.5181811794530899,0.2706897579533831,0.2585505172463007,0.711340206185567,True,5
0.94271565270189717,0.29561420758040124,0.15459443207129747,-0.31295596826759275,0.94416931224841416,0.10297024683883162,-0.11552385068257159,-0.14545291363519613,0.98259742002434691,4.0511184052118834,-31.592813584894632,-0.90509031697759368,,0.3258386472274837,0.1,False,2
0.38189817557022021,-0.92283921700105143,0.050215167639119908,0.92245555118063527,0.38395340708131392,0.040688294221836563,-0.056829038282987465,0.030782474811788627,0.99790926423813386,-10.978059364747978,-2.6144053772949887,-0.13958855184251256,,0.08671349495529657,0.2553191489361702,False,4
0.51907757608529714,0.84500712235135667,0.12853572725468917,-0.85396737413467194,0.51905770001499141,0.036315671117032121,-0.036030458211711636,-0.12861596802351716,0.99103972617167435,-3.3976731387012924,-6.152508356330145,-1.0551903902511961,0.1367027215449793,0.1025109937898057,0.6024844720496895,True,5
0.95967264286216092,0.2591752706801263,0.1088880048941949,-0.26395683249799529,0.96400950773174632,0.031819170014656201,-0.096722329994579304,-0.059277719850543427,0.99354463553971251,-7.4939095464380587,2.8321464121501627,-0.55980138725411432,0.3368367921549857,0.3170504293539007,0.9617486338797814,True,5
