axis_00,axis_01,axis_02,axis_10,axis_11,axis_12,axis_20,axis_21,axis_22,location_x,location_y,location_z,dbh,dbh_approximation,score,reconstructed,number_clusters
0.70051571979629546,-0.71166714895218763,-0.052986747593559896,0.71183215105249287,0.69153811115028885,0.12276004869122735,-0.050721938510469959,-0.12371301438796262,0.9910208751710452,-3.9565107401108905,-15.770933157843842,-1.1255099545797635,0.1840615946590937,0.1410850211695074,0.2666666666666667,True,5
0.18187296146989351,0.98274697587060533,0.033624504507138719,-0.98001939520627035,0.17835588333140812,0.088040694571369871,0.080524598140609721,-0.048964888422758007,0.9955492096305637,-3.1074659841124443,-7.4034159878505026,-1.1464232134865919,0.1615710626895988,0.1189313848459491,0.7477477477477478,True,5
-0.99957352885815132,0.028777971163084719,-0.0049587076744458114,-0.028463514636739341,-0.99809209738635696,-0.05479045053135146,-0.0065260049485170949,-0.054625941736879999,0.99848556211332984,-19.28820048690859,-13.030118688856707,-1.0332447724925207,,0.2183285418441484,0.4761904761904762,False,2
0.59825352030431933,0.7950586481206483,0.099872275893044857,-0.79877993350929621,0.58182621530872103,0.15306493067457938,0.0635872885596932,-0.17134760350847208,0.98315647559558372,22.863450608413427,2.7523509389600376,-1.7124317448758208,,0.3745446891498372,0.3888888888888889,False,2
-0.91152650423493486,0.39579494419460609,0.11165032121416989,-0.4111712475766528,-0.88215178391442861,-0.22966592107417563,0.0075919196187428234,-0.25525397604460409,0.96684423278515896,-10.803838699068946,14.205896868972866,-1.6897450950589608,,0.3999147768150523,0.2142857142857143,False,3
-0.55294533271051516,-0.8249267322233782,-0.11724907461007665,0.82998009662982741,-0.5577089443147567,0.009683626885865073,-0.07337914030569502,-0.091959881984379904,0.99305532669303898,-0.7393098497937195,17.249770594737104,-1.7483046807008007,,0.4621926954601297,0.3703703703703703,False,3
0.74527857529055552,0.66490328117152964,0.049633374862218638,-0.66510159878343778,0.73613344819310722,0.12548868374096994,0.046901050186481212,-0.12653526440743645,0.99085272283662085,-37.251638081087862,15.746448059856725,-2.2891531746680309,,0.3556423464326646,0.2083333333333333,False,1
0.59679733840724558,0.79035520966295758,0.1384614727231053,-0.80048874154288852,0.57457197526730419,0.17054272162866377,0.055233246628379334,-0.21261629240500768,0.97557347271788686,-15.358684809954546,-5.2955626937631353,-1.0489371976867308,,0.3454458660135943,0.4117647058823529,False,1
0.81513453940528802,-0.57041662179587049,-0.10089876236859736,0.57857564497405423,0.79317330234295302,0.19006929129459746,-0.028388478497182346,-0.21330961072900642,0.97657211933336152,-14.378560850715614,-0.092625421029629534,-1.2206873191953234,,0.1917881242437454,0.25,False,2
-0.84350971748418813,-0.52363597400636408,-0.11956890580812296,0.53663812887053963,-0.83098277406557641,-0.14658495096225149,-0.022602547468625958,-0.18781106445757115,0.98194507428635869,4.3672808752060197,13.160280276381203,-1.5401201339138453,,0.3739446855044781,0.1818181818181818,False,2
0.98753517182827166,0.15730591915963499,0.0053974252609531939,-0.15674398592429559,0.9797264130807255,0.12476970140438456,0.014339012471904958,-0.12406048246447141,0.99217104846493698,3.7421603435475603,15.126463567369187,-1.6335573217947219,,0.2878161833290533,0.1428571428571428,False,1
0.99966953845123152,-0.0036326177189272856,-0.025448339458757189,0.0076310850196743838,0.98727512456848021,0.15883826664161557,0.024547513807359471,-0.15897997514403683,0.98697658891641249,21.377045406916853,-3.1148582416451247,-1.8723137115507689,0.1662009547618645,0.1761520783806484,0.4838709677419355,True,5
-0.67013857507629493,0.7347506713905575,0.10514628422268775,-0.74103931605120543,-0.67035180922134641,-0.038589946100371607,0.042131013055407174,-0.10377814203768014,0.99370774122683192,-6.4872590167393644,22.604648831003452,-2.0170641135820171,,0.1121204388036228,0.4444444444444444,False,3
-0.99650408428562365,-0.083030528641993701,-0.0092488548210922974,0.083426943125233133,-0.99485022851765614,-0.05755838756555666,-0.0044221219849413726,-0.058128771979104835,0.99829929916100402,-7.149958493756956,-6.1230449155287738,-1.0977241174485863,0.8038453280977567,0.3568829794965699,0.8565573770491803,True,3
0.31489556597854074,-0.93572746005519691,-0.15891791285347714,0.94769712338297984,0.30079756354763515,0.10672857206686504,-0.052066734665044315,-0.18421440297234426,0.98150604118307039,-13.182645946583987,8.8067486414653224,-1.5792498368323029,0.5951803673904279,0.4900893321883146,0.4439024390243902,True,5
-0.76875112092657449,0.63903399711178621,0.025637172415632136,-0.63850428262240877,-0.76916887390251731,0.026296853278985764,0.036523898299308917,0.0038462910533517847,0.9993253778915826,7.1702378153425315,-3.8402154129375199,-1.3137364067139761,0.1279648671645446,0.1201930762148162,0.5432098765432098,True,5
-0.65315492683864429,-0.75525896501476841,-0.054520980468322433,0.75606997291751166,-0.65444071835086837,0.0080958147776148404,-0.041795186312775234,-0.035933854917348441,0.99847980473911446,-22.307676300770282,9.9503713225796915,-1.6855705786367396,,0.3682635060258946,0.5833333333333334,False,3
-0.85300388530903659,0.51445060861724068,0.087891654558544793,-0.52098762254589559,-0.84932212798820639,-0.084993058914008546,0.030923596195514907,-0.11828987362803048,0.99249747455366399,0.97824802636567654,8.3552171578284273,-1.4068162973531506,0.736536581200399,0.6564928447799805,0.76,True,1
-0.90784018531423605,0.40888160992417272,0.092962503163541405,-0.41848462933735486,-0.89744926768927524,-0.13948271194797357,0.026397214568805054,-0.16553138974164761,0.98585117846113457,9.7968111497115036,-19.102769168764706,-1.2043782803512126,0.2905265560708025,0.1810381575018824,0.3529411764705883,True,4
-0.83655014121639071,-0.54105041540614518,-0.08630358752493858,0.54696160464340537,-0.83387407805126545,-0.074074455786482529,-0.031888309405614393,-0.10917174516783221,0.99351128115399978,-34.609628394328716,15.336045404943389,-2.2059934777073886,,0.349026104626981,0.2142857142857143,False,2
-0.98724558295132281,-0.15657879114483239,-0.028796546784738138,0.15770361983831854,-0.98658669712490654,-0.042145668176682943,-0.021811172205861411,-0.04614944441475903,0.9986964010885464,2.9963906763405399,5.3692220822732439,-1.4507018054099003,0.40357810531279,0.3209603488048588,0.8158640226628895,True,5
0.67539720279419557,-0.73211728497544382,-0.088560146216912328,0.73469994357576884,0.6576361137732486,0.16652547784342467,-0.063675830324685559,-0.17753597635804305,0.9820521196612011,-1.2924250187407367,-9.8929897037311285,-1.0835532747978389,0.364286930229186,0.2930570237488872,0.3076923076923077,True,5
-0.96522111794619181,0.26104247441777101,0.014318520194181759,-0.26108682981770898,-0.96531446047653868,-0.001288289807513894,0.013485576236948377,-0.0049818615734269628,0.99989665480429579,7.6737585820538561,-4.8612369807496085,-1.4249809975116048,,0.115698313360646,0.1851851851851852,False,5
-0.11582827005299998,-0.97778445583882956,-0.17470366274493149,0.99288641778491626,-0.11886153142545909,0.0069640308322655858,-0.027574865997271093,-0.17265426223282196,0.9845964312844494,-13.082565488565619,-15.364255462495469,-0.97389754861719757,,0.2442601970428402,0.1428571428571428,False,3
-0.88493183836019662,-0.4653997155179741,-0.017284277602224125,0.46526194146270194,-0.88180471162380025,-0.077147756833385511,0.020663186656452504,-0.076312222833924317,0.99686983973001475,5.6524862436816399,-12.979319347185415,-1.0972132221791746,0.1536320626823572,0.2214518457591124,0.1333333333333333,True,5
0.97899831208836907,-0.19353586740730763,-0.064079426924909977,0.20366044584669962,0.91424118073550831,0.35026488011912704,-0.009204766463487446,-0.35595917107758851,0.93445617382524049,17.594339375892236,7.4096509545216085,-1.597713577398167,,0.4623198431932408,0.5151515151515151,False,3
0.75539356897669852,-0.65282678816692707,-0.05654856850795216,0.65415669279370636,0.74626384284982228,0.12316370458952325,-0.038204413643517884,-0.13002869493565214,0.99077392036300838,-13.988570342597889,-7.2524820874056077,-1.0540282879184255,,0.09168237839777649,0.6410256410256411,False,2
0.7311056009583079,-0.68020148311975026,-0.053014550918437993,0.68049732669375529,0.72141855323729442,0.12836923076680723,-0.049071260530419339,-0.1299277237801893,0.99030843578314254,0.19367207281440962,13.277569862946859,-1.5481770956202332,,0.3780933280998749,0.3333333333333333,False,5
-0.85604009740048348,-0.49103645771862664,-0.16148854087431294,0.51547229070679035,-0.83421160213901502,-0.19590640716973112,-0.038518426188844705,-0.25094660796233453,0.96723426882846397,-7.5967326066635801,26.160437855133015,-2.2256356335619687,,0.1812332117368352,0.2,True,3
0.31625319061225859,-0.94770882078745322,-0.042800822763366816,0.94669967829299528,0.31236358338947945,0.07866836017118517,-0.061185280480733323,-0.065398645045126519,0.99598161563291687,-12.847216058540148,-20.064289205947833,-0.99506422016299578,,0.1808784503768866,0.4705882352941176,False,1
-0.29570980141231173,-0.94440130479056805,-0.14374243930922206,0.95207164292476743,-0.30367959038071102,0.036582688866996928,-0.078200384188488015,-0.12603524069115649,0.98893873319670145,-9.4412063830534585,-13.331294432518469,-1.075333345492816,0.7523181579885346,0.7107577368829207,0.6769911504424779,True,5
-0.19217250496049035,0.97773574577581068,0.084276567143111797,-0.97942286370360154,-0.19647919307541178,0.046117033112172474,0.061648863670342148,-0.073679970959903446,0.99537464277903986,-15.389687870719596,-11.807382850363886,-1.0522650765669803,0.7798761584200538,0.8285786795923124,0.525,True,2
0.023391437573246767,0.99008381799736422,0.13851669209167214,-0.99689977017783915,0.012688631071807739,0.077652088580378836,0.075124489133892608,-0.13990365249444262,0.98731113593997577,15.755046901057471,1.6574248494030663,-1.6054413540042076,0.2934673543380247,0.1834694510908048,0.2285714285714286,True,4
-0.038625819911682742,-0.99839646547709493,-0.041382892105229732,0.99762250281039921,-0.040895077897080967,0.055470122499469011,-0.057073530839301251,-0.039141925433408539,0.99760238660044298,10.180538183735241,-12.593689984823463,-1.1997567651326297,0.6277506628065583,0.2809594010634865,0.8636363636363636,True,4
0.93839143920949997,0.34318886906912083,0.040532788768885435,-0.34490138980103335,0.92278462404626871,0.17178931554990307,0.021553146676086793,-0.17518543823858859,0.98429950934535893,-25.253286043591753,4.3974247700787741,-1.4726959523643792,,0.1379766553046738,0.3333333333333333,False,4
0.9623463509055441,0.27181179820914175,0.0028012948965552079,-0.27094587313599916,0.95834994211535862,0.090297963864426956,0.021859431130652252,-0.087656915310790479,0.99591085467969587,12.884520179428325,-12.867769756352617,-1.3325833584123004,,0.08282171017754861,0.3333333333333333,False,4
-0.98360329332600227,0.17350353213705602,0.04920452920421433,-0.18017223830225207,-0.95733886719596895,-0.22592091072119894,0.007907332255525007,-0.23108184197791265,0.97290218234141923,-13.846578996883128,14.802834396464933,-1.7709865930112931,,0.4745989030308407,0.4545454545454545,False,1
-0.96587142625889122,-0.25855947305751714,-0.015472130714112775,0.2581738589404397,-0.9658196807881555,0.023207816831138955,-0.020943889238091686,0.018421267450553905,0.99961092951662833,-15.73699862366286,-9.3475307495182296,-0.98525037605365717,,0.08548002043706325,0.2777777777777778,False,1
0.53520723350680499,-0.84431719210509626,-0.026109314769997137,0.84311465934538754,0.53202923995080975,0.078118877579465576,-0.052066192475578116,-0.063822934382010171,0.99660209945994283,12.444239525026813,0.73409382033238524,-1.5807310931387981,,0.09283347359889206,0.4137931034482759,False,5
0.50711767824032172,0.8610862072419031,0.036908049445893473,-0.86009364006013422,0.50285102300367368,0.08590564004922871,0.055412911349740759,-0.075308647324951586,0.99561941367865692,16.808732450362186,2.9100030650638291,-1.6422396333536275,0.1503399837593794,0.1200782301664103,0.3,True,5
0.9644492293587541,-0.26382687790495818,-0.015266384124155707,0.26317371916693455,0.95359877020866313,0.14624971451721713,-0.0240266004492409,-0.14506813554825304,0.98912989971964982,6.0339977251379473,10.891006584091777,-1.4237310521662292,0.406956141879859,0.2580240038565063,0.375,True,6
0.56795959863434198,-0.81935806694977387,-0.077937490615530208,0.82141844185779211,0.55831112723174836,0.11644925326136889,-0.05190026681080942,-0.13015776324731113,0.990133990413127,-20.90249617457771,8.9660036314602625,-1.6150258372280832,,0.3781436292375839,0.5510204081632653,False,1
-0.10626888042792179,0.99302939592011863,0.050985722424234839,-0.99253115962060545,-0.10902557384622276,0.054729529777610718,0.059906779539319333,-0.0447888723460068,0.99719864354059407,1.124011034622864,3.5999226942512625,-1.3086524798630903,0.611410643706737,0.2618310563518629,0.358974358974359,True,5
0.99994749569205943,-0.010208270817571818,-0.00089278558007305914,0.010177495603372621,0.97921808935898436,0.20255456562462848,-0.0011935000713054478,-0.20255301695865627,0.97927057082224445,-6.9871289053396612,-13.711595051504489,-1.0846603146992164,,0.2372259656100476,0.2444444444444444,False,4
-0.92106126769063434,0.38680207874474359,0.045058773162037033,-0.38673813102433008,-0.9221300085734111,0.010481664954104849,0.045604376675170248,-0.0077716901087991393,0.99892934768226882,-4.9014587272537566,8.6261048357762515,-1.4863494744672052,,0.1586179845645781,0.5977011494252874,True,6
0.24629754767565704,-0.95746233558353566,-0.15034425146269645,0.96690012006931814,0.23207330584230942,0.10604781244966768,-0.066645898740248163,-0.17148719093373416,0.98292953334751409,-25.476105559400455,1.7299795145440149,-1.3478042638725349,,0.2708480839504307,0.2093023255813954,False,4
-0.17605194398586627,-0.94858488728517321,-0.26304452975299414,0.98219122472233567,-0.18708597659849302,0.017298423009840927,-0.065620965378731452,-0.2553146078358316,0.96462860206838119,-14.894285205741559,-14.827836757292616,-0.98913789639582972,,0.223889261113037,0.1363636363636364,False,2
-0.81784114829068477,0.5751519502423077,0.018332765613604248,-0.57476360668503934,-0.81800826245556479,0.022567210391017299,0.02797592881351162,0.0079193867753204385,0.9995772259911303,-12.888499939461662,-0.29580900523165982,-1.2019023607682751,0.1819280549213326,0.1279084107082248,0.7404255319148936,True,4
-0.97989205041837979,-0.18714161473650159,-0.069206831748599124,0.19879574807167624,-0.94538158149734774,-0.25832908453017234,-0.017082742036532816,-0.26689264021210679,0.96357485361809048,2.396424076769661,9.4855724742225309,-1.3093750146377157,,0.3863681153642537,0.2413793103448276,False,1
0.28330833139252393,-0.95552887585209778,-0.08185937195221471,0.95702231057518716,0.27616510590762949,0.088550162847727903,-0.062005535437694229,-0.10342824416886817,0.99270232793281521,6.0814606472185408,-4.6093933215791925,-1.3676852916897548,0.1795300370574428,0.141403905368983,0.3246753246753247,True,5
0.20133047093514439,0.97654834097831267,0.076284855676201704,-0.97744716152645339,0.19522553511976423,0.080523517441065867,0.063742355595890615,-0.090776253335922569,0.99382925290684621,-5.7420841366303534,26.13153804090156,-2.2043759287124547,0.7826641416111029,0.5566086243935525,0.8916666666666667,True,4
-0.28879318752223898,0.9346099677728481,0.20761190471738789,-0.95301042606983144,-0.30135287484421841,0.03094467038641923,0.091485641731061426,-0.188919699774168,0.97772170089156496,-17.777944613465198,-11.067571427402868,-1.0433730452640393,,0.7396064633091368,0.3703703703703703,False,2
-0.020200572837797661,-0.99967946091143145,-0.015261464177979358,0.99750944849333834,-0.021183792627142033,0.067276645995824141,-0.067578376893367556,-0.013864427927655649,0.99761763246982449,1.3489972058349999,-5.6634642692842236,-1.3060533485117003,,0.07529433236697938,0.3529411764705883,False,5
0.33571704834109606,-0.93122315107049569,-0.14183619553371854,0.93504789966132895,0.31124137471653152,0.16974755374820949,-0.1139275594054386,-0.18961078443722748,0.97522728716592999,-0.95054219633042036,-2.1651732948682998,-1.196076417510521,0.6774326065645583,0.704308742276256,0.6828571428571428,True,4
-0.049446750883175697,-0.96597287590811565,-0.2538728458045526,0.99875787466574106,-0.049384974120670798,-0.0066205833786125087,-0.0061421999535711189,-0.25388487024812167,0.96721494303945965,-18.710258309922892,11.347094447383391,-1.6834319954906296,,0.4753471043251826,0.3275862068965517,False,5
-0.78922517382359247,0.61235701389755204,0.046287282633496254,-0.61382573994794409,-0.7888920625000635,-0.029449528039589015,0.018482044813247282,-0.051654634398752848,0.99849397232264347,15.01805192636467,12.154892074824378,-1.5855152094496898,0.2951534394814786,0.2868507857019588,0.2727272727272727,True,5
0.05927942314912614,-0.99682321779582028,-0.053192315744786278,0.9962677871927611,0.055729054797553287,0.065914859124558439,-0.062741104494150601,-0.056901185528576634,0.99640644763685471,-16.290203891829435,1.7866402141066502,-1.3016718737350046,,0.08120166037982487,0.25,False,5
-0.93507932935912352,0.35441388711712535,0.0041766522266226298,-0.35391448504534229,-0.93427258773179689,0.043350537344106176,0.019266164132563275,0.039058013665085815,0.99905119312683632,9.0338583968476787,1.4055175303004752,-1.4547727845687131,0.2540478412187768,0.1803135157519619,0.7333333333333333,True,5
-0.94075814314568329,-0.32987948027567171,-0.078445169374162751,0.3341655736128355,-0.94121460416607672,-0.049481696782775073,-0.057510742623383168,-0.072763984206134266,0.99568966906630019,8.9433190448355671,12.292568881503634,-1.4973865185613946,0.3477427528369895,0.1741645289271629,0.4210526315789473,True,4
-0.79411836926380652,0.59627590280567122,0.11760554124307232,-0.60673759804848992,-0.78903073845353344,-0.096436408528221162,0.035291680494747318,-0.14793762708910335,0.988366812362244,-31.703796137966339,12.34769178239673,-2.0216442889268875,,0.2520254921999122,0.2916666666666667,False,4
0.90535838882198783,-0.42402211000765561,-0.023052939385498118,0.42430129579866632,0.90109033342006761,0.089468549784187862,-0.017163862421625199,-0.090782494136087008,0.99572282317179228,10.974003799336804,5.1671413092835285,-1.6029638248765794,,0.07497983246840388,0.25,False,4
-0.41730588840820892,-0.90851763930220142,-0.021248401742043128,0.9066933142673097,-0.41781855034310877,0.057748531168729952,-0.061343535623552575,0.0048330183052596454,0.99810501079358549,-2.5738339938024928,8.1575253352820756,-1.4559596021040999,,0.07661903192775363,0.4285714285714285,False,5
-0.063584615009704554,-0.98557093096947679,-0.15686598344455005,0.99700046462278602,-0.069682711976490952,0.03368075405257847,-0.044125619270629371,-0.15425388059805692,0.98704542450913724,-13.608318718097564,16.797474543572772,-1.8007142076076279,,0.2628028156285934,0.2777777777777778,False,2
0.30379834072026407,0.95252144989974052,0.020235010662464206,-0.95078149026404146,0.30174674343935209,0.07045183173654504,0.061001032342927336,-0.040642223175432111,0.99730992361875903,-6.9057633002552095,-9.2880412913290513,-1.0399463192820351,,0.07388753558007936,0.4583333333333333,False,5
-0.80837864241611357,0.58291570852194563,0.082056366260268854,-0.5871414366892137,-0.80843298129482555,-0.041243764101818889,0.04229543483648554,-0.081519270808309341,0.99577392247380825,-5.5185830086731285,-16.87016760129049,-1.0309838212560956,0.6643876725150146,0.2178852605465575,0.1739130434782609,True,5
-0.99966638541196562,-0.0089305824088921331,0.024235564264394667,0.0088664784567391054,-0.99995690727670283,-0.0027512087140464866,0.024259089784074726,-0.0025354067622475585,0.99970248988156385,-26.579901510736107,3.9435119654850643,-1.4580392935613444,0.4253740101376554,0.3577914513338614,0.7032967032967034,True,6
-0.92226844369612604,0.38604897599747623,0.019675006826595721,-0.38594464919635973,-0.92247801343292735,0.0090023602205094033,0.021625113156365373,0.00070912914253467001,0.99976589840663932,-1.3111260539194391,-12.459035119401468,-0.95976353486653643,,0.1073611745407914,0.2653061224489796,False,5
0.90149099512638109,0.43163299451831727,0.03173237698627665,-0.43097007044445157,0.88853651730874694,0.15737743100568552,0.039733916081269388,-0.15555004163289421,0.98702857124849885,2.0229079212723402,19.29833475945868,-1.8079229260977732,,0.1184183996843133,0.5416666666666666,False,3
0.73896905295519144,-0.67329287864400866,-0.024524239881623989,0.67246741850999103,0.73484951419549849,0.08822563419521634,-0.041380065454465265,-0.08168776563172564,0.99579857357252721,22.478726687439547,6.3758651871917351,-1.8200292887325993,,0.07300234357849429,0.1428571428571428,False,1
-0.63948272333479483,-0.7346136869900679,-0.22672577586849996,0.76544168013648772,-0.63592578042305759,-0.0984755609435993,-0.071839271058006457,-0.23651877870516777,0.96896748472467875,8.1793878633780679,-7.5079686350665273,-1.4203127145322818,,0.6211012671770733,0.2285714285714286,False,2
0.9639400095101045,-0.26579600980246548,-0.013120184402156725,0.26548915772037424,0.95709517401032007,0.11612206947467235,-0.018307517542942901,-0.11541797545981329,0.99314828990547632,-26.327764260428673,4.8748864128226685,-1.503254646556073,,0.08234409471111401,0.2592592592592592,False,3
-0.8671224643112021,-0.49777534147470037,-0.017842121695947271,0.49688998919234412,-0.86695969281860397,0.038486746657823222,-0.034626153804598853,0.02450715094858489,0.99909980934093001,-3.4347833363732772,4.8255444499296258,-1.3570436227943643,0.3169062878300571,0.241605629396784,0.89,True,5
-0.68112504434955112,-0.726597225808574,-0.090139588456485398,0.73161424977768275,-0.68021649301126497,-0.045233971279260432,-0.028447556697533918,-0.096757398077553236,0.99490137322007999,-10.000262990707579,-6.4566183780893081,-1.0462828281851986,,0.154283772134566,0.4193548387096774,False,4
-0.40501716568726676,0.91421678864768463,0.012990721818642272,-0.91235202831760109,-0.40503857425229572,0.059645031582090856,0.059790232675699877,0.012305150238157956,0.99813511678239419,-3.2348109845903856,5.8178676570288523,-1.414455340151938,,0.07829292185799246,0.3082191780821918,False,4
-0.66245071508799946,-0.72751740437029644,-0.17854264593565466,0.74735967730433195,-0.65812307933744585,-0.09125527482267734,-0.051113235262136146,-0.19388769631336703,0.97969127708647719,5.8316949522697605,13.437567516435543,-1.5532675603109598,,0.5400691849454666,0.2272727272727273,False,2
0.90596973370889644,-0.40255913226549356,-0.13101521527320814,0.42264902899730578,0.84237531336916693,0.33432264313658688,-0.024220650095873129,-0.35825964949440225,0.93330776470202048,-18.0286384788417,-9.0396351049018353,-0.99273699641288227,,0.2831202311059484,0.2380952380952381,False,1
0.72413492474936925,-0.68947366285334888,-0.015958665038552918,0.68843649585738298,0.72128164665923222,0.076210087023667328,-0.041034155649089819,-0.066172913069729319,0.99696406336739785,-0.12088107575540663,-5.2435334368373292,-1.2761909420586146,,0.1273757747927164,0.6739130434782609,True,5
-0.46312548499896544,0.86623291147711057,0.18749754189951467,-0.88449086747290617,-0.46520605918918939,-0.035485600610521056,0.056486197442367631,-0.18227414947696652,0.98162388109242182,15.773112285564462,4.5401735240889218,-1.6236089269523726,,0.3271178319736658,0.1666666666666667,False,1
0.94209689296475885,-0.33352400748823607,-0.034859441979671599,0.33497648135743263,0.93113075761761332,0.14417444002264126,-0.015626938393064796,-0.14750338520669837,0.98893809217211515,1.9557065650326924,17.457915781509403,-1.7479686964554293,0.1926895197760058,0.1743267810892458,0.4090909090909091,True,5
-0.78110572804351375,-0.62358399020644117,-0.031888066354456249,0.62296648686568645,-0.7817541610021328,0.027806258253805893,-0.042268166033527343,0.0018544309277295258,0.99910458072520991,-10.057653231149342,-3.6029141346373672,-1.1222389465696836,,0.06642036040899008,0.2295081967213115,False,3
0.10027694541240129,0.95694309693722124,0.27240492551156126,-0.99277402133208825,0.078096713550481103,0.091107880563261245,0.065911127944177139,-0.2795725532966622,0.95785954641393645,-8.9428821943102967,0.69524659962568203,-1.2487801249019492,0.8918390260310903,0.6567282233950116,0.367720465890183,True,1
-0.98734881331852908,-0.15845284108852661,-0.0059175999753498867,0.15811916793517516,-0.98668867897791801,0.037997098682672377,-0.011859577141788286,0.036580704309608074,0.99926032769355588,19.326291635606459,-7.378184465400234,-1.7902405216781057,0.4491242235317292,0.3705080842005676,0.8732394366197183,True,5
-0.99492482440798435,0.10009697827308602,-0.010256155095332141,-0.099553915446057628,-0.99405175238527055,-0.044160293241019707,-0.014615460858329488,-0.042915131601464235,0.99897181130576851,-13.749264958272185,-9.1569910666535677,-1.0032583973432088,0.6992645065367037,0.4037796436214803,0.4615384615384616,True,3
-0.77670104508037208,-0.62859152618573189,-0.040102116883663823,0.62820102958730806,-0.77770303641342331,0.023269155094000144,-0.045814331780621401,-0.0071190140353009756,0.9989246050842181,-5.4100586869823237,12.645747686176646,-1.5538272090091463,0.2300985885967552,0.1411353501731151,0.7549668874172185,True,5
-0.81371993892065164,-0.58064885426773882,-0.026585128183484911,0.57999518402219374,-0.81411580673498718,0.028653790941199138,-0.038281163958685485,0.0078969147014837631,0.99923580361402409,-2.8753022031480833,13.905147351268599,-1.5880373273964035,0.4767784148928744,0.4485464189522235,0.960960960960961,True,5
-0.28829747594156013,-0.94167893175482376,-0.17356657182423899,0.9553859252268686,-0.29503772027474884,0.013801358392510201,-0.064205134094751454,-0.16184416302163077,0.98472542754399395,-44.249460456110867,11.789088089487041,-2.3989765373772598,,0.1785144284716629,0.3571428571428572,False,1
0.87163244927061356,-0.46646191541262999,-0.15056611454139474,0.48927604634022731,0.80955477634054285,0.32439176096487088,-0.029424884981726337,-0.35641877836864122,0.9338628542618117,-26.278222174697532,11.740901623128819,-1.8648181207048202,,0.385127643228114,0.25,False,2
0.42104777843210517,-0.90675414742561422,-0.022708685647527364,0.90524376315698718,0.4185088012498675,0.073376512194145704,-0.057030671947361,-0.051451913500358021,0.99704573769430738,-1.7148502628156264,10.677185461681328,-1.4087464204929776,,0.07364965951520355,0.3947368421052632,False,5
-0.79449317391517382,-0.57025812709297308,-0.20877323843493054,0.60573576109896787,-0.76862470920099846,-0.20567023151524752,-0.043183148658335987,-0.28986501149689647,0.95609282540026219,5.5809754414527122,3.9428627958784874,-1.4313624505139821,,0.2606519724727721,0.3181818181818182,False,1
0.078451028546887125,-0.97325429019154619,-0.21592017678690195,0.99583541450373048,0.066414873019784409,0.06245712018618281,-0.046446349050499929,-0.21992078406898555,0.97441140458964404,-7.9808937853455024,21.109374501327224,-1.9294436161476429,0.6852216183449197,0.6607462645390928,0.366412213740458,True,2
0.99345995850555213,0.1141552681230984,-0.002426026770412636,-0.11306990288665988,0.98652707256181049,0.11823507163200966,0.015890497391477576,-0.11718749874610629,0.99298266965253879,-6.9695488032323789,-11.185472341388971,-0.95880575788401845,,0.08170830907190163,0.3870967741935484,False,5
0.87790422029193493,0.47584891038258309,0.053404068022186613,-0.47812000840731722,0.86502416953457428,0.15210011072187643,0.026180862365415294,-0.15906288256135878,0.98692125412166198,-6.5611474691828251,-3.4744653351015593,-1.199356875721721,0.3245036174618851,0.3167752722892189,0.7557980900409277,True,5
-0.99772794714030144,-0.067247801730664497,-0.0040837063549238033,0.067322028440004913,-0.99748612914945689,-0.02211711195333458,-0.0025861132850632327,-0.022341784101239517,0.9997470463578525,-1.7932395296742829,-8.0349217054318522,-1.1509067854532256,,0.07383390255400742,0.4081632653061225,False,4
-0.83795588472130023,0.53273580789379349,0.11841661306037132,-0.54475478832589042,-0.82953685045509573,-0.12292613364559216,0.032743791120715238,-0.16751469405633237,0.98532566769482666,2.8324776822361657,-6.4701824860320976,-1.3275979856110847,0.5225868530917293,0.4641468021048622,0.6761904761904762,True,5
-0.77892415647577806,0.62609930360723476,0.035732624883065778,-0.62593717483740652,-0.77968941864858254,0.016942951454868228,0.038468319628809609,-0.0091691040986376735,0.99921775200151663,-1.3380584544337548,-5.2888415729949472,-1.2594545420018155,,0.07186266916018991,0.2268041237113402,False,2
-0.57318515889991806,-0.81450403639192459,-0.089676910730357551,0.81844051993438949,-0.57442258325747186,-0.013921608144945405,-0.040173236693156936,-0.081374876620966458,0.99587360669339964,11.52453708277076,-14.763253974281785,-1.1686670400431101,0.2415599442420399,0.2232869624037256,0.1666666666666667,True,4
-0.65256073252782265,0.75733581610216116,0.024636396076246583,-0.75611003477644079,-0.65294491658705123,0.044278112126634239,0.049619609763897912,0.010266330990328551,0.99871542331881302,-4.1934964286365988,-2.6761108984711401,-1.1998340040806461,,0.07940682550281511,0.345945945945946,False,5
-0.94926778984966587,-0.31196277597054095,-0.039621831894609744,0.31044829822605929,-0.94974617350159773,0.040050718440706942,-0.050125016533406633,0.025718326691820552,0.99841176394797082,-5.2954699175694531,11.090996853922308,-1.4620133484062592,0.2674950289873684,0.12097542429041,0.2741935483870968,True,4
0.068598200211437949,0.99495062352008434,0.073263522197243081,-0.99592743106926074,0.063988689397667026,0.06351377545817069,0.058505033728163146,-0.077322082138049988,0.99528812744968564,1.55493984747227,7.0520399092126178,-1.4535065319269029,,0.1923196576412663,0.3142857142857143,False,5
-0.87159561199681979,0.48672404402493497,0.058487555222477533,-0.48914239238080004,-0.87138473530248872,-0.037793690714184383,0.03257006484299281,-0.061549557673674787,0.9975724749742737,4.7197242004113509,4.9266155323096648,-1.4476770350636601,0.3191959399792604,0.1699374578639931,0.3877551020408163,True,5
-0.87718761696898351,0.47999648220530927,0.012052456463523556,-0.47932617004687977,-0.87687851857794852,0.036475832611925114,0.028076811508193505,0.02621909088949663,0.99926185353412866,-11.120079615265499,-16.2225756209541,-0.94637241469796118,,0.07321081161332776,0.2631578947368421,False,1
-0.97553586096835643,0.21846590293082335,0.024544515097043414,-0.219759847691123,-0.97210304841784556,-0.081983367822430445,0.0059492274711366797,-0.085371614213118688,0.99633141784204737,5.0821984096863106,-28.72927293812436,-0.9894333709750639,0.418718247710958,0.5066313597883846,0.5789473684210527,True,5
-0.9819548991985918,-0.17747912646687922,-0.065312599155420592,0.1884023398880669,-0.94802112545165185,-0.25643810953538898,-0.016405312084335752,-0.26411570450455296,0.96435147138866273,7.0459920354340495,-8.7219485510604926,-1.3034458453133277,,0.3537377814756896,0.1914893617021277,False,1
-0.81691695702811273,-0.57346789667191289,-0.061491924726915004,0.57342286723590696,-0.81901204226432589,0.020136781196834784,-0.061910424412046236,-0.018810797769102969,0.99790443091330616,-5.6613208584451566,-12.402022300943262,-0.96268724408599904,,0.1192228164210041,0.1875,False,5
-0.98054483607577814,0.19603472163746369,-0.01011001274224254,-0.19499243247198136,-0.97866827125633382,-0.064702133773158546,-0.022578213476401075,-0.06147196717742217,0.9978534068326631,-9.1458642656097737,-8.5880355394398489,-1.0627856128495548,,0.1453564223351374,0.3448275862068966,False,3
0.0059945078274930997,0.96077120510561764,0.2772774013795703,-0.99758265329935825,-0.013451215632351759,0.068175616126490909,0.069230886980601342,-0.27701580503269696,0.95836805458548546,-19.107479845254701,0.47299288388113764,-1.2471341349553933,0.6066625017757685,0.4102743065590396,0.2307692307692308,True,3
-0.97914087406060901,0.20317733008270669,0.0014564629379905034,-0.20304178219747909,-0.97870415603037231,0.030202808659929584,0.0075619723550388665,0.029277081639734626,0.99954272998444749,-11.602975142643286,-4.2912917048391401,-1.0359121641732507,0.1755720467466232,0.1680823948490326,0.7336448598130841,True,3
-0.48797781906377607,-0.84046054908825329,-0.23559226118026846,0.87076315914338298,-0.48742005261419252,-0.064755022880181937,-0.060408350253882928,-0.23674407645355969,0.96969225710209472,-3.5406350371534598,17.300773931164933,-1.7164535403019083,,0.6678437280442997,0.4262295081967213,False,2
0.27238408527902075,-0.95333329408758671,-0.13024031814619619,0.96017270475126504,0.26055439194752739,0.10089492498384112,-0.062251804289930546,-0.15253537039311735,0.9863354772295696,6.7200675364152582,5.0853573707409927,-1.4901085474081117,,0.51413323822395,0.1627906976744186,False,1
-0.97833668567110565,-0.20017490459190107,-0.052795236922460867,0.20457041134446521,-0.9739099435830838,-0.098236289589693798,-0.031753366316530106,-0.10690850930406429,0.99376168892041239,-5.15032672836539,-4.5168342235688703,-1.2066421336202495,,0.2133672255602435,0.2586206896551724,False,5
-0.70545144791208703,0.70814295512769987,0.029526424466059027,-0.70762285607524678,-0.70606700948451218,0.027189550888349609,0.040101723138191492,-0.0017126647680970938,0.99919413458083373,-29.630772094075027,2.9371070530726642,-1.4559878850071941,,0.1577506642850443,0.4117647058823529,False,3
0.8960737306971357,-0.43552394207332051,-0.085853159728888309,0.44276967086497582,0.86308105453741069,0.24299405725390372,-0.031731494081432554,-0.25575376669661659,0.96622105291897564,6.240055583373751,22.991944121076447,-2.0166518176625594,,0.3055841517110546,0.8387096774193549,False,3
0.48663013279100259,0.8732566743270429,0.024776896558777489,-0.87084117905752456,0.48263823258938593,0.093252224105886655,0.069474849532128291,-0.066956084012336062,0.99533417910580224,-6.0336820734450463,-15.249722622579736,-1.1140464531521879,0.1718776283454528,0.1738040018937965,0.5,True,5
-0.83932596566032469,-0.54056686399787302,-0.057614138159561026,0.54276053540368185,-0.83925290107237582,-0.032643058219322799,-0.030707076980276946,-0.058668846836344296,0.99780511215077539,10.024029477750918,-7.7312555346337133,-1.4650939352498966,,0.1238467629168655,0.2307692307692308,False,6
0.24532267909003638,0.94820043365729256,0.20182348905964845,-0.96729199445115233,0.22555971872399103,0.11605606731173715,0.064521163929360317,-0.22369343061716659,0.97252160310397395,-9.3338249748009225,-11.883300043119293,-0.99963408028988354,,0.1382438342892657,0.3333333333333333,False,5
-0.18239389710909376,-0.95709797991822487,-0.22515755180275429,0.98181500734278737,-0.189554279744092,0.010414719736046376,-0.052647484781698659,-0.21916348205654879,0.97426670397741133,5.6374365892282405,-15.554529001927602,-1.215794084995949,,0.2520488069671156,0.1764705882352941,False,5
-0.44612895438974243,0.87532383957677107,0.18648627811100205,-0.89314365362073611,-0.44874688509154897,-0.030342167319327887,0.057125914015593568,-0.18009555516228348,0.98198891081247519,-13.049212923529993,-4.4812124430879399,-1.0065655793466142,,0.4879759356933615,0.2790697674418605,False,1
-0.16144870557847049,-0.94122856469313776,-0.29668687950890582,0.98469669316993702,-0.17363074142204574,0.014992934783478344,-0.065625741346115624,-0.28972599924571213,0.95485711362163828,10.599979263700247,-8.5826002424878318,-1.4352062208788341,,0.3846244056977953,0.1944444444444444,False,1
-0.90618352960210691,-0.41745194146309733,-0.067566909405106249,0.41828887591890307,-0.90831200998350836,0.0019258250750283645,-0.062175774706614576,-0.026517335620490801,0.99771288653160239,-7.0854161812708512,-12.679445877982443,-1.039722254443578,,0.07751068413125459,0.1904761904761905,False,4
0.77552137736281779,-0.62943150460096686,-0.048811620225548864,0.63041244907355587,0.76793962252166925,0.11335290121721259,-0.033863509953355755,-0.11867905112968061,0.9923550501290348,1.1509492744910985,-18.267667174803258,-1.1222448771921743,,0.132160746789285,0.125,False,4
-0.98545998340237395,0.16986237780241781,0.0039234831340203523,-0.16977025360931755,-0.98347174415579386,-0.062939569720410982,-0.0068324301695892355,-0.062690518058723277,0.99800962763066969,-10.349234417325713,-18.25547071349915,-1.0063435358730473,,0.2187193303575035,0.2857142857142857,False,4
-0.29723888498842377,0.91772744143004992,0.26348697974870117,-0.95280975275006252,-0.30292309580578725,-0.019778096263350642,0.061665389929871334,-0.25693178330773286,0.96446017979546705,2.9648950183390608,17.783621760245929,-1.775272412234175,,0.156988712783408,0.5,False,1
-0.48138954730156625,-0.84634790098147972,-0.22794590203168102,0.87474672537472919,-0.48036489999996462,-0.0637787526862377,-0.055518196971635972,-0.23009735624788824,0.9715826966618698,16.938631342415263,0.62925985456974609,-1.6174468875722658,,0.4288934490867999,0.1142857142857143,False,4
-0.20138423330435679,-0.93943543460508794,-0.27731832753131475,0.97759197100281092,-0.21048559610107509,0.0031228296165554947,-0.061305210278208462,-0.27047528175847096,0.96077301853789576,0.56836092091644375,-3.3770582099366369,-1.2492365072537743,,0.354304806669048,0.2210526315789474,False,3
-0.50722586139461534,0.86126852912994412,0.030634070294888995,-0.86064001734847262,-0.50806936632216804,0.034121540753762156,0.044952041899233214,-0.0090575788891090973,0.99894808383306688,2.5469326687128406,11.286101697579932,-1.4245214719800339,,0.1132120995162823,0.24,False,4
-0.38953214566940625,-0.89028986005902189,-0.23589970870324284,0.91890960611797468,-0.39297817582218925,-0.034253308038383258,-0.06220806438313542,-0.23011327298430848,0.97117353666692952,-13.017931195130231,-12.763251797322877,-1.054513259668356,,0.3888575786837955,0.1111111111111111,False,1
-0.10931056159266746,0.95149499726406916,0.28759080532198283,-0.99207650883568621,-0.1224582484194303,0.028074508195932407,0.061930620380342152,-0.28224324185974053,0.95734181496673987,11.542352245885141,-8.3324649646799198,-1.4761043832228677,,0.3028171536646928,0.25,False,3
0.040081744635318259,0.98271886199014391,0.18071273346332367,-0.99701774241190422,0.02739807820202992,0.072145454650353769,0.065947517488226456,-0.18306551723258141,0.98088630398100063,-20.590848387120715,-29.049974376724361,-0.76103688360541821,,0.2352232901252436,0.2727272727272727,False,1
0.18131971812088557,-0.97670963497648755,-0.1147233575374193,0.98199040702640461,0.17352206185094521,0.074732419732753519,-0.053084840855731202,-0.12620769784404068,0.99058246333974054,-2.1268529290245208,-17.449840956401225,-1.0898059415488972,,0.2075581359259812,0.2272727272727273,False,3
-0.73895244709820374,0.66667958271147643,0.097404388624073773,-0.67131826749999812,-0.7408330669587444,-0.022319288100267808,0.057280578282510257,-0.081882237977192324,0.99499459016392078,8.3426184138840984,10.707714812194185,-1.4267620619672414,,0.57673790355561,0.3170731707317073,False,3
-0.34214988969398791,-0.89960269021768158,-0.27138248420910072,0.93769679983683785,-0.34548024229966939,-0.036988021795121437,-0.060482762487724856,-0.26712993455184447,0.96176059053601348,-18.399206654625768,8.7253323873062296,-1.5916769009576381,,0.191165146221557,0.25,False,3
-0.55903154806106947,-0.82604956414172692,-0.071595012771202823,0.82850947683053111,-0.55989958720628374,-0.0091923363860325971,-0.032492692631498697,-0.064455952614926287,0.99739142521783231,2.6821637767295128,-11.574880483763975,-1.0900811926428939,,0.1033324918016088,0.2413793103448276,False,4
-0.95056670993188952,-0.3037403278699809,-0.064534821567129072,0.30947102872598703,-0.94374083678325305,-0.11653718448172037,-0.025507103883898111,-0.13074802565654184,0.99108745398091569,0.38156690840911789,16.471405466382038,-1.6961058578258528,,0.1078566642453566,0.375,False,2
-0.90272241634909334,-0.42763344717551555,-0.047136757182064865,0.4293205600133071,-0.90249932327147186,-0.034334068276228015,-0.027858495485502333,-0.051230912068026616,0.99829820087885723,-10.98890836085349,-7.0310426676756625,-1.0442651239331975,,0.1670650148511868,0.15,False,2
