axis_00,axis_01,axis_02,axis_10,axis_11,axis_12,axis_20,axis_21,axis_22,location_x,location_y,location_z,dbh,dbh_approximation,score,reconstructed,number_clusters
-0.43732271155065278,0.89929727530189985,0.0036409609396292203,-0.89892986302689315,-0.43702000248522471,-0.030636886040614951,-0.025960495381174464,-0.016671174595497232,0.99952394899630637,-0.52666901464722837,15.891357199443807,-5.3879101867407888,,0.09764353223566449,0.6470588235294118,False,5
-0.70231961947839561,0.7112476596840458,-0.029562115785068316,-0.70997792894265266,-0.70287597607669372,-0.043551150025425193,-0.051754154519454566,-0.0095983773734574299,0.99861372844647656,16.843845177876364,13.040867964070831,-4.8238791048120717,,0.1021078489703571,0.1538461538461539,False,3
-0.68671602033542689,0.72594732299997622,0.037704000369228073,-0.72682994855793204,-0.68485901693284679,-0.051830037671690213,-0.011803952471446222,-0.062996913852532643,0.99794391403079807,-1.9560257016577576,-16.722050428530519,-4.8060480017034761,,0.1097137550317174,0.1578947368421053,False,2
-0.96499304625251014,0.25944537012704916,-0.038425520216881955,-0.25251124140123526,-0.95864608301698706,-0.13128503525609428,-0.070897769007964073,-0.11698627028769358,0.99059967641518398,5.4632819902911871,19.332196528610822,-5.2633575787169091,,0.2735451999948396,0.3488372093023256,False,5
-0.95539738699140742,-0.28367803593193808,-0.082113365902217128,0.28966592799294261,-0.95430617915926952,-0.073439543697013637,-0.057528106956345249,-0.093949392484657779,0.99391349148795916,0.55117625783114976,19.680159101749862,-5.4771686234480352,,0.2793569598015762,0.48,True,5
-0.40792794078611677,0.89757460615212969,0.16719635617096551,-0.91275415981095753,-0.39654577204836605,-0.098139158435147603,-0.021786208339040027,-0.19264287441121541,0.98102705572516868,-10.202478858910421,17.375044327128364,-5.745957394399154,,0.4286969732508268,0.1666666666666667,False,1
-0.076529473013822902,0.99417175049577633,0.075932669361679306,-0.99704786236820264,-0.076781503565103951,0.00040107016750277197,0.006228957153799489,-0.075677811982413259,0.99711286666371424,-14.286389618033899,9.4150624195658175,-5.7640371616552297,,0.7515660687859592,0.7550432276657061,True,4
0.25537790323164355,-0.96200351279244001,-0.096599005771364599,0.96678155972178847,0.25519515207363419,0.014451648349624377,0.010749061490005561,-0.097080769120982,0.99521845940675935,-12.757913838056922,10.581703620128641,-5.7176942064364251,,0.09876358074645371,0.5,False,5
-0.93003254644701683,-0.33007542195551853,-0.16152299641278034,0.36196243459490401,-0.89870065006887379,-0.2476294358672097,-0.063424431344761834,-0.28876869183945336,0.95529575740810424,-1.8563722468528288,-3.9069148002939862,-5.0245887767920854,,0.7004723792275114,0.2795698924731183,False,1
0.18622447628106811,0.98232088818696517,-0.019134185778708099,-0.98241362792485665,0.18644022746099645,0.010173753083964007,0.013561272114497695,0.016903083028374719,0.99976516126677129,-10.703397102724949,13.24432570024916,-5.7281680581497154,,0.1001825756729648,0.4102564102564102,False,5
0.98827042682188615,-0.13714324737172684,-0.067181047696683108,0.14543579895800979,0.97939794616709064,0.14010029059616283,0.046583171325404453,-0.14822750333194337,0.98785556404023267,-11.236483642217527,7.1833052135674373,-5.6104031020088012,,0.2811578798370132,0.2337662337662338,False,5
-0.98333396086426617,-0.16507976967606044,-0.076177365763677063,0.16985936813605684,-0.98356655862533704,-0.061193298737128282,-0.064823733828079905,-0.0731128880404181,0.99521474523590936,-12.854010490659421,5.6266336238967689,-5.6318795125960426,,0.1242563682352457,0.265625,False,5
-0.76162148833085697,-0.61940261074064662,-0.19045501915245011,0.64245718306550703,-0.76016759224127994,-0.096922647681682031,-0.084743592325455142,-0.19617756628566024,0.97689962946354481,23.007518180924958,-1.3875368889466249,-4.2972494489806747,1.249020968518279,0.3702681138053107,0.125,True,5
0.96080660709269872,-0.26534276414803082,-0.080273789503791562,0.27022669276614608,0.96107381321461538,0.057573084595057646,0.061872435572615306,-0.07700872072305362,0.99510876724552655,-23.629719893011508,7.372130211558134,-6.116549732946666,,0.08767651670535109,0.4285714285714285,False,2
-0.86719831510478995,-0.47039256382727557,-0.1633949759797273,0.49332521404242957,-0.85623368534806499,-0.1532778825051459,-0.067803506320868914,-0.21352918294994919,0.97458092150386499,10.05587967158905,-13.955824299332658,-4.4221385908845425,,0.4262574569030838,0.2142857142857143,False,4
0.3803384810462378,0.9161641230817128,0.12643551484197565,-0.92432699905296989,0.37197023258363981,0.085192399270134958,0.031019971907948442,-0.14926970774268838,0.98830982778339349,-19.822994450045027,22.162430970479864,-6.212340963385353,,0.2494015146791165,0.5384615384615384,False,2
0.45530269974183774,0.87839254707894621,0.14534780646420434,-0.88967158855714401,0.44255009924991584,0.1124005078640562,0.034408082219184274,-0.18048806855316338,0.9829751476959866,2.2742183402779963,-8.8638984034043879,-4.8206306501688143,,0.3452385010441592,0.2121212121212121,True,3
0.66728435450448353,0.74379999582761169,-0.038641382485358963,-0.74327117687714261,0.66834088562279015,0.029468936672570938,0.047744610766056197,0.0090568654505625568,0.99881851471176097,14.207675890493812,4.8580213790336622,-4.6630918678509277,,0.1555404175642199,0.48,True,5
0.93022061620121721,0.36525923808584182,-0.03571126134957861,-0.36244910782517276,0.92960165685881568,0.066868556153696024,0.057621605591685839,-0.049258994694310478,0.99712251103399596,7.9720449962967947,10.691810212614374,-5.0143587232269278,,0.1049916512110459,0.5454545454545454,True,5
-0.29826774203049811,0.95290357991871122,0.054873686245150988,-0.95446153659292587,-0.29738926921519193,-0.023723358116495671,-0.0062872274253131548,-0.059450735350853004,0.99821144094702896,-13.261985379770511,17.169254184002444,-5.8608835371272061,,0.5340484557972791,0.9111111111111111,False,4
0.72307629978614596,-0.64189667119669358,-0.25520448309968846,0.68872007109929256,0.69835557900083101,0.19484390917706185,0.053153817854983895,-0.31665146262889349,0.94705148902391867,8.6631767224729082,-12.202105231466369,-4.4875893877518056,,0.1957930262007433,0.1666666666666667,False,4
0.49052254545891205,-0.85769300767891365,-0.15411144336229152,0.87099533260663353,0.48812633118887588,0.055675985645051718,0.027472949859265142,-0.16154067406937206,0.9864835769779664,-16.321971398805474,-8.4540527163011348,-5.5505414161486986,,0.5869513797098496,0.8125,False,1
0.98830876697616465,0.13611114387514817,-0.068698891046731186,-0.13214474665967504,0.98945332285197329,0.059328642555159405,0.076049635425176454,-0.049556820016888319,0.99587176611324324,-14.564092573003276,13.212666096401394,-5.8594377413952552,,0.3924951185945568,0.8785714285714286,True,5
0.4813262102452987,0.87409267912135891,0.065475702648713191,-0.87488248257002377,0.47447931709673929,0.097211209947839911,0.053904740264745718,-0.10407384855887675,0.99310770464392895,-1.8798282927093655,24.277710749522218,-5.6123312154302942,,0.4914284327136587,0.4418604651162791,False,4
0.98134457744218784,0.18397645366280271,-0.055816528219445535,-0.18249814607794623,0.98273111319843198,0.030561181748792139,0.060475176749854566,-0.019804637068846137,0.99797321073646283,7.9417293121861743,4.2419201286360977,-4.829095423717753,,0.08322393203412369,0.1612903225806452,False,5
-0.23585241386284325,-0.96446183766439963,-0.11910920436339095,0.97173657074244335,-0.23533331968723661,-0.018608216644859649,-0.010083449647183666,-0.12013156260531523,0.99270677025454934,-18.201694348508784,7.9733072835528702,-5.8872170158478205,,0.126063291076953,0.25,True,4
0.93591343987803921,-0.33937253115745525,-0.094299088815519891,0.34646744543644697,0.93522569407440104,0.072891771797622421,0.063453465692567476,-0.10089195329081571,0.99287183032492421,-0.96662735118773557,-13.824197556580279,-4.8192427027160631,,0.4383516393316765,0.7444444444444445,True,5
0.63387251966757463,0.77238894546364223,-0.040260970378811253,-0.77216867531493205,0.63495516198028745,0.024237968911818734,0.044285050216341867,0.015724477738541513,0.99889517724693544,5.8159395883369296,-2.8404902134714312,-4.7496276352577427,,0.3212089460771844,0.9085714285714286,True,5
0.35807022047872666,0.93311884409355605,0.032786277675601855,-0.93322516751412488,0.35655603729093044,0.044255835656121303,0.029605808966301606,-0.046443676306835831,0.99848208847558007,-4.6092350128735173,7.4904830434467353,-5.3459129550012525,,0.5078577054741059,0.8651994497936726,True,5
-0.96596637566471377,-0.24659483283540912,-0.078102173491227722,0.24958360412953187,-0.96785706691141171,-0.030995525150445562,-0.067948404211506039,-0.049433657041690997,0.99646341022467777,-22.92669126379262,9.2739429141156613,-6.1286537007471908,,0.09739316882323536,0.40625,True,3
0.66737864150821746,0.74393893658282317,0.034067689893268457,-0.74331348884639337,0.66261336627012357,0.091807320727582603,0.045725333871370719,-0.086593218419185741,0.99519385466659638,-10.930820302992421,10.450538642277451,-5.6499350415395062,,0.8753309360804963,0.4480874316939891,True,3
-0.94593637933893304,-0.29518282306037258,-0.13443015738017472,0.31959780464676002,-0.9189513684272903,-0.2310532962988876,-0.055331812803497159,-0.2615253017123178,0.96360931245819736,9.5883200238700965,-5.8944155104820251,-4.5760403548315276,,0.6855984971210219,0.3098591549295774,False,3
-0.38185010584533174,0.92370871241560859,-0.030866021340770555,-0.92396927184026412,-0.38231625726117452,-0.010726794897852027,-0.021709015658988147,0.024423227495711856,0.99946596970472779,12.080197504874713,4.1204294972919744,-4.7047595175776609,0.07466021085252454,0.1352502171710833,0.6530612244897959,True,5
-0.83992908645999531,-0.53662276331045133,-0.08096381670556968,0.53968200962519963,-0.8416183226904298,-0.020540871419029209,-0.057117932432672811,-0.060947590672665586,0.99650536023937852,-12.281613207838349,-8.502037860930411,-5.3667470737750627,,0.394833502702396,0.8955223880597015,True,5
0.98923928975471176,-0.095459385708258918,-0.11087440320378104,0.1044827433826275,0.99141296941307255,0.078636380987385374,0.10241574068878648,-0.089374659494484671,0.99071852021621731,26.803666366284453,5.2247711230514673,-4.3366498213907505,,0.4511338913349475,0.71875,True,3
0.6049080925460496,-0.79102261757471137,-0.091484523595809844,0.79562706412086681,0.60510412101840405,0.028750261998026785,0.032615554735592051,-0.090178829066455884,0.99539138251116743,9.0837745924563613,17.029505758877978,-5.1380171956005052,,0.089146746526875,0.3684210526315789,False,5
-0.38569210368815926,0.92253881548278172,-0.012795900915030814,-0.92095081232503473,-0.38578989707677647,-0.054915904721201218,-0.055598582989676668,-0.009396235475730326,0.99840898850542392,2.1742880542597973,13.604747375930888,-5.2466740363025721,,0.2391518677720779,0.4375,False,5
0.99737435855662027,0.031061151741584747,-0.06541860397667644,-0.027846922479376739,0.99838659672558783,0.049484870285028723,0.066850114451648915,-0.047533233965140496,0.99663014898537816,11.194515752267828,7.5317556063674989,-4.8505189070032415,,0.1007427669661966,0.4594594594594595,False,5
0.0068687091818214491,-0.98962194371365031,-0.14353128353983668,0.99996294391232032,0.0060525933640837746,0.0061218392477829127,-0.0051895699612017942,-0.14356801396545987,0.98962684569974768,-17.829391443911344,-12.419144383030954,-5.623167461731871,,0.1459912605147506,0.3333333333333333,False,2
-0.47387746779582263,0.8804378620458716,0.016410868091416377,-0.88027474794537108,-0.47312587047168314,-0.035612902438936576,-0.023590541433638181,-0.031322224801359225,0.99923090654180646,2.1505077878909926,-13.223186103373894,-4.6911996213092113,,0.2072550254505475,0.6521739130434783,False,4
-0.97669959719767785,0.21237660891277541,-0.030888069227531158,-0.20931602966597937,-0.97445740153657556,-0.081360754147541348,-0.047378228742382719,-0.072999647788848168,0.99620598013861528,-13.435766895362534,-10.785379613110523,-5.3778086519227042,,0.2791633992834498,0.1851851851851852,False,2
-0.89175381889154559,0.45252085388685737,-5.7357245324254902e-05,-0.44884407667159504,-0.88452434051267792,-0.127105019088293,-0.057568405650733727,-0.1133206417124501,0.99188926339219474,-0.57686979499778468,-23.263303371127282,-4.6161115903494654,,0.2664025416279886,0.6206896551724138,False,2
-0.073895700218298346,-0.93776819661782396,-0.33930846570842099,0.99721078264904939,-0.073062715884882751,-0.015247770853344476,-0.010491923451807161,-0.33948880535251852,0.94055157784281129,-11.000836085087334,-15.182311676473583,-5.1921803222304606,,0.388568354909224,0.1428571428571428,False,1
-0.81340318413920398,-0.57658468177495614,-0.076976391021371299,0.5793410336199627,-0.81488605925323687,-0.018018801260954703,-0.0523376231439278,-0.059252132258687765,0.99687008081617212,7.4442923041726159,6.259212384108567,-4.9152663051615306,,0.1290046711582496,0.3636363636363636,True,5
-0.41092823580101395,0.90519048406818547,0.10848120839052748,-0.9114024047828011,-0.40501954259519729,-0.072834241069039643,-0.021991852527517182,-0.1287996803892773,0.99142675006983083,-10.801032545492545,-11.560963561566576,-5.2641944352383572,,0.2974366410923386,0.5161290322580645,False,1
0.73503330308322323,0.67801460922970724,-0.0047151913697900394,-0.67651520775195373,0.73383708654599866,0.0617276606555857,0.045312438015374469,-0.042181987634151763,0.99808189187076968,3.3880447838451153,29.777513804154243,-5.6587181786464837,,0.4501899949986511,0.9583333333333334,True,5
-0.50252228871362026,0.86426161781259458,-0.022873681863215693,-0.86436843546167075,-0.50279566865445235,-0.0079826912669453583,-0.018399921835873446,0.015759808319796162,0.99970649258577637,11.393947420352298,5.2820084853080287,-4.7563188591523708,,0.2754453839466856,0.4230769230769231,True,5
-0.19155545164777676,0.96441181218272609,0.18225357463283492,-0.98113871955923393,-0.1832487787306302,-0.061536152588535092,-0.025948447461903151,-0.19060362435211622,0.98132407310640957,10.657005510284399,10.295129611224219,-4.9277843716108523,,0.383828957989563,0.4893617021276596,False,5
0.80068436404945509,0.59870287744915462,-0.021433938061468823,-0.59357474156413148,0.79765203056648903,0.10686563671373238,0.081077588418714541,-0.072843000125336912,0.99404241458246956,10.052036335384173,-12.440010366224577,-4.4322583288664896,,0.2230003012517672,0.1111111111111111,False,5
0.68754816054193768,0.7261294260775234,0.0036855826845432066,-0.72445235571538824,0.68559680752204455,0.071594705209287346,0.049460198481427936,-0.051894836929188962,0.99742699716133121,-26.393814614127098,4.7873442709666492,-6.2236314214435291,,0.1083233380167894,0.4166666666666667,False,1
0.42182991320855978,-0.88671280440499156,-0.18920868591767653,0.9058560361557515,0.42103754320621567,0.046392121864207769,0.038527471791545226,-0.1909654149711647,0.98084037651507916,-21.413075622247533,-9.067054592719014,-5.7909996393553067,,0.2003325333972207,0.3297872340425532,True,3
0.11962758314290313,-0.94604291233884863,-0.30115120681281937,0.99281615744687746,0.11469572912927291,0.034072969226674174,0.0023062662043219643,-0.30306385091748278,0.95296746188065662,-12.856665103590814,-7.0455740355471619,-5.4093575244821617,,0.2556612598493743,0.12,False,1
0.99040901694815164,-0.096039897038422931,-0.099329337683511029,0.11068621025363454,0.98179385913271999,0.15436768129685929,0.082695477551580965,-0.16388153143697948,0.98300778310570158,1.0485017593300021,-6.3034517190909396,-4.89793636280959,,0.4970606063680115,0.336,True,5
0.84766654051230494,-0.51943701604500714,-0.1079195184299816,0.52781833958719826,0.84624062461291938,0.07269529317740113,0.053565254515526892,-0.11858326870597832,0.99149824603561032,-1.5389046140389182,9.0559698079000217,-5.2802379641193546,,0.08786962767917506,0.3157894736842105,False,4
-0.9946601926923444,-0.020940061026278968,-0.10105748323328168,0.030481931126579345,-0.99512240976441846,-0.093820261454828635,-0.09859996423946496,-0.096399706580848357,0.99044694134673539,-17.457949682262626,2.3536549504449873,-5.7473168130026702,,0.4770141661785046,0.3103448275862069,False,3
-0.37458483361416711,0.92572906900602814,0.052075841073195399,-0.92716222851673724,-0.37352634221073944,-0.029125138395284092,-0.0075102888177195903,-0.059192587981094266,0.99821832936987098,-8.62221747988003,9.443053938479272,-5.5584330207932151,,0.3098475102646531,0.2051282051282051,True,4
-0.65709319314051484,-0.74469454181300043,-0.11686990597381561,0.75220637383542577,-0.65787293321290641,-0.037266270368895099,-0.049133559709866909,-0.11239770077618597,0.9924478072777756,12.957387518134549,20.435311295281817,-5.1074902524945971,,0.141030201333365,0.6666666666666666,False,2
-0.63559346779981662,0.77201437763808511,0.0038398450859748953,-0.77048873425584408,-0.63400821757343118,-0.066186784437595139,-0.04866265585673904,-0.04502644522324132,0.99779986227475892,-14.623707118010742,23.385623332832182,-6.0201588851991064,,0.4725593092941327,0.4,False,4
-0.5312975980294089,0.8469456222452324,0.020148828447751767,-0.84664913102348416,-0.52996520145150583,-0.04818852755214887,-0.030134884525411659,-0.042661437037460989,0.998635013668427,-11.489963958104761,5.7686616382350069,-5.5715919770135116,,0.1393988314075086,0.6403162055335968,True,5
-0.9845725703525372,0.16950362290676194,-0.043420911216603575,-0.16301212313231056,-0.97874447696564049,-0.12444394931514764,-0.063591677295809168,-0.11544596411627768,0.99127611085306022,2.7337183889454502,17.574833310568696,-5.3108042183681139,,0.1452635043290305,0.1111111111111111,True,5
0.50546185274616007,0.86046530320212689,0.064091944920480121,-0.86281929937264501,0.50343235891721416,0.045811752041870123,0.0071534640920189879,-0.078455860076350137,0.99689192291399531,12.475794056270269,7.4314127811350597,-4.8135298004793503,,0.4012832919513573,0.4666666666666667,True,5
0.10256373377226784,0.99471992837406387,-0.0035978618912913263,-0.99455879917719159,0.10261217865474505,0.017987100126171409,0.01826131139632662,0.00173346105353233,0.99983174565466881,-10.244647637505626,18.845579065160717,-5.7852228911202417,,0.1590436442438488,0.4736842105263158,False,5
0.86690066869740823,0.49848090493638303,0.00013426015804089697,-0.49461663674233769,0.86014684348909598,0.12450618576376829,0.06194847269855544,-0.10800090300339316,0.9922188224785734,-11.41694912420569,17.803852401986404,-5.7947810577174783,,0.1204284992766738,0.125,False,5
-0.048476643905797034,0.99540407976982359,0.082587728950619971,-0.99882137541751426,-0.048511155948677151,-0.0015898923195764719,0.0024238408972694632,-0.082567461666891773,0.9965825300842831,-20.746026351722154,-12.185687309853684,-5.7303662686180754,,0.6691673584551108,0.7575757575757576,False,1
-0.77703462983673499,-0.62189364087439281,-0.097290716281050377,0.62751494242198047,-0.77746203097488409,-0.042163816591324704,-0.049418428461727601,-0.093814123842840547,0.99436247369657571,-1.2992425709294964,14.744456180174801,-5.4033086191487536,,0.09905846855898306,0.5714285714285714,False,5
0.89402333542947288,0.44588037527412239,-0.043737474240855834,-0.44387959007691447,0.89477158704941739,0.04852542140176079,0.060771582344975594,-0.023968686957692192,0.99786387690146061,-14.047027266573163,18.486113773616072,-5.9130952852668646,,0.1969633018144984,0.4814814814814815,True,5
-0.71177338746031416,0.70056620798333746,-0.050849121281651317,-0.70117324006094939,-0.71294932035848779,-0.0077041562029678042,-0.04165011795540411,0.030170429765197848,0.99867663076797963,-7.7721673949024588,16.6389569859742,-5.6430030590866442,,0.08686123652548998,0.3703703703703703,True,4
0.2815414749830768,0.95949833956738095,-0.0098658112586673952,-0.95864054128545484,0.28170735125909596,0.040611338940172083,0.041745783838404618,-0.0019760096210246769,0.99912631079243119,-5.2890846271955789,17.919808490062582,-5.6130943780258278,,0.3061806220074765,0.7804878048780488,True,5
0.95750503107998708,-0.27314328824973033,-0.092611335918657361,0.28524960979370173,0.94429682224160683,0.16412242874435018,0.042623650348774286,-0.18356539866905236,0.98208297452018645,3.9115354125436443,-10.392586284541505,-4.6800665289797143,,0.2102595277375452,0.2608695652173913,False,4
0.54402891705825185,-0.83332738421709462,-0.097969424405375788,0.83881710632538231,0.5429936541580721,0.039290630943984522,0.020454817044848153,-0.10355366849107195,0.99441351469180228,18.253023478438159,-15.998717457268285,-4.0963630248587366,,0.2693912883449995,0.4117647058823529,True,5
0.65747242581489174,0.75192204237481264,-0.048407142902369839,-0.75205219035566095,0.65882335969002737,0.019216755917575129,0.046341258877295954,0.023770210719165949,0.99864281142360001,1.4136050003868417,14.454317042951939,-5.2861779159142701,,0.08257010987576338,0.2352941176470588,False,5
0.92243097581992928,0.3844734697556243,-0.036072786168593912,-0.383382440769581,0.92297481814856863,0.033695536398406709,0.046249313048442514,-0.017252133714083521,0.99878093940806645,5.978888009916095,-7.8145952467600992,-4.6562775290722866,,0.08748292867852125,0.1578947368421053,False,5
-0.99803822973655665,0.012554218443162081,-0.06133582626492666,-0.010846923378162922,-0.99954656435039713,-0.028089320898616335,-0.061660653885181604,-0.027368911096325155,0.99772185826905346,-26.812762922364413,10.026734000838708,-6.3220750900011016,,0.1482066170850376,0.5625,True,2
-0.34046097397410585,0.94011812808423123,-0.016255166809463571,-0.94010169860704706,-0.34066913276399269,-0.01238298259599986,-0.017179099998165012,0.011065587613379092,0.99979119384700665,6.2377352599665414,10.071999479927765,-5.0441050591904357,,0.08405406766851334,0.2571428571428571,False,1
0.90592333101864697,0.42153628714849739,-0.040125763957071327,-0.41885542838194845,0.90598792731757138,0.061204621310692223,0.062153426543140163,-0.038639800360125098,0.99731836311033395,-23.523471653420987,-11.981869293165932,-5.8589184519727366,,0.2091695022552534,0.3947368421052632,False,1
0.72624587062932988,0.68693384496347465,-0.026245533668477563,-0.68564980322121116,0.72658144791099044,0.044314183895030466,0.04951043058347087,-0.014187748068847324,0.99867283184643285,9.9531926636756722,8.8804089903508991,-4.912267894893672,,0.08307359384981253,0.4090909090909091,False,4
-0.36770501750341045,0.92989980476429779,-0.0089091639414667703,-0.92985747308703781,-0.36778406704047795,-0.0099979885653277457,-0.012573776163256984,0.0046079421095177042,0.9999103294908549,-19.09806289385434,-9.9758820847599896,-5.6654923085845619,,0.1308679866612141,0.4,False,2
-0.98276765789605025,0.18074094089140502,-0.038735550586014238,-0.17265428797368054,-0.97241316610896955,-0.15685385306785124,-0.066016872372245905,-0.14746303490576659,0.98686190822149333,-1.0337271780678281,6.3247898621453915,-5.2146597730487434,,0.08140324696643327,0.2903225806451613,False,5
0.65456396879364165,0.75578842020842329,0.01816245126554171,-0.75422290665115732,0.65118179179034996,0.084321296974071161,0.051902002271558154,-0.068892219586582149,0.99627307714332924,-15.082711879073834,14.953863717197542,-5.9201428983554392,,0.1033642408567871,0.2142857142857143,False,4
-0.29865137223533311,-0.92475766521794578,-0.23586143915995869,0.95192458444830541,-0.30630076359749703,-0.0044076912904580257,-0.068168492611134474,-0.22583866551200782,0.97177669954310075,11.053141319007723,15.441315299902563,-5.0806424417702685,0.235621833082081,0.308894326925621,0.3333333333333333,True,6
-0.79734123219349939,-0.59446964746454301,-0.10417676174432966,0.6013682310932148,-0.79715395208168127,-0.053868611569031069,-0.051021662810717759,-0.10560026005621102,0.9930988747350844,1.5698371477566992,3.7136866099863659,-5.0417907808398361,,0.3678165281104795,0.6871165644171779,True,5
-0.060093927139473438,0.99815824213110516,-0.0082972035468565769,-0.99818708577424897,-0.060063566399994106,0.003861319052511511,0.0033558478015913436,0.0085142032543164201,0.99995812243737314,-12.336605856441347,9.0715714670305339,-5.6847077500477381,,0.08455653715619695,0.3174603174603174,False,5
0.31286643187558738,0.94973108672511408,0.011200835387208244,-0.94948648172040584,0.31244076009239763,0.029260766618283238,0.024290262156742931,-0.019789753429936344,0.99950905389773148,-2.906448859953314,6.2732422250248696,-5.2704118709692969,,0.08424576835616797,0.2738095238095238,False,5
-0.63696130773982162,-0.75774564246708498,-0.1417809358289098,0.76931451782174498,-0.63658544405183726,-0.053982822175406821,-0.049350431721241539,-0.14345910129186679,0.98842502049748693,9.8848272672944351,15.798191639981589,-5.088529144509808,,0.08056110502858327,0.3636363636363636,False,5
0.80130309578846315,0.59825410697344983,-0.0023177940429078905,-0.59560897973434601,0.7981124537413764,0.090920044229700112,0.056243150157478196,-0.071474013965351954,0.99585549824663011,2.443046900915534,-5.2591600961103184,-4.8581272742064456,,0.0755366483854861,0.1206896551724138,False,1
0.6037820061725484,0.79709058112664566,-0.0096899175145316388,-0.79599461276127992,0.60351682069228629,0.046476054011650197,0.042893653111760285,-0.020348282990469514,0.99887240521603515,-21.820930195783582,19.682134951883434,-6.2400656130354042,,0.130771485998799,0.3125,False,3
-0.775461752126263,-0.61817038517393952,-0.12854744603907603,0.62829368996346591,-0.77564431162047454,-0.060190871424925643,-0.062498881120847866,-0.12744126782445014,0.98987504924305403,5.8583799241665471,9.5476048289189599,-5.0331799050348032,,0.490483926645665,0.2758620689655172,True,5
0.89770393745334554,0.43806266100298313,-0.047209593471510727,-0.43584086937231359,0.89860153305835011,0.050576885728253057,0.06457845821592334,-0.024827199201043954,0.99760374543918284,-9.515743899032735,20.516211698349725,-5.7852369678000812,,0.1128526940374475,0.5882352941176471,False,3
0.58591769458029175,-0.80178222485502093,-0.11766783368554778,0.81027134702395021,0.58190926311083258,0.069584148322745759,0.012680669134952239,-0.13611345786637513,0.99061209724995258,-15.962394071521148,3.5015338182894533,-5.7005828159267171,,0.1322629145444032,0.1578947368421053,False,3
-0.029494982543669557,0.99546963116790177,0.090389487370999458,-0.9991182318209868,-0.032064187283763451,0.027104367484559723,0.029879840154441003,-0.089510341951504035,0.99553759036817469,4.2884435416181779,17.725486592697202,-5.2861645772312613,,0.1762966533166854,0.3333333333333333,False,4
0.89991445299417339,-0.43071981193347897,-0.068076581143474937,0.43437032651420865,0.89917907798255703,0.052909405235517182,0.038423908392240365,-0.077184385250029811,0.99627615345216292,10.048580421353954,5.9033427786330099,-4.8210812614257375,,0.1183109192726008,0.3684210526315789,True,5
0.62016119310647388,0.7803380245067878,0.080452856217785057,-0.78316289286158902,0.60993206682773116,0.12099073146286879,0.045342891498258271,-0.13804144799333576,0.9893879829604163,-21.91906757841663,-10.443755876380454,-5.7925584135893757,,0.1785227085726652,0.2857142857142857,False,1
-0.71268848711544219,-0.65670247377007462,-0.24661099180159515,0.69885738318671686,-0.69507503952948235,-0.16872773153368242,-0.060609226183116385,-0.29259622411670438,0.95431335070517098,-13.377407721117665,3.116402192460884,-5.5933141389374414,,0.2067506178627647,0.3648648648648649,False,4
0.98891547229834276,-0.11157087309338246,-0.097970040962149521,0.13372859679027008,0.95598725959032194,0.26116091189435514,0.064520160023439785,-0.27136746263722572,0.96031080863040541,-11.592776705678622,-13.569444353395905,-5.2670334690220866,,0.1805878311796686,0.1666666666666667,False,1
-0.046177468438335381,-0.98376178777222467,-0.1734369808542118,0.99874871399070375,-0.048804880312608948,0.01091283462665287,-0.019200200794348723,-0.17271603451002915,0.98478450623097658,14.537279175657623,-6.1823014108457341,-4.4352136878629036,,0.1113880471475036,0.4285714285714285,False,3
0.67769424150915003,-0.72960350923597694,-0.091701877493786471,0.73414887925653494,0.67841775823539008,0.027834661794986327,0.041903915231292388,-0.086186220600600383,0.99539740670089805,-10.873824611384544,15.751947538876927,-5.7461764742486583,,0.1373565317669177,0.4444444444444444,True,5
0.50617153060645936,0.86214914944661802,-0.022118447323145534,-0.86152417185921504,0.50664888630572957,0.032909076368939034,0.039578818903638222,0.0023979394563739057,0.99921357425755375,-13.035786987052418,18.108213711878403,-5.8750327860473499,,0.08471893298369267,0.3076923076923077,False,3
-0.35621732273991646,0.93417257093594253,-0.020756365070451949,-0.93423385106207568,-0.35648772451863281,-0.011118174186924635,-0.01778568271755647,0.015430812631196344,0.99972274131971794,-0.8155428853850164,10.437899181445044,-5.3003665286391453,,0.1319834340237738,0.2835820895522388,False,5
-0.97249315226099342,-0.22807647918827884,-0.047309496367577426,0.23289414015047846,-0.9557068594443906,-0.17995754581152679,-0.0041699267432968173,-0.18602558547688305,0.98253605188763282,14.612730546364041,-2.8471410114278504,-4.4897868349901611,,0.2593615539440057,0.5555555555555556,False,2
0.064990986247836058,-0.96136959832894198,-0.26747834887217259,0.99775627014410373,0.066924152561010669,0.0018929321482612227,0.016080954407650668,-0.26700122324221776,0.96356201133736064,20.212397207675103,0.22800673177870506,-4.383138874411066,,0.7708388036265615,0.5,True,3
0.2310326217432605,0.95843969691942688,0.16738361646061231,-0.97272522696185448,0.22387157940673286,0.060721896923135413,0.020725841899534483,-0.17684700535472114,0.98402010963934228,-12.127009745909502,-11.970387008737955,-5.335643599287577,,0.4677283491666527,0.4333333333333333,False,1
-0.1468025001833925,-0.98155827227341041,-0.12244339129386117,0.98904813560684446,-0.14756553900448691,-0.0028630667018019994,-0.015258158228591617,-0.12152271322658914,0.99247136924826118,-11.339001278544474,-16.602914764445341,-5.1845009224344221,,0.1268844360953481,0.4666666666666667,False,1
-0.18435636742485323,0.98079979210741042,0.063596364612871076,-0.98283707118582031,-0.18352904142246687,-0.018665006226341242,-0.0066348543911250862,-0.065945877480030307,0.99780114248812013,-9.7516170185947271,-19.047966341049605,-5.087741536717644,,0.09925756785501895,0.6153846153846154,False,1
-0.66963809510142869,0.7421337044234243,-0.028677279293824201,-0.7423369583951368,-0.67000914709365467,-0.0048562342911956033,-0.022818014584694731,0.01803628480590283,0.99957692582452795,-9.3558247782547301,4.9175579635736701,-5.4718679003612145,,0.1073844163351806,0.2352941176470588,True,5
-0.35441195707418721,0.93184111539739889,0.077873617726253869,-0.93477928973030555,-0.35520826017266688,-0.0038433574400111494,0.024079953782123114,-0.07415677689892694,0.99695583064938864,13.542904293403616,-7.7229431962186332,-4.4249575309246696,,0.2602532347182154,0.56,True,6
-0.46918687255564445,0.88294845072943395,0.016300674094839568,-0.88290398451978469,-0.46861558782212043,-0.029664540603498289,-0.01855351019460913,-0.028310143140247594,0.99942698735567337,-3.8669287216187405,20.090214975875398,-5.5915883897962653,,0.1358909172906804,0.4090909090909091,False,5
0.24408882414708977,0.96720686178226167,0.070224870578735166,-0.96966732349243612,0.24438840464113443,0.0044259945748238456,-0.012881291763886547,-0.069175098108135102,0.99752136725196194,-0.54097394453836301,17.16597340997782,-5.4014528582842907,,0.2383478268957481,0.3125,False,3
0.67538620732272436,-0.73019610306061367,-0.10328176040966926,0.73656537371959985,0.67482736438299129,0.04560129951231795,0.036399466967698219,-0.1068722571811782,0.99360625976765471,-15.064310173035539,-7.3306988381114957,-5.4997403066250357,,0.07833372438395271,0.2162162162162162,False,3
0.98868100523627411,-0.10850073398888027,-0.1036217188086842,0.12528632416969407,0.97703591204278506,0.17234895867039854,0.082542152025726276,-0.18338052596336027,0.97957050580158067,-5.0746741311930821,14.288850907807911,-5.5509462390294519,,0.435969816767342,0.2,False,4
0.98446923218841509,-0.13362844181488434,-0.11385855441063117,0.15127657668111896,0.9748022855717613,0.16393871230344631,0.089082704393131873,-0.17861675056443235,0.97987771083733188,-24.994198287291155,2.7451692843276367,-6.1224144685549033,,0.5066292504395435,0.8235294117647058,False,2
-0.42078581354312206,-0.89131299094347249,-0.16882076678020458,0.90656402957753035,-0.41990825801662091,-0.042646396396408416,-0.032877946970662195,-0.17099183321097572,0.98472373464751328,-7.9103652658102357,-16.950861004904954,-5.0378828595738749,,0.2015238242489276,0.375,False,1
0.25792724729455724,0.96609607900007655,-0.011484826673985718,-0.96534285293298661,0.25817981973814602,0.038162245363467247,0.039833546091898001,0.0012437124497276658,0.99920555532137034,-17.261864869671285,11.66974358567064,-5.9339831384302402,,0.1681508281616602,0.4482758620689655,False,2
0.21769493019014904,0.9731788965040159,0.074375753903627773,-0.97569797267969749,0.21504321189059411,0.042069978945872596,0.024947614680270937,-0.081726693430016512,0.99634249337402137,-6.2824800660929876,11.835202663039242,-5.485815990815051,,0.2512838798371936,0.4266666666666667,False,5
-0.85433423752668158,0.51897539321948827,-0.027884616231555595,-0.5178953157834234,-0.8545988487104752,-0.038016439500796737,-0.043559757566951726,-0.018037433725651343,0.99888798095947717,-16.491425242037817,-7.1742960268889604,-5.5848768949304519,,0.2806901727744204,0.7944664031620553,True,5
0.81615859194792406,-0.57238890894570704,-0.079095446806528857,0.57585191001409486,0.8170222040942664,0.02948382183612306,0.047746523671362978,-0.069610738631971564,0.99643093817103578,3.9538208015917733,5.0950602013679731,-5.0011698402705482,,0.124290974964613,0.3684210526315789,True,5
0.32270932599133889,0.94514575450877347,0.050578588871738481,-0.94536593013685011,0.31924981239343225,0.066051611814140515,0.046281195476169421,-0.069130745842923294,0.99653348710642786,10.319825826271002,-8.5774422604164204,-4.4825326404462862,,0.2104025778544905,0.4390243902439024,False,3
0.81959005249169392,0.57143054421059991,0.041704664005835987,-0.57142442794573811,0.80992998602521704,0.13224046613679585,0.041788383595779542,-0.13221403435478668,0.99033993159726852,-5.7299456184467266,23.422020816440131,-5.7087807121527092,,0.4501897375335243,0.3333333333333333,False,5
-0.28976546286735233,-0.95364997476108049,-0.081164660828839358,0.95675468187337775,-0.29088834557300675,0.0021092944724495234,-0.025621382527910453,-0.077043468561523901,0.99669847431877268,-5.7481664138390425,2.6588919553549206,-5.2805815227538275,,0.2121813196015053,0.7664739884393064,True,5
0.16452681549330714,0.97147671028260663,0.17077449564297997,-0.98612293879110757,0.15810592891668285,0.050636595772039508,0.022191813211619758,-0.17673572536382032,0.98400813350627525,-6.8763268611546904,-15.257052011935613,-5.0148626774999849,,0.09172217936063051,0.125,False,2
-0.25223936281942605,-0.95161101520831715,-0.17553284472897526,0.96722162489334818,-0.25343084212670153,-0.01597299588750991,-0.029285357828128158,-0.17380818160589401,0.98434398653302679,28.619757192405633,-2.8867298345603327,-4.1179478284130333,0.4170180883652568,0.3741076013624867,0.3947368421052632,True,5
0.58618109907057747,0.80863489492256591,0.050013256302511064,-0.80906736001238544,0.58102542993866091,0.088427692083323697,0.042446743750244528,-0.09229873497597274,0.99482622475829208,1.8256939110988311,-11.149050617264226,-4.7507537023012167,,0.3291853452882549,0.4594594594594595,False,4
0.62940906851365819,0.76983771832314118,0.1058022302212408,-0.77649992194538264,0.61785368693413456,0.12371213667506742,0.029867970998766771,-0.16002096421692941,0.98666164175947391,-7.045617631047282,24.62960678710574,-5.7859831372372543,,0.4040731225797238,0.3529411764705883,False,2
-0.058062612124370368,0.99739959774684783,-0.042693974840962184,-0.99831213647547701,-0.057955067635859739,0.0037534385689361339,0.0012693459192727454,0.04283984768587204,0.99908114595921982,-22.659841564075538,10.191271498588492,-6.1398525571758764,,0.2047911147856228,0.7671232876712328,True,3
0.96430537847155662,0.25772745223011223,-0.060759340169265097,-0.25093933815253561,0.96271888631016489,0.10100393313769543,0.084525650653494155,-0.082151727362800991,0.99302895631140209,-9.3572821272478368,12.640784416381754,-5.6554600978296738,,0.1006241525881828,0.3611111111111111,False,5
-0.96911619311169939,0.24135224695388904,-0.050625064335719672,-0.23872681769639226,-0.96965007061323205,-0.052803854710682142,-0.061832926190179847,-0.039087510154298052,0.99732083894236201,8.2811311994010257,5.377198432026332,-4.8474665945674884,,0.08480149918304454,0.25,False,3
0.030492494469112699,-0.99119471945225879,-0.12885354442547747,0.99953150238820276,0.030578784306619398,0.0013090775037461495,0.0026426340330631638,-0.12883309388618516,0.99166277050471163,-13.928328157212382,-8.5866733875251953,-5.4240955581508086,,0.1236401510980522,0.2413793103448276,True,4
-0.62117098997256004,0.76347270715711479,0.17679374039455201,-0.7828202654921308,-0.59396381839657808,-0.18547079115210216,-0.036592801906105824,-0.25360679774395523,0.96661500039401282,-3.855181418962589,-14.518848842441226,-4.9164461420529051,,0.3831424272825221,0.1428571428571428,False,1
-0.75354439457120226,-0.64701402552380249,-0.11637738691775694,0.654456770011002,-0.75505009689529246,-0.039820690164487894,-0.062106212226211904,-0.10617062660592229,0.99240647743201427,15.295204544437864,7.6698384502213663,-4.7390067656536798,,0.2955188473258166,0.2857142857142857,False,4
0.98663721044478869,0.15252756802665268,-0.057291848963006702,-0.14918811625884312,0.98706760372326019,0.058655363328154568,0.065497487988953135,-0.049324301027938867,0.99663292760937883,-24.275708635878559,14.352630408541884,-6.2674248091787366,,0.2092188082667931,0.5625,True,3
-0.40523427348398583,-0.86206619761492054,-0.30434693118817457,0.91365645729938794,-0.39350024341373152,-0.10192858513913609,-0.031891403685605141,-0.31937349508543666,0.94709213332593722,-11.456282525100276,-2.1155538313858506,-5.415335662366088,,0.212264070440857,0.2978003384094755,False,1
-0.98479642018919922,-0.15991893939432936,-0.067837626768118178,0.16273511239003235,-0.98592961692898196,-0.038210910191640995,-0.06077247714172284,-0.048669531385281829,0.99696438388580122,-5.0554690604469092,12.306222303465191,-5.4508843089799477,,0.1012772162825368,0.4166666666666667,True,5
-0.021350993114610681,-0.98908072918668954,-0.14581991031593367,0.9996868396376154,-0.023024997327138599,0.0098016403444592323,-0.013052116624391355,-0.14556497054446979,0.98926259486650536,21.530846739505854,18.628792703854174,-4.823363842757014,,0.3423847573308407,0.2142857142857143,False,4
0.27264159526834852,-0.93409773111864458,-0.23049509593163059,0.96198204083111505,0.26865791505821685,0.049127159443383278,0.016034763731767286,-0.23512624990752004,0.97183256426016806,11.452972630529585,18.989236419298351,-5.117846140159517,,0.5261704328574451,0.5405405405405406,True,6
0.99675805422195252,0.080404303905166952,0.0029204892045575706,-0.080209341882400434,0.99018327696257491,0.11447069274906019,0.00631211679712778,-0.11433383548706431,0.99342233276907832,17.436625447471428,-14.04861798701516,-4.1887457197532036,,0.2381896233788287,0.4117647058823529,False,4
-0.94516046706066414,0.32426262220765906,-0.039056924413988552,-0.31455883998871786,-0.93594393798678388,-0.1583088157076005,-0.087888723341616182,-0.13734153335682506,0.98661688386352719,-16.696113386272042,-0.040200517812551309,-5.6993399836440544,,0.2577667035527543,0.2327586206896552,False,4
0.9831825726820882,0.17281431758265198,-0.059052861172622019,-0.17123112597117471,0.98474520784222508,0.030931814211527353,0.063497482413670203,-0.020299932763806303,0.9977755170662943,-6.0838621650017854,-3.4631196317456934,-5.1999442444912125,,0.3824744622466569,0.9338103756708408,True,5
