axis_00,axis_01,axis_02,axis_10,axis_11,axis_12,axis_20,axis_21,axis_22,location_x,location_y,location_z,dbh,dbh_approximation,score,reconstructed,number_clusters
-0.90513001620198674,0.41752134905751215,0.080097296155280162,-0.4205920498173249,-0.90689083081507238,-0.025521532360119531,0.061983718835290844,-0.056788590973389196,0.99646027243167345,-18.85354676316652,25.95816471516299,-5.4100804153441056,,0.1530091952228816,0.2857142857142857,False,1
0.98112840702102255,0.19194403530963944,0.023335300414685799,-0.1931094888414488,0.96660067383399517,0.16849885062831071,0.0097864322296801424,-0.16982527683686927,0.98542559388900386,-17.147615904938281,-14.899612630027427,0.4504281198242564,,0.1220847103561524,0.6666666666666666,False,2
-0.045182988212843438,-0.99881285582263479,-0.018203752898537692,0.99177168314290398,-0.047034490956250133,0.11906588586315629,-0.11978074174110706,-0.012674214134193517,0.99271946601445848,-14.414186005258692,-10.501188721414215,-0.090882738373346927,0.651162489990588,0.631703127593519,0.9845758354755784,True,4
0.79680474133634449,0.5890299170442832,0.13470694492388363,-0.59724897511898956,0.73396125063197637,0.32341079804184369,0.091628957776666256,-0.33814884207631157,0.93662131872983334,8.2013566066586598,-11.473931006945437,0.92253749551208242,,0.5386790571589944,0.4,False,5
0.99981735967132424,0.012936526865986647,0.014067465034983604,-0.016817584329912112,0.94519671810198402,0.32606798822722255,-0.0090783344932411931,-0.32624501584221544,0.94524164819422996,6.8888168969879136,-14.927388069916603,1.3000115283483695,0.4840056433985178,0.4697479882522885,0.4883720930232558,True,5
0.88153438680024265,0.45869732327812107,0.1117760730487852,-0.46517307476108533,0.80340566887701126,0.37168984615348361,0.080691606788054565,-0.37965260019361086,0.92160336791929798,1.3826038414284219,23.292292830642047,-4.6745708313530292,,0.5722308505664857,0.375,False,2
0.86019217843923523,-0.50231177150173101,-0.088047148521435442,0.50522811050572614,0.81590661655591823,0.28114222275404982,-0.069382796908000199,-0.28632023552495678,0.95561851709882473,-1.7088133969705879,-19.80171079290605,1.7552780021146519,0.1936326622434528,0.2143628892147804,0.3157894736842105,True,6
-0.43035181990976029,-0.88109316700044049,-0.19614316752181835,0.89732740355841567,-0.44117415799705351,0.012995889300243021,-0.097983886039851462,-0.17041183462637116,0.98048914562875455,-1.7137685625469248,-15.007171695541084,1.014538409913752,,0.2341297904299982,0.1333333333333333,False,3
0.2843921794841941,0.95561303976851919,0.076972764485896197,-0.95265163884881521,0.27267293489616101,0.13455231537874351,0.1075915575075332,-0.1115938564594184,0.98791237868224868,-11.554737314249042,-11.406276505046227,0.15123947060046197,0.1409958112421823,0.1147394797746793,0.3382352941176471,True,4
0.65111390170358785,0.7376003935325417,0.17887522597881142,-0.7550055834172974,0.60537184626513152,0.25197519075943386,0.077570974062709991,-0.29911634393691405,0.9510584402510589,-33.015610462711379,0.36163761581034365,-1.9879744815595402,,0.4454616376579783,0.125,False,1
0.98020160631270248,0.19396850851549519,0.03976215142912181,-0.19728603041028125,0.93969855712290429,0.27936507288149959,0.016823590192098899,-0.28167861020213503,0.95936131221122445,-13.163272933902581,-14.296403399421347,0.5235308390261213,0.2437549505913066,0.2221530897823655,0.2888888888888889,True,5
-0.92197910432183749,0.38258428433832159,0.05986481914477542,-0.38288986326435154,-0.92376944411233874,0.0067354831888071925,0.057878180718717462,-0.016711657659096962,0.99818376899996553,-30.878362107904476,23.919311961106807,-5.1662994995275842,,0.133684183848194,0.4,False,1
-0.45939286497409432,-0.88521368554678881,-0.073177363518815652,0.8811807062046817,-0.46455721175710707,0.087790432377801458,-0.11170836416093698,-0.02415218261635399,0.99344748902564251,1.9646300950341369,-16.578595052889117,1.4118960879315328,,0.314812190496794,0.3333333333333333,False,3
-0.95064232070789589,0.28744237304814568,0.11685914707697548,-0.3063218404269723,-0.9294177374199678,-0.20579018306659302,0.049458145502435859,-0.23142936621267388,0.97159371153680352,-6.7578423215662005,23.337821951409804,-4.870938954347408,,0.1927131179745462,0.2352941176470588,False,1
0.89420780786969867,-0.4475968126368865,-0.007034888923650829,0.439689904932339,0.8752436852010691,0.20154721287143287,-0.084054647970585095,-0.18331826104606108,0.97945353709177518,-14.854991600963411,-5.8652599556403118,-0.77729674841701391,0.1776517869588549,0.1388715738895672,0.6,True,2
-0.50995243978285909,-0.85425572097428626,-0.10097362201196158,0.85487696486807419,-0.51633330315772152,0.050845796170270116,-0.095571356051180903,-0.060391085707590532,0.99358896565410748,-3.6659063552099105,24.48969515054397,-4.9563994090299479,,0.1950207840739891,0.1578947368421053,False,5
0.23080881039035411,0.93235673807309838,0.27827721073757017,-0.96262089337722467,0.17714835400112014,0.2048889365200775,0.14173323068294211,-0.31516562890706573,0.93839347699980868,-27.137094867764848,-1.0848020053818943,-1.714026055077551,,0.3695920558059352,0.6875,False,2
0.45675023392327074,0.88834303071727971,0.047179270734904327,-0.88451058536192118,0.44783852462675977,0.13069690219297614,0.0949749872005822,-0.10142640502436738,0.99029916498504833,-10.896537095889027,-9.0979434405970903,-0.17789820688701233,0.1445898397486066,0.09750451500973836,0.4444444444444444,True,4
0.9729811433371931,-0.22542987254907884,-0.049890552940967746,0.22663681211613998,0.89125765800888057,0.39280471284642143,-0.044084578982711321,-0.39349861448680135,0.91826760276778019,16.808914899853391,-12.994675465018263,1.2493831326460749,,0.3569335899570381,0.3333333333333333,False,5
0.86854011241408302,0.49372167221192931,0.04332416780491738,-0.49257961784796633,0.8502437960363245,0.18560928689721495,0.054803222610389023,-0.18254971292773223,0.98166807481017693,9.353369265458328,-11.789914272517775,0.98104400214353693,0.2022814144421928,0.1556484419531411,0.1666666666666667,True,4
0.97057192497569289,0.23817033913475041,0.035567232186622763,-0.24025112922270619,0.94762446761859731,0.21044539262665207,0.01641747106572003,-0.21279745752007731,0.97695839661512618,4.701378729330739,-10.250198791175761,0.62370238988292581,0.7000848121685266,0.268774137099027,0.36,True,4
-0.71460249973909151,-0.68075271797670567,-0.1609938021601133,0.69310223636114388,-0.72015843488665898,-0.031322812976797038,-0.094617954521448985,-0.13396852476953736,0.98645824901677992,-0.81141436614057172,-5.86193521116678,-0.27320746385260741,,0.354609398865152,0.2,False,3
0.99514874608983717,0.091504974867600189,0.036136030915219539,-0.098323821889314045,0.93764869731976219,0.33338768193145996,-0.0033762708576565766,-0.33532336630338438,0.94209704426139829,-0.38561623464308692,-8.6380016861822835,0.14611397013997207,,0.1344610039198988,0.2711864406779661,False,1
-0.077349178603356744,-0.99287684025699363,-0.090623863582805789,0.99059278688595021,-0.086825297235155835,0.10577002566679336,-0.11288505277012219,-0.081590120978681333,0.99025250164782286,5.8340696729718253,23.081873187118681,-4.4293426783353675,,0.1513574425579832,0.4210526315789473,False,8
0.33889048126532728,0.9322642939470992,0.12663541344770765,-0.93488616243182565,0.31858570932331765,0.15649603544004834,0.10555143296634728,-0.17142471247248861,0.9795266524972539,16.831223079051515,-15.289547289726093,1.4931205858505299,,0.142166451423526,0.3076923076923077,False,5
-0.24139229870309462,-0.95475410551883932,-0.17370767433178647,0.96889121126032507,-0.24718615743517455,0.012199357152498758,-0.054585518861113694,-0.165359008122797,0.98472169650277785,-9.8379679731355285,-23.565429153117798,1.9505243519556639,,0.3787508709231237,0.3571428571428572,False,4
0.97969171950843237,0.19809935243223992,0.030996472259591741,-0.19898150886647623,0.94148843369485125,0.27204023295835739,0.02470817386681734,-0.27268328842219897,0.96178653055624796,20.286650172860476,-13.010410883624829,1.2293707636629394,,0.4178567037840665,0.2666666666666667,False,4
0.18033476954543454,0.94585585560691876,0.26988158756591435,-0.97740906907317116,0.14157202979352398,0.15693588523234073,0.11023104184625966,-0.29208570795957295,0.95001845067306101,-2.2584150245677783,27.286682919773128,-5.2295718874912733,,0.6503674147833001,0.5208333333333334,False,1
0.96174290439563093,0.26900282133687414,0.051846580962094935,-0.2731720557246371,0.92738304516902015,0.25561243221762875,0.020678825301092905,-0.25999648006432274,0.96538811704843863,-21.415114280922392,18.517979613832701,-4.4380124550228155,,0.1914245533712857,0.2173913043478261,False,2
0.46981813818460011,-0.88233845634385932,-0.027381845984028343,0.87611253711606774,0.46225382320097869,0.13692415873076166,-0.10815608785826425,-0.088319031883367496,0.9902030141674899,-13.079721117411221,33.571171157382786,-6.137202593013928,,0.2370151117923326,0.4761904761904762,False,1
0.99847246967003112,0.015065052110009634,-0.053157986379777741,0.0033485498064275785,0.94384129091848878,0.33038221013171398,0.055149927699171264,-0.33005554345025756,0.9423490986426063,-6.6433434004848309,-18.983810410089095,1.3767586684054578,,0.3637879105250033,0.1818181818181818,False,2
-0.9990645910245699,-0.043170590300717494,-0.0024986184175967048,0.043069850249952191,-0.98824233300304698,-0.14670405331871894,0.003864060086986849,-0.1466744401515902,0.98917727311430981,2.7499837749804907,26.846144281311908,-5.0520252322952297,,0.3553558421279255,0.4210526315789473,False,2
0.8938007296603222,-0.43811989881857988,-0.09576643419211972,0.44391496991033452,0.83398673781139065,0.3277279674428516,-0.063716207892365859,-0.33543565018332971,0.9399059364840211,-22.732055095426571,29.855062473815803,-5.909700241080488,0.4136619760347497,0.3814611745678514,0.2352941176470588,True,3
0.7480799998748362,-0.66331107835194225,-0.019867740758594953,0.6572652816894532,0.73646751078289396,0.16005609968674755,-0.091535038498660112,-0.13279314325985966,0.98690795813501142,-11.369937839947285,-18.559123932899826,1.2149875848504839,0.3673805943672189,0.4309457050425606,0.8807339449541285,True,5
-0.12306809899865459,0.98987390472688885,0.070738219864514271,-0.98563379180668309,-0.13022667330667076,0.1075501836737556,0.11567312331582606,-0.056485983219030776,0.99167991924922128,-32.32917945961654,25.710000082966779,-5.3453578977189409,,0.4367499013928623,0.7777777777777778,False,1
0.79379978146538721,-0.58948921240779073,-0.14961408824153533,0.60271095480205572,0.72957337959266977,0.32320610877785733,-0.081372058515792947,-0.3467349884920361,0.93442679533943696,-11.647634806433199,29.872150156113094,-5.6930985676511829,,0.1844448653876983,0.2941176470588235,False,1
0.12443173441921715,-0.99073858211491761,-0.054348922513229217,0.98521094870217929,0.11686342300550044,0.12530892594221052,-0.11779698649277213,-0.06913756050339824,0.99062801681603052,-3.2718881799594364,-11.481643840533698,0.45829776024097824,,0.07704735614191298,0.2727272727272727,False,5
0.89592268609669212,-0.44342821813596678,-0.026343042687801022,0.44036732242100302,0.87882572227369582,0.18368987782094826,-0.058302331694762913,-0.17617254391896608,0.98263119881676664,-2.1649278743729958,-12.965114916365122,0.69657785216327217,0.7803178998383067,0.3391481760167716,0.6521739130434783,True,3
-0.28853240690536819,-0.93960493641814946,-0.18409675071560033,0.9515489375959002,-0.30274807200646986,0.053835158181992609,-0.1063187167224558,-0.15964387979190511,0.98143270891053935,-11.430511072861604,24.678322966465004,-5.0949296619953444,,0.4487650483169072,0.5172413793103449,False,6
0.96757241611714839,-0.25259363762617237,0.00027166155791685798,0.24854373396966642,0.95224977767724639,0.17733125279558176,-0.045051435866572127,-0.17151330894252115,0.98415118400678037,-6.9296674764846573,-12.947734124196149,0.51098986050259321,0.5008626021336882,0.2597858694167911,0.2619047619047619,True,5
0.46023749895261074,0.84966387207001148,0.25739609370936672,-0.88253464091131717,0.40634241567344503,0.23668216835283973,0.096509337109827564,-0.33609097834316337,0.93687181734053515,-14.590726949019464,23.591723285731963,-5.0232178602485051,,0.1647493459176769,0.4838709677419355,False,2
0.3547677765926105,-0.93473131414910948,-0.020425352888384707,0.92829081180408002,0.34955156747334726,0.12684585289653386,-0.11142707665401055,-0.063961488616240084,0.99171212282715238,-15.429651524151192,-7.8994719842301677,-0.52955834390582524,0.1493335443971447,0.1149070682135193,0.4727272727272727,True,2
-0.67159664248849826,-0.74044627612422487,-0.026405718546266589,0.73731182317270416,-0.67141570833314268,0.074647317522115425,-0.07300154250370014,0.030663639335092432,0.99686032924116719,16.452796658549641,21.745093426006612,-3.7192267118490716,,0.1487663789046367,0.2857142857142857,False,4
0.85869074608460694,-0.505759337550996,-0.08281120134763853,0.50846064085738163,0.82050457493936457,0.26122790663034806,-0.064171483445235974,-0.26642022254992354,0.96171840251130025,9.6311384679215823,-16.225651466669657,1.4701074302709887,0.3348640347510363,0.1873336910195319,0.2439024390243902,True,5
0.63563524173928709,0.76696271299528018,0.087954740258594871,-0.76736827191729906,0.61526842496529355,0.18052894641963693,0.084343196013047142,-0.18224423753755764,0.97962914573355697,10.895505925047409,-11.073392685208738,0.92723501365193262,0.1537821301631927,0.1842857823392806,0.5217391304347826,True,5
0.97442231403230539,-0.22338167152094823,-0.024531260555335686,0.21720284121402655,0.90817292862475318,0.35783356114497311,-0.05765483227346143,-0.35400926618048584,0.93346310038151625,-8.7896174062932868,30.375244745482547,-5.679349478682699,,0.2903741609435302,0.16,False,5
0.98680479354110096,0.1570695229815047,0.039312394924085781,-0.16186289990447214,0.95084355448144153,0.26400177373573142,0.0040866953421465728,-0.26688143407037529,0.96372070594634418,-2.9630635028134402,34.608457154722295,-6.0806686221181279,,0.2804214983444168,0.1818181818181818,False,1
0.80691564369847091,-0.57938195849447416,-0.11490731101975658,0.58716779470124436,0.76566769871003992,0.2626536807618543,-0.064195987572129673,-0.27940923628824466,0.95802367082262641,8.0363127062186717,-12.987999053931105,1.1003542415245566,,0.4154448641404946,0.2,False,5
-0.10140048449791522,0.98802577686413151,0.11628846028569617,-0.98813512359815381,-0.11357995776634666,0.10338554398684943,0.11535562082209058,-0.10442536782709834,0.98782003588656064,-14.453732636594898,-25.417377700817411,2.070412495360122,0.3460012696330187,0.2972689359126578,0.5172413793103449,True,4
0.021385218902798656,-0.97306261947301875,-0.22954696904290819,0.99313137070067015,-0.0057420372327497762,0.11686363651121429,-0.11503370350765417,-0.23046945045433723,0.96625621833165376,-17.044398606569235,-12.009914650854087,0.04777775969039013,,0.6567084569929094,0.1764705882352941,False,1
-0.57213825341051583,-0.8156726142348657,-0.085650483779286135,0.81552079776815634,-0.57688173512861618,0.046187574980596724,-0.087084139726792104,-0.043424072382246076,0.99525408943936899,9.9642559827562316,22.135053366198001,-4.0830993428903799,,0.1886928876029667,0.36,False,5
0.92808525395431996,0.37166445978655233,0.02287554860799218,-0.37122586130134017,0.91868417006905323,0.13494723252298879,0.029139685887539287,-0.1337345318012732,0.99058869048171083,-16.579649301051955,-7.3846696403653347,-0.6046745900996725,,0.08278094092930524,0.25,False,1
-0.1982718397816402,0.96744013434944132,0.15731453842394452,-0.97277928136105452,-0.21387283924570444,0.08921254613366697,0.11995310460456694,-0.1353439879821641,0.98351067996886032,-12.81468559975835,-12.83501460127404,0.33722892840961044,,0.2076386101426388,0.3035714285714285,False,4
0.96696506457379461,-0.25409988976879067,-0.020293100139874346,0.25067431994449962,0.93343312014357949,0.25664176499429231,-0.046270392414168443,-0.25325057993716693,0.96629353436071841,16.01074161119778,-11.808630200459506,1.0886202609320075,0.3638289352154613,0.3215754586353988,0.34375,True,4
0.97942806640658786,-0.20129968696839085,-0.014110236053343444,0.19946949275780676,0.95519606462087869,0.21866046645822843,-0.030538241501378405,-0.21697675949099854,0.97569898106269926,11.472396576781874,-17.937288736755654,1.7883369876042485,0.306352745701726,0.2296915965344955,0.5384615384615384,True,5
-0.33008512002593876,-0.93789490816399079,-0.10675652100702065,0.94116478047933005,-0.33568254391413727,0.039065146827183386,-0.072475302846953624,-0.087580653979027839,0.99351746815335362,5.1411847301318776,-15.144760501075783,1.2985914175250781,,0.1942667108742166,0.1578947368421053,False,2
0.9976027455708848,0.064645962486919492,0.024691325674709649,-0.068210529609905632,0.97875047558373029,0.19337742938347313,-0.011665576701173897,-0.1945980628854351,0.98081369700951238,8.152725810031372,24.59885769317313,-4.4863852557637385,,0.5996186073511823,0.8333333333333334,False,2
0.87697084368369804,-0.47991590683153579,-0.024553242123354621,0.47567971759458166,0.85970933385473669,0.18608779528003555,-0.068197841592256142,-0.17487305010524073,0.98222628286411084,-7.7830186219165736,-10.878056399309473,0.16926004199210098,0.5369625638469258,0.5411732729421931,0.8043478260869565,True,5
-0.91419997916586571,0.38339235678069272,0.13133430189892223,-0.4008219659085987,-0.90323161506759642,-0.15334406146815072,0.059834352493341111,-0.19282881087775194,0.97940640183591576,-19.852293637359068,-15.645555916717957,0.55731811551105148,,0.1418791365162314,0.2,False,1
-0.34834886448532593,0.90321590581584876,0.25070719194518837,-0.93057156532647867,-0.36536764403704458,0.023303358055192513,0.11264825971852824,-0.22518328572981847,0.96778244322281004,-18.375677939663998,-16.124790805718355,0.64091627558996911,,0.1748063142858128,0.3333333333333333,False,1
0.90303820065950735,0.41850680458523887,0.096819743159613655,-0.42818971610373169,0.85900376418499491,0.28065298882965195,0.034286661730861784,-0.29489758837919267,0.95491352341219427,23.982098478986572,-14.105208542800323,1.4161633086060732,,0.304974959309267,0.2,False,5
-0.65863440887327285,-0.74280408646136897,-0.12017822009185096,0.75040395932440962,-0.66020810859743029,-0.031924147168776465,-0.05562924840768526,-0.11120855398077571,0.99223890482237254,12.380275720414483,-14.868362424582925,1.4150470995404032,,0.2050763713213802,0.4615384615384616,False,3
-0.98342689332141764,0.18008446604041853,0.021003108891807877,-0.17876926735085383,-0.98245095010444328,0.053213529198074538,0.030217454277665215,0.048576905313252323,0.99836225375720389,5.6545946052359968,27.214932639065637,-4.9647137220650626,0.3548574266861039,0.3172754183964502,0.6333333333333333,True,5
0.80596680288960421,-0.57792159375552488,-0.12815671699518613,0.58900611528262625,0.76132129138982141,0.27103816601394859,-0.059070371588300669,-0.29393285414803333,0.95399904006912484,-6.0138590667369778,-22.44383437692796,1.9488078474400798,,0.1522605647462756,0.3571428571428572,False,5
-0.2852472048625026,0.91393146536463987,0.28872704884470596,-0.95163256897326576,-0.30593732875204377,0.028245434063015232,0.11414677300508194,-0.26670513210755364,0.9569947161400737,-26.624139778778051,24.635185553179863,-5.2694742816909601,,0.3473328071536117,0.125,False,1
-0.9603579224110147,-0.27765670731796238,-0.024888024102900422,0.27876259797851904,-0.95714436799605473,-0.078524345152948857,-0.0020186209811742014,-0.082349327227248095,0.99660148177421148,-16.546387814721776,-24.0001491890817,1.8528136090421323,,0.2599780688426912,0.6666666666666666,False,3
0.68916080809148716,0.69551157351300807,0.20327575285839833,-0.72387282858094404,0.64817844606836961,0.23637434313947336,0.032642129723904185,-0.31004572753362353,0.95016111170960615,-13.489908889591776,-17.78013951134195,1.0236144477138953,0.7471468979646971,0.3356558241628322,0.8301886792452831,True,5
0.2589853031981455,0.96224684069044331,0.083711590049560261,-0.96009110742688508,0.24698846588308515,0.13123171552844154,0.10560150646265519,-0.11435783883049394,0.98781101761968471,-3.4297878123824534,-13.78732638137615,0.76061151958583806,,0.09221421504357143,0.1666666666666667,False,3
-0.75873771387579003,-0.64865881015263893,-0.059655926393793454,0.64794830257315905,-0.76096027451069315,0.033203280096581717,-0.066933390285424277,-0.013461375411629912,0.99766663402006472,-2.935245437388005,25.773218820234511,-5.072041302211435,,0.08457722317548716,0.1666666666666667,False,4
-0.59074972917362401,-0.80245225211981053,-0.084173276929998583,0.80236378676519871,-0.59524777168644971,0.043502229714436916,-0.085012417734711326,-0.041838658799736986,0.99550108762408618,-17.924295307147652,26.159201797036857,-5.4047581836421301,,0.09187223540531425,0.2083333333333333,False,2
-0.19888046596108119,0.97744556356955525,0.071040344293210156,-0.9727967632722021,-0.20568153957508836,0.10659062644129957,0.11879822231931982,-0.047909023536448478,0.99176192094552273,-10.375633733326005,-12.698958139363327,0.35852882705676331,,0.142415204892204,0.1714285714285714,False,5
-0.91387565484455469,0.39869473127901106,0.076640711979952147,-0.4015490696666108,-0.9154766491114914,-0.02570699479664984,0.059913538806484257,-0.054268003298010396,0.99672732062772884,-17.793052382639274,-1.2148079498885043,-1.6016366736780749,0.7725157560935902,0.8035615648413548,0.5319148936170213,True,1
0.4049452040262444,-0.88622523379783147,-0.22499825936242807,0.90759876416723073,0.35977065328263524,0.21640138705355338,-0.11083259907743381,-0.29183884596908105,0.95002432756491884,-18.605063167799816,25.147655397661094,-5.3029403944974227,,0.3014025845346124,0.1739130434782609,False,1
0.94963401373674583,0.30844581279230737,0.055284903229820596,-0.31330008054845171,0.93107146859788914,0.18694646263383291,0.0061886575742580666,-0.19485148429986948,0.98081323379304275,-15.316011982756653,-14.616786207459304,0.49539390049949922,,0.1239668855244993,0.5,False,2
-0.73604422793655344,0.67632873373202218,0.0286066154887849,-0.67113389533748524,-0.73460621654382585,0.099664442728087319,0.08842052392073517,0.054158568515112013,0.99460980309163327,-15.004230335076791,-8.7866646821298762,-0.40489279796126076,,0.1903069377843394,0.5,False,1
-0.93333391796384302,0.35400168660382381,0.059754526689704469,-0.35674369489841024,-0.93317687460317467,-0.043759077413505265,0.040270755251082258,-0.062158881807020783,0.9972534982059521,18.857273160652312,22.36881252648552,-3.6416573158249146,,0.512060354018792,0.6363636363636364,False,7
-0.9924293868976285,0.12012814389532624,0.025556624704018583,-0.12080366772495474,-0.9923154511656227,-0.026767877057510714,0.022144658186501645,-0.029652561815652068,0.99931493518888859,-13.463772272897838,25.406289886280081,-5.1927341317736664,,0.2808640654220382,0.5,False,3
-0.94252147498287731,0.3205384417576555,0.094384196514434068,-0.33096715522971454,-0.93440671321215851,-0.13169979674699805,0.045978379215140121,-0.15536795570395026,0.98678608978092319,-13.02189685396573,-8.9205236479666805,-0.30095083850928422,,0.202589171367753,0.2333333333333333,False,2
0.89137981786118925,-0.45102624765393479,-0.044914855415168743,0.44857047144656725,0.86360783846055511,0.23014350630789712,-0.065011940872108279,-0.22529275460320541,0.97211965429536629,-2.5564129364644002,-20.523230314304996,1.7926341557524217,,0.09331186938005752,0.1333333333333333,False,1
0.59908350314795566,-0.79066147796176334,-0.12630670418981432,0.79342062516755407,0.56501082402354186,0.22637685459199594,-0.107622803414058,-0.23583298328172411,0.96581578791286127,-7.8952884280529805,-15.467893965873365,0.84115776451502511,,0.5781232223815502,0.4782608695652174,False,5
0.99897272053066155,-0.043982976873524655,0.01090877540842641,0.041000004305972233,0.97978539219785132,0.19580496644010986,-0.019300344102599985,-0.19515656017937308,0.98058218102129302,-6.2686702093898603,-17.201714488445823,1.1111428188256085,,0.08133187191134231,0.2083333333333333,False,5
-0.71745737565612921,-0.69315299514683515,-0.069237557984030765,0.69527991477849183,-0.71867102047078579,-0.0098896127878175533,-0.042904011726570379,-0.055234859051610692,0.99755117970122997,-11.361082982897402,-14.301087072415738,0.55891596638891916,,0.3565020902170016,0.4516129032258064,False,5
0.32254963788031593,0.92777944528807255,0.1875820673844778,-0.94158000668065445,0.29420510338537653,0.16392207954165225,0.096895934499528366,-0.22949653165779574,0.96847432585201099,-24.719559347924417,-2.6515393111906693,-1.4858070013048112,,0.3153975547376211,0.3,False,2
-0.65334309801871271,0.72443606794609772,0.21985263184712564,-0.75018143450576336,-0.65856853061601828,-0.059290014379603642,0.10183619982199837,-0.20366608441528847,0.97372969270981902,-23.681716598213516,28.296651352277802,-5.7432417381685239,,0.4143109709735893,0.2222222222222222,False,3
-0.73571664797647385,-0.67030304348118819,-0.097030117953760209,0.67191308254000848,-0.74036290013993888,0.019889334025181157,-0.085169380659059046,-0.050562891494040842,0.99508269535848981,18.196272035237666,-12.048185322724771,1.1190291031040864,,0.3997581156425308,0.4,False,5
0.59996105900152752,-0.79711270924284872,-0.068249955643139154,0.79066260022851098,0.57775935791684774,0.20260004180503183,-0.12206301766568999,-0.17551482302938565,0.97688032358897881,-4.01222817767517,-12.395266210884841,0.55939597712349309,,0.1722123920500467,0.2857142857142857,False,4
0.98285916904386228,0.18320207745540157,0.0206119538722749,-0.18130247383535536,0.9402385857322948,0.28823742796748986,0.033425541245998766,-0.28703379716709099,0.9573371049302607,-12.807035005837989,-20.837288857193808,1.4873930109872151,,0.5713539217242016,0.2051282051282051,False,2
0.64125045861860663,-0.76665513804358432,-0.032214106115186499,0.75853046672696656,0.62699628060951895,0.17750266237102166,-0.11588520340577699,-0.13825904459818569,0.98359293217184107,0.25891542756348895,26.657097611614919,-5.1052998874553914,,0.1804258553815422,0.1333333333333333,False,2
0.76394431262048612,-0.64490177656586578,-0.022153685855960045,0.64033906764815784,0.75340396231612672,0.14949363869359028,-0.079718038475004915,-0.12839068559888567,0.98851447444797058,-16.184092300892772,-20.217506664518016,1.3046746259099467,0.4904130479566532,0.463698894308126,0.717948717948718,True,5
0.98434108628066108,-0.17614569977645414,0.0067318875564833184,0.17265916083929678,0.9711450353672727,0.164517884923708,-0.035516757144758167,-0.16077939150203249,0.98635112775834466,-12.070475865045674,-7.8850676877615236,-0.42886948742006126,,0.08315050232234378,0.4105263157894737,False,4
-0.55548686567915462,-0.79443533352805473,-0.24557451598266203,0.8269304383679037,-0.55878113481710945,-0.062846586806061672,-0.087294857572580709,-0.23798349567706034,0.96733833978950257,-18.643906424057157,26.790587020519659,-5.4959058274516215,,0.08715173428452397,0.4,False,1
0.95041376269644628,-0.30585523461518033,-0.056269486719498739,0.30701783014682776,0.8939727659344282,0.32642418069052614,-0.049535155688828027,-0.32751376952128392,0.94354703069049117,-15.774298320229713,-5.231484652435709,-0.89403318251996733,,0.6050812801369293,0.4393939393939394,False,1
0.69315233130146658,0.67963798937408637,0.24006675948762907,-0.71712826959178722,0.61672154013784608,0.32462530228294317,0.07257334609642202,-0.39717344489473666,0.91486958857905898,3.7642109537309385,-11.810517525550365,0.82128292709943607,,0.5444930274809465,0.3020833333333333,False,1
-0.79923349392679455,0.58399494781190997,0.14204127257854804,-0.59566884396009612,-0.80114617521717091,-0.057822437428228429,0.080027810921027634,-0.13082318932461107,0.98817045220656419,-15.622904226333571,24.648452459029578,-5.184862172688768,,0.6336628863359335,0.4285714285714285,False,2
-0.96765868466651883,-0.25128399092364245,-0.022204186428483562,0.25167431472972401,-0.96766342924221471,-0.016956621494949281,-0.017225251661087369,-0.021996445455710313,0.99960964735867175,-2.8803555096951166,-15.884027178006363,1.0451295694344909,,0.1517037912733915,0.3333333333333333,False,3
0.84944460797011101,0.51531591533121401,0.11354895594789906,-0.52550543495574686,0.80662381775883318,0.27055878188692434,0.047831953989734777,-0.28949529189698076,0.95598356688125485,-13.100542998361764,-10.615633626042964,-0.011568781991600177,0.2865493001426481,0.2435075704373698,0.6521739130434783,True,5
0.99361671697763565,-0.10359951707598919,0.044642578377682846,0.082445644401319212,0.93700455727640264,0.33944833975511612,-0.076996983459334145,-0.33360095878890311,0.93956472093905741,-4.0130066673156231,-18.632515603802016,1.4596003659289136,,0.3845018455806257,0.7169811320754716,False,5
-0.77177160460311023,0.6223496433365947,0.1305737790184307,-0.62682197245935012,-0.77911539574238742,0.0085682529930261875,0.10706449070775127,-0.07523377935473087,0.99140157013870689,-6.0123826732998458,25.620103483271951,-5.1015364387094539,,0.2076897513180876,0.2173913043478261,False,2
-0.99644206678516201,-0.084279266177269316,0.00046133885152450753,0.083314284070988814,-0.98582996711579729,-0.14559535022178849,0.012725470940342484,-0.14503889557317948,0.98934411665520061,-2.9896380689068658,29.130304009221614,-5.4327683121541188,,0.3110694229446231,0.2,False,3
0.92897657245319931,0.3663972039683776,0.052493968770337636,-0.36889380086462553,0.9048729827259484,0.21241998214926872,0.030329713430166522,-0.21669788659975622,0.9757674591963208,-10.993799484586427,-26.101876665592389,2.2347043201048238,,0.1115282074020429,0.2,False,2
0.9049674081347423,0.4214132145427989,0.058693209339685685,-0.42399089187769323,0.88164250642888153,0.20721538181939542,0.035576871962629313,-0.21240855318584675,0.97653309862740967,-16.065746778546199,-10.391621447035016,-0.16697920283949136,,0.1032387774322504,0.3157894736842105,False,1
-0.69501936955488874,0.69702222924436819,0.17637485048253501,-0.71199077675936018,-0.70137078892506688,-0.03388436589686171,0.10008601177551388,-0.1491275574192801,0.98373968196115336,-15.799685996233862,-17.922159346841642,1.0068378713626982,,0.4250859766404841,0.8,False,2
0.33050997274222621,0.89828942854026195,0.28955010013941263,-0.93634444439472919,0.27359400063974276,0.22001228207776841,0.11841553685669738,-0.34383488099195458,0.93153386156606777,-16.024142939167341,23.406376757754913,-5.0125241972907313,,0.5753948935269207,0.1290322580645161,False,2
-0.5472233952507648,-0.83255402953796154,-0.086025249725470432,0.83234313058728548,-0.55211692638822352,0.048701258297700237,-0.088042425309525454,-0.044952057747399111,0.99510192636226591,7.2739768555822479,-20.836586032652523,2.0523466301278912,,0.2920775838090094,0.8571428571428571,False,1
-0.96289367015366933,-0.26191671440096242,-0.065080063732314522,0.26935407769188996,-0.94771559335000533,-0.17112432600889785,-0.016857069992996923,-0.18230411086602763,0.98309768098221018,-17.173669729231712,-18.961946658160084,1.1021931008656363,,0.3350801363763668,0.3571428571428572,False,1
-0.74044635119276192,0.66330945072283076,0.10844248976809134,-0.66633865245410862,-0.74557284724037465,0.01067378581032695,0.087931798861212121,-0.064356056744168791,0.99404541984225936,11.027438448012685,22.856867560647004,-4.1575617515323762,,0.09617911125435563,0.3333333333333333,False,1
0.99169334829675138,0.11665913642924089,0.054175168034470367,-0.12407273693628998,0.97866693002957605,0.16375895705464316,-0.033915466871583713,-0.16912032980712302,0.98501170305373209,0.2970821729967118,-10.836442121169299,0.43887337859848824,,0.06923318953593692,0.2702702702702703,False,4
-0.65306558801532277,-0.75540589552770687,-0.053546902358451637,0.75286163879029622,-0.65525713488012216,0.061947074399721094,-0.08188217503334741,0.00014209390695492374,0.99664200655056245,-0.59447245761881973,26.059510325316086,-5.0664559431782443,,0.4415480055298479,0.6,False,3
-0.3259235570955929,0.90097099916144996,0.28640023324043457,-0.9385893660301986,-0.34465903507921614,0.016129213040147583,0.11324238122358024,-0.26355532286084282,0.95797429761269237,-17.054772226907296,-12.915835644363396,0.19797518173584938,,0.10684768498623,0.3529411764705883,False,1
0.98990508442730929,-0.13966020563058426,-0.024144373841229583,0.1383802282903325,0.91554113390778225,0.37767094744124541,-0.030640434776249195,-0.37719949507664441,0.92562503459589263,-2.7965412942793968,-9.3639409877903699,0.16910576836216662,0.7151532117054259,0.4570750904233192,0.4520547945205479,True,1
-0.74862718889381685,0.65237219543673564,0.1181856618629973,-0.65814785872388448,-0.75276303080524787,-0.013755562876997099,0.079992050268179418,-0.088081428655255228,0.99289623517260972,-6.4775428485068955,26.428317241742654,-5.2193458649754749,,0.3155174087835846,0.4347826086956522,False,2
-0.89689864494946769,-0.44167259185907581,-0.022319101422211659,0.44063324214670291,-0.89680205214215025,0.039855052238246147,-0.037618700178153219,0.025911404325402985,0.99895617147239857,-3.9959565155973276,-14.856092493631339,0.86050177544368889,,0.1279302271165603,0.25,False,1
0.97643088099274189,0.19957042940504791,0.082185025100826078,-0.21558404132904305,0.88365336836443753,0.4155481268185694,0.010308043848184418,-0.42347180341230412,0.90585063666520405,-6.7720677442722312,-9.2604598166754073,-0.021854395335328642,,0.1798948469092743,0.2692307692307692,False,4
0.51748861713347261,-0.84359378090124715,-0.14337037337618105,0.84913101367297816,0.48555705808061972,0.20787223231301299,-0.10574522568885852,-0.22931174451569891,0.96759189283043301,-15.792291168339208,28.922183825496937,-5.7037171248009484,,0.3052752440469175,0.5555555555555556,False,1
-0.73406654482682598,-0.64313446944562314,-0.21800083022067376,0.67574562736909827,-0.72356384709017918,-0.1407949085571073,-0.067187460567803531,-0.25066593983817803,0.9657393187333182,-24.188720147199767,25.96488319797189,-5.4245618568714242,,0.3418018019933902,0.3043478260869565,False,1
0.9498151684772751,0.31010291703650267,0.041077080908186264,-0.31219454709971567,0.93148822320095104,0.18671972257675185,0.019639513529849138,-0.19017326542757715,0.98155408339272054,2.8303711659172115,-9.4577816876978584,0.39855019595200902,,0.07881165369540791,0.3846153846153846,False,2
0.56505265802279281,0.79842758847750328,0.20791555886796034,-0.82051714539078968,0.51741557885223477,0.24296652625569026,0.086412428395035115,-0.30788716231601188,0.9474905738316699,-0.18930901239653872,28.302451879018935,-5.3232884880721762,,0.5854315713736309,0.4482758620689655,False,1
-0.47577488792029493,-0.84193435521191273,-0.25452857902077153,0.87453257347843394,-0.48372936846507453,-0.034621900721496873,-0.093973581125866248,-0.23906576417020178,0.96644530442860499,-45.031400323877847,8.5025142746026336,-3.2420322135458144,,0.4940375030629661,0.2173913043478261,False,1
0.9774625768767552,-0.21110270376072257,-0.0015997719730533148,0.20802276389943267,0.961855332840438,0.17765373169751034,-0.035964433890916414,-0.17398266336426357,0.98409176012381239,5.920654435068343,-13.623137148326427,1.1230430893459487,,0.1020113969740634,0.6333333333333333,False,4
-0.79833798599240968,0.59006119981611305,0.12035049062282238,-0.59632776833287171,-0.80245636122949904,-0.02137711480650123,0.083962210766044001,-0.088834502271824531,0.99250127373691455,-5.1906690768692823,28.871809390567034,-5.4392768585092321,,0.2182068641665849,0.15,False,3
-0.85718245693487838,0.51298073001075273,0.04570564692378596,-0.51001107241007726,-0.85784666930235431,0.063149014133092776,0.07160266435133239,0.030819841084823375,0.99695696790448174,-26.960936701175605,31.665281661777307,-6.0117309849745153,,0.07577610047950561,0.4545454545454545,False,1
0.77908115732070571,0.62427542038452732,0.057556492349280799,-0.62312022278166634,0.76098822230640728,0.18060485450690955,0.068947358675715775,-0.17657045340219577,0.98187022396902679,9.3668098305166581,-14.775638259193924,1.3029772149040377,0.2685534805237438,0.191151564049423,0.3695652173913043,True,4
-0.98305026667294182,-0.1833286885888446,-0.0016628693732387376,0.18299225669451727,-0.98172085931002973,0.052325790824643503,-0.011225292161272361,0.051134590404841224,0.9986286829848332,-29.111060985838275,2.3190569124713254,-2.3599144052059184,,0.4886364903045701,0.2857142857142857,False,2
0.25454535179098686,-0.91828020832566104,-0.30326246533157397,0.96023631282373867,0.20281021680397329,0.19187037159133569,-0.11468603845400971,-0.34004334276281123,0.93339039936482082,-16.349201401111625,-19.223047790217496,1.151692072991525,,0.3462039385389318,0.2727272727272727,False,1
0.73886642396659097,-0.65939731882525976,-0.13882212885877224,0.66799739843440387,0.68963816484939278,0.27960450151603627,-0.088633420444497929,-0.29932319908290034,0.95002617820304736,-4.7745650478679265,-14.172778363341859,0.74727200015006257,,0.1594296285516262,0.2105263157894737,False,3
-0.045512631856659165,0.9523761207134781,0.30151007451862488,-0.99228826512857371,-0.077934473307119029,0.096385770518614008,0.1152935350728963,-0.29479813867303922,0.94857865156522803,-44.667286766561219,9.942607249694877,-3.3688299698948692,,0.3452641958310806,0.3333333333333333,False,1
-0.85671945466623367,-0.51577820995548429,0.002148052957215825,0.51345297202693829,-0.85244700412054786,0.098489342990022169,-0.048967555719014448,0.085480660391801147,0.99513578731039831,-5.2019326102095773,-12.921243870111516,0.5733303936255858,,0.08234583592656022,0.3243243243243243,False,3
-0.98866836522442325,-0.14826429595543231,-0.023506640536392995,0.15009189413221188,-0.97912984982402418,-0.13702977960789825,-0.0026994296197726808,-0.13900516439479607,0.99028797698008242,-13.80659180763357,26.837118296067764,-5.3609208243360618,,0.4099411730526193,0.1842105263157895,False,1
0.66897087846072156,-0.7410785729835544,-0.057275757840031742,0.73613218523366819,0.64989287893537406,0.18907313868499798,-0.10289494465033634,-0.16864695245912581,0.98029119948699639,7.0552879652968681,-17.249359446483428,1.5803710487304601,,0.1253418169475676,0.1333333333333333,False,4
-0.99935423027890524,0.032690498865627644,0.014914882083784366,-0.030885314307294284,-0.9936272588663051,0.10840188097063948,0.0183635449681274,0.107871227497185,0.99399526080080214,4.4570433871290804,-13.255157433172421,1.0039423924532285,,0.07989747183850726,0.1875,False,1
0.95883446365467528,-0.27833248354768592,-0.056280546463490892,0.28012365906285491,0.89460630612606518,0.34815268586169956,-0.046553269931224134,-0.34958630642754734,0.93574687144390511,21.449723099077833,16.739339518169167,-2.6951835590049682,,0.1503469419592651,0.2142857142857143,False,1
0.69413466490503217,-0.70976242363120789,-0.12005985581506126,0.71384697385279183,0.65722298448649019,0.24182730735771529,-0.092733839014628741,-0.25356508171241787,0.96286301436797572,33.300849954302485,16.49415747756985,-2.4560497092834037,,0.3089566430482807,0.1,False,1
-0.94465772969370843,0.31273313407292386,0.099094705120184576,-0.32377045478358329,-0.93743624616484045,-0.12800772236707431,0.052862712181285701,-0.15300742213795007,0.98681014507935572,-9.8772322095416634,26.654382886696283,-5.306695306341803,,0.5437925373786497,0.7142857142857143,False,3
0.52042896521568371,0.82872852735736235,0.20582205933434114,-0.8491088949700446,0.47673697895734968,0.22745535249223758,0.090375752540607673,-0.29313969509214538,0.95178849673338772,10.309933145410502,20.611335283762006,-3.8920733228630922,0.9996218905367926,0.5971137232580281,0.2372881355932203,True,1
-0.98557257234495455,0.1689553388342212,-0.010039826729732292,-0.16526499058592847,-0.97345486819238924,-0.15834488460058033,-0.036526531836222689,-0.15440114336348537,0.98733282098797182,8.5767819743632785,20.618978262674048,-3.9446904634305944,,0.7103277959401675,0.6551724137931034,False,2
-0.13614729570422762,-0.98586607333526699,-0.097631958491719267,0.98437256323823552,-0.1457312005359892,0.098858858652764586,-0.11168961731608526,-0.082646854972482239,0.99030042247135586,-0.29823819904979448,-13.605963549673275,0.87611063328819894,,0.2107047154954931,0.3,False,1
