axis_00,axis_01,axis_02,axis_10,axis_11,axis_12,axis_20,axis_21,axis_22,location_x,location_y,location_z,dbh,dbh_approximation,score,reconstructed,number_clusters
0.96898593730651172,0.24606476104321814,-0.022768106530088407,-0.22863644505936453,0.92767050717324617,0.29521654105342532,0.09376368856245812,-0.28085505780326725,0.9551590481241784,1.9451062381539217,-2.0004695072089858,-0.80769121628624363,,0.108035840371973,0.3548387096774194,False,5
-0.28617934707480908,0.95698437344076215,-0.047773322032572202,-0.95624699009399816,-0.28208578166867282,0.077584184706310413,0.060770677501613468,0.067886086723021752,0.99584055148674755,-6.8258967595566533,-13.618216189415959,-0.68581085062732494,0.2802789450272662,0.2210780004073301,0.7247706422018348,True,5
-0.21485087756601307,0.97584278440707972,0.039622727439594121,-0.9763435567277674,-0.21561834477072431,0.016186062971151591,0.024338439664183725,-0.035207804801937526,0.99908360552845732,-14.896544371081792,17.20224424058059,-3.3604764107350751,,0.4048821896499357,0.9541284403669725,False,4
-0.13399493660630662,0.99085765106023105,-0.015699436272496085,-0.98823254726427812,-0.13242710222863449,0.076547339097344805,0.073768485760716235,0.025771649747912163,0.99694234165163398,-24.264280415863279,-0.88089872799129032,-3.0713231335355009,0.2113899917813685,0.1296750647907943,0.25,True,2
0.98467394024213861,0.15798670113452296,-0.073874445328895852,-0.15007687116313356,0.98333884681367512,0.10257507050465868,0.088849108886388473,-0.089916153230564774,0.99197828667683663,-2.9303613877590342,10.319073638405213,-1.9455504569620934,0.5172139807084335,0.4824607889045791,0.9027355623100304,True,5
-0.99249103161806651,0.064630620637340014,-0.10384813447404109,-0.058689269223289986,-0.9965142818915913,-0.059286218163430812,-0.10731785422632378,-0.052746268703273813,0.99282461155137536,-15.670754747544445,-1.1592855427702975,-2.4307688236133909,,0.1663696583537295,0.4782608695652174,False,4
0.21968137108286442,-0.96783674050258051,-0.12260562357613998,0.97310999783053043,0.20846734354906485,0.097970907905672089,-0.069260575520409623,-0.14083114146713949,0.98760800030763463,-6.269351675210908,13.675329185199764,-2.4461458003212924,,0.1098590460536839,0.358974358974359,False,5
-0.013750399390241344,-0.97357398891606783,-0.22795748424358903,0.99823734174478862,-0.02652919242746057,0.053088713446886163,-0.057733318481684968,-0.22682568208914103,0.97222269767882374,-16.584819805830598,9.4217898975988721,-3.1466774431802387,,0.329621680193379,0.1904761904761905,False,2
-0.76020166055286664,0.64828609784508828,0.042644702290583189,-0.64938405027116042,-0.76021319736430348,-0.019397159755121296,0.019844156472047646,-0.042438542551919166,0.99890198696367705,25.312613551178782,6.9997738720512119,0.89000748403917584,0.4371241669237123,0.3444692236638391,0.6363636363636364,True,5
-0.86866749578706137,0.49341532468172611,-0.044250413921937765,-0.49408055492160408,-0.86940252875670354,0.004862945589808626,-0.036071969885158553,0.026087551833709456,0.99900863491159475,-10.017502900069902,-14.783029558118798,-0.89307939586467999,0.24578012776865,0.2355113273505455,0.7714285714285715,True,4
0.22897811348388072,0.94690197756385008,0.22571147164251809,-0.96882074418741548,0.19914096777443036,0.14740841423068052,0.094632918043900754,-0.25242725653053288,0.96297720169428913,-6.3916555667052171,8.2877718107061931,-2.1554254710181673,,0.4013482560795315,0.2307692307692308,False,3
0.46489470062106208,-0.87890659135612692,-0.10675261591739675,0.88456023854624088,0.45594005784472791,0.098345554223684642,-0.037763761961313917,-0.14014944638955998,0.98940994080271372,-12.847381512928951,4.2742811200863713,-2.5762299862236095,,0.07780279680926205,0.3048128342245989,False,4
-0.91651110869712804,0.39991163531246415,0.0088358121568882647,-0.39998071202887708,-0.91595837188982143,-0.032182152970552769,-0.0047767813047819782,-0.033029455137167471,0.99944296358206874,5.2940023288486975,-16.503898358348618,0.71922154587594189,,0.1766553189391587,0.1666666666666667,False,4
-0.89655967890196175,-0.41268537633252217,-0.16084626924022216,0.43197349488404113,-0.89494951024349156,-0.11164351227278554,-0.097875645003650424,-0.16957639657753393,0.98064478983926717,-13.923628120318124,13.592849065870615,-3.1059321674459239,,0.6345913194736384,0.5774647887323944,False,3
0.89488861037649992,0.44543108022953121,-0.02766817276171589,-0.43322523619188202,0.88191192717828504,0.18586889849346291,0.10719267579880279,-0.15434540960533347,0.98218492392667944,-6.9013220668726971,-11.605834972594362,-0.8237047812143995,,0.212897224809289,0.3820224719101123,False,6
-0.46811334295100016,0.88282758914995663,-0.038540186648681682,-0.88288758657344746,-0.46542158518711418,0.062387959707200291,0.037140377296855556,0.063231288754774601,0.99730757366855372,-8.2039652838416615,-6.1934842561129093,-1.4452586076733271,,0.06913651155923115,0.2261904761904762,False,4
0.063085676326831097,-0.96893633379218147,-0.23912879061241074,0.99489760432297292,0.042154449307136972,0.091661111252387587,-0.07873343860645779,-0.2436911641011629,0.96665177917605105,10.65903193022014,3.2331201898080133,-0.31091517539628849,0.2527837472267137,0.1107012420354413,0.21875,True,4
-0.86240648812835552,0.50523813117101202,-0.031456001731650564,-0.5058564366120728,-0.86247078395367271,0.015918931009168052,-0.019087031520232424,0.029640810332410124,0.99937836057750684,-15.686015988683762,-3.091211296290763,-2.2916609561180903,0.2568476527990218,0.1459579139368569,0.5425531914893617,True,4
0.36793635124977786,0.92957401963305897,0.022693246842100695,-0.92352489789258674,0.36248234778062893,0.12533279905886441,0.10828021241892112,-0.067072271250342472,0.99185518400008033,2.223162058412639,-15.446845815775148,0.34035487303781037,0.6406901889788187,0.3042613316555177,0.2105263157894737,True,4
-0.31201501554885896,-0.91439600848275371,-0.25792745054153082,0.94120872799301014,-0.33450069929794513,0.047280149312011681,-0.1295096923856503,-0.22801145111593454,0.9650067449184907,-6.9705409312055036,9.3146906282008732,-2.2576489108670419,,0.2138406103408721,0.4074074074074074,False,4
-0.65091197732909478,0.75716141566215889,0.054956240792152167,-0.75881526165502544,-0.65107498040865908,-0.017342680452596584,0.022649424914219458,-0.052990192661859725,0.99833814062807169,3.9430672820565964,-4.8798298218402598,-0.3514055210957796,,0.08171869533487235,0.25,False,5
-0.89168912757088736,0.45239013710766607,-0.015286059648453559,-0.44646838095223618,-0.88457464572281908,-0.13488395365734501,-0.074541831086699151,-0.11344981265764575,0.99074348618912744,-15.723888738222382,-10.923932142978387,-1.6357966904327457,,0.4092657880181031,0.6451612903225806,False,2
0.72841626522596925,0.68369411741562902,-0.044408314148523018,-0.67571154957874768,0.72760019243608631,0.11837171001914838,0.11324153972874795,-0.056216668153081212,0.99197582626877989,0.5179633060249651,-10.187753187087688,-0.27997152302410688,,0.1038924063811694,0.5681818181818182,False,5
0.67846437756423172,0.72840020610006695,0.095494649744159693,-0.72591336848957566,0.64475415516540791,0.23946160620245316,0.1128533110923077,-0.23178701247119368,0.96619817378485107,-4.6153683992327359,16.09777150115886,-2.4523325915990077,,0.595913084200302,0.28,False,2
0.88991134566086072,-0.44020598027983887,-0.11948427423700068,0.45525513923698896,0.87343182860949808,0.17279930257434029,0.028294081755492299,-0.20817188978758569,0.9776829287861577,-8.5154533402198425,3.9481040578848963,-2.1612511443921676,0.5212683940559303,0.4514683409740672,0.8882896764252697,True,5
0.84407418456161665,-0.53049287998402306,-0.078205340245407443,0.53618353060329238,0.83313771447637586,0.13560519985188754,-0.0067817745783307209,-0.15639326393211128,0.98767158232391761,-10.298559350036303,4.6804515428524489,-2.3604685209611516,0.1379354347136518,0.1229395707025817,0.212962962962963,True,5
0.54578615107198025,-0.82176687845232599,-0.16375797622330784,0.83672076953664076,0.52402110081693765,0.15906049077195852,-0.044898008018675648,-0.22383271292937662,0.9735928746137319,-5.2385021176353908,-29.866481113043509,0.78023093201610416,0.3592713497654644,0.4091438314692607,0.3,True,5
0.97270518486994539,-0.20467873629919792,-0.10932171894957779,0.22578641194453294,0.94352831442121776,0.24243517910293294,0.053526811116867148,-0.26050131437753032,0.96398856097945484,6.03147614738453,7.1172894655725729,-0.95204862779576438,,0.2120408787071744,0.1904761904761905,False,1
0.65529686589719727,-0.74453398191058962,-0.12749575414763048,0.75423393767840008,0.63566314149407011,0.16450999300962088,-0.041438928550897855,-0.20396450751601894,0.97810086129923346,-11.231601913725664,7.6519988701517567,-2.5541001473775626,,0.1319834074901848,0.1794871794871795,False,5
0.20624575547264423,-0.9629943962223112,-0.17350642983459069,0.97643277162817699,0.19102794895068062,0.10043587611114599,-0.063574608453654785,-0.19013183732379937,0.97969799101347665,-18.216574220721721,6.8073488595499336,-3.159578001701369,,0.2268118077942294,0.3523809523809524,False,7
0.99005152414860931,0.12071253072207527,-0.072294290629947355,-0.10054061661930903,0.96636644497171731,0.23670124301011564,0.098435582696626361,-0.22707791385204493,0.96888908400279672,-37.898779768955542,4.5836053617782895,-4.3037870195279382,,0.5325908859504902,0.4516129032258064,False,3
0.67136269605620058,0.73904570110077927,-0.055530010162143498,-0.73236574425222623,0.67304762107410832,0.10318583435901862,0.1136333885353815,-0.028606842729347361,0.99311082038160581,-20.669733743197934,12.430817353858284,-3.6136458504769116,,0.1328571192886915,0.4864864864864865,False,3
-0.67720236371629516,-0.72507740426947309,-0.12513878853060773,0.72604495645301259,-0.68608957545586857,0.046258141552931051,-0.11939715149955532,-0.059530263468519924,0.99106027462771573,-10.393365095612195,-12.313447886920482,-1.1394185790849263,,0.1044125238144177,0.2258064516129032,False,3
-0.99312208437419547,0.10369975606607765,-0.054358864227361851,-0.1041780256008288,-0.99454037195673095,0.0060322077284886977,-0.053436546577841727,0.011653717861804889,0.99850324303420823,-21.102311392897874,-7.8481374903395036,-2.2444211650253645,0.7952185857602105,0.6613461020849327,0.9166666666666666,True,6
0.92469276253767407,-0.36149434625772758,-0.11943673025557432,0.37823238895236738,0.90804989483771925,0.1799601301193999,0.04339994075836727,-0.21158266967997258,0.97639603595737001,-4.2838834530857328,11.97408248940072,-2.1989391849356963,,0.0881387959031985,0.1481481481481481,False,5
-0.24536320930501465,0.9432234983378166,0.2238890968826196,-0.96754758940411834,-0.25265612914146718,0.0040672651167922846,0.060403292607469745,-0.21562539876049333,0.97460614078280627,3.8967939027922984,4.5541266721602254,-1.0604410035106064,0.5628591825143096,0.5293597762836135,0.25,True,2
0.76935747076792171,0.63686361815767933,-0.049938102093472034,-0.62839855327196681,0.76855392827154267,0.12016704034002607,0.11491014062861199,-0.061070379116983611,0.99149688268557989,3.3080192617214568,-19.908981089028259,0.79071049619703127,0.3088011696921444,0.3129500981204904,0.8620689655172413,True,5
-0.99034688037064378,-0.094387773971485636,-0.10150864330116133,0.10733453266914361,-0.98558994460788418,-0.13073545496354352,-0.087706069555254784,-0.14036883276759102,0.98620699457600347,-21.954544492861963,-2.3773900271231385,-2.7982500417105145,,0.3456475801710697,0.375,False,2
-0.73173258252475859,-0.67536082161695654,-0.091952097836416141,0.67239734544739937,-0.73734688771423051,0.064818030002687252,-0.11157615115668323,-0.014398882005492185,0.99365156603814297,7.4856286466311248,-2.1586130623680999,-0.24721307420860178,0.4298013367589908,0.3378407200311792,0.9783549783549783,True,5
-0.43007922538602289,0.90140469176745575,-0.050014413432297636,-0.90168275294694833,-0.42614714118114677,0.073258631581189518,0.044722174917722138,0.076604149513938985,0.99605809637183051,-3.9570981825797045,-4.8523518635635705,-1.1533199213124135,0.3775883271543979,0.3162654200170466,0.7699530516431925,True,5
0.76752786084037816,0.63969376238129494,-0.041144540394287402,-0.61968464087014863,0.75687744178950556,0.20767157720740032,0.16398758704069266,-0.13389708167334202,0.9773329232231639,0.45028956775167639,16.605481888221163,-1.9948495802601069,0.5467711701299138,0.2024544071734966,0.3,True,3
-0.0021356429048446767,0.99969425718365501,0.024633943724106294,-0.99795004154934586,-0.0037062696306618074,0.06389036028293138,0.063962126301749286,-0.024446998168369968,0.99765284076151173,15.084424140636607,-5.9900684668347592,0.80668854694312409,,0.1322953396393203,0.6,False,5
0.25330143485556994,-0.92859642345258975,-0.27119562210914744,0.96626797345889059,0.22938055334439336,0.11709297679650854,-0.046525117600681634,-0.29170746322039465,0.95537540754080785,10.392955560554542,-10.051637464872876,0.68836045913331545,,0.3436039872202963,0.6666666666666666,False,3
-0.17637289019154001,0.96644346509598611,0.18676089627849418,-0.98191938520846511,-0.18599874642084943,0.035196410068391921,0.068752633093670079,-0.17717645188663206,0.98177470956403812,18.104578780313709,-5.8576748690626061,1.1014397425090112,,0.2872099501169126,0.3,False,4
-0.66423503072727141,0.74574166732650615,-0.05158671890926976,-0.74741230291899463,-0.66136078520007902,0.063061567098039367,0.012910205268183789,0.080444250339088183,0.99667549843834136,-1.8342150110111544,-3.1821984207609391,-1.1092052404658164,0.8643963116436143,0.6320329873842215,0.9990970654627539,True,4
0.80461547855148285,-0.57305096300153568,-0.15558446412923649,0.5935474073721797,0.78376363057133813,0.18280056508501119,0.01718740460723598,-0.23943091946665587,0.97076126206509694,-2.5220479117493442,-10.583415031149997,-0.51708039614703616,,0.1518036513531872,0.1212121212121212,False,4
-0.39451247299500519,0.91865760013398789,-0.020691118080692315,-0.91744313756137708,-0.39252778134013061,0.064961759656988791,0.051555775553309348,0.044611148743989061,0.9976732167472675,-10.747470285885059,18.349901509135709,-3.0797034311209424,0.2310900720000776,0.1832341040451148,0.7352941176470589,True,5
-0.87633614449754094,-0.47436850759249843,-0.083722642407242448,0.47082521106165393,-0.88023821831553017,0.059197125314073451,-0.10177712157422246,0.012457849781043556,0.99472921918625634,-23.608195555931509,4.2132969799294973,-3.4572627345257865,0.4983249821205104,0.5583623554338547,0.9959183673469387,True,6
0.9961882108856851,0.045691998044943047,-0.074305382086622976,-0.028349386429069975,0.97518055189963571,0.21958871438627503,0.082494610620775594,-0.21664517652461768,0.97275870939670561,-2.5209300896856832,-5.6030136302453108,-0.94659983068191356,0.2231118281807967,0.1770244957416992,0.2595419847328244,True,5
0.083506568979264673,-0.95597417313089106,-0.28131838412023619,0.99314556624739259,0.056670923237707151,0.10222666336397739,-0.081783477429474491,-0.28792670380861746,0.95415390585243021,-9.1341793455247036,15.499374276947872,-2.7933877368064897,0.6128447088611868,0.4247408680958363,0.6571428571428571,True,5
0.87257465968092418,0.48829408576320288,-0.013503669553019723,-0.47338601543714331,0.8521067872134358,0.22320327859003602,0.12049540933688663,-0.18836907653188328,0.97467838148553476,-17.803051459253798,12.633229414732517,-3.3823207748698465,,0.3920333112586901,0.2195121951219512,False,2
0.78175466265324245,0.62344937028133818,0.013058717996752761,-0.61185005644461388,0.76282991670326949,0.20911725565147921,0.12041244058916187,-0.17146836699020124,0.97780337659116101,6.5601582794903779,14.531624943479795,-1.2731159211476992,0.7350402818808687,0.7210714517643672,0.9310344827586207,True,4
-0.14309948602118691,-0.97808900283337896,-0.15120991910876314,0.98552500314116975,-0.15485422026332291,0.06899738147376229,-0.090901074163454054,-0.13914766617893665,0.98609072691760269,-4.6478512324078203,10.54231968669084,-2.1154341283020792,,0.09702007384908504,0.24,False,4
0.57650467505424174,-0.77590363342763125,-0.25615602915879837,0.81705004937684655,0.54416738517224794,0.19055464761608598,-0.0084602868683935351,-0.31914794147636044,0.94766714356756399,21.546619846214917,11.997270347225877,0.25534701054207792,,0.4301171959704442,0.4,False,5
-0.00642466573702554,-0.98308255616599072,-0.18305029754772467,0.99610565753611291,-0.022388497607449265,0.085277630123206716,-0.087933171753989986,-0.18178955673256997,0.9793979346354883,3.4873356950642371,3.0685288915583167,-1.0377821909914853,,0.06887250480002394,0.2142857142857143,False,5
-0.25221493778099324,-0.92819745923842401,-0.27356370706558314,0.96234792993937868,-0.27020802858831477,0.029564895193609143,-0.10136117058086072,-0.25580675899934885,0.96139940459141471,-8.8757269401629095,-12.430676164018827,-0.95827338763401271,,0.3886665204083999,0.1527777777777778,False,2
0.11873705423659502,0.99226887831550825,0.036110733552499538,-0.98689406574854965,0.11393517031559794,0.11427545648761871,0.10927769645043682,-0.049206199727670819,0.99279259413376342,-19.122564651152615,14.591527764325177,-3.6072166623615711,,0.3634030746972798,0.9111111111111111,False,4
-0.85343583841000592,0.51329834437430644,0.090399554091859458,-0.52082697439635861,-0.83335982763458238,-0.18506933950818158,-0.019660428747760937,-0.20502733317159405,0.97855876685766785,21.34037483805734,4.1259159933718594,0.67535021727958233,,0.3706222970375971,0.1428571428571428,False,2
0.9657730588283987,-0.24119050980478812,-0.095443893578089023,0.25430594067732293,0.95290465906913402,0.16523074550627548,0.051096843126175871,-0.18384735163837457,0.98162582683937949,-1.0053928381982375,-7.3434902730194684,-0.67441332200170623,,0.08688674470823474,0.3125,False,4
0.042165802297014048,0.99907864831314697,-0.0079937226262955033,-0.99483661545882685,0.042723339870872422,0.092058811488668915,0.092315511476010761,0.0040707143175311503,0.99572148496749302,-16.058025891574136,-5.8101237493880626,-2.087950695311839,0.183731343618951,0.1757150971465875,0.6119402985074627,True,5
0.380834089875349,0.92363102874637903,-0.04325642987720639,-0.91868081014968139,0.38326820360301789,0.095556544357996043,0.10483780354214162,0.0033476624415640505,0.99448369926542191,9.235018990227406,-14.328814915851401,0.95260550676296918,0.4896855243841117,0.3605249598412115,0.8,True,5
-0.97182127894467552,0.22788983993283121,-0.060246349646472054,-0.22965166481782595,-0.97297562013951455,0.024053179842360634,-0.053136754104266992,0.037211066492598324,0.99789369268161376,8.9535669240861733,21.69001718603036,-1.4985065375164806,,0.535628357898442,0.6176470588235294,False,1
-0.81025577244730362,0.58295183154217434,-0.06043794600619945,-0.58602637966842852,-0.80721485693195438,0.070549678107272765,-0.0076593438713099954,0.092581514623325895,0.99567564879408033,-3.0332522392110794,7.4840356144657418,-1.8339639498544642,,0.06571207518541682,0.1111111111111111,False,4
-0.11214741740456945,0.99336991604752423,0.025281745612624237,-0.9909172751103198,-0.11369795564069786,0.071803403617555411,0.074201823814680989,-0.016999552195927151,0.99709834247566298,-12.223045177006419,-7.583700907385885,-1.6667596221814107,0.3899380184953091,0.2282246131148642,0.850187265917603,True,5
0.70390356599556902,0.70989405760565727,0.023878792994981704,-0.70152414254413964,0.68955118377267155,0.17995288935000947,0.11128183682178788,-0.14342103030547124,0.98338535725303833,-11.284553931617841,-19.128083903233769,-0.6726845509306959,,0.5690609483820798,0.2608695652173913,False,1
0.9851218819030948,-0.14719160155723651,-0.088710259985648771,0.16118966293994555,0.97039018831134016,0.17989100864242469,0.059605120224796485,-0.19151374587767292,0.97967837313216766,0.95577999439035111,9.7589147590183334,-1.5352043693438855,,0.0668127759153805,0.2222222222222222,False,3
0.61708143953249617,0.7859939932146317,-0.03773512442036453,-0.77666160861397893,0.61606262031904602,0.13139099493792736,0.12651973241217995,-0.051771521864334147,0.99061216771963889,-27.334016513566443,1.9040577849475053,-3.4870757307996296,,0.1145098392991406,0.375,False,3
0.62244527490981982,-0.77004546189701562,-0.13997094825088519,0.78247481441269306,0.60833796742337209,0.1328837168392849,-0.017176860954833888,-0.19223658341484728,0.98119827325812492,-14.936952747325888,8.8332040227700119,-3.0036641315950736,,0.08484038617508709,0.2413793103448276,False,2
-0.27664743645681367,0.95354242479160134,0.11926038749067701,-0.95632128704428754,-0.28537462360413984,0.063331825717819604,0.09442347085248462,-0.096530660027520171,0.99084107697794865,-17.043383322388465,-6.8645629512178346,-2.0744567978171933,,0.4338713917678965,0.2222222222222222,False,2
-0.41385394143121396,0.90612653777184937,0.087519213361714129,-0.9093014110570482,-0.41606377483310902,0.0078663283231578951,0.043541463130138701,-0.076325833223278558,0.99613177249361029,-4.2004921016977939,6.2750637875486364,-1.8734097219793369,0.4931309031055357,0.2938777448623732,0.2465753424657534,True,4
-0.32788058774461126,-0.93711942300805973,-0.11958890919015409,0.93941933328385852,-0.33680814100146639,0.063652120213298219,-0.099928156356254572,-0.091473838752831563,0.99078095479831585,-11.560834767300523,3.8031043123786232,-2.4230842855598125,,0.06610287781894124,0.2380952380952381,False,5
0.98948500714529963,-0.11693465842377368,-0.085121714585544239,0.12979415855412094,0.97757244601046656,0.16584809075278056,0.063819252893583853,-0.17515250058286402,0.98247071432164124,2.5143662087987488,-10.452916570168428,-0.056784340630217506,,0.0947266203926942,0.4210526315789473,False,5
0.048251701530026447,-0.97768189542513262,-0.20447465529345604,0.99468111994933395,0.028382512207195062,0.099014658597339045,-0.091001334692390315,-0.20816470488228506,0.97385122720335238,-10.114586401669204,-20.892033943647498,-0.39999721675877448,,0.517447327496968,0.3548387096774194,False,2
-0.031613551112465221,-0.96220489221637595,-0.27048535779397026,0.99553248710011266,-0.054402254558376321,0.0771716387491512,-0.088969941633809183,-0.26683729142276613,0.95962607790317944,-16.373653218394161,6.5275780745984191,-3.0096925554262324,,0.1247697911462162,0.2857142857142857,False,2
-0.11811641740019418,0.9860162343683927,0.11756061203701695,-0.99102945747141702,-0.12450725796649428,0.048564978508934688,0.062523006681153501,-0.11076970829445994,0.99187748505544204,-5.6796415251656089,24.488608894834545,-2.9432187294945882,0.5649021239526534,0.3959494860900266,0.68,True,4
-0.54362348043454911,-0.8290990353562413,-0.1306457082784504,0.83299554882273708,-0.55203142511335279,0.037144600264750638,-0.10291708877409425,-0.08863461659346919,0.99073305061433903,-14.414338639275268,7.2656157720863144,-2.8628371038093592,,0.103999815966319,0.24,False,5
0.94054416093629045,0.33327471558993932,-0.06560979558794594,-0.3254714313911487,0.93951795715836661,0.10665062365107658,0.097185537385167359,-0.078955507251944557,0.99212952742963045,-1.0654639353927069,1.826391963067153,-1.3997372856551835,,0.06614513952352648,0.2211538461538461,False,5
-0.39757402498098554,0.91754686021815479,-0.0065310002468967412,-0.91625343770728762,-0.39661230107183859,0.056376595570140797,0.049137893218948923,0.02839792144343236,0.99838821382651355,12.57735016145824,0.61112126861153493,0.0086362373364236508,0.6096521754020638,0.5398541631029457,0.9311926605504587,True,5
0.3329021056255026,0.94178705003984509,-0.047046152311885622,-0.93735923490508721,0.33594257618047529,0.092196801719879165,0.10263455952190739,0.013406635911812591,0.99462877964860441,1.3899688477061505,2.8830130003934826,-1.2053872112272908,0.2428450293438219,0.2336778772997693,0.7931937172774869,True,5
-0.7446019906939455,-0.65531270574288802,-0.12701627118817441,0.6585540475607955,-0.75225467979753813,0.020480799886630208,-0.10896991280122373,-0.068397035130462774,0.99168916687107922,9.8330511815306139,20.398938427012514,-1.3626626478233697,,0.43959426422055,0.5,False,2
0.83323102552897887,-0.52762582032780414,-0.16533920230647114,0.54938658518910244,0.82379351340097873,0.13978063990671399,0.062453487574237646,-0.20730470569161036,0.97628086168270833,3.6912815987138639,-3.127156052394481,-0.53783145645506747,0.5567537078750558,0.4163091795259191,0.4761904761904762,True,3
-0.72385667248927898,0.68769964648361825,0.05568405444161105,-0.68994572617422045,-0.72119425913044888,-0.062078462700133216,-0.0025323164647308855,-0.083354884821410374,0.99651670861543162,-36.254060426457464,1.8240014172096717,-3.9938529844346649,0.9016649711823935,0.6402430274985462,0.6744186046511628,True,4
-0.31644339964321194,0.94812961703021614,0.030229193379643221,-0.94705783386524656,-0.31758773895527481,0.047111435763991308,0.054268168724539309,-0.013720691506388397,0.99843212512812951,-0.77969610765547293,3.5690510088603817,-1.4155157429713427,0.6506669109901435,0.742838506938203,0.5319693094629157,True,3
0.73337610222274729,-0.67108183381245579,-0.10866768155934572,0.6797501051292828,0.72621134831283229,0.10274664061850727,0.0099642995389047639,-0.14921879877740285,0.98875399509995887,-9.7112210552026337,-4.474691601942471,-1.705564400313504,0.2156454211824217,0.1812832952492167,0.8195991091314031,True,5
0.85521456062379964,0.50916347394786632,0.096750256301379609,-0.5072640442385572,0.78405833532449776,0.35768102581898481,0.10626026877335254,-0.35497194763180778,0.92881842772131573,-15.522564075883594,-8.3480070742213002,-1.8372846778448793,,0.3937904421557766,0.2307692307692308,False,1
0.99641284989849033,0.0088751215653154834,-0.084158569227195404,0.0013293236850424144,0.99272113417144259,0.12042833000545981,0.084614806362173722,-0.12010820948862913,0.98914829654492487,-8.9512078350532072,6.2665902416858899,-2.3082631510441214,0.2515940623316487,0.1561172406996948,0.6332179930795848,True,6
0.33834759212715076,0.93928871832691918,0.057075480948766327,-0.93445095943441803,0.32821187507139182,0.13812447094637856,0.11100590666201157,-0.10006832009129926,0.98876894166445706,0.36173589530692224,-7.0142836849587029,-0.55171178847419688,0.115506285831123,0.2075967167691288,0.472972972972973,True,5
-0.13685493698688578,-0.96065428052683521,-0.24169004846659659,0.98622389289284873,-0.15501910923296591,0.057719224352846453,-0.092914795967014782,-0.23046133966044724,0.96863533469119401,-3.911250551003659,13.293594069610526,-2.2146282046852033,,0.6537663258415233,0.509090909090909,False,3
0.56510931323283442,-0.80494757513349635,-0.18086145356105965,0.82438124696551518,0.54234078871126123,0.16205563412492013,-0.03235774635380527,-0.24067793872050697,0.97006551637719363,4.3708074338146377,8.2016220016972436,-1.1652621086980766,0.1071252458070074,0.1771899321698724,0.3529411764705883,True,5
0.61732525167777796,-0.76320740871477444,-0.1908506875121162,0.78667076739081099,0.60121738895772558,0.14030949699719966,0.0076575044055152072,-0.23675325234879899,0.97153963384338871,-11.321206068108182,4.7305408930500299,-2.4455958591650813,0.4055019172664429,0.1230510407454341,0.2515723270440252,True,5
-0.49043766670436273,-0.84821976566668711,-0.19998530998534153,0.86158480995440623,-0.50640822954887699,0.034961697627601054,-0.1309294097344533,-0.15515777188888916,0.97917493610134121,-18.21518515958838,9.4352591801198216,-3.2917829982149733,,0.1752783856763374,0.391304347826087,False,4
0.51471911378864743,-0.83216794927152993,-0.2063025402312017,0.85729997706389127,0.49674096040659566,0.13522265927197502,-0.01004904109263477,-0.24646485035304685,0.96909963074679251,4.4469851644974332,-10.579981257433037,0.15860513272758284,,0.3538020408587255,0.1875,False,5
0.99143114623175788,0.080898599413563796,-0.10256558338208024,-0.038308100387644255,0.93069416009092598,0.36378684667994216,0.12488703586150524,-0.35674051772341381,0.92581824959770465,-13.478778604474963,8.7998329610200834,-2.8494408352265297,,0.286287374496709,0.1052631578947368,False,3
-0.99225810088496302,-0.078865384443725803,-0.095938065254153715,0.093481052050737395,-0.98286067421736623,-0.1588904905413544,-0.081762791877811103,-0.16662876766491505,0.98262388514162335,-24.905347184501181,8.9808934286801474,-3.8201302928997745,,0.5472977095671419,0.4444444444444444,False,1
-0.98997855353056385,0.11419728106343861,-0.083074933326791833,-0.1122746967280279,-0.99329735151011378,-0.027472967761478187,-0.085655449471485928,-0.017870435940733363,0.99616454037228519,-16.62790549277253,11.233580224456695,-3.1979474302671362,,0.6257136823681497,0.723404255319149,False,2
0.63160568442464027,0.77510379559886811,-0.01698132652978894,-0.76772729004988216,0.62834653067261947,0.12560034038309076,0.10802345817065517,-0.066292861153462723,0.99193557706382418,14.371898198307033,1.5141656132264198,0.17429457657897623,0.4829000866573722,0.4139618884426566,0.9230769230769231,True,5
0.1560224515203549,0.98740727660999761,0.026150807238148749,-0.98403263294569421,0.1530843960052711,0.09080167948703706,0.085654958522806829,-0.039900348335943844,0.99552558494652843,9.386145615826484,-21.973906386278681,1.5889863219792013,,0.3858499220730646,0.3478260869565217,False,5
0.34539312377493997,0.93676513030176878,0.056344304944686951,-0.93257036909894009,0.33589219738765835,0.13224575007446318,0.10495759490220838,-0.098221801983068721,0.98961425863188901,9.8158364383936618,5.6638038600832692,-0.5430677080355909,,0.1097022613758256,0.1666666666666667,False,5
0.94161269321898966,0.33461727880267295,-0.037373957451333706,-0.32273534734154297,0.92862124542227475,0.18304228507838288,0.095955362253568294,-0.16029304188603005,0.98239437558330356,-15.491578721548546,13.375912578581131,-3.2167137142601323,,0.09172921164056425,0.3157894736842105,False,4
-0.040912407218463488,-0.98411751904301248,-0.17273935176506741,0.99794167640336273,-0.048791632659448553,0.041614745940233649,-0.049382035527460448,-0.17068123884906194,0.9840880698759199,11.090056477436017,1.3184459722629112,-0.16396745357735212,0.6269518555293068,0.3154941546439971,0.2448979591836735,True,5
-0.63656635950430629,-0.76187787480013514,-0.11968865375407653,0.76190071020923866,-0.64530902132120849,0.055529944931732196,-0.11954320444965283,-0.055842375410551238,0.99125730836065717,17.537309565028746,-5.0154897708792827,0.98343420139971294,,0.1096068569167513,0.2758620689655172,False,5
-0.73366684035044905,-0.6537869781086495,-0.18519059000324389,0.67220861192144499,-0.73815337862836361,-0.057141680743363218,-0.099340572923821924,-0.1664096658102914,0.98103989403901137,4.6864250763354836,-3.0889239092462768,-0.45358326903656071,,0.2014451365523448,0.3076923076923077,False,5
0.92498587765419116,-0.36482986046320109,-0.10630286475305722,0.37817728191197059,0.91117021254730846,0.16355667889806944,0.037189643531223712,-0.19148894662850247,0.98078994373572514,-27.914423939012018,3.8167282572403374,-3.7169773466548808,,0.1121655841270167,0.2222222222222222,False,1
-0.98208975213691663,-0.16781266899882721,-0.085665785884097415,0.16703381262841155,-0.98581755201152355,0.016231438162538414,-0.087174676291149222,0.0016316462538430582,0.9961917052174426,-32.25317640471782,11.306176519558649,-4.474633025896761,,0.6611412784117916,0.78125,False,1
0.99720103888061129,0.0024954223551886031,-0.074725236183636093,0.016621427017559753,0.96703378287548802,0.25410507854315845,0.072895927316489431,-0.25463588836767304,0.96428561543552893,-2.6758402536952568,-14.065037602277872,-0.26521355641682737,,0.1921400411227425,0.2553191489361702,False,1
-0.26390774673390122,-0.95877707491304875,-0.10535284445620088,0.95907921063090473,-0.27245599978211932,0.077037626640010279,-0.10256592489435697,-0.080710896438481047,0.99144640916524629,6.7515257365133747,-9.5795886382252569,0.27432160328407962,0.3274739234508115,0.1566484823067046,0.5777777777777777,True,5
0.84693845298464154,0.52662231824055972,0.07324063617228331,-0.52086736838006109,0.79413491299524785,0.3131244553190628,0.10673538032354468,-0.30334579920112431,0.94688377570545557,-10.450288776995855,16.391213532970159,-2.9567307950785406,,0.3640639196597533,0.1578947368421053,False,3
0.41029989077150697,-0.88395106316448557,-0.2242420958769013,0.91116537948410048,0.38715782484375222,0.14101939544562492,-0.03783716245286789,-0.2621818769339907,0.96427641915836848,-15.509861144509017,12.502131336216213,-3.1630006470482934,,0.397326297858502,0.4838709677419355,False,2
0.93297519183664146,0.35991608431055427,-0.0042075731652319384,-0.34826106180244948,0.90559333319007917,0.24210524098811484,0.090947920534848861,-0.22441284975740738,0.97024087144077098,12.600071201315286,2.5977508125287643,-0.070260407552340962,,0.2435924847688643,0.1333333333333333,False,5
-0.60325586599118997,-0.73887393442083771,-0.30024601442931886,0.78976051916216472,-0.60589782327973962,-0.095740013148009992,-0.11117860639496871,-0.29487817277368045,0.94904487812838867,-11.929489923314179,11.218894928894466,-2.7914906115321099,,0.09693914176865634,0.25,False,2
0.55734202112344466,-0.8228692332136478,-0.11070725595198547,0.8299900267387289,0.54862861358690151,0.10061411366185201,-0.022055090212450917,-0.14796239178960024,0.98874703722014923,11.578166440668584,4.8114632587531752,-0.31763194603476202,,0.09782435786727976,0.1578947368421053,False,5
-0.99409300205977102,0.097636526635280038,-0.04739421823799525,-0.096356832268626236,-0.99493647535445096,-0.028579203705109441,-0.049944610629659644,-0.023843629670428863,0.99846733406416044,-26.134852643815957,3.7721390693462222,-3.6073246683114495,,0.1607204295760164,0.1538461538461539,False,3
-0.030495842808086183,0.99878908536176569,-0.038605265620537906,-0.9962239421998641,-0.027231051392453631,0.082439837626134854,0.08128874804784747,0.040973562235535929,0.99584803390805809,-23.308457815439283,12.137419923601923,-3.8584210021048264,,0.08380732836469726,0.2777777777777778,False,1
-0.96895127438799944,0.24245258454107718,-0.048478573733387188,-0.24272484952091378,-0.97009513432660477,-0.00027889226606261919,-0.047096446648567894,0.011496721497806603,0.99882418378205096,6.4153491892087136,5.9179739119354853,-0.85521177301705575,,0.2200881293487907,0.25,False,5
0.9522808946717809,-0.2914385153783679,-0.090690073311064337,0.30267990074395507,0.93997377608692578,0.15758863523273492,0.039318892771069855,-0.17751870893778862,0.98333164936775974,24.207141671736135,-3.3798399326576818,1.5107028053243312,0.5338095900956957,0.4921360983266115,0.7755102040816326,True,5
0.072743012962923112,0.98832747284364719,0.13385537153049115,-0.99299876683898969,0.059246244453100991,0.10219261996078416,0.093069345766056966,-0.14035201794307486,0.98571771209509307,21.587904308715839,-6.6483722631254096,1.5327119628468033,,0.3683850434125355,0.1538461538461539,False,5
-0.81039477581293684,-0.57945385800780091,-0.086565199560665079,0.57580063851724994,-0.81500005177160773,0.065027227339063576,-0.10823091988073219,0.0028534281407731413,0.99412168567515835,-5.3301556747470356,5.3603912468388266,-1.923853290745198,,0.0820696229286306,0.169811320754717,False,5
-0.62636480485236545,0.77887792757408614,-0.031879541718107807,-0.77931895199013657,-0.62471957635462128,0.048861252422538609,0.018141177229025335,0.05544929988016712,0.99829668577610053,24.512763681189906,-5.6137824232911528,1.7170999927168253,0.1814130937811306,0.193039914075547,0.6470588235294118,True,4
-0.97714792591491628,-0.19491829248367215,-0.084786733251311308,0.19301350332991427,-0.98073151822903437,0.030190672143693996,-0.089037735890421826,0.013135768246453267,0.99594163141224545,0.95482453583177684,6.7101496735468675,-1.4387079821367756,0.396039747298345,0.2649693383753314,0.6593406593406593,True,5
0.97968280100616012,-0.15936476410720035,-0.12175582685761213,0.18505992394061188,0.95232108898735979,0.24256415238246509,0.07729446269830309,-0.26016805228733447,0.96246462304086555,-6.7520143718281638,15.508534621068382,-2.5947590352805943,,0.5475500613884077,0.2857142857142857,False,4
-0.76427893077641196,-0.62816399305808024,-0.14590309728238535,0.63822480915594093,-0.76920576334779012,-0.031489468245855232,-0.092448953207312029,-0.11718571353997105,0.98879760294662966,9.0769742492154695,-12.905025891453793,0.78798882490622435,,0.7631953240036892,0.3424657534246575,False,5
-0.33178234279080421,-0.93472492169420773,-0.12731770409492479,0.93767570113697296,-0.34155562928648475,0.064062716145974918,-0.10336709587451715,-0.098127839405904443,0.98979097319787557,-27.519916210525608,10.447445247294175,-4.1196133777825032,,0.1338542229521023,0.6071428571428571,False,1
-0.9966091633443479,6.5129947894108399e-05,-0.082281050650622661,-0.0033670620618030389,-0.99919433481224162,0.039991801312209092,-0.082212155008565574,0.04013324105044503,0.99580644933221651,17.595358461072731,8.9691183550078097,0.11133411346415724,,0.1457023746106518,0.3461538461538461,False,4
-0.99736534223323847,0.032960633060721112,-0.064621751602784411,-0.031024635376302404,-0.99904589436870328,-0.030737159022999894,-0.065573211845562085,-0.028651310847397415,0.99743634196623454,-18.164338679686882,14.844637487676703,-3.5431523881782558,,0.1805619355458786,0.375,False,2
0.81359054511926354,0.57965703405117552,-0.045476892676766391,-0.57094717277253404,0.81125408732640358,0.1260401987433146,0.10995340283770136,-0.076580210702233892,0.99098219990735037,-1.2593843576655828,-18.880495409310182,0.26991739144978116,0.529173044284124,0.534860138874448,0.8974358974358975,True,5
0.49398395318347454,-0.84142086194423138,-0.21906799648112954,0.86947052667411284,0.47831547872282393,0.12343138198691192,0.00092587378732631592,-0.25144628829868437,0.96787081103758243,12.276833387028034,-10.597251987116557,0.90904722484484535,,0.2259146309797528,0.2352941176470588,False,4
-0.34262919750289322,0.93903449510906467,0.028626037339912341,-0.93803702002442568,-0.34363020151538826,0.044775369012297658,0.051882387013486096,-0.011510934008859879,0.99858685967522387,-5.8351082817859981,-28.043235496925423,0.59284499127274859,0.2998824270497057,0.2429622600818851,0.25,True,5
0.73944977915051302,0.67250473531066024,-0.030844855308411911,-0.66541644103543607,0.73707220189524558,0.11809119015840572,0.10215176999931092,-0.066797830638677863,0.99252358445931899,-7.4079638124588953,10.958400713089661,-2.4171406368064101,,0.08748213511057068,0.3636363636363636,False,5
0.78156307946131398,-0.60930939080699853,-0.13379543750573752,0.6237991157996069,0.76534173232947778,0.15851402424562433,0.0058151483709544052,-0.20735018454131618,0.97824950039348635,-2.7879537883687351,2.5274388425317209,-1.5971012530656394,,0.08615494052223935,0.4131274131274131,False,5
0.44603993256742319,-0.86912899890941797,-0.21368940500165723,0.89405934318882152,0.42165961726101808,0.15119873686001942,-0.041307014077783658,-0.25849168347551438,0.96512992916082185,-3.7961124077746979,-5.9172917538162633,-1.0500910528633203,,0.1342357682856396,0.1296296296296296,True,5
-0.59959654212868141,-0.77063504532279947,-0.21588333327900891,0.79017127668884346,-0.61284654405164485,-0.006961820155581,-0.12693833212726466,-0.17475909236512566,0.97639434629276023,-10.285327699273353,6.5655675263529485,-2.42824058861695,0.1066281636313,0.2175550567737314,0.2359550561797753,True,4
0.91544394959275288,0.39904597158463345,-0.05219854132155962,-0.38955083306694716,0.91119676920273129,0.13405445256071402,0.10105703147663661,-0.10238535225598125,0.98959825991790717,5.5191311171094402,9.1841053677941531,-1.1093228108501161,,0.07387582446982352,0.1666666666666667,False,5
-0.9546688736706298,0.29454980466071734,-0.042985511731089124,-0.29301550546675287,-0.95532840583863288,-0.038594695929344849,-0.052433340543147605,-0.02424973344489606,0.99832995308531991,-15.963687620322617,-21.479426512936168,-0.85716063401038611,0.4021281874326577,0.262943706952373,0.35,True,5
0.090330813088033673,-0.9889650672636161,-0.11742418804967715,0.99362479552057803,0.081508789462902798,0.077885062540780134,-0.067454502692880114,-0.12371100586675141,0.99002296796281086,15.737317210889923,15.163812479028513,-0.44271613732315535,,0.2442211677332941,0.896551724137931,False,5
