axis_00,axis_01,axis_02,axis_10,axis_11,axis_12,axis_20,axis_21,axis_22,location_x,location_y,location_z,dbh,dbh_approximation,score,reconstructed,number_clusters
0.91324399029584402,0.36103544529434617,0.18878247119274233,-0.39568173671870205,0.89637714131854018,0.19985991030938183,-0.097063780143764322,-0.2572186380547018,0.9614661693588018,2.0115817638970781,-11.391789793896763,-0.78006770777660728,,0.2856943927377061,0.2,False,3
0.85903509064174832,-0.51161214673438038,0.017655717486488046,0.50192549573564149,0.84854878600850081,0.16743880820774676,-0.10064546575307999,-0.13497395703371415,0.98572436367678729,-7.8154643901825711,-15.276397190511647,0.018138511751024593,,0.2619163652177021,0.303030303030303,False,4
-0.99325178832330074,0.00041330372230522286,0.11597721402326637,-0.032317827465630639,-0.96137151710419766,-0.27335025906092564,0.11138421351550284,-0.27525376524365047,0.95489733568521706,-0.92949031988425723,25.474306558380057,-2.286663938930781,,0.5515399817364746,0.6521739130434783,False,2
-0.80747551564317022,-0.58484486924863455,0.077069906904991728,0.57656098309570603,-0.81007804248776039,-0.10654106180675753,0.12474263268229344,-0.041593797527345801,0.99131691784148657,-6.3225826047735394,31.258138093342211,-2.4380885333336226,,0.2529438040150813,0.3333333333333333,False,3
-0.8265540801252631,-0.55961752408080512,0.060304057657432117,0.55208801062797686,-0.82693070419823245,-0.10669788646013124,0.10957728391014462,-0.054898426169476981,0.99246107311823106,3.0581084600749091,22.568959004469637,-2.3499843114714225,,0.2603093038982471,0.4545454545454545,False,4
-0.46934629856592985,0.80526271952881334,0.36230650637204859,-0.87995275442551224,-0.46067228616791889,-0.11603531676078713,0.073465651847744576,-0.37327335465296951,0.92480798045037627,-12.041831197540688,-8.6495542931779372,-0.12410958548495113,,0.5319323164407568,0.2934782608695652,False,2
0.046238492613792807,-0.99866905314161536,0.022850034967916377,0.99884735924506962,0.046517542583527235,0.011835166291254192,-0.012882341788515494,0.022276456837219571,0.9996688475394363,-14.608140539679033,-10.705950494362094,0.13683960654151517,,0.08675063387226069,0.4411764705882353,False,3
0.9642535830504757,0.23470277248743091,0.12300258599327757,-0.24533193176101131,0.96615816146221201,0.07969096748295737,-0.10013626132790682,-0.10701876296553123,0.98920155354740391,-11.666216784230611,-6.7421343806360259,-0.23685472531202731,,0.06630793176490887,0.2727272727272727,False,3
0.39636556607855228,-0.91116253173148543,-0.11259297844847717,0.91566636644660726,0.38342368247649061,0.12058766551615273,-0.066704148189575929,-0.15089440176771929,0.98629682962557785,-21.907687901701074,29.75184087678096,-1.6257581409829309,,0.3070648550332127,0.375,False,4
-0.58701426166572612,-0.80957495944499291,-0.0016253124875800079,0.8058278088057711,-0.58410190974781129,-0.09729594844725338,0.077819015390414775,-0.058423831341322272,0.99525416692173119,-12.858448139159536,-5.7906287336244535,-0.18773702058323907,0.8922624447501573,0.6000097243320648,0.6161137440758294,True,4
0.29451902063404006,0.91206293785437353,0.28530640349843978,-0.95418401424552368,0.29716297660979346,0.03502902069292084,-0.052833828586084194,-0.28255152224834301,0.95779602412626452,-8.3673684846570193,-19.393637421234018,0.22526757828612862,,0.1906140999973533,0.2222222222222222,False,6
-0.60957323129601748,-0.79180948598543233,0.038186562961578671,0.79101008316580357,-0.61071597692831747,-0.036456053743104497,0.052187393280000077,0.0079833218635690234,0.99860539882110699,-3.5078148747270741,33.920933731552864,-2.7152471838727235,,0.2759334139706535,0.1578947368421053,False,5
0.9841377756262909,-0.16850608797779162,0.055484564518041582,0.14282714709302827,0.93808176516691533,0.31559944219625946,-0.10522948559506691,-0.30266863097411406,0.94726894554062779,6.1103866814152807,30.518741759341427,-2.8605278863277195,,0.6128338908815031,0.1904761904761905,False,1
0.88540744425493101,-0.45953780734255095,0.069847414273917593,0.45453147535242772,0.88742128187680025,0.076711188141509609,-0.097235773107931064,-0.036172808778657174,0.99460380671560167,-1.2472165815215495,-12.45566581936588,-0.54034425251881468,0.5108280787964165,0.4656313051971105,0.8699186991869918,True,5
0.86326353316474036,-0.50470800605458832,-0.0067750226811424813,0.4957042881657,0.84518041740047345,0.19986825845265474,-0.095148993699696843,-0.17589738675478445,0.97979935615960267,22.081084840100239,17.18841321814411,-3.2840127412721372,,0.4229781940203541,0.4864864864864865,False,2
0.018042111933715962,0.97025312333079894,0.24141946662148217,-0.99973856093970503,0.020898635470660561,-0.0092766807464852059,-0.014046065896863663,-0.24118897923059024,0.97037651678641057,4.7353936641008243,35.735581518474703,-3.1655458413109212,,0.6278856370984451,0.5428571428571428,False,4
0.65726240077145681,-0.75361448838176304,0.0084462674141550925,0.7475039872533471,0.653280950810053,0.12025717587344883,-0.09614533567722014,-0.072726901555089443,0.99270684102493623,-4.3466267886497079,27.033822515981697,-2.3109165781559504,,0.552412219187873,0.2708333333333333,False,5
-0.71098785536667319,-0.70315171142700772,-0.0085988509911996136,0.69898141256248691,-0.70532731372471391,-0.11806085467261998,0.076949687544846018,-0.08995027087868554,0.99296913061565106,-8.3713069013969879,-22.271752407480555,0.36361890548924419,,0.2333011727084732,0.2777777777777778,False,5
-0.45238400974641974,-0.89181127241198388,0.0046219178562897228,0.89090141447029392,-0.45214591042776187,-0.043113169429774556,0.040538591743935148,-0.015386035303784129,0.99905950398214505,6.0081511181804554,20.899969060190791,-2.4257509975235148,,0.094356838229621,0.2105263157894737,False,5
0.069877308403213462,-0.99625503086178768,0.050922247131302147,0.9969657958926883,0.071500054478317296,0.030772455697531887,-0.034298157244684019,0.04861744226280211,0.9982284211128446,-2.1156044828828326,-14.088553632432513,-0.42869447453802412,0.5835179012010073,0.3230959895450276,0.2631578947368421,True,5
-0.92070830864881981,-0.38777964117196001,0.043853851342576029,0.37873070445488521,-0.91497117350044377,-0.13925087133058864,0.094123662742889191,-0.11160063420862704,0.98928561829033779,-15.703766354403013,-15.306670542369531,0.44929371083974445,,0.2296677338875827,0.4736842105263158,False,2
0.034136851385658432,0.98564369183482525,0.16535171037425533,-0.99941116392156359,0.034239674502793423,0.0022293763455346685,-0.0034642180099926979,-0.16533044921054585,0.98623214394858383,28.550159314961,1.5836493963822711,-2.9745246416353597,0.3559719001205747,0.3458271225898075,0.9791666666666666,True,5
0.87155457909738565,-0.48257479455283708,0.086684389117460792,0.48079509946920318,0.87583875583835968,0.041743815085763872,-0.096066060504109152,0.0052954163011646668,0.99536087455024036,-17.814372990191046,-12.283024153822369,0.40838634964956616,,0.1237412103222018,0.5714285714285714,False,1
0.95809503623219905,-0.28045621492360745,0.058294194032905179,0.26761323228134087,0.94893860530990248,0.16702898329461038,-0.10216192762059466,-0.14442934211309549,0.98422716162562007,-16.490928235464043,-7.2057703896199428,0.072507224759989525,0.4664031682757667,0.5442716805723072,0.723404255319149,True,2
0.22780541172567492,-0.96926605689943779,-0.092887056854620023,0.96958065281294936,0.21703288671974377,0.11318164061768619,-0.08954357642685469,-0.11584488346367525,0.98922288231519251,-10.059398665238778,27.958930050627522,-2.1456407548190994,,0.5962798642591749,0.5238095238095238,False,3
0.82543540502690604,-0.56362596327506698,-0.031339522177623855,0.55005237418844055,0.79059525525732077,0.26907532033665432,-0.12688095908263292,-0.23934267460456393,0.96260911398937354,0.66824498686028477,-20.266656433880723,-0.30188145883468726,,0.3368570411238205,0.4,False,4
-0.89175628774422655,0.4245846308927087,0.15652033247580988,-0.44535844839008898,-0.88475485539155851,-0.13734881982978259,0.080165926154496484,-0.19218932611038514,0.97807805783231194,-14.911647927333679,-4.8551720440038917,-0.14083440665165309,,0.2549338037968111,0.3333333333333333,False,3
0.94698414771475459,0.26974988533555316,0.17451654173291403,-0.30427486693120587,0.9273913036596414,0.21762852581972553,-0.10313985326224298,-0.25919176155488788,0.96030297375938423,17.230575199794071,-12.922664440345232,-1.749604460253261,,0.2415237943386427,0.25,False,3
0.97862346065695427,0.15752275100590685,0.1322221810716328,-0.17856146796926681,0.96978211430122652,0.16624816672103448,-0.1020388377455816,-0.1863041429946618,0.97717902243885524,0.14027897988023233,29.381969694726106,-2.5566802449030464,,0.2891443498418501,0.1875,False,1
0.9078095369096818,0.39070816316568246,0.15241055059124498,-0.4134436898876821,0.89470652932039607,0.1690104780287548,-0.070328941324934779,-0.21644250420642544,0.97375894470087621,24.545379072748268,-14.69491460576439,-2.3271855638256311,,0.228014291997376,0.1333333333333333,False,5
0.28036366941788698,-0.95949611616511465,0.027629982529838906,0.95892739478410438,0.28125668257507758,0.036782197316540734,-0.04306349269518954,0.016182755356350637,0.99894126655473026,8.6141436075360431,24.107311076769729,-2.7281181242450101,0.3840421341611832,0.3192338291407713,0.5409836065573771,True,5
-0.33847136342687267,-0.94091433381122103,0.010832939053605356,0.93969326259898345,-0.33858838900107174,-0.048316405699679391,0.049129506063373587,-0.0061740798702380612,0.99877333383091671,18.577216853838838,17.839323808522778,-3.1207710660920536,0.3473514353979911,0.3528974057112932,0.4047619047619048,True,5
0.98580113089208543,0.12639731851455091,0.1105434222566694,-0.1386918013112684,0.98401865643204045,0.11167751807197931,-0.094661051023749068,-0.12542328996646818,0.98757697611531325,10.75376847298471,-14.486259125276469,-1.216067931577826,,0.2891926680506305,0.2083333333333333,False,4
0.6345265168987172,0.74790888569480041,0.19495742625287132,-0.77050213517849786,0.63196129002315604,0.083374981844939716,-0.060848656827885816,-0.20311875002330532,0.97726158952002828,-18.344063610035715,-6.8869301033623893,0.17020695521731741,,0.1116787246073468,0.1304347826086956,False,1
0.052187164740488998,-0.99744380498843166,-0.048809381542396085,0.99863275074091695,0.051976678508949818,0.0055726150781186951,-0.0030214208546047875,-0.049033465932762935,0.99879256616909307,-23.913434615724931,32.310698064105964,-1.6140870258711717,,0.3683475082101599,0.40625,False,3
-0.76796268606474472,-0.63950189210238895,-0.035646077058880885,0.63596350872788932,-0.75473980064449564,-0.16099145595223144,0.076050827600592313,-0.1463050351853003,0.98631187172247592,-21.100970380242789,32.908993819065437,-1.7505115766876131,,0.07060292375887148,0.3333333333333333,False,1
0.39841557175806558,0.89795039326965409,0.18694952101454249,-0.91706453001875898,0.3935592445699771,0.06406066495893839,-0.016052412970208124,-0.19696754108325085,0.98027858683001512,1.4496081376312049,-13.512429296750124,-0.64877187778073686,,0.2767497151058116,0.1052631578947368,False,4
-0.25732616763089727,-0.96617938556960681,0.016752264107599377,0.96611238768554897,-0.25759429744968876,-0.016493401163108448,0.020250871905213901,0.011940386163630051,0.99972362649151225,-4.8258023531724277,-18.462089902766781,-0.047353578458236026,,0.4863900234060083,0.15,False,2
0.99196740283251161,-0.089543217870194231,0.089345866447039263,0.058240484295394773,0.95031432527130622,0.30579524059929292,-0.11228854664104931,-0.29813536408415647,0.94789587348803639,-8.503554117455101,-16.35153112721455,0.11716009587469189,,0.3906867024718275,0.2666666666666667,False,2
-0.33519602300371265,0.91212086948774462,0.23596428883925491,-0.94060922858800922,-0.33829305211397542,-0.028497192607011536,0.053832195362668089,-0.23150233332805081,0.97134379310628394,-14.843708135760938,31.302041707423076,-1.9532643257982374,,0.2517349801145766,0.6111111111111112,False,5
-0.94639626204825478,-0.31012654322301286,0.09030859521460631,0.30791198582128432,-0.95066147073409446,-0.037854683320315101,0.097592644029578776,-0.0080184319061066787,0.99519414215573188,-7.7138446397509073,26.732848192479526,-2.128980888424127,0.1675633021825246,0.1254613825050445,0.5294117647058824,True,5
-0.9235177226051694,0.35287441819290366,0.15031520554881395,-0.36883126316221709,-0.92457060460380391,-0.095565142268093983,0.10525452649803613,-0.14369704968292643,0.98400845655111013,12.516772094390756,18.862390230798873,-2.7864947968292046,,0.2721459164400697,0.3333333333333333,False,3
0.31404035722180079,-0.94884023454595012,0.032876486168557248,0.94909002439868639,0.31464480830729324,0.015058890801413809,-0.024632897168338368,0.026473645613218987,0.99934596935447784,10.672335109401914,19.258709650698805,-2.7300380081166691,,0.08741350940325109,0.2857142857142857,False,5
0.56366205135505132,0.81077239313685168,0.15790255979356388,-0.82430864517165814,0.56437747011506001,0.044646710089230268,-0.052918327236251089,-0.15532610132771901,0.9864448554728491,6.9433425676542742,29.609670631892694,-2.8523677383419104,,0.1116487133339286,0.2,False,1
0.87429216895886774,-0.48336432370791432,-0.044408713824978838,0.47574856692076706,0.83516082822834825,0.27598857234634777,-0.096314611404680145,-0.26242202948557802,0.96013445624591331,9.396739914696731,-12.938893731608088,-1.1418430181217314,,0.09486073606201087,0.1875,False,1
-0.92082775380116799,0.36335353066748138,0.14159964541258852,-0.37681489329514095,-0.92255214385046302,-0.083114848660668511,0.10043298273210161,-0.1298913146765017,0.98642864027315369,-22.068835701026511,31.826925051168406,-1.679348977867499,,0.1108655420632547,0.3,False,1
0.68287966267441447,0.71705884178582879,0.1396495031227975,-0.72766857928226203,0.68456563717515828,0.043224149781161916,-0.064604992307194964,-0.13113544835678806,0.9892571400567457,-5.9552258461901211,-10.377441268130811,-0.25037068095795056,0.2280606112504023,0.1463270300243793,0.4375,True,5
-0.91508590535381129,-0.40299514171268191,0.014584292193019113,0.38982449125255692,-0.89327870603002313,-0.22380799666904874,0.10322137299261863,-0.19911822897289694,0.97452412953616285,-22.011446695527123,30.878416991248255,-1.6159170067474189,,0.1936628995906281,0.2631578947368421,False,2
0.87632599234799324,-0.47565728561985043,0.076176779743312953,0.47073749388156155,0.87914679675631413,0.074209983204547081,-0.10226909107551438,-0.029172870785517772,0.99432890766623083,-17.017245141858602,-16.040312532157635,0.57839029320883018,0.2879860808119986,0.162054336140812,0.5161290322580645,True,3
0.31825280194653577,-0.94569189598602243,0.066196615619991128,0.94658901197517953,0.32081773758486848,0.032329888010623233,-0.051811161548762759,0.05237191152982959,0.9972827013548764,23.504545782402701,25.322251294766975,-3.7039621643466503,0.3738533125543183,0.3586111298025506,0.7916666666666666,True,5
0.98986700199253741,0.085209512168958307,0.11358986487462455,-0.094612204098271938,0.99228446787482738,0.080125312168120549,-0.10588601986085926,-0.090060390018586678,0.99029151109545854,22.015301328403162,18.641487774003874,-3.3527719607920941,,0.2668071201902305,0.2222222222222222,False,2
-0.98170642524524943,-0.16094360139055297,0.101733238440697,0.16044881968839891,-0.98695746779344584,-0.013081782269577395,0.10251180855293002,0.0034805083231847448,0.99472569845612169,24.055552346311138,20.236405375067317,-3.5513517957783205,,0.1444919065642085,0.4,False,1
0.92306852542013162,-0.37948612321030656,0.062727822132742667,0.3682069419488157,0.91896578411283847,0.14115783906881796,-0.1112121633608765,-0.10720153879813951,0.98799781619187099,11.83280553694398,-12.800228727796519,-1.3561570685987456,,0.4068068235074996,0.3846153846153846,False,2
0.69398502231881687,-0.71944342715463205,0.028034691386713217,0.71562081992197812,0.69353395386966044,0.083051170516196482,-0.07919362910831905,-0.037574059587867165,0.9961508716829699,-29.290572897107694,32.270714058627789,-1.397980915904975,,0.2429076396343911,0.3181818181818182,False,1
0.71212214571552712,0.68145688902550716,0.1688151592162031,-0.69859333337842411,0.71167056090079261,0.074110507395197589,-0.069637663234318692,-0.17070887834799117,0.98285760652926457,-2.5884146267046275,-16.202797076905078,-0.31721481434768733,,0.546225585413846,0.5666666666666667,False,1
0.10389687716420391,-0.99417982020063933,0.028494280502400243,0.99439552944382448,0.10439783163178244,0.01669202722010275,-0.019569617718824268,0.026600335644596552,0.9994545773600384,-4.9366366418483256,-13.114672094097907,-0.27288759597629775,,0.07979182714397243,0.3333333333333333,False,3
-0.22312216619471956,-0.96375295300163033,-0.14627626100366761,0.9746519923568443,-0.21803495830981984,-0.050142304989584816,0.016431456034369799,-0.15375630892900688,0.98797216798709364,6.2127818405061861,-16.675683766299642,-0.81038293235510894,,0.3185183692203075,0.3043478260869565,False,2
0.22192307093886454,-0.97393810583954221,-0.046847802283030801,0.97453746388086193,0.21996803442810298,0.043483276354201607,-0.032045000822633729,-0.055304880648304564,0.99795515335046781,10.610314738581732,23.227310384793117,-2.8384630461755478,,0.1694299704281393,0.5,False,5
0.93462858045692521,0.29517756601613304,0.1983421818823857,-0.34240683817038814,0.8975755537787885,0.27769710555362165,-0.096057138033732267,-0.32745737093474186,0.93997058275952239,-14.499790031430063,30.696166052996706,-1.9238229693957181,,0.3730096698379187,0.3076923076923077,False,1
0.9638177641041169,-0.25463833907207106,0.078832949151741688,0.24669908886687952,0.96411997012128681,0.098042045906761799,-0.1009696843096755,-0.075046648745624459,0.99205500017008053,3.2355374336843856,-8.6163254440847972,-0.98627317636734335,0.1874951911189899,0.1206179250512817,0.2549019607843137,True,5
0.46009291358483606,-0.88600847031557972,0.057476094144134807,0.88626535071821699,0.46218882120702359,0.030252630754699104,-0.053368895298054497,0.037020049707029122,0.99788840905902731,27.171709696454979,-3.0657562221976145,-2.7200132151783092,0.3774589989776106,0.3663441346525217,0.7704918032786885,True,5
0.90788120721680543,0.38210066230747713,0.17248419477373239,-0.41015173206237016,0.89471197098451527,0.17682207346154788,-0.086759842489444322,-0.23127812875667836,0.96901143279633994,30.208829556358616,15.01664637384158,-3.7224652519017205,,0.2390119346859367,0.2857142857142857,False,2
0.25678764617024658,-0.9452501898857113,-0.20140055435716159,0.9658342207071976,0.24344083775372799,0.088886537927204176,-0.034990897177200504,-0.21734451231809587,0.97546758023008873,-11.209706590753489,30.751583698709386,-2.1698789958747029,,0.476035892710829,0.4166666666666667,False,1
-0.98610298299647725,-0.14771306924028704,0.076037859655987861,0.13017701574940049,-0.97136042724843186,-0.19877843179360266,0.10322234010150075,-0.18611762289304523,0.97709026141529653,-18.837409340613533,31.013731940312873,-1.7968319714385954,,0.2735985084293132,0.4,False,1
0.57058212782161044,0.73931855668361046,0.35755294314804148,-0.81948367826191637,0.54102884531242978,0.18903515440842913,-0.053689258449742566,-0.40086888165977924,0.91456088000961133,4.550079640774789,-12.085864687883701,-0.94397796763028508,,0.5683703281694524,0.3488372093023256,False,1
0.44111514304760613,-0.89575235512806017,0.055182867419371152,0.89582954896897171,0.44317921081389661,0.032887783391719411,-0.053915209061438915,0.034927143955752832,0.99793448925616135,-0.17580385125435793,32.75054192582067,-2.8248925396473639,,0.08540493017650305,0.3636363636363636,False,1
-0.23996635055724844,-0.96883563523798255,0.061430143197382631,0.97062344114448706,-0.24058728875197097,-0.0028092689102902253,0.017501031428759001,0.058951406972105824,0.99810743185036899,-27.556331822661154,32.395987996016324,-1.4959511639736283,,0.2674638579292795,0.2631578947368421,False,1
0.36822461712657312,0.90899950585431577,0.19527040149136748,-0.92973136541485457,0.36073156372194254,0.073975178935600239,-0.0031967961806473079,-0.20878849894410684,0.97795559367634255,12.201546281711941,23.302716216522292,-2.9605619496776421,,0.2179193261791304,0.1891891891891892,False,5
-0.70147488877820574,-0.71263880440294347,-0.00888340434446723,0.7058946780553963,-0.69301079094399209,-0.14645390786268223,0.098212442728366198,-0.10900448657888223,0.98917760690333156,-12.781941624679504,-9.4695137062391304,-0.036917921857956566,,0.21096268626616,0.1282051282051282,False,3
-0.96562692903510439,-0.24924899045526058,0.073753472320071581,0.23954595567957634,-0.96347127481605077,-0.11975323679088118,0.10090772537220653,-0.097969604272793567,0.99006039593493511,4.147268787119387,24.573478035974542,-2.4961219369979122,,0.08708565917841293,0.1764705882352941,False,2
-0.9249574317560233,-0.37946555854253466,0.021439200528570401,0.36805123093145803,-0.90835381837930318,-0.19857399639826626,0.094826372118417837,-0.17578176957734334,0.97985138089157042,1.0168747420378574,26.442817011553519,-2.3715954090023512,,0.642925459070857,0.2857142857142857,False,1
0.95958262399681116,0.24990885090797688,0.12940924990606248,-0.26167449819672167,0.96154070873470177,0.083462101815503842,-0.10357434391242429,-0.11395188319559318,0.98807252952366265,-13.844710764896345,-7.5756400209623633,-0.048051872785292528,,0.2978978881285958,0.3941176470588235,False,4
0.98931701347991352,-0.11172576308587305,0.093644010497542979,0.1006740764638584,0.98820117776753491,0.11542600481262943,-0.10543517993219209,-0.10476538608593663,0.98889212592220122,-14.984239423300789,28.660327610025902,-1.8692159835464814,,0.6075377930114486,0.2439024390243902,False,1
-0.53703527626915093,-0.84186887670705779,-0.053384515306527089,0.84337797589587393,-0.53715711750894224,-0.013259746726916287,-0.017512904279256995,-0.052144276210149651,0.99848599020828732,5.6348211555919079,-13.328512839495518,-0.93401150423778623,0.6046798932441474,0.2660273058074251,0.2105263157894737,True,4
0.21789864866354036,-0.96319435050336399,-0.15740655027350092,0.97538729127380808,0.20933818644712526,0.069261502413462933,-0.033761086062869664,-0.16862433648032482,0.98510203644821703,5.5837847620222458,-10.672710493891479,-1.0526443847465248,,0.461908099575704,0.1818181818181818,False,2
-0.90342791567802616,-0.42636461004281684,0.045069063410451693,0.41715291916939784,-0.89841550406618564,-0.1372334656049774,0.099002238369182261,-0.10517985242687615,0.98951288796121972,7.053508593609366,21.396711973312414,-2.5361137661003914,0.369809889838197,0.2149220646217498,0.4347826086956522,True,3
0.40231442064825773,-0.90320679377064117,-0.14953459340572769,0.91413639360049015,0.38740306793061063,0.11947182451541109,-0.049977603319357744,-0.18476025179813538,0.98151204196481645,-18.706274940810157,-13.309871192209265,0.49567946483217878,,0.2547181570298276,0.2307692307692308,False,2
-0.44029937875710184,0.87096981914995431,0.21805511045606071,-0.89778830251285746,-0.42995776764763544,-0.095459320710668052,0.010612301220298354,-0.23779800707608267,0.97125665346161283,-16.278071160000746,30.420243510176054,-1.8792149352867002,,0.215690721199817,0.2,False,2
-0.92295215988377999,-0.38452358793294822,0.017347071483014787,0.37470474775986928,-0.90786893680198788,-0.18807005502269536,0.08806623968398658,-0.16707963344824259,0.98200241013692136,-5.0100362365398929,26.102162799724987,-2.207097405165876,,0.3288437745687264,0.5306122448979592,False,5
-0.92986229116410724,0.33948426168353779,0.14179758651055963,-0.35330550907487429,-0.93147485182071821,-0.086774522084045014,0.10262230132081512,-0.13078622440744242,0.98608499977277075,-19.567916697796239,34.365946082074991,-1.8632109896543816,,0.2891052940980197,0.7083333333333334,False,4
-0.36582670464459394,0.88842523242442006,0.27725697206832017,-0.93061550334214416,-0.35277843625213046,-0.097479022639489835,0.011207457701268488,-0.29368006624065879,0.95583806765830248,-13.076913600512622,33.783823274551196,-2.142123807032084,,0.5785957119287127,0.5833333333333334,False,5
-0.97303890757692424,0.19886450845405965,0.11682547504218491,-0.20643580501060435,-0.97682031621959298,-0.056624449050555123,0.1028569042462906,-0.079214753032377072,0.99153692828400986,13.231866001155359,25.377655174917319,-3.0968507134657477,,0.1066001871394783,0.2857142857142857,False,2
0.90145892542802974,-0.4312308977296081,0.037572844042693052,0.41809268060059157,0.88989183673629102,0.18245829479176862,-0.11211742145782627,-0.14876972727482099,0.98249542088104491,-13.496899721016071,-11.860629536277328,0.097917384775758759,,0.3599043500714408,0.44,False,3
-0.97350396892282343,-0.21277755096603196,0.083759992218292473,0.20501661460402726,-0.97438372763604031,-0.09243667591599411,0.10128282296527157,-0.072815280834399004,0.99218935927029239,9.4580443565719055,18.242490993492069,-2.5835627938520243,,0.3058964994102008,0.2333333333333333,False,1
0.46354495050956718,-0.88596613724327922,-0.013787041571927589,0.88425570250575314,0.46154188770397059,0.07121052226119505,-0.056726814145866902,-0.045200548147987019,0.99736602057819357,-16.805119199274831,-13.087841051309889,0.37667272816959074,,0.4413398420648493,0.5873015873015873,False,2
0.91691131959290251,-0.39844029556822075,0.022780756570248556,0.38671865495710245,0.90114010776165898,0.19594690120406805,-0.098601794662031617,-0.17085618821341025,0.98034986052868489,13.641053908177641,-11.615653957689336,-1.5306459143911415,0.5599333398469193,0.1864576429887041,0.1,True,5
-0.1357945890693979,-0.9884500726203157,-0.067277659860947608,0.99072766269269297,-0.13577488379221853,-0.0048866457496491919,-0.0043044111033220499,-0.067317418756972017,0.99772232468605782,-15.90872774455212,33.727560026178907,-2.0329208633833602,0.5092811031503086,0.4215458765887532,0.6842105263157895,True,2
-0.49451157626864489,0.8577388040249746,0.1405078111924988,-0.86769207636480705,-0.49660339330251796,-0.02226051154297301,0.050682951275850555,-0.13292559509075549,0.98982929064548242,-6.417066661762397,28.334845390414063,-2.2338212877823365,0.5144385980583895,0.4925194761644945,0.6621621621621622,True,5
0.86488264110991186,-0.49807409067167235,0.062451719818850407,0.49510826562393306,0.86693197756088902,0.05741734575221373,-0.082739485238949292,-0.018738902954952744,0.99639501760016869,-3.3896214652160421,29.337736362362865,-2.4434472353730441,,0.1110247433339033,0.1428571428571428,False,4
0.87446364665596688,-0.4847989989155379,-0.016830369206911694,0.48168568357689334,0.86369821120064116,0.14833847176600498,-0.05737798283496396,-0.13782354885615658,0.98879342456677244,7.1899379361098346,20.22570429028805,-2.4679727675339276,,0.2281059078970427,0.2666666666666667,False,2
0.68605409925899052,0.7158352116873502,0.13003738923272934,-0.72497578450082945,0.68764167357226291,0.03948468885715993,-0.061154597352487489,-0.12136259092185785,0.9907225831419163,-11.802689759138149,-15.070036386330555,0.32623845179151356,,0.0872054921344426,0.3333333333333333,False,3
0.50011873575677268,0.80419393324595467,0.32117498015170726,-0.86514303565704065,0.48008785716112773,0.14506266666705842,-0.037533691520672333,-0.35041085476457312,0.93584371284098167,-2.1559636363322419,30.593370158578072,-2.5777346936171854,,0.4001680766893683,0.1818181818181818,False,4
0.97655871781766768,0.18115896449548799,0.11625188272555595,-0.20040464360921981,0.96230068838079519,0.18388954282859618,-0.078556027611988738,-0.20287635329128667,0.97604822411654135,9.5909784021551427,-11.941720317786165,-1.1803039358258287,0.8237058388217241,0.4139025448301579,0.2727272727272727,True,4
0.98105350735864905,-0.18137418891069787,0.06809859981145186,0.16277385264242047,0.96228470404144784,0.21797435918888941,-0.10506516356641382,-0.20275983814564946,0.97357575947633035,-23.045043098745897,33.277625460271956,-1.682931408654093,,0.2311283173053746,0.1363636363636364,False,1
-0.64211420448010337,0.71812509672484559,0.26830149805548131,-0.76333098456429649,-0.63126279164331967,-0.13723372723490473,0.070817769020110818,-0.29292257226204649,0.95350994239724662,-1.5707681071080892,-14.79906951621553,-0.45883693936276382,,0.1293870723109763,0.2,False,4
0.39939935763915102,-0.91499234360453607,-0.057176605902354863,0.91527240143483124,0.39439589677739356,0.082026262726478449,-0.052503183609675028,-0.08509340603263689,0.9949887074538154,-2.4272476552262496,-12.331372263630774,-0.49439816819487559,0.5738294928215064,0.2231809818707605,0.3023255813953488,True,5
-0.7886193093312629,0.58141416644491184,0.20009285846088823,-0.60835103262530466,-0.785077650140656,-0.11645644831159066,0.089379002308182576,-0.21356650090028895,0.97283130276507845,2.3208340419713851,30.824145988722776,-2.7192229956798513,,0.4805849914711242,0.3666666666666666,False,5
0.9905166138236724,-0.094112055676666972,0.10009874482528225,0.083041390913888236,0.99050750062006909,0.1095400319995835,-0.10945759514246509,-0.10018888257533838,0.98892933148629591,-7.8318096052351329,-10.887743855843619,-0.12473824168754202,0.469803172128867,0.4383194275182524,0.3964497041420119,True,5
-0.77805382005697343,-0.62404605983266626,-0.072102484714993309,0.62358626778860338,-0.75335675137589164,-0.20879121576791418,0.075976441876621628,-0.20741292236427294,0.9752986516529597,17.838167801117031,20.474642352440469,-3.1421469360285541,,0.3402563598405841,0.2592592592592592,False,4
0.86599045588602519,-0.49944879815100679,0.024727077057967548,0.4850249113037825,0.85095910873812142,0.20154262742750279,-0.12170195449980925,-0.16254074344956787,0.97916757554046352,33.612371830113929,14.033788712935243,-3.9429031532939325,,0.3601591237994623,0.3448275862068966,False,3
-0.024278022686224171,0.97920104990672452,0.2014345587927126,-0.99964598098935331,-0.025972638735135729,0.0057736235560122764,0.010885325272107975,-0.20122307496582426,0.97948495843224548,16.728463552088773,-13.864766855578097,-1.6922313772272857,,0.1415140583843198,0.2666666666666667,False,5
-0.19945791966391016,-0.96326230531136714,-0.17983956586239697,0.97981825182617388,-0.19359090143822466,-0.049787109462545928,0.013142742166120967,-0.18614052231195086,0.98243522650696335,1.2337776804794909,-14.913844617571202,-0.60876494643122547,,0.3436793532973782,0.3333333333333333,False,1
0.88012325616277753,0.43361372980278551,0.19329300889568407,-0.46647985173638534,0.86551844938806921,0.18241261385351706,-0.088202051480847893,-0.25071287780125934,0.9640349843336502,-9.670894929186268,-7.6148869737128706,-0.3174784281192351,,0.1963433761887803,0.1428571428571428,False,2
-0.89044271810914433,-0.45464796169143257,0.020174159120633528,0.4460513299021367,-0.88068285186029494,-0.15948644309706289,0.090277222259739207,-0.13301483138749218,0.98699396035235332,-8.7168325009520053,24.703885075058363,-2.0184713595567514,0.115973594456786,0.1302243592095411,0.3636363636363636,True,5
0.83322332235930308,-0.54792111491763307,0.074305766289999783,0.54047912178118718,0.83542826052618324,0.09970927957233118,-0.11670995670962521,-0.042919381887613101,0.99223823382453047,8.2128684802475984,22.004747474516648,-2.619207834409274,,0.3908847136976201,0.7073170731707317,False,3
0.79023741565878847,-0.61122701208357888,0.043890392938561514,0.60636489430599827,0.79028283792197151,0.088173981645789171,-0.08858014363386478,-0.043064785908874262,0.9951376700579817,0.46456427871322908,-9.7554560058319417,-0.7860813891129137,0.1173437885711545,0.1517496177785891,0.2258064516129032,True,5
0.49909481889846952,0.82411646695446605,0.26783653716995615,-0.86485143741009607,0.49305554349159003,0.094489270512075521,-0.054188125621721733,-0.27879791951645189,0.95881977822472109,-2.4821790673328787,-19.586687513596519,-0.16087995368980382,,0.5019250196354328,0.1904761904761905,False,2
0.99046325852542594,-0.10035804713617345,0.094397012061873828,0.088661978518097817,0.98870332731291632,0.12085025496715,-0.10545893549838395,-0.11132831147278942,0.98817226230458721,11.433011464204409,20.830532871349696,-2.8464352201912346,,0.1424851478618729,0.1538461538461539,False,1
0.37888314260025568,0.88402632507074852,0.27376088258782083,-0.92397364071143395,0.37802261073017018,0.058065627071485104,-0.052156260638710122,-0.27494792663094281,0.96004341678776883,27.099158791776905,-15.37381898909374,-2.5188081961857551,,0.4602442254158079,0.3157894736842105,False,3
0.17590603359548163,-0.98187172574489145,-0.070604401615289913,0.98416594739111196,0.17382303794367071,0.034683417879260506,-0.021781995786876028,-0.075587470276369681,0.99690123833645539,18.696447076606528,-16.802670517703909,-1.8355438217854063,,0.2179681177812918,0.4,False,4
0.880532451768966,-0.47351382386585139,0.021148522162875882,0.46397958581398924,0.87020485461029762,0.16573006655568059,-0.096879024198290337,-0.13611821928239815,0.98594436204573765,-4.1461017558961659,-12.937813240799802,-0.3292311994498483,,0.1768787321395742,0.1818181818181818,False,1
0.99212795939301135,-0.098819213980638712,0.076921226842201762,0.080488799174510114,0.97376687694691866,0.21283707987212055,-0.095935735771953606,-0.20497032055713532,0.97405518441852179,2.540519391032662,36.023996890183199,-3.1194788248361078,,0.5180368532515479,0.2,False,2
-0.71272310488074297,-0.70131145703802522,0.013711892515466714,0.69754780360940982,-0.71068520478929742,-0.091398038126004263,0.073843330428968373,-0.055576793005682253,0.99572003225322425,-11.858172463254203,26.891809814181876,-2.0395710031347885,,0.08575750453273429,0.4210526315789473,False,2
0.64764627774723893,0.71752854397721422,0.256333937468463,-0.75938774096332695,0.63537100928529577,0.14012115983819243,-0.062326220764314537,-0.28540579730924187,0.95637804923968972,21.467320257733139,14.454590777489662,-3.099004351242316,,0.793039594519187,0.3048780487804878,False,1
-0.78968533359395054,-0.61208219246337969,0.041862436334203557,0.60674991090379815,-0.78926410900604438,-0.094428342424981521,0.090838425376302837,-0.049168647572601372,0.99465110695712655,38.504177773182498,10.612411726974836,-4.160901995767194,1.072444138656851,0.7335468821498985,0.4848484848484849,True,2
0.11363490270828543,0.95016066172456748,0.29031332349310612,-0.99350794080438176,0.10708771759340671,0.038395211931617337,0.0053926287761674376,-0.29279162838402523,0.95616106483328178,-20.33463219132226,31.392003879734787,-1.7273893221448759,,0.2939961051429104,0.4,False,2
0.27193610900083048,0.95364197941380491,0.12890976581008079,-0.96211549695135046,0.27215888274856759,0.016226924141951142,-0.019609261779723147,-0.12843877000646184,0.99152355454204033,11.858164785470242,19.370804766591895,-2.7942528221708232,0.9196039933522511,0.7113143610138091,0.4705882352941176,True,4
-0.48182038145678602,-0.87609840437095476,-0.017340872858799192,0.87481304091339163,-0.4797843635438806,-0.067149891635492398,0.050510033267683115,-0.047524208120293468,0.99759219432683854,5.2911945500938824,21.616044169125374,-2.4233177914711987,,0.2495930664484922,0.1724137931034483,False,3
0.54607109432084577,0.78885371193310228,0.28198613639078407,-0.83474470442436499,0.5408013216642793,0.10361085330046131,-0.070764669028514721,-0.29196532611859299,0.95380742813303243,34.786699391202021,11.47289476363504,-3.8533444723470835,,0.2811681695927258,0.3333333333333333,False,5
-0.93597248819612699,0.29526411366357358,0.19176705796985782,-0.33103064921858738,-0.92351495531356431,-0.19374941700584708,0.1198924960865814,-0.24482489762001239,0.96212606184817562,14.509448693520186,21.662956900146352,-3.0498238229489201,,0.3294293572680954,0.4,False,3
0.79332166259555592,0.54811924427248804,0.26496421213964005,-0.60364826709016906,0.76471289691458177,0.22543947066018535,-0.079053837956543388,-0.33879120317780581,0.93753453875240034,-8.4097452626218701,29.47644733280481,-2.2430917008971756,,0.2381772297044644,0.5,False,2
0.86163766489940075,-0.50336449192570598,-0.064843833130712833,0.49852269897774049,0.81546361711779236,0.2940989761306822,-0.095161194983337499,-0.28573287774693085,0.95357279194815558,-14.517085218131154,-12.937772208161602,0.21480844723596557,,0.3779325606787997,0.4186046511627907,False,1
0.31112686172086951,-0.94638514423873632,-0.086920852963763867,0.9499912988486614,0.3122761216122158,0.00039494640763903383,0.026769535437789871,-0.082696932440436327,0.99621514209400874,-17.171297201766048,-9.5808444068523198,0.22804310350253731,0.7568511183503243,0.4694151778074912,0.7924528301886793,True,2
0.99349644591049735,0.016283591261969318,0.11269275317794157,-0.046895905906429038,0.96039710970357395,0.27466009117131995,-0.10375734177602425,-0.27815865316152855,0.95491474891685435,16.158992880231224,-11.790049564433279,-1.6939410359721399,,0.1988008847337117,0.375,False,4
-0.42538036187112649,0.89219501161900105,0.1517880396360666,-0.90355716329364866,-0.42819421737536151,-0.015302446439588748,0.051341994459937847,-0.14365853071945403,0.98829460494146348,35.59471747251817,14.821382647270603,-4.0999818033523239,,0.1328186551688617,0.4166666666666667,False,2
-0.85303753552235051,0.4853483584157145,0.19173923430828071,-0.51331271455417038,-0.8465795841819207,-0.1407588886123885,0.09400542573162099,-0.21849480229409854,0.97129964547686276,18.112355349533807,26.253004955048127,-3.4787015518745146,0.8570371231210123,0.3849459901908428,0.5652173913043478,True,4
-0.36728290177177741,-0.9215865584563705,-0.1256243819433415,0.92958256072123968,-0.35916654495129602,-0.082919574231250986,0.031297489820214172,-0.14723317649324863,0.98860652378520264,-9.2983375490426656,31.989434659138801,-2.3559978362231409,,0.5522683189052722,0.4230769230769231,False,1
-0.67418127279856921,-0.73678125289442309,-0.051312735173886279,0.73077882312532738,-0.65539883972688728,-0.19082628895466969,0.10696692516503656,-0.16614977059260094,0.98028176084876906,-24.475386331055589,29.959034587628452,-1.5357481175856158,,0.331559294376131,0.2352941176470588,False,2
0.98590498726844666,0.079217472464947716,0.14736332018338502,-0.10033307654254936,0.98478729229154283,0.14187058431048871,-0.13388289596028513,-0.1546563319019231,0.97885483559715392,28.647790558519421,17.796620610880808,-3.7514301404214314,,0.3524336490972743,0.4166666666666667,False,5
-0.37564601672272674,0.90615670586193842,0.19434529719493826,-0.92555880265802293,-0.37750390349783669,-0.028839307657124096,0.04723317629161778,-0.19071137162040463,0.98050915334435718,-8.0838278753124282,-18.502461242300598,0.17535638993359007,,0.06939218901029716,0.2,False,1
-0.1992833960222585,-0.9796741890730376,-0.022904395515319073,0.97975623984537175,-0.19873624824399566,-0.024116677174922652,0.019074552521467537,-0.027246777754211235,0.99944673422254904,-8.0704968389190554,-9.5830303685204434,-0.21855505244104675,,0.1182269123304558,0.16,False,4
-0.57831300990556744,0.7606373775587103,0.29493192847600036,-0.81299679377865786,-0.56735948415327531,-0.13091764222958191,0.067751574738795506,-0.31549008796147426,0.94650712016258809,14.460252940143572,19.094589862489773,-2.8597233508817053,,0.2382744643923182,0.3235294117647059,False,1
-0.86145155121276995,-0.507386767997004,0.021445106077330911,0.50032558095610169,-0.85518553464846425,-0.13539576939092424,0.087037566338063976,-0.10590736041265231,0.99055948486518097,-10.951015987023833,33.110929830940989,-2.1937089986799703,,0.7303759623105917,0.3529411764705883,False,1
-0.79382996314172904,0.57794646409112616,0.18924025539764461,-0.60161759952713123,-0.79177832161953332,-0.10556208293022216,0.088827099229982748,-0.19764861258789462,0.97624012024935092,20.337139449903706,14.325512592782552,-3.0082149394071735,,0.8086301314542255,0.2203389830508475,False,1
0.27611695804893155,0.89926983242200353,0.33922440061632747,-0.96092790801715322,0.26542439714705796,0.078533082155857276,-0.019416000401279655,-0.34765450938370235,0.93742165594442883,-12.706148740101696,30.072346018578898,-2.0391162908257945,,0.1429572140860339,0.2352941176470588,False,2
0.9548930722792407,0.25282277873580583,0.15575578019906317,-0.27980101015303011,0.94171119291488015,0.18679246198971036,-0.099451572287506701,-0.22194745254482892,0.96997356308221294,1.1124134473265155,-7.9731368602436259,-0.89243920776605523,,0.1186407500459656,0.2567567567567567,False,4
