axis_00,axis_01,axis_02,axis_10,axis_11,axis_12,axis_20,axis_21,axis_22,location_x,location_y,location_z,dbh,dbh_approximation,score,reconstructed,number_clusters
0.9734524677121541,0.2193549822874539,0.065373426182117181,-0.2280975150203019,0.95341207136637873,0.19742579824945319,-0.019021481190514146,-0.20709614655647612,0.97813565998524832,-1.5487008344713815,-15.398740431985464,-0.055286986645475614,0.1586704789358794,0.137554728320486,0.3529411764705883,True,5
-0.89516219795212959,-0.43269187446517415,-0.1070625103821396,0.44287583331977726,-0.89056002881035623,-0.10374888600177372,-0.050454292372646134,-0.1402874793312302,0.98882444727265117,-12.885337523615158,-8.0135621116885556,-1.0096122296155943,,0.3227708706448613,0.2435897435897436,False,3
-0.93291593393267136,-0.35923741498709583,0.024826193585020188,0.36002657285854922,-0.9291847477722095,0.083645510000375317,-0.0069804763633710739,0.08697231847481246,0.9961862721242728,-1.2549642984205418,-19.693231833344566,0.58787161070558325,0.2981885377604076,0.2105699719279312,0.7209302325581395,True,5
0.63277793192440401,-0.77425037391674734,0.011333461926972762,0.76400744596507397,0.62665514673331801,0.15360973140581469,-0.1260345642250468,-0.088541998861665763,0.98806659849333145,-3.478893318675965,-15.948826559365099,0.059630997306897929,,0.0702905159895328,0.25,False,4
0.38825740123377295,-0.92117136483901052,-0.026448194415355106,0.91285269937823343,0.38050044206350853,0.14805189234639124,-0.12631761407289918,-0.081625548635889403,0.9886258797871017,-16.188172489682184,-17.366521612697696,0.1940637252970763,,0.1430406775438931,0.65,False,1
-0.50085140985455201,-0.86077452424686951,-0.090637098664310245,0.86162997043969647,-0.50578536132563301,0.042130301551107058,-0.082107607971466476,-0.056994619713400044,0.99499243918581082,-31.531656344866967,20.818645079659831,-5.804434370288484,,0.4999884543418347,0.4545454545454545,False,2
0.92441977287305177,0.37369175729023069,0.076174497403499616,-0.3812493288327844,0.90033141199544842,0.2098863926957488,0.0098505221124453399,-0.22306460747420712,0.97475389104455024,-22.520644120871989,23.260896210175765,-5.8804203532616066,,0.1780673394220498,0.4,False,5
0.98417458287626935,-0.17621696573688733,0.018653991712445618,0.16757088578462045,0.95974674277708394,0.22540228030376541,-0.05762281369111525,-0.21870932928264458,0.97408718327830213,2.5674976632670057,-9.7495907613685784,-0.78436908309948883,0.170923138322792,0.1968653923934057,0.5737704918032787,True,5
0.96668282160768371,-0.25499233679887312,-0.02243280148481263,0.24692635924548478,0.90581750849158338,0.34427026362999985,-0.067466254663918535,-0.33833939983979094,0.93860255433153028,9.7387410548462103,-18.250487700477461,0.25953592533754699,,0.1879738934213104,0.2222222222222222,False,2
0.9097756364017453,-0.41405297629669213,-0.029469038492119671,0.40347714894490216,0.8653876926170091,0.29717054320087227,-0.097542204655688663,-0.28224860369337401,0.95436955317321814,5.4344983557011677,-13.98409047431689,-0.24927703013075952,,0.3836034668249127,0.1666666666666667,False,5
0.99817828279443988,0.024139880681268568,0.055293597443443775,-0.040691116092409829,0.94601374185602416,0.32156217639939788,-0.044546030448262428,-0.32322633924273192,0.94527265103304703,6.1999136618623636,-15.852172255842614,-0.015968905832600574,,0.3673676328142591,0.5252525252525253,True,5
0.99590830963702448,-0.086108616490297274,0.027421614869521403,0.07909511467077289,0.97733156660724874,0.19638475436815028,-0.043710429317758266,-0.19341229298870422,0.98014339935017136,1.2899793144945957,-12.143858605509243,-0.48658921704396724,,0.1215276949188964,0.3939393939393939,False,5
-0.42873975288324445,-0.88427511379920809,-0.1850398535802846,0.89852063578387298,-0.43869023263170753,0.014544650703386952,-0.094036649069179343,-0.16002625693596892,0.98262337938953193,0.69410816460215519,21.158342401119373,-4.9801670171547663,,0.453693749693465,0.1764705882352941,False,1
0.39088139186092552,-0.91465138722116446,-0.10307559047255387,0.91182419257312541,0.36949905811922312,0.17901700446431101,-0.12565181787476803,-0.16396123292841788,0.97843156876777004,-6.4386675557399364,-15.363296455936908,-0.016409463856107268,,0.1386598724715345,0.2727272727272727,False,5
0.97337968068954883,-0.22877736199714246,0.01388941533471977,0.21930461005978846,0.94726215995978924,0.23366618992665217,-0.066614452089888004,-0.2243999085248089,0.97221766895424244,-7.8301459035442598,-15.56630777232812,-0.006674556734889283,,0.141660573299187,0.2941176470588235,False,5
0.99029756836106853,0.13887242042110548,0.005017663254788406,-0.13660093116973823,0.96620035066829468,0.21862540559601948,0.025512971244353158,-0.21718962501659073,0.97579595975974243,10.376696569434239,24.644859156375933,-5.5335591239225685,0.4861617508931809,0.2216472582710886,0.5909090909090909,True,5
0.32951746672534438,-0.93589775025770106,-0.12455376423652063,0.93023683240399457,0.29926064719052758,0.21237349336037686,-0.16148583455490784,-0.18584527463909786,0.96921816900655788,13.877888496577009,-11.458711929819481,-0.64685945187159921,0.3268470306249455,0.2368934191094257,0.3714285714285714,True,5
0.59238345105869794,-0.80542227672460598,-0.01941141590763518,0.79678718926313807,0.5821269774399368,0.16204430617208032,-0.11921418513723489,-0.11145913283529159,0.98659253989155504,13.734412979283084,-15.374627510682949,-0.18719185199115188,,0.103052225761806,0.5833333333333334,False,4
-0.97069641410360508,-0.23963056249087877,0.018046195352668996,0.2395221889714611,-0.9708581225603834,-0.0079766439588428439,0.019431743018097115,-0.0034204354739520819,0.99980533504500091,-4.2540828343311894,-16.646008570370601,0.16240618083511066,,0.5152225160748913,0.2162162162162162,False,3
0.40379824939397191,-0.914046668552428,-0.038283958710822734,0.90698347930619472,0.39450094186180323,0.14747872773989976,-0.11969938200338792,-0.094274570157378418,0.98832401739998654,-12.481528686818276,-17.138942447149546,0.19661318536313901,0.2544168202960054,0.228900643388342,0.5,True,5
-0.76008000407993326,-0.64191875622129524,-0.1010875749494172,0.64864403987900765,-0.7588494412518435,-0.058381804024927278,-0.039233874742232437,-0.10994469483822245,0.99316306171224511,-6.84531774010199,22.620304502319197,-5.2272673251445436,,0.2830595828185056,0.1904761904761905,False,4
0.98946473822350001,0.13773523534500134,0.044593012420751574,-0.14469556191325203,0.9509895925021743,0.27328005656314575,-0.0047671978046347624,-0.27685339061858166,0.96090034547193603,2.2179974506365294,-25.998635729841435,1.3549953574978333,,0.3245521518070084,0.3529411764705883,False,5
0.99416111180459965,-0.10641161817897517,-0.017895566265781197,0.10741802766696691,0.96020857214863031,0.25780004907762405,-0.010249444257112227,-0.25821708984654507,0.96603254779722614,-3.227948461763956,-11.964568828463753,-0.4816227326619007,0.8430685699602206,0.5514598350675286,0.6294642857142857,True,5
-0.8374039647689685,-0.54658222932811606,-0.0015704686939064828,0.54557745236479882,-0.83603200565157665,0.058272883894113392,-0.033163884880202638,0.047941131702412154,0.99829945639108908,5.7760273935591586,27.342351949299459,-5.812336888022875,0.2527502518607164,0.228321012482077,0.5,True,5
0.090467745635372632,-0.99511564820732279,-0.039502325154017706,0.98978213247226976,0.085451697023552653,0.11414612439518704,-0.11021305384708326,-0.049425238175604014,0.99267831072960655,-20.906592745599685,22.452900594653709,-5.7504027790771994,,0.3355365107558467,0.3783783783783784,False,5
0.80479130232290941,-0.59318944098155935,-0.020910447469667932,0.58788117874514489,0.79173899693097372,0.16596710642761547,-0.081894318378111466,-0.1458617422312023,0.98590956622332449,-0.63437631936395389,28.155733841407045,-5.9668950547071704,,0.4898086879471336,0.6595744680851063,False,5
0.77256302931217469,-0.63190865859230272,-0.061950084229745669,0.62583878761965883,0.74139925219803182,0.24218373345655211,-0.10710825201986711,-0.22587296437660601,0.96825060098766402,18.854780540703768,-9.0762092070864959,-1.091750584166969,,0.3260484805285448,0.2666666666666667,False,5
0.62127058464245921,0.77193705173832139,0.13467014818275713,-0.78013705104172115,0.5931945944164343,0.19876205560178972,0.073546191267422109,-0.22854619075510865,0.97075104761281894,-2.4954878807709382,23.890147673740881,-5.3601449759341433,,0.3125566577058566,0.6590909090909091,False,5
-0.71964612153079155,0.67295062166944175,0.17101731070392542,-0.68438689727766944,-0.72903322731413334,-0.011186076460725961,0.11714962484077909,-0.12509202319353899,0.98520452248911938,-19.781155289682207,23.52431647281632,-5.8646568930072913,,0.2141008638442616,0.2727272727272727,False,5
0.94507118688089375,-0.32466799877235775,-0.037830441455151874,0.31816272698054676,0.88720162680493952,0.33413433309818874,-0.074919496046365552,-0.32781696717501019,0.94176595029993382,10.754143479356769,-9.1231189183184753,-0.96884823447817081,,0.1238458084937919,0.2857142857142857,False,3
0.78584838415009761,0.61201262610057972,0.088785486551315893,-0.61722587498404335,0.76729195778184811,0.17405536697695306,0.038399692431892035,-0.19158182851401068,0.980725173840442,15.851461245414844,25.473106826000148,-5.6415683718150955,,0.4607609908087568,0.8688524590163934,False,5
0.54381900211266576,-0.83249259645125917,-0.10591019684158749,0.82948635121050596,0.51407619130872673,0.21835306887010422,-0.12733140263369294,-0.20659561075529334,0.97010564760750773,-4.1519086726729597,26.027788850009529,-5.7020873694765095,,0.2447046391885417,0.3333333333333333,False,4
-0.69247445337538605,-0.71862275978861201,-0.063721743041592074,0.71875913844558259,-0.6948133265004085,0.024894622278710213,-0.062164558418954657,-0.028561695174389005,0.99765715415935385,-14.694415220099248,-8.2177108856919361,-1.0574459662676836,,0.404847884190617,0.2692307692307692,False,1
-0.9977115036505908,-0.059851321178982453,0.031457508426581224,0.060670897592561071,-0.99782490114157785,0.025778069111437096,0.029846233742151118,0.02762763136664699,0.99917261587599493,-11.608572208159764,22.18025238518463,-5.2818263580500986,,0.1216142371919901,0.3333333333333333,False,1
0.5541748274288939,0.79948594707058074,0.23175953288012294,-0.82561020490699055,0.49243023565376054,0.2754637046280678,0.10610395938697705,-0.34399808640548984,0.93295619744539371,-24.204296267016449,18.258345982819929,-5.2103173992766392,,0.6704011843789743,0.3538461538461539,False,3
-0.016845753135231553,-0.9870770923209885,-0.1593581953225193,0.99821368993062498,-0.025740164182350193,0.053915426205790595,-0.057320588241863285,-0.15816528621353365,0.98574747902320192,-10.095004257256054,-16.9463021551502,0.18571661023507113,,0.2696368088453212,0.25,False,2
0.85768973847901164,-0.51290158811211528,-0.036059304206731861,0.50532786797408902,0.82792003405482495,0.24329439586521029,-0.094931861651213284,-0.22689287807845834,0.9692819834912374,-5.3695330851682446,-15.288547083755519,-0.034909110510609735,,0.0844939275233376,0.2424242424242424,False,7
0.78987559628104675,-0.60739993573316364,-0.084627776001792068,0.60627113077627304,0.75261003317107467,0.25693083496827052,-0.092368059343692632,-0.25425077392523759,0.96271734458848168,-1.760947119177434,-9.4128076253934125,-0.82460714055296802,,0.2916761051825225,0.2117647058823529,False,2
0.63202052184010749,-0.77488144234527234,0.010431216701279968,0.7643661234007072,0.62554810651776904,0.15631377363946158,-0.12764987023234062,-0.090820244114098822,0.98765236489805586,-11.975286165061465,26.284759894480128,-5.9696687725704756,0.7340028063678408,0.6471397454026822,0.9537037037037037,True,5
-0.91711308725114105,-0.39809358819495011,0.020617473917808524,0.39861605790538723,-0.91624557108409022,0.039991147129825766,0.0029704499071892786,0.044894860584033067,0.99898730118079593,-3.5460171381106087,22.234623059414478,-5.1261131322569211,,0.2493756450797949,0.2631578947368421,False,4
0.09257754918779218,0.99225063192161922,0.082873885135960945,-0.98869785300880486,0.08174978091674015,0.12567230711594277,0.11792350419725818,-0.093571666497992451,0.98860426379144595,12.475985013171915,-10.897585379942086,-0.71594947248355656,,0.100968727674268,0.3846153846153846,False,4
0.86964256168495246,-0.4876246346422935,-0.077097539493845638,0.48255297481350096,0.80663652717381029,0.34129186853427462,-0.10423263118944992,-0.33400558186794699,0.9367901738790706,20.843178721810631,-8.5820848547292137,-1.1744839798098103,,0.1605671167195131,0.1923076923076923,False,5
0.82392984782601808,0.56195255954233159,0.073136356794807594,-0.56542037585340077,0.8065658602603416,0.17248568529676406,0.037939483802418364,-0.18346889078619777,0.98229311393417018,3.3736937207751332,-12.201912030646987,-0.49168487441985242,,0.07142029392885807,0.2631578947368421,False,2
0.89401856377180855,-0.44798197577077598,0.0065541601983636552,0.43976993339800513,0.88023840849817314,0.17827717151592404,-0.085634183072578793,-0.15650077823805245,0.98395848139053954,18.194766497898577,22.582771495214431,-5.2860666835595742,,0.1339524660392705,0.3333333333333333,False,5
-0.30301905931934586,-0.94034728408206436,-0.15468172163738148,0.94740753194224991,-0.31478531655898967,0.057698985241953167,-0.10294861877807442,-0.12906273590135234,0.98627805009203406,-14.023224172271126,-14.781296014526431,-0.17323611788741572,,0.5541477838201069,0.375,False,3
0.42464237962373563,-0.90445828893780822,-0.040423421418575439,0.89687578634187337,0.4141443489758394,0.15523621383241948,-0.12366354879728188,-0.10217466311699142,0.98704998096134522,-4.5829917776761526,23.144025175584893,-5.2642331721600577,,0.1290437539430106,0.35,False,3
0.98908375978013385,-0.14721818636004899,0.0063341727203519178,0.13788113222544926,0.93980520542349488,0.31265791087885353,-0.051981819085344924,-0.30837149911066492,0.94984467626071278,15.226965496335652,-8.5255107258087097,-1.0854778892628665,,0.1168311017224012,0.625,False,5
0.10740168750054949,-0.97958303118770396,-0.16994694034064101,0.98634847265791981,0.083522225463176503,0.14191803387543081,-0.12482615113598564,-0.18286914136285914,0.97518065461215331,-35.595387952687886,22.952754308413116,-6.0880606259278451,,0.3429710134384101,0.2857142857142857,False,1
-0.82648949820819673,0.54063827074521076,0.15692472576745786,-0.55681521325975469,-0.82612462789872454,-0.086457604996249909,0.082897090624805506,-0.15883437721356858,0.98381894319082941,1.1291437033266665,-19.110812273715894,0.53416606664933863,,0.500459466403197,0.5833333333333334,False,3
-0.55027040055747523,-0.80754419057507165,-0.21230842314606566,0.83068831175887214,-0.55521194360658466,-0.041190124833431763,-0.084613326240676551,-0.19902783208649827,0.97633421894218042,4.2276244465716699,23.415203841471566,-5.3229979475549598,,0.35301872445086,0.1842105263157895,False,3
-0.21326225576092694,0.95696784381013744,0.19680385204852574,-0.96901238920253818,-0.23288154543372788,0.082347892312964077,0.12463627016141803,-0.17314367360598404,0.97697854042474985,-6.3599298265100996,23.654308668694341,-5.4110621072423291,,0.6561002715972039,0.2051282051282051,False,3
-0.95795437883522827,-0.28088645488073233,-0.058533815311718987,0.2869195657777463,-0.93726758376049224,-0.1980066645486413,0.00075554240232844107,-0.20647584821548234,0.97845140567090783,8.2505906033019727,22.201102328321252,-5.194691185868237,,0.1437384214386963,0.1875,False,2
-0.94865992932266385,0.306737883495037,0.077176481692965884,-0.30752159109192645,-0.95153937984049519,0.0018109735106803387,0.073991955710127733,-0.02201543644245052,0.99701580280777891,-10.881162730878682,21.267669391118179,-5.1158313978834666,0.7458091707614255,0.813783974416198,0.712,True,4
0.24714718744548539,-0.96728564036853015,-0.057242970525914115,0.96153825479920529,0.23751480746101578,0.13795253094617876,-0.11984344911377477,-0.089135886003344086,0.9887832631729333,14.535916198395203,-13.557105877686883,-0.41100892562364716,,0.09257800905701892,0.2666666666666667,False,5
-0.9901339811001868,0.10770381983443307,0.089635855904697095,-0.11765618239737971,-0.98644688691169458,-0.1143659129544347,0.076103365328808778,-0.12378378930740006,0.98938660355309616,-7.994534430332199,23.85182027899949,-5.4723149996868461,,0.4750224452454486,0.1333333333333333,False,4
0.2136685925139295,-0.97102735867539591,-0.10701215480962677,0.96389520127988138,0.19173554718100297,0.18477965498619425,-0.15890806626075321,-0.14263011130572864,0.97693647583974585,-12.87557547562902,21.154435603668237,-5.1530318006923927,,0.2069188114934704,0.21875,False,2
0.95150009896120469,-0.30759015721311178,0.0059880599890410786,0.29926229810751559,0.92990153798981423,0.21383453083070469,-0.071341703149192956,-0.20167157665321209,0.97685154274433195,9.8632534543426384,-9.0538262056696315,-0.9523079113558699,,0.08432293357839096,0.5238095238095238,False,5
-0.27738018953325272,-0.91826445144500213,-0.28257853362721314,0.95482932396197528,-0.29610500277807567,0.024955749480084458,-0.10658889509143919,-0.26289203970870795,0.95891948718387243,-17.276431506892163,27.509812067089637,-6.3621196546384402,,0.4145999577867292,0.2692307692307692,False,1
-0.95925004154661497,-0.28042922944716264,-0.034623764447102141,0.282252795316561,-0.95669016271516816,-0.071255119816140564,-0.013142196498504271,-0.078124130943618517,0.99685701223169387,1.877488330902219,-17.211449758844864,0.21922096095275992,,0.3800933875232151,0.8301886792452831,False,5
0.43879740639333858,-0.89850242309814199,0.012256909449234649,0.89156215862356658,0.43702914747284172,0.11883787935522624,-0.11213274924376627,-0.041217956595744523,0.99283801629525947,-2.672175114370996,-13.733147790696417,-0.2315602394934077,,0.09096953637051244,0.1923076923076923,False,4
-0.98479147770090802,-0.17219581006008733,0.023115978140992519,0.16984950185334202,-0.98217767036627757,-0.080487083150313624,0.036563536041199635,-0.075336756179332776,0.9964875719247791,-5.5542549628760831,-18.103149809067709,0.35824639823502535,,0.2801165137586181,0.1818181818181818,False,3
-0.98547837946882,0.1507880725797133,0.078072535293818079,-0.15775270022710028,-0.98314427985531816,-0.092419751995051605,0.062820770216290706,-0.10339382068316909,0.99265465730734848,17.885525595707335,25.57119174067947,-5.6520828780456664,,0.4440159653452138,0.6296296296296297,False,4
0.97250347016629102,-0.23147317012754523,-0.02563536669579914,0.22380579306556764,0.89845564279621415,0.37774121421673762,-0.064404716479585442,-0.37309198522448528,0.92555626682359948,-14.830918257962065,22.503605682986983,-5.5191110209018275,,0.4162606809989103,0.2142857142857143,False,2
0.98749872826668339,-0.15603452710540727,0.022349228681916734,0.14846176969478123,0.96832717695201675,0.20075253750633659,-0.052965692771627194,-0.19492486944238624,0.97938701781374016,-11.261163911027586,-19.207418899616279,0.47449223389137313,,0.2517661295688827,0.40625,True,4
-0.70961692364505324,-0.68800482224070258,-0.15196442429091889,0.70207259371626807,-0.70864949268290223,-0.070071175762772317,-0.059480205354745866,-0.15641374969549507,0.98589900298009858,-15.496082267343638,-13.052559899638117,-0.37344569450162124,,0.4712324597599756,0.2222222222222222,False,1
-0.99923202814905432,0.0059188795993215717,0.03873397456260784,-0.008132203272894746,-0.99832755584642663,-0.057235989618667868,0.038330421222005022,-0.057507026544490025,0.99760900191756274,-10.711628982582365,22.797166682197332,-5.3310509757317153,,0.2740849906129214,0.3684210526315789,False,1
-0.25141393302569548,-0.96534764562339892,-0.069963971942074252,0.96196272731741217,-0.2572039764984787,0.092053385192589876,-0.10685853046245998,-0.044159229643758333,0.99329311731465897,3.0031337453518012,-11.473454885446928,-0.56653870393771355,,0.168841793077019,0.21875,False,4
-0.3012379806771055,0.90806763597627838,0.29097911864948739,-0.94479981633839571,-0.32548044084961147,0.037626980629265408,0.12887585516500882,-0.26358234219460769,0.95598920644466046,-5.8293569742402491,-9.3328881119773488,-0.80989427551265347,,0.5250324103697588,0.2201834862385321,False,2
0.56288937366947189,-0.82593873567921683,-0.031317054692399329,0.81859645839115636,0.55184669874048031,0.15926411836534204,-0.11426019131546009,-0.11528410989312826,0.98673916649067084,-6.1353366349511607,23.285490985268957,-5.3118928896574866,,0.2888374378357649,0.3181818181818182,False,3
0.95782934988340251,-0.28679147553935591,-0.017708361299055016,0.27946201925037256,0.91547518248221227,0.28949295337825498,-0.066812545965882333,-0.2822336617363691,0.95701632372934886,-21.880176276754497,7.1008849345465563,-3.3569571495112336,,0.2044710367645025,0.3333333333333333,False,2
-0.71375840743025121,-0.6966533384152287,-0.072270754095607959,0.69740642049726276,-0.71643945365602779,0.018406354724567905,-0.064600468046491652,-0.037264397485651968,0.99721519453335905,-9.8425204411061031,25.538453434872139,-5.7608194339299494,,0.1794905549566911,0.4347826086956522,False,2
-0.62809482435135433,-0.75663268177387766,-0.18166969063305988,0.77485041743307359,-0.62959231157393059,-0.056748143677007271,-0.071440340332565688,-0.17641005095703907,0.98172082166698604,-27.403586713114066,26.028155417179345,-6.4465881005707626,,0.5217100532770942,0.1666666666666667,False,1
0.96915115711661126,-0.24633051102457715,0.0082045108266415104,0.23766737991097486,0.9428467836767952,0.23356831770720798,-0.065270599704507729,-0.22441306078010181,0.97230577853138389,-13.791648565796905,-11.587178688215589,-0.57794870723304514,,0.07541284251787658,0.3181818181818182,False,2
0.03164992681968886,-0.9964593745982061,-0.077890929559612382,0.99117250836052995,0.021252667586818201,0.13086398584308581,-0.12874525545667106,-0.0813451836054008,0.98833578317371473,19.303197160388503,-13.308246760940801,-0.55419389730401325,,0.4239693229282883,0.543859649122807,True,5
0.44138072048435811,0.84549520868800476,0.30053437685285828,-0.8925055181812348,0.37900952222025863,0.24451110830065853,0.092827579957435666,-0.37615107889250832,0.92189663533784927,-7.6678918757279932,-16.850992383635059,0.18696205619290224,,0.3719287058036391,0.3333333333333333,False,1
0.72527865490082877,-0.68813107700594645,-0.021130395260844537,0.67949194924543899,0.71056189291982541,0.18273611367440984,-0.11073194505596295,-0.14689253619169887,0.98293490077181234,-17.576149157971869,25.748990135898428,-6.1070455527625667,,0.2186294381214846,0.3846153846153846,False,4
-0.8391246235761487,-0.54393579608479514,-0.0019276529218907115,0.54280339057972871,-0.83759605594907238,0.06162244910508731,-0.035133250395284803,0.050662577867283551,0.99809766952964285,0.63799166484525327,31.356371430135681,-6.4742903944618302,,0.1977891917073575,0.4444444444444444,False,1
0.68279053144826096,-0.72686659737960524,-0.073905613984292476,0.72174542184525836,0.65532912643920138,0.22277181618383002,-0.11349289057033624,-0.2054475253056777,0.97206516146591826,14.02776219236789,-9.1791830110010615,-0.94585733109438463,0.1335371035759463,0.1165270019284004,0.2758620689655172,True,5
-0.98417142586014017,-0.1769614931581425,0.0095516731340223524,0.17666310283538464,-0.98392376391872316,-0.02615673704013409,0.014026853424515654,-0.024055284975511768,0.99961222013726614,5.3579105407068539,20.848773823523558,-4.9996930098741181,,0.1159938260100109,0.3846153846153846,False,5
-0.035084461915499576,-0.98962062868161882,-0.13935598953722095,0.99134011503712582,-0.052118712063762618,0.12053387976412577,-0.1265458685626599,-0.13392031638482924,0.98287918484883452,-2.1419338877994534,31.92502079095566,-6.5654179951283673,,0.5813745946347466,0.2916666666666667,False,4
0.9143124884213647,-0.40497382099813067,0.0053738089755198965,0.39550607521424064,0.8956373195983296,0.20349136642950272,-0.087221660069954562,-0.18392932351556354,0.9790619929124752,-1.5364833954783224,-12.330572803790181,-0.41822491763434161,,0.1590192377647105,0.3,True,5
-0.99418636644929281,0.095578639032688484,0.049580162635998931,-0.095930489611524478,-0.99537665047681156,-0.0047607613316331537,0.048895909125879225,-0.0094893332865191114,0.99875880102481773,-0.38851961572886295,-11.867233215722532,-0.48999035850053096,,0.09606105094841749,0.1428571428571428,False,1
-0.200499587409352,-0.97908670426108535,-0.034483923614420028,0.97433881423325974,-0.20295529589146055,0.097329455706555448,-0.10229267093591982,-0.014084509532643187,0.99465463155007727,15.537475684473474,21.976308698839212,-5.1764156797104102,0.1858888463139914,0.2225114409423362,0.59375,True,5
0.97461998130743965,0.21404238992076982,0.065587707333716883,-0.22344916436212364,0.94798467081654192,0.22670583327899446,-0.013651482782349719,-0.23560755338880746,0.97175239531682422,13.710542635779946,21.827489028852927,-5.147022336915775,,0.10737227055615,0.4615384615384616,False,5
0.95492526937211697,-0.29684135514145926,-0.0017145822731888787,0.29281917709307381,0.94100648641083695,0.16959870889622228,-0.048730477538440724,-0.16245615534818189,0.98551171385649294,-8.6040262329644879,-16.204253284568789,0.068628249813959055,,0.3012779283817261,0.5972222222222222,False,3
0.84963926349582641,-0.52606685695842281,-0.036970041062394085,0.51864138761258138,0.82083219676747499,0.23926056048830119,-0.095520851030362591,-0.22245935979357312,0.97025130778508506,8.4448194643783641,-8.828135642951441,-0.97520448085591493,0.3674498395804591,0.09932115125035831,0.2258064516129032,True,5
-0.86009448600699423,-0.50457011635988358,-0.075143015756211906,0.50973908934552037,-0.85585300814778575,-0.087645246520195785,-0.020088203841164533,-0.11368652567899165,0.99331356476465982,-3.0961460306679767,-18.35501217441491,0.40762463935953214,,0.3141597759527065,0.2727272727272727,False,4
0.99401864436961307,0.10683143934283199,-0.02267108761255817,-0.095702129681546316,0.95209855862192427,0.29042974545399225,0.052612137573130338,-0.28652291049407036,0.95662771480968134,1.4154638245681399,22.813378887681981,-5.2246528810222426,,0.2948329198426067,0.1333333333333333,False,2
0.94624198638116797,0.2988133181620668,0.12384144741723696,-0.32161856447218307,0.90995771789767943,0.26179849240455666,-0.034461604667702178,-0.28755443402497199,0.95714410893882851,-15.219604772064528,-11.202512193039253,-0.64760326199713092,0.4891011232494818,0.1967910797264689,0.3658536585365854,True,2
-0.93902897577404032,-0.34377443738302221,-0.0066120238008420488,0.34370295452379318,-0.93902548807119801,0.0099705468387026736,-0.0096364780066001271,0.0070900602701229592,0.99992843210751514,-23.697219265842374,23.561606103723243,-5.9434420786307172,0.4666099086534399,0.4256238593499596,0.6029411764705882,True,5
-0.95628977451431918,0.27565138779766352,0.097602149385023609,-0.28376950771203668,-0.95536753544430186,-0.08214462071219264,0.070602646212607964,-0.10625057470105163,0.99182966366381409,-24.340973755316387,21.280823122380635,-5.6227741274320833,,0.7124664306964811,0.7727272727272727,False,2
0.11733953338565646,-0.98008009397220419,-0.16023246644882203,0.9790226138859317,0.087098715054829343,0.18419700142987208,-0.16657177253302871,-0.17848479833093381,0.96974069800126039,3.7789902077079471,-14.138953064389641,-0.20027379909645276,,0.2878974327206694,0.2446808510638298,True,4
0.99845046163863926,0.043500971327018509,0.034703618646983486,-0.050408154461080379,0.97119619622280218,0.23288831315931072,-0.023573154591976196,-0.23427678915327318,0.971884094142206,16.847949782613547,-11.231905109962179,-0.77228239164596491,,0.07597063805739894,0.3125,False,3
-0.99969910475802082,-0.023827809391606135,0.0058254137716060288,0.02333601198060856,-0.99702511451347831,-0.073459863695949035,0.0075584714628043207,-0.073301818046920153,0.99728116044582094,7.1916238642546464,-14.3286001454856,-0.19535516303840347,,0.08970193104883978,0.1428571428571428,False,2
-0.12302812374110753,0.96646033551103561,0.2254295913420413,-0.98078583398368879,-0.15306496634435929,0.12095562795885302,0.15140418959085328,-0.20621720578530103,0.96672190179618867,-9.2575493253373313,24.315538349702567,-5.563812563926863,0.6159963787430962,0.4300751546787874,0.4285714285714285,True,5
0.093428418001587146,0.97933329213361087,0.17938069469278237,-0.99072555597522827,0.07359347067791433,0.1142229128115461,0.098661053345764596,-0.18838870452424536,0.97712624187480579,6.892014085189035,20.739722335594909,-5.0014867593567311,,0.5603924920378168,0.5,False,3
-0.75966228922762002,-0.65014454006407008,-0.015009442039289986,0.64747793766101547,-0.75829806836606872,0.075870677830946587,-0.060708537848396076,0.047917810229266139,0.99700469251410329,13.904829784626447,25.881160804697394,-5.7038368615990018,,0.1681528080041982,0.6176470588235294,False,4
-0.97539856972535277,0.20967805736526979,0.068064252271384906,-0.20794169878650179,-0.9776259640948618,0.031744672519584488,0.073197541512811687,0.016810311928057632,0.99717577855128514,4.6963228377557167,22.916988878642393,-5.26954620215714,,0.4768649188164975,0.2352941176470588,False,2
0.74162167779809829,-0.65855820443766411,-0.12766510246646973,0.66140682142575091,0.68608532573829595,0.30303125643745293,-0.11197456671681749,-0.30917311845375012,0.94439063910765486,-26.122594280111105,18.970210520787319,-5.3646312602211781,,0.4228681369870984,0.2105263157894737,False,4
0.79607060545378727,0.58043871922949253,0.17135484922134064,-0.60517089426319859,0.76640449760796592,0.21538879911212505,-0.0063071284371499937,-0.2751636590567676,0.96137671121437607,4.6741648186089115,-10.200078017772002,-0.74489446341946919,,0.5526767179925415,0.580441640378549,False,2
-0.76895619056171238,0.60691720168577168,0.20089272583827561,-0.63046046039358083,-0.77198809101077881,-0.080956749056814006,0.10595274832270335,-0.1889071137767088,0.97626232001825219,9.5351265177288322,-13.866492399418027,-0.27151027359712787,,0.3477356047530195,0.2631578947368421,False,1
0.98773474321398846,0.14976456280674108,0.04416619493801037,-0.15544266021863221,0.96988460061419479,0.18751384182400627,-0.014753183797116166,-0.19207924723600223,0.98126851898402367,7.6786666953734111,-10.394385669599215,-0.73069106287459984,,0.09144548231725567,0.4,False,3
0.44320829788681354,0.88534185676792099,0.14048559121491366,-0.89071493984544703,0.41729558128391525,0.18025341543793486,0.10096187706453878,-0.20502242437267562,0.97353608299022765,-26.0366642476151,21.219777488312531,-5.6744125644784269,,0.8585167285271501,0.75,False,2
-0.21739420392128628,0.93635642304078348,0.27563818518431221,-0.96783009135669185,-0.24342893215786093,0.063618151914230592,0.12666757424822186,-0.25294071245798788,0.95915396137185294,9.6521318669923328,-10.351014643802353,-0.76404906868283395,,0.5015278361216927,0.22,False,1
0.79399443403556269,-0.60500535555269253,-0.059509314171035645,0.59577847765872927,0.75492280919725008,0.27411595669055716,-0.12091668321283706,-0.25310091249597039,0.95985367833566881,-11.746991809260262,-12.426665681666481,-0.469105970840413,,0.1426406645239701,0.3666666666666666,False,3
0.9497197901497173,-0.31210236865569813,-0.024988630964545767,0.30541093533642871,0.90585835227955247,0.29350435462238689,-0.068967244217143592,-0.28637869523565984,0.95563108056415591,12.436574034033283,-8.3890615617915021,-1.0337023185066994,,0.1242897060994818,0.3,True,4
-0.71186669154817916,0.68702843892404364,0.14573173152695357,-0.69841348014100291,-0.71434500587592364,-0.043929754580037769,0.073921743902490344,-0.13305313483612874,0.98834833894163876,-6.8808612140392764,24.776061556600879,-5.5804871483997616,,0.3718795918636579,0.3043478260869565,False,3
-0.59599889223338309,0.79407070712174288,0.11931903682043114,-0.79403949297044141,-0.60493484096333738,0.059624842070279051,0.11952658306763483,-0.059207687675139814,0.99106399675315526,-10.627085104099645,-0.20751912276682782,-2.0907330301349019,,0.1717186220241217,0.2968036529680365,False,1
-0.98194768664599774,-0.18787618505243353,0.021938089723546994,0.1887463692861745,-0.980823818304569,0.04857412405523738,0.012391479809195935,0.05183798353128987,0.99857862719544976,4.3895433855749273,22.395042151260089,-5.1952591202435201,,0.1236807561287671,0.5714285714285714,False,3
0.90790792358259309,0.40520415224088552,0.10729770408862289,-0.41817123022744429,0.85791144141443398,0.29853103842025103,0.028914088365539208,-0.31590750813640517,0.94834931422816815,1.18250735276453,-10.518617713537981,-0.67908977358764666,0.6288213732255582,0.3723629912841254,0.1481481481481481,True,2
-0.92916560836292206,0.3422250578773286,0.1397615182960607,-0.36113452383233952,-0.92109721295652713,-0.1454708904905283,0.078950161063486568,-0.18563925782166041,0.97944113555816725,18.443719196939142,-15.884253249090134,-0.19098347993527098,,0.2721400822017007,0.1875,False,1
-0.90843058994399928,0.39109643511190295,0.14763956684018664,-0.40996035139804948,-0.90255437206355416,-0.13163630103641794,0.081770248474519441,-0.18010881131061779,0.98024203263923071,-12.936895554415173,18.58702444744366,-4.8292225273640721,,0.5846424663431096,0.2784810126582278,False,2
-0.99516714023796782,-0.078193515486168638,0.059398123930814936,0.081238058252376288,-0.99540457426120621,0.050696266442917123,0.055161044968072018,0.055276646748713285,0.99694621291333918,7.5734925994693398,23.306835509377951,-5.3376540982638181,,0.1390482417989175,0.1304347826086956,False,2
0.93291315074757775,-0.35982005674804718,-0.014233057438957584,0.35179010294294366,0.90222592370588361,0.24946363675786226,-0.076920586539765828,-0.2377349561063701,0.96827956397493042,-11.956292595876896,28.226032782642804,-6.2934176185555524,,0.3697326340454474,0.6363636363636364,False,2
0.97894465697358379,-0.20392486567074064,0.0090558127212803357,0.19237592395656253,0.93652062484616172,0.29312219827166541,-0.06825586029588486,-0.28520828949896448,0.95603209628983876,-15.901427117119351,3.3283820740577008,-2.7826853491208561,,0.5612819119910493,0.1363636363636364,False,2
0.89420246251090652,-0.44731679363616894,0.017596652252316561,0.43486743829181396,0.87730336137865894,0.20304955854968668,-0.10626507964965404,-0.17391520417940542,0.97901033426736073,6.3592068982544614,-12.213367483255466,-0.50166350889086397,,0.1248684070385543,0.1904761904761905,False,4
-0.93466336462179056,-0.34917143497045006,-0.066960464712777626,0.35542961287829605,-0.92223014884682741,-0.15218851089074936,-0.0086130786051787193,-0.16604475769694105,0.98608060183653612,8.8366498241715945,-11.730972708945375,-0.57270214375127493,,0.5060830441405031,0.12,False,1
0.99638180418382549,-0.074842201790539561,0.040273379824996666,0.050997357456806724,0.90555712332345284,0.421147914550903,-0.067989483185320387,-0.41757028298155524,0.90609739484610374,-29.753119412705015,21.236020576388448,-5.8526464067257606,,0.6571918966364114,0.2195121951219512,False,2
0.51627963254892639,-0.83758389491584362,-0.1786296727667358,0.84691197250050365,0.46832487088790203,0.2518172475092525,-0.12726135254055695,-0.2812917245235545,0.95114642083336087,20.49178606260821,22.732014280626153,-5.3092320108453759,,0.230281591445198,0.5,False,4
-0.96113529780114237,0.27112188059030601,0.05207557187285454,-0.26614367779781728,-0.96006274549701587,0.086296393186406514,0.073392656914438928,0.069082925342715235,0.99490756723282159,17.962606782041533,-17.309863206170025,-0.02419687673675839,,0.2365863450434711,0.4137931034482759,True,4
-0.89298796713993434,-0.44644693031555455,-0.057075642397685603,0.45000702827004119,-0.88792583413374193,-0.095296314647876842,-0.0081341902397543062,-0.11078290251532105,0.99381134198570431,-5.3462778119388128,21.200712209608753,-5.0043567995280283,,0.4334788683061732,0.459016393442623,False,3
-0.65669912460525692,-0.73877934097159415,-0.15149701348958888,0.74997271445057778,-0.66086771465897554,-0.028192043222387428,-0.079291785970046602,-0.13213231654291815,0.98805559742490234,-7.4152326503571233,21.172557221285967,-5.0506255322055491,,0.3377207132478481,0.3636363636363636,False,3
-0.35453100759059242,-0.91580018877482772,-0.18872673074259916,0.92961486769573487,-0.36693742238046029,0.03425092430614049,-0.10061790305825632,-0.16330016012476473,0.98143216540287981,-10.786063761426048,-13.420592386186222,-0.29576533304119568,,0.6856567565491585,0.2098765432098765,False,1
-0.983667424668348,0.15935740899383338,0.083687596722039626,-0.17051738438498229,-0.97390754855751271,-0.14975950215328176,0.05763869593287798,-0.16158373390124009,0.98517433871862958,-10.970147650336793,-10.474477422928338,-0.7123644371341924,,0.4178390690648125,0.1894736842105263,False,1
0.40774584397260721,-0.88924481979222314,-0.20733301038610161,0.90794162790076904,0.37076258083912572,0.195389633743483,-0.096877897623595721,-0.2679155820817592,0.95855929072218826,4.5374479744740022,-15.318680308453466,-0.056384776657170912,,0.2518341881684482,0.2727272727272727,False,2
0.69767735510066098,-0.70303270438062415,-0.13780901549250066,0.70748818665468916,0.64585257653016115,0.28694061255495318,-0.11272432711622513,-0.29769021811376051,0.94798405055969992,22.437104558148381,-11.443004367101944,-0.84272328460444779,,0.4217702883951288,0.3409090909090909,False,1
-0.64219739739373316,0.74124719069084355,0.19528211662527881,-0.75547008429301921,-0.6551783739492093,0.0025000095138356104,0.12979774466074095,-0.14592429750457364,0.98074392421201495,1.9177490025178277,21.440795209621673,-5.0469823443656807,,0.7045535696431058,0.3571428571428572,False,6
0.97318250820561147,-0.22996770240736461,0.0055372892387490231,0.21572364176954503,0.92073299883420778,0.32513697919408102,-0.079869368999139684,-0.31522309672237714,0.94565071944584012,11.174103015164304,-14.669274385276495,-0.20910546286757659,,0.3651150689333055,0.2777777777777778,False,2
0.99394369418562656,-0.10934085264283996,0.010977738016859348,0.10330454597919719,0.96376402435063535,0.24594120465570571,-0.03747136998645742,-0.24331765926624513,0.96922258182552345,-20.314516098192012,19.569338254764578,-5.2425203670626743,0.7089807555648588,0.6476061017753371,0.4883720930232558,True,2
0.95745399199557379,0.2793215338535936,0.072535053163388388,-0.28857271468428741,0.92426688735775842,0.24991300341066947,0.0027643356309720746,-0.26021183996827701,0.96554759426391967,-6.4219706431364321,-22.662793330497003,0.97872698259949709,,0.2144452974077311,0.3125,False,2
0.0095329197893655251,0.98410063644261725,0.17735574643502902,-0.99260838845626909,-0.012146729203056813,0.12075199433515209,0.12098640670149075,-0.17719592072873575,0.97671075302289867,-5.9303807499403804,-17.04646557561561,0.21267976664830418,,0.1824723158459051,0.6,False,2
0.99924733837784607,-0.012912337130138493,0.036579069078231392,0.00011542711111673081,0.94395908579723209,0.3300624653265456,-0.038791022432702077,-0.3298098177597093,0.94325009445424102,19.959978241412347,-9.6149922108212742,-1.0262072718630819,,0.1113917932900021,0.3,False,2
-0.43898425249806033,0.8786313221844152,0.18788247852098322,-0.88717997152457917,-0.45695455892309905,0.064064258405481939,0.14214261916950699,-0.13856237135624011,0.9800999668706093,-13.196827635533339,35.94254743698567,-7.4162065969052717,,0.3796775916497583,0.36,False,3
-0.99583614370865048,-0.089318510914696697,0.018236734671155545,0.087217074472059508,-0.99169837669214744,-0.094485509929805742,0.026524645219496358,-0.092501531198901782,0.99535918638541676,-10.391147421568132,24.912331487399779,-5.667456787002731,,0.4657127251733502,0.5769230769230769,False,1
0.92542549104544758,-0.37100101138894842,-0.077109727477598727,0.36951175154236288,0.83845640531846521,0.40056450398472948,-0.08395669118889322,-0.39918555325664629,0.91301816415435988,-14.39779766268407,18.631710568678994,-4.8608837411829207,,0.6965202582945625,0.3452380952380952,False,3
-0.99728039775327204,-0.069990866709436328,0.023088673290963736,0.067772488111971133,-0.99399853158349805,-0.085870886014768402,0.028960285084709953,-0.084072574524101121,0.99603870612577128,2.264282705368553,30.310700247065849,-6.2702681762080221,,0.1669467243778104,0.25,False,1
