axis_00,axis_01,axis_02,axis_10,axis_11,axis_12,axis_20,axis_21,axis_22,location_x,location_y,location_z,dbh,dbh_approximation,score,reconstructed,number_clusters
-0.38355389748628382,0.91994168785995167,0.081201592721235838,-0.92349692779208958,-0.38266034657982967,-0.026916231422280744,0.006311266248100262,-0.085313246877544394,0.99633418983068012,-21.615993313748401,4.6427100331852973,-2.1061698012071042,,0.07375079797827118,0.2631578947368421,False,1
-0.99257973899533614,0.11099278131818185,-0.049659482792369897,-0.1065622743492415,-0.99071794859708961,-0.084394478569941644,-0.058565718824824677,-0.078476422082238137,0.99519420605010678,13.844868364105245,2.7040451234984659,-0.32266166816654235,0.2001985129085379,0.2685853075561704,0.1764705882352941,True,5
0.37408118637826254,-0.87944944506077272,-0.29433304194420579,0.92738506332938464,0.35627545474918304,0.11412600342084715,0.0044955879909143945,-0.31565245749963788,0.94886422409270632,2.2636956341076822,-13.68719871385767,-0.67981976633699981,,0.3747291987278879,0.3174603174603174,False,2
-0.46125623371041347,-0.87736974537907786,-0.13215527517559289,0.8862042460903905,-0.46285258094104004,-0.020236662955656438,-0.04341337437527,-0.12645085294164751,0.99102243199419193,8.5968344539084391,13.404637877073494,-0.39850907404800201,,0.104401979768879,0.2903225806451613,False,1
0.010543291934251006,0.99456404522690378,0.10359150031294714,-0.99887237725205436,0.0056794809660215429,0.047135097950327207,0.046290527735374731,-0.10397164727874028,0.9935024326110764,-6.0675271033837133,-8.1665410695704459,-1.3385853584505742,,0.07858580093167626,0.1666666666666667,False,5
-0.76394683662354335,-0.59179816890654369,-0.25721616996554308,0.64327304945952135,-0.72985994621834116,-0.23130984143613115,-0.050843039365573606,-0.34216865166905924,0.93826200986880448,9.6597880330076062,23.079643957966951,-0.32398861239084703,,0.6875825436330067,0.2592592592592592,False,1
-0.27411334342528015,-0.95227606280483501,-0.13428393487359655,0.96132137998603795,-0.27522612218665049,-0.010572892122706672,-0.026890134584153333,-0.13198818839207099,0.99088649137377238,18.800387203153424,-3.0112550668669384,0.095314454426505921,,0.2235078917085747,0.2,False,8
0.87016476991570846,0.49274652871907482,0.0037592064114850415,-0.48396950562731172,0.85318063434791314,0.19456701363938372,0.092664938463247623,-0.17112470192521831,0.9808820242876346,-0.19156655806241488,22.600816543626159,-0.85576698448529653,,0.694418574593773,0.2586206896551724,False,5
-0.82727658035612772,0.55986056149878372,0.04657908621408538,-0.56128729015837531,-0.82015976523914458,-0.11088073497925939,-0.02387545813048788,-0.11787328434017311,0.99274158336292206,-10.428105577909346,-22.435484210685825,-0.93697130702980747,,0.1159143151605451,0.3571428571428572,False,2
-0.90383211462613278,-0.4131896518156663,-0.11118372274259702,0.42508654716622879,-0.89675480054190526,-0.12301323149703061,-0.048876742820566053,-0.15844601395269292,0.98615715009006355,-5.7317740935001122,-9.5444022688839674,-1.2863860762047401,,0.2093737752080209,0.2173913043478261,False,3
0.17663940133964934,0.98346093774472776,0.040038803986014768,-0.98307484664890121,0.17426914953223788,0.056516452538615182,0.048604195092701134,-0.049344173430818525,0.9975985088039272,-13.619161472507542,6.9677872924360953,-1.9305254294826517,,0.1436816734351999,0.23,False,5
-0.63428065320102833,0.75532971364453472,0.16481831409325576,-0.77305249700691614,-0.61722482647910204,-0.14636717681643968,-0.0088255224349323355,-0.22025107778058328,0.97540328730748216,-5.5816993226544787,-13.396966394725904,-1.0940795628143498,,0.5942938248142438,0.2,False,1
-0.36116222948421667,-0.92498917174290474,-0.1181392235981242,0.93164035336314266,-0.3633688360935467,-0.003056295375455844,-0.040101072047901032,-0.11116708647076555,0.99299233778826934,10.697577029320849,12.543476134755506,-0.26842464909977276,0.6895526155363962,0.2872107958035793,0.7027027027027027,True,2
0.10544234859731427,-0.96028430000972265,-0.2583330684932143,0.99421108998044572,0.096407030817692974,0.047434090787226782,-0.020645088572755245,-0.26183916354081499,0.96489068435448666,9.5060297012014292,13.338886977125091,-0.34700857159868059,,0.1907111839691758,0.2580645161290323,False,1
-0.93294743337473618,-0.35075549612180268,-0.081115155796192606,0.35347438865753317,-0.9351959837497118,-0.021548283959335546,-0.068300388891101252,-0.048775546319411812,0.99647177730157876,-23.167255639499892,8.0899685672023978,-2.0884808534182051,,0.2946867385607854,0.4736842105263158,False,4
0.24749382349498092,-0.96105756702409784,-0.12294372776826071,0.96881718033214648,0.24392487728724274,0.043519252448449473,-0.011835473167705189,-0.12988074186007947,0.99145898274652355,0.39945521306783427,-7.7609156878951673,-1.0722709971583724,0.2329506847664981,0.2521447254709919,0.2203389830508475,True,5
-0.83977256586288962,-0.51394279572115531,-0.17505667753725479,0.54047763591099385,-0.82198418354936897,-0.17951581288215682,-0.05163296141151405,-0.24536667402277967,0.96805435414282226,-23.410731508543169,5.3850589863552427,-2.1199788856689388,,0.329962333713818,0.2380952380952381,False,1
-0.72360052603848657,-0.65137010181571742,-0.22829645020763689,0.68854991629487272,-0.70420994498619083,-0.17316860614115437,-0.047971778027813029,-0.28249839617797573,0.95806751571573601,-22.042547122378771,7.1584179078994312,-2.1154484711939974,0.8276532774406802,0.510134523539917,0.2616822429906542,True,2
-0.37107464691218955,-0.91337484303629601,-0.16748134978980631,0.92770817515217086,-0.37255373555089283,-0.023690839641193326,-0.040757185560625082,-0.16416488734043266,0.98559055473846713,26.630237366281392,-7.0948918227143007,0.74425531461841432,,0.1970023888152947,0.21875,False,4
-0.90867801463903197,-0.39186747806046623,-0.14402827968908599,0.41082044670901141,-0.90070554682834447,-0.14126598485998573,-0.07436952519329329,-0.18753505685919999,0.97943850045387781,6.6950438521796141,14.973306076116762,-0.49543484305682867,0.7282037105616351,0.4877976525291585,0.3333333333333333,True,4
-0.91683847852740263,0.3981504700633493,0.029722171520473552,-0.39919094732371402,-0.91277267964712072,-0.08655993798872294,-0.0073342938551904518,-0.091226303652782725,0.99580317817101627,14.920924809386605,-2.6153478710056541,-0.22607937401058789,0.471541473901561,0.1911073466742976,0.2,True,5
0.99897089007321127,0.0015289651571288978,-0.045330156098173841,0.0012418164828447544,0.99813495376272543,0.061033367668066343,0.045338931153694591,-0.061026849358546409,0.9971058644793992,-15.141677959984401,-10.665715689413929,-1.5267289700684454,,0.1045767813934922,0.4166666666666667,False,3
0.99640144436289058,-0.052648842632151617,-0.06642485258576511,0.073031766609721188,0.93102664780824784,0.35756921307181938,0.043017702604961419,-0.36113360469559169,0.93152133460386144,27.62988260266788,-7.0343680972279712,0.83035085413951781,,0.3950256777490512,0.2352941176470588,False,1
0.92292601505912664,0.38496146773602241,0.0034984404534671928,-0.37807058103055663,0.90461697116493867,0.19680134968944779,0.072596187822063674,-0.18295574284208302,0.98043714213344824,-11.954525369279121,-6.1005594543248511,-1.6003155058505136,0.4719665945326836,0.2231247553932973,0.3164556962025317,True,5
0.3780240925635841,-0.8889300873735716,-0.2586524409385923,0.92575643477504721,0.3603805511599546,0.1144590835986363,-0.0085328139597171671,-0.28271745278220872,0.95916527928103534,11.825956360714521,1.2738374919317903,-0.51522341788782344,0.3918424422622046,0.2893479484385936,0.1153846153846154,True,4
-0.60344664184280039,0.78956228035403087,0.11155068754064512,-0.79740051824346536,-0.59788541979389653,-0.081764529613578163,0.0021363411947649263,-0.13829110687249518,0.99038932032119575,8.6720482901829943,-10.210044431256337,-0.41546304581546983,,0.1141770646525345,0.25,False,6
0.8819486490226397,0.46957070368596637,0.040864834846221922,-0.46818911647231859,0.86272736349742385,0.19105090287579252,0.054456695676586363,-0.18762955660730052,0.98072912559143322,-15.409289095037092,-12.04581278513947,-1.4940658483719897,,0.1002138828573409,0.3714285714285714,False,4
0.37415399075236377,-0.91637581935050472,-0.14235220024211825,0.92653203251106164,0.3628761831568979,0.099293848895102677,-0.03933425904986855,-0.16904506324401625,0.98482312252395088,26.343635422103013,-9.2013665275952778,0.81388941575375617,0.4567766275594249,0.4537008936204774,0.3454545454545455,True,5
-0.99899634116122105,0.019276468735137251,-0.040431770918367707,-0.0093020363531879473,-0.9722631011971552,-0.23370480134172153,-0.043815322276300306,-0.23309414364928346,0.97146659115495571,5.5583422202667654,-15.362516838332539,-0.312108368188737,,0.4245785334360823,0.4444444444444444,False,4
-0.45479317529424435,-0.85490710085143906,-0.24959370308476511,0.88723895896171623,-0.45923605613645396,-0.043695245104762449,-0.077267052527635105,-0.24132155655478194,0.96736431034831361,-0.48603078815766121,33.50800788782437,-0.70958611304055674,,0.4518449538733459,0.2,False,4
0.40810057936190758,0.91271913947926264,-0.019942155167122118,-0.91197045548366606,0.40857613807347415,0.037086759387678782,0.041997683857441376,0.003051528338318947,0.99911304802079859,-13.013714882470019,-14.612841076901795,-1.3049210514018141,0.5173912297420324,0.5007752350083919,0.9414893617021277,True,5
-0.33496794108191424,-0.937123878807821,-0.097955674748969712,0.94144799996456174,-0.33710994015185791,0.0057054021362041071,-0.03836850023219808,-0.090309047270988083,0.99517442399357137,21.826047651944009,-1.1459477147383228,0.28935875531995409,,0.07977500589430837,0.2222222222222222,False,5
-0.25823492511215645,0.96319980416105477,0.07457117885902842,-0.96586318078318312,-0.25904947602419953,0.0012980674019012744,0.020567923077237312,-0.071690349669212311,0.99721484861818765,-12.734185755170207,-4.2462029471633524,-1.6854775688036743,0.7732598791172153,0.4488580178069226,0.2149532710280374,True,3
0.99558237233466429,-0.088896466301143312,-0.030218507171142765,0.092846589921816922,0.98001092584903293,0.17594912888790257,0.013973211383668305,-0.17797753649180414,0.98393533622283125,-11.567796780618362,-3.7403341463840958,-1.6551723128208451,,0.2545143786296953,0.3294117647058823,False,2
-0.3319077439347427,-0.90119540360431583,-0.27871866467569606,0.93853561093752036,-0.3451789203344704,-0.0015556216971240149,-0.0948058886266267,-0.26210371511900266,0.96037153539790632,24.380391733365322,-7.8642081117249392,0.58515082322090062,,0.2066736938076419,0.2307692307692308,False,3
-0.64262894047548902,0.76612251733152625,-0.0091833164464436082,-0.76605472596202162,-0.64269437500259685,-0.010202802128485282,-0.013718662274508749,0.00047830704209333996,0.99990578032521205,13.633754111534348,11.855902428728426,-0.10691597746374089,0.3445432954613017,0.3226584069177542,0.7428571428571429,True,5
-0.89516557852584422,-0.42962073653538774,-0.11876282988074348,0.4408798434004812,-0.89262428560508233,-0.094057686720353709,-0.065601453533123438,-0.13655734138744816,0.98845765807521258,7.2728453967009621,15.480659721322315,-0.45580376275421836,,0.4901387990349892,0.4827586206896552,False,2
0.24882272932363408,-0.963354170744261,-0.10017979377884947,0.96847206741098846,0.24616447204865138,0.038274108032621733,-0.012210815559229336,-0.10654480001691349,0.99423292118735029,8.811601496855344,18.421261909914215,-0.4160002557309308,,0.08610539024958314,0.2727272727272727,False,3
-0.58062120141448315,-0.78244371481703878,-0.22507966059001383,0.81280508179920552,-0.57307845518949274,-0.10454177729029046,-0.047190247608909969,-0.24364506426549726,0.96871572878201617,21.157229822733655,0.28517770256592051,0.21804028371917702,0.3621994634610868,0.3431052004849966,0.3684210526315789,True,5
-0.059194689905745362,0.99824245170391757,0.0028277735260695824,-0.99764445871060792,-0.059257118599739353,0.034556155736351846,0.034662987334925739,-0.0007755716656238712,0.9993987571523244,8.9195589862287115,16.162054135367875,-0.38476750282011801,,0.1286768115540607,0.4285714285714285,False,3
0.92937958923028652,0.36090476779041342,0.077468236770262516,-0.36863690034141355,0.91827297709274691,0.14450458556011264,-0.018984594512932412,-0.16285726304765433,0.98646697716842413,21.979208879838819,-2.9533345894229712,0.31387009827110729,,0.2492022532645118,0.1111111111111111,False,2
-0.99551411834335024,0.09061729663796908,-0.027205619439540155,-0.084436420126484751,-0.98064571340322715,-0.17664788631653727,-0.04268642799868045,-0.17355831969082564,0.98389805291544852,-25.39247710354816,-18.124763087248748,-1.7083737739600628,,0.186566683901104,0.2,False,1
0.2659627470357388,0.93625887257340523,0.22952808263212829,-0.96333384100610986,0.24940074882757407,0.098930163532977552,0.035379767687478053,-0.24742390751870119,0.96826116416313945,16.117387681267569,6.3057117525227797,-0.044499943863914301,,0.6443325289881556,0.2857142857142857,False,4
-0.78760860020274126,-0.59730552538613879,-0.15132350190855301,0.61301585300986283,-0.78441262696563918,-0.09438429220720887,-0.062323806408702248,-0.16710158586935744,0.98396788725784989,27.235019693916932,11.199270433686072,0.6507936002516912,,0.4981024348552893,0.4473684210526316,False,5
-0.98625681540359089,-0.14625461240832266,-0.076857546273992022,0.15588891847495223,-0.97785853235110165,-0.13961137419587052,-0.054736999978782362,-0.14967390907382949,0.98721911538213347,12.767760596707044,3.2705595541676695,-0.38885455470323649,0.5653984671754495,0.2507004214264096,0.1363636363636364,True,6
-0.98959205083794644,-0.13316230450356073,-0.054546985046376589,0.13425559249145755,-0.99080298766603503,-0.016878255740075114,-0.051797768321775586,-0.024025825508412212,0.99836854462944902,17.503457577455563,3.43088781657588,0.0011227645982803864,,0.1118019881932528,0.3461538461538461,False,5
0.13731469944205413,-0.96314754422390314,-0.23128225477239556,0.9894396512768362,0.12243245376728989,0.07758524824793242,-0.046409587353382104,-0.23949342855282135,0.96978814587604834,-11.962760539860138,-8.9751082479873219,-1.4768152356254354,,0.3525723672464375,0.3823529411764706,False,2
0.26142328439865081,0.96472112049034764,0.031161290956421256,-0.9642580992844223,0.25958135373365965,0.053139803896838748,0.043176201067439322,-0.043939509255899387,0.99810076404526182,-24.847614176864809,10.731922840844573,-2.0467521076758559,,0.1604312474559426,0.5483870967741935,False,3
-0.52414603167161866,0.84648636156751833,0.093443978741703293,-0.84933168987912633,-0.51152340005614882,-0.1303053788685079,-0.062502944330349669,-0.14766397961311523,0.98706065217637717,-20.756921125752548,-26.053260787290117,-1.2887075693341803,,0.352181291325086,0.4285714285714285,False,2
-0.36595375733072677,0.91830717777355264,0.15096282570585934,-0.93059506184192653,-0.36255751359909538,-0.05044680572904655,0.0084070429370785224,-0.15894645822545378,0.98725140924013854,-29.672881936622808,16.659041591709229,-2.0324151347631494,,0.1697584346099213,0.2727272727272727,False,2
0.85444115291504974,0.51941827236829852,0.01161785415359997,-0.51569748124515968,0.84517879767123805,0.14045963051496566,0.063138134614513494,-0.12600578675971408,0.99001824107461112,-3.5205286944918233,-10.590419098310031,-1.1794601368237656,,0.1510852384897999,0.3529411764705883,False,5
-0.72591226265594122,0.68744268626466443,-0.021770163686897777,-0.68762076135404893,-0.72606937317109499,0.00097667692286584548,-0.015135239694510402,0.015678598284148311,0.9997625248403913,-14.799176399651627,-3.3795962391694134,-1.7754797133817593,,0.6759021181151923,0.2519083969465649,False,1
0.81077497912073193,0.58525258728397356,-0.011105958274408939,-0.58279052477078463,0.80884860425097949,0.078224929777130775,0.054764381391298196,-0.056950368555948649,0.99687387269010652,-7.9860296774609241,-6.4141605393799246,-1.4659408589556493,,0.07748665057976108,0.2911392405063291,False,5
-0.45761702535155113,0.87792965301914716,0.14080547737243326,-0.8891493191861598,-0.4519106570781779,-0.072043363399822744,0.00038249076764411069,-0.15816536399872877,0.9874125638920962,9.718623058051115,-7.6916101848727774,-0.45152801377759133,,0.1660851485364981,0.4285714285714285,False,5
-0.82147167502155394,0.569954268529696,-0.018341726256306708,-0.56991995469349499,-0.8216654532635842,-0.0075583169629885698,-0.01937865783398058,0.0042443725010647693,0.99980320709758919,18.302779963732316,1.8836761328566527,0.014525344724200714,0.1839779181782801,0.1763173269480315,0.5555555555555556,True,5
0.76694532703507057,-0.60728705218229206,-0.20735790698888701,0.64162822593917102,0.7309414823965249,0.2324602524951831,0.010396394433746743,-0.31133099036831224,0.95024466818765418,-13.73825813311298,-19.513601058765307,-1.1686199515078386,,0.5547451741025677,0.3548387096774194,False,2
-0.981327966297879,0.18888126137108499,-0.036322054795096037,-0.18903919454588644,-0.98196909959258194,0.00093293664192559828,-0.035490921192786642,0.0077818088002221206,0.99933970098494795,13.036231387012993,9.4486768782260011,-0.15448153981690582,,0.08542658928645976,0.2307692307692308,False,5
0.71317990497138095,-0.66879857952640875,-0.20995924168387983,0.69781601443187002,0.70579588416231787,0.12208595292642047,0.066537456725005689,-0.23358216953138786,0.97005780081888826,-31.159124069373224,20.61236378884956,-2.1065980036059488,,0.2482842070215531,0.2413793103448276,False,2
-0.49267739874668642,-0.85660406113302778,-0.15329208464432742,0.86991436040002557,-0.48941435639375686,-0.061013058647311047,-0.022759313127026549,-0.16341074079169282,0.98629556597396151,-16.515155999548909,0.30587902993294902,-1.9638494670754869,,0.4263956495328677,0.2580645161290323,False,4
0.89822124321167474,-0.40778207745813044,-0.16404991785186623,0.43915336951710049,0.84829975965071835,0.29585779661572176,0.01851799894831415,-0.33778883208369098,0.94103973807405461,9.2151219346014948,3.8058620311680627,-0.622341073157194,,0.3511427223865409,0.3333333333333333,False,2
0.98503874138069059,0.17217980001794017,-0.0072659785940477895,-0.16841946212013761,0.97074742442531758,0.1711266278250643,0.036517978562765376,-0.16734262588293702,0.98522225046143508,8.5106286589677538,-7.3495757094952747,-0.52495551938667906,,0.4157063602046474,0.3541666666666667,False,3
-0.87711886443412967,-0.46882177284789572,-0.10425278393184263,0.47748190640409105,-0.87459818406354783,-0.084196469578363062,-0.051706157375096873,-0.1236291298056465,0.9909804799051295,-19.852647873898601,-34.47896408034741,-0.98938317327986247,,0.4248078949108837,0.5333333333333333,False,1
-0.82439428618351673,-0.53742292190906671,-0.17762506555858446,0.56070111524064892,-0.81830315404340725,-0.12646820727164998,-0.077384237903225045,-0.20385423981201251,0.97593807622963646,14.253843211113365,22.767858564199091,-0.049114815860091893,,0.3647734630797002,0.1666666666666667,False,2
0.55758706366624444,0.82936575801281742,0.035342691859573699,-0.82881699799675856,0.55382492883768442,0.079626201903491164,0.046465581495309966,-0.07369116387843952,0.99619805365326031,6.6788845973324795,-8.3753535577880296,-0.62005403374255919,,0.07760234789583416,0.25,False,5
0.91211443880981946,-0.38147876833380856,-0.15007064944608361,0.40878862858567028,0.87378897690867574,0.26340972072407859,0.030644863414539952,-0.30160698457331953,0.95293972485299094,-30.853280497748251,-23.831042038021973,-1.7913791205326954,,0.3384912454939757,0.2727272727272727,False,1
0.82649497723494092,-0.54688422061206465,-0.13350543753326882,0.5628677210034867,0.80671384267826318,0.17997973409140283,0.0092726079263626623,-0.22389824759654897,0.97456841394816329,-15.617644412849412,-14.423959254820346,-1.4211916061202181,,0.3139506748176546,0.4117647058823529,False,3
-0.043077102468061859,-0.99461009783110443,-0.094313925458318099,0.99876124374461273,-0.045224811482551114,0.020753178553710304,-0.02490665045064399,-0.09330310669409031,0.99532617218907715,11.147095080555669,15.503014896483879,-0.24061312443905472,,0.08822623188071314,0.4666666666666667,False,4
0.64395122206573285,0.7394908570637565,0.19616344185184276,-0.76350551058445626,0.60478356974283121,0.22648657592954205,0.04884832553137488,-0.29561817618040714,0.95405646321617221,-8.1642589783548019,-4.3321052002815987,-1.5257837810135468,,0.1008132763851117,0.2333333333333333,False,3
0.13582078741771286,-0.98005552910360905,-0.14506506670690322,0.99068753589294001,0.13294150006287717,0.029406866330963389,-0.0095351943665343657,-0.14770821722056576,0.9889850163849373,20.857314695713161,-3.4111641387574938,0.26121461553876357,,0.2119226893390452,0.303030303030303,False,4
0.77882889024320545,0.62719480601028854,-0.0072273810092654545,-0.61123504428316722,0.76149590535251421,0.21567500265795536,0.14077386249830295,-0.16355629442204619,0.97643845591631495,19.434392661362601,-1.3833634556725503,0.12356534250510477,,0.2168219890159378,0.1176470588235294,False,4
0.3260607261538282,-0.9151699652360058,-0.23695640440799967,0.94530151221429692,0.31312817481600447,0.091410049457171877,-0.0094580053607015747,-0.25380047451950721,0.96721035213043038,15.883915712596671,-1.8376564275592886,-0.15917553557374339,0.7906751008939563,0.5921354937634762,0.4157303370786517,True,1
0.92445554823795417,-0.37071767869037137,-0.08916469053659315,0.37994992116531429,0.91525185969849732,0.13398541235863801,0.031937387785091378,-0.15774167497800118,0.98696381252637611,-20.079853266383569,-11.954232695345675,-1.6452356170892637,,0.1729766369973815,0.36,False,1
0.21871464568850779,-0.96830704353878105,-0.12060420056754442,0.97567733546130997,0.21514423490451867,0.042032074115704858,-0.014752654963405632,-0.12686381525295259,0.99181043125740298,8.2624476246178506,12.446823320975847,-0.40868649727909029,,0.0797030127141414,0.1363636363636364,False,5
0.10536474475157924,-0.98249675639088818,-0.15361768858050984,0.99409276569695826,0.10001989077313035,0.042137805338006408,-0.026035432633378593,-0.1571500720048038,0.98723148811030004,12.993836680072112,14.833162972031774,-0.15193483473053615,0.4974305868431285,0.3151211054487962,0.2941176470588235,True,5
-0.37574987784845304,0.92514498375669219,0.054025811670915004,-0.92668270536017461,-0.37562605649309427,-0.01281519683004366,0.0084375875236148389,-0.054880093961975587,0.99845730124202337,4.3422407179341667,-9.8969588479611179,-0.7639324713973733,,0.1493288258671404,0.18,False,5
-0.98104161916931065,0.19275304248107639,-0.020089949525704337,-0.18732810101956202,-0.96974537724182486,-0.15653142140322898,-0.049654043400933254,-0.1498004270100684,0.98746863648499683,0.88895539341341279,-12.667167069094356,-0.82607048281488937,0.7150016450087442,0.2893855144167158,0.3,True,5
0.94771517929079485,0.31872069358435029,-0.015907810123605266,-0.31571654802509386,0.94370783435904415,0.098684267603721343,0.046465043257664068,-0.088502219466378138,0.99499163660032319,-16.986318409412434,-11.604812769007466,-1.5626630327170148,,0.1056196582719318,0.3333333333333333,False,3
0.50023355303371264,-0.83660205288590583,-0.22330113641975907,0.86585984163361418,0.48546700643848578,0.12086571187010682,0.0072888315579645799,-0.25380857110575117,0.9672270065335109,5.1023856675315056,15.353891112326931,-0.58183324213713161,,0.4060719818432273,0.4444444444444444,False,5
-0.72337584539660349,-0.67412658031723938,-0.14926734407275466,0.69039064230175795,-0.70914379834354824,-0.14309379543869519,-0.009388680360704442,-0.20656337279554132,0.97838817741242901,15.778304244573325,14.571439827490821,0.0062980550536884039,,0.2694770604968416,0.2142857142857143,False,2
-0.87671631384928639,-0.45802583575063177,-0.14690418243010009,0.47756184320100176,-0.86533906354121304,-0.15206245765500337,-0.057473393400622283,-0.20347146948541248,0.97739253637239598,14.121595358536867,10.564480335910908,-0.075643558252387846,,0.2624930398037743,0.4615384615384616,False,5
0.29536393216270523,-0.94665783234313128,-0.12883747917741273,0.95538458844223284,0.29257267836076523,0.040515627156379727,-0.00066010942369599396,-0.13505619697079352,0.99083772027276795,-17.406208200863787,-14.180581223304456,-1.4938124198855982,0.4426621735756123,0.4007141915547764,0.7676767676767676,True,5
0.69283387910806682,0.72003260234074451,0.039169727168869774,-0.71798868384788894,0.68379037019085287,0.13008835267091431,0.066883972866782881,-0.11825303886442548,0.99072839515827094,14.036152866027201,-1.1859035902913921,-0.3283439895728939,0.6158190837865379,0.3833058845106289,0.8048780487804879,True,5
0.013385754614912242,-0.98291693086874998,-0.18356232888298751,0.99939557640958554,0.0072612474871715169,0.033996413603231621,-0.032082759020092097,-0.18390644713137916,0.98242002996537636,11.918225081725046,11.6914156506172,-0.19221289417748016,0.3675752116193997,0.25538401109029,0.2083333333333333,True,5
0.97051486941609455,0.23955307690300642,-0.026743440103367211,-0.23412944478943704,0.96324424081585602,0.13169637663077371,0.057308736898051327,-0.12155186498522719,0.99092928748410802,15.48124295613786,0.42092890661133775,-0.21023397432287361,0.1988125699294612,0.1174933788181063,0.2142857142857143,True,5
-0.87467358670617268,-0.46706857473646068,-0.12958805196549306,0.48079603313920793,-0.86994194735288177,-0.10970953811532606,-0.06149220467800668,-0.15826545652645629,0.98547996125457105,16.420518728853647,5.3955639384151679,-0.021657861530355291,,0.2641522498089643,0.2666666666666667,False,3
-0.85225971190258765,0.5225393011239855,0.024618331555455286,-0.52307226968110676,-0.85061120678027458,-0.05344132848704343,-0.006984565725454292,-0.058423057782533247,0.9982674802681718,12.98400817154673,0.78208794218019539,-0.41159272324806273,,0.1619044568532837,0.35,False,4
-0.87163304699459965,0.48995431134753492,-0.01416348046467536,-0.48906811518961008,-0.87125677887258768,-0.041521126832565203,-0.032683483470900998,-0.02926427960033438,0.99903723246317566,5.7719570059991288,26.482540034815418,-0.41321964784106707,,0.2208753254837521,0.2,False,2
-0.63054036791829859,-0.77146856460572388,-0.085176864526934737,0.77510706246911409,-0.63158934426667601,-0.017433930116016714,-0.040347070971218327,-0.077013985963417186,0.9962133104059937,14.801734083344435,5.2740556640644538,-0.12742016400536355,0.125765377840579,0.1110583192899086,0.303030303030303,True,5
-0.99820935649706499,-0.052102462420297639,-0.029383907355147038,0.054600685098539208,-0.99427538995343534,-0.091843421755253368,-0.024430427513339799,-0.093283344401263096,0.99533982732975668,18.718074811799838,11.074435033641452,0.16922083773400659,0.6910471318424397,0.428294356434032,0.3666666666666666,True,5
-0.99462569689541303,0.10139206240618036,-0.020961220296926819,-0.094334713779775412,-0.97090115829660484,-0.22011792883452286,-0.042669483842705636,-0.21695757764902665,0.97524803237395197,3.6737931110376127,26.085147117505429,-0.52502776771729787,,0.2004251155399684,0.3333333333333333,False,4
0.92347499115552178,-0.35186303089446186,-0.15292595659362121,0.37972387805060204,0.89519659543728414,0.23330844810188289,0.054806178014187731,-0.27352415433972233,0.96030246268778185,-1.24597778533814,-11.457727428652159,-1.0455851640983018,,0.3894124933754419,0.1454545454545454,False,4
-0.75611090508662293,-0.64172909394521771,-0.12837472178485529,0.65259128053782856,-0.75407066728071714,-0.074175800048346396,-0.049202843160595235,-0.13986135538834565,0.98894786591298611,9.0111085044244952,14.746444205494539,-0.3749418504122346,,0.1278517422745425,0.3636363636363636,False,3
0.6995586707798418,0.68950249386029139,0.18762722909316798,-0.71448123724118051,0.67918133625923871,0.16801569601506663,-0.011585670764055096,-0.25159297175707096,0.96776378770616989,12.57658204226278,5.8801078041685093,-0.2929479390734902,,0.4524112298539603,0.2413793103448276,False,5
-0.35564690247096148,-0.90045979503020468,-0.25037459594969469,0.9334673840777602,-0.35552776002113889,-0.047314423988624218,-0.046410382737423872,-0.25054374745443958,0.96699219592799812,15.420468261467949,4.1581318381317844,-0.098831449944799546,0.5111090549208145,0.2879601555461562,0.4897959183673469,True,3
-0.86175223985017735,-0.47303321756059763,-0.18336480632191088,0.50237403071251441,-0.84604137342905616,-0.17842176916491742,-0.070734789028207193,-0.24587307605865666,0.96671765272523602,-30.742029248446165,8.8361495736067717,-2.2139735112245549,,0.2371263697378693,0.375,False,4
0.18908294550401467,0.98108199619016845,0.041542225157560037,-0.98170796487391898,0.18790439398426984,0.030682412299453739,0.02229599566368843,-0.046583854208511646,0.99866552614198389,-24.785295716649646,7.8325471850474306,-2.1298042377049549,0.9854302645003523,0.4353807931539546,0.16,True,6
0.60593469212764928,-0.78908321755139377,-0.10094961443666592,0.79537178860490454,0.60333106337681075,0.058097726771729551,0.015062097052094617,-0.11549590357821066,0.99319375224023954,11.653525421062822,13.490453085992579,-0.22389717788054198,,0.1358394202903143,0.2352941176470588,False,6
-0.26809191706472313,0.95604178993771627,0.11878897211967152,-0.9633685559268621,-0.2669237023067772,-0.025937667555780489,0.0069100981145614436,-0.12139123955018087,0.992580685639468,0.36157825833006002,-15.849180537735641,-0.64328063915251121,,0.7550777618233578,0.25,False,3
-0.042819369549381217,-0.99428839333443875,-0.097760382936101009,0.99879775980027585,-0.044939060940509694,0.019583559935185079,-0.023864966150056871,-0.09680429578383766,0.99501728211546703,9.8307125963425648,6.7613407029782371,-0.50638677927230258,0.1480913422346425,0.1473089875529821,0.6875,True,5
-0.49622654288390472,-0.85462585868671426,-0.15288511962085999,0.86658351032132508,-0.49828431691791608,-0.027308591190604657,-0.052841629201399162,-0.14603897143448416,0.98786658058955479,0.41635476883053851,36.404658758299199,-0.72448359814790253,0.4115192225714705,0.3220436877931301,0.6,True,5
-0.99847367797808306,-0.016470545336134085,-0.052716558321370781,0.030915613910319887,-0.95762358537058512,-0.28635867990779434,-0.045766135968291773,-0.28755136911222839,0.95667114042403079,9.2833033277662516,19.824629486675434,-0.32995047319091542,,0.4148721595696483,0.4,False,1
-0.19670018939499445,0.98046324950415364,0.0009229646409072978,-0.98028131389309747,-0.19668167081048457,0.019101465891858998,0.018909815546297476,0.002852496967785223,0.99981712434677417,-8.9469165729131426,-7.0040319257569692,-1.4854693937663606,,0.07095606099074225,0.2419354838709677,False,4
-0.66911287410197362,-0.71859962057165938,-0.1894796744383527,0.74222770011353301,-0.65895919906071876,-0.12194595178779724,-0.037229059821221711,-0.2222326692624732,0.97428262727881165,12.796959953121386,7.8063527242028483,-0.25477126777716486,,0.2678828905273771,0.2058823529411765,False,5
0.87843746033745684,0.46652113879514662,0.10346813680142616,-0.47508256532944582,0.82931851735913542,0.29415532102146114,0.05142163353951304,-0.30755296100432117,0.95014051159899637,-8.4448050255544285,-13.018253024744219,-1.2043606165898815,,0.5280796322613969,0.48,False,2
-0.36950290488589588,-0.89161421905713023,-0.26170916616738504,0.92724718813637508,-0.37217603718644038,-0.041202541637411563,-0.060665108374335378,-0.25789354726192881,0.96426690439244511,4.499115233497589,27.253182628024213,-0.47019327565595254,,0.375297326250938,0.5,False,3
-0.9564658996373554,0.29098688382560456,0.022352097717410313,-0.29126784235113684,-0.94696280510375486,-0.13573684010666096,-0.018331034968539543,-0.13633810616072123,0.99049275311104112,4.9673934144121716,24.131244278722811,-0.55207362564563689,,0.5220063677242702,0.3076923076923077,False,3
0.28051778029191576,-0.92580646434471947,-0.25336172859693518,0.95977531726429366,0.26728130868038613,0.085976987620673503,-0.01187919653519183,-0.26728840717029001,0.96354335246632683,-21.157569838877489,7.646416001215254,-2.0978758854222845,,0.5892306655930525,0.2473118279569892,False,1
0.63573011794810452,0.77175393297119077,-0.015591153811983845,-0.77039789551905358,0.6356184038548478,0.049762709540682737,0.048314591103553448,-0.019624261120249259,0.99863936867218572,14.238051212326429,1.3754924541349256,-0.31164307704686001,,0.07067651297985195,0.3076923076923077,False,1
-0.064536433867221632,-0.95854418089611204,-0.27753937013314717,0.99342195722301696,-0.088074246288612462,0.073182935496492851,-0.094593147800951849,-0.27099073860723566,0.95792283404155909,15.542847176865818,12.491310185334841,-0.014057113248042695,,0.4723467678977497,0.1666666666666667,False,4
-0.99897711337878647,0.0040556171318175812,-0.045036417653589358,0.0034459325882605519,-0.98624578376839123,-0.16524944643680409,-0.045087165512877288,-0.16523560744813184,0.98522299076770548,7.4631802923339485,13.575524838225245,-0.46185503629726971,,0.773814046064238,0.6458333333333334,False,1
0.36487799094637274,0.92891050610935544,0.06316109057479817,-0.93037303507419333,0.36117401523894871,0.062923336871209684,0.035638004009354109,-0.081722716277879914,0.99601773594368903,11.919453967666451,9.9996472126652893,-0.19892754756055397,,0.3008893904060635,0.2,False,4
-0.72720256423981355,0.68642094868859171,-0.0016467436030624047,-0.68629910494316071,-0.72711486157491045,-0.017248670415907077,-0.013037220457493857,-0.011413118695322431,0.99984987453336704,-7.9827137584227579,-9.1383869560373761,-1.3614632946483685,0.5536911299061413,0.2979284172510553,0.3703703703703703,True,4
-0.70081133391279848,0.70514231230602409,0.10787860610463501,-0.71325357859964733,-0.69510385790899543,-0.089999774082098083,0.011524186485906258,-0.14001766358479822,0.99008193954343648,-7.0558827393954653,-25.182021389437434,-0.67326728993818152,,0.3269449084836493,0.4117647058823529,False,2
0.97797028752230242,-0.19053472593279067,-0.085268018255736572,0.20547176161145633,0.95070988221627772,0.2322328035325664,0.036816734019045595,-0.24463695156297838,0.96891552264691394,13.947404333659575,-13.481020559766115,0.11145157255888152,,0.3360586290765619,0.1666666666666667,False,3
-0.47350832015524036,-0.87386200114604839,-0.11025005077906988,0.87948021283551936,-0.4759080317402844,-0.0051088703134186918,-0.048004437029853818,-0.099381830724300971,0.99389075141452754,4.5751849639800399,22.991611449761866,-0.59355954249881415,,0.08948441361351028,0.3125,False,4
-0.80333184375787758,0.59526297764364244,0.017886761903510434,-0.59385447023602522,-0.79845549036161179,-0.09902372489503572,-0.04466337409173507,-0.090171045010149067,0.99492430147047806,5.3782789290676742,21.847496749670746,-0.53015334768010036,,0.6151980712259819,0.7058823529411765,False,4
-0.25104855026998169,-0.92277263260760589,-0.29234447817218784,0.96742237263948816,-0.24938803139726853,-0.043583973113728622,-0.032689116291569224,-0.29376228196659848,0.95531939338100536,-14.273761667827957,0.29869356409853071,-1.8855637578148066,,0.5558760374493654,0.2384105960264901,False,2
0.77352408128267136,0.63172735048692885,0.050804038447413012,-0.62991156034943918,0.7575158334098322,0.17140941710286581,0.069799153389824981,-0.16459136301815513,0.9838891001560548,-27.364762747815433,9.3167621946688666,-2.1129449824957569,,0.4210371746436542,0.3333333333333333,False,2
0.92998477799271628,-0.35782789717599184,-0.084187342899315329,0.3661550744684301,0.92198610613422038,0.12598444958199168,0.032538809794727293,-0.14798924318364104,0.98845354456295809,-14.18520871345828,-6.9604853275871719,-1.626009410266394,,0.475652356111863,0.3658536585365854,False,1
0.30295535967007692,-0.94761105618270136,-0.1012488826974354,0.95294443133590245,0.30002637165084228,0.043371501010728508,-0.010721978971592251,-0.10962418763363946,0.99391527639562749,25.563907450903816,-7.2601944863468537,0.64788889214187895,,0.1227540026922062,0.4705882352941176,False,3
0.459893717539754,0.88734347422323001,-0.033456349485763787,-0.88691420107870278,0.46085891415489449,0.031500177283608086,0.043370133645080203,0.015186177841056241,0.99894364781512479,1.9499436415770834,-6.6853631585902757,-1.0080350566014282,,0.1660240778092148,0.2678571428571428,False,1
-0.78346337296563051,0.61828145528980682,0.062555457523996369,-0.62113426755359791,-0.77595628067976197,-0.10992757681440166,-0.019425882012749203,-0.12497956840359718,0.99196912380863822,-35.747833004405862,31.614187432871059,-2.352458232614445,,0.472102193528283,0.1875,False,1
-0.97399638443029901,-0.21305468696211902,-0.077063243379560123,0.22108531208293236,-0.9681208777205369,-0.11774230719163042,-0.049520984419700674,-0.13171813271182273,0.99004949654904262,-21.944668234259161,3.6145416036680031,-2.0820181152469601,,0.3087107289783896,0.3333333333333333,False,1
-0.35020631980328576,0.93581778484128664,0.040007588587506818,-0.93659901196880013,-0.35039458080821728,-0.0024348550884746509,0.011739861536961171,-0.038323769582102117,0.99919640928904052,-3.7425199117292429,-12.007617492652038,-1.1096054949257206,,0.09519680677960625,0.4333333333333333,False,3
-0.66870775984785169,0.73767204368189265,0.093112232759439431,-0.74324064550022284,-0.65972423727914087,-0.11116327461382149,-0.020573643228170103,-0.1435405403244529,0.98943056274186514,-33.099041064567494,15.918452838618334,-2.1775101595865167,,0.3016304177350699,0.2666666666666667,False,4
-0.69072989508444749,-0.71830177270837592,-0.083275298622306634,0.72130992650073833,-0.692550729207696,-0.0092453991471219479,-0.051031382189092853,-0.06645337311148837,0.99648369140391724,0.99947564819407064,27.834032540204191,-0.61863955488214184,,0.1313945586811216,0.3333333333333333,False,2
0.35074769425297669,-0.92242484102534295,-0.16158114876306928,0.93646625545528228,0.34499807685790446,0.063303075422221591,-0.0026471437030081736,-0.17351870107778072,0.98482701679355689,21.418959026671253,7.7481264655682258,0.28026884312240447,,0.3481564000002997,0.5172413793103449,False,4
-0.73836127530269169,-0.65869388906733028,-0.14472383231085195,0.67251668129047626,-0.73518929229126584,-0.084958918815583387,-0.050437491208702848,-0.1600595670543454,0.98581793170693977,-10.835783567345631,-17.354019193996635,-1.1296022771377907,,0.4452599501265476,0.25,False,1
-0.5215628108323902,-0.84981873157278176,-0.076028664493359766,0.85164011448572763,-0.52393841828732723,0.014058778087368639,-0.051781751180819631,-0.057416524717205084,0.99700651599377488,18.918272160376514,5.2671364716214448,0.15331876775209671,0.4276333542852544,0.4780738371071617,0.8260869565217391,True,5
0.99541758935208036,-0.076187690416218493,-0.057786318774748852,0.088149476528251697,0.96532154556829708,0.24573152717840424,0.037060661034169981,-0.24969931816222096,0.96761395086730395,-26.514227454862873,14.93911582851301,-1.9758323335809309,,0.4151769508698004,0.3333333333333333,False,3
0.60595841610203682,-0.74721870712374827,-0.27290767977362829,0.79546487539856114,0.57221148880701778,0.1995235426820815,0.0070731861464818149,-0.33799144338514076,0.94112260319055507,8.1422036979232075,-5.8244336309092635,-0.60242279299093893,,0.5746545143455907,0.1150442477876106,False,2
0.98443968086119515,-0.13434676531817494,-0.11326721235401865,0.16186891496684708,0.94416269284974597,0.28697606833701483,0.068388369722948816,-0.30084506989355603,0.95121778516140965,15.752669750118022,-13.603110394296214,0.24636352726130961,,0.3951042169748585,0.4375,False,2
0.68405600640380693,0.71404426635165064,0.14902404434589481,-0.72775462946668223,0.65425344232308591,0.20573194331023184,0.049402220523844062,-0.24918510970506463,0.96719501741302816,14.893887017367145,7.716062243285104,-0.12354473879435759,,0.5117014208554181,0.1739130434782609,False,1
-0.72767881179025085,0.68132167397620158,0.079273724788200994,-0.68590757310238115,-0.72215335622824228,-0.089584213168878657,-0.0037878796615479077,-0.11956298197415519,0.99281939208957715,17.707525795525598,-5.9607160922230884,0.092782196865341712,,0.2520898250138965,0.375,False,2
0.26566425556913492,0.96238805171977215,0.056848405605786329,-0.96364418534858065,0.26334268886112544,0.045172029700515703,0.028502409666011322,-0.066782229151287995,0.99736038948457195,30.238884290510949,-7.6264127613194495,1.0297702270129168,,0.2134546834966529,0.2857142857142857,False,4
