axis_00,axis_01,axis_02,axis_10,axis_11,axis_12,axis_20,axis_21,axis_22,location_x,location_y,location_z,dbh,dbh_approximation,score,reconstructed,number_clusters
0.65012654186102992,0.75671456824156891,0.06869164271434669,-0.75966689978728752,0.64547914678837004,0.079138312017186935,0.0155460906787041,-0.10363268438255661,0.99449413562487921,-11.430525570900334,-8.486583950818174,0.058183734222813359,,0.07432407417409817,0.1590909090909091,False,1
0.99722324288020026,-0.072682275238677901,-0.016220071689916973,0.073552361919468859,0.92719710864801108,0.36728132510493294,-0.011655638788348627,-0.36745449865377494,0.92996846048860049,-19.232663051727329,11.783926907468219,-0.30830453128902841,,0.4176745509269297,0.4137931034482759,False,1
-0.20440865188337642,0.97544751682548436,0.081971000690594029,-0.97863399982679711,-0.20553698602181336,0.0054810364050083341,0.022194535774032131,-0.079099237013169746,0.99661964323693197,-11.428654499490493,13.404342094440628,-0.78616779054691333,,0.1000135643831917,0.4615384615384616,False,2
-0.99943365111008098,-0.032979527660451306,0.0066878833771569241,0.032303712879994735,-0.99595538041544329,-0.08384122110093753,0.0094258773034548334,-0.083577694254046944,0.99645668338379723,12.431462711281927,-10.113788785418766,-2.219539104837509,0.1603547734255092,0.1053368289315664,0.5,True,5
0.49837283133053695,-0.86026956413907441,-0.10752115144264561,0.86609886275937686,0.48849707095864336,0.10603476595787373,-0.038694714348335685,-0.14596879351695038,0.98853215951768969,2.10103754820285,-15.244857630472966,-1.0654602988796378,,0.3877048759130401,0.6956521739130435,False,6
0.40035862003479195,-0.91595574264374502,-0.027167128699645264,0.91578325399320248,0.39888105203785468,0.047275131208659477,-0.032465475038245865,-0.043806207814875868,0.99851239806395042,1.8096095885597128,7.8507432291996091,-1.4706547945066371,,0.1563555282254087,0.4954128440366973,False,5
-0.57359363395824337,-0.80363826809795702,-0.158606043803806,0.81714858593514306,-0.57486382403898184,-0.042423723498493313,-0.057083549178154322,-0.15393868214258771,0.98643010424126387,3.5633961998227774,-13.858282428226298,-1.2065304021494614,0.656970967976529,0.5123118699280693,0.1538461538461539,True,5
-0.37248581496051553,-0.92319631305766137,-0.09467251559951774,0.92803716821661908,-0.37066913899384263,-0.036761444558687448,-0.0011541497644005111,-0.10155272992048868,0.99482948839688956,-6.6022822360367357,28.113791342554173,-1.4364085448215378,,0.27782887926917,0.1428571428571428,False,5
0.73058247921336494,0.68007985843990959,0.061160667187386115,-0.68275295843230699,0.72627354330460736,0.079844461596926208,0.0098812356709915977,-0.10009059116682024,0.99492926117462788,6.878212151574238,5.519805860842836,-1.9543691884803636,0.8185476885920786,0.7303883477161001,0.8217054263565892,True,5
-0.84466824852594447,-0.53224018522470562,-0.057060802343483534,0.53502779221303953,-0.84278094972102968,-0.058868772256241028,-0.016757430941272293,-0.080253697854290526,0.996633599919729,16.106059905374391,-1.3870851504002786,-2.6746003461566668,,0.1535098072322647,0.4444444444444444,False,5
-0.043927221422021441,0.99611107362599627,0.076374918774467976,-0.9986345090416997,-0.045944854087003287,0.024863381386443683,0.028275724025822669,-0.075178450253977985,0.99676912274017904,-13.815424392057826,8.6515486092942808,-0.45309884555118707,,0.07483718183257007,0.2903225806451613,False,2
-0.20957275253963339,-0.97624205859202029,-0.055051834020101567,0.97722927790466318,-0.21103132761020019,0.022106948523200089,-0.033199394556115085,-0.04916524995453217,0.99823873817740416,6.4757804198488342,16.221496359988723,-1.8983148622425139,0.1565039433648873,0.1529012759755813,0.3157894736842105,True,5
0.46092655052527531,-0.8825029163567446,-0.093462921218586154,0.88353162005004793,0.44647412471661246,0.14153703518963717,-0.083178070382815994,-0.1478156236004014,0.98551100959198601,-11.420984620372813,-19.935590726646677,0.15298186869805244,,0.3160728207788693,0.6071428571428571,False,3
-0.94327998193780149,0.33147671716455601,0.018602732413032369,-0.33148413124854087,-0.94345671849581392,0.0027732752318375478,0.018470149047098507,-0.003550535582186834,0.99982310800023955,6.6856440988341426,6.9515001600626318,-1.9217467306106009,,0.07119778217437848,0.2222222222222222,False,5
-0.58394349514137478,-0.79662935451727157,-0.15617831476703375,0.81055360958723521,-0.5827916354837186,-0.057937514576624972,-0.044864690650658824,-0.16042313153534934,0.98602818337064435,5.0218907709360066,16.06631273960484,-1.7368968148634154,,0.3549668580981944,0.4,False,5
0.35540539101443114,-0.93445109127983816,-0.022094479939599933,0.93403934252380894,0.35415351860826583,0.046322692873766613,-0.035461453094482898,-0.037100448289831785,0.99868215267978211,-1.8971966650155303,6.4404496675993288,-1.0988857090087998,,0.08971198824651287,0.2337662337662338,False,5
0.75515061470698275,-0.65509768430924176,-0.024383870085287827,0.65460515026024302,0.75154112396122175,0.081719252614476615,-0.035208612020803921,-0.077672150786323266,0.99635705980928124,-7.4059524564280705,-27.434728346099213,-0.0030018175840892799,0.2887426635414607,0.2354665217466111,0.28,True,5
-0.3309906825311193,0.93798449990323929,0.10310308442939177,-0.94305037369730726,-0.33264783778506141,-0.0011868809091536321,0.033183742208390619,-0.097624248822686888,0.99466996802701013,15.374263716361243,4.1525112624353735,-2.7555133277479569,0.5843361929199722,0.3596624560133792,0.9411764705882353,True,5
-0.50326733002848956,0.85309576844087964,0.13765756206711705,-0.86377646927580465,-0.50119817505574304,-0.051870998122448421,0.02474278988759613,-0.14501034166244667,0.98912071819344682,4.4845494004679827,-12.103888272939892,-1.2610982898776806,,0.5372921973297973,0.3488372093023256,False,5
-0.74242694426402989,-0.66898086423956704,-0.035592635643598151,0.66981797933625264,-0.74221629803561717,-0.021420585617666184,-0.012087472385697998,-0.039743807210516305,0.99913678883310997,5.8474165566615497,-6.4676620552708615,-1.4473095255870252,,0.1969732702843265,0.2222222222222222,False,1
-0.99004434475146752,0.14021705269626483,0.012303396230722265,-0.14048221236344657,-0.98978518227911449,-0.024290758534288304,0.0087717407114430677,-0.025777336438671545,0.99962922400809096,-14.989771485780217,6.5834096248818419,-0.32444043753246715,0.2407258315671078,0.2079022767097784,0.8014705882352942,True,5
0.27678049267688948,0.93922158162897773,0.20311420303834293,-0.96032541615928224,0.26283932031473611,0.093223316691638233,0.034170951874952157,-0.22085812708354283,0.97470715281519826,-0.14546318594000349,-27.67542552777746,-0.50731721612026626,0.4087895643200051,0.2863729957362521,0.3809523809523809,True,5
-0.94654391455719789,0.32068164417291406,0.034898437003579037,-0.32188457051398955,-0.94604872534526618,-0.03717704315328689,0.021093626519894611,-0.046422972364480571,0.99869913715647396,17.205283486599495,-8.4534524418787846,-2.8077763529416413,0.7268850027768963,0.6249251458689705,0.75,True,5
-0.70840381788006912,-0.69452734491972934,-0.12568133501715145,0.7046197835478013,-0.70623475755795473,-0.06887254787000896,-0.040926659355383754,-0.13734713093402609,0.9896771060190287,-20.675350420356338,-11.236157267862929,0.57408983085624066,,0.275437902550463,0.1,False,4
-0.71236968969224457,0.69481720577124528,0.09878499770720281,-0.70179532273735246,-0.70455199970068139,-0.10530814166883694,-0.0035707410642667921,-0.14434517755023149,0.98952095456652245,-7.5112596667028138,-11.682097173666071,-0.19840155173001778,0.4281875724362921,0.2836913441334415,0.4598540145985401,True,5
-0.36338822175564001,-0.92013557725965256,-0.14594354987570485,0.93066854974431068,-0.36567224920998226,-0.011826101409022859,-0.04248588949401573,-0.14012253786868512,0.98922223164218437,-19.509679949464157,6.3671786933398851,-0.082580852672990007,,0.153467082242676,0.3043478260869565,False,2
-0.90421604544971779,-0.42464539931147705,-0.045493164265298723,0.42706908954532907,-0.89963431939764094,-0.090940002841798484,-0.0023099580509146947,-0.1016581339861144,0.99481671070014899,6.675792982615472,-19.645060344415434,-1.5129674229548895,,0.1237927076529919,0.3888888888888889,False,5
0.87339054076464051,0.48472737740288535,0.047205221098645028,-0.48701969062505085,0.86945302295700944,0.082844805596970161,-0.00088557683509971107,-0.09534574173522839,0.99544382327011827,-30.37332022413727,-5.5429110944495621,0.74033110641219368,,0.1859780435396097,0.6388888888888888,True,3
-0.54044475671889214,0.82713681890801083,0.15415624457606325,-0.84097107100206225,-0.5367464604775255,-0.068343945616957447,0.026213024867477404,-0.16657706916495346,0.98567994671481074,-21.614981644136495,-0.48998198891816258,0.3436572468455299,,0.331447397561811,0.2926829268292683,False,2
-0.023552282585694702,0.98587658793469268,0.16580905689151124,-0.9997058489852837,-0.024185998055475274,0.0018036082374532948,0.0057883926626696378,-0.16571780489829502,0.98615622679678594,-19.157017518263796,4.5972699578556195,-0.058830291382012727,0.2367375646855512,0.2542553640285479,0.4318181818181818,True,5
-0.56305634007405114,-0.82499242298605946,-0.048528959580905119,0.82624389202388371,-0.56317304060392714,-0.012536236682200112,-0.016987901448948423,-0.047155363984578424,0.99874310152903811,0.9296781116727475,14.098907656091466,-1.4145966311755693,,0.1471725756130688,0.3666666666666666,False,5
-0.37435559840712462,0.9216445607095084,0.10212340405519935,-0.92699109531351886,-0.37473404445328379,-0.016183483467028421,0.023353696724222717,-0.10072586381988546,0.99464008827668493,-7.3492274140067497,20.799089838169678,-1.1761854970477263,,0.1125775340061123,0.1176470588235294,False,4
-0.98023828106866073,0.19713641599984016,0.016436113113940325,-0.19715961812391972,-0.98037137849468026,0.00021262565517991133,0.016155411130219961,-0.0030321139782413815,0.9998648953613859,-8.0504096114179102,12.528579470115503,-0.90043941762198598,0.3117933163624735,0.2776030692836733,0.684931506849315,True,5
-0.98081049882485005,0.19371465594094031,0.022031737757911556,-0.19495935710692294,-0.97524367975698534,-0.10435810543753023,0.0012706185129870416,-0.10665081887983099,0.99429572480266493,7.7934566527026981,-13.596611167357997,-1.6372486839175218,0.4946836290491595,0.4722432239958275,0.4,True,5
0.084547837583625621,-0.98385889944394578,-0.15771280590009426,0.99607310900371404,0.087625720050619776,-0.012652853642000715,0.026268320837243536,-0.15602371348791289,0.98740395793709135,-16.535535333155895,13.891695098818284,-0.49692571692225729,,0.255028521883888,0.4736842105263158,False,4
0.87840249992794361,0.4704746111267521,0.084039802507334754,-0.47728582342303788,0.87263204363785807,0.1034966626312607,-0.024643272504538488,-0.13102273352952104,0.99107303081998965,-3.3439380550206512,15.294720673240409,-1.224950729861261,,0.1602372845104352,0.2857142857142857,False,4
0.50998004208667658,-0.84739125698365059,-0.14781209105123974,0.85973580105537206,0.49657093668351288,0.11946404155617639,-0.027833595832172486,-0.18800362344627058,0.98177386831903601,-9.3057239451768492,17.420585867326679,-0.94797267554350362,,0.4715851109763952,0.3809523809523809,False,2
0.82786277444514655,-0.55680367459703506,-0.067918293877449201,0.55771546141827866,0.80411596279787279,0.20579354331136476,-0.059972416851258037,-0.20824789633724766,0.97623569023475554,1.298106169686803,15.528123332329024,-1.4969634170965656,0.7872389981697423,0.4889062060702772,0.3333333333333333,True,6
-0.99483538066905419,-0.10144478303337361,0.0033943135345131871,0.10127056789667072,-0.99427107104234169,-0.034195165830873023,0.0068437889319170921,-0.033674816757138494,0.99940941023658003,6.2091439034634339,-9.6814600704814602,-1.3796605128997632,,0.07287065777437135,0.2083333333333333,False,5
-0.81469707896959409,-0.57893299352468364,-0.033245428662603195,0.57969013797857727,-0.81457417087196027,-0.020694542242756919,-0.015100114197900602,-0.036131830244368307,0.99923294451013911,-30.942333850582113,-11.638183698380065,0.89530646317136908,,0.1021999741888421,0.2380952380952381,False,2
-0.84391743634713334,0.52411904531610454,0.11446653207910691,-0.5321192926787538,-0.84492062215676422,-0.054389342828250337,0.068208643061893365,-0.10680996484954661,0.99193710104043065,-14.802039259338425,13.109126092748152,-0.58433204014282747,,0.5827650183267873,0.125,False,3
-0.95837489333548187,-0.27659914652699413,-0.070784715615338986,0.28414569261146183,-0.94824138939171954,-0.14177268007206462,-0.027906794774009046,-0.15598454918677607,0.98736519648022913,0.42335703662053426,-5.1436274309881904,-1.0312812727158356,0.2425111769862107,0.3006809943535771,0.2352941176470588,True,6
0.3696429563204236,-0.91276505158264953,-0.17385064121831942,0.92890991409314783,0.35855260138783673,0.092554867713565067,-0.022146248941025636,-0.19570383912263561,0.98041294922624511,-11.774654806409224,16.971293114221595,-0.82849033203976596,,0.4482460407011289,0.2,False,4
0.82592031548976497,-0.56206159981796511,-0.044072559165024901,0.56225793600043028,0.81540671438783452,0.13776031190357529,-0.041492720636529014,-0.13855918641975321,0.98948456581842281,2.8070589671412112,24.884812646623647,-1.8196248672965851,,0.2386195993210448,0.4615384615384616,False,4
0.2770401864705927,-0.95934865046648699,-0.053841451767846729,0.96038439515107565,0.27470872818049685,0.046871400787221539,-0.030175298352158087,-0.064693751704349003,0.99744883069748191,-8.860765177194315,-34.296849926974843,0.44618496641671918,,0.1641135254202113,0.625,False,1
0.49720392612626557,0.86225958741029474,0.096419187735926573,-0.86740091023800148,0.49141749719134326,0.078259212700376668,0.020097680535669973,-0.12254487901672921,0.99225945995181186,-10.375355093512423,-17.235930376454398,0.01260538961394087,,0.2511719805878619,0.3461538461538461,False,1
-0.65372874515116397,-0.73670277373932169,-0.17293857559224193,0.75657178236291844,-0.64095393298343117,-0.12952680774753622,-0.015422901649190055,-0.21551584386735975,0.97637854090862641,-14.929710593454793,-14.803197911019712,0.35337007107719703,,0.4438903541070224,0.32,False,1
0.044565034394858184,-0.99889444245344827,-0.014961635772853499,0.9986591596248906,0.04414965746793869,0.027031290068548382,-0.026340854327288526,-0.016146224979173823,0.99952261545811449,3.8175316882715822,6.7397735082619068,-1.5900811533008519,,0.08001259746228048,0.34375,False,5
-0.40958514158543252,-0.90639024749808494,-0.10342500197148811,0.91214929791237775,-0.40503117554600682,-0.062716864986833321,0.014955604648359943,-0.12002693896030561,0.99265797927252941,7.7988528616715875,-25.707105466264654,-1.5392251049278733,0.4648792238582895,0.5180617368687704,0.7317073170731707,True,5
-0.8822945752388317,0.46969289436387829,0.030738696917940823,-0.47041559266433736,-0.88214408107885089,-0.02304322884950295,0.016292718692425944,-0.034790878138285956,0.99926179858732544,-9.7481116377560078,-23.899910004226317,0.16495296286193786,,0.1734546183126341,0.4583333333333333,False,4
-0.20833792817481189,0.96226347824690073,0.17505515164085927,-0.97704832925409746,-0.21288853617847053,0.0074184543919641171,0.044405742709750069,-0.16949179801974296,0.98453068028296153,-10.774623630256665,-15.969806894105858,0.019946257433358341,,0.2653062509400007,0.4821428571428572,False,4
0.92877112036635623,0.35264061958871279,0.11414376631911226,-0.37064884877082382,0.88203829017709179,0.29090872377145227,0.0019070601160432409,-0.31249487688210331,0.94991753065418927,-17.376097646727139,3.5147260939169662,-0.073233325707343616,,0.3920716960349539,0.2972972972972973,False,4
-0.95369376829535946,-0.30076991711685791,0.0023776610600583468,0.3004435024819454,-0.95297266786546031,-0.03970889217503655,0.014209086211971617,-0.03715577019664585,0.99920846203888547,-4.3624178456832361,20.461082235134967,-1.2902361438296461,,0.1358344236657889,0.6578947368421053,False,8
-0.97890861729685774,0.20416344397788816,0.0074301497320709243,-0.20354867145483066,-0.97155669889866592,-0.12101867283233363,-0.017488777285068893,-0.11997861879607406,0.99262242252573474,7.462301733108454,-5.9519240987539623,-1.6176504565297276,0.9158563521202542,0.4698717656708181,0.2666666666666667,True,4
-0.86167789561734398,-0.50589665552399243,-0.039746422909550327,0.50736125027627443,-0.86038142755248814,-0.048253091515864502,-0.0097860064664548451,-0.061744417175820222,0.99804401757891259,-2.3222995679549561,-15.235740543301054,-0.596039312534409,0.3960278468704291,0.2080164214358848,0.28125,True,5
0.77119570304894802,-0.63657740085588466,-0.005138124016121107,0.63610289613247717,0.77025234583575874,0.045655550225418479,-0.025105639420529863,-0.038477739721520625,0.99894402766882229,4.2249433573177804,5.1342587508700284,-1.6750249701619695,0.1355329638303238,0.09779957647766149,0.4736842105263158,True,5
-0.94230858063731449,-0.33310403132542654,-0.033109563150850334,0.33474197039087911,-0.93813121240770259,-0.088643339091478313,-0.0015336610194784197,-0.094612539450139879,0.99551299100648294,-2.0280390736186087,-24.803840173401458,-0.53004231358311982,0.4144815840749715,0.2976630022421826,0.3939393939393939,True,4
-0.62737642811586136,-0.77617216240282727,-0.062893495335409888,0.77870560113257337,-0.62489833357778712,-0.055853911738254547,0.0040502110245577445,-0.084016944735133658,0.99645609476184771,-6.8789763139971418,-13.467408072470839,-0.28743320640178177,,0.08892109457593045,0.4545454545454545,False,4
-0.30151683420397296,0.92704091570864455,0.2228962523096609,-0.95277042116971733,-0.30184464779437259,-0.033441488333662339,0.03627841280559687,-0.22245212788366214,0.97426840632565792,-10.593455950077988,14.590163558235291,-0.86478480083663689,,0.5782981573163115,0.2083333333333333,False,3
0.99812082601799934,-0.057969892700030549,-0.019857195408587033,0.060780765933093166,0.97775889050310805,0.20073178755423485,0.0077791491651991373,-0.20156151314791934,0.97944496591477137,6.4220834297327896,17.220980777839948,-1.9431239355839771,,0.5165061249050604,0.7,False,5
-0.9736468892443515,-0.22368230529871802,-0.044474277521385469,0.22804378790637844,-0.95249979682581554,-0.20184193777332643,0.0027867296440034681,-0.20666485754242744,0.97840782437328255,-8.4986122074217256,-23.169763835071279,0.032138647029404055,,0.2369504186791583,0.1666666666666667,False,1
-0.69915531818567378,-0.68043478029496463,-0.21952300749040671,0.71257985805812218,-0.68824388641286083,-0.1361994812955899,-0.058410503700584315,-0.25165226519994793,0.96605349255472361,-11.189397700060677,-7.4858849300209034,0.048481894999915627,,0.3677014863722564,0.2138728323699422,False,2
-0.92229510294914729,-0.37940661134031478,-0.073636718743319993,0.38617834379976856,-0.91228423243394174,-0.13639562321600796,-0.015428216231667763,-0.15423392144296583,0.98791389686563058,18.679674162652212,14.778430392139782,-3.0784071200611933,,0.484997296258433,0.813953488372093,False,2
0.11473910623426396,-0.95876584572913726,-0.26000575102073176,0.9933737067642644,0.10899679622707031,0.036446908259273089,-0.0066042569595411854,-0.26246476235016186,0.96491897707242014,11.665123474800817,-3.8951117615521178,-2.0762245683450278,,0.4574830474898315,0.2352941176470588,False,5
-0.76787880819624199,-0.63602883999857962,-0.076350838981508171,0.64049440721845041,-0.76439892617824823,-0.073899905138144012,-0.01136002838925438,-0.1056484564373858,0.99433865126896925,-24.76300687707754,-9.0500359828317158,0.68149131390070294,,0.1171662106468405,0.3783783783783784,False,4
0.23203967859862987,0.96573653982114815,0.11623477625100863,-0.97234207066822309,0.22702083694495648,0.054885673918111125,0.026617384628814723,-0.12575561715919092,0.99170410888955884,10.316802704122203,5.9826008568175242,-2.2763653382005655,0.6013448530838249,0.5831661549693565,0.899581589958159,True,5
0.95600586620728034,0.28973429982028487,0.045900101142776442,-0.29334659825204706,0.94462551566892894,0.14707279980051469,-0.00074637203844017197,-0.15406709789847922,0.98806010559779223,-18.134389663608836,12.893275361758592,-0.3882614454977617,,0.3662364928643093,0.4375,False,1
0.99387484859717601,0.10713746686623757,0.02709886564834374,-0.10995814165287514,0.98321436899011494,0.14559777366298066,-0.011045017437168644,-0.1476857061629735,0.98897266887662605,1.4034135284131992,-10.348130738044102,-0.95117898383426347,,0.6859253157187166,0.1764705882352941,False,4
-0.64172733143987737,-0.76481032668034599,-0.057019262413302636,0.76663870156536718,-0.64176484972743175,-0.020074334770920264,-0.021239899840203993,-0.05659542258372266,0.99817124021750314,2.4560238732043382,13.666742900530574,-1.4700907521554605,,0.08221176980967898,0.15,False,5
0.84827208085937966,-0.52832014630012458,-0.036225679398905267,0.52875332563274335,0.84121897716238558,0.11300687188920355,-0.029230078118463874,-0.11501502282434074,0.99293360657090468,6.7804548133514286,-22.595953680490243,-1.4008268543073581,0.2637676419114344,0.1843775028193169,0.5714285714285714,True,5
0.41471930261167866,0.89058890045747641,0.18670648200645332,-0.90967227967438524,0.40070850318212514,0.10922014040252793,0.022455369809692278,-0.21513741157568084,0.9763255863221173,-22.631567286908151,-9.2336960866541649,0.58689326553308008,,0.2201515967640726,0.1956521739130435,False,2
-0.97096430944972023,-0.2304495400611638,-0.064197501979656346,0.2392145120428292,-0.93287136247318392,-0.26930918719111324,0.0021741671833009693,-0.27684658307991644,0.96091167254541943,-5.7247850397619189,-19.158909853778972,-0.32554845738584998,0.3696683090347835,0.1491125300521315,0.3125,True,3
-0.56969198593772041,0.81325197429991414,0.11862658831656969,-0.82185821220667432,-0.56378713814618786,-0.08181162441475566,0.0003466796590617118,-0.14410166257966606,0.98956282804832074,-7.0528281613416191,-9.3356811085243052,-0.19268791494209062,0.7677533650434174,0.6682544275847923,0.5642023346303502,True,4
0.87533291072622743,-0.47805403200754576,-0.072502674991201332,0.48229901903542277,0.8525970730987491,0.20116134614014602,-0.034350424117034241,-0.21105111566816059,0.97687126835535765,12.633187031075309,2.6319407672363413,-2.4475209568941789,,0.231199680203369,0.2173913043478261,False,5
-0.19236980587612526,-0.94153445359218613,-0.27659850051301099,0.98097079158360334,-0.19204970610358854,-0.028516950141360128,-0.026270969662755921,-0.27682085016195862,0.96056236292527608,34.466326202540444,-4.2443590509392886,-4.3600656209999196,,0.74182264958902,0.3043478260869565,False,1
0.63230650981358649,-0.77390733681533608,-0.035438844094535168,0.77430630215291218,0.62981698092616167,0.061484314937548169,-0.025263176634100191,-0.066317452909853469,0.99747870520924153,-11.068255292623547,-4.9514083827593778,-0.093636942966377312,0.8862533931689663,0.7503017656104026,0.8744622604614783,True,5
0.78815991841070265,0.59888980340947751,0.14189766165442125,-0.6154414114689869,0.76464904161538805,0.19116409758563496,0.0059843178304932344,-0.23799757672889529,0.9712473121771189,-9.5541324103865914,13.947025727851726,-0.89375039427549641,,0.2588913770584537,0.1739130434782609,False,5
-0.27624387180784404,0.94312522062203374,0.18494361712492818,-0.96046641184284309,-0.2778231633927748,-0.017848294152819764,0.034548444398344591,-0.18256261421515654,0.98258704290285759,17.200695259001048,-14.598042295970513,-2.7282514484014815,0.2218121824488593,0.2577600737888113,0.6190476190476191,True,5
-0.088789885978926494,-0.99562088612959487,-0.029247346039758634,0.99544067303980188,-0.089724515887862427,0.032363215333997129,-0.034845697093259242,-0.026240471627028257,0.99904815451652551,-21.12977273658009,11.339986466847812,-0.20260966446256712,,0.1384186030871264,0.12,True,3
0.89940641254513798,-0.42998872126013921,-0.078599011837008528,0.43545313935866226,0.86572907950187183,0.24676653810337718,-0.038061378001452463,-0.25616959322665567,0.96588222419232805,-5.0179088749405096,12.656088374290524,-1.0301437819982828,,0.5398403608037162,0.7317073170731707,False,5
-0.957856494938363,-0.28718497017861611,0.0059772910170259935,0.28721300371540903,-0.95785612030768752,0.0045103531877174717,0.0044300791378088476,0.0060370268024022905,0.99997196396010046,3.4290003603086054,-12.234737007152727,-1.1255183090264591,0.1475957476326601,0.0771541623590565,0.3214285714285715,True,5
-0.98086435442752051,-0.18958388598685025,-0.044306527595934828,0.19465769858428686,-0.9506631128012798,-0.24155336127003146,0.0036740434609908784,-0.24555568845601281,0.96937552335075017,-5.5237020249226658,-18.700001856389616,-0.34549569613916536,,0.1915322114937616,0.293103448275862,False,2
0.96937398029076516,-0.24546157584830378,-0.0079184037096058854,0.2434649000029398,0.95625752029634803,0.16216163955522597,-0.032232418491317229,-0.15912312735346773,0.98673243665111876,0.9558606436613335,-5.9565035526885808,-1.0512270210091659,,0.08293007969102936,0.3333333333333333,False,4
0.63532797312898537,-0.76869991737740995,-0.073883716634851646,0.77207961626948307,0.6303156989846459,0.081210749009387864,-0.015856629559394018,-0.10863957215242057,0.99395473270242829,10.806775656642971,-17.135689430401214,-2.0296229285482243,,0.3185295737951992,0.4761904761904762,False,6
0.089137309734378611,0.99393594011658193,0.064388562321935544,-0.99540699457695281,0.086629669299527881,0.040745742652872674,0.034920698168809959,-0.067724791189215025,0.99709272261800275,13.02175693328498,16.776124509027458,-2.6240965850912414,0.2490551640387874,0.3003928164558455,0.7741935483870968,True,5
-0.061163153609578698,-0.99575958976706902,-0.068716140952828325,0.99773475548669333,-0.062925810914543204,0.023784449008852179,-0.028007612080265195,-0.067105750183311719,0.99735269185875042,-27.975677162044242,-10.893337043135231,0.77787648583105218,,0.09357325691765113,0.2631578947368421,False,1
-0.99251861679592468,-0.12151650466158985,0.011854720930231131,0.12057725972340955,-0.99081639178718062,-0.061188252168408647,0.019181234347592557,-0.05930106964179617,0.99805584181860318,12.339751208165646,-8.7913153292542976,-2.1236181920453534,0.3850948587315107,0.3160128054808019,0.813953488372093,True,8
-0.99475556846051372,0.10146800342898513,0.012868694453434634,-0.10174554086861252,-0.99454120017331682,-0.023144028844866438,0.010450068428191149,-0.024331983847479269,0.99964931382554967,7.9607375267307123,-1.0172977761494282,-1.9296997493669201,0.1836084616387953,0.1404645026455099,0.5714285714285714,True,5
0.62323853559388309,-0.77995714273599293,-0.05692612094546954,0.78138241042605472,0.61810313397920658,0.085965367688689731,-0.031863088795045409,-0.098057999470664778,0.99467048428725902,0.078045367316123826,-8.8626538705830846,-0.85156048453616739,,0.07848563603982538,0.323943661971831,False,3
0.34170030324886969,-0.9361898641312677,-0.082398064646629993,0.93980882032085566,0.34033467925964234,0.030523553861876225,-0.00053292283962724264,-0.087868335543107218,0.99613195491467499,9.4053377549010833,-1.822877061318783,-2.0403035816302584,,0.1263762887666788,0.35,False,5
-0.93389185414493359,-0.35752757019671827,-0.0044767522790422377,0.35754085062523117,-0.93366643057759879,-0.020773457744705057,0.0032472905510951056,-0.021000784788091243,0.99977418557510278,-3.6347194946061578,-23.487396738097505,-0.38250027181230262,,0.4083483964245725,0.25,False,4
-0.85245894319366822,0.51467105723722251,0.091801160185771002,-0.52084234885131109,-0.85123976498469911,-0.064141329514147943,0.045133112148210877,-0.10249178187109986,0.99370943280050594,19.994813638766718,12.137821553239467,-3.461460045134698,,0.3256088849168762,0.3,False,4
-0.99280873318519092,0.1196944240265226,0.0020159782181386099,-0.11967033215304136,-0.99188632789802544,-0.042901330181615564,-0.0031354287741482299,-0.042834068052547275,0.99907728014427,2.6183329459765412,-7.2773506748063586,-1.1547086125811885,0.2804552875667899,0.1408329395200367,0.3720930232558139,True,5
0.3087833776601614,0.93114116597935137,0.19398184115890027,-0.95071175316272072,0.2960947125534113,0.092060217228611088,0.028284060512035247,-0.21284748111388913,0.97667597579976551,-16.757866096328591,1.4606982025395945,0.014040564788938349,,0.2605097991089445,0.2142857142857143,False,2
0.85318224152004252,-0.51486248390772948,-0.083646191898968381,0.52158876258176012,0.84055765603294752,0.14631469383772028,-0.005022499702808686,-0.16846201218304424,0.9856953509822266,-10.072863051938503,19.938605813858103,-1.0322635754286225,0.2417078227585682,0.3451787266935495,0.52,True,4
-0.35993897682379988,0.93235752878615141,0.033961323278350067,-0.93262436693464756,-0.36056400970527441,0.014331263203303602,0.025607092040755022,-0.026514777408744462,0.99932039077374013,1.7033128893220946,-13.307160063222868,-0.97485194385337937,0.154941862388985,0.1105125716024562,0.5333333333333333,True,5
0.52204442275535889,0.85036516747404556,0.065944693621706962,-0.85131773502435604,0.51477059992059881,0.10133776931818088,0.052227719680474932,-0.10904270449793224,0.99266406900459137,-9.3698750673419369,10.714060137214,-0.74702446651121257,0.6380045515273521,0.2421968677284566,0.1818181818181818,True,7
0.50482004179506912,0.85065885928882179,0.14675227601460228,-0.86290308520422387,0.49264661151163736,0.11268354676320066,0.023558245839988563,-0.18351790452035754,0.98273403715013352,-7.9766358612234667,-34.446810209224971,0.39626962471060478,,0.5036002385278013,0.6756756756756757,False,2
-0.43864478322849876,-0.89710694884878106,-0.052819281267858502,0.89799283974372091,-0.43982639966635645,0.012712117272024644,-0.034635443052320761,-0.041855232453784079,0.99852317229036203,-15.500233391613154,7.4971288722157654,-0.33113511363135772,0.1640912700800829,0.1293336583486586,0.3265306122448979,True,5
-0.54285394918861141,0.837435319322137,0.063337791263667953,-0.83912568962467804,-0.54393754343527267,-0.00016079026681787428,0.034317151138139095,-0.053235653404762433,0.99799213340803983,19.943421110696328,2.8493567622178428,-3.2934468135230923,,0.119101327353038,0.7333333333333333,False,4
0.12675572784784889,0.97924693141465258,0.15814054752892828,-0.99179811541159091,0.1224789394068188,0.036543230122657075,0.016415959423034691,-0.161475560741457,0.9867401682101794,8.78553845006752,14.445300403941669,-2.1879054841959245,0.7575160836415623,0.3830327589756404,0.3157894736842105,True,6
0.7950583174597402,0.59567726230895068,0.11424040881492653,-0.60649416294330527,0.77864713595216128,0.16085231732616334,0.0068631008871529375,-0.19717311389134945,0.98034466439339707,-9.4531799033335346,-20.209468209337693,0.013448920531915605,,0.3980583417332746,0.3333333333333333,False,3
-0.99145735484910757,-0.13043061816267498,-0.00040909817116240466,0.13036806988543426,-0.99087452994386194,-0.034232035622751893,0.0040595406091908041,-0.033992936828602105,0.99941382838932602,15.606648643227819,2.4862792319032576,-2.8184514168463752,0.4745917182790977,0.4445662703253249,0.8796296296296297,True,5
-0.90809594612811773,0.41807342917293278,0.024007508101948728,-0.41875761826915603,-0.90632533762473488,-0.056713662559877573,-0.0019518625013373371,-0.061554773974052304,0.99810179843229452,8.5619069742932616,-7.0360274715172055,-1.6461484176270653,0.542118551249105,0.6791280911554838,0.5185185185185185,True,4
-0.95993532330958797,-0.27733682787992936,-0.040105597664365486,0.28018817056365453,-0.94772705146980551,-0.15266965968567997,0.0043317593088514246,-0.1577901131688785,0.98746317199551437,-20.315935150218476,-9.4920362148951956,0.50073851865675889,,0.3704141288346521,0.1162790697674419,False,3
-0.14030720195289381,-0.97887858172997921,-0.1486963728893704,0.98968613518157555,-0.14304049115919176,0.0077956217387452863,-0.028900569363012246,-0.14606895672675282,0.98885217144487869,16.081354090499332,1.131492113767631,-2.8174278733901694,0.2115598909586427,0.1528267140384262,0.4285714285714285,True,5
0.86523799619609287,0.48753342193058347,0.11693747234837626,-0.50132445375620194,0.83848227433036082,0.21359135680039221,0.0060829273065811556,-0.24343097201145666,0.96989914932478483,-20.935884749920763,-1.9199405224694672,0.33174643297536704,,0.1959164908624553,0.4,False,1
0.85417377330810018,0.51566997499859968,0.066870336305023065,-0.519858332099431,0.84400254307087608,0.131935673101298,0.011596531352125542,-0.14745909322533693,0.98900017001300922,-1.6420515507576658,-16.298719366466749,-0.68230690740915967,,0.09915030748189367,0.2777777777777778,False,3
-0.8438226984440107,-0.53653087996890059,-0.0098928474397402717,0.53662072915680503,-0.84371849472112903,-0.013315205771274017,-0.0012027592809347961,-0.016544379870804152,0.99986240896675538,-4.9306051513786322,4.2032227928601289,-0.78538281237280494,0.1693384710890135,0.120936271170524,0.6934673366834171,True,5
-0.43072036430488608,0.90193734783491009,0.031448185219407322,-0.90200977153765538,-0.43136311696714758,0.017442286861905146,0.02929743715160615,-0.020853822213561368,0.99935317994962736,5.773499857683678,-11.353883250461823,-1.3957846944385588,,0.07638668622819852,0.391304347826087,False,5
0.59890024314441348,-0.80045710750875854,-0.024226386446883807,0.80043901676243412,0.59740114097990604,0.049084184828659172,-0.024816913707185303,-0.048788275175679741,0.99850078868242864,4.9450392248706478,-32.058832593372486,-1.0384115536678402,,0.1646809720313879,0.2777777777777778,False,2
-0.98073634014049227,0.19419906775189366,0.021046453671099554,-0.19527154980112363,-0.97747621457068923,-0.080057927695041595,0.0050252329400381959,-0.082625492633040309,0.99656799818228514,-10.040570378803816,12.412117868910865,-0.79633095258373543,,0.1231925069987427,0.4090909090909091,False,5
-0.06931096766971348,0.99400908945307676,0.084509880164118825,-0.99752439577848084,-0.070065515575890205,0.0059919407424887314,0.011877271886453674,-0.083885359936942946,0.99640462503984051,0.0092974179806053908,-12.572020467758229,-0.79068074761894613,0.2824341267969092,0.1884030139671344,0.5272727272727272,True,6
-0.20427828713252008,-0.96950762552599479,-0.13537113966112016,0.97862751669016823,-0.20559532369590544,-0.0043297172205322004,-0.023633979416034439,-0.13336238945565848,0.99078550054774173,0.25094475459191523,8.0351741053905918,-1.3225457079262111,0.5903385489142016,0.4119327413789598,0.8173913043478261,True,4
0.52297387592353439,0.84867633598307524,0.079036712000555009,-0.85089499764895693,0.51441909145457632,0.10653967018453718,0.049759703350175745,-0.12296940712791599,0.99116219501810676,-8.3090982618007736,-9.2004127522167227,-0.11923552856037845,0.4803797621674989,0.4250647824205399,0.5895522388059702,True,5
0.76459889120875357,0.64238028231786837,0.052307823999477233,-0.64442187509859394,0.76066200858956445,0.078190508266038045,0.010439466306123357,-0.093492681947331915,0.99556523440984923,1.6144171932496074,-9.8475914831720868,-0.97288468461567146,,0.0705705040499904,0.1951219512195122,False,2
-0.79616251660705528,-0.59358928424759327,-0.11737550330606039,0.60494795567365522,-0.78496101912064153,-0.13369431321993308,-0.012775683002729696,-0.17744847164040134,0.9840471644368981,-20.447318090771507,2.7916455424293338,0.10533627191644342,,0.7207082572494801,0.65625,False,2
0.28949572704111343,0.92054758882582577,0.26226772720236863,-0.95710901885422728,0.28171661506591139,0.067661472225366948,-0.01159957123501403,-0.27060651415434173,0.96262015584777794,-17.495031931688683,-1.0669272000388743,0.15411589578143459,,0.5497360979924936,0.2924528301886792,False,4
0.13437624326484796,0.98283903187500821,0.12637429591899496,-0.99076162964495496,0.1356098274085204,-0.0011695868942702449,-0.018287112109306489,-0.12504963867691343,0.99198194005610496,11.155479098232972,-20.159612911330143,-1.9746538953170381,,0.4286981428946662,0.5555555555555556,False,5
0.56507226803887678,0.82402789000708787,0.040882372532266315,-0.82486537253824943,0.56323410834233345,0.048625676212799993,0.017042566729671301,-0.061199474591566286,0.99798004751046077,-12.304455228973159,12.242656749487907,-0.67770737487686239,,0.0935322762145675,0.2352941176470588,False,2
-0.5076297061772197,-0.854025819541256,-0.11380677028769726,0.8585974383014533,-0.51241539158816274,0.015521127721037919,-0.07157178458451835,-0.089835215925809203,0.99338165557400526,6.5404564571652175,15.229766280342023,-1.8490879319396227,0.2343763989271185,0.1589025777072522,0.5,True,5
0.55227645899507993,0.8311467055891697,0.064698273764667621,-0.83363300722229239,0.54995596413007897,0.05103378084439842,0.0068353572967818172,-0.082119372294406232,0.99659906009618504,24.237343980198691,3.4405874311147282,-3.7036495081789789,,0.1817130589189056,0.2105263157894737,False,3
-0.94305315557072456,-0.33177146760691223,-0.024050759864416633,0.33264206784747419,-0.94058027278727763,-0.068249579790415016,2.1592976606758536e-05,-0.072363276082329356,0.99737834135716885,-10.763687124521798,10.42737536200795,-0.66610236493805453,,0.4001813422256965,0.6349206349206349,False,2
0.54676366883865646,-0.83559949697212199,-0.05313163933127691,0.83643269929002872,0.54223916662882332,0.079730958429427679,-0.037813092924120127,-0.088035031854460447,0.99539941891177308,-18.194474046412292,7.7621764062488499,-0.18517977926143039,,0.08476570101273156,0.2424242424242424,False,4
-0.99398636079120317,-0.10873969671304848,-0.012914833325046863,0.1093177018852462,-0.97849462354996042,-0.17492258784487785,0.0063839341779113748,-0.17528248641143482,0.98449748366455281,3.5488000649268696,16.122967198854685,-1.6644416696400783,,0.1098697774924352,0.2631578947368421,False,1
-0.98619441335515146,-0.16300360483662354,-0.029161685091108915,0.16554917862241803,-0.9665465323824558,-0.1959113835306448,0.0037481361407849505,-0.19803440496467917,0.9801879033765688,-0.38198743987485917,-9.7457341786479521,-0.80407679390888143,0.7095312873616854,0.5979234717084031,0.7464424320827943,True,6
-0.9173822942476535,0.38512568418987847,0.10043870557802147,-0.39549327246168658,-0.91040270135910983,-0.12145778194739085,0.044663157506569087,-0.1511460510079963,0.98750193601138325,-8.9043505780216883,6.1873410484676663,-0.63462024904664793,0.753825233222683,0.6593614627803679,0.5542857142857143,True,4
-0.92134773782446444,-0.38695179263902679,-0.03723783263276878,0.3887364852753506,-0.91673094153653401,-0.092132110826287084,0.0015136120736313073,-0.099361416067726749,0.99505025901986821,-5.1229697020346148,11.252506013951484,-0.97252563820961713,0.2162570114318272,0.148049546693397,0.4032258064516129,True,5
0.21942137676547771,-0.97532157284023346,-0.024537501315278248,0.97518823236481411,0.21849567272437392,0.035602702957980931,-0.029362746389484638,-0.031740676633907984,0.99906474193181816,-2.905765658439877,8.8956640561765781,-1.0670811033948429,,0.09254884431215432,0.2142857142857143,False,5
-0.99285563162047608,-0.11931601754288296,-0.0011758899667318073,0.11920279973424294,-0.99137715243481339,-0.054424573179403683,0.0053279728814423959,-0.05417591335592542,0.99851719219902657,-27.366889967173606,-12.042265749178627,0.79112773633056421,,0.2549142179859075,0.6,True,3
-0.38511297509104558,0.9150960367907045,0.11952924272524097,-0.92231964709045089,-0.38611169281358482,-0.015627836176953225,0.031850667300224372,-0.11626265145167504,0.99270767644355251,4.5681080731579486,-3.1048195340522011,-1.5526047318416822,0.4577679016758103,0.3547617064082264,0.8072625698324022,True,5
-0.99819091238126012,0.060118370071033642,-0.00082705469596118563,-0.060083884887611398,-0.99793233493742917,-0.022825022741347397,-0.0021975477879055882,-0.022734037616160677,0.99973913313293228,-18.996913110600179,10.871453346113897,-0.28439983947249553,,0.07552779492703963,0.2,False,2
0.97093510790766957,0.23690824809348976,0.034051405515746806,-0.23922922600459479,0.96498618427667138,0.1075687760476757,-0.0073752055948823128,-0.11258839256524654,0.99361434178558916,-11.100307095556966,12.185949918463638,-0.73224216996635083,,0.1866075540125621,0.3333333333333333,False,4
-0.99775780431219907,-0.023305670277914643,-0.062739219528111026,0.035396432090457564,-0.97933439229556685,-0.19912619280832564,-0.056801906036373473,-0.20090045744091767,0.97796347051956134,2.0097653277785539,-19.893993857457492,-0.93646513608902837,,0.2516989353608284,0.5454545454545454,False,2
