axis_00,axis_01,axis_02,axis_10,axis_11,axis_12,axis_20,axis_21,axis_22,location_x,location_y,location_z,dbh,dbh_approximation,score,reconstructed,number_clusters
-0.27363859501521853,-0.95812397630124102,-0.084382257345945413,0.96068276747331127,-0.27654610828137149,0.024715789978242829,-0.047016375848398739,-0.074301386468410363,0.99612688166264973,-0.43622806267988884,25.329585849773363,-3.4225747796407151,,0.09641133346787238,0.3571428571428572,False,3
0.52660746108321355,0.85010429854712299,-0.0026950924279578806,-0.84869071706741483,0.52590954232151033,0.056064427748580059,0.049077985849954028,-0.027236646028516477,0.99842351555741515,-19.107496812944884,6.0946898311179556,-2.128211091542108,0.308882268983046,0.2920952088436725,0.85,True,1
0.59213293086958585,0.77783203835060788,0.21060843358026113,-0.80442371239294364,0.55505778303051134,0.21169163525563972,0.047760685922079243,-0.29476800642639378,0.95437452777599863,-7.0578778965243769,27.641455248783416,-3.6030191760454247,,0.5662615525529235,0.7142857142857143,False,1
0.31323746051611617,0.93967393898904616,0.13745974579571726,-0.94739093341495284,0.29916100009575786,0.1138117538079792,0.065823343978840029,-0.1658782216160837,0.98394700211999586,-8.514205972661097,21.872701097281261,-3.1751932169610937,0.7534149092905855,0.6125483996325549,0.1851851851851852,True,4
0.98316068121234268,-0.1804890388835563,-0.028614362844085195,0.18226390317516858,0.95715333483705078,0.22502747212210736,-0.013226659345261894,-0.22645352824189591,0.9739321614103118,-4.8209009032331052,22.59983074708364,-3.2297322973122284,,0.4803127583971116,0.2857142857142857,False,4
0.74660113904758896,-0.664606219601933,-0.029754193641778282,0.66482632599191882,0.74371778335202865,0.069927212113983991,-0.024345337149687007,-0.071989107456438287,0.99710825538990289,-4.5376970832166172,-11.533233060788115,-0.45058566925548493,,0.0678835165309545,0.3863636363636364,False,2
-0.99499688342719805,0.09990463054606144,-0.00051649358181204627,-0.099905912515728765,-0.99497772643419446,0.0061751554023054059,0.00010302700928263575,0.0061958611425719373,0.99998080016075264,-18.386754363861311,21.100171657513489,-3.2214277323459171,0.3421270579573681,0.3429708802432784,0.9142857142857143,True,5
-0.87434158352335622,-0.4675822609205873,-0.12997547689568908,0.4839992260964241,-0.85980248713196006,-0.16274038300237079,-0.03565872207374525,-0.20519871440651755,0.97807052053825838,0.35212452516128984,23.266745824316263,-3.2335376919332832,,0.2128103501144472,0.15,False,1
0.45951894744286215,0.88620438263073242,0.059026512238878864,-0.88675049726793165,0.45401807394104071,0.086839761226888329,0.050158673587721747,-0.092246304754986699,0.99447208443624491,5.6844759406695973,-7.1451727619116383,-0.75702936199256243,,0.1057779501110756,0.2786885245901639,False,2
0.54624123971988214,-0.80883394593403313,-0.21773414048804374,0.83693105836371584,0.51642414622875743,0.18125259925884848,-0.034160087462944091,-0.28123610916217684,0.95903041626834939,9.6267151629899619,-7.7446918961867341,-0.72357532916718426,,0.1399634126214021,0.3,False,1
0.78207206028075427,-0.61708633666834833,-0.086992790652185792,0.62282029692773155,0.76916313705564499,0.14311864424166343,-0.021404912124768426,-0.16610996867123234,0.98587489472294287,0.81357356007605319,-6.7813383280224651,-0.79436193460583182,,0.09889285691372553,0.3333333333333333,False,6
0.50534902535643089,0.8506114643753353,0.14519813788252081,-0.86118389516868787,0.48649131408764407,0.14727015997601819,0.054632053534444273,-0.19946512976087608,0.97838080558445384,-6.7133875057362342,19.364010976985739,-2.9772323677520225,,0.209018788692218,0.375,False,5
0.63928923948700156,-0.73312224006085369,-0.23203674149644388,0.76790290300471453,0.59278258540816764,0.24276313145479947,-0.040427711202381436,-0.33337754508209544,0.94192622460677455,-5.4351112103322006,-12.537064284305611,-0.35940818175014616,,0.517149853101193,0.4090909090909091,False,3
0.72129628411039937,0.67682559232807471,0.1471012851686879,-0.69152092114150321,0.69172006077712089,0.20813979230820107,0.039121428298763208,-0.25185407498836587,0.9669741665420114,4.3652435210798641,21.621703825809441,-3.1571957183127548,,0.4828700167634507,0.3333333333333333,False,3
0.98737317503777278,0.15818572077429871,0.008455232636864457,-0.15698096159020039,0.96990471177983195,0.18612315214797176,0.021241255001621918,-0.18510031823418521,0.98249004131113682,8.1302000610258709,-4.8396453943532434,-0.98492463082487081,,0.2888805591212352,0.4782608695652174,False,5
-0.92004332069716233,-0.39017744248635072,-0.035802952606576677,0.39061304194087298,-0.92053658229192348,-0.0058182581587848531,-0.030687774540297787,-0.019338149785201597,0.99934193170138153,-11.88254908746279,-16.622018079777526,-0.18237763915464461,,0.2445138669211199,0.5,False,2
-0.88808658978429511,-0.43563886397338608,-0.14670033824527706,0.45837421040175585,-0.86326590279640758,-0.21134110889192839,-0.034572999347292119,-0.25493285638591345,0.9663404919856412,-14.386136890457005,23.406721772415789,-3.3506897053313551,,0.6481196362928634,0.3953488372093023,False,1
0.70402094915236213,0.69926388785118265,0.12403434323548423,-0.70942446166026252,0.68441370744045549,0.16821061282112643,0.032732802395391121,-0.20641679247304726,0.97791649512240297,17.62307979989632,-5.619236519617866,-1.0394105525233552,,0.2419850189894776,0.3,False,4
-0.78088132799054222,-0.61813475300963816,-0.090187464303205248,0.62331192102013699,-0.78055635396955725,-0.047053452497539908,-0.041311024072451907,-0.092958084099584642,0.99481264260694868,-0.58212863314444629,-32.901485516182241,1.5123144109979552,,0.5894104678173597,0.4,False,1
0.076987729667433266,-0.97721580345616699,-0.19779323283714706,0.99599184330372192,0.066319293569561746,0.060016659127993387,-0.045531720295917594,-0.2016209928949611,0.97840474123490528,10.844264825483606,-7.1685707314984857,-0.78721157816469034,0.5214795987881053,0.4011184163203064,0.3214285714285715,True,5
0.92243663457213243,-0.38496810359911865,-0.030169759868721207,0.38611670980744756,0.91853889487170248,0.084853903948741483,-0.0049539485977689625,-0.089921398004975478,0.99593654445156343,13.517513278331762,-12.694189627789958,-0.23489934926489278,0.7994755997463575,0.6628855643619638,0.9125,True,5
-0.99548919428431359,-0.092372324325749017,-0.021647580969407162,0.094040266053480703,-0.99090246527446468,-0.096274257585185319,-0.012557564403934704,-0.09787572738757383,0.99511941472598864,-16.85207536241634,21.541183469686601,-3.2416843437804355,,0.130598804692023,0.2941176470588235,False,4
0.17303496418460723,-0.98272411773354362,-0.065667416535605289,0.98236672702776162,0.16740947257014469,0.083244712279816113,-0.070813238863895261,-0.078913730862347195,0.99436316719948448,15.386629126976157,-4.2693477497902341,-1.0973231423371372,,0.1621783626871239,0.2307692307692308,False,2
0.98226366655436925,0.18400536972379836,0.036057083631047551,-0.18616845428095122,0.93414193795467493,0.30449982986025836,0.022347169794169962,-0.30581181086918996,0.95182968031843707,-25.078168614209279,-10.9435000249546,-1.0697761611544525,,0.3740467951502636,0.1818181818181818,False,1
0.93291043095669846,0.35996924042398354,0.010013678683020184,-0.35869777062363489,0.92643744026342945,0.11423475227695523,0.03184395016043981,-0.1101626761962668,0.99340331568374329,-6.2160712573012962,-8.4425126508318815,-0.718848665248768,0.6656902634825645,0.3841833831977436,0.4962406015037594,True,3
-0.9311714042912721,-0.34227887396627932,-0.12555870446368131,0.36229318087389745,-0.90724757812496171,-0.21364803551323985,-0.040785621516603227,-0.24443200367948761,0.96880830335765455,2.1295006083401216,-17.283117331906482,0.15371928277038308,,0.4453694207152322,0.1764705882352941,False,3
-0.53818786691310538,-0.84148594303732072,-0.047489236444835256,0.84159857815647499,-0.5395894695818868,0.023559235160282653,-0.045449457120205906,-0.027287579352693266,0.99859387884191919,-2.8784239258789022,-13.778552093518309,-0.21943548632328935,,0.07634766567778985,0.2058823529411765,False,5
-0.97248641350237808,-0.22899842730356557,-0.0427772818885786,0.23107753033717984,-0.9715215882703907,-0.052430701862993173,-0.029552504573234543,-0.060873013865504803,0.99770793604961272,-1.3732279928887248,23.241248929403902,-3.2687863428731951,0.2178626392802249,0.1847524438336541,0.4242424242424243,True,5
0.52792763761503625,0.83666253184689088,0.14590482255825918,-0.84858846779124364,0.51267138584147798,0.13063560950631758,0.034496692217019717,-0.19277929853313708,0.98063556955841424,23.110240906135239,27.786326835847699,-3.8219029869010708,,0.5029088333450853,0.5,False,4
0.94671813383607673,-0.31068966665526432,-0.08483340202760685,0.3217016931108998,0.92473817857577778,0.20338958118333805,0.015257644494390736,-0.21984365380422971,0.97541579450329241,-15.837357719735941,25.973883256942106,-3.5726672434127185,,0.2144521818126983,0.2580645161290323,False,3
-0.98752532081298205,-0.1559645598625842,-0.021651716331210397,0.15606356396915005,-0.98774260791021473,-0.0029503423487182295,-0.020926173908860174,-0.0062925817911238342,0.99976122082222096,-27.509182171354905,23.74358661739787,-3.577327806026906,,0.1157253512364396,0.4705882352941176,False,1
0.94482577037677784,-0.32439617884047883,-0.045512446491319858,0.32755541626517837,0.93415929149941068,0.14161167812248163,-0.0034224124933846731,-0.14870621123213285,0.98887549764048155,-9.9805596797274312,-16.397591799456521,-0.12390622300333314,,0.08286062278110688,0.1388888888888889,False,2
-0.86574465970129078,-0.49371422390260766,-0.082051504038269954,0.49938449584172251,-0.86302205338814575,-0.076210633632172897,-0.033185983661859243,-0.10695419805671175,0.99370996271872036,-22.270305597236192,18.793525700322139,-3.1168348980284142,,0.4180450510110661,0.5454545454545454,False,5
0.14279139195060933,-0.9787152151699996,-0.1474013092870948,0.98866728244073643,0.13407102364209117,0.067542321923453913,-0.046342453712089268,-0.15537531404410462,0.98676790015162097,1.4383854528367992,-7.7957514459258039,-0.69523755424796385,,0.07704824945229842,0.3125,False,4
0.98856648325655705,-0.14519178484239775,-0.040689725927358866,0.15065118084843154,0.9624371789348577,0.22587363350530024,0.0063663090356876062,-0.22942105879407057,0.97330645117099202,8.4894799914526384,-11.039717224601342,-0.42148232703397498,,0.1415944794056164,0.3571428571428572,False,5
0.14838676205784315,-0.96312485916163082,-0.22443679402201586,0.98777414828873611,0.1333793842531957,0.080698028654377613,-0.047787036091950827,-0.23366738223622505,0.97114157240868804,-15.721833218249557,21.320659572646566,-3.2138971179306628,,0.4286694929961619,0.1818181818181818,False,5
-0.54939031472411137,-0.83256241859404756,-0.070782068577946416,0.83406869742174261,-0.55150349188407066,0.013164589658435352,-0.049996900589340296,-0.051804609683962624,0.99740492897666833,-25.722141063161036,20.696650584698013,-3.3007539820454621,0.3259812358361482,0.2685215362504536,0.3571428571428572,True,5
-0.19228899803905983,0.95483726428321225,0.22651874087873236,-0.98012172248182039,-0.19835463499601075,0.0041046187239621376,0.048850285080070513,-0.22122666546271325,0.97399815817887725,12.790473211262624,24.56781594523293,-3.4699744709159268,0.6130477921023951,0.6116513169590585,0.7857142857142857,True,5
-0.99961044128269372,0.023457860744138786,-0.015122646855803026,-0.022577267317870804,-0.99817642183730582,-0.055983014285837532,-0.016408311280388988,-0.055619777573984279,0.998317187903496,7.1076156881449011,24.255396801040352,-3.3703729098632507,0.640229988058315,0.6125392996220052,0.7411764705882353,True,4
0.56947789059129816,0.80840658963313849,0.14890842140524829,-0.82154471239945748,0.55366889648701512,0.13606997681833488,0.027553904554103066,-0.19982376960854423,0.97944435443942079,-20.359807407174319,22.959589972921826,-3.3973217918623764,,0.3731185449636268,0.4117647058823529,False,2
-0.37973380376673982,0.91136909744725214,0.15877218426104633,-0.92023733549299613,-0.38970115398937988,0.03600356849113015,0.094686243148585883,-0.13243631978247522,0.98665857142219149,-24.471830536949401,17.541948275275367,-3.0705996189566176,,0.2086896541014621,0.2222222222222222,False,2
-0.82999496646221993,0.54187120913971787,0.13222688211116473,-0.55572373279039089,-0.82366799838494764,-0.11288118200146957,0.047743988740928667,-0.16717242937157681,0.98477098373028449,7.4032541110688088,23.26766425231876,-3.3143498003230314,,0.5988906777425081,0.2272727272727273,False,3
0.90561100436285213,0.42401342273065407,0.0090180996414399237,-0.42051901597338998,0.89498059206151193,0.14890767958032972,0.055067830733369502,-0.1386447156492524,0.98880998014828891,-11.278331978448918,-17.440479636650096,-0.085414573245362391,,0.2776878522648402,0.3333333333333333,False,3
-0.96255584935266669,0.27107383560088116,0.0022830964924606713,-0.271082857132458,-0.96253722014290433,-0.0060153477434333746,0.00056696196588551864,-0.0064090164766174842,0.99997930131674873,-12.715396386309934,-19.460464183014057,0.030221108011869981,,0.09504105012575434,0.4,False,1
0.80338471462858441,-0.56198823854457214,-0.19683043473690026,0.59520155867444868,0.74815128787879914,0.29326567306249929,-0.017552915787826445,-0.35275894061364804,0.93554958444995417,2.7928736919752826,-5.5912070901918867,-0.89628090259143833,0.7246178065453935,0.6856950037093856,0.7011494252873564,True,4
0.28033610610184984,-0.95050123187488411,-0.13401147644877703,0.95909627738401826,0.27163905407116989,0.07966526853930192,-0.039319185187023244,-0.15086295936262423,0.98777242782362606,-30.265258696369067,23.274671131917813,-3.5882304265438809,,0.1623040562295725,0.125,False,2
-0.89214839473625596,-0.44411582956396811,-0.082658161727872409,0.44877699037771401,-0.89226023054012849,-0.049708086907448754,-0.051676442186395222,-0.081442070990279641,0.99533749773419611,-19.600900061227186,19.601708605429955,-3.1355299282817453,0.5843728115147473,0.692756899535485,0.7866666666666666,True,3
0.5634833454974022,0.81259675110580032,0.14890614305445432,-0.82448827220758436,0.54180582671074629,0.16329585155305362,0.05201546250113917,-0.21478586134702424,0.9752750511656747,-7.9962235975951277,-11.5124614542188,-0.51152872150679007,,0.1993034640116904,0.1764705882352941,False,2
0.98250579289646633,0.18618173690120232,-0.0043275592818560749,-0.18149880294404477,0.96248182177150998,0.20171000790559279,0.041719916763643568,-0.19739580442311067,0.9794357278256639,-11.643736736696013,23.414199770387679,-3.3244140915413123,,0.3453789056540472,0.2380952380952381,False,5
0.49899576286601782,0.86533253126178489,0.04693441148914608,-0.8627416061358929,0.49093452775029889,0.12107935622826035,0.081732182668885808,-0.10091035527963593,0.99153262705445899,1.2490415098298755,30.252664670277884,-3.7879121856630906,,0.1514924430133276,0.2142857142857143,False,2
-0.99647344139694238,-0.082178774620062636,-0.016950799169341578,0.082088807785394013,-0.99660732932781693,0.0059379092657591767,-0.017381260797394896,0.0045254979859329237,0.99983869281053128,-16.227747455037928,20.408524290003552,-3.1486841296376693,,0.06811531928790196,0.4117647058823529,False,1
0.13362963820448262,0.98647843807011337,0.094886305735277052,-0.98951052365284065,0.12750936616326888,0.067899080412930746,0.054882086090265646,-0.10296432762559454,0.99316982629507478,18.16395008650785,-6.6553338901641901,-0.94098805956715881,,0.2401762574142633,0.2307692307692308,False,5
-0.13281705328076029,-0.93725185416323464,-0.32236406782610694,0.98983744282862784,-0.14210343957213956,0.005333782546220904,-0.050808140413705342,-0.31837960727619857,0.94660073871635808,-26.981942581198002,-11.648477059099934,-1.1186259404982579,,0.4607090632716278,0.3076923076923077,False,1
-0.91513938577738685,-0.40111977073728472,-0.040284415381813057,0.40276509704721325,-0.91401217007971303,-0.048600715495990154,-0.017325738066103932,-0.060701585398088148,0.99800557930836375,-9.362002073251448,24.780803829063725,-3.4020911570849504,,0.2762051630796012,0.5769230769230769,False,5
0.88539791954039371,-0.45823506318278423,-0.078045825919215522,0.46482932982987896,0.87356210120789923,0.14430159203261034,0.0020538265380562679,-0.16404231833008814,0.98645116432261459,6.7008776586491088,-5.4186714506638358,-0.93382097559888522,,0.113234787762979,0.1176470588235294,False,3
0.87549996593991775,-0.47900052458797482,-0.063704843486554558,0.48286253380066824,0.86216252865734488,0.15336084125607091,-0.01853599446482284,-0.16502809343750005,0.98611467146857823,7.3279508658185,-9.941598512917821,-0.50270614177716821,,0.1025276199452462,0.3157894736842105,False,5
0.35582121456884602,0.92860969053463471,0.10523927930160704,-0.93251363761993111,0.3453488786287276,0.10560524457963485,0.061721786393423697,-0.13571364955320708,0.98882365789323323,18.436740254181512,26.989041579082581,-3.7175864806017112,,0.2623258193448493,0.6470588235294118,False,5
-0.34262821973585772,-0.89544512176275093,-0.28422515186367686,0.93752199888761256,-0.3453721584150713,-0.042078186670663972,-0.060484747188141022,-0.28088450669805209,0.95783374823326173,-17.68423915188653,27.758976474245365,-3.719102424140754,,0.3915504558116949,0.2916666666666667,False,2
-0.89816391563220865,-0.43643204926915052,-0.053185026341516534,0.43836603156384624,-0.89821938174680183,-0.032205040371924842,-0.03371650971234947,-0.052239914099490581,0.99806522249184382,-14.910602284915489,-20.519811859785399,0.052690892623624877,,0.2075923846929282,0.3809523809523809,False,1
-0.22982422055323304,-0.95920193527373732,-0.16465866212931762,0.96631870150666421,-0.24503228452349124,0.078659688911625114,-0.11579721398018926,-0.14103484288755261,0.98320912237738611,-7.9866447360860757,-14.837421298842214,-0.21230131075927558,,0.1657339459242209,0.2962962962962963,False,2
0.65622944884317969,0.74598462573354596,0.11344535530447078,-0.75392092024973723,0.64202639553087726,0.13930309921684564,0.031083057776952611,-0.17694362269042244,0.98373004320719171,15.898438959947528,-5.0887423407373502,-1.0483466783175637,,0.148211530128423,0.3529411764705883,False,2
0.44526904460268585,-0.89120044201760551,-0.086586662172862761,0.89436975931720741,0.43804349329841935,0.090667698756498827,-0.042874369237259916,-0.11781201180925388,0.99210993258608426,-26.699679056145168,23.899295150968531,-3.5594943256608333,0.4118908464293795,0.4148052641030896,0.8301886792452831,True,5
-0.19567069766935047,0.98066334867186244,0.0035177614019093958,-0.97958752229285961,-0.19562199254120147,0.046263616399369475,0.046057184474602157,0.0056064789218579422,0.99892307168889283,-18.401968780503903,1.3390950748401003,-1.7687346662048116,0.3862283681221995,0.3663720310715897,0.9809523809523809,True,5
0.02709078783325878,-0.99104132955850177,-0.1307790974180934,0.99842655218862508,0.020399965136021971,0.052232760861207803,-0.049096935742553111,-0.13198834997592365,0.99003462887483151,-26.92160130257794,21.418696841551757,-3.3892395588549404,,0.2862830913235652,0.4,False,1
0.97324848980973266,-0.21106893441265018,-0.090759473384236095,0.22974930141661359,0.89686259670106361,0.37795865003622242,0.0016234474594177713,-0.38869961096524647,0.92136310803820043,-3.0991777943041878,24.223339614280459,-3.3458553659726764,,0.3242651669405921,0.55,False,1
0.42714402439865845,0.89779624704302241,0.10728411446240962,-0.90357677148399695,0.41949557994212194,0.087019977267177362,0.033120997193255446,-0.1341094970704455,0.99041286458750988,-7.0155434613219692,-17.172959550387905,0.00066180178991157251,,0.1610528861832535,0.2105263157894737,False,2
0.019103699844065118,-0.99536717671251684,-0.094229677785826138,0.99938085906128904,0.016225264237968766,0.03121921431309254,-0.029545679788872233,-0.094767738834272308,0.99506086672225824,25.470508867480376,28.972412419888364,-3.9447137672393797,0.2794291331542567,0.3447022794729898,0.5454545454545454,True,5
0.1717686423184141,-0.9714127589150563,-0.16386819500173794,0.98493024369345061,0.16592963626373533,0.048782895233312903,-0.020197736854623418,-0.16977811291925526,0.98527531370654364,8.3710184197979771,-6.0098351892336472,-0.87916363451725998,,0.2308671480043768,0.2682926829268293,False,2
-0.86368091324994267,-0.48211536871740723,-0.14703758476737699,0.50271974487586635,-0.8450443907987415,-0.18213411457365031,-0.036443630440572486,-0.23122445551035919,0.97221762634414777,27.813990900984841,27.163398918845441,-3.8583152168062975,,0.2354175858398708,0.3333333333333333,False,1
0.88802564388777727,0.45768782938452679,0.043958009861443777,-0.45934879831580677,0.8788964786272434,0.1286066146916838,0.02022714224804438,-0.13439803082601837,0.9907209657752104,6.7828527988564415,-11.672832605869225,-0.35237145242897661,,0.1362981618975107,0.1785714285714286,False,5
-0.97239979729244219,-0.22919050443049777,-0.043707515423681106,0.23265356781333782,-0.96661171026081782,-0.10739701564932348,-0.017633820043936939,-0.11460154565079125,0.99325501968281382,-6.8286567181069655,23.078373012320498,-3.2703534989250875,,0.2338834262735021,0.45,False,3
0.87395579178954375,-0.48420619442220153,-0.041780800383447655,0.48578346976269671,0.86772483329145178,0.10520472515356703,-0.014686541554331776,-0.11224070105132079,0.99357250894168847,-8.7555797057296179,27.710249552904905,-3.6359670081719018,,0.2470665734464546,0.2173913043478261,False,5
0.59515321290940359,-0.79183581281561721,-0.13707187423481271,0.8025855700215031,0.57706307583346805,0.15117741002833346,-0.040608569992945931,-0.19998562961434788,0.97895694082573403,0.44952988984304248,-13.850279867246494,-0.16035154452470546,,0.326854438922244,0.2413793103448276,False,5
-0.91189987162621822,-0.40561742397820261,-0.06255501173666686,0.41025514479427522,-0.90512265075996357,-0.11155134804692329,-0.011372787605323616,-0.12738717536135474,0.99178786403925123,-12.699107526456693,19.99711279818845,-3.0532258179913621,,0.5112013839804807,0.2916666666666667,False,4
-0.90798353497669759,0.41192124191172802,0.076725423903156828,-0.41861511191837852,-0.8997049628313134,-0.1236623141068753,0.018091110656424225,-0.14440176702036445,0.9893537493720902,-16.6688775583122,24.189470734630447,-3.4448506610929841,,0.4636609741454109,0.2222222222222222,False,6
-0.5413950114412156,-0.81697750586547691,-0.1985930424168782,0.83634048578535403,-0.54751455267280735,-0.027611708527634754,-0.086174436017217276,-0.18104024282275344,0.97969301163976574,11.61743884189325,25.894970319112513,-3.5471702246092534,,0.377872721479137,0.25,False,3
0.62398983315515633,0.78142527715881338,0.003350274059183124,-0.78001910828129495,0.62259777613807588,0.062786940234218699,0.046977428995777698,-0.041791690145214867,0.99802133033305096,-16.38945777133792,-16.857633742348074,-0.27773074200925912,,0.1081172512209769,0.6428571428571429,False,1
0.85106333792646816,-0.51736686873706483,-0.089569626384523537,0.5249623968706546,0.83508819028484349,0.16444511643281606,-0.010279917766006758,-0.18697389545064758,0.98231109416046725,16.703360100573747,-3.5869772489725422,-1.1817678992560363,,0.6651112429321708,0.7254901960784313,False,2
-0.053883331533861954,-0.97752041112517063,-0.20383923178938909,0.99751139322589066,-0.061989720929699954,0.033590100976313125,-0.045470946409250264,-0.20152200954916627,0.97842795989276155,-10.146968868832978,-11.073658589216812,-0.60566271929052762,,0.1005223470498959,0.3076923076923077,False,3
0.99668411149188307,0.080050815620022447,-0.014582483266001154,-0.078372259304893624,0.99262753472400844,0.092457375472061398,0.021876262731110031,-0.091007934963410697,0.99560985576811822,-7.3104943716033235,-15.634973649899926,-0.12622453665878378,0.2384786094560448,0.2130557616565633,0.7844827586206896,True,4
-0.87455084629191682,0.47956880815312314,0.071934522287175631,-0.48319878754667461,-0.87431793435935701,-0.045684585704697481,0.040984740617879559,-0.074712167042451233,0.99636255606696944,-19.309510249869195,24.263947955495805,-3.4754010891891989,,0.5859749120303335,0.25,False,2
0.99902037518813536,-0.037115559164665024,-0.024098241156854029,0.042081603610843163,0.9652646694309045,0.25786286391411334,0.013690456402162675,-0.25862434768664544,0.9658809544592748,19.019967891213781,28.531018969032097,-3.8120859899750426,,0.2282927706513212,0.6666666666666666,False,4
-0.92896153085960143,-0.36720669087060126,-0.046794447991720597,0.36866947719537563,-0.92915247461126427,-0.02754079716081545,-0.033366012160213794,-0.042836025768358689,0.99852480396277499,-3.4404002615920413,-12.195426419930021,-0.38203028518949911,0.1875102647200751,0.1576979201959424,0.45,True,4
-0.81086789212252641,-0.58140509528376827,-0.066793537882365459,0.58310943590421327,-0.81235683836260342,-0.0077300016160833374,-0.049765924931028577,-0.045215952313170035,0.99773687431715774,-11.649955703874273,27.611117678843247,-3.6421390188573959,,0.207925641406851,0.3636363636363636,False,5
0.68411876230277102,0.72708540682191236,0.057691682692907378,-0.72690566883403451,0.67317306791382125,0.13581667516339233,0.059913835482879464,-0.13485114690690619,0.98905282998211053,-5.4216818337399708,-22.096523931410232,0.47970590171842686,0.3785920781819557,0.2690040273639897,0.3611111111111111,True,5
-0.65603691516043927,0.73698666104768407,0.16268444112625252,-0.75229966120032588,-0.65583326231284234,-0.062673373947550348,0.060504427149173749,-0.16350349684909163,0.98468564568265604,2.710522828705217,23.128523306472673,-3.2410768767443114,0.9240467875959084,0.5789831259356508,0.3333333333333333,True,3
0.58733268530733174,-0.78555545954124384,-0.19478946777129796,0.80832910104828848,0.55729381445519932,0.18980955921249165,-0.040550970002524979,-0.26893535348652137,0.96230421098368624,-15.049783520463258,-28.138078614966592,0.68541616969377361,,0.6897209219892728,0.3695652173913043,False,2
-0.84915109651463994,0.52599086270516693,0.047707731434835726,-0.52760674607754965,-0.84890577969900638,-0.031465833646692976,0.023948627965798743,-0.051890168088911906,0.99836560120742324,-22.519660974304209,20.804603413789955,-3.2746597494790253,,0.1736518827913558,0.3125,False,5
0.67542653082207837,0.73574758811585728,0.049744226231319029,-0.73378722270133911,0.66386746513595452,0.14434784561682612,0.073180005888964644,-0.13399804220832037,0.98827587819516771,3.369950697598521,-7.5586104080521634,-0.70911050870770354,0.6620756030153621,0.5634766121968338,0.415,True,5
0.00084592843442781395,-0.99370427730817634,-0.11203166366934192,0.99880091180204289,-0.0046442675236372747,0.048735709316452588,-0.048949187822605399,-0.11193855474592122,0.99250880951904064,-3.0038627985742514,-14.73174866182606,-0.13829685130406938,,0.08498908441406225,0.2571428571428571,False,5
0.58058579731486448,0.81047419667997522,0.077792727630621256,-0.81278174855714502,0.57128851186107499,0.1140844661991646,0.048020424494720181,-0.1294643299581287,0.99042063089368249,-12.119899342239551,-12.023093669036145,-0.57501487648883565,,0.129105955874288,0.2352941176470588,False,1
-0.73861434363698641,-0.67247269197624571,-0.047215780412116493,0.67395021965709356,-0.73499650670589922,-0.074640716464138571,0.015490409867376504,-0.086951789379781069,0.99609208084684364,-26.126004319504727,18.799471935851432,-3.1843721697223231,,0.1649016071616307,0.2,False,2
-0.11969848625626259,0.97964116991875061,0.16116901249365798,-0.99169289967404028,-0.12567757935740906,0.027392312479151748,0.047089968401483155,-0.15655134699862439,0.98654660844222808,2.0348493040248798,-13.41526366200549,-0.19793600973641262,0.4175522913297406,0.250035352900709,0.2926829268292683,True,5
-0.61481016429391422,-0.76789830012935134,-0.17983509818537161,0.78726066066108835,-0.61119039347097703,-0.081651424385969978,-0.047213494430682477,-0.19177722384903764,0.98030218930511359,-1.6302997103047661,-31.056564236410452,1.3682406900595117,,0.557215914956211,0.1052631578947368,False,1
0.99501527407561041,-0.099171159700079947,-0.010473081684979565,0.09971696771393429,0.98833661657865157,0.11509673618223384,-0.0010633466872017362,-0.11556735444582009,0.99329907675393403,-9.7651980289816933,-18.542071303328289,0.0868013931368046,,0.1268560868414046,0.5106382978723404,True,3
0.88020286531988712,0.46964621390757677,0.068376528465109596,-0.47328999095711821,0.85793233982540584,0.1998716706827546,0.035206538348327779,-0.20828954377016423,0.97743335609827875,-30.570743799163903,16.414945601553509,-3.1233611774657115,,0.2506165805938692,0.4166666666666667,False,1
-0.57422965747738663,-0.80096598940690988,-0.16945142161343155,0.81727663152917751,-0.57299737893263158,-0.06109755553747459,-0.048158156419487536,-0.17357271545304559,0.98364287443183951,-11.243961322344296,21.117040163234932,-3.1486016824844856,,0.07624091655123377,0.2,False,1
0.62801132050011599,0.7774870023628323,0.033402731633176475,-0.77665338096375069,0.62347372653916433,0.089944639378579175,0.049105062481133332,-0.082428596204379562,0.99538646734145386,0.88982734566764354,27.130152184924235,-3.5416228789774928,,0.1353697093866632,0.631578947368421,False,2
-0.49828405915180007,0.84750172947878133,0.18290384065316595,-0.86582775151506275,-0.49743471661454752,-0.053861000853809265,0.045335428767958541,-0.18520129923161474,0.98165430659746289,30.960855442183529,-1.8648204669946837,-1.5774741386487687,,0.4779539696959515,0.2121212121212121,False,4
0.44945684789341434,-0.88413981566131739,-0.12761398138170219,0.89110294815392321,0.43373409388372791,0.13345512951643768,-0.062642459028232872,-0.17369951688255994,0.98280435497695195,3.8870893387379617,-13.741377771235209,-0.16946670440305084,,0.1848040603068884,0.2941176470588235,False,3
-0.37927587098718818,-0.89933813267309781,-0.21757926557228771,0.92339005580101652,-0.3829225996211098,-0.026853073328903673,-0.059166025172442203,-0.21109525295344167,0.97567319100496808,-7.1488010213497892,-21.115176786478202,0.34923467936069214,,0.5306881309049098,0.4333333333333333,False,2
0.44233296283802997,-0.85075955627215816,-0.2838128386781168,0.89609327995472554,0.40624115970701502,0.1788433777915229,-0.036856256007791834,-0.33343109868682036,0.94205377703270621,-5.951376435122322,-11.211203326277035,-0.47750297821660603,,0.1913012893959738,0.3333333333333333,False,3
0.078500208625017956,-0.9758329428487964,-0.20393083361004372,0.99662810245383548,0.071918583372974118,0.039498642570249196,-0.023877659958554974,-0.20634385141477626,0.97818815794213165,-11.764240774261893,-25.158879975736774,0.60260195770342295,,0.6405269149858676,0.5454545454545454,False,2
0.65661101345895834,0.74388368942889338,0.12449511478792626,-0.7521544697903193,0.63358745245539816,0.18119214570594255,0.055907339221649609,-0.21261231547757969,0.97553594127967358,27.181778800987829,27.710373256621192,-3.867556317551935,,0.5108846234680877,0.4285714285714285,False,2
0.48415207636861429,0.86812315093032777,0.10935703803028977,-0.87334033023287572,0.47179677589735947,0.12117949431148692,0.053604426465456129,-0.15417521549086757,0.9865883479910218,-8.7167854117366588,-10.529710291365117,-0.61837458463696748,,0.3522734332790843,0.352112676056338,False,2
0.65051294651396885,-0.74652674679771414,-0.13975236217443815,0.75949414622048073,0.6397060090227682,0.11808837316596417,0.0012442968038926024,-0.18295911656920288,0.9831197350219758,33.593280621632154,-0.79219475259093419,-1.6926647617477937,0.6421882621083485,0.539610985397056,0.5862068965517241,True,4
0.81584656847561554,-0.54333353192951506,-0.19794708835332883,0.57744086315450294,0.78376879111192044,0.22862312139925806,0.03092614211220391,-0.30082412662543584,0.95317806236510627,1.229907156817468,25.235555761765426,-3.3940941966250375,,0.4036325781496901,0.3333333333333333,False,3
0.0072497054662578331,-0.97472528054618135,-0.22328920537012314,0.99851079986954838,-0.005017685929845174,0.054323156865046449,-0.054070549419508576,-0.22335050994362632,0.97323734278612373,-5.1209064723874684,24.370682409545505,-3.3696647803145496,,0.4087279881972893,0.5882352941176471,False,3
0.34207683833259672,0.93745963151406597,0.064442811529958371,-0.93828422427589275,0.33704162967382956,0.077625088352895444,0.05105047650473156,-0.087019418225591533,0.99489771821042938,-29.492580140211533,23.762521240987276,-3.6177785384373862,,0.07509345240599535,0.2222222222222222,False,1
0.55828678162675749,-0.78374505516108695,-0.2721388578857914,0.8289671877032071,0.51367870047736552,0.2212410323319832,-0.033604630220758172,-0.34911012759075144,0.93647896273290421,-9.1903838577256867,-25.46343179103938,0.69137695132222654,,0.3832993328688101,0.2380952380952381,False,1
-0.45158247884862734,0.8869364243964144,0.097041454419409229,-0.89169071550216517,-0.45241132204551576,-0.014548662215712035,0.030998914241749671,-0.093100884871916229,0.99517400114346855,-2.9559984907434318,33.225837747701256,-3.9910660464145251,,0.2634378599612708,0.4545454545454545,False,4
-0.48067524369544257,0.84689070044066983,0.22743669801823763,-0.8761961401745465,-0.47423445253473301,-0.085918612490592072,0.035094644057938308,-0.24057810693451348,0.96999512391674036,0.57348393935639552,-15.011874385561201,-0.063243576708682456,,0.1289685707499444,0.15,False,3
0.2962681845611137,-0.90027487695838171,-0.3189518909403623,0.95412252627519223,0.26383163801734028,0.14157355556505744,-0.04330551548136885,-0.34626292423338939,0.93713746037080126,-27.053118860611633,27.533702268178441,-3.8637122327408511,,0.6277642004449884,0.36,False,1
-0.46123573052809097,0.86351639721194906,0.20396331197133336,-0.8864742115807912,-0.45825769278252754,-0.064524097884825382,0.037750140217410529,-0.21056903559576801,0.97684983910621348,-11.363017470413796,-9.1603723221206881,-0.78084758032251544,,0.329435060440777,0.1111111111111111,False,1
-0.92870222125410407,-0.36781386570081648,-0.047171436653078269,0.36932945027847974,-0.92885746639635647,-0.028628033057437649,-0.033285753629587599,-0.04400871865850578,0.99847648509484044,17.075860337815811,25.58913012171022,-3.5973021707296566,,0.1497168289883238,0.2380952380952381,False,4
-0.93705068534187241,-0.34591005615078363,-0.047772860015788003,0.34837497962845199,-0.93542554149872215,-0.0601159702632936,-0.023893234799876432,-0.072974580270003947,0.9970475535124762,1.4179635940583108,22.771780731117264,-3.2035661907997208,,0.1262199262128204,0.2380952380952381,False,2
0.15139754772289093,-0.98292098169555753,-0.10461895758482781,0.98688773114642003,0.14431406707966127,0.072291466685893424,-0.055958812140408987,-0.11419191646332962,0.9918814533795185,13.75847459702441,-14.116610527597814,-0.095561670137706667,0.2081973864397825,0.1324482678954346,0.4444444444444444,True,4
-0.99813733764113011,0.061004383479424523,0.00056604149489265787,-0.060571979182566717,-0.98987107939913521,-0.12839891552150759,-0.0072725885752822003,-0.12819403794829093,0.99172244004556465,-17.695375709908422,19.406068882470404,-3.0964233532682583,,0.2391651685208049,0.4074074074074074,False,5
0.92214889257997157,-0.37762777056460634,-0.083896882015581556,0.38659477026845018,0.89199646719988979,0.23427929081333554,-0.013634643912312266,-0.24847448440699163,0.96854247562203655,14.339316445473127,-6.2334108649349593,-0.90285828235441901,0.8041302915179664,0.5808239843810187,0.1,True,3
0.2513815820943206,-0.96430070246593946,-0.083255362634802099,0.96674776783640137,0.24598063686896643,0.069944833039137941,-0.046968644509838176,-0.098069778776306668,0.9940705532927101,11.02258130727107,-10.974902038149599,-0.39672568784300222,,0.0757089473088173,0.4,False,4
-0.99455713149851332,-0.10338208364931532,-0.01297139027921052,0.10299780495407367,-0.95670319047472485,-0.2722323594103484,0.01573417808759757,-0.27208665920218972,0.9621441085014758,3.0365220141443525,-18.753781535726599,0.30984531315019226,,0.6143741086508081,0.3333333333333333,False,3
0.99778475194012495,-0.061282659729458691,-0.025884829770882814,0.065488463421168652,0.97325466846590725,0.22019675626142099,0.011698288529457788,-0.22140412355193559,0.97511197516986803,14.611333130085175,-5.0980102619242542,-1.0094261709254695,,0.1250731744422519,0.2,False,3
0.80118664810365769,-0.56282879291897836,-0.20328232771638141,0.59811558644282725,0.74242996516529225,0.30175402578725341,-0.018912962607089485,-0.36334762512782082,0.9314616487861398,-19.855393993220499,26.049184789683132,-3.602509946412904,,0.3272554145110063,0.3043478260869565,False,2
0.97500827222161079,-0.21255899442571052,-0.06463391515420451,0.22213781225532625,0.93754664184757541,0.26769588477739481,0.0036961420221016533,-0.27536333860749446,0.96133312139189686,13.114781586308233,-4.9343887654143188,-1.0156712590234243,,0.1408592171156721,0.1304347826086956,False,3
0.56365873338736994,-0.78165202822457391,-0.26703733643173411,0.82533412487338886,0.51990205316126692,0.2202849006132189,-0.033352879869996709,-0.3445605344364156,0.93817142544061116,-9.3067076981594123,18.720007294449847,-2.9220044588868062,,0.24253168022556,0.5833333333333334,False,1
0.21184827010093907,-0.97078139897561677,-0.11271107247375717,0.97608690381117991,0.20442237171447919,0.073931388130697717,-0.048730551644160028,-0.12567803843779651,0.99087353582123894,9.5716091115187876,-13.170166056985554,-0.20875063500511074,,0.1251444729761134,0.2380952380952381,False,4
0.99832224949167181,-0.054570243053563609,-0.019359099745698077,0.05729972908169062,0.97919092480173142,0.19468403589687294,0.0083322996257780124,-0.19546667582737737,0.98067494687278567,26.636636661444452,-4.192655672715536,-1.2734273362816222,,0.3390061453456585,0.375,False,3
0.85554390141555881,-0.48641044809589618,-0.17734009341882057,0.51772956560193051,0.80435226840476415,0.29150218732240746,0.00085419686411505533,-0.34120712814251286,0.93998774782039463,-31.61236543620868,17.229484102514466,-3.193979655121375,,0.3768934870256562,0.4,False,2
-0.091567068053924616,0.99451537586641137,0.050543438874885924,-0.99456291573693478,-0.093863645297810563,0.045102358389045943,0.04959918032442745,-0.046138739218775801,0.99770293076368544,-6.6248133743104765,-9.0527361585113955,-0.67373221987659815,,0.07227627930534129,0.3538461538461539,False,2
0.89553465277891431,-0.43085069027830686,-0.11128956985654982,0.4448306624596568,0.86003273178142947,0.24993875649901598,-0.011973612982393956,-0.27333383060147926,0.96184471181208331,14.16987553471694,-3.6863724134292548,-1.1243684701795842,,0.1274006633326188,0.6470588235294118,False,3
0.50679639782259078,0.85126133901430789,0.13605713451934473,-0.86182960122386165,0.49661333542145969,0.10307731824166362,0.020177948566864473,-0.16949727956855601,0.98532406984224863,35.344294052913739,25.308883698552648,-3.9924137419532109,,0.3003085544438789,0.4,False,3
0.576500430532224,-0.81500088767645396,-0.058487662654210834,0.81644062733149148,0.57169165438249425,0.081199472608924822,-0.032740733631382621,-0.094563234906591201,0.99498032089347366,-8.8003125137503879,-20.116779739141105,0.23276882897254472,,0.1335045256415402,0.1666666666666667,False,1
0.87380611940059394,0.48025162043668684,0.076297095396955991,-0.48496229491445308,0.84913597722498102,0.20923590679776755,0.035699274633845562,-0.21983283023723621,0.97488414108575183,-1.6678996425078456,-22.216999744544907,0.53179061304624253,,0.4891601639843676,0.1052631578947368,False,1
0.94338532623911897,0.32896167726004405,0.042524594424519793,-0.33043098220620742,0.92082582725482165,0.20711147205964753,0.028973992388904191,-0.20943736714046945,0.97739270357943431,-2.6529633434789082,-15.538287892553694,-0.080131939975043101,,0.522653671814446,0.3411764705882353,False,1
0.48315277945623669,-0.87319079670594923,-0.064040801460802571,0.87478769238273346,0.47842310111591363,0.076536459118013947,-0.036192332881485233,-0.093000907880843378,0.99500801312046405,11.393874298107342,-8.1614243919192013,-0.68481227703336744,,0.1007805724459777,0.4117647058823529,False,3
0.56710438549049624,0.8088506044880408,0.15541337000650107,-0.82222802877597467,0.54489168154086998,0.16442057074082223,0.048308225517206982,-0.22102885559784721,0.97407010032157548,3.3790939909462172,-11.338767653446375,-0.37735862888065874,,0.7195688183058593,0.4736842105263158,False,1
