axis_00,axis_01,axis_02,axis_10,axis_11,axis_12,axis_20,axis_21,axis_22,location_x,location_y,location_z,dbh,dbh_approximation,score,reconstructed,number_clusters
-0.08873534043780934,-0.98906290778065731,-0.11781597434074008,0.99605304489726787,-0.087863947077032656,-0.012580085648600281,0.0020907195574304763,-0.11846725816239786,0.99295575814595927,-18.393268587940366,-3.3346667552452405,-4.4793916944873713,,0.08826296847962449,0.2272727272727273,False,2
0.89035179986225532,-0.43968697110065863,-0.11810605372448685,0.45036199633056101,0.88859626601880792,0.087010046997940751,0.066691414313945235,-0.1306600300848004,0.98918158686615509,7.4438895547632855,23.301650636731171,-2.6299486462669091,,0.2924842815178998,0.3714285714285714,False,5
-0.60872782631041611,0.79332773943192658,0.0090294697090010367,-0.79030693597487767,-0.60533079170317139,-0.094813393389400993,-0.069752278997874048,-0.06485160340224301,0.99545411200655642,-0.27796596347855851,14.119192551068362,-3.1135684787312181,,0.07411937059746718,0.5,False,4
-0.42181892824338424,0.90585560270794641,0.038657713566974575,-0.90555077319667843,-0.41878305424219092,-0.067812614184095982,-0.045239241135338309,-0.06361116664710699,0.99694886054365583,-4.7688700976350056,17.282802772877332,-3.3638461446479915,,0.2945825053037548,0.4393939393939394,True,5
0.16071080411957581,-0.95105015024849182,-0.26396145391242259,0.98670377449152402,0.16137896117146597,0.019300059466165833,0.024242500766594732,-0.26355349097202113,0.9643401155987662,20.977541640745361,4.058150505780322,-2.2473561083302847,,0.4930347285681823,0.2083333333333333,False,2
-0.98603804733128964,0.14662849149557428,-0.078924360604501004,-0.1298191151515497,-0.97372060678362682,-0.18712342789237724,-0.10428790225316466,-0.17426492879135885,0.97916074678112808,8.6610352385753622,6.6270130458080088,-2.5919652211513133,,0.6159355204446164,0.1153846153846154,False,2
-0.91781590661691181,0.38793199383058391,-0.084396266052506094,-0.37643220775116204,-0.91790711973826233,-0.12548032714889834,-0.12614576698630595,-0.083398367468653381,0.98849985218764769,-6.2603356985557657,-16.044431886814699,-3.6435784060502852,,0.4578974004854956,0.4545454545454545,True,4
0.39971367625109588,0.91657617181896756,-0.01082119547559339,-0.91629294198269995,0.39985932172010413,0.022798405782581327,0.025223431378845251,0.00080255045008155446,0.99968151649525472,4.009591339962248,-11.182644720905103,-2.8934004009077747,,0.06951027313504018,0.2,False,2
-0.98264775353559408,-0.14678347201060549,-0.11339314272019117,0.15877014391420322,-0.98170639947277039,-0.10509322830549818,-0.095892824929256687,-0.12127307029476965,0.98797642104878491,-12.866938049980961,-5.7959403863711794,-4.0744943981882669,,0.2349509113434135,0.5462184873949579,False,1
-0.3990669707226287,-0.84722436919527588,-0.35065142395252058,0.91656992894901024,-0.3791847292630508,-0.12695868005029046,-0.025399177637667535,-0.37206156659264411,0.92786048112847042,1.5070657895001824,18.163427567469071,-2.9981433038138592,,0.5541259994229287,0.1818181818181818,False,1
-0.79159228692298855,-0.57190255727857531,-0.21519553030269709,0.6019454755759871,-0.7904062921770294,-0.11366414439285058,-0.10508708635047193,-0.21951163583096506,0.96993368124690971,21.782814147549981,1.6388075926775822,-2.1184248644374666,,0.2019472608627718,0.25,False,2
0.29957729235514985,0.94134152954160633,0.1553369584658657,-0.95395660450258157,0.29301159070840782,0.064117115003978195,0.01484057381175072,-0.16739274915837132,0.98577858817187747,-1.1215356659402222,-16.964948556551715,-3.2641665108743689,,0.121437832394781,0.5,False,1
0.99266097922170471,0.068950637662603745,-0.099347822807187208,-0.062968293328095684,0.99607872986869694,0.062146262466151563,0.10324327758239199,-0.055434406906588393,0.99311019135086986,5.8791293506222733,-9.4161381089034464,-2.7760613286234967,,0.08635607681352626,0.2777777777777778,False,4
0.66938535904562413,0.74246272432355032,0.025929598635765536,-0.74067776015811837,0.66425574369715656,0.1008006079966258,0.057616809201075841,-0.086679928215176366,0.9945686971457014,-4.4077588559399361,-7.3116255089663973,-3.4786487190210691,,0.3538187212603536,0.2933333333333333,True,4
-0.43382594286314002,0.90002880100183746,-0.041751750455531825,-0.89869713304808052,-0.4355625106306672,-0.051271457793486047,-0.064331285935124161,0.015279289914898589,0.99781161997123913,23.89064244911976,0.1333983334686176,-2.0586601634176986,0.7178694592980487,0.3823172433659472,0.6458333333333334,True,5
0.096585689996221261,0.99082645704083216,0.094520561339145603,-0.99532032469957932,0.096429469840823484,0.0062296537739544725,-0.0029420618415524598,-0.094679931211059748,0.99550341782335972,-17.547701833868867,-5.8456884206357449,-4.4469617300674074,,0.1586627037621168,0.3684210526315789,False,2
-0.98131445011037532,0.17658442551701597,-0.076419177366650132,-0.16494889529902815,-0.97654462012752652,-0.13839243779778379,-0.099064685656394535,-0.1232012401106773,0.98742475282473519,-0.73134920505996504,-15.698416202096084,-3.2429077247485449,,0.4273844577461385,0.8,True,5
-0.94596710659389605,-0.27609354573074396,-0.17005465958978327,0.31158301117814469,-0.91916792292768945,-0.24092811501764561,-0.089790090697870167,-0.28089621476022275,0.95552867887146431,19.750153066561239,-1.4022399800684986,-2.1274724420984601,,0.4284505564665991,0.1,False,1
-0.53721991436309158,-0.82398190630859292,-0.18013489858372403,0.84250282326714987,-0.53431739441607196,-0.068512150829615204,-0.039796437008770655,-0.18857025242724645,0.98125302725695063,0.87318646854197246,-4.7931641892030363,-3.1070267600730475,0.7613681920715354,0.2271156756256799,0.5276381909547738,True,5
-0.83407412064298403,-0.54152642019834418,-0.10521167948854664,0.54835975862717035,-0.83468386904055669,-0.051033458454619603,-0.060182525636483998,-0.10025953815300567,0.99313951115508503,-14.585235030911251,-1.4923642134010693,-4.1783249590695517,,0.2826244342000869,0.8318181818181818,True,3
-0.94333336306680182,0.32992442411769712,-0.035665676717018945,-0.31009196483846341,-0.91465951203703522,-0.25930860067262079,-0.11817419120813956,-0.2335548145741761,0.96513574647379197,17.220342888389705,19.136202892428734,-2.4601771805374097,,0.2803727532234513,0.125,False,2
-0.90294129295418335,0.42728108534465076,0.046129118622892942,-0.41865368126548941,-0.85026857612156637,-0.31901793620901286,-0.097088190018567583,-0.30736659312114784,0.94662540679617146,-4.6402424246231408,10.399773347319602,-3.4103596188824081,1.104362044288198,0.4038061685353979,0.4727272727272727,True,1
0.34820104763488396,-0.92213319975315111,-0.16860128213920583,0.93608862515031432,0.35161832688480382,0.010131044513017539,0.049941128242789873,-0.16135338270933786,0.9856322689513014,-12.775861337370396,-1.1973067677348381,-4.0444678227491231,,0.1565027897149019,0.336405529953917,False,2
0.060483599010689879,0.99806967679842773,-0.014094484956722844,-0.99801673158750515,0.060221546671326155,-0.018329451380386622,-0.017445277931485381,0.015175162997295086,0.99973265261563682,3.7170420002922313,11.195070875259775,-2.9190967517860029,0.303964554488789,0.3247353845431371,0.898876404494382,True,5
0.99064629095286227,-0.086556171435931195,-0.10548912459438588,0.092847896986269732,0.99408956291709338,0.056260189517354023,0.099995971151657814,-0.065528391447183199,0.99282769686778027,-3.8376183307709497,-2.5672811253476979,-3.4185682814166936,,0.118277976919416,0.292358803986711,False,4
0.79187083906000466,0.60970026917721321,0.034729756861174715,-0.60590090213940861,0.77728399053806463,0.1694511576822976,0.076319532447816724,-0.15522622142683837,0.98492646890440061,3.2812940058504849,-20.527423765076826,-2.9411718876644786,,0.2733910910684028,0.4285714285714285,False,3
-0.090889672682544942,0.99378010432893427,-0.064344165544609977,-0.9956111139542706,-0.092124246450321856,-0.016481292021454083,-0.02230643786882822,0.062563787097111759,0.99779165930251734,-2.2657066326920927,-13.859885625028845,-3.351005369188516,,0.08170522400567232,0.4193548387096774,True,5
0.49351350793783261,0.86766572035420575,-0.060005126490245336,-0.86894984345829818,0.49482806794691775,0.0084470542627662973,0.037021440229852751,0.047972709889435097,0.99816232751450307,0.19108717210495374,-7.6877815829249023,-3.1634303303915154,,0.065755604731324,0.358974358974359,False,5
0.66090774359464721,0.74881986902292386,-0.049696661991771404,-0.74749736667030742,0.66273282009781964,0.045087647822300243,0.066698135488101357,0.0073493483849269292,0.99774613294200687,-1.7082681709922647,21.441225450100681,-3.1320365964765422,0.2236121922300407,0.1835668937026033,0.3529411764705883,True,5
-0.15331598335026306,-0.98006818024892928,-0.12633515469929257,0.98816817286085246,-0.15150954016866658,-0.023843686433178319,0.0042274571773639746,-0.12849599721949112,0.99170101709355019,2.1641467012632889,3.3053129155837464,-2.9846623416357487,,0.06734148864915157,0.141025641025641,False,4
0.45712478802614587,0.88926365752223768,0.015718638052474379,-0.88878380334572771,0.4560762887936286,0.045362646643845789,0.033170454961532307,-0.03470686114306594,0.99884691254828517,6.3870300645035201,4.1199773133268982,-2.6773555777970026,0.562079835992841,0.2669848056055519,0.2307692307692308,True,5
-0.60438278285681302,0.79497285741664192,0.052341262471147107,-0.79466628942644291,-0.59685763280506454,-0.11075402751838476,-0.056806163710134333,-0.10853166419600342,0.99246860788207436,14.519839984120745,6.5509623694087837,-2.4252830833862475,0.4629569836637031,0.2959494897275291,0.1428571428571428,True,5
0.36055167569844127,0.9327085284911304,-0.0075690178329125696,-0.93251677265930111,0.36063103555681181,0.018913616848758169,0.020370514478681545,0.00023889983341032761,0.99979247099922786,-3.5217131379919042,-4.3825816841349958,-3.4010558859899787,,0.07377510010315998,0.3012048192771085,True,4
0.36942198415734245,0.92819044380441651,0.044608268868149045,-0.92918765863747588,0.36836050348371613,0.030345255132045768,0.011734251448563486,-0.052659657266107426,0.99854357333045718,-8.1796451520571427,-7.9537383804555679,-3.7657067468354302,,0.1244725551771937,0.2432432432432433,True,4
-0.26163060073084993,0.96093322280054105,0.090314838644493634,-0.964256587741806,-0.25617086431681102,-0.067717953835795999,-0.041936401344696436,-0.10480376707611444,0.99360832758633433,11.461253491284511,-3.0298669651371961,-2.4048422276281389,,0.5231107508948114,0.2325581395348837,False,5
-0.36815875256653902,0.92772542014322179,-0.061519734465718318,-0.92817578351019692,-0.37058938655652207,-0.033959114783702289,-0.054303294687172793,0.044598782402025638,0.99752799499280964,2.8568274761233314,-4.8475331672026769,-2.984930481970772,,0.2003662891747635,0.7479338842975206,False,7
-0.38007232287065934,-0.89126035679745397,-0.24738634923733249,0.92463430933502899,-0.37316022946663491,-0.076176355550402697,-0.024421781020934473,-0.25769443056783803,0.9659177796614381,9.7009113470659045,11.328462456937165,-2.6063058795850078,,0.369108950717732,0.3461538461538461,False,5
0.78465266569251602,0.61919806939994815,-0.030231524490275816,-0.61465340034742322,0.78339373965471604,0.092170744334357152,0.080755133972890455,-0.053740110915182285,0.99528418495213944,19.933722875964623,24.873152632883098,-2.3021957901776173,,0.215106594178907,0.2666666666666667,False,4
0.98156677365097333,-0.1744449557754883,-0.078074491794105236,0.17835849158122677,0.98287685794812885,0.046274513405155475,0.068665255735992498,-0.059346773412734637,0.99587300552842051,-10.289576793078156,-13.082340035289127,-3.9340324807485398,1.033011719578274,0.3142381513617805,0.3846153846153846,True,3
0.89033302566834227,0.44961856658863469,-0.071765228230917147,-0.44785552661910355,0.89321416978156221,0.039923353793974103,0.082051999859720615,-0.0034046262959191026,0.99662223426873464,-16.009657620640848,-7.5873034738786478,-4.3331527943389725,,0.2227704647259006,0.1875,False,1
0.59308566929504647,-0.79435879798277331,-0.13131446586042766,0.8021465612840929,0.59701872315975402,0.01138149448890639,0.06935620445894243,-0.11208364851333044,0.99127542723452433,2.2414443104807869,5.0680139907101598,-2.994867981180878,,0.07878734217037618,0.4186046511627907,False,5
0.052912156867475711,0.99743530929889845,-0.048198624663397124,-0.99852129985082239,0.052243610510354851,-0.015027272043413843,-0.01247066156449185,0.048922478725568548,0.99872472367288989,13.084861193655607,4.1878231893337281,-2.4107829737020596,0.0818931411916567,0.1450045669615272,0.3809523809523809,True,6
-0.93979915488923504,-0.29985006124862607,-0.16391305389954547,0.32930085901630896,-0.92281758843504336,-0.19992159144537786,-0.091315347672782474,-0.24186285213758391,0.96600407247344078,4.6650342172996924,-10.260688325784868,-2.8400711584418161,,0.3055319893644168,0.375,False,3
-0.89033821377884781,0.45478397172277119,-0.021665736755378723,-0.44780286160119753,-0.88328583685996898,-0.13884785754329779,-0.082282818539900937,-0.11391957455436272,0.99007669819387401,14.102121729429374,-2.7603606149127429,-2.2753690447144397,,0.6161283718888544,0.1818181818181818,False,3
0.98732048061344224,0.1458677816060362,-0.062616761738168006,-0.13213612432136307,0.9738075664486725,0.18503747776232399,0.087967682762308236,-0.17441735526216112,0.98073455785588703,6.7293563000666428,7.837945156229873,-2.7194153354946398,,0.3283836605566842,0.1395348837209302,False,4
-0.85465001048175593,0.51908844751323735,-0.010979218634810398,-0.51333588115914086,-0.84797122592233853,-0.13202678941159801,-0.077843642631253082,-0.1072006700821555,0.99118534272649239,18.169501269767558,13.626559625403342,-2.4212224852566671,0.4635066175570576,0.2445946756432629,0.6333333333333333,True,5
0.10797125219826995,0.98815698842693978,0.10903199035942925,-0.99414150142906355,0.10786889423740714,0.0068539618007522679,-0.0049883699847506173,-0.10913325743786845,0.99401461170643501,-12.851323811077922,-7.26893161744478,-4.0940763347149112,,0.4979529933745717,0.28,False,1
-0.71021163483595695,-0.65262735381890591,-0.26396395737101852,0.69444699992255465,-0.71099635578560549,-0.11057823636751817,-0.11551102995904633,-0.26184292831184108,0.95817299213183782,9.5441297935674765,8.9880577215170927,-2.5490824443790641,,0.2228076322546096,0.2068965517241379,False,5
-0.37451003239058001,0.90248315773545196,0.21275898486939265,-0.92560142318812944,-0.35031612988858418,-0.14331997255091181,-0.054810957215835759,-0.25060478675343051,0.96653660035476774,9.6587234188178837,-8.0758405534259108,-2.5203378828918752,,0.2851588935425396,0.3846153846153846,False,2
-0.88809535298891817,0.45965911659814279,-0.00037487025023395792,-0.44950309913189801,-0.86864308805695623,-0.20834142516958662,-0.096091663896034157,-0.18485854618894568,0.97805608736442184,19.689399300573136,-0.4925045604007271,-2.1269374861324204,,0.2837462925954845,0.3461538461538461,False,1
0.99446430438522204,0.042975942014956962,-0.095884387214719397,-0.043436565354843214,0.99905248184023054,-0.0027209040866927369,0.095676601600337183,0.006870730441633042,0.9953887587115936,10.004162580947188,2.3031399977315705,-2.5032692428083307,0.4388194651027869,0.286427986764395,0.8642857142857143,True,5
0.6325881559793789,0.77188887341843648,-0.063401829685145739,-0.76808346082714218,0.63575741703743793,0.076552621677400498,0.099398300379872365,0.00027161498504598564,0.99504768936312327,17.384200117249801,0.92227554042623794,-2.2108079116458108,,0.2582319697508611,0.24,False,3
0.60482381993580359,-0.72684476265111564,-0.3253995049856494,0.79297210012317276,0.58732720953296347,0.1619938189205597,0.073371624382367134,-0.3560104492130331,0.93159710432494724,3.3805790075742492,14.102879254206446,-2.9193573759409657,,0.4140119096433189,0.1621621621621622,False,5
0.56060804125249919,-0.74524416227598578,-0.36101213646718339,0.82517946159743627,0.53922512203171147,0.16827098361764842,0.069263845119955397,-0.39223386692565182,0.91725411604186813,-3.8219878463983785,15.607101220471847,-3.3158235108599139,,0.454247516278927,0.1923076923076923,False,1
0.37656600152658615,0.9263398328488256,-0.0096208404980437368,-0.92610025239674132,0.37668763739404881,0.021089010056929793,0.023159641728036647,0.00096845862021512075,0.9997313104444262,7.5732211055869465,4.9843534339897975,-2.5853410417369567,,0.1846635527424252,0.2,False,2
-0.51824371386433898,-0.77770836115446784,-0.35579932269543368,0.85437388375215639,-0.48943545501463093,-0.17463734462273028,-0.03832388031442549,-0.39449035522437459,0.91810056084973191,-23.686457787995462,3.3006580031402568,-4.8161581750469651,,0.2155218685826087,0.3076923076923077,False,1
-0.057277102350495143,0.99833518130238885,-0.0067970081843682917,-0.99812458419050887,-0.057409678032131067,-0.0212471951742224,-0.021602036497870888,0.0055672831951072282,0.99975114772475793,10.450298867422438,-5.3643501039912831,-2.4769985872325466,,0.06013093047135869,0.5,False,1
0.96408675766748797,0.24950033199576485,-0.091029160295984457,-0.24882825850770937,0.96836432623364632,0.018842225082908511,0.092850532891360263,0.004485087742446655,0.99566995662705982,-6.4042367553318513,-3.8757948432432592,-3.6032033555689784,,0.2600319340150844,0.8217562254259502,True,3
-0.75239144393813051,-0.6461768687017746,-0.12791625949605659,0.65544621269078707,-0.75373035969175484,-0.04775779672722559,-0.065554384735092189,-0.11977478546716333,0.99063445498745706,-15.380229299440201,-2.1082247790083408,-4.2441736171293956,,0.09348269549725158,0.288135593220339,False,2
0.96372671656437359,-0.24557225381251038,-0.10452312632856117,0.24748000740582904,0.9688774547643092,0.0054884955903768892,0.099922278369055789,-0.03115679391206469,0.99450731142544091,9.8531066441088626,3.4846816506188043,-2.4750820266746762,,0.06596285980651537,0.1111111111111111,False,5
0.18971006130272663,-0.954312145519433,-0.23086450908403852,0.9804264107147419,0.19673926034197048,-0.007597145062723484,0.052670160561035823,-0.22490440714710974,0.97295624867322972,18.982749341084503,2.6029097527109055,-2.224670626069094,,0.5266596782749275,0.3442622950819672,False,5
0.90753560527739607,0.41487137898405901,-0.06527529435902131,-0.41129152395138768,0.90941297641732899,0.061703489767766781,0.084961211617637006,-0.029150938640820516,0.99595773770618568,-6.7099741786322946,-21.450939280147331,-3.7035758974545474,,0.3830133791262477,0.7222222222222222,True,3
0.59520277301745761,-0.77105029099777866,-0.22630755123187724,0.80190345511549699,0.58808158258485077,0.10540825820742994,0.051812234714936775,-0.24421609483557241,0.96833568113392676,4.7946904608956533,5.8844664897697596,-2.8083077902063098,,0.4244925141828267,0.4,False,2
-0.99330128161550835,-0.035907804602294445,-0.10983257034974336,0.052068227962687778,-0.98761418231669618,-0.14801056220333997,-0.10315746981102955,-0.15273786843990791,0.98286808879249887,10.703353691549237,9.9447112995353617,-2.5289005627845098,,0.4253709477010073,0.2307692307692308,False,6
0.80738577144870272,-0.54771630756654188,-0.21939704302441471,0.58071921627210632,0.80344964597270285,0.13127779034798384,0.10437148995053153,-0.23339989891174362,0.96676319710335168,-8.7130957713837631,-5.4297305684209674,-3.7770824801407339,1.082119985720992,0.360911174195927,0.2676056338028169,True,2
-0.9949805091623487,0.0043948047344605943,-0.099972356571109394,0.004936523740354421,-0.99566315223886803,-0.092900581306701729,-0.099947071594899614,-0.092927783601612635,0.99064373511091153,6.7671903241697073,17.912067245865124,-2.7723363855980017,,0.492590374953601,0.900990099009901,True,5
0.7767521500655088,0.629750788613475,0.0083690865281393079,-0.6222265948348501,0.76528065900715525,0.16486229899465044,0.097417462750969283,-0.13326461342111981,0.98628108608088139,9.6526090374474691,17.969740279888239,-2.6323420168360543,,0.3524982428427536,0.4,False,5
-0.99048841278275257,0.1079057086939003,-0.0853760046756077,-0.10187903677618448,-0.99218341395508436,-0.072060633760667792,-0.092484409543766216,-0.062677197637573165,0.99373950454213111,9.2753094059795949,-13.90992277895152,-2.5459176885386858,,0.951884875918239,0.765625,True,5
0.74096407258595864,-0.61804716285772465,-0.2626593756566607,0.66616907750442544,0.72586747216131164,0.17127513840324116,0.084799783689181424,-0.3018842780630755,0.94956562666547872,19.787189688307048,4.8609954364859638,-2.3191642367289567,,0.4504867183864917,0.2916666666666667,False,1
0.59719788593505962,0.79865331698456199,0.074212965876944606,-0.80071076968080446,0.58817941690994657,0.11361002086369347,0.047084481008815071,-0.12727078530845931,0.99074981647997229,-13.287992078914716,-12.287538409692607,-4.1834959804559517,,0.5315964924615358,0.2222222222222222,False,1
0.29402851846820532,-0.94527442539718032,-0.14143369830921509,0.95475436480950127,0.29738315941029964,-0.0027128170511382379,0.044624356629499928,-0.13423679521345194,0.98994401336955629,-17.577290248451959,-2.6270808189145938,-4.4128895205691521,,0.09833921552377214,0.4324324324324325,False,1
0.85162648404411445,0.52309700968630446,-0.033194127973279496,-0.51839640102187279,0.84994580735404657,0.094113208259244921,0.07744354771205797,-0.062941584175524617,0.9950079667516466,-3.6332291088076909,-15.677084329336299,-3.4585215312331208,0.112473402134618,0.1367490532774085,0.2162162162162162,True,5
0.49852898886379787,0.86364886695426857,0.074695929414173176,-0.86640483557887982,0.49357495548436087,0.075673140572764239,0.0284869820790754,-0.10244216869638663,0.99433097805751147,4.0566909737320254,13.243142196489467,-2.8829423271500554,,0.4649993341257551,0.2173913043478261,False,2
-0.61730259608520133,-0.76582317761921681,-0.18014540096176934,0.78600941639359634,-0.61012390124753502,-0.099689630689886538,-0.033566385075981107,-0.20313464930359268,0.97857529707490432,21.800955158743019,-3.7789335233456804,-2.0445187693593052,0.5731175455202083,0.2853090285961873,0.3225806451612903,True,5
-0.99539974664067588,-0.023606672737474022,-0.092855098890386692,0.028649163687808721,-0.99816470047289219,-0.053352189738094941,-0.091425214288328838,-0.055766977075383327,0.99424920138776374,3.6302277828358642,6.1859840878052612,-2.8995204829215471,0.2492987334911858,0.1868172180793603,0.6989247311827957,True,5
0.88186183322129541,-0.45225776391410188,-0.13335149825551695,0.46528786212200562,0.88048654141212246,0.090833120358439379,0.07633421558847657,-0.14214909557057986,0.98689752363604433,-7.6435992881136086,-14.363964088098639,-3.7483930054289023,,0.1443051723657582,0.3703703703703703,True,4
-0.92954375182293436,-0.34320285429964442,-0.13475983914919987,0.35605003224388482,-0.93047949589745238,-0.086233881123079406,-0.095795553059992294,-0.12813941046765362,0.98711878895041327,3.4831901283974043,4.0844017883247625,-2.918985602247901,,0.1453129864055726,0.2,False,5
0.99755161329353681,0.046555017742239968,-0.05218629263017098,-0.036489073489412764,0.98308047886183569,0.17950297935317933,0.059660089937464605,-0.17715925717783826,0.98237226714970416,3.9376139871308347,20.40274610733406,-2.8579131053802076,,0.3242710455954255,0.2608695652173913,False,4
0.69013521108907405,0.72291133344951974,-0.033355575025444777,-0.72199814377419702,0.69094009340856488,0.036338240287319218,0.049316029865092169,-0.00099563587840242884,0.99878272807830648,-10.803045691812393,-10.2694105449778,-3.9878463130491788,,0.7751889817573187,0.4594594594594595,False,2
0.87219589110673967,0.48813547658129786,-0.031592468078160907,-0.48262301183518735,0.86927005466086271,0.10697943969302479,0.079682846232129345,-0.078059775637968509,0.99375918382860617,-18.221439660038435,-5.0823281254869555,-4.494617221550798,,0.1170472066911522,0.2962962962962963,False,1
0.6401171691273182,-0.75742929612420429,-0.12865018912236845,0.76164963346090664,0.64758242736912874,-0.022952899851075979,0.10069680053157067,-0.083293824113794657,0.99142437594967647,0.21958752710436311,3.9795346052833005,-3.1184115218739943,,0.2777493842185327,0.8654485049833887,True,4
0.69748578705919817,0.71645203341110597,0.014493469960778826,-0.71420647282858285,0.69336403136407232,0.095684033047933728,0.058503769281707828,-0.077089583159171193,0.99530623686791964,-1.2058729380410609,-4.4651534084322737,-3.2413444965327716,,0.193337459332507,0.2764227642276423,False,1
-0.50200419542849795,0.8628473948844293,-0.059043720354848041,-0.86284715153464864,-0.5043253413247083,-0.033922605829459308,-0.059047276488679634,0.033916415477933171,0.99767885409103407,-4.9091200631141723,-18.102067302119533,-3.5591818259847541,,0.09224470993651272,0.25,False,4
0.69034325964933252,0.72041859462019575,-0.066507385922139575,-0.72110149914348132,0.69260942352599153,0.017458933988581532,0.058641382911374419,0.035905918292889014,0.99763317569224097,-6.7017123213006986,-5.5731658896839109,-3.6322679176700574,,0.07746197645565525,0.3142857142857143,False,4
0.89619100117552031,0.44366423819319911,-0.0019321388321719146,-0.43586810560881961,0.88123933153834288,0.18285577667340211,0.082829245589933154,-0.1630315438751116,0.98313784983424379,7.8199487375694883,15.308211961418076,-2.700218293933025,,0.2138538778199833,0.1875,False,1
0.46371381058583311,-0.84802882799888279,-0.25654747855866344,0.87879294244433548,0.47706534621814739,0.011472565004649351,0.11266084582494769,-0.23077210039474258,0.96646353862802614,-9.816736744673042,-9.6559551642345323,-3.9139906811925842,,0.1876475216336138,0.3888888888888889,False,2
-0.54920158950567499,0.83173607811285666,-0.081195507572059067,-0.83073905164167527,-0.55392524735877813,-0.055131192767855206,-0.090830843670694147,0.037174140258526972,0.99517226706440609,-10.377272479721407,6.71830255040478,-3.8066543858420463,,0.3429158568215689,0.9496598639455782,True,5
-0.08816394759239668,0.9943184448889657,0.059648541461746529,-0.9957904800631816,-0.086470838007959933,-0.030399243242861296,-0.025068668900893484,-0.06207756702537337,0.99775645200206409,-8.9461405220024375,-22.117012106464696,-3.8840839291171987,,0.1468816116052124,0.4375,False,2
0.41390299410392795,0.91024644932361032,-0.011649590789555228,-0.90851160221591842,0.4138529397057657,0.057727055493596392,0.057367064687579773,-0.013309612716224495,0.99826443094927286,-2.8087397367005611,10.516247415514103,-3.3048067469745934,,0.1834444052648506,0.3076923076923077,False,5
0.31537175342390533,0.93767647477501337,0.14595713684447112,-0.94856767849573731,0.30701942506344765,0.07719087994651655,0.027568395955134412,-0.16279404561351163,0.98627485127485992,-1.93943389036543,-8.4148734996127654,-3.3205617535997898,,0.4075109578149386,0.2589285714285715,False,4
0.63855222209614837,0.76807645094237886,-0.048058559735295346,-0.76784794369340748,0.64005836918944636,0.027107552385858769,0.051580956000031764,0.019592078458035463,0.99847661737259374,-7.6819515058705745,-9.7748448551940541,-3.7253494722820339,,0.07330958077671453,0.2826086956521739,False,3
0.75866674930224998,-0.58742300331138131,-0.28170725706625732,0.6398540171353061,0.75318777688876515,0.15262702742689935,0.12252183584556844,-0.29604457084364416,0.947283490732861,8.5760261479038338,-7.1794039834883314,-2.6017443312055231,0.6171924296513899,0.3737566696173973,0.1111111111111111,True,3
-0.97635590900730174,0.21211699011867713,-0.041659590126617942,-0.19121532118699128,-0.93734606915781848,-0.29123709856016178,-0.10082578980538927,-0.27638511019477624,0.95574339180176404,-2.7228586768547323,19.178191548043291,-3.22676204904685,,0.4117852050040239,0.2,False,1
0.83556376324027803,0.54872192555119725,-0.02715595660498106,-0.54537795238911158,0.83440800083938182,0.079537269145266765,0.066302990940117851,-0.051648199916481757,0.99646192944727296,-13.770445987430467,12.951542092323423,-3.9989540614651187,,0.4752079993178795,0.9459459459459459,True,2
0.58226622761172353,0.81202359135976143,-0.039796070886567121,-0.81169191232813143,0.58340752717322142,0.028140659173668706,0.046068206432575816,0.01591679342150424,0.99881148173379719,17.910858852413735,16.965225256211195,-2.5137555316967668,0.3100810752955729,0.2303616412037874,0.6086956521739131,True,4
-0.57133909367509061,0.80899812739493915,0.13817984625121046,-0.81837994878450526,-0.54889230019954194,-0.17021017069824726,-0.061853855708408997,-0.21033134015913546,0.97567147538547316,-8.2330761127064616,-19.211383269685015,-3.8183869983942604,,0.2174149833143124,0.5714285714285714,False,2
-0.97194042780121803,0.21207357768581434,-0.10176739386033611,-0.19812476121876973,-0.97127159639350202,-0.13182588907807005,-0.12680056702393455,-0.10796427041737972,0.98603515784968432,12.855001663580651,8.7229519186916633,-2.4521045856094918,0.7005752539426215,0.6855474147629177,0.6461538461538462,True,5
-0.72483773302399135,-0.67619951424892921,-0.13177434391471171,0.68606121338412951,-0.7259087514200665,-0.048749318986577792,-0.062691883641636872,-0.12574061213971921,0.99008031299697674,-4.8199595824253496,-14.410618317105035,-3.5301940528024192,,0.0914704363602212,0.2666666666666667,False,4
0.71825042240398884,0.69437235926638186,-0.044309789023769038,-0.69344649333488328,0.71960018107587009,0.036159926398282895,0.056993785609012193,0.0047545854092773121,0.99836321162167241,-3.2870246670964738,-7.4074158790612037,-3.4057306794007047,,0.09405737285095499,0.2142857142857143,False,5
-0.75946961023500992,0.64970134604204155,-0.03307676043148685,-0.64342307836094914,-0.75768797670422017,-0.1091589308778033,-0.095982568011082431,-0.061620539668400753,0.99347383243292997,-0.80195809710418176,11.027036249747127,-3.1655484953948974,0.1180366373487586,0.1885030542910543,0.3103448275862069,True,5
-0.80117683218967839,0.59300578450481023,-0.08037302474303909,-0.59181587252130152,-0.80505599058438815,-0.040482404276902563,-0.088711084957636438,0.015132467347487175,0.99594244403861742,-3.2791747663968391,-9.3714073361296535,-3.3980150653400161,,0.07110647563248723,0.2307692307692308,False,4
0.67817457543741855,0.73451399884318991,-0.023841785454628284,-0.73282290514236392,0.67833898167309581,0.053167806437862952,0.05522531058295637,-0.018585248077294871,0.99830093339880355,-14.225702186406206,-13.761747962026554,-4.2788498471208163,,0.1982920687096623,0.6111111111111112,False,2
0.0012937562949820671,-0.99198372628981757,-0.1263590636670654,0.99987078948146546,0.0033078525479462864,-0.015730939362655284,0.016022812997713153,-0.12632238474510107,0.99185983111322285,-0.66518817804746844,-10.153203201521933,-3.2240748176210339,,0.08993277082686543,0.1428571428571428,False,1
-0.97740529120338016,-0.17630190477860716,-0.11660418131041056,0.18860925146887783,-0.97646783810861693,-0.10458064543611267,-0.095422465845238974,-0.12421030356181892,0.98765700195011796,-6.321574897723921,-13.079550101305355,-3.6456473525671353,,0.131386459893871,0.6666666666666666,False,5
0.45226873938028844,-0.8688568554944337,-0.20134734177457997,0.88934766519297892,0.456346981350022,0.028428208324114846,0.067184207929849665,-0.19192497824162313,0.97910728979606265,-1.2504257547888253,12.364674031854207,-3.1879145974199723,,0.3321710287837359,0.4107142857142857,True,5
0.97234622637013701,-0.18945782594360525,-0.13655968750870912,0.2016480676192661,0.97604776504451574,0.081662826163567265,0.11781711628269304,-0.10694153795568716,0.98726016559491658,-6.0088797173943815,-9.7202677132763746,-3.6058199162500539,,0.3965247471576086,0.2558139534883721,True,5
-0.7172664990629336,0.6967869992814173,0.0040800679408003748,-0.69210588255741523,-0.71174492251812149,-0.12003588046536398,-0.080735473315170253,-0.088921554766390132,0.99276116989259,-9.4063150029148108,-1.1946376682631865,-3.8043681764674182,,0.3064525542803613,0.3392857142857143,False,3
0.25269136421379562,-0.95240906100405387,-0.17048183178610943,0.96707310447045158,0.25412974918716774,0.013699678388564326,0.030276807322662795,-0.16833018474249875,0.98526558036039336,-6.6414498404585878,-14.819396655513634,-3.6874756069325665,,0.5794994277736583,0.8930817610062893,True,4
-0.56443227946740782,0.82498772315004887,0.028486111474276737,-0.82414840092183195,-0.56122773514017255,-0.076176391142006875,-0.04685739166037297,-0.066473197313890037,0.99668736265975366,8.2907269872737892,22.02427579948861,-2.6262515369736956,0.4546360427528875,0.4192689619371818,0.5,True,5
-0.99098413451669132,0.10265012523160802,-0.086101085510800299,-0.075755656333644936,-0.959356945702172,-0.27183695713875478,-0.11050577211015541,-0.26286346745589001,0.9584838401388952,22.635184876653398,2.5320331770970688,-2.1250914019833314,,0.4189554873256069,0.2666666666666667,False,5
-0.55172838829461879,-0.80913699082100687,-0.20222046294810864,0.83205483764601151,-0.55065239934352506,-0.066833242081220184,-0.057275934734324102,-0.20513231140496557,0.97705690833132353,-1.9301726101190892,7.6094317778418104,-3.2456129526957302,0.5211024411932774,0.2431214683303247,0.5672727272727273,True,4
0.74497009529081071,0.66423305763413609,-0.061757608991991557,-0.6639728420854466,0.74724636399818667,0.027621304539519595,0.064495132338616132,0.020428329287951956,0.99770890607788398,-2.4424532092054294,-6.8478181502647812,-3.3302361368100608,,0.06973354833472874,0.2741935483870968,False,5
0.98056218334771783,0.17893734169186673,-0.080493678861174658,-0.1714082552265023,0.98085947552020247,0.092379106525450658,0.095483059379997237,-0.076786177339950912,0.99246504640765798,-13.488938598514546,-5.1456279840346175,-4.1157476327232541,,0.06596600450639295,0.1304347826086956,False,1
0.58940989461745952,0.80747223782424293,-0.024177701920270765,-0.80613961072818041,0.58984755955013912,0.047103975498502634,0.052296310979396639,-0.0082729460203267713,0.99859734338826056,0.92670947337031029,10.379584703823889,-3.0618527829829025,,0.07719715249701035,0.4878048780487805,False,5
-0.1667978748742828,0.98469475667871575,-0.050544090721549653,-0.98545962402676446,-0.16817170079875193,-0.024240636614644942,-0.032369713474964382,0.045765873966310516,0.99842760700495881,-19.715021895130892,-4.1874414255099675,-4.584738658606649,,0.1105184352611204,0.3703703703703703,False,1
-0.13056451776943667,0.98981200916542378,-0.056789904133941804,-0.99108569957039494,-0.13183439774910252,-0.019204886805001941,-0.026496090403980974,0.053776185082611665,0.99820142211442753,-4.3838915020052029,-4.5335461965500938,-3.4669975445894052,,0.09814003194267974,0.4581005586592179,False,5
0.25848844008625749,0.9630237842598236,-0.075953388941254169,-0.96593404363043989,0.25868060216233069,-0.0074678926532735241,0.012455910144191737,0.075296328030137485,0.99708340337589474,-10.929909915713505,-8.1966775713138276,-3.9483230337464112,,0.06650450825417573,0.2954545454545455,False,2
0.37580125275199355,0.92636833360093918,-0.024801792908014056,-0.92666125326475191,0.37540517775638427,-0.019232114067283583,-0.0085052999848226236,0.030210313058907583,0.99950737708985982,3.5559447845885983,15.825886394422405,-2.9033414517961398,,0.1385913659454258,0.2857142857142857,True,5
0.9763581327716746,-0.16901923706949554,-0.1347490039705507,0.19282978185476071,0.96273832967512496,0.1896090288045281,0.097680457617965427,-0.21110993836102723,0.97256934052269428,4.6323357123868849,-7.4364852031575222,-2.837111192998484,,0.3644472946973745,0.2916666666666667,True,4
0.97840829756121228,0.18176059365183453,-0.098388464052967667,-0.18351558190661968,0.98297546378204392,-0.00901492096188845,0.095074888697511711,0.026876089704549067,0.99510725117514232,-14.181415267788166,5.5024407037910139,-4.0740485576225085,,0.107944882950777,0.5611510791366906,True,1
0.38282192867738957,-0.9008758172828456,-0.20462192638788751,0.9219948265290685,0.38649924213419334,0.023321142410445188,0.058076766243977729,-0.19758820224057067,0.97856322818609054,2.6005385556785647,-8.7748416410710224,-2.9922702405809636,,0.3671336105627126,0.40625,True,5
0.87560841278317136,-0.43053705657036406,-0.21896974764350788,0.47030910130604531,0.86324595995103193,0.18334601674680628,0.11008749562068465,-0.26352277994121764,0.95835092098876684,-3.3074011886454358,11.708072642301145,-3.3091436668162677,,0.5225619923630813,0.1693548387096774,False,4
-0.1323732213061545,0.99064440306120372,0.033181274305594394,-0.99067961615109912,-0.13114503350607132,-0.036808671932060513,-0.032112745503030421,-0.03774449456811893,0.99877130751041032,13.710921078120666,7.9268473895569125,-2.42134748865799,,0.2956327191634081,0.3333333333333333,False,4
0.96823136777688978,-0.23490635228098025,-0.085714783502834777,0.24512938009298701,0.95935854075128213,0.13979548384264348,0.049392362447261542,-0.1563655842748492,0.98646348061459643,3.5705004717376569,-14.585369753085539,-2.9345455153221685,,0.3111629843805913,0.1904761904761905,False,5
0.9239339264540336,0.38112130975693786,-0.033055208309571871,-0.3781909545931863,0.92299479050759436,0.071078960035561758,0.057599491413792524,-0.053171081849052282,0.99692283284308136,8.0183659868568853,-10.803089830534667,-2.6313809648670841,,0.1005837107818403,0.2666666666666667,False,6
-0.49871663544817646,0.86445855980632147,-0.063191106216228976,-0.86442202606398244,-0.50140189909420396,-0.037022917769462274,-0.063688918837498026,0.036159839080196265,0.99731448783972054,-13.077265537588266,1.2351752544670596,-4.0435738701256341,,0.1717929430975052,0.3131067961165049,False,1
0.881933892411909,-0.45080772561233351,-0.13771348497302174,0.46161689295966202,0.88513137643600137,0.058756196122431437,0.095406779368383821,-0.11538995180146688,0.98872782173549045,8.2521933562644545,9.9153344475678242,-2.6263068683416377,0.3365652088393844,0.4856529773220101,0.6862745098039216,True,5
-0.98368242097262593,-0.12661400638007969,-0.12781935713270604,0.13973455778989294,-0.98517786571456833,-0.099492845297290231,-0.11332761370776417,-0.1157301442774205,0.98679450022627835,1.5499958680835226,-6.5783221187852901,-3.0704255661362443,,0.1192580232462024,0.3,False,3
0.40040150348781545,0.90949187284481714,0.11181757122171949,-0.91633697714918239,0.39771111551603094,0.04639410419539327,-0.0022760302712574454,-0.12103884427827964,0.99264516211080334,-7.0176841661989435,5.8175784624905953,-3.5917895330063918,,0.4144555332827638,0.3914209115281501,False,5
-0.69839658499095458,0.70131455414463639,0.14282894040733388,-0.71108408982674176,-0.65726917305397747,-0.24971313811694748,-0.08125039857284086,-0.27596218997871763,0.95772816729691301,-5.7191775382871697,-3.0573485861069294,-3.5470668767798412,,0.4781918368854182,0.1927710843373494,False,1
0.99099803271182907,0.07559255374173407,-0.11049282773143261,-0.063493392962982495,0.99199044484343524,0.10919499251051497,0.11786215767299225,-0.10119645822916026,0.9878602070285758,-4.7007193421826692,13.136477465233984,-3.3957881797623539,,0.6265545392863918,0.381294964028777,False,2
0.92774303027441873,0.36599473881647993,-0.073080236287888151,-0.36263050700258836,0.93028312034801042,0.055429517286486797,0.088272221951657875,-0.024923225197067703,0.99578453878210582,1.4194187469450452,-16.409760964322341,-3.0644382421133165,,0.1005504089334476,0.2222222222222222,True,5
0.57526978713250865,-0.76570759284748557,-0.28767438931581735,0.81493658757137144,0.56675475257934615,0.12110907755512593,0.070306687093385556,-0.30410677842566208,0.95004001866527676,8.0119371700461564,27.301848977600518,-2.6329475027789817,,0.2756342673290895,0.2727272727272727,False,2
-0.79129299062339264,0.61064982852600358,0.03101918618290099,-0.60494463531460418,-0.77450914729175646,-0.18487176356998458,-0.088867267283108148,-0.16505262095028472,0.98227299724825667,-12.167665971587285,-3.7099677306941095,-3.9966958863479563,,0.508307375131954,0.3181818181818182,False,1
-0.88360127946379463,0.46742112812053976,0.027681544690772525,-0.46047402395544523,-0.85670392025745656,-0.23242647499324423,-0.084926157291055862,-0.21811896295835267,0.97221996780859599,-3.9134009936755141,-13.128995517501561,-3.462578649041824,,0.2641264991412312,0.3,False,2
-0.22611393917579448,-0.94588411993827182,-0.23275677897540509,0.97406658211841701,-0.22156093468315197,-0.045880778355124816,-0.0081719098471104475,-0.2370948836877935,0.97145212749703824,-6.5771254891055388,16.897446158091043,-3.4804606994989529,,0.1466584327363449,0.2666666666666667,False,4
