axis_00,axis_01,axis_02,axis_10,axis_11,axis_12,axis_20,axis_21,axis_22,location_x,location_y,location_z,dbh,dbh_approximation,score,reconstructed,number_clusters
0.24890298258995788,0.96358636279614285,0.097717074716362012,-0.96844692606716509,0.24630326960815829,0.03801645395601197,0.012564101594695939,-0.10409620941048155,0.99448786947729395,-1.5303421477851864,14.584953686240585,-2.2421136362918337,,0.2811024370679034,0.2,False,5
0.65773104743184374,0.74744301025608173,-0.093374598599076084,-0.74985283049880647,0.66147675950866525,0.013008813275844633,0.071488473456495713,0.061460906674440437,0.9955460587605266,6.5596525379630171,-10.123664291346914,-1.7963490293984405,,0.0733463665460895,0.25,False,4
-0.071244916834194177,0.99432903888596202,0.078955204093256195,-0.99704845528974195,-0.073262587445044047,0.022955850783555162,0.028610131590545453,-0.077086676598334763,0.99661381922056236,15.180995489694306,17.874577243288154,-0.86118232164190089,,0.6164137958052653,0.9459459459459459,True,4
0.83201253809590903,0.54615654163439031,-0.097304514186998425,-0.54222596671094248,0.83768145762115698,0.065427643867707608,0.11724392297935701,-0.0016755857656228293,0.99310173443447103,-25.371617518474455,1.0954411416068637,-4.5656278654586044,,0.4128291948461278,0.573170731707317,False,4
-0.70259340115545121,0.71159137755573754,0.00047332984570226666,-0.70131527290308215,-0.69233429421459791,-0.16979432572159048,-0.12049647565671917,-0.1196283262555406,0.9854794076547756,5.3556631602963307,-10.060306625149675,-1.9276735429985572,,0.2903148534186408,0.2121212121212121,False,3
-0.47893886407851971,0.87783942813890259,-0.0039373696731289515,-0.87544020105043319,-0.47795225711114853,-0.071875547351912067,-0.064977064106926011,-0.030977061305492756,0.99740583656449577,-1.4363196229217137,-19.496282652704863,-2.5561731484913586,,0.1650644642131064,0.3333333333333333,False,2
0.68858970600571989,0.72371704559659633,0.045583491484201405,-0.72373893528862054,0.6819682917171852,0.10545711279775537,0.045234614293152786,-0.10560722989113226,0.99337854952906623,8.6921743399844953,-14.587573295580379,-1.690083902890636,,0.2223405379051127,0.4230769230769231,False,4
-0.9717287186390674,0.20771862163047325,-0.11223311276094436,-0.205252576167057,-0.97814487578866793,-0.033226223757096732,-0.11668194954173938,-0.0092507403112669258,0.99312624900101765,-10.854461424539602,-14.491239747934239,-3.3304413358674867,,0.4465095117908389,0.8636363636363636,True,3
0.26399101376102607,0.96169825420073995,-0.073791683275782644,-0.96405295590333151,0.26548205108614631,0.011008122689227016,0.030176859801411257,0.06823304491476595,0.99721292045088572,-4.9590862793923218,-9.1721571979252268,-2.7486847674211359,,0.3714962922428136,0.9501779359430605,True,5
0.37768026537866528,0.92585699056949156,0.012101659270726248,-0.92591388802249297,0.37754847889991477,0.011858248075939994,0.0064100788271885256,-0.015683720667128628,0.99985645559523406,1.1200551019982823,15.018599672461225,-1.99381628151226,,0.1737328407036083,0.2692307692307692,False,4
0.21378240951350919,-0.96195267986469923,-0.17012972428039233,0.97632828765661073,0.21625545072011429,0.0040810238117003194,0.032865728412888248,-0.16697491348991397,0.98541322406436516,4.836793761988563,14.416217902137541,-1.7086772655936429,0.5442223496050186,0.3789951428565494,0.7191011235955056,True,5
-0.39535391453856861,0.91779971171601549,-0.036591958584221276,-0.91716014593412165,-0.39662540013862424,-0.03880152928657838,-0.050125332608684903,0.018220349581588059,0.99857672208598658,-16.046841442185841,2.6743118849438705,-3.582843554189461,,0.3232046681817594,0.186046511627907,True,5
0.077021081647746986,0.98007226896012456,0.18310133969243378,-0.99701795848332819,0.074827978368872658,0.018867011288596011,0.0047899314762935392,-0.1840084815126207,0.98291298459623155,26.033326772645015,5.832871093123364,-0.35554259604597543,,0.7573791679526931,0.4222222222222222,False,1
0.9823412935593796,-0.11290782455370552,-0.14918916221574174,0.14186261343724815,0.96937509297941704,0.20046677535168123,0.12198599049415124,-0.21809115586308678,0.96827458185034698,0.29065362767960523,6.5643525513036778,-2.1098732274460827,,0.2586851165630363,0.3,False,1
0.75996835974249033,0.64953762844402585,-0.023429925856033054,-0.64499552867973142,0.75812035605327033,0.096095232560289442,0.08018017319426507,-0.057917138853477358,0.99509634953283033,2.7208018841004384,-16.579603111493462,-2.2148181845623887,1.055044019597891,0.55206422841537,0.1739130434782609,True,3
0.96786417329258467,-0.18395987445299955,-0.17145759431386509,0.2069187332059659,0.97004617744986099,0.12725977944091657,0.14291109091004645,-0.15864796943594678,0.97693768577568496,-34.091745765055904,5.4874113124410888,-5.3986566319528322,,0.2988703493431759,0.3783783783783784,False,2
-0.74848843336299054,-0.60418167642069676,-0.27336709201967391,0.65710467352632729,-0.73124426737979431,-0.18301712885423338,-0.089322523204817844,-0.31661699780912694,0.94433847933178094,-14.338857990180925,-8.7181761434463887,-3.5720480946826667,0.834576719220542,0.7630306205959152,0.5571428571428572,True,1
0.2780527509574805,0.95392940716179575,-0.11271802800316436,-0.95946456945808711,0.28143253399760015,0.014948871606143638,0.045982688477129427,0.10399237933442233,0.99351455822286783,-27.007012187348828,-7.4841355821547371,-4.7926762053576635,,0.45614626376305,0.9807692307692307,True,3
0.98159444451172639,-0.10995886555894689,-0.15614542705024329,0.14632704805196778,0.95843364352139326,0.24493539142945941,0.12272221279014872,-0.26327551889853867,0.95688309611811673,-7.2095312067302606,-20.760709597826761,-3.0641079358791852,,0.4860720057608994,0.4210526315789473,False,3
0.84981952984701659,0.52039773621954821,-0.083623936932945897,-0.51790482076863664,0.85392399587745382,0.05087637850013163,0.097884438575302754,7.3500011924423903e-05,0.99519778500685296,3.2615200626596188,-14.712385704741722,-2.1319400514220752,0.8948869881795342,0.7080207172167718,0.7468354430379747,True,5
0.17289894946165171,0.98395311157076437,-0.04407071028777694,-0.984882945751411,0.17319563128842858,0.0029759822961705294,0.010561081529917461,0.04288994675695839,0.99902398170619744,7.5295959409905198,-21.612863308485601,-1.8995859563251438,,0.1405459832830447,0.5384615384615384,False,5
-0.97455770496385952,0.2000217534363237,-0.1011364318523925,-0.18976952636673564,-0.97645838490542824,-0.10255022871952893,-0.11926779346546129,-0.08074850277337281,0.98957307599880617,-3.2048568752458655,12.388056788145745,-2.3296376458872432,0.1245236161011801,0.2516728034144978,0.4222222222222222,True,5
0.44985593346940123,-0.87089915987193267,-0.19789970302336221,0.89062591490965082,0.45394298954596612,0.026855947822001843,0.066446360424938067,-0.18833591154220233,0.97985430835907783,4.7534338953674089,-8.8994677345291429,-1.946371719717362,,0.1337025658127258,0.1956521739130435,False,4
0.98102586691311322,0.16632808556361375,-0.09961534219244067,-0.14665029067269625,0.9726955718796727,0.17988056229423219,0.12681459179837146,-0.16185886567753599,0.97863157874073969,-2.9739862671517492,26.934836903007248,-2.2057448056471065,,0.3461665591042871,0.3888888888888889,False,3
0.38976048729306034,-0.89165172742226295,-0.2303127428736193,0.91788928039911588,0.39639493719649799,0.01871690929018429,0.074605840746342897,-0.21869670950857539,0.97293664633245913,-18.443638036074727,-9.7861936121817887,-3.9619820436121391,,0.176399427337024,0.3333333333333333,True,4
0.97392948766142184,-0.19203327044675134,-0.12076661833919877,0.19919932455191222,0.97866960361948108,0.05025371677150451,0.10854023291675204,-0.073000205429940554,0.99140808340741526,22.66193576395273,0.90586014195548126,-0.52706081072465283,0.4532027389681105,0.3985112605961303,0.7741935483870968,True,5
0.22292712771339093,0.97143659059154563,-0.081329245596722805,-0.9744720774072696,0.22434387965900962,0.0086019772787941286,0.026601993966966914,0.077335464823187067,0.9966501692156402,16.149736411368735,-4.2924455961091681,-1.0504017680385289,0.2796650921921363,0.2359808196820392,0.4871794871794872,True,5
0.59786929616577222,-0.75690360243364141,-0.26391142704555554,0.79901507309841602,0.58910753576760833,0.12052893537798266,0.064243425062633544,-0.2829297579343561,0.95698669500230238,-2.4175172663546287,-6.1470676079796283,-2.5478114897858677,,0.4710464418754384,0.4954128440366973,False,5
-0.22079080011668462,-0.92526038381235276,-0.30845525563888643,0.97451392903615452,-0.22214958071801513,-0.031179575066478622,-0.039673980117330782,-0.30747810643072893,0.95072771568279313,25.339721938528971,-13.985394434403016,-0.6001071338790589,,0.2120018542936962,0.2,False,3
0.67229199481874058,0.73886338387066119,-0.045873452865847972,-0.73634741983697172,0.67381365508625524,0.061381068080771407,0.076262382614718266,-0.0074872020473466111,0.99705967263922035,-9.9731115194678477,6.6773048933730479,-3.008328809104738,,0.1196967722740355,0.3604651162790697,False,5
-0.99137332132581957,0.04598329540069096,-0.1227374201598917,-0.034819739075013949,-0.99518702682395943,-0.091598948749620115,-0.1263587097677123,-0.086535069107156637,0.98820299447049764,1.2598235031020624,6.8319341546737418,-2.025783992515227,,0.09551108878684633,0.2857142857142857,False,5
0.98887448007544743,0.039746881352667657,-0.1433438107427446,-0.018515764335362915,0.98903586395103626,0.1465101576332026,0.14759549155239166,-0.14222603573665954,0.97876826962874319,0.28480584677851789,-13.859704570274053,-2.3410616713401584,0.1446411310707902,0.3295882348505787,0.2105263157894737,True,5
-0.95041307598906943,-0.26257960796435481,-0.16663413356896628,0.28854446031335801,-0.94441650953187672,-0.15754221956700598,-0.11600465254233298,-0.19781154163726503,0.97335169110841957,-8.5454682713476995,-22.570128639126583,-3.2263958338904288,,0.3418720152463278,0.6363636363636364,False,1
0.069929824453530895,-0.9668744619415518,-0.24548644463011304,0.99656618382439977,0.078649632100423,-0.025885838370451678,0.044335774602135669,-0.24283329717257335,0.96905434774047938,8.643339059650323,-9.426164145716406,-1.6457651398189135,,0.1474340240138546,0.25,False,3
0.84430758815504248,0.52933234385627725,-0.083378452440868459,-0.52806067107719168,0.84833573351732872,0.038450109221185129,0.091085807046543663,0.011565162568465945,0.99577588983136378,8.7305988646327179,-15.763012462830682,-1.7332860481031191,0.5560456748496775,0.6113909194988485,0.8444444444444444,True,5
-0.085852964352823177,0.99165582956662546,0.096166440083641253,-0.99629314158419224,-0.085974751134617569,-0.0028841289223692206,0.0054078224946040258,-0.096057575723460062,0.9953610890536152,6.3883578762535196,-11.107044861517441,-1.8121427790086435,,0.2526262017359592,0.5,False,2
0.51976030603227374,-0.84048355734573643,-0.15309021557465707,0.85165828208412431,0.52387221346870483,0.015364716493300287,0.067285918517599019,-0.13836651974685749,0.98809276456332129,7.2560939553844186,-5.3649506423720013,-1.7066725133688261,0.2449218959286022,0.1233593053715713,0.4583333333333333,True,4
-0.9776184531118034,0.19879947709678211,-0.068854397400098868,-0.17685156103112812,-0.95380327412459165,-0.24286382939841489,-0.11395475196821706,-0.22525115354922215,0.96761367927939468,22.349706394443384,-1.2499849932511096,-0.62675394735162682,,0.3888489454752503,0.2173913043478261,False,5
0.70712179917157625,-0.68812039662614644,-0.16269321093219707,0.70208932282088854,0.71060192157093827,0.045994476196568386,0.083960371111970744,-0.14674886305101387,0.98560409256251358,-15.747838116486699,-7.1367108472511909,-3.675770481557191,,0.1450543337530378,0.4457831325301205,False,5
0.42186949901596987,0.90613188986938631,-0.030840297692284163,-0.90193417509670704,0.42289653970582464,0.087597148911724529,0.09241682526811551,-0.0091386468677893268,0.99567846995944864,-5.2933125612660303,-10.419740736129203,-2.7894920629616489,,0.189389469986756,0.1964285714285714,False,5
-0.0052752585184529174,-0.9893497739613718,-0.1454620101956059,0.99997774470334211,-0.0046249736303006963,-0.0048082966772824472,0.0040843292694433915,-0.1454841379034226,0.98935215362019457,10.614446710468766,-19.157161383021446,-1.6570467833359466,,0.4667966058320913,0.6774193548387096,False,1
-0.54300955081566127,0.83761757158905881,-0.059476310311093426,-0.83671498031473623,-0.54569644825054864,-0.046080669305542055,-0.071053989612717791,0.02474247627025225,0.99716555316964883,4.5414355444843961,-5.9392576721033246,-1.9530820261039639,0.4974266073580207,0.3862599210947906,0.8525073746312685,True,5
0.64346862164333252,0.76199500402998288,0.07288173155033606,-0.76170449432078802,0.62795696148266644,0.15961302533618274,0.075857737192337932,-0.15822031588516811,0.98448561967621195,-8.8386824183136117,-32.619509388924449,-3.3442814432172359,,0.3457213889294819,0.4090909090909091,False,1
0.81207848031791652,-0.56091732331546185,-0.16093569588242498,0.57412544110077279,0.81734113862609847,0.048305703495921538,0.10444385901232207,-0.13162529967301295,0.98578205542635211,28.800707883919539,5.7915066684824748,-0.23001349256557899,0.2870190389597423,0.2659179476943406,0.3181818181818182,True,5
0.099557449648365048,0.9949616874840187,-0.011813325461798155,-0.99503172522422967,0.099545361573549665,-0.0016083489930742208,-0.0004242838737316245,0.011914756738783353,0.99992892675182143,-8.3101736242681277,11.779442926671729,-2.7749578933432724,,0.1194294939591331,0.3939393939393939,False,5
-0.82257410837375011,0.56195355865642271,-0.087063391540377635,-0.55902387674587806,-0.82716739758656288,-0.057327145384043071,-0.10423119236169122,0.0015146891616546337,0.99455194145685744,5.5073425474200173,-7.268122401312155,-1.8969194169674761,,0.06569348094565688,0.2,False,1
0.94344734744370129,-0.25943262752435675,-0.20640206970195862,0.30981969507911883,0.91152192379346575,0.27044322691637268,0.11797821469460198,-0.31909637136712665,0.940350278692896,-21.021841074560971,-13.209237104524018,-4.2602619988584376,,0.6601679026486441,0.3513513513513514,False,1
0.038781716884228198,0.99920993055899987,-0.0086886769872863839,-0.99913711143343809,0.038646594403679825,-0.015214246528888501,-0.014866438442205943,0.0092712142287457167,0.99984650501702899,-13.870092119480944,-7.5444015519591199,-3.5043343279979204,,0.1903329518625929,0.3114754098360656,True,4
0.45110166270366014,0.89210251194931256,-0.025698211605496318,-0.89110896795958372,0.45181678876022968,0.042265785410908967,0.049316296779058681,0.0038337407478436641,0.99877585338447161,-5.0570050551458214,-14.796084514982823,-2.8323817357681649,,0.08622903118800178,0.3571428571428572,False,5
-0.29347518463623379,0.95596647005111413,0.00065126088595623965,-0.9540845009669926,-0.29285456792172454,-0.06292032312333859,-0.059958994465332441,-0.019086911363370138,0.99801834091228703,-4.7037730351506699,-5.0728739392541566,-2.7154464319843497,,0.3072739222730457,0.4869791666666667,True,5
0.37304212754033922,0.91309521270430782,0.16461076397566718,-0.92687777805695615,0.35878349136115484,0.11032674594539947,0.041679198941171787,-0.19373058319009873,0.98016901884952845,9.458897100796742,-7.0621321159132426,-1.5961515791697432,,0.7579452626871829,0.3469387755102041,False,1
-0.65694651611379329,-0.73715075535199215,-0.15820884567538307,0.74902733168500801,-0.66204603734965972,-0.025555837267644391,-0.085903034607554551,-0.13529156778454743,0.98707490107469176,-18.700919073460625,2.6915012070821005,-3.8436122967085256,,0.7109235445901089,1.0,True,5
-0.82571276033545227,-0.52883291298625246,-0.19630126734609316,0.55556709453735154,-0.8226727188730516,-0.12064328033233548,-0.097691559955470145,-0.20867522077260542,0.97309352651683545,4.8956726635159251,-11.762714542840788,-1.9425609399983597,,0.08622985501597077,0.2916666666666667,False,2
-0.27410798846383055,0.96138128618287144,-0.024715040717733575,-0.96113673550761014,-0.2747358760056125,-0.027136213685815036,-0.032878356377503026,0.016316280605436675,0.99932616931065998,-2.8161314234605874,11.678215320829235,-2.3199185066835391,,0.1283539966537382,0.2413793103448276,True,4
0.96660510634357555,-0.22640469580926434,-0.12006449144539205,0.23243243708053224,0.97184437853560246,0.038647976681250237,0.10793391766877813,-0.065264213963431059,0.99201353407723547,-10.517025238932087,-13.302046476902436,-3.2696296675845944,,0.3925223244392692,0.8833333333333333,True,4
0.24172789332280556,0.95082754921229429,0.19363521696390457,-0.97031439627477023,0.23529801512006349,0.055900057803951117,0.0075893327536068807,-0.20139964185543735,0.9794797528733582,-2.7343080927435963,-20.986377019665177,-2.6907352985439204,,0.4194879839458044,0.3076923076923077,False,3
-0.87289733615683285,-0.46042751912117669,-0.16142100286587441,0.47512067553716592,-0.87739455551122592,-0.066626853718051784,-0.11095307209542803,-0.13485285905451933,0.98463400418501179,-15.079417886589937,1.3453444128708709,-3.5191890067309903,,0.4765053405275889,0.8610301263362488,True,5
-0.97105831907703977,0.21096516825321776,-0.11197963535913544,-0.20698590197327554,-0.97725348428120451,-0.046178608083777148,-0.11917456664734732,-0.021663915715700904,0.99263694139412306,-20.932175283624701,16.182534064532828,-3.7910131809551628,0.5117483603373383,0.3965576583915386,0.9565217391304348,True,5
0.47506156054043014,0.87576976466900014,-0.08569616670830045,-0.87777767747012247,0.47847766051633078,0.023779767071572769,0.061829302373959956,0.063925328926995054,0.99603749411833209,-4.1472763908690622,28.176012365708381,-2.3009730229271357,0.8325393664780874,0.7284525142124809,0.9074074074074074,True,5
0.53699854801808122,0.84346894804693506,0.013881394276841846,-0.84201617497736081,0.53492596917706103,0.069734988180083127,0.051393778835251647,-0.049135945911101708,0.99746896609190527,4.8771510032139558,-2.0634389809418203,-1.8560298186775523,0.9262455592462665,0.4745571638668059,0.5864661654135338,True,4
0.42284167037573583,-0.89108961212053528,-0.16481573033157904,0.90522708904343052,0.42378228818106251,0.031184763683253118,0.042057568353568962,-0.16238188136272164,0.98583126626684359,-1.9247461784949074,13.353847968503771,-2.2321655961847928,,0.0934501686047368,0.1666666666666667,False,5
0.08534237267803689,-0.93933123703278043,-0.33222508418262064,0.99612728709392573,0.087516583140215709,0.0084424867401306954,0.021144912687893685,-0.33165897366109065,0.94316234968190571,14.395003141970509,-3.3064988120839822,-1.1551648127716703,,0.5623659690588337,0.3421052631578947,False,5
0.49364716006381143,-0.83093229907815158,-0.25663981707761485,0.86722452491477409,0.49242093518348024,0.073778357120311264,0.065069998826487244,-0.25898481990596439,0.96368706451368191,-36.122145248008351,25.783049650005079,-5.2506323617129986,,0.2493896089637222,0.3333333333333333,False,1
-0.5269905849947667,-0.83817762735574541,-0.14049622175406473,0.84770561526082988,-0.53020910853856928,-0.01653756566107363,-0.060630958941221218,-0.12781457750596997,0.98994308957375887,-6.3795763908582845,-8.2300522826197344,-2.8953800491893529,,0.2231886878390997,0.9,True,5
0.81793443432003432,-0.55934106544567985,-0.13461364588947689,0.56589000073194484,0.8243779626846528,0.013018514181788645,0.10369073355495886,-0.086824807203894433,0.99081263850883616,-29.919014575333868,-10.582717651480582,-5.1470464580373125,,0.2806204046435495,0.7931034482758621,True,1
-0.049377592135849351,-0.98761939831904344,-0.1488951895085821,0.99877035649452106,-0.049486622566325127,-0.002974756256596019,-0.0044303930608674798,-0.14885898780694751,0.98884850880527586,-16.878005155543548,1.2964802872416603,-3.6773373737817465,,0.1107133890196371,0.5588235294117647,False,4
-0.9326603440652983,0.35465908598829565,-0.066042526707773441,-0.34440545669995809,-0.92983122129737128,-0.12961011262989239,-0.10737580734641088,-0.098136805667327576,0.98936323126045089,19.198358870328253,-8.1855172145621147,-0.91975628821417221,,0.337303240782432,0.2631578947368421,False,6
0.98841370027941589,-0.074852629482113964,-0.13204332985640244,0.087072242450797602,0.99218876047493887,0.089330219868723332,0.12432530592981804,-0.099792521998485928,0.98721055041902772,-7.0746880352589434,12.787331997836622,-2.6569416475279723,,0.2456936937945621,0.451219512195122,False,4
-0.74525472556463679,-0.64562463582706975,-0.16662599928204824,0.66151679047087675,-0.74724994277378975,-0.063348709139793957,-0.083611781159641602,-0.15743682109891433,0.98398308797132328,0.10420034725175654,2.3447915294067241,-2.1521075340195766,0.4715159577281513,0.4836784651019584,0.6207906295754027,True,4
-0.26026898090432277,0.96305934758369727,-0.069114040619031425,-0.96492778038096194,-0.26197841009558559,-0.016783661485512278,-0.034270048556958643,0.06232179133700419,0.99746757245358686,-7.2949427246277816,5.4235486258353749,-2.7852673069577878,0.3342737540438274,0.232920650856291,0.6701570680628273,True,5
0.20867183287060329,0.97573895901032359,-0.066253679413850214,-0.9777527921259821,0.20962132018922006,0.0076406552058586024,0.021343468702845932,0.063185330509372944,0.99777355665108314,-1.7537419013509465,-12.097650831760705,-2.4999353712312815,0.1550422989107995,0.0904757105443258,0.5,True,5
-0.80380438361130302,-0.53711241237371943,-0.25575138193436381,0.57453186366309639,-0.81240692188674468,-0.099539594666215606,-0.15431024114770442,-0.22694768063275872,0.96160444036638515,18.425237405036537,-1.79783799752479,-0.87793596010778041,,0.2592123085408975,0.2173913043478261,False,5
-0.039852455129017333,-0.97388945401473814,-0.2234974567619597,0.99912134534362984,-0.041743689575973159,0.0037418791160807423,-0.012973785065439749,-0.22315195661131715,0.97469733002692471,10.093011041196485,-3.9679951330283569,-1.4833634427075004,,0.2726101283387787,0.2857142857142857,False,3
0.037763937552067084,0.99916037854218975,-0.015887824646328069,-0.99928668573010559,0.037758068350670894,-0.00066932575618740102,-6.8870206980721146e-05,0.015901768010348899,0.99987355652154364,-27.117577710932288,1.7853176213502349,-4.7347357158316479,,0.2090677048035708,0.3214285714285715,False,1
-0.34351336820686468,0.93899052511964565,-0.017186029172219147,-0.93810879714659656,-0.34393642528209861,-0.040738434927457774,-0.044163905843372986,0.0021281681570696209,0.99902203194972361,8.9181717130987561,-10.588302544543987,-1.6249890236802462,,0.2451098621413109,0.6545454545454545,False,3
-0.94772010553011543,-0.27069998414995894,-0.1689618896532547,0.30011145434447034,-0.9360573829548019,-0.18365644771435152,-0.10844222676261092,-0.22476230644175957,0.96836056769043788,8.8039143459977467,5.1354280749942296,-1.4589060761857384,,0.2487479530322352,0.2368421052631579,False,5
0.89156232780173661,-0.41639560886328641,-0.17813285088417263,0.43746101377482738,0.8935790657314191,0.10071898884354374,0.11723684178555116,-0.16772343368157722,0.97883827710312432,-7.9956896363885566,13.157258618867349,-2.7265144738405911,,0.1800422723184753,0.4444444444444444,False,5
-0.43349809373712728,0.90071828704394308,-0.028035158478274376,-0.89986200176382225,-0.43433243710677655,-0.040046371352413818,-0.04824707771341543,0.0078677481856654907,0.99880444433863202,31.061652666910362,10.750760951689967,0.13105091942302904,,0.701599494040724,0.8461538461538461,True,5
0.87655350644684882,0.47473055676952014,-0.079277038321546853,-0.46623604680834119,0.8784055243565384,0.10501277749134016,0.11949016274264938,-0.055087505382045578,0.99130594054435006,16.919108001010677,28.487651449042502,-0.74137632865468528,,0.2175915679352132,0.5882352941176471,False,2
-0.23211787414840293,-0.95712077341028612,-0.17332373642211496,0.97245937935411342,-0.23220980079021108,-0.020034069062071343,-0.021072446631549543,-0.17320055866961609,0.98466111859334338,9.2370402071436395,14.838959468767269,-1.3588657667145618,0.5220095117466219,0.5951050184572821,0.8734177215189873,True,5
0.20293020509536491,0.97606872499005437,0.078161217724921642,-0.97835984239708462,0.19881800587007001,0.057301128493254562,0.040389981984456966,-0.088097926412250532,0.99529262265785801,4.0200241412794551,4.7608733362778564,-1.8651445093534516,,0.5682688855387584,0.6956521739130435,False,4
0.19897066571287958,0.97916300374114318,-0.040626177403205808,-0.97951976860247314,0.20000606560286799,0.023207684912983091,0.030849588372173851,0.035176495372400154,0.9989048588682431,-6.4645809211154717,-15.587241534407717,-2.9593735665651049,,0.1027312157026646,0.3928571428571428,False,4
0.022868505347884937,0.99966354325353213,-0.012240578129581348,-0.9997122384156053,0.02277747691277824,-0.0075250852185814827,-0.0072437438671463508,0.012409143212989318,0.99989676534105543,-2.3733334624701166,-25.391489982550613,-2.7222186115445406,,0.2909731175176981,0.1818181818181818,False,5
-0.06280506930329674,0.99776586454787131,-0.02277724331097486,-0.99795697361157765,-0.063052429106933219,-0.01030873434214343,-0.011721863752399678,0.022083268027047395,0.99968741473693501,-3.355145449982615,-23.403857958103369,-2.7978242984201422,,0.5552486815700721,0.8714285714285714,False,5
0.6794862465923156,-0.7180054141544655,-0.15088626821802681,0.72846835166614743,0.68471912589072292,0.022216643766586504,0.087363043174410293,-0.12501177498267857,0.98830144935793107,-23.590016270946229,-8.398614610943083,-4.4751375841316117,,0.08607002453491656,0.21875,False,1
-0.94117900807542776,0.31922544832842642,-0.1108024724348205,-0.31654101200658696,-0.94767040635953781,-0.041504079657240775,-0.11825338251398923,-0.0039892417655353861,0.9929754395120437,8.4172169496179468,-8.2068683790356669,-1.6961045526036289,0.2607832374136127,0.08447698442391534,0.4615384615384616,True,3
-0.32781481226757192,0.94416115974131432,-0.033123304393035735,-0.94397761378483958,-0.32875828897738024,-0.028709791043239202,-0.037996230484846884,0.021856163080526084,0.99903883538346039,2.8174302978492154,-11.901324396286627,-2.1141283104713855,0.7177694879725789,0.4688416385191692,0.7195121951219512,True,4
-0.40690018551854168,0.91041128395108883,0.074723042493644004,-0.91184127944737492,-0.399925709786765,-0.092762641981174898,-0.054568490182079446,-0.10588069090293499,0.99288043548715688,1.1830603893259539,7.8308011315431392,-2.0229308918323894,,0.2919845240475151,0.1470588235294118,False,1
-0.90462415381432371,0.42620375125023263,-0.0023457953766088668,-0.4107750251633942,-0.87331779657304187,-0.26187765252273854,-0.11366186272330736,-0.23593725566140905,0.96509822938042489,-8.2664544168997818,8.397939599342207,-2.8213862739150328,,0.5721096161075834,0.5290322580645161,False,1
-0.82930496314482616,0.55269531564221519,-0.082347836465267624,-0.54866903324431537,-0.83331394632258426,-0.067454865080508325,-0.10590358852327358,-0.010758946576370818,0.99431819605519633,-6.4172371211177888,-12.23259257198074,-2.914720493860135,,0.079058041459655,0.2142857142857143,False,4
-0.50550059355122112,-0.79439517531868475,-0.33675726473197348,0.86085100104724421,-0.49073798022586801,-0.13458004591987088,-0.058349840748044036,-0.35792812154709636,0.93192422218249382,-0.76441209212233774,25.216554412584198,-2.0333559313099481,,0.5029149524056821,0.25,False,1
-0.9271241263021609,-0.30199135331059862,-0.22190555863720121,0.35737434802652662,-0.89069834815240023,-0.28096268074461644,-0.11280261433615024,-0.33979063425029737,0.9337118908285954,10.121432545049254,-4.7349828119055042,-1.4964258847490679,,0.2855761731919517,0.5,False,1
0.87916622865062877,0.47455423758475757,-0.043185854056394621,-0.46287505859980882,0.87201470840440021,0.15917609259123328,0.1131963891935354,-0.11995259028774137,0.98630520304660629,6.1903711595212094,-17.685526210321949,-1.97468979956705,,0.3645207998076585,0.2222222222222222,False,3
0.74506460196848834,-0.60471912541802242,-0.28141342940094594,0.66085959369647718,0.72637398461062352,0.18879997854929523,0.090240436129634227,-0.32664294548413098,0.94082997924842171,-1.4171747964307275,-16.468030306753711,-2.5465999234888392,,0.1806739725591195,0.1111111111111111,False,3
-0.71716384475240802,0.69603736118174875,-0.034756461544464858,-0.688431640657168,-0.71531623106161324,-0.11993567326650005,-0.1083415706089956,-0.062086080718277994,0.99217308099898549,-12.188837873007467,1.8334307522613629,-3.2548789762533246,,0.1083028107247913,0.1829268292682927,False,4
-0.96849857006027085,0.24075237525363286,-0.063630288392761372,-0.21072720422572858,-0.92851208383557227,-0.30571122905535053,-0.13268219620740423,-0.28267225541439123,0.94999570042633485,7.7461128206509944,-2.2706164768344133,-1.6529197490566467,,0.4513947241004238,0.2333333333333333,False,2
0.8429335642943937,0.53322268623714486,-0.071669889549189972,-0.53050434976581751,0.84593916584500461,0.054332886625003816,0.089599894338648123,-0.007777825628136649,0.99594747068457479,-1.0195559606301194,-22.214047406986307,-2.58401506627099,,0.4732127256239371,0.75,False,4
0.82208049571542352,0.5691250083028212,-0.016744655523347723,-0.56051086564771047,0.81410550450504793,0.15185452586417778,0.10005612452586951,-0.11545108253668965,0.98826100777374026,-6.7822318938408053,37.285315240224513,-2.6393613077584361,,0.3416272383595654,0.8857142857142857,False,3
0.72263708111327574,-0.62352782820255814,-0.29834325274268758,0.68501238048187207,0.70374952826748172,0.18840021244642227,0.092486148079834171,-0.34051380136537673,0.93567978683578334,-25.717629775953856,-10.597211871846598,-4.7236950513934888,,0.4315735279241165,0.358974358974359,False,1
-0.42965815634534882,0.90199666063948059,-0.042377976369115715,-0.89748642182689164,-0.43174247935028687,-0.090091920619052385,-0.099558984136432327,-0.00067507013901131618,0.99503143315074671,-11.771890642500871,5.2144451086181656,-3.1725499805478119,,0.5904134843982625,0.48,False,2
-0.97919036891249356,-0.1173177945193776,-0.16559817788285924,0.16355455613821582,-0.93927678649905411,-0.30167702184694328,-0.12015044151165333,-0.32248357079565942,0.93891864289268179,9.6162874021325404,-9.2947119753252565,-1.5728503935521905,,0.4605390694912651,0.3333333333333333,False,1
0.56329371987382493,0.82599537587656713,0.020780379718333949,-0.8250380828095949,0.56091955573910346,0.068420858685899186,0.044859191528359009,-0.055685644649011101,0.99744010442504605,8.6215907502885401,-12.125979021862165,-1.6611399814653458,,0.6027561370908643,0.2142857142857143,False,2
0.79941075084186997,0.60032325854489232,-0.023546479322372083,-0.59311035364551201,0.79483707957711425,0.12827363457787885,0.09572126115410623,-0.088577661853118966,0.99145924675888775,3.5339003016175368,-21.777689751885646,-2.2127733754059373,,0.6127792801193533,0.1428571428571428,False,4
-0.96650108311778216,-0.17108726030624696,-0.19132382416483446,0.21397174994745546,-0.94876901323486307,-0.23249397787849874,-0.14174535814825689,-0.26564357490111951,0.95359411940152816,11.409572914013211,7.804515350115115,-1.2345889173380731,,0.4305949823245067,0.1739130434782609,False,2
-0.85107380318946391,0.52459457074520877,0.021769654780755501,-0.51771977825546422,-0.83157430447518221,-0.20112286627763515,-0.087404878168990396,-0.18244098355706356,0.97932409078455573,-4.3414166325766343,-12.221892849962218,-2.7281270854740161,,0.5678243927312846,0.4358974358974359,False,3
-0.90580205841121497,-0.34346175169357251,-0.2481061387825523,0.40919352029010136,-0.86104104682196447,-0.30194201204921611,-0.10992403709197895,-0.37502312036902113,0.92047507584838106,-13.4302281537397,-20.422233499652616,-3.6102716873056382,,0.6499786465585955,0.8571428571428571,False,1
-0.095780916248423748,0.99533149837209312,0.011883788578412866,-0.99517829315879835,-0.095499178148738081,-0.022362285179658558,-0.021122994772361812,-0.013968368597641181,0.99967930046118658,4.1096481477421722,19.887328821592334,-1.7074823009654918,,0.280346744403688,0.5454545454545454,False,4
0.971649867523525,0.21671079259906686,-0.094514376221821544,-0.2002834741298487,0.96691140574353973,0.15801538986291705,0.12563066875565862,-0.13460596500205946,0.98290292972087023,5.8706740165817148,-29.774989847425125,-2.1487382364879641,,0.4291154502674012,0.5384615384615384,False,3
-0.91984176203615786,0.37344313088585723,-0.12013059896789624,-0.34522300793732719,-0.9160297434426955,-0.20423169175966396,-0.18631212414902348,-0.14638899249082477,0.97152357422380686,16.4528749496743,-6.602237875258032,-1.0865410654733314,,0.4083856338026886,0.8214285714285714,False,3
0.8473848088140149,0.51936449572445931,-0.11045137560082506,-0.52105491576481278,0.85338683836914053,0.015253814462208628,0.10218003987354993,0.044625381558052478,0.99376446644677296,-7.205458451083012,-14.308875296324699,-3.0151365953270308,,0.06840564589410064,0.391304347826087,False,1
0.23563252591898279,0.97167283712384289,-0.018144154010096739,-0.96991707928254944,0.23629932578367779,0.058510579814155986,0.061140592449283077,0.00381132914893198,0.99812188720870643,1.3844544069327016,-5.0106170532586782,-2.1930763742063082,0.4416890939358091,0.2597076155067254,0.3644067796610169,True,4
-0.9899423079362939,0.017928604910386562,-0.1403310089885077,0.0022511915640734828,-0.98981542408726775,-0.14233888567600045,-0.14145373481922352,-0.14122319697879282,0.97981980462776097,0.65890153229157566,-17.769553828748482,-2.4051360862689819,,0.5394569750046194,0.6904761904761905,False,4
-0.94278335575510031,0.33067913237214791,-0.042554148149817152,-0.30688583959769289,-0.91057925734896294,-0.27688715669064851,-0.13030972935883278,-0.24798533726697639,0.95995971109990497,7.001052009232426,-12.47993186239535,-1.7940651400633618,,0.517032804134318,0.2,False,4
-0.024375093687007847,0.98915012059174023,0.14487199087848346,-0.9996728848522094,-0.022994433149189069,-0.011197291431823837,-0.0077445528606442295,-0.14509753608346793,0.98938704606614669,15.029093697376066,-0.51279958564673711,-1.0740586631803726,,0.7199107209041783,0.1666666666666667,False,1
-0.8567666040887798,-0.45894695616626335,-0.23519922947131999,0.49213804637410913,-0.86392350412253738,-0.10694074216926056,-0.15411401438304029,-0.20737374580780235,0.96604606521655367,7.5799135536217648,9.3826890115194939,-1.5107188816434218,,0.2057707397145049,0.3846153846153846,False,3
0.075044153091922736,0.99572283775311587,-0.053892536251302171,-0.9971645912876792,0.075235806522231677,0.0015333946084538277,0.0055814844613203034,0.053624656584739021,0.99854556392654259,17.062201158340326,-3.5415374840541727,-0.96844186923243381,0.1917314653785711,0.2137628799537047,0.5555555555555556,True,3
-0.98717443288609175,0.12534375324960151,-0.098871545842708269,-0.10249757595782429,-0.97243812447644051,-0.20942383099235284,-0.12239642959986136,-0.19660375781262809,0.97281348491638431,12.706195458375824,-8.2350522521398748,-1.3544158032513776,,0.1075960422365697,0.2352941176470588,False,1
0.18229381705644801,0.9790212339857528,0.091029597758106401,-0.98312447449894191,0.18004467621832573,0.032406514879205678,0.015337271731574906,-0.09540093275461542,0.99532076745408038,13.42388964567815,-8.9898137836059444,-1.3088749368933641,,0.3916947038631304,0.4358974358974359,False,3
0.24683822141739156,0.96878603596037427,0.022902160939191785,-0.96847524522326844,0.24580262929876801,0.040456974918353122,0.033564740982622708,-0.032166503664500731,0.99891877758142711,22.259667252694673,6.6716401265304235,-0.48766745761097485,,0.4353818214416377,0.2307692307692308,False,2
-0.81731001380750712,-0.53557269262872553,-0.21252348632654913,0.56600180276814616,-0.81532209746666284,-0.12203211317424542,-0.10791802719278565,-0.22002674449479989,0.96950602427929178,20.233881307647273,-13.372571576377334,-0.97894914251280452,,0.3849487651193809,0.2272727272727273,False,2
-0.99145444709771202,0.081757737172255041,-0.10165506255294418,-0.044441496590538497,-0.94431244668783521,-0.32603520731851671,-0.12265004162642459,-0.31873135309051015,0.93987621091616602,9.8935570463256663,7.0172234357386643,-1.339608249616121,,0.7697630506847204,0.3359375,False,1
-0.83269679402820806,-0.51266937358449716,-0.20925143393445172,0.54100408826455471,-0.83378278778379522,-0.11009468323457691,-0.11802807164476953,-0.20488137100274192,0.97164448134070869,37.200454761025085,6.9133794093355352,0.29910374448852589,,0.5499518480574158,0.3809523809523809,False,3
0.97083167843453699,0.22340392834764697,-0.087043305008596167,-0.21686252568777992,0.97303217228998184,0.078606848562681672,0.10225701491974544,-0.057437587758181752,0.99309839714512904,5.752505196849075,11.506219767510894,-1.6090176783211454,,0.0747054001152966,0.375,False,3
0.40224880976883182,0.91259865793084316,0.073209183729797053,-0.9144185828699789,0.39653417923961354,0.081236075710407266,0.045105990085788875,-0.09962095280407085,0.99400257314596097,0.94356143320832464,13.372732255698974,-1.9901318148647278,,0.2386382387989646,0.3043478260869565,False,3
0.2131460767326489,0.97631575662421721,0.037098427739763851,-0.97677940748680669,0.21209662520261924,0.030282184323185267,0.021696522375797472,-0.042691509049720425,0.9988526898256096,17.414515361226897,1.2096999293512287,-0.88822521639932672,,0.767955042149887,0.3384615384615385,False,1
-0.033111730445235465,0.99612432433393083,0.081485850165481766,-0.99941271814846211,-0.032280532900994599,-0.011497216999355962,-0.0088222508479716671,-0.08181868775467549,0.99660818290042064,-8.4763726189301707,-1.55839086822011,-2.9664619014901787,,0.31915041367856,0.231185706551164,False,1
0.38118253108416494,0.90580565091343046,0.18497567615653576,-0.92351315698254621,0.36383482379679022,0.12143998465452503,0.042700431805803615,-0.2171182713777372,0.97521091531911319,24.091802212785325,9.4053904486821605,-0.41443783964201408,,0.4973380905168274,0.2608695652173913,False,1
0.27593073550947267,0.96079616763550157,0.027073113196224644,-0.96087356577213878,0.27502573090430821,0.032906503018210111,0.024170639245535561,-0.035093754394268567,0.99909169178858559,-3.5790238592543759,-15.90177844789152,-2.7103531966769769,,0.1738427971663862,0.2051282051282051,False,2
0.90660394597335192,-0.39030567819004675,-0.16040811300602992,0.42031293042452555,0.8690118442081558,0.26106599767853328,0.037501008833039244,-0.304105067696261,0.95190009041808421,4.3503760288998006,-18.658328889424045,-2.1085643650762362,,0.4174563693290873,0.1428571428571428,False,2
0.27040736138163957,0.96099613752128932,0.058019674075115005,-0.95973554333948363,0.27383396945488164,-0.062631014868428064,-0.076075921036065058,-0.038747655951634402,0.99634887132809469,11.6842457836077,-10.653752051320131,-1.4289623778940861,,0.3694022748577157,0.1904761904761905,False,2
-0.27478017116203796,0.95580450171424769,-0.10456391365542786,-0.96073480740291173,-0.27728887296424981,-0.0099755087442275747,-0.038529045934867279,0.097717119446874931,0.9944681378437189,-7.2787788135257951,1.443246464836998,-2.8217221587917729,,0.09450241802702312,0.4587155963302753,False,3
0.18893066403169298,0.98035475143437778,-0.056654792635600845,-0.98181270077320981,0.18967944496658559,0.0080949834826008708,0.018682205141768347,0.054095004364612079,0.99836100971233532,10.680087477948062,-13.517421883934983,-1.5331852177065168,,0.08074590523951086,0.35,False,1
-0.63703411195339188,0.76568244667649177,-0.088982757089529227,-0.76642952518194252,-0.64148339073408389,-0.032936944935498751,-0.082300201318920158,0.047217054798064859,0.99548843619554961,16.633427713565936,-1.4577552632416073,-1.0102989203915929,,0.6208618546585065,0.7441860465116279,False,1
0.9908719920712793,-0.034999220213095983,-0.13018352396970231,0.055981254669391092,0.98533434983942159,0.16119031655830113,0.12263276256504876,-0.16700680707983062,0.97829951034162577,-0.77123307596546598,-29.331148930906643,-2.6935025726762905,,0.3159058140980586,0.3333333333333333,False,1
0.43725382576554322,0.89719569479853334,-0.062040124825585102,-0.89796126369655305,0.43936013263678264,0.025064771091706663,0.049745962186761548,0.04474996183648796,0.99775887876868696,-4.4953595013306913,10.615133375429656,-2.4777215780653963,,0.09233917487692585,0.32,False,1
