axis_00,axis_01,axis_02,axis_10,axis_11,axis_12,axis_20,axis_21,axis_22,location_x,location_y,location_z,dbh,dbh_approximation,score,reconstructed,number_clusters
0.21990331010613298,-0.97530773077615351,0.020429500547873725,0.97527861459784837,0.22026776566081296,0.017712575162691719,-0.021775171927373421,0.01602940108247668,0.99963438325643339,-13.574041867324768,-2.7509772047889816,-0.73105491141965517,,0.07509491200251106,0.272,False,4
0.97341582835629392,0.21063099793850482,0.089978929827266699,-0.22381657837412999,0.9581823878939475,0.17830493760619756,-0.048659678896676092,-0.19370362473965883,0.9798526120863229,5.3186961672734299,14.25409322562782,-1.1481809029828982,0.8689414584413906,0.5286609317459156,0.2727272727272727,True,5
0.95319544435275638,0.29560207523147713,0.063544142011644322,-0.30106736739150464,0.94731274675122656,0.10934806872823866,-0.027872659670379253,-0.1233611485091268,0.9919703331659715,-11.894230127112621,14.437694310223868,-0.6493729829860605,,0.1425348012807974,0.4242424242424243,False,5
0.1504518103019174,-0.98097316607138751,-0.12270248662824576,0.98824430602853075,0.14582288554655368,0.045922517930367515,-0.027155927144254442,-0.12816915970215181,0.99138046285075709,-3.4988208345826326,11.498451732701513,-0.95672824155315894,,0.4837397772985976,0.2432432432432433,False,5
0.50520671084746083,0.85967830705205017,0.075626633528216983,-0.86297986815205563,0.50382609283132196,0.037749375446283866,-0.0056503521085742685,-0.08433550003672749,0.99642139527140028,-20.353624171495838,6.7964284226397798,-0.47061351995117184,,0.06431051683226403,0.3333333333333333,False,1
-0.14978299224247743,-0.98871272042666469,0.0034945244875419848,0.98866406334062984,-0.14973652739405219,0.011060841865102811,-0.010412737088996924,0.0051116367705725529,0.99993272077467332,-14.863379846619578,-15.815500784397612,-0.32397709785507856,0.3251675406763197,0.2416727944534597,0.9,True,2
0.38398984714497686,-0.92323215632739519,0.013934949323365971,0.92286805839710484,0.38423208018500338,0.026081705217676235,-0.029433723514600229,0.0028450096261009583,0.9995626852980718,-12.388700609181166,3.179262751379333,-0.77834225369687005,,0.07173798580260213,0.4550561797752809,False,5
0.95654164515525597,-0.28944388630908602,0.035359832606626992,0.28136455990069942,0.94800834582936389,0.14870830733270471,-0.076564126819035641,-0.1322966852047528,0.98824871442783702,7.7944667609463476,20.990165182404226,-1.169616580192498,0.3931657864361283,0.2999367209719732,0.2777777777777778,True,5
-0.44776389430960079,0.85505242220399214,0.26152026735185763,-0.89354548972133652,-0.43866306002802313,-0.095661787384033012,0.032923437720831804,-0.27651414981866207,0.9604457153835948,-10.32977260464004,9.4960421118783067,-0.75305984440330731,,0.1092026805646558,0.25,False,2
-0.88658590967408091,0.45897419993351152,0.05751615914482551,-0.46053162485077054,-0.88748345276688434,-0.016844689883630967,0.043313361445271766,-0.041422274929798802,0.99820245835198629,-3.3749592577641976,2.9881045306734539,-1.1524506917533719,,0.06888056000147784,0.180327868852459,False,5
0.850952804376227,0.50120423405788472,0.15707845328587483,-0.5252325033471632,0.81018040188176466,0.26026627486935944,0.0031846745368801152,-0.30397702572587604,0.95267403957436736,9.4436329646695345,6.6666348637042088,-1.4215244276979266,,0.4075790441168786,0.3636363636363636,False,2
0.76303669493095749,-0.64085678088534292,-0.084128405322566047,0.64610388455559731,0.75262258168903362,0.12692131378890936,-0.018021446973247798,-0.15120130927016201,0.98833870283621927,11.949343668113917,3.5584838520866962,-1.5177116662997874,,0.6217805446802431,0.6410256410256411,False,2
0.96348859248747032,-0.26709146852964305,0.01875845369938146,0.26430701442693694,0.95996246121735607,0.092810964752201713,-0.042796428253208549,-0.084464314903953619,0.9955070292250946,-16.29276034730124,11.585551793529064,-0.55735201198018447,,0.2843556346769885,0.4117647058823529,False,1
-0.59720806231144541,0.79944709891512167,0.065014354925701567,-0.8011667224876956,-0.59844087189037132,-0.00063689042738639817,0.038398087042626011,-0.0524676937485202,0.99788412554974493,6.4635797196791964,1.9269306928987389,-1.4777715241720706,,0.07594146680082392,0.3269230769230769,False,5
-0.53203640651798179,0.84446484166087343,0.061776964461757441,-0.84602268707096839,-0.53314410473781393,0.0017252665107347041,0.03439295132219379,-0.051346808878366644,0.99808848811984507,1.9259897829708295,5.5787352250835234,-1.2707300029088462,0.1152457377464815,0.09774621082118531,0.5588235294117647,True,5
0.52590200174604451,0.82744344043787699,0.19688686455889795,-0.85051891089140519,0.51342106153948319,0.11408942012197493,-0.0066833207017205735,-0.22745585603364948,0.97376545778765344,-42.039108832650435,-0.9658857748544295,0.36413769337931012,,0.2574948637096798,0.2352941176470588,False,1
0.014790505156197875,-0.99837143102838621,-0.055097428828917688,0.99973382689365442,0.013789927366969868,0.018496304165507373,-0.017706392116796317,-0.055356333057265159,0.99830965139512706,-11.053194134869454,-15.265652008447756,-0.52996121551565112,0.8272544390061446,0.6598777161533798,0.7941176470588235,True,5
0.63262916718059636,-0.77101369339691195,-0.072926136788119433,0.77303091046010552,0.6229525763056647,0.11980525509073925,-0.046941967423691743,-0.13216645666957136,0.99011538692508227,-27.420973316741328,-3.5037614920799016,-0.18179552475121286,0.62733221426174,0.6275289267495987,0.2934782608695652,True,3
0.49367957242935151,0.82986791821911643,0.25999945783913364,-0.86962904422775755,0.47283790824554955,0.14201985058959352,-0.0050798820350570258,-0.29621537913593182,0.95510766092722077,-14.148237857363409,12.861701423798317,-0.60226059622085282,,0.4305286781914087,0.3333333333333333,False,1
0.88922164005644588,0.45322509934698624,0.062224466066323751,-0.45672068880456096,0.88731806746740616,0.063818959281664589,-0.02628853881850788,-0.085168400641444708,0.99601970676235418,3.2785791846644896,12.603568103921978,-1.1525537232774767,,0.09276333286966414,0.2380952380952381,False,5
-0.29562569501999397,-0.954671312134734,-0.034758225370279318,0.95529563065157408,-0.29557835234656887,-0.0066102709550251611,-0.0039631429392378813,-0.03515854677078032,0.99937388903603541,-5.185215518750832,4.2222226359596409,-1.0595998951439332,,0.06951233121083292,0.360655737704918,False,2
-0.63514072848973724,0.76962622040287476,0.065358518051689213,-0.77146513832562069,-0.63625375970566023,-0.0047637809189350726,0.037918272135710182,-0.053447489452721909,0.99785047502591517,-6.7282033574316396,-7.3088373053243183,-0.89299028806323411,,0.08710970572877744,0.4035087719298245,False,4
0.73713557898787518,-0.67539625169552142,0.02170348787291038,0.67210302824702439,0.73611463394011567,0.080079742259751258,-0.070061812789770639,-0.044442647252935924,0.99655215292214461,6.8341785729914086,7.6452446460329355,-1.3328495691535889,,0.1092767478851897,0.2666666666666667,False,2
0.021271097647570684,-0.99331197883989619,-0.11348503468756455,0.99972766686124248,0.022222430644087805,-0.0071243026638120183,0.0095985684893317713,-0.11330258721423331,0.99351416256312985,13.620097934884393,13.466441591204799,-1.3578611954860498,,0.2895554739057423,0.1818181818181818,False,6
-0.62919388073356908,-0.77460857735378974,-0.064004783706908708,0.77705568242432443,-0.6250678179386514,-0.073991143993581476,0.017306844296334802,-0.096290055911031111,0.99520284277786875,-19.878112985785513,15.138688552296809,-0.4075668936801593,,0.7063857220105265,0.2105263157894737,False,2
0.9640619944528942,-0.26543884463254469,-0.011255692410830742,0.26190348909047539,0.94239896418588864,0.20806430425135153,-0.044620995660591162,-0.20353479324553753,0.97805038453279769,-25.912397504880211,11.335554290598816,-0.23357315642068202,,0.2569960203742249,0.2727272727272727,False,2
-0.79071502509435365,-0.60363050236499227,-0.1019802221248011,0.61212382489460559,-0.77724586094327042,-0.14557916967393819,0.0086123217795807741,-0.17753616043257786,0.98407659237095158,8.4898992245158915,0.96740463575816393,-1.5226819098204811,,0.4094628994638285,0.2222222222222222,False,2
0.97996465006319333,-0.19875743516247504,0.012836144053308931,0.19460416185898899,0.96922447431692715,0.15077512584055777,-0.042408782270693383,-0.14525632637758071,0.98848474688970611,-0.091491249113528586,10.087416717786109,-1.0931924974392839,0.4033585934460767,0.3871057307770397,0.7953488372093023,True,5
0.96381146688428365,0.24137264436147737,0.11316670383250244,-0.26441469103526549,0.91961055142119552,0.29051902670828528,-0.033945949200025173,-0.30992850831885743,0.95015366771073251,-19.415803224710046,6.9682592492209503,-0.49245010266651029,,0.2417148371461609,0.1739130434782609,False,1
-0.9492974128670465,0.30854733100901688,0.060274094361871124,-0.31220967696280333,-0.94774299064297762,-0.065637956228739594,0.036871934241552495,-0.081128097563768306,0.99602143162231682,8.0167618992555028,4.4323756819281419,-1.4158324767884987,0.3123613017820032,0.2288234129594662,0.4074074074074074,True,5
0.56757299150272744,0.81452450909141016,0.1200446725433643,-0.82319352437515381,0.56400571038559688,0.065191871266689877,-0.014605503875575561,-0.1358211424699291,0.99062570959707363,-11.585500034933856,16.6057239896708,-0.65714701680595633,0.3139844211701034,0.2720987578679141,0.5,True,5
-0.58215523167309025,0.77753543927825208,0.23776864154473268,-0.8122551672149797,-0.56929429388754194,-0.1270651418747544,0.036562679992268074,-0.26710044480206702,0.96297482979479898,15.866680252766781,0.94685008579783281,-1.6115037000870209,,0.2345993428350024,0.3793103448275862,False,3
-0.40482813568204301,-0.90981662813311326,-0.091366753979184978,0.91424936765878384,-0.40096925071434342,-0.058066803916616366,0.016194884862647023,-0.10703907302508414,0.99412291118865959,-22.68530513049873,-7.0075725474374186,-0.2697986370520849,,0.7604666735060134,0.9030612244897959,True,3
0.95068082285384303,-0.29647848077110472,-0.091139911661128684,0.31017087516806491,0.90867974308482369,0.27945509962206116,-3.5431866678439783e-05,-0.29394155022207613,0.95582339571577035,-14.84022849968297,-21.152628064118506,-0.19020429711456341,,0.3021770208104136,0.4545454545454545,False,2
0.93479652022269377,0.35233125303020085,0.044923868018150993,-0.35392227470173959,0.93464619885129419,0.034285659433271581,-0.029908013131770717,-0.047949672689147356,0.99840189284652014,-6.0059416082338357,2.6058787778736723,-1.0586643778379934,0.4803289929038438,0.4645253040877108,0.9940191387559809,True,5
0.85385382152221079,0.5185644671931916,0.044994942344203363,-0.51990406469276673,0.85384238023732206,0.0255529494697544,-0.025167737042817922,-0.045211536971281746,0.99866035364223726,5.8619864114773046,-3.5016205944064276,-1.3981640672678859,0.474258093115393,0.4200976470172787,0.9554655870445344,True,5
-0.99171639717959204,0.10141779635880759,0.078822700707686322,-0.10786209491177344,-0.99075176233560835,-0.082320798769993347,0.069744935632442842,-0.090140867594058816,0.99348390421939747,-20.366745419250641,1.6578204106844951,-0.49741411124172447,0.7089591123071353,0.4083843876935994,0.3103448275862069,True,5
0.83817045479136709,0.53374293028559339,0.11219970180433253,-0.54463037199810294,0.83005719054959837,0.11992838827448435,-0.029121239878155309,-0.16162779707419012,0.98642202357860154,12.686983451993513,-2.5885913506639158,-1.6069936774399205,,0.6522564336249861,0.4268292682926829,False,3
0.58120121257004165,-0.81375919686676546,-0.001058310856742066,0.81300087339650751,0.58060246506422997,0.043935832959605091,-0.03513873025065193,-0.026395967042253603,0.99903379450360685,-17.466602763956537,0.69396005025263729,-0.61289163687992665,0.62813825058323,0.5464013205579198,0.9920159680638723,True,5
0.73515180684024917,-0.67752710317054299,0.022557601132441676,0.67689337488283219,0.73546591053225208,0.030087430676207977,-0.036975396404190265,-0.0068497382649957902,0.99929270043689156,-11.590523890206731,-2.531271138670165,-0.80091826817107492,0.4942928911323606,0.4470632061526668,0.9746520874751491,True,5
-0.61007547367923487,0.76594771489111835,0.20281029182004107,-0.79213012841874719,-0.5955303024263614,-0.13369187912234604,0.018378685109507145,-0.24221427898668527,0.9700486931018486,-5.8104317541260952,17.117084844824564,-0.85842932906739655,,0.3108859195067302,0.1875,False,2
-0.84804668312664944,-0.51457524832604495,-0.12660622831471882,0.52933642730578523,-0.81135443186312117,-0.24800591247633569,0.024895179554216482,-0.27733788004212834,0.96044985831052243,-21.904341345666001,15.913387186534521,-0.35420583614376661,,0.430842173606777,0.32,False,1
0.99762324394106638,-0.066101111014348499,0.01945523762824353,0.064898063082900498,0.99625942873197959,0.057056043244482053,-0.023153931773901799,-0.055657827709111422,0.99818139717093068,5.0485309048925346,3.0400927656037067,-1.4103086732771137,,0.09744760213890444,0.3888888888888889,False,5
-0.97144517909084582,0.232651382587691,0.046557472023194386,-0.23311912810732771,-0.97243630366411915,-0.0048070184672485104,0.04415581650965085,-0.015523192200737616,0.99890404662923726,-5.9386468239216237,9.5606803385059482,-0.87104187298574876,0.5406918744847313,0.5048567063039655,0.9591078066914498,True,5
-0.070502151528929316,0.99531363984136523,0.066183116997650254,-0.99734922711880969,-0.071532533170417231,0.01332726017363949,0.017999049844494006,-0.065068080069692835,0.99771848692942411,4.4120212558401599,-6.5415326991645948,-1.30844730400855,0.1408410072653555,0.1031612874994791,0.3888888888888889,True,5
0.92561954546085767,-0.37742211348452381,0.027946472294566479,0.37599279175038325,0.92549619989272847,0.045674988077409849,-0.043103104442585138,-0.03176998956553341,0.9985653659878343,1.4778336559703178,6.2824919169688451,-1.2191740652040099,,0.08123678032546619,0.396551724137931,False,5
-0.97003309600703058,0.22972092942210154,0.079145986862631676,-0.23920273462145972,-0.96005622040807137,-0.14516923022935313,0.042636186516027012,-0.15975089433619255,0.98623618234080013,5.4949925255255874,16.737551626141464,-1.0825192204379388,,0.515945653154287,0.1379310344827586,False,1
-0.96165222608974565,0.27039936765481659,0.04592578827316815,-0.27086597697516102,-0.962608157510492,-0.0041421747363568039,0.043088497002424724,-0.016423065065036324,0.99893626641540112,-5.0269337724993868,9.7770915254991646,-0.90331226837734735,,0.1263248033023192,0.6142857142857143,False,5
-0.11948519219334709,-0.98296924022254684,-0.13962364277882111,0.99277538744908322,-0.11984424912010161,-0.005863960109157032,-0.010968998215047678,-0.13931557245745324,0.99018728145185264,-2.0997627076185807,7.2805614966285859,-1.0711486565145167,,0.2707788691520858,0.2631578947368421,False,3
0.18823051131333376,-0.98194530430367744,0.018780148207052302,0.98183270521504151,0.18860650049522756,0.020787663193740747,-0.023954406292653975,0.014526091246502396,0.99960751252292224,-4.1024408804857693,-5.6994700290089639,-1.044507532328347,0.6185266601986801,0.7213753227337425,0.6097560975609756,True,1
0.062275478665553795,-0.99634478014946048,-0.058470880153282043,0.99799012439996404,0.061475985080458692,0.015375788062118017,-0.011725031220431208,-0.059310895519377863,0.99817069748393705,-1.5897188917479721,-16.04116737750681,-0.90298857479168604,,0.1497904808433674,0.25,False,5
0.9941618841238099,0.091501452000852745,0.057180699865708617,-0.10014129295625003,0.97977611126922115,0.17323536945789428,-0.040172995910774958,-0.17795015051383978,0.98321913850964815,-5.3576730043721676,4.2016689912832099,-1.0593932213694042,0.3552942881930378,0.2252503072337006,0.3738317757009346,True,4
-0.47853898689718855,-0.8641070493657812,-0.15594693089566303,0.87805933042945183,-0.47021962677458373,-0.088911837466977547,0.0035000378848793964,-0.17947843834938865,0.98375568100137034,-26.695231762870034,3.1838898111565803,-0.28277288109798177,,0.5284299235951844,0.1538461538461539,False,4
0.74078863801567951,-0.67172575070056717,0.0040877417525448378,0.67050306101732771,0.73978171031731321,0.056112977522011574,-0.040716568535050374,-0.03882701283580571,0.99841605762376429,-12.13007289572098,-7.5596940204286351,-0.66375291968186134,,0.1212437458169171,0.5568181818181818,False,2
-0.7174809921794949,0.68131430050270236,0.14502361804768693,-0.6959643484965079,-0.70987850458567281,-0.10819489058657183,0.029234422911339188,-0.17855904529797023,0.98349479706774179,-10.482023526151695,-21.628085663970289,-0.34526946840659484,,0.230545950959551,0.7857142857142857,False,5
-0.87591610700749745,-0.48141825933851434,0.03174008601601265,0.48136721946860517,-0.87646497834354387,-0.0097335378107537701,0.032504976632705448,0.0067528744046166517,0.99944876065828481,6.7303062713649204,-11.450620136908999,-1.3805128834195135,0.185385061578473,0.1140465405935734,0.4482758620689655,True,5
0.51435273295598782,0.84684580926979824,0.13525324921378576,-0.8575484130853559,0.50922345684568426,0.072816139783143677,-0.0072100842916957616,-0.15343938972868543,0.98813175658117292,5.1985098659988678,11.235719926291447,-1.2373045503088758,0.5025909480943608,0.4631110378515039,0.3333333333333333,True,5
0.053390100034770668,-0.99539814101981483,-0.079574104283823499,0.99831542903417725,0.051394151730685234,0.026924808637916457,-0.022711260876100113,-0.080877574284711123,0.99646526111412315,-18.249538595389751,24.316294832553979,-0.37820625161626348,,0.3437602469215728,0.5357142857142857,False,4
0.48260663893840811,-0.8750463735777203,-0.03721123675790252,0.87474067186578475,0.479441833942441,0.070457681268282335,-0.043813114890030203,-0.066553526986843858,0.99682046478252195,-0.41973474920265702,-17.247184569289477,-0.91664544180824781,0.3876959385448844,0.3538307640966504,0.1071428571428571,True,5
0.060225250613817789,0.99644829944787294,0.058853255780335068,-0.99808189669414737,0.059267641193710328,0.01788502722243392,0.014333411314702635,-0.059817499402568634,0.99810641721477167,-19.052916297607929,10.557326642580538,-0.45948274527183391,,0.06981664532348936,0.2692307692307692,False,1
-0.43312399351522562,0.89882753250393632,0.067176432283267001,-0.90060094322605655,-0.43457391264814599,0.0079658964353620815,0.036353092052260963,-0.057048937400858854,0.9977093120942957,4.3744782744674344,6.4615382781741681,-1.2835427324371762,0.425718476981381,0.1864616014818741,0.7263157894736842,True,5
0.87425371225908033,0.46008431368168351,0.15492859937813847,-0.48473527004206929,0.84482935325841035,0.22648417571702115,-0.026686411869336603,-0.27310398784534506,0.96161429234621398,-17.368555334370154,-15.048095285720013,-0.22668858315028731,,0.3889404240049442,0.25,False,1
0.24570762262887869,-0.95019584463121454,-0.19171755534545204,0.96868968743836348,0.23342575425626955,0.084573676167326445,-0.035609740698699349,-0.20649521567209156,0.97779940287970446,-31.918193725757405,-2.3661534974024057,0.015713273441229109,,0.33341093563493,0.4193548387096774,False,2
-0.99449813888399774,-0.090046842491847925,0.05352586209967896,0.082229213819703662,-0.9876097413725764,-0.1336613449752283,0.064898444903241023,-0.12852456925911804,0.98958053080378439,-14.606566573431046,10.311691647497835,-0.62813796255968013,0.4297047779357299,0.4351892941454794,0.8732394366197183,True,5
-0.98710386835414232,0.15669603701967758,0.032746069422397966,-0.15719053323741033,-0.98748141113207455,-0.013099577441495688,0.030283482970543667,-0.018078015680241054,0.99937785447158989,23.809845212171826,-2.7494445164020456,-1.7496818275011077,,0.5233727690564222,1.0,False,6
-0.89904624449482917,0.43547902825895662,0.045539721193484227,-0.43571895478025985,-0.90006865723136942,0.0050403090102443069,0.043183824575216301,-0.015311048832655796,0.99894981309308151,1.976210832002995,1.7401940118992927,-1.37267462332384,0.04890776948732958,0.08677637782161789,0.4642857142857143,True,5
-0.96764758593219113,0.23988806255228159,0.078178429790545137,-0.2499885560418523,-0.95347133056174449,-0.16851748765313815,0.034115557854329688,-0.18260925289187474,0.98259350164274895,-8.6161854332303278,2.6618763131654566,-0.92153163482874578,,0.5353064705640302,0.126099706744868,False,2
-0.85235170420113882,0.509290285593757,0.11882751089391413,-0.52188114488568438,-0.84297901688238563,-0.13048543102129465,0.033714135881273061,-0.17323331693365279,0.98430359897032937,-8.4592352726581499,17.61226818800532,-0.76589982793805245,,0.3571324456231415,0.6451612903225806,False,3
0.57583212074206858,-0.81744081659962009,-0.014418046977261352,0.81719711077647605,0.5749503034999921,0.040262024835405669,-0.024622161973954622,-0.03496655347919897,0.99908512614166911,16.199904568776976,-5.5908526100683478,-1.621260076490864,0.3480964619860993,0.2997689644663667,0.4545454545454545,True,5
0.17775495533917596,0.98185768843457089,0.066020114467409269,-0.98402040570465898,0.17663942298701132,0.022413286319830413,0.010344902571151265,-0.068949212531673687,0.99756653366181858,8.2600182527542803,2.335345254366775,-1.4755678511746182,0.2804815902264598,0.2212423705520063,0.7816091954022989,True,5
0.1547637132589465,0.98608104219863657,0.060764885211387787,-0.98787387667190962,0.15368750035728207,0.022030797151780024,0.012385348098258643,-0.063437610692561347,0.99790895010622271,1.5791518244177067,2.9122022259923517,-1.3433540853191879,0.3255415513734933,0.3031318920920419,0.943502824858757,True,5
-0.54831256216557056,-0.836144309139911,-0.01469790680231528,0.83623696289778715,-0.54803968413505022,-0.018980160606273333,0.0078151170761096966,-0.022697993437662614,0.99971182099592648,-34.106816517229703,-4.8118331334482152,0.17716907752288566,0.7299273212061436,0.7720946148108532,0.8723404255319149,True,1
0.5351266084104056,0.84072969380761065,0.082541473946965371,-0.84475958844096788,0.53308519841592295,0.046919174831856453,-0.0045552945264683391,-0.094835400457935565,0.99548254435311911,-10.513248422792765,10.712781425796722,-0.72434636177306111,,0.080343570427893,0.1875,False,4
-0.75832146207374296,-0.65188078325572163,-6.7677519792225249e-05,0.65157775960903874,-0.7579657866467393,-0.0305661488554606,0.019874187812481032,-0.023223063856758673,0.99953274381777901,-0.15225555588020484,4.9383229444854528,-1.2214334505931808,,0.1217052400413326,0.302013422818792,False,5
-0.99921683523698546,-0.020065544901414989,0.034104106597181112,0.019050397722816127,-0.99937328521257007,-0.029834864672671806,0.034681385865981719,-0.029161802263293256,0.99897286788139072,5.9238288114100746,-6.1784569498701343,-1.3641578482467411,0.2597159729154717,0.3266384655461377,0.391304347826087,True,5
0.880095527169519,0.47218290371832899,0.049751065238190742,-0.47452490782136925,0.87829433674022295,0.058524951150544895,-0.016061597471258633,-0.07511566738157649,0.99704546616515566,-2.0258364237665147,-8.4906320940591424,-1.0610769514125229,,0.119039296890665,0.3857142857142857,False,5
0.38629599870584791,-0.91306576676769391,-0.13071460110016422,0.92185928882911317,0.37744586080026948,0.087807025711074002,-0.030835904127057015,-0.1544199719002281,0.98752398416190379,-12.917868180664206,-12.675663317162591,-0.50290749183482841,,0.1733230563101748,0.2916666666666667,False,1
0.87011697009990074,0.48741289533859461,0.072973473274988626,-0.49253422206927538,0.8652426963355021,0.093622201045917577,-0.017507096697655187,-0.11740419879934721,0.99292988456864428,-23.353008063469872,-4.6979104982387678,-0.33488217535518539,0.7389695327401826,0.6776861408342038,0.5056179775280899,True,3
0.98230053954821261,0.18002131341465746,0.051749171198707269,-0.18320819697826721,0.98089821713360648,0.065371585448767158,-0.038992391094468122,-0.073695416007880862,0.99651822818058,14.453877006582552,9.0659108057535853,-1.4308826674156387,0.3570702065835938,0.4206692383187991,0.8356164383561644,True,5
0.44373752367381775,0.88037555526170563,0.16743921817027313,-0.89599007357247407,0.43223829724712243,0.10184224296676167,0.017285778646651977,-0.19521510210675866,0.98060811018776861,16.351420367435345,10.255105376760694,-1.4535698626614495,,0.1174412554690095,0.2222222222222222,False,2
0.68458876329101281,-0.72892042689180092,0.0036381912481741607,0.72524475273476618,0.68162088735369464,0.097020691369683484,-0.073200230917470174,-0.063780696006226739,0.99527571507125212,0.52701196256947225,18.680944294800472,-0.96773979646536501,,0.247350879731236,0.4375,False,4
-0.23751500009424964,0.93901942296451357,0.24865467625930268,-0.9710593514565663,-0.2229085874601891,-0.08576419757249204,-0.025106984665204279,-0.2618287320595149,0.9647877250406568,8.3608844898109052,-2.5495985698735253,-1.5102053045291739,,0.5978742783918893,0.37,False,2
0.99482378392519111,0.093570099240465762,0.039626701413230783,-0.096305152200365701,0.99260443147847743,0.073903722970847602,-0.032418460735025238,-0.077337436842817339,0.99647777911308866,1.7979671910231751,-14.091867325580983,-1.0772808475558158,0.2245423315909238,0.2182409128592723,0.7272727272727273,True,5
-0.77042042402884359,0.61391332176102842,0.17193837152757946,-0.63648840316783684,-0.75611008322571338,-0.15224997430955703,0.036536048939000351,-0.22673326930281679,0.9732713607823783,8.0600721331634446,-2.94193061438745,-1.4892633959775219,0.7017784354140595,0.6854208026058446,0.1666666666666667,True,3
-0.76745220563365901,0.6074551012932542,0.20497661325340047,-0.63977550302198871,-0.74624893541434889,-0.18384730655060375,0.041284595201999924,-0.27223303676400618,0.96134528442867706,-5.9026722862565792,-24.32473976840344,-0.45306194089804946,,0.4820907200887646,0.2222222222222222,False,1
-0.47743750766140997,0.86509324989732095,0.15384113643675992,-0.87819965585171988,-0.47551515811001716,-0.051484938278365339,0.028614519740556506,-0.15968407368832424,0.9867533662827408,2.9410382190865425,-17.779552270885166,-1.038393989458416,0.3653000706378469,0.304606461142824,0.4137931034482759,True,5
0.98984637060647962,-0.13556385511471361,0.042738785471945054,0.12942081518310358,0.98388549175594153,0.12336770934693467,-0.058774273236858271,-0.11658379089138342,0.99144026774530081,13.7802778043167,8.0809830092086017,-1.4427243997225356,,0.1964782756656779,0.3157894736842105,False,5
0.99373657226726853,-0.10635784044271174,0.034287530019840889,0.10466885336135902,0.99335874656677026,0.047778988638443091,-0.039141487893501331,-0.043890891944193301,0.99826926905010216,-6.7459999706196028,-15.093527315947691,-0.72010486875681146,,0.08742279694692245,0.2631578947368421,False,4
0.97433436945377694,0.21920465713332135,0.051204050544603273,-0.22285492684068292,0.97139215300599013,0.082054656548067068,-0.031752450046338206,-0.09135974698657133,0.99531159872002128,-0.29898935789654174,-13.662825343541055,-1.0018918911289143,0.250378633098384,0.2558361484644581,0.7536231884057971,True,5
0.39627563063659382,0.91326481516155344,0.094408696376466761,-0.91774011829420377,0.39100455497020548,0.069774732288217678,0.026808577674148369,-0.11429267422055313,0.99308533610289718,-25.994796278195281,16.351897126507243,-0.21218806317469632,,0.1602350770338384,0.4736842105263158,False,2
-0.58132672361661175,0.80965994936660601,0.080684613160382279,-0.81365077401465535,-0.57913345523030202,-0.050762771578822224,0.0056265757372746909,-0.095158853632633295,0.99544619855660499,13.181210234373955,17.263720000416825,-1.3369832748752235,,0.1672770954156591,0.3529411764705883,False,3
-0.012114214487877821,0.9859213454639657,0.16677034018633002,-0.99887146374351687,-0.019591876280264871,0.043266121881929798,0.045924336970988459,-0.16605799873038735,0.9850460376710487,-34.168914727909289,-3.8696265466128854,0.16388444858955725,,0.3526899487732695,0.25,False,2
-0.89239591862486101,0.44873977877669563,0.047561910865032808,-0.4493941998957296,-0.87421167701048497,-0.18384449102051598,-0.040919158370717003,-0.18543612032707679,0.98180398642309163,-11.03585996280674,5.8316234356361658,-0.78156615071773639,,0.5142691700539125,0.2837837837837838,False,2
0.99490385126042435,0.10042744564853061,0.0089808077412500478,-0.10082788520762581,0.99072228100226434,0.091121344866205711,0.00025359757831783236,-0.091562492791423949,0.99579929986021132,2.4491581568980969,7.2027770555190447,-1.2297783586161866,,0.166944313645747,0.4390243902439024,False,4
-0.64386318955098321,0.73579661989331768,0.20986549810486693,-0.76501775910778091,-0.62398630367653296,-0.15933901303135756,0.013712089226080158,-0.26314335822449914,0.96465929303116604,6.7670870925741298,15.973166652899382,-1.1277212608868168,,0.2611370979914118,0.1304347826086956,False,5
-0.12806179090582379,0.93928467383384939,0.31834647667413124,-0.99149425077488207,-0.12876822879948288,-0.018918084792060374,0.023223444842412202,-0.31806138519582083,0.9477856439390544,-10.315978701092549,16.152722079595058,-0.70335619133077587,,0.6739271382889416,0.1081081081081081,False,4
0.30330714558450572,-0.95113172596865558,-0.057906953755704448,0.95286074383315,0.30323519651738845,0.010238088434677009,0.0078216557783403005,-0.058282548408136022,0.99826948578624686,16.349630904992605,7.1535256685432307,-1.4885711227052492,,0.1363043920774575,0.2,False,4
-0.59056001525648671,0.79935289705245971,0.11078724815653659,-0.80613287401183886,-0.59068381798689784,-0.035247930518456427,0.037264699350332976,-0.11012526114503084,0.99321889281269127,-1.745761740944378,10.063809541935688,-1.0366563898068306,,0.08544751345773922,0.3333333333333333,False,4
-0.42889591359093521,0.88638286957730195,0.17428053197332266,-0.90205007630290135,-0.43059268891233599,-0.029926511610494581,0.048517575649716746,-0.17004512570241884,0.98424117983242398,5.7053150690192735,12.5361161689088,-1.209240297767731,,0.158532687962508,0.1578947368421053,False,4
-0.2967214497558312,0.95215647924301983,0.073173904435489517,-0.95454854406258915,-0.29798054347735597,0.0066837666723456139,0.028168391554869717,-0.067864827005423456,0.99729679984081721,4.733982000638477,1.2048188172238978,-1.4281904384160018,0.08560081797219299,0.0929610375596343,0.4556962025316456,True,5
-0.30777767382574306,-0.9491075304116996,-0.066841597902955741,0.95140800860701469,-0.30772334359868314,-0.011364196534847982,-0.0097828754898735028,-0.067091277527355969,0.99769888033759879,-21.933090156761164,2.5164035728993057,-0.43486543855761128,,0.2872694684698373,0.7647058823529411,False,5
-0.9283932689603096,-0.3715759299911976,0.0041552858345214258,0.36951783259077708,-0.92431746674697257,-0.095361376163900377,0.03927479530951615,-0.086997407533989726,0.99543404680358416,-1.0068276690002567,15.599625651137439,-1.0113331001428876,0.1500109323176639,0.1541672843339056,0.2631578947368421,True,5
0.82723163666093313,0.54926463056034003,0.11830547291941787,-0.56136813976180999,0.81679419214147009,0.13309041792829246,-0.023529363944625719,-0.17650952750312382,0.98401766027494908,-2.9846642244805897,19.236625466287929,-0.88649976530275565,,0.2823197558277825,0.3333333333333333,False,1
-0.7428402387676688,-0.65688888419848523,-0.12917187574724479,0.66921689577921539,-0.7233157005884272,-0.17018561539067539,0.018360993198173615,-0.21286472488118172,0.97690914768469406,-28.646143107980624,-4.8801064928425539,-0.086112220686443086,,0.5180874550984332,0.1363636363636364,False,1
0.97726372258648853,0.19554346977830619,0.08196565099759355,-0.20849503388618656,0.95654247224575883,0.20385367211499808,-0.038541372072055338,-0.21630822965627519,0.97556409959662382,-20.508143976553775,12.801784487531808,-0.40449432391820661,,0.2164929405668745,0.3333333333333333,False,3
-0.44518169793981471,0.89184576376459834,0.080152289265892462,-0.89483129718684629,-0.44639373191936266,-0.0030960746130497888,0.033018258499334437,-0.073101092729479761,0.99677782120562197,-12.270395142894724,1.8763486570254251,-0.82226704041340382,0.09001564205537944,0.09882826622023613,0.5590062111801242,True,5
-0.74281190031317057,-0.65600662607302607,-0.13373775570653848,0.66926974306721054,-0.7223497517120141,-0.17403691337283039,0.017563933724733909,-0.21878332374721113,0.97561537784222963,-12.950921316710115,15.950131389771048,-0.63005516773097459,,0.5822432824084537,0.3866666666666667,False,2
-0.71788710909162223,-0.67871072098964835,-0.15488659016772233,0.6954430013767785,-0.68908144491930212,-0.20377878717860626,0.031577372216990085,-0.25400495956110253,0.96668730729343455,-5.4817666560214917,15.420600129415332,-0.87544624343139099,,0.3834116305661876,0.56,False,3
-0.56673095939233353,-0.8207105096053301,-0.072458809606591082,0.82390289453030174,-0.56455637001895775,-0.04959965176901282,-0.00020012704779841586,-0.087808681201668765,0.99613733764716794,4.5443326048111725,9.96852382010462,-1.2446108680448718,,0.1383892891450733,0.2142857142857143,False,4
-0.25874962589504674,-0.96342274085221935,-0.069751369219332282,0.96580347015502543,-0.25927004510003165,-0.0016433959774927731,-0.016501155586343616,-0.067791342534469223,0.99756305351676389,32.943922026543049,-0.87220128367753291,-1.7726279476811204,0.4153510212057212,0.1875714070354619,0.3888888888888889,True,5
-0.53570414896102958,-0.83809161109297026,-0.10307044290933148,0.84427273831325278,-0.53378104091691558,-0.047763413809031582,-0.014986931873399025,-0.11260662402026207,0.9935266177107579,-0.04372388012185717,-25.751469902141768,-0.62773931163458252,0.5609008128763875,0.4392285373409981,0.9111111111111111,True,5
-0.96937094813454727,-0.24480177988065596,0.019800340400885002,0.24260290969866749,-0.96697881716777001,-0.078075574634834582,0.038259549376179487,-0.070880573615640458,0.99675079692240443,18.763027525908846,1.4521127793263797,-1.6797067729741608,,0.2034492328570247,0.3809523809523809,False,4
0.091466553142960982,0.98379312491053972,0.15422372396911305,-0.99519501548378053,0.095741237703239584,-0.020506012759420631,-0.034939244588051505,-0.15160706705759794,0.98782313518453757,-8.4838759958382273,-15.766655069411822,-0.62500141104071494,0.354485224135724,0.3139213601731982,0.2307692307692308,True,7
-0.99365398028836271,-0.10617585406535152,0.037127556754904145,0.1056386032488965,-0.99427343369231003,-0.01615006369419986,0.038629690145246136,-0.012125471834020064,0.99918002380556326,-5.2145799140322655,11.645868985451392,-0.89168214695397841,,0.07183449518494864,0.28,False,5
0.71974417524868495,0.65826707856226652,0.22057374158473414,-0.69403472174381031,0.68996335645990037,0.20558786869993026,-0.016856073373775968,-0.30105650636331849,0.95345731565011926,-10.398169298382925,-13.832262359001666,-0.59839761559410953,,0.09624489941086067,0.5,False,2
0.8726861150015941,0.4555497885178022,0.17576499897536527,-0.48757146671377283,0.83240879414024516,0.26338121475261478,-0.026325074169029801,-0.31554712741422353,0.94854467520018615,4.0307795747142103,-14.680861919638119,-1.1961882786942584,,0.433569377974277,0.34375,False,6
-0.96660227777470831,0.2383980621095414,0.094055305980899853,-0.25269457298249365,-0.9477543060258683,-0.19469778682516931,0.042725746171841501,-0.21196258960448452,0.97634336748001704,-4.4278370747801921,19.145573701980439,-0.88220219276953882,,0.2747618892176825,0.1875,False,1
0.78280384231663869,0.59658078416398896,0.17694494177734316,-0.62161515097136444,0.76272850293469541,0.17843720154117604,-0.028508744924237168,-0.24967298367520349,0.9679104569564102,3.3621979939665922,-7.0986891091568971,-1.2821302827690453,,0.2301428328019609,0.1578947368421053,False,5
-0.99537773311327127,0.082834476131214016,0.048596481213675914,-0.086488422873408022,-0.9931434234192632,-0.078650449635934816,0.041748306925602947,-0.082489939284324382,0.99571707265955445,18.014312456295826,4.532281247841472,-1.5890228786360547,0.6362413907474072,0.5599303582376951,0.9775280898876404,True,5
-0.27845951305091438,-0.96015130352526135,0.023869937791882807,0.96043819188389679,-0.27825853337376333,0.011431018129298703,-0.0043334930757747709,0.02610867563517771,0.99964971759828891,-16.354888322297658,9.1922318649566002,-0.56390410628002663,,0.108487973037396,0.5942028985507246,False,3
0.99874153763536433,-0.034129667117108929,0.03674924249863868,0.032548029316687564,0.99855294613128109,0.042809339636797811,-0.0381571328764157,-0.041559350271798239,0.99840715823537518,1.5370941846858186,-6.5856949635615774,-1.2283581879580721,0.2974701056195235,0.232164009963209,0.8100558659217877,True,5
0.5031324749805286,0.86290740539762489,0.04741858633391325,-0.86419598464643543,0.50267136343967811,0.0220635558936607,-0.0047971596748060327,-0.052079843391026899,0.99863140205554335,-1.9120244279982599,-1.7101775970616533,-1.1994639467170518,0.2095719563219863,0.1678645922413302,0.8249027237354085,True,3
-0.80274356294074733,-0.58723606272494655,-0.10371392766883233,0.59573178741066524,-0.78197196748369668,-0.18336706230446226,0.026578367626453703,-0.20898241242979615,0.97755815257678358,-16.615859420962337,7.7091660027617435,-0.56397747473659166,,0.2094214342296662,0.3918918918918919,False,4
0.9080488570355334,0.41434958147539397,0.061332679442754751,-0.41778557096126984,0.90645013498386795,0.061671464100454751,-0.030041470220809115,-0.081624610987701657,0.99621028550606661,-10.108456492409003,-10.620114710141953,-0.67807491354830629,0.560659389713681,0.504385147001935,0.9155313351498637,True,5
-0.16430713414704842,0.97929080349681097,0.11829069217378382,-0.98630485551012914,-0.16484861534559189,-0.0052598494068550813,0.014349134661208579,-0.11753491483474253,0.99296507800086453,14.728437250622097,2.9677249450461316,-1.5812937501022701,0.6068797130086828,0.4491625563581811,0.4782608695652174,True,3
0.92083652578005148,0.36327998153359997,0.14173125204510031,-0.38878153100847651,0.88339383648862924,0.26165674231826269,-0.03014985797693763,-0.29604557870511766,0.95469785869306434,-10.350911892973565,1.5843480651638824,-0.87387506476599208,,0.2780253877091751,0.2689486552567237,False,1
0.26585491900393471,0.94683242407771695,0.18118919050684629,-0.96396915098831715,0.2628986627164957,0.040592722066180816,-0.0091998904490992635,-0.1854525649781987,0.98261015064914348,-27.515298504548351,7.0826682009691488,-0.17972885855822343,,0.2500925663954075,0.2666666666666667,False,3
-0.28351584320407136,0.91999533578638659,0.27060552245580299,-0.95857720819876002,-0.27993366031765349,-0.0526011572404224,0.02735877508506895,-0.27430954768737875,0.96125218828015691,-33.845881189801304,-1.3795989800028468,0.086911212363894791,,0.4809776196855632,0.5714285714285714,False,1
0.52677073197946234,0.79262821867680067,0.30700668215376581,-0.84998104201557412,0.49404102670470518,0.18290897229682038,-0.0066950835648185367,-0.35730095282520929,0.93396531250697812,-25.669644812695751,-3.6216043994145153,-0.25512301672512211,,0.1446149437223023,0.4166666666666667,False,2
0.99621503511599874,0.066027755512295852,0.056532639340816773,-0.078000120650694615,0.96608321311795198,0.24616906083050208,-0.038361243297206714,-0.24964687226901694,0.96757679497753069,-9.2441371651471691,7.7236584445998666,-0.83077331820275679,,0.4906415678569133,0.3796296296296297,False,1
0.57627568604005253,0.79327177150315453,0.19653556984757908,-0.81679837922862419,0.56709223520985308,0.10605095216066361,-0.027326568913019947,-0.2216445201238641,0.97474456414514177,-3.0589610843736774,-14.815702815646505,-0.86596279809378218,0.4119254270230586,0.3595860762796044,0.56,True,6
0.67983894350161456,-0.73333197146255724,-0.0065749927336795633,0.7323393229354942,0.67839094391101384,0.058862919583600425,-0.038705645337474726,-0.04483243078802409,0.99824442205736708,0.39245382109240368,-6.5003281063119669,-1.1901398956541691,,0.08003893830095175,0.3283582089552239,False,5
0.6251790790895676,0.7767975738019679,0.075740665458498058,-0.78042086271954758,0.62338814630242168,0.048275211876355278,-0.0097157655795562375,-0.089290247983787249,0.99595825992568421,0.98724186011011694,9.448254856206205,-1.1294704912581686,0.4345835016864038,0.3810608901760599,0.916058394160584,True,5
0.81406818745372722,0.57135516472080083,0.10414538838887198,-0.58032600163060233,0.80726616406114726,0.10743869039334931,-0.022687397542263805,-0.14790069678289636,0.9887419612233983,-51.004377065003951,-4.5209946849752747,0.99979834286155111,,0.254358912634823,0.4166666666666667,False,1
