axis_00,axis_01,axis_02,axis_10,axis_11,axis_12,axis_20,axis_21,axis_22,location_x,location_y,location_z,dbh,dbh_approximation,score,reconstructed,number_clusters
0.95650413809416635,0.26078880144191008,0.1307250352886854,-0.28593268360777185,0.92693761763523208,0.24295916006106458,-0.057812924624117454,-0.26977000214110569,0.96118770887438743,-10.102124808480673,15.786815409441735,0.30675361286733427,,0.3973582338116607,0.3846153846153846,False,4
-0.64560773769090196,-0.76182124751961278,0.053094593522296465,0.76028369292686149,-0.64772967575053364,-0.049142379079607196,0.071828652382811456,0.0086402534552482563,0.99737956201092259,-22.253400902034798,33.715646132756348,2.1972018916136422,,0.179552519527085,0.4545454545454545,False,1
-0.36212201853136067,0.86906550780573399,0.33703529019545275,-0.92802597693090116,-0.37003039263837617,-0.042956893106162228,0.087380946642948987,-0.32833314128526436,0.94051151959852763,0.82623894765782735,-17.213938277866834,-2.3957687969038184,,0.3031672976387262,0.1428571428571428,False,4
0.31133433413945449,-0.95013596002170231,0.017680210959720388,0.94985718456557644,0.31170343687713326,0.0247446230146855,-0.029021738664290912,0.0090898246749165218,0.99953744990984739,-6.0837939311266087,-14.057991308009123,-1.1253439802542193,0.2260155316757096,0.1564725477799103,0.35,True,5
0.98853558243348094,0.11696863232680998,0.095476391398585062,-0.13927244544713893,0.95060875929811195,0.27739173146451107,-0.058314562521500225,-0.28750882733805089,0.95600109100388897,5.9163494544956787,-22.562450872770089,-3.6185454995163195,,0.4714302656032834,0.5,False,3
-0.9656547106735951,-0.24765817676606725,0.078590121738051383,0.2392989040374853,-0.96553722687163213,-0.10234206393998405,0.10122753716431487,-0.080020566143615662,0.99163990173535355,3.327332319359348,4.9485024180247095,-2.0804071327269558,,0.09054184286400321,0.2439024390243902,True,5
-0.018928203554549616,-0.99955846561195527,0.022904081157556239,0.99961001674712335,-0.019389666922098082,-0.020096149767227282,0.020531379130839467,0.022514764936025486,0.99953566611245137,6.9390999468070094,22.968777360298624,-2.0851785016151205,0.2801833537210573,0.2517587396665228,0.5862068965517241,True,5
0.99289853494353997,-0.037431575117463027,0.11292199294733789,0.028966202809624413,0.99671000339695737,0.07569761041954759,-0.11538396076476405,-0.071889125134916063,0.99071615273274538,8.7030214436835021,6.1798659505212212,-3.0150110396921916,0.1270834785289425,0.1308635950996517,0.2857142857142857,True,5
-0.9633867390725287,0.228871298531962,0.13965643446505732,-0.24399789692374885,-0.96430772517628105,-0.10283791840626594,0.11113513070126373,-0.13314856316776266,0.98484539032803187,-22.537109847236106,13.047627394076782,2.0752889216511439,,0.07975940710712191,0.3076923076923077,False,2
-0.071124653195362056,-0.9932815002522295,0.091286061173216484,0.99737799046547138,-0.072045393620658496,-0.0068268142719391123,0.013357688531278904,0.090561153452929866,0.99580131032368946,2.2983414955995793,7.7016748121875693,-1.9381850660500355,0.4003420167357279,0.358172763193422,0.8192090395480226,True,5
-0.56724840193856108,0.81227804006334225,0.13577052746823751,-0.82212343798330367,-0.56820808030713832,-0.035392516047728501,0.048397347206855575,-0.13169648098765291,0.99010794041801686,-1.9363208525278945,-15.22676117572356,-1.7697183335005158,0.2974508033583104,0.3233068622797968,0.9574468085106383,True,5
-0.91461351971877347,-0.39946171053502605,0.062549591238205499,0.39350579798710605,-0.91496897097159324,-0.089358654363825646,0.092926296053196661,-0.057115006571074586,0.99403349014317344,-4.4143343803087838,28.928825897925069,-0.41844892954089152,,0.4330758596483936,0.7692307692307693,False,4
-0.51349664504975812,-0.85705026807541385,0.0422614897336136,0.85581880084305595,-0.51509728127851351,-0.047423316449169417,0.062412944540349971,0.011816463571880806,0.99798045849728834,-13.576399120050541,11.444481517912738,0.67602238342265286,,0.1864845807087876,0.8080808080808081,False,4
-0.90554145554726817,-0.42078550268128218,0.054168561164148435,0.41510172877595691,-0.90512979047254016,-0.091818392309744243,0.08766542678014759,-0.060659897233631771,0.99430133753055894,-12.550310823391596,5.3681281718482659,0.47128714171300756,,0.4334749386599647,0.6257575757575757,False,6
0.80748014693726866,-0.58986804207074139,0.0056129533935427717,0.58380539474370541,0.80047219297260896,0.13570382951770238,-0.084540365331091022,-0.10630127572730913,0.99073354914852529,-23.26779439444185,10.881931839129772,2.1421957167968682,,0.3991240454722705,0.625,False,2
-0.70266755268834091,-0.71031604886540778,0.041345146307802741,0.70659512425797344,-0.70345038616026101,-0.076686925781643711,0.083556213256928219,-0.024671135669354083,0.9961976180913843,-4.8118851540022147,6.6889744805732958,-0.65758729784057945,,0.1567110026220124,0.6422764227642277,False,5
-0.82385860255480881,-0.56639951663081234,0.02117995648766062,0.55726184453266081,-0.81626038093365572,-0.15224397244587029,0.10351927175407177,-0.11362472476721232,0.98811597613695179,7.3529577731308473,-23.102356012879728,-3.9590060309551842,,0.2352437360290867,0.4444444444444444,False,4
-0.86331614719101335,-0.50026871485917856,-0.066456323494544431,0.49586053517036882,-0.81638186527836643,-0.29604557031844125,0.093848599668940436,-0.28853398929374274,0.95285915924779674,-0.36404410405935939,-13.31907178257836,-2.1084267127213954,,0.2992648793091351,0.2727272727272727,False,1
-0.86225584626217411,0.49322236828879684,0.11509366188584477,-0.49881410258216691,-0.86636928334284091,-0.024264293625823941,0.087745920998358914,-0.078332370700771647,0.99305825259576153,-12.397315069786433,8.974958706819578,0.50779245173042131,,0.1075905502916888,0.4245283018867925,False,5
-0.6856979450768812,-0.72499528193406826,0.064808713076897409,0.72503659998191772,-0.68817162007148847,-0.027235087935311913,0.064344827329037332,0.02831364514724579,0.99752597995965631,3.9440315590196882,6.0763210398918881,-2.203422238263506,,0.07230243490823349,0.2857142857142857,False,5
-0.9891230142209998,-0.039198948502705222,0.14177131294675088,0.025311201601569511,-0.99481827248048849,-0.098468004003435777,0.14489653485107229,-0.093808566640889476,0.98498982076615027,-21.387149311694138,3.7220964649379682,1.8263097014274445,,0.1498286586661834,0.3181818181818182,False,5
0.96165006600980518,-0.25420512765321635,0.10299953212587661,0.25224057912680575,0.96713897818374794,0.031888667571252145,-0.10772112506426552,-0.004685077641638228,0.99417011082730755,9.2303998977590815,4.1715481242941754,-3.1006949835917159,0.2028251308352944,0.1254122954589038,0.2631578947368421,True,5
0.62340555619243998,-0.77933851851984526,-0.063221721422996202,0.78093543716861391,0.6165866828982326,0.099803333846216938,-0.038798910843730904,-0.11159003550428054,0.9929966306556598,-18.614374974415412,4.4052276109671196,1.4126446063460862,,0.2678707041056571,0.2758620689655172,False,3
-0.4759188653309861,-0.87682034340995751,0.068463997871232252,0.8776837178444763,-0.47848608176169855,-0.02687677419326023,0.056325172461033461,0.047298572312305873,0.99729149199441869,-1.214996469165051,12.554597872904505,-1.066648453007667,0.3176427204131403,0.279512220208771,0.896,True,5
0.98803513850370828,0.088166287601719601,0.12654355302618153,-0.11491183709295993,0.96808504146095653,0.22272544128469052,-0.1028680454654417,-0.23460191437852751,0.96663338810122368,3.683065961989763,13.252548743708997,-1.8216399387681006,0.39717240134397,0.3701605678684229,0.2631578947368421,True,8
-0.97444912662303695,0.19671135518909952,0.10841375541539554,-0.19934975702832614,-0.9798290610740038,-0.013952972714953828,0.10348224000449856,-0.035208717876469273,0.99400793366509255,-15.142969638661127,7.3884135974995475,0.90025636078095994,,0.1045078897188392,0.3544303797468354,False,3
-0.5935528820004482,-0.80052325474272512,0.082809992664386448,0.80207005776729157,-0.59686354609662418,-0.020917212389238667,0.066170980815879327,0.054003943902985324,0.99634581112221654,5.4590891771556134,4.411458889173983,-2.4521057689078845,,0.08695030204650975,0.2857142857142857,False,5
0.37295229967258603,0.89831103952039659,0.23225817196541143,-0.92764997779107294,0.36620487310130606,0.073208671761469793,-0.019289916359381348,-0.24275763055492472,0.96989516543501098,-25.016066786340769,20.258381545633469,2.5040164199629262,,0.256553702994606,0.5416666666666666,False,3
0.99302428758968764,-0.090631859530120623,0.075423009056297396,0.08205101728736984,0.9905400828684422,0.10999079412881775,-0.084678183843901467,-0.10303499536124951,0.99106679639255713,13.735489101429842,3.3084370750509779,-3.9025766788405436,,0.07992690144406331,0.5,False,5
0.22244476939232061,0.95396859199573281,0.20115230561859382,-0.97437208493790783,0.22460467837114956,0.0123198436494509,-0.033427005007205191,-0.19873767619520802,0.97948250183286911,12.491617166888936,-6.2073077681406064,-4.0911722521415692,0.3701262597852354,0.3119022772613093,0.7021276595744681,True,5
-0.9925502048109186,-0.056628719814531048,0.10787622083652761,0.037493927546825775,-0.98442016577920832,-0.17178807468607898,0.11592366594840466,-0.16646358550567097,0.97920967028194694,4.1430785940100003,-3.4915870975549388,-2.359389863199703,,0.2381161294845034,0.1857142857142857,False,5
0.32052132098780678,0.85538628774077985,0.40691569340255035,-0.94652239057336396,0.30595372587361691,0.10240938319966214,-0.036897790387974624,-0.41797920566590241,0.90770696631423176,-2.3065219468930103,28.020104882873866,-0.72002631760957525,,0.3565584855814575,0.3333333333333333,False,2
0.18810883737819947,-0.98058769658242106,0.055342882210867181,0.98192862549473747,0.18895939981037244,0.010512832982651269,-0.0207663124853553,0.052365203470316209,0.99841206209223787,-1.2514717195981406,-11.723571616291601,-1.9260177961211404,0.1383744249996446,0.1559431351356502,0.6410256410256411,True,5
-0.43103164820790724,0.89215485231328073,0.13517188219834347,-0.90134546867018661,-0.43271974449337547,-0.018165044269401232,0.042285509940123964,-0.12966627248230675,0.9906556381657794,-15.047902889817529,10.256553887891133,0.89860643052835087,,0.0823896655257526,0.525,False,4
0.6884841151094141,0.69434432669320834,0.20946498330499985,-0.71975449297859717,0.68963989546524895,0.079688671841136982,-0.089124031995479885,-0.20562774757224994,0.97456356198517569,-17.318759737284356,13.18120718048524,1.318674882148992,,0.1291322566626533,0.25,False,4
-0.19826488320234609,0.96778916925448721,0.1551617219628251,-0.98005533746331408,-0.19792854932371912,-0.01777146229991319,0.013511905803001798,-0.15559053067689266,0.98772922158112408,11.444602270910648,8.4899128661735226,-3.4574109129275854,0.255899378252585,0.2349391837325936,0.5806451612903226,True,5
0.38820363205419173,0.88298935047966165,0.26387070129031009,-0.92046699513221941,0.38553128779797152,0.064079146382433699,-0.045149207437090826,-0.26776002888471601,0.96242720036346607,-4.5025783495966758,0.62796835998384959,-0.7519114031694778,,0.2383593330972115,0.2777777777777778,False,1
0.90629882878799084,0.39846494032314211,0.14088337116491603,-0.4111045793085123,0.90848782247667503,0.075119247088618002,-0.098058440784502196,-0.12599828469016797,0.98717221113949927,3.188964540073072,24.236307269395663,-1.4969003594889303,,0.1275824632180146,0.1818181818181818,False,1
-0.82049778665256878,0.52076353184590474,0.23577261502900518,-0.56739439480947684,-0.79212673365286235,-0.22494185597890654,0.069620276048171392,-0.31834035517324377,0.94541654070105519,13.017077387937478,-3.1105583333914595,-4.0832959255712957,0.5699122584306122,0.7646683664218733,0.4337349397590362,True,3
-0.36124843837145049,0.91053856932200927,0.20104496897763199,-0.93204812688902838,-0.35907447256172781,-0.048495487595966613,0.028033104302627451,-0.20490250591816966,0.97838086046877093,3.822760805798342,-10.809424093188687,-2.7435292096159261,0.4899835673739202,0.1178767608952336,0.2,True,5
0.34058545635313658,0.91293606554087192,0.22483168627993624,-0.93765291921264504,0.34744018445616093,0.009608398257518698,-0.069343709251321828,-0.21408656767724338,0.97435024068732412,-12.481959346812202,11.752093858389097,0.53135884589252647,,0.1877179177066262,0.2857142857142857,False,4
0.95612670189800886,0.22121343886299605,0.1920581796853332,-0.27433346073908838,0.90609559568862863,0.32207440723004416,-0.10277588353573658,-0.36063192584694559,0.92702844175536059,1.7325837967090019,-18.118274962665385,-2.6502693024550164,,0.483305197976316,0.1304347826086956,False,1
0.40736026190548574,0.89030848875803537,0.20349056947603236,-0.91240492556589303,0.40642646278202155,0.048319583541191133,-0.039684616961667467,-0.20534927610264381,0.97788384074016099,-15.843013964841649,14.527105319959857,1.149519697304122,,0.1935659028951022,0.4,False,3
-0.59565335839526157,0.74284419443514049,0.30558072489352694,-0.80256028436451843,-0.56606359240343884,-0.18833215157284328,0.033076677481111344,-0.35742763204503419,0.93335492780479312,6.9914632136264849,4.3463003875777311,-2.7241882904775534,,0.6748717830038848,0.2903225806451613,False,2
-0.38787261297330866,-0.92097547137044122,-0.036864850999984766,0.92060822655077068,-0.38514005588848405,-0.064402100565587692,0.045114624151183905,-0.058917896128498765,0.9972428752332545,-14.323613655998589,20.127266412017786,0.95814297194003728,,0.6945838492225729,0.125,False,1
0.85619821966313958,-0.5101700181197254,0.081554651966572356,0.5085679100458087,0.86004940182158229,0.040910967942305018,-0.091012578896039142,0.0064481809882556695,0.99582886654516822,-2.5927091124704962,3.0492520735637436,-1.0584061192240324,,0.199052667544423,0.6568421052631579,True,5
0.9905497667100629,-0.097009574155752717,0.096955155575967983,0.09264158131299903,0.99451314713982941,0.048591538130206453,-0.10113702132487201,-0.039150257829953593,0.99410188624173779,-0.11615575614657642,17.2013408528002,-1.1406194854634759,,0.09368126571196857,0.3684210526315789,False,4
0.98632894431871287,0.12140740701358753,0.11142466119029169,-0.12450454506853406,0.99199154778114673,0.021245879319135335,-0.10795291499728743,-0.034828302470878328,0.99354575007424117,-5.5632242396822456,14.285973646068324,-0.38899037508726836,0.30843348296201,0.2294375868906688,0.8561151079136691,True,5
-0.26952220996806647,0.93644612667988403,0.22455830013644967,-0.9627321201895902,-0.25658095014477461,-0.085516552655382563,-0.022464262489243641,-0.23923809865706375,0.9707010297005807,-23.046284570417448,14.362961657977458,2.1754432138890305,,0.2006652093849579,0.1785714285714286,False,2
-0.99381208918225983,-0.045856405855536291,0.10116680007396017,0.03393159936291789,-0.99259987663956062,-0.11659387402348206,0.105764729280922,-0.11243965020019189,0.9880137383169284,-28.534761053081493,20.660206352146123,2.9783825552788383,,0.2330892370620487,0.2352941176470588,False,1
0.39384629655032322,0.90937677880595136,0.13386175279782744,-0.917765820105926,0.3971142677954187,0.002481483146339513,-0.050901808797841078,-0.12383106428445266,0.99099690886464831,4.9975662271882237,12.707033893568244,-2.0373215831835481,0.355848005033167,0.2860744723241099,0.9649122807017544,True,5
0.95037546640065751,0.29102352837187739,0.10996262454905308,-0.29853037690564671,0.95257035163817594,0.059070629288121762,-0.087556192975171837,-0.088966460612441983,0.9921788558308372,-13.288203618161385,12.220738082970026,0.67653139128355899,1.018925491181541,0.3772084364699337,0.6979166666666666,True,4
-0.96508225069295706,0.22952545581948522,0.12623119475104527,-0.24100236075326886,-0.96683370275314706,-0.084560353192218038,0.10263581981340614,-0.11202971191384459,0.98839022260427756,-6.5900240246383994,-10.475690908981349,-0.99956449141645909,,0.09311985382462858,0.3243243243243243,False,5
-0.10840147532965379,-0.99235808729078168,0.058945285943292507,0.99397986221898205,-0.10914590317245942,-0.0095501478419275903,0.015910802917798988,0.05755517708469108,0.99821553180726563,-16.116816974559153,5.1092424058902921,1.0336087942254972,,0.07416347372617196,0.25,False,2
0.82301045949535212,-0.56077427259179891,0.090476509439688269,0.55991659985540354,0.82772219052376683,0.037005087770507428,-0.095640915761064912,0.020203725242584396,0.99521084435345097,-28.333232327687764,17.508576681418937,2.9608605016907461,,0.0892922042780199,0.3846153846153846,False,2
0.90362162261029388,-0.42476533555096546,0.055157709029790204,0.41782917399292402,0.90246747234292524,0.10474370016073378,-0.094269531193965111,-0.071602172294189123,0.99296847100561203,-14.311431210392083,15.969167027872862,0.90893046924280485,,0.1601753396905148,0.3333333333333333,False,1
-0.68385962810374412,0.71445343325993194,0.14796047023750772,-0.72775132782558838,-0.68242083874995896,-0.068409090681685075,0.052096198497598431,-0.15446064399353718,0.98662449572225797,-7.8463788350228327,-5.3328342902504575,-0.40016024740862516,0.1569876566883057,0.1642636897853442,0.3192488262910798,True,6
-0.98622509376607814,0.1139973847872343,0.11985266241416052,-0.12410787339160276,-0.98899283205163868,-0.080563105157970105,0.10934944073156201,-0.09432801499104855,0.98951752152225392,11.368106342529318,13.614275937279508,-3.0293941018070472,,0.2187944414091993,0.6470588235294118,False,7
0.89755018739076231,-0.43260860414070013,0.085167228076547086,0.43227860543626334,0.90144059635240592,0.023239159406011546,-0.086826657179041838,0.01595765870213247,0.99609562027541287,-0.2633933658790541,23.785268067477627,-1.0139014707043918,,0.1145000490396477,0.2307692307692308,False,2
-0.59605329321969591,-0.8021678564519128,-0.035315743193339411,0.80248282408970339,-0.59364193168449275,-0.060088051948099998,0.027235797821411077,-0.064155958579438996,0.99756815521335873,-7.3884335014240001,-8.4975393758586755,-0.68578601494151969,0.467508217876399,0.5434387001747149,0.4142857142857143,True,5
-0.30974789843964656,-0.94739622891867059,0.080601642929299777,0.95017467984503134,-0.31154347566612084,-0.010427873765221259,0.034990244263404247,0.073355628281359775,0.99669184535935307,0.54223950918684793,-9.369445001138974,-2.1356405412142574,,0.07703270561268212,0.25,True,5
-0.26576256762189798,-0.96398887963633662,-0.0097825144260595687,0.96384819779412656,-0.26549479784244517,-0.022564661034748221,0.019154875620323142,-0.015425701153565063,0.99969752349592733,-9.2061527766004954,-9.5519200045509205,-0.51967181080388614,0.5486421093037315,0.5630809760861488,0.6644736842105263,True,5
0.75034818149002891,-0.654168208847,0.095087123568424872,0.65656030861920667,0.75423270499852579,0.0078477930949547615,-0.076851595171870471,0.056541853918288296,0.99543801970540791,-21.346141079192538,14.338831174104145,1.9094784630774668,0.2407968485922313,0.2699312492453188,0.7948717948717948,True,2
-0.021774584056677711,-0.9934514820758894,-0.11216068941646648,0.99962426306547836,-0.019765836190419987,-0.018990640075889093,0.016649329714951359,-0.11253205979147393,0.99350859852299733,5.894821422958854,-4.1880645159926884,-2.7353426096054179,,0.5643779630050214,0.2647058823529412,False,3
0.039685956811020801,-0.99792873653949332,0.050628664022319331,0.99921191385155628,0.039673456367463569,-0.001252228800759668,-0.00075897898803198912,0.050638460171593583,0.99871676180103541,-2.3523415360953881,-4.2463983717241414,-1.2756764116157915,0.3706351273683211,0.2436188705291145,0.7106017191977078,True,5
-0.98806407033732424,0.093408838035589942,0.12249155842457331,-0.10896739529125719,-0.98587737336133907,-0.12716883052692557,0.10888296318469033,-0.13899853837716408,0.98428852815479562,-18.127439854720766,3.2143633050587401,1.2858890676175798,0.2639787426236074,0.1123911710273791,0.2352941176470588,True,5
-0.89577125144596681,-0.44401921246142978,0.020995333959197254,0.43732472935917971,-0.88875857792955015,-0.13731449758697778,0.079630058230838879,-0.11382060060364976,0.99030496550526181,-0.75698462304594538,20.901974240871631,-1.0391326553998579,,0.2439365498527981,0.45,False,3
-0.992673311126683,-0.058530999373488275,0.10570628878703739,0.055410234619506379,-0.99794351759611588,-0.03222485977164441,0.10737505891127176,-0.026131547987664264,0.99387511233734471,15.863245918881457,-3.2635095924981963,-4.6916109135746202,0.1467762107834029,0.1370037820234247,0.5789473684210527,True,4
-0.90702542135350872,-0.42068400195870703,-0.018161924856569825,0.40915567432526839,-0.87033813659812187,-0.27404956148540549,0.099481250424007031,-0.2560009735897788,0.96154406156720695,1.5791273536594053,-3.7759539552667372,-1.9468698147648564,0.4430591276993667,0.2421503432968802,0.4042553191489361,True,5
-0.66129834620922689,0.71790674263095267,0.21747277113688715,-0.74780152957323587,-0.65372937063947356,-0.11589125217740512,0.058969226456436298,-0.23926516430172895,0.96916191190264811,-20.588643363202607,12.961157287497571,1.8156401552593686,,0.2737617154884304,0.2857142857142857,False,4
-0.78254106469753881,0.60726843788564078,0.13731178540087047,-0.61720290720226179,-0.78563074403961286,-0.042952361528081864,0.081792746641236008,-0.11836121986400917,0.98959616421507246,1.4100879789661789,-5.3438043169729275,-1.9429225341953686,0.2210765278209261,0.2362750413184607,0.6067415730337079,True,5
0.45062291668887933,0.85894033458895425,0.24322929217309514,-0.89148595571739464,0.44726645354394517,0.072149222399601615,-0.046816425680017586,-0.24934759102593995,0.96728175891831547,8.6218236612011516,21.755367359112523,-2.4277256983806197,,0.2328437506452447,0.3571428571428572,False,2
0.9952026888514458,0.051003796917606564,0.083487848234577555,-0.057668839911364983,0.99516766410992663,0.079470907968071075,-0.079031088858307286,-0.083904308649674311,0.99333486497952483,7.7585181285809242,-8.4016504341333604,-3.3176081776715303,0.3932247445436218,0.4304852538448589,0.7307692307692307,True,5
0.92957038729098351,0.35110052528177937,0.11237133183579097,-0.35792030730925356,0.93256566578765532,0.047056695694412967,-0.088272015312556684,-0.083962492464705857,0.99255143502579968,-1.1641446722970519,16.164319647987007,-1.0239497477994808,0.2490476438374363,0.2045685242904612,0.7241379310344828,True,5
0.80686863199300185,-0.58982555942699977,-0.032692814996082967,0.58483102968808176,0.78978362981423844,0.18497157833414252,-0.083280714572579004,-0.16836753702561716,0.98219992621472318,11.922891640123781,-13.050255467459603,-4.4839709539468622,,0.3586605214143539,0.12,False,1
-0.17422100854287881,-0.98212335989681621,-0.07127935274180254,0.98355521711719129,-0.17006137066838473,-0.060813362741623342,0.04760435971480078,-0.080702144651666044,0.99560081799120914,-2.9972356434428855,19.039864223107298,-0.72886908013782692,,0.4020480952344278,0.2380952380952381,False,5
0.77366582330003275,0.62186058773829755,0.12136969669263054,-0.62797663705671436,0.77805758504793709,0.016484467243788097,-0.084181572617893941,-0.088970802891459297,0.9924704827169557,-1.3391670721447011,-3.8575875236515023,-1.4312322037882612,0.2375916620967183,0.1221014380346772,0.4692307692307692,True,5
0.92481118541206608,0.33858572078209626,0.17344734364987818,-0.35687652331969605,0.93006649265406238,0.087266639361320814,-0.13177032458022195,-0.14260444917547527,0.98096919046185305,13.671482008474587,-5.2606200965828025,-4.289676082833604,,0.1746149497009466,0.25,False,5
-0.086898036000561493,0.97908293884788988,0.18397100368325606,-0.99618299572534985,-0.08386999414046438,-0.024192211774580936,-0.0082565348005571877,-0.18537104126550608,0.98263391285525548,5.9612514678677391,6.0478784627615569,-2.5603140593595137,,0.1390515534520839,0.3488372093023256,False,5
0.21180787993110534,0.96531586878670317,0.15265220426728984,-0.97695477788115936,0.21335061460828159,0.0063935296544607098,-0.02639666596872596,-0.15048850027440752,0.98825929153785075,16.930761824897512,-4.3381230375386712,-4.980851647572119,,0.1108650924074717,0.4545454545454545,False,4
-0.9444589517067189,-0.31691471931100945,0.086961768755416224,0.31180425167256587,-0.94774676581087991,-0.067484639244267008,0.10380461059104096,-0.036621422406041208,0.99392327381996703,4.0192346498075491,-14.229001021486633,-2.886669308408595,,0.1181934284874326,0.3043478260869565,False,3
-0.81491088817223545,0.55176391772615996,0.17741708890018662,-0.56996311546609768,-0.81846091397484722,-0.072551907649878136,0.10517742793260021,-0.16024453622802823,0.98145779189048465,-20.461392868596143,10.108295322649504,1.6947599244934217,,0.1236355830750448,0.5652173913043478,True,3
0.93276661124830396,-0.35114301878007775,0.08151704915150744,0.34584271191294519,0.93549494482861428,0.072401842634061464,-0.10168218898634536,-0.039341944056208292,0.99403870341190614,-2.0089791397755441,-8.1320604488718669,-1.628059232781631,,0.104728905188668,0.2903225806451613,False,5
-0.97806643693371687,0.17443067894103823,0.113841921926644,-0.18116029316468216,-0.9820967767511527,-0.051641739663599362,0.10279588087209543,-0.071132688260496901,0.99215580809496096,-19.062040118625497,12.867873824658712,1.5447274144448357,0.2265191318593251,0.2194914325615455,0.8202247191011236,True,3
0.15886198459773615,-0.98571144702755087,0.0559983307654685,0.98718989159271842,0.15943856352645724,0.0059550312992658963,-0.014798235936219482,0.054334957987193039,0.99841310315605569,8.7259573752237198,-1.30449640422807,-3.1656429075089765,0.3521311507933572,0.2970692640285167,0.75,True,5
-0.10438501425665998,-0.99452767267897701,0.0042984967575364075,0.99436153545256178,-0.10444680314517742,-0.01833036074866326,0.018679015259388712,0.0023608448678827526,0.99982274469050236,-6.6549156185336518,19.06873922486642,-0.176519770344297,,0.1321840253767697,0.35,False,3
-0.97561339446784889,-0.19694708018741561,0.096903829339064967,0.19244629701248281,-0.97982734348294431,-0.053877636634705267,0.10556006489722425,-0.033914960840457462,0.99383441685729801,-16.912989312771408,9.5685540982081498,1.184548295733646,,0.1072746851147676,0.4545454545454545,False,3
0.57274062009811444,-0.81434078716600189,0.093900289922257338,0.81757229079737448,0.57578689678625594,0.0067081152037590241,-0.059529248357095638,0.072928265076786999,0.99555900716277457,-8.1424871792627478,11.883796653768572,-0.076647870144210276,0.3123812380887872,0.2810482234779813,0.8855721393034826,True,5
0.99538668784081163,-0.028929861562752672,0.091478985451639211,0.02081672394156435,0.99586479726495591,0.088430591837731373,-0.093658986080578266,-0.08611834112656086,0.99187278702864412,-9.4834296386642638,-3.0324836957628416,-0.091931750306216725,0.2885391613731876,0.2945919231213051,0.6962283384301733,True,5
-0.57776191792004961,0.7857272732760423,0.22096112380131674,-0.81354766789741062,-0.57620534049092798,-0.078278973220256939,0.065813055391994973,-0.22498901666510021,0.97213609341492979,-14.560935798355272,-7.3166152031285092,0.60573438412807401,,0.4993582278641585,0.3269230769230769,False,2
0.4918033138187774,0.85949825706181182,0.13925604699465519,-0.86901185405174353,0.49450088654234381,0.016949062699393985,-0.054294548846278719,-0.12935076078842617,0.99011134861137484,3.4329454097548386,11.35224885825898,-1.8705677640542899,,0.09454800471035141,0.3333333333333333,False,5
0.8945890553248449,-0.44674376853022413,-0.011420480393378007,0.43705710309382234,0.86928899062198817,0.23090634339195054,-0.09322827215087616,-0.2115576896801889,0.97290895422384893,-19.838106463615777,15.322273766296565,1.7041433936670831,,0.1443456572500706,0.5714285714285714,False,1
0.97410499970180531,-0.20593507360506189,0.093328425547761662,0.20242233248534219,0.97822849302000958,0.045762591218102999,-0.10072064767037542,-0.025685811318301551,0.99458312384123104,6.2146707567616959,-16.251206731038813,-3.4054302858251879,0.1809700063852057,0.1867862033776137,0.4782608695652174,True,5
0.0057287836513640021,-0.99814010466631931,0.060691947526711656,0.99993087674072401,0.0050947424785120852,-0.010596477698022138,0.010267559515430159,0.06074845722968527,0.99810029664648947,8.4630086898339982,-16.607200544356541,-3.851903575589926,0.460155899766799,0.4461879822846583,0.9444444444444444,True,5
-0.71501557398252513,0.6827322609945583,0.15043067758838269,-0.69482827672860514,-0.71776565439956641,-0.045012567386460492,0.077242441836067516,-0.1367081751821094,0.98759530173932131,-0.5208714811552162,3.1457522668311673,-1.4201850253921309,0.2036374032623119,0.1683078806118192,0.1294117647058824,True,6
0.90620769619465091,-0.42262661690738057,0.013204318952747054,0.41215111171852814,0.88985890429274106,0.1956593763664401,-0.094440841095179862,-0.17186585796005316,0.98058301759763844,-3.5994149495236174,-13.230531876600567,-1.5609881384135569,0.3173745085228986,0.4290986853102376,0.2531645569620253,True,4
0.885331858274789,-0.46133456131796946,0.057947590607927778,0.45876381271109856,0.88700174346946303,0.052570630858943868,-0.075652262824606464,-0.019958196704311974,0.99693450412443196,13.313144324269075,6.5254204148433379,-3.7833328890356142,,0.2065939361144757,0.5,True,5
-0.93406992471916928,0.33841790830934604,0.11395918159872395,-0.34509171363139252,-0.93751476877086215,-0.044472098212974043,0.091788261330481943,-0.080866418691830921,0.99248956539093314,-5.5978676607652478,18.697091784941975,-0.33709529882197242,,0.1082626411204614,0.2941176470588235,False,5
-0.052203794480369083,0.95713081409137823,0.28491291399061996,-0.9986355714766848,-0.050412968990829213,-0.013620864104906091,0.0013263571487391037,-0.28523523147448782,0.95845662578043078,-21.436487338038674,9.7573810200702802,1.8153218362655748,,0.2452535437227477,0.2,False,1
0.72306500102940385,0.65180107502203344,0.22876267808904113,-0.68881797874732131,0.7052686145461089,0.16770800067577918,-0.05202688190544668,-0.27883963121538891,0.9589273505447965,-22.961386522208805,21.266588060964395,2.1933097063509268,,0.2124302438160741,0.3157894736842105,False,2
0.3666943252714861,0.91809390365046029,0.15046214106395184,-0.92888245587921137,0.37035341940991162,0.0039658405402649873,-0.052083154411903906,-0.1412158943293747,0.988607817193077,-0.26228623882471086,4.6871002382245068,-1.4566411278743288,0.201674454354208,0.1447334198492565,0.2727272727272727,True,5
-0.51407338755486753,0.80568235448748271,0.29428641809531109,-0.85622702710470089,-0.50242546334635407,-0.12018290991919761,0.051027740135219463,-0.31375882051140286,0.9481305671098178,2.1710793327394802,-11.349935499312586,-2.4593970907762812,,0.1090981875792496,0.1875,False,3
0.73866291688125907,0.64088821308271304,0.20890043933921659,-0.66915021371999506,0.73455834636826245,0.11252567377807385,-0.081333183283060329,-0.22290431604697863,0.97144149550277792,19.424913027084461,-2.9014398252949398,-5.4269927613524249,,0.2828084245145795,0.2,False,1
-0.95254835244975455,0.2814570889019366,0.11590316368462504,-0.28729741871592107,-0.95713159195601438,-0.036868806312564256,0.10055759267418005,-0.068418000457423883,0.99257601611613655,1.8291841533500872,2.3779774370530506,-1.8077302344028825,0.2549006033274978,0.1961274658638798,0.7534883720930232,True,5
-0.50628636869384691,0.84086955884771875,0.19134392563664002,-0.86102141619313943,-0.50527990115344157,-0.05774376457356914,0.04812726598880937,-0.19398609871227934,0.97982302472172556,7.4951241981248398,-21.94233981646159,-3.8878928734339944,,0.3009601258486127,0.8055555555555556,False,5
-0.92860608050767035,0.3316901966824975,0.16635011472466033,-0.35817632270450245,-0.91836502472383197,-0.16827181349790968,0.096956016306682768,-0.21584090156576258,0.97160292100899781,1.0420243544217136,25.510513478845947,-1.1999808987193823,,0.2535402817533196,0.25,False,2
0.99439516925143412,0.0041914133254699155,0.10564411684400123,-0.0067034320023017643,0.99970290545883089,0.02343426586355896,-0.105514507859367,-0.024011098923383784,0.99412783672910454,5.0650849801220819,-6.8521869897335055,-2.7562474976848592,,0.08536230408127933,0.1428571428571428,True,5
-0.71411589337872983,0.67199574974917387,0.196112730700851,-0.69797842462448811,-0.70493284438753012,-0.12607856147031563,0.053522047631014577,-0.22691715938366597,0.97244228270609023,-9.3980808352857714,9.0081673449980926,0.035105426256290123,0.6863640108642224,0.4080624041253896,0.5655737704918032,True,5
0.67515734839878239,-0.73238022870799435,0.088214259055734462,0.73454628648351206,0.67847056480971535,0.010929121651317028,-0.067855050780383716,0.057418579609853318,0.99604156479495354,-0.79682846705520671,9.3889897721200999,-1.2997831451276536,,0.08475156776571016,0.6041666666666666,False,5
-0.25609459985869765,0.95708471816426033,0.13566281059912333,-0.9663425913537923,-0.2570279508899827,-0.010891675579803962,0.024444877967635236,-0.13388605124409608,0.99069519693163577,5.114796344312202,10.849587946175838,-2.1926587470548302,0.2684756439301564,0.1837634973851543,0.45,True,5
0.10308255383090742,0.97963259858570761,0.17231935144931235,-0.99455726805517941,0.10415250542454271,0.0028453773754234662,-0.015160067754335106,-0.17167477217693972,0.98503702719424713,-20.032774256745579,5.1390226448229859,1.6162273100381652,,0.1059703315823951,0.5714285714285714,False,1
0.44596761066661234,0.87474676032702281,0.1895547296526553,-0.89354029491187958,0.44740875333006674,0.03756526071288839,-0.051948355172273225,-0.18612767859997037,0.98115129090975661,0.77140761247698608,-6.1003030226096646,-1.9100725288455382,,0.06996305721628712,0.1333333333333333,False,2
-0.37952434485255138,-0.92460423984356777,0.032684420257073035,0.92454926221606992,-0.38033421817381319,-0.023548762639170651,0.034204289204185195,0.021281027921917328,0.99918826276664396,-24.869883454190163,12.40085027535884,2.402794942516866,,0.3478216903444048,0.7916666666666666,True,2
-0.55026422058677582,0.81799668832311123,0.16760282048477096,-0.83440810678469612,-0.5461852660507146,-0.073788660924891239,0.031183310824966767,-0.18045241212445023,0.98308927777921595,-2.2455047479231474,7.1165447489222817,-1.092413941550358,0.1901078426158244,0.1812814733033196,0.6679389312977099,True,6
0.51328453742362656,-0.85810581058088009,0.013906886392917303,0.85706114727324134,0.51336631285667667,0.043602966167649068,-0.044555285617869825,-0.010461676312747428,0.99895214092179541,-6.153966481130869,19.834534884979263,-0.25739978903686517,0.1842397211338555,0.2032436587647234,0.5757575757575758,True,5
-0.23843057727025405,0.93124572584996124,0.27555808445544278,-0.97072817933643352,-0.23698576035571223,-0.039045502055912965,0.028942385263601843,-0.27680163921986523,0.96049111961561051,6.1067799924880211,-10.395347230651371,-3.0986657327987603,,0.469972430779054,0.5423728813559322,False,4
-0.92920308111915018,-0.3578961168066695,0.092152067873623386,0.35630951686805679,-0.93376016662284889,-0.033696875489008737,0.098107911138348686,0.0015234182539678176,0.99517461632062032,3.7882809534789974,-17.684644217166689,-2.9873905484439764,,0.08404530327330768,0.3125,False,2
0.96868704888969426,0.22111029716437747,0.11294085975082717,-0.22573644744982119,0.97373250368136188,0.02980046253266681,-0.10338499700686464,-0.054362190558397139,0.99315471837553237,0.95263066446012012,-18.307105720817933,-2.5044510270948437,,0.127384419395716,0.25,False,2
-0.90210191435818587,0.38073871365025286,0.20310137379950724,-0.42113946717302009,-0.87941284369134998,-0.22197882678291161,0.094094023723726453,-0.28578152893188147,0.95366410880395158,-10.099802184674303,5.9684600136360286,0.15900250876184183,0.8882076359397014,0.5833867508399769,0.2557172557172557,True,1
-0.98773348522167803,-0.11952481178742262,0.10048075208226571,0.11359547212308115,-0.99153949384016538,-0.062813222081995523,0.10713837260744102,-0.050628564292985484,0.99295423741110012,-6.4688089525606625,22.042025667153744,-0.14094586808810133,,0.2354364674019488,0.2352941176470588,False,4
-0.00042070697824899295,0.98163073407085621,0.19079026425147827,-0.9999654068088405,-0.00199788199664756,0.0080742586753452215,0.0083071169046407614,-0.19078026731042685,0.98159761685412272,18.227138197539819,11.046538567556711,-4.4958246901975407,,0.3440261953180309,0.5714285714285714,False,4
-0.044198815889882573,-0.99721353277544766,-0.060096877817759339,0.99901286288682756,-0.044386032426558836,0.0017832308017721628,-0.0044457238551432144,-0.059958737269383,0.99819095636279143,0.68268728373057685,-11.738556385709524,-2.2571708439640954,0.579062631664313,0.6236830877278312,0.5492957746478874,True,4
-0.93045859372817974,0.32316281095946398,0.17266326468058288,-0.35010878451157151,-0.9231282508291262,-0.15892788153432558,0.10803075657056754,-0.20832673888374581,0.97207475304158331,7.0339920959474123,28.207602073519055,-2.0473170741446891,,0.2424407342193123,0.2142857142857143,False,4
0.54072983166975708,-0.83982685960540993,0.047980152435264115,0.83801320379170408,0.54276402298401993,0.056045388971492263,-0.073110323574442485,0.0099025875162689209,0.99727469603280461,19.298568821718717,3.0663785617618324,-5.1244774755369704,0.1932609072362039,0.1775711926182989,0.4411764705882353,True,4
0.043501010036677522,0.97248278177552727,0.22887748092794361,-0.99898144899056596,0.045090142446629858,-0.0017157001054368699,-0.011988607029094604,-0.22856972285120114,0.9734537251956189,26.253823014273451,4.7452676866516468,-6.2373091397065625,,0.1583597748163943,0.2857142857142857,False,4
0.8412531072438828,0.5185241753447849,0.15305518330171747,-0.53574146527949129,0.83755402020535863,0.10716503915934841,-0.07262432053172882,-0.17215093035139753,0.98238982346441894,-3.1221875067491442,11.79473900566618,-0.78885046897757549,0.6720742334056821,0.6370747489125117,0.7222222222222222,True,2
-0.76862566656535525,0.60698524884671967,0.2019492321833582,-0.63574261717580849,-0.75986431500714391,-0.13578493099448147,0.071034564849906195,-0.23275551650005741,0.96993760631051662,10.844702329475663,11.285565180847907,-3.2381187494274357,,0.2278961448805492,0.25,False,6
0.17306809729843292,0.94552993442547206,0.27571829247052793,-0.98484894420073432,0.16925147460918757,0.037768974692403527,-0.010954031413138474,-0.27807747382335546,0.96049618830468131,17.193348028385966,-3.1936860457367349,-4.9330509371527311,,0.2899538192710006,0.3888888888888889,False,4
-0.7131724487856349,-0.70090168003568398,0.011040526086008529,0.69655228233844735,-0.71034023614459496,-0.10115170232447858,0.078739928004792306,-0.064448303602157572,0.99480975060591537,-0.78047600101914094,11.015465828226361,-1.1514151773243564,,0.4823065827846208,0.3666666666666666,False,1
-0.96415837485572031,-0.25298332324622513,0.079987913804971056,0.24754990021580869,-0.96619988263442746,-0.071950216819415602,0.095486517889797964,-0.049570404038233193,0.99419570505246446,12.087294811073155,6.6212928621096383,-3.5587893431729021,,0.1242380625191338,0.2142857142857143,False,4
0.87569720508420335,-0.48276281583346281,-0.0097194987659019599,0.47772972550522491,0.86328980172388803,0.16280364740457165,-0.070204803086518178,-0.14720999248718022,0.98661061403955452,-9.333376690568647,32.827834396196572,0.35772727530381682,,0.3746314331754007,0.2142857142857143,False,3
-0.37587256459452828,0.89131284462753035,0.25353742955846265,-0.92483269984205352,-0.37804003299012151,-0.042073872649023784,0.058346315119213982,-0.25029411990457962,0.96641014122017654,-1.7089616533089331,-16.34472124874738,-1.8550282353377214,,0.1913926224685651,0.4444444444444444,False,4
0.83430663324494048,0.51207388603581139,0.20423706070073699,-0.53572207770743707,0.8404910225983262,0.081096833405801788,-0.13013184537353104,-0.177073928549079,0.97555652150343219,-6.0209034428491277,24.982603368585185,-0.20401591889642307,,0.1465897708586301,0.4117647058823529,False,4
0.79890930991492204,-0.59975128024766133,0.045191994562686744,0.59627906636411654,0.79963278987170838,0.070983634578158553,-0.078709526406911021,-0.029762446191118563,0.99645321377850971,13.489798453822447,-18.021425960911358,-4.7851501265765384,0.2971956988724432,0.2614427436191697,0.65625,True,4
0.31379557072884068,-0.9494695525429292,-0.0063173241877028802,0.94939571813415236,0.3136632371000268,0.016221716323223296,-0.01342051338436398,-0.011087943265717617,0.9998484621854643,10.830686592078774,16.628094340823608,-2.8923822695179888,0.1971351209899637,0.1916681109796889,0.3181818181818182,True,4
