axis_00,axis_01,axis_02,axis_10,axis_11,axis_12,axis_20,axis_21,axis_22,location_x,location_y,location_z,dbh,dbh_approximation,score,reconstructed,number_clusters
0.36958560741222801,-0.92917843455159943,-0.0058237065493456919,0.87958981033343009,0.34782727541776198,0.32455808730188251,-0.29954673149833316,-0.12507447077519376,0.945847837872969,5.0881160089092141,4.0332723246069975,-3.8760475965142858,,0.2388052684406154,0.3125,False,5
-0.5218517887963231,0.74952168198874991,0.40729345533513428,-0.7797167583919753,-0.61277618353651564,0.12863563104028555,0.34599492368066292,-0.25044479854686075,0.90419296373508362,0.15719238785885747,-1.5164005793778641,-0.97414336458828976,,0.614081082771117,0.3417721518987342,False,1
0.24352078082247922,0.85837643930479335,0.45153905451692,-0.95056406158294704,0.1187376481575326,0.28693089017557694,0.19268003045085152,-0.49909043204257281,0.84485687930501963,-5.2032002174356764,-19.136103309690753,5.9709254589104317,,0.3417291649707492,0.2666666666666667,False,2
0.9207053381086685,0.282697554636412,0.26904232563073871,-0.37867024786856063,0.81389207416498344,0.44066828226068777,-0.094395570644848173,-0.50760396394631813,0.85640393041404217,7.7776210059457149,-4.444909941965685,-1.6051789593877892,,0.07944229227283492,0.2121212121212121,False,2
0.84655010128873964,0.47279893971034531,0.24456918983550846,-0.53134618803286049,0.7781710652067324,0.33484477260062828,-0.032002413517916467,-0.41341378289044944,0.90998070839179634,0.79517246992892687,-19.35753284782556,4.8295146783781124,,0.1349306633692108,0.1904761904761905,False,1
-0.97578282780407333,0.021049954883763385,0.21772637038741594,0.01858352835922646,-0.98378280396518225,0.17839856248335068,0.21795074084849658,0.17812437795483152,0.95956718396462282,1.3725812122972811,-10.733662488975991,1.9095613342408468,,0.08370896296529322,0.2727272727272727,True,5
0.94016371663182607,-0.29005443854447521,0.17877530201255923,0.19739529392783139,0.89134810632503669,0.40808534804121188,-0.27771799341090153,-0.34837763422961177,0.89526852960684467,-5.1165640469474365,-14.878778880054597,4.5728656810848696,0.3031596478119682,0.119708535141399,0.3103448275862069,True,5
-0.42113620706966742,-0.90656257769088433,0.028081805950372102,0.89041050520666565,-0.40734226637911114,0.2030798124845021,-0.17266565180308857,0.11052859698552886,0.97875941984525805,-9.8154248333181258,6.5132535753355292,-1.4775300452670304,,0.1403809535063556,0.4117647058823529,False,5
0.19112989446349815,-0.97322482729152593,0.12768241455169993,0.92783490476348285,0.22157982107324131,0.30004128448546796,-0.32029947384426216,0.061121341907148102,0.94534249276045912,-12.908871820208045,6.1795636637836298,-0.67593472857455084,0.6373274355959264,0.5411640504895201,0.8969359331476323,True,5
-0.8973821854981896,-0.39303440421381647,0.20057210736985276,0.4344780235591022,-0.86639663126348987,0.24614167542180554,0.077032851399059424,0.30802732742334349,0.94825371360504762,-5.2949185703099459,6.4773484824547971,-2.3484232058191634,0.1922757081785616,0.1272202727188228,0.5925925925925926,True,5
-0.90070997332200786,-0.38809855940430543,0.19519490809591025,0.42794189112645675,-0.86997823705246313,0.24495633258644434,0.074748122233136496,0.30416668989781193,0.9496817061411833,-5.9090560707025572,4.4705115218846263,-1.5757277375453187,,0.08041296205952761,0.3866666666666667,False,5
-0.97329988024165859,-0.099824555467316653,0.20669397970750319,0.14468144065049468,-0.96587992286733182,0.21480981200376942,0.17819827118373083,0.23897914705586756,0.95453357375190306,8.9945522816409458,-8.5794498489959992,-0.49106163565556893,,0.0856070377698424,0.5,False,5
0.97792311117798481,-0.010544481516080529,0.20869883213264115,-0.056699538855956522,0.94786937376263358,0.31357425368858888,-0.20112570924049752,-0.31848463729415688,0.92634549974084546,-9.5668122429347342,-13.623758242775388,5.0520216638856006,,0.5839512704145394,0.5277777777777778,False,1
-0.74377375674580137,-0.64356586077558098,0.18061999230545822,0.66825899781925857,-0.70978311084969126,0.22279552820049184,-0.015182575863084413,0.28641040204001256,0.95798672798397411,-2.8603187081850172,-11.879531738605602,3.0621241548868436,0.3405791089037934,0.2247668242187497,0.7511111111111111,True,8
0.29472628668862016,0.80845560188244725,0.50944671528986007,-0.93242382969603765,0.12664804953435496,0.33844655909629001,0.20909858380608973,-0.57476935490162828,0.79114977780206319,-19.372149568410101,-13.814230115615285,7.1717404215285381,,0.3662453765446054,0.1052631578947368,False,1
0.95868597720022519,-0.19938926762084863,0.20289188519325094,0.12338309780841537,0.93410990356298784,0.33498552094194289,-0.25631583699578286,-0.29611249217682034,0.92011933121850242,-30.326803136643527,3.00707679523937,4.3308711186770887,,0.1717662244581592,0.3333333333333333,False,2
0.82183583709840557,-0.56092456851467554,0.099747106711860739,0.48424234422679252,0.77997798678344599,0.39641353684124192,-0.30015863958664085,-0.27748507810307033,0.91263728967845126,-1.5826256357573554,13.742725701574317,-5.5146753729593216,0.7976992494322602,0.4783191679739449,0.2,True,5
0.26400314456594842,0.92411224612824772,0.27625874866706612,-0.94001264074345736,0.18235704560252436,0.28830911043813379,0.21605225039744472,-0.33580122762569098,0.91682002629920545,-8.0530800972382064,6.726916823997513,-1.8566689254407145,,0.07004203811550072,0.25,False,5
-0.71239436663176192,0.64357672431859347,0.27982720794568638,-0.61597698928006817,-0.76448881374750044,0.19007683270825276,0.33625379561990365,-0.03695745622046441,0.94104597728321404,-8.5610958562733313,11.067892090508805,-3.1804770325930081,,0.2402977764075656,0.3076923076923077,False,5
-0.9792953694394092,-0.045171954208884653,0.19733239457190094,0.083641667880284681,-0.97797816117033787,0.19121398397629771,0.18434926305449159,0.20376017968885407,0.96150774223842361,-0.92134988961530762,18.374495896913796,-7.2056663883351648,,0.1986783097520314,0.2142857142857143,False,5
0.54512156609652751,0.80467890192311609,0.23523252958780577,-0.82919545565289821,0.47613748023128943,0.29279343613472963,0.12360167677282016,-0.35466176100449165,0.92678889763534666,-6.4813052148248653,9.1880221953475107,-2.9910168930937422,,0.08241195859573137,0.2884615384615384,False,5
0.49228927704053255,-0.85184217161920617,0.17893066355989704,0.80034366319907757,0.52379839750176571,0.29169377701909277,-0.34220065530035404,-0.00039169587378182213,0.93962681852230634,1.2171892028080764,0.8279362138820463,-2.0353905838261062,0.186284833091636,0.1491858008057586,0.4615384615384616,True,5
-0.96273576234205638,0.18229855580625401,0.19976758610599418,-0.14035243651541085,-0.96819327615333717,0.20713032992697475,0.23117319367056652,0.17137390863962906,0.95770033829258361,-16.27633197767468,-5.4499499238896076,3.8243790453838646,,0.1125727079437091,0.1724137931034483,False,4
0.2879535057777784,0.91271689213002816,0.28988041211987925,-0.9333303129877899,0.19969933005424956,0.29835332147304799,0.21442319223536166,-0.35646606065148484,0.90937046479155603,-11.856573308745658,-10.528071649823232,4.463057109799629,0.7257721728056654,0.560405107387461,0.8888888888888888,True,5
0.88648171611514981,-0.44541390537427888,0.12552537549345913,0.36700048034734528,0.84190782326920033,0.39560316548649727,-0.28188794656451471,-0.30462709993917503,0.90980300920819757,-22.457449721094591,5.7664390530189964,1.4298332956600965,,0.3420955155459186,0.7368421052631579,False,3
0.047448825505598077,0.92841296516688754,0.36850776798890705,-0.9640053686572847,-0.054062303907974375,0.26032847807355564,0.26161471319111868,-0.36759574726346961,0.89242988992734829,-9.1035190482327621,5.0980506583190648,-1.1539571158103596,0.4423177845671047,0.3360776232180973,0.2784810126582278,True,5
0.56450061618885816,-0.80676589004262766,0.17455043106829005,0.74885259762825729,0.58949946312392176,0.30283687028170625,-0.3472158425933507,-0.040239056156107456,0.93692154261274974,4.4496626191327104,-7.3274641908204652,0.091998176513316793,0.8837251710646912,0.7916813298563194,0.6622516556291391,True,2
-0.6849010221219004,-0.69974831469632159,0.20313268071886961,0.72604657066359735,-0.63192651041492032,0.2711554215988542,-0.06137562320666537,0.33319841163258868,0.94085697710200045,-3.1599753375128188,-18.486639830250887,5.3241150724912103,,0.2012030342329266,0.5555555555555556,False,1
0.12523989658652257,0.94066955659650897,0.31536606284685059,-0.95888910786318893,0.033178533377174753,0.28183481641606473,0.25465004834936583,-0.33769804591597252,0.90615306800793793,3.3669357515794829,-8.5036548908089955,0.76698973486596567,,0.7297605559270923,0.589041095890411,False,1
-0.74219537519977019,-0.65916771582265854,0.12101217892927991,0.66888946579960395,-0.71737047256223496,0.19484991054182482,-0.041628206475820773,0.22556047418148345,0.97333938834952705,-6.7779084077971676,23.791377560164644,-7.370768943434971,,0.7809209775723247,0.59375,False,5
-0.72246222231113144,0.62887310825296938,0.28734465550887062,-0.62169117654366646,-0.77272338054263268,0.12805724567754284,0.30256969170922299,-0.086123114661604078,0.94922831330506097,4.0448798429876467,-15.426089553627591,2.8167855788017429,0.7236783562551389,0.3137617168787352,0.2592592592592592,True,5
0.97758278028362544,-0.0035751745332478282,0.21052108165215494,-0.0907524605014111,0.89505624376579829,0.43662147382921912,-0.18998920655099402,-0.44593894046485388,0.87466711540517339,-16.094879064814549,-8.3197296116889721,4.7541132971148379,,0.08866348752551878,0.2857142857142857,False,4
-0.045141353918508056,-0.99540568464393742,0.084438031389521967,0.96710110826576767,-0.022361753696810344,0.25340757360964433,-0.25035515684229098,0.093099274702529711,0.96366738063106328,0.49408716791917806,-7.3103912806299345,0.85198519462274691,,0.3932910558298865,0.3367875647668394,False,5
0.76501769509871775,-0.62915489176022288,0.13752108332916407,0.54738281948695899,0.74773935106614198,0.37584293501101157,-0.33929334670215955,-0.2122498175296425,0.91642241343295461,-10.459844646968309,-1.651701503356005,1.3136484006840587,,0.1876483854420082,0.2435897435897436,False,5
-0.30064383004538392,0.86891604753682772,0.39318976307709513,-0.89158577206443512,-0.4024445770282537,0.20763711968917764,0.33865631325565193,-0.28813757955797759,0.89570566412106745,-22.106664635574628,4.6705487013985287,1.8025266124570603,0.4818595541147292,0.3041425483184328,0.6764705882352942,True,4
0.96715978202094988,-0.14663260231130654,0.2076074082989455,0.071944235774223778,0.9413385074116265,0.32970568906665271,-0.24377445104041096,-0.30394192603763576,0.92097411614902658,7.6159939412991235,16.313958296858171,-8.4040770258996513,0.2572875558799926,0.1595042029984199,0.5,True,5
0.31215117376717361,-0.92893947338682237,0.19908063567205472,0.8900413572821696,0.35923177374847509,0.28067581843977607,-0.33224693684530704,0.089576713008114456,0.93892916955624117,-6.8276218868390384,-5.6479772566050404,1.7944145029233456,0.4369204720031005,0.3783668787845428,0.9932885906040269,True,5
0.97929002798485976,0.029897269439681549,0.20024283849732241,-0.098192024699058814,0.93506718032904568,0.3405990231298216,-0.17705752560937099,-0.35320747663595736,0.91863763861141012,-13.921207762005263,2.4845177264487965,0.59220627192672648,,0.2556603871606992,0.1875,False,4
0.29126591792825135,-0.95650066840042181,0.01645103045289148,0.90564900579742413,0.28123896194836812,0.31733976205377068,-0.30816236524201424,-0.077531397715719874,0.94816920379049274,-6.7468423760199636,-13.502970473156976,4.5057105614671507,,0.4985045113472852,0.4146341463414634,False,2
-0.74533854032574898,-0.66283608385911874,0.07154569336717212,0.66600090907393283,-0.73540807367360439,0.12497101379269496,-0.030220016839459518,0.14079520982613777,0.98957741459283344,6.5654457576116609,-6.9482032063868866,-0.48217614871418601,,0.3032231909686851,0.2093023255813954,False,1
0.26913848746609687,-0.96306787343850686,0.0080464722142749023,0.89587165672027202,0.25340914353008848,0.3649627113290117,-0.3535229119162408,-0.09101690571525986,0.93098736491119083,1.5844643228260968,10.433366602678909,-5.2228636480253758,0.6365367827751323,0.537089309473297,0.1818181818181818,True,5
0.26840300639515402,-0.96121986820322192,0.063373426050854276,0.90617875971356199,0.27425707947789202,0.32190543611478117,-0.32680251162136609,-0.028972734210588325,0.94464845263745023,-0.89950625246865257,-21.378780787306926,5.7994419889057083,,0.140836191664562,0.1818181818181818,False,1
0.98906679291660493,0.08297649436121414,0.12190890260020149,-0.12702847489478744,0.89928450921319603,0.41851061880803653,-0.074904243641908286,-0.42942085751940917,0.89999282297789962,-7.2224993468418388,-12.16443700042354,4.0627944277213457,0.7730379934967311,0.7610612846497624,0.875,True,2
-0.92359140277636476,-0.3592484182507531,0.13386371689863763,0.36612526409867663,-0.93008087216533109,0.030031020975847644,0.11371548578034933,0.076747281492633768,0.99054461942773164,2.3319490912882137,-7.8930444899971262,0.65078676145963632,0.2935268773071985,0.292950541092213,0.2380952380952381,True,4
0.062365314492116679,-0.99425792241447042,0.08695833062082553,0.95604277917750857,0.084525458018831212,0.28078043259681251,-0.28651836229262129,0.065624924097237886,0.95582456413632011,-5.3348860908126889,10.196808351634886,-3.6343094426009444,0.843970323215557,0.8364689154460947,0.7969924812030075,True,5
-0.89479994325474188,0.24203225577325557,0.37517122586443047,-0.21793817125296971,-0.97017883134262028,0.10609424454502001,0.38966141079432198,0.013168993126909716,0.92086403043978304,11.333120939495243,-5.8616276603460742,-1.8953410725995008,,0.3918748171145944,0.5384615384615384,False,2
0.97060182163047626,-0.14056287179141513,0.1953821458612629,0.061776068381870851,0.93004592760618998,0.362213044931323,-0.23262807488108575,-0.33949470042534158,0.91138769311431256,-7.891047879023259,-15.883316254650884,5.5299508176906027,,0.229934931398513,0.2173913043478261,False,5
0.79864411182171124,0.55435173813538308,0.23422581642250748,-0.60180285269555656,0.73628721013668585,0.30937755360825203,-0.00095348833290831436,-0.38804032601704691,0.92164190239191246,-2.1493909064091277,6.7697457227683824,-3.1801202736783343,,0.1061252923728673,0.2698412698412698,False,5
-0.81126163172844401,0.53399485791723966,0.23812613590962331,-0.48845168297028807,-0.8428295581213715,0.22594974963567846,0.32135575035899755,0.066991250733806906,0.94458596963766339,-29.589251443434343,-2.6362853053694799,5.9380471859247308,,0.1770727068464086,0.71875,False,2
-0.28253852407436325,-0.9588485467474317,0.027954370216834529,0.93442812259988517,-0.268521617097989,0.23396628997686095,-0.21683188443662099,0.092225839933395573,0.97184274877175725,14.872114682492132,1.0784295492371414,-4.9678138659187852,,0.2281028921845525,0.391304347826087,False,4
-0.31703909009904002,0.90238279458040049,0.29187584243037612,-0.89074687755283721,-0.38898585109255723,0.23507447283716734,0.32566273271445412,-0.18545969830415421,0.92711837692167898,-15.612823898061132,11.303811433432374,-1.666958934484652,0.1904175496566879,0.1491239096902983,0.46875,True,5
-0.92027151666357832,0.25357735929762049,0.29799137314587298,-0.26961432567754412,-0.96287693942024644,-0.013270829745814339,0.28356383938570284,-0.092555509746014675,0.95447631013477485,4.5736939555949707,-4.2435342103797522,-1.0421074241942934,0.2815984594185801,0.4372547782144708,0.2898550724637681,True,4
-0.79242776344041499,0.53144797946187072,0.2993681426850841,-0.5174172899235906,-0.84557184424771392,0.13148233456874361,0.32301329356072783,-0.050708000763341046,0.94503497863393193,6.3126370817317019,-2.3934212599962326,-2.0941170271149909,0.4725082798015584,0.2925064838390908,0.1025641025641026,True,5
0.88860994672839211,-0.43467406547542592,0.1463926889514261,0.35291815052887182,0.85183596473705925,0.38707139936678897,-0.29295245621541466,-0.29229085853572095,0.91035427851677986,-8.5049565363184936,13.98772057312096,-4.1161969944786083,0.1750321493880601,0.2831691137858026,0.3571428571428572,True,5
-0.97268342197002367,-0.10045469561398918,0.20927449618571459,0.12945417687122338,-0.9830519829661164,0.12980914789405182,0.19268777001999343,0.15335466382046106,0.96920264669945821,-1.1850739214974115,2.3235537406899751,-1.9814420725211221,,0.100272114283364,0.1714285714285714,False,3
0.4060514778588436,0.86122434793073821,0.30563838086850936,-0.89729740027950722,0.31236875370163292,0.3119024481509029,0.17314610241148093,-0.40089697459841667,0.89961216253313836,-2.5845370007188126,-5.7762086486289101,1.0255178265880893,0.7028820562983193,0.50988819136359,0.3095238095238095,True,2
0.024989449891010842,0.95858008731948263,0.28372476731634871,-0.96073396516591925,-0.055426335679712731,0.2718789611016062,0.27634358246703233,-0.27937812639448228,0.91955537458142989,-10.370222546521237,9.6014587108592444,-2.261289274328671,0.60413664405554,0.3584687404682658,0.3611111111111111,True,4
0.97711345745050759,-0.059317600348449337,0.20428096719473676,-0.019914041186645099,0.93060788421501761,0.36547557620238519,-0.21178461283278363,-0.36117916347119267,0.90812823413960542,-3.6874140209451354,-22.982030267685584,6.9450256275645224,,0.1383705938240088,0.25,False,1
0.52415334151567772,-0.85032261623849326,0.047060842441168066,0.79091841617602354,0.50653653443732272,0.3433202560785435,-0.31577101439422689,-0.14273117246610872,0.93803863399909593,14.36677121847406,-14.185427607585229,0.20646303642616845,0.7867664201095177,0.3049568564180419,0.4285714285714285,True,4
-0.6997514060948592,0.6188494608631433,0.35689398209785789,-0.62322292641575627,-0.77301881637891379,0.11846980000795998,0.3492007354775335,-0.13952510280785257,0.92660217570886894,-1.2321177200793678,-10.037569994278998,2.1036674578927199,0.6130929345330807,0.4391754785223142,0.5547945205479452,True,5
-0.49782118679905357,-0.86123809485164149,0.10219104633135329,0.86122782693525468,-0.47700818102601256,0.17535628117245766,-0.10227754438957246,0.17530584477013275,0.97918699169416523,-1.405815668105459,-14.26142667653761,3.6773349421683825,,0.4895765962754725,0.6,False,3
-0.056503148910606024,0.94026983011607346,0.33570826730463016,-0.95420945968133042,-0.149789467005497,0.25893517070663447,0.29375449140030302,-0.30570535184667635,0.90567794310916616,-28.013860590894485,24.187779409753162,-2.4774437578277428,,0.2875546821891995,0.4166666666666667,False,1
-0.85482878867934364,0.4282163081823836,0.29308451929717594,-0.3874969254506424,-0.90243183665606208,0.18831599229982249,0.34512878003914155,0.047408581461770752,0.93735721664287486,-13.73955557319757,13.824100053936005,-2.773422771428911,,0.6422708160190762,0.6037735849056604,False,2
-0.83834839497756919,-0.52491696521449049,0.14708551345575271,0.54475828745436872,-0.81672491328201779,0.19025988614067701,0.020257761187171985,0.23963012259415406,0.97065288721416443,8.7247630481556175,1.7332025766494528,-3.8538934872121513,,0.1502020991458148,0.3333333333333333,False,5
-0.28512960113895813,0.90857489254234414,0.3052749174039826,-0.89220191162055806,-0.36797449230929158,0.26185973709286292,0.35025256523680537,-0.19770290248600042,0.91555267619818059,1.827731308339964,-18.260531815909019,4.2639783635113764,,0.2924469724104447,0.5294117647058824,False,5
-0.88456178824412424,0.40453823573885761,0.23216213860931392,-0.35334581329106418,-0.90611404222873393,0.23260283468948051,0.30446211424089248,0.12371805972127851,0.94445574946143906,5.8082887773207377,3.2004964483394334,-3.7541580322653076,,0.072202846696407,0.2580645161290323,False,5
-0.30332684177244362,0.92458074683172364,0.23052824045753634,-0.89359665768305052,-0.36000857875381115,0.26810228757200605,0.33087435748035326,-0.12467664501322494,0.93540253033130605,-3.614374469858431,-10.152765694718648,2.6765623750339644,0.8821366828332161,0.9710170184558921,0.8708708708708709,True,1
-0.97175284534132511,0.074875930938172117,0.2238079590568291,-0.030598084277294928,-0.98030376795273777,0.19511094222576841,0.23400889899659963,0.18275151847196694,0.95490403585208095,-7.2774009569602072,2.1018266694656598,-0.63822283240577615,,0.1023241107054914,0.1894736842105263,False,5
0.42739752850898688,0.84768161593660929,0.31427254195603782,-0.87576441938064487,0.30190352070128607,0.37668414611588164,0.2244282388009417,-0.43622258331185459,0.87140221679626251,-6.8074228839909674,2.855357782471712,-1.0108841102586259,0.6860551745433657,0.2892681030501189,0.4015444015444015,True,4
-0.54469952623194817,0.80064023063636947,0.24955489818721427,-0.76612185895813523,-0.59610083671236791,0.24025213775811574,0.34111541060060702,-0.06032423689823839,0.93808382519550082,-11.314007836445295,2.6480448474449307,0.029504584257239942,0.6910798244212438,0.513250964483152,0.7777777777777778,True,5
-0.72360004309435377,0.62477255631194528,0.29336364892959266,-0.63513326674915127,-0.76910041986196409,0.071346181654665525,0.27020124185946959,-0.13469891257016983,0.9533349316216273,-0.95722485939431035,-6.3654680159857238,0.84856742092202031,1.015232063215977,0.8527994152151765,0.2787723785166241,True,2
0.48133053284574973,-0.85682703636949631,0.18484682279307102,0.80536134348132205,0.51554133708941319,0.29259226951172274,-0.34599714532982384,0.0080348925522568115,0.93820115962691431,6.6857249671811356,-4.7547896891057109,-1.1979515396487452,0.5704853053056549,0.4987886514761907,0.8721461187214612,True,5
-0.021670035960335114,-0.99853953522967942,0.049489454682520168,0.94489153223441602,-0.0042814383007631698,0.3273555583731152,-0.32666558106598104,0.05385597338617315,0.94360433036175295,-26.605899732408758,4.2819875161844632,3.0077018964620721,,0.235704714555647,0.2666666666666667,False,2
-0.54180606650221919,0.77517070964571511,0.32489468633505364,-0.76534579151536253,-0.61478161082559701,0.19049774381973411,0.34740754987639205,-0.14544394761571933,0.92636604665263911,3.1740744595212984,-16.322997154864197,3.252222940536809,,0.08151712417009131,0.3043478260869565,False,4
-0.95288526613736924,-0.21465451599104152,0.21432010718308289,0.26200520330811544,-0.93848333706854248,0.22494954875297446,0.15284941288009429,0.27050409388647967,0.95050754451128183,6.6103194500382783,-15.891438009071491,2.3935282724595672,0.7652517957375367,0.3826855702049367,0.6875,True,5
-0.85249603059730927,0.46285606833625542,0.242929573786591,-0.4167012473590368,-0.88232062407408784,0.21879302270167234,0.31561145141653835,0.085291126958291066,0.94504753076071812,2.0511857408625458,-6.6323505497941326,0.37353702282725793,,0.1034714312725846,0.2906976744186047,False,5
0.9729879850059231,-0.1152278826863561,0.20004228574412411,0.037513757371417905,0.93392546857809233,0.35549393405383206,-0.22778739877787973,-0.33838698880543749,0.91302089065102832,12.002071052465823,-12.047291608447637,0.060623702441687015,,0.3305295182756952,0.2,False,1
-0.94050602073132428,-0.28949482343635363,0.17787965643008746,0.32206206774620089,-0.92637974155843406,0.19518350070938878,0.10827949707665344,0.24085954752445443,0.96450102585696795,-5.9442596870632407,-10.893736500606975,3.3512794309609424,0.2909558851667214,0.09710313683814388,0.3333333333333333,True,6
-0.58794342035074609,-0.80282462171009772,0.098970506931627678,0.80187402712792322,-0.56236279331706196,0.20185671480106149,-0.10639820996572955,0.19804220628105756,0.97440171666896114,2.9552070357480433,-10.238204537592539,1.4169748669080331,0.4231385106409472,0.3300641008257265,0.5084745762711864,True,5
-0.04286257063918246,-0.99589553744284742,0.079717492055534939,0.94162739803930751,-0.013600864527005721,0.33638201459923894,-0.33391712040553662,0.089482372484982906,0.93834549165780845,7.9711871970419601,-7.3650283954925895,-0.70622231463126461,,0.7835165984463692,0.3658536585365854,False,4
0.93462656460550786,-0.32103408050282733,0.15300426101717163,0.23203643813645056,0.87652616783091664,0.42173566186012423,-0.26950375899169898,-0.35866278906983373,0.89371624558692697,2.6682120315688502,-5.8521922084147651,-0.13645648489109591,,0.1032371205085317,0.5,False,5
0.52885560046500535,-0.83778905735049258,0.13572490280184929,0.78097903604089725,0.54298877742898022,0.3086015762286578,-0.33224012268452674,-0.057207368143921133,0.94145834634816228,-9.0194787615425387,12.308526016285168,-3.4090962965574083,1.116796577778485,0.9120255900083585,0.9490740740740741,True,5
0.28383740017331355,0.93151442949839758,0.22741415501047943,-0.93483563963419347,0.21605653146630235,0.28178343116741328,0.21335101858810968,-0.29257553357556543,0.93213781171047361,-13.234715456422165,-1.9356807394037694,1.9920965163836235,,0.07481079435078922,0.1442307692307692,False,5
0.73138818966032582,0.59564939141137585,0.33207396546048162,-0.68091725748688248,0.61090738053289551,0.40391070902735293,0.037722731634046019,-0.52153041610407902,0.85239839312165089,-21.447741663949301,2.1894232229828821,2.4550882340756912,,0.2378862965237362,0.1176470588235294,False,1
-0.22397352229182463,-0.96243125359732418,0.15349900133640915,0.94674507823459819,-0.17747479069466734,0.2686567615126168,-0.23132146063596565,0.20549642519266703,0.9509267064723107,-2.1824381876502832,-7.5008619713155387,1.5178407363355511,,0.07760353686242197,0.1320754716981132,False,5
-0.95407085601321562,0.15155772500356574,0.25841644239086825,-0.15425728891017826,-0.98798090175001407,0.0099210178565732887,0.25681411667642262,-0.03039726581408532,0.96598266842978908,-19.515484979402327,-3.0733696818338379,3.7424891056601548,,0.3694557361329107,0.3461538461538461,False,2
-0.79696454598266808,0.5525195743882565,0.24406890904918868,-0.50776482380288623,-0.83167289626804863,0.22471109745969639,0.32714277640667083,0.055157171165110097,0.94336381651725387,-32.090879256006751,0.68612488110863756,5.5107716501989614,,0.3767721427946416,0.7777777777777778,False,1
-0.39298150774391477,0.88835454543444103,0.23746944261796463,-0.85481220168623651,-0.44810505550385471,0.26172114756017706,0.33891242883619394,-0.10014020590079975,0.93547330520036587,4.2288413807799161,7.6065604531469218,-4.8843436697312592,0.2864596483418377,0.253346415844532,0.7927927927927928,True,5
0.91118661131242229,-0.35884304460716271,0.20241202706866554,0.25468189795916812,0.87678385813264259,0.40790586778073429,-0.32384578153327881,-0.32012768617397003,0.89030454021531291,-7.0015691149921366,-28.472685015828407,9.4716983177665686,,0.2377862231284636,0.3333333333333333,False,3
-0.5947492143138654,0.69302200539139036,0.40742345553040626,-0.7238003946680075,-0.68216328783748115,0.10376048094142518,0.34983762054913115,-0.2331817933931698,0.90732568049100681,3.4080869905355398,8.6837472613701596,-5.0170816377903273,,0.1818169978994729,0.2857142857142857,False,4
0.22793371477003238,0.94046747328389602,0.25212527316026384,-0.94579203458317773,0.15232839880309942,0.28683355144943806,0.2313517862264024,-0.30383711197463692,0.92420742282063761,-19.348795320785257,-12.045541435573622,6.6303319419942017,,0.1129737323183249,0.6,False,2
-0.59551769780572561,-0.78186875011276913,0.18449913061384393,0.7968224090278262,-0.54569489884940992,0.25940533117271031,-0.10214068763847034,0.30149350733776703,0.94798151087556115,-18.208893403705964,8.9365462543194187,-0.35501464918719966,,0.08264929132561895,0.2727272727272727,False,1
-0.77408654690746193,-0.62110912093111603,0.12252949764468579,0.63291265041298339,-0.7548020423302404,0.17232368914723117,-0.014546300013936447,0.21094391859040434,0.97738992647030609,-10.889597353230902,4.8937627146892773,-0.77393189045920618,,0.07588061592827762,0.3225806451612903,False,4
-0.90564597994447826,0.26390811959992344,0.33190038177085385,-0.26842692784857841,-0.96273252470029191,0.033061613541635476,0.3282565207519571,-0.059148882436060507,0.94273488653511994,-5.2334211550706016,-0.48132583873810519,-0.17202557488132722,0.4094237553725293,0.3033559863081418,0.2894002789400279,True,2
0.59692658688891276,0.76815637727950348,0.23154789981769341,-0.7953877545288417,0.52881322248217322,0.2961670063892814,0.1050569836361319,-0.36096032437492453,0.9266448480493642,9.9219598436675476,8.1985508002314695,-6.2899910276620385,0.2416393317233944,0.1227973044574883,0.4193548387096774,True,5
0.83963694443345227,0.417374676222521,0.34757471310583177,-0.54239482937795191,0.67800233768456175,0.49610551212250364,-0.028594590511456935,-0.60507124352626018,0.79565767742859528,-12.939262502426043,7.2436933864912296,-1.0013303203691062,,0.3252053926359957,0.5,False,2
-0.95396153411306994,0.18619414098231737,0.23513641422905221,-0.14365396785792783,-0.97184752391186136,0.18675097800295218,0.26328867987688531,0.14437497058092369,0.95385268197895512,-32.791126738821617,1.3385208110134417,5.4408580030467792,,0.477834154416571,0.896551724137931,False,3
0.45277495453235117,-0.89051473405081338,0.044478635170600495,0.81439708691292589,0.4333510849799127,0.38595883455943275,-0.36297689372185998,-0.13852922285620631,0.9214431230623451,5.6554071950465721,-11.69090157237232,1.2215346984879483,,0.221222756902952,0.125,False,5
-0.18932259860761394,0.92214408609196974,0.3373532838762171,-0.93923267146161871,-0.2702635132875304,0.21165921251992156,0.28635457481160087,-0.27678135390789615,0.91727484409711169,11.575598809421791,6.4415617136394605,-6.0569965405509283,0.4740372935290957,0.2078014823646777,0.3636363636363636,True,6
-0.92971437377202437,-0.34279606723760597,0.13461812466426559,0.35034891179780481,-0.93591249333627335,0.036379181122923154,0.11352014448452341,0.08098556108042429,0.99022952677280951,-1.6532055713594034,-8.4224793962035527,1.6630364419380759,0.2839356593021135,0.1459609663293869,0.25,True,6
0.79596285577575088,-0.59334203512601125,0.11995149677196426,0.51915810619935332,0.77100627005292499,0.36881457713406329,-0.31131654789428198,-0.23128891216744424,0.92173067981682588,0.66280081994450191,-14.317597208307674,3.1547055078590405,,0.1639787091517697,0.2916666666666667,True,4
0.95084871442599628,-0.26574717123027458,0.15895019112142583,0.17344594374062614,0.882305423109919,0.43755416230536648,-0.25652139652347561,-0.38847854681299271,0.88503174620558756,-17.323865337036423,-9.3439579484236095,5.260336976153992,0.5346255024075369,0.273017025401378,0.1290322580645161,True,4
-0.9561546102180668,0.18882239526082617,0.22386260162586463,-0.14159605151406987,-0.96717461178569597,0.21100670253054213,0.25635701580873721,0.17005697093960045,0.9515049695511244,-24.036425598124918,-2.3806791835654808,4.5594967774340232,,0.1095010401001311,0.4736842105263158,False,3
-0.61988326755375844,-0.7846907051025751,-0.0022873417976935762,0.77495283345199417,-0.61264330314147109,0.15529420156797191,-0.12325924116106587,0.094491695092910555,0.98786561789894645,12.32310647328595,4.3368199973281509,-5.4834841222935715,,0.2802592868115609,0.2916666666666667,False,4
-0.56241871916487551,0.71876119871927246,0.40873894302913621,-0.72214676369614361,-0.66775521827432316,0.18057414031526628,0.40272724767033985,-0.1936112281946625,0.89460910810298999,6.0133414826736846,-1.3860996330119786,-2.254063685316511,0.9181077857559239,0.470583135656945,0.5362318840579711,True,2
-0.84291751844915364,0.48904633167344974,0.2243295401151266,-0.43544686249541997,-0.86496117796788352,0.24945578877089075,0.3160317816840843,0.11258706002536306,0.94204462042964288,-5.4101459689512206,-7.3213588836876546,2.0687890964526972,0.5138954450615401,0.4470403692292046,0.9584229390681004,True,4
0.035134800620295739,-0.99916879891528698,0.020670197375822708,0.95638818041974072,0.039617384283386264,0.28939957017238394,-0.2899779200883924,0.009600736259573972,0.95698517842466324,-1.3352502332606284,-7.5255310480902047,1.2750346321910326,,0.08504035690649195,0.2222222222222222,False,5
0.64512897261720037,0.67445040275511181,0.3590616422194689,-0.75883040693842529,0.51059100796100398,0.40431823616432261,0.089358951401291853,-0.53330430038846721,0.84119052597591015,-13.451947242498793,-11.844183932612884,5.2705855189301003,,0.2663108170821784,0.25,False,2
0.95641098436020733,0.18310407274136309,0.22748830198641928,-0.25464207076834117,0.90426177881015213,0.34273612470515935,-0.14295259630363419,-0.38572468669845983,0.91147189824010744,4.4573823318828492,-11.533335687332734,1.4418553580911142,,0.3733335612918521,0.3414634146341464,False,5
0.97084719036549727,-0.11978628346138379,0.20762220318147276,0.055324231632976791,0.95477063938290607,0.29215108345953034,-0.23322727617849606,-0.27214751967796025,0.93356347678103491,-7.4427704053058799,4.0693011982317477,-1.1971566988136404,0.6104902529311111,0.1338675390977701,0.1756756756756757,True,5
0.75165027631784775,-0.64358266491089322,0.14430251396804128,0.57232884263347494,0.74517597109960154,0.34227542708408709,-0.32781329747453969,-0.17468292853613349,0.92845264632985447,9.4118634096210698,-10.5614536950696,0.097077639687126058,,0.07693804016707986,0.3125,False,5
0.31790101719565472,-0.9459689681695862,-0.063887827683657056,0.88792775758860309,0.27341356064061451,0.36990447707684837,-0.33245035805311385,-0.1743207851003134,0.92687055369796234,-22.602885460923929,-0.75195955338735876,3.7278062865725365,,0.4228318324057238,0.1578947368421053,False,1
0.27154950540905876,-0.9434860677828979,0.18998659429460235,0.90483525762467032,0.31753775184096028,0.28362463347721889,-0.32792380619801531,0.094888440051225736,0.93992667866874224,-10.888217605802753,0.0047605264571397021,0.86195406216278547,,0.07376719324118526,0.3895348837209303,False,5
-0.61112416384616752,-0.79150862742893946,-0.0064303241658068833,0.78730632954808077,-0.60867804206572218,0.098284203006209991,-0.081706791742483909,0.055001216464671349,0.9951376117756553,-3.1637013427679972,-3.7091814497568163,0.41172085036887368,,0.3899037665605368,0.2433537832310838,False,5
-0.33059945169857508,0.83390192464133261,0.44194070033895339,-0.88575942998857371,-0.43580062858731661,0.15971237994976706,0.32578249603519305,-0.33865231758011455,0.8827119422975418,5.2549246923385997,-10.033339899363064,0.76590222353312587,,0.3075780161970387,0.2380952380952381,False,4
0.55575051296707234,-0.83033335846256084,0.041083830896372547,0.74986613122404799,0.52200426267849542,0.40646320250246593,-0.3589458908803892,-0.19508475996285843,0.9127429998911627,-16.097505709971124,2.9667843387868262,1.0161191659796445,,0.6880298346067496,0.628698224852071,False,5
0.97051382301331313,-0.0091300852823943783,0.24087249922484022,-0.095631931975899837,0.90268896774783169,0.41953207397398329,-0.22126331129819354,-0.43019677944992935,0.87519899338622897,-1.6818439128318263,-16.256376687580932,4.2637377808512493,0.9365552628587508,0.6509037788664177,0.726027397260274,True,5
-0.84624830677032181,-0.52273987163032287,0.10298946497713078,0.53197586103420702,-0.83969429985284283,0.10915661258740536,0.029419153034649481,0.14716150788353727,0.98867487276261157,6.582075738559527,-13.580917535316662,1.7550212646944756,,0.6194535706344328,0.7272727272727273,False,5
-0.97643520562710562,0.029195671523434753,0.21382680368991874,0.0060228978013487514,-0.98673442034465442,0.16223103405074152,0.21572671117417483,0.15969595007824725,0.96330638408274838,-6.6997824430943629,-11.724637822678611,3.7579017817565705,,0.0740833728404377,0.1666666666666667,False,1
-0.57674407745279255,0.71189053791829826,0.40072201230469562,-0.73849420921794007,-0.66406094788328041,0.11683047739322919,0.34927435072546892,-0.22854959969065036,0.90872025860907657,1.5557312083471284,-9.1560711935381711,1.3503223461976457,,0.1590561393980282,0.2962962962962963,False,2
-0.88819795734627782,-0.43245969761685765,0.15518697916718049,0.45685138987899632,-0.86720000317525991,0.19811855556322303,0.048899858195377954,0.2468658834872991,0.96781508535386362,-20.831519998702355,-5.4503995880267055,4.8824264562722339,0.8888738552328729,0.8227309828117335,0.5342465753424658,True,2
0.34394812013505449,0.90906829978101289,0.23514786196949011,-0.9187852968447866,0.27415497844332715,0.28402926978848114,0.19373504834541699,-0.31374173156913499,0.92953367712773138,-1.4975012431839321,-3.5093969429671792,0.039993399194674463,0.2388198895188406,0.1712367954185454,0.6742160278745645,True,3
0.26047537182545882,-0.96246180856406305,0.076287926488941726,0.90961490544214008,0.27112442034015016,0.31478925091671284,-0.32365615160209238,-0.012602212139572772,0.94609084118773357,-0.19082329529467956,-17.51963860588112,4.395536143101193,,0.5657281122499497,0.3571428571428572,False,5
-0.96113986791568307,-0.20895986471455372,0.18040490359604422,0.2416425006213388,-0.95280339102187506,0.18377867109836638,0.13348803765315034,0.22023049969450342,0.96627090963550155,-1.350495201243701,-12.87320150938401,3.2479862069110448,0.2598838351520573,0.1178352457434099,0.2553191489361702,True,7
0.95732690190049774,0.11629756763918617,0.26457527975758377,-0.25365810643310005,0.7768331083581087,0.57635742972521242,-0.13850186980098456,-0.61887413705848804,0.77318305370833318,-17.826761526031589,-4.5270048010259538,3.9039464349295292,,0.1691208202336984,0.2142857142857143,False,1
-0.80522853840526154,0.55515928411997928,0.2083390750510288,-0.51931773487821598,-0.82984513320955611,0.2041228677276829,0.28620987260869429,0.056171381893329791,0.95651904564284984,5.1406405073502643,-13.805736671723807,2.0865766051701633,,0.2060268486863586,0.375,False,3
0.85775910183523862,-0.48468596289476185,0.17125665123312211,0.41107200211323491,0.84677679774887671,0.33762236873876683,-0.3086569816113387,-0.21919984527124278,0.92557133465532615,3.5811116457655032,-6.4969083455191088,-0.08350844097681738,,0.09531634449048547,0.3061224489795918,False,5
0.36124777549517811,0.84116472142685172,0.40242012390867321,-0.90839191552762688,0.22002217949139274,0.35554798316950942,0.21053306748307676,-0.49399610520604698,0.84358975547206705,3.7198828596415341,-1.2568884300407079,-1.8533812861001395,0.4060534660882619,0.4126383297796336,0.1780821917808219,True,4
0.30840655954049817,0.91665299574372994,0.25422958015627839,-0.93028549127459603,0.23483138280476551,0.28182108929954924,0.19863106191221938,-0.32342156242904729,0.92517252131674188,1.8647250129346218,-13.044677779799688,2.472705498570849,,0.1968415045498289,0.2307692307692308,False,3
-0.65684480054487215,0.65619142603659364,0.37144006298894011,-0.65389088653662319,-0.74100831353540841,0.15275270136975577,0.3754751875976825,-0.14254645441914951,0.91580505121505706,-12.940605243141214,-4.198182474836516,2.6191478463664586,,0.7015755885953437,0.2269399707174231,False,2
-0.79214380129837114,0.5613847506392079,0.23948979062649084,-0.51486860987556593,-0.82535893788228687,0.23171736711482138,0.32774763558165959,0.060247700433933113,0.94284235265661154,-7.9565691887240781,-19.203434054534252,6.5320931289604385,,0.08830419960854904,0.35,False,2
-0.091874735372485222,0.92117289704191041,0.37815278229262106,-0.94716260401403796,-0.19804416892287133,0.25231232374380175,0.30731422771746769,-0.33499104601625379,0.89069577552122337,8.1575331588310771,3.2454378562698158,-4.2852156119407239,,0.1247340150751818,0.3125,False,5
-0.2343982768621542,0.91334755685584545,0.33294697504183812,-0.92294585027594933,-0.31664803403416164,0.21887206308870225,0.30533326917068393,-0.25598879453553813,0.91719209100917576,-4.3861084927216067,-10.973309587217591,3.0730805880491854,0.5719642242278467,0.4095419502902073,0.125,True,8
0.93120362561761749,0.27586223535520071,0.23824322601374476,-0.35540014453291646,0.83229760420332077,0.42540737570403642,-0.080935436630604776,-0.48081256757934765,0.87308002494340053,-8.4344712246621789,1.9402657074453937,-0.36511712895565002,0.6035005077638768,0.6733360696341941,0.5821917808219178,True,5
0.54442300182329584,0.7448875567923422,0.38567618907789325,-0.82709162149865734,0.40011896796990032,0.39474581836597555,0.13972488945221445,-0.5338982479898553,0.83392422681016398,-18.272264239151205,-13.100267491953273,6.7409826539787359,,0.2526803978782152,0.2121212121212121,False,2
0.68682844324157888,0.656886926193327,0.31107274993260264,-0.72449292342554283,0.58453855809455812,0.36527342910078364,0.058109323353997322,-0.47625018666349878,0.87738763738858483,-11.420599447589915,6.1648693400265246,-0.98142157014509368,,0.1072601749234528,0.2592592592592592,False,5
