axis_00,axis_01,axis_02,axis_10,axis_11,axis_12,axis_20,axis_21,axis_22,location_x,location_y,location_z,dbh,dbh_approximation,score,reconstructed,number_clusters
-0.72455730713771438,-0.68432120002883412,-0.081982948620066068,0.68859313718279647,-0.72381449438685774,-0.04395530844223957,-0.029260897082945936,-0.088301035705104031,0.99566396288873849,-23.911423635280503,-3.0788946598411369,0.039758647903001411,,0.225088715157144,0.2727272727272727,False,3
-0.61674966186959712,-0.77698283066656693,-0.12616471548379779,0.78715606742788802,-0.60831024777040765,-0.10170529961102776,0.0022759822497356247,-0.162038030433832,0.98678188907069264,15.423017172048429,13.356975738205641,-1.8832315841883507,,0.3212696111638818,0.3571428571428572,False,2
0.70486376392159422,-0.69807441166709061,-0.12593327632492166,0.70934239981463743,0.69383122863681135,0.1242239348658101,0.00065888959235807423,-0.17689076274350554,0.98423026976441175,-2.8897361043060656,-7.7418992454833511,-0.096265806033219894,,0.440804999907046,0.3333333333333333,False,4
0.99994620388236155,0.0057071172703242294,0.0086613020798473918,-0.0073211723410845711,0.97985382982990232,0.19958174416320246,-0.0073477735952969126,-0.19963441832543966,0.97984290028711052,-16.076121412343632,-2.6269380018618649,-0.2867176373545367,,0.2134829877837727,0.3225806451612903,True,3
-0.93635461846299939,0.33112539287305687,0.11660189825931072,-0.35013859546887771,-0.9048801646693978,-0.24206373448115964,0.025357295717256201,-0.26748432062935495,0.96322850132840243,-7.4617243413480328,3.3921930106228455,-1.0503658159489593,,0.7051602431818018,0.367942402425161,False,1
-0.62817759391190753,0.77085452739409188,0.105717586536383,-0.77569679328885988,-0.63105792352396939,-0.0077705880726776089,0.060723927643277345,-0.086886102189285025,0.99436583301012849,-4.4997805673700286,11.767542373161952,-1.5102525595287677,,0.1644978854917969,0.2692307692307692,False,5
-0.95834819468145671,-0.28274973694454236,-0.04026566786464475,0.28547284364859382,-0.95259178964060398,-0.10523372961412106,-0.0086019352461702957,-0.11234530950201931,0.99363199331690055,-21.294502831225827,5.3509178929550503,-0.71369732062768709,,0.2619155407638203,0.3636363636363636,False,1
-0.85187883828643129,-0.51719192295872363,-0.082552769220775937,0.52327977843792639,-0.84709102240844703,-0.092817418801467849,-0.021925290367879303,-0.12226738968862441,0.99225499094789882,7.7945748170441709,11.773887948966387,-1.7338789082933783,0.3635112667163257,0.2961415981279242,0.5185185185185185,True,5
0.85899887188874924,0.48679505907718773,0.1585922714128698,-0.51130789850171032,0.79984224050871788,0.31435111456420628,0.026175771691026129,-0.35111673380235153,0.93596574094373097,5.3283190732274592,-4.6216167922247378,-0.7015284011909988,0.7097070768758671,0.2682664908966448,0.24,True,4
0.80356030797622424,0.58366444701047171,0.11673322038356274,-0.59465669100399521,0.77864998613707082,0.20021892750916351,0.025966349172268852,-0.23030417361546207,0.97277219138191029,-17.578686359042695,29.544547726272569,-2.3091806947866247,,0.2412512827596479,0.4285714285714285,False,6
-0.76582477041895736,-0.64040684927521241,-0.058236486966049703,0.64186459981203614,-0.76676745902426768,-0.008803368082894121,-0.039016105916481601,-0.044121776741918292,0.99826399929890797,-4.2208550687721971,-9.5509613059931162,0.070879360378994394,0.9257668713773178,0.7988099561457768,0.9041916167664671,True,5
-0.89983632411489134,-0.43047112933136256,-0.070634245345877991,0.43517934513075268,-0.89704684228970377,-0.076979869509117227,-0.030224615381665421,-0.10000784744335219,0.9945274772849555,3.6002145941180856,15.012822482476697,-1.7811129454525785,0.3345799312941657,0.3521959179469923,0.6886792452830188,True,5
-0.97772735141282907,0.20920429727350284,0.016816310580924174,-0.20892113171110141,-0.97778217611898433,0.017145751327255918,0.020029653611753545,0.013250587395408886,0.9997115758606927,-6.06206823340227,10.465449078787126,-1.4328199653233233,,0.07367609250244618,0.3380281690140845,False,5
-0.88166065390054249,-0.47182294517847601,-0.0075894510195906231,0.47142152608133892,-0.88139455439441983,0.030089603370699863,-0.020886266081126141,0.022950988801644208,0.9995183920279892,-13.580627657016723,-1.7857310012842609,-0.40304003431462559,,0.07287485028744359,0.3424657534246575,False,4
-0.81171174661882217,0.5637044130615525,0.15284428381837253,-0.5830242045149816,-0.79760270644806963,-0.15463731637734543,0.034739276772745742,-0.21463284315697118,0.97607680296565869,-21.402679670683412,7.3775828078314456,-0.8546629369844948,,0.2424378390038533,0.203125,False,4
0.6848816883127824,-0.72475246233914592,-0.07530565282351695,0.72756953248210743,0.67456290786352202,0.12492981525030467,-0.039744791075040468,-0.14035224140729882,0.98930359340009821,-5.6038717070864186,-0.15390688343775619,-0.81101940999538935,,0.07022111993655347,0.2608695652173913,False,4
0.9533734834644243,-0.29830218345934856,-0.045769076572445513,0.3009278027568022,0.92816916425521989,0.2189622343093211,-0.022835467038628071,-0.22252597571778476,0.97465928999624041,-14.059603838287885,13.736279014233357,-1.4970350342142098,,0.1815939179656048,0.2,False,1
-0.94307669692505169,-0.33142721294256511,-0.027610618212187063,0.33240255886011583,-0.94200844076623602,-0.046137147597283448,-0.010718329169366748,-0.052688708907030334,0.99855346245132437,5.6297196212221294,13.029360072981902,-1.7452300724086534,0.7140701659748976,0.5689795472881503,0.4268292682926829,True,5
-0.64044808019684374,0.7661553735754757,0.053218418931803714,-0.76707030015449629,-0.64154521656806707,0.0047843201736077201,0.037807554708929235,-0.037758159913532298,0.99857143468400711,9.4270154905269923,12.355678711739271,-1.7578213275332588,0.4863520390456673,0.3975788938371664,0.8515625,True,5
0.99044467743852882,-0.13385768220182223,-0.033188278793046498,0.13694976517655419,0.98299740193650975,0.12231463364683393,0.016251238468979079,-0.12569100485567195,0.99193632282853528,14.875705581018934,10.18386205107084,-1.7425520056054939,,0.2390999591684966,0.2222222222222222,False,4
0.58439909794258837,0.79842896456482315,0.1448754046338902,-0.80562081250026174,0.54947650964599404,0.22147386259708857,0.097225515119784264,-0.24614376671205812,0.96434456773421617,-18.145356506668609,24.21734701711571,-1.9922135465125452,,0.3553684233259795,0.1111111111111111,False,4
0.97965968668440528,-0.2005788632800026,-0.005917591631256729,0.20017072205665185,0.97474510900975908,0.099013405622019823,-0.014091852849461971,-0.098183970518888941,0.99506850398171787,5.7566132470415576,-1.6434208321430845,-1.0848934320711618,,0.07592401053976983,0.2222222222222222,False,5
0.90904573286918189,-0.41654935416635169,-0.011067569558329266,0.41567099371076566,0.90462680464490808,0.094169895961763839,-0.029214389260048566,-0.090205209725049904,0.99549462057744098,3.6777691208930956,-11.890292483849187,0.11149915911866325,,0.07524762446623894,0.3448275862068966,False,3
-0.99907938490156833,-0.042731837455781331,0.0037911386623952076,0.042648491770317203,-0.99889272662648321,-0.019860182336225912,0.0046356029189327987,-0.019680212406466269,0.99979557931870011,-3.7546716491519203,-3.728061924603673,-0.53034331640118404,,0.100578915685197,0.3658536585365854,True,5
0.40664292999948248,-0.8948844247856762,-0.18391137473643865,0.91173042049729347,0.38468080666695098,0.14411216923595893,-0.058216559682495957,-0.22627978976938004,0.97232108324393574,0.734776680711546,10.948491551297208,-1.5650027480467332,,0.129308835827007,0.4390243902439024,False,4
-0.59635476466998183,-0.79008932918551933,-0.14184444494793189,0.80195285541723471,-0.59413732782915596,-0.062229039589039616,-0.035108579344010606,-0.15086314191082739,0.98793101989422272,-2.1414922653049708,19.777841800245021,-1.9026191262905376,0.2592411902824244,0.1157341927924754,0.125,True,4
0.64305009085702136,0.76471375839189437,0.041224366276746881,-0.76498972332324644,0.63890599176372598,0.081177933567147781,0.035739388055745051,-0.083737694108164409,0.99584672250645456,2.8769567317502602,2.3766392769901805,-1.3129439011337787,0.5627023802986099,0.5594230438504388,0.9975932611311673,True,5
-0.031348704740536713,-0.97733635338850655,-0.20935833170988566,0.99804122184215405,-0.041953793043871479,0.046406882604330991,-0.054138509537212123,-0.20749344952187732,0.97673716535749822,3.4412907007951312,7.0117516384598106,-1.482273137145335,,0.07940784105711067,0.3461538461538461,False,5
-0.99991071382649432,-0.012145652728961887,0.0055720278874097032,0.011740973945264653,-0.99763879860465721,-0.067668139101596692,0.0063807449257301425,-0.067596676238139614,0.99769232504602789,-12.096319234499434,-3.9027540951468809,-0.25442154288658919,,0.1148097583062435,0.3823529411764706,False,1
-0.16126646852260618,0.96401499594254259,0.21134855979671685,-0.98599216268880718,-0.16661681431417694,0.0076349396882654866,0.042574420095823122,-0.20715676379421982,0.97738093595476339,-8.5695299519712975,7.137530408838928,-1.2172972828833442,0.7083326559981072,0.259179654065834,0.1962025316455696,True,4
-0.95532682154939064,0.29314332167840024,0.037651785929659613,-0.29460514518345854,-0.95469537091537759,-0.042006632621330024,0.023632021914601873,-0.051222472686351994,0.99840762508713032,-14.506117689808644,3.9058736270318697,-0.87916142129581976,,0.07109167809594302,0.2777777777777778,False,4
-0.96362731191329598,0.26679462511490182,0.01558947544191417,-0.26628292156333538,-0.96346368275796379,0.028829458721171857,0.022711438053312043,0.023629642745085395,0.99946277097513214,-0.9203342867840193,18.926389265648837,-1.8691095115486396,0.2980569854662665,0.2626908904068993,0.7647058823529411,True,5
-0.36307576599743185,-0.92987416734474104,-0.059245430628040455,0.93114601461597024,-0.36440965902524403,0.013141532403042451,-0.033809578674881026,-0.050394774669892117,0.99815694110485309,15.706686572179871,-1.1538377589091386,-1.1690597782794752,,0.316480739659157,0.3888888888888889,False,4
-0.80632598156349244,-0.59033088627284347,-0.036713160691922778,0.58948819314734735,-0.80715151378582373,0.031782132293638826,-0.048395057552892203,0.0039847842568393214,0.99882032413186295,-17.439629991484033,9.5527840554594032,-1.1120136807158632,0.1464021523583556,0.1625144381222789,0.6346153846153846,True,5
-0.71446777215606061,0.69179157070123698,0.10469109444967482,-0.69652287049419781,-0.71742085775186726,-0.012775121960196013,0.066269853092323597,-0.082047154547189846,0.99442273254478186,-1.076884648336301,5.1306699758725847,-1.2605444422179028,0.4169222576245293,0.2461174468781528,0.6900369003690037,True,5
-0.82063982997911356,0.57099876472580047,0.022598232972107068,-0.57033711211895477,-0.82086917461314346,0.029822419582379807,0.035578757590202431,0.011584854403347066,0.99929972638682873,-1.8162976807446756,-14.08929386890555,0.40415863159751436,,0.09376604847064267,0.4074074074074074,False,5
-0.12551059495185829,-0.98698147432079764,-0.10057166550462976,0.9897993333374332,-0.13146367472792123,0.054905208785724108,-0.067411944635971152,-0.092654582048465661,0.99341368932878127,-6.7594225383167741,-17.036852137960992,0.75820409690549839,,0.1286202384897679,0.4,False,2
-0.36267989981128196,-0.90876071822874582,-0.20643945184303558,0.93070711650822424,-0.36448059287898404,-0.030629408997427936,-0.047408370081937448,-0.20324333794483582,0.97797985256712505,-21.415535965235176,8.9098306422127962,-0.96110140468497007,,0.4721453929995999,0.3666666666666666,False,1
0.67993133001194606,-0.73326949840530831,-0.003037955992760211,0.73194298106947087,0.67843997520164545,0.063076719251458857,-0.044191163498177762,-0.045111448179133311,0.99800405726222308,-14.471265319826308,-2.4672542730911822,-0.34607195757408976,,0.0761541075248536,0.35,False,3
0.77585666926444741,-0.62255251069344442,-0.10234647129807846,0.62853854674830778,0.74865378108978198,0.21084783923839495,-0.054641778973647193,-0.22791640460761817,0.97214627937431997,5.3909997266399134,7.1166442513737982,-1.5148105537207881,,0.07371254585030639,0.3846153846153846,False,4
0.17568869869177364,0.96584843685916466,0.19044757328120634,-0.98309613831535347,0.16200685830260675,0.085298069687183481,0.051531194255826515,-0.20221418070854563,0.97798464258849216,-18.339692291243384,-3.6509951952982433,-0.085503420877785591,,0.2639678361479169,0.2105263157894737,False,1
0.27090674898899503,0.94729456009376034,0.17100453142821234,-0.96132197812840747,0.257071115330753,0.09886605094716866,0.049694946619342081,-0.19117389486896824,0.98029738049284243,-27.978231260314768,0.74442261380800268,-0.13563241203358758,,0.2460915770048828,0.5294117647058824,False,1
-0.73116212075439779,-0.67497156711962925,-0.099072381388576811,0.68069275018085595,-0.73146889150293104,-0.040132787277938328,-0.045379874670989112,-0.09678142561227944,0.99427059829369402,15.462891161268145,1.5768066687247106,-1.3384478414145289,0.3006249899424749,0.1977702702072295,0.1379310344827586,True,5
0.47349715970950401,0.87729608803622461,0.078434773304754818,-0.87807322134484667,0.46316282045410273,0.12028141878978418,0.069194347342216134,-0.12582438422395112,0.98963648206326116,-0.39055295612510776,-15.832045911687777,0.53597768903642651,,0.1925291839625642,0.5833333333333334,False,3
-0.86758961967042125,-0.49327743915153888,-0.062973167811649869,0.49642705747830734,-0.86654491605186912,-0.051576012526062205,-0.029127795034362705,-0.076008397488428192,0.99668164178321128,-18.180267598715346,4.5074573467831254,-0.79792004723272525,0.1968981543494226,0.2985942138887866,0.3125,True,5
0.92759157351507382,0.36782210806501731,0.065427590223365487,-0.37349185233204552,0.9171340912964,0.13917217690150765,-0.0088152700133094699,-0.15353161042773444,0.98810441533982596,-26.182376821745606,9.3623941929195986,-0.85441926715590288,,0.2908361950625884,0.1,False,2
0.9272637666450817,-0.36999749416064293,-0.057304113133535776,0.37346651754287474,0.90318139681400889,0.21162732508703519,-0.026545571034987989,-0.21763551815809193,0.97566905961728922,-9.7003660986944418,25.181113433159183,-2.1128132065928726,,0.1226214166828349,0.2105263157894737,False,1
-0.87150062556532737,-0.4831023172933388,-0.084254440031663269,0.4896122291364095,-0.86687207291777058,-0.093875845004579406,-0.02768618282319129,-0.12306486184550725,0.99201235630390561,-2.8674837678817378,6.7276205900002077,-1.3057301092156259,,0.3098688398620996,0.219047619047619,False,4
0.58274450412776635,-0.80618362298280111,-0.10235628433666921,0.81249829352642311,0.57551512248119829,0.092891693988764318,-0.015980172888133158,-0.13729643050631965,0.99040109261081144,-8.3930045899324242,-5.7771454601733394,-0.21242707371080444,0.2170640436899793,0.1203437424721111,0.1311475409836066,True,6
-0.84516503117619968,0.53168281187203947,0.054858523829704492,-0.53305767463915232,-0.84597366708362454,-0.013344291265696841,0.039313936272424327,-0.040520885490395737,0.99840496405709089,-16.383008873074346,7.3275143488626124,-1.025244299980987,,0.1021647649098276,0.1818181818181818,True,4
-0.27199250710888195,-0.95764646583420754,-0.094516255490135134,0.95994062688933524,-0.27688664324493167,0.042985807423655154,-0.067335495275037072,-0.079038176015173364,0.99459484103239715,24.686306605568454,1.8342417046513797,-1.4313213594148415,,0.2364624449633891,0.4117647058823529,False,3
-0.54961773901098365,-0.83161129844439541,-0.079642885834712157,0.83507318894129978,-0.54962164956034298,-0.023849768258319901,-0.023939717539321222,-0.07961589435655464,0.99653810729441894,-31.67993020798113,4.6911473547821476,-0.35749954679770829,0.6605796169904329,0.5475164684224059,0.9787234042553191,True,5
0.17015310168092382,-0.98519839563423628,-0.020785649570956202,0.98386310247084041,0.16866253917955751,0.059718870333889493,-0.055329174806903005,-0.030611584689944883,0.99799880425677678,-10.422393624202174,11.683007308948699,-1.4191169811556601,,0.07694531802472275,0.2857142857142857,False,5
0.17723816017217717,0.98197420157614501,0.065675733857153237,-0.98279888372160451,0.17307835799420629,0.064422326483907957,0.051894014436652647,-0.075964132542426482,0.99575923888896278,-15.637613646900235,-1.06157873765098,-0.42450988202884238,,0.07767146041591186,0.2439024390243902,False,4
-0.25976319089109429,0.95181430640183162,0.16301107565708542,-0.96467205555085112,-0.26345156846661227,0.0010470490822477654,0.043942119855277018,-0.15698024462105137,0.9866236835295118,-23.738748283163734,-1.8180318902451429,-0.067880117646328036,,0.3780245380830126,0.4634146341463415,False,3
0.87189392054004211,-0.46825485833088848,-0.14331217315648487,0.48862587574821259,0.81257445036047926,0.31775386098465841,-0.032337978826867529,-0.34707369573461622,0.93728016348075338,-11.148115119826228,22.602530232899333,-1.9755359112972692,,0.6484249476528878,0.3076923076923077,False,1
0.95275819978679066,-0.30331420849371787,-0.015884069530947301,0.30335165392427726,0.94766084116424776,0.099582650021360852,-0.015152121978127075,-0.099696645127610839,0.99490250384138634,1.1213132725449877,-12.823892890592855,0.27639026061939698,,0.1193906165792628,0.2,False,5
0.16237728320490297,0.97913430054813611,0.12218690350895861,-0.98621672267620664,0.15705522068667513,0.052059903657828303,0.031783546258990068,-0.12895611325242617,0.99114082099469103,3.4123629206760397,-3.050266874140299,-0.82889593698097286,0.4835740234007838,0.263869216605027,0.6302083333333334,True,5
-0.55393809887557055,-0.8259727992184851,-0.10450606472974606,0.83143220323611922,-0.55533888665038367,-0.017866516052220692,-0.043279025359295356,-0.096786651585286265,0.99436375137011956,-12.265933906665907,15.122400117724492,-1.6015863974290143,,0.1429617666791028,0.2608695652173913,False,3
-0.86344151662915469,0.50118744892564215,0.0572703099393891,-0.50380354786733494,-0.86250249882542629,-0.047659465756380255,0.02550945937163053,-0.070004146729350278,0.99722048059757784,12.583352750189263,-2.9340171372134582,-0.99228957200337731,,0.1127910177437586,0.2941176470588235,False,5
0.99913519681463792,-0.041386720178979264,-0.0039997348664952363,0.040553056880746036,0.94870762798243813,0.31354311694815318,-0.0091819422674268708,-0.3134341653374168,0.94956554062130683,6.2929980083937123,-6.1035158008979034,-0.58243274660769451,,0.5571315770768384,0.5106382978723404,False,1
-0.85265908718898598,-0.50407081505645701,-0.13742304916703194,0.52022081334679071,-0.84346522238033539,-0.13392805529722129,-0.04840233873325777,-0.18568530378899412,0.98141641598352125,10.903305388773601,5.2530179203751981,-1.5129561458327947,,0.3119414462780072,0.1111111111111111,False,5
0.31668313255183034,0.94767745577227702,0.040239699031497489,-0.94739677649494269,0.3139451970733092,0.062271671902998323,0.046380399353105277,-0.057843349277048636,0.99724771521436006,9.6041189004365002,-3.6388154743658796,-0.87607932323119464,,0.1109722459154955,0.3076923076923077,True,5
0.46345463383997643,0.87828470592411623,0.11758306728454335,-0.88532769912285569,0.45333289552781736,0.10336416689643792,0.037478894568585067,-0.15200414853599556,0.98766900897505283,-9.6334720624790204,14.864397428678304,-1.6129475693344815,,0.5606891027594543,0.5454545454545454,False,4
-0.050588983728424887,0.99716658385365653,0.055673681133492213,-0.99740967612996179,-0.053298198367129269,0.048303623188565861,0.051134065823577657,-0.05308583706080891,0.99727990113904486,-12.76277320000349,10.985751626761932,-1.3422364270025859,,0.07119750959108259,0.4285714285714285,False,4
0.092945548044822121,-0.98841355204667447,-0.1199990634510287,0.99218398047973688,0.081866818094057214,0.09417416298826492,-0.083259077451250801,-0.12781421761928879,0.98829724870422264,-14.780217821248977,10.811234270159128,-1.2812309524125562,0.3929468374794899,0.4503339094299828,0.7857142857142857,True,5
0.5423626849569817,0.83635391848556107,0.079717256601706435,-0.83950242307905154,0.53579425419287097,0.09033381879621466,0.032838995274765713,-0.11591652258307945,0.99271595140885649,-8.8853732077880831,9.0126532461896591,-1.2980444970132805,,0.07682272054594794,0.2786885245901639,False,5
-0.94514653267101933,-0.32503110121174228,-0.032447111197043035,0.32646491459663179,-0.94326179983536096,-0.060645168882365236,-0.010894554482173642,-0.067911414478265833,0.99763187021375632,-0.067707076237665878,1.7454826714859537,-1.166194426184284,1.180692470253264,0.9132882717902825,0.7793103448275862,True,1
0.9999021581125449,-0.011489453557280123,0.007979138977975293,0.010345530919837628,0.99132789180443615,0.13100374391809796,-0.0094151044530276454,-0.13090837783551906,0.99134976290944421,16.800989784109028,4.9581933911731459,-1.5179889988583006,0.2396766547443359,0.2010373344580606,0.1428571428571428,True,6
0.88504460959401665,0.44074426104437897,0.14980165347892838,-0.46527070904632006,0.82730684431716162,0.31478016559102989,0.014805618261700512,-0.34829281029390463,0.9372688578873537,-11.319817276603745,-16.137099080320464,0.78425104814764246,,0.4111074982832309,0.2941176470588235,False,4
-0.9891857252580506,-0.14639627986290452,0.0089291762222081569,0.1465907306557869,-0.98880865406829921,0.027723696099935212,0.0047706007491400762,0.028732818900015972,0.9995757432463791,0.46164174719907497,-9.148692161561069,-0.096726418404655873,0.545571997486639,0.3228333197500575,0.2325581395348837,True,2
-0.99008876883168229,-0.13976511292507182,-0.013781982528206223,0.14037496500598787,-0.98177919981296236,-0.12807994384051338,0.0043702440359276763,-0.12874515922419483,0.99166808204328394,-8.1552079865451095,28.357095413411685,-2.2634437390409419,0.3460914919540757,0.2708134982921045,0.4615384615384616,True,5
-0.91050912638694037,-0.41210749021166743,-0.033771989540609261,0.41344878895348897,-0.90851754396643214,-0.060464627825658673,-0.0057645189724796174,-0.069016583634966669,0.99759885801076043,-15.345366610582174,-4.1491923393270582,-0.1684901157723151,,0.2061004405496707,0.3493150684931507,False,4
-0.62813581109939653,0.76315860676959468,0.151770694562539,-0.7776318566023056,-0.62248942091163695,-0.088292788212554901,0.027094250529495538,-0.17348158912860895,0.98446434156939289,16.971258153855491,-5.3866193850366946,-0.78989365774898024,0.4880144254512851,0.2773379856541094,0.1052631578947368,True,5
0.23102052951690871,-0.97285987096439464,-0.013160030732070553,0.97153199503875654,0.22993329562806175,0.057063667754819622,-0.052489023211917327,-0.025968269652795216,0.99828380304074771,-7.976342093784881,-14.424842524399317,0.55468316352815783,,0.08430136076516177,0.4347826086956522,False,3
0.67060550263681962,0.73955586908568838,0.057839228332778908,-0.74097878046777987,0.66411181230247562,0.099528627323014845,0.035195265728519325,-0.10960208602592303,0.99335224165905278,-1.0597505421930591,20.563763709613635,-1.945100289046636,,0.09891584178618783,0.5,False,2
0.9977156672560793,0.037035280191381505,0.056496330260495269,-0.050122915756257144,0.96654287138277506,0.25156027328501734,-0.04528952006643748,-0.25381738671786713,0.96619128208231364,8.7573424997519531,14.407865473498422,-1.8301730669652232,,0.2620705430062868,0.40625,False,5
0.66277261195913928,-0.74676727947187327,-0.055417462473809936,0.74786522295000768,0.65637435778969466,0.099349437532883833,-0.037816307841911014,-0.10729087913864038,0.99350822548928208,-2.0195008399343091,13.529725262478575,-1.6275218381876806,0.4057149631145148,0.371595932038316,0.8695652173913043,True,5
-0.89248910052458796,-0.45068122921668158,-0.018698531400972405,0.45102850608811934,-0.89219712861970779,-0.023612928210377533,-0.006040872514094831,-0.029507851743053849,0.99954629434798004,6.2258370857486129,15.46927127683082,-1.8494546064482233,0.340788336934971,0.3797687956245894,0.7575757575757576,True,5
0.58100666638499532,-0.81325155670751714,-0.032452413300053426,0.81250951828959428,0.57722495945563368,0.081483917862704452,-0.047534580097110993,-0.073710594179159816,0.9961461800362178,-3.7913150921834311,3.3133626076670479,-1.1243672953811021,,0.06574305508280516,0.1703296703296703,False,5
0.92956558232435538,-0.36841563843224567,0.013332123482103718,0.36627701279643382,0.92706334326375628,0.079966914868257633,-0.041820784962770495,-0.069451241422935947,0.99670835604499164,-6.2007142580968946,-9.8103649767090868,0.1254737110716049,0.1408321012834787,0.1332440991100374,0.328125,True,6
0.98438400089530964,-0.17468162960151457,-0.021782264829541743,0.17599511143715466,0.97398352281593004,0.14276490476758208,-0.0037228391811196596,-0.14436906026857899,0.98951690986339447,-18.31508888382557,21.602988113323605,-1.8327664773059382,0.9533756290976014,0.8493447334250539,0.8412698412698413,True,4
-0.50612694012085024,-0.86124428997351898,-0.045757988066710983,0.86140502074554182,-0.50741859948565105,0.022533422518387136,-0.042625235697613284,-0.028011388470197893,0.99869837858969879,3.4807484703107838,3.7974401151830555,-1.3951476209932727,,0.0947760011793595,0.3366336633663367,False,5
-0.39683596000834287,0.91762246180476437,0.022141328677833937,-0.91654056946669293,-0.39744475038128518,0.044621238396384544,0.049745405475539378,-0.0025861140193407395,0.99875858276580121,-6.3184270218838341,5.2223715114332041,-1.1867219563876139,0.1178210219626258,0.1070334808997067,0.5669781931464174,True,5
-0.99262409154792031,-0.12076464238270539,-0.010644906239265003,0.12120698056229109,-0.99039405271582459,-0.066546887290817369,-0.0025061407857278912,-0.067346280486019469,0.997726514513401,3.4907872623164931,-6.4770841465752804,-0.4436558796199821,,0.4646194563666547,0.4324324324324325,False,6
0.69567750515196036,-0.71771195271063526,-0.030370409312874217,0.71712041246974978,0.69138485188959053,0.087893689175192094,-0.042084710344260957,-0.082924902857322957,0.99566678042472789,12.053878482509177,-3.8302639733464385,-0.91108219942044855,,0.07489499667921981,0.2777777777777778,False,5
0.81719848020068353,0.56293629393169109,0.12365020393086938,-0.57581375491888609,0.78811216688904484,0.21752639391041181,0.025003271864022642,-0.24896172672904368,0.96819052619832369,-5.3739148037921094,-6.3612536013543473,-0.20831746302920565,,0.09807144056589338,0.3283582089552239,False,5
0.45115560479233846,-0.87477996482982801,-0.17668795487181616,0.89201592781247296,0.43587185048604549,0.11968005047928462,-0.027680404500527233,-0.21160279555383055,0.97696369027742846,5.4359029023226002,-8.2871573189771546,-0.31267159119236626,0.6354290468984796,0.5827387099422893,0.4864864864864865,True,5
0.99676270806905054,-0.078396140882301332,-0.017836728893400114,0.080011496044825658,0.98900514013520979,0.12436636718504129,0.0078907733159124093,-0.12539090031137845,0.99207603429151547,-6.6947245544070375,-12.511794448727247,0.35353845413848256,,0.1272936381504002,0.2758620689655172,False,5
0.97641262439045895,-0.21589174987126905,-0.0030231223031361235,0.21341214545679571,0.96288405651011599,0.16525601317396199,-0.032766493594306181,-0.16200322853618285,0.98624607012722176,4.9468277345646126,18.409737448732148,-1.9305393422712334,0.432505605048,0.4238164574045037,0.9112903225806451,True,5
0.052253783349811712,0.99531324729339898,0.08137003064949927,-0.99681344997706012,0.047067487687011023,0.064401844287750296,0.060270125854037557,-0.084475980995206895,0.99460108614682075,-8.1077269303113599,18.473842935874696,-1.7939242978168741,,0.1495357054603469,0.56,False,5
-0.58753052719332477,0.78990915332557887,0.17564569197223015,-0.80741994142359719,-0.58665725785085421,-0.062500400018186311,0.05367418194486881,-0.1785407272960037,0.9824674502950036,-6.4066531711989319,-14.780218442131474,0.54042071045343432,,0.3807043722042591,0.4,False,3
-0.073760627582126245,0.99688271104181692,0.028004111209022853,-0.99587917365637102,-0.075113963816756904,0.050818932665272376,0.052764015163683273,-0.024140274763378496,0.99831518361595295,6.7283329470862068,-2.0433868357190672,-1.026028636731998,0.3335534530605067,0.3146443672846589,0.9534883720930233,True,5
-0.25876359720591369,-0.96578251734717724,-0.017479414967508149,0.96470412462768762,-0.25930536657422854,0.045898570698150426,-0.048860543257149835,-0.0049855844547706772,0.99879316740767776,5.7755839257150035,-2.4969956035559542,-0.9675323920213541,,0.07035727901047101,0.3333333333333333,False,5
0.72960294641357792,-0.68335377484186555,-0.026592461224922752,0.67997610831726407,0.72075473240339849,0.13470377810519704,-0.072883692979530457,-0.11636251169289324,0.99052901682393291,-7.9890234563732019,-6.9042733339775424,-0.10925065635308359,,0.09718177847044218,0.5047619047619047,False,6
-0.97256438808130985,0.22817042945305382,0.045351583866905354,-0.23162107093672862,-0.9679226123299014,-0.097352432114370641,0.021683877285918401,-0.1051858909914696,0.99421614239670253,1.5213839431534486,10.621911189448305,-1.5736428397166522,,0.1340321759636113,0.2765957446808511,False,6
0.74591282662608671,0.64505793702772785,0.1658743890786461,-0.66505796257193461,0.7077980184441206,0.23815934058156157,0.036221009018931272,-0.28796219016410607,0.95695653795851265,15.748826761847889,11.749760528579376,-1.8072039368546915,0.5176491094211683,0.4623798900528078,0.2857142857142857,True,5
0.84598158738577456,-0.53097394219927285,-0.048803959978751706,0.53203794449470454,0.83450468891400642,0.14330928022422859,-0.03536636003455914,-0.1472025709215026,0.9884738861962945,-5.0616514503502037,-2.6575600244190345,-0.60789914902808406,,0.08750637405736461,0.1672354948805461,False,3
0.81926276771459239,0.57304159315987535,0.020780999625125071,-0.57290202507894261,0.81645002289721147,0.072059904049277756,0.024326674599585534,-0.070941473201058078,0.99718379463516704,-14.156131775585756,0.42543311873352718,-0.63464103774959735,,0.07539887861372589,0.3130434782608696,False,5
-0.69872217242910428,-0.71451880080893526,-0.03535829529988898,0.71474084191070897,-0.69934204318293025,0.0081385220706996636,-0.03054266950880315,-0.019585451929568627,0.99934156093499393,-5.395596429541917,14.413175440077167,-1.6310735567369408,0.4142283327609094,0.5401830759308273,0.8050847457627118,True,5
0.95800379820888948,-0.27998745686531562,-0.061933404681447798,0.286714717385329,0.93890267180272002,0.19041124892286815,0.0048366777847879457,-0.20017191830975839,0.97974885030205516,27.26897717822866,3.0222016858409408,-1.4558399683568835,,0.3772475238920316,0.3823529411764706,False,5
-0.10856396392110433,0.98658497830641823,0.12191778507610615,-0.99313116185459838,-0.11302436017513627,0.030265316128184883,0.043638985907958804,-0.11779462885517125,0.9920786583340051,-3.6416041318252876,-2.6147336121938398,-0.65580920533350595,,0.1208911911166114,0.2314814814814815,False,3
0.73315357284504867,0.67587829251093223,0.075328429806066577,-0.67868552335449228,0.72011928986244655,0.14427116398312334,0.043264292593080247,-0.15689723413914314,0.98666684291401408,-25.217489349184003,9.8240786629278833,-0.90105802542051938,,0.4308528196844715,0.2,False,2
-0.27375212651212505,-0.94847679046032796,-0.15953542298864121,0.96095510538263929,-0.27667490205943385,-0.0040353450215813019,-0.040312016435923193,-0.15441106349118169,0.98718395692109573,-2.9285606758118985,-9.8625182610720898,0.10568391928038461,,0.1142562959825277,0.25,False,2
0.018888646881958088,0.99302419498203254,0.11638800281496699,-0.9984556105202661,0.012651656989203017,0.054095558006475017,0.052245696852210283,-0.11723004630091897,0.99172955154352083,-20.002438162151986,6.1537640265048861,-0.83350326276677866,,0.3512940355073297,0.7407407407407407,False,3
-0.83823376665431504,0.54528099645500461,0.0057260235379855045,-0.54525933784955261,-0.83796343123591677,-0.022573045855560747,-0.0075104546059167158,-0.022043657055200179,0.99972879835245609,-5.1331445964844722,-8.0472570990126595,-0.055671275723859576,0.243207832707553,0.1575502846902051,0.1940298507462687,True,5
0.25458926862461273,0.96543580218412828,0.055839199155036552,-0.96602709529945863,0.2512416630091957,0.060574564923461714,0.044451720422023708,-0.069363813544706096,0.99660057491557741,6.3104998619175268,-9.4894809280012016,-0.21872920496928494,0.5114918601394891,0.3981512359529512,0.9122807017543859,True,5
-0.76706180900144283,0.64017477708503856,0.042337169904889574,-0.64028631974726236,-0.76803214241641349,0.012651361972564237,0.040615390136508479,-0.017403534105909113,0.99902327654799117,-0.58984635468059743,-9.5602378244701214,0.020644429793090571,0.6269376969099523,0.5459272581084486,0.9482758620689655,True,6
0.54350822787124708,-0.82434219369494355,-0.15829957021566837,0.83171694776418859,0.50340456886191887,0.23415968664731343,-0.11333898287032132,-0.25892815170072625,0.95922389837762445,-4.3630648704223827,-6.0086944660681372,-0.263626431791326,,0.5455196106182355,0.6796875,False,2
0.88199209664985467,0.46921505702049959,0.043899563920877432,-0.47087746686501958,0.87366336358108698,0.12242033464651281,0.01908802362677544,-0.12864508308299638,0.99150697927578546,-20.312005499285281,-5.4726957599782073,0.12801263238408389,,0.5781747659480148,0.7083333333333334,False,1
0.63363081364706131,0.76975656797650904,0.07737453104213296,-0.77354051491563491,0.62880858054398459,0.078961008214907494,0.012126985652612027,-0.10988446246529138,0.99387038447057885,1.6978834655708541,-11.265297876457451,0.10170875714914908,0.5076005105083109,0.3088814818359584,0.73,True,5
0.80063844272695794,0.58797957319220751,0.11514384714981693,-0.5990682464545124,0.78874166348955155,0.13785435925515793,-0.009763202224000251,-0.17935052211923952,0.98373678903347361,11.074347579985545,-1.4772583031111948,-1.1363897199673307,0.5901786194348684,0.3772496219642095,0.5822784810126582,True,9
0.18535780968339122,0.97007285273236399,0.15684751442425732,-0.98119994539111666,0.17397686271695029,0.083538723976585516,0.053750809797104004,-0.16938332748785898,0.9840834003352027,12.226749570932787,15.237425025406209,-1.9241265337374764,,0.2680459141937683,0.1904761904761905,False,3
-0.071876412341894708,0.98843325445997665,0.133542063884447,-0.9969942382631336,-0.075081191989714621,0.019112913946291187,0.028918337071356954,-0.13176690057470208,0.99085882631884759,10.276360029425373,9.7321503376930227,-1.680488648552021,,0.4195004809556567,0.4871794871794872,False,5
-0.6639791703359027,-0.7459459622573531,-0.051925742671612179,0.74691295456178641,-0.66492081290673988,0.0011622698584909247,-0.035393497535989284,-0.038012286900321643,0.99865027230596504,-10.35297773390811,-4.4427631103852292,-0.27729702343897694,,0.06685573901210386,0.125,False,3
-0.88546731156351521,-0.46069593498609968,-0.060884280727979009,0.46460580695875359,-0.8803145666983524,-0.095852531520542184,-0.0094384475781509013,-0.11316147377077769,0.99353177934142556,-1.4786199481849269,-8.4004684365862339,-0.091926934160770662,,0.2485634848280403,0.2391304347826087,False,5
-0.33138113812128583,0.93658258984249709,0.11401576075860467,-0.94119825771827692,-0.33658155006454465,0.029303580399494884,0.06582082471013613,-0.097600781554609231,0.9930466789000445,-13.512868653314325,-9.2998243716276967,0.27821450348277976,,0.1962392022024545,0.25,False,8
-0.77145684484541344,0.63316273493783404,0.062922870462201852,-0.63593811991529847,-0.77051003309553512,-0.043554523734207456,0.020905601635831619,-0.073615487400142801,0.99706755831041083,-12.506774189863279,-0.86239431645596709,-0.57509757221614022,0.6744786368371208,0.7838210815369479,0.5928571428571429,True,5
-0.99904442374327063,0.043611048934385173,0.0028837125930268751,-0.043243695816689437,-0.97674252004753459,-0.21000960050270517,-0.0063420942590082935,-0.20993362270497509,0.97769507102080411,-17.110285557067481,14.610648917282079,-1.4616104777698335,,0.285675008734696,0.2142857142857143,False,4
-0.48880344042433382,0.8702825331584062,0.060658957365941811,-0.86999782212028709,-0.49143099217620173,0.039992117156663377,0.064614132628187451,-0.03322487634442662,0.9973570681840106,-23.214780278896221,15.397890040975559,-1.3196615482825267,0.2375417321770665,0.2846466025968157,0.9772727272727273,True,5
0.87070596023786084,0.49127919116620355,0.022713148908618218,-0.4915027534538764,0.86762811549079688,0.075143173722876183,0.017209711023789865,-0.07659118445989109,0.99691404660056226,12.01056676455107,-5.0145188375796748,-0.79278696313434949,0.5379987609652466,0.4708750436200536,0.9074074074074074,True,5
-0.92848172591173639,0.36178295840217783,0.083873569482467616,-0.36881394609235846,-0.92474126466887774,-0.093967369796044142,0.043565557677425842,-0.11818072782129793,0.99203596595883647,11.833671329533107,2.1599129083811066,-1.3941988354839716,,0.1933574484586973,0.2142857142857143,False,5
0.99852003173908832,-0.054349365771952519,-0.0019729814893019813,0.053411822697942229,0.97317099266818496,0.22379766805153098,-0.010243212965382689,-0.22357183514344159,0.97463362917495289,-6.0094664331224985,24.940850396590506,-2.0966807162730898,,0.1827980193832849,0.1875,False,2
0.98851238969464017,0.14898487981357042,0.025431496360416039,-0.15097449560370899,0.96548307772784692,0.21224779927804188,0.0070680334888548833,-0.21364908660722662,0.97688490145692175,-11.371411341804411,25.352153661308165,-2.1099170114332924,0.4038887106251978,0.3459763122435017,0.5142857142857142,True,5
-0.9762691396347305,0.21593892788178934,0.016399586035228848,-0.21565767042753312,-0.97631494458959422,0.017346416251991854,0.019756927459323101,0.013398074349744649,0.99971503710861831,-3.8838997163675635,-0.87578341767111445,-0.80375496373271671,0.181261188932188,0.1690517595244037,0.7387669801462905,True,5
0.88884277306644099,-0.44732058897197585,-0.099311708520824632,0.45746170908050171,0.85389291501240183,0.24818475863108586,-0.026216588121016068,-0.26602853300612056,0.96360858761942625,-19.590078522809339,11.426126687424503,-1.171265128814716,,0.2921344647803729,0.1333333333333333,False,2
0.39026378456903771,-0.89926023161486157,-0.19754800502621364,0.91843203379197347,0.36517343854534551,0.15208865534847732,-0.064627995161468929,-0.24078911025408506,0.96842337158107372,-4.274055537222134,-12.763107701358104,0.32659622771719532,,0.1782007188603178,0.2222222222222222,False,3
0.93358092287444672,0.3420021047840236,0.1070570911625877,-0.35805105155103534,0.87763025585580101,0.31869198058576809,0.015036785829922232,-0.33585665741470605,0.94179307745498231,-25.039399547616814,-2.7306191834317057,0.049284734196277026,,0.3950414958036527,0.46875,False,2
0.45964804396581599,0.8862607256201962,0.057145445151506644,-0.88700009782415001,0.45492368105507069,0.079216607319765681,0.044209751620531604,-0.087099774043729372,0.99521813047350738,0.071156283132136872,-3.1820346572823035,-0.67996713622607896,,0.1191315499507678,0.5372340425531915,False,4
0.98335250396118501,-0.17956651544356761,-0.027815813572913982,0.18157934292657144,0.96531077297197287,0.18762743351281919,-0.0068406999366027177,-0.18955468370817924,0.98184633558855317,-9.7529355908420907,9.2347748466723267,-1.3048970431697842,0.6379189770479763,0.4015788892295887,0.75,True,2
-0.97967951318566948,0.19915401043119949,0.023785112433197669,-0.2002578517323734,-0.9778621639068793,-0.06068262699398487,0.011173372983342438,-0.06421268199137975,0.99787368299181511,-23.33793723414303,2.1778947374950306,-0.40575935709382166,0.3183239604897531,0.2641411419371146,0.64,True,4
0.73099445282645459,-0.68192314108064755,-0.025058722945446154,0.6811050774058004,0.72688621650428709,0.087933507766508462,-0.041749053510132424,-0.081346529826338193,0.99581110589118349,0.071835159082872482,-5.574158687193485,-0.45656366647708785,,0.08188347064799076,0.2755102040816326,False,5
-0.88822721896544221,-0.45909144679831126,-0.016954378949111889,0.45909769229614339,-0.88837786519094775,0.0037520084128507963,-0.016784409947105464,-0.0044510802517701842,0.99984922436701418,-11.384210222951095,-1.5834213632527137,-0.52821210266990981,0.1107973571200216,0.09623014111864946,0.4571428571428571,True,5
-0.19730434110795331,0.97426561663844569,0.10898396770198557,-0.97739472777713166,-0.2041060069912391,0.055138770602553684,0.07596409081549714,-0.09564123664091434,0.99251307838253366,-22.511518627150515,-3.2998309105234762,0.013499340953361879,,0.09388288748187607,0.2916666666666667,False,3
