axis_00,axis_01,axis_02,axis_10,axis_11,axis_12,axis_20,axis_21,axis_22,location_x,location_y,location_z,dbh,dbh_approximation,score,reconstructed,number_clusters
-0.96661252593668234,0.25424176556398626,0.031958556682265937,-0.25425727478132104,-0.93613995093062863,-0.24288933795532458,-0.031834932434079311,-0.24290557201206214,0.96952742104718759,-21.245453579852011,5.9365428092599037,-2.075700319608146,0.6888793254128908,0.4532570955478733,0.631578947368421,True,1
-0.47436734564398247,-0.85935120323494651,-0.19102651880127036,0.88021827641287098,-0.45959703685214359,-0.11826389806481141,0.013835001100006593,-0.22424556453892017,0.97443446138218259,-3.5857902047993009,6.02682943225751,-1.5406273155604699,,0.3828970233077149,0.2083333333333333,False,5
0.6373901768087753,-0.74348259802904948,-0.20240402401052612,0.77009276658841674,0.62360992826272554,0.13441647302454141,0.026284850311103461,-0.2415456143260187,0.97003341326162063,3.8571516439049423,6.2748504258985092,-1.3842282498902123,0.5445358957532977,0.4047534592906514,0.2051282051282051,True,4
-0.76925535009433454,0.63889388945085945,0.0077977159216536668,-0.63837669340125958,-0.76800512346454874,-0.051413302308612005,-0.026858958902310884,-0.044527837973064838,0.998647018706874,-11.75880581792317,-13.533607340697003,-1.2715883259247274,,0.0730037207966708,0.2857142857142857,False,2
-0.97085359022198714,0.23841763901748289,0.024501750109048898,-0.23757110361052652,-0.94378574710042451,-0.22984436973606542,-0.031674549441997504,-0.22896613936436519,0.9729189225943875,-11.109284702401229,-12.057915327964155,-1.301171738933192,,0.2237929735006275,0.25,False,1
-0.88670999243842208,0.46220963880334764,0.010374926849472173,-0.45447117033162981,-0.86730630734178638,-0.20306581342646821,-0.084860736782398999,-0.18477559103527036,0.97911012471034853,-15.227252149364608,10.035731076899332,-2.0147706988774106,,0.3085976058623344,0.2063492063492063,False,5
0.75148731571487559,0.65950838791932087,-0.017762336099438433,-0.65949285280331404,0.7516729277576718,0.0075489587067668479,0.018330068766849984,0.0060411869916792739,0.99981373897278203,-9.6982780614316795,4.2849267355873932,-1.7170360125146535,0.6771869409378579,0.6954239268299621,0.930921052631579,True,5
0.95270248258789803,-0.30094732721131778,-0.04229285891520506,0.30372596761303883,0.94764777147045387,0.098560833116442842,0.010417114205994168,-0.10674458989310888,0.99423190265660499,-3.1341521682249605,-9.6479937446059285,-1.0460216649611767,,0.3140867237666574,0.2040816326530612,False,6
0.0930809734368825,0.99320064388920926,0.069917189317804662,-0.99558295288626297,0.093709419609107017,-0.0057557448512497236,-0.012268508723994768,-0.06907261146491922,0.99753619384917813,-16.061767090755016,4.5653291565870227,-1.9054514913573446,0.7870370162020518,0.4798769099134509,0.8625592417061612,True,5
0.88809750876920102,0.45791386806383078,0.039971294109146474,-0.45833348471069418,0.87559989976086816,0.15249666334615364,0.034831475864384169,-0.15375208933077564,0.98749534850323772,-24.20536488015162,30.398688410483395,-2.3676911939337439,,0.3055234452132308,0.2173913043478261,False,2
0.13188900578241172,0.9782016450827129,0.16039585939544476,-0.9911976244469527,0.12826279741154231,0.032801281848207978,0.011513446245450608,-0.16331012325524094,0.98650759966556423,-12.109990347051383,14.193840183210041,-1.9291508125756276,,0.3748044647498792,0.4722222222222222,False,4
0.97658481127731633,-0.20773534698000481,-0.055929705859633236,0.21287684316392672,0.9706667833669641,0.11175618690968275,0.031073397416585401,-0.12104553392475084,0.99216048232625287,-5.2271821412382966,17.442207630858871,-1.6906292238347564,,0.1477952288865325,0.2222222222222222,False,6
0.30658878792618038,-0.94094514761560799,-0.14361596114846004,0.9518008566158408,0.30446972268222733,0.037058296171812659,0.0088568879018439892,-0.14805545295073705,0.98893940076641951,-13.558491288593853,20.03449880954139,-2.0848695063395546,,0.2412445734712365,0.3529411764705883,False,2
-0.82206744534469323,-0.56782947951475737,-0.042128345546093168,0.56927134864368645,-0.82115440416256735,-0.040442256833896587,-0.011629570836863234,-0.057228722844566982,0.99829335686647347,-9.5857854126768043,10.932686849256731,-1.8006674580521269,0.1404490328059278,0.1468882773808257,0.7352941176470589,True,4
-0.19127192099071233,0.96299591059312251,0.18987872029652025,-0.98052782765577029,-0.1786954179897389,-0.081444010105883841,-0.044499791383527665,-0.20175932139654415,0.97842370412640112,-16.171932668512458,10.830277040248385,-2.0499148973112242,,0.1978766249283804,0.3333333333333333,False,4
-0.77524576232373743,-0.60927938290511807,-0.16665125731853164,0.63165939769324309,-0.74804615529802954,-0.20355184806247134,-0.00064288793601123898,-0.26306954044624137,0.96477665995011874,-1.5788977608547849,11.387248264002302,-1.5995927033218456,0.3387787409900553,0.1751330202433487,0.1914893617021277,True,5
0.54451972960929462,0.80383058351336611,0.23948832346229773,-0.83874689580606621,0.52138009144689212,0.15705554755728407,0.0013816084497471626,-0.28638993217533348,0.95811215309414566,-23.033563338492911,3.8180827181703032,-2.0772604324787709,,0.6362054688241664,0.4642857142857143,False,1
-0.95284088154081337,-0.27663298710859396,-0.12477357455768399,0.30175844877847291,-0.90728713263212912,-0.29286839629939376,-0.032188399390697606,-0.31670846121243046,0.94797661233867947,6.1763297503180512,12.638059988832039,-1.4476338302869514,,0.575003466437054,0.40625,False,2
-0.99765229546236822,-0.047212504610582948,-0.049607224948218787,0.054125530106817893,-0.98738496231297435,-0.14879974189783593,-0.041956219435543091,-0.15113542141603439,0.98762227599628116,-10.111468067515101,-17.401777729211538,-1.038961433910752,0.4175338330947773,0.2691660258115463,0.3461538461538461,True,5
-0.22121769931386809,0.97455079306276149,0.036241981885952665,-0.97506521620192999,-0.22035725405145992,-0.026277456878169375,-0.017622532830521207,-0.04115133445762087,0.99899750450588931,-0.54463203953503914,-13.03198853613447,-0.78143471166944112,0.5320537239085583,0.2680193224449027,0.7127659574468085,True,5
0.55511297183263153,0.82938811320674588,0.062967818562324918,-0.83177301268742065,0.55335480750932642,0.044182715751847249,0.0018010741339370591,-0.076901330792584266,0.99703708128348645,4.8386397651750528,18.142711629794132,-1.4284735493237746,,0.6309638184275161,0.3478260869565217,False,1
0.54835623774489717,0.82547549190544811,0.13377461937796239,-0.83624343703169057,0.54100018614635503,0.089530512178991231,0.0015331495963640147,-0.16096276231807899,0.98695928923094256,4.6741848601689515,-6.0456848794118745,-0.84708903995346185,0.6326258333829176,0.7823003906352155,0.75,True,1
-0.25821995842242601,-0.91346484245243953,-0.31449075451539044,0.96604493564599525,-0.24113770508749616,-0.092788951378167422,0.008923866036908458,-0.3277721598740117,0.94471465312361891,-35.985891352891777,3.5684155429135518,-2.4417467004684554,,0.4909675983047707,0.16,False,1
-0.95664382665108072,-0.28809223498547165,-0.042842187986275163,0.29080212796069616,-0.95299717027689612,-0.085032439796575474,-0.016331298292128066,-0.093804358029374674,0.99545669474407028,-10.841849080582346,4.0205079528505951,-1.7418250528794568,,0.1119711447530071,0.25,False,5
0.96907284472486366,-0.23668660856936868,-0.069837460870167845,0.24492168737549014,0.9570942167849541,0.154867773438955,0.030185901841827536,-0.16718286252103498,0.98546369887950191,7.3301177625338445,-5.4354535756504703,-0.71454271179551188,,0.1412097169492797,0.1666666666666667,False,2
-0.92269881029387291,0.3854838693542047,-0.0053936953919338539,-0.38245524403978498,-0.91703132932814402,-0.11305541710650106,-0.048527227292923775,-0.10225325177404784,0.99357404390055071,-0.0050217283849884175,-14.820445514490194,-0.63424295001364217,,0.1405171001248831,0.125,False,4
0.99922166630768183,0.025993866979014617,-0.029671205920505414,-0.0236986875646387,0.99688341701876737,0.075245100044454505,0.031534644266479117,-0.074483365609131935,0.99672352960012078,1.8987964268829491,19.752377013018506,-1.4786208392366593,0.2755743259475057,0.2287748317393649,0.2121212121212121,True,4
-0.89133862506808448,0.45313146567500118,0.013686865125395922,-0.45134205461732507,-0.88417942391603466,-0.1204869123901828,-0.042494766684229981,-0.11357209665553079,0.99262055875632482,-3.2534264131737549,-12.008225619202975,-0.94904572169454238,0.2690224581783527,0.1351901326875554,0.3636363636363636,True,4
-0.90258543893425414,0.42655116955555927,0.058254829625063551,-0.42929230559672305,-0.88157937658501351,-0.19628020566381515,-0.032367294902576331,-0.20216800570506804,0.97881584360385498,-0.37251282931426372,7.377025337480025,-1.4745235957507923,0.5684953042867857,0.427105855075232,0.2763157894736842,True,4
-0.87601546474812897,0.48148849050538489,0.0276719900434588,-0.47775233137396678,-0.85851011020814538,-0.1863145204677768,-0.065951613997375966,-0.17643475899392397,0.98210038205363581,-29.00701130917189,6.459381760902434,-2.2704533034123129,,0.7866800674245384,0.5714285714285714,False,2
-0.98745707007989536,-0.1510424468963282,-0.045986019449382923,0.1548667468115299,-0.98327375323240607,-0.095859360191228704,-0.030738013619013481,-0.10177870818510169,0.99433207183462125,5.7148050365493317,15.578402258842047,-1.4235687641045984,0.2222327244031832,0.1450164961745818,0.2666666666666667,True,5
0.55924752996261518,-0.82421998243727257,-0.088902310328904444,0.82831241200649597,0.55992992235931993,0.019417264551622938,0.033774966272309082,-0.084497944340610601,0.99585106770817722,-0.26377447988679731,12.886166859153347,-1.5798490081534182,0.2353246132310013,0.2191741916184725,0.4794520547945205,True,5
-0.070878804565401937,-0.96456738363097072,-0.25413767430013756,0.99737526107765551,-0.064754213064160238,-0.032395686143673955,0.014791337115272436,-0.2557667967617076,0.96662534728849181,6.9759665746257289,3.4030766040285574,-1.1488561260543673,,0.4545427033560316,0.1774193548387097,False,1
-0.98762691699919469,0.15677243623236012,0.0039339619262207456,-0.15413056700938335,-0.96574536021875168,-0.2087574370634977,-0.028928206512543176,-0.20678080774995733,0.9779595372070583,4.6759785813726413,-9.7248638005387615,-0.67651339096557273,0.4946353933808886,0.2996542272648925,0.5625,True,4
-0.94444576279598524,0.32864675240296959,-0.0036760402186095942,-0.32729718904752214,-0.94147000831831429,-0.080689364099007538,-0.029979179079792452,-0.075003570395633684,0.99673251840682298,-9.3904789674899689,14.269616299431195,-1.8306587704314621,,0.110753084105023,0.3703703703703703,False,4
-0.18286577595916584,-0.94824178669874792,-0.25961051970445753,0.98283054129820557,-0.16971757012269681,-0.072388351846994659,0.024581193509040818,-0.26839049973874618,0.96299652365709898,-14.4120441876703,6.4363448604423823,-1.8960212915484687,0.6436172613630634,0.413830600411014,0.2,True,3
0.99384779077977448,0.10642082541216349,-0.030678602979210406,-0.10557199807207357,0.99401515947364316,0.028078745692404445,0.033483159725932313,-0.02466719795968815,0.99913482941972653,9.1078104937249567,12.134776710546021,-1.3608543891264906,0.1930096980487919,0.1998504309901132,0.3333333333333333,True,5
0.84805702096518432,0.52888617405576599,0.032843630802803239,-0.52968050106155296,0.84426406233825257,0.081588968857886121,0.015422580420890016,-0.086588728693549666,0.99612475929292887,-8.3576691759080273,17.141307524998975,-1.8034408154719885,,0.0858584870210996,0.2666666666666667,False,2
-0.27756569802583514,0.94226993970768858,0.18730895334366796,-0.96024119497622595,-0.26603864784361697,-0.084618469167022231,-0.029902019163614423,-0.20334895764869196,0.9786496158856498,-13.992234493224407,7.7651014833679826,-1.8964055372060691,,0.147068721265853,0.3928571428571428,False,5
-0.5919540901735324,0.80594888040805424,-0.0060627795463209268,-0.80536029533644227,-0.59178125734420362,-0.034492581111165911,-0.031387096431850711,-0.015535302543412247,0.99938656412444371,-3.9006723296113299,17.773539627829752,-1.6475661850889334,0.449471235623382,0.4678386706606449,0.9016393442622951,True,5
-0.67033568499784013,-0.73047230090064652,-0.13061503372656513,0.74203770097581156,-0.65854994106516629,-0.12526781491507835,0.0054881462269594679,-0.18089276585862016,0.98348751263603262,-2.5406948889856511,-13.208734272154713,-0.87564424339479552,,0.2760556491528615,0.1578947368421053,False,4
0.68188150054606178,0.72568303965096848,0.091770066884484525,-0.73108761045397863,0.67212966207797231,0.11727157880596424,0.023420611728638737,-0.14705727903739604,0.98885066194465121,-13.879666473224582,28.760124160834742,-2.0438980877262951,,0.2528474870074529,0.4,False,2
-0.89404235101602159,-0.41248657897814134,-0.17476583405418128,0.44762325274309461,-0.8381620948025631,-0.31163717114598261,-0.017935946962337843,-0.35684608026302916,0.93399099396486451,-11.491464057936977,-15.248067067256232,-1.185709403556771,,0.5508642932428092,0.391304347826087,False,1
0.12980975733470301,-0.98625998908896106,-0.10217955188269315,0.9913288511145375,0.13121244468483481,-0.0070995286998904172,0.020409209897419775,-0.1003719496775449,0.99474063748762764,5.8053562180598055,10.30068698026861,-1.5250824429563004,,0.5623420019310923,0.4285714285714285,False,1
-0.15781885924952466,0.98382249684631273,0.08477324085032234,-0.9873605454355957,-0.15595217073244397,-0.028250199308377237,-0.014572610689341615,-0.088160167552737118,0.9959997107804659,2.3983351421217853,13.796726157404079,-1.5218019967411378,,0.09990222281530434,0.3333333333333333,False,5
0.064237153810365336,-0.99656622192012034,-0.052243213896173521,0.99771823726990516,0.065225391909600874,-0.017434657130912225,0.0207823744884209,-0.051004054526055442,0.99848218778930997,-12.542915650345352,25.33026303518313,-1.9837371938796429,,0.2178323493134723,0.6,False,2
-0.8059642030180566,0.59193628867167203,0.0057561799031670066,-0.59095323557690349,-0.80398155093351353,-0.066241521115787294,-0.034582897719244776,-0.05678992791112851,0.99778701498525779,-9.2926250503766248,10.721455201741581,-1.7837943133341252,,0.09332110856905923,0.5280898876404494,False,4
0.47377422802725055,-0.84784454146651145,-0.2381126085754901,0.87959128811165654,0.46881219794869766,0.080834948707774162,0.043094625363961664,-0.24773929151419,0.96786780951986795,17.298917052845706,0.63810988231759869,-0.38266764609477727,,0.4070389723510154,0.4509803921568628,False,2
-0.52750964630140451,0.84162990300525897,0.11572674464584673,-0.84904205214373119,-0.51757511182429339,-0.10603583031990467,-0.02934564278608788,-0.15419179610935191,0.98760504416595762,-4.2605226749102805,8.528925130168199,-1.6296960303862791,,0.1418517534447732,0.3673469387755102,False,1
-0.99981151971448856,-0.0058394651882094405,-0.018515552719813096,0.0073600930905899174,-0.9965096174458925,-0.08315293962054883,-0.017965357661408728,-0.083273543122389604,0.99636477403606594,9.061289266313409,-8.5284615613600554,-0.48261855203952403,,0.2640294120588066,0.2857142857142857,False,3
0.88600916495042148,0.45805154028732431,0.071948217936694425,-0.46279745582079873,0.86413181353413082,0.19772385724542593,0.028394973316633744,-0.20848260186073869,0.97761379399624071,12.638587991141708,-4.1276669074171579,-0.46472703487665762,,0.7126219844236198,0.3846153846153846,False,3
-0.85551478889803323,0.5166983378286375,0.033425643776520873,-0.51666679091592749,-0.84766962285811087,-0.12046425879995826,-0.033909779435864276,-0.12032887504131849,0.9921547705322491,-13.101621063083835,4.0850429460308133,-1.7923717821395686,0.3353088734219129,0.6249653752270529,0.7114624505928854,True,5
-0.70041946806394062,0.71064630066893342,0.066290301723467865,-0.7131044420749526,-0.69288697823033396,-0.10672249103075337,-0.029910256602027528,-0.12202241902371262,0.99207656247166953,-11.436091017034286,5.3014577400043414,-1.7656659704212159,0.3993018923076987,0.2077130096407834,0.2042253521126761,True,4
0.358054961542698,0.92997010078830222,0.083380190419852576,-0.93369906948224668,0.35678080241834087,0.030224272922778253,-0.0016407811075398303,-0.088673957087290353,0.99605935424142178,-2.8545388920179735,10.961494685503899,-1.6148961753554558,0.6421142189496025,0.3370828075437872,0.3023255813953488,True,5
-0.45556571111294797,0.88351829376228053,0.10888208046112499,-0.88976228049435502,-0.44807719052309303,-0.086890249984775916,-0.027981548699797004,-0.13646338673915664,0.99024985585055281,6.2031278066606816,-9.2820852762158523,-0.599742126241533,,0.4148314414507227,0.3709677419354839,False,1
-0.72759361602377481,0.68544896917388221,0.027699107926231509,-0.68524817213537592,-0.72429423595194964,-0.076372785414091052,-0.032287342823046385,-0.074549114181477041,0.99669451541993725,-34.367388012912279,-0.48501672742169888,-2.3474680811128792,,0.08323967791627285,0.625,False,1
-0.53554436871125077,-0.83641551382106238,-0.11662468598507372,0.84450708970625155,-0.53040202686802418,-0.074036918697161447,6.7657564484562005e-05,-0.13814042903415752,0.99041265000438783,7.6249461470571616,7.4860548282284292,-1.3254812999314689,0.2428642948933535,0.2009188217295002,0.6129032258064516,True,5
0.86623006495418731,0.4979410625031051,0.041233152229051565,-0.49925416825762725,0.85933457009116754,0.11085744054241246,0.019767398585807977,-0.11661387104246418,0.99298059146875706,-0.29972344517658112,13.925857160335081,-1.5711729838099802,,0.2583879238537283,0.2941176470588235,False,4
-0.90098623568427405,-0.42433027739857254,-0.090374879199548147,0.4336140797374009,-0.88758150634924848,-0.15549244174649288,-0.014234920476395612,-0.17928436984201968,0.98369430300748473,-11.870122158249531,-10.934964664228676,-1.3671098801307739,,0.1830147545442413,0.25,False,2
-0.03520203272911171,-0.98539099498812233,-0.16662954086252912,0.99929650229312983,-0.032548323086424143,-0.01863081235424268,0.012935122591448085,-0.16716815982889949,0.98584354181734346,-8.5349812636139113,7.9648907915288492,-1.720595541577598,,0.207422669337748,0.2727272727272727,False,5
-0.99694886444673336,0.077220190947562453,-0.011401920381704584,-0.073089960226275091,-0.97476815086502477,-0.21091446079702866,-0.027401083783133141,-0.20943756627979077,0.9774380217887515,-9.4342057845359086,-12.094701156599726,-1.221475331903801,,0.4533634656085178,0.2,False,3
0.047885792406697034,-0.98161768743086264,-0.18475298809076396,0.99869611161400107,0.050328414132017295,-0.0085514547317305893,0.017692584114690751,-0.18410259762925502,0.98274778352001546,5.7808361514441202,-10.66115875149702,-0.53865885641708511,,0.1191709659904819,0.1428571428571428,False,2
-0.98942599153261523,-0.13568705303828796,-0.051237007304156777,0.14490706342136231,-0.93983557879986268,-0.3093719893470071,-0.0061765888885870618,-0.31352529157902431,0.94955976183176027,3.932787741927481,-11.130472883117479,-0.62856584269057969,,0.4587415677528748,0.2727272727272727,False,4
0.78198364657422337,-0.62232486173887847,-0.034833072677614235,0.62329859295020884,0.78070162000710908,0.044764322228350362,-0.00066371437235395597,-0.056716373120638354,0.99839011037933989,21.616539991185718,4.7384434103341668,-0.28051990302701962,0.2301134082464981,0.1599998433337945,0.2666666666666667,True,5
-0.68008871272406812,-0.72812813652808483,-0.085491283891745651,0.73312122872819918,-0.6760057260734601,-0.074495115973801054,-0.0035506074657444854,-0.1133387626191204,0.99355005816244168,-5.9928945338788937,21.570876950732178,-1.7064709426067133,,0.1309586994319358,0.2727272727272727,False,2
0.17948226520737251,0.97919001897799796,0.094726042933809387,-0.98373354805923274,0.17792117893068429,0.024745919071803454,0.0073771877313252411,-0.097626639918533098,0.99519576781625929,-3.1661908882433107,3.8581210659092964,-1.4583658625141376,,0.1646234429716073,0.1777777777777778,False,2
0.76491480784396204,0.64189365528275377,0.053645801781479152,-0.64280777168154024,0.75535442550138332,0.12742786406938583,0.041273543667161683,-0.13195539846182308,0.99039601544530387,17.295194957224048,-1.3749842463440545,-0.28293367266649649,,0.18632232383935,0.3888888888888889,False,5
0.87789272858528888,0.47883798534937416,0.0043059126359552904,-0.47877129172896149,0.87752901454469912,0.02684918710855758,0.0090778473911846784,-0.025632253485816957,0.99963022176601923,-21.894928031629856,8.5984758871972353,-2.1543288269631722,0.1171562041360935,0.1346872641781754,0.6216216216216216,True,5
-0.44213332133523142,-0.89459788512694849,-0.06490570153282238,0.89694682844211315,-0.44080158965044336,-0.034356156788509597,0.0021244087910452149,-0.073406964846893158,0.99729980667763873,-25.170867799409429,-6.4819507690144853,-1.876467355164023,,0.4260183963076287,0.9054054054054054,False,2
0.98395907830402907,0.1766871409482928,-0.024620853896705357,-0.17585118383240711,0.98387096632427062,0.032776253124572045,0.030014885770658382,-0.027920885510013094,0.99915941209824488,-11.95881210979775,19.284736604829035,-1.9762521737614314,0.1684821645848991,0.1821006087228092,0.6470588235294118,True,5
-0.49139366504443754,-0.86273723438962346,-0.1192339312106154,0.87090315250917161,-0.48796492426664451,-0.058463079246934141,-0.0077437009098008831,-0.13256959335832111,0.99114344976548563,-18.07903230538961,12.912783825024517,-2.145986020227959,,0.2673096022333761,0.1666666666666667,False,4
-0.96192180685029538,-0.26609629789277051,-0.062443556542097212,0.27244411574041683,-0.95178977251724262,-0.1409625224306057,-0.021923533115959466,-0.15260730382042184,0.98804370830261157,3.2671600297162806,-19.305180675436041,-0.34062933967425307,,0.250774753944543,0.7073170731707317,False,5
-0.99637575963407332,0.081459681780103613,-0.024488075831066474,-0.079184451150246665,-0.99342006802284177,-0.082742922026764212,-0.03106715805570269,-0.080503966944351441,0.99627001510462276,-2.1456258212810861,-10.369164867081976,-0.97192170238510456,,0.07335487048443881,0.4444444444444444,False,4
-0.96927864878104908,0.24556470954817636,-0.014031195305553312,-0.24088994913125503,-0.95926117494130358,-0.14761446628894553,-0.049708484433989987,-0.13969957650167947,0.98894544586672029,1.9484935755183719,24.340745364461807,-1.4437496947849111,,0.5206411871396369,0.4615384615384616,False,3
0.99874126888971948,0.045386403535081381,-0.02135303703702799,-0.041775787674188325,0.98830049156065924,0.14668647499057708,0.027760788547068677,-0.14560979621959103,0.98895253974300257,-8.4010370166605224,27.065972765193781,-1.7680098842136112,,0.184878353407051,0.3888888888888889,False,1
0.77540976043831178,0.62869107200506913,0.059052852582393484,-0.63145529027940872,0.77171457411125854,0.075636185007096013,0.0019798472538082174,-0.09593827226606251,0.99538531640739769,6.8955993371388278,6.2767836242586075,-1.3055750383765843,0.3125441202644468,0.2081020917374635,0.2727272727272727,True,5
0.2169741763400107,-0.97273083576037545,-0.081956866475577886,0.97593246517338927,0.21803430990477909,-0.0041064735404487372,0.021863902262989308,-0.079093368023296112,0.99662741729924642,2.3384959221520289,-5.0161026883241053,-0.99702069990984488,,0.07064039164321376,0.1475409836065574,False,5
0.98141244498472491,-0.18980844033535477,-0.028326115274842165,0.19145653986617028,0.97851281091521802,0.076531511270008901,0.013191139889226284,-0.080532197612247045,0.99666471743318197,16.479016904820313,-1.6873390834718094,-0.31006854508795484,0.7459973962893445,0.3422269083109619,0.25,True,3
-0.99647701085920271,-0.07358027361514749,-0.040243138096200386,0.077818475611926133,-0.99013210233389459,-0.11654486166837195,-0.031270620117705754,-0.11926593504678504,0.99236978241725571,1.7634490049304643,6.7362449954084944,-1.4365785461459746,,0.0890508233301786,0.1666666666666667,False,5
0.17468888613644795,0.98459078644652076,0.0080483728187900339,-0.98458934708123036,0.17474522029127823,-0.006922831755164692,-0.0082225710434603409,-0.0067150003704990469,0.99994364745992603,-8.0133677430004582,9.2086049358301079,-1.7174435979021259,0.3530392341260462,0.2253543522591566,0.7218045112781954,True,5
0.51249412668768868,-0.84756593622757559,-0.13777428590740984,0.85827516625377787,0.50061860653239232,0.1128926471725058,-0.026711591167011297,-0.17610506676481244,0.98400889038518724,-12.106078047405601,-9.526942381013928,-1.4429242150494808,,0.2188942553216491,0.3076923076923077,False,2
-0.73091552669389082,0.68238921000605213,-0.010366238715514956,-0.68157170611881623,-0.73064963883119727,-0.040138693228920094,-0.034964299736687063,-0.022272659094852196,0.99914034369590243,-6.5130835903180699,8.7329204612361195,-1.6765553117509151,,0.07774043338504721,0.3508771929824561,False,5
0.6249908646599257,0.76247833158125,0.16737148192183576,-0.78062653699782469,0.60964547560058735,0.13767571977119619,0.0029374864121768061,-0.2167006874673143,0.97623367244977344,-10.886670393312928,5.9435518660383506,-1.7602248671784249,,0.2843114669196201,0.1526717557251908,False,3
0.6496385314480585,-0.73163640111556261,-0.20658643474506366,0.75998615617361098,0.63204837006498393,0.15144603105613597,0.019769190233006596,-0.25538800766845687,0.96663651113366633,-17.280002567274074,15.335907031501305,-2.1876525013515264,,0.3934409569232851,0.2477064220183486,False,5
0.044929151995665953,-0.99560561362163991,-0.082163455538500019,0.99885006827791301,0.04614807585260873,-0.012996006937104791,0.016730582839750457,-0.081485073603566147,0.99653412905813843,-18.441523464448068,2.5686948610627738,-1.9158982835979792,0.1202764143183282,0.1359431866643506,0.7169811320754716,True,3
-0.4955642158875273,0.86818627854382657,0.025859112127110888,-0.86798961974783972,-0.49392339854559875,-0.051319551626718474,-0.031782509998144165,-0.047877574263821915,0.99834743949229987,-12.395363626133062,15.397207816201194,-1.9723791169042371,,0.08352086336288968,0.24,False,2
0.96387157295688519,-0.26234710138935785,-0.046104113029333045,0.26444688979564496,0.96322626512720166,0.047571048406691699,0.031928565940698428,-0.058044470552360047,0.99780329029086023,6.0917162612887275,-5.2281737044105947,-0.79272557712378744,,0.2187915286094454,0.2,False,1
0.86742351946100016,0.49711722589877622,-0.02123444373174602,-0.49730216671588973,0.86756729294614443,-0.0041889365930030953,0.01633991632698855,0.014193516999105652,0.99976574816785113,-21.072228246809232,27.480675251026078,-2.4983861836781505,,0.09357704842566153,0.25,False,1
-0.8416810324623808,0.53188853311228768,0.09310009633034709,-0.53670707311457189,-0.80511842723477123,-0.25244768922649846,-0.059317427977374215,-0.26244791191904659,0.96312124691934942,-12.80217717610649,-14.272965927784446,-1.2788733520662476,,0.5384658269229406,0.4301075268817204,False,4
0.99055012421849298,0.13231066783088746,-0.036115628042054482,-0.12709659558391787,0.98450115184160036,0.12084675177074289,0.051545191838865925,-0.11511459160639061,0.99201397369068745,-11.930886621592149,6.3249322805617538,-1.7922246268793756,0.3731580592200889,0.1901746171220771,0.2537313432835821,True,5
-0.14412846067187182,0.98252226698409761,0.11780060146190124,-0.98927948450688385,-0.1402339632868434,-0.040749688031419505,-0.023517830642948732,-0.12241090809765806,0.99220082706101176,-4.1533777227434081,-14.177759225231675,-0.90970072290426462,,0.5255135838024738,0.6984126984126984,False,5
0.17236224709618961,-0.98316448433420345,-0.060653544989654418,0.98485840190377161,0.17316597140591417,-0.0082142891716533266,0.018579127414966399,-0.058319320048385477,0.99812507880204726,5.7436000422886062,6.5063299782822535,-1.3758566129219192,,0.1613823590389804,0.4047619047619048,False,3
-0.80335839164548395,-0.59048344061605607,-0.077101238193728383,0.5951986189965891,-0.79210859519436205,-0.13528701845989494,0.018812190657506545,-0.1545745120562883,0.98780201543893753,-9.2824059966151466,-10.692563790686783,-1.2984003719849961,0.4972311158117669,0.2958332503336388,0.2448979591836735,True,5
-0.021352268321474344,-0.99641062784191525,-0.081914231737884119,0.99963039364794626,-0.01989844335695572,-0.018523715804919794,0.016827261594780509,-0.082279479067687608,0.99646722504634855,11.708047748823887,3.5851445173415581,-0.88359632228771345,0.4654460622294123,0.3907873568520382,0.8803418803418803,True,5
0.31525223717725592,0.94828083480625069,0.03714142288465181,-0.94891377005797983,0.31553072230575602,-0.0017378940015220883,-0.013367271564825863,-0.034696132642835886,0.99930850813477212,-21.767806911846566,1.9285398123129218,-2.0024768664029442,,0.08288479105536578,0.3103448275862069,False,3
0.91632650013332262,-0.39851887470904973,-0.03909541730239087,0.39892219555082187,0.91698054474589352,0.0027861181661834912,0.034739416378620533,-0.018149023614422145,0.99923159772472947,-0.68259807581027498,-9.1044771539827067,-0.9643879521377996,,0.06848156594568806,0.1290322580645161,False,5
0.63607176813193655,0.76773500259813743,0.077431721995254499,-0.77144811852895945,0.63053395249118205,0.085409221832170368,0.016748319427359971,-0.1140609509932579,0.99333256931144331,0.56008211930202689,-10.21373787855836,-0.86364052494455268,0.6382211130398007,0.404898359518883,0.4166666666666667,True,5
-0.22234137589427216,-0.97030706597263394,-0.095228726175555195,0.97491944159665522,-0.22028344210600406,-0.031737793414088195,0.0098180936187480979,-0.099896961202569634,0.99494934653990519,19.862055172513486,1.8249034308344474,-0.27872730693353565,0.7630614616499207,0.6584694851760797,0.9830508474576272,True,5
-0.48552975354586053,0.85610441893081746,0.17704824853362544,-0.87421879540986613,-0.47582339189347783,-0.096610545382527752,0.0015349833287708302,-0.20168620085200245,0.97944898806015779,-6.364903634607125,-14.433046780587075,-1.0000226272817037,,0.3816547494036648,0.3125,False,3
0.84186610451124,0.53622942828089559,0.06098739476821706,-0.53914306243137833,0.8305614728617553,0.13961517836477177,0.024211986849185081,-0.15041821712564021,0.98832592784443285,1.4948531117731454,8.0524259570011374,-1.4806123781385692,0.5022781332828286,0.2623425369057934,0.1707317073170732,True,5
-0.59453136360245762,0.7954315073375039,0.11756349275088823,-0.79970791185836154,-0.56973657136792577,-0.1893871562621367,-0.083664289898025768,-0.20661305955990844,0.97483913042878634,-23.993823916833112,7.4940941572661535,-2.1802227729961317,,0.2380841026142736,0.25,False,2
0.17820777186603504,0.96903914169670302,0.17089509035153494,-0.98391639981328227,0.17765124611413249,0.018669572372291991,-0.012268179368247145,-0.17147354493860584,0.9851123363155978,4.3067166114491453,3.244276850760865,-1.2415288250943513,0.2702146224027521,0.3338281431293944,0.3125,True,5
0.99933967512698196,0.026027835752226943,0.02535282002365917,-0.028902975784990691,0.99228344951646708,0.12057434970370781,-0.022018894338026999,-0.1212275034047756,0.99238050198015004,-20.639747193431376,-0.52461994460819006,-1.8837566872476335,,0.4163748765530015,0.4461538461538462,False,2
0.78401120098862809,0.6201982611522896,0.026087422027592469,-0.62057816980818004,0.78212674560081352,0.056218226345291236,0.0144627757328596,-0.060265003771319235,0.99807763096792468,-17.575915552251868,8.522277709045504,-2.0407156496913892,,0.08662418191361705,0.1621621621621622,True,3
-0.93484054801634509,-0.35299898236747268,-0.038273597061513689,0.35489348483277017,-0.93231467063444329,-0.069569888191953547,-0.011124936303222074,-0.078619802641047606,0.99684259661439578,-6.216616989570122,13.109526986166296,-1.7131493835101301,0.2642771096813253,0.245803500386816,0.8181818181818182,True,5
-0.92065986731491112,0.38415936853489829,0.069332447544846992,-0.38999113665813206,-0.89737399406064677,-0.20646265548941609,-0.017097427987532696,-0.21712092103367528,0.97599497109652178,-3.9956436524816916,12.975061486606364,-1.6501187818260659,,0.383092193524724,0.1923076923076923,False,4
0.5175249721302293,-0.83504401315761623,-0.18673349809615838,0.85518519658770431,0.51209685337846922,0.080094271312746282,0.028743395047466553,-0.201142508807793,0.9791401883242522,5.7624474482838162,-6.2890686856904443,-0.77466248228018397,,0.2307015120418147,0.3157894736842105,False,2
-0.42826332944669271,0.90178042106747369,0.058160062161273549,-0.9032375578673123,-0.42522477214091042,-0.057842953033228735,-0.027430543361862389,-0.077304368162999015,0.99663012193781919,13.310912319771031,-1.0964838489204454,-0.56553815849961864,,0.8549820395363081,0.4318181818181818,False,1
-0.89485308668617469,0.44468127336713636,0.038684859632751083,-0.44416604472391868,-0.87851873102052003,-0.17584471547477101,-0.044209478197931543,-0.17453768751383014,0.98365752051961131,-17.814356034461824,1.1047352478655326,-1.8490468152105752,0.324475324706422,0.1778551144984585,0.3260869565217391,True,2
0.61060400479662313,-0.7673951925350373,-0.19562046876653474,0.79082496650651601,0.60393255215657748,0.099304304013527453,0.041935923458220628,-0.21533715638448506,0.9756389124076339,-28.755648938880526,13.774104394476627,-2.3177371233622202,0.9709686186153649,0.689175287003149,0.6507936507936508,True,5
-0.55104354064238681,-0.82356451093624805,-0.13450841104793076,0.83444498987885751,-0.54241673060624962,-0.097394297700116428,0.007250874593715588,-0.16590836833856273,0.9861145157297202,-18.991861578134273,16.447573556518826,-2.2657510679477233,,0.3575928887009848,0.1333333333333333,False,2
0.85993146779972685,-0.50276927729526599,-0.087982523809008395,0.50933550926974469,0.85645345837573872,0.084052439781164723,0.033093952389170969,-0.11709196148426385,0.99256952545956734,-22.532171828710577,7.9975029830136428,-2.1559509065986933,,0.2901720523684433,0.375,False,1
-0.78455779235505907,-0.60167365560307295,-0.14985954293334475,0.6197220582599795,-0.76881678435354239,-0.1576874205581843,-0.020338165132843762,-0.21658615895184491,0.97605163530907291,15.787679673047647,11.044414370838009,-0.89528227817157391,0.6050651711963037,0.3470733174012262,0.5,True,5
-0.94603704319917981,-0.32123008602504655,-0.04272171259783622,0.32397110932720929,-0.94058855302809408,-0.10166560005140121,-0.0075255043849812783,-0.11002002429037733,0.9939008808925035,1.2261041737261367,-11.088735586926258,-0.78377885658732505,0.8675318451288674,0.6748523032526407,0.8484848484848485,True,3
-0.25888504481559527,0.94795419170169282,0.18536823893541585,-0.96561845140039604,-0.24929698646853879,-0.073702230989342365,-0.023654595450534291,-0.19807539719232001,0.97990132010380337,-25.976984826726753,5.9032179605773827,-2.2076509074703865,,0.2400054159297881,0.2666666666666667,False,1
-0.96791148826839135,0.25121161633663985,0.0063304577717216287,-0.24915882141052609,-0.95611790057888835,-0.15413773680035486,-0.03266852600568694,-0.15076897562214442,0.98802909036043274,-1.7995289043699612,-16.040149807454018,-0.65555216977306952,,0.3555846226128132,0.45,False,4
-0.058970736182695292,0.98660741008244168,0.1520798166900757,-0.99808866100388993,-0.055452301993298467,-0.027277591152915986,-0.018479097638482597,-0.15339772023749271,0.9879917319372703,0.74109147440658052,4.2056756614692388,-1.3711528086772939,,0.07294134139273703,0.25,False,5
0.89334710557868857,0.44923187666173681,-0.011030410017371758,-0.44903024213087223,0.89335862126035093,0.016799269975002182,0.017400879462473019,-0.010054591527099957,0.9997980368970294,6.3374288636065934,18.043375968204948,-1.4090112522808076,0.1716502341481179,0.1991260249902351,0.56,True,5
-0.99753677432873922,-0.049606981905968968,-0.049593660965848468,0.054093425215054204,-0.99413517917244931,-0.09364372312262334,-0.04465742055154992,-0.096095748490472088,0.99436981144428283,-8.6731811509938126,13.28782176218205,-1.8054453548609517,,0.1289350682380853,0.5306122448979592,False,5
-0.98891564916705921,0.14776193531165574,-0.014568778447356816,-0.14528985910495054,-0.98323466664331871,-0.11018369730620639,-0.030605484373845977,-0.10684568678124613,0.99380445940963968,-21.020561732281628,4.7123498978837555,-2.0449634070812275,,0.07285085523504099,0.2222222222222222,False,2
0.26175721277762026,-0.95517450944334925,-0.13829250908327517,0.96441920920879942,0.26437706518727416,-0.00059691878600100917,0.03713152929741681,-0.13321570445191488,0.99039124875950635,-3.7112098921242702,9.4306524041297966,-1.6297171000658279,0.1723084249690615,0.1257055082064845,0.293103448275862,True,5
-0.9995406032306775,0.013221341631693593,-0.02727230497612769,-0.0098063011648594298,-0.99251173640964807,-0.12175503910133977,-0.028677847735089006,-0.12143166479367214,0.99218543218227095,-2.4313626755683817,3.2267294463202809,-1.4328494728831693,,0.09633839368817883,0.1953125,False,2
0.31560509829299782,-0.91799534705954666,-0.24016237154993833,0.94856754613649952,0.31182934691280029,0.054608321898014879,0.024759490060338972,-0.24504489625568573,0.96919552540805365,-4.1410440242309576,3.599843154438902,-1.4950453632766796,0.4578618440348451,0.285286369730975,0.35,True,3
0.71152268388874318,-0.65852556017012986,-0.24511131535361247,0.70132746741275909,0.68705911228960459,0.18997252346649385,0.043304200306284284,-0.30707305779315591,0.95070020690720192,6.9269246776162099,-1.6307574684650068,-0.92997222865635198,,0.1693520012503518,0.2278481012658228,False,4
-0.47708298549503608,-0.87330862055615877,-0.098609726768916703,0.87885463704119193,-0.47374669092610255,-0.056379072249912635,0.0025202980649058279,-0.11356111173665616,0.99352781641924692,-11.071471481577287,12.540046647531465,-1.876433854397374,0.1477468659543209,0.1034782228935413,0.4516129032258064,True,5
0.9734897677229124,0.22870120780593575,0.0036646537212174819,-0.22388278105948151,0.94945391955478642,0.22003125911362215,0.046841994874925227,-0.21501863219302608,0.97548593804625283,-5.0688759042183644,-11.939280686456758,-1.0343062700636858,,0.4413801597759009,0.2258064516129032,False,5
-0.98638843337996918,-0.1531968162403872,-0.059737709932821792,0.16246228734198184,-0.96404615757675016,-0.21028792464883456,-0.025374469173171394,-0.21713070154934719,0.97581268425803269,-21.873577025681765,-5.0800602491863502,-1.8381292206647233,,0.09801152684661268,0.125,False,1
-0.718692951368884,-0.69213600157448529,-0.066544699091406784,0.69520613508244578,-0.71705777551986838,-0.05016548923538007,-0.012995052766719306,-0.082315866581000596,0.99652156359639721,-15.728793451013505,8.2689122287114838,-1.9838671543218922,,0.06889903079474906,0.2727272727272727,False,5
0.05689401830997725,-0.95227769390923456,-0.29988375141620316,0.99820978637246427,0.059807471115436911,-0.0005373909340430881,0.018447034200211702,-0.29931632110810014,0.95397560076111454,-6.6742088462358691,-11.947272802913641,-1.1142284893093071,,0.5960016067576375,0.3333333333333333,False,1
0.62184296733790789,-0.76401845178145911,-0.17200909659041244,0.7830786936048334,0.60381749186896538,0.14897045390016581,-0.0099540742681164564,-0.22733288774512175,0.97376623198534196,-12.850724278271093,-12.015626930856364,-1.3546141125842817,,0.3551657460264946,0.7183098591549296,False,3
-0.99903956886351797,-0.04248652625763169,-0.010716106175084124,0.043790094365487454,-0.97669236447844521,-0.21012960953888682,-0.0015386619049651724,-0.2103970538198264,0.97761480771491971,12.22928546504418,5.6388143728226297,-0.9546814188423165,0.8684441310791291,0.7968838942655545,0.4642857142857143,True,2
0.97820470392204761,0.20737644235206418,-0.010515150126367598,-0.20697300726040876,0.97786236607025445,0.030779332173816561,0.016665277986332262,-0.027932135272557605,0.99947089218683782,7.8529063626111402,-12.309233374343457,-0.3923134218756551,,0.1713992288131065,0.1428571428571428,False,4
0.45100302561704336,0.89251775880589068,0.0028846317584062808,-0.89250680037324615,0.45101189832522537,-0.004458571137320802,-0.0052803571642862542,-0.00056372438808975633,0.99998589992210951,7.3109382802536818,14.221890455296428,-1.3775778507588088,0.1680504373718806,0.11556898023984,0.25,True,5
0.25762226550292483,0.95284615187798605,0.16035890735613489,-0.96571389366899585,0.24840432054657219,0.075445139727235488,0.032053765641601992,-0.17429717262511407,0.98417125121753268,-22.570433381243916,0.74178864436481307,-1.9987077988673716,,0.4188643380142075,0.1458333333333333,False,3
