axis_00,axis_01,axis_02,axis_10,axis_11,axis_12,axis_20,axis_21,axis_22,location_x,location_y,location_z,dbh,dbh_approximation,score,reconstructed,number_clusters
-0.43633377904535731,0.8938751560301661,0.10295648933428928,-0.89404813889525958,-0.44360462117789007,0.062392831379425424,0.10144337633339071,-0.064823957775386576,0.99272710041401357,8.7575087848786932,10.329241511579497,-2.9696679221174604,,0.1413179602354134,0.2,False,4
-0.4089353912082756,0.90831507881336837,0.087952051810058843,-0.90655957807535748,-0.41539110326289042,0.074832898713524679,0.10450635012842321,-0.049131954269124457,0.99330985792577953,5.7138818893645267,-8.9454879790984076,-1.8553704855843085,0.1757665696462153,0.144215921590519,0.2380952380952381,True,5
0.28365918419447544,0.94574076956038833,0.15846723324854645,-0.95662191220471549,0.26764028238604187,0.11507908730135588,0.066422769529115688,-0.18423646771376267,0.98063496758602164,23.126397353149372,2.6104580954371217,-3.5839395388023205,,0.1522829294862512,0.5,True,5
0.85577226388077265,0.51066875674559264,0.082893022965073684,-0.51726599264205109,0.84750808795533517,0.11902072805324992,-0.0094723401760588508,-0.14473237970199668,0.98942549645609301,-18.973094619071126,0.091854287950473068,-0.80301536943529106,,0.07795642212484921,0.3448275862068966,False,5
0.97289651909387975,0.19477981133614186,0.12463221185098508,-0.22472730960266449,0.92343270937109179,0.31107823386137656,-0.054497701362167902,-0.33065519254870646,0.94217681153105126,-10.873049334438129,11.552845390897071,-1.9455480032151418,,0.2772372539036276,0.2567567567567567,False,3
0.74995208878908803,-0.65905234658628875,-0.056761509669763149,0.64877732539708766,0.71608077146132121,0.25751953478126888,-0.12907302805577142,-0.22995289344225658,0.96460448901404605,-8.2044193628288973,-14.375131461302354,-0.74119217235109636,0.5597321721999379,0.7045769569046157,0.7142857142857143,True,4
0.82796819129358246,-0.55583214026945271,-0.074292032207458739,0.55325833120119916,0.78805103909215257,0.26996440273162597,-0.091508978589528597,-0.26462462400400089,0.95999995583762565,4.5858686453360065,15.630809294007769,-3.1635275454387255,,0.4170196052441268,0.4545454545454545,False,3
-0.91964619799866987,-0.38780004595125711,0.062144950452913392,0.38997831700676316,-0.92041521883440425,0.027436056615142326,0.046559454154497984,0.049466648342287728,0.9976899658363898,2.461895257358679,-15.268634875794127,-1.411422828132983,,0.1112633751225222,0.25,True,5
0.80927190209687427,-0.57939397191408093,-0.096858731078479393,0.57974250238225011,0.76114886549341043,0.29077660753516921,-0.094750300305987661,-0.29147046139826982,0.95187570129939003,8.5203759507681482,16.641675497176866,-3.4519862615440275,,0.4537183522884836,0.2222222222222222,False,3
-0.49373998313333206,0.86621226302349474,0.076792867137603277,-0.8628791832567404,-0.498970161961099,0.080425695985149676,0.10798307347764313,-0.026553584696444203,0.99379804939539462,-13.371546750190278,15.977268093215429,-2.0707420106685404,,0.3806230015757481,0.875,True,4
-0.75234343490934874,0.64630579668998267,0.12754674873837213,-0.65064756121041856,-0.75931752173314082,0.0097289403315895806,0.10313635168909767,-0.075668476619843647,0.99178484290005908,-14.866795788293688,-6.5013144728912398,-0.57435261659254877,0.2034731874448466,0.2118348728791895,0.5858585858585859,True,2
-0.97971864485387894,-0.19382697835656407,0.050818100976348327,0.19608802307270429,-0.9795960181653961,0.044058238752123564,0.041241534078121672,0.053129498921640386,0.99773563242535235,-1.6797592433892397,-6.1346709161311122,-1.5703575972604107,,0.06467273002140964,0.2295081967213115,False,5
-0.97295088923566131,0.20513795670215529,0.10623081405882615,-0.21451617763863437,-0.97293333378365854,-0.085927513311663373,0.085728505567553806,-0.10639147866573179,0.99062176263217294,11.524102217293018,-7.1855750643560432,-2.4291326773584898,0.4469363186998704,0.4678240584518923,0.3076923076923077,True,5
-0.36875000491182286,-0.92585061181508066,-0.082607980723246141,0.92763288418401091,-0.37221479885563008,0.030876782431412009,-0.05933520083377674,-0.065244065741677487,0.99610368226782087,-2.8561823249601095,18.666571049748669,-2.8728683717699544,,0.7272695215436544,0.3571428571428572,False,2
-0.97480770172397324,-0.21670349231177419,0.052816106250891864,0.21951605336791313,-0.97405813855267731,0.054985862119893147,0.039530329791189638,0.065194625078860494,0.99708927077139176,8.3472230666808453,-6.3904390272404994,-2.2620677896275199,0.1273849767884173,0.1165592049564175,0.5,True,5
-0.68158311581878361,-0.73042082516143492,0.04393033577436653,0.7314870514148506,-0.67853726124345537,0.067185405533049317,-0.019265249626411449,0.077926909824019952,0.99677291640679766,16.51596541114429,1.4206300203688214,-3.1797898958457882,0.2509213180013479,0.2242254477131886,0.6181818181818182,True,5
-0.2313502618023881,-0.95368573969184389,-0.19225131019680336,0.97064639464920566,-0.23962429286783971,0.020634311766728759,-0.065746733139109503,-0.18183428767976839,0.98112876774943591,-1.6943255343824617,-16.642392197567666,-1.1100771306970554,,0.3896005570166721,0.3103448275862069,False,3
-0.65337804179945635,0.71187967305535638,0.25753536763890611,-0.75072802410248796,-0.65310221977265004,-0.099322325562840014,0.097491375626162946,-0.25823404426728047,0.96115066980150532,-1.05913375697066,-20.12747662799292,-0.9795851260333831,,0.4384650262668153,0.125,False,3
-0.10478876918306518,-0.97853162396433724,-0.17746879938405111,0.99086876684476854,-0.11795509821481967,0.065312186433020919,-0.084843389516377335,-0.16900430677012512,0.98195679311694939,-19.441311232888832,7.553780691637229,-1.1960630776979635,,0.3392363077175775,0.2857142857142857,False,2
0.93553199168252987,0.34582477390860006,0.072007765481122338,-0.35261246734756974,0.92642041683499243,0.13194566738751942,-0.021079383519869467,-0.14883022885941041,0.98863806449482705,3.9235277701809066,-17.113817589577454,-1.4518354693524038,0.2231796619594298,0.1912326261946581,0.3928571428571428,True,3
0.29804010302281564,-0.91911625928143381,-0.25767692740067605,0.94945932018199308,0.25759312413300828,0.1793677276405766,-0.098483990118683251,-0.29811253634139662,0.94943657996013753,-17.138152438772558,8.2948724831810541,-1.3801754594497766,,0.3840809030625053,0.282051282051282,False,1
0.10638032549611023,-0.9882909698964415,-0.10938091775302197,0.99018504459695456,0.095265918439651931,0.10226427646239478,-0.090646587381264299,-0.11918625594002563,0.98872535751397106,7.1991316929274989,-22.344645328855307,-1.5322009771357941,,0.1949798681945445,0.2142857142857143,False,1
0.15139947412369445,-0.94935091536425653,-0.27533804446919119,0.98429656099936413,0.11921543533004145,0.13018433079251504,-0.090766068769640287,-0.29072412950444676,0.95249199539103113,12.951652541556214,3.4743425924561651,-2.9449520693459736,,0.397418374428933,0.2068965517241379,False,2
-0.95696711736467488,-0.28997332838396156,-0.011375636627141215,0.28844125560938094,-0.94614350197181896,-0.14701739944301601,0.031868139971283418,-0.1439720198595226,0.98906849062759095,16.476209887719591,-7.0867451266666093,-2.8391146837124959,,0.5775499829760213,0.4642857142857143,False,2
0.99456915614056041,-0.084004095575928514,0.061445142853789422,0.071744355216580111,0.98105368980835839,0.17996223272665099,-0.075398548715538943,-0.17457654378488086,0.98175256007392964,12.449223390783644,10.64288752306696,-3.2570988749255951,,0.224847990581966,0.40625,False,5
-0.94525438138325713,-0.32623819399714876,-0.0079243456029627971,0.32609397058154405,-0.94334736932038865,-0.06130630592904223,0.012525047948786894,-0.06053413560778003,0.99808754205234929,-9.8086570982015573,14.282525323090272,-2.1455794212243458,,0.1561174470373513,0.2,False,3
-0.95502635759300503,-0.29610814061621893,0.015640503938204493,0.29607374685934312,-0.95515437111014834,-0.0045236898483374047,0.016278597092657186,0.00031049956501439518,0.99986744664816085,-37.184072569720001,11.791373757021519,-0.75869470404686934,,0.3311699560550209,0.3846153846153846,True,4
0.48136730252270354,0.86771068204826274,0.12395036232845488,-0.87530151953888913,0.46841736846149601,0.12013500246189299,0.046181922382335087,-0.16632300256713223,0.98498928362806371,-12.825231027899083,18.241955257345975,-2.2722358491792476,,0.1785182389038781,0.2,False,1
0.66609358999399892,-0.74570597726909349,-0.015553933073470534,0.73641270082692534,0.65419646056388925,0.1724045389381435,-0.11838776722998366,-0.12629167213568376,0.98490342172188294,-8.9650480224035736,-12.54576180065475,-0.70370190334982785,,0.1213752935799819,0.5,False,5
-0.99099883008092626,0.10808311205880385,0.078989617456473205,-0.11174420180161619,-0.99278499604376924,-0.043487756829860773,0.07371941495939574,-0.051922947894524389,0.99592643068651798,8.1830044125916093,-13.639511254629259,-1.767270845478103,,0.1170971364426998,0.25,False,5
-0.96040636695941728,-0.27559854884071877,0.040805026414684961,0.27638166253180169,-0.96093281718173762,0.014876070695111522,0.035111065491813781,0.025564834051068231,0.99905638096154059,0.25625896498196493,-15.584334229271848,-1.2799356698978424,0.7610512345139894,0.6025385303039483,0.9545454545454546,True,5
0.51038199082701596,-0.85980385824862793,-0.015733682983529632,0.85207486773216468,0.50315465706070106,0.144235262184194,-0.11609755905559276,-0.087021356108156298,0.98941833435732895,-6.6809520526305599,-8.538760004304585,-1.0248611173676918,,0.2460904049185074,0.2741935483870968,False,6
-0.4279321652949567,-0.90380195036148248,0.0040120354873208683,0.90299202269006629,-0.42735134260002949,0.044454886526187051,-0.038463864393400694,0.022646511888893016,0.99900333664867891,-2.1287292234570208,-9.646672122406482,-1.2841633495650762,0.1466668435501391,0.1147893413974918,0.4444444444444444,True,4
0.81417439789686796,0.53427578324544167,0.22730912266502351,-0.58059729593565201,0.75265042423754214,0.31052233228426152,-0.0051797453105182772,-0.38479439488188782,0.92298778101662893,10.759124201342717,1.1554507003135575,-2.7392368214517009,,0.6075190413738377,0.1333333333333333,False,3
-0.87334637453322195,-0.48597648133495641,0.033060091938335021,0.48699726622121253,-0.87254108231556782,0.038803638549004961,0.0099886326762881339,0.049989191440462204,0.99869980872952302,0.65958716795656458,10.60106890897222,-2.5345970332157615,0.2000939228755744,0.1717312611585131,0.7441860465116279,True,5
-0.9959669762571467,-0.016398070744041756,0.088209327630751413,0.0085768478128131573,-0.99605475323893045,-0.08832534308865618,0.089309685291079632,-0.087212566904124406,0.99217828452713153,7.0702130792435351,-3.3206335106993534,-2.2320811412638824,0.7192676570374847,0.6254680943791548,0.4554455445544555,True,4
-0.54274339931693194,-0.83706152362693775,-0.068975417079201184,0.83927925184942753,-0.54366439970385905,-0.0062735882640041693,-0.032248099369811843,-0.061294585062554661,0.99759863368443058,14.153344756693732,-4.8691762561127829,-2.7253173315649692,0.1891913890345066,0.2879922443452791,0.3015873015873016,True,5
-0.21135699834991051,0.924231859924173,0.3179995099833029,-0.97244517574950262,-0.23159054672616933,0.026761891349342939,0.098379872992578832,-0.30358077634820479,0.94771309625950961,-4.7623812750915047,-7.4732102593519532,-1.2185413242782634,0.3578254715745297,0.2834796890102139,0.2258064516129032,True,2
-0.86364569516419898,0.49947211325706303,0.068144855292764511,-0.49579027601526515,-0.86605629939437934,0.064331084928054172,0.091148864134751956,0.02177370794873645,0.9955992116354393,2.4276744416439144,-13.179282922992305,-1.3617242605716122,,0.1034897235669668,0.6842105263157895,True,5
-0.2523109009719291,0.90922796935770112,0.33112491447851689,-0.96273668532612733,-0.27030276366159089,0.0086307985822811351,0.097351342969653795,-0.31660845802754212,0.94354745525989703,-7.3007773857190923,-17.963368803035316,-0.64798115503169096,,0.2798311669850769,0.55,False,2
0.86085589950323826,-0.50791710039650817,0.030778879370034231,0.49985783970793901,0.85541719984867737,0.13565970030027863,-0.095232664422371716,-0.10139838917779948,0.99027728758119282,-5.0478977461394301,-10.296450307337492,-1.0436645684694938,,0.1030378022995992,0.4821428571428572,True,5
0.59672196229271723,0.78890606949445208,0.14679956822941889,-0.80174402302206327,0.57847546882808631,0.15024198318886561,0.033606863375305822,-0.20734836743736548,0.97768974284030052,1.7575996708678436,-5.4857765139374859,-1.8316027100562469,0.3418906971501082,0.3580467615648927,0.7717717717717718,True,5
-0.68850297587885068,-0.72473893803123135,0.026779169280080853,0.72495522982665972,-0.68674661556086769,0.053094262992065093,-0.020088975905793081,0.055969256892139156,0.99823037187314612,-6.4573509789026557,-12.60500462618047,-0.84250732873918532,,0.07691032919220976,0.2285714285714286,False,5
-0.9500952765137084,-0.31193567237441999,0.0038861094501460858,0.31156063347132851,-0.94943575542935033,-0.038752006183467497,0.015777744366178223,-0.035607339308315999,0.99924130227392927,-37.780812553734997,4.503230185119989,-0.20890870732494315,0.2500963196720871,0.3016384486161087,0.7666666666666667,True,5
-0.98313895507145244,-0.17551716179512561,0.051298352180129667,0.17720144240358443,-0.98370695558259869,0.030336023940267375,0.045138053027374614,0.038914668876903091,0.99822252264467515,-21.953550554349277,-2.3070036821816671,-0.446298050709383,,0.1719354444737849,0.6792452830188679,True,5
0.91562806261580876,0.39305237084188427,0.084469430719014305,-0.40149929400097162,0.90477160912804022,0.14207973899391013,-0.020580764493619619,-0.16400661295030194,0.98624452497412018,-11.815469962847672,-11.182823554250506,-0.59147069843460642,,0.1099232837344561,0.4347826086956522,False,2
-0.80278988073732915,-0.58924956144580376,-0.091177638276451534,0.59625209539425439,-0.79421795839688614,-0.11705243823962694,-0.0034418198245109097,-0.14833337080983741,0.98893142582308802,4.8814658317425064,3.9136855949864997,-2.4634130140006603,,0.1095871989251468,0.1818181818181818,False,1
-0.89904141122371251,0.43006630509647809,0.082264902148721258,-0.42902040773020217,-0.90276605827429612,0.030902002829944614,0.087555871624276943,-0.007511141627856991,0.99613129259930389,-9.4964906867458101,-16.808250299128723,-0.5779146922139059,0.2988004528398089,0.2852649320344475,0.8947368421052632,True,5
0.88890722263884114,-0.45673133301619107,0.03521986629384756,0.44901774523572735,0.88395237499364943,0.13042723337750939,-0.090702888619528979,-0.10012336482730252,0.99083212393004971,-12.055132907256684,19.37963972065128,-2.388875759131428,,0.117923849661023,0.2727272727272727,False,1
0.5157624200242471,-0.85647805503235974,0.020843880126279545,0.85024721533039127,0.51469491428862291,0.11031236570912123,-0.10520835952360429,-0.039172521662686456,0.99367837585052587,0.66571590059879371,-4.8343699843473527,-1.7876698875489867,,0.07311805069089367,0.1451612903225807,False,4
0.59804198713216195,0.76806964608671791,0.22894278845868721,-0.80146179096525172,0.57234169080724884,0.17344735969933661,0.0021861495343738213,-0.28721770092409632,0.95786283622765622,-17.80950672126793,-0.26249405317005525,-0.83910369178999622,0.2234166348764167,0.1439223929889948,0.3333333333333333,True,5
-0.74494609929063726,-0.66610120161725672,0.036939116877772446,0.66701263450738957,-0.74266368022283891,0.059538252286904812,-0.012225160905870613,0.068991646464731035,0.99754232900609785,3.7033663076446044,3.1024010778558138,-2.3102411412157151,0.27722201617521,0.2307188328691464,0.780952380952381,True,5
-0.97742495268974328,0.18419141155799026,0.1035083850117013,-0.18516397331808485,-0.98270761475156165,0.0002165510513894367,0.10175836498546498,-0.018954361439345452,0.99462855747153855,-8.3807441568151937,-4.676108288619008,-1.1485774868091845,,0.106991192058386,0.3380281690140845,False,5
0.89356334614688249,-0.44606291208811399,0.050719078089601986,0.4331068694096683,0.88627219866418061,0.1641341815257156,-0.11816507983725157,-0.12469750733046617,0.9851332628495626,19.873192765179645,1.1951879676072978,-3.4002012877687688,,0.127331981166106,0.5,False,6
-0.96723145296548085,-0.25372030851220567,0.0094510022091587112,0.25370250449619486,-0.96727746389224523,-0.0030572959532557883,0.0099174395205882115,-0.00055936987655043173,0.99995066453235504,-6.6609582213475163,5.808626839203221,-1.8673006507395917,0.6108100040660066,0.6577756507839436,0.8737343656938654,True,5
0.69459954891275988,-0.69754541577773377,-0.17595982376002542,0.71217714360732309,0.63217773792735099,0.30521307932716762,-0.10166210096936344,-0.33731543189798796,0.93588627334199581,-44.040310097945124,10.172746056916679,-0.20947282129074846,,0.3304025432885977,0.3076923076923077,False,1
-0.46576304111882033,0.87179920827584045,0.15175944773675568,-0.87939954168285461,-0.47511360524493551,0.030389277700270254,0.098596326583360691,-0.1193029863866639,0.98795018185305772,-1.5477459385424088,23.898190979309366,-3.3094109093885455,,0.5464426419096295,0.5714285714285714,False,5
0.14770829599699736,-0.98132974761468572,-0.12318354492447392,0.98468497399173405,0.13425088204516158,0.11123040350998134,-0.092616204243969311,-0.13772663909568292,0.98613062603026691,-16.199216699801681,11.018545767053745,-1.6117577642385765,,0.08301417315008433,0.4230769230769231,False,1
0.66658182043471104,0.72501680799927615,0.17326079990721382,-0.7446768220327723,0.63721073339111867,0.19854196528271773,0.033542620546371561,-0.26136776650859911,0.96465630316563455,-13.703337693264908,-11.436671415567764,-0.47074827728327689,,0.2356165381907074,0.15625,False,3
-0.80793284999158044,-0.58925821116136567,-0.0043898158719021044,0.58879901919584721,-0.80755767056645245,0.034151481714462709,-0.023669070503303302,0.025007384673174898,0.99940702709822749,-16.97128754772346,15.223396767248667,-1.8095635858792163,,0.2977107335462977,0.2413793103448276,True,5
-0.94302791815533704,-0.33252640704341918,0.011159489164132119,0.3319725045268756,-0.94263539085263359,-0.035110912125080697,0.022194634886917725,-0.029405926798792316,0.999321114382829,10.051444233659982,4.4930000620232065,-2.8202351932261847,0.3925349391110122,0.3947287476061142,0.4931506849315068,True,5
0.40063266754454907,-0.90003803470908772,-0.17153717315248082,0.91062962932673552,0.37045512947641401,0.18307559978562915,-0.1012281773440247,-0.22955289830803424,0.96801772865479596,-11.650298618267907,4.7419764163817115,-1.4609676719000084,,0.2743805219740017,0.453416149068323,False,1
-0.53700155955687423,-0.84356032832143424,0.0059411712413291601,0.84239364354972379,-0.53585868452602137,0.056819182720825687,-0.044746780225012814,0.035516794622766502,0.99836680782126286,9.9044290640144261,-6.6017679334116872,-2.3436875462210378,0.1537706946938874,0.1080438129316336,0.4,True,5
0.68433245570424595,0.70356582974574755,0.19153123318136545,-0.72858037043815183,0.64920609503820625,0.21840808130069148,0.029321218971971388,-0.28900963544390995,0.95687705413944213,-14.695199858594899,-19.883883134251736,-0.12743414487876356,0.5973150807221261,0.6439036667415862,0.487603305785124,True,5
-0.80377568311045267,0.58385323653147159,0.11428057329244706,-0.58690056235315913,-0.8096154249085693,0.0084020033124477742,0.097428851732280219,-0.060318006779419599,0.99341298406467748,9.0088618168343331,12.003825710305122,-3.136296693039486,,0.8237581723411521,0.2666666666666667,False,1
0.60697036366330348,0.78566293821543687,0.11966923225760022,-0.79350761859714236,0.59080125023770536,0.14594362591718688,0.04396176591913508,-0.18354190320537273,0.9820283768328798,8.6115156541004954,2.4976139449139567,-2.637856819717538,0.5546366389757559,0.3641455951287785,0.7733333333333333,True,5
0.067554144941194355,-0.997398591891969,0.02514928216036133,0.99397442610108022,0.069460307667440907,0.084794492249040315,-0.086320784045861285,0.019269523882592642,0.9960810246616717,2.984216692041795,12.158677495160344,-2.7870803928819878,0.5583941525245915,0.4803869756250242,0.8464912280701754,True,5
-0.53122860341588618,0.84109059208192272,0.10179777416077011,-0.8414671302198814,-0.53778234479183484,0.0521844650227649,0.098636908266244411,-0.057937600411786319,0.99343545073960371,-36.056807990862652,3.6287124212644173,-0.20245923123578186,,0.1029998798882935,0.25,False,3
0.32404414320439795,-0.94601038931158898,-0.00772894361901455,0.93926110302722132,0.3207343745969608,0.12213943381228851,-0.11306623543312019,-0.04683806429000404,0.99248285735248354,-24.182613222142223,-2.5608158029964851,-0.31103397476908656,0.3842505824023902,0.1890691302402186,0.391304347826087,True,3
-0.92190908016307793,0.36098343325096305,0.14062222026128438,-0.37327640051701361,-0.92483780969174678,-0.07307362439096865,0.10367437836769358,-0.11985819405830316,0.98736297104314819,-10.713001819144372,16.772104704382073,-2.2728862154805087,,0.3301287909301015,0.7843137254901961,False,3
-0.86596920600132166,0.49452053376342664,0.074476680536772005,-0.49929759305989319,-0.86336188786881574,-0.072857148861261059,0.028270971367077912,-0.1002780746820072,0.99455772075633286,-13.388141661325093,-7.5267147551348952,-0.65246080996643896,,0.546836103226048,0.375,False,2
-0.70747564863259393,0.69412266208088491,0.132935836318266,-0.70031240430669772,-0.71383643975492828,0.0002713893536824899,0.095082821613913349,-0.092904613791537971,0.99112460859882934,11.778716309531013,4.2879160733424797,-2.938401207596443,0.3189952446117204,0.170677366324526,0.6470588235294118,True,5
-0.059289545390762595,0.99241618939008003,0.10767941699243103,-0.99384941324475795,-0.068791212915572469,0.086781984412983404,0.093531243979793358,-0.10187186099251114,0.99039084726057292,2.2381327000728395,-11.328620753715809,-1.47412220480615,,0.09935782990823687,0.2777777777777778,True,5
0.70827173222998274,-0.70584770864204682,0.011409010855956213,0.6979361004148803,0.70257678328691631,0.13882025545243371,-0.10600166537186725,-0.090359702251506829,0.99025187257960234,7.2366810942957809,16.357888701383747,-3.3400699582560631,,0.1623465506490712,0.9523809523809523,True,5
-0.1777784211539612,0.94914491648647081,0.25984372318740806,-0.97744435186545231,-0.20090488170883927,0.06511349715598401,0.11400601729000916,-0.24240700487701841,0.96345289039382853,3.4185135583663961,-15.887385707284436,-1.469232815896665,,0.4114821122955489,0.25,False,5
0.87369810819774607,-0.48646677428760809,-0.0013012478202184888,0.46932929710958798,0.84220926761912651,0.26535553585910926,-0.12799072859508337,-0.23245134340473148,0.96414975306901152,-20.125549329299819,6.2406033443030946,-1.0819334193579799,,0.3979340980062285,0.2105263157894737,False,3
0.57908717439806934,0.77297340143647297,0.25917207627248523,-0.81451807616970906,0.53493280530594167,0.22451547251874046,0.034904842650521808,-0.34111437155189828,0.93937353458584172,0.24819547886125015,-14.181401974674536,-1.250869160415043,,0.1354929871912887,0.3181818181818182,False,5
0.67071196122000032,0.72256941567096278,0.16744821472127597,-0.74150265346588129,0.64776833135488499,0.1748427973831457,0.017868407301060818,-0.24143245107199174,0.97025310697255307,-12.364345616647038,7.6628396649283292,-1.628020769487585,0.6114469496112162,0.5050972659353282,0.4184549356223176,True,5
-0.96698972541829453,0.23542427043659356,0.097500173460608505,-0.2426711967188625,-0.96754027198852288,-0.070544399943650332,0.07772748045888421,-0.091876193705291334,0.99273219138483726,-33.408314571058739,8.8095805838207184,-0.67334786091354559,,0.06245738450476454,0.375,False,1
-0.66904583940145168,0.69402951292643766,0.26589603225076086,-0.73351308686315575,-0.67423880188538987,-0.085793877594135176,0.11973393913210401,-0.25243825625139449,0.96017639556524403,-11.379056843524884,-18.749412029744558,-0.33885589446102504,,0.4057200469326168,0.2777777777777778,False,2
0.99221315430084245,0.096028965494063978,0.079318939847379366,-0.11147271459763897,0.96874513905687176,0.22160029208896634,-0.055559790609807355,-0.22871662235137563,0.97190627960085352,-14.779405299027575,-10.438558902197961,-0.48098176869004955,,0.1389892179372101,0.3703703703703703,False,2
-0.51947977335390472,0.84454636764115532,0.12993151265303829,-0.84789282031820401,-0.52832771178890758,0.044131555702682693,0.1059175638363052,-0.087242546157410228,0.99054036152544256,15.904044681550323,-5.2246928970782767,-2.854738498510045,0.9038810675299764,0.3024763742599875,0.6060606060606061,True,7
-0.12888620483844157,0.93095540662137988,0.34162900504021104,-0.98740698049782816,-0.15234729801160812,0.042635145745310993,0.091737675283958015,-0.33183178218938503,0.93886733208825168,-13.475925677859161,2.0393004001297426,-1.2561249900876965,,0.281056328855726,0.3327154772937905,False,1
-0.99585437789340847,0.068099143760717573,0.060303935606148849,-0.075714122378566104,-0.98800003978090067,-0.13462278063308228,0.050412594686020121,-0.13863054501803201,0.98906023187924563,3.7466308560211199,-9.3846831880337724,-1.6928940758736382,,0.3821995920012536,0.4915254237288136,False,3
-0.17046739864943905,-0.98506123444144311,0.024397344084875559,0.98274449330991442,-0.16815826045479121,0.077045832527531138,-0.071792247957108785,0.037110158198547218,0.99672900494153682,4.5821732289290162,9.1444409296315392,-2.6342577033595891,,0.0767577815437314,0.3478260869565217,False,5
0.95890804677946651,0.26742958110547654,0.094745854639330329,-0.28292947524745055,0.92621561120934737,0.24914966102384439,-0.021125100184141141,-0.26571800974311799,0.96381931368922324,-10.823916411454418,8.5338133361438544,-1.7460458395378715,,0.2155490344482312,0.3064516129032258,False,4
0.9984950342575678,0.0012310259485486461,0.054828378948243994,-0.0092494453348418368,0.98920675101035793,0.14623423510426325,-0.054056584464577659,-0.14652128968394038,0.98772941504512179,-8.1560002140461698,13.477984470313418,-2.1846993471919887,,0.0951825724169097,0.2857142857142857,False,5
-0.86217915539279832,-0.5049783896258383,-0.040545406855226736,0.50579751472551071,-0.85353334209617715,-0.12509879307022242,0.028565330448945971,-0.12836533777085124,0.99131547045091406,1.6324206047471435,15.533722795052871,-2.9566969492660675,,0.6134104412985674,0.3982300884955752,True,4
-0.51119579398321835,-0.83923936606149085,-0.18535411154483156,0.85822146660811471,-0.51003822883445848,-0.057592702492809351,-0.046203619629677298,-0.18851602473030038,0.98098263692738241,-3.1713211790781171,-15.636231557472183,-1.0523734205289974,,0.262549876268411,0.28,False,2
-0.92247783892437285,0.34349903041518554,0.17619038792524028,-0.37004459866938028,-0.91682292396108811,-0.15000907004264252,0.11000741651832582,-0.20357834414118964,0.97285879042525758,-14.901214604160328,-24.287236220774172,0.13963263965706085,,0.2479826222183009,0.4,False,3
0.60869041387464806,0.76138203498705803,0.22314429604199393,-0.79266483076086258,0.57140490815197198,0.21255328041385377,0.034328503200162647,-0.30625777988290159,0.9513294519404063,-25.252646807050898,6.4579462386711191,-0.8065940571316399,,0.3627831179316706,0.5789473684210527,False,5
0.37034343758060051,-0.92598764789106136,-0.073434421044655002,0.91694926972896396,0.35179889327418917,0.18825933027230141,-0.14849166638065439,-0.13705624627953147,0.97937010898396359,-18.172445114054796,-10.059233666945746,-0.30912750025690128,,0.3765024648454542,0.6764705882352942,False,2
-0.74106583341835275,0.6595062034721384,0.12598808722149038,-0.66378152295007586,-0.74785438026521867,0.010388248562905877,0.1010718572602749,-0.075930188330420978,0.99197736172256812,-1.0492849041643737,-18.701582239420471,-1.0168517118981326,,0.1401317494773536,0.1428571428571428,False,3
-0.38387838827912735,0.90588617875800337,0.17890671912324163,-0.91785919776846558,-0.39551329141099489,0.033222422986143169,0.10085571914397498,-0.15145780749919865,0.98330496615418717,4.6938554163564064,2.5065557076486269,-2.3806747465761475,,0.5263237909523084,0.4081632653061225,False,1
-0.28711871082416485,0.9228053793622617,0.25689117874061385,-0.95541067185347761,-0.29518597118268475,-0.0074626084864525891,0.068944136829439839,-0.24757922820181738,0.96641152298585342,5.5829661446337164,-9.8810595761758702,-1.7858180598294056,,0.3696699904648066,0.2941176470588235,False,3
0.6352647362075754,0.75814096619646909,0.14717673153662972,-0.77177644686702163,0.61622558490069534,0.15693038130047399,0.028281283429789375,-0.21327987220664138,0.97658172475174021,-19.471988506232769,-10.911721203167591,-0.17040253241789419,,0.314076776889734,0.125,False,1
-0.58670170011928757,-0.80911080970608829,0.033478540796996449,0.80910127118761888,-0.58397119348000925,0.065823841790899659,-0.033708278504209079,0.065706489803460222,0.99726947670025023,4.0950106227902578,6.5251601211098089,-2.5415137046794634,,0.0783088070540549,0.3673469387755102,False,5
-0.99592978386210496,-0.05959573377186253,0.067618149431747016,0.058433810899783056,-0.99810979244226383,-0.019035019689754767,0.068624743060423779,-0.015006356888140372,0.99752967569533313,-18.769665322967533,-1.1334431844088959,-0.71061318066390211,0.4620023549294627,0.2370974751920825,0.8685121107266436,True,7
-0.083652961318088304,-0.99543853551457362,-0.045872694223418227,0.99445239846812761,-0.086338909226668828,0.060083441433868352,-0.063769971332144001,-0.040592052992548228,0.99713874460385288,-15.744604339587562,-13.838597447059708,-0.29647047326159987,0.5657967981174401,0.5081362911796294,0.8828828828828829,True,4
-0.70379489676276252,0.68630364208614325,0.18346676579148319,-0.70337255119684983,-0.70943452446698785,-0.044381411842496901,0.099698533156346386,-0.16028089828046618,0.98202354153700355,-12.448921839389808,6.3478544625046887,-1.5429619082781971,0.1401809143631106,0.1536785714184358,0.2385321100917431,True,4
-0.99786845287127879,0.022357921722619599,0.061308026395622363,-0.023510582872793083,-0.9995589159088859,-0.018144589277107645,0.06087530909377499,-0.019547300665273833,0.99795395674321541,-17.024365709448293,10.024795327820463,-1.4734726058663732,,0.0768560469881964,0.3181818181818182,False,1
-0.41101246907518091,-0.91149445494435322,0.015703785225871882,0.9115948021008885,-0.4107849683155092,0.015831190374341927,-0.0079791633249377339,0.020822305629371055,0.99975135135738202,3.9527616353376374,-4.3710094917039539,-2.0026781518690431,0.3637804743914472,0.1226001690974926,0.1666666666666667,True,5
-0.16361954531664807,0.96403185543704928,0.20945459195962679,-0.98034476882681765,-0.18261314740198975,0.074676452981064456,0.11023964180034009,-0.19311918625175395,0.97496266660687758,10.589313973315049,16.211505867233068,-3.5225122452634805,0.2030736145976296,0.200970326476778,0.3793103448275862,True,2
-0.86032320471923118,0.49287280661688876,0.13007836068779274,-0.49343487925836343,-0.86926019579253133,0.030145181074510682,0.12792968128201063,-0.038250601411242313,0.99104535120183168,24.352523219178707,1.4038057351026583,-3.740991846431958,,0.4281037304227193,0.7,False,2
-0.72919636200228533,-0.68416717608703426,0.013709150510689737,0.68430152242071163,-0.72910605263812389,0.011652914620340668,0.0020228829248891272,0.017878455513435365,0.99983812128420368,-1.4869734239219108,-9.1977789400018892,-1.3650265371959376,0.4970588097864296,0.1296224737651906,0.2040816326530612,True,3
-0.98349055557797582,-0.17493924474443626,0.046288094983180414,0.1758333939115729,-0.98429030150489294,0.015975604806876299,0.042766162727831236,0.023850849285802802,0.99880037660880139,1.6194726177747421,6.4910427941928415,-2.3957646598660953,0.1873395662200669,0.1482303082158251,0.4160583941605839,True,5
0.97939410081977252,-0.19983703017165999,-0.029195147740707729,0.19895483220849608,0.92985498839637526,0.30949422497886386,-0.034701153011389485,-0.30892533390214122,0.95045303306009399,8.8831100838353567,-4.2688772651927422,-2.3493437384238423,,0.4216622188391427,0.3947368421052632,False,4
-0.49626244437922568,-0.8670241153459477,0.044640449228605543,0.86697203092897923,-0.49221749515132796,0.077983556304082838,-0.045640813814344101,0.077402331202155325,0.99595471545589598,-0.088323860398374143,-11.031827781518151,-1.3167942713144769,,0.07786301192563203,0.5833333333333334,False,5
0.18498000189656152,0.95843909327298804,0.21720244792451587,-0.98206131875097114,0.17205408161987773,0.077155422434493665,0.036578205415968568,-0.22757833263295163,0.97307252422651114,-4.921464645783785,11.291557478531205,-2.2503485888528152,,0.4198071990204041,0.1518987341772152,True,5
-0.97460747155037331,-0.22282870263974489,0.022082700878230437,0.22321174211062447,-0.97462673073922768,0.016710892032027073,0.017798724171392562,0.021215678364222841,0.99961647665963238,3.8886334024505453,-14.261916357916613,-1.4669740512571128,0.2827112722593259,0.152676386240738,0.1111111111111111,True,5
-0.33824475048940228,-0.9400418305519419,0.043724656418492533,0.93920787614001289,-0.33430289131573038,0.078295224978970318,-0.058983507550218472,0.067549490527287662,0.99597088921643473,0.98421988766812996,9.1014543630840041,-2.3936766272624999,,0.07621817569782119,0.2923076923076923,False,5
-0.99399676813968407,0.083742449006150882,0.070410419415844361,-0.081381943024309719,-0.99604142649849703,0.035755503750143885,0.07312594804480077,0.029810718429631376,0.99687708208648174,27.845162511637955,-5.8930041375718014,-3.9160240347343329,0.40559842503081,0.3598436300704714,0.8222222222222222,True,5
-0.81806678679276201,0.56735375618232498,0.094214901647106178,-0.56680791542432951,-0.82310325764680825,0.035068707754057418,0.097444955533331379,-0.024713206935168285,0.99493403703164573,15.362915377838661,-3.9997105026672597,-2.8345892126154633,0.161676482481279,0.161197516226865,0.5263157894736842,True,5
-0.53097783667118748,0.8291397385088437,0.17489948824817128,-0.84110328883898389,-0.54077936765138535,0.010145591496444513,0.10299414773777657,-0.1417214505572604,0.98453401971882881,8.985068129978,1.63815593177231,-2.6351144446329307,,0.08086514058862203,0.5384615384615384,False,1
-0.99289889519589558,0.10158701925825293,0.061902030960161468,-0.097662806489678011,-0.99319606718735676,0.063431446082573478,0.067924665235311626,0.056935486665084932,0.99606455122691739,3.7493973654025989,4.1264623699301355,-2.3985478096980191,,0.07561874126265317,0.3962264150943396,False,5
-0.062217982694259676,-0.99508035192865385,-0.077097443764393633,0.99476297616885156,-0.068103101125053939,0.076214098832433172,-0.081089727297272443,-0.071951795131863922,0.99410632997891979,-15.091726214336282,10.583889434619714,-1.6286605278298367,,0.06915245325441614,0.1363636363636364,False,1
-0.73150442350905553,-0.67983981754034417,-0.052144998546324303,0.68183424490958955,-0.72956447769654442,-0.053270398458603319,-0.001827800660537858,-0.074521777824202967,0.9972177113221895,3.2774077995050992,-6.4610032100404204,-1.8838606171164869,,0.2982220311665013,0.2238805970149254,False,5
-0.36100955995349532,-0.92577278722498757,-0.1123247259327305,0.93068424952864848,-0.36529953600621567,0.01957234459489534,-0.059151714273395939,-0.097473049748752941,0.99347877645735205,-16.708354719015066,-21.913211590708183,0.058950541443581556,0.4717391849484265,0.3590176333911441,0.625,True,3
-0.75686324966563356,-0.65356442225272737,-0.0034010691020182129,0.65348023162559876,-0.75683306219220858,0.01293456019041022,-0.011027609901146332,0.0075671618341480798,0.99991056094114994,-17.256148937731759,11.313909652679952,-1.5777255809612902,,0.07367081764848578,0.2173913043478261,False,1
-0.13363351033534993,0.9875079739846071,0.083487042301588932,-0.98648906508740597,-0.14060418742668515,0.084082025077040629,0.094770297975823578,-0.071122878139857362,0.99295524915611133,-2.997777893571254,-6.9743805706378987,-1.3993208343134556,0.1970972568008904,0.1588520131008431,0.5,True,5
0.98548857233632547,0.13172080088465288,0.10706028399372164,-0.16183342779666132,0.91939249583982863,0.35850715507642661,-0.051207572116763231,-0.37063063716821343,0.92736762686120888,-6.8536503731761371,-15.559646013048502,-0.80892390935053871,,0.2328268246542896,0.4285714285714285,False,3
-0.97947976695893546,-0.19513402213633746,0.0504192376277698,0.19713160866278284,-0.979631824139647,0.038218032378076749,0.04193465135295156,0.047373014868421034,0.99799663450243337,-7.1707534515515228,-4.0444108252112621,-1.2707608088348008,,0.08818635854041848,0.3720930232558139,False,4
-0.93407547196925134,-0.35239109721311435,0.057650041373427274,0.35427441640509227,-0.93477298188866065,0.02625090878070533,0.044639114532569149,0.044944264772259476,0.99799166455328114,6.0549310824532974,11.869659814380256,-2.9465915172887112,,0.1648292690226288,0.3181818181818182,False,5
0.5633316746113104,0.80468556062592833,0.18745285513896848,-0.82517788298733619,0.53649218574187585,0.17679817891155372,0.041699949738026355,-0.25427796435798161,0.96623176879763495,-31.187672346036472,9.2909611226204625,-0.77620186425982163,,0.2044938544892561,0.3333333333333333,False,5
-0.99067870348082365,0.12814568546884914,0.046199456330926252,-0.12781827739770096,-0.99174734154999566,0.0099849131994577262,0.047097711543542711,0.0039867059378780522,0.99888233127987924,-17.766946489407168,-2.9050683547528053,-0.65928098841760197,,0.2582432001669829,0.7352941176470589,True,5
-0.40364734355525062,0.90925398851788608,0.1016169592396102,-0.90927678653998401,-0.41098910348032686,0.065602456356121164,0.10141275807465808,-0.065917684916509761,0.99265820467819532,-7.5501535448406072,-3.0277387692129807,-1.3053369873865397,,0.1301657392245801,0.3355704697986577,True,4
-0.0044038070497027836,0.98831323238158775,0.15237309861956691,-0.99677560946353339,-0.016546548125510506,0.078514942041200783,0.080118604968333937,-0.15153602358709775,0.98519939235331433,-37.050742631325676,2.1256141080052613,-0.048834465073173912,,0.2595529744637206,0.3611111111111111,False,4
-0.99743330652953344,-0.042914616651998513,0.057316094625974555,0.042422908968861993,-0.99905198411890195,-0.0097688189001981299,0.057680983176271433,-0.0073122298717444014,0.99830828679026862,7.1383572654515222,-9.5324573935155357,-1.9016411571016902,,0.07990769897791541,0.25,False,5
-0.97485190052544213,-0.21933288894723516,0.039457012912712489,0.21288687001430828,-0.96889759997836966,-0.12616109278088272,0.06590108206581384,-0.11458850109070869,0.99122475897262585,-7.8317338147103559,11.402212061431431,-2.0981922418673351,,0.302101848280153,0.2105263157894737,False,5
-0.6695136532144299,-0.72439965384803351,-0.16430645046472417,0.7423289696621499,-0.66038924944393029,-0.11328609808450717,-0.02644180326298419,-0.19781602746929042,0.97988246760337017,-3.917814887150469,-6.1086009139311939,-1.3983316535390564,0.6591259701110868,0.3575405376990907,0.5180722891566265,True,4
0.99673122815544135,0.024679022865468629,0.076927268573308935,-0.043835724943985889,0.96505012105651133,0.25837316630688895,-0.067862272570107338,-0.26090076596134743,0.96297741525043135,7.1160876194290514,18.215869235497113,-3.4343029148607771,,0.211982215575802,0.2941176470588235,False,5
-0.50679003790125643,-0.86113644073592277,-0.040098477785437271,0.8601513824948831,-0.50821628076388581,0.043079126716592239,-0.057475705095146282,-0.01265868884162942,0.99826664820609234,-13.109036094312222,12.897197644286807,-1.9123476617208977,,0.6239987958822588,0.5723684210526315,False,4
-0.98254873232201312,-0.18594685922531734,0.0046641351444367887,0.18107564998304318,-0.96194221317425299,-0.20464307341476037,0.042539365247074058,-0.20022723105926582,0.97882555051792364,-17.090503845579583,16.542640102396636,-1.8896432021006391,,0.2210254518185615,0.2727272727272727,False,1
0.96132747171243405,-0.27387550474412642,0.029012067008898561,0.26469563693296067,0.94788912081447896,0.17732014671268403,-0.076063867372314506,-0.16278336076732031,0.98372550314488805,29.283646366198386,-1.3600233516319986,-4.2562531911185699,0.2269762477763672,0.1820519182245856,0.8,True,4
0.83795191249279044,-0.54531169835293469,0.021719668255153673,0.53938817568555864,0.83359299420918309,0.11909288784799231,-0.083048108228187922,-0.088078780899871645,0.99264552589275923,23.967671184385861,3.9724104559921525,-3.7253552655956175,,0.1034845225584955,0.2142857142857143,False,4
