axis_00,axis_01,axis_02,axis_10,axis_11,axis_12,axis_20,axis_21,axis_22,location_x,location_y,location_z,dbh,dbh_approximation,score,reconstructed,number_clusters
-0.35038502654713921,-0.93632471361895042,0.022942620555449877,0.93508495766276278,-0.3511064755209492,-0.048377316999669899,0.053352180127807632,0.0045026118695569856,0.99856560693925456,1.9933413028148745,-11.230203484053741,-1.7577944335613125,0.5434802831038755,0.3376586462709348,0.28,True,6
0.50125674039612833,0.83268586579518944,0.23532090666229849,-0.8608467914499931,0.5074337996742212,0.038127950357142205,-0.087661176456299839,-0.22168713957534922,0.97116956824706935,-20.680170873890596,-20.686638966998935,1.7849317281941013,,0.5472922574410014,0.3333333333333333,False,3
0.36840894503909327,-0.9284487405819164,0.047516158588792531,0.92848137015086074,0.37003650192103577,0.031548891087054561,-0.046874241305453826,0.032494974348292668,0.99837211606902443,3.3769561732813234,-16.271900808560179,-2.0701176552787981,,0.1375591754220898,0.2222222222222222,False,2
-0.60980842402578805,-0.79254885359611582,2.5508210766939099e-05,0.78335540658211933,-0.602739625783003,-0.1518527263157616,0.12036607896641363,-0.092581089723817303,0.98840313074160346,-6.9580821739196619,-8.3037975168925602,-0.32208579070646953,,0.2769075260755247,0.1529411764705882,False,6
-0.016900304616763458,-0.99508577950705457,0.097563677291795797,0.99985133116215685,-0.017153303683300255,-0.0017549205140054034,0.003419835832697686,0.097519513922012274,0.99522773731809311,-18.382164281739868,18.397688894918083,2.3405474401584185,,0.1113029453142049,0.4666666666666667,False,1
0.95422065054509042,0.26063573704418752,0.14673773423607783,-0.26617756509728496,0.96373396183961157,0.019140392780896458,-0.13642746758693908,-0.05732245085792724,0.98899023388274965,-14.121461163865449,5.4269683348783655,1.2822190731514995,0.1563373761716066,0.1622661708550243,0.7121212121212122,True,5
0.91418843544549844,0.36648534252688614,0.17305489941247582,-0.38360168656212457,0.92023054476907562,0.077624033267428477,-0.13080233394096838,-0.13734714480818436,0.98184851746521173,-11.567198897925325,-3.864518868078437,0.51255108141042172,,0.06869564597755555,0.2372881355932203,False,4
-0.085538824132128752,-0.99093225978032518,0.10361643736758119,0.9962624889339009,-0.086322085738650689,-0.0030904137194202709,0.012006777641019133,0.10296481943064913,0.99461252920435916,-22.248345650412677,-18.479866474796637,2.0965642837048466,,0.2602841219406182,0.8,False,2
0.97272819797180343,0.16762822796335561,0.16031416051114289,-0.18148907821947327,0.98044954302103937,0.076028994974814912,-0.14443533971148853,-0.10305081649215508,0.98413360976176723,12.259087009852818,6.4327101065868195,-2.8553725842843187,,0.9076952676612343,0.7761194029850746,False,3
-0.66060739654302247,0.72264753210064669,0.2034168429149717,-0.74333370755962846,-0.66757363400601932,-0.042431620115824228,0.10513261548304673,-0.17923723811987768,0.97817234965667055,-18.441276149333021,3.640796870821541,1.9940155869395664,0.5255710640545012,0.3855537260621669,0.6481481481481481,True,5
0.29340122236421179,0.93428036937181358,0.20257323150321266,-0.9550048536592195,0.29605764378364274,0.017765163793531529,-0.043375709821508131,-0.19867074007952334,0.97910596200499944,-3.7744250973883209,11.117670610106126,-0.1840724661017496,,0.1337302429538492,0.4772727272727273,True,5
0.75313415932469574,-0.65318398249499798,0.078355746887240674,0.65170303327699319,0.75703298432052502,0.046735608141175777,-0.089844835554690361,0.015866494973166306,0.99582938290724099,-1.9963831757043822,-3.3051611848477518,-1.0182687258018301,,0.1512430171589877,0.3953488372093023,False,5
-0.75613634869881885,0.61227956771367098,0.23102284115813754,-0.64502217344735702,-0.75689357206175134,-0.10515948047061613,0.11047270222849424,-0.22852976071392186,0.96724863945645911,3.2760883982907831,18.21207124813289,-1.1104601576061937,,0.652137538255158,0.3636363636363636,False,1
-0.79236305206356572,0.57944158986698613,0.19080942758923061,-0.60103195526408104,-0.79506301498025655,-0.081457909142942569,0.10450541840472344,-0.17922680084999401,0.97824146885169927,3.5205143175738649,5.4367868516727818,-1.5924622059218618,,0.08559509951105404,0.3469387755102041,False,3
0.87528738447344134,-0.47728553119951972,0.077913518013456293,0.46630806499864391,0.87565996486651498,0.12560419756995883,-0.12817481460435698,-0.073608067747802819,0.98901621284161578,-4.3838999396099059,-3.7161133061380465,-0.63051629620243144,,0.07033093846485991,0.3152173913043478,False,5
0.093327950262649922,0.98261702623780489,0.16047951098923532,-0.99552773622618784,0.094468245662360853,0.00052627543811759134,-0.014643090661921532,-0.15981092049371223,0.98703903144040783,-17.497216553015956,-0.63095774847886199,1.6758500393881057,,0.08819776229683729,0.3333333333333333,False,1
-0.95028167479825698,0.24682325640299912,0.1898499898373448,-0.27834013235778915,-0.9466375668236765,-0.16249334693210854,0.13961199540751842,-0.20725732116566981,0.96827315028434113,-5.1864182922522621,4.5632667191451617,-0.24767592535658592,,0.0787159348718818,0.2310924369747899,False,5
-0.71913615608403092,-0.69050160503425884,0.077786389926500721,0.68923743954250682,-0.72304766714288915,-0.046409298336822058,0.088288962761912823,0.020238687811697173,0.99588927826846674,-23.021350226706421,-21.754028554256557,2.1687587258562311,,0.1687846378896556,0.5454545454545454,False,3
-0.42608741226020419,-0.90459306519985683,0.012684774563655576,0.90333884466271619,-0.42617674750206419,-0.048500635171009013,0.049279294199818705,-0.0092068605338518072,0.99874260191616859,-8.2140189845834524,-1.8805118728892951,0.05607831590842427,0.2373505804151344,0.2230600408000837,0.3478260869565217,True,4
-0.57824125225656808,-0.8157531297498759,-0.01356043848988453,0.81135180164341991,-0.57321653161879138,-0.114590845397439,0.085704773255243463,-0.077263440139596434,0.99332021657623681,3.7337808597190283,-18.612878103295255,-2.2382019995352813,,0.4591074985327006,0.3809523809523809,False,1
-0.94391453824586802,-0.30476894589883274,0.12704815663284919,0.29953334579730978,-0.95226427993712914,-0.05892805708057338,0.13894286323363225,-0.017567890355317577,0.99014456014508545,-14.40955512670965,-15.614033930200028,0.80034490568895444,,0.1074504985934959,0.2962962962962963,False,1
-0.91386567629973703,0.35849319191617496,0.19060996047158021,-0.39262115998717623,-0.89987263380623228,-0.18994174806229305,0.10343186361827325,-0.24841874783596329,0.9631147259345918,-8.1261991737049879,-19.142217798397038,-0.32521451377515165,,0.2887296379662656,0.68,False,5
-0.36020868325890393,-0.92195554271046087,-0.14229434904572574,0.93205291508806232,-0.34929155437727577,-0.096295241401393575,0.039077717189372481,-0.16731224493792118,0.98512920204057552,7.2916970396789598,14.764195269195142,-1.8109300993052588,,0.3929590180497086,0.2142857142857143,False,2
-0.86862236297060336,-0.47434477878773967,0.14315104395070424,0.47672191538639241,-0.87883937967705394,-0.019430906288214606,0.13502372361068798,0.051365120127012012,0.98951009014392721,2.5384056641017629,11.84427275859408,-1.1492353262980877,0.1806661074487357,0.187096715413621,0.3773584905660378,True,5
0.43535652425348242,-0.89514769583641018,0.095787783295636642,0.89861131454710574,0.43852607359738133,0.013877613021905037,-0.054427953827500028,0.080034276494693996,0.99530503486525246,-8.7262446565463812,-13.689901346908707,-0.124097896305512,,0.2267875618801878,0.3636363636363636,False,4
-0.47283876133149855,-0.87786358379375762,0.076019958111501293,0.87793602896543621,-0.47671886073670072,-0.044356023968602262,0.075178685988085608,0.04576741271562608,0.99611922434336264,-10.190753419155147,13.223569759775888,0.87751775264966891,,0.1172846424338557,0.4285714285714285,False,5
0.10662287834650511,0.97649820105804064,0.18730409804250536,-0.99425348546531611,0.10652206756522815,0.010632768298945168,-0.0095691406707409492,-0.18736144868152332,0.98224442940379353,11.762330735339704,-7.8663600668235052,-3.2543311817794334,0.5287311256961087,0.6206886068665608,0.8373983739837398,True,5
-0.54469756283142556,0.82092704532674765,0.17141572651481637,-0.83528426217181462,-0.54931565585235975,-0.023505565374614491,0.074864987902178035,-0.15598428281910121,0.98491834032056591,-1.5686450377105761,-12.860403795841002,-1.2783183656951118,0.3500630449506838,0.2906083984515291,0.6923076923076923,True,4
0.84158066622755545,-0.5347627841346988,0.075965432510375339,0.53207426390745804,0.84498839182372021,0.05377355642412486,-0.092946005397324769,-0.0048355338554703781,0.99565940847913037,-21.027577152644735,1.3251983345135725,2.327513461614692,,0.1222737912580617,0.5,False,2
0.97141733695799704,-0.19240924420438596,0.13902172564793747,0.18982929161934728,0.98130483989055284,0.031712004835289992,-0.14252437511082161,-0.0044151955872492737,0.98978144483880692,20.977990699981,-18.760786381660054,-4.9798912055738018,,0.1082214036409248,0.1428571428571428,False,1
-0.94951801364083666,-0.28214733534711928,0.13714380382679214,0.27988133962479134,-0.95936163585131762,-0.035940052678279349,0.14171089408155502,0.0042582641070552929,0.98989892902528298,10.120575617322206,-15.720170861813161,-3.1737254347176331,0.5162175600603864,0.2547026774115106,0.7857142857142857,True,5
0.66571184191512289,0.72604603580909532,0.17229305679531223,-0.73972290308325417,0.67247036543492178,0.0243646109327764,-0.098172145683270082,-0.14366893017532026,0.98474436698780976,0.013700858941025143,13.044269187648609,-0.72655925999515891,,0.07198163777541527,0.34375,False,5
-0.49375075135272545,0.8526382121288153,0.17093353900389885,-0.86666589519243098,-0.49862582548966439,-0.016202230249383817,0.071417236357354696,-0.15614213195844734,0.98514933536928784,3.5688276857518928,-17.615162077497935,-2.177410690774424,0.2460786668952769,0.1262065712744862,0.6190476190476191,True,5
0.10211899979396762,-0.99125474009526915,0.083580799946757711,0.99458833124721124,0.10012378804767451,-0.027735868723939988,0.019124885044541406,0.085960847515858307,0.99611493888325375,0.61760263579119246,3.9506678844848913,-1.2021125002581659,,0.112329312275571,0.2857142857142857,False,4
-0.82398405178613776,0.54754044664956281,0.14577291135494502,-0.56311019572957255,-0.81988840381174322,-0.10339203431809615,0.062906198959259321,-0.16727960000498898,0.9839005770679623,-21.764873003992655,-10.134986516587025,2.1070261203135519,0.1738924350901031,0.1960393968637587,0.625,True,2
-0.54278597540720819,-0.83374576131413847,0.10124915008014709,0.83611132564308155,-0.54780935008765874,-0.0286839168856786,0.079380325223654832,0.069086333288454774,0.99444750616618383,17.540834858482995,-3.7584271092126955,-4.0059045367213599,0.1988704203442221,0.1870651903940419,0.4358974358974359,True,5
-0.56240211567707565,0.73415701631320596,0.38041731779723287,-0.82280316297829137,-0.54243389056343383,-0.16958900129765681,0.08184629053823507,-0.40838578546064547,0.90913268281303294,-25.340923439981157,-17.60128949407968,2.6644510479939023,,0.6063341133463558,0.5833333333333334,False,1
-0.43011710132187536,-0.90219149960618861,-0.032400265258238553,0.89957914108167836,-0.42530293847043005,-0.099371924904206599,0.075872577926529475,-0.071888167084397131,0.99452272138550379,-12.892359492941262,-1.9767590360576879,0.86002592328527616,0.540065760033049,0.1941872898785105,0.1764705882352941,True,5
0.33089414591491578,0.91291350769970969,0.23895186054653456,-0.94242972790576551,0.33265725845176952,0.034137316221659948,-0.048324653735989959,-0.23649117501244057,0.97043116808073093,15.741818939955424,-9.5703025063226868,-3.9021864159113244,0.1933573927716964,0.1591412603993687,0.25,True,5
0.20591669980905122,-0.97081271793783341,0.12296739173417344,0.97826638948165645,0.20734871117298848,-0.0011760890377789904,-0.024355367997081732,0.12053704270910738,0.99241001475431989,-20.27176471323008,-2.5370064457392876,2.1102392067880111,0.2746668118272085,0.2112595202528661,0.5692307692307692,True,3
0.95312841786014679,-0.27114881011776581,0.13425550952990092,0.26973316461073599,0.962499057810692,0.028975569409553082,-0.13707749259630908,0.0085957248240028233,0.9905230307964874,14.24156649644152,-5.4343719140964764,-3.5457465942851805,,0.08653685153387726,0.4074074074074074,True,5
0.95345522578401043,-0.28745453460155562,0.091066036271303191,0.27093902177079576,0.94926060482728447,0.15967576711832188,-0.13234492399426415,-0.12757035180614398,0.98296013471198873,-10.935905595536966,-17.920008186504109,0.17128155054460703,,0.4808367442200833,0.5428571428571428,False,5
0.58308539104798085,0.78078958185112535,0.22445279151564862,-0.80848181024189536,0.5848189542878055,0.065908673281328309,-0.079803441369469708,-0.21989638373211534,0.97225356320618717,-10.486464196693511,-26.390089622550455,-0.052030357840938506,0.3474301156547215,0.4732568401969213,0.7058823529411765,True,5
0.94436859222136149,-0.30024179753648705,0.13424911559449129,0.29732443253975083,0.95386300383718081,0.041755858578474324,-0.14059211870072685,0.00048262073034746611,0.99006748418300816,2.8693491161877152,5.841201817910429,-1.4511061164033214,,0.09909195159376848,0.3478260869565217,False,3
-0.89062949537714853,-0.43700988312850986,0.12570387429293009,0.43537095434351725,-0.89928475429748023,-0.041702071916592275,0.13126779528224564,0.017586720448334356,0.9911909367955356,-3.2585329671619094,9.8688599914467758,-0.29391078238356211,0.2559243088680569,0.112434066686874,0.5612903225806452,True,5
-0.88599959848600041,-0.44424282534775988,0.13286468157372364,0.4435647024241034,-0.8955065573418044,-0.036309234655217029,0.13511131057784867,0.026764115619065679,0.99046888687584056,-6.0115682747821593,4.9227828369634947,-0.092915371035002747,0.7075239236000195,0.6086356838143058,0.9625503673856364,True,5
0.0097862367744538884,-0.99821012442187851,-0.058998110744771848,0.99995170804172162,0.0097160432688881727,0.0014765119847238435,-0.00090064101520269586,-0.059009711106352142,0.99825700240013704,-9.6107465781527779,-13.881135192653247,0.01962487608497741,,0.1839193813405507,0.6,False,4
-0.54983739910417107,-0.83519840979575377,0.011065749907038402,0.8313235056766618,-0.54847696308944882,-0.089856829844152705,0.081117590298443731,-0.040207427607594659,0.99589321682063603,-23.448658305486724,-5.7099315765147383,2.5259866554317831,,0.2359779532753017,0.4285714285714285,False,2
0.57916412865149203,0.79204071059379222,0.19297778329496551,-0.80878783450281755,0.58792672596701978,0.014296980588351826,-0.10213300565243832,-0.16435838176308923,0.98109896111483974,-9.4517458376500869,15.682809996561486,0.85214188969630655,,0.1620628210301949,0.8046875,False,5
-0.37779483182227136,-0.92481650236242841,0.044558972233493935,0.92461261625718638,-0.37936318007345565,-0.034279548751329283,0.048606325786069812,0.02824915153909037,0.99841845462255907,-17.795060418753337,1.8868508887200859,1.7984878497598196,,0.1407139155249121,0.2857142857142857,False,5
0.5554025354838199,0.80500443804276411,0.20855665491563002,-0.8283838549640854,0.55755742105827677,0.053943591442211329,-0.072857480144353878,-0.20272537323753154,0.97652148498264901,-15.275768293800702,-18.667691639089195,0.88158668852678246,0.4798123471446007,0.4025690195007838,0.55,True,5
-0.77927907530699425,0.58634429925507503,0.22118880062008545,-0.61519172106122677,-0.7830263529036775,-0.091699929095350213,0.11942892918553091,-0.20753335488408026,0.9709102108249541,4.8650554810718027,-5.6105334797395425,-2.1156307095580282,0.4551430712427081,0.4785964843791772,0.3176470588235294,True,5
0.66225571162186314,-0.73924323072463349,0.12221627654297058,0.74294159003681015,0.66902898337421013,0.020928764866786249,-0.097237679002524099,0.076939360752992833,0.99228280673864588,5.9745728334965111,11.178712215653768,-1.7281979573961854,0.4195638400272033,0.3856289775990335,0.8923076923076924,True,5
-0.72445618944579526,-0.67892140010381918,0.11928521305990539,0.6807837368344789,-0.73184016912492345,-0.030715965179132176,0.10815143658482032,0.058955062007195531,0.99238478798718321,-19.125820703733257,12.173443908813102,2.3153767132145164,,0.4383911570464876,0.9510869565217391,True,4
-0.98169555225029015,-0.13552712316588172,0.13381420544313999,0.12106380428258884,-0.98643010235750717,-0.11090179644886773,0.14702856179880824,-0.092671743532422066,0.98478147320409914,-18.446549195534846,9.2759638809341638,2.1017407141449924,0.9406921606594504,0.2508311548103497,0.2903225806451613,True,5
-0.18858843006829468,-0.98027935639355812,0.059049026012364905,0.98135003726214942,-0.19039167233314719,-0.026516324627804323,0.037235848452204325,0.052947091844788977,0.99790284950751895,-6.1674041031456142,-12.122873442497397,-0.49936897497804639,0.185976411909913,0.1079443802107617,0.4333333333333333,True,5
-0.932991314137117,-0.34448693979751926,0.10419191932984212,0.3323403383354091,-0.9357591255773583,-0.11791843966828901,0.138119901751347,-0.075389702265219974,0.98754204241265608,-3.3240339813001976,8.3902971964244166,-0.36194358659817516,,0.0851196875800747,0.3586206896551724,False,5
0.81719195109388421,-0.56175251955153094,0.12896287002419118,0.56352417528411958,0.82569606422791297,0.025816920592622541,-0.12098685440047813,0.051576315262334395,0.99131330303100285,-3.9344593205831186,5.4696921964481211,-0.36259332977481751,,0.1848960555660133,0.6961805555555556,False,5
-0.074760524053918836,0.97384958321637372,0.21454102943837447,-0.99719028189913772,-0.074030230588316925,-0.011448434170563073,0.0047334690344947913,-0.21479412056277206,0.97664787924950913,-11.066367222017851,2.2546429282197273,0.67806180513469072,0.2507705354654212,0.2064755700591261,0.6057298772169167,True,5
-0.077486842991229044,-0.99639712114569856,0.034475587534048585,0.99691271209075416,-0.076994375352459996,0.015391901635037326,-0.012682020151015813,0.035561821334821095,0.99928700743492149,9.6895383636053722,-9.5391949601726171,-2.9684327851048034,,0.4094794732056566,0.4680851063829787,False,5
0.48044118735004404,-0.87333397761889275,0.080399185530973791,0.87497509085470437,0.4835659653784708,0.024136021034756483,-0.05995711702110524,0.058751346060763966,0.9964704829820934,-1.5570506690957613,-6.3133368947581561,-1.1184322472866157,,0.1137350146409626,0.2911392405063291,False,5
0.33272628976119795,0.92942115386724533,0.15959177562088295,-0.94174661069604226,0.33628662829011768,0.0049623457942600986,-0.049056470972390256,-0.15194611669056599,0.98717062369095654,-6.0263595162160133,10.256962809604198,0.15593104223714882,0.3649416291384989,0.3257982687052219,0.9202037351443124,True,5
-0.98764161906519099,0.048484226634699729,0.14904130990407438,-0.057646576253037311,-0.9966635717259219,-0.057780593981283067,0.14574259685002877,-0.065658240626460695,0.98714137331045293,12.308385828601292,-3.6770558161236759,-3.1837264956497302,,0.2510339792901321,0.7272727272727273,False,5
-0.84600660042344755,-0.51626338674305317,0.1332101630828324,0.51803671540935092,-0.85502977358210219,-0.023707546815961475,0.12613799399012679,0.048951014256423134,0.99080422116350264,-0.78494705367212236,11.637137806047043,-0.63031988214060763,,0.07672104943453617,0.3428571428571429,False,5
0.8210972392779875,0.52543495923282713,0.2229740506562719,-0.55691097358183206,0.8230940098241899,0.11120439962372754,-0.12509792625860849,-0.21548632116107769,0.96846071383317456,7.3626325742867298,3.402996989673309,-2.2363091080687902,,0.08528988922909297,0.4666666666666667,False,5
0.033021646508639473,0.97805837880433388,0.2056972982625131,-0.99943275904666562,0.033675763216827269,0.00032111701078432493,-0.0066129423276553041,-0.20559122214336631,0.97861561318597867,5.9496732969085917,13.913310683896235,-1.6049214966705256,,0.1157501693547631,0.3214285714285715,False,3
-0.91261573154768916,-0.39964592085086109,0.086114252472752922,0.39312543189567084,-0.91569526282933222,-0.083394127063962445,0.11218253575542007,-0.042253089581535265,0.99278887740158361,8.7406897267326116,2.0711676680311606,-2.4864917349120557,0.3620907185577036,0.2609566192608964,0.8407079646017699,True,5
0.71820882389434515,-0.69501081294211442,0.033705417574066296,0.68998114462068283,0.71760436016741824,0.094710096276173758,-0.090011695619142934,-0.044765524259758702,0.99493413977484735,-13.531058410664128,3.9170384165547798,1.1435167549990057,,0.2205963220621627,0.4870848708487085,False,5
0.96642846301787033,0.1896470488818135,0.17334942376407236,-0.21369404551706242,0.96787611154798225,0.13247900816850183,-0.14265651327390769,-0.16507522389861326,0.9759094679709559,-15.280990184129131,-2.8562718555788376,1.2369563598204252,,0.07898852617767026,0.2571428571428571,False,3
-0.41351032150544065,0.87684218987209295,0.2452692154934665,-0.90929897576488117,-0.41152786910706024,-0.061807650182976515,0.046739562272297197,-0.24858114773352333,0.96748272662103851,-3.9433195855240286,-13.260932489144722,-0.88061564095863465,,0.3543223722048895,0.4021739130434783,False,5
-0.12432749742547219,-0.98759601075568426,0.095899910966479568,0.99212255681162154,-0.12522545527676152,-0.0033789963450276054,0.015346193322485616,0.094724362706683468,0.99538524675641149,-19.909827411965786,-1.7691941142981695,2.0534550543569861,,0.09676177050866694,0.3888888888888889,False,2
0.48190076862306902,-0.8751260898697264,-0.043885943419492729,0.87485599168552386,0.47774407480160042,0.07992241740526497,-0.048975943201064701,-0.076908554929126072,0.99583454005486227,-5.8082726606869084,-15.932655406617531,-0.63399839759783161,,0.1888087977450239,0.2,False,3
-0.94174794207728685,0.29692996248298392,0.15793483141171993,-0.30667775932993402,-0.9509363953780553,-0.040850016863666169,0.13805638531254413,-0.086905519532677278,0.98660420896587975,-19.395940824374726,4.1402576923746093,2.1296558789067697,,0.1299868652797071,0.2222222222222222,False,1
0.85475016338763354,-0.51644538380082161,0.051829757279348326,0.51068016381770043,0.85462997906635452,0.093879546037299505,-0.092778922562943705,-0.053775128376089346,0.99423352744523519,1.6779386149528839,-12.817527872525085,-1.7538518955273528,,0.1646516665864141,0.1923076923076923,False,4
-0.096180974790103374,-0.99023860660435181,0.10087974067520605,0.99534536540123619,-0.096301827755369412,0.0036826003386486623,0.006068250382485877,0.10076437843427856,0.99489181139259975,-0.047672609048636211,-14.766890550412848,-1.5265758608553983,,0.1372133923477999,0.3333333333333333,False,5
-0.83064659426832077,0.53103630269774493,0.1674117100072402,-0.54133570944174791,-0.84057808017383606,-0.019599510567024827,0.13031456217030676,-0.10690620350745073,0.9856922331732072,6.9361593280475535,6.7863701521615205,-2.0239299963393744,,0.1025979303385145,0.45,False,3
0.94256581192676403,-0.30778609637876736,0.12975904231598062,0.3024513288750188,0.95130684297821722,0.05948515919582379,-0.14174936983484462,-0.016822882592986296,0.98975962070226264,-10.343891521231031,-7.5681534169877391,0.2598305631035614,0.1715486775365999,0.146653004381476,0.7197452229299363,True,5
-0.1001949402579084,-0.99486273452479734,-0.014460753803224452,0.99446346606535063,-0.099670864459194222,-0.03328863829066419,0.031676309886158112,-0.017716044473872483,0.99934115954472558,-8.067820535901097,-11.141629503639253,-0.17520009535925027,,0.1725363709706325,0.1666666666666667,False,6
-0.98558857033453262,0.078595694202465538,0.14979281317461934,-0.086572579387537943,-0.99511310517800788,-0.047487855301892076,0.14532845049790608,-0.059771437625487304,0.98757633462941086,17.904691854009926,-7.9854526322816577,-4.2217325717583361,,0.08041616191927714,0.6470588235294118,False,5
0.21978565160286592,-0.97464543266700088,0.041958883813313363,0.97548613232813841,0.22005341888817834,0.0018161693519092373,-0.011003316999639554,0.040531141323424225,0.99911768756139396,-20.512153311579176,9.0753791553037839,2.4610197948765431,0.2541522700141121,0.259578284721741,0.3846153846153846,True,5
0.98544405098399512,-0.095587546782419569,0.14058109147524503,0.091444435670916147,0.9951716059675183,0.035656554248232733,-0.14331063311938913,-0.022282180686553802,0.98942688808156543,-13.792820934460011,-3.661666077218384,0.95431805029106653,0.1930356394499922,0.1579532188504693,0.6146788990825688,True,3
0.9572505138265831,-0.27252690727449658,0.096956374675114032,0.25373636056130588,0.95205396769704931,0.17091255635970465,-0.13888597160205238,-0.13900477475146028,0.98050413537549663,-3.2407390046871427,-12.166781217377199,-0.95790026520395366,0.7523891939211211,0.63201814826354,0.7387387387387387,True,5
0.63662726281717186,-0.769101572337064,0.056466801455101703,0.75671220213741508,0.63712639823082629,0.1464807011648864,-0.14863502741365392,-0.05052449016139561,0.98760057944478341,10.627073692271921,10.302231817112082,-2.4805149758029383,,0.363767178821127,0.1777777777777778,False,3
0.96926540461077526,-0.21850401995209612,0.11305117730251518,0.20211104590535253,0.96923393248781653,0.14048739885572634,-0.14027009855188385,-0.11332068380916817,0.98360699574233812,-5.7002190509630051,-14.57116642246165,-0.60725969219618048,,0.2200993882383203,0.1904761904761905,False,5
-0.48193666201424018,-0.87150680356410004,0.090625300816377333,0.87272102913693494,-0.48666101905358766,-0.038975092506557799,0.07807085953634138,0.060307079810006388,0.99512210156143555,-17.027121098963399,-15.731566232462844,1.2143713257916557,,0.1647979960681554,0.5714285714285714,False,3
-0.19148520564309579,0.95252307479180087,0.23671334565037366,-0.98114252126919999,-0.19223354668494039,-0.020139922702065043,0.026320504883789324,-0.23610602600971636,0.9713707713867864,-13.654436114567506,-5.9698262923132237,0.8463074382140755,,0.0944761087909778,0.4285714285714285,False,3
-0.41630679253143826,-0.90871505591522506,0.030423702029435076,0.90697370171277392,-0.41739664181109964,-0.056380384942329297,0.063932455713938408,0.0041219604324141679,0.99794571523133435,-9.8609997118153405,-9.4394954024724598,0.14690064517398377,,0.1326707232756092,0.3529411764705883,False,4
-0.37644849204240027,0.90247153445509343,0.20936012594873965,-0.9248221396945181,-0.37941013231554582,-0.027421915089086785,0.054685855299665201,-0.20394381823082872,0.97745402768394918,4.9463616414225129,8.0856491449115495,-1.6650084949158512,,0.08868690450446036,0.2666666666666667,False,5
-0.87202505479809067,-0.47900113484034218,0.1006489772727551,0.47228032953934862,-0.87743780811111693,-0.083989185180969386,0.12854413302283185,-0.025706141655706644,0.99137056651213196,-22.643635986399023,-1.0296847887881815,2.5546918762299611,,0.4463240387281313,0.75,False,1
-0.79244442019670958,-0.60957061281840952,-0.021342654176320253,0.59862289961757453,-0.77054908501984654,-0.21887149569673367,0.11697206911288126,-0.18621969703354874,0.97552025067867509,-13.960355893434029,-12.329745688058146,0.76454916621039959,,0.1326903056242655,0.4117647058823529,False,1
-0.26056618298320255,0.94694247263048614,0.18816274289568111,-0.96470773818436861,-0.2630431660492345,-0.012135595658870291,0.038003212663733604,-0.18468417994851868,0.982062884699335,-13.56782465436676,-0.1516600983640487,1.038584074285424,,0.08684715242989034,0.51,False,4
-0.7781426540944858,0.60424199231876397,0.17142235734419295,-0.61770482946884087,-0.78564563741117643,-0.034665199662722961,0.11373105789387344,-0.13286288848070796,0.98458757829606147,-20.858565627544589,14.061203397752232,2.6611593200023207,,0.0945439890246986,0.375,False,1
-0.00010340694983103127,-0.99391391010701191,-0.1101595597430968,0.99999852019674107,8.6392889006591564e-05,-0.0017181794423330404,0.0017172394504126275,-0.11015957440031668,0.9939124303763438,-4.8884713471606656,-18.306249707024961,-0.79946982042490033,,0.4629537009188182,0.2142857142857143,False,6
0.96199472617725879,0.19935250982206129,0.18661383559314748,-0.22169578316939723,0.96917065121176682,0.10751385285007603,-0.1594274961606339,-0.14479925986483891,0.97653266602328592,8.1383945125158874,-4.9168035540010058,-2.5989448936550663,,0.088160504581067,0.4583333333333333,False,5
-0.62972221593808064,-0.77341561044200524,0.072651388690469665,0.77066005778267455,-0.63374508619067893,-0.066710127174018002,0.097637114318471191,0.013980674296655116,0.99512387904912236,-13.956608045274066,-4.6240638090383506,0.95799268353109845,0.1731484691233464,0.1717511630128937,0.4642857142857143,True,4
-0.37285619204020248,0.90801991512759683,0.19099239196615309,-0.92634391068611477,-0.37613861622233707,-0.020166817327040992,0.053527742265449436,-0.18444396199935231,0.9813843312841033,-3.0494974679218045,7.5144814529854838,-0.43450214094375983,,0.06838572475007422,0.2580645161290323,True,5
0.8221888733423377,0.5483584551048587,0.15267108851079078,-0.55654690591259681,0.83070642453822374,0.013504730653931466,-0.11941942082916067,-0.096072061214136473,0.98818478078894467,-9.2274435734913229,8.9279444548835443,0.58456916776886814,0.2020679493021494,0.1955612380820983,0.7800511508951407,True,2
0.56929853385392526,0.79863013243941727,0.1951642664822891,-0.81778744621061561,0.5744727979734191,0.034708748305160061,-0.084397109974754192,-0.17936252660015176,0.98015621809970643,-21.750969059797118,-5.8008299718609226,2.2434445355658355,,0.1079770104290587,0.5,False,1
0.53133612858711143,0.81181386701338776,0.24215731205732977,-0.84358000818244805,0.53326912498985801,0.063220330016957593,-0.077811877325779308,-0.23787031268597153,0.96817510094492554,-8.6934167832789289,8.1659200999310588,0.46731177154666304,0.184431638834738,0.1210934320056091,0.2173913043478261,True,3
0.85807532251404306,-0.51273856895475034,-0.028388391970221166,0.49793073583906466,0.81722816057176173,0.29017773152890625,-0.12558552145525315,-0.26312980347107973,0.95655161038288072,-13.073463238452799,-10.986117617615818,0.65538492031341788,,0.1667105901014534,0.3846153846153846,False,1
0.29140850427338361,-0.95222993429419744,0.091319416726230035,0.95617749071090974,0.29278253229370343,0.0017306188130018912,-0.028384677115282676,0.086813253698706211,0.99582014896632132,-11.024086875668743,-3.0201216043500616,0.48291564332601622,,0.08787326972140658,0.2857142857142857,False,4
-0.98649959739735305,0.035379107958063698,0.15989641351497791,-0.076317056589769422,-0.96319910085477356,-0.25772698536635669,0.14489393088854713,-0.26645039094106798,0.9528955545908574,-4.5502104729991881,7.0984404994873049,-0.23362066592661895,,0.1068255098648133,0.3636363636363636,False,4
0.26587497211722594,-0.9590996955891562,-0.097150775202526102,0.96325216593947671,0.26032542215861365,0.066150883522789222,-0.038154475682026699,-0.11116855894868388,0.99306887348597428,-1.3878440067262261,-18.351315454548875,-1.3768071563471966,,0.3915490573297906,0.4545454545454545,False,1
0.95095487229154863,0.24780846532450834,0.18513723390629702,-0.27902847891957383,0.94554306705623059,0.16760494113755869,-0.13352130472996399,-0.21104329616315126,0.96831440572150895,-15.05797123418418,-21.374475068175418,0.82351435170428622,,0.2588915817313014,0.125,False,5
0.98966924435933123,-0.012518484797030518,0.14282182714003447,-0.0045243821018694395,0.9929574599670471,0.11838501874134036,-0.14329799976213081,-0.11780819255967612,0.9826428206779898,-0.40430053606919092,17.864886615844298,-0.51355761307236303,,0.1450025709200183,0.15,True,3
-0.96409414490636847,-0.23736541791637,0.11908038518012309,0.22630581687039081,-0.96898301522206809,-0.099285414144154274,0.13895379450696788,-0.068771902609554542,0.98790802628765939,5.5207444313394642,-22.995467475197533,-2.6730011091700785,,0.1191903511907029,0.3,False,2
0.73319975185189135,-0.66862319977836926,0.12394006859147692,0.67135077038450208,0.74073432352035407,0.024511325198352928,-0.10819550355010482,0.065235562977402684,0.99198692246146103,-5.1432202130537998,-4.44958450258531,-0.51721904383519557,0.2315869464633118,0.2081461619236867,0.8516483516483516,True,5
-0.93167641333181894,-0.33829859922055211,0.13241268295208636,0.335758396126491,-0.94102239225927808,-0.041751128094836214,0.1387276478274026,0.0055601287788437162,0.99031496237118355,-0.36371119523704765,-10.614268574244335,-1.4155265820109628,0.3529483527138961,0.08376132757679025,0.25,True,4
0.048711978512883322,-0.99655038902954907,0.067189770608434923,0.9987429604233321,0.047802364239269098,-0.015080881206816202,0.011817028145783798,0.06783992996893469,0.9976262334900835,-9.6237050367295378,14.237379731453878,0.84142855721151977,,0.157604682054319,0.1333333333333333,False,2
0.19583101646492745,-0.98062389886383894,0.0051944169448457644,0.97885529441350838,0.19579156022179789,0.059228182012944559,-0.059097593766224629,-0.0065141325591111243,0.99823095548477403,-9.513099063860329,19.183768788555234,0.94924752743690255,,0.2313432767190174,0.3333333333333333,False,2
-0.60429097409199406,-0.79667652943897793,0.011786690460543703,0.79390643292337781,-0.60330972987529408,-0.075696404146277235,0.06741657358414084,-0.0363851244173128,0.99706124602619517,-7.5738118587285594,-13.375530673319131,-0.28424824074706923,,0.2241272885072572,0.3636363636363636,False,2
-0.9746639373739332,0.1019848821372754,0.1990710752424546,-0.13965792371150784,-0.97267527127135989,-0.18546827491993459,0.17471655195582253,-0.20857109213079314,0.96227450657285707,25.565327170457657,-2.5409131421966009,-5.200785035376259,,0.2320345193246582,0.2222222222222222,False,3
-0.86061030814462547,0.46420205758237831,0.2094429450984206,-0.49344041303207092,-0.86180824493389807,-0.11748662796545807,0.12596212248907557,-0.20445781643224376,0.97073711425792653,-21.859985616625256,-7.3521061703351789,2.2141056082101489,,0.09228140969773582,0.2222222222222222,False,1
-0.89722373164549385,-0.43645778353690728,0.067038634847260622,0.41882272609989701,-0.88923226460510685,-0.1839932164171369,0.13991818850451451,-0.13700577643049539,0.98063872947701369,-15.848553542432162,-6.433097898683803,1.2111109990591398,,0.2139367015545047,0.28125,False,2
0.3543501866010873,-0.93106667072504001,0.086895338889749846,0.93335378468611718,0.35785027323944435,0.028176134485706331,-0.057329380494438642,0.071119874911623374,0.99581891201396611,0.99787778216946188,-6.2709408651579377,-1.5541277986155182,0.2966781402920265,0.2659370229082761,0.749034749034749,True,5
-0.6194205247802842,0.75844199452993055,0.20269177194542864,-0.77976800063735574,-0.62431170218933474,-0.046869645736614229,0.090994937567634035,-0.18708457831396941,0.97812027987060257,14.024094535005174,8.1609568083907345,-3.0666795727899396,,0.1810629863042094,0.2222222222222222,False,6
0.81229091559371525,-0.56944043787485732,0.12617866759803528,0.57129765059557047,0.82037621954671924,0.02453268893162356,-0.11748388343898958,0.052157895999792668,0.9917041348189336,-13.005887487817873,-8.1632879835960974,0.6835542634822267,0.2641857478294471,0.2330783986406857,0.7714285714285715,True,5
-0.61848964080960389,-0.7792398609509118,0.10127094013788282,0.78052808081042746,-0.6241161094158777,-0.035425937305580822,0.090810127615800221,0.057134237308217116,0.99422794149511318,5.3724233169281206,5.2707761826727682,-1.8536931249649429,0.3241652708948911,0.2633455326523877,0.8129496402877698,True,5
0.36823197790276058,0.88026627186556761,0.29922650461768052,-0.92850072826104324,0.36474844345248741,0.069605823159413313,-0.047870743346356832,-0.30346311738806342,0.9516399152602758,0.83701856922232176,13.924235127389315,-0.81647880248057825,,0.3447049667304339,0.1153846153846154,False,3
-0.86701665482878365,0.47334884126634391,0.15563738214617878,-0.48180156863085105,-0.87606158775699405,-0.019579145066783592,0.1270801664869757,-0.09196177971583834,0.98762020147278218,4.4301316281322576,-7.2656199882203714,-2.0884407509742013,0.2049973818486221,0.1950103745137592,0.7647058823529411,True,5
-0.9058433564304591,0.39388088406289834,0.15590273500048252,-0.40159278531217618,-0.91559623881594931,-0.020168347758221614,0.13480003114246503,-0.080878777413594005,0.98756649141618513,7.7802464262543127,1.3548306091615101,-2.3807918742318575,0.2214581708764606,0.1643986617205928,0.6231884057971014,True,5
0.34131537139156826,-0.93935626530610172,0.033371006607677584,0.9387291733394324,0.34246562558014182,0.038792195316448758,-0.047868114369621476,0.018085964894802006,0.99868991258574435,-15.47625508349498,1.3407511610276954,1.3966723766972631,,0.1700421643814143,0.2093023255813954,True,5
-0.30505961445540453,-0.94470840718895377,0.12026910249448317,0.95108451150613249,-0.30868552331898419,-0.012308520074527506,0.04875329323707428,0.11063124820679457,0.99266502069869744,-10.547448503453708,-10.121789531937823,0.22815510725156452,0.475834863270423,0.3929174781967848,0.9753086419753086,True,5
-0.26345293110773249,-0.96372890036878467,0.042651608231308522,0.96385891100034216,-0.26478859790959358,-0.029376829343984306,0.039604958982156935,0.033370720864917991,0.99865802065220333,-16.112969893112925,-8.8720622701172598,1.1813553733915216,,0.07061464177718807,0.3846153846153846,False,1
-0.81513043879990998,-0.56794641097563636,0.1140142184192825,0.56562249077899185,-0.82283018647281114,-0.054969829489347394,0.1250342579729076,0.019681424974126581,0.99195719456242293,6.5532474303989252,-8.3098629153421886,-2.439427426123348,0.4117541364012177,0.2721713776882811,0.3793103448275862,True,5
-0.45020944795276674,-0.88913273552258343,0.082185349036140692,0.88968437010029944,-0.45450446567768077,-0.043444358417161072,0.075981409392678848,0.053559959869039858,0.99566970232378194,-9.4058308704771569,11.244238960682294,0.71931947022607912,0.5510487663113935,0.5726742397387576,0.7610619469026548,True,5
-0.90590698014168525,0.38315837845565343,0.18033912595387236,-0.4109013262736127,-0.89832574559361988,-0.15547010925014701,0.10243360482360454,-0.21494304320656879,0.97123984925451878,10.000409211453391,-11.574396700604023,-3.0735670014900958,,0.186267319771739,0.4615384615384616,False,2
0.63591314425098511,-0.7682034624391052,0.074012926339908497,0.76760820050063927,0.639511311688989,0.04246095554741644,-0.079950756675573609,0.029811449451504643,0.99635292642145845,-16.684835762571709,-0.45854940315554671,1.5569974249066623,,0.415798984270228,0.32,False,3
0.5529098909150344,-0.83053962220716493,0.067041692045348419,0.83013513635051905,0.55600356661249783,0.041661604751688126,-0.071877033359961734,0.03261855082863363,0.99687999388954029,13.438843829307329,10.302301935272903,-2.8991872736430877,0.7328524293155201,0.7828595365227442,0.896551724137931,True,6
-0.081598042169901117,0.92526431958784361,0.37044257100349831,-0.99659040086783179,-0.080303884668309511,-0.018943574247522663,0.012220164161401113,-0.37072526890518509,0.92866217893432312,-21.161871854427837,4.7285577349306127,2.4296891373582161,,0.1735246177212889,0.4705882352941176,False,5
-0.8710674916682688,0.42486305697487664,0.24644027222983195,-0.47086626701125517,-0.86509621133446613,-0.1728973791751568,0.13973683676696064,-0.26664569742021987,0.95361086848758636,20.996075212972066,-5.5300221265063376,-4.5573806806601835,,0.4046250774870853,0.4444444444444444,False,4
-0.11985497457601915,-0.98375694847978157,0.1336302787063218,0.99261833389594956,-0.1212568186139011,-0.0023721621496042063,0.018537213464011413,0.13235954917338957,0.9910284160707028,-1.9550310184574118,6.67235010402407,-0.67899505741220034,,0.07679298092865103,0.218978102189781,False,1
-0.74249983358308003,0.64099107078972728,0.19448507474080912,-0.66212891363647453,-0.74627489222990029,-0.068257504743679878,0.10138687713743515,-0.17945537716961907,0.97852770464061423,-2.2598884399857018,13.576798655497523,-0.36816240815897555,,0.1104890225923027,0.15,False,2
0.032623044764846225,0.97431030549312381,0.22283439043416392,-0.99946772676990858,0.031799714213182888,0.0072829472983573038,9.7806744775788546e-06,-0.22295337356912648,0.97482910969999403,-11.215182509897526,-12.12968076515784,0.31386993156159926,0.1191607908138476,0.1231382169133645,0.4827586206896552,True,5
-0.58957379529908627,-0.80015707977974149,0.11023333241351121,0.80296296688228352,-0.5954030871785343,-0.027306365446023228,0.087482648063670565,0.072414166132238209,0.99353056059244627,10.373333123191056,4.4245452968369525,-2.6363007058079977,0.4360839083630064,0.3430433224428426,0.9347826086956522,True,5
