axis_00,axis_01,axis_02,axis_10,axis_11,axis_12,axis_20,axis_21,axis_22,location_x,location_y,location_z,dbh,dbh_approximation,score,reconstructed,number_clusters
-0.93051757823490244,0.31895264525522787,0.18001735105412967,-0.34150470407679956,-0.93320585488324648,-0.11180952332000903,0.13233130275664351,-0.16551749906376351,0.97728828081298913,-21.468943840634854,6.3309554429649619,-0.49198445980481942,0.4151155348940021,0.4250173619244782,0.2575757575757576,True,5
-0.49917951704669733,-0.86343714368056479,0.072774368247167445,0.86419808969161727,-0.48997928521417095,0.11437640418534849,-0.063098902798591122,0.11998582822049642,0.99076835309362632,7.4978947006808809,-5.5934011127336101,-0.92713632593721684,0.2885521001617483,0.2525741963340703,0.8787878787878788,True,5
-0.98875290156650775,0.10296032179567857,0.10847521274255396,-0.10095395549433218,-0.99460535478759182,0.023842967472547286,0.11034490705900472,0.012623801470986958,0.99381318220406023,6.3234485253367119,21.660630250701875,-5.1128021596642865,,0.2587487236031877,0.6666666666666666,False,4
0.98776492398142657,0.11372879627394773,0.10670621279965724,-0.13787620413901561,0.95659156315880944,0.25675422805788872,-0.072873913605510265,-0.26832506813837698,0.96056808739638666,-19.738761288764969,18.646831802173679,-1.9988023984514598,,0.2438754468160793,0.4,False,1
0.93640098269514449,-0.34776868349694201,0.047012151475674557,0.32585052676755949,0.91137371602656614,0.25143465143299665,-0.13028673690315501,-0.22012472036264424,0.96673185200054113,-10.802214492718807,-8.2650511253358907,1.0005420833941312,,0.1559322649364958,0.1805555555555556,False,3
-0.98101821341108564,-0.19051588109322198,0.036151957166899049,0.18699786423751991,-0.97878735718795362,-0.083708471373151475,0.051332871791183815,-0.075359196255645605,0.99583428732564505,-15.158157102815094,-3.2859479034793191,0.43900402609674993,,0.3328379159527673,0.2921108742004264,False,3
-0.67440775753880799,-0.73739775672045105,0.037665965474464325,0.73714947029819677,-0.66950738003958787,0.091490581545946137,-0.042247307731559991,0.089467404434094414,0.99509333659373977,-0.77290584568981169,6.7384350414247862,-2.4332091482020304,0.3682306165437176,0.3306303661297687,0.4945054945054945,True,5
-0.07541410433714181,0.97425376166904165,0.21246722274447319,-0.98861227155744602,-0.10087800656136044,0.11166648699692071,0.13022476489920803,-0.20162647560756752,0.97076684890915899,-13.27738952161714,-9.5249334037041269,1.4631891676466049,,0.8444206502801495,0.91,False,1
-0.95674157725017095,0.26934956162147489,0.10998348973903628,-0.2690050708218103,-0.96296602252228614,0.018240376634351615,0.1108234011073935,-0.012134789735692531,0.99376602912610301,9.9674527056953632,2.0955260337051858,-2.527656713763379,0.5070261416996346,0.2791493116406917,0.303030303030303,True,5
0.73596289360737244,0.65870261965324317,0.15642722939123699,-0.67671625441151495,0.70878384353928514,0.19919983472113689,0.020340360083183531,-0.25246053552908687,0.96739337797612279,10.444338712330664,16.840188035797038,-4.8064996130706579,,0.329808503785098,0.1666666666666667,False,5
-0.95409971845560082,0.25793607216951064,0.15219300219362347,-0.27387887010454742,-0.95706948137794012,-0.094912445575999704,0.12117793426692708,-0.13223838508060243,0.98378296273013122,-15.296171995015268,-10.413859427265974,1.8389774174809908,0.7719886955654658,0.527134538321294,0.2941176470588235,True,1
0.9870627554038679,-0.13018120530337665,0.093594715023249883,0.1135231591646324,0.97967145972522895,0.16539747075792932,-0.11322371318679127,-0.1526325154925996,0.98177579211681321,-9.2622515125852765,-6.3175440659563149,0.53576496878684343,,0.0976768261778272,0.2300884955752212,True,4
-0.99140807519331808,0.058237777550244639,0.11712552969993004,-0.061767310993715865,-0.99773255541372385,-0.026731014949060425,0.11530319914940147,-0.033735873096890995,0.99275730323795908,17.637072223238658,-0.44309654535444593,-2.7351364770245086,,0.2379994047639758,0.25,False,5
0.54107764286503857,0.76730069790091482,0.34421595458720744,-0.83882866097230135,0.46321056715947145,0.28601127251074621,0.060012181455345134,-0.44349251343463453,0.89426669881216125,4.1762784477998638,-17.047426469206755,1.1364397117022516,,0.4222330757860149,0.2777777777777778,False,3
0.94902152662967321,-0.31011488394489933,0.056452641650557481,0.28168602421249872,0.9147477026875418,0.28963705597043471,-0.14146068625890407,-0.25896988084274752,0.95547028999307637,-31.53889489734274,7.2672376349792689,0.4493261845564806,,0.1800998884014553,0.25,False,3
0.9983051123247767,-0.046442601573631635,0.035071177130072975,0.038267468616306741,0.97787637456867804,0.20565358471497636,-0.043846363040918365,-0.2039629398187153,0.97799622475170744,4.2610834038308667,-12.186743985936531,0.40697530298834272,,0.1500659875389739,0.1176470588235294,False,4
0.58077593933198657,0.79146231083535068,0.19049073158612118,-0.8126272786500589,0.54976191652310702,0.19338754131184405,0.048334400656764191,-0.26711279577737795,0.96245235728587863,-1.9071023288351505,-4.4784885859787504,-0.34212551623582999,,0.07193582948768809,0.1466666666666667,False,2
-0.94074942011707852,0.30484363246181628,0.14852908232688289,-0.30813553096292473,-0.95134205300121333,0.00089036488787361256,0.14157338417787879,-0.04492947739427032,0.9889076392431706,-31.105059598331444,4.429223820247322,0.81777316337219708,,0.3761127626425001,0.2962962962962963,False,4
0.63566943420556621,-0.76925999183104987,0.064524688181083853,0.75662487707330006,0.63743878905763152,0.14556986500835953,-0.15311161226564912,-0.043713329464039039,0.98724160113752291,3.4154440347272366,-13.86502376220685,0.70735945326353378,0.1321544737131,0.1514940789387203,0.803921568627451,True,5
0.98761836003669712,0.11940986165853303,0.10174114141838689,-0.13960252435851683,0.96482462573146777,0.22276574416831652,-0.071561931997088588,-0.23421085910099076,0.96954843270876434,4.2709045413267432,-8.1714429764807566,-0.17394128733746786,,0.07891179600328073,0.2580645161290323,False,5
-0.93030306264309859,0.33589005816879891,0.14735698307251133,-0.33873820855287723,-0.9408609884034751,0.0060849459178816262,0.14068630958006839,-0.044254596640316342,0.98906465560798618,-27.275345808395411,5.5643863621820824,0.13947528257238673,0.3712083784285046,0.3187207177261355,0.2954545454545455,True,5
-0.17576343693859736,0.96546324131583705,0.19232249973274068,-0.97489826691109061,-0.19783115000557944,0.1021577469466837,0.13667693078674409,-0.16953927496420482,0.97599992358366905,5.7587589386399509,-10.455192760441701,0.027845871288434517,,0.2401769344576387,0.4,False,2
-0.92332036075443191,-0.38367744528806585,0.016466007212713768,0.38315396388594408,-0.92326093844316848,-0.027969259974636201,0.025933595485288272,-0.019515571276889881,0.99947315676957649,7.1752372634188646,1.5080332584731078,-2.1922467537481509,0.5743952117215079,0.2910058183783167,0.631578947368421,True,5
0.76776616191883418,-0.63822912144543031,-0.056557131746736114,0.62002748673016894,0.71780180695068896,0.31674355816243033,-0.16155815148575198,-0.27825196221647996,0.94682353646874795,-14.251059048489504,-4.849198419927939,0.6872911516673933,,0.2133641182997791,0.3,True,4
-0.24780936331281136,-0.96704676890450347,0.058404333793463707,0.96432194536611704,-0.24041781766802425,0.11082625425886877,-0.093132728617848631,0.083784364287758997,0.99212220777537774,-10.150544595952342,-10.492279803976434,1.3601902263154202,,0.08028111419763881,0.4,False,4
0.38863519720131862,-0.92129771466901866,-0.013160715859497102,0.90929152602225161,0.38118507260951906,0.16699359605625458,-0.14883414998049296,-0.076866516542107299,0.98587014075600499,-9.1827435824615407,3.3301606585794854,-1.0742438432722643,0.1922241263514628,0.1332631758733731,0.5278810408921933,True,5
0.97363728698934582,-0.21297283689257751,0.081688457752329358,0.19787252440126823,0.96674618346357655,0.1620132119479108,-0.11347641812771495,-0.14157820278749392,0.98340160413961497,-12.77547121108223,-16.56157714229051,2.6004022926164372,,0.07183261415170963,0.3846153846153846,False,1
-0.93400924192406065,0.32347308969792909,0.15163078922737913,-0.33897285367909891,-0.93645705462921591,-0.090252918533545876,0.11280133185867328,-0.13569578135096982,0.98430813999197431,14.609280365808177,-0.34844304545310867,-2.5130123709861727,,0.2718760022041713,0.7692307692307693,False,2
-0.97842756596780467,0.16288386369847446,0.12707613899144668,-0.17440708446155709,-0.9809561285961097,-0.085482411403466241,0.11073241189433154,-0.10580132662868183,0.98820261699697731,-3.1707948569896707,5.4152775650861633,-2.0376159178041973,0.5583483402098927,0.4683348743327356,0.1867469879518072,True,2
0.58887528274435386,-0.80131039636774959,-0.10548720323203997,0.79829095833454067,0.55626334122222809,0.23087364737796351,-0.12632278976526112,-0.22016526493805413,0.96724857658239993,3.1633299891446325,-2.3330771753130723,-1.0656650127322604,0.3836899893590937,0.2622858560669789,0.2857142857142857,True,4
-0.62157076165352654,0.74321344059862582,0.24755518570817481,-0.76731048864947871,-0.64127435092871043,-0.0013493885505302394,0.15774790732670205,-0.19079043098257167,0.96887285501222087,-2.7993771738383919,-15.925436930449177,1.5847974696224147,,0.4020698867710572,0.71875,False,5
0.98902245945834866,0.11029141631466637,0.098338080997471822,-0.12858971669389802,0.97026277034241393,0.20507277061581919,-0.07279601257997223,-0.21546684193808158,0.97379401342259619,-13.965249215074589,8.283099865971014,-1.4244967812574538,0.3005633587990383,0.2572099779493693,0.6975308641975309,True,5
-0.34401164208968182,0.91100979248017055,0.2274140455468765,-0.92812453308227405,-0.36661307739938742,0.0646506192589133,0.14227031031656198,-0.18882798914617221,0.97164970504675297,-2.5476919405540062,-5.0583688020418327,-0.21968756900428635,,0.1403748937537595,0.373134328358209,False,7
0.89828094903051392,0.41823792055096093,0.13479012731668497,-0.43857923487050127,0.87232173343617592,0.21610888023242333,-0.027195428829968032,-0.25324264093575188,0.96702046176006096,-30.199208671643024,11.943842797462008,-0.24620412478085307,,0.1159728791596142,0.6923076923076923,False,1
0.067229186613569483,-0.99553657817255059,0.066235624763162582,0.98949542387086042,0.075042102205801098,0.12356168109555693,-0.12798063371426102,0.057232896283717243,0.99012390789086258,-12.976975730368839,6.6784687692122828,-1.2627278537172864,,0.07120083561180553,0.1964285714285714,False,5
0.98905718155052158,0.09320039240002928,0.1143659848023891,-0.12073136357984969,0.95684105704198963,0.26434660846494501,-0.084792862149416254,-0.27526147281312235,0.95762272953040439,12.668800769219633,8.5264851081817188,-3.7330745115901913,,0.2468264413479611,0.1538461538461539,False,5
0.97496690947346776,-0.20786550503035198,0.078939579744466276,0.18916010213936157,0.96200404172664788,0.19689255816363843,-0.11686736580578208,-0.17703150996382588,0.97724196762600557,-25.094995467583686,3.5952349212130605,0.19537155658969793,0.4557227266663975,0.4632698350721085,0.6197183098591549,True,3
-0.69492547380283309,0.67835561872924477,0.23856286466751669,-0.70312112924283332,-0.71052735005852097,-0.027777012638138671,0.15066274745998554,-0.18704154446881538,0.9707297240584164,2.2404731291777713,1.4146848527898719,-1.6853853484704127,0.3199799252735594,0.1986091664504718,0.2054794520547945,True,5
0.44823882521969838,0.84796583570101858,0.28290616297553151,-0.89377608403964215,0.41957750681695211,0.15848983365513716,0.015692901721069942,-0.32389605934179544,0.94596251277649956,-22.866466709791705,12.292619279958497,-1.0640481915291715,,0.4434509650956031,0.2857142857142857,False,2
-0.16463623396963339,0.93402091850924673,0.31701708826408564,-0.97680932119994412,-0.19899740537704086,0.07901634432261484,0.13688849652618901,-0.29665629344470112,0.94512252278657016,-9.6088553418498837,-14.586182054850122,1.994136491426175,,0.1550297862304606,0.1111111111111111,False,1
0.93333818055525708,0.32600367527645258,0.15033776778989039,-0.35431210331140506,0.90393637399566629,0.23950358079706149,-0.057816729108883129,-0.27680432705037611,0.95918537851728014,-3.1119049295957928,-19.651218071674041,2.143755548673703,,0.5227337673169291,0.896551724137931,False,2
-0.19954668459470065,0.95087194927534757,0.23669317005052093,-0.96942088117796577,-0.22678143253707,0.093772794522569702,0.14284353609246983,-0.21074325122702298,0.96704860594432596,-6.8436345425743195,-9.217679197229522,0.83002097428092902,0.6070987854352093,0.555144200833205,0.7428571428571429,True,5
0.74368008416506748,0.63073187889038307,0.22162407217549018,-0.66843473418638033,0.69576099679524617,0.2628909307520329,0.011616305325830731,-0.34364797728183138,0.9390266924644286,-6.4418836600020644,-16.712325228940944,2.0389205525259779,,0.2681248593736839,0.1052631578947368,False,5
0.14497417053644931,0.9743168102783204,0.17230566759787042,-0.98062102878148694,0.11829398745293807,0.15616955671328064,0.13177589987857025,-0.19160711297225741,0.97258512556466215,4.8324109430535982,-2.5614858821172968,-1.1720871893983669,0.3175753781857026,0.1675652167812255,0.2857142857142857,True,4
-0.52721661997190772,-0.84955895411444371,0.01709441749136148,0.84776984607319339,-0.52452744254771055,0.078468147062304067,-0.057696825860962725,0.055861842955008928,0.99677004910221867,-17.380176484195079,-3.3345365288653994,0.6622990460821816,,0.4380437526316373,0.4239130434782609,False,1
-0.38924748765276795,0.89545199949823995,0.21599099506833941,-0.90913834183787845,-0.41118564407465641,0.066286058165967665,0.14816837974507349,-0.17056401350083539,0.9741427249341883,9.0154657696689142,-5.1460395806416308,-1.1256939282829568,0.1005779732848267,0.1017738882581184,0.391304347826087,True,7
0.99117448358655347,-0.1074520082340797,0.077635101683401597,0.084862182398122557,0.96423035840159543,0.25111397001234009,-0.101840822294189,-0.24230947538879688,0.96483913946898403,-8.7246504379993013,-11.933501678647366,1.4915178327975323,,0.06944450287489526,0.4642857142857143,False,2
-0.27707796715948424,0.90184619451423043,0.33151356164562817,-0.94829302563866547,-0.31225753876674894,0.056882044692493049,0.15481646436937588,-0.29861123710191201,0.94173414052833015,-22.093342447282449,1.0758834612633794,0.32644204811025451,,0.2391463990338423,0.1428571428571428,False,2
0.070080501369309545,-0.99312316243678123,-0.093782234775005205,0.99597336505684708,0.064391324672484609,0.062376384988747251,-0.055908670393490227,-0.097775976285029528,0.99363679432493979,9.6608233951772871,-1.2830474294438474,-1.8733229551638113,0.7602623812425827,0.6295773649022331,0.8898305084745762,True,4
0.86929505279987573,0.46481546930814421,0.16814485026164469,-0.49427061647140424,0.82069180643855322,0.28663830263522416,-0.0047611837434876486,-0.33228231721906898,0.94316795577080925,10.944642468835667,3.485905179993527,-2.8422356134723654,0.6699703718190013,0.3595769771555725,0.375,True,5
-0.87090618528194186,-0.49010148377722718,0.036372407632948439,0.49111424219884875,-0.8706580294943872,0.027593419258995486,0.018144353036348648,0.041894286917340047,0.99895728195783273,1.9576758046263918,4.964580877757129,-2.3445260645034613,,0.06526329289639113,0.36,False,1
0.90332867524894767,-0.42435872801050595,0.062585736668069519,0.40775798702437116,0.89480544240187843,0.18181486260977048,-0.13315678161780653,-0.13871874498164408,0.98133907560022482,3.6884835450209859,-5.4254617970063475,-0.64114693623980956,,0.07303596625083615,0.3666666666666666,False,5
0.99189296259760429,-0.11018629185805201,0.06330348991896606,0.090847867518912981,0.96318187093248597,0.2530362592085626,-0.088853900964529775,-0.24523389772535331,0.96538350912464699,-4.955231131433286,-15.626988669191961,1.7355652881511707,,0.1360528218309332,0.2666666666666667,False,5
0.41511601559758077,-0.90849210865523589,-0.04817449642241671,0.89835470217015834,0.40097146223513869,0.17938984241528894,-0.14365765793425828,-0.11774538200787019,0.98259783346629959,-14.055761377860833,4.819648502021801,-0.89509296234720337,,0.2213406953168439,0.2469135802469136,False,5
-0.68190538651040877,-0.7290203766616713,0.05945026711600869,0.73050281075166468,-0.67466406292626302,0.10580191718369222,-0.037022794762244224,0.1155754844588695,0.99260849284100428,-8.5185111642511426,7.6050026382257361,-1.8939697725908127,0.1925539346561217,0.1577670970348389,0.4576271186440678,True,5
-0.65694357426600192,0.74085068482488881,0.13987638480137768,-0.7386520861192426,-0.66962052639698044,0.0774690021848842,0.15105706174257735,-0.052427220242196981,0.98713380586188793,4.8746269827390876,-5.3198701972246667,-0.71868089001619295,,0.1194539305434294,0.3461538461538461,False,3
-0.96420408763209964,-0.25369677498004972,0.077126025168376605,0.25382629871826112,-0.96721435464016514,-0.0082826479460305774,0.076698679731395547,0.011590450497360055,0.99698694775043561,10.876754266612926,-3.2156791740429065,-1.5532573147857609,,0.3547625731756899,0.1590909090909091,False,6
0.95770257960776872,-0.28363689459794511,0.048537418920471261,0.26239455676477835,0.93001444248700471,0.25733680915446816,-0.11813071401139753,-0.23371617143112264,0.96510200788245037,22.38846602533577,0.94064550784660039,-3.3499364798816762,,0.1144286590924477,0.2352941176470588,False,5
-0.52307920215261594,0.83350697918278394,0.17791645210315177,-0.83880289352720816,-0.54044568912133406,0.06578877503457034,0.1509895827061111,-0.11482409487453768,0.98184396578604971,4.7454180400557897,8.8752037504489127,-3.1988322412062495,0.187172762437413,0.1222772976476248,0.3783783783783784,True,5
0.96942322073902132,0.19892865428799997,0.14368719356695947,-0.22123113820766963,0.96184666018027587,0.16095895684114178,-0.10618569856304812,-0.18782543172641686,0.97644569977928808,-6.2227333331884873,-14.977874969696567,1.7608142853535171,0.4544912257828068,0.4298217085826828,0.759493670886076,True,5
0.49604494929778242,0.83944040621515714,0.2219892175072754,-0.86602163486639805,0.45980741705028949,0.19642725668519753,0.062816687428515927,-0.28968421365147434,0.95505869984081881,-19.623912774092208,-14.977250506879692,2.95320042255051,,0.2631476622510397,0.6470588235294118,False,1
0.16306326292546727,-0.98548034456708877,0.047316622407275653,0.97739036871777829,0.16789569770278615,0.12852665805435629,-0.13460475259747218,0.025288834785877859,0.99057661763911375,14.183503679178386,1.0613761983132326,-2.6703762285727719,0.3579977377185762,0.3050157669437431,0.8990825688073395,True,5
-0.94319808049144405,-0.3219017094049717,0.082198968603088743,0.32927835530487592,-0.93866392508376506,0.10240019762703126,0.044194407847264153,0.1236500110331426,0.99134127780826953,-0.6736429688024832,10.825830387146407,-3.0067831932342353,0.3006128670044516,0.2751233182173426,0.963855421686747,True,5
0.9897373254695303,0.10689894757062679,0.094829539599817922,-0.12615726836098681,0.96533288057520239,0.22850989764138441,-0.067114605058176777,-0.23812821061074299,0.96891206262447316,1.1364952332533429,-9.178415354180645,0.20945227248590687,,0.09488005155487819,0.2923076923076923,False,5
-0.074900522490136623,0.988024161901361,0.13490058276308114,-0.9886590552997464,-0.091235563093443786,0.11928681570415378,0.13016598674200197,-0.12443603789150719,0.98365262586410362,-4.0263883153302897,1.0319562524749963,-1.0199465573309674,0.1764218830078458,0.1546801256545229,0.6976744186046512,True,5
0.99475538762332638,0.028081189855515297,0.098352252494108144,-0.047393697713190124,0.97866430176122199,0.19992504064096489,-0.090639705490679151,-0.20353778822252938,0.97486245827503515,-3.9699433580187948,-7.0915969806688812,0.22173191773658613,0.2169585314840626,0.1243627525372145,0.4354838709677419,True,5
0.82931281669891166,0.53601964253052858,0.15787081706371148,-0.55874368643309191,0.79888787061951549,0.22267389395296627,-0.0067634998394417167,-0.2728756365058313,0.9620255412781209,8.673877752864886,7.4596790617968631,-3.2674712081614605,,0.1259964888031863,0.1666666666666667,False,5
-0.41731913029788548,0.89924441064480209,0.13116490922308238,-0.89433616045934017,-0.43200857778764035,0.11632463545073357,0.16126864413847505,-0.068761025603050668,0.98451223749415873,-5.0686357774060582,-13.952243413637746,1.4810681679755959,,0.09880406667767931,0.4,True,3
-0.74346498527710225,0.63032876196253518,0.22348482612851961,-0.65559767623627407,-0.75292764654995148,-0.057372867928556975,0.13210413536492405,-0.1891708510937351,0.97301741326450919,-0.16270228944163018,8.7957499509857442,-2.7804291758753914,0.5466806591953813,0.37841311230172,0.225,True,5
0.17784606693123506,-0.97417273596487841,-0.13913395336794826,0.97521978045242186,0.15557084629705925,0.15730254796648235,-0.13159466665264732,-0.16366182293106885,0.9777001848334993,11.780217107474424,-0.03288924731065164,-2.2928794988922054,,0.5422375201969458,0.4411764705882353,False,4
0.72246474837947694,0.68289005898593258,0.10819359818016919,-0.69123107424262775,0.70984469271557515,0.13535181648177685,0.015629758487099077,-0.17257369313346532,0.98487259637372127,-4.6612251663559991,21.818676711187194,-3.9970995109523875,0.9328564090882653,0.7209814655537972,0.9782608695652174,True,5
-0.83268778658485954,0.52927606533254234,0.16278174571649254,-0.53906205497677218,-0.84203652384303507,-0.019661978500558924,0.12666156069078741,-0.10412175171614842,0.98646617269064718,20.766508786763708,2.3383962515295567,-3.4540339234804613,,0.442587135349024,0.5,False,2
0.03158418530323498,0.91612519093338496,0.39964618573933575,-0.99213278062586119,-0.019725527702901507,0.12362624787818755,0.12114035184994272,-0.40040671584541482,0.90829481835996473,0.39014577395440775,10.239267068374682,-2.993052414452102,,0.4891692254110164,0.3043478260869565,False,2
0.64758685395297155,0.73007993347011513,0.2182076014523005,-0.76127985892089378,0.60751210966866454,0.22667600889223902,0.032927845187290875,-0.31290945551421462,0.94921200459176724,-11.505710995617653,-3.8785475853809492,0.24803000983508061,,0.1772801427237221,0.1481481481481481,False,2
-0.8026439176528235,0.56358909992809814,0.19526921902124,-0.57871863355819475,-0.81510560538151744,-0.026222037452632907,0.14438658049647357,-0.13405289447776811,0.98039907020287864,-0.53124003398286879,17.138608359865103,-3.8830656244965227,,0.2036303855233275,0.3571428571428572,False,4
-0.9355282071224752,0.3386352738996915,0.10056403407326057,-0.32922857581055481,-0.939018458890853,0.099261667989214555,0.12804498642258827,0.059753536574232602,0.98996666424628221,-8.129293526654827,-3.4051956441137783,-0.040314949626914495,0.1271374230907171,0.08088444006688644,0.541025641025641,True,4
-0.87150882434512777,-0.48855532658604911,0.042261826190687024,0.49003040302494888,-0.87090044910101405,0.03745146014320333,0.018508733067911232,0.053348857720204236,0.99840439010461579,2.6582501459828562,4.3149199337130666,-2.3146955499158555,,0.07874199521146093,0.2666666666666667,False,5
-0.85391638432132788,-0.51931906311387299,0.033682625701118657,0.52033131369520436,-0.85312384334647107,0.037881814924463214,0.0090627024565135966,0.049874027311594175,0.99871439802573669,7.1393009243066894,-8.0845506015366482,-0.45376876295788393,0.7066715870258597,0.2603561689322513,0.953125,True,8
-0.020282071163983336,0.94810824530203164,0.3173001619596213,-0.99334998447236855,-0.055085068810695748,0.10110115500263232,0.11333333992274505,-0.31313957013514554,0.94292055003458919,2.0700575692191903,-9.5030461365245298,0.19182277629180611,,0.1952954585498322,0.3148148148148148,False,5
-0.7473204437822788,0.61250528861721698,0.25758382270825547,-0.63031967453765092,-0.77615227846982571,0.016874493084199374,0.21025998714878674,-0.14974949763534662,0.96610859936249094,-7.4146954042904207,-12.759583702724781,1.4802905301962217,,0.7276163126702224,0.9298245614035088,False,4
-0.58789536043805957,0.78444654153967652,0.19754156180876448,-0.79179091326898676,-0.60802478825073103,0.058077590663859223,0.16566893142671399,-0.12226806753643994,0.97857259558033649,5.7696988027986187,1.8685612093049775,-2.1386388936101759,0.390320723415888,0.2694086993602709,0.7701149425287356,True,5
0.107684384525354,-0.97782008368146223,-0.17964397367731202,0.98528217296112053,0.080835478564797919,0.15061429231720985,-0.1327520733337508,-0.19321881211305264,0.97213341557175803,-17.045051643106685,15.252469220638318,-1.885066266377788,,0.7511412734782296,0.2962962962962963,False,1
0.3106799800979429,0.9369129517312148,0.16022506309764606,-0.9462694914739459,0.28895309567434324,0.14519007543855772,0.089732934154534996,-0.19672373872646026,0.97634408440339404,-12.184428362049292,-6.551635775862195,0.845400278807238,,0.1068155930847677,0.3482142857142857,False,1
0.43993902875687424,0.8678107289004594,0.23099391719634454,-0.89594470694446315,0.40664060017755671,0.17867989362386866,0.061128823599499615,-0.28556603630769889,0.95640749988320972,5.5304925809957926,-16.313003786681389,0.879321513604436,0.5685992679602265,0.3993184629906774,0.6086956521739131,True,6
-0.7343515679024506,0.64202567432861624,0.22029709081623844,-0.66309353293124806,-0.74790560071766643,-0.030727495828691109,0.14503358681342798,-0.16864236098333091,0.9749487231531716,-4.7007870341641,-12.972859466806574,1.2910489699826841,,0.2316382683570652,0.2352941176470588,False,2
-0.76975915849776044,-0.63790403017163744,0.023436855582711594,0.63828652332165292,-0.76963221485265088,0.016017740382543125,0.0078199779270367725,0.027289231425382546,0.99959699168886829,5.6830890601629758,-6.3187289025580915,-0.60077485117160678,,0.1455367509923851,0.1891891891891892,False,5
0.95862115344260357,0.26534363843508396,0.10314183299905579,-0.27861544784215131,0.94885736341767934,0.14846931033640856,-0.058471500716940343,-0.17106272951780796,0.98352357682661973,-6.1032241500568762,-4.326196162150592,-0.053961124548726584,,0.08408554649191287,0.4522968197879859,False,5
0.44900472520482221,0.86526272385418224,0.2229690011014622,-0.8911699575870824,0.41553015142902255,0.1820736113433567,0.064891166101252021,-0.28045518708309752,0.9576711463755212,11.144143613162125,-5.5575143329288066,-1.1748397459591591,0.539380940248522,0.3442335574672968,0.4705882352941176,True,6
-0.76947753205934744,0.62389724045327255,0.13658902229187311,-0.62137026761485548,-0.78075400336108447,0.065743263988680273,0.14765946695048476,-0.03428439281121675,0.98844385891636133,-0.46013174216893604,-4.1666008570463831,-0.51471763581435226,,0.07199819044842308,0.3684210526315789,False,5
0.10863144836099987,-0.99299903199567374,0.046391064685422222,0.98545098255193864,0.11370720073942422,0.12632115217739259,-0.13071177993742988,0.031993670556219392,0.99090404965865908,-14.860835957412853,-16.448653941491127,2.7604375962888348,,0.1363353636317644,0.3333333333333333,False,2
-0.76344644335019718,-0.64586675624103795,-0.0023793525620785655,0.64542153395992097,-0.7630472489163449,0.034495498576204486,-0.024095054197026664,0.0247997803191468,0.99940202084014484,-13.714874402663238,-15.063339613792383,2.4593916289976043,,0.4788036027319791,0.1666666666666667,False,2
-0.58864058499089789,0.7828525534042422,0.20160392191133519,-0.79199550408133845,-0.60845558652238207,0.050248589479215434,0.16200426913053928,-0.13009104065292984,0.97817735504627057,-7.9580943378921187,3.5448130103521911,-1.1631305169706316,0.2894797589201232,0.1627134503647575,0.3263888888888889,True,5
0.60833520677673436,0.78646755232948196,0.10675703877862483,-0.79245815511829432,0.59441731325985803,0.13666795558374686,0.044026680347455133,-0.16774041501619341,0.98484760475302868,-2.9925040911831875,-17.464249583735125,1.8319218658465779,,0.08110974043108823,0.35,False,2
-0.77948601133035822,-0.62360723879169333,0.059292241203122605,0.62634244313478327,-0.77440489776952393,0.089399095289186298,-0.0098337209763348643,0.10682259141761105,0.99422946641838483,-17.448896682216155,2.3069347987918043,-0.32783928027125209,0.2538376783830087,0.218825812936182,0.6820276497695853,True,5
0.84044746222436273,-0.54034758770593339,0.040896793285124119,0.52345438178784409,0.82905439640519241,0.1966324438853557,-0.14015553299008077,-0.14385163280825181,0.97962397597785744,12.279690808633761,-10.956028832993093,-0.44090113605445114,0.4991177471010093,0.1798339180240296,0.3333333333333333,True,5
0.87994298905004587,-0.47039599712974955,0.066542782523577731,0.45159721237443534,0.87169493713322388,0.19028372066980587,-0.14751370715059187,-0.13738829084246695,0.97947136953668834,-2.8877422777409953,-6.926337557817118,0.11629924355900426,0.7224372086001822,0.4768026339521345,0.9074074074074074,True,5
-0.72729979322855542,-0.68631965102789971,0.00058939175667002686,0.68604923715532573,-0.72698858085510676,0.028706227632234932,-0.019273167054133733,0.021282385186345301,0.99958771756784015,2.899612292052971,-9.5447888040982622,0.11952893240762177,,0.1404646240942038,0.1363636363636364,False,1
-0.74746929443100207,0.62794258175422812,0.21674355331279049,-0.64939301322193754,-0.75943660609714791,-0.039303380238574201,0.13992272246262336,-0.17012981907790323,0.9754370694202511,3.5721704413058029,7.0800486635972151,-2.8354863212203294,,0.5929199048071963,0.2542372881355932,False,5
-0.62861651872946722,0.74872864914528003,0.21034895371627255,-0.76216538138977163,-0.64690210524672931,0.024931859905233569,0.15474237878302832,-0.14464811155502344,0.97730840579222289,12.062265547038646,-2.293360598142864,-1.8430609855958715,,0.1590610065566526,0.1153846153846154,False,4
0.38630986691723729,0.91582908694352128,0.10964383352739572,-0.91876235475066059,0.3715688938609637,0.13346270118636813,0.081488785826077409,-0.15229458500924034,0.98497001840739073,-10.133489471260479,-9.0056673831022618,1.0822848873429876,,0.0877277723482062,0.4516129032258064,False,5
-0.91688457278012492,0.38676551846442053,0.098666680925002914,-0.37790550953217117,-0.92071289848214621,0.097340559038028615,0.12849165756203212,0.051963374558950011,0.99034827290272409,8.9936197191363725,-7.6383568801027888,-0.67755688275687109,,0.07703079417834596,0.2,False,5
-0.22993914480777039,-0.9728101536717334,-0.027719931425767647,0.96897938471614042,-0.23149926243827304,0.08652770357327981,-0.09059217228988925,-0.006963935935493798,0.99586372657913658,-16.869150660894118,-1.1701025256992572,0.20245154285671052,0.5151932846432729,0.2195898838289223,0.2429906542056075,True,5
-0.9953092803526834,-0.044037019838846093,0.086140451168633864,0.046199484781380487,-0.99866109915528134,0.023272658634105617,0.085000259115826926,0.027143137579831882,0.99601114754432518,-25.03680132354949,12.363605791185124,-0.83498412892247509,,0.121934483016084,0.5,False,1
-0.96764379640638953,-0.2513219419761501,0.022422416407870391,0.24379846540850411,-0.95416406081159677,-0.17358932375000313,0.065021469844119564,-0.1625060815380816,0.98456283797554045,-15.246020325600353,-1.245428392189426,0.1050298511597763,,0.4786456731183248,0.2431192660550459,False,4
0.88338168349320212,0.43751786445051949,0.16797297269314687,-0.46076461080427872,0.87629731713500347,0.14070886756838141,-0.085631622074426608,-0.20169563770357435,0.97569774778475871,-10.672359057072619,-11.797205665662954,1.6480713428887031,0.549551134530957,0.5699180026588723,0.9477611940298507,True,3
-0.99475269944624112,0.073877334889437263,0.070775746792596433,-0.075355759804540096,-0.99698604780754552,-0.018448033536693983,0.069199540523736336,-0.023684591335390998,0.99732164506972332,-11.57218239311694,-9.5073111358726212,1.2807530725366381,,0.3674667591077951,0.5849056603773585,False,5
0.83058340940846076,0.53509887490078556,0.15427376347043195,-0.55685960095216736,0.80111689569446487,0.21936067163522532,-0.006211669889044813,-0.26810616090044909,0.96336934850783573,-19.725559523184405,-5.5894529779703737,1.2445654892673177,0.5191771190678128,0.4060303191043839,0.7798165137614679,True,4
-0.92708195886850331,0.3412371459755843,0.15516524013765354,-0.35124550514161934,-0.93535898357979552,-0.041595275625720241,0.13094134816148198,-0.093063322759338846,0.98701245245368807,4.8325326287103572,-11.075742135980423,0.14517968623045571,,0.2783604041010959,0.5714285714285714,False,6
0.99388168932821286,0.018882117866048882,0.1088239552809538,-0.043017411189444583,0.9736541051232287,0.22393567360124644,-0.10172851101169546,-0.2272468904112406,0.96850924664959492,-3.8828464174508768,-14.438314667548642,1.4816939270381109,,0.2124852284173319,0.2758620689655172,False,3
-0.89455581626362102,-0.44069343584709492,0.07455995701587434,0.44515336818203644,-0.89343153441365553,0.060154568500233499,0.040104493328241453,0.087002235123836549,0.99540054284611579,-6.4712416733587288,-12.130108318771455,1.2887172445802082,,0.4776166844486074,0.8299319727891157,False,4
0.23212223098794241,0.94312752655952459,0.23797003703595396,-0.969504739870377,0.20455934955880542,0.13496678064231551,0.07861189000432936,-0.26204186908544103,0.9618493798907165,3.5272715178677605,-6.9868263500053844,-0.34011901135738132,0.7917234974029927,0.4343082682599418,0.2173913043478261,True,5
-0.11673314004365742,-0.99166422420151468,0.054547598062233499,0.98803165535362891,-0.11037864036554952,0.10774972747169204,-0.10083066019182411,0.066472717635611758,0.99268049027641347,-3.3499909348798682,-2.3499550564889065,-0.55634693668543511,0.4417523319052271,0.3912148176433362,0.9931794333683106,True,5
-0.99590489230942036,-0.034041858034104353,0.083753193227172951,0.018300833211247342,-0.98313121124629799,-0.18198379317170454,0.088535444754834672,-0.1797057967205663,0.97972817742835727,-26.900009167208804,8.6565638610608051,-0.28295598117999782,,0.3753720150516613,0.3571428571428572,False,1
-0.26108380557028715,0.89676717389961924,0.35727284011666433,-0.95467714039451401,-0.29466814534953262,0.041979062929289476,0.14292237080699063,-0.33012015983934995,0.93305620194635241,-14.524545208622031,-9.037507118216066,1.4870676879817182,,0.3850149174928769,0.1515151515151515,False,1
0.18650219809583338,0.94615384943312331,0.26459369476294359,-0.9783252769617018,0.15418984357618071,0.13822136085194331,0.089981012237208946,-0.28463728733396143,0.95440297154605069,1.3814219952905749,-12.451535566214579,0.68006911479071064,,0.2391005053927953,0.38,False,5
-0.45730832529581844,0.87629780661615964,0.15156269242409615,-0.87640257365250418,-0.47300788087318613,0.090454814836604835,0.1509557038021439,-0.091464193822309664,0.98430009485828762,-2.4431169867536546,-3.4572233424965337,-0.47279495860638682,,0.07372729284087753,0.4024390243902439,False,5
0.9860532940644039,0.10702272736088404,0.12745602023040864,-0.14388280250001889,0.93307473006057695,0.32965024991211594,-0.083645922850292306,-0.3433914442012464,0.93546014112836673,1.0236660163935991,3.2351698852261186,-1.9594572593088626,0.2702011576330533,0.3078062085814074,0.5023041474654378,True,5
0.014789065648902609,-0.99902409605543541,0.041618974493048341,0.99182844440941109,0.019932161640853936,0.12601208589945376,-0.12671866633468359,0.039415281718432865,0.99115529316521167,-7.5035590255504205,-6.8364581043035999,0.45643097032889679,0.5595546390302377,0.2994734932937508,0.3394495412844037,True,5
-0.27771335291541083,-0.95405282473818043,-0.11251000498435214,0.95195839716407904,-0.28903403125172966,0.10116589764921524,-0.12903683071618693,-0.079009723372965676,0.98848720777319599,-24.368467747982432,14.103806621022905,-1.0720423648285562,,0.2400081486732787,0.25,False,2
0.96950777236262831,0.21759813366875555,0.11271970347871213,-0.23598615848435464,0.95299368731427681,0.19003569386548286,-0.066069753535573733,-0.21084137203834744,0.9752849345215665,-16.641224755469967,3.1627323862123085,-0.52826030259098999,0.2417747664269015,0.2003904619548655,0.6784313725490196,True,5
-0.62023960780708531,-0.77774087772475853,-0.10208798177668549,0.78333105190956909,-0.6209479955169952,-0.028566588485067615,-0.041173924048629879,-0.097686815790820655,0.99436512106926267,-22.77082371458286,14.350727927493576,-1.231816245244435,,0.291815015409688,0.3333333333333333,False,1
-0.94167911787784009,-0.33037351748697946,0.063982637458085662,0.33423849014218754,-0.94031962269535574,0.063903355792430672,0.039052153081273563,0.081561915851355415,0.99590289849079794,-28.361065964751777,-6.1573674492068617,2.2347732603970627,0.5733546625733649,0.5241479607160542,0.9529411764705882,True,4
0.76521456577401004,-0.63824761740347347,0.084182226188677545,0.62646097324718719,0.76836330746507697,0.13101326932610219,-0.14830144073972984,-0.047516382649732944,0.98780001824984986,-6.1935121762653171,2.1237246063693793,-1.0456027380824806,0.1727882533495824,0.14118059586841,0.685370741482966,True,5
-0.76902497940403558,-0.63646953130954487,-0.059220914947607742,0.63918912180565957,-0.76657369199429004,-0.061660694997337742,-0.0061520417694911483,-0.08527197931825517,0.99633871847139155,7.8927435693628478,4.578524864070058,-2.7851322209591571,0.2885226312496307,0.498855867872086,0.4444444444444444,True,4
-0.83139938236248445,-0.54964461613399396,0.081644736279764735,0.55562254597634886,-0.82432318192579734,0.10851211057982035,0.0076585514320933884,0.13558055795224278,0.99073672531874946,-3.1821321924576242,-12.570484827553591,1.1189264872558868,,0.0715868994612357,0.1379310344827586,False,5
0.909857124548208,-0.41005129768400289,0.063387271407843893,0.39384866077781594,0.90157661002500133,0.17900516377844294,-0.13054978097410658,-0.13790413164039586,0.98180405640031898,5.893522252656811,-5.113404355817754,-0.88666882392712665,0.1191081991931235,0.08556890371280343,0.225,True,5
-0.11563674314477111,-0.99016320384395473,0.078771653456969834,0.98689016048959255,-0.10554075016536697,0.12210225707724595,-0.1125875426665691,0.091858477061217761,0.98938671177062876,-16.79789600618696,-8.5310929508568627,1.5734971067773462,0.5029392362488883,0.5012338827947411,0.9391891891891891,True,1
-0.99456713150486131,0.053179700556106844,0.089488213631495866,-0.046970427492222515,-0.99643226475117352,0.070117905730608665,0.092897792607743265,0.065533664719832935,0.99351665256149524,6.3160755065056566,6.4212021970686521,-2.9719828667833506,,0.104185111244045,0.4242424242424243,True,5
0.99103329098455062,0.092216456154702961,0.096690958080889539,-0.11022856085517858,0.97325096426006108,0.20157436577764415,-0.075516094523808613,-0.21042501225170693,0.97468899331363223,-11.994765303854873,11.411198571651068,-1.9744166255641089,0.4106743771947119,0.384041849365926,0.7487684729064039,True,5
0.85586552333907273,-0.51575570545832317,0.038603863106203756,0.49678086408497713,0.84055020151890703,0.21606511010690427,-0.14388529820144452,-0.16574501806604197,0.97561550313008494,-4.9508069949121678,-8.764861781416414,0.63579077415367435,0.9221941049901345,0.8174557133146665,0.6149732620320856,True,4
-0.30096901177852164,0.94370212839729828,0.13727325598043771,-0.94273469157328926,-0.31613162283655005,0.1063583487411586,0.14376701726500624,-0.097401693522957147,0.98480655706873976,-11.430871512430288,13.745962563512354,-2.323548851469333,0.1766609253670744,0.1658964946057893,0.4929577464788732,True,5
-0.6129234867522555,-0.79001728785998582,-0.014052909656448828,0.78846239254243933,-0.61268277318731612,0.054285126745312828,-0.051496164262131397,0.022192438393618785,0.99842658255098338,4.3266150828353966,19.220413807331333,-4.6155980066603233,,0.4033509648603412,0.3235294117647059,False,4
0.88852255563396743,-0.4572175541708759,0.038467860451112765,0.44411665857453203,0.8780598448546123,0.17824506285024427,-0.1152738552590156,-0.14129054112677653,0.9832339097497742,-21.06659436040372,-7.2545605763002223,1.7378513906693751,,0.1051560357142836,0.375,False,3
0.94974525949641875,0.29573628577271049,0.10258650662462418,-0.30917913565450234,0.93747958450148716,0.15981329956813972,-0.04891016397454849,-0.18349953111733772,0.98180228047183837,2.4067000146340223,-5.9326771592342622,-0.46409608320391643,0.1760961485522869,0.0911406979582096,0.1971830985915493,True,5
-0.91357515732604266,-0.40364747444804489,0.049488870348919384,0.40535019576618059,-0.91363858595510505,0.030915255882437362,0.032736076567241271,0.048303733040754138,0.99829609769111727,-14.248751244550501,-6.5879897687254765,1.0010149291767578,,0.09940370726636655,0.2608695652173913,False,1
