axis_00,axis_01,axis_02,axis_10,axis_11,axis_12,axis_20,axis_21,axis_22,location_x,location_y,location_z,dbh,dbh_approximation,score,reconstructed,number_clusters
-0.36009761698853093,0.93250992984781933,0.027476116435810424,-0.93276530093707621,-0.36041073214489344,0.0072799397350058401,0.016691303332715447,-0.023007279065435135,0.99959595112378197,-25.970172353724163,12.905476061301998,-4.0254631948293795,0.2478307643274886,0.2199733075720009,0.2222222222222222,True,5
-0.79120691733423287,-0.56893469839394661,-0.22428758977225782,0.60298615135875688,-0.7869251998269654,-0.13098256046834653,-0.10197703286531687,-0.23887661844701072,0.96568040568673974,4.6295910455642062,-15.331748549344359,-0.48010386809189565,,0.2476260210305047,0.2857142857142857,False,5
0.62311968008183349,0.77227348456802036,0.12375592643539148,-0.77799348895558285,0.5957733270247656,0.19944992842455919,0.080299411189831249,-0.22056248057865652,0.97206182762392068,1.7946376209218129,4.3841517131684729,-1.7663450669707392,,0.3629465768968337,0.4189189189189189,False,1
0.95830658305685945,-0.25274705468834352,-0.13329448306757868,0.27904952281642842,0.9281661706829204,0.24624971759522146,0.061480539081965366,-0.27317848734146366,0.95999669654015962,18.35858841696556,-20.281645607284442,0.3503498981731184,,0.5552694088668161,0.2857142857142857,False,3
-0.27084563045757981,-0.92792382544855112,-0.25612500586034637,0.96188802630460013,-0.27127718617242669,-0.034352774476175157,-0.037604112991487304,-0.25566787523522949,0.96603305753935065,2.9144135825586233,-9.0948549905294573,-0.86546310243742075,,0.2449733765606109,0.3636363636363636,False,5
0.93321962340818188,-0.33725870626707416,-0.12392618582426951,0.35502788561242277,0.91859274166755889,0.17361617261433526,0.055284129037767332,-0.2060192709499224,0.97698501783486857,-22.835204493141894,-9.2429601281012612,-3.1086941570399151,,0.1595563760738576,0.2631578947368421,False,1
0.98980245138810441,-0.095843590294644093,-0.10538080197801977,0.10574094957851127,0.9900608692681464,0.092727162828569382,0.095446104207206534,-0.10292463914648282,0.99009926767381884,4.5878772879145391,-10.304130488823686,-0.7118880054126514,,0.1418666635885071,0.3939393939393939,False,5
0.94767135662042146,-0.28599397856399256,-0.14186769916492095,0.30944078492513749,0.93217821387431088,0.18785680238685598,0.078520064099087392,-0.22192616295344264,0.9718967937649744,-4.431923672310595,23.605432333951057,-3.3252442913829503,,0.1521060213071166,0.1538461538461539,False,3
-0.7734441687303979,0.62960686731667326,0.073343782862817591,-0.63315741337157183,-0.76192856949549381,-0.13629579919854437,-0.0299300476037632,-0.15185535095687122,0.98794946461658717,-16.201826514059398,-7.384610488783073,-2.5172407702903628,0.7601463301502662,0.3222683732349996,0.25,True,2
0.91899977999921589,0.3887347420610911,-0.065762486845379178,-0.38417077870734323,0.92043138890416198,0.072241754597654778,0.088612736944444048,-0.041126130800881372,0.99521677247550577,0.26710097843140779,-7.099615272936961,-1.1542190765507607,0.4752214567097357,0.3917911591926984,0.841897233201581,True,5
0.65542211020800889,-0.74570694522837733,-0.11976230328715137,0.75418447375426878,0.65467595881152629,0.051040851307617333,0.040343983423533444,-0.12377617215107109,0.99148969848866852,-2.254491715923896,19.365073927087135,-3.0094956231516878,,0.225390974585864,0.8769230769230769,True,5
-0.25563449515495762,0.96377113711115714,0.076132779788588428,-0.96652290417143571,-0.25656746942262459,0.0025708648515119781,0.022010919991768851,-0.072926873685482924,0.99709437391632005,-7.8872671013049507,13.009767916357733,-2.8782202893804349,,0.8630704602513262,0.4278606965174129,True,1
-0.95557086663277657,-0.27183506099092652,-0.11397376215052191,0.28420100726792979,-0.952246770105592,-0.11160589720692218,-0.078192751010426692,-0.13903880192064094,0.98719506950242331,4.5610188141745374,-5.4544483803569532,-0.97108538397042343,,0.2512143272438399,0.282051282051282,False,2
0.16701144600916992,0.98513053250919824,0.040311422947709105,-0.98474456478120398,0.16464164880699733,0.056314026778327017,0.048839728048003517,-0.049101541689200334,0.99759897732903691,-7.9376811702761536,16.792320005128779,-3.0991959840329932,,0.2290448362421835,0.3777777777777778,False,5
0.67888303570854747,0.73237602508445854,-0.05237539220507377,-0.72960972472222707,0.68088131496298765,0.063798781532474813,0.082386123940278527,-0.0050983149923103516,0.99658744411433153,-4.7511854340549791,2.8559211474683308,-2.123274793985241,0.1950518915404474,0.1879291584563997,0.8051801801801802,True,5
-0.19133552359271813,0.97138661146889338,0.14070809667706502,-0.98115260606468435,-0.19323440281902196,-0.00017082053363620675,0.027023712253855671,-0.13808879978534749,0.99005111097855125,-3.7128587391651129,2.5311306906985132,-2.0322355130196526,,0.08841688206437173,0.1724137931034483,False,5
0.61299515129779414,0.77891421738239197,0.13239934457908181,-0.7860383657945309,0.58428828216579698,0.20186849883725175,0.079878858181987172,-0.22781537543220806,0.9704223424531323,-15.611112412484811,24.662726151335164,-3.8149552562581714,,0.3911792311054173,0.4117647058823529,False,1
0.52524550420648952,0.85094568732878828,-0.0029321540561073889,-0.84805545366275992,0.52373929662178509,0.080616975178743888,0.070136351656776397,-0.039857074537100107,0.99674084183684519,-5.0145715310435737,7.5421969073150752,-2.4215136919984723,0.1636139209515858,0.1233416091756079,0.5186721991701245,True,8
-0.18805569159114438,0.98021135354754985,0.061812290336612147,-0.98192963038129866,-0.18899737087105764,0.0097053996865165068,0.021195703324578478,-0.05887016375303479,0.99804060337256228,-9.1161961869985593,-9.1542484192143085,-1.8056260755822719,0.2632166422318199,0.3238218205323188,0.1707317073170732,True,4
-0.84270211165627218,-0.49591138310249855,-0.20958304110644471,0.53141208113299765,-0.82860983442948721,-0.1760878823560359,-0.086338583703667732,-0.25976459034307114,0.96180455736492554,-9.4162007964679777,17.686933697071762,-3.2122737552343326,,0.7030257164618928,0.3333333333333333,True,1
0.23343780220832266,-0.96557355730982863,-0.11478021573508146,0.97214685448597316,0.22921360371901414,0.048904163249888985,-0.020911379992171995,-0.1229993060719719,0.99218641640199678,6.648677555767466,5.0840111080765027,-1.5419623542662555,0.4257945385493914,0.3604349436710617,0.7863247863247863,True,5
-0.58535406459065709,-0.76693937300827386,-0.26299166754266989,0.80761920661677222,-0.58015112885626952,-0.10571605739192726,-0.071497106031601199,-0.2742784457744965,0.95898878930498133,-9.3197722529172822,-12.790503931797366,-1.6777724546278407,,0.4699403465013361,0.1111111111111111,False,5
0.84884539176209206,0.52785692707351572,0.028784812397627216,-0.52153614185346731,0.82729712258156152,0.20875709259536404,0.086380284931583201,-0.19221481604906138,0.97754381531794499,-29.428503740489241,26.770972993663612,-4.6471291502869123,,0.2668430366427328,0.1818181818181818,False,1
-0.13185722211087622,-0.95336272019165591,-0.27150174350447448,0.98943971994346291,-0.14321158789947033,0.022349086995078801,-0.060188982176178782,-0.26568772052934386,0.9621784250254819,3.1285466642051269,-17.252549659251351,-0.49657131085452066,,0.1970573884747103,0.2352941176470588,False,2
0.3653200532113427,0.92998972277848158,-0.040747690094855848,-0.92819876607027851,0.36723905219886499,0.059854232980577293,0.070627964626453599,0.015956004088870671,0.99737510323159861,1.1351059561636783,-14.601128540970938,-0.68522981476637224,,0.08939029545666671,0.3243243243243243,False,4
0.83623505396128706,0.54627255040171396,-0.047929481574185223,-0.54077791974944678,0.83599458444386188,0.093125164654862674,0.090940508233812112,-0.051955321749955478,0.99450010985622017,-8.6696813794021299,23.693374927463651,-3.4553726526432595,,0.5337813882739632,0.7804878048780488,False,5
-0.45705712272176435,0.88238820260215278,0.11175798171873209,-0.88850162604331229,-0.45871980639765092,-0.0118743310081834,0.040787830141995045,-0.10472439604525829,0.99366450766104353,-8.4220188190051513,-15.329354879796671,-1.5123573498849561,,0.2553747067717839,0.3076923076923077,False,4
0.12093617439745799,-0.97417966075262807,-0.19065264303964774,0.99210245264791341,0.11218002515414738,0.056110296794892101,-0.033274091604484884,-0.19593271940212167,0.98005265383834717,-23.955350890010507,-9.4374615079609772,-3.2164727357480247,,0.3846154315993751,0.25,False,1
0.46790237168191046,-0.86644189199898292,-0.17420051195007044,0.88377676997041077,0.45817524474411186,0.094942435003224204,-0.0024477408179109303,-0.19837815628968941,0.980122500339622,-28.790995778912823,25.517993836374558,-4.5683731645974106,,0.2341345593405409,0.625,False,1
-0.69714776571242976,-0.70451403851735239,-0.13283434154667539,0.71209832399139228,-0.70193137457212407,-0.014433376595220239,-0.083072075517700406,-0.10465330822893147,0.99103315552302418,-26.017135199603434,-9.098740702047138,-3.4687601072921317,,0.1404220551763251,0.4375,False,1
0.98837756145681821,-0.1279055120488562,-0.082158237543129634,0.13554425670910963,0.98617493150306934,0.095324492907600894,0.06882986620536452,-0.10535266708743632,0.99205003152850868,-26.105743797080301,-7.0906583817040225,-3.5061076473773998,,0.1802550968320762,0.15,False,1
0.97031132289893229,-0.22633792059448582,-0.085247183854296693,0.23412601669195801,0.96742376937954744,0.096313336290595575,0.060670791671784172,-0.11341250433895102,0.99169383324566784,11.168504822129064,-0.40888650917216596,-1.0264412532072031,0.2613988838207943,0.2424542317502869,0.5,True,5
-0.91869638102224183,0.39263175912032316,-0.042863285300083161,-0.39190218736330656,-0.91967733458355572,-0.02462266827827974,-0.049088033536612133,-0.0058225409716866801,0.99877748421765178,28.048398704750809,-9.7250621363643717,0.21005208572187564,0.7116002815294137,0.693387611574043,0.987012987012987,True,5
-0.77967155393198173,0.62368290873380439,-0.055963357142239996,-0.62536351455171002,-0.78011486896611382,0.018473383163789645,-0.032136313678175973,0.049400613066276522,0.99826190790385949,-29.717766809462677,23.235179215999661,-4.5741000144783834,,0.1463068463521792,0.4545454545454545,False,1
-0.98787850601618277,0.14158367558769397,-0.063640554352648926,-0.1388358046726518,-0.98925918217388287,-0.04572624875885619,-0.069431093122110127,-0.036336390736259536,0.99692476647745565,25.338361194680658,12.20177406086917,-1.6109184851301206,0.5594391542328722,0.4806493814840366,0.1111111111111111,True,5
0.54700729348048904,-0.79660336921982344,-0.25730544694346369,0.83710964450884062,0.52254249190784186,0.16185421595072899,0.0055194156785149176,-0.30392830782664615,0.95267891744921018,-32.180436531494045,-17.682319781329245,-3.794591062520813,,0.1929938043290904,0.3157894736842105,False,1
0.7976249088751165,0.60262448002842806,-0.02526342835859919,-0.59665930061202388,0.79447405857317421,0.1131753031691993,0.088273346685927317,-0.075197781381742462,0.99325379935851776,-13.029537647152686,28.924938055238147,-3.9033217838054739,,0.4008960241209067,0.7424242424242424,False,3
-0.92383428009328261,-0.32912040037787138,-0.19547374498800768,0.37307684606611458,-0.88846135826285932,-0.26730148110902141,-0.085696498492573867,-0.31986899963707882,0.94357826025046143,-6.7788845651517118,3.2963959231041318,-2.2712386235842841,0.7325502401123639,0.5049404239182352,0.2150997150997151,True,1
-0.65111122705622482,-0.71069341157180177,-0.26640015906483805,0.754603264376842,-0.64381776532915946,-0.12677775214280018,-0.081413041910685685,-0.2835728474219652,0.95548854352726165,-15.027279126227079,-17.206337306417144,-2.0338314516087697,,0.556425952941167,0.2758620689655172,False,1
-0.63097977421137252,-0.76569485495748502,-0.12480350006230119,0.77174039758188473,-0.63593768332734413,-0.00014718832944222993,-0.079254547354200192,-0.096408775616569145,0.99218146762968418,-2.7905689184532854,-20.795617342618804,-0.78703983319728565,0.3009336676111615,0.2759097649191684,0.6481481481481481,True,5
-0.93304137446050373,-0.33401765414552359,-0.1336637582292855,0.34593631344539721,-0.93498077403444191,-0.078351893568472109,-0.098802128441968992,-0.1193447062298062,0.98792458240002257,22.181436205327522,-11.637157366806013,0.077103632055676788,,0.2106526894147666,0.3157894736842105,False,2
0.28332464723266693,0.95895856127984846,-0.011208122883289144,-0.95671439965026361,0.2834336185385507,0.066052565309594385,0.066518431823967272,-0.0079913472096611732,0.99775319423064435,-1.0530171069895475,18.0992416311603,-2.8509589252240986,0.2661111229942198,0.1562259898996826,0.4473684210526316,True,5
0.97273556644270931,-0.20875396996544809,-0.10103117242241336,0.22610173751854412,0.95057027200704025,0.21282425206624783,0.05160932152700716,-0.22986504301465072,0.97185314730744987,7.6628793529243566,-27.787597093750964,0.1733798521304023,,0.335871269078476,0.375,False,3
0.052323769539453238,0.99740747493806059,-0.049401944079794549,-0.99737087566558791,0.05467739110802404,0.047557536476122396,0.050135411788871653,0.046783670648006356,0.99764609388573144,-7.5591520252751172,9.8517220940017189,-2.7005235828837182,,0.1084194667072253,0.4347826086956522,False,5
0.35071214647017601,-0.8905943424883731,-0.28955605233872206,0.93630112463976278,0.32736323835895548,0.12717513188298138,-0.018471445980156664,-0.3157135209313035,0.94867474846997046,0.073294702162212746,-9.664974478829194,-1.0076069018905986,,0.6254936795021669,0.3626373626373626,False,2
0.98130110622879674,0.17945999117765016,-0.069586280836513956,-0.17439471678383148,0.98195706501273672,0.073121851928542356,0.081453186997364924,-0.059619074448452859,0.99489242850163595,5.9693111348734043,15.35979327171097,-2.4332927901951162,0.470553791393819,0.3708939637645743,0.9381443298969072,True,5
-0.064117926726930882,0.99776766186243526,-0.018670415469606447,-0.99751571626450786,-0.06353230700694372,0.030430934452956714,0.029176827749853439,0.020575201285607136,0.99936248369373515,-8.1940787806259188,21.553792161305921,-3.3413289076165058,,0.127251349305684,0.4375,False,4
-0.95644670741242288,0.29057160354778344,-0.027889766790084841,-0.28677711499435526,-0.95317306363431897,-0.0960208158551107,-0.054484696892337772,-0.083840646309749231,0.99498852447197283,-9.2988439451391294,-20.633437028367478,-1.3742337602611618,0.4033644771519899,0.300347416791981,0.3333333333333333,True,5
-0.9773584335168487,0.18430163950032569,-0.10393939633739888,-0.16584549079349617,-0.97231681669571901,-0.16460644323405785,-0.13139926033640859,-0.14364161530766331,0.9808676367047946,-1.9028828068500754,3.7967520957761898,-1.9858501884582989,0.8947192738037999,0.6446206577622673,0.8764397905759163,True,5
-0.50320273772329449,0.85831026903716767,0.10045141518728171,-0.86395963048168278,-0.49711596194391372,-0.080308637633401125,-0.018993726483679856,-0.12719749386652129,0.99169553589211079,-7.6049644190989971,-13.261603948485922,-1.4846670704741476,,0.2284329717737795,0.1333333333333333,False,2
-0.17074027148796972,-0.9798797866668566,-0.10336035687791012,0.98369098128090315,-0.17554053518821344,0.039211909574104378,-0.056566889951866602,-0.094979598796531534,0.99387074751882198,15.790042426107886,-16.294728518878671,0.077474591896603232,0.2300415954520085,0.2404391602809018,0.8888888888888888,True,5
0.96296625523320822,0.26951824947470826,-0.0074769299996891372,-0.25789898357843782,0.92883116287610545,0.26600899447091914,0.078639084120684016,-0.25422939261680527,0.96394154925407682,18.805776472397191,26.752797463191545,-3.3165560517379675,,0.5417018798749924,0.3461538461538461,False,5
-0.59241183935814157,-0.79546714961396858,-0.12759399074145861,0.80179253156838881,-0.59759522525026854,0.0029467065064271436,-0.078593567863139174,-0.10055824502798653,0.99182210625062872,-21.622416706769709,-2.6730311534216096,-3.1906226416009296,0.5295909038263786,0.4783524354167013,0.8881987577639752,True,5
0.27265237952079174,0.94018787655940772,0.20422398662342117,-0.95942629143932423,0.24984415056001066,0.13068699907004055,0.07184616368767506,-0.2315699833779411,0.97016156982314306,-14.639794904246532,-12.823281253714022,-2.1529387006485718,,0.660305916845023,0.3142857142857143,False,3
-0.63570853974648234,0.77166387816711957,-0.020236393588724609,-0.77192098229561834,-0.63560409919005789,0.012059277945414018,-0.0035566255305633648,0.023287082790205152,0.99972249258979828,13.871991966876951,2.9060012342610668,-1.188705676164195,0.5183888080153396,0.4146825676326348,0.6967213114754098,True,5
-0.66223225318688328,0.74875680384256416,0.028490200745005301,-0.74917495333873951,-0.66095333820535496,-0.04333098204627113,-0.013613674335773547,-0.050039318687053226,0.99865446199194152,-8.0506460143658476,-19.000871278686084,-1.331029902268283,0.2741553539536472,0.1908953683941002,0.7755102040816326,True,5
-0.99504048344102547,0.072962521101382988,-0.067608481923349173,-0.072249783852109964,-0.99730273813474579,-0.012931250607009892,-0.068369620788570826,-0.0079824196499649301,0.99762812506953635,-10.32143913036859,-19.223637915030391,-1.5226761429527444,0.5437171533791856,0.5962476197115224,0.9594594594594594,True,5
-0.95175918299353168,0.30280037679335453,-0.049662756682327391,-0.30104588176099562,-0.9527774019863241,-0.039832139522445055,-0.059378739143148646,-0.022959836192653633,0.99797144811852045,5.2521168929174245,-12.763414471335748,-0.56803916672239196,0.1262851979963265,0.1468968400417534,0.5,True,5
-0.76550990363894911,-0.63310257179609619,-0.11478554358392139,0.63927434705199782,-0.76860059107986733,-0.024113079291553777,-0.072958184132619924,-0.091838254430535615,0.99309759761627836,13.013585150776656,-1.8672719934049875,-0.84206518135775599,0.7889582940651914,0.609811569830056,0.8333333333333334,True,5
0.51315047570778038,-0.84951868178190437,-0.12245243396688428,0.85828790024377111,0.50860919200772314,0.068253718582865969,0.0042976244620467133,-0.1401238705887988,0.99012465443256004,2.4589155713626418,-10.644466657401331,-0.81931653362590218,,0.08801404323084133,0.4166666666666667,False,5
-0.99505267130971975,0.066882908106674091,-0.073463310043762567,-0.068152477765195604,-0.99756349357076113,0.01491026724654352,-0.072287074182431188,0.019843207857930142,0.99718645498625347,-8.2141853545868688,2.8206822307787838,-2.34210056091732,,0.08252479389142091,0.567741935483871,False,5
-0.59755780794848889,0.79964062401643088,0.059156898012054454,-0.80168741113776598,-0.59445558179066971,-0.06260875418934278,-0.014898355044170215,-0.084837690329994261,0.99628339608589689,-7.6053974534700277,7.3360624815258211,-2.5470617130595881,,0.09525177387858716,0.2612612612612613,False,5
-0.99213911116455167,0.1061515149289811,-0.066270958766978402,-0.10291143408195755,-0.99340592186414078,-0.050536235914934516,-0.07119846088790939,-0.043318936777549215,0.9965210729752052,3.3577411929918419,-11.620436891435322,-0.72455916895868444,,0.08032655762722153,0.2,False,5
0.58706465268581498,-0.77282696796310812,-0.2410260798250512,0.80946103807685266,0.56454592140521764,0.16143336229007216,0.011310234410794512,-0.28987304154350491,0.95699827501615187,4.4867466492782944,-23.534631352704604,-0.11539352904324167,,0.4444857580808805,0.1458333333333333,False,2
0.45066485052286925,-0.87755237421858945,-0.16371628815275399,0.89265590212382206,0.44132566738426804,0.09163566833572262,-0.0081628981804313383,-0.187439285666442,0.98224227219263416,-21.108646968483395,7.946083301677155,-3.5240903029181117,0.5271286401136384,0.5472130059495762,0.532258064516129,True,5
-0.60102506249895471,-0.78219789520962002,-0.16411985552567462,0.7952793617618098,-0.60570166331598085,-0.0256170219186964,-0.079370088848736531,-0.14591760615462054,0.98610772292394544,-20.759340916554688,-13.324973505641918,-2.7590042443675369,,0.1701545441640207,0.3181818181818182,False,1
0.96532393550577311,-0.23429328613464279,-0.11513624803630235,0.25324650032672169,0.94751422126269003,0.19514868838202923,0.063371204911333898,-0.21753955175367312,0.97399211178063305,3.3555540049143122,-7.8888176016356963,-0.91688587577360281,0.5668016326031834,0.3810877903756087,0.7152777777777778,True,5
-0.18383129747037402,0.98138589345674909,-0.055567816174978357,-0.98273394342953813,-0.18228908264686594,0.031696794462413934,0.020977380717984561,0.060435241969081482,0.99795166768052967,-13.371304723020495,-13.284933429972597,-2.0279604435255862,0.273860357738814,0.3180791552907755,0.8125,True,4
0.40068739387612567,0.91186521551869948,0.089170853510526712,-0.91403546546408398,0.3911277531802187,0.10750929525417935,0.063156791104480969,-0.12458294192717995,0.99019710680154727,5.923934414110942,-14.154734450659667,-0.46644360109156829,,0.3501363413807811,0.1538461538461539,False,7
-0.96960219919469326,0.24269982851643992,-0.031118620710221964,-0.24225746617525257,-0.97005717956958337,-0.017331717971778529,-0.034393246417899474,-0.0092661536571315324,0.99936542015282959,-22.380280575279297,-3.5830235215815036,-3.250027798764076,0.2722944679525436,0.3785385048503938,0.4,True,4
-0.45737677765945972,-0.88071206194756446,-0.12309649547374196,0.88678287144487955,-0.46205702946246302,0.010928880834608527,-0.066502798210464079,-0.10416124742144911,0.99233452644044595,-8.5169793116917543,3.882798412147527,-2.4259051524634683,0.1195084868118265,0.1691477911763822,0.6355685131195336,True,6
0.45024504890601269,0.89223645486671288,-0.034547135083858774,-0.88988396850602081,0.45156572920131577,0.064768161984569486,0.07338881748330435,0.0015813974086427846,0.99730215113105913,-5.7129326844559376,5.7052728801972297,-2.3360420936818964,,0.08192090017093714,0.3061224489795918,False,5
-0.30967004342052562,-0.94124345070116711,-0.13477845050336912,0.94923237520872228,-0.31427326775496689,0.013791701498428687,-0.055338612772066365,-0.12366519189640299,0.99077977283031404,-10.899141547797628,-6.4550285551019773,-2.0901615206866135,0.4702574465237898,0.4012959730299085,0.9491525423728814,True,5
0.99667604731802339,0.040263847162171636,-0.070821460830901253,-0.029898949081983133,0.98944975031673532,0.14175769623531428,0.075781986951481917,-0.13916901310942734,0.9873647128816353,-21.868030096850092,15.685858325150573,-3.7958362172070479,0.2621414591214972,0.1538318796227192,0.3448275862068966,True,3
0.44052197931304982,0.88750723983657642,0.13517131714892799,-0.89589659556866907,0.42495591186105003,0.12954444419894406,0.057529781770686274,-0.17816669781978503,0.98231713412594601,-5.131183411034927,-22.185668438406292,-0.9530808582225937,,0.3380047912335744,0.25,False,3
0.22140752959834861,0.97099983572895432,0.090211001831812077,-0.97319667221473383,0.21411054399382989,0.08393397488998941,0.06218474915382026,-0.10637666080963915,0.99237949545910442,-18.186800821215158,8.8724783974504486,-3.3238911885144553,0.4049919823850285,0.2386891017235332,0.1891891891891892,True,5
-0.3720305572363285,-0.91241345001544849,-0.17057245004201099,0.92576180757491688,-0.37809270868531025,0.0033134988499229669,-0.0675154805807541,-0.15667673684983546,0.98533956584115612,15.19939279407326,-17.234642855900205,0.09158234500409268,0.2094471329386587,0.2012920975999874,0.4736842105263158,True,4
-0.25106222461165806,-0.91095313880199325,-0.32731046161074862,0.96609412672161377,-0.25686204543721153,-0.026153927579124596,-0.060248632242131214,-0.32277897781703169,0.94455483366099202,-0.31503600591551961,-28.792285471907981,-0.30071409119821302,,0.6232690654375649,0.3,False,1
-0.28567130014974279,-0.93174851917185397,-0.2241352388443496,0.9562911817488724,-0.29239724676538381,-0.0033205110102190391,-0.06244264552452411,-0.21528712712347953,0.97455239413528616,22.533133542470825,-20.893195736710162,0.54488335649478858,,0.1429317980278487,0.2727272727272727,False,1
0.24506435889985095,0.96555648601815114,0.087430728610053993,-0.96764807771797834,0.23801637374657528,0.083698288615906891,0.060005480463922095,-0.10511364391367288,0.99264820766346196,-13.464220232304761,13.924450621197286,-3.2133688958418669,,0.5086170887278978,0.2802547770700637,False,3
0.77571792675989626,-0.60910580498294453,-0.16508124193683188,0.6302516993108056,0.76112147120921414,0.15322173990711208,0.032318626504996839,-0.22289958367031557,0.97430553830943101,6.0204948320133473,-1.6032775071490659,-1.1432923220889626,0.6269551369273259,0.2370863854272259,0.2706766917293233,True,3
-0.99457061325913565,0.079464495941870272,-0.067191436404136232,-0.064035727846130583,-0.97629350559938155,-0.20676173844231024,-0.082028780318635086,-0.20133649646592774,0.97608139742045197,2.637099281990773,14.769182790706971,-2.5229877643839442,,0.4451529881379616,0.4838709677419355,False,4
-0.99085231235949911,0.11632118815838967,-0.068418391367051148,-0.11545175423697142,-0.99317535808248814,-0.01654087486585349,-0.069875514562974125,-0.0084905408038823196,0.99751958536232144,24.708218552841196,-6.7448229868003189,-0.1566232888214088,,0.07063105714473539,0.1818181818181818,False,1
-0.98873500547480453,-0.11385516636574772,-0.097160125774754927,0.12646795163025548,-0.98267990899755864,-0.13544760486253293,-0.080055893969061778,-0.14620943042217691,0.98600905487547974,-10.830736331440674,26.236920092120684,-3.6746760112838626,,0.6909284920926896,0.2083333333333333,False,1
0.78361630735789933,-0.60616455086485166,-0.13605153478584125,0.62038670595428469,0.77504626916974029,0.12009835852857517,0.032646866893503726,-0.17851559573572001,0.98339532445561217,-15.300216331174141,15.400603453566747,-3.3707521451685909,,0.1450414771483278,0.2,False,1
0.65813587702287091,0.75283329196608151,0.0099600141992387953,-0.74665650134312089,0.65092180608055838,0.1371308549192099,0.096753482507795446,-0.097687444824481662,0.99050286559215817,13.194133730014181,11.971755832580612,-1.9030417313499211,,0.3312653567959923,0.4642857142857143,False,4
0.92899650118188171,-0.34996735867112216,-0.12036755649501191,0.3660545144042997,0.91680301114297769,0.15961306727019925,0.054493974676601609,-0.19234106847973717,0.9798139211605531,-5.5688746536334301,-23.531082461770616,-0.91577157126424347,,0.3000385712103604,0.1428571428571428,False,1
0.057844830837293026,0.99809079195548878,-0.021650555629662234,-0.99719023399975171,0.058799450246865143,0.046414026610386183,0.047598453345966733,0.018904911116812098,0.99868763463594568,21.713916067738307,13.469728725542584,-1.8156633864926328,0.8006293233474069,0.7306492727959819,1.0,True,4
-0.3636825089563902,-0.89814257373939055,-0.24713346579524287,0.92907823594747752,-0.36893815851468126,-0.0264247361485207,-0.067443785243031185,-0.23921653878563526,0.96862107317749002,-17.672861113932008,-15.843463343645308,-2.3460961826725173,,0.4236463419924243,0.6491228070175439,False,2
0.99143111016329222,0.11174960682106969,-0.067648940684383041,-0.10513365846094996,0.98995571273943184,0.094523016631825302,0.077532365235423867,-0.086600878690116859,0.99322153629041943,17.319315353557901,2.1026909937184679,-1.0563763833052191,0.1443835483121871,0.1111549132813061,0.3888888888888889,True,4
-0.34204800601910079,0.91641482514853834,0.20781489317739099,-0.9395731356266277,-0.33691335483379686,-0.060759477807024072,0.0143347266141815,-0.21603994904324844,0.97627929202164621,24.464712357263299,-10.755075026475915,0.12128174253514476,,0.449630924431274,0.2162162162162162,False,1
0.58063753538586982,-0.80397992120273876,-0.12836019166338006,0.81405277256258446,0.57588333361820809,0.075342348940997547,0.013346759314166994,-0.1482385657095224,0.98886156344161347,22.490392540962468,1.0179718826023179,-0.76395371870734863,0.145379847146394,0.1178732180902072,0.2173913043478261,True,4
-0.99162237105646467,-0.10255750021645445,-0.078530455045832295,0.10201890833892135,-0.9947232816923941,0.010850585258283363,-0.079228880855962427,0.0027480917860347072,0.99685266335093148,-34.162116225224274,11.043720437984645,-4.5780946470736374,,0.4246747982695405,0.9473684210526315,False,1
-0.14316963510601724,0.98417902185332917,0.10437484623909181,-0.98934209105008775,-0.14514871541671909,0.011579174820150088,0.026545855801785756,-0.10160464239738476,0.9944706200703215,18.470402062033511,-13.637299375837053,0.046732807219482579,0.7581047567359456,0.5461643852883507,0.55,True,4
0.72496997095289961,0.68718903701922396,0.046794963587376545,-0.67762773829582812,0.69940693850593738,0.22726764543558139,0.12344711219235974,-0.19647178364931694,0.97270738082993036,-4.5032565983256321,-18.051668257680387,-1.0341711636930877,,0.6844290011290239,0.5,False,2
0.99399017910661147,-0.00041637031064315454,-0.10946849078786236,0.024131329817997545,0.97622705335730753,0.21540292294796076,0.10677641481536507,-0.21675001021701132,0.97037015118464143,-26.470266130792584,-2.046790567125675,-3.692383963216332,,0.7686965095270435,0.1621621621621622,False,2
-0.71159024690956152,0.70145250498046807,-0.040046270236013218,-0.70219445545988479,-0.71195234605590152,0.0068413205518744295,-0.023712174606831546,0.032988485902272491,0.99917440548349246,16.572853143723577,-20.699390399985724,0.30357422358524949,,0.7301141254078631,0.1428571428571428,False,1
0.48598952192005263,-0.85433495081249688,-0.18419005511733688,0.87395355511189698,0.47400666954579213,0.10734458874756136,-0.0044009193580107908,-0.21314189885218471,0.97701134223840491,11.964760125550558,-20.117180542082892,0.1018216435058153,,0.2681290179459285,0.7142857142857143,False,3
0.17983959153163098,0.98240447408251508,-0.050390183770180272,-0.98192876965847697,0.18234995842675036,0.050639747024952941,0.058937361959329228,0.040372539732085044,0.99744495858210414,-5.2362761615347937,4.1633363257168137,-2.2294564608685126,0.1382959166604607,0.1300392614606613,0.6161616161616161,True,2
0.76282498245207497,-0.61809911442024779,-0.18987240689446433,0.64489268891835516,0.74862061902321775,0.15388498481966176,0.047026225945156035,-0.23983463787826742,0.96967411048617513,26.171515652856726,2.6026881934272326,-0.88616951718397141,,0.4193478356521976,0.3076923076923077,False,3
0.23349965606232601,0.95255199672953483,0.1952501066461978,-0.97055834964393051,0.21611316824561375,0.10635595163079781,0.059113454942382515,-0.21433569940030786,0.97496964435173838,25.422478468217928,-12.429252084536682,0.23850644051094094,,0.3058683220686277,0.4545454545454545,False,1
-0.93738134271121187,0.34584957323940663,-0.041283059807212835,-0.34376046709553187,-0.93771359360763318,-0.050219096225641156,-0.056079939365047092,-0.032882959927274823,0.99788463829604779,-8.1828991034868039,-16.44890372877849,-1.4420668384765349,,0.1066997330955058,0.2666666666666667,False,1
-0.71438170871147222,-0.68423540461399646,-0.14656290571354569,0.69474065131300911,-0.71856189294487605,-0.031689642166685621,-0.083631343835031832,-0.12446170929324782,0.98869362354985879,-1.5434519770471351,0.70423924864210374,-1.7691346094180698,,0.7216044823214003,0.448539176626826,True,1
0.51809136517040211,-0.83228959683483827,-0.19716836545544184,0.85519295610731527,0.50811480947810816,0.10229539683415242,0.015044771859345281,-0.22161535910114089,0.97501809596036315,-17.129116197909227,0.51322469834802198,-2.9052716076567346,,0.2115908926581639,0.1666666666666667,False,2
0.83579051090793099,0.54457910052641179,0.069912982672060378,-0.54221030236661238,0.79862820213907404,0.26115317872010824,0.086384083509441989,-0.2561768881416791,0.96276227185026253,-23.675670613785218,3.3298695708706525,-3.5449789262604869,,0.6158995492183293,0.391304347826087,False,3
-0.85686181903412906,0.51548780890729096,-0.0077551240792730625,-0.51377196639348932,-0.85506332769839399,-0.070036220439976288,-0.042733940020688505,-0.056026997896639716,0.997514303595191,-17.223276656475434,15.651622363850077,-3.4883790289310159,,0.423086486929346,0.375,False,1
-0.27300832339136871,-0.95113051026000228,-0.14428169603793178,0.95835866322437724,-0.28195316224532485,0.045288927152745191,-0.083756360843932218,-0.12590935927249339,0.98849972446418588,16.842226352126605,-18.243184182394007,0.18966827705241587,0.2032082947705446,0.1243069316074181,0.2105263157894737,True,3
0.041201946763749081,-0.92646810652541534,-0.37411127645940973,0.99836729618227082,0.02334906154211825,0.052130252625556261,-0.039561869225039507,-0.37564833144353793,0.92591748530152873,-7.7909058803469513,15.349661596968661,-3.013241259837637,,0.1390280313132237,0.2142857142857143,False,1
-0.43020831189174952,-0.86929144495824673,-0.24341978576454137,0.89993743436503448,-0.4341835101253696,-0.03996615772991375,-0.070946618014748192,-0.23625635072441337,0.96909726763346749,10.557107445048393,9.8106110881524291,-1.8785576371735095,,0.6401184457515607,0.4347826086956522,False,1
-0.11076446979143956,0.99029939969509284,0.08389476262174568,-0.99314625750333951,-0.11345999993968425,0.028059572712284042,0.037306077774678786,-0.08021176582786739,0.99607947935084162,27.093244246971555,3.3248920120489895,-0.91991092386329132,,0.5754558888595737,0.1428571428571428,False,3
-0.95627482485400561,0.29241096673605904,0.0058554148380218357,-0.28625643212513574,-0.93166758140174177,-0.22372477026922385,-0.0599642761769828,-0.21561851566484938,0.9746347732792312,-27.749235097260875,-0.8778699758503905,-3.7993337059329142,,0.6119387995009806,0.125,False,1
0.28050394044759208,-0.95084113189955599,-0.1312199728751087,0.95963914098655978,0.27492368297595537,0.059242616632905212,-0.020254838433093225,-0.14254160945810498,0.98958154342789839,25.140360988525206,3.8584960702756042,-1.034577158007941,0.09834468951975697,0.112770201362186,0.3125,True,3
0.96550456662545781,-0.22791770187286092,-0.12591446699398925,0.25287550899850919,0.93604072826175244,0.24470744161948327,0.06208791165864417,-0.26810683730222473,0.9613864025550114,29.727423271221067,-8.9591757595839621,0.21507082653400256,,0.6203064050904805,0.3181818181818182,False,1
-0.53751738997569865,0.82803107434839229,0.15949794790893218,-0.84325026103786249,-0.52736157843238274,-0.10401328209840632,-0.0020131401564652956,-0.19040563412555192,0.98170343880418232,16.450254607094635,29.375727366873534,-3.5427108879138385,,0.1448042759577422,0.5,False,2
-0.35681283254520912,-0.92023183642899331,-0.16080413475277153,0.93178690393144659,-0.36289061774884412,0.0091414009709420187,-0.066766520000025392,-0.14657341768678675,0.9869440029883666,-23.435181693764271,1.8306762728556503,-3.5086683921692412,,0.7681154476415377,0.125,False,1
0.79087322604706856,-0.55309890785224258,-0.26191819038501002,0.61105729265296249,0.73719579864825935,0.28835973982334312,0.033593532376536409,-0.38810301800940822,0.92100354070679591,-8.2254649807764331,-29.269287822868051,-0.93585749189838729,,0.5488928197558102,0.1176470588235294,False,1
-0.65633978585153752,-0.74205976965492393,-0.13625484860377851,0.75003830245796732,-0.66129538275220434,-0.011443845358353327,-0.081612685008693106,-0.10970740636026512,0.99060771985452201,-17.561981263851436,-16.585515715290999,-2.3181749890276073,,0.5775428693181255,0.8809523809523809,False,1
-0.62089768610845986,-0.77774947390392613,-0.097937833482912573,0.7806254709661411,-0.62485914278070032,0.013225950334815346,-0.071483826590713825,-0.068240805428529852,0.99510464525617315,23.500247894800754,12.187391364125563,-1.6596270164625877,,0.1004775344483071,0.2727272727272727,False,2
-0.67352047702016127,0.72727018878984095,0.13209178449897724,-0.7389173848990116,-0.65779531072914088,-0.14596721370485632,-0.019268246638986505,-0.19591682337242661,0.98043119747951557,-4.2147946529361864,16.480471026396085,-2.9120486210838332,,0.4625804659186337,0.3541666666666667,False,1
-0.26833463808606761,0.93954071502512426,0.21274342954201458,-0.96309889098259771,-0.26644030925849704,-0.038080018255346737,0.020905697580089366,-0.21511114897260786,0.97636578463011237,33.001068623523842,4.5046009798075834,-0.77429899714608363,,0.1702318976131741,0.1428571428571428,False,1
-0.82099484377915255,-0.5301360369202911,-0.21195105294971689,0.56440460725899577,-0.80959595711448917,-0.16125081559078724,-0.086109847246785221,-0.25201223895343478,0.96388532804728033,-29.003273130536833,-0.61592160982807365,-3.9567965692390201,,0.2007816431203093,0.3636363636363636,False,1
-0.42220622120903212,0.90446855603196752,0.060650951532834577,-0.90618972718705426,-0.42286591610281826,-0.0021436742236182679,0.023708334252800736,-0.055866341816631609,0.99815673455574361,35.942395475404311,6.4286321304852772,-0.78559405866810805,,0.4316554777900358,0.4166666666666667,False,2
-0.97558047856510166,0.21959517462642264,-0.0045485298151126674,-0.20990121198166434,-0.93821268216189591,-0.27513350257504154,-0.06468547790127574,-0.26746013219052467,0.96139527075876086,33.309008051145597,2.6768982004292443,-0.61341707198406403,,0.06983322089479685,0.25,False,1
0.84662370787700181,0.5321879342339354,-0.002073623980962877,-0.52502728227136097,0.83585680321026301,0.16028024643688682,0.087032465961540587,-0.13460834737465888,0.98706937075654289,24.618737822869399,13.431744826990778,-1.7590823381299729,,0.1324578542105377,0.2142857142857143,False,2
-0.99005478577337769,0.12888725351764183,-0.05638791579682717,-0.12230352241340108,-0.98662555279823805,-0.10775837308926658,-0.069522439345190035,-0.099790252260679363,0.99257671541359671,2.9748267264469335,35.505041091562916,-3.9364323113037258,,0.1922731305327116,0.2,False,1
0.46398133558820637,0.86087502106524472,0.20884328653729778,-0.88285128948907066,0.4300131739678773,0.18884456799590044,0.072766206945741568,-0.27199791969790438,0.95954270921452112,-5.3848140251798613,-11.976726338519512,-1.3212020272263674,,0.772870231746253,0.3709677419354839,False,1
-0.67625985586542969,0.71843930899702768,0.16284215250586381,-0.73640283206388113,-0.65342099743490367,-0.17536210833436064,-0.019582550221171665,-0.23850777639114898,0.97094313135620158,-8.3230806475934713,5.0696372065189594,-2.4755364106380413,,0.3225480183515327,0.25,False,1
0.057058372389912126,-0.96768405678309188,-0.24562554506409101,0.99763464960557968,0.045817383973741001,0.051243274994431612,-0.038333380317502275,-0.24796841245130485,0.96800941027441101,15.129307995350862,11.450681958228293,-1.8316154514054792,,0.492335975963359,0.5934065934065934,False,1
0.13626133180297936,-0.96928518102357941,-0.20474151338545288,0.99015487984154582,0.1265671300278029,0.059783572346417527,-0.032033784997287797,-0.21087199777261201,0.9769886576486625,16.213967932457443,-31.439966289779047,0.78468164309223665,,0.1798428947602951,0.4545454545454545,False,1
0.34472950651065715,-0.87263874191921864,-0.34592368152897907,0.93859630545708839,0.3149006540221268,0.14097713814211604,-0.01409051891249068,-0.37328166871423057,0.92761104622503099,24.519324524442368,-16.851710961671156,0.42326170205922475,,0.3991259203817325,0.2727272727272727,False,1
-0.95294113481655007,0.30153150568567105,-0.031335996130324645,-0.29731095880391634,-0.94976248688236131,-0.097762018627532518,-0.059240082289303636,-0.083844913918294808,0.99471636312086054,-22.022565473157229,6.8692834528149218,-3.541261056802703,,0.8157295724774559,0.6326530612244898,False,1
-0.22275447184416275,-0.9569359231992115,-0.18615607474455803,0.97312306833385409,-0.2297041526131304,0.016355309498428339,-0.058411806597072638,-0.17750955231524035,0.9823840489782546,13.365433121854371,-28.759059046545055,0.49657307528974065,,0.4482373579147109,0.475,False,1
0.96912172470441071,-0.23351406877908376,-0.079210241687467084,0.23840440471297819,0.96936515073797092,0.059114671175623246,0.062979540482605206,-0.076173382601725792,0.99510360931091579,5.72003035057263,-18.436392478363011,-0.28934711859889028,,0.06148268608312334,0.1666666666666667,False,1
