axis_00,axis_01,axis_02,axis_10,axis_11,axis_12,axis_20,axis_21,axis_22,location_x,location_y,location_z,dbh,dbh_approximation,score,reconstructed,number_clusters
0.74199757987461024,0.65983486885615683,0.11856448583702266,-0.6621043366257956,0.6935214123762099,0.28398221422656056,0.10515435740631263,-0.28921617592604171,0.95147073770094504,-15.766656019278299,-21.063397390507745,0.64132079806267106,,0.3892317517505166,0.4444444444444444,False,3
0.98772413826504757,0.15412461934355415,-0.025428889098296371,-0.14954707746234139,0.98002195885162768,0.13112067644384293,0.045129794050509833,-0.12570824110146067,0.99104023117537232,-15.641578157655395,-4.5008340871326373,-0.9368265954973849,,0.6693813828353224,0.7828571428571428,False,3
-0.69286896003456144,0.72002625931461572,0.038662515671212379,-0.72001995130102392,-0.69375462196417814,0.016607053676399364,0.038779813680520941,-0.016331270640756481,0.99911431560665886,-3.1570689837517167,-20.228646088803931,0.6417645129708397,,0.09260928810628322,0.1428571428571428,False,4
0.96707458371554167,-0.24366489682518955,-0.073444997015319147,0.25331393388201723,0.94938627358240002,0.18573571125268318,0.024470399110506112,-0.19822492675870224,0.97985104887369423,-1.7596886527888931,15.217223920237823,-2.4688502803997512,,0.188708331462064,0.2666666666666667,False,4
0.082937922083173007,0.99654592971099987,0.0041846214841741855,-0.99332164349689511,0.082330154699546645,0.080832284316215003,0.080208563390415169,-0.010860736788495438,0.99671893267623768,3.0603742726629055,14.667006896344065,-2.2909422186925066,,0.1078062691569904,0.3870967741935484,True,5
-0.5800047731830047,0.81458654084289517,-0.006574995250056925,-0.81371442572465724,-0.57896704500002227,0.0516332661327399,0.03825305808067455,0.035297709296059902,0.99864446890068359,4.2013237107254753,-6.419455405885695,-0.65002289661916712,0.2527533312795646,0.1464952401482334,0.3939393939393939,True,3
-0.99940314253180329,0.011532000679203243,-0.032563348382668458,-0.0063581813713334025,-0.98793647492808523,-0.15472910209885438,-0.033954855723525135,-0.15442970720364443,0.98742014021681346,1.3364590789878534,-2.2646464585379737,-1.0565660065444193,,0.2488593010181396,0.1,False,2
-0.1692896393109678,-0.97498542337340777,-0.14402931032029448,0.98271127019894178,-0.17810256918553144,0.050577013291569911,-0.074963840923108344,-0.13297706215317823,0.98828008352650976,8.938564924323023,-9.3114304123751594,-0.35297397323939378,,0.1490064446276563,0.2777777777777778,False,6
0.86585096618351909,-0.47694231650450303,-0.15108981132553248,0.49899124403580758,0.80141436224420226,0.32976166903434262,-0.036191749538582084,-0.36091695265813828,0.93189543970839339,-14.188215619149798,8.7172693811508495,-2.1970121003889429,,0.4049122729845388,0.1323529411764706,False,4
-0.10401930276627365,0.9835179392113067,0.14789336665842226,-0.99173048516005879,-0.11380748079714544,0.059316963162333432,0.075170668855694775,-0.14050025111775302,0.98722289781975558,-20.654788727356628,-6.5800057252902029,-0.84440300667681467,,0.09804839638447232,0.3157894736842105,False,2
-0.84384391810774773,-0.53109503625372412,-0.076586580673254689,0.53017379955922639,-0.84722352055166228,0.033586433049384315,-0.082723540383004751,-0.012262491211132633,0.99649708839303641,-9.268113937284415,29.005203938753262,-3.8437661019949805,,0.2530184868521774,0.575,False,3
0.48304127306764161,0.8754443009186238,-0.01638305534063635,-0.87166880766532784,0.48256019356367147,0.085610451062341442,0.082852991837941356,-0.027072782954360865,0.99619398018990668,4.2799567226965483,-4.8517825074547174,-0.79515575615845613,,0.07475321684469224,0.2903225806451613,False,2
0.9371918472468066,0.34816520555714137,-0.021270427674846312,-0.34271878018882751,0.93045087472350774,0.12963412911783834,0.06492518124733708,-0.11420227390736001,0.99133372860726765,-0.92243511909075071,-12.564275623876753,-0.11113471142784227,,0.1123008335349948,0.2424242424242424,False,5
-0.8685086243516642,0.49506722690025584,0.024519589639117045,-0.4955904546173393,-0.86639055607911775,-0.061298496140573658,-0.0091033355952034583,-0.065389947134156051,0.99781826205719115,-15.569511998667455,20.316808329957507,-3.2677974733039807,,0.1833189499620758,0.2105263157894737,False,4
-0.44290104436889299,-0.89484017557061912,-0.055675174734240766,0.89278772016577435,-0.44587952680173754,0.064199176788012277,-0.082272423193581412,-0.021272229873780076,0.99638282834363112,-5.1776736497613038,11.316126810923921,-2.2519984871805594,,0.06731703692906181,0.2,False,4
0.84590036187420103,-0.52459010624139035,-0.096217452755430491,0.53231876069083528,0.81926248812146008,0.21318000040718749,-0.033004769317023092,-0.2315473946963818,0.9722635903969914,-3.5149587921251477,-14.359218287576581,0.035730747375258325,,0.172647741745611,0.2631578947368421,False,2
0.21956482363546204,0.96777779065000957,0.12327788182197924,-0.97247037967508831,0.20699673066290339,0.10702202646865683,0.078055421826526084,-0.14338236090766132,0.98658443617565106,6.2580329753108179,-3.3039844676233159,-0.86978626836915818,0.3842612627409552,0.3692148400548899,0.6867469879518072,True,5
-0.28343452570513877,-0.94530362811560475,-0.16144943576791831,0.95621786155117894,-0.29137609481108617,0.027338116671281686,-0.072885326978719522,-0.14663226808624669,0.98650225902786959,3.2702809096172407,20.112860102310595,-2.7066256915048301,,0.1923840927965961,0.2222222222222222,False,5
-0.97048897347125274,0.23905332323188688,-0.031696388161825732,-0.24054211669516493,-0.96895423500130418,0.057159256195713284,-0.017048239396598157,0.063096744169795244,0.99786179324025004,-9.3226665547971468,4.6471087354363965,-1.8240810068754423,0.1542043942137651,0.1318074026668655,0.8025889967637541,True,5
-0.46566413904557868,0.85924612565943104,0.21178528075906811,-0.88317609158922206,-0.46641476366560991,-0.049570752263198431,0.056186304844918843,-0.21012701819140378,0.97605826433357112,1.3585416375629893,19.029479984313717,-2.700834236408816,,0.266786932162142,0.3076923076923077,False,5
0.41996345842121813,0.90742318434957536,0.014623887847181469,-0.90395182430120169,0.4168165716979963,0.095577428823227895,0.080633696017360132,-0.053358317653446459,0.9953145718835702,3.1710113254791397,13.161991285472512,-2.1545093814477196,,0.08058368429280574,0.2857142857142857,False,5
0.84173456825968807,-0.53487863264673818,-0.073401395999193056,0.53975204129558663,0.83061261090810001,0.13693218948689417,-0.012273977102884954,-0.15487911072311492,0.98785718125025213,6.4552187110221295,-5.6614757311714365,-0.67250935996861838,0.727891640058281,0.6705955956405942,0.6666666666666666,True,3
-0.86820961306701927,0.49559722057360739,0.024402105190563149,-0.49583372776140322,-0.86840621975756604,-0.0044217531143321553,0.018999531369137734,-0.01593839534233504,0.99969244538591173,5.2296354803687102,2.2910837359055876,-1.2983058270818215,0.215789392839272,0.1649305261763337,0.5875,True,5
0.029037574427617712,-0.99689816435468059,-0.073149635526290793,0.99657045197670335,0.023199682043918833,0.079429899911874366,-0.077486473131185021,-0.075205216968835975,0.99415291671973738,6.1270190956594526,-8.3116309885394024,-0.47706780847966368,,0.07369019504680298,0.35,False,5
-0.58361225716021059,-0.80658647454244747,-0.093888190831165397,0.80801806779358809,-0.58831493118431655,0.031501489880777722,-0.080644500193628121,-0.057478698930803762,0.99508424957776387,-8.9962449624130993,5.7830912880522982,-1.8913164726864256,,0.07280375361251054,0.22265625,False,5
0.87551885811410124,0.48281680046657582,-0.018832585425209474,-0.47791606022784977,0.87105522197508756,0.11339770564795476,0.071154539299116734,-0.090281434731335819,0.99337117638875605,5.9695234160851092,-9.1886702419627824,-0.40557975268928353,0.2151450279928772,0.2033185574295183,0.4166666666666667,True,5
0.94954026687237736,0.311807861522442,0.033898953976987278,-0.311990095891578,0.92790817881407173,0.20407986611989615,0.032178589986142814,-0.20435818844066989,0.97836714436031091,7.992952241232234,17.621536542262398,-2.3432373650140583,0.7004938078885304,0.413648136757758,0.125,True,3
-0.99115843734266329,0.13268153797903343,0.00074937571880822305,-0.13177973419332237,-0.98373224473502385,-0.1220859218932651,-0.015461362824373444,-0.12110524409830256,0.99251925226239501,10.975105409025486,-8.4504588130300178,-0.42066831052624537,,0.37383134748918,0.4528301886792453,False,5
0.84365828933999132,0.53687837521272741,0.0015169234855666007,-0.53220349126327426,0.83593330015908351,0.13407073346679654,0.07071163069185385,-0.1139171976221533,0.99097060368651391,-4.9979725502920083,14.039099936149901,-2.4706984022528893,0.1601555684904438,0.1195238678795967,0.375,True,5
0.96857756922821836,0.24860849840589536,0.0071628840785144185,-0.24318513145321066,0.94062478156883922,0.23682485540723688,0.052139085416230892,-0.23112514968938341,0.97152595485299309,-1.9565487211020947,10.594665542994564,-2.1219106500369906,0.2781509174744268,0.178153819701337,0.2935779816513762,True,5
-0.84234019719876252,-0.53391859558005195,-0.073443348759261437,0.53455521129697603,-0.84504331959949153,0.012349658923065596,-0.068656523786125342,-0.028856910681771993,0.99722292414861236,-13.16034531671008,-1.2752652556908524,-1.3609315332732992,,0.06408262851339068,0.3666666666666666,False,2
0.97228370991537982,-0.22529752275178858,-0.062493309042597638,0.23375715447852324,0.94207987701718021,0.24050592102773527,0.0046883006825609429,-0.24844824724920622,0.96863382569240686,4.6878154790950664,10.107992852943299,-1.8711564501250304,,0.3244266160809722,0.2592592592592592,False,3
-0.12003947672678014,-0.99090621804186652,-0.060789728352123623,0.99037963537557938,-0.12377168447084236,0.061876877398456147,-0.068838229643811699,-0.052777241015558925,0.99623082715317091,-14.276188317045452,-0.2070419167905802,-1.4623220295737598,0.5519024635629942,0.3296043403360777,0.9324116743471582,True,5
0.45627747704990851,-0.88217331255967435,-0.11653802188324863,0.88970509683114685,0.45002060043026726,0.076852455140095102,-0.0153526743484263,-0.13875051638055994,0.99020835665756646,-15.111155502081647,-5.8864460710476125,-0.81460259521937206,,0.1005046268121162,0.7142857142857143,False,3
0.26226152584019902,0.95803862363854853,0.11567578692503808,-0.96215139005415362,0.25040408368409894,0.10752905417228961,0.07405129763097397,-0.13949835300491154,0.98744955052300609,-4.0838304709074382,12.392240602779221,-2.3022324477200087,,0.2434720112079347,0.3125,False,5
-0.44499929705164021,0.89525528568244295,0.02221708984527386,-0.89392773962772487,-0.44554974828700716,0.048771078780878656,0.05356138485524805,0.001842622867449426,0.99856285870913308,-1.7593025398217659,-3.2790891462940088,-1.0299406005051144,0.3230652695343447,0.2660967775379709,0.7240356083086054,True,5
0.21819947675884549,-0.972671665532719,-0.079365101977969185,0.9737986459211273,0.21166824676605681,0.083142952275964466,-0.064071721877483639,-0.095427377522339638,0.99337225151242481,7.3343583369528496,-13.815231560005907,-0.035296298840738843,,0.1122322034735082,0.1666666666666667,False,5
-0.90923722580340727,0.41587811297198574,0.018249996279011166,-0.41601818248293593,-0.90934505573215962,-0.0045212231829163257,0.014715266117812684,-0.011703194706387463,0.99982323246499238,-23.611358905045467,6.8843549654747678,-2.1337263444315764,0.7909482945075644,0.8848064980527347,0.9712918660287081,True,5
-0.68922842626542746,-0.72077164427913942,-0.073840457953813415,0.7203386921213748,-0.69262464401788526,0.037192353138319437,-0.077950914430494511,-0.02755611188546141,0.99657629694730676,0.45423775396974747,4.4044287939718814,-1.571131871048508,,0.0707403567951297,0.2459016393442623,False,1
-0.80225480943030536,-0.58663891150558889,-0.11064360918499866,0.59260608044746099,-0.80497599536650055,-0.028838867876688032,-0.072147447374402637,-0.088704196018280876,0.99344164974401439,-8.5976765131217014,9.7154574346786866,-2.2251051318692276,,0.06757839365802935,0.2115384615384615,False,3
0.9945175984396365,0.10129228922003872,-0.025973419844532337,-0.096491419749564572,0.98465947074941873,0.14537927148732782,0.04030077305176262,-0.14207603178593087,0.98903500892708129,-0.57963375161933661,14.282161397940254,-2.3705631900953383,,0.08414969245965782,0.3181818181818182,False,5
0.64776233170879471,0.76006522585571867,0.052007826950175105,-0.75789464283699448,0.63596168196190928,0.14542506467305583,0.077457549523391456,-0.1336173324126522,0.98800138486783351,-4.1778810853516593,10.419226416504507,-2.1737638229078415,0.5563719256018661,0.7234865445942482,0.6602564102564102,True,7
0.99873932537346188,-0.036497464702943551,-0.034462951452532836,0.040662012756662834,0.99079761668720623,0.12909951001273756,0.029434005353319227,-0.13033809050776118,0.99103260364715107,-19.08060272206977,14.216812272282942,-2.7907218893900065,,0.07125036032519408,0.1428571428571428,False,1
-0.33819373584830675,0.94011948740314222,0.042430489483616718,-0.93925412287609911,-0.34000013372808097,0.046921228938904158,0.058537933796945628,-0.023984546477696291,0.99799701995398982,-4.2659998686928775,-11.089053902716007,-0.23833532954121994,,0.07832139741856954,0.2592592592592592,False,5
0.89416800384914263,0.4474023572709967,-0.01716716635890948,-0.44323549307870791,0.8899580461082256,0.10731716471517166,0.063292010299197579,-0.088350477506259253,0.99407661402766223,-19.068104715320981,13.26861531723695,-2.6900234969189341,,0.07718879795916646,0.35,False,1
0.021996585198242248,-0.99665012412976794,-0.078769793142637462,0.9969751771210601,0.015992594357571697,0.076057433102518543,-0.0745429167932566,-0.080204532277369456,0.99398721649632971,-11.370178532274036,-17.868852201633093,0.37574118776607102,0.2073934597612411,0.168038708129933,0.6296296296296297,True,4
0.44333802841909231,0.89459547677551698,0.056127760424397911,-0.8925226689992436,0.43479272453602569,0.11982725905655819,0.082792982069375728,-0.10321927931993204,0.99120689187310196,10.441046078871336,-5.8019394779278022,-0.60203156976303718,,0.1411527762301126,0.2916666666666667,False,3
-0.24077152922535061,0.97053747940109425,-0.0092774884671063124,-0.9683167085150457,-0.23954598814524919,0.070572456200028152,0.06627082861316029,0.02597538529622451,0.99746351142968559,3.9756088332780317,2.3199720259670933,-1.3268355932764826,0.1679916365525137,0.1387064017343954,0.6153846153846154,True,5
-0.3220573546234598,-0.93260068661230944,-0.16289573248918357,0.94302624368517174,-0.33120119012115284,0.031737602041845288,-0.08354976992172769,-0.14339362256593066,0.98613270149277854,-24.883213931660904,4.0319493943489002,-1.9065215175622909,,0.1690047297068681,0.2,False,3
-0.76306612825295406,-0.63646460342404942,-0.11244061766689931,0.63976019848803656,-0.76852706614543842,0.0085461706297636358,-0.091852993111789807,-0.065413738542850042,0.99362169383838095,-0.21213510961879797,9.5324589165762799,-2.0023725753739794,,0.136209935023845,0.2380952380952381,False,6
-0.8886371255533253,0.45829160923652396,-0.017113152594458093,-0.4585775831827606,-0.88750297613406903,0.045222423148572284,0.0055370832197162,0.048034032274707802,0.99883035218842364,-4.4744369010975014,-14.130702049353181,0.019722083787989213,,0.07697128237406994,0.3333333333333333,False,5
-0.61613632377739891,0.7872594412211924,-0.024466359152238694,-0.78682530370743786,-0.61379030737959905,0.064555402659680641,0.035804636121157009,0.059025678945280824,0.9976141524944796,1.4986692622000533,4.4249257305901555,-1.5615027105167192,0.141411326344295,0.0959891855685609,0.4571428571428571,True,5
-0.46488153283719258,0.88176520704503547,0.079845350971542384,-0.88455405889490402,-0.46643674615975145,0.00093740303764501542,0.038069375086723249,-0.07019174792473927,0.99680682241032903,5.335765875104145,-20.166397375241715,0.71787560580263732,0.3034387003917264,0.2917054553918027,0.8181818181818182,True,6
0.96016057497136398,0.27524511371648208,0.048288690662115143,-0.27409194948694721,0.89391553407281732,0.35466691580940501,0.054454324870531902,-0.35377273116862973,0.93374492297649692,-12.229691785852435,-15.074616712970954,0.089164327379447531,,0.2544258231004286,0.25,False,3
-0.16957499521651062,0.98405444731754999,0.053676491240307871,-0.98386996548890793,-0.17218808274833342,0.048488711761679598,0.056957984569105946,-0.044588214519125813,0.99738040842991349,-10.693062496538383,-10.03324300371356,-0.42042434456789946,0.7931247267969347,0.349124771437564,0.1612903225806452,True,3
-0.47386410519190708,0.88059307425006372,-0.00294064508127644,-0.87911748586022864,-0.47287122866054393,0.059541978131877442,0.051041707117442284,0.030799978699477183,0.99822147114087256,-4.971521534689983,-3.4564296586827417,-1.0483067948858207,0.4817095452076411,0.4475028275741334,0.9345430978613092,True,5
-0.97793253875648589,0.20761508112382066,-0.023322258279261609,-0.20829023471072985,-0.97755381598143254,0.031681461208238636,-0.016221213439327104,0.03584013044185954,0.99922587901058046,-7.2911591004162633,-13.062078498757808,-0.075198241167226204,,0.06929101344435727,0.3333333333333333,False,3
-0.45527148819870411,0.88995276211744856,0.026682451777582144,-0.88873981072027086,-0.45604566884213993,0.04651770384728697,0.053566975593510049,-0.0025355728842201986,0.99856103969457688,-11.893720683941627,23.35560299514151,-3.4223369541351691,,0.1104198510542923,0.4166666666666667,False,2
0.9997191255790796,0.023313907360998021,-0.0042581304540072812,-0.021706143946370663,0.9728561896381841,0.23039027235899778,0.0095138460351206072,-0.23023313403208612,0.97308899424841078,5.7741437792036949,-13.283487962172378,-0.063606632173039135,,0.3518847725374759,0.2352941176470588,False,5
-0.60531165102865248,0.79595725736203859,-0.007060423618171956,-0.79545368110229009,-0.60455597528133076,0.042018019616052976,0.029176126366994588,0.031050236783963743,0.99909190590549624,8.316635463346751,0.57078607098291334,-1.0960072266142122,0.7610258778663932,0.5257185996450421,0.792,True,2
0.042595075919234685,0.99161678517040941,0.12199102784933191,-0.99609104305107632,0.032692038658238602,0.082060127722218698,0.077384064644171094,-0.12500952754358396,0.98913311771595058,7.4258720370698112,-4.5425332957615741,-0.74994683650811411,,0.2383869899030192,0.3888888888888889,False,5
-0.77541569912314212,0.63114322963184277,0.019715913452257549,-0.63102053506152034,-0.77566200020385589,0.012710065712932234,0.023314756787117183,-0.0025855617651757735,0.99972483063406847,-34.514045909063654,14.757216841247159,-2.9806872506296189,,0.108780829574523,0.2857142857142857,False,1
-0.99074674773684379,-0.12579476610552115,-0.050956438938799746,0.12442497067797112,-0.99179840845980438,0.02922915750384552,-0.054215390071938478,0.022618439315208936,0.99827305767625085,-9.7353664457443667,-6.5259349039039893,-0.69373745925376262,0.2282744382804295,0.2233529802682713,0.6639004149377593,True,5
0.3976139620001416,0.91752374667241177,0.0073014734656163139,-0.9141612835294356,0.3954481784672475,0.0890499064724391,0.078818049445315286,-0.042082210483232518,0.99600040293289049,-17.630221478387476,0.98710379683489613,-1.6112673182557484,,0.3286364279642662,0.8842975206611571,True,5
0.85336785498335144,0.5134967834765507,0.089913054893887567,-0.51785632884986732,0.81519327344736592,0.25939304076306102,0.05990097454343267,-0.26791972731660746,0.96157729432601668,0.97109816058861953,-17.154000684294164,0.35260030837077377,,0.4533617938994207,0.2571428571428571,False,4
-0.55215052017676192,0.83373984616376628,-0.002769835256947554,-0.83262515759990041,-0.55123413768106277,0.053630890229011255,0.043187382419779589,0.031918558454833074,0.99855698666921033,-11.695687258442158,8.0278899411478228,-2.1304348634692838,0.2694936937595957,0.1689469081469947,0.7661290322580645,True,5
-0.99938648010249287,0.02411928213901306,-0.025395346373889276,-0.019841092084196561,-0.98740268594383007,-0.15697855540110664,-0.028861643287546125,-0.15637837452797157,0.98727544764707553,5.2749373617270692,7.6762425708351252,-1.6926520806844787,,0.5035119422473675,0.1764705882352941,False,2
-0.95409177524507849,0.29383935782487358,0.058028580912866168,-0.29940619362372317,-0.93046819240350498,-0.21115130628321582,-0.0080508154524082109,-0.21883184118957816,0.97572937316252362,-12.139590404820609,14.270023223709702,-2.6388720432829111,,0.5467149189708098,0.1666666666666667,False,1
0.47081349162216923,0.88218978492475986,-0.0087085866216470922,-0.87802194395881383,0.46950678943872926,0.09295612189480261,0.086093681727094279,-0.036118666162275714,0.99563212077620866,-6.4327673171752737,-13.00251971899471,-0.088298330605700151,0.5158776343555945,0.5481978581327026,0.9638009049773756,True,6
-0.98528244705839574,-0.16226777181109955,-0.053737042625005761,0.16800533910594442,-0.97724832272461215,-0.12946011649859618,-0.031507230130835277,-0.13658289044896652,0.990127470826908,4.7068675994973672,-8.3874949299709698,-0.48921748827538786,,0.2640897473304558,0.2666666666666667,False,5
-0.23825265308243776,-0.96478793281159292,-0.11144468583253596,0.96758823792747239,-0.24568930589489033,0.0583932084518047,-0.083717830380322947,-0.093920230355445888,0.99205358484629824,11.890811266415097,2.5754257929447011,-1.1037229570394402,0.8200398968262064,0.8650990270547679,0.6829268292682927,True,3
0.9927577293589509,-0.11442146613488199,-0.036603536517719401,0.11785364090842539,0.98668773595154202,0.11206172873665629,0.023293993274830498,-0.11556400741737932,0.99302686271165297,-14.308971416723006,0.57769920333664249,-1.5472812442016648,,0.07237892338252833,0.2337662337662338,False,1
0.54855870149271391,0.83573339552063775,0.025160338395453268,-0.83131962204982401,0.54195019282314227,0.12327884852600487,0.089392600429600969,-0.088541968074496075,0.99205306454742104,3.3535178916307702,-9.4830307506074742,-0.41098788867548597,0.3902075847890859,0.08421537796290614,0.1875,True,4
-0.15651840127562977,-0.94918512803526978,-0.27303769479467344,0.98435504235198779,-0.17256072303525152,0.035608249911600574,-0.080914403281101624,-0.26319268527491307,0.96134409539947963,5.7737416344332591,9.5885427637064602,-1.8004044395260672,,0.4320104314380515,0.2068965517241379,False,1
0.81386175062891508,0.58098959964210584,-0.0089518696898493663,-0.57667921347345508,0.80951986057843561,0.11008487669388636,0.071204884740274754,-0.084431513291995358,0.99388187625710755,-1.8726285819239585,-5.7397143436435076,-0.81847786230315789,0.1218390045125254,0.09452716960654386,0.3484848484848485,True,5
-0.011903127096703223,-0.99862354276579934,-0.051081654233218046,0.99711156924362709,-0.015686380023808316,0.074313228716418753,-0.075012225975702299,-0.050049548605666537,0.99592580478594772,-4.6892780459697807,-8.8844204529272517,-0.44615536144000284,,0.0665186101601178,0.2127659574468085,False,5
0.2880468210182599,0.95440871579510222,0.078313677704590259,-0.95214819762339309,0.27671572887206136,0.1297775602996446,0.10219020825792782,-0.1119482407595031,0.98844562456771157,-14.391671800967339,-6.4518961981572467,-0.75502407132546878,,0.1356829597719823,0.2439024390243902,False,3
0.99372328965160694,0.11162577559581069,-0.0073286988353897676,-0.10550779571254618,0.9570003712270112,0.27021916015567859,0.037176990839305202,-0.26774983789723267,0.962770946621333,-1.4594329068847129,-9.8128321290917722,-0.39065841292718739,0.490589778084807,0.1786733884361511,0.1304347826086956,True,2
0.45192285451727221,0.8677742627994931,0.20672097713525972,-0.88792701257978479,0.41531246458230098,0.19774017571984082,0.085740036716220894,-0.2729164443293427,0.95820940327181603,1.2005989863026605,21.094143481786894,-2.8775941483430487,,0.4361720957028974,0.2083333333333333,False,2
0.16462832427190943,0.97592606405724769,0.14305884223336754,-0.97988878286144054,0.14523848592929467,0.13683477418876661,0.11276297295543317,-0.16270863437044311,0.98020937163014188,0.75420980991567854,12.107375237984172,-2.1671594241550576,0.589605963431231,0.2015444358455267,0.2738095238095238,True,5
-0.35195872669744782,0.91197002674317351,0.21079782974112335,-0.93406075869725647,-0.3567481502647214,-0.016163426140711534,0.060461175670157373,-0.20258683966328178,0.9773960398077266,-9.0484846126022642,-15.805779983245118,0.17788777984993187,,0.3898680191323044,0.44,False,1
0.25882033507547514,0.96030964460184398,0.10400682975699235,-0.96372122656982662,0.24945820472597197,0.094931562473420911,0.065218337989929445,-0.1248038083536569,0.99003564471702543,2.3436643134891888,-12.777449315235886,-0.092601262519605307,0.2696084821021125,0.116997583314685,0.125,True,4
-0.041603431073762992,-0.99761423014463513,-0.055090855283059251,0.99603511213774831,-0.045750783669805874,0.076294961710082612,-0.078633389292558253,-0.051698294038845544,0.99556219116730194,-8.1116440522705862,-3.9742395460368134,-1.0393768316508512,,0.08537781008663974,0.2619047619047619,False,5
-0.80438252641085928,0.58831092163185339,0.082819144487009569,-0.59296689208546371,-0.80364358517451329,-0.050470317002751466,0.036864835485685921,-0.089706451811069302,0.9952857561565317,3.8930699270514175,7.9867249107447886,-1.7517172934187155,,0.1805699589895022,0.15,False,5
0.94811144068602682,0.31758820737218896,-0.014913972589053678,-0.31319195270196803,0.94100474190481742,0.12814396776819853,0.054731131935999676,-0.11682382569822111,0.9916434323617721,-8.3715404507690607,-2.7232596836940077,-1.1574772340796191,0.1456032751390992,0.08949325929212038,0.4810810810810811,True,5
-0.99760758767085489,0.0685577632755488,-0.0088844873904779138,-0.065175907365519897,-0.97557939139771632,-0.20975450455030126,-0.02304782247022269,-0.20867363076036946,0.97771371766211101,-18.524397253954596,4.4930103943967827,-1.9053874202059604,0.7046693281038466,0.553395468599441,0.2151898734177215,True,3
0.26598597328712092,-0.95836923910009542,-0.1038261217671506,0.96323527888677685,0.2600111854711934,0.067616425059136939,-0.037805548831040377,-0.11799400398566399,0.99229438953418203,-1.8685608474521995,12.20946037996262,-2.2325510030131817,0.1023213486695852,0.1648701993841914,0.3461538461538461,True,5
0.98263898994620036,-0.17478220524512009,-0.062223758863988801,0.18455856083467817,0.95512803990617934,0.23166476859378554,0.018940777706934097,-0.23912676160277954,0.97080360466225302,-5.0121514874871673,16.751800994144265,-2.683861039961867,0.3208287938721909,0.2428165715668851,0.3902439024390244,True,5
-0.26490176974080737,-0.95591080911366,-0.12673427874042531,0.96072864514913647,-0.27290019116901904,0.050258890256526606,-0.082628825346200793,-0.10844358293407891,0.99066264012645933,-20.656326446369661,-3.0630829533879673,-1.1468814552781179,,0.3152506016225621,0.5454545454545454,False,1
0.95922501642359081,0.28163019134014905,-0.023912406672549562,-0.27756995710722288,0.95458720751559445,0.10825055269639272,0.053313101379088318,-0.097199272493630015,0.99383600993727983,-7.8773678657700232,5.0911884751574501,-1.8186334671344395,0.1854599370651758,0.1567980167617355,0.7660256410256411,True,4
0.1725687503565651,0.98385574083717753,0.047412104172884724,-0.98232470142803419,0.16835745796904411,0.081816546679283453,0.072513497810375596,-0.060693060294637446,0.9955190330010647,-13.045240176884585,0.88474207202233845,-1.5614623878751499,0.2978388748861698,0.2307892553218397,0.6872964169381107,True,5
0.99363420699007698,-0.10409775784168533,-0.043066454596751826,0.11008567888275121,0.97839778906526143,0.17498259815516365,0.023920827831076297,-0.17860969504632596,0.98362918360088025,-24.639603953324979,-10.981525393511834,-0.47175607617300491,,0.1652782172955424,0.3333333333333333,False,1
0.76183818442718143,-0.64545144267779431,-0.054726738381241716,0.64711822135635133,0.75457226136636113,0.10889770413120226,-0.028992901498245321,-0.11837709880550705,0.99254535117600717,-4.5012397735573737,-19.672679446766747,0.56940677551748731,0.2817264470266975,0.2802453320613997,0.675,True,5
-0.23425292507486373,-0.96681581274722583,-0.10194484447871843,0.97065021715394617,-0.23846799198395949,0.031163644493767594,-0.054440086635364572,-0.091652610552335118,0.99430180324993611,3.9875186373221818,4.4148057848223141,-1.496370548551579,0.3134703233996674,0.2926556067124751,0.4644808743169399,True,5
-0.5896988357026498,-0.80276449050708965,-0.088455954869242362,0.80536218616665878,-0.59270005715943141,0.0099192406999784044,-0.060390663713827439,-0.065389716501120798,0.99603069867956595,11.053655864226073,-10.781848735931455,-0.21817648066068088,,0.1826765629932398,0.2,False,5
-0.023765156234909979,0.99964329385057493,-0.012186156436819067,-0.99697332330721788,-0.022795593521270658,0.07432734039217237,0.074023036704063766,0.013915673738102456,0.99715943763348247,3.4755877120136582,-11.907220582663815,-0.20395312101011295,0.4094500081423981,0.3632807457196141,0.8495575221238938,True,5
-0.72580405450200536,-0.68296232523469869,-0.08228570215087487,0.68356280854802931,-0.72946140004321025,0.025058982759255999,-0.077138584627793522,-0.038059534377234847,0.99629368692399534,1.8679507798602877,-9.4871873833448817,-0.44723333236616059,0.1797216588223031,0.1033274953905561,0.3478260869565217,True,5
-0.91593302970703161,-0.39078566668281456,-0.091396103893801497,0.39477741332236127,-0.91828918752746136,-0.029929283330225653,-0.072232119048273313,-0.063494336640550514,0.99536475233573185,-1.6927189091628159,8.9446927336294255,-2.005226787645296,,0.1767838421562835,0.1212121212121212,False,3
0.18616573705862058,0.98232376764652662,-0.019553359357220971,-0.97940619483704072,0.18712204689379017,0.075821138748411232,0.078139771309162415,0.005035383104615117,0.9969296971485706,-12.717611468291306,-8.0950929754671304,-0.59087117414381807,0.1949312626724061,0.11684398230166,0.3859649122807017,True,5
-0.10918463496956292,0.97454002570396014,0.19583271888907972,-0.99121090935395473,-0.12154671411366454,0.052223840014676018,0.074697045887174407,-0.18840948646259073,0.97924573869209819,11.822535320881043,-11.849485578789279,-0.13992868802865108,,0.4740741201476443,0.1875,False,3
0.10349996828661623,0.98349770701206796,0.14839143124410006,-0.99185876662833128,0.090928368231973811,0.089152784102318389,0.074188568035738978,-0.15641065229923956,0.98490190588714521,-28.999236696414918,-20.364436363180427,0.28404412961775838,,0.5024460745186861,0.6896551724137931,False,3
0.67814203782078408,-0.70606141482808382,-0.20396238631482741,0.73432645935137197,0.63971451035947968,0.22700219455328804,-0.029799792562233592,-0.30371470778758075,0.95229688051402994,-14.066205789951191,13.227514950913802,-2.6324174461951371,,0.2189474424271207,0.2413793103448276,False,5
-0.71521912248761321,-0.69394336434799275,-0.083091599487775197,0.69507509516009525,-0.71868141104757888,0.019173979838438528,-0.073022044043101184,-0.044041304386326696,0.99635743816750721,-6.193465308629043,-3.4311140912555462,-1.0833591585559725,,0.0726031913434114,0.3366336633663367,False,5
0.60395531145732895,-0.76756799370128814,-0.21465636912950228,0.79593146748415178,0.56678646105442476,0.21271155735861319,-0.041606259517124343,-0.29932003376115923,0.95324521323645439,-23.461637746249654,-9.5638959944724,-0.62262350107654096,,0.2932197380889,0.1,False,1
0.97959493361166883,0.20046410859284697,0.014418987774012001,-0.1946906315260272,0.92867539708319946,0.31568586418837319,0.049893126163316363,-0.31205151500744005,0.94875419785274961,-12.122561301132246,13.592303544418677,-2.59845645593265,,0.2469893641056847,0.2424242424242424,False,4
0.91776614101511844,0.39624231946897104,-0.026407095032741676,-0.39246773201110363,0.91515407854946385,0.091989629004267548,0.060616744685597891,-0.074061034128157191,0.99540975155339384,-4.9218284403033428,7.6119112571436416,-1.97102762267648,0.282397487821626,0.260982626467822,0.8330241187384044,True,5
0.48067223114817531,-0.87375943948424439,-0.074152869905443369,0.87537233902550737,0.47312609611667122,0.099372859687191964,-0.051744316326017524,-0.11267714535599925,0.99228342052176588,-18.068698608620895,19.782626767272642,-3.2726606441448318,,0.2463784215227632,0.4090909090909091,False,1
0.30864875714245987,-0.92816628826459491,-0.20795020087400745,0.94836363914811095,0.28349194336724642,0.14226287635083779,-0.073091399331020462,-0.24112166923565184,0.96773859485340696,19.800097576324927,-3.0584417492660045,-0.54122723067586598,,0.2513123238561269,0.1111111111111111,False,5
-0.2506333645971946,0.96801974062255836,-0.010986278520222645,-0.96583714906347473,-0.24926364780793214,0.070895947489411693,0.065890196840106191,0.028379845780366408,0.99742321324192873,-3.8814410646210589,-1.7188963934593133,-1.2153195054734478,,0.08806451904206276,0.5283018867924528,False,5
-0.71299242157235843,0.69937223875433607,0.050202374845545232,-0.70068550349352121,-0.71333536226207317,-0.013873937453647123,0.026108082549568569,-0.045068088557040704,0.99864269657340421,9.1285186235027744,-12.157160254140424,-0.15087080890550178,,0.2902939347581784,0.25,False,5
0.086472124492863983,-0.99034977167446181,-0.10830466947473787,0.99404977328761579,0.078541367675208862,0.0754738483883515,-0.066239111652639487,-0.11418661615114631,0.99124860493189115,-5.8849731357515473,5.5466962615800206,-1.8311559165287861,0.253522698669452,0.1994366254629242,0.8463901689708141,True,4
-0.85707735948365205,0.51514209257741927,0.006857427760357155,-0.51499697339359063,-0.85704629372870467,0.015804043828476479,0.014018461255513044,0.010013733611825351,0.99985159292926051,-18.025488103275997,12.537615735156255,-2.6091107859990492,0.2864440956806052,0.292971894990188,0.9212598425196851,True,4
0.045877198323615094,-0.97736991070041779,-0.20650264001080731,0.99519313617046701,0.026813052269725156,0.094189606364878262,-0.086521121081302568,-0.20983116519106107,0.97390193434523775,-12.979781537553997,23.906834292269195,-3.5413822814603888,,0.2191423531102401,0.4166666666666667,False,3
-0.3345334584840815,0.93857575056819098,0.084634068790514883,-0.93962004395256404,-0.33907761303519668,0.046266027935585569,0.072121689922395496,-0.064046333101215339,0.99533739458488524,0.98312044125324682,-10.376856218333669,-0.34728084876548126,,0.2060638519716009,0.2321428571428572,False,5
0.183716020366789,0.9829219251113217,-0.010626052702812055,-0.97961590965191181,0.18397019605097775,0.080669923278891123,0.081247113286854605,-0.0044109069836176891,0.99668422806931944,5.8483566516797207,-10.926556242212708,-0.26824239166209546,0.1798994949072096,0.1527126782259883,0.5555555555555556,True,5
0.93548681888784124,-0.34868200890617523,-0.057317260509025386,0.35309761392779104,0.91613994726787729,0.18976214601049934,-0.013656014265010216,-0.19775857423930682,0.98015563029002128,11.282656338767078,-0.6888886360168569,-0.94000721293923517,0.5506802489979072,0.6973582195624664,0.4351851851851852,True,3
0.98805491266991585,0.15307509866632207,-0.017762424303585038,-0.14790699595685092,0.97436604591975551,0.1695120323331672,0.043255174209161446,-0.16486000948379326,0.98536803640930959,4.0483336900401943,9.2913893724953009,-1.8649905215499343,0.2929007098503498,0.2502662933589307,0.5865384615384616,True,5
-0.933778890661628,0.35766083696358336,-0.011649423043576112,-0.35779661899295939,-0.93370835483838166,0.013049426891986265,-0.0062098946807508937,0.016353403545179144,0.99984698999423993,-13.324453375235466,-12.520736754664435,-0.20063336970999363,0.1334197054880407,0.09319434449989318,0.2758620689655172,True,3
-0.99888398967638492,0.036339827131053534,-0.030169390651317806,-0.036688198410364851,-0.99926539173043627,0.01107488091215398,-0.02974476870961297,0.01216938182085853,0.99948344402521683,-14.262410176469723,10.895812781569781,-2.4032695997668596,,0.07722763847675963,0.16,False,1
0.61735106207461943,0.77740129974844641,0.12051923209499149,-0.78069170543451882,0.58653495636062203,0.21563210807480931,0.096943938547402644,-0.22720907577926999,0.96900872476074651,-11.310212041420456,22.645736961791865,-3.3480695277248502,0.2737789002391434,0.2398514966598355,0.2380952380952381,True,5
-0.83166669125366621,-0.53558083211496277,-0.14657314532417923,0.55090276037858943,-0.82891345452736653,-0.096998110861798909,-0.069546123302665436,-0.16141764827475105,0.98443266888041614,-17.714518439597146,-7.2734093389974683,-0.72343911992235299,,0.3790347114522666,0.4545454545454545,False,1
0.94281276103909861,0.33304126185882282,0.013697281530097239,-0.33054569558991381,0.92887437386284066,0.16712851554386546,0.042937637904428699,-0.16209847463933455,0.98583996864135592,-16.47326686324071,-9.8346673677073397,-0.48607346250448502,0.6898389430036407,0.4253340813498451,0.8042328042328042,True,5
0.23882045468319901,-0.96913617653096096,-0.061154409193954276,0.96861819751577583,0.23327945450754098,0.085787432331052044,-0.068873636946227668,-0.07972306719899612,0.99443484185248909,-15.738840251498823,15.334502353093397,-2.817684030096538,,0.1353318330310499,0.65625,False,4
0.55484956489976067,-0.8125989236079969,-0.17839548671889799,0.82958172973815003,0.5242297241620415,0.19229495570516245,-0.062738457226861402,-0.25468840895517042,0.96498585498891043,-10.327345895211185,-24.241714745663185,0.95761223336919166,,0.4141285598772623,0.328125,False,5
0.64842034119784675,-0.75369574919896953,-0.10720904234378675,0.76009034661390873,0.63307486035402027,0.14655676774576237,-0.042587863355840673,-0.17651894750179498,0.98337548020460741,2.3577055897619275,3.3800886653732904,-1.4499778443379634,,0.1418659087391066,0.2857142857142857,False,2
-0.4262529827298307,0.90446129703042522,0.016067261370933401,-0.90248119316045483,-0.42640172442740171,0.060903738777011197,0.061936182523649581,0.011459999100238604,0.99801431738979496,-2.9641162474758129,-12.635288412829873,-0.12407772559702054,,0.1006873883590705,0.3888888888888889,False,5
-0.14553793763926068,-0.96834905804003635,-0.20277773669879381,0.97922927204701393,-0.17023606386824919,0.11013498683397963,-0.14116919449365081,-0.1825370766491563,0.97301154883916685,-24.427485164076856,5.0232574094517117,-2.0067396296997986,,0.1851190284825749,0.1818181818181818,False,2
-0.45090992992485918,0.89239539461861417,0.017626535639381324,-0.89116223261763494,-0.45121971510414943,0.047229692538510296,0.050101000500094472,0.005588234499206925,0.99872852236434662,-1.7358352194887685,-13.254894311843902,-0.049858855883524088,,0.08303269378545354,0.1304347826086956,True,4
-0.77619082857795663,0.63049347012206469,-0.0024045300790323239,-0.63000185712136969,-0.77542305792370614,0.042623247927302023,0.025009151426804991,0.03459863254067079,0.99908832290805272,11.019611076669969,-6.9005267510665105,-0.52382149901220076,,0.1355518651328724,0.7,False,5
-0.935238213782428,0.34976515569481015,0.054715805237962954,-0.3540082223635998,-0.92276370501334393,-0.15226727556835926,-0.00276802818222051,-0.16177601976755324,0.98682362023218262,-18.532452246857389,-9.7541384883715345,-0.53963204065929249,,0.3667977918779439,0.2380952380952381,False,3
-0.44856711767662555,-0.88696633756310594,-0.1099011236028741,0.89011091507608875,-0.45443471869591173,0.034520215905683632,-0.080561155662588604,-0.082339555947657309,0.99334289030759682,5.0520211001732243,-3.1739671011973702,-0.9003787153309295,0.1037321960898401,0.1347913306231434,0.3333333333333333,True,4
-0.94047863233280637,0.33878533121624088,-0.026915450546381885,-0.33981014289307632,-0.93866192620775424,0.058675847458169929,-0.0053859922391066451,0.064329523864625621,0.99791417639341606,-0.78753337840421345,2.2456012944495014,-1.4643786299049835,0.2475751727418884,0.2391212083896381,0.8554216867469879,True,5
0.60272584552887187,0.79696213252330272,0.039659985570038823,-0.79432410578468526,0.59451502646053611,0.12490435653726317,0.07596558497679208,-0.10678596647751624,0.99137580526387481,9.9851704878680465,1.0263061681767993,-1.0831893654061655,,0.2102838896199592,0.5116279069767442,True,4
-0.95509266622262012,0.2962057295372591,-0.0077565918460935687,-0.29626705208075038,-0.95506706518132845,0.0085284733279678143,-0.0048818827463082285,0.010443504930053004,0.99993354800487977,-2.9997532656077204,-7.2106677867482425,-0.67696703244319645,0.1707226966884483,0.1757319788663573,0.3928571428571428,True,3
