axis_00,axis_01,axis_02,axis_10,axis_11,axis_12,axis_20,axis_21,axis_22,location_x,location_y,location_z,dbh,dbh_approximation,score,reconstructed,number_clusters
-0.97863356565145088,0.20156537719810319,0.040592399477156968,-0.20307769264413639,-0.97844899816301312,-0.037376580155614111,0.032183768124015563,-0.044821386734256057,0.99847646359869535,-2.8697966449226864,-9.7005241925347097,-0.67227946068700306,,0.08623589211753648,0.2222222222222222,False,6
-0.76749191084025203,-0.64086403821893401,-0.015794027747805753,0.64028124429731592,-0.76754148104452868,0.030331552499860005,-0.03156097266971912,0.013166601448037584,0.99941510175224446,14.338706039442265,6.8577770739958108,-1.6317928771497505,,0.08345934799490366,0.2,False,4
0.84737019613735298,0.52382651832632521,0.087003042454069923,-0.5301685573089745,0.82542607865611117,0.19388937442602922,0.029749815782042048,-0.21042235473569873,0.97715780766896554,-0.603058476877953,-14.594500001683929,-0.41258681790361318,0.1980245728272623,0.2027700020866691,0.3617021276595745,True,5
0.9286956704852567,0.35548084779747541,0.1056301021069585,-0.37084194234702389,0.88962548528862884,0.26653845824056521,0.00077808625799775932,-0.2867051844214874,0.95801854460527813,5.6524565328867968,18.290140852616258,-2.1749782313044888,,0.1945046680855835,0.4,False,4
0.99793587339646583,-0.06219920526382381,0.015976590780934788,0.058792619005005903,0.9849806593238043,0.16234693932617214,-0.025834483524253864,-0.16107252907492428,0.9866043887184176,-2.4389757876016693,-15.645820164282432,-0.30940007162159899,0.3997992883509096,0.3100143733086925,0.9291338582677166,True,5
-0.95474944216394864,0.29591142631353973,0.029831702343554464,-0.2939877110760315,-0.95417496519270439,0.055869146545981956,0.044996982386641904,0.044570882609469141,0.99799233864770143,-6.1310140184978525,-5.4101748800470206,-0.83293015862759268,0.2752333520069233,0.2584523422192089,0.9472140762463344,True,5
-0.44476458370114313,0.84888892394161208,0.28560822798792107,-0.89183748469729651,-0.44913379597835373,-0.053895586079693109,0.082524941526472884,-0.2786869715636634,0.95682976850990875,7.5409145525266368,-4.1606883807259134,-0.96148808790275631,,0.5518284348714976,0.1666666666666667,False,1
0.20525245377674414,0.9737791990578738,0.098109641222618865,-0.97572108994864504,0.19576796466673263,0.098200094906641111,0.076418484989260752,-0.11588345650890139,0.99031875659279289,5.0901765566095003,10.708022550673803,-1.7692173154380639,0.1863243431818896,0.1462170819965795,0.4444444444444444,True,5
0.79282645929616091,-0.60789641155771579,-0.043452942997737332,0.60626966184766251,0.77941372144031407,0.15795995680450503,-0.062155470901870111,-0.15157903432141426,0.98648897296987237,6.079879963722397,9.0732297005432319,-1.6901615468505191,0.4097276275886247,0.1938113132265563,0.1794871794871795,True,4
-0.98703612435254495,0.15917005431465675,0.020605412700971628,-0.15860645065036233,-0.9869837000158288,0.026592662806870879,0.024569962051299084,0.022979767460420884,0.99943396342743107,-10.640785794589625,19.692207144380077,-1.8837797631558204,,0.1318621255563259,0.375,False,4
0.78714405638967844,0.58738419636502082,0.18810646015227786,-0.61652102404562503,0.7406892637336131,0.26698547057750366,0.017494610602577013,-0.32612761375016353,0.94516385783073986,-15.557734328561041,-27.275347028476727,1.5072084033512554,,0.3068532400500429,0.2222222222222222,False,2
-0.83849866572202392,-0.52646425694922505,-0.14055381082449056,0.54422836394608731,-0.82195783122208144,-0.16793097263238249,-0.027119650789629097,-0.21730326699705482,0.97572732599505263,11.980637973660242,1.4446545228979399,-1.3315793141214844,,0.1075290067673264,0.25,False,4
-0.65011988278609611,0.7566042724144354,0.069957937150947641,-0.75555798577755606,-0.65346879044457284,0.045942029152728235,0.080475264112369896,-0.022989451475195745,0.99649145354434143,-5.6312849365633673,13.353386233201547,-1.7112785208762615,,0.2213905179022538,0.2580645161290323,False,4
-0.82800003823444424,0.55696116230774373,0.064886056780839224,-0.55618284508244853,-0.83047498101882278,0.031176092407157491,0.071250119436757728,-0.010274705961421481,0.99740555988908264,9.4913209097037949,9.1929836872514503,-1.7152761855517402,0.1873107998580289,0.1694450141064982,0.4375,True,5
-0.53821518836966464,-0.80137807242998005,-0.26099347891588293,0.84091102355129965,-0.531369288585396,-0.10254428125524789,-0.056507180765911921,-0.27466318314739474,0.95987867688850581,11.095289859377138,5.0082906859608416,-1.4950931782028138,,0.1646557228080594,0.5,False,2
-0.99743613445491774,-0.0072455167337220861,0.071194523461370063,0.0010385837780711948,-0.99622210907947573,-0.08683565353572284,0.071554727498371107,-0.08653907711838342,0.99367545461490137,-23.407979988528975,-13.675750953133067,0.55512236541135995,,0.3647414372119752,0.625,False,2
-0.82440226027213936,-0.56585257781388743,0.013106236666804683,0.56534609212998355,-0.82210628151720966,0.067268551369138452,-0.027289363707201593,0.062865905476058956,0.99764882025547019,-23.972888555947453,3.3055312681041835,-0.76371150732673077,,0.1105518273902068,0.65,False,1
-0.5409672002881748,0.82086657708202104,0.1831189527111283,-0.83705395272182048,-0.54666690734591217,-0.022270443319176297,0.081824008977503401,-0.1653280225566813,0.98283847936084945,22.657159771224407,3.9025569651293432,-1.4551966452464118,0.4251576379058055,0.2669750257189695,0.40625,True,5
0.95846150854035272,0.26956282726262198,0.0932063238451772,-0.28521282258065089,0.90320353569012557,0.32074447610587609,0.0022765065623255587,-0.33400487313067256,0.94256859816293126,2.9382824018785589,-2.7380644282235558,-1.0280875429993213,,0.1236075239298899,0.3376623376623377,False,5
-0.66488959993616903,-0.7334986658201087,-0.1410727724858383,0.74567346499738518,-0.66281583835551583,-0.06816339210945889,-0.043507510794276893,-0.15051535358625326,0.98764984930859512,-4.4939089659949119,-20.010690630493098,0.39401596555238633,,0.09629907289973828,0.2916666666666667,False,4
-0.88860627641585488,0.45607108619555004,0.048765252493565094,-0.4550537521793907,-0.88992777705143344,0.030897156175816849,0.057488852326408546,0.0052645957780595599,0.99833226727852842,7.6944074217180489,-11.80541062943346,-0.41813964118962982,0.27595973300217,0.3379857952977939,0.8870967741935484,True,5
0.71095864415690513,0.69678414707590053,0.095024516217057126,-0.70166428426699723,0.69384303803400493,0.16201564972503629,0.04695783728685278,-0.18186173581997078,0.98220225542496553,-10.669522002107273,-13.10212940878389,-0.083919985899647012,0.2382831431641607,0.2776419541852864,0.4107142857142857,True,5
0.062641547303206729,0.99519463714632406,0.075257363404900052,-0.99489500991513979,0.056288805611663523,0.083758519619005101,0.07911988244060425,-0.08011993857966572,0.99364019627054978,18.562119191308366,0.90042085319523701,-1.2869125174895566,0.3824544408342561,0.1422174225270043,0.631578947368421,True,5
0.69660355863495682,0.66643130135088735,0.26573069577464636,-0.71620007459199742,0.62402084199890773,0.31249870704595289,0.042437427484853713,-0.40800405553221863,0.9119932869367684,-21.423416676548715,8.7943982044277984,-1.1161128501797433,,0.4450502614897207,0.25,False,1
0.47975960530684503,0.87539262818132413,0.059316672543336682,-0.87527673744146572,0.47280329763408646,0.10172352058474975,0.061002901649370243,-0.1007213397057778,0.99304272703556407,18.286722283282742,7.9536221522645674,-1.6743374193316474,,0.1628969801851374,0.6,False,5
-0.47585624425710887,-0.87500328736982491,-0.089051007257180473,0.8774376120812083,-0.4792566396295333,0.020403682908604018,-0.060531576113181537,-0.068427483243265599,0.99581805960237879,5.2631230859722073,-5.2314195613157697,-0.86618726996927087,,0.07809696447452892,0.2307692307692308,False,1
0.34933685272592774,-0.92674217255638869,-0.13824872127078902,0.93439385666087904,0.33356264378208456,0.12507630993723451,-0.069798882239992019,-0.17287252031069367,0.98246791691101909,19.631069150041291,6.3157913365529996,-1.6075844552049952,,0.219235794015596,0.1111111111111111,False,4
-0.44471386285668946,-0.89414114492435581,-0.052356404922831959,0.89179648820296475,-0.44746455423029058,0.066891676136470415,-0.083238235276468467,-0.0169436023575056,0.99638562340451786,-9.604268547596801,-16.888447046345135,0.18761327991138857,0.4016934418297018,0.3263159194128406,0.6904761904761905,True,5
0.51642627025264509,0.8540811964841829,0.062042059968121822,-0.85441236725492842,0.5090666413779128,0.10407046323544569,0.057301082666653805,-0.10675422449888144,0.99263292383280899,11.106406184638821,3.5645419945201819,-1.416332444654258,,0.06866703572253702,0.2727272727272727,False,5
0.96755849636793423,-0.25256731641659735,-0.0063487624259277141,0.24911031578204096,0.94952250242569358,0.19065956036407192,-0.042126080724348786,-0.18605581975678079,0.9816356886632831,-6.2030360719409474,-23.689698476363034,0.86110726043489905,,0.1485591308265671,0.3333333333333333,False,1
-0.92471392408419806,0.37929368515602563,0.032256146787302542,-0.37880582541446678,-0.92525297265164841,0.020324449103261741,0.037554030900381841,0.0065754847766724151,0.99927296459129877,-22.414916682577243,-9.0624181091035076,0.169071353014695,0.564175119245797,0.528023889210789,0.9222222222222223,True,5
0.019144831556391427,-0.98357511454875568,-0.17948111172231504,0.99737950292793098,0.0062612546695324754,0.072075820003626168,-0.069768205967397925,-0.18039066142781338,0.98111752950690112,-13.816805473836931,8.382721360060799,-1.3344339903611875,,0.1602109574364742,0.391304347826087,False,4
0.42556862582963306,0.90233355598999154,0.068450700828651304,-0.90245144105745501,0.4175985614712463,0.10579620971692598,0.066878555926393329,-0.106796981191425,0.99202906387141598,-7.2179559870417052,7.3456188896804031,-1.3914989266470363,0.2628877924267232,0.1949048188419112,0.8122743682310469,True,5
-0.089821275028063349,-0.96972724314816139,-0.22707094144473736,0.99288913723343486,-0.10507006027908654,0.055959303040637252,-0.078123618171317161,-0.22042993519305723,0.97226917258267831,-17.99370456588284,0.2746462974645047,-0.78212085124186148,,0.371496687167054,0.3888888888888889,False,2
-0.75299551680566168,0.65718477844828682,0.033255355154454644,-0.65432653814544928,-0.75315689644619099,0.067907811142254082,0.069674479898775302,0.029374415933191182,0.9971372074792002,3.4844760779979871,-8.993662017177769,-0.61846471207140596,0.4203188696210949,0.3479988940443405,0.8326530612244898,True,5
0.59425323600728652,-0.80302326973071625,-0.044907903155882875,0.80040225562748535,0.58499201020258673,0.13092202712137946,-0.078862669757640613,-0.11374522526298277,0.99037503151511819,8.5968496909334995,-4.3726116778789841,-0.98035330020885736,,0.1068485335200479,0.3125,False,2
0.9556761188292322,-0.29427614347356124,0.0092036558944616001,0.29089510850659106,0.94859563836648175,0.12468500599120186,-0.045422370550580973,-0.1164811841217946,0.99215368869905951,2.2668906033364875,8.5739279569455782,-1.6089426093879651,0.2900031820906603,0.2580539198702569,0.7738693467336684,True,5
-0.73479985761882349,0.6772449498634262,0.037529283604164146,-0.67450957586010074,-0.73542051749889348,0.064757196624673691,0.071456289550910282,0.022269717693426196,0.99719509543392326,-5.3461486079201048,2.7170647071025265,-1.3109809937672696,,0.07518399787742211,0.402027027027027,False,5
0.43204351566700144,0.85952109049256953,0.27306024164744719,-0.89962674492799433,0.38948754202820612,0.19741118107921021,0.063325511291736636,-0.33094251706798128,0.94152372780315507,-19.095675386770147,16.373734763104739,-1.5770729551660281,,0.5642763569438403,0.3478260869565217,False,1
0.3650046026641795,-0.93058285533990437,-0.028056895434004598,0.9272448657434329,0.36065901906620257,0.10070765074534958,-0.083597840799910145,-0.06277436828543044,0.99452037671430227,11.893416954737576,16.574183607054877,-2.0591188610504023,,0.1082249228339626,0.6190476190476191,False,1
0.20998151903229212,-0.97766962737029051,-0.0083583121818577057,0.97332763861941507,0.20822559095680634,0.096308936087172767,-0.092417907163306501,-0.028358472954779917,0.99531639564875451,-14.213050256862484,-7.2810591257291222,-0.35218899794178776,,0.09042958999625351,0.4693877551020408,False,3
-0.80676828320824134,0.58044419115316137,0.1104965074822724,-0.59015640264677649,-0.80075618857920672,-0.10249364305711024,0.02898892244019308,-0.14789884180971358,0.98857755131658853,24.956012209845845,-1.9839814343600739,-1.0722058801398193,,0.3413630909278426,0.4090909090909091,False,4
0.42180200969716986,0.88720244502725487,0.18696225863283128,-0.90630821030560949,0.406596808012748,0.11525824762891429,0.026239141526966527,-0.21806159050026588,0.97558221088764352,16.202257468755867,2.602718782785673,-1.3856230562137928,,0.2783257810088143,0.2068965517241379,False,2
0.97061029457341474,-0.24059687037956662,0.0053667524321382443,0.23703739210179728,0.95962822488319555,0.1514164613016262,-0.041580413822960377,-0.14569425510666537,0.9884554887374678,-6.9174210397703133,-3.1249381832003666,-0.92868202550499745,,0.07087603023123162,0.1651376146788991,False,3
0.51183586814933713,0.85506225562493265,0.083021582021891305,-0.85711551900790006,0.50173616120756659,0.11667823967010224,0.058112228933621217,-0.13087919445923343,0.98969369266761986,-4.8104842237149601,8.3424985900689546,-1.495726800345462,0.1381199255119253,0.112765417992634,0.5528455284552846,True,4
0.99568286756207436,-0.080336420408019332,0.046493943685061656,0.072668490178233458,0.9863112721000078,0.14801812410539375,-0.057748746987096596,-0.14400046557039226,0.98789116209070815,14.489265905287532,-8.6464094209248543,-0.62077607245102517,0.7037745262157556,0.3947239423294356,0.32,True,5
0.37981481404184542,-0.92327648622960312,-0.057456392245568616,0.92124618009356463,0.37188155498899222,0.11405956655180419,-0.083941543334481783,-0.096252994937754549,0.99181105976296635,-11.726787054681928,-5.4281691122888764,-0.60514097238202469,,0.09452628157319248,0.4285714285714285,False,5
0.2944286128233613,0.9543945562605457,0.049424922166318025,-0.9530626453158294,0.28941108871481425,0.088954009648240337,0.07059310203202962,-0.073295652730167332,0.99480870585070447,-9.7502562824208585,6.5401540782528098,-1.3283589954428421,0.0915457732915997,0.08558419342428422,0.4324324324324325,True,5
0.66384922293976845,0.7398626859325107,0.10912110321563312,-0.74647262402098913,0.64661659283820938,0.15705286833905616,0.045638041034699803,-0.18571534086078303,0.98154316327886393,-15.178498196919334,-13.741913806901282,0.20515477027167184,,0.3787774579101948,0.25,False,1
0.032863407858591383,-0.99863748278690478,-0.040536087588130612,0.99592784036944726,0.029313610892410656,0.085255199216796182,-0.083950778441698362,-0.043172794552600771,0.99553421669450937,7.7746449017491912,14.120569797330434,-2.0204248757458858,,0.09989936548865971,0.5,False,5
0.86235445102225583,0.49955958872124612,0.082371221423291771,-0.50630441215355615,0.85060663705805439,0.14185975901090128,0.00080189522235035379,-0.16403830744508527,0.98645364343926767,-14.942197798209811,12.664236197273347,-1.4434662126815059,,0.3437714751516729,0.4444444444444444,False,4
-0.99313953256632581,0.11692836271076372,-0.0012754794078774535,-0.11521358056596091,-0.98032335180150143,-0.16028710729762596,-0.01999249126824014,-0.15904051026845292,0.98706961070961918,-6.5100402224356033,15.222288795200081,-1.7681363249405169,,0.4882070334252832,0.3529411764705883,False,4
-0.33018821405980098,0.9392835724376849,0.093392257948393995,-0.9366286560215179,-0.33830173071045966,0.090987360208070356,0.11705769524181013,-0.057430911075900606,0.99146315435202514,-5.0586446525185638,-24.822116456199726,0.95825328609573224,,0.128837730805605,0.1904761904761905,False,2
0.40677259479683148,0.90641343321275569,0.11380133660778022,-0.91021234183917799,0.3915321854504572,0.13496681266158714,0.077778846005144758,-0.15848418169600784,0.98429325674122869,8.490337281313721,11.999367096697076,-1.8888453359020405,,0.1192441203947126,0.2083333333333333,False,2
-0.99299816027840593,0.11446267550133381,0.02920530090198252,-0.11482976230268997,-0.99332190611456139,-0.011212337956022375,0.02772687095953514,-0.014487468723303183,0.99951054715634824,6.2866254046932779,4.9183812436660892,-1.5013633190579374,0.5985642685176171,0.6013302062756596,0.8539325842696629,True,5
-0.37940008003951481,0.92312058900800009,0.062481656632426691,-0.92139508697449668,-0.38310821156713676,0.065262484852247532,0.084182379185133355,-0.032809699470625064,0.99591006152934192,4.2758852566581806,16.150712713254279,-2.0712955952057022,,0.09442955242513343,0.375,False,4
-0.99953137118852831,0.013178217181903682,0.027629198357665127,-0.018825596777561942,-0.97635364861665941,-0.21535818939363677,0.02413783163312884,-0.21577740248886917,0.97614418896964561,23.102002485149924,0.99593696457745318,-1.2838174289437716,,0.3772852021967855,0.1851851851851852,False,1
-0.9936635310111368,-0.11076941724258221,0.019050547032022747,0.1117524123257868,-0.99178951032910279,0.062168847025877452,0.012007725756691684,0.063903860641578963,0.99788381644220236,-17.437141337921169,10.820751144152657,-1.3690703466008858,0.5140289247179746,0.464758804759219,0.9583333333333334,True,5
0.9409833089926718,0.33664703477703212,0.034916846550525169,-0.33838866823884844,0.9337736484627206,0.11644690912238811,0.0065970754687056585,-0.12139006307128618,0.99258295934536811,-10.556053573480527,10.469281576782622,-1.4142404494315841,0.4693230578649298,0.4532112306009203,0.995575221238938,True,5
0.1384873664388743,-0.98337634310262512,-0.11744027061843532,0.98677091498758629,0.12691897544425765,0.10086989147778452,-0.084287666187794291,-0.12985584891827665,0.98794384852092032,-12.95089091892002,-16.132144582232872,0.31083675374226261,0.2830821816625044,0.3281174090550706,0.5882352941176471,True,4
-0.67969248224760914,-0.73083510969579579,-0.062435342651557008,0.7314962617145534,-0.68166125329231186,0.015847866026316423,-0.054141930827382528,-0.034899544350726661,0.99792317997448798,-12.67369041097583,-12.446514490357458,-0.0039765495387777978,,0.174422867124871,0.3333333333333333,False,3
0.28838754104776454,-0.95182082869518525,-0.10425802717506016,0.95128988442991114,0.27241497371474305,0.14435247790503403,-0.10899624741132789,-0.140809062769438,0.98401861054161055,-16.424892028556712,10.962780002170971,-1.3790699765039753,0.4524777399343853,0.1576042025615623,0.2222222222222222,True,4
-0.057157552646631297,0.99538013297735539,0.077145350147824157,-0.99562963198999599,-0.062546802718631833,0.069350799369167326,0.073855602894523378,-0.072844274611388357,0.99460497765566591,-16.132319986939486,5.6041481526565793,-1.1175898832386686,0.2839211469759182,0.08662466074721217,0.4634146341463415,True,5
-0.6448233569742513,-0.75264879314281663,-0.13312637785622863,0.76286046093407001,-0.64454639758167775,-0.051028016892102124,-0.047399951940017518,-0.1344609071259899,0.98978457707267831,-3.0044620841019687,-33.840821718482474,1.8351795249044733,,0.2409776050528042,0.2727272727272727,False,1
0.99526702489285179,-0.09700052937443597,-0.0058691108365479076,0.093319094591445481,0.93715099948705083,0.33621354931807124,-0.027112649180139781,-0.33516995906778607,0.94176748871095228,-7.9327528000731657,-14.257940884566375,-0.13177311504786979,,0.2253716890299562,0.4923076923076923,False,3
-0.86976262313681463,0.4914016744579276,0.045137276547356726,-0.49018483787562606,-0.87088739388248393,0.035692742867731095,0.056848958750479739,0.0089186050770722891,0.99834295428598363,5.6869164530177043,2.513305791246915,-1.4002270841720716,0.6791240665110583,0.6616457997597955,0.839622641509434,True,4
0.42192755006868915,0.8946203377830807,0.14707682930332894,-0.900800465516021,0.39529585237898257,0.17972120191589511,0.10264338176012175,-0.20831620272283291,0.97266062728167713,8.4610135660892052,1.7592315845466249,-1.3567574963287194,,0.1842551259310049,0.3448275862068966,False,3
0.61672907230685592,-0.78536217296282751,-0.053399519198490668,0.78169358700728264,0.6030314155389519,0.15908566215965342,-0.092738273669570451,-0.13985481454777746,0.9858195795603748,15.116096311523611,8.9333173189862762,-1.7410529634001646,,0.4109342657193724,0.3157894736842105,False,5
-0.75412140628238578,-0.65662121524939643,0.012226376040428527,0.65565304414467929,-0.75168027020677208,0.071385272190337523,-0.037682758530809463,0.06184942252179277,0.99737388107130043,-6.1838667888886443,-2.6856004095053509,-0.99499295877380434,0.465997994848614,0.4410953589026951,0.9858262967430639,True,5
0.82270023233633083,-0.56847501445847626,0.00069688606063099401,0.56456555071091785,0.81718473687187243,0.11608119905534095,-0.066558745963428631,-0.095106591570106008,0.99323948248933991,2.3374542535783083,13.955429620327093,-1.9075589662878163,0.3412388437340274,0.320340843114389,0.8508771929824561,True,5
0.65834285191812436,0.75140949951233926,0.044367255616348952,-0.75136065403728025,0.6524745331815367,0.09866180169754929,0.045186910637717986,-0.09828910210268417,0.99413147798209633,-8.085763153422425,13.515241936005383,-1.6536744810293633,,0.08768820231278615,0.4888888888888889,False,5
-0.95239211326232009,-0.30478179192674343,0.0075711231434804661,0.30486245686603913,-0.95182421496554503,0.033008274702337276,-0.0028539427697377995,0.033744971701658986,0.99942640144010586,-11.846297163331833,5.9892126939062829,-1.2912334925009354,,0.1204693989755286,0.582089552238806,False,5
0.93290035953380923,-0.3596478639353744,0.018717188581922926,0.35654882788731213,0.92967933356845733,0.092570351991835081,-0.050693712764726458,-0.079685323005123862,0.99553020887549937,-6.7048499116452582,3.8941629300578775,-1.3170920422266654,,0.072174090644145,0.3928571428571428,False,5
0.2217310891322222,0.94051836469907768,0.25741120755711488,-0.97239562735699703,0.19359545373913112,0.13025952628707507,0.072677837125439015,-0.27918811929470316,0.95748207609096025,-8.3200917448887566,15.587157502865242,-1.7447089290194087,,0.4777220398761439,0.1463414634146341,False,2
-0.22968737863213845,0.97135039242906007,0.061009206067684923,-0.96962683063891852,-0.23379349284319578,0.071863843546711673,0.084068528012713237,-0.042649945276531639,0.99554681696326364,-7.0761783745483671,2.0591475437866213,-1.2369390741337496,,0.09430813335570497,0.4952076677316294,False,5
-0.47923493000305029,0.87575713980818548,0.058166261182547793,-0.87433948587090027,-0.48214007635284006,0.05542030513707237,0.076579013521852257,-0.024297712844268779,0.99676741311027817,11.002363547402629,5.7024499617785205,-1.5221328602057009,,0.08862434599993538,0.2758620689655172,False,4
0.67210825795280038,0.73844083159145335,0.054549315579345593,-0.73878984606145437,0.66384169760417444,0.11620569641158114,0.049598920836493317,-0.11840328863900221,0.99172607523011336,-7.7287839536976737,-5.6529291376892621,-0.75643416363200133,0.1336342572674681,0.1018415727060675,0.5776699029126213,True,4
0.80540508794428145,0.59061411018712551,0.049976165932716123,-0.59217697594464547,0.79817127370280483,0.11067541279208079,0.025476920428488883,-0.11873327538441908,0.99259928261205588,11.581372995176205,-5.0649296267592909,-0.94050820887811148,0.3481444097403159,0.339039643146285,0.8163265306122449,True,5
0.71296667851190942,0.67479690472929565,0.19059814453309543,-0.70115631524472344,0.68312105371644882,0.20426807768658378,0.0076378612280618638,-0.2792754255875225,0.96018065994830903,-9.4796463781311378,-30.607901899851857,1.6820336372600571,,0.4366393514415368,0.5555555555555556,False,4
-0.35161898907514677,-0.9355139372389174,-0.034318504534868857,0.93369536534276587,-0.3531131729575861,0.059363724792701932,-0.067653907937454988,-0.011169615730356689,0.99764632431800471,11.00523916070162,-6.8062657819917778,-0.78832554027754076,0.2320924089276576,0.1955874882121383,0.6055045871559633,True,5
0.63506197694154265,-0.77150309770721071,-0.038461092954786176,0.76562105258655877,0.62204646004096731,0.16395915767882546,-0.10257041132484755,-0.13357084928485796,0.98571706840349083,7.4292908488557927,-6.8620184125040176,-0.75091291648668868,,0.1380381911486796,0.2307692307692308,False,5
-0.5879260074913979,0.79231544370863594,0.16303143063842557,-0.80338031346889394,-0.59545710951713471,-0.0033019170372004386,0.094462064585981553,-0.1329175247523296,0.98661535056366678,15.535675176484665,3.8603946326406793,-1.4505983482502784,,0.1665998794675153,0.1428571428571428,False,2
-0.75838767491943171,0.65093799421091791,0.033583660059107748,-0.64806451640960483,-0.75854650406927049,0.067967519706647481,0.069717408881023096,0.02978135082489481,0.99712213597029364,-9.838466379422723,2.7121042731892935,-1.1939645522987619,0.1271410696699927,0.09109876282447216,0.5761589403973509,True,5
0.99973925603879943,0.0030970118814894164,0.022623625978032608,-0.0054781230053934848,0.99435547017485093,0.10595843100805988,-0.022167771726670615,-0.10605473799297191,0.99411316380275172,-0.59667451808799044,-10.172188207409175,-0.62704976815129143,,0.1616777371460967,0.3414634146341464,False,1
0.75319146670153603,-0.65538970080352921,-0.056275701405224157,0.65356511544119134,0.73590377401508811,0.17691318568352343,-0.074533578783872914,-0.17002933708925347,0.98261628836624615,-7.9695092081726129,17.550215637670192,-1.8372695397934955,,0.3647983924712096,0.1,False,5
0.17883610677807707,0.97925045940814703,0.095321480587507126,-0.98050492129808542,0.16936782470649905,0.09962248372945616,0.081410971144541697,-0.11127927795920879,0.99044897701708023,1.9281651204344137,17.702399277353262,-2.0914674249696992,,0.1420172372571399,0.2857142857142857,False,5
0.30611870126041629,0.94461013453603471,0.11833441794529286,-0.94922811672688978,0.29339501906691423,0.1135136344314987,0.0725074006826808,-0.14707500303770302,0.9864642012398126,-11.352523916781271,17.111009556290412,-1.7707016826516826,,0.4091740019067274,0.1739130434782609,False,5
-0.10447120472166721,-0.98547534557593219,-0.13388095699538063,0.98949908407504539,-0.11651729596753058,0.085529423913994138,-0.099886585679200834,-0.12353972236657462,0.9872996541065634,6.0452926581986741,6.3552688886567754,-1.5423400605448914,0.8315226379868155,0.6901504230392304,0.4418604651162791,True,2
-0.19201379572247201,-0.9704557668841084,-0.14610375345495888,0.97816184565963915,-0.20131832067270575,0.051675308003451888,-0.079561962946993692,-0.13299074510243278,0.98791869896723916,14.568912602258981,5.5458530205378915,-1.549258538811888,,0.0875755169589223,0.2,False,5
-0.44315602628119555,0.88491484463730175,0.14331243529854698,-0.89263524245188341,-0.45031965251984507,0.02036012002109755,0.0825533785106808,-0.11890302054593049,0.98946804465911187,-8.9504634522794309,-6.0621449095615878,-0.68875447228104869,,0.2153461565331137,0.293103448275862,False,1
0.98707538394644923,-0.15916886582644529,0.018640240301401313,0.14930171342344786,0.95562482725536091,0.25394918370017433,-0.058233879965133364,-0.24788396818811287,0.96703792766339947,-6.3926833393170934,-18.952831006515876,0.32246703465614607,0.5448155257803605,0.2015048765910331,0.3928571428571428,True,3
0.66705268191577771,-0.74501054620333351,-7.4798237613929452e-05,0.74118180291850078,0.66361440585236597,0.10131858352587234,-0.075433776065145328,-0.067640271961450754,0.99485402901005138,-6.9226319478397187,-4.8948950414102299,-0.82739417592944542,,0.06471163608560704,0.1317829457364341,False,4
0.58883823497816601,-0.80793760449977037,-0.022502450154846816,0.80438346090043267,0.5830732006101581,0.11398636128971272,-0.078973292052698721,-0.085220126527713116,0.99322744080948555,-14.617249736804318,-0.8107535395824722,-0.78508333239291184,,0.08651637102360525,0.3414634146341464,False,3
-0.47700547367609814,-0.87799974815139903,-0.039777133244104174,0.87546107032431975,-0.47865190143590602,0.066785264829798158,-0.077676846161747193,-0.0029663947595950091,0.9969741762315073,20.695490528481873,-2.2166999456364804,-1.0791297245210403,0.4367900077199562,0.1151590990429599,0.3888888888888889,True,5
0.75966277852331809,0.63406291985655616,0.14448763472772139,-0.64962083540195326,0.72960312151996376,0.21371021332635021,0.030087092546491265,-0.25620987243138077,0.96615281820775911,9.5847516972966176,17.088631947424329,-2.1086594348838492,,0.1861830799926112,0.4,False,2
0.9981852970385845,-0.056090240630994305,0.021908849398121849,0.053759487540070039,0.99398314409528454,0.095432838970042691,-0.027129877910183849,-0.094081848198311863,0.99519474253241935,4.078934247237255,-5.1594210593878653,-0.86122820995400873,0.3741996805952645,0.3144485921120271,0.8009049773755657,True,5
0.95757184886261404,0.27343975592118147,0.091032159963393949,-0.28818928894070617,0.90660349849202138,0.30824832564326987,0.0017572722289103289,-0.32140441254561791,0.94694039706336364,-4.8841507703165279,-27.116942596672331,1.2068338810120292,,0.5686275981671912,0.5526315789473685,False,1
0.49031253498440547,-0.86645524729206214,-0.094068711467825999,0.86683848573371425,0.47361118821872061,0.15583158230901928,-0.090469097972993615,-0.15794855755625825,0.98329425681117943,13.560009550614474,-6.1928134873090581,-0.83793100183139979,,0.2328951303764643,0.24,False,5
0.89322610438379191,-0.44911008645430189,-0.021148444206695469,0.44614689542099878,0.87954440920401955,0.16539220037279817,-0.055678309542932486,-0.15716794356025948,0.98600109703969374,-11.630373843502731,11.40473604658113,-1.4503110164354995,0.3758081901090199,0.3085995466525129,0.7063492063492064,True,6
0.77004813455906107,-0.63565790264466004,-0.054450906948379688,0.63581092450862775,0.75758164469187617,0.14769739300825596,-0.052634007424794273,-0.14835458345242661,0.98753257102288161,-3.0988655508029268,21.741946975737307,-2.1748794965099281,,0.4563972839247908,0.8157894736842105,False,5
-0.9158113270995627,0.39909737151063057,0.044843073148978563,-0.39795793651575101,-0.91683273851291236,0.032360629707110636,0.05402863981504949,0.011790574380454137,0.99846977342106646,-2.19172161552205,4.5757098584478033,-1.4198783439644158,,0.07839176610362308,0.3536585365853658,False,5
-0.081357588619231563,-0.99642269412679607,-0.022863888627307937,0.99404692250122717,-0.082788844088178978,0.070828830008574581,-0.072468328529808418,-0.016965315312167176,0.99722641332671047,-5.6119529121715939,-10.635511897427044,-0.54186576326522351,0.1592680215002141,0.121042660388908,0.64,True,5
-0.98153381136854478,-0.19108526889619454,-0.0088202693386786497,0.19114307633658706,-0.97794424787129497,-0.084198411054086958,0.0074633443524661676,-0.084329520728605611,0.99640997105847962,-15.319011353168733,-24.89364274148889,1.2750356339458584,,0.2848732447318687,0.3571428571428572,False,2
-0.92523174599859781,-0.37381988286757706,-0.064845287949545583,0.37884152254433323,-0.9195604295095402,-0.10434422493134789,-0.020623214896809353,-0.12110867703473291,0.99242499532922834,3.7174581370701443,12.941740453506148,-1.8744814865695054,,0.5660788736160018,0.2857142857142857,False,3
0.91557864713311587,-0.4004987818783291,-0.036283145231186524,0.40033440135342357,0.8992145972537755,0.17648080682818157,-0.038054014333429795,-0.17610744958605368,0.98363512452199775,-17.033280322653372,5.5064384718620571,-1.0796214085754072,,0.1976206047017073,0.3529411764705883,False,5
0.80416979921720033,0.58609105536165373,0.099036401651259265,-0.59261227133511662,0.77763329212109034,0.20999323524330038,0.046061153806658671,-0.2275604047499849,0.97267395991669325,-2.2095843927808989,-13.747861975933485,-0.46180919692479266,0.1499094538117706,0.1569148088547194,0.28125,True,5
0.51745011547490649,0.8299290368747072,0.20847822847296815,-0.85397085153237118,0.48529636031137574,0.18767319308203903,0.054581706899682732,-0.27514584572686629,0.95985186401400735,-10.057684961634514,-22.457828952011059,0.89208013994218138,0.6101352493920645,0.4709340352050419,0.675,True,3
0.6411388713706323,-0.76740064542406017,0.0060989359995683931,0.76354476318374964,0.63867527037154503,0.095358762735809621,-0.077073615668803219,-0.056481398872273644,0.99542428609571687,-17.768278531275012,3.9159211175567954,-0.97016930367249599,0.5278610574978818,0.4707911454631756,0.9954128440366973,True,5
-0.31630927893140465,0.92562865144101314,0.20774994511043032,-0.9421253334777796,-0.33215888984712488,0.045500856199735429,0.11112288729725418,-0.18133414330185466,0.97712314085365148,5.467180218841075,26.286455601614396,-2.4363146235095416,,0.393442175433411,0.1875,False,3
-0.0063782571338679168,0.98390546350409569,0.17857591305303114,-0.99668326124871232,-0.020743184503843576,0.078690514315700039,0.081128260073565925,-0.17748171506785979,0.98077441149022915,-2.7073395318314466,-35.838144249236571,2.0694291685305921,,0.1834777263917409,0.2105263157894737,False,1
0.17828812179940387,0.96886661430648868,0.17178716281352857,-0.98369839167503181,0.17133594002148581,0.054602837590262736,0.02346955136332499,-0.17872179312897069,0.98361969318409248,13.875904561533174,-3.2947359652275985,-1.0774028642174003,,0.2009923961346473,0.2083333333333333,False,2
-0.78361431650438784,-0.62042316099359984,-0.031995378917423573,0.62074904120160035,-0.78400926244103419,-0.00032288381536077493,-0.024884348829210885,-0.020114117166156877,0.99948796464688416,-15.171516932229672,4.192786876598932,-1.0717210522339202,,0.2242675180104206,0.2678571428571428,False,5
-0.38572573971251201,-0.92141293202090313,-0.047051699521683511,0.92027819889979079,-0.3878749808404634,0.051391009600590842,-0.065602517886078973,-0.023477818098228333,0.99756959742383589,21.011941456156499,-1.1882647957713441,-1.140788238874046,0.3103957585461159,0.2352713103087184,0.7708333333333334,True,5
0.99948467240396832,-0.02231220629114462,0.023077154936339685,0.020132552238198702,0.99567319965423884,0.090716921413089596,-0.025001399359048319,-0.090205570452793427,0.99560930343653276,1.5271262706874789,2.2917713219726816,-1.347854589554947,0.374130028860234,0.3542937823586501,0.9380888290713324,True,5
-0.95409082003738177,-0.29950380323151127,-0.0028598899028523285,0.29927778667041599,-0.95366581037108833,0.03089220832043011,-0.011979713103964732,0.028618070848958073,0.9995186303890643,-16.140225818030739,7.6553754044604521,-1.2439346261565802,0.4985186160967992,0.1658140857713818,0.5416666666666666,True,4
-0.94768925916748503,0.31107497343273777,0.071536207352676531,-0.3167161980390395,-0.9442848994488483,-0.089537023473950497,0.039697833168568522,-0.1075099510589619,0.993411139692434,-4.2412792803933046,-2.4126877484313924,-1.0449020459831675,,0.5794513577267267,0.3493230174081238,False,2
0.99889038313475875,0.038384844468219055,0.02728747324404612,-0.0412198679024302,0.9928163598250348,0.11232363132427842,-0.022779924736488894,-0.11332378117110659,0.99329693226652127,-10.638762033031405,-5.5904150681908069,-0.65126404201287957,0.3010518467173151,0.2649464111179829,0.9028213166144201,True,5
-0.3208595527881864,-0.94710937308640586,-0.0057430650734111022,0.94416423300788299,-0.32032926948611923,0.077091246060255872,-0.074853513566155924,0.0193130661046262,0.9970075009669872,-13.029783309030918,-24.671670483586734,1.1914805120006851,0.5701880336036443,0.5161965014258127,0.9571428571428572,True,4
0.68551914514233792,-0.72780809303431948,-0.018944164195445392,0.72334960312157348,0.67790502943711317,0.13118735734714443,-0.082636876194462139,-0.10363469871434228,0.9911765715124663,-2.5640256258774343,19.512068755384455,-2.0979154520453207,,0.2076120084009749,0.5405405405405406,False,5
0.7450815057348037,-0.6514054730182044,-0.14326360156678639,0.66637683266431158,0.7179565055369731,0.20119734850493975,-0.028204019221337667,-0.24537596842206752,0.96901763008765462,-7.5998381268041344,10.799144265175419,-1.5440809704526988,,0.3274166010317456,0.4302325581395349,False,8
-0.50715315415697215,0.86062588295340969,0.046030075160675338,-0.85806151432246403,-0.50920580947612792,0.066632433802171265,0.080784378856767008,-0.0057037870248190826,0.99671528078298322,-3.5213929359406699,3.0289712377174487,-1.3449953802954506,0.2477221701865158,0.2108102249953206,0.7286063569682152,True,5
-0.97033277947865904,0.23180545109206954,0.068706112633610261,-0.23677067641726349,-0.96858755882762015,-0.076011760098442557,0.048927945574402373,-0.090024295211647426,0.99473699157793183,-3.594529050896615,14.911653350244803,-1.83041498318122,0.5760209796838639,0.4689950990453745,0.4705882352941176,True,5
0.05781627898140846,0.99624749644007016,0.064406550300698279,-0.99509582917836359,0.052322515880340204,0.08394429750600757,0.080259383479874227,-0.068944036499496986,0.99438682171204718,-0.9843302788699112,-15.960976764722094,-0.28693643403804475,0.1744807730460439,0.1309678891296812,0.5789473684210527,True,4
-0.36151782990998754,0.92790166416214814,0.091122775979929585,-0.92877659248432776,-0.36696891089560107,0.052037099162965991,0.081724536770625508,-0.065820362208145494,0.99447915011246668,4.6457188425607647,7.5584740269235189,-1.5920353411914909,,0.07860099467368492,0.2777777777777778,False,4
-0.82788805671138288,-0.56049775835585214,-0.021062488758776973,0.56033841325477751,-0.8281556264421881,0.01338361024776126,-0.024944502115035117,-0.00072199045048805532,0.99968857677979939,-3.3585090570423994,-20.088826358185187,0.35656198157390073,0.1767323417293652,0.09769595748131421,0.3823529411764706,True,3
-0.83164713024228032,-0.55363565669834691,-0.043018721412536307,0.55370281123256915,-0.83263594160270427,0.01142740497785423,-0.042145552469143872,-0.01431601842580325,0.99900891088293231,-12.665673479832853,-2.968631704872057,-0.72346775223913551,,0.3470396423811373,0.2647058823529412,False,3
-0.8344135939645474,-0.54779927478269552,-0.060579771827908198,0.54863753933451143,-0.83605385682701527,0.0032861706660842621,-0.052448113790116296,-0.030494311473241456,0.99815794958895798,8.9874424866956133,4.3509008997761134,-1.4454281442811419,0.1828535138950473,0.2613749840230667,0.5735294117647058,True,5
0.99924996623143314,0.030663035091524213,0.023649170502466017,-0.033993331277760344,0.98709720283202207,0.15647225182068908,-0.018546115903854184,-0.15715880643531449,0.98739918530688831,11.089249408458402,1.7440211096002922,-1.3568546828639036,,0.086105705632801,0.4545454545454545,False,4
-0.98254295209677056,-0.18495914140699504,-0.019986577869917255,0.18600736559552825,-0.97858731611788474,-0.088136965442468421,-0.0032568741416464791,-0.090316004911547176,0.99590783309884801,7.6417061935019639,8.2330701710795342,-1.6688636935158543,,0.1031935475344151,0.2307692307692308,False,5
-0.86177866544093595,0.50370554008670199,0.060151979824470445,-0.50353120773362181,-0.86376517331249891,0.01913238643633737,0.061594274321236438,-0.013800516598776959,0.99800585725357704,-3.6657069294387639,5.1013690462017962,-1.4205033056845298,0.2780167269300488,0.2422082561500832,0.8588807785888077,True,5
-0.7293362960804306,0.6758599717799596,0.10621612761379332,-0.68251652792267936,-0.72950663012449601,-0.044623600446077646,0.047326063982205534,-0.10503987409547388,0.99334126488229524,7.4676209408507477,11.960245296247635,-1.8827359520909235,0.3127795594785614,0.1513409822425856,0.2962962962962963,True,5
0.81607655362824627,0.56216450432848786,0.13412728540960639,-0.57730168068215115,0.78197666846596836,0.23502182761698703,0.027236521433690694,-0.26922771040138288,0.96269133778808924,-10.521088341812831,-8.7357397730123107,-0.44493541530752506,,0.7067143115456834,0.4347826086956522,False,2
0.92865316758798966,0.36985648718123521,0.028451242833128072,-0.37082409526160293,0.92361380317335173,0.097092908912395165,0.0096324816224321458,-0.10071604379449083,0.99486858118053922,-10.199723949085064,3.9119125794506506,-1.2310678612267814,0.3398459325371043,0.323038906025039,0.9603174603174603,True,5
0.98043312174286967,0.19229960252838549,0.042092239866237939,-0.19672561488228443,0.94946506897247651,0.2445712886875287,0.0070658501766631479,-0.24806641382604855,0.96871725910750928,10.225346241070291,-5.2228198838182056,-0.91658138723206561,,0.200410752910241,0.3809523809523809,False,3
