axis_00,axis_01,axis_02,axis_10,axis_11,axis_12,axis_20,axis_21,axis_22,location_x,location_y,location_z,dbh,dbh_approximation,score,reconstructed,number_clusters
0.78097337721908222,-0.60303622945602875,-0.16256657109774167,0.62237462707151558,0.77318698975720734,0.12178547716283838,0.05225330279143256,-0.19628852445735134,0.9791529030308509,2.9684664677584678,-8.3974104865095036,-1.2000729133046433,,0.1137979610711534,0.4090909090909091,False,2
0.45547523199483431,0.88847218010946627,0.056209413898250342,-0.88787529935244991,0.45796182594028079,-0.044140896923856067,-0.064959724745801334,-0.029801864924481357,0.99744277179594321,3.3076310703902796,-13.957560253717741,-1.1550652954454235,0.4456896620311673,0.36617838098547,0.1923076923076923,True,4
-0.54738057355924552,0.83567797645428576,0.044909101073390301,-0.83675283467531014,-0.54555698492132876,-0.047034772949174651,-0.014805450104027042,-0.06332373862002752,0.9978832109893413,5.5834163644643331,-8.6679069343148516,-1.1425816895693715,0.6589387230724598,0.2538311222449567,0.4,True,5
-0.56601627975454505,0.8243836397116544,0.0041455552813761225,-0.82277367927656075,-0.56458147606957076,-0.065507477197775665,-0.05166278876074315,-0.040489152311092846,0.99784346708418792,4.7832414344803791,8.8822359260787174,-0.97546278059757152,,0.0715757916322958,0.32,False,5
-0.98282236204482609,0.18451347991764699,-0.003870451305625822,-0.18140609027976373,-0.96970265290510305,-0.163611110130748,-0.033941642182419088,-0.16009853427650614,0.98651732080510124,-9.2687821366180518,-4.946092444148638,-1.5030434626634397,0.810387944065591,0.5789203787623847,0.6314741035856574,True,6
0.22447634129333321,0.96565237820214145,0.13086579641796126,-0.97396894941317602,0.21797969275653722,0.062204012127510151,0.031541366149118351,-0.14142255130746995,0.989446716202107,-7.5771354942060478,-13.18307796361616,-1.5703724265225492,,0.6634600209336642,0.4651162790697674,False,2
-0.9463636954804131,-0.3217632912348295,-0.029396263204487093,0.32303828456171524,-0.94407444284758424,-0.066103805256948492,-0.0064824828639551187,-0.072054359866385476,0.99737964017728242,1.7373000047496079,11.102288385392219,-1.0056108973300839,0.1520973071197675,0.140813235003477,0.7843137254901961,True,5
-0.10201398213266721,0.97409410401670804,0.20182622220445656,-0.99478236349131322,-0.10011541061064408,-0.019620240694212213,0.0010939543283734708,-0.20277470522269023,0.97922480676593282,-9.2989371037053061,21.154014698133654,-1.1166463241721833,,0.5098719627117256,0.2926829268292683,False,3
-0.88201536013746351,-0.44502227324379956,-0.1549325040090096,0.47118146625674062,-0.82866862709176536,-0.3021528294257676,0.0060770336290656632,-0.33950476107231548,0.94058470478288203,2.1299568796886437,-5.063391215286039,-1.1884243352842079,,0.3231707274967026,0.5,False,3
-0.75853747508876335,-0.62858833768576605,-0.17174865534090811,0.6514723734150053,-0.72575367115119149,-0.22105509604528265,0.01430543823112684,-0.27956807853546978,0.96001929350456372,10.912708076368103,3.8620385595294762,-0.81481681984203047,,0.5567767307524614,0.1923076923076923,False,2
-0.9833607103922557,-0.18049952900523078,-0.020533710958515809,0.18136157528962826,-0.96891704698901304,-0.16824902692899898,0.010473407530621644,-0.16917350880968457,0.98553063455770706,-4.575541332299089,-12.475088306478877,-1.4409413944844425,,0.7142968002747883,0.8404255319148937,False,5
0.99747089733466565,0.068340680963650591,-0.019528448371586196,-0.067998216934136713,0.9975285282746702,0.017694003841661067,0.020689404635108821,-0.016321354220626472,0.99965272066465649,6.218893530549007,-11.756280092466552,-1.0689634978354441,,0.4173711626533164,0.8285714285714286,False,5
-0.45380755977785336,-0.88887160989999547,-0.062975866824195967,0.88945533779430819,-0.44754612150627726,-0.092583320279087347,0.054110080000694574,-0.098029231550988735,0.99371141132817808,-6.1551865216866295,15.585144049645702,-1.1911215618548401,,0.09412617921424953,0.3243243243243243,False,5
0.93527935514433491,0.34239761916106243,0.089534341085608593,-0.35390615974389844,0.9036145781042223,0.241311260269502,0.001719865147121219,-0.2573801947127346,0.96630868641108236,-19.976892652270031,12.109938086672523,-1.4073529492208239,,0.1563779875083982,0.5,False,1
0.52941063367961971,0.84755612681585168,0.037053918063490926,-0.84693792213648278,0.53054821539792785,-0.034853223455106996,-0.049198953180744028,-0.012930701256562897,0.99870529185087098,-11.655674145808314,-2.3061971973999813,-1.5585111382240748,,0.2367573174143676,0.3424657534246575,False,5
-0.32301922151261436,0.92311055125888486,0.20862764123649102,-0.94571983385866432,-0.30653939453091672,-0.10792402627292488,-0.035673216559830821,-0.23216483315768652,0.97202207375405758,9.1053773729985679,-8.1977630325928779,-0.97382821808080455,,0.7390395739034528,0.4098360655737705,False,2
-0.077895519198265165,0.98754039362888191,0.13673426432370867,-0.99670399072692795,-0.074022272149483176,-0.033194247918039488,-0.022659279729266495,-0.13886927009652256,0.990051454655267,-1.087348523978422,15.675189461584525,-1.007959428309446,,0.3097131348312909,0.9245283018867925,False,4
0.44224181954100961,-0.89219266916162387,-0.091730115792551789,0.89646781177441937,0.44287222440847523,0.014479478577429636,0.027706235786228911,-0.088636527130450532,0.99567862815107744,1.0935407863455668,-14.136146113744861,-1.2643489775305714,0.1347031476551878,0.2097965590879798,0.1666666666666667,True,6
-0.99462815988980735,-0.09958137466706983,-0.028255501652455113,0.10266803228504005,-0.98384489023501964,-0.14665778910497676,-0.013194646677088322,-0.14877090366687476,0.98878365658075473,1.056335233456422,-17.286952032663848,-1.2455842410000784,0.4722023259527051,0.4055217347114032,0.8450704225352113,True,5
0.92740353205787074,-0.3714752367347256,-0.043918529340876034,0.37081276698207116,0.92843073433896295,-0.022677375904511722,0.049199396029687689,0.0047455271249746932,0.99877770269596033,1.4514588022501254,4.5418989235681364,-1.1142646452888088,0.6221330349143188,0.4918739052572027,0.7446808510638298,True,5
-0.11134431354117545,-0.975994454986439,-0.18718244489739733,0.99310540581501294,-0.10232833966666652,-0.05718884368528987,0.036661925522831186,-0.19225955044362841,0.98065904802850368,-10.063405687652544,-15.456492003677793,-1.6628706203752928,,0.4448613233056699,0.8,False,3
0.91593165914714281,-0.39423919312512995,-0.075130914915305949,0.39994785436248326,0.91217795987005201,0.089292123494505854,0.033330309971710742,-0.11183393103776113,0.99316779161722379,-4.5075482815528707,-5.071328382389849,-1.3949632168445321,0.2371771050481173,0.2611145822209999,0.2252252252252252,True,7
-0.97294763862125322,-0.21937275573463233,-0.072446439130716064,0.23086934842143869,-0.93478306934432875,-0.26996288120157619,-0.0084992035384268989,-0.27938540997802541,0.9601414251195618,25.664259059158272,-0.71744140772308762,-0.29364162333135502,,0.08034221223110029,0.5714285714285714,False,1
-0.99950184048687385,-0.019140208499674554,-0.025094287834876675,0.023714531390657517,-0.98012130651969898,-0.19697676387594232,-0.020825269848724029,-0.19747373730373921,0.98008695084212838,-6.6515203681224726,-10.364180952100101,-1.5346781862852008,,0.313075331754947,0.2727272727272727,False,2
-0.50212979609103447,-0.8588605094876679,-0.1011152467245145,0.8641995128568255,-0.49401538634998743,-0.095435842467587378,0.032013588608611601,-0.13530492707974892,0.99028667912496027,0.26864968870433847,12.721860862717653,-1.0292671672105562,,0.09549042387511923,0.2222222222222222,False,5
0.12387412247597956,-0.99020015486172808,-0.06448918585791974,0.99074764623056866,0.12705053798587082,-0.047720669380156309,0.055446399967855574,-0.057981153052626397,0.99677674662950189,-1.5923164381794173,-2.8166520033210021,-1.2964520790843128,0.5644302122081931,0.5741983216508452,0.9504459861248761,True,4
0.25173499720616338,0.96703623175538289,0.038346025269400993,-0.96772427045479981,0.25200169954325519,-0.0022090269432368942,-0.01179947262965159,-0.036552289937288332,0.99926207900930686,-5.1754040964582293,-9.9550648802065691,-1.4729252777504545,0.1774512704561667,0.1111598185467655,0.2631578947368421,True,5
0.88029338003629709,0.47304409048430174,0.036233320606199049,-0.47442743935721476,0.87748100840674359,0.070325561998755004,0.0014730408100460529,-0.079097208189444213,0.99686581935956042,-20.25665413851852,9.9397109041827463,-1.4885240329997091,,0.4300661642983276,0.55,False,5
-0.57957895535872339,-0.80027781381528562,-0.15376493495045554,0.81426389119464337,-0.56116494785234639,-0.14855375053640268,0.032596779010341803,-0.21130386181255784,0.97687672097417222,-12.85930377660782,-10.466336103521162,-1.7300373688826802,,0.6883886641488566,0.4761904761904762,False,3
0.94466880431882372,0.32765329198632465,0.015625952686739879,-0.32737084350812412,0.93870414318125328,0.10799473318235556,0.020716683316186604,-0.10713473677978227,0.99402865512393723,-7.4397566539453841,-15.018574954613632,-1.5675791732695146,,0.4372195992234664,0.7931034482758621,False,3
0.57525918311676072,-0.80847167976459078,-0.12429969934983584,0.81678006655818691,0.57594827374760071,0.033969233732362561,0.044127033811964513,-0.12106663035610256,0.99166308588208418,7.4236090051758987,4.6038771208186571,-0.95880380660139219,0.8021852376716225,0.2596334663632958,0.3611111111111111,True,2
-0.39757253768630224,0.91715459535919008,0.027631964989730213,-0.91506820473733574,-0.39408579027949836,-0.085712137871905458,-0.06772191636732533,-0.059361924760769007,0.99593669674946395,-9.9968811740259174,-12.227905814862753,-1.661991309491591,,0.08688291301978326,0.1304347826086956,False,2
-0.32935266418772696,-0.94106436121822012,-0.076972012039369875,0.94328087890407641,-0.32432482221796127,-0.070954867255466028,0.041809162708661349,-0.095975401735186219,0.99450526201492273,-15.550019193103566,-15.228619075482271,-1.8971832888644515,,0.1446943048066057,0.3333333333333333,False,2
-0.93890641061836988,-0.34054823116130478,-0.049816205722978714,0.34375492763287324,-0.92076356403021509,-0.18446411272248325,0.016949980172428949,-0.19031910415741615,0.9815759454901446,-2.6268205933171207,-12.134549128179081,-1.3894229511593916,,0.7887523575586614,0.5612244897959183,False,5
0.92391592231502506,-0.37447328173324901,-0.078416387067421059,0.37969070534385707,0.92264439332812276,0.067544738771163709,0.047056739881351263,-0.092179632935433103,0.9946298701042654,-11.02243902322606,-13.372491320998693,-1.7222946573755069,,0.4105949244840265,0.4925373134328358,False,3
-0.23107392167249599,-0.96995812649313085,-0.07606625778115278,0.97210581227052328,-0.22694056986531216,-0.059230629737272021,0.040188710762596162,-0.087631105203249515,0.99534197988836848,31.128537469601056,1.8436974721210408,0.052295048129130307,0.7750133241318546,0.6264287156055925,0.967741935483871,True,5
-0.44550239819704207,0.87857767011705279,0.17213044696501453,-0.89372600933979196,-0.42510560556037769,-0.14331449455904735,-0.052739296831249907,-0.21768440847436962,0.9745932817729196,-16.275791575019856,-11.32219945969775,-1.8549950002042057,,0.672305298796135,0.7222222222222222,False,1
-0.81395019280793612,-0.56233473690722258,-0.14582430282846642,0.580901241550981,-0.785151860185484,-0.21468652498888396,0.0062314679211281331,-0.25945365696933032,0.9657354548181345,10.795690468059279,13.977911208292628,-0.63334681804803028,,0.2936317792325199,0.5714285714285714,False,5
-0.042099306411481907,-0.98753917744580988,-0.15163779677022163,0.99800344777357231,-0.034413206300134544,-0.052960829527195143,0.047082551244982507,-0.15356465817954093,0.98701627601902597,2.7686359107799019,8.2049262838356007,-1.0579077839353299,,0.08637270392489274,0.375,False,4
0.42910597096959591,0.88874082493177886,0.16126937644147221,-0.90301879833694698,0.42617670183250939,0.054133803351144365,-0.020618329911421325,-0.16885841677199692,0.98542463920734114,-3.9772338159996159,-13.856574113337507,-1.4606928407139947,,0.6587204288851399,0.7926829268292683,False,6
-0.47412494677722683,0.87854934056758538,0.057936094377786948,-0.87888149770481694,-0.46831503530757174,-0.090820376001229358,-0.052657837361864093,-0.093979167335787678,0.99418060143579701,-7.1051661799230281,-9.4758538467038029,-1.543610053018172,,0.1430512690475731,0.1538461538461539,False,3
-0.9955373476044489,-0.091703150642892056,-0.022269299200149101,0.09333849322557651,-0.99163137404468604,-0.089191612232468659,-0.013903783912219601,-0.090872163903007841,0.99576550182284751,26.318409607594454,-0.24813975965711035,-0.24625286857295875,0.2358562284866559,0.1719978983855279,0.2777777777777778,True,5
0.9389786192996542,0.33522892767466755,0.077076056906207405,-0.34396794965734484,0.91359644484676916,0.21685844593159759,0.0022808127145259698,-0.23013713740602107,0.97315553529737719,6.0757228937964651,-5.1997418985086581,-1.0930257476124499,,0.2628554348764039,0.1724137931034483,False,1
-0.81684110777895191,0.57269943282215885,0.069180664116731488,-0.57546706388886659,-0.8006466931407521,-0.16674091022273332,-0.040103154758467763,-0.1760120234755457,0.9835707928616334,-1.8059797517321774,-16.926333219640501,-1.3599423334725804,,0.2708636563220068,0.2142857142857143,False,4
-0.99934597502066713,0.030112428993572526,-0.020021584105673496,-0.028519009384531321,-0.99673037012328891,-0.075599175773403249,-0.022232595748551704,-0.074978736279027541,0.99693726020862672,-2.4774917104674872,5.5822375255291172,-1.2521294402378469,,0.07229967223495942,0.3506493506493507,False,5
-0.78584720106847583,0.61208673563526361,0.088283660052187241,-0.61669858135157929,-0.76498613460898002,-0.18568541573037395,-0.046119804117025501,-0.20036477214165963,0.97863523426904475,-1.9833149239304826,-0.23980424626704072,-1.2646952523265924,,0.3263894230795371,0.2768,False,1
-0.30044863127789984,0.93144547139627909,0.20528018359939434,-0.95210724040756967,-0.28007811935574523,-0.12267049287270587,-0.056766387296710942,-0.23230493079896836,0.97098506497256043,-17.403048060482252,22.680330318535891,-1.0123607634813963,,0.2872325201858114,0.4090909090909091,False,2
-0.9103756343335806,0.41351681826994641,0.014833927990585735,-0.4121318250959895,-0.90296116752944788,-0.12169013385194474,-0.036926456027873047,-0.1168972666137052,0.99245728668969169,-9.7348805416434772,-8.8985045545267756,-1.6093671619080316,0.5951214774307743,0.2568114453519685,0.25,True,3
0.95460506482097829,0.29786238599913123,-0.0026775408569292766,-0.29785301130446112,0.95460565986647017,0.0034084905407062507,0.0035712567816586424,-0.0024562487264254557,0.99999060643947735,8.5761234748645698,-3.2406221483838529,-1.0349327167411013,,0.08560411235066463,0.2340425531914894,False,3
-0.98135986705832068,0.19209342645606897,-0.005738191321558183,-0.18986205299628203,-0.97371815614199153,-0.12579886021533712,-0.029752515176249772,-0.12236448795221497,0.99203917257781704,-7.4354584614725194,10.159540840009601,-1.2678771654496515,,0.09916684778724368,0.3333333333333333,True,5
-0.72555527213668769,-0.68448667876306291,-0.071045996865196054,0.68776853275441752,-0.71776456939846323,-0.10857471284362416,0.023323645244553562,-0.12764015634646922,0.99154626622278996,-1.3478455092521648,5.716984954392788,-1.2169554592955192,,0.1004155609150584,0.2209302325581395,False,5
0.098455373928541423,0.9937982934044588,0.051686471837189975,-0.99385403030933961,0.10083639724031578,-0.045674800814847392,-0.050603416707509216,-0.046871878754523991,0.99761832441046705,-10.528437828966615,2.1361878152344396,-1.4952386289187092,,0.1658511082736991,0.3941176470588235,False,4
0.9933051753318306,-0.10874860307244184,-0.038968833556995847,0.11222460870198644,0.98840540956027878,0.10227601651248833,0.027394631968441722,-0.10596455861168516,0.99399247806889535,-15.996836782165932,5.6041397771100474,-1.4909872271513562,,0.2228524566295609,0.35,False,4
-0.84501512665408141,0.52878036196889111,0.079628917623144793,-0.53233046742408385,-0.81769746174528946,-0.21907791880371213,-0.050731737382448044,-0.22751305424383406,0.97245262145299338,-17.71731322848526,6.7474144410580088,-1.5173893758459365,,0.2656934215189171,0.3181818181818182,False,5
0.73419010606381063,-0.65969007727180062,-0.16054248692210848,0.67721192300387567,0.72842897886306546,0.10380382504466537,0.048465446447984804,-0.18493302761171787,0.98155533506723935,-1.899411896242541,8.2910311472040661,-1.1937654661877473,,0.09698355288113661,0.4,False,5
0.071763893711129456,-0.99599306820533828,-0.053364329344011668,0.99594391010239258,0.074466229284596175,-0.050502560589472209,0.054274040658284263,-0.049523618436584024,0.99729721734675081,-7.1798548698433553,2.7779665876363882,-1.390952528666821,0.1832426264519443,0.1343393706510831,0.6588669950738916,True,5
-0.94534934009137983,0.3260430149660935,-0.0032523192665118317,-0.3245322975384044,-0.94183964774496776,-0.087274657204016476,-0.031518455597255531,-0.081449556950628901,0.99617897821089807,-13.825589065888343,8.2713856898965776,-1.411853259557754,0.1593312979055835,0.1324798425282821,0.5192307692307693,True,5
-0.87254295724531272,-0.47743005859963983,-0.10358246428401682,0.48847642108923423,-0.85594827433017828,-0.16953860242152424,-0.0077184066657622064,-0.19852730496517398,0.9800649648782509,-7.8047062282448518,-6.2237429236863262,-1.4854692897732211,,0.1710977012376603,0.2843137254901961,False,5
0.3653755922333829,0.91019772597964077,0.19504044765533834,-0.93004581945926801,0.36571520944400776,0.035597180894894061,-0.038928785062506591,-0.19440289401862249,0.98014900116805748,0.46078123610593136,6.1137709234672561,-1.1486370421000434,,0.2815528683757204,0.2448979591836735,False,4
-0.52209086338647326,0.83622190691060738,0.16779169458335891,-0.85268800047482374,-0.50748640472659334,-0.12401904234400611,-0.018555436255040754,-0.20782317344431231,0.97799040095745382,-7.6094860314092054,-4.0582908951671204,-1.4548088741296084,,0.3451258227040453,0.5796703296703297,False,5
0.20452447118440836,-0.96975936356720815,-0.13317851726333463,0.97839511162801551,0.20672534051339342,-0.002763897976313795,0.030211690272806461,-0.12973592549230067,0.99108821171857109,-0.93518662498012561,-9.3273535022581964,-1.2956328687037368,0.3067072473567771,0.1478039186413953,0.2758620689655172,True,4
0.88301662730006192,-0.43903643524505981,-0.16591758327233869,0.46796383016860238,0.85064375029860728,0.23961440635289774,0.035937300476726185,-0.28922693271068395,0.95658574724340029,9.7454364129833309,-3.9748078794990604,-1.0111886291856362,,0.4584969681050733,0.375,False,3
0.8842752489960034,-0.44644081336713937,-0.1369229132510123,0.46518758407876393,0.86775415022689484,0.17493783576734825,0.040716036546061055,-0.21838803750225821,0.97501224066362013,-13.451949022515189,10.425862162336195,-1.3498324944109363,,0.2624770202778187,0.3714285714285714,False,1
-0.74286220448598161,0.66569100116945878,0.070790084815819401,-0.66776263136342007,-0.72935086338184318,-0.14879645909349085,-0.047421654345124589,-0.15780623893295007,0.98633076483145754,-1.5745393106872285,7.3402641824661163,-1.1976496088307111,0.3989656365400862,0.7332565010532074,0.6961325966850829,True,6
-0.81982122747931629,0.56893826997007735,0.064825920261600209,-0.57203881376337928,-0.8086272513200099,-0.13745386124380876,-0.025782756301331713,-0.1497705357742361,0.98838455880866793,-15.127649187563696,-9.2174124640286905,-1.7569064412265341,,0.4506421254932661,0.725,False,2
0.37101966473923942,-0.92235982602411193,-0.10768825243986455,0.92711949153088269,0.37451973814570372,-0.013579917628262557,0.052856946566172548,-0.094801461360272107,0.99409196059703508,-24.84151334261438,4.296996864608893,-1.760659879014463,,0.2233588771348116,0.5423728813559322,False,1
0.99089727003821193,0.13414399953587966,-0.011313161332600885,-0.1319430125196365,0.9844322156423938,0.11612172170895299,0.026714072659603471,-0.11357200444619439,0.99317055842791269,-15.836596200742463,1.9899899114175905,-1.6007309064666426,,0.2384616898791743,0.2647058823529412,False,5
-0.97283181539161934,-0.21861261468670493,-0.076202254964600119,0.23132763342885829,-0.93105635086613747,-0.2821729921945702,-0.0092620178174854101,-0.29213455155403228,0.9563323788381709,-3.2931842957636266,-16.490579855280391,-1.4650038795510025,,0.6708772142476713,0.4722222222222222,False,2
-0.79787309638454795,-0.59936207598342572,-0.06452614926191394,0.60268987484600067,-0.79084071097779696,-0.10647011138457479,0.012784241230693869,-0.12383889426577575,0.99221998137670298,-15.830343407228058,3.5406198088729619,-1.5305419110095688,,0.07222485851611751,0.2413793103448276,False,5
-0.98335343129261243,-0.17973347653514987,-0.026681577495266236,0.18136924703815419,-0.97980434882326628,-0.084194027435620392,-0.011010240408826996,-0.087631703393268173,0.99609209371751162,0.75174129302596715,-6.6404129488297574,-1.2349919033443819,,0.07479423987435,0.3513513513513514,False,5
-0.38252158969296496,-0.92008978968569866,-0.084332747701562752,0.92235848785877883,-0.37492093377158203,-0.09321541339667723,0.054148437591821023,-0.11344193376337315,0.99206797870427854,5.1396524474798353,13.241276461503858,-0.82714939004506283,0.229390930356855,0.2308393666767589,0.8666666666666667,True,5
-0.83611317300473187,0.54831962118732991,0.016135518242089388,-0.54801025144962534,-0.83360548348166563,-0.06918570817311509,-0.024485224811635495,-0.06668951139632015,0.9974732993096318,-14.207395707743416,5.9996695565282758,-1.4605413861890975,0.1146062800466858,0.1142597293476833,0.4390243902439024,True,6
0.88740726910326928,-0.4458900768440216,-0.11700588923088273,0.45791708797235003,0.88187209843744452,0.11231002867268874,0.05310630175035834,-0.15324373190956181,0.98676039611692434,-8.4008331544692219,15.001868648620663,-1.2392333421503754,,0.2327835465735615,0.4358974358974359,False,2
0.86197340907650677,0.50695317418108932,-0.00056677397967438981,-0.50695266192314847,0.86196943872596021,-0.0027722322211946454,-0.00091685007495732017,0.002676918036159593,0.99999599673987127,-0.63442757849983444,19.499889441920015,-0.82933480779575119,0.2424491067123627,0.240175130990738,0.7192982456140351,True,5
-0.97615201988030897,-0.21301397000808972,-0.041860275500589836,0.21673224415371961,-0.96729842991007398,-0.13176069913899929,-0.012424509152683958,-0.13769094405551166,0.9903973119397167,11.004027820682573,12.991261731959032,-0.66127707213290832,0.216393412189367,0.1733936668708972,0.2142857142857143,True,4
-0.27744104472855685,-0.95512704605253795,-0.10372459977691265,0.96038471756953925,-0.27276978866027285,-0.057077461866372851,0.02622329038858523,-0.11545115111242456,0.99296695350248843,-17.131022634501349,15.971795737478701,-1.2408830167294687,,0.314002428286614,0.3809523809523809,False,4
0.33058678446848311,-0.91204293348763699,-0.24267275374474073,0.94005421678994061,0.34102336466452443,-0.0010650109575303934,0.08372841471233948,-0.22777346690989655,0.97010762307158793,4.6335526386698573,-5.8474670814453402,-1.12595774707353,0.4738663547729348,0.3859702095743293,0.3888888888888889,True,5
0.79023368563050489,-0.59036054926214088,-0.16433241910753049,0.61248805353642333,0.76952751202612735,0.18079212513282553,0.019725779325368162,-0.24351967088878701,0.96969534572474103,-10.034822804558866,16.080457935885274,-1.22397754702142,,0.5796671557675976,0.2535211267605634,False,4
-0.77490705198627008,-0.63004733074365449,-0.050590728446475546,0.63134442953040704,-0.76768023020850151,-0.10986935627347552,0.03038539259042071,-0.11707871356407591,0.99265769666451908,10.596434906006419,9.8058233939289003,-0.76599538648671339,0.6133669930426477,0.2364850357225424,0.4583333333333333,True,5
0.65397136864192063,0.73996900438062585,0.1573763691046369,-0.75575222620996252,0.64838145122872692,0.091869833357943784,-0.034059089466680598,-0.17901778196166959,0.9832561274491125,14.778752612568871,-3.8359200342429247,-0.75023823386959909,,0.5630816574312593,0.2,False,3
-0.78856856768531514,0.61493709241348649,-0.0034621428016305376,-0.61308874203414077,-0.78661073380975211,-0.073251265151390202,-0.04776827869754998,-0.055641044466574759,0.99730750810416702,-9.9082666556270222,-1.9749643400024666,-1.5144648505013989,0.2458522459214347,0.1546311978213505,0.7390350877192983,True,4
0.4825089496905729,-0.8529054013993923,-0.19934264403845695,0.87421817998119156,0.48300857116810819,0.049449913736194513,0.054108107145553509,-0.19812898940307883,0.97868136607337186,-32.5813055030291,7.22718198941529,-1.8962762796515666,,0.273412998862366,0.4,False,2
-0.92893504396990323,0.36855626368708633,0.035298223491390592,-0.36832621035379998,-0.9102290929357516,-0.18925855631850982,-0.037622956436750114,-0.18881016622622077,0.98129263437497816,-9.7212063588783515,4.8712630879137366,-1.4165509768674172,,0.102669024321959,0.2727272727272727,False,5
0.51776388095471959,-0.81188343918388262,-0.26975144996395684,0.85266450052048504,0.51546683870003174,0.08518912931088557,0.069884283861668284,-0.27411533955535144,0.95915429806136798,-16.34912196180009,-0.18764434234414917,-1.6432203199870556,,0.446275194445897,0.1212121212121212,False,3
0.63596246064013984,-0.76926462726484135,-0.061511640326230466,0.7700911836315204,0.63777695762768705,-0.014146420472168533,0.050113047697606265,-0.038372979533212823,0.99800611064872802,15.908758811689795,5.1628615443364385,-0.63077135658838568,0.2495990725518081,0.2060439570637929,0.7037037037037037,True,5
-0.90445639056706062,-0.414546888936767,-0.10054608115312887,0.42629251867534745,-0.88684870475040622,-0.17825280756261405,-0.015275015019055694,-0.20408393311423006,0.97883421587150965,5.1120808765583288,23.403481156037195,-0.46479524404761002,,0.3150560730860647,0.72,False,3
-0.77867755076098921,-0.60362568799759175,-0.17116454285365429,0.62724917045203199,-0.74248717724546853,-0.23509842575673168,0.014823970726637062,-0.29042868387177212,0.95678180870896889,-18.421080581339574,8.0306341799909369,-1.4953250085927337,,0.2299810279632328,0.2727272727272727,False,1
-0.72131483865052026,0.66100049526981564,0.20684111969246394,-0.69147289839886128,-0.67018479154063038,-0.26966196611224164,-0.03962492047249954,-0.33753620611824753,0.94047816308346466,-14.062237927210877,-8.0281224734404955,-1.7076142503185929,,0.5957333326819005,0.3777777777777778,False,2
-0.69488059942976765,-0.71785070152255748,-0.042793958214892111,0.71886871627782467,-0.69181281171883013,-0.067991192802875883,0.019202116893677297,-0.078008998617193695,0.99676771358303107,-17.606597046861634,14.154442106550835,-1.2959235337737798,0.9644476542490713,0.9270011726120293,0.9698795180722891,True,5
0.99879994426330643,-0.041530095042102949,-0.025960018208972008,0.044724397781343551,0.98943949062666947,0.13787393746293441,0.019959949466679713,-0.13886952723413043,0.99010951658039159,-11.96618478436304,24.629273988591606,-0.97673342390955231,,0.3413382854656078,0.1764705882352941,False,2
0.95515802109763603,0.29600624304041723,0.0073115534562293583,-0.29605062611117916,0.95515353133174796,0.0059798297357224958,-0.0052135891691457367,-0.0078762723154355632,0.99995539041618564,-6.5328469087688301,-17.421960023677205,-1.5771854261534508,0.2298314183961002,0.1483343328567467,0.3043478260869565,True,4
-0.56458839578439701,-0.82286827232257442,-0.064247566105359685,0.82476644450565406,-0.55947922820100282,-0.082117630440192213,0.031626813989125077,-0.09935189790070359,0.99454961918469686,-14.700321311815305,25.763630968823229,-0.91014029142656716,,0.3378399409667115,0.3,False,2
-0.83322176930814462,0.55262820711544991,0.018535043872867939,-0.55087329950977182,-0.82674775924260702,-0.11413479081571198,-0.047750298828626858,-0.10531005311788762,0.99329235458352616,0.42197040451300294,4.1992810647904806,-1.1495540121721717,,0.09452450389651332,0.3020833333333333,False,5
0.4042684595775749,-0.90291814069836362,-0.14596521431007764,0.91095479273236812,0.41179124293419928,-0.02427628144171555,0.082026691928327566,-0.12315357664525839,0.98899181916271584,-2.4886313118423429,28.910783072146028,-0.55539046812652904,,0.3135625535618205,0.4375,False,5
0.34260497635901133,0.93725487159153942,0.064615291162151256,-0.93884571558298391,0.34408910180043045,-0.013092454072832035,-0.034504383859408218,-0.056178249350628651,0.99782435919072587,-18.897962116884869,11.163690587973957,-1.4182650029199177,0.5254182598646294,0.5726560160176764,0.8433734939759037,True,4
0.036189668355166668,0.99599333470359186,0.081777656669547519,-0.99832606431607485,0.039725772196907434,-0.042034894201555546,-0.045115155009371313,-0.080119537251401765,0.99576376844063863,-0.75264671728134036,-12.029589909799714,-1.34686294446331,,0.068748402158819,0.2,False,2
-0.79927071946454609,-0.59283209902781842,-0.098571899489142051,0.60087497134887768,-0.78538563932107142,-0.14872345596682998,0.010751084276114957,-0.17809969093320469,0.98395371551531063,-10.865606809873951,-4.4222561476151965,-1.5207797587842873,0.6948052596477196,0.6522109860969735,0.7065217391304348,True,3
-0.94052687523082878,0.33882105936331547,0.024687784437932084,-0.33461236244278375,-0.91138540886566899,-0.23960635093255922,-0.058683591139195773,-0.2336170504023159,0.97055618585032433,-2.9155432309976774,-8.3629457945854018,-1.3891247891665164,,0.4369682394783911,0.5138888888888888,False,3
0.99514332916000536,-0.088554459633577789,-0.042986766653775363,0.093972428375739797,0.98465882262318982,0.14702443924558975,0.029307629271361255,-0.1503499607892157,0.98819833644728128,3.0343667149248965,17.4889847099025,-0.79320089333591914,,0.1436957404564727,0.3333333333333333,False,5
0.99894783187927716,0.045523608119623811,-0.005552502810655266,-0.042071009684271896,0.95784717607887782,0.28418095893614198,0.01825539174702405,-0.28364835339111394,0.95875458397374691,15.146478974170263,-2.1356947368438006,-0.77856925393111476,,0.1351141252287598,0.25,False,1
0.14455856246117083,-0.9720173843826091,-0.18516216264980201,0.98811943352851228,0.15167550529235677,-0.024789638512919692,0.052180524168052828,-0.1793787767610768,0.98239526024164436,3.0176619757148568,-16.26643105906205,-1.1581962592865456,,0.5221247971253679,0.5517241379310345,False,5
-0.51622165495292816,0.85644696381232233,0.0037149877948224747,-0.85479890418704962,-0.514948977031364,-0.064392425447193216,-0.05323566810213208,-0.036416331926865636,0.9979177393005465,3.22863439898375,9.4416516255283174,-1.0102953543412667,,0.09502418702585812,0.5094339622641509,False,5
0.30978326160719677,0.95051271889735367,0.023662249309159406,-0.94995993261224076,0.31046173157255685,-0.0344911533631172,-0.040130502854505277,-0.011793406773762619,0.99912484620157171,-9.6380229201538867,-13.398880322472731,-1.6769613384471129,,0.2230880781649599,0.55,False,1
0.97894410533920373,0.20412524563397846,0.001150094124213033,-0.20396572278548103,0.97792306537031093,0.045436352685172654,0.0081500030811581491,-0.044714229408579338,0.99896657358400864,7.4318562320864228,17.851141644993813,-0.62230225084003521,0.4036603124327605,0.3341609835198039,0.3214285714285715,True,5
0.72127688435293147,0.6852364949622276,0.10104752381928347,-0.69238139561208323,0.71732530467433486,0.077797238280909217,-0.019174438932903194,-0.12607677520365751,0.99183516152930096,-20.617159612989994,-10.168249995145851,-1.907964723811485,,0.7459335932499713,0.5625,False,1
0.3941981816054077,0.9153447230503694,0.082169529649571915,-0.91687580236073851,0.39781278097734729,-0.032920424304985582,-0.062821625769644507,-0.062362082028351987,0.99607450226413641,-8.1036617337736185,-5.1622454132526689,-1.4843668974605635,,0.2670590102385563,0.4210526315789473,False,5
0.98612775687468812,-0.16598775232755908,0.00033644991030549326,0.16568074475553587,0.98442308285592328,0.058830984673825103,-0.010096431971154816,-0.057959123679415865,0.99826790093830386,-1.746152060662467,-14.49416019439488,-1.3955867569708524,0.4618104522664856,0.3155936811947044,0.7117117117117117,True,4
-0.783288532716232,0.62028651050301653,0.041276136001865915,-0.61935281146790411,-0.77294847178354087,-0.13766900484238401,-0.053489900374333363,-0.13339904368278202,0.98961786852424205,-6.3183655374651977,-5.03780710264025,-1.4387263919684841,0.3046681422018697,0.1269863362403501,0.3057324840764331,True,5
-0.88460488564514073,0.46449445479650003,0.04146200376308172,-0.46456349664064212,-0.86998671771175529,-0.1652388229023275,-0.040681124391636118,-0.16543280348355574,0.9853816690246493,-5.1611625460406421,-15.164151327219226,-1.5126791704835361,,0.07198940237016661,0.2307692307692308,False,3
0.95336687526899122,-0.29856364877741809,-0.044174073488355739,0.29814476104487037,0.95438757565819066,-0.01593916217305729,0.04691804132034158,0.002025600650768981,0.99889668852222457,-15.340742111354857,-4.5442649779126345,-1.6577319424061643,0.3908502917921872,0.2913335450138667,0.918918918918919,True,5
-0.64418290235790687,-0.76134819974587842,-0.073330123779069528,0.76478657815394502,-0.63971589617315694,-0.076583693166070124,0.011396411072062247,-0.10541580017760625,0.99436292714863006,-4.0439332934314773,10.209328559167869,-1.2409110262618772,0.5450012206172876,0.4974391471327855,0.7993527508090615,True,5
-0.99764066076076663,0.067076503777827284,-0.014623769615387807,-0.061663993825472802,-0.96915815693248786,-0.23860012304421607,-0.030177207662620012,-0.23713542437216362,0.97100778917860442,11.309472725853702,7.3638673653983453,-0.77899220279563663,,0.2688240711185331,0.3636363636363636,False,7
0.00018487694619086857,0.98631320759799668,0.16488245006144658,-0.99888544783074673,0.007964574176574233,-0.046523409915372925,-0.047199872165957599,-0.1646900788631073,0.98521538253905683,0.67057762847444047,-11.264815762772201,-1.2985179844535062,,0.2825869302612009,0.2307692307692308,False,3
-0.92492961273304408,0.37844378027386849,0.035854102436481849,-0.37948402676256388,-0.91368937771094649,-0.14547712703464288,-0.022295401354798405,-0.1481621619382216,0.98871173192605599,-15.55296760861957,9.9028520196088081,-1.3930679176249701,,0.271584332894404,0.3571428571428572,False,2
0.0017522265531358622,-0.96941084541878297,-0.24543745127128908,0.99880447976200037,0.013686806863627211,-0.046928483091161544,0.048852235460275048,-0.24506179649696058,0.96827587752056277,16.32185536597715,11.368435958560857,-0.51861240526503438,,0.4854053999242866,0.4444444444444444,False,1
-0.75733881944277182,-0.65097980842449643,-0.051606216569668427,0.65295521496839604,-0.75376150672280717,-0.074115303605532284,0.0093487865846360232,-0.089826944769209868,0.99591351039275755,-4.4205684032670263,8.4681823549996089,-1.2639565353097426,,0.07862328286313523,0.3142857142857143,False,5
-0.48874994667631216,-0.84115562366554009,-0.23147506647528843,0.87217792861092935,-0.46479973984202122,-0.15253479172548995,0.0207159471869191,-0.27643881532560965,0.96080821755099655,-8.2548947660897678,-9.4533531004012588,-1.5835499094448184,,0.4091712154193428,0.1904761904761905,False,3
-0.99293959560038791,-0.1145108467685413,-0.030955217028644955,0.11763063739770865,-0.98418282605768637,-0.13246583725064906,-0.015296817785005173,-0.13517185678039012,0.99070408119690068,1.9153984406813525,14.392579735015312,-0.93156219545619778,0.1640746215594921,0.1581323848614408,0.2777777777777778,True,5
0.13523660558112538,-0.96117945330396515,-0.2405101225669859,0.98748065570585519,0.15064319603593312,-0.046782283984586927,0.081197383687100846,-0.23117241624893492,0.9695185912853862,-15.067170639325878,4.470760739864283,-1.4988700218275002,0.7190678829417494,0.5472024970292976,0.1219512195121951,True,4
0.19897538256273989,0.96800426851432342,0.15289386276781106,-0.97855577848822728,0.2047283247484106,-0.022691439641642067,-0.053267114820611985,-0.14510013502323241,0.98798206729420368,-6.1230931937207673,-14.436735010723345,-1.5246255385364769,0.4101967404700675,0.5520993277119995,0.1935483870967742,True,5
-0.95451439001627214,-0.29018844934242438,-0.068505059084011,0.29794844034913603,-0.93705743869976221,-0.1820716437860655,-0.011358087223734612,-0.19420097951782272,0.98089600539962296,22.995947667232389,3.6785864961254728,-0.35732502009072775,,0.3294356336640584,0.28,False,5
0.96272277582256549,-0.266600822928723,-0.045704027461728726,0.26847925613301626,0.96239095752928516,0.041503420246150724,0.032920296759857443,-0.052226871240712548,0.99809248468348344,-17.506119497077879,20.634411301189541,-1.0805231766537224,0.1663116690511383,0.1922726950447356,0.55,True,2
-0.52063771107656531,0.85256246741987651,0.045536940519603525,-0.8521141091224953,-0.51555569543251256,-0.090021497107488496,-0.053272120657338523,-0.08567125570475452,0.99489824459923526,1.0687522811267702,15.671316478712585,-0.94200083150884506,,0.1622700186053862,0.2142857142857143,False,2
-0.46010270024731165,0.87831052812260202,0.12990812682095232,-0.88745126536079511,-0.45046862474275035,-0.097510357049387708,-0.027124837965530054,-0.16015191010840749,0.98671962018294379,-0.76829046082658259,14.474313955997756,-1.0505726411748202,,0.2418930751215077,0.3529411764705883,False,5
0.85018999892541169,0.50972902292016575,0.13173188270142092,-0.52640831116981812,0.82705186265517139,0.197178869075646,-0.008441306684850396,-0.23698426038761305,0.97147681633170635,-20.183453135898827,7.3538966747090129,-1.5480009693370202,,0.3022994041671804,0.28,False,1
-0.90817188535350435,0.41858962443959158,0.0025598759701095479,-0.41610032291748655,-0.90207035918059164,-0.11458441585032796,-0.045654659361604302,-0.10512751019271366,0.99341021671777463,-14.151480311807195,19.202692916603482,-1.1179166580592907,0.2412235220388486,0.226219389067818,0.5,True,5
0.84283925548219463,-0.53266773388446675,-0.076727274789392924,0.53609221108366001,0.84351780673167376,0.03290670056416755,0.047192484927717333,-0.068867953396147721,0.99650894344274388,-3.8126832935833743,-10.068373417485391,-1.4035624728505551,0.2953358563259323,0.2785388046962651,0.4,True,5
-0.97909863010980347,-0.1961242618653174,-0.053862291307458232,0.20316029008569891,-0.95556630616835425,-0.21358588681853696,-0.0095796163492969273,-0.22006432792152089,0.97543832328192259,0.98808653423242021,11.345186210105091,-1.0432456262980812,,0.1889477145243073,0.3142857142857143,False,2
0.92510556738298511,-0.37782441271050754,-0.037794210627626446,0.37787560853927882,0.92583657601048719,-0.0060546669807112,0.037278863556645739,-0.0086803042076701656,0.99926720082808052,20.351990339103647,12.224505264386451,-0.34360473500835181,,0.1453227337584674,0.2352941176470588,False,1
-0.98070408846819479,-0.19251875778672697,-0.034000275910965119,0.19519994390070233,-0.97388677621263064,-0.1159376083043437,-0.010792254765753408,-0.12033733842172285,0.99267439385663925,3.751383748720611,-9.9264663262754027,-1.1994117211554838,,0.08179271238411011,0.4736842105263158,False,5
-0.99421500205578939,0.10512760416144973,-0.022016278760951219,-0.10243250613781617,-0.98969051275770248,-0.10010130190822583,-0.032312712258996096,-0.097267033473160944,0.99473363913451607,-11.142886026283364,-11.178990654196818,-1.6834194372971369,0.3179482648669856,0.3002307955935227,0.8217054263565892,True,3
0.83999651434821432,0.53572048628587066,0.086077967311508588,-0.54222546657772475,0.83462750587527912,0.096894116596313556,-0.019934875906801243,-0.12806438618929761,0.99156548634597974,-5.1950342663741367,11.964103920200197,-1.2080589549705598,,0.1779586951822597,0.2068965517241379,False,2
0.63307072842742806,-0.74844722137002673,-0.19760619836394733,0.77294249271953686,0.62510415894367832,0.10864940598008535,0.042206110421054072,-0.22152098612728074,0.97424180620024869,7.7730397008042589,3.6725069700516859,-0.94277842558834513,,0.3732225709410065,0.5189873417721519,False,5
-0.19272206286941634,0.93336167173118267,0.30281049556864553,-0.97988462418477051,-0.16676627525974255,-0.10961356085020982,-0.051810517944019752,-0.3178443002150011,0.94672629151788579,-12.076325710260072,-3.1425861309106788,-1.5521514735117121,,0.1795570303119373,0.1282051282051282,False,1
