axis_00,axis_01,axis_02,axis_10,axis_11,axis_12,axis_20,axis_21,axis_22,location_x,location_y,location_z,dbh,dbh_approximation,score,reconstructed,number_clusters
0.98247616602923415,-0.17943455384538085,0.050436336809933827,0.16716233350970119,0.96795580498944067,0.18739880960890468,-0.082445966790907363,-0.17568380822816937,0.98098820690483313,-3.2688075816606195,-14.13072290096779,-0.45187220742192352,0.1366376471815375,0.1197071949675701,0.4146341463414634,True,5
0.4585010865807479,0.88229174084382866,0.10648022183974362,-0.8823357187287536,0.43763458122881344,0.17308856914336132,0.10611518769567625,-0.1733126000943053,0.97913344830460358,-21.672119855463233,9.7457208998932821,-1.9955096975499693,,0.09916499234402706,0.3529411764705883,False,1
-0.58941588800309719,0.78010499265820665,0.20982161804556793,-0.79084538334251442,-0.61020053787216422,0.04710502336643986,0.16478012809605461,-0.138172008779857,0.97660432385607787,-22.445997294385371,-11.239252397899854,1.007987088144261,,0.2115599361164477,0.1111111111111111,False,2
-0.32348512047688138,-0.94575526055688608,-0.030072644696390455,0.93768095775953542,-0.32466275791155524,0.12388912414100303,-0.12693225864696311,0.011877741967254093,0.99184026988247509,-13.894328682635029,8.0918930891193757,-2.4257332930743454,,0.08528436519951747,0.1470588235294118,False,3
-0.99467470654375489,-0.096990560536224971,0.034857701142859632,0.09263394210134214,-0.98958741656701465,-0.11016214296657395,0.045179430417627287,-0.10634649095805439,0.99330219114227669,10.323639406232141,1.4501974870875718,-3.8589256015237594,,0.1549794525426094,0.2857142857142857,False,5
-0.29487073042818357,-0.9554646124293934,0.011773985387238062,0.94758510652175665,-0.29080823829668045,0.13233682192395568,-0.1230191783215164,0.050179108540612881,0.99113487418775092,-1.1192342376483304,4.3470613869028405,-3.0710741674998365,,0.06922050491051557,0.3663366336633663,False,5
0.92143486367755267,0.37137660146783175,0.11418061079593844,-0.38827811909246612,0.8695297081496457,0.30521826432769172,0.014067488530187799,-0.32557258257936167,0.94541239638533292,-5.5125713713819158,-1.3389965392401042,-1.8813374613796978,,0.1297373121738324,0.2457627118644068,False,5
0.99571914924106741,0.072841230849517338,0.056899305118529017,-0.081706135431683979,0.98145820056645061,0.17338946903916458,-0.043214387273955927,-0.17729623692902066,0.9832082999564965,6.5667382234130756,7.065606439990149,-4.1531423617823533,,0.135514072318512,0.5161290322580645,False,5
0.89576179685123647,-0.44267279901785062,0.040639836509804038,0.42933792052478464,0.88521651221144393,0.17905495387633902,-0.11523781194250332,-0.14294236432179838,0.98299935258411864,0.20584874146693505,-5.1271577199705387,-1.9322215784350292,0.5333052941239702,0.3721217063953958,0.9158316633266533,True,5
0.77853307187487464,-0.61830285070771362,-0.10764683369141155,0.61281506041867728,0.71190763594454531,0.34299448918007669,-0.13543986754690901,-0.33300015419000023,0.93314893751657446,-15.962458446487322,-12.014317439124891,0.55077197911853815,,0.5904709223029171,0.1313131313131313,False,1
-0.38497542168958521,0.90626240611853959,0.17459202716951555,-0.91518393945330845,-0.39930557025390523,0.054712142445038026,0.11929912682684926,-0.13872098911281713,0.98311962930149666,3.6152609219016671,10.057440067806477,-4.2298084010334218,,0.6260311321356948,0.5066666666666667,False,2
-0.95668167741332433,0.2783151674306652,0.08544492775857894,-0.27532232980229149,-0.96028640893298789,0.04525071856694067,0.094645564153140377,0.019765636762498623,0.99531479281155377,-12.618168168446052,-9.6425625643932786,-0.096228472934224318,,0.07123595191814093,0.2173913043478261,False,3
0.94559193607393865,0.31745799824358667,0.071248226526113734,-0.32523884894083949,0.92816256234840877,0.18092525803346254,-0.008693766248250169,-0.1942541562129681,0.98091270825818611,1.6508069448703797,6.6443499172745923,-3.6413384957927892,,0.07095042927738535,0.1764705882352941,False,4
0.38209709940208592,-0.92411963291044918,-0.0021704142391324038,0.9102188638034826,0.37594158565760372,0.17369382300342187,-0.15969792298214147,-0.068343457936392765,0.98479731171063156,-9.7525511974141352,15.820038488661559,-3.8748502616677412,,0.08031256226169314,0.3461538461538461,False,3
-0.16787272029692249,-0.98570293709653223,0.014438475659872912,0.97629174071090596,-0.16420402423712507,0.14103714207258367,-0.1366498693734457,0.037772453237817541,0.9898990125142143,12.921138919964882,-0.54392169031872795,-3.8639867533741712,0.1903701328119973,0.1190393266544009,0.3392857142857143,True,5
-0.44409786961187941,-0.89041799621699169,-0.099663805963385171,0.88902866925687585,-0.45174609924369685,0.074521722051037423,-0.11137821800306427,-0.055509042786029437,0.99222660653876882,5.1685330587091984,-6.5595463165250392,-2.2664502961903477,,0.1153764204905468,0.2,False,2
-0.9898165714998447,-0.13718502229701759,0.037992426109148277,0.13795817934626997,-0.99026480372241399,0.018524558296242999,0.035081270441001539,0.023577280716302093,0.99910630880716078,-20.170543377955696,-14.316253240808617,1.2215182515894227,,0.1622825984336577,0.1666666666666667,False,1
-0.41072618109860315,0.90513541207053372,0.10969908831007893,-0.90088841229851546,-0.42140468374633266,0.1040103893989088,0.14037119628476782,-0.05610684746586924,0.98850794074758175,2.6386565662492538,-2.9346555493156647,-2.4912665613608516,0.7759682077084717,0.7057294150324577,0.8955613577023499,True,6
-0.36633425121458468,0.91700791404786464,0.15778371893397625,-0.91878756259035621,-0.38329249186091979,0.094426058438977001,0.14706675768617469,-0.11037821912240252,0.98294863422614553,-5.5867431780032977,-14.733809220104934,-0.037634920990734615,0.3504739376815109,0.1334249782640205,0.4583333333333333,True,5
0.8942989539505386,-0.44683452681140567,0.023838762807691503,0.43541880067859912,0.88125878945779779,0.18382985072884231,-0.10314964361831133,-0.15401899770030053,0.98266896733783737,10.968290193404135,5.4013924574795027,-4.4031447857952468,,0.139463353249061,0.5348837209302325,True,4
0.94121483626849511,-0.3368115675384139,0.025934532199122159,0.3197755685352614,0.91308938490976532,0.25300466583258407,-0.10889544414722416,-0.22983851534811048,0.96711738641519418,3.8591005679904349,6.4633157376591459,-3.8306313376405692,,0.3021273656424894,0.1785714285714286,True,5
0.95530940461978309,-0.2953269069015968,0.012882527117401205,0.2753501025700914,0.90485278289934601,0.32469025592701239,-0.10754655949696924,-0.30663244991234084,0.94573266740719086,29.239710048578708,-5.3835788217555791,-5.1292650702108018,,0.2251324183141399,0.1428571428571428,False,3
0.84360688191818145,0.52464541863762271,0.11434427612625295,-0.53663577064076851,0.8163442612538977,0.21355115730572743,0.018694342702314515,-0.24151445468207641,0.97021713535195164,-21.28807849247216,2.7462305588101144,-1.0384206066034773,,0.09110922891437558,0.5882352941176471,False,2
-0.57869453510914726,-0.81553700480109437,0.0034682610726110841,0.81201306931965478,-0.57578825171128989,0.095407884607770166,-0.075811676467952255,0.058028294747613521,0.99543222105766827,0.066743112217619582,-10.042507608970922,-1.2569381909860913,,0.08379973253644402,0.4482758620689655,False,5
-0.93978141031143037,0.32740273710542728,0.098073179661590473,-0.32754729547656775,-0.94471438990527712,0.015082795890905137,0.097589292747954859,-0.017949073563147247,0.99506490275719184,1.5537175144686932,-19.752032589476073,-0.31381526113301395,0.201742115982449,0.2058494802615409,0.6981132075471698,True,5
0.057151557796339861,-0.98986221895233972,-0.13002494734551134,0.98691507624602848,0.036346463899751179,0.15709095085421179,-0.1507724501351223,-0.1373015733804076,0.97898720432267006,-18.652887519950248,16.270559060195389,-3.1824688009861632,,0.1824775923498104,0.2857142857142857,False,1
0.66231194994315767,-0.74849405185309525,0.033159241593089396,0.73485021287711372,0.65759427543660176,0.16602690609498208,-0.14607547910910129,-0.085594528175271717,0.98556356017737379,-4.1824874257697084,-15.860528509565361,-0.047368457676846096,,0.09099128274602977,0.3333333333333333,False,5
0.62514147792285135,0.76937613306737784,0.13137160441557161,-0.77646519192702146,0.59591185297609539,0.20491673725767215,0.079372150696365829,-0.23010743001668738,0.9699230033074524,8.7867165803593643,-10.556272912264527,-2.1891896097307151,,0.07560518715467968,0.25,False,2
0.080944424706280937,-0.99634536666589768,-0.027274721490186074,0.9848395202091399,0.075737549147750716,0.15606070320014351,-0.15342463799273065,-0.039493467466026028,0.98737082521427044,0.53597241773378712,-13.365390142423431,-0.93735722977295743,,0.09411837945208017,0.3888888888888889,False,5
-0.046675028290224525,0.94590888299998133,0.32105735748591102,-0.98754160247029799,-0.092048188493919353,0.12762724781717011,0.15027649558232387,-0.31110049189404565,0.93842072591070791,-23.78052939142713,-19.474491397310636,2.3059629658563865,,0.7997740153864851,0.40625,False,1
0.836666527895777,-0.54761310557332021,-0.010440675417349499,0.53294706458189167,0.80956689637092738,0.24610742909122163,-0.12631922835566961,-0.21147417550303715,0.96918632142789773,-14.826705362799897,12.890875708102621,-3.0090853415166765,,0.1162071445013437,0.2156862745098039,False,2
-0.59012502640256748,0.78725858733163323,0.17881937782570251,-0.79200382237672506,-0.60748452185610458,0.060765953015795945,0.15646852256612884,-0.10576612112516033,0.98200362986503864,8.342717624241212,6.9158351945737149,-4.2952588294926288,,0.6844422128408527,0.34375,False,2
-0.84381522939362352,0.5296839014606709,0.086086138122164035,-0.52188806837001755,-0.84734816170792016,0.098152620664044135,0.12493479393827001,0.037895347783204997,0.99144099162783839,6.1193045812453697,5.5936710224033046,-3.9659468411249672,,0.07014881293933337,0.12,False,4
-0.59454798902077544,0.77701747513337183,0.20677652692873963,-0.79032820380522006,-0.61206404978578277,0.027548670200962369,0.14796627663547712,-0.14704231464849371,0.97800027539947387,-3.1724483767688225,-17.438465358882095,-0.022858879739608963,,0.2264866206726688,0.2692307692307692,False,5
-0.02171076260864559,-0.99323307483749468,-0.11409076139550273,0.98527044309797907,-0.040617392174199678,0.16610954641584613,-0.1696195647455267,-0.10880389010426859,0.97948502630398337,-13.900251188760679,6.4697794652867211,-2.1453698403266999,,0.1438748382020423,0.2210526315789474,False,2
0.29510806541676232,-0.95508639585036503,0.026855282302281291,0.9423135895191469,0.29557863268334811,0.15709351007785868,-0.15797572197497869,-0.021053464384792844,0.9872185284443773,-7.4646824743462616,-1.0783401394273391,-1.7504345548048175,0.1275623432931322,0.09689485533768041,0.546875,True,5
-0.14990553558853686,0.91597464177605492,0.37218111991762981,-0.97656016706199578,-0.1959831355338226,0.088999161199290605,0.15446219766583633,-0.35011578971757107,0.92388330609589486,-24.602519906659506,2.3474050972497373,-0.68471929615520011,,0.3937332767124337,0.4782608695652174,False,2
-0.92479356654378508,-0.37704124992759774,0.050958366656114917,0.38044755438788119,-0.91497822129737283,0.13444148508468157,-0.0040641898952194361,0.14371760645282572,0.9896103940217913,-6.5586423700887719,3.7536436376015221,-2.4716821010544905,,0.1096723114544826,0.3616438356164384,False,5
-0.90651068030917881,0.3959573642357328,0.14647918689315337,-0.40759065908644682,-0.91124375455941709,-0.059200290556137986,0.11003745321872981,-0.11336924399477294,0.98744071893212293,-13.065362954842598,11.683095109951681,-2.9954521304041917,,0.4087287714497419,0.2033898305084746,False,2
-0.69584869941119198,0.71073470166303787,0.10320257448195647,-0.70833810088623606,-0.70290001751905051,0.064720168453096305,0.11853996102847136,-0.028066870571359086,0.99255253181667791,8.7209218202048504,-8.1241878523640292,-2.4155089852765257,0.4622606464442027,0.2104692991806908,0.4,True,5
0.78466055844715299,0.61197335180510182,0.098976889715888069,-0.61708650708189472,0.75578474958588426,0.21907454227013426,0.059262558119510388,-0.23297645583584531,0.9706749817685113,-9.3678777793336643,-9.3067447657628062,-0.46289034563313758,,0.6903484301319418,0.7206477732793523,False,4
0.69833760550051216,-0.71472849029205809,-0.03857167235997612,0.70453654228227114,0.67687119297101395,0.21324551276624082,-0.12630458951578705,-0.17609251344344784,0.97623694735264799,-13.47979299874609,-7.3940353282457014,-0.33568088876572894,,0.09807016429353917,0.2692307692307692,False,3
0.79460459067792566,-0.60007189252057291,-0.092289047456042064,0.59052176191287742,0.72858117279952161,0.34706414875262481,-0.14102337813595542,-0.33027745676756531,0.93328945583365064,8.3748990958999077,8.2004640295872857,-4.4422199908499795,,0.1447904514733351,0.2068965517241379,True,4
-0.43825598980378655,0.87433990952572749,0.20847400320338622,-0.88939753824299683,-0.45537033503615049,0.04012327175543319,0.13001425448157519,-0.16783200105941076,0.9772045400283369,6.0542798110137657,14.637530705255825,-5.0511827959960902,,0.223563621183165,0.4222222222222222,True,4
0.20871425737518418,-0.97722636116577355,0.038301407428818414,0.96509021365363168,0.21214286293572759,0.15361082388758515,-0.15823791668975848,0.0049035444462256078,0.98738883778051234,-8.9314625637921381,5.8366059553905849,-2.5295250265168705,,0.341225074948975,0.964735516372796,True,5
-0.79919907023429904,0.59642479041596397,0.074554111314572569,-0.58628254056849016,-0.80086274875940433,0.1220313085813953,0.1324901081635477,0.05381753456639235,0.98972220557690149,-8.0292336127588122,5.9421585707682603,-2.6289089017567591,,0.06805538749790299,0.3959390862944163,False,5
-0.67013799357175807,-0.74016040816992057,-0.055476479244393639,0.73866524865817984,-0.67237135362436784,0.047858262087996734,-0.072723586245221836,-0.0089069076042588638,0.99731236180073579,-19.163784758781031,-4.9987226407742433,-0.1475341267131019,,0.1757299435083619,0.36,False,1
-0.99707508728992256,-0.061000101207590592,0.046046258897531618,0.065920630842625463,-0.99126277193198165,0.11424792081712293,0.038674807499263553,0.11694915405589304,0.992384580004399,12.67544295573008,-14.037311973809894,-2.1477565126080154,0.5042588172741501,0.1914360060854277,0.4193548387096774,True,5
0.99738713976242244,0.037557341943182658,0.06171174525725686,-0.050319394303610841,0.97410381366403143,0.22043075729604356,-0.051834853076394904,-0.22296010017792958,0.97344847924027078,7.9272956082217396,8.9085929266513197,-4.4781662133371585,,0.1364392286979871,0.3333333333333333,False,3
0.10862967058156145,-0.98691820379935125,-0.11913040618920546,0.98246207414193654,0.088316153473655817,0.16422097889229287,-0.15155153427816795,-0.1348803767976694,0.9792034601720182,-21.971936894063518,-22.891573227792033,2.6151933444846227,,0.2022502441487883,0.1428571428571428,False,2
-0.2273206487099996,0.94583124335221025,0.23179426603968836,-0.96154495627180891,-0.25567781114253996,0.10030031883102605,0.15413182584499155,-0.20008027386069943,0.96758010741928624,-16.708793469018048,-11.317966209197902,0.54377108708650512,,0.4619431369486358,0.2,False,2
0.73380657621741285,-0.67930227572227098,0.00873652669096147,0.66463505912695864,0.72050661911734215,0.19781418045074775,-0.140670348259262,-0.13935074455000529,0.98020060350622984,-2.3053202239096224,-9.8063830859713192,-1.0067652035134396,,0.07144796090082504,0.21875,False,1
-0.89540867144435832,0.42301889419487959,0.13891841582882375,-0.43405693819059676,-0.89883790249496709,-0.060704196288656892,0.099186115514487069,-0.11465356598287123,0.98844153812785385,-9.3967722370678377,-11.028020636995617,-0.2207848397908386,0.5529622820923161,0.4223805337272538,0.45,True,5
-0.95503910644312362,-0.29558786711387691,0.022980817639694874,0.29624181769591618,-0.94829585160022434,0.113911207903458,-0.011878156950444654,0.11559753739969705,0.99322510979867318,-18.388377431722645,-11.276435126293944,0.66123696089389494,,0.2404279496957336,0.8818897637795275,True,4
0.17412491302869662,0.97845571864303771,0.11092754985793257,-0.97520239236940132,0.15571670126526982,0.15726602577816237,0.13660457012759042,-0.13556074506212329,0.98130651471314345,5.7690602513927942,-4.9544334442549909,-2.5201652811821229,0.1384560361565809,0.2338947636900831,0.3877551020408163,True,5
0.95439717651702172,-0.29817548077453965,-0.014744901532666541,0.2826139571472997,0.88646535119584902,0.3664812851357665,-0.096204889074724909,-0.3539358187497994,0.93030858080748002,-7.9440194828735056,-14.679648595665126,0.22847607707708542,,0.2562302916708972,0.2,False,4
0.82427262691959369,0.55930399017578658,0.088055000337952757,-0.56552624807097585,0.80573841486047659,0.17597064971435528,0.02747179014622373,-0.19484520366581015,0.98044920692231241,-13.576960651804663,-17.973079153336485,1.1268720357702726,,0.08572157281426775,0.4444444444444444,False,2
-0.011433240923161907,0.99130962788440335,0.13105152675828635,-0.98892236558530278,-0.030606997897985114,0.14524381750987031,0.1479926884922384,-0.1279391782971801,0.98067819941583312,-0.47535191734178317,15.818308146313978,-4.6281527911672597,,0.1192533697447475,0.1935483870967742,False,3
0.69992059516929417,0.7045403699993571,0.11719226723223561,-0.71105195329199267,0.67193174303596692,0.20715417548360104,0.067203275050435024,-0.22832126432248462,0.97126367175998052,-7.3583684838337389,-14.084945726088,0.077351315490020722,0.1778719234164836,0.1618869580544979,0.34375,True,5
-0.34965954815358047,-0.93323670165831907,-0.08250732732876602,0.92930153371451862,-0.35666118240414957,0.095872104399131991,-0.1188985274125718,-0.043151589124574646,0.99196828605311094,-13.027519483844225,-11.142190728481006,0.14987177298294854,,0.1724863825111274,0.25,False,4
0.8200446558686898,0.54858468918167669,0.16303864933397522,-0.57093767354596214,0.76455154014749227,0.29915065666654189,0.03945801955405167,-0.33840180444782236,0.9401740708184475,-4.2507247195052855,-6.780161038449446,-1.2646416716428697,,0.09352889509996314,0.3676470588235294,False,5
0.27112069842396214,-0.95271005302949197,-0.13724839431719121,0.94961558147414027,0.24145280972603964,0.19982689532926412,-0.15723808160758862,-0.18451042120147365,0.97017116539321113,-15.72215809710851,-3.0351384264784689,-0.7020281881592193,,0.1954694624181602,0.4285714285714285,False,1
-0.88010617931313218,-0.47475440182933043,0.004622886383510591,0.47388530221692521,-0.8778152884708631,0.069807160589644382,-0.029083216424831242,0.06362843130621465,0.99754979286845447,-10.705901914457327,4.4947034691186234,-2.1895048799640215,,0.1156623848580481,0.3318181818181818,False,3
0.84680609222285785,-0.52315715458049228,-0.096052245083066326,0.52367295054387697,0.78835784382408047,0.32289092732642466,-0.093199157951800476,-0.3237259669725171,0.94154947573921233,13.206576371076901,5.370752251900349,-4.6052938600380067,,0.4769221117606973,0.6363636363636364,False,4
-0.37736391416205028,-0.92586893667265813,0.019057502274361995,0.91706341032333316,-0.37075433975728278,0.14675122145071978,-0.12880674568683778,0.072855553362676601,0.98898983342084124,-17.685920747989059,-17.608112329193951,1.4795145596535524,0.6971694312690436,0.6104796646847485,0.9509803921568627,True,5
-0.99770573959377817,-0.042659022722750566,0.052568669014660716,0.04646224919297931,-0.99622066820023658,0.07338691743495282,0.049239380393772084,0.075661007335449476,0.99591711270939787,-14.594940446869028,10.279483412982861,-2.6586578353475572,,0.07165615101059278,0.2380952380952381,False,2
0.46316584428989716,0.86170079204033112,0.20724175660395544,-0.88019577551077954,0.41990410192548278,0.22121469652609316,0.1035992155192525,-0.2848724103580762,0.95295063479729925,6.6321259932596091,1.0622625448485599,-3.4223933287711534,,0.3033150441177856,0.2173913043478261,False,2
-0.79441017682098503,0.5821417507744282,0.17327277041859471,-0.59247183719443008,-0.80552903381552976,-0.010004889388488397,0.13375198351691159,-0.11060722257385704,0.98482305477673948,-13.904779966769809,-15.770661816166092,0.8534772597241389,0.6420027189900079,0.2056249755812442,0.2758620689655172,True,3
0.70145035826905588,-0.71245750486729809,0.019279487609323201,0.69911731984308767,0.69307201665282603,0.17574456699483856,-0.13857260905255314,-0.10979746577699148,0.98424699569230056,1.4850621770783283,-12.08979343511241,-1.1537540812156779,,0.09843615804657717,0.4333333333333333,True,5
0.072481161303777131,0.99082950341312059,0.11403234813930715,-0.98674095289347685,0.054591303450199059,0.15284659456618957,0.1452197408719926,-0.12359888653914568,0.98164888942399064,-3.657849758470948,-5.2535188624688409,-1.5207772707437985,,0.1029046868800101,0.4810126582278481,False,5
0.85062849466496404,-0.52547224403392889,-0.017609225251703053,0.51142341524982893,0.8191878483954147,0.25957149183893891,-0.121972350957989,-0.22980467747902503,0.96556333599124555,-1.2662486185839992,-9.7935154018620398,-1.1398057940301118,,0.08281469663874289,0.4444444444444444,False,5
-0.21736032547448311,0.94650731919348985,0.23849189424963463,-0.96105781793205836,-0.25024362612373946,0.11724332891943914,0.17065274536700697,-0.20372045134839606,0.96404129486298895,-10.282390765852291,-22.638909858283196,1.3613392147914094,,0.3237340697252591,0.1,False,2
0.96891513742080337,-0.24187641143904232,0.051954384475195708,0.23069576891107255,0.95921561860160942,0.16335500983214549,-0.089347180612229543,-0.14629148512508316,0.98519839763194028,3.4753787934846767,-11.113729019802641,-1.5329727607689236,,0.1382774670645091,0.5666666666666667,True,5
-0.96547826264521863,0.22980576206279885,0.12264190182113563,-0.23800581328436105,-0.96959964860948233,-0.056830926960739048,0.10585347043162391,-0.084058510212251927,0.99082249149808721,2.9149834301496549,-33.157708667058806,1.2556468814526163,,0.3777265500781416,0.6666666666666666,False,5
-0.25623328574412496,-0.96642884250772365,0.018968279994499779,0.95861921561578789,-0.25154602156920086,0.13331841014982565,-0.12407136143743894,0.052343971972780803,0.99089172257576752,20.555881954044473,-0.76528648486446138,-4.7004678047837691,0.7107101569858136,0.6977684404558736,0.910958904109589,True,5
-0.49298843490475919,0.83374121536450529,0.24867245294297038,-0.85598583920714832,-0.51595191591055178,0.0328916941653178,0.15572618959889178,-0.19664487349216256,0.96802900142622872,10.89684368839688,7.5813464926560217,-4.5897094275273584,,0.2881890770238481,0.3333333333333333,False,1
-0.83456247211671575,0.52106008901995449,0.17889064750554617,-0.53392358535766138,-0.84501574740311647,-0.029563349600011696,0.13576113263101638,-0.12018639802935126,0.98342470204661558,3.4801535806655459,-4.7188332298708406,-2.3275320239309445,0.3050261177063676,0.1996493803346046,0.3,True,4
-0.12946016192497026,0.98893092395876847,0.072496166191171066,-0.97943402723784845,-0.13894194302894436,0.14630147899454929,0.15475481499136451,-0.052064998851426007,0.98658004395567955,6.148536075829834,3.6636265240701649,-3.7172530378747197,,0.07124077045951749,0.3809523809523809,False,5
-0.37967846347368478,-0.90703363382170998,-0.18202816125656562,0.91783493388744697,-0.39396727299166723,0.048670544966487664,-0.11585895955897285,-0.14859264762327049,0.98208804420083395,-16.606997722735262,-1.0264821092850807,-0.908966330163409,,0.6786475201273923,0.2135922330097087,False,1
-0.18666695405271674,-0.98218393825685535,-0.021683166164888398,0.97282080420196781,-0.18787574028804752,0.13536021986925917,-0.13702237472952003,0.0041734447967290561,0.99055916086925933,13.691278931478598,-20.111266535254984,-1.6022354788277824,0.3222515042863697,0.2283000261951337,0.5,True,5
-0.71226182634073176,0.69512324599811659,0.097400018535972549,-0.68584405354362588,-0.71874465587306491,0.1141229769711524,0.14933527699982346,0.014484216476978562,0.98868052601254086,-16.219635194978387,-8.4305933777499344,0.077123640935382251,,0.09268109798967132,0.3230769230769231,True,4
-0.8975669270387695,0.43074034071771672,0.094001970003639093,-0.4244973218711694,-0.9019251026059546,0.079580983993930363,0.11906147660089084,0.031525674736994774,0.99238626382169959,16.748563936282096,3.2621186662667232,-4.7793673927351472,0.4639281265627263,0.4888331830023008,0.375,True,5
-0.43094723516602923,-0.90144489200944755,-0.041007160019075423,0.89436925465541284,-0.4327223439355895,0.11337993378905355,-0.11995047657210783,0.0121852258479044,0.99270509389302486,-5.1960283835059329,-12.507551659930499,-0.41735593942018501,,0.07833558979932939,0.3333333333333333,False,8
0.31313306341046754,-0.94401888483510721,-0.10380765710609842,0.93653361690656589,0.28879469718679629,0.19875212522308539,-0.15764665871207817,-0.15945522240261639,0.97453658886952532,5.5330680983345397,8.7876984288723108,-4.2529671333524588,,0.6072234572205557,0.125,False,1
-0.94270257658089973,-0.33175728911474245,0.035340532352668111,0.33357346359092804,-0.93925090346082252,0.080848529584529302,0.0063715379371534486,0.088004780934139659,0.99609967474999694,11.932410100365697,2.9407827256589392,-4.2617044489755278,,0.122278396309537,0.2333333333333333,False,5
0.46918936778543846,0.87032669630400905,0.14964216938299621,-0.87684840769330208,0.43900881048934776,0.19597993325452484,0.10487233707141616,-0.22316519892957462,0.96912284407287719,-5.2340784116818737,-20.183827306337044,0.50625197752519846,,0.1467468721462462,0.3939393939393939,False,5
0.90123708739365815,-0.42777219085832985,-0.069156814808518347,0.41826350368831755,0.81704602492730261,0.39685190516471724,-0.11325790828267973,-0.38658342680300906,0.91527367510088153,-18.732115265643717,6.9355703307508403,-1.8611914668310765,,0.4724049235862829,0.2325581395348837,False,1
0.28980594357501338,0.94548573125496105,0.14855721814125544,-0.9488150358164591,0.26345832312859957,0.17418306399555078,0.12554896605391822,-0.19143260946750634,0.97344286589160112,11.611376470195353,9.1683330412330228,-4.9243667763455221,,0.5726397954910358,0.1481481481481481,False,1
-0.72686602482161822,-0.68655634187521242,0.017497753882879323,0.68443392284654858,-0.72204481905332107,0.10100239866033919,-0.056709674808661154,0.085391268342751556,0.99473229769315974,-5.2236952475994283,6.2505685811557328,-2.9005933645735293,,0.2823808745482704,0.7216035634743875,True,3
-0.046232512863012262,-0.9869767425513184,-0.15407616433816135,0.98829696464163352,-0.067638617068437989,0.13672646840024469,-0.14536734308126184,-0.14595179733000169,0.97855322206900786,-19.347718585345852,-11.21372587225552,0.72107888130651698,,0.1912915969919541,0.2903225806451613,False,2
-0.92807848259829429,0.34605969937437725,0.13752459637084291,-0.35238938717706819,-0.93554771845712381,-0.023920415854256583,0.12038293044704482,-0.070662231486033719,0.99020947233320111,-7.5448376444608165,-7.220104937091631,-0.88077816174062706,0.8198340029975014,0.3334896125470827,0.25,True,3
0.56833471298166738,0.79657371935881038,0.20607271446486175,-0.81705169174616998,0.51683196063313797,0.25556067280164041,0.097067950605575326,-0.31361606160236299,0.94457544900884216,0.61692220297466405,14.387354271465203,-4.5415990711571297,,0.5466945076682035,0.44,False,4
-0.86262429606548463,-0.50471176103914916,0.033843198818779327,0.50462878276119683,-0.8539848954560797,0.12672643742258699,-0.035058742796616846,0.12639555609921166,0.99136020091180321,11.084118659892962,-13.002417566590644,-2.1275928364527612,0.2193951799145504,0.1323382489790837,0.5185185185185185,True,5
0.1282103160934886,0.967527943022498,0.21783432768473926,-0.98419000276028423,0.09706264143570062,0.14815155113678974,0.12219719028651981,-0.2333849247663165,0.96467576085330431,6.5230036622133474,-16.095218723245566,-1.2697904773317121,,0.2739781968262032,0.2380952380952381,False,5
0.39445858766780617,-0.91811393039616451,-0.038330580841245035,0.9056077141458474,0.3813355722412512,0.18562825599291499,-0.15581107372280478,-0.1079351293877257,0.9818721490853084,3.9964921661298374,4.3972877309405982,-3.5800881210514421,,0.1668224544033881,0.4264705882352941,True,5
-0.95908899500709821,-0.28132166732618752,0.031724109902247589,0.28294748688047866,-0.95625347729583254,0.074296748432561358,0.009435005262176957,0.080233450956841507,0.99673144528667301,6.8294804787346779,-11.546823062955301,-1.8267839662743841,,0.0948784220775373,0.1875,False,5
-0.80898457813934588,0.5470298271798496,0.21517974000422885,-0.55495690483541738,-0.83143220626882763,0.027263898372056103,0.19382153159078372,-0.097359409173084929,0.97619381238423619,1.168826977324253,5.5074152043225526,-3.3795405222584969,,0.4044157408394551,0.362962962962963,False,4
0.99691910117300897,0.044306433306284802,0.064724382454191154,-0.056280258032103729,0.97882421491963367,0.19681384311781397,-0.054633673428028724,-0.1998501845249071,0.97830213404301669,11.710476629250726,-9.5544506918270677,-2.5883703747197018,0.2909892780202066,0.3357113316083978,0.7,True,5
0.99671829726963712,0.05197609986668518,0.062057400288474264,-0.068228739649398143,0.95196001183000223,0.29852466390982918,-0.043560015768709257,-0.30177909291279631,0.95238222584577847,-12.529057845456425,-18.778877542173056,1.119638014181344,,0.2502547037174501,0.1875,False,2
0.084251864694142933,-0.99611301347534154,0.025699954876103055,0.98487200616832682,0.087165051543949101,0.149764432544299,-0.15142243810457889,0.012693233410545721,0.988387640080576,-9.928065184866151,7.1690029571818581,-2.6215598823931363,0.1810010295047241,0.1154715350807116,0.4803493449781659,True,4
-0.97251003995733587,-0.2321208780944847,0.018550475326115382,0.23145223899767944,-0.97230405375132367,-0.032475962213655785,0.025575051224592998,-0.027289650261354721,0.99930035111745596,7.544983792690064,-19.810965093879247,-0.94241653403148173,0.3097626130867768,0.2249950749374625,0.2222222222222222,True,5
-0.15519920307088686,-0.98443450743797056,-0.082473680235093827,0.9793564578254933,-0.16426772084818217,0.11780086758103732,-0.1295150025350848,-0.062488530569237977,0.98960651153154455,-5.007114757501137,-8.6704839360988561,-0.91663178581723304,,0.165370234891137,0.5294117647058824,False,4
-0.58446835213029402,0.77259016114163848,0.24799433111511776,-0.79483718695426842,-0.60659809267997067,0.016510608457774717,0.16318882189881431,-0.18746518840616161,0.96862077798440716,-23.617723480829856,-16.21964684699898,1.8076371572196701,,0.2496728470597462,0.125,False,2
0.055116388031710338,0.98619504878741648,0.156145795708763,-0.98602408795131358,0.029134830647915839,0.16403554377907581,0.1572217597857172,-0.16300456248308531,0.97401788015394253,-2.404991087040492,-6.3641801394273019,-1.4979967107647594,0.5684084702649316,0.3996827781892694,0.3846153846153846,True,5
0.55954982550469579,0.81063968670358777,0.17253200027465451,-0.82477643613369545,0.52415739232368308,0.21213877172981985,0.081534184096393209,-0.26100254100974857,0.96188868919963388,-8.0352915567082128,-5.5375135402302229,-1.0675369216450699,0.441343237786518,0.22397028742148,0.5349794238683128,True,5
0.95366367162802945,-0.29852290341703869,0.03754567288524379,0.28719333960793858,0.94038527035395614,0.18219640223164232,-0.08969719673313975,-0.16297122272590508,0.98254505925246904,2.0384622938099874,-13.186096746674442,-1.1067255686290658,0.2751032597033918,0.2357888756815917,0.7435897435897436,True,5
0.40444254378503969,-0.91425669161935741,-0.023683973609040454,0.9009067101659074,0.39381104438463965,0.1824279608467983,-0.15745897356050501,-0.095118679290173563,0.98293392885552844,-26.600429229086934,-19.096514127286056,2.5171058515651317,,0.1722046313127358,0.3333333333333333,False,1
-0.49544520659792168,-0.86811032520366715,-0.030306938709223782,0.86543917309987128,-0.4963115596097325,0.068482650810000101,-0.074492180283249831,0.0077005891032347271,0.99719186519150327,27.232526943668411,-7.1345118977851758,-4.766426359067923,,0.2208554512928573,0.5757575757575758,False,7
-0.73578316301368363,-0.67716696146232758,-0.0082488380671730532,0.6760836760866753,-0.73520156697484429,0.048882704987158299,-0.039166311476920665,0.030390166528218,0.99877046303126171,-1.2535269936897711,-8.3386506008505474,-1.3152482798885889,,0.15215784073543,0.3478260869565217,False,5
-0.7798773557190477,0.60240401019469592,0.17000211333396417,-0.60763851122153723,-0.79380893948245268,0.025353644278819892,0.15022233428202078,-0.083527097992757537,0.98511749257830561,18.335702762494119,-5.8254193014935103,-3.7561377132065505,0.2622017258862882,0.2026061434366803,0.5757575757575758,True,6
0.7137557526393552,-0.69993598465752693,0.02534448570650176,0.68617909704242197,0.70606457290004654,0.17501732964916011,-0.1403957704358483,-0.10752876953157439,0.98423909258205733,-2.7312802861929946,15.299108157170023,-4.3641328841037748,0.2702376589561439,0.2636866175052485,0.7435897435897436,True,5
-0.59221774697029694,0.77946153980906152,0.20424947523044193,-0.78989921873749114,-0.61166079467841117,0.043935139595483397,0.15917714789292223,-0.13531733152800615,0.97793243906561012,-0.78593430638222705,-5.4303836852487981,-1.7585777947687731,,0.118849240140038,0.4464285714285715,False,5
0.2887127628159013,-0.95736293867961453,-0.01005704876897924,0.94453600860402243,0.28309589615847952,0.16645852945586487,-0.1565141176941903,-0.057557946636062493,0.98599716720761899,13.957326498872394,-5.4887797792528978,-3.3621150581214176,0.151183586647206,0.1384557905907308,0.6271186440677966,True,5
-0.99516537382150339,-0.088030723009216424,0.043548485084811871,0.088469000350608312,-0.99604486723629782,0.0082376227875427255,0.042651081154778746,0.012050487903002199,0.99901735271096648,-10.247957855212155,-6.1796962408451916,-0.79954905274797705,,0.120678483832652,0.2666666666666667,False,5
-0.99683533365447508,-0.06398593962411743,0.047171146990397005,0.065772676786700582,-0.99713532742884559,0.037350954227182376,0.044646081197380068,0.040335323524023713,0.99818825334198802,2.2662486489385252,1.8118436554929183,-3.0515507975806639,,0.172727091431338,0.3346774193548387,False,5
-0.8112242465170203,0.57598330795988195,0.10078914035987829,-0.57010325825928021,-0.81740523325760117,0.08264961926855878,0.12999037189362883,0.0095871577997366716,0.99146890501935447,1.2715622336270898,-15.037945684278778,-0.81730763762926606,,0.1183445758294437,0.375,True,5
-0.8498787316861609,0.49419938185619128,0.18295658610851348,-0.50899751121166903,-0.85973727145058199,-0.042111253353896955,0.13648324075816137,-0.12891390557914123,0.98221867725088741,-15.048237220968431,-8.0535998651899998,-0.092172009516766157,,0.4667442383500975,0.2638888888888889,True,4
-0.96374332484845771,0.25935526653664343,0.062718813204219737,-0.25005278121906221,-0.9598743808619522,0.12694400170742451,0.093125777390854092,0.10665842059860764,0.98992503297005197,2.3436697971434852,-7.8953352806949253,-1.8080526600654345,,0.06983219438914559,0.3225806451612903,False,5
-0.76777596775241475,0.61461666615464172,0.18101496354389235,-0.62594450072385333,-0.77983527607525394,-0.0071010000843926557,0.13679746107077007,-0.11875729819083278,0.98345470600887586,13.094426699761646,-6.663785788299565,-3.1361548305307068,,0.3449475068302148,0.375,False,1
0.98102406157320965,0.17006054753203556,0.093119282576200224,-0.19315875427487159,0.89880428675383928,0.39349783958733531,-0.016777552306035518,-0.40401765343363999,0.91459731546325451,-13.465145759269518,-23.981569975266151,1.8809761075751326,,0.4173639720340322,0.103448275862069,False,3
0.62017768098776316,-0.78195398177814424,-0.062670682028737337,0.77752459318179057,0.60212805699602401,0.18137615602852891,-0.10409203140554282,-0.16121344038106702,0.98141483361439408,4.3223484872279263,11.570837865293663,-4.4907228612519505,,0.3460611914369246,0.6142857142857143,False,2
-0.071878974578190161,-0.97434802286250199,-0.21325886466339453,0.9870324767699753,-0.10025355344433304,0.12536392951367864,-0.14352805584593634,-0.20148239467932771,0.96891926486130309,-17.527976415192189,17.143198152658879,-3.3927202929923661,,0.2862085401851791,0.2857142857142857,False,1
0.0016981061641577165,-0.98236773732459282,-0.18695118373312081,0.98530135334103042,-0.030290834622564596,0.16811813834979919,-0.17081674256286775,-0.18448873678799002,0.96787682401149711,-11.170169803818455,-17.907511617403053,0.88200791281486635,,0.3267459486643317,0.3214285714285715,False,2
-0.96876745516036056,-0.24770327881202944,0.011519699991248598,0.24733292891899739,-0.96856191038661055,-0.02672541899744596,0.017777516543897025,-0.023041515011146457,0.99957643454191247,-25.768858041980138,1.7030482123632511,-0.52982491988305047,,0.5620251004182596,0.3181818181818182,False,3
-0.4254733194515935,0.87967625168751384,0.21246681305994156,-0.89594192418395191,-0.44253640327169419,0.03807361644117993,0.12751675546531124,-0.1741586173474004,0.97642626607401428,8.220095698745931,-5.1005468481779159,-2.8093900994806043,1.00746208969202,0.2677136607077751,0.3571428571428572,True,5
0.79543787986473202,-0.60302362220327843,-0.060341447953591684,0.5950723190112075,0.75831506676644089,0.26617136333878988,-0.11474979051363049,-0.24763031030115046,0.96203519426122475,-7.9355867141599949,-18.322083336185347,0.55528586077798059,,0.2934145538723413,0.4081632653061225,False,5
0.98471919114196693,0.15531704672624119,0.078770105960004541,-0.17151024667904491,0.94337117159806605,0.2839631452878808,-0.030205130041185101,-0.29313383904614559,0.95559416204017511,-0.33468455793305052,7.3368624583603985,-3.5252878858169501,,0.0747707860688447,0.3584905660377358,False,4
0.77198314777749666,-0.63492713008201163,0.03015889642158532,0.62200574678666165,0.76434540168470888,0.16995575273525876,-0.13096133212485006,-0.11244397008848921,0.98499009288359007,6.0791597854140385,-13.278315919548692,-1.4825999512934716,0.2892607554987071,0.2912411906916736,0.7903225806451613,True,5
-0.30860472999624061,-0.95094900233386592,0.021426982619407994,0.94312726023428728,-0.30298421171525991,0.1367901255728983,-0.12358839600429394,0.062422451181506092,0.99036828804317945,-20.816456211868761,0.74007645519128396,-0.7900086457433726,,0.3089959298931604,0.8648648648648649,True,5
-0.98980656297676861,0.12821060196758763,0.06200814004003382,-0.12148985877925768,-0.98732296781351625,0.10214485518960664,0.074318114224673895,0.093570287864356227,0.99283504124656541,-1.6491605900369417,3.4172975077524694,-2.8731605239444824,,0.4201351658676059,0.9822485207100592,True,5
-0.01687126860723245,0.97877853629515243,0.20422521191934473,-0.9792253928806598,-0.05745467849290159,0.19446488078055249,0.20207174526217117,-0.19670164413953431,0.95941413006037379,11.271158011825865,-15.960001662122721,-1.7730788817367285,0.2476072598947407,0.3109453714011468,0.1818181818181818,True,5
0.6250656039165734,0.76831315300476244,0.13779655191727677,-0.77538773399974037,0.59084984039475774,0.22286840975839939,0.089815659899362188,-0.246153133283675,0.96506050702091839,-10.242592834162272,-13.786660565735909,0.28833382597578161,,0.166967446230913,0.574468085106383,False,5
-0.32495466073526147,-0.93890797876390597,-0.11338551882806536,0.9397089243982345,-0.3340637396376881,0.073133817523751657,-0.10654391523097695,-0.082784209078551801,0.99085577601106734,8.0362688347033941,11.369280856941581,-4.8473944636727726,0.7470734474011032,0.2467683614220733,0.3333333333333333,True,4
-0.25368573210688883,0.89464088336347025,0.36777879104160099,-0.95453189643680669,-0.29308100995172787,0.054519540445864267,0.15656438934235645,-0.33722575735003524,0.92831372960306369,-25.859748783569518,0.42347073945072505,-0.33374319048296053,,0.2233960969572431,0.5,True,3
-0.82951801267762593,-0.55793367427730123,-0.024695784069220794,0.55566311929303602,-0.8289624755045818,0.063715869788067106,-0.056021107637178207,0.039130925273333325,0.99766247107243511,15.444865907523559,0.10643013301931031,-4.2619284970935611,,0.1956756054699781,0.25,False,6
0.98536701389144432,0.15961734578746359,0.059784202415225696,-0.16793188956947272,0.96917581165783107,0.18026959411673335,-0.029167248760996071,-0.18767138572822081,0.98179871795524587,-12.297129947645685,14.005460616977647,-3.3699675061148251,,0.1869525550359906,0.5517241379310345,True,4
