axis_00,axis_01,axis_02,axis_10,axis_11,axis_12,axis_20,axis_21,axis_22,location_x,location_y,location_z,dbh,dbh_approximation,score,reconstructed,number_clusters
0.4887989950315853,0.84498811245997696,0.21695767388465037,-0.85422105775896073,0.51407813049594686,-0.077653462427345443,-0.17714944802983465,-0.14737287927946024,0.97308751277344419,-21.272814199839996,-4.7090977686878865,0.35730100902561396,,0.08876963163393295,0.25,False,1
0.98110928126196428,0.092943435243212441,0.1696646576833932,-0.089443755610411388,0.99559337121104097,-0.028171861545513127,-0.17153539810761281,0.012464230655172381,0.98509910676552637,-16.167920550442251,-6.960825864748978,-0.89089390890590325,,0.2193368034461751,0.2258064516129032,True,2
0.62527997935789903,-0.76702619362217117,0.14386022977762219,0.78031447494749362,0.61723344145806591,-0.10065882441818252,-0.011587389766628917,0.17519616731914256,0.98446535508116295,-18.903102240799011,-3.3383469923702664,0.11705307158756162,,0.09394727525165433,0.4117647058823529,False,2
-0.93502445385221478,-0.32476169828137741,0.14233450048306712,0.28348205026190526,-0.9257895312723754,-0.25010332058128082,0.21299576962389485,-0.19350344471319331,0.9576999629353935,0.82580557957992884,13.828701288221019,-0.91627440007601679,,0.5297672863872372,0.4,False,2
0.98107240778789917,-0.12711585785466539,0.14607699804941035,0.13151533487013756,0.99109536093887363,-0.020825518467490464,-0.14212898146138428,0.039642706861624778,0.98905399671677863,18.855990776486795,9.9589967036582934,-4.6171118884814568,0.5037908002892846,0.7006374902558763,0.7731958762886598,True,5
0.48328925970590508,0.84477624282836827,0.22974897389477802,-0.85681663017844567,0.51029022527309387,-0.07395368983618672,-0.17971297588813684,-0.16111171758602871,0.97043611884240433,-26.408991827714509,-21.406448632808029,-1.1657600735816047,,0.336367397889294,0.8409090909090909,True,5
-0.16190993407707382,-0.98624722503504592,0.033190124402133148,0.97606015828018855,-0.16500624253062562,-0.14170217833180346,0.14522995787788243,0.0094525677250052176,0.98935277242154251,9.0873044670870566,9.4428846856623618,-2.98068982316211,,0.1515257632573379,0.3181818181818182,False,5
-0.027048769426300384,0.92166158772656515,0.38705074832878023,-0.98409458008316708,0.043454539573041587,-0.17224854263949357,-0.17557397735273103,-0.38555365476135861,0.90582678133112227,-8.6626459006152903,6.6998126001984222,-0.28267187478199529,,0.7723907091425968,0.4424778761061947,False,2
-0.18658392253115533,0.94683497917266213,0.26208769919245023,-0.97857707562616458,-0.15548430677673208,-0.13495012932599568,-0.087024978666080333,-0.28165253870906881,0.95556187686978433,1.0920743666360138,-21.512914940961519,-6.4355737327910694,0.2341012073391312,0.2092669388847647,0.2173913043478261,True,4
-0.65527392509303872,0.72408729212813627,0.21520612554410515,-0.75500249820025778,-0.63693545845541633,-0.15583468636204936,0.024234496168314731,-0.26459556901190051,0.96405491236481777,-4.6662403528017959,13.266082787072436,-0.037631664586622336,,0.1634822989073166,0.2941176470588235,False,5
0.17128770657333781,0.96628144489601708,0.19225163413222851,-0.97534583422605226,0.19387026384978287,-0.10542686779328148,-0.13914390117692038,-0.16945350407849852,0.97566617483685814,-18.261585450585098,-4.918764722980125,-0.24147610700237274,,0.08957693738003444,0.391304347826087,False,1
-0.97060137311219019,-0.18798324080737286,0.15031725013546751,0.16156747057825768,-0.97175533244094392,-0.17201025063505654,0.1784066337434661,-0.14266700756709105,0.97355903672462352,-13.819219292636356,8.2023476004061457,0.82783742677737004,,0.1017805216525466,0.2571428571428571,False,5
-0.022522508097382651,0.95265462525816913,0.30321923026619002,-0.99326220951775268,0.013164738854834929,-0.11513849397484921,-0.11367902081261837,-0.30376941028533699,0.94593933505377759,5.030989487127588,-4.1579307839830317,-4.366723911625142,,0.1769028691638814,0.3333333333333333,False,4
-0.9797563285130243,0.10831077633741722,0.16836363166630194,-0.13893788869305829,-0.97337032135869861,-0.18233617464337826,0.14413118963012669,-0.20203710854011753,0.96871420292496713,-8.3678346278975528,5.7066782159711771,-0.46958748363832814,,0.07068593477672087,0.2459016393442623,False,2
0.051154803854039366,-0.9970980392067097,-0.056379839063187831,0.99240772918383025,0.05707445375077122,-0.10894680254713943,0.11184849171468103,-0.050378635741624406,0.99244743334947705,13.339379344266577,9.5374262056579884,-3.7496253239166242,,0.6388387714239263,0.3076923076923077,False,2
0.80605791274285976,0.53114990627931347,0.26105635093615487,-0.56990086755836722,0.81556925063918029,0.10029854718821057,-0.15963596856862947,-0.22962267847780651,0.96009884025960224,-6.5256217308888678,7.64206918827343,-0.5502119383076105,,0.3295351579500655,0.3472222222222222,False,5
-0.52767943081747948,0.77867195810327849,0.33944719759595654,-0.84770034466675426,-0.45713463337972499,-0.26913203565657434,-0.054392498968223318,-0.42976494578826663,0.90130103041525556,19.258738390546529,12.62714086228203,-4.2781955811860426,,0.6386209970574878,0.3333333333333333,False,5
-0.95185474248094881,0.25374971413120917,0.17199892963288449,-0.27936236822491717,-0.94903620073692962,-0.14590050346239936,0.12621099966442784,-0.18692611446543625,0.9742327295336376,-16.693633435760809,1.8207167426651305,0.47178469613769836,,0.0690132215631003,0.3333333333333333,False,2
0.76823738371802242,-0.63219135541523275,0.10072443793012673,0.63904230603971612,0.76665247124492009,-0.062200638465370175,-0.037897933314772009,0.11215203284964896,0.99296811035307742,2.0737489822971895,-6.4693468966683776,-4.1167517902551252,,0.1652980001397901,0.3757961783439491,False,5
0.47143869048646786,0.85695877102260276,0.2082479912984404,-0.86407467445408315,0.4960828783283604,-0.085303779497276869,-0.17641008497099908,-0.13972631318717404,0.97434903362380643,-12.538239289864972,8.4659543221341753,0.67865061605704169,,0.08085747813554886,0.21875,False,2
-0.17220228911074739,0.95128792816036511,0.25572964114739694,-0.98073179717286063,-0.14125315615912926,-0.1349543918854578,-0.092257864917347929,-0.27404164576108231,0.95728243624828302,-8.137730553256354,8.9963725067208014,-0.059313115222669466,,0.090525740201127,0.375,False,5
0.9678060990447227,-0.22554863159298744,0.11171020292868308,0.21948108767215499,0.97350987069478279,0.064082632702435971,-0.1232047353233007,-0.03750128592939582,0.99167244932364518,-13.786408438987129,2.6498593425846004,0.050251048540532972,,0.1363375753723119,0.2222222222222222,False,3
0.5471345913518687,0.77094762548573537,0.32601149934339935,-0.81958922079190233,0.5725465460567708,0.02153977159084941,-0.17005072216238187,-0.27898066484322825,0.94512038414991573,-18.518001981669215,-0.91264757579275879,0.38379979001366504,,0.4307675557564994,0.2,False,4
-0.46683815592505329,0.83817530742466551,0.28200051453155844,-0.88367657405206301,-0.42975813198400953,-0.18553614328541013,-0.034319799593023309,-0.33581259955097387,0.94130337794927355,-16.421097394809884,9.9789910355785256,1.56023734319922,,0.6784256182955131,0.7764705882352941,True,5
-0.26852751326032293,-0.95192363126378843,0.14742582834696871,0.95098544093106141,-0.2863456351913507,-0.11675987471737144,0.15336122638848898,0.10884657756872645,0.98215719556097214,2.6744798972728887,4.1979689764357762,-2.6210930087911177,0.3124275535160656,0.2373068903618265,0.7635135135135135,True,5
-0.58881315998243167,-0.80563833368784254,0.065160861904825021,0.7848795183925612,-0.58916676710434712,-0.19195484403284357,0.19303679504012838,-0.061882112379010173,0.97923817323884343,9.9276377155539155,7.914420007598963,-3.372117165423703,,0.2280377071739327,0.3220338983050847,False,5
-0.58163291174996246,0.79174171140486194,0.18667677517827644,-0.81345122964713124,-0.56596809298246631,-0.13407913600318555,-0.00050294615108162355,-0.22983729059378205,0.97322893858417436,9.6285568117613991,-7.3405722627323087,-5.7132899508698358,,0.09514477573685583,0.2857142857142857,False,5
-0.25784083560533466,0.88674411051563706,0.38367041319363648,-0.96478904644030772,-0.21494110776236003,-0.15159952527198933,-0.051963442564420328,-0.40924956036594906,0.91094159965232302,-17.042874095998549,-9.7516820081832964,-1.1938973632841179,,0.325101634974301,0.5384615384615384,True,5
0.97884449034988419,0.091337028338109069,0.18308744076544117,-0.11197292612166861,0.98807118254195403,0.10572323323610611,-0.17124697815560669,-0.12398744083377242,0.97739530743096237,13.698200199231941,-3.0535828831347929,-5.782808894641045,,0.3968437371208699,0.1176470588235294,False,4
-0.62847956354368395,-0.77334258447186888,0.083394755532415141,0.75553832994581183,-0.63243408311227445,-0.17084777581411748,0.18486554625087526,-0.04436640125486549,0.98176186127240572,17.61888928551663,5.5477538785305631,-5.0744858326040134,0.5947342975524555,0.6393661408722775,0.9642857142857143,True,5
0.080575934085476336,0.98124332446433371,0.17512583201925291,-0.98876892599884036,0.10087482331758993,-0.11027366412586874,-0.12587108415101883,-0.16427357734836012,0.97835099118865299,-2.5690477128231848,9.6672509727801472,-0.91548159898405812,,0.1071999196283694,0.3076923076923077,False,1
-0.97474797784761769,0.092268968441802907,0.20335392089818738,-0.17464734294220308,-0.88247308600818186,-0.43673740173521286,0.1391570525888258,-0.4612241211535687,0.87630338626580073,-13.788848893195352,10.665326907365786,1.1786136948221011,,0.3444139017358877,0.15,False,1
0.39949586733758286,0.89284778849400248,0.20790834173154427,-0.90163866358547395,0.42366745206758816,-0.086911508940746715,-0.16568274595742327,-0.15273741074120001,0.9742794830294238,6.2087570200082229,14.037950861208797,-1.8429077461664043,0.1643042695402817,0.1371256676319869,0.5,True,5
0.14364243691282169,-0.9895933238309258,-0.0084796077153864724,0.98562647012692683,0.14382605101892262,-0.088625777477191942,0.088923066202648005,0.0043726968295398627,0.99602889908855397,-21.196261367153301,-21.372883981048894,-2.1156504843650934,,0.7284881993770556,0.375,False,1
0.4136750379167915,0.89072842987682621,0.18835027797618631,-0.89431435753179223,0.43631069209657658,-0.099170609934122383,-0.17051332181692036,-0.12741995201447809,0.97708206559714783,-2.5552038342735246,15.134857391304779,-0.14309776538714644,,0.09885877302838968,0.3888888888888889,False,5
0.013410889990393346,0.9614461957382423,0.27466590747693398,-0.99268795688955258,0.045757140331100551,-0.111700064257665,-0.11996152831684033,-0.27115954124681302,0.95502970368188389,8.9880123566780661,-10.002431872208112,-6.0456018251535619,0.2973926452804628,0.303401885136278,0.7833333333333333,True,5
-0.97778611681167249,0.12727375758956708,0.16654038669158147,-0.15465847287941548,-0.97436251782982342,-0.16339657467319621,0.14147461446123988,-0.18552378412850046,0.97240210766209478,-0.58203752682670595,12.118445225567205,-0.92718164617476995,,0.10801483574021,0.2702702702702703,False,4
-0.94820108577768047,0.2322717885364815,0.2167129834137595,-0.29349212134287267,-0.90157981194314973,-0.31783048533174962,0.1215609955523928,-0.36497076450945926,0.92304889654540656,-12.248526572827918,6.0968632127968441,0.2720713872743401,,0.07667209323547321,0.2608695652173913,False,2
0.97565139964351999,0.10029914888160144,0.19504980673476008,-0.13302616414662319,0.97767315766301677,0.16266295348868481,-0.17438000466245143,-0.18464906584884938,0.96721059571071233,-17.375220884194277,-6.2564125342726307,-0.57743651488995895,,0.2800707928791701,0.1612903225806452,False,1
-0.77395268539145046,0.6103315749728343,0.16879753957491134,-0.63251775772415197,-0.75785254547799452,-0.15994000586512697,0.030307209356441767,-0.23055343828211589,0.97258757197350698,6.1804512792077171,8.6022684684575754,-2.6136979206888951,0.5113522641037241,0.1395516175988724,0.358974358974359,True,4
0.38212189879670871,-0.91689779399665305,0.11524447849709746,0.92283286191357772,0.37205497381398911,-0.099772768993681413,0.048604150361799742,0.14447675184728523,0.98831376836673923,7.6790478290701483,-5.5723144285515209,-5.1098824835966141,0.7605371668515959,0.5280355353943438,0.1666666666666667,True,5
-0.26855470818464572,0.93654948652447512,0.22528521478916988,-0.96091200187012327,-0.24413388571534472,-0.13056328162036882,-0.06727921947981072,-0.25154265072998983,0.96550494638293705,-12.125037628581776,-0.96588767154982125,-0.75291428237157654,,0.1001324853901993,0.2093023255813954,False,5
0.86872858679773413,0.45578167979139839,0.19383937383035399,-0.45582749693780478,0.88882394375064944,-0.047045616702928783,-0.19373160690973476,-0.047487444467718479,0.97990459081591108,5.8156996766348499,-19.868131705724878,-7.0526596728748681,,0.09835882160511578,0.4166666666666667,False,1
-0.77682673506793654,0.57134122725795733,0.26478184552394013,-0.62741990280683013,-0.73811049574724907,-0.24806684911454974,0.053707441249425572,-0.35883436025988924,0.93185482380643292,-19.859503481828458,-4.2799010670872333,0.10804726677071284,,0.4502064096986318,0.2727272727272727,False,2
0.62381093944898747,0.71256986890774332,0.32109826182739476,-0.7597343258358672,0.6492858121272379,0.035095417321846539,-0.18347660878295363,-0.26584227672639971,0.94639538139956747,-3.3569935339433687,-10.374857937036801,-3.738512968644117,,0.4643924561983748,0.1428571428571428,False,5
0.066925281252542365,0.95768606686836588,0.27992571167270242,-0.98994616562807736,0.098772907837365559,-0.10124476201571773,-0.12460977444621316,-0.27033555075785376,0.95466805440892011,-13.269392624252806,-5.4337333554078695,-1.167383295561341,,0.09839269506657271,0.2601626016260163,False,4
0.81347138049368695,0.55645245776378882,0.16918917035772169,-0.54768120630631845,0.8307925992026981,-0.099141078110343672,-0.19572840717829221,-0.012013299241428521,0.98058455589754456,-19.091718719908037,3.2009850685799064,1.0922052026857954,,0.08611394280503319,0.3428571428571429,False,3
-0.82976552275304549,0.52647377343298729,0.18524185039454591,-0.55366657956557186,-0.81830182939956297,-0.15438728792710754,0.070302887014147733,-0.23066747037360713,0.97048957860912444,-11.334701098755373,9.648211190996431,0.59466209556042715,,0.1064140991848381,0.2916666666666667,True,4
0.47987374410724215,0.8329062604728471,0.27565984651674419,-0.859257634345443,0.5096412403096845,-0.044069535902703946,-0.17719341843186578,-0.2157150144073065,0.96024451314427495,8.9492536474034132,-0.85690390317629794,-4.581251203006941,,0.4636510182338432,0.1555555555555556,False,2
-0.3641705954072228,-0.92650774450351003,0.094674055663454146,0.91896163230450145,-0.37398544256338612,-0.12507760432193404,0.15129208767478519,0.04145223909134732,0.98761957052364979,-10.496401504888217,6.5917738543173936,0.047951676163217868,,0.3866437934105089,0.7607843137254902,True,5
0.53156114720843572,-0.84339963361812365,0.078229181200288003,0.84701982121142261,0.52924425531738717,-0.049577622860669607,0.00041140420791080379,0.092615205157468627,0.99570189038698664,1.9447031742755896,-9.1688862051506437,-4.5972368359861875,,0.08597000235882994,0.1944444444444444,False,5
-0.0032753281708779768,-0.99739126343112861,0.072110608488834341,0.99383772671379034,-0.011236370206564376,-0.1102738271075524,0.11079641323498871,0.071305060240055437,0.99128186869246393,-6.1859097385482702,3.9049382145029146,-1.0541317512004245,,0.9090795604267363,0.9727971614429332,True,5
0.92781473153155714,0.26652145266779892,0.26100984506502989,-0.32212776764504897,0.92527270997132105,0.20026011458686718,-0.18813167002140316,-0.26988280317607138,0.94433561157291102,-23.799483935083469,-3.2635354282367275,1.0114072345770921,,0.3181044340609978,0.12,False,1
-0.76428732942789324,-0.63696942799180167,0.10067187233669732,0.61474850784431878,-0.76680677363431005,-0.18463922663324728,0.19480541619565617,-0.079229538130277596,0.97763670660859525,-20.687504586206035,-9.0613716352052833,-0.39947801374663883,,0.1117366479621163,0.2631578947368421,False,1
-0.97937573206963358,-0.13278944628845168,0.15228308634735455,0.10956519603017914,-0.98230225169178631,-0.15191364040175867,0.16976054680619362,-0.13209560657210684,0.97659208857762592,-2.8164019467879835,5.5294723399756975,-1.437360562087042,0.1255034869488266,0.1018644698180934,0.2605633802816901,True,2
-0.97464170173092646,0.14959105087762764,0.16642136504779229,-0.17429703071833691,-0.97390641429630709,-0.14535075257899752,0.14033566307184592,-0.17067165461738765,0.97528308094642358,-0.58504058649511548,-7.0169478177728815,-3.7450603959957278,,0.2720309328358473,0.8042959427207638,True,5
-0.045597911099106297,0.98097636250232123,0.18869606968644548,-0.99402380063974494,-0.025801122626385009,-0.10607066433719721,-0.099184244036611552,-0.19240498507817341,0.97629032948808503,11.130715187872994,5.1483176710302638,-4.011684803221927,0.07744302453695126,0.09872893447585161,0.6097560975609756,True,5
-0.75859499426087418,-0.64697759740438388,0.077159724851734418,0.62179840335949521,-0.75423087697654556,-0.21095622720074786,0.19468019997402575,-0.11205254424618058,0.97444540486680475,2.9585605498169265,-14.781648027788401,-5.6233261007220214,,0.8196904746790608,0.8,False,1
0.97979310340418735,-0.13379253154213738,0.14867761440491367,0.13211259093160382,0.99100875980677605,0.021163678876156153,-0.1501723604360295,-0.0010938417529555849,0.98865922626114666,-0.90949899000394918,-2.1523649910601472,-2.9439519563698422,,0.0915374941619723,0.2814070351758794,False,5
0.077928148967219876,-0.99188894086106794,0.10041679439243126,0.99362267976589935,0.06903908189293409,-0.089149175129184799,0.081493397606039963,0.10672363453748078,0.99094343530684648,5.6396722514682134,23.207868887072387,-0.44900386625605698,,0.5165018481024612,0.45,True,5
-0.2861106578844691,-0.95810346286387404,0.013358364165220488,0.94539079809976878,-0.28453111745697512,-0.15899145281105123,0.15613113178735372,-0.032860274602312223,0.98718958262324774,14.394233283010118,11.354194928707434,-3.6775206926392645,,0.5408071588692983,0.4067796610169492,True,5
-0.68118839338552417,-0.73043108150639535,0.049525830495271525,0.70656142894744212,-0.67362702023942411,-0.21678926340366433,0.19171155374832594,-0.11268128847662542,0.97496133635475546,3.2240727853052737,-13.759319297264684,-5.5453212833426644,,0.6954578898091652,0.2857142857142857,False,1
0.51207842447908036,0.79121368150540572,0.33430016060673018,-0.8400101484382847,0.54256449409238983,0.002592348541456832,-0.17932829588136395,-0.28214301329101166,0.94246309336087775,-17.241905371651484,-0.15249200081422976,0.26120446508318179,,0.3968532198504077,0.1764705882352941,False,1
-0.15844806427913119,0.93098627639826081,0.32887499765761785,-0.98335553997511405,-0.1187978951477431,-0.13747342328144008,-0.088916212956065888,-0.34518344871469109,0.93431380906362738,2.4339013707055837,-3.373646598813254,-3.7326310352339798,0.3715538177006973,0.2790600160279648,0.4024390243902439,True,5
-0.98895792116542769,0.052622276430882943,0.13853925865034578,-0.092078181018767413,-0.95067895329634489,-0.29619442320820488,0.1161199325888143,-0.30568026397299147,0.94502684484250055,-12.177984607827637,5.0053640087592548,0.10002166728743206,,0.1218720119856991,0.25,False,4
-0.80461548681416006,0.55327040556705853,0.2156056045247346,-0.5902166849472763,-0.7849906691626013,-0.18823898145044329,0.065101330160461851,-0.27871402485579216,0.95816507406606355,-10.136274547842705,5.2433890599570283,-0.1932471002666056,,0.1122325232443246,0.5057471264367817,False,5
0.79705670294972675,0.56421615099992406,0.21531545981127911,-0.56951161922258475,0.82086855034664408,-0.04279414238268521,-0.20089083566300708,-0.088515298127672712,0.97560643404191894,-24.933775941346685,-14.014039311447188,-0.37450153120067714,,0.4650998730224587,0.9411764705882353,True,5
-0.30911933428775223,0.91178980513692354,0.27034161429175163,-0.94844312389154439,-0.27463779771386659,-0.15820784054441861,-0.070006270521630554,-0.30530874752494519,0.94967662431609001,5.567559006871841,-0.45568174649008875,-3.8826089606070444,0.3552858266777665,0.2285029665878032,0.2741935483870968,True,5
-0.72951467654715829,0.6202304984771565,0.28830966938532054,-0.68199496030924844,-0.69160159478315919,-0.2378447144802201,0.051876881316069157,-0.37013695148170322,0.92752758790924872,13.554529723957886,8.4830761929958207,-3.9319913732107015,,0.7012555819992754,0.5238095238095238,True,5
-0.67163340650203773,0.70839398709934809,0.21699430018311133,-0.7408761239096916,-0.64349326471296875,-0.19240318939559531,0.0033371081823594939,-0.28999030554577998,0.95702376480338536,-14.441157880374842,-2.8998088536332225,-0.60282411129387226,,0.1546623300838134,0.3866666666666667,False,5
-0.61149213207534747,0.73052722218992183,0.30398577277468519,-0.7912492421235191,-0.56387497025864275,-0.23657906660305225,-0.0014174797714360948,-0.38519475016579807,0.92283421869575588,-12.946767063610837,4.3438931691503271,0.17860200440617038,,0.4572200398604023,0.8602150537634409,True,4
-0.37520471983060888,-0.92190414396181974,0.096509935047427872,0.90995438034709308,-0.38616823980399828,-0.15118570122144448,0.17664779620468668,0.031094049474234275,0.98378286028133333,-20.377328003249133,-18.709050173649555,-1.8986036793493946,,0.3482612026472754,0.9333333333333333,True,3
-0.87465712130561846,-0.47220702826014482,0.10952370798640743,0.44203494021726192,-0.86970295345526116,-0.21959481865089178,0.19894730904561311,-0.14365686622267387,0.96942388716731698,-3.1224108462591733,-2.8483121273424148,-2.646667727276347,0.3572788074311062,0.1628853798361444,0.2439024390243902,True,2
-0.31371750644633761,-0.94799150787986353,0.053790585949171341,0.93786915928065318,-0.3182175851616309,-0.13834380565858781,0.14826586329729788,0.0070476578778541632,0.98892242582476808,-18.828076381607787,11.467286801605349,2.1835613060247177,,0.3050845595651533,0.9433962264150944,True,3
0.96030784900872201,-0.23627583356395249,0.14826518676311617,0.24745767176625444,0.96692022471036965,-0.061886830021205277,-0.12873824535182629,0.096119766540021606,0.98700934882301183,-4.6117066396052415,8.7238010791681315,-0.71699243544229374,,0.1141234515063114,0.3870967741935484,True,5
0.1208448102248539,-0.99104012337764014,0.056885900690334765,0.98969277598727501,0.11584818238033852,-0.084186743598818267,0.076842312564890866,0.066473096022401507,0.99482490243503463,7.628877113758489,7.8110238981655229,-2.971070658984758,0.3315325686829854,0.1304979257193355,0.1111111111111111,True,5
0.50348311693404046,0.78424641093275782,0.36257732678902088,-0.83491135271718853,0.54959901447929627,-0.029393135037657836,-0.22232360213512847,-0.28792097912878034,0.93149005668938134,-9.793804346086274,2.7798472934559042,-0.62471562104234946,,0.2396378398951067,0.2075471698113208,False,5
-0.67236585873116328,-0.73962285823500606,0.029701508193805543,0.71785986741297569,-0.66131877878365752,-0.2175653547463795,0.18055847465719038,-0.12496199584022888,0.9755937355401052,4.9286666860516704,-12.192700947600983,-5.5889698783162167,,0.1263803686695543,0.1111111111111111,False,5
0.24817852786108888,0.94409449451155092,0.21700922501516612,-0.95755632888231768,0.27298814183765652,-0.092538378165186924,-0.14660591845530088,-0.18483251837543044,0.97177345344729138,-10.356279700224738,9.9944203445728927,0.48074260163448918,,0.1486863294606436,0.3,False,4
0.30252366385934815,-0.95062815433412162,-0.069177633613894035,0.94848088438445788,0.30741922856359039,-0.076664397647435406,0.094145869598156628,-0.042420868645858034,0.99465422390946434,-14.889397346370833,6.4227109796357365,0.79909763457445326,,0.3741487141292533,0.1379310344827586,False,3
0.47477088200802658,-0.87070647613235186,0.12830760701729188,0.87982641583077348,0.46585061203875783,-0.094279824297093098,0.022317876325865335,0.15764973734293991,0.9872428640977895,5.6537550980803264,-7.2002245778743834,-5.0298429178238449,,0.1081306335385726,0.3846153846153846,True,5
-0.10947554255124539,0.96212706052928643,0.24965300915547772,-0.9899404469917904,-0.082887538722570417,-0.11466284199429402,-0.089627099656323261,-0.25969438831401226,0.96152265063565012,-21.780537373366716,-14.268507859034301,-0.94155583551526967,,0.129562671415017,0.3571428571428572,False,4
0.63053414316283873,-0.77584590312207014,-0.022132078858627807,0.77555220686942627,0.62865332186744849,0.057565400415402826,-0.030748475179563181,-0.05346153302816864,0.99809638600708817,-4.341870798467756,12.018792571452318,-0.26877574952983707,,0.2692457357042177,0.2333333333333333,False,5
-0.90451058089314862,0.38883020496678755,0.17513332280815261,-0.41379950543140243,-0.89953939469850563,-0.13999588097573656,0.10310469609608199,-0.19909783798658331,0.97454064694706444,-3.3780551602090232,8.4879459178552974,-0.93966546569473253,,0.0773044464526664,0.2380952380952381,False,3
-0.21706538954952795,0.95405936791148216,0.20652684852109851,-0.97333288297617204,-0.19545564934362203,-0.1200840874427514,-0.07420050927727527,-0.22708547210248425,0.97104401176413557,-24.36289145144341,-15.728866264325815,-0.71418074559604383,,0.1178224849306203,0.5,False,4
0.38050537034483534,0.86711292143176488,0.32145115433734173,-0.9014301821598838,0.42538538744562371,-0.080441897285776942,-0.20649283239361704,-0.25915719869184906,0.94350318310870329,11.22208564682032,10.168584765802963,-3.2412816866823957,,0.768782978442085,0.5238095238095238,False,2
0.47794358431566397,-0.87720263895646522,0.045666841573610673,0.8780180344998546,0.47558091335438707,-0.053917770224846062,0.025578532102295423,0.065865962839849218,0.99750058327535396,3.1153623606661669,-2.21112063335167,-3.7017375349655843,,0.1604266042390059,0.2884615384615384,False,4
-0.36044768881042955,0.88065261380267723,0.30745477298902446,-0.93219900671687117,-0.32846686428878891,-0.15203463730469263,-0.032900995536593231,-0.34140956762633812,0.93933861393317486,11.342933436979047,6.0910450596659764,-3.9007262603213593,0.3510925252708862,0.1965568031266843,0.375,True,4
-0.96889705081163124,0.17620247605252193,0.17375612898969672,-0.20463295498983855,-0.96531151867613019,-0.16216974330407799,0.13915408244334926,-0.19268201614095756,0.97134431691095313,-15.021549576875044,5.0591778283225244,0.58848027570456474,,0.1009824362726745,0.375,False,4
0.69580531937272483,-0.71734563042368726,0.035639922063095103,0.71795986117805266,0.69604827800753422,-0.0071015786933395081,-0.019712819935563064,0.030529349727586058,0.99933946361354087,3.2335789941694264,-12.19156019655518,-5.2444322164749773,0.2198222323961216,0.1654965767560965,0.1578947368421053,True,4
-0.93939061551835212,-0.31979737840586558,0.12359169972448214,0.28986743830714384,-0.93333312683467573,-0.2118162943738279,0.18309052319905866,-0.16315302975348536,0.96946322735674317,-19.444587513812788,-1.8984307164521341,0.41223439628349268,,0.5974446436586655,0.2307692307692308,False,3
0.71679893209388235,0.66189685441010415,0.21929852956889778,-0.66831940007686375,0.74186360867981893,-0.054658627840978982,-0.19886797235847689,-0.10738221565309344,0.97412555111313148,6.1438950973352275,-12.282013415497101,-5.8220316988628742,0.1643422349707312,0.2191550096549718,0.5652173913043478,True,5
0.97377912467422378,0.15557828324951195,0.16598076433682793,-0.14484899684683877,0.98660926607171451,-0.074972823168781233,-0.17542230320334831,0.048964822909590019,0.98327486577063761,-21.073623684853814,-3.7605132278280871,0.41325990435279797,,0.07443213312895049,0.3636363636363636,False,1
-0.76483552020242429,-0.6441091176737811,0.012250370042906078,0.62428503317286044,-0.74572222411873335,-0.23273710879824988,0.15904346699266114,-0.17035788500950239,0.97246252710427961,22.404659554501006,15.420065063787341,-4.4550703827864035,,0.5316378171781297,0.5,False,5
-0.44714256777047268,0.86938204789481333,0.21032921548336864,-0.89369308865407615,-0.42447833421900821,-0.14536439409495888,-0.037096999603292907,-0.25296837465753919,0.96676305992914158,0.65829961826946404,-0.7759910487941879,-3.012436741872814,0.160863729989027,0.2181776544697112,0.1954887218045113,True,5
-0.066992444470797219,0.91855602944717996,0.38957262885123134,-0.99250390856745641,-0.021350500422801028,-0.12033348499074838,-0.10221547760564367,-0.39471379111696631,0.91310077167852777,4.6271191896018928,-13.733197018610523,-5.7481777258362223,,0.3790197839132783,0.125,False,1
0.50128009437108856,0.83241143790693184,0.23624026970232537,-0.8467093522497624,0.52815085583478749,-0.064342414422913274,-0.17832986233410505,-0.16777327416098342,0.96956206025050473,-17.241223859703602,-5.2177852584777975,-0.47244912556445734,,0.07731388962827693,0.5,False,1
-0.95091857785933431,0.24205201754194844,0.19278142827008651,-0.28403249624554189,-0.92998313331125959,-0.23336004977951846,0.12279820584401285,-0.27666259696685658,0.95308887732521952,-5.0326594652119407,-11.143914245551185,-3.5445023702657386,,0.8025493663717131,0.6201550387596899,False,1
-0.21952598179830318,0.92223637300960548,0.31825841012230671,-0.97328105249905505,-0.18451138164680492,-0.13667312423852179,-0.067322627413243297,-0.33975818215441761,0.93810022998467646,2.0134396888695765,-11.634706889302425,-4.9328656186586342,,0.2644138726149804,0.4711538461538461,False,5
0.30668298494287161,-0.94712709016566365,0.094317664415809244,0.95022478883768791,0.29894496714138358,-0.087776746916305617,0.054939943801412323,0.11654261750604385,0.99166497411168963,-13.799528328261063,12.139340146996137,1.3369558156654955,,0.09433366444852322,0.3076923076923077,False,2
0.076725453063977003,-0.99703939946555686,0.0050636711474519036,0.98718735486720566,0.075252701718446169,-0.14070592480192501,0.1399082958312976,0.015794517955184023,0.99003848509042613,-13.993656212059747,-15.804783703646104,-2.6368164937454805,,0.415619833509416,0.775,False,2
0.24311197950228289,0.93915250639566428,0.24267083704727388,-0.95871124322528567,0.27069596561085058,-0.087157594708879987,-0.14754429008236716,-0.21146220450177908,0.96618549902766571,-13.809881140594062,6.5746210026393364,0.58945552795491729,,0.08159656770467451,0.15,False,3
-0.77340136610772703,-0.63040851177349311,0.066599062953089913,0.60794025077858027,-0.76737112130459828,-0.20383869522492287,0.17960784611474254,-0.11716087431925212,0.97673658226912441,-6.118377474737521,10.862548503663053,-0.13693909919668334,,0.1084982428685932,0.2857142857142857,False,5
-0.85850009363543067,-0.49359979782369545,0.13905692653141688,0.47461791557180288,-0.86747860703384905,-0.14905938600735757,0.19420459172283766,-0.061968588228393851,0.97900177253503806,-20.334561886989327,-5.9652093859140507,0.0049871388718865798,,0.0804068920238604,0.3571428571428572,False,1
0.49822421570031228,0.84591627199901243,0.19025848642597193,-0.84891186494808546,0.5205601841512596,-0.091464420551219283,-0.17641223438348114,-0.11594289734045712,0.97746404952618482,-17.576368342796428,5.6048702215979915,1.1650308603277406,,0.1096156787974947,0.5,False,2
0.44713116132588931,0.87128065836789648,0.20234559279946679,-0.87757646923688293,0.47107115726088039,-0.089171214181607811,-0.17301232676629957,-0.13770250234073819,0.97524599749807295,-25.932265672558504,-9.5800284570916947,0.49469462548873439,,0.4312720204051838,0.7741935483870968,False,1
-0.18733880379174428,0.95102158761383004,0.24589044813971225,-0.97835670810161746,-0.15825317869820313,-0.13331947773855393,-0.087876756349131099,-0.26554448087728127,0.96008531098500327,-22.272328616992247,-5.2072030899305419,0.46036187872769485,,0.1496133425053257,0.4137931034482759,False,2
-0.57956420243268125,0.78870485026242054,0.20506095296545793,-0.81492486221419025,-0.56143156648116155,-0.14384736738533352,0.0016745756932240036,-0.25047805359160813,0.96812082947595257,-17.958633863338807,-7.8326151421930881,-0.73556891361249388,,0.09820530213405615,0.2608695652173913,False,1
-0.27956375072947992,0.94067056138315974,0.19230965712921722,-0.95761597571498991,-0.25870524050193383,-0.12666191847696345,-0.069395621861134585,-0.21956888095522198,0.97312576483339441,-3.5567367223740032,-7.032059586955846,-3.1428749594895682,0.9937533342805083,0.753201856880095,0.9244817374136229,True,5
0.85850617048828748,0.4658218743720729,0.21442279867127997,-0.47216436498852482,0.8811870462794098,-0.023878900819601034,-0.20006990695384114,-0.080742620875581886,0.9764490060958757,-18.703992303269402,-12.998924512959183,-1.2907740119466826,,0.3433328116513274,0.8866666666666667,True,3
0.84328852679629163,-0.52868326570611679,0.096739160302615451,0.53192048032422967,0.84674278084275167,-0.0093416113344738511,-0.076974432023762474,0.059335214274481879,0.99526592886605958,-21.412221528240121,-2.3804993321671866,0.68232470234633436,,0.07862007441731347,0.3333333333333333,False,1
-0.93170159555860621,0.29393848853544557,0.21338299320950038,-0.34429526557433193,-0.9018579694699389,-0.26098462216509866,0.11572772760513442,-0.31662654320359312,0.94146413909521576,0.51093836031789264,6.3653078257523301,-1.9687021067405446,,0.07322697775723039,0.2105263157894737,False,5
0.8580950435659328,-0.51090362220149399,0.051481890301092834,0.50965343558110177,0.85962529104241825,0.036024083619412298,-0.062659969741138022,-0.0046741653406610767,0.99802398787324198,-6.4929765055455242,-14.252230225013445,-3.6768738206467799,,0.1459734434902974,0.4444444444444444,False,3
-0.81713474699820343,0.54815996898047548,0.17835765656541688,-0.57241112909870862,-0.80814501818280549,-0.13873402203589194,0.068090414392370263,-0.21545829757435161,0.97413624174149194,-23.847719747365336,-7.8422452390737662,0.31890927544301195,,0.1163853915013587,0.391304347826087,False,1
0.83122061235691846,0.5218317452089184,0.19173920643729769,-0.51735961933974428,0.8523151634766315,-0.076797697780846344,-0.20349770974049111,-0.035362293477908376,0.97843660516681308,24.105089288707216,5.2800436891369209,-6.242602059843283,0.574546191242049,0.4571711653928551,0.9122807017543859,True,5
-0.58405087098885333,0.78730267980404378,0.19758307232790581,-0.81171289232173927,-0.56726091168350046,-0.13905839965526059,0.0026001030441064749,-0.24159790655007068,0.97037296490307534,-8.8314437083318982,-0.96608145582261473,-1.324764438481483,,0.08337617814465884,0.3846153846153846,False,4
-0.11839120636458281,-0.9866431361733542,0.11188764050397532,0.98468218155300502,-0.13118114313965559,-0.11485864798346082,0.12800204524754336,0.096575512044105902,0.98706060953006591,-8.3914019006296403,13.007022921276553,0.55225798670247261,,0.08028444378843007,0.25,False,4
-0.8788472301316439,0.38966557050451955,0.27529672946354777,-0.46853708183524123,-0.81374649563006407,-0.34393261519534224,0.090003050144175367,-0.43125095247799544,0.89773162300966558,7.2265475138561746,6.6484446744881129,-3.0847386172560962,,0.6326674301800569,0.2615384615384616,False,1
0.252535929676941,-0.96408219246989191,0.082286878569128974,0.96513474036156943,0.24493169992820046,-0.092322236311135994,0.068851558946841224,0.1027326069596672,0.99232327106536289,-9.9677451544768623,9.1464043305019445,0.28758370691221247,,0.08291433986483386,0.1538461538461539,False,3
-0.98705899560590993,0.0042289717237132349,0.16030176228480306,-0.028154452594907297,-0.98869432908619315,-0.14727813969454023,0.15786660822521845,-0.14988542100872726,0.97601869581299683,-15.14848152842675,10.757272491103642,1.3983955389393372,,0.07635450264393229,0.2307692307692308,False,1
-0.78634184782485639,0.58032926145752561,0.21185949744005661,-0.61667641319184663,-0.71672930216594133,-0.32559070752950259,-0.037103905080590693,-0.38667435357531277,0.92146961128128635,-9.9468113626883117,-10.42647255788185,-2.5099765906343561,,0.2842803924969023,0.2857142857142857,False,2
-0.14015457492178712,-0.98204382971414694,0.12627989408004336,0.98091767669736285,-0.15507369274356114,-0.11727174153020041,0.13474867966382356,0.10743400923008221,0.98503843934620605,-9.3544636821996683,12.166726698195964,0.6218575985304905,,0.08793759042126148,0.2333333333333333,False,4
-0.041784905550717698,0.88668939237599631,0.46047360740438092,-0.99344120133097091,0.012225040762126892,-0.11368873240757667,-0.10643590167887358,-0.46220392666684562,0.88036295299583933,-3.6509442109006112,-13.008851681792411,-4.0552536425128629,,0.4704821127678247,0.2941176470588235,False,1
0.030172829859362253,0.91616454345871656,0.39966502179620356,-0.99673925894597104,0.057514894168065177,-0.056594051142088223,-0.074836154458356577,-0.39665421497561093,0.91491255523572701,19.334585697509642,11.278748201375702,-4.5085235304198354,,0.3066698022296458,0.125,False,3
0.13773648896884591,-0.98589154363240172,-0.095113215699268394,0.98905841830566787,0.14202772071764669,-0.039894507472095053,0.052840370790011124,-0.088577597291136484,0.99466673035389297,22.122762057887162,8.2389092823985379,-5.4942623347414576,,0.3071444410392974,0.1428571428571428,False,3
0.53591806130349828,-0.84408632850022025,0.017609702090585794,0.84423246020883103,0.53558095933851435,-0.020605560506379419,0.0079614507751774449,0.025909574158130513,0.99963258713814451,8.2329098016936904,4.0742504682048262,-3.6544984752167577,,0.599467705126664,0.1238938053097345,False,4
-0.98463988211007192,0.019929724571393012,0.17345635945900861,-0.088317601543294891,-0.91384436943948644,-0.39634387809248156,0.15061309310914567,-0.4055752390398808,0.90156775766541264,16.463757400009666,11.132805839761351,-4.0211041329044068,,0.6833600517716509,0.4722222222222222,False,1
-0.58658011455975645,0.69550259339520282,0.41496977213239372,-0.80988409600274724,-0.50587472535170819,-0.29694867114056456,0.0033941486232137302,-0.51026160430790946,0.86001254346913025,9.1596126280265899,-11.490697757066807,-6.2639171863323906,,0.5213450492792374,0.1176470588235294,False,1
-0.98741512650714214,-0.082283620265909005,0.13505840877494896,0.031978157615299721,-0.94022947107844457,-0.3390367814132863,0.15488307002515339,-0.33045112732669735,0.93102808070868592,7.1164853138866526,-8.9634925012666482,-5.5073469519486853,,0.2164972730003554,0.3636363636363636,False,2
0.365828195256021,0.90848655932928091,0.20204430967926001,-0.91624703942183894,0.38965221248563159,-0.093072638598937038,-0.16328225349510161,-0.15107390516928615,0.97494388601112025,-13.035247003538961,9.1089087993687841,0.80835959578154626,,0.1000046917954827,0.2608695652173913,False,2
0.59886220272593693,0.77261867587631106,0.21077106972583851,-0.77882986893763739,0.62315707561008638,-0.071409343700018779,-0.1865156760082681,-0.12139044774701373,0.97492372101562808,-14.437186975783424,12.652395125561814,1.550956535488774,,0.07907553662809239,0.3636363636363636,False,1
-0.95243920736935839,-0.28086743972172573,0.11820760368855857,0.25482100438767552,-0.9468131297181317,-0.19649720892728417,0.1671101791887161,-0.15702986562281493,0.97335286988532388,-0.92183265665424741,-23.160514530158849,-6.3689038521342098,,0.1931938463099092,0.44,False,4
-0.92474898129181915,-0.37680704049361041,0.053439459523741448,0.33684932959082464,-0.87573628058185871,-0.34585906960330592,0.17712100596472147,-0.30183177617192514,0.93676343232373582,-5.3326400376458043,-8.9537573884796551,-3.1875213631211206,,0.4329182296934254,0.3163265306122449,False,4
-0.91228243700823242,-0.38381408724183858,0.14292481086583569,0.36262004230596878,-0.91916472932567095,-0.15376249634317063,0.19038765727939916,-0.088447423921675164,0.9777165198344977,-7.3876023205277672,0.99144743545829161,-1.3345437182283104,0.8443028489504724,0.4698257419046644,0.8158379373848987,True,2
-0.7778891716772145,-0.61842302890927514,0.11154099650808297,0.59736629066602331,-0.78282136326313079,-0.1741959471249859,0.19504346019093921,-0.068874309677357679,0.97837333268196469,-3.3104773409728505,11.176830329317813,-0.56580245028718545,,0.3977952964994436,0.16,False,1
0.75122153394629565,0.59233122260461735,0.2912214443736843,-0.63107306262688045,0.77384738585983304,0.053916723051692442,-0.19342439495085678,-0.22428541219977466,0.95513509898457472,-1.4801902960251085,-9.9521877005247923,-3.9958042536396237,,0.2587487280748955,0.3333333333333333,False,3
