axis_00,axis_01,axis_02,axis_10,axis_11,axis_12,axis_20,axis_21,axis_22,location_x,location_y,location_z,dbh,dbh_approximation,score,reconstructed,number_clusters
-0.49140180547131662,0.86609503789888098,0.091671429063075002,-0.86956471859347528,-0.49380214939882061,0.0040789001649783191,0.04880026390278059,-0.077709861510886921,0.99578095566594282,-14.435468025064319,4.1137740480738421,-3.5461303813464857,,0.1350049306774629,0.2585034013605442,False,5
-0.14640306455528607,-0.98697292234015388,-0.066712766815317376,0.98851344944887376,-0.14852216963031464,0.027970080210664827,-0.037514036673060601,-0.061851561788189319,0.99738010876338024,-13.788321578861327,12.150533688142463,-4.1067751419804353,,0.1492815214052905,0.8148148148148148,True,5
-0.78081302448992607,-0.62446378943238845,-0.019390628526025105,0.62366457975219403,-0.78090362867020302,0.035100066840791151,-0.037060932926899548,0.015313341158942381,0.99919567094395312,2.7575042176028792,-9.9274048897347811,-3.2989126921331313,,0.4649966927526491,0.92,True,5
-0.98488340216748926,-0.16500927092538967,-0.052693686943143275,0.17304598287677883,-0.95084941478302354,-0.25678878133008676,-0.0077312318035507224,-0.26202543944329676,0.96502999805153555,-27.901233475763831,4.3055558317865463,-3.214797743453095,,0.7248088200663125,0.2826086956521739,False,1
0.69106476966471697,0.7209395317318088,0.051726934130778793,-0.72159061664777291,0.68402038621121963,0.10687887168818577,0.041670926245247153,-0.11118589314194843,0.99292559191114071,7.6492754902282281,-6.6378461422534532,-3.7705111564481602,0.1852526451669791,0.1969000897841658,0.5531914893617021,True,5
-0.23720599196571629,0.95815560643414954,0.16022219332653909,-0.97093629507766599,-0.23924317917093807,-0.0067388516112160957,0.031875198452967358,-0.15716403875883572,0.98705797025534148,-11.900741977031911,-7.3928879372893981,-2.884616857873294,,0.3437222630390036,0.8258426966292135,False,5
-0.08728667910499599,0.98996905239757216,0.11109595377814237,-0.99409593066448321,-0.093775986738224654,0.054583376110206111,0.064453985812650508,-0.10567563392914196,0.99230960093437459,3.2885143362894951,12.153829212795875,-4.722857778850913,0.1336104617864109,0.141649617372175,0.3043478260869565,True,5
-0.90626277125904386,0.41455299164545534,0.082665630994263356,-0.41966832899994272,-0.90579533285881331,-0.058423527842704201,0.050658494492758055,-0.087639215474547408,0.99486334983591218,-2.4483282962805193,-17.379252815895711,-2.567038849993899,,0.2439580547907408,0.4117647058823529,False,5
0.74336027606401256,0.64202829537610784,0.18765704864588517,-0.66832414571164767,0.70135161670016777,0.24788857579738849,0.02753790530943484,-0.30968625686089202,0.95043994343812088,-23.890383406918406,-6.6363252689156615,-2.5726391332103802,,0.2838386948329494,0.4285714285714285,False,4
0.87838703443532828,0.47482065016033065,0.054603735377987572,-0.47782677527549799,0.86981655095674204,0.12288507033621257,0.010853136216202659,-0.13403177930266294,0.99091760079798474,-18.738741809179569,6.3937048367359459,-3.5547135846580913,,0.1340970451242358,0.1904761904761905,False,3
0.92318902813024206,-0.38427001271010797,-0.0076534744862351897,0.38356924188684705,0.91987452331538788,0.081887105417378939,-0.024426522844798078,-0.078532914673154347,0.99661222463636834,0.72724870100936345,11.154573028810299,-4.5361588807208513,,0.1778270201221341,0.5,True,5
0.77289114696851458,0.63080580599360359,0.068726341838143898,-0.63452869110201227,0.76772614186172461,0.089274359535522457,0.0035517750576997513,-0.11260819786707645,0.99363312075789245,7.8280011001542942,-13.422177653752186,-3.3100476494917688,,0.5119417551382252,0.6,True,3
-0.69904148352312756,0.71407119265528296,0.037991263912184145,-0.71352170646908197,-0.70003871760036163,0.028854258921162723,0.047199350750121306,-0.0069372674953288461,0.99886139959879527,-6.430899032649787,-14.701545322121918,-2.568162686003101,,0.1018385254022763,0.2545454545454545,True,5
-0.97037430640780686,0.24025627177769304,0.025507436857702383,-0.24106168600322939,-0.96986133264226271,-0.03547194647399815,0.016216319090558928,-0.040569931191179527,0.99904509992206825,-10.836450819944682,-15.007463812103373,-2.4007536300068377,,0.1797170494556904,0.6923076923076923,False,2
-0.024606043889727987,0.99608227681426109,0.084939039437786856,-0.99618559704696774,-0.031546229316355437,0.081357800192090074,0.083718569267952223,-0.082613154112629372,0.99305904553923174,3.7256703480063527,16.893625596669711,-5.014980503101607,,0.1527447526780329,0.35,True,6
0.90205012351790337,0.43116317204517784,0.020097107584800152,-0.43096569176990701,0.89709754626126348,0.097388731428770969,0.023961368463011962,-0.096510681087432437,0.99504348711873847,7.3856245079886236,-5.6632155942718887,-3.802049509700915,,0.07022979273536328,0.3666666666666666,False,4
-0.75562715196369501,-0.64288280272180731,-0.12541654268790922,0.64524770041099311,-0.76352314005132693,0.026226317326057458,-0.11261888087510113,-0.061107418295285695,0.99175746586538216,7.1116375740258455,-10.158397680390419,-3.4819904493647149,,0.2472364423554955,0.282051282051282,False,5
0.19409665651942934,-0.97907883066439483,-0.06108298677061344,0.97926991120864115,0.18970420157077147,0.071012371512404263,-0.057939010428193168,-0.073599994913290515,0.99560339082355709,7.253099429767893,15.529837872787835,-5.1329315036587015,,0.0985935572734246,0.1111111111111111,False,5
0.39773983171968447,0.89091032295463268,0.21927567743931309,-0.91580577105026262,0.3709917241455748,0.15383410001208669,0.055702926086803717,-0.26199987990143525,0.96345900118116223,-7.2826433394839549,11.685233543129078,-4.2837988463543963,,0.1391616610161548,0.3846153846153846,False,1
0.073104728977482727,0.99362096659787236,0.0858666019953995,-0.99450979826864006,0.066164106541320988,0.081071401574513036,0.074872957393147213,-0.091321879868387898,0.99300269612348269,-21.405917458265463,-5.9450966844003768,-2.6888454572321727,,0.7489224424138534,0.5714285714285714,True,5
0.054766738076083989,-0.99776482568138181,-0.038287818343545672,0.99647621235368944,0.052175930917133108,0.065672143608815459,-0.063527652355111833,-0.041749549290181466,0.99710641985713655,22.731711370434326,5.3482788166954602,-5.237333305798737,0.2943878169273359,0.2184168212186595,0.8571428571428571,True,5
-0.47475229536026148,0.86137718033073241,0.18066436077887893,-0.8783751219966347,-0.47663887233248919,-0.035672544610834384,0.055384141300212034,-0.17562670237492661,0.98289768455589954,-1.3041189032643603,-16.607876550038842,-2.6668896400968829,,0.08636949462402466,0.4,False,3
0.56836889268806368,-0.81309793349611603,-0.12581157486054542,0.82136702386186922,0.55178623921475045,0.14452736185767312,-0.048093803518133985,-0.18548233543275369,0.98146996352693938,-21.617568628925582,-4.2835097713633647,-2.7990208015266389,,0.209003227450823,0.4722222222222222,False,5
-0.96809588990480333,0.25015224927150626,0.014635577673312593,-0.25039112194693758,-0.96798212662163341,-0.017745100484737583,0.0097280008007432223,-0.020843577559184485,0.99973542063635723,-18.330113891281741,-9.552718367639816,-2.5272043100516144,,0.3176113218708543,0.3333333333333333,True,5
-0.30934353257932951,-0.9278501619655759,-0.20832824050472346,0.94916822633287889,-0.31466920160437889,-0.0079354698511476113,-0.058191554124606172,-0.20019333281134871,0.97802677495375678,-10.977478832054889,8.672842777184723,-3.9635897961983506,,0.2782679166541819,0.4634146341463415,False,5
0.95793431771206339,0.28522713172245751,0.03173840384933848,-0.28422079814426016,0.92756053858180643,0.24259015884423257,0.039754004223016517,-0.24140615276999489,0.96960955469355126,19.608975545380996,14.476505536519467,-5.677610357473287,,0.1976796512119785,0.3333333333333333,False,3
0.98908920206300466,0.1471598519678817,0.0068211678735139499,-0.14713072839671051,0.98444032777570412,0.096071795082201428,0.0074228784053702607,-0.096027178536361502,0.99535103448910112,-5.1869444739390058,10.029594799710919,-4.2419909919402095,,0.1165895325922157,0.6176470588235294,True,5
0.82119364057378597,0.55915473848272434,0.11396044538999608,-0.57019370585685636,0.7960276709086358,0.20302483825629836,0.02280663242118857,-0.23170223473261367,0.9725193735538209,-13.191522499553749,-5.6185089741640564,-2.9485465639967616,,0.5649223870208818,0.2380952380952381,False,5
0.063243507982900585,0.99059152521836091,0.12136180974086268,-0.99575624606014934,0.054486756663146362,0.074166648707691699,0.066856242268137273,-0.12553733912223738,0.9898336321604212,14.70941372599348,-1.074201665477633,-4.4568958822578661,,0.9453458127614339,0.5760869565217391,False,2
0.23651091691943407,-0.95009735113808969,-0.20341487049454338,0.96819033413858535,0.21285401499172835,0.13153191697270383,-0.081670454012095148,-0.22805304572025425,0.9702173701182496,-19.779495303894041,-10.117930528178842,-2.4526550994700376,,0.2939401915305224,0.1428571428571428,False,3
0.59963809550703362,0.77167566747310812,0.21201608110384038,-0.79884173079555276,0.56135029755863308,0.2161891129784283,0.04781258784319177,-0.29900252116122195,0.9530537491573966,-29.48475685268798,-12.399476554418582,-2.0842751438109488,,0.3096489490298249,0.2857142857142857,False,1
-0.73956370828015838,0.67282542194155359,0.018747612756544407,-0.67177439752258006,-0.73957392358832941,0.041827866086350862,0.042008097172736007,0.018340205487753284,0.99894892593895512,-11.013185248082856,-11.438597158450991,-2.6537631666128765,,0.4851337435231137,0.9825581395348837,True,4
0.74126458035546938,-0.6593164551782501,-0.12581189864880207,0.66977523559078467,0.71430521265234159,0.20290193928842226,-0.043908492341907697,-0.23466971493756852,0.97108298779835567,0.89192550988092301,-23.320817918103181,-2.3122487138095145,,0.360850338474407,0.2222222222222222,False,1
0.97847121297915263,0.20611650905593043,0.010491428201229749,-0.20620808030259508,0.97428170193114638,0.090848186003174763,0.0085037044294556906,-0.091055752024490233,0.99580948832305816,-2.3844837603824489,16.670652656045522,-4.7679624229184006,,0.1658075662215773,0.7083333333333334,True,5
0.98319817889004479,0.18220998487959897,0.010993745379730774,-0.18234558816381299,0.97757259459057588,0.10536559582065551,0.0084514794261800179,-0.10559992289592331,0.99437278159646081,-6.1995925889599599,16.670749563028686,-4.6591456110231659,,0.08730895512675435,0.3636363636363636,False,4
0.8797333569042336,-0.46224055192095131,-0.11136827604762825,0.47397108908919078,0.83400117219764625,0.2824773468449403,-0.037691211941418196,-0.30129008767758109,0.95278730869466399,-4.1226446505577679,7.3157935802141614,-4.0996097171129628,1.023571172127732,0.3767062279978158,0.422680412371134,True,5
0.7346786627771773,0.67744691854489558,0.036234445131152232,-0.67731500765287667,0.72939959306612245,0.096024028467656453,0.038621792658042046,-0.095088938310399648,0.9947192824826907,3.6082971963919976,17.919454851497786,-5.0777719660101779,,0.2310626130884063,0.7777777777777778,True,4
0.77115603016349799,-0.63504676496965384,-0.045099705587188885,0.63522460248438806,0.7627696919024658,0.12112845047126247,-0.042521542081930208,-0.12205737755905968,0.99161177637338471,7.1833686790051612,20.815707704472217,-5.4489691270635623,,0.1797398253582891,0.24,True,5
0.86980600428422794,0.48519871934570608,0.089552876315573599,-0.49288965868705498,0.84628108151385228,0.20215863926902378,0.022300207856981089,-0.21997848489575325,0.97524979718659999,5.5316717502342341,-2.4242977592854209,-3.8992377022884148,,0.2162404689596259,0.35,False,3
0.99452128619784241,0.10364706824130533,0.013590310679678879,-0.10424105706910256,0.97358440653921008,0.20314331238022562,0.007823894203279412,-0.2034470166620195,0.97905469616912588,16.383895851062785,17.583008791171828,-5.6735305745658744,,0.2370459380370686,0.3809523809523809,False,5
-0.27248015101930723,0.93902295097667365,0.20973903985561282,-0.96107700800253315,-0.27597423600020943,-0.013007911169722469,0.045667844150935,-0.20511976648572811,0.9776708696731462,-10.429854561203548,-20.625015740931566,-2.002579568523795,,0.3931579005703872,0.4848484848484849,False,3
-0.96030155967044195,0.27863593188706776,0.01352523404384812,-0.27822852849329305,-0.96016172379518427,0.026045154849157856,0.020243528026812618,0.021248096857957227,0.99956926621067232,-10.044362823131223,15.091349988861046,-4.4226927991204095,,0.1142521009773561,0.5714285714285714,False,1
-0.83975938679405837,0.53959579686194892,0.060336956338433459,-0.54138749902239125,-0.84059108461854548,-0.01749869601137953,0.041276484752800269,-0.047360368122899385,0.9980246727099068,17.872605232804343,9.4666303127715867,-5.3266488308055067,,0.1059773319387198,0.3181818181818182,False,5
-0.95897725323329286,-0.28265086323326066,-0.021705236571406796,0.28339416067744144,-0.95777945432200728,-0.048438275904148204,-0.0070977091414537521,-0.052602342078375566,0.99859031445974522,30.169995911936745,4.7924160791990538,-5.7711692036940461,0.4603311452888696,0.2449951987225797,0.6875,True,6
0.26130061030299101,-0.96277722353331263,-0.069152070835014845,0.96354654195232203,0.2559035961441109,0.078047491774147854,-0.057446083826560558,-0.087025095955123061,0.99454843025716688,-22.354484751811537,-3.4263621477984869,-2.8449819391730222,,0.151909685736259,0.7755102040816326,False,5
0.26261505779740207,0.96405340830279163,0.040427185875804801,-0.96330653807477673,0.25954355598322548,0.068393393321067988,0.055442268355967807,-0.056904907410099792,0.99683899722683011,21.092204400916536,-0.5214687095726912,-4.8389636010324155,0.3915163592051915,0.3501810578615114,0.8305084745762712,True,5
0.98990186475109776,-0.14144365658003591,-0.0093803078610598216,0.14149358652777128,0.98190315378865178,0.12587994896490606,-0.0085943663994214863,-0.12593604961712956,0.99200113320148198,-20.347729279041026,-3.6249971635394651,-2.8710313352837633,,0.0863781696912054,0.4615384615384616,True,5
-0.89121641597405643,-0.4519616397451004,-0.038261940584302004,0.45320771821825606,-0.89072361890346441,-0.034845356576120437,-0.018332049687872727,-0.04839536058792205,0.99866001473364574,2.6815502081016449,-10.813107177753182,-3.2301359415895665,,0.378458312585492,0.6424870466321243,True,3
0.74953135558777317,0.66081574982420699,0.039054983997259513,-0.66098976126522846,0.74391145483439092,0.09842907532186379,0.0359900332493856,-0.099590622803813492,0.99437740589589896,-0.10859275984891222,6.8493630437648552,-4.2314899895055502,,0.1430571892563159,0.55,True,5
-0.41168407734211271,-0.8753052619440761,-0.25368665490322073,0.90964863069982183,-0.41156851373567988,-0.056131338549366611,-0.055277383520869916,-0.2538740965802066,0.96565643681211555,-27.795117571266079,6.0580592154981519,-3.3252123971324585,,0.2981144447059799,0.2727272727272727,False,1
0.26938789555106729,-0.95919223079946703,-0.085909406379678005,0.96114205938726072,0.26220167391963256,0.086349428895378569,-0.06030011117222462,-0.10583263470066337,0.99255395320603756,11.076024729382544,7.6880255136511213,-4.7947285789416183,,0.181285036397696,0.3043478260869565,False,3
-0.012688704627213171,0.99809075423706861,0.060447027068029999,-0.99740536823577375,-0.016917785008357729,0.069973709097578857,0.070862741898299025,-0.059402313565136505,0.99571574103946192,-1.1591207501245098,17.049535715511126,-4.8431771378115762,,0.1199711709998144,0.28,True,5
0.71348214079546668,-0.69435644455304113,-0.093874185341750016,0.70034411094941729,0.70261029047859713,0.12592420725202833,-0.021479316199270078,-0.15558890584241794,0.98758834103809223,7.8743825978053188,16.405529343582895,-5.1827724717521173,,0.2420323057131568,0.2,True,4
0.98553686110386041,0.16919678724240747,0.0094626947746222368,-0.16931828544373384,0.98087660313584457,0.095981287942399962,0.0069579896481997278,-0.096195304498375087,0.99533815850318996,13.395242648326272,16.65168028651151,-5.4499442679497312,,0.1242125200466642,0.4210526315789473,True,5
-0.97684506049046527,0.21332193384221321,0.016354826113325623,-0.21355418754946834,-0.97682989670002696,-0.014069893144626006,0.012974466288261858,-0.017236747223100635,0.99976725179898829,-5.336653508879702,-22.174142173396994,-2.0933003432020549,,0.1592730451408202,0.5,False,5
0.99441731311528858,0.1055107728163967,0.0012977658710318831,-0.10478263261741784,0.98595514478102098,0.13005019177840005,0.012442157302194494,-0.1294601456028924,0.99150656247053903,-8.8184828418633181,13.876170875253433,-4.3933953654804663,,0.0993872089084584,0.3571428571428572,True,5
0.93002334038967771,-0.36749703242561232,-0.0015866596339224846,0.36611440112844035,0.92613242863404432,0.090768771715667079,-0.03188779730224528,-0.084997975215741026,0.99587073086442057,11.707232753370922,13.278966735715814,-5.1773030201020953,,0.2055922278986025,0.358974358974359,True,5
0.99936666506850047,-0.034549695851548171,-0.008519816102917209,0.035194211449638933,0.92428276233963136,0.3800825472476449,-0.0052570172436578258,-0.38014167590305808,0.9249133310809794,-16.330338313280055,7.9793032469130907,-3.7394538552526133,,0.5165372483061189,0.3333333333333333,False,1
-0.84144124836197753,0.54003873854118334,0.018297169996544696,-0.5396751600184686,-0.8416006655873719,0.0214252501019737,0.026969375485456568,0.0081535610465019708,0.99960300731249518,-12.670939723586624,15.325278721535346,-4.3595828171951538,,0.1155945216989743,0.4444444444444444,False,3
-0.80888394187788604,0.58115074786500565,0.089278087054075542,-0.58737973889610307,-0.80549694786689618,-0.078483815602066562,0.02630229850101273,-0.1159244376007833,0.99290972090140406,6.196870621704921,-7.0757149703816831,-3.6441919690657518,,0.2134522022575,0.2352941176470588,False,3
0.49519164080838535,0.8622412826259136,0.1064199671542711,-0.86720315041676299,0.48318278158481903,0.12038727294525928,0.052382580890390579,-0.15190250200564237,0.98700643113593034,-14.411216905584508,-8.091274661847784,-2.7485315049218801,,0.08008273193558074,0.4375,False,1
-0.99875645012774328,0.047852372954358451,0.013989414957887556,-0.049440162947120996,-0.98678510235863381,-0.15430758909017292,0.0064205619683256297,-0.15480733886252454,0.9879238149869215,-13.567753142914889,8.3377550932176163,-3.8600191597282181,,0.4107034605188747,0.2636363636363636,False,5
-0.899892442084821,0.43591578061076686,0.01307764860830842,-0.4357826060304783,-0.89997366268115764,0.011871257791290148,0.016944407924198365,0.0049838433731430737,0.99984401200653827,-8.3832495317373414,-14.581489622988258,-2.5201176126043117,,0.1014105625067418,0.2857142857142857,False,2
-0.42517953387680263,0.88831027074726499,0.17357196449088635,-0.90201839106492865,-0.43169754835305896,-0.00022119357216557334,0.074734103011561873,-0.15665915112395806,0.98482116357041127,11.312183097533635,5.2794158197795156,-4.6841290488891145,,0.4212384215507264,0.1666666666666667,False,4
-0.11183329620283995,0.99302470236601703,0.037353103636637915,-0.99172988039359355,-0.11391156474327484,0.059126979901280276,0.062969502101537511,-0.030431823945013193,0.9975513750661984,-2.3625078988816481,14.698688948052121,-4.6856794699712108,,0.1981478565648082,0.55,True,5
-0.28245982517423113,0.95813124179787112,0.046914503657306886,-0.95769900070287184,-0.28446301554937475,0.043513409855773205,0.055036998603331402,-0.032639183130477679,0.9979507064526344,5.8164829173997505,-12.851475212276236,-3.2503466593222337,,0.323065999342921,0.3809523809523809,True,5
-0.76102084385262947,-0.64864213571788853,-0.010519267710555814,0.64829288996408141,-0.76100450076493686,0.024258578637827689,-0.023740346329605158,0.011641717521242947,0.99965037206480589,16.397077689613166,9.6715891680897901,-5.2759922988424561,,0.09784315922637164,0.2,False,2
0.62063172621991658,0.78251832692904433,0.049812934359019324,-0.78262587049805066,0.61431528298793203,0.10056579893097969,0.048093733858532654,-0.10139921650400871,0.9936826413175982,-7.8466802862697991,9.3239323770077078,-4.1010632029040295,,0.1699883699985355,0.4793388429752066,True,5
0.90029197515441617,-0.43519718752796877,-0.0088185849378992296,0.43437661929377164,0.89691640004044282,0.082812583279401067,-0.028130269879169591,-0.078386091280531187,0.99652612038535482,-10.872262597812737,-3.4932938897776746,-3.1664578100641991,,0.258548215815878,0.9112688553682342,True,5
0.19784755467553297,0.97973525684733354,0.031227737657426285,-0.97849712361410468,0.19550200803983653,0.065744535372270582,0.058307153830692085,-0.043563647031450298,0.99734772495327983,-19.568591991774415,5.2682854370287444,-3.4675324362478652,,0.259951875271703,0.898936170212766,True,4
-0.15527594184012145,0.98179570633346691,0.10939183201149631,-0.98673458305858663,-0.15945374782481037,0.030485486724329672,0.047373457567087975,-0.10320704108630396,0.99353110781109888,21.914073156858901,-1.4611465744608501,-4.8219725347579656,,0.1475278771586341,0.1538461538461539,False,5
-0.66654567136004861,0.73891850734080722,0.098571332041398743,-0.7451603183091805,-0.66419873961557574,-0.059800788543649369,0.021283045095648878,-0.11331140190781563,0.99333154494818232,2.8410526996911205,-12.153969605602168,-3.1555953971716475,,0.159685789679457,0.2666666666666667,False,4
0.77256914707457403,0.60969581795342997,0.17722280484904207,-0.63467138640663867,0.74953662386520303,0.18811454160012969,-0.018142333508647163,-0.25780973421275155,0.9660253602675295,12.782675172068071,13.125106895628566,-5.205488073642579,,0.6044771404744635,0.2413793103448276,False,2
-0.96831903871178893,-0.24967694741536714,-0.0044340949043657086,0.24827573708453057,-0.96067660537103494,-0.1243367132745532,0.026784279781431143,-0.12149848485528279,0.99223017517835088,0.44403529198573238,-15.39530980221679,-2.8089489263247929,,0.5118216521678537,0.6206896551724138,False,5
0.84669102805237695,0.52792654752111312,0.06639174224288627,-0.53178780845096929,0.83543616792212227,0.13873765210105812,0.017777226963826748,-0.15277424439360413,0.98810120961945969,-6.8126148924261116,-10.495539947106623,-2.8458892544372287,,0.2102750817222792,0.25,False,3
-0.28528569313952318,0.92439795099902344,0.2531807683824106,-0.95654170106362368,-0.29123490711933003,-0.014498379271645739,0.060332805472735916,-0.24631414304501753,0.96731034085229728,-18.638443497343047,-7.112084231860786,-2.6970461905645844,,0.3768951665324757,0.2,False,1
0.54430074166514752,-0.83599066919030152,-0.069687184255941531,0.8364426838523854,0.53449600807979869,0.1211513680342805,-0.064033891437176554,-0.12423211490396162,0.99018485262798284,-16.425255721040191,12.825177700307796,-4.0536082146132948,,0.4029624891450024,0.875,True,5
0.91383040221057865,-0.39327689475400185,-0.10122884988135332,0.40460630403887282,0.86040515293518316,0.30983336091290703,-0.034752478007405545,-0.32409297563389744,0.9453866978211144,-20.381470999087508,-5.1970128595764828,-2.7585268546970823,,0.2731429556377957,0.125,False,4
-0.17245572006975146,0.96140859303374038,0.21436543997600552,-0.98185181057231374,-0.18521446248266177,0.040775298443149616,0.078905302046774525,-0.20344316191049933,0.97590206126473844,6.7594311815798687,-4.0165825088751017,-3.8476156697784054,,0.3368008196099365,0.1492537313432836,False,4
0.8604695954631737,0.48425094757936282,0.15840800185575282,-0.50859134831262431,0.79778514539954493,0.32384209454821494,0.030445290358115475,-0.35922121533717521,0.93275570367952942,-5.5023334174046212,-17.514077039734882,-2.4201063432350294,,0.4060623560352062,0.1470588235294118,False,2
0.13166860069772324,0.96792315676931218,0.21398163981994367,-0.99020945192391585,0.11833003547461982,0.074048929939015684,0.046353218991150483,-0.22163656127612114,0.97402700876046244,16.21219691371461,13.642630057180007,-5.4543141317292658,,0.6127487494157665,0.5463917525773195,True,6
0.94371781798453314,0.31317329868039318,0.10639156457234465,-0.33028143275590982,0.87514503283158174,0.3536033748239864,0.017631086047479434,-0.36884096370095654,0.92932528659287816,-14.034272185072696,23.497297136566484,-4.8101825803115679,,0.3147483216156716,0.2105263157894737,False,1
0.85158442068748197,0.52408410246735004,0.011824888302121209,-0.5233288504616338,0.84861165221136026,0.077363932201064051,0.030510468971661729,-0.072070224587535078,0.99693279312651351,-1.2017303853580577,9.840648578321705,-4.3645643312756448,,0.2478190540459956,0.8591549295774648,True,5
-0.65288802847035554,0.75714317445584811,0.021712569056028464,-0.75580860099942127,-0.65309032908197562,0.047184538939088388,0.049905720467593728,0.014395674159883956,0.99865018080912238,-3.5629821686885532,10.171423100714692,-4.2980924362998296,,0.1118854367879229,0.52,True,5
-0.71670544484469523,0.69715704146111313,0.017474692304948351,-0.6960510190650866,-0.71666302961994321,0.04367013664298524,0.04296840919116679,0.019135347322431273,0.99889316460491817,-8.2654409259218777,-3.624796509098855,-3.2272513358228512,,0.0814217548102937,0.3767123287671233,False,5
0.98314410996136803,-0.18271640176235768,0.006509652470278,0.1815903332020147,0.97998941949908336,0.081521092714887319,-0.021274631274088299,-0.078964892179149052,0.99665035788248468,-13.348338430124524,-3.2154847886027915,-3.0968497001374948,,0.09477345524113112,0.56875,True,5
0.9412786858526927,-0.33691714020116076,-0.021938008070431218,0.33477875240258531,0.92292824451941613,0.19007009866908783,-0.043790666804645682,-0.18625331166714754,0.98152538499716058,1.3647384814467385,-6.9306826622394997,-3.4721019199136998,0.8561901873709314,0.556298770078647,0.7697841726618705,True,2
-0.28247371719025083,-0.94906935386738378,-0.13955629920024087,0.95891055329124641,-0.28337234164997599,-0.013808214022236587,-0.026441442536230347,-0.13772246562400156,0.99011785792351381,-13.657218943655623,9.8237061137303616,-3.9439402344774539,,0.4165363962171751,0.323943661971831,False,3
-0.99999030652303889,0.0034833730266947672,0.0026931342920977798,-0.003389055111692082,-0.99940697520935995,0.034266779952721517,0.0028109011736970283,0.034257320607940414,0.99940909282403301,10.159143379001197,-1.9003599430245328,-4.1623002211405584,0.3233869569659494,0.2585033966582054,0.9134615384615384,True,5
-0.97445419606050199,0.21942378504872831,0.047877158802168113,-0.22396507714968056,-0.96526628533486736,-0.13453862870255048,0.01669323208417724,-0.14182454283626147,0.98975104700720962,-6.9787345757242969,-15.553069850992175,-2.4961141684958963,,0.08317234406862932,0.5294117647058824,False,2
-0.63038398380969807,0.77571380278325341,0.029734308933561451,-0.77486691252532924,-0.63108482607851468,0.03623824177459397,0.046875375515050735,-0.00019612494329549271,0.99890072615116676,-21.744153143644226,2.6926084108906676,-3.2546017093398705,,0.08686552533835604,0.25,False,2
0.069732221161858565,-0.97982159063397867,-0.18731542344220392,0.99647052154075211,0.059620192940397755,0.05909257393320011,-0.046732398099547663,-0.19077495412461318,0.98052077991576314,10.6409103578589,25.375978577324062,-5.9066004411216326,,0.3111938232637154,0.3846153846153846,False,4
-0.30261909967534617,0.95166383074675098,0.052513177014004098,-0.95107938820122651,-0.30511116487280809,0.04853013917909213,0.062206734767762527,-0.035258053241485551,0.99744031993455951,4.4471426013917084,-2.7663539747958339,-3.8366496548564868,,0.4102765980942669,0.927765237020316,True,5
0.71579019845840175,-0.67619986366273344,-0.17435061277030822,0.69732786899799537,0.67886767071817788,0.22994027218473601,-0.037124586322224234,-0.28616853432230482,0.9574598346950266,2.0218307693599487,24.61340378398079,-5.4372744947345542,,0.3430369220714914,0.4090909090909091,False,3
-0.30747726356353594,0.94270147174468533,0.12950547309624957,-0.94805141522530512,-0.31516358020574042,0.043248489004774474,0.081585822792786991,-0.10947991999587643,0.99063509963907503,-13.938747323274379,-18.245707004862741,-2.0658668487320786,,0.2594288967994903,0.3076923076923077,False,2
-0.99768039224173488,0.067237769799320599,0.010626252810422517,-0.067675972129160072,-0.99653239889032841,-0.048405999197005556,0.007334693773471096,-0.049012858254757159,0.99877121604146568,-9.6997776434870975,-11.979250472249387,-2.652253384910165,,0.08671091336475333,0.3333333333333333,False,3
0.88111473738522317,-0.46278376524584408,-0.097303680235891074,0.47128050898680546,0.84227658293050078,0.26165786763645571,-0.039134401895349155,-0.27640793127513325,0.96024327861042302,-15.152448983547247,-3.2804993997411627,-3.0342818995275396,,0.2539213583653322,0.2133333333333333,False,4
-0.88166597490117005,-0.46617120745739582,-0.073140372157133676,0.46910662621676724,-0.88266461485922365,-0.029019836576760008,-0.051030206163532169,-0.059896435729793501,0.99689936054035833,-4.543006866928649,-14.594584464712756,-2.6707314518198544,,0.3896352927710829,0.2264150943396226,False,4
-0.25908197878984396,0.96335481453544825,0.069455234343501593,-0.96387517516050314,-0.2624837979506307,0.045242706845653034,0.061815653160409115,-0.055224606153275783,0.99655861237539234,-0.95025648192611945,-13.843542076931394,-2.877135675642112,,0.08970056847415746,0.2857142857142857,False,3
0.94679365924397563,0.3200179659205234,0.034209184490307326,-0.32129993143483798,0.93368465806245104,0.1581117116432923,0.01865799762487088,-0.16069057466725861,0.98682846449508943,-13.489619605071614,16.089829955423557,-4.3612371711251008,0.1163571747345413,0.1193035293398558,0.40625,True,3
0.92626997288417279,-0.37248662914864283,-0.057250750550819227,0.37624837314974724,0.90537591599781697,0.19680348684228177,-0.021473216697070363,-0.20383366217725904,0.97877001339849257,14.434741244754452,-2.9929832802894936,-4.2653617127235757,,0.590871271626379,0.660377358490566,True,4
0.092624556638754851,0.97925010174428095,0.18024963173690212,-0.99381681132994737,0.079790039666191401,0.077212013884132152,0.061227747185813454,-0.18628684280936847,0.98058573065829779,8.9175351497743929,-6.4147006064410501,-3.8497332737655445,,0.4501454971613557,0.4838709677419355,False,4
-0.19611726311902369,0.97672073853287944,0.086917305678956183,-0.97784185612350938,-0.20141973177920414,0.057056078229431803,0.073234715262866901,-0.073801697607703914,0.99458030641602146,-19.430099771526461,-12.869311312406301,-2.2812753794911016,,0.1597581070169735,0.5,False,4
-0.14604499589905179,-0.98261774169963501,-0.11460031793130127,0.98832530315838951,-0.15000465507783031,0.026677679656586226,-0.043404542501035585,-0.10936625234545873,0.99305340668978426,-17.897121626829595,-3.8500831853086996,-2.9310286805934953,,0.3680287073901227,0.594059405940594,True,5
-0.87501574585522246,0.4796912765469295,0.065143869321713732,-0.48368559586582954,-0.87185410468539315,-0.076932857058269313,0.01989192945254134,-0.098826612549493584,0.9949058306164692,-12.873520258077573,-10.422590997506514,-2.6325080357191415,,0.1868335054748513,0.4782608695652174,True,3
-0.45317543464143661,0.88971509291801854,0.055127841164215249,-0.88972666324962424,-0.45525966506897225,0.033542541107945766,0.054940787582958554,-0.03384805452562091,0.99791573745712403,-7.3348541010507766,2.4787977928134026,-3.6683238381331327,,0.4624206738901585,0.8247619047619048,True,5
-0.26024299728428912,0.96428124539484827,0.049348375294924696,-0.96399298125800414,-0.26238058544516785,0.043289265029053128,0.054691081995093226,-0.036305759339398551,0.99784306250481847,-0.22344777791713655,-11.434161591204999,-3.0421788590271128,,0.1106547973457553,0.4558823529411765,False,3
-0.073995749382189405,-0.9937682708803407,-0.08336217886347419,0.99654099850950695,-0.076854181382310358,0.031614444384336637,-0.037824163745462991,-0.080734494459014122,0.99601770769469955,-19.244615109691249,-6.0224021482665222,-2.7469922105575453,,0.1142190825093326,0.3720930232558139,False,2
0.92504170569708632,0.37934413110731641,0.019896555366661964,-0.37758299806856249,0.91248779932446911,0.15747093590101824,0.041580311333364886,-0.15317978417017594,0.98732316463810266,-9.3421750086842295,-7.5746679000068191,-2.9933256604091594,,0.1513878644872927,0.1621621621621622,False,4
-0.72758691135002818,-0.6716604775529692,-0.13960476111308723,0.68482884768926644,-0.72309414024832075,-0.090245851489876877,-0.040332813002774956,-0.16126706803268379,0.98608630299960276,-25.085983349067412,-8.1020641477463009,-2.4730656263918895,,0.2457318284676395,0.1666666666666667,False,1
-0.56602216117930981,0.82224854092168764,0.059382236452140483,-0.81904979785593024,-0.56908032935835795,0.072835481528868318,0.093682131092660548,-0.007410512096852952,0.99557457913729364,5.2464500403749996,-5.9754034232623612,-3.6500432262378859,,0.5873366780885776,0.2285714285714286,True,4
-0.16659467624173016,-0.98513180750649287,-0.041970652686161201,0.98382141946557855,-0.16891607316861976,0.059688984126282409,-0.065891034660621323,-0.031347760115880148,0.99733429174327992,-17.222687348083415,6.9094305377881629,-3.6364116303669665,,0.1906019268612129,0.7522123893805309,True,4
-0.71704059021656141,-0.68480938119155765,-0.12995731381465001,0.6964264247241212,-0.71162261112883052,-0.092647149314819488,-0.029034926000626786,-0.15693747405326755,0.98718164605604219,3.246969795861653,13.350904556707846,-4.8030504896842636,,0.4381290776540968,0.35,False,4
0.95367312819355743,0.28792486058363553,0.087217195663512576,-0.30084412262762811,0.91330818065264929,0.27451954581297039,-0.00061517633738633962,-0.2880406947131619,0.95761797171274521,-8.2840644626360742,-21.059665545490407,-2.052795251881502,,0.520332916385671,0.1428571428571428,False,2
-0.12171138702749344,0.97900387386160803,0.16351682858900898,-0.98867167979786541,-0.13415560343678282,0.067309610251282806,0.087833067995548381,-0.15347211157235155,0.98424166907117527,-11.243760529687091,-23.135126104816273,-1.8037406964589644,,0.3232629960660966,0.7586206896551724,False,3
-0.99712916815258201,0.075713132432602734,-0.000971388995584627,-0.075637224318903337,-0.99656291622420423,-0.033784083590357367,-0.0035259490452187719,-0.033613621999890445,0.99942868284804465,-14.371263777904694,-8.8586048683506515,-2.6956518755331946,,0.1403752631702833,0.2758620689655172,True,6
0.72067265444138073,0.69283707383468396,0.02465186119965098,-0.69209815671242658,0.71692234984130365,0.083800273109849013,0.04038646574875971,-0.07745407296079658,0.99617759459150079,-3.2078656930228915,11.211854580845232,-4.3734144360421263,,0.09057511194221093,0.425,False,5
-0.77777625734356004,-0.62786019489429368,-0.029251823531933112,0.62764784396369555,-0.77830966591710449,0.017095259802930286,-0.033500410152241374,-0.0050635567839853717,0.99942587664735127,-10.721954805048776,-24.175964291299941,-1.7591565676468541,,0.477432206926943,0.8275862068965517,False,3
-0.88008501122096727,0.47316397915911945,0.039575520849349739,-0.47263123085376146,-0.88097372090299553,0.022472710116694217,0.045498270800630167,0.0010732682045095174,0.99896384091192869,13.939341495171577,-4.1079297708789744,-4.1900829460967408,,0.3653759822964792,0.3888888888888889,True,5
0.078281289798695544,0.98802062121709222,0.13299357772931855,-0.99662869330541592,0.074271335535347066,0.034857085336217737,0.024561908472126574,-0.13527387318912529,0.99050375662317414,-17.255114047149103,-11.341479551343708,-2.4361215892956833,,0.5398617419339917,0.6404494382022472,False,5
-0.82943826860514491,-0.55598833875208897,-0.053936311933530365,0.55768853745653035,-0.82972680867330328,-0.023171494522611927,-0.031869323226185846,-0.049298987215838655,0.99827549108279579,-22.664751915708514,11.313307010907973,-3.777843318779488,,0.5487899063280726,0.576271186440678,False,2
0.3041727212442541,0.94908013469267516,0.082011301554100732,-0.95083828226887779,0.29721926526228587,0.086990053045827992,0.058185192470543844,-0.1044394862524677,0.99282771772774625,-8.7983241706049533,11.035300871455471,-4.1714369112431804,,0.187765732278283,0.7631578947368421,True,4
0.94471810293296821,0.3231441465212585,0.055547876285064177,-0.32767724308245599,0.92446538260166677,0.19491377769935819,0.011633157637311526,-0.20234034926381125,0.97924616552896659,1.7348857467013994,11.539992963091887,-4.5983470153567438,,0.4770117894417082,0.6153846153846154,False,2
-0.2563015169422872,0.96391627203159669,0.071937145660565582,-0.96480319711007989,-0.25964824725001601,0.041684272167826469,0.058858502013296732,-0.058721445935038155,0.99653774064410017,3.8070272232561222,9.8398809977893791,-4.5822262724975156,,0.7325901607320539,0.9744245524296675,True,5
0.32693948518202892,0.9444734216828502,0.032871397347836159,-0.94339234979149145,0.32411384493596862,0.070435004619235964,0.055869914836151967,-0.054038608933911783,0.99697461420072764,-1.7982672256450742,12.452310862317255,-4.5087813691039536,,0.09896205355051194,0.4864864864864865,True,5
-0.42066761995619512,0.90060433471220014,0.10931873498163804,-0.9053887104999383,-0.42440351473444832,0.012366874314331679,0.057532915966858944,-0.093773604914402453,0.99392981372011802,-10.157681751247285,11.246509152711534,-4.1476975883265004,,0.4282472549075176,0.8263157894736842,True,5
-0.31258535829265027,0.94425270237526227,0.10333067230047822,-0.94946145565558293,-0.31385630626080796,-0.0041428546562736479,0.028519081426939798,-0.099403486243367825,0.9946384312488773,-17.080891255819413,-7.5811281893360345,-2.7036112428273031,,0.1964570347882421,0.6346153846153846,False,5
0.10977794375888661,0.98879613427324931,0.10114844492303353,-0.99266865031754892,0.10388868025160844,0.061774531906883243,0.050574239893509218,-0.10718837139287203,0.99295160974608265,2.1858913352174745,-5.0331937728737364,-3.5905485043579723,,0.1877509010167024,0.6177777777777778,False,4
0.16340759078602746,-0.9817698688317118,-0.097086991547119458,0.98426292216349553,0.15552637314866871,0.083893070687628149,-0.06726410132964325,-0.10926789056893754,0.99173386992828449,-17.477103452023041,4.6145016769582874,-3.4805390783455512,,0.09838201350321846,0.6,False,4
-0.60818544999611013,-0.79364150616459728,-0.015608270430045684,0.79237942496293545,-0.60815727175557399,0.047744944300149375,-0.047384652667675164,0.016670108086199974,0.99873760427249247,-22.652066565824537,-14.437162900932789,-2.0828528143637723,,0.1052640616925635,0.3333333333333333,False,1
-0.096422763190680022,0.98520131884096807,0.14170748777919356,-0.99265250324076149,-0.10563887783934488,0.059003688856662087,0.073100332068492341,-0.13497699375397371,0.98814854784521911,-4.110083104582138,-15.800263650464888,-2.5923716745103786,,0.4206314725999726,0.4137931034482759,False,4
0.96318907505525453,-0.26773607127050258,-0.024170267579002425,0.26702582716619511,0.94248375975104348,0.20105116321908803,-0.031048563902596249,-0.20010436963288769,0.97928250670243921,18.358261718121089,11.014561669540843,-5.4516133704040008,0.5494688737559392,0.1700497262840573,0.1764705882352941,True,4
-0.7053015753187859,-0.69045206718301222,-0.16070354935577694,0.70772918459009493,-0.6988627307100872,-0.10349050634662495,-0.040854487296737699,-0.18672660910311142,0.98156206340739138,14.912173302836429,-5.1739649608927438,-4.215536780314511,,0.4956575043210454,0.2258064516129032,False,3
0.71997961346202355,0.67564204749261514,0.15854709035192494,-0.69008299770828885,0.67276440383890568,0.26678364492828965,0.07358540937588659,-0.30148943694144298,0.95062574493841423,17.784758609196214,12.897570133024612,-5.4683447277234727,,0.3580087068740093,0.1428571428571428,False,3
0.33964745554581072,0.93806392490531298,0.068378934859321339,-0.93969435925548617,0.33533405456499232,0.067272453741661312,0.040176076521702228,-0.087104217120881136,0.99538873724544441,-11.053475501570182,-5.8498454166772307,-3.0040525376427842,,0.2168095519494226,0.3076923076923077,False,3
0.59288501524867099,0.800425008611374,0.088358159119949292,-0.80166803471950554,0.57626613981493047,0.15888894930663558,0.076260873339809354,-0.16503678890563295,0.98333470268529066,13.103410030364291,-12.253827202885624,-3.7058781206148415,,0.1817616200878227,0.1428571428571428,False,4
-0.17939582797474429,0.96519666155395822,0.19029593119756924,-0.98185526146279445,-0.1877483995593241,0.026660532641730066,0.061460413626043077,-0.18206027295378435,0.98136470008295595,7.7769119543505916,13.60232589743161,-5.0225238169970678,0.5263594732974985,0.5204421349339051,0.2549019607843137,True,3
