axis_00,axis_01,axis_02,axis_10,axis_11,axis_12,axis_20,axis_21,axis_22,location_x,location_y,location_z,dbh,dbh_approximation,score,reconstructed,number_clusters
0.92320940159668363,-0.34008052866839683,-0.17896825088298893,0.37842280602380668,0.88561380400515477,0.26922921467884403,0.066937139799674097,-0.31628060986431411,0.94630121797411626,-11.614669908224929,-14.014884803154841,-1.5926753096496249,,0.1515924745241474,0.1333333333333333,False,4
-0.97773529228604938,-0.19171929116120046,-0.08530774651202791,0.19615988718842239,-0.9794420538999381,-0.047059129937726221,-0.074531851422992221,-0.062745330096487861,0.99524269737312976,10.759139538651461,-10.317233468861481,-0.18319239374490223,0.2499604572220069,0.2307355930464653,0.575,True,5
0.91662295339627931,-0.37271091750214613,-0.14453004283466575,0.39311053678652669,0.90605091455411502,0.15663922274787992,0.072570429063708919,-0.20039538969337459,0.97702365407146063,5.4735707745601845,-2.1024435828314805,-0.9596994219231223,0.6487136088167659,0.7032685349849523,0.8728139904610492,True,6
0.12376351502297744,0.99193966815948909,-0.027171438695787288,-0.99216133958489094,0.12417508021702035,0.014015194833095943,0.017276243291593028,0.025223881238585259,0.99953253435443012,14.454719509255261,3.5556169613523676,-0.76304142095508309,0.3633817470558708,0.3297405167090113,0.9523809523809523,True,5
0.85004227952053679,-0.51741634543277126,-0.098531459476275812,0.52456165938947119,0.84851949506419788,0.069640017192439244,0.04757298105116075,-0.11088278484505212,0.99269422255743567,-7.1091514924859549,-7.7367057750686525,-1.4860826337995581,,0.103385229532783,0.2666666666666667,True,5
0.16301569295087762,0.98628026379681832,-0.026021627478396099,-0.9865473899383066,0.16327396043728937,0.0081154943803502175,0.012252806113714938,0.02434861573070686,0.9996284377979342,9.7938279622033715,-2.7482096945000074,-0.69158615675245239,0.9310633395635353,0.6467237324425738,0.36,True,5
0.88212171024471564,-0.46453176994804346,-0.07791997833595439,0.46708405780504442,0.88404062939029249,0.017454183784660217,0.060776403803708447,-0.051791894116288803,0.99680681601027143,2.3887244498873925,-2.1110653591304915,-1.1284286996969588,,0.07970590488413991,0.3658536585365854,False,5
-0.37568020787696688,0.92611922205253916,-0.034169693506377066,-0.92655132035987264,-0.37610673774832515,-0.006809740060405323,-0.019158083121666183,0.02910169007314465,0.99939284542465645,5.4750670773257264,3.4909125167019699,-1.2614033350086664,0.2679352357582545,0.1150406760468461,0.4861111111111111,True,5
0.78321464706139021,0.61717993319156805,0.075257867988364258,-0.6180383472001838,0.75960442206825818,0.20255795063243737,0.067848493119357936,-0.20515860215940118,0.97637417517129843,-14.069483130906553,3.6814243369855428,-2.4207655557087322,,0.6697692968069392,0.2120200333889816,False,2
0.99624510509714714,0.010176415789085045,-0.08597750363707532,-0.0064296190679622852,0.99902208932441017,0.043743857174834214,0.086338580997237485,-0.043026800991696541,0.99533629685036884,6.4538610798207827,-13.495969298710499,-0.35817749295924811,,0.08121965438085774,0.4375,False,2
-0.97529123051729494,0.21271601216795,-0.059656632853567218,-0.21101746266636229,-0.97690704109726478,-0.033530038837387435,-0.065411360832129783,-0.020112961541029751,0.99765566336894906,-12.882641405325479,24.644301263964497,-3.1522701496224661,,0.1997663725973635,0.4666666666666667,False,3
0.7834324249181831,0.62138048259778522,0.010951321078260481,-0.61663570168917059,0.77501361408839198,0.13825450943804007,0.077421230868024327,-0.11506604114243403,0.99033618493251452,-3.6347977984426105,22.619462739809148,-2.4529977569898445,,0.259532018574462,0.3636363636363636,False,3
0.12867438789468799,-0.95782556681733899,-0.2569301178355119,0.99104949636943696,0.11491327244014635,0.067939940852061037,-0.035549931727250773,-0.26337259418576459,0.9640389405963059,-0.14237724351650027,-1.858903501432654,-1.2827624493632159,0.3899949542509261,0.4870819146964646,0.2070484581497797,True,4
-0.4703679994252789,0.88180797996415816,0.034185253958277498,-0.88245998768369482,-0.47019727725519628,-0.013374999031514982,0.0042796324554567056,-0.036458290323754285,0.99932601177629476,23.069350673776036,-2.6027434260336562,0.006623324667337103,,0.2604791977984955,0.3793103448275862,False,5
-0.13640131117790238,-0.9574932083905825,-0.25416812977802411,0.99048156476842475,-0.1365947653017727,-0.016974685447654105,-0.018464890003524463,-0.25406421624869374,0.96701107638904293,-4.6100972832619691,-7.0974868452295148,-1.3289545848834643,0.3058037501416843,0.07563193336422973,0.2888888888888889,True,5
0.76907429222078938,0.63898768873458511,-0.014814408213818596,-0.63605603988563353,0.76741580008353272,0.080657943856494718,0.062908244055117135,-0.052609157261687141,0.99663174212048744,-28.015124416931517,16.606735679489436,-3.938117340261329,,0.6092717364051317,1.0,False,1
0.99610725909795717,0.023085472985677334,-0.085072847074624536,-0.0060555459139921154,0.98073862803541823,0.19523082195926061,0.087941223189346301,-0.19395567642178599,0.97706066180546258,9.4967930911269001,14.152641754220546,-1.4940696129564455,0.3450279473890217,0.2743931206055038,0.5588235294117647,True,5
0.58952919419171168,0.79254129893694314,0.15599236736140379,-0.80627696432057616,0.56573247107516988,0.17281269622680936,0.048711251284158194,-0.22765118196602063,0.97252360040659491,0.2764327234471512,9.721541399458669,-1.8917631308401288,,0.2240037976103499,0.1923076923076923,False,2
-0.26926814329294002,-0.89762175528551402,-0.34895537171066149,0.96172488185157767,-0.26973121815995055,-0.048273404453361451,-0.050792899455941204,-0.34859755361749512,0.93589520085143951,17.103735116796106,-0.084285070882933813,-0.46350035884361745,,0.2455682169907137,0.3684210526315789,False,4
0.99627038637421939,0.051277911769001198,-0.069396635353420194,-0.046845477689577697,0.99684605208281096,0.064058174083796243,0.072462531378639547,-0.060568343311710245,0.99553033973589955,25.491748482592676,-2.4296520650076419,0.17467014098452407,,0.1137107213681038,0.2666666666666667,False,5
-0.11317238997793755,0.98390207247982386,0.13830662282259021,-0.99152004783136827,-0.12078767292240461,0.047940930513206095,0.06387491600905211,-0.13170819959250385,0.98922845959107886,7.1979127997542776,-11.191294782763855,-0.37074868160358615,,0.2048030017774527,0.2222222222222222,False,4
0.533463195824324,0.84563333115037931,-0.017924506922432595,-0.84455755287711387,0.53370418862969338,0.043386390923210387,0.046255362706611208,-0.0080067650542406874,0.99889755887891041,-14.729091825545041,-1.4080501296782149,-2.3267902906289102,,0.07372480144999363,0.3125,False,5
0.66289355304494912,0.74681438553955992,-0.053295505275891802,-0.74662616915081392,0.66468025026205557,0.027377517249581131,0.055870393506967125,0.021643439253971879,0.99820341647714073,-16.431722211446239,10.600054611311025,-2.9751583628274014,,0.357894663713004,0.7058823529411765,False,1
-0.92327969442689573,0.38411237520756925,-0.0035055771818692863,-0.38268749883436715,-0.92056785612920555,-0.078135142526105192,-0.033239796853693104,-0.070799049951803972,0.9969366130457078,9.456922846199264,-13.739474824421569,-0.14064994767329078,0.7844653289700642,0.4478564234508465,0.3846153846153846,True,4
0.74317229575477683,-0.64236851352043289,-0.18723683307544586,0.6659519786088145,0.73723786368038358,0.11396619912494944,0.064829784895354903,-0.2093872612971763,0.97568133824363401,-13.244079855863951,19.201554670224336,-3.1010445268873119,0.3163731554459779,0.3005865392755128,0.6304347826086957,True,5
-0.33133719284398577,0.94237717196664461,-0.046270189046696178,-0.94335807041042274,-0.33177137197360951,-0.0018187166555639067,-0.017065041159979612,0.043046747785383629,0.99892730560101828,0.97038978978575907,-7.7460157186757215,-0.88159312948401747,,0.06937560459137575,0.3095238095238095,False,5
-0.7206460878252906,-0.66947401339747925,-0.18020477653928962,0.68673516915804755,-0.72497764686977306,-0.052935989464957409,-0.095205165529875804,-0.1619010714128796,0.982203654814922,11.012743243010716,-20.622147908229643,0.24232707048240465,,0.191520937227493,0.3157894736842105,False,4
0.68185116666033296,0.71034812261757097,0.1745981993539294,-0.72925527082919728,0.64147226588893569,0.23811779031216404,0.057146622750396961,-0.28968755028306964,0.95541372541910707,0.61280195144258309,23.531113141733535,-2.1724045183750675,,0.2534476916473008,0.5294117647058824,False,1
-0.31551119037317465,0.9483967697597544,-0.031563521010271087,-0.94882008021414155,-0.31578993392239979,-0.0041440337493686003,-0.013897630435868374,0.028640613515596276,0.99949315711800535,12.384548997811944,-12.285466714820844,-0.038728834508284689,0.1942435223059117,0.1432574635323466,0.3333333333333333,True,5
0.96405640989578345,-0.23673755286510148,-0.12062574187252348,0.25664098203537766,0.9472218095661159,0.19210999407165097,0.068779683619295082,-0.21616238004272648,0.97393181515724891,-11.984773367478549,3.9397494656459111,-2.3184734601074806,,0.10562267382273,0.3552631578947368,False,4
-0.99564356103435592,0.065064380133710659,-0.06678716799389485,-0.056643176011414866,-0.99102949701363474,-0.12104580397619635,-0.074063823707452542,-0.1167354380071445,0.99039759063272836,1.2101665783027491,8.6038527895002019,-1.7808844930934964,,0.075475826007666,0.3055555555555556,False,5
0.73638501953546265,0.67577615694909476,-0.032614240798621526,-0.67421983872102409,0.73699013116888024,0.047677621948606516,0.056255773737050624,-0.013119918398773758,0.99833018368797055,-21.722293666202138,3.0399087460651066,-2.9713366896029614,,0.09981013922929455,0.2727272727272727,True,4
-0.83550688078940005,-0.51071280876835101,-0.20273302423016806,0.53942480767773526,-0.83260957678933278,-0.1256271049595897,-0.10463808587415327,-0.21432153321267325,0.97114218906706085,-6.7455656480973811,-24.689827285260996,-0.90578981834324246,,0.215738224862189,0.3571428571428572,False,2
0.93017357540605328,-0.33040130413293839,-0.16003780129573883,0.35744111327668365,0.91450760226631245,0.18950381509786693,0.083743478288436105,-0.23347553110417202,0.96874981611341771,-10.863420598762781,-16.670436282534801,-1.4421979925452213,,0.6372395581945928,0.4313725490196079,False,5
-0.72746714130721535,0.68560093926770871,-0.027256382620284167,-0.68042594059556782,-0.72595394499149613,-0.10005702931788733,-0.088386071770073155,-0.054242251303936194,0.99460830505809472,-9.3444760045049069,-8.1613449454631155,-1.6381660655464068,,0.5747150918832427,0.2627118644067797,True,5
-0.97330384183062535,-0.20046541579910057,-0.11177320137778282,0.21554565817238638,-0.96566594398066907,-0.1450150125985418,-0.078865079222539616,-0.16523589714228615,0.98309582319060118,20.13906168745784,-0.63514301728709477,-0.25406932585714465,0.2613634353203986,0.1759369078368005,0.3333333333333333,True,5
-0.80071290464800982,0.59697507282557682,-0.049795649961044575,-0.59646020655462895,-0.80221290296366765,-0.026261765276025337,-0.055624332148395697,0.0086729893059361851,0.99841409892365918,6.523946012732396,-5.4071373066380524,-0.7300311199643662,,0.07268474685026985,0.3333333333333333,False,5
0.73862014622686889,-0.63906194610959577,-0.21456958923019501,0.6715625583364927,0.72525663414531982,0.15167908513946732,0.058685686741684104,-0.25613013032991133,0.96485923662928097,8.6558538190227328,-5.8049415246167122,-0.61908901269307504,0.8362184124341359,0.5321366594625199,0.2428571428571429,True,5
0.86332365592441906,-0.49061218691420894,-0.11820299138580873,0.500489464551228,0.86240399492107989,0.075958182030559193,0.064672722182703202,-0.12473584727503165,0.99008000051008971,3.8701586631511726,-4.2209557167923597,-0.93020963010894742,0.6464629978759955,0.4577215756259928,0.7578947368421053,True,5
0.9963166209357377,0.02934073527761543,-0.080574885048396133,-0.019097221358233295,0.99196324550791415,0.12507683917416626,0.083597170906604221,-0.12307737734764457,0.98886979537330255,13.440532739083478,4.950378802987025,-0.930064396942481,0.1958236677452016,0.1705374882721628,0.34375,True,9
-0.98667193834266842,-0.11956117468626938,-0.11037939841638232,0.14434010780619572,-0.95625545407783541,-0.25444339218162004,-0.075129350893102326,-0.26698432922932619,0.96076789526937734,-17.973333521470014,-9.4588859165636237,-2.189489136427365,,0.3182681239280395,0.2941176470588235,False,1
0.75146496941783636,0.6569583959559967,0.060877464802468612,-0.65687585916063718,0.73633606058044476,0.16224460404231511,0.061761682213380666,-0.16191007341051009,0.98487086602172258,2.2533609625004569,11.14826714902053,-1.8396433272312376,,0.4388725868919901,0.15,False,1
-0.53990719538590959,-0.80809264593328478,-0.23555571731347197,0.84088706238457733,-0.53029955421655373,-0.10812645888939537,-0.037538895625166685,-0.25645400832560072,0.96582719620487789,23.998666148691637,4.7443851676369739,-0.20797356954709595,,0.2382113889773244,0.2666666666666667,False,6
-0.99678617336462083,0.042175402779865395,-0.068106974602259576,-0.041042478899505769,-0.99899616033674721,-0.017949555933793805,-0.068795635871037125,-0.015096590104818128,0.99751654294668579,3.5704538228390406,-16.615171311560012,-0.44426106400172405,0.2924321313237416,0.2456067489586669,0.7241379310344828,True,5
-0.11662230031107729,0.99012649023839205,0.077773854207942458,-0.9931463262779483,-0.11565189217042869,-0.016882370627846276,-0.0077209889761175373,-0.079209678484418289,0.996828076030981,8.0857778683560753,-30.595772087869729,0.40557178452777026,,0.4352628216906192,0.75,False,5
-0.65567938837320239,0.74458340426913006,0.12522018107931987,-0.7535018849301236,-0.63470403059160041,-0.17142258590258228,-0.048160658937507705,-0.20675189875251671,0.97720734918078422,10.245689028288718,-5.9803077334741142,-0.54282921413264618,0.8095927586381416,0.4339826220714699,0.196078431372549,True,4
-0.81317086484795864,0.58069927062996662,0.039261961900162443,-0.57915365283887221,-0.8006235601659929,-0.15356744873352596,-0.057742453756453635,-0.14761528375123528,0.98735785662404507,4.097406681126623,-23.955361966521821,-0.14502315415761818,,0.3234851861524238,0.6153846153846154,False,4
0.88100998287830756,-0.4651763392405433,-0.086211272346096629,0.47100411258594077,0.87954973590329921,0.067434323601326798,0.044458250031869304,-0.1000161761076932,0.99399206662875317,-29.984518192976761,-0.50318863497836053,-3.3265607695980863,,0.1427902816414248,0.3823529411764706,False,4
0.11040505463279152,0.99370143288667567,-0.019188178404975366,-0.99374123983984175,0.11069858995730339,0.014972321898823337,0.017002122017781236,0.017415064181208952,0.99970377781943964,-15.23855827351337,-12.438177099539457,-1.8996066082149476,,0.3527258306382057,0.8819444444444444,True,3
-0.99088378714061554,0.12630068077777637,-0.046877056402279266,-0.11523174508682471,-0.97484804632028077,-0.19076931490619181,-0.06979230119516959,-0.18362849621069985,0.98051497187614656,-12.734184851817359,-11.635530679945184,-1.7431324314266041,,0.7204477429029194,0.7238095238095238,False,2
0.47696330022073369,0.87857742963402163,0.024651782495899763,-0.87818546730441382,0.47522652110985719,0.054314258249133565,0.036004100570318866,-0.047554744994596311,0.99821954046723804,6.7727930390260855,27.052484610894172,-1.7734017348386026,,0.4084548587170835,0.7714285714285715,True,3
0.22656974062751684,-0.95355510591015202,-0.19849134143498229,0.9739543844616364,0.22366561654034406,0.037236393025937863,0.0088887355644150373,-0.20175815217806381,0.97939503695381203,-22.557474274689767,12.317318554078252,-3.4263912571034081,,0.2805266348483303,0.2352941176470588,False,1
0.90613078526827595,-0.41466944355122015,-0.083523964070337409,0.41814684084958736,0.90792170018536855,0.028834108621962694,0.063876595687397564,-0.061052755199375759,0.99608852096887335,-3.446410151715396,-3.7470649288895412,-1.4245544889715058,,0.06673989118131404,0.2748538011695906,False,5
0.83032249912700518,0.55650236918667295,-0.029490007343256186,-0.5531300239461947,0.82942824654434022,0.078076631866801083,0.067909675693287166,-0.048516975627112692,0.99651110331156445,-9.2733185814641992,-18.682565146358179,-1.2593754592106383,0.4377223956436671,0.4729732783989936,0.8846153846153846,True,5
-0.95986195528452323,0.27286353273336611,-0.064888514404634334,-0.27159537161903663,-0.96201014729282075,-0.027792636088780569,-0.070007006167172092,-0.0090536738351542183,0.99750541355804023,-12.030156279575037,-9.8588617923664366,-1.7787916399725179,,0.0746730123512092,0.2,False,3
0.097762638479028954,-0.98386874534926627,-0.14981574831265232,0.99519256308896653,0.09576194226000774,0.020528341068016098,-0.005850546131134754,-0.15110242334076657,0.98850079856847661,0.6650022008119344,-13.133938909425277,-0.78320001268722739,,0.8299827887357456,0.5114503816793893,False,5
-0.065748933043529315,0.99770255576763633,-0.01633058536498095,-0.99783549164783425,-0.06572060901106333,0.0022656476201117527,0.0011871864053606511,0.016444201590237684,0.99986408017414907,10.82994128121539,-7.0257637532420762,-0.42539386144430613,0.1038825866841257,0.1042219533356195,0.3,True,5
0.052806324686861299,-0.99455483643971532,-0.089845252447959947,0.99858390505309158,0.05200942468933796,0.011189473285320868,-0.0064557448822421407,-0.090308897999344273,0.99589287892833134,-8.0742931943448166,19.642205153734416,-2.7227984290379288,0.4101958143656602,0.3704952735700692,0.967741935483871,True,5
-0.99110168990848424,-0.090865602224322745,-0.097267068388842345,0.10984619416212633,-0.97104653534169649,-0.21213778501008543,-0.075174822172353856,-0.2209345344967597,0.97238710274152462,-16.622634889442907,5.2989250342719849,-2.68183263224123,,0.08326691428529123,0.4444444444444444,False,1
0.47692416360711659,0.87757103045486051,-0.049116480676527817,-0.8776503588338207,0.4785090983204795,0.027547966592611429,0.04767798031081466,0.02996880596415108,0.998413081275764,-9.1299502968263564,4.4638313761295114,-2.1476380161428739,0.1204637580960901,0.07868215369366283,0.2702702702702703,True,5
0.6369289794267099,0.76457879894474234,0.098695163866652086,-0.76854012364559487,0.61967893323552148,0.15919829788945622,0.06056032953397586,-0.17724920284249968,0.98230095519572547,-22.558991974195145,8.6947760977195436,-3.3218096215255617,,0.07803351009141422,0.1428571428571428,False,2
0.24974861009553645,0.96654629894614708,0.058428449824147577,-0.95562285024604454,0.2362909349976402,0.17593056052194808,0.15623891910459961,-0.099773974720094985,0.98266706168751794,-6.4468832410306716,15.965987022899732,-2.5332907189833871,,0.5950013585817397,0.4841269841269841,False,2
-0.16064544181002149,-0.97832931797941081,-0.13063226097562444,0.98681185785275971,-0.16186629564964272,-0.0012882289573735799,-0.019884648019193103,-0.1291164122588723,0.99143005444587429,-15.613458204463464,9.7668073330525189,-2.8835900630311833,0.3415063342264348,0.2333595927625432,0.6778523489932886,True,5
0.69111886349688345,0.72096832889656304,0.050590367135190176,-0.72047885766965092,0.68173167308225691,0.12709107587671581,0.057139584963583304,-0.12428432984316208,0.99060005712983112,-2.4372146349700832,21.64589725734966,-2.3668849806272094,0.3166053827804238,0.2316067662087586,0.5333333333333333,True,5
0.9396863906001004,-0.32169442517958796,-0.11619889900222827,0.33471980769939236,0.93478621425906805,0.11890073155738477,0.070371426407579374,-0.15062347240577731,0.98608337979391414,-27.761494205800489,-0.020462340466506523,-3.1796282661006039,,0.107365191769003,0.36,False,2
0.62190788553952825,0.78174404920494922,0.045900146365825581,-0.78169690911072043,0.61623868785452418,0.095915701937070871,0.046696083245813792,-0.09553073392361891,0.99433060633046777,-20.263702208920225,9.4443617682725751,-3.1685800045013286,0.6842640539333265,0.7041570415177301,0.6323529411764706,True,4
0.08153846373247714,0.98604312967076524,0.14515655466161537,-0.99520404930252293,0.072653546494528223,0.065500858266356113,0.054040532787985755,-0.14980123033823994,0.98723817400115788,-5.482011498001703,-12.244230304519172,-1.2352526471473029,,0.268847617838555,0.4081632653061225,False,5
-0.8538959071867025,0.51872046493226809,-0.042318541447562502,-0.5176943942704807,-0.85491932635000689,-0.033248452207121748,-0.053425591533621496,-0.0064826455788478468,0.99855079063389673,-14.878805833111882,-4.1959083881410031,-2.1700367202935595,0.2189944057942646,0.09416492559046803,0.5217391304347826,True,3
-0.12837219437965286,-0.9581422120814661,-0.25589857588073717,0.99155168100934388,-0.12884183652861844,-0.01500150150746804,-0.018596870642623328,-0.25566243874994515,0.96658723031847149,-8.2822063674202422,7.851669298893249,-2.3479793278882957,,0.07987297652611795,0.2222222222222222,False,5
-0.98953823169045863,-0.09257133220384392,-0.11065548552569524,0.12314157501006109,-0.94156816045298619,-0.31350526586522037,-0.075168081836397116,-0.32385173718105403,0.94311707215904628,-10.490575097941127,-12.282101022953398,-1.5587005852877958,,0.1605120875090067,0.1333333333333333,False,1
-0.003174999219607687,0.99409021084901761,0.10851070027472258,-0.99997365426582241,-0.0024478577948751478,-0.0068336495719687022,-0.006527645380371816,-0.10852953831271582,0.9940717927591628,-0.73784384785641743,-7.103781728322323,-1.0376510916487098,,0.1905971068982569,0.28,True,4
-0.70389046927836652,0.71030813271120741,-0.00075090838193840603,-0.70657183209661156,-0.70029543754212453,-0.10169830994328828,-0.072762994349586357,-0.071053900399635078,0.99481500284790636,-3.086932770987044,-13.869545354532196,-0.99793951386217605,,0.2114795470160196,0.3428571428571429,False,5
-0.90295787891322787,0.42541402535799022,-0.060745172131092748,-0.42420328112707922,-0.90499264458229545,-0.032247318229019196,-0.068692395427331521,-0.0033496687380762703,0.99763226417843998,6.2383053415906966,-15.592044706705753,-0.32934943876607353,,0.1218761220422847,0.4444444444444444,False,4
-0.50506087543660971,-0.84799061947411714,-0.16070289788025016,0.86242472341535881,-0.50312453834721715,-0.055581429946004103,-0.033721040095891587,-0.16666615792296866,0.98543659525006944,-11.486730038580346,-7.3965081175800877,-1.8101162979723278,0.355429122979478,0.1616780926869335,0.1948051948051948,True,5
-0.69905909681069944,0.71339379007943471,-0.048843417594492511,-0.71352977413517149,-0.70040207673277832,-0.017668965193906615,-0.046814961164371519,0.022499581874156058,0.99865015306996663,-4.5302338798948636,-9.3654809657541982,-1.2432446842232499,,0.07789466091112716,0.484375,False,5
-0.39221392361386226,-0.91091583084629923,-0.12806477750348377,0.91956557635897807,-0.39186917301242297,-0.028943082388388386,-0.023819926511238432,-0.1291158408413044,0.99134338689721591,-10.384946653301432,-8.7923344006623232,-1.6897279054833376,0.3834172619354815,0.34444391778932,0.9568965517241379,True,4
-0.96763584569579186,-0.21371499339524935,-0.13418931299719219,0.23572034001094927,-0.95532790876488061,-0.17828210241087666,-0.090093237424971953,-0.20414330342430628,0.97478649982306353,7.8297173350403177,-15.74929931284076,-0.18122237396863214,,0.2502461210134069,0.25,False,5
-0.51685041931997266,-0.8216277933314905,-0.24040260662895155,0.85484829370728643,-0.51037386627929504,-0.093556995274888408,-0.045826180230407285,-0.25386273031768603,0.96615406398831671,-22.067802929353618,-26.679926152806306,-1.9329346643441525,,0.1723375908750619,0.3333333333333333,False,1
-0.70283217326500813,-0.68046379993112194,-0.2073546556190228,0.70829225116686811,-0.69643826911037576,-0.1153075203770923,-0.065947123974858829,-0.22790953095875938,0.97144645891454195,-5.5767467449782835,13.720795801865966,-2.4149140231364434,,0.4993599359863429,0.6190476190476191,False,5
0.83619224424213812,0.54791356116503331,0.023942851976088073,-0.54449685350230626,0.82417080966603207,0.15577436573623257,0.065617887769917033,-0.14329412404522726,0.98750244901910311,2.7557562847967021,-14.517984516845141,-0.58540707760052746,0.3244047274319604,0.07192143244175628,0.3,True,5
-0.019208789970697717,-0.99565885973064661,-0.091073911894309287,0.99977596898137067,-0.019938131973941405,0.007105120741610578,-0.008890120090572412,-0.090917027741014927,0.99581878865158824,-6.6404452283474722,-4.1239433415615654,-1.6454998168510535,0.2852628068418718,0.2423785167177694,0.8961352657004831,True,5
-0.37360216749623548,-0.9052232149411219,-0.20246567998990761,0.92013430494758197,-0.38928071576134043,0.042583860733496827,-0.11736388414135865,-0.17038619506286085,0.97836305287518688,3.6508517358069588,-6.1802819011049897,-0.73900586038675087,,0.1668182178475491,0.2264150943396226,False,5
-0.50126485689663813,0.86524818992754882,-0.0088945526865103139,-0.86440031310987686,-0.50118777978536722,-0.040285333427450679,-0.039314652941865563,-0.012505167768352594,0.99914862700358331,-4.040162537850807,18.969883301611119,-2.4205018649351961,0.199513289337727,0.1098738335316971,0.3888888888888889,True,5
-0.94190901572648877,0.3293513169966325,-0.065841598444617164,-0.32894446571195507,-0.94419189418577365,-0.01723964707753994,-0.067845004021187066,0.0054200504117079967,0.9976811507104365,7.5927454593041288,-12.71528962736968,-0.30349586957919117,,0.07857823914036774,0.3157894736842105,False,1
-0.47959904006820814,0.87693348625296808,-0.031183672873288527,-0.87684895349681724,-0.48030294252036199,-0.021094932041087283,-0.033476462136692982,0.017226261767920595,0.99929103988193224,0.99192981980781225,-5.7419434877633071,-0.99233483478846474,0.1749377953959649,0.1715452198463255,0.2857142857142857,True,5
-0.22674778368824272,0.97391961788879822,0.0081252989980470508,-0.97317205991378863,-0.22622384160391901,-0.04193942409140558,-0.039007491532059277,-0.017416985425232401,0.99908711543242013,0.17549061584730202,19.208278262088903,-2.1375678721030185,0.30999566083581,0.3137436387263451,0.8518518518518519,True,5
0.87454480864370676,0.48373815462965969,-0.034187357748637737,-0.48013334375588851,0.87361967547853026,0.07912417349063941,0.068142130052792307,-0.052783144774430468,0.99627836960339011,6.0655117918544299,8.4572444754026375,-1.4889676259439029,,0.3322607100571646,0.1818181818181818,False,3
0.95242246848213152,-0.28853051368869914,-0.098191568889282849,0.29696531076299298,0.95101115718324403,0.085961521138388244,0.068578755703514016,-0.11103117392661439,0.99144794754068422,1.922043119600048,-5.9243303873697784,-0.90016691399722826,,0.0734116755257603,0.2564102564102564,False,5
0.39491296828176597,0.91774887683167217,0.042198892841980876,-0.9179645385690276,0.39231185792946943,0.058587644240740866,0.037213618644749452,-0.061874107687559868,0.99738996455009066,-15.569115552373054,-16.964972351185203,-1.7651251673558308,,0.6832624582475193,0.3448275862068966,False,1
0.30279304379845134,-0.90240248756490815,-0.30657156271241953,0.95296843306562273,0.29104219508443452,0.084531687909832259,0.012943655114394874,-0.31774862882017263,0.94808663669264948,6.7007828693650637,-19.36737729994854,-0.13741854363357286,,0.4358994410290388,0.717948717948718,False,3
0.26995944972217528,-0.95402966778881015,-0.13018943307531783,0.9625995216867923,0.26419020500293028,0.060047451476877671,-0.022892277170666827,-0.14153066296489253,0.98966914425309793,-5.5010006958204283,-14.999602431838454,-1.1255824339297051,,0.2171878701990568,0.2439024390243902,False,3
-0.55244430874802541,-0.82881746992118377,-0.088695474999375745,0.83211289985469261,-0.55460618178605992,-0.00032406805387280059,-0.048922465466611553,-0.073983678457728977,0.99605873707052672,-1.1009116055081318,16.219332510660326,-2.1791183924250714,0.2193349719862987,0.2070383089758122,0.5694444444444444,True,5
0.85996432049909721,0.50705944478739873,0.057897209953680917,-0.5050662923070427,0.8292715330961602,0.23920026080997567,0.073276243379028105,-0.2349456189168857,0.96924256422632327,-6.5963571625983821,5.4570916015931408,-2.0950563369655271,,0.09746213492553371,0.3444976076555024,False,5
-0.39699822157506892,-0.91301610383494902,-0.093776362716219516,0.91705150378378897,-0.39876874950967672,0.00015434500906047911,-0.03753600237273147,-0.085936479754177064,0.99559327537571107,-0.79937609109990626,-13.135943124401102,-0.87662511300040014,0.2959719874432896,0.2936230999346005,0.9147727272727273,True,5
0.98776097835472154,0.15278491500129032,-0.031385018524349072,-0.13979557339025508,0.95643399157972864,0.2563029797161141,0.069176927513550798,-0.24877859533914379,0.96608683005249019,7.2228320112344493,-17.600315788044512,-0.14452983669605507,,0.3383168991524912,0.2105263157894737,False,4
-0.76871040579326411,0.63958221714187702,-0.00434736023774622,-0.63879629114927206,-0.76807033607550823,-0.044802424653033295,-0.031993912531765964,-0.031663012439393234,0.99898640791763171,11.951077566506054,-8.5540039883014352,-0.24854965062963977,,0.09835677119921131,0.4117647058823529,False,6
-0.35157469806042257,0.93587077866217716,-0.023261928767257141,-0.93593967678976842,-0.35192234895637808,-0.012945335673085468,-0.020301553989442837,0.017220509611377451,0.99964558767312028,-7.3801956004930336,8.0895211416451858,-2.3181873988442456,,0.09549152149057764,0.5454545454545454,False,5
-0.99195805873369891,-0.0131306673519484,-0.12588405494010765,0.019673058487894017,-0.99851149720914234,-0.050870037457113285,-0.12502871863297438,-0.052937467979198641,0.99073984678166027,-4.2275347440036111,8.8160824100794972,-2.1053041285285388,,0.2153452093849531,0.3166666666666667,False,5
-0.94246343933392496,-0.32033819528024199,-0.095635276773096661,0.32567102690276672,-0.94435241859989383,-0.04622652615791515,-0.075505282960642642,-0.074712449626073055,0.99434249739006175,-2.8753148710059016,-15.66422562445856,-0.90647958571087639,0.682780355143614,0.2613203285681522,0.2962962962962963,True,4
-0.19166894848694424,0.97844886398816633,0.076816891021295353,-0.98145963451585094,-0.19108086547426659,-0.015002955229504783,-1.3864813827382805e-06,-0.07826827843944037,0.99693233300370254,12.344591215328389,10.687603406271057,-1.2671708970169002,,0.4263773910999487,0.1666666666666667,False,6
0.97231851539877356,-0.17351784888624133,-0.15648725421137974,0.20125229161952618,0.96218675507707974,0.1835597000218972,0.11871907905056625,-0.20997191353162281,0.97047286195815607,-12.675195849670313,-21.73860012783565,-1.4034296313873929,,0.3635511055619621,0.3125,False,2
0.65796207319975308,-0.73280456122626436,-0.1734456262828955,0.75130387894400452,0.65446708839250201,0.084942990851124139,0.051267842887876024,-0.18619963817640489,0.98117343167688809,-8.5737678808995774,27.488701825931113,-2.8306849054527654,,0.1653163520113961,0.2857142857142857,False,3
-0.60740965169526406,-0.78797816871159188,-0.1007170326278778,0.79257590036063641,-0.60969355246209578,-0.009859728884551909,-0.053637274305889618,-0.08581478730426724,0.99486625487296465,9.1586105767358905,-4.6795078140531494,-0.67156059031384918,,0.07377219231540952,0.4444444444444444,False,5
-0.85295098436423666,0.51928265534316054,-0.05310501042119524,-0.51851878566701493,-0.8545959832981993,-0.028354439528708357,-0.060107297248197245,0.0033509984093243357,0.99818629705440098,-7.5772538881359299,2.5763302868052822,-1.9301313221549967,,0.09192039932238698,0.4067278287461774,False,5
0.10310661234959269,0.9941007951766726,-0.033654650776644014,-0.99451419686710152,0.10363084212716402,0.014218325843730388,0.017622108828812658,0.032004024576947204,0.99933237898674288,-18.35837304199465,2.7052006781792461,-2.7256796361944695,0.1806432828019984,0.1480199531619812,0.6756756756756757,True,5
0.89135776790108467,-0.44523207661678871,-0.085145331956008999,0.44886987469157452,0.89313289049436939,0.028800616513251387,0.06322313814393421,-0.06389082773509315,0.99595220614975211,-1.717723760655147,-3.3244215378126163,-1.298179896783596,,0.07302580896344449,0.2898550724637681,False,5
0.83109298896702799,0.55280902300239432,-0.060717606812123487,-0.55219441384229551,0.83324489496309384,0.02800489848772883,0.066073996482860831,0.010253248513642736,0.99776204471993313,-8.4982092994440972,-14.116752334846067,-1.3692961598499427,,0.07752153403659709,0.3076923076923077,False,4
-0.25885615359473108,0.96546497209537485,0.029510665919615944,-0.96582794389348103,-0.2582995046577089,-0.021395062235803359,-0.013033592775312765,-0.034040469304349993,0.999335465151171,-5.0240200607650278,-4.7997751031611235,-1.4651828105589868,,0.09218873274004437,0.2876712328767123,False,5
-0.9007237455162983,-0.39036979900887497,-0.19054698707894063,0.42854741515603773,-0.87026680732535977,-0.24286374169645927,-0.071020048058066124,-0.3004115578493885,0.95116194661284381,-30.265451961658183,13.740033449814367,-3.9943770862148784,,0.2731421947877288,0.2857142857142857,True,2
0.97998474294397919,0.19277566717683403,-0.049673390679039163,-0.18645790891623099,0.97626324349917115,0.11019767508921167,0.06973773583657894,-0.098730043740532458,0.99266763151791293,-4.5429116141176165,-28.000516628681662,-0.6228267575086549,,0.3887856868878223,0.8064516129032258,True,4
-0.7749664642813624,-0.62302687140749624,-0.10613433348088838,0.62903052624264344,-0.77663480519301498,-0.034043742710102409,-0.061217450895543361,-0.093144494560847835,0.99376884980304003,8.4179538619374394,-8.1578290731357175,-0.40794605651835503,,0.07189946388013231,0.24,False,5
0.16673372511634738,-0.98062568405085437,-0.10282573942656864,0.98592828081053163,0.16708706616601737,0.0052285196779823873,0.0120536304413419,-0.10225057505866263,0.99468564375553192,-9.8790074894739988,-11.052122505939236,-1.5570679937792176,,0.07282930629067083,0.1111111111111111,False,4
0.79505207045526327,0.60349681008734457,0.06069436118125035,-0.60311360289766436,0.7759680875926096,0.18473632300570364,0.064390894267737475,-0.18348059094157279,0.98091217011674048,-13.132278789145717,-15.346835872795934,-1.6561281906005703,,0.1662217977208577,0.3846153846153846,False,2
-0.055855154958493441,0.98091456549464573,0.18624397135212933,-0.99843040064283128,-0.055643207059022121,-0.0063693469352838579,0.0041154266799325132,-0.18630740379447311,0.98248288257587724,-6.9403864832489299,9.9915193353016285,-2.3810900598566409,,0.1547172485156187,0.1886792452830189,False,5
0.60570174225602624,-0.78484797882056812,-0.13091619292235562,0.79562330792055613,0.59955408892168949,0.086708975030469038,0.010437974974392319,-0.15667975171843965,0.9875943013605748,-9.1153627490469926,34.980427833117943,-2.8039398120530672,,0.4482666675826603,0.9230769230769231,False,2
0.99663295448113265,0.041866897341882495,-0.070497637897840748,-0.030059425378108264,0.98651085780822334,0.16091226917927309,0.076283582690830326,-0.15825135175867899,0.98444772572158623,13.549220720223881,8.4627320507090982,-1.0666667536519983,,0.1267363900949521,0.2083333333333333,False,4
0.75465329632679101,0.65521344952525074,0.034550512359881699,-0.65381305829904146,0.74653673866722536,0.12333443403103858,0.055017153150293568,-0.11566431334393544,0.9917635199370427,-10.812103297988569,24.517466303093045,-3.0067723836721494,,0.3470301324494606,0.2452830188679245,False,5
-0.97948236121730314,-0.15913857093645428,-0.12364958271049878,0.18707611087060336,-0.94614886256829445,-0.26420609115282201,-0.074945532259815956,-0.28191708905461316,0.95650714691175565,-6.9680315187075985,0.51289631609707054,-1.8084812640661005,,0.3832011148429989,0.2934131736526946,False,1
-0.96436389103503717,0.25605454769486535,-0.066620974719239251,-0.25511286633170238,-0.96665125737792568,-0.022422578836934704,-0.070140652262339398,-0.0046276575557892032,0.99752637743859196,-17.261570870882974,-13.597489938364244,-2.0077716544471986,,0.1042781567512556,0.3928571428571428,False,1
-0.29363721166746376,-0.93588412663809195,-0.19467431631063806,0.9557300984735837,-0.291453651272431,-0.04043201740753434,-0.018898856998033238,-0.19792844835148241,0.9800342660016248,-15.603792039373163,18.310314402552031,-3.2441416048041893,,0.4442553920503481,0.6,False,5
-0.2564473701668209,0.96627458575636627,-0.02341305738012843,-0.96646445154343874,-0.25668461755046595,-0.0077117453155529734,-0.013461435189549929,0.020650230854271034,0.99969613269648272,16.461390095274663,-7.8406069110579155,-0.17519887503174586,0.6798183923806513,0.2859928082036671,0.5,True,5
-0.1067993499743836,0.99387294823823413,-0.028468607364763629,-0.9942798297546539,-0.10679097285543564,0.0018188621843481922,-0.0012324723547253499,0.028500015382970645,0.99959303225616025,-5.3909997626688222,-21.370493975985966,-0.89793625999605098,0.1788966795681831,0.1631862275635005,0.7083333333333334,True,5
-0.15895519687177823,0.98620603359234793,0.046161723251006967,-0.98723097080828692,-0.1582797907891961,-0.017958789064275751,-0.010404598232562868,-0.048426925710565755,0.99877253526608423,-12.777229623420016,-1.5889305199129784,-2.1968304244615791,0.6181112773247076,0.3477257813074236,0.225130890052356,True,5
-0.95184710663595196,-0.28816121432161101,-0.10464320402902753,0.29640233938687005,-0.95219079521804628,-0.074015827415591373,-0.078311804951468417,-0.10146824164593796,0.99175171143917074,27.410300899370274,-1.7391850080803097,0.29795094274310996,,0.1521981320660042,0.25,False,4
0.91326253224853249,0.40692893538279179,-0.018983907375095206,-0.40114464158373203,0.90644263580872075,0.13207847862842045,0.070954377734271878,-0.11300703312788356,0.99105745885088603,-0.76853713605257234,23.261920156458583,-2.2690125028153685,0.1753364966602231,0.1835217227708526,0.28,True,4
0.28784678027819238,0.95767421202915115,-0.00208199371366459,-0.95630885196531168,0.28755118076790348,0.052798656154989354,0.051162591180143123,-0.013206894159115426,0.99860300781161504,19.001570865695527,-18.384999984292854,0.69102005623594531,0.2692410728325283,0.315289688326313,0.3478260869565217,True,5
0.99169391657734174,-0.085647489685677133,-0.095956674254764174,0.1099091592884721,0.95180128207065984,0.28634646174372391,0.066806829950195518,-0.29451456154015632,0.95330898480650839,-16.456323047461911,6.9130710213285855,-2.7931845784977467,,0.2159191337299684,0.4375,False,4
-0.97855178875858984,0.19332006450515682,-0.071160026539391408,-0.19074196478420036,-0.98076415756485147,-0.041462876243341037,-0.077806809391130688,-0.027000368438778038,0.99660276967131856,14.539116042011297,3.573685335205786,-0.76154511349036647,,0.3399867984160213,0.8235294117647058,False,2
0.70017409734587421,0.71131833136971867,-0.061501746831214552,-0.71153010152036833,0.70230407172350673,0.022223984138742933,0.059001254531627967,0.028199686132720718,0.99785952401413247,-12.71105807681859,3.1609355352294153,-2.3222140862363858,0.2454912584522474,0.2126567169888596,0.8722358722358723,True,5
-0.99568446984572934,0.089260714688622733,-0.025396088700945195,-0.081053324268910112,-0.96970116741776979,-0.23045607940250609,-0.045197291212957472,-0.22740310182996984,0.97275127044127807,-11.266273572341184,11.555407228583904,-2.6700963020207369,,0.6794540604633139,0.25,False,2
-0.91400846240386424,-0.39369143254614369,-0.097957065053476858,0.39924441728700666,-0.91574832752154856,-0.044820708457660806,-0.072058489571211359,-0.080075318177659144,0.99418082736465208,-6.2010713084644662,25.430566469753494,-2.7069230053214683,,0.2164878336676671,0.6774193548387096,False,5
-0.71370709242907293,0.70041610819538447,-0.0062818466131174117,-0.69944541179606312,-0.71313943623284815,-0.046992131329949761,-0.037393878294109562,-0.029144808627391987,0.99887550675557091,24.168142367588409,-3.0786910793560573,0.087771368992027934,,0.164943670887976,0.3793103448275862,False,3
-0.1203532739497125,0.99250762972918516,-0.02106405419057765,-0.99272931549171395,-0.12036648786061192,0.00064402131705326585,-0.0018962101521418293,0.020988414172093295,0.99977792076920902,2.5103904160225592,6.4787451019232805,-1.5800011626149086,,0.1027639398449929,0.25,False,5
-0.8865992997112887,0.46041113476890122,-0.044308788431481803,-0.45913251802652383,-0.88762724072900934,-0.036265857309997721,-0.056026892132944754,-0.011809678091222714,0.99835941366889769,-7.9867372583398684,16.005161343943286,-2.6331387366835401,,0.09689460435441799,0.3,False,5
