axis_00,axis_01,axis_02,axis_10,axis_11,axis_12,axis_20,axis_21,axis_22,location_x,location_y,location_z,dbh,dbh_approximation,score,reconstructed,number_clusters
0.96696554836265414,0.24155507708803464,0.081417277114300121,-0.25345945095079886,0.94510374749360371,0.20624551679313402,-0.027128122003423242,-0.22006828759851124,0.97510718066786262,-12.167321851254819,-29.695803675132431,-1.038525541445108,,0.1951998926743333,0.3,False,2
0.068744455650192021,-0.99347924588141123,-0.090957065807242415,0.99756406088113636,0.067371435700067039,0.018084083887491394,-0.011838253912501723,-0.0919786804352834,0.99569060359616168,2.9225010005394298,-2.8065283272361197,-1.5946521610162727,0.8352051817446086,0.5017140622161527,0.8270893371757925,True,5
0.99862373612813482,-0.049945578024220637,0.016002277253901482,0.04892969000039564,0.99708251507167178,0.058586206352800971,-0.018881712791731224,-0.057722589808274223,0.99815408807852624,-37.175948413047188,1.9069181286412513,1.1413318496398837,,0.1276046032241318,0.4375,False,1
0.57837040197556489,0.80395657106752516,0.13835284585425389,-0.81565113609523232,0.56695906740216029,0.11519826421013998,0.014174001029352292,-0.17947492228113673,0.98366043427953309,-13.850227455864406,-20.587172396479335,-0.75659162479078879,,0.1283306665683796,0.3571428571428572,False,4
0.29480754887549487,-0.9524698412120195,-0.076744450663043001,0.95537164085451343,0.29221797179629572,0.043286081021650574,-0.018802578998006834,-0.086080535202848557,0.99611073906579994,-23.049940997713577,8.4111574430947265,0.42352226285983968,,0.1493276744021732,0.4523809523809524,False,1
0.98797673487100279,-0.15456756853874504,-0.0032921284380478394,0.15350185879034112,0.97818342437808481,0.13997988291134339,-0.018416044676922469,-0.13880221550099123,0.99014887480139746,-3.1499164001088737,-16.292063162485125,-1.6505594754236534,,0.1370715768550861,0.3333333333333333,False,5
-0.9721787784089182,0.22685709808844548,0.05834620688814536,-0.23329758161072064,-0.96007075156052279,-0.15439038316100881,0.020991932401137801,-0.16370708306271736,0.98628562279350074,-32.256528906432855,18.513245319971659,0.626493792989543,,0.1717609996143485,0.3125,False,1
0.81388012756403993,0.57249111228931071,0.099262602756980484,-0.58099465121872196,0.80382082910676755,0.12773914806880673,-0.0066598206866116741,-0.16163539539301658,0.98682807304239439,9.9753862973604708,10.515676529305541,-1.7513111526496474,,0.3040544112906852,0.3636363636363636,False,1
0.95366656571484576,-0.29470676577474436,-0.060564045804769095,0.3008520072915023,0.93601293104101657,0.18266872373966819,0.0028550212479063995,-0.19242586918238255,0.98130735945629111,-8.9446911614333615,-4.5718638934515194,-0.70985394716986616,,0.197340462431178,0.3846153846153846,False,3
-0.92176395552870605,-0.38135541596188816,-0.070137415154867488,0.3873787948664959,-0.91361656533180924,-0.12346028041068947,-0.016996457744251417,-0.14097098377978415,0.98986782054792799,-9.4248521460207559,-8.9679455142463027,-0.77984855323260271,1.202409591212002,0.7139792295721129,0.2216216216216216,True,4
0.98814221795327029,0.15135439533339967,0.025822550448257021,-0.15272050247731364,0.98622719762157907,0.063500888139957884,-0.015855763036469191,-0.066691541328324097,0.99764764977109199,-17.873903403392184,-18.526727241689141,-0.41937565441364549,,0.11742816568455,0.375,False,1
-0.41509857278548001,0.86840286792543331,0.27123722799486655,-0.90934871190393896,-0.40517605545130242,-0.094431373216581627,0.027894354807089163,-0.28584755214590296,0.95786903170636539,-12.473023239560987,13.067415183769286,-0.33863598355013147,,0.2937161772816417,0.3478260869565217,False,3
-0.99575439141241773,-0.092041164190324751,0.0012712503199816295,0.091879971755551682,-0.99465980879292126,-0.047009951736080038,0.0055913122865206503,-0.04669356343779333,0.99889361213314198,-11.036390714635104,-12.355647247250067,-0.72792845670287232,0.3687249290307562,0.2890292815278127,0.825,True,5
0.64081522936131297,0.73778616446486167,0.21219664781243808,-0.7676946423894031,0.61616656162557171,0.17602188608558542,-0.00088196667410752119,-0.27569973496314509,0.96124340220156368,-23.823460337190603,-19.022240574862483,0.0076263706273883422,,0.3576863824963443,0.5,False,1
0.53994053355022131,-0.8137741074306245,-0.21502539920900923,0.84157625130322034,0.52638188202442671,0.12112608108430564,0.014616205797741672,-0.24636115024880362,0.96906787697052732,10.95119241207026,10.546907789926724,-1.8260478200726473,,0.3960475430838657,0.3333333333333333,False,3
0.99302278834437574,-0.1179224510706476,-0.00019329317511138783,0.11737128707759067,0.98822047282700076,0.098205285271862147,-0.011389591674447364,-0.097542773279565564,0.99516615928317187,-15.711437821368014,-6.9101069828454573,-0.10978709589144534,,0.2009131910104141,0.3939393939393939,False,3
0.28502662344255358,0.9533357653869986,0.099552711479510198,-0.95851689619853286,0.28323765251637678,0.031965479801547257,0.0022767588514740773,-0.10453396879004431,0.99451871060233688,-19.494192148166999,5.7998840407515617,0.25758834374204193,0.2976012454621624,0.2324301579825252,0.9095744680851063,True,3
-0.49833475607953304,0.84619584875344733,0.18871951789781671,-0.86696279586987057,-0.48482590972141892,-0.11540947898805393,-0.006162910079492873,-0.22112535543268319,0.97522592035082833,27.546456538315944,-17.304446764409263,-4.2818709165544497,,0.6003555284477323,0.6825396825396826,False,4
0.74056243033032376,-0.66950026884666147,-0.05776397491078121,0.67112360326019638,0.73251520625828748,0.11408146978116035,-0.034064584692839656,-0.12325121749754658,0.99179067421259692,-20.074693885240066,13.203733706136115,0.1643594015848919,0.7610315591322778,0.5286924152734183,0.8354978354978355,True,4
0.043468117215027455,0.98341237478931287,0.17609833587239418,-0.99902154442305102,0.041347598192417331,0.015694900519004868,0.0081533161574714654,-0.17660825924900664,0.98424745171154659,-28.471467903874562,-2.8162732611501231,0.6770813448632339,0.6120097724496641,0.2993177852246448,0.2222222222222222,True,3
0.74312245061602256,0.66052446063102999,0.10712824230111109,-0.66914270130294917,0.73451186248735834,0.11287324376638257,-0.0041314263191215249,-0.15556272295585619,0.98781737712146489,-11.804374717827036,14.566398908811918,-0.3773454103356364,,0.4760916262275806,0.2580645161290323,False,1
0.99996781351992137,0.0010341273216385792,-0.0079562871284981872,0.00048015888283181992,0.98216775700817682,0.18800602793786847,0.0080088308532333743,-0.18800379696753461,0.98213564793981223,-9.02805758615931,-1.9196574866059615,-0.60527597171468406,,0.3321777921750997,0.2782738095238095,False,5
0.59617447285686587,0.80153546871159886,0.046009676277023903,-0.80258596117478653,0.59351211091056411,0.059992908977902784,0.020779144327487425,-0.072692961143187129,0.99713788442785234,16.128113118212212,4.0105961094033544,-2.6660782355213084,,0.08515176091920433,0.32,False,5
0.20099950635733194,-0.97948521786063991,-0.014418961009864693,0.97956675820160266,0.20086840531748826,0.010042408655919453,-0.0069400771258022811,-0.016142854075546859,0.99984560987773685,-12.963158220285784,8.2141359262476499,-0.24398506018030516,0.5668760493598677,0.541997349681979,0.7363083164300203,True,5
0.34507054690976341,-0.93215403636456595,-0.10961373155150146,0.93837459066677564,0.34021158277923291,0.060903255527192265,-0.019479354361940558,-0.12387466016945141,0.9921066592466482,-13.166936865675474,-32.619079069045078,-1.0992388215304887,,0.4032242003773115,0.5882352941176471,False,1
-0.99751169282975849,-0.067798856300320079,0.019332298163397463,0.06669092081437708,-0.99635849437727797,-0.053123175386778361,0.022863590025200196,-0.051701699842582369,0.99840081654841772,10.757332242240743,-11.588103678719218,-2.496328612260347,0.7037669872663285,0.5252483607951712,0.7079646017699115,True,5
-0.59397936582570632,0.80357792305410425,0.038092447458062437,-0.80431655678315195,-0.59414760836175351,-0.0079684353861775511,0.016229277796238173,-0.035371472376216753,0.99924244779940774,-8.2549047046825503,-11.12165817806922,-0.92226255246630739,0.1881384241330777,0.1861496755475615,0.7653061224489796,True,5
-0.59995033313360846,-0.79552121003923415,-0.084885818312507216,0.79996819234157346,-0.59511821345156601,-0.076715078439446902,0.010511375486890037,-0.1139311914970087,0.99343303477861289,22.182190441567467,-6.7401880352974501,-3.6363011326493537,0.3907581090595281,0.208511638519953,0.631578947368421,True,4
0.35539161638046141,0.92729927884123176,0.11752806672032531,-0.93468638656951275,0.35153352776748698,0.052778192627024503,0.0076261240556948851,-0.12860881119067885,0.99166608085383778,-26.471291593974851,14.187575944476285,0.44780660908419451,,0.2027161695949723,0.4242424242424243,False,3
-0.59223898587555701,0.79146876329256866,0.15109659275187554,-0.80448463290796635,-0.59136681783897382,-0.055585629203443301,0.045359222039499374,-0.15447486362233889,0.98695494197295219,-1.0610342556114507,-12.906720566905092,-1.4859183515401679,0.1510170258374701,0.3636786464724694,0.4693877551020408,True,5
-0.66054267399887856,-0.75046503771730499,-0.022036401484246727,0.75078319759048406,-0.6601430860783768,-0.023145110039145867,0.0028224177966260297,-0.031832892844986152,0.99948921999734452,-15.020428565969045,-21.682529884499932,-0.72958218691431465,0.2108459952639701,0.1932132881154071,0.4375,True,5
-0.095718180723052868,0.990116720371785,0.10250321906793995,-0.99528825509820684,-0.096798210169296059,0.0056031929814753106,0.015469943200796395,-0.10148392260965217,0.99471689153704568,27.04799146866959,-1.3338674362556042,-3.827542488296233,0.5886206405918014,0.5778919907035999,0.345679012345679,True,5
0.65119880488428994,-0.75766785280717985,-0.043353677350714305,0.75872050284346648,0.64870841893647424,0.05933452423249623,-0.016831966083307101,-0.071531895148226859,0.99729628140000248,6.9588017574466612,-15.696958628758551,-2.4623243360678684,,0.09599001289499891,0.4705882352941176,False,5
-0.086646719184456683,0.98730327760327607,0.13313370755896781,-0.99616634982042984,-0.087478253762107633,0.0003982513926499183,0.012039499159406979,-0.13258881232049388,0.99109800590427466,11.138000486528369,-17.686945901190761,-2.8538229707197171,,0.3522114779202821,0.2,False,5
0.10211105763625705,-0.97572606506257031,-0.19373171621063895,0.99476943126307016,0.099633535136680315,0.022515268168898536,-0.0026665582601058287,-0.19501744699816584,0.9807961484596911,-19.092597219560538,-12.82336204835085,-0.14253065347774244,,0.1783280336282398,0.3703703703703703,False,3
0.47597950033047642,-0.87938996929730329,-0.010807273682109209,0.87930639071459171,0.47563545054424294,0.024314387388016289,-0.016241505891685409,-0.021076054774669853,0.99964594402293616,4.1107315454818627,10.501993349841953,-1.3082553823843255,0.1525139962572852,0.1226151887083389,0.4285714285714285,True,5
0.63624985812095725,0.76946118279990006,0.055817615545997866,-0.77146491538915019,0.63506373170590302,0.039191083110630354,-0.0052917260580520285,-0.067996653123162554,0.99767151547960675,1.4501836926037261,-5.7858974076439367,-1.6002946898712294,,0.07042451203038724,0.2318840579710145,False,5
-0.13976126706058589,-0.97160588210282095,-0.19091568320286995,0.99011990496583424,-0.13934449405884677,-0.015674366524068607,-0.011373742570782379,-0.19122008743508886,0.98148128669947154,-22.650368679145053,-15.680774741005589,-0.070136422134844181,,0.2539795276385816,0.2222222222222222,False,1
-0.17367444127431514,0.98147460494199279,0.080899865896148018,-0.98465625347129515,-0.17448031538374867,0.0029465307499691104,0.017007379219838237,-0.079146821777932821,0.99671787866704054,-29.872048433519073,18.164823383502736,0.5224589948894246,,0.1853514831644561,0.631578947368421,False,1
0.43915098118459778,0.88474621871091108,0.15611067933152248,-0.89840768464402954,0.43308081246367941,0.072832973633873005,-0.0031698418191120348,-0.17223570580034686,0.98505066557527765,-6.0881813062439409,-4.4191128878009582,-1.0053795037870876,0.4394787725034293,0.3949806039549074,0.3191489361702128,True,5
0.68127919116700764,-0.72891382850085695,-0.067403963555940555,0.73165900286075669,0.67514086333551082,0.094127138421305226,-0.023103402685110706,-0.1134435774947341,0.99327578622936596,10.928130459999601,-16.697293660918493,-2.8505164588992837,,0.3147414549738284,0.3125,False,2
-0.86725525414219318,0.47457032347044364,0.15050359545179953,-0.49714767350394778,-0.84169790672339018,-0.21068655521194427,0.026692974588317698,-0.25754153431751931,0.96589846423369252,3.6200268013407606,-10.282270636143576,-1.7268661928734743,0.3035225476197911,0.1381174678452437,0.5,True,5
-0.66343862379992613,0.74631808205438022,0.05346506194825125,-0.74792138035096867,-0.66352362404157372,-0.018708531546769838,0.021512816281471787,-0.052399625355592651,0.9983944501038815,-7.182097857457479,-14.364672685426084,-1.2239099498303763,,0.07086978570836819,0.3,False,5
0.99538469155202636,0.091668713913291983,0.028393004655367426,-0.092796171971438066,0.99482714443498632,0.04132581714591118,-0.024457847234046905,-0.043769847895703574,0.99874221605170077,12.431741159420973,3.151905127958833,-2.4187635255522677,0.1292255022446735,0.1093012767623328,0.4615384615384616,True,5
-0.9498086559094413,0.29423159336860216,0.1062604659470027,-0.30927874781105191,-0.93423737791557226,-0.1776152523232834,0.047012480384768782,-0.20156460792810199,0.97834632698184232,-8.9879482263131916,5.0441406991648288,-0.54558693534496594,,0.266962230964199,0.2036363636363636,False,5
0.28737251029026045,0.95638033968644198,0.052475577088018296,-0.95773777625933254,0.28620357499490029,0.028737877200090585,0.012465642995978571,-0.058516318419607083,0.99820861958976903,-7.0469409969320793,-4.8069646999087041,-0.92227736951748773,,0.1049047546099137,0.4603174603174603,False,5
0.71016359363168002,0.69539560410930634,0.10996646791450373,-0.70397169656478842,0.70350495118259293,0.097491712967160984,-0.0095666460074651377,-0.14664834621307787,0.98914242747803383,-6.8956209801467718,-3.4274848611733884,-0.88372149700780545,,0.2268825856169513,0.3863636363636364,False,3
0.8549531758924408,0.51702272642270852,0.041744070164031435,-0.51863782292957672,0.85336633923608629,0.052732340035985419,-0.0083591661246392984,-0.066733735256098575,0.99773580316658517,-14.725045000463892,4.5215903758030391,-0.082258913272936565,0.1943196930047374,0.17856762960521,0.6701030927835051,True,5
-0.97289841237861774,0.22868148679130934,0.034255755575995958,-0.22972189264347967,-0.9727841956749258,-0.030311065395100228,0.026391878134451943,-0.037358884405247657,0.99895334351736997,-13.567537103255637,12.920756183848773,-0.26209538036078112,,0.07969615921451446,0.3404255319148936,False,3
-0.80236659755327466,-0.59680639624492204,-0.0054743521929832319,0.59680570270019029,-0.80221287414931441,-0.016657063775771874,0.0055494463972015663,-0.016632196194355658,0.99984627503153678,12.985690853712983,12.080313077580854,-2.0777201300610226,0.29546691348836,0.2876439076285986,0.5,True,5
-0.84518505097009411,0.53077682037302298,0.062755052158244673,-0.53402874394097721,-0.84343053469565077,-0.058636454427529655,0.021806656357689871,-0.083071656404055144,0.99630495815326792,4.042359311380177,-7.7059420284818279,-1.7876390068993673,0.532990043883889,0.5274029933481602,0.7439024390243902,True,5
0.26222120635199508,-0.96391676667835557,-0.045874893521943821,0.96484801795405128,0.26101635002446044,0.030639309229273323,-0.017559646620680908,-0.052296576716392484,0.99847720398329742,-17.756177843565709,-0.82863979239503571,0.09014778750518776,0.1328464383752172,0.08805814507831307,0.2574257425742574,True,5
0.50865810530049616,0.83619877416667165,0.20503302659392597,-0.86084305847245468,0.48988546075174216,0.13770063189340573,0.01470240088895234,-0.24654380021856023,0.96902012052479669,-16.097890891937443,8.2534355304814344,-0.012339000912113297,,0.7222987442385733,0.3035714285714285,False,3
-0.61299585850748473,0.77763938823857937,0.13968915245142915,-0.78950369956910216,-0.60968159936730193,-0.070514223810719145,0.030331268014564268,-0.15351002981191636,0.98768146936538781,23.834937853125275,-0.48918843397687872,-3.5486074609997589,0.7751904468969087,0.617045317870384,0.7560975609756098,True,5
-0.99197853235283839,-0.12520390563991582,-0.017394636058867891,0.12638135144522203,-0.98508863081512565,-0.11673963956454676,-0.0025189994022802899,-0.11800157393565586,0.99301021303444781,11.894480693988182,-9.0126790423096157,-2.6008399042872865,,0.2358140553548292,0.2352941176470588,False,4
0.82419451399032184,0.53572737224559352,0.18357446918100823,-0.56626286492287026,0.78366743221031754,0.25536586205331169,-0.0070548506434014238,-0.31442254740988157,0.94925691504601661,-29.161111794631527,9.5732876891127141,0.70032569552135726,,0.5634109225773528,0.4285714285714285,False,1
-0.62730164316717685,-0.76641057817810276,-0.13822978744275163,0.77873484854194952,-0.61547505949579817,-0.1215009745022322,0.0080426454670395903,-0.18386211353988052,0.98291914166860206,3.5338927760724395,-12.254358896201687,-1.7459787452526081,0.3965978503218193,0.1666313776978184,0.2222222222222222,True,5
-0.13767953163810537,0.98024688493410583,0.14198729219509046,-0.98986552652266557,-0.14120912686502307,0.015040674586725285,0.034793475967742661,-0.13847753271559937,0.98975420532730363,5.1937481646322867,-8.3020625172623692,-1.9102900298420773,0.4106796039631123,0.2739495812384391,0.1904761904761905,True,5
-0.7244863781228883,-0.68683293026920422,-0.05813788620338297,0.68928018710429806,-0.72146606489689202,-0.066178099607474533,0.0035087860924709769,-0.088018424775791235,0.99611266698107248,-27.056337411066266,12.888878873978401,0.5333182517562266,,0.1434158145501522,0.2,False,1
-0.67608842431363314,0.71809752024869355,0.16504664165557972,-0.73586899208026368,-0.66943783733907691,-0.10173400824481253,0.037433527804428879,-0.19023389117466935,0.9810248710632461,-0.33484176339948052,9.1400989531253813,-1.0901522590610846,,0.2241101342698591,0.2439024390243902,False,5
-0.789576274477784,-0.61306001823491951,-0.026957759988229819,0.61362541425641393,-0.78836707471078471,-0.044059124941423944,0.0057582775573277716,-0.051330006368203222,0.99866514542453744,-15.356626973045961,-5.1170741678918032,-0.11743057583616204,,0.1786097691322937,0.1739130434782609,False,1
-0.76123126308305267,0.64105692436477724,0.097841626258725251,-0.6479452037261938,-0.75802495275764503,-0.074600160623088246,0.026343444596346084,-0.12018398695642392,0.99240205169379658,31.020168518423688,-5.0794516769291844,-4.4106273690955042,,0.3033861514488811,0.2857142857142857,False,5
-0.9941368448663771,-0.10809697510285732,0.0026415246996878868,0.10750872988124684,-0.99075026618180106,-0.082799656158788162,0.011567483669663241,-0.082030201964305008,0.99656271216981074,-15.756550341426408,-17.55781185181743,-0.57493683543776908,0.2695755906953149,0.1617572011006807,0.5714285714285714,True,4
0.86944148237252672,-0.49051510178485691,-0.058876511877435284,0.49403568967102951,0.86312515515876498,0.10461215925229007,-0.00049604549415251976,-0.12004124896529529,0.99276878097859134,1.3676854458378813,-4.2639440748153277,-1.4743646560468386,0.5511786830421755,0.3075814465064303,0.4411764705882353,True,4
0.52077981787171734,0.83733943054448479,0.16628607684631383,-0.85364331127505355,0.51283580935687867,0.091063328275634819,-0.009026539362453968,-0.18937294077220296,0.98186374354613226,-17.645332471853731,13.46915698694426,-0.0063082057899470061,,0.3612482815321133,0.4705882352941176,True,4
-0.97143251918443307,-0.23610618229984179,-0.023931806258200829,0.23727544906551551,-0.96445245564240434,-0.11632636019447123,0.0043842834926728583,-0.1186816392081345,0.99292267905065279,4.9898986197280744,-20.970162464664583,-2.4775740249813403,0.1554252793200573,0.2511452855257487,0.3478260869565217,True,5
-0.97093324654201618,0.23544372731041086,0.043068341383899957,-0.23841395189638426,-0.96725049293636778,-0.087093463908039945,0.021152264666645357,-0.09483003313578138,0.99526873080336331,-6.965102113868368,-12.172580554502765,-1.0102297297432938,,0.1474129543531723,0.4807692307692308,False,5
-0.91246648875366232,-0.40618274631458978,-0.049198409505785856,0.40899023325016115,-0.90211374325940741,-0.1375419329821912,0.011484598710449989,-0.14562407362395996,0.98927333592572986,8.0337159282222252,-21.228367360061835,-2.7983135073313021,0.5100594088071096,0.3329589792335988,0.2272727272727273,True,4
-0.79027512281148671,0.59081853140269958,0.16247674669455792,-0.61247285549685615,-0.7696450131228918,-0.18034288190719233,0.018499501204559909,-0.24203309014723906,0.97009162027561158,-17.37484230637574,-2.5227295665576137,0.070027800986465591,,0.1350424105787688,0.5,False,5
0.010464950618688448,0.94667218972041545,0.32202833729114971,-0.99992320548356495,0.0077692248151386466,0.0096551686284600136,0.0066383690783638248,-0.32210464814362089,0.94668079504141922,16.999954409350011,-25.511874205109471,-3.8094777050217772,,0.2088433352079511,0.1428571428571428,False,2
0.91761751564354765,0.39141534936920586,0.069080527374535794,-0.39702816841739491,0.91080199925697203,0.1131739883216497,-0.018620646264028262,-0.13127734925600384,0.99117078705187045,-35.821103608881153,3.1208545007090942,1.1071075130412034,,0.1423761612949359,0.1904761904761905,False,5
0.93083658258247548,-0.36462848616657301,-0.024275988178714666,0.36468353487422328,0.9226087195574687,0.12569435145689883,-0.023434502721862007,-0.12585395374163869,0.99177195282472952,11.766352446278587,-10.810274266402869,-2.6158782954680015,,0.08511385209149719,0.3181818181818182,False,4
0.69098247030139492,0.69636889190091811,0.19394223915606526,-0.72207030201571931,0.6775396292637742,0.13983751186299914,-0.034025059634168506,-0.23666520058892082,0.970995302845022,-10.889511140066528,15.136424024989505,-0.45562911680861939,,0.3818162451221355,0.26,False,2
0.59121561506003617,-0.80292225879757406,-0.076025935289115207,0.8060397791689784,0.58500671950909389,0.089816549290391054,-0.027640023632548513,-0.11438087452284201,0.9930523876598768,-25.234360087441338,10.039360129806518,0.48170713136222121,,0.2818805966465308,0.6351351351351351,False,2
-0.83313604593897861,-0.5529717458982969,-0.010323623169954894,0.55300677870648096,-0.83262056022041808,-0.030438551261836592,0.0082359979266002584,-0.031068487836193769,0.99948332522445138,-29.5141478447091,0.44468472101126039,0.74582079554869518,0.3646936765052883,0.3195961773832519,0.8804347826086957,True,5
-0.97882215579069787,-0.20346112890604467,-0.022599919414210402,0.20416489584901043,-0.96216776057159947,-0.18041589680401174,0.014962708184471242,-0.1812091872420131,0.98333074182742564,-3.6590109321067392,-10.520522358794532,-1.1957141216552605,,0.4208266750446595,0.2972972972972973,False,1
0.89145784035418185,-0.45270195620313108,-0.019075054938782997,0.4525898265030725,0.88765317040112068,0.085054676666006107,-0.021572385518939478,-0.084455834177981359,0.99619367808490178,10.226214649496743,8.3674266533174233,-1.9948318915032965,0.2450900925236001,0.2544812394601351,0.4375,True,4
-0.3687362339747991,0.92347341258887239,0.10597379862751335,-0.92843688528939972,-0.37143730636035793,0.0062671746329193631,0.045150191452531026,-0.0960790491482095,0.99434917233664744,12.002198890708536,-29.302697070763291,-3.3539815244818203,0.5249851434212984,0.4034667781027191,0.8787878787878788,True,5
-0.99492993498063453,-0.099586691497242946,0.014032653208273366,0.098748187956946301,-0.99378716083309959,-0.0513407668281902,0.019058327698156338,-0.04969476672568196,0.99858260064224535,-13.244967527861606,14.461329045670592,-0.27313298693946675,,0.1201867699701971,0.6122448979591837,True,3
-0.68104615166548377,0.72748184138887451,0.08334452442174882,-0.73208136305442073,-0.6788459705243628,-0.05678931388225808,0.015264899934697649,-0.099691116717031458,0.99490133384054469,-4.7970886703518971,5.7432983146989063,-0.89940773667098617,0.4240712374522587,0.3196728422912694,0.8502304147465438,True,5
-0.97714375119727792,-0.21232954378454683,-0.010307974212256304,0.21246384916798161,-0.97386282919734057,-0.080313776554700914,0.0070144346058325282,-0.080668176773740635,0.99671633023802853,13.660888916391494,-7.7366171463839821,-2.7674746549079825,0.481978697541144,0.4223919304814127,0.4,True,6
0.10886469101685584,-0.96671924602804749,-0.23152187457942008,0.99353826324540595,0.098295409184263341,0.056742682352888367,-0.032096705704901397,-0.23620311575477243,0.97117346009383465,-32.51625032185455,-2.8925735281015985,0.89155376861556845,0.5350639353269174,0.3149208330904624,0.2162162162162162,True,5
0.39195121574298258,0.90817765713463749,0.14692715051697663,-0.91974049464147645,0.38312778885272192,0.085384541490105423,0.02125245854599888,-0.16860142493545063,0.98545517022109386,-17.492781976304904,-15.392788248586566,-0.42728221341336431,,0.4526238336285107,0.375,False,2
0.51550153393735221,0.85377403727387091,0.072993573589126934,-0.8568541675866006,0.51437138206546051,0.034971657117455167,-0.0076879124416089212,-0.080572790625261931,0.99671907848357499,-11.997508666351935,-20.48217776887665,-0.92447806015545186,0.3046683153753372,0.2073955780343986,0.8,True,5
0.99845277876756944,-0.052334822722957766,0.018791351784116155,0.051774669860450144,0.99823322629131994,0.029151492052076598,-0.020283789886488574,-0.028133472209762419,0.99939835681737121,-14.665053339752168,-2.6735885953515655,-0.13759079971971605,0.3263684243547522,0.3037710722338975,0.9279661016949152,True,5
0.60757233185933379,-0.79271213466969237,-0.049631976652469503,0.79395316295804053,0.60439834760725442,0.065886360034102712,-0.02223143243101507,-0.079436194250731174,0.99659202006389003,-19.16054838518215,17.438120145809346,0.028290143720119069,,0.1965199527383725,0.1666666666666667,False,1
-0.61853513336117638,0.76191242722098929,0.19210346702777353,-0.78531779310452932,-0.60760413509450129,-0.11871469517078634,0.02627265938769173,-0.22429148058337378,0.97416789061558329,-10.755157921530616,-4.0340497049569661,-0.51722609128206998,0.342882446149276,0.1764301670477109,0.4434389140271493,True,5
-0.99764429497769713,-0.068292915150670874,-0.0064759893975406997,0.06858804896195983,-0.99473420805299972,-0.076154677261237341,-0.0012410632721938583,-0.076419454783416885,0.99707498549134199,13.3057988797202,-23.604989707824068,-3.2647935690398215,,0.2483608050866725,0.25,False,4
0.53445226044800165,0.79136580046664573,0.29681804384809141,-0.84519594084040561,0.49951858624667245,0.19006578750797842,0.0021454344370732768,-0.35245049559606495,0.93582799982965104,22.874400493774768,-16.332563653650833,-3.9131093055155701,,0.4115390613489549,0.25,False,1
-0.99943799966741242,0.011134549962284242,0.031618137483715461,-0.015406308397791758,-0.99027684142117756,-0.13825492036975723,0.029771303000605594,-0.13866433983556539,0.98989184781753459,18.261721351493613,-7.3395171352651847,-3.2674161783240292,0.3535966841136504,0.3577848175295258,0.2105263157894737,True,5
0.086682574993186795,-0.99268307024850966,-0.084062198606403932,0.99571413600251502,0.083597412861949424,0.039557956564422375,-0.032241131452145265,-0.087130904992320166,0.9956750046264613,-14.742139653749899,-1.3201034443115574,-0.13464897690485036,,0.09871829450153957,0.2,False,5
-0.95023013913832266,0.30691852819059823,0.053513547130427302,-0.31072926362071679,-0.94609586475794372,-0.091378002919985463,0.022583343483428466,-0.10345835752241012,0.99437737346335175,30.429796639175354,-6.7030597412351183,-4.3241458615306652,0.4324922392588825,0.2646133990011544,0.5,True,5
0.14034892087928627,0.98807462500448473,0.063330212618204235,-0.98987910998431217,0.13867250644497048,0.030154329256925051,0.021012568255338697,-0.066921382072673397,0.99753696703270001,-6.103730851374717,-30.951143439545426,-1.7287299087924139,,0.2063069481161041,0.5333333333333333,False,3
-0.92204004949915785,0.37894429751256198,0.079014976443105414,-0.3861684248720656,-0.9145783694756765,-0.12008477721611314,0.026759946775381818,-0.14123606292277741,0.98961420754688778,2.5662545079302772,-16.986763596448242,-2.1346619728911622,,0.1715036077271374,0.2857142857142857,False,5
-0.99226646334209956,-0.12408416213461168,0.0032227990807020598,0.12377048220272122,-0.99105454426041029,-0.049917512318798249,0.0093879423660902794,-0.049132586011148595,0.99874814419351443,-34.871322890717757,0.64880212187336217,1.0215357327347376,0.3958933182140108,0.3718663860436837,0.6835443037974683,True,6
0.80336382578231991,-0.59548386465785108,0.0023516710112684511,0.59486385584238222,0.80269569624838766,0.042621734322411821,-0.02726823127246724,-0.032841835461294454,0.99908851329939974,-14.076094786433828,-4.6111602321157985,-0.2062318322342642,,0.0751267338384984,0.5238095238095238,False,2
0.86057830021947934,-0.48715178297379103,-0.14862075742240233,0.50875484759170053,0.83593447089377526,0.20586904921208946,0.023947739836939517,-0.25277796723013757,0.96722789715749102,-11.53172576983267,-21.436530094642674,-0.99111288533611819,,0.2580144669328721,0.125,False,2
-0.42159669113858372,-0.86179152835904227,-0.28208436977185425,0.90676462833083149,-0.40267444143453257,-0.12502480963167401,-0.0058428442600149105,-0.30849417476505736,0.95120828702602234,-20.749064548676106,-1.9681146087052348,0.26371541858772463,,0.586713083221075,0.1875,False,2
0.92521453683764221,-0.37223677918117748,-0.073605985144756331,0.3788446022069708,0.89530226192413576,0.23433016701263146,-0.021326701642514646,-0.24469090710189653,0.96936656213152994,-14.796906116196267,9.3189954386821867,-0.11946708820833227,,0.1081887345897201,0.4634146341463415,False,4
0.91926282187058805,0.38423497413958785,0.085553193829779134,-0.39215662917338306,0.91277579656341179,0.11425201706491121,-0.034191263824188647,-0.1385778837188,0.98976114675315741,-29.34780650586179,-3.5551846157914735,0.68277965311727495,,0.1954976668765765,0.6571428571428571,False,4
-0.72687870409618438,-0.68404925533814986,-0.061024305016741366,0.68667315469860957,-0.72244570794339924,-0.080945522979480808,0.011283977477497247,-0.10074132888484882,0.99484866010202977,-30.908829161905523,0.92165722899272184,0.81375685811997711,,0.1628440722379532,0.125,False,3
0.71011115261327196,-0.70252688145021003,-0.046884238013358677,0.70389496477828573,0.70677366521359741,0.070730931849604328,-0.016553836232921674,-0.08322840260620315,0.99639299651572888,10.350545053261802,-14.375986898914967,-2.7100214498281603,0.1270754680232867,0.1977524645829669,0.4444444444444444,True,5
0.46761811617749754,0.87998229165301245,0.083453363022239865,-0.88384603649894722,0.46417897326000335,0.057914286220164854,0.012226249944711505,-0.10084169356175235,0.99482735771182318,-13.432103264091603,-8.699603655256908,-0.45359268801581687,0.4842718697437938,0.5201450330641372,0.9573033707865168,True,5
0.014489434316242165,-0.9697372000046004,-0.24372078126502397,0.99979100520114517,0.010535208904289703,0.017520139617799226,-0.014422281791710578,-0.24392370180157011,0.96968717919096969,-4.2300418050287254,-10.106600683552115,-1.1564637586515039,,0.419847159827397,0.2692307692307692,False,3
-0.90411196311962327,0.42274837898059719,0.062172069398229293,-0.42721919182793194,-0.89708252661930699,-0.11281268797528241,0.0080820961309199281,-0.12855640203271571,0.99166926503675246,5.2138366587021201,13.833164806428719,-1.4298689389518828,0.2974410335086755,0.2963345228557215,0.1666666666666667,True,5
0.38882908709446712,-0.91568168411469464,-0.10168084581748718,0.9201125964555803,0.38032672713141447,0.093511445680603184,-0.046954774763095675,-0.12991779711180049,0.9904123460057247,-13.785404287388587,16.39542603681916,-0.28050426243773124,,0.270117114240472,0.3684210526315789,False,2
0.98810820062444593,0.14158203899507424,0.059972577839525046,-0.15294082680632343,0.94521137040220171,0.28841735169401778,-0.015852045751851684,-0.29415980605172726,0.95562478052271749,16.718685307654557,-9.7370356520054404,-3.1717137355493983,,0.650687965853715,0.5416666666666666,False,1
0.5324518206673946,-0.84522311348679213,-0.045748738733108363,0.84618474470228811,0.53012150120618873,0.054245477157272001,-0.021597141039960979,-0.067594987880688046,0.99747906299446176,-35.604014627551273,6.7007199240047175,1.0680857791629188,,0.1510818607782564,0.375,False,1
-0.80924532648402792,0.58337872234389088,0.069218984969226793,-0.58727165455510799,-0.80640397604983161,-0.069459564979416549,0.015297232425063494,-0.096860176168709386,0.99518043637960518,-11.609446517252312,12.103423213743858,-0.41033480881334194,,0.07499763821939139,0.3809523809523809,False,3
0.17692852842180978,-0.98269623619539392,-0.054812436525842514,0.9836416501916756,0.17463446877238153,0.044180383936601224,-0.033843756273355084,-0.061732565830319608,0.99751876698000774,-11.130064198510739,-0.97675995522355596,-0.4639993686605674,,0.08055146354374236,0.35625,False,5
0.53769277028141305,0.84175235840146234,0.048367881002549407,-0.84313405274249642,0.5365727038303838,0.034852583981180213,0.0033843600744592802,-0.059520589964552638,0.99822134092452597,-9.3257488020681052,-16.736553139609406,-1.1102579145099765,0.1798559701326581,0.1221318688594486,0.3928571428571428,True,5
0.93327291724653882,-0.35916604613465486,0.001188796927764843,0.35851622550147727,0.93177350038076656,0.057133703191273907,-0.021628175750866091,-0.052895134862988039,0.99836582810186225,-7.0922004031050836,-6.6759799228509129,-0.8796894377116361,0.1067017293791967,0.1225728605860995,0.5136612021857924,True,5
0.63965184140922915,-0.76860886511083804,-0.009270073074834826,0.76835597688370827,0.63900657448988318,0.036051221141427656,-0.021785650526551452,-0.030182946041363595,0.99930694743877346,4.2077293214614517,9.4155988211748998,-1.3694480394148778,0.2495177579289209,0.2178090309616871,0.4166666666666667,True,5
0.21705265493927398,0.95360252612444019,0.20863932312222022,-0.97611101769415121,0.20988743799850462,0.056165331891758402,0.009768629376733437,-0.21584597642650091,0.97637855790701877,22.43802661134421,-17.175183680734786,-3.9122348200751964,,0.2584234437517985,0.1111111111111111,False,1
-0.93054046605119956,-0.35745347254491988,-0.079507584586596292,0.36599865508586227,-0.90086851090006848,-0.23341146189515372,0.011807858254420683,-0.24629847956142784,0.96912209419101192,-23.886139172228695,15.2249789565013,0.29445950252523512,,0.4240452438896748,0.3461538461538461,False,1
0.78315714194315378,-0.60448943663469767,-0.14579921817519309,0.6216983810752541,0.75646188868360509,0.20311704492149746,-0.012490556106101025,-0.24971570228221432,0.9682386348632559,23.13187094100828,-8.2101994229474737,-3.7561932325623344,,0.6147295774514844,0.8421052631578947,False,4
0.040992590970528799,-0.99827966114379174,-0.041920467938217278,0.99899747900197855,0.040194432746255948,0.01970899601444747,-0.017990120433552713,-0.042686364600922344,0.99892653876245718,16.082630389318155,-7.2319704153685489,-3.0515873594015499,0.2193005974416371,0.1820916119756109,0.85,True,4
0.93400625761041289,-0.35013304710192783,-0.070987041575991006,0.35677915087448797,0.9038891529899753,0.23599372154433576,-0.018464783937855462,-0.24574630909575276,0.96915829631693506,-13.501122130397153,9.9567765655632758,-0.25144785724280033,,0.4980527144801983,0.2,False,3
-0.79609114540957793,0.58942293220674002,0.13718416522789564,-0.60444762397084817,-0.78555740171449961,-0.13244862584247524,0.029697778981973198,-0.18836182097328646,0.98165058260216231,-1.948678677785878,-20.342780553152153,-1.8492603308767723,,0.1404472823820933,0.2631578947368421,False,3
0.61340067204489879,-0.78830348005557882,-0.048137707331477195,0.78936551710327107,0.60999017347279827,0.069383489930321493,-0.025331718124763074,-0.080558125591957047,0.99642796651737875,5.4728190467983922,16.666200976475157,-1.5027913065252605,,0.1792966636343406,0.5652173913043478,True,4
0.83970793704503521,-0.54263219553943665,-0.020997162370730231,0.54246659964324528,0.83642288740963633,0.078273505663297757,-0.024911217053108642,-0.077117143239217742,0.99671077925522378,10.056834029708297,12.961516509782914,-1.799007657150572,,0.1786385774147562,0.3157894736842105,False,4
-0.80937673400316557,-0.57217353099621338,-0.13238864332598682,0.58721722612763882,-0.78490311883622121,-0.1977448441303471,0.0092321066572934596,-0.23779096801287247,0.97127247656781168,2.2511135029596629,-17.858456740130883,-2.1172377165873129,,0.1302629572848709,0.34375,False,4
-0.75494078091297001,-0.65545631778302971,-0.021010302064157483,0.65578470426330704,-0.75438288481943772,-0.02920419055187274,0.0032922589208775437,-0.035825669146788239,0.99935263168782562,3.4941875331354697,-24.284015653696429,-2.3932241038875079,,0.07552086583861371,0.4,False,3
-0.48192489420477919,-0.86911362240580614,-0.11130996224225204,0.87616656415393002,-0.47669415725691872,-0.071378093949152191,0.0089748651471998064,-0.13192494754888148,0.99121907770674766,4.8556631398684713,5.008464095363391,-1.6273692744292565,,0.7243382178300752,0.3523809523809524,False,2
-0.81036454945218295,0.58487680458429436,0.035048829515787666,-0.58553512930043294,-0.81055841814539442,-0.011985955479717331,0.021398816469297775,-0.030235314334430601,0.99931372272215502,14.123378231058499,19.78609831607557,-2.0344945437291391,0.2788241633368079,0.322950367610862,0.8846153846153846,True,4
-0.8292783530779142,-0.55563614873954914,-0.059715017627600647,0.55862110861564107,-0.82125215901569637,-0.11613504346703421,0.015487741133395634,-0.12966634692910689,0.99143671928602983,12.375517953352961,-26.031745114528093,-3.3206867681707228,,0.1921971867260679,0.6842105263157895,False,4
0.99788567113397586,0.058510425554805366,0.028296951194252497,-0.060973687528305794,0.99352293821785798,0.095887333178862222,-0.022503261423510439,-0.097409965282558172,0.99498990039545399,-3.2810955816417833,-20.583013005945961,-1.7684008981018653,0.2697842897876456,0.147503425950013,0.6470588235294118,True,4
0.99432017434591313,0.10599023504280584,0.00966752110331719,-0.10641592892292302,0.99156504408470325,0.073989279093468086,-0.0017438349072360707,-0.0745978111265371,0.99721217682845431,8.7281455873360176,2.0747910339364735,-2.112618631695931,,0.8899602720884878,0.6397849462365591,False,2
-0.99834323189196028,-0.054681998548597961,0.017907271435012691,0.05101579295667908,-0.98513180904833719,-0.16405093011059713,0.026611655426097482,-0.16286558210954796,0.98628931960130284,-2.8456564378138287,12.466385657401206,-0.90707653095087626,0.9628503037803667,0.2805723672837883,0.2222222222222222,True,3
-0.11944272617976946,0.97587058918189895,0.18278410306292636,-0.99261072475962109,-0.12133956387104192,-0.00081199246636126654,0.021386543781655835,-0.1815304476096482,0.98315274110166417,18.363305791153785,-15.113184836985198,-3.5147632766079115,,0.1917795357599533,0.3846153846153846,False,3
0.9921466611519556,-0.12453020965153186,0.011714505929513792,0.12350094508169956,0.99015043885995369,0.065951686781827001,-0.019812100568948696,-0.063986993284469093,0.99775405053623267,-27.892386315786982,-4.2277710785002958,0.59862824160786965,,0.07457089745422626,0.5,False,1
0.039040258237789283,-0.97540604434420242,-0.21693064996335049,0.99923654198050738,0.038430736382671714,0.0070293436338089953,0.001480340353873386,-0.21703945990966844,0.97616170865003471,7.2697428486906848,-10.150999177776777,-2.0817723996189152,,0.1910874675046587,0.1739130434782609,False,3
-0.99982454152976263,0.0024585246738742786,0.018569916834205061,-0.0041184929951204839,-0.99594333335147223,-0.089888346120109736,0.018273592155087757,-0.089949054520809008,0.99577871207440627,16.983199123102693,-14.0680827165728,-3.3354801598500807,,0.07692813005506209,0.1666666666666667,False,1
0.52201712165348058,-0.84120585528791558,-0.14096394478710358,0.85201199130487804,0.50659482509270037,0.13205017933343682,-0.039669779093306573,-0.18903542582971752,0.98116864830061989,18.490435621968796,4.6130831197048909,-2.7741662178805742,,0.3085103204542651,0.358974358974359,False,5
