axis_00,axis_01,axis_02,axis_10,axis_11,axis_12,axis_20,axis_21,axis_22,location_x,location_y,location_z,dbh,dbh_approximation,score,reconstructed,number_clusters
-0.12350517494885052,0.98124060548156589,0.14803157066998313,-0.9890266404585506,-0.13390224483303159,0.062421897535613315,0.081072660152023843,-0.13869773964576085,0.98701071969509524,-11.267249951191038,-4.8917416379177574,-1.4366498752075672,0.5023889769400303,0.3564465347254309,0.1486486486486487,True,4
-0.70280248428694225,0.71138074565636766,-0.0024703824587558598,-0.71054664363268472,-0.70213852070414684,-0.04609734228476442,-0.034527312412476849,-0.030642004712199918,0.9989338978354817,-16.181628744407984,6.9258530143537129,-2.6909830381401805,,0.1490494728491332,0.3414634146341464,False,5
-0.28191323106052313,0.94999817347217375,0.13426987954321573,-0.957673983394428,-0.2871121506429572,0.020667715950834293,0.05818480628535775,-0.12276026780970059,0.99072924907101922,-4.2863809580003212,13.547696543309909,-2.5675762002838929,0.2181634446905585,0.2910697861896138,0.6382978723404256,True,5
0.40269556669929818,0.90267551852500527,0.15170098488916756,-0.91320432159163989,0.38490370686616976,0.1338170522281602,0.062403105588452808,-0.19242152867154447,0.97932620087314226,-20.876353235810392,21.815825574627098,-3.9012902967273897,,0.2470045347623695,0.3076923076923077,False,1
-0.53334033708348949,-0.84157211088593531,-0.085466174704743061,0.84328814143585862,-0.5369070335354843,0.024412043211961082,-0.066431885065277793,-0.0590526842668311,0.99604195952156382,-10.760192881985317,1.9599732860091206,-2.0537159342244493,0.192323505339916,0.1309664805910475,0.6179245283018868,True,5
-0.98958593413614149,0.13436954566395737,-0.051618835302272029,-0.13238367346208549,-0.99038499590698659,-0.040151250080202969,-0.056517625220680899,-0.032899621280202275,0.99785939538545954,-0.0096195102388550793,-10.85060377170907,-0.24770287911847091,,0.08166531991314487,0.4117647058823529,False,3
0.61340057931694725,0.77225659494669541,0.1654070157368423,-0.78907050841514881,0.5904390273861071,0.16955673884810779,0.033278552298606115,-0.23452399983942446,0.97154054545151425,2.8671682684586748,-14.089517439569299,0.28092096121003735,,0.5000859031245607,0.2941176470588235,False,2
-0.77039208361605116,-0.63369268355578068,-0.070211254864104691,0.63362371400555606,-0.77320077169240831,0.02610662184331099,-0.070830971696881823,-0.024375181273940019,0.99719046525041433,8.7321025749398213,-3.49020442920586,-0.31444605226253297,,0.08384367054745358,0.4166666666666667,False,2
-0.99845982081687989,0.0069972293201950621,-0.055036578710563444,-0.0024868054662713101,-0.99666218534362083,-0.08159843199872302,-0.055423839752369815,-0.081335890527600985,0.99514454774127403,-5.3255636172212961,3.5683502550282218,-1.8785649364196275,0.3743848734552944,0.4432429011589238,0.6765676567656765,True,4
-0.70380225683742847,-0.70145377131374864,-0.11236098068397024,0.70644360732399081,-0.70773774913536791,-0.0066864130796824191,-0.074831897888610777,-0.084082609132472896,0.99364495766841499,-0.3878121043490082,-14.082657294841345,0.0029700856036928664,,0.3524870620354754,0.4642857142857143,False,6
-0.55963425119315902,0.82730043552301513,0.048821043361467462,-0.82785884578841196,-0.56078393305430485,0.013080973894321283,0.038199952111895696,-0.033096371577184737,0.99872188012833407,-17.784006661296459,5.2113659622165436,-2.6630542411511469,,0.1388194717967748,0.36,False,6
-0.43337121400205825,-0.89161611063569546,-0.131187278839282,0.89901676284104182,-0.4378712164125671,0.0061366088510563348,-0.062914632679482524,-0.11528013312037848,0.99133861011389635,-3.2044458698174458,11.835000843547522,-2.3504869540723536,,0.09886234324411976,0.4054054054054054,False,5
-0.99837861647622461,0.0031361202493088323,-0.056835753824517499,-0.0029373505368361541,-0.99998927604940779,-0.003580468964417903,-0.056846373101922955,-0.0034077171190236549,0.99837712179776705,-10.391926932622384,-11.252609336205092,-0.88031442128922699,,0.2876980602449699,0.3428571428571429,False,1
-0.39905682034716877,-0.88077451967683451,-0.25493116643997871,0.91472585205308876,-0.40165291236093775,-0.044176391633170886,-0.06348440533042661,-0.25082101881624186,0.96594955706797858,-16.049873996091044,0.27112386963359669,-2.2287487029421587,0.2934405664462145,0.2699599969537555,0.417910447761194,True,5
0.50823224317362992,-0.82506387252567959,-0.24692021636883435,0.86121996218120411,0.4870300327726711,0.14526501271145331,0.00040464714014470937,-0.28648098266792971,0.95808584314262335,3.9637812442247031,2.8571303254629199,-1.1094058592507812,0.4549790767365113,0.232329101761733,0.7543859649122807,True,7
-0.92252854059880074,0.38404438769417171,-0.038091994713536574,-0.38451858676751061,-0.92309947706360695,0.0057281650825284462,-0.032962830748644492,0.019931475748298542,0.99925781861516205,-13.510172617769941,-2.7311792548968565,-1.8068911750229999,0.3545318700320944,0.1888687464741338,0.7386759581881533,True,5
0.19735625543645183,0.97698879819687878,0.080891264286828551,-0.9797089992599044,0.19361742532289908,0.051793526434194201,0.03493973682299175,-0.089471676016218638,0.9953763278185741,-18.879643043617033,25.338096985563148,-4.0415832867391721,,0.5288461212043721,0.5535714285714286,False,3
0.24659159072873169,-0.96221622880569868,-0.11546651637948196,0.96865097070505835,0.24101230685379965,0.060235910362160833,-0.03013111903036551,-0.12670042213011523,0.99148329219308007,7.5986738250508807,-7.1936984141251106,-0.038528103991621494,,0.06609921338378937,0.2857142857142857,False,3
-0.98608238049066432,-0.13186442244623739,-0.10125864397069771,0.15389357817431987,-0.95440961767134713,-0.2557714766996842,-0.062915065624767591,-0.26779480164736724,0.96141959556068857,-17.371592271226312,-8.682067477253641,-1.5480858554301222,,0.6184207511597619,0.5416666666666666,False,1
-0.94065547350092915,0.33858867981133139,-0.022912574634107639,-0.33436675784115305,-0.93623460766310795,-0.10799829010083058,-0.058018543790236805,-0.093927979417887456,0.99388700728952817,-5.5475771701386449,-17.772304716119304,-0.025142778910012417,,0.1504365385849077,0.2857142857142857,False,2
0.76573723115815417,-0.6222889550118792,-0.1624898436471221,0.64283318424745928,0.74850016852608936,0.16282811473049391,0.020297537991455426,-0.22913741332798204,0.97318243704089014,-19.478585051084739,4.781191372755071,-2.7392895038989589,,0.1945126387351289,0.2916666666666667,False,3
-0.99794302584767636,-0.03105283433983062,-0.056084210268551121,0.034704401326992929,-0.99725848898066649,-0.065353735046535133,-0.053901036080200027,-0.067165673044053867,0.99628482407091812,-2.7485303874542661,-18.064627903099119,0.22574139402662186,0.4902380195711277,0.3461714784340094,0.6521739130434783,True,5
-0.99506072678664603,-0.07466402574197431,-0.065417377407174196,0.078952942708474624,-0.99471543267975526,-0.065632620139674247,-0.060171279232730301,-0.070473337147663434,0.99569720593500066,0.44149925525832368,6.3249128836085466,-1.6863330620632664,0.6082318799437503,0.6038703122235978,0.3636363636363636,True,3
0.99650951393091636,-0.040337438170458539,-0.073086795845850011,0.063627424129938395,0.93376792328363201,0.35217753526476092,0.054040166022667396,-0.3555985890416572,0.93307518664244016,-13.61660990266771,15.196986991307686,-3.2254360026258158,,0.476003855593975,0.2,False,2
0.66898486586525663,0.74263461894888172,0.030871863919996773,-0.7399610858581569,0.66150816396805889,0.12192022153533921,0.070120187242071016,-0.10440676099878726,0.99205966937421675,-18.066181364134341,-4.8183605913573926,-1.8838616904736789,,0.08866202158347311,0.2631578947368421,False,1
-0.094822551699413643,0.99548196212507634,-0.0049342449088932358,-0.99486167717004925,-0.094584477485438759,0.036111215947462152,0.035481361129609125,0.0083330488067362152,0.99933559593860954,-17.575009601362726,-6.8847577347671036,-1.7043079868278963,0.4020535344480888,0.3686305596996914,0.9364548494983278,True,6
-0.57448123515909078,-0.8121449461740512,-0.10194065358841441,0.81542134706707892,-0.57867489696888152,0.014946249207244681,-0.071129017970137834,-0.074538245364389813,0.99467819558920756,22.649082686007848,-1.1951278256737985,0.63847144302823844,0.2453077656306732,0.1760797187637998,0.782608695652174,True,5
-0.93871570751213773,0.34379880604314805,0.024803254489936144,-0.34231173954224725,-0.92137335792918662,-0.18410271119637489,-0.040441234421655543,-0.18131055198636689,0.98259401092050802,-1.7960302412570144,-11.290671505386886,-0.34349519425570563,0.7789746802594036,0.3817271355095115,0.3917525773195876,True,4
-0.98991112651840418,-0.12158586614187607,-0.072751898597866502,0.12582924778476587,-0.99041943980354119,-0.056888783263136136,-0.065138022667137099,-0.065469156201755502,0.99572628145954145,5.2696984403986189,2.4683667793149633,-0.980577538342706,,0.08892977722960982,0.1111111111111111,False,3
0.032659944974359943,0.99380495716175188,0.10623104590937615,-0.9984376765409253,0.027620064530768967,0.048573018218708741,0.0453379979468728,-0.10765147075653142,0.99315438215119656,-6.2548205357063384,7.05617873441948,-2.2009978307048979,0.1957221696358364,0.1076721506457364,0.36,True,5
-0.14313418787487542,-0.9634311562952329,-0.22652375447407608,0.9885309783215499,-0.15030648100032729,0.014644680533852837,-0.048157129898284627,-0.22182959416842879,0.97389553956830022,3.9403069295793718,8.8911100904840801,-1.6978550142628694,,0.2167811670577814,0.1818181818181818,False,6
-0.43912850840259493,-0.89146865488386062,-0.11157862908134793,0.89540409458215198,-0.44443877069445992,0.026938569173485492,-0.07360475877027034,-0.088078467647649261,0.99339041822599283,-7.956716602378811,7.6084778583238748,-2.3507538570445465,,0.07804378179710408,0.2903225806451613,False,5
-0.69633045593261678,-0.65515017621482052,-0.2930906732503864,0.71424345098966846,-0.67269667694006119,-0.19322389487889202,-0.070570453158840057,-0.34388577673333598,0.93635590653419132,6.7439152473200874,13.068259922051322,-1.7678390609242833,,0.1257065826404304,0.25,False,1
0.83818895945349881,-0.51590731091058173,-0.17685845978995052,0.54348746602996512,0.81713306835209665,0.19213256588568098,0.045394300507756329,-0.25716375163405247,0.96530107341021387,-5.7882255349375118,28.074802607959828,-3.4580488808221097,,0.2585309670733249,0.2222222222222222,False,5
-0.94016374274863701,0.33975209227582814,-0.025703163522650715,-0.33575826715956986,-0.93665557868080274,-0.099713153395796617,-0.057952763996878195,-0.085116641852976849,0.99468418828530425,-6.7042603912206822,-9.1650542735539453,-0.86752524869365277,,0.2731928634613396,0.40625,False,3
-0.080030004171253041,0.99408199659447738,0.073458712751358526,-0.9939119139634448,-0.085180278608494656,0.06988152415124857,0.075725198671720492,-0.067418871118675713,0.9948469179241658,-4.4908473924962795,14.640426825594959,-2.6204767538049705,,0.1633868997034069,0.2380952380952381,False,3
-0.67581710959715668,0.73472473920654768,0.058743441962618853,-0.73703846449857369,-0.67290944224956084,-0.06298558867685955,-0.0067480534474912077,-0.085862914749360295,0.99628410789564148,-11.850583103317316,-6.72331578268171,-1.3326270906546802,,0.09112811546634948,0.2702702702702703,False,1
-0.807508108666947,0.5889885969248202,0.031985733220634291,-0.58865447881125244,-0.8012168676257323,-0.10741245555084386,-0.037637202507392206,-0.10556497394752279,0.99369989295706174,-21.133859949780234,5.9454344356370177,-2.91848847671405,,0.4059574568780844,0.3448275862068966,False,5
-0.98841897705322723,0.14431948612623577,-0.046902150540375914,-0.14291373741657051,-0.98921527173980028,-0.032075065305961055,-0.051025380534400713,-0.025000641612033733,0.99838438412282238,-10.935206620514576,9.2957295954227153,-2.6128063491694671,,0.1000062685279967,0.5660377358490566,False,5
0.9804160697931914,0.18831023463597474,-0.057650547461539539,-0.18376834268273931,0.98002900472731969,0.075975957518266996,0.070806259037675456,-0.063893704107074109,0.9954416448273431,-2.0635643215708139,3.6180990813487477,-1.6015810365631344,0.6636294260672521,0.595284901503353,0.718978102189781,True,5
-0.98533809901224589,0.16665364351497244,-0.036543039530384104,-0.16413380114184886,-0.98438561939491687,-0.063600689078147199,-0.046571729167626218,-0.05667023408873164,0.99730615089383001,-13.976174024631197,5.1095472491873393,-2.4702237335052133,0.4057869895559221,0.170282138315734,0.2647058823529412,True,4
-0.20476583310947397,-0.96540158635251494,-0.16146433246705005,0.97688489188045413,-0.21190671827344684,0.028132734781587107,-0.061374763597884109,-0.15197144408942437,0.98647748001395263,15.282958102530234,6.5858784329231703,-0.63249445913276436,0.2105206271531244,0.176611507389126,0.7307692307692307,True,5
-0.7570967907717171,0.65116653126427937,0.052788236989047804,-0.65313030084435875,-0.7525657374230853,-0.084057248205042123,-0.015008648244370537,-0.098117069962839226,0.99506169711218551,4.7595204714921024,4.5845399935334541,-1.254186175999233,0.5418790110064802,0.4199989387183883,0.6811594202898551,True,1
-0.56995465306462678,0.82164665835367678,0.0069614844837781326,-0.82165573139684289,-0.56986030915827268,-0.011878009461091646,-0.0057924530814729772,-0.012489870386621311,0.999905220820966,-17.595347882136188,18.396102609747231,-3.5520115449190142,0.233894098604256,0.248858218781639,0.7222222222222222,True,5
-0.9897142383190094,0.14040651769657533,-0.027417809120061247,-0.13942583168759634,-0.98961719541392656,-0.034903352264447539,-0.032033793513177353,-0.030721593861571472,0.99901452429069293,-3.0339258075397622,-12.129811351190664,-0.34959014047634029,,0.1206338022670884,0.3142857142857143,False,2
-0.081763388167840678,0.96193778540426988,0.26074977539174138,-0.9959145219003589,-0.088918347950033227,0.015741425152010546,0.038327710906007922,-0.25839741563987334,0.96527807504746543,-6.5836607826985789,9.9313887201740716,-2.4286173772510593,,0.2520769444282951,0.2424242424242424,False,1
-0.038128866356565649,-0.98341058627488054,-0.17734093817519503,0.99740452113046629,-0.0483006981756713,0.053397226372233479,-0.06107708882116112,-0.17484467780929985,0.98269981574379761,-4.618881724413475,-10.110757212249144,-0.62341710570126962,,0.1363656998340342,0.1621621621621622,False,5
0.33922627698077618,0.93877389088532626,0.060242134737975836,-0.93798134642120812,0.33268041974694174,0.097543488162243216,0.071529901241514149,-0.089595312985810555,0.99340633837285086,-7.9438455366891132,-14.598497749340813,-0.44379680601197391,0.9351252680281795,0.7040895375838423,0.8125,True,4
-0.8544781419526376,-0.50783743009853421,-0.10939949504491811,0.51306871301868984,-0.85799711701588721,-0.024524333095320712,-0.081410077057525509,-0.077084964703507924,0.99369527903182953,-1.688964128602358,13.7007386395751,-2.3571506534123299,0.2057047932517617,0.1576175113201806,0.2894736842105263,True,6
-0.29413317433494129,0.94974500063694167,0.10709859719335751,-0.95548423599479204,-0.2949082234727568,-0.0088890097080636735,0.023141964503870776,-0.10494557395753619,0.99420866823098231,-11.795470346459533,-5.969935122256615,-1.3798197494293314,0.6705147604161761,0.3478191006274952,0.2195121951219512,True,4
-0.83998188004098484,-0.50711705550335218,-0.19303557501254043,0.53542763095295076,-0.83234201619225934,-0.14326206787951726,-0.088020981674387794,-0.22369412173460135,0.97067669524227373,-4.1151060339358816,-15.979448664250903,-0.11841849888829178,0.8444476665232171,0.6980256801143057,1.0,True,4
-0.63393601421162216,0.77253455732926202,-0.036269651467362329,-0.77335888965407562,-0.63360574333199848,0.021442709943514167,-0.0064154250442181315,0.041642763462426909,0.99911196698503979,1.2532462823920372,7.980458452614088,-1.7868196830360457,,0.07433970992597969,0.1764705882352941,False,5
-0.86016210344415467,-0.49766075442518382,-0.1116016545732364,0.50500323745082187,-0.86167763671918851,-0.049833528293942012,-0.071364458680185622,-0.099224109383713677,0.99250274062810173,-8.2716079026024794,-13.299287688356753,-0.57109179685996891,,0.8043526114541012,0.7480314960629921,False,4
0.63607087597312117,-0.76634249963498391,-0.090183224559725009,0.77161346307867873,0.6324774636167807,0.067712049242444519,0.0051482360584553938,-0.11265625268970844,0.99362068436370521,12.342658383418414,4.2258546557557191,-0.64068000623359644,0.2411258728669923,0.2186039179247893,0.5714285714285714,True,5
-0.54163857873608723,0.83296843523500919,0.11309834626064466,-0.84055308550585417,-0.53826233981297633,-0.061189574158097657,0.0099075966480656266,-0.12820779789545272,0.99169783708923109,-18.85417724563575,14.682285416604831,-3.3841897112941344,,0.2773061814929535,0.3333333333333333,False,3
0.9326367088182953,0.36003413125911038,-0.023752761798929475,-0.35071297424221176,0.92002362348575006,0.17480544020805891,0.084789026782719837,-0.15469956870220797,0.98431644524542561,-23.725070860581976,9.2062257566323673,-3.2505979080426233,,0.4550744680486566,0.7857142857142857,False,3
-0.53848719261923195,0.84211414958168895,-0.029585510970183346,-0.84245336501034795,-0.53876635735073353,-0.0017719959828528462,-0.017431900865928128,0.023970216130242562,0.99956068228540773,-14.881360866136744,-11.933297047038188,-1.1539371286724065,0.302662339276976,0.3067290661312351,0.5106382978723404,True,2
0.89642473857351801,0.44304673133624572,-0.01150138798879826,-0.43866587847173855,0.890664096490978,0.11953959296621797,0.063205499270383297,-0.10211298190817622,0.99276281345938955,-17.386036533584868,11.37052809120987,-3.0825077557607723,0.9479281829787183,0.8524180586403309,0.6086956521739131,True,3
0.76343708161221835,-0.64199935864765201,-0.070715245282912106,0.6456476596593087,0.76152230265462029,0.056770433643425884,0.01740465443140099,-0.088997786801743334,0.99587974773489329,1.6128372270748874,12.313423258536785,-2.0461172577019462,0.2772016590987919,0.2295551222888281,0.6818181818181818,True,5
0.9322534228303897,-0.34197333084703063,-0.11814311918351619,0.36032773995486772,0.90703859377499374,0.21781852359636342,0.032672242653977071,-0.2456323073051867,0.96881231111494981,-8.0847371336930909,-5.9834087833702698,-1.1959146224021184,0.6994594743975656,0.3387003385530281,0.2839506172839506,True,5
-0.60048061575274636,0.79604047914056475,0.075779850058322551,-0.79920650920166925,-0.59433700947887314,-0.089624074965332617,-0.026305622115512454,-0.11438126915439115,0.99308858593367511,7.3183367444847303,6.5910597675211093,-1.2584335376519322,0.5180471762937646,0.3746277255219371,0.28125,True,5
-0.89932521312557967,0.43719464164893868,-0.0086606206524498588,-0.43679341747696671,-0.89908190359111129,-0.029380964650178653,-0.020631807614020108,-0.022640140203601902,0.99953076619288639,3.9740232618201481,16.939473719763519,-2.1796198948701559,0.4688071241374506,0.3856261339446936,0.5,True,5
0.66054031388340662,0.7486612505701965,0.056505093836578757,-0.73734660314926226,0.63269391020818988,0.23668207116238485,0.14144426661782949,-0.19800188857720818,0.96994266405845031,1.8679264275482506,-9.5415970327171848,-0.2448904449352306,0.7905101119199678,0.3187975232486496,0.2222222222222222,True,4
-0.9930834532515338,0.1077420092458572,-0.046657414434089092,-0.10795131886328521,-0.99415420461856063,0.0019824719202722954,-0.046171069228316763,0.0070054894834690193,0.99890898258220262,-17.346941089926698,7.4655000348358111,-2.8014465223856653,,0.1293333132337318,0.3783783783783784,False,3
-0.038634605249584189,-0.9915417550280694,-0.12390446042441475,0.99821513237960102,-0.043947691023184181,0.040436987302556182,-0.045540276301150831,-0.12212104032306345,0.99146988594955743,27.450156043111757,0.87541202464972645,0.92596695832560638,0.7499492687321723,0.61759904268526,0.9878048780487805,True,5
-0.53326710377764464,0.83823441825821565,0.11397041754733235,-0.8437850152820171,-0.51742918453520481,-0.1424566143664753,-0.06044041705786439,-0.17213395666905285,0.98321760406703851,-18.576049762854257,0.12921096730324763,-2.3551821858002397,,0.2697707758811345,0.1290322580645161,False,2
0.56595161747077982,-0.80084229174492583,-0.195832557137328,0.82443187376271765,0.54880005506363783,0.1383133583073024,-0.0032942687055385056,-0.23972927087630488,0.97083419000301618,-36.144560771855915,6.5376561870871042,-3.82623985580764,,0.3290005043723073,0.7222222222222222,False,1
0.73787323520360837,-0.66865694771730255,-0.091874779126488865,0.67462515544496493,0.7348176310951241,0.070170853440780376,0.020590978874683915,-0.11375823179502623,0.99329506003395185,-20.06852566560022,-7.6352067688026288,-1.8181472881198255,,0.1222771580552554,0.391304347826087,False,3
0.95399880590035069,0.29662550824900114,-0.043584242527856212,-0.29183651771488317,0.95206548347695541,0.091666581150615267,0.068685699157509855,-0.074730335392084069,0.99483548976875102,-4.0652255895326617,18.596762597852877,-2.8342307991292408,0.2229947556905176,0.2204027394262185,0.7313432835820896,True,5
-0.74428660895261878,-0.65875275070698225,-0.10991932118510879,0.66396748454192001,-0.7476020100727292,-0.015440660811289465,-0.072004327681646857,-0.08447513226505432,0.99382057174517924,-19.403678250946534,2.7645646429759023,-2.5650505838142768,,0.07542581011228305,0.1818181818181818,False,3
-0.38756721015967188,-0.90893708442070764,-0.15370437265683451,0.919766038902604,-0.39246364341029893,0.001649934097563234,-0.061823064389121093,-0.14073260164544654,0.98811550111494639,-11.037507546811865,-7.2471416645690798,-1.252659912816434,,0.07616888054619522,0.2368421052631579,False,1
-0.18927162893803531,-0.96462094828579636,-0.18352840817528668,0.97843757180196778,-0.20101402105353716,0.047468741569147432,-0.082681125811233575,-0.1705866040112767,0.981867629554253,-13.21252320414105,-5.3073369034980269,-1.5125687500127902,,0.09129800029644686,0.16,False,2
-0.95575287983837198,-0.27754457301448698,-0.097495859762684656,0.28916452023822981,-0.94727284679483548,-0.13805083831908888,-0.054039919652544857,-0.16013482980106106,0.98561479461731494,-25.126377317447769,6.6879514700786427,-3.1646867640401375,,0.3148841018222072,0.55,False,5
-0.87278681112456868,0.48578597957546898,0.047488570992461995,-0.48731497962444537,-0.86172485083313055,-0.14126001589354029,-0.027700053440931967,-0.14643177081671474,0.98883286936410475,-8.4615278545371488,10.332144396514915,-2.570091682023707,,0.08449623745668777,0.2894736842105263,False,5
0.74032269948155782,-0.63961311666331244,-0.20692356469137013,0.67211939083806871,0.71034643530816677,0.20895804914969174,0.013335107491253634,-0.29377372727530521,0.95578196889822742,-5.4180745726255184,7.3821218163002209,-2.1684599807717193,0.2958580693865105,0.1283292607095116,0.7777777777777778,True,5
-0.99658324917443208,-0.057786913628099519,-0.059012711158434733,0.05788436782777124,-0.99832329261710984,5.8131834809758975e-05,-0.05891712336926825,-0.0033579802663936727,0.99825722964695807,-2.9509766077428976,-7.4732122001394279,-0.73836955341449806,,0.07656920129452689,0.2528735632183908,False,5
0.11208118562921121,-0.98831511961691076,-0.10330068811273069,0.99290975163010087,0.10724279580021359,0.051275801961619627,-0.039598395747855959,-0.10831531325517681,0.99332761965457872,-2.6824495392061962,-14.715056456414789,-0.12512939375519877,,0.0730990243159191,0.1428571428571428,False,3
-0.31327360843757485,0.94966288819778144,0.00021221769209370245,-0.94881285238229862,-0.31300263705731052,0.042231745752878871,0.040172346342568881,0.013028736508861188,0.99910781931396941,-0.25954919344474559,8.4606002210959002,-1.9194166607897949,0.4424891654437926,0.2375186862795802,0.5087719298245614,True,5
-0.50639212364599329,0.86196958857628792,0.023988444695855954,-0.86151161877634574,-0.50692319958740861,0.028750659704175494,0.036942493454853918,-0.0061072161980329845,0.99929873115482803,-4.4822488029383907,-14.34491375924531,-0.24578950410464648,0.3034820783130994,0.1447525004611144,0.2608695652173913,True,6
-0.57281397358766861,-0.80334328645550113,-0.16286103207820901,0.81705283870788592,-0.57550188583191653,-0.034960522926464725,-0.065641529705592533,-0.15309194463060785,0.98602943468596704,19.388407078779895,2.7052317720357459,-0.039161651222980702,0.5011564311050705,0.341194550316902,0.6923076923076923,True,5
0.95726038703334249,-0.27452183891897219,-0.091051147018156212,0.28575199138800861,0.94632736067759593,0.15103087714359256,0.044702917517355126,-0.17059392248706112,0.98432685769307116,-7.5500295319178949,-10.874361610203833,-0.74768921557068369,,0.2529046287027925,0.1842105263157895,False,4
0.65158576047743522,-0.75315498654006829,-0.09051830197740296,0.75856200651327765,0.64761695763909466,0.07194413424896913,0.0044361038753433224,-0.1155415182006588,0.99329274564666714,-21.987771887048591,-8.3719301878559857,-1.8606516858598234,,0.2330804941844174,0.8928571428571429,False,1
-0.16909817203991501,-0.98045475503176016,-0.10056978447013276,0.98394992798666137,-0.17383467970275807,0.040299421182964014,-0.056994275395005706,-0.092141073730715423,0.99411351218256128,7.8763892595618437,-5.2111641309369467,-0.23004217352124151,0.2005014510719121,0.1710184139960767,0.4444444444444444,True,4
0.8353517598553698,0.54965212358537829,-0.0083654255493461407,-0.54192480921454411,0.82597016991359873,0.15521204711839123,0.092222223267050513,-0.12512322506627471,0.98784575723373802,2.4294379197149776,-12.704770337083204,0.10052145530185036,0.8229154055452522,0.5853380092432771,0.4074074074074074,True,5
0.87425540432442927,-0.47317090383338406,-0.10856695526276869,0.4846011137957959,0.86393987688301244,0.13700237092561773,0.028969786285088776,-0.1723867306287373,0.98460325338977639,-11.751882457703353,-12.637458458765028,-0.85586103908656164,,0.4095812755859177,0.2647058823529412,False,1
-0.99823608807857767,0.017446006490007104,-0.056748121688113676,-0.018515959477355685,-0.99965954417051517,0.018383552252782001,-0.056408081887361218,0.019401871207398381,0.99821926233239988,-6.0458341574258982,4.717903896860455,-2.0159874657966355,,0.07369831885199485,0.4217687074829932,False,5
0.092981943906862707,-0.98664286651111732,-0.13375429738900818,0.9927936162219676,0.081673298551724852,0.087694400577176049,-0.075598900099210484,-0.14094440842547479,0.9871268814278048,-5.301576783059093,-3.7138788213623579,-1.2217733799274635,0.5309897976106573,0.6372995527561285,0.9484386347131445,True,3
-0.89318736615865746,-0.44458967143381334,-0.067500762876688908,0.44405196241973605,-0.8956901841169973,0.023599761601369958,-0.07095198098532865,-0.0088948373135231233,0.99744007251735389,1.0507207267455292,-13.57361497364341,0.059601667132495532,,0.08351534582084821,0.3684210526315789,False,2
0.70249811795458583,-0.66292773555252837,-0.25888841554898162,0.71149908464120337,0.64587049683653885,0.27680381838199536,-0.016292538936424447,-0.37865303214330659,0.92539528549895134,-1.840220056009048,-6.4022385393110683,-0.77870281601824443,,0.3419214173672304,0.2,False,2
0.78031849104160567,-0.58443801384563965,-0.2225651826111078,0.6220455922277851,0.7620537963376256,0.17981460640725755,0.064516150912278622,-0.27875835316556313,0.95819175889374442,0.85679692641045091,-6.7012549983078316,-0.56860720601320969,0.5524915739476306,0.3831202322637529,0.171875,True,4
-0.7440224655288642,-0.65970680638367474,-0.10591270178502417,0.66435675310150921,-0.74731694160128204,-0.012144686250660414,-0.071138424193757988,-0.079399738077397891,0.99430126530969987,-13.427400395095205,-9.3585026551245178,-1.233257983504632,0.6207703329025287,0.6423759161817578,0.7142857142857143,True,1
0.99106428641220889,0.12863059532560989,-0.035295185853566183,-0.11827681185547316,0.96980890207929704,0.2132634268341691,0.061661786996190578,-0.20718316387662192,0.97635698421761119,-5.9810181313104929,-21.566339736018236,0.2804219010447413,,0.3167295888077825,0.4545454545454545,False,1
-0.98194385034311515,-0.17628528842992508,-0.068627777586884181,0.17677652572510236,-0.98425039567285211,-0.001103888760394689,-0.067352317895518557,-0.013215736869776883,0.99764172405382523,-1.8754446040036801,10.258511771145068,-2.1411065498350017,0.2471924176059264,0.1332621467426335,0.5921052631578947,True,7
0.20115503379801566,-0.94710211040154313,-0.2500684803222164,0.97907547001382111,0.18637008240799705,0.0817154599843396,-0.030787601318306781,-0.26127339102208613,0.96477372411819207,-21.004479817933561,-10.706231246138934,-1.6288933189496813,,0.3145155546196058,0.4,False,1
0.90848158200092655,-0.4032403864640805,-0.1098107731026101,0.41781733335210991,0.8822957663839236,0.21675529191126339,0.009481092533346093,-0.24279903489368324,0.97003027660948293,10.254336130830968,-15.792309087101813,1.0475850758694525,,0.662233393028508,0.52,False,3
-0.72423279753500358,0.6828233783896358,0.096120179458783372,-0.68953784235658944,-0.71814259567483729,-0.093855081032559809,0.0049415516635763421,-0.1342514290500228,0.99093498014006187,-3.4335454171658144,4.9522107086321503,-1.8650913973533549,0.2103098391204676,0.2266055303583265,0.2264957264957265,True,7
0.99473118499978996,0.090943456080077631,-0.047319735683164138,-0.080714777138265123,0.97933611333765347,0.18543435998816166,0.063205967601435736,-0.18063793873079351,0.98151665332313975,-10.27348533892971,-12.707339951992898,-0.75237745493324082,,0.2598125187975743,0.3333333333333333,False,2
-0.13466691025603081,0.9653276213556885,0.22362335908813893,-0.99027029841366654,-0.13909676328939313,0.0041020143981351995,0.035065073246780425,-0.22089516493165523,0.97466700300564968,-16.622183038682614,13.680491225698439,-3.2231516889610616,,0.6313186532173758,0.4523809523809524,False,1
0.93908966167929064,-0.32779729932518764,-0.10324503805117816,0.34313839059002904,0.91105793323075057,0.22853771505070705,0.019148165195665555,-0.25004474170121416,0.96804492401810194,-15.892446163489215,5.7253702607038681,-2.5871510593707838,0.6804886324370589,0.2727012559372503,0.1090909090909091,True,4
0.30828385214705095,0.94770978653400406,0.082505921078711159,-0.94963060305324209,0.30145771763655493,0.085585993141950617,0.056238636630968786,-0.10473492724507136,0.99290876255820115,-9.9942412414509683,-15.312318963670986,-0.52740153927744859,,0.5117442751972939,0.7959183673469388,False,3
0.95064950559454209,-0.28714427584279523,-0.11753162282369403,0.30700176460170209,0.92535503977619149,0.22241395390632646,0.044893585781214801,-0.24752013092175201,0.96784211044166957,-9.3528138208151166,-4.8707562140312826,-1.3605277471147048,0.3773235816905966,0.1866038127309592,0.3934426229508197,True,4
0.48047583757703677,0.87169776765835094,0.096363745070912471,-0.8745829098765715,0.46808054587918002,0.12651219831019173,0.065174406452789907,-0.14506413901752438,0.98727336250636777,-11.951568483716175,14.063897125468836,-3.0737504350715943,,0.06323151823752499,0.6,False,1
0.89402213107023587,-0.43862585735061621,-0.091278619731412214,0.44689811649709266,0.8875004805930381,0.11236089363510246,0.031725425576119265,-0.14124536881103283,0.98946614048255876,-14.805097832376783,-14.295877085297938,-0.93823269515972774,,0.4627235248543189,0.7105263157894737,False,1
-0.98839509943848303,0.1513463713322897,-0.013015501931971193,-0.14873140514894145,-0.98160937375695267,-0.11967458575197135,-0.030888452994830437,-0.11634996019351801,0.99272785305669431,-6.6382096730325086,-12.931089043639432,-0.50995581911609145,0.9257081957169323,0.8027275682476483,0.6944444444444444,True,3
0.74675367159202133,-0.657676075122819,-0.099101635581250208,0.66507116067681038,0.73978925458591482,0.10194218967246127,0.0062693859216877493,-0.14203534422903311,0.98984173269765929,-8.1028244174198765,-12.081030052911759,-0.67134740860700803,,0.151579387047045,0.5172413793103449,False,3
0.94554462892864533,0.32461169501552034,-0.023929107031832375,-0.31845021245416077,0.93779361970060759,0.13832060235818938,0.067341049086644955,-0.12316807341183557,0.99009838339425982,10.558769237958249,-3.3982602016465795,-0.20929143529281444,,0.1828069484860819,0.4705882352941176,False,2
-0.044316467476169477,-0.97802168011037516,-0.20373915663051173,0.99790246993235243,-0.05296963520566348,0.037213952344372581,-0.047188040999218459,-0.20166261671479296,0.9783176773453488,-0.76521630979381716,7.3094749897455573,-1.8758431353005185,,0.0816557470796185,0.2745098039215687,True,5
0.896309601152944,0.44138244362053553,-0.042551584513586913,-0.43769266201453028,0.89601716918467733,0.074688460587384473,0.071093125544502464,-0.048319468021117813,0.99629864825285763,-14.127335106341944,7.9564808837475383,-2.6762630718721372,0.1118995899342381,0.104844194784898,0.5,True,5
-0.9901028568040543,0.13549711454788596,-0.036563163124213219,-0.12990408541358311,-0.98340617175454015,-0.12663818518890937,-0.053115548959897341,-0.12063512467054141,0.99127488879443115,-14.364970736152005,-5.4603991206076135,-1.5892993998991611,0.6624207637309893,0.2882038443019128,0.5537190082644629,True,3
0.65150310028847092,-0.73070958948784936,-0.20397844529510512,0.75856823017002262,0.62359877365232286,0.1889412863194215,-0.010860501426235757,-0.27782740204993561,0.96056961443663902,-17.0144339068482,-4.5046375599259187,-1.8449907128208018,,0.3199398886960361,0.2592592592592592,False,2
-0.36532826701005716,-0.92151796866209124,-0.13168101896750958,0.92865114071416954,-0.37056957289995973,0.016889360290248897,-0.064360827944493854,-0.11611556774883683,0.99114825266085438,1.1930347214263564,-11.143728710542508,-0.14801392811100292,,0.315608848055707,0.6707317073170732,False,3
-0.30033653348414729,0.95350688389163463,-0.024951733927545384,-0.95346863301446871,-0.30084226180120061,-0.019786343064312022,-0.026372950389487521,0.017848133952973855,0.99949282718894539,-6.9586682749960564,5.2282142868629338,-2.1097282229612526,0.2389980866031338,0.147348359159771,0.3247863247863248,True,7
0.39571646313568865,0.91781454067119428,0.032014836184253756,-0.91626822534003938,0.3922110303632142,0.081382104259102209,0.062137106752687514,-0.061538415595050112,0.99616866211021449,-1.092548219231946,-10.223238369438199,-0.37299969003727385,,0.7250106395391687,0.5,False,1
-0.99780788591434089,0.050488114881568943,-0.042782859451658752,-0.040839018905092749,-0.97848443164331134,-0.20223845224520659,-0.052073000125058645,-0.20004791247941756,0.97840136721623805,-2.0778163793168107,-12.569889106125087,-0.2421679412599447,0.3889904696620232,0.2629256346173908,0.3823529411764706,True,5
0.3542585037688738,-0.92485775194471276,-0.13834395966290475,0.93465411861327041,0.34537047704620744,0.084503917921752575,-0.030374184214393921,-0.15923998320976984,0.98677253543086751,4.194181121366487,5.2187610388222323,-1.3686418347630311,0.2207481535718773,0.2067564756165305,0.4736842105263158,True,5
-0.3852275919466715,0.92131149961977277,0.052771422866322554,-0.92248476798669765,-0.38600173999230425,0.004950712619852804,0.024931009516253273,-0.046773682678201547,0.99859434575468176,10.418185752761655,12.868237899553963,-1.5542033961805726,,0.07900878712938011,0.3,False,4
-0.56578418114218687,0.82393238425442505,0.03199510190767621,-0.82454673144163027,-0.56550923611868642,-0.017944122530323715,0.0033087819795863324,-0.036533957372250521,0.99932693445165044,-10.840673989186765,-10.3065004227771,-0.99494230281098861,,0.1431690195507654,0.1481481481481481,False,1
-0.32628156355896221,0.94358088831622922,0.056528298098148994,-0.94518673035370671,-0.32647419513378323,-0.0060534845350446245,0.012743078308889801,-0.055404937650923421,0.99838264550176814,-17.094443997309412,1.8249603776840715,-2.3944567202288147,0.6409611201102887,0.4833921833636608,0.2432432432432433,True,3
-0.23965267186903902,-0.92062553269549374,-0.30824539804378026,0.96970407929571512,-0.24246238218742514,-0.029765614746679638,-0.047334928575835239,-0.30604022901105166,0.95084109227756008,-16.020337059916184,13.701813938136613,-3.1821456013958662,,0.7303291659943851,0.5285714285714286,False,4
0.51959815569016388,0.85355505050490332,0.038229992949935718,-0.85145932444858174,0.51356881058197534,0.10613244370587253,0.070956151339719054,-0.087697505979287854,0.99361681348096542,-22.389061626620034,10.376516767934142,-3.2674252361526328,,0.5811412677659391,0.8545454545454545,False,2
-0.93294861253654371,0.35994249854158911,-0.0069486768363500387,-0.35807957159969755,-0.92977016754988639,-0.085477809618831904,-0.037227768790447834,-0.077258224661807165,0.99631584347183333,-13.286689183736891,4.0431685566886797,-2.3528162654180615,,0.099531512113421,0.2698412698412698,False,5
0.98465364408054434,-0.14877613262768824,-0.091229729580076746,0.16736574022055195,0.95313332801060713,0.25204279008900843,0.049456144202031385,-0.26344358294665998,0.96340623228464473,0.88596329958679143,-8.2273749613461984,-0.45095068843052843,,0.09347544386918509,0.2068965517241379,False,3
0.1916187034064562,0.98145149150362732,0.005936525089043021,-0.97766609814787597,0.19034068093217196,0.089103455121469805,0.086320756699273749,-0.022877827859773062,0.99600468470548975,-8.9048591837878845,-10.751813655124831,-0.84445885980055968,,0.1156858981527948,0.4285714285714285,False,3
-0.86875243550998427,-0.49059050103004848,-0.067750764531152627,0.49000472181838173,-0.87132728262036363,0.02615605392834805,-0.071865001156058622,-0.010475058973487255,0.99735936088670707,7.1208878516894147,8.8414216789120061,-1.460345144281149,0.1338809576736505,0.1271687455314419,0.5333333333333333,True,4
-0.55933620019384567,-0.81461656835257146,-0.15343683299061639,0.82567322668265286,-0.56392304999021581,-0.015953571048166849,-0.073530523540681153,-0.13561209479693376,0.98802966648406909,-7.5143606728331092,9.3945325899811678,-2.4715622495587319,0.6019961025378129,0.4589140828756294,0.7,True,5
0.97158907856666676,-0.22605040891447462,-0.070113301445398873,0.23197668061898519,0.96828776803921235,0.092766469775653851,0.046919953740086957,-0.10639553982775204,0.99321624384913698,-4.1528896403493016,5.6802285526582077,-1.9901391998844564,,0.1005555892354312,0.3814432989690721,False,5
-0.38220890429976634,0.90750694880256388,0.17420531377955506,-0.92165841299266971,-0.3880012972308573,-0.00087355996138248695,0.06679912599582559,-0.16089167542863492,0.98470896489468462,-9.1040990178387808,-9.5796182111665988,-0.96757118592785851,,0.4505936618853596,0.2068965517241379,False,3
0.032429577698605473,-0.96973271572176289,-0.24200574900027444,0.99851304423997533,0.020818931373788787,0.050381272106508168,-0.043818066740862208,-0.24327974053617218,0.96896591522702458,-0.90507094042392222,-17.076975767787953,0.26282307623492623,,0.3868200573077539,0.631578947368421,False,4
0.34738284874230102,-0.90852394216185905,-0.23218398506003393,0.93770921837092702,0.33792200003317513,0.080685461365499089,0.0051554031722279361,-0.24574980857012552,0.96931958270009055,-18.614383683778964,3.6887583999317952,-2.6008392520394654,0.6537409205321155,0.5872855200906195,0.7592592592592593,True,3
-0.95556478982660553,0.29445257544990916,-0.013914497998515386,-0.29178330502416894,-0.95150738184820516,-0.097448474577834746,-0.041933701873407891,-0.089058312915132942,0.99514329699189696,-8.9426570422351102,-15.938767605328682,-0.43057696973554194,,0.08922102097584766,0.1363636363636364,False,1
0.99038929199299719,-0.12356982027687094,-0.062125275229581715,0.12857467099061734,0.98810836788572021,0.084323231045019403,0.050966697806155092,-0.091500561916083717,0.9944998958691631,4.9391187913400172,-4.107174656620324,-0.51939115563350091,,0.1002082021884392,0.28,False,1
0.41219515358026226,-0.89056530519190147,-0.19232418608536606,0.9110798462437717,0.40414049736528901,0.081264827310229881,0.0053543564850121635,-0.20871965786142757,0.97796085570376456,7.504289048133491,12.949337083007801,-1.7289523814563026,,0.3718896571280742,0.3571428571428572,False,4
-0.37731386377641357,-0.89224640901831176,-0.24805361072970031,0.92404626334239515,-0.38049170422472389,-0.036940035451020724,-0.061422727105457528,-0.24315099960743083,0.96804175528994429,-13.490809424574199,-6.875535617440903,-1.4161420457932612,,0.1499815533904249,0.1818181818181818,False,1
