axis_00,axis_01,axis_02,axis_10,axis_11,axis_12,axis_20,axis_21,axis_22,location_x,location_y,location_z,dbh,dbh_approximation,score,reconstructed,number_clusters
0.25327174310940315,-0.96571128732781519,-0.057053778752841289,0.96015644591232485,0.24373773272539817,0.13671692294260493,-0.11812291697776674,-0.089407086819423789,0.98896579784698668,4.8966825860275653,-22.494333490546968,0.69372425047471276,,0.5037065216065032,0.3658536585365854,False,4
0.15197960318354709,0.93385742281720296,0.32374760858635726,-0.98837411850379209,0.14215694942939011,0.053925908437256927,0.0043361374545964546,-0.32817939541985786,0.9446054638492376,-1.368119991506612,33.28494224211515,-4.9679976052587635,,0.4716966421814879,0.4909090909090909,False,2
-0.51544085747823398,-0.85568053536363253,0.046168645658189025,0.85625035714006115,-0.51214920296551303,0.067368537161708417,-0.034000710869356722,0.07425641589518249,0.99665938833624679,-4.655372389979032,22.92943131892946,-3.4092592411895484,,0.1168084984685074,0.32,False,5
-0.96089975826552709,0.19238012132886667,0.19915206120636231,-0.23733908131170309,-0.94269572156399262,-0.23450999344816853,0.14262473504749779,-0.27260716326324547,0.95149541222761425,4.5528643946421923,26.347063222009471,-4.9359576464758037,,0.3749394255150792,0.1851851851851852,False,2
-0.87048487029593136,0.48071304998787817,0.10569320771566662,-0.48954005244792137,-0.86786630963436973,-0.084608543604686448,0.051055143082373251,-0.12539151555416964,0.99079278367974943,12.7315676531677,21.007353706447169,-5.3883719012349598,,0.1670633785090587,0.2,False,2
-0.86868957225572963,0.47022795253832766,0.1557693798722006,-0.47183777112848518,-0.88121390101960539,0.028830164521071941,0.15082289213067351,-0.048453413723093162,0.98737263579051937,-21.748128822472562,30.644655197802123,-2.5235275762734259,,0.218458819584429,0.68,False,1
0.64643172763054768,0.67651395891954358,0.35278163911914967,-0.76287160684061717,0.58059900663524022,0.28448498197723782,-0.012366607821153883,-0.45302721428318288,0.89141090981085647,14.033371309227768,-9.1526430423983562,-2.2262260431732819,,0.4406178610544625,0.4489795918367347,False,4
0.56906616705761404,-0.81976976295439874,0.064352414531589186,0.8019298174678321,0.57058053633840589,0.17704920052851691,-0.18185781634663362,-0.049146589886446435,0.98209589518344298,-10.443802290391167,-18.618195316775335,2.1032387649187103,0.2417104416169776,0.2307749679335567,0.3809523809523809,True,3
0.85952943645381674,-0.50677286633455987,0.066260167645726453,0.48824312056714086,0.85250891799329898,0.18667404736801574,-0.15108872588067551,-0.12810076771413226,0.98018487553257261,-17.381131903856847,-3.9646220546878457,1.0878097431647562,,0.2613356207275117,0.2666666666666667,False,1
0.00047943844346291038,-0.99917989275206498,-0.040488418822593505,0.9959365055670254,-0.0031691639588867452,0.090002407071958918,-0.090056909883272376,-0.040367044972062449,0.99511821140128986,10.721509696821274,-10.162105033282153,-1.6416595894624513,,0.121450504367873,0.2352941176470588,False,4
0.52683086162643411,0.8325136285376481,0.17137765763666168,-0.84988617887377749,0.51312595012791562,0.11998017446500711,0.011946806990934485,-0.20886076128465042,0.97787241304697736,-0.85444946193740556,-20.927103843439671,1.2028944766871359,0.4649686501885365,0.3633882143012003,0.4666666666666667,True,5
0.32340506713920869,-0.94621947321700239,-0.0088244576957254989,0.93767577234788035,0.3192037422605612,0.13737946308913926,-0.1271743232751443,-0.052703694669282111,0.99047918305622018,-16.007368634910694,28.119792712710684,-2.8020868463966639,,0.3191674723575505,0.2666666666666667,False,5
-0.81730886108882805,-0.57282094472487188,0.062308834607846843,0.57391686635232875,-0.81891348067843239,-0.00037640331759096479,0.051241156329708645,0.035452453337390638,0.99805684580105669,-1.1543474822012876,37.08746658422907,-5.4302060210087966,0.2485964544007801,0.3464794161693562,0.6388888888888888,True,4
0.68314757348901012,0.68975083339384713,0.23990243989707788,-0.72989675764960227,0.65554112974703982,0.19369189550048949,-0.023666770136105054,-0.30742416144875195,0.95127822898921477,-21.32019661465738,26.090745414013231,-2.0492373620542268,,0.4260761357171376,0.5,False,2
0.80303810528186248,-0.59586803946503919,-0.0084309554267023162,0.57939265130054074,0.77736874282241386,0.24495304305443893,-0.13940572830499645,-0.20159146119513693,0.96949828555235873,-25.592010334551055,29.059152306340305,-1.8828118298495489,,0.4620607902399955,0.4736842105263158,False,3
0.98105879342436542,0.12692338428948768,0.1463355676697638,-0.15928107230684127,0.95848413998747217,0.23651150795946205,-0.11024147971390702,-0.25534018076475729,0.96054578664294277,2.597391364893828,-12.117118847568376,-0.29058819850380213,,0.08414086433075266,0.4,False,1
0.49558566568698381,0.79709216571799268,0.34502018392637313,-0.86841241642498324,0.46203030361188624,0.17996631224545365,-0.015960042747721871,-0.3888085362942888,0.9211803293276416,-7.353033826857839,-22.326702155316752,2.214082742455886,,0.3220068664222852,0.1739130434782609,False,2
0.8421283445333706,0.50388508964122081,0.19214491346570847,-0.53563847780667428,0.82287167849609921,0.18966713426938775,-0.062540166504691325,-0.26264427876173513,0.96286380678021877,-11.827953072313576,-8.6866116902780526,1.0483968094175329,0.4102274957052608,0.1777970804665689,0.3111111111111111,True,5
-0.98122602409122173,-0.1783808174206496,0.07331966736472853,0.16364088098685298,-0.97123888245697421,-0.17296443355087349,0.10206444883494045,-0.15771910848108672,0.98219526118992828,-7.6252502719887092,-18.004622008661492,1.6460509279516786,0.3830071566408909,0.4284095595077706,0.4166666666666667,True,3
0.94598413740379006,0.28946083302997627,0.14603574193326527,-0.30992173721660859,0.93961441354807707,0.14516635510111131,-0.095197313938190378,-0.18258472004605103,0.97857053472126276,-3.6144291072709116,-16.028998179340324,0.9618199362171993,,0.1672743538006627,0.2,False,5
0.91007285794103754,0.3693078692845958,0.18809330377103584,-0.40669628698395494,0.88314962599918534,0.23376241838876261,-0.079784230224373281,-0.28923768043249526,0.95392664331463828,-17.96491196660601,-7.8120075999320582,1.5515377782449022,,0.0893667290953816,0.3333333333333333,False,1
0.21077395721660555,-0.97749822752447368,0.008458968362907382,0.96801655134201003,0.20991846152393789,0.13739794699828725,-0.13608194328114856,-0.020771487619693677,0.99047980797939073,-15.518115539557016,-15.44710078546937,2.315473109319143,,0.1603737331743039,0.2222222222222222,True,5
-0.79393362479506491,0.58353941886023775,0.17073706702419428,-0.58882048910738416,-0.80792866301676503,0.023274601678267198,0.15152501782580075,-0.082054994437858353,0.98504169803145525,-19.886953435499873,26.998386566079631,-2.2798251650175723,,0.09877711197032693,0.1,False,1
-0.12199365041376263,0.97693126049912471,0.17527938132682605,-0.98701047530667019,-0.13800831426492979,0.082243703884566852,0.10453645724638179,-0.16296937581442283,0.98107752581181451,8.9597133194254326,-13.364992744362379,-0.9584276681619518,0.1403929118372594,0.1120737317447657,0.6956521739130435,True,5
0.87838150402629034,0.44360623659172588,0.17793099853998937,-0.47291546195429995,0.86058680487243766,0.18905374136472228,-0.069259650800901906,-0.25020763005227104,0.96571178031261606,9.3873326669798374,-8.4356563548053956,-1.6123387845670707,,0.1129955307312184,0.2,False,3
-0.91010972563603898,0.35461534348032353,0.2143554185716478,-0.37752387331406967,-0.9228618862106166,-0.076168655349331829,0.1708098720233594,-0.15024612190707354,0.9737813360663925,5.9677513411950338,21.18289936187357,-4.5116996264728888,,0.1847229949951842,0.3333333333333333,False,2
-0.56173585465569087,-0.82695247272406591,0.024544601235165053,0.82731627117440898,-0.56146016559901346,0.017614479714144579,-0.00078552168130226196,0.030200832787879897,0.99954354215041918,-19.172270941585236,-13.406827815182671,2.3460398822401558,,0.06986031177483717,0.375,False,1
-0.71124547124579618,-0.70294242138874197,-0.0013534564931264176,0.70079401999936475,-0.70891859956544567,-0.079512016219547815,0.054932878729189866,-0.05750105566248799,0.99683298873593895,22.69915890457974,18.174384211442103,-6.3872054815546671,,0.4462745907759924,0.7692307692307693,False,6
-0.9166876792000479,-0.39686463256747961,0.046713619212265849,0.39113821730033221,-0.91505003673915941,-0.098459764527344451,0.081820497248228097,-0.071985371296822379,0.99404401942233445,-14.931474714921178,25.729385843956976,-2.6463967154256038,,0.277515271463024,0.3333333333333333,False,4
0.78699324488468159,-0.61686922884617135,0.01067646985712746,0.59808366753052722,0.76704639370302696,0.23224072971900317,-0.15145150754982217,-0.17638646322751461,0.97259974113248426,5.5636282353083191,-7.2903295767327636,-1.234637301971929,,0.1136746466472919,0.3235294117647059,False,1
0.036415834095799737,-0.99922332182474061,-0.015054572349921275,0.99350035750934829,0.034573305689225106,0.10845149220972904,-0.10784677397078102,-0.018906074559548541,0.99398774322868011,22.392611538794313,14.277504163559593,-5.9571434905329008,,0.3910290223994665,0.2222222222222222,False,2
0.24248029891140052,-0.96894002780440303,-0.048564669856199519,0.96349141602156985,0.23465491716937992,0.12892385776489479,-0.11352354774490325,-0.078053138096012248,0.99046459388550412,-1.3827276876562764,-8.9135632975355321,-0.1648356885249912,,0.1599687379987766,0.3043478260869565,False,2
0.0049281240912093663,0.94625669145124858,0.32337901520766382,-0.99629393734396454,-0.023123971474659052,0.082847283328419452,0.085872603341239737,-0.32258883400851918,0.94263584706312853,11.730702937838716,-8.9585147754059147,-1.8683693004308755,,0.6942170173048209,0.2413793103448276,False,1
0.057331776263688239,0.96334611555218375,0.26206359739759644,-0.99521259561381414,0.034336072445935617,0.091503681131430481,0.079151481111002842,-0.26605506155588654,0.9607027361564181,-12.218512633218689,25.346640029427331,-2.8439096576409821,,0.4645905941086931,0.16,False,1
0.66863897728044153,-0.74294033030006879,0.031009412683725146,0.72874477898035628,0.66301309290343191,0.1713029064187071,-0.14782748448863159,-0.091941852560459558,0.9847302831626098,-9.0907567205854534,36.761513876874808,-4.5322323221997332,,0.17957920078142,0.3529411764705883,False,1
0.81114360032363031,0.52524006364758424,0.25723323112207219,-0.58286725939438966,0.76216599079827474,0.28172461801652721,-0.048081364166303667,-0.3784519494070111,0.92437130224274122,16.4672950958672,-9.522496862222539,-2.5499597635721321,,0.6063714391685475,0.2619047619047619,False,4
0.75481799759631274,0.61222587745195489,0.23543420627189535,-0.65479693730973609,0.72442657587270409,0.21551590906273882,-0.03861037936206612,-0.31683688413367134,0.94769384690309355,-20.529466117714886,-10.049251544294021,2.1330490741327002,,0.601778204958917,0.2941176470588235,False,1
-0.55532147358281081,0.79760519463868174,0.23546552712277544,-0.81965937141947065,-0.57280580151618932,0.0072130848902560579,0.14062921397083136,-0.18899594502207345,0.97185593425319983,0.10881711975641779,-8.9683090273185506,-0.35773954993093393,0.5263492620404697,0.5041190953910235,0.3377483443708609,True,3
0.74000760714933,-0.66941046205486077,0.065409285675818718,0.65750060644833719,0.74045709185944786,0.13934219617588073,-0.14170989337795592,-0.060107640167842716,0.98808166550759435,-11.614836228803464,-17.240974616767474,2.0636857336406922,0.3252850104655227,0.2294243351735583,0.3157894736842105,True,3
-0.98702060044918216,0.059476283105635783,0.14917407964145366,-0.062875652236225432,-0.9978559154082377,-0.018172078600350014,0.14777343010435176,-0.027315633485722152,0.9886439548808601,6.800030305273177,19.043534029518675,-4.3914106905737516,,0.4801068840059539,0.2391304347826087,False,2
-0.20609644935262525,0.88562080973081214,0.41617308290659932,-0.97227547682507653,-0.23335128296459093,0.015085619090735136,0.11047466102601131,-0.40152579009388895,0.90916026593811716,10.943590293500909,-12.303630719417566,-1.3728101804329584,,0.244459527225759,0.4090909090909091,False,1
-0.9802586776900587,-0.16653007954580359,0.10658638477688348,0.16384068763517606,-0.98591538864235229,-0.033571945332843786,0.11067589569807024,-0.015446004165064253,0.99373651792955786,-8.779658150143705,26.709657816609706,-3.3978431562584968,,0.08609681744578038,0.3076923076923077,False,4
-0.36135483028422094,-0.92930866073235574,-0.076210889760565573,0.91858216928312275,-0.36883095518424353,0.1420229726945286,-0.16009211381381086,-0.018685277244765319,0.98692521272329037,-25.356829279071185,31.089167658947055,-2.1655825119945473,,0.3683302550862643,0.5833333333333334,False,2
0.99452567197445552,-0.051705218063017568,0.090803404169750968,0.023758095294143206,0.95812473285602362,0.2853638890917507,-0.10175578947535982,-0.28164439762691962,0.95410806127692749,9.4143320291737691,23.466369546053873,-5.2211998436039808,,0.3926826940226482,0.1,False,5
0.47812600819423068,-0.8778914024357144,0.026499166358702725,0.8627464643883439,0.47510122964258106,0.17305305480551361,-0.16451157550051976,-0.059879104214768386,0.98455595798551476,14.076322418932268,19.517623635671733,-5.398558700296558,,0.4065724322906437,0.3333333333333333,False,5
0.97861991622976086,-0.16978634822988814,0.116084691123403,0.15511995311076018,0.97989149679793408,0.12550081533607754,-0.13505872687602333,-0.1048105455470195,0.98527858488691633,8.3759489702865277,-9.0341243353721286,-1.4148634955785941,,0.1222380283702376,0.3235294117647059,False,5
-0.78288018920924074,0.56824844969938393,0.25336201127625751,-0.60347074450420346,-0.79262767241877508,-0.086973751462940341,0.15139904184388409,-0.22098658857550979,0.96345381715913725,-28.84173498100213,26.234347871154,-1.285975662655491,,0.2419683420982662,0.1428571428571428,False,1
-0.1418375480575482,-0.98582330643243665,0.089635475430434333,0.98744408897449221,-0.13454430216542501,0.082776819848028177,-0.06954337574749142,0.10025088153944645,0.99252883063425734,-14.752909784475758,-12.979631573777539,1.8865604548755435,0.1739788692992203,0.1789601410869829,0.75,True,4
-0.80609275747605214,0.53163442505318326,0.25996019780540702,-0.5720403080786981,-0.81252344834310331,-0.11214067872926609,0.15160591109149738,-0.23910350058291449,0.95908558728150717,5.6976575596230434,-12.125210526774236,-0.69193326551578094,,0.5131505085782474,0.1,False,1
-0.17543434222697024,0.90490922638406623,0.38776550075062288,-0.97864279469615534,-0.20316343796689404,0.031351201935016199,0.10714976414667689,-0.37398383585184919,0.92122473835913066,-16.349734200195154,-5.7368502850613412,1.1619138970472951,,0.3927742064250824,0.3809523809523809,False,1
0.88922300094535689,0.3825364105716364,0.25089509595985321,-0.45143455729596599,0.82256689922129378,0.34581864724803729,-0.074089777086522229,-0.42077261186112852,0.90413556175986964,21.74972379929622,20.868935791858473,-6.5520697306828772,,0.2002942678231913,0.1764705882352941,False,2
0.96820761755476814,0.21237701442922777,0.13217417694484984,-0.22997720131407567,0.96359993443408243,0.13632920902865261,-0.098409837844932666,-0.16239202597652566,0.98180666819622608,-5.8028745832126676,24.554609257689428,-3.4949044649402197,,0.1830027560136724,0.48,False,5
-0.71108405422550669,0.68143753945064789,0.1732118577166728,-0.68206658861133196,-0.72836096232188174,0.065387133792816562,0.17071800293558406,-0.071646272708260905,0.98271164391223986,-9.2164054929136814,-10.357901323846217,0.97780305766413922,0.585201442135951,0.554655695808218,0.8658536585365854,True,5
0.53575895036047727,0.79837514818620003,0.27488082848263934,-0.84433324943018762,0.50962906749659787,0.16546775356306775,-0.0079819180213478308,-0.32074185308626424,0.9471330174075282,0.45833510770410019,-10.15586001797997,-0.23873770094060032,,0.1219880280821024,0.1428571428571428,False,3
-0.81856660566229322,0.53899648033038372,0.19857367974122495,-0.55652379074196212,-0.82977857327438787,-0.041818532649036191,0.14223214275510709,-0.14474223131546607,0.97919339460655641,8.202017907389056,-24.480487049487948,0.48873543099671901,,0.3543755522133993,0.2,False,5
0.41873943282975534,-0.90493051698043714,0.075881795121984674,0.89794734258187003,0.42507085865924638,0.11404093593464296,-0.13545426292137633,0.020384419447481192,0.99057388321125062,-9.0078940908832283,-15.971430765020175,1.6103973615855534,0.2652203776140561,0.102595263720267,0.3461538461538461,True,5
-0.54337198321391922,-0.83779867281171272,-0.05329419943206691,0.83949168332046298,-0.54233434641163669,-0.033573357562776338,-0.00077556040859430575,-0.062982859074478079,0.99801430749707021,4.55603086449584,23.15518960389209,-4.5309652370823112,,0.3489448986764612,0.2222222222222222,False,5
0.52801656562603572,0.77492620457122363,0.34740161757442056,-0.84921422191565787,0.47900708761921251,0.22223279529975493,0.0058061795243660869,-0.41236099170435303,0.91100203117223222,17.752986656333594,-9.8201044164845612,-2.7077749276965291,,0.2168231398684033,0.1904761904761905,False,3
0.839967058685537,0.46571785140157879,0.27849995190136906,-0.53937655079049807,0.77274927067525279,0.33456165519708053,-0.059399299495135685,-0.43123711291673683,0.90028122032103108,-21.609006735539538,-22.125331787761596,3.7401716513341801,,0.2483262916284492,0.1666666666666667,False,1
0.93871372590052593,0.31858405555771968,0.13160828374516323,-0.33627961044966742,0.93027510604141561,0.14664327695278745,-0.075713700225067543,-0.18191323927638672,0.98039533300306958,-0.36883958056971533,-14.038404852180992,0.37461827664868408,,0.2015790467420017,0.35,False,6
0.38417245536239647,-0.92295142290803955,0.02392060812048967,0.91436995080691086,0.38393203776678364,0.12854486935546353,-0.12782455789947331,-0.027511112814123356,0.99141516080274572,3.9442091669060955,-14.922264592411896,-0.10741378682441466,,0.08666296633427786,0.15,False,5
-0.44006060789675544,0.87417849580867735,0.20532564097845957,-0.88585536927195563,-0.46005333354756217,0.060093219449627817,0.14699294578170674,-0.15544416282849799,0.97684706384006825,2.3173698592748075,23.986371042522808,-4.3693450136462424,,0.3394422454291988,0.4482758620689655,False,2
0.9212405169281247,0.321205066107068,0.21941562268251524,-0.37648265299872397,0.87813680971265873,0.29518901642628248,-0.097860727368256004,-0.35454625782093335,0.92990334395792351,12.347534253415059,-10.62334739538592,-1.7928161091194035,,0.3560325267928578,0.25,False,5
0.98338775398777767,-0.13980043368254369,0.11577721731431945,0.12188048937767335,0.98120926926028285,0.1495777932273395,-0.13451271916043223,-0.1329819862232271,0.98194812476229731,10.639599094879712,27.398838397705699,-5.8370316311361634,,0.2127661579902187,0.6666666666666666,False,3
0.39070021428811558,-0.91936779531020751,-0.046002168445289218,0.91030882357644016,0.37846213611963186,0.16764324395168062,-0.13671572065456863,-0.1073744311752729,0.98477385386477867,0.59341985686184229,26.395565811591869,-4.4271499653683968,,0.1757999286909946,0.2142857142857143,False,4
0.91309125076871367,0.37694048462961355,0.15549996404121569,-0.39912952075803337,0.90425659090251542,0.15170907510371476,-0.083426575077068701,-0.20058885526507741,0.97611685658754876,-12.752634033600138,-11.149393129490333,1.4603036609857218,,0.07684745927794207,0.4,False,4
0.88487960271426058,0.41622308273459035,0.209156482326434,-0.46035933532893369,0.84994488192210671,0.25624788793260206,-0.07111519581464866,-0.32303566845370407,0.94371107116050823,12.67446860030466,17.979669176021545,-5.0236919565653757,0.4571640196751738,0.2545599197119447,0.5,True,6
0.62227594369907047,0.77012886139434722,0.14026470240541294,-0.7827520011979574,0.61411052909098252,0.10083433284445975,-0.0084826006640149471,-0.17253925613332521,0.98496611646235577,-3.6876482914653077,10.273853997490447,-2.0844094509759783,0.3749422258748809,0.3378950259786151,0.988558352402746,True,5
0.96075321840892414,0.21546270479182894,0.17472571694139422,-0.2596144566108623,0.92029893325193635,0.29266056682442804,-0.097742453598943749,-0.32653590353763251,0.94011739504453451,-0.55294911535902525,-16.114524102586714,0.59190758871193605,,0.270075084033222,0.3571428571428572,False,5
0.12034579648347109,0.95169946155915919,0.28246242960217827,-0.98922375588876388,0.091064232595815281,0.11464582995932299,0.083386150253418764,-0.29321568922849567,0.95240291344376526,-13.79748095379899,-18.96044027281636,2.5224548124424593,,0.2198562086975756,0.1764705882352941,False,2
-0.79950241799987587,-0.59911789086454348,0.043053878552038821,0.60039886966375344,-0.79922039564308567,0.02771202797698738,0.017806766097177906,0.048005333392566227,0.99868834330186795,-16.066859262232278,33.769507387845067,-3.4858337156141177,,0.2496488107877137,0.6363636363636364,False,2
0.83683354539782728,0.52408509633313571,0.15825431778751159,-0.54452165746516124,0.82670769375965569,0.14159997750700665,-0.056619624233091921,-0.204668514628115,0.97719241568466175,0.12253071129343115,30.059741732248082,-4.8107562508539736,0.1989828325372449,0.2088605419731182,0.3846153846153846,True,5
-0.02259491721752829,-0.99753826187758821,-0.066384379233190322,0.99742697726097951,-0.027011616962201938,0.06640630678719428,-0.06803598127432807,-0.064713125711329089,0.99558189849590562,-10.686888261813898,33.421881883892596,-3.9803035669289684,,0.2934810791431599,0.6,False,5
-0.76340349902445448,-0.64536035334255737,0.026927903943487957,0.64289049872191639,-0.76319439287460533,-0.065008655868648235,0.06250523442325151,-0.032316141761237885,0.99752130937206684,2.8315758141323832,-22.351778840061566,0.9552212186542427,,0.6709664281726588,0.2368421052631579,False,5
-0.15196725534242014,-0.98169340672746574,-0.11482163773224793,0.98730316199874935,-0.15620825501662555,0.028834829146937385,-0.046243049325966928,-0.1089818161551956,0.99296754435205603,7.3240836574446622,20.894469481223712,-4.6545716765905336,,0.2917651849950685,0.2142857142857143,False,4
-0.22262360733229866,-0.97490415046835832,-0.00079174359731806754,0.97307806562172672,-0.22225615436901985,0.061002295456592505,-0.059647360915915312,0.012810122741950702,0.998137311741778,-5.0380071043228529,-18.890448915809984,1.5030471813018524,,0.1216265063923734,0.1739130434782609,False,3
0.75014691727676674,-0.6612495551832277,0.0053505392389916473,0.64258011666328263,0.73083002315146428,0.23017009130083071,-0.1561102052050623,-0.16922323431022732,0.97313570523356085,-7.9337619447919492,-21.66031343693906,2.2291178126643918,,0.3046975244292359,0.1714285714285714,False,4
0.89617263529878766,0.40324934439734983,0.18510692581514548,-0.43458724934844339,0.88186526596645243,0.18288678297151933,-0.089490393034000096,-0.24434323998225449,0.96555054276282926,-20.236024062426988,-21.812438833033152,3.5749640696012164,,0.2204690184182173,0.72,False,3
0.4461349999425987,-0.87801136870452146,-0.17337704072867266,0.88498990103165343,0.40396063905387752,0.23153547712428063,-0.13325328100351916,-0.25673301018917927,0.95725217397559415,-22.601193254408155,-15.608631500353265,2.9634258886014497,,0.4798543670440396,0.1785714285714286,False,1
0.97953283966435523,0.1145564988653888,0.16550596541148888,-0.1594494124174213,0.94344257394652242,0.29067506694744116,-0.12284665603435782,-0.31111560268309357,0.94239894995076889,12.686619775989577,-8.5762664115501348,-2.0660216242686356,,0.5382135523052849,0.4117647058823529,False,5
0.19855186472067921,-0.97858665511852472,0.054270760450541022,0.97127536613314658,0.20387411685743409,0.12271718550604359,-0.13115380344795402,0.028346126711425002,0.99095669781358098,11.630835739244276,23.859366174998506,-5.5718951477309409,,0.1666063496761343,0.2857142857142857,False,5
-0.86206404484328814,-0.50340183048687193,0.058584807338582887,0.50228570163102848,-0.86405225821973941,-0.033507745409036852,0.067488195452668001,0.00054048851808532333,0.99771992630532713,-11.816095250980659,-13.53863767253296,1.6703516159031302,,0.08287691352722085,0.3333333333333333,False,4
-0.037976040428779577,0.92939893284749231,0.3671177521930728,-0.99510863005030137,-0.068700848276015802,0.070985969357110823,0.091195585160491865,-0.36262627740981285,0.92746188502770144,-4.3357542115314001,-20.068022004981213,1.5538505020828364,,0.2764918144043688,0.2105263157894737,False,1
0.068900678656364858,-0.9929176832112997,0.096784145638623933,0.99294915948102647,0.077634755611285897,0.089581311706736916,-0.096460681972584131,0.089929522891439295,0.99126586632744651,-14.005084943922723,-5.9044301428321759,0.93046064122201888,,0.09643976170978004,0.5142857142857142,False,2
-0.52952658046428036,0.83806278465140138,0.13134827583240913,-0.83680606944726299,-0.54145153765788079,0.081153154616074835,0.13913016465896266,-0.066940281970253993,0.98800900599727048,-18.672963720843324,-11.239525042201061,2.0250204130092433,,0.07561668511829713,0.3461538461538461,False,2
-0.93786730765371695,0.30294972639538492,0.16919331107147445,-0.3123284127321394,-0.94946074895834187,-0.031228973529168425,0.15118159886239363,-0.082132511616439141,0.985088003531149,-14.125673085353064,27.323406379414422,-2.9419355685510347,,0.110415334542736,0.1764705882352941,False,3
-0.43019066616664547,-0.90273012657272778,-0.0037827663269942996,0.90242051251353528,-0.43014670327639487,0.024719066634020695,-0.023941790616110743,0.0072202658147819954,0.9996872803150284,-22.804808190180101,26.59624596224673,-1.9609601874926634,,0.08669111023611742,0.4166666666666667,False,1
0.60014625127113796,-0.7981941056336338,0.052063872473381921,0.7862654224604102,0.60063506095520991,0.14499727236911861,-0.14700735535459897,-0.046083546771658129,0.98806130588571861,-4.8849719910637726,-13.472471705329022,0.79150917724328174,,0.1847207216792071,0.3421052631578947,False,5
0.89883619085942179,-0.43241051605899855,0.071516764488581033,0.41937728537202007,0.89594353589178211,0.14631429529518145,-0.12734282278683726,-0.10152007730159032,0.98664962341722839,-14.674417938798058,-19.606893197101307,2.7233666999991426,,0.5057673054675126,0.3421052631578947,False,3
-0.38261929167893105,-0.92223108957723332,-0.055608408107957349,0.92389590342257188,-0.38220414686442,-0.018339840747098352,-0.0043401928645208712,-0.058393557322951581,0.99828420561935582,-6.1593610407723007,-13.682729131717258,0.98589369880133315,,0.1935268996322077,0.1304347826086956,False,2
-0.0092226531011950323,0.98532943305376908,0.17041376419677673,-0.99579379425467818,-0.024585686186681856,0.088262468573017117,0.091157347447410136,-0.16888295471322612,0.98141167998637768,-9.7002187167320617,28.348229854137607,-3.4705026550561699,,0.1139579199502199,0.7241379310344828,False,4
-0.085155664603923181,-0.99448789098322488,0.061174729043963871,0.994131559246477,-0.08069314459596548,0.072049006414961397,-0.066715483180688206,0.066951109796274888,0.99552327607194346,-4.8208381388942625,26.170834346253194,-3.790949641645796,0.2914738297638268,0.2477036557132587,0.8409090909090909,True,5
0.094271798620187294,-0.98391982339072881,-0.151705666089541,0.98889452750023632,0.07496204855479871,0.12832889291407176,-0.114893174144499,-0.1621186985366723,0.98005973599560581,7.4001323984251091,-15.357407522253769,-0.49072592633591433,,0.4724142182515805,0.6896551724137931,False,3
0.66146448260740742,0.73570413777248422,0.14561648228604052,-0.74985919133521284,0.65220895422681791,0.11106157389692184,-0.013263914166476494,-0.18265514416738043,0.98308756827160526,-4.8319660351339735,-10.736471183862314,0.48748188744084214,,0.08070219997179698,0.3023255813953488,False,5
-0.92041291758905475,0.3420052748053965,0.18940024588286633,-0.35150733506422782,-0.93601189833551224,-0.018008874767623362,0.17112175353019743,-0.083151176658159853,0.9817348049698118,-10.671115042793646,24.232409244856811,-2.904199108708712,0.4856302262684484,0.2568785862681836,0.303030303030303,True,4
0.98670154893362128,-0.021939787992263593,0.16105495656715196,-0.016745371713277894,0.97185551042642526,0.23498182776541832,-0.16167759850448307,-0.23455385854137448,0.95856394757218788,-8.5006123376142284,-14.738931493076727,1.3911890816090062,,0.1948579881545044,0.2941176470588235,False,2
-0.65046116642075569,-0.75953908302226858,-0.00080767582675923821,0.75935802684806608,-0.65028213192141948,-0.022550742008736538,0.016602952748261006,-0.015281697072797099,0.99974537342996173,-11.235715931083284,-6.7415201742205282,0.75577424258965231,0.6942462310774935,0.3483837927438129,0.2516556291390729,True,3
-0.87904660005161062,-0.47627300699217096,0.021002327212447894,0.46669218931205503,-0.86868699806453564,-0.1660761868202234,0.097342053465211825,-0.13618708530642809,0.98588924450108228,-23.730558691109152,-20.802988398439137,3.7520647369199529,,0.2821065501020334,0.3636363636363636,False,2
-0.063635436532147774,0.98892883716769475,0.1340532962500886,-0.99330644953984493,-0.075739036178651215,0.087211786481393827,0.096399318046915011,-0.12760624364379658,0.98712907872436295,-4.6730446068348233,5.577810440820306,-1.4258858470639848,0.4017570720162178,0.3600350209728759,0.9871382636655949,True,5
0.91148991014544634,-0.40988307083899778,0.034380400559611765,0.37977359078727069,0.87073625097641116,0.31239462379510691,-0.15798152880507554,-0.27168777939969402,0.94933007277831138,8.2934910099009667,-11.014662991851171,-1.1375881813647204,,0.7592060372826799,0.6181818181818182,False,2
-0.13679913939764937,-0.98728233764770246,-0.080991241680509016,0.98800118524989788,-0.14190072612193952,0.060974108200635729,-0.071691376084289313,-0.071678237247817814,0.99484801698560288,20.226568425867377,19.020372517097442,-6.1597255370153103,,0.2919102996697199,0.2272727272727273,False,5
0.9885781717981873,0.084979809913040633,0.12446537731955021,-0.11508639986140932,0.95888978979542627,0.25939447101475277,-0.097305286655424428,-0.27075598411342106,0.95771753573570917,10.513889020077579,-9.0007586553104719,-1.6942201055388824,,0.2290372525463088,0.4814814814814815,False,5
0.99193566490966545,-0.0040945670328293785,0.12667624560679552,-0.015472839914841607,0.98808989299826266,0.15309785948748983,-0.12579438741529442,-0.15382326831625689,0.98005825042153261,-3.0586989318203024,-13.942983126571768,0.63278825296352514,,0.08732766785268467,0.3103448275862069,False,5
-0.59684536014381762,0.76444744193843484,0.24371238086847313,-0.79645231429667418,-0.60124215640699197,-0.064587772918262371,0.097156199628576745,-0.23265420235373546,0.96769452566441583,14.886677397661183,-10.844421908106266,-2.1485779249154726,,0.2470972420940108,0.1764705882352941,False,4
-0.85357522139244879,-0.51050990769177518,0.10386999361398498,0.51655828548801752,-0.85524616355369676,0.041491413814965669,0.067652635710028192,0.089070948547886303,0.99372505604229777,4.427226086097332,-14.073548100422121,-0.27681084167806835,,0.0853761572239299,0.4,True,5
-0.77544657834177944,-0.62732964009163361,0.071694677630410666,0.62974616239939407,-0.77664294222539376,0.015668798126191513,0.045851663887611097,0.057299763995896105,0.9973035455490733,-12.181191151901016,30.071556099792986,-3.4513041668764277,,0.1599444992342654,0.2941176470588235,False,2
0.97564881291032002,-0.20949205170520879,0.06498056739537944,0.17203380620368292,0.9146593097593505,0.36579053650090737,-0.13606529090755287,-0.3457042483726373,0.92842598480834904,2.7226378541473277,21.998588295069627,-4.1805113810034173,,0.4963463842152269,0.3333333333333333,False,2
0.92046165106028288,0.36240995043290264,0.14631943396076594,-0.38198830891464269,0.91340173818542547,0.14064919670006718,-0.082675756905572301,-0.18535450495486702,0.97918763611119342,3.2976852585055636,-7.8307638699074911,-0.85069671308403472,,0.08300820640180483,0.3,False,5
-0.97463869528471692,-0.20877262167512825,0.080581673428880257,0.1970041328732044,-0.97125922527830533,-0.13358476313810233,0.1061545349223563,-0.1143219565555097,0.98775589340926673,3.6596239459627982,-8.7961569459645101,-0.80109591796861646,,0.3725246334857096,0.2352941176470588,False,1
-0.98356738393402021,-0.14998084595020658,0.10050346814537792,0.14116771568473652,-0.98590956879013425,-0.089744070647621729,0.1125472225758679,-0.074081495773994491,0.99088094878968491,8.4961349006340772,-6.4746905808059125,-1.7254732705963447,,0.1581959922451374,0.5,False,4
0.47854096765391269,-0.87803290084928642,0.0075344079425120752,0.86697324584129454,0.47383807443588538,0.15438545984095303,-0.13912560250459738,-0.067347637234571836,0.98798196465656851,0.080554570971043293,23.262342392328119,-4.0164722622836901,0.7471292997294209,0.7183511790631668,0.4761904761904762,True,3
-0.66615340332950268,-0.74581381055699614,0.0011845737521718053,0.74574535687217813,-0.66611224705026184,-0.012583204410577531,0.010173786714326338,-0.0074989540673422589,0.99992012668602059,18.862112168979465,19.829506676346373,-6.0429095094363552,0.3829600710736061,0.3504852813419633,0.3888888888888889,True,5
-0.23945456940232637,-0.97057014339337577,-0.025595037521143296,0.97024961478807936,-0.24017948534838235,0.030487699509308547,-0.035737853823784499,-0.017533156337306816,0.99920738299560286,-14.346757309936509,-11.170186929095889,1.6274534872188404,0.5534358855002042,0.3188309574845536,0.5691056910569106,True,5
0.22228819989358967,-0.971176840604696,-0.086043596282050161,0.9734960311338331,0.21621471471554887,0.074543105027551834,-0.053790645606298482,-0.10033315211611095,0.99349877958239208,24.768542241690014,-11.721571245233587,-3.61878828921258,,0.3508343575110556,0.2272727272727273,False,5
0.52570984507078211,-0.84521082522480784,0.096165584896340375,0.83913529343729842,0.53380935937724805,0.1044008005196916,-0.13957477602903276,0.025811407634087291,0.98987506945694603,3.6997559835166158,-11.395816194457126,-0.49475088875455203,,0.06845163727049161,0.2580645161290323,False,5
0.75416505897395836,0.63748119254639002,0.15764768622609077,-0.655558478820089,0.7449099262076545,0.12390432875569278,-0.03844664705664573,-0.19679159277504837,0.97969123929080981,-6.9073121877488255,32.947544677713182,-4.3457679949807577,,0.1618538746446949,0.8333333333333334,False,2
-0.76286388656145832,-0.64631916417746627,0.01761330739209109,0.64591635868934971,-0.76303706728588427,-0.023801082438582519,0.028822702125889603,-0.006780262878291074,0.9995615438168195,-5.5307356373319454,27.361097593890687,-3.8298382331342506,,0.2565989385285223,0.1538461538461539,False,5
0.64002950217387755,-0.76381608662533373,0.08334999795693096,0.75373219604177255,0.64520727980427017,0.12488131460559715,-0.14916438246815716,-0.017104148617684889,0.98866447043623373,-6.711087793615822,-15.880139746863426,1.2984722942509364,,0.1090488822060486,0.4680851063829787,False,4
-0.33455729948898022,-0.94109637346860719,-0.049081862259662934,0.93927843358684959,-0.33722426562425944,0.063528095145474736,-0.076337654910760805,-0.024847746747232682,0.99677236715526518,-19.25673439236726,28.904114962103815,-2.5439597684156205,,0.4306378906402948,0.1,False,2
-0.90065987654525825,0.39551342207341206,0.17994699147599047,-0.41538671474794031,-0.90524123149922642,-0.089399049238107792,0.12753691227403291,-0.15526572626804475,0.97960547683956067,11.802478755611764,21.102824902400144,-5.2667914353647713,,0.6672553885872031,0.2666666666666667,False,3
-0.98977874240293451,0.049056489772737924,0.13390855797313142,-0.041327737992307018,-0.99734849897019051,0.059899830336553363,0.1364919747080591,0.053753440941821676,0.9891817368043192,-4.5518133222535866,29.523021471861451,-4.2023968849285058,0.4120771516206178,0.4132743684844298,0.8260869565217391,True,4
-0.81252012100924864,-0.58258925745191859,0.020020241175826667,0.57586316535302395,-0.80752479522831411,-0.12761394861481709,0.090513356719944454,-0.092159981516336781,0.99162183823380812,4.9995336038125737,29.989509055062772,-5.3791255502317679,,0.3004617086834593,0.2272727272727273,False,2
0.96575528213810413,0.21052152572463312,0.1516490099833305,-0.24385707132153622,0.93610703880873758,0.25345086438838721,-0.088602843006501772,-0.28175219448889849,0.95538748008954777,5.208635117577904,-18.829251100994046,0.21168814489153079,,0.5079685247229191,0.4285714285714285,False,4
-0.45791517970801665,0.85050337119062258,0.25876186694789788,-0.87734361666099792,-0.47931829510379392,0.022850607934850595,0.14346381598568675,-0.21655943196309599,0.9656708269025458,9.0470876838474208,-15.609676814488296,-0.71142492315090511,,0.2866107595487045,0.2666666666666667,False,4
-0.99464461294018613,0.019697723865792022,0.10145981285009177,-0.033097700056853592,-0.99067908884833578,-0.13213434515514419,0.09791136910499823,-0.13478480104648011,0.98602556823180132,32.374540182184468,15.918987761788852,-7.516455974560075,,0.4271716144351133,0.1764705882352941,False,2
0.16170878526893487,0.91906920362439681,0.35939124602035544,-0.9855917678771513,0.13211280990519908,0.1056175769071838,0.049589674929743956,-0.37129234358948326,0.92719084320984979,30.403588200711869,14.260781775399604,-7.0865135344782573,,0.3975425061232324,0.6666666666666666,False,3
0.11848399496955468,-0.99249248739674267,-0.030334887457872758,0.98672636046471707,0.11426896655383803,0.11538497669441786,-0.11105238628731984,-0.043603506094637076,0.99285754353590283,-2.1295416341001943,23.368624836452948,-3.7645736652130739,,0.2955417007246842,0.3428571428571429,False,3
-0.89608746493404479,-0.43273877459876187,0.098815019844349233,0.43743583575830075,-0.89871158195454193,0.031102766037781476,0.075346829943363045,0.07109602956231828,0.99461963071214299,-13.30121758610197,32.016897485843842,-3.5127686252871686,,0.5981623125366924,0.5714285714285714,False,1
0.70255119750294281,0.66257769037117076,0.25963940207446767,-0.71136597866205864,0.66387376799325293,0.23071641591489053,-0.019500238187089472,-0.3467887316405287,0.93774053784498468,-11.819781663126887,31.143263306424984,-3.5870835998557959,,0.3136202456997489,0.2692307692307692,False,4
0.34569021718580734,-0.93484063325154287,0.08106333427564151,0.93088057158127746,0.35253444390166766,0.095816633814053198,-0.11815090010043894,0.042337409991600308,0.99209269149644463,26.898350182738852,17.198890244018632,-6.8418747804062354,,0.6865586084241426,0.7818181818181819,False,2
0.35439008422652174,-0.93004756429856983,0.097052544243907302,0.92666892366758202,0.36320293775968548,0.096790143669166787,-0.12526920655405624,0.055634109546488814,0.9905616950721875,-24.154866399184058,0.044222303782999864,1.3493616124486869,,0.4971651790101153,0.2857142857142857,False,1
-0.18690382811304554,-0.98016909427291632,-0.06584455686616604,0.98040809419013841,-0.1903522735805237,0.05065551094587073,-0.062184627386122626,-0.055086827599146515,0.99654328232240486,-18.258712488344077,25.652604041811287,-2.2548809827840155,,0.4131203762706208,0.1627906976744186,False,2
0.99342420353890093,-0.036254927639852802,0.10859987129334762,0.014584165409969962,0.98088359610758702,0.19404812033705615,-0.11355903285250922,-0.19118826090761709,0.97496225308917761,0.32109722384160583,24.026685756828929,-4.1231717421171652,,0.8559523308925527,0.6756756756756757,False,3
0.48429968207981122,-0.86806149367924323,-0.10919277049674761,0.86422359512153624,0.45520811944687478,0.21425019399022069,-0.13627690770119993,-0.19812826951498166,0.97065637238231617,-11.385912781189573,-22.664347036396649,2.7132763303618543,,0.5536479044802878,0.1111111111111111,False,1
-0.98813595225439066,0.075249160887394168,0.13388391855652546,-0.078827956935996826,-0.99665363314337418,-0.021626112628194347,0.13180854702030492,-0.031923335161817848,0.99076102446782854,-2.8301481035700959,24.284216041535625,-3.800162155956941,,0.6444668698954213,0.5853658536585366,False,1
-0.11439638837356374,0.92634303706659615,0.35889001658630637,-0.99259022952583476,-0.1214765938245255,-0.0028413733723366974,0.040964650333361441,-0.35655576678974876,0.93337553138703977,-17.327792210230442,-22.446361713032601,3.3402142762051028,,0.318043680070572,0.2631578947368421,False,2
