axis_00,axis_01,axis_02,axis_10,axis_11,axis_12,axis_20,axis_21,axis_22,location_x,location_y,location_z,dbh,dbh_approximation,score,reconstructed,number_clusters
-0.71869009207488999,0.67512910164224715,0.16638884478569899,-0.69206815470402394,-0.67138286475424991,-0.26511642378197664,-0.067277193743158284,-0.30568896779260712,0.94975156444827036,7.3522067276451102,-0.18045647475674031,-3.5284142085977961,0.09668174404959146,0.1046669897161924,0.2857142857142857,True,5
-0.95040476800724949,-0.29144343007839224,0.10858869192152579,0.2506378012580262,-0.92442812655321083,-0.28742534929588859,0.18415067072815358,-0.24595399143226521,0.95162763966212593,-14.028948411455547,7.8233666365414098,1.9434421952434731,,0.07682741573849683,0.1935483870967742,False,2
-0.98205860744353224,0.087272070831852261,0.16716601687780613,-0.16534372308741885,-0.82475812130167092,-0.54077305275182641,0.090677145861908393,-0.55871068273271707,0.8243907011961501,-4.9514008285624342,10.20887260391288,1.2399313447828881,,0.6215940595373518,0.1372549019607843,False,1
-0.98406541666187142,0.090732688864380628,0.15291446923537361,-0.15054465649153528,-0.88278001672288375,-0.44501207677611432,0.094612695405755065,-0.46094145099587658,0.88237260645482019,-21.578783804232057,-15.754882996838719,-2.971055509124918,,0.3751863862533174,0.3076923076923077,False,3
0.18709072669146726,-0.9804333197013686,0.061217363594099891,0.96154399959790238,0.17001799296301573,-0.215701226018994,0.20107261579670158,0.099218887759243896,0.97453856541877837,16.687306024964929,6.4382713525460815,-3.333692266837248,,0.1590960940632279,0.4761904761904762,True,5
0.74675589710642165,0.63880384199687079,0.18516285153027115,-0.61894135293842201,0.76936189652134968,-0.15809450908816725,-0.24344862242276089,0.0034530611216514878,0.96990764746410307,-18.372172731894075,11.180138512730084,3.5217430035614381,,0.08547798566078005,0.3333333333333333,False,1
-0.25220113079320222,-0.95818182067507884,-0.13521164208166744,0.93424360927647709,-0.20468888213957415,-0.2920468114095966,0.25215762560884603,-0.19997514859662549,0.94679801002698893,-7.429467706417757,-29.227260775357824,-8.8774838368014546,,0.4912910799467907,0.75,False,1
-0.18905548113276202,0.96564958988787519,0.17826635858467241,-0.96219766925796613,-0.14592760296294294,-0.2299582135259097,-0.19604507218544939,-0.21500233543584787,0.95673419789873382,12.092540154525068,7.4813570678998884,-2.2826426553355681,0.4453789703876275,0.4957564858934703,0.9172413793103448,True,5
0.1301472923101126,0.97960487260679474,0.15308813105322902,-0.96100540917766086,0.16262773907046518,-0.22365335234711797,-0.24398829036579095,-0.11801064379899487,0.96257114132645993,-6.2147022553420177,5.1005601972288721,0.054595019340159097,,0.08494886989813524,0.5038167938931297,True,5
0.035353072226392675,-0.99390538184385557,-0.10441385073817802,0.97404240777447304,0.057643239251303491,-0.21890327732933479,0.22358789802013471,-0.093964615204001317,0.97014385683181092,-12.001874300826763,-14.663093640972905,-4.1331484054537198,,0.2340071132306833,0.2631578947368421,False,1
0.90292528531632721,0.38915200625635166,0.18244628021169895,-0.37654021579999741,0.92090398714598209,-0.10076364594398335,-0.20722788186371252,0.022283682040664679,0.97803887575749759,-2.1969707995047503,-24.229084469491152,-8.4378348253972639,,0.1878947280684137,0.5333333333333333,False,1
-0.17960071705893482,0.96107893000639288,0.20993063790138966,-0.96023671113800613,-0.12490317072967264,-0.24968911975602884,-0.21374994974217584,-0.24642745025553106,0.94529596991935583,-2.4334606184685574,5.6275694641540559,-0.36071626609519525,0.2942392814309569,0.1354136536038495,0.3893129770992366,True,5
0.62641429758924927,-0.77616239978284052,-0.071951768144424944,0.7732244093761067,0.63040641769508099,-0.068642270313747616,0.098636405656014739,-0.012636363883521989,0.99504330648824757,-10.182719868203293,-21.866848228041004,-6.3270447023609595,,0.7826370749116216,0.3636363636363636,False,1
-0.033254801364488752,-0.99704914097734376,-0.069189079069965576,0.96733628844274455,-0.014702290824460701,-0.25306984748549077,0.25130583608031265,-0.075344894457783529,0.96497073718902038,6.0701197207731603,8.8679076520975766,-0.88780151879932023,,0.4181981812003976,0.3260869565217391,False,5
0.65101395310011956,-0.75583262430799036,-0.069984833361605964,0.75372752378396712,0.65459745424855031,-0.058283726560737048,0.089864635755367503,-0.014805975922364989,0.9958439286944224,9.3109017245865395,-12.008394654079501,-7.0500361441529451,,0.4112386661971769,0.1,False,4
-0.73581885345606668,-0.67115112349134398,0.090148679052473452,0.63076557798220734,-0.7277223566877743,-0.26936027400038676,0.24638465969165169,-0.14133768433471067,0.95881085645477038,5.7921257007816882,5.8160341086885463,-1.6407229651724886,0.564558897007233,0.6454551686000686,0.9791666666666666,True,5
-0.94403426914318844,0.28782270963536999,0.16111296192870403,-0.32627416649328739,-0.88653570615838062,-0.328023794846307,0.048419696017191177,-0.36223270079386116,0.93082920211668696,-11.01679503986108,1.3325659537127961,-0.18524343301196644,,0.07484451029968188,0.19,False,3
-0.21023362079206118,0.95495857111017401,0.20941812756271599,-0.95723999208286892,-0.15752443961989929,-0.24264716870308961,-0.19872952031806648,-0.25147599962153622,0.94724146835350265,-11.351593415415577,7.6398515306203123,1.5829271317416931,,0.07405611331068683,0.3142857142857143,False,4
0.9521856186544605,-0.29155416682538859,0.091316567140769273,0.2995344358968372,0.94973106837449073,-0.091049544074702254,-0.060180306908362444,0.11404852287952304,0.99165077778894184,-1.1091647043772832,16.234362248134957,2.2445060840492941,0.6585445348546707,0.5135270812748534,0.7391304347826086,True,4
-0.33138332323027792,0.92297492201384479,0.19570995482702064,-0.92738016943465484,-0.28046288444267381,-0.24760167969835387,-0.17364076256515357,-0.26354859852337043,0.94888936225049925,-18.55152433840048,14.273853100359746,4.3047483210946291,,0.324260860419195,0.4666666666666667,False,1
0.98836781940891005,-0.0162807436673921,0.15120843542115608,0.031418039441528982,0.99466407486308284,-0.098266397992493371,-0.14880174849284467,0.10187401809296262,0.98360547176348501,-22.531189006104938,-7.1999064332315594,-0.56871590602145483,,0.4054693609650258,0.2692307692307692,False,5
0.78060567491138677,0.59228925249313535,0.1996201935608288,-0.56977580901140457,0.80562175016353621,-0.16226251301160557,-0.25692471224376012,0.012924281201107626,0.96634499801773532,-8.5475628708713849,5.6347377299082595,0.57662543745267181,,0.1324522818650211,0.2424242424242424,False,5
0.4013411699264367,0.86398378303405665,0.30406790027268399,-0.87587120303609456,0.45912630855929404,-0.14850140901964554,-0.26790838175425419,-0.20672458838482613,0.94100480527090857,0.47093303991933072,10.320032508833203,0.41289820210040162,0.8758323518721229,0.4711651666229502,0.9138461538461539,True,9
0.94684392454933786,0.28618908110870622,0.14690947007651087,-0.26242267333463359,0.95128613966320885,-0.16183022277860676,-0.18606698542167852,0.11467558737073744,0.97582200559183163,-8.9589406135517358,-25.821083764519578,-7.6513813891842402,,0.146703341994387,0.3571428571428572,False,2
-0.6762443633213171,-0.73638740442593043,0.020667648124244709,0.69192277010649006,-0.64454081667672558,-0.32528451522607277,0.25285656266806267,-0.20567140355562524,0.94539030695007198,5.6778479434270199,12.106521065362964,0.065726078236269747,,0.4585631578011142,0.28,False,7
-0.78247435985168901,-0.61970012606291414,0.060873885470675099,0.54868118096879959,-0.73240354789925899,-0.40315506281734886,0.29441949294394892,-0.28205814432876325,0.91310479431029268,4.2711617168891642,-2.7507770262428903,-3.7081276276412991,,0.6419181004436458,0.504950495049505,False,3
-0.76965001418138368,0.59621034800888073,0.22841207629572993,-0.63667697751470365,-0.6899353941574865,-0.34442935152436788,-0.047762767647392124,-0.41051476564903755,0.9106021882308315,-7.951075259667113,-14.246824441677163,-4.6498902956821837,,0.5842896018850086,0.4137931034482759,False,1
0.51549358160212722,0.82902601314618662,0.21675386237377847,-0.81469082919142977,0.55257180673361073,-0.17590693913127692,-0.26560350178111852,-0.085908485786289276,0.96024710981679895,-2.943329863604824,7.6707695690704734,0.25979735308132063,,0.1542380030358925,0.4242424242424243,False,5
0.98932915291001622,0.028729481270246986,0.1428371244050064,-0.015515698337153948,0.99556603952164513,-0.092776743078724022,-0.14486921794314755,0.089570518906209762,0.98538826451070149,-16.72426672514257,1.8861972166511953,0.81435363680558248,,0.1622642863066039,0.3333333333333333,False,2
-0.49148367714277647,-0.8694726906381538,-0.049608823173559108,0.83130447581715716,-0.45140554044401948,-0.32429293322982716,0.25957015157482455,-0.20062472003941384,0.9446549942283321,-1.533126504952149,-14.697373909293306,-5.9206182565605934,,0.08754535617683555,0.3333333333333333,False,1
0.97707787359489928,-0.17581031647291329,0.12003983319283837,0.19610246553653762,0.96275190559281931,-0.18615206495735351,-0.082841124701210633,0.20542517104554081,0.97516042124316626,-10.710979071616785,-9.9979271819917486,-3.1396023255092942,,0.0750145070990543,0.3846153846153846,False,5
-0.39061502002510279,0.90761633705474976,0.15379366320530827,-0.9063810223477643,-0.34999225247290167,-0.23659853240619724,-0.16091410273375756,-0.23181459816039174,0.95935845418755017,-14.694534066661442,8.5906951052237766,2.3355709255859973,,0.08806869462407699,0.4074074074074074,False,1
-0.60718600472181095,0.7755297465773302,0.17285475938968775,-0.78742155212311271,-0.5582242217818949,-0.26144410008264896,-0.10626596313962978,-0.29485476151776807,0.94961477173025632,-17.887681019575602,-8.2622839635203906,-1.5423604185947783,,0.08075000504284524,0.3636363636363636,False,5
-0.65293574314617131,-0.75115522540643864,0.097163484225087346,0.71396646758918347,-0.65321973778918629,-0.25210287051291125,0.25283749421393142,-0.09523550549678779,0.96281015782572177,-4.6062796862101001,4.8748096650126467,-0.21937064617883878,,0.07939479041937236,0.3360655737704918,False,5
-0.70771061508179722,-0.70306245958638824,0.069633779309204502,0.66212364590374984,-0.69440787083282474,-0.2817622871509769,0.24645073105119947,-0.15329998971220415,0.95695410042413653,-12.192492910439388,4.6201760452848593,0.92509150765234194,,0.07764828982520049,0.2093023255813954,False,3
0.35495648388682727,-0.93270903043172249,-0.063716238886302901,0.91837864974920191,0.36062913098005306,-0.16287199137176606,0.17489010901572871,-0.00070316405453263453,0.98458770829661435,-2.8321338365465025,1.582558336372786,-1.3810162744001566,,0.6016536119116577,0.4448367166813769,False,4
-0.62117034077686861,-0.77782040868061142,0.09561809232084334,0.7421756803346421,-0.62305916089566626,-0.24692618642784955,0.25163995560912361,-0.082417800649597334,0.96430526228841196,-8.3030987454968876,-0.012441659689432394,-0.94649784057446151,,0.220031849255169,0.8433734939759037,True,6
-0.99178957635420106,-0.011796433783732975,0.12733530690716485,-0.024360525151557375,-0.96007462501826935,-0.27868132196179091,0.12553884279176791,-0.27949518519290645,0.95190463829339966,-16.450197592524315,8.5397093079267226,2.5325992207575427,,0.09280392961830139,0.2571428571428571,False,2
-0.49627614068622972,-0.86600438458649154,0.061207826807958846,0.82940509740283486,-0.49377067313154643,-0.26130003206546476,0.25650960330516842,-0.078910887919165978,0.96331505499500703,-16.807773754854058,-2.9316661731541878,-0.31854288512833523,,0.9351827092326903,0.9267241379310345,True,4
-0.52790932055169826,0.75817040690290827,0.38273931516284487,-0.83968338544961763,-0.39830080548267738,-0.36917242658643989,-0.12745023136312575,-0.5162694087862747,0.84688980161350202,-24.561683192613522,-5.518228390522828,0.23423894156573541,1.72199582628362,0.6419401373865103,0.3043478260869565,True,2
0.26560358954928309,-0.96345924156644602,0.034655779586435884,0.94890472057234954,0.25489983553435375,-0.18602662476126886,0.17039531828676072,0.082294372133014479,0.98193333369490288,-3.1420208999486947,13.196411104012947,1.7711279572969125,,0.217107650062539,0.425,False,4
0.98418522194463665,0.067627852158906626,0.16372514320702045,-0.079081494352000029,0.99478102323996787,0.06447350659532522,-0.15851046071739508,-0.076401501385875537,0.9843968937522829,-13.745226626197086,27.276583372741175,6.9070631980046153,,0.4763497934143847,0.2727272727272727,False,2
-0.98167047153034948,-0.16748144329239928,0.0909563163176524,0.11514965998630067,-0.90149880131018323,-0.41718157562546171,0.15186718253270304,-0.39906124516043695,0.90426018461534674,29.664810311473513,12.662057703384443,-3.8138565571476239,,0.3104090818381989,0.2142857142857143,False,5
-0.83496090261749811,0.53122758241785395,0.14365774179853877,-0.54994995168725425,-0.79605084237709645,-0.25270161651620326,-0.019883202442268058,-0.29000053798087638,0.95681991316623549,-13.997902114180205,-0.43094248550588227,-0.11997768187582358,,0.0953934207376285,0.467948717948718,False,3
0.39695634336130675,0.85289089005234464,0.33912061442935126,-0.87946813321675177,0.45915973733450915,-0.12533211187539994,-0.26260514869564811,-0.24849439687169028,0.93235672926295365,-1.8040453664206482,7.8444647059716157,0.12051256573512122,,0.1618606569763979,0.4117647058823529,False,3
0.27858999105125776,0.94109555513535914,0.19164230480384747,-0.92627704057038129,0.31601022151490704,-0.20530071604910768,-0.2537685185326129,-0.12031914229485709,0.95975249048866418,-20.125072136019593,1.1196022795871756,1.1981233024486253,,0.06858271827925864,0.375,False,1
0.14433682762251052,-0.98566216394132355,0.08738980928218977,0.96677526482892706,0.12163715349670851,-0.22483324977453009,0.21097977985301758,0.11693802402865369,0.97047052043297355,12.755620612104616,11.039802413290001,-1.3862950685418396,,0.1374337277088244,0.6923076923076923,False,3
0.92661992461709208,-0.37299233777652691,0.047457678647579507,0.37442451756429873,0.92689929115411218,-0.025767900666291005,-0.034377259189147857,0.041646368605280815,0.99854082742401507,-14.562262627546245,-15.06128862813275,-3.8873515347171348,,0.4927403598953544,0.2857142857142857,False,1
0.46075393232112932,0.86038428195912409,0.2178180461033884,-0.84475503532991036,0.50040664252329459,-0.18968954215592623,-0.27220349765456253,-0.096602688763022276,0.95737828280590132,-19.196183915636521,8.9609335221960258,3.080326773607867,,0.2283570063407584,0.6,False,2
0.83923585742349549,-0.53352486940418653,0.10504470163648257,0.54360437822494911,0.81844790039650217,-0.18611102683942565,0.013321245787027453,0.21329380690447786,0.9768972803457272,-5.7553861999721736,-10.091043124904353,-3.9990373274375939,,0.08009424781339596,0.4193548387096774,False,5
0.66547859026657219,-0.74535905684379256,0.039725587191994538,0.74147955215586947,0.6540282414154085,-0.14985036925480211,0.085710673965078615,0.12917792308286,0.9879102917555076,11.068581573142815,1.8793174940669295,-3.5989515740226619,,0.3203603847567628,0.2608695652173913,False,4
-0.2617190666513321,0.93356043423952217,0.24488373930024121,-0.94673987678747018,-0.19901370023474058,-0.25313465353309572,-0.18758127798796742,-0.29809136643215589,0.93592457036184762,-0.40363781936208348,4.3445165278943847,-0.95876282057715478,,0.07419396830699232,0.2463768115942029,False,5
0.63411446408552674,-0.77234579137461001,0.037159453487051408,0.76666374109810831,0.6217417733467997,-0.16019948614472229,0.100625814396614,0.13007361693098107,0.98638496524202657,4.6660783150963274,-10.52883995829421,-5.9508897383342019,,0.0898269160869617,0.4545454545454545,False,4
0.2148727609695727,0.95042591684826416,0.22476715324185903,-0.94211483176886945,0.26236548779443675,-0.20876780061949621,-0.25738947211264762,-0.16689795504296537,0.9517855495057953,-22.105938626308188,-10.948498880469902,-1.5370492250176462,0.5667197586548295,0.2084162365416319,0.3684210526315789,True,5
-0.85229983851806712,0.50196628218442119,0.14701985176167945,-0.52291251721093024,-0.811192175872395,-0.26178188086179244,-0.012144324032445322,-0.29999517555013921,0.95386341267523012,21.476999146032988,11.645720236518709,-2.702580682085101,0.4606331419117744,0.4014477845243851,0.8205128205128205,True,5
0.44859532662574625,0.87958281739125366,0.15841811853321844,-0.85451318070708593,0.47405099455646571,-0.21232729112830831,-0.26185770358612664,-0.040121339834189196,0.96427217172461754,-10.357134005214558,6.7344730204841197,1.1192295410984043,,0.07607089465745415,0.3636363636363636,False,5
0.89860769789149153,-0.4349616075801348,0.057555236264488038,0.43846053989300959,0.89503764857306289,-0.081608593870592605,-0.016017498146927142,0.098569810632412047,0.99500122220276999,-11.177292817568356,-16.518594790168081,-4.769929277336403,,0.8961702338813794,0.5,False,2
0.25294934104517447,-0.96689565854623039,0.033606790225534158,0.9513863313481562,0.24228224866048961,-0.19016666508069363,0.17572899416063401,0.080075573481977885,0.98117644852637165,0.045273629303497626,13.111216963711918,1.2527173984562212,0.6299036890098745,0.1774540354176385,0.2307692307692308,True,5
-0.72089356875704658,0.6782353958099826,0.14251038697303975,-0.68983402074468658,-0.68244499422110261,-0.2416564786753676,-0.066644477250171377,-0.27251711456904021,0.95984005746739676,-17.579735786252648,5.0506789236837637,1.8260998254339988,,0.0726772082264995,0.2666666666666667,False,1
0.8242523076431244,-0.56462938572707266,0.042447498376841072,0.5658201544131416,0.81852235945863694,-0.099341330402575048,0.021346807837987536,0.10589997091469643,0.99414762985956662,4.7037844743195949,-6.7274215636023289,-4.9790565622836471,0.3646930119983715,0.1290233658782525,0.2857142857142857,True,7
0.10084893280954581,0.90863454705560642,0.40523172709972866,-0.96509952533834886,0.18829080538810172,-0.18201505102049736,-0.2416865717057321,-0.3727329238252951,0.8959116968506311,8.5060488895881292,6.454194021223806,-1.9301868684611485,0.4355595004808752,0.4534527231679843,0.1363636363636364,True,3
-0.99054922954456726,0.031587942856234827,0.13347069234395903,-0.079196119579513863,-0.92623032919257753,-0.36854491168290116,0.1119830276971108,-0.37563223923130096,0.91997838146223143,-27.176912951445317,-9.4041501640077438,-0.40932732698710378,,0.5515607016275808,0.6363636363636364,False,1
-0.99155466824656813,0.018256728090690968,0.1283979429658498,-0.053514803832396395,-0.95942187536008505,-0.27684983447948597,0.11813342308262803,-0.28138293651172458,0.95229624455356365,-19.549125040533742,10.283041463614063,3.4722911684674838,,0.07677208458415478,0.3,False,1
-0.99160247528472822,-0.062421178349443024,0.11326132394894391,-0.0064824971006688476,-0.85070692572708717,-0.52560032700837278,0.12916078445310103,-0.521920801476082,0.84315844818517005,-15.267630615291774,-6.5986413263249526,-1.5003272082552364,,0.207375808092401,0.6666666666666666,False,1
0.00089515965532576671,0.98498795556442353,0.1726207579702079,-0.97366942350092767,0.040209654182676524,-0.22439036844276714,-0.22796283124352251,-0.16787468869227187,0.95908864890994838,-8.8436942051264911,-5.2673891584400101,-2.1790157850814089,,0.07260800739952791,0.31,False,5
0.2580641662742747,-0.96563900380223522,0.030727844392203829,0.94683422533657302,0.24645823664220265,-0.20679286090798377,0.192114121855881,0.082460001983045844,0.97790209748036683,-3.5328528883838133,6.7415883313039844,0.13297863672523552,0.2286297028840007,0.2088480774770598,0.7320574162679426,True,5
0.33558995901424737,-0.93502581147371366,0.11448192558976444,0.92602914413027748,0.30516292742504908,-0.22213872230370316,0.17276979953152477,0.1805611242856526,0.96827076624596053,-19.126919340284914,5.4973390177161372,2.172419775358764,,0.09506907531005618,0.3333333333333333,False,1
-0.4539358395123882,0.87235641279395582,0.18148427662870883,-0.87570909761825211,-0.39916335328687025,-0.2716655917509781,-0.16454734867147308,-0.28224618057653761,0.94512499892614543,1.820462975876417,-8.4861967420834006,-4.8979330033153499,,0.1108272331656813,0.3333333333333333,False,5
0.23782962746864661,0.94457805925745741,0.22629484807998043,-0.93788334243008031,0.28391783265422599,-0.19941288898441029,-0.25261018247550232,-0.16481187539235037,0.95342809977436216,-0.2679343960217368,-14.13985202539221,-5.9680379239478807,0.2507131189560953,0.2216459600700197,0.6415094339622641,True,5
-0.46349980288455478,-0.88562057757253065,0.029053834619112734,0.84247399203679729,-0.45060565017950055,-0.29528311967989401,0.2746006290370796,-0.11238656773122663,0.95496793345432973,31.683349595470382,12.715277511620116,-4.1713952031763855,,0.359473183366946,0.3636363636363636,False,5
0.21956188112080763,0.92605355978707893,0.30694850506944921,-0.94373920664916933,0.28135324208748358,-0.17377187056614402,-0.24728301638383338,-0.25152565986900666,0.93572749892026374,23.41628428676389,12.053056063627965,-2.9358879651394094,,0.2473495017617554,0.2222222222222222,False,6
0.9601575346000506,-0.27040214953152192,0.070570434882358951,0.26919862792647498,0.96272762638102549,0.026222435532578164,-0.075030710200931036,-0.0061802048096632131,0.99716207187961903,-9.9671191808591058,-6.9341721794701288,-2.425385514424764,,0.1591558122665141,0.3173076923076923,False,5
-0.78545655078049359,-0.61209885294073563,0.091613323619693418,0.57155726836017584,-0.77415110047732161,-0.27205213216294993,0.23744535333559363,-0.16132286836772081,0.95791160151704347,-15.889819344470562,9.7741883415229989,2.7513179941466395,,0.09231503274349769,0.3461538461538461,False,1
-0.0052410546475310724,-0.99937955423716696,0.034828693901756552,0.9734591137054377,-0.013067984943675347,-0.22848759641025321,0.22880097309671671,0.032706793518052793,0.9729236251462714,-5.8669011620461333,-20.499323366561729,-6.7458689738703193,,0.6445409068825323,0.3939393939393939,False,1
-0.42646973504669666,0.87674053834134102,0.22237264561572379,-0.88592178167596369,-0.35531369278266151,-0.29815227061559524,-0.18239013635963719,-0.32415769025288355,0.92825407621438916,-12.658179013206654,-10.091813416834901,-2.8764873318516413,,0.6123950397844791,0.3357142857142857,True,2
-0.34995334898149721,0.92317774107466299,0.1589827409529658,-0.92125710211802891,-0.30841136487008736,-0.23699742997775805,-0.16975866791927552,-0.22940202353783481,0.95841364048255329,-18.827279563895068,3.5222397725662082,1.6112928749181696,,0.1557247558468685,0.1891891891891892,False,1
0.9787276568467389,0.11816453583687148,0.16771796622231605,-0.10707736701243147,0.99151472235851079,-0.073708838140428168,-0.1750046033593925,0.054182080218311238,0.98307562831464779,-9.5765787545478478,23.676982080439561,5.4055543977276859,,0.4022282786351385,0.3333333333333333,False,2
0.15683156989891536,0.93871640218145436,0.30694523120346495,-0.95659248267459718,0.22167763274352811,-0.18918205314372991,-0.24563118851948182,-0.26395178237081945,0.93273510484476529,-9.9576310356649991,9.8385216465935681,1.9062367960815734,,0.1253163979703188,0.275,False,5
-0.80618321750549082,-0.58508395069609076,0.088007899931481309,0.53606967013806517,-0.78525385813191773,-0.30984784499332085,0.25039554423064542,-0.20261576672804482,0.94670424236011874,4.2827869120782189,-8.8742128834466776,-5.3931747154918428,,0.1903683798647178,0.2790697674418605,False,4
-0.99086855558432341,-0.031861987137328095,0.13101266858551547,-0.004132654302225933,-0.96404433762690345,-0.26570930781198476,0.13476804785503008,-0.26382442810544771,0.95510954576539453,7.4768612715575449,16.36151995600569,0.876726858296768,0.745594668096559,0.6119450668395185,0.8695652173913043,True,5
0.48714192024181985,-0.87013048224317491,0.074603575077695328,0.86236989802410802,0.46578710762440362,-0.19839488237548639,0.13788005122208014,0.16098234139853029,0.9772787612717494,-22.136456207033973,9.8228985061962177,3.6568715567109291,,0.1542999601563692,0.5,False,1
0.61728501909518896,-0.78673942490381099,0.00053150980614063981,0.77580479220857335,0.60859305361087257,-0.16655755606638506,0.13071392269710874,0.10322583203159627,0.98603159077917968,5.1945663678224792,13.19128843382688,0.39433704861806002,0.5877032579569139,0.4169983007314981,0.6086956521739131,True,5
-0.88902233726680069,-0.44283753517353425,0.11633658617177933,0.40350941003923163,-0.87784735391269764,-0.25800034736074778,0.21637800223328224,-0.18242516457414557,0.95911501890004314,-11.001765582384795,18.528741130998831,4.258805841406609,,0.6075708672094111,0.9761904761904762,True,5
-0.75877593274383914,-0.65112877088520504,0.017041350129622462,0.61046801439382337,-0.72002921825668209,-0.32997989068841105,0.22712967065264977,-0.23997760016758846,0.94383412956251234,13.454181509119433,-9.6162016712749132,-7.0775213485651403,,0.5269215879075627,0.803921568627451,False,4
0.98588947621048761,0.049836062349003105,0.15980709492058529,-0.047397539767237998,0.9986946777889103,-0.019037168384978986,-0.160547232680678,0.011194080831012539,0.98696467952653977,-31.616520702665646,-17.766894432939822,-1.9089381547797157,,0.2487813901651036,0.2142857142857143,False,2
0.27528540354305586,0.90440644767190448,0.32598607946601621,-0.92336374547809474,0.34313147311813996,-0.17222132763522585,-0.26761416280309502,-0.25359370963267647,0.92955521100251837,-3.7569994842772929,15.436460393091831,2.4079044263032583,,0.4794566203010968,0.2758620689655172,False,5
-0.97314295726648703,-0.21360529005222287,0.085822868655975382,0.18120916598612388,-0.94073393762281632,-0.28667559499769674,0.14197190878919816,-0.26342444584050256,0.95417584251980236,8.0068111584868209,10.462075048074036,-0.78090445571257561,0.564962769763354,0.2479806550181838,0.5,True,5
-0.85022069229772901,-0.52522333848731062,0.035569918428562775,0.47887176853442026,-0.79971271419712664,-0.3621345109930581,0.21864721285552008,-0.29086082489690657,0.93144692648094773,-14.110687676912718,-4.04534805180477,-1.0577144636752793,,0.1222197991661481,0.1666666666666667,False,2
-0.10654515397933291,-0.9917503192305207,-0.071270151323543723,0.97355589624317496,-0.089485369777032961,-0.21019344777137175,0.20208178308216931,-0.091780569305426996,0.97505860338971584,-6.5861130496562161,-10.953090917101671,-4.0695539329923154,,0.2436779342970091,0.2307692307692308,False,2
0.050289615707937586,0.93987435658902541,0.33779749611018856,-0.97335241950225193,0.12189078523085475,-0.19423620652421422,-0.2237320316831265,-0.31902794595798434,0.92095881976164884,4.3827593289829663,-13.943912816212123,-6.6999433704785254,,0.1665063505892271,0.2857142857142857,False,4
0.70024188775193708,-0.7080846414638331,0.09098043284486676,0.71241830991586841,0.68486318249588685,-0.15304434964487987,0.046059204663371475,0.17198419050785224,0.9840223513117663,14.963691848514513,2.5475745689744911,-4.074593641072159,,0.1400559227393188,0.25,False,5
-0.94340418359540734,0.29333490083906111,0.15473584692765791,-0.32753485790590969,-0.89731356144536478,-0.29588729155337035,0.052052504562575361,-0.329822692360565,0.94260677292961847,-8.4626929109727111,19.166315400895332,4.0765351318092646,,0.2939196564862009,0.7297297297297297,True,5
0.44317206293672129,0.83406287988172201,0.32853863552985629,-0.8548895466601123,0.50350685949394802,-0.1250787969793859,-0.2697450382188325,-0.22543281670145271,0.9361718108928353,-2.3110528244905413,15.239757198425883,2.1655573090130567,,0.3438562046820809,0.1176470588235294,False,5
-0.2077789533572956,0.94021240761513714,0.26986762515776785,-0.95978663691510557,-0.14271643583319149,-0.24174703833193401,-0.18877901933461227,-0.30924528696427561,0.93205677635509121,-21.302513148173929,-9.2773729522776662,-1.2676272630158727,,0.3240521817866441,0.5777777777777777,False,5
-0.93810931562608968,-0.34416756626489869,0.038724646762061263,0.2887221303093066,-0.83889553291485186,-0.46140417892035068,0.19128628650586979,-0.42166689600537027,0.88634450717990632,-13.081448129523336,-13.380694330739736,-3.5979789054112508,,0.6593881692205504,0.1923076923076923,False,1
0.98600993114185864,-0.12378626867936392,0.11163053066284144,0.13239751559947818,0.98848111248509607,-0.073321130128449236,-0.10126852202295233,0.08707496739400708,0.99104118809493458,-6.2801775956957444,-7.2235688246789636,-3.1576869080717223,0.3345785865809116,0.2291227620726413,0.1875,True,5
-0.59897047166441364,-0.79879583001255605,0.056210284011566886,0.75830214896968251,-0.58836119710689061,-0.28072932267026829,0.25731736230202357,-0.1255241956496746,0.95813957822669604,-6.578005032626085,9.3989849341999729,1.2760047196030826,0.1922683928980249,0.1111552310694878,0.5,True,5
0.96630337051175286,-0.24808392638053914,0.068645186351559487,0.25567473307462485,0.955922182531869,-0.14437178329135716,-0.029803137500009444,0.15705778049852379,0.9871396185849457,28.232888486726825,4.0098050612931022,-6.0488482316743166,,0.4442814099840275,0.5714285714285714,False,4
0.077703534006760305,-0.99285199049411232,0.090592967578833755,0.97290853964861346,0.055668368621987999,-0.22438807056920235,0.21774097979402757,0.10557441786174268,0.97027980913316514,-10.498974573032037,-25.68518562062766,-7.3838896072428621,,0.1325197954693135,0.3076923076923077,False,1
-0.84981361811698242,0.50613213602299367,0.14712945098696342,-0.52695810311408919,-0.80975640964054041,-0.25808857899655679,-0.011487907787079046,-0.29685824551604223,0.95485245459380386,-18.050520088708101,10.002069749862764,3.1612222653685276,,0.08389868862194952,0.3043478260869565,False,1
-0.27631047373013407,0.88824066702923998,0.36698915452977809,-0.94317314939415875,-0.17727142906629528,-0.28106805350074765,-0.18459938344678883,-0.42379636368454832,0.88674669988606158,-18.301075952690699,24.68159312995644,6.8992071349562734,,0.3318551381939902,0.1818181818181818,False,1
-0.75792449674550821,0.62722317469317868,0.17928063576660638,-0.64921662961092474,-0.69837706426404988,-0.30130921649786724,-0.063782639250031622,-0.34476160638582942,0.93652080045910502,-17.727878413815574,-0.4143567019703146,0.42139590412097438,,0.1379073112580175,0.2121212121212121,False,4
-0.11514832925941057,0.94099916441142606,0.31821601915328457,-0.971549485364124,-0.039943354000345467,-0.23344405316886579,-0.20696004386709896,-0.33604330234093388,0.91882666439014904,1.2721913684592152,4.2361985724507196,-1.3174117989530232,0.3042088539822614,0.1575558453748434,0.2,True,5
0.077507893170177561,0.98257888843154784,0.1689119726512768,-0.96788203308974852,0.11479800990513979,-0.22366445167678264,-0.23915872661974258,-0.14615110307638732,0.95991820409406736,17.489995528583897,6.4762801960649119,-3.4564147607236082,,0.1651469353245032,0.5,False,4
0.848770899611207,0.50691763233967391,0.15040769261019421,-0.47902168091190334,0.85760844674949788,-0.18720571914407208,-0.2238887875475635,0.086846220914060843,0.97073762918897355,-7.3497143672389562,7.3864444422653222,0.86847618779432556,,0.07399374969349906,0.3389830508474576,False,5
0.94546918952657355,-0.30487647260274187,0.11462263349475943,0.3220209470659347,0.92778814812443222,-0.18844538161121133,-0.048892957639344731,0.2150801912151519,0.97537171890522378,-11.452441098268412,6.646989762784222,1.3336241355986722,,0.07651082515763143,0.1621621621621622,False,3
0.7609640714830247,0.62786745603288563,0.16345072519500264,-0.60346741589644526,0.77748296875184653,-0.17705171914467219,-0.23824516755486699,0.036092810303570463,0.97053415662775389,0.67136578802954849,11.65682383779477,0.76518842230375073,,0.1531932278171688,0.6164383561643836,True,5
-0.74448731961067627,-0.66714897722349409,-0.025512215281261991,0.62498908579221046,-0.68298317798711272,-0.37805108282776007,0.23479197937648677,-0.29739909343552273,0.92543314488092654,9.2639065069824937,9.9125289017180869,-1.0928979255955698,0.5221602349882495,0.5375724053340438,0.5,True,5
-0.63444275663141547,0.75418194222414137,0.16938709095132065,-0.76662761501821275,-0.58592850737065549,-0.262621179918684,-0.098815426171304177,-0.29647492688828908,0.94991480106226667,8.9489145846143803,-5.7690495089529508,-5.4096416411906842,,0.09794836919490552,0.3181818181818182,False,5
0.91471291480841443,0.35009985472814947,0.20181767812068307,-0.34007922311357225,0.93668018293806332,-0.083524588580766418,-0.2182805659905713,0.0077670206930195648,0.97585514698667797,-19.788946571905075,-5.1066766543854776,-0.41319647570022905,,0.4251991117350937,0.2121212121212121,False,3
-0.82248851116302235,0.54735755906635364,0.154636190905484,-0.56837845301040046,-0.78071088080337803,-0.25968529944668944,-0.021414554824655277,-0.30148005427911134,0.95323197266642556,-7.7735799858760464,10.166265848235598,1.6413961148100162,,0.1280723302182391,0.5211267605633803,False,5
-0.60130859576217122,0.70300500145462674,0.37975247279288127,-0.79191111395245439,-0.46110488814398426,-0.40032370617827323,-0.10632384615461558,-0.54144828936797473,0.83398380660501159,0.96582735335975389,7.2532992402409011,-0.50515288833617733,,0.7996060192107236,0.4516129032258064,False,1
0.91605835720096562,-0.3847579903470798,0.11312990350187879,0.39992309232912715,0.89748250230321536,-0.18597493992865599,-0.029976764738318867,0.21560715879495998,0.97601995197443991,-1.0981242044327693,12.191362422551917,1.1720475623443734,,0.07922790503540225,0.6666666666666666,False,5
-0.91954990810816184,0.35583872417930806,0.16675361727025131,-0.39074336813687621,-0.87307180330659639,-0.29165947014972327,0.04180414758514589,-0.33335330903623883,0.9418747181017596,-5.9929295060023957,-5.7809462963703666,-2.7967102357453193,,0.1314715988271618,0.1096774193548387,False,5
-0.12052304479623177,0.96933160183674238,0.21417385777368242,-0.97012064119388097,-0.069243099110826684,-0.23253243807069712,-0.21057097901330069,-0.23579999768054338,0.94871398423931586,-22.965563544821507,-11.923409324074029,-1.6744505835550745,,0.09976785551031794,0.2083333333333333,False,4
-0.97482752066361023,-0.20426548180305337,0.089369558019516127,0.15028058740340805,-0.89806212604629077,-0.4134007290884979,0.16470291438381968,-0.38956389810271386,0.9061528123271998,-18.081920155531474,7.347773461789842,2.5110753428149852,,0.3660525093483309,0.3684210526315789,False,3
-0.67507096639123709,0.6919376758372473,0.25593249714045618,-0.7330894575652146,-0.59020278020263051,-0.33799486009083762,-0.082819306579690707,-0.41579193233880052,0.9056809766466476,-22.281703500230247,3.8352276876473597,2.2806404384192702,,0.1710763231424566,0.1111111111111111,False,1
0.86431641338647514,0.48146603326026682,0.14542213162845471,-0.45318576907154789,0.87093371625034066,-0.18999242250521675,-0.21812793553731163,0.098310328628251648,0.97095586049172988,17.462364171545303,14.758228539800959,-1.1331735770902129,0.5086778315505046,0.363988283068476,0.4166666666666667,True,5
-0.85292837481960093,0.49400110688838339,0.16874861131471547,-0.52189997852233816,-0.79978072863623151,-0.29659939062729079,-0.011558539958666347,-0.34104793284104379,0.93997484416279631,-19.658804213065583,-1.6469898901061737,0.42355493126939886,,0.3143463596740175,0.7431192660550459,True,4
0.33273399043264079,-0.93992143919583282,-0.07639227546554847,0.92485184148341348,0.34107586680371793,-0.16827455062733229,0.18422041937719469,-0.014660873920928963,0.98277560809187969,-5.1965807580373502,-12.502417260229034,-4.7103731188044771,,0.07660206010158847,0.2391304347826087,False,4
0.2428852904018593,0.9532601591390879,0.17972702830828199,-0.93759184180137323,0.27822235091231479,-0.20859976423844315,-0.24885392079272883,-0.11784478117823602,0.9613450648207128,2.5080476043413378,11.67166962140513,0.50897476364459571,,0.1055096226780748,0.2631578947368421,True,5
0.99186430750597465,-0.0040687115636574333,0.12723459074444032,0.026225053605187211,0.98458071905788003,-0.17295390779879211,-0.12456902527955543,0.17488354195200811,0.97667717527093978,-20.983049066253045,6.3519828917410317,2.6785693709338765,,0.1021290038613132,0.1,False,1
-0.78717880693205267,0.5400823520649396,0.29775926334042635,-0.61584756887782754,-0.66263009007568785,-0.42620785496463542,-0.032883093289715726,-0.51887610921518523,0.8542167672560701,-11.735643181994313,9.3554619306433402,2.0188883997370697,,0.3289355252057705,0.4285714285714285,False,5
0.98109858801675975,-0.14044006613027749,0.13312455978084015,0.15688734125526005,0.98000676869536507,-0.12236460053922381,-0.11327807707308062,0.1409372950520604,0.98351652559478264,-1.035362395808815,-7.0132416498863304,-3.9500064773417036,0.2722489607722061,0.1956262708571916,0.299625468164794,True,6
0.29367140735723968,0.91392643430947307,0.28017062153478922,-0.93134571055750004,0.33957296627183314,-0.13147383010885813,-0.21529577777318981,-0.22232560187193984,0.95090433526476059,-4.1883774401403615,-14.867786802372354,-5.4422058011486607,0.3526807488687895,0.2589786810073902,0.4444444444444444,True,5
-0.67893955205903322,0.70848447238775192,0.19258981550260856,-0.72976332298621127,-0.62243556557235646,-0.28287710959839851,-0.080539289008551715,-0.33260144181297557,0.93962210692912473,18.144438032322206,3.3862069441596461,-4.437277973205207,0.1860443713379219,0.130230726950786,0.2,True,5
-0.83920598558966364,-0.53777397414972106,0.080823675230074138,0.49726369356339084,-0.8190125093607965,-0.28626443819347402,0.22014116565098676,-0.20004415072115106,0.95473567281634453,-29.556996252562008,-16.185678057105967,-1.7409244344605619,,0.1260173907245903,0.2916666666666667,False,2
0.89253747070514644,0.41738657177611799,0.17077854984815455,-0.39407707682088922,0.90597176689285019,-0.1546557956151321,-0.21927179689043935,0.07073618094035089,0.97309622946264207,-14.183717960198864,18.217092564480538,4.6660897662661567,,0.18007651481261,0.4827586206896552,False,4
-0.80858026405397332,-0.58508016032286969,-0.062282923654664923,0.56621304726323818,-0.74495261852778327,-0.35277242133913789,0.16000231776848112,-0.32051022159233095,0.93363400546656938,9.2171586381448698,-20.738107387217632,-9.4115980584129311,,0.1880142039483147,0.3333333333333333,False,2
-0.25836855592607627,0.93909279949835944,0.22660627360911501,-0.94839123871291853,-0.20192882976926799,-0.24449704709994061,-0.18384707678190218,-0.27808175351566855,0.94279944352995948,13.646147523428224,1.1321360570492534,-4.2374029970953213,0.2174204202928747,0.1568296050179487,0.2413793103448276,True,5
-0.94207650829626621,-0.32677626801597187,0.075558739917151674,0.27889741602217233,-0.8883732563280845,-0.36470424836734489,0.18630105703529806,-0.32250616754193784,0.92805263215236944,19.741263106554783,10.980005680295353,-2.5875880483711451,1.080124413860554,0.325186356330547,0.1818181818181818,True,5
0.46234214302151727,-0.87959210295292722,0.11206014103649581,0.8757566731724844,0.43317868551796718,-0.21308795321835877,0.13888841629212378,0.19665695725240576,0.97058541560446521,-2.311169764496424,13.337681243324335,1.6224593766943389,,0.08547685288575846,0.2972972972972973,False,4
-0.62013844852022715,-0.77520900961552597,0.12032994672084191,0.74166203996915736,-0.62933202493133855,-0.23211768753071971,0.25566721169464296,-0.054700948865043786,0.96521608101893452,-0.37281522516653454,3.4355621513707835,-1.2420276463043423,0.1679460175316789,0.1269730334878679,0.59375,True,5
-0.6685935101174808,0.72806068278914338,0.1513616873762702,-0.73875458321899046,-0.62704180971603085,-0.24710369208285862,-0.084996376403475751,-0.27703106512564735,0.95709425082048605,-11.047784913919113,-12.197898742450146,-3.6874261466410601,,0.6368461184092392,0.9897567221510883,True,5
0.7309367424315244,-0.68003697271290942,-0.057281710056993784,0.6662909876035269,0.72927096707932526,-0.15562832779896638,0.14760690499400275,0.075588175785948716,0.9861534511826463,-29.433978524000807,-24.964748217685479,-4.0640184555124241,,0.2995798580118411,0.3571428571428572,False,2
-0.56217880635964035,0.75330355303572027,0.34130447794280527,-0.81969384689800107,-0.45274397821237355,-0.35089156095579066,-0.10980431247272407,-0.47702897938824917,0.8720013565277287,-21.807066151926275,-1.7263260659019271,0.77110534321672008,,0.3543023248136976,0.3442622950819672,False,5
