axis_00,axis_01,axis_02,axis_10,axis_11,axis_12,axis_20,axis_21,axis_22,location_x,location_y,location_z,dbh,dbh_approximation,score,reconstructed,number_clusters
-0.39617997381134568,-0.91749081855724712,0.035383982449581144,0.91673783760623817,-0.39311317677806207,0.071089854019383461,-0.051314378607545376,0.060602212060377886,0.9968421171085764,10.910855992686889,-8.9066379874823713,-0.34729347865869337,,0.1344238361482368,0.3157894736842105,False,5
-0.612862498843189,0.7556061518679974,0.23121180932408603,-0.78111083737153053,-0.62353399991491043,-0.032729355185482756,0.11943792217058757,-0.20066064439582487,0.97235275931023291,-7.4014194318998499,10.667798232008098,-1.5191858441935102,0.6321823965104032,0.4221541803494353,0.7357954545454546,True,5
0.3860101366511281,0.89927457313642156,0.20567308164386583,-0.91791346324225087,0.35223356991175675,0.18266468248086842,0.091820740582911925,-0.25930050971320207,0.96142196628810139,5.0388477274474228,1.1750783529391331,-1.28989248828561,0.8665964023843542,0.7112808807355062,0.8746594005449592,True,3
-0.54552352498034229,-0.83798924247897411,0.013345905084955839,0.83770144287680204,-0.5447096192675317,0.039341114365815,-0.025697787748081118,0.032641387331658556,0.99913670913339925,10.038234925782985,4.0315154537664055,-1.7699648714138143,,0.09335563400669779,0.1914893617021277,False,3
-0.83230042478192556,-0.55303036993404264,0.037860438962642191,0.55316257559962145,-0.83303639526021434,-0.0078440504755304535,0.03587712173267267,0.014414371387112518,0.999252249451406,-11.105692927855289,16.628787349232994,-1.633554725406807,,0.1197915322127353,0.2083333333333333,False,3
0.03380348733089901,0.98863966666804581,0.14645454494403429,-0.99592323879044098,0.021059076647895379,0.087712129878914469,0.083631493358825318,-0.14882246060737092,0.98532108905541016,0.30582792166000078,2.2305422496348615,-1.2286477791307007,0.3845048325722128,0.295774402614998,0.6244979919678715,True,5
0.81352003768028214,0.54987040170120327,0.18928203725031276,-0.5814286241519272,0.76279795407779472,0.28298416258074688,0.011220664395138427,-0.34026728110073567,0.94026181146680821,16.932530222407063,10.0366426044229,-2.90241039096954,,0.4692346548572936,0.2580645161290323,False,3
-0.067418714369276947,0.97990888171994794,0.18770535548874565,-0.99509418779375047,-0.079692859569391622,0.058622568629761881,0.072403552204928182,-0.18283225005456721,0.98047442290357278,-14.634802412823396,-6.6671134964744052,0.97767334306489717,,0.1122415902213469,0.3793103448275862,False,2
-0.6986244554094404,-0.71277824883490193,0.062217668645759533,0.71548826892774586,-0.69590018790724106,0.061639804489017763,-0.00063822460047332358,0.087579086878758983,0.99615736518425768,0.077386544846236541,-4.6306757846015474,-0.3687961549200694,0.3455568299908374,0.2924218236373326,0.8845437616387337,True,5
-0.77949664856251788,0.60328484683862094,0.1686190038361759,-0.6169705695030655,-0.7859621801323099,-0.04013437141316302,0.10831570175586473,-0.13531757083456891,0.98486388083661913,-12.316235910223552,14.157731623209111,-1.2876635154784428,0.5078292013316275,0.4902981467170878,0.6956521739130435,True,5
0.93730831040419038,-0.33173994040431259,0.10677894543299614,0.30617734116008627,0.93021797469583611,0.20236095303421267,-0.16645890486056866,-0.15698130937572705,0.97347229107936106,-27.857581516699444,3.6566653218918144,1.4409751425327049,,0.5572985016224199,0.5555555555555556,False,3
-0.96277119609874329,0.25179436061174915,0.098342381132021928,-0.24822292362046838,-0.96755208801654957,0.047205266275305059,0.10703739604410492,0.021037037313646263,0.9940324134097247,15.132110141068905,13.241725167662564,-3.0457022860961231,0.4380885919364215,0.3936201160090443,0.7755102040816326,True,5
-0.84471966868560022,-0.53362963651871653,-0.041086401212451676,0.53520874387216122,-0.84230267985238416,-0.063857622851729773,-0.0005308657754204138,-0.075931591201507082,0.99711288811204024,-13.958139579922522,-10.68632681101159,1.3882253045676827,0.4067438019290948,0.3221760102809345,0.2631578947368421,True,3
0.16997921450841913,0.96314608649491151,0.20846266501375635,-0.9830659095716715,0.15103225763573469,0.10378186060904673,0.06847250596497427,-0.22257329854003102,0.97250842808887106,4.3816898403004734,22.367198715796654,-3.0490183316032939,,0.6979093368725179,0.2857142857142857,False,1
0.94172699526611503,-0.32873751311520344,0.071287543497347547,0.3171242187246105,0.93832811863176857,0.13774095862622376,-0.11217172676463538,-0.10710737255575499,0.9878995467449323,-21.950647007267406,2.2413667002162549,0.76825219771300823,,0.6088270783885714,0.6825396825396826,False,2
0.99591923066655819,0.016947362437016451,0.088643515808876916,-0.02933513836240358,0.98966389177168246,0.14037389707700532,-0.085348319525277355,-0.14240143338378114,0.98612245493369399,0.6932686062052722,22.617030737384312,-2.901609114831246,0.7744032538086602,0.7484650952715542,0.9542857142857143,True,5
-0.46218883987718207,-0.88506707026371767,-0.055115854595426547,0.88655754478049986,-0.4625755921521707,-0.0062881903470438649,-0.019929778868733719,-0.051769708130027473,0.99846016507138402,-14.975743093393385,15.773711815698764,-1.1136961218306194,,0.4375321978517111,0.1724137931034483,False,3
-0.68203017228532314,-0.7307166970519845,0.029798535901800045,0.73122300617439218,-0.68069237457472553,0.044393765745953911,-0.012155629713736529,0.052067262701816983,0.99856959738468054,4.5177525287022995,10.69207314477014,-2.1725924598109772,,0.1122462753532339,0.1578947368421053,False,5
-0.97561609279209893,-0.20666698658368415,0.073905318763265018,0.2085340358973109,-0.97784156809486433,0.018423451852405404,0.068460173513215566,0.033385990507967991,0.99709507083344084,3.3913571633569437,10.434594033586313,-2.0923526610333849,0.2225867022528896,0.09925005450246319,0.2340425531914894,True,5
-0.71832612135361762,0.66980844255505412,0.18805380523414533,-0.6847253147767991,-0.72850668963360132,-0.020718263993549632,0.12312118698616518,-0.14364767119959171,0.98194018141333483,-10.10594681005465,-3.299845964150518,0.19675218740085301,0.1982024764566196,0.1651026884405145,0.4064516129032258,True,5
0.47449043949903474,0.87044080181812244,0.13111686906815601,-0.87965139778841195,0.46333153207126188,0.10741186972299241,0.032745094180729475,-0.16630304242171942,0.98553085029763232,-12.510512235680938,17.607346519912461,-1.5822443904212153,0.4669314329913102,0.430880889317018,0.9299363057324841,True,5
-0.95335397406765976,-0.30122564992559031,0.019475830054339865,0.29440507130288479,-0.94213421386593044,-0.1603395679623989,0.066647236405893873,-0.14712658118141386,0.98686975583879677,-4.2044976405163252,6.2855858414387251,-1.4285137349265375,,0.4076468059803216,0.1157894736842105,False,3
-0.095820314884467905,0.9735184600045953,0.2075578841810734,-0.98861232261804088,-0.11738231844326698,0.094165104389296803,0.11603509306759362,-0.19617135200422597,0.9736799565717833,-3.7898556120318165,-1.1987958474534315,-0.71984294964682649,,0.7043753109435631,0.3621076233183856,False,3
0.96286714528510031,-0.26950343149490785,0.015961232502260309,0.24811919669815727,0.90667125756989264,0.34115113209029563,-0.10641299150189705,-0.32452292847978986,0.93987294041828795,-1.0829952187795036,39.015131428853607,-4.170234884109111,,0.3228497575960915,0.125,False,1
-0.98603365077376293,0.13057974794422861,0.10337586260141597,-0.13701392311418237,-0.98888298677250341,-0.05777216756149707,0.094682756691100128,-0.071129233784109208,0.99296314518045403,9.6009731772825884,0.13560297215524716,-1.3126904179728169,0.455401362219924,0.5123009675485393,0.3116883116883117,True,4
-0.87299897349082489,-0.48068261236066723,0.082565237588767826,0.48627344984346305,-0.87088104002682587,0.071444706585792189,0.037562271780368167,0.10252043843018512,0.99402144616843136,-1.8978181335026203,6.0287442331188812,-1.4636014688938082,0.1985200362441069,0.1867049816494611,0.8165869218500797,True,5
0.87518559824494446,-0.48286444610670853,0.029867964622653037,0.45129794982141713,0.83709696141829615,0.30919061704916118,-0.17429953847220669,-0.25711982395435173,0.95053093953750867,14.479309541651174,-3.1922531417009128,-1.0866251966650904,,0.7371422863832574,0.4065934065934066,False,3
-0.13401431257032903,0.91726267281299334,0.3750591327914381,-0.98634848970261169,-0.16001187163834307,0.038895472695049935,0.095691279057598208,-0.36472645914268093,0.92618453297038128,-13.282643655384931,-1.0242804703614841,0.16911497039784376,,0.160817943828451,0.2,False,1
-0.72989044192346941,-0.68344624275873822,-0.012695512897360359,0.68351388613993413,-0.72948567201659809,-0.025679209029446454,0.0082891641706651087,-0.02742056858376217,0.9995896168807954,-13.432511382231986,0.39652044999355818,-0.061159837962762927,,0.1165693157446441,0.3137254901960784,False,5
0.53486516049025068,-0.84485772602428322,0.011605294947383743,0.83514691355879189,0.53070251797740498,0.14451460198078925,-0.12825323725724097,-0.067603699525392594,0.98943460973604436,-10.101223693045275,8.8075426715386946,-1.1136454920775918,0.1622664278711616,0.121569912144376,0.4523809523809524,True,5
0.82100144577961931,-0.57089087502919078,-0.006343093581222925,0.56049148551435135,0.80383210887700918,0.19925670730054704,-0.10865505369604597,-0.16714529471913175,0.9799267981638039,4.518187973411453,11.744902794179374,-2.2556754368520431,,0.4175060628296485,0.3333333333333333,False,3
0.98949039518396686,-0.12772266727984591,0.067791430886192328,0.10853814936703277,0.96581549120359089,0.23541433066647555,-0.095541760349364097,-0.22558226263180969,0.96952793400461468,-7.6836352229569558,-4.1890864738322531,0.086334817344540571,,0.09963387376169115,0.1363636363636364,False,3
0.017788109733659161,-0.99940143430058492,0.029670798270960169,0.99644656620056382,0.020163395218082875,0.081778225710660318,-0.082327540101764338,0.02811068500076272,0.99620879615147917,-7.6843303119606166,-3.1458982876490098,-0.070474333632643119,0.2513693201780841,0.2297180317737484,0.5970149253731343,True,5
-0.99618277422850221,0.012176712972977606,0.086438463611851549,-0.01369363339500841,-0.99976208894175145,-0.016977924468777508,0.086211163632367124,-0.018096772529877143,0.9961125147738854,-2.5980222001599533,13.514342436927659,-2.0469661729847375,,0.3515124706404478,0.2542372881355932,False,5
0.01271319210141064,0.98238047667208872,0.18645904054272328,-0.9944389838690616,-0.0070746087236160191,0.10507643538337381,0.1045441634337433,-0.1867579957188662,0.97682750213485037,-23.19651828856869,-7.0704720197809499,2.2422865788323194,0.5392654074950693,0.5197980370010418,0.7397260273972602,True,5
-0.68379105567338616,-0.72767325460250409,0.054050224026144629,0.72967156188496951,-0.68221459038395393,0.046504456169320779,0.0030338024699080104,0.071238242562925991,0.99745471518215834,-4.5962321452562644,-4.6592171510506892,-0.17789785367240671,,0.06928046547907012,0.2592592592592592,False,5
-0.16231851565404717,0.97177757943671661,0.17117545262093675,-0.98286446111958525,-0.17458676858054717,0.059134687829639043,0.087350732933234407,-0.15864361424500573,0.98346431206999485,-0.14127715249719952,-15.7696503662753,1.1269246935909074,0.6103389208474707,0.5016887256279956,0.8985507246376812,True,5
-0.075373553642418253,-0.99588207963508901,-0.050375697245822054,0.99543085380617724,-0.078116989709909546,0.054910392544268459,-0.058619473743946625,-0.046006731902528547,0.99721970393571291,-1.198264572714657,11.028345629324091,-1.8962673476681,,0.1725870645854971,0.2358490566037736,False,3
0.16251368961711926,0.95296618655913534,0.25582171127949616,-0.985163052741451,0.14221614681441677,0.096064182182564462,0.055163939309800319,-0.2676378427281903,0.96193914825191773,-3.055635251050882,19.962849951220786,-2.5941279659409471,,0.1968453636794146,0.1666666666666667,False,4
-0.88380518565577948,-0.46765939522679578,-0.013530848608281576,0.46670884126959039,-0.87924780569067285,-0.09542616867994258,0.032729975385707877,-0.090653109401961779,0.99534454460101729,12.871129134343061,-0.92686255379356219,-1.2893836059619272,,0.5313003958136477,0.5495495495495496,False,5
0.70734019843202223,0.66867848222391613,0.22921372361371845,-0.70646286883591136,0.67977991508197355,0.19700122336492626,-0.024084406537842891,-0.30127786918700761,0.95323217890493772,-8.9256979463398594,27.658968211199824,-2.6886563110416564,,0.3908710170626231,0.425531914893617,False,4
-0.041638966402364377,0.98770977672151039,0.1506505673593227,-0.99460020146585593,-0.055322080018495277,0.087806074428283518,0.095061220910636485,-0.14618093046348513,0.98467989714820925,17.993079297163668,12.262065541551763,-3.2012610497729628,,0.223600187315601,0.6296296296296297,False,5
0.95781170988066089,0.268678606787984,0.10202222635266522,-0.28437202286125124,0.93737189901511409,0.2011628085670919,-0.041584624914583382,-0.22168836052275809,0.97423046030158933,0.78608060320322581,12.786551940951982,-2.1572245179313239,,0.2043533842139217,0.2,False,3
-0.26289886727272066,-0.94518425290862296,-0.19367734415849819,0.96304601599816642,-0.26925208103166554,0.0067592847385959665,-0.058536797459208201,-0.18474318637959669,0.98104199626190003,-22.260337408191521,-11.529230900303531,2.5396222276276346,,0.3561218856598231,0.32,False,1
-0.27142162675003367,0.95220382596726671,0.14013627062851453,-0.95828263683200976,-0.2809153574329018,0.052734712520684485,0.089580625576402562,-0.11997681347513722,0.98872689644294398,-30.175628865576527,3.1344784085222575,1.8974126470112775,0.5009879324459411,0.6471516581426845,0.7868852459016393,True,3
-0.39020827572795841,0.88025030460475973,0.26999426437730401,-0.91355391764050109,-0.4066795188231328,0.0055685306390707845,0.11470283831321064,-0.24448143122334109,0.96284582808977304,-11.884076450356803,-6.1055988423453726,0.69991422193728747,0.1851490429281517,0.2278652727518982,0.25,True,4
-0.023698166404057246,0.99252281735726855,0.1197366023163999,-0.99588604069923992,-0.033915512182590861,0.084028161789869008,0.087460796071597124,-0.11725269744693559,0.98924335433296695,16.459233562966801,2.3272670612422433,-1.9042220267302343,0.4019787711333558,0.4245018125367226,0.8064516129032258,True,5
0.74242771618260306,0.62274268964221613,0.2469668575761958,-0.66927609846828828,0.70570465735998866,0.23248750632987961,-0.029505766605001378,-0.33789418325505094,0.94072149473659405,4.7191855378321357,7.9670705548044021,-1.9144466969158458,,0.5181710464406357,0.375,False,5
0.21069469648746539,0.96698978739545827,0.14331258125140559,-0.97544041715726304,0.19833750013147364,0.095803072067975212,0.064216333188050687,-0.15997808323168411,0.9850295809961227,-31.608989332891937,18.714367664763003,0.74313454607212936,,0.485666443046998,0.8,False,1
0.94516667232664764,0.26864444011527,0.18571517524996511,-0.32200814094030694,0.86147206307355262,0.3926533352869489,-0.054504299749098012,-0.43092464461776941,0.9007403798930691,-13.962372293790073,-13.080335052793183,1.7324499723819031,,0.1946370989498012,0.2857142857142857,False,2
-0.8743597029400425,0.47027080214875344,0.1197517537281526,-0.47039993998830926,-0.88197758879953447,0.028972906556882227,0.1192434750147576,-0.030998475796832597,0.99238101965156389,7.6421771127917353,20.215982137990984,-3.0991738069666828,0.7435570808553272,0.5634712735571169,0.32,True,3
0.99505187870454059,-0.016936097554623688,0.097902641875410354,-0.014214640601540195,0.95096250224891976,0.30897938978035822,-0.098334646382308322,-0.30884217315012824,0.94601628390042691,-8.9392215530907819,-11.587321891918943,1.2034699061507308,,0.3295802731820975,0.3783783783783784,False,3
-0.91950957614889228,0.37889007088125692,0.1046157424008492,-0.37517909807755934,-0.92538429555551438,0.053893876321283882,0.11722961970506393,0.010306295494539715,0.99305135644486475,7.1353132047688748,14.78044581254945,-2.605239487012962,0.189346051014922,0.1490561269094948,0.6481481481481481,True,5
0.81598486244116664,-0.57799755304714251,0.0093559039320594839,0.56654047587064615,0.80281763814944429,0.18578409263553661,-0.11489383563591291,-0.14629650900709623,0.98254604878611407,5.9532501427153015,6.940582981451521,-1.8481264867506602,,0.1248296866513248,0.15625,False,5
0.021861692005211698,0.97599563798709099,0.21669005757726756,-0.99632415885089542,0.0033123787483957026,0.08559905745440366,0.082826547149596849,-0.21776487957702792,0.97248044726363381,6.1790475758417358,10.22163511046695,-2.2147177120769768,0.1493838669325004,0.1650790845578321,0.3409090909090909,True,5
-0.82082283600804939,-0.56744268657957297,-0.065258480943544084,0.57078054160854286,-0.81058609699988582,-0.1309952391178783,0.021434673050013592,-0.1447721547737964,0.98923282294583748,0.094414446240184122,-9.3960545274516267,0.2494121684009854,0.8356570684472189,0.4843808484223565,0.3076923076923077,True,2
0.28037014712177522,-0.95507672837547597,-0.096026160594453541,0.95401241652409619,0.26619951397987468,0.13783369644152083,-0.10607963857766928,-0.1302546032678929,0.98578945450169797,6.8887807251934454,8.3948086497437497,-2.0878187267267356,,0.106451609833337,0.125,False,2
0.99286652093702599,-0.09488841538088065,0.072195984853115916,0.079923448932706712,0.97899404588704919,0.18757105434583207,-0.08847775942634914,-0.18046286804828165,0.97959422177893718,-13.283482693693996,-6.3694663016035937,0.85394810598745674,0.7823877869773002,0.4929557844411889,0.8142857142857143,True,5
-0.99595569712777532,0.0053227277688544586,0.089687891757065638,-0.010873276582654334,-0.99804705592994758,-0.061512974289354608,0.089185319504308316,-0.062239398443946735,0.99406852684623881,13.745363696949067,3.6873827030253552,-1.8890626946675209,,0.690714087809447,0.3793103448275862,False,1
0.21871417198157522,0.94329468928122551,0.24971832161106838,-0.97480046334386372,0.19970044273452281,0.099417251200297388,0.043910905695525838,-0.26516949738887891,0.9632014171581802,13.229820118414404,4.936531477859365,-2.0032641423009476,,0.2518086561120267,0.6,False,2
-0.35712696915456088,-0.93234882701978017,-0.056444598123444198,0.93280247767876057,-0.35912544821851017,0.030140505606565497,-0.048372156648660056,-0.041887673565071837,0.99795067877348675,9.7357819775427608,8.0057245003735495,-2.1898934742582945,,0.1052194114314459,0.2,False,2
-0.97444116602122866,0.20439489992677748,0.093204822016413197,-0.19806733761144787,-0.9774798962889647,0.072817457538890809,0.10598935670481888,0.052495497281558251,0.99298060355198337,-4.6993403828466427,2.9473004303924375,-1.1311607633737355,0.2574928604198731,0.1732991577184724,0.7940360610263523,True,5
-0.55912917944154727,-0.82807761597477314,0.040767911628599024,0.82877020261839263,-0.55689844696503399,0.05480940630768371,-0.022682855836284918,0.064432768755256331,0.99766422525900023,-14.592967888466488,18.875993489698541,-1.4114422045868527,,0.5257092844411304,0.2333333333333333,False,5
-0.6755120034000347,-0.73245829388781103,-0.0847843203512854,0.73732497505619732,-0.67008158052911881,-0.085688719175728345,0.0059510016678092914,-0.12039735524734743,0.99270794417522146,5.6977248348272527,3.9610838613505934,-1.5787430331630554,,0.5289281530419438,0.5161290322580645,False,2
-0.17044880016706421,0.94390884410673037,0.28281319017808398,-0.97825961872213485,-0.19650896904001744,0.066274757370007778,0.11813265805539168,-0.26536827071812175,0.95688262393923862,12.711553977286087,-14.063830190652702,0.09448305623941429,,0.4851619178612688,0.1666666666666667,False,3
-0.13940722002958883,0.98285301303549444,0.1206879520526843,-0.98599305129830428,-0.14904445672217778,0.074856213582103856,0.091560525310203922,-0.10856198546194742,0.9898641146730589,6.8875590557431918,13.105812497797999,-2.4627239340992628,0.7098943146773931,0.7433099881999479,0.6356589147286822,True,5
0.81811243488539331,0.54217232318097486,0.19167998294667687,-0.57492597234389808,0.77829958480559103,0.25240816669804605,-0.0123357290144109,-0.31670006041677667,0.94844551847836445,6.2039761818501518,-8.9081143851085116,-0.044218414386243028,,0.2386140646521701,0.3846153846153846,False,3
0.02644042803672865,0.96230763226063931,0.27067494279699489,-0.99485872907094186,-0.0011489671195599235,0.10126593240526954,0.097759976250943459,-0.27196084418070193,0.95732976882364573,14.198181443020324,17.044238799322809,-3.3214948388034187,,0.1957583061459636,0.1818181818181818,False,3
-0.053292077872451396,0.94726016375393984,0.31600338067953404,-0.99394926795498317,-0.080756180210536196,0.074453287970080079,0.096045859711852463,-0.31012355847736134,0.94583221097060821,17.912651035940161,6.7722062160519592,-2.6548628166865917,,0.1706670535382773,0.1428571428571428,False,5
-0.84351556127885252,-0.53708513274343328,0.0045889068840175157,0.53541181036815533,-0.84150397079073247,-0.072147491028612926,0.042610928160697871,-0.058400576447478668,0.99738341748391079,7.1398514138890503,15.961446695088089,-2.7151254650076604,,0.147167685003485,0.2142857142857143,False,4
0.48447955555796357,0.85533462349351463,0.1835272244098024,-0.87478122582621987,0.4751522969503596,0.094805599226911022,-0.0061128707114147182,-0.20647754491955092,0.97843224408012064,-5.4955239786187953,-15.282954410225054,1.4873959161483066,0.3303793486173967,0.2654385564941787,0.3846153846153846,True,5
-0.020453327750161874,0.99098905406117055,0.13237203675585202,-0.99624241821871984,-0.031346248018181332,0.080736961033354329,0.084158811337038092,-0.13022329847661995,0.98790646673063498,-18.868368414117359,11.34580862887513,-0.28647270546812709,0.4138165156635097,0.4008125323507553,0.9016393442622951,True,5
0.99735319461182204,-0.044113689423786545,0.057797816593841513,0.022153675774563883,0.94149264181943848,0.33630465362455275,-0.06925185807809886,-0.33413408656597221,0.93997797439485498,14.613848923150448,0.53371788395611008,-1.5370143848241058,0.6610456514415186,0.4568794838788187,0.4814814814814815,True,4
-0.36975093148042903,0.91136686922428545,0.1808166982047823,-0.92244291601719075,-0.38337894488940089,0.046039670993525135,0.11128034578961982,-0.14976987112171131,0.98243863439154766,1.4785821456536172,4.9962142498421498,-1.526428591806033,0.2098145486030403,0.1431967160725455,0.5601374570446735,True,5
0.99380975559863316,-0.080939711170102277,0.076098178905184527,0.060730318187085498,0.96937911585821668,0.23794108134333958,-0.093026867784959874,-0.2318467012783291,0.96829391662680464,6.3984460511054149,-10.656146754378778,0.13666950994336638,0.5939881283552446,0.354448517187118,0.631578947368421,True,3
-0.48809388539150178,0.86386765212223637,0.12448710238512281,-0.86460740389838731,-0.49806004030479284,0.066258836208320057,0.11924091649899429,-0.075291937605595605,0.99000642824381557,-21.781790423252026,11.465360484277964,0.050892681938543349,0.1775325767733975,0.1131397579578541,0.4583333333333333,True,5
-0.93910293294719283,0.32606818393157233,0.10846760234072744,-0.3207033634108335,-0.94500257287126499,0.064183252984467309,0.12343028002463062,0.025488756232024849,0.99202585111416597,12.317103217141215,6.3531070936333762,-2.1657291710650575,0.1822931323201149,0.1419993049556355,0.5142857142857142,True,4
0.076785604433316945,-0.99531407201622124,-0.058769626494465849,0.98608003638866659,0.067090213056671594,0.15213502275195268,-0.14747926222875174,-0.069633335109696382,0.98661089891302345,10.178408804211456,6.6884022392455895,-2.0890961387722915,0.6124873608120588,0.4500502478617802,0.1964285714285714,True,4
0.54510564429104469,0.81401925441772294,0.20058038288741206,-0.83674620923890841,0.51337959146289402,0.19051817864369308,0.052111590710351152,-0.27168740954745735,0.96097363835176564,-20.510624122965613,0.89815543429112077,0.73420952295272834,0.562961650526043,0.4285629150620447,0.9322033898305084,True,4
0.78486525745676172,-0.61488819337586853,-0.076805190477544125,0.60852347811453322,0.74140874756461395,0.28286435904521845,-0.11698591462531976,-0.2687481696340116,0.95607986962264135,5.9519146921992778,-13.624092701139102,0.45859897040168401,,0.5525953547382367,0.3571428571428572,False,2
-0.2051949034167001,0.95837173311512514,0.19854136288874744,-0.97332690361252916,-0.22108990558653632,0.061269832313964823,0.10261476655850307,-0.18067339265549476,0.97817551332595531,-10.596081810556871,10.345737375637267,-1.1882227559240173,,0.08203269659723511,0.253968253968254,False,4
-0.70834696625583293,-0.69964591050857416,-0.093488904714872603,0.70584340234012111,-0.70310769003952256,-0.086166510781214956,-0.0054467209475291059,-0.12702431308972126,0.99188464909736596,4.3172495956555235,3.8564334594628469,-1.5335379355917937,,0.3654627732777227,0.2205882352941176,False,4
0.94990607522464643,0.29539444488938216,0.10208119405553431,-0.30839495562800484,0.93890437130451043,0.15281077477875815,-0.050705025337837481,-0.17663720863333771,0.98296912308155093,-9.9010447079517956,4.5902603700421984,-0.90719965959602389,0.1595281901724244,0.143362938341646,0.4130434782608696,True,5
0.99504976076628793,0.033146691952587723,0.093687087752547388,-0.04692496095747694,0.98773414948627569,0.14892715661612155,-0.087601493355379062,-0.15258619449748326,0.98440003637275619,-14.50029198722622,1.1513222764991433,-0.054128125681890626,0.1892184380730859,0.1921012944826125,0.6259541984732825,True,5
-0.64284845754677589,-0.76437985356759564,0.049692052580989174,0.76596842454778946,-0.64094975805009435,0.049757213058035883,-0.0061833021524355797,0.070048890894190891,0.99752439552072369,-5.4701689177741102,10.936920893662579,-1.6450964832633632,,0.08016415563585941,0.2962962962962963,False,3
0.75961618579055767,0.6376563162743385,0.1279752812086912,-0.650307638495357,0.74745192358755241,0.13570407967286027,-0.009122806563498731,-0.18630631830591948,0.98244935246540643,-7.252808595336889,-10.47684723896997,0.90224262020900015,,0.09743844984022976,0.2325581395348837,False,3
0.81529515762291538,-0.57483687125659999,0.069687713411695523,0.56658761271284341,0.81678598675617731,0.10880776148373356,-0.11946666094349709,-0.049226245872127761,0.99161711040116218,6.0864513151742097,-5.0532829100941328,-0.54483260410352363,0.1204635576196622,0.09075184484259155,0.3484848484848485,True,5
-0.50220525039888508,0.8545099667775452,0.1326748022407869,-0.85657800361343561,-0.5126112446481732,0.059193205571854993,0.11859177963676226,-0.083919178607094483,0.98939049988591277,-3.679982360890214,15.063656634652533,-2.1376167886213739,0.1641721364887255,0.1386830479625226,0.5617977528089888,True,5
0.47748657075026801,-0.87652681555272727,-0.060887735794206629,0.8721452773257099,0.46440865320431718,0.15390652379744468,-0.1066264038201164,-0.12659124948410927,0.98620761787893441,-15.480790962928074,18.339689575723124,-1.2209838256715542,0.5086889416408366,0.2407451338871784,0.4,True,5
-0.45624038301105441,-0.88812079864262561,0.055553217083348864,0.88959528693506462,-0.45370398226578934,0.052658540988927534,-0.021562429660050564,0.073444833001019366,0.9970661553440705,-9.2020521423092241,20.083824230711794,-2.1465017025978104,,0.1240147140544432,0.391304347826087,False,4
-0.98168147450080823,0.13912571060045228,0.13017495639268734,-0.16143054117082398,-0.97025154106088463,-0.18042208137108132,0.10120110176877403,-0.1981312285302278,0.97493710221833729,-3.9485776525311089,22.220099280510453,-2.6950687385061807,,0.2686757444010346,0.3928571428571428,False,4
0.9934048128272055,-0.078066572079902433,0.083979093680735209,0.065539021177321868,0.98758239664471292,0.14277831257093221,-0.09408248803503691,-0.13633275527611724,0.9861855126110699,5.9395234740918346,15.325274948284649,-2.5893015126881149,,0.1015604585697151,0.3571428571428572,False,5
0.49251256706765917,-0.86903774561682945,-0.046954956859141278,0.8582608283526556,0.47604417624931367,0.1917558154907586,-0.14429040784417357,-0.13474174910669573,0.98031879470498295,0.43315130386686057,17.95977367031989,-2.5289099183020256,,0.388627507490778,0.7586206896551724,False,2
-0.80091849131977388,0.58935079737511287,0.10580740945404501,-0.58643112422734267,-0.80775881774499503,0.060201568855493451,0.12094671057747783,-0.013832208374893067,0.99256262432753395,1.0178420428138291,3.6884539573178765,-1.3774461438280308,,0.0667590355045641,0.2450331125827815,False,5
-0.94490519669168582,-0.32326808155855696,0.05149676407789678,0.32279135485684241,-0.9463074267172028,-0.017549796852039015,0.054405059458918478,3.981600107245617e-05,0.99851894720128154,-21.169065437530101,14.946989965692985,-0.24658175596183582,,0.1319212771223014,0.2068965517241379,False,4
-0.5117051532582092,-0.85890646698694084,0.020916909355917515,0.85882495364844558,-0.51067233923839861,0.04041609738120689,-0.024031960380668647,0.038645089012613779,0.99896397431312245,-7.2908875888944387,-5.0795131922519188,0.17404733231760391,0.2067666204010146,0.1661251534617612,0.4555160142348754,True,4
-0.23409413204167689,-0.97206563697783932,-0.01698042256606741,0.96860367215388132,-0.23469304872684568,0.082012798814058721,-0.083707010660223846,0.0027514153024682381,0.99648661108926262,-17.851386366945732,-0.47129291717368788,0.57318414303469811,,0.3517361110508193,0.4444444444444444,False,5
0.97387989966741317,-0.21396151379638398,0.076015864382034781,0.20355448317296848,0.97101644202159565,0.12527027462213805,-0.100615671761281,-0.10652483249308564,0.9892062204911295,-11.491724745304365,18.358429106466151,-1.7378371779519104,,0.08125772718548896,0.4285714285714285,False,3
-0.15052857460678987,0.9147628724660396,0.37490003385506282,-0.98382732059813505,-0.17585172058609366,0.034058414695988616,0.097082189260139784,-0.36371013118222262,0.92643941464289381,-5.5537724662397849,-10.700109495174628,0.83777845408133389,0.9905877641674494,0.4038491053617589,0.2424242424242424,True,2
-0.54582641826011291,0.81710050961163294,0.18552702854771888,-0.82574752686526198,-0.56213078609732259,0.046368105390557822,0.14217785694418031,-0.12788954810310413,0.98154455858139433,7.9488918245044333,-13.778835379804459,0.37422553883168574,,0.3785418096774564,0.7037037037037037,False,7
-0.30010350786281387,0.94538537360098507,0.12721784446279893,-0.94866576155237403,-0.30974935945332116,0.063942217481976149,0.099855682996457626,-0.10149792953348459,0.9898116047378549,-22.612645541688359,10.943754096989959,0.18722426964246491,,0.3134955083572941,0.782608695652174,False,3
0.61889766420935077,0.77375394900900019,0.13516844169105807,-0.78539050454754666,0.60712875718796655,0.12065002097781433,0.011288782164676367,-0.18083002678862403,0.98344957410579303,-12.814176188973036,-3.5503151352894431,0.49663879318805482,0.2168139155529101,0.1462332247081733,0.515625,True,5
-0.99252839966304074,-0.03068736810550662,0.11809174950469765,0.018487838813689539,-0.99450463709346582,-0.10304720576314963,0.12060504002039947,-0.10009401699577754,0.98764143902700163,13.715042902129424,-1.7514586035972159,-1.2217056823492567,,0.2675090498783813,0.1025641025641026,False,2
-0.50662104770317462,0.85430497060398081,0.11618145818274803,-0.85420487292474268,-0.51563664557355726,0.066729939407094957,0.11691513629878035,-0.065435975907613714,0.99098384646837545,-3.2732805187836327,8.3732119386701704,-1.5602346201343535,0.2008644379448873,0.210148841931178,0.849802371541502,True,5
-0.99370307194626473,0.04439630024511311,0.1028745514162861,-0.045412029498335636,-0.99893980032084129,-0.0075513516538179004,0.10243023177460163,-0.012175543499289789,0.99466567436455655,-23.572074946905719,12.237627545765575,0.21629580144531685,,0.09481055982912338,0.1428571428571428,False,3
0.86860945581154858,-0.4954921211480362,-0.0022740173667021163,0.48098608184163277,0.84205972073743407,0.24410615679705322,-0.11903781898790987,-0.21312668671898702,0.96974584972496125,15.202422625120168,-11.584694984515531,-0.29915091995788701,0.4124025646192445,0.3698742945781177,0.3333333333333333,True,5
-0.99636612747615472,-0.073944727733791821,0.042269578405125269,0.066884578530353886,-0.98653823247676986,-0.149227239525593,0.052735122764515772,-0.14585778382378903,0.98789904024906572,-18.771913242138549,-2.7132623729798429,0.92139128994118036,,0.5250604451631031,0.4736842105263158,False,4
0.80712503123945845,0.56021836634655753,0.18629161536338112,-0.58999283124153767,0.77682039977020811,0.22013297250627628,-0.021392592883941769,-0.2875855498957639,0.9575160095062919,-7.5324580837300754,14.148129960701798,-1.8823606196917719,,0.6236098875025937,0.1355932203389831,False,1
0.90450094799747149,-0.42505392646379014,0.034744707070148227,0.39424104527336096,0.86443358391698599,0.31197528302447802,-0.1626408106640006,-0.26848414961436778,0.94945470040039659,-8.5046642741050835,-12.809392315002817,1.3656732549068766,,0.2582400129757071,0.1111111111111111,False,2
-0.89522370613356705,0.40752580461505283,0.18026989362989754,-0.43080559600050111,-0.89492026230465727,-0.11629386299894261,0.11393443040246373,-0.18177030200067762,0.97671823105717082,1.6787820592366416,6.111389232283182,-1.6163118546903552,0.2710874119959628,0.2075972888406101,0.1704545454545454,True,3
0.30379628605725312,-0.95207013929653184,0.035640797377488549,0.94695763497605112,0.3058562643770491,0.098606202147136404,-0.10478098175902409,0.0037941271987363967,0.99448808462465554,7.7193170763868784,17.823813978751378,-2.9245835586937718,,0.1049444308140587,0.3478260869565217,False,5
-0.23983349623955053,-0.96966272364228057,-0.047266229595230011,0.96521888224174524,-0.24338811185413339,0.095471128473883601,-0.10407883284083501,-0.022725082765862839,0.99430939207460745,7.8911255324011913,-11.550610695292894,0.15130841932827491,,0.1292189019193518,0.3157894736842105,False,3
-0.51354058060158425,-0.8573264261418132,-0.035601560559821499,0.857881621089436,-0.51384698839853749,-0.00062984975637872531,-0.017753767835310019,-0.030865377895955878,0.99936586502391145,3.0933970925857617,15.182303503685489,-2.4502229397117605,,0.1537512502315573,0.1818181818181818,False,5
-0.98407912676183584,-0.15487399912298716,0.08719126485672421,0.16076922627469142,-0.98483677465981889,0.065190360949165291,0.075772872155538018,0.078170145665070745,0.99405628621924724,13.124949759676994,-8.7766054947502106,-0.44967975489144146,,0.09143278538148444,0.3870967741935484,False,5
-0.77883016741022271,-0.62693828201506885,-0.019286287246621694,0.62719422988598794,-0.77876145862953894,-0.012569349661624291,-0.0071392107048219855,-0.021885636778205306,0.99973499017155798,-5.2931540166175202,12.141438647607595,-1.7709618666751568,,0.07091602572247999,0.2608695652173913,False,4
0.67420280939430899,-0.73711857604386821,0.04589963677286632,0.7283114193085356,0.67388511669956208,0.12426313208512041,-0.12252774506048561,-0.050349323152131767,0.99118711520505298,-4.5263973330962086,21.035407653309079,-2.6247805610815336,0.2150224374131145,0.1565911139951064,0.5510204081632653,True,5
-0.66501254393036047,-0.74511564048689327,-0.050606311039994009,0.74472103004996681,-0.66669991946642893,0.030030064681467315,-0.05611509437385144,-0.017717214376517451,0.99826709677227654,8.3064723510563017,20.565690722841339,-3.1877504257983245,,0.4219759794140524,0.7560975609756098,False,2
-0.80311386972330057,-0.59442610465762469,0.040813213051999329,0.59580856679900573,-0.80172217621952668,0.047473191242437929,0.0045015538406512345,0.062443240301802816,0.99803836487062536,-27.166506573631761,-2.7808735014568224,2.2493887577257299,,0.1278085325246466,0.4736842105263158,False,2
-0.66334820551404361,0.72452396761734272,0.18717419317128381,-0.74170882984329034,-0.66974818635939204,-0.036130023537235434,0.099182508406444103,-0.16279553807254016,0.98166208178266567,2.0178639007207697,1.7097629148515128,-1.2020666686506536,,0.350611513210219,0.3902439024390244,False,4
-0.2622378101311581,0.90547824428375545,0.33367720939018597,-0.9604975903377384,-0.27828812376259049,0.00031484614529149468,0.09314349087838994,-0.32041359100622513,0.94268733989880371,-18.753257363582225,-4.0903853801757206,1.0595220299830217,,0.2896733615197324,0.25,False,2
-0.39939260766878687,0.90886682490460979,0.12019417426538746,-0.90983445441259958,-0.40905312290417178,0.069834147850962466,0.11263574256536842,-0.081465558551798267,0.99029114520255612,-8.4164039898499006,2.916442141250799,-0.93945572937624211,,0.1823997472913676,0.7095070422535211,False,5
0.51620791613734729,0.84767817260957634,0.12235645875239681,-0.85596610914834526,0.50574915771247042,0.10742350516795755,0.029178884601384347,-0.16018584567437999,0.9866555060095713,7.8694538050140084,-5.7263770484164365,-0.53266259714235997,,0.07432827739369238,0.4571428571428571,False,5
-0.42052517808647527,-0.90725332357395216,0.0070697566687646235,0.90687699707805136,-0.42009274485413328,0.033108879347020594,-0.027068187342961299,0.02033451708149122,0.99942674601444836,-28.991925830756166,15.607138825195358,0.63120337996932641,0.3546878191652195,0.3412173202651373,0.25,True,5
0.98370724999503567,0.12603501179015508,0.12819993022720544,-0.1582104427710172,0.94556500736238047,0.28438753954767526,-0.08537858106927973,-0.30003665218575776,0.95009920810395354,20.083228635196502,-6.9580132089486293,-1.0037789249644311,0.341476942091925,0.3905372149184904,0.3333333333333333,True,4
0.84679453868271981,-0.5291628630312647,-0.054089496629888309,0.51841619783042037,0.79825143257295983,0.30665827271128349,-0.11909515138816651,-0.28771742175921905,0.95028155308416751,-9.825817320216288,-12.19929130275065,1.3142667728278949,,0.2270500391685512,0.4285714285714285,False,1
-0.99427620558514729,0.076979129935329238,0.074088059507598919,-0.083045684045200241,-0.993114892570505,-0.082620968985716595,0.067217864951712003,-0.088300757126276525,0.99382329159778671,14.397994953344989,10.63016298205714,-2.730113308504416,,0.1816395080961958,0.1875,False,5
0.98894696470806076,-0.13991402044413342,0.049071049284388955,0.12858791961511107,0.97410851830544543,0.18595091151652454,-0.07381766674563793,-0.17758564538815413,0.98133291528833455,-2.2478674550225213,-11.34964023655216,0.70913279471411517,,0.3612429130262039,0.3846153846153846,False,5
-0.90500771128768365,0.38628218732426339,0.17817719906265325,-0.40731178580737126,-0.90768640699965175,-0.10100740413689412,0.12271166062049606,-0.16398615278140524,0.97880048531031849,10.657190289647316,-7.4197904663458063,-0.46082696048854571,,0.3970111406974035,0.16,False,3
-0.93086352087525537,-0.36533950707974217,-0.0044888829852393758,0.36342788113104368,-0.9245889014084252,-0.11426083584922081,0.037593626059800198,-0.10799262918872603,0.99344064307868107,20.690552777090311,-9.7431134180257128,-0.81772877312620529,0.6923125725108202,0.5802114830790575,0.8490566037735849,True,4
0.25394322031915401,-0.96658675852810916,0.034969688189341597,0.9615719976225211,0.25619671078856748,0.098704299649777186,-0.1043653881426765,0.0085605852160507007,0.99450217804617547,2.6144225475578131,7.0210196608343161,-1.7702683815190861,,0.4603914310840048,0.4759615384615384,False,3
0.88396393494565251,0.45230745719654913,0.11843025745049388,-0.46658376923524936,0.86967876475550165,0.16111620781154418,-0.030122217740831195,-0.19767855295336645,0.97980398126392476,-21.763648678646739,16.484692172450739,-0.28015466660460497,0.345661985006374,0.3797060715725803,0.7428571428571429,True,5
0.61491625563848284,-0.78551696514526559,-0.069577985171456372,0.77350767230623874,0.58362672103793822,0.24711481415303405,-0.1535053075138843,-0.20577402158551439,0.96648495725778971,1.9501503886666529,-12.881726627360283,0.63642635445669571,0.6088113051774946,0.3935949215917439,0.2307692307692308,True,5
0.97016961572362659,-0.22744900388882117,0.083891998168202683,0.21622420510679136,0.96833139773902421,0.12482546726819664,-0.10962668403544337,-0.10296239499336848,0.98862568010578311,-19.295585865026275,1.1217152158204915,0.5791442561862914,,0.08234517836987013,0.3529411764705883,False,2
0.87938272994696021,-0.47607782405705096,0.0059933056100634902,0.46210816449577385,0.85647446104457692,0.23001639481730141,-0.11463881793432296,-0.19950288975226768,0.97316829911537706,-0.41766489691935854,9.3382562151757842,-1.7770608857888737,,0.3260084364572219,0.2063492063492063,False,4
