axis_00,axis_01,axis_02,axis_10,axis_11,axis_12,axis_20,axis_21,axis_22,location_x,location_y,location_z,dbh,dbh_approximation,score,reconstructed,number_clusters
-0.65978923976562975,0.75031556627946905,-0.041288134956806555,-0.75056848763066786,-0.66068077313074836,-0.012159826938250169,-0.036401984359423135,0.022966650040351502,0.9990732848598346,13.700246972135714,-10.150210928212701,-0.98952828633854029,0.2744666992092055,0.2952247401839693,0.85,True,5
0.042598333595985742,0.99164148004711683,0.12178898564652546,-0.99828466962800511,0.037346121799433134,0.045088641277463967,0.040163420677913335,-0.12350077828299866,0.99153136985319013,0.85877633007083098,-14.062626717329834,-1.8580468521860214,0.6247704572353938,0.5235748941539514,0.5405405405405406,True,4
0.40814152926291741,-0.90812190559680561,-0.093461739049490775,0.91279605090976013,0.40762036966143939,0.025475550644097077,0.01496200302350904,-0.095709136514230297,0.99529689020574486,-27.989677596345114,-7.007889400806798,-3.2263945985639384,0.2316722652636254,0.2330347030440871,0.6071428571428571,True,5
-0.99014135149598714,0.12728582511829262,-0.058467279581460765,-0.12364679613597471,-0.9903785578073111,-0.062143238094105102,-0.065814693367134594,-0.054301297953800183,0.99635324818937798,-17.405899705201502,-18.178929104074509,-2.8642636168104061,0.6245038038519651,0.584224135354597,0.9886363636363636,True,2
-0.74176603885485604,-0.65423586092308728,-0.14750790447905834,0.67065512177173658,-0.72432034094412956,-0.15994296275834449,-0.0022025537254308364,-0.21756718956866344,0.97604286113893579,-10.775342604342166,1.9854657403703664,-2.4215476365233761,0.7726110993535884,0.6585071349813232,0.2485361093038387,True,4
-0.87928530437307373,0.47625596859950903,-0.00613236389124696,-0.47345956078745871,-0.87538044298789841,-0.097699152162430761,-0.051897955764152015,-0.083002002431595584,0.9951971009703795,2.3748929109198169,-21.450175542152053,-2.0626430523532013,0.3341554755251282,0.2109051367528791,0.4736842105263158,True,5
0.98019014945633642,-0.18640275549672891,-0.066942390545834091,0.19005871854555204,0.98033400901835932,0.053131104513396525,0.055722117813188463,-0.064801570237283501,0.99634120765990353,-1.1168830122617139,6.7179941071100533,-1.8663697380419957,0.1743902257981171,0.1484663571215612,0.5919540229885057,True,4
-0.98657726353833941,-0.14977483282823004,-0.065059991703630859,0.15156070169851135,-0.98817062454729065,-0.023413040863401888,-0.060783688353501945,-0.03295931178122799,0.99760664943506216,-10.684808052484646,14.158142038815786,-2.7486648480330911,0.3398739637145107,0.2230729135133982,0.7282608695652174,True,5
0.98129695773561265,0.18998682179873269,-0.031004649355293592,-0.18409257779329719,0.97326613941955042,0.1373424357610567,0.056269028250423285,-0.12906598855693069,0.99003826545117546,11.206842939224053,21.319724779916552,-1.5830069226112955,0.4005419488659805,0.3651797022075264,0.7727272727272727,True,5
0.42920108259642897,-0.86794369977399666,-0.24992031674251808,0.90294648626761376,0.41899366093474361,0.095561263247573164,0.02177323207574277,-0.26667966948968636,0.96353924686327574,10.260105097988845,-6.5664123285948595,-1.1167105492670093,,0.5604422965196003,0.6136363636363636,False,1
0.94244455235792501,0.33282262883177782,-0.032052511108723869,-0.32992945984031419,0.94122487920465758,0.0724035793014111,0.054266170496440301,-0.05766129120720298,0.99686025010327761,20.981231202003794,-23.934772751181182,-0.99677028423590819,,0.4819434198312929,0.6842105263157895,False,1
-0.11354615000669328,-0.98444911491106657,-0.13404182917833851,0.99331665021697235,-0.11529713477113004,0.0053481880390093984,-0.02071965782512444,-0.13253871458704147,0.99096124289258902,36.045311482142367,2.3883415489263853,0.34032752502912589,0.2727040254790156,0.4833863015112536,0.7407407407407407,True,5
-0.32467009004182423,-0.94308882699687679,-0.071922159491275478,0.94561834131004674,-0.32525695937175836,-0.0037232993801212741,-0.019881780862626146,-0.069219757106573215,0.99740329857878318,6.0538633070796628,15.893893642784738,-1.5994616621238866,0.4073524929005585,0.3730252909921221,0.926605504587156,True,5
0.84725491505981176,-0.52331365418377773,-0.091114917833540879,0.5284603716858669,0.84776972988922539,0.044901232067565473,0.05374704144998841,-0.086193412905926331,0.99482759868582349,-3.0974058263028619,-26.145670237560303,-2.5909190759155574,,0.2595945929074456,0.3846153846153846,False,4
-0.96542864155550334,-0.24669216542125805,-0.084205187394047212,0.25213467089681746,-0.96573598050102138,-0.061498973141714236,-0.066148664355749107,-0.080603917308666451,0.99454882369768494,15.120052888729868,18.567905996205297,-1.10389922887757,0.7330524731408603,0.582102234553466,0.9611650485436893,True,5
-0.95768710339856622,0.28758222181666049,0.011483800723500519,-0.28478217773207237,-0.94107897546296237,-0.18239921378054136,-0.041647607737327418,-0.17795175648634209,0.98315748948639137,-21.13093106644143,-9.4874220074290569,-2.8765581378926726,,0.2588203328735778,0.3103448275862069,False,5
0.89841301471501889,0.43895299927758658,0.013203007834694587,-0.43754297429342226,0.89214673426461855,0.11238483077107358,0.037552638218073767,-0.10674487793888901,0.99357703797776808,-27.68257931007572,-5.4234289576019732,-3.2191403694085072,0.2343530111712996,0.2166113763758533,0.391304347826087,True,5
0.71159510772120427,-0.68399830430676589,-0.16055753601969988,0.70154400744270984,0.70419798370061937,0.10927582245495179,0.038319815872097963,-0.19039831789554204,0.9809587515558833,25.797810765227435,-1.2821293532431179,-0.16685098623616326,,0.5162251301860021,0.1333333333333333,False,1
-0.66682660643105196,0.74452836215183471,0.031934227830874864,-0.74329309320581471,-0.66142379229400738,-0.10016957911435269,-0.053457034599569513,-0.090532231492000778,0.99445777211146569,-7.5733083377332084,-20.155717062032277,-2.524315492698384,0.3990620210803107,0.3205909321866122,0.7105263157894737,True,5
0.61677633196638904,-0.77648258279829008,-0.12908042042456919,0.78635711858460489,0.61512763615219923,0.057100554227835588,0.035063348063253702,-0.13672157786064593,0.98998877355750403,-8.3244491219470795,-18.710327890365051,-2.4841293365003083,0.595273881358205,0.6245038300565473,0.7883597883597884,True,5
0.59155994548438806,0.8001208405690925,0.099315010877088328,-0.80546881215445554,0.58101882717602416,0.11677805921271284,0.035732667756523104,-0.14907636618192024,0.98817984876286358,15.680019705224296,-2.1439647819516936,-0.71686919128197801,,0.191745571759553,0.1428571428571428,False,1
0.25940136638953937,0.96564229729817908,0.01568071375717995,-0.96572870793270116,0.25920676623022604,0.013413240291003556,0.008887845063636728,-0.018622728295381509,0.99978707743247064,-9.0840772847235183,14.683663513936802,-2.6546952443740102,0.290381289677767,0.1767315371327744,0.323943661971831,True,5
0.29074491681048115,0.95193829715086697,0.096337281290139631,-0.95660939147299195,0.28719673600651452,0.04915797974772608,0.019127610790157595,-0.10644958076344684,0.99413410627578236,1.6035625445449686,2.9083413770422695,-1.6217936463833218,0.8357688089278537,0.3154023607788046,0.2159090909090909,True,1
-0.45227426179457042,0.89177930191458699,0.013329245849190166,-0.89151416518426974,-0.45161142827190282,-0.035349839179369291,-0.025504615150430766,-0.027871033905182724,0.99928610521466021,20.327013820515358,-10.000568056017521,-0.60315206487262529,0.6367781222338142,0.5487211967117467,0.9292929292929293,True,5
-0.96067796900529778,0.27728506876671438,-0.014520003680891833,-0.27531582237310254,-0.95803484775316461,-0.079814963769908584,-0.036042167233350519,-0.07267889053644204,0.99670393851510086,18.303468936336831,5.2428745329303688,-0.60465038614442412,0.2872310411746218,0.1082376493917295,0.4761904761904762,True,5
0.95464316626492507,-0.28773008029325542,-0.076601736260449901,0.29295784807158831,0.95363759566961093,0.068927754778084938,0.053217707174800913,-0.088242489878292085,0.99467639894748527,-37.034362775226526,-12.089187657191308,-3.5047755413516946,,0.496132577592438,0.25,False,1
0.88364637791884504,-0.46262667378454636,-0.071733112953177011,0.46533622836378741,0.88474303455213965,0.026305082847952164,0.051295939050490166,-0.056624407409872964,0.99707692939031056,-4.5150442583201906,5.2281340610788671,-2.0574465575869763,0.149239689050545,0.09371744973243211,0.5384615384615384,True,5
0.42231773170762948,0.90571217314530583,0.036512914177467923,-0.90573010519344788,0.42003813759322922,0.05675332160744926,0.036065357777092251,-0.057038779647008972,0.99772033535695348,9.288126094980985,-29.254209364597887,-1.987874986822874,0.5171285547086678,0.3967818662984706,0.3076923076923077,True,5
-0.73081662786291135,0.68252582771329384,0.0080963537080678827,-0.6808786951757867,-0.72811494280015487,-0.079074853947670665,-0.048075554024902087,-0.063301852859219798,0.99683580219100698,21.91605917959626,-9.6751961831506286,-0.50104413824841232,,0.2194651622599793,0.5806451612903226,False,4
0.9745321562493322,-0.19946347801326317,-0.10247632592398873,0.21685332852884176,0.95462479094505359,0.20412286108879382,0.057111385397215907,-0.22114662432866844,0.9735668750558667,12.83122954603191,-11.142021121439683,-1.0660904567204259,0.5617853324391446,0.3259232913108051,0.1818181818181818,True,5
-0.12971305435884634,-0.97279290792457696,-0.19195958382051126,0.99102288219138002,-0.12087008797811934,-0.057132029591559566,0.032375461417377877,-0.19764711008210212,0.97973845967901285,-13.229575236131007,-7.5107625728494183,-2.5051171568207695,,0.1458111251135553,0.3571428571428572,False,2
0.76174464159281885,-0.64260516143731206,-0.082484589462240521,0.64616741977531555,0.76279556730628373,0.024710081319090773,0.04704005341769224,-0.072121626382182349,0.99628595512656393,21.346559585873173,2.3083529100707718,-0.37361919646125175,0.2983158510956987,0.1579317616631725,0.4166666666666667,True,5
0.94413775296920321,-0.32311587605677228,-0.064807669749249092,0.32771842841645049,0.94126412504358914,0.081378612559922514,0.034706412873056813,-0.098071288081632901,0.99457402306690779,2.7256311792203567,24.795438886304026,-2.2026787148521341,0.4213875495152489,0.3746360965574271,0.4035087719298245,True,5
-0.93942009562134099,-0.33567999382557168,-0.069345696968565462,0.33857591460948405,-0.94028654564739833,-0.035036582607842259,-0.053443746024614006,-0.05639285255906832,0.99697723754913747,8.6521639709681963,-4.9791095790351774,-1.1947647637964942,0.3981553861328231,0.3945969124368105,0.9863013698630136,True,5
0.27701224930095603,0.95316534813101139,0.12140853701248917,-0.96070681956724002,0.27244382194896249,0.053073258038682743,0.017510584633973418,-0.13133995204860555,0.99118272605087643,-8.4206176636185788,-4.6278861162932881,-2.2138252698154055,0.4049211288133269,0.2086956641860718,0.2840909090909091,True,5
-0.67472375157381503,0.72477477994238715,0.13946102474032726,-0.73761128873973303,-0.65549380166185411,-0.16204154623614658,-0.026027788724132278,-0.21220130617495117,0.97687929647002847,-36.648727614973815,-10.654663543183604,-3.5233529600377347,,0.3211518115127603,0.3333333333333333,False,2
0.43948947853505671,0.89130597048453719,0.11145701070637706,-0.89801441369391799,0.43315177166479318,0.077134010019055982,0.020472202005469682,-0.13398958796215671,0.99077125476205608,-2.27886375636893,4.0872529221703093,-1.9079149150979724,,0.08484504985501488,0.3105590062111801,False,5
-0.99797225318890614,-0.023891121850007996,-0.058996577543153683,0.026446466643487897,-0.99872844693000795,-0.042919386002698838,-0.057896167983141664,-0.044392607374672724,0.99733511426367905,0.53873852579763726,-12.927964033710094,-1.8195572828400364,0.5732847927928204,0.5107372305441652,0.9841772151898734,True,5
0.98929065806510419,0.13978024959144159,-0.042017564056802736,-0.13408462241160735,0.98407024789229824,0.11673500437284391,0.05766548272450249,-0.10985094008403165,0.99227388510673076,-21.762953954055956,9.8618383231489979,-3.2720358484297627,,0.07646828101756808,0.2727272727272727,False,2
-0.77395316920487034,-0.61759400018942434,-0.13990762240765109,0.6314606010213677,-0.76926711812338366,-0.09739409803410308,-0.047476322893305618,-0.16372462216834993,0.98536300258349507,5.2232133619052945,33.041292439275345,-2.3706800790530553,,0.4992161525947448,0.2222222222222222,False,3
0.27108241320216703,0.92940396805522274,0.25044478316726071,-0.96238724845809498,0.25682604174434903,0.088606818514079644,0.018030786387365248,-0.26504461595198742,0.96406755069191974,3.8001242244190605,25.872630713514511,-2.1676887156455757,,0.3189356849426407,0.1428571428571428,False,1
-0.50909570523283854,0.85984820509436355,-0.038504897214250711,-0.86028732140099373,-0.50973800878916642,-0.0085373902545951286,-0.026968269321227409,0.028778926172757242,0.99922194024058597,-17.433209724270839,10.326621475504711,-3.0192904911973333,0.4270255468387101,0.5501560579572156,0.9197530864197531,True,5
0.34075168648500553,0.93964476686763432,0.030919253805554457,-0.93972416902570666,0.33941830674544932,0.041396850061277593,0.028403772752369529,-0.043161616562866906,0.998664258171439,-26.329100946689959,-8.8294743215718885,-3.1067511598951074,0.4684480414902277,0.1396997805005321,0.2857142857142857,True,3
0.69314650436485414,0.7154695608561189,0.087471315156089233,-0.71955028397911935,0.67970029802870247,0.14231968832618261,0.042371125927357145,-0.16158840412618014,0.98594821128678078,-4.0492361064206115,16.724560153036048,-2.3281739686715985,,0.2948293697453447,0.2083333333333333,False,3
-0.82317080619211902,0.56696526338558251,-0.030662908328057605,-0.56648122720021854,-0.82373932198083266,-0.023506353445265363,-0.038585529188444032,-0.0019797819769701228,0.99925333994967103,4.3336010481622331,-19.768961633472756,-1.8806543886160387,0.1792120469297744,0.13089737437445,0.5555555555555556,True,5
-0.24421905659479701,0.96952312062088997,-0.019544077810867894,-0.9695309190319138,-0.24451989524257567,-0.014826256158954892,-0.019153313997280808,0.015327733429629231,0.99969906029306177,-8.7203836088398461,-7.7842513413945156,-2.2561170755155699,0.5531928687743215,0.4057541717987735,0.959349593495935,True,5
-0.3273022648854807,-0.93679360779822163,-0.12365663665661671,0.9446527565767675,-0.3275062587736926,-0.019256686007040273,-0.022458782085173601,-0.12311533963097754,0.99213820421088506,12.959796424001947,17.539454434783654,-1.206318349896252,,0.1962113929987863,0.2857142857142857,False,3
-0.29256835400090353,0.94449636128446923,0.14943353625474415,-0.95618486705458272,-0.28720901364312346,-0.056758105130040606,-0.010689165215795731,-0.15949171139134508,0.98714139602411977,-9.8263036976140565,-17.399715663484667,-2.5064230144683641,,0.4338748188003712,0.2666666666666667,False,6
0.24956993984611917,0.95844600530915192,0.13818863930198272,-0.96820754723700009,0.2444724124840115,0.052984762031733565,0.016999723483532424,-0.14701868738761181,0.98898762123714523,-16.882765554038418,0.84278598554424078,-2.7387425331866022,,0.09216783444203976,0.3513513513513514,False,3
0.15006333263727342,-0.97558480609242371,-0.16035985257976523,0.9886418443805014,0.14671528858881286,0.032587231153061495,-0.0082643655362487287,-0.16342860892729388,0.98652054719928373,10.48308209210794,-16.908802740281839,-1.3925850251759284,,0.1739130196107245,0.35,False,5
-0.79226097255180916,-0.58102845248809265,-0.18635581228004061,0.60600489367950838,-0.78491905955151342,-0.12907416003699415,-0.071278469454312793,-0.21519295376954128,0.97396682306954918,14.261841838030278,-15.256486745200313,-1.1022542713107064,0.6413349408290951,0.6309852282174141,0.6493506493506493,True,5
-0.97518729662235293,0.22029260246327861,-0.021929564663776442,-0.21454284749676494,-0.96484587316718473,-0.15180186962034706,-0.054599478883655163,-0.1433304236099541,0.98816764092608522,-16.569082060833878,-17.485877954761602,-2.8112811129732385,,0.2366879668552834,0.125,False,1
-0.97233657763294123,-0.22301976313860913,-0.069453329989701593,0.22636502702940145,-0.9730190004463638,-0.044641900814573712,-0.057623383578527351,-0.059128757977472537,0.99658583957680436,-11.854676472668974,-12.494167299965831,-2.4852071208948123,,0.2988416742670701,0.3333333333333333,False,2
-0.57383654389310845,-0.76860498312828596,-0.28276845793542782,0.8183943880999055,-0.55110970437726337,-0.16281498477654541,-0.03069603263279945,-0.32484530726420019,0.94526889292361327,5.9209852544604678,-16.751345630591064,-1.6572753028212153,,0.3368708627041181,0.1666666666666667,False,5
0.82928808290551392,0.55865325860736081,0.013704459065397079,-0.55556554896714017,0.82156517414802332,0.12797494062498802,0.060234511301565659,-0.1137418184948084,0.99168271255162876,-22.868781276753893,25.877275725023633,-4.142112327033618,0.3850605269509309,0.3448926527826596,0.8888888888888888,True,5
-0.99509167924045838,-0.090743215826457377,-0.039474278813919017,0.093775010859939778,-0.99210261216994944,-0.083298585004684705,-0.031603753647695312,-0.086591429755129248,0.99574250037263123,-14.363551703260557,0.60906564385466044,-2.6084348201706233,,0.1137016697631999,0.1863354037267081,False,3
0.98839404873392256,0.14382406268235287,-0.048906476267564468,-0.14119591634463316,0.98853365159781348,0.053525067644001487,0.05604389025546528,-0.045998463585625822,0.99736814853533295,1.2665600786071847,-22.469990512399445,-2.1871830866202706,,0.1311583430392731,0.4482758620689655,False,4
0.32891732124433481,-0.90650725063564075,-0.26468471873242366,0.94386260163967139,0.30648394336558293,0.12325170053623204,-0.030606943843543729,-0.29036562641623648,0.95642616964638982,5.6448993684718252,-11.539752718375013,-1.5108560551022996,,0.3539706350204533,0.4117647058823529,False,2
0.7690492787940717,0.63326436379817108,0.086830019749027904,-0.63757743492496899,0.75035702593280784,0.17452606712972615,0.045367623486535336,-0.18958000732295119,0.98081659833152035,3.7806153164048251,5.5575704142307636,-1.5086780970629525,,0.099192943257391,0.3076923076923077,False,5
0.84618519625538191,0.53249982925371431,-0.020360390050443156,-0.52966605907969744,0.84464915752410163,0.077599397889470262,0.058519052429302817,-0.054879254173057161,0.99677669914790146,-26.009740618519199,-5.4400361222691469,-3.1339210649898179,,0.2252585325803424,0.3939393939393939,True,5
-0.92832907847906299,-0.3336988815793519,-0.16386024070195715,0.36787911164845144,-0.88810726184065425,-0.2755548052178402,-0.053573139379356358,-0.31608629818229267,0.94721664408859207,-9.3213341776933429,12.972275777776801,-2.6130528209051462,,0.7989160692855886,0.2638036809815951,False,1
-0.91202049945874986,0.40074525468044436,0.087303203939596855,-0.41014425542552063,-0.89083529913119053,-0.19543326114888529,-0.00054617621549771234,-0.21404604801992699,0.9768234185453345,14.525692140929543,-7.0251016131501007,-0.87898425126841839,,0.2663021593192159,0.2307692307692308,False,2
0.99714671560689949,0.050081856294036414,-0.056482167314271844,-0.047837450131060971,0.99803726574145823,0.040412801885945204,0.058395255965978686,-0.037595529806851845,0.99758536989032198,-3.4770345222981516,19.801115566005059,-2.4174550138608102,0.4266016535435889,0.3985400811418805,0.9108910891089109,True,5
-0.060142470193500219,0.99818889377384545,-0.001347451509913937,-0.99763076403961004,-0.060153904399075551,-0.033382127363187783,-0.033402723253787757,-0.00066342452059439672,0.99944175315379813,-6.9409999740764921,-25.01102072700651,-2.7502008487157052,,0.3116470162340494,0.88,False,3
0.81259787385637761,0.58282463141601593,0.00038002484122574148,-0.58056279303329084,0.80938659176896421,0.088544838415375901,0.05129852580220489,-0.072171975720535075,0.9960721194628005,6.065400232621867,6.8709280325420652,-1.3830848082944944,,0.3673820837268467,0.3333333333333333,False,3
-0.99776519794465945,0.036917002347833815,-0.055693309365705185,-0.035910959465903114,-0.99917515428257342,-0.018958218656650219,-0.056347251580643881,-0.016915850615476909,0.99826792056905356,0.57888884791284989,1.5075198864438013,-1.6850102913159792,0.0942931650916172,0.089441838380559,0.4810126582278481,True,5
-0.99547832244714274,0.079337437520743251,-0.052234859485448704,-0.078474214507340323,-0.99674673841919992,-0.018377625204119667,-0.053522959515317686,-0.014195437940737493,0.99846571415667162,-15.288744300361355,9.8010732843835378,-2.854203227574974,0.1729588242907356,0.1284240649802095,0.4,True,5
-0.53625357227242987,0.8440484282292039,0.0037890670181083067,-0.84394541054285699,-0.53610434413070762,-0.018662160320605622,-0.013720431797358344,-0.013205415858417384,0.9998186669308089,2.4221855855159418,-18.968248630583719,-1.9634313627757547,0.1767014431358601,0.155796850897441,0.3333333333333333,True,5
0.035591579990678739,0.9795617317042139,0.19796982905081939,-0.99920383658885514,0.038453684327733155,-0.010630480127332817,-0.018025880835112862,-0.19743385713262698,0.98015046787615889,-8.0382886533631854,36.162707605946814,-3.4008690957467076,,0.4873834159695847,0.2142857142857143,False,3
0.57606651012287613,-0.75778094099117255,-0.30645623078244622,0.81668390324780882,0.54929892807069092,0.17691266149237231,0.034275035970439294,-0.35219133023248006,0.93530021320338763,-9.400772006850179,35.071662178672341,-3.4363716893807399,,0.5135595423366146,0.2173913043478261,False,2
-0.91369017204474345,0.39843410192813611,-0.080128246764585895,-0.38192793414539583,-0.90919044857963782,-0.16584264026777673,-0.13892920005627632,-0.12092557476512866,0.98289149082665594,4.7163041871411586,5.1520487492547442,-1.450301496211873,0.4679705292635989,0.192734393827464,0.125,True,2
0.37394761069403126,0.92134183538091852,0.10626573687292709,-0.92744982629078787,0.3714768908183898,0.042915490223113466,6.4570994355122452e-05,-0.11460428423415506,0.99341122092805267,11.849511607211367,-4.5330986128001314,-0.98985144437981443,,0.1604921844099247,0.4285714285714285,False,5
-0.29109869133301164,-0.91482419858731345,-0.27992541432190232,0.95655142428191331,-0.28335190559619006,-0.068710045111705059,-0.016459787618700275,-0.28776445797576966,0.95755975903201995,-5.6919527850770848,-16.047165883230335,-2.2750549333565528,,0.08127082048557321,0.2,False,2
-0.5904146833420858,0.79450729172630452,0.14201642541550694,-0.80705344750394392,-0.57927817986220909,-0.11446188539215231,-0.0086737861435735863,-0.18219482355231723,0.98322419198506128,-28.976473133144541,2.2315770205413519,-3.4357045217912106,,0.478299998129964,0.3658536585365854,False,2
-0.76872097075388768,-0.62347066564568654,-0.14266183162473522,0.63917244549160523,-0.75687475961235617,-0.13637882235163398,-0.022948944365281783,-0.19602277250631378,0.98033077000135882,-14.293576458299995,-23.058200203606457,-2.8635909647348328,,0.5258039838442785,0.3333333333333333,False,3
-0.26010567510884985,0.96500758792520547,-0.033247451375197454,-0.96553453118266197,-0.26027387883226383,-0.00075966537711393695,-0.0093865259839087372,0.031903969100798561,0.99944686196193966,-15.589962639780293,14.038387572565192,-3.0430528377476054,,0.1147109593328999,0.2857142857142857,False,5
0.99529290912198132,-0.079875086272208948,-0.054881651255326992,0.082732997924085436,0.99521736326066035,0.051938915265851496,0.050470546915972768,-0.056234957610966772,0.99714109003515461,-16.125166492178927,-5.0788715871354944,-2.6427897906872317,0.3054578559644981,0.1910743505347625,0.7386363636363636,True,5
-0.05251694227713765,0.99819916706590339,-0.028989543680344648,-0.99862001934031919,-0.052499650632922841,0.0013578130062729954,-0.00016657310333299293,0.029020846858006388,0.999578792642703,1.5296432303297633,1.5440152553871598,-1.6263565824698534,,0.083643220692821,0.353448275862069,False,5
0.96798557028093724,0.24301624132388924,-0.062825489896194658,-0.23721678327968435,0.9675075458286887,0.087506265461315458,0.082049579269651757,-0.069801541654580954,0.99418087455166648,-15.374678525818853,-10.014514952069471,-2.6397897111843736,0.2708084634639536,0.2362136282825153,0.8714285714285714,True,4
-0.29406684557027729,0.95047663091353529,0.10059256644305892,-0.95570668981705897,-0.29106376004583956,-0.043664752683341052,-0.012223476398557078,-0.10897734477969487,0.99396907645534971,-2.1835629824484397,-16.946956469147793,-2.1471908250692309,,0.4708096338764625,0.24,False,2
0.57618551290698838,-0.79351892859384188,-0.19580082910803209,0.81678938928985223,0.56766713685096548,0.10300055962439238,0.029416802335087755,-0.21927546990648353,0.97521942148301677,-29.256953914410989,-7.0097818557863878,-3.2809168104515321,0.2406958925003528,0.1982573064218272,0.3448275862068966,True,5
-0.49650064523554321,0.86773510630108242,0.022866888142893373,-0.8672380229748482,-0.49474231434784344,-0.055930795635477544,-0.037219897734506874,-0.047600710986181752,0.99817275635345015,-10.934712193897649,7.9073893349624171,-2.5341626917016558,,0.2032980762504844,0.2920353982300885,False,5
0.56686394946940422,-0.81594352848066298,-0.11358442288656692,0.82316535214891617,0.56646917233889027,0.038877754709399581,0.032620021666150856,-0.11553715904512521,0.99276739424010196,14.157250558953683,4.8253580360589501,-0.84516485763401406,0.5111392138686994,0.34613753085646,0.4242424242424243,True,5
0.98491660025171723,0.16589267233031901,-0.049182434015631271,-0.16325480269314727,0.98512985611070836,0.053544710260812881,0.057333759219312191,-0.044707805430352493,0.99735352417654877,0.0061436882807092974,5.1113437718249113,-1.7845882593341706,,0.1127415689796516,0.2531645569620253,False,3
0.92219227073653132,0.38653753081846298,0.012253695873766277,-0.3801201332846193,0.90013746611103762,0.21274685984729638,0.071204635140448252,-0.20085138628340998,0.9770305115821869,8.8155087541574204,-11.188839703676422,-1.3172657646334847,,0.2279580059447364,0.1111111111111111,False,2
0.042695894540293607,-0.99549965532266405,-0.0846019907677171,0.99908804509166249,0.042510968829881979,0.0039869391850095807,-0.00037248399199708154,-0.084695063501963083,0.99640684836771076,1.0126990141413734,16.282357987685415,-1.9195839296265693,,0.6385090750442767,0.2278481012658228,False,1
-0.11123675596888276,-0.97459129734677019,-0.19441755902556468,0.99354825726428209,-0.11341013238676888,4.8570810793041597e-05,-0.022096257796905702,-0.19315782409199811,0.9809188602445249,20.56748562507692,-2.3920631137821839,-0.45055253058817285,0.832033784447913,0.5749991553577041,0.2333333333333333,True,2
-0.21171841358581303,-0.94530917698012851,-0.24812471313002787,0.97701722847425265,-0.2111456583931034,-0.029237753098228906,-0.024751739599404687,-0.24861229024103951,0.96828677597492185,16.328732738332572,7.2944202749219036,-0.75995247576361469,0.5985896057842807,0.5057949618959399,0.1666666666666667,True,4
0.88318003925971189,0.46527896457409229,0.059232620894865994,-0.4666330838385957,0.85886238389368363,0.21120835826202963,0.047398136255515609,-0.21417490669385239,0.97564467201035032,12.034550528263807,-8.2859901389480708,-1.0542494208729436,,0.3282808038473715,0.4482758620689655,False,2
-0.99358004300346126,0.10787681479178629,-0.034077719636431809,-0.09709893590083675,-0.96774619756565905,-0.23246310189820352,-0.058055962589262072,-0.22766178846611046,0.9720080325183772,-4.2879919290661812,-18.53950192588994,-2.3199218368809897,,0.8292678960342619,0.52,False,2
-0.53305598550820465,0.83282642239138416,0.14916925447505533,-0.84562274252480718,-0.51862687493531101,-0.12628674482959976,-0.027811753607061163,-0.19345881929134265,0.98071412327940877,19.657524944302644,-2.5663395493808099,-0.50778789587049833,,0.7396997926862114,0.3,False,1
-0.7862127671607394,0.61708301103087171,0.032833553729767782,-0.6162423710881122,-0.77897118764004891,-0.1159708105617662,-0.045987224629824977,-0.11141115888332123,0.99270979084882671,8.6648413385923266,-39.405996727101218,-2.4337785242119319,,0.3608874288363961,0.3333333333333333,False,2
-0.068886947446603911,-0.94743402953587785,-0.31244735260343914,0.99760207964055192,-0.067518213148466052,-0.015211232365729596,-0.0066842477762831384,-0.31274598409995175,0.94981328178806712,9.8387727638800175,-10.146947622713375,-1.2259057159140887,,0.4952993411814389,0.1964285714285714,False,1
-0.98762288894140915,0.15681530404042876,-0.0031606419810084954,-0.14670236039405021,-0.93068587383570878,-0.33511523644483387,-0.055492762535653502,-0.33050380430695603,0.94217184666322429,3.4546738466256617,39.282745103163265,-2.7268318828202713,,0.4446576694421541,0.3157894736842105,False,1
0.96927119171040876,0.24587626585477934,-0.007630125136176856,-0.23964450558661168,0.95079812586401702,0.19635028595757378,0.055532583790351232,-0.18848815809695402,0.98050412869849013,-5.5547797429081367,14.314456124646277,-2.3672481145009558,,0.5674418699357889,0.4198473282442748,False,1
-0.48900145166414483,-0.83834554240189552,-0.24094466544256593,0.87176304659832093,-0.47923168745929412,-0.1018144406286782,-0.030112636151161151,-0.25983406487562111,0.96518365499745118,4.5418812430911357,11.384020435445759,-1.5573462273061442,,0.7673342913356768,0.4488188976377953,False,1
-0.96273192220819992,0.26876138963490431,-0.030241716267779984,-0.26506190684600106,-0.959832227185483,-0.092001528222734649,-0.053753432452891693,-0.080556881131731733,0.99529953149886596,21.438141310941866,5.0201816146786227,-0.44563989747666116,,0.8748987317551216,0.2906976744186047,False,1
0.41175200612257029,-0.90397944509593731,-0.11524516605081582,0.91030848421123056,0.41388918417450726,0.0058486576590290693,0.042411661451662558,-0.10731684894461907,0.99331986031967956,5.2450870382832804,3.8776377383195975,-1.4012092358588148,,0.1224780026964554,0.2666666666666667,False,2
0.612716121708753,-0.78313753068497838,-0.10618174151340667,0.78995516496203366,0.61087966048736775,0.052885515527839655,0.023447634166192895,-0.11628262310196508,0.99293935364479113,-23.875198597113275,8.7628153452480202,-3.3670785415471793,0.8174390580150537,0.7193405158929119,0.7288135593220338,True,4
0.75262080413359911,-0.62249769504313679,-0.214612545885081,0.65719104819317187,0.73033617897571612,0.18630349393908482,0.040765811166397277,-0.28125732940695469,0.95876611501179643,12.230707349950219,-2.6847841922945985,-0.92361996316136308,,0.4001705459792696,0.4,False,1
0.29072950680267662,-0.93712454117055988,-0.19306462185014431,0.95677806586305836,0.2832193121704879,0.066049632073315379,-0.0072171017463367806,-0.20392257243753709,0.97896041691829383,8.6248983341280621,-30.37402364192619,-2.1137186882781598,,0.2965836382674585,0.72,False,3
0.52928909538703894,-0.82164853513880987,-0.21153424831128148,0.84830557915856053,0.50802916172965773,0.14927831456953697,-0.015188741647356875,-0.25845706710498428,0.96590333190783695,30.696388652744254,1.2857634960372575,0.10986414104225484,,0.3656282071674875,0.3846153846153846,False,2
0.78392466371359026,0.6207390616690095,0.012047362359135845,-0.61928403754462003,0.78041270578123412,0.086274500854233424,0.044152038049998787,-0.075093448272741489,0.99619856030941001,21.069564733044782,-8.0187933560573068,-0.52972363223039021,,0.1643036050859161,0.3076923076923077,False,3
-0.25109192517606771,-0.92593544547122153,-0.28212833237976231,0.96792267745951444,-0.24284821815414295,-0.06442385737412909,-0.0088620297325364365,-0.28925472123954593,0.95721114215707503,-20.273429144529914,9.4054529002866722,-3.1790019980004511,,0.2129324713917353,0.2666666666666667,False,2
0.72985408747486136,-0.63556762617273288,-0.25172763765108358,0.68246621299016552,0.69866756107914696,0.21471727276253103,0.039406587305932703,-0.32850788674988346,0.94367880617296163,-0.72440333399546075,-6.8615963599449987,-1.7523719343238013,,0.6780511938076571,0.3449197860962567,False,1
0.89343438276154385,0.44646567643295587,0.049430794721124868,-0.44619506933014497,0.86938630959589736,0.21231440081325945,0.051816636372558504,-0.21174476251961799,0.97595040434467994,17.226210657692747,-12.258591956252687,-0.84770380879500329,,0.2199519598375385,0.125,False,1
0.40140760737790082,0.8799436532220235,0.25410844120852744,-0.91555066238410177,0.37784570980760995,0.13783905175245437,0.025276814419172938,-0.28797879563305023,0.95730313689998758,1.0132530061654186,-10.202523086765467,-1.712397148945205,,0.6717467279521994,0.4788732394366197,False,1
-0.64323193110013244,-0.75390048830013323,-0.13374130459217015,0.76461737203896307,-0.6416335059368744,-0.060553434546567433,-0.040161638281138161,-0.14121082748846162,0.98916456922526275,-20.960665240411579,3.7857197309231814,-3.0311980548778465,,0.6057795623576846,0.3815789473684211,False,2
0.59328983228882193,-0.77878075255778734,-0.203734421117855,0.8029471169144865,0.5905328197762908,0.080913016293897938,0.057298362467134892,-0.21159283591981309,0.97567687758089028,11.601794449139684,12.331559393106094,-1.1176422797527528,0.3823698838069703,0.3921031954661325,0.2333333333333333,True,3
0.85589635824790167,0.5092038326563697,0.090293303993387031,-0.51457134447466846,0.821146131317398,0.24685089116306932,0.051553422616839858,-0.2577411256096574,0.96483768416555704,-10.603535707007016,6.512797542343427,-2.4810763921886667,,0.3375160945898077,0.253968253968254,False,2
-0.99257408133812663,-0.042236860284052338,-0.11407340044514672,0.057565883468204647,-0.98922357582469023,-0.13462126909644631,-0.10715811736074145,-0.14018831857882511,0.98430908418938357,32.054442917418918,4.3237251700451722,0.14775789848011314,,0.3678660158555884,0.4545454545454545,False,2
-0.50608051872455251,-0.83334042170202183,-0.2223201523141427,0.8600639424645562,-0.50691053023545096,-0.057721133120705495,-0.064595072875661089,-0.22042108767971796,0.97326359259261186,0.6452695651925533,-8.4249178291711342,-1.6864364833284189,0.6344487287449742,0.6797559917260053,0.3710407239819005,True,3
-0.14528642714947426,0.97547860588800561,0.16532798777258945,-0.98937456279374092,-0.14231906781191647,-0.02971964726979923,-0.0054615549832121805,-0.16788916698804651,0.9857907480927306,-6.1721692522828482,-11.886804005586066,-2.165819624619866,,0.5746768323613314,0.263681592039801,False,1
-0.2854938356197666,-0.93514447800465206,-0.20975718123706882,0.95819544961919956,-0.28281952080202161,-0.043296639388929664,-0.018834812241534302,-0.21334930023490051,0.97679441334249284,-6.2296034453477134,-23.718517739350872,-2.6508615396529835,,0.5191982414355836,0.3461538461538461,False,1
0.91641724152606852,-0.39360053182697313,-0.072512487057569117,0.39699181235304287,0.91695200502490593,0.039956493908385918,0.050763573144498635,-0.06540368358378712,0.99656681552983395,-38.953089226700733,-10.610878351306644,-3.6271654595403087,,0.1658137592020033,0.6470588235294118,False,1
-0.9595203624287203,0.28156381083631837,0.0065187814802596042,-0.27650347893655935,-0.93737079411308866,-0.21185329943094527,-0.053539706953223923,-0.20508002040941981,0.97727973733636542,11.369523305207483,-26.27498032224738,-1.7185472511803885,,0.1905363782349775,0.3684210526315789,False,1
-0.85261756204604422,0.52253535022505238,0.00031726304934161925,-0.52087968120406425,-0.84986740773123293,-0.080060895479299246,-0.041565016533294058,-0.068426581394782166,0.99678992388527443,14.183493618418856,-26.666022245564061,-1.5414706786642491,,0.2317262066193154,0.48,False,2
-0.81441593761706699,-0.56435039144179688,-0.13503820287164836,0.57953533904477339,-0.80283617995632783,-0.13997449393153877,-0.029418894499510444,-0.19225686940294626,0.98090357569630948,17.222348940342766,6.4178120105384542,-0.7031455921179679,,0.1388178367952185,0.5,False,2
-0.80502541199456856,-0.54995335617962726,-0.22245312330856812,0.59133433327036988,-0.77392182716046953,-0.22664666717224424,-0.04751623237021755,-0.31400049597311552,0.94823303896772959,14.9919638782248,-6.176086245130846,-0.83165218147383535,,0.4364400104457333,0.2,False,2
0.085996732865009709,-0.95568914651994841,-0.28153652899848763,0.99629323464956421,0.083083298459507723,0.022292512388613121,0.0020862713275761578,-0.28241002238068763,0.95929152332900702,-0.11662608292639075,0.13822772575192158,-1.7126127042725783,,0.1777590273756717,0.3493333333333333,False,1
-0.41646329849930586,0.90912966721624688,-0.0064474173398698167,-0.90885877568957429,-0.41649852835961504,-0.022465567571810514,-0.023109453804160233,-0.0034962925437414527,0.99972682722998019,2.9837699544339382,4.6697358003824894,-1.5606956164908898,0.1766193404422318,0.1566934475291474,0.6888888888888889,True,2
0.93117947138634283,-0.30140939619679241,-0.20507844341357595,0.34295276793209939,0.91503303954697723,0.2123627450969934,0.12364542464790912,-0.2680800485334634,0.95542916877282602,-35.935025545868193,-10.194316100632033,-3.4896774073219863,,0.2259904174240867,0.2857142857142857,False,2
-0.8384510844284232,0.5430755654101117,0.045483065807943077,-0.54253195112852137,-0.82388091365334648,-0.16394914492734766,-0.051564144766320187,-0.16213935479153757,0.98541969160470066,23.623193165371053,5.0155552382019453,-0.34038853120975116,,0.2801454403350734,0.2222222222222222,False,3
-0.72882749598638141,0.68457610735297569,-0.012885431140123353,-0.68356595869098657,-0.72857573268959408,-0.043760505649413833,-0.039345409047210324,-0.023085817665115117,0.99895895001228141,-4.8228743655445196,-23.308935115317148,-2.5589997627399965,,0.09738362189875886,0.1428571428571428,False,1
-0.17360956388066362,0.98392714054981156,0.041798342295329236,-0.98479758991436472,-0.1732009656590757,-0.013233759617849781,-0.005781542011014891,-0.043460413990612325,0.99903842077656857,21.484388936293456,6.7510019256740597,-0.49268335200744345,,0.1246861145503728,0.4705882352941176,False,2
-0.097275374105954784,0.99291961292819519,0.068177297211527682,-0.99525376759703543,-0.096858771366889959,-0.0093976855236997895,-0.0027275770295890379,-0.068767875289403951,0.9976289589079339,4.2039722789237368,-8.4536283857488108,-1.4563559334537899,,0.517778669533616,0.2210526315789474,False,1
-0.79857072582110766,0.5891114118550409,0.12342017778187184,-0.60032518670055057,-0.76472803269562306,-0.23409550662588677,-0.043525464667222333,-0.26103405990721185,0.9643478384347941,-7.8423360750832707,5.44060103624797,-2.2941183498502014,,0.5739990925187295,0.3389355742296919,False,1
0.97684771446443897,-0.20440091011222883,-0.063157031998771374,0.20682071744403485,0.97777274302048356,0.034433324587293805,0.054715021534638503,-0.04669829709413189,0.99740941216080958,19.458761620548362,5.7939484465925055,-0.56602373520123339,,0.08019849977405438,0.35,False,1
0.63739290990453157,0.76977525938414704,-0.034297644868161455,-0.76959721030782557,0.63818292857566561,0.021040046601646416,0.03808427877544833,0.0129845952827152,0.99919016608226185,-1.6742600745820644,6.1745895361789467,-1.9097732892604529,,0.08829601567488782,0.3809523809523809,False,2
-0.81419269035874742,0.57749536630223297,0.059911308330195374,-0.57904257591339936,-0.80014084474000235,-0.15647467481459182,-0.042425914792274186,-0.16209173476216082,0.9858632315264797,22.117909674316529,-3.8950338003253875,-0.3997773987897853,,0.6452610188096163,0.1764705882352941,False,2
0.26000157551828518,-0.94254942308570278,-0.20976121130661265,0.96553335960721853,0.25647748622662031,0.044324153059820501,0.012021323288474736,-0.21405579669722047,0.97674746157167536,-29.533883184475862,12.086622674955803,-3.9084542801128248,,0.2106698672135203,0.3181818181818182,False,1
-0.93646872284301175,-0.33764904676334301,-0.094970797388378908,0.34588313998361175,-0.93393011816161853,-0.090218556105176068,-0.058233878557553978,-0.11733565361999471,0.99138345748641232,25.136673025232277,-4.0041007670258786,-0.22952177217183428,,0.2500968752834705,0.3870967741935484,False,2
0.23791764989737363,0.96026455222490648,0.14590127349550863,-0.97115058730556758,0.2326834431518951,0.052201073351324387,0.016178029650187678,-0.15411166413766098,0.98792098182666366,1.9690990666472774,0.53907780571416519,-1.5912842793453545,,0.2047907825550701,0.2371134020618557,False,1
-0.69896007607377963,-0.68054732252530914,-0.21979570937252024,0.7139522974241036,-0.68186562472549073,-0.15915837024976434,-0.041556335952306997,-0.26816899824802543,0.96247517335299093,17.154750878534905,3.7657348461584981,-0.63376654229509399,,0.7124909606366541,0.3207547169811321,False,1
