axis_00,axis_01,axis_02,axis_10,axis_11,axis_12,axis_20,axis_21,axis_22,location_x,location_y,location_z,dbh,dbh_approximation,score,reconstructed,number_clusters
0.60338877072640473,-0.78108598948672847,-0.16070677766919206,0.79631346864051689,0.60091101542252834,0.069215686123690875,0.042507070270550826,-0.16973693932495329,0.98457225250644254,-11.749659049000657,36.991921434181535,-4.144020280604483,,0.1725421439583505,0.2307692307692308,False,1
0.96472085778941186,-0.19647135585810269,-0.17525031490226031,0.23382519721066031,0.94531707349667249,0.22737943553691015,0.12099356881858811,-0.26033562353809142,0.95790705155645239,-8.7151393160932216,25.546634299196164,-3.404377793810105,,0.2321307850787099,0.1923076923076923,False,5
-0.73852172321287302,-0.65446399928144006,-0.16205720590962178,0.67017942095584881,-0.73887114357285444,-0.070206672920935548,-0.073791653118584266,-0.16045655748484483,0.98428069425857423,-11.733378324129342,22.39774239434276,-3.7691896780698597,0.2195035227951167,0.2522340314006392,0.5128205128205128,True,5
-0.89305766377152207,0.44808900747838309,-0.04079522712263129,-0.44574976793276916,-0.89344067402625815,-0.055415759341424738,-0.061279307819457979,-0.031305005550900183,0.99762961216105883,-9.9266423340657717,14.707871979563544,-3.2166686154201494,0.2167212159035303,0.1123393023406212,0.2222222222222222,True,5
-0.97235245574000206,0.22986362835075277,-0.041151113931616169,-0.22140250375593717,-0.96350139967381254,-0.150485827097455,-0.074240374103233781,-0.13721430387547009,0.98775533492104228,6.6936845664348539,-17.412570287596747,-0.070510731020470035,,0.08642554846367156,0.4375,False,1
0.48842235299661113,-0.8370744903009919,-0.24647495365774424,0.87246456818402829,0.47356663770484608,0.12058282181299031,0.015785510973991418,-0.27393600957205416,0.96161836520681532,-5.2872105133256548,21.744709736836459,-2.6846507398800767,,0.3862501056608059,0.7425742574257426,False,3
-0.56113100428151597,-0.78927543969326808,-0.24935171210764806,0.82695837635748481,-0.54754652611576071,-0.12779923908519758,-0.03566286312412556,-0.27791560236079005,0.95994326819777698,3.4988607559576024,-15.246979381070791,-0.57959975252935469,,0.2887542691739553,0.2857142857142857,False,5
0.7103562388935043,-0.69309566550478852,-0.12252514975934464,0.70196915143765803,0.71034038429733426,0.051534928603911616,0.051315926328671414,-0.122617033461059,0.99112649990313573,-41.823386208708463,3.4041149245191651,-6.8931688391979824,,0.148419343111998,0.3157894736842105,False,1
0.66486181031636249,0.74517923452158852,0.051639922740726346,-0.74489357423593494,0.6562838724764144,0.12010429546596046,0.055608778487412358,-0.11831900593387699,0.99141730698528585,-37.90490670040699,-7.088040525548772,-5.8102425167770164,,0.07984369266208459,0.2857142857142857,False,1
-0.2069954298642564,-0.96974203353765986,-0.12943446374731815,0.97808576481393217,-0.20814938368499647,-0.0046979506065545906,-0.022385903681942557,-0.12757046077286166,0.99157684969675575,7.4542871200434959,-4.6333257922090203,-0.24700678155736849,0.6189948024463935,0.5674743943987947,0.9644268774703557,True,5
-0.98417821110568293,0.16207733013882411,-0.07158343271936525,-0.16140385525225964,-0.98677240768807517,-0.015133107254856247,-0.073089289875636926,-0.003339832413458553,0.99731980890029703,4.6495017694537708,12.236131770305027,-1.0234138916189388,,0.08110124721801149,0.3207547169811321,False,5
-0.98423199714845511,-0.14881834795332555,-0.095605831943491704,0.1591368641194752,-0.98096062766428527,-0.11131803740055835,-0.077219390488296152,-0.12477718655641873,0.98917532290675425,30.305581308592661,-1.1211342694827802,2.3773200701693704,,0.5388566750886996,0.2142857142857143,False,1
-0.87587884951012429,-0.47417473823770295,-0.089412295564019958,0.4768929679919458,-0.87889720683956152,-0.01062058799929399,-0.073548202293834714,-0.051942443404441194,0.99593807262927869,-0.98127756813610501,10.142601416387231,-1.7987889459135649,,0.0784764885201458,0.2553191489361702,False,4
-0.43465748680133931,0.90055291636465129,-0.0087928376912016354,-0.90013346034576169,-0.4347264392646521,-0.027797060460434005,-0.028855202884536496,-0.0041674730229571411,0.99957491436864998,-44.012869606870218,-0.10718256956249063,-7.0268112300492787,,0.2475038068648894,0.3076923076923077,False,1
-0.8638578985319928,-0.49396352921382464,-0.09873987517975337,0.49972518234610669,-0.86504063988278102,-0.044490824675881217,-0.063437160032907974,-0.087776552437496075,0.99411820402261386,8.826860893405641,15.194749868936146,-0.43244966654357048,,0.2975829212905269,0.5526315789473685,True,5
-0.94105959248522297,-0.30902117139026919,-0.13752366714180975,0.33015126680843249,-0.92759161553255098,-0.17485404147030492,-0.0735321998605558,-0.20995168593344918,0.97494271891089535,-5.9153990843258581,4.2999394714021202,-2.2281571686198851,,0.1056668316431996,0.3347457627118644,False,5
-0.99431169642753015,-0.048074576000692107,-0.095042545682239035,0.073023596436492921,-0.95729655080464915,-0.27973356641812308,-0.077535828562587991,-0.28508270547312375,0.95536173585152406,-37.671697243458468,8.5590360549165556,-6.8620154427908489,,0.5213958358254724,0.3636363636363636,False,1
-0.33299919455503763,-0.91315003523083516,-0.23509264042845093,0.94241968908890772,-0.33048803789698139,-0.05121314698952216,-0.030930018481455209,-0.23860986979781068,0.97062282272353817,6.0837238639341296,22.962319440007221,-1.1246845974839943,,0.250041104171206,0.28125,False,1
-0.74231711306822123,-0.66139762849361838,-0.10732418492156956,0.66677351080159475,-0.74496896781014166,-0.02084040050497905,-0.066169395791236069,-0.087031109512116067,0.99400563229677585,-2.2651990948441765,16.615119102198424,-2.0231056281839637,,0.0897197366051294,0.2592592592592592,False,3
-0.49313448632457041,-0.8397510743170411,-0.22723668625636956,0.86902286882493474,-0.48758152561583162,-0.08404468655076959,-0.040219794339119014,-0.23891921032330524,0.97020615287773015,-11.415641078900828,14.626633256218001,-3.4560068852681565,,0.1186522684320819,0.3114754098360656,False,5
-0.072079543066783547,-0.95017068153738227,-0.30328240209097107,0.99733495838828323,-0.072104775441064473,-0.011130235183274178,-0.011292486348233096,-0.30327640413553342,0.95283571639957709,-11.974430279232372,16.198057288992384,-3.5954499978337338,,0.1396767023745759,0.4285714285714285,False,5
0.59017355081900735,-0.77343634103698955,-0.23128209242610789,0.80637429011315398,0.57834271765336698,0.12361312706110857,0.038153429179988138,-0.259453131221483,0.96500175571921931,9.1730308315403395,12.065550088990847,-0.39092154359191006,,0.3000958485154471,0.1153846153846154,False,3
0.66210265165623716,-0.74027939945695143,-0.11664685769206938,0.74791746126099035,0.66255672429232348,0.040472932139152609,0.047323882033216511,-0.11403945735876048,0.99234845309227171,-42.84065544256697,-2.5147722884355099,-6.7399525128545559,,0.1544831601089318,0.4,False,1
-0.8550037753576144,-0.50810757570624465,-0.10390012335964684,0.51399694018279196,-0.85689519400335834,-0.039214435819936007,-0.069106364446081592,-0.08693283616603717,0.99381436515537214,7.1915435825331091,-6.9716046288751521,-0.20229067456139477,,0.06879537224686372,0.1764705882352941,False,2
-0.012810161062648954,-0.98669320975402641,-0.16208766023003568,0.99988960347179356,-0.013860880166599599,0.0053532111884689176,-0.007528654764974595,-0.1620011908175544,0.98676184235666786,4.78793412567767,-13.76923960224301,-0.47159439774098694,,0.08244283229138241,0.1764705882352941,False,5
-0.99364157552562637,-0.096956679273010854,-0.057234794760704963,0.098458455610687667,-0.99485115925584944,-0.024022977460123655,-0.054610913796673974,-0.029505478671627575,0.99807167819884013,5.2504618725183576,-3.4395412515178618,-0.61810127467175047,0.09679926591176524,0.2143567460855653,0.3658536585365854,True,5
0.86598843429864314,0.50000068174027734,-0.0079592663131256014,-0.49502494763257188,0.8594072554038954,0.12794323186677184,0.070811954374632211,-0.10685732365356526,0.99174955482684379,-9.5581514838185129,6.4075023981138086,-2.8254107011319696,0.4953006170862709,0.3165745403775563,0.337962962962963,True,4
-0.94835306597474878,0.31589774639648094,0.028897682916091905,-0.30895974362441286,-0.89917771347411934,-0.30987629210862938,-0.071905069889621948,-0.30280035239920061,0.95033762816753131,-46.869357994894713,14.966468047420346,-7.8868880486324811,,0.223421983319394,0.25,False,1
0.89967788418725225,0.43595983587678572,0.022775561609653633,-0.43055477640746243,0.87748555260822003,0.21128580046128784,0.072126896627188825,-0.19989528875422019,0.97715893503400852,-10.968476991814969,23.841731054473744,-3.698919040659836,,0.3733496741638491,0.1666666666666667,False,1
-0.99263024299184466,0.10860170825329268,-0.053766808185150873,-0.10237856694949317,-0.98892910720621741,-0.10741438427735472,-0.064836947239365478,-0.10111819759460586,0.9927594272470539,6.6194638268797936,-7.5418707660925479,-0.25929646915733878,0.09645079752080864,0.1134356821575636,0.18,True,6
-0.78259046845065416,-0.60220662761760757,-0.15779523549084898,0.61896695819204828,-0.77979823636665679,-0.093779609862347721,-0.066573743748325934,-0.1710610657422631,0.98300867159473837,-1.0800903890873312,14.638550901673373,-1.7916130921675419,,0.1158523499572983,0.1851851851851852,False,5
-0.97720091540783827,-0.19306669599414464,-0.088338110824198596,0.19781924803129003,-0.97903471458256497,-0.048565139252053476,-0.077109766141642735,-0.064932877189763483,0.9949059279275807,5.7668845776681348,5.5377231683018442,-0.68242989077909033,,0.07885965936836395,0.4230769230769231,False,5
0.98768671664310248,-0.1279001858361658,-0.090091576908401888,0.13680661989322496,0.9854547478034259,0.10081115407075568,0.075887406861474119,-0.11189496188283557,0.9908181563662829,-38.767978018996502,1.2100648409418224,-6.520278797612443,,0.2855184693695594,0.4285714285714285,True,1
-0.99529425873631783,-0.027126758939756968,-0.093024069336634291,0.036702007460284285,-0.99402269810199451,-0.10281944517656277,-0.08967887808680404,-0.1057497735574657,0.99034069098347977,-35.678530693419575,-7.0019883668470184,-5.5603141888964513,0.4139245318824537,0.4676118058624713,0.9891304347826086,True,5
-0.43272305045832626,0.89841293997348148,0.074866219954306507,-0.90010429743607645,-0.42588448759576403,-0.091840388513993745,-0.05062623172969228,-0.10712885938671893,0.99295538275763062,-2.0534176553651156,-4.2650571786682514,-1.5088672659031541,,0.3164195874806239,0.3,False,3
0.81507291702342288,-0.57166662868418561,-0.094092537343757512,0.57642048685039016,0.81650830841370303,0.032459276494607593,0.058271453337704462,-0.080693543361606834,0.99503416513487641,10.96584500790865,11.818793959041331,-0.153922381926555,0.1756440331597988,0.0908545273385006,0.3333333333333333,True,4
0.0062837745884369595,0.99725068516319482,0.073834850297528315,-0.99790598854417711,0.01100693614048584,-0.063737629266129386,-0.064375089938492516,-0.07327972638005667,0.99523159590975274,10.630345337244817,8.4561599902278921,-0.13877762482903089,,0.6093704724006687,0.3571428571428572,False,4
-0.43820872414203121,-0.87864830444448727,-0.1896055673830272,0.89540030869156029,-0.4452184140377583,-0.0062330567750788195,-0.078939225236071484,-0.17250426342131314,0.98184055621093513,2.5301915325555293,2.9515045983064496,-1.0538983163633333,0.3149605461546001,0.3051916150916649,0.4115755627009646,True,5
0.25442664450296487,0.96708384416492332,-0.0039901030259602011,-0.96678204984534777,0.25444737953012087,0.024269304627117662,0.024485723673013271,-0.0023171977581658704,0.99969749421050358,-31.588281189686604,-12.969787543030472,-4.7438121344780484,,0.2933958444981637,0.7777777777777778,True,3
0.32912607989274562,0.91144676895373899,0.24686192678949986,-0.94378885441389759,0.30903100647280551,0.11731340640569973,0.030636935527856721,-0.27159643665224181,0.96192346565580145,-39.003396199412713,-1.9898602379223354,-6.4293838967816086,,0.1508185465651029,0.5714285714285714,False,1
-0.60849827946878043,-0.78098323319771978,-0.14069482345690543,0.79188296023478622,-0.60910009034339307,-0.043800196728583325,-0.05149001042266365,-0.13806617763850193,0.98908367159657806,7.3043241094171227,-19.877102525323121,-0.0127760147389281,,0.1042910202802492,0.2941176470588235,False,1
-0.93891487142538976,0.34136460734964225,-0.043692894906038518,-0.33673228811907835,-0.93746151174350811,-0.088188888969462656,-0.071064972766726839,-0.068089050871654205,0.99514504008062221,9.2152157357750557,-8.1847519543063676,0.035545103502597923,,0.09556971112596226,0.36,False,5
-0.82962664080287485,-0.5349586614554358,-0.15980884645083238,0.5542401570201293,-0.82364232637979717,-0.12012979040179117,-0.067360858192571121,-0.18823535462150653,0.97981118898187503,21.346202222981386,-15.399516329124381,1.5893186825431542,,0.5787998286409225,0.2702702702702703,False,1
0.94712264700793958,-0.30024914269104369,-0.11317748821195389,0.31152489498156466,0.94494763947280869,0.10013090662473857,0.076882581456392735,-0.13009385445923349,0.98851639222652277,1.7256065075270066,-12.306228427604507,-0.86665627538573042,,0.3933474842917805,0.5691056910569106,False,5
-0.049915203668413656,-0.99426520256190465,-0.094578958639197783,0.99871717932524784,-0.0504962317745455,0.0037584966665167663,-0.0085128234659026247,-0.094270024669062633,0.99551026829738543,-2.9327693102668055,10.082217413723029,-2.0608984619840292,0.1356553984911587,0.1359817159535819,0.5505050505050505,True,5
-0.72459912414193395,0.6804679549277155,0.10917633264235027,-0.68716792711980945,-0.70130188176646824,-0.18967316776147736,-0.052500945044871829,-0.21245948542557941,0.97575848334620774,-40.244933521212687,-6.6515363240626328,-6.0587473634875684,,0.415133675532285,0.125,False,1
-0.52410615699798335,0.85066666005872638,-0.04097523229141728,-0.85103927233874521,-0.52494811581400713,-0.01271348262525953,-0.032324806788964919,0.028208317352413408,0.99907927498182103,8.7199737319895601,-3.8893158399736603,-0.13120236283016207,0.2481661597786217,0.1889351003875668,0.7986111111111112,True,5
-0.8289366249450586,0.55924845882566487,0.010258319833925916,-0.55162458445866502,-0.81432510751809151,-0.18051298315205852,-0.092598000224095145,-0.15529256442846506,0.98351910494292416,13.355215001292921,-7.1237521007881384,0.54831194783392356,,0.1438172848059236,0.2121212121212121,False,5
-0.91316540856176298,0.40634370472085618,-0.031839130640735444,-0.40176224483851847,-0.91052171394997883,-0.097659137042609423,-0.068673395347415414,-0.076387185177374861,0.99471049190814054,-46.856739810295082,-8.5171753242082087,-6.5857624180284065,,0.1369866145410531,0.3333333333333333,False,1
0.15439906330661032,0.98732863501286761,-0.036648270541284389,-0.98785675362628622,0.15491932913906767,0.011791343181950183,0.017319456255165996,0.034382669220511183,0.9992586594532451,-39.543251268220743,-8.2297655485704375,-5.9578397358213948,,0.229029523085114,0.5217391304347826,False,1
-0.51290164563563501,0.85838648100803872,-0.010225024542468653,-0.85798753868714561,-0.51298034788797364,-0.026618529980230607,-0.028094222926295757,-0.0048797441910534284,0.99959336869288906,2.3670438023318536,9.4813148343183702,-1.3025017160528953,,0.0832307110760804,0.35,False,5
0.50808240289938145,-0.83735638427646808,-0.20170909145457266,0.86123189055220795,0.4970319834976677,0.10601338630683743,0.011484883972380858,-0.22758183822926831,0.97369122638972483,8.633691909646064,-11.258874209342592,-0.0020216207175520386,,0.1848739913066288,0.25,False,2
0.043872745332751525,-0.9788122089468021,-0.20000460453111851,0.99903381470065444,0.042468860605826712,0.011306324049025844,-0.0025728003471397892,-0.20030740249807155,0.97972972048562923,-0.095970129835401707,11.912291596143424,-1.6970417894780052,,0.1980491822722554,0.308641975308642,False,4
-0.96961186903286045,-0.19720288349344353,-0.14478897117002393,0.23238643980062146,-0.92741318330249123,-0.29308928679419805,-0.076481148183031811,-0.31782984469462705,0.94505810604110141,-28.698997483115559,-16.561438174884017,-4.227594514954081,,0.3951530213039539,0.375,False,1
-0.87573163403163212,0.47886677021878837,0.061487572211893077,-0.47783551818616421,-0.84145869200367096,-0.25223101952620786,-0.069045801581606517,-0.25026762881302966,0.96571154660812453,-8.2041889152296754,8.9393958963433739,-2.6980389913758316,,0.4443575462185875,0.2658227848101266,False,2
-0.82691638872597473,0.55875335723276698,-0.063276945544998006,-0.55899210407020594,-0.82902765947363255,-0.015523125163301125,-0.061131936363549126,0.022534986327556003,0.99787527314171875,22.430244636231656,-19.370998694383555,1.7508534530529789,,0.2407948891236739,0.782608695652174,False,1
0.83984250335353294,-0.52064319157975181,-0.15360741070182982,0.53798786780890562,0.83604280211500004,0.10771019971259312,0.072343787924730479,-0.17309852712645749,0.98224400036617809,-9.1452156499555404,22.193577503247699,-3.3028080512207838,,0.6971611521085437,0.3953488372093023,False,5
-0.76870174669729674,0.63757053077494541,-0.051004342088493859,-0.63698580466080712,-0.77032563914798113,-0.029111755905127355,-0.057850750082863951,0.010110784272737566,0.99827404191246061,-2.6605905058413231,8.7518245424295102,-1.9960649320606136,,0.0867122684345305,0.5075757575757576,False,5
0.72413863279143298,-0.63236911532339779,-0.275195462324613,0.68765610462410842,0.69241979366345674,0.21836646060293619,0.052462579732147803,-0.34736742986088837,0.93626040522906295,-37.136356577924111,9.4244421978029429,-6.8088775295029151,,0.7586120453547587,0.3670886075949367,False,1
0.59283293359774469,0.79440846426699407,0.13215258129468369,-0.803750655483913,0.57339554543026505,0.15875273947214125,0.050338818530759347,-0.20033157609744104,0.97843408718586788,1.5476606709211698,21.997880493127631,-1.6948101326067844,,0.2330178845039746,0.2222222222222222,False,1
0.8001694276940533,0.59977303616487976,-0.0010918211086407975,-0.59620842304146426,0.79560936960394624,0.10743019730421489,0.065302398716906934,-0.085311406552546792,0.99421203001867009,-36.359231070927059,-2.6707287280916572,-6.0095823999410154,,0.3191497781924327,0.6428571428571429,False,1
0.65621726073659525,0.75357572481036639,-0.038762529431019474,-0.7479341393421679,0.65638462613238902,0.098761053981494248,0.09986706122566566,-0.035816889222480178,0.99435593251540166,16.177041779156866,15.54222215907374,0.49422558187569743,,0.3340412951464438,0.2941176470588235,False,2
0.82098101758629716,0.56864449604014544,-0.051318669957603411,-0.56703911999125933,0.82255896244053617,0.043166997906825398,0.066759307684447267,-0.0063395924158097736,0.99774896863163698,4.2404141928249066,20.323458278575131,-1.2598809647941609,,0.1266978452296879,0.3846153846153846,False,1
-0.99524845432226683,-0.060869000482444494,-0.07599657195825564,0.07191559878326366,-0.98571401542077364,-0.15230241775723569,-0.065640390163243287,-0.15704408484028629,0.9854077808683539,10.379665647157415,14.31765634515345,-0.23602719333131472,,0.4802265265720122,0.2666666666666667,False,4
-0.5009664578636992,-0.82634062513807971,-0.25728151768423901,0.86505139469067882,-0.48729750678725486,-0.11927792931903315,-0.026808443431305229,-0.28231597745315834,0.95894681616628641,3.5465393671741392,-4.1879916873478926,-0.77591996301442967,,0.4230622779423029,0.6960352422907489,False,2
0.9973095854647076,0.011228997279421449,-0.072439632524688546,-0.0066996046566705726,0.99802441638396511,0.062469029117560734,0.072997986531530334,-0.061815644634227306,0.99541454683001163,0.079837620928295105,22.953734889627569,-1.9904301804356688,,0.1036965173557829,0.1904761904761905,False,2
-0.67462072292860131,-0.73076830762840561,-0.10423320373665618,0.73627662549143147,-0.67624570792063621,-0.024258468085779195,-0.052759936981028377,-0.093109736788554789,0.99425699191150985,8.9223131586394651,10.257756542289075,-0.39599338019591945,,0.08215875013873947,0.2962962962962963,True,5
-0.88451173122229343,-0.4081602028606327,-0.22592973715495779,0.45488114391166995,-0.86205526874625937,-0.22348122637131154,-0.10354777758963131,-0.3004429437140802,0.94816237814451698,16.767982294647748,9.3813823728857013,0.74363820439169825,,0.3259055488702362,0.3888888888888889,False,4
-0.83586492914360955,0.53868237578859335,0.10559885530868067,-0.54624187715666717,-0.79719576430669881,-0.25709672306705456,-0.054310513421506786,-0.27258065115890689,0.96059885318777949,-4.5128594021247288,12.404723753654711,-2.2870207773112368,,0.1714896765785413,0.282051282051282,False,4
0.18658179654473814,-0.94810764496143485,-0.25744732813493865,0.98118623266278715,0.19306363285302863,0.00010248217914460506,0.049606552300517678,-0.25262289531091964,0.96629232778366969,4.4837062540544741,18.798243900394677,-1.2133125719157101,,0.4401133990618492,0.3137254901960784,False,4
0.26557160069289398,0.93088707849267027,0.25084053101681031,-0.96374548292023343,0.24936659961459764,0.094925987735182182,0.025814125130652833,-0.26695607521094977,0.96336290402511626,-25.274254140930147,-22.810312003489692,-3.611125207345272,,0.4418558768708518,0.25,False,1
0.93082554003980944,-0.33441669887276482,-0.14740856665960739,0.35003347387540984,0.93175217247460729,0.096511430698974818,0.10507321816861834,-0.14143323726724516,0.98435575795532249,0.68903920154170795,3.9307571879082324,-1.2940046167707737,0.4778973444747757,0.2272663803894611,0.4285714285714285,True,2
0.99119237029844864,0.11383143766427813,-0.067676353783478638,-0.10739918579473443,0.98994073001002625,0.09210193243273726,0.077479674449310337,-0.084022347423170413,0.99344710235660183,-0.014622330894571434,28.283447320750341,-2.1461100713799608,,0.1608259577699372,0.2,False,1
-0.43761353557419713,0.89837429285900239,0.037656651634718374,-0.89879140406691482,-0.43584466675652017,-0.047047193702945717,-0.025853538590984174,-0.054433963570417382,0.99818261763684257,-5.2565220309738239,16.359346005326039,-2.411948068814592,,0.1192057229687509,0.2941176470588235,False,6
-0.013127265743578274,0.99974973435750969,-0.018114732848810752,-0.99990482712084849,-0.013048100857236405,0.0044814913191105442,0.0042440068945930878,0.018171838545003996,0.99982587118426303,1.8831192217922599,11.889624039267233,-1.4122193635359124,,0.06871823580746816,0.3235294117647059,False,5
-0.20544553459396372,-0.96976504937389008,-0.13171135610970156,0.97821467351907199,-0.20758036656555232,0.0025384894103529804,-0.029802429890463902,-0.12832045990163482,0.99128486054375753,6.7212588853606823,7.2146418294947248,-0.62274359502494303,,0.08723849049141771,0.3333333333333333,False,5
-0.98245887925635533,-0.16694683896392135,-0.08308612116534389,0.17050578160714613,-0.98463478774319346,-0.037710916250531315,-0.075513767015584182,-0.051216088545230243,0.99582859130738199,5.8516443641945379,14.532450136801177,-0.85913558368140974,,0.08501549287325229,0.3947368421052632,False,3
0.99673549416943819,0.0059986287159860888,-0.080513173557707637,0.00042416575192257428,0.99683317491318169,0.079520069642332242,0.080735213793119404,-0.079294626842139934,0.99357646278872014,12.83713343773969,13.682575878442691,0.091120853631909832,,0.09570503616878778,0.2105263157894737,False,3
-0.86852192687075147,-0.45611008648957752,-0.19399291622939741,0.48476192517487854,-0.86326573840211385,-0.14063477806644359,-0.1033224972862221,-0.2161847679729598,0.97087002613687434,5.9722792894191352,-15.783722011053252,-0.25231819656703913,,0.3329551679802595,0.1071428571428571,False,2
0.51475673543635869,-0.82954300529737923,-0.21652691676808855,0.85721237077594226,0.50229108236813169,0.11353686609264682,0.014575826274737178,-0.24405341820110421,0.96965224403018113,-5.4239443301999124,24.76594722366659,-2.8520525146027023,,0.2909372746093932,0.3611111111111111,False,2
-0.99701189418336866,0.015765236488404562,-0.075622352352687466,-0.0024538921210809569,-0.98492268675733918,-0.17297768504683148,-0.077209204570099235,-0.17227524032537994,0.98201831973771414,-4.6735898946813457,5.1020577365343422,-2.0672959408935125,,0.1026140052113515,0.398406374501992,False,5
-0.4027592204458631,-0.89968444412267112,-0.16838322763719793,0.91459016549661121,-0.40284976908437531,-0.035169485716268274,-0.036191705164605951,-0.16816647868212456,0.98509400359809918,6.411675759670711,-19.579023644635583,-0.12704697608701332,,0.1006201102731706,0.4736842105263158,False,1
0.83667433055609297,-0.53825155024410765,-0.10129823911760376,0.54669229853028112,0.83194392512662951,0.094851653504691741,0.033220405117797877,-0.1347389108784493,0.99032410380597002,29.203543542656696,8.63175154015223,2.0853514377328062,,0.2583252483320663,0.6785714285714286,False,5
-0.86678055084246086,0.49841631178088946,-0.016512323639563939,-0.49375594042474591,-0.86238055890615739,-0.11182505495630597,-0.069975338345143717,-0.088774724845764541,0.99359071063091375,13.350799991717919,9.1040451316225646,0.24792371415202813,0.2576796259313321,0.2648434600440524,0.4273504273504273,True,5
-0.47719293552074926,0.85920131446552372,0.18455352478293635,-0.87834239831517724,-0.45954376946593578,-0.1316592392009821,-0.028311368936039034,-0.22492804441810893,0.97396398353492097,31.487606870045479,3.6112189307625258,2.3818355040045418,,0.5421708798216757,0.2790697674418605,False,2
-0.99353008083127292,0.090423857251065332,-0.06871320486808169,-0.085933603927115965,-0.9941311906028325,-0.065715991864172416,-0.074252233633080506,-0.059386041377021997,0.99546969009109709,30.474439953997472,1.1427859719849416,2.3242124109544902,,0.2158885316005106,0.6666666666666666,False,3
0.91862049867923434,0.39394787584481561,0.030683065747623223,-0.38826992035521185,0.88550345628621063,0.25520599102006369,0.073367897296247819,-0.24635076623086236,0.96639973697419557,-1.8675484661341077,20.762995771080625,-2.1380449005744118,,0.3126107956803691,0.2857142857142857,False,1
0.81410935016549546,-0.56440668916842884,-0.13664206963832928,0.57723085945438923,0.81223277704280905,0.084157297906201037,0.063486225802617022,-0.14738726240506067,0.98703925657193603,4.7609883977129206,-2.372798107105651,-0.63852876033448558,0.1941947459414199,0.1178164581099809,0.3020833333333333,True,5
0.97646494514090509,0.20434849726382318,-0.068977551253917163,-0.19249895892909602,0.96998736866019419,0.14855522693896389,0.097264390823074268,-0.13178086471749254,0.98649553570815829,1.5352394228989727,15.868955327167033,-1.5045679040677962,,0.3433735376632884,0.24,False,5
0.70228048351810912,-0.68401195534874437,-0.19730627818079619,0.71009658561563538,0.69277633507840164,0.12579264148730906,0.050645449613833743,-0.22844823154343968,0.97223785358218129,-37.41342462701261,-3.0937693226737535,-6.0735177251648169,,0.434096610030949,0.4666666666666667,False,1
0.64208065304221296,-0.75164559615247617,-0.15086859439086525,0.76539608829139327,0.63969862714759818,0.070388169842053178,0.043603474828512484,-0.16066911405142065,0.9860447113456936,-0.60711152083572528,-2.986375899158531,-1.3491553040447208,,0.3205047619419679,0.3855421686746988,True,2
-0.85706052658655962,-0.50220230156434342,-0.11506564244223612,0.51082362164558215,-0.85739051742978001,-0.062775219556640935,-0.067130330969386864,-0.1125804109291203,0.99137236684253505,8.9980823263151564,12.951278022017046,-0.42705797173402882,0.76551071579159,0.389405390852859,0.2586206896551724,True,7
0.82986268508440231,0.55647137045630868,0.040835496409159788,-0.55210914378270226,0.80836956209632393,0.20424040841059932,0.080643767620543941,-0.1920371446847578,0.97806866722397767,-39.49600642065208,-3.8075598308399035,-6.1800058763298047,,0.3256406422367907,0.125,False,4
-0.79305765516270399,0.6081654245274386,-0.03455968745800253,-0.60616879367059351,-0.79351264956753198,-0.053824423417757172,-0.060157702480830251,-0.021736866970120908,0.99795218294593258,9.4424515630628996,-6.3169645562208423,0.061389994661344746,,0.07695770308874143,0.52,False,5
0.12240052877593002,-0.91899964666762979,-0.37477694696998698,0.99247219142784793,0.1149087802067035,0.042366513590488639,0.0041303508057152129,-0.37714138152180965,0.92614648870793792,-15.306024767217091,24.150843243673457,-4.4078822785806198,,0.3665818226480845,0.3333333333333333,False,1
0.88577638366788047,-0.45114321233035803,-0.10894953007928718,0.4611282646756743,0.88206550804244643,0.096546170504182793,0.052544473100920731,-0.13575802550886945,0.98934768249411686,-3.6233105937055017,17.422977369501002,-2.2768177269187353,0.2390377614379559,0.237642845715635,0.421875,True,5
0.36051494102730686,-0.90246980589700543,-0.23574822743829654,0.93217916864096728,0.35746294260593819,0.057116041663783985,0.032725752060307048,-0.24035077305414521,0.97013428505767285,12.345944486470962,-8.4133196074265371,0.45570642414485552,,0.2795464176695384,0.3513513513513514,False,3
-0.84957082448552634,-0.49583601215536699,-0.17993349669487688,0.52297642745445161,-0.83625647764479594,-0.16483555418688534,-0.068739148306924097,-0.23414045495595498,0.96976965143432725,14.93730619592081,24.833547101649572,0.16309466262156949,,0.5049123156341404,0.3181818181818182,False,1
0.43750690087709254,-0.8722733619145876,-0.21846485708036684,0.89846172094391563,0.43398574025385273,0.066504986691328663,0.036800104394144904,-0.22537870207838839,0.97357598212262897,-4.8527932781628316,20.42533677067599,-2.5748237910021206,,0.2842507789334753,0.1428571428571428,False,4
0.11625287149593826,-0.98343983138236424,-0.13903728967286397,0.99314208688531047,0.11684860441876802,0.003898576981063424,0.012412297371553959,-0.13853700478938208,0.99027947225919366,-0.36101511184031065,18.545973550325044,-1.8800639050336416,,0.1622805796082049,0.5769230769230769,False,2
-0.82637334741953539,-0.55322976932186629,-0.10509002336428649,0.55917171278692857,-0.82822742597006271,-0.036963853829614528,-0.066588935218731909,-0.089309311984131376,0.99377550809997151,-7.1729554721485274,16.038374554059875,-2.6662039335015635,0.3141403266072531,0.232999051844891,0.7402597402597403,True,5
0.80656513516283468,0.58931013674824684,-0.046542942166555724,-0.58831005646611367,0.80790684695387804,0.034319150716189691,0.05782698505538017,-0.0002989495019717972,0.998326575038749,11.692119450410068,-10.811795788679694,0.35974899660623633,,0.09875650200462838,0.3333333333333333,False,3
0.95006298317223448,0.30854045882902614,-0.046723797699342158,-0.2897670738688734,0.927826259209933,0.23489034808176845,0.11582474220712075,-0.20962160667754975,0.97089824961556992,0.4741462416970022,9.9151695410296288,-1.595298621275187,0.7398928871434071,0.6225483304689832,0.2946428571428572,True,2
0.24589648596786234,0.95272847252620219,0.17844712333502422,-0.969258023301387,0.24331569442429882,0.036556218523096089,-0.0085908354974365414,-0.18195035170262727,0.9832701902634623,-8.7374208072756296,8.1141515397408686,-2.773773711831379,,0.475610554282155,0.388268156424581,False,3
-0.56925402312067608,-0.80236555174183699,-0.17933036145321926,0.82082894396647699,-0.56706144234798272,-0.068419042298940233,-0.046794250798610326,-0.18614736629950801,0.98140687592453402,-4.4738844175114281,18.477609284990592,-2.461450645226003,,0.3460487964722629,0.1,False,4
-0.96063698945546128,-0.25907937933122832,-0.10027187888583089,0.26714772894416794,-0.96052770465868198,-0.077579762200581548,-0.076214601028429488,-0.10131339392435154,0.99193091029648206,-10.234376252473261,12.215535637689378,-3.1248226804497303,,0.1346661474268774,0.36,False,2
-0.46114662792212313,-0.863753400961489,-0.2031596659859311,0.88523948771229266,-0.46352687299478662,-0.038650839661668539,-0.060785170485340566,-0.19766866301752334,0.97838247260973144,12.142008982833692,7.9640977435115454,0.075063477616151147,,0.1142758148746899,0.4333333333333333,False,6
-0.97430107051010906,-0.18826331438820459,-0.12367032165569249,0.2023047792698483,-0.97279064069445453,-0.112920970868346,-0.099046455198721697,-0.13503811992485643,0.98587753087273799,-10.158372690080409,10.503356715819921,-2.984977966995757,0.5136552197097908,0.4122893026393297,0.6713947990543735,True,3
-0.87119340209007778,-0.46702693849615501,-0.1513535426530325,0.48567056224198846,-0.86491161214509993,-0.12669651987372749,-0.071736748785162285,-0.183885132339381,0.98032652569348622,-5.2753709397129631,13.820274332544621,-2.3700798629375335,,0.07165490329108017,0.4722222222222222,False,5
-0.76044684494053605,-0.63664613169177997,-0.12807146060647651,0.64638638351553968,-0.76103006560671649,-0.054935256878785789,-0.0624919132823216,-0.12455899102244382,0.99024230293892457,-41.407414507410117,-6.2413083198048991,-6.2201657392477951,,0.2034176320237943,0.2666666666666667,False,1
-0.36618061502635246,-0.91576110342328887,-0.16520701751403477,0.93047542800898919,-0.35818488494134132,-0.076935466925514007,0.011279851524327963,-0.18189334692758438,0.98325356612273229,4.591993436143631,-39.335567253345076,-0.26945987539238214,,0.3707842642083479,0.9148936170212766,False,2
-0.8124998189106819,-0.53812467454265134,-0.22420053282379687,0.57919424034895772,-0.78881353266109011,-0.20568724471227043,-0.066167032702872719,-0.29697650637566736,0.95258956452619203,-11.334732401265745,17.148004412145262,-3.4769014715485045,,0.09168084848740855,0.3125,False,1
0.94508797064674621,-0.31262557220612636,-0.095257437198395134,0.31780133990170295,0.94710096752743045,0.04474444842979957,0.07623015214136987,-0.072560381141479585,0.9944465571327129,5.9325415450171493,11.835599626311577,-0.8649627605333523,,0.1007087238938125,0.25,False,5
0.67383953198248647,-0.70998108659446191,-0.20461461779592174,0.7372978911733955,0.66420150123384869,0.12340253413105594,0.048291871043564139,-0.23401543204850678,0.97103278665257386,26.37687474509384,13.650271282754332,1.7483241935943388,,0.2561883074784084,0.3333333333333333,False,1
-0.00069930791194014702,-0.98368822203114925,-0.17988049590114277,0.99998044635754724,-0.0018057247694593436,0.0059871746774348431,-0.0062143278804271188,-0.17987279170361958,0.98367025010098841,-3.0233725766298618,19.422438108501328,-2.2940994052143036,,0.6055624581456762,0.625,False,3
-0.71212248311100756,-0.69405010864636296,-0.10571667671556752,0.69955386948630893,-0.71419424601973225,-0.02347259335987277,-0.059211086246954966,-0.090669871734096019,0.99411921902012201,-2.2538851094818599,10.150975146015966,-1.9773443785528719,,0.07706234117999267,0.3098591549295774,False,5
-0.043881536481709317,0.9947801597642405,0.092124071205287608,-0.99903474588188224,-0.043878793546097285,-0.0020562095376795864,0.0019968166486411271,-0.092125377700020675,0.99574541299817232,-45.923488320974727,1.947586511531002,-7.2351415911000956,,0.242529462201844,0.2777777777777778,False,1
-0.1340749396716063,-0.98345369816552164,-0.12183076014132319,0.99085406920234642,-0.13493226644921788,-0.001223526063191537,-0.015235619357452169,-0.12088054862315424,0.99255013418333615,3.7632555543738828,6.4889662815480236,-1.0148607967183583,0.3009867502055135,0.2691103238607249,0.562753036437247,True,5
-0.93260766656379246,0.35557921499916789,-0.061695722112746196,-0.35333808146857332,-0.93443972521170482,-0.044436472974135166,-0.073451619795246975,-0.019642347284597253,0.99710532931210694,-1.5405560939516632,9.0625294134447447,-1.8545036106334585,,0.07835819660500572,0.2916666666666667,False,4
-0.18299454122736686,-0.97451797258086981,-0.12972169825382746,0.98299208766982493,-0.18344936197176095,-0.0085373983551271498,-0.015477514642404171,-0.12907770027787663,0.99151368817150953,17.960384409957236,4.1300581938021717,0.88814067905948546,,0.557129214385742,0.7299270072992701,False,5
-0.022138843962980638,-0.99136785621525114,-0.1292271072614479,0.99974132290438944,-0.021279034039084939,-0.0080305658422387318,0.0052114168290267873,-0.12937146661278304,0.99158250527179692,0.74903735027932528,14.826112087179633,-1.5483892046568466,0.3792723049822462,0.3716557449782059,0.8931297709923665,True,5
0.62434364103548745,-0.76731031282057982,-0.14638955474258797,0.77990814475982928,0.6228695759855214,0.061455488354554721,0.044026169897350191,-0.15253974941240606,0.98731622148801379,11.240226009708456,-11.841081551731708,0.32791297539018965,,0.08005661568839081,0.4,False,5
-0.6823479095057926,-0.69294605662494702,-0.23286711446876823,0.72959582077164564,-0.66546262123945554,-0.15763704528334066,-0.045730391487755741,-0.27746218182132321,0.95964757539074086,7.4093058258431181,-10.368943007025116,-0.15484778473322744,0.7624480509018233,0.3393141634295032,0.2857142857142857,True,4
-0.84054435095248858,-0.49892337771241468,-0.21109395361756497,0.53716492954422801,-0.81811513990482065,-0.20528384331520214,-0.070278250900289121,-0.28594244356260079,0.95566620031255944,24.461249079952573,6.215558380180771,1.6002922588508339,,0.1855111013159937,0.2727272727272727,False,3
-0.99700395809127884,0.01020478767844973,-0.076674440713707839,-0.00094283292891399932,-0.99278879382397245,-0.11987294074814936,-0.077344803422015954,-0.11944150520643539,0.98982397840102332,-39.853658130347149,1.96147040220369,-6.6636283059416312,,0.7902512559283759,0.3333333333333333,False,1
-0.89862078151845803,0.43330185249294467,-0.068776417828624523,-0.42920363381676818,-0.90073105495400596,-0.066841658865746223,-0.090911669996963776,-0.030546215274981026,0.99539037417022325,-2.259892170558659,13.88962324284263,-1.9607883052479289,,0.6812540440629931,0.7677419354838709,False,5
0.11190770920883479,-0.97663394852617458,-0.18347423580929539,0.9937181852246626,0.1101532485625637,0.019759306286355232,0.0009126737833465709,-0.18453290334595651,0.98282591266677433,-0.64441890518731904,16.398861525753329,-1.7983199199709943,,0.103439300362111,0.2857142857142857,False,2
0.95902718207203452,0.28238007684111938,-0.022986001178469398,-0.2688342006213843,0.93261807180170153,0.24073160308762542,0.089414968675465237,-0.2246887276925128,0.97031950357842722,20.374585441584205,10.529590885582152,1.1359002707968997,,0.2312304867760486,0.2580645161290323,False,5
-0.34591620220635699,-0.9146294956218407,-0.2092722312913757,0.93802699045633176,-0.34214436261350528,-0.055159770732286569,-0.021150560904406108,-0.21538365971061607,0.97630043168232472,-8.682878406468074,10.916022820093009,-2.8035579554560175,0.3528879654158009,0.2197746102399762,0.1458333333333333,True,5
-0.27273758719788732,-0.95464706214274364,-0.11942861998575829,0.96172253826767451,-0.27394850879678073,-0.0064787279616338846,-0.026532393737760077,-0.11662418818687652,0.99282165105939113,-0.89777409419447574,3.6493318399238013,-1.551110713189825,,0.1101456563367375,0.4693251533742331,False,5
0.21084229818985911,0.95439192797028571,0.21138016254885161,-0.977280502484975,0.20101595206147654,0.067196774323866115,0.021641274378671711,-0.2207456338004867,0.97509128823986924,0.5369840243163464,20.290881507870093,-1.7511166745117455,,0.7868979706110202,0.1914893617021277,False,1
-0.87058018588168151,-0.47606576572698744,-0.12430416989382539,0.48692350452195021,-0.86989463009304879,-0.07866913803607857,-0.070679846450584893,-0.12901441484599432,0.98912063979459386,-2.6483085608984935,12.231284509111877,-2.0452681280721423,,0.09008826937478784,0.2142857142857143,False,2
0.77041181241809598,0.63222530087210538,0.082199806714133627,-0.63440631130531866,0.74743752114804174,0.19714406954319108,0.063200248912834989,-0.20403019609177256,0.97692241637711907,1.4646750948689291,25.169176192217169,-1.8416577435929851,,0.6806736610398545,0.225,False,1
0.97997371188251403,-0.16731854684688074,-0.10796308582221896,0.18078848252948657,0.9748689623182456,0.13017692150774238,0.08346884810450636,-0.14708844342638061,0.98559522178555226,-11.215501756100121,20.127951650698432,-3.5215705609313219,,0.3075367967689296,0.282051282051282,False,4
0.35443353505355618,0.93507054686634805,0.0044656032636219978,-0.93480178429462513,0.35420684032581295,0.026136915387802558,0.022858112542915816,-0.013438253215080354,0.99964839820884133,15.375442573905268,13.641391490243215,0.46054864032290749,,0.08408232952467262,0.3529411764705883,False,5
0.46384178125855891,-0.85352271982344208,-0.23738106222713229,0.88536851702860442,0.45603961154793082,0.090279907807790105,0.031199214949381923,-0.25204531228413474,0.96721237044515507,2.2366917922837719,-2.9767650952889579,-0.96710874241758227,,0.0833646255592212,0.3983739837398374,False,1
0.68518568871195051,-0.6955344032596632,-0.21622318531220136,0.72771474624467358,0.66628519603169267,0.16277372529698811,0.030851581521544137,-0.26887902750351023,0.96267972269409841,12.057998378768664,15.148440677776073,-0.04254575592702188,,0.3937545189281273,0.2,False,4
0.99766545536870599,0.066255399128153439,-0.016548753739234798,-0.062734370620158131,0.98491939489689373,0.16123952461735164,0.026982177577901195,-0.15982492810042487,0.9867765473757717,-36.578431768864299,3.3826960360615641,-6.4137346655688194,,0.2587675540832672,0.2857142857142857,False,2
-0.9888949214342575,0.12982120631745556,-0.072341473248849403,-0.12871663719087048,-0.99148478849460864,-0.019746936321239139,-0.074289041397821082,-0.010216093875933852,0.99718442113488237,7.1043636510922168,-5.6285590111333823,-0.27769985068508612,,0.06939387736644786,0.4,False,4
-0.33547652392416433,-0.91393507708288058,-0.22842542934898585,0.94153449616199114,-0.33329674659486358,-0.049255164665904433,-0.031117429725888497,-0.23159437296011376,0.97231463630887816,-0.0053366892311264846,-6.08701342329055,-1.152037145148499,,0.08470849815425129,0.1894736842105263,False,1
-0.25865584286690779,-0.94459289329955975,-0.20209260471075127,0.9656384836812435,-0.25832207460425921,-0.028496045443896813,-0.025287818897613508,-0.20251906502874764,0.97895176311975829,-2.460817090303975,24.961131681612411,-2.4253107732819235,,0.09305089016398294,0.2222222222222222,False,1
0.40482430821530835,-0.90093798572466821,-0.15629467475373129,0.91399811114189766,0.4037261814527881,0.040157480481149699,0.026920852643264707,-0.15910976176189884,0.98689378932336558,3.7427172709350134,-6.3724202172092932,-0.65480288736986003,0.8945603120167706,0.9254736585044073,0.8200836820083682,True,4
0.039449403385513636,-0.95639245973009068,-0.2894083750411387,0.99921882546696572,0.037079646239337988,0.013668894146276965,-0.0023416671291209808,-0.28972152630792025,0.95710812021885183,-34.452552468200615,-4.7238416605789801,-5.5125205957687839,,0.2741752168940421,0.4545454545454545,False,1
-0.99488689600158908,0.092175891201724133,-0.041275528409586607,-0.086407609763620996,-0.98843416593775957,-0.12462593863984604,-0.052285649458149265,-0.12042219350307812,0.99134489768831002,19.540744935023167,9.4124365207217178,1.0872579178029766,0.1498137060796896,0.2821862814612806,0.2777777777777778,True,4
-0.7775593313388095,-0.61765254824138316,-0.11792716353270262,0.62557405796167964,-0.77883350389059469,-0.045557339944909382,-0.063707018869981702,-0.10919570902020197,0.99197666952316721,5.459210018998788,-25.580479943435169,-0.21619038263287293,,0.832940387449608,0.5862068965517241,False,1
-0.29539982590754227,-0.9211743934219927,-0.25333116617861623,0.95496094836848955,-0.29249623080841292,-0.049955400649249498,-0.028080775362319902,-0.25667818736015657,0.96608890801445146,17.304349456686218,17.721312496243403,0.59790397113276106,,0.4098165250051241,0.1578947368421053,False,1
0.1619077438748413,0.95454072523444478,0.2502756207509218,-0.98664362145300344,0.15198880016347296,0.058598369183548167,0.017895438509918801,-0.25642037456834121,0.96639968169840051,-3.655716244968922,26.368293250323109,-2.6201250343342646,,0.3834012622138482,0.2941176470588235,False,1
-0.049580986506748373,-0.96907622625665146,-0.24172917383134621,0.9983782785704447,-0.054866818807525662,0.015180417407262508,-0.027973892395128076,-0.24058449637935875,0.97022500557662206,0.28656447089803994,-2.1545538850630126,-1.2346315922042714,,0.2689949428239859,0.5632,False,2
0.72873098519294621,-0.62022342143493969,-0.29029994613030102,0.68275802490636683,0.69075693383261227,0.23810992794952068,0.052845346490260514,-0.37172270022922455,0.92683849914028638,-13.386256377211996,19.64624327055941,-3.8537181011179311,,0.242038501063845,0.3333333333333333,False,1
-0.15896275784336109,-0.96322162458213856,-0.21664474043045356,0.98712644981025177,-0.15899079769047328,-0.017415462519142926,-0.017669569995945128,-0.21662416344233767,0.97609515832682292,-5.0897384854085663,22.470542173207043,-2.7083282913163949,,0.1009302199976043,0.4444444444444444,False,1
-0.990202868991646,0.137450587727769,-0.024609229447589823,-0.13345683372287004,-0.98341745507469791,-0.12279813755538573,-0.041079821973561262,-0.11831079827173877,0.99212650566292437,2.9222056207599216,-11.655718869703605,-0.72770256846913672,,0.349982893662947,0.8095238095238095,False,3
0.018470778283193035,-0.9954403527382657,-0.093580630954974903,0.99982306209615668,0.018056301553969895,0.0052739430086384126,-0.003560175596706734,-0.093661486826284071,0.99559773555146847,3.8854239420169412,-8.1036341653154214,-0.6224045036042376,,0.07745374886902961,0.3541666666666667,False,2
-0.66303994599360716,-0.69874961364033517,-0.26856471744120886,0.74652556211772725,-0.64378584158276486,-0.16804575353867807,-0.055476257278275834,-0.31191147400352726,0.94849017773688138,6.8692447872368998,-11.369400795740599,-0.23662325336928894,,0.1498368951100447,0.3157894736842105,False,1
0.6197074727111902,-0.7299766878993913,-0.28826495345314462,0.78295208803553329,0.60042421491829823,0.16271690133647246,0.054301713662713941,-0.32653452690822693,0.94362414478971035,27.31740682379694,9.0023762532935159,1.884393252868531,,0.4376529606943491,0.4117647058823529,False,3
-0.35374373747945353,-0.89261862374805667,-0.27945905018838041,0.93478957718593603,-0.347656877882909,-0.072822672604391819,-0.03215298708682799,-0.28699597174669972,0.9573920292244763,5.9555315875214117,15.986570906995768,-0.91417333855493854,,0.4203900742224733,0.4814814814814815,False,2
0.37767772663312704,-0.90487351672612559,-0.19637579670857025,0.92561828010656699,0.37452418398883092,0.054428256816288587,0.024296796862806051,-0.20232536750292363,0.97901691064404661,27.994126427141335,-6.1436515059821506,2.1934465386656905,,0.7760742602717972,0.5263157894736842,False,1
0.25594323338924163,-0.93778047476718118,-0.23465046862877004,0.9665769577944342,0.25200079163705097,0.04716551362125801,0.014901206096073757,-0.23887943017292379,0.97093489580771686,27.11428649029142,-7.611483248115932,2.1099600071880773,,0.1072146992984848,0.1818181818181818,False,3
0.50368013776802467,0.85617031504933894,0.11523328705846705,-0.86278213852888175,0.49178499678170684,0.11727957356652452,0.043741287744109743,-0.158492613609379,0.98639079029447285,-36.05526837406164,-5.6734562874441181,-5.5968827966408048,,0.3872421841595066,0.2222222222222222,False,1
0.99629222068025414,0.0041444576959504976,-0.085933896003930713,0.0083539508379798146,0.98945882880714209,0.14457329490952242,0.085627229999600707,-0.14475513657900221,0.98575551122810856,-7.334330462456859,17.038930687413448,-2.7984763944324715,0.7305138957066726,0.4700225592630631,0.2272727272727273,True,3
0.26095122851424696,-0.92850463176646825,-0.26416586669196845,0.96523502566291486,0.2552199458386481,0.056428046923745832,0.015026695259310127,-0.26970711528309954,0.96282515047917783,2.6344073376713637,14.854573510579881,-1.2808443415408846,,0.1943568274649188,0.1739130434782609,False,1
-0.51895964674990169,0.85253995400563432,0.062100820198192477,-0.85405523338617118,-0.51410865468643541,-0.07925875031942263,-0.0356446822248477,-0.094169623555446044,0.99491785521645715,18.800545537660586,-14.620685272467531,1.2667869925897306,,0.2590606606229046,0.2857142857142857,False,1
-0.67154309993125527,-0.68121070646916415,-0.29151644606523269,0.73883914604439815,-0.64539937283236448,-0.19384624272855167,-0.056094395505311187,-0.34555986882069206,0.93671863216951179,17.098412978739475,10.322447566701483,0.75553766309149117,,0.5060181216764804,0.2380952380952381,False,1
0.87351843636676096,0.482319753393742,0.06582702191023955,-0.48084507891258266,0.83385211038381335,0.27106948941925496,0.075852168149127666,-0.26843679608925292,0.96030627150530257,22.579392617985228,-7.2148707006190635,1.6323549281278917,,0.4080864598039866,0.2941176470588235,False,3
-0.8304072582425418,-0.49064008612757282,-0.26400017299773154,0.532688605974171,-0.83803153173296285,-0.11809318729968485,-0.16329921776725925,-0.23869532401375576,0.95726585010151133,31.041495680656588,-11.295406883702359,2.5837979674392537,,0.435418529634345,0.25,False,2
0.47707404952491461,-0.82280222461087404,-0.30886380565760163,0.87827142244456557,0.45923525981512109,0.13320016764155565,0.032243755784642385,-0.33481259731069796,0.94173290528417108,6.2069657823087798,-14.24793173191275,-0.30662113839291183,,0.7228599446096515,0.3571428571428572,False,2
-0.9177262326680441,0.39110203199619969,-0.069410103308988141,-0.37873798013526933,-0.9142502431606484,-0.14388896859646266,-0.11973347182796192,-0.1057624387442955,0.98715662499670409,15.285211348419015,-8.289681758637677,0.79365753248735194,,0.1683587841054634,0.3,False,3
-0.98985150263474808,-0.026289091328591283,-0.13965273505681505,0.047573610341468252,-0.98733675576840718,-0.15133698261758663,-0.13390576660775347,-0.15644492444893998,0.97856743829097215,3.3516063765240078,14.272560427685505,-1.1997055184525445,,0.2448691259507643,0.25,False,2
-0.64037629437295518,-0.75686339009627124,-0.13067520934416799,0.76608176481305068,-0.64162080888342232,-0.037966659435681574,-0.055108358949295069,-0.12442084367083681,0.99069799759268362,32.7264121001066,5.0869557664503899,2.4924259169025524,,0.1164770300570326,0.2631578947368421,False,2
0.60330904032567279,0.78168767286277752,0.15805879904545556,-0.79606192354575134,0.57834195183923565,0.17834236912024726,0.04799599714512634,-0.23342015516479991,0.97119072041535004,-7.3975022633057286,20.81563721907483,-2.9761622607203662,,0.262651579875202,0.2121212121212121,False,2
0.90044897488188747,-0.40944406135551226,-0.14678965990443915,0.43029785622416966,0.8878219566698583,0.16314388797557758,0.063524786997212979,-0.21006602265860949,0.97562127260599996,12.046417832036079,-15.328828178375515,0.45663091489804331,,0.3378639433986981,0.7142857142857143,False,2
0.79128571273421899,-0.55678388939518353,-0.252702634202081,0.60878452559211882,0.75593174342842151,0.24072515588705254,0.056994054271278863,-0.34432382982773496,0.9371194043399611,28.106255541753168,10.796214019372265,1.9188129849996249,,0.4265406756560346,0.1111111111111111,False,2
0.88679111935800004,0.46142190104001246,0.026293342663236699,-0.45942821424841512,0.87391355593418707,0.1587476384296081,0.050271528525577015,-0.1528558994448237,0.98696902049892954,16.519808762380983,19.458431049089391,0.51124511211356194,,0.2357409708881946,0.391304347826087,False,2
0.079706139097009299,0.99030242601735174,0.11378943894050654,-0.99675122482468048,0.077854511672550433,0.02063179155400216,0.011572692026806018,-0.11506424308348683,0.99329063861635014,-6.4595172667886942,-0.097998953152132376,-2.2223682207284745,,0.2753561504374292,0.3351351351351352,False,1
-0.25488507447607223,-0.95542430387374233,-0.14898992709811193,0.96664810670228607,-0.25574084841855621,-0.013713360603509674,-0.025000732353512169,-0.1475161618858444,0.98874361963264057,1.991503298790412,-8.2594692032601369,-0.84593845079649876,,0.05348934568318642,0.2195121951219512,False,1
0.24365644813677603,-0.92166763887224867,-0.30192763824635993,0.95971771254287686,0.27403428169511967,-0.062025193972352295,0.1399051375498363,-0.27465246387297171,0.95131097784881447,7.3940703468299587,14.95980552342013,-0.65495674082339739,,0.4937452508076153,0.6052631578947368,False,2
0.18747494362826767,-0.96523596128099065,-0.18213369968663148,0.98222597801337996,0.18595897728679101,0.025522282070977377,0.0092343720543210661,-0.18368123969641803,0.98294248486691715,1.182627213260121,-4.2748157406205758,-1.096680982635311,,0.07074338606265246,0.1769911504424779,False,1
-0.86000411397745835,-0.47066906743434139,-0.19713841051995223,0.50689292673376285,-0.83244273023584225,-0.22382730330497275,-0.058757848574688382,-0.29242046754285766,0.95448299376829626,-3.4911293626256765,-1.0340609007391328,-1.7522896421128367,0.8658825917935947,0.5696683884316152,0.3084210526315789,True,2
-0.66210582287227182,-0.73728633371610897,-0.13425625286775159,0.7473999273193358,-0.662760363335134,-0.046282279923665362,-0.054856430449702745,-0.13098688066878719,0.98986524796609432,15.108699693379203,-10.138951959908375,0.76320798267411682,,0.0784072320453251,0.2777777777777778,False,2
-0.97806991036303359,-0.18706305096582296,-0.091578738830607992,0.19354955388317618,-0.97873709693639566,-0.067913660423657124,-0.07692737246305946,-0.084149331808839933,0.99347927473201725,34.757440443863814,11.00008484223877,2.6278843141052199,,0.1567367882639082,0.1818181818181818,False,1
-0.42642667651187166,0.88837487690386008,0.17014807564322143,-0.90408258216548942,-0.41274710286844041,-0.11079040436197898,-0.028195286556822064,-0.20107189549949767,0.9791706279582828,-1.3089650761213187,20.243606833331036,-2.0273938317907771,,0.4985677234967491,0.4090909090909091,False,1
-0.98933580160291912,-0.10872052957282551,-0.096925322367858821,0.12337141888332935,-0.97923356002798556,-0.16087612600268278,-0.077421990864502285,-0.17111832562388321,0.98220382506191395,37.209151805323408,0.89642479440310396,3.0142950055224427,,0.4543394750029354,0.5925925925925926,False,1
-0.520535541199591,0.8428380643837986,0.13662630630234249,-0.85309032515767502,-0.50667328363572128,-0.12457560263618894,-0.035772160550102926,-0.18140060880705111,0.98275845030913345,37.80226885331551,-9.8230881547968139,3.2609565814371049,,0.3458547601641261,0.3636363636363636,False,1
-0.5933062561406055,0.80424516297922588,-0.034313324655843608,-0.80389684874135137,-0.59417903063307986,-0.02647897542691962,-0.041683845889553178,0.011874231783686823,0.9990602882766404,10.696601947523172,-7.068474197266454,0.23923812758717009,,0.06766555155144541,0.1739130434782609,False,1
-0.076732370040086678,-0.9288362007753399,-0.36245752236263978,0.99698719848092043,-0.075613726456870034,-0.017294231306174461,-0.011343255846406495,-0.36269253714480809,0.93183982209726635,11.09808327021369,24.650673723266728,-0.47673218990658323,,0.4837217716351183,0.1538461538461539,False,1
0.97123595875867641,0.23194014151972464,-0.053893257147110914,-0.22547235535299656,0.96856697178614004,0.10507253749957127,0.076569768092156112,-0.089898787070999242,0.99300316147405898,28.454400297919612,-6.9342511802887286,2.2585657292496792,,0.8581666792781459,0.4761904761904762,False,1
0.99120058780285769,-0.082191521760586236,-0.10375908871008747,0.10815464218312849,0.95480643688333056,0.2768523820746317,0.076314927199782806,-0.28563827095968319,0.95529409610321259,29.602961440927228,-12.96542048059038,2.4846482804577246,,0.6615632934420708,0.4722222222222222,False,1
0.98953579722944185,-0.11124504348597167,-0.091888227218163962,0.12258268329214987,0.98407793825904133,0.12870158192007827,0.076107764113716697,-0.13861872792533625,0.98741706310452837,6.8877699521492879,10.636210092268175,-0.70300726607519093,,0.1885784119204351,0.1428571428571428,False,1
0.25772416251144231,-0.96091107260656561,-0.10113439869735562,0.96610561283380447,0.25787873085907059,0.011768815638568521,0.014771625123703506,-0.10073961838628868,0.99480316061952168,27.680402986395798,3.6250878869039109,1.9596506838799435,,0.1143050615764428,0.5,False,1
-0.24922125216671143,-0.96367967269915833,-0.095970078122820948,0.96813486360248624,-0.25042878604059737,0.00055587735087766262,-0.024569357864073996,-0.092773442043920323,0.99538406412071467,5.076983264546854,-11.057964425382968,-0.46648422515512566,,0.1072966863601717,0.5833333333333334,False,1
0.95526632304195169,0.29573268630197436,0.002903500392310937,-0.28590590924608594,0.92092366525221436,0.26487244823989647,0.075657538422017029,-0.25385385762490553,0.96427908607875312,8.0728415199943466,-8.948703046727827,-0.10241512654987234,,0.1279723525607106,0.5,False,1
-0.25343282721425786,0.96694208330619225,0.028192368145824695,-0.96724531744764375,-0.25286216555501406,-0.022298455247765515,-0.014432531510306851,-0.032920096632760826,0.99935377583311036,11.3760881944436,-13.304077898866538,0.34550117598512148,,0.09545548639728405,0.1923076923076923,False,1
0.7470319121405965,0.65463269560050807,0.11575558774580458,-0.66193409054596941,0.71634431478207183,0.2206673570161313,0.061535209568545315,-0.24146812735890552,0.96845576122667509,37.798040666943614,-4.0662391586186137,3.1532542979212881,,0.2663707649970116,0.1428571428571428,False,1
-0.92293666857482681,0.38140884340440157,-0.05210758076246446,-0.3786156140965522,-0.92384907286609697,-0.056152536244981316,-0.069556614080120094,-0.0320964910445041,0.99706152904439116,3.2025750538534394,-8.9546254696429095,-0.69716361681695183,0.4441517689693201,0.3958409248790812,0.6025641025641025,True,1
-0.23651847828965797,-0.93970878871514363,-0.24699474050890613,0.97134030796048032,-0.23485608121690926,-0.03661457696977663,-0.023601177063522903,-0.24857597133865095,0.96832482717023316,-12.231427059195996,20.089791101619774,-3.6931958115575196,,0.7665140829807535,0.4081632653061225,False,1
