axis_00,axis_01,axis_02,axis_10,axis_11,axis_12,axis_20,axis_21,axis_22,location_x,location_y,location_z,dbh,dbh_approximation,score,reconstructed,number_clusters
0.097042928465149808,0.85257832714496784,0.51351033691406567,-0.9934677266471732,0.11410083225606557,-0.0016959330682651749,-0.060037872592278912,-0.50999136871241513,0.85808173135979993,16.546736004405165,15.971964376378052,-5.2648559248090088,,0.3082004690776996,0.12,False,2
0.97015627788369208,-0.026407130939797324,0.24103829554323802,0.014662827652990427,0.99862206114658691,0.050388297019857434,-0.24203676986788533,-0.045350219700361703,0.96920666506429343,-1.6319744057662833,-12.608776165615627,-2.4598050727636784,0.2253630686592277,0.3325827281265898,0.8777292576419214,True,6
-0.71339585780721382,0.5545937809025141,0.42835976497304473,-0.67747866936205514,-0.70209412177723063,-0.21928633501720118,0.17913403535600603,-0.44664256665717761,0.87659649498897718,-16.428296279016497,34.131161583607515,3.1160857015007815,,0.2327021388801953,0.2,False,1
0.50221664204466343,0.77866891008291816,0.37610260956773861,-0.85109845873802681,0.52204731628308632,0.055659797838139152,-0.15300280385384407,-0.3480536280976072,0.92490475941091066,-9.3280888045775292,-14.880576315718081,-0.5580230735833277,0.4688122361104627,0.475740638138853,0.8779527559055118,True,5
-0.38236629327961386,0.76267737448744444,0.5216504962218923,-0.92013574303283641,-0.3659303373344619,-0.13944605627875165,0.084535389967859753,-0.53330873859634553,0.84168613935347458,-6.4672486266177351,39.619508797563789,0.77595459663088751,,0.06458356781678617,0.5,False,1
-0.77979218065122868,-0.59569025156420941,0.19255461351671355,0.58786591309494607,-0.80250739621916434,-0.10195855645595894,0.21526221966765913,0.03368980862080366,0.97597498614403366,-19.716627581446613,-10.385729616723721,3.0181092537488396,,0.1702922422031627,0.2954545454545455,True,3
-0.88851913592371246,-0.41217669770363224,0.20160385652935409,0.40511475129644825,-0.9110088160062414,-0.077103666844862292,0.2154432254200554,0.013164612756747282,0.97642762639714797,26.006308383739452,11.416070606126777,-7.9178413111911103,,0.1661212437698976,0.5714285714285714,False,2
-0.040932709250843552,0.88859012688301464,0.45687208244695121,-0.99911528442979103,-0.031984066748496298,-0.027306920240209878,-0.0096520325405247288,-0.4575856268287451,0.88911317186710304,2.8355560100200154,9.9014343633299369,-2.1773402636002928,,0.1119307354185738,0.3529411764705883,False,2
0.080105590507132229,0.93367102839636673,0.3490580254094941,-0.99591134974660522,0.089637408992447834,-0.011212419677118711,-0.041757368396474162,-0.3467326717262047,0.93703403168839583,8.0521328506138392,5.1726085876815358,-3.6176370748099389,,0.1059930716337853,0.3387096774193548,True,5
0.25311350243836594,-0.94520149327863379,0.20622243327830359,0.96605244868665852,0.25834085979144095,-0.0016329570509404784,-0.051732207278391187,0.19963501012112125,0.9785037769288607,-4.8741713728607694,5.5201173364270488,-0.72905432053953856,0.484582904685682,0.2793188536503973,0.8561797752808988,True,5
0.89196782834810817,0.30318840862670188,0.33536574372819916,-0.3506188050468968,0.93220559758813759,0.089772921155711241,-0.28541171443976565,-0.19766009384737077,0.93780095999140578,-14.076420950897475,-10.928206650366777,1.2359482664641481,0.5259540300850525,0.2527906273583758,0.2567567567567567,True,3
0.94218630341249421,0.20221470802047792,0.26719689654277834,-0.22132243725226661,0.97424718831772972,0.043113742863667939,-0.25159759225917855,-0.099757846384085525,0.96267700899844555,-7.2964634035431866,26.532419079864386,0.81793145351714858,0.7753827618632139,0.4218862685507214,0.9215686274509803,True,5
-0.46496239207495554,-0.85613824227399749,0.2254712488809282,0.87363192131382961,-0.48495403624092293,-0.039835270742700941,0.14344769087525264,0.17845697758739429,0.97343508624506137,3.9919580839361277,-13.561840865939041,-3.8069250094338187,,0.0855519965212589,0.3235294117647059,False,4
0.88627212952766632,-0.4201816543337607,0.19485658773528869,0.39285932335679108,0.90481153789334157,0.16424869237449397,-0.24532277610148717,-0.06901781115357862,0.96698152891843248,-12.98619222137493,7.7008913323426409,1.5731960712051087,0.3607812574984064,0.2818090869199311,0.4353741496598639,True,5
-0.36707695332514489,0.7601032579711221,0.53618797782047989,-0.9267214373690581,-0.34857449166366938,-0.14029683275841051,0.080261372142247114,-0.54839662743592843,0.83235764618266295,-37.398408191195202,-5.1922577407246537,8.5705940099136519,,0.2514402587719889,0.1538461538461539,False,1
0.22379616692396065,0.92437096235886262,0.30895565963078286,-0.97158151838746953,0.23666599866686361,-0.0043079232716543604,-0.07710141891068617,-0.29921151218287961,0.95106668650478576,-0.80135591882377943,-4.3938243963634616,-2.1497138330097516,,0.06948502546243636,0.3065693430656934,False,5
0.91815334943553562,0.22287351717204187,0.32760009503000759,-0.29470612775915672,0.93678152702260042,0.18864959287103561,-0.26484471899871825,-0.26975501102401694,0.92579128795097299,0.011702796491641521,-8.7271680245607506,-2.7064130771721109,,0.1292738190743588,0.3653846153846154,False,4
-0.84257496600352766,-0.52801854945436655,0.10613123054153548,0.48313318077272105,-0.82809765172110583,-0.28431779552188247,0.23801209276124458,-0.18828353790519298,0.95283763205139815,-23.043647896883311,-26.679956907250883,3.6449452884048159,,0.4249932237068244,0.2857142857142857,False,1
0.15658423563377905,0.91079449753795005,0.38201408404086135,-0.98588668824878778,0.16733479456826592,0.005148248307316472,-0.059235252044898899,-0.37742873470549304,0.92414216175531561,-3.4807608798582588,-32.799696858902635,-2.4982906908578886,0.6063817437469206,0.6758300338713739,0.5813953488372093,True,5
-0.1289251077856684,0.94522483846256256,0.299880511764063,-0.99156247018436294,-0.12699349248760161,-0.026010009374966059,0.01349756660802558,-0.30070360426709897,0.9536221254125965,-1.589692160826166,-3.1456879401730169,-1.8286302505925571,,0.08570732389534591,0.3688524590163935,True,5
-0.89339158747898662,-0.37919841817290834,0.2409564920829895,0.37565963587045675,-0.92465945415212736,-0.062327616870573858,0.24643723216967722,0.034834659496734408,0.96853251731591039,-29.412581472838955,2.6260382458596268,6.360269117430529,0.441290516512857,0.3591901377156248,0.8507462686567164,True,5
-0.23894409039595829,-0.96170803769210211,0.1342511523349228,0.96888915511435525,-0.24530957235332546,-0.032817964800078994,0.064494393296153585,0.12223282681111058,0.99040376073757208,18.091771459131841,0.36179514908595983,-6.3032788261456592,,0.2084973342370332,0.2592592592592592,False,2
0.4116972383127005,-0.89622807936307203,0.16516844046873547,0.90590309395179591,0.42220504953861582,0.032901071603492829,-0.099221813802503653,0.13608132092713404,0.98571644287820792,-5.863944652200872,-7.454248267870585,-1.1352861810661767,,0.07499285462802498,0.3333333333333333,False,3
0.89196689862868506,0.36544455096412276,0.26616786417852234,-0.37722022546987777,0.92609407107163977,-0.0073941208004419546,-0.24919862208122304,-0.093808590739801939,0.963898332323608,-5.1864963091100433,-27.850219852924589,-1.9763791622651496,,0.2815346166690469,0.4102564102564102,False,1
-0.070236385086090869,-0.97485233718122832,0.21149413916781429,0.99674129475040374,-0.07701670819061307,-0.023983702774387057,0.03966915110418362,0.20912041352239719,0.97708495592701383,-21.798359874505209,3.6803173625494492,4.0538319138947427,,0.1548065121461512,0.4583333333333333,False,2
-0.77974509993487273,-0.58874840019918384,0.2130091556493659,0.58499723890503952,-0.80633209193600774,-0.087216901960459725,0.22310492957582576,0.056602815981204216,0.97314968613361985,-27.406053599391189,-12.823640759981433,5.3994177762066835,,0.1746479065230626,0.3846153846153846,False,1
-0.1476352905468116,0.92326008266696769,0.35467540193667724,-0.98844626118696466,-0.15017638836715319,-0.02051928659846031,0.034319232664356873,-0.3536069458180694,0.93476431154518713,-29.509912678516013,12.928799785590893,6.6251000404360569,,0.2781858218368288,0.8620689655172413,False,3
-0.61175782229815601,0.73473525468442213,0.29311511796704276,-0.77686823379469827,-0.62786431067137149,-0.047562114186268142,0.14909095940975794,-0.256808319392069,0.95489338300843674,6.5517488788613463,14.036505624250351,-2.8663841006330122,0.1707544724339115,0.174744085006804,0.5714285714285714,True,5
0.93663052013158021,0.23928382542050547,0.25586426020484876,-0.25725953955382203,0.96556538179250373,0.038743035405763626,-0.23778309037145806,-0.10211143117215526,0.96593605251971693,-27.165089649702544,-1.4661381085870997,5.5888837592832745,,0.5904496475629212,0.954954954954955,True,3
-0.87065284659524289,-0.46791253419998008,0.15172831329107211,0.43176619567616464,-0.87473963114606601,-0.22001938544995758,0.23567259702165905,-0.12604934764209397,0.96362336468771337,-0.46175026868861402,-38.182393382746547,-3.2321281791098033,,0.4504438247346109,0.7435897435897436,False,2
0.92359881875400751,-0.28723405866255741,0.25389331921190023,0.28748381768369541,0.95707209075155542,0.036960352737140607,-0.25361048197227409,0.038853682562667705,0.96652579623365942,2.7649894500279699,7.6269196383701594,-2.2251972448407571,0.1232351715968484,0.1048127223349552,0.7244897959183674,True,5
-0.60489831334166688,0.71019455888979699,0.36016901454696731,-0.78230020875086514,-0.61444909674767967,-0.10226774122035634,0.148675532300239,-0.34362187943914158,0.92726457393019857,6.79032260858152,6.9117552851689679,-3.2337843353628601,,0.07695239018474803,0.1219512195121951,False,3
0.60059677856593974,-0.79319377453171824,0.10063372009590066,0.79106127870358323,0.60778726679943762,0.069402389384804822,-0.11621343688260061,0.037924587810468952,0.99249995603392271,15.900795341698732,3.47462404569765,-5.6974397454013248,,0.485306421178977,0.4782608695652174,False,3
0.91557375014381592,0.28453856079094364,0.28418746536504469,-0.3074621904983898,0.95077678426593037,0.038607096690490367,-0.25921363671983377,-0.12272454491239905,0.95799111510207824,-3.5776536931173428,-9.6276540327408533,-1.9240246922883113,0.1657712149839857,0.09377841807671236,0.4,True,5
-0.072975909643633222,-0.99250600401883315,0.098011981911666296,0.99623892987346907,-0.077146319768385846,-0.039451742049747773,0.046717354551067597,0.094764325211349865,0.99440294219747172,15.849016875869131,8.4204950979601705,-5.3228109996516855,,0.3903545237562501,0.3235294117647059,False,3
-0.73740150780077385,0.60875241356232612,0.29267646860515945,-0.6481947896268182,-0.7596159612157859,-0.05317053852333762,0.1899540233682597,-0.22891939727392979,0.95473209779390478,11.013904423714235,-5.2765554832117081,-4.8446150398712682,,0.4494565839041157,0.8772727272727273,True,5
-0.016549455599009544,0.95661938810801772,0.29087018034720974,-0.99974844026622578,-0.011427362867836107,-0.019299522355115242,-0.015138418167866881,-0.29111640571037689,0.95656785782381704,-1.0723366478364484,10.447943476376663,-1.2512363614595561,,0.08889504349620059,0.2878787878787879,False,5
-0.95439054688164737,-0.19488621132790176,0.22618145073636467,0.16979146104415771,-0.97742570597849354,-0.12573722220939096,0.24558001502451385,-0.081598737286185385,0.9659358686237195,-27.745234740266888,-17.802494479119456,5.2669538423813238,,0.1884991960645991,0.1052631578947368,False,3
0.87785871112226876,-0.4158892775953637,0.23748724615851444,0.42407817602734676,0.90544586967117258,0.018041000879435644,-0.22253490495665387,0.084875708401283279,0.97122311041249043,7.6049695636996137,8.1692547188432645,-3.4034689280730031,0.1181139226024836,0.1122260825001929,0.1951219512195122,True,2
0.89853949632994157,0.34643950538691765,0.26945582688522862,-0.35948325815118348,0.93315099507847177,-0.0010037395413247455,-0.25179070801787751,-0.095962958954614902,0.96301222726636759,2.2368645605977684,16.965263981291226,-1.7056366070360733,0.3882666039131469,0.383821776801692,0.8169014084507042,True,5
0.817620411679152,0.47351753277643321,0.32753321748936182,-0.53241063509515474,0.83835633633212758,0.11703661379818779,-0.21917065963122931,-0.27007369269347881,0.93756302319989138,-9.1263313751941197,6.13630327232302,0.34965726022079763,0.3425832410773925,0.2193488737350584,0.7040816326530612,True,5
0.56502769330363378,0.71820898961288737,0.40610288479547996,-0.81158078718976745,0.57244835465637101,0.11678830042282323,-0.14859452097709602,-0.39557392291511062,0.90633379052374397,-21.713437660426738,14.997851926726764,4.3300202888452706,,0.2618314701497893,0.4444444444444444,False,3
-0.053619183996427656,-0.97030670909449723,0.23585985964924852,0.99800755201996483,-0.059939289204831853,-0.019702987609387299,0.033255213405921642,0.23433346303041208,0.97158731922843666,6.8982308764019828,9.5788926157267849,-3.1921177390623479,0.3264062361419172,0.2921656766706887,0.9547738693467337,True,5
-0.92404651238241431,0.22214170735277011,0.3111126882791706,-0.30455778853905241,-0.91966420797003501,-0.24791590916891468,0.23104674071299489,-0.32383762356039492,0.91746749107129544,-8.4730977773241616,-16.072598691513395,-1.0317722595507621,,0.5273576547526894,0.375,False,4
0.87296185518903269,-0.44289633823194752,0.20440262465451647,0.42896246177412162,0.89652918744859156,0.11057405862793594,-0.23222576466363054,-0.0088458822907306472,0.97262168626495837,-3.8768558729887306,8.5968437076744841,-0.68457904383693502,0.1757254294049355,0.1651242061749594,0.2523364485981308,True,5
-0.83311430345451476,-0.50499784210390963,0.22560526777957637,0.49759619109350955,-0.86241700765195939,-0.092924353760854783,0.24149241807711325,0.034843713680313027,0.96977694735863551,2.5507615399185672,-22.744174656491328,-3.710244740760543,,0.1133944138646134,0.3333333333333333,True,5
0.33898905348754127,0.85657412911611408,0.38905935658276269,-0.93530510053158322,0.35143618971785484,0.041194337914360758,-0.10144353372801779,-0.37785363024002883,0.92029117325942322,7.0787687040624441,8.6491387075534707,-3.2454792108049317,,0.6443995147191365,0.6792452830188679,False,5
0.65661535694451689,-0.72905328105418266,0.19322936218068879,0.73576270728740689,0.67550312662405076,0.048464053547314076,-0.1658599155604813,0.11034871682653472,0.97995594243058071,2.9197634525522522,-14.009554680484394,-3.5130054457394966,,0.2020296773166875,0.4333333333333333,True,6
-0.58192926611021456,0.66256419676370182,0.4715580710912457,-0.80094463709227792,-0.5673895152032199,-0.19119839526149918,0.14087589416768359,-0.4889558499540877,0.86085780430808057,-11.691141559032966,-7.9327721761931427,0.64547132014478548,,0.3693697194902661,0.3658536585365854,False,4
0.29433219483971457,0.81048268460108897,0.50644484106627796,-0.94950533823851568,0.3082420807915246,0.058535735118580352,-0.10866541187239732,-0.49810103150979568,0.86028320375994749,-24.008150037602277,-10.202975943337888,4.3646316009246044,,0.2887736269833156,0.2727272727272727,False,2
-0.91526676659661599,0.28871862694566025,0.28094180966596838,-0.32054318387388542,-0.94435574238145792,-0.073785493853187042,0.24400576475929614,-0.15758739253436155,0.95688421477128194,6.9703646095940419,10.548241776616962,-3.1439350775411317,,0.07752167980349065,0.1666666666666667,False,2
0.91215861023830558,0.26614238353919184,0.31166472603135492,-0.32201098886070262,0.93582796610636321,0.14330017762089045,-0.25352631583540669,-0.23107195748793041,0.93932430908692044,-39.591275972632218,-12.891094215836812,9.1103186547046544,,0.3637234661281323,0.6086956521739131,False,1
0.62355429677454932,-0.77127806834500123,0.12771131611568559,0.76666641911680078,0.63525133512970067,0.093157624564788655,-0.15297921679959958,0.039823140332422263,0.98742669435327934,-8.4777861849686484,18.500202613219511,0.87998147175774444,,0.2509172688279718,0.1904761904761905,False,1
0.34175350457632658,-0.92680042593931744,0.15570970614735796,0.93500361002056853,0.35201368638731623,0.043065227788957605,-0.094724819125196924,0.13087144484076774,0.98686365500356066,2.8084343986453035,-25.342134938847579,-3.8680976877183975,,0.2436215889685789,0.2439024390243902,False,6
-0.41829936064550932,0.84819937085558395,0.32493610474022233,-0.90384627508256243,-0.42411720310906575,-0.056449172237679889,0.089930839554258984,-0.31730494056527725,0.94404979677447676,-10.85295095350247,7.3057028631645835,0.94051387997306324,0.3235339592972771,0.2623610394708244,0.6355140186915887,True,5
0.68682341601875829,0.65301672744461003,0.31912810732659941,-0.70057083992184987,0.71173080916904674,0.051378531808231612,-0.19358226535382667,-0.25885982491902382,0.94631786286816699,-15.036950729634828,-21.693443217201306,1.0301880844436904,,0.1966208880063745,0.2777777777777778,False,4
0.95092461299671394,0.15083500590928914,0.27016880165813983,-0.17391335730071733,0.98271262282997973,0.06348263607488229,-0.255922887896811,-0.10735316447579732,0.96071784282774197,-7.4555492240744314,16.456965357449921,0.51397634607507181,0.5416839965174892,0.5343426402288255,0.8636363636363636,True,5
-0.31852852197753317,0.89091013055696322,0.32375719290508809,-0.94631233021798633,-0.31871011251906839,-0.054007757363985331,0.055068633215401383,-0.32357843477131965,0.9445975027421627,-14.060870948410704,-22.768218189030069,0.72383606267444356,,0.3088693820483334,0.8260869565217391,True,4
-0.95798316937117778,-0.22999732231903686,0.17137525762964417,0.19489669241809032,-0.96034493651919539,-0.19938124833201196,0.210436514146291,-0.15760340931596692,0.96482000336121876,-21.016444277226302,11.443651314426067,4.1136486262797005,,0.3186031009520483,0.3076923076923077,False,3
0.18450101473122665,0.88117289764936901,0.43530874102338257,-0.97965899758075536,0.20044613874115544,0.0094654066384412434,-0.078915296503385801,-0.4282005019987436,0.90023147360320988,-3.4581375275326849,6.2773918498774739,-0.88814234710412776,0.305610065667161,0.1795919601688654,0.2417582417582418,True,5
-0.35930619326094493,-0.91611880536155466,0.17783530005948406,0.92249704151071743,-0.37747359193853985,-0.080702514167715206,0.1410612203559227,0.13505562502885549,0.98074548699433883,17.84815231212481,2.5227361428680206,-6.1969189862372325,,0.1345305124695512,0.2916666666666667,False,2
-0.79492572908461778,-0.60284222631506934,0.068369111525453247,0.56273897792865657,-0.77473853421503136,-0.28827945872391963,0.22675521594684442,-0.19068679496450686,0.95510241244960969,-5.7886474067455476,-37.467585191062454,-1.9236025837117974,,0.4089743622589992,0.6086956521739131,False,1
0.1848471477440603,0.92416476288717198,0.33429182312551864,-0.98025473976637723,0.19768798300029233,-0.0044840319834407363,-0.070229460601929264,-0.3268622835614009,0.94245894894610061,21.356487639588497,8.7894037883615663,-6.8611780777957847,,0.09900870739648111,0.3529411764705883,False,1
-0.34564221261890915,0.8860614560025325,0.30891189203812802,-0.9357713573464429,-0.34993928107950151,-0.04329510743209327,0.069738279487664478,-0.30403551724137917,0.950104718770445,5.7940603870073257,8.0080565786040356,-2.9683865234216604,,0.0812370259978363,0.2285714285714286,False,4
0.92709678648893112,0.23965484315424962,0.28819629531728608,-0.27177685286677133,0.95931136030242503,0.076544472305602601,-0.25812572659022126,-0.14928921644720988,0.95450711842544544,-19.82301677625868,-17.775714277207378,2.794152254210891,,0.1179873763665552,0.303030303030303,False,2
0.26784345828239164,0.88780958078459804,0.37423793250070891,-0.9604668629307852,0.27665098569640734,0.031106869419833635,-0.075916316212162979,-0.3677749045004059,0.92681083968223654,-7.1141123922139773,-5.0285902070702724,-0.55202109073232264,,0.167225382879124,0.5611510791366906,True,5
-0.066328834366840034,-0.96585667799405639,0.25044233529062704,0.99714741765509673,-0.073224738624461452,-0.018307515318915966,0.036021010470409356,0.24851361175530379,0.96795840384648024,-23.498848285204719,-19.072961483564136,3.9326004756600916,,0.2252408603716815,0.6595744680851063,True,3
-0.62437376171103165,0.73087775211131734,0.27563584156550158,-0.76632340868030646,-0.64150872027262629,-0.034856780154967487,0.15134675085845242,-0.23298985660943175,0.96062994317359496,-3.1439743091473793,3.0995880286026969,-1.2584903011778696,0.2615975637630485,0.2082902290320621,0.8618556701030928,True,5
0.50746885179759083,0.80638329414708509,0.30367967889822883,-0.84766327904568395,0.53047594365903039,0.0078891416884843898,-0.15473309217085607,-0.26142160606873666,0.95274152531926959,-2.32995782431628,-14.838852324846169,-2.3095052768404685,,0.1006500413524589,0.5,False,2
-0.19940776688168393,0.89886310281506654,0.39023283422199517,-0.97952706347342011,-0.19406867780306125,-0.053517102116144792,0.02762742171101517,-0.39291534799934036,0.91915953722743848,-2.6016374206341406,20.307786433795997,-0.40649431745067921,,0.2582466177967483,0.25,False,4
0.80217885554775759,0.50828534349430032,0.31329713260891734,-0.55291358395907098,0.83042260907854204,0.068446029868217018,-0.22537890847553549,-0.22813219834137094,0.94718532911690956,5.6139941175510479,13.586664417253107,-2.6592214260778375,,0.1249518064829587,0.2903225806451613,False,5
-0.41146874441213538,0.85643837616826246,0.31178001892066542,-0.90629604994210611,-0.42070558632004923,-0.040426222905913682,0.096545026962737673,-0.29919912677909571,0.94929391671040986,-8.7398214125680767,4.9323490935287184,0.22359362114828663,0.4567051489356169,0.3591600928385111,0.6950354609929078,True,5
0.46759273052530936,0.82006889491311696,0.32991521025236781,-0.87204824076500231,0.4889912077004005,0.020480834220504954,-0.14452994201392871,-0.29727866789879542,0.94378837112658232,-26.986479060371931,-11.724800262108088,5.2447448134856991,,0.1004878763867229,0.3333333333333333,False,1
-0.86885023670727957,0.37134698737457661,0.32741515105677449,-0.43960729084724054,-0.88285708286497411,-0.16525374751907423,0.22769430385421158,-0.28751484518712128,0.93031742850995303,-27.551870950307006,-2.1888885896708938,5.6159372991306169,,0.2799727143173978,0.53125,True,2
-0.31666932460248165,0.90080516814207556,0.29710366524890675,-0.94571146281083962,-0.32399301063106756,-0.025658491194886182,0.073146209498436796,-0.28909959894600912,0.95450042112367162,-6.9375569937491504,-17.282201436625879,-1.8899500892509105,0.2160261437690234,0.1795924795692147,0.4042553191489361,True,5
0.67770130158541042,-0.70407343991953941,0.21213565713784799,0.71537351694210105,0.69803669215511654,0.031392796355718094,-0.17018130651551944,0.13048129216485022,0.9767358677286615,-23.58191473669994,-5.5674027464006848,4.3439667024571769,,0.1576100582515081,0.2903225806451613,False,3
-0.60834087251289493,0.72888442423577093,0.3140841908417833,-0.77955553131424227,-0.62305504254611088,-0.063996777694134352,0.14904548442545448,-0.28377792384953388,0.94723573280785212,3.6861970566815523,4.2184656930305033,-2.6451001833690304,,0.08847683242472762,0.5238095238095238,True,5
-0.75204999119247296,0.56953478413063863,0.33173926570827911,-0.62581229618215917,-0.77496656836551781,-0.088237111597026574,0.20683273603231828,-0.27396523060607469,0.9392354719261542,-0.20048220575413545,-6.5377629461704618,-2.5456891240168411,0.3684883054079761,0.2685803752988971,0.1920529801324503,True,5
0.19043493816235851,-0.9756666464182252,0.10866981822986727,0.98118171312622648,0.19276060806998493,0.011215783662872389,-0.031890126274150929,0.1044889613476154,0.9940146260507009,-17.160641842281983,-4.5784931241351323,2.4486769921501019,,0.2431801841997876,0.3076923076923077,False,3
-0.8065996127843772,0.46903318327462501,0.35972897804231208,-0.55368223339208889,-0.81260041085946089,-0.18197955021646042,0.2069614676263257,-0.34596017871759299,0.91513851719816142,-9.8558011660655662,12.315459973145824,0.9645936625568643,0.5104155003016808,0.4171581321464205,0.7810945273631841,True,5
-0.93810467220860239,-0.26263554063080052,0.22579237537604716,0.22598293541710957,-0.95816969107604322,-0.17562048856413764,0.26247159252128077,-0.11372517707529387,0.95821461438371702,11.91997222554045,18.296381414126493,-3.9408254614700851,,0.3204768857014859,0.25,False,6
0.1258534602724361,0.86329382830577761,0.48875829665245352,-0.99055211551022593,0.13640718600890225,0.014127493172786283,-0.054473966219367106,-0.48591855862303324,0.87230484430045652,-11.208567299057464,25.356833214794424,1.7721972676220059,,0.7308895843928038,0.4411764705882353,False,1
0.49315114695490797,-0.83980558996757082,0.22699893681751127,0.86178738490718265,0.5072505118846895,0.0044069726072341227,-0.118846327128352,0.19345151654081738,0.97388503493798473,-0.41218541431277339,16.495158067195568,-1.119441923946038,0.6081668607438682,0.5784181810553302,0.9449838187702265,True,5
0.76138686680732814,0.57273307533319295,0.30375461061966375,-0.60719483633925619,0.79417323481273694,0.024562243993944955,-0.22716617216536528,-0.20313960107880796,0.95243363689932703,15.653817674866708,0.74454670004018741,-5.7068680834194776,,0.5219063201631648,0.8074074074074075,True,5
0.90779882127179912,-0.33066746945274406,0.25799287731108284,0.32193662096663617,0.94365143366785997,0.076673227512460487,-0.2688086906670194,0.013453489596073856,0.96309962695433093,16.860282466849295,10.901100007168974,-5.5466131348125201,,0.1610092330371167,0.25,False,3
0.63035978730728759,0.68533797161409726,0.36463461603334801,-0.75364020049474167,0.65291536354197577,0.075683394804250265,-0.18620683860738838,-0.32251107378619603,0.92806983602588755,-23.649408660832236,10.624662620586669,4.836379713102926,,0.1913789778589545,0.2727272727272727,True,4
-0.94850033494902053,-0.10027217048406509,0.30048728164101957,0.028227502928736978,-0.9715595804631979,-0.23510676231997685,0.31551596263898124,-0.2145168371867078,0.92435502047828344,0.63224850543958744,8.2456230907379702,-1.7428711175886842,0.9474133776776126,0.4912898656380207,0.4615384615384616,True,2
-0.41782218608179122,-0.87977657481849003,0.22675493207089811,0.8990327718237664,-0.43636171814942964,-0.036448952255884431,0.13101410612871917,0.18863093419246513,0.97326957964428795,-14.180375777489825,-6.1844217901821317,1.4612680759868002,,0.0739616997359874,0.375,False,3
0.6827906956369445,-0.70590950589014156,0.18838427600400204,0.70920762235951529,0.70233210201602514,0.061271256433285168,-0.17556028690674644,0.091768120672084674,0.98018222677700761,7.2075941220105184,-10.174887881493683,-4.2128035369601387,,0.1142591863610178,0.68,True,5
-0.18401662249382206,-0.9739313296074037,0.13264858783689043,0.98036340495721286,-0.19159152439500335,-0.046693489917749714,0.070890597872118266,0.12145144292742632,0.9900626597060308,-20.679837396946429,-9.7914944990296711,3.3438610567531981,0.4561444016045534,0.2931353005384019,0.5789473684210527,True,3
0.64622120373967318,-0.73223628010136177,0.21500740903644927,0.74482446175351891,0.66652530452528735,0.031313568960636425,-0.16623681003564642,0.13990728548146442,0.97611027781617943,0.68547319003489737,-5.8938131501822726,-2.629779416548947,0.7098577126170658,0.4228213998169993,0.8163992869875223,True,5
-0.39069675720254704,0.86766166103246234,0.30743988987410531,-0.91611615346342423,-0.39912900781510485,-0.037778677635795732,0.089929068019152292,-0.29641065617639001,0.95081727247157666,10.484583603233066,7.3139063677819545,-4.1530331282962178,0.5569911902617865,0.4807171417361591,0.8404255319148937,True,5
-0.89007629028415425,-0.38473500554477563,0.24442416611795953,0.38194436490894051,-0.92218917578994219,-0.060709358176258693,0.24876233555002766,0.039320472585265068,0.9677660878783505,-6.1668361326718379,-20.080469120038053,-1.7741282643374245,0.2951796868291219,0.2665269041346057,0.8055555555555556,True,3
0.86325593042823523,-0.47049554460682325,0.18281996905592954,0.44480441460817949,0.88027638828797039,0.16511363652879046,-0.23861733240809846,-0.061216196613442103,0.96918230790013271,4.2503589593647959,24.052232960811455,-1.9952585387952773,,0.3514750823605862,0.4838709677419355,False,6
-0.95950714926303471,0.093679465666038117,0.26565050014191999,-0.1154434363816251,-0.99101811031175491,-0.067497540922040425,0.2569413230866695,-0.095431979685252619,0.96170364132815245,6.2771280636599105,6.1794519679242281,-3.1268887446190723,0.5642477327614388,0.4864401103397932,0.9836448598130841,True,5
-0.45410153976040246,-0.86291705394706641,0.22173396130170442,0.87943167217725315,-0.47401667764235556,-0.043682070560145822,0.14279959929478167,0.17516377286475976,0.97412829089244235,-11.182480662373671,4.7131722894254624,0.91603085311470434,0.1159287110293378,0.1245129726339222,0.2784810126582278,True,5
0.29362685633898028,-0.93177025485197651,0.21351220435743312,0.95390815128286333,0.30009037267785327,-0.00223766444679694,-0.061987967805026842,0.20432807051198254,0.97693783397320244,-6.5331022182067313,-7.8868706956163326,-1.0527306946030197,,0.09146747509990436,0.4666666666666667,False,5
0.52062594423402375,-0.8309448949047421,0.19616117817289647,0.83631310207612319,0.54257184118448187,0.078715897057034606,-0.17184010441757569,0.12307062519313533,0.97740707984356634,2.430558100165495,1.9678833538107012,-2.4959531898458751,0.2726999725953413,0.3354542791132029,0.6837606837606838,True,2
0.21012971228063318,-0.97614561211676387,0.05463742272515873,0.97698507539141777,0.21175045694657368,0.025727542543820522,-0.036683326993133217,0.047973825447911261,0.99817475704037362,5.2384123657839501,6.330680003145968,-2.884455769945796,,0.112684546878375,0.3333333333333333,False,4
-0.7076639231926114,0.62760836400969344,0.3245296800551809,-0.67819456690580593,-0.73218712646084783,-0.062881962950061904,0.19815120799805469,-0.2645935624123964,0.94378299703842372,21.046931609590757,7.1292110952919456,-6.8328992571777256,,0.4148875119403599,0.2352941176470588,True,5
-0.60183619587868364,0.70543915898763621,0.37436450993262227,-0.77480585714785932,-0.62938291553055137,-0.059607292906445883,0.19356930815510687,-0.32593364141352543,0.92536381187902184,20.489146484811979,10.723829145211122,-6.5643518445188427,,0.212799194370035,0.15,False,4
0.02812950409005395,-0.98041220444641897,0.19493752940919479,0.99945666736156114,0.024233964889997635,-0.022340210657731188,0.017178505935298329,0.19546003253407945,0.9805612039111109,-11.687623148748013,-3.1832614001411299,0.82627598059472862,,0.1011634474979157,0.3109756097560976,False,4
0.74056887970581275,-0.64218817325819755,0.19786885691936418,0.64759417330492852,0.76065756045428246,0.044965124543857198,-0.17938651318530821,0.094838946910210289,0.97919663655272948,-11.078217271106666,5.5955908109318822,0.96349622647255562,,0.0855725330987807,0.2702702702702703,False,3
-0.85585898503153235,-0.48207818844647882,0.18736600002390377,0.45945992442369527,-0.87499821374241826,-0.15256049225192753,0.23749100107028992,-0.044483099844092683,0.97037069114792041,5.8840550283362587,2.4062986639925716,-3.2612366343781853,,0.1344646479136242,0.2368421052631579,False,5
-0.96015421635085008,0.10712057994101347,0.25812605869378236,-0.12926146746879957,-0.98911259988039879,-0.070340157702767497,0.2477808585252248,-0.10090315213579182,0.96354719658020049,-3.9477850640960099,-11.826413706033124,-1.8910946628432448,0.1800295710998853,0.1046700615978272,0.3132530120481928,True,5
-0.1311134472803572,-0.97942002618959123,0.15344600431761679,0.99008811844677425,-0.13722681726661243,-0.029905155632480127,0.050346615107552894,0.14800409765157468,0.98770441197027936,-9.0576844942639898,13.061218793818682,0.78305393834865344,,0.08995482757000736,0.3125,False,5
-0.79222482724170207,-0.56188107072134852,0.2380535348758466,0.56684552735646798,-0.82205915715073052,-0.053897033875695284,0.22597781133957104,0.092241013164757746,0.96975544560085647,-6.8478853116154896,-2.6105241504305785,-0.51634596255432175,0.5061197203412978,0.3911913092788933,0.8947963800904978,True,5
0.67311947914943349,-0.73419192530124855,0.088726453845749453,0.7200973160841444,0.67801966081766829,0.14747608251206804,-0.16843402909747057,-0.035377342567534081,0.98507787584274376,-14.439294612853653,-3.5750279750664884,1.6826654268061922,,0.3029045205856352,0.125,False,2
0.41644047355833685,0.7810768548030893,0.46529160627870936,-0.90201007645016673,0.41902728619208063,0.10389396233113762,-0.11382070973628608,-0.46296336822411061,0.87903911501008536,3.7831185073092621,-20.287914284777997,-3.8670632479408904,,0.4099159892864853,0.3669724770642202,False,4
-0.53594398125124021,-0.81700003078526739,0.21277922515471956,0.82942089779985528,-0.55656682571447347,-0.047899298606525184,0.15755958635847134,0.15081219516666197,0.97592553944220584,1.6343277517913029,13.314188950944228,-1.756963102823109,0.3383056070841827,0.2497532807018626,0.2307692307692308,True,5
-0.63631999603631884,-0.77050568458408486,0.037654384445234168,0.75228159862361743,-0.63059611160555906,-0.19084271115304197,0.17079010222092297,-0.09311033267881505,0.98089816338486757,-4.1291363756752162,-16.76060659034481,-2.159063417848254,,0.3826696098898871,0.3472222222222222,False,3
-0.37048665495210348,-0.92181828551250844,0.11397669497393326,0.92148147286118742,-0.38018782344584651,-0.079555729379392121,0.1166684776448992,0.075553076696384502,0.99029298640641317,-7.3535847102881799,-7.5531953379673009,-0.76395335182914315,,0.09779937097367153,0.3125,False,3
0.46487231260505302,-0.86026842992501917,0.20936084029152513,0.8786615358263048,0.47733278061832091,0.010359633513910029,-0.10884685770655179,0.17914141068308492,0.97778357346903988,-8.4489916424532368,-3.8073541392824541,-0.055372725728545895,,0.08280219187970574,0.2085561497326203,True,5
0.6141828727058094,0.70911865722400502,0.34630929651348147,-0.76882567212510711,0.63664756804103873,0.059891234657559161,-0.17800697951545497,-0.303035648207028,0.93620666049731205,-10.307421954188106,-30.810898618533976,-0.42757287383400228,,0.4070190829874472,0.3529411764705883,False,5
-0.9547097663221622,0.13054354370474866,0.26737173613919973,-0.15064232200023545,-0.98700089759639986,-0.056001062188845853,0.25658556645193592,-0.0937422601653492,0.96196477884984544,4.1009390592399706,6.6537895085671925,-2.6011116891116797,,0.08166975151512636,0.3375,False,5
-0.19299724610569802,-0.97196694932969407,0.13428444588388896,0.97995938676441763,-0.19781770961234063,-0.023404146129108322,0.049311898036089083,0.12707636749000237,0.9906664088065279,-5.2443319533803257,-10.187184980648254,-1.4695391606645551,,0.08377954054360141,0.2125,False,5
0.22986056887767825,-0.96407522758441533,0.13312803774294921,0.97235725196287803,0.23326760704648289,0.010372948375857418,-0.041054761361267726,0.12706368112433108,0.99104456383590744,-8.3295950873547753,21.485198325878731,0.97867640066032346,0.2380443669434401,0.1656038622612597,0.4090909090909091,True,4
0.14938723864175424,-0.98754510331342493,0.049377341490492804,0.98792351676405921,0.15114837315184157,0.034077768678204001,-0.041116638426858865,0.043690253091838271,0.99819866951887193,-20.68117031369615,3.8922589359885449,3.7442064071604264,,0.4201856488249335,0.175,False,2
-0.2554054705007387,-0.94058367834387169,0.22376413848381771,0.96263342040559186,-0.26894217618412025,-0.031733322983536455,0.090027460013731783,0.2072979737056263,0.97412658650763351,-10.612532586632245,10.063178254909026,1.0371549544949634,,0.08866307941986436,0.44,True,5
0.22476662905874387,-0.94649681962472954,0.23156798764475353,0.97360010439976208,0.22784826013734935,-0.013711566838061743,-0.039784408684066949,0.22853651960387977,0.97272208776865143,1.1180412051257138,-19.369591977320507,-3.2707259871855539,,0.1008051380305011,0.6176470588235294,True,5
-0.36588377157500379,-0.90993080089409928,0.19533305732075493,0.92314195105729469,-0.38146916932528829,-0.047856149577722579,0.11805932363088228,0.16281035114051348,0.97956867327682606,-12.819253336158901,-10.546019887256552,0.79899522514829391,,0.09408296298113185,0.2,False,3
0.90442977061006602,0.26914632901205593,0.33100912919972114,-0.34362529469116526,0.9194119913107266,0.19131975089481595,-0.25284075399870448,-0.28677838798169353,0.92402906301911736,-4.5875524409607671,-26.480552341665302,-2.1948759194470973,,0.1858637509416547,0.2962962962962963,False,3
0.72383448927410121,0.61802534047924229,0.30677077869774011,-0.6548895459140881,0.75536006745696704,0.023470218231738893,-0.21721720647715878,-0.21788952938799666,0.95149400323561495,-18.88967008655106,2.4520517359798477,3.1911243058813898,0.5510138466436948,0.6294833196086307,0.9904306220095693,True,5
0.20804564525330907,0.9236246284551981,0.32192321320794953,-0.97432884893094684,0.22463974394173444,-0.014841818712266138,-0.086025017477650401,-0.31057129801832722,0.94664944156492303,1.7549705285730539,-10.771299952259607,-3.1790513624432557,,0.08947896725120609,0.1521739130434783,False,4
0.9609393913821358,-0.10986118801754835,0.2540196950189148,0.039683750630437317,0.9630484321901317,0.26638865815201246,-0.2738990434923621,-0.24590290080334848,0.92979087828955753,-31.505426978521644,-6.0357020991534212,6.8120656016780323,,0.2676972447119784,0.1666666666666667,False,2
0.23941581215619751,-0.96914187125748374,0.058686474294605162,0.96988214836656539,0.2415134751424847,0.031620556675305909,-0.044818379817259515,0.049348502511661507,0.99777554496510512,-27.094547948396091,-22.495349617953895,4.9528006955373041,,0.4125868181875383,0.4,False,1
-0.96945132562865366,-0.031639513363588771,0.24323459546487497,-0.0039717329503867757,-0.9894908182500487,-0.14454115654795219,0.24525161074744628,-0.14109167868079289,0.95913752175213041,-2.8219779420401934,-14.607876107107211,-2.2263903099428171,,0.6686236443091146,0.1428571428571428,False,4
0.85106588462360799,0.38431610579547887,0.35775409271737824,-0.46285540167524525,0.8708259839505329,0.16561093809478297,-0.24789460899721796,-0.30653423381864703,0.91901307190231629,-7.0061222830512939,13.65842350646281,0.26753864245213715,,0.1067739559352059,0.4285714285714285,False,4
-0.65691459352341586,-0.72373536297023822,0.21135359283036501,0.72940391017983519,-0.68100140441130463,-0.064861568006009437,0.19087470400850165,0.11155362645906589,0.97525516445364113,-6.1821700750545219,-20.179774770640442,-1.7639289390669908,0.2970304277640896,0.2483816845480289,0.7702702702702703,True,3
0.070822572993830227,-0.98223797778975119,0.17376051951474564,0.99748417235061559,0.070277365638553399,-0.0092961168728037512,-0.0030804325250428297,0.17398174291116236,0.98474406018470262,-1.9141264788931511,16.770578518191975,-0.8062010073785133,0.4438732815642176,0.3698543112096588,0.6534653465346535,True,5
0.80179362193705239,0.52313997061940332,0.28887983481266716,-0.55163678507231362,0.8338174940961417,0.021100803167498045,-0.22983438640931478,-0.17627523274572976,0.95713280016113389,-16.214298249846273,-4.7636035807030108,2.1427563529941924,0.5120970153239264,0.3845028178368342,0.9487179487179487,True,4
-0.88958283508838409,0.37104476645527484,0.26639850000002457,-0.40041817915040445,-0.91409899472842548,-0.063939890853490722,0.21979003917827372,-0.163550631679099,0.96173984504926302,-25.85993834051396,-12.041163347197514,4.8862758085572073,,0.1158610928613156,0.4166666666666667,False,2
0.93087486262638652,-0.25944648194770031,0.25721491623789844,0.26289099946043865,0.96458513713456118,0.021536843357206414,-0.25369334349367367,0.04757138030436861,0.96611420196731357,3.2322786897841365,10.818942845075947,-2.2391008179896996,,0.1076433126479489,0.3076923076923077,True,3
0.62719099929570277,-0.74792057808998114,0.21736204653068208,0.76313282794434878,0.64591534787856175,0.020534124977164881,-0.15575537652395466,0.15299729489263963,0.97587503833196609,-4.1001461674418618,11.21197479233758,-0.54581012631724046,0.1476403351850862,0.1108950975191503,0.3157894736842105,True,5
-0.65895581498432598,0.66483224438193389,0.35181716946224117,-0.73425712199613058,-0.67005382428816107,-0.1090612275502599,0.1632290191611227,-0.33019079240174276,0.92969367423727622,-8.3391529541074938,16.657178813954538,0.7046195539259239,,0.07430068454911135,0.24,False,1
