axis_00,axis_01,axis_02,axis_10,axis_11,axis_12,axis_20,axis_21,axis_22,location_x,location_y,location_z,dbh,dbh_approximation,score,reconstructed,number_clusters
0.44217252336757357,0.88099875684932949,0.16829928701182967,-0.88966308726237864,0.40696270063764445,0.20707716303950446,0.11394319085196501,-0.24129349497997749,0.96373979815032107,-16.631378481615982,-0.28354206822761069,-0.19652911551073585,,0.266817572792394,0.2352941176470588,False,4
-0.70217087021243751,0.70709254818364042,0.083523633351732907,-0.70187069670861313,-0.70711916552335341,0.085790505601275699,0.11972298913272478,0.0016168032417972211,0.99280601923054579,11.857978996702348,3.4786955641352111,-2.3760269110973677,,0.06970953408238459,0.25,False,5
-0.38125571664449154,0.92005598798245458,0.090227808925658792,-0.91602368904942766,-0.38913173142827151,0.097350381077391496,0.12467830455284869,-0.045535421083653604,0.99115177737850113,-0.16125174005367338,9.5247834485059286,-2.3850356625440141,,0.06882814460091638,0.25,False,5
-0.797508215679122,-0.59478857025795229,-0.10103070134768036,0.60317308646213519,-0.7896128255680126,-0.11266682504730997,-0.012762197774867548,-0.15079171856902657,0.9884831733109849,13.814869004810463,15.247651822813349,-3.7594325232048451,,0.3787917350563994,0.2222222222222222,False,2
0.47842261796799124,-0.87799406464800778,0.015434411537993117,0.8678555273059444,0.47543280811949978,0.14418886464678465,-0.13393499296739192,-0.055588374742185101,0.9894298106749907,-4.0933154302347861,-3.3576729776392664,-0.55872184243012779,,0.06893795295006316,0.1790123456790123,False,4
-0.97682401210560499,-0.21360669041111865,-0.013675934539139886,0.21211614553857144,-0.95749170792850846,-0.19549007660239165,0.028663394351853378,-0.1938602874746603,0.98061031952783051,-12.026851224002165,-4.8457153208819355,0.13242547342211539,,0.1633236230220268,0.5555555555555556,False,3
-0.38411540480231604,-0.90992326449618133,-0.15650881292171814,0.91898791268534386,-0.39313020635579404,0.030163839093945752,-0.088975120858516055,-0.13224331203982786,0.98721584989755362,-3.3845788789492843,0.44968970527444269,-1.0770128499958391,1.084794972871407,0.4591174193628326,0.3022222222222222,True,5
-0.86513032033473813,0.46303645638354363,0.19273497061323597,-0.48199675214492843,-0.87381455510889683,-0.064243709431985943,0.13866744304001022,-0.14847681078071379,0.97914553407608129,11.597983280539838,9.5604048365201866,-3.0031759105957621,,0.2307456161891766,0.4838709677419355,False,3
0.90682330163356195,-0.42151081331027412,-0.00036589194744435227,0.40659257956941486,0.87449919141574972,0.26444968983209027,-0.11114843162858845,-0.23995790980026252,0.96439941293573683,-8.3666431122128042,23.9379102039617,-3.6105766073638246,,0.4242174724870318,0.1176470588235294,False,3
0.0071401582413126623,0.99058952374904174,0.13667996773095648,-0.99608112107908731,-0.0050041184629082969,0.088302655839092248,0.088155648543454104,-0.13677483042232394,0.98667179314746156,-1.6663598225364109,-1.7864226207440712,-0.92693343386254545,1.090231427903781,0.2756780327313285,0.1508771929824561,True,3
0.72334846015410792,-0.68997242674185855,-0.026552881738740174,0.67549952821350989,0.69916042685552626,0.23425431672121527,-0.14306429525219094,-0.18738395837197189,0.97181266691108981,11.473983312469327,6.7131545818431357,-2.7184625124643027,0.4236399432397705,0.4310503809317832,0.3469387755102041,True,6
0.93601454583384236,-0.34917997345093543,0.044160119205796558,0.33987754053672231,0.92933031501511099,0.14432055651439091,-0.091433185584746987,-0.12007710745483036,0.98854512331967248,-6.6721931920094937,11.408715469381439,-2.2713721806645073,0.9733744527081285,0.9203721313272165,0.9816849816849816,True,5
-0.22178015328327452,-0.97503800157102527,-0.010698556072054798,0.97171085606652174,-0.22191029411545476,0.080832132027168963,-0.081188520199056521,0.0075310595517473281,0.99667031024803465,6.4635980967022304,-16.866888846647921,0.49902942480373608,0.3137261392314003,0.2496652589598868,0.7368421052631579,True,5
0.91464040366927402,0.3969757961801576,0.076440494653277541,-0.40426772094050961,0.89848399020105174,0.17115527791442259,-0.00073605792850489626,-0.18744795704281994,0.9822742598781663,-2.9205729149199948,-10.207516488837545,0.27058999507992493,,0.07233194670603245,0.3220338983050847,False,5
0.94498407460676004,-0.32483812767531134,-0.03853945443314799,0.32212529428685877,0.90358266120023711,0.2824423289078733,-0.056924454500778897,-0.27931803591371751,0.95850980239802086,1.5647559276880325,6.8752754728548249,-2.1508497152168728,0.6983145403870992,0.2625957226996408,0.2,True,3
-0.0051935287645073075,-0.99989534586857121,0.013502761545110015,0.99359021805442582,-0.0036350309061914327,0.11298347284833511,-0.11292256570558287,0.014002994704094524,0.99350511337072978,0.52034788292950296,-1.4672699306042616,-1.0779375734890864,0.1874045763930441,0.1438806481997022,0.627906976744186,True,5
0.52045125910500112,0.80494418964735348,0.28494795743957108,-0.85103011283435992,0.46167816829326652,0.25020195037311366,0.069844355141664538,-0.37271721247393264,0.9253127285304712,13.418851178896954,-1.3970256602685087,-1.8978389376441054,,0.4107226815655173,0.2,False,1
-0.78081563107216911,-0.62429756681716797,-0.024072771745964443,0.62392490152100644,-0.78118435379729445,0.021650003332680801,-0.032321317042657248,0.0018850592739832334,0.99947575209014494,-3.0878855818336897,23.412954691681453,-3.8566225962022362,0.3724868530115625,0.2422664124176387,0.4166666666666667,True,5
-0.80460406144392205,0.58786087116017471,0.083856427700850708,-0.58211355114623775,-0.8087413939178929,0.084149695992689455,0.11728647782188717,0.018893224249609285,0.99291838949512479,11.201054896209332,-15.746260027594582,0.053402572709821607,0.7549773265285925,0.7390901381950058,0.8554216867469879,True,5
0.3927711490539465,0.89301545538527216,0.21966843404066441,-0.91548209711646555,0.35700051641533176,0.18558868806698514,0.087311822395829491,-0.27399640092932165,0.95775916489882662,6.14572763369386,3.2842802642189111,-1.9801970569680829,0.3602540916260933,0.6296969776241872,0.1851851851851852,True,5
-0.95286122880608759,-0.3022774203599608,0.026150330374234212,0.30108474896902354,-0.95269321966087461,-0.041516299816550958,0.03746268245086247,-0.031685806802497427,0.99879555318937119,15.07470584697092,-8.2162061762589396,-1.2144787508796802,,0.2139187461394883,0.4285714285714285,False,5
0.043673713779966955,0.98807412171621234,0.1476554662699644,-0.9924463983892573,0.025948906242981573,0.11990329682283128,0.11464184684859433,-0.15177675796882736,0.98174388854304284,-5.0224688244898603,-4.806786574869129,-0.29275473828949827,,0.1100270539243317,0.3022388059701492,False,3
0.022147590369588254,0.9940499390382842,0.10664990829252498,-0.99342888377419669,0.0099005213226150534,0.11402207049818727,0.11228774253663694,-0.10847441346014969,0.9877371940453098,4.3279018082692575,-5.475245545040921,-0.83701376833798158,,0.07192819414584595,0.3947368421052632,False,5
-0.74900994560817635,-0.66122129029769316,-0.042077388667675783,0.66118681305379612,-0.75003493923129916,0.016720890408884012,-0.042615720383460551,-0.015296901299128023,0.99897442669311765,-3.0106491963496107,-11.588130331005667,0.44019401308628697,0.2578762786055244,0.2547928119431336,0.2941176470588235,True,5
0.18570535559213444,-0.9802282857567447,-0.068308335558661476,0.97449235469895068,0.1748115901470742,0.14073222297522167,-0.12600861691842777,-0.092700678275011078,0.9876884188394941,-19.527317422156976,-5.6126119769639864,0.66176709586068039,,0.4142853931131656,0.5795454545454546,False,3
0.62320384220950342,-0.78190672324559385,0.015454682094791852,0.77231726741047679,0.61842983396858087,0.14515708359293938,-0.12305693606996125,-0.078526534374898593,0.98928791253312187,2.2112664472340859,-6.0642336977840392,-0.63047433542602349,,0.07823935505503037,0.2602739726027397,True,5
-0.98491729510783865,0.16192352749747249,0.060981087561928937,-0.15650092344716104,-0.98400068171742605,0.085147632614347546,0.073792836763782038,0.074319779483105003,0.99450047140257203,0.4722655827394534,12.794378686544876,-2.7831543463370161,,0.07780939184997193,0.2333333333333333,False,5
0.23757162367763032,-0.95449942256968456,-0.18025142423102725,0.96538435625103036,0.21143849259958544,0.15273116431494771,-0.10766971871867638,-0.2102964958370786,0.97169059659424883,-12.742201148318047,-9.7585327202439522,0.85584124164750774,,0.180057730115701,0.2307692307692308,True,2
0.72652091730811863,0.6596199659072367,0.19253274342383167,-0.68712981903908799,0.69922664970697301,0.19731878807369813,-0.0044686128811080791,-0.27565121606134585,0.96124733475980118,-8.7129362532786736,14.817733010766593,-2.5970827759050938,,0.2389915226170559,0.3333333333333333,False,5
0.92309165171280261,-0.38448539517389912,0.0085313208886247938,0.37243659859891726,0.8992548021228397,0.22941617397883124,-0.095878999589081457,-0.20859477883443525,0.97329103339176715,-23.86492659082764,7.4360221921363339,-0.79347471039077566,0.1218499627157104,0.1320454369964673,0.5333333333333333,True,5
0.30273765040543898,-0.95157935743900457,-0.05335392696855687,0.94522615839652047,0.292604856997355,0.14467172199332484,-0.12205500608312041,-0.094229104620225559,0.9880402073460981,11.672941091301761,14.152804651840611,-3.5109650832860719,,0.1835924861433013,0.3888888888888889,False,5
-0.24579582876618156,0.95452805719497724,0.16870269289115825,-0.96134872351307032,-0.26233025105132318,0.083615017689048332,0.12406870016622275,-0.14162989589395392,0.98211401080940297,5.6128263093458033,4.8366228254718902,-2.134553646862889,,0.09510393005722374,0.2647058823529412,False,5
0.37668419341331721,0.91038014133013867,0.17122212679521481,-0.92234731971547823,0.35145081056430216,0.16049221030121466,0.085932765847684098,-0.21838114851198362,0.97207264837992169,-30.140107930625732,-10.189179469391592,1.9900138348276193,,0.3992835316138419,0.6818181818181818,False,1
-0.62187852131025323,-0.7830542148416717,0.0096540847140683117,0.78186843129689665,-0.6201474928275591,0.064022209279458009,-0.04414590438878082,0.047362260908720796,0.99790177641254429,-0.23576785384842611,-9.3704146334155833,-0.017838078614289939,,0.07962076783431896,0.3125,False,5
-0.98516178411672051,-0.16970278971384162,0.025636346840001645,0.16725237598087256,-0.98278790456338017,-0.078451114540675465,0.038508464585257959,-0.072999300046376975,0.99658828025821478,-8.9468448741573052,10.255793691616853,-2.0359835584156514,,0.5240183605637427,0.7669902912621359,False,3
0.80748117322793567,0.57084064487627906,0.14871150943915246,-0.58825230132533424,0.76043560862600457,0.27513072369156932,0.043970272547319077,-0.3096427672186649,0.94983576045613427,-31.413729824865161,-18.038747170916434,3.1235651422767905,,0.5854838301502999,0.8846153846153846,False,4
0.97294858834335785,-0.22203804884612585,0.063797721787481082,0.20795487326235743,0.96203111905236594,0.17677923141955781,-0.10062710930511827,-0.15873005650933977,0.9821807135315973,-22.600474783664708,-19.39535991419762,2.7554601949031077,,0.2953650507788545,0.4375,False,2
-0.83164576489801223,0.54778251820116475,0.091102329719882524,-0.54845281879502217,-0.83594820912429979,0.019750878908788294,0.086976015561729625,-0.033539594736155864,0.99564565398636651,16.199187827500705,3.5841880984493364,-2.6335884998146342,,0.1311659651766012,0.2727272727272727,False,4
0.99561500892845012,-0.07834500221460601,0.051115698414452959,0.052967608028180839,0.92252947645372485,0.38227450552422532,-0.07710503547873454,-0.37789075895291668,0.92263394030450319,0.56552218297638812,-17.92970183331126,1.0927891791600663,,0.464615110179632,0.5769230769230769,False,2
-0.1272657236273643,-0.99170003642709736,0.018288612306551273,0.98626970988377061,-0.12456943077142649,0.10841824700237271,-0.10524017747698851,0.03183543101292631,0.9939371259676516,2.7039391060030296,11.020591132695239,-2.686936884726872,,0.07255083528612179,0.3243243243243243,False,5
-0.92983513584596744,-0.36781159339959457,-0.011011444372243974,0.36711185502733179,-0.92518508323705306,-0.096236415425962632,0.025209245222793955,-0.093526432180953675,0.99529759390787176,-11.110497177977967,21.217929469200588,-3.18457224488614,,0.3398868076393555,0.3428571428571429,False,5
0.99827183549859511,-0.028813255810295119,0.051216586569946959,0.01641892393209101,0.97359364306633256,0.22769680963451977,-0.056424829527244341,-0.22646239085207281,0.97238419574897683,-7.3211886792376113,-21.368195661942089,2.0565008649138843,,0.2497163799915789,0.3846153846153846,False,1
-0.46073717708658751,-0.88547305376769603,-0.060487392914512488,0.88236344433130942,-0.46433428633469748,0.076344106791790989,-0.095687019799300832,-0.018197296100223762,0.99524512189539027,12.592901477749592,11.316047075017774,-3.2766016116504328,0.5833320838109141,0.5193870169186485,0.6862745098039216,True,5
-0.29066390067789083,0.94922989833283911,0.12032080848191809,-0.94630836037519994,-0.30378031014423856,0.11053510868801911,0.14147432249958022,-0.081732021140428046,0.98656215860612984,9.813804021109986,14.02360352043039,-3.411257062233783,0.3501579782743725,0.1882975131968622,0.4,True,8
0.89066283134676438,0.45014993179438406,0.063912125319668334,-0.45458648922227385,0.87906582251075993,0.14350750332316844,0.0084169278203616374,-0.15687038789712038,0.98758333153566047,-19.827561218480813,1.5467733181979082,-0.2539014498902637,0.1614388903795754,0.1011184296706291,0.5789473684210527,True,2
0.88861801678531327,-0.45237414931734143,-0.07560191316328721,0.44756407134565035,0.81926203778188611,0.35846354834205607,-0.10022186530414939,-0.35237386747442523,0.93047742328122807,-17.194998984324588,8.3093588309423652,-1.2491545405853195,,0.4025128092092158,0.2352941176470588,False,1
0.32680611864439174,0.93333160793309278,0.14862661420356993,-0.93929016473772442,0.303360818069767,0.16033153304020209,0.10455499626305488,-0.19200084294885472,0.97580937127256739,-9.5658862520318451,17.034165707409421,-2.7751961605557627,,0.3182928408076504,0.2424242424242424,False,6
-0.45624120527038409,-0.88975441557461077,0.013455206386747014,0.88643680222600318,-0.45311182341874112,0.094442951761797705,-0.077934320249585048,0.055015956263854228,0.99543934334725215,21.586085636268127,11.701759435798692,-3.8707660444262042,0.6729571667111075,0.6344556514168962,0.9514563106796117,True,5
-0.5557846134588218,0.82099540535872395,0.1306522400201873,-0.82262322961413381,-0.56581319802474772,0.056093199589782983,0.11997702089000076,-0.076301830390051423,0.98984016140864284,-14.752029657159781,8.0781427207016137,-1.3966002884894213,,0.1383433688761203,0.6511627906976745,True,5
-0.29814004494268831,0.94309010481213118,0.14728736472289738,-0.94895121519002823,-0.30949688865987601,0.060854474767473514,0.10297623410739287,-0.12162536789379214,0.98721991728984038,-11.266185423145469,11.646250972367245,-2.1051971347599183,0.1638546527631654,0.1579623696261925,0.2407407407407407,True,5
0.98938815342771425,-0.14493576904841488,0.01023253180996566,0.13063898940725491,0.91819500201476278,0.37396710112222487,-0.063596668965823527,-0.36866185200730184,0.92738551992739104,-1.2440322194680191,8.3264206526452078,-2.1840220533077859,0.7448361948419421,0.4861837936844886,0.1956521739130435,True,3
0.71701003500869143,0.68740210218909337,0.11565016040996484,-0.69583890735297071,0.69600384486817635,0.17716337923662362,0.041289523013221814,-0.20750180200357526,0.97736286887450874,4.9972672701034586,10.066351687723603,-2.7042612277487326,,0.1217380830921374,0.3214285714285715,False,2
-0.93602421347064868,0.34663256841440704,0.060864885698442922,-0.3452799943035284,-0.93795995909278962,0.031825157853617767,0.068120461906892277,0.0087736909612685481,0.99763852422433419,1.9481965399226329,-1.7396624252096602,-1.1253101973068926,,0.1594294982818492,0.1754385964912281,False,5
0.084553526900988302,-0.9866332193292574,-0.13930395401635293,0.98930442561381293,0.066448594635058492,0.12985121382547646,-0.11885896915894809,-0.14879339631519944,0.98169907337404616,-0.38188525908749849,-5.6586705347659914,-0.48998267601565548,0.5503397962477165,0.1703410001472203,0.375,True,1
0.30200845511026037,-0.95287446840342571,0.028655549319526144,0.94488521625182742,0.303192025706994,0.12355777456893616,-0.12642318280541909,-0.010239287698830854,0.99192355342373506,-4.1587020761912665,3.2298879610917268,-1.3895772840912015,0.1306007372301461,0.09944948483095797,0.5411764705882353,True,5
-0.97978295217293987,0.19114128549501097,0.059079400899069059,-0.18828343329682126,-0.98080510083981476,0.05070209968592887,0.0676366422676319,0.038553380473250021,0.99696485468488061,-3.5083022279167668,-6.2745980582585279,-0.2246977156881439,,0.08075203722777889,0.4788732394366197,False,5
0.59317971437096506,-0.79790211612569439,-0.10719160200742531,0.79541579766826509,0.56029041638973009,0.23105920912523659,-0.12430420458913308,-0.22232152928576443,0.96701685731816533,-15.798227114093052,-9.4489043194891007,0.99798883855180742,,0.1183039623591303,0.2941176470588235,True,3
0.7648052094133363,0.62588012947522575,0.15279743185766465,-0.64344004427013135,0.73006377963800773,0.23019945067336292,0.032525391371582599,-0.27437372539793436,0.96107292008847289,-26.30889228888714,4.0247500989103964,-0.21045300250799701,,0.2186570004086351,0.3333333333333333,False,1
-0.5585373138968297,0.82590442327453206,0.076928230192018901,-0.8199767992675614,-0.56375699665199996,0.099076220097668311,0.12519631643079165,-0.0077415981217670779,0.99210178409812455,-18.230381545011102,-3.5943124685615331,0.32396800744301812,,0.06506460780614484,0.2962962962962963,False,1
0.99213608983161194,-0.1163333001359159,0.046179460078348868,0.10817635388731518,0.98257303262755924,0.15115591954246527,-0.06295915908974048,-0.14497171735400252,0.98743067880947721,-6.990575537577544,-14.188310819288258,1.0885370689838172,0.4684479873271694,0.4199716144362034,0.8095238095238095,True,5
0.96474766194008454,-0.26313278375983412,0.0048048820943136436,0.25771492094045528,0.94826891636803368,0.18538900122404592,-0.053338244307389489,-0.17761531567124156,0.98265346452002578,-7.7546442935025208,0.11347182208675874,-0.74981743079726126,0.7157734044924491,0.6935071709760464,0.6822085889570552,True,5
-0.75765712812032049,-0.6508098590879472,0.049012279302172918,0.65177292937385345,-0.75060097651184576,0.10858279143072899,-0.033878086485126385,0.11421340277476061,0.99287842855140951,1.3122548361395323,-20.815457366733078,1.4400413088809803,,0.08407666523308843,0.3,False,1
0.09413011155878595,0.98691608421580568,0.13090517489416495,-0.9895607803678359,0.078337381564609496,0.12096576626219878,0.10912829172918743,-0.14092514809551263,0.98398735692006112,-18.755646485753292,-15.098698283131515,1.9910053133279295,,0.0792858940461264,0.25,False,1
0.55398713838942903,0.82656322805408855,0.099455922538060418,-0.82993849997462599,0.53890094518684906,0.14417994845535187,0.0655769529557369,-0.16241613622274623,0.98454083812481596,-20.548713449919283,-17.776352243797088,2.4478707709438603,,0.2949433110865285,0.6842105263157895,False,1
-0.42887590118082008,0.85731732913080516,0.28473225767089017,-0.89444193458085974,-0.44718339950772584,-0.00079552998855100809,0.12664551728975035,-0.25501765502948304,0.95860675387443162,-2.72059171393941,6.5566154901472569,-1.8698757665779704,,0.09540830131589444,0.1379310344827586,False,5
-0.61648930656112955,-0.77603817104119011,-0.1330627370183782,0.78335194151434095,-0.62156360954029244,-0.0042912726498537807,-0.079376763737822237,-0.10688047708673182,0.99109832660348207,-3.9079249947670336,11.670954958205908,-2.442375686109131,,0.1793320707235311,0.5217391304347826,False,2
-0.97317299494315845,-0.22448550818135754,0.050404151911523927,0.22736133487234722,-0.97188031439427613,0.061281954096994905,0.035229892398738222,0.071097898066254384,0.99684700108498714,6.1785784679614126,-12.098514721850977,-0.10044464624648075,0.2524149835170237,0.2287392783409937,0.509090909090909,True,6
-0.78164285986760007,0.61777816185230283,0.0859335927119836,-0.61313165184169138,-0.78632428489357964,0.075919012747004549,0.11447277898207261,0.0066529485937038071,0.99340410767578924,16.398828142987469,14.799725290949647,-3.8928561141000433,0.5617238685515337,0.4528637227095256,0.9714285714285714,True,5
-0.25735168008054771,-0.96550013159047576,-0.039744290891837848,0.96194083576830824,-0.25987946519647648,0.084454082497908242,-0.091869152826667244,-0.016497256377015428,0.99563442050330042,8.9098617543560845,17.645800718033669,-3.7677431022934789,0.1629176204637968,0.1329454380419533,0.4375,True,5
0.74703880735149641,-0.66477877169422028,0.0014849294858108111,0.65570656130342497,0.73720812176079287,0.16301254759545847,-0.10946198323843631,-0.12080302113212123,0.98662287846515118,7.8255769907064314,-10.526488093751256,-0.44595354613348726,,0.1452259838930256,0.25,False,5
-0.54107811573305586,0.82062660156356604,0.18386531342534074,-0.8301608662413863,-0.55614492800164461,0.039188712908151013,0.13441506179040205,-0.13143363292657873,0.98216994013236048,16.010832205266631,13.431638198942244,-3.7005429437122328,,0.3927839664189797,0.4444444444444444,False,4
0.75061426378641516,-0.6602022153073891,0.026669493875874976,0.65063213164931533,0.74556175255067636,0.14427578590682943,-0.11513494806464017,-0.090943433170192267,0.98917806066318159,5.0997878875476967,-8.3911675397928054,-0.52374903571695153,0.326646379671509,0.3034327075665317,0.5206611570247934,True,5
-0.85006544788574678,0.5191443563476773,0.088757374809985454,-0.51526919088671697,-0.85464352639274499,0.063891343059297057,0.10902474596967598,0.0085778824501529516,0.99400202449437614,-17.061110707375764,-2.6928171878567415,0.16155834403528488,0.1617143902065756,0.1231602122599918,0.2948717948717949,True,5
0.90255307787992023,-0.42939344818192937,0.03192504139253792,0.41748840787256214,0.89084867115425548,0.17914260909881297,-0.10536304333833375,-0.14835737851933672,0.98330499710789354,18.587762503754007,11.656822546547327,-3.6522787362112124,0.5263593713425135,0.3662148360087486,0.4642857142857143,True,4
0.62624530265236267,-0.77929300938843349,0.022786540416853393,0.76906961211570857,0.62229520612837952,0.14587874468143247,-0.12786224081425893,-0.073831442813722142,0.98904002215582743,-11.711107801739191,13.344393869902033,-2.2619641295202166,0.2469049474694039,0.1912509239563665,0.686046511627907,True,5
0.13736462089555379,-0.99051692833619898,0.0026787320961526792,0.98286305975643717,0.13663781027245814,0.12373485592250275,-0.12292748550440435,-0.01436396475106818,0.9923116999331385,15.863938334739302,6.3081105232308046,-2.9211303950514997,0.2286440954853089,0.1279369597552857,0.3125,True,5
-0.57120305741197841,-0.82080698576249633,0.0017202693662873164,0.81836432797688885,-0.56933907206922463,0.078312500345019603,-0.063300030791008877,0.046140146714532745,0.99692737597230141,-22.418938726612943,-18.294555074368176,2.594525605806036,,0.5311559539269297,0.25,False,1
0.94075445600330321,0.32046219180238439,0.11083788673167527,-0.33905575660055076,0.88444538295448927,0.32062058337935495,0.0047167177104444208,-0.33920546604632057,0.9407004860094107,-12.092232369080481,23.872165901887797,-3.3665358873293001,,0.2649848455829766,0.3333333333333333,False,3
-0.26661505482831288,0.95772931660894434,0.10803225743574127,-0.95560476111301174,-0.27727020376536404,0.099703433451710122,0.12544302721571182,-0.076653703183082067,0.98913510538817695,14.594545567422017,-4.5621104436549968,-1.6085967531636161,0.749734338779172,0.6962512856304601,0.9682539682539683,True,5
0.80251609666599,0.59144738209773084,0.078472344183965426,-0.59541782219546868,0.78554603535254319,0.16850828868013673,0.038020147343101288,-0.18195444636403885,0.98257165023440773,-5.4378220590339623,12.871053306501974,-2.5407329364428399,0.8188567561942645,0.5408780601695298,0.1621621621621622,True,5
0.67462689034024825,-0.73772261330053046,-0.025375276449441653,0.72575522746644661,0.65662330988025031,0.20524419291915119,-0.13475128435371547,-0.1568794911610292,0.97838178469250114,10.19635567467216,-8.3576184318000841,-0.83334042214292392,,0.516995241616664,0.1538461538461539,False,2
-0.92518898252630888,0.37385152972139918,0.06527158904839539,-0.3698137029543126,-0.92674737454959455,0.066159873584009682,0.085224243728836913,0.037072058081559875,0.99567187907987276,-2.9726881876132261,5.1485999004449141,-1.6981110189957869,0.1631068216494544,0.1151473439104024,0.5337078651685393,True,5
0.92399189424771422,-0.38037312603948475,0.039436840028984399,0.36954623713542667,0.91466943398046474,0.1637540996766296,-0.098359330943070256,-0.136733724913815,0.98571260034942487,11.440067654074822,25.216933156497145,-4.757634330477658,0.5767149505909143,0.5761253082255455,0.896551724137931,True,5
0.66370472466474706,0.71675835712359492,0.21390066842153432,-0.7458709039181467,0.61264858642778097,0.26141596017911778,0.056326131999461015,-0.33304529277791717,0.94122696508995762,-2.9432046398575529,-1.959809090478303,-0.7831175535094862,,0.6143762925499288,0.3986820428336079,False,2
-0.12356888547870749,-0.99232866551621723,-0.0038144640979241862,0.98700455050926239,-0.12330201134251037,0.10304674314553117,-0.10272656820686513,0.0089684777802985297,0.99466920058416664,-1.0726381436943921,12.188069167699165,-2.6408402335728085,,0.0762199659379184,0.2857142857142857,False,5
-0.964430874949747,-0.26361435894714785,0.01950787534694131,0.2620469631933347,-0.96316457211362549,-0.060377115750338453,0.034705569074985843,-0.053117575077020876,0.99798499322039946,10.426835722158525,-7.5340534198422171,-0.97681193551219558,0.518845643917161,0.5548775486532979,0.2266666666666667,True,4
0.31294579314246807,0.93423297923503434,0.17109550275815011,-0.94312536937999736,0.28439904162080032,0.17213867304302727,0.1121582283485059,-0.21523458280397867,0.97010030727699592,13.721905291585902,2.1976580428673498,-2.3441902166710546,0.5018274869374659,0.2290459955037355,0.1666666666666667,True,5
-0.99769507503317301,-0.061063615331266793,0.029593447538725132,0.055567437696356421,-0.98552280118255653,-0.16017823890013866,0.038946079679651191,-0.15816460802582671,0.98664439371316748,-10.604178958978181,13.912806345575413,-2.4121988617631969,0.2589934301623974,0.2581958589932992,0.4565217391304348,True,7
-0.71904327659531397,-0.69482356078724672,-0.014035161488461734,0.69326751433778355,-0.71855117391152945,0.055356698187979739,-0.048548119911969063,0.030073740128147557,0.99836799338105719,11.226513398253818,8.928436046739046,-2.9261598009818983,0.9662054377180952,0.5024901665479846,0.4736842105263158,True,2
0.43787756471533079,-0.87550488859063913,-0.20433900355258466,0.89233249277756232,0.39553739137262911,0.21746929521087938,-0.10957171465461409,-0.27756325779906038,0.95443840936312874,-15.310370059552977,-5.6736795638052744,0.49064122741898392,,0.2359119713138446,0.1290322580645161,False,5
0.34351634152263677,-0.93880931027900449,-0.025171452885443445,0.93056371177671049,0.33663928989666664,0.14396237988523389,-0.1266795225411573,-0.072877070682958345,0.98926297370184457,-23.149195856174369,1.3486536990869178,-0.056051211119396656,0.2218362676388501,0.1539557683562533,0.3235294117647059,True,2
-0.88628020098512117,-0.46289208985567848,0.015437567516130055,0.46256212409544395,-0.88634254405258706,-0.020812879538841325,0.023317090171879027,-0.0113052090396355,0.99966419639521253,6.1051875256203427,-7.4852196340161736,-0.72731390074333979,,0.09686215175528477,0.4210526315789473,False,5
0.22909347680062456,0.96950241565468975,0.087070344705436661,-0.96875890760280747,0.21835759288311141,0.1175846102621793,0.094986092811616088,-0.11128803920464772,0.98923840124732731,-5.4018363800484392,1.0693820989211595,-1.0272012863891706,,0.06671795777263945,0.2629310344827586,False,5
-0.99534736702916715,0.062951809308497822,0.072943050751180391,-0.067321880908614795,-0.99598023667028457,-0.059085806359297929,0.068930278535843895,-0.063721565164304564,0.99558434039210386,1.0243339676505816,-8.5528271505185831,-0.19687569255138876,,0.2179867256680436,0.2142857142857143,False,2
0.80617406947333037,-0.59166697390358181,0.0036826214287615164,0.58179692317465481,0.79382770282482906,0.17705908169975074,-0.10768337798060587,-0.14059790261462846,0.98419333460812108,-15.735210447996941,1.8323455602282765,-0.5192559964320731,,0.1278862675107825,0.4583333333333333,False,4
0.51383283122630774,0.8524423392597188,0.096529165496117481,-0.85484334106774629,0.49928143740950776,0.14128307927855399,0.072240458097185017,-0.1551131989732526,0.98525185192325049,-19.781688384900335,-13.465219053220661,1.8600680333467408,,0.1160325592517517,0.2592592592592592,False,3
-0.84603460859982671,-0.5331091850038342,-0.0044763730725693729,0.53299275230955956,-0.84597930162854684,0.015419053199068722,-0.012006957850247378,0.010659178233940848,0.99987109913356265,-0.7500964436094788,22.139400604711177,-3.7982035923379391,,0.1455732186675249,0.1333333333333333,False,7
-0.089006832022315116,-0.99515462480537631,-0.041773874393246611,0.98955974783683864,-0.093123821621842753,0.10999754227998049,-0.11335470574459743,-0.031547211842167175,0.99305361592944308,19.219074992087716,-8.419546041321901,-1.4432038248624603,,0.2950357881528762,0.3888888888888889,False,4
0.99700073712918891,-0.058649766306894897,0.050494901485204427,0.048770633255535011,0.98273280061716617,0.17848716458892833,-0.060091226445363771,-0.17548916634165113,0.98264571285942348,13.999997586602193,4.0731069602662329,-2.5753451235924869,,0.1005340209209216,0.2352941176470588,False,1
-0.86093478623003383,-0.50162106436111698,-0.084661689377581728,0.50838068048746454,-0.85440574753394793,-0.10742393722098299,-0.018449324273488311,-0.13552537168432904,0.99060208765360269,1.6772381752019907,10.346891200546171,-2.5309697015621344,,0.5174685772358485,0.5205479452054794,False,4
0.99450558091962005,-0.090012070100735336,0.053446017212790721,0.082322902180314919,0.98784423811631805,0.13185864020609944,-0.064665209319539924,-0.12673432233050208,0.98982666272791864,-23.15712348984307,-0.56546649905316804,0.22374103002692494,0.2177926242091942,0.1319130092987215,0.48,True,4
-0.712965511312318,-0.70083360909530856,0.0226369618458186,0.6999180435047222,-0.70934146072694271,0.083363208133376249,-0.042366402439744433,0.075279110357464193,0.99626208574255293,-14.164863194247802,11.454062848028032,-1.8825056781272422,0.3062747885079529,0.2082800309803069,0.4848484848484849,True,5
-0.42623078697251437,0.90137145459229628,0.076529844393934912,-0.89569589229666169,-0.43236581791461792,0.10386851313998216,0.12671300154158679,-0.02427550916443065,0.99164233214154873,-7.8477426025722012,-6.6805334982278159,0.12714710639174073,,0.066834788667543,0.1846153846153846,False,1
0.99757396797153697,-0.04360203562153004,0.054268231177938699,0.027970138743056157,0.96490576383444648,0.26110254356815055,-0.06374833146222382,-0.25895121047935377,0.96378442653274909,-3.2149711812087167,-4.6665828171375523,-0.44209484959048223,0.3463948385246437,0.2138602336534378,0.2793103448275862,True,5
0.67699126197674409,-0.73598769862933622,0.0022223126305924851,0.7254190930828891,0.66777369299738965,0.16686951288784371,-0.12429791067404797,-0.11135709410235486,0.98597648399702975,0.19553563288141643,16.590890327922349,-3.2012707437940633,0.1249815462652586,0.1185665982867993,0.4642857142857143,True,5
-0.96778391979745726,0.24345618613473202,0.064213472217269696,-0.23830485821468167,-0.96801238103038578,0.07850366057173172,0.081271637935677168,0.06067219795435079,0.9948436084443818,4.1365948631171623,-3.1747850564085853,-1.0971155971547344,,0.07413477932376314,0.3090909090909091,False,5
0.9797761084406309,0.16155288284332933,0.11806541989059099,-0.1859000632539842,0.95320842531981365,0.23840063838313236,-0.074026642576147772,-0.25552761875055668,0.96396353263210766,0.24565024091813531,18.470017045426719,-3.4145215264385613,,0.3730417493603448,0.25,False,5
-0.98571651359537937,-0.15714100390073787,0.060577716352144061,0.15378248558762642,-0.98648052444117362,-0.05663145790777685,0.068657861544502111,-0.046506771456822409,0.99655567744948448,-29.585854764446793,0.12185547144814787,0.50208094561998029,,0.4313804658673461,0.1764705882352941,False,3
0.070218636416538249,0.99154041127087522,0.10916481079810181,-0.99161867283326433,0.057485410764450871,0.11570581332688935,0.10845160574282255,-0.11637456924098882,0.98726653384269891,-20.172435940884323,15.65599262495714,-1.9316888016263363,0.5600095895846399,0.4654070965825635,0.8085106382978723,True,5
-0.53309943308063579,-0.83437323933865126,-0.14009386826206799,0.84214207773689176,-0.53921227545209738,0.0068441878087934505,-0.081250940635141183,-0.11433030865565123,0.99011457173834561,-22.111950870031897,12.783710976170452,-1.4620852648207541,,0.455416639834375,0.6,False,4
-0.99845832749240526,-0.0051544674168040386,0.055266623985173541,0.0065016722800865321,-0.99968540290627161,0.024224439594920794,0.055124373181305267,0.024546418919563766,0.99817772806228944,3.0321005234412044,-6.6134384512696673,-0.58947540863813941,,0.09465679485965973,0.2325581395348837,False,5
0.87694708246906272,-0.48024607826465349,0.018097482156890513,0.46971961753032515,0.86447190775746952,0.17903016953945428,-0.10162330173815284,-0.14849924245456961,0.98367712158728937,-19.008920360428839,0.080673038139883052,-0.13702200324891453,,0.1300759272475008,0.4782608695652174,False,4
0.083437220397700823,0.97694727684247995,0.19649999624012479,-0.9900690320138934,0.05888139747552143,0.12765693431381842,0.11314389996539093,-0.20519990083183084,0.97215814485053265,15.917319183818407,9.7730506674713915,-3.3086643844009158,,0.2764922068206581,0.5833333333333334,False,5
-0.32259547658816157,0.93497509290672598,0.14749147137687407,-0.93756086128078453,-0.3370417022892328,0.085921605620524338,0.13004533778375013,-0.11056430962129916,0.98532418196179228,-7.0725565484091444,2.4243809266169607,-1.119251425722062,,0.09774661867856504,0.2019230769230769,False,5
-0.93541037591318821,0.33234380584860201,0.12064420146867839,-0.34135778694038382,-0.93779886966739123,-0.063309883475862,0.092099348147052076,-0.10040355952171412,0.99067493927436046,2.1050437180258004,-10.891695701137628,0.033615041012408899,,0.08780060935736764,0.3333333333333333,False,4
-0.33617276818943581,-0.93751113532701835,-0.089781629889962772,0.93750023107334546,-0.34221312036149404,0.063114950605023798,-0.089895420713609439,-0.062952771108951283,0.99395963798558129,-14.860656557142043,1.2508973662775973,-0.51032522934515978,,0.125420457853486,0.3157894736842105,False,1
0.89427316543922897,-0.44747174540951662,-0.0066740269300837318,0.43430375589200326,0.86416612863841746,0.25415969336657229,-0.10796181358888854,-0.23018674847664802,0.96713923900974452,2.2742355824332892,25.178987869101416,-4.295017302151809,0.3302444303496781,0.252681804678215,0.4166666666666667,True,5
-0.66438468766401937,0.73538591953787313,0.13341864990705482,-0.73626403588438172,-0.67466918622829752,0.052314038434148405,0.12848445921910659,-0.063474707557298338,0.98967808162032678,17.841006253945601,-0.10093737783602191,-2.3459534288048856,0.2158999906690095,0.2395119207638348,0.1666666666666667,True,5
0.7216008745966741,0.6663112309970507,0.18794020652460439,-0.68783807320641588,0.65921422009160557,0.30383448961021908,0.078555476123573345,-0.34851966296926773,0.93400379104947306,14.163241502235252,7.2442516231157317,-2.9565718208619138,,0.2942096645656083,0.1621621621621622,False,3
-0.033910220996834488,-0.99788654969986135,-0.05543041439546989,0.99244479556362941,-0.040165036629789229,0.11593143487076751,-0.11791278416954272,-0.051080365705771527,0.99170931808103557,-11.256749612343366,8.4398147430974433,-1.6625887493975333,,0.114490775871763,0.1666666666666667,False,5
-0.69036076666422619,0.69330825659935069,0.20670189448079679,-0.70435568865609599,-0.7093422689756409,0.026769559247132396,0.16518194728413435,-0.12711100178842757,0.97803768716535822,8.4374770040355145,-14.510773350012132,0.042177148545063964,,0.2576976285592061,0.1875,False,4
0.54032011559048354,0.79119609609973163,0.28646624618763089,-0.83877342775271235,0.47924271398173979,0.25842901925167633,0.06718116986368726,-0.37991467280425223,0.92257874016464636,-24.034530964882926,3.204235026357281,-0.24742274435638298,,0.2542609323726769,0.2,False,2
0.11936411289175992,-0.98962628030039035,-0.079950196324817299,0.98456593541021487,0.10760276227396931,0.13802740445585693,-0.12799268488227067,-0.095191758518399672,0.98719623263402034,-10.922491415422833,-8.3177492137290017,0.5545671437043932,,0.1771434104881714,0.1866666666666667,False,3
0.94146314018289046,-0.33657065104773465,-0.019166442817489755,0.32427552027195616,0.88859708892939204,0.3244080771167126,-0.092154992427562615,-0.31163345519939767,0.94572302867761526,14.166653700412246,-3.7000163005303919,-1.6756615107288881,,0.1611190529759702,0.1538461538461539,False,2
-0.89193014433715401,0.4404855631496698,0.10214248028817939,-0.44099345819391228,-0.8973137793508198,0.018781672378182152,0.099926910554049064,-0.028292225855622636,0.99459246050996009,-5.4205024490486817,10.610611637101243,-2.2446408360858157,,0.0774251156092173,0.25,False,5
-0.81106355900381677,-0.58483599142874765,0.011948488842347442,0.58389522947859973,-0.80819028091036116,0.0767778017018238,-0.035245769224054847,0.069248342735295468,0.99697663101008493,20.439576278432703,3.6888433808713281,-2.8960552084993036,,0.1042076608548303,0.4,False,4
-0.5837191735919629,0.7879037699366982,0.19616211586505158,-0.80234822265350758,-0.59678089308113014,0.0094813109877235624,0.1245361633657992,-0.15185590200195326,0.98052563915549906,-22.534095225965878,-14.432554888694213,2.114664035610724,,0.4578346617280868,0.2692307692307692,False,1
-0.79170635720938387,-0.60946397300181587,0.041889253599103816,0.61043934841326108,-0.78657737811495421,0.093058208378403534,-0.023766486131557213,0.099245623836252378,0.99477910125128377,16.352294769789594,11.765069572509841,-3.5413682368398036,0.175300452787744,0.1981780557497404,0.7407407407407407,True,5
-0.024430642892260393,0.94810223965431761,0.31702568799757819,-0.99294910756273158,-0.059809031618907361,0.10234720087615116,0.11599660977048225,-0.31228996605602849,0.94287844583619518,8.7043843439994308,-8.5904433322578608,-0.74968588111715628,,0.07625068510566704,0.2727272727272727,False,2
-0.61202273075415958,0.78796138428939044,0.067416866650484839,-0.78114088479452415,-0.61562622060522854,0.10403496818738607,0.12347912836852006,0.011009694458531991,0.99228609356640707,-6.8657995938456837,-5.5783984071967501,-0.078692164269461573,,0.07130404785398778,0.2384615384615385,False,2
0.33786110061151686,0.90872389414908694,0.24509337179143439,-0.93536107597646778,0.29523092445517574,0.19477771636788233,0.10464002217946704,-0.29505861358018715,0.94973200446779682,-9.877581752505197,22.258711332080143,-3.3816411033538749,,0.4764834824777456,0.6923076923076923,False,5
-0.92068835400315108,0.38344259834106331,0.072833567676053187,-0.3782656680244515,-0.92260879426708697,0.075551949908968963,0.096166726038602629,0.042009362271830816,0.99447834279310998,-15.891636095809959,18.935143999481831,-2.5984718906440523,,0.1331999606634745,0.4444444444444444,False,4
0.23037974436639047,-0.96185372080400322,-0.14752150067420894,0.96236966607604957,0.20275376697628633,0.18092964321414565,-0.14411731055757615,-0.18365274229485345,0.97236920510947422,-28.477066916100924,-18.556456876442589,2.9952771340739579,,0.4187261139292947,0.1111111111111111,False,3
-0.33279334900577451,-0.94289774956430417,-0.013871579725830717,0.93736123520474857,-0.33237388848610205,0.10431449078653696,-0.10296844950249143,0.021712487632637813,0.99444761867473652,-2.7716074261668213,7.6816321493257673,-2.0143786502347654,,0.0737422033392132,0.75,False,3
0.98975514272340659,-0.13737376307805796,0.038899957202351995,0.12301245388490747,0.95879736563966955,0.2560772302092581,-0.072475469241562826,-0.24866857634249945,0.96587330716715214,3.7830500834502589,-0.95576588522125383,-1.3325029893041644,,0.09293554111652823,0.3666666666666666,False,5
