axis_00,axis_01,axis_02,axis_10,axis_11,axis_12,axis_20,axis_21,axis_22,location_x,location_y,location_z,dbh,dbh_approximation,score,reconstructed,number_clusters
-0.81300776816792542,-0.58216446503250274,-0.010144188091183129,0.58208478315436951,-0.81223118343285894,-0.03818127655525394,0.013988356541780274,-0.036946451963322809,0.99921933806776486,3.9022746206365313,-12.731198388986403,0.039845273955599732,0.08769077577279058,0.1207824058329207,0.125,True,5
-0.99577846429817451,0.078373785717454694,0.047778653730345982,-0.080168127824240626,-0.99609920550760511,-0.036870639651011852,0.044702587409746732,-0.040545314148900412,0.9981772168204609,-4.5037513354243375,15.367812983859091,-2.4104692565804871,0.6297195927269176,0.7532619695356271,0.6808510638297872,True,5
-0.062165815042694306,-0.97129764976397415,-0.22960027657444032,0.99585427933184401,-0.075670298286827489,0.05048029609301239,-0.06640531436965838,-0.22551026921221234,0.97197502678993974,11.172107217891922,-6.4218744142724873,-1.3418923890225529,,0.5090903600176583,0.1891891891891892,False,4
-0.97249647741111889,0.2000760445851561,0.11924838701687021,-0.21578906643331697,-0.96664455775422642,-0.13796150829842219,0.087668011445476701,-0.15989957894658952,0.98323265020131467,6.9534983183670018,-5.1321145530893313,-1.1995257608504486,0.6228049841517888,0.4277057090356715,0.2040816326530612,True,4
0.42317190165068652,-0.90128331125617522,-0.092811284359426482,0.90323895145322675,0.41157821296232022,0.12150214480583767,-0.071308752835942166,-0.13524706083995897,0.98824252807857593,-14.738965618325931,19.030693778893372,-1.9584302267754179,0.7085871152910579,0.7205100223310104,0.9204545454545454,True,3
-0.73352925229438881,-0.66524687630957857,-0.13921720291969708,0.67874423268434958,-0.72762818344860691,-0.099315120948496011,-0.035229286483960308,-0.1673434199830682,0.98526903795978571,17.411052078223747,2.0336567933359659,-2.8579948663820884,,0.3742508077863488,0.2222222222222222,False,2
-0.98420872903282353,-0.17554521753998678,0.02273882790367808,0.17485630890263507,-0.98415485527515656,-0.029402246092473716,0.027539951571138518,-0.024961919741374461,0.99930898806639612,2.2048837268990211,8.9570184552017142,-2.3328033066903413,,0.452317797112183,0.1940298507462687,False,4
0.58399027101633316,0.80043789183113445,0.13510938042637904,-0.81137251457580584,0.57042282070616279,0.12764187482389916,0.025099919306738216,-0.18416565081077194,0.9825746827148768,-3.8915148470923047,-8.7153318074390409,0.17263652007260125,0.1232650380528146,0.100343784544393,0.3918918918918919,True,5
-0.51215075959299827,0.85415770858668993,0.09009000116688945,-0.85448605627579732,-0.51732573392928949,0.047198142386717476,0.086920533123938548,-0.052808085332241496,0.99481461943670335,-10.803774141851415,-12.089665348225985,1.1194626328801005,,0.1391345604213576,0.5142857142857142,False,4
0.39970449351204035,0.88209612294290174,0.24928447154884403,-0.91457361712726493,0.36550286005081767,0.17309753940892841,0.061574481086212648,-0.2971768651557109,0.95283497736763922,-0.21281525343287291,16.286975538967909,-2.7421751239901599,0.4268748414183779,0.413648052246565,0.3243243243243243,True,5
0.66546452403182521,0.72913667424983941,0.1597394050288774,-0.74628989421533976,0.65406440094273299,0.12349555948081956,-0.01443471673269333,-0.20139381739096979,0.9794039867539539,11.282778789919428,2.366984365678372,-2.3502620905980169,0.6997826354624013,0.5775551119160139,0.1724137931034483,True,5
-0.99715341947917002,0.030135483317643704,0.069115198518203441,-0.02892764729985052,-0.99941194566096092,0.018410705903584394,0.069629370546444788,0.016358958260990823,0.99743878771678052,-6.3403158912974114,-11.049594696613504,0.69965321178691742,,0.0751463876452995,0.2571428571428571,False,5
0.41259987497687739,-0.908713933918746,-0.063248157846538006,0.90363419121304467,0.39955566124479402,0.15427417813095268,-0.1149199357805709,-0.12080670457036299,0.98600159659659603,-4.8776149469592323,8.4989200887225707,-1.7884230282917826,0.6521649542895085,0.2442272267810412,0.6216216216216216,True,5
0.94491130392885181,-0.32397664193697795,0.046709347958608434,0.31621248082030079,0.94035530617361218,0.12546539413162897,-0.0845712402708515,-0.1037835903713745,0.9909978161876436,5.45192972644384,-10.402047605621972,-0.46024553684556635,0.2422946401608621,0.1803882792701061,0.5344827586206896,True,5
0.36228140723837671,0.92761468000621339,0.091012017922654898,-0.93079300830732437,0.35494954085960601,0.087379626514183767,0.048749950313664386,-0.11636936401187023,0.99200887771425206,-18.875819649883731,1.8124396937390703,0.12206865964794847,,0.09493512991881177,0.7083333333333334,False,2
-0.79538755191267663,-0.60609194480472373,0.0033461478133273298,0.60552553658994468,-0.79486057849767333,-0.039185268760155059,0.026409596737178229,-0.0291412970400056,0.99922635974388085,1.0228323613637345,30.980699158656495,-3.9039547544035544,,0.1831601927674594,0.625,False,2
-0.99635746471934317,-0.033146475070500211,0.078569164997755181,0.025056794292387375,-0.99448933828589114,-0.10179937669495143,0.081510487410104165,-0.099459877468717747,0.99169742019230633,11.551113399624985,18.176198365373814,-3.765610568253865,,0.1892336487237013,0.2,False,4
0.077083815905088671,0.96249322089170952,0.26012474903978866,-0.99454479583370037,0.055839145027912714,0.08810583954911716,0.07027612970001576,-0.26549724974103661,0.96154691823869498,-10.255035740284985,-13.425427468298945,1.2100711639933204,,0.1672810271899337,0.3333333333333333,False,3
-0.9926927675639885,0.095262015621192339,0.074069005703712235,-0.095683532307506536,-0.99540947177852179,-0.0021552583981899326,0.073523675583496428,-0.0092266935243507011,0.99725078954859725,-1.0798026451817102,-3.2613167504230076,-0.7953853294870693,,0.1038973135944059,0.3445378151260504,False,5
0.98088107928415302,0.16100818988830223,0.10930997708923587,-0.18784933199299098,0.93008831824024552,0.31567126689456626,-0.050842273475365872,-0.33016977914691975,0.94255131434099204,-21.33069860889492,12.027553355886026,-0.78988134954457612,,0.08251347598542456,0.1666666666666667,False,1
0.67123441015090912,-0.74052363702907054,-0.032697241941766708,0.73652659242419471,0.66134301787347194,0.14196475394270441,-0.083504163257681563,-0.11937401606398895,0.98933154150031455,-0.67966785932090279,14.724996455103883,-2.6163043675852107,,0.3682907665599298,0.1904761904761905,False,4
-0.94207689823374452,-0.33327605521966952,0.037658847984275566,0.33337110930402192,-0.94278757087050269,-0.0039114822641826419,0.036807897191945174,0.0088694548486920009,0.99928299869205905,-19.106494266233877,4.2094139120662204,-0.18413078938143917,,0.7288687898960142,0.9545454545454546,False,1
-0.97007053584353209,0.2175352450805971,0.10789611965204393,-0.22826016041159267,-0.96849121901883384,-0.099609526915293192,0.082827861599329297,-0.12125665272940298,0.98915942573062721,2.4409756697194362,10.845288540120894,-2.5223394120849663,,0.1836380805014415,0.2244897959183673,False,1
-0.82226157783066178,0.56316584376244516,0.082037369794281167,-0.56208720251447131,-0.82620879321608542,0.037907872294232418,0.089128415182175194,-0.01494196880445391,0.99590805959955975,18.169217475572868,4.9635040836246116,-3.2348485517726684,0.2485621333466534,0.12403767729683,0.4230769230769231,True,5
0.98268319148987249,-0.17777895959189191,0.05223396107613263,0.1581572638473234,0.9516240490633705,0.2634349049320604,-0.096540276856898491,-0.25061187276475949,0.9632619914507855,-4.0999902662755714,26.004043896689257,-3.209255949716399,,0.1407947985034655,0.4,False,2
-0.2878336582914226,0.94182155682704272,0.17356249667039952,-0.95303756518317129,-0.29951892763666726,0.044808607846192415,0.094186965681614068,-0.15251415371455457,0.98380295202465395,-0.94827495082771618,-13.705455835372211,0.44364604029590599,,0.0941173165447515,0.3157894736842105,False,5
-0.97979704577804649,-0.19088357373339412,0.059675877566929922,0.19362062863764593,-0.98008910481070788,0.044004531554270088,0.050087935179822712,0.054669990946732777,0.99724740703564052,3.9948701390717409,-4.401646274828507,-1.0593722451575511,,0.09057140009384584,0.4946236559139785,False,5
0.55122672125126237,-0.83362966157536611,0.034794958260129821,0.82857172835475845,0.55183120201440461,0.094610863300924955,-0.09807136559563176,-0.023321917268492781,0.9949060736698363,11.28757270633464,7.2712332170189926,-2.8993215832899613,0.5938954017196606,0.5873148867639133,0.9595375722543352,True,5
0.74522464575079672,-0.66640822890376972,0.023244350172469765,0.65807780071882005,0.74063876786047178,0.13560170995678153,-0.10758176224007682,-0.085757145425107761,0.99049072506604308,3.1492737247722915,16.280345407826292,-2.9843131183638065,0.3434046690979778,0.3306230091198081,0.7589285714285714,True,5
-0.6262443772312416,-0.77954017443048906,0.011623099205336079,0.77919545653090783,-0.62533244615245487,0.042588405823388673,-0.025931072246335382,0.03572741577374533,0.99902509040278109,5.7557671957870946,-16.62800106627148,0.29416524836546964,,0.1424466815527569,0.3076923076923077,False,5
-0.085151895981447456,-0.98847056810119094,-0.12520020211035227,0.99551757302801547,-0.089595390523162399,0.030289070461333639,-0.041157215687827389,-0.12205982957021665,0.99166903833996678,-22.128985058903226,-1.0178157468082032,0.71526291167111367,0.6387766427205943,0.5078632241810281,0.9323308270676691,True,5
0.46919649118957751,-0.87654087163444772,-0.10738134386248406,0.87572975568478562,0.44616074758053653,0.18449385444139893,-0.11380706332937415,-0.18060090717574195,0.97694998063546945,-24.84496108982588,10.83669079567828,-0.30470747896709549,,0.2665518614983233,0.1666666666666667,False,2
-0.63967669650611059,0.75657956434309892,0.13565060547390756,-0.76169286229872857,-0.64762306064516439,0.020207791659698465,0.10313926250561242,-0.090397644543416478,0.99055063393589426,-7.9385554614421538,3.3790875751093119,-1.1132193806061521,,0.1073276456310512,0.3307692307692308,False,5
-0.8938505902376912,0.4193718759962024,0.15861384540814227,-0.43642960955553323,-0.89487571543611732,-0.093416539359491679,0.10276340902742184,-0.15272420746602128,0.98291149053154303,8.8166729339751448,8.1220866810483532,-2.7730820742938174,0.5887664429812298,0.645408015318481,0.7547169811320755,True,5
-0.29619399340605074,0.94969875675994542,0.10169262352200879,-0.95073445597658413,-0.30335595226942175,0.063868305454426844,0.091504712933728444,-0.077765272656404524,0.99276354177598081,-8.559706014699632,6.0922771937350246,-1.3201674719212924,,0.1017092071781489,0.5532994923857868,False,5
-0.36133190871820547,0.92852399518713857,0.085337225779680961,-0.92736427888646167,-0.36739162897984179,0.070844090797545528,0.097132620614554965,-0.053540464298062022,0.99383030377187431,-4.8213742571425913,7.319919192347828,-1.6918261104448595,,0.1134806250762493,0.4911242603550296,False,5
-0.41870565150441441,0.85943233426877774,0.29336264283576319,-0.90161091570242591,-0.43202983314483145,-0.021165537061032316,0.10855106671284621,-0.27336109102461659,0.95576690664059616,-11.750309691696602,3.8522170157797713,-0.84082229170242773,0.5752852218962925,0.3934249439492032,0.7131147540983607,True,5
0.55103662327682879,-0.83257295137100185,0.056399649405396921,0.82822859394476644,0.55391540126173788,0.084941888472798169,-0.10196095321223571,-9.4289072798015017e-05,0.99478839716274592,-14.84718300692685,11.817034891734936,-1.2871484357744019,,0.0811337272006959,0.34375,False,1
0.96866579944318998,-0.2452375488797045,0.039307933150477023,0.23435714333097571,0.95490724163710339,0.18228792949278189,-0.082239275038343801,-0.16736398802757843,0.98245915800743278,-6.9094734424443258,-16.518719514970449,1.356731477406206,,0.2183552565202819,0.375,False,4
0.98704215881951862,-0.15935051477282286,0.018846489183387279,0.15255998866989129,0.96834636514876715,0.1975620585036818,-0.0497315450186889,-0.19212686055001738,0.98010919946975683,4.5718230023904791,-11.433571129694414,-0.24258627333725774,,0.1315204135192859,0.3333333333333333,False,3
0.20390731485733984,-0.97820953179161541,-0.039088602682877879,0.9711279895595365,0.19705839839828715,0.13445599843352629,-0.12382340183391889,-0.06537659774515768,0.99014830486424876,14.808625537440413,-0.62090964616993949,-2.1139662159138624,,0.7461515180282845,0.6790123456790124,False,3
-0.58628884985256224,0.78238600358690402,0.21008932845309558,-0.80411973727274544,-0.59350745765342094,-0.033769007065405157,0.098269184727311026,-0.18873536791255013,0.9770988323767168,1.8599108917731844,-16.497933447353951,0.61678576177110467,,0.3884102389172121,0.1481481481481481,False,5
0.41819992109660187,0.88799564456310054,0.19123953888189346,-0.90692353566792649,0.39636745094070408,0.1427674482729025,0.050975743706033368,-0.23314497436516177,0.97110498633354991,-8.5881443582161019,-9.5559480409995725,0.67076083897666838,,0.280891831114468,0.3859649122807017,False,5
-0.98548229079029659,0.14462833430314614,0.088922997337063492,-0.14795670887076723,-0.98847541201198086,-0.032018309572444684,0.083267441649428897,-0.044710231093601525,0.9955237457724031,-9.3687917649375976,2.9248299485829348,-0.94385156431768491,0.2203349847711594,0.2098373031886819,0.4296028880866426,True,5
0.98656806752896675,-0.15953763533418955,0.035088332022688157,0.14391251294204904,0.95050676181405613,0.27536536522311705,-0.077282836068973376,-0.26661702619624883,0.96069908118588498,4.1602543026830521,1.1860166443965885,-1.7211401892783562,,0.07557414714361631,0.2173913043478261,False,2
0.99727981917689112,0.029434396709310338,0.06757646448926069,-0.044771062585718079,0.97020076106056907,0.23813029037155431,-0.058553515841963583,-0.24050800304325423,0.96887944877301058,-6.8044340313530052,-6.4500458414552426,0.2040998724841204,,0.2254880849688933,0.4516129032258064,False,4
-0.8815859557973722,-0.4719889885486207,0.0057093983642644286,0.47083193691803188,-0.88015505007618278,-0.060368659115511064,0.033518498159170601,-0.05053199495607031,0.99815982075362619,-3.234086390546604,-19.50104065323044,1.3911412836614807,,0.2831211071874826,0.2631578947368421,False,3
0.29234743465511165,0.94494613388439108,0.14700265816480268,-0.95470521469945446,0.27947978622121167,0.1021224858658204,0.055415976723721443,-0.17019945108809392,0.98385020016924707,-0.65164721060570396,-12.519982748663873,0.30268039962206605,,0.07141336339527017,0.2941176470588235,False,5
0.73844965707504329,0.64354024171795454,0.20136549171928125,-0.67429894254899958,0.70314524072946871,0.22562736207472553,0.0036110999781914788,-0.30239498628299832,0.95317586636876872,-8.4055992182856603,-5.0294291226693879,0.10242267839809228,,0.7435886554055269,0.7837837837837838,False,1
-0.79290219808440221,0.59911057801739276,0.1112322776022696,-0.60112597833609194,-0.79894717629646073,0.018192516521580937,0.099768043192192707,-0.05243972535756776,0.99362790458099681,1.0523128526182404,-2.1302232093761111,-1.1811060940565099,,0.2267419699039679,0.7369614512471655,False,5
0.99764214401635853,0.021012383220517773,0.065334770481245849,-0.028770101778875585,0.99233706486892559,0.12016418322844347,-0.062309178505867854,-0.12176054138644382,0.99060180538660625,2.9420769897396286,-1.8945066672007489,-1.379850992466199,0.1506558368441345,0.0979919502121395,0.3966942148760331,True,5
0.92344740214920029,-0.38366132682782234,0.0069915492280477054,0.37276199026417001,0.90123970347772542,0.22094228995300141,-0.091068073868881591,-0.20142239987671753,0.97526182266595218,-19.305048029029681,5.4842837269726212,-0.25401549128655793,,0.3198238194720429,0.1764705882352941,False,1
0.74807794606175282,-0.66337458994870502,-0.017707061484547884,0.65721328964283565,0.73690611661710914,0.15824053592280063,-0.091924308715772646,-0.13001357122500726,0.98724181068492445,-5.1562848049878109,-12.555876609946758,0.78132227321328618,0.719909908802735,0.3350577101442376,0.303030303030303,True,5
0.29015928529410651,0.95075751473129488,0.10893914512050379,-0.95541703770474129,0.28130274830581703,0.089705339077965296,0.054643144319410412,-0.13011115239504645,0.9899925326997786,-8.6661182791100053,20.320200008229165,-2.5013559968672374,,0.1136723812515304,0.1666666666666667,False,4
0.21811911363737135,0.95123830468484083,0.2181048829493682,-0.97395271120858473,0.19798231384036583,0.11054012726545215,0.0619690938734372,-0.23653475665687071,0.96964485266399503,-21.701463562640534,11.118219844899622,-0.63562844551486708,,0.07952029853836068,0.2307692307692308,False,1
-0.96344145879235787,-0.26733972955193741,0.017607512122748852,0.2663712498766736,-0.96285892158565367,-0.04414809579192322,0.02875609012356202,-0.037843970801319841,0.99886982192615903,4.4972523909897895,9.6014254182408703,-2.5664104973013653,,0.3212138747856705,0.3157894736842105,False,5
-0.59138812703107801,0.80011162602332997,0.10040651925535551,-0.79877544028733538,-0.59831469882590671,0.063065974682370754,0.11053451587828347,-0.042905792979118798,0.99294572546961801,-2.4250645260364063,-6.6541730184504502,-0.28928898500933131,0.1974328749759222,0.1389255616716867,0.3243243243243243,True,5
-0.99584793094996182,-0.068457315683303488,0.060004119459552391,0.069259844966256784,-0.99753356154743367,0.011395940581716384,0.059075987490094239,0.015504499860636329,0.99813307639119009,5.8588004006734042,2.1238705174644039,-1.9169669843852446,0.1870432550387267,0.1404744598409189,0.6280487804878049,True,5
0.099640402881644191,-0.99396817384247171,-0.045815494124231859,0.99144996512114647,0.095278398851696214,0.089157127441031728,-0.084254120224846657,-0.054307422149472234,0.9949632893351481,5.2557116713635814,0.070793491633584907,-1.6666242973749983,0.1690428122897744,0.1107154528359805,0.2244897959183673,True,5
-0.57663563799258977,-0.81695833996038913,-0.0083911719112793048,0.81596177949922311,-0.57638945565598432,0.044514826800293707,-0.041203342016650248,0.01882195998730566,0.99897348234519978,16.219901758488358,8.645593940727009,-3.452360696018042,0.3699138287470508,0.1236137689314472,0.1111111111111111,True,5
0.60381707077841573,-0.79692397685430949,0.017807867679405183,0.79167612146194155,0.60214863258891482,0.10327605229809469,-0.093026145483689399,-0.04826177976425497,0.99449330659911206,3.3276204025076495,6.3907073380372044,-2.1995404950842961,,0.08456836758482777,0.2545454545454545,False,5
0.84706007428837204,0.49588205453448109,0.1912856987263799,-0.52814401645609244,0.82567675945438379,0.19829721828239119,-0.059608123844020304,-0.26899605366542007,0.96129495717195246,-8.0699829096453275,-7.2530290787758425,0.42164398296282707,0.5064978349156525,0.5917580459597761,0.4730538922155689,True,6
-0.57175800646961827,0.80513360582518156,0.15764726070829249,-0.81292440457386772,-0.58189438332105181,0.023512530864089096,0.11066478430878489,-0.11471182777008304,0.9872155297013594,-9.124622342425976,-8.724327379603519,0.61571351082698844,,0.1218216777551782,0.2222222222222222,False,4
-0.99268377233096017,-0.11592904841755355,0.033754760905311244,0.10585852200714177,-0.97007522885450392,-0.21851321168603244,0.058076686107574077,-0.21334129018050357,0.97525001534728506,-20.302409445180917,-17.593264165579125,2.4610399205396485,,0.3464807437551133,0.3846153846153846,False,1
-0.24662281205646874,0.93223721568725981,0.26478474703242655,-0.9647035063222088,-0.26218990519784019,0.024568241735714591,0.092327316992300054,-0.24937968501867572,0.96399452241026262,0.040010812690706062,-11.953403377169094,0.20746575990261443,,0.1372970763718931,0.1764705882352941,False,1
-0.44467042101834087,-0.88052209495647749,-0.16416167934334569,0.89487831641994553,-0.44456123933609598,-0.039472816992942708,-0.038223232107913042,-0.16445712138247584,0.98564336336923308,-9.9344618810553769,12.354481680403364,-1.7477587981077443,,0.3720200210989582,0.4814814814814815,False,2
-0.047223308269519537,0.99002877339029505,0.13271392924403203,-0.99502671628529382,-0.058289300566571736,0.080772466335783985,0.087702867881201241,-0.1282395621435439,0.98785769302397219,-5.4879866128736827,-3.5408180159041041,-0.45722203330324496,,0.08884901991383766,0.1304347826086956,False,4
0.98582961332383745,-0.15950923176132564,0.051930515852296397,0.13552234077445172,0.93975532818777752,0.31383692946129982,-0.098861866484440675,-0.30235199375164545,0.94805569626980135,9.7403920515056654,-11.030851595639731,-0.64825574244977224,,0.2129362208247513,0.16,False,4
-0.92413370712421772,-0.38199520542917531,-0.0075202650201216525,0.38024478514032695,-0.91762141770178873,-0.11569285694694262,0.03729336040687832,-0.10977521033494429,0.99325656729038614,12.701648678726986,3.4582558104160324,-2.6519581905165239,,0.1324122598061767,0.1724137931034483,False,4
-0.014771566821762838,-0.99749558652751991,-0.069169036943932435,0.99799773208022025,-0.018963147288754437,0.060340084584323758,-0.061500630698949219,-0.068139224408749255,0.99577844851181985,8.2983161661960168,23.180266333470133,-3.8907173877690395,0.3848538556055406,0.3833725780827695,0.3157894736842105,True,5
-0.0055148571672011372,0.98625319464001548,0.16514909146825732,-0.99685678986250481,-0.018474647275935549,0.07704043037946734,0.079032441791008545,-0.16420512620011357,0.98325507864142592,-12.646096821374629,2.5186109552711753,-0.55581478691366537,,0.2740003352447323,0.4838709677419355,False,4
0.62386019246169389,-0.78150915343054694,0.0064732809246377809,0.77473913389508287,0.6195034088517879,0.12647055322292486,-0.10284811458240922,-0.073884839617377296,0.99194924053681233,9.39021701722376,0.73034153657657108,-1.9647184611698256,,0.0745030120427223,0.225,False,5
-0.84662740582984786,-0.53094157267109221,0.036374195625064103,0.53206881390112404,-0.84589624731200619,0.036909565932391614,0.011171972595483137,0.05060222517848173,0.99865639828487196,-12.142076760805072,10.591918331917581,-1.4149112297477342,0.2785943055197103,0.2865390849478547,0.8642857142857143,True,5
0.15414442336388939,0.98349308801523339,0.094767307506729223,-0.98593474583378271,0.14683531925593635,0.079825221432091628,0.064592365674971494,-0.10573899396754351,0.99229385337773968,1.6489381759776118,7.1283182131744569,-2.1274064615669572,,0.0930041141251109,0.4266666666666667,False,5
-0.60693258560573349,-0.79473917999762145,0.0047404964558284829,0.79451279364456751,-0.6065913736415447,0.028219251562887585,-0.019551400590352014,0.020893568397304489,0.99959051692909895,3.0410197822634855,-4.1207552150483258,-1.0484550380791851,,0.1081816669308198,0.2976190476190476,True,5
-0.95837647809847792,-0.2806223221453204,0.052589338666000199,0.2824694034410134,-0.95875419942806261,0.031645239748412192,0.041539888628127422,0.045182932539007716,0.99811469293861166,-9.8284979946470479,7.5444451474015235,-1.3485924737076684,0.5811746561773139,0.2164331606288167,0.3240740740740741,True,5
-0.80489191255217363,0.5807178609282152,0.12213015641954914,-0.58496600793372122,-0.81105674131099226,0.0013160304257138072,0.099818729055178163,-0.070382727802734885,0.99251322054512525,-7.0139920480695972,26.550601626439974,-3.0579904016703496,,0.612252936054908,0.5652173913043478,False,1
-0.8610358000520616,0.49643081418810009,0.11033493441901697,-0.49839726805629209,-0.86687964463656741,0.010947369949247818,0.10108172051727973,-0.045564552442891634,0.99383416993880225,19.500951251717595,3.5637364692280982,-3.1132708736162549,,0.1624464549436127,0.2592592592592592,False,4
0.44806687128425127,-0.87534362200590687,-0.18168550374513459,0.88563628876970701,0.4068780812261425,0.22382714543136539,-0.12200181503470871,-0.26119680402201251,0.95754466564068097,4.5535932209203622,-10.093473084788778,-0.44400689068582394,,0.2685923486716157,0.5,False,2
-0.64862725437138313,0.73757232359174552,0.18780242905275324,-0.75421482272241525,-0.65600955056663945,-0.028486325687106615,0.1021894616505894,-0.16012038295241812,0.98179365290815235,-0.54181188116682955,-5.0050955677069888,-0.65495968297266149,,0.08088230037025582,0.1764705882352941,False,5
0.0098058432570900696,0.99178519519897002,0.12753811987856534,-0.99692997083061041,-0.00021199152549268054,0.078298073534875376,0.077681907145081164,-0.12791435276674404,0.98873830696426901,-17.26776340166095,3.532187071085481,-0.28632049020436057,,0.08407568133047734,0.2666666666666667,False,2
-0.37100262145354634,-0.92623189061425371,-0.066719859740133794,0.92831232011529441,-0.3718010239230034,-0.00048469780969416509,-0.024357569598731265,-0.062116691951139905,0.99777162987543977,-3.5805555793776218,-17.556802491909981,1.2340667874539999,0.7884651922402204,0.5674429328169913,0.3939393939393939,True,3
0.87746551224348601,-0.47832298235342685,0.035516184702222717,0.47119466688938971,0.87348346834020352,0.1224835353480951,-0.089609490112800907,-0.090740041265663401,0.99183485731891452,4.6260507467843475,6.1018683888297822,-2.2662773210499454,,0.0700806795552251,0.2,False,5
0.63982270039820532,0.72212709265500463,0.26298169918984649,-0.76832034742602506,0.59318949383965558,0.24043724364042657,0.017628266684526744,-0.35589139699054806,0.93436104251077123,-4.0878840858249772,-7.4603049725113024,-0.023607033336582418,,0.09118135325607558,0.3333333333333333,False,4
0.81576605524704915,0.5538027335166984,0.16681809091373384,-0.57829433187095081,0.7860020758123506,0.21857813830437875,-0.010070195261292332,-0.27477858207675199,0.96145479456877769,-15.548600502627968,21.644339835330253,-2.1327750579674909,0.4782407338687831,0.3949220407278837,0.3478260869565217,True,4
0.37386094528989156,-0.91410921101208298,-0.1569469462264769,0.92171760063892172,0.34733682466002236,0.17260879151283973,-0.10326983228115919,-0.20919244866381009,0.97240622229737961,-1.9166211105952884,-10.677773001336194,0.2210468116299085,0.4419181339963724,0.2549579666787903,0.7222222222222222,True,5
0.77723178542744908,0.61704569246161978,0.1231477370308546,-0.62921198725166383,0.76165643152311224,0.15482814801673361,0.0017397758684682199,-0.19782339026020049,0.98023613453386249,1.9224767668218952,23.380217463260166,-3.4322538346305791,,0.1244597136393121,0.1818181818181818,False,4
-0.98905672779372067,0.12732735752836072,0.074528740971684632,-0.12609915134653168,-0.99179579250570504,0.020978798766050931,0.076588466727464832,0.011351211073138355,0.99699817290279436,2.5834368623039357,21.784849900601159,-3.3478170720782079,0.225263188716316,0.2167704042279722,0.6444444444444445,True,4
0.76256318490283392,0.59812735721894705,0.24645700147718685,-0.64691360740090598,0.704809697354287,0.29111179137043969,0.0004166418056934032,-0.38142752268502889,0.92439865390856601,20.833219113052785,5.9247339210393939,-3.5856987677857877,,0.4505297500275756,0.3448275862068966,False,2
-0.9364046903408676,-0.34703200663997635,0.052106067545492095,0.34976124730591746,-0.935028507999215,0.058213049325479091,0.028518867274714879,0.072735655604340588,0.99694342799036173,-13.200082906815329,-7.0730543700699364,0.73917637030741368,,0.09225024100402722,0.4444444444444444,False,4
0.5170322698926888,0.83062548020462823,0.2067339921842653,-0.85555822757579791,0.50894014786387942,0.094868567606193152,-0.026414979026530644,-0.22592307878373707,0.9737869435127503,-12.623600282485706,-4.8038903436695852,0.47716541442704802,,0.3202125459817133,0.2372881355932203,False,4
-0.51956097552979696,-0.85352424616236655,-0.039404998661203908,0.85274189280934165,-0.52088116435703957,0.038911140641161177,-0.053736923567200383,-0.013385582954005805,0.99846540711960285,-8.0341778760207809,9.8904654758352919,-1.6910469511765407,0.563182876697027,0.362992761509781,0.6290322580645161,True,5
-0.92512902470517744,-0.37588675315802034,0.053342632559426631,0.37820958679088895,-0.92470951865333173,0.043241352561983734,0.03307258846104362,0.060178525341239672,0.99763958871941383,0.26562920486318164,12.234225783593445,-2.4841907558598022,,0.0759578327762718,0.2424242424242424,False,5
0.65381519534099342,0.74942534262655958,0.10434244663742563,-0.7564973755045733,0.64462636403483198,0.11031124895461156,0.015408153552991286,-0.15105795781850673,0.98840481695699511,-2.3463710270375113,-0.60672341789754469,-1.1081319891682171,0.6161716793005209,0.6731302176876568,0.6525059665871121,True,4
0.55864730494998549,-0.82857833105830614,0.037028880252460164,0.82375037190240019,0.55948967093841417,0.091687692215933758,-0.096687711022532874,-0.020718528274421638,0.99509910517664835,0.1106328544387488,10.552761872595312,-2.3463633971721332,,0.1671133039221203,0.5268817204301075,False,5
-0.87661700021625744,-0.48067548797893189,-0.022219590186708035,0.48073703251651101,-0.87285940587943611,-0.083715967025510138,0.020845635012360711,-0.084068619734196798,0.99624190168699367,4.0807448564607371,0.13594279524874153,-1.6322868551580394,,0.1870032405229999,0.2631578947368421,False,1
0.44081472022787793,0.86918893832170707,0.22403788056845003,-0.8966594894347365,0.41500484860625347,0.15418409658567228,0.041038304510016471,-0.26885231100454787,0.96230675588944004,-6.9399815069478956,-4.9606801077883231,-0.082311411894260958,,0.218743309833239,0.3557692307692308,False,5
-0.96969016221856574,-0.24098354761493684,0.040347479170960668,0.23996933844868479,-0.9703648274312866,-0.028404546973164246,0.045996803161004907,-0.017861451877424935,0.99878188942120816,1.1210576314661951,-6.8119807120157176,-0.57322646171191594,,0.1047802864146251,0.2758620689655172,False,1
0.7845231078142838,-0.61958455407030311,0.02526803638831137,0.61176085590348173,0.77999055795883843,0.13177019647590754,-0.10135160822432468,-0.08791876848866409,0.99095819369829097,4.0413021011679851,2.2181967051491491,-1.845991848270216,,0.06899185065530325,0.2241379310344828,False,4
-0.87662107988215887,0.47001267822638132,0.10307067775415435,-0.471640465735151,-0.88173979690315374,0.0094974543070279749,0.09534544240479742,-0.040286633808848699,0.99462869139643451,15.842223366659031,1.6141963383947984,-2.6136148579749103,,0.1161796997766397,0.2666666666666667,False,3
-0.076415457193081529,-0.99693350035138339,0.016860420490284335,0.9949941408862083,-0.075152810553066676,0.065868920350111465,-0.064399825342051756,0.02180942326407917,0.9976858280805635,5.0017753804984917,-6.9558797926481164,-0.76678690767805835,,0.1197902731125883,0.2972972972972973,False,2
0.66917167085919327,0.71657443144222954,0.19680030264906218,-0.74295107647871128,0.63970238871178098,0.19698870991903794,0.015263449106966379,-0.27803226086137628,0.96045046152400371,-5.9566973622963078,-14.114549314462787,1.0438178107117708,,0.4285826263429618,0.4,False,5
-0.98897779863323465,-0.13431243364101378,0.062314396249918781,0.13691709864323723,-0.98979127090375807,0.039584695803353984,0.056361528631519733,0.047680291653411151,0.99727126093062857,-1.0516257214025932,-0.89510376618095544,-1.1681280354840933,0.1368619643158384,0.1091242867537863,0.5612648221343873,True,5
0.69862149727319711,-0.71224002156694011,-0.068133363531255306,0.70504888998186122,0.6690868117518104,0.23500830001330625,-0.12179518169083248,-0.21221920275536671,0.96960246683822682,-16.498467583475612,5.8288616315319519,-0.54640272632145737,,0.2264294426075343,0.125,False,2
0.31109636481272079,0.92852781088511682,0.20262072009842516,-0.94725816895559467,0.2856840226320933,0.14521226036268828,0.076948119841917004,-0.23710913863796884,0.96843081488930083,23.238127251571825,0.69945093405173808,-2.990058244858758,,0.339906476000221,0.3076923076923077,False,3
-0.039738016093883374,0.99409471835072749,0.10097812151209404,-0.99585331427318935,-0.047678439267555849,0.077478660804867538,0.081835606724872556,-0.097480548706903258,0.99186716655798934,16.257296672837672,4.2008888191899656,-3.0079679957885546,0.2527798646833135,0.3019080204363938,0.8461538461538461,True,5
-0.90398852756877013,0.40392471534418878,0.14017691093102005,-0.41743881442564706,-0.90471557809999681,-0.085056210555720838,0.092463929372254672,-0.13540512204973976,0.98646635760563972,11.542909584708951,0.50933648107236995,-2.0416238526058672,0.6671171652025476,0.6110618532146903,0.6226415094339622,True,5
0.44330822315505053,0.86928803752282557,0.21866898980611621,-0.89548770348186413,0.41867566850017734,0.15103793403879373,0.039744083784750785,-0.26277174967192551,0.96403911506663775,-10.04460875506723,18.405704906249767,-2.2656807339663589,0.6766083297748247,0.6637094588576167,0.9361702127659575,True,5
0.70839013457719868,0.66962739492128953,0.22312007799529207,-0.70577680865132364,0.66848144253227182,0.23454564024923927,0.0079065544740382077,-0.32362279425420548,0.94615314481084323,-3.0164898632158237,-7.2677389168151798,-0.10572251605044435,,0.09136305549538755,0.28,False,3
0.076551973553734054,0.99083483430289321,0.11129297586545694,-0.99441743999455523,0.067741741512440362,0.080901245302773081,0.072620591981242752,-0.1168648261403854,0.99048920338965518,-11.201482152774107,-10.416733483502005,0.98203600019551707,,0.08671118655415143,0.3783783783783784,False,3
-0.2113480796658736,0.97171780822946807,0.10533988034580469,-0.97312976417016672,-0.21927285917777878,0.070270017177456373,0.091380803824794576,-0.08765793973008304,0.99195041927236138,13.548475400050361,2.1615481452336947,-2.5146136617444288,,0.1160534404081055,0.4883720930232558,False,4
-0.99177573162789412,0.095081629607702722,0.085676028532489221,-0.096096742563985732,-0.99534148689081015,-0.0077936219168810023,0.084535875358023899,-0.015962712336437122,0.99629256626370444,7.7536305825745879,-11.800930127980115,-0.4493397593779489,,0.254133695829324,0.6842105263157895,False,5
0.16649704688891701,0.97863383180249308,0.12064226717382068,-0.98330926593422852,0.15568560259526165,0.094153495274678867,0.073359531794842087,-0.13430493809283434,0.98822090784334293,-5.2163313349192766,-1.6514169127500553,-0.68020885951730448,,0.08319261219133853,0.2287822878228782,False,5
-0.30015440847707159,-0.95328226901362023,-0.034062393574493782,0.95274472988809666,-0.30135242364170473,0.03826481981832798,-0.046741959118524357,-0.020967411607421105,0.99868691635980089,-21.017912034747571,10.079624259078326,-0.61161561336515047,,0.1535090070383875,0.2857142857142857,False,4
-0.52535094168540986,0.83215705559031072,0.17754160893018689,-0.8448460113305194,-0.53495727193570364,0.0074789265287753676,0.10120081624753025,-0.14606625905518306,0.98408487578890214,-17.955512666625918,2.5496245692434076,-0.13009475393522324,0.9380857114231331,0.5992870904806445,0.8682634730538922,True,4
-0.67256569625134421,-0.73972259237442695,-0.021584034766527843,0.73967916456754879,-0.67286154392275854,0.011492441626364598,-0.023024285669654594,-0.0082358388000383156,0.9997009819084216,5.3003941340350567,-4.7056900384743878,-1.1626831673130151,,0.1118576683553354,0.2580645161290323,False,5
0.52039158706397026,0.8189628832035114,0.2418520044325321,-0.85312230352493479,0.48631454361684828,0.18889282647852307,0.03708006663088502,-0.30462757688976233,0.95174949858506386,19.660083877346516,6.1961703958544012,-3.5169553517142931,0.5540852277683874,0.4566713376087291,0.9047619047619048,True,5
0.097869559890100238,0.98204124112744384,0.1612964660858634,-0.99262889114053177,0.084685124482960381,0.086696679085328299,0.071480303021440539,-0.16859249810171129,0.98309060409699145,-18.391611797792894,7.6084184898511706,-0.58951126989317948,,0.1742980704069074,0.5,False,1
-0.028943754754159445,0.98106276011112148,0.19151532519325715,-0.99568176271116804,-0.045203460259057103,0.081083133788655004,0.088204798424531022,-0.18834146623554734,0.97813465618550266,6.6506062019545169,0.5229960097190185,-1.7938385564287871,,0.1147719341191829,0.2121212121212121,False,4
-0.4063207042023273,0.90485717731007187,0.12703138984902235,-0.90830247495702121,-0.41511580588214769,0.051628303223770225,0.099448978493875378,-0.094405277274443575,0.99055416020491294,-10.937266736012784,11.175659685171746,-1.5988325183426331,,0.07522780178852868,0.3157894736842105,False,4
-0.14623098370514453,0.98333428711981663,0.10802860352326589,-0.98542394898917918,-0.15438988963803618,0.071438104231048044,0.086926061472936994,-0.096007508831946239,0.99157774182596792,-1.3758925661727235,-11.521423678452026,0.26099241015612779,0.143224696597428,0.09702805614217244,0.5538461538461539,True,5
0.95910246605181337,-0.27867029533314802,0.049652050433667244,0.27049460933636577,0.95400037994645359,0.12929014417963447,-0.083397397641043008,-0.11057188413407754,0.99036292969079909,-17.500936188353062,11.687819395528578,-1.0712216302461204,0.2120176035040867,0.2480055314503857,0.7884615384615384,True,5
0.05395325735707196,-0.97168560652010683,-0.23003505841983141,0.99518434811228296,0.033445308945368082,0.092138616127446074,-0.081836173498603587,-0.23389846812495912,0.96881079025571593,-9.5721396096403506,-0.19048866980842263,-0.5533822753929637,,0.5310616508591114,0.1515151515151515,False,1
-0.73047107717888538,0.67295430368444908,0.11638088570593702,-0.68007039648992484,-0.73237353859828802,-0.033663864588892353,0.062580038535914387,-0.10373767451413748,0.99263398776348744,6.5634517735391169,9.1657885586321406,-2.6742316125261221,0.3326517665301561,0.2216727584583078,0.2727272727272727,True,7
-0.99348687983013095,0.064480830998926958,0.093947017190958271,-0.081125384893694613,-0.97923311170329685,-0.18579877521051702,0.080015570554988272,-0.19221013338938747,0.97808628100551165,6.1665043253261214,-14.631533129299156,0.068031042298345029,,0.2658630384548506,0.1904761904761905,False,4
0.36578513828051851,-0.92605950321995611,-0.092817181109484434,0.9256071635041716,0.35155220712463014,0.14022276753638702,-0.097224541566748118,-0.13720365214457708,0.98575988270740966,-8.6489277526754105,26.394766245819639,-2.9533929692957921,,0.2938597975892879,0.5833333333333334,False,1
-0.27495118375784877,0.92675038729823123,0.25599915271878537,-0.95689048186918013,-0.28968991559718665,0.020984720857403008,0.09360797112599975,-0.23919337876260938,0.96644920989041161,-19.710887401171878,8.3755575817130516,-0.52390838848025834,,0.1305208418225902,0.2307692307692308,False,1
-0.72527693182544817,0.67861751828134576,0.1159811883174663,-0.68087882069905203,-0.73196880528817543,0.025013988255960622,0.10186954248121745,-0.060827066069870199,0.99293638484446678,-9.616992893837681,10.601506146971044,-1.6441856969156594,,0.06796996751085578,0.21875,False,4
0.38566291298676791,0.91726876790228984,0.099408877760365139,-0.9212704594764447,0.37698095607907522,0.095635240626906801,0.050247965557031468,-0.12846542797469274,0.99044019293072794,-6.2342684843943621,10.657365534709784,-1.8872971445071154,,0.06856080949007086,0.25,False,3
0.88252047397818656,0.44536445976649208,0.15102354447641014,-0.46975422761581354,0.84994553984289678,0.23858655649101029,-0.022103815199823712,-0.2815014694065881,0.95930617848294097,-18.35710404452696,-0.61855161301562223,0.41213143532744362,,0.1179425416980196,0.1851851851851852,False,1
-0.9350562102065535,0.33580288890886906,0.11360591337872766,-0.33830386598139012,-0.94103239455921583,-0.0029200431835189472,0.10592628576610667,-0.041163724207191207,0.99352160006372814,6.8525231144898564,-0.62301048156184025,-1.6721993830003348,0.1267822167701912,0.1411463015358123,0.35,True,4
-0.6378320541829362,-0.76968497831608906,0.027482809378551583,0.76985160007972475,-0.63612302563831513,0.051730166319503737,-0.022333484086989618,0.054152843021558018,0.99828286826992008,-4.2678969887167861,12.033484357043692,-2.1471297562460938,,0.1107540544424072,0.4,False,5
-0.61082525187929504,0.77777084024625676,0.14820604484713129,-0.78645130365620719,-0.61765228432638808,5.1418374736947325e-05,0.091579793863332939,-0.11652542953805667,0.9889565034049389,14.376359631350432,18.638057033862729,-4.0027034484516228,0.3445018878564169,0.2734794214900508,0.1333333333333333,True,5
-0.33101339951527908,-0.9431573859080189,-0.02973675753157963,0.9419365174202492,-0.33214156220581781,0.049371852362382798,-0.056442240313016048,-0.011667393137827678,0.99833769108744774,-7.1089406287025518,14.650370528435168,-2.1641322725684242,,0.1024866329014783,0.2222222222222222,False,4
