axis_00,axis_01,axis_02,axis_10,axis_11,axis_12,axis_20,axis_21,axis_22,location_x,location_y,location_z,dbh,dbh_approximation,score,reconstructed,number_clusters
0.99360524151598073,-0.1019724567371145,-0.04847929557003812,0.11194999792177791,0.94559369579717401,0.30548283165172507,0.014690881433179141,-0.3089565997606129,0.95096266880833824,-18.036957061401822,26.49501015167662,-3.1609711032485515,,0.4152345130607928,0.2,False,1
0.99519902283709905,0.09777984384918037,-0.0042434750986492797,-0.095430444415252225,0.97908485423874181,0.17968271613877962,0.021724070124873238,-0.1784151068075002,0.98371546416638056,-20.502898237553008,-20.06377978255788,-0.23174867080102596,,0.3880065681396746,0.9855072463768116,True,2
0.93973060768699579,0.34128397613016248,0.02077576985378839,-0.33690009417529954,0.91386496067072465,0.2266035308704849,0.058349905920276703,-0.21994563258924518,0.9737654785337243,-5.7792212158945633,8.3517414895034179,-1.9085403852669651,0.302109096705368,0.2150225051788536,0.4318181818181818,True,5
0.036712428729575398,-0.99719281320619435,-0.065258645915246896,0.99512101033086586,0.03049565538080886,0.093830644253206835,-0.091577138931355356,-0.068385000495800721,0.99344708934715598,-23.770480533803237,-0.15520205855862684,-1.9749044507970366,0.324643113308872,0.2784942385001201,0.7111111111111111,True,5
0.58858302184620193,0.80842543347012452,0.004283096197243123,-0.80419880073783723,0.58494757317766677,0.10535950609879967,0.082669917661856482,-0.065457277305122546,0.99442497432515331,16.947203737694842,0.033917175038128855,-1.1014677674024005,0.2545666210814969,0.2519329437579024,0.6170212765957447,True,5
-0.65048131593691894,0.75952222664658853,0.00021177059260754465,-0.75791339133957891,-0.64912154124992272,0.064873075412420655,0.04941000754011856,0.042038219695117153,0.99789350095075413,4.4064381437012452,5.0613591603509427,-1.4902205616188349,0.6851061369661553,0.6290529898638164,0.9932885906040269,True,5
0.91217316804243498,-0.37926270499058884,-0.15524146387691976,0.40959598696933724,0.83166316558675457,0.37492333411623407,-0.013085830582812397,-0.40558128606906924,0.91396530646875063,5.0378728886384714,6.5219961735025631,-1.5367229933427671,,0.1085479337193995,0.25,False,2
0.62579969705809857,0.77733892184863052,0.064178966501503967,-0.77769239480945984,0.61554293762285373,0.12767705744633942,0.05974343660620865,-0.12981175802613934,0.98973715160169851,-7.7254277344011966,-8.7078325516883552,-1.0989808119040807,,0.1823530921271654,0.4933920704845815,False,3
-0.98913885990887518,-0.13168719708915486,-0.065290105996027845,0.13019987167662173,-0.99113214113854242,0.026553195994461931,-0.068207838505275092,0.017764034590463142,0.99751297226728197,20.5640568566042,-6.5451824104290539,-0.50318443564138771,0.5546516215426079,0.5000376548088644,0.3684210526315789,True,5
0.5930511543831688,-0.79772890150373299,-0.1091738429773315,0.80131860837762625,0.57153005022157088,0.17675375402370996,-0.078605446074278995,-0.19230704979115248,0.97818156926415634,-19.399793446430312,-17.095823233954672,-0.46601619118862464,,0.1612588273473832,0.2,False,3
-0.97699121464160188,0.20415488191795511,-0.061716697110212111,-0.20070770226165394,-0.97794835454562268,-0.057735899528433304,-0.072142808137576703,-0.044020450140540408,0.99642240801953541,-18.683475656896462,6.194583634460229,-2.2318593382566418,0.4883546567111018,0.5718448992688192,0.5854545454545454,True,4
0.7944831787802995,-0.60003973364393948,-0.093535002451814717,0.60661374261775725,0.77688784481672712,0.16871586719481624,-0.028570017543366164,-0.19078153638266887,0.98121667305088145,-26.467667462698049,19.947804535013475,-3.2328643262372623,,0.3965688114717511,0.78125,False,3
-0.23621746242550279,0.96958266801469661,0.064115211383560702,-0.96984823813405174,-0.23932528295457892,0.046019603724788388,0.059964201266522715,-0.051311390784241934,0.99688085333316268,-24.219339011666641,2.2837519305065084,-2.2318755631638059,0.7949098579051246,0.678059285258192,0.8157894736842105,True,5
-0.021319660850639448,-0.98911173748982795,-0.14561402000174675,0.99484760042910303,-0.035427468270805763,0.094990243774710062,-0.099114701137982028,-0.14283859860617662,0.98477074020634559,15.710661094907881,0.42825135981674867,-1.1568129932885194,0.3316413135101199,0.2422021473835998,0.5681818181818182,True,6
0.58944760341925606,-0.80643032463046693,-0.047134428390434281,0.80592002155886022,0.58308361327275071,0.10250082333014701,-0.055176459417580516,-0.098405444205039189,0.99361558304856867,-8.1139275345744508,-6.5840430233427849,-1.2007438980786018,0.1585007712631745,0.1327060837286548,0.7620286085825748,True,5
0.63217495489625508,0.77468829364925018,0.014590205095593443,-0.77026752711455015,0.62630505870524056,0.1201245608235977,0.083921171790881294,-0.087178100019667165,0.99265160847207967,25.561477038872422,26.047445257021383,-2.4407537443004164,,0.437679439493909,0.9142857142857143,False,1
-0.43322568548875812,-0.89968639383081828,-0.053664682878907327,0.89653991984034376,-0.43628214775294333,0.076642414397967928,-0.092367080529085224,-0.014909067971439909,0.995613399933306,-10.096784430863886,-2.2124576579980522,-1.5137716222797521,0.2076293525698078,0.1354385882453502,0.3204819277108434,True,5
-0.89278115850362183,0.45046935831862667,-0.0043772407902082974,-0.45008843685091432,-0.89153150359782429,0.050911463401708094,0.019031606186325573,0.047422940741876619,0.99869357795940639,-0.78015911795137982,-2.9108923721993825,-1.203737313659996,0.7065694658868735,0.6121335791720602,0.9983388704318937,True,5
-0.16207572247436433,0.98223653376868358,0.094566653290126229,-0.98327101304400011,-0.16882913595741478,0.068372785224088087,0.083123853927975347,-0.081903080417984581,0.99316781579258118,9.0896219487990102,10.575306009465747,-1.5956935248003439,,0.138098683979381,0.2857142857142857,False,1
-0.27828855097308858,-0.91486779665902995,-0.29252760046455417,0.95549289591894326,-0.29473660440878019,0.012792961737350533,-0.097922460374164189,-0.27594790931955504,0.95617150297236742,-20.540806196307752,6.3879223635383431,-2.3255066227427323,,0.1609742277404097,0.180327868852459,False,4
-0.82103931583629086,0.56984175489482658,0.034275592328370887,-0.57058768502402724,-0.82104395573081423,-0.01779090938709009,0.018003764883988138,-0.03416426695075428,0.99925405544021728,6.5558791551584079,16.189204961179765,-1.9531828410944605,0.3978588033083214,0.3341716032872787,0.6582278481012658,True,5
-0.3018108937212548,0.94213651270082444,0.14590742224817185,-0.95032374984335533,-0.30952333490571521,0.032864504142130629,0.076124601245859236,-0.12874042327401808,0.98875221794966683,4.7191446392733729,10.063590769785705,-1.6158995967424494,0.1514303403035906,0.1396605499988732,0.6129032258064516,True,4
0.98918029894207415,-0.14450104908954708,-0.025333436341880511,0.14668561694968921,0.97139021643807733,0.18677359874584443,-0.0023803287497450726,-0.18846881498116588,0.98207629022120146,7.7201574273438247,-37.002263171875107,1.2048946997505725,,0.2076240998501436,0.4444444444444444,False,3
0.29962742638947854,-0.93043201143055798,-0.21099686599687528,0.9494204314573238,0.26901276426845033,0.16196597479729108,-0.09393747754015544,-0.24885418374207185,0.96397476395778126,11.391987495754474,13.834073609139512,-1.7750616539973683,,0.2850669738569612,0.16,False,5
0.96433928493179333,0.26462568448435964,0.004794856454962847,-0.25596882877453769,0.92787929176290607,0.27114567784377785,0.067303062582849571,-0.26270376287513364,0.96252637924278039,11.178656124769693,12.2988745581783,-1.6630351394111649,,0.3803704868484912,0.1578947368421053,False,5
0.63136339258075458,-0.74320863068067333,-0.22140731196299696,0.77327095915537192,0.5817854188338758,0.25214628722078147,-0.058585751133297843,-0.33040377981199298,0.94201966648796509,-13.865647710188629,24.635975330153162,-2.8775544453738111,,0.3784756897557487,0.1111111111111111,False,3
0.47622681172794379,-0.87638667511445434,-0.071794285798180604,0.87641632684448278,0.4664355732519197,0.11971749264656195,-0.071431406481073004,-0.11993436407880011,0.99020871662551557,-18.891390793783668,15.352743553333493,-2.6604469700691857,0.267950426565648,0.298678318267721,0.6153846153846154,True,5
-0.64701721862137951,0.76235900823393699,-0.013321462833472856,-0.76102282264287902,-0.64460811149463138,0.072970172070459277,0.047042345010864184,0.057350895022613715,0.99724515171345196,-0.34740902559251091,19.765284147723285,-2.2272040303203298,0.5173386451575417,0.470882562907298,0.9047619047619048,True,5
-0.99668049573573936,0.079750575738673085,-0.016365668006847654,-0.079214244497049668,-0.99637070165445207,-0.031153304052324582,-0.018790766049361439,-0.029753496499825151,0.99938062646686954,12.191395057038685,-14.775541487369507,-0.37998131232347904,,0.2418286319338635,0.2692307692307692,False,3
-0.99582002745701859,0.08896503537210626,-0.020680797778205303,-0.089786483875740175,-0.99503539120655393,0.042929681569424435,-0.016758885068363039,0.044607092795435586,0.99886402830595766,-7.0439143571408307,1.6118860966459518,-1.6103411985956406,0.432621960012973,0.3617661666847446,0.937950937950938,True,5
-0.78311454069164366,0.62174497666073036,0.01283745124484767,-0.62084711877318566,-0.7828382482397368,0.041390001256037534,0.035783673209302223,0.024443017205093474,0.99906059257762825,-16.575989699539665,12.773215729720798,-2.4450762888840138,0.2425692409660453,0.1960339112660396,0.625,True,5
0.99614572761650777,0.087636665633286315,-0.0036748044925113618,-0.080971744963325681,0.93487921517455619,0.34560733434376201,0.03372337274017459,-0.3439777142073106,0.9383720297727024,-6.7154336103514902,22.622925746237385,-2.5829711635658432,,0.5148595054863759,0.2222222222222222,False,4
0.36274462948748476,-0.91783533147814167,-0.16122852746458208,0.92635665850675708,0.33632978533560604,0.16954532354595064,-0.10138873220522761,-0.21085677552906659,0.97224469409470249,-11.072730739607737,22.140624408813864,-2.6647842197574678,,0.2902372481862929,0.2,False,3
0.88103283348694228,-0.46988952601573331,-0.054634967362315504,0.47262863853921822,0.86944506189298143,0.14383134005659814,-0.020082737625553224,-0.15254218331537422,0.98809289338545669,-7.0493340993168498,8.3509250254495129,-1.9444655947184568,0.1882373993189956,0.1742475038601731,0.7238095238095238,True,5
0.9797203741173518,0.1981960519882551,-0.02943320430442814,-0.19162377930323049,0.96971838910493169,0.15141523383492464,0.058551821021246869,-0.14270448769399999,0.98803193948732759,-12.143504903839696,6.4176762596596539,-1.9507015014291582,0.3257047871540706,0.1071228827585534,0.1923076923076923,True,4
0.38170223680703036,-0.91832994056701001,-0.10475458307253482,0.92002651748078978,0.36662805624753181,0.13832959012563603,-0.088626235103830234,-0.14917770822193133,0.98483064626410377,-5.0399584537029947,-11.475791156216571,-0.8997224199787156,0.3283270922255966,0.3247245774575581,0.5466666666666666,True,5
0.98441165507991468,-0.17294419735408642,-0.031999967880828185,0.17574511583554747,0.97435810399056133,0.14049889482792743,0.0068809594369705074,-0.14393258765640884,0.98956357178695531,-8.4926455547523876,17.704814636934259,-2.3159072407167756,0.1792427195667272,0.2152584299857536,0.52,True,5
-0.15273517807109394,0.97101835136863068,0.18383505292772395,-0.98420012376698751,-0.16631048313280686,0.060753103436623573,0.089566074808712939,-0.17165134577241212,0.98107784285340038,10.045920682324487,-12.170194906956246,-0.55129264858351001,,0.1804634317935769,0.2413793103448276,False,4
-0.67050637872226071,0.7404224638990341,0.046859055116851851,-0.74147649769947876,-0.67092551090617947,-0.0084594429247906167,0.025175373921267924,-0.040416998515059144,0.99886569005995918,-21.333117914152641,11.620272637856033,-2.6219193640160645,,0.2992078722033727,0.6060606060606061,False,3
-0.70842635099152029,-0.70262759982720036,-0.066682540307847551,0.70124246473882446,-0.711420278525837,0.046262219458651471,-0.079944423619530733,-0.013987253600659623,0.99670118183377943,8.5541717214602695,4.8248792530350775,-1.4236472976754655,,0.09558304191948892,0.3783783783783784,True,5
-0.99976103156136775,-0.0078923247595825557,-0.020386048691173164,0.0072299842696807205,-0.99945007133714203,0.032361740244339701,-0.020630247182469048,0.032206615998443974,0.9992682956979666,12.971580568988701,15.464890655038751,-1.8146611988748049,0.1582669979395511,0.1372560335763633,0.25,True,4
0.46564400515780369,-0.88159912447708855,-0.077192254675131106,0.88292550355774257,0.45686774758729426,0.1082331574972296,-0.060151605364336544,-0.11855313127768297,0.99112407872897024,-0.99245788860079853,-29.795160141238092,0.68538965266922158,0.4589063339047142,0.3560411612086863,0.9047619047619048,True,5
0.055341888493700399,-0.99562237704734136,-0.075321694753578361,0.99470164779707804,0.048430395841050952,0.090681467943876992,-0.086636639176090546,-0.079941097573648048,0.99302744859897574,-2.6064390974033329,13.197105075065528,-1.952862450609826,,0.08905421461490218,0.25,False,5
-0.34616561171060073,-0.93116152604275926,-0.11448834738412139,0.93188052767836382,-0.35538444704338934,0.072805061180945041,-0.10848064990090256,-0.081486853034009182,0.99075316874572439,-14.137436535076668,-12.278094233589641,-0.84845991351222327,0.192086160041086,0.2029857227375955,0.775,True,5
0.9312050741668193,-0.34222024965050635,-0.12546876334416332,0.36449544856571192,0.87469394594607774,0.31945824281142154,0.0004216880946440911,-0.34321392986652738,0.93925716421261607,-25.480695262558832,3.050748898046562,-2.2780480040964384,,0.1829776949786437,0.7142857142857143,False,2
-0.9976758088732659,-0.062717211586982957,-0.026637037369576032,0.062340353618916586,-0.99794593420319488,0.014751024302794541,-0.027507466254510046,0.013056177774020093,0.99953633026628419,5.2666044413299637,9.3576600038046145,-1.6310665695482995,,0.09039210274565197,0.45,False,5
-0.7549033252879308,0.65294303524151842,0.061533423428400333,-0.65350873359084127,-0.75680347157363492,0.013222727955708613,0.055202396593997061,-0.030230748315060712,0.99801743334803106,-22.361546001892766,-7.0005901339016097,-1.5779691952972565,0.3234496647949546,0.3454581709925624,0.5254237288135594,True,5
0.97565026487964335,0.21059925112749986,0.061274105989543193,-0.21933013784185493,0.93562073589842343,0.27660102890474875,0.00092264541098162171,-0.28330512522972295,0.95902938158536954,23.117741524368558,7.0513450871936216,-1.3032233236610182,,0.3401228250774554,0.5909090909090909,False,3
-0.93562936897769466,-0.35142982239237058,-0.033087215652990651,0.34844552518218369,-0.93451602824540914,0.072563826614489624,-0.056421626056973019,0.056363755070899295,0.99681479083498492,-17.433187020924681,15.063772689118448,-2.5657666224715587,0.2348862089867633,0.2056413827396894,0.813953488372093,True,5
-0.99910034359849254,0.037989980633861511,-0.018848469243241503,-0.035251540826584028,-0.99103166724545511,-0.12889361266581828,-0.023576095748157173,-0.12811321511902324,0.99147928461523649,-5.6628997234283682,-9.8579749710709148,-1.0210391798599106,,0.2759717689608879,0.2253521126760563,False,2
0.4149221484447429,0.90507537051656273,0.093156773314160751,-0.90662417002880569,0.40265191389424682,0.12611126260917432,0.076630444665150677,-0.13678453831339027,0.98763240379648043,12.521115507516287,6.3538730061708746,-1.45009114743553,0.2383359094378333,0.1687025887785561,0.4074074074074074,True,9
-0.9494360471817852,-0.28719136279607893,-0.1268554825269973,0.30458846886544089,-0.9405451921775605,-0.15033497964839099,-0.076138406510989687,-0.18137216602060724,0.98046268692233274,-19.571478560103017,-14.536741072533164,-0.69062548912543475,,0.344222984586152,0.25,False,4
0.29145393879057835,0.95570418466424312,0.041037945595660902,-0.94726362444928147,0.2823738519967493,0.15151446631833265,0.1332149667217202,-0.083033241077128617,0.98760278124231649,-0.87495910387701969,32.143127636080848,-3.010211408757228,0.5854083659338776,0.4318500614542035,0.5263157894736842,True,4
-0.27761414785334665,0.95653768839558961,0.089252650327499239,-0.95799739199915868,-0.28259231634248594,0.048811675519281526,0.07191232046368308,-0.071952994538177717,0.99481223592320089,5.7275398132592699,12.364668222297544,-1.7143187856913318,0.2459276198591387,0.1902159560171183,0.1836734693877551,True,5
-0.47383939355010629,0.87968035686639323,0.040480845636958619,-0.87868091402943194,-0.47534296335506065,0.044372497216553064,0.058275899310701137,-0.014544309273571816,0.99819456150957098,7.7124995185193104,10.953858871802474,-1.626623596712732,,0.1057536409643154,0.2162162162162162,False,5
-0.55723129977256447,0.81793197568832599,0.14311031304686164,-0.82689169421361264,-0.5623319696336716,-0.005734280116792792,0.075785253145454368,-0.1215320495775002,0.98969013147104368,-29.114903077233887,-1.3188017735861681,-1.9931959601190985,,0.4470396882700677,0.6823529411764706,False,4
-0.84519057892473182,-0.52262754407853984,-0.11186302100028621,0.53013226580872785,-0.84636749260049482,-0.051203986345367505,-0.067916610968018154,-0.10257932364558621,0.99240355517049272,-5.0365894232585475,-26.798589654876526,0.43788599020791957,,0.1420829037406852,0.3529411764705883,False,1
-0.99678998883508418,-0.073052299058312273,-0.03275789615418475,0.071302825833081562,-0.99611269581128259,0.051724310259273501,-0.036409136028896373,0.049222544081703651,0.99812399829267429,-19.606994605832355,-2.4306449672574519,-1.7983286512123595,,0.08814008730273218,0.543859649122807,False,4
0.56279683303830208,-0.82183142450822877,-0.088616219806722393,0.8246569712543087,0.55090379974935766,0.12824150335749501,-0.056573885174419261,-0.14525189538348671,0.98777592722427521,10.307403381092238,6.9426299707220833,-1.5032685368224192,,0.09751759631083737,0.12,False,5
-0.45786976417299324,0.87977501791080004,0.12787179875258159,-0.8863884117256835,-0.46282517791979405,0.010413368423945357,0.068343709400275884,-0.10857611405628857,0.99173603586934767,-19.651604613731443,0.42819931402269623,-1.9208677445974138,0.3200172196713431,0.191740952352138,0.4615384615384616,True,6
-0.87071116253033176,-0.48820064119181883,-0.059348170864627681,0.4867362786680593,-0.87272123501483234,0.038018955568997245,-0.070355287459076793,0.0042166211692656269,0.99751308444173692,-12.318256628910428,5.5784286169863204,-1.917887655220555,0.4519475117171414,0.3770501848836141,0.9,True,6
0.99759961682400999,0.067655211997088807,-0.01475726269394478,-0.06359533700859378,0.97946607834064681,0.19131605915541439,0.02739776675848796,-0.18991833421137522,0.98141754045208718,22.374839025455604,15.404323201641757,-1.7832030944253872,,0.3027720086102483,0.868421052631579,False,2
0.19671702167385194,0.9776649665828484,0.073983961101896825,-0.97794980041004786,0.19025743296071806,0.086117925434519627,0.070118480172611353,-0.089293461797354284,0.99353413450093775,-13.312195653781359,-3.5637959035254876,-1.4882261203464808,,0.1227387052646455,0.234375,False,4
0.94687128018564104,-0.31677610602505668,-0.055566873325814697,0.32156723978106988,0.92959203293669779,0.18014761336249052,-0.0054119367317971706,-0.18844508736557589,0.98206881632021648,15.99185100304487,3.3799446741807824,-1.2643809417704368,0.6519074142263575,0.6409143441071623,0.3928571428571428,True,4
-0.85314626422908524,-0.51950162327518068,-0.047534358588370192,0.51737106899808505,-0.85426915691157035,0.050511231556694167,-0.066847803222950419,0.018500566587200545,0.9975916500453571,-23.071145171327874,-19.340534293219026,-0.30591484540222519,,0.1140949707454187,0.4444444444444444,False,2
-0.55477989890123469,-0.82961268300896462,-0.062944896264928496,0.8270549812723289,-0.55813780508505162,0.066800063528925452,-0.090550106172014588,-0.014999557510405808,0.99577893708730769,10.654130835181418,-17.040045350779675,-0.32672792454909128,0.2610750617773012,0.2492940576259229,0.7872340425531915,True,5
-0.81981308920711327,0.57224012023146065,0.021159951847115305,-0.57240992923500722,-0.81996378224501598,-0.0025037411251163932,0.015917653026218045,-0.014164766285779978,0.99977296808735783,-26.90174481599129,4.122334546061432,-2.4071886606648363,,0.1646269249501346,0.53125,False,5
-0.81241759434124461,0.57895963267426276,0.069162100448642586,-0.58155832514517225,-0.8131351165883568,-0.024519311270550986,0.042042441165178551,-0.060141715177759902,0.99730406959780837,-25.683835820952471,12.612297444086861,-2.856538035597016,0.2605077817738002,0.290019104676713,0.425531914893617,True,5
0.86423093204229051,0.49831917690958971,0.069158470381173343,-0.49875402309368511,0.83061952764209834,0.24761991993271062,0.065949378686826626,-0.24849385952929945,0.96638578281504894,-6.1083819255442267,2.0361792800499123,-1.6115999574005715,0.4692977671932506,0.155125195178717,0.3169398907103825,True,5
-0.58966117877308422,0.80721417753289471,0.026551192776009286,-0.80597801221849097,-0.59023658257197598,0.044946862116112596,0.051953229623063729,0.0051037421219003419,0.99863647727693483,0.80999927065592958,-7.2289421890493752,-0.97034068141006324,,0.1089653377483043,0.432258064516129,False,3
0.99839297821727468,-0.050534382142103318,-0.025646388984740941,0.053224816651034443,0.99156301243883282,0.11819437912054734,0.019457130798361429,-0.11936946253017888,0.99265923230298525,8.5790629760267407,2.9089950275570047,-1.3570219435449919,0.4330666380345043,0.3664888221619143,0.9588477366255144,True,5
0.21339072041014193,-0.97214976758478433,-0.096898038306719975,0.97241404039899471,0.2017848204037393,0.11702059771481976,-0.094208993613898478,-0.11919612258576491,0.9883910915638483,-22.24667175292338,6.6909682203302445,-2.4038444241300203,0.2086686937766741,0.1746123600415787,0.639344262295082,True,4
0.96149216986440733,-0.26572581465444078,-0.070161233709702092,0.27483188386914364,0.92917403695554524,0.24719030049068094,-0.00049284720873683449,-0.25695408242324042,0.96642348720820093,4.1321211289312929,5.8641843067136161,-1.5007300618577091,0.2430519994402073,0.1040832599198708,0.1964285714285714,True,2
-0.85000032600911068,0.52645370140938907,0.018599625177890537,-0.52657816216676523,-0.85012389815027267,-0.0021901878586035733,0.014658953355418549,-0.011655816836998472,0.99982461312991533,-7.1735095988027222,-11.52009460443837,-0.90217030642644236,0.2816696807732617,0.2762990524105568,0.7317073170731707,True,4
-0.97845153565288001,0.20596069554349439,0.014587126850800426,-0.20639098040588932,-0.97356741167588823,-0.097822584967930795,-0.0059460563079359752,-0.098725309895447963,0.99509695889417282,-9.3088914990814242,20.342543559166653,-2.4769345521646882,,0.3534425276393218,0.3846153846153846,False,1
-0.90310767921565382,-0.42782722220569908,-0.036883433699588963,0.42528364772288357,-0.90299998991048702,0.061031444364193603,-0.059416653568127531,0.039432044854619826,0.99745414687460665,-20.535108170835368,15.340486850966691,-2.7329822891333615,,0.1015076332704536,0.1538461538461539,False,3
0.90349381119380834,0.42848212552677739,-0.010099566255197904,-0.42434306230528707,0.89758270326347367,0.11949165776575293,0.060265235483317151,-0.10367429240796046,0.99278383472226739,-9.6423977299667225,1.6134463026350128,-1.6859504723390997,,0.06813222746590704,0.2608695652173913,False,5
-0.75115719997549735,0.6543120424084633,0.087399153795875859,-0.65882436026894498,-0.75138121823958504,-0.037104274592181768,0.041392308961759147,-0.085451834597400272,0.99548212476304765,7.7444506758037654,-6.5725319609953008,-0.79568073904257031,0.2458616517802403,0.2009702370495634,0.4897959183673469,True,5
0.10700190717135803,0.99176749734979486,0.070340763872849432,-0.98995225237744011,0.099693881273977103,0.10027795395481028,0.092439871670859486,-0.080363929950283311,0.99246990326579676,4.4196495132004481,11.039966855197216,-1.680469271727755,,0.1022273405655509,0.4814814814814815,False,5
0.23802071213791898,-0.96633097011789471,-0.097727154795206411,0.96750639799820948,0.22705991740839901,0.11124371325617147,-0.085308325653995681,-0.12102995537262401,0.98897635941240392,-3.6680071609550806,-13.906906255212924,-0.72014077011979416,0.1530268148418431,0.1380185086120253,0.32,True,5
0.85481929628432884,0.51892422899885149,0.0012709279727567968,-0.51420801974419195,0.84671574443547581,0.13661098255936441,0.069814634072817114,-0.11743122533221539,0.99062395700197603,-14.057156266479877,-5.4378939110938038,-1.3637150270882297,0.5951173252684586,0.3538069075420805,0.7619834710743801,True,5
-0.54242073796279233,-0.83530763768049776,-0.089671029103749411,0.83826991981727139,-0.54519755418971294,0.0079478572647433549,-0.055527331625473318,-0.070857443773967133,0.99593972614027881,6.2618903937098569,21.921546364749759,-2.2532847478273572,0.4590869129918784,0.3590653636542916,0.4782608695652174,True,5
0.24517589879073143,0.95303269283402425,0.17781300582827211,-0.9606481823909544,0.21412301202921052,0.17693616190167169,0.13055209045094987,-0.21419622337722663,0.96802692605620244,6.1106376929670629,-9.2816455384641419,-0.78058696941235406,0.5442274708485202,0.3543429584018515,0.2857142857142857,True,4
-0.65076040117098055,-0.75563626079792556,-0.074328605765980077,0.75489330036322488,-0.6544018316349185,0.043524106189360895,-0.081529168611627609,-0.027786401713680853,0.99628354926963625,-19.028737844486031,-7.9813912492621988,-1.3404478090937786,,0.0843410940993096,0.4318181818181818,False,5
0.96300250668623288,0.26576179751682444,0.044686005601953328,-0.26535338860435836,0.90613616694596744,0.32940070751085809,0.047050518299119354,-0.32907129004684665,0.94313219370069623,-20.087373798815641,-16.192919257219618,-0.56727180239118136,,0.1035262386611672,0.1111111111111111,False,2
-0.89522943243430009,0.44326040937197975,0.04565602683924333,-0.44526956604907242,-0.89382446465181897,-0.053036213480601432,0.017299620048764702,-0.067808818550937747,0.99754833831393552,8.8697190410399624,21.864509347028608,-2.2153371326733509,0.5701146657690284,0.5453507122275889,0.7142857142857143,True,5
-0.069690624025661202,0.99190919637295394,0.1061101459506795,-0.99160670006370355,-0.080492978595683398,0.10117822288203913,0.10890073145615996,-0.098168358178974513,0.98919341088624213,20.833492468295731,-1.9160166788787771,-0.8318583327685819,0.5600250823213806,0.3276205250818428,0.625,True,5
0.83132133944869213,-0.54627485018341415,-0.10241395722419733,0.55559555810914685,0.81189745193963048,0.1792654549636376,-0.014778578639942615,-0.20592793785939467,0.97845555751007862,12.487037395902929,-8.5207424685604956,-0.59599824959101777,0.1943060479055204,0.1478281710582381,0.3181818181818182,True,5
-0.93992803488979282,0.34137222155769337,-0.00054366991671769664,-0.34135866530472331,-0.9398739076420749,0.010549850946596537,0.0030904448856492999,0.010101687105751756,0.99994420097724812,10.929000203396862,-18.494877898944143,-0.21143804098117153,0.2145937900216379,0.1644616440083108,0.3846153846153846,True,5
0.97675177716770289,-0.20516713499197395,-0.062148310668272734,0.2143102974653367,0.94156485949930457,0.25985902284965062,0.0052021341826146254,-0.26713678532774437,0.96364457956484451,1.5860029048835163,-6.5044329850673774,-0.97307914080268421,,0.3362322161254979,0.1333333333333333,False,1
0.36711531887711246,-0.92573536388646838,-0.090776531635354638,0.92895073828307262,0.35987563951094692,0.086833460888774278,-0.047716543138531908,-0.11620481976482498,0.99207840989224916,6.8611753437074139,12.541774370150362,-1.7222347597956154,0.2505556554040396,0.269700174579751,0.7777777777777778,True,6
-0.3419327336622619,-0.90067287001428609,-0.26808652870012467,0.93540391157338398,-0.35354131348318185,-0.0052973459204686685,-0.090008487730141723,-0.25258052355796712,0.96338027344123955,6.0085671579263193,-10.879649195700937,-0.72004538121355532,,0.08773009395973361,0.8333333333333334,False,2
0.046657984632856704,0.95703862268864315,0.28618194763510951,-0.9949090216315476,0.018903929094760526,0.098988282846693795,0.089325646631619113,-0.28934359531015169,0.95304837899596562,-30.409540854348787,-21.996806552991178,-0.13480675468145545,,0.7371616024870292,0.4705882352941176,False,1
-0.58952663566599417,0.78975661104587702,0.16953713796588746,-0.80496529686855134,-0.59181872189082207,-0.042207478683739488,0.0670016169779383,-0.16135394550132429,0.98461956490489067,-15.202913676632159,-3.3815428927189872,-1.5481468237055265,,0.4319973820579072,0.2941176470588235,False,2
0.64402600689327871,-0.76288301775007206,-0.056921030152677077,0.76335263849450796,0.63596906147247678,0.1132965231297537,-0.05023197934157278,-0.11641672593901872,0.9919293796299552,-21.74589766491512,0.54399875868032654,-1.990276851444291,,0.1107825734760365,0.4864864864864865,False,5
0.8589488785400009,0.50981214334393332,0.047941657813839501,-0.50775441548868017,0.83586560238556529,0.20860045134266908,0.066274260513590366,-0.20351971218454795,0.97682518863187351,-0.77975070750230391,10.530565719991062,-1.7994470900606279,,0.5231812334058286,0.4761904761904762,False,1
0.33711007932670478,-0.92900666328335224,-0.1526545577160234,0.93833678261920428,0.31833611235138592,0.13485622698580307,-0.076686875019024173,-0.18870277991629519,0.97903543554443351,-3.3511077549589015,-16.146058300969724,-0.55518036660654568,0.5470524687253356,0.473100691763066,0.6861924686192469,True,6
0.51443530247836222,-0.85488957605803273,-0.067231929254721365,0.85286328849435367,0.50189371980027297,0.14396841724364673,-0.089333816120166248,-0.13140208054806793,0.98729578269384199,15.879137154039372,4.824531071354242,-1.3579153294827679,,0.1783787318947919,0.5909090909090909,False,6
-0.084405299699638128,0.99534581527628729,0.046502186987270488,-0.99303185231144231,-0.087877471186062234,0.078519362916739721,0.082240413894399636,-0.039550702521290164,0.99582742292655935,-7.7313437632022692,0.56384401781372129,-1.5930773081277989,,0.09669062119789854,0.2045454545454546,False,5
-0.71819447367200906,-0.69210482238693649,-0.07202508462842977,0.69172716685805458,-0.72135272538409068,0.034114105755152696,-0.075566028197296728,-0.025321145505122183,0.99681924889760909,-20.841672667185005,-1.5295858051389521,-1.851271960334087,0.1134831402547948,0.1426987271324261,0.48,True,5
-0.69679388918082596,0.69390439989424346,0.18159008730563475,-0.71540694540100191,-0.69058393013548514,-0.10623906019273267,0.051683444856804511,-0.20393753760903557,0.97761868961354081,-13.852265771290059,6.3368800690125013,-2.0057315324856888,,0.4008096133365793,0.3132530120481928,False,2
0.93817606353961835,0.34105313982947261,0.059231998225312943,-0.34199184994399451,0.88674430405122673,0.3110082214421187,0.053546693391745878,-0.31203732956997909,0.94855967476044745,2.8921083608109255,-23.025649800251767,0.082746479185763652,,0.1182716618371596,0.1875,False,1
0.69804419654703653,0.71079627069439533,0.0866196353833288,-0.71144565796637271,0.67475493616519022,0.19634370853557831,0.081113349257666334,-0.19868174975988306,0.97670168776579569,-14.158266727471373,13.181123657094567,-2.3317845780973516,,0.09834265437561843,0.24,False,5
0.86842703107052499,0.49498549143003084,0.028702874068690553,-0.49152847981331232,0.85187438350645328,0.18085847577018152,0.065071078356260553,-0.17117066921429569,0.98309020784579204,-23.367328386705175,-4.1564027999688538,-1.869264457466318,,0.5648768442759808,0.1355932203389831,False,1
-0.90885371167751428,-0.41484829768856052,-0.043426036831706066,0.41281527229029047,-0.90950705252532471,0.048790084756939307,-0.059736770367158035,0.026416118405235899,0.99786457345398405,14.372564569636346,-5.621764884503496,-0.7764067306171607,0.4692230938768365,0.3691372257499215,0.7457627118644068,True,5
0.26594015694870327,-0.96023592803331415,-0.084987030987664636,0.96101305760762434,0.25716399583635924,0.10159026701963803,-0.075695019847698011,-0.10869057806211273,0.99118949863826733,9.9274103895762575,7.8612838097476763,-1.5518857996589961,,0.1044790722245982,0.24,False,5
0.97148930657258725,0.2370784221502524,-0.0015326336355883617,-0.22903506372001331,0.94016045022312378,0.25227220897876063,0.061249218785905141,-0.24472872652592442,0.96765509537805683,-2.9758272937022778,-20.993001904936769,-0.14143079310201936,0.5028253780272256,0.5010748394086415,0.648936170212766,True,5
-0.69858491001351175,-0.70042974142707581,-0.1462097836186611,0.71065975508749213,-0.70298673939403722,-0.027791306826561862,-0.083317681199140917,-0.12331999659642431,0.98886315657883528,13.004012421519944,-12.76544867217833,-0.41126261626115057,0.3214110650028631,0.2412491185065241,0.4545454545454545,True,5
0.84395221536129683,0.53641384263980718,0.002201729128544494,-0.53151879336944796,0.8356831455178223,0.13828034058579883,0.072335540931449352,-0.1178722601880299,0.99039068038644207,-1.4333503536472112,13.078769941914004,-1.9029715160432663,0.2316781925063474,0.1116243100971882,0.3846153846153846,True,9
-0.073415784273232601,0.98886754090512086,0.12942607605813183,-0.99500161461677117,-0.081435363154625601,0.057793326067054979,0.067689803734128653,-0.12453621229238268,0.98990344089628357,0.71426814887428147,-24.680677683056846,0.21470535249763029,0.294592323531831,0.350127598950803,0.3333333333333333,True,5
-0.93614479213377622,-0.34924681142043285,-0.040738101004696582,0.34731666715774334,-0.93653429995104176,0.047693162294502774,-0.054809313763680659,0.030498684035103051,0.99803094611183329,-1.6119495174496954,14.81738860920778,-2.0353339950013005,0.2557260985714563,0.2684254729186388,0.7567567567567568,True,5
0.97238606639539915,0.23313905465698567,-0.010560259169651929,-0.22359137882307226,0.94362109129756444,0.244102706610132,0.066874757540349716,-0.23500088776862493,0.969691883822835,-26.541765821857805,14.016643148005912,-2.9502082991360212,,0.2234577366154647,0.2352941176470588,False,3
0.59460359946748709,-0.80079227476379378,-0.071960351436999484,0.80203112834364465,0.58446332257260469,0.12308002979854964,-0.056503350946015073,-0.13089827059980511,0.98978432705607711,-14.252963026236641,11.488430679282081,-2.3173224736410503,,0.0692406425620317,0.3,False,3
-0.53534365890193636,-0.82738949675806772,-0.16980514576395619,0.84006809223098544,-0.54245486338697846,-0.0053218045066936587,-0.087708421995154731,-0.14549687914950524,0.98546328742824019,14.632195257053935,-28.99269428316688,0.57713398927092907,,0.2988709238440566,0.3157894736842105,False,1
-0.96336934653166451,-0.25515233719587072,-0.082563835828039014,0.26294914765984573,-0.95920496674469358,-0.10384400568773143,-0.052699600644742495,-0.12175022215913049,0.99116075159183337,8.5452537679919676,-11.506623866473181,-0.64068826740414286,0.5550181530314868,0.3308765112081933,0.6571428571428571,True,5
0.38165141524549695,0.92389722504586635,0.027497541592987985,-0.92008649979925072,0.3769014059477479,0.10670596553977399,0.088221483371533113,-0.066024599560768574,0.99391031895466675,-10.974793771131603,14.529004623631783,-2.2821785431093367,0.2561251510286482,0.2101780216901468,0.654320987654321,True,5
0.83420716554810059,0.55089693230888803,0.024717906886728043,-0.54422409149664053,0.81521391442437185,0.19810707196753508,0.088986196586104446,-0.17871441940019908,0.97986867136141753,-7.6201891205255095,-24.413199660152557,0.18517536968482096,0.5418754899086402,0.4225241267000625,0.7241379310344828,True,4
0.66289586937015277,0.74586969872987474,0.065172531703138636,-0.74578266407557259,0.65010433430386605,0.14550798082466312,0.066161048482717269,-0.14506118376717692,0.98720816884167562,-17.053063930196977,-1.2295745015108568,-1.7910757878590653,,0.1145601195512984,0.3544303797468354,False,6
0.75311801454901139,0.65785437877957553,-0.0063931590231360389,-0.65344428103622487,0.74912589608622482,0.10872425393657008,0.076314007513743592,-0.077704621056608775,0.99405138907585799,2.4757386280275444,-2.2867188118570465,-1.148661839299185,0.1560343942081032,0.1175746838250423,0.6076923076923076,True,5
0.35876843952232929,0.92158664523002798,0.14820007468410523,-0.93051504941811414,0.34058237387314694,0.13470482327421063,0.073667832933493341,-0.18623023906066807,0.97974044953257322,-12.873375472946487,1.794977099774109,-1.7989514565172464,,0.4188169613844189,0.4086956521739131,False,2
0.26835561778884254,0.96024337143997884,0.076928083342514081,-0.95948691928649521,0.25931747336944722,0.11017849029369695,0.085849368776251475,-0.10337850652273055,0.99093025499772203,-6.3510347109109135,-9.1643112760126719,-1.078497747586284,,0.1353769110400432,0.3898305084745763,False,3
-0.46465418848193113,-0.88122629510930206,-0.086814180489887427,0.8806646096839108,-0.4701181948961124,0.05846989035311953,-0.092338130674617824,-0.049285896923499016,0.9945071995656759,19.788198921678376,8.7756785650129441,-1.4708679713150947,0.8895943489431377,0.7914365983062632,0.9206349206349206,True,5
0.91574788894989223,0.40171214861624521,0.0057579109003377208,-0.39836291818927305,0.90606837708693799,0.14264319631433628,0.052084443892040679,-0.13291894408685082,0.98975742735646821,-24.346813499693262,8.7003861541736089,-2.5843907559371151,,0.1320860511061212,0.6428571428571429,False,2
0.41380611052260713,-0.87541754229522561,-0.24981719223451904,0.9086185700313909,0.38016764862684682,0.172872360808907,-0.056363082671748742,-0.29852417922058033,0.95273633148548309,-18.835921074837227,11.695098597002128,-2.5290096215111344,,0.4027171580932503,0.1818181818181818,False,3
0.97129061018686258,0.23789236453760693,-0.0013317122579658662,-0.2291151318740331,0.93693158944746058,0.2639421395719137,0.064037542966420252,-0.25605940636922797,0.96453759569063047,15.909341318666387,11.670225914329546,-1.6064341980103616,,0.2910201089357825,0.5,False,6
0.15215249285080226,0.98106334817305618,0.11985126528643286,-0.98416011332301756,0.13922509637907546,0.1097508263397713,0.090986209192997936,-0.1346516966462345,0.98670686139652342,-34.777223625273685,11.220380163855864,-3.121617156201919,,0.4034443512680556,0.125,False,1
0.99021689224428222,-0.12564983738358054,-0.060684632977018094,0.13753195442428817,0.95231445937658676,0.2723639696702102,0.023568364947767192,-0.27804547978300137,0.96027873211163506,-22.247618028854312,-16.885363631071343,-0.55002422913907489,,0.1405649076079693,0.2272727272727273,True,4
0.9397602212152365,0.34166881920159614,0.010636945373353732,-0.3369449553254803,0.92062567838092091,0.19727254595198723,0.057609232786063537,-0.18897295650715679,0.980290976193673,13.840404964445177,-10.929758469566758,-0.46149421404330149,0.324626286477658,0.2549724471438346,0.7358490566037735,True,7
-0.65520400496923792,0.7525124573499824,0.066578625739510899,-0.75383321705457629,-0.65702237950417242,0.0075547134839062391,0.049428663115840515,-0.045239301097237616,0.99775258100333408,-2.7668855087463466,-10.761546166509508,-0.94665213411254823,0.2663316115469931,0.2459608432264911,0.6420118343195266,True,5
0.9950570116570927,0.097344411816755891,-0.019636930516420494,-0.09367947737341259,0.98576185794325677,0.13963421838254123,0.03294994796811021,-0.13710443068080902,0.99000842219477625,-16.718786597969771,-20.421113306872805,-0.15683721052394045,,0.5949453995607985,0.7636363636363637,True,1
-0.97919773435605684,-0.1941955325224391,-0.058820848177241876,0.20085009589045047,-0.96883031929202679,-0.14500707362506593,-0.028827695238444875,-0.15380477095602316,0.98768064495483743,11.148042634878319,5.29782096661914,-1.3970879131013623,,0.5300616829937529,0.2142857142857143,False,3
-0.98373770479407008,0.1775611547955043,0.027058537916550357,-0.17928188683285401,-0.97984452428813407,-0.088106261277003536,0.01086891071571555,-0.091524556979243693,0.99574350223820507,5.2789724374046401,-25.17529442379989,0.2479915087412935,,0.7269617355789757,0.5588235294117647,False,3
0.67038765416501678,-0.72508214193835185,-0.15759530635529251,0.73918630115485717,0.63408418740308681,0.22702611186903079,-0.064683887701096607,-0.26868779415421928,0.96105299746913675,20.129758909347775,-0.64616253088647047,-0.96847357540230028,0.2013371463775325,0.2297759937187119,0.3125,True,5
