axis_00,axis_01,axis_02,axis_10,axis_11,axis_12,axis_20,axis_21,axis_22,location_x,location_y,location_z,dbh,dbh_approximation,score,reconstructed,number_clusters
-0.84768645185342384,-0.52688664918160732,-0.061791085589521524,0.52615153838174733,-0.84989813183425955,0.028943464947317456,-0.067766053468342566,-0.0079764916356694984,0.99766935283114344,-29.746709138609603,-23.071529284008939,-0.73659783108136867,0.335135153224752,0.3837024278368285,0.9836065573770492,True,5
0.93798675863692726,-0.32667999907129625,-0.11602163086498682,0.3452550842403535,0.91050458140030588,0.22755292583318437,0.031301236844250166,-0.25349868925861163,0.966829171630743,3.389163415994751,-11.30591888670951,-0.022439322880392153,,0.1277911855588668,0.1538461538461539,False,7
0.96603600532880485,0.25524608472551324,-0.040297303143793407,-0.25149664721368481,0.96452184983435496,0.080293447007779156,0.059362217349438438,-0.067431724169057503,0.99595636938921561,15.168695106291132,-0.95546611422397731,-0.66908443000092266,0.175047892759202,0.1438545090509473,0.7903225806451613,True,5
0.83000943230417168,-0.54449640485785034,-0.12086358998053996,0.55762864363273912,0.8146199951395855,0.15951350826527172,0.011603365305796833,-0.19979471618553682,0.97976907141321945,22.072319032175692,2.054376817135886,-0.73313272264977958,0.689510573850685,0.4294784195832341,0.5121951219512195,True,5
-0.92482738336613313,0.38032602470392901,-0.0068136560711005434,-0.37904286977326995,-0.92291597364092792,-0.067473020330049538,-0.031950177623809348,-0.059818229088811695,0.99769783282238467,-31.415099572131208,0.70759731542249038,-2.8876537856748836,,0.1745407190235596,0.125,False,3
-0.50968083139511888,-0.84808096731755833,-0.14485897618751964,0.8573836033876685,-0.51466569316560928,-0.0035469593092605084,-0.071545836708776581,-0.12600752815637253,0.98944595410641967,1.2645911673112762,-15.329888441474262,0.28560938211793674,,0.07605023612255772,0.3333333333333333,False,3
-0.97392650252931057,0.22474437193846949,-0.030937597725254097,-0.22441459811466649,-0.97439614105449313,-0.013793058078142129,-0.033245388011866703,-0.0064905762530824678,0.99942614364236293,-18.942725860848586,20.742161572682992,-4.2231706562837195,0.2567587935545095,0.2790423938239075,0.8115942028985508,True,5
0.63753188167055375,0.75734689400378641,0.14134631935930264,-0.76698348592352839,0.60659252470531588,0.20924110803621893,0.072728482551177809,-0.24180817007382038,0.96759463449905214,-30.953505399294265,19.837408927883867,-4.543924913214676,,0.3559025601864992,0.4,False,1
-0.84868465008821437,0.52888053643649158,0.004443296444606705,-0.52821906718323475,-0.84713746934138046,-0.05781630481062687,-0.026813835397402341,-0.051414844320789063,0.99831735035245717,-12.076474715837563,23.137726380959094,-4.2630294464243308,,0.2772287201170912,0.4444444444444444,False,3
-0.093423924992425605,0.991139406860432,0.094417405214087979,-0.99518475915363835,-0.095785987428203337,0.020792781457023068,0.029652409469132626,-0.092020219412668761,0.99531553480889667,-1.1491505260603636,28.848894510821513,-4.9277760529277979,,0.1976368813529055,0.4782608695652174,False,2
0.92972430107138559,-0.35987130973303949,-0.078136831445544577,0.36657891971659734,0.92464524302942919,0.10320402202656208,0.035108682925098791,-0.12459460250778696,0.9915863882734528,13.717591683760427,-8.3501087713210165,0.064350508834294703,0.33785265086135,0.2737355595892436,0.8461538461538461,True,5
-0.67821476731100416,0.73333549891059524,0.047368506824997582,-0.73477096454502577,-0.67774315145859576,-0.027854089691545722,0.0116772883348117,-0.053696058407672553,0.99848904563276342,-15.681542893957662,17.40464562442148,-3.8112628789738783,0.2539308667910178,0.2076636442028776,0.275,True,5
0.82430244427490673,0.56130842725790364,0.073880510634895757,-0.56393044721328656,0.8025069286526415,0.19484629883661364,0.050079247880104115,-0.20227574979162233,0.97804733524405663,25.134936186617221,15.420614033331455,-2.4736445767106376,,0.5097597698212536,0.2608695652173913,False,5
-0.99521939188036679,-0.042424929859980892,-0.087968672558183844,0.044000296060428552,-0.99890264270880336,-0.016046318455149297,-0.087191375558984555,-0.019840254931455345,0.9959939900985284,-22.880995470850923,10.401404192880831,-3.3454762209510167,0.4039766415257638,0.5543619746345025,0.9369369369369369,True,4
0.95748245307272595,0.28718041358100221,0.027472934194966867,-0.28216902261655719,0.91241481656821422,0.29644534940256673,0.060066585831502491,-0.29159323133817361,0.95465459340240455,-38.755878207708925,-9.3057129774400291,-2.4552579786125848,,0.3082527683560394,0.3846153846153846,False,3
0.90752790112883641,0.41638259793535842,0.05494215876074568,-0.41807799109430227,0.88315499811858167,0.21271587308125628,0.040048745738684305,-0.21601569719529723,0.9755682018854388,-29.281852262951265,7.116638388341336,-3.3842129310347766,,0.2032054598355495,0.1333333333333333,False,3
0.73951289964210065,0.67297980539646329,-0.014793674035621138,-0.66792887039344206,0.73633805718841616,0.10806150855383567,0.083616358195476498,-0.070031757542765416,0.99403413300429411,-18.897483696653214,24.269379971904353,-4.5632177274849788,,0.2271543029989778,0.6764705882352942,False,4
-0.69317151562379031,-0.71336396912718947,-0.1030781134815687,0.71513910964240901,-0.69852973480007297,0.025144849572065822,-0.089940556967807034,-0.056285496810827139,0.99435538871224438,-37.730899778581964,3.8054048778306626,-3.5386765988185913,,0.2854631802064784,0.3703703703703703,False,3
-0.3512830485440348,-0.91055228184552561,-0.21793292966304167,0.93292102393914023,-0.36008036936356869,0.00070049364200903963,-0.079111205893702255,-0.20306814034925072,0.97596349700034479,1.4228082660335246,-18.012931991430229,0.58245856139712304,,0.1620304331129452,0.2,False,5
-0.4589223887261335,0.88396390823822846,0.089431817929065502,-0.88842495269466393,-0.45548238244779893,-0.056893784451045551,-0.0095574345608410369,-0.10556329007697138,0.994366656335952,-18.472197246440924,17.169565274999268,-3.8846783983709439,,0.5260919273426964,0.7457627118644068,False,3
-0.25828853733476725,0.96401274403887205,0.062979844490999887,-0.96502788869889322,-0.26048570614419908,0.029468134109825891,0.044813006090008711,-0.053166025102522552,0.99757965509525826,11.307216543862385,4.0558598958367034,-1.5108205913775399,0.1292040973089159,0.2174351217801343,0.4761904761904762,True,5
0.40657724080905888,0.88662876666893686,0.22041864116089233,-0.9105677617494996,0.37355772331911452,0.17697733925886688,0.074574114266283298,-0.27266106701133846,0.95921563999845172,-12.528961040048346,-18.341465543719259,-0.13382361738332471,,0.3867410248900375,0.1136363636363636,True,2
0.95636448926633588,-0.2746645738831664,-0.099630996802799049,0.28899985297485464,0.93941531797506161,0.18433107533545742,0.042965668281234604,-0.20508103814685635,0.97780147225382863,3.1570873759246361,-17.728844276413131,0.6511642589696176,,0.1770479599129597,0.34375,False,5
-0.87651664788484918,-0.47617110750883068,-0.070566581003493001,0.47677650562106344,-0.87897758968381345,0.0090862820451183546,-0.066353068267239398,-0.025680210424547663,0.99746568719133166,-0.17776510448893401,-12.885509342693609,-0.056951697582670782,,0.1022376110446481,0.25,False,3
0.48940411485940216,-0.86643983403122993,-0.098821183774640622,0.8715190548705517,0.48197152202753402,0.090321586301413931,-0.030629223892008287,-0.13032830068100437,0.99099767138241879,1.9380844873280576,-15.716962888427179,0.37954371522223312,,0.09080606849089458,0.3076923076923077,False,6
-0.26520267473050307,0.9500649363704845,0.16445108085730975,-0.96308451847748555,-0.2691914142669245,0.0020476215386570906,0.046214192460538601,-0.15783725531167633,0.98638311484478469,-7.6600287867254435,28.238319366395796,-4.6376380849934762,,0.2236870017297653,0.75,False,5
0.65060821163838123,0.75839762074203387,0.039268356236675302,-0.75756408360114691,0.64454884291381287,0.10321554309318209,0.052968048729989683,-0.09690117621209976,0.99388356856447235,5.5262902182619511,-11.930960053263451,0.12967867088134213,,0.1444757688593245,0.21875,False,5
0.71225232299403607,-0.66761729265442404,-0.21675741956938446,0.70149837515701186,0.66628470791752581,0.25291247032784103,-0.024426584732071599,-0.33219247213631453,0.94289527701346154,-4.5838072352149108,28.217768729237594,-4.7408272474036011,,0.3705890288820051,0.3571428571428572,False,3
0.93893347755081846,-0.32447816071582003,-0.11453317402746999,0.34311889808999152,0.90797484394145167,0.24052256555884299,0.02594892113052754,-0.26513318537666369,0.96386256670968751,18.182632510368627,9.7530948243032221,-1.9580667078755738,,0.1120842431275191,0.3888888888888889,False,5
0.27960047546500894,-0.91667621942608057,-0.28553157944166091,0.95827688734186067,0.24803799856973971,0.14206533163271401,-0.059405229619422455,-0.31333984745676091,0.94778117658541727,16.287135250967655,-4.2895711640291072,-0.24015954943954651,,0.6504801577461745,0.2043010752688172,False,2
-0.63345265427813968,0.77361043013243247,0.016267672798929919,-0.77369159730245241,-0.63355948900425452,0.0019199365219386283,0.011791821384342357,-0.01136997286633018,0.99986582933184542,-26.615858059396054,6.1679631330694615,-3.1452758622599664,,0.3762632751713438,0.2727272727272727,False,5
-0.52779507058409691,0.84937172332431043,-0.00019769729253409779,-0.84909105953579322,-0.52761465566868138,0.025829203239797933,0.021834286878954019,0.013800389150665275,0.99966635092703693,-34.0551266136085,5.3369256291190776,-3.4575558161733482,,0.1291438217230118,0.2857142857142857,False,1
-0.86542216291901408,0.50025523720038578,0.028092304678707707,-0.5005050383416445,-0.86053402856148686,-0.094741185776657952,-0.023220390246602798,-0.096051461942669225,0.99510548693868206,9.6394022396077386,4.3831913211457127,-1.6530796296665371,,0.2475133906202469,0.3103448275862069,False,4
0.99713517475117908,0.065987204066952354,-0.03697475048413542,-0.051133405502908451,0.94825964316992173,0.31335127888191228,0.055738838484604335,-0.31056293731654661,0.94891719546528808,13.221219680151261,6.2071244954221267,-1.6866458756000389,0.6707990247832407,0.6237224988381203,0.5492957746478874,True,5
-0.96638141982093539,-0.25096419942103987,-0.055892056983344478,0.25006892520026458,-0.96796452588107196,0.022587812754122361,-0.059770260782911575,0.007851575942921284,0.99818128047021337,13.932309186141826,-1.4641844838718137,-0.67680774142036093,,0.0987235632413455,0.6111111111111112,False,5
-0.70826255956613171,0.68034318926305648,0.18840724917105836,-0.70592895075949613,-0.6845701719371996,-0.18173606184098498,0.0053350910422424458,-0.26171898004777305,0.96512937593170611,-33.496169367907754,1.324112209831724,-3.0582414432099041,,0.1157590468617496,0.2,False,1
0.90172150028996434,0.4304746444559433,0.039873755721589618,-0.42614455033715637,0.86952704833682337,0.24964681938409364,0.072795316695227458,-0.24210388821987308,0.96751565836220987,4.211473634230475,-9.6102620048792797,-0.1840075894428593,,0.1901403759308256,0.3333333333333333,False,5
0.99669493206487636,-0.056961331292634879,-0.057919074004701677,0.068529026024163983,0.97242202656423238,0.22293311742513888,0.043623216162622519,-0.22616544605682354,0.97311161025935111,-36.315070642067376,4.7331435101951733,-3.5716672220041157,,0.6194560599621197,0.5333333333333333,False,1
-0.60302347725736827,0.78322414712291433,0.15140218373596173,-0.7959531869905736,-0.60338618840946712,-0.048822451354333704,0.053115063738863738,-0.14995013504589,0.98726579349420285,-37.512747870681878,-1.3147975976990471,-3.0453874533441407,,0.4350747095880182,0.7647058823529411,False,3
0.87391422592545709,-0.48242285537982943,-0.059515664595815462,0.48606831618286583,0.86646281275289538,0.11392886429476362,-0.003393777874712775,-0.12849273412731702,0.99170464330274444,19.486945144820581,5.0243278973502763,-1.2380931644912978,0.2329636007717017,0.2593743529664325,0.4130434782608696,True,5
0.6993804761505642,-0.70964358693969221,-0.085281469820704114,0.71473418413210532,0.69358642046497987,0.089960676851566029,-0.0046899480195334714,-0.12387032276516288,0.99228733113228373,9.6131635025683551,-4.7363183264625013,-0.52216892408276883,,0.1119469751894581,0.5208333333333334,False,5
0.48100301483828395,0.8562142876896075,0.18850250203289129,-0.87399866224606493,0.45137148469999633,0.17997255677411075,0.069010420289772445,-0.25131827700328457,0.9654411869894145,-23.086214998595924,5.549634040794249,-2.9099466860504135,,0.4396165688607423,0.3703703703703703,False,2
-0.35037589495148036,-0.93115290217107494,-0.10095050775174584,0.9344740090420528,-0.35481433908777238,0.029412772779566727,-0.063206476423102662,-0.084030099107959444,0.99445657712244218,13.39854923747227,-10.512959857603562,0.29518173950265053,,0.0913559970445311,0.4444444444444444,False,5
-0.99257112750790788,0.1205704928613268,-0.016288434205213309,-0.1188988193258627,-0.98965530673373081,-0.080283526434016858,-0.025799759700367332,-0.07775043475725614,0.99663897289563264,2.8136256547598038,-18.937349243947772,0.73493135828557987,,0.1595647840943274,0.1666666666666667,False,2
-0.66301414710252304,-0.73062377939929923,-0.16309853990210743,0.74502991919155759,-0.66526793459533917,-0.048466428676701909,-0.073093503482431904,-0.15364721987571686,0.98541862757567555,-17.260156297836314,18.836725243308003,-3.9787334292922418,,0.1918243058896066,0.1818181818181818,False,3
0.98937591157369831,0.13793336083997773,-0.045931400643816275,-0.13486103872572222,0.98877181323380448,0.064364598873561579,0.054293699740701924,-0.057486427282653033,0.99686885037438289,-10.46257799461161,-19.718205789616267,0.092010625199242344,,0.09521564248982534,0.7058823529411765,False,2
0.77365155155813359,-0.6102168626346467,-0.17058328560566016,0.63349355466066271,0.75013800867641445,0.18968100627733525,0.012214457625771696,-0.254810416771593,0.96691388371953613,12.429494737842349,3.8582971634242753,-1.4515792842003297,0.7210582234897981,0.7261684800738942,0.6902654867256637,True,3
0.057868794892791647,-0.98374028050289708,-0.17001841986601413,0.99781993097803967,0.051582361460022465,0.041166070120748723,-0.031726769779396674,-0.17202999884406162,0.98458066788713472,-2.5052766746104731,-14.964207572495523,0.072814410656594331,,0.1327697106044692,0.25,False,4
-0.65617715472871019,-0.74481993380122358,-0.12113962119997851,0.75052631847821694,-0.66083669212914042,-0.0022608864076948954,-0.078369553295059555,-0.092402015931231735,0.9926329032266541,-33.151735404281546,-19.668604789322025,-1.2384125643499557,0.4019196973273226,0.3467016103572825,0.4242424242424243,True,5
0.82881598379895671,-0.55347312287154815,-0.082046128843386051,0.55947752549783414,0.81795892345956189,0.13389584756704148,-0.0069973896697026472,-0.1568779837698466,0.98759320306800391,20.727364701779504,-2.9162746457262236,-0.19524387854896877,0.3410287230709761,0.3836400835692234,0.3103448275862069,True,5
-0.19669676577432005,0.97132873409503229,0.13353229068380779,-0.97866149634807442,-0.20276106691043838,0.033311038877362156,0.059431118950182264,-0.12413073779964157,0.99048447844155862,-23.627956084754477,12.18639611676898,-3.5469615234336502,,0.1816322262537254,0.2857142857142857,False,4
0.85155775283749413,-0.52033745596341696,-0.064018165421042786,0.52411857797677885,0.84779996260180956,0.080838973471771006,0.012211052450801025,-0.1023921644164703,0.99466915849650972,4.2078013624960278,-15.248602804029863,0.44687543627437709,0.7148847409965149,0.6079602620963932,0.9743589743589743,True,5
-0.64936931472328507,0.75106405884747662,0.11925717002917022,-0.76042187254567895,-0.64311357172732564,-0.09035214227812241,0.0088356578665813243,-0.14935766926300501,0.98874375739237341,-4.1853685979864261,30.781963318269344,-5.088911174320824,,0.3029567553824463,0.5,False,5
0.91770210122336837,0.39680211118078951,-0.019259750068034358,-0.39186277926980384,0.91211961080952375,0.12033859646692117,0.06531780487095161,-0.10288780364626286,0.99254606151437064,-1.5237844292007408,-21.0686634092433,0.69606114469614433,,0.07971286296438715,0.2692307692307692,False,1
-0.40273990822963041,-0.89900837267765643,-0.17200148887338446,0.91144614026165416,-0.4111515840326937,0.014842787795415271,-0.084062475108229825,-0.15079231015830669,0.98498486256175499,17.470256934116378,7.3067888352969526,-1.6502310148927666,0.3276652895746471,0.2223213593659307,0.5217391304347826,True,4
0.37750702689060778,0.91573097591424135,0.13756898051293126,-0.92118322890375903,0.35622972599045466,0.15659451174039524,0.094392284825938408,-0.18584176622040316,0.97803524194858249,-11.181292434311649,-16.941891137554247,-0.19171164575967292,,0.3697599702172029,0.3555555555555556,False,2
0.70372739789033545,0.70973385024058033,0.032335913179925853,-0.70920381617964778,0.69902905056825537,0.091587846234467946,0.042399252053810052,-0.087385629735819467,0.99527184986864392,14.334143250641597,-5.2600141522219683,-0.23321479572404108,,0.2467453801973627,0.1904761904761905,False,4
0.89438359398369061,0.44290049065534998,0.062587076861500557,-0.44288803750866135,0.85724300423018374,0.26264922982970307,0.062675138967087152,-0.26262822977673184,0.96285940815873894,-34.042047754733602,-0.65619362583692109,-2.9242670577942453,,0.5356651065443143,0.8387096774193549,False,4
0.77055968566023991,-0.58780821327643529,-0.2464128146829177,0.63735882164366953,0.71269071563888364,0.29299432812791787,0.0033916527219592339,-0.38282299858668578,0.92381548398200874,2.2122243124206324,-20.627218757010613,0.85229538758654066,,0.2364395627172403,0.625,False,3
0.71786112953755454,-0.68433522535996638,-0.12790894429471955,0.69609303070032058,0.70253876361460743,0.14796546296112634,-0.011396986860932184,-0.19525517906161119,0.98068625142810539,2.6758311498272858,-9.1009943995046303,-0.27120622657350091,,0.126962002489421,0.28125,False,5
0.93934729521521632,0.34296552741648201,-0.0011427929788314015,-0.33942991315584087,0.93013063188075085,0.1401582737198713,0.049132403023628618,-0.13126939719923514,0.99012845244042658,-15.896847837990389,21.149868861473006,-4.1497780257705665,0.2888145443020886,0.334353949550153,0.2857142857142857,True,5
0.84309200074666257,-0.50991867486876652,-0.17081810002769929,0.53724523471544539,0.81267026820419008,0.22568693571511458,0.023736807968596764,-0.28204606041746683,0.9591071805332555,-5.3096001885161144,-15.46464823624992,-0.03640301793902613,,0.2109676941581979,0.2272727272727273,False,3
-0.79607440353427139,0.59846191652221303,0.090049311547153482,-0.60403174714230878,-0.79493066360928788,-0.056840905146821427,0.037565841954714123,-0.099642232643893033,0.99431395091891173,14.024255241899025,4.9754904371641713,-1.4506757430908022,,0.2720306438788484,0.3170731707317073,False,3
-0.99721129749866411,0.068667942214657884,-0.029229126792222372,-0.065092639267626498,-0.99186272473508375,-0.10941336113231553,-0.036504471701506239,-0.10720563881205238,0.9935664922654619,-36.530350293573569,0.96324990436521396,-3.2101146062524184,,0.3158662554847302,0.5576923076923077,False,4
0.30494636909934014,-0.94836393214481196,-0.087255740097483575,0.95189640010462551,0.30062534759459614,0.059309728135299319,-0.030015919792402496,-0.10114471113438792,0.99441882120591296,-11.004743281910628,25.242305389498458,-4.4498049005601343,0.4061410596975089,0.4029830463678419,0.8846153846153846,True,5
0.87946834434374088,0.47589345114300963,0.0078009266420980966,-0.47421719284859609,0.87473487292630769,0.099784548369946963,0.040663070519537527,-0.091456685079838757,0.9949784869283006,-14.607927972033428,24.319610422794863,-4.4349325185788606,0.2715508359103366,0.1815609086674023,0.2222222222222222,True,4
-0.54393309280658153,0.83591302506646747,0.073390769679123169,-0.83881829273385733,-0.54402663518740058,-0.020466850801526021,0.022818026315259188,-0.072694117581150741,0.99709322680688894,-21.668883449745845,15.109315127932055,-3.7674916615348475,,0.230358428788242,0.2222222222222222,False,5
-0.39156188081083487,0.91980912945621407,0.025108939939467438,-0.9195877745348664,-0.39213142819349223,0.024316001911182897,0.032212085028668756,-0.013568654757721857,0.99938894990197513,-29.710721148102916,9.1535446959409743,-3.5768786705854048,,0.1346873776607401,0.3333333333333333,False,1
0.92040695652882065,0.3908519539320981,-0.0092619911906452815,-0.3855044495301973,0.91124918923211862,0.14495252504260442,0.06509495960344383,-0.12984477360012792,0.9893952602488848,-31.173718584673821,-1.5680989880531864,-2.6850304475155737,,0.1902408810782114,0.25,False,1
0.93694994781950558,-0.33836798061245732,-0.087360774820713499,0.34789895321303421,0.92676880486346602,0.14165415872899662,0.033032009238051926,-0.16311557874155502,0.98605384961345122,9.9749702912517595,-8.1209710377007003,-0.098361212369798071,0.2620460795161662,0.3492104295734276,0.3157894736842105,True,5
-0.51460387841090127,-0.85129466686251976,-0.10237303598063273,0.85440589965529523,-0.51913760760048244,0.022061346492791817,-0.071926399594903531,-0.076115271439318954,0.99450141201259001,24.126565904703828,11.350660781580451,-1.9038612996735715,,0.1252726315638104,0.2222222222222222,False,3
-0.97766969865957565,0.20735629668780381,-0.034136879570541873,-0.20618296606756378,-0.97788949140392722,-0.034938905325577821,-0.040626897819991924,-0.027120265959007569,0.99880626066712064,-29.169191090474907,4.6975732645805124,-3.1474193934191104,,0.2596949544560924,0.6304347826086957,False,5
0.98157630886078429,-0.1763395580853436,-0.073568404478455154,0.18671538691207029,0.96698991836914194,0.17340087099757501,0.04056247247784326,-0.18394254001374299,0.98209970359418108,3.3591746475030884,-7.0347953222872865,-0.48568798481948344,0.4091163925051187,0.3363095202796537,0.4313725490196079,True,5
0.030227933733593764,-0.98311752749503534,-0.18046107379223342,0.9976020590490654,0.018427542280506193,0.066712498578340926,-0.062260772588062639,-0.18204491977956597,0.98131709624320174,19.018199697023327,-16.682924965749933,1.3021830717377487,,0.2215107825804569,0.2727272727272727,False,3
0.45821673761195159,-0.8767556598503724,-0.14607167518926426,0.88855353061423048,0.44766518380310005,0.10034194757688347,-0.022584167136413185,-0.17577086257646488,0.98417201711076907,4.4213884271346373,-7.5119294028840464,-0.37909998316994575,,0.1956798329727388,0.1470588235294118,False,5
0.83995027399466649,0.54241054250929543,-0.016563230091272717,-0.53721887761684584,0.83544842798243368,0.11585249981669385,0.076677341818696121,-0.088412259084655956,0.99312831884664665,-18.28197076992851,13.883354979041798,-3.567411609461749,,0.1910771587203162,0.5471698113207547,False,4
0.32401739400454449,-0.92065974212325807,-0.21771166164456746,0.9456885482111852,0.30882950717536545,0.10147662430353574,-0.026189657590810315,-0.23876761658850579,0.9707235070316983,-1.0668046896723684,-12.562411596144564,-0.10954958339978271,0.5598932592198784,0.2084033910516356,0.2452830188679245,True,3
-0.8301441723664027,0.55398604949012553,0.062929405339822678,-0.55710746161731228,-0.81969671688794821,-0.13314867079108644,-0.022179479173651671,-0.14559103438550872,0.98909621443525009,3.5032134581589571,-21.601119820722406,1.0481543509247286,,0.207372963551355,0.2941176470588235,False,3
0.45838637367408691,-0.86445520966207656,-0.20639554965651757,0.88840546121437569,0.43918603552785584,0.13360899177000612,-0.024852945789040664,-0.24460747471289707,0.96930362343291931,24.556230035765129,4.1148556658648427,-0.8830846725367455,,0.3337468781085509,0.4444444444444444,False,3
0.99852606820546452,0.021922129491454917,-0.049649887741024586,-0.0169302324210099,0.9949613123197325,0.098819806805953925,0.051566058064457916,-0.09783356901164017,0.9938659539546254,-15.502446755158362,19.528408620150223,-3.9752870343389843,0.4792639821923252,0.4114052752327368,0.7407407407407407,True,5
0.40620917893273262,-0.89395133448325048,-0.18932806058905086,0.91323469944379865,0.38999975330215086,0.11790918605459433,-0.031567177298433974,-0.2207967481641826,0.97480885783702853,8.5681416699614719,0.29854945794858223,-1.1785151790446022,,0.08385952196461166,0.1578947368421053,False,5
-0.050012443943472699,-0.98468595011086324,-0.16700998504601022,0.99560795616113962,-0.062403951910397729,0.069789285815258784,-0.079142612285924119,-0.16278613712547005,0.98348214039723603,10.305526314650553,-6.1389346240603633,-0.34173786019930574,0.2526612484967261,0.234856116804152,0.2261904761904762,True,4
-0.99723393465993171,0.068965989051063478,-0.02771591450557993,-0.059540537742811553,-0.96443628486328059,-0.25752199285577704,-0.044490492557049351,-0.25515944974333726,0.9658748631570806,-27.70941635128441,5.7287270670049191,-3.1695304869481054,,0.2441266829133084,0.2083333333333333,False,3
0.47404602124698314,0.88016243013097317,0.024381680127624386,-0.87779097125980088,0.47023575783673771,0.091440378534242223,0.069017247950648286,-0.064748966305648734,0.99551202446161846,-17.451065943815639,16.596335449782732,-3.7871103005399829,,0.1093174930906473,0.2,False,5
0.73571927760941747,-0.65629321119338524,-0.16732114479452859,0.67727156302201241,0.71125240178462523,0.18821065558921579,-0.0045138094329972706,-0.25179206083011557,0.96777083218462723,-2.3350668018343659,-16.749567146232451,0.21636933045277482,,0.1587980267922495,0.15,False,5
0.99676691089090508,-0.043528509954377279,-0.067535132887667076,0.058830992008052835,0.96786823244915143,0.24447903590104539,0.054723301548349673,-0.24766177225584871,0.96729985362902904,-1.1512947450575439,-17.491509741964162,0.3626070333034791,,0.2876956772779366,0.1875,False,7
-0.40117389542909015,0.91595862919945448,-0.0089047864268414906,-0.91575093954050168,-0.40081747578655463,0.027305088075019551,0.021441137025340288,0.019108655084877614,0.99958748338697667,-15.717134888973844,23.50313158096089,-4.3790899424322802,0.3727713495853603,0.2753627380897679,0.7708333333333334,True,5
0.99708204093258634,0.06435813117140543,-0.041054044890041032,-0.057333728485218928,0.98642283934069974,0.15389225323263001,0.050400865346663541,-0.15108942047395943,0.98723438949073861,1.4396682517783981,-12.24077034729768,-0.018452828059851191,0.8999708390427843,0.9122756479813658,0.7870370370370371,True,5
-0.72023999354189094,-0.68764348783453699,-0.091655798188276405,0.69008432902334094,-0.7236974080095222,0.0067587333654346438,-0.070978662562650618,-0.058382319918383427,0.99576781138062775,14.693251259821118,-2.3461316942606163,-0.53339256291215598,,0.08474667336321492,0.2692307692307692,False,5
-0.74627266364289924,0.6541507643700839,0.1231417434234536,-0.66563910830200901,-0.73375105403339558,-0.13613951742160468,0.0012996146501520131,-0.18356516058042227,0.98300668503466726,7.9501626947707074,-3.536636296622464,-0.7265506878956165,,0.2007536674822796,0.2363636363636364,False,1
0.43025657765820974,-0.88105228125865831,-0.19653537867457915,0.90221477664084848,0.41252046931292585,0.12583862367631171,-0.029795539813033234,-0.23146001833309915,0.97238803248522787,16.986825712391731,8.5959083899978133,-1.8338019370553098,,0.1033334639928807,0.3636363636363636,False,4
-0.33862700935039419,0.93680751909396842,0.087882994415378682,-0.93975385004817213,-0.34137871881581527,0.017979756931377031,0.04684495552401529,-0.076499951037094852,0.99596852743110131,20.509028597058386,-5.5386840929124608,0.15222481875688504,,0.4983319063583019,0.4583333333333333,False,3
0.79399624544248015,-0.60438609738853422,-0.06547829798263502,0.60791068922740565,0.79003762527044996,0.079278903751813512,0.0038152518011520808,-0.10275210917779676,0.99469967724595576,15.295849607697512,-10.908536744135541,0.44311651704506827,,0.104643138922988,0.5384615384615384,False,4
0.45794123845965273,-0.86731252367583755,-0.19508666892714793,0.88860975955457733,0.44023720576984754,0.12870080761329639,-0.025739412238771547,-0.23229332519684667,0.97230514434851989,16.131180674498399,0.50648608503184367,-0.81530157739853115,,0.4594915679249158,0.2340425531914894,False,4
0.024500501066454648,-0.97996018684505259,-0.19768094912282919,0.99740428015210625,0.010568877150354974,0.071225001018182341,-0.067708399639572273,-0.19891287297304475,0.97767542752380654,19.216669355934343,0.0065457411120162512,-0.61208557309094103,,0.1595640764463581,0.4545454545454545,False,3
-0.86303938811481107,0.49750359359533075,0.08748250637782623,-0.5050180172496459,-0.84604569251511186,-0.17077320758790859,-0.010946086773400247,-0.19156424649803136,0.9814190351975004,-11.913848141806795,29.459880024581008,-4.8832734123476049,,0.5475032371424804,0.2666666666666667,False,2
-0.5893204715371877,-0.80571908449607099,-0.059313899770628738,0.80580327087381476,-0.59149037729920606,0.028639521844900956,-0.058159010275695297,-0.030917477925217624,0.99782846175206674,-13.319948830864828,28.606238260239213,-4.8323289059342587,0.2909941106937325,0.2841098166439267,0.8780487804878049,True,4
0.87488265590134617,0.47876607891003586,0.07323510147543906,-0.48203976859767883,0.84602196160275212,0.22778169807104698,0.047095646224517285,-0.23458448834256404,0.97095423060809338,-1.896576563375916,30.556985066338491,-5.1304007821138615,,0.3926024565295048,0.1428571428571428,False,3
-0.68635378028998351,-0.68153620787145752,-0.25382451741674295,0.72362964711420519,-0.67484353533203989,-0.1447284928337349,-0.072654126510608652,-0.28300989413931693,0.95636121717697919,-32.720369435845335,5.5186633905479079,-3.3943130699288147,,0.3113625773476326,0.3636363636363636,False,1
0.38179306557639014,0.91934488354692223,0.095073866934498236,-0.91922720543727277,0.36699743896788534,0.14259812262086569,0.096204988757155122,-0.1418374593931723,0.98520390541812541,22.224362307463437,-2.9652164139592014,-0.09694291852689034,,0.2711109841068833,0.5789473684210527,False,2
-0.80864673963633793,0.58235236943478574,0.083403646738090809,-0.58815023409893963,-0.80342235735354339,-0.092692059173578686,0.013028914186676191,-0.12400900579460625,0.99219555223602496,-21.478900276726204,13.968228471778742,-3.6534983024646501,,0.5250057424825453,0.4354838709677419,False,4
0.94093879022034477,0.33551731339575358,0.045412833762837376,-0.33187856457470793,0.88744207046061818,0.31984869853167147,0.06701351680449838,-0.31602959353242283,0.94637967252959643,-33.416143463440505,2.7080665500646344,-3.1959108019130231,,0.1484056920281869,0.375,False,2
-0.83359118047492842,-0.54765146219298499,-0.072136119886669223,0.54837355557072409,-0.83615913089402316,0.011151294690608743,-0.066424298153161032,-0.030261919642360448,0.99733245652311064,3.1613491187185097,-15.1966130725942,0.37693334816995644,,0.06765859756581194,0.36,False,3
-0.66706577089362606,-0.69654528989885078,-0.2642875638803649,0.73643783079774117,-0.67013922315454932,-0.092589108213301394,-0.11261695552628598,-0.2563943850975347,0.95998923984513873,-22.028469778415257,8.7687575221480643,-3.1647598905573942,,0.6005263297638248,0.3571428571428572,False,3
0.97051185432258558,-0.21911395206361858,-0.1004779410139344,0.23878869677501968,0.93089587677996388,0.27642869765375483,0.032965116590498562,-0.29227032453727747,0.95576741861346715,-34.997253251895593,-2.1019323751451182,-2.8561165060416629,,0.3233113907105344,0.4,False,1
0.01956816199457696,0.96433023032739529,0.2639778284494137,-0.99821944562728337,0.0039636337901238078,0.059516619349032712,0.056347363804474977,-0.26467243242145916,0.9626907489471348,-25.836528333419036,4.168288970428959,-2.9227456011878221,,0.4954634983710252,0.3333333333333333,False,2
0.54777898388683632,0.83657740608807596,0.0087423357778433353,-0.83274628683812013,0.54420607956577194,0.10184971635196974,0.080447539236629381,-0.063071281789735562,0.99476138186208829,-29.274761180150453,17.41753874575803,-4.253718065118826,,0.2226348187795304,0.4074074074074074,False,4
-0.18491276135111942,-0.96224787235586273,-0.19971555481764597,0.97921881843361724,-0.19762664066502544,0.045543567327651038,-0.083293314947691266,-0.18714364281501292,0.978794912450485,17.941441842260932,2.5297192420489796,-0.99287991829503597,,0.0737912014365026,0.2727272727272727,False,3
0.86234049487791897,-0.47349717623932613,-0.17935800786999184,0.50611654993512656,0.8163421887894301,0.27826510504238339,0.014659767237992893,-0.33073532453590221,0.94360968431267256,17.692993284975575,-3.026038827654844,-0.33915227439314827,,0.184883418434066,0.3,False,4
0.92218112312774603,-0.33214494856090915,-0.19814567694582952,0.3644095647651025,0.91783129188756596,0.15745281432769387,0.12956714573748468,-0.21740619305225339,0.9674434877386735,-16.301860401985785,-19.703020435752276,-0.21517635494580237,,0.754419512498681,0.3478260869565217,False,2
-0.87051952427509549,-0.457014003786059,-0.1825758970929576,0.47940196633843013,-0.87132358331216397,-0.10473284028850777,-0.11121831021333189,-0.17869922637629795,0.97759760329381151,-31.657254848744216,1.7584006921415396,-3.0156427822955605,,0.4384062305535158,0.2142857142857143,False,2
-0.59301188311618369,0.80517696473387779,0.0051924892813495563,-0.80488104818962092,-0.59294898278942909,0.024041673697108627,0.022436683092081456,0.010077661976901207,0.99969747222892624,-21.941502856463828,10.026894532199526,-3.2732023805770822,,0.3391326624919603,0.36,False,3
0.72125954514525714,-0.64906717347726073,-0.24186044085607766,0.69265345224050234,0.67384303987415017,0.25722898886493833,-0.0039829180472178358,-0.35305433282627191,0.93559434288393672,-30.882524117375375,4.4574978070489424,-3.2409372734054078,,0.2506689801416917,0.1666666666666667,False,1
0.91521852214335142,-0.39170332860486856,-0.094570392225084593,0.40116576769851719,0.90780951501661233,0.12226165086470207,0.037961606296354755,-0.14983453141772496,0.98798204925101307,15.818538101828729,-22.46609537000398,1.7224765396866588,,0.6808208901307603,0.4883720930232558,False,4
0.80757841264094943,-0.56248774163108062,-0.17726998604132552,0.58973156214288092,0.7731586152279043,0.23332903872297422,0.0058130928809443927,-0.29297320050413561,0.95610298176374375,-9.5070508255230983,-17.927029693497506,-0.0092695770192542191,,0.130253522569988,0.4,False,1
0.88485874165603373,0.46413707788414693,-0.040022246914265078,-0.46033798595353426,0.88432629204019608,0.077819971052949216,0.071511859178353954,-0.050435921123773778,0.9961637776275809,-28.739604401531757,23.185353740836877,-4.7229855048229972,,0.1506486395074755,0.7,False,2
-0.37679788167054301,-0.90156147929526365,-0.21262703360468532,0.92361986515643901,-0.38311173510324065,-0.012318405521265133,-0.070354111869835312,-0.20102810121254447,0.9770557821669581,24.397484928927177,-13.690080239734412,1.2610580730421448,,0.1187635181005798,0.25,False,3
0.076225057234385052,0.99700959739443051,0.012712330746579403,-0.99323120158166578,0.074803167132742529,0.08886093850253439,0.087644285919019974,-0.019399713665585468,0.99596291610452958,-36.182155011245811,-4.4992282099133734,-2.7195083823777675,,0.145261661350938,0.5714285714285714,False,3
0.45831346376889887,-0.87918458381391118,-0.13031974720706199,0.88827324138882102,0.44809383253909724,0.10090870068046322,-0.030321899029416878,-0.16200736040187094,0.98632357652793989,19.480266707088951,-7.4212471114312253,0.27697118135011711,,0.1164222432261568,0.2666666666666667,False,2
-0.99224239923091861,-0.11340895901798621,-0.050925722213132962,0.11872165059957582,-0.98594684183921155,-0.117532951746306,-0.036880765276559611,-0.12266716382856498,0.99176235866808016,28.213384461336652,6.2134416223841962,-0.9644745448556914,,0.3101308397532072,0.4166666666666667,False,2
0.96416950190180517,0.25639096119243265,0.068123759594180849,-0.2647358947450732,0.9464449350617804,0.18481582975878558,-0.017090278989846781,-0.19622859097166093,0.98040923213183084,-19.579167756738755,14.616601469953391,-3.6690806375190053,,0.5143595337833462,0.3181818181818182,False,2
-0.90724182478418081,-0.39216554711844342,-0.15204754195830947,0.41315911315092541,-0.89864372782506829,-0.1474415058964301,-0.07881509108421296,-0.19658492845067782,0.97731394511867642,23.514051254205345,-7.4338245198897539,0.4909080739753886,,0.5891766811278498,0.2666666666666667,False,2
-0.024415249148692933,0.98529414630265855,0.16911339648508678,-0.99824104378875578,-0.033170033405702161,0.049138247622393674,0.054025124752677123,-0.16761621086750389,0.98437091167398805,-25.188775952818521,6.7305103912852662,-3.1258177027296048,,0.3927610720737639,0.5,False,1
-0.99884043403264822,-0.022844816746141611,-0.042378080292858999,0.024972493936959661,-0.99841803990411193,-0.050376503854490884,-0.041160197862028153,-0.051376375328240416,0.99783080037153238,20.593294688600686,3.4191500797543588,-0.97456904559135649,,0.1650707447428751,0.5,False,3
0.99696451106909612,0.065373867775423075,-0.042284998295371024,-0.059082384872010216,0.98895252364307307,0.13594917350919083,0.050705379069618119,-0.13303820275423872,0.98981301322084481,5.3024503376809697,-16.25201332755643,0.60127330556140435,,0.192602289695511,0.3571428571428572,False,3
0.861246771988328,-0.48445422139799998,-0.15348649813368992,0.50803616226259762,0.82813970897481071,0.23682035438831728,0.012379643499606116,-0.28193745722903524,0.95935291454086347,25.278814183140881,5.2453173093003382,-0.99790843640044058,,0.1511923823876165,0.2380952380952381,False,2
-0.40897870356682864,-0.88327700023105715,-0.22925566708725451,0.90817000213363641,-0.41853256743833628,-0.0075985010407585984,-0.089239381740283272,-0.21131074477248074,0.97333658201585771,9.8192324166397427,-0.64597783407549614,-0.99848054011504883,,0.1789496666298354,0.3953488372093023,True,3
0.81331199832410439,-0.54113168323148431,-0.213775804957235,0.58159515227367153,0.76651160338482849,0.27240969279411742,0.016452119432400217,-0.34588504344576859,0.93813264759665094,-3.7976982120260652,-13.116913721554413,-0.17290478731141376,,0.3337837399002594,0.1702127659574468,False,3
0.22336715276705446,0.97412269243582106,0.034526730895443662,-0.96702576318743083,0.21701561005570993,0.13328690229694551,0.12234495656342673,-0.063160154161742726,0.99047589901509392,-1.3563817452072169,29.62329247106738,-5.0347351686375994,,0.2193269266242618,0.3333333333333333,False,3
0.74731655707795308,-0.62966847410388571,-0.21221587178352339,0.66446712401647923,0.70760711549068334,0.24036557825159921,-0.001185165990702973,-0.32063964637368375,0.94720051338401179,-3.7132906467656182,32.042367516035554,-5.2522645848893363,,0.5901756181708399,0.4545454545454545,False,1
-0.98600628859491457,-0.15329346950829528,-0.065518784004219982,0.15716591336370786,-0.98582623200749842,-0.0586985175489943,-0.055592036550514437,-0.068174426965010068,0.99612337236918569,-16.482753594027184,-21.559907902885179,-0.060529895253522543,,0.2675835576087352,0.25,False,1
0.66403340653801091,0.73542840506423879,0.13492477914080625,-0.74666907365129787,0.6427432719705799,0.17136621834325041,0.039305590623197079,-0.21453705358567685,0.97592465036217779,26.062404271204244,4.9398870984452836,-0.90251543213557694,,0.1318428485674478,0.3333333333333333,False,3
0.63643156271213797,0.75613834138274938,0.15234721748273705,-0.76908312065570494,0.60699895459122621,0.20015849381837925,0.058872909782595004,-0.24455485645577557,0.96784652847320096,26.520207510489467,14.882177551619867,-2.3136256023972392,,0.247521473296325,0.2380952380952381,False,3
0.98953557323416574,0.14346152444732835,-0.015431795338830379,-0.13875079281701383,0.9754428371986934,0.17105405242324229,0.039592509351909874,-0.16712289598080748,0.98514078732037447,-17.526018029239111,21.177318464327978,-4.2148633742875106,,0.405838236506012,0.5882352941176471,False,3
-0.99876200771642665,0.040691073004406116,-0.028612733529048518,-0.037087935782833419,-0.99246136274467467,-0.11681150833010068,-0.033150218123304626,-0.11560570936045861,0.99274185113837332,-0.76502292007584405,28.244754681333887,-4.8802391605041215,,0.2832803031200009,0.2,False,3
0.99850887543955169,-0.0041845086238734763,-0.054428995544836281,0.017520140694447371,0.96887684164394616,0.24692247851522037,0.051701744056558238,-0.24750789000278242,0.96750543876914807,17.751680846247886,-14.55244992580606,0.99374955366618645,,0.1344854275102391,0.1333333333333333,False,3
