axis_00,axis_01,axis_02,axis_10,axis_11,axis_12,axis_20,axis_21,axis_22,location_x,location_y,location_z,dbh,dbh_approximation,score,reconstructed,number_clusters
0.71851620793677429,0.6646546963283485,0.20486237717264677,-0.69400265550203333,0.70453484160931201,0.14829353025222178,-0.045768691135788658,-0.2487263387886598,0.96749182699623082,-20.309208070522487,-0.99842860946835532,2.1247393630655202,,0.08891387140913751,0.2682926829268293,False,5
0.42316488379546713,-0.90572238339321121,0.024463142539141475,0.90056075626078624,0.4234148360202577,0.098540351739475951,-0.099608259724634274,-0.019668270347435152,0.99483232443270098,5.3032621751743916,19.302538238255714,-2.7279718108027255,,0.1233311523199319,0.2222222222222222,False,2
-0.19447050078571373,-0.9766491671944183,0.09131061571691812,0.98027619271921873,-0.19015979885848633,0.053831560315608269,-0.035210940232641229,0.099978273222480846,0.99436639855306064,-1.1613900013571552,6.7834313714007664,-1.2579083049763136,,0.07452947053212376,0.3108108108108108,False,5
0.97190740413096066,-0.21042598920902128,0.10543671495651383,0.1957150439636503,0.9713849749822504,0.13456170311436405,-0.13073492020773461,-0.11014596426622569,0.98527978117595583,9.8158813349479797,-9.3902591030905906,-1.7879465811572688,0.2847745122690872,0.2409296253444815,0.6346153846153846,True,5
-0.37576564197896495,-0.92492443164160876,-0.057575846156020821,0.92667698590124481,-0.37558513718684033,-0.01433766108278467,-0.0083633790490928311,-0.058741811997824564,0.9982381746928396,-1.5384939947159344,12.808533012574282,-1.4287347024517822,,0.2444290138932621,0.2307692307692308,False,4
0.88368471731335496,-0.46806904091096257,0.0035627696401555886,0.45241824819147552,0.85604011821930315,0.25002608804370674,-0.12007934497728454,-0.21933237093455787,0.96823254539911707,17.000651740891009,3.1539740767825126,-3.7007004138553872,,0.1622460804698893,0.1764705882352941,False,5
0.60710135842371249,0.74787914339458039,0.26852323451699722,-0.79433182737875463,0.58034633374128763,0.17954130701922799,-0.021561275778807808,-0.32229632295208271,0.94639325420163234,3.7554043635096823,28.939270104022345,-2.8580464529203393,0.4332334080321273,0.2958945468096273,0.24,True,5
-0.20444635731367689,-0.9738441569368157,-0.099142548793099763,0.97832761410307134,-0.20667592289229259,0.012654737453317272,-0.0328141198961905,-0.094406678241758801,0.9949927701439828,-1.9380495350226929,-17.12362144858135,0.41486426901935225,,0.1106523118126442,0.4444444444444444,False,7
0.84524222792974502,0.50385223155236514,0.17804073939428033,-0.53411313904278557,0.80714168971476041,0.25148647563291082,-0.016992081279883095,-0.30766088715353879,0.95134433707762978,-14.523210006204822,11.642582848777462,0.61816096923663222,,0.2366644475420492,0.2333333333333333,False,3
-0.81279794559479412,0.55855204108680423,0.16546636224516487,-0.56957573081038582,-0.82157274661967161,-0.024529755066542897,0.12224150894314868,-0.11418335872435534,0.98591032760679009,-6.343531549979045,-16.41080211440547,0.92620042895379551,,0.07473519315653668,0.25,False,2
-0.15956966032784631,0.94810201034982144,0.27502745585392391,-0.98187042317839057,-0.18130083629627219,0.055321594750693752,0.10231322294964337,-0.26121367638180559,0.95984343498341318,11.444685291986751,-16.75105409000146,-1.2785856102444915,,0.4599686664636815,0.4444444444444444,False,7
-0.19811355269556943,0.95403859775178201,0.22485856496507728,-0.97723275146519395,-0.21002420313555401,0.030099560811456698,0.075941883714501127,-0.21377602320440342,0.97392640492020977,9.1958652281314723,18.862288991206587,-3.3595270812703002,0.2365501250005249,0.1614490714825754,0.3846153846153846,True,5
-0.98450713046294347,0.12754591116069539,0.12032352477303765,-0.12570913154230756,-0.99180589669261521,0.022765709578996238,0.1222412545522116,0.0072872376072424059,0.99247366305285711,17.301478624802208,-6.468658739571131,-2.9883308235510508,0.368773936616822,0.3556376682668185,0.25,True,5
0.89320635583344599,-0.44057870441897679,0.089848823649684634,0.43011141089899735,0.89542766091381676,0.11494989467105003,-0.13109759766376416,-0.064028972214985949,0.98929960608699496,-25.177634732351049,15.984064557814191,2.0185484096301249,,0.1613080709116857,0.5416666666666666,False,3
0.91021267005524009,0.39432256693952172,0.12658044269608848,-0.40458746353088193,0.91193393499559916,0.06845058478267807,-0.088441390901311895,-0.11351744978491053,0.98959178905737322,-1.0831553191337731,9.1734626381314399,-1.3744737090280175,,0.07607114893948903,0.3620689655172414,False,5
-0.99300921060336689,-0.0017356216338536446,0.11802413005153753,-0.00068311576851921006,-0.99979064263456774,-0.020450042865598907,0.11803491436742329,-0.020387705067077391,0.99280013118067878,-21.561602963673149,-6.6680957150257152,2.6503910550820473,0.5332881098944998,0.2444586103578698,0.3333333333333333,True,3
-0.59602765412615,0.78956513480260915,0.1460750951429301,-0.7955757252062875,-0.60531083867039959,0.025652564211537051,0.10867520866954027,-0.10092416208359123,0.98894085390803688,10.549345604075398,-8.9321773610284279,-1.9400852812133582,0.1245582854019663,0.1302971443936401,0.5,True,4
-0.72387090392245901,-0.6897518630069881,0.015914833736828407,0.68780996851295373,-0.72325811597459877,-0.061766859164787635,0.054114338845549996,-0.0337648508846492,0.99796371335637557,-0.62727850213732117,17.904969774938422,-1.7373527319001296,,0.2368285837448224,0.2916666666666667,False,5
0.76080516239037943,-0.64787477260282667,0.037865339097724104,0.63705930771996189,0.75668947857394664,0.14688931704808611,-0.12381818657819572,-0.087631683998003307,0.9884279157491267,-12.837360511181117,-5.1633340784559101,1.158107573519193,0.07022763611645406,0.09801754911486911,0.3472668810289389,True,3
-0.76632458502823086,-0.63907426905567999,0.065808122692081972,0.63965503817875269,-0.76852358906450136,-0.014591956138715771,0.059900438344358251,0.030912322500324239,0.99772559644613101,2.7293945504864863,-15.894575677146102,-0.30288099023259152,0.505456808742678,0.4408002715875544,0.6548672566371682,True,5
-0.85265628696975881,-0.52204310321924063,-0.021172025698297847,0.51753907262573529,-0.83835632171561103,-0.17120743601013505,0.071627959601247043,-0.15693844723551972,0.98500749194240456,-24.871341529659929,11.949511211802379,2.1869017784376994,,0.4433125137706827,0.1666666666666667,False,1
0.0018450054467413542,-0.99719387526505809,0.074839635813903072,0.99874421434080329,0.0055844473941193181,0.049787631677696599,-0.0500658593821494,0.07465379482088276,0.99595191683292073,6.2329295878282629,17.742201132197906,-2.8262657469619854,0.1549233114732466,0.1294021027835287,0.4054054054054054,True,5
-0.9262166318964602,-0.36846427822742939,0.0797297088212265,0.36646028624630012,-0.92961632271668193,-0.038991680433065633,0.088485080113304485,-0.0068969710057363437,0.99605362425337762,4.3328434901773711,-3.4015229984340007,-1.6679289921335132,,0.1411577389725351,0.3888888888888889,False,1
-0.70214454072997223,0.66853130233505953,0.24506925902953586,-0.70272548472681606,-0.70609945846688726,-0.087180547533438957,0.11476034610682312,-0.23342975935162624,0.96557786346336894,-8.1334057374457114,-2.7825050694657829,0.20722027055042583,,0.3335322110088105,0.4291390728476821,False,4
0.68103890289088742,0.6907541976263043,0.24299105170935384,-0.72926654658056711,0.66974370133703576,0.14004884347191926,-0.066002399862664166,-0.27258395583931383,0.95986544381562211,-27.421992219963801,0.90114395469787867,3.105498201653329,,0.3502190751820795,0.7301587301587301,True,3
0.99188347450021408,0.048043446851914015,0.11772425505379869,-0.075181821333085819,0.96828062709395291,0.23828621641963005,-0.10254202433356041,-0.24520288417783781,0.96403354653064166,-7.2843415561654554,-16.98549427541985,1.0804420682861171,,0.3570583342142042,0.3829787234042553,False,5
-0.53573779954909573,-0.84418105252231845,0.018529994511681858,0.84430780723692234,-0.53585576775911314,-0.0017096192765788179,0.011372632635944173,0.014729111364969252,0.99982684326103477,-2.1794411819919661,-12.92291971504253,0.089362883766189311,,0.08672600384862474,0.2352941176470588,False,5
-0.18896293332794559,0.91265211224653853,0.36243500360758601,-0.97794321948194984,-0.20834785997322641,0.014772566258319013,0.088994771179985943,-0.35164938682800129,0.9318919676905224,5.1573134366277777,-23.449428210622731,-0.044979939017008773,,0.3245984764435551,0.4347826086956522,False,3
0.38308711237357745,-0.92243159175510725,-0.048623274935090624,0.91878174119033307,0.37508256002329005,0.12309827464930229,-0.095311994987693188,-0.091831539780809587,0.9912025988227392,-5.0434609544793743,-22.154410259984104,1.1645026404182506,,0.2199276468900276,0.1818181818181818,False,4
-0.93057156768991778,0.3206015206356434,0.17678015265646368,-0.33772646158461572,-0.93813635241599691,-0.076426575359256843,0.14134141131552558,-0.13082373348029097,0.98127863331757803,-20.516302244959952,8.1276958510098858,1.6931112392253507,,0.1815096868111886,0.3333333333333333,False,3
0.065226263056480674,0.98229240212997748,0.17563362811661201,-0.99676582940998404,0.055857347979719238,0.057774025282112548,0.04694055739243419,-0.17883398277282236,0.98275886700517567,-2.355890591776939,12.689441944675853,-1.2878424239319148,,0.09834517951044516,0.4516129032258064,False,4
0.51745001194350881,-0.8554042316413567,0.02300186144040213,0.84795433069057169,0.51618444007942854,0.12052832398649047,-0.11497364133908289,-0.042862854664007147,0.99244336739548256,-3.6230697210264893,-14.694223199111308,0.40621444239300425,,0.1120037913557648,0.3703703703703703,False,5
0.36069814981673565,-0.93246740097887681,-0.020034740589346331,0.92804716893354267,0.35668370312072262,0.10726224015246469,-0.092872476833669726,-0.057282475852453232,0.9940288833866916,-18.352975657143489,2.7693831394461452,1.6347609475524374,,0.1777515236469838,0.2916666666666667,False,1
0.64168173270165285,0.70004524591721584,0.3133388063832987,-0.75634569612008262,0.64534244015422015,0.10711826593268159,-0.12722319708933891,-0.30572829212309133,0.94358066402288343,-16.231977931934154,2.3630382342993812,1.3113370138641851,,0.2904912964182916,0.4302325581395349,False,2
-0.85790127718258291,-0.50740280208381938,0.080918446883144993,0.50612075472394191,-0.86166129884962539,-0.037169714855553891,0.088584311512589803,0.0090665595604944027,0.99602741792160299,-1.7795518324360944,-11.068369601947689,-0.071382777988904203,0.3082093483465044,0.2680409341877739,0.6255506607929515,True,8
0.28481572490039347,0.94657972760526798,0.15121779702204763,-0.95845183351093322,0.27860873988732754,0.061214809465743779,0.015814097792641747,-0.16236991514789084,0.98660322570214265,8.7251557224293546,-4.4599368825032144,-2.1485870461372754,0.3019099912232399,0.2038625664621518,0.6615384615384615,True,5
-0.74432958906871294,-0.66567188767649699,0.053426592573446174,0.66522643568100637,-0.74610441347198952,-0.028319489203754121,0.058713304352115199,0.014461747986548742,0.99817012865404309,10.866368141510698,6.9211326899295909,-3.2167637580630477,0.3208730941606665,0.2672415085079195,0.7105263157894737,True,5
0.94213544460871379,0.29791478640318675,0.15371266718876708,-0.33150058334552224,0.89616468228528467,0.29495122557143805,-0.049881532188972053,-0.32883984288230411,0.94306743686738659,-23.388012697405685,-4.0940084149717881,2.7935677188597023,,0.4476223148178697,0.1875,False,4
-0.99025709107435,0.084226853252711953,0.11089062524899362,-0.089658049709697055,-0.99495867099738644,-0.044929690955630326,0.1065473026369983,-0.054434182259505706,0.99281649467689626,-16.91956059463152,8.3675651682738472,1.1315020089267827,,0.1811414694251544,0.5060240963855421,False,4
0.49116586442306359,0.84650282694891033,0.20539975071320729,-0.87101380326425493,0.4798698647633135,0.10516590424266226,-0.0095419153571131149,-0.23055992032342087,0.97301134371176545,-6.0762251065744266,-6.4418456288008636,0.15299666189290495,,0.07902149321287728,0.2531645569620253,False,5
0.88047782908860617,-0.47355533050894039,0.022453093995782977,0.4597371397187322,0.86443280019774205,0.2034642383946845,-0.11576076557562248,-0.16882322970746136,0.978824888457832,14.859095899439474,-0.7574641569824595,-3.1632856949335006,,0.3339769708762402,0.4230769230769231,False,2
-0.85354246008720736,0.50477667939666693,0.12909598276302797,-0.50541079510062503,-0.8623487785079762,0.030240906096787076,0.12659066720746656,-0.039434605907440717,0.9911708807430194,10.834956884739041,17.72721876810435,-3.5386382365887243,0.4032717871514656,0.3592973728563086,0.8823529411764706,True,5
0.70166097411582995,0.6501162274090313,0.29158320984287428,-0.71094707944465063,0.66591023629457458,0.22609247538833688,-0.047181857020964085,-0.36594049797412781,0.92944145824817892,-18.141995629428077,8.6212130066330683,1.3243494500740656,,0.2649436402576059,0.3333333333333333,False,3
0.87099218366593578,-0.48445092113179106,0.081730783719502945,0.4743601388396495,0.87255121309738581,0.11677687785820076,-0.12788696052715237,-0.062941921934747735,0.98978949266512573,-23.209897809857861,4.5797740389695365,2.2796785452996717,,0.1083205675086782,0.3684210526315789,False,1
-0.1752469982145794,0.96283628572116997,0.20551101312445941,-0.98167152266376478,-0.18676959539695862,0.037922814060447632,0.074896670204930238,-0.19509844985011782,0.97791977363089255,-10.086630128581316,7.6366859860360456,0.10580330342546462,0.8369568426253987,0.8774946595840738,0.7522441651705566,True,5
-0.8034761801931255,0.56646360331835954,0.18315297971325811,-0.58268226821828029,-0.81135191828332787,-0.046791441546132018,0.12209587284697698,-0.144315802369474,0.98197023733929467,-13.004696972941947,18.965919577332553,0.097735081013246322,,0.4489497545634138,0.7021276595744681,False,6
-0.9764345431852175,0.17293825321181416,0.1291043897422659,-0.17409682535459656,-0.98472574960213299,0.0023438156857350859,0.12753775235642018,-0.020188081795059942,0.99162823834202551,-19.913133028208438,1.1962294997105043,1.9752808689855323,0.1147719304367275,0.1129237466470224,0.2758620689655172,True,5
-0.036306198704931354,-0.98871458478957586,-0.14534555294186416,0.9993056084848907,-0.037137938919507604,0.0030123650932200458,-0.0083762035697546606,-0.14513525869749599,0.98937636716093547,-10.304699803875087,-24.337825266757054,2.074441116301176,,0.556485606028027,0.3043478260869565,False,4
-0.72181748606444873,0.65964062223348119,0.20941290865423029,-0.68136665666190122,-0.73037022588479206,-0.047945931322494854,0.12132186942584718,-0.17729518504579889,0.97665112571408741,-15.446375045457213,-0.1141781685436818,1.3270674590254772,,0.07508774640885892,0.2543859649122807,False,5
-0.55069689168659308,-0.8335689048498387,-0.043540950313080404,0.8346046377606321,-0.54907075719829157,-0.044231235774499889,0.012962720207168647,-0.060697483120276063,0.99807203318582938,-24.136159124590897,3.3084798327668756,2.4766503451445621,,0.375643811907037,0.5151515151515151,False,4
-0.42658009169734457,-0.89993558444757626,-0.090251699222144932,0.90414758899838821,-0.42172983571225775,-0.068272124461703707,0.023378679943213701,-0.11072438536795612,0.99357614092177238,8.7954049217559742,1.7624375975909055,-2.7419839094918865,,0.09455146211393597,0.5,False,4
0.83902713326240819,0.52978423133001795,0.12394409176531693,-0.53965226204433259,0.8393385274464179,0.065469629711154539,-0.069346274015999826,-0.12181750522048487,0.99012705735272022,-6.5793726989052574,-4.6416238844509827,0.057459526079228586,0.4313330065574033,0.3464673271923765,0.9436997319034852,True,5
-0.8183243124618913,0.55743813383963303,0.14002873481953934,-0.559265633908135,-0.82845774007739181,0.029660135454736499,0.13254157975181097,-0.054041649190679969,0.98970310183895382,4.578778442572399,1.8411077313460478,-2.1234022216982771,0.5714464225049393,0.5036393595132884,0.9774436090225563,True,5
-0.52906229245982839,0.80625569825761234,0.26465985665431052,-0.84330123208948016,-0.534287476802348,-0.058137114552965816,0.094531067134118449,-0.25394613830359702,0.96258778102943665,5.468810383176109,-4.0633348921732502,-1.7494464385386446,0.2733289311055733,0.1932958111534436,0.2678571428571428,True,5
0.2558552382546318,0.95174138380182494,0.16948874716821882,-0.96668067754076492,0.25040357976783001,0.053164978216711886,0.0081587209164806079,-0.17744403511654833,0.98409707329844431,6.1512743016603197,-5.9816515702116737,-1.7413624818565696,,0.1817494421420159,0.4210526315789473,False,5
0.73031037167824042,0.63027723359677079,0.26343380540239969,-0.67967862590679529,0.70906638359296958,0.18778133332106278,-0.068437756426101101,-0.3161889822052425,0.94622449821771804,-11.661274987815554,12.318982177879361,0.11406920078923659,,0.4831977023473674,0.2888888888888889,False,6
-0.09438942938163386,-0.97772020484881728,-0.18749356429327751,0.99459743029973047,-0.10078628550570215,0.024861140262202833,-0.04320401905128006,-0.18413398840070483,0.98195116327313692,-21.967282664242614,-2.6471533357865256,2.4977918386778928,,0.4600472887062115,0.125,False,1
-0.51840574771359105,-0.85493766062721033,0.018359661728518842,0.85501900726223612,-0.51856935594447051,-0.0053216816550139961,0.014070464022656784,0.012939069387327432,0.99981728457032459,-22.411970329078422,3.3717188180433117,2.2276499164327661,,0.08504656709468116,0.2631578947368421,False,1
0.87722238042494316,0.44656670424315115,0.17623584749705659,-0.47219044789721304,0.86885693394642027,0.14874074508302876,-0.086701073789342706,-0.21369559423309437,0.97304527993775247,4.4352107750054097,-25.078094690275723,0.21477212424633332,0.2876938524392999,0.1853041492410437,0.2727272727272727,True,5
-0.9803784525042456,0.16514711238515759,0.10763141333377188,-0.18374233829430855,-0.96332967716731255,-0.1955369177594394,0.071392177327218517,-0.21147662840031767,0.97477217474490618,11.140162133535636,-3.245782982039132,-2.5359018538783968,,0.3046324186928422,0.2380952380952381,False,2
0.26985541865480211,-0.95966418901704187,0.078884075331496883,0.95894997940638504,0.27525847375965667,0.068174112535467374,-0.087137764597995424,0.057248728734952507,0.99454994496963134,-1.5579148699026006,-6.6550450055624433,-0.53964283676901514,,0.09970208959165225,0.3113207547169811,False,5
0.71185149575375117,0.6884065737400199,0.139154005420879,-0.70087819572496979,0.70902995729479934,0.077757793280458939,-0.045135382467180622,-0.15288200970049395,0.98721319296263466,19.286381981172418,27.031409038882089,-5.1007712799851133,,0.1714985568072004,0.3,False,1
0.89261425717911158,-0.44078144991641616,0.094612373874484859,0.433275237475367,0.89674877853328372,0.090078836525171652,-0.12454861087642763,-0.039412454993899074,0.99143043221403426,-19.651494461003775,2.766744350403322,1.8458147943848286,,0.138676246091645,0.3698630136986301,False,5
-0.3128071960619766,-0.94568665737742286,0.088478269366898801,0.94958786032832965,-0.30932757022101781,0.050983819180465177,-0.020845949460485534,0.099965996016039144,0.99477245942557768,4.4993942941775487,-6.6743570188978483,-1.4487572594385962,0.1527072516612617,0.1310395310694032,0.532258064516129,True,5
0.85525711692059536,-0.50809805574640199,0.10184119845817008,0.50160284603972238,0.86105937066927929,0.083494580826989129,-0.13011475243615117,-0.02032549948587007,0.99129058568571515,-5.5747839163007242,-17.532398750557576,0.9000332693194778,0.1902427188293498,0.216828395321591,0.8405797101449275,True,5
-0.70402535590764792,-0.7039017936474109,0.094183667050439346,0.70850041211537906,-0.70526300146844978,0.025124983423923927,0.048738734815836439,0.084417792316975659,0.9952377465052662,5.095339272598796,-20.293413777899755,-0.31198740119622687,0.3025316069858014,0.3151931755722189,0.6744186046511628,True,5
-0.21878555674266356,-0.97577295634557615,-0.00013351186502036372,0.97483895129516551,-0.21858211747715262,0.043713578633500942,-0.042683711161820487,0.0094337470720628064,0.99904409573233333,-11.366358051121631,4.9767790114596444,0.43179662195795387,0.3976431035704906,0.1128218831074844,0.2685185185185185,True,5
0.52223496132946423,-0.85237581504871918,0.026946522693009622,0.8452603894206191,0.52155122931548858,0.11627204855857018,-0.11316147419381239,-0.037944500517657617,0.99285179943370649,3.1676290736125035,-12.038393243824702,-0.69495693423169025,0.5150731800516637,0.2450751334208207,0.6119402985074627,True,6
0.6113198071816065,0.76844052098586468,0.18917520729317613,-0.79098826065894778,0.60085581532139409,0.11536836955680214,-0.025013293409216306,-0.22016233760894593,0.9751424922806865,-19.432694937549087,-2.6792000233281965,2.072892370224491,,0.245120763632562,0.1904761904761905,False,5
-0.63873067829979824,0.75713574125787952,0.13699850330774224,-0.76093511304349859,-0.64797032101585572,0.033349914843778417,0.11402137666314076,-0.082945357871859859,0.9900096935239332,-13.772658065389155,4.3037463163475955,0.81930018985670627,,0.09097951888362579,0.3983739837398374,False,5
0.77922684191778335,-0.62671160428523942,-0.0061720247130769706,0.61577248638831639,0.76371695187617639,0.19380573372352169,-0.1167466224007707,-0.15481919283856033,0.98102051134868129,-4.2023732523494974,-5.4611180480110288,-0.22371021125486673,,0.4931318498492285,0.4549180327868853,False,4
-0.2698226487552452,0.9454693704122562,0.18243740798135724,-0.95969349632443379,-0.27952375736890733,0.029238026249272589,0.078639248033589973,-0.16719491223904168,0.98278264636189627,-5.8310163598879514,23.357286652943614,-1.151339922775086,,0.1711761319432289,0.4230769230769231,False,3
-0.66627498832503018,0.67290061700970205,0.3213757918083503,-0.73405471012881285,-0.66771686113383011,-0.12376540669868434,0.13130621641866955,-0.31836920860150464,0.93882891122092427,1.8626188793035676,0.77783883676496179,-1.5683481190061299,,0.6049183940516976,0.3194444444444444,False,5
0.98087394906689618,-0.17014020941938382,0.094544196969679986,0.14667701865243155,0.96540540251648754,0.21558817451616952,-0.12795369569163567,-0.19759736316739729,0.97189666828739851,1.148045987380057,29.234816363429282,-2.4684089050781877,,0.4060186859649351,0.78125,False,4
-0.56353378539470045,-0.82300565770854794,0.071353767233691384,0.82586059255676314,-0.56331852596456278,0.025030380878124737,0.019594753902805066,0.073033729774894474,0.99713696147252306,2.53004005062561,12.469102478773799,-2.0727882799015265,,0.09226902198596794,0.3,False,5
0.98208765618509464,0.13641779155623018,0.12997700456537492,-0.15089519943470459,0.98253045554042795,0.10892448174345046,-0.11284712825954973,-0.12658629500241919,0.98551582207549193,4.2901397383903577,5.1172538319537058,-2.2686747267910299,0.3390902280702631,0.2253834185945516,0.6111111111111112,True,5
-0.66468993437933188,0.72048974964284718,0.19769120312848598,-0.73775258633799923,-0.67473033864765253,-0.021449742656229218,0.11793393271825506,-0.1601046244429338,0.98002964074847998,-12.336760565104463,0.91647314004254432,0.77077120076514771,,0.07045420208276473,0.2439024390243902,False,5
-0.86250562960177346,-0.49592714001798743,0.10069910972212602,0.50058139919687183,-0.86529512737809622,0.026126716476194304,0.074177501193768008,0.072942541286308088,0.99457382028049846,-12.103998215714544,8.5678995436394274,0.36512958607950186,0.1318001868176207,0.09135657325498872,0.4411764705882353,True,5
0.71494876165820365,0.68392244941938951,0.14525271558075434,-0.69797424454892354,0.71032696452509214,0.090926109643641506,-0.040990512923848532,-0.16639016391827624,0.98520763862319338,-13.64042068523924,8.0408423843967949,0.63449194357096317,,0.07910123712671231,0.2,False,2
0.82953169649936709,-0.55586640155062572,0.053756005525350273,0.54352532902123019,0.82571121409691206,0.15093444811231066,-0.12828632512955696,-0.09598715821276764,0.98708109304301428,11.901880550071809,10.780633453448512,-3.5594346054344195,,0.1792332586407356,0.4,False,5
0.80625983351834973,-0.59142367510860139,-0.012771741306432216,0.57617188905945071,0.78020910601979643,0.24351530781750377,-0.13405608942762282,-0.20369532985521607,0.9698129600508274,-4.6237013147433048,-15.32441093670373,0.61895268859990726,,0.3794411589191423,0.2857142857142857,False,5
-0.2945493642902271,-0.95398841403482526,-0.056096148562468875,0.95144065696259361,-0.29824501894011368,0.076227193021914982,-0.089450255867784073,-0.030919485195113089,0.99551124411553371,-18.703522338912311,6.0574786995963636,1.5105162370026273,,0.1945911131710107,0.2790697674418605,False,2
-0.89576606791217106,-0.43080970354361497,0.10957258283818647,0.43694752878060589,-0.89864772708372975,0.038847389870734786,0.081731320004575447,0.082675642966412943,0.99321937626609003,-3.5880951296991488,5.7055306284094804,-0.77961829545116468,0.3255724188831794,0.2696636455920301,0.9333333333333333,True,5
-0.8851242924723588,0.44184826108147252,0.14603116466900104,-0.44799446709341656,-0.89397497590714414,-0.010473772267279947,0.1259203888534014,-0.074691744062512833,0.98922454429715223,-22.278367081581639,10.475001341798283,1.8639769931326744,,0.1151467430996909,0.3,False,2
0.97617678275102648,0.17479953456377631,0.1285457565777384,-0.1898445109587267,0.97494642754601468,0.11592465257272226,-0.1050616508374863,-0.13756666068329074,0.98490479915154816,0.21838506239054145,2.1813213807346123,-1.3757920476160186,0.3739007920636858,0.368697709642555,0.9135654261704682,True,5
-0.59519626618496713,0.78212684472150373,0.18444241238245163,-0.79556647652410795,-0.60586343814203425,0.001864337343185557,0.11320506238896524,-0.14562655351514037,0.98284155425013053,-6.114814728325987,14.853772042286016,-0.77986235156510098,,0.09107374530259403,0.3333333333333333,False,4
-0.46656100507353515,0.85951009289350699,0.20871806045229935,-0.87989586955566668,-0.47504785580329867,-0.010620425394840878,0.090022704267599701,-0.18860523564017351,0.9779181856400182,-15.12974907476527,14.259975886509968,0.61654463003942483,,0.3488964143217264,0.2727272727272727,False,5
0.8418448784689252,-0.53961173764553416,0.010787640650718466,0.5272929310286435,0.82656208373058182,0.19686870402931531,-0.11514931820407766,-0.16004466356029251,0.98037051168576572,0.003355571405235562,-27.494623949956605,0.9226927174136762,0.3837514167024406,0.327025173852366,0.3125,True,6
0.55291258970205637,-0.82798612980184005,0.09341647073581022,0.82591803314867862,0.55942851884373057,0.069993819899523593,-0.11021374990799662,0.038453883550026574,0.99316374690739562,-3.5452352271425882,4.150751252897745,-0.7906270661649778,,0.08051070179061338,0.3829787234042553,False,5
-0.55759743656838545,-0.82601811164656369,0.082335763579449189,0.82976401341419226,-0.55748519099438565,0.026494223233112141,0.024016260640200002,0.083092364593859699,0.9962524168959711,10.146374800150257,19.44554219103555,-3.5038092013963253,0.2716080071508564,0.159762747097712,0.7894736842105263,True,5
0.83357876160900257,-0.55112721933530828,-0.03748648159181156,0.54749170836631311,0.81523984251283321,0.18877719261019676,-0.073479775887914989,-0.17788419628337515,0.98130420117722938,-23.709518741254527,-0.71456543533132377,2.6383304746362737,,0.2650066137452004,0.3333333333333333,False,2
-0.98328625332257424,-0.14457191297388616,0.11066664360106231,0.14713710945739114,-0.9889972805484476,0.015331343329863349,0.10723252793521713,0.031358269194034977,0.99373932392040143,-19.376041901965937,8.865879923729425,1.4833239859797409,,0.0859025360483406,0.4864864864864865,False,3
0.25130987875008748,-0.96783527436945227,0.011756977878060376,0.96575512904106331,0.25154220384784409,0.063588917385430974,-0.06450097343062261,-0.0046261614302228748,0.99790692103869372,6.8623024545215339,22.05238197606511,-3.0451732556449693,0.2170803478259982,0.1784788129122739,0.4,True,5
-0.95685667299406096,0.25838363377291779,0.13290299148265497,-0.27188954665406928,-0.95753648958784743,-0.095916346511042361,0.10247624977027961,-0.12791313031149024,0.98647698874679002,-0.35020716675878072,-5.5016085944591069,-0.81329998464920183,,0.3426799536495254,0.2545454545454545,False,5
-0.59110322249498204,-0.80632617944538798,-0.020858396320213787,0.80542033941340307,-0.58864866270293403,-0.06921581291327368,0.043532254883545035,-0.057713466704491845,0.9973836265678836,8.3255721631966679,4.0015599813966682,-2.8178942693029687,,0.1982393025857936,0.1875,False,3
0.06767474185124131,-0.99741567643728701,0.024126701235733586,0.99576366637784697,0.069031899696080146,0.060739752601567283,-0.062248293447428112,0.019913945402677685,0.99786200686336568,-26.928231407494959,-6.9488915639887496,3.4742058589486029,,0.3952394167299927,0.3888888888888889,False,1
-0.4457419831649248,0.86971303574209136,0.21192762893138195,-0.89167037570467722,-0.45226962309210594,-0.019394048540884536,0.078981172027777491,-0.19761433016965729,0.97709290805773341,-13.530162825244958,-7.3447680722490629,1.3947085930997094,,0.2221962156768995,0.753968253968254,True,3
-0.86619402571617554,0.47415233698839515,0.15775763417993083,-0.48356227697763771,-0.87494210948515172,-0.025373792264365189,0.12599775433636873,-0.098264268063808988,0.98715181179192291,-3.2584961509925425,15.391163453380253,-1.1930219147456309,,0.1172669434155428,0.48,False,5
0.94639574381756131,-0.32287556849328003,0.009298567316920664,0.29697747045884759,0.88108542252576749,0.36809354823530338,-0.1270412457584954,-0.34560070237592466,0.92974226342218025,7.1317756866928201,4.8663921540656014,-2.7151781941513367,,0.2431779793281821,0.3478260869565217,False,1
-0.44994881351174898,0.82005393389055681,0.35363485508359066,-0.88731291980258797,-0.45534217005038069,-0.073070449055805564,0.1011031531198511,-0.34666273766361622,0.93252511963206197,-23.073229822100544,-10.119470465293587,3.1212044562663039,,0.3617859934502776,0.35,False,1
0.45113623215963505,-0.87822027636201017,-0.15876160184201538,0.8866135286273944,0.4207142404679981,0.19213531357435704,-0.10194386145172708,-0.22743938545043202,0.96844141539808259,-9.6349112241849024,20.412713126417362,-0.47475810947386793,,0.2262716854294445,0.3636363636363636,False,2
0.42794004576739975,-0.89505358237979893,-0.12548466797853808,0.89870458876180948,0.40667046449058603,0.1641621011362786,-0.095902968499741947,-0.18302518400509588,0.97841933885877297,8.3357572245820588,24.299785116059262,-3.360584790172255,,0.4149990712251106,0.5,False,3
0.3672195544476074,0.89337501766396055,0.25890321868454913,-0.92960057313770827,0.36193267787662908,0.06962406988317385,-0.031505130587660142,-0.26624390039768248,0.96339068515721304,9.4605146496907899,-7.4505756052439782,-2.0081260992543117,0.7817677757237352,0.5808339918605662,0.2156862745098039,True,2
0.27494457770185005,0.91525471177559337,0.29447290497587009,-0.9612470483683847,0.25522643130582678,0.10422850265623815,0.020238359504185736,-0.3117182723798344,0.94995901357327606,-29.179383764742123,-5.0997025125884505,3.6749496674235673,,0.1475589328200961,0.2631578947368421,False,1
-0.69890421985113316,0.68870212725570623,0.1929307424640872,-0.70342257615548776,-0.71068235228329268,-0.011281556092273611,0.1293428422026362,-0.14359656704305651,0.98114751954249635,9.6630306096698693,-5.013651734619569,-2.2172992731889973,0.4729523169319748,0.1704435755035985,0.3636363636363636,True,5
0.60183868663053297,0.76271103795584216,0.23677429728573995,-0.79861522872756374,0.57404341777327927,0.18079787320539051,0.001977806677919608,-0.29790271413918545,0.9545941866517158,-14.683456051097773,-17.596436809868873,2.2007328297176727,,0.2166967035289171,0.4444444444444444,False,5
0.27634915344203881,-0.96103457547295013,-0.0066098515411629477,0.95732727224890612,0.27466471761157002,0.089909881035547534,-0.08459101134481288,-0.031174310656119725,0.99592797086675822,-11.120574269615062,-5.322775244753859,0.87012730984715914,,0.08539217209492772,0.2074074074074074,False,1
0.28275258571204509,0.94619411600207481,0.1573774765212772,-0.95896363668594231,0.2752672365336663,0.067946243495804831,0.020969472745520839,-0.17013125325515949,0.9851982733838931,-16.614192767745649,14.840773318288903,0.80889968597809814,,0.1105929854711825,0.4137931034482759,False,2
0.25682399657233385,0.94598600664426846,0.19786841591786347,-0.96618530927930668,0.24644790089639085,0.075824667995405631,0.022964819125449752,-0.21065115090355779,0.977291517258562,1.0013408937656925,-2.0011692105718977,-1.2672985904222747,,0.07366970550173568,0.2597402597402597,False,4
-0.79791776605433695,-0.60274060738953417,-0.0055676582646298073,0.59949662395273806,-0.79259482765134159,-0.11134288055196719,0.062697978309717281,-0.09218025484904864,0.99376645351502924,-19.920887241216239,12.435710096630576,1.3920652949044292,,0.1522548013749505,0.2888888888888889,False,4
-0.44291333635012781,0.87640841412087278,0.18903985860483508,-0.89181230892866481,-0.45234141889031448,0.0076188187812327793,0.092187754753670026,-0.16521359633648344,0.98193985837170472,-6.8622241496648115,-2.3043913893988077,-0.04306381726875072,0.4453232274656755,0.3699998536453282,0.8648103309120259,True,5
-0.97744975473183748,0.1314853751952284,0.16523792871021253,-0.14491041142028402,-0.98682497900535937,-0.071954384668877575,0.1535999662652153,-0.094276491878107105,0.98362543350733,-4.6780835018164471,-10.524527961043946,0.30425771292942699,0.5926762652967672,0.2396376021401546,0.3365384615384616,True,5
0.078214803176585287,-0.99553571336910041,0.052830748345306114,0.99448179913571011,0.081629092972322417,0.065898728123675518,-0.069917063381196021,0.047384961614345363,0.99642675077546849,-6.109824383788764,13.749274939204982,-0.76810664951951191,,0.3280006081969653,0.46875,False,4
-0.85333164580251342,0.48309405506166181,0.19607456805015344,-0.50443931848432666,-0.86006983748032517,-0.076294486194189215,0.13178040916252359,-0.1640122209490727,0.97761644582132035,7.5495289102635601,16.080458797699276,-2.9169413414294163,,0.3396034379338209,0.2222222222222222,False,2
0.65034355836957369,-0.75447141844719656,0.08846544429027671,0.75046554443218338,0.65616225899551139,0.079073108513666307,-0.11770608610988444,0.014965581050616322,0.99293570218645577,4.7702970170836894,-2.7311515104086386,-1.7609228107804038,0.2496370965243605,0.2700085755655413,0.7474226804123711,True,5
0.79486917823354808,0.58550342128692168,0.1592756514839368,-0.60350396242041271,0.79009742452138276,0.10737330723945257,-0.06297584328283258,-0.1814712192772906,0.98137772531112044,10.66470864458717,1.4023698948160699,-2.9121581350281578,0.2449536745980099,0.4207271232036622,0.9382716049382716,True,5
0.50048987885487062,0.78224654507547053,0.37094504159151048,-0.86566744183717492,0.4578191161915427,0.20253774214372239,-0.011391282057747025,-0.42248313524575776,0.90629919956159988,-26.637730283847475,-10.294621992195248,3.6611439955466119,,0.3277101880267577,0.3333333333333333,False,1
0.80657563723874681,0.56084854012929064,0.1867743463320157,-0.58729286848698614,0.79623429351757391,0.1452516314913414,-0.067251974225562713,-0.22684766884720778,0.9716055306045509,-7.4843766682883901,-25.759913922137294,1.7606975344389857,0.5522013085844859,0.4540878922927624,0.86,True,5
0.1523922409165723,-0.98693905991307562,-0.052229272695665852,0.98628524154935593,0.14847655510931121,0.072084220775414792,-0.063387910600937236,-0.062498036775282428,0.99603010405754377,-29.157144732905433,-3.5303639619469411,3.598273285553677,,0.4107620723333223,0.2,False,3
0.90294169543296343,0.40607223314601371,0.14071828636127903,-0.42206530408195192,0.89958021173128067,0.11232240093460369,-0.080976377659505966,-0.16081288545795658,0.98365748212059623,13.174406094440297,13.105886560979137,-3.8756410863390078,0.3227367261659578,0.2339080889046578,0.4,True,5
0.99243732608213997,-0.059212924925198959,0.10752666330141372,0.01834359759838752,0.93766716249813709,0.3470501473848433,-0.12137407559310709,-0.34245309444432787,0.9316620695721296,12.129751276796163,0.10101782618304291,-2.9705822751115192,,0.4791904645315175,0.2702702702702703,False,2
-0.87774081195919385,0.41244853699126804,0.24383861743985297,-0.4615035466365221,-0.86455835470196973,-0.19888018442503463,0.12878487280394302,-0.28709764131526211,0.94920461486872587,-7.1184170784144563,18.358160782443214,-0.77814752252354169,,0.1614139480302051,0.4210526315789473,False,5
-0.30712936408072528,0.93600265718274445,0.17196098239487762,-0.94765549607896715,-0.31737526633762347,0.034957131868179447,0.087296130903357222,-0.15222340839688428,0.98448332614897016,-22.381313377474953,-1.6114404588504236,2.4852025887336642,,0.102034574096383,0.4615384615384616,False,2
0.94969528497412314,-0.30205650823597585,0.082708714959241064,0.28244967786360292,0.94019159687201703,0.19042568273737021,-0.13528135559886315,-0.15748532313690849,0.97821128996950213,-15.97657632096808,31.902616403363659,-0.10924568358902854,,0.3438207981411276,0.3888888888888889,False,4
0.98047419435983529,-0.14607485244530857,0.13165292126464248,0.12564387680943051,0.98035755164952054,0.15202857344609674,-0.15127448699212126,-0.13251870964826026,0.97956869140373803,-1.5454854707726462,-20.833867463698443,0.61689121725884477,0.2461314010028381,0.1721949741788228,0.5789473684210527,True,6
0.89407979208918043,-0.44651978384966085,0.035233620430229484,0.42928143318741502,0.87669274907235495,0.21708817297245203,-0.12782322362672674,-0.1789690094815595,0.97551592357421968,-10.300465646891556,-9.6188720220991684,1.0667112450783849,,0.1040690704412038,0.3055555555555556,False,5
0.69869858019633024,0.64761006558079692,0.30400904096764514,-0.71428122855820153,0.65539998831146484,0.24546523552372379,-0.040281764621449778,-0.38865416282315401,0.92050275456362152,-20.713907881138368,-3.9888699975762312,2.3949754602220024,,0.6285290579719583,0.5849056603773585,False,3
0.78059949053898225,-0.62066449385781985,0.073756500964307276,0.61244009017891998,0.78309682210356757,0.10805786946321812,-0.12482616437237037,-0.039178479749853959,0.99140479896587774,-9.3454221087540432,-12.58898282195886,1.0852068413200981,,0.07318637822622623,0.2285714285714286,False,4
-0.37044257535575925,0.91635125034102138,0.15189695310387213,-0.9238312285935224,-0.38046474633863686,0.042218927850675665,0.096478803056300494,-0.12468746044379951,0.98749424189151624,-13.56351758182204,1.1117755254121657,0.94159839586481897,0.2922826153197104,0.2112025475426408,0.7662082514734774,True,5
-0.79633126812726929,0.55674717570884014,0.2364087429496739,-0.59544413554131403,-0.79027415123384803,-0.14461344108027493,0.1063145937878347,-0.25592840450378079,0.96083185777527003,8.4226103821479441,1.0940579055041677,-2.6522624631640532,,0.1329686353599305,0.1785714285714286,False,3
0.88137298433969691,0.44939753231047336,0.14568294488166272,-0.465939699266889,0.87782236737034314,0.11103192329869604,-0.07798627522338461,-0.16574000512122472,0.98308107070536122,-20.160314539380522,2.1221297345198993,1.9636369864333143,,0.06847423944908054,0.1282051282051282,False,2
0.81648508085570437,0.55302906991663459,0.16586428357906438,-0.57377220480484681,0.80920482338116773,0.12638437723879664,-0.064323943702475933,-0.19835927415625276,0.97801637441443989,-24.459586237067889,16.36762782108584,1.8874260239242202,,0.1363997204859849,0.5,False,1
0.66900971641908025,-0.73850745762734271,0.083861399735884259,0.73279246560974876,0.67424529937305067,0.091697756891495147,-0.12426263188283249,0.00010631154769843998,0.99224935727638941,7.037501975545446,-13.312683423258177,-1.1163648216506987,0.6439579268147515,0.6820600221331574,0.8780487804878049,True,5
0.26583517574610194,-0.96214614508626228,0.060053766174033824,0.96021072732676171,0.26980225655681794,0.072125595203517967,-0.085598005015606785,0.038490750219960873,0.99558598005639598,-2.0869792127099571,-22.059414156614274,0.77306702368827163,0.2725549964914684,0.258480980423605,0.6060606060606061,True,5
0.89202197882766898,-0.44227893047508771,0.093199447134527935,0.43077010798748738,0.89431112867363582,0.12101536759823289,-0.13687185011103459,-0.067800831767018788,0.98826572532840695,-0.44751022001941004,-19.395755164512625,0.35426672987282609,0.2352487896864639,0.2195934854311488,0.4857142857142857,True,5
