axis_00,axis_01,axis_02,axis_10,axis_11,axis_12,axis_20,axis_21,axis_22,location_x,location_y,location_z,dbh,dbh_approximation,score,reconstructed,number_clusters
0.91661621304342122,0.34029675934641646,0.20979235821226516,-0.34740494293038138,0.93770988552842793,-0.0031585138594077133,-0.19779920023466935,-0.069987757219306709,0.97774086046658393,19.612463682124872,26.927351065719765,-2.1774140664959125,,0.4054576047461363,0.3333333333333333,True,5
0.8221210192448688,0.50571154811046704,0.26148204493519739,-0.52662273921429603,0.85001728141437316,0.011794568213787007,-0.21629960762379874,-0.14739895320060109,0.96513627449037365,-12.610435478295949,-7.98309983137871,-0.60376660510760483,0.2114309442439511,0.1699412172163148,0.5615384615384615,True,4
-0.96782426046009495,-0.19367221304102014,0.16064642778681676,0.15844563414242233,-0.96502640860776001,-0.20885165000740408,0.1954768065169801,-0.17667796859088927,0.96466248684631717,-15.07495501918595,-14.119606910641304,-0.79563226850486335,,0.2213838701281924,0.3333333333333333,False,3
0.97710619179631331,0.017567343685343455,0.21202565502586654,-0.051774976497172054,0.98625877034997689,0.15688527565220839,-0.20635610425190729,-0.16427119754720593,0.96458910002880693,-12.159857732570844,-11.076424788419216,-0.88769633290176775,,0.5636691179864513,0.8194444444444444,False,4
0.28251058357005676,0.91115602978314447,0.29997076451001364,-0.94722843137917234,0.31435614370100518,-0.062757578860121871,-0.15147959914740156,-0.2664111564992146,0.95188183443896679,-16.77816491195416,27.38515613459607,2.0963177201321419,,0.5626667999944299,0.8142857142857143,False,4
-0.8861121437109416,-0.44784082443484724,0.11934766330983021,0.42044536080505795,-0.88509457087834609,-0.1995828128351273,0.19501530028565658,-0.12667358276765214,0.97258564460067132,-4.5468455528403044,25.349483053639293,0.85452012831890867,,0.1690864038596823,0.4210526315789473,False,3
0.94308287836787175,-0.28809051465742419,0.16612808279694807,0.27822710383773175,0.95714608270526158,0.080380688302849584,-0.18216575753812017,-0.029584315547132416,0.98282267223246855,-17.268413723447679,-24.549730526639056,-1.35090100548161,,0.237829791104648,0.3846153846153846,True,3
0.48081516711975197,-0.87655454601007576,0.021654166727817475,0.87681654329579617,0.48075246615815748,-0.0083555781165744331,-0.0030861740743724636,0.023004220306738488,0.99973060440183747,4.7870990483325393,-10.044468182309378,-3.15487410369512,,0.0892996167060986,0.2045454545454546,False,5
0.89052486754303695,0.39571825290658591,0.22443824229399095,-0.40684771751798687,0.91348862023051369,0.0036708935910586687,-0.20356914068163973,-0.094581208630001232,0.97448140050809995,3.7271541228079434,-8.865099718534637,-2.8788338960044855,,0.105964577877813,0.2051282051282051,False,5
-0.81776126892527257,0.50351878935925998,0.27881057334311143,-0.56799978405147566,-0.78425847258690695,-0.24962951246423182,0.092966404486816007,-0.36250169232410262,0.92733476732998488,-24.012892012132362,-18.391655113936846,-0.11971639640537918,,0.6171855558412969,0.3142857142857143,False,1
-0.70348937329718308,-0.70948872379974082,0.041574661260824153,0.68773927690262227,-0.69434122699595469,-0.2119078750287752,0.17921324912906239,-0.12048241072774035,0.97640493651037941,9.2424462517050792,21.500252220070507,-1.1625486768106534,,0.1779742138385079,0.2666666666666667,False,2
-0.93279509497990487,-0.32373920108143134,0.15838636451596719,0.2960555995006382,-0.93890446904133318,-0.17552629437929793,0.20553440779038951,-0.11683889633750685,0.9716502866344896,7.3904495862717079,22.018936033566195,-0.86590959602039019,,0.1435459448806326,0.2592592592592592,False,5
0.98165230458019914,-0.071871091680636517,0.17661624810027468,0.083484637209840035,0.99474784110053172,-0.059220334141010272,-0.17143240143661759,0.07287852088554668,0.98249664270734793,-1.6395446504137186,-11.425146896977987,-2.3573242865007553,,0.1069267682284867,0.5074626865671642,False,5
-0.84316862864634678,-0.53278238385145904,0.072177525062830913,0.50040182094964825,-0.82674948034622597,-0.2570667507429189,0.19663336760813327,-0.18063285472139973,0.96369450062677176,17.143836513149665,23.337498632422104,-2.1227652607163496,,0.221705677496635,0.25,False,3
0.26886566217728003,-0.96317765789595333,0.00023458908382908983,0.96219434945733484,0.26858015838024224,-0.04524082665933396,0.043511947489725006,0.012389425108114055,0.99897608208161937,-19.583962155349788,-13.55840514222003,-0.28344266205093077,,0.1989860762199234,0.2666666666666667,False,1
0.43001401820873897,0.85352774101669904,0.29424197433218846,-0.89910666530169203,0.43439993106656216,0.053887886388659642,-0.081823887429314554,-0.28772746689236361,0.95421054083554258,4.1567391436642129,27.343603255305194,-0.13804104373120846,,0.257234105496615,0.25,False,2
-0.23256035360298941,-0.97239693100492097,-0.018970780275549354,0.96246563924954864,-0.22729157307202524,-0.14831869091386193,0.13991274136407345,-0.052751771369829698,0.98875764240856079,-10.346534948094661,26.263127009412962,1.5312187601916398,,0.4060221737229271,0.6875,False,5
0.80490148682582441,0.49341107932412676,0.32966513814138548,-0.54133735309709352,0.8381063164575121,0.067317697939355214,-0.24307913659426059,-0.23264416845092395,0.94169486790486878,15.051442300980122,-11.175419094182711,-4.7941594130465326,,0.3695038178053658,0.1111111111111111,False,5
-0.98121513487926248,-0.098179743692940885,0.1660650385007601,0.039270284845306078,-0.94443937590360194,-0.32633128867913219,0.18887748360256981,-0.31367977807184677,0.93055375611340074,-12.387323929733094,26.730520990518229,1.7154631450576281,,0.5207998416061288,0.6666666666666666,False,5
-0.79657287515698383,-0.59047399184564853,0.1296615575951548,0.56736191474095155,-0.80424103630618882,-0.17690905353494271,0.20873934048381496,-0.067355923830148962,0.97564904922793338,4.3884398018916446,20.89681842288309,-0.62124912778329378,,0.1224727895110894,0.2941176470588235,False,5
0.91820398287863192,0.32331610643519015,0.22884086423845781,-0.33787453364866571,0.94081906669813686,0.026462865471106017,-0.20674197768598487,-0.10161780875827761,0.97310409289327959,-3.038028585322083,-16.505463023236093,-2.5940217006987036,,0.0935463652338969,0.32,False,5
-0.71002701981744987,-0.69360860774082289,0.12152666537425363,0.67617806802775748,-0.71974679628560145,-0.15731423824581214,0.19658293783387748,-0.029523693949907753,0.98004260113943642,-18.401690173852838,-17.039738074250192,-0.58635089143970109,,0.2773474960736724,0.7580645161290323,True,3
0.7495104938883127,0.61921649626330832,0.23410457130669021,-0.63250895380298999,0.77421757519916445,-0.022794069662361582,-0.19536233749201493,-0.130988843067331,0.97194417539359645,16.969666402572052,-9.6293784776153419,-4.9287001021742887,,0.1111468636619005,0.3636363636363636,False,1
0.80852794344233836,-0.56937312279763075,0.14864996370190028,0.58110501916667834,0.81233923423474308,-0.04921305946803807,-0.092733604330881736,0.12617137376831711,0.98766454986965024,-12.055958881539249,23.194354533227415,1.5658257623966594,,0.08972365863271667,0.4285714285714285,False,5
-0.97154849540041588,-0.16818803579089142,0.16675222847682811,0.12058332433321008,-0.95724830561544183,-0.26293600607204076,0.20384597856700129,-0.23534754303617916,0.95029382351401959,-1.1278932219691371,23.22066396942774,0.27763608848475002,,0.3649948826171988,0.3529411764705883,False,2
-0.032345646423208731,-0.99872431695858987,-0.038774964514005084,0.99453708641157457,-0.028309270763627072,-0.10047173204840983,0.09924587099441759,-0.041812963353836163,0.99418405397900556,5.8716583108784022,23.15263670404763,-0.62817691177947432,,0.376350021353884,0.2727272727272727,False,4
-0.48970729003536512,0.79750044857243829,0.35239155014412343,-0.87184927440758264,-0.45166269204592924,-0.18941925807265619,0.0081001729111310761,-0.39999230885178738,0.91648270035949198,-25.216282105215942,24.9790882636334,2.7083639076717128,0.4663051507830782,0.5921186905270363,0.6470588235294118,True,4
-0.65811056342495888,-0.74971391533121767,0.069422845427275948,0.73030176528785473,-0.65805107385194606,-0.18337970394715059,0.18316609382177435,-0.069984493718515978,0.98058775880236093,-17.848301073569445,27.095764906012857,2.210292458123857,,0.1624070033742086,0.3428571428571429,False,4
-0.88386606003534185,0.40002258098192262,0.24241023621572139,-0.44562355220421512,-0.8776403553717087,-0.1765419393343047,0.14212824363404303,-0.26406313890352295,0.95397600652947279,-27.83347811070163,25.353955227760725,3.0769062026673271,,0.144786704580435,0.3809523809523809,False,6
0.95868771693192201,0.21647773025929359,0.18454065596947167,-0.20932439158176744,0.97614589280934139,-0.057641088126236015,-0.19261661530818491,0.016630942644303003,0.98113314654738926,-20.655981367757292,-10.297676300189753,-0.027157325423915194,,0.4176197640546027,1.0,True,2
-0.93025492246572095,0.28992101339895415,0.22488126915779094,-0.3545162251001962,-0.86819070069498205,-0.34722205196021627,0.094572857464509108,-0.40272908166220078,0.91042037620789151,-11.194443126225856,25.402693572869978,1.5481843296103743,,0.5925985999877069,0.1363636363636364,False,2
-0.97548139290104707,-0.16005332499990343,0.15105954210280212,0.11069605186465348,-0.95005540563831992,-0.29178949658784076,0.19021681367694837,-0.26791352965813969,0.94447864159053729,2.44724238035794,21.054177949153488,-0.39213551354312653,,0.1012575622484961,0.1153846153846154,False,3
0.98278050282168361,-0.060268107553833231,0.17467180220470055,0.035404255914497973,0.98921669323016748,0.14211570109566857,-0.18135330693620991,-0.13348441499535552,0.97431662667566588,-7.0584798769124362,-23.198335467411358,-2.6038095171756308,,0.3168223520350724,0.3846153846153846,False,4
-0.50085784839024328,-0.86019819386432128,0.095919148132452656,0.84842468052735998,-0.50985864565162609,-0.14219607211993185,0.1712220113710361,0.010160153879199663,0.98518008206378604,-9.4446898973506439,29.334266132837914,1.6220242446251185,,0.7259802504366479,0.8169014084507042,False,1
-0.27096773206912983,-0.96243229077750658,-0.017337065670779306,0.95258188363927354,-0.2655171609652156,-0.14862164107297737,0.13843497802060517,-0.05678664369138578,0.98874214735627741,-12.207532308811848,-20.053998573776269,-1.5826442239719751,,0.3986003966072459,0.6666666666666666,False,5
-0.23157887818021236,-0.97236952252531594,0.02947430821381708,0.96269324782556531,-0.23342336867181906,-0.13687673852398907,0.13997476119593444,-0.003323044054580282,0.99014949558455689,-1.1579099413603311,-14.917930771466722,-2.6969547469527102,,0.256184139984463,0.2608695652173913,False,5
0.27949997299554769,-0.95795751830706632,0.064785478422673001,0.95888927285928494,0.27504732552277994,-0.069859366717412288,0.049103232998245615,0.081647791407560538,0.99545090821566296,-5.5647206524565416,20.727520635983591,0.62145832775283461,,0.1419642782920387,0.2222222222222222,False,2
0.41050466852873263,-0.91177796727318161,-0.012118395574527041,0.91153554424925365,0.41067671147756762,-0.021156328135756602,0.024266616705515651,-0.0023615768368004386,0.99970273295040668,-19.275254350414034,-14.643280641897521,-0.3599438737342141,,0.3109767564964381,0.1666666666666667,False,2
0.74283711238407801,0.62473293225020976,0.24062790325924485,-0.63570949684218625,0.77093882250478707,-0.039073873362995851,-0.20992012788091574,-0.12394392004849579,0.9698306267557617,10.641057551183678,-11.067610860967672,-4.0977109705014767,0.2045058043615193,0.125757671316155,0.7254901960784313,True,7
0.78992304638371758,0.57469887337807024,0.21387563145398675,-0.57464898142019527,0.81549476579547853,-0.068897279430377351,-0.21400964684938115,-0.068479864910440696,0.97442823191718408,-12.495913585429799,-9.5142063224115123,-0.7133750475008187,0.3113771890723779,0.3065597874567844,0.7787610619469026,True,5
-0.97526906424349424,0.085098838297015006,0.20398146986948287,-0.13346284547880738,-0.96239532282496254,-0.2366070824834571,0.17617582469316334,-0.25797951532075569,0.94995191902987897,25.467321207658188,21.444200898081085,-3.4081697446653263,,0.3001419124649124,0.1666666666666667,False,5
0.59806001978857903,0.7659705650467159,0.23582473621844424,-0.78053987055536023,0.62344712807560021,-0.045510317156741045,-0.18188381787257926,-0.1568527079023514,0.97072936744480642,0.64890676750304022,-11.328131977587976,-2.6899674665490316,,0.07118505635877058,0.1794871794871795,False,3
0.9733211032386696,-0.15723376796799438,0.16710347752469684,0.16500109578331368,0.98572178560313151,-0.033573795997484834,-0.15943860379646352,0.060250341060959244,0.98536755985848945,-17.919250944832342,-10.439591548466881,-0.25832570267495275,0.2059557487735829,0.1819492693296611,0.6779661016949152,True,3
-0.17839205791885848,-0.9770787014365353,0.11616146034966834,0.97553345371580835,-0.19104429902708581,-0.10879593967862779,0.12849418022922632,0.093911059031097463,0.98725374582164871,16.372820023575279,28.494927702111198,-1.5785661728370923,,0.2681175097327165,0.4210526315789473,False,5
-0.81118055691843027,-0.57350543166260926,0.11435743933382778,0.55307926709915556,-0.81589954886527383,-0.16855637177663776,0.18997217791710186,-0.073480922795833375,0.97903581425936947,13.417664964540029,26.43876304020581,-1.3456709630219408,0.3072986340790966,0.2395655332276872,0.8823529411764706,True,5
0.83802909972040251,0.46181456812307536,0.29057620806099987,-0.49605119200823378,0.86665973511588057,0.053236438987620427,-0.22724533642964465,-0.18875435941500726,0.95536974458730317,-17.172554596403014,-14.286303063243114,-0.56469590296162231,0.4175750026556784,0.3710521838038373,0.3333333333333333,True,3
-0.95797268437328875,0.21001593902104526,0.19540123170477458,-0.245541545898739,-0.95252321702993215,-0.18002463791549639,0.14831616645629642,-0.22043780614054553,0.96405886147664832,-13.92167871033619,23.327311911930302,1.6744691462347501,0.1985355161148598,0.1295867833885213,0.28125,True,5
-0.089156338845002264,0.92125144613022536,0.37861183321011393,-0.99220448516639514,-0.048917743361203025,-0.11461812247692701,-0.087071274594113388,-0.38587929121347719,0.91843114371908186,-3.6855309797955926,-13.241854111794972,-2.1953926954221639,,0.3228287711553405,0.3225806451612903,False,5
0.79040152332664093,-0.59640642197004201,0.13987427124320309,0.60675569873269053,0.79362953232430411,-0.044717865312538713,-0.08433833042175666,0.12021458004584172,0.98915898659723689,-15.420833482402081,-12.520604513181755,-0.61800377246248495,,0.0816541444083936,0.4090909090909091,False,1
-0.98862311069523112,0.077668309861830848,0.12880985460161881,-0.10433935689395316,-0.97094420765069911,-0.21536165915155731,0.10834040613842934,-0.22635145078563537,0.96800174438117514,-12.927299571577617,-12.517047285560684,-0.91264945790071272,,0.1381091892676473,0.3478260869565217,False,3
-0.73283154127272099,-0.679540729789891,-0.034385006506761601,0.65159972981468917,-0.68635500198254096,-0.3230086738138313,0.19589722872279772,-0.25911620522492995,0.94577114989227717,-13.502158474313802,20.721737244498744,1.4618502633550712,,0.7497672590876785,0.3669724770642202,False,2
0.87082554879518825,0.43864953523261113,0.22192216835137063,-0.44915960069520622,0.89344481092372563,-0.003467410675401128,-0.19979618782369873,-0.096658962717811464,0.97505821788108393,-4.7433617975593121,-11.611942024538495,-1.8852308707564065,,0.1022605014458159,0.2280701754385965,False,5
0.38405784053199893,-0.92326399216716992,-0.0091200818766712655,0.92305698119450375,0.38416505203567725,-0.019570954563188109,0.021572774369252423,-0.0009019766986390898,0.99976687374809958,-15.408128511619321,-9.7164959400033126,-0.44025680992909189,,0.1052405281058189,0.2702702702702703,False,3
0.45400128029007603,0.86656533345236209,0.20723744920638618,-0.87662882602702918,0.47603518132305978,-0.070088569119330257,-0.15938864097998168,-0.14985002169275491,0.97577673272385268,-6.6876703123551318,-12.56660471796668,-1.7243166977679651,0.5611895711392666,0.5572606017466527,0.9930795847750865,True,5
-0.15385668005222702,0.93116945158108455,0.33053225931138602,-0.98417342884510783,-0.11465122227894387,-0.13512127584214151,-0.087924876790192133,-0.34609037789590025,0.93407208842214273,6.7910706879873928,26.924068544869197,-0.51988173755287259,,0.25439992191704,0.8518518518518519,False,5
0.28483752431837606,0.90675883441531824,0.31089548235693382,-0.94584543051370362,0.31854415365370403,-0.062498349973342783,-0.15570486927685862,-0.27625719607426957,0.94838702822247523,13.548368464826501,-11.69500725256129,-4.6480708884850976,,0.5198144221914365,0.2272727272727273,False,5
-0.14481286489982359,0.96234741145152058,0.23003628807660464,-0.98644090740946377,-0.12227043296982129,-0.10947272450508316,-0.077224156510115299,-0.242770263611361,0.96700518548628855,-5.3659597770394019,-25.614729628277281,-3.0719062727366788,0.1990315520326094,0.1135277413300212,0.375,True,5
0.95591998238601739,0.22999996194697758,0.18252946277109672,-0.22109377291271309,0.97287823245108263,-0.068010943252383826,-0.19322145547101655,0.024656892084082803,0.98084530218501675,-17.581190653240043,-11.700493885603752,-0.37637325926356602,,0.06731613848973012,0.1818181818181818,False,1
-0.98093117438069188,0.072388815066153606,0.18037153484248863,-0.099454727465036682,-0.98429572059009196,-0.1458447517495477,0.16698140109896106,-0.16100246545115435,0.9727257670102496,4.1161618913705498,22.728423027846286,-0.47172894358599621,,0.2016394821343851,0.7297297297297297,False,5
-0.86575409564361627,-0.48110729821215348,0.13786084826122982,0.45889817995663107,-0.87304772055506485,-0.16492464359851311,0.19970554901853732,-0.079520093313620824,0.97662390327628068,-20.509607259655013,34.441996644435946,2.8562387390195614,,0.1213339792952635,0.35,False,1
-0.97999945890090756,0.068630994157680397,0.18679091839502179,-0.10983582124080862,-0.96926852452857304,-0.22012410074900743,0.16594322199561015,-0.23623783354731834,0.95742077117356539,-20.118944654982933,29.223875052132673,2.5535516145613051,,0.1080458001316171,0.1666666666666667,False,1
0.91840174290229615,-0.39245635792888833,0.050162194481670058,0.37380832630904165,0.90224312816217467,0.21499923922229736,-0.12963631364728592,-0.17870463006124399,0.97532511573250114,-20.006198507102912,-19.939994314692456,-0.63830726032734997,,0.3794055987704148,0.3571428571428572,False,1
-0.89597736171887932,0.35599597846012182,0.26550222335697604,-0.42314102004521953,-0.86582377734419991,-0.2670222158182971,0.13481930292939584,-0.35159074206475155,0.92639500519594242,-13.485008394111487,-19.296736889546864,-1.3970721396633472,,0.2432621527433748,0.125,False,3
0.37422548575496473,-0.92426331447321364,0.07544939582561043,0.9273097891555423,0.37234185718247875,-0.038185027513488706,0.0072000519278642011,0.08425477380476179,0.99641823163937782,-9.7637542601731493,23.806403132998184,1.2746498767952044,,0.5014962747553126,0.2083333333333333,False,4
-0.18640600450269273,-0.97323349136978532,0.13442236704327906,0.97418004938386371,-0.2008337246145396,-0.10314575337793808,0.12738144632478213,0.11172460039591593,0.9855412628594391,-13.871087038830071,-9.4464686513959446,-0.56591886101732203,,0.08997569914145868,0.4418604651162791,False,3
-0.92356494913683296,-0.35328248989749744,0.14906128624731102,0.33329274520652447,-0.93184299022767625,-0.14347329910558493,0.18958831904570736,-0.082825864893561377,0.97836401476447221,-11.717962631036757,-17.269349107147708,-1.4731163437487316,,0.07105219693224564,0.2608695652173913,False,3
0.87513523213319089,-0.46179224940728036,0.14452073853446912,0.46563561281577315,0.88493987286181519,0.0080558982734525025,-0.13161231536928261,0.060244002246506459,0.9894689781071756,12.56300511430346,-10.938931929934737,-4.3336188913894986,,0.0835599914536803,0.4090909090909091,False,4
-0.82508840850461684,-0.54349897162893324,0.15439555042038072,0.5276658445754141,-0.83892483632374892,-0.13331869886736658,0.20198483759885405,-0.028530454561125629,0.97897300194780779,-7.9617514243646488,-24.336608747407357,-2.58366965142385,0.1603405828265717,0.1227324163427287,0.45,True,5
0.7650766364741447,-0.62654856482237842,0.1486426461027491,0.63882562732234704,0.76753588254281691,-0.052825059256275259,-0.080991099496296737,0.13537195030078075,0.98747905135964487,-9.5908125751596387,-15.487299566070112,-1.5893764882180621,0.2052203948038182,0.1711497242541801,0.7904761904761904,True,5
0.54400497194315478,0.78455460642509467,0.29754438330825872,-0.81951859587862963,0.57292019636724689,-0.012317451182564776,-0.18013289957763637,-0.23714240053537458,0.95462852479803539,-9.6967762560201862,-17.607442756498358,-1.7106255479272185,,0.09813615483021199,0.1818181818181818,False,3
-0.56783910739373,-0.82271837715936003,0.026329071357763467,0.80872308806852822,-0.56356868494953927,-0.1683962712447987,0.15338094711924533,-0.074329060457651974,0.98536768560385002,-11.305139914679954,27.473096676050833,1.6856208985067371,,0.1776954764593778,0.2352941176470588,False,3
0.2649073502969958,-0.95717402691797848,-0.11679887821484686,0.9632613030683449,0.26823020164018285,-0.013424639255560117,0.044178702671081163,-0.10895155401227091,0.99306485241831643,-2.1483456686663973,-15.554256150070124,-2.6579219297621499,0.4989920454147286,0.3528317324407049,0.4848484848484849,True,2
-0.94330516446629598,0.20126216118959867,0.2639486866125807,-0.27090131778822002,-0.92631260748011923,-0.26183473651138911,0.19180157119226113,-0.31849410621968322,0.92831765123340515,-10.245163894802996,22.757359996488049,1.2756424778404973,,0.5830655582308103,0.4594594594594595,False,2
0.85161696291245625,-0.51138482240794403,0.11503961009391014,0.50549421714361242,0.85931345280777305,0.077820217539846401,-0.13865116268581981,-0.0081211596695431876,0.9903079833322016,12.762293985697024,-15.712832643476544,-4.8503450261331142,,0.3628883341624734,0.2307692307692308,False,3
0.52828480652742471,0.8213111287139051,0.21532113933139879,-0.83212683650274455,0.55122441172656711,-0.06096372600681637,-0.16876045497750813,-0.14696828830530162,0.97463851302336402,-22.376171850390829,24.735010743679855,2.5375689804239472,0.1693975989797468,0.1295370976589343,0.5161290322580645,True,5
-0.94473708445547877,0.2332435708900005,0.23036770149706953,-0.29868427471191755,-0.90205331312984061,-0.31158871017945022,0.13512788496227326,-0.36317661944288071,0.92186940387218863,-29.110389735972337,28.54053361235864,3.4780528020094006,,0.3641122333675481,0.4666666666666667,False,5
-0.90949487457332223,0.35799910241477784,0.21131899061624734,-0.39837585307423889,-0.89583441303688116,-0.19691974026551595,0.11880973365944628,-0.26328187763133137,0.95737500494774352,11.237038357595797,23.618227716475346,-1.2544342474862653,0.2613864843966953,0.1432669099064144,0.1739130434782609,True,5
-0.097897052260363687,-0.99103733845143827,0.090890928886331795,0.98768418779334333,-0.10795256213047376,-0.11325276823313991,0.12204963064972683,0.078684421104528557,0.98940014631781326,6.5379497128742381,29.554913344651947,-0.29788551959796722,0.3652190783173064,0.3278153357819946,0.5238095238095238,True,5
-0.93770347571743262,0.27182956352074938,0.21638133011783689,-0.31881664455930137,-0.92073946393776007,-0.22493284931186414,0.1380874316489141,-0.27990628421620789,0.95004438489834875,15.975603754803052,25.365198018878502,-1.790088331335177,,0.312779575544081,0.5454545454545454,False,4
-0.67809431294579225,0.6975982033870245,0.23139760020745587,-0.73201316489851276,-0.66925248847924668,-0.1275062080041543,0.065915318142575369,-0.25584732419068074,0.96446737505144908,-7.6134135720379614,33.211313901954775,1.6832252956287048,,0.1734797016127173,0.1111111111111111,False,3
0.12361395660159603,0.94747022877929454,0.29499111056133709,-0.98559463544020987,0.151802166539416,-0.074560826346147815,-0.11542445288923719,-0.28152489731967162,0.95258644115081248,-12.719981389920315,24.385828741310739,1.6324135885975051,,0.7664815144703839,0.4054054054054054,False,3
-0.45869088736518399,-0.8837045619869619,0.093107018916796166,0.87074593395655142,-0.4678988209055886,-0.15123561714521333,0.17721226917534175,0.01170215871505681,0.98410307952731013,18.501518066743849,24.334079259975272,-2.2732493918831587,0.8107284911842384,0.2723517112591047,0.3333333333333333,True,4
-0.43568127998077477,-0.89809932280573401,0.05999523856269269,0.88521857793495817,-0.43959539053005781,-0.15213139683686339,0.16300273480258831,-0.013171901935812524,0.98653768779822582,-18.996438216138262,-9.4537302072944875,-0.10921122225750597,,0.6840276562957537,0.6909090909090909,False,1
0.92644859084918618,-0.34808594290377498,0.14328009235880235,0.3536261777512511,0.93527633901420748,-0.014376929060885182,-0.12900207332673927,0.06398707707788534,0.98957774785230079,0.74414199232560718,27.185567416371537,0.31075226559971325,,0.2036387656518779,0.6923076923076923,False,4
-0.89986615733637654,0.32483429718871315,0.29107314931229633,-0.41525882601506797,-0.8421865347205848,-0.34392142729396863,0.13342041184635486,-0.43035394747259836,0.89274546965946655,-19.052030787360355,-7.1051480942292411,0.038691048607585134,,0.469049544623351,0.2592592592592592,False,2
0.65276669760964778,0.72554108187110988,0.21791231495510596,-0.73398337153520044,0.67692492560308937,-0.055145765087366211,-0.18752079565107993,-0.12394669666655175,0.97440913767463999,-2.3490633485897372,-9.5523934051037713,-2.0352848611308798,,0.07341813922270558,0.1904761904761905,False,4
-0.52540586674973455,-0.85060541576654336,0.020471977275886288,0.82993338516339332,-0.51764269242937044,-0.20798225685308197,0.18750800349902258,-0.092284720528895331,0.9779183396279636,9.5794456731470632,23.941747358886253,-1.0257430193598063,0.3475346624163244,0.2414896253535033,0.4583333333333333,True,4
0.90131708821854772,0.37831113762278318,0.21096964150274128,-0.38589073932562229,0.92252717729234068,-0.0056519430067498572,-0.19676342085856352,-0.076317038121133371,0.97747627383198143,-12.249526661588392,-16.511590717664529,-1.3744123803417954,,0.1256026188170875,0.3125,False,3
0.76334126346011244,0.57823106104426258,0.28802596331363067,-0.61547210918502993,0.78641666923653086,0.052372752097354924,-0.19622486670768702,-0.21725022989756854,0.95618938463831737,-19.434006766479094,-15.779831520369223,-0.44634247810841726,,0.4995443303934584,0.6363636363636364,False,1
0.13252128035397256,0.96037682997441154,0.24518249264913938,-0.98393757527522541,0.15731346240923363,-0.084376077808404643,-0.11960333697207243,-0.23006264145471361,0.96579823089091776,-7.933282356496238,-11.508371832208102,-1.494504311162375,,0.07456965991019227,0.2558139534883721,False,5
0.85921124943238514,-0.50404635773924067,0.087711447933806919,0.50840031328168822,0.86036783176671749,-0.036004381901628815,-0.057316230719760136,0.075527897566677105,0.99549504588683768,7.1351437308849874,23.338548137086221,-0.75354739537886217,,0.2522414854004278,0.3846153846153846,False,4
-0.30834598106580707,0.89798468969882317,0.3139207750803914,-0.95003639513411309,-0.27386427063965924,-0.14976384472758264,-0.048513955529773167,-0.34441524114579547,0.93756308469635241,16.244559115288787,24.169738653130175,-1.9251172759752386,,0.2349534836891649,0.1363636363636364,False,2
0.88234947366235317,-0.44547521634900261,0.15169455476903768,0.45627388913689038,0.88875013313437146,-0.044015212660316633,-0.11521086936423951,0.10805106418932477,0.98744692166611692,-2.1195956135042806,-20.678890233591449,-3.1118978859556168,0.7963740689949443,0.6978306620717702,0.9874213836477987,True,5
-0.98437060201826654,-0.054069752348518019,0.1676036388720859,0.02187513442166579,-0.98187184057316645,-0.1882794922010772,0.17474551890171236,-0.18167044495578077,0.96770855791056187,0.89783615710532205,25.926572754380885,0.18829682814994023,0.3951797551555898,0.3739329779090128,0.8472222222222222,True,5
0.22598550774553533,0.93875219515120145,0.260143933982311,-0.96876857730052157,0.24456093311683116,-0.040955996241671372,-0.1020685746158706,-0.24276380721150595,0.96470085517950044,5.0378286429497159,-15.64821333583965,-3.7008728727931839,,0.1562349554239252,0.2105263157894737,False,4
-0.97240255825644062,0.1282297184117214,0.19491127215320628,-0.17198050974108731,-0.95848889959472616,-0.22742412717846752,0.15765775897660836,-0.25466874301677211,0.95409007036271609,2.7660704153044442,22.806460796696442,-0.33688283795127455,,0.2911754101035886,0.2,False,4
-0.40351583680372871,-0.91295099864933926,0.060790159678690434,0.89937218890408988,-0.40797590203330547,-0.15711565544520603,0.16823981477180872,-0.0087256762078857797,0.98570747552215676,-15.261869728519866,-26.817703508079298,-1.7459913587957347,,0.2422812439514635,0.3571428571428572,True,4
0.96128920225799397,0.18752421152041499,0.20188546187339895,-0.20200350849667059,0.97792280515788865,0.053493641745174986,-0.18739704420621084,-0.092204431811991602,0.97794718189532259,-5.7965940750846432,-18.996383318277442,-2.4426802248677091,,0.1079905425811008,0.5,False,5
-0.92970196167297536,0.28692794287515722,0.23092556822242777,-0.33317532194194183,-0.92243270929193688,-0.19522320988350644,0.15699830352683455,-0.25843810172992426,0.9531848090816013,-0.71815626378954844,27.34332299207194,0.53248667001928118,,0.3279470275270947,0.2307692307692308,False,4
-0.97432393160777842,0.097804319654401409,0.20279840076613173,-0.16458404340009961,-0.92402496036283788,-0.34509413974237574,0.1536390866753477,-0.36961085980175956,0.9163966626751594,-21.145751205974531,-11.969324740070867,-0.077899425144152559,,0.3977689215708938,0.2307692307692308,False,2
0.1029863595974165,-0.9901358182163682,0.094999322217972498,0.99159572277009445,0.09467871781315193,-0.088169512742847345,0.078305378620661573,0.10328117872226338,0.99156505878374668,-13.70759558624148,-17.465167578011933,-1.264421235240466,0.5307033454900646,0.4684618476299017,0.7837837837837838,True,5
0.78905540137246843,0.54627193718067457,0.28103121572843753,-0.5815715072445613,0.8116164646635573,0.05525663985726946,-0.19790441007269066,-0.20704029785503092,0.95810654915717952,-1.4846923710434721,-9.4941184416458935,-2.1931877195544609,,0.08873402773223596,0.2448979591836735,False,5
-0.22824709077544478,-0.96748297698055585,0.10899520542384664,0.96304493488073739,-0.24079502688335244,-0.12067397577274643,0.14299552074488786,0.077423796607285017,0.98669034492378205,-1.2602553331034207,25.14212608403524,0.44883791355875624,0.4479560119507853,0.3803020641217829,0.5333333333333333,True,5
0.8546109456763411,-0.51602466900743016,0.057954055129576187,0.51346042066564446,0.8564183859586515,0.053906814057571806,-0.0774501642351339,-0.016312239814028046,0.99686277034113413,-10.803903988964368,-14.450557285922791,-1.4003451815528301,,0.5213382266560945,0.7246376811594203,False,3
0.11894485767939522,0.96166214289416774,0.24709925891395168,-0.98322122703950243,0.14874489930511181,-0.10559817057906934,-0.13830451739029526,-0.23039287717919546,0.96321907301222431,-5.5765557189861221,29.457978330889514,1.2449297414856466,,0.1842302547377539,0.3846153846153846,False,3
-0.16356138483917368,-0.98608011954248964,0.029894334455924626,0.97270474083802094,-0.16625051984909883,-0.16188345128871173,0.16460000164256378,0.0026004793741485899,0.98635697238185271,27.160069762273341,22.716730676659914,-3.5530938354679074,,0.3582294548639588,0.1428571428571428,False,4
0.23690826142979837,-0.97125478046476987,0.023208340971342889,0.96823459397623435,0.23407031234849027,-0.087936681224372093,0.079976538397125499,0.043304044862022439,0.99585566876159393,-6.54471888265165,25.316341173891935,1.0464375438462536,0.4163373011118408,0.33830384267406,0.7352941176470589,True,5
-0.98065026927056209,0.079416808919245421,0.17893579809713459,-0.10990827597777446,-0.9797232613993635,-0.16751866148160471,0.16200376616353029,-0.18394374556934301,0.96949444465388956,4.8436752334182707,24.1658785168324,-0.46368997148574559,0.3829961246683691,0.3774410304644815,0.8648648648648649,True,5
-0.47202448974786998,-0.87008068336007416,0.14195945027341392,0.86460840112762338,-0.4883426213798599,-0.11821081525555341,0.17217779699426616,0.066940933572170347,0.98278874517094905,-30.191731623562745,24.991438562281608,3.3110083713718113,0.2902859912137478,0.2626525729363677,0.7272727272727273,True,3
0.53190041213732475,0.79276232343757591,0.2976740669020379,-0.82854560631393792,0.5598244769506332,-0.010427524385851622,-0.1749117772650311,-0.24109013572687843,0.95461060995003755,-23.951027198710587,31.266475754529345,3.1492288334518133,,0.2562910526845669,0.1,False,1
-0.72770955430906881,-0.67350730789422386,0.12971781211681055,0.63823982613552488,-0.73419638512131269,-0.23152881550531218,0.25117469797292902,-0.085694657288963569,0.96414091128337487,12.453192060956113,35.838570634744954,-0.59056884459903469,,0.2753003571219803,0.4375,False,2
-0.71718098184787671,-0.68794441485334279,0.11128306855854814,0.66773050665949207,-0.72406395666561074,-0.17282174959766494,0.19946781633128938,-0.049637372309898967,0.97864637204569216,0.033338791408398072,22.145871808897304,0.0082604177473836558,,0.1198131306567826,0.2258064516129032,False,3
0.31229998710541568,0.90411700675702467,0.29161816840978005,-0.94021441833859265,0.33807527052645669,-0.041254805861676333,-0.1358880627655672,-0.26129973124972927,0.95564474824415824,11.784515618843814,21.635091483172189,-1.4560914132481348,0.3904125265423016,0.1885741117344464,0.5882352941176471,True,4
-0.63583947721969902,-0.77063261954844853,0.042819678850696125,0.74874996008490569,-0.62934614129507693,-0.20807914770550628,0.18730097832588277,-0.10024370366708257,0.97717426459832357,-4.218371300745857,24.149204956311728,0.73850773985054918,,0.1167887629828746,0.2,False,2
-0.86445502137180141,-0.49945047708012968,0.057155375683384968,0.46132465728103067,-0.8333194468527082,-0.30456240753191477,0.19974252579162488,-0.2369133184131425,0.95077600040643406,-2.8582962451481242,25.196936657760187,0.64446428364870467,,0.2945552134130424,0.4444444444444444,False,3
0.35476033823948189,0.86858833003931812,0.3459760328862635,-0.92107942692698119,0.38820620586116916,-0.030143507140673029,-0.16049234157452091,-0.30797768531240055,0.93775900616605323,13.036510528391863,31.410231963810823,-0.94130687303737559,,0.1672000166038726,0.5714285714285714,False,2
-0.38968856887421771,0.87009609562726276,0.30178734841433924,-0.91783507085069838,-0.34001295740947252,-0.20486574020601517,-0.075641271837920576,-0.35682484942595871,0.93110387434855235,8.5656014904654487,29.63816580464243,-0.54833784517527717,,0.3044731730454462,0.1666666666666667,False,4
-0.0019786092541541371,-0.99960495382959469,-0.028036072919634253,0.99590086719285786,0.00056557830777331439,-0.090449670235404636,0.090429795034242116,-0.028100113887909089,0.99550632131069572,-4.982424267901683,26.5829901491621,0.97884395886576969,,0.4248410974387087,0.5,False,3
-0.43217747623804875,0.83336379894896007,0.34456843679285132,-0.90178637511037396,-0.40022774117823068,-0.16309227098996498,0.0019906526075063186,-0.38121192766324818,0.92448553450525572,-3.2416897056574392,27.621100643491491,0.82644633844969129,,0.2473261860930432,0.2,False,2
-0.16580732699613313,-0.98470298924807187,0.053553275159497579,0.9815704512391652,-0.17002451791399584,-0.087241690505484526,0.095012523219514866,0.03810100095830482,0.99474666833191083,-6.4978159542361755,26.980493533129291,1.1352937389026962,,0.4072944040594887,0.3529411764705883,False,4
0.9765845844982084,-0.11916577686689392,0.17911467540146445,0.09799486172630624,0.98758765333492005,0.12275029146877259,-0.19151907580109204,-0.10232372454194651,0.97614051191422269,5.7061555273935598,21.759935293799511,-0.68954873536978545,,0.4333952388809733,0.3235294117647059,False,2
0.070026486167621971,0.96933856266727658,0.23553989505210327,-0.99191272333079306,0.092718330917437516,-0.086674450712860507,-0.10585575340767925,-0.22756551153025037,0.96799199244232925,-5.079510512399092,-14.422472977184992,-2.1277115685763079,,0.0707360419925683,0.1363636363636364,False,4
-0.62235189591247875,-0.78165404327872523,0.041171279797495325,0.76390144047241981,-0.61800427426514692,-0.18580986581495246,0.17068305978715342,-0.084188322325779247,0.98172278138263958,4.9955655441138029,-18.385841381621979,-3.9059702945938364,,0.3198667272735392,0.1538461538461539,False,5
0.978568086431441,0.051742469056263486,0.19931687613915131,-0.09075188309717841,0.97721498649004068,0.19187226452404638,-0.18484749371366715,-0.20584845657723835,0.96096712586463917,-15.318476836172378,-19.020833301745252,-1.1468698327403488,,0.2525322473130706,0.1578947368421053,False,1
-0.89243676168253672,0.41235985408694598,0.18307369318113262,-0.4448369771725843,-0.87197231698933186,-0.20441218687791968,0.075343812868373772,-0.26386289838029237,0.96161306185014317,-1.412019721380696,23.729796143857321,0.33917083140716153,,0.6186509995317611,0.6666666666666666,False,4
-0.63329708386722838,-0.76597263231846469,0.11054741111571292,0.75127792791135417,-0.64276478046989893,-0.14978288293628439,0.18578557155626105,-0.011805233017797984,0.98251939312916836,-13.529520422849284,-10.99790212578095,-0.73554364850283116,,0.5033965041365067,0.25,False,1
0.76627213663959481,-0.63808726782151826,0.075310366177977095,0.63978763759182722,0.76854916043660304,0.0019916768970563992,-0.059150582367883398,0.046656474751780211,0.99715815293727494,9.69878300335251,-12.796734525224334,-4.089346128925099,,0.2052801335996995,0.15625,False,4
-0.69394767619411701,-0.71982096855991951,-0.017157969758815617,0.69416178258206518,-0.66250128416381893,-0.28148084852042932,0.19124864001418407,-0.20724338759716895,0.959413433296603,-8.2893028171341196,-40.081568893382546,-3.8652772055608531,,0.2794649099397104,0.125,False,1
-0.54739372789681684,-0.82682006240717409,0.12933944123980054,0.80470766863545917,-0.56246650795305031,-0.18993945211668661,0.22979485350745243,0.00010877545386075993,0.97323908340622611,-2.3693081993791441,35.060447765389085,1.2714011361903177,,0.2625280377062041,0.3157894736842105,False,2
-0.96669577026892128,0.14298608326959428,0.21225990609486153,-0.19759637960662596,-0.94408052907688089,-0.26394625472673894,0.16264980329079073,-0.29709751700264858,0.94089218664006902,-8.2115814005745662,-12.463779114830505,-1.5240216993242148,,0.2237057158180374,0.1818181818181818,False,4
-0.94684035811758749,-0.27781394822637651,0.16221204150935364,0.22822804803739166,-0.93544437167930461,-0.26991810903041419,0.22672735681607137,-0.21854802141493915,0.94912141900118074,-7.4020050544351124,24.539808666899315,1.071764250294895,,0.2773418121519857,0.2,False,3
-0.98428608746612223,-0.042080126633512203,0.17149390940538103,-0.0089128247214137184,-0.95811322540966992,-0.28625095432253911,0.17635605908535951,-0.28328132701889586,0.9426824651950918,-19.222623967825101,29.695097739189688,2.4857050251746218,,0.1151898167203352,0.3,False,1
-0.42135031375558724,-0.90183910337677375,0.095656388802021736,0.89195645960319792,-0.43116418265366557,-0.13605558337945584,0.16394385401775738,0.027994271149145072,0.98607237742096365,-2.0546296737547931,27.091509832953861,0.6918500113106606,,0.1002830472557285,0.5,False,2
0.2235995513345303,0.87983860913086143,0.41938915403914356,-0.96557456917259377,0.25863717449499546,-0.027795023590668419,-0.13292476071130366,-0.39873654692279847,0.90738094212845721,-15.300600515243387,-17.120031465668966,-1.0188074116630885,,0.2058173219831447,0.1904761904761905,False,2
-0.87627662086672309,-0.47078376155847551,0.10247894210641227,0.43849602800556847,-0.86739206174808181,-0.23527057750545805,0.19965098834149766,-0.161225497577971,0.96651219432814151,-23.466053701319332,28.035158429062168,2.7547188451708045,,0.5800072069238502,0.75,False,1
-0.54599574635637937,0.81053780381758811,0.21193657905916372,-0.83775670825736404,-0.53040139676637132,-0.12976153543353253,0.007234827608573316,-0.24840053721931296,0.96863038894029707,6.5885424611819525,-14.503723007014598,-3.8017008305474538,,0.301911087775574,0.375,False,3
