axis_00,axis_01,axis_02,axis_10,axis_11,axis_12,axis_20,axis_21,axis_22,location_x,location_y,location_z,dbh,dbh_approximation,score,reconstructed,number_clusters
-0.90008008160022279,-0.43414163650670623,0.037106416666352823,0.43083203776957235,-0.8994664969015822,-0.073101136673211553,0.065112225717263258,-0.049810243955201616,0.99663400386464307,-17.939578797177308,25.978742478994288,-3.2235465038887745,0.4297646911960044,0.3714330973101331,0.5862068965517241,True,5
0.017168360072701006,-0.99984985589402242,-0.0023479951269198343,0.9928378761740736,0.016770179805079753,0.11828657025824653,-0.11822943392644607,-0.0043619649250365711,0.99297672390415292,-7.3343483712092761,-16.686498423499216,-0.24360575273870833,,0.4895645295726764,0.3043478260869565,False,2
0.80400471662316864,-0.58951812694277628,0.077748271064878055,0.58390750929307289,0.80744874476043749,0.084134090450615207,-0.1123763152931109,-0.022246406241759276,0.99341666040512355,-1.5976524234802183,-15.603461049980096,-0.70109628255119893,,0.06992940891921653,0.2916666666666667,False,5
0.94986023759915128,-0.31036975604923511,0.03789648477128698,0.30008708346311963,0.93894349508472508,0.16832366255722092,-0.087825231947775764,-0.14851170852164128,0.9850030462213305,0.73534163253678764,-9.186977780362616,-1.3234822767154504,,0.3105146941816996,0.175,False,3
0.80514338623171855,-0.58967533928292726,0.063459608010817847,0.58273297551985914,0.80645464375248743,0.10026558139172304,-0.11030143629660082,-0.043748163522756095,0.99293488776419447,-1.4160440600892608,-12.688504558464063,-0.93304425402316193,,0.08893327236389298,0.282051282051282,False,2
0.91511252885330774,-0.39893267109225972,0.058496012435887465,0.39020065016700739,0.91278244715098433,0.12071311768944623,-0.10155053985552885,-0.087640904309895462,0.99096244113830823,-11.663854912493997,27.630776096649555,-3.532850452683876,,0.2493786550138555,0.28,False,5
-0.79902210470563428,0.58155023322941812,0.15284960720456223,-0.59079505361986961,-0.80658468377296966,-0.019553836481760088,0.11191461392541692,-0.10592673946492101,0.98805599287502766,13.116967717351553,22.640722746598591,-4.3536084760432114,,0.1690177114327541,0.6666666666666666,False,3
0.57047077397478951,-0.82115208189271716,-0.01650316466198104,0.81761675600746697,0.56587994423420696,0.10622019115646782,-0.07788412120856622,-0.074088778615566286,0.99420567115000036,16.185618897784636,23.639056145346817,-4.657452748508887,,0.1837754220791944,0.5,False,6
-0.7551109455054914,-0.65552652953139146,-0.0096140032417757967,0.65281201962713764,-0.75047209504567791,-0.10309268445476141,0.060364948506073123,-0.08412255130629967,0.99462529092798491,-1.2574857644195416,23.37004610598775,-3.5306050497098944,,0.3300934048242949,0.6046511627906976,False,5
-0.81952683313242802,-0.57124047516906529,0.045388206668204499,0.57079097123334166,-0.82075642585541597,-0.023591451323376714,0.050729054144876037,0.0065733511746393289,0.99869082008392507,20.908066520378298,20.544719395782234,-4.7560914342399796,,0.2213207557606399,0.3478260869565217,True,5
-0.8407286447675042,-0.54130201602924088,-0.012941147942799137,0.53785488052530828,-0.83214529865094444,-0.13507897478230727,0.062349605953079201,-0.12052522298594751,0.99075032034397337,0.015405185407566496,21.81457999085027,-3.5130727578209933,,0.3037922306426938,0.5833333333333334,False,3
0.58212864502923012,-0.8121612613739928,-0.038991360066548707,0.80470981771166772,0.56859147689114864,0.17072153257629197,-0.11648326023462888,-0.13075862468743274,0.98454752661055644,-11.948657215856379,-13.402830900647714,-0.24431933570818423,,0.4845006921756926,0.1343283582089552,False,5
0.99293854080318966,0.051180478962516512,0.10702155278634017,-0.075839900768309126,0.96757822107024027,0.24091636632242708,-0.091221508642890942,-0.24733164917518397,0.96462722938822243,-26.379986527065434,-6.5726595714251701,-0.073689407723290939,,0.6791946418766585,0.3,False,1
0.89726825837655177,0.4118720858000256,0.15896873104055961,-0.43898349772545608,0.87062011162058728,0.22206780488508535,-0.046937844375661945,-0.26903904211190666,0.96198484010137819,12.233064370307813,20.037018877311574,-4.1427723950445356,,0.4889638384027541,0.3333333333333333,False,4
0.19631949523395203,-0.97971373287128216,0.040244967567461348,0.97931782038476323,0.19795817921862602,0.041823031421509227,-0.048941418736326986,0.031201937501797297,0.99831416729815659,-6.0162922498510252,27.542725856608197,-3.7116062149402231,0.7581843895556605,0.5749826677253552,0.9158878504672897,True,5
-0.85127031633500805,0.51036629897023078,0.12192247291752556,-0.52091239543627321,-0.84992001309043175,-0.07928586020977621,0.063159518742146536,-0.13100462672665181,0.98936780974947414,5.9266496890776788,25.020762477965867,-4.0665104417698226,,0.2933982053303937,0.5757575757575758,False,2
-0.93883195507342887,-0.33292454509541236,0.088067061981296532,0.33687507136191713,-0.94092842867822257,0.034188863684477752,0.071482490358885098,0.061765195524220801,0.99552765616729522,-16.414128109438618,-13.607051037191688,-0.054162797086189311,,0.6092276718982204,0.7735849056603774,False,1
0.98185165232003635,0.15856247319888558,0.1040445814517378,-0.17066705354969994,0.97797800715072358,0.12013232022300736,-0.082704834617321143,-0.13570909926217936,0.98729071235800137,10.023297123074308,-11.138447616134773,-1.7706710585975252,,0.09163080392578324,0.2580645161290323,False,4
0.87506299541334376,0.44923007165909595,0.18015853234135643,-0.48324354023114691,0.8318261405292432,0.27302189061885312,-0.027210933153714097,-0.32597180038983237,0.94498780440147312,-9.208456725135024,24.156835952551216,-3.3316130746153996,,0.4083514270750885,0.5492957746478874,False,4
0.86467493132311701,0.48040067566779909,0.14680754053959394,-0.50126774955689346,0.84418495586503872,0.18995368789604838,-0.032678837120220183,-0.23783807750035316,0.97075493431422022,8.2410258423580114,-16.31914132574861,-1.30301619176309,,0.3779642903946083,0.1538461538461539,True,6
0.91862345034571879,-0.39436802767610118,0.024592991314377109,0.38023702066248832,0.89920514155963149,0.21644842690682192,-0.10747448344905738,-0.18948343500049072,0.97598425359622154,3.3725809963882081,-14.59827916155224,-1.0704597502896407,,0.6684575067898588,0.576271186440678,False,2
0.9952781374096572,-0.008421221995250824,0.09669804659076281,-0.0013644592833420212,0.99491700932426441,0.10068904015892222,-0.097054456081247159,-0.10034554089429015,0.9902076575029124,-0.57478710777607167,-13.462510804111867,-0.93517875795449146,0.1457382951912658,0.1081375190274542,0.25,True,5
-0.070445878443333665,-0.97986385236857232,-0.18682668179831113,0.99634875927983002,-0.078174702021455822,0.034320050195174159,-0.048234096776966447,-0.18372682652589661,0.98179321912652928,-23.20996429282178,21.309647533160039,-2.7146394932333036,,0.34446839371205,0.3,False,2
0.66049328112938255,-0.73695293460667577,-0.14369759134220364,0.74346852966303612,0.61518878929692111,0.26229239204382471,-0.10489600079900735,-0.28007699958760823,0.95422937667962071,-15.424457471536703,20.653973550980812,-2.7968465269403264,,0.5483870740529679,0.6595744680851063,False,1
0.9550821134517774,-0.28862530795039432,0.067183243260707903,0.27698040121040007,0.95004108163551027,0.1438881529180098,-0.10535660354155846,-0.11881655951663848,0.98731079771003083,-9.6335159679258044,-18.093749689795299,-0.037617913222697488,0.6233686796976101,0.2485702013695741,0.5185185185185185,True,5
0.96310959765992943,0.24538129475640541,0.11048947044400553,-0.26277042213105944,0.94609245954763499,0.18936938305906031,-0.058065550444231069,-0.21141683511672943,0.97566967447022346,-17.718916786700913,9.3874260408838808,-1.6708318989197586,,0.1859723816796988,0.2352941176470588,False,4
0.91020305740025964,0.38777783321777398,0.14546046323364228,-0.40800531626108477,0.89988364506884189,0.15408143054990303,-0.071148128590356047,-0.19959403148025379,0.97729226252720724,-16.774592754584955,25.614474603401053,-3.2623059471758298,0.2640876778002315,0.1531760579632902,0.2,True,5
-0.66238827626089192,-0.74106269049960305,-0.10985381295892518,0.74916003767631723,-0.65542428243265416,-0.095803172945679665,-0.0010046994295704118,-0.14575698524300834,0.98931991379529327,-11.238190260785897,29.420667645241533,-3.7182810782475855,,0.2739199882943926,0.4,False,2
-0.50271720286387356,-0.86422768822578711,0.019644766443848619,0.86441535802074665,-0.50236052962558742,0.020493586610510164,-0.0078423697047533929,0.027283716356277569,0.99959696681172616,-14.066466172892341,25.569657128235232,-3.3136141157993042,,0.1986604726471327,0.3888888888888889,False,5
0.28308984664878639,0.94724143007041606,0.15031238100209587,-0.95901834100925043,0.27760906996328327,0.056718831810831274,0.011998347062456692,-0.16020885566120696,0.98701021384557874,3.2000972054019292,24.293221581749254,-3.8914937203930893,0.5865743022958448,0.4306568133640813,0.5333333333333333,True,5
-0.35121249426589934,-0.93157329425193858,-0.093920079366012793,0.93550188945598212,-0.34501483920760018,-0.076164135594404048,0.038548653618700364,-0.11461220774047744,0.99266209917627091,-3.3086358087510068,-8.8898968658922826,-1.0700652187469508,0.7365420889901735,0.3868568556157996,0.3872549019607843,True,3
-0.74726936084389584,-0.66129442735246924,-0.065407818313444166,0.66451926644839965,-0.74387946538084182,-0.071116000334615487,-0.0016269182018544617,-0.096607563561462578,0.99532122041071847,-10.221298474524056,-6.7198453650600065,-0.88341115866219344,,0.3157173303486109,0.3846153846153846,True,3
-0.93012746040820948,-0.3607756296470645,0.068584637108752664,0.36126088935554973,-0.93244781702149249,-0.0056247981200136452,0.0659808852366532,0.019545167807358432,0.9976294448334867,2.0006420027591196,22.804488971690805,-3.6839818764710253,,0.325058704408362,0.6282051282051282,False,5
0.47256095965135053,0.86640947967198345,0.16130949428944275,-0.88127854897574387,0.46578296752339748,0.0799646564446021,-0.005853078557518588,-0.17994677185106303,0.98365893518626635,21.575573833447017,23.992333588421609,-5.0304306866483568,,0.4569419285264489,0.8958333333333334,False,5
0.99096333722601393,-0.10404162781322467,0.084658159416898374,0.087977418997195231,0.98058014073916488,0.17527852502389618,-0.101250372939928,-0.16624658573918177,0.98087228256771108,0.39123242755903115,-15.297240418568869,-0.84677631489790117,0.5786135456879005,0.1678975317261976,0.1764705882352941,True,5
-0.091737022676436533,0.95213355052192605,0.29159221635869342,-0.99205811348045969,-0.11269280711316321,0.055866185681033478,0.086052415120409509,-0.28415142652372427,0.95490991651384505,-3.5655497826855158,25.355163081909819,-3.567467974890743,0.5935862208671796,0.3893111535349111,0.2777777777777778,True,5
0.93394485102394775,-0.34941020728307132,0.075229796571947546,0.33643013451563536,0.93047453877072772,0.14502378180558026,-0.1206721999287613,-0.11013464371305805,0.98656402753118388,23.610372242783107,20.829842143602967,-4.9472796168351652,,0.1421055916463519,0.1739130434782609,False,4
-0.98657696389062366,-0.14587593316325517,0.073390097725157463,0.14325158511399011,-0.98888317447320706,-0.039862897613211941,0.078389270201271233,-0.028814568668325991,0.99650631856991767,-11.762734483361351,-18.819025088224002,0.099981496923383581,,0.2777667411554721,0.2777777777777778,False,2
-0.5646541945360799,-0.82395796583189351,-0.047528003692362396,0.82516855560594449,-0.56247805699124331,-0.052108446940557406,0.016201710774248222,-0.068641867293407099,0.99750979876012458,9.7440892982257576,23.10902621960971,-4.1739716633422503,,0.4512534096489894,0.6486486486486487,False,4
-0.2091940302283618,-0.97776745372181983,0.014445212326752464,0.97724578470862056,-0.20850731167198236,0.03892784669816704,-0.03505044915615798,0.022259995994441222,0.99913760743567259,5.3503177936676867,-11.890986324088585,-1.396195398995874,,0.07038030301849069,0.28,False,6
-0.95752835156320038,0.26123219692384497,0.12205406688431253,-0.26438504649291145,-0.96436428059078672,-0.01010353955572859,0.11506521256921995,-0.041943695723608329,0.99247202642968468,9.9796920366835611,22.192600215176341,-4.098204271297945,,0.1391117315699109,0.2916666666666667,False,5
0.64225395120721396,-0.76643334395479168,0.0094758341583948968,0.7593995108274415,0.63794037975357454,0.12784543337525828,-0.10403002025263708,-0.074913290904491198,0.99174883601247288,-13.424760747573359,-15.436639833231897,-0.030685286145237328,,0.1626394163063742,0.2857142857142857,False,1
0.64929614206479414,-0.75964523233193271,-0.036791859087839801,0.75198986442773519,0.63401690987931092,0.18037128869375846,-0.11369152869819293,-0.14478148701562149,0.98291024886294398,-12.775377896282976,-9.540970228929158,-0.51752066247718564,0.4928281711618955,0.2562905825744862,0.189873417721519,True,5
-0.61159860825753942,0.77662775829338371,0.15098499072965871,-0.78450283868909709,-0.62002009742993014,0.011418181629709701,0.1024814054655282,-0.11146480983330202,0.98847010966575866,8.4029455690770813,-17.562902278016956,-1.2459608738648629,,0.1262012724654007,0.4117647058823529,False,1
0.96063510918769912,0.23187291139782293,0.15302006389958928,-0.25946734853509962,0.94567319564082164,0.1959053396174833,-0.099281831369602225,-0.22789725756659221,0.96861032306780837,7.1457743972742014,-10.742882434649996,-1.6162886747650755,0.9172980166706383,0.687355583252053,0.4912280701754386,True,2
0.98683234021994815,0.11740741104817513,0.11125390836723617,-0.14063652241663571,0.96258341687517868,0.23163448387375507,-0.07989556219575443,-0.2442307625748048,0.96642021592760241,14.944841357383908,-9.6270064486684781,-2.2505192787508408,,0.1782766202975045,0.1714285714285714,False,4
0.13460062496006095,-0.98308852657588897,-0.12417576524913573,0.98986776487383954,0.12768212580633756,0.062121516507920194,-0.045215924451792636,-0.1312791821440934,0.99031373640455378,-21.507837575517385,28.845253949716003,-3.4451267612112617,,0.4055677663077322,0.4761904761904762,False,3
0.9616034975067399,-0.26438393611447253,0.07361961632217931,0.2523223057481791,0.95720460834381205,0.14174904510187286,-0.10794520649259437,-0.11773050619949293,0.9871612635761613,0.68280511983920877,-12.167269329991312,-1.0980267558324357,0.3156902595176799,0.154369266123688,0.4303797468354431,True,5
-0.96135425899326055,-0.27251628984564569,0.039151762211721508,0.2579337698661141,-0.94123725013272208,-0.21804267776113556,0.09627127857348533,-0.1995176952837919,0.9751535931280112,-8.3290918693829159,-15.766253894307107,-0.28767157847202907,0.870461187101759,0.425126888811133,0.1428571428571428,True,4
-0.64226581666549876,0.74462822369173143,0.18172349662246906,-0.75938939650627102,-0.65035866367329653,-0.019009288753793582,0.10403059750304729,-0.15020791279683174,0.983165915660413,-1.9407224034039823,-9.9097771206006833,-1.0678274686127764,,0.2836480154030426,0.2461538461538462,False,1
-0.9634150042448657,-0.26461082615016868,0.042575113387876444,0.25678432495026754,-0.95682841392388129,-0.13616606320131597,0.076768092692867523,-0.12025180660611554,0.98977076282958798,-26.045703389329407,24.276342223676487,-2.8919542317391285,,0.4274248932823841,0.25,False,4
-0.59824649296071153,-0.79840320279225596,-0.068216269549701974,0.80129679149299593,-0.5965900967907426,-0.044762801009801546,-0.0049583871611820762,-0.081440666637009523,0.99666585785531969,4.3250012097216137,32.210433390745507,-4.5808988583557992,,0.5189566491484374,0.28125,False,5
-0.78995363940900665,-0.61156623364719209,0.044271768058807281,0.61152587411823989,-0.79106201303405965,-0.016031120310930153,0.044825805830877662,0.014409489827499164,0.99889089180676949,11.739062096572709,26.86066862761427,-4.5577971350443223,,0.2639118919105778,0.6896551724137931,False,5
-0.96574990730599286,-0.25181831551794115,0.062567183955908892,0.24716032155109485,-0.96617475067025194,-0.073607924967596425,0.07898665703285121,-0.055622721409353801,0.99532267173705635,10.628117480986985,20.38269167780183,-4.0353034019621958,,0.1453453090032457,0.4878048780487805,False,6
-0.17864980953988488,0.92930706396676555,0.32322225544172123,-0.98195986366114785,-0.18908728998554813,0.00090715186250399371,0.061960242978407201,-0.3172292193783412,0.94632264617447781,7.4536837019897169,21.442828163148004,-3.9209573216189768,,0.7142986045358795,0.4571428571428571,False,4
0.94886196429605341,-0.30682878640607142,0.07427697183388271,0.29635201431907127,0.9468137608931434,0.12537617713269841,-0.10879547932365111,-0.096952555489570172,0.98932489388611777,0.23898398145851651,-19.597677508434732,-0.48230976667992093,,0.2033722397871565,0.4583333333333333,False,5
-0.82597136670888638,-0.56199585274750186,-0.043954099600198936,0.56125972392998669,-0.81260918201272891,-0.15701541199079899,0.05252450543404566,-0.15435990024359783,0.98661755383010352,-1.941530154681828,22.019963213728154,-3.4186549299530791,,0.2419237926002328,0.2285714285714286,False,3
0.93508297856662759,-0.34309138119246235,0.088927652315869604,0.33088874408175289,0.93496700896701479,0.12786450321834314,-0.12701363011489664,-0.090138761333413558,0.98779681183445522,-0.52197099298443295,24.0963361522534,-3.630508517700791,,0.3154111635649267,0.375,False,7
-0.42075686568660603,-0.90574608322791139,0.050869368925517813,0.90703715399136431,-0.4190597537780219,0.040896504040682194,-0.015724543135791497,0.063347892473235481,0.99786761810491165,-14.352185236389127,-15.723998879474649,0.035260627635604044,,0.1207026519586362,0.3809523809523809,False,3
-0.88647375288940944,-0.45662055920387484,0.075245932451567701,0.45830035850471007,-0.88877842775377736,0.0058041152622137979,0.064226683182455502,0.039630433657272035,0.9971481143217974,-6.3804519938225592,37.431806658344485,-4.530748124594572,,0.4735294582502462,0.5238095238095238,False,3
-0.99060677477047854,0.11656927721342936,0.071483014687191454,-0.12120695193941262,-0.99053713404793831,-0.064382147165606002,0.063301600140813971,-0.072441629482194084,0.99536180243044159,-18.479665366672975,23.744127664324445,-3.0552498512646329,0.843143741479207,0.6944507039572887,0.56,True,4
-0.48033142975332682,-0.87703784545691688,0.009291675167264285,0.8769610118610407,-0.48041504697792431,-0.011864498002789881,0.01486947432777962,0.0024495455675825895,0.99988644278224326,-15.215735915588379,24.56341978262083,-3.1952131020421901,,0.2379156614426558,0.2,False,5
0.056230277407406146,-0.99449180439228513,-0.088454547080765999,0.99494771131602577,0.04843442262647242,0.087938378719665949,-0.083169752011709688,-0.092952448603668053,0.99219082572300277,7.1696621297316465,31.358660072898893,-4.6522510329392279,,0.4050019326771122,0.5,False,3
0.90650593685982206,-0.41604035073404477,0.071815130710654901,0.40873158728534392,0.90742373474710392,0.097573844716811298,-0.10576141069926531,-0.059098157151557446,0.99263383572603991,14.715608589429394,-12.119517502398457,-2.0746405997637405,,0.1096580676878079,0.2941176470588235,False,4
0.73332989058667875,-0.678507312155889,-0.04307085932647383,0.66870496642660204,0.70839943699511487,0.22584044266118761,-0.12272301922836867,-0.19441724464665039,0.9732116910187002,1.9573897653783119,26.250331678987163,-3.9231453216864609,,0.4174027201589377,0.2666666666666667,False,5
0.99204146294968487,-0.086198727379478493,0.091779710104183204,0.064369752674049596,0.97366843044880647,0.21869230093453007,-0.10821400431243298,-0.21104399291502168,0.97146804493259242,-6.2627847785310458,-15.283358749296688,-0.43361228761842491,,0.2706638087558704,0.2142857142857143,False,8
0.97042295122228794,-0.22705233387827939,0.082015446236982009,0.21719772254486605,0.96945652754470835,0.11392625036522355,-0.10537763074935949,-0.092743079964936109,0.99009811435850603,-11.189693384207519,-16.90158110527538,-0.071018506034870518,,0.1103793935161488,0.5,False,1
0.91201147709966945,-0.40511357501488449,0.064172088770262453,0.39706688643067367,0.91123741432705374,0.10947265608724226,-0.10282486731685782,-0.074359707296389049,0.99191616611085909,-10.683228647426878,-15.928031978490734,-0.1701382642939569,0.2667324099571721,0.261527099584357,0.801980198019802,True,5
-0.21394063632108098,-0.97657600902770592,-0.022993536527678556,0.97670774534126958,-0.21424790233771274,0.011824404182216301,-0.016473746413779976,-0.01992824466451007,0.99966568448841275,1.0063729998799724,23.693541389979767,-3.6968622435850591,,0.1537239462385185,0.1785714285714286,False,4
0.52305441872731551,-0.85192328048505939,0.02531401227392558,0.84680105786097337,0.52281909850132824,0.097919143418404866,-0.096654246959799836,-0.029781108270724534,0.99487237479729096,-14.012254722816449,-13.807984210044562,-0.1646335032784299,,0.08243793208801878,0.3125,False,2
0.98656142487882992,-0.14456962137615695,0.07613264422182961,0.1324512233740871,0.98045971079582894,0.14544905958055176,-0.095672505808935299,-0.13341056960118949,0.98643215253301908,4.9885350188826028,-10.016719612425298,-1.5141168704658439,0.205854211179153,0.1705114003399986,0.308641975308642,True,5
0.97086894315589856,-0.22682536296302452,0.077225319242076693,0.21522808748549693,0.96718889507185224,0.13499078341510976,-0.10531080463411051,-0.11443730146408532,0.98783284945426597,-15.361520100305164,-12.47026540807544,-0.17559691915304299,,0.1694086716685179,0.1111111111111111,False,1
0.98714091244095259,-0.13790154276828959,0.080845429600987298,0.12369313541306605,0.97931407585033381,0.16013728202105415,-0.10125624542183817,-0.14807803801891523,0.98377846460447615,12.325014440540581,-10.028102082303072,-2.0450761767989958,,0.08917167330628209,0.5,False,5
0.83146395730696887,-0.55511002484076122,0.022815521487034203,0.54452619644239364,0.82238618239556693,0.16483988714151074,-0.11026744346095835,-0.12463477574953019,0.98605642008277095,10.943134809840519,-9.6497997011690888,-1.9574278478961449,,0.1072359112840559,0.2894736842105263,False,5
-0.97635498380624097,-0.20602953101491533,0.065442936566823234,0.19971727105140993,-0.97555688900252535,-0.091661158423249678,0.082728213086545654,-0.076423744147276818,0.99363748625442816,-14.796483223195525,28.306675029285728,-3.5572540403425026,,0.1603299374306152,0.3076923076923077,False,1
-0.1694445764361277,0.9347326640517033,0.31235137629149029,-0.98371883712150021,-0.17966929616105623,0.0040241159669255275,0.059881424571446497,-0.30658406803321925,0.94995811708701028,7.434801291958161,-14.550062973770512,-1.3457027564597253,,0.3231447927895874,0.3478260869565217,False,4
-0.69095848155565187,-0.71309913443437967,-0.11860017384155214,0.72242010517608279,-0.67520628141277594,-0.14901566755918169,0.026183361199150528,-0.18864278944520985,0.98169665864086841,-12.660863638447186,-17.707687383276777,0.09439377910950271,,0.3524512332010662,0.2666666666666667,False,1
-0.87762964727275128,0.46356673790613073,0.12195114486947313,-0.4664666416599893,-0.88452271436831509,0.0053329152402033439,0.11034071980170096,-0.052205816472658852,0.99252177723215018,-11.92603215668831,25.057105950538041,-3.3312291337859365,,0.1690905640645845,0.3529411764705883,False,1
-0.21592486678452508,-0.97639224815092807,0.0058846966669682671,0.97583195684765034,-0.2155857743403751,0.035703863893795595,-0.033592319047231249,0.013451827118943105,0.99934508776908071,4.8065917390182511,21.567621905019866,-3.7818184641247061,,0.1008643044667714,0.1153846153846154,False,1
0.83037161733679676,-0.55683367075266477,-0.0204753568365812,0.54619633901017905,0.80613912555179934,0.22761649656046015,-0.11023854304801969,-0.20018984332551237,0.97353556188562385,-21.018264437574171,9.4630775902758621,-1.6165472593715968,,0.2338984955496347,0.2142857142857143,False,1
0.94493303102348958,-0.32056017844920742,0.065899460342070948,0.30517881022799948,0.93583444551395623,0.17629459542882159,-0.11818401189918462,-0.14647546750975551,0.98212905300129216,16.453547776591172,-10.600288351658019,-2.3143284419674481,,0.132758667676609,0.3076923076923077,False,4
-0.067994641435046299,0.94619386102374392,0.31637620975209302,-0.99431825086928161,-0.090299909719531543,0.056366144917828515,0.081902043468845581,-0.31074604368459041,0.9469577348593774,-24.091164031824615,24.318427396842335,-2.9745383616542682,,0.7586726114145336,0.5692307692307692,False,2
-0.82567784652750498,-0.5557132336608388,-0.097153979269584162,0.56209081944423711,-0.79571248594665023,-0.22560042199673935,0.048062505658847801,-0.24088263042987326,0.969363478735906,-11.688418012555125,-7.6517503401490705,-0.72879923464230889,,0.3308911294982288,0.2127659574468085,False,1
0.87484120177881886,0.46146104892234036,0.14733150375152973,-0.48019912706401502,0.86616657224128579,0.13843506600114322,-0.063731232823095632,-0.19185715899928329,0.9793513978667584,19.068490016886386,20.53842063258417,-4.6296538982285655,,0.1006605884107928,0.5333333333333333,False,4
-0.98932547533112936,-0.11755341881804741,0.086117928360036983,0.11592747678429892,-0.99297580297659815,-0.023661674273106781,0.088294529769751579,-0.013425663006701651,0.99600392950307681,-6.0591481186992393,23.398074286167457,-3.2768329522024895,,0.1032373125560359,0.3478260869565217,False,2
0.88186347571985457,-0.47148679528895709,-0.0041245677890819829,0.4580279950552264,0.85454823228291876,0.24486256236474482,-0.11192482270250487,-0.21782451783554602,0.96954902583248714,5.7699819414945486,-14.554726111511197,-1.2372403637669556,,0.3251482499719693,0.7741935483870968,True,3
0.79660034409916769,-0.60380295176181886,0.029152825331399634,0.5944728473161347,0.79121708647958466,0.1434487917920737,-0.10968101743207886,-0.096940793820108659,0.9892282632985131,-14.737475258468898,32.227020502661709,-3.8631075339415437,,0.2117563576863801,0.4285714285714285,False,1
-0.96307702785954097,0.24747020192973163,0.10602423103277031,-0.24684381386033666,-0.9688650607311271,0.019199626385760615,0.10747450845719564,-0.0076807064341265358,0.9941781715470106,-3.3066417728737223,-14.868143908283972,-0.67743232217183158,,0.0832247726769573,0.45,False,4
-0.76732633040608489,-0.64092440663844952,0.020644796939736622,0.64012351592168459,-0.7674863607976975,-0.034735721578331401,0.038107571814436365,-0.013438413770155075,0.99918327748504165,4.6532133098343982,-25.39318719728881,-0.46755859232713004,,0.173970766587563,0.4166666666666667,False,1
-0.47735777728984391,0.86243074685048193,0.16835307941294009,-0.87360843102078389,-0.48640836579704017,0.01467006925876637,0.094540265021333683,-0.1400717979094033,0.9856175879721929,-8.5092677110653181,-20.464027591410098,0.097163129840262527,,0.1794581117223636,0.1818181818181818,False,1
0.76841428875565709,0.61647392453027416,0.17175383899750163,-0.63775937590893661,0.75988685312349846,0.12583699332990522,-0.052938259098514934,-0.20623256489776004,0.97706994115022827,-4.3783745724401273,-16.173576850575543,-0.50579431086171289,,0.08449709392128957,0.1666666666666667,False,2
-0.97482796175688091,0.17485349581146817,0.13833546175668282,-0.1963729809185458,-0.96716635799520745,-0.16132851058461758,0.10558455067901837,-0.18443289013837938,0.9771573116408202,-2.4584633393497102,-16.208501192604068,-0.60678354759209274,,0.5494870198137437,0.2653061224489796,False,3
-0.95698188837739506,0.21220757758885656,0.19787270992105926,-0.24377354149061722,-0.95789710292736618,-0.15168256548621611,0.15735350579747684,-0.1933935992147294,0.96842077115064784,-7.5649973821893868,22.576684034455528,-3.133659174461001,,0.2598076856016153,0.2916666666666667,False,2
-0.98867704110714194,0.099446478185010762,0.11237484756040672,-0.1107926823239653,-0.98883130137835706,-0.099687707155119418,0.10120617536043619,-0.11100925813184293,0.98865274726666807,-26.947904413033438,20.358006345511651,-2.5840766709739054,,0.552217922133169,0.1,False,1
0.95072371725302329,-0.30874130486853119,0.028341138309352167,0.2907757663901081,0.91963869526327757,0.26403432325116638,-0.10758190894773338,-0.24278277707146539,0.96409680842985312,11.327184147872018,-19.212911360842647,-1.405691117178191,,0.1100489658974732,0.2222222222222222,False,1
0.99580223695656356,-0.0028079950371593682,0.091487813593803008,-0.0085535764162008431,0.99230049523328134,0.12355793576406179,-0.091130352807368045,-0.12382181683231394,0.98811103448628124,3.5242900848917555,-12.245047127411738,-1.275764096134723,,0.1104222835147855,0.3939393939393939,True,3
-0.3388515564212724,-0.93088568017937723,-0.13649715435810328,0.94063115168078415,-0.338247732783997,-0.028310912280749445,-0.019815630158131606,-0.13798667219505054,0.99023584014010158,6.1096774219229006,21.156764786073463,-3.8328848849925317,,0.453693749693465,0.1764705882352941,False,1
-0.41434253950651584,0.87766738684103862,0.24087386332043953,-0.90563359202176807,-0.42384691388891249,-0.013475555223974318,0.090266588265210376,-0.22372695783581187,0.97046287480794013,-4.8924903620513955,-14.041637476840647,-0.60771455981811684,,0.349153791922996,0.2727272727272727,False,1
-0.64689092476320542,0.7345249670724876,0.2049517118888394,-0.74958713945009492,-0.66187693986247487,0.0061674021524191977,0.14018292274748906,-0.14963953095839011,0.97875265462961825,16.07380204360539,-12.793195996644855,-2.1401967524334733,,0.2724204960149248,0.3714285714285714,False,3
0.66193669055769311,-0.74815167202533372,0.045922688719481838,0.74236365403418147,0.66281936359390481,0.097809490408596961,-0.1036147811007056,-0.030652355385332286,0.99414506499141475,15.570674291987487,-16.731290166062735,-1.888281259383948,,0.09970637355199219,0.5833333333333334,False,2
0.94486080138806228,-0.32479731461109523,0.0417704491444717,0.30068921850382546,0.91101915993926708,0.28218802968785101,-0.12970759374789248,-0.25406848416317607,0.95844934424264616,3.0857795926079481,-26.19556540036691,-0.29425636600976196,,0.2124086794164971,0.3529411764705883,False,3
0.24979673811914185,-0.95837182992152126,-0.13829325810722301,0.96760081794035901,0.24163799630423616,0.073210216931941102,-0.036745703778602007,-0.15210034304677994,0.98768174980550627,-1.1012311576533882,-11.575042955678324,-1.0430140337877198,0.9091945266214013,0.6106727512716955,0.6294642857142857,True,3
0.98910895979086488,0.10232942784218298,0.10579297641585804,-0.11287874684596251,0.98865772853105105,0.099067069838112851,-0.094455567183305514,-0.10992990500003121,0.98944103503683634,5.4127127273042799,28.274662251995515,-4.2428657892327433,,0.4862250060083289,0.6595744680851063,False,3
0.8436958458517021,-0.53586966233318423,-0.031953476860889077,0.5260156079624001,0.81336403841676219,0.24848847295261384,-0.1071676251137765,-0.2264567199296465,0.9681076665981827,21.335172255766981,-10.909898969831263,-2.7076713980404832,,0.2665515873336919,0.2666666666666667,False,3
0.97719896909238546,-0.2060925094989588,0.051069093718234197,0.18437779444713925,0.94293988683797691,0.27725295079546541,-0.10529484184701854,-0.26151529083096825,0.95943876768765546,13.193190536875335,-10.120936125834321,-2.1076131194194585,,0.1251079819833705,0.2857142857142857,False,2
-0.61775626649004645,-0.78624164753151693,-0.014186856565278745,0.78621500000917433,-0.61717651544390373,-0.03096970366494263,0.015593876133026142,-0.030285647944958916,0.99941963686716762,-12.005876106898731,-6.7490583877293977,-0.79745647063441327,,0.404847884190617,0.2692307692307692,False,1
0.79756362429514416,0.55976877459516761,0.22483590502723949,-0.60323074755825989,0.73871826196801393,0.30067922215420767,0.0022204507417612207,-0.37543874123907445,0.92684455070703342,-18.860043234824008,20.743156640126166,-2.7569348037048425,,0.7285842214556968,0.3538461538461539,False,2
0.89704711010737426,-0.4414130821921044,0.02147028452711295,0.42243610364539075,0.87072723075158776,0.251757478468014,-0.12982380592522005,-0.2167684951678599,0.9675521685768439,23.285925290021549,-10.685255849429092,-2.8881609313487711,,0.1888693178202757,0.1923076923076923,False,3
0.98484921321717256,0.12481050778510216,0.12039254284190996,-0.1498244080409849,0.96198862018808284,0.22832113652440611,-0.087319379181740875,-0.24289963313075,0.96611339616230474,17.688979041018495,-10.09687506014639,-2.4296768565375335,,0.09885838906205689,0.625,False,3
0.20142320953141857,-0.97343570866323759,-0.1088651080988004,0.97672323393704652,0.19123756865084765,0.097159233344395066,-0.073759168580051743,-0.12590120506100644,0.98929695825599651,-29.822158263982306,26.600355692261076,-2.7588473014661052,,0.3429710134384101,0.2857142857142857,False,1
-0.86984346446203287,0.45338457388311282,0.19446021571909392,-0.4843177705331696,-0.85980634989084959,-0.1617693970847206,0.093854379111837319,-0.23489459093857842,0.96747914017271208,2.2697694021689321,-18.715005509315148,-0.69597958278459171,,0.6523815092664527,0.5833333333333334,False,2
-0.92263689820544614,-0.38428549745240526,-0.032646753553618194,0.37969055322713569,-0.89022485134593066,-0.2516640574976633,0.067647896197183283,-0.24459020931728462,0.96726386867608261,13.707496847875698,21.452345937109595,-4.3225117302162275,,0.1437384214386963,0.1875,False,2
-0.98572076855778112,0.1256493769082323,0.11210174180819069,-0.13350330305760869,-0.988880240778509,-0.065518985573238944,0.10262277771803691,-0.079549377624283935,0.99153439779617503,-5.4102985146999121,22.419390167630489,-3.2410947241764143,0.7483093411803969,0.7986875888833148,0.712,True,3
0.44888447201765092,-0.89355353970334628,0.0080499978295628868,0.8889605862153005,0.44745670528144271,0.097629775450044171,-0.090839456940168734,-0.036668359416494711,0.99519024537046108,16.525977702678102,-14.991598473291001,-2.0656538174306647,,0.08191092531114806,0.2666666666666667,False,3
-0.84961918577710183,-0.52739222396286789,0.0021636226461233948,0.5238299457655422,-0.84434252786344743,-0.11264050586015881,0.061232565508262039,-0.094568164541053087,0.99363345111596013,-2.2528100838635354,24.659956773263804,-3.5859835440419667,,0.4586247600744591,0.1333333333333333,False,3
-0.71089175179254571,-0.69958860119615185,-0.072171367658786262,0.70273315899157585,-0.70244304709840111,-0.11287104516587322,0.028267021191644065,-0.13095630820822435,0.99098507599934438,3.6858357862972047,-17.403393396190193,-0.88847257102370059,,0.3428554978528542,0.8301886792452831,False,3
-0.95071964837768452,0.27043017292418225,0.15165642670460217,-0.29564612525642203,-0.93806170442198211,-0.18064774373844167,0.093410485543516317,-0.21658199433268355,0.97178532656209704,-3.9013163697983457,-17.487978544299487,-0.41858666166887859,,0.3550281068556196,0.1818181818181818,False,2
-0.63113689926367844,0.72932850574883079,0.26409495468487487,-0.76849377822888021,-0.63414874474710503,-0.085280023212770867,0.10527833210746124,-0.25677869895660738,0.96071909138458478,23.17880502877242,23.71292926626932,-5.1276491255099055,,0.4074163179493892,0.6296296296296297,False,3
-0.63636598321632842,-0.76319829189865096,-0.11210130529167445,0.77117206128298332,-0.62600208275714453,-0.11582333219292121,0.018220518699264762,-0.16015542334463334,0.98692363082035439,-13.26360175696148,-11.512504209627686,-0.35262296786109115,,0.4712324597599756,0.2222222222222222,False,1
-0.99197105638755989,-0.098553900267200706,0.079249933952474691,0.088408763834503939,-0.98850161802502867,-0.12267208989479055,0.090428500853458132,-0.11468077390750078,0.989278022766792,-5.0991590081012221,23.922642182523091,-3.3870109205604022,,0.2740849906129214,0.3684210526315789,False,1
-0.64119607743188289,-0.76702132863554684,-0.023363897451549744,0.7672658148731607,-0.64028742233263336,-0.036540198817961736,0.013067502171063318,-0.041355751967434462,0.9990590283693036,-3.968816070420266,26.588347516331808,-3.609519129313473,,0.1794905549566911,0.4347826086956522,False,2
0.98421581143913328,-0.15916384733456487,0.077369930947801813,0.14420473539450426,0.97470767414366699,0.17073354753897685,-0.10258767373817043,-0.15688154661113712,0.98227488491251191,-11.44588220608923,-10.22261967590094,-0.51448036508394834,,0.07541284251787658,0.3181818181818182,False,2
0.12182356801069041,-0.99253734113856995,-0.0053520764869919996,0.9902908872335302,0.1211805583191353,0.068111900191452288,-0.066955036699059306,-0.013597747278155763,0.99766333215648806,21.326973327000083,-15.192766320367307,-2.4566613614829804,,0.4481785198250862,0.543859649122807,True,3
-0.99541214464774752,-0.0069159548532985093,0.095429722079860252,5.6015335595894578e-05,-0.99742617729045191,-0.071700890636297768,0.095679983016587172,-0.071366591793522643,0.9928505176640251,1.8771252336898985,-11.816179626643732,-1.1933446135469519,,0.09606105094841749,0.1428571428571428,False,1
-0.80365769451493696,-0.59392743312539897,-0.037209061100906188,0.59259666138981504,-0.79300223832339778,-0.14133876652824623,0.054438102066300648,-0.13563795263552203,0.98926176457410053,-1.4382645702664572,-18.049587384744743,-0.50841373627177022,,0.3141597759527065,0.2727272727272727,False,4
0.37787807647567873,-0.91456020138938288,-0.14417973974748216,0.92169657162861962,0.35684793356230537,0.15210188085740547,-0.087656084598212725,-0.19036593799029028,0.97779201289741935,6.9570351923311122,22.730881187382852,-3.9980970476017856,,0.2606983194335791,0.1333333333333333,False,1
0.98591722468587073,0.13126910214851176,0.1036129764500309,-0.14738790985226818,0.97479901311466699,0.16746249747346928,-0.079019175502473601,-0.18037546078054981,0.98041861623039095,19.054978465995152,-12.876924412576885,-2.3941298914213243,,0.07597063805739894,0.3125,False,3
-0.23657628011490336,-0.97124259049546358,0.026823387083948852,0.97034596070644397,-0.23476835763840218,0.057554624422847325,-0.049602219987441909,0.039644024258742763,0.99798194929211481,19.632992958702761,24.525657078552257,-4.9189924433170935,,0.20351296525759,0.6176470588235294,False,2
0.63530379175834417,-0.76632766179166756,-0.095556302515249519,0.76472042901715287,0.60701434458730996,0.21618568617986722,-0.10766502506056394,-0.2104174428087037,0.97166493306105994,-20.692669947473213,21.595528399102683,-2.7972480599615501,,0.4934038696964301,0.2105263157894737,False,2
-0.8234163688716859,0.51558692328922295,0.23697174516663594,-0.55664356581819718,-0.81501139760450059,-0.16094832216572308,0.11015182298704965,-0.26443628024140725,0.95809186907348221,11.544324361035022,-14.799040404014896,-1.6503420768937773,,0.3477356047530195,0.2631578947368421,False,1
-0.47838047539093503,0.85866877739583147,0.18395665655335858,-0.87304160035375855,-0.48761224376886569,0.005715223393675993,0.094607001942193611,-0.15786776254903884,0.98291774057205306,-20.473268869673959,23.975447863714162,-2.9791733221637275,,0.9707667191589174,0.75,False,1
-0.30874888932850242,0.89382928252519189,0.32518200601957986,-0.94756310531385657,-0.3186889699172008,-0.023696031335977211,0.082451711846257894,-0.31544659477257864,0.9453545160732072,11.997375114817693,-11.286434261049475,-1.9222250665501648,,0.5015278361216927,0.22,False,1
0.59447664828998725,-0.80364019185127988,-0.027567311786633832,0.79350467773722577,0.58073890532949457,0.18191385391399442,-0.13018387399000156,-0.13001832900764029,0.98292796942350613,-9.4552252445343701,-11.419977204827642,-0.53315857531633026,,0.1673650846587428,0.3666666666666666,False,2
-0.51880084105319402,0.8340373052751644,0.18768979922159237,-0.85458565213110937,-0.51186680483395242,-0.087611285121998866,0.023001097672636462,-0.20584981787318563,0.97831324328531455,-1.0962458056197271,25.592151669617969,-3.7191341774653282,,0.3577345558666293,0.3043478260869565,False,2
-0.66758747544151398,0.72464426230309387,0.17093172831522746,-0.73705869336978802,-0.67567999725476113,-0.014178287549140259,0.10522093499701662,-0.13545196351847563,0.9851808567046676,-7.2127386215293088,0.85986344041223139,-1.5656512849784319,,0.1717186220241217,0.2968036529680365,False,1
0.86091451171213085,0.47533338151565546,0.1813405082720223,-0.50693527329983956,0.8315749638379335,0.22693547145026996,-0.042928221578353118,-0.28729994071498083,0.95687821161174336,3.5701579150715199,-10.619059815903654,-1.3954757828573743,0.2153217049834387,0.3723629912841254,0.1481481481481481,True,2
