axis_00,axis_01,axis_02,axis_10,axis_11,axis_12,axis_20,axis_21,axis_22,location_x,location_y,location_z,dbh,dbh_approximation,score,reconstructed,number_clusters
-0.98102465923202142,-0.044076175301880287,-0.18880653788853136,0.033309509272216216,-0.99765299187529388,0.059824613616122152,-0.19100024756722087,0.052400368061990582,0.98019034215616885,2.5404216573959411,11.03470558554371,-1.8022281477638287,,0.1089980408936485,0.48,True,5
0.38225470245613485,-0.84835195048195799,-0.36630630702136258,0.92217307533469184,0.32492224251429763,0.20981505057368033,-0.058975940670140434,-0.41800060338824491,0.90653038227581473,-22.179815974257714,4.9277034637208459,-5.5796046849440986,,0.2387634624130355,0.3076923076923077,False,2
-0.98067035138875969,0.0046322300215939638,-0.19561238292110578,0.040706460612441146,-0.97301641890815427,-0.22711678185365075,-0.19138611749929527,-0.2306893820273877,0.95401979174877072,-20.183071499051895,13.390820255742923,-6.0353652887735114,,0.1414686120446818,0.2727272727272727,False,1
0.78476487735448508,0.6104065901035991,-0.10746107215591331,-0.58196373492959685,0.78535190161689217,0.21104644477822071,0.21321889807799768,-0.10308339044108622,0.97155108775482135,-5.6986686322208397,24.640861978652246,-4.4874008551286853,0.1778414394661382,0.1806432808009943,0.44,True,5
0.89132017036583089,-0.3957460176973453,-0.22120904903669203,0.4340495275483332,0.88579463198197772,0.16422203745837594,0.13095557084024337,-0.24239009762901587,0.96129999429798252,-19.70287361319172,17.951656244169811,-6.4586294524144119,0.2229468747892767,0.1209325673588579,0.4444444444444444,True,5
-0.92951497977550424,0.3383642109534109,-0.14666820759393909,-0.34393946030422279,-0.93889186548606574,0.013700823688200733,-0.13306971863870115,0.063180105017092841,0.9890908574602465,-4.25079987519839,-8.2953954284407541,-1.198763869838408,0.2390805220854144,0.137050246588094,0.2941176470588235,True,4
-0.9130027997698944,0.39186644718054203,-0.11343092693985261,-0.3895779804640031,-0.92000695646362607,-0.042616865160698666,-0.12105736140327691,0.0052808742302537237,0.99263146616326925,9.8687523637198158,8.1758422568262379,-0.21961411676572765,,0.1781983183804719,0.4166666666666667,False,7
-0.38298732554157999,0.92015327161584115,-0.081478004450109012,-0.92364246059080823,-0.38008057674452778,0.049227636296134872,0.014328763668412611,0.094110105282117856,0.99545867549362566,6.8497779936798064,9.7762426170305812,-0.89944320311439385,,0.07392769795787107,0.1363636363636364,False,4
0.64455644676579904,-0.72956022628464845,-0.22866758221519121,0.76385498432160159,0.62729959035259919,0.15172602568612939,0.03274980701766575,-0.27246486042599122,0.96160821022563647,-9.2126407325280404,-3.0777971042237287,-2.6202752154234021,0.1006706849581464,0.1229892403980018,0.2924528301886792,True,6
-0.95131435570968359,-0.2302463319455971,-0.20490881690710308,0.23431882727517786,-0.97214937063726026,0.0045042595357615844,-0.20023906663050584,-0.04372902691780426,0.97877070266726263,-13.332564820008107,0.54094325667007626,-3.6156637087210357,0.3634480016634571,0.2838094631311049,0.6666666666666666,True,5
0.67349842423967277,0.73092838736126231,-0.11019784524274111,-0.7129394803220952,0.68169822892681675,0.16433143970677944,0.19523619015115884,-0.032112571175578225,0.98023038762719183,3.8091734005110749,7.8836640499981163,-1.2776687525819823,,0.1189174086819755,0.25,False,1
-0.27429214547396796,0.95308755432674608,-0.1280153612608643,-0.96096522474666868,-0.26664864258098248,0.073785759041325172,0.036189166319115708,0.14325716455794274,0.98902362410811318,-6.9018916439018501,-2.8227719013349959,-2.2151241838994578,,0.07311253253273328,0.3571428571428572,False,5
0.63185830535441889,-0.70240712501526659,-0.32768782809623664,0.76868156555644729,0.62210933804711988,0.14868968453884998,0.099416963986687645,-0.34583840481120809,0.93301236059835124,-7.2637939037434442,13.075509814412344,-3.751019095688704,,0.3422963876426038,0.1282051282051282,False,4
-0.82403317327869918,-0.49064485447891343,-0.28326128593509686,0.5296629673112333,-0.84462975265754348,-0.077831368899164477,-0.20106334920939328,-0.21416864312738251,0.95587934484728709,3.9162199735976277,-20.632978232050505,1.6478984931837675,,0.3351876298754196,0.6666666666666666,False,5
0.031689767773948996,-0.97120458381028463,-0.23613008068504451,0.99602088742905492,0.010997238013884362,0.088438976481554077,-0.083295560646844125,-0.23799310313947847,0.96768855136070009,0.99656693060049806,19.552221600288529,-2.8419628321900499,,0.1043986570420663,0.6129032258064516,False,5
-0.5398053629948284,-0.81085367737399949,-0.22611166261625154,0.81911139937946953,-0.56788797158439186,0.080992389373164414,-0.19407907019725446,-0.14149051423621661,0.97072846300731386,-5.4763242690199583,-5.0203811152199744,-1.775911685290358,,0.1089587199685111,0.2153846153846154,False,5
0.071316330757679111,0.99521577999095556,-0.066779729141809019,-0.99212540566429741,0.077687125766410167,0.098244032519056973,0.10296193666939675,0.059247461946871957,0.99291922020380863,-16.925858990490962,21.451610589962243,-6.3019793527077814,,0.2255623000734643,0.2307692307692308,False,3
-0.83746049157770508,-0.45875370798874104,-0.29699319933798046,0.50573377549699383,-0.85651346050279065,-0.10304387560205101,-0.20710691289279731,-0.23649466671389363,0.94930342843997972,-4.8721410478520859,3.5221082188583366,-2.4753400394392937,,0.590069387545688,0.2945454545454546,False,3
-0.94241718831725829,0.312812157414527,-0.1183148229845338,-0.30602595712014352,-0.94928127645960347,-0.072202297275953439,-0.13489980256802633,-0.031837279043508492,0.99034763135487547,6.4507228603166498,-4.6277564343870754,0.3257212463063609,0.3702090823616249,0.2962799551384191,0.3333333333333333,True,3
0.72000088154352515,-0.63962865285177894,-0.26920980113577941,0.69014095297491374,0.70066493356855986,0.18103622812642839,0.072829908714931307,-0.31613895254837687,0.94591329786518519,-12.068392682173462,-10.242086285754329,-2.3633568382616508,,0.3899594462992227,0.3,False,2
0.80088021307679558,0.58013729242402678,-0.14843047611924934,-0.56160063121655279,0.81368572419378027,0.15006756231915624,0.20783554873802812,-0.036827492205737264,0.97747026578745633,-17.90513605896134,-14.190964125935647,-2.8752326474516448,,0.3272659891647214,0.5111111111111111,False,4
-0.96926966785267632,-0.16031857372449917,-0.18658581376863531,0.14899585708276064,-0.98611767645725046,0.073295039059449424,-0.19574612525650442,0.043242144922459362,0.97970075602173989,6.9304545603006673,-7.3243465049814818,0.70525805994302293,,0.1676373217015358,0.5121951219512195,True,3
-0.70032968951027363,0.70433483904720362,-0.11597741372694986,-0.71295444978290579,-0.69818333964167345,0.0650843820094546,-0.035132300311769976,0.12826713823559144,0.99111717910833053,12.627014726717787,10.087469790952905,0.084309484224296363,0.2105603074907173,0.1129684328228239,0.3333333333333333,True,5
-0.27841815890117233,-0.9267625975227477,-0.25217933425832056,0.94909664150881168,-0.30574043779239229,0.07575189618226992,-0.14730544413148708,-0.21825185573415981,0.96471095857661926,8.1723571146735114,23.007460773527814,-1.8389184207656533,,0.1862929694051042,0.4358974358974359,False,4
0.76928029082123928,0.61536525261232966,-0.17185296049633114,-0.60497399670296748,0.78807101183047235,0.11380045529668978,0.20546118238545147,0.016422125010475672,0.97852747347374636,-2.7883496388785041,14.35742960461673,-3.0645019384759333,0.1455621055224017,0.1198203045918821,0.5833333333333334,True,5
-0.16269474389475497,0.98326146149344207,-0.082020233179381799,-0.98481370104494059,-0.1567199590031769,0.074704944175124771,0.060600285009115518,0.092928751158199915,0.99382687258143265,0.83003239756471603,-11.419780193496592,0.018097921129185096,,0.1578686319337697,0.2,False,1
0.43835808875185389,-0.86883562694510175,-0.23014525712413383,0.89879461243914316,0.42282099533330825,0.11571797853281325,-0.0032296557389102365,-0.25757922908546499,0.96625178399190825,-6.0752613619163744,13.767488348518118,-3.6115007916639321,,0.08376533615771692,0.2352941176470588,False,5
0.0078361457042367844,0.99330266589797522,0.11527536050899032,-0.99552067663482458,-0.0031124952959071459,0.094492829175414753,0.094218773145499701,-0.11549946447065743,0.98882895209128474,-5.4190314249631379,-6.9977551293629201,-1.5634551859394894,0.9007148482439965,0.3491678203069558,0.2708333333333333,True,1
-0.83847916445783299,-0.50884490656030268,-0.19501167102953268,0.50388392485320121,-0.86023379414328804,0.078094876197968663,-0.20749380965375147,-0.03278231964763155,0.97768688161082162,1.2131620871380353,-5.1503991286502,-0.5510479180904202,,0.07939983787366763,0.2967032967032967,False,5
0.90153976517362933,-0.35116742397225725,-0.25279931200730182,0.40714034649214692,0.88626926979075649,0.22082463558854309,0.14650184322707588,-0.30200698959667682,0.94198141604058261,1.8582900748041249,8.6152033582811285,-1.7198282025916789,0.3623750641346499,0.4552026590841654,0.6119402985074627,True,5
-0.16700607540317797,0.97065675869423873,-0.17301568593518221,-0.9845185044021153,-0.15470300544415203,0.082403243846150998,0.053219218974441804,0.18409898671024852,0.98146588214976149,-2.0815985828662087,-2.033160606759429,-1.4524034751495873,0.1199405223108136,0.1065854605686662,0.1949685534591195,True,5
-0.2184023015764624,0.97495674171269731,-0.041949808760780277,-0.97497062673809165,-0.21616815220162022,0.051996220744119928,0.041625853313032146,0.052255925622834612,0.99776580747852039,1.0340091139974628,-16.379741221949921,0.64511781687003655,,0.3700210628352701,0.2307692307692308,False,5
-0.7787449161941058,0.61712921924487585,-0.11272924312726103,-0.62499886772987756,-0.77872129909992827,0.054493611226373903,-0.054155062904646417,0.11289227202218097,0.9921303160772097,7.3154168914946585,12.767073941416129,-1.0793759807252816,0.3735500218197231,0.2254976954272407,0.6666666666666666,True,5
-0.89062032565229754,-0.37882779398124089,-0.25156497777374487,0.40010833648614008,-0.91569715530746421,-0.037577105212008854,-0.21612208265073701,-0.13412017845621568,0.9671106571233633,9.0643799894686907,-0.040508609277659022,0.38737937505502684,0.6327920262981181,0.2716759009590671,0.1714285714285714,True,4
-0.72064440149651143,-0.64930993853807784,-0.2430396064583131,0.66274402345883743,-0.7480960304866251,0.03350654473003857,-0.20357309734178031,-0.13692674277084019,0.96943749729048645,13.149829346828376,15.607981110669558,-0.30042172837654352,,0.2835034719922126,0.4444444444444444,False,4
-0.97122997603140571,0.15255353765006044,-0.18286539259381115,-0.16575136884684324,-0.98439425002855463,0.059113824407822618,-0.17099361796112394,0.087723307399873801,0.9813591615486118,10.158304362806723,4.2577725362619212,0.1722501571126212,0.1539766962563264,0.101258567406934,0.3125,True,5
-0.69240701783874847,-0.69048432702382601,-0.20929385032079917,0.69544551329231574,-0.71596013294368999,0.061291321382737393,-0.19216674969733655,-0.10311392810725567,0.97593004777035797,-11.122354063018376,-1.9006143788647203,-3.0250645875539526,0.3335977998362485,0.2576505596597428,0.2363636363636364,True,5
0.59384969619804895,-0.77376383841865759,-0.22052677996359271,0.80363345755667515,0.58370171519737857,0.11604125805567053,0.038933330463618299,-0.24613376450878141,0.96845359504095341,-19.039944474698888,8.3944047953260927,-5.3686946259425197,,0.08654841150760725,0.3181818181818182,False,2
0.71751797997677225,0.69561364648765633,-0.035911046074962011,-0.66643941669418416,0.70059015114656209,0.25501361530858085,0.20254987604629121,-0.15904431752371112,0.96627038285205091,-12.390696159801939,5.4449294574618365,-3.9053177834978787,0.3832300199330248,0.3069503736028169,0.2875536480686695,True,5
-0.98177258541402901,0.064968378924875961,-0.17861047077181147,-0.057495504048543734,-0.99725258355995816,-0.046707082944601824,-0.18115423689126975,-0.035586434534296219,0.98281063696598203,-13.977674028751727,14.28898178354325,-5.065811211881031,,0.08286998915186278,0.5,False,2
0.62344198920243532,-0.73835136004656654,-0.2572107214264146,0.78009177410327324,0.60957481915537803,0.140980012158096,0.052696395282019207,-0.28854082721354135,0.95601636019223402,4.5000179427845364,-8.9908226599393135,0.40721282029959632,,0.1321310554255027,0.3,False,7
-0.34660601421573972,0.93057186186178797,-0.1178994521639731,-0.93784434435899855,-0.34142837784789187,0.062246675043718599,0.017670785588638466,0.13214640635009209,0.99107268685270389,6.0652318018822458,-9.8067279175443147,0.79865437132683037,0.3956105550556885,0.3231177974192396,0.6896551724137931,True,5
-0.18468049017984275,0.96868967318506149,-0.16593201502890539,-0.98102664573541354,-0.17156705117550103,0.090285476728361763,0.058990142431236021,0.17945769422223987,0.98199546795307591,3.1402989113907314,-6.896360544749899,-0.036243869061706763,0.2080108187701001,0.2396355501859387,0.423728813559322,True,4
-0.71271428543871007,-0.60306560360896688,-0.35825999647649787,0.67295327797736115,-0.73195741749418275,-0.10664063313189082,-0.19791976402348638,-0.31709654163834433,0.92751148256498062,-18.670471443014868,18.040700512513585,-6.2708827838966101,0.6548696755913693,0.2664038039610734,0.32,True,4
0.62510781170691188,-0.69461272562052456,-0.35602441650681799,0.78000743720290011,0.57273596742683441,0.25211487366637136,0.028785789048734148,-0.43530066967749126,0.89982481924381708,-1.171185012317578,-5.6031919675971258,-1.0002676205532426,,0.5218377734829711,0.171875,False,2
0.52177352899265206,0.85050532442804549,-0.066280295428573929,-0.84277417365922802,0.5259521695148599,0.11448147271771772,0.13222736727152726,-0.0038740808144937522,0.99121184155672981,6.6643559907972731,-6.383441701046241,0.54584782038653901,,0.2062613258797355,0.2857142857142857,False,2
0.97483978578521668,0.10739841756707365,-0.19532785759927393,-0.072211202926833418,0.98117780552554401,0.17909677863082374,0.2108860692935724,-0.16048580575292981,0.96424653068068678,-12.227066301052684,8.5507055056171843,-4.1778277363829766,0.5786091623985544,0.5699748956661601,0.703125,True,3
0.88083005860009267,-0.42837380626753829,-0.20157948797042646,0.45621722800604281,0.88179151607932127,0.11962258583150084,0.12650789989973033,-0.19733120451260086,0.97213998322698691,-13.914477619344195,6.9183517119945028,-4.3017083751300573,0.1354875824440682,0.08734729198785968,0.3977272727272727,True,5
-0.73619876925398509,-0.61495456970858642,-0.28256370846845302,0.64622267222734431,-0.76278363357389012,-0.023609029017799404,-0.20101649198080165,-0.19998001286713751,0.95895795757968016,5.335785497056742,-11.843865833721775,0.88366317518824733,,0.2943937099736477,0.2352941176470588,False,1
-0.52969886867089666,0.83544763968116376,-0.14644572332418693,-0.84790154323241762,-0.52603842034385562,0.06592839529539328,-0.021956354726065525,0.15909375120762323,0.98701929910910557,7.1524686231616812,0.73997963195535144,-0.031794664327232061,0.1429543621816546,0.1113038687432497,0.3194444444444444,True,3
-0.95684001480991876,0.23150252533986462,-0.17568086640217753,-0.24330434873527246,-0.96873122813346146,0.048608656899161745,-0.15893451464379699,0.089254626772514403,0.98324637383243896,21.157401153137144,-5.9582076389082861,3.2032084530516522,0.1874056147075781,0.2251031697965927,0.7407407407407407,True,5
-0.85483411813700627,0.49725476724973655,-0.14831158726254987,-0.5070385283656017,-0.86121218590663495,0.035007164963198625,-0.11032026659581469,0.10512500793496241,0.9883208848774282,-14.834887059699286,8.51415532981326,-4.6409111847703786,0.621179732915745,0.4881439980253804,0.7987012987012987,True,3
-0.796098412110117,-0.5161751525398709,-0.31589639145800952,0.57008298879140329,-0.81481484504125568,-0.1052718109992235,-0.20305837615427719,-0.26389388056723923,0.9429354780008824,6.0563786464966114,4.8378157659584629,-0.63049845600178733,,0.1604961823283186,0.1818181818181818,False,5
-0.39843613217987273,0.91032648693218621,0.11204613229936755,-0.91687174630799329,-0.39856054627745852,-0.022264136478760993,0.024389534552223049,-0.11160276941329983,0.99345355828222182,-30.427280309621331,1.3948220371385576,-6.6968461359627831,,0.419796961112781,0.35,False,2
-0.49576344882875717,0.86338885198992976,-0.093692545407449285,-0.86838384956241588,-0.49423402316527176,0.040524315725609862,-0.011317801225306762,0.10145156778177605,0.99477609881321727,-15.910159402459408,-0.94478849207060733,-3.8971257642259824,,0.1031077597347884,0.3513513513513514,False,5
-0.57810532258148473,-0.70562048833784807,-0.4097486576437005,0.78668265487213163,-0.61530430728466889,-0.050309143903158451,-0.2166209512634743,-0.35142614569037212,0.91081009414636882,1.2044274794231438,1.3086191713826025,-1.1372032137593777,0.7330067999612419,0.3872735494206932,0.4771084337349398,True,5
-0.92983524036849186,0.32777075319135651,-0.16725058780536173,-0.33786922299910621,-0.94053563282835084,0.035172596295312455,-0.14577658906301946,0.089213545678577172,0.98528682592867722,4.4001498760432893,8.6890450805168147,-1.2638107380361174,,0.06728427443818993,0.21875,False,4
-0.67107452275628887,0.72753707920784194,-0.14264916152975382,-0.73904160371162331,-0.67175161987364995,0.050668226537740113,-0.058961791787321326,0.13942582104778914,0.98847556749490728,0.77679234271224262,15.932267734633854,-2.545220369471739,,0.08553466377240651,0.44,False,4
-0.23954412834235356,-0.94953353328744972,-0.20249612277610468,0.96131540094046397,-0.26117896308450422,0.08751142300739978,-0.1359827580665243,-0.17369979391109372,0.97536509631207668,-14.637402401216164,16.89624872580228,-5.3993960583041529,,0.07075332240142757,0.2272727272727273,False,2
-0.96017103783293867,0.22813013624568046,-0.16133263477469356,-0.22898357727093849,-0.97333615933626727,-0.01353670080665377,-0.16011901650653981,0.023944975778896434,0.98680724495107275,-15.018523110014337,-7.9956211473581833,-3.0293267688923624,,0.2984148895533935,0.5,False,5
0.31812246391003351,0.94085811031648126,-0.1165509082225889,-0.93635712124089565,0.33106400459755436,0.11675601209913739,0.14843665132733488,0.071990562656027879,0.98629808852658563,-22.140077855636392,17.139477230398946,-6.7992438413099618,0.5354254543570108,0.2364605830753915,0.8833333333333333,True,5
0.94755793317476189,0.28965376071913512,-0.13503578110573311,-0.25343134690308466,0.93845991580582266,0.23466047565070849,0.19469595703162851,-0.18813209541965578,0.96265248090292055,-4.3471465180966105,27.758851074809382,-4.503551552933164,,0.2534876280720901,0.5151515151515151,False,4
0.27552144479085117,0.9587126464201019,-0.070413031851562641,-0.94946739338861852,0.28285535405754048,0.13603131100157859,0.15033164122095777,0.029375334468744269,0.98819911322195852,1.2451398092881931,17.163996554736556,-2.5331298210104904,,0.2954053225429856,0.3636363636363636,False,5
-0.9739691476419301,-0.12227162869033978,-0.19087626426317245,0.11237917052885406,-0.99173801033914943,0.061859848688728708,-0.19686295099103715,0.038799067849078238,0.97966300882555724,-4.5815267884101081,11.489704409760796,-3.1054838654767543,0.6313255905778482,0.549601558047912,0.9839743589743589,True,5
-0.96760950065136297,0.10985248838804419,-0.22729778935170836,-0.10971428498354097,-0.99387441928036269,-0.013282107162307086,-0.22736453091845557,0.012085921358144364,0.97373471776719267,5.0431244495856209,16.791666798897086,-1.8618091545449165,,0.4107874749387705,0.1875,False,4
0.92585421513186317,0.33496246580172656,-0.17491174582225608,-0.31905034204722954,0.94095872712224982,0.11315278649693958,0.20248667008499174,-0.048957331999438428,0.97806049305827147,14.069162067260038,1.5710690566967065,1.1110751091393494,0.4591544347409796,0.420943207047201,0.8695652173913043,True,5
0.034689696285447595,0.99831523972433167,-0.046511365339805599,-0.99621414810682474,0.038253689157161236,0.078064245193688347,0.079711956966420125,0.043627255242757956,0.99586277494269582,3.5151428664239708,12.804510321769325,-1.7888821195457767,0.4952588192876408,0.4525186664232833,0.6511627906976745,True,3
-0.51582491926488172,-0.82525345598151523,-0.22995953134398348,0.83850665160824034,-0.54136210224400361,0.061916633166629612,-0.17558829082292549,-0.16088445432831366,0.97122857478626812,-7.6473609885877663,19.680961678438269,-4.4028750707868758,0.1358596237415397,0.1488046214893555,0.6326530612244898,True,5
-0.024311384828225129,0.99106637212581483,-0.13113505484464913,-0.99567178879982077,-0.012233921468904006,0.092130451825970169,0.089703096690686615,0.13280729350027382,0.98707425112664815,-14.903059557163477,28.277019328053985,-6.5841548914547268,,0.09055488767090933,0.1666666666666667,False,2
-0.37639778839875082,-0.88240455722343836,-0.28228868606417357,0.91430120342097043,-0.40299423330799206,0.04060735578032388,-0.14959282840930335,-0.24281236647216314,0.95846968672811628,8.5060154032107551,-9.9721027554641548,1.2504612746607173,,0.2466922945130798,0.5,False,4
0.54785267040972618,-0.79499726715075758,-0.26045498027059821,0.83612025248579025,0.53060374416974732,0.13914952409599657,0.027574896337591345,-0.29400512222726866,0.95540599390840042,-9.8783805459807859,26.799969559953254,-5.4818918648075163,,0.2241934142317391,0.5357142857142857,False,3
0.67247813733479844,-0.69074640117788988,-0.26578668903184755,0.73951647465515369,0.64157367193450143,0.20371206933830172,0.029808363261543236,-0.33354554822433624,0.94226261134536893,-7.3829335061700672,21.44421515943122,-4.5080735864130794,,0.2206749705473696,0.3488372093023256,False,5
0.84931284512352101,-0.47263819520049621,-0.23511875200801885,0.5161855753944582,0.83682886001254986,0.18240041338985225,0.11054475502203956,-0.2762799223391279,0.95469851872169742,-14.157808154430747,-1.0701834115863924,-3.6133588754858414,0.2407810646258653,0.2121301305610452,0.3666666666666666,True,5
-0.59717518819142901,0.80203509036756127,0.011023086120865611,-0.80138945338312551,-0.59599906256532997,-0.050597049593255589,-0.034010860248245942,-0.039049087573779173,0.99865831501311242,-17.760536535246032,25.467728906031102,-6.871554587591711,0.3307155489815903,0.3605551372141426,0.3488372093023256,True,4
-0.77087640065187479,0.62687182539752584,-0.11305436497891502,-0.63134080728359809,-0.77549008521695806,0.0048900704178453103,-0.084607091762490649,0.075145473935365512,0.9935767699430802,13.46105859530827,-0.20620776173016298,1.1498586405360618,,0.3853970362753689,0.5454545454545454,False,4
-0.60335079755682419,0.79568351789159308,-0.053437388064948688,-0.79335273737329537,-0.60568738965011215,-0.061108265571307024,-0.080989191808810007,0.0055249773296436877,0.99669966661761422,9.5477941532181472,12.511772920323869,-0.68001866816311662,,0.3798702877654639,0.3846153846153846,False,5
0.94878230031159239,0.26789233253005007,-0.16746893678247121,-0.24035104605443919,0.95608687319655417,0.16771781527843738,0.20504516886768909,-0.11887636044581891,0.97150650520270587,8.0424170113446873,-11.794248238362705,1.3605356477255786,0.4930777590752506,0.4259167013199008,0.6515151515151515,True,5
-0.44745222156731318,-0.84866155434808677,-0.28206395655234834,0.87849934333496338,-0.47614847531763693,0.039006835461588903,-0.16740792446749306,-0.23033930542610109,0.95860231128518925,-5.6683348446084576,8.0702933005405679,-2.9797324741716351,,0.08143232530528997,0.3652173913043478,False,5
-0.19346146884280913,0.96982201416031022,-0.14838436886418377,-0.97960846679434266,-0.18258541103720088,0.083844018637075482,0.05422095404934052,0.16157917107850167,0.9853690981635076,6.0583977073654305,6.2401972097486809,-0.70714091567214621,,0.06763186343303283,0.3125,False,5
-0.46047861718538352,0.88629119510963483,0.04947080539239318,-0.88765429434319698,-0.45941457744685393,-0.03175058681992321,-0.0054126563827600616,-0.058533439164837081,0.99827077471516623,-13.919883526331169,-11.509176424207768,-2.4794336428309598,,0.4050797722509972,0.3103448275862069,False,1
0.51279596670144834,-0.82887514781695526,-0.22362085293225079,0.85789835233994549,0.50457622351569154,0.09702191358167013,0.032414712510422251,-0.24159640724576822,0.96983527591998997,-6.0121022411756462,-9.8673667496461022,-1.3049794836938247,0.1861771906037604,0.2499246513710902,0.8283582089552238,True,5
0.79175062515146,0.60566597723088411,-0.079370470561973272,-0.57923092672069409,0.78566902632442825,0.21729177297981078,0.19396515435138592,-0.12606706587916508,0.97287440802914527,-1.6821934838089858,5.0998202771372707,-2.0125681136599174,,0.1195099071410346,0.2021276595744681,False,5
-0.82100074255368127,-0.51628535388243413,-0.24373595158037981,0.53222687009434111,-0.84660160470828005,0.00053071173512414527,-0.20662124642902741,-0.12928710791047254,0.96984148408503379,1.9070815142841335,23.4991658476808,-3.0052651992850126,,0.3240039592900585,0.2142857142857143,False,1
-0.81984901587904035,-0.50138231198263095,-0.27652010486241052,0.53973277053905544,-0.83793994647546466,-0.080902302235033696,-0.19114425852847963,-0.21557463517688025,0.95759670482930903,11.219008713440751,15.515102872112024,-0.64877041873866104,,0.5909107139209022,0.5555555555555556,False,4
0.043010194523872412,0.99877945089205689,0.024284390928725474,-0.98982373025150561,0.039299233036580797,0.13676459086229342,0.13564330502465893,-0.029919538072922025,0.99030586943806875,-10.721976361407753,9.7887519382375725,-4.0332975729177614,,0.610561794145696,0.7372881355932204,False,4
-0.69678601829340203,-0.68807574709660257,-0.20258581136959913,0.68985043683491065,-0.72021429352975974,0.073469355476359605,-0.19645767867281105,-0.088561490800917589,0.97650460461669586,-3.3863366293886572,-9.570885768466816,-0.92317389518863657,,0.09615962466694637,0.36,False,5
0.81223784893895057,0.56987010994774656,-0.12457019924191093,-0.54670717528345059,0.81815941838339445,0.17811914721369937,0.20342305976613526,-0.076571691235653702,0.97609212416487334,17.02301301415266,-9.3491269561247243,2.7526283040136459,,0.1007796675802564,0.2105263157894737,False,5
-0.2160958827257303,-0.95006214856824611,-0.2251321463649221,0.96807687868796921,-0.23847935724285932,0.07716704684509583,-0.12700285988413015,-0.20126974443994788,0.97126760656079303,12.321862261650374,12.077935343354074,-0.14564864146227346,0.7846486161838551,0.578550161906391,0.7711864406779662,True,6
-0.60715227337051547,-0.6665239326356176,-0.43256440464393792,0.77249742552467471,-0.62260730953798749,-0.12493144387069861,-0.18604796289871967,-0.41000729912261147,0.89290546541468607,-19.867495638613757,1.9979178956990054,-4.8485722405915643,,0.7742985122656647,0.4761904761904762,False,2
0.07147311219239029,-0.94485158702354111,-0.31960455680830047,0.99431425448456323,0.04213472498963855,0.097794827464724954,-0.078935147826185728,-0.32477706730793621,0.94249090127624835,-28.797075585353202,4.5290906381451457,-6.7835600717493421,,0.1625243597223312,0.3333333333333333,False,1
-0.92893035257093548,0.32686335786766524,-0.17392166442370408,-0.34089288783088317,-0.93835966256596604,0.057211735644069908,-0.14450065431948028,0.11243437620479133,0.98309616617535478,-15.407430891769746,4.9420380368133552,-4.3926166370299464,0.1724107294066433,0.07212449759435477,0.2884615384615384,True,5
0.98025876911092213,0.084920945318468527,-0.17855301349279148,-0.053957941991413377,0.98368500075514287,0.17161689830959259,0.19021379044956377,-0.15859461635115951,0.96884800747446298,3.9237546349240504,5.236322254898627,-1.0152443733531302,0.9385495071394185,0.5590265546370111,0.3687943262411347,True,2
0.58737888697787211,0.79414916564634941,-0.15592673226821474,-0.78882986534792343,0.60485800959916503,0.10906067925202791,0.18092398035587637,0.05893972282717061,0.98172940386098395,4.433813428809886,18.851627815544681,-2.1349990091702282,0.1419956974152453,0.1136146793499264,0.4117647058823529,True,5
-0.9713263636060685,0.19619919548750803,-0.13427945134631519,-0.17089996398198398,-0.96882696253575529,-0.17935305677545632,-0.16528247842638807,-0.15126199904073076,0.9745776059254766,-19.73919854267076,10.921148020749891,-5.7081180236880575,,0.3198029614643821,0.1515151515151515,False,3
0.26232500631845074,0.9508365246409749,-0.16460709118594402,-0.95513230065002719,0.28014971531943134,0.096116727271727737,0.13750592465421596,0.13200772861887475,0.98166495316369262,-1.580325645834008,21.805726679406568,-3.4929052409991468,,0.08728730921725587,0.8823529411764706,False,2
0.5340675413235012,0.83153566584156757,-0.15270984820269753,-0.82560850017561849,0.5518551643204842,0.11758606231427512,0.1820507229934448,0.0632796495425786,0.98125084469330881,-9.0646854258077614,12.657649548104823,-4.0248569375761383,,0.07227999123437794,0.35,False,5
0.84269338615921741,-0.50044710530497194,-0.19854609468681245,0.52693671280029297,0.84230347851394438,0.11341318612281744,0.11047876550148319,-0.20019376832254748,0.97350752308242849,-3.1618981280965182,16.74434697695634,-3.3226468707125045,0.1799867300827805,0.1476362389862421,0.6097560975609756,True,5
-0.017661049337802048,0.99737792607891518,-0.070180908421101251,-0.9923551693222552,-0.0089106388455202253,0.12309272291554789,0.12214460796812472,0.07181833391194746,0.98991051194460311,3.436453319676358,3.6599649423329144,-0.97578738543234333,0.5102352310694989,0.1453299476912816,0.171875,True,5
-0.19571061271856846,0.96598304657157852,-0.16903878195731961,-0.97918698931085646,-0.18304173462423534,0.087684453297558793,0.053760543465103491,0.18268135406232003,0.9817012411341316,13.508578882621,13.484700773964544,-0.069691326898095055,,0.3562613487381088,0.6,False,1
0.19068437823318982,0.96834759530136016,-0.16106645389991756,-0.97340104834873353,0.20774707946083987,0.096599948494175081,0.12700341322739164,0.13836215396402279,0.98220468710907094,8.1014823033588979,-8.3546289701403271,0.98687099433544889,0.7080966573966221,0.7428140203309449,0.8,True,5
-0.14596310975911569,0.97942396845445701,-0.13936807599436796,-0.98735066000942928,-0.13540735715248414,0.082483463845336807,0.061914818649445577,0.14964470470385238,0.98679938061680195,11.312705890901011,6.2716262876780222,0.18408518824870468,0.1533083813023826,0.1112615415193861,0.3947368421052632,True,6
-0.32612501620518058,-0.83818840980546094,-0.43713003039480414,0.933816882539661,-0.35758134950372428,-0.011027618555392277,-0.1470663241162927,-0.41179578452782539,0.89933071122698438,9.3310022055490727,-4.6429178934272937,0.8416792381142334,,0.5125917927755057,0.2375,False,3
-0.58219801762310341,-0.70486588745324452,-0.40522777419678191,0.79169512626293659,-0.60494975902418813,-0.08517403423631778,-0.1851061731202962,-0.37040500774331664,0.91023943823119002,-7.8793759912707229,-13.5911396601643,-1.2303577889021018,,0.5692054228057303,0.1304347826086956,False,1
0.67782700930352235,0.71910495450394896,-0.15309673368989843,-0.70947957258424499,0.69437488556667748,0.12034223855297049,0.19284522691609263,0.027047785531102098,0.98085632778381138,8.902717836625456,3.7849137890702171,-0.029318376892396674,,0.2025493756754512,0.5789473684210527,False,3
-0.34894585696636021,-0.893872469094949,-0.28147610538038981,0.92455933354010633,-0.37742031202736764,0.052382695931379855,-0.15305824927094736,-0.24196263567597426,0.9581373885131762,9.475353944339604,1.8596174480470624,0.24870166219540843,,0.1856301541666041,0.4259259259259259,False,2
-0.97811384686855718,-0.080602190746421082,-0.19182437126410634,0.079941752410551584,-0.99673669563696587,0.011192666895457976,-0.1921005434284927,-0.0043870739200701052,0.98136544406092552,-8.3373714861420165,-3.7616970881353522,-2.4088564483341859,,0.09437978547513368,0.3450704225352113,True,5
-0.82510469504765482,0.5644460348581859,-0.024554346726957887,-0.55917915224977999,-0.82207344733440135,-0.10730294905989464,-0.080752200586321946,-0.074805888274950841,0.99392311633237607,-25.451483785154348,7.1593471505041881,-6.3726527926770702,,0.4118738082289918,0.2903225806451613,False,5
-0.85579225907928325,-0.40944620117241443,-0.31618573283033402,0.47373695701867091,-0.86582005415942143,-0.1610246234899057,-0.20782902794043606,-0.28759249322757841,0.93493189751151295,-13.287105269732924,-4.1748691510620457,-3.1666738183812364,,0.69332223048886,0.3981481481481481,False,1
0.7998122876158642,0.58787082853448147,-0.12127734139920077,-0.56260065010881921,0.80461500737056568,0.18993472144712467,0.20923865100838787,-0.08368141294364731,0.97427748000861802,4.5330839137775065,26.729745455886871,-2.7830522827989528,0.6741021765545516,0.5013229362774881,0.7848101265822784,True,5
0.83137310670821307,-0.49076406439761988,-0.26070939863814357,0.54506553708965366,0.81153762248528072,0.21049999422352728,0.1082696528095525,-0.31710774255269519,0.94218913276137484,3.1560757666300465,-1.962135588213713,-0.49537076882560732,0.8216865192201643,0.7732234046486786,0.6948529411764706,True,1
0.8291647047010543,-0.45543966176007306,-0.32413054002034958,0.54856640111856858,0.7744620999408045,0.31509262022316697,0.10752114230157261,-0.4390708032324051,0.89199553457795688,5.6608994131922108,-9.0028917707374134,0.645835258443334,0.6109494661683269,0.3394889968587267,0.2058823529411765,True,1
-0.67558945910092849,-0.70148724389286654,-0.22692406088227957,0.71115470913268819,-0.70122251695541082,0.050457520679479104,-0.1945195682447301,-0.12728954540852272,0.9726044978302204,-0.36220590096469318,11.223294499980984,-2.3419273641285967,0.319176890007674,0.3284350379632722,0.4446564885496183,True,5
-0.36237591019655785,-0.88545838601813875,-0.2909418263835043,0.91948449826753131,-0.39068227770860797,0.043767743032062975,-0.15242033051703696,-0.25165612353878275,0.95573910578698762,8.5730987088245865,11.645066641113509,-0.77327282499084626,,0.16247758754228,0.44,False,4
0.20412090193874252,0.97208085979588932,-0.11573011453462723,-0.97018937535055927,0.21665303002086927,0.10860037080814755,0.1306416218079258,0.090112521889357727,0.98732593405123026,-12.312792809462682,1.6750057547252633,-3.5497390185645474,,0.06870571860666087,0.1578947368421053,False,3
-0.90442195776728151,0.3916260464073138,-0.16926299679426457,-0.40457287938806602,-0.9131989873975358,0.048871205016510724,-0.13543156047261729,0.11267940890638739,0.98435849325154912,-1.7641907970180406,-13.901963534709576,-0.12910662930083897,0.8224615937818465,0.8251898514956899,0.9693486590038314,True,5
-0.56642215053842881,-0.79604810524288538,-0.21324483937163205,0.80377235946298453,-0.59076315443670802,0.070348344140403585,-0.18197786003447722,-0.13155344731021695,0.97446280019201847,-12.25452733336121,-1.5584099665143614,-3.2449133242155357,0.4129206675629082,0.3906153233203358,0.9528301886792453,True,5
0.74126315263570564,0.65254695313174249,-0.15719864027100552,-0.63881909597129993,0.75774634545910979,0.13315644395136836,0.20600752696681882,0.0017175278286903212,0.9785488996116507,-19.337934812647976,-10.022616201231024,-3.5135456541788428,0.3370785023737377,0.3703967688328006,0.6052631578947368,True,5
-0.69072763784271318,0.70690021748456811,-0.15227413713594154,-0.72013814975766499,-0.69154739108059859,0.056242787566266945,-0.065546743502877175,0.1485068631743591,0.98673671058002077,-8.644773997087551,1.1834398557716681,-2.8919875339232792,,0.1256860878907194,0.6137440758293838,False,5
-0.95040018492636569,0.26957515091731366,-0.15514098910293364,-0.26182198495868081,-0.96266076881125529,-0.068800380696753968,-0.16789501685346486,-0.024768572821816215,0.98549367380828168,6.5907919400941646,5.578050977021026,-0.6008923266929509,,0.1232331513340404,0.1666666666666667,False,3
-0.9463317875495123,0.27656922890909069,-0.16722921244201447,-0.28356934754367152,-0.95876240118635581,0.019054742323908365,-0.15506312587782417,0.065453187027103621,0.98573389274235346,-22.463788281644266,16.359353833560643,-6.8120084987102372,0.3163976488131232,0.1989298205060717,0.4242424242424243,True,3
-0.29057053999490939,-0.9218390059635827,-0.25647925524521759,0.94848935377382837,-0.3128544569551408,0.049900245901303056,-0.12624067119899701,-0.22876830166650869,0.96526077154717582,-11.946942449713664,-6.0941205417553217,-2.741967192585387,,0.0771068668898951,0.2173913043478261,False,3
0.9636095561169602,0.19622417046044291,-0.18152878087836727,-0.14349874026908349,0.95265923161995447,0.26804570496552371,0.22553211501083686,-0.23224225140225774,0.94614946058344807,3.8879807953168073,-12.099649582241341,0.63936959107878799,0.7326049117167494,0.8218564278700947,0.631578947368421,True,3
-0.87512185779668583,-0.4384656733278024,-0.20471831212589289,0.43667303603557056,-0.89785372604291092,0.056350210561619929,-0.20851473234751267,-0.040081665934171909,0.9771975575337809,-19.556331867219221,16.20761547162024,-6.2784969484901838,,0.07909483438780023,0.3333333333333333,False,2
-0.77486270296415094,0.60997743054108411,-0.16587744206367161,-0.62567868224648815,-0.77747144911109001,0.063752116822892987,-0.09007762284490034,0.15318511692588943,0.9840835034767188,5.8461295400869497,8.4964972900697937,-1.0101641749777284,,0.07281272052533645,0.3255813953488372,True,6
-0.21659392457073828,0.96417159424234078,-0.1531672572556825,-0.97501425339870762,-0.20570923907727265,0.083850549357833759,0.04933839791081937,0.16750177854110265,0.98463641852064432,0.72069305473005563,2.2860703613766944,-1.3724061668328158,,0.09538303532353667,0.4803149606299212,False,5
-0.39179477178124344,0.91769572624094908,-0.065813454885610537,-0.91993410009176424,-0.38959253589414389,0.044033026967566176,0.014768489876748128,0.077795951145718911,0.99685991076584768,-4.0767739701026411,7.2422012956691999,-2.6747091861727816,0.1427452226662061,0.08732109514994621,0.239766081871345,True,5
-0.28541200774020653,0.95764287405147963,-0.038211406884940374,-0.95697258859195877,-0.28257993380924579,0.065970036319288217,0.052377958353779105,0.055395909477004332,0.99708968638327899,-27.707737906269852,21.25781278644078,-8.2191702610700013,0.469301546729425,0.534076070497934,0.6785714285714286,True,3
0.11054237379280635,-0.92048552126667771,-0.37481567301096796,0.99308125157310023,0.11733388836664735,0.0047314284068108448,0.039623368991759389,-0.3727454409904653,0.92708728006081886,-11.833943048332282,15.661322675669673,-4.7761036724333881,,0.8194172238773483,0.5887850467289719,False,2
0.35531332843298324,0.93320517282559312,-0.053670700101914728,-0.91445042125367726,0.35892492255877506,0.18695808898025723,0.19373400761571852,-0.017349506555869393,0.98090067229838329,-16.841185484355563,6.5407545079749418,-4.8148473545054458,,0.3787371525070013,0.6307692307692307,True,4
-0.78257783697460392,0.61646105385438577,-0.086877489356511656,-0.61777783303566736,-0.78622742338610241,-0.014035231576512069,-0.076957638255770622,0.042687325945660576,0.99612013036465807,-13.496543925665975,1.5922972181220425,-3.7417919758242806,,0.3699899445950793,0.5342465753424658,False,4
-0.069873188050394247,0.99708675645921063,-0.030589829769497923,-0.99523056217316019,-0.067584986817828943,0.070344848235895624,0.068072503319413419,0.03535915228744177,0.99705359165961782,-2.0623704155367872,-9.9340206258017592,-0.60031958624949466,0.2760279559731939,0.2052200639886861,0.1272727272727273,True,5
0.7508229210817402,0.66006213368979161,-0.024143753791872946,-0.63446756359536494,0.73090651127167405,0.25144896604685302,0.18361876789599793,-0.17347521854590553,0.96756937561438239,-18.553523925869509,28.341999326382592,-7.3317876724722879,,0.2459451388519754,0.5555555555555556,False,5
0.37450828033679268,0.92702943980291919,-0.018972761998838433,-0.92051416998211921,0.37417759674529233,0.11244905048975823,0.11134276277023654,-0.024648404260795481,0.99347634362680626,5.0067427466535213,-7.3837884674921908,0.35631637792652704,0.8055794436210258,0.5303941882213197,0.25,True,3
-0.32953352128669161,0.94408913868495514,0.010166443109240919,-0.94341432832515471,-0.32968302137123628,0.035756265609399748,0.037108805682622044,0.0021917200169672413,0.99930882759243977,2.8891338419453469,16.849171449986084,-2.2735073729815234,,0.2924247989587931,0.2142857142857143,False,5
