axis_00,axis_01,axis_02,axis_10,axis_11,axis_12,axis_20,axis_21,axis_22,location_x,location_y,location_z,dbh,dbh_approximation,score,reconstructed,number_clusters
0.99940787949623144,-0.026883949598826808,-0.021474255628874908,0.031715158875520441,0.96179311995062289,0.27193407861676289,0.013343129256176353,-0.27245412030214378,0.96207625125664464,-8.565690303370296,12.958104806616129,-3.7879112389712262,,0.069771272626619,0.2777777777777778,False,2
0.91552785906014245,-0.39744879929542931,-0.061993477264744141,0.40140349666003738,0.89265617620409932,0.20503703068902474,-0.026152861293710666,-0.21260151227895435,0.9767889356574706,-12.114346599012782,9.3157659780469686,-3.5802215744985904,,0.0785709107520452,0.1818181818181818,False,1
-0.683708817596555,-0.72014754640904599,-0.11802442180223748,0.7200644913412545,-0.69201735692677702,0.051177202165993328,-0.1185300850003152,-0.049994890870062592,0.99169104555638143,-4.6527396910722363,10.131378777708434,-3.5321518498997353,,0.1504844702759203,0.2352941176470588,False,5
-0.28686352601420639,0.95397203161247912,0.087445299152413017,-0.95257033236232336,-0.29373476714062269,0.079559087953395918,0.1015828693522132,-0.060475197180351381,0.99298724623238133,6.2783110155108259,7.0630405028589598,-3.0847501504466335,1.301509987990006,0.5618073803999488,0.8490566037735849,True,2
-0.64781421226412461,0.76046966236532698,0.044973759133241031,-0.75920869771903554,-0.6493496703760121,0.044126623373289042,0.062760654046747397,-0.0055586153426345503,0.99801312721782098,-2.9986263455364539,4.9261494908320991,-3.1164093890700166,,0.097106139082173,0.2989690721649484,False,5
0.84626363897680001,-0.52912929965949507,-0.062129200764182463,0.5312047435103282,0.82911257976980024,0.17433832206256997,-0.040735412332151992,-0.18053950899821905,0.98272382278685555,-17.315597564938187,-7.4956354596781658,-2.5433780626399178,,0.07270100726513712,0.1666666666666667,False,1
0.99800896194104427,-0.060509365179693034,-0.017796870817980984,0.062616392552046277,0.98439917435923541,0.16443069331674512,0.0075696280707453888,-0.16521768139762757,0.98622807630104736,-11.207033118126112,7.3550389679920736,-3.4267194761967414,,0.1166585463445742,0.392156862745098,True,5
-0.63332307435086022,-0.77123737328520858,-0.063990605114389879,0.76867563958593743,-0.63648397375529941,0.063450076909429692,-0.089664065276586102,-0.0090036215377162637,0.99593136821634498,2.8843937134330302,11.307698464390183,-3.447808979938138,,0.09787164709500279,0.4,False,3
0.45338545731859475,0.89103384225617122,0.022367812727557685,-0.88658260194258509,0.44825395770361176,0.11419141533305062,0.091721954976577313,-0.071603640670395291,0.99320692789469656,-0.40424510425405524,-22.667469696593116,-1.6638425499036111,0.5085600222320725,0.5785335150935449,0.7101449275362319,True,4
-0.69813857903172183,-0.70152454372926321,-0.14305886555197692,0.710658010193572,-0.70326983253326869,-0.019409667599983096,-0.086992626212123378,-0.11521656649144786,0.98952383790924414,-0.40543196583389401,12.595809743901606,-3.6329269151933739,,0.4089001542602828,0.4444444444444444,False,5
0.76611748637173382,-0.63311071211471137,-0.11061113542975459,0.64048011322453324,0.73778509505947576,0.21320970445073401,-0.053378100746893316,-0.23418791538779998,0.97072488308839122,-11.496791276105782,-11.871349081663158,-2.3480469308305545,,0.0933679863304501,0.2666666666666667,False,1
0.99850883866460571,0.053589987586608386,-0.010402515999870795,-0.049999392326940853,0.97426858960162155,0.21977437540032502,0.021912550641060451,-0.21892653687055272,0.9754952647646572,-25.504143993959413,6.4024482762211727,-3.5259983665134214,,0.174939537356583,0.2,False,1
0.68121012395207881,-0.71833668725471445,-0.14122737259156201,0.72872116973315615,0.64686080854734795,0.22480336106965026,-0.070130049250902646,-0.25605370161236368,0.96411528256877688,2.1235880197954731,3.2113017143245064,-2.8984764768004685,1.004360448494727,0.7037940211265544,0.8125,True,3
0.23578279198426175,0.95000506189173062,0.20468721841921783,-0.96698613444256942,0.20839929302447055,0.14665452759024997,0.096665871950367521,-0.23250831608136327,0.96777868965641367,-18.328357312978184,4.7901218084279584,-3.3632635474521466,,0.1035124358989539,0.2857142857142857,False,2
-0.38931004126450375,0.90209773668460791,0.18616488723477675,-0.9143196786050195,-0.4029563594966778,0.040567199272278115,0.1116119038733908,-0.15442100184136481,0.98168066961923262,-13.194880379841207,-18.18468025729624,-2.1045912240728168,,0.4607465709314889,0.825,False,3
0.069979687230415727,0.99543783116987805,0.0648565158711467,-0.99215993004521608,0.062705813503437596,0.10810482951998743,0.10354475644766677,-0.071913178407599421,0.99202166215436627,-9.5856856693027801,4.9988476314484886,-3.2437385833585379,,0.07287671664375908,0.2435897435897436,False,5
0.3655110824100663,0.92796720540235578,0.072653384870673715,-0.92608201661864598,0.35469150936556276,0.12870909711253076,0.093668282417079113,-0.11432759457682747,0.98901741844484858,-1.2877439065009835,-21.760885290022372,-1.7641006356168398,0.2328299898850955,0.1778162878381056,0.4545454545454545,True,5
0.84553232693929226,-0.53137845719967902,-0.052077051805135548,0.53296081962870745,0.83412570816605669,0.14208120113924438,-0.032060081742289859,-0.1478892768275066,0.98848414906770976,-33.579159297545814,-2.2090906147209997,-2.9924546020289884,0.2478867260901794,0.1612065276212702,0.375,True,3
-0.6537318467518527,-0.75525938308690854,-0.04709497639445985,0.7522087608476965,-0.65535969483070489,0.068451811483542208,-0.082563022270173911,0.0093238752988175546,0.99654222825880645,-21.319624224991522,3.2871021051067806,-3.2651908416145239,,0.7213104782281052,0.9547169811320755,True,5
0.49104245205454722,0.87086777905572998,0.021601427795365471,-0.86504555097951497,0.48453266446429222,0.1300933964414836,0.10282754986288994,-0.082567599393916516,0.99126640542263944,1.8270283071677034,-4.4188093986846004,-2.4319117737224909,,0.0734945678231426,0.2962962962962963,False,3
0.92145735331556344,0.3882455627104166,0.013480691983318633,-0.38304308600782189,0.90223007585147186,0.19813854872450237,0.06476372659352983,-0.18773990855627806,0.9800813162452382,-9.7271773882529153,7.4441589116201765,-3.4029104024813783,0.1054134876958032,0.1397388121945823,0.25,True,5
-0.00033758008998552877,0.99912599177548311,0.04179878704388644,-0.99496430334597219,-0.0045250520373037008,0.10012771330317957,0.10022934254472028,-0.041554499909360193,0.99409622392922103,-26.64646856341162,3.0208578493076974,-3.304056304666144,,0.1602517177189044,0.7857142857142857,False,4
-0.85231512173607826,0.52254678086503425,0.02244537964939165,-0.52162514990153919,-0.85238667502979837,0.036662777061251206,0.038290158660055654,0.019540164769932162,0.9990755955935231,-13.531550971838879,8.3386292358114389,-3.5351546399723652,,0.1767191892498945,0.3448275862068966,False,5
0.95217728683300162,0.30263896116915434,0.042048467532107281,-0.30399122800748735,0.92445267411580823,0.23016643242364981,0.030785511752175455,-0.23194161442610065,0.97224242849382503,-10.401291651106217,4.2733748053332503,-3.2079974379316498,,0.1638074967679296,0.358695652173913,False,5
0.99766234509717877,0.068322926496406783,0.0013501444970754374,-0.064216540960731913,0.93057795006764976,0.36041769478610186,0.023368376970491638,-0.35966186420422114,0.93279004196813109,-19.500012010254633,-26.682487080810969,-1.7221036316563114,,0.2452389081129412,0.5,False,1
0.80079319570958341,-0.59573725418615675,-0.061865836129250576,0.5973250049076354,0.78677837641658022,0.15550763619637209,-0.043966990087180552,-0.16148346781645567,0.98589552864623797,-0.21042003177248392,19.15224169591157,-4.124177453727067,,0.4602386157780264,0.9333333333333333,True,5
0.65703054639681313,-0.74641030196211133,-0.10574744548372979,0.74283611006150263,0.61711258462486573,0.25955071081835263,-0.12847324503646568,-0.2490857663987382,0.95992234388379172,-13.580150285835959,10.733750520991496,-3.7027943844791804,,0.3453612192440926,0.3783783783783784,False,6
0.30753971251047607,0.95152729448160578,0.0038901266675958335,-0.94563934911567105,0.30517717803381933,0.11239711478238734,0.10576174465781249,-0.038245233217105198,0.99365575301665998,-2.9779551515923948,13.68644375901231,-3.756980573785484,,0.1425525872502905,0.6785714285714286,True,5
0.19819665846155499,0.92774220705753707,0.31624750088922904,-0.97465402356087971,0.15238477128777353,0.16379382111715907,0.1037671380122855,-0.34069528720483078,0.93442982740554459,-11.211551891577447,-5.0521859990491942,-2.6146666702621633,,0.4776245193409675,0.1540540540540541,False,2
0.61780111675384608,-0.77425979490111596,-0.13727181115358006,0.78476780122715495,0.59608845643106012,0.16975880026300219,-0.049611271852258033,-0.21260367379073997,0.97587827089032131,2.6033900400897236,-10.711515657223213,-2.0998643319651951,,0.1276755131686275,0.1071428571428571,False,5
0.78276655155673336,-0.62014246796339623,-0.051960034567421716,0.62016085033495627,0.77039077853414384,0.14798164771815114,-0.051740172746167067,-0.14805866329878659,0.98762421332527728,-8.3845872782143882,10.23329084082364,-3.5905623494368069,,0.07481828699382395,0.2666666666666667,False,2
-0.97046684365099156,0.24117260834182169,0.0054661101054179536,-0.24107925029038407,-0.97040601386420866,0.013891124346282119,0.0086545048101349543,0.012163109872881009,0.9998885729443614,-15.765540081858655,-24.873358105596022,-1.8595225314859514,,0.2301899545714713,0.1,False,1
-0.526492304653293,0.81840580631723603,0.23025592137249737,-0.83905031528460206,-0.54385989121652156,0.01452539661287798,0.13711462927664655,-0.18554879388502341,0.97302169735630217,-11.665068878480499,-27.451553469379412,-1.7064770384222223,,0.5326767932124881,0.1428571428571428,False,2
0.161499747846819,0.98547078618731576,0.052584798342955368,-0.98293666637968358,0.15587284739514393,0.097668650709048177,0.088053059752684112,-0.067460988847522718,0.99382879494000653,-5.6956869592609323,12.807939130413411,-3.736291467674913,,0.102801843897945,0.4285714285714285,False,5
0.36403986731633386,0.9116911560930312,0.19051039579523824,-0.92420184196470134,0.32824346652568864,0.19521060932298834,0.11543799337029034,-0.24713450302406481,0.96208035376557244,-5.9837138809664374,-20.015493686036244,-1.9282732518850307,,0.3048569948281748,0.2121212121212121,False,4
0.13703002297591485,0.98952571013906621,0.04540530560406067,-0.98497803440242659,0.13125134278674036,0.11221121495381065,0.10507637483256158,-0.060099534028605135,0.99264646348112895,2.8162026729051175,13.397871200984449,-3.6132851203302123,,0.08173211068890432,0.5,False,4
-0.12887012212250071,0.98943335202637372,0.066438945822350312,-0.98781936974041296,-0.13397430810635122,0.079144030305998231,0.087208854996405516,-0.055430376737650645,0.99464671564578,-13.192717781883763,-8.9790409391201251,-2.4181907287907483,,0.1000694627746436,0.4150943396226415,False,2
-0.9267430167945806,-0.37102283723719409,-0.059071440400099089,0.37457991561039006,-0.92460718209912152,-0.069220268939344576,-0.028935577474674547,-0.086276376020233789,0.9958509523503114,-31.148464432919191,-0.3233943768200081,-3.0951053979830041,,0.4010955006439987,0.1818181818181818,False,3
-0.99777439698738701,0.066039517820877192,-0.0092214316915345696,-0.066426589992807636,-0.99647890473094891,0.051159559889961431,-0.005810409484970293,0.051658247281466632,0.99864791825218491,-19.438230601412116,-6.0645122671864398,-2.6614250721861201,,0.1228891648854367,0.4705882352941176,False,4
-0.12855109038406928,0.97077511911412073,0.20265805009925411,-0.98666204361141308,-0.14577676848362633,0.072437182903679731,0.099863050512273177,-0.19064312701861588,0.97656672545348722,-13.655522826863438,-16.273588951493995,-2.1721268510008107,,0.6589485971300583,0.3571428571428572,False,1
-0.024111458626336395,-0.99442703237055685,-0.10263291311074552,0.99436632117438783,-0.034455752171687073,0.10024180992179531,-0.10321945977878651,-0.099637735988784143,0.98965552829760139,-19.20204106576486,-7.9787850699839549,-2.5527239536960935,,0.08455115334137575,0.2272727272727273,False,1
0.99175649992481418,-0.12562629101291772,-0.025240441026646923,0.12784731944757297,0.95689496190860346,0.26078169948062357,-0.0086085868150464328,-0.26185886824827931,0.96506778277630723,25.1620683427976,-3.0075708918423349,-1.9208697799450634,,0.4441074534864897,0.7307692307692307,False,5
-0.31277846291853789,-0.94406488433484781,-0.10445634159852467,0.94461054498170638,-0.32068320661625838,0.069808303973653313,-0.099400962991717051,-0.076836027748348329,0.9920764453388532,4.6033689695611413,4.7997299753320783,-2.9524058810810816,,0.7145316193469429,0.8553459119496856,True,5
-0.99932789696975188,-0.029941517431445054,-0.021148519378798164,0.030761427806216976,-0.99874314621337523,-0.039570979911182746,-0.019937123597345369,-0.04019494278775386,0.99899293174524184,-16.032419010509422,19.250792138758911,-4.3358956095739902,,0.3360399922426763,0.1666666666666667,False,1
-0.013609158660614873,-0.97599615319983835,-0.21736213961881193,0.99681745956336787,-0.030319128643517601,0.073727218501249095,-0.07854771231667608,-0.21566701040589289,0.97330262380844379,-5.9069746010960378,-15.297971771648113,-2.0730796018865134,,0.0870878490562192,0.1428571428571428,False,2
-0.5564479049206067,-0.82866588956760523,-0.060651237222308668,0.82248934658387896,-0.55970670212491769,0.10119131559809173,-0.11780069552210344,0.0064226990882375688,0.9930164878142409,-7.7716252614277748,-11.360551789385479,-2.3134051085456351,,0.1384951146450004,0.1458333333333333,False,3
-0.033520842333787305,0.99174761402131406,0.12374580078638767,-0.99784410434830995,-0.040199759975451221,0.051876032184767329,0.056422482633718671,-0.12174008945678932,0.99095703946866454,-18.189739387431203,7.8769587857331205,-3.5536453524029832,,0.315697455644773,0.1333333333333333,False,2
-0.24747044551073855,-0.96615165400530778,-0.072865355701640461,0.96333778314359408,-0.2533976126499653,0.088147407626572097,-0.10362767085437885,-0.048380071993623278,0.99343881264383371,-15.276444691388527,6.3551819621897243,-3.4220352722074803,,0.08078630492456262,0.3125,False,4
0.27291297759462574,0.94794717770727477,0.16405686495007624,-0.95645811137752279,0.24901420251418754,0.15224916461631183,0.10347167651380208,-0.19846429206039926,0.97463097474705129,0.24871597486521435,-18.035070132347464,-1.8337345881203879,,0.2769518150438668,0.1428571428571428,False,1
-0.44813208072007377,0.89360820404666497,0.025338032480659786,-0.89020751952614707,-0.44866481632885086,0.078933229806607247,0.081903665416154695,0.01281640546690958,0.99655784043993445,-16.405580337960053,7.3322757291442739,-3.515471296463784,,0.1621400493782044,0.5714285714285714,True,5
-0.84476261444333511,0.52386700285470089,0.10926796675555804,-0.53356791615118293,-0.84017970896926786,-0.096970797100982456,0.041004927666625446,-0.14021918540752001,0.98927103260466775,5.028863584561174,1.8626951946015984,-2.7247222176081363,,0.2437135510164889,0.2142857142857143,False,1
-0.078288291718883074,-0.98260094698792866,-0.16842304580479817,0.99003075850792288,-0.096471166104616868,0.10262753684388279,-0.11708988251751794,-0.15870946124551463,0.98035772365152118,-1.7592549128903361,3.7020259107303293,-3.0096999787824101,1.0516804931351,0.4766558674532674,0.3493975903614458,True,4
-0.28474797741892544,-0.94261681873601677,-0.17433336568719268,0.95040874919276552,-0.30133345628229957,0.076950357912148354,-0.12506717720359489,-0.14377649724818295,0.98167536386799958,-0.13844265737421521,9.6890217377157573,-3.4120845842808203,,0.7330093310500669,0.1612903225806452,True,4
0.91429241969147479,0.4014576537453648,0.053862078905057974,-0.40213126878820643,0.88368504552642868,0.2395645695334353,0.048577916356047031,-0.24069169608073265,0.96938521418488977,0.9719853108979829,-12.837366466963573,-2.0014886011304558,,0.2989485787802859,0.3928571428571428,False,5
-0.88649551133016335,-0.46090073037249996,-0.041185253836395729,0.45818194560335607,-0.88674288901403975,0.061289097775684455,-0.064768920900346652,0.035462170338691902,0.99726998418696722,3.0808742258773156,9.7626704116420946,-3.3340494324880225,,0.3320318777318402,0.821917808219178,True,5
-0.97929176523550765,-0.20116848621720168,-0.022778908995012948,0.19968321616601165,-0.97830692069216207,0.05515597979745638,-0.033380409277318973,0.049465231010268014,0.9982178816258398,-0.29919828065944182,-5.4579084000744311,-2.4010816701846442,0.9641586586578914,0.7953167072514213,0.8132147395171537,True,5
-0.93071591013959054,-0.36286856670354672,-0.045763499773808211,0.3612412248989702,-0.93160708410569359,0.040162398802590295,-0.057207272671621227,0.02084812084098784,0.9981446206892437,-1.3509727990120837,11.581107319390801,-3.555732102806068,,0.10492732384071,0.3809523809523809,False,5
-0.16097528580087209,-0.94302997695359936,-0.2911724917093339,0.98144477157081933,-0.18409199064737936,0.053631141473847559,-0.10417829772860653,-0.27713643128679377,0.95516610112377331,-8.487906066872533,-6.0042136787583553,-2.5404155543485638,,0.4184077828660636,0.294392523364486,False,1
-0.42649783930475504,-0.90413538698765605,-0.02527439544396402,0.89884053604444891,-0.42678697904416046,0.099692353175598519,-0.10092216719682673,0.019800922075547303,0.99469726030247752,11.693650180145971,-0.79001551309688178,-2.4404518155826729,0.3281207198256415,0.2387348818345213,0.8279569892473119,True,5
-0.37092390060083108,0.90321842205010949,0.2158979898757169,-0.92435429903772526,-0.3814564875560883,0.0077509968292458625,0.089356532013837753,-0.19669120511777363,0.97638515966588602,-9.5539606437526494,-0.88094483031724058,-2.8445962893346692,,0.1781444511934723,0.2756410256410257,False,1
0.66097165552558501,0.74550681143312947,0.085650830110249404,-0.74511861184562778,0.63848940883468297,0.1926902412868402,0.088964739492739642,-0.19118281542216203,0.97751440204952644,4.8632542040506532,-3.4020113510852772,-2.4192588291076418,,0.08722608520373017,0.2647058823529412,False,5
0.96021253027237252,0.27887209156843878,0.014908160589809483,-0.27768835228741889,0.94773808531350301,0.15710410768083777,0.0296829195300162,-0.15499315530222102,0.98746951654095871,0.71929031279894806,16.294813455408423,-3.877864262828993,,0.748015516640172,0.7954545454545454,True,5
-0.30463378154783122,-0.95043141231878392,-0.062276718102274101,0.94651246607787709,-0.30938201108694541,0.091634724722523514,-0.10635981712584734,-0.031030657316903361,0.99384339189202098,-21.832170846276075,1.4901780126803035,-3.1604032915804812,,0.1153589679948782,0.6428571428571429,True,5
-0.75038940394633069,0.66030190548422618,0.030284254307644351,-0.65756262037350988,-0.75037147653924829,0.067483683093259056,0.067284045156289815,0.030725247113861404,0.99726065622644422,-9.5190987851767659,-17.721580660558217,-2.094612514301502,,0.5412844532143477,0.631578947368421,False,4
-0.60934162890293431,0.77619181414166849,0.16195384202106233,-0.79010120094083092,-0.61155448495282771,-0.041727739046552859,0.066654868972748429,-0.15338637355888612,0.98591569053782602,-17.79192275951123,17.316504575507999,-4.2135778724016602,,0.4479864513218397,0.303030303030303,False,4
0.34630279031042882,0.93708873130983783,0.044035066428153628,-0.93252726109991624,0.33873865696978694,0.12509608139264666,0.10230974894261927,-0.084385021931772941,0.99116693011060164,-20.531296286601677,-6.050741839886987,-2.6639015694366845,,0.1323437682762953,0.5352112676056338,True,4
-0.74840161627933599,0.6631159002128072,0.013127209735342812,-0.66104085028147763,-0.74737998686883178,0.066694448697663264,0.054037163226972787,0.041236611316916152,0.99768708865930433,-10.239428401347787,5.9153673623361369,-3.3054040887613381,,0.08867561661840757,0.4222222222222222,True,5
0.66581289349965977,0.73445673530803801,0.13140203503093484,-0.7367796802890757,0.6194249092402323,0.27105070471382137,0.11768132206403757,-0.27728340335005719,0.95355388975341682,-0.57987365291122595,-9.1365199635654459,-2.2432434477592671,,0.2757519427951167,0.1944444444444444,False,3
-0.58614730769090029,0.80883678800312564,0.047057242370282283,-0.80578601446312759,-0.5880241418499591,0.070260283925182535,0.08449989693684308,0.0032648084791688445,0.99641813935880186,6.8967050032506725,-3.3367956598898361,-2.3956492801962459,0.137724576221088,0.1210632770097849,0.24,True,5
0.17768151657827927,0.97229441908604519,0.15189746963189532,-0.97856013611612092,0.15822854776240805,0.13184758881905242,0.10416015875007709,-0.17206768809724043,0.97956284741818844,-29.450710242843225,-9.4884896467428206,-2.4728293895004452,,0.3576550207650199,0.5333333333333333,False,1
-0.7805931658717441,-0.60177222672215258,-0.16895116614036665,0.61134611130730554,-0.79134095466991594,-0.0059519451896795361,-0.1301162617959917,-0.10793368615945477,0.98560645178908435,-18.358492002934838,6.4646703925663047,-3.456237034779714,,0.2002917003113539,0.2272727272727273,False,2
0.045844716922726535,-0.99551887792729676,-0.08270686561979701,0.99466479723840484,0.03783209178470532,0.095972256230000774,-0.092413219102887967,-0.08666542864123912,0.99194198439902315,6.6777549401293887,-11.638289658964686,-1.987534991096731,,0.1314812861064875,0.3571428571428572,True,5
-0.92274909061958654,0.38514667401639707,0.014005543717866907,-0.38538890382205421,-0.92240083614412194,-0.025536058651633928,0.0030835971788490714,-0.028960956039664209,0.99957578724862417,-6.0304539875410121,5.0419085850614351,-3.2097121794769494,,0.5587647855230946,0.6467991169977925,True,3
-0.41819783941941829,-0.90519538364430507,-0.07570921036419781,0.90276963459013626,-0.42340921341310672,0.075707495394354604,-0.10058605254667467,-0.036687265173819934,0.99425172396488393,-8.641387356585442,-7.1581701042464312,-2.4700475842773835,,0.09267291096225228,0.2843137254901961,False,3
0.9778699599339572,-0.2008264621879168,-0.058643614689460451,0.20921186410800885,0.93750973272964333,0.27803938022093966,-0.00085870554487614895,-0.28415529754392643,0.95877788329858205,-9.2962216599735594,14.772275375868027,-3.9377196185092829,,0.446669417054662,0.2666666666666667,False,2
-0.70964482337844392,0.68466946847894172,0.1662285883503222,-0.70194170812942402,-0.70736842455026172,-0.08311287708668795,0.060680005277883226,-0.1756634022272251,0.98257839691163185,-1.2450650938733416,7.2050585425432683,-3.2524816141676656,,0.7991765196248495,0.2564102564102564,False,1
-0.99759523376436732,-0.066001710894682139,-0.021154756665920746,0.064795311070666203,-0.99646988416192805,0.053379187157270656,-0.024603195602911104,0.051880093651516697,0.9983502084182867,2.5075959237920977,8.4467740015028454,-3.2579182666138755,,0.09678604681003146,0.3529411764705883,False,5
-0.0088974779927259787,-0.99856624379668024,-0.052785335417693133,0.99436698761737963,-0.014410887557986106,0.10500771522383194,-0.10561784329414828,-0.051553691134393988,0.99306952833540929,-27.090723838288103,-1.5424992898397283,-2.9992591492037626,,0.3925033550277652,0.8984375,True,5
-0.54674481247880002,0.81665115071255101,0.18479991360221967,-0.83120806932596636,-0.55595644917394171,-0.0023605315718192299,0.10081297294952182,-0.15489778778849103,0.98277333084659468,-14.113470413730852,-5.3443956300405464,-2.6061959847204732,,0.3919021519693495,0.745,False,5
-0.10181574834098808,0.99140029377871819,0.082213203837563434,-0.98905580554423456,-0.10975199456283338,0.098605847741020755,0.10678092951932087,-0.071273818369384068,0.99172469763843152,-12.377706454903064,8.1120359932110429,-3.5120210388834812,,0.07640760708268975,0.3125,False,5
0.73931333166420288,0.67313023420362572,0.017648949672671443,-0.66768284080833629,0.72942976932142334,0.14876772404592686,0.087266383640472983,-0.12176986256322758,0.98871465997912977,-11.453174672869578,8.6572428040733254,-3.5211694086181806,,0.1963535985781652,0.1379310344827586,True,5
0.88608359922233915,0.45765722798913994,0.073523580288782558,-0.46227327181594802,0.86085110132046117,0.21269415487955232,0.034048162267046905,-0.22245278830494544,0.974348746405306,-10.996412778172582,9.9992218107823767,-3.6018303215582255,,0.1693180769933567,0.3076923076923077,False,5
0.33682925017392862,0.9225800328168462,0.18812798642131173,-0.93598976270647349,0.30637046629032666,0.17337906878781023,0.10231920804985464,-0.23448501110458222,0.96672000042997719,-6.8358451149951902,-11.13294923990048,-2.2911847871814714,0.3966884813841846,0.3345220595398368,0.1851851851851852,True,2
0.68438975163946669,-0.7251684899508023,-0.075771558208483178,0.72633493710321295,0.66901869380912649,0.15764373275585963,-0.063625678732252972,-0.16292528507387236,0.98458474723583689,-17.71766967822434,8.7803803351539358,-3.6204965669530274,,0.1137314942225346,0.25,False,1
0.99702837727923721,-0.072216522728141067,-0.026817694624774499,0.076530317758702629,0.96832726577879336,0.23766660853624103,0.0088048488734208813,-0.23901271973353777,0.97097651590648359,-14.476932041115241,-10.331314496700644,-2.4067111060831423,,0.2027199472389429,0.1951219512195122,False,1
-0.61691784805558059,-0.78127472156342403,-0.094985147241380047,0.78170056300021529,-0.62228151018014077,0.041351564578263021,-0.09141443297214337,-0.048739424841891726,0.99461945984907396,-21.141506710840069,4.2929872959222033,-3.3273186188704877,,0.0875428351564221,0.3684210526315789,False,2
-0.30083306741492832,-0.93359106307412965,-0.19469769515287538,0.95246167890828748,-0.30442449604422084,-0.011936348664003116,-0.04812707928943525,-0.18903294198720777,0.98079066629058498,-1.9887529768066903,-16.288292351943493,-1.9593783945116205,,0.5904332556524106,0.1666666666666667,False,2
-0.44098542237345856,-0.89111819251666535,-0.10695898382059538,0.89131960976497904,-0.4487982299107342,0.064261201960420455,-0.1052673287516523,-0.066996386431089627,0.99218459658607283,-13.500964794755014,7.3167335068485704,-3.4781270444662229,,0.1148478954709793,0.16,False,2
-0.93992831120446374,0.34113884307519682,0.012611880971632315,-0.34081569085028207,-0.93986434592328394,0.022353436703191967,0.019479082795947063,0.016712301083778698,0.99967057790349867,-22.435674663136087,10.013026333154956,-3.7525384077834549,,0.4929927462186114,0.5,False,1
0.9919181385680258,-0.11962116660277131,-0.042298733791156146,0.12673960338702894,0.94979355154756606,0.28605818004727551,0.0059564513799465315,-0.28910722221911539,0.9572781908869048,-7.1824160441820384,-9.169537500513556,-2.3691854284741174,,0.1051808452610336,0.3548387096774194,False,5
-0.98546750920387738,-0.16098481617713511,-0.054200343762022651,0.16571440594915746,-0.9812362060792863,-0.098560862110918537,-0.037316537412053999,-0.10611030505819737,0.99365390312524426,-6.4424474165096663,9.9827096655127949,-3.5503304689037019,0.9218664976996856,0.5157011066446148,0.25,True,4
0.97238008911829865,0.23336301501628293,-0.0043203597998422594,-0.2269524956042531,0.94966629743719055,0.21593167495978705,0.054493366800844593,-0.20898714490237874,0.97639891757429809,-9.4500942903924905,9.0120236725604475,-3.4991429042974542,,0.2632786317607868,0.3181818181818182,True,5
0.8525254529324453,0.51881862105005427,0.063463300844264783,-0.51857953785717015,0.82438082740602026,0.22687334422802802,0.065388187145487567,-0.22632606976900738,0.97185435900897277,-6.3379050354034208,19.431617636429799,-4.2238335892386747,,0.1679625885168431,0.3333333333333333,False,3
-0.94386473829341777,0.33011699949403778,-0.011921512125209456,-0.32994276477105439,-0.94038600332032918,0.08253445786124651,0.016035204443061234,0.081834781140237817,0.99651690442972318,-8.6051521397921817,-19.910738667774865,-1.9933574378664687,0.2726975723784898,0.252501622859485,0.5227272727272727,True,4
-0.99496528517232008,0.10018298726798328,-0.0027295354966178041,-0.1000206785601945,-0.99433403813146293,-0.035995617421244325,-0.0063202185343908682,-0.035541379759956221,0.9993482201727466,-12.804785194926621,3.6585209736188369,-3.2189871858906089,,0.06888356398071382,0.3725490196078431,False,2
-0.99775399996186009,0.065316664835419938,-0.014855600118706633,-0.065834990468035953,-0.99712221872036244,0.037590357330788811,-0.012357572179968425,0.038483947679002165,0.99918280418592953,-0.45827668200512234,2.7399031420168312,-2.9036893876840537,,0.07545122474986102,0.2698412698412698,False,5
-0.67945113997996121,0.71702165235201654,0.15564735281498809,-0.73090827152451887,-0.67999820085635998,-0.058099444482300575,0.064181360198813639,-0.15323967139907152,0.9861026093224442,5.5900191304700382,-8.7911563168401585,-2.1405806979506683,,0.285489287673291,0.1428571428571428,False,1
-0.89768817018213476,0.44056058862081754,0.0078941034405223213,-0.43969202662081025,-0.89679997978008996,0.049200792600473379,0.028755361954517646,0.0406959951409121,0.9987577109281085,4.40213271972386,12.672969042205885,-3.5143338693757804,,0.08357476218440828,0.4,False,3
-0.6654414919815127,0.74306150456167697,0.071043797674079201,-0.73885552198160354,-0.66922313053096627,0.078948839127789078,0.10620799586994864,4.4731085367167439e-05,0.99434393426641821,1.5609990217536547,-14.027130598332006,-1.9439895485265279,,0.2946894227085529,0.1176470588235294,False,3
-0.80161143398712731,-0.59264262917688082,-0.078700844871036971,0.59211326759617045,-0.80520195979497233,0.032429651230323583,-0.082589268296107327,-0.020603835192726926,0.99637066131920182,-22.395828221706147,8.0821626844535661,-3.6251200748317789,,0.1864539962278346,0.5652173913043478,False,2
0.041459653785477495,0.99795398857914885,0.048671693898566175,-0.9958726572347143,0.037338547798726168,0.082725349322625874,0.080738761944041337,-0.051900573477078486,0.99538313366888675,-19.080978266491861,7.3813988569979232,-3.5162257802283849,,0.4410858048421048,0.253968253968254,True,5
0.576625111597033,0.81182804253108165,0.091862451719199475,-0.81383804639818158,0.56084853497658393,0.15204129389547677,0.071910464540987568,-0.16243198630433722,0.98409589721466029,7.3416123406883012,-16.07251588227772,-1.7555014944454419,0.3490896705964674,0.2890615729991404,0.34375,True,5
0.38744352434540902,-0.92149169906504547,-0.027213305514492005,0.91773615159826583,0.38272805825175288,0.10620541170980038,-0.087452109708193337,-0.066123233292537983,0.99397175338463573,-20.73532941563964,-3.4521975362606039,-2.8424613826073579,0.4768670151127951,0.3831842614045001,0.96,True,5
0.99815219418558065,-0.058965977537811999,-0.014670062560153876,0.060758930366715966,0.97149887125711887,0.22912506525222065,0.00074136576744867136,-0.22959302393398645,0.97328643971733442,-11.614814183693957,-13.598446616936949,-2.2684215310355516,0.4884102284042095,0.3045154198990548,0.6844919786096256,True,4
-0.64323203517997096,-0.76384332739355532,-0.052876460874150544,0.75951801018641329,-0.64527702082893179,0.082158131628040393,-0.096875905780049482,0.012686117864853803,0.9952156154787839,2.003458358365116,-7.4366797818428845,-2.2744751704059145,0.2786371742163549,0.2709559138110395,0.4576271186440678,True,5
-0.53966460404053529,0.83963675048611786,0.06141858333505272,-0.83813898396923625,-0.54270481510477908,0.054722273464319571,0.079278992783641283,-0.02194563499195101,0.99661087211007837,3.8049682409836705,-15.942164749864268,-1.8429107423566404,0.2744966997954918,0.2068823761548786,0.4883720930232558,True,5
-0.98523390680208389,0.17047111438244453,0.015929471074372526,-0.17092312963196363,-0.98471397824173046,-0.033521109948185301,0.0099715918647283533,-0.035748849164006405,0.9993110562478188,2.6884530829452276,-2.4521420265859044,-2.5088642321547088,,0.1145079330951253,0.3333333333333333,False,5
0.81940067312036213,0.57320709410978221,0.0040204666541964942,-0.56268824397738748,0.8029860083637248,0.19645714662932601,0.10938225166608263,-0.1632393875089948,0.98050416897948278,17.838336209188267,-1.2198027940706755,-2.2358336794408227,,0.117157966595931,0.2727272727272727,False,3
-0.95315883694102599,-0.27508093710175846,-0.12577245169133183,0.28447588385050565,-0.9565606547574379,-0.063758805489862513,-0.10277014677766856,-0.096551498244403233,0.99000813386459419,-1.2812443854869182,9.6127531472969476,-3.4288388479880179,,0.2007867305914006,0.2777777777777778,False,2
-0.87737149816091053,0.47961091245384874,0.013879008252237628,-0.47850702743053891,-0.87675137198266562,0.048353453093883218,0.035359283285559789,0.035782738599771512,0.99873385679260474,-18.915143915423904,0.94326847737446651,-3.1264300735246162,,0.1219304601851782,0.3421052631578947,False,5
-0.82509474971544194,-0.5632412341983114,-0.044474330695048796,0.56056176651072565,-0.82592229466257661,0.060190274178443547,-0.070633985576238359,0.024732069829768024,0.99719565021291023,-1.2768073509427971,15.264509951524101,-3.8436667830119302,,0.07664315844497793,0.3333333333333333,False,2
-0.47027597947331412,-0.88071856856616793,-0.056349854597648234,0.87716750812754696,-0.47349153028963409,0.079893262727785103,-0.097044658872734502,-0.011856379158140721,0.99520940533012126,4.2016499645298282,7.6921779305371949,-3.1602996143402704,,0.07058131778208422,0.3333333333333333,False,5
-0.97465619078999721,0.22369357562735709,-0.0025483284285422441,-0.22369576357576262,-0.97465883230792549,0.00060494826754199649,-0.0023484277694640343,0.0011596668477320696,0.9999965700240242,-10.879876425849298,-18.477691084138996,-2.1047071741462675,0.2883381960938832,0.2785284527691206,0.4516129032258064,True,4
0.96534346195807519,-0.24444838930736426,-0.091416548938549183,0.26076021872436589,0.88895166314081442,0.37652230867506548,-0.010775378676393025,-0.3873111482570773,0.92188609147234923,-14.312657833887611,-32.387207390594405,-1.1668389608670511,,0.6807724515255353,0.5294117647058824,False,1
0.69978728566652781,0.70334492011408301,0.12491468356117688,-0.70926776855290363,0.66327795278116541,0.23875005726996559,0.085070484373012151,-0.25567221339860524,0.9630133602315184,-9.1296012242790088,-11.771035811925312,-2.332385260016788,,0.4347669221714374,0.4878048780487805,False,1
-0.82138687164067337,0.56236450991006692,0.095235314300723337,-0.56859208528085992,-0.82050830217662363,-0.058899631706803512,0.04501830352546362,-0.10252943017906561,0.99371075685777133,5.1211670248794645,-15.285874725141102,-1.8404872655373419,,0.5043594031540843,0.25,False,1
-0.077949784600796795,-0.97486251498094978,-0.20872687408598534,0.97722045661039603,-0.11616637587941434,0.17761067619152637,-0.19739303499074626,-0.19012745724923585,0.96171073599969836,-12.026337255640211,-1.2325682080075862,-2.8449810715294888,,0.5049521421301636,0.4111111111111111,False,2
0.99790296616565521,0.063859819971626153,-0.010563782986184239,-0.060507681194318867,0.97830057254608604,0.19815854832049837,0.022988924165222448,-0.19710381312697159,0.98011305277326743,7.3235629449998552,4.2746259497299768,-2.8169249471946087,,0.3885243507500625,0.125,False,1
-0.92753082617896043,-0.36420529080148106,-0.083911099623256158,0.36974714412411147,-0.92693689619584951,-0.063836039059988928,-0.054530871071703811,-0.090235783495316593,0.99442641129303666,11.413325605239418,2.2480594825528812,-2.5911148040720553,0.1343273728134424,0.09708675743790601,0.4,True,4
0.59855788180512315,0.7867600464882003,0.15078823355570378,-0.79592651881020027,0.56276124488463497,0.22316083417699506,0.090716254241675162,-0.25359103001837718,0.96304836364046575,-0.83204205258206876,-16.336505344096523,-1.9212039565937229,,0.3526940790195178,0.4444444444444444,False,3
0.99189522989828594,-0.12353526436298501,-0.029713487910294236,0.12659738565140324,0.98079607358470156,0.14836496886752998,0.01081456662366671,-0.15092415479173843,0.98848618839574198,-15.705662881626436,-0.099651745491328853,-3.0317722981743862,,0.3746838665234595,0.9457831325301205,True,4
0.97380300164140343,-0.22617823009799667,-0.023475992501526398,0.22701069003257909,0.96098328602761474,0.15804198994729496,-0.013185621150568047,-0.15923106545302743,0.98715328454580376,-9.8330022771386023,2.9387653934392453,-3.0966972080219786,,0.0935012152459474,0.33125,False,4
-0.45113583610778479,0.89245482644091034,-0.00091659241501425466,-0.88846488568841064,-0.44902143367461167,0.09492048777516976,0.084300677802790686,0.043636393791438452,0.9954844352670057,-16.056070603930241,6.5657510024638146,-3.4498223713307077,,0.08639268077648032,0.3181818181818182,False,1
-0.62160963185360274,-0.76611028139043846,-0.16332942886905685,0.77908025204786668,-0.62633373699111483,-0.027203139079488819,-0.081458127009290407,-0.14415646587860226,0.98619647479066241,1.3533294616657148,10.358955050263834,-3.4207013217072593,0.9433960512331044,0.3740580660853057,0.6666666666666666,True,2
-0.97910336139424059,0.20258234402254918,0.017804538658098775,-0.20331096107214869,-0.97707802417613165,-0.063112500980271519,0.0046109450677138814,-0.065413519721805341,0.99784758887476699,-11.292492767313004,4.2046720957504737,-3.2051958390553521,,0.07069659667843385,0.2727272727272727,False,3
-0.93601952976244263,0.35150252020003375,0.017703620994545456,-0.35109890597405802,-0.93607121608140231,0.022365970752509859,0.02443354511963591,0.014719263463480592,0.99959308979002914,-11.878011820376967,3.5206291236855209,-3.1769683247926226,,0.1012165002389411,0.1973684210526316,False,4
0.5649653057263031,-0.82401045167202558,-0.042672928899349517,0.82155407190779661,0.55697511843811653,0.12176873314839208,-0.076570949173320413,-0.10385322804857848,0.99164075993606982,-13.778269127119627,3.58081852559364,-3.2297630226747098,,0.1222600764382697,0.7362637362637363,True,3
0.91971487088053216,0.38773529117945077,0.061529669714662838,-0.38684380490486214,0.86835012553553126,0.31035452322973994,0.066906105012455433,-0.30924004180638853,0.94862751892175678,-15.410635285036332,9.6186679580575145,-3.6505206502545637,,0.4319243792640967,0.3291139240506329,False,3
-0.96353619456388839,0.26454106545968786,0.040199831477178052,-0.26751133503594832,-0.95571692661954133,-0.12264926334953058,0.0059738925856613959,-0.12893091506055096,0.99163558414824138,1.367898250503826,6.1499658929800427,-3.0876267762742904,,0.2906582924784929,0.1951219512195122,True,3
0.96884779279101718,-0.23973983703508925,-0.062118957994833454,0.24731077825990266,0.92330784836259239,0.29383668271426189,-0.01308943698011244,-0.3000457093351433,0.95383501662977077,-2.0308246790529005,-8.3555094640549274,-2.2985170958197965,,0.4799665152957775,0.15,False,3
-0.85409244711652865,-0.51936636672710179,-0.028011941938923028,0.5157038029715002,-0.85261380329072178,0.084257284782163364,-0.067643768221706965,0.057517645560472695,0.99605022015456013,3.8498731714002798,10.193966687615628,-3.3613351618180225,,0.0880498621206231,0.1428571428571428,False,1
-0.53273504637506186,-0.83185660346236412,-0.15558907943625405,0.84244204835198955,-0.53877237016429957,-0.0039658941044798529,-0.080528041900107927,-0.13318755356114684,0.98781390456104234,3.1008378559028418,14.952667446888654,-3.7290359874054877,,0.1629576397325613,0.3333333333333333,False,3
-0.90267276604459357,0.43031416157580782,-0.0034058462547710538,-0.42896749209846069,-0.90042025088071764,-0.072320553970924517,-0.034187251485878485,-0.063820797168429699,0.99737562517069078,0.77212698769043875,9.6149247667386586,-3.3844248207734187,,0.0952974023831337,0.2352941176470588,False,2
0.23644555839648945,0.93599748225719226,0.26077233580802062,-0.96487473449484973,0.19455738539397271,0.17653376595471929,0.1144999766291101,-0.29335326314336418,0.94912255181039429,1.905532059401946,-16.690540705051372,-1.8387385132050662,,0.3580462153257017,0.4117647058823529,False,3
0.061414345576009131,-0.9553527685823423,-0.28901447320078077,0.99292413972250471,0.028992205785121461,0.11515687022508853,-0.1016362677089003,-0.29404173099369307,0.95037336322123311,10.254111736270625,4.3966186062783388,-2.7637285380083592,,0.3096502114631162,0.3,False,1
0.01093725108687154,-0.99024384092614126,-0.138915485265343,0.99298697196585961,-0.0055987685091884194,0.1180911821316625,-0.11771682141790824,-0.13923285998292045,0.98323799797212907,24.087307326115234,-9.6081267758527016,-1.4917762292127523,0.4356749335611615,0.6121603968039819,0.6,True,4
