axis_00,axis_01,axis_02,axis_10,axis_11,axis_12,axis_20,axis_21,axis_22,location_x,location_y,location_z,dbh,dbh_approximation,score,reconstructed,number_clusters
0.27560747191604029,-0.90971860925489212,-0.31056814614411776,0.9610932752985305,0.26697848899326587,0.070867500243876502,0.018445530623766266,-0.31801656936426698,0.94790570417620679,-23.303087043829141,14.818706883346609,-1.3119842605374681,,0.2631139244743995,0.1764705882352941,False,2
-0.62175623773313149,0.77453931331962522,0.11622406361122486,-0.78321060413592469,-0.61476324329440291,-0.092990882688507609,-0.00057481212805086945,-0.14884558043996898,0.98886028475943322,-4.1295155404659898,12.841902696286569,-0.90695127060964753,,0.1480281338674666,0.1739130434782609,False,3
-0.14415947035120891,-0.97092248212518184,-0.19112190039850135,0.98773140924458325,-0.15290289913396182,0.031739039496165189,-0.060039239666809019,-0.18420162089489142,0.98105303249107079,-48.530634789270557,1.9331396609220179,-2.2740743084212629,,0.7413068388334225,0.5116279069767442,False,1
-0.83955302010245503,0.53586083432546405,0.089464477156375441,-0.54319500335764392,-0.83083937907738881,-0.121017000878338,0.0094823395918546272,-0.15019684554049736,0.98861063762512102,27.194189890368936,-3.3658211660216439,0.74665842061827159,,0.5675012004195523,0.6046511627906976,False,3
0.288879069384673,0.95726906057562333,0.013595180620628491,-0.95487131447876672,0.28707297504422624,0.076222567424930665,0.069062696566498077,-0.03500075233362028,0.99699814005796583,0.15787887105788423,-10.072301872039807,-0.99359402855634271,0.7031412217599322,0.324883894020867,0.9444444444444444,True,5
-0.71944438017720647,0.69343830352784086,-0.039282350131651364,-0.69453460909615838,-0.71865403402623651,0.034030223999610809,-0.0046325585891797694,0.051765805105756388,0.99864850714486697,-9.2368806530393197,4.8438559913844248,-1.3073204311863027,0.1150629739666331,0.08996967376125478,0.5446009389671361,True,5
-0.92425551695677433,0.38008804080925052,-0.035844394383950304,-0.37987656676773324,-0.92494859244289118,-0.012802162265629802,-0.038020170906068018,0.0017839763734594609,0.99927537947883704,-20.861151218527262,-0.79308589903336524,-1.3839329155393005,0.4060461029130353,0.3827812347360109,0.9779874213836478,True,5
-0.26358858640078187,-0.93550179782706233,-0.23528162567776667,0.96338954812749444,-0.26768898665956237,-0.014939376823684,-0.049006486080323444,-0.23060570826306917,0.97181241586972356,-20.224551282054708,-4.0617335553367306,-1.2023388795336247,,0.2342633916178399,0.1666666666666667,False,4
0.0080696601139216284,0.99987332645623184,-0.013719024272706583,-0.99741502191939335,0.0090279255743943368,0.071286538766860058,0.07140136297845881,0.013108302757127856,0.99736152811487877,-9.6224756913979732,3.8669757679459074,-1.2582077340314348,,0.08688907852753677,0.2631578947368421,False,5
0.45339122134676463,-0.86869374807598698,-0.19951835118450223,0.89112848408757506,0.43725771160430787,0.12122589859573854,-0.018067242553011557,-0.23275924406187892,0.97236655076687684,-4.5573928423186585,-24.325295676388127,-0.99933409372317916,,0.1890420323147389,0.2222222222222222,False,1
0.25198504366241181,-0.94329018304060519,-0.21611841279649135,0.96731607853083279,0.23897557213982343,0.084795519552488416,-0.028339759811697944,-0.23042201826142045,0.97267803075537274,-0.58819583171189294,10.923738297484851,-0.77389847351347296,,0.207824266110178,0.4157303370786517,False,4
-0.36700119581571089,0.93019948317195844,0.0062485019372353415,-0.92987285850341261,-0.36703939484119458,0.024870658481470995,0.025428120035317501,0.0033172490456828824,0.99967114921369937,-16.248863358078324,-10.417975235684983,-1.1828901991617069,,0.09894566743980682,0.3636363636363636,False,2
0.89817239521926762,-0.43125769048106088,-0.085458486220060415,0.4381415119216,0.89408442543203415,0.092978791834068014,0.036309282520274655,-0.12095389452518709,0.99199384645372279,1.3496420474566093,8.305103531820464,-0.77824590157384932,,0.08906104601427292,0.3064516129032258,False,5
-0.99084581244456793,-0.11571111840279948,-0.069537853281770104,0.12053018414614693,-0.99026436713572552,-0.069634459077218935,-0.060803377132850014,-0.077378422439684555,0.99514598379835018,-8.9798708952231809,-5.1360885769098017,-1.0650894738850682,0.5278358304541537,0.3463082481151915,0.5242718446601942,True,4
-0.51192627711183436,-0.82035375793308574,-0.2548552503824093,0.85570129527198757,-0.51307399730005043,-0.067307997774334952,-0.075543233133480589,-0.25253670057956135,0.96463383456528684,7.1083366043361274,-7.3732441759289973,-0.80541846454083321,,0.09305321925726999,0.3333333333333333,False,5
0.36699051542387701,0.92898109513276972,0.048084160332035483,-0.92537404978376192,0.35931688749928831,0.12072382674776033,0.09487270195222941,-0.088800333579010904,0.99152088791943249,-14.252443285314873,-4.2637060313216564,-1.0929463312589982,0.6130766835187121,0.7051909888848382,0.675,True,4
-0.97263886755927442,-0.21935503190504996,-0.076531060955316518,0.22326149442503823,-0.97363480041749262,-0.046792953776053213,-0.064249034390490872,-0.062599084609311545,0.99596858192714377,-14.640856668856754,-13.973925211763586,-1.0459210109175625,,0.1331870811954474,0.5,False,3
-0.13946175768531033,-0.94042853768958878,-0.31007190076230168,0.98842109396954791,-0.1511116808827444,0.013747759702393701,-0.059784271672128846,-0.30456432062836003,0.95061370464601425,-15.427098381232883,-22.027033356594728,-1.0069849937200819,,0.1342127886856209,0.6666666666666666,False,1
-0.99384145417225422,0.078271911413940937,-0.078438968965595171,-0.075630693661351278,-0.99648220591471459,-0.036100020382896232,-0.080988654421963707,-0.029945303120036473,0.99626508353749277,-3.068136912844273,3.9811628359164861,-1.1415012466912386,0.2434574233904216,0.2029873905956932,0.4317343173431734,True,5
-0.46132655618983626,0.87983396806301295,0.11432408843511065,-0.88640746478812082,-0.46260495357480186,-0.016687219539269126,0.038204907039832113,-0.10903598291641417,0.99330334717423019,8.8567111422567173,8.0701400556015841,-0.4416105561564459,,0.255319791872719,0.1,False,4
-0.45654434016780726,0.88965777921984435,0.008735063500386768,-0.88942966440547999,-0.45662558830431987,0.020197628110463963,0.021957630480003369,0.001451888200936946,0.99975784792336364,-24.927318523427473,3.0041277757815465,-1.4302172315177257,0.93831238893141,0.7715864895716646,1.0,True,5
0.87304497614642818,0.4876208165578394,-0.0042905576499957035,-0.48002465047528214,0.86092699795833627,0.16846673001672924,0.085841741370764613,-0.14501945885263898,0.98569800242900074,-10.826996950282657,-17.41130682935648,-1.0860389936815407,,0.3566009393723895,0.4444444444444444,False,3
-0.3346809459471175,-0.8868344505263781,-0.31861155311683226,0.93977649650621775,-0.33899773224677038,-0.043596721735079828,-0.069345519209546597,-0.31401464120503109,0.94688225459897313,-16.018208118509932,-4.5657022801146994,-1.0938601590236099,,0.1079846100603231,0.3571428571428572,False,1
-0.36631977264180282,0.92789108251519381,0.069483545969095895,-0.93042897503751987,-0.36612177991754641,-0.0160238784517924,0.010571025602462529,-0.070519367969298793,0.99745439602967456,3.8177624730055872,-16.000988339296434,-0.97390576670364071,0.4818944379034342,0.3392066088643768,0.5135135135135135,True,5
0.9038173920193161,0.42777425914739786,0.011104282700592653,-0.42241121567380496,0.88773538899566762,0.18301542010903687,0.068431621026964609,-0.17010309325701237,0.98304732892573199,4.9872494659305833,-12.993151145490311,-0.72653075856133698,,0.255589063911791,0.2307692307692308,False,5
0.35181483309453515,0.93543893276243162,-0.03435587703651885,-0.93331458860615357,0.35335686121030468,0.063740154773337374,0.071764907229034391,0.0096401093295406526,0.99737498784685985,-4.1555021556917646,-12.222213737355943,-1.0425638438916289,,0.0787363514490362,0.2647058823529412,False,5
-0.79082262286843608,0.61155076026838096,-0.024601763649233339,-0.61193415681217767,-0.79080622644391052,0.012731847631506726,-0.011669056776646057,0.025123292632695512,0.99961625300974155,-17.189052831480588,-3.8620257049882429,-1.1485740148836399,0.2359652230534621,0.2079614871065069,0.7478260869565218,True,5
0.99005295097535506,-0.1160787056431091,-0.079504014749017568,0.12483285557847519,0.9853952008624518,0.11581474986102683,0.06489924832473104,-0.12458744805745528,0.99008386278810556,-19.351107800323589,16.087828513853477,-1.1885702016043964,0.2252616216131809,0.2181079390689621,0.8125,True,3
0.99533179507364788,-0.058543286921368981,-0.076728751272988435,0.070165192038036409,0.98481716034581956,0.15878289112704283,0.066268118592090183,-0.16342534762037106,0.98432753299571274,2.9821024201278892,-13.32863079458633,-0.83363798716571391,,0.1377409317969771,0.2083333333333333,False,5
-0.5296783071788671,0.84695009777220387,-0.04600459528985007,-0.84815717561262371,-0.52940893307530601,0.018857015587885745,-0.0083842925131089666,0.049007279701277898,0.99876323028800706,-17.672784969637533,-15.69200100780165,-1.1190345731518954,,0.1337471813810953,0.3076923076923077,False,2
0.2746150995684673,0.95974318738367348,0.058987806872502518,-0.95924247339462099,0.26918753868741863,0.085976428462570489,0.066636508947954032,-0.080194035227293611,0.9945493916287883,-16.127698180208426,17.198979727625463,-1.1508955051972116,,0.09195550561564436,0.375,False,1
-0.71080354052559247,0.69799682480605607,0.086941125694042137,-0.70315473635301429,-0.70831702729649415,-0.062132162252585561,0.018213827730775352,-0.10529682522527695,0.99427402413865384,1.058322805970022,-12.506820098615913,-0.91393207708488466,,0.3226106333968277,0.3888888888888889,False,5
-0.91444088417223357,-0.3914352093877651,-0.10284136427459727,0.39698657996123321,-0.91696268204804776,-0.039762986079200605,-0.078737060428920286,-0.077187541629512108,0.99390269077621762,-21.433537281745917,-2.4165420123364076,-1.3189044345523229,0.5542027663461474,0.3717235904175072,0.7931034482758621,True,5
0.93637336452396658,-0.33139047708405911,-0.11569474451359851,0.34735699185015861,0.9222581341210988,0.16965569327399199,0.050478138068633577,-0.19904845074873012,0.97868875125427646,6.1424580323765143,10.936444014489448,-0.55925272771244949,0.3825006640995701,0.116023256965983,0.2142857142857143,True,5
-0.79132758623854449,-0.59188345346451843,-0.15321432300144608,0.6034618641921764,-0.79637218347430894,-0.04031282493279683,-0.098155130908065436,-0.12435965142792216,0.98737036990844707,-27.846021941016549,4.5411809265938263,-1.6000877466457555,,0.3436539959127988,0.7246376811594203,False,5
-0.69591511133530159,0.71792430790154749,-0.016936526776717857,-0.718099870793238,-0.69589166524014467,0.0082076681239437385,-0.0058935033646665691,0.017873957966324797,0.99982287843633011,0.42790783752937578,23.314996447963477,-0.8036496909456069,,0.1335898360305279,0.3333333333333333,False,1
-0.71034772367644328,-0.69632239723842382,-0.10267049513774801,0.69868935112991304,-0.71522948657699303,0.016732368286421009,-0.085084088320654006,-0.05984898190400495,0.99457468159997797,-12.961489185975571,-5.1778089545950507,-1.0477925369007763,0.4239212144212948,0.3892485604957414,0.9561933534743202,True,5
0.76824408869690353,-0.60514465338025392,-0.20880844970344767,0.63879956635254187,0.7459170390025015,0.1885282073153654,0.041666943853241017,-0.27822242794396274,0.95961249803183479,-11.112733674101612,8.1486298505483692,-1.0638154448371713,,0.3039905607418096,0.4342105263157895,False,3
-0.47051965478411795,0.88209260566814363,0.022888632274994089,-0.88238919701173957,-0.47033917644105155,-0.013052360006202107,-0.00074796979390668802,-0.026338073778065275,0.99965281293599595,11.808938875682651,-9.1746631762960273,-0.4403568725793427,0.3590822703073522,0.3237671739725451,0.8541666666666666,True,6
-0.78536695566302106,-0.57337781573375779,-0.23331657758715524,0.61379236031406303,-0.77021993396650379,-0.17326335948701233,-0.080359712373113498,-0.27928325002588172,0.95684020760119159,6.8513679114681834,12.46634575541888,-0.5115947353253264,,0.49243308546982,0.4166666666666667,False,1
0.95782028728918112,0.28608631737266033,-0.027109339154989809,-0.28051722968652709,0.95129250175256264,0.12787751936265804,0.062372919654822861,-0.11487904561537872,0.99141939852528249,1.1715129353027047,-5.3467720231480405,-1.0911148813088418,0.9226201027445488,0.8646604460934751,0.4639769452449568,True,3
0.33275523964711728,0.94231403586327922,-0.03630713845028203,-0.94076005269680774,0.33437396344416337,0.056254562664200924,0.065149625764763713,0.015437305001187666,0.99775609037329938,-11.600574767173619,10.385284350898564,-1.0444148997257723,,0.06557542172331055,0.2352941176470588,False,3
-0.91457504327133576,0.40421087511854037,0.01288637501933166,-0.4033947295259187,-0.90953836892042772,-0.10006321827864445,-0.028725988511208542,-0.096713617952553219,0.9948976297522184,13.234989562335938,-12.376286016888196,-0.21363953540278113,0.2363069225818091,0.2535171074613626,0.475,True,5
-0.37907644789227979,0.92057186985706285,0.094066354671801827,-0.925364672980868,-0.37723624436887521,-0.037323423389017167,0.0011263446991667501,-0.10119411229086259,0.99486606283724521,-6.1263851276150278,-20.498963905644075,-1.0545652441381366,0.8008348413352746,0.6165256216084286,0.2666666666666667,True,5
-0.89734739738725799,-0.43376673733903076,-0.081326908096683123,0.4338711956002117,-0.90080863995402727,0.017308374060486877,-0.080767778419100239,-0.019753778434193413,0.99653718154759063,2.410261464583412,-4.5999020216699815,-1.0531976185188043,0.1293762533753204,0.1025120772618946,0.4296875,True,5
-0.95460874725356093,-0.28962251723825877,-0.069576843673458122,0.29060450915626423,-0.95683399448218664,-0.004210256679694685,-0.06535410411774524,-0.024238492358986716,0.99756771026488711,12.546370526402811,-11.532437827986247,-0.27327771228036074,0.3495573269262985,0.3282654195052842,0.7647058823529411,True,5
0.95555498189975485,-0.27846026110735944,-0.096822309157447634,0.2899700716563271,0.94700923971358952,0.13816966903309122,0.053216859266436572,-0.16010428751632683,0.98566453878016014,-0.11076500099932692,-8.9253057772221442,-1.0241572168280795,0.4058799569200129,0.1929543696946411,0.1891891891891892,True,5
0.64271039655577111,-0.76160042738188705,-0.082994790022331427,0.76610846685764455,0.6390797138528691,0.068227093963942692,0.0010785027367876052,-0.10743327395859389,0.99421171210079062,-14.154105428828389,-11.709156563525161,-1.1071622450106549,,0.07122670058382614,0.2962962962962963,False,2
-0.69317449678393972,-0.66205010238740525,-0.28495399442218711,0.71751422365026507,-0.67136050084433596,-0.18560284686825765,-0.068428472640349694,-0.33311370406344837,0.94040034256546312,-11.061615447730233,-9.8222882213238165,-1.1181592042451374,,0.3913570148039436,0.1630434782608696,False,3
-0.95885725065849603,-0.27240057097035625,-0.079941865093670364,0.2737255363909753,-0.96178975015778501,-0.0058997643087658272,-0.075280167289290212,-0.02753916168749623,0.996782067949884,6.4120914069475159,7.6823161574647827,-0.67587393127771267,0.5977492394567856,0.4300011981233089,0.7263157894736842,True,5
-0.8977331405984259,-0.40997547616549479,-0.16123063360962625,0.43358214527211802,-0.88704237686364551,-0.15862643206389465,-0.077985457442485723,-0.21231092904268783,0.97408538529048694,6.0671218292364824,-6.9623575369317718,-0.86022052615074152,,0.7544059526961042,0.2040816326530612,False,1
-0.99576589893974465,-0.051291371906012059,-0.076285448656488605,0.049452411248682798,-0.99844308712607022,0.025804278557127629,-0.077490215707621782,0.021922521254678806,0.99675206020927021,-12.386162234129023,18.679277423065521,-1.0489339854927298,,0.1350216528354303,0.4782608695652174,False,3
-0.34031159637151603,0.93917490535819204,0.046244075517859758,-0.94006962849509823,-0.34093013957120311,0.0059777515043660384,0.021380153324012951,-0.041438352735010724,0.99891228442063462,-11.532893114680956,18.144793884019141,-1.0082296593192066,0.2941168556824394,0.2187490081538929,0.7066666666666667,True,5
0.12111198547574546,0.99263681511546864,0.0020100376966608949,-0.99101684474373042,0.12079812380918759,0.057388384873258605,0.056723014802669766,-0.0089424024512074485,0.99834990510847321,-3.5176932826708764,-4.8662374917545526,-1.1229466966003756,0.1472029057642342,0.0925054791500872,0.3763440860215054,True,5
-0.50667305855081457,0.84340034121491969,0.1787687785305925,-0.86203622603499785,-0.49879259026194067,-0.089997204973943493,0.013264868717824448,-0.1997043222825709,0.97976641446803969,-4.2808524169338105,0.67462206309622008,-1.2388557877042101,,0.2147681597288918,0.3214285714285715,False,1
-0.27596247724317868,-0.95428274769556698,-0.11484401858350511,0.95879260209105643,-0.28170407300900552,0.036872231090608464,-0.067538561794507027,-0.099936243179025191,0.99269899263069339,0.4922284443720375,-14.584967905441314,-1.0065065381673552,0.7216452526828414,0.7585067044690996,0.8387096774193549,True,5
-0.74183573572851624,0.67036566988418123,0.017017926926148896,-0.67051051713491772,-0.74114853891614696,-0.033383973309441879,-0.0097666579542825885,-0.036176123385367298,0.99929770363451276,1.6968840130450555,-11.407131443761219,-0.90198700384833863,0.4530710343834561,0.2225037957406058,0.3333333333333333,True,3
0.94002341933266298,-0.33229521659027134,-0.07704453346833362,0.33812618239999109,0.9375307667903533,0.081894725697691351,0.045018394926256651,-0.10303373405209032,0.99365859014328817,1.520731503610294,9.2250424840064458,-0.68769079887251583,,0.0865536295269832,0.3548387096774194,False,5
-0.71609518066178091,-0.69216027205942998,-0.090121307223034283,0.69329001358951203,-0.72028507115282825,0.023202873344061556,-0.080973139311915243,-0.045864736530173825,0.99566047257737023,-5.7287668116590549,-9.0535388673376946,-1.0604534462977104,,0.06896823079025458,0.3380281690140845,False,5
0.98122232997166192,-0.17834146767830225,-0.073464685879226943,0.18912798959220695,0.96437365684440746,0.18497041259984345,0.037859512910158565,-0.19539132757339911,0.97999432977508194,-8.1011142481757439,7.700323077871646,-1.1071272795996687,,0.1887831739618974,0.1834862385321101,False,5
-0.21572116584741924,-0.96806652377181068,-0.12771681235371052,0.9742770923445836,-0.2221219164566261,0.0380263272249622,-0.065180717532215979,-0.11622848094162753,0.99108143675481486,-23.902544798452094,13.900659758181879,-1.3849879582701743,0.2323497444587556,0.2752971159590364,0.76,True,2
-0.89235971632308964,0.4509903432684812,0.017373743475503092,-0.45122733121303399,-0.89070531753573989,-0.055117446239097916,-0.0093825503003203414,-0.057024096592005677,0.99832871347954721,-17.751986361180105,11.660169482729142,-1.2969979733065697,0.3142611392059871,0.290160831536242,0.7647058823529411,True,3
0.35967668854932394,0.93230687865182627,-0.03790202808137734,-0.93034310424253841,0.36143408581369502,0.061863640374424336,0.07137498232959627,0.01301098115083725,0.99736469070593359,4.6779982682619758,-7.0084482386039992,-0.92456182744633875,0.1824036929497319,0.09743341287464777,0.3404255319148936,True,5
-0.83239369419936449,-0.51329599764781086,-0.20892093398191169,0.54839688395457209,-0.81726836981343354,-0.17701205996035752,-0.079884889222251093,-0.26191531169680055,0.96177896315770883,-22.016288434670145,11.380111525923541,-1.4435324204077358,,0.3385859194337331,0.2857142857142857,False,1
0.58002509237902933,0.8064025578509818,0.11526407463773351,-0.81216657588108954,0.56154910603561659,0.15826577182760371,0.062899485151197587,-0.18541174774537461,0.98064577629525351,8.4636667924416162,-6.2484428076958372,-0.74866531140745685,,0.3111747877398051,0.1951219512195122,False,5
0.29553250757594351,-0.91817375476875285,-0.26385127064261937,0.95510045327236825,0.27787891778779994,0.10279314767044555,-0.021063264817964934,-0.28238318487992708,0.9590704227387461,-21.421235335086948,-3.8778254705856279,-1.2461483438562915,0.2873186165993885,0.2156335320537184,0.5116279069767442,True,5
0.67392824198450552,-0.6928108442457559,-0.25658109585695588,0.73878869556041882,0.63360064133870619,0.22965515584744575,0.0034623644822957544,-0.34433030855657004,0.93884218622808424,-19.446073816394406,-19.885517399965018,-1.0189169818934631,,0.6701426677122415,0.4634146341463415,False,1
-0.48579823193832944,-0.87012589196061918,-0.082951853417089452,0.87049569553572881,-0.49020242082727167,0.044032154942167515,-0.07897671745116791,-0.050818488316947519,0.99558031285568283,3.3055654434291695,7.3568292750689901,-0.85242322612602295,,0.07142495436461922,0.21875,False,5
0.11092973299878379,0.98853807293059592,0.10240640948437899,-0.99212203802127108,0.10411442837064311,0.069670994521207091,0.05821044587819605,-0.10932824050408013,0.992299793317999,-17.888989262978118,-6.7236582012970194,-1.0643281765129329,,0.1542055070538353,0.1935483870967742,False,1
0.21807615239001135,-0.97059946830562838,-0.10187965392363585,0.97523089559379406,0.21277328807974008,0.060433667430185939,-0.036979616521739658,-0.11253532780672568,0.99295936873435964,1.7364080033426232,4.3630400468084813,-1.022426841101129,,0.1428845948714415,0.3644859813084112,False,1
0.019675559169529122,0.99980585824041568,0.0010574495318030064,-0.99880024724697414,0.019608309290684724,0.044872935118444229,0.044843488610383737,-0.0019390809438494319,0.99899214285916382,-8.0979144213188796,12.628991254918189,-1.0080505186213189,,0.08500226238331005,0.1714285714285714,False,4
-0.84725812148565371,-0.52432860391215486,-0.085048166918113288,0.52538964944618916,-0.85078813063032155,0.011192543650714273,-0.078226541732402038,-0.035200453094998162,0.9963139747441544,-2.2244305554200543,-10.665196647669564,-1.0259191433042489,0.1527922461316116,0.117143087023939,0.5692307692307692,True,4
-0.19240675558557693,-0.94264426908939225,-0.27276624123589394,0.97931724174606505,-0.20217668474666925,0.0078948187899161998,-0.062588980051696996,-0.26560566653927359,0.96204794551951356,-3.497844706040663,18.288901407357102,-0.84612393823239207,,0.3870755331114552,0.2352941176470588,False,1
0.58062208238118207,0.79766402469292819,0.16312602846271923,-0.81323693392073604,0.55858863752971788,0.16316992164579414,0.039034430424189567,-0.22740017091764381,0.97301874365712282,3.7523308237522746,-12.148193280803799,-0.79574733742893555,,0.5531149267380305,0.6923076923076923,False,5
-0.66895085489442407,0.74223328710693082,-0.03993120642379324,-0.74330089617223383,-0.66819082089198434,0.032012569800787212,-0.002920870687543313,0.051095737455647994,0.99868948834374471,-30.603530565378872,4.7832737903143219,-1.7007142145764531,,0.07834840596170253,0.3703703703703703,False,1
0.54761080918129013,-0.82878986417651812,-0.11502070555374125,0.83657388174667258,0.53962678722008361,0.094588957568174481,-0.016326115493773136,-0.14802125371985719,0.98884941543193761,2.1596564511833294,13.190907503993198,-0.74248341141535201,,0.1212469367921322,0.3333333333333333,False,3
-0.9882936145734379,0.13530556276080172,-0.070485006060525129,-0.13078314999457527,-0.98926038286376772,-0.065266090535044397,-0.07855888919063167,-0.055283809403974107,0.995375407244382,12.186914730514692,-5.1993693132241896,-0.49929346541617553,0.4354202524302811,0.4585930928248386,0.5263157894736842,True,6
0.98979188787104788,-0.12627020659013213,-0.066089739236534606,0.13128594359635284,0.98826903619485296,0.078027643258735249,0.055461876263637556,-0.085907782104897537,0.99475817828009605,-11.261842857351114,-12.145733726386874,-1.0914476352381548,,0.06798380212763058,0.32,False,2
0.82213143419167589,0.56822190322680588,0.034982475716367763,-0.56125971407602904,0.79870247847746778,0.21693751226850103,0.095328056044555326,-0.19798540240951706,0.97555847705994003,-4.8101754453477783,16.506553803771769,-0.90181022660540056,,0.2865159080730386,0.125,False,3
-0.8997473343331972,0.43341102165445922,-0.05108444644647047,-0.43513889923525395,-0.89988859327326387,0.029234535552950004,-0.033299740729260029,0.048532525228995316,0.99826635787361884,-5.6769378469105982,7.3820139998256202,-1.1126738267546787,,0.06710621590929215,0.3789473684210526,False,5
0.49328238354064535,0.86960613802736575,-0.021392867820595067,-0.86665398804536986,0.49342300354644547,0.073787563831988284,0.074721851512893178,-0.017857891150254532,0.99704450283332424,2.0356290156001373,-15.269603662591058,-0.97494978255795472,,0.08494538729576269,0.2352941176470588,False,5
-0.47578482722661825,0.87944386262666618,-0.014397592480233402,-0.87922251080922087,-0.47508306358658875,0.035550797171240177,0.024424878039952094,0.029573217299965832,0.99926415434121452,-13.82456768061914,14.355372443563414,-1.0040107007770913,0.5155548572295563,0.3475740335055218,0.8125,True,5
-0.87472198196422624,-0.47803362574169789,-0.079657434862187501,0.47826447235911723,-0.87804351031518013,0.017397944489291502,-0.078259496213766711,-0.022878956568068202,0.99667045937898913,-0.52494587482752586,-5.408864974788778,-1.0850929175736341,,0.1234571907618061,0.5324675324675324,False,5
0.64064699851813345,0.75794576319705331,0.12283990939976946,-0.76353598548974111,0.61194770296398759,0.2062348362893851,0.081143219999684074,-0.22591642013969668,0.97076132440438079,13.084852537103213,-5.0024282285340993,-0.44034267216210443,0.1216870979089812,0.2145404197996855,0.1818181818181818,True,4
0.76275522175328736,0.6456513659030001,-0.036589416443611605,-0.64191709956806386,0.76277554012510529,0.078204300834282703,0.078402225543781984,-0.036163366746542906,0.99626567838872049,-15.17522931385278,-1.7365640038256396,-1.2038366750871294,,0.07912201264177868,0.2972972972972973,False,5
-0.13630475881198045,-0.9843345450830987,-0.11183253587957664,0.9889425714818596,-0.14185537557309127,0.043239365534939712,-0.058426047582005251,-0.10470222431766286,0.99278589896657932,-10.029287099140189,7.5350981847022203,-1.1595586877865609,0.1628342057529989,0.1485249174941616,0.6473684210526316,True,5
0.86618838543546806,0.49911016117408774,0.024631848275617374,-0.49521453153948808,0.85073718863172998,0.1760931674742251,0.066934659846914019,-0.16472790562547807,0.98406527650325182,2.9066995372663791,9.7730035091163003,-0.62394480754314807,,0.2665651296958662,0.2439024390243902,False,5
-0.79437145580306912,0.6073247264059356,0.011430962394619638,-0.60717359144379879,-0.79334336176625087,-0.044119612358469909,-0.017726253370372543,-0.041987939189465112,0.99896085654247269,-13.352869362537302,-9.2408173438682049,-1.0693758034031222,,0.07634258303732418,0.2333333333333333,False,1
-0.53832886417543679,-0.82820290533277108,-0.15582676789928962,0.84182357672028085,-0.53707058965369581,-0.053742417203761265,-0.039180348051740095,-0.16010974151308449,0.98632133252766863,8.1115704766624201,-16.338478112246509,-0.74663101250388442,0.5202449000198406,0.4104186315919387,0.1176470588235294,True,6
-0.90187342741164744,-0.41896299658767561,-0.10532961795735732,0.42493808256955229,-0.90426355246225398,-0.04165397544600568,-0.077794260140963967,-0.082325179493392658,0.99356460178012596,-19.10266421837289,-13.418801930935258,-1.1076721648629821,,0.2127696320998122,0.2222222222222222,False,1
0.81360152395836727,0.58135770875795223,0.0087048653250336935,-0.57587279272722602,0.80368110133494197,0.14989067333760606,0.080144162664341906,-0.12696417535966362,0.98866425613859077,-2.4853950291369453,-6.4118483703764086,-1.1322073263346191,,0.7460895951341424,0.2634920634920635,False,1
-0.987076369753634,-0.13832619802794366,-0.080907992269737189,0.14434775454889556,-0.98675527257026274,-0.074011876151580364,-0.069598606528274112,-0.084734261039553505,0.99396988836453304,-1.6490831132093171,-21.104815421618301,-1.0596498809268096,0.26113917744126,0.2617041311055049,0.6470588235294118,True,5
0.96529595322801998,-0.24954839738889281,-0.07700207816834502,0.25693913102161725,0.96026694486607678,0.10894804976422118,0.046754739133748766,-0.12495195860092084,0.99106054427079748,0.55765708147234117,5.582505480078491,-1.0861615917027236,,0.06688644328016503,0.3584905660377358,False,5
-0.94207401551408587,0.33367209622512017,-0.034051159949396115,-0.33379649730607824,-0.94264275077726689,-0.0021313829454870092,-0.032809262097134563,0.0093582374302642532,0.99941781838870558,-29.707814944458921,-2.3818774711037012,-1.4980486200799459,,0.1377253584082914,0.1111111111111111,False,4
-0.98886427588297521,-0.13356107464629352,-0.065642084227779007,0.1340547532881404,-0.99096890498445889,-0.00315475431042328,-0.064627911952154601,-0.011919257243239657,0.9978382455606094,-1.6315972557573919,-10.084011839038252,-1.0216557594902098,0.6310713330697808,0.5192121153414643,0.3043478260869565,True,5
0.85684709689015148,-0.51045325536359865,-0.072460517798486571,0.51534762008953849,0.85210857604131518,0.091256808539920298,0.015161893647189777,-0.11553548686679675,0.99318762993478948,4.8507334641293429,7.3802740998647902,-0.77538128026560471,0.5461297919011389,0.3164335095172198,0.396551724137931,True,3
0.81700719867775762,-0.56750594761423911,-0.10215790097290539,0.57630168912587587,0.80958337425472648,0.11158460127184251,0.019380413292490902,-0.15003919338892177,0.98849008089500656,-8.9341629073575106,-2.8864591904702976,-1.0996749239510126,,0.07902887030304598,0.3585858585858586,False,5
-0.96795056805121082,-0.24129522111197993,-0.069629836118282967,0.24936669818997839,-0.95633080692513894,-0.15247175987618372,-0.029798450348406301,-0.16494848891224539,0.98585194038577662,-1.0255474305535817,8.526235385845542,-0.83881507160299607,,0.2139082960100155,0.3235294117647059,False,3
0.83665615278854599,-0.53892377855159279,-0.097814328770091274,0.54755732389111178,0.82741374309308957,0.12476968699923731,0.013691568729470763,-0.15794827840896949,0.98735246102563068,-4.2015678227688404,10.301553728061737,-0.92330671049422097,0.4945283577983009,0.4221498563863504,0.9516483516483516,True,5
0.77002811152873363,0.63628604524162558,-0.046869777962620075,-0.63310718253313136,0.77113595114495326,0.067265446380215518,0.078943035667837697,-0.022122691575426789,0.99663362558013591,22.369233624176406,-2.3250347138363683,0.40472096353164372,0.5738499089913808,0.4776397553063719,0.9629629629629629,True,5
-0.96955117237019206,0.23828780612360451,-0.056475176922130707,-0.23825332639465951,-0.97117453490272665,-0.0074414527044705872,-0.056620461120220331,0.0062405295666677369,0.99837627133924911,-11.984148690523275,-14.893589835573913,-1.0641997064259487,0.7204272404711629,0.6872970567163135,0.8987854251012146,True,5
0.91865783191348449,0.39449889668374855,-0.020938203822691653,-0.38157434199287488,0.89979173300197424,0.21160306886717825,0.10231719990656543,-0.18640133512560556,0.97713137953228724,-18.249628015118446,7.5472480676303206,-1.3105136258205774,,0.6140476324909455,0.2538461538461538,False,2
0.053261308552828485,-0.97091882338985902,-0.23340923588943913,0.99741060472255405,0.040413614522743176,0.059488026931441257,-0.048325134228775379,-0.23597325727390922,0.97055721276662099,-16.867149095838162,-5.498235665624704,-1.0838852665808996,,0.163713376182725,0.1515151515151515,False,1
0.31040654495281123,0.94078934032073114,0.13624681276764972,-0.94814874543881089,0.29611391975648027,0.115457797697958,0.068276887548190252,-0.16502110066696743,0.98392393149135027,-0.79403906754138753,3.0326893266612074,-1.0606674413721242,,0.2773309010759142,0.2352941176470588,False,1
-0.71236388227144509,0.70025245302466466,-0.046735439102411805,-0.70169071394636862,-0.71189078611989431,0.029011215056159799,-0.012955353973972412,0.053460365417186129,0.99848592785921164,7.5657920828741512,9.8424429429797193,-0.42354647825185987,,0.08432153382914928,0.5,False,5
-0.005674237569870174,0.9833278859104424,0.1817527766470165,-0.99866539865928872,-0.014902845956954545,0.049450244722006806,0.051334438232864224,-0.18122961671118459,0.98210009748397498,-7.2953305388327951,-12.721528291080071,-1.0394313875559031,,0.6439334771503531,0.3253012048192771,False,1
-0.4994299538286267,-0.84739239838880853,-0.18026603776529695,0.86319874957126741,-0.50446261460607855,-0.020134279311657718,-0.073875841500023964,-0.16566108057616499,0.98341179900639863,-24.051758424285573,-0.59877572758286202,-1.4677434896575796,,0.2884956018396206,0.2727272727272727,False,2
-0.89045442626314919,-0.44664900851066536,-0.087152612954547487,0.44734486297893045,-0.89427462784955947,0.01246850235168535,-0.083507414729037791,-0.027884640592477097,0.99611694017534969,10.084876977605129,-13.024406015160649,-0.44098176042586884,,0.293063006705522,0.42,False,3
0.67594024065638392,0.73694835169288764,0.003452245432429446,-0.73304791749342779,0.67186613004974693,0.10600308462740785,0.075799351711861612,-0.074182411858287708,0.99435980814338476,-11.300615848289022,11.969360497277522,-1.0323327720213253,,0.136941270911753,0.3333333333333333,False,5
-0.57589746469271486,0.81559987063418449,0.056026432886693754,-0.81610487791691788,-0.57758092596306687,0.019315853692269028,0.048113806757707538,-0.034599494001362363,0.99824242376996497,-10.760119043634706,-20.658264782081261,-1.0105619933268268,,0.4782704250373913,0.2727272727272727,False,3
-0.84920914634665823,0.52700930687689618,-0.033241784343099767,-0.52549118126322703,-0.84960503023558154,-0.045058972613393755,-0.051988885117473654,-0.020796227146524626,0.99843110566563997,5.1867322516497474,-18.442621739522895,-0.88209490287311543,0.7828554536773948,0.3708413750316564,0.6666666666666666,True,4
-0.87855880302899503,0.47433739920847934,-0.056021971871730247,-0.47659497267943413,-0.87832934203742108,0.037347007012631758,-0.031490659519143149,0.059511331931388495,0.99773079522223984,-1.073907821793683,4.740503773067112,-1.106854708816047,0.2893596000120716,0.2356891246837973,0.8763326226012793,True,5
-0.81298076869642943,0.57033198158112963,0.11740400553433139,-0.58156751792182726,-0.80534027622447057,-0.11491849976804897,0.029008478553835787,-0.16170488637155053,0.98641271174673961,2.0089877715738309,-9.7411650807843024,-0.95815074550305446,,0.7781305260189539,0.3152173913043478,False,2
-0.69004500109618783,0.72353498356189783,-0.01830366149838842,-0.72374148812367745,-0.69001059753291538,0.0091451441101571621,-0.006012888714129444,0.019557680188473876,0.99979064924360961,-5.98940278503924,-10.208233492590365,-1.0883168955910185,0.3891213278627366,0.3271466133710632,0.8559322033898306,True,5
-0.52765155465614588,-0.8442189862502868,-0.094223882978189455,0.84625591097164343,-0.53204336518251061,0.02794263249625371,-0.073720892659430728,-0.064993544447159726,0.99515881605183465,-8.0857758276185585,-7.2575802476766533,-0.991219119723873,,0.08412137370783108,0.4878048780487805,True,5
-0.56095442124168615,0.82606153284474537,0.054336739353721179,-0.82781511861068868,-0.56029664407149848,-0.028103381323038509,0.0072295704558481277,-0.060745490338018321,0.99812710549038686,0.46377370654805883,-7.0810486311697023,-1.0656794630989188,,0.1914574950010121,0.2894736842105263,False,3
-0.85867192373817669,0.51164738168436608,0.029991402089793846,-0.51183287170976888,-0.85300039493805524,-0.10206584968956683,-0.026639046925716767,-0.10299166495913338,0.99432543874117763,-18.21741420161332,-9.0181527151201255,-1.12847589813872,,0.1189730212345665,0.1333333333333333,False,1
-0.84237902092637085,0.53887853860023804,0.0027396604170975489,-0.53833918649640999,-0.84128528615543707,-0.04929490420670405,-0.024259129941380762,-0.042999859702519357,0.99878050976180532,-15.979938321286349,-14.962010893400366,-1.08609357669856,,0.06899786740790817,0.1818181818181818,False,1
-0.37651352611932037,-0.90205294691199545,-0.21104038859085889,0.92377444524249375,-0.38274530408796459,-0.012116373860793825,-0.069845106959033953,-0.19951569654038842,0.97740224466075631,-6.7651124624517278,6.3881281639568321,-1.1441724158142133,,0.0851472807542926,0.2840909090909091,False,4
-0.51620187337006729,-0.82384200685877063,-0.23413665596003314,0.85367403025269817,-0.51697863417704226,-0.063037622707044327,-0.069110607010420669,-0.23241652165746268,0.9701578657410852,-0.22514019464180035,11.17487423648331,-0.77879893883589768,0.3254090235484486,0.3081650999820837,0.3670886075949367,True,3
0.31209886399847092,-0.94706503952833587,-0.075246993255908209,0.94958106210920257,0.30847771980025662,0.05601163156338524,-0.029834637159216193,-0.088934286358102771,0.99559057204031032,-25.195549703082875,14.462807069417174,-1.460513318606689,,0.1000519395272073,0.4444444444444444,False,1
0.37886308658294526,0.91021416441545155,0.16725111814969962,-0.92075838003700472,0.35255476380486717,0.16706030082016671,0.093095473662654804,-0.21729084982109886,0.97165730551854035,-6.9136238845698132,-16.65936376882053,-1.1437988702742721,0.7527175218095232,0.5082803412802249,0.5161290322580645,True,5
-0.75710410164204089,0.6532525477809048,-0.0073816051475267541,-0.65315559823542169,-0.75712787494931555,-0.012047633313693601,-0.013458966175962303,-0.0042999758708062302,0.99990017823629984,-0.37420163759472952,5.2791780809127742,-1.1295847527872926,,0.07862794540884291,0.2638888888888889,False,5
-0.9495978251253363,0.31278203819491818,-0.020769378899314989,-0.31067386006294867,-0.94788807147618392,-0.070639625046767407,-0.041781852410082546,-0.060626731198319503,0.99728565430040583,-4.2161374537632099,-9.1635433556267714,-1.0454957726743983,,0.08068348929239835,0.3157894736842105,False,5
0.86954816210590669,-0.48098018049866992,-0.11200026672158858,0.49303749063961533,0.85848983461615147,0.14110009455887829,0.028284741505472756,-0.17791365835202191,0.98363951911753167,-22.606057833460302,8.5959342721778764,-1.4152933079639385,,0.298332209628775,0.6666666666666666,False,1
0.32514266325396329,-0.93945125331201385,-0.1082293452932524,0.94514880765069575,0.31904906588916837,0.070010177486686281,-0.031240677466855531,-0.1250561322196368,0.99165769490569522,6.044248137559153,4.1385677988394596,-0.76416191799117494,,0.08631241196507322,0.3333333333333333,False,5
0.39479892350349766,0.91873954261987234,-0.0071737596214375907,-0.91595519754776655,0.39418890193110978,0.075107827019404938,0.071832347070872826,-0.023081646842733984,0.99714961339475849,-21.386093147884456,15.155037892816635,-1.1885191335793135,,0.5020604141106869,0.7619047619047619,False,1
-0.93547891702110175,-0.30590468444909863,-0.17692235540237555,0.34516933484951245,-0.89828584257860145,-0.27192034734899423,-0.075745139042530302,-0.3154439237882859,0.94591638364946318,-0.84039213338499019,14.343576098596809,-0.85208612710023113,1.08278867394743,0.748896603023507,0.603448275862069,True,1
-0.58255931741787015,0.81272311342006021,-0.010285066962773801,-0.81278589502189214,-0.58248095929108612,0.0097478672948140763,0.0019314613861973404,0.01403826827424505,0.99989959319962407,-5.2947982120512869,19.900915514521692,-0.87717378888198816,,0.0912664863239709,0.1666666666666667,False,4
-0.97215838222615714,0.22679654714282238,-0.05891863942348597,-0.22922850843122741,-0.97261628290454005,0.038364790516190093,-0.04860422604893419,0.050802484516507769,0.99752530633419756,-4.7080765557869606,-5.3819597079729347,-1.1149502148397432,,0.0818580548926324,0.5035971223021583,False,5
0.98182922290051922,0.18236597949636241,-0.052478820307764691,-0.17511114671427264,0.97723641852651077,0.11977090048041955,0.073126351987329363,-0.10840494374248084,0.99141358918325018,1.8369500092080686,7.611925914687351,-0.8635268091698125,,0.08125045896445957,0.3541666666666667,False,5
0.96840657736843483,0.24274150107468534,-0.057142493518948602,-0.23818725165446811,0.96821285955387837,0.076358966361479541,0.073861587167117104,-0.060335911781550206,0.99544163248813555,0.7563949724684963,10.708538888579545,-0.73375524047896556,0.4459376162673645,0.2700193808457818,0.8364779874213837,True,5
0.80737433828961658,-0.58517133503441843,-0.075638525404982768,0.58996396599783185,0.80266227533231405,0.087611589315919863,0.0094444002198604896,-0.11535935338059386,0.99327892502161663,-13.12615183003939,4.1175627741588556,-1.2397095492388226,0.2250062845781729,0.1681173520889471,0.5308988764044944,True,3
