axis_00,axis_01,axis_02,axis_10,axis_11,axis_12,axis_20,axis_21,axis_22,location_x,location_y,location_z,dbh,dbh_approximation,score,reconstructed,number_clusters
-0.072825639034169914,0.9641980408366756,0.25498738075830552,-0.99644924632508936,-0.081173531598019696,0.022355251420328216,0.042253115830972368,-0.25245394790856734,0.96668592541111931,10.886852085617553,29.822914241155029,-3.0382501708082019,,0.4578179350105207,0.7058823529411765,False,4
-0.039537991990949199,-0.99292532198806904,-0.11196451287892185,0.99860545908263143,-0.043188012899647431,0.030363343560084226,-0.034984057507548579,-0.11060786814992184,0.993248214306796,-32.976973437133523,17.872997650572344,-2.0081861707052644,,0.6908205123187712,0.275,False,1
0.75898712193920925,-0.64644282271360609,-0.077783196723323234,0.6457878953114834,0.73216031655714608,0.21656238160886132,-0.083045427325038432,-0.21459950564016464,0.97316520138124385,-0.89848780462545019,-15.295926153786702,-0.52932730777728731,,0.1311225081308668,0.1555555555555556,False,5
0.71936186401841029,-0.6944725280705466,-0.01504713764353105,0.68994799288016695,0.71182751993906757,0.13142811334728563,-0.080562247464855241,-0.10492611501767211,0.99121149845565804,-3.8823508416741408,-16.531079076724367,-0.40963295147019818,0.4051716654590758,0.337915121988667,0.6540880503144654,True,4
-0.83065457083051308,0.50999450281476411,0.22342468766252371,-0.55142162510027271,-0.80908994257046629,-0.20324285031236056,0.077117931313987864,-0.29202580695897395,0.95329625654347871,-4.9336566721531163,23.02334506847264,-2.5323178419522363,,0.3427949839459614,0.103448275862069,False,4
-0.87783239020637949,-0.47761412486909383,-0.035986697960307873,0.47858797745100479,-0.87166456905384215,-0.10561452028740156,0.019074657111293941,-0.10993464777635378,0.9937557701338785,-5.9382330510436825,-22.624844306724491,-0.094521267577588927,0.6972274875779485,0.323345141287512,0.3571428571428572,True,5
0.57540470218048811,-0.8160521140633894,-0.054482803169964802,0.81464631378948771,0.56595672299496746,0.1266663772514143,-0.072531456195114363,-0.11726864384596145,0.9904480062238229,-12.570924844856844,29.019902207585357,-2.9207984640958822,,0.1079619952538097,0.25,False,2
-0.66120642734688795,0.68919434972579596,0.29633968472211292,-0.7463244353034052,-0.64441359360629691,-0.16652614702944174,0.076196441545635457,-0.3312737065953999,0.94045299383559144,12.960010210113738,24.962668689762808,-2.7604994430751941,,0.1426947457065458,0.375,False,1
-0.73984194279915971,-0.66576827103622505,-0.096883997422697529,0.67219238836026929,-0.72546920518438529,-0.14782362923312853,0.028129925447509495,-0.17449080666491362,0.98425691040690477,-9.8996365485244144,-20.866837323253982,-0.028061901218850622,,0.5203879761933753,0.1764705882352941,False,1
-0.89647897044840608,-0.44066933915030138,0.046216761857607522,0.44044993656314479,-0.89764545787577854,-0.01537807974052692,0.048262914595866555,0.0065700447350761151,0.99881305837823908,-14.734960244114417,-15.861542109520501,-0.16291726371066043,0.535886330321531,0.3831476188811197,0.2741935483870968,True,1
-0.39423382500511117,0.89447696368507412,0.21092807460973562,-0.91773178351238149,-0.39527766389073199,-0.039037699218431476,0.048456833914552494,-0.20896537958670652,0.97672176456817095,-14.116680670227565,22.942109613013109,-2.4838273998341633,,0.356083888211392,0.4482758620689655,False,5
0.22655088480738725,0.95710966138206977,0.18059842934558212,-0.97379269507145871,0.21875595595910002,0.062238402597485969,0.0200619943788359,-0.18996559641556551,0.98158575201559639,-10.755819777951471,-15.78971841591844,-0.25117465756242902,,0.553686408615307,0.5294117647058824,False,2
0.82214916225775281,0.53884185132828855,0.18363064628753301,-0.56801150650220855,0.79793330501877069,0.20165656255850489,-0.037864012993420459,-0.27009609400900891,0.96208856999816295,14.483157855656346,-5.2952764419586336,-1.1768363352657194,,0.4201267727828749,0.3181818181818182,False,2
-0.98147933757180039,0.17091762198807006,0.086518647779310565,-0.17357148506085077,-0.98452669717450891,-0.024085724494413929,0.081063243787724351,-0.038656811102225949,0.99595903603612945,2.4439540500933457,-15.490063531095538,-0.48150683793515781,,0.1391875809691557,0.4411764705882353,False,4
-0.79302373153774175,0.58651150285415743,0.16467427922330047,-0.60386878795525378,-0.79248362743553424,-0.085511327788018954,0.080348292772207702,-0.16725416965318127,0.98263431376184729,-6.6834982049414879,18.794945982874445,-2.236487872324552,,0.5186511122903461,0.2717391304347826,False,1
-0.98850751663244463,0.10430795072653529,0.10942002091202521,-0.13034815079058892,-0.95470956508874061,-0.26746776612059542,0.076565326007476939,-0.2786565946524473,0.95733392978107212,0.31818857308118886,21.381216222972121,-2.3897447108182961,,0.2779811163592305,0.2307692307692308,False,1
-0.22761084201805007,-0.97369056673800169,-0.010953759229808721,0.9737473463162839,-0.22763074880049911,0.0005896969731466889,-0.0030675947956486059,-0.010531972557620367,0.99993983189800817,-10.396398985375804,-13.941442093850544,-0.35249091336816124,,0.1369547609997485,0.4102564102564102,False,3
-0.68671014200053304,-0.72638902162039265,0.028074368077951266,0.72430453152889362,-0.68699845376900992,-0.0584471566947347,0.061742420428076719,-0.019801863254698439,0.99789566575435351,-3.9230273753847147,-22.635642986608389,-0.12578011346067228,,0.192615830962851,0.2941176470588235,False,4
-0.054535500175403769,-0.99846640396507336,0.0095246718407328013,0.99686376094185036,-0.053895183155340927,0.057947833035599403,-0.057345630535272606,0.012655014251567002,0.99827417540112939,-6.993773347879694,25.526857427588485,-2.7583993459403437,0.5627941588363491,0.4701705736581851,0.8409090909090909,True,5
-0.74584561319648379,0.61618636965404949,0.25303888856877971,-0.66237828468922211,-0.72626309327236738,-0.18383940633774656,0.070493469539552059,-0.30472327971950991,0.94982861272403307,-3.9661761304900032,23.446443813227905,-2.5639974315529468,,0.397940029942604,0.2941176470588235,False,2
-0.92607597600165137,0.35351899760463074,0.13193788313144345,-0.36800263203819422,-0.92344927183567294,-0.1086991497626679,0.083410727640697568,-0.14921715946493122,0.98528010729724325,14.48975470722571,7.5299438970194394,-1.6386569412041001,,0.362435180211451,0.1764705882352941,False,2
0.92406688313238328,-0.38067964069794302,0.034400678134107368,0.37339545807389773,0.91828242243915958,0.13165570450630631,-0.081708184337833195,-0.10881361953980286,0.99069842475642456,-14.551545860615349,-14.010940811524577,-0.25866130129768083,,0.1401118694268791,0.3636363636363636,False,2
0.91248665896319769,-0.40903301677021925,0.0077516711769569507,0.40094423211152425,0.89788678831159141,0.18177744115262628,-0.081313098272555062,-0.16276150210461302,0.98330914441083528,5.4092973008286203,-9.4957198042691555,-0.77404645446017994,,0.1303366363407314,0.3181818181818182,False,1
0.97423777860198513,-0.22411061710860652,0.025202818173147054,0.2071815805738122,0.93354228446091492,0.29253135865139779,-0.08908727976319665,-0.27977354131993143,0.955923753320158,2.1936453941262974,-21.97218000159911,-0.15738999876091805,,0.3130605747896603,0.2142857142857143,False,2
-0.87300958837747855,0.46864259090527649,0.13501252012526022,-0.48013398446791128,-0.87445422392095407,-0.069290455517102556,0.085589809907204925,-0.12531533129026906,0.98841815654289622,-3.9714887429412951,-13.408263847520811,-0.52135787735861983,,0.36438852543484,0.375,False,5
0.79685860313325185,0.58663312388806321,0.14449202251285792,-0.6032529643025305,0.78570707540371865,0.13693156217887223,-0.033199814347881496,-0.19628033426165947,0.97998561352164693,-6.3259654712633386,-10.217851014900313,-0.62167767466110069,,0.1283113161480809,0.1122448979591837,False,5
0.3949699496227993,-0.91813147222275282,0.032145584596382372,0.91623919058693915,0.39622957423950778,0.059227275224917747,-0.067115456696300591,0.0060600504996519214,0.99772681193821189,-11.866185468855148,-14.078250524978314,-0.3047188436465752,,0.09927827632992375,0.3333333333333333,False,2
-0.46271673762979715,-0.88524675851211476,-0.047237667819568216,0.88647791750429017,-0.46161909610865171,-0.032629923154814923,0.0070797241821494682,-0.056973560987757285,0.99835058514225361,-20.350653486066822,22.038684663704586,-2.5306045261309342,,0.1593689953086003,0.375,False,2
-0.83937921970465534,0.52735403914606094,0.13168235616186308,-0.53725946547793058,-0.84169521677092107,-0.05386491269204325,0.082430530038165972,-0.11596068066930362,0.9898274234715565,-16.764676801557759,21.407162001364775,-2.4107281713717663,,0.3164706498532862,0.5952380952380952,False,5
-0.69475992760478888,-0.7178978737265046,-0.043946397958793168,0.71887085151835561,-0.69114236225235093,-0.074477741221887273,0.023094194765423473,-0.08333593462128884,0.99625387335203541,-12.972514621282581,-16.939513016942122,-0.12516574831749303,,0.6292611025459007,0.5151515151515151,False,1
-0.21714116460959082,0.9430035785011921,0.25217843993080613,-0.97544304430682083,-0.21938230179463658,-0.019551802288451055,0.036886067090843612,-0.25023120627378131,0.96748320991185,-12.868950165865856,21.65432840565321,-2.4001104511210638,0.7367589113830447,0.4206566723816321,0.3478260869565217,True,3
-0.30501734828630739,0.9120204496856924,0.27419539857462299,-0.95010573177771118,-0.31115456926523172,-0.021952960358619864,0.065295602359794716,-0.26721065356844415,0.96142339836931157,-18.94609555224795,22.002266267627295,-2.4766492799977335,,0.4206647850941661,0.1578947368421053,False,4
0.9897915717718041,-0.13126291710336999,0.055521987023306178,0.11611193170546474,0.9685776779982147,0.21994385874402736,-0.082647829766593434,-0.21125181248240466,0.97393121315510367,-4.8225015646928915,-20.411008585342085,-0.21999367425997601,,0.3586058809320857,0.2,False,4
-0.57963285709119117,0.77861219636416945,0.24039300874456915,-0.80998033782593803,-0.58280261237879405,-0.065367938164146433,0.089205399588149908,-0.23260301519416438,0.96847211317977633,-2.8315001235056503,23.872579609930465,-2.5862495723682297,0.3345855707939909,0.1632132138019664,0.2105263157894737,True,5
-0.79621842107981167,-0.60493231538047587,-0.0096498570760610719,0.60441181995265381,-0.79462229346932944,-0.057111843106868149,0.026880807924853329,-0.051305989221133566,0.99832114954825446,0.56160286802513693,-12.555131489654711,-0.69678738150166364,,0.1880151489750135,0.2692307692307692,False,5
0.21323635407876504,0.94140586460468323,0.26131447603817015,-0.97680710464793841,0.20010335650856612,0.07620057101699361,0.0194457606821083,-0.27150256868382194,0.96224124708390024,14.134150836138007,-10.415482389580914,-1.0129113911178997,,0.2214933102682783,0.5416666666666666,False,5
0.96650994225671583,-0.24963788601121853,0.059493339011777675,0.24407562618287723,0.96580807827455262,0.087417644918245385,-0.07928190349857156,-0.069969148969141581,0.99439363331136543,-16.589961140786471,-12.886650120511138,-0.37273315006741975,,0.06922255644606735,0.5714285714285714,False,1
-0.35715858745969409,0.90237094377895255,0.24117301513079636,-0.93203633656428764,-0.36122516454198811,-0.028716682006035998,0.061204662629722476,-0.23503842308247594,0.97005717818450576,-25.413835794566371,22.191696795326855,-2.4762022351860953,,0.4109931647480082,0.1538461538461539,False,1
-0.38286222429530015,0.88229913427640594,0.27379692266853467,-0.92167696654913955,-0.38492533313247518,-0.048415464942812687,0.06267444886419897,-0.27088876973392084,0.96056815889951885,-9.8346045174697778,26.409526157270903,-2.7213949372960711,,0.2976214286744933,0.1428571428571428,False,1
0.12924747696905214,-0.98951519250430731,-0.064457532533421957,0.99054518018683091,0.1258203801298424,0.05467611866820514,-0.045992778843770517,-0.070914848566043104,0.99642147133985537,5.0609171552244545,26.937211494780627,-2.7726607993612085,0.4264544593403096,0.3981426098653297,0.7058823529411765,True,5
0.94034799069419484,0.29772867056859675,0.16463078423808916,-0.33384044804308993,0.90073042659897096,0.27791231323787441,-0.065545492963141327,-0.31629470011413957,0.9463939195873603,7.4113969756239255,22.622910583370178,-2.5741749784125671,,0.4606943475459426,0.12,False,3
0.2746158288211919,0.9263198001443379,0.25791039998689946,-0.960531116125941,0.25190287219163704,0.11800388949291571,0.044340968806538331,-0.28013670027712606,0.95893550755154533,-9.7868920333399387,21.045807448830967,-2.4528444405699292,0.8175564785278676,0.6331466589022096,0.3207547169811321,True,3
0.96174132526608824,0.25803590269801657,0.092038558193008213,-0.26520574717424172,0.96114491948943259,0.076592136707390457,-0.068698871469480977,-0.098070977656343761,0.99280539301534243,-1.3642419561638612,-16.467626781622101,-0.48712302509664851,,0.08860226145207799,0.1923076923076923,False,5
0.23804490290861402,-0.96830128304063812,-0.075678593149465984,0.96975164460677798,0.23262165231283258,0.073952110569589544,-0.054003444164957295,-0.090993363148646866,0.99438616034276184,0.94253420503560481,-18.873170690051118,-0.29580952471000421,,0.219322101363469,0.1176470588235294,False,1
-0.99652335920507717,0.033842585942972958,0.076130637297493503,-0.034772126113751925,-0.9993356362518554,-0.010917204890875644,0.075710592417173372,-0.013526473812214238,0.99703808387746606,-21.520992498051747,21.02467901848695,-2.5068565750372316,0.8350499112512257,0.5212105600061299,0.9166666666666666,True,4
-0.40512796373107024,-0.91014099649644153,-0.086687366435844515,0.9142185355929916,-0.40418739867476783,-0.028931227604982915,-0.0087064448154058893,-0.090972046525237757,0.99581538679098947,1.0710726506120178,29.357541358882184,-2.9656509901312433,,0.3311326598705374,0.4583333333333333,False,5
0.99886056857415295,-0.0027568359584188712,0.047644143430412303,-0.010539043226076614,0.96094051768223521,0.27655424430747,-0.046545602537707287,-0.27674125339763733,0.95981653744468576,15.677458105710015,-9.8244708751652876,-1.0909070579034408,,0.3372962830244754,0.1818181818181818,False,3
-0.94886248104619719,-0.30995999707094768,0.059873134865594667,0.31024655458926509,-0.95064458684203434,-0.0046845355616437767,0.058370090186206473,0.01413045376893866,0.99819500241583003,1.1641065192033895,-20.300022832397275,-0.24299984801008045,0.2478320551150921,0.3198894408003684,0.875,True,5
0.28206509660615159,0.9506770774561264,0.12904408423496294,-0.95918606918909555,0.27663222500215395,0.058623346577355608,0.020034119649574852,-0.14031288782515838,0.98990450426292675,6.6923833441960632,-21.643097623964806,-0.29663286240410763,,0.3544254154179315,0.5172413793103449,False,2
-0.96177785901860768,0.2476141187838756,0.11692133287158364,-0.26089329110836024,-0.95830051469053967,-0.11659680183647669,0.083174759129385184,-0.14264421377234707,0.98627307968991906,2.2867642423378407,24.511421871453255,-2.6012969255318437,,0.4034524130048888,0.2,False,2
-0.90614332997619718,0.41402736922066147,0.086519379770470861,-0.41831882696442024,-0.90748232586475341,-0.038538127227576074,0.062558968555758335,-0.071113752392314711,0.99550450007718416,6.2127871396388876,26.77535362087162,-2.7890144771426124,,0.2191793230944341,0.5909090909090909,False,2
-0.98671077978462851,-0.1538159242169006,0.052368869704349702,0.14853840673404914,-0.98452292206645065,-0.093010524407983047,0.065864852400356083,-0.083995698598430993,0.9942869524615322,-10.491283811847921,30.370884031984424,-2.9566193077625873,,0.2287385862618525,0.28,False,1
0.63212867168015263,0.7343227133763407,0.24735297665380207,-0.77397323404101881,0.61366484158939572,0.15614382852085298,-0.037131865398518066,-0.29014757420435588,0.95626126647237775,0.017056693393814826,-15.764166290327637,-0.50157522056472781,,0.3165174371466578,0.3278688524590164,False,5
-0.45730016354966402,-0.88925707269907339,-0.0099206386954043824,0.88931014492090454,-0.45724537385811148,-0.0073575964903457788,0.0020066285679144445,-0.012187154714285581,0.99992372044159439,-7.2453310277001002,-20.644204827069323,-0.11329250563517247,0.1858993599312299,0.2108046483375501,0.7843137254901961,True,4
-0.2622878036553502,0.93511498780830327,0.23825420800046221,-0.96409396501209688,-0.26456734605377791,-0.02295530503636093,0.041568433707614566,-0.23572034061220837,0.97093150445371712,20.090616762841798,-6.5729584740084963,-1.3859112196635166,,0.4059808250064044,0.6,False,5
-0.80967778026795867,-0.58464066897692812,-0.051158384635987694,0.58512673099568457,-0.79747039980694334,-0.14719942291347435,0.045261471636012893,-0.14911824036638155,0.98778294659068644,-37.797232238309221,18.499229586506001,-1.7671595857662716,,0.447138165384267,0.7142857142857143,False,3
-0.28284473089683626,-0.95758959152952716,-0.054963919057950283,0.95916185889823069,-0.28221644885121167,-0.01903692287899731,0.002717837152197991,-0.058103788104769349,0.99830684820304105,7.9134659783359469,25.99771673151518,-2.7805427211206712,,0.2208348536609418,0.25,False,5
-0.59631135201516106,0.78684149822329041,0.15903844859523278,-0.7983632625758913,-0.60198617159155576,-0.01512448946973987,0.083838370851472083,-0.13598935945973784,0.98715653352783983,8.0252024653056999,10.715145679129666,-1.8303350157999103,,0.1912078971771771,0.2631578947368421,False,4
-0.019707184699608152,0.91964090069060955,0.39226552314494761,-0.99903337472272069,-0.033532342718383623,0.028423549777396584,0.039293040876811805,-0.39132620122958894,0.91941278062134424,14.597589503954049,-7.0333984942699752,-1.1338450993556284,,0.4102215370584433,0.225,False,1
-0.82545883050423374,-0.56223336150524206,-0.050113534629866521,0.56323335566019572,-0.81455376700416082,-0.13881767802079953,0.037227761339335252,-0.14281389242593562,0.98904918275878229,-29.858519648065588,20.861302458431659,-2.2247261093480857,,0.1960999050092304,0.1111111111111111,False,2
-0.40369212053250769,-0.90511614935538376,-0.13340700130072114,0.91353335127379698,-0.40673522367122694,-0.0048243067463520431,-0.049894768567789058,-0.12381927960216965,0.99104959415175942,7.2845948829726561,-14.688652574136791,-0.5636878172743679,,0.6320576946743625,0.4897959183673469,False,5
-0.043102445728923494,-0.99736546250494273,-0.05834649410622296,0.9985161555102009,-0.044950477781675519,0.030739904559511123,-0.033281621915315016,-0.056934951914455717,0.99782300278816261,1.422625080588696,-16.3870076108273,-0.45898397705760391,,0.08214810376038487,0.2272727272727273,False,5
0.41025578705918264,0.90204907813378887,0.1341553197694102,-0.91130885702878694,0.39989563823193131,0.097977781276994066,0.034732640057109368,-0.16245288289549825,0.98610481418234919,-7.9999650594051817,-17.034275794574487,-0.24982506051678693,,0.3676998181481377,0.391304347826087,False,4
0.85746025777966439,0.50003501744823364,0.12135438868857468,-0.51277586892340188,0.84996750821620637,0.12089724242754404,-0.042694432638028447,-0.16589218276422452,0.98521924926355309,-16.694008880353138,-30.383689685358867,0.49359574854806759,,0.3118674738060785,0.4761904761904762,False,1
-0.9976194316510858,0.0092047612984727679,0.068342826701873916,-0.015065795515335415,-0.99620312152444401,-0.085745918097851023,0.067294066585801796,-0.086571433131209144,0.99397026895574392,16.518097380655981,30.655775887724445,-3.1970433627886057,,0.6208178256915862,0.7857142857142857,False,5
0.97396016247988626,-0.22533712729297778,0.024995618926151882,0.21264722073428119,0.94617622661248835,0.24399120415977721,-0.078630537427508709,-0.23232246395194028,0.9694552652532038,6.0563007682964276,-25.560810452876392,-0.1392416708681376,,0.5534356506478797,0.2,False,1
-0.13504271876427215,0.97033200984181089,0.20054738787903742,-0.98982436784350081,-0.14127302193235886,0.017019227283065812,0.044846236541844345,-0.1962083687064613,0.97953616120977471,-26.007178878008453,23.312956666754111,-2.4876392696731497,,0.2374420849966983,0.2222222222222222,False,2
0.63735636989240618,-0.77032198957612907,0.019516406765799139,0.766529785054616,0.63640182230504694,0.086167332504486854,-0.0787968678419253,-0.039959391165145186,0.99608950434989163,3.0528567556182473,-16.912934954418049,-0.4090714879610291,,0.07639377651386361,0.3333333333333333,False,2
0.609213182158997,0.7806589990021422,0.13939449759829869,-0.7928812993833857,0.60275610510194466,0.08957858477586661,-0.014090556121836365,-0.16509574506723848,0.98617688635907041,-6.5217965417398203,24.488436216645443,-2.6665778883088591,,0.1741102644137215,0.2,False,1
-0.039562227259751434,0.96838978249792174,0.24628450890763676,-0.9983875765303647,-0.048351115748858253,0.029739143156213149,0.040707213170063664,-0.24471084724521,0.96874120591438595,-10.760068153906548,-17.408181821975024,-0.2043693300446941,,0.1441484538502867,0.1333333333333333,False,1
-0.69698645440115992,0.70598703407289964,0.12566698095461692,-0.71313007294390707,-0.70079487530021034,-0.018222014597122346,0.075202270207189267,-0.10231740064090117,0.99190512050385737,-2.3138598934293277,-18.447462176375346,-0.37964552178694161,,0.08271300346793155,0.52,False,3
0.98858136378843209,-0.14768012949798495,0.029957745603794585,0.12979608075984325,0.93551722858694242,0.32857342016114233,-0.076549752380967867,-0.32093316183975873,0.94400319969899849,-15.489377692997255,-11.315314186148354,-0.43428013364609735,,0.08590646860944548,0.25,False,1
0.96395901494269343,-0.26031666442781759,0.054938617855633747,0.25391691825923046,0.96181750247105646,0.10214348027198997,-0.079430574292570458,-0.084512284086481829,0.99325145743967502,3.5921378051679862,-16.270355238720121,-0.44417248072791249,0.5272532208478906,0.5347318996048303,0.7441860465116279,True,5
0.77593937712253802,-0.62861830944354913,-0.052508133303556664,0.6252783961005618,0.75547207352488499,0.19567542894784057,-0.083336729001073764,-0.18466447183025506,0.97926197845267959,-5.9130668267384126,-15.618625574107758,-0.34103530284290384,0.3680155551488709,0.2654415070873578,0.5213675213675214,True,6
0.067283343629242542,-0.99737839315231758,-0.026632546685789585,0.99715774005982283,0.066313506944202516,0.03576255353786454,-0.033902700613029149,-0.028963074243987016,0.99900537897524933,-10.742260107416573,23.088542876041291,-2.5313647744547696,,0.1671398406967092,0.1944444444444444,False,9
-0.98795428274769703,-0.14157792364978611,0.06246620474704262,0.1398307382925483,-0.98967331352872356,-0.031529305695466137,0.066284989470052791,-0.022414817065784701,0.99754893421168211,-8.775205747536118,-25.76094916530397,0.11201329480214224,,0.1729701415691199,0.2608695652173913,False,1
0.6397284702781314,0.72118770858239833,0.26577391389162053,-0.76840785962292335,0.6078655348389348,0.20012209479388443,-0.017229207332855909,-0.3322465658884145,0.94303519227547172,-9.1790457660544202,24.336178281824548,-2.6442977844790141,,0.4597820749935677,0.2222222222222222,False,1
0.80346388883032638,0.57728282122941343,0.14556896530187746,-0.59479440193702948,0.78893885636124284,0.15425660552399903,-0.025795324576785749,-0.21052321780940011,0.977248471983024,8.9022785931203803,27.225412319080831,-2.8610269682184035,,0.3234299215125333,0.2352941176470588,False,5
-0.7904527634320454,0.59109659660478164,0.16059029318388662,-0.60794921020126858,-0.78908619160910398,-0.08798147547917988,0.074714032137852299,-0.1671759423304805,0.98309206980201969,-15.700113979509602,22.735327465787691,-2.496122456102416,,0.2230059001558119,0.25,False,6
0.29420525290266819,-0.95278265218135616,-0.075156416005149732,0.95401245364543608,0.28803433266303025,0.083044936611319981,-0.057476146825377619,-0.096132413418289375,0.99370772948411945,-10.957955688334192,-19.163498186519146,-0.13181730467746816,,0.8568472822648565,0.8181818181818182,False,1
-0.21757400700129217,-0.97012259591167038,-0.10734849965883751,0.97076665668600426,-0.2265062710874286,0.079416669690597533,-0.10135901412345555,-0.086931341066786974,0.9910445460201327,-37.170206054687704,19.375034950958891,-1.829297758097004,,0.7698610501725016,0.7636363636363637,False,2
0.97641049943808111,-0.21335821527641033,0.033178435182243227,0.20893732363310916,0.97237025882787709,0.10412144130793036,-0.054476888495129314,-0.094733055060376617,0.99401102453585344,5.5955174763381708,-17.840443188406681,-0.40921994474237983,,0.2677926146181485,0.2307692307692308,False,2
0.98381041896238519,-0.16633721135644691,0.066700762058734528,0.15990293109499512,0.98280021603101908,0.09238391633077038,-0.080920406377405593,-0.080222612071299701,0.99348689993586359,-7.5816185055743102,-11.296669976788571,-0.55969499567573755,0.2013912275429576,0.1993109603151014,0.72,True,5
0.98084957882031265,0.16708303515899453,0.10008677779843626,-0.18391679764981714,0.96368125691422923,0.19363121291374341,-0.064099261074146485,-0.20833073329268878,0.97595573172940531,-14.624362195842231,-12.318015862201479,-0.38444618844471695,,0.09965225425973136,0.15,False,1
0.8634243795754406,-0.49475409596828684,-0.09857345117915732,0.49780007048723351,0.80388333202340634,0.32552523453313392,-0.08181338874335764,-0.33013629460807514,0.94038109105020795,7.1010718467177938,-8.9528873375232685,-0.79442310202652344,,0.2573942687957971,0.2962962962962963,False,2
-0.39968040161936663,-0.90512604242284411,-0.14492213043335478,0.91663631963454761,-0.39564316055915549,-0.056959169846428889,-0.0057822217368298547,-0.15560635215415455,0.98780222164209786,-7.3319364320996856,20.798506386476753,-2.4016062711547943,,0.3030600417391525,0.25,False,1
0.90917311661846589,-0.41108922894588074,0.066407001610866614,0.40177481807131077,0.90789406887842372,0.11960499679839481,-0.10945884880643245,-0.082060986711471134,0.99059818033242397,-6.611427112902815,-14.048498104791815,-0.40955420422893407,0.3634904444039731,0.2162428236042647,0.8563218390804598,True,6
0.99738717874516192,-0.0007315781583834809,0.072237666547061929,-0.0046311439273781846,0.99724438657448145,0.074041785173034724,-0.072092774816137017,-0.074182870253745856,0.9946353772012263,-14.557302388817705,-10.887139394068535,-0.44883218588123808,,0.08318760896662077,0.4210526315789473,False,1
0.57330506781160817,-0.81616675881200285,-0.072063312662111592,0.81614392576288497,0.56109087244039912,0.13815254360458845,-0.072321446762861438,-0.13801758827910873,0.98778578328691524,-14.230855475180638,19.057766131053782,-2.2385194661478827,1.067214723767022,0.666248043690621,0.6336633663366337,True,2
-0.006436814775231961,-0.99942219445090263,-0.033374311296143086,0.99940637549612543,-0.0075591336081378899,0.033611844888257095,-0.033844704655932374,-0.033138146267358268,0.99887756968945729,-8.3904044342847683,-22.552699405190712,0.020518981006045729,,0.07190298349738024,0.5333333333333333,False,2
0.031484970593273286,-0.98464021209540897,-0.17173336702996461,0.99808043796726409,0.021804858045913658,0.057965399271214857,-0.053330441342768875,-0.17322875307034152,0.98343665944273195,-8.4612613591410657,-12.892837945601819,-0.46780376051811662,,0.5021059236103684,0.5783132530120482,False,4
0.64159090623118376,0.76051916504165495,0.099858443037094957,-0.76493816709406859,0.62473488524541998,0.15676710012039874,0.056839331138001332,-0.17696588021914425,0.98257435732571852,3.6972828829268689,-13.70189622679583,-0.56940518816586005,,0.1471120961596765,0.3125,False,2
-0.61067944218039372,0.72796524635569926,0.31166844401788402,-0.78840049617934371,-0.59577046223868158,-0.15323907448190721,0.074130132351204484,-0.33929950843199475,0.9377529349756254,-3.0877287174598487,-26.140521020055978,0.043065837844768487,,0.4282421158783697,0.3125,False,1
0.60621582463837376,-0.79528856342515397,0.0042982372167966534,0.79185579165128339,0.60408398434191124,0.089704766260891897,-0.073937670955583124,-0.050976864818827607,0.99595912570090317,-16.065722026193605,-14.923514848345429,-0.24339334187706521,,0.6217708707762577,0.6521739130434783,False,1
0.87328435692834172,-0.48486974036344122,0.047704997894785911,0.48047589226785453,0.87329848748270955,0.080577097923792029,-0.080730099056430984,-0.047445617714397356,0.99560612918263913,4.2934062437148777,-14.445410114783865,-0.52114749681791328,,0.1016782197282214,0.1764705882352941,False,2
0.68924806626715795,0.70388873786579531,0.1716908496475032,-0.72417617671928869,0.67665040329603643,0.1330905586115895,-0.022493737333256832,-0.21606683323686895,0.97611943703410298,-6.4942180945668246,-25.195624743294477,0.022183708673860408,,0.3298181676122995,0.5555555555555556,False,1
-0.81937505502250363,-0.57322765261266528,0.0058802624977843596,0.56191115138512338,-0.80514543982052944,-0.1897279069753609,0.113491749285639,-0.15215412914666404,0.98181909933943845,-1.4585497362617996,-17.758976780491988,-0.42930522158711559,,0.4956564816219203,0.8613861386138614,False,2
0.55503753058710492,0.78231169075438711,0.2827043652807314,-0.83177990464323093,0.52552176681549689,0.17879894528440671,-0.0086907923382382526,-0.3343879350576679,0.94239544726001478,-9.8696151986657785,-17.963712663132121,-0.18793163541521365,,0.09444454807102096,0.1666666666666667,False,1
0.95891689545778935,0.27221397301887862,0.079862009108662965,-0.27749180759711817,0.95855279897949908,0.064612911132771747,-0.058963415115467606,-0.084119465415827904,0.99470962155599774,3.4158382957984736,-14.649650646430043,-0.52285169021818134,,0.06518469395142959,0.3809523809523809,False,1
-0.38269442639644352,0.91061537476949173,0.15596350611125004,-0.92154742917806309,-0.38822714373260891,0.0054791098292777292,0.065538628154684864,-0.14163094330914114,0.98774762167112473,13.337819435890017,-11.789543251255921,-0.91144590477961562,,0.5946898509528874,0.8085106382978723,False,3
0.98832009306075419,-0.1474506826276748,0.038492724572512037,0.13223643137580388,0.95533611600044444,0.26428475491820913,-0.075742457508156169,-0.25610779304390235,0.96367623114446854,22.947158506856052,-8.1846932769423404,-1.5103341143638163,,0.2028618135881215,0.25,False,3
0.22935809447993835,-0.96774965296958559,-0.10418960444199572,0.97020704261598079,0.2187212946754919,0.10420791579256293,-0.078058689169655818,-0.1249864169929055,0.98908302816921867,5.8811900079739745,25.116055634709284,-2.681777573896039,,0.6642142143067483,0.4,False,3
-0.33691801795690368,-0.92952970241478883,-0.14986921466620895,0.93615993603427428,-0.34770646414496442,0.052007585563169173,-0.1004530902476144,-0.12277926176875803,0.98733703948511131,-28.148849435780633,21.744510957205701,-2.3426923903783226,,0.226427558114899,0.6666666666666666,False,2
0.1819619734567213,0.95794961618954655,0.22186115716374347,-0.98315939329403079,0.17335316460843994,0.057847106219337058,0.016954279502464441,-0.22865085427904891,0.97336084739628426,25.289085409077405,-5.1874837787638679,-1.7317293288049789,,0.3426315573269466,0.1578947368421053,False,2
-0.57764696203138788,0.80796069846557894,0.11629057137585319,-0.81304547668542126,-0.58216768388450069,0.0061514780282756303,0.072670765079806882,-0.090996140443264317,0.99319618521576369,-29.638988387380518,23.564213111823531,-2.3021814920636405,,0.5381199012533784,0.7894736842105263,False,1
0.97781238832946338,-0.20882791985001808,0.016547903811222564,0.19433287536816957,0.93375737172327467,0.30055266477538001,-0.078215514960719157,-0.29066831723384817,0.95362165588658543,4.5917447828925857,24.644330419629359,-2.6222276312260346,,0.6544384636534528,0.3207547169811321,False,1
0.30584811861953759,-0.95203911210077408,-0.0088576163419002013,0.9503010688443092,0.30469482999079145,0.063944813161404393,-0.05817909324021435,-0.027974803078013942,0.99791412631673559,-1.9591955011352395,21.888007997301681,-2.4683349309893372,,0.7869449639341443,0.6857142857142857,False,1
0.91893801974751588,-0.39430879868338209,-0.008572464253818371,0.39147624521476393,0.90926319003269362,0.14137468190634322,-0.047950654792867337,-0.13327048635177258,0.98991904324166713,-7.2193847757256968,-22.827645754728195,-0.030341163027441116,,0.3329809768824628,0.525,False,3
0.96093716123134976,-0.27502480952818298,0.031002037168903672,0.26541683491470669,0.94747985932901368,0.1784259507743528,-0.078445368942307012,-0.16322766404583258,0.98346482081549125,19.793322149059897,-8.5858928251672086,-1.3164348531760008,,0.1380667267260944,0.1818181818181818,False,3
-0.99337288594656958,0.067203370224999143,0.093241710068962327,-0.086860779299146845,-0.97022100650720966,-0.22611148478500886,0.075269611967430858,-0.23271206578632342,0.96962857834932525,-19.301707956860213,25.548123721358973,-2.7143048105358498,,0.2903574062418164,0.1538461538461539,False,1
-0.70002351098412152,0.67763100995643355,0.22535149969522705,-0.70942660544700309,-0.69600872086061494,-0.11084111137079555,0.081737234804010517,-0.2374617334043426,0.967951935591432,8.6459538299511109,-16.596086878816081,-0.52921617258424181,,0.2681890692299242,0.1666666666666667,False,3
-0.026436448823734186,0.94663312330832883,0.32122709105725877,-0.99286247065323985,-0.062248575080340873,0.10173116173922042,0.11629801607050028,-0.31624491261676524,0.94152213287956232,-19.05478919401757,23.754216036313565,-2.6017484342891084,,0.4951526870125762,0.2564102564102564,False,2
-0.49599896085908429,-0.8649128147850168,-0.076882076242565059,0.86738530354600307,-0.49763130402333533,0.0024125605572550071,-0.040345582399023881,-0.06548975550949615,0.99703727407965548,-22.189854234008013,25.532806490487339,-2.7319046385072121,,0.4165401882076679,0.7727272727272727,False,3
0.55357668780548375,-0.81776732365711635,-0.15751017451893928,0.83071655501361763,0.52886233747967115,0.17382356923571909,-0.058846035929504291,-0.22707098527600367,0.97209871499820844,17.838892887158011,-11.049031256540973,-1.128607801497634,,0.500876070530685,0.2195121951219512,False,4
0.99182429568545083,-0.11264386674703365,0.059966038491260532,0.10269072383514496,0.98349429976275304,0.14897509044261464,-0.075757387271953774,-0.14159915825472899,0.98702102138469094,-12.410489442086845,-10.985434153946628,-0.44672421733987405,,0.07805358646707028,0.2903225806451613,False,1
-0.50303942569279969,0.80860685609634708,0.30513323069217041,-0.86122670797715983,-0.49856160938458327,-0.09861480170176809,0.072387109801974298,-0.3123960209763198,0.94718996638091613,1.8405448586295934,-9.8839437818126736,-0.84433664443783818,,0.1315005130910555,0.2,False,3
-0.25355298763874312,-0.94833515777648636,-0.19071263981318742,0.96665784730542148,-0.25570763811713576,-0.013645880382170614,-0.035825810560489293,-0.18781382359561025,0.98155105774691165,16.266899160517809,-4.4746213693947778,-1.2732610802096835,,0.6648699527630049,0.3333333333333333,False,2
0.9152472988523046,0.3871881881188059,0.11138980619803167,-0.39980550368156215,0.90699209753570509,0.13236651477512343,-0.049778922944267286,-0.16568235267842113,0.98492203592033156,-22.239302559792133,6.7245083737052198,-1.3809108138969761,,0.1634121023544581,0.2142857142857143,False,2
-0.15919975770323461,-0.98404760368575095,-0.079408757876967301,0.98463307038822157,-0.15241525772397932,-0.085248495064701946,0.071785470988877456,-0.091760028842979083,0.99319028552520638,-9.9100564304668186,-12.343841715507036,-0.44821690020305116,,0.2434177548635632,0.21875,False,2
0.42995740741992144,0.84013956412772928,0.3306087424615517,-0.90284396740864115,0.39884795784135296,0.16060223236184043,0.003065667719129167,-0.36754022815611787,0.93000257116224405,-34.292168988084732,26.774199642547476,-2.2138807148899624,,0.3639418109220904,0.1904761904761905,False,1
-0.4109291751551617,-0.90304014564186352,-0.12512277316868009,0.91166560757626525,-0.40730198041303928,-0.054506116300980741,-0.0017415421035649192,-0.13646828243492531,0.99064290989254222,19.488719846983958,28.918646424781898,-3.2215519599354039,,0.3774999790894003,0.3333333333333333,False,2
0.99676514040085662,-0.050027075165897994,0.06290108609560309,0.03260417367077463,0.96705661294323741,0.25246479996625104,-0.073458986794719905,-0.2495972738494929,0.96555941202289286,3.0493933247078773,-28.218712800194453,0.04835845353047552,,0.2293066211877116,0.3043478260869565,False,1
-0.7590377349117815,0.62849201813648958,0.16988084094068279,-0.64617580799506658,-0.7591186326602708,-0.078712938643672292,0.079489258028452817,-0.16951898031407026,0.98231602510157756,20.24510300422412,-7.6353294130189759,-1.3648611918390339,,0.2512088301901404,0.21875,False,1
-0.12715405632516946,0.96550239837665253,0.22723768325035368,-0.98529577781811217,-0.14930946661812189,0.083059697760186846,0.11412307467754829,-0.21333495238039263,0.97029074092201817,9.6376032202742365,-12.004569591666273,-0.74111436597354707,,0.3902218731319024,0.75,False,2
0.3980556402900694,-0.8894403064683114,-0.22460553969752997,0.91515892856647996,0.3680584565933035,0.1643688169793997,-0.063528282664612259,-0.27097769974614377,0.96048698249480391,18.342201327824405,25.352488127090545,-3.0045967649552616,,0.4426992726868661,0.2,False,1
-0.15232375897061787,-0.98592069325673204,-0.068977235818969362,0.98823580453552617,-0.15097088861782665,-0.024449650794323922,0.013691862075033711,-0.07189003684870629,0.99731858275819252,28.353302014766122,27.332238372596329,-3.3316813399484575,,0.2953788780199526,0.2857142857142857,False,2
-0.55300584068094816,-0.81536404883200653,-0.17136513077354965,0.83313409591895116,-0.53905808428603241,-0.12370917501618522,0.0084922547106490581,-0.21118202962882618,0.9774098587449277,-30.486778053946786,20.051858543154797,-2.1861458908947977,,0.2898466982269209,0.4,False,1
0.63642534172726883,-0.75990747771402078,-0.13230045246198113,0.76034478501243896,0.58920238091178712,0.27334293887398992,-0.12976360164436535,-0.27455633236586829,0.95277501439011625,-0.68641246664110267,24.042920903774071,-2.6134070877675377,,0.3401630127143333,0.1538461538461539,False,3
-0.50421371903515211,-0.86340207026966875,-0.017475428200467921,0.86357669331870346,-0.50415498076896215,-0.007940410731204238,-0.0019545571042230564,-0.019095036525135653,0.99981576267161809,2.7526382344311817,29.993831595232987,-2.9990669965028749,,0.1435011767311924,0.3125,False,2
-0.84019893240889187,-0.54180119200204924,-0.022742522378088353,0.54077259558349933,-0.83400572521030336,-0.10954200190941199,0.040382593339761033,-0.10433560591473542,0.99372195683378228,7.1632814596933905,25.177226739937534,-2.7046597501817033,,0.1445833563040104,0.2307692307692308,False,1
-0.13156943409857863,-0.99054821881054822,0.038777702642523795,0.99091076159185831,-0.1303103371606823,0.033392792493503513,-0.028024035619886159,0.042818713669627362,0.99868974721244419,8.8472441979307206,-8.2264916889625237,-0.87403554751823898,,0.2274537651495386,0.1,False,1
0.42997455331623868,0.89833832276580772,0.090056323213960329,-0.90283110628034491,0.42735834409890117,0.047548283477479539,0.0042281240651986067,-0.10175020186398318,0.99480099486657603,8.4181040255589927,-12.969031197952857,-0.65652336420486435,,0.06571044369793816,0.2608695652173913,False,2
-0.32467333413989463,0.91787720484368995,0.22822940854942098,-0.94576361661354325,-0.31783456086459294,-0.067174201968324534,0.010881525102399731,-0.23766074296851308,0.97128727144089533,15.913480785820074,25.24040282799405,-2.910446697100431,,0.3811547364734138,0.2222222222222222,False,2
-0.53476716272923153,-0.84226375542922849,-0.067940032063431632,0.84499888912289489,-0.53312866849646068,-0.041841369579212986,-0.00097930975749391247,-0.079784642115154625,0.99681164310764137,-24.669717455871975,20.311467390705378,-2.449387264056857,,0.7054602367231344,0.2835820895522388,False,2
0.95604302180361123,0.24457677859138155,0.1617527119849384,-0.28735581106286812,0.89128893795086961,0.35075727638184784,-0.058381318150769392,-0.38181962817575671,0.92239112811795065,-7.8259482395050561,18.925176549826048,-2.2881776318840847,,0.4708315374761796,0.1967213114754098,False,1
0.67304346397412895,0.73421558823366628,0.089106484592290675,-0.7394888123003992,0.67015420769959499,0.063636737699792237,-0.012992000779318256,-0.10872353883689809,0.99398712266232681,12.994433584605988,-22.789824041145934,-0.4410093777120086,,0.1480340748064807,0.45,False,2
