axis_00,axis_01,axis_02,axis_10,axis_11,axis_12,axis_20,axis_21,axis_22,location_x,location_y,location_z,dbh,dbh_approximation,score,reconstructed,number_clusters
0.52512602149112875,-0.85078243341176107,-0.020295628860903539,0.84848025559045215,0.521564487431049,0.089731495718878646,-0.065756501017456698,-0.064340783712571403,0.99575918078880521,-6.8564038395654299,-14.209468146161386,0.2539807708787763,0.1592129188935523,0.1466262211066229,0.2439024390243902,True,4
0.88357111132146682,-0.46779922459744294,0.021586493559158777,0.46284030258226339,0.87936361587314638,0.11179662510140841,-0.071280751565254125,-0.08878916907222964,0.99349662199312772,23.150716834912124,-4.5675058813810363,-2.6182388676546489,0.524805018697312,0.3914347458557622,0.8867924528301887,True,5
-0.57954717064343764,0.76232438142978531,0.28807397396655088,-0.81204840097096265,-0.56995275632693687,-0.12542428008894407,0.068574568753209497,-0.30661929657642595,0.94935880229094027,-11.653988002145667,14.742156297978086,-1.4842603372532399,,0.4723290626379709,0.2957746478873239,False,2
-0.92370045273399448,0.3747694762269162,0.079531838326648396,-0.37578419492609216,-0.92670417443294595,0.0023689517303429261,0.074590297376818729,-0.02769860605074893,0.99682951138099996,-0.66077150901558901,4.0346997506081719,-1.710154292507126,0.1479377880668289,0.103173153196985,0.4565217391304348,True,3
-0.73519439126186215,0.66833173801687107,0.11323380686195011,-0.67407424723134679,-0.73844130371104355,-0.018120435784727967,0.071506057621672559,-0.089650035877761436,0.99340311796899605,-0.28696100751382769,-5.7154840106162883,-0.89175278186930163,,0.07781008631526744,0.288135593220339,False,2
-0.88067270147021093,-0.47104454189049433,0.050325266420916344,0.47161290953366114,-0.88180543939367628,-0.0006562140819814169,0.04468619973052896,0.023156135491503624,0.9987326654028813,-0.96175211207171096,10.194879094959367,-2.2439805122871865,,0.1246892430081804,0.3428571428571429,True,4
0.11472388626103636,-0.99285769095115717,-0.032741952298254377,0.99338826911635314,0.11451904487757729,0.008070634568818319,-0.0042634144978842495,-0.033451365883380629,0.9994312529720869,-7.6621950043493996,6.9039707407853523,-1.4768661476466509,,0.4031138509641969,0.4177215189873418,False,3
0.81743132412377795,-0.57602494660269266,-0.0011363241667036381,0.57100566229036864,0.81004547256881598,0.13333741411584865,-0.075885202599614038,-0.10964302650934384,0.99107004937304344,14.083032608939561,-3.255027139959493,-2.045055038023166,,0.09022878682737066,0.1538461538461539,False,6
-0.19737445965948974,-0.97677239430749541,-0.083420695231622238,0.98017249087898894,-0.19814378629404247,0.00096336760350406586,-0.017470283289147931,-0.081576526475841044,0.99651395350488359,-13.31781541727414,-0.27681819766007376,-0.17767540876056293,0.3606163544854377,0.2179536581008068,0.3312883435582822,True,5
0.97468930908280405,-0.21346343840900683,0.06643877800117419,0.20885553562712075,0.97543769942608305,0.070004712528930646,-0.079750335407405254,-0.054356738321517141,0.99533171807264909,-12.421031065148382,11.165770574134326,-1.2534441488276746,0.3969583946935857,0.2937328622413513,0.8095238095238095,True,5
0.99026400892867039,0.11714198975698806,0.075199380690873716,-0.12925204216802935,0.97433814284211062,0.18427993107872642,-0.051682707126380158,-0.19220545683918533,0.97999283678266147,-4.4031288274782909,-5.3318571320562649,-0.64678603176539129,,0.5382119169703008,0.4366197183098591,False,4
-0.36973667810059468,0.92189324436370901,0.11579134192025624,-0.92762042701641445,-0.37337216437358378,0.010656934496958044,0.053057819866859909,-0.10347015447723074,0.99321638875092844,-16.626466095643075,15.719725353691528,-1.0076321159901269,,0.2124371122939899,0.7272727272727273,False,4
0.45520573907804696,-0.88222804312220449,-0.12025562373200552,0.88767172432941133,0.43912147302153792,0.13860462386747177,-0.069474059449966805,-0.16984113712572554,0.98301950296185991,10.832431089782588,1.2630287545621481,-2.0562908633009793,,0.2596239989959546,0.3928571428571428,False,3
-0.12135789629961172,-0.99247179921817474,0.016492081808278509,0.99250699291457289,-0.12109072034978648,0.016337272135859015,-0.014217243804760898,0.018351163500117746,0.99973051607760155,-18.747935054870535,-10.937148854034923,0.99908746160683315,0.768907188977901,0.7035405127801585,0.9716981132075472,True,3
-0.55846370997368588,-0.82801528052390005,-0.050089718120119989,0.8285689365533544,-0.55389530393232544,-0.081691551953427144,0.039897393665121399,-0.087124551652464244,0.99539816680466453,-19.30833479287385,6.2982364081627056,-0.028899501975863193,,0.3223603417103676,0.15,False,2
-0.95035287807171953,0.30307747707251614,0.070522691611695137,-0.30185694558355186,-0.95295299639403175,0.027621930899297834,0.075576395413967684,0.0049628172438087783,0.99712766429441568,-15.870703966658661,-12.948453079751125,0.85437125741210362,,0.1102856754590194,0.1904761904761905,False,1
-0.98436429349560339,-0.16341226869612066,0.065752324145140401,0.1635799069894395,-0.98652593460295712,-0.0028625836385377246,0.065334154316307097,0.0079379339470802886,0.99783186834477489,-7.2101092470885222,16.954115235437254,-1.8757367918146119,,0.08976862045649171,0.3611111111111111,False,3
-0.76031393964557581,0.62847981729445934,0.1641213954185943,-0.64590793527062529,-0.75825303324582904,-0.088629999029319423,0.068743380299932447,-0.1733939353813235,0.9824504521032682,-0.42517607948004543,15.462045427546999,-2.4629682221799429,0.545191597167232,0.4954336468678299,0.7890625,True,5
-0.81099402363369044,-0.58266163611075661,-0.052859355228506565,0.58433098807134465,-0.80218671378094919,-0.12269381652262479,0.029085907412410066,-0.13039131120614469,0.99103588025456413,12.941536561381989,-5.9902928503306914,-1.808643708358681,,0.3607546746347441,0.2777777777777778,False,4
0.86772366480489382,-0.49365523593164301,0.057966797175949436,0.49129015213649957,0.86951934818589471,0.050696050576661301,-0.075429622505079785,-0.015511646194076984,0.99703047139046375,-4.1026485132976171,2.8349572893120043,-1.2895037270534626,,0.07673899412293159,0.471042471042471,False,1
0.85931485606100533,0.50264405737772555,0.094482430830874459,-0.50834846576269666,0.85971216657751715,0.0497677405083213,-0.056212236297497095,-0.090796157525794743,0.99428177206915813,-8.34473262248064,11.041399573820616,-1.671425791573993,,0.08089294322889876,0.3076923076923077,True,5
-0.086287031243002715,-0.99606439207500408,-0.020255248197027349,0.99618445892476282,-0.086528675941041203,0.011371545043185438,-0.013079450907739943,-0.019196746603119881,0.99973017003780029,7.4029669689705804,7.6114672440346398,-2.6380987206486508,,0.121061384758106,0.375,False,3
0.88685780017388327,-0.46185565306710846,0.013137655829510535,0.45500159983797095,0.87793519284671062,0.14900785652473256,-0.08035413129159541,-0.12617112542560202,0.98874873486301318,-35.804949146905116,7.1025327242766796,1.7230758534654922,,0.2849938108236235,0.1052631578947368,False,3
0.99456156196777878,0.084981391517740465,0.060211814056041764,-0.092495625167332438,0.98643912331331429,0.13558176618470097,-0.047873361915737357,-0.14041374253457919,0.98893484220464012,-6.0794430207475418,11.55315243521547,-1.9370081057118274,0.3124591882245099,0.3692189699590718,0.6650717703349283,True,5
-0.51106816974861435,-0.85507615444648699,-0.087487690373042964,0.85953904830637862,-0.50857863586457097,-0.050402337036067592,-0.001396533696947734,-0.10095811626184432,0.99488969662696447,-10.999592044813035,-8.9804185592575205,0.31571004626174687,,0.1552952325167231,0.4333333333333333,False,4
-0.64058336155074858,0.7540049710475929,0.1453597624511733,-0.76550511144227995,-0.64195236271410938,-0.043578530970136954,0.060455613966657627,-0.13918932301470252,0.98841866185267035,0.81192965905730519,11.930491217078645,-2.5110699629840116,0.5528228806958345,0.2440744175657822,0.6785714285714286,True,4
-0.826217672960748,-0.56163633282129077,0.04392022930699286,0.5618459154087273,-0.82719735364865787,-0.0085851881276174449,0.04115245103096267,0.017583167283218286,0.99899815215166177,-16.78813714763638,-8.3304340600238085,0.73910073489639572,,0.0779558488002807,0.4285714285714285,False,1
-0.90864706948617857,0.37480393095556919,0.18407204147950335,-0.41169725100401006,-0.87777657285291455,-0.24497685945070935,0.06975583581264215,-0.29837945889562223,0.95189485862632683,-17.810654935569147,13.522518948594751,-0.79585243755465751,,0.3219544687174397,0.2413793103448276,False,2
0.96120116296027525,0.2666966585718048,0.070464293301275904,-0.26959311755771059,0.96232927831292558,0.035240758607579775,-0.058411259953270081,-0.052870146664799895,0.99689160509170383,-2.1274469643576484,4.5929696386818319,-1.6532836939079516,0.2360238649121711,0.1518970840087313,0.6814814814814815,True,3
0.73401905002132473,-0.67910445572841183,-0.0057595499485004267,0.67538124725818305,0.72905254602858105,0.11109705658218119,-0.071247491589337714,-0.085437247960481993,0.99379287157997165,10.188407252563451,-19.431822638784638,-0.67722352189398594,,0.2229718043027399,0.2916666666666667,False,5
0.27120647609864074,-0.96247209812117829,0.009721505046821545,0.96125998291449144,0.27135416750530666,0.048437186383344655,-0.049257411314343177,-0.0037915848559491594,0.99877892013943259,-0.43156099441743467,-10.803119472396141,-0.47725245513693665,,0.08573520393509898,0.3055555555555556,False,5
0.98503835696938968,-0.17212218126658174,-0.0085667972474216605,0.16887482601530537,0.95415423009280942,0.24712547083272804,-0.034361729254285392,-0.24487478414902403,0.96894561852078331,10.682674343165992,10.438473521140073,-2.9716978763596393,0.6136987560332859,0.3960145810752254,0.3207547169811321,True,5
0.42270960413805231,0.85442005217055883,0.30213070849933393,-0.90626307407353157,0.39924655521635727,0.138886387809115,-0.0019573298757919466,-0.33251851466757559,0.94309469633914567,-1.8715528714038028,5.8766095851246627,-1.8117865284759989,,0.1029393461288342,0.1851851851851852,False,4
0.080108976651436639,-0.99593156785769688,-0.041265772795025135,0.99469617488623496,0.077193060820951537,0.067976106300573713,-0.064514118815601859,-0.046492402665424148,0.99683317810345973,-11.756479543105167,-7.3059262636352438,0.26561354603331555,,0.1437777785976055,0.2432432432432433,False,3
0.98848978667130261,-0.14371018767393501,0.047279209016685288,0.12817054156621771,0.96153255287163997,0.24295567917372851,-0.080375704794070191,-0.23409940565252957,0.96888452064835229,1.4276157762242656,10.078123932622711,-2.4228413800512865,0.7970911319239117,0.4376371461367602,0.1111111111111111,True,5
-0.27586209357082575,-0.96071168497570836,-0.030547727932787955,0.96109739875360078,-0.27615213072750711,0.0056383334168508756,-0.013852632954881252,-0.027803939393412393,0.99951740630887675,-13.399292702680798,-7.2967306194580477,0.42975865171294586,,0.1802925396829573,0.36,False,2
0.87443979863065369,-0.48175653276547092,-0.057146143426948355,0.47865451996694569,0.83756627455929078,0.26338676169481934,-0.079024610634881448,-0.25766912670838593,0.9629962263972498,-25.235166528951652,6.7031807353232162,0.55898046740996321,,0.2591730343342094,0.2666666666666667,False,4
0.81353021360156474,0.56515926844007691,0.13698026446779826,-0.58081635681468013,0.77807210803151639,0.23928258265054184,0.028652246228058099,-0.2742239887385276,0.96123891555971519,-36.710499147607976,6.5115235211708979,1.818226868391976,,0.3788136272303,0.1944444444444444,False,2
0.7285836669580722,-0.68495680079483146,0.00014590009874710513,0.68123170695080526,0.72464346303376848,0.10399621592788844,-0.071338640909547987,-0.075670552577190617,0.99457768212736497,-24.492053194578943,12.51815463541983,-0.094817883610599493,,0.2550276440957294,0.4230769230769231,False,1
0.98282356501616397,0.14378197280748534,0.11569176437632001,-0.17320513516124067,0.93504762583376444,0.30933140573892137,-0.063701029840142531,-0.32405660264563102,0.94389061711571065,-21.467482171971916,-10.717177923585508,1.2288388989713266,,0.324247931186269,0.1764705882352941,False,1
0.24235756508234829,0.96588321922263209,0.091282076397729728,-0.97011382118424216,0.24010869363873658,0.035028405422002501,0.011915728876749035,-0.097043402986627336,0.99520881896319202,-2.7202316839142044,5.3569859223689296,-1.7125551369159593,,0.0724147576941723,0.2439024390243902,False,1
0.88884449274074295,0.45127410612275393,0.079417560196470616,-0.45604361942988836,0.88808535093360963,0.057694251311670677,-0.044493650128277981,-0.087499089139468411,0.99517044997227744,-18.90206393572798,16.358415092349912,-0.78662647996425872,,0.09427173174801791,0.2,False,3
0.8000731710418989,-0.5994773377969298,0.022579691026795815,0.59553305169223159,0.7982175590613737,0.090493716622977005,-0.072272438184261031,-0.058954642514456784,0.99564102205809812,-13.049261770789867,9.5770613138533101,-1.1195017127031128,0.4148030564854991,0.4393878052107292,0.8902077151335311,True,5
0.82133637173583429,-0.55960090651372052,-0.11069503102143952,0.56557260376235208,0.77353683522624306,0.28595173442670663,-0.074392165832760648,-0.29746863696394998,0.95182887941347982,-14.683230478857782,-13.053410245081571,0.77943216215646072,,0.3409579810529614,0.2,False,1
0.71482284178907718,0.66748136438672423,0.20855918357393249,-0.69859635769822004,0.69502896956255622,0.16999370717644907,-0.031487042848904787,-0.26721407085939325,0.96312263314044422,-35.32295172012131,5.7975513861226657,1.752682339471622,,0.1150450742876194,0.1333333333333333,False,4
0.728674175244026,-0.68410930889442478,0.032068673443599413,0.68113604156661989,0.72879327890773093,0.070100281724652366,-0.071327688953138443,-0.029237135682419028,0.99702434809070417,3.1688538603704215,4.727521791090723,-1.9565596069033997,,0.07234375225005953,0.358974358974359,False,5
-0.94184622194371981,-0.3301853638348704,0.062476553358647366,0.32228789006191005,-0.94019214948504082,-0.11031426909580469,0.095164122072259577,-0.083763641014067788,0.99193116813329507,-14.493429330073957,-3.8148789398665359,0.18167842464427711,,0.1931176455876885,0.3369565217391304,False,5
-0.18909451564355953,-0.98159369741405722,0.026778299993245734,0.98174309985991459,-0.18841097382577857,0.026111124438981094,-0.020585189602571732,0.031226881673045624,0.99930032113974832,14.929916132853648,0.9754747411281427,-2.2969685722537125,,0.08162114823678752,0.4210526315789473,False,5
0.64353087106680784,-0.76533043286552294,0.011719492901469772,0.76241163737372197,0.6422825006665287,0.078750774819500269,-0.06779758978840307,-0.041743476944579735,0.99682544557784092,-14.492008733185758,-14.828286790585581,0.88089421379194233,,0.8886932187763692,0.7608695652173914,False,1
0.9096023542585342,-0.41533211999282377,0.011080939924036762,0.41209944126071058,0.90527586415226569,0.10319719131827464,-0.052892415712875729,-0.089301959024631866,0.99459919187299795,-11.914592818108416,-3.6965099010143394,-0.12086070112494342,0.2894133689551756,0.1797929573407557,0.525,True,5
0.96275486263284671,0.24122229481629867,0.1221264875461808,-0.2604139404167693,0.94877784537413556,0.17889991549417922,-0.072716257559228767,-0.20404020341778684,0.97625813250175197,-15.363589695854277,25.43129694051698,-1.3340024884682822,,0.3386042416627207,0.2592592592592592,False,2
0.48576039278863203,-0.8565245826285155,-0.17436306991699893,0.87202969649126172,0.46117979402774739,0.16394330122905748,-0.060008742989592204,-0.23168693733909729,0.9709377497199484,-21.564295066458989,16.379471714672359,-0.45714065446609325,,0.5036330587789143,0.2222222222222222,False,1
0.74423285138875339,-0.66787622181979756,-0.0076691095622725344,0.66531427947364152,0.74026697638676209,0.096755946585571795,-0.058943807496927569,-0.077111322118825779,0.99527858992286744,-19.662831857745619,13.743208434355251,-0.58605795620343482,,0.1877039113078625,0.5510204081632653,False,5
0.77181818567269045,0.62447893878645377,0.1196776640691978,-0.63584292679190069,0.75782221813910211,0.14631902864439575,0.00067875888549116803,-0.18902788341108476,0.98197148562445513,-26.956171966694122,2.1046293238772913,1.1216957636291269,0.7232498800897882,0.3134683604786938,0.7166666666666667,True,3
-0.60372410426034084,-0.79531308627443875,-0.054720204090227993,0.79249933821231555,-0.59131587764624038,-0.1492994701145936,0.086382896849381149,-0.13350141438982507,0.98727674311098068,-11.544163453294228,-21.671366880888073,1.0135821437344033,,0.5098336429398416,0.2352941176470588,False,4
0.8372495971115359,0.51298082249348809,0.1893773690029385,-0.54517289426799287,0.80993673798518728,0.21630764160651766,-0.042422016595519085,-0.2843468941553931,0.95778244726668005,6.3456345103080078,1.9903026211375479,-1.8693041879593206,,0.6317015432712281,0.2525252525252525,False,1
-0.80519905830341487,0.58544992645598248,0.094354968708477385,-0.58837678183891962,-0.80857690820600514,-0.0040182221060533971,0.073940781035702244,-0.058751741495054056,0.99553050870936555,-5.932738892539299,7.6505650429493004,-1.7685943813686984,,0.09144006322116015,0.5128205128205128,False,1
-0.74254407242692733,-0.66945855997931025,0.021296407538912175,0.6690097280875541,-0.74283741603565967,-0.024870807419189594,0.032469743267421254,-0.0042201668087414809,0.99946380923185763,3.5834655832248443,22.172547791649077,-2.9248099519259214,0.3126530641383855,0.260197032620615,0.4615384615384616,True,5
0.24475894665665701,0.95607361149112968,0.16129571426988693,-0.96955580939624342,0.24007374325933703,0.048229972666861319,0.0073885382532643575,-0.16818991410830567,0.98572692075174762,-2.8214045998302058,22.997472994907213,-2.3563309495114551,,0.2243270508571082,0.6111111111111112,True,2
-0.14420399704692349,-0.98388023545993786,-0.10575863797812604,0.98573467737498233,-0.15219915633814976,0.071850975152708704,-0.08678912982701574,-0.093888759078245787,0.9917925931678544,-15.520809447390109,-7.4934804736439551,0.60707441096635728,,0.8163571260892452,0.7887323943661971,False,2
0.79493290300698249,-0.60659824878104085,-0.010965595864597909,0.59943132439006785,0.78249529284108477,0.16847315519546019,-0.093614993760937126,-0.14049797599011526,0.9856452463669777,-6.1291120436107951,20.326371451480245,-2.0526512054520363,,0.1909110924371141,0.3571428571428572,False,2
0.9948188208327331,-0.085170728481777577,0.055510906377501293,0.077796274740919824,0.98927191297083439,0.12364797549276513,-0.065446568690831458,-0.11868879145440583,0.99077228333744127,11.816090818478941,-3.8832931233740999,-1.8576654039186529,0.3035045867165193,0.237943373628736,0.4909090909090909,True,5
0.084754009143366782,0.99142043339056007,0.09951021148505429,-0.99611923032864602,0.081927636339292925,0.03216117804625733,0.023732612658377748,-0.10184982405252699,0.99451665468049211,6.0421343379609178,3.1846363018127741,-1.9330245290839048,,0.0683024126595716,0.2,False,1
0.99171872809469597,0.073422307658179406,0.10537138645943836,-0.082799051449845812,0.99271237849002292,0.087558270150145751,-0.098174749427958521,-0.09555782715627105,0.99057075478934276,-11.236656195237467,21.444772492830449,-1.6149527179858099,,0.1729731934346222,0.2380952380952381,False,2
0.98659879382800075,-0.16061860117848753,0.028713846356758433,0.14631054207417551,0.94877404483199002,0.28003756378583528,-0.072222193923298372,-0.27208358423214507,0.95955952285217516,-32.07602112464361,7.7285369122164269,1.2477305167626933,,0.1214267808117582,0.4666666666666667,False,2
0.99328471213614467,-0.087706337474858134,0.075452495010840975,0.067402698481237172,0.96873852656729231,0.23875205419362885,-0.094033807080550161,-0.23206306365075932,0.96814481231629823,6.2967653364573559,-2.8235273758248614,-1.5739775955611874,,0.2528336389782804,0.1967213114754098,False,3
-0.71583049485403005,-0.69789903436497092,0.022883191855049431,0.69765602379938185,-0.71619126833902991,-0.018604827636070548,0.029373033440053563,0.0026466936680298661,0.99956501535375719,-18.624874119017527,18.438154643018805,-0.87206183096125667,,0.1033219905693284,0.4444444444444444,False,1
0.6916258194227779,0.71377799559355493,0.11033901809522625,-0.72175266947315875,0.68873343106099172,0.068697489381520677,-0.026959414239574674,-0.12715043824305849,0.99151699735226817,-21.441432787206168,-9.0226561935064193,1.1527718589348885,,0.1547571483120809,0.7142857142857143,False,1
0.89307201719006135,0.43189240474057838,0.1260607902540429,-0.4474648953423806,0.88182747634787406,0.14884713431628654,-0.04687792175753653,-0.18933898881460925,0.98079213280202948,-34.931886656483243,4.4198814362611714,1.7473098434510022,,0.201423599667101,0.52,False,3
-0.97702339956885975,-0.20746103970159352,0.048838444906050084,0.20373053599851135,-0.97638267976306703,-0.071907797633155648,0.062603078172456361,-0.060305718341011949,0.99621487387947949,-2.6270685694929989,15.114810950939644,-2.2760801835041491,,0.08865067873042892,0.3181818181818182,False,2
0.43074155268313341,0.88798498547128435,0.16107259347787226,-0.90247478010337656,0.4240215990571744,0.075795480144666888,-0.00099301031572255477,-0.1780122161835006,0.98402777644736883,3.6955321393776939,18.881772886932435,-2.8631485121372542,0.5254322240811307,0.2450063326201688,0.782608695652174,True,5
0.20448512827843873,-0.95819261901476027,-0.20013179951867585,0.97802945314029166,0.19152461522980704,0.082320778368373954,-0.040548996326062639,-0.21256816936387088,0.97630453869181621,-9.2929290058237903,24.737820974736113,-1.8198308214371133,,0.4058572527771587,0.2272727272727273,False,2
-0.6266433770341211,-0.77873600053829928,0.029804688974845821,0.77908992654078679,-0.62691204215683094,0.00042161762823171578,0.01835658960550416,0.02348473683835586,0.99955565265456303,-14.963340286836122,14.394367995854758,-1.1048100621732531,,0.1207104690646496,0.34375,False,4
-0.9744902372765013,-0.2100888585997753,0.078939527139650231,0.19916484713646704,-0.97165973581956933,-0.12732133148908112,0.10345115329417895,-0.10835141567736127,0.98871524191893378,-10.241944336852239,-6.2487233069172117,0.00813390153043397,,0.3968239251028637,0.2741935483870968,False,4
-0.81787070221832125,-0.57412840539663579,0.038263410324043151,0.57428453773285082,-0.8186179007777995,-0.0078741505646541601,0.035843886143605688,0.015534047858339031,0.99923666325013261,1.0605968399290568,-7.5994284656071276,-0.88526938371211616,,0.08034755280245967,0.1515151515151515,False,5
-0.55243916093231971,-0.83350995113720761,0.0084932222180345712,0.83343564288523408,-0.5525036958497942,-0.011166702324104126,0.014000094173665458,0.00090963045714573254,0.99990158012454433,-14.927107412506038,10.265870968977271,-0.98348098136600159,,0.06888717778984356,0.2647058823529412,False,4
-0.94170866301962364,0.29038006536714761,0.16989470748426627,-0.32222146468077711,-0.9236906177163613,-0.20728958112201856,0.096737385186741937,-0.24995011578340637,0.96341414663014691,-9.1588105421592232,-12.19642370455694,0.29703610103413569,,0.3814124170383024,0.3333333333333333,False,2
0.16925753132764568,0.95758808002486817,0.2331886727162325,-0.98556950121109577,0.16393386078786448,0.042171644142685198,0.0021555443357161429,-0.23696151223663361,0.97151664697376383,-6.9257792692314677,-17.579256225046986,0.46134391839241978,,0.600285250189902,0.5625,True,5
0.98664816635444064,0.14245040258270916,0.07895111546676073,-0.14812864108155899,0.98638471311026055,0.071436009363072622,-0.067700085086743925,-0.082177129095718698,0.99431565306638647,19.969800590170191,0.11678719458534095,-2.6062309323227266,,0.07820765371013039,0.2222222222222222,False,4
0.44911609441263128,-0.89314824883633015,0.024102683256068555,0.89115705961511993,0.44972996435276241,0.059850265341084383,-0.064294858563336804,-0.0054004410802348593,0.99791633236382138,-16.160780280311428,19.215948542349384,-1.123836361946531,,0.1361030204570347,0.3478260869565217,False,3
0.52240661927756016,-0.85162485334565141,-0.042736790929923621,0.85024684386108096,0.51645482258907216,0.10175814821802218,-0.064588146275158215,-0.089495951799440254,0.99389076158914536,-10.400784931933513,-11.417517649108945,0.36461501702960397,,0.114171431415876,0.1666666666666667,False,2
-0.96745888059314367,-0.24201208406171518,0.073847583099027517,0.24153578113143676,-0.9702689295607424,-0.015448972855137917,0.07539085352142616,0.0028905876837467172,0.99714987023423618,-9.9030275199068072,7.9450170211645821,-1.3867118770081446,,0.08560217062456382,0.4554455445544555,True,5
0.46369845064937709,-0.88596011871538694,-0.0076429648164168459,0.88403838845511173,0.46208550838826651,0.070378339531752585,-0.058820698763755702,-0.039391001299473739,0.997491089891819,-12.324683114955729,-6.8660699541387462,0.29578385148932634,,0.06420776797620018,0.2941176470588235,False,1
-0.99750754614655246,9.066418144824083e-05,0.070559812646365891,-0.0078431059852047021,-0.99394469472310765,-0.109601229556487,0.070122614534748356,-0.1098814616384179,0.99146804452741533,-7.6386154236847013,-6.7548816847581303,-0.15705648308727654,,0.2886443796058736,0.1290322580645161,False,1
-0.89628427384794007,-0.44063320430385527,0.050168513210868085,0.44057657631731839,-0.89762407070009409,-0.012779205777511196,0.050663407439513919,0.010649270618724394,0.99865900695978727,6.4085863411023158,9.7438757628271571,-2.7167679142851879,,0.1062130204848768,0.2941176470588235,False,5
-0.31112115378065508,-0.94968460174232716,0.036094111482496902,0.95033523893117733,-0.31055920256701491,0.020394002710640166,-0.0081585118628170628,0.040646511713267434,0.99914028032590441,-13.776745576272113,-1.556854220310536,-0.071275241353017965,,0.07485341087248018,0.2717391304347826,False,2
0.53149468430985403,0.84262489050870204,0.086583453647726266,-0.84693189210469877,0.53041876140051025,0.036909452587444526,-0.014824664796373861,-0.092947466073841592,0.9955606449956369,9.1474233053609044,-2.6709501946773355,-1.7548403355494115,,0.07710935514672317,0.5384615384615384,False,3
0.70799212124774824,0.67552922247241209,0.20593063355637836,-0.70616469308738805,0.68083084798379967,0.19442423375303475,-0.0088646764130481531,-0.2830717683194105,0.95905776233374662,-0.22446744539383218,-16.415017409775562,-0.0801680235785769,,0.1892058862561254,0.3181818181818182,False,5
0.38860670969185768,-0.91913266601060084,-0.06465266780817977,0.9196990198259285,0.3826653941334795,0.087868703551927177,-0.056022657145979905,-0.093607362984517939,0.9940317517470908,-2.305378693603612,-1.3981855494330113,-1.1176080110764433,0.7284584888677863,0.6107076773338411,0.9514013118664282,True,5
0.8928783144950041,0.41837044425712572,0.16653674332307375,-0.44712900361015456,0.86753198925742137,0.21786211636182029,-0.053328881810426443,-0.26898776735598262,0.96166606021929102,23.349965738270924,-3.5163962245636564,-2.6963143410255945,,0.703051459267368,0.4444444444444444,False,2
-0.74968459878318794,-0.66001731410828102,-0.048478319118743576,0.66163286810301603,-0.74910982344582711,-0.032808844276146845,-0.014661179797853183,-0.056671134577050863,0.99828524596564194,-5.5665551290476802,2.9374862829472486,-1.2032087016072583,0.4715986236240508,0.4703337247192462,0.6734317343173432,True,5
-0.98846911733893006,0.13282953013073551,0.072698830750180882,-0.13226134672037368,-0.99113484222353598,0.0125960586787657,0.073727472701215727,0.0028355697441334662,0.99727439519588434,4.0824219981496883,5.5391776703450644,-2.0749324712360524,,0.08309578911037202,0.2222222222222222,False,5
-0.73381828758900458,-0.67758606299004709,0.048865612055815744,0.67862896813895157,-0.7344486576515471,0.0069204679396138932,0.031200070554463302,0.038239985819678628,0.99878138703217123,-15.120768294115347,-11.295473560773834,0.72389496940873699,,0.06794160254692279,0.2916666666666667,False,1
0.018805175671139946,-0.99845316159357178,0.05232255222920882,0.99926899493476107,0.020511131911958282,0.032260955189865589,-0.033284247476093473,0.051677631248838854,0.99810900271386127,14.796763256378748,-7.2565684283403211,-1.8397857016046273,0.2926974682492586,0.2371753517403807,0.8,True,5
0.62337456365323662,-0.77521938727633666,-0.10217169363887388,0.77905780220463106,0.60458848843575108,0.1659569235526541,-0.066881194772707042,-0.18305097989869545,0.98082579724633079,5.1810270550810369,4.5476029359149122,-2.0234413952458299,,0.4855566710151302,0.2105263157894737,False,1
-0.78058504500736814,-0.6250453933807425,-0.0022899179803849146,0.62424586062504306,-0.77939036052636068,-0.053551577111120519,0.031687426581271501,-0.043231032049925698,0.99856245917045872,-3.0767707306757872,-18.577681447606363,0.23597123962560793,,0.1300786802762456,0.4666666666666667,False,3
-0.52978177756411227,0.82784016242469594,0.18442324592540754,-0.84508528121506943,-0.53366706819158427,-0.032098719623171561,0.07184800369291662,-0.17285868738496477,0.98232262447776841,-10.470198431893412,-3.0966050522130262,-0.28615492461174508,0.1032625957846182,0.1495844146944038,0.1948051948051948,True,3
-0.40059288158351941,0.90733976853909803,0.12751426450412706,-0.91410473030129136,-0.40529451392041527,0.012202418892087733,0.062752571783283459,-0.11167319021784201,0.99176167163343909,-9.3062521220505641,-9.7973673580151814,0.20906645222855744,,0.07014534547615019,0.1363636363636364,False,3
0.35125210707675331,-0.93083871650109906,-0.10080298178489419,0.93347197266097437,0.33982930999993294,0.1146565145179156,-0.072470915066449884,-0.13437010057134771,0.98827761410540693,1.9758274667808433,-10.296144328806591,-0.70807424367930494,,0.1625501444127289,0.3571428571428572,False,8
-0.48877324727285687,0.8683620126615087,0.083953128094184246,-0.87031592155565396,-0.49200152541474296,0.022015805147597441,0.060422755954009359,-0.062305007471452206,0.99622646853358721,-5.5048743974052687,-2.1443061435113182,-0.73746051495716525,0.1448171931312967,0.1204907693382722,0.6882217090069284,True,5
0.94194773286776656,0.3210804503185371,0.098192733786772138,-0.33138254112628929,0.936091552489973,0.11797549234309224,-0.054037764405623009,-0.14366610518893208,0.98814977115712832,-6.8971181708286986,-11.277798722024709,0.098559302850935546,,0.09664294039519862,0.2666666666666667,False,2
0.67033779703842289,-0.74205307630576267,-0.0021141917668427365,0.73884359401887423,0.66716825290731663,0.094850755874009832,-0.068973773558840434,-0.065144103783472213,0.99548925875837602,-16.349873224654058,-6.0552162385917967,0.59225091021186349,,0.1182132022428611,0.375,False,1
-0.99331929252940332,-0.092286517578246186,0.069281900682402864,0.094103878054646137,-0.99528650478255842,0.023435731966286018,0.066792538684815356,0.02979886022987089,0.99732180599094455,-16.683913145209015,-13.744818748364724,0.966263512437745,,0.07629742478170837,0.2777777777777778,False,1
0.02638913129369222,0.98453933648961112,0.17316439776743864,-0.99926189756642603,0.021142717915743226,0.032072504596299574,0.027915476379754285,-0.17388295023874753,0.98437058356838336,-17.654642891136596,9.4882860617723086,-0.59358523313457023,,0.2089387635303931,0.1666666666666667,False,1
0.30064505591522328,0.92829584449427016,0.21881356321855669,-0.95213567541739508,0.30542014904327736,0.012497525988895111,-0.05522866964895172,-0.21209751920532074,0.97568664867146537,-12.925552619885947,-10.032002302023894,0.50101226287135903,,0.5948389907706411,0.5106382978723404,False,2
0.034194491832143584,-0.99924166472592102,0.018623431587936442,0.99902982640002491,0.03469280366284843,0.027125916337455539,-0.027751444853863924,0.01767780670162836,0.9994585296342926,12.251997898240303,7.5843779176445585,-2.8337872016887964,0.2760417812141651,0.2315900220152566,0.1794871794871795,True,5
-0.87919296294574789,-0.47645190660687725,0.0036489172843883061,0.47428007358985802,-0.87586668794146838,-0.088971662623789971,0.045586683387538116,-0.076492650922256294,0.99602747384427615,-5.6142126592600379,-5.6220900220938539,-0.53008109163327977,,0.4215259743354112,0.1611111111111111,False,2
-0.22198029159462859,-0.97132606004083588,-0.08514948754461045,0.97502996513597617,-0.22055173585368129,-0.025951857329772676,0.0064278480458547244,-0.088784102729452821,0.99603015309378318,-22.490775147962182,-0.66967324586821719,0.74018737021170644,,0.4335452590499822,0.9612403100775194,True,3
-0.63512017742074356,-0.77165540382459441,0.03420961825782274,0.77210655378809978,-0.63549309068857363,-3.5840604966363987e-05,0.02176763263443867,0.026390707368068901,0.9994146790667553,-15.771431648033502,-9.3005381857795886,0.70916822567473736,,0.07941204410102123,0.3191489361702128,False,2
0.93093199525221115,-0.36384755897910176,0.031314118871305377,0.359730992567733,0.9284063110076437,0.093034051117923289,-0.062922437984956808,-0.075343715770645872,0.99517038304598959,-12.79367118303627,17.975033765257226,-1.3952052920997495,,0.1357903718251808,0.24,False,2
-0.64847600175075759,0.74889580672114775,0.13650621168588895,-0.75837821720668008,-0.65109151092119122,-0.030697297483292516,0.065888958253784019,-0.12342979819250133,0.99016348655077646,-1.6473717497113873,-4.4367962860596162,-0.85465723687385342,0.6832257227438434,0.6515008395476276,0.5574712643678161,True,2
0.18333819267369655,0.97164897291767161,0.14928288761668893,-0.98292145526167773,0.17873350283743186,0.043814926106614908,0.015890874532538554,-0.15476630250637968,0.98782329984420592,-12.141272507149781,12.877549285582772,-1.38631783749361,,0.1114435753161247,0.3272727272727273,False,4
0.94642107409486154,-0.3225564038160238,0.015637035089918996,0.31469300770106634,0.93205393781604795,0.17956549753684861,-0.07249456126624762,-0.16502370544522871,0.98362173381231333,-12.7186944281612,-8.8689553063530031,0.44009531580920969,,0.2823899070441887,0.1777777777777778,False,2
0.17902811986237263,0.95625784767249844,0.23134359957281259,-0.9836338961434038,0.16911233529185057,0.06217215140145696,0.020329551305744827,-0.23868796956884661,0.97088349585663969,-10.735613798158143,23.051107646693485,-1.6952170370737192,,0.2387006123811999,0.2222222222222222,False,2
-0.86394098065667568,-0.50133182509371388,0.047669519508679446,0.50160517080151512,-0.86506907520958742,-0.0069099740385146352,0.044701617053137424,0.017941467728030812,0.99883926092670161,-6.2648290695664253,9.8528522334995738,-1.8515325053367877,,0.1091845349561736,0.4864864864864865,True,5
-0.97653737876748603,0.20033772931759994,0.07899077213065131,-0.20190331631352637,-0.97932852152841343,-0.012275902515614633,0.074898589649796066,-0.027936376515948068,0.99679975929753917,-0.067135551158599982,2.7286016980526067,-1.5527234919162685,0.6107088113281457,0.2417364880673486,0.4900990099009901,True,5
-0.56112369571264009,-0.82763160441552897,-0.012888967467029645,0.82760238706711409,-0.56069232507967204,-0.02642736304603336,0.014645375741295139,-0.025495959862874,0.99956764103289575,-10.53523819566367,-15.281373426334053,0.56714933335787832,,0.07986879747010694,0.1875,False,2
0.98343599102887413,-0.164723060904962,0.07563044859814641,0.14988380211859198,0.97367931065630364,0.17170744265273075,-0.10192397858959121,-0.15752749984039688,0.9822405964846409,-3.6146805703412968,17.071957764967166,-2.1933739837760786,1.000458808505875,0.7295679120389836,0.4660194174757282,True,5
0.93561924910092631,-0.34862253294425138,0.055488289173071664,0.33433492312325835,0.92555452244770342,0.17767663086846819,-0.11329951408538852,-0.14768600306101851,0.98252331504543811,-9.0878751551672874,-7.4522360805771424,0.070270634748304306,0.4568630902331575,0.2255449334401735,0.4615384615384616,True,4
-0.99192799489777261,-0.10951041367388045,0.063924347748419499,0.11038653236374257,-0.99383507117964254,0.010327863576964233,0.062399250081981925,0.017300884091037898,0.99790130423748613,-7.4435458214865902,-11.879072554344479,0.17034188390068078,,0.05811549386163402,0.2916666666666667,False,2
0.65021357815887115,-0.75840319023859892,0.045242721113506947,0.75669324852493902,0.65178471989286568,0.050911752581848137,-0.068100149886869965,0.0011313487949047921,0.99767784862413977,-4.4259345802193844,-13.579750021645708,0.004364812627194568,,0.08520181776841451,0.5238095238095238,False,2
-0.92747183047398696,-0.37352781929466017,0.016521860978946423,0.3699785623756498,-0.92324268253977881,-0.10362824189959333,0.053961718464846459,-0.089999540830656019,0.99447886633683269,-13.207646510282228,-2.9373963119284716,-0.068700658474015991,,0.07453122942383009,0.12,False,1
0.98964670044250524,-0.13775804962525345,0.040275651040159809,0.12356243582578257,0.96053076846907715,0.24922473247453558,-0.073018715108264701,-0.24166787661509889,0.96760782585523131,-2.3516086000280438,-13.712750377433455,-0.12252957881349161,,0.7836495264864088,0.1224489795918367,False,1
0.85793167960901739,-0.51203738979667002,0.042082592285433533,0.50814212478586118,0.85777679895728109,0.077527699493210991,-0.075794552187867972,-0.045129531582016415,0.99610165708015319,-5.3037015323703303,-10.971547686452366,-0.055799198347598132,,0.09417198766570782,0.5344827586206896,False,4
-0.38104532719040018,-0.91699115921242291,-0.11803250633879075,0.92449075829909322,-0.3763798485983828,-0.060456987922205829,0.011013466571793244,-0.1321568140328542,0.99116763469090186,0.55039261893469094,7.5778383788463701,-2.1060133355021633,,0.4003743409831597,0.4166666666666667,False,2
-0.99278508360048001,-0.10427614664451471,0.05919681597315346,0.099718776254459365,-0.99216002707388629,-0.075330248499911712,0.066587862577956347,-0.06888371300762651,0.99539996515952422,-19.05698951646216,-0.75944937801508572,0.37614009760058692,,0.1681476057912829,0.5217391304347826,False,1
-0.22120281354747437,-0.94737950235119717,-0.23139013333217101,0.97513372537177834,-0.21816149343756008,-0.038984361270272876,-0.013547432274752217,-0.23425977312780777,0.97207963962469113,-9.4460208876203318,13.512356049119438,-1.6525372871039807,,0.2060494317657016,0.1481481481481481,False,1
-0.040314847645457209,-0.99878406853883372,-0.028374239942878875,0.99881116836951467,-0.041062255488131277,0.026270537005370423,-0.027403704122739927,-0.027281415052007957,0.99925210102011341,-10.563702493805712,9.8269841951440871,-1.4292204400175408,0.4312667591368187,0.1936893531619625,0.3287671232876712,True,5
-0.98384854403481736,-0.17761565103950516,0.022242367373601774,0.16718905125323158,-0.95618789750811384,-0.24031755200163168,0.063952040949557323,-0.23271739334399863,0.97043946297209105,-18.758516672650995,7.643095346630921,-0.22744235587674949,,0.22308811331797,0.1176470588235294,False,1
-0.89427955007489957,0.41545457965585147,0.16631770369029936,-0.4410435608501011,-0.88117568222829668,-0.17032320594140718,0.075793560085918851,-0.22566991224457769,0.97125095982296272,-5.5024329336961175,-13.042950871409586,0.070881620509636117,,0.1668912421850624,0.3846153846153846,False,1
0.79977537460595349,0.57307830221880762,0.1787193601709548,-0.59820042588190925,0.78571389459517016,0.15751167040823291,-0.050155763862279309,-0.23288395257316155,0.97121030883392734,10.985992368704283,18.6678115420982,-3.4424195408965823,,0.2482662794568393,0.2333333333333333,False,4
-0.54856113928101158,0.82597560580181129,0.12978819318816473,-0.83393742423792461,-0.55168757828747528,-0.013754578100245156,0.060241588011387341,-0.11578045855683243,0.991446335658282,-16.005021689746574,5.4045970711927103,-0.36525819841230189,,0.1012960894222154,0.21875,True,4
0.43836860431505836,0.86895246291652817,0.22968366059031711,-0.89879514834419716,0.42367171742991311,0.11255912740831328,0.00049806003730022003,-0.25578094737741536,0.96673463726863107,13.83002171447281,15.057674204438182,-3.5113580761310037,,0.2262686900155492,0.3181818181818182,False,2
0.90210160084184288,0.41400538748937477,0.12170554994886974,-0.42856574777011613,0.89251310431926267,0.14054094939423933,-0.05043908798566217,-0.17894104545398631,0.98256602864897025,-22.089671756777701,27.492215925293269,-0.77649012357016767,,0.1488426034810309,0.5,False,1
-0.28377114802217113,0.91718358242809439,0.27972881809807371,-0.95766938220538311,-0.28580888698622703,-0.034389453413120281,0.048407540079393498,-0.27764645908792046,0.95946295072785426,-2.8425438337615776,-7.2892982701039548,-0.57641064169046163,,0.7691909065644531,0.7191011235955056,False,1
