axis_00,axis_01,axis_02,axis_10,axis_11,axis_12,axis_20,axis_21,axis_22,location_x,location_y,location_z,dbh,dbh_approximation,score,reconstructed,number_clusters
-0.97661500806814172,-0.21371524289659069,-0.023429062501871233,0.21460918058370299,-0.96252271889316998,-0.16580987673746481,0.012885093141181948,-0.16696050601310755,0.98587938603390635,10.754779414761192,17.963688289754682,-3.216345282902398,,0.6742516183998879,0.44,True,2
-0.47971757726236525,-0.86828969208177509,-0.1262697774214552,0.87587214986200868,-0.48243744728951865,-0.010103788837689254,-0.052144253390286152,-0.11544314651511411,0.99194448270105351,18.072556985394154,-11.226353575343726,-2.6311399666365145,,0.3794647308454057,0.2666666666666667,False,4
-0.82700124309270406,-0.54598598754895167,-0.13404568371760156,0.56153719528310408,-0.81377829494689613,-0.14980275360255776,-0.027293263577455901,-0.19915870072261324,0.9795871016350578,-24.510195547197043,-15.603755168641106,1.8396750456862649,,0.4795751903195091,0.3478260869565217,False,1
0.97135690668204988,-0.23660254294166466,0.022022636413870637,0.23171878282469963,0.96367090943624145,0.13283367040237626,-0.052651358266615572,-0.12392584468086218,0.99089364691313642,15.969860458751317,27.866619185859626,-4.3870899659803362,,0.2464576424375253,0.7857142857142857,False,1
-0.67149688529134,-0.74080954866721738,-0.017121496649072539,0.73992206479467459,-0.671584462335584,0.038595958070904178,-0.040090785400333249,0.013248492476490445,0.99910820553786173,17.930321467034087,9.6879604034051887,-3.3313654033466666,0.3402959502356927,0.2937369497718459,0.6944444444444444,True,5
-0.87981484010599087,0.44993375669271141,0.15324967118285995,-0.46977178819169901,-0.87221915962267538,-0.13619179346160579,0.07239001414866722,-0.19181593305953273,0.9787575459101493,14.21613430655098,-7.6584666526988059,-2.5564984531155597,,0.1559710152392513,0.3684210526315789,False,1
0.46734808515760479,0.82972755194542858,0.30518511897234873,-0.88137415087878979,0.41032528985237332,0.23412125634008288,0.06903168448048505,-0.37839839594032676,0.9230651550608846,-16.882364829411738,-19.918691836009252,1.3637554033759811,,0.2848230079860161,0.6666666666666666,False,1
0.37579319526909011,0.91726791615946279,0.13190543724170437,-0.92358758001763608,0.35905351423670906,0.13441188917442176,0.075930602701514846,-0.17233729688824459,0.98210712230114638,15.211944948472997,4.3758131731306289,-3.0939982924643643,,0.7065520811306865,0.2586206896551724,False,1
-0.66887333955919692,0.73127126619685656,0.13360685185189045,-0.73642227374538038,-0.67635253815114171,0.015148559937904496,0.10144303997126008,-0.088258593753552467,0.99091862948984577,-20.457509742564898,-13.243654017289877,1.2599897638481594,,0.5266224394644133,0.5454545454545454,False,2
-0.99423459048125462,-0.10624433664263878,0.014481713363369876,0.10555336709565352,-0.99351847562813389,-0.042184419876545504,0.018869705491696927,-0.040412615813828635,0.99900488221917205,-16.692845036820771,-16.693390585829238,1.1572739880722553,,0.1990762189877671,0.1923076923076923,False,4
-0.08591749229508637,-0.99610598320742916,-0.019775103946237424,0.99208423400909096,-0.087361380672474509,0.090204555304012626,-0.091580877634577437,-0.011868419665638889,0.9957269120930301,-22.213935890021773,-4.8712317127801619,0.90501246628334142,,0.0745060752888666,0.3214285714285715,False,1
0.94942006602351403,-0.3132204220162404,-0.022237478811089895,0.31054343976449272,0.92609280663339266,0.21427758987146006,-0.046522147963548796,-0.21034514668480697,0.97651964087518672,-23.800436164238224,6.4868563460620363,0.25770863230668389,,0.2760277651262115,0.2608695652173913,False,3
-0.32488286557677043,0.94298417857071526,0.072332306889388118,-0.94049182857051361,-0.33018575652306464,0.080327371308816314,0.099630537721720064,-0.041930956996066665,0.99414060916888214,-32.690370673613913,-8.2409018879679916,1.9949599406393335,,0.6956472510190175,0.75,False,1
-0.99894688022927847,0.044410423450340582,0.011525830519048437,-0.045375145341847563,-0.99346411617002528,-0.10473846508192408,0.0067990194439050064,-0.1051511491685785,0.99443300888653607,-21.006710306160603,-5.7120364429991373,0.85450944339044654,0.7664997452584741,0.5219188283900655,0.9190751445086706,True,2
0.32655668917504932,-0.94254388130851807,-0.070510712398215755,0.93991220080304549,0.315969214159391,0.12933874317107,-0.099628226605742914,-0.10851031062240429,0.98909035429126668,-18.48794833991737,-12.309152362756048,1.0174165072178956,,0.09930202507590188,0.1578947368421053,False,1
0.58564524588310218,-0.80585665954091001,-0.087262192546869288,0.80907298924661686,0.574633721895487,0.12327604687076874,-0.049199024848718215,-0.1427975137532376,0.98852836379126174,4.1918832966530202,21.199656351495751,-2.9205642939684169,0.6376111300918688,0.4459019247406521,0.8648648648648649,True,4
0.67466856906915162,-0.73746667124579535,-0.031068162350386064,0.7284764440893704,0.65848127088128661,0.18900922280532434,-0.11893019934856902,-0.15015100632434111,0.98148371508787557,14.315225968653136,0.26703602321192293,-2.7453715678871924,0.5345160506909632,0.3492769504715635,0.3064516129032258,True,3
-0.29595381111757546,-0.95446955664448496,-0.037405977114135375,0.95149830485243236,-0.29802534583062429,0.076366675359640993,-0.084037596038502471,-0.012990715200384272,0.99637790208868648,6.2655080302944084,17.452067151812873,-2.7795423242421355,0.1186441764212463,0.1475234370684756,0.3958333333333333,True,5
-0.27928729270033281,0.94731142501053911,0.15684282636008681,-0.95503062681967987,-0.29098956409911153,0.056934834871269234,0.099574645229236078,-0.13388852687930658,0.98598111158255008,-9.2006834810914011,-21.923505054049663,0.61531297255351103,,0.1069867802814979,0.2857142857142857,False,1
-0.99592332637491909,-0.087738659550128301,0.020944106633222527,0.087958912341780299,-0.99607554389077257,0.0098356800656081156,0.019998943021273086,0.011637804047528445,0.99973226605675969,23.202794144601263,7.4131334322897411,-3.7760340817048736,,0.2184338220512612,0.7323943661971831,False,9
-0.99201189137540513,0.10367238977849833,0.071864058940524139,-0.1167768004589264,-0.97018383841709144,-0.21238290550055203,0.047703105185806567,-0.21907842265247254,0.97454043450425254,13.380683698103688,14.740478362416422,-3.2401226913726631,,0.3877210309451685,0.3043478260869565,False,2
0.26299604962532458,0.9616067208622201,0.07839382803564382,-0.96121462035131688,0.25415763619330378,0.10709971796184088,0.083063418568870853,-0.10352009639311838,0.99115289342180324,-21.137237183689738,-7.9128848527300351,0.96374019006360911,,0.2006556408832605,0.2222222222222222,False,1
-0.56880480760686025,-0.81977991484333912,-0.066497985403858151,0.82028108195343841,-0.5713302252987561,0.026846233429859048,-0.060000311937693868,-0.039276772773760758,0.99742533439243408,6.3453895944303227,20.522296064507415,-3.0600031994408434,,0.07270991041458959,0.4761904761904762,False,2
0.93203266267462093,0.35741826543449967,0.059726872021336433,-0.36237301802483612,0.91884828402355712,0.15621660204517107,0.0009547330681569724,-0.167242382429697,0.98591534829518224,-16.738586313926785,-11.858755839535309,0.79415638591986248,0.3121140899841926,0.2289778991017897,0.75,True,4
0.64344657520857373,0.74408409334226067,0.17976475429678884,-0.76434730896878023,0.61168579796045641,0.20399430346376196,0.04182936916262265,-0.26866214212000045,0.9623258061940102,32.020781690213525,-3.8042598104717711,-4.3473651126049369,,0.3105770992983239,0.3333333333333333,False,4
-0.99929859215647543,-0.019424687501859203,0.032015702858797776,0.015854743565602101,-0.99400121059557722,-0.10821377195624091,0.033925666103360674,-0.10763026920891453,0.99361198378917581,13.395099607064232,6.2736832224633536,-3.0649100275650731,,0.3560932826645016,0.6336633663366337,False,7
-0.8652606500285881,0.49761639964512483,0.060843457465277292,-0.49634447524729342,-0.86739702206384928,0.035560764984119621,0.070471053657474025,0.00057001665783916119,0.99751366190013457,16.387649735607695,15.284444112302628,-3.498127848840932,,0.08518654332631598,0.25,False,2
0.35806170738657239,0.92001562187039632,0.1592578701912081,-0.92886674640948219,0.33366029133250286,0.16086446904947915,0.094859797164415324,-0.20552874617030215,0.97404289093426921,-25.602388905417929,12.638157429923776,-0.028804691675021869,,0.2470400646323348,0.2608695652173913,False,5
0.76941328189688218,0.62441138563930565,0.13458686089165994,-0.6377219776348525,0.73897115424920201,0.21732996210622876,0.036247494839801386,-0.25304555849017479,0.96677508472562235,16.07792841010362,18.799375343867403,-3.736003208900665,0.2384615540437516,0.1602528315772091,0.25,True,4
-0.89886174025638899,0.43520798035450475,0.051396359199935682,-0.43266378352593576,-0.8999526864715699,0.053732788291938845,0.069639229808190803,0.026061004362018098,0.99723176931110902,6.0041015339384112,19.391716035496657,-2.9595382089148701,0.2902987132010177,0.1228202460559294,0.3870967741935484,True,5
-0.95363848898429326,-0.29243651737918219,-0.07109511678651953,0.30095096225743651,-0.92548521054974697,-0.23001226786850543,0.0014665074417223936,-0.24074469538668,0.97058736907044996,-22.159137560010009,-16.333910769573507,1.65822230709719,,0.4134280446201972,0.2173913043478261,False,1
-0.9447801558913167,-0.31925625696638771,-0.073931721350116802,0.32770202962193262,-0.92134789329039335,-0.20911585141021899,-0.0013552917196967065,-0.22179608183456845,0.97509212963042025,11.220000578412773,8.2497361567733503,-2.8547008275971817,,0.6947019618907866,0.3886255924170616,False,1
0.27066040785882861,0.95138494920039951,0.14700211581010053,-0.95912272145256139,0.2533933530623787,0.12599767385645488,0.082622931508906344,-0.17509565117031992,0.9810784699146734,-23.33814870169773,-12.056573300634039,1.4454981009264514,,0.08547734793639453,0.2222222222222222,False,1
0.85100164489898422,-0.52503238999531276,0.011712806454177847,0.51960281524168883,0.8450190389628961,0.12631602504486522,-0.076217548977481175,-0.10140913788230979,0.99192090006302014,-29.594723236864386,-1.1349734725991529,1.2165983786775412,,0.098886558517564,0.3684210526315789,False,1
-0.87116602926633013,-0.49025485855015655,-0.02683138312318914,0.49035295565948045,-0.87151790201833002,0.0032442776672161194,-0.024974553616610301,-0.010330543525701546,0.99963470905231999,9.8002536337216135,16.417575754588331,-3.0318741660372788,0.3209342677967274,0.1830817339982072,0.4,True,4
0.22866113424038462,-0.97241451798538836,-0.046087860648398177,0.96936604364088585,0.22307193108649104,0.10280266045857164,-0.089685891442954191,-0.068182980079996375,0.99363349485788466,20.667109761364138,3.403545430552013,-3.4823262948330491,,0.1416583832360375,0.1538461538461539,False,4
0.27844123379625713,0.94082105170130859,0.19319996893804925,-0.95681322744322506,0.25421962739152593,0.14099939304335612,0.083539973136811219,-0.22411633078506102,0.9709752536309787,-5.6756255878091935,-23.451038420411894,0.23441663055742726,,0.3095934372050015,0.175,False,4
0.41047184394597275,0.85158262382275429,0.32606732453704701,-0.90891094371007031,0.35328778052030652,0.22151442512646047,0.073442233977892374,-0.38729159420027531,0.9190274529795871,-19.454507261232486,-14.673769786826091,1.3092412682359245,,0.3267859325600769,0.2307692307692308,False,1
-0.80109924380577913,-0.59322747278627197,-0.079505767749413259,0.59737941881015522,-0.80070970287573928,-0.044741498663862719,-0.03711915349050654,-0.083337490076557247,0.99582982039698409,-22.347082784603639,9.9631049531056313,-0.16024938866320912,,0.4518702222994355,0.2727272727272727,False,4
0.26228716716811218,-0.954819617381932,-0.13973167214897045,0.9610833625731855,0.24545618404196154,0.12676762954546891,-0.08674221650353045,-0.16754330776900414,0.98204125570053058,-19.024737634985019,-16.236601927203864,1.3566824805840343,,0.2566421053827955,0.25,False,2
0.79748973336014795,0.5812972189553266,0.1615662972898872,-0.60259100295394574,0.75414634039953077,0.26105053231310227,0.029903316607342953,-0.30554351653536893,0.95170843810438233,-22.456776131289082,11.17380570464193,-0.21673571943072287,,0.1557647385245998,0.4,False,4
-0.73190376126999102,-0.68113574486403827,0.019260875041184324,0.68005531429341259,-0.72837876381018518,0.08360111202391228,-0.042914493357469115,0.074286428766354023,0.996313139911852,8.1789260718517998,16.611580193470335,-2.8940319807030761,0.3949640167285777,0.3945333992455596,0.973404255319149,True,5
0.32189694765017279,0.93621829579218518,0.14098814743615454,-0.94342969095052154,0.30467652348749991,0.13081526771969182,0.079515868394337691,-0.17512143974838681,0.98133058039273746,-18.283347102678277,-17.352695238284493,1.3222847437861107,,0.09910508077843797,0.1904761904761905,False,1
0.97956125123158688,-0.20082095265480696,0.011432412712307903,0.19708777472696729,0.96960554383294772,0.14498792508890845,-0.040201543985038377,-0.13977136453233366,0.98936737439537059,14.338571346564615,12.086116350191405,-3.1946857443816983,0.3744467664467489,0.08978506341933426,0.3043478260869565,True,4
0.15618396786016531,0.92775747057814617,0.33892867091748857,-0.98374863891349362,0.1153395924117426,0.13760593685645395,0.088573041154203072,-0.35491245992319503,0.930694344117317,-26.608680113215399,-10.151695852891994,1.6969966338845521,,0.712421302174931,0.547945205479452,False,1
0.90636154434175098,0.38601050320974339,0.1717691542454497,-0.4223447370851493,0.81664187992918458,0.39334585672433831,0.011561747052779348,-0.42905935645023319,0.90320229995699175,-19.14255002752132,-25.81083680969315,2.0044151678433875,,0.4654664392269416,0.1935483870967742,False,1
0.24567041525602029,-0.9470420484620744,-0.2067786389177885,0.96382797259956976,0.21590404815373321,0.15627245830738803,-0.10335224381956325,-0.23769055605048564,0.96582685470112772,15.333863975852431,5.4407912838411399,-3.2056897551936738,,0.4332340905149355,0.2666666666666667,False,2
-0.85123254687980299,0.51886364723469514,0.078636293852358763,-0.5166760067273819,-0.8548570070936542,0.047596234043540867,0.091918742402032266,-0.00011402276470717093,0.9957665046556039,7.0610806566201312,19.908282862939426,-3.0855356800651581,0.4248246798565676,0.1471930271930157,0.2068965517241379,True,5
-0.95885468218120407,0.27712513530388616,0.061638931220339428,-0.2768946445228288,-0.96081999533730733,0.012421448973200716,0.062666213335091675,-0.0051571254415945407,0.99802121709080971,-28.495141992915837,6.8120802505301379,0.63584100502317653,,0.1548963541287058,0.1666666666666667,False,4
-0.98340959467167066,0.17660273413837235,0.041437222428081795,-0.17663273521657163,-0.9842723633494832,0.0029650626195376895,0.041309151015428078,-0.0044032989083938479,0.99913670986562708,12.399043320250552,14.279151846792178,-3.142019135330496,0.1591750429973209,0.1558482741309233,0.28125,True,5
-0.93485615769747477,0.33972815330826583,0.10309581109272949,-0.34844170957090093,-0.93364931004202967,-0.082990004755683161,0.068061291836257934,-0.11350659763994256,0.99120326515088819,-21.550537279232511,8.8447863128454642,-0.12062716891732424,,0.4061917392030318,0.6176470588235294,False,5
-0.66139701550103014,0.72095823774530998,0.20681684484950991,-0.73107173183565477,-0.68129542340311477,0.03702254665452652,0.16759507987153421,-0.12671134707336568,0.97767894716297676,26.50603982446712,-27.718549682773226,-2.8250356472230531,,0.6113402479907103,0.103448275862069,False,2
0.7166168171559828,0.69531283682324607,0.054775873503202337,-0.69610527832533353,0.70810325292938825,0.11843658505051941,0.043563503725468071,-0.12300342328418701,0.99144963513207873,-14.587712340179609,-26.785709891698417,1.590097786662277,,0.2039561850023393,0.2272727272727273,False,1
-0.40912318098712641,-0.90917372100705873,-0.077597472955987401,0.90954785899389745,-0.41314258545346394,0.045120907398295822,-0.073081563876215366,-0.052118606226638726,0.99596322015745165,14.444390995613535,10.55506581947885,-3.0925931586528024,,0.07024894795628879,0.2380952380952381,False,3
-0.83833412785001393,0.53343839671080706,0.11242493938874464,-0.54070337032311999,-0.83991848872062103,-0.046656163863842331,0.069539595937696985,-0.099901998077488188,0.99256427266799707,-2.6789275602014948,-27.506619245521641,0.16342270258237476,0.3379133561823511,0.2352591355952668,0.2542372881355932,True,7
0.28878285185776997,-0.94915483218011376,-0.12533781959980714,0.95038120101835721,0.26838299807995392,0.15730905597746397,-0.11567211082970132,-0.16454686533251253,0.97956331693538112,17.572116444460413,-6.3653678089202348,-2.9033758284793736,,0.8380581812817192,0.7068965517241379,False,4
-0.99562890707724383,0.085531820681100532,0.03751515751200081,-0.084661467413159733,-0.99611565118668832,0.024208374509078021,0.039440021901929231,0.020926469169388149,0.99900278656291996,23.638120947278995,4.3721621779785513,-3.7000154993070393,,0.09496623663880108,0.3333333333333333,False,1
0.77444308730124589,-0.61545169161240842,-0.14648248981615733,0.63120202094720967,0.73605930961460531,0.2445418194948053,-0.042683876153344957,-0.28184376526915844,0.95851039571588914,-18.540903654716082,-20.648590296576611,1.6050589446122956,,0.5133966028638391,0.2,False,4
0.96926808883903015,0.22872557506856267,0.090575842628646,-0.24590172145462846,0.91155751249312089,0.3295379261981905,-0.0071913381219542161,-0.34168335155068508,0.93978762065112709,-20.357898526926103,-15.083066488231095,1.4068556832549441,,0.08776151971657714,0.8,False,1
0.93085133454062519,0.3589934057756004,0.068114077792853722,-0.36539673732954375,0.91401726417034745,0.17623185054772805,0.0010086291985551277,-0.1889343150626363,0.98198920933936507,-5.1698526886225782,-21.570512072244394,0.15916553202045566,,0.767108104505792,0.58,False,2
-0.17267985987188789,-0.98198976308258012,-0.076666623739696099,0.98105725320396464,-0.17840869361747064,0.07547850010168769,-0.087797106618146131,-0.062180730477588278,0.99419576785799901,-26.367919198226325,-5.0323757940265637,1.1987622480456939,,0.1064058871339295,0.2222222222222222,False,1
0.44379261568960149,-0.89311814028526815,-0.073403690321167878,0.88929543676686973,0.42883131476169023,0.1589255474282939,-0.11046148833418964,-0.13580755123756738,0.98455805751710346,5.0122278369516273,22.068892690547688,-3.0332346663334291,,0.419166702251254,0.5614035087719298,False,4
-0.99864689345624946,-0.013753526559348857,0.050151995945967809,0.010481277875649455,-0.99783441487058055,-0.06493553198350098,0.050936480093117034,-0.064322010284723979,0.99662839312787799,-15.239019412267021,-21.341763275330596,1.3046521884090259,,0.185240700061882,0.1904761904761905,False,2
-0.99833159718213205,-0.051516638445527493,0.026077922291601476,0.045409288778498501,-0.97945053181480513,-0.19650611242484772,0.035665369203261278,-0.19499408116906702,0.9801557476996331,8.0036658192949712,18.592643480677239,-3.064827291006313,0.2202573223384169,0.2499473903492784,0.24,True,4
-0.57475971458603492,-0.80983122707738397,-0.11757828940463003,0.8163127484760484,-0.57746227863873689,-0.0130695610040414,-0.057312888292776948,-0.1034925137374533,0.99297760923187151,-19.731459650242115,10.589396440786814,-0.37569162989850213,,0.4208616664611294,0.3571428571428572,False,2
0.22607720950948529,0.9652006399745745,0.13144131745032586,-0.97002430361959546,0.21072551204124998,0.12102730668024086,0.089117594939071149,-0.15486278819531193,0.98390831437926729,27.429372538235224,10.41171070867351,-4.0950686908521128,,0.1674174687800585,0.4838709677419355,False,5
-0.51288493330970586,-0.85839430767882052,-0.010404697424561252,0.85613172585310027,-0.51234945602768844,0.067353566319265951,-0.0631467589959325,0.025636837806758669,0.99767491668157082,1.9331195996913115,26.499532937343702,-3.1962395686829326,0.7236864090419975,0.6085383045053033,1.0,True,5
-0.63395148436936655,0.77067238361864854,0.064572382590607436,-0.76817767887072885,-0.63715571378943592,0.062734759665227624,0.08949060928754704,-0.0098322689662789647,0.99593913334918127,13.813513363253618,18.293461329475296,-3.5416011733957511,0.3085348515991895,0.2809755980536918,0.8208955223880597,True,5
0.27263968914521519,0.95307731438628762,0.13157215778812384,-0.95859922284584864,0.25740879845653925,0.12177126276957442,0.082189597043277746,-0.1593246474321639,0.98379902767713745,-27.614308834366348,-2.0590563110013553,1.0970878747008441,0.1703339057775125,0.2220833570670223,0.7333333333333333,True,3
0.33842845512318737,-0.93660511389243495,-0.090758147807631584,0.93570586557868862,0.32474927515372559,0.13781306690139206,-0.099602780506221039,-0.13156279457988496,0.98629129429279716,-16.632848425220143,-13.070719461188677,0.88332492880756797,,0.09108741078425454,0.2380952380952381,False,1
0.99864367143826904,0.040897129036222134,0.032221767997552733,-0.044350591001865683,0.9923764273643898,0.11498717967353722,-0.027273477484155709,-0.11626027373132966,0.99284425071500348,-23.511396881499639,-13.828438971424999,1.5989603779502546,,0.5402662621208618,0.6984126984126984,False,1
0.055017328624899345,0.9744601785265572,0.21771645325278235,-0.99430356961034383,0.033533393357266184,0.10117273837391259,0.091288033230589108,-0.22204250042714346,0.97075415167433299,-13.671572321264451,-6.2879228531215423,0.21972093047398791,0.551438114582381,0.5369056374116334,0.5082872928176796,True,3
-0.99609830813457245,0.082978916688048479,0.030044299238298874,-0.081501132931197567,-0.99554261534549571,0.047460155519996113,0.033848572530814323,0.044826336191226557,0.99842119054099498,12.029409198494045,15.565776518808772,-3.155393765794674,0.2999813214453474,0.246998693540757,0.8275862068965517,True,5
-0.7832627825531181,0.61408821297586635,0.096928221644961898,-0.61695570112444353,-0.78699772668214019,0.00049096556973300676,0.076583786255277606,-0.059415863885426037,0.9952912532528132,28.598506814310003,-21.65143347415319,-3.3435566473162504,,0.2657431496445509,0.7941176470588235,False,4
0.61703844538561303,-0.78169580731077093,-0.090637860460563435,0.78133277816436597,0.59485337233333679,0.18886120615311996,-0.093715776057504391,-0.18735295635889909,0.97781195690251244,27.424985800560595,17.209721556403565,-4.4385492458718936,,0.3164819146344318,0.3529411764705883,False,1
0.51410697864004473,0.84703497712528486,0.13500282234076677,-0.85525393131387217,0.49429413435162728,0.1556085528425159,0.06507478379350333,-0.19546113749782462,0.97855005811776707,26.748943090949883,-30.038445540888279,-2.7909301670922821,,0.7316370912560137,0.4615384615384616,False,1
0.97089222799821095,0.23488984644882355,0.046851271572055507,-0.23938771057530711,0.95804418568274707,0.15762253108295138,-0.0078616561985017652,-0.16425010902502021,0.98638739653702312,-29.776069234551574,-9.989985120106244,1.8952633490376904,,0.07528403727564792,0.1875,False,1
0.99903599242945129,-0.033490524515766451,0.028380813909404223,0.02761401790621025,0.9820147749621303,0.18677378769825359,-0.034125530700296607,-0.18581002804944532,0.98199291322834292,-1.5015239342938012,34.216380379790863,-3.5443622047378045,,0.1563901300624863,0.4347826086956522,False,1
-0.13226188061408009,0.98771539076338533,0.083217196453371681,-0.98636659639426727,-0.13944376064092737,0.08738635554766698,0.097916967140605049,-0.07052477910244026,0.99269256221578328,-5.6476614388961872,-28.751026198284247,0.5483280588198145,,0.08189017898554582,0.2,False,1
-0.88200799626865589,0.45615942284488498,0.11823906066936329,-0.46191196227345072,-0.88656385965330819,-0.025334992901535291,0.093269682249068731,-0.07696170285571885,0.99266190753282513,5.3685081453022345,20.75908558543501,-2.9951560531260215,,0.507817133858764,0.3333333333333333,False,5
-0.18520179021528593,-0.96876452038467109,-0.16491088789074071,0.97773295366628066,-0.19850458323424158,0.068074971538825968,-0.098684184224551066,-0.14863120291129753,0.98395640010372243,22.437925744593439,1.3700929563088962,-3.5805073174929194,,0.2602147714647674,0.631578947368421,False,5
-0.99873320749502026,-0.047016939508560174,0.017927287746800864,0.046950508899467738,-0.99888876615582711,-0.0041088394675347084,0.018100551394617845,-0.00326193913759355,0.99983085059037502,15.324706071489656,2.3403275737675018,-3.0257974798160343,0.40364004797494,0.149518617644612,0.6538461538461539,True,5
0.94298929355449523,0.30612259040050988,0.13061451637577678,-0.33279526524848535,0.87233842576697274,0.35815217765440555,-0.0043015892164093364,-0.38120156161391078,0.92448194452532806,-19.012755583007497,-0.94421684907628267,0.3358960725560261,0.1253999706327501,0.1475837619914195,0.1935483870967742,True,3
0.91016553773889475,0.40123182591102619,0.10301318259606998,-0.41412143668821605,0.87524488947131618,0.24989961810621136,0.010105918451837552,-0.27010998746889453,0.962776435670191,6.8785182923751451,21.289043569819746,-3.1538234849846432,0.6701466954110168,0.2861475376050358,0.2857142857142857,True,4
-0.97135720830853778,-0.23761203853237167,0.0023860032555872088,0.23762327874946151,-0.97133026227604491,0.0072594065257893803,0.00059267478491299708,0.0076184467735670898,0.99997080357646406,16.142758947093785,7.3724459320468148,-3.3110253500059845,,0.4843720820280641,0.5263157894736842,True,4
0.48525392205465295,0.83403066744659715,0.26252900199627444,-0.87220599020977418,0.44059063797787568,0.21245376054199516,0.06152513122914624,-0.33207338870320763,0.9412448792649043,27.088862436464222,-20.67198168261357,-3.1939279218420418,,0.2819021182962185,0.4482758620689655,False,3
-0.33233082930420405,0.92521247254676497,0.18313410533781846,-0.93518424153079804,-0.34845079610796237,0.063344116413403123,0.12241999136761703,-0.15021292665956062,0.98104506643574929,-26.281413130988192,1.3931344620700574,0.86675215485632762,0.690113043931222,0.4919221211836349,0.18,True,5
-0.92691665696643233,0.37108628504453778,0.055861257504788688,-0.37244049842034216,-0.92792166128411113,-0.015794481825673057,0.045973755280370565,-0.035445162879840543,0.99831360516314771,-14.908397708823236,-18.040754466796763,1.0216558686347166,0.7731009249888396,0.7260753694765881,0.8962264150943396,True,5
0.95555105796167039,0.27963837429863297,0.093405327727867415,-0.29482521830851355,0.90577205096896973,0.30439297352732009,0.000516020997607336,-0.31840127402867613,0.94795588632554317,-26.929100466411686,13.279620566672838,-0.0022409357071076792,,0.4040419357144319,0.2857142857142857,False,5
0.2037446519970311,0.95701493037984642,0.20642320560602784,-0.97520969567387428,0.17979443420396665,0.12899616619476412,0.086337513551644332,-0.22758819050938323,0.96992239343897313,-13.895369378911353,-10.639811229760316,0.42287385594742966,0.4995066293735931,0.2768629770729937,0.4074074074074074,True,5
0.13995161719761864,-0.98513543971471784,-0.099607782135040263,0.98416166718512355,0.1273436526929371,0.12332642442809964,-0.10880881254370152,-0.1152898934725463,0.98735448688701455,-24.868265555392416,16.79314654891196,-0.50663215198542222,,0.6864448290317929,0.5636363636363636,False,3
0.89124889049296063,0.44952589868409198,0.060015678012711425,-0.45326713808044578,0.87855825318603653,0.15061307146148201,0.014977207063670686,-0.16143686744656213,0.9867693859750678,-23.140889016495024,-10.217056789792089,1.3699013015448873,,0.07506665511939437,0.2173913043478261,False,1
0.84752573759745709,-0.5306807933362272,0.0088328757445927941,0.52561464978422645,0.84151275691856675,0.12484197962031382,-0.073684218405924651,-0.10116410196975141,0.99213731934171412,12.194545129147816,10.550821631644631,-2.87690620754951,0.4194500374208428,0.4147480979902366,0.7622377622377622,True,5
-0.86753496629262516,0.48064082264733543,0.12793545976212758,-0.48867183791938706,-0.87158459071287697,-0.039244567220906842,0.092644034260942337,-0.096564490558178645,0.99100574270742614,-18.608776844936873,-9.5517155497726414,0.80734869309034885,,0.2951668025595817,0.2121212121212121,False,2
0.46247870518079603,-0.87757800929533936,-0.12637359239779578,0.88172334581052214,0.44024845064909857,0.16954422182359274,-0.093152502419385691,-0.18983713889094045,0.97738655197967028,28.328212223361504,-27.321666369560052,-3.0079699524687871,,0.3017426213584302,0.5,False,4
-0.22837736263260214,-0.97336202685249151,0.020252034924612833,0.96985709891011207,-0.22564090252161859,0.091996689086574573,-0.084976396314737704,0.040651541063534649,0.99555334577235066,5.6615204416199703,20.865965577238384,-3.0208517705398785,,0.07650938372565697,0.3,False,1
-0.58397117509460006,0.7921710953923623,0.17732067641280808,-0.80771839467993811,-0.58883026707995045,-0.029494261581150247,0.081047279746422646,-0.1604489706898059,0.98371106848011325,4.8462804613712684,24.011259638160428,-3.1651419598720381,,0.2537787612060015,0.3,False,5
-0.28000546550518191,-0.95995036720632465,-0.0096037382132993648,0.95648326607970469,-0.2798215431821236,0.08270227131510216,-0.082077408564891957,0.013971273085090018,0.99652802395700557,12.759612406051659,17.035629031269341,-3.3090485709784194,,0.06425862985871145,0.2,False,1
-0.84124246651166801,0.53606341755188924,0.070335800983243491,-0.53743278800177874,-0.8433063369453595,-0.00064841995294913357,0.058967032467310138,-0.038346244019317077,0.99752315995750729,10.427724402779507,19.492102903234809,-3.3277003708674875,0.3475410212409963,0.2809475781027397,0.7843137254901961,True,5
-0.44930075121270596,-0.84989694587985387,-0.27532529187089838,0.89059631362121339,-0.45041184786790306,-0.062987089665475865,-0.070477238339792608,-0.27350383669030714,0.95928546856067742,-14.217652576911219,-2.2945808776622352,0.017756936668657023,,0.4910918566479371,0.1753554502369668,False,1
0.8217366997240837,0.54348345727870417,0.17138998801259611,-0.56916993881712663,0.76785778740012156,0.29400680107082244,0.028184695731537472,-0.33914620739937024,0.94031137020305355,-25.908086651028832,-17.222399431772342,2.0617420727898006,,0.3519016444955417,0.1428571428571428,False,1
0.44189339723479631,0.86713345456382052,0.22980382385092496,-0.89052109701610471,0.393138864776162,0.22894105960213018,0.10817763747432284,-0.30581269590834037,0.94592610375850628,14.095197467958831,-5.1742240341715355,-2.635271243553968,,0.62186657316203,0.3925233644859813,False,2
0.93790472764646216,0.32554786188289375,0.11980530656816438,-0.34688638981928721,0.88230143228727886,0.31814150175976375,-0.0021341079066039895,-0.33994524883765115,0.94044280707342887,-27.856315927666767,10.355582065816645,0.23411908657943833,,0.3125514431666812,0.6086956521739131,False,3
0.86490381015864293,0.49936862459177123,0.050718595666520316,-0.50151237737748056,0.85558941981754189,0.12826566194219316,0.020657553346147495,-0.13637346321628716,0.99044209523835691,16.054321064403556,11.641730493751561,-3.3026316874128097,0.3171501741814081,0.2361554642837108,0.8765432098765432,True,5
0.26623917415715848,0.93406146913098953,0.23800393700309119,-0.96083035295743235,0.23745975829030239,0.14289120346755749,0.07695281008390753,-0.26672464280146363,0.9606957010118351,-15.047225100087779,-6.7134543844709542,0.32793967916713795,0.3475406003321119,0.2130203936299791,0.319672131147541,True,4
-0.88985540676063501,-0.45563143080468538,-0.023608352795996886,0.45297038631727354,-0.87610331847142098,-0.16510846278414748,0.054545248908086333,-0.157616542996728,0.98599282005261879,-4.7693595891216365,1.5058626649307967,-0.98712341872986076,,0.3156856464464944,0.2713513513513514,False,2
0.64356497073019447,0.715359044396775,0.27218663826274953,-0.76360376230160876,0.57579980010164911,0.2921709848731206,0.052282144637269101,-0.39587375235374445,0.91681543919673048,-26.844638120518511,19.518316456218585,-0.63208390435003659,,0.4480588895389962,0.2352941176470588,False,1
0.49038976985780058,0.85511873707786634,0.16819577615733289,-0.86891463877753217,0.4648771285344081,0.16993117984558803,0.067120966448074054,-0.22948028425979805,0.97099617661405779,-41.795845830879585,0.38940330680628793,2.0718537263263586,,0.7173506782961101,0.3157894736842105,False,1
0.96651870019843333,0.25291734697183732,0.04329454662494793,-0.25658041557088374,0.95447367694839691,0.1521397067109091,-0.0028447341185312905,-0.15815440434378075,0.98741029560890259,-12.18970683817974,-18.281441840865551,0.72454194789005444,0.2924429141322309,0.1771512200604647,0.5490196078431373,True,4
-0.67106224127098923,0.69730857312141492,0.25186548431996997,-0.73684334353252801,-0.66488335303155666,-0.12244187989948326,0.08208139516456632,-0.26775152793754664,0.95998529356180651,23.268871116863924,-11.548490243358788,-3.0808344443763742,,0.431218877639342,0.475,False,2
-0.94839972589251031,0.31370924141738377,0.046091992540377887,-0.31144365149861974,-0.94893465247631636,0.05025810651885107,0.059504721394347274,0.033309715984732535,0.99767211595433425,-21.683908096604924,-12.260598830741268,1.3339914129727029,,0.06678206991228527,0.1481481481481481,False,1
0.86182648368425097,0.50371589192621669,0.059375182032684062,-0.50704751385046454,0.85273762607466463,0.12546457577582393,0.012567048917761496,-0.13823473260190594,0.99031976047334169,10.403150204546485,21.541866294835781,-3.4217755392035434,,0.09642644773312019,0.4761904761904762,False,5
0.042199155129073601,0.97182259501514823,0.23190531499820408,-0.99462523111255774,0.01889645652913674,0.10180163832146633,0.094550943626621628,-0.2349548206542405,0.96739668766780973,-12.001592841853888,-12.135908409097912,0.31737371861444158,0.1982253151757247,0.1196369620250256,0.2738095238095238,True,5
-0.56039015975322715,-0.81195115932573891,-0.16339578856672771,0.8255557997349835,-0.56344061397301126,-0.031500730938338037,-0.066486768425649614,-0.15254504054641169,0.98605756435869862,15.003012734042059,13.875648344268313,-3.3619495562508055,,0.3263605498404857,0.1923076923076923,False,3
-0.67522887163881606,-0.73741216405688037,0.01700797478594554,0.73600145467831934,-0.67205763584696898,0.081488605407017925,-0.048660349533978901,0.067541353263989551,0.9965291445725506,-25.301799542874853,-11.488474099295029,1.5975452707956515,,0.08387908156113269,0.2142857142857143,False,1
0.83142942029304767,0.52735133710371451,0.17500196092070228,-0.55511600497936775,0.77483360208680352,0.30245513732276963,0.023902721328608378,-0.34861648889878027,0.9369606200801468,26.537055240408023,3.6513584790187537,-3.8734216524022331,,0.2750701934841318,0.5454545454545454,False,5
0.93581112619147766,0.34053681641567141,0.091061587739937444,-0.35248708387533567,0.90164655932659166,0.25057202109489823,0.003223631073965956,-0.26658611876839994,0.96380571148063876,-17.833599198686532,-0.097714929195834493,0.23671867993906137,,0.0957108259010508,0.5,False,4
0.0096350951307316683,0.97660267956598446,0.21483568420158072,-0.99590215830896922,-0.0099483849581472328,0.08988837918364001,0.089922500061770369,-0.21482140466271993,0.97250486275461734,-23.099067655036635,7.3569015169111234,0.12737073267442556,0.804943131494583,0.3770892623014254,0.5263157894736842,True,5
0.603291893335834,0.76551253621558846,0.22367263652946401,-0.794593811764156,0.55294914144153495,0.25073476281756013,0.068261011868952892,-0.32899514263260271,0.94186125856347847,-12.700275752699611,-13.114030129200106,0.47263730708600982,,0.08512696069534267,0.5,False,2
0.79985581433285557,0.59210435043493026,0.098199360863268387,-0.59987821291470522,0.78337301335086129,0.16270479901911808,0.019411490107273568,-0.1890480366193239,0.98177595911806403,-24.670010255644655,-10.42599500292444,1.5260320372573386,0.3903172222532448,0.2748179764308003,0.35,True,2
0.33460886055781103,0.92977987230499781,0.15344803515426864,-0.9390650594976051,0.31539067758126682,0.13669504206659863,0.078700218976589548,-0.18983706053174051,0.97865630636179179,-18.921470099088555,-18.239211999415662,1.4465651931518744,,0.1008857637903421,0.3181818181818182,False,1
-0.71580631391963656,-0.69252900805408268,-0.089581772456296227,0.69308776711560294,-0.72023737708762792,0.029790396449903618,-0.085150854531773082,-0.040763876772982183,0.99553384589522964,10.364873131847528,12.133161061090249,-2.8499211698535274,,0.5941361344026291,0.5974025974025974,False,3
-0.42803771024791165,-0.90326111192517533,-0.030051327581656538,0.90153032804588729,-0.4290798956477121,0.055977770270194016,-0.063456963520159906,-0.0031315866016677837,0.99797966259145621,-31.099982836372057,9.1285966468581101,0.57836550690346611,0.4362706965475205,0.5029646395632873,0.5625,True,5
-0.97634886716033176,-0.21269568581436091,-0.038774151579322798,0.21595742656672598,-0.95092527491697099,-0.22159312136156534,0.010260580169503181,-0.22472575900426484,0.97436802786962562,-23.797644411936098,-20.569531740509451,2.0923533697290866,,0.3663810541921543,0.2142857142857143,False,1
0.78412936584526116,-0.61520965741483469,-0.081597886263251485,0.61659058428843971,0.75738637779908791,0.21489980477240583,-0.070407307759560722,-0.21882173600421684,0.97322138224874177,24.707464236185398,-19.623623087438901,-3.0007265650040469,,0.2793084055091951,0.2222222222222222,False,3
-0.98411278625097709,-0.17530202962347613,0.028128674821741171,0.1763511089122857,-0.98349041414850502,0.04058191300824069,0.020550190333534911,0.044897702478981727,0.99878019903748749,19.341129162435525,5.9113983262487686,-3.524456709276012,0.1393316183930876,0.1042123739110289,0.55,True,4
-0.33066912962140166,0.92943781103675083,0.16371707953246095,-0.9414359993316227,-0.33699032157031195,0.011652567545716475,0.066001408150844987,-0.15027600800910035,0.98643851077447031,-24.365988171537762,0.42424728377471438,0.75650945982415507,0.1259212047059603,0.3185403795913733,0.4782608695652174,True,5
0.97687874206056724,0.19931117648488825,0.077349713886825266,-0.21378797352780088,0.91341855460573884,0.346354221104406,-0.0016203965688451477,-0.35488251440465912,0.93490950112018145,-15.231955436835747,-4.1868813782369063,0.25333586349243298,0.6385364381687127,0.3685135722630437,0.2982456140350877,True,6
-0.82173808248651958,-0.55871144289108066,-0.11219646774272321,0.56914416079398977,-0.8145367343209754,-0.11227124598856639,-0.028660914596055111,-0.15611352287449903,0.98732320946599339,23.739385575652335,-16.528274067556637,-3.0132506267066277,,0.4415010834278343,0.6938775510204082,False,2
0.19859200895307291,0.95889033302661908,0.20270802452809475,-0.97625553239980589,0.1752801360415896,0.12728711391187236,0.08652369293294615,-0.22317303407298539,0.97093122692799627,-21.582697719570454,-17.964098018404776,1.6554444199889664,,0.2270684426310919,0.1363636363636364,False,1
-0.88539334706626649,-0.45614476828048861,-0.089501795183859409,0.46455897832220888,-0.87502112836096424,-0.13609915716906931,-0.016235043302057627,-0.16208015082743749,0.98664403311261961,13.411530497285844,1.5455532814131123,-2.7641398391514791,,0.6588690711424676,0.4776119402985075,False,1
0.71165184211834287,0.68637830052082738,0.14978813098409877,-0.7019068719339322,0.68567435483509831,0.19281447625475229,0.029637792453073228,-0.24235409568565688,0.96973506359360651,-12.450526860368328,-10.566226932025685,0.24527376670887666,,0.1217306217521615,0.2203389830508475,False,5
0.38480057318576461,0.91315569155699361,0.13444404729468976,-0.91977748880016374,0.36720694693452882,0.13845009649504569,0.077057705470461479,-0.17693428469375813,0.98120149252206956,-22.823600859980029,0.67190415464064734,0.61151024511836982,0.5530013894331766,0.1047265644634131,0.3684210526315789,True,4
0.014460505181946083,-0.99870863813593702,-0.048702668330848777,0.9953667097716925,0.009747382458352119,0.095656163489267143,-0.095057913232711511,-0.049860251181400597,0.99422228323648498,-21.653676023045271,-9.2377564686454861,1.1650489427233743,,0.0654257550613427,0.4444444444444444,False,1
-0.91154616679480249,0.40978808120062465,0.034019322562526599,-0.40565348987712413,-0.90971275910088056,0.088701420955780361,0.067296596884336979,0.067055383340749258,0.99547714369181439,-21.149838868242558,-4.4465856716097987,0.79829805239918672,,0.08278626438716705,0.3043478260869565,False,1
