axis_00,axis_01,axis_02,axis_10,axis_11,axis_12,axis_20,axis_21,axis_22,location_x,location_y,location_z,dbh,dbh_approximation,score,reconstructed,number_clusters
0.80651095021881469,-0.58238885589470146,-0.10180033254761575,0.59000115244427354,0.80387531776191157,0.075386428537332822,0.037930558809137954,-0.12086229363555069,0.99194434253418684,23.399659477119872,1.5753880551291704,0.61588937528640653,0.4363278594431855,0.3411705552427127,0.9555555555555556,True,5
0.69381869009675834,0.71890283276353395,0.042359677961299538,-0.71767236868637729,0.68535998009721411,0.12340206199748455,0.059682463894372192,-0.11601902742961163,0.99145226248054141,-15.20725801304101,-27.877312270267041,-1.4894258118536479,,0.1132811987665175,0.1666666666666667,False,1
-0.25066661982318417,-0.93408204516375037,-0.25427736550688979,0.96782014292027285,-0.24781041533863177,-0.043751217211376127,-0.022145353106269722,-0.2570617259577942,0.96614121761955574,-5.530012880133472,18.851997902423591,-1.0695755153404318,,0.3009827495243969,0.391304347826087,False,3
0.15619485519772361,-0.96811225819762914,-0.19586174393497627,0.98772619718027599,0.15302173383907527,0.031325841994669222,-0.00035582798372627532,-0.19835071086429515,0.98013104679225216,14.594340614232181,-9.4857605908700933,-0.032968728307217268,0.2741767922678029,0.2222762395897803,0.5454545454545454,True,5
0.6971038242954658,-0.67343488479895519,-0.2460319371310461,0.7156258771567332,0.67455111945285129,0.18127435336682898,0.043884645336305074,-0.30243386579667919,0.95215959519556581,-4.0403848541363638,5.5080954537015243,-1.3666730554472259,0.3050245377584263,0.4362197149658443,0.3559322033898305,True,4
0.27849287803515016,-0.94842500713546218,-0.15143223805978956,0.96034462494169182,0.27278063356138277,0.057696856928698165,-0.013413360104726751,-0.16149529960326514,0.98678232147558853,-10.407963510205612,-2.1225222323781838,-1.7725637204460696,0.384241238024316,0.2778339746361201,0.8940809968847352,True,5
0.88069936085108524,-0.46242896324540012,-0.10260648005012009,0.46979368049628578,0.88041816103354753,0.064480690815636552,0.060518869472630042,-0.1049919790940821,0.99262991631507069,5.8338534948540666,-16.489576920021342,-0.48866542128600887,0.3179395458682394,0.2501747015063838,0.6037735849056604,True,5
-0.93218414518142978,-0.34988992234513999,-0.092788801660978623,0.35450311399765844,-0.93426137588225877,-0.038512643385694587,-0.073213807702725092,-0.068794794686098934,0.99494070908057997,-48.361355297581682,1.0609428640241136,-3.7068081777299735,,0.2307947953566577,0.1538461538461539,False,1
-0.99549189885008393,-0.052836436147120906,-0.078766682925751091,0.059484819279045101,-0.99463796301103069,-0.08459833811965134,-0.073874458368193299,-0.088902382153341272,0.99329700032179069,-9.6493374414840538,6.7728585689918122,-1.682366073731647,,0.1720849599292269,0.3275862068965517,False,4
-0.54709837989149313,-0.83109792376204528,-0.099797814798332357,0.83568814120442536,-0.54914413304613074,-0.0081272253141594433,-0.048048864402784247,-0.087846242147471554,0.99497454458401691,-6.4160369859476747,2.0421835984940353,-1.6044459528346866,0.5113309406034057,0.3882571071690291,0.8898170246618934,True,5
0.67392001457737882,-0.72612583526014574,-0.13628310724290488,0.73829367638870314,0.66875436230107821,0.08769293191432595,0.027463819043937306,-0.1597149782300758,0.98678106202565952,-12.509959252063625,-29.637947067886348,-1.2865695398058097,,0.1858897828507828,0.4444444444444444,False,3
-0.6488272171653845,-0.75450505356175812,-0.098718622433620701,0.75948209554368851,-0.65013017475812152,-0.022753074903013697,-0.047012645256257785,-0.089737840506350336,0.99485523126094422,10.903575440622401,-16.144973687118238,-0.11830797322353161,,0.1066551277470859,0.391304347826087,False,4
-0.56835334679460869,0.82036927347580524,0.062997843805526435,-0.82102463871482823,-0.56046749593116196,-0.10860353874454168,-0.053786762410015364,-0.11344796666944384,0.99208696345028957,-6.906435462156411,10.855466467741842,-1.4265732722400826,,0.2208898680705888,0.225,False,5
-0.94604103317301902,0.31909076927850039,-0.056457457560383187,-0.31678251508966537,-0.94737224024614364,-0.046202559934159754,-0.068229038439608841,-0.02582478213380458,0.99733538939583855,13.945093970865171,-26.491583692838127,0.43435338978994309,0.3451198311975024,0.2722028173962917,0.1818181818181818,True,4
0.9744293820668708,-0.20881941175327171,-0.082956811895076893,0.21323850005796782,0.97579740865754216,0.048464000559738624,0.070828817989612353,-0.064914332256011731,0.99537400408587695,3.418216543259629,-2.9009844432571521,-1.0487788003236185,,0.08754636005620124,0.4545454545454545,False,5
-0.90999295788464651,0.41166605449145871,-0.049435576053982973,-0.40967057151221653,-0.91108272867767959,-0.045807033762172586,-0.063897100381846372,-0.021431777450090429,0.9977263349627109,22.646876208069756,-7.0059658660283874,0.50870186201622591,0.8017759429934896,0.7446646061382747,0.9493670886075949,True,5
-0.91948514014599292,-0.37519204640093767,-0.1173797485437031,0.38991270481669188,-0.90846240273661261,-0.15054615716302458,-0.050151367610839485,-0.18419280966286261,0.98160982533553809,3.0864150062065385,-10.397863146880768,-1.0724261187945276,0.7500110622533076,0.5700426494499793,0.7215189873417721,True,5
0.93918481630744544,0.34273818805233092,-0.021503843101993707,-0.33197020132344662,0.92214016607823757,0.19862854663534824,0.08790714561866006,-0.17941027996133768,0.97983890777687233,-0.24046913612730059,-3.860625195317537,-1.3094492478848136,0.4552414541228074,0.295780415254813,0.366120218579235,True,5
0.22804714390685848,-0.94507578743904397,-0.23415007186075321,0.97357349744836885,0.22435352119749141,0.042663129191823294,0.012212502695029563,-0.23769150915158488,0.97126391946533575,-15.104598085653603,6.4961420883926557,-1.9325597678826587,,0.5326166681331381,0.1794871794871795,False,3
0.57185583670000661,0.8193228305824819,-0.041121786420885389,-0.81866779883230689,0.57317532183325637,0.035398949086209393,0.052573160331107649,0.013421986725243279,0.99852687148876818,-2.109501561300327,5.4704037455206249,-1.2146735790491159,,0.07013132331487563,0.2253521126760563,False,3
0.96021566635252831,0.27458688032944134,-0.05087159563170332,-0.26918902889250795,0.95858068627416926,0.0930609188975242,0.07431783645316252,-0.075664476824254229,0.99435996808592053,-5.1626964728414073,-27.593712373831526,-0.86988094510277947,,0.2653382301004422,0.2142857142857143,False,1
-0.97598880044162328,0.21382819724698643,-0.041513413189309539,-0.20653108782213045,-0.96900234303519672,-0.13557053129388977,-0.069215396954217745,-0.12374150982755924,0.98989760458850862,14.711963829297853,14.766647533940906,0.24784746735607807,0.7710121351273189,0.4197103940550551,0.3636363636363636,True,5
-0.4188110751978284,-0.88099434138787758,-0.22010509701998959,0.90691216640619832,-0.41805653568323264,-0.052335985678597499,-0.045908667112597237,-0.22153488080903672,0.97407119394265584,6.56337033527854,-15.743126748830644,-0.48599615543673275,,0.2030291815966854,0.25,False,5
-0.0099048929062349987,0.99584200393331779,0.090557143829689296,-0.99989369585827492,-0.010832684383510798,0.0097596071605248087,0.010700003710118191,-0.090450849366505479,0.99584343838250122,-15.046996269840562,9.7894188943801463,-1.9029059025759718,,0.09862069432189671,0.2,False,1
-0.48362345640165127,-0.80936455982463029,-0.3332226908810445,0.87405662159240949,-0.46667159487937371,-0.13506533523893643,-0.046188469000225642,-0.35657626369771955,0.93312378251697714,1.8030063187150116,-5.5813934792596163,-1.2191919650991376,0.7176953389204878,0.3695710594665608,0.3152173913043478,True,2
0.71324956907157311,0.70063968524403974,0.019470071400761346,-0.69794528768630137,0.70740612569127581,0.11157485707338709,0.064400524964501479,-0.09316976331189282,0.99356528098998342,-9.5404376415070598,8.9581807993844542,-1.6117983672232923,,0.1450796239368218,0.1818181818181818,True,2
-0.62001245236762315,0.78217242980840951,0.061569870526876458,-0.78372932317073074,-0.6137419839357301,-0.095336903437147263,-0.036781882924011938,-0.10736418025693936,0.99353914159751211,2.949963997898545,-5.9644991214411913,-1.1080907372020552,0.5047233862876104,0.3690582904033188,0.544,True,5
-0.16643860257077139,0.98588993794986612,-0.017866779886157459,-0.98601403157195555,-0.16656353109857935,-0.0057375649184403001,-0.0086325614686238936,0.016661943379574558,0.99982391375947233,-0.36723209189589107,-0.94986046674858282,-1.2689977535304495,0.1474160219456695,0.140144831906216,0.473972602739726,True,6
0.45998985616684146,0.87382070814898105,0.15762836747750131,-0.88660222409019396,0.44232612407095856,0.13521869768151393,0.048433753333087581,-0.20195289048284615,0.97819691349119142,1.725087945274512,-11.279942316563154,-1.1428903593417319,0.4512604217972128,0.3542590532457384,0.25,True,3
-0.88871308623247702,-0.40958074021219032,-0.20599191150717239,0.4533720743901456,-0.85191518310225345,-0.2620959422864626,-0.068138186960915212,-0.32631907398600962,0.94280064140336228,-2.2836273369488076,13.495545077364115,-1.0070716014580889,,0.3249385035395335,0.1428571428571428,False,4
0.99804417012819557,-0.0004495448959368209,-0.062511058081825333,0.01111043981461874,0.98532927365550393,0.17030202759992016,0.061517417047926681,-0.17066347115567757,0.98340713187003481,0.2735862757939253,8.8318969345444422,-0.94536481451623733,0.5010097370813177,0.4634031446901731,0.3253968253968254,True,2
-0.99733118679314958,0.026827481492255837,-0.067902798812354129,-0.017827169148400501,-0.99137469462371042,-0.12983992798788535,-0.07080039470174368,-0.12828289479321708,0.9892071587961494,-20.254375137909069,7.0228196568860453,-2.2169720312036021,,0.349160943807217,0.1428571428571428,False,2
0.86208522941831101,-0.49162996043595036,-0.12291883183844185,0.50159764921618499,0.86236030784741102,0.068807686708087679,0.072172401370456357,-0.12097388747604684,0.99002851627079813,-13.518403970444698,-24.538336646180753,-1.4541531750529439,0.1912644298001112,0.2059337388820452,0.4074074074074074,True,5
0.39471982482025841,-0.89648737436987136,-0.20126263311722764,0.91770769153545839,0.39536056451113605,0.038763603110355607,0.044820227470706256,-0.20000102905948033,0.97877001158833254,-17.885968584350419,-27.579973391725535,-1.6381236584876298,0.7809571173284896,0.3130654372510432,0.5476190476190477,True,5
0.80875489679439694,0.58779137444420637,-0.02041609757219548,-0.58408846407650794,0.80676194978282345,0.089307460580654488,0.068965085687125408,-0.060303038991497047,0.99579483853078876,-20.957426023133177,2.8482333238424573,-2.2753078723767213,0.5033481770907743,0.4510650267291519,0.7636363636363637,True,5
0.99572251678130574,-0.054940820829941638,-0.074284424889976636,0.058851414481793651,0.99693637826299197,0.051520565887424291,0.071226263331684414,-0.055671931010164905,0.99590534465349911,8.8043540208749018,0.3858715299217067,-0.5484129525417214,0.2658345639677154,0.2427330067397059,0.8533333333333334,True,5
0.98466255753214338,0.16654268430669916,-0.051992134964598313,-0.16065226697546722,0.98171462763219453,0.10211385316706065,0.068047754627915874,-0.092195033471982588,0.99341309579308368,-4.9450769197053761,7.5896038943166904,-1.3775391373015209,,0.1800957292529166,0.4838709677419355,False,6
-0.95495785476671013,-0.26950748864346014,-0.12418216129725582,0.2868402820449672,-0.94557633667880203,-0.15364909407302083,-0.076014131684352684,-0.18234885543427901,0.98029115404867428,-7.7613285745479947,-28.070564397963679,-1.0512626519773574,0.3318510223227202,0.1777183223301198,0.7435897435897436,True,5
0.93503536179422764,0.35449935670328414,0.0062512631761284798,-0.34977071288330036,0.91938968523213072,0.17995292467162916,0.058045849149163053,-0.17044885680380154,0.98365535967168471,-17.786903973916885,7.2596108202662206,-2.0898053583869483,0.7375395574268795,0.4563857520721227,0.7019230769230769,True,3
0.4112134041722641,0.90626401462629835,0.097923807230333462,-0.91019564052233637,0.40240082327348342,0.09806871775932044,0.049471529218255011,-0.12945699371701824,0.99035016765513795,3.7314856360505329,-20.623869746093348,-0.49516813154467804,0.2876222714192924,0.294353048531362,0.2173913043478261,True,5
0.67504066229192772,0.73692484271344627,0.035522956580769038,-0.73522241210725747,0.66791383395989401,0.11549508708244834,0.061384924758956724,-0.10408115389809408,0.99267265723176823,7.176328875089526,0.35291323671084601,-0.6702301753763924,,0.4226193014170493,0.25,False,2
-0.6782413584875252,0.73356033228087492,-0.043334726732373499,-0.73394788547894529,-0.67914341939257139,-0.009204199951719734,-0.036182330466429956,0.025562761973988254,0.9990182101254611,-12.532914625328756,-19.866164321757999,-1.4885630826994847,0.3802940059836548,0.3184616195414331,0.8627450980392157,True,5
0.9951699613728241,-0.05832284222678108,-0.078963244967546642,0.064554257930509909,0.99479737757791642,0.07880942422796848,0.073956039403526658,-0.08352618534742684,0.9937574556183485,-3.886489374048705,2.7524477284842623,-1.410447880939171,0.2746216843045574,0.2448367497540254,0.6302521008403361,True,5
-0.99683859065626057,0.067776099351506358,-0.041463532593531374,-0.060692172776718886,-0.98633843933038257,-0.15314353810378634,-0.051276547680991602,-0.150142876807392,0.98733369850416797,29.926313529540007,10.505258163711424,1.2002018763880093,,0.3832566624982442,0.4,False,4
0.97694036513141191,-0.19257890172433101,-0.092200268912592143,0.20202638627414995,0.97348127456884237,0.10732915406742893,0.069085904683313243,-0.12348107010579543,0.98993917141388843,20.066594386530046,-14.394385032351957,0.44960717739782968,0.4082869173519578,0.3892797769392544,0.8064516129032258,True,4
0.76292936980749471,-0.63842583862317792,-0.10174097140991178,0.64460461478407804,0.76321900850362567,0.044515566466279896,0.049230755470648042,-0.099544932754186605,0.9938144389566671,-13.581627729625202,7.6665731266944768,-1.8370254271381325,,0.06462315167257313,0.3333333333333333,False,1
0.83583003606298267,-0.52176449013397119,-0.17073361605199236,0.54674039756300252,0.81924398741764226,0.17295729748319649,0.049629512264397393,-0.23790986931037175,0.97001845631777495,9.4494388593424041,-12.848469416673579,-0.37294652644299991,,0.5012560897678006,0.2051282051282051,False,2
-0.36248557371936646,-0.91921171621949049,-0.15379866582698204,0.93145153438149109,-0.36291508954677526,-0.026280732060217457,-0.031658299760196691,-0.15278238950898157,0.98775264793986672,0.048298437111125303,-15.052409477035383,-1.0134477193399423,,0.104930184137625,0.3333333333333333,False,5
0.081832435162208408,0.98681870522961546,0.13961481140756002,-0.99486051544573384,0.072498688001055675,0.070685890000581911,0.059632267795814341,-0.14468166175113964,0.98767970992141862,-19.141359918817518,5.5241188578602021,-2.1566923806403242,,0.4130443443409696,0.3461538461538461,False,2
-0.94452434063305268,-0.3081813455695202,-0.11356948619527324,0.32523797320519443,-0.92579345536611612,-0.1926830007723713,-0.045760580602474094,-0.21893089376382785,0.97466672920475617,-18.173602504262814,16.843213125183357,-1.9940898648753962,,0.3465324119754923,0.2121212121212121,False,4
0.29734977293254478,0.95344990643891736,-0.050163616781336545,-0.9541990859966647,0.29857642403845686,0.018873878550466711,0.032972971053488953,0.042253933781700587,0.99856266115846637,-15.356013435218337,11.817796517787743,-1.8842713050751072,,0.1396957666868822,0.3809523809523809,False,1
-0.057754075223601348,0.98287392343372892,0.17499519258841045,-0.99760295999979565,-0.063510800404181278,0.027472029988080109,0.038115626647247165,-0.17298910042545601,0.98418594286815497,-9.5891736243241414,12.192801111711779,-1.5243317514931118,,0.4954247981676313,0.2647058823529412,False,2
-0.33090749106328265,0.93929709548358686,0.090670826478543812,-0.94366306752859641,-0.32942705435224118,-0.031270286908280306,0.00049733361462376419,-0.095910282435743816,0.99538985848880979,-26.611379636867284,2.5071139283044914,-2.6113308696215909,,0.4289899904790919,0.1836734693877551,False,5
0.65529270802383865,-0.74114869520713245,-0.14591120040473332,0.75448301311364818,0.65157673446357645,0.078760028115367711,0.036699451409194755,-0.16169839423614546,0.98615758353709249,0.29475895438587896,-20.970129658326208,-0.66850698418321608,0.4604529809155307,0.4281459292105671,0.8260869565217391,True,5
-0.87410935216798602,0.48455956225118024,0.033687847711134894,-0.48295594532742092,-0.85962521971531547,-0.16672743176302121,-0.051830447859932668,-0.16200775370438392,0.9854273653670772,-2.7897597321673482,-26.332927069677709,-0.72373800146637801,,0.148553470710329,0.2380952380952381,False,2
-0.097291415690289762,0.99052712080963923,0.09690409368827238,-0.99486952177786481,-0.099504493602122254,0.018261719263729274,0.027731120973759838,-0.094630220825862102,0.99512617603798692,6.3748170911529796,-5.4952201758084458,-0.77078750849062683,,0.4039487807609611,0.5555555555555556,False,3
0.026083398163703104,0.99746744518535002,-0.066169117688276519,-0.99957040671665864,0.026908908178844941,0.011615191643554772,0.013366314246183817,0.06583772821136645,0.9977408156367259,-16.487463719159411,13.617893185827235,-1.8999885907771372,,0.09769785353640004,0.2631578947368421,False,1
0.88766001226918279,0.45836861678922342,0.044248319301527714,-0.45515046451614394,0.85868693345964409,0.23557335366380647,0.069983978659505411,-0.22924868908765578,0.97084874274141142,-11.63082334400824,-25.218111362275891,-1.3355284765948303,,0.3905866805004981,0.2857142857142857,False,2
-0.89188330937208904,0.44999318703346231,-0.045280173221381198,-0.44533981463563127,-0.8912669315241577,-0.08553190207059698,-0.078845494251684675,-0.056119411926534336,0.99530598292245176,-8.8455931293262875,14.366112211640967,-1.4164891085701314,,0.1420452918675049,0.2608695652173913,False,4
-0.98922448052510381,0.13736198173621827,-0.05066175187791034,-0.12869296708420858,-0.98081006911025748,-0.14645725845787294,-0.069807215622046823,-0.13835929425026791,0.98791885210358577,-3.8141251906569265,-27.65994838023904,-0.77331065884323169,,0.2687466552132781,0.1363636363636364,False,4
-0.41835113222046738,0.90761185365857822,0.034972178489376574,-0.90805053210481634,-0.41705729561294608,-0.03882580739888955,-0.020653360840624482,-0.047999325770842156,0.99863381847979293,-21.346979534281946,11.437621837723777,-2.2224018263723204,,0.0882361379901408,0.16,False,1
-0.79605500824125608,0.60405999928393117,0.03752254147990973,-0.6044255790952362,-0.7902910662192294,-0.10054725252070597,-0.031082843972245797,-0.10272072779712575,0.99422447610759745,1.3272045015440901,-23.905715065558965,-0.52399506588543765,,0.4377070700809282,0.1176470588235294,False,5
0.79039864696410911,-0.60317921136320263,-0.10698045548871342,0.61056381702838403,0.78987683197792735,0.057501440331916509,0.04981770983332693,-0.11076745588745816,0.99259698090573723,-2.3694521897610374,-13.902787211183906,-1.1530651606624744,0.4369546463258884,0.3609469607633738,0.9152542372881356,True,5
0.45005528803565947,-0.87895344979198509,-0.15776904262214861,0.89270897579389041,0.44734652618546805,0.054330194614216371,0.022823721172589816,-0.16529343183733539,0.98598030362846167,-13.685026739191958,-4.4314047379839945,-1.8403857396012491,,0.07790859956142882,0.1666666666666667,False,5
-0.91421482159854373,0.40485919785775731,-0.017328874156071102,-0.40026974622710709,-0.90886882542275471,-0.11722452145328005,-0.063209099224961471,-0.10023217090653298,0.99295423947457595,-3.1285731160541195,1.4176879479069164,-1.4121473931391733,0.6083765250194975,0.5685410339664756,0.9212503028834504,True,5
0.0030280816125267101,0.9999935496359269,0.0019316853493338837,-0.99993060717362414,0.0030058878441351468,0.011390587151583715,0.011384707248639315,-0.001966042931737369,0.99993325933086907,-18.276816672788438,-22.748667623218207,-1.7376963597900372,,0.170189001517446,0.25,False,4
-0.36612024665589737,-0.90879963837321431,-0.2000979317267923,0.92712891989369162,-0.37470299165169746,0.0054437068276014574,-0.079924532437680162,-0.18352352802837874,0.97976077885095803,0.58676452424837267,16.742804171242252,-0.73956508000765475,,0.4045275478793304,0.4054054054054054,False,5
-0.9246948677872735,-0.3639695778095412,-0.11164921816575515,0.37373709848071035,-0.92371499873143814,-0.084090322497905601,-0.07252573823891563,-0.11948534448929893,0.99018345257087426,17.485836506449239,-8.9144449520982523,0.15640076435979647,0.6654514304840546,0.6538962197682757,0.9473684210526315,True,5
0.33676655999836319,0.94053833662980124,0.044451337398499421,-0.94095004322561115,0.33442534585420031,0.05265647352432714,0.034659778138186922,-0.059559427296986746,0.9976228618067382,-5.7644612997022522,-5.5038153337668163,-1.518599685394042,,0.07443559847791772,0.1460674157303371,False,5
-0.28089278711321913,-0.93458601799714747,-0.21828471570864533,0.95886045695902999,-0.28301098018045745,-0.022167750847074182,-0.041059301358996242,-0.21553134357102965,0.97563331929079755,-19.004773719110251,-26.287745749655866,-1.7198537670707752,0.8478145345316677,0.6160487979160092,0.5454545454545454,True,5
0.81238088603559511,0.5831219483530683,-0.0024676614321603174,-0.57844705172049471,0.80638865633218904,0.12302984716984264,0.073731298373821405,-0.098519684772583105,0.99239990293853941,19.96023053820241,-0.15588773618753443,0.31529532878996147,,0.3367429233592993,0.1875,False,5
0.052658764314351757,-0.99071254763403427,-0.12536228500376925,0.99856200066701972,0.050976248826632195,0.01659376025628671,-0.010049147464506868,-0.12605582103197768,0.99197224992395316,-3.5568210331072176,11.799160284173116,-1.1648097139325442,0.5813412412003462,0.4996780252018157,0.9539007092198581,True,5
0.35157509669303821,-0.92305462256191773,-0.15609328990176272,0.93570591031753714,0.34129458154187925,0.089288621934612469,-0.029144481160410164,-0.17744906981223768,0.98369834138350642,-2.6019168153781576,-17.803627429837146,-0.98308592313297183,0.3594924071938119,0.2226642207671788,0.4838709677419355,True,5
-0.99732524120416277,0.025791324686939787,-0.068389844479669198,-0.019061541756842965,-0.9950734395134313,-0.097290840271647333,-0.070562177424684291,-0.095726994864583012,0.99290348049107235,7.3104467682394656,8.8697924446271479,-0.41812026408907149,,0.1614497951760687,0.4545454545454545,False,6
0.22283348655083673,-0.96994871049872322,-0.09769716614858226,0.97484165437173631,0.22226174644361338,0.016836417956699497,0.0053838808842575324,-0.098990984790032724,0.99507376548521531,1.4257539273373612,-33.889276430037967,-0.2337303009213714,,0.2681818112475129,0.5,False,1
0.90310363860979614,-0.36926037931684491,-0.21920444839584496,0.40472491960933349,0.90253430266054224,0.14706995603544232,0.14353242622127368,-0.22153691518080743,0.96453089003681292,-14.120918905465844,11.91563852468691,-1.7995819676836839,,0.08539344921632377,0.3809523809523809,False,2
0.3813835348401895,0.91830034557270745,0.10616531765999999,-0.92330194037442981,0.37276420711749864,0.092522282683017154,0.04538861370008309,-0.13330911901707793,0.99003462188616209,-3.8783814891593553,16.343905265220812,-1.0295095271289634,,0.6934901171148753,0.625,False,4
0.28356746173116093,-0.95126678594241831,-0.12116516252673,0.95890835991826084,0.28249134001441428,0.026332491255718331,0.0091788848025562489,-0.12365332498417818,0.99228302580168115,-12.796997242574861,9.0787375431073407,-1.7832218713743182,0.4875937375846048,0.4263256353218529,0.8282442748091603,True,5
-0.87877901274061054,-0.4656753502016226,-0.10437391906618358,0.47355951386371331,-0.8779800798542281,-0.069945451662900407,-0.059066349098294779,-0.11089385733105216,0.99207546024001558,-6.9199042446196239,13.893797559316631,-1.3255093962869229,0.6668081930638332,0.5358368143361231,0.7755102040816326,True,4
0.98604165875323657,0.15639222214199092,-0.057125476423901318,-0.14708669163612864,0.97898030457446661,0.14129072297509321,0.078021486442555646,-0.1309161415134755,0.98831857796184308,-14.727204941161851,-19.674362431945337,-1.6081064698351577,,0.1112634129667344,0.1923076923076923,False,5
0.82393712430620614,-0.5528243402784897,-0.12455064827479859,0.5640465241407786,0.82122215996450243,0.086288368787128311,0.05458144185275788,-0.14134855067842067,0.98845407249218442,5.991438692451986,-8.5830206091871251,-0.78939230627151391,,0.1325801469698827,0.3333333333333333,False,5
0.76113601591206603,0.64851198078301819,0.010206667545887393,-0.64358581003812632,0.75321578497230057,0.13587967613343888,0.080431774809924611,-0.10999178173593727,0.99067277016756572,-10.844221598570702,8.1472482098062891,-1.6939406975576339,0.6081064644868004,0.4650965209765316,0.3214285714285715,True,3
0.033107534354383912,0.96507947328587373,0.25985669398965805,-0.99935534142251914,0.028353777246212665,0.022021918312295347,0.013884982508254495,-0.26041826656003531,0.96539605017972441,-23.520177535985827,5.0481038289941438,-2.40201143233188,,0.5230089087901719,0.25,False,1
0.4192110851483431,-0.87519138107471328,-0.24145830402221843,0.90787309926617543,0.40254239124725077,0.11715826423166115,-0.0053386999896142019,-0.26832754189885671,0.96331294424031289,9.0187131172563184,6.7636995994896152,-0.36979268213424765,,0.5234336769896563,0.1891891891891892,False,3
0.80593767954829765,0.5891754826887371,0.057764238788366548,-0.58913443778314833,0.78861931868137913,0.1760686923347001,0.058181362155241563,-0.17593129568388716,0.98268159049447423,-21.046048936161686,1.1211249236577951,-2.2906176765334658,1.405585415577604,0.5167985935564836,0.5462184873949579,True,2
-0.71066872254985802,-0.69151965185232056,-0.12942386909453754,0.70049704616701824,-0.71258610743259043,-0.039050324010843372,-0.065221584622242923,-0.11841288188417445,0.99082013216488973,-25.793854888283491,11.311907668821998,-2.4712430115435855,0.4644324189675981,0.42336941355638,0.9322033898305084,True,4
0.73069296013899299,0.68261037358293875,-0.011440099662038905,-0.67892124113860886,0.72830197236254812,0.092963355057969488,0.071789597673530978,-0.060160742430459116,0.99560380610767529,7.9029758106895276,5.1085288171217229,-0.49709053787163393,,0.213912081235302,0.4285714285714285,False,7
-0.53950704912304748,0.84023280669040834,-0.054230752416886907,-0.8414576453721333,-0.54032288849965127,-0.00045520125174662585,-0.029684591816765839,0.045387296951385839,0.9985283262302177,10.753131387971148,8.4934217062531392,-0.18366968852954449,0.1035162235503957,0.09088893507202264,0.24,True,5
-0.92344736637421965,0.38305354892238208,-0.022692293724698408,-0.37686310173671045,-0.91648014239590092,-0.13430692887329776,-0.072243782333883802,-0.11547349155524593,0.99067992240790714,-9.6718199181061824,20.160394541506633,-1.3469570527416335,,0.2955520267636508,0.1428571428571428,False,3
-0.79098306654581718,-0.58153896347336964,-0.19015315511475017,0.60608072859340489,-0.78727333760464235,-0.11343210447018026,-0.083737320625051043,-0.20497103663485128,0.97517943747567393,-4.6374418129486985,-16.563604659731993,-1.1294248088363958,,0.3783987150679876,0.25,False,4
0.11178307789114844,0.98961795325925761,0.090337423497348662,-0.99356975706415251,0.10965614067533443,0.028189868032186278,0.017991146285388244,-0.0929076821320452,0.99551217032047812,17.969190093655438,-2.7717790949142351,0.15768913704596921,,0.09352071656888614,0.2857142857142857,False,5
0.21683821197497705,0.97252781165345292,0.084680844280402665,-0.97555171769836146,0.21269657211447182,0.055308356570509719,0.035777589679465663,-0.094603508239918074,0.99487192155846305,-5.1717229335023642,15.889696691043724,-1.1410968099551788,0.8701066649569328,0.5559354836255109,0.5384615384615384,True,4
-0.92161438105643845,0.38443016699469523,-0.053295209300565471,-0.38160002730925491,-0.92261847652974094,-0.056183324247661134,-0.070769709534066805,-0.031441906277653114,0.99699701842186739,0.63578240395874197,14.933888679552766,-0.7890886114411888,,0.09341837575065044,0.5862068965517241,False,5
-0.9861293616351412,-0.135291778970728,-0.096151009687920022,0.14644773145802517,-0.98186137324251699,-0.12042136722823826,-0.078114941412439992,-0.13283214323820783,0.98805550332502934,-15.605888933631203,3.0312115874559207,-1.9749380991175827,0.3829682341523407,0.1903416454395871,0.4782608695652174,True,2
-0.96232327868539203,-0.24916738242620662,-0.10885551357221154,0.25898318820403904,-0.96188491766592366,-0.087778775307534515,-0.082834869033931988,-0.11266330681145435,0.99017441078349411,-6.6286682215851291,-20.011155782819419,-1.1264174101315974,,0.2013188566658908,0.4516129032258064,False,5
-0.74837702927585248,0.64852959660731635,0.13907258671859532,-0.66153753061620491,-0.71466559109181005,-0.2272029676205993,-0.04795745654706049,-0.26203521754478942,0.96386597985808775,-17.758057121334041,5.3176358154637207,-2.0943393179359573,,0.09687152716527951,0.4166666666666667,False,1
0.87282370668863285,-0.48088425154693537,-0.083241297782167628,0.48442984856025073,0.8743749796057354,0.028215542939350653,0.059215697802257716,-0.064951764053130509,0.99612989588716705,-10.360020037522093,-6.5631691055661197,-1.6763300006254327,,0.07807884081779948,0.4117647058823529,False,1
-0.76891137388938446,0.63504345414391772,0.074129012218593332,-0.63878161399475186,-0.75812945264406717,-0.13114031666832998,-0.027080412216255886,-0.14818753113056413,0.9885884416134092,-43.218715678447325,3.2837311699801921,-3.4321142464081458,,0.282994413888397,0.3333333333333333,False,3
0.84705198054300601,0.52174841516686166,0.10139789706418989,-0.5270291803502225,0.79976566751165634,0.28742846088898072,0.068870787112855866,-0.29690649763941518,0.95241973223046617,-35.897070683241161,-2.4979959924720587,-3.1192217259957009,,0.2658563771911931,0.4166666666666667,False,1
0.17869462326428789,0.98164239004092735,-0.066681704321142357,-0.98358802414331759,0.17994544609048527,0.013199817920824437,0.024956569842044939,0.063228589309222344,0.99768698253294208,-19.501649113551952,-3.8398576742185693,-2.124009252215203,,0.08341979148541406,0.32,False,2
0.63373632596846108,-0.76575087330111868,-0.1095621704173943,0.77237775651418428,0.63418917892247273,0.035166554846262216,0.042554322813454323,-0.10690970665105032,0.99335766178837859,-2.8114038661217546,17.953020498734283,-0.91876505085265869,0.2146564144491804,0.2512335951302846,0.6666666666666666,True,5
0.80557839063989833,-0.55924118068168804,-0.19568535551692484,0.59014804295120049,0.78669996426497069,0.18118624016840668,0.052618855317287196,-0.26144304935348206,0.96378357944605664,7.5051018566504544,15.951766409386696,-0.23155261322134874,,0.1869388515195469,0.3333333333333333,False,2
-0.39268047466598327,-0.90904638052648012,-0.13941564785849797,0.91948640073389343,-0.39113234505259831,-0.039499968596009696,-0.018622665800809315,-0.14370165867296669,0.98944581944293974,-1.2713408722239443,4.469235015846059,-1.1961311407908837,0.2668085613012889,0.1206449326083364,0.2,True,4
-0.98413316184134192,-0.15929752146164064,-0.078142302374200223,0.16417344060538719,-0.98457385772741712,-0.060509504043088094,-0.067297854081331598,-0.072378300172974724,0.9951042058498788,-9.7557832580710393,17.125199931812929,-1.4083300416119453,,0.1122229395784454,0.1666666666666667,False,2
0.88927895983529293,-0.43547881887828155,-0.13978959153898846,0.45308326092633366,0.88052196302586516,0.13927178930938477,0.062437891240978226,-0.1871877959094948,0.98033781871349124,-4.769130999870554,-5.1254055277078736,-1.4898859811702372,,0.1569147462430585,0.4733542319749217,False,5
0.85894265834573458,-0.49707346604474989,-0.12302633469392825,0.50845104502961269,0.85640896796057397,0.089672818652030056,0.060786877549832335,-0.13957667767562032,0.98834371883812699,-0.63593003504009471,20.564557157509672,-0.70193262224960995,,0.2451854800161073,0.2916666666666667,False,2
-0.90672191330004148,-0.39634542086444519,-0.14410301628105443,0.4101754309656277,-0.90823473899329743,-0.082859970540290775,-0.098038195483563323,-0.13423846783080595,0.98608749407989349,-8.7675874540792051,11.33934192412427,-1.4950510665396273,0.3060073809362837,0.2215276865292108,0.1388888888888889,True,5
0.28754365360491396,-0.93629355548701465,-0.20167554443963226,0.95675618397072115,0.29047402811815259,0.015570594805539135,0.04400286019477561,-0.19743155001746657,0.97932861254656489,-6.7248649438999477,5.6287341665089308,-1.5592596246868466,,0.1696044235372038,0.3121019108280255,True,4
-0.9233730856420358,-0.37549646460920072,-0.079903377762759437,0.37711325384774497,-0.92615001609576453,-0.0056339558200327738,-0.071886984108898849,-0.035334865951454325,0.99678669170686707,11.500256607040935,-8.8645968453550505,-0.28662509263958219,0.2141427057388197,0.1989901488871595,0.7571428571428571,True,5
-0.99421516369052454,0.098271542321065025,-0.043346421509319291,-0.080034408388444556,-0.94697177503150121,-0.31118957368073941,-0.071628917077784682,-0.30592018773452628,0.94935880307433662,2.7439090039800869,14.901096737687254,-0.62799851706416299,,0.4379332690464596,0.3684210526315789,False,3
0.19362108254162053,-0.97402825673697979,-0.1173875269069666,0.98106451214016643,0.192816459719655,0.018282119142990005,0.004826946715142718,-0.11870454051594434,0.99291788816916282,4.1276812309138524,4.4278003682380458,-0.79212430529733391,,0.08256666522281556,0.293103448275862,False,5
-0.99451512742017478,0.074791265979918489,-0.073115852354719069,-0.071196543917737304,-0.99617823068799949,-0.050596292724849209,-0.076620581220750994,-0.04511318251298628,0.99603919967888133,3.531145393469469,1.8202351509685919,-0.91217606713720079,0.4914861052148845,0.3804799340852935,0.8096774193548387,True,5
-0.49466700675955116,0.86837330145863278,-0.035105010146441941,-0.86864302378702185,-0.49529784944848732,-0.011804133083097329,-0.027637830046626323,0.024654606984072285,0.99931391499607147,-7.3561476976729931,-11.641509326839977,-1.4523124778874117,0.160914794770128,0.1580365014266679,0.6593406593406593,True,5
-0.18665169684258404,-0.95332563335706844,-0.2373423283995679,0.98217326033426855,-0.18655749903678939,-0.023064826847195945,-0.022289700539417565,-0.23741637756793982,0.97115221922846895,-2.8948651529599085,-8.1991305111696082,-1.3208873103228018,0.2702363094740639,0.151545441232624,0.2676056338028169,True,5
0.88306920911709741,-0.45934077227116765,-0.095889659706526048,0.46542509510359348,0.88341558616828808,0.054372630640356141,0.059734853788362213,-0.092644249925556366,0.99390582561861263,14.80161285184635,7.0643859401238291,0.096808271174251628,0.3814359156147665,0.2717484249704801,0.3214285714285715,True,5
0.72370605019013656,0.68797856564313742,-0.054176066060603593,-0.68736147578862916,0.72559819797425451,0.032271608236842039,0.061512230652687995,0.013883382589470319,0.99800976807243991,1.1296659808052636,4.441890190012062,-1.0340267793506197,0.5467859912262559,0.4627196981060431,0.9858757062146892,True,5
0.92279825305175345,0.38525935697085689,0.0043141663198131841,-0.37585680970891255,0.89770200821478774,0.22991903584213444,0.08470562413483114,-0.21379039340798361,0.97320019776322975,-2.5680333223854732,-10.491915474364177,-1.3265980799649508,,0.162713182676483,0.2941176470588235,False,4
0.90254775710231849,0.42988298402162795,-0.024661025895826118,-0.4219415541599022,0.89438970535107554,0.14843308201052163,0.085865423906833285,-0.12356243365471843,0.98861491692499892,-16.111042990480222,9.8363052797849324,-1.9646160247948565,0.152528003553455,0.1846085436953086,0.6666666666666666,True,4
0.98188029109611563,0.18047268639976755,-0.05779881850574646,-0.17507873930852852,0.9806364004434287,0.087747849930886163,0.072515715532188857,-0.076038540155688172,0.99446448474133464,19.943784856026461,-2.7659783632439905,0.31039399639249149,0.2117366559499789,0.1158515946572008,0.4090909090909091,True,5
-0.9319578334774985,-0.34945480452881594,-0.096622648543995632,0.35359934286157058,-0.93494159915748221,-0.029184086292316346,-0.080138014373921054,-0.061364042863708813,0.99489313642000199,-15.168451016055544,10.94831877816339,-1.8833326244480351,,0.07514048711426707,0.2580645161290323,False,3
-0.86632977279490309,0.49786545070174065,0.040033957669509943,-0.49605518840505364,-0.84827443125539082,-0.18536380265512786,-0.058326450479677792,-0.18044523345296498,0.98185413524542764,11.164527698148776,-6.29762175977387,-0.35455857627790893,,0.6178253070856643,0.48,False,2
-0.76336163097202414,0.63523311668560811,0.1172941082306394,-0.64408975635955534,-0.73463626473217147,-0.21320868718945837,-0.049268713322158555,-0.23830326478303276,0.96994028057470005,-12.165459009911395,-10.468907374904385,-1.6745984357459149,,0.7960824677543998,0.6071428571428571,False,1
0.50671326497493507,-0.78777295345838005,-0.35022198802745225,0.86090880081587196,0.48384940226932938,0.15724437224075258,0.045581836033852435,-0.38118700098911062,0.92337357905709527,-12.338807484800343,15.854037775858766,-1.6365657195375185,,0.4321684231509519,0.3181818181818182,False,3
0.57676123837036752,0.81674703753820621,-0.016454500479962893,-0.81510633478757433,0.57670787001248935,0.054860693167559808,0.054296748545815829,-0.018229353752195608,0.99835842950271669,-7.7507865505601528,16.482554531776746,-1.286506051305446,0.1448782819411625,0.1236800889004312,0.4,True,5
-0.95691339060110769,0.29034794987977297,-0.0038510893142877575,-0.28235548948363293,-0.93350369840768566,-0.22101181556114186,-0.06776533366516993,-0.21040178958313782,0.97526352669084437,-29.961477503225439,1.7696786666800368,-2.8228884582584191,,0.2379626773966024,0.3333333333333333,False,1
0.25723842861400681,-0.96024493206406603,-0.10843459452349681,0.96632741348197471,0.25634021540104496,0.022383563643522182,0.0063024437668524995,-0.11054123399629859,0.9938515557109836,-10.524529184062386,-10.324497369837646,-1.6124734212957907,0.1773989435181913,0.1201002008834418,0.6967213114754098,True,5
0.42596406696732403,-0.86859568820572775,-0.25317216293083378,0.904516203451036,0.41507036685803417,0.097811186736805153,0.020125887488068962,-0.27066237453099468,0.96246393577425149,5.7423367665496832,6.0136599572961922,-0.62661483516675176,,0.07663627542900776,0.2916666666666667,False,3
-0.93298848144569968,0.35849526532482423,-0.031837685677993985,-0.35290846586214536,-0.92862081345051284,-0.11453820126636512,-0.070626540425494183,-0.095627033657805838,0.99290853668469126,-25.214283449283478,16.453435542047551,-2.4235208212917936,,0.4565271272235525,0.8888888888888888,False,2
-0.43508693722342234,0.90035411931920661,0.0078623713011207186,-0.89974186924043031,-0.43442705101710721,-0.041685801903223248,-0.034116356682344084,-0.02521105252690839,0.99909983336862185,-16.429979746920726,4.9125771799133959,-2.0178163909956419,,0.2866357819072251,0.2235294117647059,False,4
0.83942820943712271,-0.51464443482460376,-0.17464646261877437,0.54062325960774604,0.82359143728103901,0.1715331909819453,0.055558729037681609,-0.23840773926493444,0.96957463739843208,-11.157970413037203,13.197111183048428,-1.5650963892247065,,0.2261831700637075,0.1612903225806452,False,5
-0.89558884796638494,0.44485736189694253,-0.0047479431693117358,-0.44171538406823457,-0.89043334582731781,-0.1096174079068775,-0.052991837821482722,-0.096074888523815016,0.99396251484622966,-20.129510861141632,9.1349793382714211,-2.1823406791575679,0.4418644398124356,0.2208958773491655,0.3333333333333333,True,3
-0.96655245927103361,-0.23361303426705388,-0.10583616441301566,0.2523563287582003,-0.9399028244378328,-0.22999774770520895,-0.045745238143458058,-0.2490133145723861,0.9674191141138746,-1.1507393556481467,-16.023181088029489,-1.0140399114961378,,0.5426729946489881,0.3333333333333333,False,4
0.55083147322527126,-0.82049414469137139,-0.15288573063453192,0.83416567182924728,0.54723845701685914,0.068539792117210563,0.027428453221801274,-0.16528590287433637,0.98586421492256104,-11.725676484972453,-3.097422460758577,-1.7967692702940461,,0.07887763742614425,0.2277227722772277,False,5
