axis_00,axis_01,axis_02,axis_10,axis_11,axis_12,axis_20,axis_21,axis_22,location_x,location_y,location_z,dbh,dbh_approximation,score,reconstructed,number_clusters
-0.73649406323835265,0.67603079946659306,-0.023640071641603165,-0.67632930971673477,-0.7365629089825616,0.007331161519946101,-0.012456308953547483,0.021387830271101384,0.99969365361772111,-6.319052649678726,-13.456119884313102,-0.8084307292009858,,0.07209230249057125,0.2916666666666667,False,3
0.84207941671515096,-0.53381338454671634,-0.077107239760286689,0.53795676141875914,0.84155347117085422,0.048890469461088354,0.038791478297571146,-0.082650018990106822,0.99582337569090196,-12.556733968936562,8.4101949957446038,-2.6611676778239963,,0.09696293571926198,0.360655737704918,False,5
0.82020720640156164,0.57088255793457188,-0.036786459642444209,-0.56984426903973373,0.82099254443923442,0.035337671368701716,0.05037506932517722,-0.0080216595085510073,0.99869815528477424,-24.127321902729065,11.059492876024638,-3.0077116252202467,,0.1008022553759379,0.2857142857142857,False,2
0.63883947086211146,-0.76341839479126783,-0.095270588131606701,0.76930790891130063,0.63502792509319517,0.070034817329341414,0.0070336160785570909,-0.11803342258087715,0.99298471257049292,-3.116699610435663,-14.586795415242353,-0.57580724610952438,,0.1163560582955213,0.5238095238095238,False,3
-0.73897554512838348,-0.66809201431135024,-0.086995425831551204,0.67185129781139863,-0.7403852611455054,-0.02110684030456755,-0.050308819617930912,-0.074045428568588423,0.9959850888325319,-19.781761397288243,10.061642842556536,-2.8887020940671881,,0.1255371929271445,0.5263157894736842,False,3
-0.3349671176528804,-0.93638666218420985,-0.10477141296573628,0.94160819595588052,-0.33670867375950481,-0.0011288595255842422,-0.034220394504365745,-0.099031751971935394,0.99449568963436719,-22.433595356453175,-0.27360327627819209,-2.3000345451149236,,0.4619277113586565,0.7083333333333334,False,1
-0.98910620838948571,-0.13103665590519981,-0.067069391935204947,0.13851145549278168,-0.9827319924151422,-0.12268825445427463,-0.04983457858402162,-0.13064159327315306,0.99017639281312186,-14.114309328987948,-6.3599623121443782,-1.618315575440292,,0.07453122942383009,0.12,False,1
0.9911896535777327,0.12788901522737836,-0.034459692752926402,-0.12037795684469181,0.97834489165943095,0.16837583101441422,0.055246883589503942,-0.16274419420694697,0.98512035259940711,-10.460383352848339,9.4525885783807979,-2.6773625827173246,0.4626483114742712,0.3631817952670001,0.5104895104895105,True,5
0.99245021718897708,0.11625331248062548,-0.039086234646401291,-0.10971927929133891,0.98396017097143218,0.14065582708746321,0.054811003943922229,-0.13530539264623287,0.98928671504650634,-37.058186631518801,-4.4156366689022217,-2.2773634580013455,,0.2216116987173236,0.3043478260869565,False,2
0.23814310470120045,-0.95874277805454278,-0.155242221098297,0.97117063417041227,0.23329845236511051,0.048983991763486306,-0.0107452784195707,-0.16243188619327095,0.98666124953774492,-5.3222726765023607,-15.800962528708729,-0.64156521679335066,0.1494903460704642,0.1390881912056778,0.3061224489795918,True,4
-0.30705661300446241,0.95169101866396388,0.00066438285310949086,-0.95159695383514331,-0.3070359411325288,0.01386247829716707,0.013396785506414797,0.0036243409345766975,0.99990369050768391,-8.7552092673830408,-12.103765041097301,-0.95630721264160157,,0.0684534889653212,0.3529411764705883,False,2
0.17856448161579505,-0.96604677961174845,-0.18673067639531324,0.9838598358868712,0.1730698272889227,0.045460512654835,-0.01159953593642191,-0.19183444550953635,0.98135875004103745,-3.8413813975930595,-2.2448857075880704,-1.4870496916612606,0.7503608369467605,0.583816940966203,0.9281308661839636,True,5
-0.90183992536936786,0.43122138764785301,-0.027071458121681054,-0.43072467540816078,-0.90220591964204278,-0.022377054260809968,-0.034073494160540056,-0.0085201759322684652,0.99938301146145936,-2.6008719269004423,2.2743415736450183,-1.6551961077945876,0.6187372972552939,0.2757693512918394,0.424,True,4
0.93370902246808529,-0.3354218892518433,-0.12521827970555077,0.35605222551382332,0.9066393272968043,0.2263447434897759,0.037606835393939129,-0.25592437634880189,0.9659650301755911,-1.0613078937928884,-14.25692183623984,-0.50487604777231809,,0.7836495264864088,0.1224489795918367,False,1
0.95648658459943414,-0.276246527259636,-0.093921614436195455,0.28515219257105306,0.95321950931638921,0.10030351006093327,0.061819418900788549,-0.12272091604781121,0.99051397577780564,12.441715538842903,-16.81140353320615,0.38112765549721317,,0.2164783774539093,0.3461538461538461,True,5
0.62192226784898941,-0.77842451230486842,-0.085252398186200493,0.78297840143436581,0.61989112215146769,0.0517669736905748,0.012550523529162895,-0.098945820127598477,0.99501367278968689,-4.5703438986775984,-12.286565962103994,-0.7514075929667613,,0.09086639570502279,0.5344827586206896,False,5
-0.92916583237859174,-0.3465290656573492,-0.12871854021408052,0.36230686988683042,-0.92280414097060814,-0.1310200344997117,-0.073379751791666462,-0.16837495081556197,0.98298793887048841,-3.1643993333558909,7.1204885160581979,-2.1207093731247584,0.6695093181477517,0.2907322228487149,0.4166666666666667,True,3
0.63212584083621615,-0.74181857547316943,-0.22387970526616185,0.77485911183699796,0.60635660839076733,0.17867574055820656,0.003205955440212134,-0.28642078231825702,0.95809856346093736,5.8793678499351882,-1.3236316137638724,-0.95602469338447615,,0.2687258894707799,0.125,False,5
-0.95770572943115262,0.2854233324936708,-0.036513793050759344,-0.28505313846990255,-0.95839304642294776,-0.015082334587264216,-0.039299415558055766,-0.0040360669408611161,0.99921932832609184,-12.867743623861177,14.428049392445166,-2.7799292036092966,,0.09004242773483233,0.3793103448275862,False,2
0.62037400241063656,0.77141464427823081,0.14161759680950511,-0.78298789026562987,0.59868699898690358,0.16883080566482675,0.045453941857519456,-0.21562310599086376,0.97541817459614044,-5.0804478171053153,4.9365055770698367,-2.1630074320443984,,0.1046546745344585,0.103448275862069,False,3
-0.16206390077853852,0.98546226306730744,0.050984508771822798,-0.98673777294079434,-0.16231995251807696,0.00089468786162440889,0.009157484167854989,-0.050163344035154739,0.99869904345549732,-11.550224221267746,-5.3703733863756646,-1.5508686181504197,,0.08316738308110053,0.2386363636363636,False,2
-0.31271621095048607,-0.94746918599411722,-0.067161841848002071,0.94926917207140182,-0.31420900831922666,0.012678250901602343,-0.03311510778552381,-0.059789971422414656,0.99766154027989873,14.132947212256418,-3.8742262671444787,-0.29949290459677363,0.3032441321220387,0.2335711690129558,0.6206896551724138,True,5
-0.76974652913770569,0.63831548316544007,-0.0066049096682014724,-0.63799859083805399,-0.76962512651639003,-0.02519846668524069,-0.021167875876236551,-0.015182509209630969,0.99966064864282156,-21.752035243011719,10.963678717830847,-2.993145301034315,,0.2088340757452561,0.5,False,3
0.52320274024077762,-0.80815627922079691,-0.27044837023088031,0.85216663442953378,0.49926935729581379,0.15665929921478214,0.0084213876281160963,-0.31243165207997564,0.94990291241210256,-16.788422868052905,21.481149164663336,-2.9539464636270991,,0.491352800693619,0.2258064516129032,False,1
-0.33061224368067438,-0.91954651073283533,-0.21243765892020769,0.94318304112853402,-0.32984349236595839,-0.040112609879670247,-0.033185768877051373,-0.21362931714279304,0.97635097152670625,-14.875133745803913,-3.8319607823218118,-1.7515621389445462,0.2701126541506843,0.2183153092420194,0.5142857142857142,True,5
-0.064991465580584912,-0.99512631154162667,-0.074160187966638064,0.99763354504913748,-0.066466346706481008,0.017593593953083034,-0.022437005022500924,-0.072841257766826886,0.99709113523918602,-17.779256260192675,17.882745672344164,-2.9366644483944104,,0.1803406881917582,0.7307692307692307,False,1
-0.98918708752114726,0.14296387279894618,-0.032714476241526291,-0.13976274236222705,-0.98651864500892417,-0.085131303861426449,-0.044444141670420559,-0.079638521609102467,0.99583252816279122,-20.335640144021085,-5.6308271963994958,-1.8120928459275389,,0.1681476057912829,0.5217391304347826,False,1
0.21831647656027653,-0.97234483063149457,-0.082966537872302612,0.97569391871006783,0.21583367924650662,0.037910419347557539,-0.018955027156346064,-0.08922641563531547,0.99583098651245838,-22.150498405213945,14.489321917687676,-3.0066376884726638,,0.1451213415002858,0.5652173913043478,False,2
0.57740597683363326,-0.81121489063303176,-0.09237282680548313,0.81637275051777936,0.57526633982302511,0.051031073657677867,0.011741811139397151,-0.10487630562647529,0.99441595441209052,0.069066411890267632,5.0079287636496828,-1.6975721483033941,,0.07085657462422801,0.2727272727272727,False,5
-0.44413986796855898,-0.83712405484694619,-0.31931660538950885,0.89512888144920888,-0.42991550186910765,-0.11797010997758157,-0.038523541845997239,-0.33822474488014875,0.94027653308715464,-14.216310098103882,10.535628482362199,-2.7659566307411425,,0.2060494317657016,0.1481481481481481,False,1
0.1990541968268239,-0.96839275624497689,-0.15030933563117599,0.97994236451602246,0.19520163297848817,0.040115890981998525,-0.0095073104701633507,-0.15527972222666106,0.98782479160670789,-18.526752993532174,14.106220810675103,-2.9189600010061474,,0.1437162248041428,0.44,False,1
-0.21887201718410507,-0.96469839308431993,-0.146465185195298,0.97528668839476629,-0.22093162058350521,-0.0022570924476364024,-0.030181377266982785,-0.14333955981123342,0.98921325054782361,-14.433040050820525,6.6406675619606741,-2.6472112099000116,,0.173124977517555,0.3287671232876712,False,6
0.97682078158594465,0.21367714604511226,-0.012776459597312731,-0.20903526758441401,0.96505103679323434,0.15805300784932153,0.046102251222022238,-0.1517187320086778,0.98734796743090647,-9.3795237493886656,15.398555781898676,-2.7145242660128415,1.03064891202084,0.7413087204139048,0.7142857142857143,True,5
-0.99633530029635453,0.08135396176368126,-0.026410268622762793,-0.072048514091977559,-0.96465677865711807,-0.25346856019634895,-0.046097516207612613,-0.25063685342787395,0.96698303330682267,-21.973333017455975,2.6072106063458911,-2.4075070259855447,,0.22308811331797,0.1176470588235294,False,1
-0.57484411197619423,-0.81215327682955629,-0.099806321750244342,0.8171687291176607,-0.57609479322093982,-0.018709820307753637,-0.042302660419015335,-0.092313835142600359,0.99483096089875345,-11.727745116351031,-10.178403758650067,-1.134980575831497,,0.0723095713227053,0.4137931034482759,False,2
-0.71054530391972648,-0.67549800224216427,-0.19704776082074793,0.70209467999489539,-0.69922445521181686,-0.13471533526887575,-0.046780673365086872,-0.23406753341842457,0.97109420675798785,-23.659533621883586,-6.2910522365206001,-1.856391105191227,,0.3288734212476654,0.21875,False,2
0.60219824094283791,-0.78748470246731705,-0.13124451221027747,0.79828313570626974,0.59188515029942101,0.11142712462411442,-0.010065478245855124,-0.17187149919342015,0.98506795395682667,4.3766810198894337,8.3682962974040755,-1.7283347673515259,0.4057384750033217,0.1759716885184018,0.2608695652173913,True,5
-0.99414421097513161,-0.094104808458147504,-0.05311847898509571,0.096183728606424768,-0.9946365962397179,-0.038035927384983952,-0.049254219474074615,-0.042922330385540754,0.99786356553302213,-15.354785437495668,-11.325960250827144,-1.268440962059364,1.276982744199693,0.844202729180433,0.647887323943662,True,1
-0.66386741845393449,0.72946174208189718,0.16481995496344909,-0.74773997176872375,-0.64366304696223509,-0.16304237668348948,-0.01284466171675909,-0.23148099017875376,0.97275462777169386,-4.5419962626244716,-14.401540908574475,-0.65567151646331601,,0.2125229586467207,0.3846153846153846,False,2
0.92456759986085602,-0.37616166538681961,-0.060639547994296002,0.37943804768149686,0.92347685417508862,0.056720964153812482,0.034662966681927532,-0.075451317392728062,0.99654682651870974,17.463928995433214,4.5346643735817684,-0.4558449169422617,,0.07525257200372695,0.25,False,4
-0.63969048566820585,-0.75917550966525715,-0.12020244619005234,0.76719196560782021,-0.64020592469580073,-0.039406368663004315,-0.047037968200006337,-0.117426230071872,0.99196699039772662,-3.5826389034925503,22.038948215814628,-2.6461116217293639,,0.1981631571466001,0.6428571428571429,False,5
0.99233655166403478,0.12342390206205484,-0.0058914031697547553,-0.12039299685215735,0.97650030548654232,0.1787531249898747,0.027815365187046436,-0.17667397596835141,0.98387631929782982,4.4654324642515402,20.447384610916394,-2.2931298387650845,,0.2251696338210887,0.2333333333333333,False,5
0.95477953734605892,-0.28878875618741762,-0.070690093824879771,0.29463851903518551,0.95088142700026335,0.094935003484995617,0.039801735715904119,-0.11147002326037148,0.99297042037934546,-22.868859616517579,20.747572987132688,-3.1320197531029166,,0.1419155957892729,0.4545454545454545,False,1
0.071021600496984902,-0.98536013592925853,-0.15498817627264161,0.99705061549008778,0.074660045643484538,-0.017774918715686459,0.029086120636536202,-0.15326865337043172,0.98775640594244229,-16.765305300982675,5.8580331095943672,-2.6796075944742239,0.3382334632899783,0.4495512151855444,0.8974358974358975,True,5
0.91425028335855785,-0.36245385954103387,-0.18103485598802571,0.40356879633958787,0.85414897300522052,0.32796609357545425,0.035758159905300846,-0.37290311290995659,0.92718100842405704,-34.935764809920734,-0.59858447476263488,-2.4869611344474238,,0.113601528574511,0.3571428571428572,False,1
0.28605546237946228,0.95642052617698081,0.058583696966137702,-0.95767187390365283,0.28330455239345514,0.05102070684546782,0.032200223240518334,-0.070698710741372142,0.99697785227294267,-17.724745830319716,19.533470591930357,-2.9568159036166524,,0.2473773495437436,0.5555555555555556,False,1
-0.74984107141664003,0.65034356533465176,0.1216207821244327,-0.66122064885567378,-0.73025075376785087,-0.17181702519938843,-0.022926428933161533,-0.20925363473378111,0.97759260185778496,-16.752637237617897,11.285023418628223,-2.8550084892916829,,0.4558367992907211,0.3225806451612903,False,1
-0.38850434054724747,0.92087166323499381,-0.032553912618386645,-0.92144689334567165,-0.38826139030498691,0.013737377553595307,1.0934343184523104e-05,0.035333732455766903,0.99937556865834243,-6.7974286985335937,-3.7489315689740366,-1.4022453248973714,,0.1194790105969899,0.5181818181818182,False,4
0.0416176279597293,0.99880629839493107,0.025572472106200783,-0.99899145447531157,0.041166336401723874,0.017927817283839662,0.016853691830224986,-0.026292794333751687,0.99951220204548574,-18.854426104457513,1.0677425617084266,-2.2770466895525057,,0.1034416411323954,0.21875,False,5
-0.93298601430688521,0.35956488637985851,-0.015817382539276129,-0.35911511874869073,-0.93294326508521142,-0.025557691958798822,-0.023946369116590975,-0.018164707946637205,0.9995482053364646,-13.375997805272736,5.024453789063636,-2.5408128312175671,,0.08899305063396099,0.3111111111111111,False,5
-0.67115073059674979,-0.73541206917791302,-0.09341191212532779,0.73987143550950396,-0.67237529461987411,-0.022399154045277897,-0.046335253712000424,-0.084146014120091289,0.9953755535330101,-13.414393923593311,-10.595645675862935,-1.2019067993538268,,0.2192861322447356,0.2068965517241379,False,1
-0.34356714753886675,-0.93486822386971047,-0.089347742728621615,0.9383743508088157,-0.34554524607203874,0.0072153074188588007,-0.03761904937848521,-0.081362687490690019,0.99597435720411598,12.354218158433753,4.1564550753184646,-0.70627469470102899,0.5140101331293317,0.08025093298961608,0.3478260869565217,True,5
0.6728625789786169,0.73950270168453491,0.019791513623715659,-0.7382064840246354,0.66946530416224148,0.082869737944214442,0.048032663409704052,-0.070370169278115097,0.99636384043256931,-2.6896722530348929,18.90604716477122,-2.5405941934089236,0.3386151874461236,0.2314267587593582,0.4516129032258064,True,5
0.90765501827064288,0.41868031065124917,0.029481609201207903,-0.41651609847734633,0.88984969714591622,0.18623065321941834,0.051736906723621995,-0.18131275179174575,0.98206363262284391,-37.721265654350574,-3.1840631919397526,-2.3346473526775333,,0.110913620124234,0.3846153846153846,False,3
0.63699250137386965,0.76557191608316866,0.090223026430105199,-0.76926555706499289,0.62375047384013504,0.13844077830500021,0.049709716423934999,-0.1575912043514919,0.98625248106359642,8.0818093961777855,17.589855733606012,-1.9857520313764592,,0.2262686900155492,0.3181818181818182,False,2
-0.72311012972653554,-0.67071099646317767,-0.16510148245926182,0.68887093212054096,-0.71779516336646865,-0.10112834581403596,-0.050681151982287113,-0.18686054337681224,0.98107826301609213,12.081105457147457,-3.1933756955902899,-0.48020028615725213,,0.510722660718837,0.3333333333333333,False,4
0.97818215794641306,0.20654088390812028,-0.022372508794313059,-0.2015089971076322,0.96947893023673615,0.13965932805119233,0.050535036954329968,-0.13210400108053752,0.9899468384405995,-29.842130865050517,21.098385953467414,-3.3215224194033341,,0.1488426034810309,0.5,False,1
0.99634643178807125,0.073812548663645783,-0.042959230939982815,-0.06901052146054365,0.99216115816493977,0.10418149622917303,0.050312382083555721,-0.10083622309756686,0.9936300721699679,10.452652398542973,-1.3277491263071184,-0.67206535494697339,0.3586261838364905,0.2496320064733246,0.7108433734939759,True,5
-0.83669469441977973,0.54649816460593659,-0.035801458240323186,-0.54682224278366642,-0.83724827072986263,-0.00087633149843407629,-0.030453622556798579,0.018843811774606582,0.99935853807878705,-3.4772382127716002,3.4282820571962005,-1.8682232052259897,,0.1083981516044634,0.5533980582524272,False,3
-0.051195455782668278,0.98336245632753316,0.17429086261960164,-0.99854537606135774,-0.053358645836487063,0.0077451185257369215,0.016916183189071683,-0.17364082008553267,0.98466375395174244,-3.0159569488516222,-8.1224979278728426,-0.99648104729951248,,0.7691909065644531,0.7191011235955056,False,1
-0.90444408108943353,-0.42119873553336395,-0.067620480384181128,0.42355806413761909,-0.90552953952604409,-0.024795551007080523,-0.050788487733782056,-0.051067389113284692,0.99740295331569451,-10.265347961501995,7.7660380051414748,-2.5930837843912204,0.1241271933025922,0.1066116429454554,0.4069767441860465,True,5
0.77373443070215242,-0.59711008255833231,-0.21164730107704724,0.63318989572084861,0.73952943154984452,0.22840047247890061,0.020139183276329138,-0.31073424204413935,0.95028345461668273,-28.059894821061061,0.11713789415148812,-2.4372033006410838,,0.2619177236582197,0.3478260869565217,False,3
-0.98809705683826965,-0.14365231195023251,-0.055029260751930043,0.1462837897822937,-0.98811593767414341,-0.047201128813618931,-0.047594738306671137,-0.054689185271891219,0.99736845443387567,-6.6449467399878248,-14.879399347122193,-0.74049870710189536,,0.1093110420734183,0.2903225806451613,False,4
0.86678590763670915,0.49745987543021597,0.03486922223626053,-0.49281092015439654,0.84379060425514207,0.21249661914327178,0.076286219587712853,-0.20137300838915245,0.97653946371527611,1.6268172711473097,-16.366356699327383,-0.22207680362545287,,0.196471244829904,0.4545454545454545,False,4
0.80150138542213356,-0.58385711668241358,-0.12925322613265916,0.59746639333865781,0.79093417052449588,0.13212511770146185,0.025088602936349822,-0.18312292373164979,0.98276983918243854,12.685093739618052,-0.30181399092396743,-0.57375115165328983,,0.09767843825530662,0.3333333333333333,False,8
-0.5346053831645049,0.84227150351033386,0.069107153507973723,-0.84509026093592732,-0.53237998425742517,-0.048928552332044573,-0.0044198600406446797,-0.084559249857750041,0.99640865015349778,-38.502339604260591,-2.0552584409963899,-2.4244514456021062,,0.3537766009809443,0.3529411764705883,False,2
0.069008891191069663,-0.99075961182930061,-0.1167611429561712,0.99747929773922717,0.066587396031330862,0.024518753463901019,-0.016517370197339495,-0.11815883486908224,0.99285732420330342,0.13653826973051536,-10.960358653125684,-0.5922221206270275,,0.08475716178516575,0.3695652173913043,False,5
0.69859005084907344,-0.71075270971140248,-0.082477430201168295,0.71525812737404237,0.69680849367636533,0.053513870779953412,0.019435845236775919,-0.096376909985609271,0.99515513320364202,-15.170315202988945,-16.545152390526589,-1.0707734681589569,,0.09143384249910003,0.3571428571428572,False,1
0.10515521721297022,0.99396395820700945,0.031273472438309274,-0.99422156796955741,0.1043959057934845,0.024999372746433671,0.02158365300523275,-0.033721575274807805,0.99919817918365794,-16.744466958716345,9.2875043793639733,-2.8193325334896708,0.1904708158588968,0.1027129880669456,0.4090909090909091,True,3
-0.83466061493873334,0.55006354425255732,-0.027780481536694851,-0.55035103964634102,-0.83492656163954548,0.0033719176974245126,-0.021339892930550254,0.01810342379445113,0.999608360817691,8.9375051611778744,-6.9257964622705623,-0.41623520342476772,0.281962628923852,0.2506880589197044,0.8,True,5
0.90611983521842887,0.42297872904925654,0.005986567932055778,-0.41989491399454404,0.89761610002868519,0.1340656487352736,0.051333277951481369,-0.12399327296741081,0.99095436970305917,-15.874460663588179,14.429780327020458,-2.8478121921015944,,0.3442975574118877,0.25,False,1
0.92280381252420252,-0.36006527357958323,-0.13706247609341105,0.38353214530939866,0.89229610900851941,0.23814018426680444,0.036554303510904593,-0.27232453545414714,0.96151085812096604,-12.545676190676879,17.927279579670291,-2.8196476408431446,,0.2806584108664154,0.25,False,1
0.99840816817300071,0.030209266880029784,-0.047629086911300682,-0.029066780496656112,0.99927717126644366,0.024500148107588708,0.048334790751510537,-0.023076723777557918,0.99856457619059469,-5.036791341935313,3.6182579430453821,-2.0106266730222737,0.2362390215440506,0.1551995255246076,0.7596899224806202,True,3
-0.80845940264603644,0.5799050855475848,0.10051609835873243,-0.58848901511105889,-0.79899399035724639,-0.12364983811805398,0.0086065885709899551,-0.15911849398813779,0.98722197681378476,-10.522917165590686,-8.9142122965600468,-1.2280848127821493,,0.501237388160762,0.772093023255814,False,3
0.17028397784080598,0.98277533093544789,0.071805402271920712,-0.98501923476551312,0.16775421192072673,0.039945356736654475,0.027211652516423324,-0.077531756639304755,0.99661845892987,-9.9821049129133677,21.345593584138062,-2.7969601941955262,,0.1899210782833532,0.2105263157894737,False,1
-0.29855828467078649,-0.90184622093489164,-0.31230809217804689,0.95383029817419274,-0.29317425494973581,-0.065242766032696589,-0.032721750249145573,-0.31736768899829904,0.94773785248902587,-30.106760576375986,-4.4774640412241276,-2.0221422757866381,,0.6755486623396252,0.3448275862068966,False,1
0.98437687183225975,0.17348315651615129,-0.030095989881165831,-0.16161077247631431,0.95806282820458266,0.23663806843414983,0.069886568247007549,-0.22807720538850207,0.9711316367829993,2.9318850257584996,-4.3435933684755286,-0.86434807155145443,,0.6407636209586398,0.2301587301587301,False,5
-0.71589341383526595,0.69512855531817463,0.065520314472360161,-0.69790571107969479,-0.70965588499104704,-0.096520170637645439,-0.020597050022635677,-0.11482515612374417,0.99317216284565857,-6.5249852206232317,11.043316686056855,-2.5803557571423781,,0.5973840656767593,0.5555555555555556,False,1
0.74525768201125597,-0.6157139625694924,-0.25590487236507109,0.66639318755472721,0.70080210043879188,0.25455163641435763,0.022607675330729979,-0.36023982611248151,0.93258573906026931,-39.143560559377043,-2.8135041966578029,-2.4135093058987107,,0.4869435076504848,0.5,False,1
0.95676945152144077,-0.26313859358613928,-0.12389631633293408,0.28814524774308675,0.91550880834925252,0.28074176397181633,0.039554175992390909,-0.30430527829868548,0.95175299566700744,-14.374296896076014,12.709124005276147,-2.8039971574905214,,0.4287928834793337,0.25,False,2
-0.99419429234181378,-0.094680124639810348,-0.051121258524710056,0.094840920367031123,-0.99549217807004109,-0.00072334314111541925,-0.050822326775687127,-0.0055675308311059855,0.99869219166946011,-5.1810453966291634,9.3414932254067793,-2.4262104290747364,0.2505754442558182,0.1236291132754513,0.375,True,3
0.96098952429481954,0.27025620940247563,-0.058827846085177313,-0.2635491331760858,0.95927252444105471,0.10167634068267373,0.083910598840371997,-0.082205870422316002,0.9930766366551772,-6.5782100842530378,5.8564295753799724,-2.3250770345583902,0.4221059752794542,0.1718766974000721,0.1044776119402985,True,5
0.96866758113110474,-0.23756418527813611,-0.072431865492689582,0.24488122292904041,0.96222396128225596,0.11898838174823015,0.04142829856985715,-0.13299739173164404,0.99025016529672316,-3.1044962823304831,-12.714718500608054,-0.67876777557157031,,0.06822734263317483,0.3235294117647059,False,1
0.81256019910494792,-0.57199424590496972,-0.11210934609626719,0.58196164897558145,0.80691267307375814,0.10105729639459399,0.032658260090669217,-0.14735847679915681,0.98854383684451885,21.655377458288307,0.70401320997665862,-0.10603814896050677,0.5395715085162118,0.4134803418825266,0.358974358974359,True,5
0.3758913853115331,-0.89687053304437681,-0.23308563534733853,0.9266189326315698,0.36626172305951926,0.085027665557762325,0.0091115386904297505,-0.24794272963361513,0.96873184250571898,-12.225529473625366,-7.3121780643119392,-1.4781702793216347,0.4326829545346489,0.3233851129902545,0.3023255813953488,True,2
0.32428545623111793,-0.93851826571544061,-0.11841624802137038,0.94595839359342793,0.32156377505408684,0.041945871824381628,-0.0012885911370479099,-0.12561927993523797,0.99207768649508266,-16.537545929046356,7.5645603815653999,-2.7533716827572317,0.3933344321511433,0.2897294590116245,0.7211538461538461,True,5
0.85112531133430225,-0.52189542574418935,-0.056664530293468934,0.52418593254474921,0.85076996689997941,0.037677201902485899,0.028544921234429768,-0.06177076985355083,0.99768209338617519,-12.98162871416825,-6.4344742372400336,-1.5903297395328533,,0.08177745000780326,0.4464285714285715,False,2
-0.74976711174224708,-0.65757804143383047,-0.073759050792001346,0.65991956362171944,-0.75126341452986167,-0.010461908920144085,-0.048532954773112924,-0.056519035846176603,0.99722121461991098,-15.153703504101619,-13.176048555567732,-1.1981793576480309,,0.07667464806349916,0.4285714285714285,False,1
0.04892397190036319,-0.96110099858365883,-0.27182957067799995,0.99847926245736918,0.040138580942545653,0.037789638295519651,-0.025408805876702877,-0.27326500844676765,0.96160315501900651,2.7787747730911212,-2.0782579587586056,-1.0842207575961724,,0.589523358560716,0.1944444444444444,False,5
-0.93264929648224393,-0.35542490059076826,-0.061955062837664769,0.35730740140819062,-0.9337235447922172,-0.022175725457883443,-0.049967095874212497,-0.042819177253885496,0.99783255478521959,2.1053165741154989,10.656765167255871,-2.0250209857726595,,0.1028256658516124,0.4285714285714285,False,5
0.47552149277444428,-0.86454663946684385,-0.16259894863175242,0.87953753897694231,0.47083633881148151,0.068752160584111877,0.017118044279291724,-0.17570500915223497,0.98429402229154328,-24.246945846434048,8.3249984058141777,-2.8609832461508904,,0.1943739014610181,0.4666666666666667,False,4
-0.9519817640060404,-0.27685944407091145,-0.13068882595193132,0.28824798057751744,-0.95438445222276558,-0.077867959061708528,-0.10316890371100912,-0.1117996671918062,0.98836077002422085,-7.9563760559779872,1.1786255928013496,-1.9656720966835441,0.4702510052757178,0.4803599897147926,0.7375634517766497,True,5
-0.98816906899492662,-0.14034239136177221,-0.061853894530242433,0.14243891036985579,-0.98932183717102928,-0.030878136426707451,-0.056859897065923377,-0.039323220664097568,0.99760745607791756,0.85228054562360422,-7.4883638274529307,-0.8542799407163556,,0.09739177692613717,0.28125,False,5
0.96310087915623654,0.26815369112854603,-0.023028124166337365,-0.25613773387870714,0.93948297619222243,0.22751966668506779,0.082644769053852082,-0.21322601947027964,0.97350115909992385,5.9464874248941504,12.307805067185278,-1.8177000907165031,,0.3893569134541681,0.1428571428571428,False,5
0.82717592257836881,-0.54182975538341216,-0.14899835330558625,0.56138398200589756,0.80860031383163555,0.17610666432188976,0.025060284392375731,-0.22931648142366987,0.97302925623726289,-2.8138716590595396,9.8234059880742066,-2.3062802660233728,0.854959494635617,0.4601542259314385,0.4117647058823529,True,4
0.92429382961334294,-0.36633843788025772,-0.10713106678342024,0.38004078940392338,0.90932290127723947,0.16941328047702578,0.035354135938301764,-0.19730182498952495,0.97970509589766841,-4.9853602778655306,-6.5919134047693424,-1.2117634353619773,,0.507669725913412,0.3333333333333333,False,3
-0.2379175953678154,0.96690302002649042,0.092161638863725748,-0.97119983956184286,-0.23808229521161461,-0.009364418925856096,0.012887569570936296,-0.091735328911063535,0.99570002509798694,4.7834730675658159,-2.8692706240996042,-0.93854884867746502,,0.1352557481317895,0.28,False,5
-0.76256099950838752,-0.63923757490395017,-0.099378291692335516,0.64503825130546644,-0.76301906167816302,-0.041563997264011096,-0.04925826206390372,-0.095797882788156791,0.99418126580204236,-18.824283296478626,6.0753379932531573,-2.7068178726029934,,0.06873867930476023,0.3076923076923077,False,3
-0.38896494789465663,-0.91501541768972972,-0.10701894551618435,0.92086730039072928,-0.3895291886624358,-0.016444642017209878,-0.026639902034293332,-0.10494663677352159,0.99412097807536937,-17.675356926674684,-15.458390970709857,-1.2007611598527503,,0.7074394959877692,0.968421052631579,True,2
-0.98026676099957344,0.19569311149335247,0.02795144707265855,-0.19766953026319287,-0.97177084326215368,-0.12879512797886211,0.0019580819528268317,-0.13177873234939361,0.99127722238304916,-15.193909441486001,-7.53397485917389,-1.5613506229039948,,0.2195780592208856,0.425531914893617,False,4
0.056591588875910689,-0.9967291187715317,-0.057692771309990704,0.99822881163799548,0.055425564773907546,0.021615882709019419,-0.018347525290801581,-0.058813863692333331,0.99810034453119223,8.2484422432421862,9.9592090638675579,-1.5339178197688683,0.2736707697128946,0.2320207687698646,0.7692307692307693,True,5
0.33478111261417198,0.93750726051770084,0.094877516374607063,-0.94171525401538558,0.32934030263247915,0.068610097046177224,0.033075474169784111,-0.11231696905874744,0.99312180092368385,-4.5856419704308342,-19.09484864867175,-0.44198341400758495,,0.6004841708473958,0.8193548387096774,True,5
0.78976254834631321,0.61077831392969384,0.056788805787226962,-0.60907946276002056,0.76983117991501682,0.19074108753653216,0.072782726477533449,-0.18522906268686606,0.97999636175990135,-8.7209028314696919,16.785806245344428,-2.7130917101868439,,0.4314411166181928,0.1875,False,3
0.89605135745417042,0.44314396661727701,-0.026746769061792311,-0.44141584082002783,0.89574588583979453,0.052833355697232021,0.047371091159980463,-0.035534952536733604,0.99824508356942354,8.5360208268816624,6.5427027008925664,-1.1773081001870194,,0.09852713109136453,0.4736842105263158,False,3
-0.9998419564488854,-0.017701034256040488,0.001653937946658593,0.017282351411059268,-0.98956111787141765,-0.14307380727014615,0.00416922704701643,-0.14302261144076761,0.98971063961265637,19.056015573788624,-3.6268104192970925,-0.037527689387659914,,0.4205021486462676,0.2307692307692308,False,2
-0.94440847963910357,-0.32422766172011325,-0.054488961829583661,0.32573095375661792,-0.94522484575605625,-0.02119756425263411,-0.044631483848982412,-0.037767900933840595,0.99828934498395328,12.997818352299086,-2.3273395140185307,-0.46303304319210692,0.1637581450924537,0.1276359361720595,0.25,True,5
-0.2203569219499619,-0.96823328767092776,-0.11818260275812639,0.97503051733099688,-0.22206689667847998,0.0013355421514163052,-0.02753756020397162,-0.11493734834915911,0.99299098119392648,2.8784961480943712,-9.8802775617789216,-0.55624774713925573,,0.06959709049596172,0.2666666666666667,False,4
-0.65368188111980918,-0.72962069012211572,-0.20088217153693744,0.75442726818242145,-0.64914898849022618,-0.097185841380961729,-0.059493657800447193,-0.21507961151128271,0.97478267598151302,-10.565834663001985,-11.702482636256223,-1.0465033135038682,,0.178543079704663,0.4814814814814815,False,3
0.23570612334973806,0.97145637019677866,-0.026742180530708079,-0.97139268472803886,0.23633230919133622,0.023308618344794252,0.028963347049169707,0.020483174470516376,0.99937058396338607,7.5799889366775748,-0.7554060949400514,-0.8721048961159038,,0.07302500749434135,0.2571428571428571,False,2
-0.72331680285241862,0.68965928100636231,-0.034393005584618747,-0.69021333321809841,-0.72357739911166874,0.0064266743153576066,-0.020453785940959951,0.028387032542706581,0.99938772206991866,0.76765911886302507,6.0208885830574479,-1.7088129868484641,,0.08268075494521887,0.4137931034482759,False,5
-0.35896800969721682,0.92890187514452882,0.09101249566404479,-0.93334600382587096,-0.35753626402472899,-0.032141204854790245,0.0026842422202703296,-0.096483813462250073,0.99533093420403929,-5.8420405909587627,14.544624124145784,-2.6043286655365017,0.5190603940933394,0.4591114653195798,0.7844827586206896,True,5
-0.92652408815024778,-0.37587918392593034,-0.016369275137570458,0.37024577369056205,-0.90317790199109571,-0.21722740255142922,0.06686689122151486,-0.2073270760082731,0.97598376134658638,-8.8241354720253753,-14.208145421117973,-0.86642240874580989,,0.2677370384796346,0.6428571428571429,False,2
0.32682470470650282,-0.90425664751639556,-0.27478269198753802,0.94499549844254827,0.3086752558731482,0.10818084088676772,-0.013004626747007419,-0.29502457835586748,0.95540116069068881,2.0474932739905283,-9.8949456845364079,-0.59705469107940534,,0.2020117276389371,0.3684210526315789,False,5
-0.77804764989068997,-0.61201244636828467,-0.14171316096214165,0.62626705156993945,-0.77336052794276078,-0.098504182337552149,-0.049309579368206416,-0.16539123105655312,0.98499457159525927,-3.1231329548508704,-20.251941906942481,-0.29481266328566524,,0.5137763956078831,0.4347826086956522,False,2
0.85576096035010984,-0.51016206511422924,-0.086068844880382828,0.51647198149258433,0.85217443206053467,0.083996605142288655,0.030493787462072,-0.11633316234286306,0.99274202301782721,14.810256380375222,5.1161442510878112,-0.62704189782387409,0.198930150704711,0.09403042081622486,0.5294117647058824,True,5
0.92380440502749195,-0.36764963616942259,-0.10686049913927698,0.38073422459940887,0.91155959960369104,0.15524350739740439,0.040334494796529043,-0.18410008526573832,0.98207957271020518,-8.4205965263523517,-5.7665372398193151,-1.4100433475117446,,0.1529542013689329,0.2564102564102564,False,3
0.28972345159622792,-0.91450846117132256,-0.28237315035468241,0.95709865287391693,0.27536234386120262,0.090209468739143692,-0.0047423899145796894,-0.2963947604619972,0.95505374493196649,-3.8322465730055524,-9.2277194577823423,-0.93216363401503322,0.8557664302404397,0.6230354383256718,0.2631578947368421,True,1
-0.27707306559537814,0.95939074007431879,0.052914309796417106,-0.96079627809564916,-0.27606138070402003,-0.025702647360524473,-0.010051284451683625,-0.057961383208495219,0.99826822534699089,-3.951306483347877,11.428928756680916,-2.4508567587289454,0.2169864962414476,0.1526644838657565,0.2432432432432433,True,4
0.68509509149352854,-0.72116543652979037,-0.1027868122196175,0.72845347375951419,0.67833779630774671,0.095986304585849572,0.0005021744430178457,-0.14063515654041553,0.9900613620203963,6.3979298089632843,-9.2383738170050975,-0.4303434386278166,,0.251899262544078,0.5333333333333333,False,4
0.70157164699915942,-0.70312558377801526,-0.11580862473802614,0.71232977981163192,0.69644965232509293,0.086857161879547645,0.019583383783186949,-0.14343045427343284,0.9894666219062257,1.9276955136145864,13.484056254242702,-2.1729148525932258,,0.705097719327613,0.5277777777777778,False,2
0.90237133355756816,-0.42510943637325632,-0.070766824712915594,0.4295872640379424,0.90038131231256435,0.069052697374541144,0.034362173242263913,-0.092711701228685925,0.99509988519010084,1.8568806322764007,-12.707981613019037,-0.47171028219382122,,0.07564234401061834,0.1794871794871795,False,2
-0.81501061027056421,-0.56767390212710678,-0.11620691025144177,0.5772771714331314,-0.81279961431043457,-0.078152762708505866,-0.050087648063827789,-0.130778927280326,0.99014549420317077,7.3219555823629454,-3.1335632134130296,-0.75032039786090288,,0.0679911256337658,0.3333333333333333,False,2
-0.65805609477101346,-0.75009143542693102,-0.065764843449129806,0.75139777069194369,-0.65981276542260225,0.0069645376411669371,-0.048616523260102656,-0.044832500315548765,0.99781084408897647,7.5951467280862506,-4.9166622937152065,-0.59248448737644399,,0.07591831842255635,0.4137931034482759,False,4
0.72342163311869423,-0.6560775887636543,-0.21499613544887514,0.68970320195485602,0.70080316304838197,0.18216591304248472,0.031154998781907167,-0.28006628533876138,0.95947498240832052,8.3917556311673973,3.4330712005527673,-0.92197432173123584,,0.2547135233589606,0.2777777777777778,False,2
-0.53107188018152207,0.82139018076848103,0.20804045043593175,-0.8472801214502943,-0.51221111169909861,-0.14055665351433272,-0.008891224642180659,-0.25091422436580968,0.9679684902595056,3.5885025608310013,-8.1247186277617214,-0.65787271946809456,,0.4429648033420035,0.2105263157894737,False,1
0.33461369312945494,0.94164530012518277,0.036576018405815897,-0.94191852401004694,0.33302483542546513,0.043404528756546296,0.028690947997634532,-0.048975378936741996,0.99838782132045301,20.730044211514421,5.1577601984836488,-0.35725644547912749,,0.1440259297690625,0.5217391304347826,False,4
-0.19150613800893868,-0.95206914473211823,-0.23851570756231993,0.98143365704044805,-0.18311804839561568,-0.057059242721870199,0.0106478135367619,-0.24501453834585768,0.96946093271779255,-15.878072272091812,15.731371109114347,-2.8529185568703279,,0.3962766315116093,0.3207547169811321,False,2
0.99089655587276049,0.13439750289093358,-0.0078311414355971554,-0.132662300399748,0.98469127496752007,0.11306549896183452,0.022906977368257128,-0.11099731627171483,0.99355667486476518,0.55316345617995277,20.856250402976858,-2.4387555908508629,,0.1980653949728122,0.1818181818181818,False,4
-0.94849258417357007,-0.31070333768894953,-0.061848635528122461,0.31569549377617878,-0.943283301166149,-0.10272764452915061,-0.026422963065458278,-0.11696174455795147,0.99278485954047602,11.809403757349715,-6.9200839065812305,-0.24327264258658687,0.6645160718271267,0.3923256655319908,0.7317073170731707,True,5
0.61450128193348641,0.75966464446261273,0.21283280399316629,-0.7878641148054224,0.57700268999896864,0.2152627053992904,0.040722366139131813,-0.29996253713996646,0.95308140534194896,4.1870882712298361,-18.067464758485663,-0.012227890429514608,,0.4280212701986307,0.1578947368421053,False,2
-0.88366134111030514,-0.45477617293988298,-0.11100120158489551,0.46470368658219269,-0.88080541373912624,-0.090732060512071652,-0.05650768004489419,-0.13175908186535265,0.98966985729683765,-0.6500928296628613,-19.168006179745618,-0.23932859494738709,,0.1521552641818804,0.3846153846153846,False,2
-0.60080361178065056,-0.78321453853008072,-0.16003126790236494,0.79817863746986528,-0.59879154499867016,-0.066026875776880503,-0.044112161113180712,-0.16740272480822677,0.9849012361494458,-20.145584858027643,2.9565026336726303,-2.4057779231053718,0.5463635114739805,0.366584890166548,0.4814814814814815,True,1
-0.96421291154544275,-0.25024251682559745,-0.087590775666454374,0.26022900370363472,-0.95647670460660583,-0.13203476502914455,-0.05073782455401725,-0.15010328549927993,0.98736754901194113,5.3492521515949516,5.3786954676649952,-1.2649910609270971,,0.07678175499306521,0.3181818181818182,False,4
0.95337263586266252,0.29938341550775782,0.038081330165702518,-0.29741888005198719,0.91062478944356884,0.28688761325557266,0.051211590259448131,-0.28483690661458649,0.95720703594015277,-33.241404097151033,-3.4336466157805376,-2.1762122308621299,,0.5454346776173852,0.4166666666666667,False,1
