axis_00,axis_01,axis_02,axis_10,axis_11,axis_12,axis_20,axis_21,axis_22,location_x,location_y,location_z,dbh,dbh_approximation,score,reconstructed,number_clusters
-0.32486428614820057,-0.9202052312196296,-0.21837016284613625,0.93550379006493756,-0.34657087869564729,0.068711606110348641,-0.13890951860674255,-0.18196416811052335,0.97344398255076181,-31.000260332061789,7.8583551546872723,-7.1449853166437522,,0.1781659402152512,0.3125,False,4
0.99235222963732972,0.10275854385422424,-0.068393961712857498,-0.071751654699966833,0.93104540594729501,0.35777947413490951,0.10044278163032461,-0.35013587895186515,0.93129808004149095,-21.806757227920475,-16.126164579764069,-3.4143304944458572,,0.5174991363540373,0.4583333333333333,False,1
-0.99268910718575909,-0.075347506491644081,-0.094292575212642185,0.065469157712168519,-0.99244123557337438,0.10379876358633672,-0.10140081786257613,0.096866646473823315,0.99011854186138504,-8.7599722689109356,-2.1659219632846187,-2.8030267513315974,,0.06707437600299986,0.3571428571428572,False,4
-0.42126847129604883,0.90567193081622854,-0.047866782046581215,-0.90463379918378106,-0.41585527215060947,0.093284950548632353,0.0645799076045213,0.082599917410050641,0.99448815436768501,-1.326254408934731,15.931848198063921,-3.6805875085224926,0.3169861849555602,0.3061150670535488,0.8169014084507042,True,3
-0.96814813535074296,-0.20657750914732742,-0.14147409915374781,0.21067572648014246,-0.97744898589340234,-0.014464378590945265,-0.13529569944733211,-0.043808819779170421,0.9898362799072441,-0.34064401682914081,-6.6040028163046394,-1.0088172230732571,0.4838823264533439,0.3406325261348709,0.3870967741935484,True,5
0.93834600240733879,0.34000633828848204,-0.062469750198189719,-0.3200078126653691,0.92267439527309536,0.21509755958762544,0.13077377259715325,-0.18184512704794806,0.97459251493617716,-12.904956905882191,1.5284031117998651,-3.8022531345416026,,0.1049732307491636,0.1532846715328467,True,4
-0.41372453866036729,-0.86027833803603349,-0.29791473145218333,0.89933485352598763,-0.43706269804030384,0.013153676866959688,-0.1415232395886149,-0.26248310248031276,0.95450185624159622,-8.7064212403077708,-14.125820857268726,-1.6367706617298863,,0.4835207622084012,0.3125,False,2
-0.79578900045324141,-0.58559453584183674,-0.15426894162408389,0.58689935775208235,-0.80857915820975779,0.041819717586238654,-0.1492280490652621,-0.057260671503078647,0.98714345708776929,-15.25619953534542,-14.064789669080008,-2.5826886257522128,0.3101019700225717,0.2527832404544093,0.6981132075471698,True,3
-0.90151813778297107,0.43273203107888997,-0.0028348768339793856,-0.43166169842158697,-0.89971215836966034,-0.064700928877398339,-0.030548737520819214,-0.057105353165409052,0.9979006730510499,9.9414244328151131,-8.3766456382085863,0.5119902273262712,,0.3376765002079472,0.3174603174603174,False,5
-0.81872022218361273,-0.53493976564056822,-0.20865436713385646,0.55611333971663746,-0.82920391228826085,-0.056203427253590746,-0.14295156934019232,-0.16205035940181067,0.97637315092177757,1.3651047685067332,-16.593410969469943,0.22117124568056298,,0.3788897973666938,0.1666666666666667,False,1
-0.99364482577268998,0.07389204162211141,-0.084911285469462652,-0.076344970493401165,-0.99674217808596233,0.026009150405444326,-0.082712790398596275,0.03232640730683628,0.99604899362185517,-0.35984903161306697,-16.399485685720595,-0.059172354854241833,0.386905288940907,0.3376216608315309,0.3076923076923077,True,3
-0.02874249423015893,0.99740805670846189,-0.065962394123310841,-0.99254764079646884,-0.020660221140845314,0.12009303065446575,0.11841895867973323,0.068922591909047343,0.99056883988430922,-4.6480743483261113,9.4226176897479093,-3.4183981815192839,,0.06730441453145272,0.2168674698795181,False,4
-0.97791341777473717,-0.15871575394764936,-0.13599506161975738,0.17569289907660168,-0.97666276267903618,-0.12353887327562602,-0.11321374717847395,-0.14470368842908385,0.98297685120496436,-13.123926140606585,-10.625563464637471,-2.6492160247290095,,0.29614243618048,0.1290322580645161,False,3
0.11869596141138299,-0.94025018242884006,-0.31912515285881393,0.98591865115395483,0.073476177541744098,0.15021872267004505,-0.11779508500524663,-0.33246179596517245,0.9357315171416527,0.54081328053111288,7.9836284417614038,-2.5644564744272267,,0.3559149910294391,0.4873949579831933,False,5
-0.52328838380626919,0.85171561636861326,-0.027382041692610923,-0.851847793370894,-0.52369287087748706,-0.010055541817025823,-0.022904242021098975,0.018063383568112573,0.99957446439547981,-22.743198378579009,-26.624572916069681,-2.5137871411591819,,0.4722456781658089,0.8409090909090909,False,2
-0.93232347396162785,0.35299585833297187,-0.078529382398507153,-0.35801070829492165,-0.93160555229142505,0.062764860279916318,-0.051002672932807684,0.086631512393340035,0.99493402214124327,-4.0360598625300872,-11.242051158711474,-1.0328179757035756,0.5725989300125712,0.431677045989704,0.9311926605504587,True,5
0.59204429694276406,-0.78898117187820827,-0.1642932161692528,0.80478088993033292,0.56803670417422714,0.17222665854571412,-0.042559013857099391,-0.23418585169170669,0.97125986080293714,-7.109831857856916,19.059493578228277,-4.8178195203132432,,0.07584472711811813,0.2173913043478261,False,1
0.2005904372142461,-0.97211223793378854,-0.12149598082883037,0.97347263502316095,0.18384853751641062,0.13620111642031657,-0.11006591370293205,-0.14559365409398464,0.98320292032128365,-7.2283605858136486,14.064464370778381,-4.3141278040738236,,0.07518534582168132,0.2727272727272727,False,2
-0.45214975529967483,0.89040683539164278,0.052309332535236591,-0.89005786796377517,-0.45422798055523111,0.038391839712271274,0.057944718984739296,-0.029199472059513121,0.99789267978737217,11.679962718904974,-16.784560157367565,1.7054937697080228,,0.3498774544589034,0.25,False,6
-0.28478043981944534,-0.92675440226469807,-0.24500281422719139,0.94644461404465086,-0.31239381281274053,0.081564074580588009,-0.15212722847049015,-0.20865374091858174,0.96608535997528022,-6.9766229528069115,-8.7063232915341811,-1.8312535016591558,0.7340371386103703,0.495448673579395,0.2542372881355932,True,3
-0.99525267782319793,0.042423383156887512,-0.087592030729272727,-0.049688635154077683,-0.99535137132285523,0.082502649304347558,-0.083684806400438627,0.086463311104971685,0.99273407769174815,-12.045782090133953,13.95421498667778,-5.0059906726171004,,0.1124279107686299,0.38,False,5
-0.25789605025392653,0.96337450039287387,0.073479243710071696,-0.96147101863281537,-0.26339144818846311,0.07873007906994535,0.095200355002488898,-0.050343986869973281,0.99418427637608264,-9.8247332253118778,-7.714022610991921,-2.3591506083046316,,0.08953668585767045,0.2608695652173913,False,3
0.86428360298942086,-0.48929380997004623,-0.11664227847834654,0.50264021142249804,0.84894311121150612,0.16324341269304909,0.019148667441111836,-0.19971770440179559,0.9796663549819935,3.7691916126147129,10.622605415394249,-2.4560811726607494,,0.07600221626495848,0.1333333333333333,False,1
-0.99009281365080393,0.11320833671450128,-0.083066797550961136,-0.1092748019080876,-0.99272908195396015,-0.050477594146283694,-0.088177310148271487,-0.040900395367096831,0.99526474851359636,-9.4190238948533569,-20.963152124705992,-0.96488284143134817,,0.2106407337396752,0.3157894736842105,False,3
-0.58383921734455413,-0.77772907653451462,-0.23295761804085602,0.79657857487100747,-0.60418146734034694,0.020671927315560987,-0.15682583443735632,-0.17349996551940899,0.97226715444768086,-16.331348600842055,-11.131251955918218,-3.0974156391503564,,0.3260810539219404,0.2,False,3
-0.77520459453647661,-0.61489720500537726,-0.14477314628794974,0.61553650156546491,-0.78677989224906986,0.045740751995238645,-0.14203046099370834,-0.053654714882447344,0.98840706175178539,-13.222372534030542,2.477401562873097,-3.9970931056979557,0.2371091381574045,0.1176555277319026,0.6031746031746031,True,5
-0.97294117997932617,-0.20725003759100694,-0.10214148138226418,0.20082670334348326,-0.97714327339591966,0.069711250751192499,-0.11425452080607476,0.047312209583080023,0.9923242712439021,-16.941547894147604,19.617771466918242,-6.1559944245871687,,0.06368621059123655,0.1538461538461539,False,1
-0.51547869097810639,0.85549215678447965,-0.049141518370294457,-0.85450150203797359,-0.50889852277643988,0.10416082051714351,0.06410071889101801,0.095684184671225886,0.99334567731553447,-11.510244452250026,2.0925576942106825,-3.6859789784701222,0.2542588756835588,0.2140770313710228,0.8381618381618382,True,5
0.1799867630900564,-0.90536725796352169,-0.3845970531868112,0.97712682130544259,0.11953970687803522,0.17587903105554092,-0.11326049707592864,-0.40745599355897111,0.90617419578963199,-9.1526503962647912,20.770879515453274,-5.2924669403226012,,0.3043064525832678,0.3,False,2
-0.96912319322315565,0.24310374720306913,-0.041240810525272918,-0.24247922560340557,-0.96995858658842316,-0.019600139136272982,-0.044766745556584206,-0.0089949096279380927,0.9989569710918772,-19.009993946067919,-11.185722855988914,-3.4475534435831436,0.4722537709473762,0.494858528444295,0.4102564102564102,True,2
0.93383882921754691,0.35368248254228363,-0.053420432311335295,-0.33228329934855527,0.91305473809911464,0.23647167739244382,0.13241166874426522,-0.20307571685823242,0.97016874985894863,11.078527484192959,-6.6168346507661919,0.42792495370394495,,0.08685197337850384,0.1578947368421053,False,5
0.79931785701921498,0.59681473526572204,-0.070022390846895766,-0.58253240512578119,0.79819244620418606,0.15344320056929672,0.1474685065652393,-0.081859578500520169,0.98567339873770277,-8.9617875543003933,-8.5364122577112163,-2.1397077015729877,,0.06884188215941905,0.3090909090909091,False,4
-0.036476454037010712,-0.97407710036434703,-0.22325606564363101,0.99150000641236113,-0.063195125528217586,0.11372824360624567,-0.12488877285478703,-0.21720998746664538,0.96810258534907678,6.188737535611275,9.1829836389223498,-1.9575519254007281,,0.5638703996904668,0.65,False,3
-0.35241112436619837,0.9306228405360063,0.098729570522954557,-0.93435035778576569,-0.35584534452907668,0.019065667640921505,0.052875403814658307,-0.085529056172028231,0.99493164198439232,-10.534026162287725,-3.4030398750084077,-2.8451599308162323,,0.1895742215906948,0.375,False,4
0.56159964898395642,0.82286227036021653,0.086622850788499905,-0.81364113576880337,0.53020091121279356,0.23848500148641333,0.15031279535005723,-0.20441300782179475,0.96727523786526182,-7.8241030110763159,-15.017174265324002,-1.3537309120586709,,0.2491485338426152,0.2727272727272727,False,1
-0.92785163343637767,0.36926855766309069,-0.052269289749011856,-0.37084395319798674,-0.92837875582836249,0.024241454227634837,-0.039574091346925265,0.041876222943358736,0.99833875675847772,-20.163984137147452,9.3577774305902466,-5.8683775116021808,0.6924646777409565,0.5342570297245621,0.9358974358974359,True,5
0.19436390310957966,0.98089090100415643,0.0087013501977518948,-0.97295318609183967,0.19164695685844979,0.12897108823543613,0.12483897965678474,-0.03353333049593292,0.99161017789457107,15.227800914633152,-6.7296960330581568,0.94788450429738313,,0.1324929894733074,0.1666666666666667,True,5
-0.86835195374100149,-0.45928776825038853,-0.18713532635438473,0.47662403932266412,-0.87713220960184202,-0.058894923539609192,-0.13709270430599907,-0.14033471706803841,0.98056705921191367,-1.3968390440612961,-7.6351529779779996,-1.0987838596071826,,0.1075555231856284,0.125,False,5
-0.7521247276059061,0.65879052892624967,-0.017419331813097724,-0.65894434247140432,-0.75137215326091256,0.035103288008230156,0.010037312821218849,0.037880421079134682,0.99923186801172292,-7.3302186587979961,8.2818913140474244,-3.6901203011888137,,0.077989320839135,0.2592592592592592,False,5
-0.82292620077085488,0.56746530636926151,-0.027849491056172987,-0.56809996539491281,-0.82250630950560844,0.027309341657447167,-0.0074092781798362067,0.038294867680994021,0.99923901330269815,-8.9280120399228409,-22.926088252623014,-0.67659499145912805,,0.08636154995169319,0.4,False,1
0.99220544272086719,-0.056811522680429022,-0.11090901823485956,0.095354419203890761,0.91912946395987893,0.38224149855701844,0.080224024913849667,-0.38983776032031275,0.91738248645538545,-3.2141987907749483,15.098856001417149,-3.8950478568737696,,0.3385992149620362,0.1428571428571428,False,1
-0.95710281157038024,-0.2347635607781661,-0.16982425802820289,0.26356030249218682,-0.94888321114314733,-0.17365661104863228,-0.12037514292535766,-0.21096616349885433,0.97005314432987355,-15.505024262555628,21.821397583207286,-6.2341444783583313,,0.3809836267452641,0.21875,False,1
-0.59589936739986926,0.80301173666900549,0.0087232278581103884,-0.80210240310033898,-0.59568440480758567,0.042329951685474869,0.039187738810727714,0.018227469403659324,0.99906560369479325,-7.9786115368395647,18.669803585632405,-4.8543793271349109,,0.1421930731341353,0.3513513513513514,False,2
-0.53926401023499093,-0.83118481620851137,-0.13537403210993373,0.82914636505027262,-0.55216655642006152,0.087340708121319666,-0.14734528356618115,-0.065145186127883656,0.98693742057699263,-13.903267303912617,-11.332121494898907,-2.6802716499790069,,0.07261136119779096,0.4,True,3
-0.95545352678250928,-0.2553877560171206,-0.147938001322868,0.27043758481893482,-0.9583050704551791,-0.092276241022246144,-0.11820351465234297,-0.12817365570363465,0.98468240722955924,8.89084587419012,-10.556451226594055,0.60706551751793492,,0.1613158463090053,0.4090909090909091,False,4
0.59900050159795393,-0.74503481208694411,-0.29346469611176618,0.79968291464970342,0.53768003296645528,0.26722166485250809,-0.041299335379083528,-0.39474461481793943,0.91786221949129299,-1.3571503864736867,13.486458865020179,-3.4910793941917713,,0.2090017493225376,0.1304347826086956,False,1
-0.74652643900997018,0.66534935307001386,-0.0029179150786531466,-0.665037805636716,-0.74602696985355799,0.034182997601408582,0.020566791995673461,0.027459035315007679,0.99941133095766643,3.0282795438018564,-14.411019552092013,0.23233290331612852,0.6614708801273447,0.6131595140046546,0.3064516129032258,True,5
-0.98289458439970956,0.18098930037140951,-0.034075051119401054,-0.17021929985420856,-0.96339735585447883,-0.20710124260791246,-0.070310923154692784,-0.19775845843772677,0.97772591568469147,-4.7981683936737518,21.237303525681948,-4.7455096070658183,,0.374292339143953,0.1481481481481481,False,1
0.98626602866832758,-0.12281801914902611,-0.11043122233823374,0.15466705850094797,0.92134837983542339,0.35664445038343917,0.057943262847989972,-0.36882637805199148,0.92769050935297348,10.398018330162792,1.2359423557480191,-0.49824459748362843,,0.4268179206331572,0.3414634146341464,False,5
-0.83376545395719048,-0.49129419900527982,-0.25192296007176573,0.53364519084565365,-0.83413222523053765,-0.13944977991827931,-0.14162619134491231,-0.25070588516369402,0.95764742001919589,2.9999969286869308,-4.3492230685237665,-0.86220371383401284,,0.150833613071902,0.4117647058823529,False,1
0.83451526739236503,0.54956657547905818,-0.03950756389947082,-0.53249055390269973,0.82284978938942088,0.19842387483914789,0.14155592002260436,-0.1445503483842451,0.9793197221993174,4.7622185079444357,20.209820400118488,-3.460351431341731,,0.1080209035987757,0.2,False,1
0.57494555986068618,-0.80321525547470918,-0.15582957539946993,0.81699806705147393,0.55331441176373053,0.16234937686579118,-0.044178746367866686,-0.22065451526595481,0.97435097539957793,-33.095277825526047,9.7769507911224345,-7.6273963286457018,,0.1433431360644217,0.1,False,3
-0.97809168029108429,-0.15199760493659373,-0.14224413182589452,0.17567600260733407,-0.96926111704994422,-0.17225222519027616,-0.11168978043344532,-0.1934673488437593,0.97472856625734283,-25.484629030194927,4.1567585622134136,-5.975493594131482,,0.5192914683998686,0.3636363636363636,False,1
-0.39222164076175381,-0.88443029562406572,-0.25287395417576336,0.90819713767830845,-0.41598107919999811,0.04623527722998054,-0.14608266026837721,-0.21152492507960641,0.96639384437142484,-4.4108117817949211,-1.7211273624316421,-2.1947551054037429,0.695136369644419,0.5041236278485285,0.3915343915343915,True,1
-0.37142332732138955,-0.88072018458743873,-0.2938990785657154,0.91703519335401984,-0.39750019544686144,0.032249787128950679,-0.14522797964463938,-0.25753747509823766,0.95529224996770556,-16.801273847345723,10.059166853147525,-5.4108535301260945,,0.2221292821788188,0.1904761904761905,False,1
-0.20866853914063396,-0.96784166958631168,-0.14049890884023206,0.96835311775040811,-0.22458417387134516,0.10887694057783909,-0.13692947132001432,-0.11333336427948974,0.98407614970850465,5.8083103805476783,6.2357050821678293,-1.6424471482054506,0.2126978833554337,0.1827673843913755,0.3214285714285715,True,5
0.97743705991229624,0.19224518419152775,-0.087513330785500901,-0.17906442499686095,0.97390372898758626,0.13945414430778991,0.1120389468468464,-0.12063712454812539,0.98635387086491955,-2.4367251065188773,17.216390728636483,-3.9901156398492437,,0.07735048283477748,0.5,False,1
0.74070867853387978,0.6708789361763251,-0.035666602578848725,-0.65500565367001728,0.73295026163724419,0.18371583390173479,0.14939292889862099,-0.11271808621875605,0.98233211585200331,-15.290669865109981,17.651757371004152,-5.7558588245919511,,0.1360286924399186,0.25,False,3
0.14603542591194538,-0.93523083666489293,-0.32251656783768756,0.98061529472835396,0.093795479263872203,0.17203503077711851,-0.13064186971848007,-0.34138788821624216,0.93079912529810349,-6.1568684636998263,12.85609019157463,-4.0369507194808403,,0.5744808801519314,0.54,False,5
-0.80789108986097713,-0.57800143192495079,-0.115005789488831,0.5729393398415058,-0.81602527256102209,0.076441267674527899,-0.13803079288775441,-0.0041351220557530252,0.99041930563795144,-17.613368154708091,4.0338673768916156,-4.847633014769392,0.3807135503120951,0.2371627719172412,0.7272727272727273,True,5
-0.93973306178375327,-0.31874964879227324,-0.12369492303782856,0.30914256244784338,-0.946666093186874,0.090852540379896318,-0.14605700487725007,0.047137770472328956,0.98815250944435906,-11.753711182564851,12.498442845939481,-4.7883671515786883,0.2202476725172155,0.09774255891853145,0.375,True,4
-0.20448691300959732,-0.96909957548841863,-0.1379533080283834,0.96960317365188897,-0.21987507536599535,0.10735286152210141,-0.13436810652826453,-0.11180771002469583,0.98460359938761322,-7.6397268523905328,-4.7468614465212893,-2.2778549850729997,,0.07453352572348562,0.3669724770642202,False,5
-0.45362732425737412,0.89104825272801802,-0.015976920774693759,-0.88793321986835871,-0.45036458844209765,0.093521839864216277,0.076137032653652501,0.056610500684286566,0.99548902729812672,-12.068997989972884,-4.7739042289257858,-2.9374486418863843,,0.0749950418132135,0.1538461538461539,False,3
0.98781853780506279,-0.11968947572089068,-0.099443279161169393,0.13642449956299307,0.97351630495998109,0.18345124664621848,0.074852470150655867,-0.19478304181504902,0.97798602972313564,-11.625029203426189,22.895575817376809,-5.8434382403727687,,0.1175470999810594,0.4705882352941176,False,1
0.2461390586370307,-0.94683153565460521,-0.2071849581973062,0.96487330288564932,0.21911224320503209,0.14494597012748273,-0.09184265453379839,-0.23558409956446963,0.96750455236168487,-8.6746205051000516,-15.688060851708212,-1.40290042740206,,0.3348742365815611,0.5909090909090909,False,2
-0.98666631968132767,0.14087537241070286,-0.081508913958231288,-0.14672633599440232,-0.98663428769283346,0.070881342217207779,-0.070434053781976341,0.081895737355499376,0.99414894873496551,-14.280230674990619,0.27399978078227699,-3.8605651304771653,,0.08140566382203297,0.2253521126760563,False,2
-0.99496167373683075,0.047211842225474684,-0.088443822556924484,-0.051990149721105293,-0.99726535908838809,0.052524545636153143,-0.08572217989984221,0.056858117415054879,0.99469536158425609,-1.2079988691960712,4.4586764030557973,-2.3897638008615179,,0.7313206067079887,0.416796267496112,False,1
0.39801386631200381,-0.90794377582707231,-0.13123666469492831,0.91383487707097921,0.37983476699678392,0.14363623229939806,-0.080565375143656831,-0.17709785350866775,0.98089019294240276,-26.220475601260546,11.489968562132011,-6.9238444939037764,0.58590689416708,0.4747419987161569,0.8194444444444444,True,5
-0.33981734991339335,0.93606434196588906,0.091146675187883539,-0.93790303117812945,-0.34447215887491794,0.040949186401312704,0.069728565199024456,-0.071571498936520733,0.99499519985538865,-22.226568072785341,4.7034624589872038,-5.6397923747916092,0.9027193026603191,0.4719001487187668,0.5714285714285714,True,5
-0.98660649024139968,0.14414441385823978,-0.076354576595068155,-0.14555154753585064,-0.98926304773220231,0.013166981488319018,-0.073636814321822952,0.024104156178120728,0.99699378595429289,-18.278819216764589,-12.577498891651819,-3.2071278278079189,,0.07261906888331256,0.1875,False,1
0.0074738871387436271,-0.99031015741010442,-0.13867203446049176,0.99282369528534964,-0.0092031515810160128,0.11923259655362502,-0.11935347121462364,-0.13856801265570398,0.98313460664227881,-18.324687357766351,-14.506192154499946,-2.9858814937397185,,0.1047234108065962,0.1818181818181818,False,1
0.62471299267637137,0.77819399591060245,0.064403272510179896,-0.76623007604157922,0.59503654841630027,0.2425344854203825,0.15041657937423744,-0.20086216860699271,0.96800270757464746,-44.538973019481645,14.472829030241659,-9.4955859637727382,,0.2194969847955865,0.3571428571428572,False,1
0.60921226437555764,-0.74966822597984728,-0.25856907759946041,0.78953026155590811,0.54289298438257338,0.2861977875449826,-0.074178049461183934,-0.37850331367692536,0.92262281486733366,7.2456096444937321,-8.5375717199370253,0.13946219246320102,,0.2604298446174546,0.3888888888888889,False,5
0.55573251804687895,-0.80339129231705486,-0.21383124143681337,0.82923914146531386,0.51729968744441779,0.21157381603539085,-0.059361727124008043,-0.29489568460566024,0.9536837633900529,11.82383099253418,-1.2566481219002079,-0.048902514720988367,0.5773594960545297,0.4365610960780911,0.3231707317073171,True,5
-0.98695302660884532,0.13940695010473406,-0.080556970711019776,-0.14300772594471869,-0.98888113090070051,0.040778661928410502,-0.073976439409856098,0.051766893001681885,0.99591549601419105,-15.928937501979711,12.036277250284531,-5.402188050888733,,0.07897191086428024,0.2068965517241379,False,1
0.43922038411884939,-0.87893651020304131,-0.18589261740744414,0.89587088799489256,0.41306275964681727,0.16369028265660276,-0.067088048248054977,-0.23843189305345788,0.96883921584399724,-14.803710759150247,1.5838968502889959,-4.0749358050341451,,0.3749451089909294,0.25,False,2
-0.92751332937665998,0.37366871571943894,-0.0095244276053832316,-0.37261867294805667,-0.92632212193124708,-0.055521626338049759,-0.029569382797992746,-0.047948068922303598,0.99841205636128483,-10.506118438547619,9.2716375669043085,-4.2903713533631329,,0.3937878038589442,0.3522727272727273,False,5
-0.1282767614742516,-0.9360640394203279,-0.32761133461737552,0.98308438953881916,-0.16356395770090928,0.082413074122391558,-0.13072932154174752,-0.31149790664676252,0.94121139955055799,-11.858963884619238,17.874946008688671,-5.2870389350850902,,0.1314217486051019,0.3333333333333333,False,1
-0.52095842753489674,-0.84028283431646345,-0.15009022331071756,0.84061468380459425,-0.53558372099222495,0.080728131281645132,-0.14822034324772027,-0.084112045280183179,0.98537094217675958,-5.5444745762382777,17.257614959887942,-4.3374109837999946,,0.4350658313258099,0.9119496855345912,True,4
0.93385956952247839,-0.33647689860207297,-0.12120066467814156,0.35426655192513218,0.91674819939850138,0.18457505001132746,0.049005250722453847,-0.21530451831472741,0.97531658952100986,-6.4759010530584256,8.4675790783923244,-3.5884322460809983,0.4066172847528566,0.1678736250511637,0.4673366834170855,True,5
0.76220424836440692,-0.63796411719191681,-0.10975640733364336,0.64723332049942917,0.74802009098460431,0.14681611736681821,-0.011563416905611787,-0.18294187234999809,0.98305572514000661,-15.230567595619803,-2.9066915309844781,-3.6301271494650234,0.449859840711735,0.360300102956574,0.9666666666666667,True,2
-0.23265228058839729,-0.92516263693479872,-0.29991167292532439,0.96273094904123324,-0.26280834893135885,0.063881855719273739,-0.13792039767627792,-0.27387199008263363,0.95182566521028122,-5.0906213453073583,15.014197829756917,-4.1380780073846344,,0.2167458001693666,0.2,False,1
0.074489591868608013,0.99074974049829168,0.11342950412399606,-0.98898454941447056,0.058805169065138232,0.13583634679523887,0.1279095841706325,-0.12229842106007713,0.98421655873263347,-12.378705939118451,-5.9629051438470313,-2.9428531057639282,,0.0908758367349306,0.1578947368421053,False,4
-0.9134552710932029,-0.35101815828013661,-0.20587792564931362,0.38525886127096814,-0.90888114066962844,-0.1597206371990546,-0.13105371999390311,-0.22521395314832526,0.96545512468631278,-20.888229170908964,-10.98469120441875,-3.7085793697246685,,0.4937930179949962,0.25,False,1
-0.73858897755558994,0.67199023831503557,0.053994831629416443,-0.67402681346529136,-0.73764305677185804,-0.039630487331013028,0.013197612026896136,-0.065664605424613096,0.99775447011337226,1.370085494229897,16.713313995146965,-3.4781670384886771,,0.5041761862699116,0.2,False,1
-0.6646195889824269,-0.73545117242096625,-0.13188015364511102,0.73197758866602847,-0.67629878595617854,0.082636322551689359,-0.14996536810709982,-0.041611598128730616,0.9878151969218113,-20.458026664655371,-6.3320963946463005,-4.1135227655383169,,0.1121183536724723,0.3225806451612903,False,1
0.33287791247108039,-0.89239870912382202,-0.30465856190665652,0.93932821800239075,0.28544204345185054,0.19022444294696872,-0.082793684863934847,-0.34949589952411175,0.93327264074464522,-19.666068078973538,16.545654783198678,-6.3920772859829897,,0.6348806005232696,0.2692307692307692,False,1
0.98865962170632926,0.084962024128844335,-0.12382894194584985,-0.05362070369006168,0.96993487941249235,0.23738397130989569,0.14027463257225659,-0.22805215227005521,0.96349117448044908,-10.891829071909163,-5.7919442828009231,-2.6942562966011221,,0.4036584984132952,0.2962962962962963,False,4
-0.042112529454977024,0.9960498641950194,-0.078174183078480369,-0.99234524308486993,-0.032607488440225402,0.11911200705407909,0.11609243467915606,0.082591886615482099,0.98979852842664973,-14.945122675277792,-16.004066206130133,-2.3750693965636045,,0.1102056013390056,0.4545454545454545,False,1
0.95639715998405905,0.28663879418349192,-0.056059558002705984,-0.27370874497589592,0.94658970289403077,0.17044488052948126,0.10192151538387204,-0.14766900840739416,0.98377124813537364,-14.143389310731585,11.591847332548504,-5.0696995119815558,0.5534223115094955,0.2978971236118325,0.4567901234567901,True,5
-0.69500003325698989,-0.70671799144552006,-0.13238064186274268,0.70497586056035755,-0.70598442009105322,0.067786684650313317,-0.14136474029957019,-0.046213408832370732,0.9888783196349924,-36.730443208072472,10.451243388943219,-8.1253083074139969,,0.21852052951778,0.6888888888888889,False,4
-0.85542304659883461,-0.47145797246581422,-0.21442665773171146,0.49881281836372154,-0.86137107907146726,-0.096050176341834617,-0.13941730015894718,-0.18912229994815558,0.9720059526971585,-17.276184793466705,-11.121211304042284,-3.2467296364662674,,0.3372943919761917,0.1538461538461539,False,1
-0.42443833238035572,-0.86075473585244811,-0.28098645290078333,0.89166049690018911,-0.4513021023293689,0.035608576225373126,-0.15746002754314858,-0.23543087550419808,0.95905090719181163,7.649139357787571,3.5929750557098679,-1.089553747952992,,0.6329757863890279,0.15,False,3
-0.77110008116794515,-0.61265060507532143,-0.17338944870905981,0.62680924989871234,-0.77826207038038808,-0.03766051046713835,-0.11186969680928922,-0.13772213296371372,0.98413301185750457,-3.1188216022509616,21.850035055308521,-4.6240275292451303,,0.2379684392416045,0.48,True,2
-0.97953347087720832,-0.17462571395378423,-0.10010014713965035,0.16742379494373225,-0.98292146295616645,0.07638501519766458,-0.11172937088289553,0.058062532551030471,0.99204097193405871,-13.516515131660258,-6.212837052919693,-3.0875824049379741,0.4009571929243937,0.3816266873875909,0.8982035928143712,True,4
0.24206818489319454,-0.94636083862827391,-0.21401905750026992,0.96530074860261694,0.21262741885821912,0.15160489931700072,-0.09796661987504067,-0.24329147921881902,0.96499315931760754,-9.1333590383611529,-10.937494386430437,-1.9272918788824462,,0.1527385946836377,0.1904761904761905,False,2
-0.96480101879180613,-0.21567184015535351,-0.15048139919039147,0.22634772051087315,-0.97233941152912584,-0.05764354436297052,-0.13388690584902604,-0.08967567201419642,0.98693088425227504,-0.66938691848705067,11.655277539147614,-3.1859228734481371,,0.549946033315231,0.4698795180722892,False,3
-0.74247540168375847,-0.61450393267812498,-0.26667432313152933,0.65339556846578473,-0.75210534585146749,-0.086091694436323918,-0.14766349922650041,-0.23816478636599903,0.95993386518625468,-21.319436449777811,-17.837814129191113,-3.2186449375837931,,0.5324603816336391,0.3666666666666666,False,1
0.99264228368776841,-0.07910832708102386,-0.091668801789782289,0.10276915993486471,0.95077541361768314,0.2923433129496989,0.06402965251674278,-0.29961305953940853,0.95190977416560885,-5.3286018902602903,-12.06078150937296,-1.1907915246693728,0.5109692659081315,0.2086173233247564,0.3333333333333333,True,5
0.30340151632083667,0.95232559680430695,-0.031991835920081105,-0.94222513805877306,0.30484806584760976,0.13885044457651696,0.14198348180102568,-0.011983923409785477,0.9897964823514811,-8.1010810677089005,-16.561283793226089,-1.2912080798320846,,0.08589671961278725,0.2727272727272727,False,1
0.97179006464946638,0.23157103255937284,-0.0447093628669799,-0.20603432063907109,0.92580925934970382,0.31690230990188151,0.11477773724630491,-0.2987508530226109,0.94740382036958237,-20.348594941739073,20.118277779077985,-6.6514138639021274,,0.2855332542916916,0.1,False,1
-0.59419837015600607,0.80211603626252215,0.059482445094718686,-0.80397645411750451,-0.59447587052307094,-0.014842526418383642,0.023455449869687929,-0.056641890296292047,0.99811899998701215,-13.286096681318968,9.9769908105323246,-4.7979580398853034,0.5695722800584545,0.3648295636841086,0.2597402597402597,True,4
0.91809978593861941,-0.34414164922229834,-0.19661970483656521,0.38977124659365681,0.87394074399591126,0.29035487134315441,0.07191076684536285,-0.34321145268541037,0.93650132960785615,-3.3124272762799691,-8.0290239190369341,-1.3452561832587295,0.5159463646318626,0.282528289132273,0.2631578947368421,True,5
0.21910349684288921,0.96847061535527634,0.11856780703289158,-0.96216856745576496,0.19429384066574318,0.19100144313453238,0.16194229055851136,-0.1559313011320233,0.9744024445042897,-2.3133104482639859,9.8866270467165691,-3.1461528903430609,,0.2607391354546828,0.4634146341463415,False,3
0.29280758338891522,-0.94709553570026128,-0.13142969743014346,0.95210917365844139,0.27613931770098599,0.13128289551603217,-0.088044537283031049,-0.16357604799074171,0.98259403416586422,-6.5910237776374565,17.18105240929415,-4.5113001061703901,,0.06375524935500473,0.1428571428571428,False,1
-0.55665872672740624,-0.81481530356665333,-0.16188601864214514,0.81866689781518154,-0.57115502901347304,0.059719705745127874,-0.14112254384005765,-0.099287229320797421,0.98500074807784255,1.360285486736845,10.162728672353129,-2.6836427341608586,,0.08047505901325222,0.1818181818181818,False,4
0.10431040776194736,0.99449413005490939,0.010038133236081562,-0.98815412294560356,0.10249249183703646,0.11422223261099328,0.11256450656464111,-0.021833790403044048,0.99340450847501949,-14.49994600366605,-9.1861546552426265,-2.9391128135508802,,0.3139539718192901,0.2727272727272727,False,3
-0.98910530645791739,0.13030342905180767,-0.068496051814178269,-0.12778028756516827,-0.9909944001635147,-0.040028701631690061,-0.073095080864261516,-0.030840155996630945,0.99684802950678042,7.8105574836608138,6.5532147635800326,-1.4489086560646247,0.2734862554549508,0.2405578759112367,0.375,True,5
-0.95976476851734005,-0.26011210948102931,-0.10579829683971838,0.25411847064024151,-0.96485711716755518,0.066892049830888964,-0.11947967187903068,0.037315331332342008,0.99213515916695327,-6.3180561685343681,-18.120985914845726,-0.82317171624646934,,0.06531721312333105,0.3076923076923077,False,1
-0.52820873648197431,0.84893650086274219,-0.017388162842557439,-0.84742000597774525,-0.52575097175467467,0.073927323552884477,0.053617759863630474,0.053784135225345288,0.99711203113053826,-7.6495267407095815,-11.937706179888751,-1.5914282970578746,0.8381798278919157,0.8223727816041692,0.8787878787878788,True,1
-0.32842502771880083,-0.87954892429791154,-0.34428286471198494,0.93360323495210962,-0.35757553857808455,0.022907070907201441,-0.14325502034783888,-0.31390034083603463,0.93858647719225141,-10.347139071897775,10.943449598298407,-4.4046828674241398,,0.6114611200307943,0.1949685534591195,False,1
0.57001978567212186,-0.79759421615582804,-0.197283831818722,0.82060713103089511,0.54067123214914592,0.18514468727880645,-0.041004639293022255,-0.2674286541885405,0.96270480131520819,3.7327519556361111,2.7153437551911495,-1.5148424459869503,,0.1568204064024531,0.3152173913043478,True,4
0.24918685781076338,0.96840472790608667,0.0099092312283289852,-0.95797021152707551,0.24497450414497726,0.14926676169091355,0.14212312873409402,-0.046688063657219767,0.98874730896765084,20.540700634448658,-12.045046072858186,2.2383017739948929,,0.1808819518800282,0.3,False,2
-0.38105425683174882,0.91914321719537395,0.099866909605437981,-0.90863421134698819,-0.39226012323734916,0.14323360530146392,0.1708260030564423,-0.03616271562751687,0.98463736201619079,3.827107059158918,-11.345769956065791,0.070927781214347577,0.9758615244500256,0.6697835466412984,0.1428571428571428,True,2
-0.045153509092736084,0.99897166676177596,-0.0040950731144464986,-0.99236644965144916,-0.044383286536675504,0.11506065132086793,0.11476057782527585,0.0092592053332793411,0.99335002737897282,8.0037256605058715,-8.0766867312901756,0.22704007825766878,,0.07330745379856005,0.2608695652173913,False,2
0.4272962294214746,0.90332482468337916,-0.037711979965690298,-0.89211595170765912,0.42803211969169824,0.14462929586003229,0.14678917204932954,-0.028156093887002701,0.98876699648911115,5.0708147852826766,8.388152539212987,-2.0086621991449829,,0.08905233777065696,0.3,False,4
0.040797537322592177,0.99914717931655395,0.0063619974997186635,-0.99163882874776643,0.039709143004406776,0.12278280531741445,0.12242546413295821,-0.011318039831626978,0.99241317388787209,-12.733523787885481,-8.6550029854428772,-2.7670825223379336,,0.2086017352002593,0.4782608695652174,False,2
0.85831636661169408,-0.48797747467423053,-0.15865370785790367,0.51187539670700133,0.79274719109949621,0.33096143166524483,-0.035729442376700879,-0.36528054316431863,0.93021155213909823,-12.672808522666136,16.516813758319675,-5.3361906527531247,,0.7360244260513984,0.6,False,2
0.99564375465100363,0.03675193553475737,-0.08569019231453022,-0.0072931797834467219,0.94691980129944331,0.32138714883403208,0.092953339655433911,-0.31936215358346859,0.943062824792405,-22.993011487091934,-13.134040949379854,-3.7606339238034892,,0.797461266805648,0.3428571428571429,False,1
-0.53028801869591968,-0.79828569957134698,-0.28554256965895874,0.82135310484151902,-0.56721392959087291,0.060394000076795219,-0.21017538960295004,-0.20250506151196662,0.95646118879298103,19.20028102559856,0.11039050985192485,0.66455633029330741,,0.4287068098156402,0.4,False,2
0.32677112563388377,-0.91319186759811299,-0.24351846830299004,0.94139801453674776,0.29170549826352621,0.16934485675418592,-0.083608669874795538,-0.28458481202533908,0.95499794506913427,-11.117169129817825,-19.946899592102561,-1.370869766620346,,0.1987131991717986,0.2727272727272727,False,1
0.23154312903610494,0.97171735039123175,-0.046402266591342695,-0.96284978856395254,0.23572117460951783,0.13174146083545921,0.13895346004515796,0.014174582510732767,0.99019746371727535,11.756193400573947,-8.1036710899171975,0.68766632226974578,0.1862047425252701,0.09844860126688126,0.3095238095238095,True,4
-0.96786827709936663,-0.21743700239512673,-0.126301813819619,0.22442011391203934,-0.97350747076341271,-0.043804301609893334,-0.11343108329030147,-0.070741461373404604,0.99102423531735295,-13.607327532047931,8.5554162997269625,-4.6239946912829533,0.5320780280769817,0.2256278881987769,0.1777777777777778,True,4
-0.96437893971510547,-0.24421440587008794,-0.10164932168730564,0.24792813629777524,-0.96844361041190097,-0.025467875535156323,-0.092222013998183444,-0.049762409687257085,0.99449424468733705,-10.095788315055332,-16.163216334169974,-1.6385134037874909,,0.1798298965964855,0.1875,False,2
-0.0026342321012119284,0.99888327941710897,0.047172607752374043,-0.99273289910206164,-0.0082875538219203924,0.12005293620759593,0.12030981614836453,-0.046513552353815796,0.99164612518063922,-1.9058212731535491,6.0756236329334685,-2.6701584734313597,,0.07047661342089669,0.2098765432098765,False,3
0.99578464362876729,0.012678339365472109,-0.090841638162594607,0.018374041577251327,0.94275223861000557,0.33298740395387438,0.089862885048540966,-0.33325287141562221,0.93854524961985486,12.393131588644209,1.9021967554987427,-0.34532423099264209,,0.3843103395084596,0.125,False,1
-0.60279292882767932,0.79693904430349594,0.03910044270822001,-0.79561490445488348,-0.60405041964542716,0.046043613405440283,0.060312592089833493,-0.0033541304109692693,0.99817390320754806,25.722736901667982,-8.7479623208458186,2.4675097756763882,,0.2802802276246313,0.2777777777777778,False,6
-0.90194209756645261,0.42632744638165049,-0.068886581415615128,-0.43058221614730552,-0.90001239081770235,0.067650953520842397,-0.033157318575301617,0.090678579809706505,0.99532808027734854,6.482405884225849,-12.001176676528322,0.47062975916432409,,0.2411962768004496,0.6216216216216216,False,4
0.88854008769570503,-0.44386374619545532,-0.11610980738527502,0.45801632126665548,0.87292498948489328,0.16799706005212944,0.02678734796632315,-0.20245230931292332,0.97892568688475834,-19.805723913070885,-8.4364866503203171,-3.7816642181000026,,0.2646230051081518,0.5483870967741935,False,1
0.64658731358665833,-0.73724461482576975,-0.19594699237087299,0.76215327386707254,0.61343334579866371,0.20693457274211055,-0.032360980246142701,-0.28314291121739144,0.95853161595476288,-22.284115943973156,15.129122564056257,-6.6522737206296192,,0.3328562435285619,0.5,False,1
-0.33575737508782405,-0.8937090120547837,-0.29757551452731817,0.93461192994995057,-0.35543358575787487,0.012942430626782464,-0.11733509905123854,-0.27377210940372154,0.95461055234230163,-10.103579543204384,14.668377385039356,-4.7801328463984891,,0.6347981826226696,0.125,False,2
0.90036555385131278,0.43468349193685091,0.019802304805354318,-0.42195713727316053,0.86108060639006723,0.28371176148188237,0.10627343855478417,-0.26380002110784456,0.95870511896059185,1.5214727567174549,12.00880295137171,-2.9165757356296456,,0.6390216124429373,0.3478260869565217,False,2
-0.68515899235590727,0.72303792288170476,0.088166418032871965,-0.72693823120808143,-0.68641008254497538,-0.020050101961462105,0.04602133420385654,-0.077829047633316897,0.99590394925544257,-11.257016845525524,-13.195514446327104,-2.0977457624208697,0.6016237302999415,0.5521095571375021,0.6363636363636364,True,3
-0.90560048809452531,-0.40453828567610001,-0.12742264863516875,0.40555755252985959,-0.91387170402915985,0.019015261261191962,-0.12414035423241621,-0.034456987637970907,0.99166621826800605,18.273440318002674,2.522980025468224,0.31351354677055154,,0.2582491892115684,0.4444444444444444,True,5
-0.55357577147226067,-0.81337217051184341,-0.17882834639884976,0.81729540326131322,-0.57183807631688144,0.070918532712813023,-0.15994401847778286,-0.10689680402642537,0.98132104035433643,4.1980908593132273,9.4756835383039313,-2.254557519559576,,0.1654699276979935,0.2608695652173913,False,2
-0.85881155914221408,0.50770748254411202,0.068379953586133246,-0.51200022879927998,-0.84614115044030913,-0.14798959166453779,-0.017276330432307863,-0.16210572383562546,0.98662214788971936,-11.387851231289918,-11.554021791303436,-2.3079563496221462,,0.528157256993476,0.3684210526315789,False,2
