axis_00,axis_01,axis_02,axis_10,axis_11,axis_12,axis_20,axis_21,axis_22,location_x,location_y,location_z,dbh,dbh_approximation,score,reconstructed,number_clusters
0.56565327028634405,-0.81934568564659072,0.093322158283462131,0.81664636244100097,0.57229130298711994,0.074641699050777166,-0.11456481364819819,0.033989879929531452,0.992834120856113,-19.664223009109122,-10.35408605696666,0.94473023521829014,,0.3425254217589564,0.8709677419354839,False,1
-0.27813711017366377,-0.95995401128323532,0.033586368744905046,0.95999092368465899,-0.27662413622872667,0.043548980456332306,-0.032514218233232584,0.044355196729768662,0.99848657584153044,-14.585207475531993,27.14276848613099,-2.2823906430201362,,0.4906125720505522,0.9696969696969697,False,5
-0.99275068520110565,0.030317987315496737,0.11630518766535941,-0.029519324879530247,-0.99952735316940289,0.0085836894647095263,0.11651045657533851,0.0050882129777754101,0.99317643125343091,0.48132570909091432,7.2216230092320366,-2.0401176766495186,0.5193959711852569,0.4718606765984079,0.9813084112149533,True,5
0.76001653066547903,0.6272471877616913,0.17010537487175181,-0.64747283069350736,0.75339474584830146,0.11478366801035061,-0.056158762708469499,-0.19737609372267811,0.9787179731658302,12.465627153468366,3.8857234024113181,-2.8417126741444978,,0.1582232002921556,0.2592592592592592,False,2
-0.71419654707954072,-0.69981214875029818,-0.01364729281403565,0.69807783000706836,-0.71073246096040532,-0.086871814702978473,0.051094377305962287,-0.071570422652493887,0.99612601572745763,-12.933294529913756,-6.8688974148416309,-0.32615239190254147,,0.1084230006602451,0.2650602409638554,False,3
0.69521802141497158,0.69925475759443112,0.16647728578219356,-0.71784270486316659,0.68735778717660911,0.11063961082003548,-0.037064184526110405,-0.1964231564485957,0.97981844738511914,-22.162773404244323,-4.3015795253455744,0.7630084108574986,0.3877478639312951,0.3430824056478246,0.8166666666666667,True,1
0.97029476716087482,-0.22863833773896466,0.079073227682869146,0.20916272933963923,0.9570603217892244,0.20071495487855168,-0.12156898237386277,-0.17821349828974617,0.97645324084254748,-1.7026886303986699,-13.324378694958515,-0.71861912468642342,,0.3401988493527673,0.6036036036036037,True,3
0.59075540113856062,0.76119929511953699,0.26755128318724197,-0.80432294383114755,0.58181223270757632,0.12066121124298068,-0.063817380488519787,-0.28647889796867498,0.95595877681322561,-1.4894960757793596,-16.13687893274685,-0.52496158643530222,,0.2499865054473983,0.375,False,3
-0.82158246115904698,0.53962432651870518,0.18386909948404756,-0.56007802319072675,-0.82419947778702318,-0.083712775335452141,0.10637136576451729,-0.17175798975543977,0.97937956150848859,9.791952648434183,16.498570947531267,-3.2044677575586871,,0.2576870943857918,0.3333333333333333,False,5
0.19461969894056028,0.96917728952146909,0.15105811550560633,-0.98016609637234176,0.18628870381016813,0.067608744663200604,0.037384439363083777,-0.16122003693259371,0.98621017201454697,9.2142684145241436,-9.1439958682925848,-1.8605635441099049,,0.09026948740704957,0.3636363636363636,False,5
0.89601677862744233,0.42303996318176351,0.13487446744759909,-0.43726248696846243,0.89348060435866317,0.10243987077809948,-0.077171561525321855,-0.15076338808228826,0.98555311927145406,-4.8498360153169013,15.36071678991115,-2.223507455228348,,0.07335856689151134,0.2105263157894737,False,1
-0.32053831597324994,0.92347112849340107,0.21084653858234564,-0.94288135993896782,-0.33237822947171675,0.022348459743103635,0.090718956523293343,-0.19163973338629575,0.97726367143926585,-25.217497495432351,2.975033144630689,0.54299224994217743,0.5522395902839955,0.4753569110497158,0.856,True,6
-0.46383014644753573,0.87260319107098439,0.1530531482171944,-0.87963250685379124,-0.47416424620151637,0.037615429151671209,0.10539567416442766,-0.11718335443604889,0.98750180420622169,2.8004552223922903,-12.81092578043457,-1.1178561938926295,,0.07722550724135657,0.3823529411764706,True,5
0.15330808998057407,-0.98779405545746268,0.027559636235027787,0.98490420420830671,0.15500913742226274,0.077044635429131647,-0.080376228322246668,0.015332035693440618,0.99664667289977182,-8.3801967844936378,17.582715601324427,-2.1661019045399419,0.3746132893993926,0.3921538337348526,0.8910256410256411,True,5
-0.33838313935772452,0.90986006323172597,0.24010730170982392,-0.93791020238265277,-0.3467935486617385,-0.0076607358087745353,0.076297465652171367,-0.22779135177297666,0.97071612575072508,-9.176295994449589,21.131956473468136,-2.3183300457642559,,0.315166516273567,0.5161290322580645,False,4
-0.58954556626232035,0.7590442159498042,0.27620264939639516,-0.79919534104668133,-0.59774207435686766,-0.063176098271646039,0.1171444926136945,-0.25798505921215042,0.95902079074104751,10.709572774947087,17.41240413733647,-3.3775870309810325,,0.2818738885025759,0.2333333333333333,False,2
-0.33122191201488083,0.92431835270826179,0.18954584629553914,-0.94333744119257823,-0.32868840168875307,-0.045589545287622213,0.020162267864649183,-0.19390594999117089,0.98081291055561426,-0.045233560404302153,9.1306294942022284,-2.1202824760657966,,0.1649431760933633,0.1379310344827586,False,2
0.5216145781192868,-0.84966602896921439,0.077368411571682866,0.84393451877244241,0.52715020826364889,0.099434329845976374,-0.12527074645648606,0.013427477174753469,0.99203172476436308,-17.406563296552129,5.2446605026521729,-0.79170359113230671,,0.120586019470173,0.3846153846153846,False,2
0.35357367892983849,0.92659878843544674,0.12806380768188066,-0.93528320021600753,0.34797371531255561,0.064495184667385852,0.015198321016583541,-0.1425797275966636,0.98966662685812445,-9.0083727434132221,3.8672668896156068,-1.4371282759310966,0.2562070069421784,0.2051989896564312,0.8529130850047756,True,5
0.59015073200983825,0.78206371997917712,0.20024597723945417,-0.80709548099534278,0.57705529172044112,0.12491627137540348,-0.017860516933981607,-0.23533705230959362,0.9717496970645696,8.8795416016075492,-7.525350157968731,-1.908504351103665,,0.07867029025702535,0.21875,False,5
0.94123697136972928,0.29500849739346996,0.16444740859128101,-0.32412860125681869,0.92584931905977252,0.19427734876679553,-0.094940052528102267,-0.23616313188599963,0.96706430063556703,-26.979757119039597,25.791411948907328,-1.0332294355368874,,0.3174544334576017,0.1538461538461539,False,2
-0.68854191240384166,-0.72511752355197223,0.010705694798409493,0.72406959825887862,-0.68821968609312567,-0.045572804951053453,0.040413509380995132,-0.023627118142838979,0.99890365278528104,-0.038329570677123809,3.0955811109890181,-1.8275156355077202,,0.1813100670207936,0.2898550724637681,False,6
0.57933898526474614,0.77865869590139591,0.24095015137898024,-0.81487846820623222,0.5599874034173119,0.14962349437104899,-0.018423414620552518,-0.28302781367045193,0.95893473942841656,-14.249532951026971,-14.032963230889061,0.49366180961016326,0.8228789127023504,0.478202476069729,0.8043478260869565,True,5
0.82131441668986449,0.55317529884881367,0.13942638803653304,-0.56547445584175249,0.82171669126163771,0.070854210125446737,-0.075374191391100465,-0.13703564516414191,0.98769426606950872,6.4584811156329529,-11.309037218392847,-1.5127298021443971,,0.07844470070145423,0.4411764705882353,False,5
-0.36022567685565093,-0.92836462095878858,0.091523725262541294,0.93280921756327517,-0.35739154524018951,0.046241183157662041,-0.010218872877130657,0.10203143605220225,0.9947286869766282,-2.8140837141968107,11.801511062794836,-2.1021858475494399,0.1474095123054768,0.1120594233559587,0.3454545454545455,True,5
-0.79174859435060307,-0.60410483039573137,0.090507001035228296,0.60835879159527462,-0.79318003161387751,0.027658961255754087,0.055079433844070165,0.076959673476144796,0.99551165971366895,-4.5462113408884548,14.247435519284894,-2.1738097817047777,0.3502375042358108,0.2915144110499738,0.8623853211009175,True,5
0.93199129201482422,0.31038265685658639,0.18722937251186372,-0.34769499148797983,0.91150584608735696,0.21969361720984637,-0.10247157899980525,-0.26985125323262699,0.9574340064077882,-19.510812788624971,8.3808926919256166,-0.78786305223959063,0.345452217659691,0.275078049042183,0.5087719298245614,True,5
0.48601693891946929,0.84995746564380603,0.20337119186283403,-0.87394911711236867,0.47249084466761265,0.11386545746537839,0.00068976942731603652,-0.23307661466060187,0.97245813067529685,6.7125682802923832,15.525807617488242,-2.9093156344820579,,0.294735544164317,0.2285714285714286,False,6
0.10337062853904336,0.96760697342973012,0.23032858729563147,-0.99372102842187349,0.090499872801305656,0.065789746124466614,0.042813909277446334,-0.23568308805068233,0.97088642547894211,-10.521527970498875,-22.601902816823848,0.59431562434692342,,0.1234471800105286,0.1428571428571428,False,2
0.95287981189624993,0.26686944390571127,0.14422469965309637,-0.28887296138099888,0.94340550991922145,0.16290627991893858,-0.092587667988460604,-0.19689272145895087,0.97604343139685557,-11.927922907172279,-25.043854177571426,0.88558537590001696,,0.2442578547415458,0.2727272727272727,False,4
0.68080869217892959,-0.72835610316098076,0.077439729091519499,0.72182981778615163,0.68511467870234366,0.097875385983388602,-0.12434322984557065,-0.010736107988318228,0.99218118162805136,2.0648405151913134,-9.0122563772207034,-1.3065944781549539,,0.1073296048474547,0.2833333333333333,False,5
0.93721518920886504,0.30561533330249691,0.16800880086053704,-0.33776890606617144,0.91537416202250277,0.21909429384733692,-0.086832339661290572,-0.26208664893886735,0.96112992526345853,-13.467639289927666,14.181051888199198,-1.7976850512238884,,0.080674320680202,0.3636363636363636,False,2
-0.98947086372075921,-0.078049528307189378,0.12188388317870623,0.070043752596105138,-0.9951790862586255,-0.068647352430398573,0.12665418496816791,-0.059387350542627962,0.99016759188814929,-2.1059347912807471,-21.902036657124178,-0.11036328680369335,,0.1705648997372521,0.4,False,3
0.87009717195459457,-0.48776412596224705,0.0708312697959253,0.47548450882892379,0.86851788715281042,0.13996843058109981,-0.1297898039922053,-0.088106964082893341,0.98761924326116757,-4.741239511891437,-4.9381563803846396,-1.1328571668789789,0.4834094368239888,0.3845164734379501,0.9473197781885397,True,5
0.55667600663316019,-0.82867965257149268,0.058325440872305789,0.82224378941815912,0.55963953999382665,0.10353132877909388,-0.11843552846263881,-0.0096756751438412253,0.99291460202188941,-10.364985718548606,11.96019157628184,-1.8924311792413966,0.1781749860015271,0.1136591713207948,0.3968253968253968,True,5
0.9885207270547085,-0.098610117957834642,0.11446753609462235,0.068186527777412603,0.96726804714816772,0.24442406263670396,-0.13482347574844622,-0.2338131082777721,0.96288839477096,-2.2613380215306127,24.981622197462979,-3.0033015601860882,1.010270448314929,0.3946410503809109,0.5625,True,5
0.68735377321308222,0.7090309939109174,0.15754313734160386,-0.72573212855644076,0.67918987199373493,0.10960837268234455,-0.029285969860614353,-0.1896738449413371,0.98141029366646282,-19.110653608728551,-22.225391415152959,1.9026458599612592,0.3664896168765632,0.316212010012084,0.5789473684210527,True,3
0.76397870680670155,0.62885167111596996,0.14450644027382578,-0.64387784377095658,0.75755174233122669,0.10740893813732361,-0.041926815367072268,-0.17510263683216087,0.98365705849528706,-6.2830234224156607,-3.5318325593461428,-1.0869658096254038,,0.06942446579950215,0.2890173410404624,False,5
-0.98913105011438418,-0.091343106930186074,0.11522240457461846,0.089934969834649145,-0.99579612158679687,-0.017371972643732247,0.1163248335500946,-0.006820634063959153,0.99318780301134824,-12.611711381240683,-1.9092922365120428,-0.70323238139201549,0.4606300266909895,0.3030079697626444,0.8910714285714286,True,4
-0.56530510071105311,0.80376449775889514,0.18545289227310244,-0.82060343847026906,-0.57084462615939668,-0.027320496988737911,0.083905541419141666,-0.16762769737525865,0.98227328946267856,-7.5478060219121064,-13.731401171362913,-0.20875176967976591,0.6491516748727162,0.3736681011651847,0.7941176470588235,True,7
-0.38193654378365582,0.8904831354675421,0.24731409577800623,-0.91774952902868534,-0.39697694104518438,0.012046171426515262,0.10890490572157138,-0.22237152184195141,0.96886047900792827,-11.939477719404135,-16.377641980591225,0.35180479922503538,0.2100491181408342,0.1596246995861887,0.4,True,5
0.4291184305361852,0.87105902168511251,0.23898442065360065,-0.9032212578954697,0.4117686522142987,0.12098733958289513,0.0069808208606129893,-0.26777370631672548,0.96345654304982375,-12.802244458485864,-4.3469372529444446,-0.59404608122781688,,0.1961864705945512,0.5609756097560976,False,3
-0.24112078323862426,0.95864572127151482,0.15119242367992766,-0.96661496959453119,-0.25114149183230527,0.050827666049197931,0.086696415416999989,-0.13388925337032287,0.98719673793311424,-7.2025387089429413,11.291365751617315,-1.8710888707530162,,0.08517589045623386,0.4411764705882353,False,5
0.98737619628230211,0.098751186483279213,0.12384042225073395,-0.11268989375407606,0.98739773052337199,0.11111574867223713,-0.11130693985906948,-0.12366860929694874,0.98606127609483285,6.8453920263419734,-13.192796853814748,-1.434401315016012,,0.09942648343078062,0.391304347826087,True,5
-0.91852982280474149,-0.39492516451143955,0.018359712794673425,0.39387086797834853,-0.91811771981478663,-0.043881566973841254,0.034186312703663957,-0.033075171922605458,0.9988680238279819,-1.3968051781144606,6.0574054360559249,-1.8811345727702629,,0.2267453193910645,0.1379310344827586,False,5
0.77163184378524452,0.57351086273723084,0.27508105710677994,-0.63411344955729776,0.72749052908281997,0.26202607348381524,-0.049844064311920719,-0.37662026023197215,0.92502580982136562,-9.0898214597216391,-25.509235152417766,0.59053325857260908,0.3652631973882723,0.1981129876848754,0.2432432432432433,True,5
0.16202609329726739,0.96405355610933807,0.21059032751711554,-0.98623433762461554,0.15106680252693169,0.067235797492305419,0.033005702249194371,-0.21858536576639764,0.97525948418449593,-17.039029657634444,10.555342582471763,-1.2181152986149884,0.1285154382235029,0.2014392341739382,0.4666666666666667,True,4
0.91455973718863059,-0.3922858453982554,0.098449492703819655,0.38285645839952487,0.91816419695259033,0.10195802909128,-0.13038949104600514,-0.055554684182177502,0.98990517611041029,-9.4709159185711265,-7.3619968223093482,-0.64742382563597911,0.1626698107126245,0.0891924937000433,0.3047619047619048,True,5
0.35960351357949938,0.85016090475372852,0.38459296541876775,-0.93299021073760602,0.32112731163618757,0.16250081965674229,0.014648538803480313,-0.41725733756236993,0.90867031125776643,-13.986961541472498,6.5443984187137705,-1.3911549901546683,,0.1756365439397902,0.4580152671755725,False,5
0.68454607300064807,0.70086628909250237,0.20045727413366476,-0.72865270177054542,0.66597671099785449,0.15981320537104365,-0.021492187926752018,-0.25546323653744735,0.96657985735061525,-15.172966827504684,6.8124662831796687,-1.2912743891212606,0.3223866866354225,0.2393543022772683,0.5402298850574713,True,5
-0.93591624475746438,0.31996554641557395,0.14725091478856606,-0.32312544373855656,-0.94635258873803341,0.0025933371519415299,0.14018106294306384,-0.04515337081332866,0.98909577023478723,-11.183820426120498,25.68042044017804,-2.4535767439028238,0.4730312573845311,0.4068854763815277,0.9259259259259259,True,5
0.97024102984445237,-0.22224164131279725,0.096130103885149629,0.20488835055830495,0.96508082219215818,0.16321694287789029,-0.12904692097013723,-0.13866383632188073,0.98189573412080022,-8.5252911106430513,6.1944811927320957,-1.5888533534356819,0.4868227729394743,0.6466944207130132,0.680672268907563,True,5
-0.62963657931501193,-0.76208746492774471,-0.15093201710867862,0.7764561223793166,-0.61080450063909442,-0.15502822974769057,0.025955115260135761,-0.21480353302269092,0.97631233434429343,-0.98227122747851581,-11.367792024165819,-0.90693724274139853,,0.5882683633062729,0.1818181818181818,False,1
0.59908789421614583,-0.80011072470052602,-0.03027413455184616,0.7923743340862498,0.58701404781225197,0.16600428413883705,-0.11505046581842496,-0.12343960422115118,0.98566021245898383,10.114187850144592,9.6674955819107318,-2.8948276686985359,,0.3880612116204603,0.1666666666666667,False,5
-0.66502678122029979,0.69379736274335668,0.2763776396710349,-0.7364615156502281,-0.67066457394099532,-0.08850686542135229,0.12395086214277704,-0.26240093123102298,0.95696496020656652,-13.440756953438543,-15.653461698392128,0.48871113879705219,0.4761731015035749,0.462755042984868,0.5964912280701754,True,5
0.50916602425413982,-0.85784028530237866,0.069713733636690145,0.8539002022629435,0.51364029129015054,0.083833738665734625,-0.10772374074705229,0.016843279838082023,0.99403817814194595,5.2117919821731311,-7.4739275039892386,-1.6104434160289669,,0.08679898127380206,0.25,False,5
0.34444061599846199,0.90402038598792411,0.25319518907128746,-0.93878551334028215,0.32979821676095716,0.099573571612733974,0.0065132167953759687,-0.27199315789103534,0.96227714306609158,7.0846479747225288,-9.7220979908670557,-1.6250749021555604,,0.1226710941958514,0.2666666666666667,False,5
0.98115756045757363,0.1305484005976825,0.14243228797689278,-0.16212814023170669,0.95728341952324136,0.23942205589899379,-0.10509190121961624,-0.25800304224423376,0.96041143396503237,4.5657992022086988,-18.044721253704285,-0.9491885809709486,,0.3740977566775288,0.7096774193548387,False,5
0.1507654556220234,0.93387781270995385,0.32425608447515131,-0.98745979558510488,0.12672692913210384,0.094145831218224368,0.046828725095899845,-0.33438378603158891,0.94127283725021704,-9.7236805332254743,7.2653210897321632,-1.6104089247512061,,0.09051846997404515,0.2325581395348837,False,3
-0.39385800376197133,-0.91628972069405468,0.072725653129043277,0.91915927196754788,-0.39221342154850558,0.036261063322819198,-0.0047016623360435911,0.081128168398067899,0.99669258784424208,-14.239901920349228,-3.1444634492054182,-0.4528526767280176,,0.08912144408200459,0.3387096774193548,False,2
-0.5526811998901271,0.81915849540424934,0.15337160980786227,-0.82546822897584538,-0.56339436963991696,0.03448169383197229,0.1146546738667483,-0.10754600720197205,0.98756678867579506,-14.899643387155157,5.5475196877864859,-1.1475884068009128,0.4387859932877393,0.3958945241477003,0.8266384778012685,True,5
0.94664305368715684,0.2699834446128318,0.17599962653609696,-0.30924762097756336,0.91469150535161081,0.26020253449442488,-0.090734986777829804,-0.30074638763016759,0.94937809775759685,10.478376485528075,0.78427421033693223,-2.509804258741656,,0.3006032701626358,0.2142857142857143,False,1
0.80015591030111999,-0.59940800257187288,0.02146079362430775,0.58867448162543745,0.79167871736452133,0.1634232638123797,-0.11494726570567132,-0.11813066885811484,0.98632259995496685,-11.897588838969819,-7.1775575313574436,-0.44822620002889613,,0.2690280099096325,0.451219512195122,False,4
-0.53267847309412997,-0.84225901343540743,0.082785255866733576,0.84623640648597609,-0.53142873204864083,0.038307272036468526,0.011729818404742763,0.090461356611474225,0.99583088640602202,16.651094616521142,4.8810346106442752,-3.315398492157978,,0.08525703787790403,0.3333333333333333,False,5
-0.098782596267687026,0.98017921391534402,0.171728586097115,-0.99236553775063763,-0.10983802199931809,0.056091429008058552,0.073841981010153851,-0.16487667370363948,0.98354615769109721,15.645470229453807,8.5722931472368096,-3.4114309712554354,0.4774140985328034,0.4646170549554167,0.8715596330275229,True,5
-0.39571504559204185,-0.91625351927433374,0.062362577797005506,0.91835084155160995,-0.39431658438650036,0.033855030633788398,-0.0064291922928963671,0.070667670791977305,0.99747919566841026,7.8243823725765367,-7.5835421108020249,-1.8222886731117078,,0.1000697507814531,0.2368421052631579,True,5
-0.16304668913556458,-0.98250425027619337,-0.090006529491731241,0.98649703895513596,-0.16377740773957797,0.00074353671958471423,-0.015471564067020018,-0.08866994362984193,0.99594089774544403,-14.979232350279361,-30.070908057331149,1.8160306651122031,0.5067248619093185,0.4379134308185286,0.2173913043478261,True,5
0.36178186703079002,-0.9322151271950283,0.0094253549786222773,0.92642384380981735,0.36062735895724407,0.10810536338297999,-0.10417649594970449,-0.03037868661216922,0.99409476061961055,-15.547655621760223,13.642934839237222,-1.6350255276973227,,0.1094151157720875,0.2432432432432433,False,4
0.97733006624644381,0.16420066062239372,0.13365659228744586,-0.18116450447119886,0.97527408813237793,0.12656964619238448,-0.10956899164648748,-0.14791415100905614,0.98291202047835569,5.0732669593722139,-16.640028188206912,-1.0569519483405467,,0.1264098770996249,0.2631578947368421,True,5
0.25014950374478856,-0.96429120579317262,0.086992506609393866,0.96415607482689791,0.25630598258420317,0.068631673926367945,-0.088477619490044679,0.066706174538011101,0.99384203831790052,-6.8465128872620955,17.355773400938283,-2.2364549701737726,0.6296670504487473,0.5810068045927135,0.9830508474576272,True,5
0.31076158959020345,-0.94577046211313287,0.094580481229910626,0.94591969118440933,0.31747728316168189,0.066664177080867054,-0.093076163785159816,0.06874887395869686,0.99328264862749382,-2.5945466487548137,9.5062953634629821,-1.9702311287365568,0.6676591238510474,0.5953461209050874,0.9839857651245552,True,5
0.83648299724298947,0.52672496396972346,0.15118534206224685,-0.54513587802000418,0.82796205233929787,0.13155118540498578,-0.055884432704861146,-0.19245688404728833,0.97971285485292281,-19.75942578106989,-18.806136224848867,1.6840640873477291,,0.2110706963025365,0.48,False,3
0.10124980720157058,0.98345415284313253,0.15022118957471464,-0.99359679005859636,0.092351788911699859,0.065088907427175116,0.050138760723609052,-0.15584953108818267,0.98650749025676199,10.376894035105936,2.0791646825904513,-2.5705375195328943,,0.4873218059389307,0.9090909090909091,True,5
-0.44729101254382042,-0.88937427457548401,0.094573515430352126,0.89438813853515708,-0.44469103166807078,0.0481637208031429,-0.00077958010495187552,0.10612862986639433,0.99435210372259031,3.9392149266096816,-4.4603889474590908,-1.6974649434941038,,0.08048965625074964,0.3529411764705883,False,5
0.77566751331314254,0.61511988341495483,0.14130618464235367,-0.62893465184769404,0.77204067586545488,0.091620950193893921,-0.052736254093616125,-0.15993975064624963,0.98571708094533361,7.7516524936917488,-6.3072246862474373,-1.8700849900833851,0.2569814928669573,0.09204332738481427,0.4242424242424243,True,5
-0.33865647647311337,-0.93610189597986082,0.09500016466157421,0.94075079818192975,-0.33501108760185572,0.052492922417070847,-0.017312615714514389,0.10714854887833238,0.99409228032934149,-17.057753242590241,2.1497698744394418,-0.4895670192651137,0.1424678499327729,0.1493721536534633,0.6463414634146342,True,4
0.6914033590441605,-0.71985216816222874,0.061434933829148747,0.70892599649587618,0.69237294083219647,0.13432662541620755,-0.13923119835289155,-0.049321058337345,0.98903089264678856,-3.6840692957412262,-18.370904634878897,-0.21714834706025118,,0.2026082689022806,0.3783783783783784,False,5
0.90328772261676771,0.39932534219206739,0.15687753584564354,-0.42297648391247528,0.89009758379486759,0.16975625284382806,-0.071848341851795311,-0.21969424754810135,0.97291944855030033,-2.9828058143007286,16.198655485125112,-2.3581417140439558,,0.1572014936212866,0.36,False,5
0.92775553395500232,0.34886618157295796,0.13252190977560899,-0.36182376247211395,0.92784575150717086,0.090475556481396976,-0.091396029051561939,-0.13188877421827516,0.98704210503342193,-3.3194441659940646,-9.8339539740376303,-0.84090162609139141,,0.07125440698095929,0.28,False,4
0.87918537511193862,-0.47184198703742503,0.066319042950385737,0.44609518378132013,0.86401625456972431,0.23339879786840462,-0.16742808365501527,-0.17561620400145517,0.97011689279989821,-15.201722308750266,22.28080316926776,-1.9196013454552567,,0.2953395057810629,0.6666666666666666,False,6
0.77170021960442625,-0.6359671612614779,-0.0049538731815663151,0.62300527641906045,0.75436030872644655,0.20689357208998005,-0.1278405124226735,-0.16274610414740842,0.97835091300021315,1.424839934482458,-12.931266250975421,-0.99121744366991149,,0.08630139996519741,0.2564102564102564,True,5
0.21908856459441894,0.95595859204055644,0.19530327997193364,-0.97508410722501182,0.20737838172534206,0.078773032378986321,0.034802078977549881,-0.20769539498221118,0.9775742622440633,2.4463911559332923,6.2686781827229181,-2.1339461691076838,,0.105799820947326,0.5172413793103449,False,4
-0.74486858979031356,-0.66290720599411124,0.075662541490961133,0.66571780073252951,-0.74599026831291149,0.017841787193994853,0.044616070329366236,0.06365968758572621,0.99697384641968112,-9.1166599372230746,-11.054816733920715,-0.32198778221715402,0.1386525675870266,0.1182309054022335,0.5212765957446809,True,5
0.95302700310324817,-0.28849666845312988,0.092245344855386352,0.27541542139179231,0.9521593571551249,0.13243452813191842,-0.12603918841227804,-0.10080789092817742,0.98689001013840938,-3.1863166378379897,8.6118761315279926,-1.9000078075345528,0.1093372127129363,0.1081094192052993,0.4274809160305343,True,5
-0.63541613160867927,0.68217026059456742,0.36178733428880872,-0.76288499968428647,-0.62704567446917669,-0.15754427754190869,0.11938516217758487,-0.37610830579746035,0.91885239585147516,-17.52828265624867,-7.4135440894893421,0.38927820983423728,,0.3990796206394494,0.1304347826086956,False,1
-0.1353129606586243,0.97674926455247935,0.16628673090174226,-0.98843608126600302,-0.14466854079662256,0.045443663532811804,0.068443523647639962,-0.15821468800325339,0.98502974400305698,-7.1354369055426785,-2.3067361970714599,-1.1005671677406603,,0.08729448254094294,0.3908794788273616,False,4
-0.88576440203255169,0.43448441166530893,0.16323210502767777,-0.44537375371622773,-0.89464231137286498,-0.035459190658202466,0.13062788214096283,-0.10410778415309929,0.9859502653207709,-3.6353525045567534,5.8738607189541234,-1.7609204429691518,,0.07656987894050019,0.2772277227722773,False,5
-0.87902000674572989,0.43278177830187681,0.20005939145814622,-0.45902046187590412,-0.88163585418978552,-0.10962862849767388,0.1289342596828722,-0.18819711203128089,0.97363124626478437,-16.22413342638902,12.791752801208752,-1.5261662202878346,0.4687637728523195,0.4152656718604635,0.8830645161290323,True,5
0.96432074536030177,0.20648296684976469,0.16568127374169567,-0.24378135371395296,0.9366241728275575,0.25160645948879423,-0.1032286377375205,-0.28301933374950322,0.95354281764105531,11.710290471263235,3.0586180174847879,-2.7315715090025963,,0.4452446860419689,0.1538461538461539,False,5
-0.50207396399363446,0.8184866261480539,0.27928726697881523,-0.85783875147547972,-0.5122985044536873,-0.040778901425949698,0.10970146374005502,-0.26005746509433786,0.95934128635329685,3.230270517595804,5.1031639169996605,-2.1183867613618075,0.6736927321334975,0.2676653724738821,0.4166666666666667,True,1
-0.45415803291014351,0.87578339883475054,0.16353568255472903,-0.88536331609469276,-0.46412752300403248,0.026785087342587839,0.099359346097877402,-0.13262383162762786,0.98617373703998468,0.42942018641303337,15.065089743001689,-2.4913175361488817,0.2054397223143513,0.1561353565688492,0.3333333333333333,True,5
-0.87073753802160514,0.47244602332015667,0.13642175387029107,-0.47280104965932923,-0.88059288713430539,0.031864314985688223,0.13518619500937434,-0.036754893244857138,0.99013825827580704,5.8464096060456727,-4.1005963936013394,-1.8446441389452577,0.507900843820444,0.4346343016756397,0.9539877300613497,True,5
0.81293781365186879,0.55603494110173968,0.17308164376647875,-0.5772716897599236,0.8086000191711904,0.11368115586179983,-0.076743125663762263,-0.19233084326320901,0.97832476171924643,1.6743250925708566,9.2570197797876563,-2.2077584763193894,0.6251020481648444,0.2064214114204147,0.4333333333333333,True,5
-0.98989176953308866,0.083183704959349153,0.11486842838607519,-0.099829392337246012,-0.98397665052841576,-0.14772963020483171,0.10073915344208101,-0.15770359046044596,0.98233456648926754,-11.160407445390174,-21.265869662400114,0.56253512169000686,,0.2747635702798812,0.1538461538461539,False,3
-0.24978502376396153,0.92034535680080809,0.30095160095674967,-0.96199572629353303,-0.27128017136891319,0.031165545319013332,0.1103252668078149,-0.28172946746346322,0.9531300240085494,-5.2893952663608754,8.9014872258514011,-1.8269106891329523,0.7513262460351549,0.778173530286673,0.5757575757575758,True,4
-0.55217439122579182,0.81713211416631237,0.1655250726401323,-0.82611837483910056,-0.5630065148897625,0.023496700723484122,0.11239160301210926,-0.12376902758678558,0.98592563379932063,3.1420720073225539,-10.232258368754582,-1.314282648764634,,0.3228858400345257,0.8482758620689655,True,5
0.88939880222326284,0.43387749053577501,0.14394475957882333,-0.45073942340711909,0.88482622461548754,0.11796831955793077,-0.07618229971879685,-0.16980246005014987,0.98252907426216851,-0.49278064057199633,14.628034046461318,-2.4077641803914265,0.1679716789038724,0.1237040764469654,0.3225806451612903,True,5
0.99443820484803025,0.021011521019070202,0.10320451890829481,-0.032838598983100618,0.99290650446658313,0.11427291807238857,-0.1000713902944019,-0.1170264473203254,0.98807415079645178,-6.7571881997144336,-11.716039939911802,-0.45173075051569289,0.2936823517026138,0.3077548335056036,0.8947368421052632,True,6
-0.80805404327559616,0.56012233704113135,0.18251474103080756,-0.57503210635454505,-0.8172589189496382,-0.037761568541631665,0.12801070192533331,-0.13546522411619358,0.98247770114528987,1.1767895005595272,9.8254822929637324,-2.2346215414341564,0.5960780315132894,0.5929618618276653,0.7865168539325843,True,1
-0.34289935592929893,-0.93891207870622784,0.029396261034737303,0.9393393895899339,-0.34245812516663915,0.019077307780736734,-0.0078449262636647379,0.034154662447476142,0.99938576944291946,5.7258557956279166,19.238202917568806,-3.1104670429811057,,0.136784908700391,0.5294117647058824,False,5
-0.73716300369221799,0.65151414507868077,0.17922060358637265,-0.66401807389351408,-0.74759446900155369,-0.01350953222852827,0.12518268063200971,-0.1289644473515148,0.98371615204239859,-25.399753646025136,7.1899722155713253,0.12404946084139425,,0.1831662451552026,0.15,False,1
0.12170503624091607,-0.99239686312989717,0.018339852876713011,0.98828847043814705,0.12287343813044999,0.090487664358365888,-0.092053155038961582,0.0071122606774966374,0.99572869417097254,-1.7612005643816673,-24.328526244542061,0.044019022696656661,0.2470269011352231,0.1891290923768219,0.3571428571428572,True,6
-0.60067056114942929,-0.79656127106950669,0.068447194249010246,0.79940734257788171,-0.59967787866348066,0.036528652784315406,0.011948958155382716,0.07665887602750078,0.99698577679182621,-20.169703130923597,-21.107614824461976,1.9340027618493052,,0.1501531344756005,0.6666666666666666,False,2
-0.86786120372563325,-0.48510820420770812,0.10717724235241949,0.49167665541531369,-0.86959716682674537,0.045330276488353125,0.071210937274463509,0.09203693637487198,0.99320602331803332,2.2973712841641598,5.2673161696852535,-2.0628959066108701,0.1406000906623397,0.1175438659863069,0.625,True,5
0.18759501388672364,-0.98068308481689925,0.05539673202321603,0.97977139613724085,0.19082566085812958,0.060279171106954924,-0.069685881469085095,0.042968061534937527,0.99664317767785293,-10.94262367952529,6.2929432309734805,-1.5045155801143077,0.5283538728998489,0.3232301942476737,0.7450142450142451,True,5
0.1723219180419551,-0.98444142350746466,0.034354624796945607,0.98186147006248237,0.17446106183606075,0.074238746687803878,-0.079077241789806324,0.020938519184300841,0.99664856807466762,-17.503204529715791,-2.6008306727410933,-0.049107448595503408,,0.08979349748114543,0.3414634146341464,False,1
0.94608501379408927,-0.30748546834978019,0.1018618349920789,0.29845757297856751,0.9497052597085347,0.094778672778677159,-0.12588178504446235,-0.059267245892321088,0.99027328034152184,-4.1179160063758138,17.852454549502152,-2.4150054048406218,0.3042301310554833,0.3144160470116281,0.8918918918918919,True,5
0.95897411147046308,-0.25299867548503491,0.1279074811426397,0.23908734684252891,0.96420599803588514,0.11464743316543963,-0.15233480925001031,-0.079362860044492223,0.98513737231734444,5.7698985871361002,-9.1466487254310174,-1.5643322728729401,,0.1182601161809188,0.3269230769230769,False,7
0.96813244972828738,-0.2326517049845904,0.092697054704385162,0.20666732492164622,0.95123895297968364,0.22898268743257688,-0.14145026190444243,-0.20252811780559668,0.96900680333281797,2.6898759621133794,-16.187964041420052,-0.8798294666125277,,0.4062768692010619,0.6164383561643836,True,5
0.55706970586786042,0.74121381729461044,0.37453360310638034,-0.83034220048986618,0.50490498179599996,0.2358024373140109,-0.014323857369526141,-0.44234945055819053,0.8967283817862155,-0.6699985937797559,-5.5816657554782232,-1.3145454122166031,,0.09620227707450757,0.6666666666666666,False,1
-0.98701622502385011,-0.11498109564893587,0.11215310598925914,0.11790802899839568,-0.99282707442718654,0.019801438888784502,0.10907184896838051,0.032768093135290291,0.9934936254626372,-36.158179664265759,2.7802388264266149,2.090857697766539,0.432972852784096,0.3983114385820511,0.9696969696969697,True,2
-0.62410034716368579,0.76448396277779218,0.161440476107233,-0.77224161325797203,-0.63496626549823787,0.021464678705863174,0.1189186588508776,-0.11127494028209854,0.98664899546004914,-2.0881063600675223,5.1977602712965068,-1.8185194448442712,,0.08336264633770307,0.26,False,5
-0.39558264981748964,-0.91653417134390747,0.05898711657905345,0.91802018309402,-0.39267026769949281,0.055217789677164071,-0.027446504247283642,0.075994563119648376,0.99673041279016772,-14.025143873451915,17.081187362256046,-1.8606327354946839,0.5922296034132684,0.4882585764760213,0.9403973509933775,True,5
0.98394574036267313,-0.15253820371317531,0.092643814850797312,0.13755562574701671,0.97893548604117953,0.1508766515888591,-0.11370677133529755,-0.13571076072764887,0.98420188964217337,-11.928843322874318,-23.345405700758118,0.82861818762480821,0.282935383834682,0.3124843300251716,0.7333333333333333,True,5
-0.79735970616441909,-0.59897853548818358,0.073771356296485124,0.60010176968983042,-0.79988033633781219,-0.0083254762772578539,0.063995038874322605,0.037631922147826541,0.99724042910169619,-11.069408528666091,-19.390165639231409,0.45023005644889119,0.1968897167232458,0.2091363539830675,0.875,True,5
0.97741363061652398,0.16582781330908708,0.13101042331872925,-0.18472894576306376,0.97150709737868524,0.14848965061616065,-0.10265384202402321,-0.16933722590136224,0.98019747634940291,12.560433887086875,4.7364360408728299,-2.8992192145227218,,0.09736566642317464,0.1764705882352941,False,2
-0.10751288639732717,0.98010514627870016,0.16683788987075329,-0.99246569227792891,-0.11572116094632195,0.040254969389250238,0.058760776967373807,-0.16125295391789152,0.98516224853723844,1.9672660849607002,-17.739846203116112,-0.74218547294473691,,0.09499493172559609,0.36,False,5
0.37529987525276115,0.877192883463215,0.29947061431257727,-0.92557357983361344,0.33736186895422976,0.17175714741954348,0.049634181259003408,-0.34164252454458832,0.93851842468517821,-12.005665612611212,-11.42642883837158,-0.0064223495054424326,,0.2896694944773051,0.4049586776859504,False,2
-0.99550272741817858,-0.027561132709260486,0.090635002436979237,0.028795332389142097,-0.99950918465766381,0.012337690933554482,0.090250476650084926,0.014892069995659535,0.995807751383608,-1.588167015447211,7.5894906455500148,-1.936386467690387,,0.1057708872618478,0.3431372549019608,False,6
0.66397873899694959,0.72936085469909562,0.16481801416297515,-0.7467490906872023,0.65818939201313997,0.095668802643342724,-0.038704388870754169,-0.18659975314554672,0.98167331755944331,-8.8439964056252869,-8.7893271076279156,-0.57765346300249076,,0.07782406334014452,0.3529411764705883,False,4
-0.014838990847282652,-0.99866610233123732,0.049455236377642348,0.99831842994810682,-0.012025615158198551,0.056707116008604973,-0.056036744878523594,0.050213550308667948,0.99716522331498159,6.456337655439893,-7.0135977939501046,-1.7457335308185482,,0.09502746646247151,0.25,False,4
-0.45046988230300566,0.87400845672855998,0.18217053193334365,-0.88723364664964399,-0.46097984905003803,0.017721033338354779,0.099465277311688693,-0.15364503355710957,0.98310724861153553,-6.3188262781070472,-17.118723159987461,-0.088380594777381402,,0.1846139631765577,0.6226415094339622,False,8
-0.087071399883676973,0.97584877192917063,0.20034406815931816,-0.99387867580508571,-0.098820627363639807,0.049392928515981871,0.067998155138393912,-0.19481698573734618,0.97847973559291901,-17.090926210133652,7.8404902748214313,-1.0779050871909588,0.3465484815283086,0.2782757922215636,0.5470085470085471,True,4
-0.46446168581047181,0.87097941635340392,0.16021922076573289,-0.87912343829370398,-0.47528882037808473,0.035249361217826861,0.10685187249997427,-0.12448049450533501,0.98645186594732381,4.8181730608249547,8.4661951061025515,-2.4028443437744049,0.5286699053047041,0.4551293781485131,0.9405940594059405,True,5
-0.9057938974165648,0.36286558941960129,0.21878295047392318,-0.40379083705059565,-0.89571041859122391,-0.18616069923889397,0.12841485629353441,-0.25696577601365511,0.95785083110096592,-7.4782075363568632,-15.138058012357217,-0.13212386332111917,,0.2491740591599981,0.3333333333333333,False,2
-0.55467416209205167,-0.82977879447066971,0.061674355726519484,0.83206589484861326,-0.55329943173646401,0.039065143925000115,0.0017089579442859798,0.072985553960403043,0.9973315338320734,-5.5221918712153029,-5.6130810811532594,-1.0470559674176707,0.3186259180101909,0.2559559800276472,0.2292993630573248,True,5
-0.80993459864438533,0.5694716500974879,0.14038513330835345,-0.57180584990813343,-0.81994052293950381,0.027122110030964437,0.13055273237124215,-0.058305905163531555,0.98972541924185486,14.947738190727691,12.118355702505754,-3.5662104237174899,,0.108027130060362,0.1818181818181818,False,5
0.99783761289323314,0.020130590997485473,0.06256882292026554,-0.034284921456107849,0.97158950760492457,0.23417594426577995,-0.056077111697056148,-0.235814732402607,0.9701787307118227,16.882514394802936,-0.0057327889915134433,-3.0519912671347864,,0.3100709918250584,0.3076923076923077,False,3
0.50629105059356849,0.84950779389062459,0.14834379059450331,-0.86233197068689749,0.50017767222474874,0.078777335186489786,-0.0072762916456970209,-0.16780585307705204,0.98579320917369395,-0.65526216690503802,-10.160940395673475,-1.0434249348657358,,0.06604101798142033,0.15,False,5
-0.91179340667442499,0.39550442950962517,0.1104944785195716,-0.40835964369642019,-0.90164413614121008,-0.14240875381205687,0.0433034056995385,-0.17496884865722886,0.98362122641511962,-14.100584163584019,-8.6995656311739253,-0.0044168704659054894,,0.6585478790419126,0.7567567567567568,False,2
-0.99342324619493549,0.0050939976308058046,0.11438664741853968,-0.0040703610968480415,-0.9999495721886682,0.009180699332811959,0.11442764561091538,0.0086547251738904509,0.99339388444468812,-0.97199114829343869,-12.571227868117628,-0.82656501532302862,,0.08644240504644354,0.5,True,5
0.74842543505691106,-0.66320933566846496,0.0035700479084486425,0.65020420763009135,0.73478916911857262,0.19318220758176594,-0.1307434760896328,-0.14226121758312318,0.98115640416386651,-11.551173881220461,22.641906084916606,-2.2132431824558085,,0.2869088477225548,0.5555555555555556,False,2
-0.54759550401713897,0.80103164604959953,0.24184182021991979,-0.83100866970286436,-0.55441197220218796,-0.045298520478660467,0.097794452086459871,-0.22577791545221759,0.96925774592476677,3.4166942660980886,-22.073552718167441,-0.58038354309316198,,0.2967741131425467,0.2222222222222222,True,5
0.86326917978313378,-0.50248853284058015,0.047661279885010774,0.48749045743181013,0.8545126967862251,0.17933517486555173,-0.13084103771172356,-0.1315801101795202,0.98263283959761161,-1.8314163071657998,-13.150268487804652,-0.72122608830094315,,0.3105096594779959,0.4197530864197531,True,3
