axis_00,axis_01,axis_02,axis_10,axis_11,axis_12,axis_20,axis_21,axis_22,location_x,location_y,location_z,dbh,dbh_approximation,score,reconstructed,number_clusters
-0.99460209506115704,-0.022479649619304411,-0.10129826184564403,0.02312706671269648,-0.99971889942205638,-0.0052211994423827235,-0.10115241611163731,-0.0075357475637104192,0.99484240019383596,4.8044841539688701,7.2613065296604207,-2.3855923643922115,,0.0871733808229227,0.2916666666666667,False,1
-0.63883134161587185,-0.74999278439979178,-0.17147985396982646,0.76375132067254903,-0.64506448020220275,-0.023994510880608583,-0.092619852840536934,-0.14629641051546657,0.98489538689654121,7.2450183356278393,11.026237390598899,-2.1677580832464445,,0.1017716411214334,0.3157894736842105,True,5
0.85624734827620064,0.5165410594688129,-0.0050805957141258767,-0.50594322935543368,0.84058300512934847,0.19349847585215696,0.1042205701355009,-0.16311206384124161,0.98108742087037337,-14.525564660790007,-12.902244900631599,-4.7312997342155931,,0.597530140881791,0.5,False,1
0.65981928210758467,0.74123504714233324,0.12332526037651011,-0.74985268975133601,0.63890151512900351,0.1718307237910309,0.048574258941514792,-0.20585300302343487,0.97737663288750443,15.338571956135949,6.0474635516962012,-1.2026840624450212,,0.5419206065031632,0.6896551724137931,False,2
0.20322990001619023,-0.96573040991640247,-0.16143848085914175,0.97901973195935954,0.19793951310157584,0.048376787691369806,-0.014763880710508746,-0.16788306798426458,0.985696354518245,-7.3898235711074509,9.232169931765581,-3.707472413468385,,0.0783035814354873,0.3870967741935484,False,4
-0.98047108425149199,0.16406048780462959,-0.10844634289827483,-0.16365111949527256,-0.98643620041880942,-0.012725313011704244,-0.10906311949805637,0.0052705639744455857,0.99402085346372038,16.290923545663293,4.7040808232872156,-1.0929419071462474,,0.118434094664695,0.2380952380952381,False,2
-0.23031363449406919,-0.95458186223905805,-0.18902142219955698,0.97304364738062554,-0.22353400721729041,-0.056732776325404036,0.011903363320517873,-0.19699242600057298,0.98033274659172098,-6.642329791230849,6.3080786868229168,-3.6081331031684716,,0.2599136681773046,0.6310975609756098,True,3
0.98077808627839458,-0.14521003303377367,-0.13033952501993007,0.17159453860815738,0.95986698001009141,0.22183483722391528,0.092895962215503392,-0.23993629778055206,0.96633374835582486,-6.2534345793162025,10.727041428199877,-3.594011908060819,,0.1032591795117465,0.2413793103448276,False,2
-0.65572126769507588,-0.7433534777419627,-0.13211822819464816,0.74930625921151595,-0.66218828224644422,0.0068416929154415454,-0.092572938803993768,-0.094510771790491444,0.99121035356616338,-18.075464111122749,-7.3392574593132665,-4.9062405282559842,,0.1671927001683771,0.6153846153846154,False,1
0.90549161654018928,0.4237679957102406,-0.022485955331281227,-0.40983634102615579,0.88701001642366306,0.21271437266528465,0.1100868109708303,-0.18339551950857097,0.97685565846467526,-19.185280700181625,-21.911471782765204,-5.3725361388155264,,0.1923023350925116,0.2272727272727273,False,2
0.42279252750078439,-0.88770984062291913,-0.18225728394423962,0.90606439874037981,0.41788351394112067,0.06648815015817576,0.017140129075756544,-0.19324752944721885,0.98100031005999888,-14.572481019500234,-3.7761574491168264,-4.4713637156422452,,0.09025665360086307,0.4047619047619048,False,4
-0.89049071810433267,0.44759617205966923,-0.0817554140565592,-0.44894304324840067,-0.89355785608985783,-0.002121730180857706,-0.074002870815213048,0.034814143356209172,0.9966501645680288,-14.732878191213944,-13.665500226322049,-4.7910035414688696,,0.09721407446174059,0.36,False,1
-0.95301453981624196,0.29336086684690182,-0.075516148615185547,-0.29109412185004035,-0.95587033276612121,-0.039700367277122443,-0.083830180264570259,-0.015852720284508078,0.9963539492250687,-5.2582789777739398,10.737925122129402,-3.5011937889340241,,0.1058315122453675,0.2830188679245283,True,5
-0.95415678893719147,-0.27486237830337995,-0.11847149496177622,0.27927458866187826,-0.95995743974589642,-0.022077545249480142,-0.10765930639200291,-0.054151517706467325,0.99271198586361376,6.0291974576337024,2.2174480148935767,-2.2069699406787597,,0.07561469251160413,0.2641509433962264,False,5
0.13537237659426002,0.98465106636458766,0.11016622514320405,-0.98939201062671733,0.12842783452448209,0.067895070714852235,0.052704544047400055,-0.11818870007929519,0.99159147949663373,3.0308489468444675,-9.2471410990136036,-2.6009955941691461,,0.2439042771432583,0.2692307692307692,False,5
-0.66996831250776856,0.73681587829849648,0.090801000670202345,-0.74183059940917129,-0.65969155606724472,-0.12039274327719518,-0.0288066314539632,-0.14801828380573212,0.98856500324636365,-0.59992524624504973,-6.338792269582096,-2.9901961893505007,,0.4549002976674682,0.3023255813953488,False,4
-0.97375244593975918,-0.1726340078372266,-0.14833635213390492,0.19741614957633247,-0.96494660764526186,-0.17293035673460277,-0.11328299922226867,-0.19767534932802888,0.97369986050900204,8.5210318621949384,5.2627891582608255,-1.9806139395978717,0.5580334841749703,0.3650792358469269,0.1720430107526882,True,3
0.45294530513611647,0.89028366893496214,-0.047281490911934662,-0.88704135912920945,0.45534637232468211,0.076271281652789416,0.08943253182906899,0.0073939190188324622,0.9959654372578336,0.17414215502653158,-22.503439688262855,-3.3239586221230768,0.4254419072935648,0.5457751912153429,0.5357142857142857,True,5
-0.02738336941526252,0.99889612806956785,-0.038166430368736404,-0.99901615993183412,-0.026014356156341359,0.035916089275170884,0.034883567399540634,0.039112384245854323,0.99862573475956717,-15.410332629573244,-1.5937155418178528,-4.546320384328693,,0.1517489664963564,0.4929577464788732,True,5
-0.96256848985028287,-0.24369444802924062,-0.11863776105048089,0.24771536121290055,-0.96862249532802913,-0.02018814908964868,-0.1099954642997132,-0.048820872014205104,0.99273235078205468,10.225950999483617,7.0398352577442624,-1.7726752305296509,,0.09798266906487937,0.2162162162162162,True,5
-0.99565899405588498,0.04018831271059526,-0.083952766941291113,-0.029577074168941703,-0.99183905961699359,-0.1240180490964238,-0.088251709554139787,-0.12099660879360834,0.98872213306935663,-24.675327594504743,-2.7724810949313277,-5.4586382171498062,,0.429442372351462,0.1,False,2
-0.89387403374906504,-0.38371902993663332,-0.23183812855883973,0.43571838086310144,-0.86531052195932412,-0.24776439042872914,-0.10554006048516917,-0.32248628908989557,0.94067204113963954,-13.50765111350864,-19.755968657349104,-4.8578520552191069,,0.7855693406605778,0.2666666666666667,False,1
0.27025456116562785,0.96278379912523904,-0.0031350137393515581,-0.96084527186073376,0.26991435218587856,0.062630711531571459,0.061146019592834153,-0.013913972331781502,0.99803184601589967,-21.052870405747178,16.453903922540601,-5.1793151077399999,,0.1410642660274196,0.2727272727272727,False,1
-0.27620311201427961,0.96101288305196519,-0.012887184400676599,-0.96109692179888362,-0.2761478484574631,0.0059222209537357351,0.0021325623878989293,0.014021569115602803,0.99989941883031308,-19.270910042870963,8.6744253309124915,-4.9172009836922017,,0.1202953510946363,0.3947368421052632,False,5
0.8275301073004504,-0.48849896824397621,-0.27669961968871037,0.5496189084848363,0.80543281632911568,0.22180404373249668,0.11451190744740676,-0.3356288670611049,0.93500817464235964,12.487176809081609,7.1833082633810692,-1.5144852326695841,,0.4510847656976262,0.1923076923076923,False,2
0.8059982498398518,-0.52511004614003498,-0.27317807506808867,0.58900878476737284,0.75721362314790219,0.28230511930549496,0.058612905762800468,-0.38844171810200434,0.91960728515818335,-14.48782942854025,15.562212442962837,-4.4929378561303634,,0.4624681560801278,0.2903225806451613,False,2
0.83142209524342292,-0.53288263016620074,-0.15739568611683213,0.55197647770930736,0.82458922114222155,0.12399429193189009,0.063712381815962837,-0.18997031042564544,0.97972037518881916,-12.235320672963894,-8.7551733519513668,-4.3794967426857037,,0.08363778370671919,0.2857142857142857,False,3
0.86941777038041912,0.49374169378088512,-0.018217584063850864,-0.4759551438815865,0.84685314639360632,0.23728980057285901,0.13258748643593396,-0.19763321650378429,0.9712680732809913,-8.3420897770061551,13.329189274006001,-3.8224017335546847,,0.486616308307429,0.3548387096774194,False,2
0.48998619788232439,0.87171489676303104,-0.0051637821644182208,-0.86722408781998384,0.48804635170998262,0.09865667786507204,0.088520660806504239,-0.043862254205569301,0.9951081324491251,4.3463335753005703,19.904767406798982,-2.5592539005098431,,0.1731900128432724,0.46875,False,5
-0.39199582944348765,0.91839056009973219,-0.053833528758687202,-0.91993531183355737,-0.39179627527704614,0.014652669406253711,-0.0076349027897078398,0.055267149363189272,0.99844241219043717,-13.477629896040144,14.405262655462501,-4.3691848630688703,,0.3972550953579294,0.8827586206896552,True,4
0.99494970574169739,0.0012971761525677546,-0.10036633090105031,0.0071475021761137651,0.99646257668488836,0.083733186247483382,0.10011990939444743,-0.084027677586272123,0.9914208758858698,-12.011614169121067,12.359371695320368,-4.2165826073378083,,0.0767609219622433,0.3142857142857143,False,1
-0.87336872626426421,0.48295079880925457,-0.063131560356454938,-0.48180176543701675,-0.87564650107573239,-0.03332062387774979,-0.071373151852163086,0.0013157064000925769,0.99744881678778785,4.0950376539141677,4.9529466314242088,-2.4050166849186145,,0.08971192329170331,0.1875,False,5
0.84477184934136884,0.53507766696208647,-0.0072396739411577093,-0.52580683229467085,0.8324971985482249,0.17457259098037511,0.099436902971722085,-0.14366734050495944,0.98461769108605013,3.7661992704356577,-13.30597832139399,-2.5910126369676201,,0.3030888948911113,0.5967741935483871,False,5
0.12415994639801178,0.99165659228143077,-0.03466281430038122,-0.99140374082215577,0.1254296234573547,0.037229453973730883,0.041266577205757368,0.029742436755015936,0.9987053905239498,-9.0522812379772599,-6.1995064655335756,-3.971102210076392,0.1187771179452359,0.1205950003651549,0.5294117647058824,True,5
0.98371555924065912,0.16079453242780462,-0.080304525707830365,-0.14630381698128109,0.97590612108453068,0.16187166511299061,0.1043977568942152,-0.14748681693991533,0.98353888951296031,-19.816731744222746,-20.648171543642619,-5.4895550353819864,,0.1591391790722569,0.45,False,1
-0.23846329248342898,-0.94055007908574007,-0.24186940044116934,0.9698050722803554,-0.24373917479731111,-0.0083268510507153518,-0.051121227657965507,-0.23655181969482708,0.97027308356040076,11.76232001594629,-14.615136905104135,-1.6953751952162297,,0.2368293576374753,0.2142857142857143,False,3
0.71370564342883658,0.6859296920792346,0.1418615947390878,-0.69377151879819621,0.66436299705905955,0.27803396886558429,0.096464160403099547,-0.29685394668555615,0.95003810454893567,-2.4802423311866431,16.398066233272854,-3.2557669695314768,,0.3774570475927915,0.2222222222222222,False,1
-0.54381977848766749,0.8384208012742741,0.036202327497381476,-0.83881675047712612,-0.54175704487234699,-0.053719302398448493,-0.025426514598319898,-0.059580737841898587,0.99789960819392831,5.3466152362637533,9.6452452058915377,-2.3811059305587881,,0.07369027255413955,0.1333333333333333,False,2
-0.19961007242105408,-0.9674179983487825,-0.15575055524426598,0.97821627476362094,-0.2059845092820706,0.025754644695845388,-0.056997708512238961,-0.14721684145049513,0.98746061329943391,-5.5005992946446316,9.7481019010526371,-3.5116568828599664,,0.093233314662695,0.4,False,4
0.87818775323863107,-0.44709897578338625,-0.16996698477978828,0.4729244683752864,0.86482360805279912,0.1685899586763453,0.071615063175554231,-0.22843518294690512,0.97092154673710673,-3.2668351468147079,-7.7088436081336011,-3.3472028429413161,,0.1042496566243923,0.4428571428571428,False,5
0.68108674988777951,-0.69233309609809512,-0.23831853300683176,0.73094290815870122,0.66197746550725112,0.16585626359320238,0.042933717982524947,-0.2871597451033539,0.95692004715774193,-15.48461193988031,-13.70276234411825,-4.8446574455847866,,0.2303369230044464,0.2592592592592592,False,1
0.81773507169428383,0.57545073264450597,0.012876599708267628,-0.57042258729267636,0.80719197070167203,0.15185254143767596,0.0769897683297876,-0.13152025218061919,0.98831927980732703,-2.4429552931141867,11.760167203634998,-3.2097794873550773,,0.1681593335119757,0.2857142857142857,False,5
0.91182946116909847,-0.37595801411380486,-0.16499274337884035,0.40416743243115277,0.89263147442967761,0.19964402675639917,0.07221994396343244,-0.2487259988041145,0.96587766161808231,-23.125623446178999,10.894567186378975,-5.3515186985604837,,0.3043954559861676,0.3225806451612903,False,3
0.26887733010771886,0.9622549270132571,-0.042076558709763595,-0.96024549332825759,0.27120804724870468,0.066142177544407973,0.075057137548112621,0.022619693770161167,0.99692265274535119,-3.1174675740509246,10.562580901360787,-3.2634158183734461,,0.3792024522412609,0.9404761904761905,True,6
0.99622281956956071,0.044448538185485505,-0.074595048240801348,-0.034081092043323061,0.99027132127047779,0.13491178389731573,0.079865968559885175,-0.13185991704227226,0.98804574253604061,-11.16655079345337,-13.127048278483155,-4.3992346315634725,,0.2579362541602782,0.2727272727272727,False,4
-0.34349363260459059,-0.92085121690444605,-0.1845133076114136,0.93634380624186708,-0.35098090197700516,0.0085254301886461548,-0.072611299896063242,-0.16983946176613246,0.98279303841368104,11.336657528696096,2.9697048719377683,-1.6177724553173458,,0.5801414642236244,0.8383838383838383,True,5
-0.91202399587027072,0.41013479830407701,0.0012954446721546858,-0.40300329721833961,-0.89557007147433876,-0.18852742376268378,-0.07616149544206291,-0.17246360282541295,0.98206707118837189,11.115670002504611,0.083940271042603612,-1.6307798441662249,,0.2553705117160121,0.1304347826086956,False,3
0.53303664788588301,0.84451817036515975,0.051584803320998782,-0.84095459985162924,0.52210586955046034,0.14212959568417008,0.093098297508435499,-0.11914076088410135,0.98850300257358359,2.5168489364808053,-18.032382601384729,-2.8662490310763387,,0.4384949366028663,0.5428571428571428,False,3
-0.98230560106228981,-0.14620565958636569,-0.11704533833762201,0.15536966251835319,-0.98512685184699311,-0.073384969434922245,-0.10457520781994967,-0.090271761226571892,0.99041154831436939,-17.457253347514108,18.286646356229419,-4.8511679351288324,,0.08394961037712448,0.2727272727272727,False,1
-0.59947442253272332,-0.79056468864751828,-0.12505154854183351,0.79509518732742757,-0.6061406355658302,0.020424813453611804,-0.091945961400276444,-0.087183731163011424,0.99193998669409178,-14.931364620136083,6.0539048224774206,-4.4803794907464747,,0.1280114315069301,0.504950495049505,True,5
-0.90168093253791304,0.42872414232240469,0.056277044054193204,-0.4321933332179555,-0.89762302968408259,-0.08649751038452877,0.013431999832959174,-0.10231571907916524,0.9946612865743798,1.5198092740349542,-15.882610717511518,-2.9074737429621105,,0.2756065629629217,0.2222222222222222,False,2
0.7216112583728006,-0.65098812173816589,-0.23556667239963719,0.68836773957354414,0.71090743152983538,0.144084971145716,0.073668493292808668,-0.26612983513966859,0.96111802810294855,-8.1467121066389048,-12.725093864822972,-4.056309728757058,,0.252692140541314,0.2307692307692308,False,4
0.059250731052910781,-0.97760547289070476,-0.20193288549376431,0.99823734533060382,0.058714235847324742,0.0086510632973090112,0.0033990082384385114,-0.20208952937499458,0.97936115343625363,9.5638041412680135,-13.46413756548772,-1.9424614279054675,0.3811403342231812,0.1641315078548223,0.5833333333333334,True,5
-0.24643333609044663,0.96791674778950987,-0.049069137060991461,-0.96915875555068576,-0.24604468220640249,0.013903988542705088,0.0013847031372436723,0.050982190091518664,0.99869860262778654,-8.9550121715074997,-16.017985414425912,-4.2591339151494783,0.6056942904854571,0.2882344952929224,0.7592592592592593,True,5
-0.96067252604229803,-0.25701657885549639,-0.10512267072771318,0.25766575625652061,-0.96620428347169718,0.0075921442096755151,-0.10352128167804955,-0.019792948096775027,0.99443028083690865,-12.378683878825408,-14.351740561232715,-4.5551962597241804,,0.06764661018908374,0.5714285714285714,False,2
0.94303708377473783,0.33258849946597963,-0.0081208773299134285,-0.3152642482487239,0.90117837015064872,0.29746596267268743,0.10625211716387684,-0.27796121167456067,0.95469788540805156,9.2480064493764154,-15.790811432674509,-2.0060083891968055,,0.3336134685574918,0.1666666666666667,False,1
0.95150251615801895,-0.28126409539280939,-0.12463334380423143,0.29740270988092365,0.94461656240356295,0.13874861508627515,0.078705717075968185,-0.16908595055693049,0.98245374009355635,5.8190380890823397,-11.699510105534149,-2.3316894823086844,,0.08080563670757082,0.1071428571428571,False,5
-0.51687854503346764,0.85518056482503313,-0.038765593373798687,-0.8558739178548096,-0.51717777147080912,0.002643753457887657,-0.017787816615430239,0.034544959719539657,0.99924483453157331,-27.335041309469307,5.2346469471730366,-5.7147369146436349,,0.2099778035034056,0.6896551724137931,True,6
0.99443079643645571,0.048976127758099258,-0.093320576555124407,-0.037530974106647241,0.9919822984908212,0.12067537223259525,0.098482572475360602,-0.11650089437721754,0.98829586892182519,-9.2342261247730821,13.251029618148751,-3.9223567681999096,,0.08109363340141376,0.4,False,2
-0.78028325904441953,0.62085617437200036,-0.075469506419383936,-0.62260433017896344,-0.78253666569279423,-0.00046356101026397839,-0.059345460630326051,0.046625932597322714,0.99714800241087898,-7.0996255214360282,-17.855670247506026,-4.0889008489291516,0.2766570533841374,0.2027696596451982,0.4666666666666667,True,5
-0.8266459438521977,0.5590314228911637,-0.064345564983074671,-0.55905549945150423,-0.82890514679381622,-0.019318544245165672,-0.064136043265387355,0.020003145727706576,0.9977406687688225,13.577720100903171,4.7857836633993394,-1.3968605974269703,0.412241991489194,0.2947644867439375,0.4,True,4
-0.72864952664250004,0.67816690657828393,0.095705350663909172,-0.68482238976245025,-0.72334823852638142,-0.088236162092581866,0.0093894517256221388,-0.12983440469622226,0.99149123322068267,-4.5316031029140609,-18.652353736486663,-3.8266229194000765,,0.3652480261694515,0.7192982456140351,False,4
0.89904650510402406,-0.38967813316252919,-0.19966555585580081,0.42485213868903854,0.88666811829423309,0.18253851169524052,0.10590581623116717,-0.24893894941436864,0.96271146121404427,-1.1448251421414124,10.487120787887724,-3.0630268217516128,0.8635479704629855,0.3138081856591119,0.2037037037037037,True,5
-0.76110193827816552,-0.63744001417184715,-0.11997528029479783,0.64130021791207736,-0.76724667437988947,0.0081591150820562799,-0.097251581247514346,-0.070730255093528732,0.99274335100229361,4.258708625267313,-5.7824558783745781,-2.4220298667369247,0.964285373807471,0.7114305557792757,0.8837209302325582,True,5
-0.87029540934150929,0.48724107752239842,-0.071986337967056946,-0.48751869367037709,-0.87298615182442896,-0.014856044046269792,-0.07008155107461847,0.022165538513369977,0.99729497396777678,-12.225874239679005,4.8129151006019191,-4.2218610085252504,,0.1301739712968344,0.6873449131513648,True,5
0.89680123112852606,-0.42896056898924201,-0.1083530437910511,0.43607415109107978,0.89836779859516513,0.052674787113673481,0.074745478769983512,-0.094488775522292567,0.99271596375989812,-9.3651757054103371,3.0767354896809849,-3.8968409116848091,,0.3796103864448327,0.9693308550185874,True,3
0.57665185975055577,-0.8064190766010042,-0.13099963946595078,0.81685768351413746,0.57198398359302605,0.074684987761733379,0.014702296764210386,-0.15007529912359474,0.98856524674035595,-10.545609925835686,-7.2340672711497307,-4.1364953612876585,,0.1282787305703457,0.3936170212765958,False,4
0.66360905917062618,0.7453494820698312,0.06385269113287409,-0.7435325129787218,0.64777166297661515,0.16598576682371527,0.082355441412345826,-0.15762621045608072,0.98405871727607408,-3.3530751928628719,-9.7761704367772921,-3.3679376649440451,0.6767328764393744,0.307537405426543,0.2,True,5
-0.76192633433456036,0.64529494889140038,-0.055341575535440751,-0.64536075341823007,-0.76363977913384518,-0.019073166277976013,-0.054568846377346637,0.021182933216572088,0.99828529206103611,-14.428278650098349,-1.8275667475795618,-4.4610489807145628,,0.1246871284871299,0.6354679802955665,True,5
0.97567161986940287,-0.18056542059035652,-0.12434234623989925,0.19911349449357749,0.96717541225897319,0.15787823862787845,0.091753509425914967,-0.17879555589754692,0.97959861305501839,-3.5663202277334833,11.207079097475003,-3.3068521166032707,,0.1561382333009535,0.2571428571428571,False,3
0.17265134899117573,-0.97584896498414364,-0.13382940346165628,0.98481601217920689,0.16851952796456701,0.041696412915788031,-0.018136533488285322,-0.13899628136743433,0.99012681001932945,-20.71460648806174,4.3339690783284723,-5.0697726826864526,,0.3811982769738061,0.813953488372093,True,5
-0.85159274244253857,0.51574145814842109,-0.093811243282109616,-0.51919450553234481,-0.85451999208926144,0.015252820879810697,-0.072297070785881823,0.06169547363225223,0.99547315488117116,-13.988116013127552,7.6594749512960592,-4.3797480220490916,,0.7108180212521753,0.9955456570155902,True,5
0.41913799115000799,0.90754359439982613,-0.026229156268926038,-0.90607211924433562,0.41995265683439037,0.051701844704183458,0.057936681841596144,0.0020952998785154636,0.99831806084814723,10.357230433023574,15.165439641732423,-1.8689216764912606,,0.7870248674405935,0.956989247311828,True,5
0.90368946006055539,-0.3826301602837282,-0.19219656661009932,0.42133413819165244,0.87460384962161986,0.23988674457197626,0.076307953515733884,-0.29776209743399429,0.95158542946072333,-13.507648713310347,-10.674637297162478,-4.5644116060757405,,0.4001845643891149,0.4583333333333333,False,1
0.92299695540259941,0.37891012591914025,-0.067109885959325682,-0.37162154013735238,0.92297184884810646,0.10010193374680998,0.099870171840617555,-0.06745430089957162,0.99271137097681905,-3.2227828093838884,6.0089408854878146,-3.2468350059956261,,0.1244009681689539,0.4077669902912621,False,5
-0.36548151583895255,0.93067985139268594,0.016070961133361761,-0.93068368766977161,-0.36508012940182916,-0.023331794216035713,-0.015847242203525336,-0.023484320889314,0.99959859523056105,9.1536354294958162,-17.868496418834141,-2.0520555668855018,0.375880951316493,0.2627884718962979,0.45,True,5
0.78655669550039564,-0.56836880773113896,-0.24142382476007357,0.61571505472147858,0.75169362116245164,0.23632958192534625,0.04715438635828112,-0.33453489848140744,0.94120288224442317,7.9614178943764209,8.8681210467568992,-2.0534189463542014,,0.6418549853681351,0.3448275862068966,False,4
0.60703132130477133,0.7946735640435465,0.0026270830423593128,-0.78813378671417744,0.60160578765352357,0.13006002653142673,0.10177479646039728,-0.081021002660492863,0.99150264141520761,12.225261253481243,-13.852523214091445,-1.6340211673824319,,0.223676792221658,0.2857142857142857,False,2
-0.88936766516588472,-0.41369071899844906,-0.19464106753696148,0.44487552604476122,-0.88121833568596497,-0.15981242497770273,-0.10540836059714924,-0.22872305057733733,0.96776796994466441,-16.226942848905587,17.520189070181353,-4.6876266097463981,,0.1868697399357553,0.25,False,1
0.28892629028664796,0.95731893422343572,-0.0078776239120477154,-0.95551707764262561,0.28887207722217867,0.059498212869288705,0.059234391315274935,-0.0096633937438013878,0.9981973280403329,-7.3219683550669616,-15.460079997434923,-3.9905139091564377,,0.7427473213536542,0.2926829268292683,False,5
-0.35625075748595209,-0.90732356481713161,-0.22326967218639404,0.93038557984643899,-0.36654768218391848,0.0050467315566645327,-0.086417999308553886,-0.20592898147937233,0.97474365039346489,-13.527419588904136,8.578468248459961,-4.3301161405920219,,0.1398915886385153,0.1527777777777778,False,5
0.8220482452979001,0.56807686679613822,-0.0390558038417637,-0.56307194989942577,0.82118399577669066,0.092772971908239868,0.084774180262049179,-0.054272631144168589,0.99492101187460447,-3.2830096579902222,9.2119675679448765,-3.2852265968904111,,0.1192948480897872,0.3478260869565217,False,5
-0.39165247797795411,0.9200325460088935,0.012184037841449849,-0.92010747689806127,-0.39156891106923791,-0.0087188783874542278,-0.0032507614511485053,-0.014625394642361816,0.99988775889173842,-14.59201113832291,-6.0204865199177746,-4.5125403955436951,,0.1729640998795723,0.1935483870967742,False,2
-0.13538898123367768,-0.97673221318043579,-0.16632500562499736,0.98959486200819136,-0.14155786892342448,0.025756141652987747,-0.048701466584662706,-0.16110727321107243,0.985734555380401,-4.1890510266916055,-5.4811047399153301,-3.420940416293333,,0.08984744641316286,0.3931623931623932,False,5
-0.72861234847496215,-0.67351945013488002,-0.1244813075919777,0.68114643509088557,-0.73159136231880328,-0.028523894255425362,-0.071858051829821384,-0.10557286048282459,0.99181187304684759,-23.666957959492482,16.409945343112962,-5.4504837490922933,,0.1710704581831839,0.4705882352941176,False,2
0.37261365236670924,-0.89834411243685119,-0.23267342289137222,0.92797925914578172,0.3617034594405662,0.089582933776323537,0.0036824808469065537,-0.24929593474176959,0.96842035101294721,-34.214197702082778,3.850746228538612,-6.4336805602584457,,0.1434852817199702,0.4285714285714285,False,3
0.066406112598893174,-0.94803812691138811,-0.31114938234206818,0.99738637804062713,0.054170895454521875,0.047811368780400099,-0.028471759842048878,-0.31351112262247194,0.94915759222770524,5.6812998715084326,8.6041879040720399,-2.3048285335564427,,0.3819440451259037,0.2857142857142857,False,1
0.21788610319676713,-0.95177083965973697,-0.21600443237842698,0.97597356961348092,0.21223030680795593,0.049334453357876652,-0.001112407141028459,-0.22156390871619755,0.97514521836737345,10.148502132864197,18.168606279300459,-1.9454682670918073,,0.4455459320826032,0.4666666666666667,False,5
0.96451507087949628,-0.22707808144940086,-0.13470791725648493,0.24666150831964265,0.9569533938126078,0.15296503647569798,0.094174191580282021,-0.18076434105152464,0.97900739253818159,8.6512518269712455,2.2575913800558967,-1.9164920557577456,,0.8454224045074197,0.8,True,5
-0.97822232790230368,-0.17504983023167958,-0.11152862470800284,0.1934196176336978,-0.96373419502915392,-0.18386204841114884,-0.075298928995255227,-0.20142978495587416,0.97660437897072649,-17.295354470305458,9.3005085431180792,-4.7437831201189091,,0.2465154766068089,0.28125,False,2
-0.73827998423586516,-0.66394928426148458,-0.11880241077247992,0.66735360424458012,-0.74460568150223017,0.014196688922703024,-0.097886831486461878,-0.068802085747904917,0.99281641868891302,-4.2785106092425655,-9.7248826613300761,-3.505392082470205,,0.06998148789115705,0.2702702702702703,False,4
0.97420656626753621,-0.16896444493820703,-0.14957467228090593,0.20649696388807012,0.93480308569078563,0.28896746337259988,0.090997638135425801,-0.31240071595582053,0.94558194913189053,-17.751606160586874,-18.145740203750925,-5.2352758178942773,,0.1811904014354263,0.1666666666666667,False,1
-0.97369118961045664,-0.20133076253555962,-0.10673046112439771,0.20110269991639346,-0.97948379768838878,0.013007465251583774,-0.107159560288914,-0.0087985295808067597,0.99420290409750112,16.946214515909254,-4.0801967935319476,-1.0055378356381501,0.2648021060246811,0.2524101006943862,0.8076923076923077,True,5
-0.037150199315824688,0.99908164593727278,-0.02134777370275201,-0.99880940515141159,-0.036447241638093264,0.032424847849412478,0.031617002892077133,0.022526946713743612,0.99924616676766798,-2.2468225615827238,6.5636999835823424,-3.1392360030491711,,0.07358177467273234,0.2875,False,5
0.56349606146853515,0.82540696154786775,0.034286098316456487,-0.81992434494181066,0.55371611650885211,0.14533592429299169,0.10097651846440023,-0.11000822763172123,0.98878811308193626,1.8267948347937992,9.8128886402488327,-2.7331741420394584,,0.4481177486480311,0.36,False,7
0.92016845441461514,-0.36259832901518507,-0.14769044415809324,0.38386427569087417,0.90976521603320126,0.15803629185849827,0.077059933483879448,-0.20211309579406117,0.97632579765158412,-18.28010368017339,19.06855676298116,-4.934218143177743,,0.2059396725453313,0.3478260869565217,False,2
0.9949399671407867,-0.0020180632240621821,-0.1004509293471911,0.0092447543134256543,0.9973956674432275,0.071529134505902814,0.10004497140573876,-0.072095838897281925,0.99236746909102291,-21.89490599505767,19.905554413722573,-5.3154323181013732,,0.1402363510116212,0.4347826086956522,False,1
0.77314506543735462,0.63420187208948697,-0.0058900957598062575,-0.62229969128409035,0.76036266476113656,0.18598847347368183,0.12243284697169932,-0.14013066572144223,0.98253427141594973,1.8613913164693401,-8.2161583528969544,-2.6948788261885386,,0.4421534560068965,0.2045454545454546,False,4
-0.65932740034135395,0.74881131155726433,-0.067594369906105151,-0.75076400434527568,-0.66054735161747735,0.0055322735457745686,-0.04050665301602481,0.054394999356816007,0.99769754690808632,-8.2875287573810166,10.444943242185547,-3.8310281528860335,,0.1787423148584592,0.7668711656441718,True,5
-0.98497530519110732,-0.13046418132175708,-0.11314921809596633,0.13770087917973092,-0.98873523733151825,-0.058660875650772291,-0.10422147589059554,-0.073360260707210634,0.99184482461328405,0.074422716340349193,-7.0675625446022172,-2.8972580209135774,,0.8036237494425709,0.5357142857142857,False,1
-0.74543358957845696,0.66626197058396364,0.020585190835912023,-0.66575638391400638,-0.7426229601053288,-0.072660693653075425,-0.033124021584397617,-0.067868443904169101,0.99714425913009375,-6.0357153097109837,1.0731871917268019,-3.5470798060894069,,0.4282985046890296,0.3342281879194631,False,3
0.99091421611654351,-0.073914037338482202,-0.11236427983331952,0.083326143785257378,0.99318315020458525,0.081510636800198599,0.10557352916339251,-0.090132930907747211,0.99031827444815168,-9.2443438193256391,12.202318959503126,-3.9225024153380583,,0.1092853428858414,0.2765957446808511,True,4
-0.91986329959017765,-0.37386078511616039,-0.11865758896674439,0.38164554438156156,-0.92291540466728983,-0.050732970359679219,-0.090543848608143143,-0.091952537649281851,0.99163831223843157,3.3689383126091923,13.29184125250028,-2.5819269522113775,,0.1292642535481707,0.2857142857142857,True,5
-0.99314490001598477,0.075051984293606488,-0.089612539445287243,-0.045925682306806742,-0.95553052076010259,-0.29129410498769653,-0.10748971707514718,-0.28518173775598099,0.95242707708967678,0.12371103876565465,-16.240790680831179,-3.084433489564935,,0.4074030522217944,0.6818181818181818,False,3
0.27465940131115679,-0.88835760987178247,-0.36794424883980931,0.9615216045357281,0.25128284510677679,0.11105465215867039,-0.0061981676676754298,-0.38428854879886576,0.92319223024223163,-24.995359756522994,-7.0773902442754473,-5.4864878859941157,,0.2498968253876423,0.1666666666666667,False,1
0.99500945022204035,0.012217604409218902,-0.099029915234401342,0.00049641381136065837,0.99185694886028386,0.12735598364778788,0.099779494597641488,-0.1267695670895328,0.98690097239681129,-12.654621566451189,-3.8292751370265741,-4.2494842042338163,,0.08973184789197702,0.3287671232876712,False,4
-0.50032545222739111,-0.84042815578023733,-0.20821853141660213,0.86271888915541783,-0.5042856826148655,-0.037577501301997648,-0.073420434130418682,-0.19843504045780064,0.97736020717574368,-10.979008245536717,-15.201284317042257,-4.4506668931038371,0.5156973090751303,0.4580044539273531,0.7676767676767676,True,5
-0.93222129540163989,-0.34936331266342247,-0.09438608035365767,0.35393620006948973,-0.9345561901988847,-0.036522508694159468,-0.075449471038949917,-0.067453710986014145,0.99486550558060705,-9.0817140377385961,-2.4518920869243641,-3.8848187858871599,0.3144060844459182,0.2295474859028625,0.7595870206489675,True,5
0.99329503266205721,-0.042854765023134483,-0.10737060679578471,0.061254857634223808,0.98276344305384267,0.17442436014836993,0.09804499224893666,-0.17983182174400955,0.97879910879768239,-1.4353198422592712,-14.067689941151333,-3.1890842574100855,,0.766366714885721,0.3611111111111111,False,1
-0.96616331345146134,-0.21024082579044795,-0.14942304678811807,0.24078173543211098,-0.94287410866418986,-0.23024458971496051,-0.092480309378778144,-0.25843221622247503,0.96159252388709093,-7.3199807922279598,20.490870445850632,-3.777888301547871,,0.433415755587641,0.6842105263157895,False,5
-0.18985338067693763,-0.95618685541526405,-0.22285060326731732,0.98082011887609977,-0.19491374077151022,0.00072668172568720463,-0.044131488230193125,-0.21843839220596278,0.97485233782202263,5.0118476598183905,3.4214365043899173,-2.3207974178826043,0.7969971712640683,0.4824386547707466,0.4693877551020408,True,4
0.83767466644165545,-0.52834116199139991,-0.13840798296138279,0.54219058365652606,0.83496091191229205,0.094178801079591812,0.06580671847202868,-0.15393470084477673,0.98588720636783411,0.16628261535216432,11.353670915998148,-2.9275844569691776,,0.08068725928327228,0.1935483870967742,False,5
0.99396130721057951,0.057698066764864622,-0.093337306902630687,-0.031768753928306998,0.96548325208454788,0.25852047543297424,0.10503173826078148,-0.25399413976673862,0.96148599101706933,-5.4960301475178772,-9.7104902450680974,-3.6514360666062773,,0.5707665784081768,0.375,False,4
0.94204853375064024,0.33412582157960424,-0.030074830207720768,-0.31975165962273228,0.92140108371041141,0.22085950082753428,0.10150584331346169,-0.19844389204768645,0.97484182587853152,0.58701784229648124,14.035711282062882,-2.89865351947617,,0.09744456606523863,0.2352941176470588,False,4
0.94399463497225955,0.32149426378072521,-0.074266866768967224,-0.30575310839970693,0.93691399867272429,0.16943197984738007,0.12405307673535169,-0.13723555460293613,0.98273965866109048,-4.4639856532422852,13.159988081336094,-3.4280393745638915,,0.2741522088929655,0.16,False,5
-0.87678492196186686,-0.4694086152379815,-0.10442103504890041,0.46935536027598729,-0.88260791598249599,0.02662353141928411,-0.10466014714551616,-0.025667461607961808,0.99417676245931375,-14.997150643038385,0.97443004726716076,-4.5242835982472593,,0.3652065099975375,0.9487516425755584,True,5
0.51952457563519661,0.84696673614341833,0.11287853284675177,-0.85047301230706907,0.49983124012042962,0.16390358976244118,0.082400671407517889,-0.18115208877139688,0.97999696432455918,-16.265679930310903,7.6939308138182598,-4.6288005529137513,0.7491643909543892,0.4195458765471026,0.2857142857142857,True,1
0.49575666610886843,0.86727860957087788,-0.045311603253751609,-0.86463756286264348,0.49779228121254732,0.067858158331606133,0.081407695554958692,0.0055369798639580137,0.9966655050509261,-1.8425908414219401,8.8795046982564951,-3.1204481793080991,,0.08218895747940028,0.3703703703703703,False,5
-0.89957708946279202,-0.40369246341261567,-0.16671369199170577,0.42632660328598787,-0.89453944311581557,-0.13433097945253761,-0.094903569186217701,-0.19191555354869025,0.97681202534664568,8.2895224878365319,11.759988089389743,-2.0539674368137004,,0.5197398747429127,0.5882352941176471,False,5
-0.43167735815639552,0.88404796907764838,0.17920336722506286,-0.90201935450305126,-0.42219478361312052,-0.090070243653326262,-0.0039676891277240847,-0.2005261904578951,0.97968030723467647,-4.611019761240728,7.2621437674941607,-3.4127319065016724,,0.3550625753607064,0.2272727272727273,False,2
-0.68365575339246354,-0.71316916480223358,-0.15493402863369779,0.72311497974473338,-0.69062691493134731,-0.011797899863244712,-0.098587711821285118,-0.12010081909668172,0.98785437000103893,-13.926910344489443,12.569505146475942,-4.4280150504849836,,0.1688790932865827,0.7164179104477612,False,5
-0.98736704033680656,0.11045529132686109,-0.11360438492608935,-0.10771212874900622,-0.99372857951619065,-0.030026780931254514,-0.11620854089478272,-0.01741088368332383,0.99307222101540704,-8.0309442157077502,9.5759020855592389,-3.7917490122309974,,0.2388948977032771,0.3,False,4
-0.34962426967161486,-0.87389774795203756,-0.33773598591347415,0.93440292801615699,-0.35150054321137736,-0.057780067817015536,-0.068220511368810327,-0.33578280814607431,0.93946573518256327,-20.527705942334524,-5.8086609443906605,-5.0622871634131554,,0.7088937927047272,0.4583333333333333,False,1
-0.20447396829189965,-0.96514955465568941,-0.16333013634626412,0.97715272781587392,-0.21113836762173441,0.024354388516806005,-0.057990885602492423,-0.15461864979993645,0.98627081996837196,3.666180280716731,10.439474407048024,-2.5581171905754623,,0.09627963954611693,0.1481481481481481,False,5
-0.80213290239510537,-0.54338818949104217,-0.24761276707159602,0.58842672285524067,-0.78986447140623528,-0.17282392380683576,-0.1016700483183071,-0.28432972467154483,0.95332041252831534,18.383257851912482,-3.7480085739683977,-0.84230583778951085,,0.3010963445403744,0.4347826086956522,False,1
-0.73227597278174683,-0.66677035364020365,-0.13852507063006075,0.67353290280914702,-0.73915249452257414,-0.0026492781166417081,-0.10062469140340075,-0.09524119564334016,0.99035538375494103,11.091606128755537,8.2070162347363258,-1.6953489299799476,,0.2744504509668239,0.7796610169491526,True,6
0.85142514838170547,-0.50824158018508225,-0.1294824809546167,0.52092535145837948,0.84816335928137732,0.096206518388800677,0.060926143084525375,-0.14936335609345841,0.98690353781174778,-8.5294945600109244,-11.116494672789603,-4.0739942453996232,0.2746304868223639,0.3185711465519111,0.7358490566037735,True,5
-0.7886512963908866,-0.59541967124439465,-0.15331192972560978,0.60662128496116818,-0.79416615658248946,-0.036204038049057079,-0.10019854955554311,-0.12155464135199959,0.98751441499997961,-7.4676814655047155,7.1035497623306236,-3.6843057072338978,0.1968059053822068,0.09796217640859008,0.3727810650887574,True,3
-0.2110857899736166,-0.96451918998028241,-0.15857339446135041,0.97590248037799432,-0.21713270070832791,0.021627276185113897,-0.055291392307425885,-0.15018695829827752,0.98711029753205326,6.0310939357876379,-8.2344277382973825,-2.2657614580516334,,0.2600665842532684,0.7123287671232876,True,5
0.76764553280891734,0.63667841133700875,-0.073218416371128345,-0.63228416350741623,0.77104019630387699,0.075589366060350188,0.10458045962912912,-0.011730994035529241,0.99444723904423316,-4.2275720538902686,10.24855861910666,-3.3801220688411808,,0.07673842348559662,0.3958333333333333,False,5
0.85147918922951082,-0.4946058937969246,-0.17420734809531441,0.52433519501200576,0.80777025413868553,0.2694064212309113,0.0074695100762328798,-0.32073700495900115,0.94713883885582084,-6.4521836296041712,12.741713042461491,-3.6513702639673178,,0.637755681021527,0.3472222222222222,False,3
-0.47806207255282651,0.87830361165513438,-0.0062785778678397103,-0.87528333025192739,-0.47698827793013021,-0.079757598386256928,-0.073046194764620251,-0.03263354824096118,0.99679451491248361,-9.85651489704453,11.386712255944071,-3.9756616323665397,0.8112540623799553,0.3997859260006549,0.8636363636363636,True,4
-0.99123655645317588,0.089538163267939674,-0.097123665856756122,-0.08262084990441225,-0.99389992768829127,-0.073052918506266301,-0.10307222861626512,-0.064388283560088549,0.99258766092887896,-4.358150737727124,5.5295023254718592,-3.3883838569435749,,0.1027873992109052,0.3035714285714285,False,4
-0.990489039324708,0.099316282087893296,-0.095224676895517169,-0.09808720280378283,-0.99502370024214937,-0.01751389741182343,-0.096490225534751589,-0.0080070012276931904,0.99530172526103533,-2.6561074111653737,7.6090090016828364,-3.1861647583284056,,0.09105370416092969,0.4077669902912621,False,3
0.36583737921692244,-0.90268715242011432,-0.22653678911682074,0.9306653705514365,0.35352194352204319,0.094256052881259073,-0.0049980020059217575,-0.24531233214835002,0.96943121451286385,-8.0285676336203728,-9.3416898389067136,-3.9543713678307775,,0.1367801928697175,0.2941176470588235,False,3
-0.95311234348597795,0.3025986269130021,0.0033063098815577091,-0.29016329209402086,-0.91073290548815122,-0.29388916070905091,-0.085919291290298114,-0.28106875644844659,0.95583378760781246,14.659596288513741,-17.257744745343469,-1.3853295484474273,,0.2147028116707783,0.3333333333333333,False,1
