axis_00,axis_01,axis_02,axis_10,axis_11,axis_12,axis_20,axis_21,axis_22,location_x,location_y,location_z,dbh,dbh_approximation,score,reconstructed,number_clusters
0.29447421645775607,0.9462536778282854,0.13374944126251551,-0.95533223451642657,0.2878141557543622,0.067106880729596349,0.02500515017837604,-0.14753639870841442,0.98874048846029838,-11.273778351359095,30.069895043441161,-3.0473614734854517,0.7594934760339093,0.7545931448946979,0.7553191489361702,True,3
0.99708149441625005,0.057506964501287942,-0.050213967444389808,-0.04684947880692545,0.98021588764861756,0.19230688998773249,0.0602795141667389,-0.18939314305191202,0.98004929342188762,20.021320508508893,3.6308316828928948,-2.2307424121161583,,0.4751438577556114,0.5,False,3
-0.33234615680578727,0.93913575619549139,0.087006111805703765,-0.94291437782713561,-0.33293807634153105,-0.0080444644860760209,0.021412803256228394,-0.084712860635941287,0.99617529737470711,-11.458848154980776,-1.3735408105026861,-1.8846643768935063,,0.1127668028500637,0.343558282208589,False,5
-0.56867489003669258,-0.82021199384335075,-0.062138189523600243,0.82199556560155895,-0.56946313830335216,-0.005918128510835223,-0.03053128842890452,-0.054442807323030869,0.9980500093470559,20.183023826472692,-13.386909648397047,-1.8814169343128648,0.4546855111024977,0.3561509225141223,0.9696969696969697,True,5
-0.7019834127827016,-0.70600367930594932,-0.09369147765092041,0.71034021056790864,-0.70355570244120769,-0.020643614334649708,-0.051342705697012284,-0.081044298805780651,0.99538723530231632,8.2050496893043938,-16.939297905378556,-1.9663673212536685,,0.1603425522375431,0.12,False,6
0.83516018216775412,-0.51915145598899848,-0.181629391525785,0.54270350101158649,0.83147685632930546,0.11882401852530758,0.089332973258987106,-0.19780799562514806,0.97616167552074606,-9.3368163788112604,-18.025309809337895,-1.9885414898444218,,0.506990308130701,0.1212121212121212,False,2
-0.68443883567964514,-0.7103526995741839,-0.16414177536861724,0.72864055846278741,-0.67420282005609888,-0.12055494179601947,-0.025028319490725422,-0.20211283886995746,0.9790423808944112,1.2913779091050399,-17.955571654651624,-2.0413392149389069,,0.5444950182178452,0.1052631578947368,False,1
0.9097683132912765,-0.41441959230633341,-0.024041997500189011,0.41370133268550746,0.90036717659548926,0.13487088137809178,-0.034246510265743629,-0.13264746066970418,0.99057146522222117,-12.900323846548762,2.2808956733052388,-1.9067344039598975,0.384659699620274,0.2780385703839766,0.2037037037037037,True,5
0.70064686696182665,0.71103062709153231,0.059408881107105405,-0.71318037811691792,0.69536939637965312,0.088516387452303252,0.021626744683049749,-0.1043879778347039,0.994301480436389,21.449689412479458,-6.7778464502095819,-1.9476779171368996,0.2875515163751124,0.216980521168657,0.5277777777777778,True,5
-0.51359827492254373,0.81901945681344313,0.25578104182601114,-0.85788798907397046,-0.49560357203789207,-0.13566612541788448,0.015652801640804494,-0.28910937159541278,0.95716809446225215,-20.689182737687847,-23.521637006696789,-1.6193842394773217,,0.3244000629513256,0.1875,False,1
0.37330774543970552,-0.90954438757534539,-0.18267548884542203,0.92763491796802233,0.36350602941713894,0.085771939140066589,-0.011609744234267486,-0.20147549133226125,0.97942474965218151,11.591088664877647,-8.6079597379373993,-1.9860770449491405,,0.4045943980780333,0.24,False,3
0.18408540689330324,0.96985716901217955,0.15965473586652118,-0.98253317169309717,0.17707221626523556,0.05721884960064802,0.027223693570692452,-0.16739922921745864,0.98551325133950929,5.5319537746835694,14.423465731643882,-2.5587566541881359,,0.399068995881904,0.7117117117117117,False,6
0.97822690482259589,-0.19668608405457502,-0.066232220410322146,0.20552514367756922,0.96242482940613494,0.17747637324130699,0.028836400564552965,-0.18722454989089934,0.9818937976790727,15.037302437712427,7.6253626794153453,-2.340568083024027,0.3261209115527545,0.2997932791335292,0.2361111111111111,True,5
0.5174155129163388,0.8554458897285645,0.022215236663804094,-0.85534012693167638,0.51621501579485463,0.043764423090268574,0.02597025710362004,-0.041645974768574345,0.99879485307622051,5.3606795649942898,6.1648201403511536,-2.2724052925767317,0.1279929278142359,0.1365530168008022,0.6747967479674797,True,5
-0.96339616226933389,-0.24080857619567778,-0.11780944000940882,0.25471887581796726,-0.95926279505390777,-0.12220140886011266,-0.083583065430451575,-0.14773665643967909,0.98548858517857729,8.5751339436251897,-11.121404267752968,-1.9722283649769892,,0.1795823232823552,0.3191489361702128,False,2
-0.054077118565020031,-0.97252625943254933,-0.22642513102975129,0.99630327461117529,-0.067708691795676151,0.052870767484202788,-0.066749159146428774,-0.22272900073733859,0.97259258787212255,-18.334017399110184,-4.2176868126167069,-1.6608489094759535,,0.2491042276547326,0.1176470588235294,False,2
-0.11104173925060729,0.97993270026870605,0.16553439246356941,-0.99332072483864198,-0.11469256614744174,0.012631424169531641,0.031363509851993036,-0.16302612739863998,0.98612312214812536,-10.962751552157554,29.990549783380771,-3.0539946654089483,0.9719123134790134,0.4945031568983018,0.6741573033707865,True,2
0.53305343549848427,-0.84495551746930864,-0.04363723640925804,0.84590953215720177,0.53119569408238942,0.047625602294502196,-0.017061603349285442,-0.062300145156357546,0.99791161612872792,5.1330348028064927,-14.800661901462062,-1.9965034583624945,0.6466074521029468,0.5657499308898529,1.0,True,5
-0.98732347626785011,0.15858111322553442,0.0066621121664873278,-0.15858115105489765,-0.98382269480523421,-0.083336208914678703,-0.0066612116369571574,-0.083336280900442719,0.99649921853718004,11.364119685192666,10.58820652211539,-2.4249345452363174,,0.08584316699686491,0.1666666666666667,False,2
0.88411690960386036,0.4667926867467968,0.021020888473765528,-0.46644677894913988,0.87901141568014296,0.098824761633731939,0.027653075063942465,-0.097177768567190223,0.99488280150770025,19.408267554775957,-7.8605005227562685,-1.9385176762637117,,0.2163500961519844,0.7307692307692307,False,5
0.99652707848936151,-0.081425481354271745,-0.017426210824026806,0.08240388469354111,0.9944268023516829,0.065764234596175628,0.011974206648954412,-0.066971828038604311,0.99768301209567345,8.934387882658509,-8.3844224404600034,-2.006881069709415,0.5857161467644357,0.4942011290439942,0.9885496183206107,True,5
0.20180764211255467,-0.97842887038077331,-0.044165837367530852,0.979165611955638,0.20051083076007031,0.032095344077415655,-0.022547282508370261,-0.049722754884565921,0.99850852159517278,-5.1051419292445503,35.66062028368588,-3.5415242378603469,0.4983372368449219,0.5497875430882074,0.9565217391304348,True,3
0.48643288131823897,-0.87242513476088757,-0.047512484779109909,0.87360412155706091,0.48477209086311807,0.042565933781821996,-0.014102863927357875,-0.062212572343940523,0.99796327841829835,4.9868864648906985,3.6293052620336015,-2.1780287112828995,0.133524774761694,0.1184352914974681,0.392,True,5
0.0886620354264889,-0.98622384441811139,-0.1396480296144316,0.99600548353818841,0.086290971131874755,0.022955283988188295,-0.010588684332458487,-0.141125465463463,0.9899350901760321,21.541483001096069,1.3910843867005889,-2.2008396950042113,,0.4448277083322513,0.46875,False,5
-0.81178830280262915,-0.5819273910863112,-0.048582537359714718,0.58357555904546832,-0.81143888884519799,-0.031725329855518979,-0.020959921698272391,-0.054105833078808147,0.99831520098075843,-6.5710492257205013,20.655844869956521,-2.657441699371343,,0.195908157139986,0.4680851063829787,False,4
-0.72483767994126691,-0.68748004677169738,-0.044514301388941448,0.68859653998877346,-0.72496253966928648,-0.016251805799575837,-0.021098408775314118,-0.042432315127063115,0.9988765468165256,-14.648318894748668,11.056969893319069,-2.1408595361305243,,0.1214571410279129,0.5,False,5
3.0682849400872618e-05,0.95599360299529024,0.29338750840934802,-0.99892015895598762,-0.013601430590902196,0.044424285219064864,0.046459822318931747,-0.29307205959962013,0.9549608645343165,-10.032032619617137,23.094503053435385,-2.7345981233600116,,0.3425751134527714,0.16,False,2
0.92774707861580197,-0.37103727194830277,-0.040208219868642731,0.37139210918999088,0.90723615702716154,0.1974600126962332,-0.036786673555157016,-0.19812596550615968,0.97948600931355678,2.65874282951853,-15.989898951862227,-2.0137080349370184,0.1345997892034879,0.1968492315962623,0.28,True,5
-0.38794642674501523,0.92130412502360748,0.026387102725753061,-0.92153977761694006,-0.38823039038993429,0.0064499804185762198,0.016186668758434185,-0.021814517921883859,0.99963099119742194,3.3237507751558226,11.812525699060309,-2.4966010041188311,,0.09417033552634943,0.2631578947368421,False,5
0.95648033460647897,-0.2759285488660439,-0.094914727159474049,0.29178275986025326,0.90761261202642607,0.30183135612275591,0.0028619153397636795,-0.31639023754099516,0.94862480835646523,-7.8663095884365974,3.3376814859769666,-2.0453672253712165,,0.7241403807420838,0.4193370165745856,False,1
0.97001559313326702,0.23370615339421055,0.066717186271608428,-0.24250875550409304,0.91251722634751664,0.32939613707949544,0.01610132237348226,-0.33569889109843587,0.94183172697308737,-5.6406507962551604,20.269156931218305,-2.681436792566311,,0.2901577734649009,0.2222222222222222,False,1
0.051710602780371297,0.9945800964154129,0.09020224705848244,-0.99834876653562699,0.049220612189690857,0.029615396206450373,0.025015073793287809,-0.091584732078992856,0.99548304000275967,-1.0187433672164603,-17.37066403790153,-2.0291806898274798,,0.7259800796619773,0.2857142857142857,False,1
-0.26200872979785872,0.96380319691946015,0.049343926855703706,-0.96493472026168414,-0.26247229503008013,0.00304630516340295,0.015887452382892978,-0.046815509710681588,0.99877720083475618,6.5088680755879524,2.5321221571404662,-2.1448059116639846,0.1156426729270763,0.08232925775080087,0.1830985915492958,True,5
-0.75603314260582732,0.64546229098097985,0.10859244081952385,-0.65384180676192405,-0.73714330850756105,-0.17061838837836144,-0.030079544741564459,-0.19999543405815887,0.97933500261352269,-16.421395794534856,38.155246850997742,-3.4226857533132495,,0.3899876113308503,0.9130434782608695,False,5
-0.97285373945180409,-0.22595692676058612,-0.049990687968383761,0.23119882375923187,-0.95843294237300614,-0.16719269980046819,-0.010134373537069859,-0.17421183146713351,0.98465604768867276,-6.9031059566789823,0.12926631463040483,-2.0009005780299165,,0.4171304100349421,0.3002345582486318,False,3
-0.70769197740351475,-0.69615469702933908,-0.12058483703472948,0.70450606835785301,-0.70820068214880083,-0.046075953065929112,-0.053322272697847471,-0.11756033177888858,0.99163314972139471,-6.5854513360550744,18.72661888555637,-2.5689210687185051,0.6225291229793537,0.3477678243523705,0.2391304347826087,True,3
-0.89725158445387398,-0.43881029421108586,-0.048837689230698977,0.4384058829237123,-0.87234320093042883,-0.21637380065140877,0.052343824973862016,-0.21555246573592143,0.97508833369201575,14.926713842008795,3.6289977529477446,-2.1997770722185233,,0.4015425632156474,0.28,False,4
-0.63651381605201218,-0.77054330236172563,-0.033364369623803035,0.77084060617724171,-0.63700318830695069,0.0056300937012127711,-0.02559144081935253,-0.022134978479044505,0.99942739650488066,23.510664714918182,-1.1867460221355772,-2.0851318019090539,0.2051476044788814,0.2501120943138613,0.8837209302325582,True,5
0.35754337757091403,0.90620086643712805,0.225749247670463,-0.93351683692023446,0.33990666345458137,0.1140604020929849,0.026627961649781148,-0.2515222650338757,0.96748514296117516,-12.895829652309596,16.634586564643243,-2.361373870141537,,0.7602786060593305,0.3448275862068966,False,1
-0.017398935652354147,-0.99028383515650553,-0.13796812264391931,0.99969512793649895,-0.019647693790464348,0.014953906136617973,-0.01751936694609341,-0.13766587796704918,0.99032377424020712,-14.027812515628526,-16.198723291662127,-1.8293897881907255,,0.4052489542154621,0.6538461538461539,False,4
-0.99735882535541975,0.056622071213084858,0.045489719027465701,-0.061920302161386338,-0.99021576311712434,-0.12505446275368984,0.037963794145212004,-0.12754090922489045,0.9911064861094333,-29.879294947639327,-1.3621493879324245,-1.4589243987223095,,0.2246899922368959,0.1764705882352941,False,3
0.10850006622280327,-0.99028378469136835,-0.08698138540507945,0.99382756834046437,0.10601980216520469,0.032658321379565661,-0.023119256824721362,-0.089987928780423318,0.99567448126266755,4.8887671197901872,2.6323921501126955,-2.1419620896206157,0.593549773773123,0.4808629706975031,0.9888888888888889,True,5
-0.90359543210522497,0.41177319056894141,0.11814454962987063,-0.42837907994702029,-0.87019779939341113,-0.24340738237491566,0.0025804926496858002,-0.27055245232586272,0.96270177708267779,4.2140516567073227,27.038684566139342,-3.0898391164124726,,0.5808589963273528,0.3207547169811321,False,3
0.84856422459252023,0.5267583382014267,0.049642823015678413,-0.52864121436928846,0.84022648753921858,0.12065618967823907,0.02184543915463082,-0.12862776828033082,0.99145230546676433,14.269003253883664,11.669393720669758,-2.4757620178081892,0.1414270615095673,0.1657099941061069,0.48,True,5
-0.46729324129132427,0.87137586732715988,0.14946947676127392,-0.88410175939420266,-0.46076737827847408,-0.077829956639190234,0.0010515129694378521,-0.16851564008786354,0.98569841907464462,-15.956949420111265,2.4702250684345155,-1.8777074244472447,,0.1778814497139515,0.2142857142857143,False,4
-0.7737202997290038,-0.62675481132225019,-0.092386710471102251,0.63319038063091138,-0.76979760587743462,-0.080508309272098011,-0.020660098347839044,-0.12078928954911804,0.99246315189354861,7.2379996744211574,10.400781659557914,-2.4069473725750723,,0.1841543583722925,0.2604166666666667,True,5
0.28537726327239837,-0.91318291454881939,-0.29095838565554311,0.95819596810454211,0.26535278888841718,0.10699712209839551,-0.020501324721978759,-0.30932969790381037,0.95073383955730806,-24.332717927026195,-19.066998064473687,-1.4755435816595479,,0.396221415322592,0.2307692307692308,False,1
-0.96512807441692472,-0.25189405984190599,-0.071254351366367041,0.26165656862938697,-0.93655079566049626,-0.23325618371393139,-0.0079774723675119404,-0.24376626051210321,0.9698012013658116,-2.9104498521657298,12.129761940071578,-2.358439793503365,,0.3766697184674904,0.4981684981684982,False,2
-0.29012331170680905,-0.94304138826177442,-0.16279251834644762,0.95677651201470648,-0.28941808449420936,-0.02856358564106605,-0.020178455373132297,-0.16404301994601139,0.98624678328790838,-18.243199477345403,-6.1860078193818131,-1.6490731108588681,,0.6056048564773531,0.2857142857142857,False,3
-0.81234622537245615,-0.55651499257750936,-0.17431199947100021,0.58276606713283441,-0.78586263143837831,-0.20689039491304784,-0.021847680006172581,-0.26964974975920658,0.96271059583508578,14.886429278106425,9.7773377206970142,-2.4112405139307551,,0.3917785114118471,0.2,False,3
0.91424861066904217,0.38770124287606023,0.11763173110213472,-0.40513990077812317,0.87722841488235748,0.25754993480969779,-0.0033374671862252559,-0.28312197794474619,0.95907810261596327,13.047546578363757,-13.831340132604421,-1.9661029722109222,0.9981306730825925,0.723260679506735,0.2857142857142857,True,4
-0.44284362111515624,-0.88640507402624835,-0.13481680895992643,0.89645296032836297,-0.44045007731182084,-0.048742376988879177,-0.016174583646289861,-0.14244217822166472,0.98967095981812914,-12.103233643235273,30.699573785870321,-3.1191958076319639,,0.1991577466171498,0.5263157894736842,False,4
0.053434782956717011,-0.98520365031678137,-0.162844991856851,0.99725938523893054,0.044293440522907533,0.059260523787041289,-0.051170719393412729,-0.16556526969486374,0.98487039703081125,-16.007950492533329,-15.986080653796218,-1.7823365492527474,,0.2542165274886078,0.1578947368421053,False,4
-0.97234366173542075,0.22998786397272311,0.040661848312862188,-0.23353580090450021,-0.95520101597114448,-0.18180222436369464,-0.0029720664271853476,-0.18627023786144095,0.98249405357396158,-2.5731915136866732,1.68808672342463,-2.0546605072498787,,0.2291080822338781,0.2311926605504587,False,4
-0.99309758193536712,-0.11667864787389408,-0.011970208204025754,0.11664021995202872,-0.99316672480149604,0.0038621026155427549,-0.012339037388316008,0.002439237050892629,0.99992089601074952,14.320167388347931,0.94314372426734527,-2.1567079636586008,0.2873270204135084,0.2413050152378703,0.8235294117647058,True,5
-0.72253219050248496,-0.68821306328914666,-0.065650690825385771,0.69102838247361964,-0.72178405137878809,-0.038827281531378245,-0.020664179237863241,-0.073420451465465414,0.9970869716343872,-4.3674855537383772,18.860850036284077,-2.5504576291044776,0.2331065613207483,0.1489567922355371,0.4285714285714285,True,5
-0.57384797734907989,-0.79064185903887219,-0.21350398035616328,0.81854665513723091,-0.56202352576175474,-0.11878943494257585,-0.026074360126763965,-0.24293004595125989,0.96969331260873293,17.262081695801484,1.3832194129778481,-2.1630861348440003,,0.1932030300550856,0.1818181818181818,False,1
0.71253397213226022,-0.70060720245558394,-0.038011661694591546,0.70021771353293794,0.7066028703411189,0.10201733813620539,-0.044614932613738272,-0.099307258007924767,0.99405612331237059,24.781931639318465,10.564258021914513,-2.528532097433827,0.293955247779424,0.2696482453474274,0.2352941176470588,True,4
-0.30416630846881904,0.95067163317738335,0.06087941084059896,-0.95240554616821038,-0.30482917502630191,0.0016880997653532862,0.020162649143521838,-0.057468425458084886,0.99814370090427573,14.5929112575306,31.244900263592097,-3.3535972832103207,,0.2043351396769876,0.5625,False,1
0.57772132300496526,-0.76708606233362797,-0.27895706823610289,0.81612868724394638,0.53737292262018632,0.21251895890040581,-0.013116356310561149,-0.35044159999653079,0.93649273685865053,-13.581093603275747,-14.414914106804076,-1.8553021225472484,,0.3390307086077825,0.25,False,2
0.19137361439454345,-0.98125804304790964,-0.022556432948404006,0.98125339963577174,0.19073879455681933,0.027576764753185871,-0.022757535385223425,-0.027411041658402989,0.99936516318030222,10.404968759685916,11.035562312974367,-2.4422405521905035,,0.9458338156121036,1.0,False,5
-0.30547272356614724,0.95147601852481523,0.037145677127318741,-0.95201479068657491,-0.30595165911185224,0.0078371296214380382,0.01882162243480508,-0.032969204704873821,0.99927912920767592,18.147335850742401,2.9309865890932372,-2.2193174562718325,0.3762123904104003,0.253535635738636,0.4848484848484849,True,5
0.37694810238091847,0.91900891382636241,0.11546750373639451,-0.92559203712973948,0.36910622685752276,0.083904553493966638,0.034489257942778719,-0.13850346422632415,0.98976122447985582,8.7115532180192439,5.7856306255914891,-2.2502714414747262,0.6012684626725243,0.4284292523118888,0.2553191489361702,True,5
0.79014097193245969,-0.61009433596956275,-0.058840000777404151,0.6129149493046685,0.78592462457224399,0.081595032997308831,-0.0035368619540957803,-0.10053549477092411,0.99492718572701677,-0.25835294635334111,-22.945952034816941,-2.0822179056575196,0.5518300311491516,0.4447645541357484,0.5052631578947369,True,5
0.96882319423774843,-0.23465800915976995,-0.079481048333174098,0.24771968569675024,0.92276341257757344,0.2951993254167346,0.0040713173875647933,-0.30568497369901126,0.95212400517441287,10.089140237598381,-10.001042946682126,-1.97719841392531,,0.407371280218647,0.7058823529411765,False,1
-0.63188585299838518,-0.76941612573225837,-0.0933760903211594,0.77464446593237957,-0.63089730521125897,-0.043526333150299516,-0.025420861134947553,-0.099836945768257038,0.99467902565542443,8.1409279729766855,15.756897713908611,-2.6216692130005295,0.4166920216225234,0.2751099565423749,0.4137931034482759,True,5
-0.44621478896846367,0.8565796342206663,0.25915958856314636,-0.89421491027950883,-0.4382969030591215,-0.090969879644824336,0.035665898834041532,-0.27233647388326998,0.96154084086594427,-0.29268838518279366,28.629114655222292,-3.1492642750625714,,0.5849462534802619,0.1081081081081081,False,3
0.27520722720321195,-0.95488138742411521,-0.11163564863482185,0.96116583225190033,0.27080428446527022,0.053153385844798708,-0.020523766872401455,-0.1219285670638787,0.99232665968778544,3.8253043071247621,7.9162456463058808,-2.2960496128559913,,0.0793288237239776,0.2954545454545455,False,5
0.93784412602213751,0.3466669436085012,0.016444619026121321,-0.34159874798784834,0.9136879234693851,0.22019235654158981,0.061308161438004299,-0.21212356944796235,0.97531784594856474,-11.67817998026058,31.633193933074413,-3.1621951249624916,,0.6161209566942509,0.3461538461538461,False,2
0.34760324307556201,0.92675858035222469,0.14244479333019405,-0.93731827393554101,0.33946018616540097,0.078747922861814201,0.024625977134941687,-0.16088914118759309,0.98666521449682676,-9.0541344937115245,-11.648483488281579,-1.8717639643513173,,0.4956763582147691,0.6885245901639344,False,2
0.51577232763455338,-0.85589071398906602,-0.037815231768712772,0.85659040805104425,0.51440391799793594,0.040515206815692234,-0.015224285907071634,-0.053288787335231395,0.99846308207312306,5.6597667628556803,-1.9101263243862492,-2.076677394034439,,0.1837556297712212,0.8490566037735849,False,4
0.060905573686403543,0.98878204686594462,0.13638392460082108,-0.99782619542974338,0.056869964651130964,0.03329700939698136,0.025167336135030631,-0.13811542606157898,0.99009632575608242,-11.726822918931518,1.6046575934508023,-1.9085932969441168,,0.09075665662194636,0.3974358974358974,False,5
-0.99932395689916897,0.035749671358656712,-0.0085784710255311317,-0.035768097486793257,-0.99935810721717577,0.0020041809995067703,-0.0085013157548165449,0.0023096616746980511,0.99996119579380938,-0.23430477547029516,-15.943365313321751,-2.0154792304595697,0.4566034645129805,0.3769203086731941,0.8481675392670157,True,5
-0.98517652143239154,0.16875097177239118,0.030827441415813988,-0.17143470392788906,-0.96211927484254012,-0.21198264850129028,-0.0061126023532441474,-0.21412522154650102,0.97678709327577218,-7.599972366128827,-12.05220085004354,-1.886703265964,,0.1234250038698563,0.2105263157894737,False,1
-0.71727008420546057,0.67514819040874074,0.17233266461032098,-0.69327664303899239,-0.7163008709424652,-0.079249974786433419,0.069936560685209773,-0.17631784729535371,0.98184565701776938,-22.637617067928005,-16.43311021980621,-1.5271215615670539,,0.3313166372729618,0.4736842105263158,False,2
0.39059134340039897,-0.88933428600076503,-0.23774551563421906,0.9203400440887527,0.37155011815813876,0.12216674237854561,-0.020312698180801579,-0.26652399036518692,0.96361421577954809,2.9049844127380284,25.485772753837004,-3.0166519451707945,,0.3346127539093047,0.2058823529411765,False,3
0.99170875343612985,0.12850486013715171,-0.00049927876893632143,-0.1281927261200381,0.98955604472641345,0.065920097962080301,0.0089651172926489692,-0.0653095342698784,0.99782477991147367,6.2826631488626656,7.6772877959190362,-2.3184056999135709,0.2328004966026428,0.1498309628556625,0.7634408602150538,True,5
0.93760675181424524,-0.34069603917521374,-0.069424691880210984,0.34768992250355635,0.91738462165899137,0.19369350462279589,-0.0023014651446330841,-0.20574660345656084,0.97860259473612521,-11.688987936561452,-8.4341763780887966,-1.8230469480598879,,0.1158097002092903,0.2808988764044944,False,5
0.91244256807145707,0.39849951596560096,0.092987610714265256,-0.40854466411732748,0.874236272065954,0.26230173088541536,0.023233970655617893,-0.27732485712500871,0.96049524008615916,-16.025564381266445,4.908612197704822,-1.9265062784918021,,0.3535537744414107,0.2295081967213115,False,4
-0.99914563408368284,0.040666189675347644,-0.0073663361859303486,-0.038827805487322571,-0.9847240932084983,-0.1697376262816806,-0.014156391226373324,-0.16930658957048739,0.9854617574089094,-6.5415227243765726,-15.461050228107316,-1.9803280806925412,,0.5736423175542122,0.3191489361702128,False,5
0.99900768260658557,-0.041848750471081629,-0.015242446556577898,0.043465542948361566,0.99073226027831562,0.12868696522968334,0.0097157948323920475,-0.12922178813122315,0.99156811808515988,6.1565088669071342,-23.533123515954813,-2.0824527625508424,,0.2328257929107012,0.1666666666666667,False,5
0.99761116989815524,0.068740204711418215,-0.0068365159743827182,-0.068042193735825526,0.99489417574079131,0.074537500284553929,0.011925332953509869,-0.07389427131575084,0.99719477691204528,-9.3230809045530965,-9.8657207715345923,-1.9199320094616381,,0.08054755851288256,0.1666666666666667,False,5
0.99369038226784157,0.11136193337744334,0.013339564566709251,-0.1121495499489403,0.98509982970129206,0.13038713114696812,0.0013793602291099598,-0.13106046435490917,0.99137341705758597,8.8079376235662039,-19.462982213074515,-2.0065588717948892,0.4388866278902004,0.4074804343938526,0.3571428571428572,True,4
0.99068067696260753,-0.12293765739216755,-0.058635558220549527,0.1313250127582232,0.97634555256754951,0.17176467333424195,0.03613221992850655,-0.1778642582884272,0.9833914623925436,0.69203832643252239,25.37237594020835,-3.0250089201925174,,0.2109369322090447,0.2058823529411765,False,4
0.010886781465034384,0.98042120058240956,0.19661064935012768,-0.99963762014294411,0.0058300520434437751,0.026280009286937842,0.024619227938409951,-0.19682550632912663,0.98012938619041468,-19.855940073590951,1.3326342150043247,-1.7367160730410176,,0.5271233700591303,0.2285714285714286,False,1
-0.41374014050689883,-0.90437762840791469,-0.10449976731365272,0.90983528229096566,-0.41477726217844268,-0.012632572116338447,-0.03191951177337507,-0.10030417745553477,0.99444467757292465,19.18462950619935,-19.850687448844987,-1.8938490229293958,,0.2534017371935019,0.8135593220338984,False,3
0.83971086893980573,-0.53894992940377118,-0.066472777736651778,0.54179872495661097,0.82324945508118541,0.16945346365277258,-0.036603254223454965,-0.17830678143077164,0.98329389984686277,13.762530166765872,-31.530333963363422,-2.1057562254225037,,0.2903556757693513,0.2307692307692308,False,3
0.97225851707380695,-0.22690516168931787,-0.056810417849085616,0.23385773482212355,0.94802059079660739,0.21579508634238675,0.0048924269344126862,-0.22309416627154846,0.97478462089545459,-12.750091125518217,-18.809868535503927,-1.9276363418051554,0.5531695858762938,0.6052982828578224,0.3333333333333333,True,2
0.73801494711725257,-0.66606975862689943,-0.10809724545159584,0.67474368338609714,0.7266808098945895,0.1290579802317772,-0.0074094238697151142,-0.16818465201571534,0.98572766181348048,27.37951365404254,-22.08143268863348,-1.8121347610372338,,0.6696381401957142,0.4166666666666667,False,4
0.77087318316281661,-0.6155824925160871,-0.16374593243225535,0.63692460697315223,0.74124788936391106,0.21184572581395955,-0.0090321931181019388,-0.26760000265551076,0.96348775709203927,11.821617562974165,-14.432731964404129,-1.9631177181665107,,0.24705597623432,0.25,False,2
-0.46027617731746834,0.87475424561734982,0.15149538068350751,-0.88750072755798826,-0.45763204205784819,-0.053994191039470715,0.022097492574073306,-0.15930450042728392,0.98698215635620967,-11.588853795299682,13.799062877511178,-2.3074698723769029,,0.4604635098963642,0.1102362204724409,False,4
0.84587610762316645,0.52046089104130211,0.11667935313831088,-0.53160067145554257,0.80478580020640378,0.26404647676906051,0.043523977992560574,-0.28537742847434833,0.9574264392928945,-17.908630258717217,-18.178204283135283,-1.7267369750280086,,0.3090832106550719,0.1578947368421053,False,3
-0.8113765651539161,-0.57715626876160153,-0.092513301466429804,0.58432003909417318,-0.8050490843338145,-0.10230378158343284,-0.015432479775351494,-0.13706426683301751,0.99044193435330186,-26.767218441289174,3.7849235505738812,-1.6101548582658893,,0.5627289795514876,0.5769230769230769,False,2
-0.88328041720610107,0.46748863116685058,0.035638242240047448,-0.46883970070129094,-0.88107881165533708,-0.062365556987352889,0.0022449112543702285,-0.071794898020423895,0.99741689026790425,-24.18949480493194,-14.463627333073909,-1.4955167293286091,,0.119189790104198,0.25,False,1
0.14274895759235076,-0.98785433665731004,-0.061372181431356358,0.98949715796107718,0.14101057171784956,0.031802406367388771,-0.022762018654955887,-0.065267359462071795,0.99760817072415753,15.15347604633188,-25.509585048455548,-1.9863993453584596,,0.1280640519206761,0.1875,False,1
0.40224728421601535,-0.8759711390855015,-0.2662173657560517,0.91467736355131934,0.39706167785583368,0.075546969397322153,0.039527749084028209,-0.27389156151214566,0.96094795362953478,39.578359895528756,-4.8203125795564148,-2.0677001880747858,,0.4652073898651994,0.3571428571428572,False,3
0.93481236759239683,0.34784879299032156,0.071603453907439552,-0.35513662235332433,0.91449205632509767,0.19386144119387955,0.001953678522861455,-0.20665308159684473,0.97841232974996695,20.569869687334528,-8.1759754554243944,-1.9200333600574322,,0.2130868661024596,0.2222222222222222,False,3
-0.79459938282911324,0.5927729071403951,0.13127109875337442,-0.60626393809023293,-0.78626380358748549,-0.11930326290367715,0.032493971424189035,-0.17438323236041375,0.98414157014761805,1.2286693345452417,26.855667290365709,-3.0781649287320461,,0.3091393889915813,0.24,False,3
0.91057135887946095,-0.40876943611209604,-0.061378729939704328,0.41335147475704359,0.90026054964674351,0.13664370115713576,-0.00059891951813487686,-0.14979482918426315,0.98871692128994548,-11.182827545120016,-12.089533223522299,-1.8913669482239395,,0.3871159192646739,0.5797101449275363,False,1
0.48774711698074441,0.86545770961033042,0.1143927565583356,-0.87294621472317513,0.48228545103966769,0.073250596693449604,0.0082253314494951102,-0.13558649118369787,0.99073136991368194,20.768811841943805,0.48054521702119563,-2.1735585230421344,,0.3964926289934949,0.2894736842105263,False,2
0.37138154479865165,-0.90799673929628777,-0.19395275097372766,0.9282886183915926,0.35886842683361247,0.097435584806564363,-0.018867674673794337,-0.21622990923847202,0.97616014936235052,-0.83966494282565884,3.1745343742165399,-2.104779641339718,,0.6308143508563009,0.4979757085020243,False,1
-0.2963977234599236,0.94024127603421903,0.16761483338093555,-0.95419538135125215,-0.29901773620801192,-0.0099783586312972294,0.04073774338023245,-0.16289486264023145,0.98580205923385389,-11.583919999222875,-15.451732462387477,-1.8526993426486467,0.4023358323745876,0.3795571295848387,0.5670103092783505,True,4
-0.87697928264879954,-0.47256711015307468,-0.087107199509398409,0.48007124514218985,-0.86953341474218759,-0.11594498796592982,-0.020950832738243712,-0.14349901410241081,0.98942867128419687,-17.717878506962691,-2.8427766817434827,-1.7038151572981097,,0.4431816005129063,0.3043478260869565,False,1
0.98972617337676005,0.14145504569508452,-0.02079836004100892,-0.13643758670950448,0.97790668269323788,0.15837709707148956,0.042742094776465053,-0.15391228018357447,0.98715962404406055,21.694817007334322,-10.477408992550069,-1.8994188149406783,,0.248242157598119,0.125,False,3
0.97664897279826857,-0.21026131145072852,-0.044124424518709071,0.21478402159258386,0.96031615564164874,0.17793455336769753,0.0049606451802150604,-0.18325682012046721,0.98305255702771632,-2.355032908417821,31.059387330655095,-3.2946658900537749,,0.4833082061962567,0.55,False,1
-0.94871095614368561,-0.3148581646255213,-0.028493119548075943,0.31558682354695483,-0.94853466705163358,-0.026209582308551499,-0.018774410682524559,-0.033857370983193455,0.9992503189559806,-0.90865659343255434,0.57673830297500106,-2.0621765278986994,,0.2820229197278088,0.2066420664206642,False,2
-0.59666435877975632,0.78281670067716258,0.17660593450635778,-0.80249065397873864,-0.58186414103004647,-0.13207146421594165,-0.00062708748877481502,-0.22052694738804163,0.97538068067652084,-11.302114835245385,15.478878096719161,-2.3839901112098976,,0.352253788603503,0.56,False,3
-0.023789206977090183,0.99655028953763092,0.07950845271961729,-0.99959309576600563,-0.024963006354558472,0.013801855334638947,0.015739012940371847,-0.079147765200343626,0.9967386391303672,32.549994637574663,-9.9173441203237775,-1.8651344530631799,,0.282724468969747,0.391304347826087,False,3
0.53003803215947309,-0.79630399012808772,-0.29147836930139487,0.84795317671906711,0.49532751592680252,0.18874867432071366,-0.0059240658805162156,-0.3472039851036714,0.93777091987946271,3.0513204224552788,-18.059018378605526,-2.0505092863689316,,0.4318433984800651,0.1304347826086956,False,2
0.97238795237025066,0.22920941772517689,0.043871550135320729,-0.23328951576455301,0.95966485661136292,0.15690559205914995,-0.0061377454762288949,-0.16280788006474797,0.98663869895179501,-4.2964909748248301,31.104372831587501,-3.2804973932110024,,0.2977538101944716,0.1428571428571428,False,3
0.68245179153178692,0.72093586060104409,0.12046176627664136,-0.72984218746416984,0.66312705666398242,0.16611107162883865,0.039873971868524677,-0.20128087743150724,0.97872165335596439,10.48860089449955,-8.4099993875940147,-1.9985140470442231,,0.2014696151036501,0.3877551020408163,False,3
0.39443705184976469,-0.87768932421905832,-0.27217799742072979,0.91873888573354223,0.37073425394682835,0.13592267210284717,-0.018392171409480507,-0.30367344813529751,0.95259863789975219,-7.257219005155382,16.797654326496019,-2.446954807594973,,0.78998563517299,0.5225806451612903,False,1
0.85337445128443945,-0.49024689415469375,-0.17722874672766531,0.52128425268144207,0.80001402145830514,0.2970526777803254,-0.0038436702945246343,-0.34588372069495804,0.93826951243066625,-3.327607353155611,-11.7823854862443,-1.9626812220532672,,0.4280253974090935,0.2203389830508475,False,1
-0.99635074537335755,-0.07764222863938057,-0.035452454440623088,0.084432772101028189,-0.95740111923605031,-0.27614163735462549,-0.012501967416776866,-0.27812727521310782,0.96046286736825048,-8.3751245341415377,23.643136007447183,-2.7802073754234233,,0.4538630037365388,0.1612903225806452,False,1
0.1637198219316672,0.95867727827583271,0.23266649097862158,-0.98616710939737995,0.15285698910946705,0.064102833191712436,0.025889230376343525,-0.23994294529748134,0.97044171940023816,-18.45885800304092,-13.941190301529451,-1.6504110683692088,,0.5747958574779438,0.3611111111111111,False,1
0.92977066238107453,0.36453342476743844,0.051399393019569146,-0.36766156937468436,0.91235884806761924,0.18007304839334379,0.018747954032429345,-0.18632421898413945,0.98230942153658918,2.5365085648166907,28.144737183644907,-3.1634345274579569,,0.3054764886061184,0.375,False,1
0.089740311869179384,-0.96242329694921258,-0.25629684725924773,0.99580838127220517,0.082138026997112604,0.040236952034819737,-0.0176732626770836,-0.25883342521867098,0.96576027759269401,27.128940850571329,-0.58474948043867325,-2.106027923638615,,0.5172597207686359,0.3636363636363636,False,4
-0.97649891017760404,0.20580652983853867,0.063980861964886962,-0.21486661455223141,-0.95278064743250701,-0.21457254211328058,0.016799296795226886,-0.22327720473418539,0.97461021617530474,7.0692210696699593,30.489661091986722,-3.2851608216938808,,0.4248601267228058,0.2,False,3
0.96180638541213748,0.26593190875490014,0.064874470220684807,-0.27321659230349232,0.91813092087345838,0.28703363187285674,0.016768144515904949,-0.29379556164454029,0.95572119223519503,12.651110866453692,8.570406293762904,-2.3582170578001254,,0.7056071318196715,0.3888888888888889,False,1
-0.36143028692157442,0.92996233274141105,0.067366218373461212,-0.93220414322589429,-0.36188785282253005,-0.0057111585492575362,0.019067853792821974,-0.064863253554313674,0.99771197010464086,10.59942134338665,-14.4679782715691,-1.9623608817898375,,0.1635591802503551,0.5,False,1
0.020241158177387586,0.9961367384596872,0.085451119398963965,-0.99791113106003804,0.014884621817277555,0.062863523126161905,0.061348757298863396,-0.086545053724950916,0.99435722135137705,16.235831173114612,-19.974380699499918,-1.9191236420832631,,0.253111989374065,0.3571428571428572,False,2
0.29004248836520274,0.94536478397140278,0.14886497294402146,-0.95664712884207337,0.2820969063790198,0.072440363676642416,0.026488220422273962,-0.16342203229090471,0.98620059498094592,22.709946542276981,-7.40304230966413,-1.9314642112570402,,0.08174503393412495,0.1111111111111111,False,1
-0.6354857232199207,-0.76282853155864505,-0.11937557130223579,0.77168906728544073,-0.63262045100807041,-0.065477846623665417,-0.025571058167013619,-0.13373105999141194,0.99068770284978946,22.685761468799786,0.79056096730162406,-2.1351306882017189,,0.5457652446984297,0.5,False,1
0.95024067905315435,-0.29614023252571231,-0.096662374025356115,0.31150810863543343,0.90561586969971331,0.28778914990389626,0.0023130341492949309,-0.3035800705376579,0.95280312270971035,6.4404434870488583,10.687989799539487,-2.4090415709032782,,0.3624282906983691,0.1923076923076923,False,1
0.69419122200915351,0.70039984576018099,0.1659475921625661,-0.71935970968582807,0.66710924359925794,0.19361525039404295,0.024902918828118951,-0.25378201899177449,0.96694081073781291,-4.6193785566817418,0.38224090116315773,-1.9999506803525762,,0.1947760857379756,0.3040816326530612,False,1
0.7843141509112429,-0.60110481403509874,-0.15337638418024502,0.62032442131552723,0.75712940315783728,0.2048235318351255,-0.0069946408008692181,-0.2557891112179867,0.96670730088397494,31.942605183271795,-14.947140441949895,-1.7609440036643471,,0.2805145675390434,0.2666666666666667,False,1
-0.96839343679015999,-0.2322695824776973,-0.090912004913428254,0.24889833744947756,-0.92359676403435953,-0.29157955188961121,-0.016240972773484064,-0.30499157122926618,0.95221655745028677,3.1834986004768573,-7.9049757163972103,-1.9580802121535046,,0.6335166544997112,0.1761006289308176,False,1
-0.32671278358642247,0.91243323636966966,0.24642310404907508,-0.94461220357325104,-0.32381816554072557,-0.053381462384663202,0.031089257014238827,-0.25021467749476478,0.96769110426028659,2.697865365682754,-20.174520813914846,-2.0214739741938699,,0.4671057665706164,0.3870967741935484,False,2
-0.99938290617594583,-0.028392728159033348,-0.020679937886940915,0.033265330249178292,-0.95409401890302326,-0.29765419684071387,-0.011279390352922556,-0.29815844123748131,0.95444974685527662,-9.6761120509217395,13.585766049940558,-2.3089049088715083,0.8376420613225043,0.558204856519659,0.6428571428571429,True,1
0.8674592555868722,0.49397254813085517,0.059207783185820421,-0.49684822216720725,0.85402371664399246,0.15422495109050086,0.02561804102492525,-0.16320114308022404,0.98626015983175197,-13.730849937586306,-4.1299399290492902,-1.8129204939463601,,0.2400538448835109,0.1363636363636364,False,2
-0.38040048269117893,0.91172197842647185,0.15510804886413321,-0.92463311355569111,-0.37832394556177273,-0.043870235135927575,0.018683631462504704,-0.16010629678027422,0.98692294311495266,-2.0806205912913529,-24.47068336335899,-2.1906723318187691,,0.6243521908348351,0.1785714285714286,False,1
-0.043122107913884655,-0.96185551112022549,-0.27013785283945718,0.99872864511437676,-0.048567314743037208,0.013502198585840269,-0.026107034244892361,-0.26921216849596485,0.96272697640433613,38.641892059485038,-14.329869166391489,-1.8935663522939035,,0.5600274268109118,0.4,False,2
-0.084891946633014762,-0.9736055210130109,-0.21186232994527698,0.99606873923429395,-0.088324382214455571,0.0067727562069958731,-0.025306602242538116,-0.21045449142134923,0.97727605256832106,6.0451484861608789,29.709806535107397,-3.2389436851978415,,0.3051242232332326,0.2105263157894737,False,1
0.38354289729810537,-0.86824047190760456,-0.31472738818513485,0.92333535722707005,0.3536399433105204,0.14963491768197881,-0.018618915825997659,-0.34799033526377343,0.93731321474546192,-7.9003799577701574,7.3440610046601149,-2.138798535916302,,0.4229836628225398,0.3125,False,1
0.25954501003448827,0.91654426123058197,0.30427455524819119,-0.96537057050081254,0.23762646343191315,0.10767230603910033,0.026382747717654434,-0.32168351074018203,0.94647961918930834,-9.0372568747361068,-35.603135383736721,-2.2754846135333113,,0.5268670903967125,0.3636363636363636,False,1
0.73627788414264783,-0.67652174330101578,-0.014601649337696643,0.67662106414626577,0.7357600001001583,0.029002720668778625,-0.0088776616291483604,-0.031233845321551466,0.99947267798095829,5.8500685178524323,-2.7276390895030009,-2.0500385289190572,,0.1242796254908307,0.58656330749354,False,1
