axis_00,axis_01,axis_02,axis_10,axis_11,axis_12,axis_20,axis_21,axis_22,location_x,location_y,location_z,dbh,dbh_approximation,score,reconstructed,number_clusters
0.95967115089112587,0.26234869972478231,0.1010170376719606,-0.26834067159751879,0.96197644394665216,0.050937267872811637,-0.083812684683732555,-0.075990006214436467,0.99357986736932025,-1.866559288040089,4.7696182485285439,-1.6290483116275536,,0.104913676977367,0.2531645569620253,False,4
0.19469646801406185,0.96162949456718305,0.19329252577715966,-0.98086128348250667,0.19130093077741603,0.036264258557759471,-0.0021042594657364432,-0.1966536779777048,0.98047075582596677,4.6100820409270824,-30.257461782415579,-2.8897508882120149,0.4822196361499493,0.4586291261953899,0.8636363636363636,True,5
-0.94518111953308204,-0.31802787252493286,0.074100766362119166,0.31587181857618635,-0.94797892358921954,-0.039508918739896662,0.082810902105707823,-0.013936740217425431,0.99646782274419166,5.9633593078059652,-5.949092964752424,-2.2585352632236066,0.3891044486616272,0.3940289479529236,0.978328173374613,True,5
0.9405157204250153,-0.33957664800899101,-0.010857244604015062,0.32868803049317147,0.90133997722819337,0.28204684728037399,-0.085990454376829395,-0.26883814010898177,0.95933919766618991,-9.3240721819495782,35.312173081968886,-2.2683914042631788,,0.6431712949102272,0.2857142857142857,False,1
-0.30608525219869587,0.94419091082686835,0.12171829073063842,-0.95156446624472757,-0.30731816702776388,-0.0089783514678614482,0.028928964150928424,-0.11857094132468954,0.99252407875402704,-18.848010299308228,11.343720782254827,-0.33571439765100242,0.6297493907481153,0.553120029777434,0.9423076923076923,True,5
-0.11362862762219673,0.91743830253696379,0.38130761338162533,-0.9934099913030956,-0.11071089693671285,-0.029659509076383771,0.015004138225159877,-0.38216496220554202,0.92397230342611325,-30.894334497413571,4.1268700092685311,1.0737264182551389,,0.3780463816083,0.5,False,1
0.88419623642442047,-0.46229062645350977,0.066965604500457965,0.45825205349702691,0.88625349170813783,0.0675263200603404,-0.090565285615672023,-0.029019392280939221,0.99546763077108491,2.2721100916176598,24.160516420865964,-2.7152161618745319,0.4363130884247557,0.305459253105368,0.7536231884057971,True,5
-0.50052696427209842,0.85066788260150639,0.16073864360143536,-0.86512344688179055,-0.49838144443538601,-0.056368053876905709,0.032158664336833023,-0.16727250028851098,0.98538608218063595,-12.525999144357206,8.4328209093738877,-0.80786647629068886,,0.1913421923977333,0.384180790960452,False,5
0.72110316967163224,0.65899828195400056,0.21384920638431443,-0.69135504082961641,0.70454948895404834,0.16011940898613466,-0.045148933641944805,-0.2633083401570589,0.96365465380224802,5.5923034493044677,-12.149716631902285,-2.3279576098087666,0.4095273823139271,0.2177264103128957,0.1111111111111111,True,3
-0.92368335584109529,0.37042482328042664,0.097951561701683676,-0.37361779645307158,-0.92744684684774858,-0.015877293400370827,0.08496352344203531,-0.051262038291848305,0.99506452208612139,-16.738376353429707,14.90425354930475,-0.67973981632128733,,0.1213049402517089,0.4666666666666667,False,5
-0.97383624777740907,0.19037550729501457,0.12409725515491257,-0.2017533287816112,-0.97560243885046594,-0.086576415001794527,0.10458755585803087,-0.1093482854515319,0.98848591068788372,16.357906120497614,3.4916923552034529,-3.1615700441372439,,0.1001338089073282,0.2916666666666667,False,5
0.22312063302597651,0.93134345016860931,0.28777866659312762,-0.97449901272106276,0.22033543545970294,0.042473169018296661,-0.023850730046714577,-0.28991666683516837,0.95675465453136133,-4.2921604890125442,3.9279099702749232,-1.4025241987917865,,0.08476801383067248,0.3157894736842105,False,5
-0.99610500582222694,-0.031315151669091497,0.082426807846974523,0.029510575779539642,-0.99929932584540915,-0.023021365773342864,0.083089971073892627,-0.020499235128457631,0.99633118894576778,-16.73770658185191,10.64506657198519,-0.49538341449600043,0.2270514929027425,0.1263469357114936,0.5192307692307693,True,5
0.11931311128183569,-0.99095172387470587,0.061474079301743929,0.99273550895557661,0.12003695078087408,0.0082060773785296668,-0.015510987555946189,0.060048408779740367,0.99807494601761282,-0.026793693662615359,15.839939400499889,-2.0284785379442849,,0.6385090750442767,0.2278481012658228,False,1
0.72205174865167732,0.64681326616433144,0.24550737459979699,-0.68909349300437561,0.7039638986011808,0.17200287022388538,-0.061574590279462667,-0.29337250753957178,0.95401317687538267,1.9256217833119149,4.9181421201408044,-1.9122666686832843,,0.1018823661342492,0.2807017543859649,False,4
-0.97322862070637539,0.2078264562173692,0.098154041863271022,-0.21217486347571701,-0.97656661789342791,-0.036048136224402338,0.088362204290225968,-0.055908898328639947,0.99451813253487298,-15.061547075358691,-11.895948979696412,-0.43009344690587004,,0.3318326783973418,0.4807692307692308,False,1
-0.8353479018919141,0.53686631790799422,0.11818815296251473,-0.54287926962627353,-0.83947477092496259,-0.023753054340997129,0.086463757811131831,-0.08400396226604484,0.99270708313620104,0.46550199762137412,-20.354443604455707,-2.12528540801876,,0.1305557447506567,0.44,False,5
-0.036105102504844395,-0.99812633408159424,-0.049398813608759987,0.99924056250593607,-0.036781890162022692,0.012860435409800881,-0.01465332098656931,-0.048896970958815414,0.99869633343430164,18.025179061347679,-4.3045809729991014,-3.2629338319787591,,0.5749991553577041,0.2333333333333333,False,2
-0.95714995949900172,-0.28022101451865156,0.073076248215116504,0.27771577998845237,-0.95971592893431357,-0.042653033832927414,0.082084715851766327,-0.020530922334005212,0.99641386012622779,-2.7318176013432311,-13.214747842587826,-1.6252131872149451,0.5568210721569898,0.520078539581226,0.9743589743589743,True,5
0.99376139557517362,0.054277322128147988,0.097428234958257559,-0.067406562165192127,0.98827886465243786,0.13697167976760394,-0.088851809444457946,-0.14268447001648857,0.9857720314426458,-23.176412705917695,11.196639081482829,0.047446245486861861,,0.08258081707968071,0.24,False,1
0.039922607313208999,-0.99525665641894201,-0.088715124297393227,0.99914813570369987,0.038834275011282074,0.013960730789145091,-0.010449322711744501,-0.089196899823563033,0.99595919831925317,14.553576278444066,5.6586643529456078,-3.0362171713891395,0.5564611309427265,0.5203081109468696,0.1666666666666667,True,5
-0.3748675822522331,0.91103860119011604,0.17170603634677814,-0.92558811697901755,-0.37828705535054874,-0.013621360484414462,0.052544585673509753,-0.16403527332792378,0.98505405720733508,-1.3752955053906957,-19.414732935075342,-1.9340236521073246,,0.1732873850924529,0.1875,False,4
0.97474016095086957,-0.21745596271884393,0.050936459510795951,0.20564123771963319,0.96281811136770135,0.1751940802980245,-0.087139543139791331,-0.16029406944847979,0.9832153941639824,9.6696815324875356,-12.230620907259752,-2.6539049215540462,0.6278758692344104,0.2939673706289046,0.4375,True,5
0.91112911847706757,0.39943095293368047,0.10148223145798373,-0.40525310370366385,0.91312486842276275,0.044417300756097344,-0.074924304479569992,-0.081595885352155326,0.99384528981720721,-3.1582898242371971,6.2172034209267171,-1.5486586219754865,0.264107536690727,0.1145707648560132,0.5454545454545454,True,6
-0.060724887394160397,-0.99706582704141788,0.046607130325518532,0.99814636068231199,-0.060847198414388362,-0.0012087604295184882,0.0040411270237948656,0.046447335675293501,0.99891256589405486,11.934337667714043,16.14678625387744,-3.0778451771955413,,0.1806872601823876,0.7777777777777778,False,3
0.059587184025238008,0.97991671257830149,0.19029609536109332,-0.99814777969538482,0.056148115086770478,0.023417921798864705,0.012262845881661509,-0.19133903308509403,0.98144739901277711,-29.106995303253228,-7.0605186539662004,1.108792492250628,,0.1642009316892707,0.1363636363636364,False,2
-0.94397287598396196,0.31636839218256441,0.093948123101989953,-0.31948912200235002,-0.94738141958036892,-0.019878298620664144,0.082715840857330108,-0.048779978082239814,0.99537862314275227,-11.854248025458347,14.632635729882253,-1.1303183796721936,,0.2189729937622806,0.6153846153846154,True,5
0.84195367948401201,0.49426948034997731,0.21636007579472299,-0.53404511961032031,0.82056065052688931,0.20365664493771726,-0.076875300478979613,-0.28701550411337073,0.95483626270414312,9.0649983846119682,-9.5153116107496221,-2.5770483259672075,,0.3282808038473715,0.4482758620689655,False,2
0.99609124685761341,-0.018519034897373648,0.086367084471557637,0.013147767022893839,0.99796771607439005,0.062350412152439701,-0.087346231492600887,-0.060971165477931057,0.99431039058450232,-18.681350010676656,-4.1232659765050252,0.010723794050265594,0.2970363547269275,0.1933276894883862,0.6666666666666666,True,5
0.96501388823193435,0.22460681833969387,0.13527739158782379,-0.23894099641308084,0.96576671173588713,0.10100425107874124,-0.10796015817240079,-0.12979381979960763,0.98564606659247589,-30.172502234191473,-3.541399120738046,1.1873454210267369,0.2288007182080927,0.2250901605598721,0.4,True,5
-0.60490459253924611,-0.79626339082999931,-0.0074193226672654156,0.79508019270462416,-0.60343821948638776,-0.060908147499954456,0.044021825197357811,-0.04274257464180746,0.99811580050577464,5.3790346807636507,32.206706049622873,-3.3623841333617848,,0.5512334439208431,0.9166666666666666,False,2
-0.46202004553366782,-0.88438088805062987,0.066392186105340395,0.8856784319082166,-0.46398333349778104,-0.017122543294984853,0.045947717872264988,0.050891169047935295,0.99764667900778603,4.9648469743206913,15.069609552109849,-2.4156660186641719,0.3651302669375129,0.3859741943068519,0.9333333333333333,True,5
0.38267509169323205,0.88355167980233196,0.269992969012257,-0.92340641438654902,0.37516631698004632,0.081060646884933071,-0.029670997073789954,-0.28033312990459147,0.9594440933220354,-10.990346149893256,-4.3017880479312502,-0.716273951032533,0.2996464291890048,0.2189438554137478,0.3163265306122449,True,5
-0.99598698213572767,-0.0014632509825464289,0.089486257675291336,-0.019361564078412056,-0.97266601079977377,-0.23140000274695866,0.087378837555806999,-0.23220398431425984,0.968734353894802,-8.0078035114869532,-18.465356003278114,-1.3057037197021175,,0.8292678960342619,0.52,False,2
0.97799512329522964,0.18611469596089675,0.094270137149218378,-0.19070365282491689,0.98074072415860447,0.042187068825536557,-0.084602929086309217,-0.05923640708415677,0.9946523978082884,-4.263473008573138,19.690381877760945,-1.9195554196023088,0.4266276605028385,0.3952004844804421,0.8910891089108911,True,5
0.87328626657810315,-0.48692409803585679,0.016613830324337039,0.48307622831628139,0.86980905197578151,0.10034725076806188,-0.063312354574714513,-0.079606129493649994,0.99481375639123837,-18.321603440452524,-9.1023547691691551,-0.0427646874281939,,0.2397504979610705,0.4666666666666667,False,4
0.46506401535524877,-0.88459243779539376,0.03480920304828751,0.88421183069423936,0.46607352576257061,0.030739340324568928,-0.04341543598763322,0.016482948111618233,0.99892112418326362,12.212940770559269,3.3978405244159036,-2.7911881361356725,0.4962109715641769,0.3521925875891456,0.5882352941176471,True,5
-0.84845096081185289,-0.52787627995696629,0.038439564985023801,0.52413142209943153,-0.84808796006887677,-0.077672803182571235,0.073601762651929206,-0.045754180628718492,0.99623758987980549,-20.955556946006222,-17.064748435018608,0.085637231914679285,,0.5382384431670093,0.9090909090909091,False,1
-0.59522134960618533,0.7533079151490113,0.2797118695136856,-0.80151675053839411,-0.5813950180336569,-0.13982393075585095,0.057292613654507316,-0.30741993751136809,0.9498476395933938,17.103609753147587,-4.408960412301596,-3.2003819033028056,,0.7396997926862114,0.3,False,1
-0.97683302808999062,0.18507246789428677,0.10744960148859228,-0.19214456434706187,-0.97955486012025073,-0.05960488576176682,0.094221556049647506,-0.078869877914915662,0.9924222089077156,14.134077909302871,16.969963870653455,-3.2774826247019333,0.6879518669763358,0.5187690379132965,0.875,True,5
0.63269112958128426,0.72089712322117661,0.28285910323090324,-0.77336295971424562,0.60711896891196193,0.18252750513086693,-0.040145573743327667,-0.33423628665767052,0.94163391909494787,-2.4464307318951577,-14.341590836906466,-1.6923910350134792,0.6941763025769518,0.3839568603994889,0.2894736842105263,True,4
-0.095553738216217432,-0.99530864160241483,0.01517204878916803,0.99541488961968982,-0.095475558276570643,0.0057978698843905623,-0.0043221101704751397,0.015656491411918994,0.99986808811979866,33.797312663005712,-0.74237477417956221,-4.7720766493080955,0.3185751414671004,0.4948400141413042,0.775,True,5
-0.82983306100246079,0.53227931935526818,0.16749870761883048,-0.55309254982463907,-0.82435702656789878,-0.12051607393460716,0.07393052276134307,-0.19265050982238452,0.97847844067685497,3.1352112551785876,-40.2753165545003,-3.1796059053129966,,0.3608874288363961,0.3333333333333333,False,2
0.0082184466127767,-0.9851470188207776,-0.17151620460996489,0.99995067863223475,0.0071399996746241753,0.0069036734844041556,-0.0055765077069648561,-0.1715644826681233,0.98515710972850112,6.7340444252278058,-11.197064685169989,-2.4039313631017936,,0.4952993411814389,0.1964285714285714,False,1
0.98415865994042495,0.14794670714939234,0.097690858875945683,-0.15389257982484342,0.98647726708684036,0.056388610514298707,-0.088027302236988986,-0.070529237657378729,0.99361804567768774,-2.8073829035652871,-22.807982595599125,-1.9770990746687338,,0.1299439993977033,0.4516129032258064,False,3
0.18766615155598348,0.93695605122517966,0.29477919470798097,-0.98215846811437069,0.18269583061955971,0.044575520024586486,-0.012089626602994058,-0.29788519860299922,0.95452514339950856,-19.035020931353952,1.8304565630424219,0.0025848675858377306,,0.0978946860285515,0.4137931034482759,False,2
-0.72017813675991904,0.66202832721021221,0.2075137231709252,-0.69142311377849131,-0.70954669616265442,-0.13593220257730282,0.057249707998090156,-0.24137518500440286,0.96874170499582779,-11.426484812462153,-19.782843968527896,-1.0315268037553995,,0.2758872590831077,0.6741573033707865,False,5
0.39284032439697664,-0.91944250332510546,0.017377071299300495,0.91866009052063813,0.39322304006728609,0.037937828678691936,-0.041714716974832436,0.0010601129677447474,0.99912899995356186,-30.593332043913499,-5.1331560805021947,1.2263853845310377,0.2180688712221182,0.2390425488998369,0.85,True,5
-0.86836488546922042,0.47470914654882718,0.14350488447057508,-0.49016610503090557,-0.86553440729705766,-0.10289499144158237,0.075363221553089457,-0.15969162773237791,0.98428601984856257,18.828391216893948,-11.639757075996485,-3.4431648306357272,,0.1751486990283569,0.4666666666666667,False,4
-0.11040010246597065,-0.98482323767922708,-0.1339216483713771,0.99388578364329827,-0.10916358927684804,-0.016563811395372406,0.0016930585486072576,-0.13493146891366456,0.9908534867726666,10.683375108368924,-16.669990753044942,-2.8449547843879364,,0.6012234254211605,0.2666666666666667,False,5
-0.99357440516726503,0.034748351041468215,0.10771468561163848,-0.069284027406876031,-0.93928312942908798,-0.33607577466425925,0.089496507992203128,-0.34137919513320908,0.93565518231205436,4.0274650818469606,38.580533308495625,-3.5152821312288376,,0.4446576694421541,0.3157894736842105,False,1
0.55416700700347443,-0.83235417213665808,0.0092444835177908496,0.83074154462302052,0.55372698929010111,0.057051795493909915,-0.052606220033091587,-0.023936446236222722,0.99832841898616276,-12.009161869612067,-18.321279409702587,-0.91183667927326517,0.5837379851611968,0.6297465566904388,0.6931216931216931,True,4
0.56046562666171451,-0.82601155254290126,-0.05985980618375164,0.82646276601860902,0.55319314706793465,0.10457838410466516,-0.053268918851056175,-0.10808449057445192,0.99271353631432846,-31.843135444260987,-5.0555346911245902,1.3708531869948561,,0.223581960209112,0.2105263157894737,False,5
-0.96806418116065229,0.20605853478816644,0.14279923457326291,-0.2218370389950382,-0.96941160601043475,-0.1050212657616711,0.11679070718027901,-0.13334548501251797,0.98416406779718746,-16.53351032658124,1.4210078291175852,-0.27526440633158678,0.4056262334676495,0.13914224308782,0.2909090909090909,True,2
-0.21889219585684255,0.96610456109866483,0.13685095402416933,-0.97555619309289343,-0.21947415922032834,-0.011009430168280519,0.01939898737228133,-0.13591567407361679,0.99053046840066639,-11.583336535436926,-7.3987665048544295,-0.67936629407540339,0.510062974441147,0.4750589420293134,0.935,True,5
-0.93918062718395956,0.32161198295930143,0.12043870615101765,-0.33360246192388165,-0.93764871563056307,-0.097592435540268377,0.081542301418774943,-0.13183557370202578,0.98791205812359051,-1.6376785242161367,-21.866680300695336,-2.0299190562410474,0.2790755540235698,0.2295165365661497,0.5285714285714286,True,5
-0.66766551941791952,-0.73790730286541384,-0.098567573563972888,0.74172754306595268,-0.64802093265366867,-0.17294254161429978,0.063741713482962745,-0.18857805604194494,0.97998740335868417,2.3055259126171457,-17.473910658091668,-2.1806632601011882,,0.2823488330414575,0.3095238095238095,False,5
0.9947667355840687,-0.021521156652126613,0.09987983576163427,0.0041642779445670401,0.98529228728509055,0.17082671748211781,-0.10208722037854104,-0.1695168087030591,0.98022561229673777,10.48126745804176,20.0808537352404,-3.227116730432102,0.4390577666458094,0.3968003254907818,0.8275862068965517,True,5
0.75929896708511602,-0.64764433696957469,0.063418383570663955,0.64745999788845621,0.76164879972365318,0.02620414115742771,-0.065273499352769868,0.02116408917856398,0.99764294795857966,19.160540661685648,0.3150205401218002,-3.3453972671959749,0.1382249493411978,0.1429130304085603,0.5294117647058824,True,5
0.94560480847656081,0.28869071495160747,0.14996405331524187,-0.3144628137365722,0.92922751057303798,0.19403446181313327,-0.083334776431480753,-0.2306380382655128,0.96946449668987433,-6.720267278403723,14.389968563053054,-1.4862326933764749,,0.5674418699357889,0.4198473282442748,False,1
-0.57414029449158466,-0.81269128315169881,-0.099477638343310165,0.81384908841932557,-0.55318762516623154,-0.17785700054250872,0.089513035476122813,-0.18307465595267619,0.9790153659813825,-7.6619895770129123,36.439090667833177,-2.4680514598879291,,0.4891711442095885,0.1875,False,2
-0.14275812323297055,0.98276100967472402,0.11747730042061921,-0.98960007473154066,-0.1438439934300734,0.00077307529859819285,0.017658152290891262,-0.11614518249675883,0.99307526715776495,-0.61843318124991831,1.1017512237627953,-1.6562263237996249,,0.08478811919172266,0.5371900826446281,False,5
0.3680536585836941,-0.92250031550386391,-0.11631711954148641,0.92889994454209068,0.35929017967180693,0.089752213460733726,-0.041004846455729334,-0.14108059642159027,0.98914855703300208,3.1298104387718029,10.630375174752992,-2.1079379254856021,,0.6179577025342331,0.4488188976377953,False,2
-0.97792180029653775,0.1791933194992541,0.10751142614447355,-0.18922519787896802,-0.9776408466976102,-0.091718042696335794,0.088672301156819899,-0.11003694431971339,0.9899641881867931,19.463071358196448,3.0196849966758825,-3.4412718822282433,,0.8748987317551216,0.2906976744186047,False,1
-0.25564038829196933,-0.96676757311378692,-0.0029071377005507326,0.96677063560422694,-0.25563393907740439,-0.0024139853290464476,0.0015905996762623185,-0.003427647509399015,0.99999286058712511,6.8143998040841742,-17.971089023306973,-2.5750090521190581,0.2486735366417121,0.1708327100880986,0.1282051282051282,True,5
0.9700664498445275,0.21270164262483676,0.1171712170745529,-0.23325104161241422,0.95037203255180003,0.20588091541006198,-0.067565038834885696,-0.22704847713221396,0.9715369033439667,-5.2514790185092934,16.534117367900791,-1.6649253990511554,,0.4077866292117284,0.1923076923076923,False,3
-0.71492867920672354,-0.69392870141172258,-0.085673455660263353,0.69655015656224706,-0.696202701616917,-0.17355021652079838,0.060785385092468398,-0.1837518860266403,0.98109142353850676,-15.911752836594159,-6.6989282912118755,-0.27469687746876609,,0.1909042265548628,0.1428571428571428,False,1
0.78191696601369942,-0.62194788776865195,0.04226917505753279,0.62041375472600979,0.78301182186267448,0.044488872429746848,-0.060767024007321147,-0.008562226545023234,0.99811525239818166,-7.4374613930642832,-26.18877986005414,-1.6755965693824411,,0.3047946746769826,0.5652173913043478,False,4
0.9609436578606384,-0.26535333353813961,0.078580498837900914,0.2635850121730921,0.96409624841443486,0.032270189818513637,-0.084322166570406282,-0.010297192501303846,0.9963853371319068,-6.3584811231708676,5.2450928204442517,-1.2351897770423246,,0.09241196555194431,0.3966480446927375,False,5
-0.61309978941375276,0.77514190660287574,0.15252433526776066,-0.78799717616752007,-0.61379309146334082,-0.048150713638436822,0.056294747293402836,-0.14970993787967088,0.98712604865196352,17.176071899752571,-11.864325142391928,-3.2909978478980628,0.6315245662922297,0.4921052698690684,0.9523809523809523,True,5
0.48268956369136035,-0.87524468187414162,0.030944013225134036,0.87540985793110226,0.48322095121526498,0.012453631745872646,-0.025852770460661027,0.0210774561474446,0.99944353272301545,3.2639306515923776,3.1424718829370564,-2.019788575430344,,0.1224780026964554,0.2666666666666667,False,2
-0.030767589060437511,-0.99226921140999114,-0.12022964505979207,0.999524409912527,-0.030793949994076177,-0.0016390951095822297,-0.002075922065965637,-0.12022289603714381,0.99274475360790471,-9.1801460144831619,-15.884041876375944,-1.1008118716660718,,0.07496421431265339,0.5,False,1
-0.85406396237481286,-0.52016545263988312,-0.0016278982089474592,0.5116529839160322,-0.8395150989740876,-0.18282675582186364,0.093733517070756917,-0.15697866248147294,0.98314379787652273,-18.329511993027538,-22.192236468273855,-0.31406596490376915,,0.5370367620999821,0.5476190476190477,False,2
-0.97398368156473081,-0.21001875189225602,0.085134669196703927,0.2093311200864422,-0.97769657407367638,-0.017026191821773937,0.086811693964400249,0.0012381026675360729,0.99622396924226642,-1.5655359742636739,1.140378307238584,-1.5915544610201637,0.09686782715057371,0.09131061089523779,0.52,True,5
-0.91173700216628373,-0.40723041575165336,-0.053842616648642289,0.40829087974881551,-0.88401418505772411,-0.22763452754506594,0.045102066413583421,-0.22952627105292925,0.97225690766471873,-38.718058847161174,-7.6897352400945334,2.1713207798030392,,0.236020773708814,0.3333333333333333,False,3
0.32553089063574714,-0.94446720593749023,0.044847922477285466,0.94431385874731466,0.32715207591868345,0.035254154363046436,-0.047968483608039555,0.030874198462913241,0.99837157834626833,-25.339156910346418,10.261343936016489,0.26493422953043844,0.7984097000522059,0.7437236877712865,0.7288135593220338,True,5
-0.21232667843971217,0.93882360401742737,0.27115977238979927,-0.97719666821564444,-0.20341636794598386,-0.06089706790895235,-0.0020132687357840365,-0.27790649828924974,0.96060601963427483,9.182157464072354,-5.7759625586992485,-2.531079820343221,,0.2221326309146021,0.375,False,5
0.91239769968446283,0.38121084307979525,0.14902593978530088,-0.40326775951889171,0.89954197676146774,0.16792660949558874,-0.070039644081860128,-0.21331320906700188,0.97447007295987476,-23.155403464695208,27.253624339228246,-0.80948534881249101,0.3767126623212611,0.3542483774417342,0.5,True,4
0.79910689247119837,-0.59837180464618389,-0.05813224414637333,0.59654293237406886,0.77721746706212469,0.20017377132901759,-0.074596945242895521,-0.19463861974953445,0.97803430587194884,9.7077980410140139,-3.9463783689478356,-2.5564540113065504,,0.4001705459792696,0.4,False,1
-0.90567486719572432,0.38814808783645238,0.17056991774317887,-0.41334047215103298,-0.89788752442867981,-0.15148480965859068,0.094354061979175424,-0.2076994352044419,0.97363147833448127,-24.005517018996088,-8.1497053133710295,0.57292251133773964,0.5110219707871985,0.2398846447623396,0.3571428571428572,True,5
-0.93026697359225752,-0.36642498527676193,-0.018332703249310189,0.35692069867720705,-0.89230972439930756,-0.27638916512447864,0.084917446377507338,-0.26365903342642527,0.96087092858165224,12.529610718227891,-7.938894036430181,-2.8271428811696997,,0.3500314648934612,0.3333333333333333,False,5
0.98391928180155264,0.15052730881413495,0.0961476791206618,-0.15993266100854475,0.98214890513192499,0.099020563979840354,-0.079526038766190438,-0.11280539636619237,0.99042947841268525,-28.503529909478193,-3.7234008972239563,1.0143667549778763,0.2414604943318694,0.2177265213604203,0.4285714285714285,True,5
0.9791336341286816,-0.18601350710732176,0.081830933586224244,0.18401755345643686,0.98242260849356844,0.031358544937508649,-0.086225672150851015,-0.015645877870057272,0.99615276939222897,10.569701995748209,-11.510849527059001,-2.720547799289061,0.347941258308151,0.2970082057541216,0.8899082568807339,True,5
0.60978815346015125,0.77956986394270511,0.14293087536291724,-0.7902570405972239,0.61179514494396869,0.034648382494777481,-0.060433580782335829,-0.13408030375614113,0.98912600534941186,-10.205794672571812,15.044403401740416,-1.2781789337292517,0.3048356580039523,0.1812673798042985,0.3269230769230769,True,5
0.3597049091891536,-0.93206342952756627,-0.04324513432207068,0.93127173834660593,0.35575438565906986,0.078560590891540175,-0.057838807578588822,-0.068531601627635053,0.99597092925257502,3.8439477599333922,-31.268698316528031,-2.8966230517947293,,0.2965836382674585,0.72,False,3
-0.54238980631928224,-0.83982449621311772,-0.022541374432694591,0.83986258345008025,-0.54135086734127802,-0.039624226798803133,0.02107460370893546,-0.040423433664512579,0.99896036312222225,28.398705535837479,-1.3810949841034583,-4.2151558034408616,,0.3754467042936749,0.3846153846153846,False,3
0.81509695927529868,0.55881562194383494,0.15278104480493701,-0.5749265338474211,0.81270677776115585,0.094695163864216197,-0.071249053736547732,-0.16502361665108864,0.98371275191950336,18.103619419691999,-9.9411228150457358,-3.3445467296420559,0.2751911549314609,0.1652676691355814,0.3076923076923077,True,4
-0.17411687286719341,-0.97408872160094029,-0.1443415291341866,0.98454297537180646,-0.16938615194772588,-0.044536065995685381,0.018932623404581822,-0.14986491910446409,0.98852519532525451,-21.73146219717087,10.642807025965418,-0.065255766669045118,,0.2129324713917353,0.2666666666666667,False,2
0.77840721365585674,-0.62057033595495759,-0.094734723630131551,0.62351598461006152,0.74677334630222725,0.2314246879404179,-0.072869929767166275,-0.23921126099188036,0.96822928377032857,-3.5119058465998534,-7.1027013120771034,-1.3980161196957421,,0.6780511938076571,0.3449197860962567,False,1
-0.4273290871766835,-0.90340263824345801,-0.03540514747183679,0.90345753289086828,-0.42522802795784037,-0.054273478807167055,0.033975542902039454,-0.055179683343112768,0.9978982237837013,2.3215659332800107,-11.341761121207675,-2.0069295148216817,,0.3811181838212498,0.125,False,1
0.66843288434282611,0.68611080317001139,0.28714011371198783,-0.74121878726901302,0.64645872882120425,0.18079220483839212,-0.061580748035281199,-0.33368110180871152,0.9406724901723984,13.932834489534429,-13.855673315751575,-3.0707825290109301,,0.2228208986967181,0.125,False,2
0.328818040482177,0.85538329600364404,0.40024756485380825,-0.94406395389049047,0.30891454695556542,0.11539087331280237,-0.024938869623838605,-0.4158018994631697,0.90911321252344868,-2.0449425940757626,-10.564774130791532,-1.5889131137695522,,0.6717467279521994,0.4788732394366197,False,1
-0.58118100724775956,-0.81374453285028658,0.0069621886464845822,0.81243895705957925,-0.58069600644052088,-0.052298079849781888,0.046600191699426891,-0.024738297441417992,0.9986072495096745,-22.825022189594698,5.0907221905353044,0.26724428664739608,,0.6057795623576846,0.3815789473684211,False,2
0.80146420425714737,-0.59748994889397578,-0.025707786079946573,0.59535919572562024,0.79306264760825929,0.12883735884253883,-0.056591142057754173,-0.11856389812777121,0.99133245921907909,10.230365436347363,11.031144005489782,-2.7170041237678357,0.352934200877113,0.3402273845372089,0.2333333333333333,True,4
0.81193780736248156,0.52835690354225517,0.24818537316821293,-0.57972491651772406,0.77964405555908778,0.23679984755040451,-0.068381416656301416,-0.33614599374470777,0.93932414679143605,-12.317760527097722,7.0049892726025202,-0.74793889733848007,,0.3375160945898077,0.253968253968254,False,2
-0.99016211873254056,-0.13849821478363958,0.019930457316142736,0.13487156708737477,-0.98260500127171202,-0.12765998537997006,0.03726444711090561,-0.12371602959020014,0.99161772120306269,29.957132027450527,1.4943557273372217,-4.4220032274025476,,0.3678660158555884,0.4545454545454545,False,2
-0.56167938459459832,0.775699283462566,0.28776186432030082,-0.82529865004537817,-0.54980904992242796,-0.12881050755537671,0.058295858812696,-0.3098396847711074,0.94899998028779298,-13.912883075748665,-16.70327055684854,-0.66590881771186017,,0.3060166430317943,0.25,False,3
0.7783037049607815,-0.62715113991394889,-0.030410369102555262,0.62093847822129056,0.76160011425824548,0.18547418210105082,-0.093159804146140029,-0.16323821141650702,0.9821784650586628,-2.2972186828777748,-8.8020839537244271,-1.5230111409398432,,0.6949335808588258,0.3710407239819005,False,4
-0.37167271474898234,0.87019151421955276,0.32345961369451565,-0.92770378036902612,-0.36127172661960055,-0.094066122670767013,0.035001271407489647,-0.33503651760006137,0.94155480078128484,-9.2963634538052347,-11.597545069881047,-0.96889361811131758,,0.3938640108716323,0.263681592039801,False,2
-0.7461322195163731,-0.66576203541470802,0.0069009564581086758,0.65722130434809833,-0.73813962701188029,-0.15234844320092933,0.10652167906372628,-0.10913662646072592,0.98830275151606117,-12.836623916676059,2.6606566455138672,-0.62830772691741044,0.8754145126914282,0.7026907648728542,0.2984054669703872,True,4
-0.21024998041549386,-0.97524636067345449,-0.068479790657295161,0.97754544475027472,-0.2086987776068091,-0.029150020127120119,0.014136802441584157,-0.07307089857532964,0.997226551290188,-10.364673694163997,-23.47432735233448,-1.2869685499061474,,0.5191982414355836,0.3461538461538461,False,1
0.94200495899197068,-0.32683281091621569,0.076203483799236277,0.32436538059571818,0.94494830130561769,0.043125488178359282,-0.086103177093125718,-0.015906651697705127,0.99615923492493763,-41.766853074044604,-7.8628901048329158,2.4994955545763053,,0.1658137592020033,0.6470588235294118,False,1
-0.76098522793399215,0.63588276418798972,0.12866465355679718,-0.64792880644272388,-0.75499482995910827,-0.10085171548725842,0.033011280616723135,-0.16011220110802776,0.98654667320324263,-11.17612755661122,-24.670084936356599,-1.2739214888970658,,0.2933215815472904,0.7575757575757576,False,2
-0.98704600683215893,-0.14244982318363769,0.073812114667184459,0.12834220185899314,-0.97713366186379558,-0.16952311368847695,0.096272839465119525,-0.1578539031117103,0.98275820304575612,6.987744101607805,-27.339225015747679,-2.9448835325867755,,0.1601380984605136,0.3684210526315789,False,2
-0.88731821962327284,0.43977564124315954,0.13879395697851588,-0.45286300367920967,-0.88778325825645188,-0.082194806759325056,0.087071677503252842,-0.1357875978457769,0.98690437796579067,9.6960558055978581,-28.004776994564409,-3.1740566777705443,,0.2317262066193154,0.48,False,2
-0.37774823509400773,-0.92412883725159778,-0.057377373967202591,0.92525539850678984,-0.37442951734913427,-0.060868580332844105,0.034766627926846247,-0.076081723808706911,0.99649528492858008,15.405178488311812,4.7251947259662028,-3.1156867422917043,,0.171885810010543,0.5,False,3
0.16216518236198824,-0.97724188882081398,-0.13675066494694241,0.98657434347700634,0.15785526070163294,0.041866232953698179,-0.01932662470316298,-0.14170394279181969,0.9897204020201037,-2.3580275822686754,-0.16775430889731707,-1.5056863266791531,,0.1777590273756717,0.3493333333333333,False,1
-0.59579056524229379,0.79170536961195503,0.13504151249102847,-0.80120959626181676,-0.59754704112241575,-0.031634103493244199,0.055648766619248106,-0.12704385610269528,0.99033482893429192,1.0717340174427654,4.1143646753263843,-1.8364139461028248,0.1977226088832127,0.1668473049386087,0.6888888888888889,True,3
-0.77977885292004434,0.5826970320810263,0.2289303591546232,-0.62134308826549467,-0.76509184600750735,-0.16901844230001467,0.076666206397595582,-0.27404130341390043,0.95865721549457561,21.639922878349367,2.8551239925051304,-3.6364279132998498,,0.3379744323981518,0.2222222222222222,False,4
-0.77747075521406017,0.61556957588826311,0.12889267639250079,-0.62469241202848302,-0.77957422385578012,-0.044982439392423169,0.072791587020164639,-0.11549080803423603,0.99063780369955823,-8.9343834916234179,-23.176074502779215,-1.4182576516287742,,0.09738362189875886,0.1428571428571428,False,1
-0.32076160768759748,0.93333556935041539,0.16123494044097292,-0.94647314877659672,-0.32233224990642872,-0.017044040459163731,0.036063411909882735,-0.15807161559114852,0.98676886587783186,19.689681472904219,4.7460036111960955,-3.5090498164962409,,0.124140387302119,0.4705882352941176,False,3
-0.8590193523716857,0.48944884971540104,0.15008522833111099,-0.50452370569515648,-0.85910330287845893,-0.086007821591706349,0.086842286027937005,-0.1496039387703228,0.98492491026567541,1.3861155007272234,-9.0431863851563623,-1.8311084959790587,,0.4285146825810449,0.2210526315789474,False,2
-0.84043471230301003,0.4840739761089396,0.24360188835523891,-0.53626795647539405,-0.80762768212945746,-0.24526354379708412,0.078013929614277,-0.3367638827313304,0.93835170062927753,-9.6544102232580062,5.7185652731990588,-0.98917635129343351,,0.5739990925187295,0.3389355742296919,False,1
0.86291645455887711,0.49085013755568391,0.12017210538683389,-0.5043712722017144,0.85131231008456576,0.14448865172083372,-0.031381718072184941,-0.18529299274405012,0.98218210867984768,2.836704993802325,4.4416086886433783,-1.9913215820816002,,0.1857930162738721,0.2661290322580645,False,2
0.9480233555718669,0.30425273314274981,0.093177205718045317,-0.30773556465896706,0.9511362632821494,0.025271147850758589,-0.080935403466485992,-0.052631578399616394,0.99532877855554891,17.532834279719438,3.9462142574669454,-3.2840721989469395,,0.08950582293856375,0.35,False,2
-0.85403876794878408,0.48423808894022502,0.19008223499328775,-0.5138370453188088,-0.842262731078396,-0.16298767651083174,0.081174341380519197,-0.23686908843469201,0.96814449399124236,19.444803268367693,-5.9247592365112878,-3.4087394518815848,,0.6452610188096163,0.1764705882352941,False,2
0.33286452747330381,-0.9409529249662244,-0.061715470892479085,0.94234586404160015,0.3295396961865612,0.058205336189719327,-0.034430783808440737,-0.077531810470123197,0.99639517235460395,-30.770438363195254,14.03386234316323,0.55639956345753572,,0.2106698672135203,0.3181818181818182,False,1
-0.94980905696490714,0.29643905294910494,0.099933193654930849,-0.30314798936842224,-0.95104686646628345,-0.06009288083082788,0.077227273999016147,-0.087371309199890557,0.99317783023957007,22.435465814318743,-6.2757585174882653,-3.6737864346095188,0.4204096428442239,0.2424162805504774,0.3870967741935484,True,3
0.16193419321262612,0.94281540561045407,0.29133559345224486,-0.98675332682364458,0.15762745600072969,0.038359576603610293,-0.0097564886637621119,-0.29368809315042688,0.95585151298233617,-0.25219318984543265,0.069409353375973246,-1.6862888352560976,,0.2047907825550701,0.2371134020618557,False,1
-0.32822022514652516,0.88982552697342432,0.31698898301239548,-0.94400735546544545,-0.32089071359968857,-0.076676350673590354,0.033490246817560521,-0.3244066606467122,0.94532466480894739,-5.8148756616469237,-16.988577232271926,-1.4680159394446686,,0.4358683144034176,0.3777777777777778,False,2
-0.64027044105272679,-0.76292729647088564,-0.089418692753656118,0.76626684534624323,-0.62621372842584488,-0.14384536160098921,0.05374833985588761,-0.16061851272698335,0.98555203278777137,15.103803847908283,2.0987052968468154,-3.0101985693735287,0.7834912400118098,0.7124909606366541,0.3207547169811321,True,1
0.070800560169049481,0.9742026225274425,0.21428142929428962,-0.99749002162621692,0.069356100587100275,0.014261418845336941,-0.00096821272399283311,-0.21475330398391285,0.97666784578592292,4.3422498206211317,5.9221614493073513,-2.1238997821444285,0.9185879251442358,0.6035538169852509,0.6715328467153284,True,3
-0.96004291817028742,0.23830256210790207,0.14672928870504809,-0.26584220234039146,-0.94039370594063154,-0.21210280828422759,0.087438656930960465,-0.24263463627449186,0.96616919561433734,-13.31965798736549,-17.33417548856281,-0.74658100019414608,,0.3120992238057191,0.25,False,1
0.98823057226956856,0.11436060565918565,0.10159718453296769,-0.12037863009094246,0.99119198538021036,0.055203564517747661,-0.094389201973476292,-0.066783980049869129,0.99329279598691833,1.716376244887206,7.0424861702664696,-1.9332061675830288,0.7535933892136891,0.7779214267766638,0.7345132743362832,True,3
0.67094552236141414,0.67802813183491506,0.3001832081639873,-0.73934091965407256,0.64263382324553975,0.20098948665512301,-0.056631356581303319,-0.35679072530164646,0.93246622876675034,2.5776224321758083,-13.091455918841467,-2.0762908921050025,,0.6071122789172512,0.2857142857142857,False,1
0.2039593119160189,-0.96174916617911066,-0.18286372094138797,0.97870823035311139,0.19591822361375069,0.061206613164867592,-0.023039073805721465,-0.19145388742414732,0.98123117055480702,-9.0921032057189883,-17.53468707699211,-1.1656850280238555,,0.7006163162173509,0.2954545454545455,False,1
-0.56680198488642419,0.7791100204011866,0.26781166150724917,-0.82002974724059696,-0.5648157780014923,-0.092381548813020561,0.079288861571683536,-0.27197557432797581,0.95903209716861648,32.678475893327281,12.319129557079593,-4.9292069853807252,,0.4991455399588811,0.3333333333333333,False,2
-0.93743907066654297,-0.34795831011413336,0.01153270178085801,0.33901728668778264,-0.91988601164898787,-0.19717252572144264,0.079216589895699296,-0.18092744400735844,0.98030097005473893,28.517263289423163,25.902356553668426,-4.8742126824155649,,0.4072964098820533,0.4545454545454545,False,2
0.71658449514957301,-0.69117793525635596,-0.093700176766065096,0.69449944829095234,0.69458632898061989,0.18767084993889746,-0.064631088763796224,-0.19955674232655302,0.97775248859679187,2.4349723471214073,20.343511117059265,-2.4446904200288215,,0.4076654209837138,0.4473684210526316,False,2
0.2841924845500462,-0.95807187851043307,-0.036509003447931065,0.95791847387755036,0.28213302795993955,0.052850278506929679,-0.040333969918369045,-0.049992300823678601,0.99793483791727511,12.407211602481881,-12.763220590064599,-2.9110393289283305,,0.2123304439123515,0.3125,False,2
-0.15018734377383339,0.96854945797518721,0.19838273419360852,-0.98848889561954167,-0.1508138864848084,-0.012036398140909475,0.018261024259869363,-0.19790684449841262,0.98005072108216007,-12.251925425460465,-16.380084737014471,-0.80369892085616002,,0.7664437116712697,0.4423076923076923,False,1
-0.84435538925232512,-0.53552525571054455,0.016633614661587526,0.53083225285422186,-0.84036017497605375,-0.10959879398938467,0.07267114950422851,-0.083710673216572773,0.99383672060321959,22.346949253231148,0.56687148946731103,-3.6665172191333757,,0.1041316716799665,0.2272727272727273,False,2
0.12515995795428128,-0.98992641921064439,0.066186626093758125,0.99185403697147523,0.12643755366912962,0.015463323237709881,-0.023676027290711041,0.063712083398350342,0.99768743409986471,27.97287886414998,12.043744368142622,-4.4582373105989408,,0.2349686103310374,0.8461538461538461,False,2
-0.90978543850193827,-0.4119573317448445,-0.050809573030133448,0.4073610301878417,-0.8626591077458996,-0.29979368723732114,0.079670866533110257,-0.29344577121627885,0.95265005767130828,11.993415362311834,-3.928578498242381,-2.7452513517707948,,0.5747752636210829,0.1274509803921569,False,1
-0.54865431331481973,-0.83327084533063067,-0.068103911804103051,0.8348268352858913,-0.54162786169370059,-0.09850591111021556,0.045195127697440531,-0.11090066617963466,0.992803325273101,6.1902086142682755,-13.371574035570264,-2.4002895491313065,,0.4056550324329753,0.3783783783783784,False,1
