axis_00,axis_01,axis_02,axis_10,axis_11,axis_12,axis_20,axis_21,axis_22,location_x,location_y,location_z,dbh,dbh_approximation,score,reconstructed,number_clusters
0.33539313942463128,-0.86674347605002211,-0.36914385915468678,0.93968504166208633,0.27987674646579275,0.196624081089388,-0.06710785724051696,-0.41282533051212816,0.90833462005151999,10.906758611548527,22.553284092828211,-1.917469674878943,,0.6805250654394831,0.3636363636363636,False,2
-0.95741854990181607,0.27858451690599845,-0.075765343292004725,-0.28030792424686618,-0.95982295021403519,0.012937227169656215,-0.069117204141349267,0.033623967384555711,0.99704174481764096,-11.205674403006347,-5.5912870083301112,-1.4505484680219098,0.7238322482696131,0.3796441686076394,0.2985074626865671,True,2
0.3939460481357096,0.91704825992828787,0.06187891499334848,-0.90703943868217951,0.37699503903193082,0.18749452584122933,0.14861348469560801,-0.12998934382406024,0.9803146447232215,-25.783266847081091,8.1166333899953287,-3.4255328773301215,,0.4884495946942204,0.26,False,3
0.9504577129199846,-0.26007715133334569,-0.17026453331579539,0.3057122430821706,0.88126055775980017,0.36044396758241787,0.056304177292465847,-0.39463870146150049,0.9171096635235072,21.199408195155943,-1.62048505043709,0.89348654144224571,,0.2727991352189866,0.1875,False,4
0.49084452577004384,0.84815906644862904,0.19924319191021378,-0.8651471935243914,0.44747752840445104,0.22646014022320216,0.10291737005214062,-0.2835314084436385,0.95342433122273351,14.189220721498202,5.6014134242614713,-0.28111382456565087,,0.5286490274503735,0.2333333333333333,False,5
0.029982368169556052,-0.9767304541194608,-0.21236449231106488,0.99840078041536962,0.019077144297376392,0.053216014802291198,-0.047926394240812555,-0.21362041700419984,0.97574042561227625,-21.725646902744799,4.1977241713998694,-2.9622050429066382,,0.200768167894699,0.36,False,2
-0.79586090353108452,-0.58157239622238055,-0.16846058940548597,0.5925752219542646,-0.80527993237655959,-0.019463731334391998,-0.12433836317299413,-0.11531599396337763,0.98551620635061021,2.0405650148911478,30.745393234900416,-3.1875214614573091,,0.1496686735775515,0.28,False,1
0.70064213610513715,0.71313452264898092,-0.023232514290158504,-0.69882639943294467,0.69242908722063778,0.17939794487781202,0.14402173644842137,-0.10945826500089585,0.9835022255457162,-6.0377955182254457,-9.9245372207316578,-0.60068379170758479,,0.3219632811785287,0.3209876543209876,False,4
-0.2363006898517086,0.93910494584432169,0.24948724349420881,-0.96739741556013947,-0.25145200367022452,0.03023458644981393,0.091127516937357989,-0.23420886093604887,0.96790597948141066,-9.969144948558311,-15.793949030683807,-0.10004062393660872,,0.1596098782597394,0.2222222222222222,False,1
0.060297370180960548,0.99737795336186863,-0.040018062133866293,-0.99148372383346306,0.064480856769035061,0.11314700386514942,0.11543072607667833,0.032854790488161138,0.9927720333588117,-18.298024625768438,-6.8480715538562693,-1.6414657664970282,,0.1263959684585635,0.6153846153846154,False,1
0.95806084415789505,0.28164428501979594,-0.052876418251885132,-0.26483256945856481,0.94068670816741506,0.21206656320864473,0.10946747939655342,-0.18916927285592539,0.97582368139009856,17.179666618114698,0.22818632051886389,0.29640238635862309,,0.1139695577729418,0.3888888888888889,False,5
0.99699378358680968,0.033354319338216941,-0.069934861626679556,-0.021792800578616042,0.98687701069215683,0.15999637374095133,0.074353677328019493,-0.15799131352323692,0.98463712885458665,-13.197846555705848,-11.555462728371872,-0.82614885460123944,,0.1022197836487352,0.3125,False,4
0.40633805132081308,0.91368409709611487,-0.008411822778754019,-0.90387408968215532,0.40328926012025462,0.14272141630782964,0.13379468618020446,-0.050389913527556146,0.98972715359568975,-23.252980273622903,9.5063590242561453,-3.4186386952927208,,0.1421299081661403,0.4545454545454545,False,4
-0.02651549831638296,-0.9935282498975434,-0.1104470235206019,0.99245756116025263,-0.039391939834990314,0.1160873135699254,-0.11968674799191249,-0.10653587063314872,0.98707912075150261,20.510262431216361,5.1455424100901874,0.35716595105622745,0.3610412980303637,0.4744982427172904,0.6964285714285714,True,5
-0.027084597389149423,0.99654561325509783,0.078506466525296123,-0.99121651025065005,-0.036943406262920545,0.12698430824402929,0.12944595161993094,-0.074377586917784344,0.98879306236112763,-4.1731950082718763,-8.8625706701453542,-0.62149053439768343,,0.08604271142383488,0.1842105263157895,False,5
0.88561666575818565,0.46325413926284092,-0.032843930751347693,-0.44719057988143335,0.86971443447771224,0.20884776208142991,0.12531443091943681,-0.17027156226733392,0.97739648479334118,7.007895989599394,25.895128886133396,-2.4227653466835886,,0.215338348647931,0.2962962962962963,False,3
0.95636722973372412,-0.25069374808210287,-0.15004788090469628,0.2866081171503958,0.90470282038084626,0.31522784454811081,0.056723091197039721,-0.34447852105391147,0.93707899317910381,0.72269108379923008,-12.097033558505444,0.094349257267132863,0.7209058339236916,0.4624369472247887,0.453125,True,5
-0.17820307489334941,0.98301811578542586,0.04380694164429498,-0.97813322912090805,-0.18181774123370276,0.10098363759629614,0.10723362433519161,-0.024853430554869813,0.99392316443555828,14.679177548828596,0.50212518854705523,0.01367837065384273,,0.1437830651302204,0.3,False,4
-0.040486951172143397,-0.96205953785503462,-0.26981892522012507,0.99231623624190424,-0.070312908500031829,0.1018065920703031,-0.11691575631833127,-0.26362386181911746,0.95751405493814512,13.437328256158168,0.98505020933035847,-0.19338767504716869,0.3993406283810921,0.2649532049172869,0.2954545454545455,True,4
0.99369777568020612,-0.090532810288294463,-0.066094938304798886,0.10807588336286809,0.93024397348893351,0.35066473050886771,0.029737754514206766,-0.35559803155926589,0.93416578074109979,14.317722669191575,7.5377378263789527,-0.43659398934568294,,0.3277073482482828,0.4107142857142857,False,5
0.69240090894402462,-0.70665056410692328,-0.1456913228056374,0.71955744811199884,0.66144356065548904,0.21149348674116911,-0.053085404397418129,-0.25127155890541231,0.96645979922871461,28.205454037058658,-9.0699145045742888,2.4546231082751064,,0.4844205410685924,0.6666666666666666,False,5
0.36953142297991426,0.92874070307134815,-0.029786471576512853,-0.92003084646416022,0.37018628477377918,0.12847317276314243,0.13034480804727666,-0.020070401688188633,0.99126555977255371,-7.0676235113690264,-7.793350890357444,-0.95284581333037199,,0.06310310708829873,0.2162162162162162,False,4
-0.57819143295349751,0.81536413330240098,0.029597246209838418,-0.81472591316008236,-0.57892492223119774,0.0326744677855966,0.043776172567408525,-0.0052215460953874276,0.99902771842012594,6.2458136450577824,-10.329912038819996,0.33324054266262659,,0.191285019941426,0.2,False,5
0.44560094873100625,0.89399689639835334,-0.047003656455000924,-0.88560898929002152,0.44788077409816163,0.12288014600389703,0.13090650319497027,-0.01312864895349232,0.99130778570427991,-10.987716190627461,-15.421631423356443,-0.20304699818807295,0.5173386693061588,0.4936939039210489,0.9343434343434344,True,5
0.96711880735036082,0.25143718257885311,-0.038217217141285245,-0.23516844800985923,0.94133342930628805,0.24204787941871708,0.096834980920377289,-0.22510157282274171,0.96951135546876288,-8.9509554890685976,-20.353531870359152,0.54887194707468534,,0.1304764360781759,0.125,False,2
-0.76260024513400448,0.645092757535219,-0.047918684217778298,-0.64668004016624836,-0.75848621197003341,0.080644850436519533,0.015677747674178788,0.092487839346351575,0.99559038153294133,19.130366896512861,3.2796444245808916,0.29194132419551183,,0.1132383751227438,0.34375,False,5
0.46581091346598258,-0.85810197488081597,-0.21605831065161754,0.88097735704199409,0.4267991705234167,0.20425808287513808,-0.08306075652972425,-0.28548812365169851,0.95477612139105306,22.945654375489205,7.661562672964104,0.3175985571149974,,0.2870192134835212,0.25,False,4
0.26475967878315521,-0.91381567728780455,-0.30796626509030278,0.95864314155633246,0.21483403307233589,0.18668065079402235,-0.10443007056229384,-0.3446552569987939,0.93290252126653028,9.7785696222013261,-6.0792077238193674,0.209516983571926,0.8284302691861856,0.5519611233977125,0.4727272727272727,True,3
-0.550267549184983,-0.79843982552826542,-0.2443347484995646,0.82442245564203409,-0.56592729386066221,-0.007342526588763304,-0.13241313736601512,-0.20547540746751417,0.96966314665400588,-22.976580528816211,3.3904663332391514,-2.9371464673424557,,0.1403991546510695,0.3529411764705883,False,1
0.5660011293125643,-0.78264969639643367,-0.25904087389343128,0.82325705766353086,0.52001400550273302,0.22766917026288408,-0.043480324562822685,-0.34211823513454276,0.93865040060948035,6.5662492102949743,14.842292870813086,-1.6711788545636672,,0.4100205956356636,0.4464285714285715,False,5
0.99405329221316907,0.086005684535455942,-0.066791275386435423,-0.062214020672514012,0.95194826898565665,0.29987315452866337,0.089372634916505725,-0.29393454271793101,0.95163807023746239,17.580537119474801,-2.0272435367289328,0.57178509131523991,,0.6526619891124364,0.768595041322314,False,2
-0.018679222069389618,-0.99171793543694742,-0.12706936371745881,0.99385560650608762,-0.032284828014481071,0.10587125812273729,-0.10909683808112093,-0.12431100680451743,0.98622748567860752,11.418436951844612,6.3935317712260042,-0.66292499411564931,0.1335700255095577,0.138127946791746,0.4772727272727273,True,5
-0.081841815742484822,-0.96594874427220467,-0.24544844801897783,0.98883277711122064,-0.10947502022886986,0.10111853863857369,-0.1245457992325929,-0.23443174568483735,0.96412141377975602,10.669738491189426,12.956952556836274,-1.1409318457978563,,0.1593520962914539,0.1764705882352941,False,3
0.89149876889546298,0.45218953770158271,0.027469383886438437,-0.44500122149317084,0.86274090590057251,0.24010839667834172,0.084875543753531069,-0.22628024942333524,0.97035735210975449,10.334438296606614,-7.6931569166387401,0.47076187928052909,,0.432217005022965,0.3220338983050847,False,4
-0.5370526888051691,-0.8202819272029831,-0.19675357519318087,0.83074282927578791,-0.55479923377920282,0.045433047497056622,-0.14642664052008575,-0.13905168140720237,0.97939974925657014,1.5171366721041986,35.669498962598603,-3.7393578439493411,0.705045975302886,0.3143198577864174,0.3529411764705883,True,5
0.48939662088909891,0.8553428732421382,0.16993974419250818,-0.86198485723649032,0.44492956837182046,0.24293987956581597,0.1321856775801338,-0.26537944227529991,0.95503963177468809,-1.6814295390348479,-7.8271615353659785,-0.60301207235136467,,0.09207209695693819,0.21875,False,1
-0.066682574192856975,0.96784237658689276,0.2425583813881704,-0.99192615370033832,-0.09058471627675807,0.088751984666891284,0.10787001392540464,-0.23468179149583429,0.96606858805989471,-1.6309616616974933,-9.533462886944104,-0.40008584835627653,0.5779447656163333,0.328111401844095,0.108695652173913,True,3
-0.97887078049461518,-0.17525921236796133,-0.10533851894735799,0.18472116216420004,-0.97884618884441954,-0.08796721453735204,-0.087693143076117308,-0.10556678959272672,0.99053801824690957,2.9134089817316515,-13.207569359164626,0.48611070835134723,,0.334142965984197,0.4375,False,5
0.85449968922523134,0.51919372629937188,0.016375459851761712,-0.50481294585861114,0.82257454319396461,0.26179192230241166,0.12245068724811066,-0.23196766037664376,0.96498540596832449,-13.435532523368789,-12.948268420906974,-0.69328628684677407,0.1654358115447527,0.0985311487669192,0.3181818181818182,True,5
-0.23919551962967844,0.97097106040867731,0.00083859283138834617,-0.96852429949252905,-0.2386538690188513,0.070746110103943313,0.068892558971157161,0.016109955033511286,0.9974940023214296,15.930383705019006,1.2395626188108702,0.047988295259535345,,0.08233414070638176,0.2727272727272727,False,2
-0.58161335324137398,0.79729696126444238,0.161379871389872,-0.81201399137402919,-0.58088161153524243,-0.05665537214633036,0.048571443710723673,-0.16399423446788258,0.9852647897479897,-17.916494427683112,-8.3801812861303802,-1.4541850049094294,,0.6006069497328945,0.3076923076923077,False,1
-0.6304325952606975,-0.74865867574326173,-0.20509736728492289,0.75946543894896068,-0.64952446047817514,0.036472212471929596,-0.16052099512189541,-0.13277109050874203,0.97806178110086428,13.469028139798075,11.581445163925537,-0.75341197819811945,0.347170223072391,0.2948818276967014,0.5,True,4
-0.35350206963319691,-0.91111869175714877,-0.21189387979785429,0.92642602346761971,-0.37235761560654124,0.055539437715775193,-0.12950331967567283,-0.17667069827946147,0.97571325427219024,12.259608541841413,9.562154584655806,-0.70840379272684995,,0.08842397338658814,0.1538461538461539,False,1
0.65375508743950828,-0.73113441779806054,-0.19505575807458497,0.75125665880518921,0.59623317740277304,0.2830537594964187,-0.09065163124744996,-0.33158477238148887,0.93906007287973448,-21.493273225914184,6.8598407839369262,-3.1997339296929987,0.6059594218008308,0.3292493916027683,0.2444444444444444,True,5
-0.26476663666540967,0.95814846680543453,0.10885836516905864,-0.96037980966030401,-0.2721861238302849,0.059877668550817047,0.087001432779717142,-0.088691767107426531,0.99225224673045553,-28.179294117951507,15.311447357179626,-4.0922388955756066,,0.1598314800789038,0.4285714285714285,False,3
0.38151014155987006,0.91495226236757143,0.13157647766766856,-0.9151378548590523,0.35379434381523878,0.19326735080793389,0.13027938628555288,-0.19414406988833616,0.97228358087352929,-25.046094257575938,7.8659903194262659,-3.3806769057266055,,0.08828872898137305,0.3333333333333333,False,1
0.9906879805804798,0.095467137848077907,-0.097073944621953553,-0.076346401236574171,0.97986422988093713,0.18449205407838337,0.11273221434707134,-0.17536281416233368,0.97802828755485005,3.9018983692572555,-7.2131491613233338,-0.23224892221093629,,0.1291542072467842,0.4042553191489361,False,2
-0.7482453551662378,-0.65816840492163942,-0.083326101763237417,0.65118552144623421,-0.75264016344832396,0.097417662789035853,-0.12683179857964838,0.018631562666271168,0.99174924237009954,14.597262454972755,9.178426561639391,-0.51824758508209279,,0.07339500746094159,0.2272727272727273,False,5
0.4263998207475147,0.89859117989312809,0.10352335139843601,-0.89495605707470827,0.40250041856937074,0.19247615165722209,0.13128917994937722,-0.17472064694751474,0.97582572560804259,-23.709861203186026,5.6137426227287257,-3.1947295254517094,1.054033367178814,0.5200228400260433,0.3953488372093023,True,1
-0.12295230493893736,-0.95709466062342086,-0.26239767780287132,0.98521668511464844,-0.1494995634985144,0.083653833656658558,-0.1192929758280209,-0.24823313864166213,0.96132694479984437,-22.38336429362726,4.9095090247365665,-3.061075472549645,,0.2573971623487679,0.1081081081081081,False,1
0.089437787836830221,-0.98034181407825938,-0.17587157154185273,0.99065119196462781,0.069297660644401946,0.11750765970044588,-0.10301018379712092,-0.18473700711811961,0.97737461611969612,14.439522872834074,14.534861446483555,-0.95837008470737062,0.5302380508355148,0.3143109995434803,0.2222222222222222,True,5
0.31316004986218815,-0.91541574340203247,-0.25287309050592061,0.94721039598522239,0.28179482537732692,0.1529187435472823,-0.068725896922699273,-0.28741206154625032,0.95533819036501633,22.856786680067255,0.22690412384306852,0.88842460156838565,,0.2928398494457441,0.3333333333333333,False,5
0.35048931826921265,0.92118932345326243,0.16901913541046987,-0.92758256513862902,0.31649112310473715,0.19855466211283712,0.12941337886796428,-0.22637049134465914,0.96540591360233252,5.3537161099960402,11.195750232953255,-1.4114252530478764,,0.7414243843722725,0.4079601990049751,False,1
-0.14797704534371883,-0.97092709786186338,-0.18815781856963615,0.98215667885253721,-0.16659782352634817,0.087254933279670488,-0.11606486219652773,-0.17188873096810298,0.97825518753006269,28.093997671165109,-6.9929701975136966,2.1441833065135354,,0.1874875197624441,0.35,False,6
-0.18021847062931146,0.98281852380406109,0.039862916496891582,-0.97888163243990711,-0.18317762390984502,0.090756309811089314,0.096498976760455976,-0.022665113420178434,0.99507499220804241,-17.024245855097277,-15.648967072865094,-0.59068701602858031,,0.1618231289632793,0.3846153846153846,False,1
-0.48670713458842657,0.87356184793847458,-0.0024213564465049575,-0.87342908870678737,-0.48658049963335698,0.019001167790022616,0.015420510418110364,0.011362887083420876,0.99981652949707478,-19.348401843083661,3.8533579329063166,-2.8982504557251074,,0.1930150527243674,0.2173913043478261,False,3
0.99240959349063085,-0.11157675023403105,-0.051709066467821807,0.12044302996054061,0.96677468130130573,0.2254776976303503,0.024832947502970437,-0.2299942268883548,0.97287511033860019,-10.362474729004026,-4.8292296005718338,-1.48111970263811,0.4943294857124939,0.2824283181307051,0.3636363636363636,True,5
-0.98866027152513802,0.13497282590782939,-0.06582707478154716,-0.13869016404395701,-0.98877394886264736,0.055597809741278439,-0.057583903178760956,0.064096913475001863,0.9962809241261612,20.004627854196755,1.6038000304536555,0.47502503413163394,,0.1517744686986584,0.1,False,6
0.3807936527957741,0.92358803493791364,0.044512197316861457,-0.9118806992629509,0.36711977786825023,0.18356649751433141,0.15319851272830279,-0.11049077073443869,0.98199898435810318,-11.965593775385502,5.9976484703132167,-2.7203603194161468,,0.1612989676385682,0.2380952380952381,False,5
-0.79629701933549368,-0.59231377413642572,-0.12278212396628549,0.59575287870307903,-0.80309903376307723,0.010509495031032906,-0.10483112378680129,-0.064779124238260127,0.99237800285401401,20.256286836664938,11.002001752706253,-0.17247700810211647,0.6456766190720948,0.3185216800928741,0.5,True,5
0.99702517461720774,0.0056271243877747922,-0.076870909001081844,0.027149312719113361,0.90777356734430725,0.41858101396249697,0.07213678672083948,-0.41942280088487888,0.90492032693462965,-6.4172008436795895,-13.775824088506509,-0.14172772679279724,,0.3850739162219724,0.2,False,2
0.63404680346501618,0.75326425901910976,0.17486453928737994,-0.76200790836171972,0.57011461563597898,0.30710466071428882,0.13163813509007666,-0.32796689028411502,0.93547267211147067,-6.3317544760745328,-5.1158415929034184,-1.2005221627455329,,0.1076477454380655,0.1851851851851852,False,4
-0.93689118626888401,-0.30147585694439433,-0.17705144103149001,0.30648903733492516,-0.95187364546343012,-0.0010163983823330558,-0.16822418103588707,-0.055216580406648452,0.98420107405092905,-12.661839758928064,-4.3433400236540969,-1.6628560573777558,,0.5350975552870857,0.2935779816513762,False,2
0.6282839379856342,-0.76606357122798963,-0.13566833863021632,0.77749150529610589,0.61206068498251098,0.1445291565433609,-0.027681265535726716,-0.19628632844943369,0.98015581659355677,-15.423056913143533,-15.119277462618355,-0.58571604820519163,0.4379133125434773,0.4006934471177844,0.6511627906976745,True,5
-0.67589787981968552,-0.69682598500484361,-0.23999083873615459,0.72610301746066441,-0.68539158141084378,-0.054888871054710478,-0.12623970884698532,-0.21135734374081255,0.96922216707886744,-20.327357706818017,5.9861241974166237,-3.123751804921477,0.4329827395313208,0.5196095044582273,0.2950819672131147,True,3
0.82350398757933752,0.56625773788271494,-0.034544995713996447,-0.55221200712663154,0.81405455302012686,0.17993633288576816,0.13001185186784581,-0.12910212622242634,0.98307149250639014,15.758399652048162,-1.3652208337145275,0.29335387223588572,0.5962515450166421,0.4714239693757512,0.5222222222222223,True,5
0.88489637313357128,-0.44023296051851901,-0.1521622465927428,0.4657875875387657,0.83594261351031884,0.29024450074437957,-0.00057628974257870058,-0.32771159178557818,0.94477763547804983,-13.54467619836363,-15.334908682856554,-0.42497403454628491,,0.3130850843625804,0.1666666666666667,False,4
0.99523357194495099,0.068612679876125154,-0.069299620734248918,-0.059192733753243271,0.9897630572998487,0.1298665109844519,0.077500693832455628,-0.12514547760376107,0.98910679498768739,13.184935322368238,10.492768892478562,-0.67993880051571942,,0.08215064473997605,0.2352941176470588,False,2
0.66776292205496335,0.73574765284646348,0.11299589045420151,-0.73280765580071683,0.62311263817038054,0.27335614087158844,0.13071197163410944,-0.26534134898893796,0.95525302877732654,-14.54697211804443,-3.0865945258852405,-1.9487371908794067,,0.7358384725079921,0.5133689839572193,False,1
-0.052692302200079727,-0.98497401299532039,-0.1644679756449523,0.99496852595597829,-0.065836918333564157,0.075519087264918419,-0.085212403122093841,-0.15966118472638469,0.98348724061165338,10.291289404449143,18.280469665944587,-1.6683259668968387,,0.1598306931289899,0.4761904761904762,False,5
0.81476589329065185,0.57960599141502878,0.014609375280546885,-0.56663407094131479,0.79068788044365601,0.23181567110096829,0.12281029589883535,-0.19715367213247809,0.97265001968124187,-14.118277801972006,-4.7837081005551978,-1.7007126519315847,,0.1414171146259,0.2156862745098039,False,1
0.9470193505417196,0.31568530849880416,-0.059136585102243677,-0.3021211853387617,0.93807986909136476,0.1694961609448144,0.10898228786844971,-0.14264972906929646,0.9837550079808568,10.345146735187374,15.71241361077263,-1.4254964745935848,,0.1074264042179037,0.3529411764705883,False,3
-0.056641662008079699,0.99608038919409025,0.067938062880186265,-0.99261052647400849,-0.063497086091938854,0.10340436543407983,0.10731292959356886,-0.061579041246048877,0.99231646001729878,16.623163851689846,-2.8770825929118002,0.51669109853321915,0.5485324216561713,0.2625811376717341,0.56,True,5
0.3040655144891562,0.93012172930952552,0.20595565436448277,-0.94356212140122786,0.26424966937029915,0.19965629289982828,0.13128094284875921,-0.2550405475683134,0.95797684373934411,17.656031981397195,6.2148506271841892,-0.014884092298682025,,0.5378828338264082,0.2083333333333333,False,4
-0.88445527888370279,0.46414483526994815,-0.048046139771937738,-0.46511294613410614,-0.88518591304224947,0.010763210023587155,-0.037534077758804553,0.031866459542792581,0.99878712534904257,28.698507757848475,11.26052930705611,0.53334806493178066,0.5539659515637163,0.499940106662509,0.8064516129032258,True,5
0.42146260381988093,0.90670804001930383,-0.015805180977053385,-0.89119012694843869,0.4173481594679691,0.17776577684786213,0.16777792229906552,-0.060836205938980675,0.98394589527877896,-18.133595447329334,-12.948846410198165,-0.97070221506189092,,0.1441469933532936,0.32,False,2
0.56581356082761747,0.82445692900255807,0.011215462685107216,-0.8137416353561463,0.55616297949421067,0.16884102323791184,0.13296452636502309,-0.10465902951867653,0.98557948551536512,8.5590604649631334,-8.7548039570796323,0.40521318045134314,,0.07881274506366198,0.3,False,5
-0.97331370349538016,0.2293333411485631,-0.0081641426827032404,-0.22685604185436861,-0.96694445896624381,-0.11642486653909956,-0.034594376165436924,-0.11146583293599403,0.99316594646897216,7.0930976717483469,-15.819589434523872,1.2952695994808086,,0.4893890876677877,0.6470588235294118,False,4
-0.99260410739341087,0.11297457986478661,-0.044427809872908709,-0.10700454890564591,-0.98707312415912096,-0.11931753465543324,-0.05733334543899915,-0.11368109722872241,0.99186163129422689,4.9223324897732903,25.483324937705806,-2.5663431363015929,,0.1606160345274543,0.3636363636363636,False,4
0.80105701136221064,0.59641795113066087,-0.050924376447311154,-0.58291524693139141,0.79659504736330589,0.16014413948430128,0.13607894562480236,-0.098599990290855852,0.9857791651644322,-6.0980981263592975,-7.1774284683772489,-0.95706200774603389,,0.07355755189117882,0.3114754098360656,False,5
-0.96539871883381634,-0.21356591590386825,-0.14964930082752639,0.23076158278623804,-0.96691148683795713,-0.10877163477120864,-0.12146771416313004,-0.13954130637539852,0.98273791940223387,-29.167370793325041,7.4724909560714501,-3.5719251070547715,,0.2252350331943583,0.2727272727272727,False,5
0.61867010323928395,-0.77578884387593972,-0.12409259879431274,0.78448517775791282,0.60139670509941201,0.15134400871427633,-0.042782113505875657,-0.19098081791950622,0.98066101072224066,13.045936770263769,12.984237568097825,-0.94508531643376015,,0.1204417534220595,0.3888888888888889,False,5
0.30826365804302225,-0.94028249200642267,-0.14436880672820587,0.94761586553505306,0.29016799933676785,0.13351667890997471,-0.083652187754932383,-0.17796451159455606,0.98047485643270027,2.2757580731854867,-8.3248124509983707,-0.25732253160868679,0.2308739424302323,0.2447926619013531,0.3125,True,5
-0.42897015734344307,-0.89506042502779593,-0.12186648291389765,0.89550109708247339,-0.43908052418540655,0.072705422116619706,-0.11858494521999294,-0.077943112781890006,0.98988003411375125,16.414655516742968,5.0543059951173746,-0.014387000193804842,0.1392678822955153,0.1053901266645239,0.5294117647058824,True,5
-0.66979286517653924,-0.73237698622541869,-0.12248047928537051,0.73054713220847034,-0.67947684795677199,0.06791244887875024,-0.1329601646380652,-0.043990489177792996,0.99014465179655264,5.8568737848106593,22.436943421119569,-2.3059475196344126,,0.08246697500874801,0.375,False,4
-0.92515581352726117,0.3793214933374438,-0.014210045353982223,-0.3771331869881408,-0.92277974795160078,-0.079044898902759911,-0.043096171162630689,-0.067769768057969776,0.9967697720980957,-3.8758854004927565,-10.165008712802944,-0.44463857214729663,,0.112202647097571,0.2758620689655172,False,3
-0.62917640399492525,0.76102022302636907,0.15806730465504007,-0.77617550309949568,-0.62591872935441961,-0.076008766807472816,0.041093077814378445,-0.17051089228622163,0.98449854980466955,5.0974183367856689,-11.511735727773102,0.38630265509116635,,0.6306247839395696,0.1276595744680851,False,1
-0.81612551640687858,-0.5369527387768912,-0.21359049086885992,0.55895503448818817,-0.82730756782117243,-0.055959428572167499,-0.14665746107823174,-0.16505739773124684,0.97531925263693786,8.1204323087017833,14.465317679806164,-1.491594692874185,0.6771091649737417,0.436420874746095,0.3809523809523809,True,5
0.99501174975625017,-0.0030863805893613892,-0.0997100401256696,0.027705816449770465,0.96874882644314708,0.24649157997764698,0.095833217528457484,-0.24802456636366224,0.96400197556761269,-10.026865350821302,-6.9827513711536575,-1.2094132611824289,0.4312699517824521,0.1833429028700947,0.2474226804123711,True,5
0.99794477762460088,-0.0063506030655235786,-0.063764336838784852,0.01769046099155578,0.98370959323555407,0.17889238040298799,0.061589515355229843,-0.17965273729349429,0.98180019636444493,-15.005576382901214,-12.54317004618337,-0.8209126023578629,,0.1024523021109504,0.4814814814814815,False,4
0.7539358308393489,0.65691930180010494,-0.0061476742792306721,-0.64150763368503239,0.73820056651318622,0.20863336148239064,0.14159349879288757,-0.15335238675049681,0.97797460426000582,-1.5627691287688081,-11.197858204858763,-0.17355253770805629,,0.1470033129083255,0.2142857142857143,False,5
-0.98803838639492569,-0.11760329099507617,-0.099747746627378009,0.11881171245204557,-0.99289718658232584,-0.0062413028379360719,-0.098305259240412113,-0.018017847375027894,0.99499318247998381,15.516724998233505,2.4451330944166654,-0.047947164305550502,0.2261986350508337,0.2507495885027735,0.2916666666666667,True,5
-0.66511666911063205,0.74623805493360751,-0.027360223684823555,-0.74603736231640627,-0.6624566798670084,0.06767127402051025,0.032373916957277864,0.065421041481207254,0.99733245050602715,15.101970366716937,11.579832540960581,-0.62609765203446666,0.3582665827901444,0.273290192923732,0.4,True,5
-0.46825951662559662,-0.84508001558614143,-0.25801703886853844,0.86493310179857386,-0.49808535169091939,0.061658023354878105,-0.18062047088483665,-0.19429552153320306,0.96417088516998872,26.214583680472909,-7.7589580265027394,2.0955362129650936,,0.1860561467441123,0.1578947368421053,False,3
0.99533205129756297,-0.0019813270169034489,-0.096489284394887298,0.034148421467219962,0.94234122998609648,0.33290673105178914,0.090266233836814397,-0.33464769625913043,0.93801008865436752,17.683632311667854,-13.747742746303157,1.9800952774677729,,0.3940560612554396,0.1,False,3
0.25322393461407522,0.9672847917438766,-0.015419811917513543,-0.96097888673490106,0.2533437254122492,0.11106996013321301,0.11134279585279468,-0.013307458632207017,0.99369295728430895,-23.072946270700349,6.5181128878696306,-3.239683345537788,0.9193743015029195,0.4292745958409498,0.2142857142857143,True,6
-0.80583123830905057,-0.58314068365566785,-0.10287350694373144,0.5788793658671455,-0.81236635585086314,0.070424311532594389,-0.12463825712257438,-0.0028012402947437953,0.99219829566183881,2.2133135335600693,27.16663527980964,-2.8393016450804245,,0.113134689509562,0.3571428571428572,False,3
-0.185885480773747,0.97866221854005264,0.087560550705078552,-0.98039753981382272,-0.19066084124691435,0.049690115133942156,0.065324206573967772,-0.076607477554626852,0.99491911350531437,-18.555738139940011,-26.942853668659946,0.58995064274330389,,0.2826415074896652,0.5454545454545454,False,3
0.35691142010925209,-0.87699825348328864,-0.32169597694540297,0.93173743710919299,0.30954429665556688,0.1898622571687231,-0.066929713018874959,-0.36750019291868491,0.92761199955581608,4.2467159367719827,-14.136935558946355,0.73226927945960096,,0.3747291987278879,0.3174603174603174,False,2
-0.44435585342108375,-0.88003349018345445,-0.16759752887781215,0.8877403526531934,-0.45767502767427504,0.049503891913028703,-0.12027028644517981,-0.12678574525111369,0.98461181843380063,20.774973850947973,-3.0235035111724642,0.98765082690058348,,0.2699783143529726,0.2,False,6
0.76554698665102816,0.64321770262139377,-0.014449853424419415,-0.61687770972787548,0.74020691368699387,0.26749881527002428,0.18275585481844847,-0.19586911947632785,0.96344983552084684,1.2077369067370456,21.972186557895466,-2.6363395038248982,,0.6812491577412417,0.2586206896551724,False,4
-0.81600224159803925,0.57763185103536319,0.021949632717577466,-0.57803245303621786,-0.81567578894476611,-0.023483836276626174,0.004338772166078822,-0.031850463086033599,0.99948322800199985,-8.2550384092302735,-23.11211421742949,0.89505778536394409,,0.1159143151605451,0.3571428571428572,False,2
-0.61966284633813062,0.77205581206050922,0.14123660974306357,-0.78370954628778489,-0.61842150300535981,-0.057915383776563995,0.042629847824275688,-0.14657649089871214,0.98828033896779477,-3.5874351098390487,-14.044020465299978,0.10627064828797989,,0.5942938248142438,0.2,False,1
-0.37682764894547227,-0.91491953892740707,-0.14464840226940129,0.91708818411126303,-0.3904586876399273,0.080568454186573241,-0.13019287827579609,-0.10229491940154323,0.98619752783653714,12.178173317362484,12.185212256658348,-0.92504656978093047,0.712174271026689,0.2872107958035793,0.7027027027027027,True,2
0.99339788924014838,-0.059856641694944333,-0.097866317485746673,0.096829280640682719,0.89496885749004906,0.43549378242813575,0.061520111051800122,-0.44209492936241601,0.89485604952317044,29.452977865466693,-6.843374795566425,2.2933610541304268,,0.3950256777490512,0.2352941176470588,False,1
-0.55414575802065191,0.82619576306200904,0.10160236201045049,-0.83011496124131545,-0.55755605521769613,0.0063558172890590264,0.061900161478363858,-0.080819591612844799,0.99480478668957273,10.512664960341537,-10.557936529651757,0.83340416321458888,,0.1218481531881556,0.25,False,5
-0.98181824145300833,0.18123930772377539,-0.056438055298969142,-0.17783362178085552,-0.9822006083254512,-0.060474523308729086,-0.066393852986752294,-0.049338406347601504,0.99657291652174318,0.66930093318282724,32.739990819538868,-3.4894617041049525,,0.3680204712844066,0.2,False,3
-0.40982634895219089,-0.90259878800597615,-0.13174897189223109,0.90274454435988161,-0.42204442299002731,0.083251382279725589,-0.1307465155672885,-0.084817055555811899,0.98778105658787319,23.540274048624102,-1.1696305674422556,1.0931035540556626,,0.08071919995926359,0.2222222222222222,False,4
-0.90094863689445659,-0.40951232917617636,-0.14349636208184571,0.41515458093340307,-0.90969055162494461,-0.010477319042342198,-0.12624669345385553,-0.069012698375062964,0.98959538188845719,8.7096712939491603,15.020451638316061,-1.4966031672575932,,0.4901387990349892,0.4827586206896552,False,2
-0.1950181251765303,0.96739116110305123,0.16162386046720428,-0.97617647424743059,-0.20742647891936672,0.063669042469396891,0.095117937206856518,-0.14535679297096749,0.98479641589452827,23.635331671636759,-2.9691121077068749,1.2907820195683009,,0.2598809669909819,0.1111111111111111,False,1
-0.99231266071111091,0.11304443619817775,-0.050364062952384873,-0.10814183362784757,-0.98993750345472054,-0.091263810316262309,-0.060174140725419545,-0.08511577232494516,0.99455235060276526,-23.283202015796597,-19.213215640893022,-0.63131963992011331,,0.186566683901104,0.2,False,1
-0.98862997896649707,0.14058838854976033,-0.053344818808253508,-0.13691666061522911,-0.98830174941949811,-0.067182439225845714,-0.062165848620266903,-0.059114779026415314,0.99631363042266008,14.378040936244922,2.9410040914220628,-0.18304119592543069,0.5872534422325278,0.2834397158995915,0.1363636363636364,True,5
0.12050649665301165,-0.95844509230387565,-0.25857530683155477,0.98429747752773056,0.081517149262235411,0.15656765345595983,-0.12898317718588248,-0.27338244167241876,0.95321843277827045,-10.017675334936801,-9.7853137712729747,-0.86160715455459758,,0.3525723672464375,0.3823529411764706,False,2
-0.21991234568099075,0.96728661874553645,0.12647196295192309,-0.97086958795543854,-0.22966040640127067,0.068325258249357729,0.095135710436841811,-0.10776221474817334,0.98961431965804092,11.558553020862766,-8.0043733427133503,0.59057705026950813,,0.1624429126721871,0.4285714285714285,False,4
0.75460408801992751,-0.61190318300639812,-0.23695393005867754,0.65565392623289487,0.68865893144734092,0.30962365082983823,-0.026279257200382787,-0.38900304724313706,0.92086156933414853,-11.636924444244992,-20.325753791569497,0.32882153742331477,,0.5547451741025677,0.3548387096774194,False,2
0.69834040598060354,-0.67501027769789024,-0.23807940351291007,0.7153837474990421,0.66909188466087621,0.20135079760255117,0.023383138991000502,-0.31092953362968606,0.95014528043228919,-29.739718494365153,19.221277126264024,-4.5463176393577163,,0.2482842070215531,0.2413793103448276,False,2
-0.50761709966823643,-0.84287885766073523,-0.17855002501523906,0.85442218559648664,-0.51913256192489976,0.021543256713282152,-0.11084948752669913,-0.14162137712162326,0.98369496118321376,-14.746930237973594,-0.70264433893685185,-2.2346421496267874,,0.4263956495328677,0.2580645161290323,False,4
0.88927281271635261,-0.41392613961002728,-0.19457393327752304,0.45736888305467649,0.80733594263629027,0.37285705108109424,0.0027512500546836433,-0.4205637010907054,0.90725884065575435,10.891874213855242,3.4527501369104105,-0.5629166158844402,,0.3511427223865409,0.3333333333333333,False,2
-0.88394914157404836,-0.44936703856166488,-0.12924078212709184,0.45318392856977674,-0.89141702206930862,-0.00014018255977339689,-0.11514443971189708,-0.058693759629161395,0.99161323134780122,-17.478432018468045,-35.341576743196121,1.6575428888824129,,0.4248078949108837,0.5333333333333333,False,1
-0.83207598525987558,-0.51680400361532297,-0.20140302033728469,0.53492560266347999,-0.84369745917666805,-0.045046609128187906,-0.14664294858233179,-0.14521783370512059,0.97847208769850558,15.550429574976606,22.474917231079857,-1.4940180157160519,,0.3647734630797002,0.1666666666666667,False,2
0.90338534377962942,-0.3890700392629447,-0.18033143151456438,0.42845916269095952,0.83639604041745363,0.3418543688183141,0.017823202583242145,-0.38609088065109309,0.92228854775918201,-28.643963474088427,-25.03195273253057,-0.36085196404642639,,0.3384912454939757,0.2727272727272727,False,1
0.29314729377290544,-0.94705994589826525,-0.13092793066720496,0.95299030294660858,0.27847279537947939,0.11942522649453106,-0.076642981696651444,-0.15978223026580024,0.98417249110505711,12.581641376118309,15.149528616090723,-1.169104831150922,,0.09318630179190135,0.4666666666666667,False,3
0.33239356167449541,-0.93021128929359642,-0.15563250761999831,0.94029396124628639,0.314035673539939,0.13125876042415249,-0.073224221410074286,-0.1899698739670643,0.97905549402668024,22.641438925650991,-3.4066638939008174,1.2354658238311602,,0.1698918562701899,0.303030303030303,False,3
-0.073810013919014969,-0.9844143576207518,-0.15962598270769476,0.99196223143206985,-0.088966099270623766,0.089977578278580425,-0.10277652094512328,-0.15170169969612063,0.98306845186473368,9.5902439830633579,12.261838743444669,-1.1334768362523839,0.468149852351752,0.2205312896534438,0.1363636363636364,True,5
-0.73529061506936699,-0.65534697894722249,-0.17282375003355399,0.67205528407187987,-0.73799952206011998,-0.060814476813494528,-0.087689261269420921,-0.16086342848448396,0.98307352259850855,17.223044977676853,14.346517106873028,-0.70431828202791291,,0.2694770604968416,0.2142857142857143,False,2
-0.82247874701991019,-0.53895270320399513,-0.18182050052088852,0.55192517975249078,-0.83348656832799795,-0.026052569393445704,-0.13750384233082691,-0.12177899706404964,0.98298655597029161,15.690712986779854,10.201890174733315,-0.47959303599530628,,0.1668082838581232,0.4615384615384616,False,4
-0.88130296387932749,-0.44677061593276762,-0.15395162420893369,0.45568706511141543,-0.88974411889522842,-0.026546215954417113,-0.12511748298162784,-0.09354902260531299,0.9877217198289876,18.024839228833219,5.2163856234781187,0.10438844160254036,,0.2641522498089643,0.2666666666666667,False,3
-0.76625398543236767,-0.62393864936409049,-0.15347765843512234,0.63028779659878187,-0.77630739610700727,0.0091717069409996549,-0.12486842382150098,-0.089707238165454978,0.98810955270813006,10.456641990817403,14.334767439619498,-1.2780276431681092,,0.1278517422745425,0.3636363636363636,False,3
-0.37117923615161735,-0.88680819389536203,-0.27531291631514132,0.91847406418367394,-0.39422222746903079,0.031531393741487515,-0.13649676945564182,-0.24116397452646621,0.96083743126440069,17.052790486086227,3.9510528386135593,0.10331030700285945,,0.2879601555461562,0.4897959183673469,False,3
-0.71337300360174472,0.69836037103354753,0.058238731975464739,-0.70010356530702489,-0.71387724636092664,-0.015306043660330323,0.03088617128451291,-0.051692062234212501,0.9981853410691609,2.4721395842475644,-16.304282234287914,0.89786009619273155,,0.7339822492079291,0.25,False,2
-0.38453269570397941,-0.87746763675559381,-0.28667952905846505,0.91076048186741865,-0.41126041079884346,0.037151301164199721,-0.15049900532314897,-0.24681049604123234,0.95730592207539544,5.7203734576219816,26.691138557919324,-2.5802184860847239,,0.375297326250938,0.5,False,3
-0.97815385029542801,0.20719438685525468,-0.016897668712153473,-0.20651860189750731,-0.97781691808798543,-0.034987737440625929,-0.023772089149452794,-0.030733707172912558,0.99924487840612997,6.3162991719375778,23.59252677316756,-2.373889463657918,,0.3985019248946354,0.3076923076923077,False,2
0.26324758479504368,-0.92301056296699868,-0.28062824118559598,0.96066862400292408,0.22414609541614935,0.16393389755027432,-0.088410994542000243,-0.31274594891227492,0.94571320572521134,-19.509604429981678,6.511976978501214,-3.126082352488516,,0.5892306655930525,0.2473118279569892,False,1
-0.24464772441122506,-0.91404170961985931,-0.32353553748485409,0.95141834516788448,-0.29063495881795498,0.10165851263366771,-0.18695085829814526,-0.28294712189398552,0.94073923209011345,17.114037172614474,12.201379095937009,-0.54898498974969279,,0.6754731598270269,0.1666666666666667,False,2
0.38063810562362438,0.92405096822301647,0.035276630697425052,-0.9161366203523289,0.37164193271262519,0.15025300895168714,0.12573116318824756,-0.089510233916176005,0.98801801229916841,13.462839491023413,9.7021681609505954,-0.63392859010766178,0.3855176632737675,0.3008893904060635,0.2,True,4
-0.68779097984620363,0.72115857610820289,0.082908842398078927,-0.72374451690272634,-0.69006601625139496,-0.0016635709091843004,0.056012876157534655,-0.061149009154033387,0.99655574675180181,-4.8689825519375889,-25.789266323266705,1.4952371903714867,,0.3269449084836493,0.4117647058823529,False,2
