axis_00,axis_01,axis_02,axis_10,axis_11,axis_12,axis_20,axis_21,axis_22,location_x,location_y,location_z,dbh,dbh_approximation,score,reconstructed,number_clusters
0.45134040241240225,0.84798212095089653,0.27788156415607912,-0.89234806242504261,0.42980535541453935,0.13777623867435576,-0.0026031973575346623,-0.31015105836446838,0.95068372467341478,-13.215996682629632,11.08700961218166,-1.8339920498962639,,0.427011909706328,0.2340425531914894,False,1
-0.076852678391318319,0.99624557886806697,0.039854891919413757,-0.99676590894024419,-0.075828535108834444,-0.026603684665367732,-0.023481665158302755,-0.041770561991381266,0.99885125596973423,-20.68450253402062,-25.152537594272456,-3.0517355302248106,0.4611533260210136,0.4828277223096356,0.9117647058823529,True,4
-0.42162649241299938,0.88935679076467322,0.17684908712309411,-0.90673513370440773,-0.41181386450979324,-0.09077851234493213,-0.0079055804062896692,-0.1986299064045251,0.98004268380523551,4.2187866529860907,-13.852288523322239,-3.1526619730007877,,0.4894697147238188,0.2564102564102564,False,2
-0.77016202886716745,-0.63432579956775037,-0.066941984538420735,0.63765438461007118,-0.76826364675712877,-0.05628369976279507,-0.01572689030798026,-0.086033418356888353,0.99616811625702462,-1.2236350046231173,-14.733814915784263,-2.9035654480130608,0.1864806970077837,0.1366245260961521,0.3529411764705883,True,8
-0.16053284674379259,0.96392442060325567,0.21231796080645499,-0.98702843939340468,-0.1572138882883484,-0.032536950654270411,0.0020161708642216212,-0.21478711482287766,0.97665880959581275,1.8138826549708078,9.1913837560546412,-1.8939016295953877,0.5854262408798461,0.5285456225232669,0.5,True,5
-0.75587853700397967,-0.62946680575382385,-0.1800532636493985,0.65453131206665205,-0.73299052937685061,-0.18523942714268543,-0.015375266535227907,-0.2578690060823921,0.96605754325560189,-0.78378569880124793,16.857048925201717,-1.6265075738163055,,0.3921887837670463,0.282051282051282,False,5
-0.20072105310382857,0.97829882837247506,0.051404875701929531,-0.97941862528123724,-0.19926099761248842,-0.032159155503299071,-0.021218277335813288,-0.056801912252288735,0.99815997088211372,-16.869386363017309,13.562210772437998,-1.7913857353089253,,0.07448197382928778,0.2352941176470588,False,1
-0.46510908443031157,-0.88061216854257574,-0.090530371672380872,0.88525301740042162,-0.46257838504521936,-0.048459600415248653,0.00079672068262541355,-0.10268128507035187,0.99471398850747794,7.0279784513502239,3.2593951465770408,-2.1636349571578344,,0.08628601015620668,0.1428571428571428,False,5
0.14178332647380507,0.98413060775121197,0.10669786886930645,-0.98982063427462641,0.14229142028846303,0.0028746611047640105,-0.012353149323055614,-0.10601933125388616,0.99428733327055929,-11.593985881546875,-19.553507743749389,-2.9440158271145678,,0.1533152473128056,0.3571428571428572,False,1
0.65595627935244805,0.75435328623075937,0.025932202585716317,-0.75453845964570165,0.65444041169208955,0.048779713609037809,0.01982605592609412,-0.051564203641109092,0.9984728641326579,23.263739890570321,-6.9961273070338326,-3.2854773647856312,0.2702010064152039,0.1862699494766178,0.1764705882352941,True,6
-0.47295877565450101,-0.87434858388106251,-0.10874074855626022,0.88098982933330217,-0.47110220599970848,-0.043813606488019109,-0.012919641739392156,-0.11652152319373686,0.99310413224894856,11.089320019961177,3.1533843015768444,-2.2831278593183351,0.1117252558816782,0.1286699040704046,0.2380952380952381,True,5
0.92701915225027842,0.37492367744589133,-0.0082296689863245315,-0.37399542465544638,0.9258949786263122,0.05334707950181608,0.027620892418013777,-0.046375905867487521,0.99854211811871152,-11.558029478988383,6.3725399279061312,-1.9328230347619857,0.1442645478456822,0.1259581510026396,0.4900398406374502,True,4
0.98939306036113717,-0.14235090144269147,-0.028941198449195231,0.14289262033112046,0.98958186402212311,0.017590720661927,0.026135630165136915,-0.021539620631590303,0.99942632223637085,-16.339229451361373,-2.0819626797531421,-2.2111469242312896,,0.3805981959821478,0.9479166666666666,True,5
0.23049705147145397,0.93819038537525168,0.25820517046024166,-0.97305428169266561,0.22387683027166141,0.055177257516874544,-0.0060393826286868554,-0.26396584183744348,0.96451312080267404,-2.6319955160648827,8.9818655814554003,-1.8583730155442431,,0.3215842170521139,0.1935483870967742,False,3
-0.61913155131583175,-0.77368138845179224,-0.13451108254920438,0.78512403804202391,-0.61334695772450309,-0.085940411557564614,-0.016011466323808933,-0.15881630462079135,0.98717830929004813,8.465790148052978,4.3911833964834441,-2.174086913008427,0.2563880558078071,0.2058350309104912,0.4222222222222222,True,5
0.94129888354979707,-0.33067733220690709,-0.067888981377154364,0.33597524379531907,0.93725087238581894,0.093174233394734254,0.032818400091728116,-0.11051381893927692,0.99333259708864641,-2.2011801297241225,-9.5240926930640057,-2.6744421474275417,0.6251740619388616,0.3308846517422431,0.3076923076923077,True,5
-0.97845784376610834,-0.20303048644814961,-0.037401464479418042,0.20560808529198854,-0.97467069541439788,-0.087990628836119023,-0.018589331218195462,-0.093785164461342468,0.99541889659169047,-15.332291586581222,-3.3406705749680721,-2.2441978203408772,,0.1562825035615826,0.7403846153846154,True,4
0.79804509869046447,0.59508087286433198,0.09488295530363211,-0.60238308744515179,0.78360729486820524,0.15196783669375391,0.016082176972443317,-0.17843307479376547,0.98382061444323732,-17.787289328092868,-13.14569904872068,-2.5915558381741204,,0.4383574597732453,0.5208333333333334,False,2
0.29457960826108165,0.95383330394617338,0.058522497211536628,-0.95550077602038552,0.29498297940386969,0.0018190344848228422,-0.015528084916963142,-0.056454141966226619,0.99828443263113575,-1.0849783102568513,-11.558562332267064,-2.7892231614653524,,0.08700098196136213,0.2307692307692308,False,4
0.9764317570386577,-0.20651535808345967,-0.062709096007352763,0.2116835876009176,0.97302860834830152,0.091680892644929998,0.042084232044835579,-0.10279462151020836,0.99381194559220742,-6.3795695727385082,6.5341944920850592,-1.8945891059612674,,0.1670777803118173,0.1111111111111111,False,3
0.87215993931377522,0.48868752964148826,0.022837220257476844,-0.48893596187724242,0.86910897869527504,0.074774382875612388,0.016693275273735084,-0.076381159484211106,0.99693894147860418,-4.7245229736118981,-10.384362155989049,-2.700872942219338,0.3062200054885568,0.1421626349176927,0.4,True,5
-0.8344141628334304,-0.54562500681783599,-0.077758323014471484,0.55094986983245686,-0.82947111581862676,-0.091825426512500002,-0.014396033988065318,-0.11946137433346352,0.99273447318393049,10.835728262278227,0.25701627231099161,-2.3339501321953677,,0.1095252346781731,0.3529411764705883,False,5
-0.33754713532983094,0.94130723436048436,-0.0016192502093439788,-0.94099742934814656,-0.33747927221293861,-0.025131231302994994,-0.024202673216075912,-0.0069592648491732054,0.9996828493287031,-18.609836702040056,12.696118022766521,-1.8166548837524794,,0.08964050797772716,0.1666666666666667,False,1
-0.21389130517605201,0.96057253386770369,0.17762577726519349,-0.9768478647358616,-0.21112971717237361,-0.034532472945053752,0.0043311350789751301,-0.18089955695272633,0.98349203940003238,-8.9136081503387512,-14.897881264922086,-2.7717738524262847,,0.3954488816708234,0.32,False,3
-0.41140410390234544,0.90871531825370611,0.070591314362129745,-0.91119038014033604,-0.40819090775502259,-0.055787758207692578,-0.021880457765266273,-0.087273439242391476,0.99594407090498116,-6.7143598697512026,-12.943624692114271,-2.7326847109328147,0.07466459332124599,0.08814686918699774,0.3513513513513514,True,4
-0.9380985107625166,-0.33149305156002923,-0.10041683560324063,0.34584036128643164,-0.91244556313788105,-0.2187179435146219,-0.019121417583926784,-0.23990717179237203,0.97060750064697443,-10.496230637432728,-14.78668880585785,-2.7374413724330702,,0.6003093535920714,0.4193548387096774,False,1
0.17731531017094396,-0.97156473466496762,-0.1569115901849602,0.98392421352991843,0.17845208131047435,0.0069279654654943595,0.02127023292099128,-0.15561754731183355,0.98758835359684938,-11.348231494657027,-13.498792708176476,-2.679104605578138,,0.688901389175767,0.4850746268656717,False,3
0.79023562090828336,0.60529115701410774,0.095657089064126788,-0.61270648508775893,0.77765349753083923,0.14087512523315238,0.010882397672544954,-0.16993426087336022,0.98539531174159789,-4.8818387231286966,-18.137922650374417,-3.0961119749755972,,0.2418224664552487,0.1666666666666667,False,1
-0.15694961784814568,-0.98509128981671834,-0.070441239232101868,0.98757119886391243,-0.15594027289378939,-0.019640734820884027,0.0083632907288221196,-0.072648344902301057,0.99732255231251066,12.35031521239083,2.0378720130629442,-2.3644796617843995,0.362772576768463,0.2947727335758854,0.5806451612903226,True,5
-0.76710416486530242,-0.6383088268370718,-0.064133001085150576,0.64152256405567298,-0.76326017827231341,-0.07669876186191496,7.3308625443847114e-06,-0.099978706961018043,0.99498957688041156,-3.7907753988107138,-19.743078380653959,-3.1641923325698382,,0.1361867903170739,0.3571428571428572,False,4
0.98203994403697759,-0.17981747115963892,-0.057124647759108735,0.18598542523427752,0.97353635390558269,0.13280206784778975,0.031732789292383094,-0.14104128718207451,0.9894950153455796,-3.0389152333226344,-15.23090591228306,-2.8749630458778337,,0.2784371119682564,0.1923076923076923,False,5
-0.79266935348292666,0.60898648607851602,0.028473774296710636,-0.60871459193473931,-0.78799841386240044,-0.092331171963017711,-0.033791146986785404,-0.090520492288110252,0.99532115362893547,-5.7997661271502183,-14.201848381087055,-2.7619638244328382,,0.09600409669298915,0.3103448275862069,False,4
-0.96599480735091325,-0.25314121194123518,-0.0526645895075145,0.2585400597126512,-0.94828719227727243,-0.18414244075352715,-0.0033271150943510776,-0.19149654769684543,0.98148764766824204,-10.383342106251302,16.220003815250042,-1.6740031137881752,,0.2370129183165273,0.1666666666666667,False,3
0.049849102450591994,-0.9914049289419069,-0.12096005065541979,0.99858756887869493,0.051702928146606743,-0.01223415309711734,0.018382988489559111,-0.12017934136430503,0.9925819823286306,-14.181308584916007,-7.5256733979293138,-2.4840134797125484,,0.1720066370254987,0.5892857142857143,True,3
-0.99115724620923351,0.13201607097706666,-0.013381714789531344,-0.13045990037132571,-0.98793411354379745,-0.083464972842121857,-0.024238970317116058,-0.080981135458886147,0.99642085888331189,4.3504530773199024,-10.822694319713586,-2.7887534256021453,0.2241693137558548,0.1551782701005443,0.515625,True,5
-0.28661568435378887,-0.91919373510351987,-0.27006356072015325,0.95804075553867118,-0.27409087783082664,-0.083857625871579258,0.0030594459139049613,-0.2827668085832663,0.95918380498960309,-15.475962984187911,7.285981351769979,-1.9145638858592828,,0.3318214380691659,0.2083333333333333,False,2
-0.95891817254570832,0.2836421836521229,-0.0048010430798605744,-0.28198886385241972,-0.9549024118406565,-0.092971310220512832,-0.030955113064254955,-0.087798038212437882,0.9956572128304132,-14.886753604398884,-11.690094434358725,-2.6006241669296259,,0.09066208489621885,0.3571428571428572,False,4
0.068250807351092249,-0.98472441133529898,-0.16018633217685957,0.99753996151656033,0.069930894143748479,-0.0048677738030119405,0.015995389131419603,-0.15946003814312523,0.98707479137192533,-8.1386158941022302,-12.720903977411478,-2.7063859319088874,,0.08668753961518512,0.4285714285714285,False,4
-0.69011990742828622,-0.72024105136698391,-0.070621110844802451,0.72351508831856326,-0.68447932468850869,-0.089520785571527123,0.016137854459432343,-0.11287551550156213,0.99347807608104843,8.2424262980215115,-22.926291391457809,-3.7218800009583513,0.6110829678637538,0.551851694613205,0.7804878048780488,True,5
-0.37258010341564224,0.92650377253622007,0.052676617345283852,-0.92783718859634856,-0.37085073298840354,-0.039848278502183337,-0.017384418207498656,-0.063722000267692605,0.99781625998250345,-3.5774140398130831,-18.249281818687308,-3.1320564133387716,,0.1102506982200382,0.2631578947368421,False,4
-0.031271131073985069,0.99130423809677259,0.12782027966144643,-0.99936511313166299,-0.02882543723355421,-0.020939551657863344,-0.017072990853729857,-0.12839393170890581,0.99157627607947396,-13.971277350263858,13.533720654662302,-1.7803041408840266,,0.07821560990210069,0.2439024390243902,False,1
-0.93511713913813233,-0.3380783453265031,-0.10610828672355442,0.35318315367953745,-0.9134602148024682,-0.20211901427130505,-0.028593636478953233,-0.22648061372735981,0.97359587897576227,-9.626761365021574,6.0221483583435846,-1.947728317611753,,0.540760474189437,0.3401253918495298,True,4
-0.88704517236821445,0.46167976974526881,0.0016286148103482612,-0.4606482952491287,-0.88481634492587991,-0.070022737993296294,-0.0308870565498938,-0.062863550328962237,0.99754406608315893,-18.751698617624832,-23.665083323233709,-3.0355808509521314,,0.08485107655033267,0.1818181818181818,False,1
0.48258804341707173,-0.85673866967959023,-0.18195502803310537,0.87503835512286288,0.48055079287581642,0.058127553967959988,0.037638509730811599,-0.18726929097444101,0.98158726318304146,-4.9291937135841959,-8.9861099176045087,-2.6402336233295984,,0.301062972602669,0.4173913043478261,False,5
0.97352813096389446,0.22822735269192754,-0.012460084477226905,-0.22750794360624665,0.97281769091257408,0.043195785021032412,0.021979850272511352,-0.039217543660469902,0.99898892408836859,-11.806616245650083,11.814510367483047,-1.8194369405851931,,0.1212309521685954,0.2,False,1
0.60225676026516917,0.77845416119567601,0.17690651099390756,-0.79828122141099667,0.58565124492432752,0.14056923867315754,0.0058211903824264485,-0.22587991994801182,0.97413776002514663,8.2986087437428626,7.0632452533699386,-2.088697050265337,,0.2788498445126864,0.6,False,2
-0.095052650405101843,0.98714418429357864,0.12849650993832429,-0.99539604064769405,-0.095847390477256947,1.2624703357687339e-06,0.012317301403273102,-0.12790479722850356,0.9917099610935024,4.8086975967554864,1.7320596791243976,-2.1058463066050841,,0.08081752160747994,0.2325581395348837,False,5
-0.9279570440999515,0.37268503847513756,0.0012595245394882819,-0.37131172649525301,-0.92423695872832368,-0.088958675168488779,-0.031989468148045166,-0.083017505487719134,0.99603452134461767,-16.783209944746009,-22.142000308282153,-2.9640130026830729,,0.08618674788565862,0.5263157894736842,False,2
0.89124933515308824,0.45323916837757788,0.015775894192805555,-0.45307817286157565,0.88833062712132738,0.074758719856939132,0.019869370035236738,-0.073776372685526725,0.99707685509582056,-1.9686883301704592,6.5978786100452442,-1.8861450155573025,,0.08254740384656065,0.3432835820895522,False,5
0.69144411318337484,0.72229775938873975,0.013819736830393265,-0.72240182922764684,0.69112187959843296,0.022048688597689197,0.0063745958777938865,-0.025228839100006391,0.99966137777002262,1.2557539962838278,-14.495316997578319,-3.0584912549636933,,0.1270923906985822,0.3636363636363636,False,5
0.96600186621858142,0.25842049804760042,0.0076967948553647164,-0.25825379353459499,0.96313470045700333,0.075342729580142792,0.012057055494865503,-0.074768943849875522,0.99712799200923308,-3.7796228971732329,-5.830953595825779,-2.3739911338643238,0.5625335887272191,0.2932156588484554,0.527027027027027,True,6
0.78327753434605607,-0.6181485807321867,-0.066095660429005831,0.6209109414720283,0.78314412922738341,0.033983460933265708,0.030755600288116695,-0.067658000232543383,0.99723441981083416,-9.6142631244913037,-25.117953413819102,-3.415115999610931,,0.1559849133884816,0.2222222222222222,False,1
0.87523518908530273,-0.45552006543059548,-0.16268015790784135,0.47450117170210665,0.87384918052848104,0.1060011685927546,0.093872263422920016,-0.16996787837649716,0.9809683575325201,-14.673989012244244,13.599913720879613,-1.7809437910759101,,0.1927630062310923,0.375,False,2
-0.049734322141427208,-0.98758877189644223,-0.14897957855091765,0.99851363357965861,-0.045836082744667286,-0.029488592271769139,0.022293962336905872,-0.1502247354555844,0.9884004796137138,3.5512660469700279,13.312795315875295,-1.756105759583876,,0.25669263242249,0.1333333333333333,False,3
-0.22484830297720224,0.96084513904937863,0.16192547487486847,-0.97415057865133003,-0.217953856017993,-0.05938658737598676,-0.02176903216842585,-0.17109276843884258,0.98501440285225361,-4.8688664755379651,13.795662534467533,-1.7412527447763912,,0.2539933776336478,0.2307692307692308,False,1
-0.42300724944653406,0.89337308276708627,0.1514906000480219,-0.90551513459151312,-0.41063301214842074,-0.10687782913040467,-0.03327473427979262,-0.18238712761910286,0.98266358828312228,-7.158066199773077,19.246413189538242,-1.5783434935243217,,0.5088383423898495,0.1666666666666667,False,3
0.099922461906794546,-0.99107993758944013,-0.0881819647898366,0.99481648953621626,0.10119116602863823,-0.010024972049995452,0.018858784513425268,-0.086723152764849126,0.99605393479530036,-3.4621704825996673,-12.523215406302667,-2.7930581364953868,,0.07140304374756073,0.2727272727272727,False,5
-0.9495470674404225,0.31339293719624112,0.012051291665499208,-0.31243669408507424,-0.94191075239144384,-0.12323735926485187,-0.027270476792381232,-0.12078493881646542,0.99230404597110222,-3.9681490164309849,-8.1424705721093265,-2.5945214995042956,,0.1176622744779311,0.2093023255813954,False,3
0.72926082997291575,0.67826487469382579,0.090196461259759678,-0.68422023600207094,0.72199118147824748,0.10281732593738885,0.0046163310631864209,-0.13669489245840033,0.99060244087287697,4.5901201543499797,-16.120322949831362,-3.2809817125292948,,0.2215919944751374,0.125,False,5
0.32864007749195312,-0.8911099929131896,-0.31291960628304943,0.9441497698391681,0.31840341762678437,0.08485561711654542,0.024018983715581574,-0.32332993083511308,0.94598141855293971,-13.131053662508485,2.7180928135637896,-2.0537848358924125,,0.281643017873861,0.3087774294670846,False,1
-0.95639800996027424,0.29203816428722967,-0.0040690470347784467,-0.29052679108246965,-0.95269240036105585,-0.089282551249455527,-0.029950462556516635,-0.084207487161377673,0.99599802655357528,-15.693607483377644,-17.267220751635826,-2.7664566107898838,,0.09419033551529986,0.2916666666666667,False,1
0.87606720844006369,-0.45548483592395961,-0.15823972490925703,0.4784133412476772,0.86205702206480972,0.16726734775497937,0.060223925580016158,-0.22224143392282908,0.97312991107850388,-9.8327452553940304,13.293325217820749,-1.7813368701271755,,0.5018670135825724,0.2307692307692308,False,3
-0.8487321453241693,-0.52697279847382406,-0.044197456511647554,0.52854795090915385,-0.84262770253298058,-0.10303212369802169,0.017053125319636795,-0.11080715045815492,0.99369561049859523,-6.0435382344928152,-10.826928300935077,-2.6913809777061228,1.152422481122657,0.8432897372028436,0.5172413793103449,True,4
0.029928776721461055,0.97698654389023287,0.21119081746462062,-0.99948127706837364,0.031765004760945112,-0.0053067186009648527,-0.011893069987586236,-0.21092244434852098,0.97743044630107323,-11.154542284309461,-9.4139903809751448,-2.5917654728723227,,0.2218792362618449,0.3541666666666667,False,5
0.94384071750612497,-0.30194486075002663,-0.13414171999855468,0.32909917351409446,0.89515650547937697,0.30064691032886087,0.029299043838725617,-0.32790872474607508,0.94425496253159258,-31.297168947466112,2.711859903825907,-2.1525738277093733,,0.2247408510021153,0.1875,False,2
0.83187645747856886,0.55410169452488722,0.030868618653162351,-0.55485750374311738,0.8315073634035326,0.026993613053111102,-0.010710276974122175,-0.039583035891061227,0.99915888287938659,-19.44932696320442,-10.581763303983401,-2.5210525965897701,,0.1206181294252173,0.28,False,2
0.3872214714199142,-0.90837323016831184,-0.15785311775503172,0.92164232772342125,0.3860407116090207,0.039344487910693483,0.025198250335100269,-0.16071914538718859,0.98667847067120173,-19.992379299793267,-7.7286231382904749,-2.443907751877771,,0.5922548233822262,0.7714285714285715,False,1
0.27212201764967353,-0.96025627502026134,-0.06210872559054971,0.96175198712986842,0.2735131739283127,-0.014955231172045346,0.031348409242249041,-0.055663542573860643,0.99795733739780068,15.11135645758416,-4.4911174804809688,-2.8007358250854706,,0.09687626049981105,0.2,True,5
-0.9559716866771224,-0.28406651767712132,-0.073650171802176076,0.29297701138880194,-0.9382324446355671,-0.18407702363644501,-0.016810861649011088,-0.19755022998711025,0.98014861197813075,-14.528625610241072,6.6890568516776323,-1.9364775719512146,,0.1625619548464227,0.5126903553299492,True,3
-0.92309371453959721,0.38457031855750717,-0.0019142262319635402,-0.38325363524717293,-0.92032273092869354,-0.078247824287832279,-0.031853496626219509,-0.071496440614411252,0.99693210086352146,5.6807807251891793,13.464802834927427,-1.7805311367330874,,0.07458133128772557,0.5,False,5
-0.57509010150603035,-0.81405992416445783,-0.081103729995236754,0.81808402840684102,-0.57187156150239737,-0.060839457677106537,0.0031460475867872151,-0.1013378360444231,0.99484709647785297,15.897532672391399,3.1393740538991901,-2.4219631014537426,0.1907388682647224,0.146094490341437,0.2777777777777778,True,5
-0.9782357798061847,-0.20444705045994763,-0.035442385151277456,0.20627843626777229,-0.97668198591592581,-0.059510546277482118,-0.022449183457455363,-0.065526345431050459,0.99759828198355616,-9.4333411665881517,-14.463720040186914,-2.728108152271854,,0.1081578984748719,0.125,False,1
-0.89280794658610907,-0.43675304000265508,-0.11018508320609562,0.45031950549422201,-0.87105669378505635,-0.19614428154724681,-0.010310843037036232,-0.22473766542501383,0.97436475113541543,8.007096803539163,-13.497680961883486,-3.168624144272401,,0.2601031815037417,0.1481481481481481,False,5
0.067432378534996756,-0.98538490235638676,-0.15642719882810527,0.99741913176818431,0.062703508749250153,0.034976357347992641,-0.024656640239795014,-0.15838201980852301,0.98707000050323601,-0.81719424087585835,13.595989718677464,-1.7339920320735283,,0.2704584370276165,0.55,False,3
-0.79336065264125544,-0.6005578077461452,-0.099544936565278755,0.60842029961495969,-0.78765191277164426,-0.097104084999614565,-0.020090143281809962,-0.13760372037962523,0.99028359689565826,9.0722801505706911,-12.979207488358899,-3.1472042532508135,,0.3386604179911202,0.2916666666666667,False,3
0.8388191624506528,0.54423969397107674,0.013622342377641804,-0.54405522793158101,0.837106448070429,0.057067535072273592,0.019655067181270865,-0.055280648559677729,0.99827738040532654,5.1223180624660074,7.8957483204157155,-1.9773793387712586,,0.1576169389412904,0.4117647058823529,False,5
0.21971122431463594,0.9747337869991527,0.040261922364118567,-0.97552408308290728,0.21989260370995023,-7.8478735241391956e-05,-0.0089297948138146524,-0.039259232238409408,0.99918915699112443,-2.6430151909496917,4.2346140182213992,-1.9980949158118653,,0.1468253231257317,0.4090909090909091,False,2
0.97949676308823164,-0.19751944396493526,-0.039650477367347989,0.19935044210617864,0.97868977339055063,0.049251687207881409,0.029077350837841319,-0.056146208389655769,0.99799905358257601,-20.364073830748733,-26.016196779044215,-3.1042615954148616,,0.1835910584579617,0.4615384615384616,False,1
-0.29576540665682804,0.95516732927879211,-0.013349056279001289,-0.95507731958533082,-0.29595351627457861,-0.015454119787674183,-0.018711970468664962,0.0081785868664175018,0.99979146469553726,-0.89899918043722538,3.3096602174794501,-2.0375764504689546,,0.1194952939986201,0.5766423357664233,False,5
-0.73128673521263765,-0.6801977816780802,-0.050504343399944175,0.68202086610253088,-0.7301167864745689,-0.042154671257190142,-0.0082005550296658843,-0.065272167945202172,0.99783380128603494,-15.299397189675775,17.314675972493362,-1.6520610209317457,,0.1187937484524164,0.2777777777777778,False,1
0.99040071451779255,0.1361441266136596,-0.023899821573622946,-0.13621581111808989,0.99067821273135293,-0.0013898276346258343,0.023487815651695339,0.0046320198636186699,0.99971339238198476,1.6658601337616756,4.5672580437772288,-2.018743262024504,,0.07970446450858579,0.4,False,5
0.45647262024442392,0.8818908196117422,0.11790389837371057,-0.88969749734168369,0.45368258765081831,0.05109278702909914,-0.0084326858789636819,-0.12822126168068171,0.99170973468141344,15.094975882798526,-13.088383130874009,-3.340914536888679,0.5684009770577889,0.53006417220507,0.1,True,4
-0.92579570652541188,0.37480717077831222,0.049212747457034911,-0.37648227604622309,-0.90242651795870665,-0.2094933781960156,-0.034108732051606368,-0.21247579725248816,0.97657085251391285,-1.8622530846650949,-12.63350111523031,-2.834406691765003,,0.1074356398035943,0.2857142857142857,False,5
0.4325361973462809,0.90011057653482163,0.052090190970765816,-0.90161507551891229,0.43170783942458352,0.026806659179842519,0.0016412136501372668,-0.058560151891108435,0.99828253266710298,-0.47023372403858765,12.533030006693638,-1.7640757439651309,,0.784367060952835,0.6129032258064516,False,2
0.15330943985388126,0.98514543983238101,0.07736070080572649,-0.98811939594397369,0.15368408802220346,0.0011226967975939244,-0.010783089121622557,-0.076613728967121819,0.9970025383732718,-13.876184978070434,8.4854881626863019,-1.8779776489569096,,0.1015318154363179,0.1971830985915493,False,3
0.81142262816593524,-0.58289920857906041,-0.042682913890593838,0.58386372995447433,0.81172810652578087,0.014164247940481222,0.026390591958790597,-0.036414196599346971,0.9989882596617885,-12.810391509803223,-19.07050093930436,-2.9087911419353776,0.4552046846459502,0.4050275252676225,0.9230769230769231,True,4
-0.23679902867605226,0.97153874419633712,-0.0062200115338501196,-0.97133393056633133,-0.23687709468869092,-0.019990931504177543,-0.020895342749952219,0.0013078750888238233,0.99978081303559385,1.6730376563625216,-5.4193716821717608,-2.3653191977934696,0.3322815911879997,0.2723702221335739,0.8090452261306532,True,5
0.002298351529062144,0.99928262035161175,0.037801616942459502,-0.99965795121479095,0.0032807360052949331,-0.025946432207709643,-0.026051835891057053,-0.037729052923167132,0.99894835722985476,-17.063300215131996,-14.482855403111525,-2.6392144712727315,,0.09769529104433476,0.2608695652173913,False,3
0.98165702394080745,0.18812889374508698,0.03093552465898548,-0.19002903186570713,0.95232390228566943,0.23868002049517345,0.015441968652312035,-0.24018056639462748,0.97060539928979217,2.3391619430145907,1.6772381936988734,-2.1152188453889158,,0.4710203140404419,0.3333333333333333,False,6
0.32755581894577918,0.93958459838258535,0.099438262037283565,-0.94480792288917015,0.32647712846076399,0.027398420353469712,-0.0067211844649292521,-0.10292456982785637,0.99466645595653758,17.124928671731734,-2.9697331950523305,-2.840638076419844,,0.4518775894212501,0.2121212121212121,False,1
-0.92204020618835847,-0.36894636077423726,-0.11713428637070761,0.38668313684147143,-0.89182030618009922,-0.23480352034684726,-0.017832830806363043,-0.26179213959987202,0.96495951510369171,6.9205879698645321,6.8604379275986602,-2.0670204399172496,0.1712917154754255,0.1320475412047443,0.5,True,4
-0.76787713669156343,-0.63314913217601543,-0.097400612786187182,0.64058698311015261,-0.75979368143020154,-0.11118398593581065,-0.0036083259552459057,-0.14776920546412911,0.98901528901240998,-4.5477760449142641,-12.386202022957443,-2.7734541544703633,0.4636664279114927,0.2093123481214461,0.2439024390243902,True,5
0.66558381156828994,0.74609466779489009,0.018464464960011168,-0.7461265920983956,0.66463714754093883,0.039402673415368634,0.017125955210178567,-0.040002609873314943,0.9990527978347602,-7.3211653090609055,-14.92205862159088,-2.7650583151724515,0.291162467222334,0.1124597738149185,0.5365853658536586,True,5
-0.7913338464265921,-0.60991615501063334,-0.042344153749231228,0.61136843316343703,-0.78991186650891843,-0.04762228553607574,-0.0044025482368140328,-0.063573005320187503,0.99796747971243061,10.426377103683778,10.779988083935677,-1.8892697630454967,,0.4206011587642656,0.6666666666666666,False,2
0.65996607417621933,0.75122454954551765,0.010317804832579502,-0.75119643465812769,0.65959400254322076,0.025291665938233673,0.012194158164724399,-0.024442339682364596,0.9996268676548794,7.4715456128145474,9.4989429123533569,-1.9174875368455258,,0.1724787152775462,0.3809523809523809,False,5
0.84855602422811593,-0.52501748949771998,-0.065645330890204912,0.52833197725696701,0.84747524669011576,0.051488135092183196,0.028600621565213223,-0.078373094675652955,0.99651375428392586,-9.0583817761497674,-11.245028608382796,-2.6667857106164456,0.4054359424200339,0.467362794927347,0.6064814814814815,True,5
-0.29105756374710801,0.94720765742870505,0.13447359701451264,-0.9563960333726943,-0.28449972296389903,-0.066079762275897513,-0.024333555732210743,-0.14784302939904906,0.98871144259765587,-5.4451419497100249,-13.872033269262349,-2.7621689299903269,,0.0815063060394313,0.4705882352941176,False,4
-0.58422063690506942,0.81159487105616956,-0.00011264792213106986,-0.81101421741808455,-0.58380789582089732,-0.03773963331708486,-0.030695057582074546,-0.021956913546660198,0.99928759993684391,1.0551178829168171,-11.790121238301492,-2.8256352634972455,0.2760828472424448,0.2787859012824938,0.7816091954022989,True,5
-0.65449136359750881,0.75376343958132019,0.059006204138301002,-0.75348997861101719,-0.64382780610678991,-0.13318636648128235,-0.062401178747217873,-0.13162991010501771,0.98933293670872113,2.5177959934062399,-8.8517656946704619,-2.658226774157963,0.4544019087942043,0.2012964023046071,0.3714285714285714,True,5
-0.83907942768055077,0.52726294721803402,0.13393841321380082,-0.54317189827731016,-0.79834655823031686,-0.26001358019078452,-0.030166255404037744,-0.29092362821324563,0.9562705891023412,-3.8096827977486751,-9.7271700918634192,-2.6759488893075583,,0.09832170313190436,0.3181818181818182,False,5
0.88973906993827601,0.45646870576915816,-0.00084147418255003242,-0.45601989381022495,0.88894303181823087,0.04273339011968659,0.020254477892094676,-0.037637837813028971,0.99908615709060722,6.3361973411970416,-16.801785120052184,-3.3953638946397255,0.281085397765889,0.1834302141956146,0.3142857142857143,True,5
-0.97957073773292413,-0.19026517635340648,-0.06511783507289734,0.19982716042774448,-0.95730147670553412,-0.20890904397078452,-0.022589283582229183,-0.21765349839736062,0.97576466368824344,-6.7616671179342696,-18.599521471457116,-3.0508622943912913,,0.7101638998144071,0.3636363636363636,False,1
-0.99733479152925208,-0.068218031535674989,-0.025876896620359219,0.070129843257170407,-0.99415671811635431,-0.08206232332102141,-0.020127560458928311,-0.083658352825744797,0.99629120306888963,1.9715655969767441,16.440808461881268,-1.6426014813607022,,0.09082313239740679,0.3181818181818182,False,5
-0.98886914906601764,-0.13942239043669172,-0.05195385520218268,0.14328284158458232,-0.9864442851858487,-0.079985620780414282,-0.04009779710779808,-0.086539408763288084,0.99544115717505022,-12.797112490268658,-3.857324178770638,-2.2585945839793591,0.2984963895949354,0.2890753198482839,0.9121447028423773,True,3
-0.94107235879371387,-0.33049927568532328,-0.071784707883451468,0.33764511459107655,-0.9303179885075431,-0.14319293576171296,-0.019457443491232976,-0.15899266973906689,0.98708800968405541,5.948223361124481,5.2540429741273948,-2.0799778674901166,0.2603770836207164,0.1770615488472562,0.25,True,5
0.62359239441371406,-0.77346114461670301,-0.1135358242916769,0.78120600271358975,0.62196709827227725,0.053610726454865837,0.029149733337131931,-0.12212610873594185,0.99208644109845134,-18.766236978643551,10.598215599563956,-1.8652137946138152,,0.1811763280108415,0.5555555555555556,False,1
0.9321439252682453,0.35736496505851523,0.058292232194628438,-0.36161289275706687,0.91053395200975595,0.20040967548838481,0.018542340126649647,-0.20788988428064464,0.97797647090122053,1.5730299135224779,11.36486525896149,-1.794061697488337,,0.3477261946675714,0.16,False,5
0.72709687960960789,0.68643311576887323,0.011819697026864241,-0.68621129897076982,0.72611795653609168,0.043206091708206357,0.021075597899437415,-0.039525824111408883,0.9989962604542092,-2.7879186630889627,-6.8355942169919723,-2.4699934311444318,0.8334363448118347,0.4071039141330441,0.3636363636363636,True,2
0.96184070256381649,-0.2317875416576958,-0.14538568851102518,0.26063634046408124,0.9378645282644017,0.22908257169169702,0.083253594042746529,-0.25823373551043238,0.96248853339834273,-6.7837924981794329,1.4323269706103279,-2.0896670342167316,,0.2580132009719689,0.346,False,2
0.96855211193491897,-0.24487713201737044,-0.044068091419473605,0.24703856899878504,0.96755157622387689,0.053064986325480915,0.02964374965216484,-0.062282722818116552,0.99761821883169377,7.5971529551688519,12.643527211531785,-1.8174465127817392,,0.09035676746758209,0.1764705882352941,False,4
0.35612045557926764,0.92236507727240324,0.14973605225959821,-0.93441518546269697,0.35267839707847426,0.049861903402015476,-0.0068177925114246861,-0.15767248479817977,0.9874679261843593,-0.83630875560709683,6.7716723349143662,-1.9044699196180688,,0.08865738362044481,0.1666666666666667,False,2
0.54725804653876886,0.83022112804959691,0.10602598284677774,-0.83695132565921115,0.5421456120506245,0.074770407324974836,0.0045944505503330889,-0.12965729394950518,0.99154822230178585,5.640598862696983,21.302027741018943,-1.5220245930119329,,0.1135615825306948,0.391304347826087,False,3
0.53062519813212583,0.84616534603955029,0.049407552752678191,-0.84749208863532832,0.52869339119628134,0.047333474475290974,0.013930499193116227,-0.066988844348460613,0.99765647190056694,29.977664027729229,-7.2339535106330084,-3.5532166069847579,,0.197156681298192,0.391304347826087,False,4
-0.92619332433870405,0.37460033803909154,0.04290119685298506,-0.3763316300637301,-0.911412528775844,-0.16643829668678051,-0.023247153890229182,-0.17029911664896957,0.98511815570751948,13.475710121955432,-10.146727739501305,-3.0885972699194149,,0.2419972759981001,0.2,False,4
0.70420397485440589,-0.69785329087916192,-0.13075758566285231,0.70995853167413792,0.69018550886312302,0.14001016626821539,-0.0074595644883836409,-0.19142817912855767,0.9814782764448573,21.104813008782305,-8.9567931623628905,-3.368852011424242,,0.2900144690091732,0.6,False,2
-0.59960631819604415,-0.7994235223954772,-0.03734026004451392,0.80029019665943679,-0.59911311606415685,-0.024476014599918369,-0.0028043377442448052,-0.044559017052708247,0.99900281765824495,-4.5230156224847207,15.712958930976223,-1.6620654410032756,,0.06617895965420324,0.2,False,1
0.62277326404232447,0.75982622657028231,0.18659465965036434,-0.78162880585139638,0.61480774420646422,0.1052038379864482,-0.034783206542659151,-0.21136589857336227,0.97678789174666047,5.5571000404446389,-6.1393909992352693,-2.4821282085602121,,0.6123287238152366,0.8620689655172413,False,4
0.54874114434582,-0.83543791439711235,-0.030440888453561271,0.83564106045335251,0.5492022721153258,-0.0089934636130488098,0.024231685587996869,-0.020502572793819264,0.99949610800762878,-7.451427840482383,11.826836389234089,-1.8080482499061663,,0.06729454594764545,0.46875,False,2
0.42205284506570367,0.90549048776861185,0.044253503053504145,-0.9064822362597118,0.42082436623804592,0.034594914741025364,0.012702413846860295,-0.054715896601521631,0.99842116330812758,19.759930797557644,-7.8456869831401486,-3.2531059184675257,,0.1951413552416389,0.1666666666666667,False,4
0.82685891733027206,-0.54019260930341251,-0.15651286108616871,0.56141470045829722,0.80933493276892876,0.17259924886635797,0.033434487295720156,-0.23058384907421772,0.97247787820874787,2.2272182306521162,-6.8763908348150746,-2.4806685796132606,,0.4085820896344091,0.3108108108108108,False,3
0.3114523219800171,0.94634684128507029,0.086169061286672496,-0.95023424370463483,0.31085052104885252,0.020660001324735461,-0.0072341706046438704,-0.088315398167178663,0.99606629158015203,13.377640419845115,11.030986410651993,-1.9187252751553694,,0.1729040085047088,0.4285714285714285,False,1
-0.62957880725638904,0.7659732721007585,0.13005949362072824,-0.77578213348857739,-0.61065000091494703,-0.15896118313124871,-0.042339187681555215,-0.20097642351736861,0.97868067845269802,-9.2688892020812617,9.21635653432309,-1.8532658780932005,,0.2778744756942132,0.4,True,4
-0.9910792956625023,0.11964464879806624,-0.058711052818918738,-0.11127242126103769,-0.98530755573859963,-0.12956646507153233,-0.073350378157339052,-0.12187771994262875,0.9898310681150404,28.673294495731977,-4.077905891320543,-3.4010063870765888,0.2615903190139992,0.2708621107256128,0.4,True,4
0.74433177633893588,0.65824397251541622,0.11262805769099617,-0.66772634879199122,0.73090822415138945,0.14111942104748235,0.010570234672824199,-0.18024439107773754,0.98356506120539644,12.039350173213604,13.034126582397057,-1.8588515723424135,,0.1236743606720198,0.375,False,4
-0.96654268748868355,0.25184837939665289,0.048658268130235723,-0.25582928686392559,-0.93272163647200879,-0.25412934667148185,-0.018617444638015609,-0.25807507173738914,0.96594546849337881,1.3771880155342395,-1.5597909667522476,-2.2517805735663154,,0.6089821404454527,0.396551724137931,False,2
-0.84799656687824509,-0.52032658138647447,-0.10080709928063061,0.52994885710925477,-0.83511971047197575,-0.14740854123760325,-0.0074854132354306834,-0.17842454395028712,0.98392512454191738,25.873732463869324,-4.2574930687560695,-3.298629140149711,,0.460658168727066,0.92,False,4
-0.51417664329814261,0.84227554293900608,0.16184649904603099,-0.85756216644981931,-0.50168269671667265,-0.11358522126130423,-0.014474465812146949,-0.19719630215064715,0.98025716434901089,-11.597845048190413,4.8329693323648035,-1.9935138138918107,,0.1529204182952433,0.3863636363636364,True,2
-0.9891022299854948,0.14077950379558968,0.043103479543870414,-0.14666380235780022,-0.96778431533285969,-0.20465397155603851,0.012903786873372717,-0.20874541984622144,0.97788488176142241,12.412582579754668,0.56105778256661187,-2.3840877582671052,0.5756973579683934,0.3852475102988556,0.391304347826087,True,4
0.80429286095841623,0.59404931451357934,0.014778556670792659,-0.59412075155627253,0.8034084362297188,0.039438777429420119,0.011555361592586836,-0.040500574327578823,0.99911269489362431,12.15514470280716,-8.5502909136038934,-2.9184048308279715,,0.8363378282655789,0.4878048780487805,False,1
-0.88144781666820748,-0.46907782787954794,-0.054915734381453363,0.47202452038124976,-0.87882728342085026,-0.069681117054614272,-0.015575578631314669,-0.087341841673581222,0.99605662692608299,0.63074919836609444,10.388559060135318,-1.8321276835103959,,0.2056140164077893,0.1636363636363636,False,1
-0.26772020563157539,-0.95096726396990672,-0.15487786915559154,0.96341447941371383,-0.26211622911343724,-0.055925157946617357,0.012586991403391607,-0.16418387647068625,0.98634944231467425,-12.18856738397762,-13.074317444510942,-2.6623819089758771,,0.6911273495875752,0.3478260869565217,False,2
-0.93892441331468202,0.33969340571038575,0.055039405870333791,-0.34239781433144162,-0.90619228378101446,-0.24815173091639134,-0.034419221704328262,-0.25184109063579901,0.96715633805742041,11.960930213325856,4.3631408934666656,-2.2707135154016163,,0.1773678220739203,0.1851851851851852,False,5
-0.96670485826056429,0.25342222882167292,0.035480853350493655,-0.25417258955401467,-0.93487167126015824,-0.24781293952222477,-0.029631262795059989,-0.24858023295164722,0.96815797060752229,-2.4901798380172622,-10.954073981994393,-2.7238176033802919,,0.1559570731466046,0.1875,False,1
0.9883317381077078,0.15019505888008197,-0.025334161462489953,-0.14921498588146104,0.98811432494847218,0.036945484433442116,0.030582077061477836,-0.032734158300391003,0.99899610181570375,9.5703371765890619,11.764301300811059,-1.8540224007348489,,0.09550981097610665,0.3125,False,3
0.9699957506954453,-0.23739959777319539,-0.052437339843901934,0.24085920812722217,0.96770766140144016,0.074355389349282153,0.033092075986665984,-0.084754427861209305,0.99585219860419649,15.398434968399755,-9.0576815959653132,-3.1476305155084972,0.2500564637952112,0.2464581372501742,0.3,True,4
