axis_00,axis_01,axis_02,axis_10,axis_11,axis_12,axis_20,axis_21,axis_22,location_x,location_y,location_z,dbh,dbh_approximation,score,reconstructed,number_clusters
-0.90861655537925401,0.38174445395729262,0.16937274622438322,-0.4091565966772614,-0.89497225204598119,-0.17780761362559031,0.083706837750698371,-0.2308589178277391,0.96937986639561735,-0.70441930163717736,9.9924882290256249,0.079385169736791369,,0.07289369200881685,0.2898550724637681,False,5
0.92538163483963143,0.32349106245130049,0.1975407867141879,-0.32601957856493502,0.94514046113185357,-0.020512023883810321,-0.19333924664659685,-0.045420713838475214,0.98008004492517353,-12.683018460291807,27.67872872566107,4.8861956154167512,,0.2259503012667927,0.3333333333333333,False,2
0.17912528778128328,0.95168788739830479,0.24940789132788849,-0.97381249711388596,0.20758787479698132,-0.092717283729033859,-0.14001196999574628,-0.22626851132365772,0.96394979591329633,-10.903417884249439,-11.5485090412694,-1.3321546660072172,,0.5656317434952413,0.2,False,3
0.40719272039921195,-0.91333142014995605,0.004450328162522138,0.90426005276928623,0.4024533984773605,-0.14263596678156171,0.12848286041171914,0.062104581319638627,0.9897652123405507,3.9799618447360565,-10.355637474667128,-3.5444265488933935,,0.2856319639746671,0.8214285714285714,False,5
0.01666957376164295,0.94084900475744471,0.33841583230920458,-0.98392967381567287,0.075614942275225153,-0.16175530127231763,-0.17777660784138338,-0.3302809875721594,0.92698972321853212,-2.4158295258727374,-10.085561409188932,-2.4483896334283517,,0.1800272159706275,0.2702702702702703,False,5
-0.027418734632271242,0.94768129031037773,0.31803833886313526,-0.98804683208589683,0.022588491437312064,-0.15249005757625558,-0.15169598081751659,-0.31841785761832492,0.93573414886578088,-2.0807888317140049,9.1641842390204697,0.18867644024031502,,0.08278098959554077,0.2395833333333333,False,5
0.44131660310912618,-0.89237262583444865,0.094396782156773731,0.89570641940071938,0.43169670968408141,-0.10652680926546448,0.054310828244143794,0.13156385335368204,0.98981881494855717,-7.3816363877506284,-3.0665362325103325,-0.78317102874914635,,0.09900788713559187,0.1176470588235294,False,4
-0.90663665827010931,-0.40472429578777119,0.1191982142479566,0.37716005090885002,-0.90407942837874244,-0.20097433463206227,0.18910384945643668,-0.13725389459486831,0.97231738775941801,10.213739233625496,11.264189033767721,-1.6291030740891159,0.6874798964016908,0.3785659164988371,0.2857142857142857,True,4
0.22252485461646984,-0.9739949988269031,0.042619612129864565,0.96527268510718811,0.21397374289143903,-0.14987955410591447,0.13686245819755841,0.074491473426221241,0.98778524382727662,4.3847406333862029,26.993046738588269,1.7826675873510791,,0.1779597765901967,0.5555555555555556,False,3
0.65222525841769585,0.72127265366917326,0.23316940483476489,-0.72534133851742488,0.68319392333727291,-0.084415672435720721,-0.22018663656025983,-0.11406937443526813,0.96876520524646548,-10.748340988308025,-7.3479078949195653,-0.79041240745815866,0.4991194057414797,0.324549689002293,0.2582781456953642,True,5
0.81324471438727475,0.51852400209586103,0.26413234139660474,-0.55416197379903254,0.82859492454068373,0.079592448263511723,-0.17758812267806984,-0.21110023750794582,0.96119672721444938,6.8534386440122752,-9.0795720437561211,-3.876961643879437,,0.3433693858675995,0.2608695652173913,False,3
-0.83516953860226062,0.4951349474930134,0.23944357490226992,-0.54776134349234185,-0.787992977056161,-0.28111310657035199,0.049490932162900403,-0.36593503778848541,0.92932351511859834,-12.202612979131619,8.6523449277482349,1.6367849751211208,,0.1168681587037062,0.5,False,1
-0.75085582145073282,0.62180488045366156,0.22265270274028506,-0.66012190439378993,-0.71741792534326099,-0.22259962204749617,0.021321508695731475,-0.31411814821843664,0.94914444750351845,8.1554253923190032,-12.413113235410135,-4.4968001076938879,,0.1024768449942901,0.1904761904761905,False,4
0.028643631599881505,0.96625853649776039,0.25597652824815198,-0.98716997262288608,0.067587001872610172,-0.14466320309464517,-0.15708274100136221,-0.24854866288732774,0.95579735020370327,-15.761435716102262,1.807224407307235,1.2636955288354312,0.2019065855511629,0.1935851824277424,0.2738095238095238,True,5
-0.18377820506485174,-0.9810062940844867,-0.062066273528894739,0.95969040791282167,-0.16540845938709334,-0.22723195753086889,0.21264969387060867,-0.10132468864896946,0.97186080030368882,6.484967758395074,16.656845124412822,-0.19835613081275782,,0.4153481575919895,0.3846153846153846,False,5
0.9644069443718164,0.20238856428218038,0.17017083973235164,-0.1843533788174449,0.9759920026351625,-0.11598897581579069,-0.18956022094840361,0.080489004466462288,0.97856448065213875,-6.1037486244340204,-7.4869196399619646,-1.5288148215241351,0.4119268028178881,0.4070598587296404,0.8912280701754386,True,5
0.23816664036169743,0.93317844913067538,0.26917398369249773,-0.95776428539215797,0.27164685430526792,-0.094316277350735528,-0.16113418335682253,-0.23534223722935879,0.95846220912971303,2.2073565522450549,-7.7264902459771498,-2.8982171071231386,0.6193283554605562,0.3375747638967946,0.2894736842105263,True,5
-0.45163300350120389,0.86300950878756111,0.22636743999686323,-0.88963932267175505,-0.4163762393196811,-0.18754386923101507,-0.067598119090859471,-0.28608637694278893,0.95581644640753383,-28.56719911878012,18.189975774812023,5.9319821565545316,,0.1322504586070434,0.1428571428571428,False,1
-0.9550227652818335,-0.2529693146573665,0.15471924132189574,0.22506995582836056,-0.95808905022516322,-0.17722552531186048,0.19306743064758597,-0.13443175845174199,0.9719326466081446,-15.58061250542716,3.5191357926736373,1.4817912050928972,0.1296691433002003,0.09312445716049673,0.4827586206896552,True,5
0.22028289794864103,0.93643103562358265,0.27307940309055456,-0.95402754620177965,0.2651644627142955,-0.13971130520344616,-0.20324095541883286,-0.22974926166232618,0.95179219938285697,6.8342947988578286,-7.5123699004359512,-3.6574625333443391,1.029624617842466,0.4014263598707868,0.7666666666666667,True,3
0.47189180537485348,-0.88123291604278542,0.027325294194046834,0.8789726461818631,0.46781288439232688,-0.092510499191094248,0.068740172272955813,0.067673132624853555,0.99533669471019903,2.8584502790649355,12.971939326898458,-0.14777295403405344,,0.2179552006189052,0.2045454545454546,False,5
0.4983113461238165,-0.86089055196168118,-0.10272906048135089,0.86340655083144213,0.50352517483438719,-0.031488510433982778,0.078834829267407161,-0.073005861758566076,0.9942108497915656,1.4094958031476803,7.6296758956569972,-0.58283967068138998,,0.3686642708267225,0.163265306122449,False,2
0.56696186416639194,-0.82022688996391246,0.076040078649998857,0.82331914067241063,0.56128536616817382,-0.084287189583604066,0.026454435987436895,0.11039287434244582,0.99353589573351575,6.2373982268161168,6.6710436511569418,-1.5663214539919106,0.3477176962647734,0.2121892983063079,0.6956521739130435,True,5
-0.46378030119036623,0.84135984527050922,0.27752737341415101,-0.88460909218874284,-0.42254139546808206,-0.1972955223336138,-0.048729726500166715,-0.33700501462481247,0.94024094458439123,-5.734922005616597,7.6397648824252595,0.57666594655352865,0.4737313907763723,0.1857951598405964,0.4031007751937984,True,5
0.98055268990438016,0.08032813299139592,0.17906371316210526,-0.091963208711949254,0.99409277663071072,0.057639567087601179,-0.173375865000543,-0.072985906178934634,0.98214757899948657,9.1674727623004273,3.0602085261726986,-2.6272316620598342,,0.1285848674521066,0.1818181818181818,False,4
-0.19603828850061894,-0.9712614507266536,0.13498216094767601,0.96324353595698675,-0.21651761054211582,-0.15900319104412194,0.18365968495788321,0.098849980563927908,0.97800705593757464,-5.8542945594262097,0.061376473709400275,-0.55921096600182951,0.4167557099218097,0.3852212560512743,0.9597055404881829,True,5
0.97970633313605637,-0.15748657211420486,0.12398983997417272,0.1419712331311383,0.98189833793047476,0.12537871802102749,-0.14149088230811074,-0.10523133360881441,0.98433058301090259,0.18816240265838322,-5.2729982761937499,-2.2473597039016657,,0.4532245626645202,0.375,False,3
0.54281419110984797,-0.82678467023367386,0.1475800223484105,0.8386027485603329,0.52398868938640064,-0.14893382255947682,0.04580593888151821,0.2046044047954923,0.97777239350549561,-0.59865376858775143,-11.238360681935397,-2.8949483271410283,0.5065890880420328,0.48398717862544,0.9758454106280193,True,5
-0.49783004125837627,0.84554024618107437,0.19294284674154472,-0.86548206763727709,-0.47005484527287617,-0.17317399641342196,-0.05573186358796027,-0.25319979171306622,0.965807343551224,-2.3597402967646972,11.034312562967775,0.50853899362983968,0.4455869562187533,0.181060198876373,0.2884615384615384,True,5
-0.72433098084898195,0.66212273609702454,0.19219290446253262,-0.68943847191474184,-0.69737740773192181,-0.19580435293673315,0.004384475592372733,-0.27433234138266832,0.96162494915912233,-17.159756944326336,19.503238468119708,4.229632436874601,0.3710872360698665,0.3370128958943782,0.803030303030303,True,5
-0.98354294876412207,0.041034432608916628,0.1759529575677542,-0.10993976011404376,-0.9087449721287123,-0.40261125763800043,0.1433754410017356,-0.41532968948926585,0.89830102523948396,31.644719570492295,3.4894658708828241,-6.2583404488976679,,0.5281677352512717,0.15,False,1
0.15857935172723953,0.92886390051347034,0.33476027770431482,-0.97074940524884767,0.20858347565730123,-0.11890553347816915,-0.18027251985473655,-0.30611237806665303,0.93477111133132573,-2.8129125489954996,-1.5911528115865281,-1.2375945358317102,,0.08606102746163632,0.215311004784689,False,5
0.98549394155586867,-0.07194590822059968,0.15370581461672453,0.089953728259956012,0.98944497676241994,-0.11360882330060518,-0.14390975619745811,0.12578721815004562,0.98156383277974379,-11.119302039771313,10.233662191768275,1.7508129965266179,0.1870151460600212,0.1289739160464262,0.3132530120481928,True,5
0.77682568758715487,-0.62095386899182436,0.1046811525004729,0.62913469808109235,0.77244947695004551,-0.08666797118897443,-0.027044089468052618,0.13318445158382469,0.99072222094851525,-5.5838940209038697,-0.96751102263344158,-0.73615106435107169,,0.06440431356999084,0.2645161290322581,False,4
0.78309401025054703,-0.60405238590113008,0.14793406030007664,0.62119711928273946,0.77108559271791643,-0.13978965518837111,-0.029629547828820726,0.20136465377520962,0.97906811106554159,1.8776588582906608,-4.0920273911179139,-2.3675690655167885,,0.06879896162464905,0.171875,False,5
-0.8914454448576018,0.39981197656895351,0.21324962423098401,-0.44912598619889954,-0.84201877924960544,-0.29881469828619023,0.060090493120753166,-0.36215294943300891,0.93017975351728321,3.8497793971982457,-11.642220364515859,-3.6843126615066701,,0.1989118528097149,0.2272727272727273,False,4
0.04881357451710857,0.9268894798894004,0.37214664718793411,-0.97841510812080523,0.11927988410766328,-0.16874888280583231,-0.20080117316344739,-0.35587666587965627,0.91270514819330562,-19.110692991579345,-4.4569957736780426,0.91009826317360998,,0.5845907926515489,0.5714285714285714,False,2
-0.95994367488252441,-0.24480040830571362,0.13631177919163873,0.20613910095614454,-0.94652907477900572,-0.24817208073228475,0.18977568893308383,-0.21013203156909507,0.9590775345083512,-5.923495064316886,25.913229799110169,3.3232164669923212,,0.1570916417387977,0.2941176470588235,False,1
0.97708981936553108,0.13442069007067386,0.16500473621432274,-0.11257088146812962,0.98438507162087552,-0.13532859053227686,-0.18061916160176,0.11365345947611179,0.97696448738497632,-18.511637034091905,4.3751116172978346,2.0625366139378754,,0.08619345963436172,0.3157894736842105,False,3
0.86352414010059642,0.44044169385889936,0.2456362631498657,-0.45677682753876347,0.88951550261492363,0.010821295271051024,-0.21373111445727527,-0.1215454027037815,0.96930166913836868,8.8113280754465233,2.3977350117904388,-2.6209832299897129,,0.08203079681246972,0.2,False,3
-0.12350943343545077,0.96760992107111776,0.22017370528107921,-0.98252839979124906,-0.088111548582259475,-0.16393382387440295,-0.13922414825058768,-0.23657429203356328,0.96158683481665697,4.4939339053867444,-6.353541787357651,-3.0757587307713004,0.8148053713112179,0.728696945901099,0.6756756756756757,True,5
-0.97288905553503924,0.15831868169926583,0.16858849499638992,-0.18816964790970436,-0.96568080777399767,-0.17903284922744994,0.13445842935896296,-0.20590233733973826,0.96929105961643691,-2.0262689679078858,-6.8656734628571225,-2.1051224582432728,0.1989750535053033,0.1851895213950003,0.8011363636363636,True,5
0.51889967797843117,-0.84586874934136402,0.12348758270189256,0.8532362750499729,0.50366539396475929,-0.13531086379581958,0.052258809139965098,0.17557684873012241,0.98307771160639801,2.9219387569466626,8.2189590944550925,-0.78696070431979914,0.3294676557752829,0.2795774724406307,0.8407643312101911,True,5
-0.20342267302778846,0.93853362779948668,0.27887962562325069,-0.97121925790451757,-0.15738234280578217,-0.17878465048309308,-0.12390467777137393,-0.30722211454011278,0.94353707037078016,10.869950339673078,9.2841147839395397,-1.9610677817961779,,0.4017241884177691,0.5277777777777778,False,5
-0.67420921953708313,0.71099311723739933,0.19982671376030342,-0.73814755475038285,-0.63989227365028911,-0.21371959558892403,-0.024085591278339369,-0.29159332187776221,0.95623910133870993,1.2806032612703355,3.3967009231190146,-1.2239676340346559,,0.1129214777764286,0.1739130434782609,False,5
-0.90389378748278315,0.36864631570171663,0.2169698478350843,-0.42065603450692091,-0.8580933701823974,-0.29448984478573703,0.077617791664937041,-0.35745721697647348,0.93069856368670345,-12.104983442113969,26.067615531238239,4.491115222202791,,0.2277762920122482,0.2105263157894737,False,5
-0.49110518143918974,0.84753400430808423,0.20125062063279589,-0.86845522524930263,-0.45837794663566267,-0.18887874357708179,-0.067832311627750219,-0.26753648270764552,0.9611571192680507,-8.2556150466455094,4.3421694798393808,0.45029820291206535,,0.07720241682246595,0.3665158371040724,False,5
-0.94709971403922477,0.25563823103917593,0.19403923958307856,-0.30520850341841027,-0.90438199090267635,-0.29822975031342153,0.099246667994007803,-0.34167573715742877,0.93456288687814615,-5.1835607898194205,21.896146839944652,2.6005813548713319,,0.1176548003259222,0.25,False,2
0.22467737737857069,0.93400041001871759,0.27778284716511192,-0.95413408320236637,0.26875232026727125,-0.13191035449326441,-0.19785910988849581,-0.23540480971260275,0.9515441914058993,1.5830732687577322,15.377195588126531,0.43162324770822541,,0.1384223945504346,0.2432432432432433,False,4
-0.41375800454062583,0.85008197853313738,0.32582962334899046,-0.90782248619846184,-0.35841750832553138,-0.21770444018935439,-0.068283579512223913,-0.38587241349817042,0.92002164826165567,-3.6513946489043043,-17.775249648815418,-3.3230803294634601,,0.3085451535122669,0.2558139534883721,False,6
0.65758535190263256,0.68077136986689402,0.32269466517537088,-0.72273052903145429,0.69096530092077646,0.015084274240951129,-0.21270187438996907,-0.2431404838627553,0.94638291285186471,-4.4248266986030611,-15.948562540933601,-2.954449898196275,,0.2842369819194653,0.35,False,3
-0.043396516380697206,0.95981365544504293,0.27726249149000526,-0.98755729941007753,0.00077630639178384933,-0.15725767939996185,-0.15115330875602756,-0.28063703278364993,0.94783729251517335,-17.516599080586673,5.2725945726840813,1.9709517730403261,0.2137625241705713,0.1912647941778834,0.3333333333333333,True,4
-0.95640958457415981,-0.26428761632447473,0.12422866976753554,0.23171274296019681,-0.94569138296593491,-0.22798467697158964,0.17773550935180582,-0.18926136436553981,0.965707111226768,-21.315439196162146,15.817922383410144,4.3563747131359269,0.3139578123459588,0.3092552889068364,0.7948717948717948,True,5
0.079604237611584139,0.97723378950108231,0.19666541640978241,-0.98199327953988447,0.11078697645713216,-0.15302105994270632,-0.17132531713900578,-0.18094299241706355,0.96845612662751934,-0.87428684308684335,21.609482839314555,1.8346400828937302,0.2003128906715898,0.1623678487089022,0.6428571428571429,True,5
-0.94583914415577341,0.27808964892026355,0.16749465826133245,-0.30652319693056718,-0.93494903180866917,-0.17864444481566885,0.10691979763421183,-0.22030990691169175,0.96955232029551774,-0.57241750571822791,-4.2368013878039408,-1.9091344634094181,0.1326311158693623,0.08383862400799838,0.4782608695652174,True,5
-0.9798299101414345,0.12054123686883617,0.15938367986201893,-0.16255853389064212,-0.94467458551872752,-0.2848941040708709,0.11622422403076056,-0.3050569417160513,0.94521542098047495,17.237337141012915,4.3305825278731103,-3.8022907831843478,0.4654212669107923,0.4003358877606107,0.3518518518518519,True,5
0.11431657194743343,0.93218826281723899,0.3434483426135081,-0.9837931794801853,0.1542979078546593,-0.091340766582853644,-0.13814015124667978,-0.32744037365214052,0.93471926283568763,-15.077703714092525,-15.980239053981396,-1.2615079710298858,,0.1973249728771269,0.1176470588235294,False,3
0.55550272146678326,0.79354390481069292,0.24840450394627639,-0.80865718153416077,0.58512607889012291,-0.060836128705705622,-0.19362409249942225,-0.16707945098206414,0.96674410671247824,-22.122127541251608,24.415431523074091,5.9057783707844935,0.6611852013123624,0.559018993711583,0.9206349206349206,True,5
-0.40311729297416787,0.85822875810081556,0.31771031911776315,-0.91424858338791781,-0.3622821318734617,-0.18138683716964027,-0.040570628271754172,-0.36358637996210974,0.93067661861018269,-3.3172424876606805,-13.644835832474572,-2.8219599804362718,0.9409649327619802,0.5772703283838317,0.1363636363636364,True,3
0.97934609127936822,0.12037750586949759,0.16245149915117205,-0.1001879006884392,0.98679944879686421,-0.12723691449358926,-0.17562351223986961,0.10833330021209807,0.97847855265901884,4.9021670546527627,11.121251731401275,-0.6825843202303481,0.3961982374595831,0.3760672870311129,0.8290155440414507,True,5
-0.98156308890223443,0.078472308590787146,0.17428711739292757,-0.13921858522816116,-0.91829958072682372,-0.37059960275748927,0.13096598043680321,-0.38803089673552005,0.91229377677744516,5.1243800086630209,-9.1041278828449226,-3.5843655985067766,,0.1803994623099895,0.3571428571428572,False,2
0.33785742439438787,0.87252623603593271,0.3529168856976943,-0.91606805645207223,0.39091171667640701,-0.089483773463285024,-0.21603628567838909,-0.29306312834280845,0.93136583901075787,-3.5523574953366621,0.36740621628480608,-0.86746398386004198,,0.2455010244086949,0.3255813953488372,False,5
-0.42657233114295506,0.88127846176060454,0.20343136223337993,-0.90194739014806313,-0.39775850070717444,-0.1681638502184066,-0.06728262560545073,-0.25521843184230264,0.96453957945726276,-13.673284766543501,-11.942601974167054,-0.94400843053863737,0.2664546593273398,0.3535826845182052,0.9159663865546218,True,5
0.09676696992965747,0.96751103973690344,0.2335776991021386,-0.97938470249287524,0.13436883895348131,-0.15083308536669274,-0.17731823948363395,-0.21416676470804205,0.96056797720979381,20.877925862174578,4.8004679520615907,-4.4254363830072165,,0.1188833958828401,0.3,False,5
0.8153868311586947,0.54298174336508676,0.20078630915775564,-0.53559097684659207,0.83918730699616906,-0.094376741292709121,-0.21974216958402809,-0.030585783441478137,0.97507840133897716,0.404108527098134,15.802238886779664,0.66578891786918382,,0.1007073746293099,0.2058823529411765,False,5
-0.43611063762877172,0.87863371060116235,0.19444874476904939,-0.89730319623967858,-0.40820066027250301,-0.16798569871018532,-0.068223791781773652,-0.24773983036307515,0.9664214870782788,-3.4658266010878283,-10.832877802722262,-2.3595105504140479,,0.08844377625526466,0.3571428571428572,False,3
-0.44130822061980224,0.8362842848089842,0.32538538595780614,-0.89596026106082416,-0.39042139276872329,-0.21172233389123274,-0.050022645004083266,-0.38496718178314449,0.92157365627319188,16.041502956466953,5.6588994969079982,-3.4256561684879507,,0.3255167678255865,0.3714285714285714,False,6
0.99317008006487051,-0.010163422663786621,0.11623208207588509,0.018061136628162958,0.99758291526992071,-0.067097857680142911,-0.11526919539771627,0.068738868199317224,0.99095306679531481,-10.730600494741058,-12.067540687509531,-1.4000570363512241,,0.1444161305302389,0.2941176470588235,False,3
-0.90083242065363578,0.39421724997131508,0.18191676592432349,-0.42627460321210847,-0.88260255136738108,-0.19824908316597423,0.082406993366285583,-0.2561356986927894,0.96312179463424363,-5.0924958785893493,4.3921889634627416,0.03999574087309226,,0.09099923422324516,0.4873949579831933,False,5
-0.18006331171233408,0.95082901705681033,0.25199480966473958,-0.97649133759348272,-0.14192514487197941,-0.16224031822565008,-0.11849840243682383,-0.27528427774910985,0.95403181028940176,-2.2665671552966256,-3.8568011069642929,-1.6268026657630887,0.3146455012704686,0.393297472070983,0.7699115044247787,True,5
0.906878797383461,0.33391950779778229,0.25703814730194119,-0.36162856750780126,0.92984437215997429,0.067928070226369347,-0.21632296692349406,-0.15455486363912929,0.96401097924603896,-19.525866544334168,0.83731077993835634,1.7530767272942889,,0.4885389993028101,0.2962962962962963,False,5
0.63565972060340958,0.71780227081777626,0.28407150439852191,-0.74199399842015057,0.66965361755507091,-0.031763797063398103,-0.2130296362266835,-0.19058838501926351,0.95827680843526419,11.771674934181707,13.861349086025461,-1.5230732465785732,,0.2261950560076157,0.1481481481481481,False,5
-0.40298405146999977,-0.91374333747738468,0.051739418981248786,0.88586163864014,-0.40363984406751496,-0.22874447199213493,0.2298978282773303,-0.046346407593738648,0.97211058993127131,-8.3175731828445301,13.878700209976225,1.8647948281534363,0.2291108168008783,0.158279142764053,0.48,True,5
-0.7614803032642119,-0.63436033881812426,0.13317172475867184,0.60941745241675982,-0.77064994318945701,-0.18630360638472321,0.22081240098896382,-0.060709353452679651,0.97342501404722859,15.623371840814322,3.5415548881416421,-3.6632827970408193,,0.1064422557980556,0.4736842105263158,False,6
0.61712861239339056,-0.77747769111478526,0.12116400284008588,0.78664788791200957,0.60600774294320303,-0.11806657417093275,0.018367803597165028,0.16817566801326722,0.98558590111634037,5.3754780879497295,16.140123858221468,-0.10768960776924991,0.3530949208874462,0.3672755051609718,0.8333333333333334,True,5
-0.43549692853433941,-0.89954619642478206,0.034045054484691029,0.86808361561631542,-0.42967437729762986,-0.24861771013425549,0.2382714031008818,-0.07871829515178394,0.96800318618935077,-13.270873792249418,-7.165672287359544,-0.38177256897113054,,0.2144458918570147,0.2727272727272727,False,4
0.98563307992124738,0.069006150273790826,0.15416089967740521,-0.051966934265161767,0.99235416209838778,-0.11194933992251471,-0.16070740340144984,0.10232970336318492,0.98168312723687268,3.5159500743978489,21.48102756935625,1.0382473220557829,0.357019563730812,0.1345303477608508,0.6071428571428571,True,6
-0.94467289719198178,0.25540762582111176,0.20581560189483428,-0.30600974230147315,-0.91216727305510137,-0.27259659496004057,0.118115007206942,-0.32049619442303112,0.9398569223200206,11.657443456843318,-4.2664826353239933,-4.0093008391959204,,0.1926606907767584,0.6206896551724138,False,5
0.63859839816277864,0.71536434640914437,0.28362993098498951,-0.73693658927407779,0.67463568685346509,-0.042322020424850129,-0.22162253778219682,-0.18199049950579865,0.95799943049910397,6.4673744000744922,19.171692798287644,0.19365789374963335,,0.1121645323590312,0.2727272727272727,False,1
0.97005430996644038,-0.20961035271078893,0.12271159583345159,0.21571376267407807,0.9756927231691237,-0.038617127648380878,-0.11163426135611462,0.063931291174810556,0.99169076919178611,-16.917574755024841,24.167675676214596,4.9754038851493769,0.3238332529874185,0.2973366960457411,0.7391304347826086,True,5
-0.15843860269183846,-0.98607203491272977,0.050588053334037694,0.96750843222138927,-0.16527230774062798,-0.19134392562764616,0.19703969843046529,0.018628103960331516,0.98021852205784998,2.3344178782403748,16.243748738798786,0.46064500672653458,,0.1482109717884787,0.1111111111111111,False,5
0.92811286791158532,0.32591359921495244,0.17996341368091592,-0.31735832609724707,0.94531360551396004,-0.075272040539308499,-0.19465404509972667,0.012748061693972808,0.98078911578858841,8.0632911021750839,-1.1614129462971292,-3.0274447501290433,0.3195096705421876,0.3547380749830504,0.6274509803921569,True,5
0.81140813972983228,-0.56452444264938573,0.15142319647786021,0.58309923299825073,0.79965056639039767,-0.14336755612190352,-0.040151155114443254,0.20462435173486987,0.97801674802636129,-1.9491826116663238,-0.013323303574379081,-1.1356385070275381,,0.07664520992650534,0.3909348441926346,False,5
-0.82073325250382645,0.52833880851637338,0.21738222477928063,-0.56956739387242206,-0.78639181043856232,-0.23912528998944854,0.044608430502183466,-0.32007190425068455,0.9463424665719451,-10.356192366646544,17.182137555449252,2.7249702010448882,0.2340910881223374,0.2153038425074378,0.5344827586206896,True,5
0.97220281487450133,-0.18386524650003402,0.14496640258893956,0.18474474467563623,0.98275800240121514,0.0074891942896212205,-0.1438438947777444,0.019500765263327301,0.98940823429427471,11.408918447161508,5.468732736197838,-2.6288779972460747,,0.1728542595880358,0.2173913043478261,False,4
0.55386453800714586,0.72856631521148973,0.40302009612087986,-0.80164961259052159,0.59739884786398845,0.021737414847357084,-0.22492659285108504,-0.33512048715339909,0.91493294121398383,4.2362162492441016,-7.7859503089396549,-3.2166994869915411,0.9336824262304586,0.5267345273707323,0.2916666666666667,True,2
-0.97461422871172376,0.15082194445194227,0.16546856578936028,-0.18002654515801433,-0.96729605652676187,-0.17868626714508806,0.13310728090950583,-0.20393891266629705,0.96989245366141852,-9.7017709736744706,8.3582747636104706,1.2345813417455946,0.1441108133909471,0.1160667771571427,0.3410852713178295,True,5
-0.040710201714513394,0.8873472034628207,0.45930123011273916,-0.98775723179836705,0.033541434448311196,-0.15235033050563654,-0.15059326182266813,-0.45988032430390113,0.87511813877427314,-0.63590051524562863,4.5793033465404198,-0.69500805777774821,0.7707128476264277,0.3796057106756637,0.1923076923076923,True,5
-0.83457078652132743,0.50680529989156065,0.21596293729943239,-0.54787543993982279,-0.80458052603606078,-0.2290909850567717,0.057655048312519885,-0.30951343286739846,0.94914557907558095,1.8662316754648964,10.260970337898417,-0.27041893254843075,,0.09759622604477215,0.2105263157894737,False,5
0.9782930972285363,-0.13821167034345311,0.15440255857941054,0.15564076272521318,0.98198809050455393,-0.10712302780229632,-0.13681582106360946,0.12882905063723096,0.98218354029101829,-7.7363341046051337,-9.2572051119548568,-1.5091071598310766,,0.07262208707066778,0.44,False,5
-0.058803959653568549,0.96333028765895989,0.26179543771419495,-0.98194734513557358,-0.0085886314587275067,-0.18895937867929402,-0.17978182808687918,-0.26818089471207973,0.94644466399318239,6.1019559131697418,-1.4391973378757683,-2.7121972261676612,0.3611113063976222,0.1885745514640063,0.2439024390243902,True,5
-0.96582651001028985,0.18051456284549539,0.18599366968271536,-0.22906502556019412,-0.93025085692514586,-0.28664011801410338,0.12127805500770139,-0.31944926951040453,0.93981051153028583,-17.914324401664963,17.299537670756031,4.0343699941558873,,0.1184386221560137,0.5384615384615384,False,2
0.98188705798598086,-0.096776117602793851,0.16288704190747402,0.11923029913178629,0.98374871445851708,-0.13424828702877864,-0.14724789006495734,0.15123772632166477,0.97746877648775732,5.8775428450048421,-0.47178432690576577,-2.5356593239778089,,0.06677242680611922,0.3684210526315789,False,5
0.85675858646969294,0.47504885165841132,0.20073194326882721,-0.47323101081769819,0.87888441691387975,-0.060121477912727969,-0.20498081595826101,-0.043482987983530216,0.97779961896347201,5.1379315681594502,9.2508241906603423,-1.0421969827321504,0.5899911469886268,0.3443741756306838,0.7916666666666666,True,5
-0.21096561281588488,0.93627692333804047,0.28085411343591193,-0.97101488938702918,-0.16770572428743205,-0.17030817546413879,-0.11235477203000474,-0.30864269449621123,0.94451897404774499,3.4051259258857085,4.2179513762107845,-1.389247914086388,0.8833520337229078,0.4941298106155294,0.6885245901639344,True,5
0.26035712828352392,0.9308249676089172,0.25647425880157199,-0.94574664858660251,0.29933915150110701,-0.12633031728689431,-0.19436420050813541,-0.20966867208635731,0.95825967540452084,4.1024441423251945,-3.184286989696572,-2.5956833823598142,,0.08491139475486789,0.3714285714285714,False,5
0.22892866021206384,0.91586026781050733,0.32983577486315047,-0.95066931150183775,0.28321118982689075,-0.12656730275018879,-0.20933114603930875,-0.28458986595257107,0.93551540847543846,-12.661128513594218,-8.668899833275642,-0.67502965499674339,,0.3142109182039063,0.2307692307692308,False,4
-0.1275743102441243,0.96210719251734367,0.24098660849128625,-0.97957805004445475,-0.084151916442840521,-0.18260695175732611,-0.15540797674778867,-0.25936114794894333,0.95319471027580016,-7.7817341363545127,-5.8663966571344872,-1.0763635384168189,0.1044707176593856,0.1344429995533659,0.2432432432432433,True,4
-0.97152289890276022,-0.16698773546445073,0.16810221031274866,0.10657320914951869,-0.94159775902196918,-0.31943044829254852,0.21162563171589091,-0.29241880310482815,0.93258020330242331,10.044138324283363,7.3821873627818135,-2.1362642191685191,,0.4006162291292262,0.8333333333333334,False,2
-0.71856700812317376,0.66232922611556611,0.2120883096025476,-0.69531495940888444,-0.69037626654883777,-0.19979418862496937,0.014091205027697382,-0.29103368674303542,0.95660902730510788,7.8826105332396486,25.808898766610174,1.0324190760407854,0.3105087595760532,0.298501488886925,0.7619047619047619,True,5
0.96640535522622117,-0.21345820205694366,0.1431652379759101,0.22892905777213746,0.96809330065197363,-0.10191588561323214,-0.11684252606668237,0.1312667406747994,0.98443733517932586,-21.449446374243188,1.6471022785271023,2.1962564905547368,0.1047855078081505,0.08405733394019593,0.2333333333333333,True,4
0.059527338269874386,0.93623061274292174,0.34630728516957265,-0.9839770987298273,0.11344216816109631,-0.1375497861072254,-0.16806416980944466,-0.3325704650836051,0.92798239238702107,-1.7676362721244301,18.482440204650985,1.4522789741386803,,0.1024836306573032,0.25,False,5
0.98465277890609193,0.064344057752413766,0.16223053727478837,-0.046012484046943115,0.99237709740852531,-0.11432649671384831,-0.16835010039896692,0.10510727268360566,0.98010749661691354,-11.293746907651462,-15.097875727689456,-1.7387070170228511,,0.08267516160740707,0.3103448275862069,False,2
-0.98613478122166009,-0.04818163146597812,0.15879774448708633,0.0044086886744609116,-0.96419101292555065,-0.26517212156969444,0.16588778354381903,-0.26079536227256389,0.95103471140018958,3.2296628512822596,13.961414682078502,-0.029845210780302799,,0.1224252939223322,0.2857142857142857,False,4
-0.62551848732096138,-0.7698251286410982,0.12686959183513238,0.74581757110017455,-0.63773387400841985,-0.19248806867037049,0.22909118852093041,-0.025783274713074567,0.97306343579806653,-2.7027978195810589,22.559553371426503,2.3131436896562092,,0.1108818573979109,0.4285714285714285,False,5
-0.87782930394987913,0.43531025231450543,0.19980164503014788,-0.47545815727793855,-0.84239801428973304,-0.25358455433756699,0.057924552693470965,-0.31760127479372147,0.94645347294236548,3.2604640493606443,-1.403097121241605,-2.2073242851554293,,0.1587075512556503,0.3265306122448979,False,5
0.9377401493076285,-0.34140180016824728,0.063939215027919577,0.33246092627830737,0.93553459253104387,0.11935140835341321,-0.10056413314237039,-0.09066331683571538,0.99079110719952967,-1.553676783627199,-16.516577728788395,-3.4767977855165442,,0.4734934248135803,0.1666666666666667,False,2
-0.98566083662865256,0.048033002254502528,0.16175767626583679,-0.08811413848811947,-0.96406037032210801,-0.25064616688251184,0.14390487738433616,-0.26130524883518585,0.95446893778487119,-7.7650590669565807,-2.2507519633241455,-0.58634116436900785,,0.07530435340799592,0.3235294117647059,False,4
-0.98425662056725416,0.076935747490763234,0.15912195206057217,-0.12503388818868838,-0.93940284549658948,-0.31920028301574366,0.1249217021735939,-0.33407062820749422,0.93423304570920807,-9.1674050413617714,22.039857011425024,3.3199406584708804,0.4521408227270163,0.3060904053878211,0.6779661016949152,True,5
-0.71136418639916832,0.60957671725518747,0.34982455615499375,-0.70280666860161856,-0.61351574741963266,-0.36008500973690027,-0.0048765641330495851,-0.50201061089235777,0.86484771241747393,-8.5818927885388927,23.750314277340259,3.4842919668752943,,0.4748333877202796,0.3469387755102041,False,4
0.78850893990903581,-0.60723599942364004,0.09756071282796587,0.61426556770637541,0.78543765770838636,-0.075930877671256475,-0.030519895378138456,0.11980036251003422,0.99232878076198683,-2.7623742040810133,16.296261994885683,1.3066207727690162,,0.2593709384078858,0.6071428571428571,False,5
0.69610307691006124,0.69676854191338189,0.17307254350775886,-0.68193104028426255,0.71707754523741385,-0.14411748822786227,-0.22452296678328576,-0.017702912646924862,0.97430798224721882,6.7361477641019185,-10.574239755194993,-4.0270258586996519,,0.06953562572348435,0.3181818181818182,False,3
-0.62025130767799086,0.75053207460062976,0.22801298278698243,-0.78357855423986833,-0.57951931737461759,-0.22396877042350066,-0.035957817774439668,-0.31758300613435175,0.94754845235247376,6.613325707087168,11.331348650286174,-0.96930832769368713,,0.1237136861728616,0.3461538461538461,True,5
0.98756715105247395,0.038506485889625339,0.15240857163076971,-0.034009426495191002,0.99890891512108027,-0.032005283955837932,-0.15347469195788457,0.026424038980778549,0.98779921496849443,8.2827326425618679,1.3550928039501313,-2.6571608952245076,0.510110704471244,0.3840719766481708,0.3235294117647059,True,5
-0.83319417911954197,0.5227759992528378,0.1802573562618458,-0.55061285923155645,-0.81444412907576036,-0.18304709738992567,0.051116916281828101,-0.25176579437887009,0.96643729525024724,8.7819869163317019,0.22459390884491381,-2.9219940822601695,0.5517157492425344,0.3380773058794383,0.9339622641509434,True,7
0.9456298829537092,-0.32180675017472354,0.047165029491534324,0.31980605646472471,0.94639719110413245,0.04534802000848423,-0.059230150374920285,-0.027798780768075432,0.99785721276862693,-19.900383262978718,9.2055355604186353,3.0493676396229232,,0.4528282726082583,0.2380952380952381,False,2
0.24057952743571459,-0.97046906110999342,0.017643480583412863,0.96552382900092415,0.23741255540010806,-0.10676616584754889,0.099424476916924326,0.042720954655526611,0.99412760419531543,-25.00341697241193,0.5743769187383525,2.6650664376417321,0.38428401824392,0.3409866847835287,0.8773584905660378,True,5
-0.83368536546421823,-0.54450012034189121,0.092132135319109854,0.50841094156772171,-0.82189887345145185,-0.25690573429461777,0.21560850146739444,-0.16733756531902838,0.96203488155476169,18.67425636491954,2.2920413086409122,-4.3931562414096996,0.2186664716586272,0.306481565579139,0.375,True,5
-0.97836669160915857,0.13074917395198216,0.16032239475701623,-0.15667586286755039,-0.97435870753644516,-0.16148616981840058,0.13509733803616858,-0.18311133924141079,0.97376534478115362,-16.471328108016792,5.53017733814597,1.8795670744882855,,0.0754694883630027,0.3076923076923077,False,1
0.35907052828320518,0.88856086141404356,0.28553099881020305,-0.90849440920276592,0.40284364052121707,-0.11115264161921273,-0.2137902340279757,-0.21949167832686661,0.95190185364853552,1.4405343548445075,14.093072460588084,0.29430926139775804,,0.2500393301883125,0.2972972972972973,False,5
-0.93834845592697624,0.28992241121791446,0.1882741902998156,-0.32875904290296643,-0.91678528914742263,-0.22676469150289535,0.10686284185340729,-0.27468114073679711,0.95557867491617154,10.609901029257989,-4.8222438022294396,-3.8898769120516561,,0.1198314001783027,0.3076923076923077,False,4
-0.38018614600963013,-0.92175221211475133,-0.076363301682852824,0.90404044799382743,-0.35289908439071782,-0.24119101274158702,0.1953698102918241,-0.1607329950500376,0.96746862560435565,7.708168301722508,9.1453102423795354,-1.5008160672413853,,0.415358084807786,0.28125,False,4
-0.61268573782521729,0.71979108633566502,0.32636938995146625,-0.78942653180707856,-0.53766569734643843,-0.2961779005530546,-0.0377085871469129,-0.43910863112525006,0.89764228539362634,5.6547913835620518,22.738042045708035,0.90382360030710485,,0.5000328695505881,0.2285714285714286,False,3
0.45524610571434176,-0.88706946239516959,0.076542485704807844,0.88697058841068654,0.44433106232244302,-0.12590902409998028,0.077679846333052277,0.1252105264798192,0.98908450879200371,-0.11272991942513655,-2.6354740205874898,-1.7850982613594653,0.4333043855302637,0.3359973353460282,0.6895522388059702,True,5
-0.20537537135316503,-0.97027686397221768,-0.12799907844116609,0.96401235629362581,-0.17799831590131521,-0.19747601487144428,0.16882278801974804,-0.16394940309904724,0.97191535612351809,-32.947471256021053,15.287058016818468,6.2967273550048333,,0.3444923414234921,0.4210526315789473,False,3
0.5059396131248961,-0.85553371753143559,0.10994164833161135,0.86086805888736384,0.49282337343456728,-0.12661480080967874,0.054141417219465124,0.15870469672764609,0.98584051761836866,17.537619374392794,1.7256109049073145,-4.2585866063052098,,0.4879917397025516,0.6111111111111112,False,1
-0.81082884137826605,0.55440409713129801,0.18759714036522632,-0.58389373748372331,-0.78830032357032187,-0.19403789110948433,0.040307484620960218,-0.26686831386089582,0.96288971836891823,5.490326834245093,14.005519080512412,-0.37544483536502965,,0.08904045383518829,0.1818181818181818,True,5
0.10331427601135941,0.97971525113369573,0.1717096009787715,-0.97961701761936837,0.13012463151904802,-0.15302966726281128,-0.1722691474489364,-0.15239949792591928,0.97318946452843647,-7.9644927610479002,6.4095563319014861,0.72192317087427338,0.1702615341270647,0.146587332462758,0.667590027700831,True,5
-0.92759155296714446,-0.37111566456822309,0.042977603191532765,0.31294469044342516,-0.83467722781756104,-0.45318820161833584,0.20405766730821812,-0.40692393499876456,0.89037822274461043,10.939802328831879,0.73943383995071865,-3.2325904422981235,,0.405449406458869,0.3809523809523809,False,4
-0.98479636888708599,-0.097289299009391636,0.14391283516445488,0.041663974211368172,-0.93655614483393967,-0.34803261460199764,0.16864229920077817,-0.33674527446134905,0.92637054953632125,-5.7558930542677755,-18.76151495186388,-3.1372279601899353,0.5973086155439253,0.59373895766921,0.4545454545454545,True,5
0.92220459961354517,0.34471219207154641,0.17524891180504329,-0.33534023281239661,0.93856531461964088,-0.081498947540834879,-0.19257623090337511,0.016390693400998559,0.98114511692251016,-7.1455771031615578,-4.6604798273514643,-1.0074267901358462,,0.100831546486943,0.3382352941176471,False,5
0.86927640636236758,0.46515185084131455,0.16730895074869451,-0.44691291296707131,0.88415811610925632,-0.13613696757831559,-0.21125192913915941,0.043568123404984935,0.97646015845909107,2.9390969866504841,-3.3040604355051806,-2.4064022141258179,0.628677207451184,0.4953003555151293,0.9819819819819819,True,5
-0.64902297958896094,-0.7497575782518221,0.12896800308383211,0.7299848672814182,-0.66148254562720599,-0.17193875470842174,0.21422246732217079,-0.017447512272974613,0.97662905896245322,-1.5969066877695193,-4.7777894271515438,-1.8395669901270939,0.30222412886015,0.3097150761761148,0.5864978902953587,True,5
0.27055905648733974,-0.9535827940392978,0.13220307055771097,0.95656897849884248,0.25081025329147577,-0.14855977321451047,0.10850615801124695,0.16665554823069104,0.98002670469613551,-0.078603542684644923,2.9720329756697597,-1.0318383091472005,0.4049726265258438,0.3812372798570577,0.9875233936369308,True,5
