axis_00,axis_01,axis_02,axis_10,axis_11,axis_12,axis_20,axis_21,axis_22,location_x,location_y,location_z,dbh,dbh_approximation,score,reconstructed,number_clusters
-0.46165612198443773,-0.87872211445102855,-0.12133041914130427,0.88647938074856636,-0.46196216801994583,-0.027299502302248389,-0.032061387086793236,-0.12015989719130857,0.99223669886022947,-17.325342217139287,-5.7501537682290191,-0.080314335376481971,,0.5826924106926625,0.4482758620689655,False,1
0.79001698892879235,0.60224804317689073,0.11476258838790432,-0.61279301674002484,0.78145906378332886,0.1175008521907133,-0.018917606575489059,-0.16315338219139194,0.98641933174536156,-40.618944839817139,5.7553892332080672,0.49292770274647757,,0.2221500664648375,0.3333333333333333,False,2
0.29606936560242508,0.9399841793419802,0.16962509642903986,-0.95384277355024838,0.28161361146075137,0.1042963910497464,0.050268221549466016,-0.19267463877432464,0.97997428000710129,19.429729774982274,1.7780347869005162,-3.1662209058962647,,0.1863730308444774,0.4615384615384616,True,5
-0.63269341110801169,0.74486586748848815,0.21183457458859264,-0.75631111472146062,-0.65312693371878949,0.037665716505506985,0.16641077275612165,-0.13638199258594841,0.97657944213924375,-19.952425225693105,17.356977188268893,-0.98418674774788184,,0.2310067013282161,0.3448275862068966,False,2
-0.43552265010851743,0.86613338780286486,0.24522025971682251,-0.89743444415484841,-0.43902562751462498,-0.043219403395550547,0.070224210119670477,-0.23889213657741348,0.96850354020754426,-15.746017295843041,8.3077074159766262,-0.88324565202679706,,0.4256372858991107,0.2352941176470588,False,3
-0.85870800911118061,-0.51243125569032921,-0.005896039344015773,0.51238252774114568,-0.85830607519873003,-0.027835706251991922,0.0092032795191558936,-0.02692377144059967,0.99959512312611243,1.9224195933889252,16.256267580954546,-2.2564403068735501,,0.4804385184069977,0.4102564102564102,False,4
0.75286283078119731,-0.65814289679959825,0.0067442879799058525,0.65070877174588271,0.74581992822005361,0.14258586550846736,-0.098871898945489395,-0.10295903098838678,0.98975945842252266,4.6516332010242891,16.672621488000605,-2.4591989473569029,0.2485279101504148,0.1674399774470335,0.25,True,5
-0.96069105476946903,0.26777532902977186,0.073273941131364276,-0.26513997236002806,-0.9632156018392406,0.043777841774040961,0.082301229291237232,0.02262913026315409,0.99635055583900023,-2.3979339988048332,-12.435051604804956,-0.92165095104324379,,0.08911854997100228,0.4615384615384616,False,5
-0.88467724092892097,-0.46389030121261571,0.046389307208253558,0.4654291227501649,-0.8845582212416131,0.030536616215396821,0.02686840297458902,0.048605983939667932,0.99845658255472125,-5.9590783421559363,-5.0953704889115139,-0.94661582505011588,,0.06566652626016381,0.2666666666666667,False,5
-0.81244919034015672,0.56422343410769638,0.14689530121601427,-0.57867398841300766,-0.81111060618244968,-0.0850646793476737,0.071152851311860305,-0.1541152196963636,0.98548758024042871,10.673704422590564,-29.21164641697111,-1.8135489673927754,0.3915268028119509,0.4572670140587111,0.4444444444444444,True,5
0.33169167101880015,-0.94089140493217072,-0.068585709163942743,0.93970039196920263,0.32309913587959749,0.11211655420491198,-0.083329518837454278,-0.1016381449979399,0.99132531429984927,-2.4432689309374425,-14.936634404045352,-1.0849949504951399,,0.1680966045432747,0.375,False,3
0.87577557283195195,-0.4810693531525122,0.039867574396849521,0.47240698670784165,0.87111922172207912,0.13410048641199881,-0.099241044636188241,-0.098608209616345338,0.99016545892884755,9.3904615750427709,10.59423403993317,-2.4708372774556833,0.1885510276058538,0.2029039706159733,0.2941176470588235,True,5
0.24001257685760061,0.93097375759690049,0.2751032999003884,-0.96936339965964691,0.21459136319320599,0.11952048461738354,0.05223564252947438,-0.29536148954931513,0.9539565127094336,-4.7340745298242428,-13.314618298204932,-0.84240015505470822,,0.1270214404715316,0.4615384615384616,False,5
-0.71909450688504317,-0.69286303553592132,-0.053328267885852418,0.69461393271662741,-0.71891464300760155,-0.025946493890171188,-0.020361106151113119,-0.055700539110506257,0.99823988865357494,-41.169325693071194,8.1665860093161591,0.33682849602747666,,0.3268895331322293,0.9444444444444444,False,3
0.64901583133490126,0.71345662218094874,0.26411758544788233,-0.76076356791818434,0.61053461636455664,0.22019599439812443,-0.004152638325494902,-0.34384172301618071,0.93901843704381172,5.7125487490397955,16.936824248848765,-2.5419948494422933,,0.3773030031420007,0.2941176470588235,False,2
-0.95565488430894108,0.28268123537367684,0.082553384328422755,-0.28118450255569871,-0.95920113425895248,0.0294696379150335,0.087515813536574921,0.0049500711056407638,0.99615083153962214,23.470400492574235,-7.0448680471072107,-3.6398057935233186,0.4209479696995269,0.3632506406268722,0.9,True,5
0.99120713077957101,-0.12573131471077403,0.04123178862032667,0.10945178530146325,0.95418761230911653,0.2784713759260537,-0.074355434139364629,-0.27150992066023566,0.95955908228572317,-19.913227677773307,-17.838646601537061,0.30392787088833007,,0.5856909590424165,0.8809523809523809,False,3
-0.99710264819872763,-0.036780524166356722,0.066584547735445379,0.035325108660457634,-0.99911334404850649,-0.022905511178286993,0.067367986857353929,-0.020487039470353498,0.99751783721421694,2.5551730077109087,-9.0473526208757651,-1.509308717595683,,0.07739422937168013,0.3703703703703703,False,5
0.41638053176345236,0.88498408885955671,0.20839965267199034,-0.90875194155895478,0.39798127660939642,0.12562170266791539,0.02823404826119769,-0.2416900203437799,0.96994266458642242,-34.284429102515055,12.494235921683359,-0.15706179292520819,,0.1795770085275395,0.4,False,3
0.47026168104261734,0.81411118613330136,0.34070064272848355,-0.8819763653094439,0.41989959805407895,0.21401406166316653,0.03117117865134943,-0.40113252693673818,0.91548951575363935,15.804880409427925,0.43912215440916635,-2.9850171757493844,,0.3490131191953718,0.3636363636363636,False,1
0.82519549273930881,-0.55491216718530423,-0.10547457263454496,0.56208932797831856,0.78829296648618552,0.25029939344971042,-0.055749315113397743,-0.26583206296103545,0.96240601004267889,4.6165048580742889,-4.2087191950111205,-1.8497703582561984,,0.2760729955064736,0.3095238095238095,False,4
-0.81623040744677999,0.57246825391632017,0.07776901836376196,-0.5705648438031522,-0.81990502289179445,0.047026720624454434,0.09068451342510464,-0.0059876284792599946,0.99586167078065946,-7.4494683636424064,-5.8868970068815747,-0.76142789175894598,0.2120346830945175,0.1743092563629129,0.6729559748427673,True,5
-0.03227512142424227,-0.99407360059655903,-0.10380748110826821,0.99705366000260454,-0.039253831426074505,0.065902471833642687,-0.069586748828071851,-0.10137461869406147,0.99241164396240966,-15.855304141914567,14.830525220517414,-1.1351076268198657,,0.798986201806586,0.6888888888888889,False,2
-0.94098383414131126,0.32511946460163327,0.0940572039870676,-0.33013647679997099,-0.94293234674770054,-0.043456830797659052,0.074560918521834149,-0.071943889205558137,0.99461788956119179,18.028740430537649,12.172809375096231,-3.175908121856819,,0.3309833230882192,0.5,True,5
0.98973258887998428,-0.13660136409263565,0.042065066705713715,0.12290041510571445,0.96358945991520562,0.23746755716763951,-0.072971847145101257,-0.2298595659709517,0.97048425513033354,8.5432910482437823,22.479945624785504,-3.0092132579869162,,0.3514565010731537,0.6538461538461539,True,5
-0.34018465464145664,0.89592357156903435,0.28564900604318461,-0.93588623242803048,-0.35215945303447965,-0.010033921971153686,0.091604370518769629,-0.27074835834302385,0.95828177784846669,-28.657789182968035,9.4052507431500949,-0.23500642635799646,,0.4079336436048411,0.1944444444444444,False,4
-0.44260414660231923,0.88985125757361605,0.11075336927194041,-0.89266879502706686,-0.44895530253913951,0.039768815759510676,0.085111643124527042,-0.081264233932547725,0.99305192839448209,-39.53927911758597,7.1702821054080497,0.35192254068839712,,0.111279048521545,0.3529411764705883,False,2
0.97614880891683797,0.19854265457015421,0.087831185614646576,-0.2112933927683974,0.96177267714391446,0.17420797820951361,-0.049885920084306333,-0.18861105963241678,0.98078400433616275,-28.172829732329639,0.11984484291998519,0.26340457832906694,,0.172955446147919,0.32,False,1
0.78795253917397945,0.58673438724698257,0.18674462463799318,-0.61566668386292933,0.75530492283680906,0.22465308348585791,-0.009237445020168232,-0.29198841134604664,0.95637724630456866,-18.346340597278978,-9.4871313015346246,0.052246544121729785,,0.3084149959193453,0.125,False,2
0.94330296840836703,-0.33110437288006267,0.023439369694257764,0.31925772690914678,0.92434450951415537,0.20895389812071047,-0.090851602081461952,-0.18962363246899372,0.97764454911204612,-10.901476374798042,-7.1043492526642806,-0.49623402229106661,0.2869706418966744,0.175789861982533,0.2115384615384615,True,3
0.038058354110042339,-0.9983848420223097,0.042181380993535772,0.99659459341657697,0.041012419349966273,0.071534591855336574,-0.073149012674688207,0.039315247413054748,0.99654580088702804,-0.17652695966635301,-3.8150521512405806,-1.4742142240028504,,0.07909493330409186,0.3113207547169811,False,5
0.9884991262734143,-0.13961414409489098,0.058115128196954094,0.13134647937790228,0.98308692042064427,0.1276252688650828,-0.074950515086473393,-0.1185242492762785,0.99011838818485121,11.525485763141289,-5.980210478429532,-2.4206910060721571,,0.9053560033630662,0.896551724137931,False,1
0.99888974138683084,-0.0087240263132075287,0.046294448015254938,-0.0061194344641810339,0.95034828189141418,0.31112810163640919,-0.046710138877863239,-0.31106596482245324,0.94923976341864635,-18.157542465753732,0.61804561851288986,-0.36425946821135335,,0.6676502593303995,0.2712328767123288,False,2
-0.6093342477989665,-0.79263141103445633,0.021147593262455931,0.79289047548635905,-0.60889669777971012,0.023864310507103588,-0.0060389024071120651,0.031309066969347737,0.9994915077094082,3.143132167599568,12.356369867965645,-2.1368642796041257,,0.2777558373364672,0.3,False,5
-0.81959421430240276,0.56272136525614169,0.10774965877575882,-0.5651570389887336,-0.82493045528179088,0.0093415860572797008,0.094142685130154433,-0.053239168220799805,0.99413416891466078,11.734487483480223,-5.2606163077190553,-2.4531457735405837,0.1477644591506992,0.1036045213645342,0.1851851851851852,True,5
-0.66028698545455655,-0.745686855684491,-0.08928723368271918,0.75077446516725455,-0.65839397951657574,-0.053432856831271081,-0.018941998103641756,-0.102315595075752,0.99457162623520368,3.1808331263359575,-10.791536331691631,-1.4516518622374643,,0.3341632468616652,0.1923076923076923,False,5
-0.89402656763482768,0.41192007161870148,0.17617704436370865,-0.43279284811016061,-0.89570471361766757,-0.10199714029219852,0.11578793973373773,-0.16743631804580195,0.97905987171953923,10.225199695426932,-13.513101912449532,-1.9701277107895907,,0.3045123953410183,0.1428571428571428,False,5
-0.99869487858330497,-0.050915884709650125,-0.0040139974729080791,0.051072684681112555,-0.99611668465061609,-0.071715628980922486,-0.00034694515783645352,-0.071827037004872266,0.99741704235698669,-0.73429028986386213,-8.7172399505833464,-1.2364790992601487,,0.2149429071449147,0.3255813953488372,False,2
-0.98055316795184111,-0.19079950619350661,0.045945981934474772,0.18170865049739252,-0.97109919321683913,-0.15475245803547316,0.074144798563523517,-0.14339423060192655,0.98688431109023955,-10.796845290865175,12.948749811861266,-1.3504715158914755,0.6949567057000835,0.2981738193816504,0.5263157894736842,True,3
0.31229743112435332,0.94190079447980157,0.12366571016836905,-0.94848540928493152,0.30184151516253777,0.096265923867055736,0.053345504840840136,-0.14735872245205139,0.98764349034992061,4.8251212019455085,2.7657387335883783,-2.0075123718068721,0.2791015617177071,0.228900330784023,0.8430232558139535,True,6
0.97586165401277358,0.17467856373169502,0.1310779600088644,-0.20521239196129804,0.93877688281466054,0.27674146505052527,-0.074712157062795603,-0.29696020552495039,0.95196256750021579,-23.45661598722139,8.5375112118714735,-0.42788181018379046,,0.3967613907407421,0.40625,False,2
-0.2693235624721606,-0.94989770322654143,-0.15861643074488246,0.96185430195411814,-0.27351965299798636,0.004827135404925062,-0.047969995931421226,-0.15126583496878271,0.98732847961635173,-22.680305674707352,9.8667564838406356,-0.56740175885653088,,0.3968992212667367,0.2941176470588235,False,2
0.84268436738895058,0.50789397750200049,0.17868062171226495,-0.53416049458588255,0.83025813794456371,0.15919795978777815,-0.067495355262783871,-0.22959776130011184,0.97094245196300255,-21.615355048142192,1.9621244916310137,-0.22068293436891384,0.319754962457774,0.162213703062017,0.2592592592592592,True,4
0.99873804223525187,-0.014343385544109709,0.048130970104798262,0.005495074009245187,0.98380530485168305,0.17915615062653997,-0.04992120945779336,-0.17866557988829188,0.98264260207333332,25.236378768267407,-2.6444010142402012,-3.9834363175978327,0.1560215748708629,0.1749606069733884,0.35,True,5
-0.13988507301982792,-0.98396842732709899,-0.11062685193782335,0.98830921103423774,-0.14559052176946213,0.045258185511330755,-0.060638846716602968,-0.10300259217287426,0.99283100086296106,-17.349169625084066,13.787147557704388,-1.0185832257036407,,0.2254744980853409,0.2857142857142857,False,1
-0.69523997458657161,-0.7184216737999819,-0.022620264173889716,0.71830125895780117,-0.69558065224407739,0.01452093672400076,-0.026166373774407781,-0.0061526285550955392,0.9996386677421808,-4.7364872672134917,-14.753290394882756,-0.90298548886874785,0.8007961278479558,0.6872810956843118,0.8197674418604651,True,5
-0.54792987595263865,-0.82697603605651493,-0.12602970612827274,0.83621419382648199,-0.54557661587052009,-0.05560555959970967,-0.022774395308146927,-0.13585577648198816,0.99046682676141329,-22.243191586280158,-19.658172195735034,0.49645261583323813,,0.291858380590803,0.4242424242424243,False,1
-0.29933468784979061,-0.95133900449952069,-0.073163127104642525,0.952962759204525,-0.30190366720441736,0.026761078039254552,-0.047547073718232878,-0.061711216536267328,0.99696088265009053,-13.688210421412158,13.279360918394856,-1.2080597178010741,,0.3297748765375227,0.125,False,1
0.85983778352040674,-0.50967660687426874,0.030145355128895712,0.50218261815072518,0.8548982243501333,0.13023687661439298,-0.092149899934823684,-0.096844113957028063,0.99102452721104795,-9.6311859627752501,-9.0027832845882809,-0.53574097577439261,,0.1019675190696941,0.4905660377358491,False,4
-0.93494045768965384,0.33744084920961892,0.10963582379748316,-0.34032645496534342,-0.94027159762476697,-0.0081991920877017219,0.10032070885806003,-0.044977727653363705,0.99393800580788594,-40.086516130688558,15.429031533027082,-0.20525818152312608,,0.3179085695386479,0.5517241379310345,True,2
0.27144136878859271,-0.96167802643699007,0.038664670933941062,0.95850155894594602,0.27374562527368057,0.079612148204351169,-0.087145538086382451,0.015450116885525132,0.99607577476809317,16.126587794545518,0.65455998515738878,-3.0202061521403603,0.1331275331482236,0.08846710569772162,0.5357142857142857,True,5
0.37229947770793931,-0.92736298512567905,0.037296014762770981,0.92271406413768453,0.37416290684810688,0.092740902419003055,-0.0999592654080243,-0.00011383217486229946,0.99499152373340538,-15.968603544275405,17.84231538995288,-1.2151425769187016,0.4941358867944022,0.370572476988296,0.8970588235294118,True,2
-0.88616970335169032,-0.46320470008893933,0.012027579851895856,0.46262370198652986,-0.88592541174477035,-0.033398730292298888,0.026125987480979603,-0.024032699398426942,0.99936973245029248,-11.47385197395211,-17.836083090472819,-0.25034651432296884,,0.115801041447304,0.1666666666666667,False,1
0.84587564454848574,0.51056992721221683,0.15431378223022046,-0.53314079287074834,0.81800460278404274,0.21593833564531814,-0.015977763824577419,-0.26492795105581446,0.96413582643346174,-13.970094582463577,10.209832540803141,-1.0187954622275852,,0.2731941898986643,0.4166666666666667,False,2
-0.18420998006698008,0.94092318753470561,0.28413067135255132,-0.97904294314250373,-0.20119686900024547,0.031539425919970838,0.086842378632704748,-0.27236625169801565,0.95826667802307863,-1.6755677862909093,-15.145048576380972,-1.1462157685258978,,0.4698651095388406,0.1904761904761905,False,3
0.62360196254437184,-0.78142967913740879,0.022096354315042414,0.77629342978357985,0.62233953438832879,0.10030959481607907,-0.092136329347635132,-0.045400005512400129,0.99471088076577285,20.362006372147246,3.0691683734555375,-3.2919502185126581,,0.1198369348948069,0.3478260869565217,False,5
-0.99729154868972347,-0.032465583537039926,0.065996612016470155,0.024994408413306399,-0.99350217402067909,-0.11103472323671046,0.069172584599115905,-0.10908444482043966,0.99162277980999147,7.0713659573416923,-7.1088981894250072,-2.0340929772449803,,0.443008638823018,0.7833333333333333,False,5
-0.60485712186137874,0.78951512427438042,0.10398908921410832,-0.79083245062416785,-0.61085815146935096,0.037899258874298479,0.093444620890360292,-0.059314309617980995,0.99385608389806601,11.171642489145544,-4.254453855758463,-2.4125854638702298,0.1345175900112092,0.1410800332802742,0.5,True,5
0.99106859086746535,-0.12164115816920321,0.054648667277707702,0.10653226858888287,0.96869972736651666,0.22421354541896055,-0.080211744434844606,-0.21638915601131462,0.973006582308377,-8.9925073698269653,-1.9718176442390662,-0.82794698682036394,,0.2156643454679225,0.1166666666666667,False,4
-0.24240577470642466,0.96429102929899613,0.10668763378415073,-0.96649667595178468,-0.24958890314844492,0.059912893431274261,0.084401515170813637,-0.08859001207043149,0.99248586589343035,5.6471229652089878,10.541193837308505,-2.2151303753648324,,0.113414311278221,0.2857142857142857,False,4
-0.25368765348253591,0.95094504593865348,0.17704828176307313,-0.96403927868120776,-0.26354931575961799,0.034205662140244786,0.079188658470391138,-0.16200394367844517,0.98360758364415335,-10.791304652278018,-13.601579005407972,-0.47618703920680483,0.7900778333631631,0.7686000076503374,0.6885245901639344,True,4
-0.9969192540758316,0.022961050531803986,0.074998606729477474,-0.023901673522253086,-0.99964621703098033,-0.011668366573130064,0.074704155545207138,-0.013425011513040042,0.99711536855579141,4.1440415666021568,7.6727267702515389,-2.0783198564574379,0.8843583622062764,0.8228408669742922,0.7473684210526316,True,3
-0.30326680211995855,-0.9437184361082509,-0.13200287906456415,0.95236274575619273,-0.30484739247875053,-0.0085596608948685302,-0.0321628236891979,-0.12831048534046879,0.99121237488443104,-0.90859431767841126,16.22040724244135,-2.0511146661708937,,0.5567675382494897,0.196078431372549,False,3
-0.69472483029727983,-0.71518326740298221,-0.076617910407495077,0.71688679544208544,-0.69715228283705055,0.0072122850655583215,-0.058572456745417521,-0.049915814747272309,0.99703444210765491,-21.683057506674036,-0.70857704889443918,-0.056147933827274329,,0.2786208244621151,0.8611111111111112,False,4
0.97946257084899035,0.17644235768560115,0.09757646601631989,-0.19346106180608105,0.958740057256665,0.2083034329442299,-0.056796917792705098,-0.22290266267102776,0.9731847271219457,4.6200536508979573,18.532739728559996,-2.5131871049167143,,0.1803759969162897,0.1875,False,5
0.85753699551296048,0.50167577625345616,0.11380560991048559,-0.51375264127663345,0.84648455577574455,0.13972158177756192,-0.026239758152245926,-0.17828435812945898,0.9836290778227732,6.6362410326375088,14.449478226653891,-2.4884003122351435,,0.4975972352290575,0.352112676056338,False,2
-0.51861443291882914,-0.85432798995870618,0.034099201477433311,0.85461210852776559,-0.51674789354054451,0.05108579527752085,-0.026023334260008059,0.055635421221801241,0.99811196064342644,-13.171923114920778,18.303058792983538,-1.4041736558603224,,0.1211194754521273,0.4615384615384616,False,1
-0.94800620743410036,-0.31442332051719818,0.049215913903469098,0.31555231896016067,-0.94875674532798959,0.016952055730949194,0.04136380864088026,0.031600849823691921,0.99864429184026349,-1.7268081726051014,7.2500205618168225,-1.7021437856631463,0.1799069988750795,0.1393582117090504,0.519650655021834,True,5
-0.67596853563838066,-0.73586147266773794,0.039679111257316088,0.73690094330926326,-0.67447878913548254,0.045336108746226199,-0.006598376832216063,0.05988535755591836,0.99818345276486076,0.06398501638628934,12.816697611379363,-1.957145165422346,0.5041435432187055,0.464521110803535,0.9056603773584906,True,5
0.97121696618395192,0.2238098075032256,0.081527753935753705,-0.2325939970168264,0.96489024804594425,0.12201164607352841,-0.051357931696830027,-0.13746264689436366,0.98917459710640476,-22.728443609144353,2.3780246027204419,-0.17862787102804462,,0.08236415280825722,0.3055555555555556,True,5
-0.3682710588474824,-0.92869341629673485,0.043645913238868329,0.92882809392784604,-0.36545866800381921,0.060978142897594352,-0.040679222530910289,0.062996035652848337,0.99718438633299256,0.73406100821917719,7.1072480387197352,-1.8489059669549461,,0.08097920489594154,0.3648648648648649,False,5
0.35776919983674188,0.92830034017880392,0.10129006897071677,-0.93284372809505589,0.35035689224699612,0.083979920271112563,0.042470914775798438,-0.12453323443539817,0.9913060551208005,-2.4538123813849442,-10.575410110435932,-0.99120832722511476,,0.09326677916803112,0.24,False,5
0.48381056167418957,0.87025765139347189,0.092622678667943978,-0.87457757239098055,0.47686375510431206,0.087835237453513348,0.0322708890984666,-0.12350133302493033,0.99181954530945859,-1.2202747551908675,-16.461604467412048,-1.1357033378085777,,0.1668784840619243,0.4375,True,4
-0.93438015233684668,-0.35623107296888507,0.0057579137199593455,0.3544117858977584,-0.93101725077143882,-0.087173188439744531,0.036414515453744717,-0.079412224609481261,0.99617653136722739,-1.0373574003425561,-5.6956342158461002,-1.3866562679295764,,0.1842506166665731,0.2125,False,5
-0.83326598896800663,0.54700016395072459,0.080365491767608252,-0.54437256286041058,-0.83713203701829564,0.053558056372375262,0.096572793445966407,0.00087933809126139462,0.99532553585777306,0.21907958832369973,4.7333554106677278,-1.7442274616955367,,0.0781588202309954,0.2767857142857143,False,5
-0.41572867103165029,0.8705539947572688,0.26325921502279842,-0.90720549064420142,-0.41743011945025194,-0.052252206850643669,0.064403958164635344,-0.26055294584385413,0.96330903275367363,-7.8805594140526436,12.57666987275204,-1.4661763748968695,,0.3969824558439011,0.4,False,5
-0.99515692341057249,-0.080394437485558148,0.056563523664868658,0.081257018842329304,-0.99660688930344699,0.013115070787670539,0.055317218629128556,0.017647736803594837,0.99831285813058113,-25.85469309855927,0.22507321729221924,0.13010020991610913,0.2029396697367687,0.1366736486288513,0.3333333333333333,True,5
-0.96120195266043462,0.26337105092372642,0.082015216497311444,-0.26500901608874516,-0.9641983998475353,-0.0095742949154729654,0.076557348396115027,-0.030937602796357398,0.99658508775707255,-14.558278514035587,-15.121387820337532,-0.166968132861394,,0.2606892272355103,0.6363636363636364,True,4
-0.99490740505421882,0.072592213954376525,0.069925859604899471,-0.068971253941615476,-0.99621628717974364,0.052877928169784705,0.07349980610861008,0.047785768080148554,0.9961497371735778,12.713820358989301,1.076533446692914,-2.685156528179713,0.2583821202377163,0.1949405593247473,0.8918918918918919,True,5
-0.93992261110275999,0.32599437104059131,0.10135657446667926,-0.33110598942242897,-0.94282544474426244,-0.038065791879036519,0.083152323517533239,-0.06933866736989619,0.99412164260768543,3.2751616122038483,-13.305328178888432,-1.3769605431098941,,0.1187449986878456,0.3846153846153846,False,5
0.91005526817347993,-0.4144233382006845,-0.0072598639311541244,0.40473549681343607,0.88473157794002866,0.23116922938602755,-0.089378892859997339,-0.21331509967733142,0.97288646910149457,-13.665262362195456,-10.931197868014944,-0.1833432174179537,,0.1468617462996351,0.2173913043478261,False,3
0.5364355392798037,-0.84350423104538907,0.027157400577237562,0.83834604116054068,0.53630238471721492,0.097753094156026371,-0.097019727210679724,-0.02967093451771937,0.99484009176189236,-3.5254138166865001,-3.9727290652287928,-1.2122444761606079,,0.0732952802205253,0.196078431372549,False,2
-0.85083887820839699,-0.51832818702288819,-0.086076093467594636,0.52506659160252633,-0.8327047710513148,-0.17580625316319834,0.019449362765442492,-0.19477847623888767,0.98065440777170576,-5.3973108355515791,24.771412150623465,-2.2547536074622099,0.1726930734387744,0.156783846127469,0.3333333333333333,True,5
-0.89016140768282415,0.43983144621506814,0.11899986215325847,-0.44710797249111417,-0.89348680530365321,-0.042140119638612611,0.087790256902563035,-0.090717295311495527,0.99199961851018315,8.2178136087122073,4.3250942139652881,-2.3748206890386316,0.3055597230823233,0.18694903531631,0.4126984126984127,True,5
-0.99221229370668673,-0.11080513534099506,0.056894518183910461,0.11017370282008053,-0.99381194166714393,-0.014127271735668807,0.058107825843238495,-0.0077489729541797983,0.99828023820665068,-24.042890057541229,-20.239120537992779,0.64420619234363474,,0.1547980076343843,0.375,False,1
0.34448830404537939,-0.93757535617474641,0.047752066654081979,0.93482319539707615,0.3472598293992038,0.074271153439515472,-0.086217177659318883,0.019054195848510258,0.99609414007764763,5.5151821506766048,-6.4477555296471634,-1.9026628089454567,,0.07681982335389576,0.282051282051282,False,5
-0.997017766985547,-0.050884113801029779,0.058020507390385216,0.044462579321162793,-0.99325892428189377,-0.10705040109445967,0.063076551548600035,-0.10415141044200622,0.99255923367206567,-22.425276696569121,0.40240932192709933,-0.068336186009296085,,0.06944444211779482,0.1666666666666667,False,1
0.36474861376235584,-0.92340200268405181,-0.11952903495604357,0.92935175116467028,0.35317259690098235,0.10758456862105328,-0.057129426442086184,-0.15032584021817233,0.98698448336187117,-10.110765614199256,-16.659114096462922,-0.39785083136123522,,0.1537678150300055,0.2142857142857143,False,4
0.99163094358482085,0.11070339570318682,0.066429134458176067,-0.11701815622057987,0.98806063658383925,0.1002144178662681,-0.054541936524244876,-0.10714913258315566,0.99274580862719508,-7.6964350838099138,-21.657596312121512,-0.53589899105214622,,0.1350463200318405,0.5294117647058824,False,3
-0.51672490559771844,-0.83713912051545336,-0.17942537400725755,0.85614273386111406,-0.50619270731361077,-0.10386800430997198,-0.0038718460517455505,-0.20728491494831996,0.97827295416106719,-15.539526371097544,9.4707890383124731,-0.932897853417471,,0.4588940557552045,0.8997668997668997,False,5
-0.99779175485675708,-0.0019182380308844942,0.066392275926718605,0.0036220105510950374,-0.99966694899753572,0.025551362420138859,0.066321150317530123,0.025735412272089142,0.99746638719093916,-12.092723401628534,-3.2133686151012695,-0.54470000834678889,,0.07281264364597179,0.2181818181818182,False,2
-0.87951782354143737,-0.47420504983166917,0.039723655258266322,0.47522856563269639,-0.87959323137811618,0.021761381401320928,0.024621301338949412,0.038017338517418509,0.99897371011074609,-2.3735580279878472,11.427820718571489,-1.7147647234278587,0.2106546608751495,0.1700429354369806,0.7336683417085427,True,5
0.70141808332490274,0.70618944296908293,0.096483900334905337,-0.71269231975652381,0.69318214940840928,0.10755540479958345,0.0090735739862756529,-0.14420464063459884,0.98950628693028608,-11.586863379887705,-1.5610408090943342,-0.66165708096977371,0.1697358114999245,0.1454853341956925,0.3240740740740741,True,2
-0.88830824524520302,-0.45901239488398954,0.014699754156190514,0.45921502409602483,-0.88817177686424498,0.016506254157034952,0.0054793315171868598,0.021412989624847705,0.99975570055961704,-1.0274907200185803,-13.620187460023583,-1.0971001566390222,,0.1647505129082617,0.2926829268292683,False,5
-0.75376598466830858,-0.65655997407440525,-0.027673828799662965,0.65705806202043804,-0.75232321865927165,-0.047796211147967116,0.010561415196975982,-0.05421047047915372,0.99847367586705427,-31.691879595677698,12.253991216900227,-0.24738211466115595,,0.2596532131142317,0.25,False,3
-0.75495489947607808,-0.65476456396381599,0.03642067454534622,0.65576541886998496,-0.75410266765312617,0.036067742550803562,0.0038490481079358277,0.05111293785052734,0.99868546220166332,-11.222452218484989,-11.186385514145872,-0.35908288703271579,,0.07698221851576952,0.2424242424242424,False,3
0.36254998036128638,0.91659183856351356,0.16857316873924394,-0.93103065119562001,0.34811801300067807,0.10952522795557304,0.041706573514152981,-0.19665515630976568,0.97958527511518423,-2.5239895515870336,-4.6810661330048742,-1.2478095507681419,0.3483306669565089,0.3055007959786892,0.605,True,5
-0.57211433604936057,0.8157665070135558,0.084912852511871639,-0.81490625759346758,-0.57710016052376734,0.053695400719727671,0.092806130302957437,-0.038476106330364003,0.99494050647254606,1.1885702013662895,-8.4424256127313964,-1.4221650090816946,0.1626553145861047,0.133650403013252,0.5333333333333333,True,5
-0.7963748628713182,0.59914823777117221,0.082513435041749947,-0.59730750709565328,-0.80056370787802622,0.048181859612964152,0.094925337786421413,-0.010915072344527342,0.99542455336496927,-6.2257433612025448,-17.755850310845386,-0.63491460291829238,,0.0744292377087844,0.3684210526315789,False,2
-0.56576971929479836,-0.82325357976942193,-0.046456088146953817,0.82439022761535008,-0.56590676874394419,-0.011414101020206513,-0.016893115206991632,-0.044755697811790673,0.99885511971055319,-20.601242943574725,-11.671861285439158,0.22807916935846329,,0.462958689194863,0.9180327868852459,False,2
-0.21130458611697484,-0.9766027295807036,0.039968493359814131,0.97587984093232161,-0.20850022964289736,0.064700775117192605,-0.054853513541435674,0.052676017449865817,0.99710397112727467,1.4364645278042081,9.6844102560484657,-1.8677728188235025,,0.07535214296823348,0.5,False,5
-0.97474837924587143,0.19584189785221001,0.10729188321206815,-0.20382023597293814,-0.97656146100454999,-0.069173869984226394,0.091229976244013911,-0.089295374607553976,0.99181824318179079,-29.447755716168579,11.97430180744081,-0.32499497743470152,,0.3357011447504323,0.391304347826087,False,2
-0.57499973588562103,0.80648487551228931,0.13768605340191403,-0.8136535361332824,-0.58130780338802157,0.0070114804427874045,0.085692630192290703,-0.1079971448239333,0.99045110421494664,-3.5838648424228414,24.872133981592565,-2.3532823788846771,0.7054154037768786,0.5580653470746085,0.6835443037974683,True,5
-0.36052239065493452,-0.93245181219955064,-0.023605587521287261,0.93235579315056749,-0.36099060249303339,0.019961460124276135,-0.02713449492854186,-0.014812252951227747,0.99952204395274968,10.023808483216914,-5.0595033671483929,-2.3095662547750262,0.1896751573158012,0.2090471144476242,0.5212765957446809,True,5
0.98273618076787683,-0.1731956481239009,0.065060483249887294,0.16814908228405206,0.9827972092373749,0.076390651537069906,-0.077171789773194124,-0.06413199658648433,0.99495306516289139,-12.045029554690093,-7.5662380225980783,-0.41591586865172742,,0.601113084807147,0.2212389380530974,False,1
-0.17715938903629674,-0.98401095480163303,0.018357333865902117,0.98288886860381897,-0.17593989076922673,0.054540139446253091,-0.050438307376340669,0.027705516896291728,0.99834281761453003,-11.284235466861604,-2.620259256576241,-0.64929460929221239,,0.1038487952616575,0.3063063063063063,False,2
-0.8551955804411292,-0.51530837101959592,0.055657901066159005,0.51785552770226007,-0.8539857432163811,0.050338879719142984,0.021591007900824678,0.071872339187584636,0.99718012176212723,-2.1766991903949071,9.915939394259448,-1.6342425581941138,,0.07587174215841296,0.3875,True,5
0.96486676633689561,-0.25984256352703267,0.038909708278073191,0.25373516681738206,0.95996288677184305,0.11870013117442951,-0.068195222257428148,-0.10465705040928444,0.99216748256576648,-9.2912534500444277,-10.831627076349028,-0.49654981891905087,0.7116811174951796,0.6045962815409902,0.7771739130434783,True,5
-0.10559492254845382,0.91623779373438607,0.38646865030003585,-0.99141088516708964,-0.12715809278614787,0.030582285905373756,0.077163262659083104,-0.37991989257175635,0.92179537106891096,-14.342334605110651,-2.8911459618227902,-0.40418165520103766,,0.2571686958958022,0.1470588235294118,False,1
0.68184041304507703,0.66841285708992881,0.29718328286664858,-0.73149757599427223,0.62179705535823182,0.27978512873692346,0.0022242870821460314,-0.40815765878482729,0.91290874578035786,6.8958898908607775,1.2752593582894403,-2.2094262842406702,0.6972858123621636,0.6410861972706402,0.3018867924528302,True,2
-0.53594479830056185,-0.83944611835658223,-0.0899632566698053,0.84205597263823451,-0.53918912784818407,0.01472492290612926,-0.060867989278824773,-0.067862351759879258,0.9958362260405933,-9.9456889911423954,7.1436829392815016,-1.1800608298949655,0.5575876990090181,0.5741883414556329,0.7927031509121062,True,5
-0.58598966581125167,0.79341278896383383,0.16465800275434284,-0.80497292655129526,-0.59328114155377965,-0.0060062131237122451,0.092923081534466212,-0.13606481317840988,0.98633243256665948,-4.0738318423859452,21.274779821461919,-2.104925256558241,,0.1150898125568299,0.4166666666666667,False,5
-0.77002980712437508,-0.63497131195536016,0.062173379622524449,0.6374970256287984,-0.76965020151355157,0.035158350709106417,0.025527210079306521,0.066708322597993822,0.99744591895587442,-22.721313357888771,1.4553553083171988,-0.11321324406825671,0.4529789825485208,0.3110738361142757,0.9503105590062112,True,5
0.2169211085723014,-0.9751769262599923,0.04444316759501675,0.97276715207604103,0.21974526831660052,0.073729810079332714,-0.081665785354903223,0.027239301433408532,0.99628746853495453,4.0199715516811549,-6.0980605066238676,-1.7752310893566139,,0.1125714188845492,0.5277777777777778,True,5
-0.4373126864404015,-0.89299916038201066,-0.10634901896728388,0.89863922859498646,-0.43848539755545024,-0.013345147464416028,-0.034715286380603935,-0.10140540265520058,0.99423930379152181,3.6825502761523876,-12.027496829141784,-1.4431054469895916,,0.2567302209654276,0.2307692307692308,False,2
0.29590075812555799,-0.95461618529826298,-0.033921676068752155,0.95282947576320853,0.29246435785679259,0.081120832714068669,-0.067518378664849013,-0.056325288725467978,0.9961268646073469,-10.861692416552065,15.006361459624099,-1.3977005776125955,0.1702815363208216,0.183081251918559,0.3888888888888889,True,4
-0.76334651388037633,-0.64567041131065062,0.020293341386131723,0.64563162210797009,-0.76359253794683679,-0.0092867931032290726,0.02149205157517672,0.0060129817766408009,0.99975093686840122,-4.7404762504776574,-10.032138397264257,-0.83692282269217044,,0.1322116938603815,0.4545454545454545,False,4
-0.98609109278801643,-0.16009967469303929,0.044636878109021685,0.1586779618647538,-0.98675237647033542,-0.033779460454451349,0.049453626182357865,-0.026226736230974511,0.99843201930030645,6.4649158456683384,4.6211350102023498,-2.2306265831483971,0.3632769963118566,0.3455287029775672,0.5647668393782384,True,5
-0.91127295100385763,-0.41172486245735779,0.0080153854050569948,0.41048676002252638,-0.90974336180561788,-0.062190316744828042,0.032897243272508078,-0.053382143878670393,0.99803212277961628,-2.9818526373371927,-7.5256321856658301,-1.1142006260594364,0.9482214889987246,0.6409641639503433,0.7286821705426356,True,3
-0.79786561052416638,-0.60283473361794015,-0.00086688331773669691,0.6023053346563314,-0.79710300264899614,-0.043070721058271651,0.025273531360381567,-0.034886775599671419,0.99907164983340124,-6.3096198177466958,-8.3470944624957575,-0.80053065149864566,0.3061152413562251,0.1648841050328072,0.1111111111111111,True,8
-0.84300564826113422,-0.5355696486008712,0.050066241094825985,0.5375981456818808,-0.84200973283417668,0.044808967539125451,0.018157939289168631,0.064689731102072962,0.99774021064138385,0.094571355244314689,3.7168502969743078,-1.6733107765936772,0.3417861300857229,0.2413728134602336,0.8872458410351202,True,5
-0.99346524191164998,-0.10886414630690398,0.034284264062346692,0.099384823267994721,-0.9728226736173835,-0.20913799893829829,0.056120139142888499,-0.20436399718344539,0.97728495672336457,-8.1976308233864827,-4.853827380147413,-0.75921271091425813,,0.3361622529112109,0.1951219512195122,False,2
0.93276709785117451,-0.35673412076160943,0.05182960785824816,0.34989492172977643,0.93055725374000653,0.10787372831033121,-0.086712657173055582,-0.082486147905566964,0.99281264621764842,1.1049432837738224,-9.4587955980684892,-1.3565971695705272,,0.2800384680501849,0.1481481481481481,False,1
0.94974368119956154,-0.31195754687909261,0.025873325388992056,0.30143272809372218,0.93372034412592186,0.19314406384703206,-0.084411198637870583,-0.17563828714306295,0.98082921124626443,15.638333035901242,11.573981205994045,-2.9990036003718359,,0.6681870162362022,0.3333333333333333,False,1
0.28960837405345885,0.94446173613700457,0.15530298983338092,-0.95592060245765498,0.27719979892767266,0.096830125846512904,0.048402391212682638,-0.17650014291080096,0.98310981486167714,-13.415731633138273,15.195475710988372,-1.2706108596648493,,0.2994839524434869,0.2857142857142857,False,1
-0.10913729740251257,0.98237318496028592,0.15176289331276066,-0.991953412555303,-0.11748850769446681,0.047168611169046394,0.064167574643000214,-0.1453938651756396,0.98729081142980535,4.9530263317522314,6.251310722820735,-2.1596158737513327,,0.225919037493642,0.1794871794871795,False,4
0.92906258810839537,0.33321733481909172,0.16065153330544682,-0.36869993348894864,0.86939076590793452,0.32896816745584812,-0.030051063584748079,-0.36486422670642227,0.9305756442371298,-13.155596069083201,-13.014124841036544,-0.29609371228383513,,0.7468235940733207,0.3882352941176471,False,3
0.10821566428747637,-0.99405932271057884,0.011637565682164758,0.99126356919415348,0.10878445223304839,0.07458203095132436,-0.075404949381913292,0.0034649508715273239,0.99714697398335927,-12.511383449916444,-0.10670574142882286,-0.7074953627708882,,0.08441215910558846,0.4375,False,4
-0.95305217841046019,0.28453903357468413,0.10358128981365965,-0.28896066205084653,-0.95686413576149798,-0.030211942680632119,0.090516744385847878,-0.058724475866424125,0.99416203655138669,-2.4720620666876774,-13.983591463574475,-1.0559590731711024,,0.1170940102458808,0.1764705882352941,False,3
0.30240943914904206,-0.95306697552541897,0.014555798720547672,0.94917670390321696,0.30250260317048744,0.086923873835119791,-0.087247440541181998,-0.012470574882892549,0.99610861299413711,-15.441281774768687,-13.780620616572337,-0.14441432850435781,,0.5208440864369737,0.3269230769230769,False,1
0.19198083456496773,0.95730845158447675,0.216110822692135,-0.97841256395020659,0.16953343734129328,0.11818319816128608,0.07649976381742972,-0.23413445314216083,0.96918978739341877,-12.927530797035411,-7.2621678476584526,-0.35003761115572768,,0.3722008408631121,0.375,False,2
-0.98532697741995667,0.15178232048093485,0.078056868742445287,-0.16231177310635259,-0.97472078891055236,-0.15353915453936226,0.052779123519858431,-0.16395581982660162,0.98505474632908752,-5.6604901142346771,-19.530182765921449,-0.73430518806595824,,0.3348208874538168,0.1818181818181818,False,3
-0.33927796939725147,-0.91849659711371312,-0.20311194098872479,0.93965878019097637,-0.34100164001060862,-0.027554642441549038,-0.043952659665645266,-0.20020460184672279,0.97876773603736622,-10.947714236746855,-9.7130052681166923,-0.42119447466767085,,0.4817188039944756,0.1481481481481481,False,1
-0.11158014393966456,-0.99369687759957259,-0.01078827730753814,0.99015780399811315,-0.11209256299383677,0.083802031616824202,-0.084483102807829058,-0.0013314542175130797,0.99642402247719253,0.85607524862312256,-16.840962207488317,-1.3032038776043513,,0.1122879505312227,0.4736842105263158,False,4
0.57888577207491432,-0.79894101637148385,-0.16304758584085582,0.81302135308057144,0.5502444768697724,0.1903346923431132,-0.062350158975479492,-0.24274321418653766,0.96808480498462612,12.800665737041818,-8.5458256982650429,-2.4869932072507237,,0.4119149412769204,0.25,False,2
