axis_00,axis_01,axis_02,axis_10,axis_11,axis_12,axis_20,axis_21,axis_22,location_x,location_y,location_z,dbh,dbh_approximation,score,reconstructed,number_clusters
0.58379477542377878,0.80928516452638599,0.065124363070967695,-0.81166431644323567,0.57980610715292025,0.070893691686289007,0.019613709507230119,-0.094246488452757848,0.9953556659876357,-20.645009774568145,0.37589096212545903,-2.1060812308602181,0.4802787618817092,0.1802899818990354,0.2222222222222222,True,2
-0.65739876133510633,0.75277588418933883,0.033990245336366687,-0.75339199148603386,-0.65750075869562574,-0.0096570947693529058,0.015078984043211702,-0.031956540764532616,0.99937550687546328,-5.7218812953666731,-8.7189339773787768,-0.86240255863626214,,0.4460519108610238,0.6854460093896714,False,4
0.55809493586323589,0.82861545888932819,-0.043891500924873282,-0.82689173710381469,0.55978302990125739,0.053786750636226635,0.069138250435242229,0.0062754062972453992,0.99758735036214141,1.2975611996073413,10.469083036613064,-1.8870004335040274,0.1903630305461962,0.1009519641863816,0.2666666666666667,True,5
0.31213056323980792,0.94796387752413003,0.062761440399476731,-0.94888481237188671,0.30781459114737181,0.069769551573352379,0.046820127526209801,-0.081330587027226078,0.99558686776807048,2.8359117964108411,-13.293073329785882,-0.20314767442121209,,0.1827673934547997,0.24,False,7
-0.050700847702384449,-0.98880065769558201,-0.14036624730697861,0.9978915143929894,-0.055858693214927452,0.033050444698785354,-0.040520976601341553,-0.13839460153165256,0.98954786883817258,-3.0139335788826296,-3.9465438088587939,-1.0540651342620357,,0.06625737487427057,0.3108108108108108,False,5
-0.030419642590207265,-0.94072723477474196,-0.33779715081354755,0.9987266665934712,-0.042213986114303499,0.02762290374733193,-0.040245382092570788,-0.33652674355748902,0.9408135097301773,-16.352478991609516,10.330053276729656,-2.638820711899299,,0.1015706942885833,0.2857142857142857,False,1
0.99611652961312347,0.068891484988300764,-0.054825383971431177,-0.058366221728020168,0.98290294658694621,0.17462869681669088,0.065918461698553962,-0.17075058092670398,0.98310680778870163,2.3175384905001222,8.7288883207080978,-1.7162332005479668,0.2673007022898596,0.2433631334637248,0.559322033898305,True,5
-0.0083483553492321241,-0.99120362936152973,-0.13208205821948193,0.9990475140629772,-0.013925022848150212,0.041354061266879301,-0.042829541295106792,-0.13161101351790502,0.99037577288281919,-11.681581134340609,10.617208818529726,-2.4866084045065389,0.155082472184197,0.1426255337238616,0.4324324324324325,True,5
0.85783814077752651,-0.50566421612260926,-0.091746524514353417,0.51262625012177754,0.85459202908648235,0.082986694764480409,0.03644244658966677,-0.11822082876953272,0.99231838828654362,2.3864245156632866,-11.18833995514176,-0.3662058168218566,0.4455541571031916,0.330126786458678,0.4050632911392405,True,5
-0.944343080401019,-0.31018238475527088,-0.10955836200969242,0.32574930597563423,-0.9281687656373091,-0.17997258722290405,-0.045864323336405367,-0.20564442779430289,0.97755144783384507,0.93154900264952012,6.2760034703332233,-1.634942583407853,,0.2907577529836083,0.3333333333333333,False,5
-0.39034543273112771,-0.90053976246727252,-0.19146430309939522,0.91871182709033872,-0.39455087560433272,-0.017268043438293572,-0.059991848698644289,-0.18264102161136436,0.98134766281602592,-24.661413364149062,0.50269574126067951,-2.3365018117476173,,0.1427311418184536,0.2777777777777778,False,1
0.96439976792256321,0.25914743577624522,-0.052684857041684782,-0.25630867195864349,0.9650263370386738,0.055045740076017785,0.065107236999448953,-0.039582513213752085,0.99709291058455585,-8.0635575044172558,-6.6928392442954605,-1.0748310326906858,,0.4545264157367581,0.8981481481481481,False,4
0.99350898123971088,0.097836273572547636,-0.058034194829158413,-0.092276374819648704,0.99149409789741016,0.09178520842022761,0.066520484410253655,-0.085834243796042972,0.99408626775838038,-20.402417330031597,2.4372811332903441,-2.2587742589680864,0.856131183706719,0.7673181060923195,0.8607594936708861,True,1
-0.33692398418153696,-0.89544383017409868,-0.29096834172531527,0.94030726760190353,-0.33577133709300189,-0.055496411431921175,-0.048004909939325435,-0.29229771841380869,0.95512175790932552,-10.291668614942093,0.011442147257672029,-1.6462797520205765,,0.2067784764697235,0.2766990291262136,False,6
0.35251524655186306,-0.91142584249620318,-0.21221671606772005,0.93531822358551864,0.33583079501262053,0.11134405125566198,-0.030212937250642152,-0.23774063756808503,0.97085867543706472,-4.4438001014817656,-8.0314955866334561,-0.83865206735594522,0.8975547378081552,0.5846803711664961,0.6,True,5
0.35487379878440367,-0.92912330514659425,-0.10389644252714506,0.9348075167630937,0.35095655508574369,0.054446331791654472,-0.014124218192379301,-0.11644475203210036,0.99309673556237132,-21.465555413611092,2.8059673868663895,-2.3432352901228288,,0.07022262258022384,0.2592592592592592,False,2
0.50375183335617646,-0.79402224369429808,-0.34023927890377775,0.86384757318585059,0.46248131024976857,0.19969578856493905,-0.0012085905867793983,-0.39451199498662787,0.91888999620219169,-19.407494608634277,7.0196137706548507,-2.5404247309355079,,0.2636353372328381,0.2962962962962963,False,1
0.68091271525256436,0.72855875206442644,0.074565534918664619,-0.72739719031985084,0.66094158385296231,0.184525202204809,0.085153988292786031,-0.17988431706033836,0.97999511771925119,-8.1090820505159353,-13.125999755945625,-0.6318564307454887,,0.2958212284180218,0.4230769230769231,False,5
0.40433801854175722,-0.90206845456205031,-0.15094128012495223,0.91456328395877429,0.39711220920130208,0.07665437324643698,-0.0092068667997436265,-0.16903963022704221,0.98556625196707959,-8.8493935213363688,5.8528150662838163,-2.0008465050109052,,0.07132230259913602,0.1473684210526316,False,4
-0.25410986645111111,-0.94353943034983601,-0.21251239763201091,0.96557325574244457,-0.26013100219247054,0.00038664360505073075,-0.055645876461197744,-0.20509803771233009,0.97715829391118492,1.207329002729236,-7.5036464279233055,-0.70006410887939652,0.8045624933996667,0.6688770804514735,0.2727272727272727,True,5
0.99794091998576606,-0.033160019623068644,-0.054902944516293649,0.041936273137786501,0.98500826905124261,0.16733218129214453,0.04853111592859246,-0.16929005581921186,0.98437066585075217,-12.310985334888144,-0.070928553154091481,-1.7320154510101382,0.5015439105484154,0.1606354612993098,0.3793103448275862,True,4
0.77152252843382274,-0.62899506997763543,-0.09548921437999805,0.63552822366416639,0.76888074405911833,0.070187451452273994,0.029272257264338589,-0.11483729080279159,0.99295293523697525,1.8535563211132478,-6.3882213354813562,-0.74293947628728807,,0.09511086921154668,0.524390243902439,False,5
0.053893645429558594,-0.9789356359207233,-0.19692764078920388,0.99796691131889137,0.046085065706001897,0.04402511364557149,-0.03402232935801127,-0.19889994329652841,0.9794290651505565,0.20199639027081412,8.2329830920015343,-1.8082216903825183,,0.5559334221182809,0.88,False,2
-0.044327252805595872,0.99893990379697895,-0.012416249868272125,-0.99881237890441676,-0.044063172922883996,0.020791068737997263,0.020221928839971943,0.013323115028048241,0.99970674109957924,-16.573639977927701,13.440243126021164,-2.8371089468226325,0.1674230275018486,0.1682708528624177,0.7213114754098361,True,4
0.88549041883490809,-0.45177452518180011,-0.10865770358487038,0.46317656313694006,0.87685105116610451,0.12883984410712865,0.037070062209693451,-0.1644141492258383,0.98569457643943292,-3.5166951743998496,-5.2958226920275893,-0.98376771879639202,0.3137954475507644,0.308674849219471,0.8424657534246576,True,5
0.57717003181692683,-0.79564653379073225,-0.18390581186912258,0.81645703328502084,0.5667824269514925,0.11025240722269701,0.016512636732842714,-0.21378557894715378,0.97674103991915928,-11.999861903421831,6.1367659126748757,-2.2051048680552308,0.465336161805204,0.3369724107033641,0.4557640750670242,True,5
0.91744676509333145,-0.35413812126356625,-0.18132188033354868,0.38248352178269823,0.91054189818230513,0.15690700181722247,0.10953441826424411,-0.21330645260394079,0.97082571478769408,-9.3107768977098786,-11.304313653533521,-0.81104112807446394,,0.232883881835078,0.1875,False,2
-0.80592735092884338,-0.57699698760821005,-0.13249747663962053,0.5880053724696549,-0.80616656936636522,-0.065917709175054143,-0.068780716568222697,-0.13103411283751887,0.9889890162692635,20.866979951988192,-8.3117610970513383,0.078692626302731494,,0.3633552550288099,0.1666666666666667,False,5
-0.31994620791526485,-0.935005429008952,-0.15296820507682848,0.94436959652807762,-0.32770548993264453,0.027842001030835416,-0.076160942707123286,-0.1355505794594401,0.98783882856171046,-16.988656031503208,7.525590358222213,-2.4800899139681776,0.3802987971497135,0.1772842071632387,0.3541666666666667,True,5
0.20910788524095192,0.95578215213722051,0.20677129874815453,-0.97657620216981555,0.19313716139345213,0.094852296990943316,0.050722910855306627,-0.22176229288321611,0.97378060761628571,-19.811138859243911,12.740979495574365,-2.9209296177656037,,0.6370421128279804,0.1666666666666667,False,1
0.9980480685266192,0.039961898019778584,-0.047990620093314812,-0.028536774446241957,0.97537003109385001,0.21872118084032516,0.055549126136136266,-0.21692475458240976,0.97460655930219997,-1.8557421419505109,-14.060253395789548,-0.29728705697681312,,0.1358369426424655,0.3846153846153846,False,6
-0.086331135898578701,0.99606963998191778,0.019804223810946306,-0.99619248387520065,-0.086549967775244735,0.010470823685970469,0.012143724511849877,-0.018824860806843452,0.99974904579628587,-31.499266168399821,9.6381362311414112,-3.2816997786655944,,0.4099755928500777,0.375,False,2
0.65690712971772214,-0.70736276237399054,-0.26098073747435929,0.75383321345285326,0.62281484787467445,0.20937323506645009,0.014439848384530468,-0.33427471886680749,0.94236505830020501,1.9958172927436877,3.9615335919914449,-1.4404702658804298,,0.1061773157575832,0.2,False,3
0.39093756075439307,0.91910984746544899,0.049039900932203548,-0.91849536418396593,0.38612588431034017,0.085282280915309885,0.059448209089637584,-0.078382968542872189,0.99514924542926653,10.207147942859965,-5.5903806992158858,-0.5058279484562932,,0.4998520609326025,0.3225806451612903,False,5
-0.91285372483049343,-0.39153151853366136,-0.1157633234570313,0.40238555026069373,-0.91077186610701388,-0.09263086337363588,-0.069166075531946522,-0.13113991727415239,0.98894811597618015,0.591702932636337,-10.052143664106184,-0.50361623870524663,0.2633312014048825,0.1704963157886464,0.3333333333333333,True,5
0.99891057551687346,-0.014792387947225639,-0.044258867804855821,0.0228291425718724,0.98209305546046344,0.18700818341924366,0.040700029115248185,-0.1878148441288684,0.98136083677456176,-9.7515258434226944,-10.099565089313707,-0.91041330702389345,0.6397072819520829,0.2543690975636883,0.3103448275862069,True,4
-0.34579954099813875,0.93155406827609877,0.11238191724528129,-0.93747873931352166,-0.3480423581937771,0.00036088508440652867,0.039449851464944716,-0.10523086420420202,0.99366502124117773,-7.2440279683672788,10.724026662458876,-2.301081760761559,0.2116799559410526,0.2673571257707283,0.4387755102040816,True,6
0.55786057272848955,-0.81538396974471605,-0.15472738373793987,0.82992720825443367,0.54886637812230943,0.099832499547486658,0.0035228389180165381,-0.18410508100061862,0.98290025371637391,0.56826842628914431,-6.7160085605600326,-0.7574781404825478,,0.1104999330742849,0.3,False,1
0.025428436039612159,0.99958307641765554,-0.013677279700017766,-0.99933726607279927,0.025773900690072182,0.025704759896954546,0.026046559825073624,0.013014583459775464,0.99957600878504771,5.9030251748305753,13.3468549697334,-1.8563497726812976,,0.3146437184436859,0.3333333333333333,False,5
0.80814392817203629,-0.58369690303593891,-0.078748439634851716,0.58836007879142804,0.80619592120883654,0.062294095312319234,0.027125800323951371,-0.096675033035884261,0.99494629450252048,-13.851719536618148,-6.1334311244537121,-1.3564654359866508,0.1688995100371695,0.1431418220723622,0.5405405405405406,True,3
-0.54996530693246004,0.83210842032834453,0.071650108090309084,-0.83516487707612286,-0.54729146942051143,-0.054513077311441026,-0.006147297707976368,-0.089819955011153474,0.99593904753889684,-18.012329516304444,8.4199363800623157,-2.5861652373143498,0.2610382270996816,0.378115275123356,0.4626865671641791,True,5
0.21653090890534754,-0.96839755132812078,-0.12377620155071389,0.97471189784634527,0.20726622250656071,0.083531007444160379,-0.055236597337268781,-0.13873318128537154,0.98878815866951031,-1.2731489713478334,12.718722545240718,-2.1265540871644961,0.2870384689622028,0.1187343369809483,0.2692307692307692,True,4
-0.6442612350406649,-0.73237285514005368,-0.22035757776369219,0.76034820699785788,-0.64440612456534496,-0.081310212998213532,-0.082450379859760059,-0.21993350739866308,0.97202427293988036,8.5048625609630246,7.5971270086686022,-1.4239215930086413,,0.3556505552977246,0.3928571428571428,False,5
0.15786024377235633,-0.9786545617611494,-0.13158796366014627,0.98640697593664628,0.1501284474785792,0.066803645717816412,-0.045622595932851277,-0.14034492510156288,0.98905100006955371,-0.30375241564749966,-9.2361661880359076,-0.58289802253723733,0.3194526814156896,0.6235637717117302,0.4705882352941176,True,5
0.23811853320823045,0.96580920799838132,0.10252871738347821,-0.97097563903445772,0.2342798691293162,0.048158605901527034,0.022491610533462044,-0.11102034347943096,0.99356359171888042,-3.3940462940398675,-2.3021252306950442,-1.1951955611335332,0.7017385272648079,0.6813050304433578,0.7780082987551867,True,4
-0.75309006658201494,0.65754322250110775,-0.022186981731528742,-0.65752260197833423,-0.75337817731545387,-0.0092384973067153042,-0.02278989914715579,0.0076310214063285559,0.99971115228807939,1.9395978666162474,-4.0943967994980142,-0.89087720755164568,,0.07206936385035224,0.2,False,4
0.6244144739876456,0.78108013675203092,-0.004514935897572056,-0.77742821588916844,0.62203356494350015,0.093164441838417072,0.075577336643435591,-0.054663187385184442,0.99564049843845548,1.4407072086447599,-4.9632748308040684,-0.85585378778356025,,0.08895217177224543,0.2325581395348837,False,5
-0.73917312156876125,0.66812916469636019,0.085008915017407469,-0.67306201360908291,-0.72813724221030962,-0.12962901813580019,-0.024710770663415857,-0.15303455749767272,0.98791183919655068,-4.9663227479711018,-15.164581993013925,-0.35501651425580544,0.3709351441280934,0.2061934033406644,0.24,True,5
0.79209445125885369,0.61023152629075539,-0.014278116324944426,-0.60610603130477636,0.78907820569329079,0.099955310593428159,0.072262432154661438,-0.070519994474689818,0.99488947691609508,-16.620661467784242,1.9611825829490146,-2.0757024809018509,,0.07634401519831502,0.1612903225806452,False,3
-0.081794977775049141,-0.98679343506308481,-0.13981522852384992,0.99570438350444979,-0.087016253991962556,0.031637828800820597,-0.043386199197475175,-0.1366268204182598,0.98967204146706789,-12.154527509420978,-6.4533399436306409,-1.2661586194202168,,0.07635749079389237,0.24,False,1
0.50785032962417931,0.86141471447194751,0.0072617072252637305,-0.85882868950297098,0.50563322116097376,0.08214820597546571,0.067091912979300505,-0.047955555982502757,0.99659366838405472,9.8381557646136617,-4.0494652257326988,-0.60142492264181857,,0.5832138797065056,0.3181818181818182,False,5
-0.16120143979297727,-0.96851602167334361,-0.18971244442764368,0.98687894152893041,-0.15640263367760787,-0.040102006750878091,0.009167910089577725,-0.19368771757844816,0.98102039605904356,7.8975935249203886,-15.437903135324834,0.083730074669820465,0.5080301080198762,0.3903685931672538,0.5454545454545454,True,5
-0.76432596688947041,-0.60349220464110753,-0.22716288269849882,0.63353521019298475,-0.76844490183082981,-0.090141945263777834,-0.12016219781698087,-0.21281351410947252,0.9696759533102649,10.496380037554154,10.727294157863952,-1.4823239546501836,,0.2603696716457549,0.2105263157894737,False,3
0.89223016284895806,-0.43002854692756121,-0.13784333618239189,0.44968219975933188,0.87403692244304765,0.18397113204493359,0.041367326746238942,-0.22613028774062136,0.97321828858905746,2.4492813153475823,-2.3479415138719064,-1.0102793048290442,,0.1449103941276632,0.3157894736842105,False,2
-0.55111923241377248,-0.80827367300956765,-0.2072709849044887,0.82749558393749367,-0.56136109282717372,-0.011170587443295452,-0.10732497485488141,-0.17767215026419925,0.9782197896142234,6.0692767145447002,19.088108263930518,-2.069588792599538,,0.1071888790419401,0.4,False,3
-0.96426689834134516,-0.24585322149144517,-0.098719512992319097,0.25534102182339319,-0.96178373610001489,-0.09885852288843533,-0.070642135707718962,-0.12053314256160493,0.99019263287851067,-16.72419189973186,6.4431959121422659,-2.381492035642554,,0.09916889721593714,0.1910112359550562,False,5
0.9511603059131557,-0.30240345630607024,-0.062017917325035782,0.30804470708511666,0.94285463576453477,0.12701808632699366,0.020063172531705947,-0.13991885302370649,0.98995968790476219,-15.916497752143053,-9.0251374495899714,-1.223490203554946,,0.1362500592515716,0.2857142857142857,False,2
0.62833053763307323,0.776703862485004,0.043952764174832834,-0.775027147753793,0.6200827528074665,0.1217797188177681,0.067332426975070483,-0.1105825016518885,0.99158350863961864,-0.96006769590087071,-15.4507087539496,-0.16774506499371325,0.8204911453088513,0.5995921141142493,0.5283018867924528,True,5
-0.8237566001927773,0.56587524180077464,-0.034788997624988459,-0.56585723348285122,-0.82442567111492315,-0.01130947044925653,-0.035080692039508338,0.010369355024457197,0.99933068677110415,0.4250474650137287,4.4889868667282977,-1.557159514769078,,0.07029929443367451,0.4210526315789473,False,5
0.61329716475266838,-0.78200391270513225,-0.11106965481265388,0.78972415087220615,0.60963722730707526,0.068397489796880762,0.014225091757570175,-0.12966237540321868,0.9914561589749108,-10.58701218498458,11.800180223420051,-2.4923543719099417,0.1682693047654757,0.1201039758040721,0.4090909090909091,True,6
0.71106947163593903,-0.66959334080382626,-0.2145342966953197,0.70251306348129694,0.68926905964205054,0.17715405459171618,0.02925067769314111,-0.27668198598993082,0.96051625518944672,1.1564309757612179,-3.7218536826034545,-0.96041560518043467,0.2534970572011815,0.1805914486884102,0.375,True,5
-0.90794617617847873,-0.40797074090701502,-0.095883344365219794,0.41300984303236876,-0.90986780787205834,-0.039540381339501614,-0.071109849678201831,-0.075501303047537396,0.99460692864913602,-20.777834517770753,6.2949051695844433,-2.5718569256323884,,0.0784704205942335,0.25,False,2
0.87182339834030609,0.48960565936298689,0.014500359516027975,-0.48422208741284228,0.85701849942099362,0.17620516936724007,0.073843971777723144,-0.16064118391596421,0.98424665499160735,-11.85632614941791,21.955097654467956,-3.0475973163013808,,0.2505285433070734,0.25,False,1
-0.5314535309017544,-0.8431098301423342,-0.081993651031178574,0.8444671574808531,-0.53492928500992443,0.026942159805402079,-0.06657600489866175,-0.054922439459076128,0.99626861900573693,6.7380531825121714,6.305158647298601,-1.3872961655826472,,0.07273775310899462,0.2173913043478261,False,5
-0.57477719831561169,0.81814517202162462,-0.016421016843060632,-0.81830299397429418,-0.5747393091042805,0.0074119243816328437,-0.0033737737269481441,0.0176975723769809,0.99983769361971908,5.7699446128131591,15.68917921859331,-1.9792146550408927,,0.1095238672128009,0.2941176470588235,False,5
0.93269452495310046,0.35883565851610827,-0.036302800164999219,-0.35328841060968336,0.9292288468729627,0.10826379389263463,0.072582518910497648,-0.088151689243337786,0.99345913737413094,-4.654724841139469,-5.2915795894431223,-1.0511212206370903,,0.0629111660519763,0.32,False,5
-0.95818829530338312,-0.27611354135980304,-0.075076647643220085,0.27709422140551621,-0.96083876281699909,-0.0027684529919877465,-0.071372145878253496,-0.023456004477454651,0.99717392296764695,-18.546578415207417,-8.2678738214633487,-1.3976146585510896,,0.1049789669892522,0.4583333333333333,False,1
-0.95912524061384352,-0.25868371535679507,-0.11472361669090332,0.27364487712764696,-0.95112228774418239,-0.1431253820189414,-0.072091983182818245,-0.16866869645988702,0.98303286658956157,-14.866766819030909,-6.784888102750017,-1.3341874916565846,,0.4996027626270731,0.2,False,2
0.40311943757188767,-0.89539358899491173,-0.18911647162141942,0.91509750205682261,0.39223903282157146,0.093515254694414199,-0.0095540976071910588,-0.21075782765536516,0.97749161495171066,-23.543728223967143,15.232256867822013,-3.2212008344947245,,0.3883693946995331,0.4482758620689655,False,1
0.62916496430349322,0.77727159842679938,0.00055675132064121613,-0.77190265246304302,0.62473468714427938,0.11778313036788805,0.091201660146642452,-0.074534776834631222,0.99303918564612004,-28.457121990767153,12.159010621768839,-3.3324115018944833,,0.2532366955300332,0.5,False,2
-0.56335291458779446,0.82604052105780779,-0.017045562354510817,-0.82621522325635255,-0.56326663333841531,0.0099551306903543947,-0.0013778551781264206,0.019691554995775781,0.99980515310582163,-8.6180080438999216,7.8829876672019914,-2.1251410726858992,,0.07749434801634814,0.2596153846153846,False,4
-0.94006342476005222,0.34010270590355662,0.02471653020712003,-0.33958724628763581,-0.92711709619472971,-0.15853829853455603,-0.031004186607313924,-0.15742947430684739,0.98704341395517559,7.5951666493691281,-9.984690069881319,-0.33836910246918833,,0.5481472588132299,0.7894736842105263,False,5
-0.0937789316257754,0.98883704097659897,0.11578781618017038,-0.99365151455225575,-0.10022056171984746,0.051112685671636987,0.062146436833799605,-0.11025944585931431,0.99195800061679051,-18.24044928678553,14.463532783393365,-2.9569600559720799,,0.3720402134067052,0.2222222222222222,False,4
0.39608477717032819,-0.90373739867347314,-0.1624055526539484,0.91815312430943385,0.38777856161617347,0.081379527350044611,-0.010568330745978256,-0.1813463575310921,0.9833625013165026,3.8790828509959776,-8.5552401827308397,-0.53849373781162835,0.4177206425706546,0.4229555978069626,0.589041095890411,True,5
-0.7467237544458637,0.65477825890307362,0.11691478184615006,-0.66490518943551424,-0.73023095607605171,-0.15704725355758056,-0.017456334323004925,-0.19500815997315435,0.98064626340790639,-19.194925130106693,0.09955055156623896,-2.0318543617864191,,0.4255130172462528,0.4375,False,2
-0.85332909293842485,0.50982892362619359,0.10910512260678945,-0.52072822326802304,-0.82300256255087134,-0.22695572151154869,-0.025914795716224168,-0.25048203661910878,0.96777433975805061,1.6895704600184982,-14.185886157157356,-0.15048917191070232,,0.6271059146983725,0.5909090909090909,False,4
0.89080132772294651,-0.43637484927967679,-0.12668853714198147,0.45162068341873607,0.88101002998013034,0.14092581517523464,0.05011739054888735,-0.1827520669939191,0.98188081210196854,-1.880151518908421,10.431699753880549,-2.0447227714172795,,0.2891311771559102,0.5714285714285714,False,5
-0.98076542211759832,-0.17283938715411998,-0.090695826952935515,0.18066324456487251,-0.97972634277691284,-0.086585710901210949,-0.073891669637258184,-0.10130567366719009,0.99210744460519751,8.0697153145386871,-7.3041732104988606,-0.49313056803487898,0.312032861013663,0.5628108528268934,0.6470588235294118,True,4
0.88138516074917872,-0.44551848120863791,-0.15707794661470703,0.47117338519525936,0.85300840220056362,0.22443775720426665,0.033997639547238806,-0.27182705655763956,0.96174539865206854,4.8396137415918874,-17.668817450631852,0.22663602313582121,,0.2176400449276973,0.4375,False,5
0.94226705380812292,-0.29564833455564832,-0.15724141179164805,0.33015457493973033,0.8986889813916592,0.28871451534619391,0.055953158571479228,-0.32396014723989303,0.9444146690126014,-18.165649052206533,5.0007316135410749,-2.3644150431558253,,0.45396253264803,0.2413793103448276,False,4
0.75363043300251864,0.65698134061254909,0.020412950285883857,-0.65350547461538999,0.74558875449261153,0.13049139366973897,0.070510744572373274,-0.11168226027930442,0.99123927870053441,-4.5044695294361956,-2.9955642541884515,-1.209346908301449,0.8919720402157018,0.7397069762299096,0.8482384823848238,True,4
-0.0987190461565116,0.99038617626580949,0.096900834813417783,-0.99265216796234357,-0.10485387339439241,0.060393200559767393,0.069973018840179202,-0.090226864601300916,0.99346005935750159,-18.202381511480951,23.070424290750804,-3.3365445769668409,0.5126036845944784,0.5068974898160603,0.6548672566371682,True,4
-0.13298222522055531,-0.97112484698240509,-0.19807134913659169,0.99007970014759328,-0.13931016940820046,0.018299291109513522,-0.045364249481742211,-0.19367294150928416,0.98001677362997219,-19.901898537985875,9.5133600482118084,-2.7536761266608272,0.2874504368983268,0.3214230737128923,0.8739495798319328,True,5
-0.9372874468897574,0.34289141038557097,-0.062591713402601862,-0.34102324083438046,-0.93925557941224291,-0.038757009092391687,-0.072079061548382464,-0.014981229147358908,0.99728640402822044,-9.7007267323624617,16.527000427152277,-2.7211632953865057,,0.2628550956903211,0.1944444444444444,False,5
-0.7969317970697235,-0.57396701325866684,-0.18831244916400811,0.59960639312548547,-0.78944844058997421,-0.13131387197514535,-0.073293138439199823,-0.21756154839719341,0.97329085504629564,-12.893568365141796,3.8282050792608224,-2.0595990615628965,0.1855256372030282,0.1779905034461657,0.1851851851851852,True,4
0.91005377908772556,0.4144899685255457,0.00043030203381512477,-0.40782327715070898,0.8952299831786974,0.17956461742761137,0.074042513343378247,-0.16358894586603448,0.9837460866545974,-10.799834088333849,5.5989650885496287,-2.1036908829970495,0.3419345597753697,0.1613601057307079,0.2340425531914894,True,5
0.77241798255075877,0.63432954288631827,-0.031567249703600364,-0.6307097376586992,0.77195649166245028,0.079299443899034899,0.074670523332237948,-0.041342544694725189,0.99635089548986411,-11.230252382162252,-5.1474007077963364,-1.3185760104975015,0.278958954416257,0.1507177500780586,0.576271186440678,True,4
-0.71885908524991016,0.67431804498539416,0.16892835688758057,-0.6948985925575859,-0.69044257561741162,-0.20100993964548355,-0.018909299700096173,-0.26188589878393731,0.96491357872245809,-20.781378645771554,-0.41041804490661415,-2.0621100766509599,,0.3036885438420265,0.1904761904761905,False,1
-0.063659299428331984,-0.99060715007198685,-0.12101639485023936,0.99783484960859348,-0.06518890730907724,0.008718903052761514,-0.016525934251620987,-0.12019933689544049,0.99261221678307332,-12.024856581571067,-7.6120192665667181,-1.1636135025047791,,0.2784257697826121,0.6666666666666666,False,2
-0.50838994486012845,0.85546568903606446,0.098580519612997769,-0.86097192908497211,-0.50712898556553299,-0.03933864927749002,0.016340174197946547,-0.10487443387845664,0.99435122156401856,-15.670431442607207,10.110406808546191,-2.6135304813017521,,0.1236302634695102,0.1428571428571428,False,4
-0.047041752736484754,-0.97840687676600646,-0.20126365045995454,0.99748866921695811,-0.056692232798959241,0.042454040138121686,-0.052947410543482454,-0.19876109840020481,0.97861667545545272,18.580636005522354,-0.99332492289383456,-0.470430808623167,0.7072161753482052,0.3060729587413274,0.3478260869565217,True,5
0.37295225720922914,-0.91531241350349024,-0.15201907620083935,0.92777541596117385,0.36579795773380097,0.073652098787824916,-0.011806412690235382,-0.16850827814738356,0.98562952919197411,3.6687219058478631,-7.0844776793677484,-0.65453024654595693,,0.09048184475525188,0.1764705882352941,False,5
-0.91934787372335225,0.39329597912327297,0.010851722711924194,-0.39105843445510191,-0.91038840950985156,-0.13515267171479495,-0.043275719773045965,-0.1284959790638931,0.99076535841870061,4.779002549223474,1.0874572569288705,-1.1318113413095345,,0.3067760990798637,0.2131147540983606,False,1
-0.43794341878027626,0.89763632374171209,0.049543841660757093,-0.89863137375300595,-0.43868077941009564,0.0045637575456468002,0.025830525620434197,-0.042522982910582763,0.99876152302266707,2.6974800796965299,11.824356180861319,-1.9064466015521278,,0.1812261508751544,0.1666666666666667,False,5
-0.70170277862393304,-0.70282809876852814,-0.1168155556972897,0.7083552355638405,-0.70580467489451193,-0.0085218041721112081,-0.076459601887184703,-0.088726684139934064,0.99311706500330821,-2.0630514456729836,-7.3246176217129175,-0.79345799429475794,,0.08584065852012061,0.2916666666666667,False,5
-0.98672335827522606,-0.13898456767374562,-0.084025616228628475,0.14005883947224029,-0.99011844099954394,-0.0069995912967152699,-0.082222476974048761,-0.018675190525770519,0.99643901044623773,1.7642269372599335,-9.7078662401543774,-0.49796055243551379,0.3729728079756036,0.1710436952453455,0.8222222222222222,True,5
-0.59692170539959633,-0.79689113741902295,-0.092999960891667913,0.79934043967258683,-0.60065754146999073,0.016290468969938573,-0.06884285821253823,-0.064614495109384343,0.99553283617110633,-19.49654568968576,-0.86026849330136246,-1.9791797395050632,,0.0970849416020873,0.7857142857142857,False,2
0.39767554371309555,-0.88393540376453617,-0.24599260945020129,0.91746945799723278,0.38607221908898159,0.095906388160394179,0.010195860667772113,-0.26383033112084542,0.96451521543514696,-1.1782330350108772,-5.2724169905890719,-0.88776938067329603,0.6977550501806495,0.2971546867236375,0.3142857142857143,True,5
-0.29309043991194944,0.95577565508660101,-0.024308253248639673,-0.95590995252831512,-0.29245602465024828,0.026563815672627444,0.018279953214816558,0.031022101630183693,0.9993515260011927,-6.7048096629147418,-11.941556636788823,-0.66336212301608422,0.1530492267755419,0.1179683369883297,0.5238095238095238,True,5
-0.87675729075996855,0.47853661665166486,0.047951638374690478,-0.47984413790362435,-0.86370723434508556,-0.15414089872415734,-0.032345887200185594,-0.15815346933766877,0.98688460506671805,-1.33003613833929,3.841976286842347,-1.5830140032654176,0.6524472520114661,0.742407128317191,0.4339285714285714,True,5
-0.93913264240958194,-0.30696243312292215,-0.15428527023683089,0.33628368687204258,-0.91324982853982406,-0.22997398247568898,-0.070307623374300549,-0.26785969335313958,0.96088918339849161,-0.43705504819432817,-10.24049880011774,-0.5150166968746418,,0.2704803983298975,0.2222222222222222,False,4
0.087810528459367918,-0.97990775483143722,-0.17908127515990757,0.99560260527087263,0.080444571877229851,0.048001283663467391,-0.032630713592228085,-0.18250880218965104,0.9826625940035375,-6.7658226996101645,12.707070425121007,-2.4062370019579182,,0.4391548793814414,0.2608695652173913,False,1
0.97211310711625087,0.22816976587565235,-0.054172547595971149,-0.21557333732945202,0.96038099502097773,0.17662525480564428,0.092326828199771338,-0.16002156836741238,0.98278627099273397,27.468310939614472,-2.5347080413187517,0.020965339038089038,,0.256953068043089,0.3636363636363636,False,4
0.7662291002936048,-0.63023488437462127,-0.12528749490894533,0.64197855334964815,0.75918026561054186,0.10727936123317977,0.027504597840076243,-0.16263245317221819,0.98630329122072835,-7.0519121459517251,-7.0695783278254911,-1.0014958980018409,0.6847446835256736,0.5623534009490705,0.3076923076923077,True,4
-0.83497894012390583,0.53014718365483937,0.14749282427426796,-0.54111900624810727,-0.83974144006192575,-0.044994832145297405,0.10000195311402282,-0.11738090775575216,0.98803913478556926,-14.921629009607381,-5.5081821976952616,-1.4325939555314062,,0.7544562503017636,0.6891891891891891,False,2
-0.92569578474513881,0.37822182209831895,0.005963840516794619,-0.37802980152570487,-0.92443542334764972,-0.050126013391144156,-0.013445566686402365,-0.048655948749155381,0.99872509500252504,2.6277059047287628,-5.4648946753618457,-0.79219595394247122,0.3203749785474832,0.246196484465654,0.1890547263681592,True,5
-0.28418026830039517,-0.94657438663664872,-0.15244181077436586,0.95667831188291286,-0.29045188580785891,0.02010745144266159,-0.06331020993154296,-0.14012363324618207,0.98810788111638581,-18.165614610461525,10.668218953198148,-2.7313193248886773,,0.09408966891048559,0.2195121951219512,False,4
-0.86148570193399465,-0.49883931147798083,-0.094877429810605277,0.50277798447521016,-0.86414052731149937,-0.021804756014446487,-0.071110362749304365,-0.066486768472969276,0.99525013234246018,1.7309132849485276,6.6744244684801792,-1.6168583477011247,,0.08763375287743366,0.1914893617021277,False,4
0.3470170774191112,-0.9298706890194407,-0.12214601787208856,0.93776956203457795,0.34223194342984642,0.058868883272113995,-0.012938179971464018,-0.13497332550819208,0.99076475759904026,-13.423577795512228,14.265555369228599,-2.7387672906238465,0.1696550676905947,0.1403982412834329,0.4791666666666667,True,5
-0.87977956230797338,0.47495016749227392,-0.020254879517066164,-0.47389340595513402,-0.87959751959172972,-0.041632238953950372,-0.03758938064709786,-0.027028539123254092,0.99892767332546661,3.1292914499110589,-1.5110748138938268,-1.0458811350612816,0.5724850959900399,0.181460071884207,0.1785714285714286,True,1
0.02655890672038019,-0.97937158673250457,-0.20031455158043782,0.9990119017458553,0.018860455931556129,0.040243053713419762,-0.03563487959774108,-0.20118543263145972,0.97890478446728668,-9.5823825560041342,-12.625730271349182,-0.72811221580335217,,0.331564640853851,0.3181818181818182,False,5
-0.99343670784836646,-0.054831215807402786,-0.10038448721032814,0.061482080484559123,-0.99602817914178932,-0.064403572375928919,-0.096454451834473154,-0.070152720036883554,0.99286209243415957,3.1211222316317859,5.3327135714370559,-1.4753252489870081,0.6213490120828291,0.7119386182275811,0.8726114649681529,True,4
-0.79695779364294717,0.60395401226644807,0.009890713777345031,-0.6034598190294409,-0.79537775796375176,-0.056661000286894192,-0.026353784713414229,-0.051125074120394173,0.99834448204388082,-1.3920668142528936,-21.069375234332885,0.18721810512960074,,0.1502911429645596,0.2857142857142857,False,3
0.70815163667197778,-0.68655440355296671,-0.16481598963944205,0.70602625800279917,0.68625972797104284,0.17485567984962688,-0.0069413607717673659,-0.24018875229106801,0.9707013860006054,-8.2808544567635405,3.4912573953746691,-1.8351551998008131,0.6204996410569428,0.6250186175182298,0.4004408523144746,True,2
0.96230983586196728,0.26806298788757577,-0.045847729803103698,-0.26186027825761965,0.95883263826641951,0.10985975817331509,0.073409634750181252,-0.093713426571877395,0.992889127348065,-12.270067870864672,-2.8701152396726228,-1.5295844096175404,,0.07701694312926338,0.1904761904761905,False,2
-0.65747365213991771,-0.73651323003231017,-0.15898634761882158,0.74932754561688697,-0.66124651517541966,-0.035514441402575272,-0.07897231237320966,-0.14248265914046498,0.98664181227165304,16.495701757028716,17.845053663062608,-1.4481447049263252,,0.3455828468876244,0.7619047619047619,False,2
-0.35478871200803175,0.93149029439704967,0.080316880391228682,-0.93412897432076769,-0.35675977265694397,0.011203747060506,0.039090013636630554,-0.071051362111241662,0.99670641353210176,6.2055515069661045,20.703947007609518,-2.1046207237683663,,0.4611941500220237,0.1666666666666667,False,5
-0.63340993304854143,-0.75294857472842247,-0.1784945392158491,0.7717123305018021,-0.63165149160754541,-0.074003189805842709,-0.057025745649826404,-0.18462079234040568,0.98115402836082832,0.77194407306297763,15.232460255550246,-2.1838702759804987,0.6185208538554559,0.5993376018717481,0.1875,True,5
0.40603079102556788,-0.88811762843866371,-0.21537426679070543,0.91382646107488186,0.39257854975919837,0.10393883445720201,-0.0077585938486633005,-0.23901707120088117,0.9709843685127193,-15.300491272314803,1.6645537509793273,-1.9980769649890124,0.5083456939345803,0.2246855065237909,0.8815028901734104,True,4
-0.67742006307823821,-0.72307218975030918,-0.1351616312004551,0.7321587331033993,-0.68051770581819171,-0.028969667039337794,-0.071032722596706913,-0.11858440233705791,0.99039996559110499,-16.649511351989222,-9.8954079221896105,-1.2000767727507311,,0.6080074228739205,0.6428571428571429,False,1
-0.47872844001385029,-0.86067272626520053,-0.17338263749618579,0.87553071684730222,-0.48269014205381533,-0.021358619358898691,-0.065307308769815012,-0.16202680342244663,0.98462290771337924,11.864984542383151,16.516888835984208,-1.6699346300750435,0.5860420024749595,0.587711175162919,0.4117647058823529,True,5
0.80237700071551399,-0.59141135718508242,-0.080148333203347188,0.59582162682159245,0.80153686471056917,0.050351201789253057,0.03446357112150681,-0.088154756550339844,0.9955104224281649,-12.162690135364675,-5.0293074629731009,-1.3762362836334507,,0.07531419482322786,0.3703703703703703,False,3
-0.15334135551490863,0.98817229231544901,-0.001396205171597234,-0.98770449060149634,-0.15322494135646805,0.031015425064725939,0.030434650227808675,0.0061349854390837788,0.9995179308142369,14.508938075548313,-4.3378917722628092,-0.44420560049737851,0.1705025804922765,0.1754661473241677,0.5,True,5
0.94131086498665362,-0.32031633291302647,-0.10644859006688812,0.33220081748540198,0.93501870102093687,0.12402679389208629,0.059803614607379117,-0.15211007728046982,0.98655260988434945,-19.215958224396918,2.8309489630674354,-2.2603843504275423,,0.1190889540263293,0.3421052631578947,False,4
-0.82985606695943692,-0.55096569180373467,-0.088180012394229249,0.55648676132018104,-0.82878284833531779,-0.058664084247291325,-0.040760184076991522,-0.097753755735672326,0.99437558831337991,-9.9139638326291788,-8.5501087652996137,-1.030108086667719,0.7765457390486632,0.4517780067201055,0.8225806451612904,True,3
-0.67365380063329139,-0.70558668641336086,-0.21985901129709315,0.73211095119554037,-0.67777987702522069,-0.068029357186720346,-0.10101540492362146,-0.20678942491309982,0.97315673029179983,14.833675715811214,-0.2893863913247694,-0.70447565004087775,,0.570423466406795,0.660377358490566,False,3
0.99557334340379622,-0.05137490020997186,-0.078704113820070656,0.072055567544996632,0.95486262701263047,0.28817591627390909,0.060346607937444452,-0.2925713300426992,0.95433762565849367,-0.37305635663274539,-7.9441457607596755,-0.66165152789623416,,0.3410301017762618,0.1379310344827586,False,1
0.59898852003160041,-0.75289791839967857,-0.27268567498088875,0.80074675487588787,0.56495381101335052,0.19907743713747508,0.0041698232680531591,-0.33759726878474816,0.94128141205645355,-5.8379996358988864,7.3292619105742984,-1.9947483529264933,0.871926144607537,0.6312349817686844,0.3859649122807017,True,3
0.31986639711346926,0.94206353355750116,0.1010038946714502,-0.94590537471911584,0.31141125346072157,0.091027761125438381,0.054300184853607672,-0.1246568488257878,0.99071295538399384,0.31811868863472709,-12.02768585523321,-0.36028640677889345,0.6353942783693688,0.300883605793597,0.25,True,2
-0.98883097946282139,-0.12566827488689455,-0.080129761896241866,0.1342518134842243,-0.98451932589194535,-0.11268605735167862,-0.064728236734779079,-0.12218503031149365,0.99039440312280902,8.8601430451341674,0.72295117273726761,-0.93951405300807123,,0.3427623055572012,0.1428571428571428,False,2
-0.03066658305130265,0.9862529940315089,0.16237177232463007,-0.9963614407497976,-0.043087295287821924,0.073534783414158839,0.079520060808231,-0.15952591246773679,0.98398579419643617,-3.1654085044476776,19.188168697230982,-2.5241847857964745,,0.3511640691367209,0.2631578947368421,False,4
0.13548266829881173,-0.98473828831541077,-0.10924719729251495,0.99034715266342577,0.13133985592633177,0.044298526574781685,-0.029273944081390779,-0.11419433335715887,0.99302703408670345,-7.9460565090284074,8.2990737029852202,-2.1083948494079778,,0.08779142309519258,0.328125,False,4
0.95711740465015183,0.28693575631684998,-0.039926751215632793,-0.27887794687869538,0.94988819264419111,0.14120733769842278,0.078443383790357465,-0.12401731017091984,0.98917457625916017,-16.358303701225431,5.5061367986345848,-2.3152576277446841,,0.2222861450678345,0.2222222222222222,False,5
0.80047520429259489,-0.57217144679133336,-0.17849168829231404,0.59880030874449208,0.77636898608394156,0.19669618118940013,0.026031472494445554,-0.26433129387892168,0.96408056173541135,7.1217656580994593,-5.9652411889616364,-0.62148858789375061,0.5070497703942675,0.4613970308440147,0.2826086956521739,True,5
