axis_00,axis_01,axis_02,axis_10,axis_11,axis_12,axis_20,axis_21,axis_22,location_x,location_y,location_z,dbh,dbh_approximation,score,reconstructed,number_clusters
-0.72048595108623303,0.69277828689590093,0.030955443672257991,-0.69145876503496673,-0.72107760652256003,0.043952947887648953,0.052770925173666001,0.01026306860914742,0.998553903842471,-17.020690204829499,-13.769887951236475,-0.33707744006726242,0.176669816815414,0.1831776354051688,0.4285714285714285,True,3
-0.99927302543919905,0.037321662564668769,0.0077790830435208961,-0.037299560813742166,-0.99929972404106915,0.0029672031519371242,0.007884376493480413,0.002674889689671989,0.99996534018557703,-1.883751753652968,-13.782490785237703,-0.7046009710290253,,0.07208284035640813,0.2307692307692308,False,5
-0.021233082197231294,0.99553931357720726,0.091927315541291688,-0.99701095746221735,-0.027916619537680813,0.072040357119191767,0.074285307569383632,-0.090122902060524923,0.99315636009820263,12.801968521610689,3.0441033181319623,-2.0142661686205408,,0.1552731002172373,0.4444444444444444,False,1
0.85197542428409978,-0.51385470739324102,-0.10045504519801732,0.5208490433656473,0.81220659606855605,0.26274839548096268,-0.05342424955971907,-0.27617708991249967,0.95962079206655637,19.097854727398676,-11.388552050093731,-2.1853801144561573,,0.3929561411334574,0.2173913043478261,False,3
-0.17531423068181595,0.98308743095611673,0.052953032175183851,-0.98217020253255738,-0.17835195689890479,0.059432926290793886,0.067872039733595499,-0.04158945258637374,0.99682681728370837,7.7886304820014942,6.5227525276307272,-1.8307458213202721,0.119480272650008,0.09563116958605329,0.4736842105263158,True,5
-0.8638791844538285,-0.48673354143030673,-0.12962721286095955,0.49874382588194316,-0.86257920167610969,-0.084921828645217648,-0.070479435383881073,-0.13801297215304645,0.98791956590881025,-20.42498202388602,-12.180780911028018,-0.17063183262721471,,0.7715904629518213,0.5609756097560976,False,2
-0.48896296162442643,-0.82933432976767907,-0.27040671520556908,0.87055696967445384,-0.48355743694757147,-0.091119524383795975,-0.055188628454631766,-0.279958523073493,0.95842445745494531,-12.117139632148515,-9.3111391218834605,-0.49236813608757024,,0.4042797324166489,0.21,False,3
0.24804184015143835,-0.96873569978175855,-0.0051370714064883083,0.96597554069120595,0.24692716037966692,0.076930047791270675,-0.073256401226248977,-0.024044155946536756,0.99702325862749963,8.8431329601777069,-10.904214331298512,-1.430405466723885,,0.0963328098710545,0.3043478260869565,True,2
-0.54174494964192066,0.83918487357844385,0.047761464535790298,-0.83801576001816769,-0.54364643099671217,0.046670590586682062,0.065130603395374576,-0.014741303255400304,0.99776785801091339,-4.7851158612275837,-1.3552960017374971,-1.017218008186183,0.1640436703875633,0.1359005370472458,0.5893939393939394,True,5
-0.83422423331262652,0.55096135535845348,0.022616663227341599,-0.54949160488668913,-0.83403112856011741,0.049508107939912095,0.046140055407570352,0.028873196814958181,0.99851761816838924,7.5598627297058707,-3.8507396302828747,-1.5783254125660426,0.4235845663693659,0.3642577860538369,0.947136563876652,True,5
-0.019186339653603529,-0.98107795389972552,-0.19266014829908398,0.99459435533119145,-0.038396409472259529,0.096476857758588469,-0.1020487761515487,-0.18976765823387037,0.97651128164215528,17.483006832284019,3.4009209169084631,-2.2375322504553981,,0.2628480339511476,0.1818181818181818,False,3
0.44817384242194441,-0.87336947198427117,-0.19069864282334609,0.88999713686076298,0.41589365706197973,0.18691592333254251,-0.083936305305837497,-0.25349207368580245,0.96368898781197931,4.2714207098946089,15.232112448589429,-2.0101523908379662,,0.2513617165038757,0.1666666666666667,False,3
-0.30734384558418448,0.93535300202193139,0.17508432879640037,-0.94813560692326937,-0.31667979547204084,0.027436800542888135,0.081108763187271005,-0.15757115455675075,0.9841710724187559,-37.854269630376287,1.6129423265890723,-0.2026248326557355,,0.3587868824264398,0.9615384615384616,False,3
-0.25943934133222285,-0.96017439672998484,-0.10371285375165512,0.96523061879863004,-0.26135100896876012,0.0050500143193044633,-0.031954353423540513,-0.098796649615363205,0.99459446073365143,-19.559449198480017,-1.2428356361390198,-0.40807894060143013,,0.1802465811709265,0.1875,False,3
-0.99998428177541898,0.00099795857916204359,0.0055172711346759967,-0.00114845598893404,-0.99962547846577388,-0.027341979645127822,0.0054879186346677676,-0.027347886220828451,0.99961091223951337,-5.9820927171245062,-22.808005236498055,-0.44791044385737699,,0.5914413148909357,0.4516129032258064,False,1
0.87984625231751712,0.47343258695669393,0.041619200981200422,-0.47431948436611526,0.8692325084814656,0.13948431076534284,0.029859655615624554,-0.14246554603311143,0.98934926550738633,-18.547667327024065,-2.0552296606622535,-0.42293253819859322,0.3115636863013632,0.2913215748703171,0.5813953488372093,True,5
0.93928087291516826,-0.34179287419673149,-0.030480697565141032,0.34179102974026015,0.92396933469519327,0.17163787615796081,-0.030501373162743338,-0.17163420315094596,0.98468846166893209,-16.692736871263175,19.170781265590982,-1.6034390740948783,,0.7272154429532462,0.4444444444444444,False,1
-0.063579926932840883,-0.97190247646481487,-0.2266344394234337,0.9952519564180442,-0.078519605046681706,0.057517083282864243,-0.073696242355152874,-0.22190143727536449,0.9722801119008132,6.8282933379748219,-11.199252435575456,-1.2341411043170956,,0.415411448458672,0.48,False,1
-0.43441051725375818,0.87401163672240401,0.21769511104558245,-0.89865989218248299,-0.43688725507782761,-0.039241872191974898,0.060810366566007946,-0.21268094701779827,0.97522762168312394,20.7509685793637,1.3295293113382634,-2.3362630755153737,,0.2234166263379833,0.4285714285714285,False,5
-0.70807883761875656,-0.67645156690867958,-0.20257748478857088,0.69428309823693002,-0.71926902827508876,-0.024960858693968462,-0.12882289865936578,-0.15832037958204465,0.97894806715678095,-4.2262601935962172,14.742677235092611,-1.6975578812568186,,0.2682149532654602,0.3103448275862069,False,2
0.93617945656649582,-0.34198072152993547,-0.081346242720391967,0.34561369972565387,0.85320766967582984,0.39062493899940065,-0.064180960298252016,-0.39380941901915528,0.91694871493829422,20.011951515063096,-8.4496639678287497,-2.3236950756647086,,0.5977618855031269,0.3333333333333333,False,3
0.99571772980589224,0.092274019467654317,0.0056309751803508357,-0.092288082843827904,0.98861956359833592,0.11880348578911762,0.0053955829350987323,-0.11881440906690265,0.9929018198607914,1.621613438775084,-9.8743486949598331,-1.0163720366899849,,0.09511828302891334,0.3541666666666667,False,5
-0.90873349733862874,-0.41706023271227283,-0.016254018109019819,0.41720708292078362,-0.90656421435208623,-0.06387155248554989,0.011902973386249429,-0.064823510751647231,0.99782575216236857,-2.9442640296912566,7.1032867862556772,-1.4133909049125113,,0.4411419723857105,0.2631578947368421,False,3
-0.74164336255565388,0.6663500304516623,0.077089296884928202,-0.66875365244228757,-0.74344578529582805,-0.0075443138170834534,0.052284559118768212,-0.057148939123480416,0.99699564875420488,-8.0118454584383283,7.2163755831364256,-1.2066040295397207,0.2989303989799889,0.1687795708918238,0.4121863799283154,True,5
0.99638702213757679,-0.083336774431046312,-0.016367166622261349,0.084127149317159922,0.94206414749979173,0.32471181799136706,-0.01164151466005385,-0.32491556445162689,0.94567137585606342,-16.067815924737545,-5.6869075614760813,-0.26743067764469125,,0.6900880373836421,0.36,False,1
0.67242575764509582,-0.7116991031469827,-0.20329286026616633,0.74016252709146368,0.64591726144252271,0.18695005980253093,-0.0017418223207965192,-0.27617979279877031,0.96110441061553287,-24.027825923675405,15.102827181997144,-1.2124485296852179,,0.1558912637994134,0.3333333333333333,False,2
-0.50195570256966793,0.85471202996564632,0.13231711336707666,-0.86059220311582074,-0.50881830423530405,0.022022561417059446,0.086148317418564421,-0.10281672581401463,0.99096275828046987,-13.219384101155692,15.051652808501174,-1.4102808074256115,,0.2252442921865878,0.2325581395348837,False,2
-0.9713773236620874,0.2343920970714938,0.038554375957974563,-0.23620717014400719,-0.97029298347594795,-0.052323025427676847,0.025144936819198216,-0.059932220447541262,0.99788569541034444,-4.8359681491177229,-26.340799901437176,-0.42399655009422704,0.4663288962524372,0.4230317743890165,0.8461538461538461,True,5
-0.59959299954419687,-0.76249139605047578,-0.24309484948593763,0.7983328254325468,-0.59116685423762882,-0.11483227023652592,-0.056150999407677371,-0.26292322339379653,0.96318141794042944,-21.990692391213436,-2.4881213712638215,-0.28136773655739583,,0.4471113898573053,0.2173913043478261,False,1
-0.96222299216508556,-0.25900545807740522,-0.083923095956850935,0.27184767856689063,-0.93098579469974629,-0.24364788060862366,-0.015025079256426382,-0.25725789152792783,0.9662259695536769,-15.380813534769958,21.678877482840576,-1.8018597694100991,,0.3564836390886194,0.2,False,1
0.60267271291413249,-0.78098029140647574,-0.16387612865629683,0.79439367163064323,0.5676996000027289,0.21599967275421217,-0.075659074683112532,-0.26035926830323725,0.96254285921547278,-5.9987014682875692,-17.148666328470846,-0.56502446014621777,,0.4669518576863114,0.8163265306122449,False,5
-0.99993032237778157,-0.010137659946897092,0.0060479947309659086,0.010439806226041787,-0.99858124690225636,0.052215934168572259,0.0055100667352956673,0.052275435779484923,0.99861750334081201,-3.391691632487269,4.0407543187987578,-1.2528492281681476,0.2189015470607691,0.1830934816501044,0.782312925170068,True,5
0.67073215311637024,0.74084670370954941,0.035560376524632273,-0.73991504964733201,0.6650249112542288,0.10132910103564649,0.051420794249650043,-0.094276343872686491,0.99421721615788516,-8.987898212606936,-20.989976191720327,-0.39605222848799926,,0.07868628301917512,0.3181818181818182,False,1
-0.70617803992365968,0.68920291806327494,0.1622094746389528,-0.70591723351130509,-0.70304389547150148,-0.086082172788577743,0.054712296253440311,-0.17529580363865932,0.98299437733150463,8.4302356532460401,10.694378188423117,-1.851518276926134,,0.09516780093996702,0.375,False,5
-0.5447265656453032,-0.83747137664828331,-0.043756850607680559,0.83622526907233852,-0.5463704312822546,0.046975005964224138,-0.063247672250991704,-0.011002050503106341,0.99793721588061779,-5.451384786963076,-10.635806389480983,-0.61603816661222244,,0.206365607684231,0.28125,False,5
-0.97739798351795648,-0.21138764877246874,-0.0029058151144760302,0.21132235984921707,-0.97730183501748136,0.014966078284616907,-0.0060035025435288304,0.014013751029279858,0.99988377961606068,0.45309626724349444,-11.916160607008113,-0.80722874308173775,0.3861632443966156,0.3391618752469928,0.7285714285714285,True,5
-0.98240506621366608,-0.18614611874890363,-0.015162729056539811,0.18611217339397543,-0.98252178873263851,0.0036322968199055949,-0.015573849629869248,0.00074641833857044685,0.99987844164546835,9.6099429610631422,10.170944933263474,-1.890724706269993,0.1617184409441786,0.1241120586602792,0.3461538461538461,True,5
-0.8163528655071024,-0.57751854952941339,-0.0063501124230653655,0.57627147826587566,-0.81522375473721975,0.057631701774388921,-0.038460139308191615,0.043388416214378771,0.9983177164724677,-15.531739766422159,9.8175010259728541,-1.0649214632069843,,0.06309323976747734,0.3611111111111111,False,1
0.42440088463649128,0.90197394733752689,0.07954173397735835,-0.90314591763682606,0.41537722104253716,0.1085781547776344,0.06489484244298796,-0.11791845726323147,0.99090054842096065,-1.9780531433907977,10.003863137087958,-1.437899809200381,,0.07594435251314313,0.1568627450980392,False,1
-0.97624030986835242,0.20646711092577019,0.065773775124356434,-0.21570784527546136,-0.95483910861672494,-0.20433404548101153,0.020615112775857994,-0.21366705118474424,0.97668900288846017,-10.535387554817024,-25.384384347268263,-0.15302681121870743,,0.3985479117350741,0.5,False,2
0.6261434455402819,0.77062865489527121,0.1186417374335446,-0.77755266710253568,0.60583602737057696,0.16844749277318399,0.057933025889197853,-0.1977224928887544,0.97854462356970662,-7.2736579645908863,-15.227779812294822,-0.62590879338037098,0.9661804054806766,0.6295777339749049,0.3529411764705883,True,4
-0.79738377083931011,-0.60046862597779416,-0.060137768651843948,0.60211301495004588,-0.79831254787294759,-0.012529690194443596,-0.040485049460862427,-0.046200704810023835,0.99811144450166911,14.218839545651857,-0.64060744147742055,-2.165121997102851,,0.2037681680816539,0.3103448275862069,False,1
0.23656559548702802,-0.96962562919621154,-0.062151896493337078,0.96875034062776189,0.23047603915334655,0.091671003647720489,-0.074562031661316058,-0.081895876465398212,0.99384786001304082,-28.631702582130615,2.3424738134062335,-0.41909320598069444,,0.0882943538237527,0.1538461538461539,False,2
0.48862353655447122,0.86943854475027271,0.072963391008983788,-0.86910923948896113,0.47766288083862729,0.12840288978003495,0.076786518086976827,-0.12615383137848823,0.98903439852646524,-32.216217473358149,10.657992420569684,-0.78873145916176102,,0.2823604512426257,0.2,False,2
0.80470618736697297,-0.58727313715800711,-0.086937991614155205,0.59213613501442752,0.78343871485668526,0.18867585344680796,-0.042693671937256261,-0.20330775301571302,0.97818362690254435,16.000482309630474,-10.709288921422226,-1.9966463139850581,,0.6086841384578437,0.2222222222222222,False,5
0.83298712087470161,-0.55246924770015227,-0.030169302320451251,0.55133903701320119,0.82423372129898709,0.1290892673268382,-0.046451294085642442,-0.1241632112151254,0.99117393743909421,-6.842421177602831,13.398335665503014,-1.4969213599898179,0.2452460752093975,0.2261473854113337,0.7703703703703704,True,5
-0.98870601436060279,0.14963580184654127,0.0083393029034593228,-0.14957591644432619,-0.98872257365930771,0.0073971316303504189,0.0093521327521047352,0.0060662296576527754,0.99993786730512868,4.4389669849940825,-14.113111627116213,-1.0134890934131098,,0.1080726955854069,0.1428571428571428,False,4
-0.97222900334962137,-0.23338343685087851,-0.017405069648656887,0.23371675724724594,-0.97208853976239062,-0.020502396066209815,-0.012134349081615588,-0.02400088053167691,0.99963829223678213,8.1515895687404782,-29.995097592519819,-0.79542778094681477,,0.2418596122718051,0.2272727272727273,False,1
-0.38931625136617887,0.91296504839084813,0.12217887230975376,-0.91846559223114965,-0.39480354494536268,0.02347587668350045,0.069669306797687153,-0.1030775500061569,0.9922304200008476,-7.9789567554918106,-17.339467821285417,-0.497657948878103,,0.0774371411778085,0.2941176470588235,False,3
-0.69229971614423869,-0.72102628224518417,-0.029020739795764382,0.72008732804684406,-0.69289120451751551,0.037094725886878871,-0.046854487650197063,0.0047832012244599202,0.9988902732398004,-6.1348361635135058,-11.534467763765836,-0.5918916811706656,,0.07065659577332933,0.2340425531914894,False,4
0.68729756330571501,-0.7216212312914696,-0.082975044582156321,0.72414286624471269,0.67174910227956264,0.15610974618355777,-0.056913695547907553,-0.16737963477073831,0.98424838791998814,2.8215700704956941,-13.481484471395113,-0.89491055760830496,0.9247558192134501,0.6537585437614022,0.2068965517241379,True,5
0.66352759350378043,0.73609206483113465,0.13378940448226423,-0.74528832638201292,0.63470239429755826,0.20420132524458656,0.065394519784004332,-0.23520489528405619,0.96974337534042288,-0.013284148078914169,-5.5699996344485454,-1.1633867986902391,0.4759235993420547,0.3452720897040764,0.3125,True,5
0.74577372402778319,-0.66605229073700178,-0.013996376449762501,0.66405330328233036,0.74152231316231243,0.095801197707743882,-0.053429981747672842,-0.08074035599627391,0.99530208075942339,-18.282697862142946,-9.798553201720587,-0.3033704272348251,,0.07733358207796258,0.5,False,1
0.32856675278272762,0.94037461892664354,0.087974229433299106,-0.93442713753758555,0.31010156690408913,0.17516547273061978,0.13744021827371611,-0.13975905796118376,0.98060062824713434,5.1206934805537587,11.097340086947687,-1.7519030486417408,,0.2829156451514064,0.5454545454545454,False,4
-0.52831117352938262,0.83964691922349699,0.12601728041224491,-0.83998010868327011,-0.53851534888496788,0.06659306294010213,0.12377689986604798,-0.070670149665846171,0.98979038639792749,-15.152599154311904,23.650191008937764,-1.9392820417798993,,0.4177252206299369,0.3333333333333333,False,2
0.29846493463733609,-0.95312988546983013,-0.049619595082978564,0.95152024595868012,0.2931055471733604,0.093264997437072908,-0.074349877758224311,-0.075050380681733184,0.9944041110317593,-17.956024860373613,9.9049328005575639,-1.0026157535076801,,0.1666038129181698,0.4186046511627907,False,3
-0.94080607863035526,0.33736159494263579,0.032727307709850446,-0.33758910026452871,-0.94129233818601332,-0.0015275650214771203,0.030290622224714153,-0.012485524821557554,0.99946315083407189,-4.2184606641714968,-2.2754441245107118,-0.99027814778731749,0.149380719056292,0.1267345046617161,0.5949119373776908,True,5
-0.96965443624521186,0.24443643711076654,-0.0045937438515973403,-0.24438697039090598,-0.96963311872289015,-0.0093071896335904375,-0.0067292624509875526,-0.0079021065745426729,0.99994613541857835,-11.782549147555702,19.450124220880948,-1.740295251908885,,0.139402900558726,0.3684210526315789,False,2
0.99963562470982348,-0.023604094591911141,0.013094446513579269,0.018461068249703335,0.95175338902990603,0.30630813803940643,-0.01969281011132424,-0.3059547894519456,0.95184235041383547,-20.88823676428569,-4.5783024167657285,-0.17436933283316169,,0.5517192231609362,0.3414634146341464,False,2
0.86259773307098331,0.50573454782070726,0.012558584370339345,-0.50469240848336872,0.85858227208938809,0.090122443781125938,0.034795455451232575,-0.084077637897424479,0.99585150855211968,4.2189691879922258,6.1368462665519177,-1.6855585531526227,,0.1017680975438003,0.3833333333333334,False,5
0.412452461714507,0.88306937362893501,0.22376650371367551,-0.90813193441064877,0.3791614139392282,0.17757536958479614,0.071967746450857711,-0.27645090619892054,0.95832955705883338,-7.7446327371563815,-23.627364684489407,-0.32018128283144492,,0.3135700925982435,0.2352941176470588,False,5
-0.90197591126285881,0.4177039116118097,0.1093750324604665,-0.42995998439590344,-0.89214142874202995,-0.13862930043970989,0.03967199667031085,-0.17206717684184364,0.98428604548366316,6.565287474360967,-10.188874319460005,-1.3018715267083658,0.6454892875035119,0.4419748069585638,0.6888888888888889,True,3
-0.99140707272466955,0.12668718906302281,0.032594052813528632,-0.12994735962648102,-0.98240170391777815,-0.13416622475702172,0.015023311139931765,-0.13724885524752314,0.99042266323809292,-13.344376589839749,2.6977476155948596,-0.75636849749206281,,0.1986725638850159,0.2953995157384988,False,1
-0.14767805468218315,-0.98288572506924177,-0.11012194885852153,0.98599511137145457,-0.15503234772537614,0.06147041166571577,-0.077490854407992152,-0.099501872413893577,0.99201539547995443,-12.601817351263714,-15.834646052825997,-0.46674527347060579,,0.6065514592073734,0.125,False,3
0.16985271073093414,-0.93435650436562601,-0.31325385776874609,0.98268546509154264,0.13671139290555384,0.12505707396082014,-0.074022519243621909,-0.3290712959215244,0.94139935672665331,-18.105807917975618,12.263274936172303,-1.1531824333023308,,0.6719915768052681,0.2,False,1
-0.18669967739365795,0.97821419712978541,0.090775629961090704,-0.97963462803757129,-0.19232378715786774,0.057684975885788303,0.073886575308325653,-0.078157184103471722,0.99419929016380926,15.966586900602309,-8.7670841206811492,-2.0452089168692837,,0.4574447317476232,0.1,False,1
-0.28458328414734535,-0.94846883854632147,-0.13935284959592009,0.95622838766019469,-0.29117737497533036,0.029034581713193869,-0.068114792935863297,-0.12499039406717524,0.98981704186896902,-9.6459814235576413,7.3436488313819783,-1.139596250109308,0.3656279487487582,0.2795378155308373,0.576017130620985,True,5
-0.90225287755532169,0.42253436142489659,0.086049162450292552,-0.42963296945927582,-0.89791451543322454,-0.0957341868295912,0.03681380850641619,-0.12334600273042017,0.99168064774587594,-16.316813787620355,-15.378929893659743,-0.33871945851946267,,0.4224871245246133,0.125,False,2
-0.73421978712342417,0.67866660115238675,0.018246881286984179,-0.67690391214517887,-0.73384938047278769,0.057150507454074018,0.052176603176004394,0.029609648089317642,0.99819881327370907,1.638549486100507,15.223697173044993,-1.9122987185357134,0.2529422538273547,0.2897485779667396,0.7692307692307693,True,5
-0.92569735983722801,0.37673409883355508,0.033997305282265557,-0.37609478144834096,-0.92627520427360066,0.023810949481803706,0.040461257490481101,0.0092555239705571155,0.9991382396437043,0.8550671143034777,-14.151037796859564,-0.86415386649125248,,0.1032267874700169,0.2857142857142857,False,4
0.022666991992958133,0.99837304409377325,0.052320859137869047,-0.99704573218947501,0.018733082787080028,0.074490801660657829,0.07338947742521558,-0.053854771712690146,0.99584820538424879,-11.340740883346406,5.5774072980120648,-0.98949610050358616,,0.1300748152037905,0.3418367346938775,False,4
-0.60635044660135917,0.78893123543123145,0.099632533177089339,-0.79415086279894065,-0.60720687160298048,-0.024984439033538967,0.040786554427054367,-0.094272587951500286,0.99471057908262772,-12.596921145647133,-10.647018137754864,-0.41644485029449718,,0.3166777199601046,0.7227722772277227,False,4
0.26130892370170294,-0.95700221393419227,-0.12595399524791201,0.96261767748039995,0.24872701971447109,0.10724773501662999,-0.071308157991198731,-0.14927033258156353,0.9862218383380541,-13.865700379365503,-19.173047131535231,-0.27033808372902501,,0.1454808074823626,0.1379310344827586,False,3
-0.96409749140311884,-0.25015680228532727,-0.089093217141331518,0.26174650076449335,-0.95178362289454532,-0.15998970131629331,-0.044774952906238355,-0.17756550751796729,0.98308987083182309,5.920832746915087,13.316189766840331,-1.9361926469793753,,0.2901812265992554,0.4375,False,2
0.92172859095963022,-0.38563944793910587,-0.041214327615470253,0.38543889120622976,0.89905011081335318,0.20771557330207205,-0.043049573206779594,-0.20734298743800805,0.97732063306112349,2.6755961013861298,-7.8817194253186873,-1.1703646877305609,0.4799408095296647,0.585442563441004,0.6865671641791045,True,5
-0.41618498745844951,-0.90283573500570502,-0.10806336942238172,0.9070774855508158,-0.42050130818588327,0.019725238167639693,-0.063249438108329462,-0.089812501416388885,0.99394830004800117,-3.6947581124343971,-13.840066156476285,-0.67391719004997797,0.1318059534623327,0.2325044703600394,0.3846153846153846,True,5
-0.19527500127375957,-0.97935547207195739,-0.052254504114446473,0.97648213685052421,-0.19911368554006309,0.082682384112258839,-0.091380032224591984,-0.034879787174900381,0.99520504930253761,-2.5327781815076635,-20.83329370471688,-0.64261919834864323,0.1494274078689775,0.254632607562969,0.48,True,4
-0.9637296393805479,-0.26135621188396307,-0.054019558394197482,0.26572100921313113,-0.95852797598734618,-0.10303622912527868,-0.024850099440329475,-0.11365319951179009,0.993209657020379,-23.738513350386924,17.962554968730149,-1.3822747489893457,,0.525232215372232,0.1666666666666667,False,2
-0.63773670015939143,-0.76736946677246975,-0.066603323754493307,0.76945501216970691,-0.6386272083960175,-0.0097094254838374569,-0.035083978063028862,-0.057440318258562564,0.99773229090855231,-18.705781823227262,14.036601461570056,-1.2538120524165701,,0.1518299988784476,0.3478260869565217,False,2
0.88369947365574364,0.45455748622575626,0.11159180963082489,-0.46740075523763502,0.84441821446067,0.26171437310614393,0.024734070911382355,-0.28343494986182438,0.95867244402505647,-12.654390662486968,-7.992862214836606,-0.45523169317953677,,0.4428867945405946,0.1666666666666667,False,3
0.97096415110098189,-0.23919472803262745,-0.0038078022724361126,0.23832086551235171,0.96578918352159338,0.10224684862691986,-0.020779372901801589,-0.10018550331305476,0.99475176933128229,-10.453372035326108,-3.6168996112874865,-0.64505633328947987,,0.07340544469001709,0.4676258992805755,False,5
0.96580083585874543,-0.25876025433422373,-0.016488669789806391,0.25662249189036596,0.94485826709031595,0.20343979887687877,-0.037062678134863539,-0.20071369133164194,0.97894860539330575,0.11276378574763675,17.135369130215729,-1.9571077529186525,0.8628199459847866,0.4233607144121783,0.3333333333333333,True,5
-0.99550042429185948,-0.093730096891743997,-0.013913093523463087,0.094715581377206703,-0.98862505455592586,-0.11683090408222979,-0.0028042608840979574,-0.11762300132609144,0.99305436189563001,18.951866223225721,-12.776624746923634,-2.1715541483644452,,0.4497497558832397,0.3809523809523809,False,2
-0.42677119254604429,0.89845839341167244,0.10314487152031937,-0.9003949614533453,-0.4327955126729201,0.044462991348007061,0.084588785322026641,-0.073895598774894794,0.99367206757533633,4.4627637058822094,3.8546605754686323,-1.5808176772018696,0.5070255552990771,0.3386855258740346,0.7790055248618785,True,5
0.46827431061239366,-0.88313105556333282,-0.028261435209168573,0.88128968547064568,0.46451683137952215,0.08690571700515605,-0.063621225259651082,-0.065602226065302388,0.99581558916886748,29.727444815011644,-0.20852478254259638,-2.8876584682981248,,0.4871212231955222,0.696969696969697,True,5
0.81968769392430096,-0.57276138365210316,-0.007515439174778496,0.571080793097966,0.8161229794676178,0.088374261747958968,-0.044483841826666246,-0.076731217778859079,0.99605898823037253,-11.972938593354829,-3.3219241090946192,-0.56382115081637507,0.3263795386252438,0.1304007804160711,0.7407407407407407,True,5
-0.84043010714181043,-0.54098594531614597,-0.03180317562759314,0.54149388028652079,-0.84064867556399192,-0.0097047351716482641,-0.021485172139188227,-0.025377376596110356,0.99944703518257882,-38.906625015218317,3.70079703570664,-0.33435266231334754,,0.3218579758532093,0.5,False,5
-0.79594245765520033,0.58934044458214441,0.13839596988900826,-0.59835931994468994,-0.8005845419833022,-0.032101641277575456,0.09187887862358371,-0.10836157767911177,0.98985657554302597,-17.212302188079697,-3.0534747632516224,-0.39940296777354334,0.6350228152110019,0.3244701840288512,0.12,True,5
-0.84212858929619716,0.53774769770897735,0.040581432930461431,-0.53700606469881829,-0.84310333337479171,0.028306460905625767,0.049436075559087043,0.0020452043925964563,0.99877519571338336,-8.2900676412052992,19.188893403823137,-1.8181659843799298,0.4742474246449096,0.3871303373042244,0.6086956521739131,True,5
0.15045262892251879,0.96946868326529689,0.19363491063895122,-0.98748654714042883,0.1380049279656341,0.076321419495932449,0.047268654169299505,-0.20269462751896472,0.97810048681511852,-1.8864289624659407,12.734954404687002,-1.6165484235359384,,0.7917868446003761,0.6341463414634146,False,2
0.084941700239610785,0.99388541530703922,0.070545650470873841,-0.99310727155198042,0.078710759844078215,0.086847933051681522,0.080764192257371192,-0.077436409554694885,0.99372065879918803,16.692914444981962,-0.66620354506617341,-2.3404699900581378,,0.1089341356224784,0.6,False,5
0.91282123412399463,0.39153706262793969,0.11600053069289291,-0.40768847299603161,0.85750291214220775,0.3138134233167818,0.023398793099473701,-0.33374763558161502,0.94237201371070545,-7.9625126375018178,25.255714751579109,-2.2033815736392222,,0.2799360848672148,0.3529411764705883,False,4
-0.90301902618919194,-0.42943198007462929,-0.012033820237408713,0.42872489391471469,-0.90261235194026535,0.038547470250056892,-0.027415391263663651,0.029649900742591436,0.99918430717651596,-16.078804104582996,6.4285098986841867,-0.86186793354230551,0.2077975199431777,0.2212383436298254,0.7209302325581395,True,5
0.19458836756399955,0.97659524171296797,0.091635697587604523,-0.97805679487031683,0.1860896110375623,0.093677973248204705,0.074433011606278437,-0.10785356056931028,0.99137648562780678,27.650110235173379,-9.74761337653152,-2.7916200625302476,0.3595430632720426,0.2763537089668935,0.4,True,5
-0.7482444377369607,-0.66285574309286477,-0.027432193578071348,0.66184602028480122,-0.74867672604418278,0.03798690975761982,-0.04571768617142942,0.010267605785626112,0.99890163151461586,-8.6156594601498053,-9.429497444014542,-0.6186551142722142,,0.07773379266678035,0.3333333333333333,False,4
-0.02069876123356456,0.99587396222406877,0.08835503747682541,-0.99645011547062978,-0.027761938983535999,0.079476047476231354,0.081601033461382338,-0.086396331565696483,0.99291336239876726,2.8925981150835951,13.989908220517613,-1.8789298163498744,0.1658643796039161,0.1484675882868716,0.3170731707317073,True,5
-0.60453048839426804,-0.79560332970523606,-0.039474426705523487,0.79462183538116482,-0.60577628935123096,0.040140079662642228,-0.055848252768170722,-0.0071013394367203976,0.99841401414490749,-3.1427010168241143,8.4465106515785209,-1.3962387003144869,,0.06454744606731463,0.3428571428571429,False,1
0.80300110700865646,0.59317417457703192,0.057737516033603456,-0.5921066853820327,0.78300938072877446,0.19054128900751463,0.067815155155586546,-0.18719163524473928,0.97997979388639722,17.806321411982722,-10.08044247924324,-2.1008825394551973,,0.1488777568655287,0.4,False,5
0.32762017543323213,-0.93677554842095478,-0.12294955278372924,0.94243082955489899,0.31478824280396939,0.11283835206549139,-0.067001135464743442,-0.15283956972266674,0.98597713653686037,-9.5967495545961299,-16.226344764305633,-0.5162512946074681,,0.2433861811927542,0.2222222222222222,False,5
0.48950901323546653,-0.86657138734880068,-0.097133704704467208,0.86783456231276235,0.47326724014386917,0.1512656334466656,-0.085112269483639355,-0.15834187707293351,0.98370918037210786,-1.9359700446487706,-20.022398588959501,-0.66356110068017093,0.2769506962920538,0.3142702831947393,0.6097560975609756,True,6
0.49279634862514871,0.84680096095786506,0.20019962862742602,-0.86797850557374145,0.46215769220391389,0.18172391531861981,0.061360187774301016,-0.26332185639933259,0.96275465581772901,-3.8799534998425713,-12.355348008092141,-0.57254859831209881,,0.1535862926818514,0.1944444444444444,False,5
-0.056090619801188166,0.99800682070343272,0.028917610546938848,-0.99565183215805553,-0.058068784901821088,0.07283848804260791,0.074372518382972957,-0.024706315983001447,0.99692443367585393,1.5991179939580653,-18.172808033865962,-0.87185279751482059,,0.06979205263850896,0.3888888888888889,False,1
0.097967766485102026,0.95636247108883277,0.27526921481121625,-0.99302765001157833,0.075718905695479746,0.090347847969736786,0.065562207424736341,-0.28220111837684481,0.95711238929629106,7.6453915463795434,11.607407269443984,-1.8880642920301802,,0.330763834336668,0.2083333333333333,False,4
-0.91930567766114668,-0.37766492168932714,-0.11066290229962249,0.38818975350053131,-0.91643674664498331,-0.097223478007921998,-0.064697652949531739,-0.13233630009999003,0.98909115726441954,4.0603059496499512,10.244620282283435,-1.659891947440745,0.2810108621198075,0.3801547428561962,0.3333333333333333,True,5
0.47295082534495475,-0.87266791809504007,-0.12152457172602771,0.87705177193181494,0.45309620821861352,0.15963713681088976,-0.084247885176958165,-0.18208385657598328,0.97966716951096555,-26.490746375301253,9.5829467367877896,-0.81731167632930646,,0.5389615794631911,0.7523809523809524,False,6
-0.82367515862000584,0.52849304052368118,0.20555860281278457,-0.5519610263956698,-0.83030896209868588,-0.076980859951310904,0.12999330141414306,-0.17686755942410473,0.97561242715066621,-5.5743486443705441,16.831698249372991,-1.7861812873418135,,0.2293563203496287,0.1333333333333333,False,2
-0.9281344889416786,-0.36975299413781443,-0.04300109025470731,0.36985517983159016,-0.92907101696909111,0.005847339545831394,-0.042113137958532151,-0.0104770584680705,0.99905791366524166,28.523498098320587,-5.6451144594178473,-2.9616942156704322,0.2628910807719329,0.2201419242898441,0.2307692307692308,True,5
0.058628633517104033,-0.95606963065978834,-0.28721689480595297,0.99550539560508078,0.034558053505596625,0.088174532939376465,-0.074375336322533528,-0.29109552086550744,0.95379856735001944,-14.57086679440369,19.099879550761578,-1.6456134550310877,,0.6684743657645592,0.28,False,1
-0.13066827784575805,-0.9913284120441711,-0.013920511441960087,0.98866616072742342,-0.13133863237052243,0.072728167029958032,-0.073925799267376774,-0.0042594742660015932,0.99725464806219721,0.060064820206767011,3.6463855826105971,-1.3750551469811407,,0.084039387127435,0.2068965517241379,False,5
-0.99112326949571394,-0.13275004769468804,-0.007217305673411405,0.13284558803397439,-0.99102406734407544,-0.014944821334225401,-0.0051685978788226297,-0.015770947399012039,0.99986227192254007,-13.35726389516879,-6.3420141986343594,-0.32482390987025694,,0.06861688864482424,0.391304347826087,False,3
-0.97202272106622589,0.23294397226376631,0.030148557461117248,-0.23373122863628557,-0.97195636564137322,-0.025894710838028273,0.023271065536005733,-0.032216906667001929,0.99920995212899455,-12.718610685896129,-29.109449884033474,0.085979475366630087,,0.4063486520800657,0.125,False,3
0.9999742698870715,0.0032000175156517746,0.0064202376682601378,-0.0051230901970725868,0.94504361787321611,0.3269041361988782,-0.0050213056718430363,-0.32692861637519832,0.94503569577257129,-17.161497584895436,-21.831783706968089,-0.10490926804566358,,0.5210744263880843,0.1923076923076923,False,1
-0.9817180331206069,0.18620596765739036,0.039459359530814295,-0.18942372508126035,-0.9760905364123329,-0.1066110552551822,0.018664292704152905,-0.11213653434567745,0.9935175095803771,-8.80985439189595,-4.3249105983177758,-0.68396137316931649,0.4922274868331387,0.6163184100424587,0.6464968152866242,True,4
0.19265127383937289,0.94741957466680926,0.25550271275708475,-0.97805459616538992,0.16434427931020362,0.12806312809613057,0.079339105161472093,-0.27456712730436639,0.95828920425725594,6.909098321948643,3.7276323473925537,-1.7098992121405676,,0.6473865348131317,0.225,False,3
-0.99684218527979895,0.072579531644859155,0.032215977911695948,-0.075715751237346918,-0.9910276915837094,-0.11014190632464851,0.023932878246424875,-0.11223335556097547,0.99339362351404514,-0.93620803271280928,-16.049229704590832,-0.8705287543544572,,0.2699083564199584,0.5344827586206896,False,5
0.28434109950416275,0.92329249022202675,0.25822687046930687,-0.95619363689506431,0.25355756260882373,0.14629521935204204,0.069597901506822629,-0.28851263394083959,0.95494324028308897,-13.52668816921082,-11.213314556588806,-0.34861072383968217,0.9116688389631538,0.7539682578730016,0.3880597014925373,True,1
-0.98589881325321649,-0.16733597753565396,-0.0014834581512364661,0.16726124709039059,-0.98565738460633634,0.022432017135430679,-0.0052158649969745209,0.02186757401231473,0.99974727004335906,-5.4230580458802438,-13.149096330355494,-0.6098347963599664,,0.07520226395566573,0.375,False,5
-0.079920287171306878,-0.98218388849859861,-0.17008103031269636,0.99088392353729204,-0.096845010272940638,0.093648780347510285,-0.10845182236273418,-0.16104612121689391,0.98097010610272706,-10.580809646646713,13.623375476878895,-1.4155294856731402,,0.2735315478836933,0.3333333333333333,False,5
-0.44715146937273326,0.89196201506185124,0.066778193481170839,-0.89363930005652326,-0.44868933720238247,0.0093102134978167786,0.038267020164807673,-0.055512542435829954,0.99772440723880162,-1.435755414995131,-10.332246409766164,-0.79321537614664217,0.2078166940839809,0.1231080922565982,0.1851851851851852,True,7
0.88866246122949011,-0.45818127378784335,-0.018680212838574389,0.45706831073824977,0.88174748616031473,0.11666160451857577,-0.036980931849102054,-0.11221092192881708,0.99299603205624998,-14.725620782233285,-5.6788129588450538,-0.30680041042953982,0.2780261503869794,0.1007600363116866,0.5714285714285714,True,5
0.99738661245109483,0.068783117642601532,0.022109455685129061,-0.071053276620319267,0.98926915921638048,0.12766347365175135,-0.013091110909507882,-0.12890078878998013,0.99157108139783656,10.700115240648076,3.1515089674062269,-1.9290293144091084,0.135729866814953,0.1342378202530724,0.4117647058823529,True,6
-0.51442841870913036,-0.85538726289348255,-0.060630293616472652,0.85595743551858516,-0.51648242487161655,0.024140699641519672,-0.051964128058407104,-0.039478288695575722,0.99786832503932998,-1.7871437596412836,7.9370371636609622,-1.4425670977700467,,0.1089394986649498,0.25,False,5
0.7481085225095665,0.64363663609331945,0.1614481936319789,-0.66209771029415265,0.70777834094780967,0.24632588598928482,0.044274830002987042,-0.29117297395816399,0.95564535192955591,28.761063723523282,-2.5198467448867143,-3.0858830084096334,,0.6335237144762965,0.2727272727272727,False,3
-0.63694896151259228,0.72661190788376151,0.257548356138317,-0.76851936434495738,-0.6247610220570573,-0.13802772165417904,0.060613588038098173,-0.28584751291508659,0.95635620576509384,-3.4036333239707059,-16.588539914600524,-0.72391863784659594,,0.4932614777033446,0.3846153846153846,False,1
0.39365648558128102,0.90602259141406571,0.15542726661411529,-0.91577972056665036,0.3718271159854184,0.1519608476444966,0.079887888685721692,-0.20215751201799775,0.97608927131488876,-11.297741362490253,9.0304831696920775,-1.1578806424521499,,0.2808752898955533,0.2727272727272727,False,3
-0.85392919089659092,-0.52024330808627961,-0.012322228943568301,0.51924958584829439,-0.85338644948002385,0.045950358434435956,-0.034420989687512969,0.032840040123650535,0.99886772259073875,-14.851619991181744,12.389958460020678,-1.2533690366697816,,0.07182913724963925,0.3095238095238095,False,3
-0.8456830018667375,0.51771896795060623,0.12956593139333741,-0.53185743864654089,-0.8376493877794956,-0.12438315042230315,0.044135306841629439,-0.17409932043748913,0.98373853300213854,6.0677248226770306,11.010904257951507,-1.7869670333815775,,0.1616619202078194,0.1,False,1
0.70418518675083364,-0.70318242264598863,-0.098273614171926732,0.7092359749365551,0.69015327919447267,0.14378032922799833,-0.033279943156334091,-0.17094716054627959,0.98471798687983592,-16.228930447749345,-1.1154141362927519,-0.55088035769416333,,0.1574554296726749,0.3653846153846154,False,5
-0.48037883830580042,-0.87663920380842941,-0.027200699514772667,0.87476991983389085,-0.48113369996075472,0.057340649768582219,-0.063354234758051201,0.0037508809895678633,0.99798405389566414,-16.288950508437438,15.48999730862827,-1.3690523965164534,0.4640596637555723,0.4402461187379285,0.9491525423728814,True,4
-0.33685519639902517,-0.94084578123760332,-0.036575847035700271,0.93897792133027402,-0.33855208462001796,0.060851863190200459,-0.069635048023627119,-0.01384564649429432,0.99747644491481746,9.2495206136507182,0.54693031860431818,-1.8480060893646457,0.1666646554508823,0.1451046698813528,0.5833333333333334,True,5
0.16752702810140779,-0.98424594702761203,-0.056520886539668476,0.9830529642895629,0.16244499748947586,0.084961710153153625,-0.074441683598736749,-0.069796407861466139,0.99477982347483418,-5.8694155207534973,-2.157074304858599,-0.89732702609916981,0.1949458791507785,0.1508124272016821,0.6785714285714286,True,5
-0.86079934616088227,0.50805213189763021,0.030125021548036646,-0.50887457469676223,-0.86015307825212606,-0.034399843031337106,0.0084352164279406835,-0.044941219917399924,0.99895401990089061,-14.930740425800474,-14.160361493525892,-0.37021502723402772,,0.1565946027777236,0.3243243243243243,False,2
-0.99325383405223955,0.11474015212490452,0.0167785169451427,-0.11489051047559078,-0.99334359354155599,-0.0082870846867278414,0.015715970958958839,-0.010158871015058812,0.9998248874660578,15.001152228056993,2.2739630790493632,-2.096942581131287,,0.09568788918758123,0.2,False,5
0.72347623052321719,0.67660376187416349,0.13707477260841219,-0.68873938644746757,0.69386515509418945,0.21021228342340786,0.047119013400998902,-0.24649238520458916,0.96799860672021087,1.8833810556575115,21.333842773429708,-2.2338399478473314,,0.3018549864421605,0.3333333333333333,True,5
