axis_00,axis_01,axis_02,axis_10,axis_11,axis_12,axis_20,axis_21,axis_22,location_x,location_y,location_z,dbh,dbh_approximation,score,reconstructed,number_clusters
0.91597135374832306,0.38308144749613909,0.11935276995833395,-0.39682742138245292,0.90889611055887876,0.1282024096883331,-0.059367303723658643,-0.16479218669343842,0.9845400237945523,-45.859290861400574,8.555435078183228,4.7921533833995582,,0.129593625444128,0.2142857142857143,False,1
-0.8076552260144042,0.56881953205823566,0.15536207980286629,-0.58269258356287357,-0.81028707337410089,-0.062483692141699132,0.090345940431465821,-0.14099361216695197,0.98587951209854752,-15.549402990320118,-28.745918204632051,2.3758065126351156,,0.3555508863547349,0.7037037037037037,False,4
-0.78301065641989609,-0.61851002182175019,0.065876132543900567,0.62180175790277292,-0.7810773735389317,0.057277486105321518,0.016027657405394996,0.085810777013042752,0.99618252581869393,8.7169444288886542,4.3700333008443204,-3.176284471064009,0.3278171587222904,0.2121770131782496,0.28125,True,5
-0.9474885231833946,0.2606966036897681,0.18521009492025503,-0.2959344180822584,-0.9342788408571564,-0.1988614284393104,0.12119537379811568,-0.2432289628132881,0.96236757687419361,-27.69450110088739,-1.1011781213984566,3.103839387517636,,0.6291006945803508,0.5,False,1
0.83609860450028417,-0.5463750579515112,0.049126567162384782,0.53041681203155455,0.82802141735146606,0.18176506243376875,-0.13998974629222033,-0.12591595790745486,0.98211406795610456,-0.78507998763307163,11.205202625004242,-1.76464165149927,0.3415046707726277,0.2039392447133344,0.3055555555555556,True,5
0.49704187000565869,-0.86506131432396605,0.067958089447631306,0.85808182749004258,0.50165196015038649,0.1097309810792992,-0.12901533549399624,0.003772709552744849,0.99163542185119846,-1.8080742458440056,12.94907151228999,-1.7365518346673328,0.37381882251097,0.3044065742547744,0.8,True,5
-0.84653225136545329,0.50283668204638077,0.17475244944413282,-0.51921758514393967,-0.85234429080561858,-0.062628341893766884,0.11745742494807604,-0.14375145606098694,0.98261857920808371,-3.832975001187954,20.586455679820524,-1.8860338343063894,,0.5090787807576544,0.4761904761904762,False,2
-0.90255719596108197,0.40968670516957556,0.13246626599314737,-0.4115913780643804,-0.91126182072137685,0.013943873157262046,0.12642407018417881,-0.041936829909506888,0.99108942925207699,-14.604413486736817,-25.984450539910881,2.0478615014342667,,0.1496875391787897,0.1764705882352941,False,1
-0.78243679750444306,0.59205577860714498,0.193035263433601,-0.59543196228501338,-0.80205903083329577,0.046498272528916182,0.18235524725219859,-0.07855740624945956,0.98008943353295452,1.9437694037675939,9.858040331428338,-2.1708703213752716,,0.09785839182338972,0.2,False,7
-0.57972847313248255,0.79445788857265021,0.18097392277388236,-0.80485985306657926,-0.59294989169426948,0.024719281166703008,0.12694689583099322,-0.13132817376496417,0.98317719482015775,-39.268730644554118,7.7792843946656545,4.0232718867522737,,0.09381278633908292,0.8571428571428571,False,1
-0.92154709247216293,0.33191674988591408,0.20145031025360749,-0.35052225132319043,-0.93436567607498766,-0.063991676804515035,0.16698834595092349,-0.12958415998146897,0.97740617851457856,10.743650612999138,9.4271776268014325,-3.5784029615001178,,0.6648873682421098,0.3,False,2
-0.58362772629745963,0.7528476039376043,0.30430110473389155,-0.800263533397919,-0.59680342269503417,-0.058343395281481192,0.13768425549181892,-0.27757190042383889,0.9507875082713082,13.335840745423095,11.389670532089134,-4.0126394995117272,,0.5777491449186165,0.5483870967741935,False,3
0.36982647725223772,0.91082525424667715,0.18337320673881916,-0.92828539591648052,0.35396650381432049,0.11399095536774478,0.038917868022087333,-0.21237954328028935,0.97641196692004584,13.362021712780923,13.651412799534196,-4.205504838698209,0.2390560991671519,0.2115280374308265,0.1818181818181818,True,3
0.99220038048888626,-0.084224764101551802,0.091894472465695723,0.060054268009573405,0.96898826322690834,0.23969820738239864,-0.10923319024703473,-0.23230999728926655,0.96648858001940074,-14.109263788087489,-25.139066311799052,1.8950865178359717,,0.2701619669625406,0.3529411764705883,False,4
-0.87777679156645361,-0.47428437401847962,0.067544331732593624,0.47435092897308806,-0.88018908723839928,-0.016073795096459814,0.06707533354126495,0.017930512216155166,0.99758678638101206,-9.0369403438929634,22.688088926153611,-1.1546328377437158,,0.7066771004394384,0.8181818181818182,False,2
0.8367922663231232,-0.54687391063491009,-0.026601294868675462,0.53266536409615595,0.80188670137174123,0.27063874086216139,-0.12667404199013918,-0.24063799373753691,0.96231338089826668,-1.4964817769243663,7.1567681984083311,-1.6019174347838672,0.6743307361479556,0.3980319133085357,0.3201581027667984,True,3
-0.10584358962592134,0.97198331457388731,0.20987036647668728,-0.98906533777845917,-0.12470358223978997,0.078732294401636399,0.10269806298213011,-0.19924219624999973,0.9745540801275191,18.531696041563126,-0.19465670233358773,-4.5540270797300817,0.2612696739591222,0.2863725270683153,0.2641509433962264,True,5
-0.85445881928536327,-0.51447195079003227,0.072240833299202528,0.51771187611726177,-0.8548026288314432,0.03587309674394272,0.043295952150396597,0.068052021227543336,0.99674188380655415,0.20982960026215514,3.8302667735627325,-1.701996814100404,,0.06726887450157724,0.2745098039215687,False,3
0.88732944261377145,-0.45529555655932569,0.073160210825755745,0.44120387665727367,0.88436296910925793,0.15245090387023708,-0.13411040039209637,-0.10299560692375617,0.98559946502678275,9.156185299904152,14.678430067184211,-3.5516284392182422,,0.09720491867205419,0.3333333333333333,False,5
-0.99224748340504465,0.059829475420438795,0.10892825871770261,-0.064830147295569171,-0.99697126720802165,-0.042957471565092789,0.10602822113942331,-0.049686278111225668,0.99312098461842158,3.315354762735121,2.7633943257783531,-2.1416258700678399,,0.07684090011359568,0.196078431372549,False,5
-0.9868938773572935,-0.1319242008236991,0.092932664180666064,0.13487932083893742,-0.99051447365326872,0.026242071058049175,0.088589184693816533,0.038432833884805034,0.99532651609151279,22.824909002806255,-1.6249351969311518,-5.3134363580907262,0.3205793493132068,0.1845519330780964,0.6666666666666666,True,5
-0.99025908563002996,-0.099525705967713041,0.097373390506885746,0.10378004077869979,-0.99381019869273057,0.039635742837591199,0.092825893279566946,0.049355068898184903,0.99445836047111935,5.5548378165795818,8.7546205706998368,-2.7773335941416804,,0.1021094088820989,0.3333333333333333,True,5
0.30099365907851738,-0.94861805631341467,-0.097604305390103868,0.94670386429369546,0.28492972587741927,0.15022265023225689,-0.11469355049831524,-0.1376184382543926,0.98382242042276735,-0.44851273749032244,5.961505875178732,-1.6431985460288943,,0.2099556083311767,0.3269230769230769,False,4
-0.096042645200752674,0.98214404050048931,0.16176802530851347,-0.99038015368125598,-0.11055443886812157,0.083215787209198894,0.099614062747858334,-0.15221957743972447,0.98331390651558337,-4.0348383415285038,21.786974913930468,-1.8870524070575525,0.2981513792173208,0.2359493721090886,0.5245901639344263,True,4
-0.57939051814841891,-0.81361426234697454,-0.048357621791126487,0.81394504939148438,-0.58067417216123551,0.017634124757304283,-0.042427397407797204,-0.029143402177004826,0.9986744104355274,-20.775798672505008,-23.504140085694718,3.0720552379518056,,0.2553610531529288,0.3125,False,5
-0.99335259142638332,0.04974109071880807,0.1038096960817864,-0.062964660606031439,-0.98973878932334092,-0.12826761252761903,0.09636431196898998,-0.13395130758179055,0.98629152210483517,2.8419187107325556,4.0777982719954196,-2.2015864191250669,0.4817579056187992,0.54684065851353,0.4545454545454545,True,5
0.34163456958902622,0.91087746337368369,0.23149096651844658,-0.93678667458194542,0.31022066633818213,0.16184518683728077,0.075607851360959905,-0.272149563465786,0.9592799736875367,12.774623304513664,6.8845042174381472,-3.9727189166860244,0.5519728206830907,0.5403004192760138,0.3278688524590164,True,5
-0.97208110239107248,-0.22655948232508161,0.061066613978096089,0.22317357539600041,-0.97307605620350512,-0.057589444244582524,0.072469894570949309,-0.042353155868543935,0.99647093513501539,-13.489470430115686,27.577847578759091,-0.81895652972114952,,0.2149595383547698,0.1388888888888889,False,3
0.71964478126015319,0.67691543331130322,0.15458617321739354,-0.69408940528769703,0.7073368143221469,0.133845166412422,-0.018742632483154623,-0.20361760053975772,0.97887107755722069,1.9743447923496853,14.273687156549812,-2.4009591900673009,0.2769138448573146,0.2016802126328539,0.6551724137931034,True,5
0.49474127477729313,0.84773398780792431,0.19125416844349527,-0.8687274706020307,0.47653331044494218,0.13501328030154031,0.023316364492280424,-0.23294439240226039,0.97221050045512514,15.669915548594542,-23.974995276084893,-3.3610025490878677,,0.7557136586123041,0.275,False,1
-0.30061856814362292,-0.9532089641115572,0.031955394296589779,0.95249886169637188,-0.29834558278515805,0.061121450405735411,-0.048727763691701356,0.048811719596394118,0.9976186751838847,0.59672419098032403,13.141452044652748,-2.1609134772455469,,0.08697812111551005,0.3,False,5
0.23787742728455996,-0.96937998365919831,0.060965374347838927,0.96588772471871243,0.24270064197366234,0.090317781323953863,-0.10234858487633455,0.037401145256067095,0.99404523111745124,0.31125921064565176,14.643973366556647,-2.1382085739088494,,0.09820395928472539,0.4736842105263158,False,5
0.93752417521346731,-0.33130746551081514,0.10622515797638694,0.31530583544455687,0.93813427889704804,0.14313037725418637,-0.14707362450459407,-0.10069477670224874,0.9839867432643421,17.481372274514499,11.547637100355686,-4.6460261629622233,,0.3599552158506562,0.1578947368421053,False,4
0.0029512250931858653,-0.99984355830668814,0.017439873367366659,0.99727776990148997,0.0042276898007216276,0.073615054841110431,-0.073677268752038949,0.017175143422088451,0.99713423094269038,-12.799850957116263,28.364365877740642,-1.0011851262329978,0.605562513624717,0.518143802426241,0.9746835443037974,True,5
0.78471116750183223,-0.61971687336788972,-0.013393299109585532,0.6031752518072877,0.75842926604994576,0.24691023471325757,-0.14285656864536139,-0.20183172511294639,0.9689457959725124,6.9297063188778658,-11.337189571748231,-2.0618158779889852,,0.1833996472695789,0.25,False,2
0.14766577856538765,0.96469313158374592,0.21808709204311993,-0.98637277740429086,0.1274680922873575,0.10402225456298993,0.072550408933538479,-0.23047569790276823,0.97036971863295962,-37.279953864540822,7.1203688413531019,3.8111744200259863,,0.4121046564434807,0.5,False,2
0.39159313682569191,0.88378709061892113,0.25607653864881752,-0.9191705636370231,0.36296533126091846,0.15291057270787567,0.042193484499548947,-0.29525674718454142,0.95448581084675732,-12.923119849183308,-29.969294520804933,1.801064934224349,,0.2383223669290528,0.2777777777777778,False,3
0.69615775068399477,-0.71438339091411596,-0.070857299896688167,0.71051198628352674,0.67152642257199813,0.21029736359519721,-0.10265039459270166,-0.19674510050749028,0.97506628590894218,-8.6909789538169271,-36.76485440791793,1.3678922327669627,,0.4645394598523501,0.2352941176470588,False,2
0.42988884731876803,0.88269618330551569,0.18985001166399129,-0.90173506781121748,0.40914968259182877,0.13953639207929217,0.045491168708236142,-0.23117955189177603,0.97184698813994264,2.4611957044587776,12.663820979890094,-2.3761217918158137,,0.3056781100737033,0.3333333333333333,False,5
0.96432647229048085,0.24133535436783196,0.10877362535077288,-0.26216976419221805,0.92755185265434426,0.26629790720336288,-0.036626077911703289,-0.28531527714030153,0.95773363888252316,-17.426941894087221,-22.150546525999015,2.5077443862966837,,0.6803547151338758,0.1875,False,2
0.14777525705829128,0.9165400952132603,0.3716405888325775,-0.98654313422629136,0.11002001139653877,0.12094726703515218,0.069965117825405432,-0.38451248478921257,0.92046457364143242,11.459289441583975,-16.148953406547264,-2.9460906527368151,,0.2974654948668154,0.2413793103448276,False,3
0.56992244044833607,0.78495561225262578,0.24296727900381865,-0.82139691002413107,0.53622764870293793,0.19433739982136489,0.022260459928394358,-0.31032981738728371,0.95036828459505784,-13.611472154136669,-30.783985223160638,1.8738961298331811,,0.2469452496882222,0.3846153846153846,False,4
-0.35271275179372807,-0.92769743835929852,-0.12235676353880935,0.93455844761328533,-0.35579177230458486,0.0035668971121750187,-0.046842531066781913,-0.11309145689201515,0.99247977292300504,11.220199586456392,-13.37991738634323,-2.9458791562338833,1.019988910828755,0.4841387909198707,0.7236842105263158,True,3
0.66988464226615152,-0.73836857925808008,-0.077887144127603128,0.74186809820812749,0.66144642684561972,0.11009245784438512,-0.029770638505175806,-0.1315312342280946,0.99086489669653144,-9.4742846324495282,24.209954564603461,-1.2239766077214751,,0.4000523231466677,0.3283582089552239,False,2
-0.28093740916455168,-0.95564793146141069,-0.08838101167918902,0.95871418413106868,-0.28367641654714176,0.019869671383109314,-0.044060019040049823,-0.079149995505370413,0.99588854443340757,-15.183967113833878,-23.857311005449542,2.1462377781496942,,0.3994188338124191,0.2954545454545455,False,3
-0.64965596200983367,0.7476330617507273,0.13781123322251718,-0.74900606878794707,-0.66049386212658523,0.052323675443651706,0.13014238334955658,-0.069229062324580634,0.98907547587924582,1.7131902886859671,5.0061498355201728,-2.0505808133232519,0.1522267797567338,0.1413098855551815,0.5327868852459017,True,5
-0.86310687958725663,0.48351968655825095,0.14579172514158731,-0.48963709310059667,-0.87189773508283341,-0.0070609218536288182,0.12370138022329004,-0.077479366724543017,0.98929010722983435,9.69233759317137,5.1382378077822803,-3.3813968543795632,,0.09339491680576964,0.1666666666666667,False,5
0.82388144877826963,0.54833708794923086,0.14333804916482723,-0.56500333831219673,0.81453298418048603,0.13155700429132078,-0.044615984300408647,-0.18937385157774744,0.98089090029600956,10.705186537973711,-4.8869787157178157,-3.1159455233793629,0.2887131486017135,0.191986006956844,0.25,True,5
0.94346535069630344,0.29119780169433901,0.15835710379987822,-0.32436022262271108,0.90947973130638704,0.2600712677767521,-0.068290394753920874,-0.29673297530144194,0.95251559743298009,4.2160780350843057,0.75087276135710768,-2.1780740807914052,,0.5815260975117462,0.1973684210526316,False,1
0.045811525650581761,0.96387582448260944,0.26238273398898715,-0.99633481217725606,0.02509358941607992,0.081775630929565593,0.072237429088232455,-0.26516731840139479,0.96149261416327869,-36.652997405936731,7.9575925308393094,3.6984311777969663,,0.1570311675964731,0.2857142857142857,False,2
-0.94208426524981426,-0.3339700652002407,0.03067951627496375,0.33229412649218765,-0.94188612514540637,-0.049306599531570516,0.04536353896592181,-0.036256348529874582,0.99831238924685739,-10.327272455548124,23.267776608155138,-1.003384235007353,,0.2099889219541561,0.64,False,3
0.63238332274591047,0.72429303329354622,0.27475613739328042,-0.77458590416485418,0.59597546721542194,0.21173077137363441,-0.010392794713473055,-0.34671723983643077,0.93791212030672155,-2.9723667432063836,23.376487726994611,-2.1661117067748408,,0.4549927498588615,0.1,False,3
-0.2798472714923726,0.95117064129080631,0.1302302414368878,-0.95346666094559429,-0.29121301527830978,0.078078846032542254,0.11219104734127774,-0.102320041433488,0.98840466308972674,7.5294762862760098,9.1215383889238364,-3.0983407110094534,,0.08004270021204503,0.3076923076923077,False,5
-0.68759846782601297,-0.72583227723351462,0.019386912320715585,0.72604956530501508,-0.68759969836645485,0.0076605173950629185,0.0077701842783355068,0.019343219286661772,0.99978270844414507,-8.0722186791470314,19.606432490408508,-1.1385516967660487,0.1024839794775421,0.1620075665930813,0.3611111111111111,True,5
-0.36151819763462234,0.90077950782655647,0.2406259983018485,-0.92491634878162898,-0.3790381822604324,0.029322417109907822,0.11761947345348228,-0.21195833238741563,0.97017489392174638,11.644914183951636,-10.849728237372686,-2.9022702408296661,,0.4324732119900312,0.25,False,2
-0.50250102093864746,-0.86406226892213667,-0.029818104915406415,0.86450416023621524,-0.50260648451904844,-0.0043907463693650811,-0.011192894616377375,-0.027984230283017456,0.99954569778753688,10.013004662032362,-11.425864779874853,-2.5983750885974541,0.5157937318984334,0.3491261673467626,0.2222222222222222,True,4
-0.96582956820836041,-0.25676040803889638,0.035317673170136163,0.25349767300384629,-0.96422285607877223,-0.077544913417524092,0.053964571304589662,-0.065942222278262214,0.9963631107005706,-0.38921655936928951,8.8345469261279543,-1.8132028191220495,,0.1856137016184736,0.2300884955752212,False,7
0.28310388749158716,0.94968251939602044,0.13399739266410637,-0.95780474707193342,0.27272332454061676,0.090730671429144788,0.049621118222193172,-0.1540295445852557,0.9868194586758201,14.556232199435179,9.5267208001155002,-4.1893539094926808,0.2736569692554537,0.2720019114537226,0.4347826086956522,True,5
-0.76301900114799825,0.63425930208027925,0.12456781932645705,-0.63306715773654998,-0.77220565278135911,0.054077755203795416,0.13049129351216462,-0.03759744056651429,0.99073631950200058,9.3082636329238593,3.5910519557544025,-3.1916797686168352,,0.08017758681173763,0.3684210526315789,False,5
-0.36787236271359725,-0.92987443395404212,0.0018605994102315615,0.92895919957424311,-0.36741996633491397,0.045137277995375799,-0.04128837945350626,0.01833317804147637,0.9989790609942748,-23.565567302492319,-14.454748243098299,3.0993493579024629,,0.5889622463311881,0.2222222222222222,False,1
0.99048807414948614,0.067270096332818302,0.12003378319046862,-0.10592846780217414,0.92955056440191919,0.35314997937017933,-0.087821037779832925,-0.36250583769016426,0.92783456659246455,-36.053916210592327,10.417707369806879,3.4897504936475361,,0.2241619911091851,0.1538461538461539,False,3
-0.52578948600343145,-0.84899279497617441,0.052503814021379366,0.85042291745048859,-0.52335783721497897,0.053641734691000309,-0.018063163710916152,0.072854706808852809,0.99717897782321385,5.5875731924073699,4.254371062134922,-2.6644029609310347,,0.07491801687548742,0.2121212121212121,False,5
0.99793273067429378,0.011538211655665168,0.063222897123881183,-0.027710705213691036,0.9648574524710869,0.26130865509501366,-0.057986048886846123,-0.26252041079274946,0.96318256423779747,5.2190362126533971,-8.1612841822462361,-1.9813451860622164,,0.2212555164154086,0.2,False,4
0.26230785684936053,-0.95993349560584307,-0.098601583400286283,0.95918468600245332,0.24818103185494475,0.13553934323948616,-0.10563771283718565,-0.13013016345706765,0.98585334314246087,-4.5698559077420962,26.046474891622012,-2.1373500862842629,,0.2863917160047109,0.3888888888888889,False,2
0.046148725186554516,-0.99787804433598892,0.04593151201342055,0.9946164649122049,0.050171322327534101,0.090669323045097561,-0.09278137145572625,0.041499964434801681,0.99482127543730481,29.219263256896923,-6.5718876444048453,-6.1049940580541122,0.49443543733701,0.5156037770240101,0.6818181818181818,True,5
0.4550555296721423,0.87772478347568628,0.15007887721917032,-0.89024546605964483,0.44471053283294487,0.098465994879882279,0.019684386580555366,-0.17841453545044766,0.98375849600648901,-7.2685677872921719,22.365311734353384,-1.3917259242864486,,0.2000534967843503,0.3103448275862069,False,4
-0.95840111074836398,0.26354023600902776,0.10960773202930528,-0.25927492634428628,-0.96441573972465588,0.051757062711377588,0.11934749048667481,0.021185489742994619,0.99262649145531201,4.7457049773830793,2.7660182137359741,-2.3947195840632145,,0.08401340018887378,0.3035714285714285,False,4
0.27669869551345577,0.93368007547368315,0.22733092302766059,-0.95936492313863819,0.25478852860964202,0.12125077294651561,0.055288119450255718,-0.25164324420176643,0.96623956734096927,-36.0459503383764,11.964516784814073,3.3789669759005223,,0.137646426778576,0.25,False,2
0.62454742571478228,-0.7802077199107611,-0.034877311030087357,0.76869742646595995,0.60621517608131359,0.2039789862542491,-0.13800282452778906,-0.15420464999588335,0.97835379405509482,-44.468374384725635,9.2412562786678585,4.6057226476136597,0.5933238765662859,0.507518869124416,0.6296296296296297,True,3
0.42781114409865251,0.88690841076408478,0.17427304984112857,-0.90296709515505258,0.41075838946033288,0.12620606386065752,0.040349102248364015,-0.21135519015127102,0.97657612787937431,7.4627304246918786,13.667488118400236,-3.2941014008115772,,0.1031508163735711,0.2962962962962963,True,5
0.8540745176067317,0.47821138507106314,0.20462304260088651,-0.5192753811549865,0.80670219827334688,0.28210750048038913,-0.030162839739853356,-0.34719653582569759,0.93730719009802921,-37.867158199034421,5.8721630273066499,3.9655734386537285,,0.5335646406724256,0.4901960784313725,False,2
-0.62845437172462715,-0.7774338348468649,0.025332490905992891,0.77776154128708819,-0.6275712399908383,0.035232423009137315,-0.011492935001009924,0.041844607438229889,0.99905802698011648,-9.7430381228113827,26.083694901348121,-1.294046550883561,,0.3416288962832394,0.2857142857142857,False,2
-0.95557917635959644,-0.28118854120476078,0.08832577202071637,0.28597671659334817,-0.95708241341443157,0.047016715105345261,0.071314481519568124,0.070187308168556617,0.99498140007622737,9.5888630643104609,10.911844401107993,-3.3833836245491145,0.1997979456896362,0.2260382011948663,0.7924528301886793,True,5
-0.98809994083168606,-0.12441839797286423,0.090435442025155077,0.12755719344692537,-0.99138415260920676,0.029776238098009958,0.085951552216134416,0.040957590275694747,0.99545708419320944,9.1125332792001998,10.021570854195343,-3.2734517931348859,0.2011187271031294,0.1642116771698474,0.2413793103448276,True,5
0.86479984253800513,0.47236731832553547,0.17026552476700541,-0.49994072344060403,0.84157162592980994,0.20449076134520378,-0.046695881958980098,-0.26196624784081979,0.9639466684419189,1.6964280302999037,21.506356561407571,-2.8050116345870233,,0.1734404438449058,0.8076923076923077,False,3
0.93245860559554339,-0.36090736430535397,0.016334725004634787,0.33956243533475211,0.89095612205288799,0.30148721546030977,-0.12336247954847052,-0.27557768952990647,0.95333028677002141,16.24264541105531,-18.474348149239997,-3.5564946958316392,,0.3637258792933654,0.1538461538461539,False,1
-0.16488946800451279,0.97124950778840069,0.17171446346181868,-0.98155778526549009,-0.17866200174143837,0.068001494972170895,0.096725268290641875,-0.15733493812416172,0.9827969982247462,-8.3672267941812688,21.51070517958583,-1.2098239916480025,,0.1455291352849484,0.2,False,5
0.048733635662960302,-0.99789618823463666,0.042757809366842453,0.99517445832400386,0.05216172705296386,0.083108072594522034,-0.085163550035176963,0.038501321245296205,0.99562282919174339,6.9345825486638883,6.3235801972002781,-3.0106857678788366,,0.09996010309826905,0.4545454545454545,False,5
-0.51146022329648055,0.84823196527501743,0.13751717373185104,-0.85012568461372406,-0.52280534253819833,0.062935635164537471,0.12527873061921246,-0.084717807450374161,0.98849791742584892,-2.2445938060324702,17.96790250717428,-1.9336514511678005,0.2163105943897486,0.2067840175499174,0.5757575757575758,True,5
-0.38750162264778532,0.87141201583516659,0.30080490538457655,-0.91664419541258002,-0.39890725064536092,-0.025227453279754689,0.098009751870700851,-0.28550674955357869,0.95335197303912533,-0.76099755795393786,-21.10006907377732,-0.68052442579610828,,0.2927802489949944,0.1818181818181818,False,4
-0.99145413199836308,0.048447871940963963,0.12112599988344673,-0.06997474130128184,-0.98111198922989773,-0.18034078897790043,0.11010104324297507,-0.18727538090668755,0.97611766298078217,-26.421478676515878,-2.9571143001842874,2.9127835957315145,,0.1787695139242663,0.2222222222222222,False,2
0.69134915945329511,0.70624696417925992,0.15248463958969954,-0.72241657862277975,0.67926479582797017,0.12928118223369542,-0.012273005099745798,-0.19953586829531214,0.97981366116698765,-0.63329903331797743,20.816557858245762,-2.3957077118374737,0.2537463539204257,0.2570768314416004,0.4347826086956522,True,5
0.23341130408602406,0.93162409787057665,0.27856005347446405,-0.96940200932796461,0.20054815327916628,0.14156335163883715,0.076019125460417253,-0.30307916207346003,0.94992847840302319,-35.094403792679351,9.5912098825340237,3.4308730511238612,,0.5780963293311987,0.3048780487804878,False,5
0.81918880532924399,-0.5670938069830963,0.085640617143186604,0.55742418154315765,0.82239862278838649,0.11374878929776411,-0.13493695955589124,-0.045443583894591549,0.98981154652217918,-6.0685970394037057,18.810814049150597,-1.3973783304260561,0.4000781290599904,0.35140553783214,0.9097744360902256,True,5
-0.68758123976390051,-0.72454036889270002,0.047679057976917946,0.72594543502316677,-0.68733129238700452,0.02406075382512754,0.015338321086775603,0.051156117429283748,0.99857287543563822,3.9256386428836398,12.430181450054842,-2.6108709610312673,0.3091799193213515,0.2573987596149344,0.8045977011494253,True,5
0.28852216573368894,0.94772918787072868,0.13625104160420604,-0.95606459346855921,0.27744959667213509,0.094668972859475578,0.051917752225421568,-0.15757889377819273,0.98614067923369897,-1.7726966167456224,16.648550422581017,-1.8995115631683426,,0.08384291205783641,0.2413793103448276,False,4
-0.9933848519312567,-0.11307144898157513,0.020034554617555073,0.1106969190348157,-0.98932189417657546,-0.09480707684067545,0.030540597075306361,-0.091962150519011479,0.99529404439200986,16.817664125925081,29.968244005451389,-5.6982255364892387,,0.4477052512188374,0.4285714285714285,False,2
-0.26576296913085429,0.92232708027053401,0.28050454762514226,-0.96199452330385937,-0.272662041592175,-0.014897926304301604,0.062742181761028609,-0.27380315570573716,0.95973707365790939,20.143318814250605,-0.40587680654728531,-4.8003353376879048,,0.2122926635805514,0.1333333333333333,False,5
-0.99421003199194202,-0.075987420235515205,0.075975813602311759,0.070575572826106214,-0.99493730347998433,-0.071546143601491821,0.081027777995259037,-0.065769857153026676,0.99453950403351099,13.925326578735797,1.0432208399368057,-3.7392248225713276,,0.4314376545215118,0.2,False,3
0.60983599432464153,0.76301798062305237,0.21425130401469328,-0.79251066995079089,0.58534715134236404,0.1711594298586232,0.0051863320589320694,-0.27417562557838715,0.96166565307204155,-26.276362062016496,-25.719239930495768,4.1073291810378594,,0.1213832344967924,0.1818181818181818,False,1
-0.57147672657601578,-0.81256942687783917,-0.11465285642050926,0.82053837519963813,-0.56776603727787767,-0.066018949844068905,-0.011451017714590117,-0.13180536186815683,0.99120947371184098,15.779873758349261,2.5137538111947317,-4.2038539941288038,,0.4926328764801164,0.2830188679245283,False,1
0.5629711941868768,-0.82385667511933969,-0.065754189046091566,0.81863987155883777,0.54493532391612975,0.18131258489843613,-0.11354380304504424,-0.15590276331653,0.98122481276226314,-22.574199454676858,-23.728785702379998,3.3910392767304054,,0.3439997885847847,0.2857142857142857,False,2
-0.97460966131425619,0.18121470899719483,0.13151896181148987,-0.19227263076881737,-0.97833039858985249,-0.076817098697215438,0.11474861014473382,-0.10015418332791576,0.98833288725599411,-4.1685028744249779,0.6668941160895604,-0.76126553371532257,,0.2191674725459258,0.2368421052631579,False,3
-0.17112140476442225,0.97556451052252269,0.13780910942460353,-0.98150531822008558,-0.18097851674560422,0.062402618392583105,0.08581826808518149,-0.12458195007910504,0.98849105336231968,-1.9391965647670204,10.4803064531126,-1.5540416175127221,,0.2768147282660221,0.3863636363636364,False,2
0.96630056719745239,0.20203167610540751,0.15951932699181812,-0.24625813054463513,0.90599466191334532,0.34428274096327555,-0.074967639515622159,-0.37196353911985003,0.92521509855324613,5.8048907202147291,12.365304431366434,-2.8902594157038979,,0.1491890894894956,0.2222222222222222,False,4
0.88626994750605703,-0.46178788632962098,0.035742526307364353,0.44741988812151118,0.87353348893919569,0.19171512046536965,-0.11975401396590464,-0.15391943262933933,0.98079956382439171,-26.361764591186358,-5.3829629152371794,3.036394486790214,,0.6429180605120225,0.4716981132075472,False,3
-0.35082572844403115,0.89738034233848818,0.26763749633818545,-0.92944366351204566,-0.36855307927877967,0.017409885451570552,0.11426191237250564,-0.2426461393440805,0.96336237545504688,-7.940750773362093,1.1100097960593633,-0.091484398507982484,,0.2845587241118759,0.2152777777777778,False,1
-0.12745711076072097,-0.99167697341914451,0.018206188694401604,0.99083720530813468,-0.1264793804607256,0.047377198053890915,-0.0446801689085429,0.024077929905160916,0.99871113731538386,12.835205365446091,20.534969232561917,-4.4451467014046306,0.49074909961603,0.2298731446112789,0.3703703703703703,True,4
0.98247439897296041,-0.17303351011868476,0.06930699631875159,0.14080097752687207,0.93258356898683925,0.33235970210488308,-0.12214393185990746,-0.31677640573719568,0.94060276880201998,-20.534487947540097,-19.260894610397109,2.7675099317884952,,0.342962250185995,0.3076923076923077,False,2
-0.74068226181442676,-0.66885637501536699,0.063410855811668498,0.67156706198257454,-0.73982459510842391,0.040709332256252631,0.019684214324133018,0.072737322427759057,0.99715686510823476,-4.4263019031967827,18.742443328843297,-1.6852261304821463,0.3850595315875169,0.2181402601166033,0.5733333333333334,True,4
-0.34567714538799904,0.9184225578439682,0.19237285775219959,-0.93141434570950699,-0.36071902505847186,0.048467531063562164,0.1139062235478642,-0.16242472165347663,0.98012426866844582,-11.646561454159931,23.009469698715257,-0.76964935108380372,,0.1324699295279994,0.4117647058823529,False,1
-0.099108637597342578,-0.99442365356410123,-0.036042685607808239,0.99251414211563871,-0.10138630152073959,0.068091817161856,-0.071366348190562076,-0.029024387955138536,0.9970277976314269,17.903531898695363,19.16905861896095,-5.1226560813967028,,0.2257942237085422,0.25,False,4
0.97087524861072261,0.2103727170537244,0.11464977782141823,-0.22600915028866989,0.96298719760121376,0.14688608253321273,-0.079505443969959774,-0.16851996076309159,0.98248659390525284,22.175209766485732,12.538261409851552,-5.3973486827336679,,0.1685929738606919,0.2727272727272727,False,3
-0.4532791067050182,-0.88509352430905264,-0.10558174392801553,0.89088369018421354,-0.45374988376722847,-0.020911564862164861,-0.029399013392607538,-0.10353982908720132,0.994190727076115,-19.954104744868882,-20.927586232409226,2.8510389973243342,,0.09849774500525693,0.3333333333333333,False,1
0.81181959569015505,0.56651477592228028,0.14145654002272817,-0.5812379638183659,0.80717737186470284,0.10308792250244792,-0.055779686891852219,-0.16590870685807699,0.9845623025075293,24.141624259426276,3.4690259723278083,-5.6037162590614757,0.3954696709642797,0.3049377490305867,0.1111111111111111,True,4
0.25281905152725087,0.88935428854268062,0.38096125345709808,-0.96605727426882304,0.21044961717901023,0.14981422316155363,0.053064771903335743,-0.40590627992179434,0.91237285245830091,-6.3526518063470006,20.84971600256366,-1.4793868703139252,,0.3565267681474797,0.2,False,2
-0.95105439553783944,-0.30588276163461009,0.043946249702778217,0.30074259588233687,-0.94886281474055778,-0.095985675100916268,0.071059325567500262,-0.078071088998486415,0.99441212649106514,12.31301069513998,-16.424973069881801,-3.0861583831987924,,0.1548614644619544,0.3333333333333333,False,1
-0.16561489370357266,0.97134961938194375,0.17044536928326542,-0.98029455429245749,-0.18101797608586925,0.079089058398290751,0.10767680255332129,-0.15398834131300343,0.98218801506206732,9.8648530902551776,7.3586526211821344,-3.5489072403488224,,0.1087794456386031,0.2608695652173913,False,4
0.11141664628199686,-0.99339309050285141,0.027504520945944508,0.98922009306869596,0.1135101221786208,0.092515185954279155,-0.095025988026605945,0.016900293020776058,0.99533132257323187,-14.57645341572991,30.18775873175845,-0.90090912338063844,,0.1252104524019939,0.2857142857142857,False,1
0.17899972676610335,0.95421055048814274,0.23966919525624619,-0.98332767625808659,0.1655851626471638,0.075154740475795651,0.032027783603182078,-0.24912603085231502,0.96794134214281791,17.331854716644276,-7.4017475170205014,-4.1590914678399171,0.5458397047285334,0.2770168557800763,0.2,True,3
0.95716876803989526,0.25910851839633109,0.12919258950670273,-0.27747783080914279,0.94834163611352729,0.15379920228327082,-0.082668028272373906,-0.18305987246793287,0.97961986514850841,33.311931896715308,2.4923952906196183,-7.0797573298234466,,0.1258401930120333,0.3333333333333333,False,3
-0.68097989062143871,0.71809457004151045,0.14354991134136269,-0.7197513624788584,-0.69246004403711869,0.049568776683913143,0.13499764730928271,-0.069564904147215403,0.9884009102241601,12.16192063203046,-7.4492474437526486,-3.2861472422455194,,0.1246818568373994,0.2666666666666667,False,3
0.96692801683751706,0.22283713250110629,0.12407184464394287,-0.24297064162730253,0.95272897382555011,0.18240825019864304,-0.077559509809456834,-0.20652146332039728,0.97536321830696393,-39.481969079804045,1.6765931127542277,4.4184746531011507,,0.3400209248176679,0.5882352941176471,False,1
0.25998074391563403,0.92227760486116594,0.28603152337570192,-0.96403441789074984,0.23097163024928652,0.1314904830853918,0.055205560545260018,-0.30992922674626544,0.94915553019162546,16.103359616393405,-26.419463720587764,-3.338815996918175,,0.4382456856167388,0.5625,False,1
0.61705126173870228,-0.78310911805644878,-0.07738119670519665,0.77638938199563001,0.58980555646957122,0.22214619754131493,-0.12832485305318278,-0.19715353097135319,0.97193786700303464,-31.958251779432317,0.046970653835980744,3.6737259708445529,,0.2696372646791803,0.3333333333333333,False,1
-0.9464746932644108,-0.31554622940455479,0.067942859217204596,0.31141937995856878,-0.94805779444358762,-0.064841253696867177,0.084874170371564736,-0.040211882613588004,0.99557992130235873,24.764551891804935,0.64433553628721008,-5.7024415964742916,,0.1426902439567878,0.125,False,3
0.71638576047166558,0.65686558291577279,0.23520001737703072,-0.69757065243724281,0.68092473151538857,0.22301725240208536,-0.013661151185499529,-0.32383501353531546,0.94601493484874177,-13.488874476319301,-36.377068764005834,2.3088375612265808,,0.6055784476300567,0.5,False,1
-0.81878036517094599,-0.57283648663702025,0.038171628048682502,0.5732982393371252,-0.81934553354523054,0.0014231768804241623,0.030460505305792654,0.023048996438797875,0.99927018437441595,19.641180110405468,3.467914684974196,-4.9378944188109068,,0.1725114899725507,0.2916666666666667,False,3
0.70040794113197691,-0.71311417956767098,0.029948003252205896,0.70052561462186214,0.69486979681754257,0.16254177533609765,-0.13672080769922529,-0.092866206826143355,0.98624707268097733,21.456124009185906,8.8507372284108339,-5.2310641827033963,,0.1643596494343081,0.391304347826087,False,3
-0.34517950026388078,-0.9351820511065434,-0.079282052734132705,0.93748997497762443,-0.34755058963634811,0.017920224883664904,-0.044313196838324111,-0.06814043536393688,0.99669113653848784,-3.4749388357720612,14.553397182940174,-1.5563980307213827,,0.5889438899184697,0.2330097087378641,False,1
-0.63817223803872813,0.733215124525325,0.23480156678342895,-0.75900980706513987,-0.65027709585359716,-0.032308070000396552,0.12899731538128889,-0.19883480524174793,0.97150625980942418,14.870700282098184,-27.286401058821355,-3.1155705612684557,,0.4779530077203447,0.375,False,1
0.98547306559358894,0.12488871361990199,0.11508973107944895,-0.14543825415841102,0.97052241274851803,0.19218210265305272,-0.087695787908697198,-0.20612873541348178,0.97458729379153697,1.0525177490365043,-2.3342337424962247,-1.546768133107628,,0.8903467796762782,0.3333333333333333,False,1
-0.66303597443597462,0.66978000686173111,0.3343322284973998,-0.73726946047330577,-0.66163477534087634,-0.13664979587628001,0.12968052767142266,-0.33709667228842222,0.9324960022836204,-7.7976265544989021,32.699376301994967,-2.1318784924725014,,0.3529090943117457,0.1,False,1
0.49700811594943783,0.85379841729163786,0.15495546234542257,-0.86747927164785188,0.48444298483387177,0.11311369371813865,0.02150920597562872,-0.19063907541619718,0.98142452434344385,-12.409085288407127,-31.564688572254003,1.642966632399727,0.1530228660804289,0.1278710770402847,0.5769230769230769,True,2
0.93168560853438143,0.29983252066386712,0.2050911660756547,-0.35753185631378576,0.85677152018296487,0.37163629252831304,-0.064287623775797234,-0.41957481067829039,0.90544137285278647,3.3961716787056178,15.316016733614527,-2.6899328172580681,,0.4174178641741542,0.3461538461538461,False,1
-0.46037173965976042,0.80517045957973754,0.3738427374482497,-0.8794212579554429,-0.47112156369413544,-0.068284136360210232,0.12114500558715947,-0.36020133709156033,0.92497507230127041,33.267136763428709,-8.9359297148009418,-6.6723214704880736,,0.3332847854332468,0.1666666666666667,False,1
0.015291180366361127,-0.99831407291038199,0.055992781964179672,0.99593631552900419,0.020177593224454487,0.087770838791594877,-0.088752663134776408,0.054423125238754935,0.99456577873247365,21.085966261724447,-9.2862190232139845,-4.674894872618915,,0.1123645900255497,0.1111111111111111,False,2
-0.99277682780121124,-0.08993303136918876,0.079411712295560599,0.073932910224569284,-0.97987483052837399,-0.18541639971349999,0.094488597019376674,-0.17820596613396306,0.97944603662865004,-15.608901140401063,-36.66177585207101,2.8514876634818576,,0.3927470629108722,0.2,False,1
0.85641104882012276,0.4622136872437631,0.23004048074924327,-0.51447004657603268,0.80141954881701172,0.30503651904320073,-0.043366884080746682,-0.37958558204766302,0.9241396535517048,-14.916261576161929,-32.073137348049229,2.2356650245036485,,0.4015818031084273,0.1428571428571428,False,1
-0.82855887444887866,0.5260288677585514,0.19179108909609077,-0.54535062254454358,-0.83578835701379317,-0.063643701734448346,0.1268183348821729,-0.15732594371190378,0.97937003087335306,12.951427994342616,-8.7291267196858833,-3.2904329819193876,,0.421268484365564,0.1428571428571428,False,2
0.84977989976527912,0.51611340465479227,0.1072430673309497,-0.52548077849309294,0.84551063733248122,0.094771902966617222,-0.041762104702767089,-0.13688942871259141,0.98970561831159443,-11.661363918028597,-31.937465234965121,1.548976567908132,,0.137504414871581,0.5,False,1
-0.99399447421031151,0.010310272885057863,0.10894348770074809,-0.034644952163488632,-0.97399124504610157,-0.22392137428824205,0.10380131275160731,-0.22635095062000749,0.96849911441594161,7.0073125702509218,-5.84948852743819,-2.4678452912384925,,0.6212036684538387,0.3333333333333333,False,1
0.73971394443417826,0.63407221650009571,0.22533465040309644,-0.67267703454632777,0.70577996190346504,0.22221667932336253,-0.018135258575172591,-0.31595422079503771,0.94860109780571766,32.582715089948167,-9.3608054358961166,-6.5159975865957716,,0.7277060003755687,0.3846153846153846,False,1
-0.98931102967164808,-0.14232346641148153,0.03174456612780524,0.13750596438826568,-0.98298620093351241,-0.1217794667912139,0.048536546309721429,-0.11611270250458913,0.99204941610254682,-1.2873559033943742,0.31040243081365959,-1.225417374085457,,0.3071775589815472,0.3223140495867768,False,2
0.9929682901886826,0.052750357352591704,0.1059781792584556,-0.080583113805277773,0.95699559481090546,0.27868583258207769,-0.086719873438613398,-0.28526624635889558,0.95451706754729948,-18.38661646767391,-39.201622875543848,3.5535083293640444,,0.3142299965082674,0.3333333333333333,False,2
0.49901262545646824,0.80726616632730763,0.31513130015638879,-0.86654101415633933,0.46886879788819319,0.17108103679772663,-0.0096473011742675557,-0.35844579376817093,0.93350069229216992,26.470980706900924,-1.5458637190446081,-5.9274095895891987,,0.377004397337686,0.1764705882352941,False,2
