axis_00,axis_01,axis_02,axis_10,axis_11,axis_12,axis_20,axis_21,axis_22,location_x,location_y,location_z,dbh,dbh_approximation,score,reconstructed,number_clusters
-0.24028505152791949,0.96373701359287534,0.11607783011114362,-0.96978064142838127,-0.24354429431984909,0.014549371636093052,0.042291861190819041,-0.10907403602752209,0.99313355252034641,6.5838884526505002,-17.792804488307947,-0.23874397001690179,,0.2539046111264636,0.3571428571428572,False,5
0.26507919019208614,-0.92656930559005601,-0.26683767512378787,0.96411553841111597,0.25049633463792403,0.087936425485736269,-0.014637333136576343,-0.28057246527648699,0.95972123046607793,-4.4483786987499458,-20.061963599507685,-1.932825388405726,0.3893725117387492,0.300803737663489,0.3809523809523809,True,5
0.82425530464797514,-0.53720610082650611,-0.17892120610608175,0.5613648682945418,0.81660352252046053,0.13426902715007374,0.073977546622776266,-0.21111203717921243,0.97465841726920799,11.612295886377542,-26.79085138208325,0.95042154428922465,,0.3221818756914818,0.35,True,3
-0.49225851296322987,-0.79772922034709004,-0.34829534510190097,0.86448061883542093,-0.49481748481987775,-0.088481163952885231,-0.10175861670225575,-0.34465018166389094,0.93319956933438919,-7.2196035718467622,-17.256763389658914,-2.6041046261539527,,0.3094952595345525,0.2666666666666667,False,1
0.30554857811400865,0.946270527317985,-0.10588746640585905,-0.94794112423462074,0.31277990984827675,0.05980261683328969,0.089708925962319386,0.08210247940621701,0.99257820421266585,6.2002066473311555,-10.105906094173415,-0.64180524698925645,0.3985992207633824,0.3617547077421622,0.9221311475409836,True,5
0.71052806381696987,-0.67608542402182381,-0.19508554521988125,0.7031876881879614,0.69245990484676556,0.16132685876963956,0.026018180362557611,-0.25180901414532203,0.96742714179713929,5.4030327302156858,-13.715879172269105,-0.58065176578132238,,0.1580539132839666,0.391304347826087,False,6
-0.65416718610066049,-0.73792663523447799,-0.16592038343936272,0.74734800991655914,-0.66438119501133042,0.0082812915100979184,-0.11634536820562436,-0.11858291920356007,0.98610437914566607,6.4701208059969053,26.267893205986809,-2.3683861926935563,,0.1934506708119648,0.5,True,5
-0.98377394265545037,0.15831773974156949,-0.084405704992449232,-0.15016346456633109,-0.98403501485085398,-0.095530222740853724,-0.098182298107082136,-0.08130549077769314,0.99184154657274348,-11.093271010293796,19.915514619392187,-4.8812653838166362,,0.1409546535494603,0.35,False,5
0.64855849774332663,-0.74355895390120963,-0.16276350044852922,0.76029408419884981,0.64305767886579501,0.091813545754254794,0.036397534767508427,-0.18329458182138125,0.98238399607168525,11.456852349196581,-14.012934213015896,0.38155897217462692,,0.19248743262342,0.3793103448275862,True,5
-0.85917637381536771,-0.48038247840511455,-0.17620622326930838,0.50203911955429958,-0.85795933748153308,-0.10891509383639827,-0.098856871863404278,-0.18203969256622926,0.97830918896623553,-1.7220997521988242,-21.571413974173101,-1.4451012636734057,,0.2037349695263185,0.375,False,4
0.94666968847967747,0.3203546736724508,-0.034487446556807771,-0.29590240218098474,0.90675143839626593,0.30040572123351189,0.12750791856709864,-0.27418007225639368,0.95318781920467577,20.774758958877598,-13.366949679460985,1.6482171971811828,,0.1951780159760925,0.2666666666666667,False,1
-0.6426833758854803,-0.72859331702316388,-0.23687519234741261,0.75515066487177218,-0.65459366856306089,-0.035420367317012889,-0.12924995823659235,-0.20164054023517922,0.9708941965165423,-14.98718467331388,19.811006446873691,-5.4770754348062143,,0.2186841044134742,0.3571428571428572,False,6
0.92590437650801682,0.3742456001706615,-0.051393738103015701,-0.35799780990032859,0.91273803695103184,0.19684218046278895,0.12057633959392008,-0.16385819068840646,0.97908724824422733,-5.2931858518325372,-14.48552244555057,-2.3426902012358566,,0.0865243109425854,0.2162162162162162,False,3
-0.9771438275974168,-0.16011627549297061,-0.13983103557696797,0.17490313428384971,-0.97941994048939474,-0.10072474268735962,-0.1208256338942766,-0.12287944699585983,0.9850389879086191,5.1738405244827419,-15.60227227662233,-0.53885987280841563,,0.09717318783685776,0.3636363636363636,False,3
-0.81334360448830967,0.58173033682839692,0.0078737698393493705,-0.57916539634573927,-0.80832658904074683,-0.10571456439598999,-0.05513279163661336,-0.090542479882488008,0.99436534262970078,2.8367949465594675,23.704676532121834,-2.7963129269577407,,0.4057750224352533,0.25,False,5
0.94994962243397962,-0.26029816287953184,-0.17274426543037699,0.28388951185315636,0.95006349441743165,0.12956118876853479,0.13039348103841841,-0.172116887541229,0.97640837620629017,-4.7573294944595768,-12.403899690550848,-2.3393029304865323,0.5615930697486771,0.2536580935124043,0.5568181818181818,True,5
-0.49972956992027484,-0.82493101676091984,-0.26411962163590369,0.86010374459887218,-0.50865001007254196,-0.03868741113336973,-0.10243000280335991,-0.24650351891808564,0.96371370732531636,-26.162346354614954,-19.325865528860586,-6.4436210252682251,,0.3381749657280646,0.1739130434782609,False,1
-0.82325276696041394,0.56767325783833544,-0.0013978652414739917,-0.55740773801904053,-0.80882678683199505,-0.18733884407545406,-0.10747788278766646,-0.15344804084197763,0.98229435683670696,14.017542032625064,-7.4041110673705308,0.44963189588922742,,0.448466877336867,0.175,False,2
-0.71403879686713179,-0.65389933772129161,-0.25012847238208125,0.68946266466941619,-0.71883435722520905,-0.088985397114177384,-0.1216134474286701,-0.23599326897239151,0.96411479939073497,-10.501229699600678,20.54705555705214,-4.7651693350213851,,0.1196746191832168,0.3076923076923077,False,2
0.30658637358745638,-0.91894950969259692,-0.24806570534079703,0.95180294445165559,0.29359293041944645,0.088737512591237522,-0.0087149563194868634,-0.26331538094736628,0.96467044097603194,8.9199149006046117,-11.746464755461066,-0.13279012893243158,,0.1756849304017429,0.1764705882352941,False,5
0.50122664720822796,-0.80664820311660201,-0.31319406848973919,0.86427043755947608,0.48446687075145728,0.13538264994098143,0.042525978991084935,-0.3385417663347427,0.93998990077436584,20.580332834097266,-4.5698682966597621,1.2393668176796808,,0.2815993435695918,0.2702702702702703,False,3
-0.74875391314001138,-0.62405164991685991,-0.22344376427540777,0.65237190511837317,-0.75348355326273353,-0.081691078918008586,-0.11738174887836336,-0.20693494919565697,0.97128752274063856,-23.63054809410658,13.987608176367438,-7.0957534464572101,0.7038298678670664,0.4301301228911569,0.1538461538461539,True,2
-0.99275009296239081,-0.014667895023582062,-0.11929838967371634,0.014178785026216946,-0.99988723487656384,0.0049476849212533452,-0.1193575090991137,0.0032203084443653824,0.99284611830594305,-19.156316602726665,17.818436481938761,-6.2087423743878558,,0.08473363316474679,0.3157894736842105,False,3
-0.81041192697066278,0.58418176216486917,-0.044319040802390269,-0.58332697900971464,-0.8116228225685419,-0.031591604031331585,-0.054425583902204422,0.00025027948474096173,0.99851779812734576,-20.0056056968976,20.211872333898498,-6.6330679719108492,0.324093856634001,0.1906446758709278,0.1428571428571428,True,5
-0.69003209357282203,-0.68546991570149129,-0.2323503916667643,0.71341218127928419,-0.69828787154220484,-0.058626854421772331,-0.12206051549064656,-0.20621601083632685,0.97086362967870521,0.059891848553209226,28.175005821412743,-3.4867535194435435,,0.2911059268189561,0.2916666666666667,False,5
-0.84696317038046398,0.52960581311983457,-0.046594750012757979,-0.52639094774619755,-0.84765430489980453,-0.066292906978720992,-0.07460534933858759,-0.031620596049221988,0.99671168336463234,-34.021092692701977,8.3408994819339153,-9.1257062114654719,,0.1365627776016881,0.3809523809523809,False,1
0.84860890243544795,0.51980348949411248,-0.098322240703957897,-0.51270067669884345,0.85390850560911746,0.089321218984911549,0.13038767894188152,-0.025388902263516339,0.99113796053929903,-4.9862632541546335,-17.986704162978338,-2.1253402631340212,,0.08220074216081479,0.3421052631578947,False,3
-0.92972111642037014,0.3614474987711912,-0.070529081336075397,-0.35672973758327503,-0.93148729175576184,-0.071241277510198389,-0.091446924529088092,-0.041074699384987395,0.99496247620933187,-4.6889117719652162,-27.357118308744187,-1.7006952881585258,,0.2412146487945587,0.3870967741935484,False,5
0.42833522864820489,-0.83663684480366307,-0.3414201543785319,0.9000527727142873,0.4285577220505527,0.079014461968451397,0.080211833467467478,-0.34114083424270925,0.93658368178394757,-23.98118057221533,16.317344410967852,-7.329807041923603,,0.5639830545913683,0.4285714285714285,False,2
0.98697404838224811,0.11143039916096181,-0.11604091503768829,-0.099308159258951034,0.98945005784736384,0.10548209578145007,0.12657060213396346,-0.092584281434144697,0.98762747709182774,1.48649823676518,-16.779646513525659,-1.1239253655095662,,0.06770665272708229,0.35,True,5
0.75393354732026441,-0.59023466736437091,-0.28845665821116478,0.65446137527341219,0.71298961488197365,0.25164681072028089,0.057135930029329651,-0.37850871391782392,0.9238325816878068,-25.026118286217265,10.552128221586202,-7.3187108018382991,,0.5358297459039199,0.1111111111111111,False,1
0.98644362519229289,0.12199092180008884,-0.10975968893838478,-0.099894805064063619,0.97704836776808657,0.18814227319486226,0.13019217426058716,-0.17462732329186645,0.97598939324216938,2.3234961624004153,-17.729391775611056,-0.92283228170685228,,0.2471908775264511,0.2903225806451613,False,5
0.96913486916539171,-0.19674042765370636,-0.14856247673762168,0.22009266221761883,0.96196043177666568,0.16183741141655905,0.11107126273587073,-0.18953978955007869,0.97557052168029945,2.6335046249538552,-14.455717800890064,-1.0102934241573269,,0.09373114081992587,0.3333333333333333,False,5
-0.97148591890650648,-0.18960681639743809,-0.14235295761595129,0.19971947297478057,-0.97799306256558838,-0.060346513472253872,-0.12777809468393442,-0.087056445764855508,0.98797466251404154,7.4988683215995238,24.821055825890948,-2.1549073759549255,,0.107976425268713,0.4444444444444444,False,4
-0.5234387799967003,-0.84028606170042885,-0.14117782441852819,0.84652636169441897,-0.53170762854028153,0.026079047307745407,-0.096979186179176419,-0.10585996535070767,0.9896406949918598,1.7656559669175229,-13.305125818616672,-1.1967984199297503,0.2460991411081592,0.2271204148769803,0.6483516483516484,True,5
0.42631748298552924,0.9001311010940678,-0.089539960598961299,-0.89586679430898986,0.43384134656671464,0.095939422886079123,0.12520419543855973,0.039315224180467151,0.9913517148783384,16.718111785398147,-6.7939643621496435,0.79985188140633845,0.1195926905930737,0.1394262706239757,0.1081081081081081,True,5
0.85529101355068682,0.5170184355348435,0.034193851151075261,-0.50236141361148645,0.81125944520734328,0.29915066885458086,0.12692632608607363,-0.27303855017007533,0.95359302528243961,-9.1893437201787247,-12.699328686939472,-3.1729105865148517,,0.6943361659191505,0.5263157894736842,False,1
-0.87542029663581167,-0.4571569040970308,-0.15699321410330455,0.46741372903888584,-0.88338454432991809,-0.03400224617561038,-0.12314101730954974,-0.10314704007116247,0.98701417314065343,-32.659568458248962,11.235270814461392,-8.9634374698431341,,0.4233660636881996,0.6521739130434783,False,2
-0.71843539295349546,-0.65269886483884543,-0.24048862341041749,0.68811334209851394,-0.71744934315907383,-0.10847335353268246,-0.10173797018698927,-0.24341452676184955,0.96457179804488113,-23.144017877006856,20.670228427077522,-7.3879429317012484,,0.515698938828485,0.5531914893617021,False,3
-0.86366823648358149,-0.48567030266240269,-0.13491306238148754,0.49629936338504582,-0.8661325249784213,-0.059172553418825102,-0.088114239444821024,-0.11806272183172636,0.98908901243555736,8.6294795094823158,-17.558031061157838,0.083987469583952631,0.606794918290297,0.4097717656369175,0.4615384615384616,True,5
-0.9611561126530519,-0.24567733219448468,-0.12578384457264155,0.24611045424804362,-0.96916335984853352,0.012329892007784414,-0.12493426839540557,-0.019105768053204117,0.9919810473026196,-17.966287698267607,15.929421893956432,-5.8080031438029422,0.2024108384508398,0.1280177001982828,0.7142857142857143,True,5
0.92878922716060996,0.35262485515578734,-0.11404509212042882,-0.3456135433825942,0.93521499173143763,0.07696881102950183,0.13379779572520908,-0.032072274118426267,0.99048953507442372,-0.69293937583240495,-14.462124943696494,-1.5976009664772646,0.499585018780402,0.4534742837522192,0.9174311926605505,True,5
-0.12889607272118445,-0.9183220894611549,-0.37425972591871814,0.9895436488071232,-0.14374208111931139,0.011898790735818728,-0.064723794253277706,-0.36881262739118381,0.92724758092662152,-0.87934035563045176,-22.44100294672101,-1.275799185069542,,0.4562766647541521,0.4782608695652174,False,1
-0.93938270777061628,-0.31477239102098231,-0.13593553690068716,0.31667500505090751,-0.94850065466655265,0.0079655052023209702,-0.13144226686097574,-0.035564728988905718,0.99068566181932449,-24.902435379052147,12.547327689894468,-7.4183892316695879,0.3101919867499198,0.2881756325178108,0.59375,True,5
0.96252238797308576,-0.19808529625604407,-0.18523732900725706,0.25125102534162425,0.90843353301384588,0.33409794725613595,0.10209591037534281,-0.36811782285449934,0.92415674730074471,-40.04447756363637,16.154927003427431,-10.528619537709451,,0.3939335343839717,0.2352941176470588,False,1
0.84149490646011471,-0.45773037265275468,-0.28700039782699482,0.535240343049325,0.77859359697251584,0.32758172404125502,0.073512567457027403,-0.42927254361835232,0.90017830773758722,-32.380190615701238,4.2882694503133854,-8.7665006846930833,,0.317127245046709,0.4615384615384616,False,1
-0.67370118605081886,0.73858041612889158,-0.025013612785708822,-0.73742128435875787,-0.67408721764869772,-0.042617747210732526,-0.048337990115439017,-0.010266056375794474,0.99877827709561706,-22.733484376189139,14.127612661507976,-6.8786614721024728,,0.2198425487320873,0.3823529411764706,False,5
0.6198736450800546,0.78010699906416936,0.084792300041114252,-0.77658504150947694,0.59436839724384194,0.2089063944964609,0.11257147702189363,-0.19534400008416583,0.97425273117001154,-20.734062367303629,-14.804484963051557,-5.252639682560253,,0.589107855222249,0.4339622641509434,False,1
0.32315680379356637,-0.91711977385503474,-0.23336880804001345,0.9463053759638882,0.31089466888238926,0.088603838982034278,-0.0087072144668133636,-0.24947109103982323,0.96834309991429668,3.7561888135971873,-11.563200010888217,-0.91599448534379768,,0.08675307602336274,0.25,False,5
-0.56902601132952679,-0.78536267961360473,-0.2437516356879447,0.81352239789304726,-0.58088107029690061,-0.02754070255230847,-0.11996127107011123,-0.21396879127776214,0.96944656882284008,-1.1171805034509621,25.06739515400492,-3.5079450808059534,,0.197072935761203,0.2666666666666667,False,5
-0.50441025720798138,0.85667365305685561,0.1080765681431432,-0.86345607750635656,-0.500979140984955,-0.058851529422038633,0.0037275515709930401,-0.12300468469208059,0.99239908953156897,9.8835031799962731,-14.194567191341362,0.10143528933279997,,0.4702035182481149,0.2173913043478261,False,4
-0.34336723696494192,0.93129938971069393,0.12157461619742363,-0.9391822717810514,-0.34129384451385636,-0.038146717671844584,0.0059666532700602543,-0.12727905727746869,0.99184900092066131,-15.2627598896071,21.903693224198332,-5.6488570963744866,,0.5290030654226936,0.3421052631578947,False,1
0.88365803578744606,-0.40187494719700828,-0.24009373711880383,0.45867008244389956,0.84585390190378063,0.27231035989300034,0.093649512861402912,-0.35075305194616702,0.93177361268243186,-18.246009415027352,-16.653000166903702,-4.7048828522459054,,0.6167638382265923,0.44,False,3
0.92947872693485867,-0.29794556003786588,-0.21748043458958796,0.35698979746831533,0.87501925591731344,0.32695502179572378,0.092884770975035655,-0.3815360337211065,0.91967530916801377,-30.903329132753488,-23.708297918621646,-7.4740730067752299,,0.2304190841649432,0.125,False,1
0.4383999808606544,-0.84529692534106426,-0.30541539710748494,0.89722330538761585,0.43158941907151305,0.093385831981287637,0.052875297168915099,-0.3149661590623013,0.94762889444910969,7.8306873151614198,27.436942836157638,-2.2674480929526499,,0.3132998046966254,0.125,False,5
0.0011168752224023815,-0.94969482103080149,-0.31317487047496506,0.99911924035241018,-0.012076800903025448,0.040185749185148889,-0.041946348438935604,-0.31294392115397007,0.94884487987521804,21.901507116321419,-2.5853906365959376,1.3219361114308168,,0.1585069125756419,0.2608695652173913,False,4
0.95897700889621562,-0.25773433690859804,-0.1180512938800431,0.27220673253875499,0.95347401500709494,0.12957930956300262,0.079161803725292745,-0.15639793567862392,0.98451668068470155,-34.240518987339293,13.534702543255708,-9.2878510018627285,,0.2809076449396913,0.2142857142857143,False,3
-0.89847817060414148,0.43297876881996067,-0.072569709238673022,-0.43094723442021327,-0.90137794119762871,-0.04245336580170999,-0.083794141163953367,-0.0068697069424237187,0.99645940661580423,-17.09455115203334,20.562128088275085,-5.9906446378119034,,0.1111991856347995,0.2352941176470588,False,3
0.77525788495364945,-0.60074867016923839,-0.19513135859488756,0.62969335743336141,0.75932399633607151,0.16405287011363143,0.049613379460546177,-0.25005620143901747,0.96695936248654968,-25.762836385452626,16.116387443086637,-7.7033132634128538,0.4976535364274403,0.6985288667543598,0.7222222222222222,True,5
0.79968351212272004,-0.56521980956002538,-0.20256566174946627,0.59383280091070478,0.79438161388534889,0.12775154043476505,0.088706735942756881,-0.22245093481897665,0.97089994159879589,0.31188537328595811,-23.36744540214298,-1.0034573097443626,0.349789741883561,0.4435099080831371,0.6911764705882353,True,5
-0.78582042271541352,-0.58253092868033129,-0.20771129091650237,0.60244624737285468,-0.7969363745808874,-0.044169377358492752,-0.1398026547306386,-0.15984408653654553,0.97719245071253147,-24.33672053666308,24.813121238333899,-7.8156776082509696,,0.1782854676617796,0.75,False,4
-0.92193535889162104,0.38466278355104577,-0.045494362025857951,-0.38403888102681116,-0.92305263543034122,-0.022090044924749606,-0.050490908934711975,-0.002893989610191966,0.99872032768892993,4.5020237302423833,25.960863035851265,-2.6589982273289641,,0.2063429431127284,0.6,False,3
0.71708540741288751,0.68866339305856361,-0.10738365581669621,-0.68663655728125406,0.72445452433519264,0.060793752764709226,0.11966100735176677,0.030139230768811483,0.99235722907037061,-0.74345499448677455,-27.549203832308404,-0.94787818826633741,,0.5474019257901852,0.25,False,1
0.44823100736480426,-0.83250345898681344,-0.32561780481374575,0.89381890203373782,0.42280747696119614,0.14940417595539457,0.013294149237002582,-0.35801093307425325,0.93362274897057118,4.2353413454629871,-16.39292467289409,-0.68893073769088098,0.8022174783927476,0.3605028293214834,0.1578947368421053,True,5
0.57107698471659374,0.81503043806442876,0.097961536102235333,-0.81372925838881183,0.54631075445458765,0.19846726079949542,0.1082394178153174,-0.19305425298543824,0.97519961230264884,-37.607009860773218,4.4112460946308136,-9.7370085859719371,,0.4300789714623787,0.4782608695652174,False,2
0.55336228236771468,-0.78050515250029651,-0.29086404276445477,0.83282321232154477,0.5243183016146582,0.17747060491907896,0.013988619346346709,-0.34044386543512484,0.94016078040746509,-8.990855050649337,20.417742584123562,-4.566414806690914,,0.2422764740788405,0.3043478260869565,False,3
0.99099311194568807,0.078298699927973947,-0.10863685224541123,-0.057591322268832984,0.98158897167728032,0.18211625485076358,0.1208962020723961,-0.17421941416251502,0.97725723535481779,-7.970808741889325,-16.608631312056538,-2.7717683967095748,,0.1555111400796577,0.2692307692307692,False,1
0.55196829801943947,0.82857896308867718,-0.093743799306496026,-0.82708730247978035,0.55831568333554082,0.064885990924771514,0.10610180044770456,0.041719296116564705,0.99347969696078575,2.0860307984950244,-26.323949895957892,-0.53661787339477351,0.3898688963817271,0.3382009648922183,0.8333333333333334,True,2
-0.83362197818294315,0.54893028282601897,-0.061236770709299893,-0.54759951758663383,-0.83586649186883988,-0.038235796183221746,-0.072174551119092878,0.001659026047318754,0.99739063651276172,-24.542802730391664,14.777412025518277,-7.4276622137015043,,0.1207438669988575,0.2916666666666667,False,2
-0.92947749579501682,0.3667592484756127,-0.039487193724408315,-0.35668060092827075,-0.92087772336763385,-0.15736317080782361,-0.09407727532232657,-0.13218120994622634,0.98675102939144677,-16.288379143203908,22.351662465485795,-5.8942566338560267,,0.4330924744957084,0.3157894736842105,False,5
-0.45919412886175726,0.88732801106395154,0.042305470097669107,-0.88827328725022903,-0.45807513729602373,-0.033730338701273017,-0.010550790328951398,-0.053067592488465834,0.99853518288086041,-0.26867616399447858,23.570786091430719,-3.3219127817489968,,0.2389723665058064,0.2631578947368421,False,2
-0.666240800088161,-0.71812748110762503,-0.20103760139810722,0.73685711395155939,-0.67541302016343441,-0.029306071259837044,-0.11473791839172087,-0.16766088712554778,0.97914505412191544,7.1564161871233525,-12.620264664224475,-0.38460713266047786,0.2715099968902802,0.1025660876871287,0.2,True,6
-0.90942531884156252,-0.37140951644286485,-0.187084367453831,0.39485984485178788,-0.91234913012331897,-0.10818857465946027,-0.1305039937072611,-0.17226153331170826,0.97636810259632867,-19.12049651602107,21.979987035429168,-6.4921536485453695,,0.6190371444044738,0.7446808510638298,False,2
-0.97944355166563901,0.173961565710997,-0.10211612387853576,-0.1702750802393021,-0.98442095385447148,-0.04383814163205034,-0.10815140382860142,-0.025549153951372531,0.99380607493729456,-26.801037051417346,15.647989712529721,-7.8463739085410795,,0.1726866608249278,0.4230769230769231,False,1
-0.93987810972745556,0.34094469143948763,-0.019643223624856834,-0.33261719100494791,-0.92692886235475391,-0.17369135954818943,-0.077427017914431157,-0.15671503282376231,0.98460421255645869,-8.6262448462517582,21.471064472040496,-4.5557722602719357,,0.3963078499586211,0.4615384615384616,False,4
0.7803965256625699,0.61914028044623781,-0.087444701741974065,-0.61193243036923028,0.78497284398433598,0.096728149313164175,0.12853000971055745,-0.021976062797884985,0.99146209673779584,-2.1740363984516828,-16.926984854940422,-1.7383717665616301,,0.08011777067315833,0.3414634146341464,False,5
0.66905742979921734,-0.66227825289878972,-0.33726795188364778,0.74200208901389109,0.62110002429247435,0.25232451272698075,0.042368095655643388,-0.41907311481555698,0.90696343306072702,5.4670550458543907,-12.198750331975576,-0.66371245985912974,0.7967742625161397,0.5692476801455878,0.496,True,3
-0.37441442347939335,-0.89431530756518096,-0.24497748905805494,0.9219037241226069,-0.38738438198851727,0.0051830531777377273,-0.099535736996628529,-0.22390504962142027,0.96951491263134648,-20.169529397285853,18.160203601304321,-6.5090010687541371,,0.3557072256974972,0.6716417910447762,False,5
-0.99314836263108475,0.074391845028692061,-0.090123155717177911,-0.062247647045125386,-0.98945538000437172,-0.13077951451871428,-0.098901770664337141,-0.12427350632227346,0.987306707860241,-7.5928695100963655,22.713426991969655,-4.5039474104865089,,0.3460167002644762,0.3,False,7
0.11312234844592438,-0.95165069020982229,-0.28559463948969205,0.99292615079130997,0.097842300789767842,0.067264725160496988,-0.036069285504865212,-0.29118352975285677,0.95598700757062338,-5.9485003487230843,-17.014035879769867,-2.3476702223976309,,0.6208068972312524,0.3409090909090909,False,1
0.99278960479781175,0.020253087510668732,-0.11814657443908236,0.026440904287634355,0.92434590350233992,0.38063831816948612,0.11691740326340037,-0.38101766773304363,0.91714549428616576,-0.77788561696196801,22.728093755335667,-3.3532286676030805,,0.1932683371445031,0.2222222222222222,False,1
-0.072753376396120145,0.98675744567814461,0.14497134069086931,-0.99685974613199302,-0.067388444385287377,-0.041586585637553457,-0.031266479888580459,-0.14754165839543323,0.98856151365168088,-13.354767618109262,-13.33825191971259,-3.9016731968888565,,0.4793755889997776,0.2580645161290323,False,2
-0.37707311092636997,-0.89857644165974093,-0.22444653597332903,0.9220169310541505,-0.38714837533019353,0.00095620535309950266,-0.087753335354248313,-0.20658294695668611,0.97448593533251959,-30.350921408269361,13.509759638468918,-8.5731411696410671,,0.6187425576707752,0.6395348837209303,False,4
0.15638555000478116,0.98442239621182792,-0.080349894749561002,-0.98484415471514508,0.16159477401795788,0.063000951845961134,0.075003671064249045,0.069279685670826846,0.99477373029259175,6.4380533623121465,27.811948244597222,-2.4270210379055683,,0.3551940632603455,0.8181818181818182,True,5
-0.98597580622295722,-0.08349250476242473,-0.14450159580948144,0.097893979994180036,-0.99059480508445918,-0.095596552346738806,-0.13516093453320496,-0.10840172410151133,0.98487592517429912,27.357686103215698,-21.671464768833125,2.9785322252451167,,0.3821725696351623,0.2307692307692308,False,3
-0.93800214868139609,0.33694951355716929,-0.08134490999854084,-0.33146217721796883,-0.94056916107154864,-0.073908580794700002,-0.10141397410124306,-0.042363646617705079,0.99394191344476579,2.1166382135534656,27.608891089563517,-3.1070035385032115,,0.3513225156485326,0.3529411764705883,False,5
0.91614921560339158,0.38892465059610393,-0.096996035527177435,-0.37983034654494796,0.91964462933322266,0.099913280309000818,0.12806062077327188,-0.054693435595678984,0.99025709061329426,-15.029046978420933,27.613963222247396,-5.9753563183907623,,0.08574071939163352,0.2,False,1
-0.09308361098797073,-0.94646277317998262,-0.30910137552249267,0.99513646375267706,-0.098487801937023389,0.0018898093637712485,-0.032231349262137172,-0.30742213949888281,0.95102721741844587,9.6226894422132769,-15.971542432421529,0.1499596479251287,,0.3756853066123673,0.25,False,4
-0.9920047409332905,0.055393353845692515,-0.11339387247819586,-0.054038997956385393,-0.99842637531290335,-0.014985318795669805,-0.11404552014763768,-0.0087378160465853491,0.99343709911850531,4.2993550651479051,-19.367824151653274,-0.53125428667202768,0.3428538291041063,0.2628735093946378,0.4545454545454545,True,5
0.59228841738598126,0.80540147362988246,0.022866939131023944,-0.79886521145025902,0.58331273482369628,0.14683537491705564,0.1049228505376284,-0.1052364939900258,0.98889659508350258,23.816196054501471,-6.1024763556434696,1.7450832600207202,,0.7727008425900834,0.2222222222222222,False,2
0.71436680627834559,-0.67334647447519291,-0.19048514745120018,0.69871205223109112,0.70132289681826265,0.14123619389327316,0.038490702184999309,-0.23398871705761665,0.97147709501307167,0.30006694071485801,-13.080346388902766,-1.4889016433058764,0.5816239381938093,0.3236252524663671,0.4,True,5
0.7467686245211379,-0.63278603260956345,-0.20473997744714081,0.66314230257370455,0.73193514009530802,0.15656703749802134,0.05078294958007757,-0.25269109131093209,0.96621338450884486,-0.34821022804089619,-16.320214985233257,-1.4716987037623719,,0.2228978503634393,0.2962962962962963,False,5
0.98841014634299618,0.10094193888018478,-0.11338477667361185,-0.088377720537413884,0.98989957955439267,0.11085215789801499,0.12342917450435512,-0.099546709504356401,0.98734780675708589,13.987692376688306,-8.4546762085573093,0.49461790311501219,,0.08820974429137547,0.3043478260869565,False,5
0.98545242148067658,0.11203550874756865,-0.12779503033195488,-0.063826205873992223,0.94087920007790116,0.33267483569470779,0.15751108037723113,-0.31967855048539529,0.93434248748408899,-37.34916895491056,7.9528761783263411,-9.7449542792372768,,0.503050004415557,0.275,False,2
0.013249155136545678,0.9998354259990776,-0.012392772305225147,-0.99983388492117486,0.013402240754492386,0.012352429161444772,0.012516487190806811,0.012227054428603654,0.99984690662540987,-8.2234539441517089,19.351724599743033,-4.4232999942280609,0.4595288897033476,0.1748781465336169,0.2666666666666667,True,2
-0.59668561498693318,-0.78205810267025744,-0.17986495188185794,0.79501805988919005,-0.60658575789391611,5.263357045077327e-05,-0.109144680666053,-0.1429644793928237,0.9836913114967748,-17.603222449158242,22.365943566825692,-6.1751052466425875,,0.4430091215620806,0.6825396825396826,False,2
0.91895998523932731,0.38556235788719034,-0.082790178822158944,-0.37156313400527252,0.91689334657254029,0.14576497679205197,0.13211125227290349,-0.10319040261321669,0.98584905428336611,5.3203421527938,-8.817956290837671,-0.80232659230552827,,0.178565576408139,0.6186440677966102,False,5
-0.99521002523523694,-0.049070107810514074,-0.084552529180059538,0.059489222796428723,-0.99031103686696387,-0.12547941118190351,-0.077576014607333099,-0.12990833221523879,0.98848661456728837,2.8599809372050888,-25.310816219422868,-0.44642420885610151,,0.2249269605939718,0.1764705882352941,False,3
0.80593139413342119,-0.5685138947803452,-0.16512582896640968,0.58863826634841032,0.79926178428011618,0.12118412263867089,0.063083907143576035,-0.1948654705971509,0.97879919750092403,-3.9189850827799324,-16.378716248848846,-1.9980208268973194,0.2250363684785114,0.09814384412492284,0.25,True,5
0.33333241703383365,0.9223372072298992,0.19540618187183878,-0.93861683823099074,0.3051202000096308,0.16093506310105132,0.088814023350137591,-0.23705640616830156,0.96742768698798787,17.999761948398813,-9.4601009728020777,1.1199789207522772,,0.5837713357069605,0.2413793103448276,False,2
0.89172650956607669,0.45097230201495514,0.038050163632171285,-0.43413735117216168,0.82861723201683812,0.35343774999563082,0.12786161446783811,-0.33168880840342946,0.93468387272146314,-16.670847729101418,-17.487526576234483,-4.4058589307244915,,0.2430677636631424,0.4615384615384616,False,1
-0.93665012473388698,-0.32557240199496901,-0.12918651204835613,0.33403846955562433,-0.94124247891033419,-0.049808601181578191,-0.10537952691547857,-0.089806497281407729,0.99036859216814543,-19.445134486824269,18.965987438640518,-6.3653926150812001,,0.156002920568142,0.4666666666666667,False,4
-0.90401328537772885,0.42565580892362115,-0.039712871844573339,-0.41649314449839547,-0.89786812082471767,-0.14271053987891175,-0.096402491909724664,-0.11247208514235613,0.98896743607528725,-9.847249769255793,18.464566413855998,-4.574465301316553,0.7687175483809026,0.2807676955637521,0.1612903225806452,True,5
-0.95947870400545987,0.26742520944763132,-0.08879399704875246,-0.26149497622286921,-0.96244033619589353,-0.072999840228159377,-0.10498092193443759,-0.046822607947722986,0.99337135524171905,-2.5240224378480329,24.57594942995803,-3.7260268827929233,,0.1337025794731052,0.4,False,4
-0.99475431438859918,0.046817261605869756,-0.090950525127644136,-0.046380313994760829,-0.99889993329796611,-0.0069130117217928097,-0.091174121761682353,-0.0026584343222638453,0.99583141758429128,-14.042020017608165,20.905156322199723,-5.3781034868290085,0.6583381393823816,0.5493857838100781,0.8192771084337349,True,4
-0.52171371932507249,0.85021985509848796,-0.070292197748439561,-0.85293298438205578,-0.52155343385010067,0.022075773877469184,-0.017891875841280096,0.071471768100943855,0.99728214019073125,-35.779041983547785,14.423051425114041,-9.6082629472205205,,0.3232319722091222,0.5,False,4
0.4667327911793242,0.8842158414253205,-0.017967955099887994,-0.87566809210056551,0.46487769670890128,0.13074448202346631,0.12395924376550171,-0.045288772064839847,0.99125326380796641,-20.426875096092733,14.623970629412026,-6.283652128360659,,0.6259718115463446,0.2153846153846154,False,4
-0.92174525021769971,0.37969052857040825,-0.078872024286400083,-0.36951042932968309,-0.92164269221245043,-0.11847696192923041,-0.11767640510188913,-0.08006154136232245,0.98981938416914517,11.497539162714128,27.428198160632355,-1.6397148743587453,0.291151271857819,0.2545168450394464,0.3333333333333333,True,5
-0.67883025094375204,0.73317373315217804,-0.040568059102457088,-0.73326176540306587,-0.67976966023759122,-0.015504593462853364,-0.038944496422742829,0.019222019565273932,0.99905647496135597,-0.71302421343905542,-18.345673877746854,-1.4469678139510971,,0.2932409636878279,0.6307692307692307,False,5
0.94524052642964695,-0.27677631807330583,-0.17296016000451689,0.31303662362892387,0.91878667906078193,0.24049763127204343,0.092349442131543752,-0.28147097209880184,0.95511552830207314,-3.1692850110215463,-19.058738308090799,-1.8050659782131977,,0.1969729476058603,0.2352941176470588,False,5
-0.52347017719093614,0.84623109340001745,-0.099357486656517197,-0.85058357125953055,-0.52583236747230566,0.0028124049945284502,-0.049865437881090956,0.085984055972489995,0.99504782810850179,2.3774703797586261,-23.060735530764685,-0.65732368154885756,,0.1886930497141003,0.5238095238095238,False,5
0.2636204667032398,-0.92975566648098096,-0.25701877398679046,0.96458401485243617,0.25157939093777115,0.079281071804912062,-0.0090513991361331411,-0.26881631405457307,0.9631489300579591,-6.8132947529410881,-14.507179166291936,-2.6307268343867256,,0.5021674075950849,0.19,False,2
-0.81982731514754836,0.56765174035383137,-0.075197573173794524,-0.56314074753920496,-0.82307097111587668,-0.073665968855048183,-0.10370955500313149,-0.018046555893952335,0.99444388983060183,-3.570335743747016,20.307386433343062,-3.6829857716651704,,0.1771892957847269,0.3103448275862069,False,5
-0.97931836656784843,0.18563262893145507,-0.080473995668656192,-0.16778758524275481,-0.96740344343327012,-0.18967842226214954,-0.11306132469278542,-0.17225302525485506,0.97854281058585468,-27.750357744391543,15.571227540884971,-8.0849884516327517,,0.4614938383180311,0.4,False,3
-0.90597250548968122,0.42063987382192958,-0.047706559798624745,-0.41173792782367136,-0.90173590543579429,-0.13169751569166693,-0.098415944278444106,-0.099671728182864322,0.99014132754512529,10.674581942794111,29.95547954938554,-1.8505418062324881,,0.3127178555031829,0.1538461538461539,False,5
-0.99225847862889716,0.062212335199079094,-0.10748365893542171,-0.06267685787304024,-0.99803342480421597,0.00094575934188129152,-0.10721344634061228,0.0076751757404939659,0.99420640140824035,20.486930904439582,-15.176109345397023,1.6860331669049606,,0.7324808429875196,0.9354838709677419,True,5
0.92614428204926769,0.37665009173168773,-0.019785783430492282,-0.36510535736088473,0.90844803276474373,0.20351965456006577,0.094630052593390024,-0.18126466882539219,0.97887091742568078,15.493258564898715,-9.2855352336044277,0.72705060247303421,,0.2694213069834605,0.3770491803278688,False,5
-0.21491099842103087,0.97485994729387715,0.05883320422902874,-0.9756112728375238,-0.21705181030833703,0.032728518973831416,0.044675575765986741,-0.050364618573484982,0.99773117528015776,-10.011812076482475,22.140081112203532,-4.8066656578441478,,0.3943469180312277,0.2380952380952381,False,5
-0.36115105761454658,0.93132518330019154,-0.046939498663263066,-0.93250070037134003,-0.36050090538740037,0.02194404296898441,0.0035153080738997006,0.051696229705160121,0.99865666895255689,0.88596762078932034,24.532747959701005,-3.1789794274016869,,0.7191809935828363,0.9615384615384616,False,1
-0.89331424883636634,0.44761422765985609,-0.040387572623126436,-0.44479404001420952,-0.89339503522877095,-0.063273793915177179,-0.064404307260893537,-0.038559230088955891,0.99717865549819651,-4.2703839127766763,23.602285378351713,-3.9618826854569713,,0.1889039100355908,0.1428571428571428,False,3
-0.91139787173683051,-0.35826050813861621,-0.20249278432041584,0.39104895906807119,-0.90723359474927989,-0.15494488107090204,-0.12819762480386271,-0.22040102737183068,0.96694816620545276,-1.659463113656515,23.610926220060502,-3.542424434915489,,0.1069591731213149,0.4285714285714285,False,3
0.98239327610164051,0.14418445576114011,-0.11880359332591837,-0.1345098989703577,0.98718897478619438,0.085819666391610649,0.12965545938860623,-0.068328403884819464,0.98920204764915598,12.733478617279175,-10.069693768302956,0.39051178739776471,,0.6055566279844624,1.0,True,4
-0.34844227607801681,0.92810981614744137,0.13114934011398599,-0.93730375728950632,-0.34605671981698211,-0.041308755010113524,0.0070460494282916092,-0.13732048587255161,0.99050160895739137,3.7258506961571345,25.004948928046232,-2.7638478072605559,,0.3231139334129524,0.3333333333333333,False,3
0.8117703793932487,-0.55899884090872609,-0.16896492832076718,0.58035248292844344,0.80441175401972576,0.12693591120600844,0.064960347124473794,-0.20110202847711289,0.9774140000244822,6.0676797107691289,-15.404982094947856,-0.43417089829696359,0.09183229319143113,0.3016419133996694,0.2894736842105263,True,4
0.56576613678490406,-0.79883951395499198,-0.20436269085044959,0.82417665652747296,0.55546872589765117,0.11039625620842237,0.025328191855727863,-0.2308894226546368,0.97265027486940425,-13.029608504823059,18.753950949688129,-5.075325781821963,,0.1386719033170292,0.1111111111111111,False,2
-0.391501613420765,-0.89701867710351002,-0.20514380228612308,0.91584698953507271,-0.40145565033792407,0.0075929290330196096,-0.089167137716110068,-0.1849076897785073,0.97870238980616209,0.56995753687846196,25.892482984243312,-3.2887764100009611,,0.2842516154752732,0.2121212121212121,False,3
-0.97737097041650856,-0.13335087485210145,-0.16420575618190608,0.1707088868962521,-0.95564489919078532,-0.24000271370398454,-0.12491782147369943,-0.26260306705522934,0.95678376190832792,-31.678008444930011,10.509124560650118,-8.7607599184963707,,0.2214700920488794,0.2666666666666667,False,1
-0.46314579254778276,-0.86960484263729165,-0.17112390980531098,0.88250400814052266,-0.47030261670767853,0.0014575094586942519,-0.081747479846156712,-0.1503424969184714,0.98524843727819267,-4.9426980665818059,25.108639753914549,-4.1156898161968858,,0.2337441818198879,0.1428571428571428,False,3
0.11219440120834666,0.99311699605583748,0.03363106424914844,-0.99169717169585225,0.10976527878277838,0.066994799978704112,0.062842151363143001,-0.040868272764685687,0.99718636587815568,-3.1438945409583501,-23.756690493145705,-1.6101665666963081,,0.1960359325741964,0.2941176470588235,False,1
0.94744290220653538,-0.28524940672699894,-0.14486104728447183,0.30397357329537145,0.9438262276958499,0.12958440743957891,0.099759780455363489,-0.16680775723963934,0.98092974178999215,1.5362519505220333,28.560773214782216,-3.2701183520378456,,0.2201476074281636,0.3333333333333333,False,4
0.79952491999609698,0.59683201835137434,0.067464391910556171,-0.58758019745036538,0.75391121598637578,0.29388329311843475,0.12453679725055504,-0.27460775713837937,0.9534574798332669,-32.500249752410703,8.3870348469562295,-8.9003321206932284,,0.4857537361938401,0.103448275862069,False,1
-0.99219353966573642,0.0103740748198656,-0.12427533310037307,-0.00014042207216259653,-0.99662624436075831,-0.082073804182652504,-0.12470749827984882,-0.081415647286025822,0.98884757786515265,13.08359884448037,33.82736480036651,-1.6386680515965137,,0.3502439939529793,0.3636363636363636,False,3
-0.12504352394642004,-0.95703589283790791,-0.26162266136367068,0.98954217821386148,-0.13941156082008535,0.037022888129842689,-0.071905456363395903,-0.25425718579748446,0.96445989487148509,-3.5403927842474352,25.595265600029659,-3.9233647930082722,,0.1616004563575364,0.25,False,3
-0.049794084345398996,-0.93212511440253443,-0.35869669675683613,0.99720593823868398,-0.066423501812990893,0.034179455063040237,-0.0556854191481942,-0.35599254136422859,0.93282819671541262,23.453853943911817,-4.3132140269103578,1.597151364428042,,0.5838462863111724,0.3125,False,1
-0.88524347437212247,0.46468838339589236,-0.020216266185541204,-0.45773672669636828,-0.87807069081216804,-0.13953118278698806,-0.082589830577783033,-0.11426534152381304,0.99001128862835663,5.2448913898036427,25.761941850368824,-2.5115941495433667,,0.1164186817389951,0.1739130434782609,False,1
0.65324238654146582,-0.70457839155128532,-0.27720691655262375,0.75666911902321976,0.62053222868275126,0.20589219869300945,0.026948631546594805,-0.34425142457950819,0.9384906648085235,4.7934340047036876,-17.589713590920152,-0.51242776740786444,,0.2759455779880479,0.25,False,4
