axis_00,axis_01,axis_02,axis_10,axis_11,axis_12,axis_20,axis_21,axis_22,location_x,location_y,location_z,dbh,dbh_approximation,score,reconstructed,number_clusters
-0.70097069046649774,0.67762932372458795,0.22239287474080713,-0.6913707758849712,-0.72218526294606677,0.02132829659713073,0.1750615359213325,-0.13880542356867595,0.97472381371790939,-6.354201534691196,5.6902235852170557,-1.53743379684974,0.1933139894374983,0.1303268326593118,0.1636363636363636,True,5
-0.070951892718562656,-0.98831084031518357,0.13493521347354531,0.9942764474889807,-0.059241321007688801,0.088909008845889217,-0.079875996947443462,0.14047116715099103,0.98685747517607236,3.3406094243690561,-6.0419567724380823,-1.9868641890528116,,0.09078670117222111,0.3134328358208955,False,3
0.32865715593577216,-0.9344776045119052,0.13687980317746437,0.93152601482484521,0.34463108334424813,0.11614086316844968,-0.15570407045659479,0.089336571787044239,0.98375567057302726,-0.70258789239081043,-8.6244370405558328,-1.114878416643182,0.1101646497364459,0.1162985958883312,0.4660194174757282,True,5
0.48264174701545021,-0.85850760153169281,0.17326754499955632,0.8569914710083445,0.50373168706121929,0.10871985131249363,-0.18061717154475349,0.096016069294452444,0.9788556337787585,-8.0837997005474431,8.9187617616772901,-1.5587140970759816,0.6564253304101261,0.5863707160621721,0.9951845906902087,True,5
0.97814564546274119,-0.072833021160369715,0.19474713679777292,0.048902403835039847,0.99095276497023954,0.12498468905026788,-0.20208822618211097,-0.11272962621463184,0.97285784172821332,-3.7938993344251348,9.2684661090704701,-2.2033965375246356,0.1844485647755239,0.07977915192137393,0.5217391304347826,True,4
-0.85477945786848597,0.4756640337810486,0.20759529227128176,-0.47017077233741983,-0.87909281382878957,0.07832796125404709,0.21975332362831684,-0.030652106644122823,0.97507380495662244,2.2914728122966879,-3.260016198424966,-2.0715153728544777,0.4652834904356838,0.4264370369526878,0.9495652173913044,True,5
0.92773310332818704,0.29401881430768145,0.22992221689553488,-0.34059379570333692,0.91884583435449207,0.19929425234509918,-0.15266681144717026,-0.26320195577256572,0.95258468135911745,-0.30290838908236412,-28.862975635444986,0.84543779730557078,,0.4274777141166942,0.3571428571428572,False,1
-0.10142924167943036,0.96762405585720501,0.23111857445646378,-0.9881410859687374,-0.12490970771832642,0.089301506920358611,0.11527923990407085,-0.21931997502319422,0.96881858229648188,6.377733761101835,-7.7355154380522038,-2.3607437519451748,,0.09434659493572096,0.3157894736842105,False,5
-0.93285818802156883,-0.31022414305315954,0.18312995961351713,0.31255951829013368,-0.94975100907942978,-0.016720295417380959,0.17911490325306587,0.041641347475049148,0.9829465141161583,10.179082650371798,24.103157464961736,-6.1142268725354842,0.2640204582366202,0.2932503867151253,0.5555555555555556,True,5
0.58713364496184572,0.76932896869127443,0.25180750760499054,-0.80871369058432852,0.57108937949006022,0.14085129497144616,-0.035443611769859523,-0.28633871300625457,0.95747265852275354,0.05118493681839803,15.780864380886181,-3.4411031343460237,,0.1506121228255439,0.32,False,5
-0.92535389583454986,-0.35009488877934458,0.14544324086873159,0.34233264607694913,-0.93648541011470876,-0.076180286637953343,0.16287580205105934,-0.020703755525622841,0.98642933229570995,18.666589145234614,11.675716980504969,-6.376467399734838,,0.2881765475958692,0.4444444444444444,False,3
-0.94475450476090483,-0.26575003133397879,0.19187455949126919,0.27878387528809051,-0.9593469638063119,0.043965371771055188,0.17239047715385464,0.095028016298363549,0.98043418927792692,-8.668924340420233,11.170796218697127,-1.7123738128122685,0.1321770149009567,0.1215549962896182,0.6212121212121212,True,5
0.87682119919155099,0.42804719819133447,0.21899812960123055,-0.46287993917397835,0.87471564178347128,0.14357822930243572,-0.13010283070933976,-0.22726227610379396,0.96510367904258776,-6.8192927941653796,14.31368184224978,-2.2214255299287933,0.1785796868180026,0.1273335647568608,0.5128205128205128,True,5
0.59675695022276976,0.76398259910168342,0.24538078700390262,-0.8015698936839788,0.58165583575459079,0.13842757771514785,-0.036970906132705275,-0.27929747045482639,0.95949261336253222,-7.7669826362559347,-17.585834924404878,1.0198499563482559,0.2255622275115505,0.2160838386459644,0.7761194029850746,True,5
-0.84615379026071613,0.48800088225568855,0.21419360902019555,-0.48662355534516782,-0.87134856002312389,0.062842679198612569,0.21730457567813727,-0.051057084359576038,0.97476761103662357,-6.9849437867374249,7.1980206552387163,-1.5699443371323663,,0.08196367552972003,0.5729166666666666,False,5
-0.92608262798283236,-0.33266016147655403,0.17806791714063855,0.34541433655866394,-0.9373579054860548,0.045266909796627897,0.15185487232272238,0.10342811024663977,0.98297646144893025,-13.009156809501885,-18.12898499820864,1.9005555021581486,0.2451000768816784,0.164971847387911,0.6551724137931034,True,2
-0.52843720155631868,-0.83261130549965157,0.16586903859820284,0.8476694728889248,-0.52827810937486819,0.048771958003825881,0.047016898489146045,0.16637503751909546,0.98494099221576725,6.7829808888561569,-12.44833537592411,-1.9933924724329952,,0.1224977454941918,0.4857142857142857,False,6
-0.79538479453195743,0.56346523616864186,0.22331582177887199,-0.56931541862864543,-0.82095755935622616,0.04368798287354627,0.20794947160078703,-0.092388383281047204,0.97376660648004776,5.769453873208473,-16.838721610691731,-1.3541918727397415,,0.1441238900422351,0.3333333333333333,True,5
-0.45762290402248812,-0.87945335439283712,0.13093156671029541,0.88913082857309444,-0.45349703041107881,0.061537087104093516,0.0052580790169298314,0.14457607290115843,0.98947971770498244,-4.5320459667738913,-13.014105745327575,0.020553526858980549,,0.07849625014381481,0.4210526315789473,False,2
0.50373349054593908,-0.85808756343347869,0.099691042642764224,0.84124573566441219,0.51350159954763275,0.16917954807974425,-0.19636237605215534,-0.0013567397760295974,0.98053045670613082,-8.7425057774202912,-30.078729819788219,2.2708814876305419,0.5842698669895909,0.281639833653512,0.2631578947368421,True,4
-0.36884462039259219,0.89984070781198511,0.23289557009928313,-0.91561114367841934,-0.39488589093975085,0.075639716476309238,0.16003087070731659,-0.18534247678593452,0.96955571615019309,0.68583419287545011,-12.291413247436855,-0.94190150630745306,,0.0738194234138845,0.4,False,5
-0.33475978378380805,0.90703652281256053,0.25538330690379579,-0.92947579502748789,-0.36241130318969395,0.068795303461561749,0.154953649905508,-0.21434270130902056,0.9643892226567623,-19.520523074869551,3.2014039861106651,0.5807801163589662,0.4281932574729752,0.4157372853435128,0.8942307692307693,True,5
-0.54466337411693344,0.7407469826495342,0.39323748116267976,-0.81445464612192409,-0.57902271275339701,-0.03736746614515736,0.20001359530284374,-0.34062678375504862,0.918677286038314,-34.078025475668781,23.441783835479651,1.2801460287743871,,0.5480202840437228,0.3846153846153846,False,2
0.96629111810133883,-0.19042309667332463,0.17326430484033956,0.1514946547163846,0.96471073034540089,0.21536614485291536,-0.20816062228680005,-0.18185777687463683,0.9610394915503665,-7.0909612871892742,15.54604743668162,-2.3202900074902573,,0.2277583834410338,0.2916666666666667,False,1
0.84373187861359844,0.49170708112991524,0.21526881654774713,-0.52362498006374236,0.84218021673864796,0.12864432668131948,-0.11803981220085905,-0.22126144919697058,0.96804440695395944,4.5011547244206849,-5.1568656056723654,-2.2619515606370082,0.03005487235739673,0.09369863975538491,0.2558139534883721,True,5
-0.76822382982861093,-0.61965143210454432,0.16082366111442351,0.6315260136168368,-0.77470419344458374,0.031753846768582367,0.10491444804547426,0.12595838737520837,0.98647222122123079,-15.719595113099347,4.5797090576646013,-0.13814253787619341,0.4548104197254346,0.3505659988627527,0.7112299465240641,True,4
0.64312256923989786,-0.76002826695300607,0.093543542624181145,0.73876292295908219,0.64795188585764096,0.18543920101876823,-0.20155074942858742,-0.05015363442399659,0.97819318560233182,-3.7668466841464383,-13.328979876618684,-0.085486676188099117,0.3685177328099965,0.3081289433442396,0.7510729613733905,True,7
-0.95750760117438938,-0.20055781029517378,0.20725771016507519,0.21740151264573013,-0.97412814727809405,0.061732770712931193,0.18951457989456552,0.10416773689656508,0.9763366768677868,3.0007920876424574,-8.2498636349072783,-1.7537349881459914,,0.1176911815267167,0.4029850746268657,False,7
-0.62963568800845471,0.72341088458743852,0.28325887884855294,-0.75037225809569752,-0.66072847867422924,0.019476954310210182,0.20124704883919059,-0.20028621901982593,0.95884568925571034,-8.542297596118285,5.1733930692264654,-1.1555067874048386,,0.07868725245721449,0.2574257425742574,False,5
-0.32736405033028754,0.91194223907088312,0.24737447554211076,-0.93216111032906623,-0.35452842580453653,0.07338432861749733,0.15462355235032127,-0.2065694747414116,0.9661369515568824,0.6266207507243351,-9.7107470244771115,-1.1794008081512211,,0.3256323799014344,0.8927038626609443,True,5
0.96711673208442162,0.14699691368657636,0.20755031652341455,-0.20632839489587051,0.93060690072729269,0.30232331993816802,-0.14870716183843341,-0.33520546487992026,0.93033514194218947,3.3174259783126487,-17.16127305773761,-0.90877004804842942,,0.3636703469687571,0.2903225806451613,True,5
-0.87901733329666398,-0.44359565069754664,0.17478966344221319,0.45879129767986493,-0.8867226523148577,0.056863723452921566,0.12976545355851649,0.13017617506258594,0.9829624054402224,-8.604779669191597,-6.3812215554418499,-0.077672130420714386,0.3075796901362202,0.25699859587036,0.744408945686901,True,4
0.049457224546180983,-0.9924628743300824,0.11212237072350183,0.99310157218556783,0.060815093882368214,0.10025363673518817,-0.10631674497811232,0.10639063601909939,0.98862418658695039,-4.7757583496150806,2.3315857425737603,-1.4839699549282555,0.4662026332217457,0.587472538203731,0.8428647781934794,True,1
-0.22778916363720786,0.92969141029281421,0.2894580773742893,-0.96737953353146555,-0.24992138161700694,0.041426333594600365,0.11085546912040946,-0.27057934998518485,0.95629382531086604,-16.117239082290098,-3.8148688906637256,0.85767295971361401,,0.2289043180969617,0.3023255813953488,True,2
0.97531238761637118,-0.10858053101451885,0.19229148407211805,0.085088611669224185,0.98831149103082683,0.12649239052459751,-0.20377849426830227,-0.10700778000233643,0.97315140666430422,-9.1522173154580706,-12.446136923016065,0.70870879714554935,0.297211594643285,0.2510679850177138,0.8542713567839196,True,5
0.2258998366127325,0.93178829007596164,0.28414757837373206,-0.97264414202496907,0.19952699662655646,0.11896365243929774,0.054153825375984406,-0.30324834722468252,0.95137153788761508,-12.082686183489031,-24.858763424464325,2.4063836490734563,0.2554076846120449,0.2607565565218142,0.6470588235294118,True,5
0.97543429498705414,-0.12861761192532911,0.17884475409061845,0.084407689111592007,0.96811426374558385,0.23586037045503572,-0.20347795502694929,-0.21497042176767306,0.95518816972525311,-20.409352570812597,-21.57160441659904,3.8925994587155945,,0.2127690471840732,0.45,False,1
-0.93378126780230708,0.28079152485747727,0.221830258237531,-0.28609839400025194,-0.95816234336906703,0.0085224820314213912,0.21494244078821112,-0.055507146546295683,0.97504805206220235,-7.245789508608139,-18.243995478929094,0.98994121962856396,0.1800394719580767,0.1406126481176654,0.56,True,5
0.87369263124080843,0.43254972972913636,0.22262506019485565,-0.4756094848666772,0.85567689943274983,0.20399181768396787,-0.10225851563740784,-0.28410873814158955,0.95332335589307116,-4.8026258815748752,-18.731939882341447,0.57997366161881792,,0.2206766338822279,0.1379310344827586,False,4
0.80423749248235454,-0.57536518265471592,0.14885214904192962,0.55268251912203925,0.81615533503682303,0.16861940027128935,-0.21850420760848613,-0.053342062948837254,0.97437699869083072,9.8519347025549546,-5.9010628670211656,-3.1159403592983801,,0.174426806655147,0.3448275862068966,True,5
0.43011378192476452,-0.88888050280265474,0.15777701459869636,0.88632399541312701,0.44898897416375516,0.11330788248966417,-0.1715573074902052,0.091106272103955568,0.98095246440897033,2.1820791606809622,-6.6872321394010026,-1.7688385024296642,,0.08704635456717534,0.4473684210526316,False,3
0.7209944803981071,0.64316699644331232,0.25788209306105725,-0.6885942034061513,0.70662620602003079,0.16284172684292331,-0.07749182067103412,-0.29498410067633363,0.9523546598181073,-19.246507318288728,-24.796030751896371,4.0367313330893966,,0.2174643938242033,0.4166666666666667,False,1
0.96296620222998575,0.16738784093191866,0.21137030082513644,-0.20275171253718605,0.96632546656075657,0.15845136711109312,-0.17772967232850079,-0.19543900169691519,0.96447693605897955,13.952327292345563,15.748609609545568,-5.9897554419495487,0.3971453646609098,0.2248895740473618,0.56,True,5
0.02802477903810156,-0.9922070696852926,0.12140734173184042,0.99223997032279465,0.042330913335112012,0.11690994427351289,-0.12113815688578985,0.11718884180134878,0.98569382787129867,-1.5115912498804893,19.707448152415949,-3.6279242800783251,,0.1533192506645131,0.391304347826087,False,5
-0.4438740018712658,-0.88795908318268402,0.12043478341473565,0.89608740090183758,-0.44011588191074846,0.057666111668064325,0.0018001132678217152,0.13351657980674525,0.99104494474717508,-22.775571130860584,24.601848282075679,-0.86478058886981302,,0.4106256283689333,0.9344262295081968,False,3
0.8780616175229744,0.39593192461951526,0.26878561512853449,-0.45723909398815771,0.85986388906181821,0.22708259117857216,-0.14120979697537611,-0.32229179845998607,0.93604903177322996,-13.550974548442618,8.1561780839573661,-0.84732529799117207,,0.4443599411482222,0.4593301435406699,False,5
0.68396120175871766,-0.72701504434783215,0.060383770838615236,0.69173593478305972,0.67260505124756165,0.26287609546337887,-0.23172930548072124,-0.13802742599999632,0.96293819046356133,1.1309644721582111,-15.666247621609202,-0.65625909476580258,,0.3921424853185112,0.640625,True,5
0.88957100493244168,0.39613107929602537,0.22747218555078735,-0.43685710045476334,0.88327728748836332,0.17022663478273914,-0.13348895447093237,-0.25080151798377387,0.95879053896630206,-8.9234259918262406,10.053914479135985,-1.5436888987513921,,0.07316620001744739,0.1851851851851852,False,2
-0.38009136013126898,0.87629763586702336,0.29602873395572349,-0.90664175350931797,-0.41633286194742447,0.068320413173639807,0.18311550657197778,-0.24242401167486144,0.95273254894348802,-6.963804268525255,4.7812068751035159,-1.3632502102412845,0.1371720648917545,0.1328506150494201,0.2032085561497326,True,5
-0.62532561375221851,-0.76436785473988667,0.15719306417827467,0.77884346452760911,-0.62388253548765837,0.064602164639604207,0.048690189443488949,0.16282617895730056,0.98545263757225954,4.7632141587053871,-6.4040313885374163,-2.165629049077983,,0.09078149592135148,0.2549019607843137,False,5
-0.14446056703948801,0.93692983579836231,0.31826659793557377,-0.98168151296262129,-0.1760822193986129,0.072776775959629766,0.12422782167473188,-0.3019230610644264,0.94520363600625157,-34.035988572680679,17.981366873529158,1.8277040315447113,,0.2739561155236159,0.2857142857142857,False,1
-0.97770377241419526,0.072841250993782108,0.1969504647385027,-0.067029180317039569,-0.9971004005408034,0.036026104804643258,0.19900357381986178,0.022021430358407056,0.97975131243182945,-1.9827274728805824,-24.178001957014558,0.69211140551332617,,0.1212504838286165,0.3529411764705883,False,5
0.81407128157912512,-0.56343084106367869,0.14083194185409631,0.5401856662431942,0.82364290725627776,0.17266096058988778,-0.21327774026727822,-0.064482933127314956,0.97486130133562121,-8.5412032685051269,7.9894855757440713,-1.4168263715945857,,0.1016645382517646,0.5683453237410072,False,5
0.2648589468691398,0.92924017965404238,0.25760905803153195,-0.96340557271368299,0.24357838483480418,0.11188955673112851,0.041224273524109074,-0.27781695225056208,0.95974908195560071,-11.328717150373913,-10.064726204928688,0.8208130370746467,,0.07787793894290211,0.375,False,2
0.58880324680412544,0.75385929586417322,0.2915594254900587,-0.8073105834117833,0.56613461480880656,0.16655695670433646,-0.039501372941280685,-0.33344828677691118,0.94194048728212998,-11.655542924219391,-22.869346899041073,2.1008305856109279,,0.2053597421037553,0.1764705882352941,False,1
-0.52064089093349608,0.7642161797582453,0.38066611785617033,-0.83144489895539486,-0.55514405495536168,-0.022681672089401902,0.19399083145609813,-0.32831190786115372,0.9244343397275655,-14.325434423929211,-17.532159944358945,2.1004251352824719,,0.324772847702421,0.6237623762376238,False,4
0.47738954676609058,-0.87116680531823887,0.11475024161229705,0.85945857800331893,0.49011520698301808,0.14532046167180565,-0.18283920076116078,0.02924861014829977,0.98270766022729927,-13.380097962968595,4.8105655630423803,-0.56529092979544138,,0.6959438781743909,0.6467532467532467,False,3
0.27625383514641355,0.9272420737087792,0.25279627234423735,-0.96032517028003062,0.255860285149907,0.1109553144722671,0.038201909553444505,-0.27341845443797674,0.96113628735950829,9.8811541886835386,10.671633773260716,-4.6977175169911973,0.4723053790723546,0.4331811840984649,0.9302325581395349,True,5
0.96994264595686552,0.12662640956191071,0.20779079853462001,-0.16720192726046909,0.96723454145526611,0.19105197548365524,-0.17679021204405126,-0.22005248059788293,0.95933421012082054,-6.5714285020724095,-32.797843061427315,2.2621511055762973,0.6305352100516253,0.7268276790104239,0.7906976744186046,True,2
0.11022671242982544,0.93969465482125458,0.32376538969951024,-0.99046790193529233,0.07678071376811639,0.1143593338086515,0.082603916994368656,-0.33328467965632896,0.93920067887729142,-29.131441217719168,-0.81606195746285948,3.0627413877893552,,0.4030382949183841,0.5901639344262295,False,5
0.63744208714042438,-0.76857836470274343,0.054358834175473991,0.74386961121233675,0.63226568963337282,0.21655968975606518,-0.20081231799087224,-0.097608375784523194,0.97475485016481989,-0.70620371176255037,-12.557965208004507,-0.67131071004136245,,0.08819601552816908,0.2352941176470588,False,5
0.44948797938000679,0.85932147814137094,0.24398187145320469,-0.89320485746837641,0.42866799860493121,0.13575282526319735,0.012068097935307068,-0.27894505583890916,0.96023123092057983,8.1648482431066132,3.5080319851512503,-3.666479035596133,0.1675769130400801,0.1602862597880573,0.2777777777777778,True,4
0.83840285592163477,0.48184672420907804,0.25476339130932296,-0.53403629494237936,0.81969590812794735,0.2071324549232102,-0.10902241451491781,-0.30971333934346507,0.94455902968848748,-19.923785893932013,4.4484923367990907,0.42325964393054188,0.5663450926392242,0.2532411635814293,0.3461538461538461,True,3
0.52452364872559154,0.81614358997104841,0.24245532057837202,-0.85113218892331566,0.50973686879075597,0.12546840866927952,-0.021188178453977857,-0.27217267523497818,0.96201512251587673,-3.1122749962276246,-10.193854180453114,-0.51474935140215128,,0.06577568411783333,0.2903225806451613,False,5
0.94190166931380237,0.24059215563805567,0.2343857077325894,-0.29123314158133029,0.93263405479933659,0.21301872470094652,-0.16734545882258683,-0.26890357839564416,0.9485179824006903,-24.612887891978978,5.5343729634589405,1.2544860393101487,,0.2281998145195646,0.15625,False,3
0.97103491041179701,0.1059668067517836,0.21415470722910226,-0.14510216456660835,0.97360488884938012,0.17617855217554232,-0.18983299133616705,-0.20214983619932891,0.96078034905224119,2.7333538754905629,23.594395482155225,-4.7731409968231313,0.4532082847068863,0.3823937022185087,0.2272727272727273,True,5
0.25739214709640557,-0.96066538785286348,0.10426550337771676,0.95633626595277255,0.26870954112744938,0.11496142366282096,-0.13845659621921014,0.070122714498098898,0.98788287558536392,9.1838252609176667,11.701919964114495,-4.6378503426517339,,0.08571089251501018,0.3529411764705883,False,5
-0.31256707914735687,-0.93382621952231759,0.17398394398893918,0.94945774246745962,-0.30157645112929071,0.087072609888863353,-0.028841225734797277,0.19240643403202243,0.98089140471368985,0.47846210541559264,-3.9022292007081285,-1.7030286415896505,,0.07972941875979897,0.3826086956521739,False,5
-0.69948980259226412,-0.70923562789574623,0.087743035009970258,0.71360619001077197,-0.6998007082353751,0.032329156060376688,0.038473648744877714,0.085227887904094149,0.99561839350007086,-22.00864336701251,5.1421254238411072,0.71549901773036706,,0.3297694219192948,0.648,False,2
-0.62282753666406221,0.71108030938413924,0.3262677630093625,-0.76597270194313849,-0.63913226658295286,-0.069251467063634359,0.15928490026020892,-0.29304392063084078,0.94273728107591093,-4.7441690564831251,22.47001376138342,-3.4278374366906568,,0.3293846831188361,0.25,False,4
0.77922816093226666,-0.60412677789930869,0.16683617543901638,0.58797393163260259,0.79682121297509734,0.13914959674176469,-0.21700260120703355,-0.010333962352126705,0.97611632518439484,-12.178133517838036,-8.7049816446138202,0.79738836603492191,,0.09306138219356908,0.2948717948717949,False,3
0.97813669428950467,-0.0017622512572864242,0.20795552831051697,-0.033481805303624927,0.98558470098848483,0.16583656379414291,-0.20525003288187363,-0.16917355481263868,0.963977558013694,12.475379136484131,-6.1678419358903005,-3.5484066510215935,,0.09452925986321144,0.2666666666666667,False,5
0.7450920982160586,0.62502444745964569,0.23277071390910536,-0.66064531042201624,0.73954703708013458,0.12891064255285745,-0.091572588657239037,-0.24982918168972429,0.96395012370083411,0.65028704351946209,-17.300593067524048,-0.44656460456531372,,0.09382832605573917,0.3809523809523809,False,5
0.56169959776767242,0.78513385708264127,0.2608800266984217,-0.82682928848103143,0.5438055976563837,0.14362729429859211,-0.029101367280351315,-0.29637864028994687,0.95462705388140756,5.9531316825940639,-5.9590874480196652,-2.4154736681641928,,0.0740218962630472,0.2,False,7
-0.92219072789125867,0.32330108783399908,0.21222786809640043,-0.32111104082442954,-0.94593860150912956,0.045693124598830799,0.21552716963770951,-0.026010935782963117,0.9761513562801889,-4.7269333453578533,7.1046646237205522,-1.8915963685268422,0.5225263337001796,0.464410567604619,0.9948186528497409,True,5
-0.01894656494447779,0.94322112234164879,0.33162470059596805,-0.99536683740428977,-0.049066211493074802,0.082688366083139328,0.094264981157305139,-0.32852156893920631,0.93978066168076446,11.19081875190577,29.026135093315396,-6.8002061911701093,,0.2772581480339776,0.3333333333333333,False,5
0.78377034816466551,0.56558892842033714,0.25654084545384498,-0.61280893717839446,0.77137761791813753,0.17158606321384695,-0.1008426886399081,-0.29169459135073861,0.95118085426726284,6.0934567782966393,13.347943808819325,-4.2702781131834131,0.3999386253391417,0.213012549038493,0.2857142857142857,True,5
0.84261833727087876,0.42527785343864194,0.3303529704263003,-0.52453119183494168,0.78703792895186542,0.32471268405064446,-0.12190720441005426,-0.44688929922943887,0.88624409038771335,-8.9305389168845135,-26.519512930858014,1.9701237557169575,,0.1787738627619116,0.36,False,5
0.58544169303097437,0.73239577721358651,0.34764126564712161,-0.80973049385672669,0.54936440774988426,0.20624081753173951,-0.039931834162327387,-0.40223770710529527,0.91466402334578945,-15.726985720357066,-15.92215273207151,2.20682530770633,0.4233488796626145,0.4077374247181291,0.3370786516853932,True,4
0.096048100796772701,0.96701688891859794,0.23590909028591364,-0.99227035310957623,0.074310765276004706,0.099385393815642945,0.078576769296840446,-0.24363137464269441,0.96667959770369671,3.4888060887028911,-15.740385697419883,-1.0795045891975978,,0.1253980514421424,0.5714285714285714,False,5
-0.96545352095031001,0.097973248494703361,0.24145546476326554,-0.15634095450747607,-0.95910444212893808,-0.23595799421132174,0.2084634376295777,-0.26555585413982852,0.9412879917983259,8.2850579393443997,-9.6579676603245943,-2.4766355128878113,,0.2185755029653574,0.2222222222222222,False,1
-0.2345266944183424,0.9156049460152158,0.32659579366194835,-0.96200417516122649,-0.26691533952412516,0.057481897142389347,0.13980413648233975,-0.30070547776718926,0.94341455313305,0.50997472266868926,-18.860168653008692,-0.26113807369302949,,0.2443542939757427,0.45,False,4
0.63173207384174335,0.67572038231235099,0.37989018387852758,-0.7734450552689579,0.58226859405500231,0.25049157841574388,-0.051935858129135856,-0.45206774857853171,0.89047033489921967,-18.655309499209178,4.3796751995566847,0.27951046290546155,,0.1455890438596821,0.2631578947368421,False,5
0.878873243174081,0.42598996778599535,0.21474256629359278,-0.45803308403388021,0.87934849183512065,0.13019955390749288,-0.13336984802827051,-0.21278810411530125,0.96795335961188245,4.6840478746667031,-12.075297974008043,-1.6491313243507881,,0.09665385514412511,0.5490196078431373,False,5
0.78922903089673446,0.49719865469493202,0.3604317335631681,-0.59687933435285445,0.75908825546416747,0.25984626346911344,-0.14440428322004295,-0.42021246790869515,0.89586209028052355,-3.0229195443936594,-16.202755549551306,0.055362270567228797,0.5611608581340348,0.289260977712883,0.1428571428571428,True,3
0.34859318426614755,-0.92424994948451211,0.15570749102424453,0.92178256284192694,0.36814707760441368,0.12159208893632856,-0.16970473983880899,0.10114227666612706,0.98029104920275367,-10.868101931536895,16.936266985603936,-1.9162404046464434,0.2896950107456393,0.3191073646603965,0.8529411764705882,True,5
-0.16787228590203482,-0.98566735635336733,0.016696054785143993,0.98390347449180027,-0.16647133836740535,0.064971119623471421,-0.061260497133047057,0.027334156682215283,0.99774746071813347,6.6538303449060159,11.839839998047859,-4.2206576653136096,,0.4692092704393456,0.1551724137931035,False,2
0.75945658626326595,-0.64217836864566136,0.1040799520798459,0.61748201257488489,0.76192271777939191,0.19542194420825504,-0.20479662528424583,-0.084146984350370935,0.97518081774454612,-7.5503617836019856,-5.7816248740911949,-0.31208443248970008,0.4096540439337585,0.3468478645031119,0.8865507776761208,True,5
0.98083775366348891,-0.054923916415497119,0.18692422099328085,0.0030406521968264549,0.96363884742884898,0.26719080478230883,-0.19480260630335358,-0.26150245721901622,0.94534036698209245,-10.024314091901086,24.166392302407626,-2.7772484388808842,0.5866281225883888,0.3434678124433279,0.75,True,4
0.57788884887862724,-0.80027613354888938,0.16000808858859625,0.79121463814371207,0.59744466090251225,0.13053456839549366,-0.20005967791849164,0.051166270443752951,0.97844679877856766,-13.490116260075343,16.026898722968554,-1.4616313963825356,0.6655012143979859,0.5573210979391575,0.9366515837104072,True,5
-0.07554825071400402,-0.99535193670007538,0.059724232280228579,0.98965629514080322,-0.067521026112586396,0.12657538671038179,-0.12195441485339203,0.068669011497997756,0.99015740544504049,-19.041383639095077,23.615090899195259,-1.3462761707519764,0.4295226113348426,0.4355143912282367,0.8095238095238095,True,3
-0.8530545111350758,-0.4878203268334565,0.18528175776421768,0.50733171490909201,-0.8584186977080247,0.075709117500209838,0.12211687876578844,0.15858331612550094,0.97976466550245755,-2.6354163977415022,5.4660147994009565,-2.0166095345426172,0.1364924162523532,0.1095029463323296,0.5480769230769231,True,5
0.9298551750123788,0.26747600353885242,0.25263796435528257,-0.34543519981057474,0.87105973968701189,0.34918398105901438,-0.12666442371291764,-0.41196057751595327,0.90235503341988144,14.183450547515786,10.401496462220788,-5.4338535306883395,,0.2493804991883935,0.2857142857142857,False,5
-0.11166012470369364,-0.99222757629375513,0.054922248619080016,0.99096407289402177,-0.10704440862354841,0.080818938471916735,-0.074311659814919148,0.063450227932255909,0.99521447225756154,8.1063155917846501,-20.953627116741693,-1.4035681880112472,,0.4696619537481087,0.8372093023255814,False,6
0.8842555494719645,-0.44355935494863408,0.14610688507248892,0.41232165107905605,0.88842638095562587,0.20171619090576393,-0.21927831465850708,-0.11812562913966149,0.96848508324128768,8.7475183828516503,-15.440404219604973,-2.0475475221081645,,0.200963028696097,0.6774193548387096,True,5
-0.058215425876624802,0.94734513039209323,0.31487802100558021,-0.99244425350584964,-0.089043993577241354,0.084413096679559388,0.10800633256073291,-0.30758473812951714,0.94537096475223736,-15.923803081821427,-6.2367970374160855,1.0991391792694798,,0.2422352130845409,0.1875,False,1
0.36921461564365282,0.90446608811627294,0.21359228226402321,-0.92922499195758335,0.35560439607094635,0.10043120937460036,0.014882268527918033,-0.23555595713685937,0.97174683387227934,-13.481836728601383,2.4069320202417384,-0.25142240146650702,0.2446737713652808,0.1978353129131824,0.8427672955974843,True,5
-0.84702011254281928,-0.50317696457565508,0.17137640230901099,0.51800409175439188,-0.85369112233858513,0.053695703422107645,0.11928407217083779,0.13425501838187401,0.98374127704677772,-34.345486389163455,16.381341335891086,2.0830309880061169,,0.1258419919320374,0.4166666666666667,False,1
0.74775614665434109,-0.6511487212522683,0.12986950354946986,0.6301369092089496,0.75758609118879283,0.17026682028474216,-0.20925635185877178,-0.045482493872042423,0.97680249895152094,-15.39418661208898,7.6595737337070116,-0.55422216889363329,0.1348131821217134,0.1428768093553329,0.3469387755102041,True,5
-0.83891560219334094,0.47476266577940274,0.26612219670410442,-0.50248920701163102,-0.86348480496319702,-0.043572794660096281,0.20910573696913556,-0.17027742886156033,0.96295399058672049,-0.62384748237886467,27.464792278354999,-4.6893507596455706,,0.2258098940231858,0.2352941176470588,False,5
-0.73871348141500592,-0.65440100002717205,0.16143643807752572,0.67064986747525412,-0.73754619107169916,0.079084583143953807,0.067313799708125954,0.16668817354289434,0.98370925845484869,-13.045618343387948,-10.891540007774788,1.1585304554489462,,0.07840385212154806,0.4772727272727273,False,3
-0.72937765398657162,0.64673712213294887,0.22302316633084324,-0.64993022144798318,-0.75683794429259732,0.069188390120954429,0.21353909504729945,-0.09448503021190599,0.97235468526265367,8.6443083213862124,14.091322029147571,-4.7890221172891776,,0.1151386052620645,0.1,False,5
-0.78940838914870981,-0.58824888561582589,0.17549257452490097,0.60567526286772466,-0.79291780174277104,0.066624587274701108,0.099959347195506684,0.15888551932492259,0.98222376302810832,-10.739993779624941,13.30345316043857,-1.612232506496494,0.3330788855678867,0.2719188196909227,0.8818181818181818,True,5
-0.81591126321104424,0.52910790470451519,0.23309576517937003,-0.54192301411754074,-0.84036076211520827,0.010641253070296827,0.20151490598741834,-0.11763764140930447,0.97239556148130246,1.0806525155861688,-21.434386788547112,-0.088384358519515288,,0.1232531222286437,0.1333333333333333,False,5
-0.14558904996430536,0.87349947450862764,0.46454547308486649,-0.98148854126065099,-0.1865782864703931,0.04322946208099164,0.12443501076678935,-0.44965232241246511,0.88449348049861032,-13.683447091546123,-4.6196163507572496,0.56797713783051995,,0.3779096424088476,0.3103448275862069,False,1
-0.57393932886758092,-0.8178375353263414,0.041658283574403376,0.81851702891560019,-0.57448086213195804,-0.0012698107340849418,0.024970385543855819,0.033369220180534787,0.99913111001025967,-13.990657125322317,-31.959686178449665,3.605535237178386,,0.3863045095089341,0.1111111111111111,False,3
0.086237168017402402,-0.99046477747357675,0.10743684394357655,0.98915127273353864,0.097993815890180844,0.10943935168348777,-0.11892396941726716,0.096833551166418813,0.98817020440131753,-15.058850737651719,16.035100943973926,-1.2625301636883741,0.3918087251234584,0.3867339855728893,0.7872340425531915,True,5
-0.58906019456614356,0.75995561812420431,0.27472813044745509,-0.78755075414372055,-0.61605472820255758,0.015504241578621208,0.18103009922483204,-0.20722941475748477,0.96139693822786643,7.1718181445172675,-16.269115233981505,-1.6614764697144484,,0.109875377902474,0.4761904761904762,False,5
-0.78060537386724227,0.53919126315206911,0.31611395418433924,-0.5874874270305549,-0.80559646236024285,-0.076634606501762778,0.21333957291276437,-0.24553435925168982,0.94562101555340916,-21.760584744660051,10.045476927290611,0.24125072007065892,0.4475280215564845,0.3290906721028349,0.573170731707317,True,5
0.20312759836724184,0.94668168822732091,0.25006591122467442,-0.97772817571592052,0.18233673106710782,0.10392752722440901,0.052790086122069625,-0.26560703619978049,0.96263498228996125,-12.876852429316337,9.9975121643350491,-1.016489142480433,,0.08205862783130055,0.396551724137931,False,5
0.19316353412451379,-0.96793230224212823,0.16060793056627759,0.97228813576026052,0.21080483665853167,0.10107968095125953,-0.13169521686214128,0.13663227699787578,0.98182890094863817,-11.242646203086037,-12.349575265631337,1.0253085599057878,0.1734546114320829,0.109223464049811,0.6415094339622641,True,3
-0.97827468499030457,-0.07987564793118658,0.19130740073162994,0.091373477042643342,-0.99445602150793677,0.052039494422435752,0.18609010828159794,0.068389342402002451,0.98014966685989524,5.2336744082294722,9.474069712026326,-3.7448876614442197,,0.08469959785374213,0.2682926829268293,False,5
-0.60312861021395114,-0.78172292520354014,0.15857221620639572,0.79654950436141136,-0.6006897271033429,0.068415925442119496,0.041770403912071138,0.16757422225310198,0.98497416889646927,0.82957721671959184,-13.146029825439076,-0.8646880097265367,,0.2961824568002677,0.952054794520548,False,4
0.79618154362701488,0.56134193030309132,0.22581006813537666,-0.59641913547762426,0.79094992899945704,0.13668366636828877,-0.10187818423895978,-0.24350245809714877,0.96453480418117588,3.1060268111913576,-4.3483538521606597,-2.0940661852922533,,0.08251485156980186,0.4047619047619048,False,2
-0.69886835904251199,-0.71522498989996774,-0.006019181989013217,0.71525011679331563,-0.69883711044167651,-0.0066304974682242224,0.00053586973631786217,-0.0089390655058952662,0.99995990217183528,-14.507962824450907,-8.8917731172891941,1.1696271531414497,0.8299836929898444,0.4395822926327793,0.163265306122449,True,2
0.6951957548024178,0.68689299816622862,0.21185105988620026,-0.7149731694478535,0.69121368605496636,0.10505716148839143,-0.074271323364997019,-0.22450311641604537,0.97163888417719069,4.0159653181351489,-10.285336029425286,-1.7071494650281296,,0.07867239097928766,0.2272727272727273,False,5
-0.98292885511057893,-0.105759192760965,0.15055184800445054,0.088572880824297262,-0.98921859932492251,-0.11662507248496209,0.16126286173043991,-0.10129933808365606,0.98169890166502749,2.9751315542898262,17.673633983230452,-4.1184799798955893,,0.3662018805232073,0.1052631578947368,False,4
-0.96112124389513942,0.15617785131608594,0.22771568521239346,-0.1611683243507516,-0.98692118435816556,-0.0033685443512121022,0.22421134172791141,-0.039938134951017598,0.97372183893409892,-22.348809319432394,7.7464568675933094,0.57504414573875628,,0.3037548541804762,0.3823529411764706,False,2
-0.09519733921977877,0.95811940309281185,0.27008272070339545,-0.98521709323991868,-0.12950208333616525,0.11214494905914411,0.14242452665661029,-0.25541421226836003,0.95628386704888702,-9.7896055132299846,-14.767753475942854,1.0301273532476194,0.8324884064382883,0.4653209705543112,0.55,True,2
-0.95609152108375228,0.15380054017646744,0.24946822874503041,-0.20324315893297903,-0.96123785405624129,-0.18631695112440869,0.21114265712711822,-0.22883876806777809,0.95029026963897778,-38.418724356527711,17.525273862071671,2.7880449319795977,,0.5598264701685982,0.35,False,1
-0.54795425453086088,-0.81973395657059023,0.16668045892261774,0.83610915098174721,-0.54286475225343211,0.078862845531987608,0.025838393644163793,0.18257628872870063,0.98285211309125431,11.428771126311286,7.1958456927070129,-4.6102674979986844,,0.08955272693046644,0.3478260869565217,False,5
-0.96014346162401054,-0.24397203438280679,0.13638980731629582,0.23514200153428361,-0.96884783349914805,-0.07773104037936264,0.15110516938580471,-0.042561977904247913,0.98760098512595929,2.8018930494861349,-21.32569697877905,-0.41927377101481678,,0.3261121707342566,0.5555555555555556,False,5
0.29373481679703611,0.91531224865865002,0.27554191125245886,-0.95544274648976857,0.27234906491108241,0.11382067045201943,0.029137871941853397,-0.2966976142430291,0.95452685144064708,15.236840629270905,-4.8457078376844747,-4.1418444720857561,,0.1993006543566328,0.303030303030303,True,5
0.83777853830428106,0.50155008754117492,0.21581156235053944,-0.53504250813818732,0.8329256144536028,0.14129555998786628,-0.10888817769592152,-0.23384274732077309,0.96615782058809274,-9.6463987440791126,-4.47072513152483,-0.093905812026033944,,0.06995209132159443,0.3421052631578947,False,3
-0.15469608410290367,0.95760394999050136,0.24303044361934595,-0.98115371441503474,-0.17773882520967113,0.075804344879866592,0.11578648562249028,-0.22672358716215368,0.96705217272467658,-10.666601732913486,-3.3980638452461047,-0.050779489009838252,,0.08314239567500956,0.3939393939393939,False,2
0.67229447924938091,0.69280914945060434,0.26083637708022023,-0.73767864050489795,0.65649979355418309,0.15760153681408451,-0.062051241032311688,-0.29836806716008679,0.95243169833091146,7.7445257800496687,-9.0841851404442657,-2.4352426846789919,,0.07495396822600964,0.2692307692307692,False,5
-0.74901681524653063,0.6168163491483355,0.24189130183052077,-0.62406084158339215,-0.7794292945084651,0.055118425814473966,0.22253511291518413,-0.10967026162709764,0.96873657783448586,-20.527118536117705,14.711632232469558,-0.40426708729512939,0.4950078777577261,0.4922367160282096,0.7802197802197802,True,5
0.90577514845403673,0.29313491328140823,0.30601193286956829,-0.39349046758076595,0.84983784221908609,0.35062928265545396,-0.1572788363580368,-0.43800406909971645,0.88510779178919941,5.2283645940692383,6.3679116319890996,-3.4264275700822484,,0.6296399563653609,0.4285714285714285,False,2
-0.15491751102119639,0.9238688789373215,0.34995265295479111,-0.97571478645141541,-0.19860736448973254,0.092389232438168489,0.15485871069807125,-0.32714126811140998,0.9322002844986651,-10.599863961192936,7.9361044766431421,-1.1433858268495452,0.7787090732452939,0.7859615980266955,0.6473029045643154,True,3
-0.04738440355569188,-0.98922347879282624,0.13853384894923748,0.99507025609474531,-0.034651414715602333,0.092921821407812979,-0.087120053576713818,0.14225395763642629,0.98598879699597208,8.7052782566243412,-10.768817685203739,-2.4647812364901442,,0.1197406733177128,0.375,False,1
0.4348808560615065,0.85774958856048911,0.274124578167524,-0.90048759224591668,0.41395035071892966,0.13329367333383399,0.00085862818668709651,-0.30481264813650183,0.95241194464036938,-2.652974503722406,6.4586169657874599,-2.1394743259052205,,0.0946385889465447,0.3882352941176471,False,2
-0.078764844544067375,0.96972437686716395,0.23115088616213469,-0.98996269855884267,-0.10337939917967029,0.096366774810331277,0.11734545038493664,-0.22124044100218579,0.96813362328715524,5.7559010798326602,3.5131674546050062,-3.2734885687095341,0.5699033930859563,0.4595196597764596,0.9651741293532339,True,5
-0.4358116773723299,-0.89576130451767066,0.087634851484540657,0.9000296812388574,-0.43415249505244852,0.038186174576872886,0.0038411918720449162,0.095515948241825244,0.99542048847533149,-17.372404028505017,18.442522664088646,-1.1336904951694302,,0.0894748631239373,0.3157894736842105,False,3
0.32506299672337002,-0.93690966545506371,0.12858587378908731,0.93279720956668488,0.34003030845384297,0.11945189474173568,-0.15563872906776333,0.081115153391121464,0.98447799259531765,-16.821610822585164,5.506810804268973,-0.10969840330450002,,0.0815347932734614,0.3548387096774194,False,1
0.63261305898988973,-0.77149885276510033,0.067751293549185326,0.75103906043666746,0.63247823333026121,0.18950359907357767,-0.18905302772995142,-0.068998583648980649,0.97953976344024563,-21.422389456439316,11.084256588254622,0.065738924499822271,,0.1421202670389252,0.2666666666666667,False,2
