axis_00,axis_01,axis_02,axis_10,axis_11,axis_12,axis_20,axis_21,axis_22,location_x,location_y,location_z,dbh,dbh_approximation,score,reconstructed,number_clusters
-0.88979116723033214,0.40410519025924402,0.21206290086769472,-0.4313835095103265,-0.89639946999114917,-0.10186391864708358,0.14892933371715539,-0.1821180534848908,0.97193264589344741,-12.267030360786123,-18.742240704760452,1.1177925626653014,,0.1911617955985541,0.4,False,2
-0.67825848654308007,-0.73205796573864435,-0.06369113149322489,0.72912606909630606,-0.65969457953617816,-0.1821489420632289,0.091326889777647052,-0.16998293011117996,0.9812059940065383,-18.077423207981514,-15.475192792592576,2.2885208889594635,,0.3340301385262804,0.3658536585365854,False,1
-0.10663266539986806,-0.98524280334287018,0.13388836069951213,0.99427387371616305,-0.10471147696048684,0.021330040745612636,-0.0069956211429607375,0.13539617813600324,0.9907668425169408,-12.541191595662269,12.492989806092774,0.75225882847433989,,0.3565453926079408,0.8770053475935828,True,4
-0.29667862762710451,-0.94363766219612222,0.14673020954913885,0.95482425706245433,-0.29586010416356584,0.027882555289202339,0.017100585791993049,0.14837372155931222,0.98878349941542298,-15.743094421096673,9.5320311307263701,1.3720777219510605,,0.1034509362404503,0.3209876543209876,False,5
0.98487888039297911,-0.063382038266338842,0.16123370671505727,0.014710768135125221,0.95790729668113306,0.28670054807397771,-0.17261860924230424,-0.27999344312010049,0.94435506434444716,-4.1164571627505477,-14.80231699212116,-0.50172724237524735,,0.1458001507793144,0.2,False,4
-0.85012221444886582,0.47131458300743811,0.23485055747236791,-0.49828698809166588,-0.8642374834287303,-0.0693083669935423,0.1703006106832658,-0.17594355936293973,0.96955740723260286,-8.7941842922821074,9.8996723857806384,0.065264440608509305,,0.07311185848607549,0.3076923076923077,False,4
0.94447693030483149,0.21738116303429145,0.24639147322872434,-0.28343837729361326,0.91833097950458698,0.27628047046309573,-0.16621075295878363,-0.33077732999709181,0.92895658863095965,-8.5082039098740712,-18.3667011118281,0.39071660345890863,,0.4005911892115499,0.5454545454545454,False,5
0.19330895937066656,-0.98111882507969062,-0.006123504003242658,0.96698419402445779,0.18946031328272961,0.17042992166189608,-0.1660518435125008,-0.038866962385266546,0.98535077231463264,-7.0204903747966636,12.772996105386921,-0.26486762190023211,,0.4498195839614542,0.6338028169014085,False,4
0.81481259657112604,0.52715876401405659,0.24121374337336282,-0.56557543868476134,0.81421248516247724,0.1310818529090946,-0.12729829388313915,-0.2432317136573971,0.96157863840963465,0.10613242988919697,-14.647113368784447,-1.3246564632960738,0.8891752255971132,0.8749845083755248,0.5894736842105263,True,2
-0.89943489606671045,0.38863138388371476,0.19995628321734901,-0.40156587980719916,-0.91542924403578585,-0.027095079603904136,0.17251583090295847,-0.10466588090060887,0.97943011055570661,-4.7665356119465825,9.2536667726206474,-0.68247373697301028,0.2810292220130543,0.2051504189975905,0.6385542168674698,True,5
-0.93411538721063425,-0.33380760568701545,0.12649476574874671,0.31748843992261921,-0.9388776924770672,-0.13307805635956882,0.1631855811394797,-0.084149634309610366,0.9830001552155172,5.7101780036846312,-13.412446485186585,-2.4717871211327958,0.5328438036841036,0.2389640952363895,0.6,True,5
-0.064548444980568151,0.97032989089827204,0.23300944418614658,-0.99635487210215345,-0.075715749623812195,0.039294962745943698,0.055771561650105168,-0.22962366621986197,0.97168024824160004,-15.860062567004247,13.341354271660393,1.3748912860582849,,0.1732732443157413,0.38,True,5
0.90676090218642624,-0.39276645702120228,0.15335963127586685,0.38217620642989464,0.91923762414330035,0.094570278619839548,-0.17811797636654289,-0.027142229060849205,0.98363473194915974,-10.020209553702133,7.8394401635799111,0.335137370211258,,0.06804826318045579,0.1428571428571428,False,3
0.9124913898308592,-0.40400519665562062,0.064337116502057756,0.380310724847645,0.89567895156581379,0.23048420398765401,-0.15074221721337711,-0.18584675621924882,0.9709468405388515,-0.4760456259049311,10.398802239844224,-1.4884653145880284,,0.3829858829660035,0.2666666666666667,False,5
0.32989081212380728,0.88259397803488993,0.3349625680771573,-0.94382589412676898,0.31554078295274857,0.098115726921694915,-0.019098001259325897,-0.34851382215073712,0.93710905561614566,-12.015324630684342,-20.441894950204269,1.052602069061529,,0.3154593938052098,0.4722222222222222,False,6
-0.35019783255633485,-0.93483813707964014,0.05864414322259924,0.93580669109727799,-0.35188289631216801,-0.021077575299913776,0.040339992196441063,0.0474982604358027,0.99805641137420864,-36.512033955909068,4.4876754160734089,5.6064877332728624,,0.1699475391697567,0.1904761904761905,False,2
-0.41162274649265268,0.83460027715182172,0.36607252279834945,-0.90196179222711259,-0.43059127565977423,-0.032497364326108148,0.13050532530245945,-0.34356008310598479,0.9300187252759532,6.1124337454223268,5.5627939608881913,-2.7053685359032649,0.6985551365767343,0.241371196648899,0.18,True,5
-0.88412686501595494,0.42899821334470506,0.18514918175382317,-0.43307211745404639,-0.90113819805649131,0.019962191447049894,0.17540874448250338,-0.062533838444083722,0.98250765463100664,-17.710824350586002,-8.2822660189551112,2.0828882697996929,,0.2059836102761423,0.8157894736842105,False,1
0.9711479861450879,-0.19824262513549254,0.13255734829020088,0.15533268407361078,0.94759999719614596,0.27915229279436804,-0.18095122620427001,-0.25050769827143698,0.95105338800822259,-13.257894586131068,-13.950455200254011,1.2921200466179847,,0.1894622439037121,0.3,False,3
-0.16167001914929999,-0.98346643790917776,0.081587808001570131,0.98681357191274721,-0.16045294673599172,0.021303196298797622,-0.0078599743684762274,0.083956044392128656,0.99643845942082965,-6.1718203154613329,-27.034545257059666,0.059143893926762933,,0.2155266649420179,0.4,False,5
-0.078646839187825501,-0.98699401454015867,0.14020517090201701,0.99672278302190398,-0.075180413048164169,0.029859660061299927,-0.018930623096804794,0.1420940560185644,0.98967212285350259,-1.7164846161990019,-3.0436379047248225,-1.1419819116254197,0.2290827563931835,0.1971580110016328,0.7857142857142857,True,5
-0.26180297257404322,-0.96504387839798556,0.012227686533851034,0.96454310093896944,-0.26206362227855429,-0.031293199089933145,0.033403742042377074,0.0036014781435744492,0.99943545032820891,8.0003638440090299,-8.1799575786563938,-2.942988423263956,,0.1270185983767392,0.3571428571428572,False,4
-0.52227285117658939,-0.85193478857439209,0.037923408873440673,0.85094023563189447,-0.52354980327795242,-0.042383002139460856,0.05596234722214876,0.010135063113930559,0.99838143822341996,-15.188298663511963,6.830957414567175,1.2728274194221427,,0.08823721770500534,0.1789473684210526,False,5
-0.78428616474493251,0.58387408812627295,0.20972901803135832,-0.59947569560091973,-0.80027338000025494,-0.013835015242539862,0.15976264323513847,-0.13657806001580561,0.97766166507071428,1.3732664513507697,-18.170189912104544,-1.491550160467513,0.5285486408477524,0.5079906182671976,0.7699115044247787,True,5
-0.75385182865483602,-0.64354675155942442,0.13249527912749648,0.64843419752386533,-0.76122844773957554,-0.0080213361466804634,0.10602128048340827,0.079867571074308488,0.99115117876908676,-7.0468940417349666,11.166906637994609,-0.25420490314404098,,0.1397338469072724,0.2121212121212121,False,6
0.20741110097416601,-0.97709477154099589,-0.047607169837476426,0.97480865810948336,0.20235504645132932,0.093811061450503275,-0.082028746592118909,-0.065865336884664671,0.99445112606381858,12.246944247832122,-2.8002061663961424,-3.847107802577634,0.3405975714704609,0.1136880478650635,0.4,True,5
-0.65099864308276345,0.69956308717331273,0.29463919252017978,-0.74482057121205159,-0.66356652654529924,-0.070155409969287014,0.14643457038470367,-0.26512440836925893,0.95302988656342602,-11.087256026102065,-15.010685443344435,0.91750679884006181,,0.08226386416497714,0.2222222222222222,False,2
-0.80058631258274637,-0.59674438219176984,0.054384726051762228,0.59128047434863218,-0.80144482318469423,-0.089853191621176803,0.097205744476440384,-0.039778608736582524,0.9944690570991962,3.7856942047993769,-7.443447838537387,-2.1500246481930576,0.4779624022686267,0.4019401937712937,0.4907407407407408,True,5
0.71607960934111936,0.63600863139938302,0.28761608764350088,-0.68861638515251888,0.71107896459380682,0.14203584129253413,-0.11418172877193762,-0.29976612032997263,0.94715511185706469,-11.55007269807418,4.6080468410655131,0.62740896545911207,,0.07474794842573687,0.3370786516853932,False,5
-0.20890661789643059,0.95231143541792229,0.22239819012602158,-0.9743266788550935,-0.22220152347719052,0.036249218413894432,0.083937761885085449,-0.20911578834863465,0.97428180686752597,10.035218830640945,-6.6505923871603105,-3.3980868926893617,,0.08615598293985659,0.4375,False,5
0.15653398950598538,-0.98708647243260239,0.034020671214721937,0.98492136965549171,0.15857452150440041,0.069166586771356689,-0.073668213805475072,0.022680764321570679,0.99702486288181358,10.481666300252014,-20.726342640498508,-3.1201905988724516,0.3150182947033691,0.2431133165715162,0.3953488372093023,True,5
0.90942519872377803,0.37297006310413305,0.18395417895311761,-0.39105998113047064,0.91745321238104793,0.073155274928959069,-0.14148462490480185,-0.13846636819023866,0.98020873582913581,-15.860979878455503,7.3656649424737317,1.4179171245778077,,0.09584214088730135,0.358695652173913,True,4
0.9555068709450294,0.21353007796541731,0.20349821960135395,-0.24235652996496837,0.96157487536296982,0.12898477217884269,-0.16813664669005837,-0.17256495842079678,0.97054180907627607,-9.056390645653595,-11.642136192299818,0.44518608110821301,,0.08536910534314957,0.3225806451612903,False,4
-0.46434086020829723,0.82909865958766193,0.31142090201359568,-0.8704208424644182,-0.49215151433437748,0.01242754770308549,0.16356993166395883,-0.26529662570097251,0.95019081128325311,-29.795099366850589,4.4331870164672189,4.2507092450219828,0.3585587783655113,0.238028880860903,0.56,True,5
0.83939110040197551,0.46921673285196208,0.27433234985632127,-0.53204309838897879,0.81252630619708011,0.23818300357998728,-0.11114280013845286,-0.34588532687793977,0.93167087462683129,12.953623529003758,-7.0303538243961894,-3.9212676343100932,,0.4287267262540749,0.3636363636363636,False,4
0.6218404249759063,0.7244760948539456,0.29740355386404138,-0.78018561826373767,0.60606044691205729,0.15492299940030813,-0.068006521159479555,-0.32836735933087957,0.94209871584980487,-5.1160098095174842,-26.073799947601529,-0.20421540642097491,,0.2334455964746426,0.3571428571428572,False,4
-0.79548067876455275,0.53298103211131187,0.28834304070299288,-0.59389934022466417,-0.78024221359735524,-0.19622859577902599,0.12039129284543668,-0.32734279819519563,0.93720468899634968,-31.195345682094327,2.423852686041938,4.5611550155871914,,0.3873314964114081,0.875,False,3
-0.66576845959443232,-0.74599104837597963,0.01580234008507278,0.74080011868779783,-0.66337272526299496,-0.10560213790114484,0.089261090971387139,-0.058600197269757098,0.99428289461226504,-5.5394158979562977,-17.6660561283622,-0.20030060081811968,,0.4154137226356387,0.1818181818181818,False,2
0.80883640409747615,0.54426500152048274,0.22261913558042218,-0.57492467001638814,0.81143596394560691,0.10503951743135684,-0.12347183975794936,-0.2129490186302205,0.96923032363376604,7.3193779987489993,-20.565140766363914,-2.56663942324457,0.2757016902635064,0.3266044237472479,0.7142857142857143,True,6
0.48767385092446319,0.84121757700264754,0.23351060632506496,-0.87135226954076772,0.4855587995442977,0.070554054109276967,-0.054031819242539886,-0.23787736404899004,0.96979117452286945,27.61338253416314,2.4643418210128361,-6.829382049822617,,0.2200865568070759,0.4545454545454545,False,5
-0.71416840351720401,-0.69193655823183142,0.10576999007268939,0.6912836073023183,-0.72094001587476098,-0.048707984823796721,0.10995665369946411,0.038331356521628002,0.99319698016779612,-17.465818962734822,17.625989914318417,1.6041618216404046,,0.2489127688119121,0.5517241379310345,False,3
-0.98576362353451352,0.0042743365394727504,0.16808274320480882,-0.0048600365701494466,-0.99998346706706631,-0.0030733755167108856,0.16806682766281744,-0.0038465100646215603,0.98576809940253207,13.347731680221905,-3.2014727762295441,-4.0529598499899171,0.3948329229210629,0.3563206271081641,0.5684210526315789,True,5
0.53257494226161262,-0.84187409341459429,0.08724644240537334,0.83647731498040945,0.53926265295973774,0.097475600259704642,-0.12911093059150286,0.021066607704611329,0.99140635747488304,-34.23417571949583,3.8134884797526616,5.1756040613124394,,0.07738980607805754,0.5,False,1
0.091997963970987751,0.97031888896183027,0.22364621246306263,-0.99554182684751513,0.084935306912149025,0.041017857536109981,0.02080494225674296,-0.22642271830277891,0.97380691464687985,20.365206942671879,1.4099239969530211,-5.4144078637787834,0.2638085648490306,0.2228510307606079,0.8536585365853658,True,5
-0.82291733062262251,0.53785605082716204,0.18307904180858003,-0.54240899691355193,-0.83962676792124813,0.028624651218032218,0.16911400600829277,-0.075747997852939439,0.98268137959009871,1.5745175364298376,-4.9674013901283081,-1.7828382754772722,0.09718394651484924,0.07777017895921576,0.3209876543209876,True,5
-0.25982479514794288,0.92150090792030837,0.28866442892808375,-0.96122926209591275,-0.27539722700961511,0.013952528299980945,0.092354650759324697,-0.27384748320454155,0.95732866583303666,-5.2321021389425679,-14.298491079177035,-0.30327928320877307,,0.1593484223285672,0.1714285714285714,False,3
-0.97414758968960169,-0.14805079391070522,0.17063831903868845,0.15580040835467712,-0.98724114230341264,0.032880992989390956,0.16359311189183731,0.058616459854399221,0.98478495336580096,-11.765086985409164,8.0183188152508347,0.64801677117897638,,0.08247134887495555,0.392156862745098,False,5
-0.73950306594383608,-0.66121840399677989,0.12619602876325958,0.66367121279373131,-0.74751485989686139,-0.027605353507487648,0.11258657454849615,0.063338427903814581,0.99162115083438462,4.7618352623468212,12.266058048077017,-2.5183062212224008,,0.1240121763247023,0.3157894736842105,False,3
0.072555262288701905,0.8902737563247235,0.4496091332631974,-0.99721860115728445,0.05704763725863779,0.047964868279971443,0.017052724712661317,-0.45183869453896136,0.89193665621343354,-18.538599027799236,9.9278043716313746,1.8925740357345175,,0.4624940721667042,0.3272727272727273,False,2
-0.14934962116707443,0.95714855443632829,0.24811556863223755,-0.98652275119838118,-0.16120286642901258,0.02804455781514174,0.066839748841750049,-0.24058320929673624,0.96832441226029953,-20.518050802112779,11.557866229654435,2.2730579190925733,,0.06834125518039366,0.1764705882352941,False,1
-0.98318877804827898,0.061014541105862033,0.17209605600818403,-0.059705077770739752,-0.99813425060839422,0.012779728119504029,0.17255471714305834,0.002289876865598197,0.98499727210567356,22.883414539542855,3.3437182825073748,-5.9233374250840054,,0.09338367856915278,0.2857142857142857,False,5
0.96865940195761624,-0.22097075051405465,0.11344994674466935,0.18955453559473898,0.95276715198335726,0.23728428548259375,-0.16052426930086211,-0.20834270210107592,0.9647928676387727,-0.51690213795225048,-17.13910677526318,-1.1428068640542994,,0.264086252128145,0.3076923076923077,False,4
0.38490640124046832,-0.92200941378953771,0.0417816127930071,0.91684444231475892,0.38716664296938735,0.09745901276102481,-0.10603457398721497,0.00079464160992084865,0.99436212602052665,-14.344158221273345,-21.117963342233949,1.5778360880556217,,0.1085394786404638,0.4285714285714285,False,1
-0.98235686107352671,0.056193844380033692,0.17837390323575986,-0.056803955886825235,-0.99838392307096524,0.0016890082998199975,0.17818054915555528,-0.0084731344390266312,0.98396132947154136,-10.180741846849585,3.274795380870525,0.39038919907586977,0.3773566753825274,0.3325038216169653,0.94472049689441,True,5
-0.6697067006120776,-0.73802341388039228,0.082549232095859376,0.73827839010784124,-0.6736702736528527,-0.033367365737568142,0.080236860949686128,0.038597965760146374,0.99602823412999664,19.484713491840676,-23.682679164254523,-4.7531115797211383,0.4677580898139571,0.443272883751847,0.2307692307692308,True,5
-0.94457305967209682,-0.30424484831775273,0.12335642348008749,0.29863582657411941,-0.95234361989868943,-0.062114995972396989,0.13637587040266214,-0.021833504307963998,0.99041653866519641,-4.7814989228426912,-11.713127792850797,-0.40055490604597643,,0.2393240210138692,0.2857142857142857,False,4
0.40380872265960294,0.87912461316664192,0.25313717630688093,-0.91457643311021519,0.39461395025840534,0.088486034270114505,-0.022101210451352063,-0.2672447282661678,0.9633752081668524,-15.583967314836674,-12.879117364378201,1.7156235708795295,,0.2346788630302477,0.3,False,2
-0.29146682796661444,0.88213080587110371,0.36998963435247273,-0.942507395596761,-0.33093060402100261,0.046526815576664826,0.16348363049703329,-0.33515694331982893,0.92787010184832364,-16.777470281567815,3.5811958044616237,1.5924937907118555,,0.3492756966367606,0.7692307692307693,False,2
-0.73358462341247221,0.64292426696488958,0.22023166720624396,-0.66101646516359958,-0.75028301096573413,-0.011516780748668153,0.15783166056087136,-0.15402529144219329,0.97537960636910315,-39.12908711547113,3.6434481162531278,6.1327082884227977,,0.1372443456373454,0.3809523809523809,False,1
-0.93598774585347844,0.27538328975342652,0.21929656480826321,-0.30291376856183011,-0.9474194753556362,-0.10314837144871095,0.17936049851568361,-0.16297356055947088,0.97019040921397171,-22.676457983523374,7.4227902810390818,2.7633043634827517,,0.2630549158710099,0.2105263157894737,False,1
-0.72630254601833655,0.66020676268640988,0.19134168952534605,-0.66932061996464354,-0.7426531676502951,0.021821555149192366,0.15650725011138875,-0.11221988719524895,0.98128088617910947,-11.171159860446885,2.5764288818376477,0.58554713652524037,0.2232740849423046,0.1911719267444466,0.8445121951219512,True,5
0.63221669529928337,-0.76223569874524955,0.13892008401665429,0.76228861487514188,0.64401557995459791,0.064498065145248903,-0.13862942622903249,0.065120444824066537,0.98820099668504968,-24.472355999128659,12.177300292298071,3.0421534549019347,,0.3197733125921088,0.7254901960784313,False,2
-0.41047641384994688,0.86394146513591197,0.2917434806327327,-0.90507687152590566,-0.42498661737284266,-0.014907437166381293,0.11110792186773952,-0.27016942808690192,0.9563804210801421,13.932622891575583,4.4182882609632506,-4.206965789667656,,0.1342277087213914,0.1363636363636364,False,5
0.97285538457630405,0.13096794241774817,0.19078731288991568,-0.16011868904206478,0.97618726939367995,0.14635716754967265,-0.16707604891289407,-0.17293297294782675,0.97065945663094644,-18.061502140797735,-15.63151035593817,2.277935572447352,,0.3154514089167789,0.5882352941176471,False,1
-0.72894377858187087,-0.66843368430555006,0.14777475208062588,0.67675143680245553,-0.73616399583742387,0.0083704252273924633,0.10319137780160823,0.10610834518728281,0.98898562104260179,-3.3206872808289001,5.040741382801933,-0.86162234215644229,0.3971571162888349,0.3120859018825423,0.953125,True,5
0.48959270784378722,-0.87165290878126533,-0.022807609242264881,0.86001138087189166,0.47840951554396671,0.17749580335267051,-0.14380335600051464,-0.10651545451316916,0.98385723189538188,-17.744929994423071,6.7308072646917472,1.7438751614168919,0.925488199426346,0.5974738455241454,0.4415584415584415,True,3
0.84057847778262884,-0.52542363878265197,0.13174908916965852,0.50653409242808056,0.84861456462742857,0.1525664901289267,-0.19196623634560828,-0.061508702722432543,0.97947212496972313,-14.559756347085441,-19.766772847628399,1.5970774818768736,,0.2545142606368344,0.5625,False,3
-0.38773097772794118,-0.92111349758761929,0.034851305169794816,0.92091593154286855,-0.38872333056017189,-0.028425680444606735,0.039730793355611242,0.02107360529455693,0.99898817171136922,-14.028975139619083,-4.3317811368898331,1.2255378994421966,,0.4662606781227284,0.2853185595567867,False,2
-0.26380643913049817,0.94612423262097167,0.18776341262520796,-0.96084426075003515,-0.27486458266661629,0.035039517394295797,0.084761248557374783,-0.17116774708713145,0.98158908566676251,2.9421957810176886,-1.9274451211851291,-2.0146712842523038,0.1164904506286655,0.0973663813328081,0.6595744680851063,True,5
0.84082845544220286,0.49393932920660644,0.22143045766472078,-0.52566065904175852,0.8427143288522263,0.11624728591639027,-0.12918351309073595,-0.21414130617438182,0.96822266082521868,-6.0382114943813532,-3.1861216494897113,-0.26741147962207712,,0.07728029572194106,0.3307392996108949,False,4
-0.66457367994237693,0.67978654905343094,0.31021294565809848,-0.73165434150648034,-0.67630363521562764,-0.085412631084902699,0.15173578510874017,-0.28373163503591609,0.94682237552630766,-2.8486404792327185,-11.477948508160903,-0.83022449566919765,0.3412561541922657,0.2577098127751415,0.5394736842105263,True,4
-0.89953553140509679,0.32424973066805968,0.29274210476363016,-0.38569382663835511,-0.90415687915333931,-0.1836861725137629,0.20512459587482945,-0.2781410614083869,0.93838235817059323,-0.53660608514596553,-11.491522115022313,-1.2497220449240365,0.5836946758346644,0.4028327374131994,0.1481481481481481,True,2
-0.9658869693781883,-0.19775495005101473,0.16719851110503159,0.19739320399080712,-0.98014124246468626,-0.018949085413937319,0.16762543185227685,0.014701175126558379,0.9857411374424,-1.5290139145341519,-7.2962268792519316,-1.2017988601340244,,0.08097514619512798,0.3561643835616438,False,5
0.8277499443577504,0.52133445121300837,0.20746185093691824,-0.54689879691332621,0.83228047997412513,0.090614063967995678,-0.12542621556316327,-0.18846642309035055,0.97403730514648756,-21.007268176311882,-11.219666126952916,2.8082234552889074,,0.3689891336734423,0.7916666666666666,False,1
0.7596668106736586,0.60463021156361374,0.23943400766276418,-0.64072238930683378,0.75888431468383,0.11648783957047688,-0.11127064573307388,-0.24190267503976581,0.9638993408062646,19.910497660182553,4.3937921645705167,-5.3884305026014365,,0.1160433522709742,0.3846153846153846,False,4
0.27790057425413717,-0.95993248262478081,-0.036067986234962129,0.95635015846628557,0.27294115637345967,0.10439108946183698,-0.090363959799974192,-0.063503968059825361,0.99388208596891681,-4.5859499493224503,-15.796590798984845,-0.40654219135819825,,0.1325554670735634,0.3076923076923077,True,4
-0.41522374513236388,-0.90797261531325624,0.05634688384871743,0.90919235243365315,-0.41629434715688779,-0.0082633408123970881,0.030959776394783742,0.047799020559292582,0.99837705596591053,3.8457912656181041,6.1649380322066856,-2.2752286989046553,0.3544555539113614,0.385044593640865,0.4825174825174825,True,5
0.98259208097395001,0.040387215726261153,0.18133305052626827,-0.058883294931461119,0.99346220191632217,0.097803941339735065,-0.17619750277826379,-0.10677886574342428,0.97854622468499208,-11.025386410727847,-3.6642167597109996,0.66079890833496935,,0.07564058678107681,0.4207317073170732,False,3
0.86940855281165874,-0.46476685945975715,0.1676917846701268,0.45683679516615211,0.88543021882476869,0.085518829354956333,-0.18822569133956424,0.0022569758167534093,0.98212320773918527,-10.746335877409086,8.3819672984420297,0.47575669694576245,0.1019695731330645,0.2495319739996168,0.3725490196078431,True,5
-0.81911171799759852,-0.55325720185685789,0.15153369932969518,0.5607222593995671,-0.82796503210644756,0.0080282889094589575,0.1210228955729741,0.091544383784529365,0.98841948814490921,-6.9774807918943367,-2.6504149751336867,-0.15207985658883535,,0.07613437170138368,0.3719512195121951,False,4
-0.80181588940302484,0.53494502490336571,0.26631766714203031,-0.57391875949487803,-0.81351865257000111,-0.093833146704936865,0.16645881472813701,-0.22808161313842731,0.95930716704686214,-17.323474651378145,-13.245379312789682,2.0908921971828538,,0.4099244464653962,0.1666666666666667,False,1
-0.20281232242371289,-0.97624374210331311,0.076258231537438853,0.97921220234610418,-0.20245449109648014,0.012475648734856248,0.0032595474517472106,0.07720320614445339,0.99701005025597655,-24.202126851282838,-2.5468740786541479,3.2602570198661684,,0.1654974742028878,0.1538461538461539,False,4
-0.6982702267718145,-0.7082930994525154,0.10363192400022077,0.7079472695288872,-0.70473284855036988,-0.046500276780622136,0.10596864616777769,0.040896178819424228,0.99352813175437471,10.510736715452493,6.4520432819968372,-3.5967250445253778,,0.7024661703893289,0.56,False,5
0.84088661592412739,0.45019167297138779,0.30039500120157181,-0.52422655255095774,0.8154768484335585,0.24532433892585867,-0.13452219430342063,-0.36376498904662985,0.92172599615270634,8.8908112657389466,-13.243437581570639,-3.0315821639381433,,0.5350652649206099,0.2564102564102564,False,4
0.61873557642589727,0.72788803859467843,0.29554236538219841,-0.77805584120708071,0.61978602103929781,0.10244215971863055,-0.10860660398177829,-0.29333307245359741,0.94982120116181779,6.2718178897921346,8.2552376058847035,-2.7414481650974167,,0.3385164869510195,0.6153846153846154,True,4
0.9774738094323292,-0.15684517007121979,0.14122515533423999,0.112345502824548,0.95312267121408878,0.28095491028422881,-0.17867131798066968,-0.25876005534674357,0.94927329778520619,-19.1723551569488,8.4159786947506454,2.0882693083233952,,0.6416333819964066,0.7121212121212122,False,4
0.012360777887784825,-0.99021719578423095,0.13898602930950679,0.99900275349445222,0.018193414501045762,0.040773743748845889,-0.042903492637689382,0.13834343078732492,0.98945458990166957,-18.148090091818194,5.5498503410656195,1.8540567037768816,,0.0643102402176409,0.1923076923076923,False,1
0.022374037152617099,0.9693187193805306,0.24478689245950458,-0.99892585977782056,0.011737326297658356,0.044825905886265935,0.040577446058560479,-0.24552689349615053,0.96854014653058895,-3.7566918335305193,-8.7406366771436357,-0.68427759700119606,0.2339514919745651,0.1893824869705196,0.4666666666666667,True,5
0.13341322546187528,-0.98708989600493935,0.088625326384832642,0.98850098335946357,0.13895829096382298,0.059635553739264047,-0.071180876429234444,0.079650050705400197,0.99427820666722588,1.782990450863398,9.5372513321889816,-1.9133398227546408,,0.1345907225843777,0.1111111111111111,True,5
-0.29903165413233945,0.92951826834486939,0.21581440786016176,-0.94986067302569055,-0.31159640419581186,0.025930343835411311,0.091349721762353384,-0.19723962508937079,0.97609003612809486,-3.3787066437446178,7.7025309430087772,-0.9170093292495014,,0.08250187379924709,0.4594594594594595,False,3
-0.33470888824589906,0.906819624632351,0.25621890740309677,-0.9369165243888522,-0.34933184590787608,0.012437353484958044,0.10078386009827253,-0.23589283544914699,0.96653876473085865,-4.2373695532551316,12.067687880763584,-0.7792631514622067,,0.1256624716079861,0.2941176470588235,False,5
-0.24415319963019469,-0.9569388537863327,0.15702625648100341,0.9697240143167345,-0.24175528511981317,0.034492291516741089,0.0049549134983676024,0.1606935351242775,0.98699191313884971,-7.6329848732545269,-6.7580454794331812,0.029043857652096404,0.5779410621834509,0.4772664424084628,0.9774696707105719,True,5
0.9449429011095144,0.21371895672668922,0.24780460281921712,-0.25876346499031916,0.95155956968007327,0.16605979205237223,-0.20031071571171186,-0.2210397993256619,0.95447211812872401,0.29467444713422491,-18.08776372669093,-1.2617747756134197,,0.2542243224319212,0.3,False,5
0.98080933699956219,-0.13418082513165291,0.14145158401894126,0.11581219577543131,0.98459971859047346,0.1309615571884864,-0.15684571962330354,-0.11206649953732314,0.98124437319013413,9.3621643409407209,-15.459518466574368,-3.0473313281907974,0.2190920595932817,0.1978841251164613,0.4615384615384616,True,6
-0.46289718286501635,-0.88442780777777452,-0.0592760569288521,0.88518940255544298,-0.45771301373022577,-0.083297771071818405,0.046539442402873957,-0.091028840986772858,0.9947601873866061,-15.662373510956549,-6.2354807037037823,1.6578614479109801,,0.7600416957038634,0.359375,False,1
-0.97881958983659256,0.029994745228779873,0.20251549523625489,-0.047995262428849404,-0.99526122386320437,-0.084566843731469887,0.19901925870757053,-0.092495467634785028,0.9756207885907886,-8.2020557857938226,-20.54300345816128,0.35233971659195734,,0.4799945539149851,0.4615384615384616,False,4
0.91172297670770297,0.3556482574746071,0.20561014249914808,-0.38301858994678217,0.91686870533826625,0.11246571444893524,-0.14851926978820981,-0.18129008281372255,0.97215015937609672,5.387552137357221,6.048485279892196,-2.554702776641113,0.07862634786770363,0.1195601720265607,0.4035087719298245,True,5
0.33347575167637261,0.92391132700469336,0.18756807531215156,-0.94249461158554138,0.33142613743057725,0.043134934334801471,-0.022312108284467252,-0.19116635493798279,0.9813040275896292,9.5357407914118522,3.9962778662718859,-3.3423062585415049,0.3157410930520377,0.2890341620746533,0.8739495798319328,True,5
-0.46194337698755361,0.86225973589401217,0.20764504403746778,-0.87899249087437514,-0.47630800633088599,0.022425077292106778,0.11823923817327023,-0.17215931854269051,0.97794716196485798,-12.435548161983572,15.200709838411067,0.6712869354458596,,0.09494031882001612,0.3571428571428572,False,1
-0.88530522542207069,0.42283288332040964,0.19351230096126704,-0.43096483927818807,-0.90236871659440465,8.1349193352044102e-05,0.17465384377762969,-0.083324978816166434,0.98109784566014802,-0.39383727645146593,2.351912147948898,-1.4020105454774763,0.1381913128223012,0.1159191586951984,0.51875,True,5
0.78367085921713064,-0.61078637515457168,0.11313703345687817,0.59856964310304528,0.79120836479951984,0.12531442784756741,-0.16605531237926996,-0.03048487160558544,0.98564512165069551,-3.5558297038817566,-5.8511097520092461,-0.79167530579831258,,0.0680623044828413,0.2727272727272727,False,5
-0.18102824475670984,-0.98302020128552547,-0.030000974398689817,0.98325886214749159,-0.18154747612014202,0.015573179599173776,-0.020755351327462576,-0.026679538582452339,0.99942854552604321,-12.223079245117752,-10.018446221704421,1.0421975191282598,,0.566191237604571,0.1612903225806452,False,4
-0.26458229285956752,0.933850069019728,0.2406662811800247,-0.96047603212233457,-0.27756230439357371,0.021094048882690074,0.086498566599165078,-0.22557308299435427,0.97037867979707404,13.784990215261457,6.2546783575087392,-4.1624560563076249,,0.0966547621512214,0.625,False,5
0.65370725689807863,-0.74839941554590472,0.11209432228858603,0.74214470883305805,0.6629796334070156,0.098383112568137865,-0.14794611664347601,0.018876453534689308,0.98881526387494045,2.5751582303812897,-6.577173511951659,-1.9302979942297798,,0.07317583697787448,0.1714285714285714,False,5
0.95295192398024087,-0.24833333081287234,0.17381941027900324,0.24390270315101373,0.96867224116520356,0.04674997958939961,-0.1799836158598456,-0.0021554589685913797,0.9836672465923878,-14.876459854581277,-5.8384907131420114,1.4448318723481253,,0.1284335090471737,0.5,True,1
-0.71662357201472149,0.66915008283305266,0.19669474491551772,-0.68207537165604348,-0.73127667724985956,0.0027583855198227945,0.14568405339340335,-0.13218391715683331,0.98046089602387732,-9.5857047016675629,-8.2643326592656603,0.46528763160263759,0.4918264371438242,0.2892586896280657,0.8619854721549637,True,5
-0.35020076021267804,0.90133597442400648,0.25485856618052105,-0.93138621868878035,-0.3639581107290718,0.0073624229124664015,0.099393858880111985,-0.23479343015436654,0.96695031204983295,6.7710135007483485,11.347585133459086,-2.8777040240646565,,0.328142177643674,0.5072463768115942,True,5
0.14439588219938176,-0.98938308920482987,0.016460012131548296,0.98743695862348679,0.14515074659850435,0.062446084795571857,-0.064172283333704297,0.0072362668141277564,0.99791259862491677,-3.2102644358638903,-3.8867135849254209,-0.81348735543060768,,0.1013990926577234,0.293103448275862,False,5
0.85838129637063321,-0.50095003721993403,0.11059208945678738,0.48301180576027647,0.86182018799021942,0.15480813631298618,-0.17286163697381868,-0.07946712390573786,0.98173511227870547,-7.4606549929252086,8.087258139256285,-0.14786206518421946,,0.0766095792758629,0.2386363636363636,True,5
0.85293953807238276,0.48187467179487031,0.20072604483587866,-0.50514329514103895,0.858876889752067,0.084621153524800347,-0.13162217049920699,-0.17357214330761922,0.9759858171616409,-19.176276369959869,16.517727782864075,1.9402131839612622,,0.09032209501092998,0.3043478260869565,False,1
0.60095470332526235,-0.78544052931252983,0.14811015989627618,0.78592056167434188,0.61441606252825054,0.069438986490083912,-0.14554145556759657,0.074673134530002572,0.98653008453403579,7.5725045191874205,-7.2515430708259716,-2.9204077620541713,0.2380645175207269,0.1536128482834408,0.3870967741935484,True,5
-0.97490002346145221,-0.15560585907874067,0.15923806352510717,0.14608815915583168,-0.98679914725242868,-0.069897730552138257,0.16801248170692371,-0.044880503587259521,0.98476268531480904,-8.3772461206484472,6.6024290671163062,0.041350232632923485,,0.0675232407045001,0.2068965517241379,False,1
-0.44517905160335719,-0.89053752637753225,-0.093586997638145292,0.89440842052115832,-0.43721094970443442,-0.094234615505100094,0.043002201273689498,-0.12565627549761837,0.99114141832217095,4.8252390046007214,-5.2920645451335586,-2.3696805378671799,,0.230818514189893,0.1,False,1
-0.19808605501946633,0.886890390286595,0.41735758100712189,-0.97763904371954091,-0.20943384951861538,-0.018956868701238555,0.070596140135045726,-0.41178015772145382,0.90854459808252019,1.6028857213323877,-14.578495750691156,-1.6186229671701164,,0.630357967403936,0.3461538461538461,False,2
0.44051258239417906,-0.89579056375676813,-0.059227786019249884,0.89194616399534488,0.42922553363963478,0.14211784478297901,-0.10188574623763512,-0.11543269535145226,0.9880762053391926,-17.023650453761729,-1.4470660778696023,1.7477578667060483,,0.4768017770576277,0.3428571428571429,False,3
0.97275019093241555,0.14333660980281035,0.18224072632423538,-0.16366762491426359,0.98124488261141829,0.1018400162206736,-0.16422537744170942,-0.12889180206335854,0.97796570940140204,-0.71902171891304023,8.4072113195243006,-1.4092403953284782,0.5502083279133761,0.7809073365913485,0.7322033898305085,True,5
-0.8082956515258034,-0.56948862265936784,0.14946855316759275,0.57619782854533652,-0.81730794797213513,0.0019443665335718771,0.12105454185662037,0.087695078785038572,0.98876456806095669,-5.7062674563029434,-18.439817520572078,-0.13042081062367672,,0.09292882159992463,0.3125,False,2
0.12136071129254515,-0.98130159482072477,0.14939463764429273,0.99048316552103066,0.1295651567872495,0.046432412882967178,-0.064920540462987161,0.14233780295128029,0.98768682955529818,-5.0489106251614295,-4.5603141833239063,-0.46305009504791583,,0.06714712828560705,0.2348993288590604,False,5
0.79736059431986428,-0.60325452935007573,0.017322108546382914,0.58012445269438273,0.77406787698615476,0.25352424184718797,-0.1663481349817825,-0.19210126141378359,0.96717392611221564,9.8171747688067779,-3.886131725790682,-3.3887042368780311,0.4214115488770738,0.2855137797678883,0.391304347826087,True,3
0.56725400354758582,0.79240480740036023,0.22431566300201075,-0.82149674359096847,0.56363871477108773,0.08633944336529592,-0.058017202006546212,-0.23325098160563529,0.97068428639354065,-2.1956520125965664,-12.487045537311305,-0.90613543170143873,0.4941573145808938,0.4260124560141916,0.303030303030303,True,5
0.28828022086842431,0.93178674074925805,0.22060821385417226,-0.95743151314930641,0.28405546336758669,0.051355538743706658,-0.014812558343621857,-0.22602204205541848,0.9740095608465128,-22.124290714488961,12.963794102864354,2.569746708335193,,0.1144868232182388,0.6857142857142857,False,3
-0.86804873049902653,-0.47391478707392448,0.14797356544905069,0.47593621971970684,-0.87915968530348299,-0.023726830719573197,0.14133688916182735,0.049829934073377026,0.98870666096284598,11.685678566034387,3.5040342766485488,-3.7587499693436879,,0.1146873564936348,0.3214285714285715,False,4
0.978519742934846,0.066698886995632201,0.19506504340928271,-0.11171748129845267,0.96679530071061437,0.22983918485802493,-0.17325794948299303,-0.24669435542268769,0.95347972078253052,0.42808648167852575,-23.665271637593932,-1.2220051244426369,,0.1563109016763062,0.2666666666666667,False,5
0.52780729134270876,-0.83992719511554781,0.12626072275573669,0.83875917144457746,0.53884349197538428,0.078299064319949513,-0.13380028222346413,0.064575522151214093,0.98890216220605942,-11.597651558335501,-13.520278292111117,0.94992962602231124,0.2403178316385912,0.1696436350613352,0.3703703703703703,True,4
0.13168927631778815,0.94949150973313268,0.28482241387853235,-0.99111360049594566,0.13155002386015016,0.019708428003207441,-0.018755410282394313,-0.28488675674220221,0.9583776762936671,-13.411592260511362,-20.661860973065128,1.4005072111953463,,0.3137789338735144,0.5333333333333333,False,2
0.88600394105594493,0.42400124668994371,0.18766981440473443,-0.44200746064732221,0.8946123882824083,0.065559739655917881,-0.14009432952635842,-0.14103764581493589,0.98004181609640573,-39.345578871212517,2.1899158023883363,6.2379230173816964,,0.1847381830254867,0.5,False,1
-0.95170426794814489,-0.2539765590318156,0.1724960690324408,0.26143011501710012,-0.96498125935514134,0.021574615999172209,0.16097602719483356,0.065628321292903122,0.98477390405759868,1.5800720375564745,-3.8951853236421421,-1.745209277752912,0.2048500201103066,0.1262057828233805,0.5630252100840336,True,5
-0.68989465746677436,0.69096707824544756,0.21589316427286639,-0.70771007571838151,-0.70650288570581743,-0.00034816093249125796,0.15228857582065755,-0.15302996200189567,0.97641692959729753,-13.663073739795777,9.4536489427074546,0.95722277179971493,,0.09699961257470432,0.3902439024390244,False,5
-0.17317636711992287,-0.98486585810985317,0.0070133729893454844,0.98483155359066454,-0.17308342858577677,0.012204007587281015,-0.01080541176187988,0.0090204367152772469,0.99990093249187528,21.126006366618064,-6.1190607224262088,-5.5561928579601885,,0.2873273155710799,0.3333333333333333,False,5
-0.93696409091302135,-0.30998585486841729,0.16126705218683476,0.31411056296545692,-0.94938640538949937,8.6574410579465244e-05,0.15307791014074665,0.050736801664091322,0.98691080163500089,0.53841304845573457,-12.267308384420442,-1.4893657950427261,,0.07913352932804188,0.25,False,5
0.59256301629091535,0.7344784185673191,0.33077261734167573,-0.80148109388138034,0.57867799730627045,0.15086361915422272,-0.080604763351298486,-0.35450420038760361,0.93157374589059105,3.8350831672275301,-25.4743059327811,-1.765747282123908,,0.3717692463494372,0.1111111111111111,False,5
0.81684812362287151,0.540071481865532,0.20268679633701603,-0.56352501585167813,0.82218775154147006,0.080292326685360849,-0.12328300549208077,-0.17980571651299443,0.97594631249167052,5.4498229709976043,-4.6489069601322983,-2.5073179858410759,,0.08500611957079549,0.2692307692307692,False,5
0.83128907419063314,0.5195787437197541,0.1974750723658083,-0.54130435811589428,0.83745402773412325,0.075235253150589987,-0.12628565641441242,-0.16943636122891556,0.97741662175220079,-32.426042658059686,2.1361684232341718,4.8237398195528014,,0.09338604329590808,0.2,False,1
-0.89366596441524659,-0.42505404110933098,0.14384090580357436,0.42565888051868639,-0.9044472555521017,-0.028101234133901337,0.14204105561894553,0.036114042433611708,0.98920175619423456,1.0677581834161938,-15.373444182492856,-1.5409220596759796,,0.2498647318988274,0.2608695652173913,False,3
0.68826385826920278,-0.72523697489489169,-0.018005322704601784,0.70895514913562852,0.66713356410918223,0.22872560887023285,-0.1538683135491829,-0.17018853628927511,0.97332440850995039,11.795861819854798,-8.1902378223199843,-3.7323845366567308,,0.5107077765027874,0.3,False,2
-0.94204206950642788,-0.31238707355261075,0.12235626488775425,0.28472095779598394,-0.9373145391516301,-0.20093638517377888,0.17745623537025712,-0.15445313519706683,0.97193287502584913,-10.54359294504809,-16.444365554810894,0.78237444008269208,,0.4436957855963097,0.509090909090909,False,2
