axis_00,axis_01,axis_02,axis_10,axis_11,axis_12,axis_20,axis_21,axis_22,location_x,location_y,location_z,dbh,dbh_approximation,score,reconstructed,number_clusters
0.69720569034541102,-0.71643412581348487,0.025027359426148449,0.71048015155046307,0.69522017654406509,0.10902687915770617,-0.095510102098202404,-0.058232718431356405,0.99372368941335221,-9.4569964997916092,7.2225073616213846,-0.80635342694065837,,0.1471969647230275,0.6680584551148225,False,5
0.95686662964774749,-0.28722259050233034,0.043697100266377888,0.27903514810002905,0.95044599181018274,0.13708319655140722,-0.080905124629741879,-0.11897730942111427,0.9895952509241126,4.7695353470171051,-7.9176074920145441,-1.1598360816847924,0.6877943825524879,0.605296176341816,0.9626556016597511,True,5
-0.29668132893093818,-0.95466638552568306,0.024336832396558941,0.95370655160335571,-0.29487670889941825,0.05908925433174559,-0.049234159814161391,0.040740875002551538,0.99795600033840093,11.024371620295668,-4.5641858961105672,-1.7007010050931155,0.2314511771918519,0.2160352915554461,0.7297297297297297,True,5
-0.34561206627236973,-0.93828273628208991,0.013334408196030309,0.93739592860726906,-0.34456591341860138,0.050628098330093581,-0.04290888809395723,0.029997301628650573,0.99862855417694785,-25.737393487376639,12.8569260488668,0.43580246122002148,0.2359166096341874,0.2558628845150517,0.8571428571428571,True,4
0.66663728448804216,-0.74395783172534935,0.04605947833971033,0.73892938234233951,0.66771653113847473,0.090210874929638904,-0.097867762013739923,-0.026103230813812342,0.99485703621148669,7.5264635088937926,-5.8039222731370188,-1.4391163528777058,,0.07967560181824637,0.3125,False,5
-0.33386274592887871,-0.92644462167154651,-0.17388510533307103,0.9308435261713478,-0.35310328576430533,0.094065930959841615,-0.14854627785885205,-0.1304547145883031,0.98026301102100366,-3.0848848274068748,-22.097955455875493,0.090985241694770194,,0.2910545115772187,0.3571428571428572,False,2
0.34420810898744469,0.93072789846565696,0.12355709904732379,-0.9377065502427302,0.33416846353762941,0.095067679096416238,0.047193255229604034,-0.14858336715326789,0.98777314180242415,-8.6606238881573834,12.835053033679703,-1.0148081823663084,0.1728638759108577,0.1388338452313216,0.4166666666666667,True,5
0.95312470126627669,-0.30192643672725811,0.019842647032377196,0.28878449557432684,0.92729180984447235,0.23818777154011109,-0.090315109211870054,-0.22129239978034415,0.97101640297551306,-10.674445703463029,-10.291294153470643,0.10345601648258403,,0.6102553812274794,0.5034965034965035,False,5
-0.44155021736147737,-0.89664402360079642,0.032602154668148538,0.8962407237233514,-0.43905741752205879,0.063096349012470548,-0.042260746418809718,0.057079585315894098,0.99747478677522994,-2.2355198111838988,12.780591583050397,-1.4775854497920686,,0.1749448165404414,0.7125,True,5
0.77313305855106917,0.61894743792496854,0.13845339599152418,-0.63280502806850458,0.738079569381629,0.23408619291331084,0.042697426464455332,-0.26859377942823986,0.96230676575911378,-7.0239116905408849,11.319623603209624,-1.0874445935060291,,0.2067518617944405,0.2105263157894737,False,4
-0.99991553605701022,-0.0098080899809633339,0.0085277267044838595,0.0084973935657798559,-0.98981963398126394,-0.14207352493615411,0.0098343812418109494,-0.14198906139601417,0.98981937311282653,-15.36130370811536,-12.789388127213952,0.66475754169324064,0.6560245126274722,0.342331924220421,0.5492957746478874,True,3
-0.7073196104653422,-0.70674250581926035,0.014628708742373472,0.70689388495383598,-0.70717000114429318,0.014547332967011842,6.3765423990690129e-05,0.020630558642290991,0.99978716534274314,-14.402591763242173,13.659250803985916,-0.55202861075477461,0.570397673201083,0.608134943741581,0.8705882352941177,True,4
0.99768947402838826,-0.043646679308654429,0.052064198815348628,0.028573383000229678,0.96483425599584915,0.26130139731899038,-0.061638260819712194,-0.25921000336071559,0.96385211467364518,-1.4687644021261645,-14.617850152691837,-0.35222059332853045,0.6140642447252794,0.2116210737774019,0.6666666666666666,True,5
-0.069989073676441915,-0.99709620338415617,-0.030011510505408734,0.99639650298160132,-0.071321638322964204,0.045904604921126857,-0.047911777382497786,-0.026690543340872105,0.99849490558751486,-13.755933336953502,-9.9433166615689412,0.35011920745992153,,0.1196889458317381,0.3448275862068966,False,3
0.7508201318523956,-0.66050671449605158,-9.8543299739503598e-05,0.65364710346024812,0.74300111944840619,0.14385687552717949,-0.094945214430104202,-0.10807505079363075,0.98959849921711951,8.9629488739131276,-7.214183448653503,-1.4685035749030941,,0.0838195263425505,0.3333333333333333,False,5
0.27791382400337383,-0.95810858576820868,-0.069223148621435679,0.95817027356274764,0.2713599658256331,0.090958758829489103,-0.068363976541097882,-0.091606259744379706,0.99344585151236797,8.5192161355905611,9.6102798706589034,-2.1119323184913061,,0.5759594476726504,0.949748743718593,True,5
0.59816252181916596,0.79537275984390488,0.097896733291900392,-0.80115010886371851,0.59062325772670998,0.096553977131655505,0.018976315727445063,-0.13618494898694955,0.99050167042304083,-4.6601893632847773,14.275132334239158,-1.3702869619312601,,0.07390541532638167,0.2727272727272727,False,5
0.68310986929647133,-0.7300385745731065,0.020114325865516813,0.72399217772555646,0.6805547688399004,0.11260787362114408,-0.095896991933865777,-0.062360935244236304,0.99343589662015941,3.3425741952627082,6.8963027197741429,-1.654102473668821,,0.06731869679301587,0.2972972972972973,False,5
0.50212599241917699,0.8597985815655137,0.092821801722370562,-0.8642989772994224,0.49530626857997029,0.087515588008985581,0.029270558181020478,-0.1241696397808944,0.99182918639272455,15.789423650822641,-3.7664372791753356,-2.0380041048134334,,0.07824931061740625,0.2727272727272727,False,5
0.96682074730806333,0.24690789992574638,0.065529623293108241,-0.25481144215834739,0.95032047188362068,0.1787795560573881,-0.01813205779447559,-0.1895454818062178,0.9817045068690412,-7.7879478393059394,-13.329405154112383,0.051886780285115952,,0.280135282799029,0.2142857142857143,False,5
0.95920681258673357,0.2650207840385348,0.098418873773270493,-0.27950188972141171,0.94127437068549291,0.18942347460858375,-0.042438005718439822,-0.20920454851228584,0.97695059882903612,-18.152367418360459,-1.0909588529715939,0.33316851558867633,,0.06364489012530856,0.25,False,1
-0.84285478390727897,0.52643570642872717,0.11163001496685981,-0.5304185091347301,-0.84770537851197769,-0.0071969722213854753,0.090840620935266611,-0.06527662857985192,0.99372377618196484,-1.9384216203990026,-4.8049962733189782,-0.84321623006795932,0.4564288704175686,0.4246980696106011,0.7841907151819323,True,5
-0.14250937814119927,0.94969391233882305,0.27887730278455636,-0.98678213269939474,-0.15828124320185266,0.034757310536209216,0.077149852411027023,-0.27023789689282351,0.95969754576944755,-26.684936473957002,8.6057379171629442,0.71058097119327257,,0.3425840510085837,0.1176470588235294,False,3
-0.81328242444944954,-0.5817318910330187,0.012637445816756514,0.57905758985748146,-0.81129426597656773,-0.080584872165843702,0.057131477401414485,-0.058220451292380813,0.99666763434017536,8.0157962008763608,10.976046342997757,-2.1303113681846129,,0.379934708036715,0.4814814814814815,False,2
0.42851575098258982,-0.90199941012002405,-0.052643283550285344,0.90025413715312108,0.42127461564273821,0.10986440166747506,-0.076920346453433763,-0.094470960396260212,0.99255150896227629,-21.464762585313025,4.5709384877237289,0.42789050743891355,,0.1187780083871899,0.3333333333333333,False,5
-0.66501969542830974,0.70709938296988795,0.24033157781707035,-0.7404266745217053,-0.66628614563269317,-0.088493569227704225,0.097555852459846701,-0.23679787740081973,0.96664865432549973,-12.079591682340078,-6.1834998608066902,-0.0042347670304679072,,0.09748327631279124,0.2222222222222222,False,4
-0.98228768131731081,-0.18134969632794465,0.047150808837434485,0.17744718423160979,-0.98112639998032891,-0.076834133494909501,0.060194750107755352,-0.067106444574293767,0.99592836949052888,16.036369245218637,-9.480131948027875,-1.9140601958283425,0.6877210363633642,0.3783752829640534,0.7948717948717948,True,6
0.083203005841259933,0.98265303769671308,0.16574156788325722,-0.99202483117495288,0.065871508629281789,0.10746012601522323,0.094678372141078049,-0.1733607563906075,0.98029692134189172,-14.620311804780082,0.50957927885896104,-0.085419466262513177,,0.1837918406077421,0.1951219512195122,False,3
-0.12207444429412215,0.979791670801898,0.15844908291784315,-0.98978732275049075,-0.1320172799015692,0.053781907085987429,0.073613081532403923,-0.15026549715292253,0.98590131077744703,-12.322314785910166,16.259019883882925,-0.84118606874991997,0.688613631066132,0.8315730573980786,0.4186046511627907,True,5
-0.94747879126628842,-0.31923085076523244,0.019380506192553465,0.31749593347528682,-0.94615916950385226,-0.063080569040218706,0.038474307365174598,-0.053614269401787734,0.99782024322484231,-8.4851479435948658,10.194342444065631,-0.94560512938350483,,0.0825326256830024,0.3837209302325582,False,4
0.20522717237767599,0.97517965678934981,0.083105022123034403,-0.97703832464320084,0.19916856417368903,0.075683520157287049,0.057253121279725587,-0.096729106421994546,0.99366269934748574,0.88578870321507797,8.3844623228852662,-1.5527381087764152,,0.1094578602827533,0.2777777777777778,False,1
-0.64795656858657213,0.75153223092076094,0.12390153797583896,-0.75455343173433564,-0.65554268501645829,0.030214347243473369,0.10392980267205226,-0.073912745914867267,0.99183441264551409,-16.96198105053347,4.9345232333455424,-0.047299155416541144,0.36174379737888,0.1815962517964568,0.5107913669064749,True,5
0.94247664862292035,-0.33217260501647061,-0.037404909799101577,0.3272374822232641,0.89401259673783895,0.30603448678579281,-0.068215812160276112,-0.300670645974356,0.95128532292928636,-0.45826334626362675,-11.604442140308283,-0.57926064838118174,,0.4474800967686867,0.1481481481481481,False,4
0.69361535540215258,0.70934966227295926,0.12538259601549934,-0.72032167521601798,0.68158713865561726,0.12874648202276903,0.0058671086862654362,-0.17961633848981737,0.98371924245852604,6.6356353836352593,-4.3463162869807714,-1.429144501038127,,0.0875832529621291,0.2444444444444444,False,5
-0.38372758740358293,-0.92276606424578145,0.035439093410742854,0.92257083859691735,-0.38141064671768887,0.058214829218803894,-0.040201821302095986,0.055033710094306784,0.99767484899502679,2.2316895278024709,-15.530371001873277,-0.56059125128148068,0.3249048223591005,0.2583155096968721,0.8,True,5
0.63242514698105301,-0.77395491596326604,0.032128204467206468,0.76862982139779257,0.6321420981889222,0.098002884423388184,-0.096159404761003708,-0.037284792524567775,0.99466738818682954,0.16204681552083139,12.986122749747873,-1.6839921606408459,,0.07845193942357401,0.2325581395348837,False,5
0.78133043298589522,0.59103954764902089,0.2004869262693097,-0.62341034993769073,0.7543700046270182,0.20563421823616834,-0.029703368169970747,-0.2856538976346637,0.95787241357369002,-11.038644362569588,-13.673018616754218,0.31428772699013457,0.3217134274270474,0.2965624648081056,0.8061224489795918,True,5
-0.92287605124904404,-0.3850877010309483,-0.0026937976297429916,0.38382167572245629,-0.91922812074055416,-0.087752967387970671,0.031316373937233362,-0.082019049948701586,0.99613862497592953,-5.1773546414960281,-10.146354203459806,-0.30944651544801716,,0.5706931890072608,0.125,False,4
-0.58340583826279047,-0.80365117242596384,-0.11739855595050969,0.81215644926693675,-0.57838052096603199,-0.076667299947130035,-0.0062872724620715234,-0.14007414474283203,0.9901210553157388,0.93746691369486579,-17.199401439205619,-0.40961411517343849,,0.3188038551968599,0.1052631578947368,False,2
-0.55733396328048634,-0.82923539665971402,-0.041803233136591303,0.8299524314701977,-0.55783405384111817,0.00036037742882501222,-0.02361810472438898,-0.034493844404345622,0.99912579779897426,-19.509697409518584,0.70376840308406008,0.39134712278977229,,0.2066409193200743,0.375,False,1
0.79951677700550039,-0.59976127161513448,-0.032547509233935318,0.59901597105777304,0.79219185611405696,0.11667017409894562,-0.044190380225222148,-0.11277623941753726,0.99263726008970088,-8.5307876458134153,-1.6902031648751323,-0.53657923399459917,,0.2141619059340968,0.2515723270440252,False,5
0.034300100417788741,0.97514381335188127,0.21890191043679927,-0.99702989123960017,0.018275137388807393,0.074815876177255075,0.068955776306845781,-0.2208179400206674,0.97287436921678061,-7.077101571899469,-2.1260389609871533,-0.61489289646456891,0.5811040380127548,0.4454727298000609,0.7249134948096886,True,4
-0.82061667455096288,-0.56964583614432207,0.04573723660601612,0.57126583924743923,-0.819865018550613,0.038427753849545998,0.015608150365672376,0.057662576429071903,0.99821411176246344,-5.6232479294557747,12.967048417391428,-1.2394878373924234,,0.07085635791345331,0.2352941176470588,False,4
0.87456807245870427,-0.48346466024582918,-0.037317675828635183,0.47598544506125151,0.84124754941614344,0.25639894050322304,-0.092566423317035906,-0.24200099771430239,0.96585038923198308,-15.756841409740366,-10.356507104913822,0.55096372466357146,,0.09288511525124693,0.5454545454545454,False,2
0.6047327978682786,-0.79231370463089401,-0.080853179507510864,0.78951003828774224,0.58303033632828749,0.19170165978366849,-0.10474799580561406,-0.17976267792563125,0.97811718980892814,-13.480742764151795,-12.259685714548937,0.46671666158456943,,0.3894186208620907,0.4761904761904762,False,4
-0.95573256374044391,-0.29275033171922799,-0.029538278291056083,0.29132817723659937,-0.92742404109775356,-0.23454752427154824,0.041269356114658221,-0.23277003946426167,0.97165577699805139,-12.908064550769982,-16.220870248254762,0.59547586703219058,,0.5733704216437294,0.4333333333333333,False,2
-0.97156673879149891,0.21272567746717813,0.10395123000801643,-0.21937525746527606,-0.97395920507800127,-0.057253499944277364,0.089064967782474802,-0.078429924072101656,0.99293311885743296,4.2200316079004985,-10.54311550788994,-0.98087860129967774,0.3808218734122056,0.2286326873432317,0.4347826086956522,True,5
-0.17374743503623336,-0.98450892414349067,0.023537355419741765,0.98287444261675949,-0.17186977086380698,0.066472640341842984,-0.061397547745194056,0.034683715848332519,0.99751059191661118,-19.677875622652291,8.4496341646797877,0.12864725120021023,0.146800802097305,0.1507976185771418,0.7265625,True,5
-0.95125607032376691,0.29997245361346186,0.071612957942706973,-0.29640375407899305,-0.95339749197327173,0.056374079743750943,0.085186285516298157,0.032399835990239795,0.99583811304234626,1.56892826693524,7.1953545278975231,-1.562567417783715,,0.07898700111344623,0.4259259259259259,False,4
-0.75658216398178735,0.6454247291734253,0.10493020592777624,-0.648192236620871,-0.76141410459941117,0.0097665603724551159,0.08619891837527735,-0.060625739488163029,0.9944316297174205,-8.3562639121872611,9.2284893245064854,-0.91067453984475122,,0.2399398553797956,0.2028985507246377,False,5
0.74153152387211507,-0.67084804485686356,0.0096901917226909218,0.66766265390235036,0.73927762525662399,0.087722137337144721,-0.066011966248321119,-0.058578951054537462,0.99609785001543949,5.7229978584603813,10.291846700285497,-1.9414620650765819,0.4929881289581584,0.2318878745693994,0.7142857142857143,True,3
0.73665738597862163,-0.65731215723996528,-0.15898623722727201,0.66934268644471484,0.67512637394219255,0.31013665908859972,-0.096520794578761837,-0.33488073571378996,0.93730391499325072,-0.86999800502005087,1.7200079311876242,-1.2131464792928714,0.4809656677144282,0.5441238648714063,0.1555555555555556,True,1
-0.029496049235504293,-0.99886109703985138,0.037503225192505388,0.99723168556760799,-0.026844411345146913,0.069342215709610605,-0.068256489651038421,0.039444725881613414,0.9968877395276966,-0.45111454937173279,-7.7951024810918046,-0.79008943112667707,0.1721751639064886,0.1175658011025873,0.4489795918367347,True,5
0.99040700381781288,-0.12393182932460325,0.061113570251460296,0.11722067267899874,0.98771796428767544,0.10330797123210475,-0.073166117057732433,-0.095153164443794264,0.99277016202695489,-17.564838255458131,-0.34393959531637686,0.20405648744156435,,0.07075812908610116,0.2121212121212121,False,1
-0.45117908011132807,-0.89208192064831349,-0.025045648770026033,0.89182639674495978,-0.45172954053666858,0.024209507955168366,-0.032910723765923876,-0.011413547167551413,0.99939312345155573,-13.696928058818534,-5.803690273160206,0.1114720548431624,,0.2349587223677005,0.3333333333333333,False,2
-0.082058142905735557,0.98273191335943832,0.16584464913815483,-0.99410727310591762,-0.09253618533812108,0.056460463697919586,0.070832130709001628,-0.1602343311152909,0.98453429010434024,-33.572150325765783,11.63034201349879,1.0823920015914834,,0.2204937342040955,0.8055555555555556,False,3
-0.76524677305474398,0.60841673308017352,0.21030086837041445,-0.63652368373751655,-0.76392386668823609,-0.10610337386396401,0.096098784438323592,-0.21505674788795426,0.97186193403041243,-11.734856809562736,-14.557419608116479,0.40706426470113927,,0.149349297235426,0.25,False,2
0.71548571702802433,0.65142781962106577,0.25243213850981222,-0.69861707789500982,0.66517702291860947,0.26357865363980482,0.0037904092562991709,-0.36494016496527065,0.93102325899667515,-15.836548114487368,-32.259783307316738,1.5782595980879774,,0.5382794603414855,0.5666666666666667,False,1
-0.9885282658947081,-0.13994172827908846,0.056817076776820186,0.14118161234835283,-0.98981254122883633,0.018408844636003396,0.053662089615674757,0.026219189773425147,0.99821487377503271,10.926347752290836,-8.7732618656781067,-1.5701804488036328,,0.08126480385689794,0.3076923076923077,False,5
-0.78951208182402466,-0.6127083414077017,0.035484658985505645,0.61366907831766149,-0.78895418958029895,0.031008854549068383,0.0089963865327305284,0.046257703284065088,0.99888902782853561,4.8176088102516816,4.8627623400276576,-1.6820856845956509,0.3397612043531943,0.2365379986489696,0.9316546762589928,True,8
0.47861549292144462,0.83910595737644067,0.25851189959251519,-0.87758470044154446,0.44785275628703919,0.17109354820397998,0.027790348801126533,-0.30875411087379878,0.95073581794946749,3.2434816507615958,-21.570898166708332,-0.39445782270756535,,0.2077216706638444,0.2413793103448276,False,2
0.84835471222363468,-0.5291576080102306,-0.016926551120770128,0.52590480135736062,0.83859550224004564,0.14206239309556784,-0.060978866480345756,-0.12942105511722524,0.98971297270224545,-11.778952943060419,-2.4518426656094436,-0.20651273449532051,0.5598563304447209,0.2253801646900641,0.8097686375321337,True,4
0.4939239031690324,-0.86578388327315059,-0.080358231331529348,0.86432536199336618,0.47880758214302288,0.15389921343979973,-0.094767328195454054,-0.14547015758160065,0.9848134781570973,-19.68625681494316,-6.7978413178916188,0.74164334360516471,,0.2222670650718349,0.3076923076923077,False,1
-0.77010098123794313,0.61133602993477609,0.18224362046432518,-0.63138803935343613,-0.77123120314666194,-0.080941800414728163,0.091069327755192164,-0.17739980213218984,0.97991616363119494,-0.87838581539177585,-20.983522079114124,-0.11742617742977252,0.5262015092724209,0.3278564770864108,0.2142857142857143,True,4
-0.99390861750147785,-0.083208413921845137,0.072263544812798439,0.085893134823662926,-0.99569396416694134,0.034869744932896796,0.069050919229685065,0.040864282376326132,0.99677584289518339,-17.864151580232978,-7.4230664055484663,0.57715453828197771,0.4565637759799571,0.3858057623325825,0.9195402298850575,True,3
0.90242220285952579,-0.42753444393864665,0.053371031770367588,0.42185382594620219,0.90195371144041092,0.092297627019440595,-0.087598614833300267,-0.060776653946564591,0.99430009605468062,-20.102965857993524,-5.1815270523680184,0.7095535079627896,0.2442092871580804,0.240218043255124,0.7872340425531915,True,2
0.95610123056190721,0.2779316154842304,0.092867938667420227,-0.2884124474776778,0.94858615089803544,0.13039392035056047,-0.051852647550009567,-0.15145405718823948,0.98710332362082509,18.14209958019687,-6.6452264885590244,-2.127079407165843,0.1793699038396563,0.0957614732965233,0.6666666666666666,True,5
0.24687385429851766,0.94375396245175569,0.21995853795750708,-0.96763563129997843,0.22783085236985617,0.10850985092200983,0.052293260583809897,-0.23962796386280669,0.96945544190152388,-18.596879613758837,2.8338700263118182,0.2125285006532287,0.5093713920240739,0.4107137812373137,0.15,True,4
-0.81470855529227759,-0.57985757403568983,0.0038940681831270002,0.57974407339467482,-0.81465265689095634,-0.015422645177009073,0.012115250609052643,-0.010307398020383877,0.9998734811208515,-23.611703845883603,12.629423786428216,0.25924982126936769,,0.1052678946767022,0.2666666666666667,False,2
0.0032356075325399173,-0.99961368880881663,-0.02760441975351173,0.99710437654662343,0.001127723145982782,0.076036770789384811,-0.075976266790799871,-0.027770512896572647,0.99672283283669016,-23.829059715478689,5.3688272265103443,0.58429468287787789,0.1610480126469447,0.1692779411613046,0.5,True,5
0.33669811268605093,0.9375883284699239,0.086962677227802709,-0.94059560620804461,0.33060566732033658,0.077329155677517913,0.043752559876813743,-0.1078332928767856,0.99320576642082425,20.132189441884364,-9.4103876524813614,-2.1782665169199604,0.1549435243821251,0.1690192600679125,0.5806451612903226,True,5
-0.35290104754976348,0.91679968198749895,0.18692028714374309,-0.93129395294901229,-0.3634515701212413,0.024382973096118386,0.090290773830337845,-0.16547295635246317,0.98207243972992819,32.048937417782547,-10.572040524946893,-3.0420630237473838,,0.3815547639139718,0.6896551724137931,False,5
-0.26449602085162982,0.95464052769945729,0.13676007395199369,-0.96125102427414577,-0.27239819766189383,0.042375585452671553,0.077706648914742271,-0.12025258743267207,0.98969742443344144,2.6340111527850176,-9.2816020803060972,-0.93149422758829314,0.4636106850057167,0.512730685971171,0.8430232558139535,True,5
-0.86373442817742596,0.48101517682345035,0.15029050950249545,-0.48925168807888286,-0.87188362415582388,-0.02125397941256478,0.12081234743592416,-0.091887679230737734,0.98841339079992774,-2.9983098806094968,-16.045476543543828,-0.17148362910237183,,0.2419223477626361,0.4,False,3
-0.99442233410157832,0.049060668646285485,0.09336633350382266,-0.068282301465441925,-0.9741394850247399,-0.21538289398723282,0.080385003244076353,-0.22055682829536805,0.97205603580541389,-14.188742610195082,-6.5237859596662391,0.2029380430188944,0.2959332856090646,0.2019699089948515,0.4878048780487805,True,3
-0.92018290310370898,0.38370023875406589,0.077701683480481981,-0.38205798190602275,-0.92345260847831334,0.035594639434809248,0.085411493942708624,0.0030670302687990335,0.99634104102350574,10.671692309581303,-5.9586345081067371,-1.6414139189831569,,0.08251111699195025,0.3529411764705883,False,5
0.63332453240591491,0.74900072956175878,0.194673942192536,-0.77386957386015565,0.61129079886003024,0.16567873092997693,0.0050911006993123661,-0.25558064548204751,0.96677433475897068,1.552245999579511,3.7602326578591891,-1.4312241158108487,,0.07408957600146389,0.1923076923076923,False,5
0.16687215105916714,0.9651242436639208,0.2017148469821512,-0.98472384230572063,0.1528170896200246,0.083461916553150314,0.049725643239139486,-0.21256088871711915,0.9758817699866329,13.715810563708304,6.1338432036348323,-2.3595681268255717,0.4372337947470101,0.3717493967305354,0.3461538461538461,True,6
0.30575774181268833,0.94004072639707437,0.15111464534076466,-0.95088037616807131,0.29343079164790564,0.098614809898663072,0.048360247518715579,-0.17384419239003387,0.98358501576233082,8.6213626389773381,-10.114887292536052,-1.3396410697437964,0.2448165148279582,0.181510861458184,0.6060606060606061,True,5
-0.45716541274588418,-0.88886816270020019,-0.030218781028630251,0.88863288832907572,-0.45791072946368094,0.025482417898716844,-0.036488014043114483,-0.015203722570825695,0.99921843040006997,-14.827152509264156,15.703336935258875,-0.62686914670984351,,0.1057842598381213,0.3846153846153846,False,4
-0.99112325730379314,0.10952173308750869,0.075363643841217451,-0.1119632872516074,-0.99329025354702416,-0.028960223001567392,0.07168619908553818,-0.037141111857279772,0.9967354848056087,8.7540662117382926,7.848906883240069,-2.0686803262493316,,0.1355275340136083,0.3214285714285715,False,5
0.38091885632602934,-0.92460663866612725,0.0018408231299913286,0.92079292477723718,0.37952686542575309,0.089998600546252291,-0.083911945368054602,-0.032587147077159262,0.99594019060881411,-11.565730596153443,6.8949491378625716,-0.61246683492681231,0.6385604089318332,0.510561458539593,0.9944055944055944,True,5
0.78320390335276557,-0.62105020910533337,0.029804086015419631,0.61536791694070214,0.78111322661476446,0.1057565790271868,-0.088960511312907414,-0.064488487171697612,0.99394530153789307,-12.808703391351964,-8.9776107199287463,0.21465595936127829,,0.0776916388442204,0.3958333333333333,False,4
-0.37921622750645362,-0.92520169363898863,0.014031353581219125,0.92435081975534295,-0.37809077041157457,0.051214561866801053,-0.042078674092702752,0.032391286129601148,0.99858909956471642,6.8805285144803463,6.2152872705457627,-1.8727987603162199,,0.8984782279198151,0.9126984126984127,False,1
-0.15361970271821038,0.92687313884681521,0.34250134513753583,-0.98478382223882455,-0.17210978352739403,0.024063371975782566,0.08125152548389461,-0.33359317573716391,0.93920912618443719,-18.365587081501808,-4.1968268607959951,0.49415194670765511,,0.343701882108176,0.2105263157894737,False,1
0.94686605722496286,0.31101860792638297,0.081927377590080175,-0.31915689157362354,0.94011283922961331,0.11969431096212182,-0.039793821584700149,-0.13948216745939152,0.98942466955524966,-21.348254960961501,5.7608535995252232,0.37303323893833307,,0.08530051148404227,0.25,False,5
-0.81509396483389829,0.57484161435082981,0.071964900485491021,-0.57172948896503617,-0.81822581134560346,0.06026535568306568,0.093526573438426991,0.0079774719278456474,0.99558482310775809,-5.57029049671468,-8.6375114392147196,-0.36709201521848073,0.2295454011253996,0.1835711137744991,0.6666666666666666,True,5
0.56248926752613393,-0.82659100632861615,0.018791811369855797,0.82048981568306822,0.56085270155149791,0.11063774004720166,-0.10199159905736996,-0.046814051512693286,0.99368312771360323,-5.8397969092358544,-5.0138986930811038,-0.5437184295875106,0.3023267272189476,0.2528576764924427,0.5095057034220533,True,5
0.99509081660033838,-0.076362428125150136,0.062952730588151332,0.069804829880703162,0.99248572438353999,0.10049563483160326,-0.070153777111422844,-0.095607878680117775,0.99294389624554813,6.3838610391491253,8.8673561253522415,-1.9516874783319245,,0.07959596612388023,0.3714285714285714,False,5
-0.64003640193098921,-0.76788997007743731,0.02642722190668742,0.76816249854450136,-0.63875734293804498,0.043765656314019838,-0.016726626471042332,0.048312014004804511,0.99869222950301229,-0.17196690450673258,5.8933845914275942,-1.4029050134749015,0.3173516668560554,0.262172443891954,0.9081632653061225,True,5
-0.64796942195330409,-0.76127450129758478,0.024428710314204169,0.76164694557635293,-0.64739063222568394,0.027915938111440393,-0.0054367736492702962,0.036694726876537395,0.99931173239972693,-5.921674352461932,-11.61983410807964,-0.16780178326625345,,0.08613715919139668,0.15,False,5
0.3660618980068242,0.90621420125684549,0.21159987776002881,-0.92940185102264816,0.3445288050503868,0.13233329817633893,0.047020061073084284,-0.24510349636627049,0.96835602436589052,1.1530056262891974,-14.204180353669557,-0.56599002770735252,,0.1852243043930115,0.1904761904761905,False,3
-0.43343922881709973,0.89233892111832303,0.12594318075951638,-0.89715990975496351,-0.44046000889195869,0.033152328656681038,0.085056047703281012,-0.098621652918017944,0.9914833525202601,-13.845009880736157,18.06122938881213,-0.81080898720669548,,0.1485699061404316,0.3846153846153846,False,5
0.85070894884936221,0.51627929474717771,0.098741957459688834,-0.52542477285595734,0.8405645925540931,0.13183312866513461,-0.014936278548547302,-0.16403309287984891,0.98634175214445441,0.2265476421066937,-14.303329711825722,-0.48148025896960872,0.1895730742208415,0.1986894979003347,0.5964912280701754,True,5
-0.93182675001297655,-0.36187466779901878,-0.02730627703663624,0.36254460440546565,-0.93161167272081902,-0.025711885710705304,-0.016134366325830971,-0.03385876630454495,0.99929638554714884,-11.538556142637495,-11.407919052038574,0.24358941350531399,0.2854459925019656,0.3688923659529895,0.22,True,4
0.18250913835604787,0.97978572584598456,0.081916700647607185,-0.98152909371295738,0.1767034295121655,0.073324867498409413,0.057367696585736122,-0.093786083333807599,0.99393818618732555,-11.037865540169708,12.255448164532371,-0.80107578555135761,0.3685648460559614,0.3344048710062117,0.8936170212765957,True,5
0.97223102543470841,0.21068054050188431,0.10188494999758407,-0.22845002363321645,0.94885858293457981,0.21789441547080793,-0.050768296053336152,-0.23511933022449705,0.97063972753572458,-24.216079884666009,6.2031856419290143,0.58529098714618366,,0.1747782482521165,0.3125,False,2
-0.415696998337935,0.90166981547323755,0.11911150002115199,-0.90475403098019225,-0.42333076415090581,0.04702347869420103,0.092823213680224836,-0.088219090835647301,0.99176672812421351,-0.27553417747865161,8.7595069651614459,-1.4728719530413017,,0.0900807462144081,0.2365591397849462,False,3
-0.30647285921193068,-0.95161379128574597,0.022485079524696576,0.95071136652857324,-0.3048415314056071,0.056740975349885925,-0.047141108597870643,0.03876638963138114,0.99813570365712845,13.954855251196586,-12.454962080266416,-1.6357995744809466,,0.09124278627374713,0.5294117647058824,True,5
-0.55349710299161081,0.81276946765792735,0.18178764925853103,-0.82779146405101123,-0.56089277654559211,-0.01267222408495422,0.091663782510743502,-0.15749630364559383,0.98325615447542336,3.1843808602558066,-13.639807549364496,-0.74095695597033262,,0.2935213230239218,0.1428571428571428,True,3
-0.88976838127690916,0.44948364134762825,0.079225525184409507,-0.44735648762776697,-0.89328151339926432,0.043821350920156502,0.09046767741694503,0.0035487997966323973,0.99589306924126497,-23.988421225144666,15.779403901913014,0.11869353486364766,,0.4861450102949511,0.95,True,1
-0.53962446126901009,0.77829610324324927,0.32103055380524825,-0.83644489097803998,-0.53897820206196345,-0.099309828611212098,0.09573601807504778,-0.32211437934129361,0.9418476211493596,-11.442425041433635,-0.79286922166034846,-0.31130071671175008,0.5304979713773539,0.7187126400779944,0.35,True,1
-0.79333015772011706,-0.60727080663623256,0.043004979469275922,0.6087134521289097,-0.79237879557688218,0.040047191130399548,0.0097567437744002714,0.05794835396720336,0.99827190395373344,-7.7061498123531029,-9.1776963072872864,-0.17779541370935903,,0.0712430716304637,0.3170731707317073,True,4
0.63416195247654739,-0.77046129724028967,-0.065023130391757014,0.76710477674994171,0.61639507684658001,0.17778461892616265,-0.096896230672589609,-0.16262379498126533,0.9819188468439416,-17.209724865588171,-11.449572098765575,0.74486521105871706,,0.08521974758977895,0.1875,False,1
-0.97531922438997687,0.21007233099306133,0.067985485851578015,-0.20928220597237882,-0.97767792581011559,0.018623416629726566,0.070380173335025359,0.0039356238096740978,0.99751247714831137,-4.5384119488662069,-16.589880991754498,-0.024366099606161529,0.1501910297412591,0.1549003724062583,0.4347826086956522,True,5
-0.99525105243273604,0.029926943147020036,0.092626781793423207,-0.043632880632731477,-0.98777071454498233,-0.14968362373681585,0.087014449140480163,-0.15301435736939814,0.98438564195116607,-8.6334219635804423,-2.7322248151991957,-0.45697658103904526,0.6529299784176144,0.3500986801022271,0.2620689655172414,True,4
0.6065413599079732,0.78697544458411661,0.11303640273211903,-0.79474025327108833,0.59616383909135673,0.1139149103079152,0.02226002137447454,-0.15892868394813481,0.98703908983733823,-19.643945806469102,-23.518022529812804,1.5335911882158371,0.5601987945559146,0.4245343167005018,0.425,True,3
-0.61214630052907082,0.76512567254714814,0.19964872140297901,-0.7866282374923409,-0.61495888941658505,-0.055150524088271938,0.080578674153050506,-0.19080951112770012,0.97831426838973501,-3.6038229799335637,17.193892340942519,-1.5708919444584903,,0.2186394201642964,0.1333333333333333,False,4
0.9936879788587033,-0.094365386280104435,0.060657848164220582,0.086463162349374525,0.98877943684067293,0.12181685777259518,-0.071472527786924533,-0.11580327781738141,0.9906973698453525,-2.5917710466298711,6.7480305268021459,-1.2616031617524273,,0.1033407313256328,0.4470588235294118,False,5
-0.71677845329011791,0.69258925551225448,0.080924483612849957,-0.69049089692278187,-0.72116208938112836,0.056103138113803137,0.097216100342471912,-0.01566409871091607,0.99514002323581396,1.8196499882662975,1.7233621052485864,-1.3748834258698472,0.2221756562397947,0.1762089583162492,0.6816143497757847,True,5
0.075014544303130315,-0.99718145394348812,-0.0014021605277534793,0.99425865768876698,0.074686926342073773,0.07662626602220568,-0.076305568302227428,-0.007142194671494545,0.99705889961493743,-18.517142519256183,0.32900331466900917,0.30335801413806063,0.3449339990083869,0.2966898527864689,0.839622641509434,True,4
-0.10174476635197932,-0.99449904728470029,-0.024892719212739778,0.99267537293908137,-0.10313315003658254,0.06292183503194354,-0.065142969538058926,-0.018308421924211463,0.99770797090451713,-14.998178908622709,-8.527315602387354,0.36318628957602117,,0.07133598840271166,0.3529411764705883,False,1
-0.096480572081656293,-0.99425958804749714,-0.046253332706063452,0.99188391216639127,-0.099908506938443345,0.078642196223310992,-0.082811859031729454,-0.038290492513841007,0.99582931980674116,22.915514473206294,1.6500881121448767,-2.817439434826631,0.285343607968978,0.306580379354856,0.3181818181818182,True,5
-0.91055255234072607,-0.41127269454294385,0.041818897034427406,0.41229030309857234,-0.91084939041130464,0.019237826234858271,0.03017872423872222,0.03475857751320964,0.99893998112628446,-8.2861968240082415,11.533148013137682,-0.99294599549450013,,0.1103116604143536,0.603448275862069,False,5
0.88920601235858543,0.44551958122031471,0.10404311767060266,-0.45686205414059938,0.87675771193220786,0.15024306324696568,-0.02428437917212567,-0.18113038761255668,0.98315921986804855,-8.2912098523149407,14.137515005640799,-1.0927425604276009,,0.1111686237199023,0.2142857142857143,False,5
-0.95822455221220104,0.27081769949423057,0.091997180274066684,-0.27040400647259505,-0.96259380365960812,0.017170976666923479,0.093206120084977875,-0.0084227547025803387,0.99561120744089882,9.8973410441639764,3.6484291041067514,-1.9997681844361865,0.5164400187742169,0.3406271377437647,0.375,True,5
-0.021734524177300308,-0.99792947296306234,-0.060534101549873612,0.99726077414893699,-0.025922145541990693,0.06927474802813699,-0.070700486579997182,-0.058862631288143452,0.99575932425219438,-9.4147973590566778,-14.91944890174873,0.25793928188806353,,0.6277282521228461,0.25,False,1
0.97504125849240419,-0.21129195955216451,0.068192756698611495,0.19956038427990308,0.96865244173153309,0.1479462745512613,-0.097314938542892887,-0.13064514899584373,0.98664160047113736,1.5010437908170833,-4.5288397865797663,-1.0809551020098536,,0.07826384745603775,0.25,False,5
0.94458817159430286,-0.32808349118792385,-0.010696209332012277,0.3197065625527285,0.91210368171640865,0.25662148713638483,-0.074437221501404249,-0.24582126964385093,0.96645279421492447,4.413701964331552,13.177592051450487,-1.9633120599524592,,0.2777390106532387,0.2,False,3
-0.9808143906532345,-0.19433051645729732,0.015452555159722839,0.18871924862002828,-0.96637953690654632,-0.17462999698958043,0.04886897060319724,-0.16836341948810907,0.98451286568051255,-9.8635658832363529,9.0958987831563594,-0.81000190436252173,,0.1387156674940367,0.1095890410958904,False,4
0.77191883551383644,0.62559944874947138,0.11298956192197471,-0.63570904274729734,0.76070876183606717,0.13113425424027084,-0.0039146325851785527,-0.1730534870789803,0.98490464830943303,-3.7129138491758287,-13.464704903878415,-0.24105741423816379,0.1940981967096231,0.1200896484723455,0.25,True,5
-0.67655806069460722,-0.73112116946423511,-0.087926253590154796,0.73494777739414319,-0.677870450390608,-0.018531513447160239,-0.046053827338887056,-0.077158849450224859,0.99595459582199652,-5.9488110150910583,8.0368953294458212,-1.0850870946467763,,0.4680512222862164,0.7432432432432432,False,2
-0.94208266749933967,0.32556453544474889,0.080548003438782254,-0.32379636384765875,-0.94549811576224552,0.034485183036758633,0.087385138074868918,0.0064067425958061475,0.9961539997876574,2.8610484999315231,2.3390481298171872,-1.4660129078152151,0.3399104383353627,0.2856015551430356,0.7054794520547946,True,5
-0.19976835601436907,-0.9791076515316931,-0.037958011636659225,0.97807759576044684,-0.20158321147165992,0.052234332811244163,-0.058794732814938529,-0.026691113968220964,0.99791320455656651,-25.162187981610145,10.403456306875171,0.51684803736236895,0.2132394832448022,0.2303900847988836,0.4473684210526316,True,4
0.34389695873303677,0.92859463445753831,0.13945209439388109,-0.93790780925281636,0.33250026585916376,0.098856029387028838,0.045429320011988988,-0.16478949620730482,0.98528198949488155,-20.447128079052309,-0.76204035357039857,0.5334267631138635,,0.1549026662964445,0.375,False,4
0.79298799598089809,-0.60756381396036274,0.045124829042747568,0.60100924479574758,0.79226144705555945,0.1054025008217378,-0.099789407755757203,-0.056462478473485879,0.99340528618705626,-8.4607941828497992,-4.7463524643687736,-0.36070086899258302,,0.07817517264622192,0.3043478260869565,False,5
0.91075704987302208,0.38037935342511853,0.16072692243205061,-0.40504730549652374,0.89864504555146885,0.16844513176641263,-0.080363402221380553,-0.21851459812490132,0.9725189427408174,9.3015196382397853,6.762086465049399,-2.0831160787237417,,0.1530160889144076,0.2777777777777778,False,2
-0.097530794063110077,-0.9952272466819414,-0.0032359961837370027,0.99307823944389662,-0.097532986920011847,0.065444073875877487,-0.065447341828600764,0.0031692150988464479,0.99785099164315483,-16.434560181598815,-11.103203718014532,0.66090943121723933,,0.07023639876050604,0.2105263157894737,False,1
0.64351214941254375,0.75756826170557467,0.10946434312067799,-0.76511939929685413,0.63252225784829552,0.1204487365899497,0.022009506538509083,-0.16126351782994175,0.98666593102176314,-9.1360775445130766,-11.252129607149962,0.052274430844257647,0.2041531879319494,0.2868354815154776,0.8188405797101449,True,3
-0.94139002739980315,0.32324419391371106,0.096426175975570724,-0.32489444587580191,-0.94574909662989171,-0.0014984201006975062,0.090710613222776973,-0.032738926751157693,0.99533901125391888,-3.1504218889258251,-20.150384084513433,0.01938331400572647,0.2277012835595509,0.1425333084055299,0.16,True,5
0.75769119595942336,0.63567129821869683,0.1477364280959001,-0.65260890212021483,0.73884264364534202,0.16796776120616064,-0.0023816882722866167,-0.22368180201375018,0.97465931432929698,-23.613456525229132,-15.343712659375756,1.4962663450246645,,0.3970239664196477,0.6923076923076923,False,2
0.50755454183642623,-0.86131074027032051,0.023069368352988402,0.85624938007361717,0.50719493657707415,0.097930053783921778,-0.096048873938009177,-0.0299517112293788,0.99492588106334345,1.1037291093094144,11.679238939264676,-1.689399187487828,0.4531313505380146,0.3784193366586944,0.9586466165413534,True,5
0.67478524544715768,0.72914605845048974,0.11406532327106975,-0.73796944232272199,0.66493551769033865,0.11516014723753762,0.0081224826690640128,-0.16188509122212502,0.98677618663772726,-24.243217071298861,7.1408927183592441,0.57147253501890516,0.4842497664299352,0.267027783653484,0.7419354838709677,True,5
0.30746106675797757,-0.94985824355821302,-0.056894723591503063,0.9471339739727711,0.2997226581225525,0.11447079782415308,-0.09167839317196412,-0.089082239264953511,0.99179606112998309,9.4651657690997322,-5.2729039288619735,-1.5889370052687113,,0.1216489139013622,0.2352941176470588,False,5
