axis_00,axis_01,axis_02,axis_10,axis_11,axis_12,axis_20,axis_21,axis_22,location_x,location_y,location_z,dbh,dbh_approximation,score,reconstructed,number_clusters
-0.27669832103120584,0.9518893309018559,0.13169943376389429,-0.95742908817652506,-0.28481378571570176,0.047017534811593459,0.082265304059371422,-0.11308319584053574,0.99017403044440189,-0.10070969535880195,-6.2077791380408005,-1.3392325674207548,,0.06902730242293859,0.1891891891891892,False,3
-0.55867478122326131,0.81286581895448096,0.16471687588284045,-0.82464785416990016,-0.56561775525156954,-0.0056983819769992894,0.088534769656454543,-0.13901696054668067,0.98632442900003348,-4.498192816639361,-23.000217516741937,0.29906136532662653,,0.3312327319793371,0.375,False,4
0.77406858056105454,0.63178955093563316,0.040740592984711194,-0.63144352440027374,0.76578648097742785,0.12186115478350401,0.045792008922471983,-0.12005427472922098,0.99171067506510469,3.9010445202175332,-1.3511571074177404,-1.8997305716573571,0.4911027471236065,0.4199278542210833,0.9686888454011742,True,5
0.98574244217645479,0.1568482100273477,0.060913682397439758,-0.16719479666509637,0.95375052502593438,0.24981160097335753,-0.018913954111084045,-0.25643434837004964,0.96637657634894669,0.42758899293382452,-18.372563356479912,-0.38461861680300269,,0.2161730979528994,0.3125,False,3
0.58145309391319688,0.81318534109961349,0.025335757329852306,-0.81093794897270532,0.57677621003112789,0.098533478869219954,0.065512918533017578,-0.077838323227279127,0.99481116446411721,-0.82406692288938432,-6.6810146414277787,-1.2867435627283661,0.2724399037121484,0.2335923194075136,0.925,True,5
0.70681995561125055,0.70634709533600704,0.038462075608270425,-0.7053242029586605,0.69955411429251391,0.11463773330429722,0.054067726699398841,-0.10815647038805676,0.99266251004193595,6.0263082094614369,14.312658472040226,-3.4246416034681006,,0.5859572695911955,0.4137931034482759,False,1
-0.17513147335082987,-0.94512148014816966,-0.2758157986854643,0.98103596257376358,-0.19115105627962736,0.032089154244887466,-0.083050630213966539,-0.26496539669495672,0.96067472714511815,5.5955304015390741,0.18435683633158387,-2.1018394564572076,1.065154769290752,0.4630925488672873,0.36,True,3
0.40308262877391521,0.91308680924152719,0.061618772868646574,-0.91266273403089948,0.39609466888878941,0.10077572718231528,0.067610119745154768,-0.09685810274317852,0.99299918410894894,10.450498962717443,-17.652909096240403,-1.0611444051051659,0.7737615426170753,0.6464957183854884,0.9272727272727272,True,5
-0.95208715913955833,0.29837374849174636,0.067105496142644605,-0.30360993354575866,-0.94852324222902729,-0.090136935845826646,0.03675662734672943,-0.1061921144074211,0.99366603302305534,-22.029771913580429,8.0387709666150791,-1.6755126714322306,0.7508591415443846,0.5829945531460008,0.4642857142857143,True,3
-0.94241606799282007,0.33402319150980142,0.016747009361653714,-0.3323648226106945,-0.94095907047445415,0.064262371437828009,0.037223372763820262,0.054995774614586282,0.99779250613272663,3.565525385073177,-7.0311647275249003,-1.5001919450825332,,0.1343301875451613,0.6086956521739131,True,5
-0.26099768631696152,0.95653578833315001,0.13007495291204513,-0.96303804601763732,-0.26729964354792934,0.033295982966116508,0.06661778786272482,-0.11657695397044689,0.99094494506165565,1.5611965473647058,-9.5501382172880014,-1.1249299006022548,0.9729012167502207,0.3146484990491482,0.2903225806451613,True,6
0.82819117784664198,0.56023368137172525,0.015414123188752779,-0.55882869700489513,0.82340156516609275,0.098591834782814039,0.042542453394286785,-0.09026674215188385,0.99500857027489065,13.031005030325055,-9.3369099653726302,-1.8804744129527133,0.4286219251379915,0.4027306573134172,0.9090909090909091,True,5
-0.93592059353951074,-0.34733231440804863,-0.05842008179214711,0.35213397879753727,-0.91928403679450266,-0.17583663062917768,0.0073690952543954587,-0.18514081954759373,0.98268437118557006,-0.080375005751363818,-7.6258349366520903,-1.270354336817294,,0.4444501350673405,0.2166666666666667,False,5
0.73678213726860187,-0.66600883218622298,-0.11655178098963329,0.673404859803589,0.70736552827564458,0.2148485610848444,-0.060646327133808423,-0.23678311776235786,0.96966787001937793,-21.173630599507504,-4.9804049392391256,-0.60708724137490921,0.5901455149544662,0.3533925571098587,0.4666666666666667,True,2
0.18587962499793279,-0.97497035787532182,-0.12199002530983624,0.97739071291441604,0.17073492809078075,0.12472761778565747,-0.10077777195035142,-0.14241624062691188,0.98466311756174763,-17.771303769538061,7.9949275011286396,-1.7616107454139551,,0.551544898797698,0.2666666666666667,False,3
0.86562978004529278,-0.48766366094009561,-0.11344266259763824,0.50067805917940134,0.84194743106702363,0.20111192002461559,-0.002562216830411173,-0.23088671923292367,0.97297726485605551,13.854210483177617,-3.9110378148513014,-2.395528757952234,,0.1839879931329119,0.6363636363636364,False,3
-0.96442500301620093,-0.26156735757065974,-0.038300535384053147,0.26432950438998182,-0.95622588964082067,-0.12554664905750923,-0.0037850582755123291,-0.13120428893189981,0.99134812649226667,-1.7712001432279607,13.292840184666836,-2.8293633311581057,,0.2282382083333795,0.4545454545454545,False,5
0.45196639554695195,0.8857838440855319,0.10541991677740306,-0.89069396918748822,0.44164685287452032,0.10776043150929557,0.048894074787585569,-0.14260097791772028,0.98857186412904519,-12.992177050031666,-7.273727241995112,-0.6411229110934048,0.3726266753932885,0.4718684509217738,0.7676056338028169,True,5
0.99961257048977148,0.024590438798381777,0.013039142553665777,-0.027403685518033523,0.95151660478598399,0.30637426268631296,-0.0048730830959973978,-0.30661288481773918,0.9518218278253987,3.9809046346505812,-3.4740886713017791,-1.7017447644680432,0.5074984472499289,0.4167288344565472,0.2869565217391304,True,3
0.18930020994207636,-0.94231023478256193,-0.27607399721798981,0.97871190461187452,0.15836451103765026,0.13055148185602006,-0.079299673939321066,-0.2949103305546259,0.95222867980610504,26.694327276664598,9.8587174615707358,-4.510249023344354,,0.2973912765545289,0.5454545454545454,False,2
-0.057402257806568775,-0.99420099671227191,-0.090936015610066728,0.99494524669323603,-0.064486066584129156,0.076977290800883974,-0.082395005195975354,-0.086057686192654151,0.99287720175554572,7.6265276036033782,-15.834220270949222,-1.0160230949997413,,0.243288922174774,0.6976744186046512,True,5
-0.43056132907481603,-0.8993785861157676,-0.075730447917132168,0.89969851135030132,-0.43435978053321278,0.043291681986143721,-0.071829872472238834,-0.04949484712109703,0.99618809947172116,5.8159482638298572,-8.1005805265587725,-1.5107633391077262,0.3145908685622543,0.1206366943848912,0.5,True,5
-0.0066408729325624491,-0.99404027416420071,-0.10881099276385689,0.99681386528403526,-0.015229879688488481,0.078295394131309107,-0.079485953376659119,-0.10794435651870232,0.99097426763340735,9.2936037890482606,-15.606021513572772,-1.1665100514407944,0.3494413732888371,0.3724187749908978,0.5652173913043478,True,5
0.898784355739493,-0.43835441450585239,0.005664729576552497,0.42000170583196567,0.86471414805945046,0.27544148061622303,-0.1256393607759253,-0.24518329761435526,0.96130115031386842,-8.4625947663871361,-12.576249199340271,-0.4358179768295587,,0.5012350707508981,0.5369458128078818,False,4
-0.25700026926767472,0.95848133253339585,0.12354916746520778,-0.96225309355054045,-0.26564142537720586,0.05919135980849459,0.089553590373334616,-0.1036733731898872,0.9905715451912962,-3.610619896090534,-12.641312319555126,-0.62489191327865345,,0.172441912220934,0.22,False,5
0.90796882423361702,0.41727313673923905,0.038415408049648263,-0.41829325539700002,0.89707676421106297,0.14242201937197319,0.024967312815053825,-0.14538365956463928,0.98906027360438942,10.522040860073993,9.7225917808325821,-3.2616484690491157,0.9865427502598434,0.7144588029419692,0.75177304964539,True,5
-0.99293507132817027,0.11819942002272368,0.010432700168924535,-0.11860548180584599,-0.9912830955158255,-0.057363439839041838,0.003561433998556858,-0.058195546658279265,0.99829885031338139,9.1976246763606788,-4.9415274067048331,-2.005010001764032,0.5253147215120376,0.2195301146130745,0.25,True,5
0.73154281231043417,-0.68101576840648848,-0.032598112501503226,0.67826137936621755,0.72205664462261254,0.13636606328764514,-0.069329755640537657,-0.1218676541911513,0.99012204290419115,-2.4620572927030686,-15.955100697335437,-0.39772240390876012,,0.1174493541874958,0.5135135135135135,True,7
0.80374807731376585,0.59381951104838038,0.036978595331475329,-0.59219669767561134,0.79246153805923103,0.14597185331049339,0.057376820028012171,-0.13922319848021847,0.98859739101841271,-0.53890726553379775,-9.3578175983715433,-1.0461093427724855,,0.1079070943186958,0.1923076923076923,False,4
-0.18044160479873361,0.97877568627036948,0.097154429768417233,-0.97933643707670337,-0.18795509624686346,0.074652694584602039,0.091328912571908089,-0.08167642108222517,0.99246561248621257,-21.62285622241194,-15.930298755523335,0.32937791518848042,,0.2832827795891564,0.8933333333333333,True,4
0.13508187209774297,-0.96049363580997849,-0.24332049523025856,0.98729915055174744,0.10975219164215982,0.11486881103912056,-0.08362580433315768,-0.25574681229347096,0.96312008225940393,-16.586934908215778,-1.4466963720440069,-1.0155839029536387,,0.5486092819087218,0.5280898876404494,False,1
-0.57409154589951639,0.78690777907613296,0.22626321874350599,-0.81555898593514886,-0.57408802646730028,-0.072708172355743006,0.072680378281456029,-0.22627214830011344,0.97134879292482568,-10.372403707666164,0.32929062947702292,-1.3532200399711105,,0.1064174545188788,0.4147465437788018,False,4
0.96654356479176218,-0.25303360128676367,0.042042050134167425,0.23473876565469604,0.9386434822093217,0.25267790802693557,-0.10339849737081491,-0.234355307014392,0.96663661259836808,-7.7276331597695824,-8.2030676486067282,-0.81736389652662278,0.6198881281780059,0.2371193071637017,0.1702127659574468,True,5
-0.64306481960872575,-0.76545940267798451,-0.023228013980128824,0.76358127870478798,-0.64321011246547077,0.056783642307609447,-0.058406066407171206,0.018779086080549817,0.9981162644365742,-12.85926981956432,-8.7543921341581328,-0.53663200756641138,,0.07281638188972038,0.1290322580645161,False,3
-0.92695363643266082,0.37399963457532898,0.029685505584129496,-0.37136663536655784,-0.92591193892992218,0.069093440235324988,0.053327085433080283,0.053022209351843895,0.99716842472806999,17.108457432606968,6.8939160745971355,-3.4935932718201537,0.5292559184870318,0.4489736430088485,0.8913043478260869,True,5
0.81735606932917926,-0.57542623846103502,-0.028525427627610147,0.57415843301709157,0.80946043162509518,0.1229467503786594,-0.047656581141664114,-0.1168693874541079,0.99200322406229557,6.1020747483356956,-11.770287403502383,-1.1825525973740647,,0.1156434236291287,0.4583333333333333,True,5
-0.89630324136572137,0.44183656336659216,0.037695500921246329,-0.44255743348086823,-0.89664374989350626,-0.013149290769510269,0.027989597855831931,-0.028468176079854864,0.99920275488138932,-11.653660328276954,10.042749463627137,-2.1195724757589343,0.7053441205413398,0.4960300933892682,0.9375,True,5
-0.87300147407370621,0.48316306582796192,0.066497203586786222,-0.48735473107304017,-0.8694638773375003,-0.080733711087540155,0.018809369097943437,-0.1028883755580106,0.994515052580489,3.8954595425816896,-15.839570428106121,-0.78266072461224823,0.5497886427623536,0.3272546297570954,0.6363636363636364,True,5
0.31690672625753397,0.91834092924390887,0.23710770659800881,-0.94795868765387548,0.31478335346913705,0.047809694417212147,-0.030731959818327423,-0.23991952412040027,0.97030622413316825,16.77317694935191,5.3337256066112202,-3.3523751620190612,,0.4471685267391518,0.4054054054054054,False,2
-0.89131320840818185,-0.45231381716981889,-0.031192552226150905,0.4526622521374225,-0.89166916257667839,-0.0047947888047721876,-0.025644687695311651,-0.018393349533824772,0.99950189328782013,-15.801143868053728,8.9602494462994358,-1.9201785334388048,0.3550942187956311,0.314970744155064,0.4545454545454545,True,4
-0.39804560892322632,0.87680861806888355,0.26975236884423037,-0.91459412668968987,-0.40213848479508973,-0.042452590868328907,0.071255011344201744,-0.26361199958811649,0.96199347036842875,-19.616058262116347,-1.1576261015088418,-0.95387836563713368,,0.3744687558439208,0.2337662337662338,False,2
-0.32404182640200024,0.9323329627850836,0.16047473709729054,-0.94160817801545627,-0.33425381027693951,0.040600854791019728,0.09149280756687786,-0.13794794967572463,0.98620455755578151,-7.1684444222187356,-25.941086882930783,0.67196742392401732,,0.1166117081889289,0.1052631578947368,False,3
-0.99896902411729105,-0.044317735469966119,0.0098400801298708443,0.043295116515780108,-0.99525804114191119,-0.087103182652826017,0.0136536346821348,-0.086587353956456378,0.99615069562530889,7.2159069619196705,-9.9184254628268693,-1.415112500323999,,0.3200389964057874,0.2068965517241379,False,5
-0.041350246811289307,-0.97769469090800232,-0.2059204906242989,0.99637653755779887,-0.055681323859236687,0.064291411382980279,-0.074323297107826591,-0.2025158797319096,0.97645448739991603,-1.2699871122372344,10.89540242544496,-2.6504670397732495,,0.5389375266185674,0.7111111111111111,False,2
-0.58272674118994061,0.78265479380620584,0.21881731840582869,-0.79868967576874061,-0.60127814035018579,0.023651633293424408,0.1500811344659162,-0.16098469389723988,0.97547915477894009,10.228733557201149,21.605325719327745,-4.2633466039365233,,0.5707240769857552,0.8148148148148148,False,2
0.55803767499214485,-0.80909117439501221,-0.18429711013866412,0.82747984298548682,0.52591712889659148,0.19669337300956885,-0.062217865135963127,-0.26226445632084305,0.96298820979732491,14.245606992171515,5.1812357708669081,-3.107713148526476,,0.6533346972087487,0.1636363636363636,False,3
0.083156620358026179,0.99492652838466389,0.056623136676386576,-0.99327722692596609,0.078159044735551853,0.085390363603218361,0.080531527744697184,-0.063343246226157834,0.99473730511961733,-6.2778521300282941,14.219157210956336,-2.7472259330273983,0.594383908797681,0.8259942465323038,0.9415584415584416,True,5
-0.90482861607205622,0.42530553451053515,0.020009444066168187,-0.42379308099221685,-0.9041498869665836,0.053966715681426525,0.0410438794493573,0.040350764714236424,0.99834223377894027,-5.9813110326794323,11.342392081182229,-2.4658143519326017,,0.08200641728687312,0.3333333333333333,False,5
-0.92877571083510657,0.36840386199701969,0.040672760275444315,-0.37046176452104179,-0.92614126877167013,-0.070855001982621596,0.011565465433741696,-0.080876107372214762,0.99665706000891741,0.36667953386046448,-14.616384458405644,-0.64195320582060467,,0.1622013498383287,0.4736842105263158,False,5
-0.89083489739497601,-0.45154083867017902,-0.050239990011096573,0.45322284326822176,-0.89092487300592993,-0.029015943879832612,-0.031658173086148919,-0.048618326507605197,0.99831559058468489,-2.4236003732049722,12.377633251502955,-2.7440381495910016,,0.5362261082951764,0.1875,False,1
-0.38872536749476089,0.91438110783505056,0.11313610520259128,-0.91833578905179247,-0.39445048447735037,0.032683234879807621,0.074511524026074138,-0.091192131951897348,0.99304180569469613,-15.723854511913139,-12.040622946421379,-0.18134275538466313,,0.1080022225561802,0.25,False,3
-0.64358183029714799,0.72881760765917381,0.23372488630296434,-0.76231671863807182,-0.63767120046692261,-0.11067366705751755,0.068378711572078338,-0.24939994960110623,0.9659834454806715,-26.254038846551751,-13.726552741844284,0.26195512951529248,,0.2994523596829384,0.4666666666666667,False,1
0.50365478732310021,0.86233117001799797,0.05212301240252519,-0.86145625470154219,0.49677271377556048,0.10540394719201582,0.064999818785246619,-0.09798889765405136,0.99306253554065227,-15.390458667517532,-7.6682208087884618,-0.52276541317826197,,0.1219592847635683,0.3932584269662922,False,3
-0.84473789469668426,0.52765726962900661,0.089418650577369863,-0.53282897079920144,-0.84484906927135028,-0.048201016881383785,0.050111646754818356,-0.088362073080012704,0.99482710402387264,-5.2485384107661961,-24.487571112541449,0.46014773564866507,,0.1882645107355755,0.2222222222222222,False,2
0.6017205319250114,0.78031899582475095,0.17039561677148535,-0.79240330232889367,0.55647849590837817,0.2498573393955329,0.10014693164618955,-0.28536634059854149,0.95317188572431766,-0.028068369772451973,5.5339576133394157,-2.2140474610878349,,0.5427736547696085,0.3900709219858156,False,4
-0.98779685867322087,0.14703653908260986,0.051357785874442757,-0.1544696741680123,-0.96705280522244497,-0.20235610115296271,0.019911950124111382,-0.20781994150227265,0.97796440945273999,-11.284959651434477,-15.026236990137564,-0.085032029989053487,,0.3548567140312164,0.1333333333333333,False,1
0.64532432654090666,0.76248280824803882,0.04665276734248093,-0.76169718281991727,0.63761136799630036,0.11519177525366039,0.058085413476435435,-0.10987133624414053,0.99224713363818817,9.1190856163196639,4.446749319290376,-2.6991825222289996,0.3440123631851189,0.2893194477016651,0.6951219512195121,True,5
-0.94027907423253931,0.33913862662696231,0.029330095294368794,-0.33930318375817614,-0.94067682659192986,-0.00067631686483529685,0.027360775792440842,-0.010587721308865197,0.99956955140976622,-12.762435940925227,-11.098278773764584,-0.36497344702613432,,0.4657251014175411,0.9166666666666666,True,5
-0.53492850591915331,0.84480513820587178,0.01248086599803788,-0.84160625718114968,-0.53408925974422383,0.080296765186426478,0.074501016292662342,0.032449053712328049,0.99669286015529135,-1.5884570555384949,-7.5701014592160041,-1.1839976015190072,0.3407722734399245,0.2697674966501163,0.9147465437788018,True,5
0.93428220415645413,0.33717700953653951,0.11588109093615706,-0.35584522419669706,0.86165053230909783,0.36184601225915236,0.022157152636564269,-0.3793020226830387,0.92500758709082787,6.9846864365858021,3.5634372596060375,-2.4824833395454773,,0.4250510125480675,0.2253521126760563,False,2
-0.13332616025819985,-0.98149443894165389,-0.137451086999752,0.98836075204672913,-0.1419284770158292,0.054766150363082682,-0.073260895465653134,-0.12854949917668215,0.98899336067386967,-21.920633599380391,-11.907918605428666,-0.0075843965438007616,0.5597945545121871,0.3916452481334283,0.8066298342541437,True,4
-0.8098684562704731,-0.58632445061944127,-0.018349990296732867,0.58518088282941882,-0.80968132201800991,0.044491472735217974,-0.040944082711202853,0.025294176819517442,0.99884122197172065,-18.491771263007486,-3.7428879076431212,-0.79610296510903455,0.5994218204221953,0.4503389442061009,0.9289772727272727,True,5
0.90162285980985413,-0.42793304881178101,-0.062845241689040196,0.4281274047060174,0.86232640885913359,0.27037028298945887,-0.061507267928188829,-0.27067779797900665,0.96070306842085484,17.060458087688637,-14.826311659723027,-1.8139528498398576,,0.2559258208118146,0.2121212121212121,False,5
-0.8903992785554512,0.44328483463268026,0.10338123684987836,-0.45007729875669755,-0.89132223626562745,-0.054544443184585067,0.067967270739729649,-0.095095880684282805,0.99314511708263142,1.2543277607707444,7.3197650337509774,-2.4755192136397124,,0.5903238786706262,0.3097345132743363,False,2
-0.10641984721912236,0.98954598896360213,0.097332172707205955,-0.99024551527959692,-0.11432865549659145,0.079641559508759577,0.089936842208875961,-0.087907304920515031,0.99206031578483533,-5.3602582257504814,-17.464515653268776,-0.15001375543075077,,0.1826463688379519,0.2222222222222222,False,4
0.98662388394541878,0.16227383461739317,0.01550852111017033,-0.16281069229395123,0.97618759338580763,0.14335431976187729,0.0081234292772175837,-0.14396174880221901,0.98954991020088789,-14.582942839896376,6.0997104336974735,-1.7132004943873091,,0.06833615048146645,0.2195121951219512,False,3
-0.82122844111084459,-0.56894016905123534,-0.043484842768531672,0.56968375780451719,-0.82184197195047493,-0.006015748854377001,-0.032315067760667351,-0.02971291268971011,0.99903597493539598,-3.9900385559791358,-17.062025462674555,-0.26093922308943707,,0.1624330661678531,0.2083333333333333,False,2
0.8596047992226965,-0.50150214793908543,-0.097852873058436943,0.51095886109142419,0.84339555858475634,0.16614744666007,-0.0007946228423760561,-0.19281993510005582,0.98123383614842186,-3.2234757208134197,-6.6998932830238713,-1.1717461563845328,0.4863637020190935,0.4896736092235895,0.2101010101010101,True,4
0.20454043515028486,0.97770312026659778,0.047537553675925395,-0.97556347086685846,0.19963028839400312,0.091780511362355835,0.080244156788768797,-0.065148726592977269,0.99464391554192555,-10.187155218761692,-10.168502375291171,-0.52828978378705904,,0.06262049993381927,0.2368421052631579,False,1
-0.98479616346363197,-0.17351172208420942,0.0083784680391894538,0.17368762345750477,-0.98434004914803153,0.030121040834188234,0.0030209079753721717,0.031118321654981424,0.99951114259540952,-5.8281929703107149,-14.506819258487711,-0.36142558624452448,,0.07948351559817712,0.3541666666666667,False,5
-0.50374019468550857,-0.86311355770060716,-0.035788304955770421,0.86107936632513549,-0.50500893745768549,0.059230887018204587,-0.069196395479170503,-0.00097959239521973676,0.99760257580432798,-3.6801583596183343,-10.992651489230035,-0.75792264442394919,,0.06999791108263777,0.25,False,5
0.89287374758754112,-0.44805141744845406,-0.045015532779386587,0.44993865707427849,0.88363134090189766,0.12942510670696716,-0.018211966922211373,-0.13581450842360748,0.99056687990386527,-15.931663612330997,-10.778385588128849,-0.2563712002599734,,0.1344625489887008,0.2222222222222222,False,3
0.30988454540168153,0.93955720376497354,0.14561534731798881,-0.94956434509736631,0.29811509064264574,0.097236553059731626,0.04794917143188332,-0.16840324695347292,0.98455128021577631,4.050011852744122,-10.844380621218528,-1.1507073484916031,,0.197785256253375,0.2432432432432433,False,5
0.050667460686124467,-0.98986853187756063,-0.13263897627087085,0.99323640820634174,0.036050489368640123,0.11037119021578259,-0.10447126801655525,-0.13733408832058472,0.98500005195135332,-20.288336146848941,5.8228334558276895,-1.5087991065434192,,0.3965669757221613,0.4,False,3
-0.49853449607806016,0.85457387950459784,0.14548828368173253,-0.86474388552250814,-0.5020047532859564,-0.014465134971437407,0.060674283445546498,-0.133021472502629,0.98925422373705441,30.886290615760117,5.7771079449564207,-4.5238317899843681,,0.1819240333694434,0.5833333333333334,False,3
0.43174427102056334,0.89875573383559748,0.076387272097895351,-0.89897265975795448,0.4218232436623045,0.11795468669756071,0.073790524111364927,-0.11959632939119694,0.99007660135341091,-1.6497968979557582,14.641956962271708,-2.9936485402133837,0.4740663578233277,0.2394341088841492,0.2857142857142857,True,5
-0.35565657561858938,-0.90752173755728427,-0.22341149496001461,0.93128777010937958,-0.36427334598180849,-0.0028317224298176763,-0.078813003140094332,-0.20906751366060591,0.97472010611652715,-6.8062984530999495,-18.839481387011503,0.035593703831543096,,0.3647153001225443,0.125,False,4
0.99013535279948994,-0.12088768631938721,-0.070838904797978192,0.132341554046979,0.97292975211816368,0.18945556343301434,0.046018433361666056,-0.19696158188752408,0.97933060763528879,-9.0469687414377962,-17.072637531183975,-0.0075144820681465234,,0.308646125066345,0.25,False,4
-0.88606979585902446,0.46251278670117146,0.031019977502624467,-0.46212808975606107,-0.88660901449404372,0.019028506938652434,0.036303519454187999,0.002525382311069942,0.99933761908547303,-23.135024111048303,-15.241792580777641,0.31500544186821566,,0.1807741390955788,0.4814814814814815,False,2
0.64621255883297291,-0.76124959989843255,-0.053929356208075555,0.75732118105944402,0.63094465718884374,0.1684442586839367,-0.094201685363215659,-0.14969263916214517,0.98423480748010594,-19.642201094203415,8.9344362507274617,-1.7927500983038145,,0.1327083704166538,0.1764705882352941,False,2
-0.86159237710320224,0.50153664931551067,0.078227649274565506,-0.50528840194906599,-0.86211465691166778,-0.037973006120625291,0.048396348761172533,-0.07224477649940117,0.99621206863555867,9.3018279774938613,-12.455217169091705,-1.3349592774464794,,0.3412930780339705,0.28,False,1
0.12242909728368452,0.98962785339882542,0.075152032012024278,-0.98800933674511371,0.11435110788911562,0.10373704559612934,0.094067351630540225,-0.086951342150458147,0.99176146197331705,23.18061196133992,-2.0622660445698884,-3.2520902633563589,0.3073670191918587,0.1815936762472154,0.1666666666666667,True,5
-0.60233444662014302,-0.79817665523507453,-0.010355744905979233,0.79597010478745045,-0.60154668691744428,0.067625259654239905,-0.060206367598978565,0.032490159993415646,0.99765704668695687,-1.1120146921175915,-14.672847176335544,-0.57582788238094762,,0.07174591879330086,0.21875,False,5
0.054198624691580911,0.9654412007443075,0.25492311975756871,-0.99385995382897552,0.02749469662431114,0.10717478170075628,0.096461916094429861,-0.25916660580199696,0.96100352193967742,22.466662427104993,-19.281313697248482,-1.8711731739449318,,0.5449663156851066,0.3214285714285715,False,4
0.024780977772836728,-0.99968473610983,-0.0040412287292909618,0.99619194640503772,0.024355972960340609,0.083716142403349875,-0.083591321668968557,-0.0061004073778253461,0.99648144788122373,8.0593235446874125,-5.1329677986817757,-1.8765171649055969,,0.06621452809488404,0.5,False,1
-0.56947841835090329,-0.80966158725965276,-0.14192408234240445,0.82021991973180797,-0.57108359916955398,-0.033208523524764139,-0.054162849885326415,-0.13532049687954892,0.9893203469132591,-14.365132473779282,8.7079845734240973,-1.9252357446146982,,0.3870995540744877,0.3,False,2
0.23332495730621666,0.96368065989041962,0.12991939828685589,-0.96968776121043088,0.22061851792987242,0.10503863720141149,0.072561078111859592,-0.15048938600311007,0.98594514788787924,-12.621648185264956,4.2659234598544096,-1.6290624376406526,0.1591361845671896,0.186028401720349,0.2440944881889764,True,5
-0.74185273040644395,-0.66934704637418063,-0.040361589397171369,0.66820732964289109,-0.73286583367748559,-0.12808838526471386,0.056155952489667919,-0.12199262821320708,0.99094112219728447,-12.540819436895795,5.7018493014422376,-1.744173490121486,,0.5518133053168043,0.3255813953488372,False,2
-0.082364488871907324,0.99378740488752182,0.07485108455990637,-0.99310037625379044,-0.08813397199670446,0.077356613580636363,0.083472951651713173,-0.067963202301016545,0.99418975526583553,8.1009541622807912,-8.6169289938235973,-1.629710457961391,,0.083667397772263,0.2857142857142857,False,5
-0.72730969129120171,-0.68287882024591307,-0.068535609820363733,0.68156763571969681,-0.73039267690384135,0.044632896664964804,-0.080536767338661469,-0.014249715253045272,0.99664977535834887,-10.038857406281025,-15.893065836109596,-0.062383982933453576,,0.1480469612556711,0.3043478260869565,False,2
-0.39506622557748078,-0.91841485750224383,-0.020900404950558435,0.91567672871826067,-0.39551429535470628,0.071446278096875246,-0.073883732254055451,0.0090879969852772462,0.99722545215162228,-18.151130928842647,0.95687293599137946,-1.1770995521005625,,0.1247817529332128,0.3968253968253968,False,1
-0.96641892929103335,-0.25647734066934291,-0.015931943734315845,0.25693987607046886,-0.96541597397910328,-0.044202910208155477,-0.0040439081176113119,-0.046812080803570147,0.99889552801980996,-6.9427441133615737,-19.975261672180281,0.13647442704998602,0.6464955057953253,0.476882199839892,0.4285714285714285,True,5
-0.38483422171704079,0.91732184102199166,0.10209437682587477,-0.91960008041246399,-0.3905352828689182,0.042636661922388679,0.078982997542696748,-0.07747795053121978,0.99386058040383718,-26.43469613480746,-1.9450009040505045,-0.71771911658959808,,0.1473610234442856,0.5087719298245614,True,3
0.42035467303931712,0.90405833526814661,0.077333532740954072,-0.90512713442669535,0.41181917378261268,0.10559279629560524,0.063614616076243038,-0.11438310424705914,0.99139784450253787,11.407261288062797,-14.923965641248984,-1.3332666095635097,0.2434225353640287,0.1731419277746594,0.3076923076923077,True,5
0.90440627993931477,-0.42645209541762941,-0.013707338189600422,0.42460579643956065,0.89640325118647846,0.12716575361408694,-0.041942799575818937,-0.12082972141085746,0.99178676134919164,-27.249271328736437,5.2783961378569426,-1.3002467804376285,,0.3796951159603193,0.6896551724137931,False,1
0.84328818847744402,-0.52030781506284396,-0.13470266797268504,0.53515708116262684,0.78968836744810744,0.29999863466129273,-0.049718504160199475,-0.3250723917863087,0.94438128446216041,5.2049351440042466,11.036414864037194,-3.0369157461551626,,0.6287327982784603,0.3505154639175257,False,3
0.10584258196169487,0.99337126658297148,0.04484277612978621,-0.99084875486056445,0.10156042896186876,0.088905704318402917,0.083762120525640901,-0.053842418188872442,0.99503010063445985,9.8613370700070302,-3.1071048109122907,-2.1511606707100817,,0.1085481549405424,0.4615384615384616,True,3
-0.36494719974320272,0.92468585641275491,0.1084878258137984,-0.92696079023424693,-0.37175779875947934,0.050396750190929186,0.086932357427458529,-0.082171807888816589,0.99281949981876783,15.046189356667821,-15.003508372672133,-1.6405617180320371,,0.2722917652227206,0.2941176470588235,False,2
0.84375331678145471,-0.51685177706014462,-0.14472242732232687,0.5353985587703094,0.79149644108558326,0.29475713225557865,-0.037798461436559239,-0.32618648699574887,0.9445494439225518,-20.553542236333048,-3.4714229115636406,-0.76432823529916449,,0.2868524397725135,0.2,False,2
0.1443725568257149,0.98669246695255619,0.074796660986216443,-0.98580258679500166,0.13686929902766601,0.097262813304779566,0.085731118643645299,-0.087776822924714032,0.9924441569445378,15.438134013306415,-7.9366927229094308,-2.1865568982278876,,0.09241153377027408,0.4615384615384616,False,4
0.0022038333916165058,0.99735415686804829,0.072662431120961074,-0.99552134703510164,-0.004679287127957104,0.094421141008740633,0.094511325859921919,-0.072545089771813981,0.99287704134711485,27.547384883085336,6.2232858276777732,-4.312328385139085,,0.1155701436305932,0.3809523809523809,False,4
0.46544697566303844,0.88388863866536971,0.045825618210901864,-0.88225803110031431,0.45921470729241171,0.10364660710965007,0.070568260607219893,-0.088672019513626743,0.99355794675008613,0.19270265589673341,-4.6937996954681278,-1.394705407284194,0.2202765579582707,0.1126182490277038,0.2617801047120419,True,4
-0.76332531898406075,-0.61381489797575384,-0.20140935534601428,0.64418741307578264,-0.74665808030222458,-0.16590445429260758,-0.048549296932223526,-0.25638444208339117,0.96535484855309805,6.6904918889247833,-5.1701218838417038,-1.8046228440462004,,0.5790188957635214,0.2068965517241379,False,1
0.72958071075939557,0.67204349488973802,0.12676563991951706,-0.68278073340964474,0.70519461609573653,0.19107857942264717,0.039018669536587933,-0.22596038238146104,0.97335473955882146,-11.846948429386709,0.72592925077656245,-1.3249226249524648,,0.1979239461294505,0.3815789473684211,False,3
0.68015918025559552,0.73166428322464239,0.045286489899385975,-0.73082533461176546,0.67196173820723737,0.11984053018536542,0.05725224714924057,-0.11460715090638515,0.99175973963328601,13.266808962244644,-7.6716732337184474,-2.0650592605724016,,0.07632947956578948,0.2222222222222222,False,4
0.36529305926768463,0.91122866325629881,0.19032420789535529,-0.92690166759136527,0.3371320690067332,0.16490987436653115,0.0861062103869496,-0.23665225819201033,0.96777137239402777,3.7645531808636763,6.2938708030940775,-2.5200726188450098,,0.4196593096605341,0.3733333333333334,False,2
-0.36575429520948982,-0.91024746423329417,-0.19409623745108354,0.9276769070402886,-0.37337278604036678,0.0028842310272251259,-0.075095616915858338,-0.17900367734019457,0.98097825246980586,14.691646357788061,4.2810764831053509,-3.0878673928046263,,0.4690034774691607,0.4864864864864865,False,1
0.98290335878323198,0.18120119036624205,0.032666740004167236,-0.18396929439820561,0.95927742683748563,0.21434112316277548,0.007502400367165471,-0.21668628699091849,0.97621245997929229,-3.0627303801453869,25.34421751664015,-3.9816314129583632,,0.383089062661903,0.8214285714285714,True,3
0.95184316484347697,0.30514199840010864,0.029714480529567898,-0.30600227275944386,0.93958543167934161,0.15343345672310335,0.01889969859042288,-0.15513728561610735,0.98771211595528052,-9.3696213151324965,-22.511327700724756,0.46905128848686511,,0.6251384173915779,0.8888888888888888,False,1
0.68711755464860835,0.69305790380118482,0.21803717130898684,-0.72420992044276977,0.6292914112319018,0.28197927385188909,0.058219045217126203,-0.35165759159794829,0.9343165850211248,-14.740953656080208,-9.2417426660183981,-0.42062155455735117,,0.2181500129207067,0.2368421052631579,False,2
0.96450733350941575,0.25849658493808858,0.05389915752497286,-0.2636578808137941,0.93157120775032232,0.25031901001598861,0.014495705961952422,-0.25564545852792114,0.96666192334378875,-4.0486553483863164,-15.577231859296662,-0.3577927173893049,,0.2911426681086938,0.4,False,3
0.93197118038324045,0.36172809499555636,0.02413512432031182,-0.36164817880291222,0.92298885996072511,0.13153767200668948,0.025304420633715095,-0.13131774320056044,0.99101732407516729,14.575876515138452,-6.0915829396469734,-2.3034704763182718,,0.07886534269850944,0.2631578947368421,False,3
0.98740935629384652,-0.1574910964435961,-0.014809376906731609,0.15690199177663816,0.96319036182026807,0.21827984761096189,-0.02011288343066394,-0.21785518455509603,0.97577384187247462,18.70864514285925,5.2320042768229298,-3.4980484241901828,,0.1152935338610647,0.3888888888888889,False,1
0.50566040984935134,-0.85191512788581858,-0.13619164728527294,0.85941954366837148,0.48358134604081549,0.1659732801453358,-0.075535408066914306,-0.20097188022368459,0.97668045208631171,19.473508153998726,-1.7513150518902525,-2.9322432876677644,,0.1810130415823068,0.25,False,1
-0.17527449754675903,0.94562966773179225,0.27397697351272382,-0.98207637633769618,-0.18752629349366848,0.018970511009091834,0.069316964367683878,-0.26574126656202102,0.96154913431236677,0.57805100819381527,9.9430024709280076,-2.6726799420258138,,0.4724205301972029,0.2826086956521739,False,3
-0.25922431359998788,-0.9600468337982746,-0.10541741863907061,0.96259943525751668,-0.26571927788024685,0.052873363849029159,-0.078772345912298036,-0.087768686196787488,0.99302143745377658,4.9586856923223017,8.9891820361581836,-2.8331879953271684,,0.452230941146018,0.6153846153846154,False,1
-0.86435322182053809,-0.48487751979546417,-0.13336903210811976,0.50181710848196237,-0.84890755075714697,-0.16593842201945253,-0.032758167886190091,-0.21035627174986443,0.97707581147638634,-4.3742873429876736,-12.160703362042335,-0.63272360728791388,,0.345187833611893,0.3548387096774194,False,4
-0.13549178412853025,-0.98800392774536561,-0.074095986351489479,0.98738013783680956,-0.14083770708944326,0.072423778326961619,-0.081990486271472124,-0.063348078278038775,0.99461780656664744,-3.7897621171190545,-9.250701617578974,-0.89624327744102883,,0.08023889151475418,0.1521739130434783,False,3
0.028511761381935934,-0.99850272067564416,-0.0466840043937536,0.99524451976324679,0.02400496150320075,0.094403960215946159,-0.093141963389890212,-0.049153622720673404,0.99443878445548861,9.0492678138455744,-19.607990796264975,-0.76053543184985772,0.1743935572407836,0.1513772080145045,0.1818181818181818,True,4
-0.11901053947828542,0.98263438561356664,0.14235924874393349,-0.9894381681237342,-0.12932147567047725,0.065483336738136805,0.08275628648651133,-0.13306246706062458,0.98764658502254921,24.237472170916632,-3.0891008820080184,-3.3439333912529499,,0.1421890840717853,0.3846153846153846,False,2
-0.85496156251842093,0.51744491068267584,0.035937320777406773,-0.51634548873021557,-0.85563161181299985,0.035803367638299242,0.049275378070752121,0.012054429678997147,0.99871248507320598,17.345542268832446,-21.643126381791895,-1.2432201556084495,,0.3689321413558398,0.9,False,1
0.12037132822358972,0.96408930327666997,0.23673309580452476,-0.98933717665525289,0.09680368765178074,0.10881634502605575,0.081992037598183479,-0.24730722060732876,0.9654617778068566,10.590393239747593,7.996759376560286,-3.0970900668016066,,0.2860884723758966,0.125,False,1
-0.15967085370283432,-0.97956142340467001,-0.12233003006303669,0.97884478732878444,-0.17316399961524531,0.10898216164362173,-0.12793787866411263,-0.10234083747295961,0.98648783681718977,14.006500385760134,-16.971622922240407,-1.353385309160372,,0.2210051334428738,0.1,False,4
-0.57954794124551601,0.77103970254613796,0.26385973716284816,-0.81174550953286462,-0.57481305327951637,-0.10324331229048211,0.072065328357776084,-0.27402140587378065,0.95901973784257566,-0.74753446143326863,13.111172255657729,-2.8721666121097464,,0.1119655492003052,0.7777777777777778,False,1
-0.24610728195676579,-0.9670456431875758,-0.065222156969701447,0.96664252104101744,-0.24981637266727089,0.056515630252460161,-0.070946756679347731,-0.049137602091418625,0.9962690669580111,-3.3292526367397364,-14.74951956250665,-0.46633809407238846,,0.1034064690105835,0.2307692307692308,False,3
0.97738255198345625,0.20733201796030992,0.041674709438855581,-0.21120395268938763,0.94692440992459959,0.24233665066871032,0.010781347164718923,-0.24565747743037539,0.96929673801981753,-2.777236670059855,7.1071380007476996,-2.2561810168640375,,0.7083809240619934,0.541501976284585,False,1
-0.59976699249565513,0.7781942741345248,0.18626117796512684,-0.79662742322116753,-0.60259990519600082,-0.047519499468884674,0.07526156578705627,-0.17688138952985016,0.98135043218682561,-9.1586462201590102,15.485212395435674,-2.6794348583893131,,0.7536164549454903,0.7631578947368421,False,2
-0.7560325260570725,0.65109994563764273,0.066960289234897011,-0.65154088774101082,-0.7583991426856268,0.018033634557738695,0.062524324429920286,-0.029993352002822337,0.99759265619300586,2.3359005272315949,17.603051010091434,-3.4658582111327476,,0.07180124519306474,0.3333333333333333,False,2
-0.50769514625049994,-0.84141285530414744,-0.1851217042991064,0.85533839252820731,-0.51799772757930262,0.0086364628142239358,-0.10315945298878895,-0.15395701072572526,0.98267765116921879,-25.542781496154543,-5.8337009624896394,-0.40374682246685956,,0.1791017292749036,0.1,False,2
0.98524681269515968,-0.16428815424976886,-0.047938715535904827,0.17033817872961093,0.96845018720309428,0.18190420493592208,0.016541551955828578,-0.18738633162398732,0.98214700517763454,-1.221440275815072,18.428381966972744,-3.3056217438133171,,0.4534801826960919,0.1363636363636364,False,2
0.59807338282646161,0.78253343946502463,0.17305965697860709,-0.80054847820553665,0.57312280174903796,0.17507823439289869,0.037820137457632033,-0.24325227693564094,0.96922544692569557,10.108062568132075,-13.888449194030457,-1.3511488479207316,,0.2025354529511657,0.35,False,2
0.9997842482914,0.019420641093425735,0.007368552634145379,-0.020771468581418834,0.93568840416397248,0.35221549711228106,-5.4418498281607469e-05,-0.35229256167651407,0.93588992302835916,5.4602564062383809,8.3113018573971527,-2.7934760795872839,0.6516108474432108,0.300547041475154,0.275,True,3
0.36505110062336577,0.89594049620840122,0.25303818128399935,-0.92795158335468675,0.32823134746692079,0.17655039362624048,0.075123584067856325,-0.29925709648042487,0.95121061670005891,24.610617101460992,-0.81592068767954573,-3.5968060255264453,,0.7159562483228274,0.3928571428571428,False,1
0.80652568317103512,0.58531888390292053,0.083175275966693038,-0.58996383010464515,0.78774567032835929,0.17719886581798966,0.03819687884832014,-0.19198584069030769,0.98065408550654753,3.6782293277123337,-13.207002153145456,-0.94414864335788828,,0.1522432179558364,0.25,False,3
0.97324057915422779,0.22841519604888674,0.025085320438315347,-0.22965189942966566,0.9630844386909001,0.14045771263900575,0.0079233942153003785,-0.14246003708192495,0.98976884051718161,-7.395448255273835,-14.07509466306221,-0.34446819607017459,,0.09272419722791067,0.2222222222222222,False,2
