axis_00,axis_01,axis_02,axis_10,axis_11,axis_12,axis_20,axis_21,axis_22,location_x,location_y,location_z,dbh,dbh_approximation,score,reconstructed,number_clusters
-0.99526977523747207,0.029477919179209579,-0.092569578046009418,-0.024991657443264627,-0.99847353390802218,-0.049254635756084297,-0.093880197895992723,-0.046708183074168109,0.99448723173146836,8.8795920626132538,-19.977487448121394,0.85634992671673549,0.289280613470384,0.2975626647417662,0.25,True,5
-0.48361570906730827,-0.81498871384052174,-0.31923227007289889,0.86809285562592686,-0.49324949568736753,-0.055854534420945734,-0.11194034105070318,-0.30413538320414013,0.94602908450465872,4.4918777393762239,7.5084295194558353,-1.3039722666600189,,0.2434525451590066,0.1666666666666667,False,1
0.66370618751526966,0.74727932577488532,-0.032675769667749037,-0.73818127279796797,0.66142702507214168,0.13267516344286145,0.12075804380793592,-0.063936685663634585,0.99062081296630922,1.7527070745829028,-5.9361472055606033,-0.77995730480331105,,0.07584938711132447,0.3125,False,5
0.068334397769307761,0.99087882726322074,0.11614456406982507,-0.99434541939232723,0.05815874958709423,0.08885238758729215,0.081287126994394041,-0.12155948966629194,0.98925006619007494,-8.0830203458412626,5.1355054689567483,-2.4330481296043374,,0.09305909109862998,0.4193548387096774,False,6
-0.67806501018398058,0.73355145272375988,-0.046153094923955258,-0.73442225227368807,-0.67868657065771709,0.0029144766444578613,-0.029185567142707737,0.035872064559057795,0.99893012651277557,1.22149248792525,-11.38841632669326,-0.60331038930921876,0.301037712851098,0.2178749081689752,0.5223880597014925,True,6
0.25096416720513803,-0.94044478844061163,-0.22930457185569961,0.96624280095727411,0.22912718097802234,0.11779467108196182,-0.058239474390438195,-0.25112613331144717,0.96620071868673751,-1.7559043247850905,14.026721599840124,-2.3970532254800161,,0.08974820902435232,0.2173913043478261,False,5
0.99468798037831119,0.068244752578894605,-0.077061504244103823,-0.047750333738204608,0.96912587306332587,0.24189863122212724,0.091190609817067531,-0.23693394840059143,0.96723656712124972,-19.405720916076241,13.389349627238959,-3.9702338045493604,,0.1998258487714535,0.6428571428571429,False,5
0.57115966059490231,-0.80524658620006728,-0.1592312077522875,0.82080324499409507,0.56209594564797982,0.10163749747640195,0.0076599684254013423,-0.18874873058974362,0.98199554051150406,8.4118555397459005,5.9614901810185961,-0.79771649320358906,0.1551059354071413,0.126450326648804,0.2333333333333333,True,5
0.98968936733157653,-0.10227420561639694,-0.10027433897243382,0.12148836921645072,0.97023608641989978,0.20948153320453755,0.075865224813157689,-0.21950381198086599,0.97265746498441941,-19.531109827887924,0.90749301297021745,-3.1899289861578675,,0.2439071454128973,0.4468085106382979,False,3
0.63101533594808301,0.76103751915223605,0.15047106114112696,-0.76678199011755488,0.58241862298113967,0.26987761529277321,0.1177498425888077,-0.28567541379573053,0.9510649465325427,0.45881618615694852,-6.417117827198445,-0.91023474613320277,0.206385772926291,0.1245050758657545,0.3414634146341464,True,2
0.77245021751227427,-0.62759901749506919,-0.09716035562133693,0.63466523416098475,0.76836087093679717,0.082593053949044495,0.022818895955401791,-0.1254633223395227,0.99183579928076115,-14.412476936876949,-10.470436735508882,-2.1169229901926903,,0.290682821047712,0.6101694915254238,False,1
-0.78963154481250508,-0.59109865164748232,-0.16457341054236313,0.60202314267382306,-0.7981837346147902,-0.021699342882224276,-0.11853336712567726,-0.11621148745676968,0.98612612330316807,-7.7906978942627383,0.20933110414030354,-2.0859373080996906,,0.08421685685687597,0.2248520710059172,False,5
-0.19786620045657694,0.98009834786523098,-0.016006099734950444,-0.97845626481467041,-0.19650040987899328,0.063331877931369726,0.058926263769256082,0.028192506614970539,0.99786415809415829,-3.8044977436456899,18.342541290139547,-2.8788871123573556,0.1546960700616735,0.1757824212557867,0.2307692307692308,True,5
0.44006651837545657,-0.88242758865172388,-0.16632200753721102,0.89751726069323068,0.42638677271138614,0.11250371911402948,-0.028358881547473638,-0.19878599257259769,0.979632534675275,2.7412324406672597,-5.993179840065074,-0.64461700173289749,,0.070510902678515,0.2121212121212121,False,1
-0.71480249722694977,0.68933774221468491,0.11777464547379617,-0.69921502537254687,-0.7014752988635079,-0.13795199664239105,-0.012479513267198726,-0.18095823342062792,0.98341160228355085,-12.323970328412976,-8.874290993004589,-2.0104011670594928,,0.3467232162545045,0.3809523809523809,False,1
0.099255966099350182,0.99502813032317816,0.008202015559939338,-0.99177288132376595,0.098254894391422001,0.082051981078375469,0.080838141149090048,-0.016278685256843173,0.99659430027562823,-3.6115683142455177,-16.183047568048867,-0.82005433222993329,0.1895909608986689,0.1288260592190016,0.3428571428571429,True,5
-0.30810578042863385,-0.9171751877765516,-0.25270635724791091,0.94704347034798742,-0.32094400203399992,0.010179038738467192,-0.090440551400916711,-0.23618768487253128,0.96748947496954751,-9.8621651514623014,5.4157006006805375,-2.6582899912371238,0.4020170565669909,0.2665893790266614,0.1735537190082645,True,4
-0.081736997432716646,0.99464533937526989,0.063243277190065963,-0.99340655256161048,-0.086424779714617775,0.075327145033763629,0.080389580035859928,-0.056669271305843122,0.99515129960791593,-13.361967819866297,-18.552102226930195,-1.4998670639114677,,0.2732999953321243,0.3636363636363636,False,5
0.78001262940424321,0.62013696922697981,0.083728354622879836,-0.61683473972740188,0.73944626445289308,0.26969265071946386,0.10533376398528312,-0.26201023145029689,0.95929945104751035,-10.007734177440827,14.136677581117928,-3.1919886955727823,,0.1265410203497584,0.2,False,3
0.99370639407398464,-0.066655300566750258,-0.090025958938712403,0.074804395202759152,0.99309177961578388,0.090404754951855071,0.083378083660084076,-0.096570120461308917,0.9918277607524707,14.482352219493208,8.2881185321214161,-0.30781732182951538,,0.09307457474495513,0.2,False,2
0.16637916689793386,-0.9696289578875944,-0.17926978788453607,0.98478300873856195,0.1541380306588486,0.080273863769203355,-0.050203570810991471,-0.18989773966645557,0.98051947963688935,24.783359742060032,11.722885410248081,0.45567564187205734,,0.1789216424386555,0.3888888888888889,False,4
-0.30242159045807654,0.95273458021843371,-0.028948251774687475,-0.95210802145667284,-0.30050784349666676,0.056438918087089077,0.045072132217875524,0.044630210093457912,0.99798629612051626,-15.78361696709811,3.8612043471007285,-3.1206380760108869,0.9223862371196999,0.3472681657652019,0.2413793103448276,True,3
0.98482052566348066,0.15400016218139365,-0.080077976248216318,-0.14089119637491693,0.97868482016316272,0.14941784888774956,0.101381472745024,-0.13586748260824671,0.98552616614362276,-4.2169606853762245,-10.689418569161329,-1.2244574961087622,,0.0685917452281343,0.3684210526315789,False,5
-0.88846323791096504,-0.39749068672215798,-0.2294215091265655,0.4438289139596473,-0.87139127664223426,-0.20902903656003591,-0.11682880643986619,-0.28753851387416585,0.95061697492989905,-28.608426919510734,6.2099369967440561,-4.3006275459973544,,0.7750143539999221,0.4411764705882353,False,1
0.99217470416549058,-0.049436364672288277,-0.11465340056932054,0.06885630512965342,0.98266012074280873,0.172156604130136,0.10415452778450196,-0.17870403730670675,0.97837452000359781,-13.789367551345068,2.1847286841959312,-2.8134630504535818,,0.07953940920613657,0.3108108108108108,False,5
0.89530745491301567,-0.43115385355724933,-0.11194157288475406,0.44274008615513888,0.88897775247598798,0.11704602391401957,0.049048723617632184,-0.15435319940148656,0.98679750331362615,1.8741504621783458,-2.7117814010865939,-0.88847242527887393,,0.07005147693430494,0.2666666666666667,False,1
-0.74696553096017493,0.66381645991229343,0.037285427540730318,-0.66396022384628739,-0.74185655143471407,-0.093838575454779721,-0.034631152267469351,-0.094850222155273875,0.99488899815493159,4.6765257152327662,-9.2698416459246626,-0.28735842009606527,0.8650660174652087,0.4998735759568655,0.2941176470588235,True,4
-0.25387480246570865,-0.94552957839133234,-0.20376800794066027,0.95666405988800629,-0.27652854821683109,0.091246033007945662,-0.14262349452875103,-0.17177246114613193,0.97475779576272492,10.276987342867422,-8.3535489212068263,0.28972833863118164,0.7437767067989983,0.2581594020214917,0.25,True,5
-0.97398806491960999,0.2181765015050369,-0.061206728267211699,-0.21410604065212885,-0.97453011356106245,-0.066705780251279226,-0.074201433614334761,-0.051865903575332696,0.99589360641380364,-6.3457977433926533,6.8324450242319141,-2.3958834333922501,0.1564330302855158,0.1402626110058313,0.32,True,5
0.4549753627316549,-0.87614102705422303,-0.15929318886747923,0.88991507466782194,0.44083630054051215,0.1171089919891749,-0.032381772437039852,-0.19503911617449157,0.98026076325420142,5.0004103538954539,-18.343903729281998,0.24600783762757225,0.2821682925775873,0.2240941027036525,0.631578947368421,True,5
-0.97396644438006308,0.21093896112790222,-0.083030837042257874,-0.2143441771989735,-0.97615260626853173,0.034389867345586161,-0.073796605088253489,0.051291753269247439,0.99595342116186036,1.9273237280917661,18.459763123789084,-2.3310949271089303,0.4308426688975023,0.4088070911386257,0.9333333333333333,True,5
0.7355273710079554,0.67637912909615794,0.038868499086625055,-0.66616680395729411,0.71159014841167967,0.22329632775477196,0.12337453466355219,-0.19013346472035236,0.97397535378980993,-20.21063907329173,9.9596965512640612,-3.8473178789589495,,0.1116542487083856,0.2,False,5
-0.045980403087616251,0.99654237709164284,0.069203274434370604,-0.9961146814413675,-0.05094888586220743,0.071831416847807528,0.075108880625822536,-0.06563156016687588,0.9950131428082738,4.2991299123861122,11.078411197816294,-1.6143786851202495,,0.3633084891736555,0.3478260869565217,False,2
0.58580256290981547,0.80925575261478111,-0.044050926757296216,-0.80191725502994016,0.58664358494763424,0.11303990589625859,0.11732038771474662,-0.030893868318376747,0.99261346733095934,1.8542314822569634,-7.3940023283638991,-0.7188661405564144,0.7475302648045309,0.4396946880244889,0.2444444444444444,True,5
-0.76792912250361178,-0.62524133848327612,-0.13913350230075522,0.62666351954907196,-0.77832097572873238,0.038849607553284232,-0.13258090389344501,-0.057356145200976892,0.98951128165902269,-0.42742503198721638,3.6121268668358884,-1.5759094400303018,0.3320815684899281,0.2405200314911146,0.8175355450236966,True,6
-0.7186417033221405,0.68866292290654696,0.096423445593193671,-0.69520498378123929,-0.70840402519056789,-0.12187603381931934,-0.015624748701307464,-0.15461926046780999,0.9878505714531971,-19.747284102568273,-6.6506256746859247,-2.7543828596441746,,0.7277115559252829,0.2121212121212121,False,3
-0.53429040221534974,-0.82999826525376719,-0.1601144770977882,0.8389439418257324,-0.54385928700090458,0.019751921850067099,-0.10347380622390935,-0.12377380828998577,0.98690081356078119,-32.748084455329931,15.835255005782988,-5.2662649533687773,,0.3328660287355115,0.6363636363636364,False,3
0.99223984370650942,-0.062442459095323491,-0.10752223892484047,0.090474570461381423,0.95576555489270842,0.27986881959314752,0.085290355029804921,-0.28742502219320093,0.95399811947200797,5.812956807278721,-7.283997572015795,-0.24718671615467541,,0.1294566943480374,0.3448275862068966,False,4
-0.90827126079639009,-0.40247845324647774,-0.11425590349587991,0.40544932476763396,-0.91411246586364114,-0.003040525968397087,-0.10321899949528071,-0.049086601277920576,0.99344669898197202,-15.637932609756422,24.989545383905067,-4.3375253868489541,,0.3117622543756793,0.5555555555555556,False,4
-0.4525644161867422,-0.87066005154525961,-0.19270839069630613,0.88473243909932398,-0.46542523226568999,0.025057222028602083,-0.11150766972237922,-0.15915535747701237,0.98093608954888112,-8.1301446978901666,17.876322554161604,-3.2543648528743825,0.5049785684956327,0.3637644264394318,0.673469387755102,True,5
-0.97298035042142017,-0.20654626575129692,-0.10318855458821909,0.20586693060062528,-0.97842692758636518,0.017307635857744474,-0.10453728798322945,-0.0044031214043571409,0.99451122062197506,-15.581456224032657,14.33075232784841,-3.6855815270049321,,0.09458851699951175,0.1739130434782609,False,4
0.084716657201350298,0.9806852683834536,0.17629376724179263,-0.9933180532753485,0.069205240914019889,0.092357347662789122,0.078373037646257873,-0.18293998744316914,0.97999521833751424,-7.1102674200742904,7.5120197344144142,-2.522088746629771,0.7628887777398564,0.5042956205857281,0.2320675105485232,True,5
-0.91423922318068462,-0.39188993047230813,-0.10290250333391773,0.39081174522428086,-0.91993880959475327,0.031285242465724776,-0.10692437791602666,-0.011613311146992183,0.9941993303213762,-9.8908170254674985,17.358674162353928,-3.3523309062508697,,0.2306476034421754,0.7142857142857143,False,5
0.19160445797778833,-0.91564117508965626,-0.35339633580934504,0.9800792422067176,0.15932219610302981,0.11857958013255861,-0.052272465778305383,-0.36907678917718617,0.9279277520432907,6.8510417749901711,-17.718577802161303,0.47899675581719425,,0.3308812704454205,0.2,False,4
-0.98360670924272875,-0.13301522704668425,-0.12175709797136341,0.14569319073221215,-0.98406637926637508,-0.10191592305343478,-0.10626069690603587,-0.11798436579176663,0.98731370583100775,14.728990444939022,6.5023881954044223,-0.18731323915552867,,0.1590449294757222,0.3157894736842105,False,3
-0.94258697705934158,0.33371383017210215,-0.012840180294671863,-0.32733731628509921,-0.93082891499915887,-0.16250480721738614,-0.066182112729975873,-0.1489718448343722,0.98662420272424023,-8.160917320431075,4.2105557177883659,-2.4067096034560089,0.4234965340175472,0.1340102953064036,0.1809523809523809,True,5
-0.89920330632269507,-0.42478913132608254,-0.1048217907000592,0.42183792445544477,-0.90529202725879532,0.049991107937156921,-0.11613001071840698,0.00073436291721021285,0.99323374958850941,-0.62449381911446333,7.0167417832741918,-1.7832569847838418,,0.1200020683351377,0.5765765765765766,False,1
0.72843178829605293,-0.67324696801688588,-0.12698680977127413,0.68480581291302867,0.72108115361407021,0.1052756785925858,0.020691263865262197,-0.16364745631592714,0.98630187145771253,3.5522443239902004,-14.210101810016095,-0.20970457117147207,,0.231703788585074,0.4736842105263158,False,6
-0.0056491811260991698,0.99505547934232896,0.099159869823492439,-0.99705988884246666,-0.01318271138640306,0.075483734552223042,0.076417699612407866,-0.098441907495285044,0.99220437714950482,19.700384710506579,-0.65749988644314628,0.77057508076545767,,0.5870672556098031,0.425531914893617,False,1
0.26611718461910683,-0.93416518531260806,-0.23773314998178266,0.96246059081486146,0.24383923100958496,0.11921426319430922,-0.053397145791773695,-0.26053375207545537,0.96398698583060616,15.267877212677112,2.4934263914122199,0.13016284601514436,,0.2391956498933253,0.3,False,3
0.97952441778537058,0.18374677723947133,-0.082274156430429859,-0.16590350847837798,0.96821515354680443,0.18717756894698365,0.11405236006674963,-0.16969542803636806,0.97887461958453015,3.6048523574555049,-2.5398868415373115,-0.71347944267347196,0.3539136897937792,0.1457627093399131,0.1666666666666667,True,4
-0.94446084545717235,-0.27126278502291329,-0.18549989989198185,0.30908140118619176,-0.92499881295729025,-0.22101104829483958,-0.11163511472248766,-0.2660708505064322,0.95746744261707417,-17.043658487510442,9.9795260872351435,-3.5839098228941766,,0.3856306719887693,0.3125,False,1
-0.14674376355430882,0.98665961210142217,-0.070491685366351822,-0.98712141150819444,-0.14147778512123182,0.074668301569415535,0.063699189947657345,0.080540959548928842,0.99471381162370054,-13.568720220883646,0.79211116914075119,-2.7109086613550009,0.4954029091703382,0.453737740213657,0.9637826961770624,True,5
0.23166714603788116,0.97157557159538477,-0.048695401484793607,-0.96781967673539049,0.23524959524756359,0.089345963868897774,0.098261929405380213,0.026429843264001801,0.99480955796301684,2.753671404109213,10.748739408685864,-1.7264486353616091,0.2981690639594735,0.2659440244138292,0.6385542168674698,True,5
0.95291291733435746,-0.28253409104024618,-0.11014290434425267,0.29580462350472786,0.9460129324297113,0.13251096705165855,0.066757746296227244,-0.15885219254326166,0.98504283370503665,9.203382125863854,-3.6075352959579488,-0.10668673879935285,,0.09649748871714754,0.4285714285714285,True,4
0.94059083184908165,0.33678621426629957,-0.04317328944647119,-0.32245718545442204,0.92583784933932844,0.19709297369399545,0.10634966191891318,-0.17146230667672599,0.97943372761960346,-21.388294047549216,14.093637340364017,-4.1766183527092053,,0.6190284195311844,0.3023255813953488,False,5
-0.96780750602479226,-0.22777537597651756,-0.1070841229166415,0.22393917667266436,-0.9734816856326125,0.046740270528265106,-0.11489071517420184,0.021255254330217292,0.9931507124953981,-17.252826991864225,3.4279690554929694,-3.2014330435563587,0.5606668368829174,0.5191892080128959,0.9886363636363636,True,5
-0.72741846067160632,0.68457047919815905,-0.047176711251975999,-0.68597339250786504,-0.72720753398287075,0.024692251614651627,-0.017403673330647837,0.050323568324927868,0.9985813189849112,-12.539226518034177,6.2146123226417895,-3.0083293829535669,0.5932795807849616,0.2070461974983303,0.9050632911392406,True,5
-0.989881478728589,0.10203949278273775,-0.098603245295185687,-0.10204050665082476,-0.9947674463235926,-0.0050460615613238807,-0.098602196083778626,0.0050665222272575586,0.99511403229980433,-12.011220003558819,8.7262761777348175,-3.0949254854720696,,0.1398287663715249,0.4117647058823529,False,5
-0.94414211677778559,0.32911028238672602,-0.016795396800636436,-0.3276984466599896,-0.94302842468710379,-0.057542317374163196,-0.034776304907096461,-0.048824299887334908,0.99820178138366367,-2.9743151199763571,2.7934207097667203,-1.7525877328484272,0.7269191619977955,0.6986161077441634,0.8857142857142857,True,3
-0.8389128408053127,-0.50562586466955539,-0.20141432548139443,0.5327630716138172,-0.83856358215634585,-0.11390622549153706,-0.11130478451787847,-0.20286350992300872,0.97286054565140367,-1.8907444923785646,15.862962451803462,-2.5314634675336274,,0.2794238348245131,0.1333333333333333,True,4
0.55187174020027963,-0.79231345563009603,-0.26014797788145555,0.83082975700968664,0.54925294191225404,0.089683447012024603,0.07182964036899761,-0.26563244121949664,0.96139477267989693,8.3174446015765984,17.0562837221416,-1.6427024903922931,,0.3285167435754104,0.8055555555555556,False,2
-0.8843753394303796,0.46491829313734778,-0.041608168833254668,-0.4609317507059712,-0.88388724966685139,-0.07927957534887746,-0.073635454765553332,-0.05093437525507824,0.99598368923333569,10.617742182545376,6.4315513609854245,-0.6099605718065757,,0.4103808355578472,0.3928571428571428,False,5
-0.95802920838755068,-0.26853720474885628,-0.10033845495120483,0.26873683438596735,-0.96314164565139337,0.011776427987142221,-0.099802553677414904,-0.015682476768610912,0.99488366666755057,-14.731122196970615,20.119693220269831,-3.969512515678407,0.4032634530421341,0.3593545155355856,0.7307692307692307,True,5
0.99519305742977426,0.054896133826253912,-0.08109989478728534,-0.027601204212136913,0.95177519577488245,0.30555220541459838,0.093962502997837649,-0.30184497875335775,0.94871526646922222,13.196709832911562,8.7740214304497997,-0.53180782229777546,,0.6744685270299179,0.2222222222222222,False,4
-0.81987722793965512,-0.55388426146554914,-0.14496053258301012,0.55624548087422121,-0.8305636412698657,0.027477314416591923,-0.13561819978525458,-0.058105616779317956,0.98905583319937096,11.666366322096728,4.2045460523368687,-0.34073854081762894,,0.1206391128974213,0.4,False,5
0.75930105718325602,0.64999627498693635,-0.031092556400173332,-0.62150139170874596,0.7385181950082913,0.26139413869822847,0.19286763508811655,-0.17915277878058117,0.96473123572874664,-21.753234458569164,9.4028445683926929,-3.9403266244708317,,0.6758372582643308,0.6428571428571429,False,2
-0.93120992764755173,-0.34439193223469056,-0.11934097226979065,0.34428685224777561,-0.93860306986139519,0.022154923066543861,-0.11964377969606703,-0.020456643381121884,0.99260611106400998,-12.104041101505,17.768522309209583,-3.6161586463741644,0.237519860764208,0.2791949618795311,0.8245614035087719,True,5
-0.55861784767577982,-0.77588409604317232,-0.29317225272073244,0.8213711925210132,-0.56662205206811034,-0.065489038828898713,-0.11530595975355566,-0.27738658874825467,0.95381403639699036,12.213772927691647,2.6876358876399022,-0.20534543630443194,,0.4874756004181397,0.1851851851851852,False,1
0.077734188407932031,-0.96706479243564814,-0.24236972414878183,0.99635194861485177,0.066767835705046519,0.053149323670687254,-0.035216337741844926,-0.24561706648085418,0.96872703390036119,13.981109428030578,-10.422328585022152,0.81021945974323517,,0.447798622626881,0.125,False,2
-0.88212805304663977,-0.44404828773392896,-0.15707073625825368,0.45285060154635626,-0.89127462688465509,-0.023576941080677108,-0.12952386153619472,-0.091927458532172254,0.98730588555957055,-14.274577947835088,3.7213234153631856,-2.9677254062342127,0.4011461475167697,0.1297974115251071,0.2307692307692308,True,3
0.25009942741364538,-0.931721383138572,-0.26333541465156884,0.9668566452895837,0.22590343429064563,0.11897842592279068,-0.051366369024292036,-0.28436403179382402,0.95733933041279673,-17.998008806237323,0.24899971270456639,-3.0617355140612807,,0.2155796204211151,0.2432432432432433,False,1
-0.28610885145219234,0.95767319001434226,-0.031682585886564085,-0.95773804850078226,-0.28479201661481907,0.040389822064182242,0.029657302214110306,0.041899503579597902,0.99868156888227533,-6.6731243787080707,3.0323469414990107,-2.1386561994677757,,0.07868462969903642,0.3031914893617021,False,5
-0.79576855160281401,0.6008636306780698,-0.075599666721024666,-0.60506057331848895,-0.79411132953115049,0.057348922620849306,-0.02557566999050552,0.091378846778884873,0.99548771537668912,-15.376451315201592,2.8654508674338444,-3.0034177541454641,,0.06542309708148007,0.3658536585365854,False,3
-0.5298491063409585,0.83721824204915218,0.13537185708194827,-0.84794843411791887,-0.5259034013671906,-0.066400794478604239,0.015600563664745652,-0.14997075585109076,0.98856734459661155,-11.599954394290103,2.905359748527466,-2.6462700636435135,,0.2294205517728429,0.3238095238095238,False,4
-0.99630718434481103,0.0007214485851028303,-0.085857288187171837,0.0028742423728723944,-0.99912400152788428,-0.041748871861307033,-0.085812196998433773,-0.041841475629438622,0.99543234715547335,-33.699392145801376,-5.5365825562667341,-3.9753851040527133,,0.5476461655856197,0.8301886792452831,False,4
0.96818534914036725,-0.21693218627524166,-0.12472993332712382,0.24337652036271845,0.93222714981292332,0.26780666624975696,0.058180744633256842,-0.28964282782336803,0.95536486917010011,-9.6299693416963645,10.356887545107764,-2.9515755574974079,,0.3256186229869741,0.15,False,5
0.98284990296719155,0.17580769887871042,-0.055657176108348388,-0.1528613990769333,0.94554384982972028,0.28736774474779725,0.10314776250421326,-0.2739315262326798,0.95620189187546067,-10.976384222778307,-9.891477890230318,-1.8480113559814106,,0.1399606206435545,0.2666666666666667,False,1
0.98560010036032675,0.15919735731931731,-0.05699687353057873,-0.13581609747681786,0.94610600949204759,0.29400239194469524,0.10072948841269234,-0.28202769407556466,0.95410374170660195,-10.590265522008442,-12.551681909283841,-1.691008187837421,,0.07984990257914158,0.2962962962962963,False,3
-0.36209334990936293,-0.90682839621300004,-0.21575603299368729,0.92636122826463674,-0.37581331179539951,0.02488432127680603,-0.10364979845349023,-0.19085757647819818,0.97613016794965368,-7.1492238746621801,2.2799396505606211,-2.1453549104607212,,0.231756307287926,0.2175141242937853,False,4
-0.95766004094306756,-0.26652656954525661,-0.10886153456275888,0.26517251381359452,-0.96382287126530197,0.027000198956435267,-0.11211950721752334,-0.0030100751395215272,0.9936901708022241,7.7091252695509818,10.586986341772757,-1.2494961152358182,0.201864580765807,0.2046289835296505,0.603448275862069,True,5
-0.91300184330562251,-0.38080032625135829,-0.14635144566213237,0.39327626111158298,-0.91693145064600801,-0.067605452903615734,-0.10845006485305167,-0.11928045247679091,0.98691983316290821,9.1516638800381553,-11.398692574260009,0.34938007183276304,,0.3717779907520347,0.3684210526315789,False,6
-0.70832425916475772,-0.69828899327432814,-0.10329194426779216,0.69586046472238405,-0.71532272810280373,0.063965680610062622,-0.11855360608198777,-0.026568337010172312,0.99259214481753244,-16.238382672173707,7.3657699847727169,-3.4100155002341248,0.5364245814505837,0.495996088118946,0.9759358288770054,True,5
0.98217746037432785,-0.14672565955362446,-0.11746921793044401,0.17163954703990056,0.95486772234247086,0.24242008728742062,0.076598317374300368,-0.25826190903239427,0.9630334802686612,3.3908307442582775,-7.7422361117667871,-0.52040228124770138,,0.1734653259121997,0.2307692307692308,False,2
0.91889001342274912,-0.35325250475575809,-0.1756525294885401,0.38931502094737769,0.88398593721996721,0.25884875364211929,0.063835395328000283,-0.30623770290595975,0.94981235600627911,20.239926673452327,4.5561132104516595,0.48196286625719359,,0.3222506357022734,0.1818181818181818,False,3
-0.53762733389337669,-0.81772101527018037,-0.20564335884293672,0.83429361102803223,-0.55121637770575593,0.010708666898915739,-0.12211068932942007,-0.16580966839859074,0.97856841018757779,-4.5708568054322249,7.8985972704127523,-2.2464507213368368,,0.4144118379100307,0.2925170068027211,False,5
-0.94722496767661712,-0.27587466378783099,-0.16327287126152196,0.30489245801688569,-0.93262198598206558,-0.19302025880017981,-0.099022470452175049,-0.23261427544933269,0.96751493487321882,-0.54006541100049521,-9.7438466832520909,-0.86165379216150806,0.804501082479407,0.3344794109579929,0.25,True,3
-0.90403438594183805,-0.38080215867955675,-0.19419460594917221,0.40992243184430216,-0.90110935691949501,-0.14129942230238701,-0.12118345145117003,-0.20734426159680547,0.97073319108664369,14.18133457362277,-0.31000114216508329,0.19062563936207308,,0.1647481867488601,0.1153846153846154,False,4
0.71024725698453084,-0.65724035234390821,-0.25215858739453129,0.703915622755373,0.65942678567392488,0.26393012404170813,-0.0071854009536904545,-0.36495401571514685,0.93099781762715406,13.53283145916401,6.6255223439609683,-0.3191377096822014,,0.3984075152798864,0.5185185185185185,False,2
-0.74670615846781796,0.66259252007602853,-0.058318652638164936,-0.66497089416071953,-0.74568315953593822,0.042075355061998429,-0.015608421615482468,0.070198133335563281,0.99741094803038677,1.4095374399669334,-4.0019317422422205,-0.88429330518655402,0.3173138449468265,0.236638072134652,0.7513812154696132,True,5
-0.53645994271240982,-0.83264927076080142,-0.13749880641847434,0.83612012105563949,-0.54650456618099119,0.047285328689047196,-0.11451582000275229,-0.089598833947956896,0.98937261733093529,-0.37823469781581426,10.051692387364222,-1.984689270098922,0.2857704211903499,0.2196072340182014,0.5714285714285714,True,4
0.992905565297176,-0.055507189930411802,-0.10515460174393224,0.068046490680829755,0.99047761211418428,0.11968197444313694,0.097510068751486129,-0.12598830011795986,0.9872278028527498,-22.279296399082479,2.5555253648323335,-3.5579556046375895,0.233302401512462,0.1780611038294768,0.7586206896551724,True,4
-0.99421606596956302,0.054421800670383359,-0.092588777828629371,-0.054198157255748107,-0.99851802889214059,-0.0049300839178087197,-0.092719867979238535,0.00011657250321001848,0.99569222779570032,-10.82126736284175,11.000490859891798,-3.0723625367789134,,0.2278867622386853,0.4324324324324325,False,5
0.97220478690615098,-0.19129276585265756,-0.1349997409227395,0.22452802086030538,0.9251865969092995,0.3059688362365432,0.066370325939539246,-0.32777559187930794,0.94242142441842336,-3.9692627953897266,-9.7028655035050608,-1.2326437180965164,0.338163568880364,0.1718966741895025,0.1590909090909091,True,5
0.92189375098143722,0.38739976421650257,0.0057736112074471824,-0.37155545954696373,0.87976921672011532,0.29656814696207739,0.10981098479761153,-0.27554953818991207,0.95499424062195581,-9.2929383990453651,-16.720639419243824,-1.457774561294285,,0.3632829246611912,0.1764705882352941,False,5
-0.25657874713377432,-0.92714684617281418,-0.27306788927126985,0.9628647711694468,-0.26975299311992729,0.011169384210834785,-0.08401653980063388,-0.26006162410983341,0.96192992089095763,7.9766293418499714,7.8756521427117665,-0.98585375617751037,,0.3395034363376998,0.3541666666666667,False,3
0.45536397562624514,-0.8514371823580178,-0.26018911237809639,0.88963671761528007,0.42383265701071465,0.17003643586581729,-0.034498701027323234,-0.30890225533245824,0.95046790386522251,7.5994078041260469,13.751362177555816,-1.4609574620324492,,0.2261005576971888,0.3870967741935484,False,3
-0.78774645415616829,0.61463849657423686,0.040927282994915687,-0.61546232805126244,-0.78254590147028413,-0.093957622584764644,-0.025722494321203514,-0.099203984904955578,0.99473459910916617,-22.80094211649191,11.24180519891093,-4.1349095965126326,,0.4088745964034701,0.125,False,1
-0.84705657918315047,-0.51018339565641768,-0.14902367080107673,0.51654627451556334,-0.85624634491947171,-0.0047056451352434914,-0.12520023141605185,-0.080963569638038954,0.98882243221158517,1.8605837034522359,13.810655017448404,-2.0327654180888151,,0.1540886378253395,0.1578947368421053,False,5
-0.45094454296930614,0.89166730356401347,0.039729572374804678,-0.89222215324232024,-0.45154108479917138,0.0070906982748460134,0.024262078019844466,-0.032250092918761158,0.99918530967828489,0.80759035854627692,-9.3079065259535607,-0.72595851472837591,,0.1548266917048872,0.1379310344827586,False,5
0.99578281942412661,0.015248549676498692,-0.090465785093038154,0.021934528236743429,0.91791927362093473,0.39616042657772621,0.08908115968468254,-0.39647407083941538,0.91371377254655262,11.750565738685681,9.7569037657775404,-0.74907534099566531,,0.251569679966398,0.4285714285714285,False,3
0.99430141124865001,0.04539674427508545,-0.096456410871258474,-0.018083834227061443,0.96351073251441133,0.26705812713563032,0.10506035659843672,-0.26379197095204554,0.958841028290219,-19.586709507050966,-5.0760989463748922,-2.8643151046694286,,0.2547387070544103,0.3650793650793651,False,3
0.17932155018818,-0.96724021587246023,-0.1796945921198054,0.98233492155036461,0.16611153329517184,0.086168790225722186,-0.053496575037524939,-0.19197219409415056,0.9799412192340573,2.1711769989000818,-8.0709414314479702,-0.65626272374022054,,0.09629979834285668,0.175,False,3
-0.78447375646167472,0.61592337088043725,-0.072383192981448727,-0.61965407658828131,-0.78319689143854176,0.051297705684862777,-0.025094835931613435,0.085094244483900613,0.99605683510795751,-13.423283780159952,-9.5679191941616892,-2.0527653152012335,0.6649061588555227,0.3526877668717042,0.8970588235294118,True,1
-0.80082283130256382,-0.55413797097588013,-0.22718693181448735,0.58679251708554003,-0.80188062296373663,-0.1125255900127004,-0.11982209628011953,-0.2234246531563262,0.96732832565009375,23.670254791187773,11.838247247499925,0.32237045909472767,,0.1531215083143974,0.25,False,2
-0.82199907477849132,-0.55841577695241018,-0.11175572072131226,0.55782996623510894,-0.82901997294863716,0.039390521986613268,-0.1146440135089534,-0.029961717288511949,0.9929547047391849,3.4930828290148339,25.905119567354095,-2.6596797522592919,,0.1329089233403286,0.5,False,2
0.9858276824411949,-0.12447175475099524,-0.11247472072350245,0.1473164160148229,0.96305719847574778,0.22543004688060364,0.080259915930490561,-0.23880455341817008,0.96774517883664934,-18.191024460137101,-7.9646103505871348,-2.549701480996339,,0.6303452921023757,0.2909090909090909,False,1
-0.96154926781545613,-0.2445761267867369,-0.12492207078638869,0.25180341206380058,-0.96670669726714165,-0.045532440434094101,-0.10962685454116325,-0.075237488427342306,0.99112122018376625,11.987350366983909,13.085558383918359,-0.98817115283402635,0.1875307995835798,0.2089232446964967,0.3703703703703703,True,5
-0.1760394637743502,0.9836018319905363,-0.039211519976942132,-0.98263246543137572,-0.17321233487258489,0.066565193068494566,0.058681726919865798,0.050248613442068123,0.99701129972175018,-7.304596945174616,-18.534630641527748,-1.077219748117594,,0.06989280960501626,0.15,False,2
-0.22141030942693427,-0.961182957454636,-0.16463534607801567,0.97031965039177337,-0.2339801917154174,0.061098657500824577,-0.097248398151618648,-0.1462210387857209,0.9844603378873974,2.5194198476314411,-15.151775315140465,-0.26303644823045208,0.1890480711506621,0.2047221962896141,0.2758620689655172,True,5
-0.081616304783726903,-0.99083814013467619,-0.10760371205448871,0.99292836505646465,-0.090173781272781486,0.077213671310620097,-0.086209284069325862,-0.10054088335311198,0.99119094533537289,-20.655805885754948,5.0632353434555784,-3.5739842465484899,0.1556578168651417,0.2019902139486932,0.7972972972972973,True,4
0.7945357523224823,0.60601547955873292,-0.038186081450527723,-0.59750353401849499,0.79148136463943641,0.12863427328634042,0.108177932670007,-0.079388210483009883,0.99095663220927543,-3.8720950442348867,-2.8774419073883113,-1.5392431893376646,0.2792929737613667,0.2934226918505342,0.6350574712643678,True,4
-0.057456256022659441,-0.93666144080190838,-0.34549113441411683,0.9950523289603771,-0.081824114692354344,0.05635314441398525,-0.081053323648013709,-0.34054391724079747,0.9367284553999119,-3.8311507176743174,5.6540618361647494,-2.0328117354968951,0.4391369164702609,0.2297492353074806,0.2333333333333333,True,5
0.85977780863941866,-0.4482741712129345,-0.24460659679280045,0.50344650310170169,0.82432637631134176,0.25889697532431799,0.085578842513014425,-0.34574020989865889,0.93441958935660363,-14.845487107004676,18.319997858243326,-3.8803924225296744,,0.6279236832595412,0.3584905660377358,False,2
0.52337296313163961,0.85151239391993061,0.031739320464638371,-0.84357114563138347,0.5125145495850616,0.1603638323369001,0.12028492723929805,-0.11070446903522549,0.98654754412276879,-14.520018475644209,-5.4475282277347326,-2.4039026209325267,0.4075321134465439,0.3935381085986067,0.2627118644067797,True,3
-0.67157496055121702,-0.69131029327807336,-0.26660298341994643,0.72794949690357846,-0.68268527200224727,-0.063485032480464346,-0.13811807382981892,-0.23670846583720345,0.96171331480984434,9.0827905342770805,-9.8782817812969341,0.22851476514326802,,0.4025476162334426,0.3,False,5
-0.92096453379240129,0.38373380122387729,-0.067621722063396492,-0.38696291147487383,-0.92107588338521218,0.043346536067377525,-0.045651206330549518,0.06608772082940445,0.9967689704821977,-13.706025455496027,-0.67931319553160519,-2.6231520138583968,0.2213964753654861,0.1292847663649123,0.5914786967418546,True,5
-0.84822506628138683,0.52762897388838692,-0.046064116679099487,-0.52826534708478434,-0.849077078502809,0.0019590381639890964,-0.03807834031742853,0.025995781862135893,0.99893656421418842,-16.154666028390064,4.3782851228446207,-3.1822088940491517,,0.06725820369252161,0.1764705882352941,False,2
-0.56681180395933328,0.82366502084977233,0.01732952165849283,-0.8237452922605154,-0.56694723424312121,0.0038114384050405431,0.012964272868394126,-0.012114743605269207,0.99984256791575665,-19.363003191681244,8.0257297105065959,-3.6657569459500996,,0.1603333686427475,0.4583333333333333,False,3
-0.86309264785056239,-0.46518756475434336,-0.19665098734618208,0.4887672819465253,-0.86741444817545688,-0.093266924443089885,-0.12719129421823905,-0.17661456535175879,0.97602749447989334,-3.2474194419043241,0.077275402579127642,-1.5954472910273709,,0.1827110940841739,0.2860310421286031,False,3
-0.76926118714506508,0.63892634034595053,-0.0032183169972842818,-0.63850543517321956,-0.76891946966758795,-0.032766727336924276,-0.02341015178126863,-0.023151258675184735,0.99945784504166668,-5.947061929721146,-20.289587598321312,-0.72016063258950025,0.9539805742696796,0.4681476185685756,0.5161290322580645,True,5
0.41794043017586491,-0.88404667837646644,-0.20925407349906017,0.90793784818888512,0.39854686870479394,0.12965051975114339,-0.031219555579007567,-0.24417588721481281,0.96922828861538557,-0.13468081145424873,-11.212647057721831,-0.79733264954869842,,0.1418642717977646,0.3207547169811321,False,1
-0.99578068621580851,0.0064362636829566775,-0.091539059801686362,-0.010537408945473937,-0.99895871897559896,0.044389647389302289,-0.091158038440332295,0.045166938045811775,0.99481162022529512,-13.792188543595088,25.563733011814808,-4.2174430690749523,,0.3946641976987827,0.5641025641025641,False,2
-0.21988829951883435,0.97408347564072617,-0.053014320880298435,-0.97420664000445523,-0.21644219610921916,0.063829447080866478,0.05070067362418558,0.06568225199475268,0.99655169633439133,-3.9896600704469489,15.293480291307104,-2.6921404427631712,0.2894573641060188,0.2023403763951155,0.75,True,5
-0.98145156966716351,0.16993680808026954,-0.08873723940574077,-0.17577101915231977,-0.9824359983365909,0.062642301989487975,-0.076533425534318009,0.077077820622257862,0.99408331861273447,4.7859240738047104,-1.92131682552266,-0.64741943467156282,0.3221616277897921,0.2724228301300892,0.8314176245210728,True,5
-0.34875668411627458,-0.91374296088199358,-0.20842882891487874,0.92639142149209552,-0.36979507093677394,0.071067149209183916,-0.14201306091368848,-0.16830153579059584,0.97545214315231843,14.487059319557936,3.9132074930647422,-0.018067944191618251,0.4784867638090762,0.4363878292101729,0.2941176470588235,True,4
-0.70410151936261656,0.69810144306067579,0.12998240507029038,-0.71002836456739338,-0.68954809231361158,-0.14276956922401804,-0.010038522849884192,-0.19281546510397204,0.98118368539011658,5.7532811126755234,-3.217252988602882,-0.46509973871161892,,0.4255353296325289,0.1851851851851852,False,2
0.24421883871303809,-0.94394030063720036,-0.22211228613160539,0.96805272556000677,0.22389134210702416,0.11290078593773656,-0.056842583979778719,-0.24258890280156786,0.96846246436505445,-4.4853832671008718,13.411987093944617,-2.6537926889454364,,0.1848425604092281,0.3225806451612903,False,5
0.14907912796904058,0.98552867959660939,0.08067611354392748,-0.9851047870827353,0.14095223120011516,0.098493791613416384,0.085696978188663522,-0.094157794219445839,0.99186205579055153,-2.3400043938785751,10.969480004555443,-2.2634576907828254,,0.1235872941630175,0.2452830188679245,False,5
-0.55764845749822656,0.82957648018522412,-0.028828135099980362,-0.83006726509878936,-0.55747549117471917,0.014471079811858911,-0.0040661113197113172,0.031999066595755972,0.99947962784427757,-9.0440686659705705,-11.866308590288176,-1.5812306487421128,0.759993856650372,0.6150233911295631,0.527027027027027,True,2
0.50385241494278654,-0.80554773350721609,-0.31181018745016897,0.86366810640256242,0.46375533267600549,0.19750542624844603,-0.014496411257091717,-0.36881410013169935,0.92939012992645398,-5.9962705849259708,10.068721893636607,-2.5583014493877667,,0.1372403051059769,0.3333333333333333,False,2
-0.89532403939339522,-0.41615835954299357,-0.15876739043890031,0.43380179821405646,-0.89556917768524424,-0.09885265725525981,-0.1010488216187834,-0.15737873986869821,0.98235485843293668,2.5092180065774898,19.376292438109719,-2.3128193305537108,0.5479852797907169,0.4442083242759852,0.5,True,5
0.74128655499873719,0.67117132379531452,-0.0048267476575970386,-0.6630379640137356,0.7333829775759606,0.15010018813558765,0.10428279654202438,-0.10806693442799091,0.98865900897564873,5.1589202402678387,-21.121564536773782,0.54395035138040071,0.6543520649926363,0.2708576798913538,0.5,True,5
-0.61329080128756897,0.78901508115767438,0.036463608732533709,-0.78984732300309146,-0.61286011676638152,-0.023317024294427405,0.003949607689521191,-0.043100800257594982,0.99906292175030353,-26.12336510682746,1.9112986599398669,-3.8471416915782415,,0.2781524068764103,0.4,False,1
