axis_00,axis_01,axis_02,axis_10,axis_11,axis_12,axis_20,axis_21,axis_22,location_x,location_y,location_z,dbh,dbh_approximation,score,reconstructed,number_clusters
0.40776458707026136,-0.90914942693253631,-0.084707502853413316,0.91116102075949823,0.39912719240422867,0.10238690605750117,-0.059275929178116554,-0.11893192923584275,0.99113145466598529,-1.1402747897999577,8.7567668034093593,-3.3047074866235264,,0.07462917239124722,0.2666666666666667,False,5
0.10515714191015171,0.99445473807837359,-0.0013226559502343416,-0.99178105784521808,0.10497171253426901,0.073152394814139515,0.072885587084890582,-0.00638071164504923,0.99731989738207605,-9.650328286650721,1.3567732384607005,-3.2259526615519034,,0.3822264799505291,0.934557438794727,True,5
0.49185702422840127,-0.86915290403311174,-0.051477151513960692,0.86886901929617788,0.48617052497702118,0.09329977465603212,-0.056065096312061288,-0.090617051675592114,0.99430641902843164,-14.965753104525719,5.2985955088453673,-3.544982102457034,,0.360982525446474,0.9473007712082262,True,5
-0.9979302004472218,-0.054888342402265908,-0.033504998189834857,0.057371562693073939,-0.99527702883489644,-0.078307979591714524,-0.029048559852837729,-0.080068131874755963,0.99636603486297359,-9.0767531552300333,17.94936795537205,-3.9241693797922794,,0.3088350342539543,0.2592592592592592,False,3
0.65578046798411582,-0.75398545522763627,-0.038182602264775947,0.75356130510401165,0.65066700701018654,0.09368994310141196,-0.045796694864087259,-0.090212966327361005,0.99486897802974328,-6.0704852730337784,-7.2779819090978108,-2.9118826281200691,,0.1003360190109937,0.4,False,5
-0.21129058303740619,-0.97524840543339442,-0.065167762116987257,0.97343416585580056,-0.21597756209646971,0.076023795061076788,-0.088216859297619826,-0.047373414173867506,0.99497414306361587,-9.7220625296323302,-3.3917383259930318,-3.0871162700267911,,0.09226797460905474,0.3410852713178295,False,5
0.93017726666099676,0.3667152254186502,0.01703514112728545,-0.36492706180592072,0.91859474753299664,0.15169683373916665,0.039981147416946222,-0.14732153016765509,0.98828026116091494,-7.8236905085907233,-3.6802944881127293,-3.0300109161232802,,0.09134086408373598,0.3448275862068966,False,5
-0.64508049241145515,-0.76251986447394049,-0.049341813838154482,0.76148368393389454,-0.64687165199198415,0.04122699299763629,-0.063354221742993613,-0.010978257229899445,0.99793071926639021,-8.6593662988291751,-14.146319669878579,-2.9135338454500337,,0.07306648805594076,0.25,False,5
-0.80698117967653726,0.59054352926810927,-0.0063020383552365479,-0.58997850668420049,-0.80563692124382102,0.05361448292633654,0.02658453118913031,0.046983945857531607,0.99854182262592861,-1.8430420118540616,9.2189474923967651,-3.3507317922661186,,0.0723657025757836,0.1791044776119403,False,5
-0.94504224168337803,-0.32404313113402844,-0.043488051219973352,0.32475347289497514,-0.94574358366479983,-0.010210572927831035,-0.037819879385169244,-0.023772318391709964,0.99900176856779122,11.503421562971406,0.34568086557987332,-2.5675217527461149,,0.08018530861738897,0.2222222222222222,False,5
-0.78458944787113172,-0.61842013153412612,-0.04445153768528759,0.61776789474321403,-0.78583263916801693,0.028807836481856905,-0.052746815200629668,-0.0048584083342768248,0.9985960992086077,8.8647663049475725,-7.3816740997897199,-2.343798585708381,,0.6365002126722333,0.7766990291262136,True,5
0.83408078702922028,0.52659111331712571,0.16435035772442783,-0.54928013137216747,0.76525238763563286,0.33567859702062908,0.050995862464435084,-0.37025745447376723,0.92752834965736508,2.0299878971743937,-3.2492048448826227,-2.7378609611955378,,0.07932667107339622,0.1891891891891892,False,2
0.99528978537233037,-0.08697222044098521,-0.042826113588153178,0.096683373021643496,0.92290692071221514,0.37268638435372825,0.0071111542423477961,-0.37507152460972265,0.92696859866571535,-18.531180311339913,-15.83284887724006,-3.2446155674853325,,0.1018242751725867,0.25,False,1
-0.80041129027909452,0.56954761390408659,0.18696866552959976,-0.59741803872748112,-0.78357029076198581,-0.17061443795350123,0.049330045578405493,-0.24826017588679208,0.96743652591366125,1.4245087737180724,6.5251803146410818,-3.1306235798874846,,0.3555073976146521,0.1481481481481481,False,4
-0.61873352286876782,-0.76492532897590626,-0.17904767177907166,0.78360567955133598,-0.61715266972800709,-0.071307231207519875,-0.055955041357264881,-0.18442294688757055,0.98125287770686898,-0.76698510931708375,0.55482281419510115,-2.9480106382530469,,0.6323866052819749,0.1931216931216931,False,4
0.71650454547470244,-0.68402785094621843,-0.13684712435410548,0.69651965625494694,0.69068734485449124,0.19445143380377422,-0.038491619407097048,-0.23464204820907694,0.97131946569996652,-16.514616723980097,11.935468102328839,-3.8390946431812543,,0.1309243631510331,0.1774193548387097,False,5
-0.9455215547305591,-0.32461167561915155,-0.024824374949530294,0.32336813580337076,-0.94525522169681497,0.043881825417352902,-0.037709922924357098,0.033463799943116948,0.99872825924092468,-13.615815284118368,-6.5642480014742493,-3.1630629084982265,,0.1642167072730877,0.6588235294117647,True,4
0.49612861948528664,-0.81183845482557726,-0.30785502463667003,0.86651562256531667,0.44057486865682316,0.23461555992360403,-0.054836746601772304,-0.38316068218756988,0.92205250547227036,-19.494050406673622,13.488254553484923,-3.9540129747399173,,0.2521723831719075,0.3333333333333333,False,1
-0.92844313115360322,0.37124100304175439,0.013170796264666437,-0.37123219169983562,-0.92853456107342336,0.0031982398160495529,0.013416857285877843,-0.001920039774770968,0.99990814647538195,-0.40992303222555659,-19.002264891626002,-2.4809275018631247,,0.08853435220893836,0.1666666666666667,False,1
-0.88580086302768313,0.46097436621915344,0.053473963274309137,-0.46359561426747919,-0.88419381334782998,-0.057274836266737683,0.020879116153967994,-0.075524394246315463,0.99692533741617628,1.0462653760826992,-8.3785645599380896,-2.6364225504873162,,0.08488013506513598,0.2380952380952381,False,5
-0.85806637338043068,0.50132209501501912,0.11134745584658984,-0.51305670696557149,-0.84626013413757528,-0.14358482094948993,0.022246669669858148,-0.18033286561025308,0.98335402743335287,-22.33811654132419,-10.573403681094602,-3.3404747335339953,,0.3708619170693842,0.7333333333333333,False,3
-0.28902552433856882,0.93848822961619893,0.18895525701253002,-0.94778916462472362,-0.30830270831910594,0.08151772483991146,0.13475884275544447,-0.15552904203061296,0.97859632708500199,6.365829499930979,-6.8390019222395413,-2.4683127972716656,,0.2953356118084663,0.5833333333333334,False,2
0.76595176895720207,-0.63375416515087313,-0.10804418441199758,0.64194366995278751,0.74478307775996377,0.18222648460073887,-0.03501731341608702,-0.20893497848928166,0.97730239052444989,-29.760119103125618,4.9665584047448768,-3.8112943269305246,,0.9684154642926514,0.9333333333333333,False,1
0.93318798569068706,0.35932858128637923,0.0065691729521670829,-0.35731244659338129,0.92568004883089006,0.1242749480220862,0.038574588423074201,-0.11831913567617938,0.99222607467292046,2.6490935532384197,5.0637743686736023,-3.0354987263538935,,0.07784629666305762,0.3260869565217391,False,5
0.99953202822723741,-0.0023405588263600329,-0.030499939874131098,0.011668359203447604,0.95085303394189324,0.30942261914248581,0.028276738522053459,-0.3096337023450077,0.95043537204308559,-2.481719971821406,-10.643621630055026,-2.7241344601052142,0.4749264926169902,0.3807285975998134,0.1428571428571428,True,2
-0.99531575406730688,-0.084890019692102581,-0.046262665964060659,0.092343996385858912,-0.9764487252291344,-0.19498839280810054,-0.028620552701097202,-0.19834709868075234,0.97971388293113992,0.2540699792206203,3.4129138156989103,-3.0441892005668048,,0.2286591613846668,0.3658536585365854,True,2
0.020253630513888354,-0.96739567267554138,-0.2524587153172666,0.99689144945304431,0.00031040652140870359,0.07878668450443177,-0.076139532822419476,-0.25326965103705029,0.96439476118711642,7.0627061141018501,4.4440013129053861,-2.8745781388919838,,0.5050248249032998,0.1818181818181818,False,2
-0.67534884417662566,0.73679850264705193,0.032123280753332699,-0.73671854687114424,-0.6759970098005319,0.016547671643114679,0.033907541423177853,-0.012490365799337266,0.99934692144261583,-3.7751761006001998,-18.195140739633622,-2.6602514888075719,0.2663070936660014,0.178991849196598,0.1111111111111111,True,5
-0.10362680831081547,-0.98992792638097049,-0.096458204266852365,0.99202078681223615,-0.10987076098253398,0.06183182363112754,-0.071806985257323763,-0.089281109156367278,0.99341463670315611,13.662988741747027,8.960248241105818,-2.9359900583597525,,0.1135209972577352,0.2222222222222222,False,5
0.040843173774285667,0.99895917479937524,0.020307689188983239,-0.99663796762254386,0.039286666450627609,0.071897978639207341,0.071025323999615017,-0.023175955715999567,0.99720523385479742,-6.7145603545632531,14.517134964471957,-3.7062607374472898,,0.3955476003800084,0.9888268156424581,True,5
0.5670885282055087,-0.80101240273247365,-0.19180649584010601,0.82072008126948037,0.52988398847403806,0.21363873000901318,-0.069492081410249429,-0.27857151582241124,0.95789809541186388,-15.828919120677281,-5.2116866951914753,-3.2380956436519983,,0.3943571768257478,0.3,False,4
-0.46434286091722882,0.86639219393438471,0.18371247590941303,-0.88385015864343575,-0.46655513427810236,-0.033692784757498193,0.056520833160671011,-0.1780193050438782,0.98240242388265619,-12.368160085883963,3.4733077255651201,-3.3945685178404275,,0.2662352696441804,0.2834149755073478,False,1
0.86745839736933095,-0.49581994103732913,-0.040969682732136255,0.49682600544528199,0.85900815147413379,0.12356745532006612,-0.026073916980713902,-0.12754443057511872,0.99149007513063492,-4.461146043580456,-11.34869474641061,-2.793269834010681,0.4016892524153327,0.2452761586685965,0.8043478260869565,True,5
-0.8704503713698688,-0.48994589616073841,-0.047635803943128704,0.49003547742275783,-0.87163827078708755,0.010580915194108656,-0.046705265753519756,-0.014133072367543017,0.99880872764325956,-4.4113829826377771,11.025442465903421,-3.4874498563978369,,0.4654883443952307,0.6430205949656751,True,3
-0.22195868071887648,0.9651784964752701,0.13843703982415556,-0.97128842003184912,-0.2313304064366459,0.055543209935077609,0.085633808542956436,-0.12213399608460875,0.98881248871301919,11.789408794110591,18.188101217609074,-3.4470734876858877,,0.2355693553075772,0.25,False,4
-0.12923144896423422,-0.98583648278079161,-0.10689088743669327,0.98940625484574185,-0.13538216863528285,0.052411175217996382,-0.066139968783846759,-0.098985340500536367,0.99288841613509926,-7.2765643419738915,11.661737000833568,-3.5866953085570663,,0.09000923042940975,0.3076923076923077,True,4
0.4827494691066192,-0.86791726601219388,-0.11692976282879385,0.87396549634467224,0.46890809649821652,0.12770868505090635,-0.056011260263357308,-0.16384387811676102,0.98489487882076654,-16.270365365710717,9.428562427914974,-3.7380439111712147,,0.0994970060815517,0.2061855670103093,False,3
-0.96162473186655362,-0.26837836525987979,-0.057016910851202807,0.27095638060818672,-0.96160492491172855,-0.043573021391915795,-0.043133686027173462,-0.057349990810318136,0.99742190856415736,9.4591905721349914,-18.683331603662655,-1.9524993459563271,,0.146718203687521,0.103448275862069,False,5
0.28528942002673691,-0.94861801086221298,-0.13687153206064295,0.95628821669973119,0.2721639924369002,0.10695610231331321,-0.064208982409450693,-0.16140207770851769,0.98479773349115596,-22.747849536420127,19.954858966139064,-4.3102444038400085,,0.1333386168083696,0.1875,False,1
0.99479779467118823,-0.099509479548082605,-0.021799339380135434,0.10164537458851872,0.98379763513679985,0.1476835499437899,0.0067502253370019492,-0.14913107181037064,0.98879439616059195,-9.9505749599933448,-26.09450365030143,-2.5162860499061637,,0.4113068402660457,0.5833333333333334,False,1
0.18846270717377381,-0.96850846565984838,-0.16270574651787975,0.9777256534112192,0.16944957143002976,0.12385228864976763,-0.092381571031989268,-0.18242311993655688,0.9788704973827107,-9.0076860706733477,14.045018686772,-3.7397324823913189,,0.354092644795709,0.358695652173913,False,3
-0.23110642755516628,-0.93314642561580285,-0.27536805824775773,0.97022558110259127,-0.24212333071636832,0.0062140564007512195,-0.072471655954781958,-0.26573302595511905,0.96131879103651607,-21.009207814933696,12.586953703816764,-3.9441117492136968,,0.4517274654133033,0.2142857142857143,False,1
0.55167292402321344,-0.83001204249600591,-0.082079194752912449,0.8310136952957905,0.53858574978998586,0.13907418291686563,-0.07122656197313515,-0.14493239608440714,0.98687454999848889,-10.987771328964929,19.714801105333208,-4.0390876044011002,,0.1875716020791404,0.4166666666666667,False,5
0.91437969646370654,-0.39024036648584692,-0.10780643329566103,0.40464770833785257,0.87233325241436932,0.27439921441048665,-0.013038513406980073,-0.2945286965597072,0.95555368455727063,-22.72477685176813,16.92738412309166,-4.1563001800265686,,0.1143432242827122,0.4782608695652174,False,3
-0.98447313695625494,0.17496189615109389,0.014176653579925931,-0.17553483862873398,-0.98144041908870017,-0.077215440208428535,0.00040378099974976503,-0.078505023241897537,0.99691363632297358,14.251746178281538,3.2223955853470874,-2.6154424673001908,0.5331922033764634,0.2866271909473637,0.2727272727272727,True,4
-0.98952722485096456,0.14371793133857103,0.013454645685046143,-0.14433875188934611,-0.9861242106165754,-0.082008328472548131,0.0014818845346831998,-0.083091500453399858,0.99654082032329627,4.55795311178038,-8.2362166161575256,-2.4792428266905495,,0.8082947356399139,0.3378378378378378,False,3
-0.24087100297224273,-0.96497498858605424,-0.10394436651637502,0.96820976061244357,-0.24635053359471412,0.043373656202745935,-0.06746124355465373,-0.090192494149702901,0.99363690280560513,-8.2834125735708479,-9.7153255862105947,-2.9387227880522242,,0.07366282952693613,0.2592592592592592,False,3
0.99551081339138769,-0.078077019808728165,-0.053499527087679188,0.087852194906521297,0.97257253668345989,0.21537096540436074,0.035216647638928456,-0.21910417583169717,0.97506571463783309,-3.6005006094284058,-15.880960865826426,-2.6706922935704829,,0.4938238234308208,0.3863636363636364,False,4
-0.030251336355274404,0.97363865741744515,0.22608100634744749,-0.99703837943820295,-0.045393445509018041,0.062079827899740002,0.070705916131265756,-0.22353344243574461,0.97212832153829543,6.607771124285998,-4.874368261812795,-2.5360941206757981,,0.6647212784523954,0.7678571428571429,False,1
-0.98640386025518223,-0.16292037759280173,-0.021549362837337271,0.16346054542976307,-0.98620016250242049,-0.026265748951911722,-0.016972759395002441,-0.029431106761714218,0.99942270105961728,-1.2499967003427721,-19.28501693183237,-2.5454896270064316,0.8096997657845001,0.3771982712372548,0.7857142857142857,True,5
-0.88704368714815363,0.4494126151725385,0.10574402306697239,-0.46123367052617414,-0.87274907441895588,-0.15991420910540732,0.020420535339727625,-0.19062359356762551,0.98145078700452615,-16.431369624699723,-8.3044482585726254,-3.2463938543336321,,0.3408938918064764,0.3508771929824561,False,1
0.7579223230586668,-0.61559654191273949,-0.21585793891916391,0.65133728642272515,0.6957384975157197,0.30283276307237339,-0.036242123624773928,-0.37012003547449895,0.92827671941911882,-7.4839647966054867,15.831573478341996,-3.7791495370164103,,0.4837338339011536,0.3382352941176471,False,3
0.62124929360351677,-0.75972508078964007,-0.19200811653757721,0.78076169751019031,0.57923563498130215,0.23430162370076518,-0.06678687669100021,-0.29547230121787044,0.95301397278050359,-9.1309113876286379,-24.379842759744193,-2.6368682063744715,,0.1788264815919392,0.375,False,2
0.89033507839523474,0.45454809686917375,0.026257871421063658,-0.44867494258766821,0.86610161336172009,0.22036059363275379,0.077422503659501721,-0.20797601535955826,0.9750649890967561,16.094638386160977,-16.261386047784121,-1.7638428687152801,,0.2521841367713181,0.2068965517241379,False,5
-0.76181508213326987,-0.6333595073457482,-0.13599086399104704,0.64541838244467065,-0.76007137792710122,-0.075674381784745615,-0.055433674213291553,-0.14542088883908519,0.98781570793972817,-8.1981842276682393,16.550927283458872,-3.8282511398186023,,0.2464993145875877,0.3181818181818182,False,2
0.75837815745434656,-0.64943925268726199,-0.055598807227874761,0.65180590894879631,0.75515763758750865,0.069899924554234716,-0.0034098908465129835,-0.089250207071272111,0.99600340018603928,-0.73427585782091243,5.7197533544544248,-3.1618711920316955,,0.2061692522548479,0.5388127853881278,True,5
0.028101153175521261,-0.99594166613375679,-0.085501595592853641,0.99709603754282439,0.021871298818100023,0.072946132210072109,-0.070780061504676819,-0.087303172604020346,0.99366409764400188,0.47636875436080217,-6.2074845677703321,-2.7262046761683529,,0.09400366099793848,0.359375,False,5
-0.12684730079328735,-0.97530697095525454,-0.18079290552326349,0.98734289512194773,-0.1416403872695346,0.071358308180241137,-0.095203832557662002,-0.16945298197500863,0.98092910914403497,-17.310968512874993,16.060724540569691,-4.0093575561656776,,0.2090646894332641,0.3461538461538461,False,3
0.81571343272769703,0.5769000594679321,0.042401852005480044,-0.57603796340822699,0.80342244745543734,0.15064075025443169,0.052838058065189493,-0.14730475997269185,0.98767881789035472,-1.5802046948351096,13.043507836989578,-3.5051507601014871,0.6188369017983553,0.3930604612463375,0.2380952380952381,True,3
0.57299135732175577,-0.80803261142864424,-0.13698249268566595,0.8180897061366631,0.55390456127992271,0.15465758858369988,-0.049093147666459856,-0.20068142878976794,0.97842568802699437,-28.577573281689475,6.2658017184742727,-3.8408442254540596,,0.1618255112188857,0.3684210526315789,True,4
0.9997350209210194,0.01938798938786299,-0.012409424303588348,-0.01755603146734824,0.99086286491119846,0.13372572190528814,0.014888710594536248,-0.1334724271430961,0.99094068313363981,2.9437208313876191,8.2980853684294047,-3.1789543000434155,,0.08300939278353692,0.4545454545454545,False,5
-0.97517454399653913,-0.22046684467223623,-0.020711811640023097,0.21994692337947,-0.97519827508264478,0.024732067680259005,-0.025650723908874046,0.019562583574349923,0.99947953740276685,1.1619016412892305,9.9969917937703379,-3.2989535300463073,,0.111342274835911,0.5681818181818182,True,5
0.096723638794869157,-0.99253666847658273,-0.074266408474407353,0.99238993556942801,0.09045820387741775,0.083543576244852411,-0.076202056919663586,-0.081781875013228589,0.99373284711764198,-17.967449015361662,11.903069030316127,-3.8614501392588538,,0.09982113889488516,0.3333333333333333,False,3
-0.99045978584996008,0.13687100512670775,0.015991890746772656,-0.13774065281476966,-0.97986452642866995,-0.14454418842997474,-0.0041140219023494753,-0.145367939389412,0.98936911060607902,12.142043838733235,-12.09522679301233,-2.0756407806711628,,0.2291432884218453,0.1666666666666667,False,1
0.051654537936952336,-0.9522986290911567,-0.30076424279096603,0.99618450410654602,0.027920473242595986,0.082685433734751249,-0.070343745198236496,-0.30388775593138451,0.95010735672684521,-16.124101024837717,-9.0840943747503857,-3.2323193449397558,,0.3497204374041099,0.2352941176470588,False,1
0.18465140954254353,-0.97106746859722726,-0.15143258693598163,0.97995773229486616,0.17019965815454105,0.10351289426723331,-0.074744229673292834,-0.16751133632160276,0.98303268121375087,14.241704116237406,0.042359203720528482,-2.4646760298282784,,0.7074142312136323,0.625,True,5
0.98387807548841189,-0.16944378706806604,-0.057207828111627834,0.17836885209826234,0.95294101090767525,0.24512850167086772,0.012980183911094591,-0.25138065310259733,0.96780126166033942,-12.801507669116047,-6.6909343439189692,-3.137202601057326,,0.146544330573685,0.34375,True,2
0.73404461040612767,-0.67819324557099014,-0.035106005121669968,0.67803380392503854,0.72901354857828704,0.093858439813559541,-0.038061406551231247,-0.092699340079529124,0.99496641233770378,-0.73878539264093168,-14.968355300543255,-2.5417742928232094,,0.07737188266234121,0.5294117647058824,False,2
-0.28589321008391322,0.95571685743684998,0.069787970589114998,-0.95653031318404325,-0.28899457273488172,0.039139454388367544,0.057574581092279344,-0.055564605108061646,0.99679373105534419,-13.087207959905131,9.4561771629265188,-3.6517521862735314,,0.097195280459873,0.3333333333333333,False,5
0.98085027204780739,-0.18939485602249481,-0.045412909353648091,0.19424124612990851,0.96831835959483237,0.15693913716302491,0.014250688602467662,-0.16275485548453816,0.98656361928188119,-11.294714465064885,-13.315854847755952,-3.0279954895542098,0.8039429530291586,0.4568544984580725,0.8053097345132744,True,4
-0.99384226610134119,0.10886857462668476,0.020619979857077787,-0.11063632769929539,-0.96476615638511853,-0.23871712650561927,-0.0060953345901932354,-0.23952848881216562,0.97087020241821986,-22.543317450129912,2.9309018899534487,-3.6292558936079766,,0.7500181303783693,0.4615384615384616,False,1
-0.67835605629948759,-0.70275190260616682,-0.21441274277715078,0.73213130228479983,-0.67106897047330571,-0.11683404077006762,-0.061780394111488772,-0.23623335973420773,0.96973036595340201,-4.7215699932644659,-16.524551973180326,-2.7188028532823778,,0.1035243806412892,0.2,False,1
0.87139464151708057,-0.47234918493744588,-0.13250519319728424,0.49005736131468847,0.82561278187293208,0.27965571159789182,-0.022697166268145486,-0.30862563389480313,0.95091274928167169,-18.796542440252242,18.863225858276063,-4.1587260962655819,,0.1198883516455637,0.2142857142857143,False,1
0.97341124029667025,-0.22538261732601134,-0.04090517169472016,0.22895803984506344,0.96276414353553275,0.14374776489600744,0.0069837851058148701,-0.14929125804804569,0.98876860135019828,-2.5631356400326042,12.927354263416037,-3.5219535964498658,,0.08222717746102903,0.4090909090909091,False,4
-0.99600113093260145,-0.084885495565446348,-0.02786036294787738,0.086988839745710977,-0.99250309207930176,-0.085851930512480287,-0.020363912705417757,-0.087932160530907771,0.99591829293556644,1.8173635203491985,5.4294581051985249,-3.0666849387976134,,0.0739508160542396,0.325,False,3
-0.6603240556156299,0.74363633960309261,0.10477182826046948,-0.74968548447709893,-0.66092899260517379,-0.033831067057485426,0.04408872803409912,-0.10088538623420448,0.99392068240112175,11.625898451800872,7.8187931197860605,-2.9183358872830758,,0.07610614253134361,0.25,False,4
-0.75538157692175922,-0.62959425897708465,-0.18168583409361372,0.65313540733730291,-0.74582570776755819,-0.13098913434081777,-0.05303595883485164,-0.21761223011613298,0.97459330203647065,-10.551653810725663,-19.510840684476786,-2.8878433527091874,,0.7131628075929191,0.4705882352941176,False,2
0.37581462883395456,-0.9247562879650415,-0.059909703917768828,0.92489178980277365,0.37026786056824396,0.086469003611916714,-0.057780116907282665,-0.087906309781113773,0.99445157689595332,-7.8357352162314902,8.0805041445654702,-3.4633912398984537,,0.6550824812343795,0.9818381948266374,True,6
-0.88412769826648718,0.46517725887219508,0.043912765640008275,-0.46721236589420789,-0.88126892826950076,-0.071257850250075,0.0055514244604645997,-0.083517626252643001,0.99649083678254857,-13.390404135718228,1.6755794063869454,-3.3394681413632221,,0.5304934512716921,0.2881944444444444,False,2
-0.38332028024495679,0.92293638615048335,0.035411719421875196,-0.92192173459297333,-0.38465688321401714,0.045819182458451554,0.055909552296640713,-0.015083411933766416,0.99832189831057261,-9.3947386161891302,-1.4679312332224723,-3.1214140492808071,0.1877658993913175,0.1275718537865932,0.4659685863874345,True,5
-0.99987815448083572,-0.0064425551183362236,-0.014218638315471948,0.0061881975162228053,-0.9998213277230763,0.01786109855428223,-0.014331168950899359,0.017770934517148156,0.9997393717779095,3.385914314444582,6.6587418979060295,-3.0864919719890822,,0.08287691866776399,0.125,False,3
0.43210456126525476,-0.88095450198431913,-0.19288549340819239,0.90126958117302114,0.41435062065186912,0.12659662403720379,-0.03160364197316444,-0.22854480654561157,0.97302028818265685,-13.184549506335062,-27.993227336004477,-2.4107084656473505,,0.4624447165638125,0.25,False,3
-0.94258032667209457,0.33298924124164336,-0.025700058133074761,-0.32239053869040135,-0.92727034325464863,-0.19035243913152225,-0.087216216001622285,-0.17113700867352361,0.98137936392031289,3.9526247816562483,3.2680539733169978,-2.921132930014791,,0.3011015441571863,0.25,False,2
0.70728287839582538,0.70639918249555,0.027406657908906385,-0.7043622064200743,0.70088161655197079,0.11242260336134217,0.060206412408992396,-0.098818796537479714,0.99328245396549908,-18.036531776170342,-13.595354495058519,-3.2558766603451086,,0.1108979458197009,0.3157894736842105,False,1
0.39420398070032203,-0.91730399468963975,-0.056183653551990953,0.91854226705106645,0.39128378989683593,0.05636576447327063,-0.029720788022992654,-0.073826669235437514,0.99682811841806207,-3.8256954372236285,3.2478573111412667,-3.1362023966878403,,0.3968873733375561,0.9695481335952849,False,6
-0.80778295164668801,-0.56570285949590937,-0.16573164389191677,0.58706969329048464,-0.79742929756793612,-0.1394836571076517,-0.053252964694765044,-0.2099685455930487,0.97625679593678572,8.8807373459742429,0.72737342544784545,-2.6650712167398369,,0.6969386600648855,0.2019230769230769,False,1
0.88564471106334675,-0.43736886392949248,-0.15601898163540223,0.4639008889530688,0.8183356430629557,0.33929742191960832,-0.0207222342925504,-0.37287431147474526,0.92765043893061416,-18.161578369051771,13.939146067363149,-3.9488280562048423,,0.1674727410887509,0.2,False,2
-0.95342232396465465,0.30044727323377646,0.026782609511147644,-0.3016366752807037,-0.94997130159402265,-0.081054563556672413,0.0010900878136332962,-0.085357847642427445,0.99634976266089004,-13.973268431931553,17.529568019201054,-4.0097944193288395,,0.181032473675027,0.25,True,4
0.96513533538069674,-0.25725870696086445,-0.048288115436566678,0.26173181640452259,0.94624354826666601,0.19005158153853718,-0.0032001064326641522,-0.19606403305179174,0.9805858729669148,2.8732186975311738,10.361620434196855,-3.2715393286233443,,0.1245526920128834,0.3333333333333333,False,5
-0.88507921559046721,0.4651589982901177,0.016182967573880668,-0.46496615720474932,-0.88521195185619694,0.014362205443096937,0.021006065410048284,0.0051871572827290099,0.99976589190435627,-6.4873894334249105,4.896455358151945,-3.2891178621186086,,0.1551734550821054,0.7147102526002972,True,5
-0.62527304200821143,0.77499135773124872,0.091771555395307208,-0.77843545920862789,-0.62771833355377626,-0.0028159487074890244,0.055424351908261817,-0.073198969680906709,0.99577610538373706,17.188671904614427,12.836134430378834,-3.0551144009230971,,0.8382880191189747,0.9811320754716981,False,5
0.99897579727470354,-0.043443965134020983,-0.012648254931250965,0.04510817867303725,0.97813125351849672,0.20303818140225915,0.0035508697770112382,-0.20340076888686853,0.97908912696447559,-7.9952749914684009,-8.6096727103222452,-2.9568834412049418,0.2446466882142782,0.1353527403954926,0.2045454545454546,True,5
-0.56008582836172083,0.8209952436598883,0.11077307775902474,-0.8271235582997214,-0.56169748328063041,-0.019040918617921412,0.046588455372265289,-0.10228757091674287,0.99366330749503884,-14.064005613406936,-12.521927685586675,-3.1406718589977922,,0.1829445775305036,0.2647058823529412,False,2
0.45548989582508276,-0.8847965939223511,-0.09830535176003051,0.88618318019604447,0.44010961363725609,0.14485475180915325,-0.084901860632624629,-0.15309642506431398,0.98455734149598773,-7.3576841769560035,-15.193080413032718,-2.8476074401420575,0.4627686847993982,0.469757123474578,0.8695652173913043,True,5
-0.14902279650411898,-0.98780876394805983,-0.04501168725451659,0.98620884585513813,-0.15178769430067687,0.065974299662524882,-0.072002211626923829,-0.034559249504159027,0.996805567698406,0.77695294046967178,9.0659160764790681,-3.2626371456379899,,0.07382956524845438,0.2142857142857143,False,5
-0.11359409692350081,0.99320405524574529,0.025339411744198098,-0.99137239226606599,-0.11498971390275191,0.062913794586095889,0.065400007620737596,-0.017974157559422315,0.99769723296360691,-5.4924361258134509,-16.136971689161786,-2.753910798162003,0.2421226933386219,0.2588860218691558,0.7619047619047619,True,5
0.95283781076437069,0.29993050438574126,0.046279573427982626,-0.30290593149385558,0.93053690017035029,0.20578890661839572,0.018657519760164623,-0.21010180856020699,0.97750147160816536,-7.3657148002436887,-12.993582993807349,-2.8790320770068334,,0.2318028457766939,0.3157894736842105,False,5
0.27084580622082222,0.96195634635244809,0.035812525250844232,-0.95982316011460078,0.26703587002694412,0.086205251734303351,0.073362460156502371,-0.057722022064395556,0.99563352575562825,22.025058335008506,1.7322727625441545,-2.3263956765911451,,0.1164987801625474,0.2631578947368421,False,4
-0.61435607285673011,0.78761234003074343,0.047259047550221277,-0.78784148287184341,-0.61561493832680059,0.018001265932847649,0.043271394827898629,-0.026173451056123342,0.99872044980037422,-19.33995694818849,-22.660241815616402,-2.9811272477494732,,0.2971475822272377,0.7096774193548387,False,2
-0.58973678917713224,-0.75996719932366541,-0.27324050842287639,0.80491654280379032,-0.58065138043952125,-0.12228382360096805,-0.065725783463122939,-0.29205107489242932,0.95414165145555618,-10.773397747046078,25.249004355873442,-4.3037511772370172,,0.5018575083673209,0.3461538461538461,False,1
0.90229999053613807,-0.42900495160836877,-0.042537966265292909,0.43073153757006777,0.89298469043814999,0.13057061379042054,-0.018029687213353317,-0.13613630720194739,0.99052604016270396,-0.99941591909389393,10.888764197216046,-3.3944417593406704,0.6532265963891811,0.6220129463817348,0.7671232876712328,True,1
-0.89823214885518154,-0.43088447462164808,-0.086703957770272719,0.43864848290099606,-0.89125880025649362,-0.11508805070036535,-0.027686011118566441,-0.14140834662558543,0.9895641284388601,0.089234085730004006,19.94525088703098,-3.7957532956371778,,0.5367148565976868,0.2954545454545455,True,4
-0.98013704667731893,-0.19615260340830051,-0.029249374468700292,0.19636260041231723,-0.98052120395414333,-0.0044606900397238525,-0.02780465590466627,-0.010115570792785498,0.99956219233100263,-12.285062324907324,-14.067116308070277,-3.0717071672525162,,0.3218495690912547,0.3333333333333333,False,1
-0.99954627075456293,-0.026430727559390198,-0.014445388929621751,0.026381275073616425,-0.99964545927741577,0.00360334171774844,-0.01453550639423783,0.0032206189973320661,0.99988916719161325,-7.3547086574605469,12.838069186783503,-3.6466763367063662,,0.206062645097522,0.6993006993006993,True,5
-0.33505637210175554,0.93889806014584443,0.078788705842783677,-0.94021614221208416,-0.3386015524013718,0.036641433312672424,0.061080548768293039,-0.06180146734303231,0.9962177197763612,3.7134475277451995,5.5702927935351862,-3.0165416941947729,,0.07452803240815827,0.1428571428571428,False,5
0.038315019668574299,0.99903659128565825,0.021397395638983307,-0.99626701422191166,0.036533624718569011,0.078213366110156321,0.077356290249438353,-0.024314266126230888,0.99670698844825456,-5.4663562044716212,12.394280913400681,-3.5742419691236549,,0.08093010367003996,0.2954545454545455,False,4
-0.92281862644394574,0.38486403481873882,0.016895484341996014,-0.38435802881366132,-0.9227897723328089,0.026980395928143136,0.025974764187315282,0.018404096853781214,0.99949317198488674,-4.4826358991408588,-6.3903416541787283,-2.8820953372750608,0.16194524640551,0.1204145750765222,0.4045801526717557,True,5
0.97529253576116948,0.21864527292184172,0.03160244163799146,-0.21910138027862516,0.93902330177608917,0.2650091015069751,0.028267558234671704,-0.26538553719158536,0.96372789821659965,0.089155939480130758,10.140723862125773,-3.3391555168107971,,0.08607585148424343,0.3333333333333333,False,5
0.90095832576744139,0.42098494867809227,0.10509884974077663,-0.43232379363051038,0.85027968458900793,0.30020092510873819,0.037016654241762877,-0.31590525630594118,0.94806837113523879,-16.720602177440789,-19.625578118346095,-3.1651752413091465,0.7537905071582114,0.476686008764161,0.5,True,3
0.58667027958717677,-0.80286742713018555,-0.10593336350017113,0.80290492416197845,0.55959323711756292,0.2054241751321729,-0.10564878515889606,-0.20557067744608537,0.97292293156693876,-4.6902721187839882,29.68468144462636,-4.4037870984222538,,0.3954588153491366,0.3846153846153846,False,2
-0.9991978261522495,-0.039150059161004155,-0.0084247896300719341,0.039282777911922535,-0.9990966252950122,-0.016211005016419366,-0.0077825170827731174,-0.016528950112142202,0.99983309919008412,-16.670153700997449,17.725055609213953,-4.0728750402072134,,0.2906350451685178,0.8313253012048193,True,6
-0.9010107208767425,-0.43233496401664018,-0.03558313861795287,0.43161641260211314,-0.90167482934457155,0.026263558382691565,-0.043439075009216753,0.0083054810317728048,0.99902155419549155,1.04834508573144,4.9636094413356338,-3.0686030656343597,,0.0791020771273907,0.3090909090909091,False,3
-0.96077787822437855,-0.27151348987998675,-0.056447263245019426,0.27523116788540658,-0.95851228862094384,-0.074175445985020641,-0.033965761276575031,-0.086802173796696802,0.99564637782953425,-10.226475249759254,18.911677357442898,-3.9949865319954831,,0.093545948070565,0.2631578947368421,False,3
-0.6671983671765489,-0.74133077240277589,-0.072629365449881772,0.74230496367401888,-0.66982429525622722,0.017853693999100514,-0.061884406289969933,-0.042001182997671895,0.99719918816901165,-1.4643804913310592,6.6573395632778718,-3.2247355925754948,,0.1078150993513729,0.336734693877551,True,4
-0.47464021504142867,0.86822168866310401,0.14459517834428345,-0.87839748112264582,-0.4776931241273823,-0.015071307800343381,0.055986886168261231,-0.13416548921540883,0.98937611153735316,-20.027544125268978,21.267510476690994,-4.2986592946607667,,0.2985747217685079,0.32,False,1
0.82682830530359019,0.56245440064623786,-2.724838432429863e-05,-0.55884377940835561,0.82152604007702767,0.11308667336137665,0.063628482343822429,-0.093488034897729153,0.99358512648166331,2.1501618817769566,9.4452000236216094,-3.2437551819264119,,0.1069270283275244,0.2571428571428571,False,5
-0.97118659007858144,-0.22268833379715253,-0.084891184714234416,0.236352193554483,-0.94567413357077001,-0.22324442590389143,-0.030565468318390375,-0.23687621046829885,0.97105891328006266,-16.715710243517552,6.7220037587926553,-3.645057234976699,,0.08133827016413492,0.2,False,2
-0.99345136615234941,0.11277824376536852,-0.018315316629275817,-0.10855394457720285,-0.98167522418982833,-0.15661990719119989,-0.035643010629870547,-0.15360606089946344,0.98748911581251864,-26.477908756884052,2.3835784181745865,-3.6509120167345901,,0.220136088296958,0.125,False,2
0.080157070338655351,0.99532177401402289,0.053938949269551624,-0.99399939151164018,0.075775446581606745,0.078887840443554791,0.074431537329371203,-0.059938700928010159,0.99542317552980941,-10.358433790374569,-1.1478830949030467,-3.1668374680416957,0.2862951537869107,0.1629646331064624,0.5685714285714286,True,5
0.57921715599055346,-0.81377889012013149,-0.047659250949455029,0.81355534089487802,0.57339697517521293,0.096662382348747841,-0.051334135890597841,-0.094761948348291561,0.99417552757931171,10.388844749329818,-10.023531208495841,-2.216922988043216,,0.242537720652371,0.4909090909090909,True,5
-0.80886219467183718,0.58788197998164748,0.011693059630296689,-0.58721595503732793,-0.80865177187353532,0.035492731585374443,0.030321150708029401,0.021842377586931295,0.99930152524705573,-1.9298950850167178,10.066782935893897,-3.3865564477043923,,0.171077258695122,0.697986577181208,True,5
-0.46785701380347416,0.87148363484155522,0.14705811381304071,-0.88210337502918124,-0.47076492982255141,-0.016553447112254191,0.054803744370488058,-0.13746510485400149,0.98898932984661425,-12.227261510876923,-20.810117242399915,-2.9469838927434484,,0.4701084986362134,0.4166666666666667,False,3
-0.64488588641819711,0.75826124203811607,0.09571876681942558,-0.76293204051239305,-0.64611271720237029,-0.021749901815124414,0.045353004952415801,-0.087053118796429518,0.99517076898872114,-0.58699972771142594,-16.956487521620538,-2.4920139510309185,,0.3402527166458173,0.75,False,1
0.95266084169551146,-0.30247030776104566,-0.030806389320089549,0.2996438634043177,0.91691045805818583,0.2636072211220033,-0.051486656758204144,-0.26035922266451123,0.96413806031573979,-9.6836851165053979,-10.207677436463307,-2.9871429828567275,,0.6238878340318079,0.5652173913043478,False,3
0.95061424125313021,-0.30946984656529364,-0.023684982448585759,0.3102517609321257,0.94531716012715239,0.10059478916748812,-0.0087412336229720985,-0.10297514669079054,0.99464551977011362,-22.883300473853563,-1.4254808299177242,-3.461398143891806,,0.1858068543028429,0.6896551724137931,True,2
0.88619007350042456,-0.44274082144450777,-0.13655664998804087,0.46312446380055422,0.83786143359049559,0.28897049872111485,-0.013523485451719979,-0.31932551280523036,0.94754859095083632,8.308671910835189,7.691790561923229,-2.9923856233951822,,0.2784696722197769,0.25,False,4
0.60528429115877713,-0.78144123386104491,-0.15159328777404593,0.79455078259431533,0.58159434768672236,0.17446222690776575,-0.04816617854031828,-0.22604781078476213,0.97292466639726982,-13.789366238363369,24.980730681987271,-4.3417361324263508,,0.154700265598527,0.4166666666666667,False,1
-0.62401755054871155,-0.77058578917251963,-0.12961341802665707,0.77876702044497159,-0.62692343348275814,-0.022111906689657554,-0.064218567988148956,-0.11473687321675005,0.99131802437461836,-9.8428281390861887,-22.382107327512134,-2.7987260002637866,,0.4625290826714159,0.1666666666666667,False,2
-0.92524092164644811,0.3780146536441904,0.032158335483898411,-0.37919641443511021,-0.92410183874400298,-0.04739062048031821,0.011803227964766242,-0.056042066880302353,0.99835863824048543,9.8453134453771334,3.3683547538863454,-2.7444285140418128,0.1910741670598969,0.129990499841805,0.25,True,3
-0.74681555829248314,0.65741881074007869,0.10033458614749131,-0.66400888483082776,-0.74549449378162513,-0.057707543761623528,0.036860856718315259,-0.10971994816978305,0.99327881796382489,-19.810303789391146,10.666221553806519,-3.8577361107992507,,0.1546749802248786,0.375,False,1
0.055284058931512524,-0.99004504695947004,-0.12943908922376537,0.99635040739027592,0.0462572718132854,0.071736535305399446,-0.065034902331656055,-0.13293257612569115,0.98898907561372962,8.5312155634851976,9.2563022988768129,-3.0691967829183429,,0.563142683576152,0.5862068965517241,False,3
0.73454161940912033,0.64884814400886426,0.19860688651726049,-0.67590440388134121,0.67373556358042752,0.29871998122116439,0.060015382775054804,-0.35366152799423417,0.9334461299117095,4.1824639844053468,-2.7466570957859338,-2.6814901533866311,,0.6052046356148474,0.4503816793893129,False,2
0.97785149009119765,0.20417836779010459,0.046018012266858671,-0.20769045697630961,0.91937377832985978,0.33409060118543982,0.025906319835046203,-0.33624849419149172,0.94141691760163204,-21.533392503697229,14.33099650434306,-4.0335575927665808,,0.4100467055321599,0.3478260869565217,False,3
0.67489055645173612,0.73547780437132981,0.059959453711617178,-0.73468901757170701,0.66212276652765534,0.14773452374203269,0.068954943780611358,-0.14375618707691679,0.98720786788058001,4.365517764029895,7.8334172372550483,-3.111778669646613,,0.1340892422365591,0.1428571428571428,True,5
-0.2223167224450214,-0.97335539514480374,-0.056165377803482561,0.97172343789690518,-0.22590794311794427,0.068696153298713702,-0.079553976413024419,-0.039304910364027799,0.9960553643538862,-9.0364757358125232,15.379587555153927,-3.8056610731056923,,0.08721587812799382,0.4090909090909091,False,2
-0.90253902018278698,-0.41527838906415132,-0.11387351151070736,0.42842867889789854,-0.89257573482470176,-0.14056110664029975,-0.043268743283080668,-0.17564856156094133,0.98350160074921888,-16.177916155351713,7.9284070325243912,-3.6810610013665634,,0.0868712890236783,0.2631578947368421,False,1
