axis_00,axis_01,axis_02,axis_10,axis_11,axis_12,axis_20,axis_21,axis_22,location_x,location_y,location_z,dbh,dbh_approximation,score,reconstructed,number_clusters
0.77920192981518199,-0.62642511491517228,-0.020878888280019613,0.62461136449634946,0.77331947092213449,0.10880091559687483,-0.052009575217501131,-0.097819074296493461,0.99384426988813079,8.6551818986891149,-6.928829119471267,-0.98859618971524033,0.1068012760264885,0.15300823804421,0.3214285714285715,True,4
0.8140306471493105,-0.58031844139196664,-0.024178752698858729,0.58058861114038574,0.81181850471872508,0.06218987064089046,-0.016461169938738252,-0.064662369092473207,0.99777142067088498,-7.0618741235923563,-19.967460229189125,-0.89537211496932101,0.392511055105049,0.344483444959542,0.8108108108108109,True,5
0.73941728428231579,-0.64074606894036601,-0.20665564314103116,0.67272139623534422,0.69104020639794839,0.2644037749137681,-0.026608321099511299,-0.33452639399447859,0.94201066287453283,-14.154581193114971,25.072446215414036,-1.4018692102700578,,0.551166202627039,0.4074074074074074,False,2
-0.37899318194043147,-0.91214393780136505,-0.15606923071152107,0.92496178458379963,-0.37857414851123461,-0.033575454405639811,-0.028458128930387027,-0.1570829424578386,0.98717530565070766,-10.515191683303664,-14.592156907839012,-1.0389449653532623,,0.7985174880728455,0.4196428571428572,False,1
0.70585853342128824,-0.7035002877121429,-0.082771226795797792,0.70791995495425952,0.69651022501358073,0.11714454246396369,-0.024760213527114532,-0.14128287808671114,0.98965957792850567,-14.993880839530254,15.53112827915564,-1.3936245612408997,0.5349727662362516,0.5281316146727324,0.7875,True,4
-0.029837057050672716,-0.99871841574129339,-0.040881243691399595,0.99898741136624558,-0.031173009128334359,0.032440644778610868,-0.033673460741689976,-0.039871914439683916,0.9986372356769958,-2.4010776646913126,5.7002772176810312,-1.3528423992439866,0.124138729323585,0.08490309316780734,0.4266666666666667,True,5
-0.52561718728493989,0.84974845391803788,0.040671089173674659,-0.85037009365201943,-0.52617289149680102,0.0035766012010089929,0.024439235931675414,-0.032705554846233074,0.99916618759307285,6.8876770043102731,-1.8929071017106398,-1.1080561063041834,0.6054362284907994,0.5219751013794974,0.9625,True,5
0.71222011317167977,0.6855629481526504,0.15081762003813276,-0.70155068348476768,0.68788326564220892,0.18612697642057638,0.023856841697412545,-0.23836958062986341,0.97088145215292265,-19.689971011680569,18.406903255418253,-1.4591020718188945,,0.497487912154183,0.1111111111111111,False,5
0.2401770580030913,-0.95764522851557699,-0.15884142126765941,0.97029569059702614,0.23194494415105621,0.06875911351672262,-0.029004372391448655,-0.17063750813966358,0.9849068926543596,1.420731915967252,-7.9636204587765986,-1.0537682156134294,0.4817927009977373,0.2515999287796232,0.2967032967032967,True,5
-0.93482373553073439,0.35232094681696252,0.044435727994067739,-0.35502129607029603,-0.93006823264275595,-0.094514347933779552,0.0080288744498197614,-0.10412988554098845,0.99453129870924084,-0.58736699805504822,2.5547049158480895,-1.2965870634481071,,0.06814004200665659,0.2727272727272727,False,1
0.13065049148073574,0.98989457850671769,0.055128690523639272,-0.99106395548747206,0.12889263826461833,0.034335461766417323,0.026882805087435648,-0.059122003046203069,0.99788872302799203,6.0779195117339029,-11.398410152055726,-0.92397767026439348,,0.1278165898662128,0.2105263157894737,False,3
0.35828027647373017,-0.93318635107341974,-0.028257347012487569,0.93319991278204395,0.3570558370049623,0.040608521818351818,-0.02780586760906965,-0.040918986191773941,0.99877548542980599,1.8131551448345189,-17.595892234386447,-0.83856420386454511,,0.0715332994116267,0.4285714285714285,False,2
0.55470553604794748,-0.81759673189343596,-0.15439349816274953,0.83147787336141854,0.5378389781582299,0.13918972549754677,-0.03076222339381101,-0.20558408880767653,0.97815585058874188,-11.775767038666602,-7.5519192813566605,-1.16340871403525,,0.2359652326382702,0.2222222222222222,False,2
-0.057900079054146424,0.98223042266980787,0.1785244454617245,-0.99774069587200109,-0.0508299675750973,-0.043929696074192871,-0.034074692168528938,-0.18066463732066435,0.98295432456214071,-7.3836292874690725,-10.403667632252535,-1.1085647733312323,,0.437833335453595,0.2809917355371901,False,3
0.46243586684014448,-0.8853859669699411,-0.047378882980810472,0.88635385054700799,0.46023218101151192,0.050627968376004299,-0.02302000608816452,-0.065406643806970338,0.99759312861788085,-3.1402287675378657,-18.586739716558359,-0.87071284861768561,,0.09534550078565526,0.3684210526315789,False,4
0.84308771766264179,-0.52884866206430614,-0.097581724514338927,0.53661684106968599,0.81539696656559091,0.21718690751522146,-0.035291163296077947,-0.23547161091823202,0.97124026597170265,-3.3754857389019111,15.713067776144095,-1.3531008494669809,,0.2645855273659086,0.3,False,3
0.6704076133385064,-0.7385430123083534,-0.071469230779906301,0.74098383686500069,0.66136095898753022,0.11638142219407888,-0.038685727117245314,-0.13098053633115861,0.99062985702017492,23.93697536561341,1.1533865159488028,-0.98967033979472907,,0.4272799404832128,0.8333333333333334,False,5
0.84435394086638249,-0.51906503230089807,-0.13280781146407292,0.53544265921102774,0.80860963339591918,0.24382702778063758,-0.019172408310710272,-0.27698727953063834,0.96068229177901632,-0.17444868158030799,10.719871099167516,-1.3153272805898546,,0.6329848457683528,0.6111111111111112,False,5
-0.45475461245015558,0.88960442540094964,0.042452429404643555,-0.89026565329666585,-0.45539696284512926,0.006377522378949313,0.025006179547678826,-0.034893732080124272,0.99907813430479531,-0.78306101976740228,1.6737127403548386,-1.2957830227787277,0.5799561892347492,0.5457325884556973,0.9983836206896551,True,5
0.60635436683137434,0.78382651175773965,0.13397903302464104,-0.7949749422486343,0.59356139155043652,0.12529850620614041,0.018687509767326679,-0.18248527043683313,0.98303097766667158,-0.03291853073471937,19.209419177922435,-1.3500405529602353,,0.1820431727567323,0.3636363636363636,False,5
0.94309063969678986,0.33099203048484133,0.032005016354034521,-0.33084333392254223,0.92423693834455656,0.19060107606857113,0.033507218853811728,-0.19034273706921945,0.98114571228216696,-11.841499218940731,7.0310657634971783,-1.3448161948602142,0.4720500469093451,0.3443715060937133,0.1491935483870968,True,2
0.95828335273001553,0.28514255053095189,0.019665750868585945,-0.28557845742930993,0.95237727862630983,0.10687592717090615,0.01174566016950555,-0.10803353661270471,0.9940778613539959,-13.678340095539054,9.3278109676652541,-1.3721667938359794,,0.2963070846590984,0.4117647058823529,False,3
0.48723507222813783,-0.85698863437193185,-0.16784655179113384,0.87304133127383365,0.47361841037683128,0.11612250100534707,-0.020020446509876378,-0.2031159321901061,0.9789499986271466,-24.593487724877619,13.51255633223446,-1.4380473491875336,,0.4160519687927001,0.5555555555555556,False,2
-0.94354841320923466,-0.32980310454244799,-0.030762057221510576,0.33101003948661495,-0.94225302493503726,-0.050907668968856061,-0.012196134199245069,-0.058216400051326819,0.99822948517645915,-2.5007762460361942,-26.809926782397181,-0.68493250277196049,,0.2509842124939397,0.3125,False,5
0.50115170114221663,0.86530957729725178,0.0092902034376901657,-0.86498257652678789,0.50058777110598762,0.03488589577777932,0.025536537497111704,-0.025518990120895434,0.99934812072463897,-17.601748559534187,9.1642767437688324,-1.3866267288558325,0.5085620064258807,0.4400824212001228,0.9330357142857143,True,5
0.73296462356689851,-0.64495908564266347,-0.21631143854732821,0.68008111762096912,0.68730399780530926,0.25515267597313751,-0.015891320110317419,-0.33412720997820394,0.94239401181105398,-9.6823145200513068,12.158328064343449,-1.3648835829995543,,0.2330801305896491,0.4,False,2
-0.53300613501951599,-0.81009913165203151,-0.24422091828543763,0.84069241813327278,-0.53966696918806789,-0.044674606440294369,-0.095607102899250188,-0.22912651366437223,0.96869000336083899,-23.695002031889732,-4.8219594750914885,-1.1510929048815066,,0.7646660376638419,0.4074074074074074,False,2
-0.99606885827075908,0.088579796706245217,-0.00067022284924868249,-0.08858143021818346,-0.99606434933556387,0.0030236076500125136,-0.00039975453528915805,0.0030710907183580335,0.99999520428755628,2.4781417456906332,2.4012128691980861,-1.2461432231053382,,0.0882170227649188,0.1147540983606557,False,5
-0.48549793280136988,-0.86752332672880872,-0.10814358430797087,0.87291686461190776,-0.48783869873203017,-0.0054361287286020729,-0.048040656965855237,-0.097039587802185967,0.99412042212071516,-5.2294735125073597,9.2204776744700876,-1.3465064920617358,,0.1070544454056553,0.3488372093023256,False,5
0.97664736558677634,-0.21468449675652823,-0.0083958409231108914,0.21480363942960423,0.97489765400115536,0.058600006065187116,-0.0043954271927264931,-0.059034998733290329,0.99824623672937218,2.0042796966335663,11.962878050517993,-1.2982084342508162,,0.07639339441503416,0.36,False,4
0.53417449062663092,0.84512304225476387,0.020607207812633407,-0.8449587869774754,0.53298918388016203,0.044352882390127746,0.026500224024208104,-0.041104419674924814,0.99880336643898782,1.803242068597537,26.530348945601478,-1.4004922710774343,,0.1581222182837168,0.5384615384615384,False,1
-0.67790693099291444,0.72680880123057134,0.11041358324747291,-0.73479705867430234,-0.67453608403600951,-0.071234499345176311,0.022704084992806829,-0.12942193703983862,0.99132965593564992,-7.7465379144149633,5.9793164863886323,-1.3764884996507549,,0.1720287488668456,0.1792452830188679,False,5
-0.78791281331260921,-0.61532242504972778,-0.02391049662247885,0.61546144079500675,-0.78816470353062651,0.0019013161272610143,-0.020015331931938461,-0.013217917362568096,0.99971229518709648,3.0144264640332361,10.62981908906788,-1.2993816923190007,0.1560260235835675,0.1172214589037615,0.5535714285714286,True,5
0.11484689245827873,0.99132684248602576,0.06388491730732665,-0.99286024746579593,0.11246233866573965,0.039758664263173378,0.032229183899624286,-0.067994953846001682,0.99716496426451173,1.5877347494216132,27.396369112905667,-1.3965575766635479,,0.2518122582933672,0.95,False,2
0.28093366539379172,0.90597556434533921,0.31667736334881064,-0.95928245854618133,0.25503243845510387,0.12139036230787992,0.029213701819586577,-0.33788567910580236,0.94073366447746942,-28.306701674005151,-6.9745251906685146,-1.1061201840750479,,0.7147591306819496,0.125,False,1
0.94370530497931593,0.32960757849701233,0.027913107158340191,-0.32725178338906119,0.91798401922384376,0.22407947411201534,0.048234506554706381,-0.22059960255398087,0.97417105670947246,-13.190988818987083,6.1972467686675952,-1.3389412705096595,0.4813127839899566,0.4154040823973412,0.1648351648351648,True,5
0.98412096136007376,-0.16291340950672298,-0.070463851829285579,0.17102199352770064,0.97655421104226836,0.13074154131500787,0.047512220970355248,-0.14071635974010821,0.98890924505737976,-9.4668437159315388,-15.939260048488475,-1.0037758204631881,,0.2046900794817834,0.3142857142857143,False,3
-0.90465483452285389,0.42437144342075322,0.038839520895823959,-0.42539345040330662,-0.89388980917713645,-0.14142638156735265,-0.025299065761412141,-0.14446413761986512,0.98918656997219223,12.965268109171573,-10.014770933738848,-0.89225478572735994,,0.3215221074409108,0.1818181818181818,False,4
0.061099636566482748,-0.98936380406351132,-0.13200794529278306,0.99692793956714121,0.053996554934627107,0.056736719728998256,-0.04900528259135796,-0.13506900186264212,0.98962358854969268,2.621355905507011,-12.098731030785199,-0.95459286651490882,,0.1733669793192419,0.125,False,6
0.83799531033101959,-0.54551216940898295,-0.013428808209370272,0.54533160328792774,0.83633457715450144,0.056195351331049498,-0.0194242713798282,-0.054414594388885455,0.99832947948002404,-1.9698149039052264,-13.626044292004185,-0.97411603987215234,0.4788472348223994,0.4272616284726083,0.7571428571428571,True,5
0.99756087628067847,0.06978687251296431,-0.0014458696295259633,-0.069222920294763415,0.99173724256508655,0.10800661560878982,0.0089713666735420378,-0.10764308679269341,0.99414912384699639,9.0774212891530031,-1.1503928393684402,-1.0841378563912234,,0.07074357732070921,0.375,False,5
0.92475821156659466,-0.38041164290847773,-0.010451415206928112,0.38039474194010925,0.92322225096349075,0.054410620564590333,-0.011049454487551378,-0.054292331554087449,0.99846394641466618,-12.382299697904433,2.5205334431628632,-1.3230412665193159,0.2433930342238476,0.2544084865312496,0.8764705882352941,True,6
0.87108811932175245,-0.48857471340523895,-0.050002377918266401,0.49101553343589988,0.86419882419179994,0.10983687081380593,-0.010451521475423643,-0.1202295374959855,0.99269110201126998,22.101858441586106,0.94323402275082335,-0.99150767740504975,,0.2693587420410857,0.6060606060606061,False,4
0.35624761871705041,0.91687705238453343,0.18006694579817611,-0.93416413682778943,0.34523313183935134,0.090285381680462504,0.020615518989943956,-0.20037603522139397,0.97950214133800262,-8.7060157621094021,-15.531379377905306,-1.0123948444801689,,0.1537010610483719,0.1363636363636364,False,3
0.60989052674117561,0.7907558233127675,0.052333290440385177,-0.79204213078999153,0.60600955233844389,0.073632095774923634,0.026510534604568724,-0.086357688548879055,0.99591141231711644,0.93215096485176319,7.1231239706160432,-1.3133119159239126,0.1318522331275276,0.09310072922107335,0.4705882352941176,True,5
0.44857783282144342,0.89188856912786851,0.057556130518482587,-0.89329865481288595,0.44539153228925699,0.060364693940383851,0.028203567340063251,-0.078493077555102472,0.99651562735625132,0.84433304818741284,2.8367124583933383,-1.2766336414048707,0.4917843513771913,0.4145124450424147,0.8961038961038961,True,5
0.61197889028067209,0.79059284012020659,0.021090258450393341,-0.79045025882649034,0.6105604764453697,0.049033589751714221,0.025888726735268631,-0.046678322093562735,0.99857443792366207,0.27043529055275212,16.523854936325012,-1.3435412551771131,0.2365812846333235,0.2645669159088716,0.65625,True,5
-0.28319875721296595,-0.95647810526187638,-0.070342718654330769,0.95861661942730769,-0.28453815914112585,0.0096027574341769131,-0.029200014910816346,-0.064712210186564284,0.99747666087080822,-14.110447744316334,-30.989476595822602,-0.70461244873175743,,0.3906220514678453,0.6666666666666666,False,1
0.55395409140117724,0.79763847863326431,0.23855339449169005,-0.83245697827899412,0.52645067182664029,0.17281513084184885,0.012257403252825042,-0.29431708672262114,0.95562922126136685,-14.684527435637971,2.7121362646786471,-1.3208466181230381,0.6846008840666622,0.6731145348541543,0.2216748768472906,True,3
0.16112595846331521,0.98446649661769636,0.069743405039883549,-0.98653650077473576,0.15865336460431756,0.03968428579260104,0.028002823936478113,-0.075198583344426737,0.99677530813848592,2.6768330574143557,-4.6116759472151152,-1.107365644195996,,0.08673793987295744,0.4102564102564102,True,5
0.63343201743490685,-0.77323437794151484,-0.029537705695287773,0.77352052075628153,0.63172027803039721,0.050945993896748497,-0.020733626245157309,-0.055118845185608646,0.99826450885931517,1.6120799870063145,9.355689290114471,-1.3134613542646132,,0.06453395539966579,0.3513513513513514,False,5
0.27934912760754271,0.95300125402608094,0.11727179852642261,-0.95939609397295422,0.27206438681702044,0.074431876876220035,0.039028192045532206,-0.13330258531099717,0.9903066297743649,-16.409793887460008,-4.6766607737981802,-1.1968269651196566,,0.6241875024578118,0.2826086956521739,True,2
-0.999026561675735,0.044087424551249331,-0.0014926696874211593,-0.043728056137953664,-0.9942073593671974,-0.098181381567480602,-0.005812587440532182,-0.09802053650404656,0.99516741719707835,5.8701132159581038,-3.9607649497797106,-1.0820003754388741,0.4252694201486701,0.1504205829742374,0.3461538461538461,True,4
0.99622027194729035,0.081840829500775578,0.029107531463389635,-0.085500234858772672,0.98302062889354413,0.16235810114938976,-0.015325782210443024,-0.16423313245616961,0.98630248838947587,20.927012438557316,0.68921347138137357,-0.98698963090452729,,0.409715870523323,0.2941176470588235,False,4
0.9989536171463127,-0.043575757302069133,-0.013886114137831725,0.045693112408678627,0.96388690317555215,0.26236268287439668,0.0019519909594024375,-0.26272265083580931,0.96486942042387236,-10.991009420907567,-2.0448743712877375,-1.3115060445759885,,0.1921848434862569,0.3109243697478992,False,4
0.19255171661078238,0.96467071916157277,0.17981724061539509,-0.98065299372382519,0.18258376495298392,0.070589479925074999,0.035263895569548058,-0.18993044086688013,0.98116404607046848,-22.630528067598835,22.667101814742047,-1.4748965244044616,,0.321145627635276,0.7241379310344828,False,3
0.74720888325414125,0.62830392296283666,0.21659424086436577,-0.6642835471850177,0.71597185767744087,0.21473627535469159,-0.02015573678611441,-0.30433284312315967,0.9523524908725679,-4.5132814437373341,15.173836802154241,-1.3543757921917741,,0.3247455067090438,0.3043478260869565,False,3
0.068108525959946292,-0.99696315157700321,-0.037758483672059202,0.99722428886722225,0.066887628579104852,0.032707229114168186,-0.030082326785445326,-0.039881318191774075,0.99875148764568067,-19.398130813356431,9.1159541980901295,-1.3927290744794101,,0.08664007845175839,0.4,False,2
0.98022791341380189,0.19563282163833731,0.029682265113179101,-0.19773659930187334,0.96293067301176971,0.18347957997998765,0.0073126644225546319,-0.18572107600088053,0.98257529323106862,-14.677318187969448,-2.9812580427599826,-1.2357381427396805,0.4639368070812704,0.34370724573524,0.8424182358771061,True,5
0.99049607718349009,-0.13749474643858325,-0.0035659200648748921,0.13751637349203766,0.98949560044549811,0.044583671008599043,-0.0026015583248945135,-0.044650323635940688,0.99899928953602857,2.4468230102109834,-6.4778085877724232,-1.0721167912573717,,0.09653846581026133,0.3855421686746988,False,5
-0.62999019430219139,0.77582447057552639,0.034767023733589759,-0.7760443149399614,-0.63060368515313869,0.0097063649554359269,0.029454648740972228,-0.020865836371591957,0.99934830791874596,4.9167889955344553,-5.0987458834550967,-1.0640379825167721,,0.07918078494695294,0.1538461538461539,False,5
0.55874187390021146,0.82776756337288582,0.051072295603339951,-0.82854159490707158,0.55443919217695781,0.078204908330663819,0.036419004095734897,-0.086011878283626095,0.99562825036998459,-0.74191271215957544,25.986077125587322,-1.4361994408268435,,0.2607983501699218,0.5833333333333334,False,3
0.42308209006212127,0.90358138142930378,0.067396084478082832,-0.90602931223442174,0.4210107879593244,0.043137011879448892,0.010603322153273869,-0.079313325211962216,0.99679334167275313,8.8957608413725247,13.484267816553642,-1.2468341906554405,,0.07937088039752964,0.3684210526315789,False,5
0.80652486808141766,-0.58008517076020216,-0.11410009566323306,0.58913361325998392,0.80471826902666677,0.073144331441066329,0.04938848948376226,-0.12621292389779987,0.9907729684179315,-16.414242420645834,-5.9726081690732151,-1.1788474511667455,,0.2994560540589448,0.6307692307692307,False,4
-0.88463937969212325,0.46384263015220745,0.047572916154225361,-0.46620389927784589,-0.88167946890744053,-0.072768388777160659,0.0081909826068990374,-0.08655246132014055,0.99621362128981028,-28.414337084038554,-5.768943868349572,-1.1370407911605867,,0.1360741955995591,0.4375,False,2
-0.61123158493405705,-0.77059959693912117,-0.18047772930826012,0.79105345691653917,-0.6020620180070827,-0.10842395848535172,-0.025107327205311107,-0.20903967965557227,0.97758479655224895,-28.870961281935262,5.6407773488436757,-1.3589158278652962,,0.6200882053828036,0.1904761904761905,False,1
-0.72045272491125578,-0.6687013128180519,-0.1838108413651402,0.69308809483200895,-0.70344802542826135,-0.15744766852264452,-0.024015910769381348,-0.24083070766929693,0.97026996566595969,-28.895343699536724,-5.1556512735118902,-1.167759762444343,,0.1235102874505462,0.6666666666666666,False,2
0.52443703155384158,-0.8436963530857452,-0.11463971268635348,0.85035212445176123,0.51215939153097201,0.12080572050611721,-0.043209540328178662,-0.16083911668633122,0.98603433721559064,-7.4131874044908965,13.154297846179734,-1.3645847301705374,,0.2271600807418082,0.4507042253521127,False,5
0.87830717255805624,0.46664342243910634,0.10402128112741955,-0.47722325098559526,0.86884622770514164,0.13177329517502268,-0.028887356262063405,-0.16537880425514612,0.98580696475087126,-24.478661097620378,7.6505951282997255,-1.3838907855055791,,0.2031127819321813,0.2857142857142857,False,3
0.92450372768847,0.38115381795361392,0.0038242057353263768,-0.37188888120726188,0.89973965018064583,0.22840144904798518,0.083615294800255993,-0.21258017064672738,0.97355952746777319,19.208984999638723,-2.4436046444543806,-0.96728668018102992,,0.4924223376466326,0.1538461538461539,False,3
0.087113212725717468,0.97526798744394605,0.20313453875606663,-0.99601915035598254,0.081399367918070023,0.036331735806121583,0.018898155802908819,-0.20549086492974497,0.97847655267649358,4.7132280459294424,18.43815320610635,-1.3423182529666913,,0.417311206418183,0.2666666666666667,False,3
0.86854433293982647,0.49549165009404428,0.010898000054739884,-0.49528853314410864,0.86697482590338959,0.055171733575664718,0.017888841607801846,-0.053316750996926066,0.99841740440011484,-11.219598426150663,-10.649108379253507,-1.1085160652758546,,0.09839052472549199,0.4310344827586207,False,3
0.66958453172972332,-0.73828223172452179,-0.081215153685420663,0.74248416759238245,0.66249758995794539,0.09906666530453373,-0.01933431516588207,-0.12663447247796841,0.99176100681428925,-30.430869702246721,14.379293725800718,-1.459347922663081,,0.3701461350013179,0.3125,True,4
-0.88161347323091532,0.46856473094972517,0.056610747457828396,-0.47186734965236254,-0.87758158449410606,-0.084804285793049938,0.0099442520974326858,-0.10147736430764258,0.99478814648315772,-9.4501757935375448,7.0053609969823061,-1.3534918476525479,0.5062677357735706,0.3207253062256301,0.3650793650793651,True,5
0.84513616561835558,-0.52612774509867188,-0.094522258761047431,0.53397833398436445,0.82274407692879481,0.19483152392225245,-0.024738641821769949,-0.21513200532689647,0.97627159125155438,7.1302614043035693,-14.885384136404785,-0.84685904969082182,,0.1956903426981208,0.2857142857142857,False,2
0.95950775853033421,0.27461876125186646,0.062684904790430332,-0.28132504054715712,0.92305819530151068,0.26233526192233381,0.014180369573293626,-0.26934755253242898,0.96293863411099867,-8.1492902217278456,10.178430696895878,-1.3562847087528409,,0.1342226132650191,0.2545454545454545,False,5
-0.9770525644568705,0.210938640776379,0.029549553561215709,-0.21242054913475336,-0.95476837702384876,-0.20807416115542984,-0.01567790143939039,-0.20957632514828509,0.97766659314093218,10.10381512790757,-11.073777035126653,-0.89562590031017109,,0.2872426492648685,0.2068965517241379,False,5
0.9496567009694602,0.31127100963200793,0.035531800777233245,-0.31313901792949111,0.94661616847660413,0.076562295085950902,-0.0098033542196709102,-0.08383428977062353,0.99643148590593034,-9.1407935854044169,9.5757490961062235,-1.3563316900923008,0.568303938458521,0.2939312426337323,0.3372093023255814,True,8
0.69341985810223139,-0.70429300267711226,-0.1521192518044289,0.72026951562527419,0.67182450183284903,0.17281106329739826,-0.019512182102852903,-0.22939748280463262,0.97313723062704971,-14.876419608086376,-29.276651280707096,-0.73997956250908759,,0.1593686042971741,0.375,False,1
-0.1378795168810189,0.98947611348100351,0.043889174920321634,-0.99008509825798729,-0.1388945778350304,0.020971276916329183,0.026846545999989136,-0.040562508533847089,0.99881627232905701,-1.6248042059901693,-7.6720091856126666,-1.109998671201613,,0.07858333063719831,0.2115384615384615,False,5
-0.99751602618268798,0.063214178923285611,-0.031076439496075848,-0.059533843750437153,-0.9923970044978957,-0.10772143199893697,-0.037649687342619115,-0.105603754889009,0.99369529937317513,-6.3281178758971475,-11.451714393773234,-1.081172693256796,,0.7132917210973176,0.6842105263157895,False,3
-0.89923741442222183,-0.43745921429646278,-0.0012281410173534341,0.43611774347550741,-0.89625300110403461,-0.080819996522163429,0.034254727105446525,-0.073211978795361121,0.9967279567824906,-8.1737064139968094,12.082296694186372,-1.3585061892422832,,0.1453108948641527,0.2608695652173913,False,4
-0.059273945709548206,0.95115490753180321,0.30297019859746782,-0.99780738251498835,-0.065405938559469426,0.010123764109414318,0.029445318110179985,-0.30170582539838769,0.95294625670184996,-30.097266301966645,-8.9683008593963134,-1.0723987439280578,,0.3018617797296276,0.15,False,1
-0.79946942248842967,0.59411235296171583,0.088764601977992574,-0.60064616539161519,-0.7885139949729254,-0.13217361208723449,-0.0085338447587474039,-0.15898487912418524,0.98724413480329298,-0.57946328345445886,-11.796416282868059,-1.0027268773781901,,0.2135467528578689,0.2222222222222222,False,5
0.93033246068450748,-0.36227706884043925,-0.056893215668397126,0.36661293806251677,0.91510743225097146,0.16784916170241634,-0.0087444978060686324,-0.17701331258245603,0.98416960983699686,-11.91709558973511,8.8804060172890154,-1.370831738309086,,0.09154890221576077,0.3157894736842105,False,5
-0.83463632753600403,-0.54583483329104088,-0.073800647174363396,0.55079958048826061,-0.82745362769480846,-0.10927175366332391,-0.0014222837864115061,-0.13185154068437702,0.99126845421812326,11.24463764631879,-6.2060449610737782,-0.97891321299798939,0.787765776377417,0.4228493595177068,0.6296296296296297,True,4
0.99885512506885421,-0.047304693139208875,-0.0071207535198391627,0.047821114535339118,0.99129762423965484,0.12264648866320994,0.0012570315361981176,-0.12284659614259644,0.99242487558902692,-8.6827809257235007,21.214355119151357,-1.4038496883401388,,0.7277261359449056,0.7692307692307693,False,1
-0.76647998558161534,0.63593319751052968,0.089985554434257972,-0.64203559374622077,-0.76241530341234542,-0.080704408092737392,0.017283751495113724,-0.11963224242107583,0.99266781881330279,4.672393785616328,3.6026042720166367,-1.2148683822370363,,0.3734304291687039,0.5625,False,5
-0.0010783960391606844,-0.99931871792594518,-0.036890880510345885,0.99933203720907626,-0.0024245053628617836,0.036463696758599361,-0.036528296833281966,-0.036826916468682927,0.99865382478307685,4.5238767008446796,-20.369802562472763,-0.7696346075605216,0.7942245577078403,0.6708953743447559,0.900990099009901,True,5
0.44008854770351108,-0.89424218624330942,-0.081565817123351592,0.8975936003725099,0.43551844964823605,0.068186571891473396,-0.025451890902814123,-0.10322108485567451,0.99433274555889406,6.7287379841224002,-3.4301653053615384,-1.0773607216222882,,0.07806663522197613,0.1612903225806452,False,1
0.083057761918928399,-0.9901699116527426,-0.11253867887362481,0.99606842917008909,0.078995901709101882,0.040091544293021558,-0.030807346455870091,-0.11542613902738037,0.99283821130815775,-0.53214217527095542,17.375873174896771,-1.3475838823127679,0.2664908646797782,0.195422781886471,0.56,True,5
-0.16227348443773443,0.95675640996073408,0.24142180565865301,-0.98614820804619785,-0.16576022657570902,-0.0059379333814531601,0.034336977381669964,-0.23904125017372568,0.97040210876711963,3.1116189895722979,11.960428065667811,-1.293964230146103,,0.2856682486752633,0.1666666666666667,False,3
-0.95132850223431753,0.30817721587366437,-0.00094045359700582146,-0.30810812391094378,-0.95104107811678484,0.02429509651231701,0.0065927851997326023,0.023402379170099484,0.99970438822308361,-22.267448425920936,-6.4258241652491908,-1.1428198753101591,,0.1878445527906933,0.6774193548387096,False,1
0.98661311282856867,0.16061983853516154,0.028210513353378715,-0.16305899818008518,0.97429188807869838,0.1554576467612718,-0.0025156921968810071,-0.15797653082969032,0.98743966246033821,7.3882142541876172,-8.2972319042314009,-0.97258985337738157,0.6471945140202401,0.2957891744497702,0.25,True,5
0.32661280402585458,0.92499379875063648,0.1941920403086482,-0.94488023118770392,0.3145678346600585,0.090820846219094684,0.022922149921837439,-0.21315147118926692,0.97675023694535745,8.4107420425130961,-14.996323950658418,-0.83519157619472373,0.6245156514851657,0.5588241820873261,0.5975609756097561,True,3
-0.93865360760976213,0.34352926440566567,0.030282823812888934,-0.34452794386058105,-0.93798430428083557,-0.038547902952019687,0.01516248068030341,-0.046616407194251107,0.99879778221616033,-22.436484210041424,21.412698608178907,-1.4727425590250063,,0.1797940965486713,0.25,False,2
0.95483747883316172,-0.29550301266898737,-0.031038017318825641,0.29699124207936917,0.94599914678940122,0.12993004426181848,-0.0090327816139385356,-0.13328009520283485,0.99103724706947216,-11.643832176778298,13.95098509076975,-1.3588850282678238,,0.1207345627872047,0.3478260869565217,False,5
-0.19621378001402451,-0.97890474484466994,-0.056970633252575363,0.98004435904916687,-0.19766513307103639,0.021013078401711266,-0.031830909954239713,-0.051710692207714556,0.99815469616832619,4.964856850701354,-3.2430355515234557,-1.1097796087018341,,0.1062307707540244,0.2183908045977012,False,3
-0.99961367890409802,0.027786436906793437,0.00063786506404279759,-0.027773583508600982,-0.99775077111726729,-0.061008415763640911,-0.0010587761358823661,-0.061002562724227279,0.99813704787176927,-5.5365850067840547,18.379283160207027,-1.3625324973705712,,0.2257515280017525,0.3939393939393939,False,5
0.4166655803513456,-0.90078699701587861,-0.12236249489771521,0.90874029602843143,0.40915997442004132,0.082335834888286913,-0.024101214173493535,-0.14550223826356765,0.98906432052503879,-16.473780436573289,1.5674720575169516,-1.2846857390491671,,0.09821949055666274,0.3440860215053764,False,5
0.68273398469187052,0.72286644816454104,0.10648194337417825,-0.73028997751777369,0.67041539993322574,0.13122400797667672,0.023470297907148906,-0.16735378588593181,0.98561749957364075,-15.604823168806625,11.698267015696715,-1.3679333810140131,,0.09121259795824667,0.4166666666666667,False,2
-0.52858940806217181,-0.84869372834772905,-0.017668988304734151,0.8484717228917078,-0.52886579824084823,0.019917402045602592,-0.026248297804974591,-0.0044635091912498641,0.99964548913504325,-5.4951368147576805,-1.78877585926306,-1.2962263260517561,0.4231107911737987,0.3315212492417544,0.970311027332705,True,5
-0.87788968340892992,-0.47178580107150164,-0.082023543397565304,0.47850199536318627,-0.87091259617654226,-0.1120137949294001,-0.018588819156146963,-0.13758418415049756,0.99031563053100569,3.3697583955557704,-7.4616084395922977,-1.0414312941484638,,0.246023856734673,0.3142857142857143,False,5
-0.13672369773669524,0.96616072336177716,0.21872376896499499,-0.99060805781831085,-0.13368765372285865,-0.028692978714508141,0.0015186384161374644,-0.2205925381220423,0.97536486806847644,10.183562485854349,8.6665183903051641,-1.1780795959683865,,0.2696792799327631,0.5961538461538461,False,4
-0.99337406705874387,0.11088211325631696,0.030217873104918629,-0.11394758051531977,-0.98449717716148655,-0.13334637998749843,0.014963682363522692,-0.13590608934436632,0.99060871341274082,-1.6816083799784498,12.432079351027934,-1.3389524066956955,,0.7169595083232934,0.3347457627118644,False,5
0.80367778802930634,0.58456326611834419,0.11130049835188213,-0.59437956504820288,0.77961291008856248,0.19727301659465188,0.028547253483169902,-0.22469868341469817,0.9740100389576436,6.5287731404894007,14.05943426863718,-1.2659571298220675,0.4720069433975851,0.4694561164179804,0.2142857142857143,True,4
0.096689999636297153,0.99423328780094311,0.046381175048301262,-0.99484984029096624,0.095116048912104859,0.035024741432162346,0.030411169713981546,-0.049528846825647024,0.99830959831544719,-23.2117475545794,4.2376922489933913,-1.3299998602386978,0.2549732110912405,0.1539480908999431,0.3571428571428572,True,4
0.13852324890225998,0.98630162245234798,0.089556792380197897,-0.98891224514731257,0.13286773746737396,0.066322965389096961,0.053515239990724967,-0.097751081263423037,0.99377102252006089,-19.315893538929561,3.9442294502325224,-1.3145811833683738,,0.1642943592519508,0.1428571428571428,False,3
0.96339645599120438,0.2680583900847921,0.0034594925551017517,-0.26798061270212142,0.96260391828684688,0.039750317163602895,0.0073252849354101465,-0.039222391614495929,0.999203655015661,-14.562122041740201,-4.068607031614814,-1.222624245649844,0.6880443782359461,0.627783492815047,0.985962014863749,True,5
0.95690386351489365,-0.27974331955739623,-0.07796583324301716,0.29022925329638721,0.93055151482172249,0.22325066359144061,0.01009834250216627,-0.23625738808766489,0.97163803448233899,7.8797812845106749,-1.5335324833401935,-1.0960118231680711,,0.1230651704375635,0.1875,False,6
0.18863023491648762,-0.97048467436738917,-0.15026021194373052,0.98154297361347032,0.18140596914224674,0.060541434650905598,-0.031496435121746852,-0.15890680028742094,0.98679106369942182,-2.5018058433756756,9.9980481981536524,-1.3303528275475942,,0.1636340154181486,0.2352941176470588,False,5
-0.99338453646214242,0.10858907570861047,0.037357400266144238,-0.11302458217327023,-0.98208177254455686,-0.15080064940277726,0.020312718736125619,-0.15402533776132832,0.98785808129764074,-6.2950956027854623,20.959466633748434,-1.3888117752624347,,0.5070302663086699,0.6056338028169014,False,4
-0.52257275744923837,-0.83301860444962994,-0.18165273962340847,0.8518816295184849,-0.51885913126137306,-0.071294398066210143,-0.034862622690059311,-0.19200314202502944,0.98077489312873722,5.3808633935616683,12.257013842286785,-1.2765163830918178,0.571559670201076,0.5553487412199956,0.303030303030303,True,4
-0.19423534287862274,0.97773091650252386,0.079466260085391968,-0.98054140742037454,-0.19586737720606209,0.013210559431349352,0.028481220319624759,-0.075354000965797197,0.99675001611615321,17.800524914446349,-0.42290578723341526,-0.99388526212370898,0.4341767088779442,0.369905612088647,0.9139784946236559,True,5
0.28812589574581626,-0.95539615995512606,-0.064820102928566992,0.95730696281827643,0.28572627710342119,0.043861982539163194,-0.023384762994695281,-0.074690508872398281,0.99693253570342655,32.27046843827668,3.536936634667335,-0.95475367772238096,0.5365042629881056,0.4606870698608272,0.9444444444444444,True,5
-0.52561050786526864,0.84420591195123906,0.10511884820616889,-0.84935406936839708,-0.52775472500296428,-0.0085214484912914945,0.048283111632938733,-0.093762084360483763,0.99442315573774664,10.920572317783312,9.8019741251458061,-1.1754527922305857,0.4596235882573236,0.397758251752827,0.5102040816326531,True,5
0.68827625140246429,-0.7221571560684239,-0.069027847239621826,0.72368423961858108,0.67685454896974717,0.13471837612825724,-0.050566026965211668,-0.14267782405869744,0.98847666408409829,-9.2074609075498124,-10.657540003172917,-1.1095539725642867,,0.08625764515002339,0.3421052631578947,False,3
0.61525367963749678,-0.78102236144852755,-0.10708398857853059,0.7880616228699161,0.6058053548984742,0.10935607224095288,-0.020537484075603893,-0.15167050765953041,0.98821772340620628,-22.287979631875874,2.1783912560419121,-1.28345028837428,0.4852583424163512,0.3909894806167029,0.8930817610062893,True,5
0.9560731631843028,-0.29281303331521902,-0.013588015289304627,0.28906964737948737,0.93413533197755128,0.20935596603653125,-0.048609110284604067,-0.20408750346831822,0.97774508197454435,-12.579979273665995,18.643077893696397,-1.4001405565683716,,0.3401406609105807,0.1,False,5
0.77002987626818808,0.63542223362065153,0.057380960909886883,-0.63766272858249462,0.763536699729229,0.10197035227616645,0.020981759485979409,-0.11510991784872389,0.9931311457112465,-15.782410468079977,19.74541164083573,-1.4367082357288685,,0.5894112950881685,0.6666666666666666,False,1
-0.9825670705326256,-0.18488456165408498,-0.019484628990874584,0.18563224118352084,-0.96999275556874498,-0.15701823199022771,0.010130298027119591,-0.15789791957505564,0.98740347581713106,9.4507601827835117,-4.7429595041876764,-1.0201332431469912,1.016446186263789,0.3298672637112809,0.25,True,3
0.88625943554250819,-0.45272437018679795,-0.0979022857283873,0.46304974940984311,0.86078973982905937,0.2112485582826597,-0.011364087440577434,-0.23255465689593921,0.97251693510840997,-24.134778661284678,11.136422244461318,-1.3979740846941446,,0.5235827918039075,0.1,False,1
-0.5954552775998937,-0.77179201036459522,-0.22309214489938661,0.80149925058359961,-0.58972392695113807,-0.099119328565398096,-0.055063269902541123,-0.23782931425437062,0.96974494254362276,-2.2959628540560435,-12.207056701841141,-1.0199085920889792,,0.6416790410169191,0.2314814814814815,False,4
-0.93718445954825325,0.33772709078223506,0.087325259421415752,-0.34878373478508184,-0.90295531938660989,-0.25104102760464514,-0.0059325484085165402,-0.26572937990217493,0.96402940905668799,-16.435278687858062,14.814277450294718,-1.4012451896921003,,0.2376922391509575,0.3333333333333333,False,4
-0.027090166938688976,-0.99921131774839189,-0.029032143199507407,0.99919036545899875,-0.027930930583906565,0.028956461983980955,-0.02974451931275229,-0.028224202384473932,0.99915897532405418,-2.3916648428531553,2.0648520986031942,-1.3313453128257133,0.1566412646151572,0.1214514032243283,0.5021097046413502,True,5
0.22863616079052115,-0.96058787676090052,-0.15810261540834111,0.97333698378649192,0.22863918728390531,0.018418415555388427,0.018455946802772429,-0.15809823863073874,0.98725089261518151,-21.314646518416122,3.1351395021917741,-1.301781325071057,,0.167174334671266,0.1538461538461539,False,4
0.79542085017413999,-0.58648882015685133,-0.15276300252114211,0.60582383836820031,0.77643956927726299,0.17354847197644888,0.016827001309525171,-0.23059154167393905,0.97290513049082372,-10.11411320267867,8.1315711185209896,-1.3512139216003334,,0.3275367655552715,0.2166666666666667,False,5
-0.17785903221530464,0.96102179170540003,0.21166785425940834,-0.98322032162379769,-0.1824109201731331,0.0020137893610597049,0.040545823526414081,-0.20775796511551056,0.97733958485555616,-6.2144683617370182,-31.429131094712705,-0.61997804135775003,,0.5525662667249535,0.7619047619047619,False,3
0.58042580783702502,0.81145768847977218,0.068134436255119196,-0.81421543209474112,0.57702501831014086,0.063994987170531106,0.012613950036030542,-0.092620451581969007,0.99562158484699459,-11.847780190206992,-19.533902646091178,-0.93377921237396289,0.5644664383037736,0.5739729815898243,0.7443609022556391,True,5
0.22027141234639624,0.96499266093627112,0.14237158860551816,-0.97503408471007746,0.21361902759978324,0.060625445985200907,0.02808983012596003,-0.15217120419599148,0.98795490082140724,-2.6633233271603589,-17.292957850096027,-0.89732861192970492,,0.1646870092519279,0.3157894736842105,False,2
0.96744594338147982,-0.25252548920782919,-0.016709995064751092,0.25302528776983507,0.96379038305812281,0.08418017149939469,-0.0051527064451278139,-0.085667816740137875,0.99631043093569338,-0.66115127027745091,-21.200359612279399,-0.78847045136509619,0.4854434258200995,0.4204310455396248,0.6938775510204082,True,5
0.25115039286760721,-0.96730598609377116,-0.035250665661860969,0.9675160252595586,0.24978377567812743,0.038997516253279574,-0.028917486550399506,-0.043899825456789367,0.99861733626873883,11.348993805200024,-0.681930652474104,-1.0535049797843443,0.5380862404114858,0.5171972860872434,0.6859504132231405,True,5
-0.98995010207549161,0.13867519831170813,0.027712538208051529,-0.14114015468067051,-0.98111317689877786,-0.13227392355375445,0.0088460238209455578,-0.13485593605324345,0.99082572855864159,10.128269599014322,-13.460777451918887,-0.84646361287759841,,0.5959605133898151,0.2727272727272727,False,4
0.58062033637387012,0.8123778064348095,0.054058529403436688,-0.81396027881709498,0.57766386928905833,0.061425716324610198,0.018673229423208107,-0.079666515740064531,0.99664665592814139,-5.9439680835137727,11.307820797502652,-1.3563319077496727,,0.0911252289862822,0.1428571428571428,False,5
