axis_00,axis_01,axis_02,axis_10,axis_11,axis_12,axis_20,axis_21,axis_22,location_x,location_y,location_z,dbh,dbh_approximation,score,reconstructed,number_clusters
-0.86089096885216243,0.50759267966866761,0.034877088404364334,-0.50487206569086784,-0.84376304660908696,-0.18212116423410846,-0.063015371409047727,-0.17439493319397989,0.98265735139083255,-7.9591237630220331,-19.070988009386969,-3.9230136331463599,,0.2625618828976056,0.1923076923076923,False,3
0.88393425656758373,0.45583433101716914,0.10428467160826119,-0.46732959407135566,0.85341475927407706,0.2308382532386489,0.01622592282167095,-0.25278115301441823,0.96738741366077663,0.56234788960761029,-11.266832766270454,-3.4733754583792615,,0.5599395590992058,0.5794392523364486,True,1
0.14317851723816788,0.98376772500595966,0.10817104713405853,-0.98896406111972845,0.14642060681144878,-0.022607337626128571,-0.03807883946569679,-0.10374039298926029,0.99387520989678557,26.155055353869962,1.4469915832163611,-3.1131679048583019,0.3327671659442625,0.2671394846293743,0.3181818181818182,True,7
0.97954086031740362,-0.14162821370457027,-0.14297255698731812,0.16021132368796445,0.97873292510411036,0.12811788742912017,0.12178684136962259,-0.14840252828035985,0.98139933506662103,0.86921929673983422,-10.715193042911389,-3.425537675738465,,0.842953571678278,0.2985074626865671,False,5
-0.60348978020908395,-0.78170814589848125,-0.15726557099107488,0.79733398310284087,-0.58971473013481301,-0.12843308160821271,0.0076553623394853137,-0.20290123631457213,0.97916928246829094,-2.4741614175440776,-10.598118385104591,-3.4014546533070216,,0.07168039821709211,0.3714285714285714,False,5
-0.39580669291182641,0.90506503967882601,0.1555452853588587,-0.91547472374740457,-0.37551810273734454,-0.14454129062713819,-0.072409198488982071,-0.19960818737644698,0.97719674554639868,26.061893339878715,-13.325484405045419,-4.027429275833545,,0.4044177192646817,0.35,False,4
0.41535592610729305,-0.88673594238501408,-0.20292565912203964,0.90495342698900905,0.42545557244079529,-0.0068447687998905299,0.092405354976871523,-0.18079525536262442,0.97917022320430191,11.619278480215158,12.29849725642474,-2.0632389000462945,,0.2358278435739402,0.35,True,5
0.5679116841686993,0.81906955491595801,0.081248896573723584,-0.82308889590420553,0.56501837775045394,0.057261699620623135,0.00099419508589534272,-0.099394652844211256,0.99504759411905097,-3.5216843959208086,12.69179429583064,-2.0860778302174552,,0.4628463649181613,0.3448275862068966,False,4
0.91108155786740519,-0.39000703742406889,-0.13350994597259355,0.40730568072233903,0.901576924357401,0.14581197453420469,0.063501790252054671,-0.18722596034191533,0.98026219064535669,3.8632676613261543,-15.421606622171497,-3.7022828188294996,,0.2678028555507067,0.2307692307692308,True,5
0.86374857220782342,-0.4976485304141734,-0.079273855624410972,0.50031040516208047,0.86568181284029988,0.016867050841412379,0.06023207198413031,-0.054230425907836007,0.99671016770691823,4.1698094976429756,-14.68466501786585,-3.6997677207998048,0.1666137161220866,0.1228211155857207,0.4736842105263158,True,5
-0.95420043007927224,-0.27177114456845469,-0.12506791841428955,0.29344567440946229,-0.93161222523294929,-0.21444882365470769,-0.058233799523190632,-0.24132779942738497,0.96869485278730982,20.001294509617843,-29.602891598297433,-4.917142722518121,,0.5752908619791791,0.1739130434782609,False,5
0.8416312678558493,0.53993135119142288,-0.011443118803930015,-0.53985353206823095,0.84170741313366082,0.0093163613764702946,0.014661953512822283,-0.0016633329329039659,0.99989112429441174,-0.47043237684406192,-20.194146602478135,-4.0074242515299021,0.4552507867668771,0.1767492307365471,0.45,True,6
-0.76028701775435148,0.64921261523084939,0.02205971122468451,-0.64173921773531295,-0.74540538849708293,-0.18039285800713445,-0.10066989150020957,-0.1513069298632243,0.98334723568061255,-18.314489162179232,-5.649972106567926,-3.2279926900896383,,0.4501303275432789,0.4444444444444444,True,5
-0.93568549242245869,0.35280267577615121,-0.0047886569441768709,-0.34789184036445808,-0.92475515495001392,-0.15426979873327817,-0.058855132978963581,-0.14268207791647725,0.98801715469088136,-1.1364917778661425,-7.9582605961584614,-3.2604097812651731,,0.09861939340589079,0.2909090909090909,False,5
-0.54787134239136848,-0.81927925104983923,-0.16917003571996711,0.83621886120391087,-0.53053539977259634,-0.13881716664363317,0.023979331790419327,-0.21751712205558937,0.97576190398044316,7.6047090723909729,-8.8413188539028571,-3.3434428801264797,0.4600395825975603,0.1887943543400115,0.2857142857142857,True,4
0.6328943772961686,-0.76752471261507871,-0.10173751870395521,0.77104242845721083,0.63674356628437756,-0.0071557189898002263,0.070272901645680619,-0.073915129172552496,0.99478554119654505,-7.2273048157574813,10.699632033897045,-2.265155826790874,,0.1189114146155911,0.15,False,3
0.89734666385521455,-0.39788319583009091,-0.19093959082377671,0.43674844603831242,0.86277692423094143,0.25468956377856744,0.063401575304064373,-0.31193739995491288,0.94798486209344768,-1.0677683247269463,-27.460859189075176,-4.4460684366694982,,0.5942448855577591,0.2,False,1
0.76814790408442291,0.63407792015279907,0.088848121113560136,-0.64012867226799941,0.75760489167949263,0.12755434545209868,0.013567622898553233,-0.15485483291781968,0.98784406680957371,16.348184525431773,-1.1061272106549962,-3.0834306488187622,,0.3563863849880172,0.2307692307692308,False,4
-0.97477972376510491,-0.20513891779177995,-0.087877838751551501,0.22047545370057253,-0.94620669069212948,-0.23681949414052855,-0.034569704250297331,-0.25022174744947034,0.96757119254935497,-2.2784336191395886,-13.647291662828005,-3.5452827764034418,,0.1763256228706962,0.2830188679245283,False,5
0.75106553478240712,-0.63795604741101353,-0.17003718426783276,0.64657976421380647,0.76282263615269319,-0.0060194918617579238,0.13354838438271932,-0.10542156963720535,0.98541926187993334,-14.85569939376019,9.8121046752021517,-2.3968167994462539,,0.5904891774985879,0.7413793103448276,False,2
0.97203277418379253,0.23480644902999562,-0.0042681853855385879,-0.23250267290151527,0.96473848860279077,0.12337810057727082,0.03308765640253563,-0.1189351928670746,0.99235055645243664,4.7846061915633946,-6.7218874188959674,-3.1968547009624291,,0.1112939597192462,0.6451612903225806,False,5
-0.99671272829367796,0.069847515734593538,-0.041049504297593097,-0.064585241695864867,-0.99092094988304857,-0.11791699469526387,-0.048913022933152688,-0.11487817733835212,0.99217464216687101,-4.921170193387824,2.0236460307061828,-2.6977453723770077,,0.1240445265441391,0.5858156028368794,True,5
-0.92899699132559188,0.36937935760783697,-0.02287969145815983,-0.36279702014503523,-0.92116533446241577,-0.14082879236373838,-0.073095227490457798,-0.12252884051507121,0.98976955447222725,-9.9625422229609448,-9.7919274080954288,-3.3935224666446726,,0.1540238507697262,0.4406779661016949,True,4
-0.98085963659154041,0.19128800419214823,-0.036376816211621227,-0.18338754603067875,-0.97032251820019033,-0.15761731705141024,-0.065447545915451225,-0.14792940926612175,0.9868300302523324,-2.2844909051007378,-9.0333383185685872,-3.3088446446886053,0.4836782250201509,0.1531143525001337,0.3013698630136986,True,5
0.056656820326678195,-0.99040060771779814,-0.1260818818969926,0.99675885467162384,0.063335183958095426,-0.049602823575951797,0.057112085797870256,-0.12286289393145067,0.99077894555274337,9.0067319568638755,6.8065046779944876,-2.5011902284201684,,0.168689802759956,0.5,True,5
-0.8597138511302217,-0.47943258270006645,-0.17617177078178273,0.51064599264045796,-0.81453345064068194,-0.27527427774426633,-0.011522342430535668,-0.32661851820270382,0.94508601682174176,-0.090300629484363737,-13.167392149280021,-3.5708088754048544,,0.3179561324569769,0.1538461538461539,False,3
-0.51765253485235152,0.85501753810278047,-0.031318727585813166,-0.85272403783461515,-0.51856630574805573,-0.062854608755783539,-0.069982629701688392,-0.0058306157027672029,0.9975311701699161,-7.2575783948023975,-15.576319897016305,-3.6234502976316527,0.2714485763637999,0.2922121916759518,0.8455284552845529,True,5
0.99915705774536112,-0.010314712619637949,-0.039733872970157555,0.014769253157363004,0.99342797123398685,0.11350213712128866,0.038301998887891729,-0.11399330100273596,0.99274290942201793,4.0044126952543744,8.2417674496966207,-2.3599421979411574,,0.1405725046914772,0.2173913043478261,False,5
0.39171617702862349,0.91989882400473899,0.018563142211838982,-0.91961282854172766,0.39208202502366063,-0.024164669143748096,-0.029507325117017504,-0.0076052118999010571,0.99953563143911717,-10.688564166400379,-15.144454334224399,-3.6558233031772716,,0.07108666179939335,0.2941176470588235,False,1
-0.19913112920505302,0.97975708384275162,0.020563317861358218,-0.97752925644672384,-0.19710993553669245,-0.074727679633690411,-0.069161739222167076,-0.034981852047421332,0.99699193770817229,5.2898463677403935,-3.5251628549488339,-2.9985596112312463,,0.08568292276390571,0.3225806451612903,False,5
0.9986860634242728,-0.0076686556931481057,-0.050668910013819679,0.011611698593166481,0.99688652697904101,0.077989876159963764,0.049913076221668254,-0.078475754520265562,0.9956657274279177,-18.266279051976468,6.6051449486335869,-2.5985089259788419,1.384183684380778,0.3643222499371965,0.8818181818181818,True,3
0.37212528439723347,0.92585207367398359,0.065732110766825697,-0.92748901819432861,0.3736506807225804,-0.012218425613473478,-0.035873302624622211,-0.056419025772663722,0.9977624966341766,8.4723357751357806,-25.068056743464993,-4.4803739747829763,,0.2325308971420835,0.4285714285714285,False,4
-0.75154016172640048,-0.61384657867178205,-0.2416190455349157,0.65968727826553719,-0.69947385047665089,-0.27486183327987823,-0.00028320816249373382,-0.36596271716162004,0.93062946946721004,-5.4432579726713408,-8.9505623188764467,-3.316072021417658,,0.07578518768613937,0.5555555555555556,False,1
-0.54792083415125759,-0.77488594669775557,-0.3151738077843923,0.83633371731195905,-0.49925988756503581,-0.22646297259310996,0.018129335071919907,-0.38767426311127595,0.9216181383474279,-2.7055306817736895,-14.299243407274783,-3.5489939205332286,,0.2734399022129005,0.8181818181818182,False,2
0.96797504729234762,0.25098662072135869,-0.0054794195177457622,-0.24894462040460416,0.96246073326921822,0.10814764392480974,0.032417337814604,-0.10332014873079076,0.99411974282541149,12.905319238642026,4.6293207828871115,-2.6521823291773878,,0.2726354608082439,0.3333333333333333,False,4
0.60052892063653873,0.79960115485190986,-0.0017345427655056159,-0.79953003445872928,0.60044336908239659,-0.01481501007099064,-0.010804604459969089,0.010283661044226303,0.99988874723040588,-9.1150089050164382,-15.037705793803596,-3.6439317270248122,,0.07385722889321594,0.2058823529411765,False,4
0.98835883439264149,0.15047132565052307,-0.022476535208817917,-0.14519396525233871,0.97701188494868407,0.15609769096089149,0.04544806852135367,-0.15101707461738736,0.9874858562236144,2.6871270386713659,15.329163034470382,-1.8994411374190314,,0.6301291010811411,0.5909090909090909,False,3
0.99877735045495808,0.021985120737146188,-0.044277067250975952,-0.021709767889557773,0.99974193027749503,0.0066902035253281339,0.044412725612777579,-0.0057207788981826335,0.99899688812950893,4.1377429861514532,-14.596687017188977,-3.690093570286622,,0.1287454935965771,0.6,False,1
0.90396474663951809,0.42704869626535835,0.021843714221946059,-0.42707644014636448,0.89912047955654573,0.095854460062724606,0.021294391394474116,-0.095977988414351928,0.99515565347088997,3.488772313641622,-16.669002680754232,-3.8069389735958659,,0.1118341521341473,0.1538461538461539,False,3
0.48864813203775953,0.87174823564033377,0.035749359630263287,-0.8710318969733849,0.48978741614437288,-0.037572881730924282,-0.050263679838978739,-0.012778914061240147,0.99865422536754966,10.144974911927099,-0.69491864884942767,-2.941265658628041,0.9096483179945333,0.7065866029829251,0.8469945355191257,True,6
0.038208316151809772,-0.95801555391761928,-0.2841589749220691,0.99828049042015687,0.049245207286098297,-0.031795785976143326,0.044454325136423473,-0.28245549739962039,0.95824981344396765,-31.400417849376723,-3.7491307130038152,-3.4513460531758886,,0.3331477086372788,0.4,False,2
0.96619159081221395,0.2570964888306832,0.019370216175833163,-0.2561977690559904,0.94895168947851571,0.18399291879473162,0.028922534026213573,-0.18273501707884496,0.98273668933173419,-5.2469070857886484,14.662441643154263,-2.004573368520651,,0.1403363272481259,0.3888888888888889,False,3
-0.81928155319739315,0.57228477591598903,0.035607188112137547,-0.5701042324772978,-0.80637255566812172,-0.15730373669030412,-0.061309874424418521,-0.14917585836873112,0.98690813279555767,14.403279413792628,-17.152217977167435,-4.1322917525639431,0.3423386025721021,0.1955159724122678,0.5,True,5
-0.086379795894659009,-0.99033559290820627,-0.1085078074626324,0.99552515408279518,-0.081613439813739641,-0.047633119047518872,0.038317077780319383,-0.11213679084457412,0.99295374599699071,0.790436884220166,-6.6484655919057571,-3.1944985469009177,,0.2490627543491881,0.6024590163934426,True,5
-0.9159562315362022,-0.3785864873258743,-0.13302801781675297,0.40113931156538496,-0.87258208748409116,-0.27872522906754349,-0.01055626007863221,-0.308662877936692,0.95111292345177956,-0.54408146570596627,-21.774309281000146,-4.1122126928360938,,0.2580581137747168,0.1818181818181818,False,2
-0.43924705031333205,-0.86577507552802091,-0.23978229164283049,0.89825435238470985,-0.41904540798449902,-0.13243890844095046,0.014182637729384513,-0.27355888697235725,0.96175068918378359,-8.225990762094531,-15.879974622373487,-3.6820738411630458,,0.3179888429022122,0.4565217391304348,False,5
0.88348232664065052,0.46808182726873737,0.018930966546459871,-0.46818563961442738,0.88084110107896174,0.070150990790094597,0.016161230536467147,-0.070840367240453297,0.99735673507365719,-16.550442800982264,17.532290687926078,-1.9911836483605243,,0.2005779054399747,0.2,False,1
0.80265767047481107,-0.59319608652070044,-0.062121388945156765,0.59243954922168129,0.80498077336883578,-0.031958332630506528,0.068964081563961804,-0.011151566842231921,0.99755681442763078,-13.316154187655474,-4.795366339679572,-3.1316725309341642,0.3494928131028572,0.2780368629855799,0.8396501457725948,True,5
0.39427855743499229,-0.86955999985942356,-0.29733789834372193,0.91665706267423719,0.39516789098790711,0.059851210360443843,0.065454171726651383,-0.29615493339914101,0.95289454129348916,2.5545492081808074,-23.137566320213548,-4.2749224670289028,,0.3118563602494661,0.2666666666666667,False,2
0.92776587629562335,0.3729814492973208,0.01163259478728746,-0.36996694515559669,0.91530218266824648,0.15920544555692881,0.048733338420949519,-0.15200905526584479,0.98717693897473879,-13.371073362033341,1.926678590271683,-2.7767588798485736,,0.4332932226235394,0.240829346092504,False,4
0.41706668789128049,0.9072179437682365,0.054872400679474707,-0.90887200561107762,0.41648055180129129,0.022262690488526346,-0.0026561754258996179,-0.059157015443847195,0.99824515638989308,-6.0592905600271898,-12.146225540877746,-3.502512267325991,,0.1519551580399015,0.3908045977011494,True,5
0.92202537654462791,0.38698409638553988,-0.010607268847551407,-0.38549964396995146,0.92031053749144043,0.066472092499460289,0.035485623945165912,-0.05719985775229959,0.99773190124719335,1.2925536689293118,-15.311821503104559,-3.6486569028022227,0.1473568717072768,0.1906710096323838,0.2380952380952381,True,5
0.10556915276150908,0.97532581301273236,0.19389355960492752,-0.99305605813227404,0.11358051340545046,-0.030645266866901236,-0.051911649867890583,-0.18931197913921538,0.98054380583551026,-8.0300062831944672,7.7074241294094259,-2.3876402400548686,,0.07902974124663908,0.3125,False,4
0.35108708007509182,-0.91379939145605582,-0.20422667401416678,0.93250398464929918,0.36095964096025712,-0.012018993760817331,0.084700536111210076,-0.18622247386495783,0.97884984007256659,-3.4551335584353455,-10.10167824581348,-3.3920566816014488,,0.1798667770859696,0.2758620689655172,False,4
-0.56319823290669957,0.82542237609735847,0.038544149861716746,-0.82333163047432112,-0.55658472563471173,-0.11107866334552888,-0.070233729156778169,-0.094293924660733858,0.99306388468255591,-2.2670275136073017,-12.11600638450882,-3.5001220932576831,,0.0751472178838419,0.2307692307692308,False,5
-0.60117549578728213,-0.78542637593929909,-0.14728690112761161,0.79905807863773859,-0.58859375381763746,-0.12273377664941421,0.0097061953762246286,-0.19147532725059305,0.98144943263807405,6.3940861051078119,-5.6061396256093117,-3.1781233436371772,0.5061478738465415,0.3193103335820214,0.34375,True,5
-0.41461969034506752,0.89555107208453577,0.16148928653752484,-0.90762374273309321,-0.3941732777757978,-0.14438340872363203,-0.065647955073497147,-0.20643571487444295,0.97625541822770212,-0.82898672832361431,-12.344904769010688,-3.5153295268424505,,0.1028444212197992,0.1363636363636364,False,1
0.98174787493592663,-0.18346940723108515,-0.050100765154501903,0.18231691620279852,0.98287675413697384,-0.026717564325151349,0.05414473312422953,0.017095694997311825,0.99838674124182203,-4.2640013682070208,6.8495036539368357,-2.3941507752957483,,0.0806325794634568,0.3209876543209876,False,1
-0.41562818312245409,-0.90104005936240406,-0.12401622804505003,0.90910732712692066,-0.40737400286318853,-0.087007410922102957,0.027876175463514705,-0.14890679371814058,0.98845823666258625,16.069508393961389,4.0382557237419041,-2.7027988943948098,,0.1569759396591761,0.1666666666666667,False,1
0.26190991239414912,0.9616681000966788,0.081225999816142772,-0.96431906310144777,0.26414000393252063,-0.017855051432927836,-0.038625669299491051,-0.073651365085590031,0.99653576658953602,8.0495570356350861,-19.745157039098324,-4.0870813516399105,,0.1768000449617159,0.3571428571428572,True,5
-0.28455981877651776,-0.94736187604905309,-0.14673508560223564,0.95820041235428521,-0.27634223789734186,-0.074073863933022815,0.029625652768410941,-0.16168006482776076,0.9863984374152962,5.4599947247533658,-12.692656341717218,-3.5994294402296512,,0.07669860429065012,0.375,False,5
0.98424543628625949,-0.1655927477800079,-0.061967435257044026,0.17006469458897239,0.98252707888503998,0.075621021627510679,0.048362390387870442,-0.084968118375633145,0.99520927349762678,-9.72020119632929,13.821753599176771,-2.133201556577569,,0.1360379186980873,0.2083333333333333,False,3
-0.67477215115200695,-0.71245582787623263,-0.19258566238140301,0.73800130713294065,-0.64923204226602826,-0.18398865716438023,0.0060510081608507703,-0.26627889255491677,0.96387703400380043,-12.514082820148433,-25.640786155330261,-4.2872741795561362,,0.2968024404437805,0.7435897435897436,False,4
-0.69764078096776772,-0.68083856667998843,-0.22306094873783336,0.71642959715904642,-0.66073489500353066,-0.2239598866743763,0.0050963756935146903,-0.31605101589112539,0.94872850821980592,-14.451426318349142,14.55251869698443,-2.1222063021869575,,0.1878514387979172,0.3636363636363636,False,1
-0.95381623339068522,-0.29126854862694951,-0.07346581178450691,0.29825881940547866,-0.94737316502491031,-0.11630031314460951,-0.035724915216922518,-0.13284095291526074,0.99049331732289325,21.653594788000973,0.57702115444469815,-3.0205057343454356,,0.1619213643888373,0.5714285714285714,False,5
-0.65228622573366146,0.75716961660060134,0.034883397412428796,-0.75504563002860081,-0.64503810290401609,-0.11760927844647931,-0.066549051780234181,-0.10305346912591858,0.9924470798023769,-11.12869751012005,2.7370751819667856,-2.7203678392246271,,0.09897821063913523,0.3901639344262295,False,4
0.45833836487909657,-0.88650652686368103,-0.063498985094650975,0.88621658560148331,0.46126968154390063,-0.043016790829148263,0.067424822467740203,-0.036557608188763115,0.99705437895769333,-0.081472517793442084,-2.2179760036181544,-2.9480624557973667,,0.09260405933530061,0.4672897196261682,False,5
-0.96475927735847555,-0.25440090058847303,-0.067228851920339922,0.26135824214758657,-0.95607771670114583,-0.13269238444254378,-0.03051894513702301,-0.1455870234852619,0.98887461924170439,-19.277938476594972,9.0211765718335997,-2.5124322156051524,,0.5715226673922815,0.8367346938775511,False,1
0.75176112996508604,-0.65428122699179614,-0.082287784510991155,0.6553866394129173,0.75511228300260802,-0.016546689627613832,0.072962705217528748,-0.041491156463756264,0.99647123770966961,8.0495206158835337,-13.32589935626349,-3.7195737147185102,,0.1318558313383653,0.4,True,5
-0.33254260738643227,-0.93223644081767376,-0.14265564371670697,0.94254016829953946,-0.32336894460435422,-0.083967593792729597,0.032147245830832102,-0.16238147701342331,0.98620424380978533,11.398872398076355,-11.347092134545225,-3.6365995163088733,,0.08927870971575547,0.2962962962962963,False,5
-0.65628943377620952,-0.73606202188699266,-0.16582182923045602,0.75446256493115982,-0.63775974381145106,-0.15507658524434753,0.0083914975539231378,-0.22688148692474763,0.9738862221325536,5.6988201357689841,5.6728369675914552,-2.5375789017815604,,0.1007311794422455,0.3076923076923077,False,5
-0.76065383592779312,-0.64543290852158375,-0.069441360050788714,0.64915715251506634,-0.75614751127063107,-0.082679698461969223,0.00085628667234457362,-0.10796898534579362,0.99415389401064813,-5.0224384257476204,4.8654543953770686,-2.531433778397405,0.1274107976507088,0.1064307574613763,0.3544303797468354,True,5
-0.78514158193532657,-0.61497973052704047,-0.073161652229702612,0.61902929804162543,-0.77568643465775278,-0.12293609418732479,0.018852704903639418,-0.14181144569050494,0.98971414529094381,26.405668094318933,7.2230556230102838,-2.6457164542116329,0.756855875921306,0.6304491586772957,0.36,True,5
-0.13128468092425946,-0.97370936806872788,-0.18615692060682215,0.99021855800136271,-0.11985460561842898,-0.071428852026008224,0.047239178065647237,-0.19371355153228212,0.97992016001735205,-20.84466276985934,13.132486406314419,-2.3190636785736483,,0.6317548815288507,0.7017543859649122,False,2
0.88829034943572249,0.45881958090763447,-0.020611823672459003,-0.45863350212561188,0.88852638068417722,0.013273340057147698,0.024404217409255483,-0.0023373070014474501,0.99969944041627956,-11.525097248654728,8.8422882697391429,-2.4032187148825015,,0.1228490011071309,0.208955223880597,True,4
0.81139639891061621,0.57708731186064266,0.092769166883947013,-0.58447091446969135,0.79959835474318508,0.13797181317556936,0.0054437095667281693,-0.16617071216507728,0.98608197450551949,-11.851729541884607,-15.671735916548112,-3.6942821911920749,,0.0967011069042491,0.3076923076923077,False,2
-0.42334692984451189,0.90595583654770229,0.0046259287043983466,-0.90359729997416838,-0.42186467404885097,-0.074445391187425936,-0.06549272074527121,-0.035696204487437815,0.99721436236878003,4.0578548953583971,3.9465633019752464,-2.5884629146909757,,0.4072156087708484,0.9285714285714286,True,5
-0.96077899214800311,-0.27029386223286567,-0.062007711506789118,0.27561483338718368,-0.95543436694970285,-0.10574324597049672,-0.030662548231083369,-0.11868613436565641,0.99245826594638986,-4.5628090129631911,-21.345539119991031,-4.0305533204938859,0.7664336595783189,0.6474289740956559,0.9741935483870968,True,5
-0.43608105321200996,-0.89629114656707631,-0.080594637631669935,0.89966736075245124,-0.43214445141933794,-0.062046862162386952,0.020783527761736795,-0.099565825929158816,0.99481389781246099,12.667781308456817,-10.657849458360824,-3.5951677014839718,,0.1615233803860706,0.6842105263157895,True,5
0.15616619475653687,-0.984215380068719,-0.083259865790491897,0.98569966428011679,0.16069343577964482,-0.050732549072544833,0.063311068963715911,-0.074146512618736851,0.99523565210112475,4.2248403292155947,5.0191179821742011,-2.5357764442602031,,0.0699364082184166,0.3157894736842105,False,5
-0.65499886267026697,0.75538612181364628,-0.019191062294661443,-0.75261811317242566,-0.6544430683410144,-0.072596460142197672,-0.067397816177055384,-0.033107057733044232,0.99717674316182603,11.408572103317731,-5.5339515878525276,-3.2423025280057813,0.09585188834642903,0.07700078749718986,0.3157894736842105,True,5
0.67752036843990471,-0.73160011023361082,-0.07567977969857459,0.73215478543080625,0.6806637371822678,-0.02542138973067759,0.070110773208017771,-0.038185803530077493,0.99680806772865604,8.4938457925852688,-3.5684260625149853,-3.056480167682909,0.4565299808981019,0.3358022984543966,0.918918918918919,True,5
-0.61159606765369956,0.76352350454414963,0.20732126769618286,-0.7882012443290326,-0.56532939504940871,-0.24319020031908131,-0.068476627170859131,-0.31214505138106918,0.9475634112974255,-2.585580160139636,16.86750306168064,-1.8268528284956629,,0.6109919463672975,0.3448275862068966,False,1
0.99284262539110968,0.11925443012444137,-0.0064731833114690523,-0.11272472941201801,0.95362871915356806,0.27907956102966947,0.039454487520134973,-0.27635239622847568,0.96024616453975165,-22.354080023076715,10.4580740959734,-2.4810613676415239,,0.3826761253088102,0.2222222222222222,False,1
0.95422689263971661,0.29176489701755642,0.065759274870430956,-0.29701787281809094,0.95024407114299303,0.093896690485905709,-0.035091602838379768,-0.10913042713159456,0.9934078363312363,-11.109189896103883,-18.642110127074279,-3.887479844861577,,0.2681493266848497,0.2424242424242424,False,2
-0.17013262391642844,0.98520914399771631,0.020440960412838861,-0.98366665764598538,-0.16855588328848556,-0.063157112381859337,-0.058777520489448142,-0.030852176456881542,0.99779424045891696,12.747729078994237,-12.811007426707381,-3.8434826639192181,,0.08934111045403625,0.2941176470588235,False,5
0.12683692204552188,-0.95820358254629046,-0.2564337918478623,0.97284972512408552,0.1706229525949273,-0.15636885998746947,0.19358669254886776,-0.22963819900714191,0.95382938203053214,7.2291520591743632,-20.202559846670923,-4.1463091884524479,,0.6775119227504871,0.2,False,2
-0.063406877098429654,0.97944217780600518,0.19150088321272354,-0.99755146466065625,-0.056528022127677394,-0.041178368929706929,-0.029506665179292679,-0.19364297831050142,0.98062824437247098,-5.1302414299340988,-11.399854867221267,-3.4695656733113465,0.6762609537986869,0.550585253485844,0.3777777777777778,True,5
-0.080480804978373302,0.99667145763545439,0.012994058829020091,-0.99536503762933048,-0.079673147257785279,-0.05385751081512391,-0.052642966246165941,-0.017268327679837922,0.99846408195986047,13.866663894993767,-1.5689694367617539,-3.0635132134843865,0.6154274620509588,0.26811903836519,0.5,True,6
-0.16152061556523012,-0.96207818779084775,-0.21981048956886959,0.98646692056849661,-0.15103868434052858,-0.063799141505106141,0.028179875293114869,-0.22714065336209455,0.97345416852500255,14.338753799350373,-3.9981083283336836,-3.1858435692467926,,0.1941433767495401,0.3125,False,3
-0.016291138476316403,0.98701053488977941,0.15982741574504017,-0.9991513648226048,-0.010022183745865325,-0.039951295424443187,-0.037830529738195652,-0.16034263266379456,0.98633619581265075,7.64651850662068,-4.2844609094635597,-3.0840382068965115,,0.1724030369503189,0.3571428571428572,False,5
0.96411069823603168,0.26295531115885656,-0.036675139811325128,-0.26348623194550219,0.96460712093715129,-0.010397490682883953,0.032643025625580788,0.019687726397138429,0.99927314899746955,-16.954255088549562,3.5403860560459242,-2.7477434596149912,,0.1162524266700434,0.4266666666666667,True,4
0.88963454638582873,-0.45309679950367837,-0.057040898979642443,0.45239016355054085,0.89145582935713197,-0.025488119348125005,0.062398027209176712,-0.0031296301239732705,0.99804643760482981,-12.557715168649883,-13.82109010841496,-3.6231998568357948,,0.1012021844197104,0.35,True,2
-0.49490784174302394,-0.86328661245817995,-0.099007337767174353,0.86883368200880629,-0.48979401099875713,-0.072317769578239252,0.013937761236436322,-0.12181154107977929,0.99245538301300307,-7.5844002487181568,13.235200617455762,-2.1061148165909076,,0.09859210256798757,0.45,False,5
0.020649374346342269,0.98907071800349211,0.14598876027681867,-0.99878785381865365,0.026933399715365267,-0.041199697136035454,-0.044681387662351163,-0.14496105258941167,0.98842797756272427,-4.1624761772276324,14.269380896169306,-2.0073155617940381,,0.2044181160031905,0.1875,False,2
-0.5709275926986076,-0.78735973223525868,-0.2326076867814037,0.82083957529193385,-0.54181851970882899,-0.1807071756602151,0.016250400916021677,-0.29410430761033746,0.95563517134684484,12.647140810430296,6.895991767090428,-2.5336995571134455,,0.4223475241557604,0.2941176470588235,False,1
-0.25844607910086931,0.96503457869027442,0.04374798429040231,-0.96152969464577331,-0.25261519909687857,-0.10791759587598142,-0.093092805907837889,-0.069955865496258124,0.99319681149854488,17.515391040996963,-3.742604816346994,-3.2229031675156503,0.1492226545075836,0.2646084927464813,0.1666666666666667,True,5
0.42966509922751206,0.90297231322792881,-0.0053762486564419079,-0.90208197278041058,0.42895953757913846,-0.047347961988818479,-0.04044770562609365,0.025193583780307297,0.99886398796126907,7.6677907297356187,-15.228685446267976,-3.7921772109037715,0.1471621490388521,0.1168641207798101,0.15,True,5
-0.9929767422066984,0.10740855975247139,-0.049604341830854888,-0.1023367563247856,-0.99016161647638823,-0.095431449542526331,-0.059366469841940002,-0.089684862428205128,0.99419929979342681,-15.093702280991122,-14.04777899476753,-3.663929673173238,,0.1654516845480829,0.48,False,2
-0.96893225899112134,0.24722975702570366,-0.0069083085755470841,-0.240675780768068,-0.94894409426105841,-0.20391241874574906,-0.056968816365133478,-0.19591465797145546,0.97896475970991126,-9.610678493702796,-25.611642719603136,-4.2677179754700409,,0.09817817851117878,0.4761904761904762,False,3
-0.99791236344110101,0.041556171229167979,-0.049436823564723488,-0.032614151586255968,-0.98496963532822557,-0.16962056065728798,-0.055742551140993218,-0.1676541145160359,0.98426869597592037,-15.717841597582513,17.002434642428604,-1.9997428229133676,,0.1125399411990229,0.2380952380952381,False,2
-0.0077374025603248325,-0.99538088417187409,-0.095692361381868096,0.9978223854142596,-0.0014168564011573202,-0.065943003299329894,0.065502822594270024,-0.095994207862542744,0.99322429102848009,-0.97683091000683142,14.833798306787511,-1.9515124444290657,,0.3064047100753508,0.8133333333333334,True,7
0.40834437813012947,-0.88654176192815637,-0.21748235148360837,0.91198834926164596,0.40643701771499163,0.055553590720702248,0.039142300143674258,-0.2210263671788178,0.97448202926026251,-7.1264355873820531,-27.931559931725197,-4.4255730048756643,,0.2829889626557381,0.2380952380952381,False,4
-0.99883555653977951,-0.001285623186353683,-0.048227359090988013,0.0077900299396031006,-0.99082503654545262,-0.13492613678691703,-0.047611410663920495,-0.13514471550054949,0.98968129185453757,-13.124536613429218,-11.134025584976564,-3.5026407871681231,,0.2434666476247515,0.7619047619047619,True,3
0.85686092211954135,0.51434506477888831,0.035192534464733506,-0.51549749740125395,0.8538271204416662,0.072398747028780755,0.0071895978673610708,-0.080177320583157949,0.99675468744652107,6.9951621188749913,11.891935596404375,-2.0658592202938402,,0.6240130566601625,0.4418604651162791,False,4
-0.66570026941652494,-0.70348051232301456,-0.2489142825964733,0.74621610562134066,-0.62853704143294065,-0.21932330304381295,-0.002162177163952908,-0.33174742851825834,0.94336576610635858,1.6076730974570983,-19.615549938688982,-4.0254918388334389,,0.2891227567650195,0.625,False,5
-0.24766438634639668,-0.94786469804169315,-0.20053644542076005,0.96860904069078402,-0.2376652780765923,-0.072881697900474204,0.021421438507782532,-0.21229161500894653,0.97697154112550855,8.3022855967223794,8.7917761584697534,-2.3701213087281023,,0.2485830251671555,0.575,True,4
-0.29231953686858619,-0.93790258772363155,-0.18678336196313447,0.95564381291396772,-0.27913938864968962,-0.093947349848365835,0.035974869064236574,-0.20596101001304484,0.97789870188594574,-3.9632691999982392,-14.004166136516393,-3.5526853704910084,,0.07355701389409006,0.2631578947368421,False,2
-0.3750230232129606,-0.91038030055230557,-0.17482974697260667,0.92541920836736902,-0.35659619726637248,-0.12821248332309454,0.054378496162762593,-0.20987343915192533,0.97621520101544212,4.7398242488563831,-8.5501549065171414,-3.2475544721783964,,0.1926267269468154,0.2121212121212121,False,3
0.99726694729490928,0.059008430958905289,-0.044459429920544448,-0.060544587828321526,0.99758506196129237,-0.034035232280414156,0.042343697497860981,0.036633990056383306,0.99843125053994453,-20.549676026101892,11.324952300777273,-2.3957932941096276,,0.06203469676569526,0.2666666666666667,False,1
-0.4691272067284839,0.88310470953856912,-0.0067628320939344191,-0.88079805315609461,-0.4684306197256089,-0.069047404440109553,-0.064144005671336962,-0.026435326634681476,0.99759045707251726,13.295405835218331,-0.12225818583303874,-2.9508002746545503,0.3643857828737431,0.3224214237981561,0.7837837837837838,True,5
0.93583344509834598,0.35076180195777246,-0.034379082633138013,-0.35169097393501098,0.93575139602789426,-0.026130129821517994,0.023004823146531066,0.03654426246597875,0.99906721245010011,-9.4058805785525887,10.696836655603052,-2.2975632012766498,,0.1622098366591629,0.6944444444444444,True,5
0.41574645155770595,-0.90133544938950338,-0.12144667838601797,0.90871127511117689,0.41716574162845671,0.014716062564336843,0.037399284792545284,-0.11647811676619972,0.99248886231111155,-13.592647539959041,-20.596682630546816,-4.0062340991572691,,0.09034257397045414,0.2727272727272727,False,2
-0.43584507720595866,0.86577277711015888,0.24591983874891682,-0.89773084643250334,-0.39870970047246201,-0.18737636487225112,-0.064174730532438468,-0.30243689120892836,0.95100658819850781,-9.529257914919782,-12.768422203039936,-3.5575972382177667,,0.3207162411857649,0.325,False,3
0.96309240076542701,-0.26454484571307502,-0.049689558204225673,0.26296905848387381,0.96412992945717146,-0.036065959089065514,0.057448253828909043,0.021668034787550909,0.99811331741463827,-14.556008223701436,5.095823145763366,-2.6458095984770105,,0.08575325305725248,0.3448275862068966,False,1
0.33653423797439508,-0.92282490244774695,-0.18745374387645666,0.93731389820036282,0.34740079574233512,-0.027483510656989681,0.090484047828518974,-0.16645385708928268,0.98188886873651215,4.6472856380612146,6.908899583468985,-2.4510966103060348,,0.1863464067423676,0.1428571428571428,False,2
-0.57373488432018716,-0.79345081537825957,-0.20313563471158269,0.81884070345795912,-0.55018731434135149,-0.16368818374680111,0.018115873552694187,-0.26024934719116377,0.96537147897169451,-16.170767923770875,10.759791985914161,-2.3715790648410162,,0.1597233111015526,0.2705882352941176,False,4
-0.77239866656627731,-0.63039713559430111,-0.077458061692372293,0.63509652655944426,-0.76797708454284463,-0.082846844050956381,-0.0072596032100972208,-0.1131841378090357,0.99354750722331298,-3.6387322669338111,3.9241818976237619,-2.5932840228593119,0.4115663945730945,0.3102999534714453,0.9478787878787879,True,5
0.99859667099391169,-0.010620098328045982,-0.05188354451441643,0.015682111321994922,0.99504762510128009,0.098154445466246243,0.050584187888720274,-0.098830346006701708,0.99381779147076743,1.8516819888020559,-1.709073223246671,-2.940132485028935,,0.08529575711622003,0.4615384615384616,False,4
0.97558130420691036,-0.21116018082067284,-0.060435890973202053,0.21253178985321328,0.97700323924261556,0.017172909224309113,0.055419826630309831,-0.029598117257986653,0.99802434553023256,-18.802624497532332,4.1456455412314739,-2.7628394351278605,,0.1355319325038923,0.3181818181818182,False,1
0.025587990155547437,-0.99075742617331963,-0.13321027453698847,0.99876304941648286,0.031019679446680552,-0.038860656290320636,0.042633623820745752,-0.13205113391957457,0.99032563944920005,16.665686864219289,-9.4702197735455176,-3.572932749611927,0.2416661449512254,0.2724828432151508,0.3478260869565217,True,5
0.5760384397849807,-0.80229484607434609,-0.15653336977343557,0.8152993909818943,0.57770260631474746,0.039326857511127147,0.058878000599866351,-0.15027534268698156,0.98688940739359077,-13.877903549241838,13.944896382877687,-2.1562828869010877,,0.2531406673124134,0.1363636363636364,False,2
-0.900378551359442,-0.43237919351905191,-0.048648712867749147,0.43478555928832291,-0.89837086922617371,-0.062380275409387786,-0.016732653292726902,-0.07731761983936887,0.99686609129619919,-0.73617487910704127,2.6883958792188265,-2.6502879665414194,,0.08585935762191543,0.3105263157894737,False,5
-0.84974891252834384,0.52696914506451831,-0.015175829692909159,-0.52254259839977768,-0.84572567106623531,-0.1081541592227287,-0.06982849357179563,-0.083973861704325789,0.99401829562435973,-10.403150062489777,6.3320220901237931,-2.5016735307070608,,0.0689321926609688,0.2234042553191489,False,5
-0.99833658154630844,0.05676391598151008,-0.010095929322156943,-0.053157995347119291,-0.97404805224554925,-0.22001049849343612,-0.02232257774338723,-0.21910784960630383,0.9754452587222896,1.0924311072847002,-12.326584601337244,-3.5488415906463988,0.5116680066747326,0.415860856222888,0.6470588235294118,True,3
-0.058198539660977294,0.99473311895912842,0.084373882375858134,-0.99689659749036741,-0.05342059759933436,-0.057822259245546598,-0.053010413066291555,-0.087477207305534682,0.99475506246943346,23.238012817205973,0.37884966953380844,-3.0832597477455197,,0.1173879385424786,0.2307692307692308,False,5
-0.93091518311650023,-0.35497411923262623,-0.085966833826738601,0.36281316301263072,-0.92582365345354645,-0.10591114884986196,-0.041994411389409757,-0.12978419542050842,0.99065257887470737,5.5087474562141496,-11.091827728795577,-3.4343969053020604,0.2285823295171361,0.08847203719111181,0.3103448275862069,True,6
0.011355222686485625,0.9808910500352499,0.19422617454525751,-0.99913243821028486,0.018913230402777998,-0.037103377631994901,-0.040067815434726518,-0.1936363542222275,0.98025483038331029,-10.717176239733996,-21.62316275735532,-4.0273067736134394,,0.3716755298896766,0.5185185185185185,False,4
0.65931762870130461,0.73908070213968513,0.13805788716476292,-0.75184056621549999,0.64662082986540381,0.12890797251113892,0.0060022892669925471,-0.18878881881320808,0.98199936579137814,5.9780901044097963,6.9051053661839399,-2.4740450886751311,,0.4287415756345765,0.1944444444444444,False,3
0.59516073367898559,-0.79592622286094228,-0.11083839068213294,0.8007147771789358,0.59904189326909862,-0.0021577107917980717,0.068114218001667046,-0.087465752560002302,0.99383610089145669,-4.1522692236662078,15.748233288777824,-1.9054496747366068,,0.1162122318966508,0.2258064516129032,False,2
-0.57802565579051268,0.80241339491758934,0.14838829099621381,-0.81600533841301826,-0.56941557769522078,-0.099504711242603225,0.004650691282343928,-0.17860191358114619,0.98391042658147976,22.546125999559695,4.9530741935765477,-2.8033092707823872,,0.5347228329516328,0.3846153846153846,False,2
-0.1393952778870399,0.99013774369535523,-0.014007319967312012,-0.98857927853520033,-0.13996613307912814,-0.055861360900886524,-0.05727099225278242,0.006060536341569743,0.99834027432816452,-21.351577121097435,9.0994824993339058,-2.5437738479739469,,0.8343514757657261,0.7283950617283951,True,1
-0.035959205876153144,0.98006830110256782,0.1953792739434847,-0.99794640027294867,-0.024845437745465236,-0.059039701942846523,-0.053008656793210485,-0.19710106391687243,0.97894905531790422,-19.416166723318206,10.172053894634095,-2.4597458349626238,,0.2541712833364345,0.15625,False,2
-0.74741911280356021,-0.65907366807504275,-0.083585703718089197,0.66433771381898488,-0.74061457710302314,-0.10072462549086697,0.0044801577767194234,-0.13081264553788102,0.99139698403499132,6.0056710114740435,13.354944513665171,-1.99617411626742,,0.371771465923475,0.5625,True,4
0.33755505805356839,0.94128160490833868,-0.0067470766731965795,-0.94070781266612957,0.33707650678500467,-0.038055745460105581,-0.033546892126659698,0.01919293710719119,0.99925283947249366,4.8820926726312619,-4.9723336819189994,-3.0735039282148269,,0.0962020017351078,0.2833333333333333,False,5
