axis_00,axis_01,axis_02,axis_10,axis_11,axis_12,axis_20,axis_21,axis_22,location_x,location_y,location_z,dbh,dbh_approximation,score,reconstructed,number_clusters
0.69923684777666861,0.71398790551338298,0.035904059547079731,-0.70926749210579476,0.68657533751691358,0.15985596815725081,0.089484386086645912,-0.13724276554393805,0.98648718590387541,-7.9621454892039623,-8.5897653250836132,-2.2622450148380819,,0.0964246579458254,0.3421052631578947,False,5
-0.42546601134077483,-0.82890583824821962,-0.36317183881984783,0.90259255462567012,-0.41777405887999286,-0.10388222206539878,-0.065615192814471243,-0.37199455243989027,0.92591290056190878,14.741998480411302,26.935034404468166,-0.40926840230291517,,0.6263182718146597,0.3333333333333333,False,2
0.24323477360022122,0.96752568912752024,-0.068781434922276327,-0.96920034713479353,0.24525020327982183,0.022428216714725599,0.038568536729382326,0.061207668388236408,0.99737961143439824,-12.530418461966073,-24.708852576693555,-2.4778740829355312,,0.1552091287089664,0.1875,False,2
0.45521576175564255,0.89038114992044215,0.00013459413853209035,-0.8878113025719786,0.45389041595663648,0.075990666059451567,0.067599565639711076,-0.034711643134020642,0.99710851994968919,-16.540367176400441,-16.451817353971556,-3.4864286003432285,,0.1000547824111199,0.15,False,2
-0.34214280307885531,0.92716922029645965,0.15262876280767029,-0.93878024994587139,-0.3442662982000152,-0.013128527534598942,0.040372572532750055,-0.1477766993084994,0.9881963886437628,15.759741501739288,-14.247075381662023,1.1584110407311266,,0.3842091017668067,0.1111111111111111,False,3
0.51726853277526463,0.85579546800491724,0.0068834542760313477,-0.85260242840859546,0.51460809690891829,0.090816329300119528,0.074177921730736382,-0.052845279240691975,0.99584386948441006,-4.1372170606094478,-14.897464383289915,-1.5991154520095299,0.8750434081375348,0.9019818931836953,0.7326732673267327,True,2
-0.56085656115269555,-0.80143843603162224,-0.20769292492321362,0.82421608538139346,-0.56417810612821029,-0.04869198254494396,-0.078152174701308308,-0.19849306742748712,0.97698144290087863,0.68756072577833272,-12.286774715788788,-0.87839217834170769,,0.1682050456429722,0.1666666666666667,False,2
0.84369335295894254,0.53438702088384205,-0.051108101938811691,-0.52619249283931269,0.84208065282550437,0.11841298331061823,0.10631550523063643,-0.073011547359737833,0.99164828810404848,8.3040206497525215,31.623345538585063,-1.5726130190862488,,0.2853284715126417,0.8378378378378378,False,2
-0.41192507831305908,0.90953870842152462,0.055290756367444113,-0.90977678361942282,-0.4071048534822429,-0.081066899893228447,-0.051224348154733333,-0.083695735578973585,0.99517389937739853,-3.5918770640151623,-17.988480598561615,-1.3455335944381039,,0.3975831402737556,0.3414634146341464,False,4
0.58861729187049494,-0.79836403344299522,-0.12706122073895387,0.80775451968067946,0.58716556503677708,0.052623522976647699,0.032593245411833942,-0.13360939091123383,0.99049796113563504,21.906970880101493,22.221837016936824,0.83715585931298719,0.4801009384271965,0.4559458654371559,0.9591836734693877,True,5
-0.93779303920447221,0.33586491559971832,-0.087971439051729355,-0.33026538644983172,-0.94111056275224025,-0.07235802090510704,-0.10709337109635386,-0.038802927020453855,0.99349149101633627,6.5105892020321079,21.834018476652346,-1.458362698314337,0.274008337351435,0.2874435735259009,0.2727272727272727,True,5
0.48586291515772057,-0.82439027323926728,-0.29037545533830472,0.87355279769308913,0.46904769647273042,0.12999910798233397,0.029029938288234709,-0.31682003696438077,0.94804131073538644,-19.316041456674668,-11.110612392788166,-4.2032809689614705,,0.4204016934365244,0.3,False,1
-0.98993475664827058,0.043014973432628431,-0.13482911273282555,-0.020775547332150545,-0.98653889587209798,-0.16220167559095269,-0.1399912647731289,-0.15776792764073871,0.97750280142573909,11.754818019053749,23.199265600699686,-0.61996493768046801,,0.4383652999241359,0.25,False,2
-0.7462381895807898,0.66503090924067054,0.029367569966060367,-0.6630993536304034,-0.73874246328451787,-0.12065993599891807,-0.05854751596887367,-0.1095146688569569,0.99225940442962035,9.2396740600814979,23.258988582775185,-1.0291645932020754,0.6431740592246807,0.280532223476811,0.5,True,5
-0.39610140456343507,-0.85424885640313741,-0.33669358270808358,0.91552432071026568,-0.39544265438882709,-0.073758560709413945,-0.070134837925810475,-0.33746703309190024,0.93872099480371141,-22.571211083094525,28.528765403793436,-7.0829515767263924,,0.3255573021605041,0.2631578947368421,False,3
0.606357358732598,-0.74059456259348033,-0.28956941718316376,0.79400651415078494,0.58376197651080008,0.16963375332262659,0.043409779968863124,-0.33277867815888351,0.94200527724948513,-19.208459878888899,26.467294171428058,-6.3375080525874283,0.7641866228836822,0.3738422323410081,0.25,True,4
0.44754934564364202,-0.85681999391278652,-0.25604507658856018,0.89391440682165779,0.43659734894426211,0.10148787204157819,0.024831763743909128,-0.27430321348124242,0.96132259444123769,-1.8414814043275884,-9.534183627561502,-1.326860785995581,,0.09713717110346218,0.2380952380952381,False,5
0.81108822911484391,-0.56968070092252887,-0.13266417597740643,0.58095616585440479,0.81096522521694836,0.069464644565239791,0.068013365944478085,-0.13341402656858037,0.98872386416413671,-9.1310222117632112,-19.895828374624372,-2.1695891506146521,0.6466873151725838,0.7407075743054566,0.8467741935483871,True,5
-0.77782977910626994,-0.5646463810608946,-0.27596249580391885,0.62119673100660644,-0.75737196548048058,-0.20125190009274746,-0.095370100776914213,-0.32796672126767723,0.93986295470070125,-4.0006386920259986,22.578495201331652,-3.1716646795272379,,0.6374032430950336,0.4222222222222222,False,1
0.75060791952047168,-0.61891119298701958,-0.23137996099173072,0.65787081809544867,0.73266300521962702,0.17438723428327946,0.061593326355830064,-0.28311456334482415,0.95710626691632072,-17.581301963647157,-13.370647899122384,-3.7858363435838065,,0.672909823614181,0.3934426229508197,False,1
0.98784479415268778,-0.10175449495019813,-0.11751036304456286,0.11876144159948589,0.98180032319747745,0.14820204235617607,0.1002914884456641,-0.16035631614239587,0.9819508486775671,5.9324681355506454,-10.811744937554083,-0.17789429593160469,,0.0966891091959147,0.4285714285714285,False,5
-0.68621764824799147,0.72730345722047451,-0.01161982565020564,-0.72519007249573431,-0.68529227418772043,-0.066886902247400459,-0.056610051992796492,-0.037472390553144108,0.99769289962372953,18.616513539697308,25.342343324854919,0.27543370668147338,,0.4965220400814217,0.25,False,3
-0.27951449561236841,-0.89570380981775743,-0.34581256747046957,0.95855591742286728,-0.28101510086992809,-0.046915522555648959,-0.055156141237117137,-0.34459425149154593,0.93712998133813474,-19.055490425112751,-18.589669468037521,-3.8151747806256111,,0.4206437331309882,0.2380952380952381,False,2
-0.88600902049223895,0.45615327718001814,-0.083139661560001146,-0.45539904584296093,-0.88981720860509916,-0.028931718157570258,-0.08717639962571723,0.012227959280184872,0.99611784059926256,-4.1664946809810663,26.63199529280163,-3.4594648960007288,0.3405035234137458,0.3321588835823759,0.972972972972973,True,5
0.20877792438462056,-0.95795769520124896,-0.19679642398773486,0.97667714469188782,0.19392214134920085,0.092173521854387194,-0.050135150604643935,-0.21145036604189446,0.97610204864788497,0.59585382934444642,-11.062711784810181,-0.96440403070160374,,0.1570337611223345,0.2093023255813954,True,2
0.80781074415147447,0.58850138311739075,0.03328548786419791,-0.58423918798734309,0.79191666372404756,0.17757412237165232,0.078143284121731368,-0.16289297033663108,0.98354435963080922,-5.3372887977752796,22.697896685130541,-3.4378340661071634,,0.2373629489252648,0.2765957446808511,True,5
-0.56602992916394379,0.80875216994845833,0.15978124700452029,-0.82335844318092322,-0.54493722401976685,-0.15850645387590936,-0.041121689329917027,-0.22127663564255726,0.97434370587866159,-1.5984134397637677,-11.952526938084514,-1.2794142215216346,,0.3277786281683279,0.4084507042253521,False,2
-0.16248407565510797,-0.97579247028636873,-0.14638299112578534,0.98565563468016759,-0.16737442456996074,0.021651139071903712,-0.045627787385994628,-0.14076525470548881,0.98899102528079497,11.348465567723142,28.529431113806453,-1.1167218034498585,0.2415923230622174,0.2802841633393242,0.5714285714285714,True,5
-0.34005619623357403,0.93228610958343905,0.12330609587903611,-0.94035752376281523,-0.33578410766364408,-0.054559697059259352,-0.0094610203371980305,-0.13450517803529846,0.99086772385413435,-28.626068762844646,25.365983264797404,-7.9015105424180048,,0.1749431125539536,0.375,False,2
-0.87466039800329654,0.4754745601023912,-0.094303397924736243,-0.45222863464045293,-0.87045645251487724,-0.19440891514137312,-0.17452349462449235,-0.12739508220748377,0.97637699832257507,-27.173326936567058,26.426594669124057,-7.712342916123986,,0.2770875766879489,0.2222222222222222,False,2
0.4883061317976099,-0.8478155835129938,-0.2067990764035898,0.87241221420473114,0.48004225273689316,0.091958491145122931,0.021308452671511224,-0.22531793523776877,0.97405224598320983,-6.2396494164637133,26.008998140342889,-3.8593148593270739,0.419445663671569,0.457236728279281,0.4761904761904762,True,4
-0.45936109719244128,0.88061771377895803,0.11618874543120751,-0.88787058267944741,-0.45139896551742131,-0.089021358910437248,-0.025946306068791173,-0.14405351820946083,0.98922968672238176,-9.5307274945490565,23.912698540936233,-4.4661130404068956,,0.6380479789328759,0.5434782608695652,False,1
0.96182983374797737,0.26002220434391554,-0.085274991412894852,-0.24545127654837429,0.9575361524181375,0.1512553723113427,0.12098364250224801,-0.12455107410376046,0.98480962027515129,1.8410311903073813,-15.143046746700675,-0.66557535554701097,,0.3291816702101772,0.4736842105263158,False,5
0.95146682462293086,0.29543787067621785,-0.086182052727119166,-0.28845799921267257,0.9537288212843501,0.08481343137609039,0.10725140713379669,-0.055837263739077728,0.99266275020570527,-16.369992714513021,-14.354126881749842,-3.5533147909582512,0.2013597574461179,0.1915197186236232,0.65,True,4
-0.99104466739307373,-0.027939433446756142,-0.13057509444923376,0.047113033154520277,-0.98814052396683894,-0.1461460468213987,-0.12494330449741232,-0.15098904911686697,0.98060770836662892,-11.610980147428144,-13.433612631092464,-2.6912663544755477,,0.4448051506481282,0.65625,False,2
0.3032890395231419,-0.94282546431606784,-0.1381879240104639,0.95281567535838552,0.30197008059366515,0.030925058085626254,0.012571686301929119,-0.14104685130639036,0.98992309723537586,-20.467957899964137,-16.099467555382759,-4.1319141728214879,0.526795815143409,0.4846716128469731,0.9354838709677419,True,2
-0.53908712290583194,-0.75970745181066657,-0.3636339664834064,0.83601781248031437,-0.53508165064658431,-0.1214983306755925,-0.10227067582030167,-0.36950265872476412,0.92358458955451839,-15.226598823936952,24.185645894638249,-5.589909040527071,,0.5453141768352151,0.1714285714285714,False,3
0.97500446212134717,0.16333219156908238,-0.15062833080368082,-0.12903868982495439,0.96815185103480983,0.21454838583902378,0.18087375534256406,-0.18974875107655384,0.96502854677629435,3.6342662520448852,29.91436007533251,-2.2662773220266454,,0.2193650736298484,0.32,False,2
0.99361311434111454,-0.011253887229008212,-0.11227790981127168,0.049468816253636728,0.93774403020634389,0.34378622722678615,0.10141900821746985,-0.34714475919218518,0.93231148278758458,-17.715910122541786,-14.51854926705523,-3.7519399357061105,,0.6310397198842943,0.2222222222222222,False,1
0.98369829014482624,0.1475159970379076,-0.10284310664335386,-0.12844789747524804,0.97664039223029919,0.17226340847212526,0.12585234046426158,-0.15624523955038802,0.97966760358680249,6.9169277801733582,-11.805419257150861,-0.054522997734558744,0.9169613348036871,0.5099222631952607,0.2333333333333333,True,6
-0.43504619764051872,0.88376557795651445,0.17231717597997473,-0.90027201563691772,-0.4236129853978568,-0.100311198095505,-0.015655790608179412,-0.19877233666056765,0.97992063678592345,-16.446430865644892,26.737904686151943,-5.8565939266587455,,0.3287659208866081,0.1875,False,2
0.96837826590340581,0.2418480036609012,-0.061262364067584042,-0.2313690760875288,0.96242596241200373,0.1421429474357819,0.093337477769199401,-0.12347392437500673,0.98794853370158875,13.975505931154638,31.169459187970912,-0.82957488819617042,0.4939860090637195,0.3925372735627789,0.1818181818181818,True,5
0.92002349561562546,0.38738214648500652,-0.059091793845480627,-0.37819875769424438,0.91726256749789248,0.12488027044216132,0.10257907775827411,-0.092544339923336688,0.99041056030033259,-12.488164199808114,25.530733167468401,-5.0843487258673097,,0.181349377509621,0.3333333333333333,False,5
0.62446635486424529,0.77615806747143412,-0.087295051071475893,-0.77615492815405673,0.62915888756899985,0.041744720565713503,0.087322958863828029,0.041686310606088461,0.99530746624513944,-8.2854938449835238,-10.625552067136896,-2.2370152660909337,0.1647488658906512,0.1089680380399506,0.2784810126582278,True,5
0.16381359678516233,0.98498806004147688,-0.054439205394966224,-0.98538841517559961,0.16598985841640171,0.038171168971126081,0.046634501670196768,0.047390805844910372,0.99778721918821023,-8.8984734806154684,-8.6973480792715954,-2.435378571183668,,0.0765061867089007,0.3461538461538461,False,4
0.98652904356821647,-0.095460926811118632,-0.13284448670811136,0.11782503804997738,0.97798669596172749,0.17221870667957276,0.11347998327855326,-0.18555116268626712,0.9760599671233694,-14.831028854894067,-11.397927469856803,-3.3377159076592968,,0.2179565071018513,0.2631578947368421,False,3
0.46837194300625712,-0.86616219318988907,-0.17432951010378564,0.88319012406140551,0.46447046199445829,0.06513366790726885,0.024554587452111018,-0.18447288424897826,0.98253082761403499,-21.365457328097602,28.988679671732719,-6.9256672134550223,,0.5028208406074808,0.918918918918919,False,5
-0.86953185808980515,-0.47640831885943946,-0.13019009750520286,0.48395274389143994,-0.8745013819709978,-0.032203642818196876,-0.098509336851071758,-0.091007948292104124,0.99096592469207789,-17.050938197456404,24.512834524698217,-5.8744089881377786,,0.1027258889635129,0.1333333333333333,False,4
0.97865845095286486,0.18935809249516894,-0.07981947873250228,-0.18335134237698691,0.98003412049742555,0.07691168902964543,0.092789663363406147,-0.060635265872485647,0.99383773469589953,4.1313305621524252,-10.872773175042152,-0.40056570972299849,0.1442397624182221,0.1446271547680526,0.5576923076923077,True,6
-0.96016672194469199,-0.24651242151390645,-0.13157314357168121,0.25668769021326637,-0.96418875744967403,-0.066719335283195069,-0.11041420091166823,-0.097834891766707607,0.98905866266366327,2.1277578095880059,22.441771630690596,-2.0541075657658494,0.2136415039047963,0.1550371411597091,0.3870967741935484,True,5
-0.98893741409386671,0.13470995971712582,-0.062096841774330551,-0.11829918070699091,-0.96881815028881402,-0.21770782143739251,-0.089487959242518456,-0.20795340445390934,0.97403659414143084,-6.9127905673014993,22.697318362509204,-3.7091550401288105,,0.2329881126745265,0.2,False,2
-0.99399619586016141,0.043134703138243996,-0.10055326946799702,-0.038971989984128187,-0.99831458492470027,-0.043002017665460385,-0.10223867473811012,-0.038825080963200954,0.99400194490554006,-0.92757656794247079,21.452698790893713,-2.5276605067874587,,0.09443096087797713,0.2580645161290323,False,5
0.68325994701125758,0.73016957851182851,-0.0028690461889186308,-0.72866971739555531,0.68209810708864704,0.061502969495530482,0.046864568288388558,-0.039931928602877045,0.99810277693091287,-4.1123149942850903,27.915065986141489,-3.5534249571901322,,0.1653296316533232,0.5714285714285714,False,2
0.056001050256810646,-0.97392026455416192,-0.21987087269778496,0.99826144986230991,0.050562267256512652,0.030290837701859336,-0.01838369084089396,-0.22118493488624483,0.9750585954138522,3.6245426033638743,28.408577672856278,-2.159247345381162,,0.3260455517293878,0.4615384615384616,False,1
-0.81722128953795936,-0.53571108308578275,-0.21251588031244495,0.56625384004432655,-0.8149902845095478,-0.12307487473120474,-0.10726580331573564,-0.22091734113488029,0.96937586921943031,10.893364647876805,25.330508724428448,-0.90119180664206755,,0.2907999269406414,0.2972972972972973,False,4
-0.41606833398171483,-0.88504894063372153,-0.20874748894491685,0.90759096102799586,-0.41838515578288382,-0.035107105844993311,-0.056265343844677573,-0.20406428914354402,0.97733923331583328,-22.443101510620728,-25.489449770274078,-4.0670032319158596,,0.307689414995359,0.3333333333333333,False,2
-0.86685817072991922,-0.47663226009530135,-0.14621422801910636,0.4891940599944849,-0.86974456572152969,-0.06506582869663903,-0.096156557264133538,-0.12792997707462075,0.98711085368402107,4.1800441665017027,24.323229364591079,-1.862463323754814,0.3898931840496999,0.2819202228962847,0.4444444444444444,True,6
0.17968631268780136,-0.94231554729207201,-0.28240792900395817,0.98370771655770417,0.17047009695099591,0.057088303796365106,-0.0056530891988131465,-0.28806484578504366,0.95759421844816384,-7.9332008147791946,-14.59984505193872,-2.0830754744567885,,0.1763206137381212,0.3478260869565217,False,5
0.99473862153941428,0.01602925266677261,-0.10118368384680643,-0.0029078920355046218,0.99170324018525513,0.12851547599404475,0.10240419416105748,-0.12754507620841657,0.98653212545421642,-12.702731777657782,-18.072718372998946,-2.7333587950870024,,0.07103622708258145,0.4444444444444444,False,2
0.93800500645890594,-0.32086852899075813,-0.13111062108515015,0.33506406363512903,0.93622260412225822,0.10592123862026026,0.08876193507546401,-0.1432851096026487,0.98569300304294283,-18.964798779021645,-15.252091898178891,-3.933082653066597,,0.1137164405436141,0.2105263157894737,False,1
0.055092939285374606,0.99483320050410817,-0.085274094634026049,-0.9979181263317688,0.057728539715408547,0.028754631641189368,0.033528811183696959,0.083512387566643753,0.99594251839326986,-13.35097452890906,-11.478923957663572,-3.0894552429201805,0.5387777899352347,0.5043743126993844,0.9919571045576407,True,5
0.94499948585366267,0.31471637964479038,-0.089048144953106478,-0.30487550643805511,0.9461796646361651,0.10860463987847718,0.11843520300338346,-0.075482730556535468,0.9900886122349235,17.285701132503299,-11.855184648078918,1.2736811156918564,,0.1277504719589749,0.2692307692307692,False,5
-0.88430015121239491,0.46316220743977127,-0.059110169727835317,-0.45856877667507601,-0.88533304398056378,-0.076811967132948092,-0.087908586750439596,-0.040818755929437948,0.99529187153312648,6.0556998868071101,23.886703435526503,-1.5939251243575618,,0.1917162550560321,0.4473684210526316,False,5
0.52421669273358262,0.85058638012905363,0.041227042076986672,-0.84609821097447324,0.51474180401845104,0.13841492904172661,0.096512571436369321,-0.10744154287231518,0.98951586062071595,1.9070675550990213,27.363561691032643,-2.4133155827533272,,0.2675411352043552,0.4090909090909091,False,5
0.96416534567661816,-0.24135759329345025,-0.11014398919542005,0.2521912499841098,0.96269691647252864,0.098052131265656567,0.082369652346842015,-0.12231581734951019,0.98906727839838149,1.6313974248109286,29.955988080877244,-2.6761638938438992,0.3746774947653917,0.3260438826827554,0.5714285714285714,True,5
0.95209749574583058,0.29529556610899277,-0.079441092835431701,-0.28851540736838904,0.95354665464263488,0.086646622155121339,0.1013371516551094,-0.059576052707521629,0.99306670251208218,-2.8125784795340665,-8.3254983543475127,-1.483312610953001,,0.07665999262943594,0.2424242424242424,False,5
-0.9307391909143804,-0.33370316643994052,-0.14955519116366919,0.34593533303042451,-0.93605492841597304,-0.064264425223419963,-0.11854663157244749,-0.11154984399865629,0.98666272274100897,-12.559080229652441,23.047238720285236,-5.0242981275102068,0.2673992887779966,0.1956541905103683,0.2352941176470588,True,5
-0.98288020644098972,-0.13777020107355226,-0.12233507870872752,0.1512800520156137,-0.98246130782939922,-0.10901433153626973,-0.10517055504593814,-0.12565488575578587,0.98648365624425338,-17.526327427360592,-10.757209381391613,-3.874980874039986,,0.1520962743868037,0.2,False,1
0.86928432629846819,0.49243854232929751,-0.043000489304371503,-0.48276870746334161,0.86445546000524054,0.14018249805629315,0.10620327276498143,-0.10109915773993838,0.98919150075113482,-11.379382482407943,-10.666642854968758,-2.8255911575026729,,0.09846515905776647,0.2321428571428572,False,5
-0.025528290913796742,0.99891132419132922,0.0390444972479667,-0.99861823132557015,-0.02727650983527078,0.044917925991714652,0.045934022545509136,-0.037843868902799754,0.99822738249321596,-10.78763588073244,31.262794747432956,-5.0803904194754743,,0.3645731950314718,0.2413793103448276,False,2
0.5283651344843544,-0.82292121377512961,-0.2088802541653931,0.84892704307388922,0.5156567192123096,0.11584914099388814,0.012375790849663386,-0.23853474348628201,0.97105510448726873,-14.196553004002634,-22.117051274501065,-2.747591663308802,,0.145600638264204,0.3103448275862069,False,4
-0.38014107050079654,0.91695727818595296,0.12116978377597687,-0.92490967410852831,-0.37602097499262582,-0.056127721368771782,-0.0059043423820000218,-0.13340755730993506,0.99104367330286292,19.627280480050104,21.364898825141026,0.55840921560920997,,0.530218086572421,0.5,False,5
0.79804166286565914,0.60049713553134254,-0.050325883492159461,-0.59477374957509155,0.79834038784449557,0.094322913190205096,0.096817824531437086,-0.045341100063333598,0.99426882355731494,-19.045554015252041,-6.6845340590205993,-4.4374450941735732,,0.1268651940293194,0.4423076923076923,False,1
0.10931429713237255,0.98554353245657578,0.12943851851543797,-0.9939820811499791,0.10930717351867862,0.0071808195991497521,-0.0070715482896882217,-0.12944453426226049,0.99156144829980897,-1.7499741998856342,-13.607903703835222,-1.2167770639866349,,0.3392518875469472,0.256198347107438,False,3
-0.69707859219111412,0.71436683227645459,-0.061330785517198991,-0.71493710074789352,-0.6990063187872112,-0.015972109120181443,-0.05428055160966317,0.032713838644438255,0.99798969257106807,8.262313304624433,-16.169632183518928,0.22977258314719537,,0.08744586646371635,0.2857142857142857,False,5
-0.88979860282871426,-0.42856654699117736,-0.1568093147875092,0.45183238361496048,-0.87558892531685162,-0.17085529251183695,-0.064077636667501506,-0.22287832703639265,0.9727380468638861,3.9978999381844695,21.738744839443974,-1.8497999353148518,0.4415250464960949,0.3826684334275192,0.1891891891891892,True,4
-0.44559995954341902,-0.83277932225975226,-0.32851069460748406,0.8926739221098583,-0.4410515719216766,-0.092772731394637237,-0.067630945874700588,-0.33459245556647926,0.9399329464584627,1.482527189468938,23.278047293788045,-2.2239840685425873,,0.2630694099155347,0.1764705882352941,False,1
0.95541340250402462,-0.27520225859609343,-0.10699975317397588,0.28958830927780199,0.94409160165921091,0.15757429614683474,0.057652766154860438,-0.18153447204361794,0.98169312619297588,-8.1077587608772461,24.183895124121499,-4.1044802668751572,,0.2104036292161889,0.125,False,2
0.66687992964720688,-0.7325279865356783,-0.13665250958442096,0.74342645705282029,0.66656103990053606,0.054895200524327573,0.050874968183051608,-0.13819959851135558,0.98909686511669459,-32.187518046361824,27.226571661841337,-8.5042356043348093,,0.09179960883261781,0.4,False,1
0.30139643956181472,0.9522776966283093,0.048242872258424468,-0.95195873296047062,0.29764958665376956,0.071967314144236086,0.054173397159088421,-0.067615915797403114,0.99623959516329286,-18.908264450909371,-9.5168957061536954,-4.2730197232067075,,0.6025999782981841,0.4567901234567901,False,1
0.87085483351075543,0.48621361533252777,-0.072167715886165745,-0.48092934887441513,0.873163791775322,0.079321838882950108,0.10158159450503207,-0.034370234183291049,0.99423330594986614,7.7246368779849286,35.998394078318825,-1.9841839196664333,,0.2104864595770327,0.5384615384615384,False,1
-0.94132320735211206,-0.29762916082027574,-0.15914616530017117,0.32233366448289869,-0.93257814373417414,-0.16247773561428722,-0.10005812331518682,-0.20424222986135479,0.97379334743050239,14.89622100522797,20.643521860799222,0.0004626050617195515,,0.2127081554028799,0.3333333333333333,False,2
0.51215239317021188,-0.80781463096474815,-0.2917797939702339,0.85829399978073029,0.49405906379967718,0.13869769795415496,0.032114422156100629,-0.32146720435632919,0.94637598258456745,-20.549313362225938,-9.8763033699721881,-4.5626037272172537,,0.6856598856167522,0.3103448275862069,False,1
0.8487135658292293,-0.49293146421173983,-0.19158250120380133,0.52353658643022882,0.83435026243397037,0.17253719090488367,0.074797900013423291,-0.24673510323104564,0.96619204249835711,5.8247098542448947,-15.90399371179088,-0.10981855749718147,,0.3833219371899543,0.1944444444444444,True,5
-0.25763454588939627,-0.9283912116174321,-0.26779506895363236,0.96524923508103122,-0.2598506609013998,-0.027776756552734008,-0.043799028982942127,-0.26564523752670965,0.9630754138900699,-18.194726832187555,21.820516632352639,-5.9651647756788746,,0.3862208978991615,0.1724137931034483,False,2
-0.87462797477319154,-0.46149355281070875,-0.14849109891942042,0.47667109325359847,-0.87447587218373479,-0.089870005145863227,-0.08837745527320022,-0.14938423505393092,0.98482169742384706,-11.522206962511468,28.052631009303532,-5.0561833010556443,,0.2952105755839157,0.375,False,4
-0.94759268561996857,0.3067421175062518,-0.089316154794733232,-0.30670311652894938,-0.95169475142108384,-0.014501669869071223,-0.089449988658276164,0.013651866734719343,0.99589774879938964,-0.29530129540567418,24.720957935589006,-2.6362673795182778,0.3406936966069636,0.3970576773917268,0.9722222222222222,True,5
-0.418144536885595,-0.856541949458831,-0.30247485034295984,0.90668282247471721,-0.41389369794508851,-0.081352727247582371,-0.055510410753398125,-0.30826594949589303,0.94967926095044541,-2.1728340368614072,-15.156849041711,-1.223692279355471,,0.5133233110761025,0.4782608695652174,False,3
-0.39468917628054728,0.91697773113157255,0.058071462318223105,-0.91643366790235037,-0.39742644783284004,0.046920687313975182,0.066104360385892985,-0.034699555786272401,0.99720918285292981,1.9798812962833443,23.88831115437511,-2.1638524146387264,,0.2305522750126027,0.25,False,4
-0.6416611773451224,-0.74969418607318861,-0.16195542860963766,0.76265626496853012,-0.64606132249497339,-0.030986917889612723,-0.081402426206612796,-0.14339942449014917,0.98631143664847143,8.33016865390797,26.59989160015239,-1.4120718585289618,0.3391573784357266,0.2784523013947576,0.4827586206896552,True,5
-0.37309833554618294,-0.90336450014080971,-0.21149518173711346,0.92680991700204418,-0.37337547385949515,-0.040176277414204778,-0.042673290936293129,-0.21100553406378764,0.97655294522884117,-17.194211369684307,27.758340694837436,-6.0557800374230188,,0.2924710121835061,0.1904761904761905,False,5
-0.41145145742733102,0.91023247390033268,0.046739080416771481,-0.90642008836089905,-0.403280369056704,-0.12556897446944723,-0.09544800467660608,-0.094030778954386579,0.99098329502191207,-3.2386910490098928,-22.207444464683817,-1.2192184662921508,,0.5182139809050355,0.6296296296296297,False,2
-0.69868175169176194,-0.6707228738521267,-0.24894705530388314,0.70983227072479549,-0.69334486553907493,-0.12414122952622166,-0.089341800354655707,-0.26344586525915636,0.96052814575484591,-22.954702539343902,27.635709636979339,-7.1172870226570186,,0.1251767736681072,0.125,False,1
0.98825794706778369,0.11546979597015072,-0.10006476041034627,-0.11174785703383776,0.99284637789110264,0.042053375094765241,0.10420482957000214,-0.030377559597963566,0.99409182542014574,-18.990067521622748,-8.2569618107197709,-4.3721562384012911,0.2885808999636793,0.3004012189165861,0.9509803921568627,True,2
0.64355672941490849,0.76484122460286363,0.029199951588640027,-0.75975477138951175,0.63372216674131543,0.14549537013789809,0.092776200480822343,-0.11581932709476918,0.98892793473319274,-9.7870173130691853,-15.337666204212425,-2.3389450816078914,,0.1414878372330624,0.5454545454545454,False,4
-0.82382726821175267,0.56621745369037757,-0.026578699876921671,-0.55881836664580364,-0.81913513428451157,-0.12938185684249723,-0.095029812427881596,-0.091735636025928075,0.99123857261147863,-10.341697242516094,-12.272733735892443,-2.5133071479828955,0.3338236443696495,0.1985461087290198,0.1714285714285714,True,5
-0.09826691045563174,-0.96982980859596235,-0.22310032870487403,0.99276088490146464,-0.11109258927733251,0.045653718548629922,-0.069061130306160151,-0.21699902987427372,0.97372582450834633,-5.6107031222874824,28.257310181965249,-3.9072183395900799,,0.3039960552190321,0.2413793103448276,False,4
-0.95342950911888502,-0.26033493810977715,-0.15230853929014765,0.28290281159134339,-0.94698069289581088,-0.15229434157670219,-0.10458570808209286,-0.18829043332561252,0.97652882311942979,-2.7825333247439885,21.735939516271507,-2.8874409139698618,,0.1616758633715463,0.2121212121212121,False,3
0.98980465077880897,0.12842612004236409,-0.061591273631122927,-0.10650999273326915,0.95449140078374051,0.27857097350199878,0.094564130327511084,-0.26917075903737508,0.95843869273660076,-0.31071105793379428,-14.327800527648261,-0.96104606989632135,,0.5366365034502908,0.2,False,2
0.25320771631485844,-0.94337226870752466,-0.21432362219837819,0.96740962758858506,0.24643115744126709,0.058226257745742679,-0.0021130185825991715,-0.22208207328772933,0.97502568575227511,0.70153752856819573,23.741852412411419,-2.3816619558110408,,0.3777667065277026,0.5128205128205128,False,3
0.69095910724213994,0.72133222981240208,-0.047490276404886483,-0.71803071105693494,0.69243558724769061,0.070461730691332811,0.083710274746992788,-0.014586697597928397,0.99638336906783498,-6.0733694917612997,-10.902683379994633,-1.9073919220887645,,0.09118023186059106,0.3793103448275862,False,5
-0.91630156549673125,-0.37655796489603754,-0.13636546535539659,0.38675114239568875,-0.9204120561878415,-0.057141934511350419,-0.10399516779095566,-0.10509874355778145,0.98900923108872263,-18.517145137025228,-16.001580073533155,-3.8313296521352038,,0.07913208666680827,0.16,False,1
-0.82887646490706268,-0.54180750635072805,-0.13931414854628804,0.55173184041309808,-0.83288954219214084,-0.043439461107873362,-0.09249747130352938,-0.11286999853358909,0.98929499201880156,-1.0629740740807052,23.277152752970661,-2.6947596862530538,0.2403535537478104,0.178410058294538,0.3170731707317073,True,5
-0.55400368246306009,0.83249045465194771,-0.0062898911566681009,-0.8194633119447059,-0.54663582871118632,-0.1722473545394792,-0.14683255835809456,-0.090271333670376819,0.98503364720368247,-14.409323712442426,-10.400611553033928,-3.362825160061806,,0.2648644137782257,0.1219512195121951,False,2
-0.91561046978703142,0.40199829989679337,0.0074050318337618576,-0.39311882603634951,-0.89121859014172855,-0.22624547111841101,-0.084350792718110384,-0.21006377951916691,0.97404217172663976,-30.012435238306153,27.049262589490109,-8.1171315709237231,,0.5092742894106616,0.5945945945945946,False,2
-0.82286796080209768,-0.53870535469326408,-0.18078954590960933,0.55789267089727335,-0.82633259851302598,-0.077007820341944561,-0.10790777008401509,-0.1642284307284074,0.98050238943919998,-6.5951292068673268,24.464808993219684,-3.7737553064840852,,0.820674883438315,0.7717391304347826,False,3
0.64299347045775745,-0.74407227690306432,-0.18142724076879302,0.76147855374569673,0.64644478675609751,0.047534722690098244,0.081913424626552434,-0.16871746922044631,0.98225485819404157,-11.586375677542479,26.363752649995881,-4.9827144156644536,0.3027788302157621,0.2083597244418442,0.24,True,5
0.098198017706433452,0.99120225321164235,0.088742563331754884,-0.99457838635676854,0.094682662112559976,0.043000312641255117,0.034219624639874137,-0.092483980901788332,0.9951259872830498,17.523213871912201,27.80324307889866,-0.075256546241282876,,0.2407880652218247,0.5714285714285714,False,1
-0.52967354912083708,0.83916375702790291,0.12349137723967221,-0.84799598223250527,-0.52069722390875639,-0.098879801432058018,-0.018674728358532483,-0.15709420710048244,0.98740704099991383,-5.2760891214142385,-12.173572210733253,-1.7330140642297862,,0.4388657288086137,0.2784810126582278,False,3
-0.89702193950162579,0.43939141144752164,-0.047820786263859084,-0.43449573104509259,-0.89647808644269644,-0.086836053754356962,-0.081025303185669459,-0.05711591787053432,0.99507420435336102,17.694855777088591,22.928668715464589,0.26766331492115902,,0.1819771250007728,0.3529411764705883,False,3
-0.70021435930959008,0.71261712894730878,-0.043320648050938562,-0.71215979043766564,-0.70146209069944243,-0.027917166678335215,-0.050282043518924832,0.011303222658170728,0.99867109363248285,-6.2929683648227002,-28.874839754106251,-1.4473278898605624,,0.4171476224594367,0.1764705882352941,False,2
0.97485260137389351,0.21432635028095487,-0.061046057774419807,-0.19900904388012658,0.96053537798880884,0.19433781949433737,0.10028861375285933,-0.17730201128904674,0.97903329399177641,-2.4861049481147157,-18.264558563371992,-1.1606786812577681,,0.4273482425513166,0.36,False,3
-0.79105204237792226,0.60458517820093449,-0.093345747356068806,-0.60807146070241658,-0.79379490380232998,0.011779192530899835,-0.066975853327510007,0.06607883925429453,0.99556407230969224,-2.7903509889129232,24.082802778092827,-3.0535687026022513,,0.1232834120244162,0.4583333333333333,False,1
-0.92602161528762605,0.37316863898073543,-0.056825477572663541,-0.36513843235699478,-0.92372547087568979,-0.11578073963903202,-0.095696882059825017,-0.086466301740912577,0.99164796446484837,9.0563640636838514,25.023768309489451,-1.2386963286807282,,0.381135090414322,0.3333333333333333,False,4
-0.62607563169696268,-0.76091717695348027,-0.17039469831070136,0.77528645411799069,-0.63081780158199763,-0.031619855603845573,-0.083427917727829481,-0.15190112252515281,0.98486843360887388,-15.082662609941801,-23.246643664948611,-2.8738124475457494,,0.1036100401332486,0.1875,False,1
-0.57019581030083943,0.8198779445534482,0.05173870843171828,-0.82079573721220844,-0.57119343048286497,0.0056940976005081037,0.034221275394657212,-0.039220160734365961,0.99864442285647104,-11.212382893622284,21.679163857770625,-4.6464090160717015,,0.4427612981663679,0.5,False,2
0.56748463493800982,-0.79783902572340359,-0.20350449169982471,0.8224741946125752,0.56088666256941355,0.094564004505631599,0.038696101944122901,-0.22104081248600949,0.97449657306214033,6.258188267195302,20.644263799520132,-1.3675226371712839,,0.1046529557815677,0.3529411764705883,False,1
0.80640597802202396,0.58960171302650821,-0.045598449606895082,-0.58460616662056908,0.80644184846191558,0.08880976859858751,0.089134889687196836,-0.044959593476125416,0.9950043248121665,13.250763065289846,24.166339340644583,-0.48179916168080261,0.2543273722748486,0.2050304828491559,0.5,True,4
-0.16632192737702284,-0.97153469067723142,-0.16869309791538181,0.98563147174964794,-0.16890713911769142,0.00099007661305203221,-0.029455362333796004,-0.16610455492181153,0.98566812795383196,5.0480099666333054,25.313157536368085,-1.7770842087060823,0.3497293478013519,0.2560163649838134,0.4615384615384616,True,4
0.65220430508428417,0.75765178853010184,0.024357991843870636,-0.74964301290650859,0.63987347883608925,0.16910731587561487,0.11253842734808575,-0.12855231782951509,0.98529660709386435,9.5232066325686873,-15.990430993703713,0.39786393059274155,,0.5169552502118082,0.3636363636363636,False,4
-0.69912827476880857,-0.66840092277909813,-0.25388946777453902,0.70938803101204018,-0.69282844037739411,-0.12945027485906679,-0.089377160816672394,-0.27060849696984263,0.95853156676870732,16.624879652146134,24.893825600733138,-0.0012033136577701789,,0.1861064774267428,0.125,False,1
0.40669865007080774,-0.87873491113414337,-0.24984227821698271,0.91327101236828856,0.38416300402931858,0.13548005131003993,-0.023070890715012234,-0.2832732643389404,0.95876169704070735,11.551492384369261,-16.157491506522746,0.65119522917931905,,0.2092098902198347,0.2941176470588235,False,2
0.75500633097512859,0.65370431403108975,0.051343061893663278,-0.64899029465504421,0.7337790286514182,0.2009475915629243,0.093685845414519103,-0.18503785269107276,0.97825556754891185,-5.1915912995057738,20.662273928879664,-3.2432976231839965,,0.7375116965308188,0.4102564102564102,False,1
0.76973848180562854,0.63801526897512284,-0.02095676936381094,-0.63180766465372618,0.7661191397119137,0.11781569781604738,0.091223596247741068,-0.077446628859358893,0.99281432058867403,1.5747088240181786,-17.41716938413429,-0.67992493019977251,,0.2923064444207006,0.711864406779661,False,4
0.15027205578752131,0.98662587704993543,-0.06314814316223083,-0.98773311459655022,0.15256919452219664,0.033255604223140375,0.042445301021315329,0.057376124113551627,0.99744993699078255,-8.749527533376968,-27.801529663966924,-1.7958411844567648,,0.1718254304501487,0.5,False,2
0.9116071662359112,-0.38921899136241456,-0.13221554836764368,0.40175509607741805,0.91167885447004748,0.086223599368193779,0.086978257301217221,-0.13172032142007081,0.9874636903106041,13.968306183031386,-12.189604117808246,0.86675281831106721,,0.08813722389939055,0.375,False,4
0.88224975520048687,-0.41798530652731275,-0.21661868104101364,0.46463339762462708,0.84719902688266013,0.25762300879554212,0.075836503482658871,-0.32793611020493157,0.94165106720227465,-10.90291069661389,23.406941125807041,-4.7236861646075496,,0.4075710091617951,0.5957446808510638,False,2
-0.96882502224918643,0.22984161987390184,-0.092471109205013127,-0.22739710012895675,-0.9731253115230456,-0.036299957659999778,-0.098329218021938308,-0.014140645208665741,0.99505346943582784,5.3233367040051718,-16.642939265831735,-0.15195347162824446,,0.08009237558821061,0.3125,False,4
-0.99078898895757461,-0.01409933314714051,-0.13467883339720196,0.047701048698195456,-0.96715504288136522,-0.24967124981109676,-0.12673511476113358,-0.25379584676260697,0.95891912007871227,16.618072325470344,23.774312914633402,0.015697595599012647,,0.5097156868089976,0.275,False,3
-0.056297426894562443,0.99603218348788936,0.068923792563953507,-0.99824534980457758,-0.057422591033708448,0.014452253544411809,0.018352692407053135,-0.067989230730483782,0.99751723954330185,4.6166229979071192,28.151563531703605,-1.9920620126988295,,0.332062894799854,0.2142857142857143,False,1
-0.25158944753252366,0.96655102254313752,0.049818377242686326,-0.96627379610922948,-0.24792923648088844,-0.069613537840443565,-0.05493360395003008,-0.065652224020353728,0.99632930531940223,10.348662570094005,-9.5699593009559507,0.39261482772525358,,0.2236944375072114,0.1875,False,2
-0.32759586330521201,0.94307387477041937,-0.057381330333304503,-0.9446376052880564,-0.32811528776996235,0.00039064981848832211,-0.018459280076935324,0.054332537738833377,0.99835225763349644,20.813692818252292,20.517670533502621,0.76950980030971461,,0.144737179052657,0.8421052631578947,False,4
-0.036983620206032269,0.99621407314940114,0.078674851735076032,-0.99779311573359586,-0.041157211561610445,0.052105490412396538,0.055146260354619475,-0.076574175774559008,0.99553768666653109,-5.4957959498929316,-21.786985072445052,-1.5029963764445753,,0.3320507791952994,0.2666666666666667,False,4
-0.17400493975923081,0.98389739475576377,0.040843573940198441,-0.98464788854021723,-0.17441991468821713,0.0067991877050692408,0.013813635751684362,-0.039033446593620402,0.9991424190346162,8.3733075046099135,-11.072739867627629,0.15310953579947342,,0.1926548264965062,0.45,False,4
0.89180107920371432,-0.43408693895994743,-0.12751221335806359,0.44658326981827545,0.88975066664203872,0.094377615611244664,0.072485986573315231,-0.14111088063799099,0.98733656931973457,7.9563309922228376,-15.327391649259187,0.15787958970379878,,0.09625744814748605,0.4166666666666667,False,4
-0.44697894944657179,0.89237895447371252,-0.062206272706552733,-0.89420852058339906,-0.44763510061549849,0.0037334184068974503,-0.024514087127352809,0.057294138525293498,0.99805633168822516,-6.991873080639758,-21.798676870984568,-1.78109950050654,,0.09844320759831851,0.125,False,1
