axis_00,axis_01,axis_02,axis_10,axis_11,axis_12,axis_20,axis_21,axis_22,location_x,location_y,location_z,dbh,dbh_approximation,score,reconstructed,number_clusters
-0.34479119150822685,0.93296824868085182,0.10338898012710387,-0.93544570349648692,-0.35064742663805498,0.044583831173126073,0.077848378713376132,-0.081342664976599144,0.99364128375697258,-5.5769775338161676,-5.172163076170782,-0.074310870504740265,0.3210442114895499,0.1931352117617083,0.375,True,5
-0.97757798314695821,-0.21037600718268221,0.0091226349372887181,0.21044037363452239,-0.97758320369766338,0.006777093239481502,0.0074923968721320768,0.0085449078453856096,0.99993542218436549,7.5414314344445907,-16.711848988949079,0.63754856303191187,,0.5402660378671165,0.6349206349206349,False,5
-0.18050627849855377,-0.93645461014072695,-0.3007827231886509,0.97983214865546175,-0.19785393197394968,0.027978242683698279,-0.085711398797492039,-0.28966633347461312,0.95328220971942534,-19.527491354823862,6.5497342483009904,0.02003264355120115,,0.614827658954395,0.3720930232558139,False,2
-0.70700925964210681,-0.67298113605096455,-0.2173345285495896,0.70551381349719067,-0.69242324329344296,-0.15099771889548516,-0.048868862734570293,-0.26008929748557902,0.96434713230687152,-23.279224024340799,4.2044756781759203,0.36000232848330693,,0.2495716236202088,0.5714285714285714,False,1
-0.37136804833429626,0.91984352932727864,0.12638692270607518,-0.92411080933015111,-0.37937644255456882,0.045746332244381495,0.090027688827100216,-0.099806795306610158,0.99092563739923245,-19.568973128427462,-7.0187842932908877,0.81190337346610197,,0.1779169831455865,0.1052631578947368,False,1
-0.67226917025844923,-0.74026614085323517,-0.007759086690736345,0.73781617567231172,-0.67082964925708688,0.074932453542493671,-0.060674983611868093,0.044649998699572993,0.99715842471486327,-14.45859889549658,13.460334982564522,-0.63997002254994129,,0.1009571732030969,0.425531914893617,False,4
0.89117512665901411,-0.45363919885940707,-0.0042861267464570606,0.4497538068681986,0.88222632841466964,0.13927748798544434,-0.059400394206220904,-0.12604833481711628,0.99024411659851763,-1.6796619081085207,-0.87656448104745133,-0.90770404655141768,,0.111672855657594,0.2254901960784314,False,5
0.33590651923189252,0.93916505381334081,0.071664580046903681,-0.93872514838281584,0.32756829597500525,0.10721057441172289,0.0772133805190163,-0.10328607441381549,0.99165018060856969,-5.840659124527396,-11.950123812887657,0.550745217374074,0.3651531528321483,0.4006079557420872,0.4303797468354431,True,2
0.69026185628816583,0.72221712088859003,0.044056782100050915,-0.72166479940870332,0.68277309209484538,0.11410881651143298,0.052330555586690919,-0.11055919232085359,0.99249089564859416,-1.9165198054518242,-5.420339253499038,-0.38781686202118515,0.1481642806411034,0.1324370743407387,0.5646551724137931,True,5
-0.059750982984762328,-0.997686693070021,-0.03242040257865305,0.99540636456294762,-0.061985472480865826,0.072965543847088046,-0.074806346120714531,-0.027911712099602911,0.99680737703316469,9.2279395329326768,5.2558045518037657,-1.3831159331687615,0.2598059971223891,0.1510965470278708,0.2452830188679245,True,5
0.96131024293213774,0.2583658157479532,0.095549579207072952,-0.27438919154585006,0.92876497165474536,0.24921115342210171,-0.024355459276490347,-0.26578700622877377,0.96372406783444819,-3.3894271096229205,18.871995869745348,-1.4851809083697407,0.2811899890375743,0.2075866750864363,0.1818181818181818,True,4
-0.87341144734614207,-0.48345503950191582,-0.058512122033975572,0.48624410117523637,-0.87238471214265334,-0.050115746947111295,-0.026816370317481842,-0.07222284126217568,0.99702795521640941,-10.895752830405559,12.017217537832268,-0.76273348335268865,,0.1825173789257906,0.4712643678160919,False,4
0.11572960133687918,-0.99281694960117517,-0.030350683007548417,0.98912994568313528,0.11240163061680675,0.094804134865315179,-0.090711685726178382,-0.040992414167753045,0.99503317133320457,-9.0460952217109405,16.196339005463901,-1.0658212721362545,,0.06761385045148793,0.3076923076923077,False,1
0.98539510695387644,0.13931975988131351,0.097910610752726862,-0.1623965939151526,0.94183578251400879,0.29423239974717597,-0.051223329412639851,-0.30583551671255915,0.95070542611318154,-12.688856427410823,-5.1266533879757255,0.33917628768791969,,0.5376851661766606,0.40625,False,3
-0.25163582456205702,0.95281758885494039,0.16975881174664406,-0.96352718689907557,-0.2631413652731629,0.048702997736596317,0.091075638363553035,-0.15131181133948113,0.98428144544425755,-26.813821800988464,17.17404399275885,-0.37696952408444617,,0.4329865438706258,0.6470588235294118,False,2
-0.16473115676380123,-0.98305654046139335,-0.080395797448231957,0.98565847934007,-0.16709602779935659,0.023585580312928442,-0.036619777392562988,-0.075357519530262249,0.99648393672651092,-16.146911034389859,-17.896113930824455,1.5975653357074335,,0.4219366232632611,0.64,False,2
0.67621290534968903,0.71899285147741454,0.16057828671059851,-0.73610715642171221,0.65062869272349355,0.18662411009743901,0.029704560311097566,-0.24440045771089827,0.96921930199900042,-1.1215937465186867,-11.113362146845281,0.19230815285873823,,0.07312279313407169,0.25,False,5
0.67677907496236167,-0.73352439893712484,-0.062546301705375493,0.73150822254248482,0.66048466830208818,0.16928001444534141,-0.082860147512689594,-0.1603183055730385,0.98358133209835019,-3.5043890661399497,-13.584096829245544,0.54302692064671909,0.1802534018082241,0.1517748909194734,0.4827586206896552,True,5
0.23102666671841737,0.96527926172043355,0.12191237081376158,-0.96679247701529347,0.2136839859019786,0.14018366722152958,0.10926566547461641,-0.15025012832439733,0.98259142744423089,4.6330390736332996,5.296501970774969,-1.2729749648086639,,0.2248635526383437,0.2941176470588235,False,5
-0.99711260207446129,-0.072245814135392855,-0.02338805516098405,0.075145711825909525,-0.98310647076223634,-0.16689754084347425,-0.010935299651875754,-0.16817315328356092,0.98569681430761935,23.323742995248519,-8.2147491427525292,-0.20210720674393509,,0.386865487003266,0.2941176470588235,False,3
0.99866046185527912,0.0078449118633852569,0.051144298654468977,-0.020199493966635899,0.96911738136438608,0.24577119762276425,-0.047636775399827809,-0.24647506668077335,0.96797767491518916,21.980162144204861,-12.282603645503231,0.14040772384164613,,0.237430757054944,0.5714285714285714,False,4
0.9755782719127003,-0.21909581702999192,0.015622366395345658,0.21569027942029928,0.96900338966335764,0.12045801834878749,-0.041529973939594227,-0.11414663280572,0.99259549036034478,13.919900311447353,-1.5508225721250253,-1.0027046566599229,0.1773206232996968,0.2823300280042891,0.7857142857142857,True,5
0.8806241171467506,0.47243643256511891,0.036124527466109363,-0.47289029056214543,0.87158396026827234,0.12929104104741301,0.029596239483338546,-0.13093974716723109,0.99094845739837845,-7.1441303681205461,15.201991782131079,-1.0990115254452386,,0.0758633202328818,0.1818181818181818,False,5
0.92062228269406465,-0.3904410149013739,-0.0032290075805263795,0.3866205143323912,0.91039551188003454,0.14732477675546293,-0.054581961347383474,-0.13687887284557401,0.98908290029905854,14.531759900213325,5.9025761269581531,-1.463047441703486,0.105741885493076,0.1187801553974785,0.5263157894736842,True,5
0.85281596718388197,0.51119048585691784,0.10672025714729916,-0.52197615749567339,0.8283056151459367,0.20359444718302394,0.015678556128334433,-0.22933402514035597,0.9732214998604638,-14.130056281667489,-12.063420319158794,1.002286632629154,,0.3334751905164701,0.7391304347826086,False,3
-0.18599345836720141,-0.98201777506797461,-0.032365458364630104,0.97885550474580707,-0.18804760391927799,0.080498444016323806,-0.085137149784562077,-0.016708923088064778,0.99622912907412897,-10.051095625240782,9.291148813867137,-0.68308504302281192,,0.07464565174498508,0.2533333333333334,False,5
0.090980657793860262,0.99455901574456407,0.050743315900720495,-0.99114232550383785,0.08548260806096547,0.10163471018278936,0.096744046340023954,-0.059540640912734512,0.9935267996271967,21.262455601052164,-3.408978025937893,-0.67247984272805417,,0.1206952991509719,0.1428571428571428,False,5
0.23175209195864568,0.9657924913277729,0.11634359272295958,-0.96959126601600487,0.21966745229011275,0.10788413817541689,0.078636789979454502,-0.13780810607241323,0.98733235597870594,-22.752562390415793,3.1048304758367635,0.38491545121125237,,0.2060475940944234,0.2222222222222222,False,5
-0.90294912324057175,0.42599247682315228,0.056685893564097187,-0.42600215752436243,-0.90463552609735254,0.012519053764395494,0.056613095867232614,-0.01284424433913927,0.99831356935768678,-4.0242971509419867,-19.568846834582011,1.1144998768400671,0.2604515020753282,0.2111921299228345,0.2758620689655172,True,5
-0.67756273139577505,0.73395991677023342,0.047027498318853569,-0.73410150807908192,-0.67881435665410772,0.017494142913792296,0.044762940693338242,-0.02266957818095974,0.99874039137584847,16.051409423312677,-13.559615726885816,0.23889346473635154,0.5050723802674602,0.3042646362229977,0.1818181818181818,True,5
0.30659840148165823,0.94945197168558093,0.067367452610705356,-0.94855975508553392,0.29890600406253287,0.10435320679040856,0.078941821875128548,-0.095896580740571141,0.99225603276639385,1.8554242525464484,5.4624419325898392,-1.2545438313066011,,0.06773539347614342,0.2368421052631579,False,4
-0.99980720234618803,-0.01953433300572769,0.001991976583761202,0.019138440713022099,-0.99214807168884556,-0.12359580871202659,0.0043906974119209789,-0.12353385640433591,0.99233064454248809,-7.15389705736776,13.725137690514806,-1.0227052220200963,,0.2189680492388039,0.2439024390243902,False,2
-0.33214646082119326,-0.94037661715779597,-0.073284012354778605,0.9391666150093837,-0.33691875664944548,0.066721965420747639,-0.087434534457336732,-0.046664433144007894,0.99507669697545253,-17.334491179760033,-13.356046876728453,1.2394291823142158,,0.1508596892336042,0.5833333333333334,False,4
-0.46243709572575831,0.87022299229729572,0.16989372023081492,-0.88250064344268253,-0.47026387176622192,0.0066712243773729835,0.085700331504474508,-0.14684629579455802,0.98543980972530221,6.3068272704919037,-19.771272927397703,0.98140769301923791,,0.2280168875239429,0.125,False,5
0.9367128250435317,-0.34940320089576415,-0.022056441298661557,0.34654557775551514,0.91641146047255373,0.20024034971168578,-0.049751843554416586,-0.19521126585921311,0.979498502165563,-25.888016776834952,-8.021258329076014,1.1025374314676886,,0.1025519613636726,0.3,False,1
0.97193428419379813,-0.23522946132086583,-0.0032935900451486755,0.22906310992517873,0.94307999118471753,0.24110209849447492,-0.053608197881440736,-0.2350898354964103,0.97049416812579348,5.1491868338505267,-14.549249348276456,0.43051162861448938,0.4624205625412379,0.4181071459796893,0.2105263157894737,True,5
-0.34126006134843728,0.92117910342592424,0.18700435807721563,-0.93560636703207767,-0.3520314548770509,0.026731643162808669,0.090456047324089031,-0.16584002589410485,0.98199531023011744,-13.301226122895347,1.9311275510142762,-0.08247514712798934,,0.08183803103405535,0.225,False,4
-0.99723435999173182,0.022995649942402208,0.070674120692148609,-0.027841097445600722,-0.99727227612533498,-0.068358471053845474,0.068909393734863586,-0.070137061212467142,0.99515440415021672,-24.711215648296808,12.912722174421138,-0.10824114817904297,,0.2194040280786648,0.2962962962962963,False,2
0.088083996202362305,0.99104454155597688,0.10035898696741949,-0.99236485240773442,0.07857410295927339,0.0950689752228462,0.086331971591055698,-0.10796678654220457,0.99039889119735569,13.811135966339792,-16.679831224703552,0.63477610228678771,0.1645237470946722,0.1134898631501624,0.2352941176470588,True,5
0.46368919830991967,0.87621079882860642,0.13132769466811123,-0.88211855997150579,0.4427035844980487,0.16087380901307985,0.082820127532513166,-0.1904420444353499,0.97819867827900042,-22.090618495201639,16.83903795636197,-0.50031633554907273,1.139842544021663,0.5568821893594721,0.3,True,6
-0.93744661452179234,-0.3478162853680386,0.014753865744607202,0.34780443808800432,-0.9375607772284188,-0.0034441035309149964,0.015030561131183472,0.0019027967898101461,0.99988522421148862,-11.000331609215799,22.362800773992941,-1.4291548482187164,,0.1501486562935307,0.5714285714285714,False,3
0.39669045077954457,-0.91486607227212513,-0.075211409145805125,0.9122963989308136,0.3838392190136522,0.14276811424425417,-0.10174461537689669,-0.12524984531872874,0.98689437605523067,10.74774228523272,5.2123731111289135,-1.3748450912864483,,0.520407411700734,0.2325581395348837,False,5
0.034020028472978629,0.98359926967515432,0.17713021864492701,-0.99523900549987077,0.017144535236113503,0.095944707218087968,0.091334328673969456,-0.17955094431954288,0.9794996165387887,-12.431524512989476,11.59871536805168,-0.65214428840919303,0.3799127504348101,0.3354343796279489,0.3333333333333333,True,4
-0.81302911600995353,0.57652733900427056,0.081239669501602427,-0.58005037096083512,-0.81411438674660019,-0.02755598737853357,0.050251603638812301,-0.069526920490290661,0.99631359704606315,-12.928356409493027,-11.68108221572848,0.91311662954976058,,0.2131403377990209,0.234375,False,5
-0.90353159951021844,0.42503357918021195,0.054562856008145942,-0.42581988859512571,-0.90480256760316857,-0.0031202781205380559,0.048042389234322413,-0.026053219147987028,0.99850546248314798,3.7240526718223426,15.204052206490861,-1.5614690918333083,0.467277155340419,0.5042070266577408,0.8850574712643678,True,5
0.76952896199035736,-0.63860841848921279,0.0021129346297622566,0.63437709608940729,0.76480221274175586,0.11244232006893706,-0.073422589270702637,-0.085187224511781331,0.99365600695852729,-13.957413649032308,-10.854849721412469,0.8885400624038674,0.1781001289751147,0.1363433911802397,0.4838709677419355,True,5
-0.34501947729799276,-0.93801722159771062,-0.032943167290528534,0.93536566586114955,-0.34652960780999298,0.070769358052628906,-0.077798659455986352,-0.0063971006842479285,0.99694856722385006,4.6025387768029242,-17.986511390581327,0.80516996952643005,0.468620901816126,0.442574718075223,0.925,True,5
0.19527931056296302,-0.980675779613847,-0.011874600828129401,0.97687322955341582,0.19341844256231455,0.091148227951222238,-0.087090092708259528,-0.02939934277398288,0.99576653608992327,-2.3565171950468065,-6.9617579799956424,-0.14732535214549575,0.2354341148132798,0.2156101340323103,0.8738170347003155,True,5
0.65590630819426898,0.73656115101089659,0.16511991307067839,-0.7528991072291622,0.62268770678160401,0.21307968968580268,0.054128081478060863,-0.26407894774966584,0.96298102792886531,-15.519291117304551,-10.057943279543835,0.87921386529090595,,0.1744970316567043,0.25,False,1
-0.31287817811820512,0.9300769713804149,0.19252031831801261,-0.94750000121345312,-0.31972061576502814,0.0047408390965194003,0.065962059988606797,-0.18092969674066064,0.9812815352789398,-10.367815780897645,3.1304420260616466,-0.41883310732490753,0.3573299004930593,0.1368705582159775,0.25,True,6
-0.86503643948050335,-0.48966011814774146,-0.10929285002430034,0.50052951222111108,-0.85720594267743011,-0.12111225881055863,-0.034382637574665337,-0.15947081405084487,0.9866037166458328,17.27511541254152,-5.0239398186399953,-0.65827096425190779,0.6699245157524159,0.4824369574619487,0.6590909090909091,True,5
-0.483054308362933,-0.87465406155428471,-0.040482190881933805,0.8728109190102683,-0.48468696015637003,0.05726823125283273,-0.069711081102354619,-0.0076696323882041312,0.99753773959212677,16.277011910613449,-3.4833761346921932,-0.82046357706554784,0.6079005662367365,0.5399278556102998,0.9448275862068966,True,5
0.63878423495125269,0.76853780611766787,0.036115671744911176,-0.76741305440216667,0.63308448312868726,0.10139645533657193,0.055062737953004641,-0.092486095114489228,0.99419033243116639,-2.6800005738409012,6.4626319863724637,-1.0883384675717707,0.3335949775616271,0.2885601430878866,0.9688644688644689,True,5
0.69440274988284589,-0.71506897724973928,-0.080505768303602426,0.71617511100117703,0.67589080597884199,0.17396789581909305,-0.069985936712980409,-0.17846001279917817,0.98145503844757098,10.932689301902181,-17.080144457387185,0.69440033443295812,,0.3048822751689717,0.3333333333333333,False,5
0.22933329583714343,0.96966929739100871,0.084544030644997978,-0.96948381478447376,0.21982757773337122,0.10852174408303558,0.086645093868138082,-0.10685171858752558,0.99049247243150451,-2.6118459878236058,-17.070902836104086,0.84881196034451734,0.5704293523994132,0.5923806557633864,0.9222222222222223,True,5
-0.43382441169135533,0.88286111620025154,0.1798683666526647,-0.89605951464737366,-0.44363401072446934,0.016315965752490419,0.094200456636709715,-0.15409449707945191,0.98355536699225421,-5.4592716910526651,-7.2881622108813682,0.092654601362530453,,0.2693927347814128,0.1772151898734177,False,5
0.54822573529064844,-0.82372391995765859,-0.14466321873447288,0.83291157171260521,0.52213039915987014,0.18340708814109,-0.075543741450016522,-0.22104015463879989,0.97233450682622047,11.948794973748528,-10.326548555821168,-0.14014774712044939,,0.2110026164166818,0.25,False,5
-0.43782748227310098,-0.89837176452904022,-0.035146386206515889,0.89688164770739454,-0.43915231590588749,0.052426648187406034,-0.062533237338777317,-0.0085683213919507673,0.99800610123208033,-7.6961713206207536,-18.107417205085913,1.2103484812756558,,0.1325624311020361,0.3529411764705883,False,4
-0.82543807801004376,-0.5616809168781397,-0.056271902278299535,0.56414224047609463,-0.82432866956622941,-0.047178141567719642,-0.019887480526668017,-0.070687991526876007,0.99730020353562487,-20.530470081396885,-22.574288256461841,2.0461314348855404,,0.4208403206831201,0.5,False,5
0.63536210987694419,0.76964871365143717,0.062895523746984247,-0.7705762297431703,0.62660547631372099,0.11652403704153463,0.05027189560300948,-0.12250075358276175,0.99119438148333772,7.6301394134700375,-10.361365764977768,-0.12563513811310886,,0.0906960506541266,0.303030303030303,False,3
0.046053527899747988,0.99549964663545498,0.082822256167476571,-0.99408902512602193,0.037512062293134377,0.10188157491181248,0.09831623819076063,-0.087024701844935853,0.99134283604453266,-15.777466082497535,-16.082495616000006,1.3992154719353129,0.858427004699425,0.5168197109060303,0.7358490566037735,True,6
-0.2327398385517489,-0.97224509916348001,-0.023908883359569852,0.96930434067151006,-0.23389903694955236,0.075765002933030234,-0.079254417582087872,-0.0055414498705336421,0.99683901891281168,-9.961733183945098,12.813661469677715,-0.86105025562311588,0.6850419018004151,0.6708605447268018,0.8421052631578947,True,5
-0.0012320680597081768,0.99677382559882299,0.080252243640813542,-0.99575033016703562,-0.0086129651374109682,0.091690221963858398,0.092085623093597635,-0.079798229508116242,0.99254847770113197,4.5600999858337277,3.2981429997765432,-1.2278228735831107,0.2834810709776654,0.2546711121561175,0.7614942528735632,True,5
0.42541695875322355,0.90263799446483794,0.065307443325047509,-0.90235520284423654,0.41755867961351539,0.10677001910346968,0.069104986108786931,-0.10435228808183332,0.99213663417242648,5.2142391304948372,15.74811975804379,-1.6171727645739495,0.3425469922590276,0.2892685021929784,0.7209302325581395,True,5
-0.57206952840885927,0.81396962076908308,0.10094508968297236,-0.81581563547691327,-0.57739791592589196,0.032503778177921008,0.084742572402945138,-0.063758161434238569,0.99436089689461327,-7.8078993053861412,-4.3368862228835967,0.026783039666128553,,0.5264620446905062,0.486322188449848,False,3
0.42917005598046171,-0.8911507648010113,-0.14718484108188884,0.89856135619390132,0.40471198914553125,0.1696929432735631,-0.09165452637325025,-0.20508174037793009,0.97444390683038007,-12.279290405060525,-6.5564765488155983,0.41507861753139397,0.6846992203443776,0.3743630502514794,0.119047619047619,True,6
0.9305063115610025,0.36287250772260049,0.04981513107732443,-0.3643466634840164,0.90306424759192705,0.22743454779187064,0.037543480834954478,-0.22977925898639998,0.97251836958818261,7.707204385037306,-0.8466027973247876,-1.1204637085738864,,0.1740884029110528,0.2790697674418605,False,3
0.99483064111562391,0.094014565144700135,0.03838303060116615,-0.10010210375596948,0.9714712010810107,0.21499598669242259,-0.017075254642500218,-0.21772681739021532,0.9758603735514737,-5.8232414102827583,-13.377132295158361,0.65402723967617127,,0.3378808734952451,0.2758620689655172,False,4
0.79165026775318703,0.61043999129953819,0.025551332421752972,-0.60974637975381307,0.78671744336398963,0.096358791420120438,0.038719580878747412,-0.091862295470161962,0.99501864943704765,-3.1851859019157205,-4.3878365187997996,-0.39752860331607442,0.2057324743970417,0.1903156774682395,0.79491833030853,True,5
-0.81523146476341724,-0.57331443151309258,-0.08190373299497361,0.57823722672998368,-0.81365899189551349,-0.060006287430512631,-0.032239238255733937,-0.096278801022838104,0.99483215870331321,22.528121817956208,-7.3270628974107819,-0.29709974853716931,,0.3640517847806267,0.2727272727272727,False,5
0.80471017290930125,0.59113272956433394,0.054805416284368844,-0.59266398907141082,0.79455252020408329,0.13204426793807786,0.034509906899981055,-0.13873856232194601,0.98972757749321838,-9.3321627328784089,-7.4980037619706081,0.36085061727742307,,0.0736517623123465,0.3018867924528302,False,5
0.43404001858229502,0.88409083270103639,0.17318389591145367,-0.89860265113515658,0.41116078172753723,0.15316685980351169,0.064206990600315816,-0.22210405467525529,0.9729065994507704,5.4743270697576802,-3.7108286463664979,-0.87988085590085774,,0.1644864127162093,0.25,False,5
-0.69191914923932263,0.71044042493816073,0.1285390739410375,-0.71776735754367371,-0.69609013572047329,-0.016387293779837664,0.077832585468466303,-0.10359983381424934,0.99156904100166177,7.5234708267582073,-19.438643996657301,0.94851856516227051,0.3680097426502989,0.2257112027720079,0.3571428571428572,True,5
0.88218385968886115,-0.46905432550757681,-0.041709440503278079,0.46821829962385708,0.8642547558267375,0.18394385265132068,-0.050232077418799877,-0.18180142120868845,0.98205141497005777,-8.4426343792571359,17.294371350534256,-1.1679994676959544,,0.2874026173411815,0.6346153846153846,False,7
0.98076208866550962,-0.19517064618604801,-0.0037608913556021716,0.19358748420035576,0.96996887620055383,0.14725578142542606,-0.025092058453726022,-0.14515094925475439,0.9890912953479063,-21.413891242486681,-7.601178331041055,0.94077087350214428,0.3982093686199124,0.3947165783408777,0.9078947368421053,True,5
-0.95855957208476139,-0.28363514095400533,0.026733005455452964,0.28378063320333158,-0.95888765701338519,0.0017359280219407802,0.025141578776916165,0.0092502996374580621,0.99964110208275336,-8.2206524974734965,13.825141483689398,-0.97465209034139855,0.5151918290360037,0.5401549449285605,0.7962962962962963,True,2
-0.92107144457561074,0.38787293525069039,0.034379937280522355,-0.38571784445862672,-0.92091643273010593,0.055988109396979603,0.053377321528806629,0.038308093500867432,0.99783934153687315,1.0747139294158581,-3.7754256725397672,-0.90705190612698172,0.2154589464680007,0.1915162485802556,0.7696793002915452,True,5
0.37840444323649403,-0.91687714609472359,-0.12706839224636116,0.92140675502133496,0.35999332895705133,0.14633658089307494,-0.088428893128514277,-0.17245608738347379,0.98103987114920577,-13.318409420236362,-14.370218480322956,1.1383667580686687,,0.190064195732468,0.46875,False,4
-0.9915264398463085,0.129365865684193,0.01182336168284738,-0.12984671676767962,-0.98969478079364692,-0.060366141291855899,0.0038922012227144073,-0.061389849858047643,0.99810627545569885,-18.357344260683345,-2.9737503651744146,0.52502488848169915,,0.3263038400521938,0.125,False,2
-0.24868226656747383,-0.96858363265826908,0.0016961254008559627,0.96512372277561143,-0.24764526846870982,0.084900063255603828,-0.081812774250778,0.022750111023293849,0.99638802803818305,-8.8841977198777418,11.406355095418865,-0.83710035616026002,,0.07544818107268716,0.2368421052631579,False,5
0.36771365034149783,0.90399957588194002,0.21810877597612927,-0.92732273450044045,0.33886989864842892,0.15887019188202336,0.069708087272267683,-0.26067596474412086,0.96290644611694509,-1.0184718201788518,-5.212270671098886,-0.57283916040774818,,0.1996437093466908,0.2307692307692308,False,4
-0.95080994314033895,-0.30954070432198738,-0.012041776999879818,0.30966145141609019,-0.950795202831484,-0.0099130106183232952,-0.0083807835163050674,-0.013154263205769155,0.99987835651501478,4.970482759209558,-4.7549912451291556,-0.80339062080592449,0.1546797938300987,0.1511692243040071,0.2136752136752137,True,5
0.73523120161610389,-0.66976959967726613,-0.10413339290686548,0.67394863686861717,0.70596841780221198,0.21771960850776628,-0.072307088401301844,-0.23025480758063871,0.97044031684227228,1.0839288593523668,-10.115692462259135,-0.082172852051344628,0.5414697236239078,0.5492532875127163,0.71875,True,5
-0.67166129275981667,-0.71314423209678368,-0.20073966233732476,0.73738093578829678,-0.6697228930246143,-0.08798069160173197,-0.071697024653676195,-0.20711482512324494,0.97568590533530819,1.0637263960560228,12.78252957934796,-1.3588231069588184,,0.5689991858929524,0.4230769230769231,False,3
-0.97941252785303123,-0.20132631870663201,-0.014792352097338292,0.20181212896710299,-0.97824375941299491,-0.048072983798556221,-0.004792169268853997,-0.050068558652776513,0.99873428625842819,-12.952204960018701,18.335037245574647,-1.0518617850664094,,0.3766028236594318,0.5666666666666667,False,4
0.75930993623159626,0.6495303166236942,0.039481496003732262,-0.64921377266486069,0.75200786674298969,0.11404229802540802,0.044383534359348387,-0.1122253810124129,0.99269107265774814,3.8509328317809812,-2.8284805239662116,-0.97518211950104028,0.2150586548387318,0.1750010194792963,0.6095238095238096,True,5
0.95853340168491852,0.28238210307341616,0.038393563499293043,-0.284670780178644,0.94248697436289208,0.17515949893957888,0.013276474186385809,-0.17882575603116235,0.98379117917018477,0.80694359694302642,-19.690048673977856,0.97411293321574965,,0.1602786397525117,0.5,False,4
-0.19616411053242316,0.97847993567212055,0.064005134373025296,-0.97661954020952302,-0.20081100142557901,0.076741223520336299,0.087942682583404319,-0.047454791049396011,0.99499453636012225,4.2137270188345566,-8.9114505357392044,-0.25824947800749715,,0.1065562263269736,0.3703703703703703,False,5
0.85881284789454326,-0.51207317203183667,-0.014884850570908291,0.51025194599352086,0.85244712809948531,0.11391595763880387,-0.045644757651785842,-0.10542751197004396,0.99337887828296256,2.6408220699969047,-5.0280426727715621,-0.7179755757386771,0.1748730573804736,0.2049879620266765,0.2727272727272727,True,5
-0.92522957647176474,0.37586706735471226,0.051712459814323181,-0.3760248831780687,-0.92658302071348264,0.0070137690579853695,0.050552132030208308,-0.012955825085540841,0.99863738591320228,-9.9725873785035972,-12.130159391312958,0.77726594925344539,,0.09534638038059436,0.358974358974359,False,5
0.90973034317528423,-0.41011566349251105,-0.064775344570901991,0.41176004002639116,0.87110749011005961,0.26762924001614458,-0.053332655509044868,-0.27014233883686528,0.96134215793551037,-22.971311652893331,10.451901110735458,-0.029202870648392429,,0.2241458180127609,0.1481481481481481,False,6
0.82679060900265056,0.56048361642920119,0.047701201027549663,-0.56145348938063233,0.81707094349353748,0.1310154668765976,0.034456757353800729,-0.13510436341223345,0.99023206515424278,-15.208945008267301,-13.744028931307724,1.2121478823514729,,0.09972552556131101,0.6086956521739131,False,4
0.80815815392083612,0.58370590782774845,0.078535415057487207,-0.5876975137088063,0.79047138685519114,0.17253005229153365,0.038626812342658551,-0.18558663672316539,0.98186840749564297,21.42219911015885,18.704743232337144,-1.9181597131131018,,0.5411584437234849,0.3902439024390244,False,2
-0.80900947174825499,-0.58743557788647749,-0.020569794719202214,0.58646096199504583,-0.80903504518596059,0.03906194717108602,-0.039588062309933648,0.019538103647274645,0.99902504864913844,5.8551909913667677,10.602508983158573,-1.4722628073824173,,0.09428046256778894,0.3191489361702128,False,4
0.69735632772147482,0.68799790429575325,0.20088065081403605,-0.71413399606967998,0.64317783486958691,0.27628772754145459,0.060883395473391624,-0.33612669697172576,0.93984682567879541,-0.37018315717535966,13.953713596887347,-1.34381106082699,,0.1183111171315894,0.4,False,2
0.42094629791696225,0.90523902509938148,0.057849128836352633,-0.90367725210214023,0.41298760624512965,0.11317535562587033,0.078559775350547312,-0.099917688749483605,0.99188951863190511,-9.8323180913595785,18.794135559269506,-1.204190137726425,,0.08537364283173836,0.3529411764705883,False,3
-0.62093805602966334,-0.78050846471917978,-0.072404882955589209,0.78159111030885664,-0.62351642500512772,0.018509566040155634,-0.059592506746003818,-0.045097718906114845,0.99720355439057351,-17.963653236848405,-6.0409944028967173,0.71552948776302028,,0.1187971269955136,0.3214285714285715,False,2
0.58591189144467681,-0.80355710828667504,-0.10489627822606071,0.80572152207016057,0.56379499444065151,0.18151593075157429,-0.086718419823392415,-0.1908695312657924,0.97777744793879917,6.8428136069862022,2.9854470643788407,-1.276212505880068,,0.1030140060318959,0.3333333333333333,False,5
-0.14268680198572437,-0.98691732030215207,-0.075064501774842876,0.98326394627732394,-0.15002101003295051,0.10337170067207209,-0.11328057419623974,-0.059058440855749669,0.991806237162006,-23.753632975097961,6.0154546052161768,0.29125089411082544,0.3964961426715943,0.3073261828323933,0.2727272727272727,True,5
0.69529097389118943,0.70086372347579928,0.1592498123737702,-0.71515284411025382,0.65256221931420466,0.25043753609380565,0.071602173056811241,-0.2880149146126979,0.95494530616898865,-8.762253384698214,-0.88041733955072476,-0.22164833883419738,0.8381155164859677,0.4689260504715866,0.2307692307692308,True,4
0.1549776662619422,0.98528338224312395,0.072101176381191998,-0.97847830394329327,0.14302247288734343,0.14874401151456562,0.1362429142093568,-0.093601436552751813,0.98624370183185583,-7.0509304266164659,10.659382860398717,-0.90045178433167417,,0.3062756606109249,0.1428571428571428,False,6
0.94675284584419428,-0.32146589761303723,-0.017852886538737501,0.32000305161846293,0.93344041858093973,0.16213276015140438,-0.035455547390953329,-0.15921263025051033,0.98660744094494002,-4.5683135536942316,-0.25987092374218212,-0.70860559305804527,0.4213895229654318,0.4861603375421185,0.5654281098546042,True,5
0.98567122383104577,-0.16285310891470456,-0.043944321911087193,0.16861202609277939,0.95854316731207367,0.22970629302704626,0.0047141455533082459,-0.23382442412236298,0.97226740946899415,-14.91298905538485,-2.2606122244159694,0.23659502812974598,,0.594219709195909,0.5846153846153846,False,4
-0.20447271142063336,-0.96662457082878128,-0.15436272009255042,0.97714182032856811,-0.21092989067673532,0.026503663597222657,-0.058178804123740845,-0.14541499334379931,0.98765869938028494,-3.9038047085144969,-15.623358377876148,0.78683949757046723,,0.1304897540197814,0.3333333333333333,False,3
0.043068749023018063,-0.99866408981838839,-0.028550281343695218,0.99490614221257179,0.040264679997841078,0.092414954051663986,-0.0911419280314609,-0.032385046732764169,0.99531118636476013,19.448852925704315,-9.645431298740089,-0.14666415213605108,0.2483316100398356,0.2444379083184819,0.5714285714285714,True,5
0.99949602141367244,-0.0060856319298540958,-0.031155549461604537,0.013766915057463811,0.96745163867063133,0.25268121988646375,0.028603762480497657,-0.25298278976548028,0.96704784413928291,-16.612290576988411,-4.5474015566330177,0.51717647719879412,,0.184756996736151,0.1153846153846154,False,2
0.33886415903375289,0.90663412264472332,0.25136755832561763,-0.93896973549813312,0.30908142932247273,0.15101160838341443,0.05921923286328349,-0.28719895143299645,0.95603862095360648,9.3963484748150368,-1.4695689640837353,-1.2282568330688863,,0.2748236024967537,0.22,False,5
0.96097540542293969,0.26683777752452725,0.072964859062348758,-0.27661575519125992,0.92387098379990762,0.26447330540635067,0.0031613529044423883,-0.27433557147836807,0.96162882655911019,-13.010918509195957,3.9747229973449776,-0.23628919438103238,0.480633535622318,0.5330362455698681,0.2402826855123675,True,4
0.9995107917014292,0.018395042711127269,0.025294261721553312,-0.025757022995588179,0.94289897375832776,0.33208146749238671,-0.017741280641130917,-0.33257051536350624,0.94291150129376644,1.4387293517718687,11.275252198917528,-1.3005466218801667,,0.1527000414337102,0.2941176470588235,False,1
-0.52637317246737647,0.83921774705677932,0.13654616923067833,-0.84748445828641472,-0.53079973865031593,-0.0046615889713860215,0.068566582747074556,-0.11817449163715395,0.99062274012698104,-8.7463524628030545,1.8408428454775092,-0.45044562561114676,,0.569177876441795,0.5473204104903079,False,4
0.38390496634271359,-0.91931270040204904,-0.086493558701760689,0.91879245943810839,0.37100287329856224,0.13482316004264838,-0.091855284535373546,-0.13122891024353606,0.98708742258182058,25.173202230541037,-7.6331633159337411,-0.086692105801027139,0.7896754130262625,0.4400087693640901,0.2,True,5
-0.84797068238080509,-0.52179741919103995,-0.093129883218026094,0.52699782324117328,-0.84879030958243074,-0.042758679329792368,-0.05673637388570095,-0.08533735222359036,0.99473540210136779,-10.049357291393211,-4.7743798580380652,0.19800655010611726,,0.5332624875859695,0.5172413793103449,False,5
-0.39457342736995826,0.89886525128500094,0.19066481176629815,-0.91449799122743591,-0.40435611629270674,0.013767906800427526,0.089471975805334947,-0.16893013718408179,0.98155864536789572,-4.1939699122394334,-11.781193793548857,0.38908729174988438,0.5661453170678863,0.3298158852029199,0.3898305084745763,True,5
0.18426695533862653,0.97716702595976901,0.10578417909675139,-0.9792958592315496,0.1733511058913586,0.10454192545665501,0.083817117954356035,-0.1228576308707927,0.98887850278719369,-13.701039920787331,14.850677071957122,-0.78499358787110451,,0.2944627108935305,0.6206896551724138,False,1
0.50514169374145734,-0.85938864843127494,-0.079265504423291222,0.85875061831675981,0.49136690710171249,0.14527882896650846,-0.085902530722876319,-0.14145569466360877,0.9862104449166218,4.3361917039271276,-10.494124009928623,-0.063397198296682403,,0.0787413250198276,0.1951219512195122,False,4
-0.90583475348186637,-0.42331455099266868,-0.016376516794578955,0.42317516650098214,-0.90597649889043963,0.011373737955863522,-0.019651408125467753,0.0033725918961649143,0.99980120413139584,-22.590830409676858,-0.59989420362740808,0.51658497282178095,,0.1294022060678421,0.4545454545454545,False,1
0.57661646899179886,-0.81697991639644796,-0.0075672909475779475,0.81283544141472752,0.57270646492647825,0.1063289716471679,-0.082534797919165889,-0.067461998460407152,0.99430221054575396,-5.4991009767741845,-1.4424184601715255,-0.42474940987719989,,0.06713643452789983,0.2076502732240437,False,5
-0.89978100053220711,-0.43161733582308837,-0.064036134316809601,0.43574468289581519,-0.89649569820097563,-0.080137596889171755,-0.02281934287587075,-0.10000969215093768,0.99472475543066119,-5.8743881493709376,-9.8297919580148214,0.3275976589711142,0.2779036257350102,0.1149180906535013,0.3888888888888889,True,4
0.26305979802330243,-0.96477658211954154,-0.0023852164841399945,0.96046835339929404,0.26165003841489493,0.095077860282685694,-0.091104801094065685,-0.027302087671473827,0.99546698148476565,-16.22368524137012,-3.1056387835500838,0.39041885462911963,,0.06634116986466396,0.1724137931034483,False,1
-0.46213440215092999,0.87795345990251561,0.12501806506983223,-0.88179198264493019,-0.46990605771024491,0.04038807089153313,0.094205592677537309,-0.091575210468872251,0.99133207712443971,-15.116810264859447,-3.5899608315244769,0.32565462836524989,,0.104473493343465,0.1379310344827586,False,2
-0.34934896530684029,0.92008789635952537,0.17718228865139157,-0.93267604960452222,-0.35959601194976337,0.028391806633783448,0.089837002026696339,-0.15533502876856384,0.98376843916865209,21.169330634379534,-19.520852482601782,0.98012016289523063,0.3514005901512021,0.3079037500600373,0.4736842105263158,True,5
-0.85906822919896708,-0.51119733713253945,-0.026058781428781298,0.51003158085857425,-0.8591882158420947,0.040784755546443265,-0.043238456353757046,0.021746086238226367,0.99882808512049004,-28.304178438572343,-12.713591577258665,1.5602117464728493,,0.3467731692712318,0.8378378378378378,False,2
0.49494747832799141,-0.86644639856421968,-0.0655563277789218,0.86416056937404651,0.48294382378251882,0.14139226785593634,-0.090848797657910832,-0.12663293996987615,0.98778064087058259,13.842517694449251,-18.554086169712537,0.84997090871187997,,0.2801245090151442,0.2083333333333333,False,7
0.043902163196509088,-0.99365981472334841,-0.10350252494808496,0.9909730636947558,0.030177648810697365,0.13062042927386497,-0.12666880870244906,-0.10830273365072578,0.98601497492973345,14.97099081622344,-3.4252860428259431,-0.86786008079076593,,0.1924071192180818,0.4117647058823529,False,3
-0.29135980399669453,0.94886873315955822,0.12148082913441008,-0.95321589236463267,-0.29866800944714639,0.046657075308862248,0.080553877364813356,-0.10220346063150296,0.99149660890818958,-10.489672531029127,-7.4787776183486283,0.41192540757270235,,0.1085125996204276,0.2307692307692308,False,5
0.3620447541933694,-0.92194429634659048,-0.13763106624251692,0.92804817115084837,0.34264312722561474,0.14602150317201934,-0.087465353052667075,-0.18059457854276922,0.97966086489985438,-19.168569230923069,-8.7280507788504913,0.9360713449168423,0.3738732412948256,0.3166138365551308,0.6976744186046512,True,5
0.72540549340462213,-0.68210000116418845,-0.092338824717515089,0.68160921519745599,0.69314887502291722,0.23442166028840739,-0.095894462281749693,-0.23298975399420357,0.96773964816856373,-11.1086377936237,-3.4837877334189935,0.17446411840373247,,0.4459878512997588,0.28,False,5
0.77253669031443029,-0.63330841604446186,-0.045907649529036781,0.63082489633213901,0.75723713913604407,0.16926861871181376,-0.072436263608584753,-0.15972590672872655,0.98450018914884585,-6.2369197381000445,-2.6396443994200172,-0.25029006213712945,0.2059795954589717,0.1431076013100555,0.3733681462140992,True,5
-0.90870756425111887,-0.41734254494936757,-0.0087041856589180691,0.41658451505054456,-0.90799172380130533,0.044814856113103957,-0.02660647464251014,0.037097569779172772,0.99895738939335044,-5.1526708802759202,-18.263131322498378,1.0839317834898523,,0.1385732315003864,0.1515151515151515,False,5
-0.60207454611932598,0.75775384249956768,0.25162542616426664,-0.79411027145302959,-0.60107111170900163,-0.090013307025691297,0.083036845363996192,-0.25401305644798255,0.96362972632954313,-12.754857851085712,-15.427508062198013,1.2081688356798284,,0.421699005360311,0.186046511627907,False,1
0.89666028675463572,-0.43150101643192817,-0.099031323202853211,0.43900706432129477,0.83770491675836012,0.32484345447440999,-0.057211254426850253,-0.33474967551452867,0.94056872535175462,0.42456178280902185,20.475876359353556,-1.6885032821633406,,0.4550245065782941,0.3888888888888889,False,1
0.94644450013597059,-0.32151870670958671,-0.029470822828180122,0.31950482144214759,0.91954236900836095,0.22881979956663484,-0.046470175786160819,-0.22598131080752726,0.97302259476751973,6.3559155323854881,0.15947345745964109,-1.1633828835209052,,0.08795619963691108,0.2589285714285715,False,5
0.65633876301134308,0.74926614453514406,0.088428913948899845,-0.75244161988202185,0.64148470286381609,0.14942886153966986,0.055236191379024295,-0.1646135493972582,0.98481030788511614,20.804501331820845,3.8272264980193977,-0.98825932693623619,0.8129740945083312,0.7327989169322935,0.9534883720930233,True,5
-0.69748265056722791,-0.71308210692256402,-0.070935611258322165,0.71486251072965445,-0.69926491579076799,0.00041024069195917667,-0.049895319530084914,-0.050423073399068638,0.99748081222546991,-23.919423315197836,-5.9510040227896752,0.89288316619730468,,0.1770105981081109,0.1,False,1
