axis_00,axis_01,axis_02,axis_10,axis_11,axis_12,axis_20,axis_21,axis_22,location_x,location_y,location_z,dbh,dbh_approximation,score,reconstructed,number_clusters
-0.9864406161229663,-0.16047031225014444,-0.034412058195978361,0.1632909696315194,-0.9806794765111061,-0.1077210452358365,-0.016461169452395147,-0.11187959258168602,0.99358541991316252,1.8177673582025677,11.332597545613689,-3.174371878410525,,0.2058376611541803,0.25,False,5
0.99917592579323733,-0.0020709258821576234,-0.04053616386904324,0.0090177068168510212,0.98506402601035337,0.17195216085888512,0.039574616599439567,-0.17217600275957501,0.98427093515695308,23.384424265442021,5.9055220910761212,-5.1581194105056287,,0.460840892876747,0.6666666666666666,False,5
0.32709811698979385,-0.94484870297561441,-0.016363078776016046,0.94468632145288534,0.32650462308463807,0.031023945013073324,-0.023970313338521759,-0.025605850691929565,0.99938469294301058,-21.544456650671123,10.287016217154358,-2.1160604387253286,,0.3184331053705619,0.875,True,2
0.84416791039690975,0.53479231678708317,0.037117609858643624,-0.53604775605329347,0.84283892921356207,0.047700551698743127,-0.0057742779932330769,-0.060164086527095283,0.99817179904363995,-13.327370334819939,8.1576379985311753,-2.4211455984725929,,0.08407890542218306,0.2833333333333333,False,3
0.90177201121958939,-0.42487383999039868,-0.079306114977279782,0.4321375332900686,0.88290206962175388,0.18368747311561065,-0.0080244690136614706,-0.19991537096840878,0.9797803082056773,-3.454534190341696,-13.510022002754633,-2.8069314570645818,,0.3889464357807091,0.3888888888888889,True,3
-0.33904237358549039,0.93715733631192133,0.082379584304981629,-0.9407689819437608,-0.33792521533121128,-0.027573020434024511,0.0019978803811319962,-0.086848579954420649,0.99621952030357441,-3.5058651473643896,-11.325486192751489,-2.8249085372449638,,0.1186280661925073,0.3703703703703703,True,5
0.26306340422627755,-0.92800118180429592,-0.26383982248082188,0.96475082209287644,0.25095491992157076,0.079230546118758266,-0.0073141389104113552,-0.27538234281991925,0.96130695859075699,-17.860480921877837,-9.5777647728233699,-2.140296562234604,,0.6577583968030275,0.2727272727272727,False,1
0.97821257369695302,0.1951504561944794,0.070826973027723839,-0.2056783310086229,0.95736813321624703,0.20283658855232634,-0.028223834159991058,-0.21298487493041604,0.97664776569456413,7.8532547935261769,4.1759557749443994,-3.4385304823413692,0.8824897580009745,0.386564860562327,0.5443037974683544,True,5
-0.68398902690520968,0.7292905785634316,0.017154098398915785,-0.72940186063911105,-0.68408538180254796,-0.00034073488985873757,0.01148637320773895,-0.012745290215502697,0.99985279956994433,-6.8898156234208727,-4.5534696014569285,-2.6594966322464875,,0.07014887303174656,0.3289473684210527,False,1
0.95241329733312108,0.29873438553119069,0.060553100369459899,-0.30453017199853433,0.94107955678123478,0.14707359433623041,-0.013049345025523539,-0.15851509300295916,0.98727031753449779,-9.3047637618327599,18.220152447067736,-2.6141083128999156,,0.0796014994473928,0.2777777777777778,False,2
-0.79358318393006277,-0.59158323190085416,-0.1423200966735346,0.60841954171404899,-0.76876009499417064,-0.19706236983508735,0.0071687825947564197,-0.24297571088134323,0.97000588270268506,15.765996651317648,12.010753805441999,-4.1399383175113824,,0.3771949095277201,0.25,False,1
0.82704104155649349,0.55914994768625703,0.057917627572324534,-0.56187927829404638,0.82540276625138898,0.054790054647874488,-0.017169513822828185,-0.077856338643756379,0.99681673256826753,-3.1433488298751571,15.307056516975928,-2.9036839398905867,0.0683247003557859,0.1888390835524245,0.3061224489795918,True,5
0.83153558924943394,0.54964296941619051,0.08025689990865946,-0.55544015514218115,0.82429835398105611,0.10962872652617414,-0.0058989717091685184,-0.13573809264710368,0.99072719370031426,-15.836919710070486,14.360105585870068,-2.3508808019809941,,0.09257855966024811,0.2413793103448276,False,2
0.37397610075291515,-0.92199654478475812,-0.10032072303672909,0.92729078591205916,0.36979315649592309,0.058179203942447424,-0.016543108179559011,-0.11478411394329974,0.99325270337311966,16.686976829091819,6.8291632748777298,-4.1249568427796337,0.2323405189580671,0.1755425519576488,0.3571428571428572,True,4
0.95294709276557632,-0.30119444407349322,-0.034259965687304203,0.30285850468463621,0.94113211670098851,0.15015680155791525,-0.012983240343694295,-0.15346740948219686,0.98806841346993879,-6.0922000403321137,-14.263710029292737,-2.6555967688954976,,0.6138893623287505,0.40625,False,1
-0.61745979233012815,0.78260978816106486,0.079153801741486562,-0.78653584240056229,-0.61558310381856041,-0.049181408198094217,0.010235891503689882,-0.09262484422444564,0.99564846444793165,-16.75591444992039,3.8037831025801512,-2.2709098704258834,,0.3842983287257887,0.9377224199288257,True,3
0.82415438494365978,0.5655781079031007,0.029848846525227245,-0.56627793851785235,0.82380736213554318,0.025898386807871612,-0.0099421389101974726,-0.038247012328115851,0.99921885486707274,-6.8778509154214929,12.408889666273231,-2.7220365773855431,,0.08486870552700143,0.2972972972972973,True,5
-0.19486648839394693,-0.98022113574426339,-0.034548179998917135,0.98082369870628161,-0.19462035310290612,-0.010382206616578573,0.0034530793707822369,-0.03590881783526137,0.999349104689914,-3.7341883219536416,-7.8539471276089987,-2.8098019299578176,,0.201208973237518,0.676056338028169,True,3
-0.88514589274797217,0.46350413361659953,0.040995934819430757,-0.46513647753048781,-0.88379891569718694,-0.050473100588387644,0.01283767198224136,-0.063744762395046117,0.99788366027572262,-19.310512715030573,9.9998338737747545,-2.1940853583958559,,0.090375871599021,0.25,False,1
0.59532361703743442,0.79966273499294105,0.078289854138806236,-0.80345913379810641,0.5932681778700335,0.049862705935069182,-0.0065735313084541083,-0.092587144844084673,0.9956828859108493,-13.241905517999442,-13.534289826889712,-2.3704531385446574,,0.7096393620573789,0.6095890410958904,False,2
-0.96286505539537537,0.26374020864245268,0.057723369996001937,-0.26991612398628184,-0.94512975809404876,-0.18405169485040498,0.0060142423198517557,-0.19279741365049485,0.98122015173914845,4.5617999550043633,12.298618750687123,-3.3307159945904607,,0.2366344657323057,0.1818181818181818,False,5
-0.19339003526089243,-0.95051740044249444,-0.24313980693796844,0.98112151070480991,-0.18712111234875378,-0.048849468223062076,0.00093567841788928015,-0.24799669507758934,0.96876042638853221,-5.3722250849808431,3.214587512224707,-2.7689231683608666,,0.5806755275620095,0.3421052631578947,False,2
-0.84492647233796725,0.53325405151499616,0.041705789590438594,-0.53483802542398884,-0.84127902044222347,-0.078726719253020702,-0.0068951361907432888,-0.088824131330494771,0.99602345895581001,6.4917149253129942,11.490295686471624,-3.4379687159386143,,0.6791173130738692,0.7368421052631579,True,5
-0.85188715310354302,-0.51574779406890481,-0.091063117068326732,0.52366050370415984,-0.83607012378613355,-0.16360447723869267,0.0082434966759849584,-0.18705871010273406,0.98231414717352772,-11.719042611175485,7.2557752740534713,-2.4907975514703682,,0.1040753291643999,0.1764705882352941,False,1
0.88518361225670694,0.45902258397071599,0.075817148436310725,-0.46515932583682001,0.87626490066721785,0.12564483851597366,-0.0087620876052299651,-0.14648580567248468,0.98917396577006644,3.1959636069450292,-6.2969909099362713,-3.235633012835359,,0.07597047459859353,0.3928571428571428,False,5
-0.47612504916287018,-0.87619547219812521,-0.074742438140319556,0.87937502089073583,-0.47419549643528519,-0.042874278931689269,0.0021237215149731929,-0.086140151265241161,0.9962807657216558,-10.489652340807053,-22.218549811863532,-2.3406934348476263,,0.1300017390628628,0.25,False,1
0.34901781379401087,0.93565157664257503,0.052370724462362281,-0.93711508893480977,0.34839032612106641,0.020964034820632069,0.0013695784580753396,-0.056394217713525568,0.99840764042715879,9.7211087423937066,-8.0860606574111689,-3.7133024670053931,0.08754104215174696,0.2133473450366188,0.2758620689655172,True,5
0.65252738439097369,0.74796940072215579,0.12144870605821026,-0.75481041403174798,0.62744085070122479,0.19125694167936771,0.066852460606142555,-0.21647114000407253,0.9739974302102864,-20.2491330658249,13.050044895859479,-2.168638616609345,,0.3336895010762728,0.2702702702702703,False,2
0.725298118026104,0.68819277858891736,0.018257587076537289,-0.68840884617181297,0.72524636612704374,0.010534179223452882,-0.005991702611565064,-0.020209104818960502,0.99977782110938584,6.7305476283467716,-12.073995633473315,-3.45311312054154,,0.08773007366172023,0.4117647058823529,False,1
-0.17032124228393614,-0.98392113419446803,-0.053757567953985688,0.98437231795993263,-0.16741513992586105,-0.054619690202280274,0.044741636772087603,-0.06222035526316963,0.9970590821660863,8.9519948687069331,-5.6308528307600243,-3.6551960720197596,,0.1268559636168999,0.2272727272727273,False,5
-0.81705919816599215,-0.57592383813858206,-0.026944375221344546,0.57591095297870454,-0.81305025367473072,-0.085298647343409709,0.027218393257224603,-0.085211605214190494,0.99599103480167683,-6.2554165726616517,11.49806966481272,-2.7587445627328706,0.5754273658285195,0.196405620328959,0.2419354838709677,True,2
-0.96920287857380694,0.23876813850986872,0.06029557360849766,-0.24593145093292415,-0.95114870664559381,-0.18663831141660236,0.012786774662609416,-0.19571896657949642,0.98057665917294856,-7.0303121216530924,-7.182467747883206,-2.6512454501031364,,0.1432860390615996,0.1555555555555556,False,3
0.9663904343674663,0.23687419553917333,0.09990066992132475,-0.25228187838771959,0.94854268562621979,0.19136516763027453,-0.049430579606391564,-0.21013659612896737,0.97642164497060802,4.2426871669951813,-14.593273397948657,-3.2569548959409649,,0.6025354680126154,0.3636363636363636,False,2
-0.98905322189707157,0.14532582445203912,0.025575945776396766,-0.14700589234374717,-0.98542682314834806,-0.085575953608319877,0.012766826984050537,-0.088398987364617598,0.99600332688283222,-14.032014059825443,-8.2414195574455658,-2.2981097503581087,,0.05934204494614174,0.4,False,1
0.19870266320163171,0.9731611699252799,0.11608009728734185,-0.98005904927686172,0.19745242003136229,0.02228905009847474,-0.0012294580565067456,-0.1181942434021994,0.99298973270596724,-12.314358295568296,6.3232505092121984,-2.4492064792079216,,0.4337769963629411,0.4733333333333333,True,3
-0.98952071171913858,-0.14416738462455614,0.0080328257397940736,0.14399971716939852,-0.98940375615371867,-0.018555019915038266,0.010622736652288144,-0.017203851877690034,0.99979557157780397,3.5954280285296658,4.806431484396569,-3.1859906877623438,,0.06759405885439841,0.2682926829268293,False,3
0.80014124772731643,0.57858254258094366,0.15816518297635179,-0.59973965478607327,0.76764458915147848,0.22590735097277942,0.0092914026096063487,-0.27561572191554595,0.96122299372753139,7.902991036937034,-3.395247615369883,-3.5581880846776475,,0.4481327342626195,0.282051282051282,False,3
0.87499512554777614,0.48404317758523985,0.0092591846733957595,-0.48155510397073092,0.86820851684097344,0.11966057464568905,0.049881981790729488,-0.10916122717330495,0.99277168290329909,-0.62115744133218642,11.004699082509671,-3.0793979938299731,,0.133212037602545,0.25,False,2
0.95255520500819746,0.2961541491540014,0.070223225151366545,-0.30418783839510677,0.93420348583455171,0.18636954157556027,-0.010408668709419856,-0.19888832794671873,0.97996688343140193,-14.900604046469276,-6.7827901664400327,-2.2808890471694658,,0.4254555522818397,0.2916666666666667,False,1
-0.054190118194777016,0.99792913431262575,0.034653628671331482,-0.9985239378991998,-0.054284226756071044,0.0017799347661204244,0.0036573941970027453,-0.034506022888039452,0.99939779760220548,3.6272882018601886,-7.2457464003911269,-3.2700621576390145,,0.2346631027903157,0.7482517482517482,True,5
-0.28221781343125579,0.95882822381319166,0.03164716419081462,-0.95932083260155299,-0.28231433449072024,-0.0014685631496478262,0.0075263483007140565,-0.030774238581989664,0.99949802417061062,-18.906675687974957,13.341300886259312,-2.2070241249039109,,0.07056380281808847,0.1052631578947368,False,1
-0.96794811406037429,0.25111964476220766,-0.0039207781712506454,-0.24915082463879815,-0.962091141673316,-0.11092565841834606,-0.031627757884055398,-0.10639341675235035,0.99382097271238401,-11.102793754856181,-12.477987375635443,-2.4203297313838519,,0.1536664679154994,0.1578947368421053,False,2
-0.930969848448575,0.35318910183223373,0.092480266146769283,-0.36486541083782459,-0.90904157919873663,-0.20128745430853948,0.012975871985448785,-0.22113540113425273,0.9751567879635612,-7.379423168134327,-14.61778745817268,-2.5914812995319383,,0.3479607153199974,0.1666666666666667,False,1
0.96184687952337988,0.27274257471620489,0.021495773731395842,-0.27332897031879,0.96138481732596448,0.032101510861502536,-0.011910261777391844,-0.036752155750330237,0.99925343367540975,1.8059755546078884,-11.498382616999624,-3.1053236938705671,,0.06673211701371223,0.5625,False,4
0.76599053146285823,0.64120093165647629,0.046042056341069233,-0.64223085150789783,0.76013796954716395,0.098639751744185614,0.028249585495858869,-0.10512674491099269,0.99405750760392642,-3.4685745384950213,17.410784676776647,-2.8680374372357957,,0.1395539999524991,0.2631578947368421,False,5
-0.59862066270207603,0.78160050966109018,0.17536802868154652,-0.80098511725246468,-0.58167926144653592,-0.14167596388614692,-0.0087260601753217891,-0.22527734040630276,0.97425560084265361,0.9535824872937978,13.335214612475452,-3.1083963358005979,,0.270222437006634,0.3,False,3
-0.35687995406221185,0.91974260291896304,0.16343268572841826,-0.93411305668044342,-0.35292299955787276,-0.053648427024400508,0.0083364097591423648,-0.17181065379924498,0.98509471804157167,-19.743091309703836,11.631081412066182,-2.1872728708239206,,0.09048344544069767,0.3125,False,1
0.87598002686444543,-0.48023084697703311,-0.045136749398766218,0.48179932920391555,0.86668576014869425,0.1293259430050184,-0.022986929182092667,-0.13503379861057657,0.99057431539464824,13.130770620564455,-5.8334946224316946,-3.9722554216967891,,0.1736623117279392,0.1428571428571428,True,5
-0.059728943227916269,-0.99806202207613848,-0.01745432411083633,0.99820852415347805,-0.059780618870809078,0.0024535514584036154,-0.0034922268271596569,-0.017276507075008631,0.99984465126092226,-25.045044339576091,-3.830415051412313,-1.9145056837371481,,0.0699004830331043,0.303030303030303,False,1
0.77916564227710672,-0.62655612678587369,-0.018119654576919195,0.62673754946022586,0.77827661455882668,0.03854290242628082,-0.010047188238196333,-0.041387573230801077,0.9990926497530499,-13.211169844227497,7.0275258992890297,-2.427741081402913,,0.06691511449123191,0.1538461538461539,False,2
0.4848421830543525,-0.86495379051290644,-0.12954920998772801,0.87455366153301883,0.4779157354266339,0.082173249484302741,-0.0091624576549859341,-0.1531387936121168,0.98816221303020157,1.2091705646767417,-16.093686956840653,-3.0486436495298213,,0.2416594880335462,0.2962962962962963,True,5
0.88085127213715764,-0.47300140361952459,-0.01925379308890483,0.47321951102764859,0.87869829970899982,0.062869646660896519,-0.012819155865498037,-0.064490078791023378,0.99783600805965278,-26.911716942382697,5.3907353865074095,-1.8986295853941959,,0.3272414195244256,0.6875,False,1
-0.4453982136863201,-0.89532755227771099,-0.0030008961057584257,0.89533100727887671,-0.44538864387264099,-0.0033679837116426612,0.0016788835657097906,-0.004186889261998214,0.99998982560238081,-18.134935657448018,-14.030492622296846,-2.1134600800336685,,0.08518774222751013,0.4285714285714285,False,1
0.80545093966536008,0.57678924049487357,0.13624593880748853,-0.59201470557755043,0.79376703141232896,0.13947217723540317,-0.027701483211431448,-0.19299759556068158,0.980808113718316,3.3626847724339286,8.9982378493633508,-3.2669711427822432,,0.604093336157708,0.532258064516129,False,4
-0.57783720483266476,0.79128953558856541,0.19991256983792924,-0.81608385881596657,-0.56335394565228547,-0.12899405915794276,0.01054988583891304,-0.23768298800299884,0.97128548693098038,-16.982139877478637,-9.3956062389468684,-2.1831148469525186,,0.7741553807070476,0.5217391304347826,False,1
0.99673798657741297,0.080699596041954785,0.00098046533264401978,-0.078495497334180528,0.96654802206833212,0.24417898749493847,0.018757478824801423,-0.24345943447412133,0.96972968437275164,11.413742078997966,7.4985657612926628,-3.8130059912843981,,0.4924113546725002,0.4242424242424243,False,4
-0.25852520359378123,-0.96554927135895741,-0.029653392469991123,0.9659794278649092,-0.25861788096515365,-0.00073252090466124908,-0.0069616124982662814,-0.028833942208429889,0.99955997305221456,-5.780684995324556,-9.0679673853217935,-2.7117485820357237,,0.2517307404346329,0.148936170212766,True,5
-0.98547428721068298,0.16926092545000981,0.013826364757294041,-0.16964441100109612,-0.98491055473004463,-0.034234091158473333,0.007823238631583216,-0.036082382088239516,0.9993181968923367,-1.270516499819851,-7.578631032953612,-2.9414378522801754,,0.06792336294757492,0.3333333333333333,False,5
-0.69536093978522784,0.71282723606143583,0.091381042618358443,-0.71710816190987037,-0.6965801356937128,-0.023065096556821901,0.047212790038839596,-0.081568658723447249,0.99554884680301126,-12.879847141351783,-4.1123947429681325,-2.3843437936002809,,0.1599655464950128,0.4754098360655737,False,4
-0.086032855741735262,0.99531573062998235,0.044101520307420719,-0.99628416223482252,-0.086126740009734915,0.00022964179405128571,0.0040268862635806047,-0.043917889473420769,0.99902702824859579,-3.747395854664811,10.456151032637035,-2.8717290272800198,0.1558404866826613,0.09413300696651754,0.5777777777777777,True,5
0.99701787370175732,0.056038240968492449,0.053057281011982128,-0.06672642547680506,0.97139318122722884,0.22790978831180864,-0.038767817353001117,-0.23077045524590489,0.97223559558539241,-12.452437791199372,-8.6439979594961933,-2.3688744406373332,,0.5212004985663385,0.1521739130434783,False,2
0.054094417688372219,-0.97351016552793557,-0.22215254126101619,0.99729809999919938,0.041599471552036513,0.060547367445485202,-0.049702049383734792,-0.22482758189413254,0.97313013760066769,15.732177734054353,4.7757730772875595,-4.0176999357240728,,0.337665498361354,0.2592592592592592,False,4
0.27715663311589861,0.93816807278008518,0.20742436678451992,-0.96082452069504409,0.27047185798867257,0.060507970279075042,0.00066419198822148875,-0.21606860311543485,0.97637795837306096,-7.0935912386551498,20.539716072253121,-2.735459135145919,,0.2395210008217925,0.35,False,1
-0.54666952821936043,-0.81487499427525145,-0.19269450075529002,0.83734245774624472,-0.53112313853862969,-0.12948289525784495,0.0031678655116953534,-0.23213564011970308,0.97267826603369489,-28.173067809825422,-5.1660559429339319,-1.8171691203607638,,0.2305210332339015,0.2307692307692308,False,1
-0.69040398112545343,0.71210245165856423,0.12748506260729853,-0.72247747176524091,-0.68772188330300921,-0.071168209320371406,0.036995211012107003,-0.14123990076470849,0.98928390505160102,5.0842496972796916,10.239212940472466,-3.3665835097007597,,0.8733406499891169,0.6666666666666666,False,3
-0.62668056413220796,0.75820262815726402,0.1800006810941446,-0.77919869980405876,-0.61293141266028095,-0.1310132420709374,0.010993487281258187,-0.22235974912220682,0.97490270550845592,-20.113280426531301,7.6879745925445464,-2.140631447227511,,0.5415205566788475,0.1851851851851852,False,1
0.88590188784328472,0.46052189662651039,0.055654540185204417,-0.46368487432465522,0.88256011369462462,0.077999891268262525,-0.013197819449954195,-0.094906419397497679,0.99539870861826685,-8.1333506051955844,-3.2948839318363214,-2.6045062030464181,,0.1004517896214337,0.2906976744186047,True,5
-0.59460410812461495,0.80203952937596534,0.056378612254206997,-0.80394736808756562,-0.59402147875503308,-0.028409718808169927,0.010704389118792552,-0.062217972452202105,0.99800518032599894,-25.674360655407124,-5.6218769643618716,-1.8935587398198752,,0.08035627086315171,0.2,False,1
-0.44494457048623098,0.89393910720249625,0.053825661248396446,-0.89555164508507079,-0.44436536742062965,-0.022949318564003177,0.0034029663892913634,-0.058414834170205265,0.99828659560700339,-7.0566733397088512,6.7658004904780071,-2.7039060229876606,0.645026389549285,0.2333332081127912,0.1842105263157895,True,6
-0.80136160494123998,0.59709831617370135,0.035960797384520467,-0.59788295642019817,-0.80140971990689502,-0.016686259646654725,0.018855995021302439,-0.034872075666394303,0.99921388590755389,-12.438749543136344,10.876861442510696,-2.4549913794391744,,0.08987301664200432,0.2682926829268293,True,4
-0.8399940453007797,0.52568639519029492,0.13440170300655996,-0.54244905588399361,-0.81935386346713401,-0.18549465812266488,0.012610536459427397,-0.2287204851632518,0.97341045506861668,-29.927935002010543,4.3875284448833485,-1.8037376905688134,,0.1326746223331456,0.125,False,1
-0.94161773597986476,0.32180607674065143,0.098979231462678507,-0.33627668486671158,-0.9133741986399414,-0.22948979165509351,0.016553866714666125,-0.24937606587568456,0.9682652256820744,-0.33836365588989459,-23.640666363047927,-2.8392073787824863,,0.3816165782374936,0.2962962962962963,False,2
0.80759085844113843,0.57843612480980267,0.11492891227764407,-0.58956745106771968,0.78711412734897512,0.18127760801922715,0.014395346602847459,-0.21415648494192016,0.97669328550651169,-1.2197730476862749,-12.923276314128277,-2.9240342829161259,0.729478009074489,0.330272797636979,0.3333333333333333,True,4
0.15782064786406236,-0.98074963967954609,-0.11499037949414345,0.98745860931241003,0.1562432316416219,0.022661585579642984,-0.0042588733919406117,-0.11712470633739933,0.99310808332366751,27.692302607637796,-3.9465491142387514,-6.1261852896333737,0.369163821009424,0.309753310678673,0.2903225806451613,True,5
-0.57669954456997019,0.81268421968012983,0.083438566476707735,-0.81671415778954048,-0.57600037196819731,-0.034663467204259717,0.019890192530775237,-0.088135864297103572,0.99590986021109962,-16.758349692036216,16.027814343325957,-2.3156143569574503,,0.2650805857354376,0.8478260869565217,True,3
0.35642856761161429,0.9268190392291521,0.1181742133998995,-0.93427796283363629,0.35478521236134419,0.035385607994593803,-0.009130408192629327,-0.12302000492630466,0.9923621889381764,-8.8960246500917162,7.0366659420658175,-2.6121900207395057,,0.11824517493032,0.1968503937007874,False,5
0.6886153816126217,-0.72489336029093066,-0.018397619754351925,0.72504678288006275,0.6879408827803104,0.032318793831422964,-0.010771204286144654,-0.035594353563028536,0.99930827233274488,3.1762358477997128,-12.27119695774036,-3.1822614905900806,,0.1132228426653337,0.34375,False,3
-0.98948353102825282,0.1430876315245245,0.021172423776284584,-0.14356243583569581,-0.98937587575030372,-0.022917318783862866,0.017668300449742678,-0.025715874241825754,0.99951314397120172,22.211166472005466,1.1461091121908045,-5.1033544048888926,0.2608734840104176,0.2070219884341215,0.7333333333333333,True,5
0.19499557011554677,-0.97289317806518461,-0.12432052006622524,0.98077319747385505,0.19241012188263718,0.032592638954495851,-0.0077886296755153598,-0.12828565419146643,0.99170667446399907,7.3821449752613315,18.482957088009865,-3.4759735566601835,,0.5001844243865952,0.7017543859649122,False,4
0.77317014325755928,-0.63097027614780088,-0.063909625198805345,0.6341702880686525,0.7701529885002073,0.068501241121027345,0.0059979418141863673,-0.093492699833551393,0.99560189823635137,4.6424993794862415,-2.7096162121205194,-3.282496874918015,,0.1702775683187289,0.1919191919191919,False,4
-0.99828249747294939,-0.058294059539931505,0.0058187508561845479,0.057976851043399051,-0.99731528767208444,-0.044731439934794094,0.0084107064068936338,-0.044317260722019781,0.99898210215190253,0.15197677166563231,-5.8086454984539397,-3.021007154961723,,0.08721882907527163,0.3793103448275862,False,5
-0.98069197597042657,0.19370024788244297,0.026897253344909052,-0.19520599424493787,-0.97787732247829307,-0.075170220124260709,0.011741723811492875,-0.078969336789444095,0.99680789311129048,-18.604282176292568,-4.6793726899780381,-2.1723323468620115,,0.07807846849454858,0.3076923076923077,False,3
0.63604971649522757,-0.77145873268103671,-0.017093329591075582,0.77156858105013559,0.63551016522835135,0.028438611564458045,-0.011076230523997973,-0.031277046881099925,0.99944938013677131,-22.103507018489495,6.8661606469853043,-2.0670234433539227,,0.5564111915040716,0.8741721854304636,True,1
0.97091520472674075,-0.23934931580154711,0.0059640804623350245,0.23878468360925453,0.96984236656005518,0.048863676681346176,-0.017479705491173815,-0.046018355582551712,0.99878765052708718,-5.5924401610332808,-14.971326436856277,-2.672588862958265,,0.1029301741850588,0.2,False,5
0.76099894423852132,0.64674712049279504,0.050978122779602841,-0.64867089467937267,0.75980073476930909,0.043919401633888668,-0.010328468604618255,-0.066490642787496806,0.99773359027246722,4.5926360483663844,4.1404400302833819,-3.2406694494943284,,0.1113694309375851,0.4027777777777778,True,5
-0.093963489518306048,-0.99494301420910491,-0.035486069295483452,0.9955703231104891,-0.094019811917096324,-8.1906962867223099e-05,-0.0032549008003185734,-0.035336573738472508,0.99937016774426757,-9.3346124292552304,-4.4184790583650715,-2.5408292430771109,,0.07396063989137204,0.3106796116504854,False,3
0.90204940384859211,-0.42584967590609951,-0.070419646030547178,0.43132693172554509,0.88319204656951888,0.18419795559280833,-0.016246568395343483,-0.19652954588817717,0.98036329317674908,-12.837905208296331,3.5367661509412089,-2.4269865141884717,,0.3028228487287842,0.4054054054054054,False,3
-0.52546915610706624,0.83777547800792918,0.14837255281456796,-0.85074289915323831,-0.51960784695651507,-0.079020281710180509,0.010894288433351796,-0.16774961648182385,0.98576943584680621,-6.4732312313646503,9.4329279031095989,-2.7319927548635565,,0.1883388579600323,0.2340425531914894,True,5
0.66808653573184951,-0.73250815161367477,-0.13073709723461324,0.74405610617202833,0.65615908761127972,0.12584022653051577,-0.0063946572961031765,-0.18134789649910374,0.98339821476013212,-5.2598039908673853,13.718119914667062,-2.7952482709468338,,0.2577928099692492,0.3,False,6
-0.99441879655544574,-0.10195324985630007,-0.027143910937040671,0.10388807833325499,-0.99108610538563224,-0.08340023316372315,-0.018399028165711345,-0.085754688240811311,0.99614637940780526,0.21989906136713777,-8.2387518658589443,-3.0446802176011074,,0.2612832931826897,0.2272727272727273,True,5
-0.64722937803463609,0.75530725680366984,0.10298096925458414,-0.76221340588788022,-0.64320748160459174,-0.072903082874985398,0.011173902348605139,-0.12567849230315592,0.99200809496632103,0.976354225627871,9.4327792815355416,-3.1409906041221558,,0.4285487770207633,0.32,False,1
-0.95929264943090764,-0.2811459680603432,-0.026731206318504036,0.28172315070758053,-0.94603392051040036,-0.16016206666722266,0.019740291366234765,-0.161173092937793,0.98672871398862305,13.268800958379504,4.7304335657813734,-3.7760054864281067,,0.4681511572867463,0.12,False,5
0.90249998128804065,0.41797981878323781,0.10385882179678868,-0.43059035699484605,0.88084804815066275,0.19671975125090629,-0.0092589544839913537,-0.22226017897747441,0.97494342636009601,-14.185744558930702,-12.764416457200857,-2.3064705253675863,,0.5789179202232451,0.4583333333333333,False,1
0.4835073302608372,0.86952321262954857,0.10074742816780959,-0.87533405337179138,0.48072596340200457,0.051892611409773096,-0.0033100742814818479,-0.11327811266791454,0.99355780536345617,-24.278879075649588,-2.2802421733121281,-1.9515038505677147,,0.3972707344334992,0.7551020408163265,True,2
0.6581711035552007,0.74940282741424202,0.072154006877446886,-0.75270198509424058,0.65701151236514965,0.042137800783264581,-0.015827826133760249,-0.082044347052068145,0.9965029879717775,0.59081194761256595,-14.683338407679884,-3.0147040194398995,,0.268860780665641,0.7924528301886793,True,5
-0.61148111064844823,0.77744730712421095,0.14719557046818332,-0.79076336973917705,-0.59384764399766754,-0.14845291777921513,-0.028002578432759391,-0.20717302035673824,0.97790346928384742,5.3523523924605705,-11.553988212131276,-3.3459361418076661,,0.1651108659595944,0.4,False,6
0.5976462814414667,0.7894517743511994,0.13994576897116459,-0.80175018764697026,0.58932320522369797,0.099472591164179586,-0.0039444755337088265,-0.1716509707476499,0.98514993039341692,-27.816581566025025,2.4450001392314893,-1.8500568590823245,,0.1351260103406269,0.3043478260869565,False,1
-0.44793182078982086,0.89154539773774399,0.067111010248409472,-0.89390025766820513,-0.44803720785153178,-0.014317462111659046,0.017303562194858787,-0.066403796226191525,0.9976427830551966,-1.3643348821287486,13.786223343704393,-3.0111134002249083,0.1434852123053163,0.1581087066756331,0.40625,True,5
-0.18114669809004003,0.98255270469188305,0.042143282664539865,-0.98343473627513001,-0.18125873494950245,-0.0011791912372371132,0.0064802205628974874,-0.041658774672012178,0.99911088135115689,-10.774726888264086,5.8925000363185607,-2.5345183178604418,,0.08285685255732649,0.477124183006536,False,4
-0.88310032792039728,-0.468692977258646,-0.021464013960894177,0.46910057720081122,-0.88115485988442654,-0.059251678220304783,0.0088577252583768272,-0.062393957804286741,0.99801229187458618,-19.006747707119676,15.21707679288966,-2.2437053068065822,,0.5750303940671624,0.3684210526315789,False,1
-0.67022895032606933,-0.74199073742318722,-0.01558524055022241,0.74214198692958044,-0.66994848057603129,-0.0198571047758632,0.0042924795896987777,-0.02487526787915912,0.99968134706360834,-0.43780483370545803,-3.0976056790786179,-2.9845491057985494,,0.09685859474396298,0.281767955801105,True,3
-0.38620608811649265,0.91964292405988823,0.071426533783570514,-0.92237820394427195,-0.38570009063204874,-0.021304670261943999,0.0079565312980303168,-0.074110271305731737,0.99721831175359765,-0.87010359009165494,-6.3451908401184687,-2.971702167934164,0.2917829042562305,0.1950219971934547,0.3931623931623932,True,5
0.77932483881910752,0.62409882605263267,0.056155595618749943,-0.62656952931487742,0.77726534454208107,0.057176998067511614,-0.0079637010054258162,-0.079744839918360705,0.99678349704070157,-0.57390705007429843,14.381097184777067,-3.0550156634870662,,0.1410944472155798,0.1428571428571428,False,2
-0.61722476063948006,0.78556098564430865,0.043903675097635708,-0.78671124600713904,-0.61697753073325612,-0.020594707480051974,0.010909182344768573,-0.047251078335168784,0.9988234705576019,-13.623462190491013,16.432648046746781,-2.4333849842826569,,0.0854767616942185,0.45,False,1
-0.31823725388517765,-0.94728054952051088,-0.037210357963089677,0.94800966538407794,-0.31805987487192744,-0.010751294565019824,-0.0016506295740710709,-0.038697241459492937,0.99924961792608979,1.5845290863868307,-3.0794521567528257,-3.1055526695931133,0.1746130403415669,0.1051474648056985,0.4193548387096774,True,2
-0.33178798254833897,0.93526380768517658,0.12328156662992158,-0.94335312352635992,-0.32911854590598433,-0.042022221190591791,0.0012723873481499479,-0.13024051894458605,0.99148161266635748,-4.3852345824421368,7.8319722895116097,-2.8700424435379053,0.2211088597282829,0.1358085182369118,0.1894736842105263,True,5
0.91783378878215771,0.3946981362534428,0.042361744627064109,-0.39686221428093604,0.91478381236557027,0.075305773417092908,-0.0090287898315517881,-0.085929959106081255,0.99626026874617724,-2.2675727408822937,-10.429786997160313,-2.8845388702298491,,0.0797482689915179,0.4,False,3
-0.02090041756376073,-0.96994489885152468,-0.24242538179317044,0.99886517686894716,-0.030637562455023491,0.036465027154526077,-0.042796389850386078,-0.24138813756835398,0.96948452079290792,4.2292162246794431,16.4346893324966,-3.3133409934467664,,0.3973371934942798,0.5,False,4
0.42139503610805307,0.9003185718947706,0.1088700723103084,-0.90667314553187783,0.4207997717765905,0.029518794760257691,-0.019236182438868661,-0.11114864449973541,0.9936176065826573,-10.644356905984656,17.77970854775344,-2.5943126805372554,,0.4401798615021694,0.4444444444444444,False,4
0.70149135848309729,0.70559571446845082,0.1002225608198815,-0.71265724231064342,0.69557235790506433,0.091097474721191757,-0.0054340551825977426,-0.13532842510775586,0.99078589432940933,18.371775555973041,-0.37564391111156636,-4.5119477206741676,0.5495570503221978,0.3935551175188306,0.7115384615384616,True,5
-0.94910111240128125,0.29817128847542274,0.10149365087312293,-0.31470373068495439,-0.91099851426397838,-0.2665394321705411,0.012986159232844133,-0.28491330214247479,0.95846532015021224,-7.2858382986497627,5.0566697998364063,-2.7122259274498024,,0.1769748398125345,0.3235294117647059,False,1
0.67269773029467395,0.72284045588133727,0.15804885003585079,-0.73976500919859689,0.65270178938559786,0.16348732457973295,0.015016485001298426,-0.22689656117733387,0.97380308877313904,-10.202405729868065,12.744492796100113,-2.5441761336952498,,0.2248988555875369,0.24,False,3
-0.82510380042626563,0.56146656252594063,0.062920725420465354,-0.56495437255617198,-0.821016756750517,-0.082207311502839539,0.0055023133131017442,-0.10337690409451694,0.9946270357516116,-2.3606611908664394,-13.470803665710482,-2.8637062916397826,,0.08634715615111062,0.1428571428571428,False,5
0.83616978502034656,0.5260801018367256,0.15511227246897524,-0.54815617817687301,0.81115033745313192,0.20386253794210527,-0.018571347435055272,-0.25548944498967541,0.96663346132508576,-13.854009034726921,9.6944703716493876,-2.396455288452902,,0.1193921833863633,0.5294117647058824,False,3
-0.26773573728113015,0.96236259393578794,0.046645608321808751,-0.96348569376332149,-0.26760035545372796,-0.0092394628875322963,0.0035906678962523645,-0.047416110703225163,0.99886876993418838,2.7759031348967569,-2.6463912369730225,-3.1629469560029211,,0.2967406116204432,0.8759894459102903,True,5
-0.64373288970991227,0.75175998283914536,0.14305556580368736,-0.76481193941522418,-0.63834887433575838,-0.087025352410625215,0.025897181963466628,-0.16543168631177568,0.98588117596919012,16.628968042102461,13.323029193146729,-4.2133094868427001,,0.3213205502418973,0.5428571428571428,False,4
-0.97824717703759811,0.20205025438010205,0.04699101321427808,-0.2068864826354806,-0.96684008675569488,-0.14972718505654761,0.015180379464538575,-0.15619200154673324,0.98761005195984908,7.9185721934414159,-18.597317868413263,-3.435444051686757,0.5679795847182999,0.39861418400036,0.8181818181818182,True,5
-0.7077981994651078,0.69271533026483567,0.13844558515904193,-0.70588723075092963,-0.70112587352534328,-0.10072599930557466,0.027293337955143826,-0.16902065166541774,0.98523453705900021,0.84271457624164192,-6.7801393538243433,-3.0868038958817947,,0.6384524920641528,0.6666666666666666,False,5
0.66807225665730663,0.73886053678809371,0.088116780819683382,-0.74397682787256536,0.66538766472025601,0.061300368896116279,-0.013339395544383147,-0.1065099188589239,0.99422215712142337,10.333901494803367,-6.5930520623989892,-3.7490166349348861,0.3228070935528943,0.1760723504015307,0.46875,True,5
-0.75841828391648236,-0.64781103451861721,-0.071711715758975211,0.6507001861917463,-0.74628253077127416,-0.14018434989558581,0.037295768006621044,-0.15298120087625278,0.98752507708273174,20.149506271838124,-1.5662375751659869,-4.7430497700727807,0.3870079729022042,0.3780371981625888,0.5853658536585366,True,5
-0.9692690188344153,-0.24595930730071505,0.0046463189648710858,0.24576875491043576,-0.96899696465376328,-0.025349587798794142,0.01073723602912335,-0.023428650066680937,0.9996678498974092,-5.5947077916751589,-7.7906242475391378,-2.7468645790863935,,0.07785162832010845,0.208955223880597,False,3
-0.086600823728502072,0.96956645976122879,0.22900038741369427,-0.99622068086719573,-0.085821796269206066,-0.013378127583034824,0.0066822407952702341,-0.22929347873675787,0.97333439694010093,-9.0385518670604093,-8.1070934933842995,-2.5377831485154325,,0.1150047264008039,0.4166666666666667,True,3
-0.019769999876691955,0.98847599463076519,0.15008116185449613,-0.99978839000346154,-0.020399260329675806,0.0026543157855345202,0.0056852721274204508,-0.14999692735760292,0.98867011660316506,-6.702548660341507,15.965598316101103,-2.7149557367521506,,0.104024182006463,0.2222222222222222,False,3
0.99651999295489879,0.081124809931512845,0.019148599289359414,-0.082369632146006067,0.99361625493047889,0.077084250259450482,-0.012772914362046636,-0.078393259605057025,0.99684068411516702,-10.649599386644315,-4.7885091485371412,-2.4788101701362382,,0.06690258851524175,0.2211538461538461,False,2
0.88695780345292663,0.46034012043923522,0.037320616392945441,-0.46172009244097756,0.88572760877637036,0.047970400119112855,-0.01097320054743306,-0.059779399171311386,0.9981512973013974,3.6220397553233155,-3.7769464391825203,-3.2321677561539826,,0.07042525190887677,0.2888888888888889,False,2
0.94651097115168181,0.29280873326327528,0.13557295900826319,-0.31730112333885563,0.92095465604980009,0.22619133190309235,-0.058625750463431124,-0.2571100294133829,0.96460222587222411,-11.673942177831325,8.1837639412878076,-2.5105770920131185,,0.2665296237997659,0.1979166666666667,False,2
0.28837222347082359,0.94857072773904094,0.13059492795326932,-0.9573633765588665,0.28808529073496703,0.021499546180227903,-0.017228637621691759,-0.13122667312240982,0.99120267065163048,-9.2842606643266681,-6.1755782057380131,-2.5296035547400959,,0.7124670170269676,0.5700483091787439,True,4
-0.28318084457235354,0.95403791989992548,0.098082907075146622,-0.95904780454318195,-0.28105148708634581,-0.035176273359417407,-0.0059931517744279215,-0.1040274434924601,0.99455637001239483,-2.7828588336690507,9.3277337004642327,-2.9231073161224783,0.6603038024877463,0.2320174860531101,0.1851851851851852,True,5
-0.73896743175612922,0.65428112187857967,0.16075866495171567,-0.67311243923884501,-0.72725938127868717,-0.13421414412823299,0.029099466415778853,-0.20738853848621674,0.97782575909968161,-11.192315801547217,14.792790028131412,-2.5318404979723783,,0.4532607963064995,0.4197530864197531,False,4
-0.87982093950588158,-0.47434497084021687,-0.030198725893370786,0.47522397172095193,-0.8767179317810283,-0.074349477438390127,0.0087915361998403066,-0.079765385551575779,0.99677489542978404,-22.24921318961713,-5.3133087545458286,-1.9970045971804826,,0.07261378596955245,0.2258064516129032,False,1
0.42108676788662391,0.90549508543447521,0.052579313088011642,-0.90701946067394368,0.42045988167397025,0.023004040111634039,-0.0012774464932618617,-0.057377157098637027,0.99835175663376963,-6.0501808246261159,-12.750283593069776,-2.6748230040149537,,0.09460412100050097,0.3529411764705883,False,3
0.25403507151221677,-0.95046750745687214,-0.17910248382002875,0.96566863914846424,0.25964689450354,-0.0082200693318759867,0.054316312530731797,-0.17086546591803847,0.98379608189384216,-13.623377524390822,14.181874327033752,-2.4348761655315818,,0.7662455868390292,0.2727272727272727,False,2
-0.99011098173592949,0.1390491368462623,0.018589819477969352,-0.14006440364976463,-0.98727728446470076,-0.075269691179401063,0.0078871209037181395,-0.077129119807735569,0.99698991579731355,-25.843495416231985,1.683667901069823,-1.9293817162008451,,0.3003576252607627,0.4428571428571428,True,2
0.94674005313030751,-0.3138138429018017,-0.072139751884976358,0.32087599077921147,0.93815061485873485,0.13004623170871804,0.026867644859236161,-0.14626789067796622,0.98888009071693661,-13.333915656190149,-6.8864001352218551,-2.3554037563218242,,0.2343634569161813,0.4358974358974359,False,2
0.4603534641179608,0.88465776819817377,0.073860146501475155,-0.88753677919963059,0.45689326953915432,0.059388600065735743,0.018792382566867799,-0.092893344306509723,0.99549870564507148,-6.9680642286947192,3.6807587100225079,-2.7203991514588286,,0.6641779798214216,0.9002409638554217,True,5
-0.48236117500954895,-0.87593633490043332,-0.0079519836897660942,0.87596242490105025,-0.48229240471375801,-0.0091578663940946065,0.0041865265887691978,-0.011383038110097048,0.99992644701423172,0.61215256093669213,4.5427755068437436,-3.0411543274475137,,0.0723056305430509,0.2686567164179104,False,5
