axis_00,axis_01,axis_02,axis_10,axis_11,axis_12,axis_20,axis_21,axis_22,location_x,location_y,location_z,dbh,dbh_approximation,score,reconstructed,number_clusters
0.68947777567637469,-0.72237857938523053,0.052816521030219173,0.7187165066377873,0.69137721532204388,0.073784342647423229,-0.089816367855389712,-0.012912558960688485,0.99587463361928885,0.14385758955709696,21.75908633575364,-2.363567791469583,,0.1456804682051782,0.68,False,1
-0.093820738231879128,0.92819672283968657,0.36006737256698268,-0.99399295657742681,-0.10780079300194496,0.018894213469110611,0.056353095319509494,-0.35613176316893852,0.93273495480232338,-2.2090779169369381,-10.876339287343329,-0.80176731809156354,,0.6211298178684086,0.358974358974359,False,1
-0.62089932115508661,-0.78386639591485396,0.0061242423703006393,0.78237813172462856,-0.62016768369580488,-0.057240746837024334,0.04866715512779389,-0.030749267549614018,0.99834162016662897,-3.0124560660804471,10.7990001279301,-1.5442758169676856,,0.2093441044116799,0.2258064516129032,False,3
0.32467259503919615,-0.94487304540424089,0.04245743867719981,0.94254444410795457,0.32695616607156996,0.068626790315486991,-0.078725325732828533,0.017736784835308911,0.99673854623565383,-3.0656293180569936,-10.057445001040781,-0.76911854108001432,0.7770918353625593,0.7343971668137834,0.9706498951781971,True,5
-0.70111684935625551,0.69211441399701146,0.17150160782433246,-0.71170839048422319,-0.69398565838223336,-0.10888100327483571,0.04366154444261134,-0.19839743924091308,0.97914867392012228,-2.2881732513314663,13.031113105999252,-1.7162699278396658,,0.2847323366021721,0.28,False,4
0.83315734578306488,-0.55303274235444744,-0.0019034315430240811,0.54530756300671679,0.82093605821570526,0.16942151589729412,-0.092133049962514479,-0.14219273611960945,0.98554184431683334,-10.8730539614041,-9.6614045775048876,-0.1750085154944809,,0.1035033322071816,0.2978723404255319,False,4
-0.92376385506835934,0.35839492669421741,0.13495709165912209,-0.37003280767687241,-0.92611282048147558,-0.073421829060682772,0.098671481756447812,-0.11776298340179639,0.98812743025800798,-17.960034978345231,4.3874637195952948,-0.094389755837265485,0.1674559115394686,0.08492487335958679,0.2564102564102564,True,5
0.85457830633177112,-0.51880060192408317,0.023277753120320793,0.51014599008649508,0.84702300901324123,0.14934219430832199,-0.097195612790862279,-0.11574954706332098,0.98851153519260726,8.1034020763120989,-4.0025501522790332,-1.8388201367864319,0.4420000173521549,0.2952345540129633,0.55,True,5
-0.72843083478026682,-0.68370888869323809,-0.04393944086104469,0.68470644884827336,-0.72426685497096333,-0.081330201623116216,0.023782301127326301,-0.089329045177518579,0.99571819499332348,-1.8167725292285593,6.3376087038842854,-1.442724383711067,,0.304464839340219,0.267175572519084,False,1
-0.32047278784959893,0.93355360291335421,0.16054551608625509,-0.94362116948817532,-0.32946070011013373,0.032167306021940949,0.082923342562119751,-0.14118540140693206,0.98650413161217387,7.3574432976760402,-10.896699733314776,-1.604810168038119,,0.2413686072247469,0.4761904761904762,False,5
0.20371642872975551,-0.96799078307459974,-0.14660648194475495,0.97033252343142462,0.17971403138652434,0.16173330174706618,-0.13020910350969556,-0.17520476821544176,0.97588363986582682,-10.282412048643733,17.344735976746637,-1.2990968550114488,,0.3695574323773348,0.2058823529411765,False,2
0.31146233107874483,0.92967505058608824,0.19671176029091064,-0.94976744097189902,0.29790415154313576,0.095890169272217468,0.030545447920836886,-0.21669660082963613,0.97576101520823066,-24.524362963832171,5.6423375386057479,0.36657757655224127,,0.4131217010382996,0.4210526315789473,False,4
0.54074573178840746,0.83567509423438291,0.096131110619694787,-0.84115857239034075,0.53626095499406212,0.06983154189262232,0.0068051191660920413,-0.1186226159937992,0.99291609178617113,-24.675498545040089,1.7936052350501603,0.5738797415589979,0.4359471535770794,0.4407217337976702,0.9884393063583815,True,5
0.71346533845185567,0.67894408352226088,0.17321126487008587,-0.70064479680906167,0.69410142697900135,0.16528786334786258,-0.0080049692170970216,-0.2392867328454088,0.97091594896365896,-22.133566313113246,1.0858699968516521,0.37940160671559459,0.5798825567480385,0.3794510511344046,0.5645161290322581,True,3
-0.99488702647830651,-0.017697813564689774,0.099431342846119472,-0.0059935257626133141,-0.9724449440805274,-0.23305559075283427,0.10081608102919866,-0.2324599280031919,0.96736678652859731,10.619351990037162,-9.5406988916837445,-1.8515190003435258,,0.4082193179325359,0.3333333333333333,False,2
0.99258111271420646,-0.11489231943290321,0.039780518075480269,0.11041921302668428,0.98877799248084219,0.10062643281027897,-0.050895305064353427,-0.095487363147599813,0.99412867949854622,7.7250306126670214,4.5521221975414115,-2.0690842360216206,,0.3202217286996767,0.5652173913043478,False,3
-0.1153891659717081,-0.99305931575335415,-0.02277138054299406,0.99252403445640569,-0.11618412021451074,0.037380358965102903,-0.039766586510957422,-0.018287854041968254,0.99904162725674572,3.1372943606855284,5.8454131257754511,-1.8088666357722714,,0.5802975310781973,0.4479166666666667,False,1
0.17183847499164726,-0.98324410129164985,0.06084879446399763,0.98323873215648139,0.17500260595505432,0.051143753247647139,-0.060935491299087749,0.05104042695860652,0.99683586448122097,-2.8841106366279141,7.6884612027510242,-1.4372877594120153,,0.07459117092352,0.2577319587628866,False,5
0.91179979615164031,0.39116362591688453,0.12494858741651496,-0.40750081557872531,0.89945777159281448,0.1578569048979539,-0.05063809870542807,-0.19485054498472276,0.97952490937119885,-7.1512781901984983,11.818978939614965,-1.293304873047292,,0.3798667353728582,0.1785714285714286,False,2
0.28547142953949561,0.94281396747656188,0.17206942101309752,-0.95807384123168438,0.27614986247270307,0.076392199888951226,0.024506686113040143,-0.18666300165649594,0.98211829539437112,3.0605436066415028,10.178853523471163,-1.9835735305032898,,0.1483314018554066,0.3157894736842105,False,5
0.99445118117125431,0.066008329418751829,0.081913055824110376,-0.075968168390042098,0.98922834283995698,0.12512443052248304,-0.07277146184157976,-0.13065292254465266,0.98875382586970628,-20.06793594640132,7.6183308576595223,-0.08414325674275408,,0.06906037187233954,0.3157894736842105,False,2
0.00016814533520916861,-0.99546400567378046,-0.09513876778188661,0.9988591010927127,-0.004376088463089638,0.047553611997605841,-0.047754244747476367,-0.095038219983713451,0.99432754605860307,0.35535992117109744,11.862005896634969,-1.8616039237338431,0.5926489160891412,0.5175937703558615,0.4339622641509434,True,4
0.84931147044835442,-0.5272085130860189,0.026855351319297872,0.5197635832491645,0.8440441021719427,0.13204306538681851,-0.092281329058713432,-0.098187256395053643,0.99088012341996723,-3.1735377499616164,-14.719019738450536,-0.60569386415634141,0.5590196434094702,0.4350339686311511,0.7096774193548387,True,5
-0.93865450264285599,0.3182927017932734,0.13273085795485248,-0.33277769670266122,-0.93697675836884531,-0.10645918867755214,0.090480546227155373,-0.1440982659914736,0.9854181652946562,6.5500085029528847,2.5863714229256227,-1.9518678077067895,,0.2896289819381554,0.2698412698412698,False,1
-0.30118534386571738,-0.94683392061405047,-0.11310577091870766,0.95346980420318017,-0.30071050285747308,-0.021645460123415769,-0.013517437376897902,-0.11436223260251262,0.99334714910796917,-15.132011770022709,6.9670333538627158,-0.47352855976065933,,0.2879979903554433,0.1666666666666667,False,2
-0.50884202435777903,-0.85756183411395537,0.075282766411619503,0.86085703930183166,-0.50666482025735782,0.047073536069256072,-0.0022253386173608156,0.088760692790717327,0.99605049434421244,-5.2806348106964203,-23.748487464858989,-0.10150547705533702,,0.5527685812914629,0.9428571428571428,True,1
-0.87017392749877531,-0.48792833268868069,-0.068726109019789317,0.49072909193452435,-0.8455409964812084,-0.21034586185300189,0.044522962957029934,-0.21676338581321586,0.97520835739872413,-23.516002178618812,9.7165426933311316,0.060858133215771014,,0.2725686841989148,0.3333333333333333,False,1
0.56827991780593246,0.80919829557599654,0.14918462875036798,-0.82272622548326058,0.55583558420135726,0.11903092555131739,0.013397496801636009,-0.19038099110057846,0.98161885949028693,10.831515357424761,17.936485045458429,-2.9031257770001142,,0.4205369294822522,0.4285714285714285,False,6
0.7246408818628215,-0.68878303960562881,0.021760438522780035,0.67848031536797249,0.71861912773751746,0.15248282168148264,-0.12066504875584075,-0.095731257180719731,0.98806653237894349,-0.56057256929580912,16.375426432857054,-2.0256974003920414,0.286205868747592,0.2298950909776639,0.7142857142857143,True,5
0.60744812151771721,0.7533163548241063,0.25203422231736283,-0.79414314132358066,0.58330781644982521,0.17055398663547044,-0.018532424377618796,-0.30375394783123061,0.95257025379949267,-13.750614256478173,12.307161509400071,-0.83559183243848612,0.1331390229767383,0.2149015933521529,0.2222222222222222,True,6
0.55586468153179325,0.8211297342127023,0.12946202306983584,-0.83126758119943867,0.54963013598067989,0.083071788645087505,-0.0029435136134932857,-0.15379425611392636,0.9880985085071079,3.1745971257357017,23.304142295207079,-2.6211429257027974,,0.1966994707875058,0.64,False,1
0.85132081576482543,-0.52045152145788942,0.066204852221563276,0.51277308042176195,0.85209803460922184,0.10484611299365154,-0.11098034348607984,-0.055309612431007994,0.99228232380328263,-11.714830232668037,-10.714496330196445,-0.08102897942275003,0.4928387630966892,0.4575739557494626,0.7272727272727273,True,5
0.13487547787789406,-0.98383095302777268,-0.11783573877085715,0.98891409988813483,0.12620075630947186,0.078244949673168585,-0.062108844053396062,-0.12708274851993606,0.9899456886713377,-13.688944040874484,16.583098681361804,-1.0044950472429648,,0.2374001285895048,0.25,False,6
0.94293160767345718,-0.33178602590671358,-0.028249181640887966,0.32827344327513952,0.91201144389715449,0.24590988723699525,-0.055825887280311515,-0.24114966144213754,0.96888095816550612,-19.59903796838864,14.112726166934396,-0.4354074758859412,,0.5324316076775042,0.1153846153846154,False,2
0.96058299366342559,0.25808929362497152,0.10329679956694433,-0.27537926324778328,0.93425802067052488,0.22655730441965433,-0.038033848841767151,-0.24607289027634671,0.96850480588034527,-3.8188257469505862,-16.228264797926354,-0.61052201828547759,,0.2826868102896392,0.4666666666666667,False,5
0.47999322684717588,0.86665174863846428,0.13609279467601257,-0.87721097817287541,0.47231661736535863,0.086127305388779885,0.010363491391532573,-0.1607226167732379,0.98694520542112163,-18.664562715970302,2.2319529595727738,0.049185361810618659,,0.07833127116503844,0.3673469387755102,False,5
0.7298938113830038,0.66640555497163545,0.1521796977515037,-0.68315234442057038,0.71884380556045191,0.12871075137705507,-0.023619873358487642,-0.19790709818072239,0.9799361622433449,-9.0262026052797619,-5.7477652534348653,-0.44563778577684088,,0.07449501555202846,0.2352941176470588,False,3
0.99261870303182487,-0.098123762447425711,0.071272979694834385,0.089706054749779857,0.98953806757502716,0.11299219690364445,-0.081614546084926465,-0.10576455012452733,0.99103628884330419,-1.7169589366918285,-1.8635379832665444,-1.12946938000301,,0.08674197018527705,0.3929961089494163,False,4
0.30967802421258528,0.93537428347269469,0.17080536038933886,-0.95051544681319766,0.29983228430091347,0.081369445496470627,0.024897925401455454,-0.18755146256118232,0.98193917439007627,-9.4911402269793381,-10.055326646242028,-0.24475796695584218,0.2657973243698963,0.2238777599632726,0.7934782608695652,True,5
0.1414324503383558,0.98530514023117344,0.095763472291463772,-0.98917820712930049,0.13684576055790701,0.052912308188098472,0.039029944039837977,-0.1022106572298475,0.993996803323276,0.70913129971000233,7.1303861550595196,-1.6701942025552974,,0.08809994846854527,0.4838709677419355,False,5
-0.65524178989395654,0.72374416021334831,0.21645458492173039,-0.74617752205001819,-0.66477029052507242,-0.036049499615176311,0.11780196247880553,-0.18513468446589171,0.97562689909814204,-4.5868604792087693,15.308811516366132,-1.6632056340389112,,0.2642477343562501,0.2894736842105263,False,4
-0.76372252159997067,0.62647398637930474,0.15575061602126933,-0.63464545693790408,-0.77279515795286824,-0.0035760079250531374,0.11812304596928135,-0.10157749866296159,0.9877899360574165,0.43849966103285537,9.3765095556137794,-1.7470907027818021,0.5248092506715974,0.6000839274621433,0.2542372881355932,True,3
-0.45709620912261717,-0.88866528534980649,-0.036565916095176593,0.88938379747432361,-0.45704917153039432,-0.010124998446001517,-0.0077146870243680679,-0.037149231721895284,0.99927994985719049,-19.344811713968987,11.013552279559015,-0.31342871949066148,,0.3171550932408873,0.3214285714285715,False,1
0.54596889050291708,-0.83535119769379473,0.064080785845346003,0.8335559850775065,0.54930227302289503,0.058748894401080207,-0.08427568062307049,0.021339853875427313,0.9962139430323661,-16.357349390682003,6.979792085205629,-0.35587172276374324,0.1914709789484497,0.1687770463934576,0.7410714285714286,True,2
-0.54239550959494764,0.83517738401296571,0.091026635687017549,-0.83595530190463585,-0.54730664946752117,0.040424802611338961,0.083581363884340787,-0.05416796730445167,0.99502763123912175,7.0929756643773709,-2.6189530011447903,-1.7968014111469923,,0.08331462269719908,0.3793103448275862,False,5
0.63427414929247772,0.76695131964532581,0.097375442661886205,-0.77302260906537923,0.6310274992134538,0.065117901610614676,-0.011504321494937686,-0.1165760203931713,0.993115140382138,9.930328051444798,-8.5613434679018088,-1.8194550644345764,,0.08205555023731717,0.5294117647058824,False,4
0.87476822568084622,-0.48317021697037837,-0.036429284538428336,0.47528358933139347,0.84099917835901439,0.25850704383387774,-0.094265906092560886,-0.24344798917276078,0.965322234031874,-21.25084127944341,6.6248685279196495,0.054752241957319321,,0.2682579207184053,0.1612903225806452,False,3
-0.99713694209852943,0.035902734647224162,0.066550073983759325,-0.043117357908754039,-0.99295666659762405,-0.110353757100983,0.062119337966218102,-0.11290727126356993,0.99166180522719161,0.39753551899057427,14.83910573744607,-2.0233258143188664,0.4471876775128432,0.411303450190343,0.5473684210526316,True,5
0.74200673734823064,0.64719120328945312,0.1748414942586079,-0.66901358880808148,0.73157229601569596,0.13123564185255915,-0.042974640428563464,-0.21434906598133727,0.97581128205865875,10.533388534439467,-6.6770029773093071,-1.9295549346871386,,0.3240702153489367,0.4042553191489361,False,2
-0.33565747316555489,0.9362835898738352,0.10347511798049863,-0.93970161599983826,-0.34046015778845018,0.032369026027293517,0.065535742884373069,-0.086370830096897069,0.99410519871539005,-4.3464548326318901,18.116853601056146,-1.8126034529328727,0.3686687817560885,0.3152908506980479,0.831858407079646,True,5
-0.48394621221713624,-0.8743388387523674,-0.03643705160748803,0.87432708465536091,-0.48484776724865813,0.021789713904667381,-0.036718016269167944,-0.021312851595953142,0.9990983683492356,-7.0812327943481801,14.438576940990558,-1.4215838170050012,,0.1895337522395008,0.303030303030303,False,2
-0.26545407301230556,-0.95997284146070783,-0.089365982224968901,0.96395856775878641,-0.26598051733713513,-0.0061841767034834239,-0.01783296850240039,-0.087786719126105611,0.99597965701085855,18.245220628622121,-3.3260819243510271,-2.6395676267282946,,0.4908396267791416,0.88,False,2
0.99287394371765547,0.068662403119733012,0.097400237599166925,-0.09359558764441131,0.95521884431002257,0.28070772245971987,-0.073764475596646381,-0.28782361590538236,0.95483839903258172,-14.659398996983557,-8.4511515071085181,0.088230648489091637,,0.0811234693592646,0.4285714285714285,False,1
0.42459827091786417,0.89822918476413272,0.11358098419859064,-0.90527651965373457,0.41928125274340394,0.068393377322240101,0.013810550212807617,-0.13186190782740223,0.99117188517781118,-31.947698580628337,5.8484735112611013,1.0096901747567275,,0.1877895286837164,0.5238095238095238,False,2
0.14707337298052989,-0.97664867992559767,-0.15661027731192292,0.98520589661847524,0.13056107178619378,0.11100967436321374,-0.087970246267225466,-0.17061993592082914,0.98140209559489733,-7.3842215929875596,-6.1069209891812726,-0.54899439209028988,,0.2763096925565954,0.1621621621621622,False,4
0.52028157593935764,-0.85384795878485586,0.01583493028063486,0.84987173691734375,0.51950050496367184,0.088528278711303365,-0.083815944349237587,-0.032601972661547435,0.99594778921960592,-3.4883858927336293,2.561852315196111,-1.1493052945365105,0.6228052141053182,0.6004182815577869,0.9950207468879668,True,5
-0.094476165254475983,-0.99246806943451249,-0.077983237633106731,0.99291247052852083,-0.099612084067281656,0.064824829939796519,-0.072104646644718218,-0.07130612779211519,0.99484489045857605,-7.3432793822736171,20.331287181630056,-1.635635867818571,,0.1611028939434568,0.1,False,3
-0.99246756959148763,-0.10087071975961552,0.06952137228466472,0.08941273770985711,-0.98435803427142043,-0.15180455428126641,0.083746556015123111,-0.14444500081512948,0.98596255308968161,-9.903307731039428,-7.6628074255815486,-0.32685377387272252,,0.2820763048157291,0.2241379310344828,False,4
-0.77212563865755934,-0.6352324699878853,0.017369720802181465,0.63475576210554197,-0.77226524903473504,-0.02629653222632846,0.030118442879207147,-0.0092786963743837908,0.9995032692253305,4.1022285568063896,4.3636283748799025,-1.8110234492875681,,0.1257047077745194,0.3783783783783784,False,2
-0.86117744289580966,0.49402154682805793,0.11965000257854616,-0.50597195436735354,-0.85566282140426553,-0.10878197212852748,0.048639420649444605,-0.15422012623553466,0.98683856806611525,3.2002685254068597,19.50733789314928,-2.4531658329799231,0.5167778232388459,0.344415684672048,0.4285714285714285,True,5
0.87957542727261318,0.46080672463693811,0.11833947045502843,-0.47354232564170917,0.87194664862737814,0.12436521930718736,-0.045877375295901163,-0.16542733896445408,0.98515433408126374,6.600278240606511,-4.5007805190776828,-1.6719150401900205,,0.07209125057962437,0.3225806451612903,False,5
-0.43916554808986286,0.86548553198426859,0.24097388924287838,-0.8949493088457634,-0.44495219724696983,-0.032913170032446724,0.078735989022945846,-0.23011374598446388,0.96997335424308273,-9.3981998379494538,14.200372373477819,-1.2351877805031455,,0.2518670453048153,0.25,False,1
0.89829466619856868,0.43086394028705494,0.086156587905486887,-0.43660686853076253,0.89731866612510158,0.064758426287475634,-0.049407843820230994,-0.095788706974162488,0.99417472739214907,-33.472944296025439,3.2759175985421187,1.2204276846165951,,0.1842137376339408,0.4166666666666667,False,1
-0.92378810195256267,-0.37936930643655004,0.051908304005553164,0.37833845209456574,-0.92521908292740584,-0.028803893029555439,0.058953866349629909,-0.006969786282302555,0.99823637667719223,-21.667784341204577,18.517745118004896,-0.4421917792208046,,0.2049492969160199,0.3333333333333333,False,5
0.97980094652212779,0.18155888311343635,0.083824084587580283,-0.18802898182589006,0.97913498632528539,0.077069971761404038,-0.068082355921805365,-0.091274588557747255,0.99349571830770955,-1.5871453229174419,23.818283624537006,-2.3102785913198658,,0.07188547102710918,0.3333333333333333,False,1
-0.72861550389250862,0.67478050126444111,0.1174339073725105,-0.67938060191050631,-0.73378514791615435,0.001163806421016475,0.086956570971857855,-0.078934351273556552,0.99308001840427684,-9.4967329984036866,-2.4819426527428532,-0.51577030493676634,0.3320747743740261,0.2104281249213537,0.8977099236641222,True,5
-0.36775935588684638,-0.92636347716188172,-0.081263548644144146,0.92969670627442758,-0.36818328405416861,-0.010252008855211735,-0.020422793642688342,-0.079320725687771459,0.99663992092239251,-5.8587356612486596,-7.5942398256313153,-0.62315044486620375,0.5017767995222616,0.4660529557496794,0.4555984555984556,True,5
0.79603562101780512,0.59683692848059278,0.10056326800899559,-0.60446005064937502,0.79243160188766226,0.081732511883023315,-0.030908530210159497,-0.12584846892833174,0.99156786234157579,6.9300693549360748,-5.5105451860821066,-1.6808453946115927,0.2629148391490658,0.2027193570147424,0.6326530612244898,True,5
0.9420081531433625,-0.33301068748018997,0.041527357674219015,0.32451132237898123,0.93544197737982948,0.14014531245660411,-0.085516320426430606,-0.11854192920517936,0.98925970804487828,-16.38105542972993,20.736379564331539,-0.96563383302463712,0.3959581556935493,0.2671155856272343,0.8870967741935484,True,3
0.94060170571790058,-0.33691784564138172,0.041890291106008823,0.33017855203442792,0.93648593478733022,0.11822105447824802,-0.079060451409187799,-0.09736764983232625,0.99210331407021579,2.0267827583539741,-18.020279074382614,-0.88581380990961744,0.2796030058240367,0.2901989781657713,0.35,True,5
-0.39633279856365644,0.90760510484891954,0.13846763677799023,-0.91491020333018591,-0.40300981766968202,0.022856218063526595,0.076548237243046408,-0.11762678484950267,0.99010317990649388,-15.639859354212673,19.691069856328813,-0.98000785029283743,0.1893664896657593,0.1775143378430347,0.6216216216216216,True,5
0.87736761124169316,-0.47640093206172945,0.057168406263953545,0.47057862262410077,0.87761213630038903,0.091393096826135112,-0.093711443662175473,-0.053283113169020666,0.99417255804903804,-6.7963797245172302,-12.708166967478984,-0.41274317256177712,0.1808477881845775,0.128259899697584,0.5714285714285714,True,5
-0.97455392796327489,-0.21439234474980531,0.065426019319780135,0.2140975054667302,-0.97674379784392718,-0.011567693216208187,0.066384483460181526,0.0027342066676532134,0.99779037100466283,6.4365416422826405,19.351533711633063,-2.6677805563952948,,0.1023105397331808,0.3125,False,1
0.92664829731494802,0.36256428435753763,0.099348240002600133,-0.37211353158322946,0.92219082260603968,0.10533568395303039,-0.053427078302717826,-0.13457795662552691,0.98946163184558755,-9.1015032698963925,-4.4076320995252392,-0.4697281099102793,,0.1388831967782529,0.2857142857142857,False,3
-0.13529968137091614,-0.98835430264794077,-0.069640280429003457,0.9902882842563473,-0.13716377373713803,0.022698309161830733,-0.031986095190683288,-0.065892879823914605,0.99731390148887566,-1.6303678857360755,-8.1067890056134768,-0.96376294024534148,,0.3222172420533597,0.2222222222222222,False,4
-0.81633395012682564,-0.57519199546809163,-0.052469517052938466,0.57645395030792623,-0.80570299631177189,-0.13617461183576099,0.036051699609320004,-0.1414102191627894,0.98929440758128806,4.0901853082637167,14.983298045082877,-2.2775150753601618,,0.3144106264593577,0.125,False,1
-0.88447616548519037,-0.46253493218388197,0.061346142488870485,0.46427746419718957,-0.88552204664395462,0.017237782517715825,0.046350285082624079,0.043728039255749231,0.99796768968519523,-17.010581330757645,3.2648850760313604,-0.14839468262378541,0.1893165633002944,0.1417058348005651,0.2083333333333333,True,4
0.98562943970716144,0.12234111054896178,0.1164785828047144,-0.13900658146901856,0.97920438682750521,0.14776988572123761,-0.095978007328997736,-0.16183763927905395,0.98213889069812255,0.80661568831682218,25.012785393515461,-2.5193673801928438,,0.1921530757822099,0.45,False,3
0.5680884274169542,0.77688667257685207,0.27151912751663837,-0.82296538595488022,0.5355264522422637,0.18957687746385982,0.0018740744555075031,-0.33114727376392367,0.943577220434901,-7.5556395991145573,13.366120689846767,-1.3356741779508554,0.6941444430761936,0.3688975628173962,0.2352941176470588,True,4
-0.42513994351019463,-0.90496125053222598,-0.01735406198265188,0.90512704746825734,-0.42508329187281257,-0.0070159042159750815,-0.001027800342047358,-0.018690372005991371,0.99982479146135117,11.116606359700198,-13.614417781743974,-1.7270047579055132,0.2820755993473809,0.314424693710837,0.6216216216216216,True,6
-0.65242445813041849,-0.75356817140338839,-0.080481907786692439,0.75781374401295576,-0.6476094529875065,-0.079500476641910678,0.0077881845316115778,-0.11285835125934728,0.99358056378570803,2.9180462407854741,1.2730083720786691,-1.5943140398678726,,0.138771994894591,0.1587301587301587,False,6
0.14012260887909489,0.98642611151705317,0.085610636011320504,-0.98941764884755501,0.13620805268948855,0.050000825308332747,0.03766126166093154,-0.091710920286975972,0.99507323171223094,-2.046607012161846,2.2520895477352276,-1.2428719836096587,,0.0631856792891437,0.185929648241206,False,1
-0.94608632018251992,0.3074248752733415,0.10203244987095471,-0.30752078107795183,-0.95142024332288011,0.015181890548878203,0.10174302909145568,-0.017013719716811,0.99466521471935132,11.001118704899458,14.369496525488898,-2.7278958908788193,0.342041441157847,0.3135393026845839,0.8157894736842105,True,5
-0.90864152807426046,0.40507715617227813,0.10140547818660181,-0.40897895616151603,-0.91231858341621808,-0.020273523878759976,0.084301760811445872,-0.059894072334462235,0.99463858422207041,-1.8815435102901519,11.942504944307807,-1.6852217193121901,0.173436587397225,0.1388072209819347,0.3466666666666667,True,5
0.88943892601178853,-0.45594873032178523,0.031767156198633746,0.44993279511527834,0.88568476849054634,0.11455553563054249,-0.080367137405467803,-0.087597067198619968,0.99290879593417425,3.4344218493059695,-8.1785355248196563,-1.356587299654797,0.4658189432097278,0.3800434027837958,0.8781725888324873,True,6
-0.60032017414336858,0.79443882482540906,0.092101260178668931,-0.79500476174740375,-0.60531986828092299,0.039437112766023123,0.087081096200205405,-0.049546046001567666,0.99496837739205624,-6.1905979757806531,-0.33323602458755719,-0.82055468622892092,0.3269306871422202,0.2792167322328186,0.9385085041430441,True,5
-0.92098511325357291,-0.38645766099876061,0.049364941210041861,0.38676536213158175,-0.92217134086009833,-0.0035458075970505876,0.046893238537452031,0.015827013352361079,0.99877451400594619,-28.446057477889241,4.338262008150684,0.76068694904844691,0.5472043393490768,0.5327417468040092,0.5666666666666667,True,5
-0.97124038568972593,0.1881870816286009,0.14586889837584802,-0.21475058336169145,-0.95693946446366773,-0.19531781357009617,0.10283141616785361,-0.22102597960443479,0.96983154010828831,-16.176370771409353,9.2014065239674103,-0.47327810087225175,,0.6092117626290002,0.504950495049505,False,2
-0.22152615845132034,0.95388351827638496,0.20256454448512376,-0.97405178846728513,-0.22632459427235416,0.00053982509856582289,0.046360268608833757,-0.19718877145547492,0.97926876489878756,-23.989141061389201,18.693845408301137,-0.2371109856401222,,0.1724795235963117,0.1666666666666667,False,2
0.38488850075433401,-0.91460842787314056,-0.12390426001757998,0.9190721648086323,0.36748281254873333,0.14234724568901169,-0.084659304633668747,-0.16866477446312139,0.98203105653245459,14.895797550570675,-3.9237287744039473,-2.3576694073398641,0.628791417745028,0.6134311200154337,0.2954545454545455,True,5
0.99138870293096637,-0.059468578753426107,0.11667016688898506,0.03395289537618873,0.97720091644532481,0.2095842784991063,-0.12647387317714925,-0.2038181960460472,0.97080507949026784,-18.035903107946584,15.549133657940317,-0.61209373710605885,,0.1725971465224895,0.1666666666666667,False,2
-0.71333658656115806,-0.69970478983705964,-0.039548974099854958,0.70067993725089894,-0.71092126787045873,-0.060320613587191874,0.014090415442823703,-0.07074007328618595,0.99739525877362845,-19.646771108502641,19.246133419284288,-0.65925770957993635,0.5043418418158369,0.4875690365572399,0.4666666666666667,True,5
-0.26111078992442249,0.89967846486086378,0.34985684965517794,-0.96201933828928277,-0.27242397980397631,-0.017434677663073904,0.079623791309486533,-0.34112143745792989,0.93664092199953608,-6.8588722432108371,-3.7517699444174668,-0.68915123929422784,0.3769237814295621,0.3905131515659026,0.3333333333333333,True,3
-0.95506827669924377,-0.29082378741931192,0.057149903882891345,0.28689733614542196,-0.95554260808317326,-0.068031188805340453,0.074394256198968056,-0.048578275069148982,0.99604500191302026,-0.72460465030931431,8.1521094411486832,-1.6134217017398076,0.5540907323926871,0.2804319109486449,0.5197368421052632,True,4
0.80735539239722642,-0.58907161647118644,0.034233040109607649,0.58161589772051825,0.80423679415520033,0.12217252737716268,-0.099499838622372661,-0.07872616842569799,0.99191832956102399,-4.3483193344203066,22.572057942411732,-1.9961555627800878,,0.2147966891260869,0.6842105263157895,False,5
0.99442410919591229,0.071162428868052394,0.077824159279201013,-0.079589683718281928,0.99060921987046613,0.11117039063189824,-0.069182174695068183,-0.11674451689575986,0.99074948623717973,-6.2789642301984134,18.454471276453472,-1.6613084768569346,0.342194745128149,0.2948509709304834,0.87,True,5
-0.98974082015593634,-0.13886432601467483,0.033612614857286699,0.12337671340955164,-0.94932467928161235,-0.28906891893650671,0.072050645419118736,-0.28195629495961488,0.95671801081997754,-16.072886646297253,7.9255389188429595,-0.42509522911737235,,0.1269760871145009,0.25,False,1
-0.91172895652009045,0.39228806325469256,0.12190317990383995,-0.4018706401319993,-0.91326116098421239,-0.066738597810144906,0.08514868432737259,-0.1098368210831399,0.99029570043076864,-18.936688803767762,1.4146422727353409,0.1178109283916241,,0.08535973832536004,0.2682926829268293,True,5
0.4243069611488211,-0.90395437898350905,0.053198528524674972,0.90207627273754687,0.42708159938363199,0.062126529211387525,-0.07887966077885461,0.021628411510253562,0.99664949251527513,-3.78809445880621,12.25408006614725,-1.5695292919578003,0.2411924483041533,0.2115219922316073,0.5915492957746479,True,5
0.26174418705039532,-0.96399507272541063,-0.046941243128602095,0.96273391574274803,0.25735315039337103,0.083143030142296487,-0.068068994586107157,-0.066954131640533321,0.99543144225622038,-16.440130154706079,-10.740714005198113,0.23344053928868957,,0.1535446670445252,0.5185185185185185,False,1
-0.84185880030088223,-0.53708254873210926,-0.053066903088296216,0.53968286751198924,-0.83848849313863349,-0.075362121706743598,-0.0040203072019221048,-0.092083563796840739,0.99574316689017606,6.6349240839170607,10.062208344227479,-2.2390879720345902,,0.1803709621526258,0.5,False,5
-0.99623235180776926,0.051236268510157057,0.069971036870381587,-0.053467145980982303,-0.99810706484680944,-0.030389988541211423,0.068281516622066329,-0.034016641398611609,0.99708600561623995,-14.18630748348977,4.1439044566882375,-0.42105334957540291,0.636423875105137,0.3906831609172432,0.7002724795640327,True,4
-0.83702006679511876,0.52917602422041643,0.13917666173811852,-0.54579813685270173,-0.82547278784877309,-0.14387171483405936,0.038753084914789335,-0.19638587503037652,0.97976057610935707,0.65075594030896289,16.621777842025168,-2.1256703728818973,,0.2184160588059417,0.7777777777777778,False,2
0.9933778920250238,-0.09908015595540956,0.058167743052078197,0.075021070248701374,0.94281802140962179,0.3247553194698829,-0.087018404114648423,-0.31824094834118688,0.94400767801127672,26.692530594102397,-4.21154702419242,-3.2390100983298993,,0.4897323177892039,0.3571428571428572,False,2
0.64674063691826522,-0.75093563989567069,-0.13349986252066109,0.7581964621025834,0.61397444831264025,0.2194846274214069,-0.082853324699020847,-0.24316875118663545,0.96643897118889488,6.1399695302852386,5.2151979613959947,-1.9829145977222813,0.9248226438210234,0.5885924463508962,0.1463414634146341,True,5
-0.99576882559015756,0.043615044865367082,0.08088370567790959,-0.050938847621834614,-0.99456427667364788,-0.09081372895979814,0.076483199369261456,-0.094549602992377413,0.99257780188165901,-9.4005725382870011,21.028072505227854,-1.4941696583023802,0.6545234587344086,0.5741677366997229,0.391304347826087,True,5
0.72289795788805378,0.65973523569238968,0.20534838997953556,-0.6904140355535805,0.70145070695079226,0.1769049610068972,-0.027331337177313834,-0.26965964567235351,0.96256775008513518,-0.38051416628396328,-10.249504763435471,-0.95262820570098983,,0.3077426275724661,0.1538461538461539,False,5
0.038688511878681719,-0.997811687842873,0.053619349611592371,0.99820843158173167,0.041043377255723525,0.043535827804042734,-0.045641277017103667,0.051838950487075208,0.9976119471240541,-8.5799987782761313,-6.5603026704595298,-0.44161192226945656,,0.09227692925920725,0.3287671232876712,False,4
0.097268666392050465,0.98292386546047261,0.15620333301999334,-0.99433474556189394,0.089214816822835233,0.057785207688747786,0.042862807965365145,-0.160939091483427,0.98603315792412061,7.6487976076592998,-7.1130963273334373,-1.6810009781690682,0.234285501034119,0.2259611010326418,0.3103448275862069,True,5
-0.90039410803361097,-0.43445686225887703,-0.023188036883889276,0.43292178702327611,-0.88936801634212714,-0.1469804675058643,0.043233974359647952,-0.14237895330364078,0.98886756298163003,8.5662463646923257,2.4497874620056965,-2.0974676791118001,,0.2246424368766411,0.1538461538461539,False,2
-0.24412152166420747,-0.96956954578976629,-0.018427656860744615,0.96956722323791544,-0.24439627022409144,0.014486639474705944,-0.018549455061246108,-0.014330351620887249,0.99972524162359311,-11.759695932442746,-20.465116807792132,0.18373240815869452,0.531444119810603,0.4904689918412953,0.9642857142857143,True,5
0.73494217495303515,-0.67610850654577193,0.052319086878007161,0.6724925357264101,0.73658763701445085,0.072058603856381548,-0.087257027611336566,-0.01777471164080683,0.99602724398407949,-8.1021932096586173,-13.627575541545198,-0.36274352399935239,0.2194225429328736,0.1607960585040527,0.7735849056603774,True,4
0.83474336419715789,-0.55050137131615606,0.01231893290194136,0.54527069505067927,0.82951448556299279,0.12077080508182396,-0.0767032271013392,-0.094095475025076689,0.9926039776930401,-1.9144210323265554,-9.3762837545214825,-0.89079575437006786,,0.1335617579863041,0.2608695652173913,False,3
-0.9968499603830715,-0.015626367268628344,0.077755855922600939,0.0005195445489364585,-0.98166350137519198,-0.19062135279464801,0.079308805045417291,-0.18998049035041964,0.97857934104930056,-12.216351021825661,19.632159021854033,-1.2337626171110856,,0.2314615576745422,0.2380952380952381,False,3
0.36730985787956216,0.91927451234471813,0.1414844134803388,-0.92999884562145485,0.36076808353489298,0.070345838862872656,0.013624076014787212,-0.15741906128528405,0.98743790878049764,-22.719005897729254,2.1256994788710819,0.38951205847245812,,0.1024218078980821,0.5641025641025641,False,3
0.40093886572025,0.84904299319838783,0.34405525959601457,-0.9160059472595603,0.36603135970691442,0.16417718567517944,0.013458474656297223,-0.38098167857763077,0.92448462942771303,-15.198502021632324,11.586020760211888,-0.68436407136312982,,0.3252640955104699,0.16,False,1
-0.868064349675573,-0.49211496141347066,0.065476328358753194,0.49420822724076108,-0.86911716269847505,0.019838992678490191,0.047143535610615905,0.049580462442085409,0.99765688730853741,4.419401952308756,9.6484362576926159,-2.0435126762858484,,0.08687974226367093,0.5416666666666666,False,5
0.28157042565193852,-0.9594935718335782,0.0094963681599105482,0.95735079197004058,0.28158232885011186,0.064736799377813903,-0.064788552326178056,-0.0091366125774257484,0.99785718707542903,-1.1790702089670808,17.532277875289164,-2.0233519426083704,,0.1261237248660667,0.3529411764705883,False,4
0.0012084799678994534,0.97178096406339776,0.23588195662275624,-0.99820569319710206,-0.012949048999236164,0.058461236720652232,0.059865963995077702,-0.2355293612567827,0.97002164220233345,3.2379198174594785,-19.047806895786778,-0.92727360298233608,,0.3485788786777764,0.5581395348837209,False,4
-0.94343985328052338,-0.32797823991357844,0.048492446682101842,0.32766300837599194,-0.94468278079671164,-0.014539484453974877,0.050578613899749728,0.0021720518833373767,0.99871772088343203,-1.0778052538892708,22.278570578971351,-2.2802997686719428,,0.1431644047408221,0.3157894736842105,False,5
0.98885310429942352,0.12239421892688547,0.084789110684503483,-0.13231218159096264,0.98349675923737379,0.12340020734269999,-0.068286343583702724,-0.1332433103118458,0.98872806956063897,-5.2909973306390921,23.024631060061601,-1.9331284325495544,,0.1695711236878159,0.4583333333333333,False,3
-0.016501166737752329,0.99377712681026475,0.11015776742939273,-0.99849451366174413,-0.022142262178059813,0.050183925843194067,0.052310779803880145,-0.10916383308758146,0.99264638208273182,-8.7611905646586301,12.315809453755609,-1.1862148332886364,0.3474603395840545,0.315203015647029,0.7811320754716982,True,5
-0.36586342010813594,0.92560600521905034,0.096940605162184584,-0.92807547217640818,-0.37062961636871866,0.036188470745728021,0.069425325143751632,-0.076728160233445891,0.99463204938101435,-27.641489994521955,8.2866585125707886,0.51283328011176865,0.6443345702665088,0.4848235174528298,0.9358974358974359,True,5
0.63243854282461898,0.74226247048800065,0.22151278621091602,-0.77452092706609366,0.61030726169947203,0.1662599767038698,-0.011782320932312899,-0.27671550592972249,0.96087965203323256,-11.096335813951868,-7.6825244008650291,-0.21587085019268107,,0.6192341779945356,0.1388888888888889,False,1
0.083113528919910293,0.99053816516238391,0.10920753026791306,-0.99563479986741121,0.07786788010212381,0.051458124153349431,0.042467477008406009,-0.11300768383229159,0.99268614213728279,-24.726243898654118,0.34124481990635114,0.61189016199714541,,0.076192877619299,0.4,False,1
0.6051038767961977,-0.79163315718788141,-0.08465366339952321,0.79140773518052909,0.58650828276379985,0.17228415755920423,-0.086735776831928124,-0.17124537567539289,0.98140303969732856,-12.292876726030821,-7.5240800909422294,-0.14313916515819061,,0.1880072187213487,0.15625,False,1
0.19851427562005697,-0.97788565691791163,-0.065815836766453945,0.98007998450466671,0.19765542096923333,0.019379332671884388,-0.0059419145379605992,-0.068351858465587112,0.9976435821955274,-9.7596598816398092,15.320381088357831,-1.2470888393851309,,0.114087532507201,0.2,False,2
0.9503282141756112,-0.3075427474516762,0.04789304575477879,0.30023120509130141,0.94634833435485599,0.11952428018279562,-0.082082329591816675,-0.099208308894291442,0.99167545226002041,-5.3265396250264843,-16.732866012561473,-0.51606597066333637,0.3195921060510558,0.1927064030643032,0.6862745098039216,True,5
0.99611857578150487,-0.045966223184343437,0.075065899776087006,0.035840224126471379,0.99072523624139219,0.13106862557073815,-0.080394410984786113,-0.1278695139609328,0.98852725105674477,-20.324341207581714,24.843569400542638,-0.76774092226233603,,0.2229994769072367,0.6111111111111112,False,1
0.9234394282716526,-0.37976318773488743,0.055132055600722416,0.37411635929683373,0.92291156967690235,0.090946051387621851,-0.085419974360841061,-0.063357365775056948,0.99432855343806748,-15.68181583132119,16.5858467991028,-0.8461458320155083,0.2476995862912992,0.2288860298118351,0.6610169491525424,True,5
0.27433135209601395,0.9157803802455261,0.29340859635418381,-0.96144291773288348,0.2550961314893152,0.10273013014917093,0.0192308397750179,-0.31027771247149794,0.95045142745171474,-16.255127615135351,14.767165681899158,-0.72418974894243704,,0.2078076036917856,0.3333333333333333,False,4
-0.71276588313484024,0.68924792303172577,0.13000806296327949,-0.6955530013382426,-0.71846148837221768,-0.0043717336767665413,0.090392578060227574,-0.093543521007231067,0.99150329878886234,-9.9544576610134516,19.989677020782917,-1.4151742991981453,0.3730660641589206,0.3945299391585793,0.8450704225352113,True,5
-0.11754550446535396,0.94192770131385162,0.31457154969511947,-0.99136665798350487,-0.1298328900484205,0.018318572550583157,0.058096504357849472,-0.30970248006639906,0.94905698987053477,9.266048597003703,4.5319107604453208,-2.1861909161355539,,0.2905963507248821,0.1612903225806452,False,1
-0.99443369720437724,-0.014211036300667924,0.10440147657813348,0.0077978899173499162,-0.99807162719129239,-0.061581002822002247,0.10507528147604622,-0.060424113092271851,0.99262687439930963,2.9089496792798033,-3.4695592485843578,-1.4303727650657843,0.370084465920584,0.2251666752146849,0.3859649122807017,True,5
