axis_00,axis_01,axis_02,axis_10,axis_11,axis_12,axis_20,axis_21,axis_22,location_x,location_y,location_z,dbh,dbh_approximation,score,reconstructed,number_clusters
-0.96476682926559765,-0.26298800449416682,0.0078914283233810934,0.26235896194092029,-0.96385252405098487,-0.046433683569475317,0.019817674891108181,-0.042727290725291328,0.99889020337031464,-6.8947243175458581,13.827212297786534,-2.1269651055407324,,0.1452376479194777,0.3333333333333333,False,4
-0.67721567411120054,0.73505032867931808,0.032862517349366627,-0.73362228864489454,-0.67797328360866149,0.046374177257560621,0.056367263030399621,0.0072966445243563445,0.99838343868332757,4.4279749897308767,-3.271893695715101,-0.92694527092834256,0.6153269628927909,0.5253146878547775,0.987012987012987,True,5
0.99404375286174185,0.10671087600587068,0.022131568823830845,-0.10898096429049754,0.97256294061246895,0.20553461015006863,0.00040843464296677102,-0.20672231492823179,0.97839956954807339,18.357951472194575,-4.3685676227181665,-0.61789013258339709,,0.2144855186465014,0.5111111111111111,False,6
0.89668872864425508,0.43948467838655519,0.052939034613551386,-0.44049332843046252,0.87406993114396503,0.20485942272259783,0.043760159170201457,-0.20701442687274108,0.97735872408033886,29.109608990750317,-2.7127039367162906,-0.61588215603034679,,0.3316741890147687,0.2941176470588235,False,4
-0.18302211485974307,0.96499145449404877,0.18786803407106584,-0.98065064326887463,-0.1927051928315501,0.034482234731780532,0.069478207580575088,-0.17792189693574909,0.98158880253504088,0.63014915590513887,15.471007524303467,-2.1482696950208862,0.8768934412036004,0.5172205993806839,0.1176470588235294,True,5
0.77283792596423861,0.61973865587749055,0.13654866752354153,-0.63242374129739132,0.73432417213576096,0.24659323117340176,0.052552370400425361,-0.27693322052128355,0.95945100955546769,19.363156045856588,-0.39314162383573509,-0.8806206343940105,,0.4897271166861386,0.3380281690140845,False,3
-0.23704886346646817,-0.95865428480731429,-0.1574477645120235,0.96706966662648153,-0.24830494967348254,0.055865122022569269,-0.09265039784157976,-0.13902019345486163,0.98594588573185449,6.2226323199323446,-5.731677069835178,-0.70252198035157487,0.7398017205163194,0.6048070683396956,0.12,True,4
-0.59414266657604808,0.80206932746248127,0.060657115805057969,-0.80181110010571688,-0.59657200769012098,0.034652552400077218,0.063980086754903895,-0.028046988866245265,0.99755697326737858,13.070274597422294,-15.843237884129206,0.039172903599565961,0.5499898550693895,0.6178391069503745,0.9047619047619048,True,5
0.59819086589260773,-0.79637815555706593,-0.089160088123428946,0.79688296748429555,0.57942396582062983,0.17101287660909376,-0.084529427397064205,-0.17334849634253879,0.98122631167315599,-12.699968777140032,18.771323619119521,-2.5288798488149222,0.5573102774868391,0.5345834184961876,0.2272727272727273,True,3
-0.96725797102733713,-0.25217408422149035,-0.028639984831222341,0.25255782809971555,-0.96752349380272751,-0.010622259896962638,-0.025031199524482142,-0.017507717921443428,0.99953335055092052,-2.8259754718772458,19.339465854220695,-2.4264631300303137,,0.2583499176151139,0.8333333333333334,False,5
0.59390843983794483,0.80251053996781052,0.057005248265690915,-0.80210673041160441,0.58513116858265801,0.11935790121102233,0.062430426217233784,-0.11661195819326485,0.99121344476791107,7.5027478748885423,-11.142194435637272,-0.30160881327576405,0.7767379251110852,0.6997926569695045,0.2452830188679245,True,6
-0.59431482268245117,0.79514183235818159,0.1205792601320836,-0.80187274445799839,-0.59734988268970679,-0.013161282080095843,0.061562920945361456,-0.10451116727253469,0.99261645295653245,-3.8496907296061229,-3.3559221601381655,-1.033777131601771,,0.08085225487141717,0.2857142857142857,False,2
0.46357948607581867,0.87539156137116736,0.13705354563027572,-0.87993043383551117,0.4366786548584905,0.1871742076276238,0.10400236391414103,-0.2073677088438059,0.97271894277285542,-8.0366471211751005,-17.305686094499585,-0.050170379925770711,,0.4544338287183631,0.55,False,3
0.13440647716164836,-0.9445510651604806,-0.29959670258732329,0.98770554960912915,0.10334340132104942,0.11729402659438849,-0.07982885548674655,-0.3116784026967514,0.94682835145768529,0.10438783584854992,-15.735906196087285,-0.062057312105068152,,0.6425540203020175,0.3166666666666667,False,1
-0.36187792487620196,-0.8873597452135259,-0.28572198036182056,0.92899230333911698,-0.36877138301512979,-0.031320399195907803,-0.077573628405383607,-0.27676768171825106,0.95780059643556725,2.0856367143157279,-21.674524337629002,0.34568497663862502,,0.2869308001703613,0.2666666666666667,False,1
-0.31677015516309942,0.94349228495337389,0.097360038164571366,-0.94549603098188928,-0.32226425773313055,0.046722623911850343,0.075458095625583713,-0.077253196834663571,0.99415190961109379,-30.787407533869381,1.1855467431377429,-1.4655329132432042,,0.07858282625455573,0.3333333333333333,False,1
-0.58048156075198087,-0.80941144967740286,-0.088849663803921952,0.81077420319634408,-0.58464084827937035,0.028987410276059042,-0.075407884589600349,-0.05521035821568307,0.99562315525876455,-1.7865784083781968,-16.661423491766104,-0.027907405277058144,0.1382488595024518,0.1297994445338512,0.1304347826086956,True,5
-0.99483655365544077,-0.10115855983953373,-0.0081961748491340761,0.1005761694153304,-0.99347146335407732,0.053841300567947441,-0.013589174246616154,0.052738954031159371,0.99851586721042906,1.1680922417617423,1.9314655948840771,-1.3453681374162121,,0.09469598820361598,0.3081761006289308,False,5
0.9198808531052638,0.38745226234114066,0.060827300589997829,-0.39060166046514966,0.89107277184400902,0.23112693075473573,0.035349100868368406,-0.23636848285033321,0.97102027856416651,-16.794055143361362,0.70564827632049243,-1.4165985815557951,0.464550843600349,0.3469759742414139,0.6715686274509803,True,5
0.065836850178127432,-0.99722875729584637,-0.034645559323029124,0.99455870455499162,0.062772055412841643,0.083142361363777631,-0.080737180731808036,-0.039930873787457709,0.99593525540872907,-18.503149065240752,13.596498532376394,-2.2775991477499704,,0.09111324162123449,0.2307692307692308,False,1
-0.69082845413380456,0.72291431920346783,0.012285521954087606,-0.72092353081774907,-0.69001975868440113,0.064358335422780688,0.055002815131299385,0.035603647505664679,0.99785122669259896,2.3619183024824251,16.147047727971596,-2.156520041822779,0.2663920889672003,0.2586352467257777,0.810126582278481,True,5
-0.95332466079748701,-0.29031581053065791,-0.0829989233140003,0.30058666889649566,-0.93853605559859599,-0.16969892994105087,-0.028631199714030654,-0.18672654470469985,0.9819946292651397,10.211165720049362,6.1835967334417141,-1.41847410994939,,0.2017600081059421,0.1764705882352941,False,3
0.95412068947107309,-0.29228378233510915,-0.064991541812201584,0.29941111707513807,0.92946337518804034,0.21552451636849881,-0.0025870630186864384,-0.22509559028985837,0.97433325014442485,6.1548409121822125,17.656224078186401,-2.2195818658491575,,0.1729819292540987,0.5384615384615384,False,4
-0.86104779783442786,-0.48569099447417913,-0.15066833685670444,0.50646850019822554,-0.84567493625308132,-0.16829605016252541,-0.045676560197138116,-0.221219709971851,0.97415373107560776,-23.230283025198418,15.030980722107211,-2.4161612733643745,,0.331239315111389,0.1428571428571428,False,1
0.95645712472540589,0.29160426186807403,0.012518906597059627,-0.29046025571119499,0.94673733314413722,0.13900094202312285,0.028681150852038893,-0.1365846861529654,0.99021311599791473,6.7240566632842711,-3.0946615850718775,-0.90478048868359728,,0.07028401450976778,0.3255813953488372,False,5
-0.44459627318864758,0.88648556829002623,0.12836468003416854,-0.89443409204232194,-0.44707925071628746,-0.010382609083950056,0.048185151853993372,-0.11942981534136354,0.9916726830705459,-5.158232870260985,-11.155396032740512,-0.48277818075165896,0.4744048232866547,0.1819143224206914,0.2058823529411765,True,5
-0.96966208145358235,0.24378341105192267,0.018030426700331073,-0.24314288463282138,-0.96946822793305321,0.031825974938356344,0.025238570552572268,0.026476471143937013,0.9993307815894733,-5.1945048619812191,-6.8834023882544342,-0.80704743967959669,,0.07685738517547795,0.2833333333333333,False,5
-0.24535056445916448,-0.95070220675044292,-0.18965340650620835,0.96727904287079325,-0.25311296348958839,0.017466566247615473,-0.064609238832642746,-0.1791623336344946,0.98169572906482094,7.6749421103114841,-8.4866911586094265,-0.49139871598384643,,0.4304072752475173,0.2439024390243902,False,4
0.82873383987392002,-0.55299261875840511,-0.086019685226972911,0.55819221190294721,0.80570304415291838,0.19815160663899262,-0.040270053622033994,-0.21223046021115832,0.97638955060971289,-22.945586192320508,7.5521830538091184,-1.8853886690356902,0.479788499629252,0.3849989704492348,0.6382978723404256,True,5
-0.74851448176730362,-0.63938890806536319,-0.1758064129308409,0.66094571837877225,-0.74080848419866219,-0.11980628988517736,-0.053636069406654364,-0.20587523887603637,0.97710723980346237,1.7194820290285271,-8.4253133244343044,-0.56989177925663981,,0.2818440290216138,0.3,False,4
0.86025087359970365,-0.50749986993903151,-0.049115338569661743,0.50933381370619168,0.85092752635232705,0.12845781841295523,-0.023398732582187165,-0.13552205321561347,0.99049799212606748,7.5732548388553322,13.261200677017275,-1.9081515331004453,0.7156924419067211,0.3106567883946689,0.3,True,5
0.98244096421118809,-0.18253611826576155,-0.038604628844985278,0.18636886192743349,0.95043127950177586,0.2488916034109851,-0.0087406603677520692,-0.25171600758212764,0.96776167127203905,-11.484888274010702,-0.72638166894149092,-1.3323115687606129,,0.1369884285382709,0.3287671232876712,False,5
-0.83922248686234824,-0.52477751038995435,-0.14252782932991576,0.54162720514092788,-0.83000851594272607,-0.13313840210015165,-0.048431272911247297,-0.18892969076213387,0.98079558713970638,-31.33532443842617,2.0238021929998378,-1.539262270158211,,0.1276491773221393,0.2,False,1
0.78049887711723231,0.62465843451019543,0.024966838286233521,-0.6228489091815782,0.77356789463098907,0.11684155394163966,0.053672517642249166,-0.1067452696443757,0.99283669767917604,-4.8997970804424487,12.545411514022001,-2.0484566004319418,,0.0847547938105262,0.3684210526315789,False,5
-0.84757038344315427,0.52001508114635986,0.1058714337787571,-0.53019304142741297,-0.83833629435869361,-0.12683688888838285,0.022798770404880805,-0.16363548802530342,0.98625739192502204,-17.670527502670573,9.9458243285946182,-2.0252766844612768,,0.3304157031796027,0.108695652173913,False,2
-0.62632864252251041,-0.7743456685415121,-0.090006761784380079,0.77953708252616394,-0.62125407644818698,-0.07978288953847934,0.0058624672714004018,-0.12013391739018212,0.99274038568499012,0.57320188750748224,-11.459525423299336,-0.36820691196408223,,0.2968468041274095,0.25,False,2
0.9783644040138646,0.20688520248011641,-0.0012672621501114371,-0.20582785296341879,0.97394727170568851,0.095192472819628365,0.020928160527508718,-0.092872089089282447,0.99545807905964978,-0.96979462241986814,-6.6741924055191779,-0.74548479768454401,0.1171096989588889,0.0978019345116225,0.3711340206185567,True,5
-0.81127539887277511,0.57916899990683313,0.079971849614346974,-0.58278156626052458,-0.81203047707125631,-0.031179325431435659,0.046881480466714628,-0.071901139450972207,0.99630936607807841,-7.9264694293411635,7.8026172002761651,-1.8320007815937447,0.2378540746377918,0.1728941351183883,0.1666666666666667,True,5
0.826244302780485,0.54034012802500342,0.15922593434712187,-0.56109283010341304,0.7643629462632392,0.31768557157403937,0.049951858116929745,-0.35182642371729878,0.93473150125849658,-23.760887361400652,5.1708578246075163,-1.7286046846686034,,0.5196999764488979,0.1785714285714286,False,1
0.6112120792982918,-0.78135325050481719,-0.12612252790606304,0.78872981033931733,0.5880740277667853,0.17909278083790914,-0.065765343471799881,-0.20894026847811592,0.97571455037133159,-1.8782215715339843,10.467133082128383,-1.8833769085303169,,0.1441311933938298,0.28,False,5
0.62786574521827176,-0.77689571828865711,-0.047091919543127504,0.77612563588552708,0.62040531102836183,0.11281067045758095,-0.058426049864690681,-0.10737920167590181,0.99249992631972306,2.0926108765064697,-10.682673686169887,-0.4093686458560053,,0.07596710079442623,0.3448275862068966,False,4
-0.65865943080737688,-0.74148022348225218,-0.12796418402511028,0.75000227810477404,-0.66064248710246265,-0.032374172927232825,-0.060533767817248431,-0.11729698384776187,0.99125026130340355,7.0266807770915634,4.4529348979062906,-1.3758933505279038,,0.1792899510978865,0.4375,False,4
-0.3088248770543725,0.93726901836101151,0.16172192965995102,-0.94810991476872841,-0.31687955560020192,0.025979545027844608,0.075596195867165983,-0.14530703514697785,0.98649433891290461,8.1499246536305598,7.9525309931268344,-1.5889131949710433,,0.07552602144530979,0.2727272727272727,False,5
0.8955414406607165,0.44465249985132232,0.017020059791269828,-0.44279440604693832,0.88670977896422043,0.13296195644906345,0.044030012864724015,-0.12660932929762039,0.99097499247051601,-6.7736232091019533,16.318189394627545,-2.2747914712815316,0.555899008814325,0.5191749739013664,0.8967136150234741,True,5
0.13913263134134582,0.9883291541977236,0.062028975961611964,-0.98687759635607697,0.13319999498571281,0.091270866908663817,0.081943399407677059,-0.073913762579232614,0.99389236590029995,-0.34573392770229477,2.7357616640764064,-1.4495780168002121,0.4900004576360945,0.4258341677702823,0.9292828685258964,True,5
-0.98039649056449785,0.19702907475826237,0.0015049879471426414,-0.196672972147209,-0.97903016471496751,0.05310064599389,0.011935799747027269,0.051763696526507211,0.99858803137545771,1.7436194703771137,-5.9186025965743996,-0.75603962391647228,,0.06541475296056978,0.1395348837209302,False,5
-0.77237995798527836,-0.60180278285762279,-0.20313200399612269,0.63272987038237494,-0.756967985295667,-0.16325556763345789,-0.055516768895200568,-0.25462301502857176,0.96544549747212405,-15.674295463470921,-6.0291163060576265,-0.97677694843170859,,0.4468796478225548,0.4516129032258064,False,1
0.96597644934297633,-0.25838920653649322,0.011158730222487664,0.25330270855888992,0.9539100110570915,0.16091435188257891,-0.052222956173189929,-0.15261293769042572,0.98690529135172433,4.9488613475593191,-8.5800527970145986,-0.52571116936586459,,0.1514018835146339,0.1935483870967742,False,4
-0.56372685537265088,-0.82497751657983975,-0.040300492173465596,0.82294177936636248,-0.56516531597313047,0.057922304808404108,-0.070561039568507053,-0.00051259999299413037,0.99750733177067918,-8.9761622627738369,-7.5669424959775036,-0.81345441554166098,0.2358953354704749,0.2037545398571604,0.5641025641025641,True,5
0.958468176699939,-0.28433967450677539,-0.022129251114226766,0.28458359667523792,0.94841835819006159,0.13969536266982793,-0.018733145941914289,-0.14019118142540282,0.98994722177178196,-13.399315272974928,-17.500399105352678,-0.12764524105008399,0.3680782098607416,0.301391535591247,0.7435897435897436,True,5
-0.077753407835485552,0.98909355418040423,0.1250933597308248,-0.99390981443152593,-0.086729610569415666,0.067979816321968894,0.07808769651270149,-0.11904585557361667,0.98981331367287995,5.3998620011842453,7.6604611964459011,-1.6296202248537826,,0.08740390147086825,0.3636363636363636,False,5
0.90255838531347721,-0.4295116930714295,-0.03013414367858705,0.4294923926550811,0.89315443026928165,0.13345953821952042,-0.0304079882882963,-0.13339741078922107,0.99059602515000511,-16.218013935638186,17.108290497130113,-2.4805392331677352,,0.7497573562023985,0.5526315789473685,False,1
-0.9244902642002425,-0.38111231433775111,-0.0084353576741003633,0.38117032301387976,-0.92387696328867708,-0.034066722149161857,0.0051900146879665099,-0.034709660969489263,0.99938396183995404,20.810575402542511,-8.9979694228698079,-0.30211917369370844,,0.178696245309031,0.3571428571428572,False,5
0.81392259326246053,-0.58049236850353059,-0.023635191686842319,0.57937340342111476,0.8079920869901861,0.10712257824324009,-0.043086791307158354,-0.10088308812881504,0.99396485397847367,1.9639072022451693,8.876367180478768,-1.742117998172396,,0.06360240527656677,0.28125,False,5
0.25546404415792423,-0.96393430490919563,-0.074624245133221467,0.96443872250226825,0.24866266224971306,0.089581420735981701,-0.067794341066714711,-0.094855343666606695,0.99317993893212453,-9.7547887790582255,21.48062361758641,-2.6614676775581416,,0.2308084020679207,0.3103448275862069,False,3
-0.33693524673776348,0.92405265882806609,0.18055836513035212,-0.93759364103336318,-0.34681263968751214,0.025281559421496527,0.08598141543127262,-0.16077212652000078,0.98323929922205278,-15.266565646762109,-28.810751714714161,0.71201382969622462,,0.5160814308786986,0.7272727272727273,False,3
-0.30557446514908099,0.91980319516008635,0.24614290244114384,-0.9486296984812026,-0.316356456713484,0.0045041597611111261,0.082011837001234461,-0.23212211111608264,0.96922308274344027,3.9372513442040598,11.083507097512296,-1.8270190519870873,,0.2376373752309922,0.3157894736842105,False,2
-0.22927197840559352,-0.973047177397934,-0.024769951067743212,0.97007436946895931,-0.23051341368966249,0.076284230405370954,-0.079937961053471257,-0.0065388582376304429,0.99677839348350739,-7.573661965944682,-0.25386943602365331,-1.3488381970237002,0.42046473518714,0.3333912936573718,0.9712134632418069,True,5
-0.18082331124720441,0.98285029080132535,0.036169544942501158,-0.98080752324515785,-0.18293064021425612,0.067475797264664225,0.072935124976216514,-0.023274164701517344,0.99706508353374346,10.020395900245264,11.1702506401011,-1.7390644752989093,,0.08018760073667598,0.3703703703703703,False,5
0.98063012000533989,-0.19450993160908886,-0.023031592297097628,0.19530862095607252,0.96215583799313265,0.19002811896129956,-0.014802375436036044,-0.19084556563137681,0.98150846137987535,-9.8173234406049499,16.476920831722794,-2.3424362072197127,,0.1195507166275165,0.631578947368421,False,5
-0.99737608858275473,0.072039926971271623,0.007154498259142052,-0.072248814688351842,-0.9967614465262491,-0.035309028520047303,0.0045876681979412012,-0.035733284775894589,0.99935083212034792,-9.3077555589854271,9.1781503676009919,-1.9026887784192987,0.4945833787488733,0.2744395325780756,0.3333333333333333,True,5
0.41470319326455396,-0.88792005357846016,-0.19904582374269153,0.90940854557652451,0.39682475643367116,0.12452393309620427,-0.031580986820749272,-0.23265444576577993,0.97204657817248941,-13.462012112224047,-5.5700090737883263,-1.0016985454398384,,0.3579038564976639,0.2666666666666667,False,2
0.85239867177689554,0.5196839676089503,0.057836650691448652,-0.52188609443488787,0.83867885212221227,0.15573274362981232,0.032425434283670826,-0.1629305275667787,0.98610457579220645,3.0313900472431756,-2.7827054579594379,-0.97677243747954545,0.5685482625679468,0.3120898347814145,0.1686746987951807,True,4
0.88208557037786361,-0.46739302791332432,-0.058896553287725223,0.46818466907339579,0.8559070141434495,0.21960486967433196,-0.052231811913759543,-0.22128475003501669,0.97380947686195074,-1.4031245151834122,16.255152418420717,-2.2150691689716493,,0.1857570784641425,0.2857142857142857,False,2
0.41603766627052874,-0.89391392433650074,-0.16682492655921732,0.90927231868851999,0.40658577342194752,0.088948633028725591,-0.011683779823936393,-0.18869526949076634,0.98196618300266958,-3.5682339711899194,23.450738426691341,-2.6930673032779198,0.5634165588355331,0.254880315039286,0.5769230769230769,True,2
-0.99609701057093358,-0.036283304774116329,-0.080462831955626632,0.048850044766764765,-0.98587847494957515,-0.16017898038565032,-0.073514751294797342,-0.16348441646153936,0.98380304274600383,-19.391382753484631,-11.1893187560214,-0.6077702793789802,,0.7358077184351465,0.8205128205128205,False,2
-0.35256789874789091,0.93317120937605036,0.069909732971433131,-0.93283641048336619,-0.35640149835364976,0.052860223682676205,0.074243572442373784,-0.046577526371777631,0.99615180870592257,-18.80377032043452,-0.39062213052071859,-1.3536992282491511,,0.6155687595243338,0.3823529411764706,False,1
0.54080202680869949,-0.82907145729991494,-0.14203410326466434,0.83858991966808172,0.51825020469490801,0.1678799331807288,-0.065575257762989211,-0.20989817537149008,0.97552172786926483,-2.3057263717372134,-7.8854163354164113,-0.67673262999047379,0.5870756766319344,0.2631073676251581,0.2758620689655172,True,5
-0.89542417211946412,0.44197331479850283,0.053620341198051022,-0.44458184948080215,-0.88122807623552468,-0.16057414725436281,-0.023717738011902703,-0.16762060332864795,0.98556623432590185,21.187796339289218,12.603924287492866,-1.6886697420035188,,0.6033445930917218,0.21875,False,2
0.5876152932212203,-0.80339576356273423,-0.09624715196820563,0.80733892020923193,0.57421120421352445,0.13596087992891961,-0.053964201911370149,-0.15759676406927214,0.98602795339024929,-27.952749913775026,21.302346580333555,-2.8147330781802644,,0.3849329326742667,0.4,False,3
0.9151558285338306,-0.40269246746247378,-0.01812694540023229,0.40211730275427338,0.90886225081468897,0.11077492437228739,-0.028133331231595241,-0.10866547608620848,0.99368019502291138,-13.294381126310862,5.6379441712047633,-1.7396256838051045,0.2398154707624244,0.232144237662361,0.8421052631578947,True,7
0.40013825486992166,0.90685595120564766,0.1322938424589557,-0.91325749605251838,0.38251830429456185,0.14014454246776425,0.076486096079872917,-0.17689553595982693,0.98125320201462163,-14.213154201189003,15.199843375004811,-2.3228839103860546,,0.0709716303677772,0.125,False,1
0.88638253063229822,0.46287808427892663,0.0083599332625755099,-0.46103515574674858,0.88092332782642413,0.1068675612933636,0.042102191812958066,-0.098579762555457737,0.99423811828910258,-4.2290127986468748,-17.311385273502474,-0.005744943768651172,,0.0833068025511268,0.3529411764705883,False,1
-0.36116811377821256,0.93014461095841738,0.066246481377528199,-0.92958073168948707,-0.36474512483453309,0.05329781591284749,0.073737757367083948,-0.042331980989035081,0.99637881677804541,15.39601196951622,-4.4278288818227347,-0.65577521084431067,0.4362018032155622,0.3682764559183471,0.726027397260274,True,5
0.49178981527955473,0.87061920166581697,0.012844581662237732,-0.86665056890563863,0.48801800441127768,0.1037073709336435,0.084021241378806469,-0.062133992799518013,0.99452491066637183,-16.745387739206219,13.228124472425637,-2.2151538140080143,0.5138722714547375,0.4572321019448545,0.9663865546218487,True,5
-0.20512765792350493,-0.97808611714928428,-0.035639744592999165,0.97533303024804341,-0.20731260796779274,0.075808724331450403,-0.081536029226269471,-0.019210154018877157,0.99648524621320123,-2.7822674663403304,6.269144915373615,-1.7170499470105614,0.1269170872573916,0.08515043485384322,0.244047619047619,True,5
0.43732983009412391,-0.89700952222166641,-0.06416024277933105,0.89675027060482926,0.42960818918315796,0.10618736251048713,-0.067687309593530753,-0.10397461627929112,0.99227400816990241,-11.055178337722005,5.3786439327192843,-1.7194444793244867,,0.06812072078617319,0.1703703703703704,False,5
-0.96035070118925769,-0.27530134555734298,-0.043996589181626258,0.27640194526315459,-0.9608092741571409,-0.021154274943180826,-0.036448530560840582,-0.032476265609579461,0.9988076875915658,2.9483738278666314,-5.0393277450377374,-0.80131597765983709,0.1183912303727918,0.1318190447534614,0.2911392405063291,True,3
-0.99529543895169748,-0.096728550044107076,-0.0055296300341430848,0.096023425611246896,-0.99242250797148213,0.076662033663849549,-0.012903136666375397,0.075770398428149616,0.99704180242666374,-18.52414122512916,26.195699982135149,-3.0313848479828116,,0.1492928469318201,0.4545454545454545,False,1
-0.93775759137129766,-0.32886106255704683,-0.11162930331841145,0.34502893057870387,-0.91883432739775084,-0.1915685669916658,-0.039569393339042108,-0.21816021710975261,0.97511044645281442,16.524076729896155,15.387504851197551,-1.9168125179955873,,0.6226078750256554,0.2272727272727273,False,2
-0.94148459175863441,0.32380288328385176,0.093586624354886294,-0.3327520994931632,-0.93714589687398953,-0.10504098369273995,0.053691747633787756,-0.13003561338845099,0.99005451137132827,-2.9444116716697653,21.986665042524145,-2.5914887976150953,,0.5658914483232391,0.7,False,3
-0.15662076923925428,0.98538281036180209,0.067012324884176189,-0.98405410090894796,-0.16148112819428528,0.074574605070254596,0.084305759750967657,-0.054263821101899389,0.99496129401712652,15.418312762041245,15.437425412481288,-1.9409005349516726,0.3375910452846217,0.2862567459666582,0.6530612244897959,True,5
0.98126949299697819,-0.18279852294461935,-0.06078554205334253,0.19213872907167023,0.95146478327476636,0.24041105419390624,0.013888516989817879,-0.2475872900557852,0.96876604136326727,-9.7263935769191541,10.446410187375395,-1.9818726161109312,,0.3250552554225371,0.2982456140350877,False,4
-0.96368926820750034,0.26662192479880098,0.014688211541027925,-0.26571232265870881,-0.95204564966490346,-0.15167742924194569,-0.026456680234028047,-0.1500727495940346,0.98832090633573055,5.3766712045181411,-12.967706778732001,-0.20191973504468241,,0.2742274522822622,0.2380952380952381,False,5
-0.2599513305649771,0.96375651545017604,0.059989037872215413,-0.96182208779508149,-0.2639340853364458,0.072367603436384043,0.085577901160346193,-0.038886726847985775,0.99557232048105981,14.253046098100262,1.5663090924336853,-1.0689327713175134,,0.07951280590386231,0.5714285714285714,False,5
0.52647250271099233,0.84039740224688697,0.12868142906382146,-0.84865994304481629,0.51038653978793558,0.13885921314218469,0.051019652687888335,-0.1823123317276735,0.98191609047801287,21.701663756835199,-4.3312899534901277,-0.59703628877842974,,0.4051423626056511,0.4126984126984127,False,5
0.61438931927890972,-0.78174153850906725,-0.1067985548847678,0.78678130484299447,0.59686995897966211,0.15723050091242344,-0.059168764610670617,-0.18062784679304961,0.98177015551367908,-17.474276472106062,5.6116653910380796,-1.7475646553648605,0.1282159964311657,0.1018286003876112,0.3888888888888889,True,5
0.62236201748663778,-0.75590570124302348,-0.20315533470291719,0.78179820552614143,0.587661302288914,0.20843646424798801,-0.038171783113535238,-0.28854941452096267,0.95670379447012877,16.717940234117378,2.7358549948374251,-1.1181595743819026,,0.3568087083705646,0.3333333333333333,False,4
-0.10663320180917223,0.98402679833506346,0.14255041364502596,-0.99105516240149905,-0.11675770631716287,0.064632059327341299,0.080243537741441578,-0.13438339991977732,0.98767508649187796,-14.36995516655317,-7.5092858222629157,-0.861061355364379,,0.07385146485477861,0.1428571428571428,False,1
0.98516843215489869,-0.1713993831968372,-0.0080877515542804937,0.17139977849941523,0.980762697472363,0.093416525182040244,-0.00807936976573107,-0.093417250475911096,0.99559426529973072,-6.9540245358639314,-12.551783004302523,-0.40903806211610638,0.4086392032942039,0.4103740904359894,0.9142857142857143,True,5
-0.99998704559268814,0.00060056143270761767,-0.0050545002494969734,-0.00068535070323769284,-0.99985880269475891,0.016790025855148355,-0.0050437031256996435,0.016793272455615186,0.99984626171177471,6.2047037312719517,26.416839403121404,-2.7650709953029127,,0.2651826862405793,0.3333333333333333,False,1
0.64493228940090508,0.7548239137644086,0.11959599197920034,-0.76272136209008179,0.62586131501635267,0.16295317786853178,0.048150450668285508,-0.19631218397079514,0.97935849438551281,2.7031601619553456,18.80035309405844,-2.3410992943210047,0.2517498124374496,0.1808713915577549,0.3478260869565217,True,5
0.88880523182367577,0.45820678013965438,0.0084738726042116828,-0.45634154611435634,0.88318339298408366,0.10834891622476348,0.042162224476667481,-0.10016806372877696,0.99407681083304977,5.0558902017992944,-5.5404296300022677,-0.7396929663395243,,0.08779389487249159,0.3529411764705883,False,4
0.96531970875369122,0.25848933927658635,0.036621324007246769,-0.26077554371916234,0.94802795586135102,0.18231596392890315,0.012408694116029741,-0.18554313888070256,0.98255776823789465,-19.6421179202414,8.5673585990505678,-1.9503084688737584,,0.1711047698588293,0.125,False,2
-0.36734555917211492,0.92505557148828921,0.096588973568414796,-0.92867501495812599,-0.35909045296133368,-0.0928265219888596,-0.051185513077922441,-0.12379917709943797,0.9909862799254342,-11.36964253779213,-8.2259193180760271,-0.80058246755903351,,0.3756844252197792,0.3235294117647059,False,2
-0.99762407436536527,0.0675570372924683,0.013500109588965213,-0.06858913356509988,-0.99234746390527273,-0.10267444490994158,0.0064604182092884623,-0.10335645888399911,0.99462339878142991,3.3924735764749885,-9.6031922508370045,-0.4790001910029616,,0.3531456699989717,0.103448275862069,False,4
-0.93858809212743388,-0.3215208146947976,-0.12520686496584951,0.3407971237707984,-0.92058744197295572,-0.19072514808289015,-0.05394176254196794,-0.22168249231656248,0.97362577967830233,-14.137665596762332,18.401769975249493,-2.5286132797837211,,0.2626657018018786,0.1904761904761905,False,3
-0.91296652308849535,0.40324622665671844,0.062326626788425994,-0.40676006378129698,-0.91149803515595251,-0.060971980609744028,0.032223876742882726,-0.081017359830830429,0.99619165283277844,3.5664381682807313,2.5791032544527788,-1.3333697909417219,0.4528250656948861,0.3745285860560691,0.5,True,5
0.94997494648352587,0.31229807451513214,0.0041849382029600299,-0.31082889391536395,0.9440256830895315,0.1104577221143665,0.030545044785907381,-0.10623286836701774,0.99387201284548832,2.960411355907631,11.315898309629922,-1.8585615582877197,,0.08109502308266708,0.375,False,4
-0.74681216326508271,0.65815358133252067,0.095422514002221862,-0.66171763366063996,-0.74971156556516627,-0.0078956798561349711,0.066342792388399435,-0.069039349917308201,0.99540554652920521,9.8557717509196561,3.6130269044087751,-1.2722085379535721,,0.1486226224678355,0.2307692307692308,False,4
0.91072653079536003,0.41234826427115689,0.023368676856269383,-0.40798477930316129,0.8894049114528928,0.20617304222527094,0.064230880130972862,-0.19730132395915814,0.97823646507455675,8.1081263502547483,1.6004585355489094,-1.1584682780045743,,0.1490172394093299,0.1176470588235294,False,4
0.56519786596199595,-0.82408853198024123,-0.037808250034303513,0.82261532936057957,0.55955289832568045,0.10101769090766363,-0.062091804716813748,-0.088196629379935748,0.99416596318372685,20.437291313049425,-5.0281523933994503,-0.55981189373209317,,0.1123480275801781,0.2777777777777778,False,3
-0.99681133770016728,0.079740260597056301,0.0029407264947076388,-0.079663554167516304,-0.9966100869682184,0.020543921013279273,0.004568935302924548,0.02024414466245052,0.99978462652567512,-3.5941241506678798,-12.265646798449469,-0.35475259889831134,,0.129265205095831,0.3333333333333333,False,5
0.068016051263496941,-0.98017503949789742,-0.18609327960948965,0.99304024736595076,0.048535250205756615,0.10730981594819543,-0.096150319198078177,-0.19209690635915766,0.97665443975100441,-5.8892523970139727,14.695267594096162,-2.1696005884450065,,0.2304980075899699,0.2564102564102564,False,5
0.37965742210351294,0.90994782243523054,0.166898778566822,-0.92241238366516176,0.35852162742956784,0.143588429639746,0.070821157169797089,-0.20846391320954391,0.97546253674167005,7.1885165861945977,16.852221222583452,-2.15132548906994,,0.4198099253616798,0.375,False,2
0.652829121323524,0.75734826312734227,0.015419036609086164,-0.75462128787886162,0.64843449422889143,0.10039630757238635,0.066036733959235747,-0.077177166520407195,0.99482804279728532,-15.237214418347328,-7.4907379473091886,-0.86177255440858791,0.1153022801006003,0.09972958994728778,0.3846153846153846,True,2
-0.037640807755880683,-0.9935517289980631,-0.10694920007389257,0.99546650690439498,-0.04663637743002734,0.08289440229453103,-0.087347599984477817,-0.10334413435296996,0.9908029000117976,1.8187363869225435,17.159250145853004,-2.2379125955591754,0.2857155218329948,0.1864715024439123,0.5666666666666667,True,5
0.99959775335012768,0.027054693478862503,-0.0085073531808172037,-0.025929270552217179,0.99333418540816287,0.11231593399038574,0.011489317908748639,-0.1120501658199021,0.99363612852679883,12.02152504692172,-9.4992434655293181,-0.3501812082006851,0.1620243975782135,0.1154665351293586,0.6956521739130435,True,5
-0.48837106160978772,-0.86025395428671092,-0.14648153575180298,0.86846954757816419,-0.49552654610898583,0.01463171318331051,-0.085172478603762689,-0.1200690477824197,0.98910518786078305,6.2650291516375383,-6.6657827453079852,-0.64222858381672976,0.4726768245223587,0.3754520385476573,0.4901960784313725,True,2
-0.21911209194714854,-0.94496383095520653,-0.24296758909164173,0.97167054570422151,-0.2339406488219907,0.033587548877630477,-0.088579014294614442,-0.22872501178315988,0.96945274624985633,-3.5663482045076327,-9.177401532059779,-0.60982911859998856,0.7398912942594313,0.28588314854729,0.3389830508474576,True,5
0.99526111505655557,-0.089706412494940324,-0.037524290981569501,0.094421023508354657,0.98378598336932666,0.15247888131043755,0.023237538079938943,-0.15529938339650737,0.98759410606820086,-7.316123723163205,-20.206952146874716,0.16789543378705246,0.4057725357794948,0.4199923483082559,0.8333333333333334,True,6
0.62479019231225019,-0.77909154039333406,-0.051512981645049416,0.77235160920068047,0.60701412855090875,0.18710114779097528,-0.11449981377950316,-0.15668509637844522,0.98098907905100374,-13.298293860629006,-7.9762333911507106,-0.83222287055855204,,0.0771716442893047,0.2068965517241379,False,2
0.97423031503535096,-0.21522969775298428,-0.06746458679397857,0.22498027383565006,0.90591143841556032,0.35875944884098737,-0.016098746875428369,-0.36469253207738173,0.93098882237974878,0.4707293374107957,10.59250590995944,-1.8419641243257672,,0.5978052828253629,0.6086956521739131,False,5
0.92844953858496759,-0.37024435276917605,-0.03000955754243663,0.37084551013446632,0.9192478917296385,0.13212464253015241,-0.02133218025581091,-0.13379997306855845,0.99077873679867834,-9.2679434780676289,-17.097676177247354,-0.09599363521752495,,0.09918270546206572,0.28,False,3
0.44655311779256318,-0.89263300161242254,-0.061616859885419498,0.89214645403651527,0.43893644916781777,0.10681525238476604,-0.06830093366722513,-0.10266994703585854,0.99236780703317917,30.367044524961617,-3.993804312779988,-0.55481266747831515,0.5344170141544623,0.4454071637903496,0.8813559322033898,True,5
-0.99358658323633453,-0.11200260927716563,-0.015527946672130095,0.11174484021876177,-0.9935985992623253,0.016580537639902318,-0.017285609541735872,0.014739031822049359,0.99974195102722319,-10.623947282677339,-25.225526892133185,0.491328872991801,,0.2637613931668527,0.7333333333333333,True,5
-0.67822472177638593,0.73408939973917853,0.03352581038419504,-0.73273761280188932,-0.67902721279144851,0.044918092947792296,0.055738833471228016,0.0058989388240784004,0.99842795682213203,-2.1639858425595699,1.9764605002716544,-1.4180220273795996,0.5749493113991839,0.540148772012698,0.9842105263157894,True,5
0.99933792168934654,-0.028571719538387753,-0.022524988706708063,0.033689974122314906,0.96045205173285986,0.27639978647925523,0.013736954438861724,-0.27697565446219252,0.96077873775286327,5.4750445104617089,-3.1680541140775786,-0.91648960775977739,,0.11919053585319,0.2790697674418605,False,6
-0.022442735229109757,-0.96739107152784021,-0.25229117773646453,0.99643368711282931,-0.042176135956748156,0.073082697969421351,-0.08134021651168527,-0.24975125281762692,0.96488760013478114,2.39157722215008,23.379402113197607,-2.6595450683338115,,0.4731442609945659,0.1904761904761905,False,1
-0.2767758116471834,-0.960633423359744,-0.02405360703060045,0.95745611194065394,-0.27781542450424762,0.078079341794175708,-0.081688088449479127,-0.0014197998677062604,0.99665693213553019,-2.2447997308946106,-20.625157267363139,0.2372999658710061,0.7991832681000393,0.6920619809434279,0.9274193548387096,True,5
-0.081283991715505252,0.97247304564718784,0.21837831435487659,-0.99375360182578798,-0.095884256317051178,0.057096306787748637,0.076463661624776635,-0.21237322072288131,0.97419244688650897,2.3898579850363117,-16.209791839724311,-0.011126369965425285,,0.4625509795211567,0.3846153846153846,False,4
0.0028937774941582626,-0.99678675042045817,-0.080048736642361784,0.99628598992948636,-0.0040150426334932786,0.086012241587319127,-0.086057261878579566,-0.080000335117267632,0.99307305575123062,2.2016889820484833,-7.4435337501722874,-0.64317019195891489,,0.08257950889170206,0.2777777777777778,False,5
-0.74913032203737862,0.66155465966369087,0.033899747512781714,-0.66031184122496867,-0.74984687866969191,0.041447929832630202,0.05283969097434027,0.008665496326074492,0.99856540909003932,11.176967489346735,7.0754506757392903,-1.4751968749376412,0.467592872107347,0.403576758865681,0.8538461538461538,True,5
-0.78329456238931061,-0.62087570874727649,-0.031031964470619774,0.61886002911022897,-0.78353074416054658,0.055604292324491919,-0.058837852620788014,0.024350097387644862,0.99797053055497953,2.2250772153888647,-4.1208989192419354,-0.89629867073841407,0.1479544217008322,0.1062371606672161,0.4086956521739131,True,2
-0.7361851016209966,-0.66279003283052007,-0.13689729190821012,0.67361249091848141,-0.73714044413598823,-0.053574039399674214,-0.065404191225658367,-0.13165613544198024,0.98913545774610745,-0.47935177678929247,12.591989972001993,-2.0018178866331224,,0.687293803104285,0.2298850574712644,False,5
-0.056749302746840265,0.99407040650018486,0.092755288573232897,-0.99495922282536597,-0.064003387211163359,0.077199166706906852,0.082678059680246288,-0.087906730948512299,0.99269166668278952,3.6391404345136604,25.578499008805512,-2.7733130699866613,,0.2895525825087782,0.7027027027027027,False,3
-0.072781276520306804,0.95224887795482194,0.29652143298901229,-0.99431296701543637,-0.092455167017131329,0.052856084955223107,0.077747086202854185,-0.29098817248406678,0.95356241225278415,3.4841321434310362,5.3468652374757157,-1.4947169297133844,,0.2311240583789676,0.1578947368421053,False,2
-0.70554636829290207,-0.69700520641591446,-0.12801587564753483,0.70590499344229929,-0.7071616804328974,-0.040255409084348548,-0.062469692026806106,-0.11876910354309048,0.99095481108961114,-0.33490033764583643,-7.8838157817601857,-0.63886626345107578,0.2079229921096097,0.2927233605626513,0.2564102564102564,True,5
0.5456067156846367,-0.83446040677534739,-0.077389542731206323,0.81818781449106115,0.51042331241641814,0.26464455853123448,-0.18133397921560196,-0.20771102923574583,0.96123572359523879,8.230108494037454,6.5768652469436217,-1.4969395043589231,,0.3013477651239457,0.631578947368421,False,2
0.94839046405623362,0.31709952053726143,0.001849800594772532,-0.31589376684701087,0.94424275784948053,0.092826409582691199,0.027688549156787201,-0.088620022138601082,0.99568058930650338,-16.926217961897301,-0.32409089046481598,-1.361830500071286,0.6884100907487661,0.6321413434386148,0.9949545913218971,True,5
-0.76360615496132567,-0.64350570304176991,-0.052972164934964858,0.64292318594636388,-0.76535626506590215,0.029657452637569887,-0.059627318217047059,-0.011410419671941516,0.99815549151680427,11.378767887340651,-22.867344238712665,0.4932978451540328,,0.189514434917625,0.2173913043478261,False,4
-0.43415901610180901,-0.89233313775541845,-0.12348084872189202,0.89771958301914423,-0.43996542452689391,0.023021196424253418,-0.074869880469006278,-0.10085631603642661,0.99207988817136972,-4.8648772153542161,20.763790928434933,-2.531828939275822,,0.1283777749016449,0.3636363636363636,False,4
0.69447685992932118,0.70776562993529468,0.12949789228016792,-0.71651088396244655,0.66385451662351203,0.21426463525723852,0.06568138386228109,-0.24158848035628494,0.9681533772977694,-11.914006903722102,20.874486075666631,-2.6474418434196259,,0.4206268443440702,0.4736842105263158,False,2
0.85917123128723072,0.51047044954045195,0.035280525426265405,-0.50962316275468433,0.84747922899842321,0.14853682506419591,0.045924147376920875,-0.14559833983328155,0.98827733765653847,-14.45992119144632,9.0054731408638133,-1.9284557754036653,,0.8335749278619209,0.6563876651982379,False,1
