axis_00,axis_01,axis_02,axis_10,axis_11,axis_12,axis_20,axis_21,axis_22,location_x,location_y,location_z,dbh,dbh_approximation,score,reconstructed,number_clusters
0.99106647975904993,0.12136519829556981,-0.055296666632650857,-0.11312590208126909,0.98458004382995545,0.13343413195319653,0.070638254340722725,-0.12598661013965318,0.98951382561802292,1.350812096717789,-16.510292096777452,-2.3912849628020338,,0.2449083575090906,0.1851851851851852,False,3
0.7161507450801855,0.69533847184284159,-0.060270389880584592,-0.697383674869123,0.71636570405264388,-0.021821734193180082,0.0280021489734858,0.057659237182104556,0.99794353147883341,-3.7693136940813519,4.4920138563970688,-0.94474900143451146,,0.06779744268243827,0.1735159817351598,False,3
-0.73276237156572732,-0.67053281003158283,-0.11595282440941519,0.67945225883142457,-0.73033311601068884,-0.07041425727076156,-0.037469117767117907,-0.13038132661262319,0.99075565851752112,2.246297187048893,5.3381678218193231,-0.88757398796462594,0.6935436449741971,0.7289957767246024,0.7034764826175869,True,5
0.98877639471774614,-0.11588645510010009,-0.094295125925514936,0.12853573760581541,0.98155614765923349,0.14151357938549314,0.076156453482979364,-0.15204558039186078,0.98543509988035094,-2.3662612929681797,-16.27055950281121,-2.4029645454208532,,0.400893893229628,0.4705882352941176,False,1
0.81241553248158815,0.57862607422108614,0.071922658558705096,-0.5817622999613874,0.79610629341307859,0.16663551821783534,0.039161574614597065,-0.17721917452573788,0.98339195403161705,9.5228179636117591,12.939486983289731,-0.31573248751245492,,0.5066027666175803,0.2391304347826087,False,4
-0.94804635754276412,0.31121488119518848,-0.06598031276496126,-0.30800565994984119,-0.94982274701767244,-0.054490941326662518,-0.079627993750691961,-0.031337628666950071,0.99633194049010221,-16.116922920611458,-3.0790667657821542,-2.0058370979848297,,0.07148895998604603,0.2258064516129032,False,1
0.95852177283234297,-0.26745989212324306,-0.098494756772968317,0.27373872688461404,0.96012903473269373,0.056739281515163942,0.079392193633465447,-0.081347666030990362,0.99351871488230026,-13.393113254999705,-7.1250765222034982,-2.0956134835671767,,0.3983940887716345,0.5789473684210527,False,2
0.56700700440500806,-0.80225856421268571,-0.18677326656418922,0.82125183595475382,0.56810369425171314,0.052949169195568455,0.063627658267484621,-0.18341043788442044,0.98097509263917615,-3.8799304335438287,-16.542755679299045,-2.4463024239508675,0.5496875359794402,0.4088305362049731,0.6379310344827587,True,5
-0.51483209050751733,-0.84153384820236243,-0.16361143270988882,0.85726353165213276,-0.50688186672326196,-0.090388110315761522,-0.0068670141234933521,-0.18679281441443216,0.98237532980025677,19.43954389592383,-1.4688162739869715,-0.93890533360086825,,0.1921551745726215,0.7428571428571429,False,5
0.14441497139090603,0.98911122507069804,-0.028342555941664051,-0.98914886279658321,0.14352051785850709,-0.031406817442264458,-0.02699709736970865,0.032570621620849588,0.99910475493856077,-15.706851248201973,1.9128687389804344,-1.7587952378742235,,0.1264613352963736,0.2173913043478261,True,4
-0.27613949028585411,0.96027041021442683,-0.040345026599143533,-0.959492926032948,-0.27786942164046186,-0.046496337596927728,-0.055859706384843319,0.025871292658314719,0.99810338613732164,-7.7807266886973192,-12.014532040147111,-2.1964374263947586,,0.08916899095392729,0.4193548387096774,False,6
0.98822906739625749,-0.13621666257785262,-0.069629958992325824,0.14664807547371203,0.97311020574277307,0.17762564409204301,0.04356205129442349,-0.18574592408827745,0.98163170250945597,0.38442791937001475,9.5851630062068303,-0.71169059294925485,0.4064855017187146,0.3875784161251254,0.7560975609756098,True,5
-0.95496820501391688,0.29571149532490165,-0.024298949467164016,-0.28416811734448955,-0.9350923299737457,-0.21178011122189866,-0.085347574642666332,-0.19533828594769145,0.97701522278091035,4.4857924798197235,6.2946716166626828,-0.82089877620208684,,0.300680596355649,0.7280701754385965,False,5
-0.83358074604175669,-0.53866856534000895,-0.122390018151007,0.55236987620640432,-0.81060154990969868,-0.19445474317618217,0.0055371191235915607,-0.22969828906313161,0.97324613346947342,-15.571061061198522,-9.6416037815681452,-2.3345915816542551,,0.3941826765464812,0.1304347826086956,False,2
0.74021532176797211,0.67169553891879619,-0.030106152469640185,-0.67089711862951784,0.74081517999220581,0.033014016837191837,0.04447846259200107,-0.0042393501510926551,0.9990013484854503,0.52611795839830167,3.9120575062760521,-0.97735912916823231,,0.1393272921481167,0.293103448275862,False,5
-0.98543219822697048,0.15526990460008325,-0.069387602805128443,-0.14723660974400687,-0.98309321281582629,-0.10885364333153177,-0.085116176186740569,-0.097051489637915073,0.99163312011570581,-1.3415086760662329,13.958033230160664,-0.58108247160736382,,0.2764749530963642,0.5616438356164384,True,6
-0.84499084446186579,-0.49674435814072387,-0.1980795684339578,0.53194417210494416,-0.81882640100987292,-0.21577470373703386,-0.05500791342350872,-0.2876949211657715,0.95614107839597218,-5.7702688850353852,-2.8495438281161545,-1.5438437988240885,,0.6852205680413579,0.3981651376146789,False,2
0.9940912947053282,-0.056843347401138083,-0.092473410488192367,0.07149864016567814,0.9838973063643317,0.16381097333045661,0.081672775424513927,-0.16945478566640187,0.98214796918245006,-15.381698830544648,-5.5643893659245416,-2.0962266787654835,,0.6867280215583635,0.4909090909090909,False,3
0.96701052969952894,0.25466167108720594,-0.0061699861675938855,-0.25303923861297933,0.96307733747842306,0.091941208158453011,0.02935607556197329,-0.08734686780041967,0.99574532161243723,-15.63128176008801,6.4781173128488092,-1.5369044416807787,,0.3619210512614935,0.5137614678899083,False,2
0.39152944156117847,0.91988278808244617,-0.022811238029891059,-0.9201285065318956,0.3911708085112664,-0.018679669055553315,-0.0082600156279843615,0.028302910774455674,0.99956526419414837,21.874344288391693,2.0303175199826393,-0.77111401701477122,0.2502449975633207,0.1648887107772697,0.4444444444444444,True,5
0.41689270369819814,0.90815386309683033,-0.038171121879105208,-0.9089548528129936,0.41646704449936217,-0.018875285260760061,-0.0012446489123980262,0.04256479517476195,0.99909293314526793,-11.718798875680433,-6.5578297808911188,-1.9717854597749616,,0.08427540349356685,0.1470588235294118,False,4
-0.883392863893529,-0.43169806919235376,-0.18235631351172082,0.46385913315119681,-0.86088002991963497,-0.20909394701375519,-0.066721455426358073,-0.26929974218547742,0.96074236725806272,20.667021206303836,10.826749971541847,-0.17391441635716265,,0.1742457014190493,0.4,True,5
-0.79432735375929575,0.60617115955111733,-0.040007254319795002,-0.60028868080970732,-0.79331748872428332,-0.10149316122743651,-0.093260681755477193,-0.056602892264006971,0.99403146722116065,23.113711308982182,4.7309203513567475,-0.54503374303146324,0.2358311933732188,0.1738691750857434,0.5161290322580645,True,5
-0.88011526260454531,0.47475592043541048,0.00198507986209287,-0.47047031141620205,-0.87159442885983629,-0.13777096086054719,-0.063677394783977978,-0.12218824653796573,0.99046212537456646,-12.456575714259468,-9.8356936998395916,-2.167121364849558,,0.3828902664837806,0.4655172413793103,False,4
0.993000507144853,0.1107931114914245,-0.040925288711435685,-0.1078101060901306,0.99177070969043168,0.069049550505222254,0.048238717177184212,-0.064154078952060697,0.9967734347979551,-14.818280638331366,-0.43571114168476593,-1.8142250010087044,,0.163314185932508,0.15,False,3
-0.81595957915754957,-0.55691779368363203,-0.15508880120624638,0.57345872773453344,-0.8136849524219032,-0.095193937765259737,-0.073178226038389138,-0.16661143202289927,0.98330340076354561,-6.1457401412361774,-10.829208082640985,-2.05977551103387,0.7168355171580713,0.6509988170604035,0.4646464646464646,True,5
0.30423673586805189,-0.93719393629601189,-0.17060930314123984,0.95108654146089411,0.30892305095125744,-0.00096914545948625572,0.053613423695079113,-0.16196936241447965,0.98533828020570613,11.780347431497827,-0.88284066288307528,-1.12276292936879,,0.2442458214672626,0.3809523809523809,False,2
0.99279261790084161,0.11977621854699047,-0.0040589792039654043,-0.11850586502615532,0.98618512891790489,0.11573785662253763,0.017865547738519026,-0.1144226768248322,0.99327150026175826,2.3480516162642822,-15.919236523614993,-2.3067858522682085,,0.2498247751832354,0.25,False,3
0.97093037483830247,0.23307603357268086,-0.054495594229069369,-0.2226095472746831,0.96293851904135797,0.15229707156933922,0.087972704167335131,-0.13573861322579636,0.98683120755325948,2.6018922788178869,14.451621490739242,-0.43086274717561962,,0.2839142994838689,0.2758620689655172,False,6
-0.96633656425320202,0.24170750996649346,-0.088153980132006496,-0.22821845975996063,-0.96348491526688762,-0.14004696597195287,-0.11878543350136819,-0.11521413836398535,0.98621281836576036,1.5853899993197815,2.7772191729095157,-1.0278007946626844,0.2801116878341825,0.162901892270703,0.1799163179916318,True,5
-0.11525070515497632,-0.98932517197397296,-0.089179476674558916,0.99276880275694401,-0.11168506971068945,-0.044006243605441753,0.03357646845372133,-0.093606352895441544,0.99504294955734918,-10.381349844896025,-7.6180514412695235,-1.9896817852902888,,0.07855833018990586,0.2894736842105263,False,2
0.36140718988262843,0.93214914973903429,0.021972841007401017,-0.93236881793547666,0.36107532467965314,0.017691728267327286,0.0085574787609214199,-0.026880709594016422,0.99960201931017445,9.9785124649189054,16.916225126291984,-0.060811879059377884,0.512983515845988,0.4718475621213792,0.6,True,5
-0.78323378581345482,-0.59850896707517143,-0.16832068527348421,0.62116425215061655,-0.76482051876543322,-0.17089337589719381,-0.026453895941600913,-0.23840425836378401,0.97080564531914715,-3.4415109314051255,18.78425848633167,-0.47703429840636247,,0.3024171093126623,0.1923076923076923,True,5
0.045599767295392404,-0.9934198446229674,-0.10506033281827061,0.99819458947407669,0.049427776253802708,-0.034124133385102062,0.039092489909013026,-0.1033146032460259,0.99388020907392571,-11.909498489996579,-17.310125917619938,-2.5610334702419872,,0.1025837363343502,0.4090909090909091,False,4
-0.99572982733144189,-0.042217692352540206,-0.082096147381732446,0.06276083213923403,-0.96175127267121852,-0.26663752073645347,-0.067699253405689441,-0.27065135500809528,0.96029404617575054,17.021681517840346,6.0433883071334717,-0.69550400254448297,,0.5592306864624824,0.3870967741935484,False,3
0.34550990947103205,-0.92922829800866336,-0.13098729952648991,0.93662133885055188,0.35009983999292715,-0.013060231495925801,0.057994569289888005,-0.11817306045309117,0.9912980166004729,-7.0689930906129268,9.9772940922831133,-0.98126822986869189,,0.06989674768180686,0.1081081081081081,False,4
0.33652860144809255,0.94166251870423889,-0.00449458284807569,-0.94154703598240053,0.33640152291631703,-0.017977608637901772,-0.015416855715279454,0.010281840650877255,0.99982828741373519,21.050455257184176,-1.2817789360007379,-0.8784701352441936,,0.1318218235553254,0.2105263157894737,False,5
-0.14026109434192494,-0.98582184864957023,-0.092098361218587527,0.98982066123286772,-0.13734532604358787,-0.037300402283475281,0.024122272084821237,-0.096392656043520097,0.99505103982174792,-8.5739933760346396,10.57266518988294,-1.0233149478341026,,0.06893214895281694,0.189873417721519,False,5
0.72014135197373397,-0.67834424073699262,-0.1457584448201702,0.68593564990453537,0.72765782158769587,0.0025256429460975387,0.10434901708921218,-0.10179973350260343,0.98931698504135346,22.26206431218851,8.7978863530532792,-0.34328801755578014,,0.2522318849364764,0.1428571428571428,False,3
0.86616898946985055,0.49547919881747482,-0.065204641092274307,-0.49432926620336687,0.86861495498672647,0.033862022211464331,0.073415654022967347,0.0029023288238881756,0.99729720656972631,-13.812847542865624,4.6492754219739618,-1.5122342951551164,,0.1140610422640122,0.1358024691358025,True,5
-0.18390265006256146,0.96658537681690149,0.17858478273272699,-0.97961563258336826,-0.16528976781173521,-0.11415999761313061,-0.080827147037702801,-0.19593877099867416,0.97727937168512613,13.931189936399424,0.8166940258009795,-1.057334484474769,,0.6699388081405918,0.4333333333333333,False,3
0.68289291771776106,0.72898819526918368,-0.047259645461022147,-0.73013496205510942,0.68320065820590714,-0.011823612468245126,0.023668546970759916,0.042580180661825354,0.99881265916041473,-7.0162670559263107,-11.693924604424758,-2.1597172507533293,,0.06699683817102092,0.2380952380952381,False,2
0.94674412314962386,-0.30159198979007007,-0.11277338771233827,0.31007906268592089,0.94835016321962307,0.06695478179440649,0.086755634776490773,-0.098357712538377426,0.99136230522385083,2.236186586414842,4.1451651824788236,-0.94000633869739003,0.3739185364410785,0.1281067549147826,0.247787610619469,True,5
-0.99170178543626175,0.11135277819856793,-0.064250506223634166,-0.10306054189009205,-0.98735451132967766,-0.12045577471527134,-0.076851112339726954,-0.11283451486312214,0.99063730940629979,-5.3937878684801914,11.152674072669733,-0.88098838070891528,,0.1391580927952074,0.3987341772151899,False,5
0.41290573099179634,0.90606215435635518,0.0925215097004604,-0.91076902277536731,0.41109548432854975,0.038733576099808945,-0.0029401474342006344,-0.10025904052900786,0.9949570243609871,7.966520980599646,-4.5379413361066101,-1.3999163134899855,,0.07937758802570037,0.45,False,5
0.10711234077476345,-0.94323586174914531,-0.31437725039210185,0.99222538962889106,0.12156342003348908,-0.026666666187528675,0.063369729599758853,-0.30907676072475732,0.9489235129083613,-16.337168391952307,-4.6836544327590408,-2.1000389059010409,,0.5113525374739838,0.1666666666666667,False,2
0.70935042386824654,0.70485588342862282,-0.00039969237612849651,-0.70360761318005782,0.70812770060351127,0.059088800233608074,0.041932121732653829,-0.041633438892801931,0.99825265035108146,-4.4442637899719859,-20.647918768537885,-2.7420422471440822,,0.2447383385648645,0.6129032258064516,True,4
-0.79185855293142093,-0.59594441552662336,-0.13345518255948965,0.60907992206686623,-0.78659355807139197,-0.10145059356951798,-0.044516072202920746,-0.16161939241074566,0.98584861480473018,-16.513448095986913,-8.6853277882077347,-2.3380243120269686,0.354397241356196,0.2929143611296579,0.4583333333333333,True,4
-0.021124242937390118,0.99974972817806362,0.007365281271544219,-0.99895005097971856,-0.020806655614999857,-0.040815177688393434,-0.040651715928586095,-0.0082197378307114211,0.99913956677836291,-10.230628876530533,-6.824255178832928,-1.9160299563637808,0.173039952244547,0.1701806509156539,0.3571428571428572,True,4
0.32062856183087107,0.94202501537729122,0.098925202762904424,-0.94582246875609799,0.31276896787872444,0.08715176606471145,0.05115841020192069,-0.1215090249137567,0.9912710900304319,2.2684158322066126,17.223636511928571,-0.30441570074728497,,0.2954690949054555,0.48,False,6
0.23662939766632782,0.97158329274200883,-0.0056950350892014112,-0.97159736963662624,0.23661109943996397,-0.0037066072088552879,-0.002253769123075771,0.0064103733438734614,0.99997691355267415,8.2977209836645791,-25.612171574724314,-2.4875710028724702,,0.4156054936804869,0.8780487804878049,False,2
-0.99274802092691394,-0.10905717048440083,-0.050575690916021959,0.11691906829979005,-0.97375363617523747,-0.19527874309154405,-0.027951715754237286,-0.19977584839374496,0.97944285794780017,-10.855540635567401,-10.844943783544075,-2.138481179474526,,0.4393310000087218,0.3548387096774194,False,4
0.33420587977133365,-0.90401031191103765,-0.26659292167043325,0.94065802359169692,0.3376070166108896,0.034409082923820805,0.058897475148199534,-0.26227248863272595,0.96319480331216734,9.2481265290940424,10.343070503455301,-0.48189948543221267,,0.3103796061779455,0.3023255813953488,False,2
-0.57081339509909046,-0.81477841540155405,-0.10152931483655808,0.82099291929571783,-0.56817169263443257,-0.056138704609364001,-0.011945477878387907,-0.115399573156296,0.99324732271151894,-0.12155366492409402,-6.1137499096977166,-1.7237773661360229,,0.07423091691940317,0.1290322580645161,False,1
-0.65699360617139346,-0.74465435569210914,-0.1176830149115754,0.75360900996231728,-0.65300044765183607,-0.075258723548291301,-0.020805325124213025,-0.13813148053674082,0.9901953506915715,0.47124780645273973,8.3732953497787985,-0.76632349529494814,,0.0743889280541655,0.3095238095238095,False,5
-0.78811702369173231,-0.59727537893467064,-0.14877391802910034,0.61408872474034804,-0.77946923001996971,-0.12378512672711178,-0.042030882860785046,-0.18891755125059065,0.9810930453914255,-3.4643086084095138,-8.1395511837792149,-1.8190817071661229,,0.2651474589619381,0.3617021276595745,False,5
-0.45568301110907411,-0.88019269407495793,-0.13271704744920271,0.89014190671339388,-0.45069273403718901,-0.067256563982455997,-0.00061587272228177253,-0.14878467926218097,0.98886942511012998,2.1705676203022786,-5.9204965106033836,-1.6558684931096279,0.3479056717234689,0.2310611490223686,0.7530120481927711,True,5
-0.31527611795280208,0.94788359026480595,0.046018135069916352,-0.94725201045577112,-0.31138341048339657,-0.075855127468279479,-0.057572546722471085,-0.06750608107741761,0.99605638940848062,-15.409662799895829,-1.2302060985473506,-1.9024971339063972,0.5546957396522388,0.2366502018266123,0.3673469387755102,True,5
-0.14699699480152797,-0.94384101233091355,-0.29589867684982468,0.98891721462373583,-0.13392930324466057,-0.064075614341442211,0.020847689084238001,-0.30203821806943104,0.95306783005476114,10.900649698522063,-1.4633939752753427,-1.2007410448735651,0.533378489010434,0.6161523453131696,0.3904761904761905,True,5
0.49918750054119937,-0.84603448142831184,-0.18718305355388731,0.86090501668599484,0.508753135431673,-0.003577629568422086,0.09825676337187747,-0.15936092188102188,0.98231853541960301,17.997632404824909,2.0121196053579729,-1.0617269937251372,,0.1641007631515607,0.4117647058823529,False,5
0.74236571966162679,0.66985770789082011,-0.013556896788420016,-0.66922606222228997,0.74233111299250565,0.032878508569520411,0.032087628670919972,-0.015335249021944622,0.99936740702492022,-5.155451595826877,-5.6109570445703518,-1.7463369923236476,,0.5935838142187129,0.2897196261682243,False,4
-0.96349656796097716,0.26260718236558006,-0.052075246494157387,-0.25581212157091227,-0.96042259291611598,-0.11022069439843041,-0.078958989259014054,-0.092875781484164879,0.99254197252755971,-5.3582512808272078,7.8623460727240078,-0.96790420262221033,,0.08617888333529394,0.327683615819209,False,4
0.95433816126435544,-0.28344727820204663,-0.094320275839395812,0.29166567752440203,0.9523621486432815,0.08909248220687753,0.064574038969230335,-0.11253434280877472,0.99154738423324806,15.373871318831872,0.35520175628920503,-1.0752851452278291,0.364612143996678,0.3322004386059733,0.3518518518518519,True,5
0.49058664600410828,-0.86412342213218218,-0.11231853847431035,0.86851218599848012,0.49535753466630794,-0.017535553069636799,0.070790716443472304,-0.088947311212217578,0.99351751383331743,-2.2378863363436525,-9.4084564987061459,-1.8986578641789669,0.5299402675682675,0.4004782291165335,0.8846153846153846,True,5
0.24707766985291682,-0.93473371899659041,-0.25539283394577744,0.96650212598733309,0.25662414380407789,-0.00420586243108639,0.069471328776829641,-0.24579854228132911,0.96682822212136255,-17.137688687955382,-6.6903561603043782,-2.2576853375256531,,0.4260411778500767,0.24,False,4
0.34028114041328855,-0.91212269640409738,-0.22856275327259884,0.93949379356081864,0.33999472300343048,0.041892722405250091,0.039498827067833614,-0.22898859149385503,0.97262740431571559,-10.811472311520335,-3.4316386491139399,-1.7558791366938882,,0.1698804456732393,0.1590909090909091,False,5
-0.034827138629089628,-0.98047254961947239,-0.19354753901200006,0.99878240241802896,-0.027376187371903647,-0.041039700109153553,0.034939705708276994,-0.19474117132150029,0.98023216288660375,3.4747675204801785,-13.110614189963314,-2.01496638351363,0.2375891488654215,0.1920864943160622,0.28,True,5
-0.78460209844041817,-0.61006472645731091,-0.11054671707227559,0.61912823839951292,-0.78039445706385346,-0.087548362636478916,-0.032859877346200994,-0.13713322324141144,0.99000742802476627,4.9737003074001453,14.771470165906727,-0.33161255524540345,,0.2817275233558882,0.2352941176470588,False,3
-0.045860754639854603,-0.99490435385149256,-0.089789297086046369,0.99844580904105684,-0.042802875552937047,-0.035691459100868052,0.031666347945606389,-0.091286584620868721,0.99532105467333709,-1.2763123453235785,2.5368125114955569,-1.0349890392463903,0.09747506552756471,0.09135020925318268,0.5456790123456791,True,5
0.2039906253519374,0.97252723891116821,0.11215433270429548,-0.97730437718286245,0.20898789328059944,-0.034644116403150634,-0.057131244584235324,-0.10254184530208693,0.9930866985587411,6.4019802856740595,-2.8529119832548169,-1.3564412365276581,0.4185685996269396,0.2409892094442475,0.3888888888888889,True,2
0.85812165317839384,-0.49930457759655861,-0.11967525699785295,0.50713742491416769,0.86065923264882582,0.045577598749393336,0.0802425111633919,-0.099802926046563281,0.99176636127403361,3.0428296518304516,-8.8139834280166696,-1.8207052871460658,,0.1654056861418219,0.3333333333333333,False,1
0.41115132823762129,0.91136441596831486,-0.019222034106007924,-0.91153745073007275,0.41087645180930726,-0.016733716416700333,-0.0073526325190514871,0.02440169369791502,0.99967519532081694,20.052497364107623,2.6038966287381773,-0.82589953769177826,0.2090776122246807,0.1740389051526292,0.696969696969697,True,5
0.95204472250575001,0.3052586211103735,-0.020688658408538653,-0.30090122044003931,0.94640794255964267,0.11734761095873034,0.055401280550602845,-0.1054949311475207,0.99287537869338649,13.041954554677154,-3.1162072752105403,-1.2049443198937233,0.4462244045366178,0.2712988097497049,0.3333333333333333,True,5
0.85565787020374251,0.51728676300228738,0.016248507039461457,-0.51704640546573544,0.8530437971610072,0.070564117794342199,0.022641195934807803,-0.068779974903651064,0.99737490007463891,-8.1686555062672941,-9.545167714068322,-2.0389537877928698,0.5562747856636591,0.4377138197511085,0.8076923076923077,True,5
0.86704089067152668,-0.48842202173250593,-0.098407431580425336,0.49188679611547681,0.87056129000395943,0.013054507033692868,0.07929359186451404,-0.059724107639819203,0.9950605796914328,-7.1235128265512451,11.527602961255933,-0.92664941453450622,,0.08600335448342525,0.3023255813953488,False,5
0.71110447070169136,0.70302927633842094,-0.008959261082506921,-0.70261153324389425,0.71103477088457712,0.027687324641105113,0.025835345957278467,-0.013393700168146401,0.99957648216385864,1.6354925202476842,7.955215083699926,-0.74750132682264292,0.2566771741818024,0.155148607423396,0.6164383561643836,True,4
-0.79506323334961404,-0.60087647305007552,-0.082594909713368081,0.60583386731867173,-0.79326364475273592,-0.060812129738298068,-0.028978961081437365,-0.098388282069093794,0.99472607574454053,-2.9917486331175214,17.714200883002764,-0.50676678926546725,,0.07986019539785634,0.1578947368421053,False,3
-0.77616732661572796,-0.62188168102895669,-0.10405506184128124,0.62956966809601067,-0.7734532914023694,-0.073566561917221038,-0.034732032875613855,-0.1226098724387252,0.99184701697030209,-4.231794319974961,-10.443582340373061,-2.0046279590748819,,0.08247116147952947,0.3793103448275862,False,4
-0.34880719033981639,0.93714136287948835,-0.0099804783261479429,-0.93426325976760849,-0.34853811926556588,-0.075321583010614937,-0.074065548101974549,-0.016948315526852914,0.99710934665419548,-1.3118163455507461,-2.9260030060904403,-1.449111101378934,0.1216077427442763,0.1433121156990212,0.5625,True,4
0.5939118472140118,-0.77986736288412251,-0.19767552718282055,0.80018698242430808,0.59809354495840616,0.044552268604059642,0.083483596577541758,-0.1846375037397672,0.97925455389047167,-21.192513658125531,-2.0826982008085806,-2.2296398113384228,,0.4216378581630482,0.2105263157894737,False,2
-0.83636013269283305,0.54386496197479106,0.068648609441030198,-0.54375735078334153,-0.80720489675361362,-0.22966975884097496,-0.069495840962680328,-0.22941481598438351,0.97084456546645137,4.4978644953753069,13.217811695017378,-0.41818857994450331,,0.342810921812684,0.1875,False,4
-0.57461255624004459,0.81839792140577861,-0.0067269941267541072,-0.81534212815821361,-0.5731411639566607,-0.082014756165205899,-0.070976223213943784,-0.04164190698207744,0.99660841222677787,5.5449856980273022,5.9684199025507239,-0.85935788441170369,,0.06942560138965861,0.2,False,4
-0.99025215635915698,0.11484823853215761,-0.078807036057070859,-0.091457595816970938,-0.96286825999186232,-0.25400831102076715,-0.10505320077665133,-0.24432477567022104,0.96398611452669625,4.9756403565128107,-17.736601336005819,-2.2854095570876716,,0.3875319279298013,0.3125,False,4
0.9971289248890286,-0.0224622572862909,-0.072314273468337187,0.034535077093746126,0.9847862257706731,0.17030389890569597,0.067388690444153923,-0.17231232262945373,0.98273456633531731,0.73417364034626176,16.162061686665218,-0.43509343016639929,,0.2237643481030357,0.1875,False,3
0.55792698614814007,0.82874068267272205,0.043661871361678886,-0.82972320423206525,0.55809717238447343,0.0093247270914504389,-0.016639786252462117,-0.041429784691767273,0.99900284807094852,-4.4916182265687814,17.494162273132908,-0.58126532643609274,,0.466053933686332,0.3636363636363636,False,4
0.99692995376122984,0.036435636834682317,-0.069304485151281986,-0.03615057590540887,0.99933196201105823,0.0053633538795213112,0.069453604336566985,-0.0028414910840695875,0.99758113593485709,-10.336320331432667,-16.067581121974172,-2.4127593120566262,0.2248160994760583,0.2170872658543559,0.7377049180327869,True,4
0.30675181400101015,-0.93115663048349551,-0.19710569274810935,0.94896367007315496,0.31515719891230676,-0.011995534795767803,0.073288999777438621,-0.18336648952404361,0.98030885593839823,-14.212413219170671,-10.93287491631056,-2.3015243860276922,,0.1692704109822331,0.2916666666666667,False,2
0.99780025910493508,0.021598795058270368,-0.062674835318134614,-0.019708927752970777,0.99933686691129997,0.030616737232036003,0.063294558193833991,-0.029314134541858761,0.99756427382856361,-6.7267799276735998,-14.568805699185873,-2.280848889269306,0.2059941556911802,0.1645493293844779,0.625,True,5
0.062558996750670226,0.99791063205086739,-0.016147518861719959,-0.9975369935686339,0.062004951011487557,-0.032792262991692474,-0.031722521772440053,0.018159198492857312,0.99933173927504992,-4.5382593666058915,3.7145160186450408,-0.99420930476980629,0.4825736251880122,0.4929587992654246,0.8120347394540943,True,5
-0.39583419113944646,0.91832044303647264,0.0016902740239355535,-0.91750080279182189,-0.39540172974899612,-0.043008708279413638,-0.038827438768763649,-0.018575145027633161,0.99907326757643744,-5.3804117559767413,-14.828906797265283,-2.3380656149922592,,0.08479787426884826,0.4,False,6
0.79930532318791281,0.59862926776807623,-0.052478567958028008,-0.59997310901524625,0.79990387392714324,-0.013640415496999767,0.033812257866754139,0.042388586291692731,0.99852888739893053,11.890495722537754,6.3301075777656939,-0.69470947811572792,,0.2977010007786507,0.8255813953488372,True,5
-0.1753930036792048,0.97414905821594522,0.14237593419315958,-0.98328116775251106,-0.16614510291371515,-0.074524827547940348,-0.048943226330572943,-0.15306670818561258,0.98700311217421011,21.882998964653158,-2.6999257456593897,-0.81160866187325442,,0.4260103165221978,0.3225806451612903,False,5
-0.36721640624236895,-0.92607491058852398,-0.086818033638740938,0.9301164576645411,-0.36500799099069109,-0.040651466080652988,0.0059570267756940479,-0.095678767192087621,0.99539443806995254,2.1497478388124307,-8.6338359609242605,-1.8195191308948617,0.4655128377003162,0.4571026421677075,0.9047619047619048,True,5
0.16334641223024562,0.97378707821639543,0.15829300651097206,-0.98542144602383119,0.16877841077179492,-0.021410786385590002,-0.047565989191950292,-0.1524879482323874,0.98716001859681701,11.055008943955345,12.95664588483768,-0.27569618056580952,,0.3336092816858931,0.282051282051282,False,2
0.96486904147342711,0.25456919563359198,-0.064978899964648132,-0.25145900884024064,0.96644975935258659,0.052375848636665862,0.076132119891892808,-0.034196305089777522,0.99651117055403493,18.503907446557104,-3.8516608014270988,-0.97848155344213295,,0.2572061179454163,0.52,False,4
0.16797400893505426,-0.97357659671441221,-0.15470404859689171,0.98465234828879922,0.17324303460609203,-0.021133006644255103,0.04737599953183079,-0.14877990889382725,0.98773480923672274,-14.539737378242531,6.2204761540986366,-1.4802929007998615,,0.07571228531935426,0.2857142857142857,False,2
0.20009504745826009,-0.91711388582299558,-0.34476672173126433,0.97864070828924121,0.20401901005209561,0.025270686901950855,0.047162867404454439,-0.3424592880445928,0.93834817630247547,17.936332626759121,-0.499272535825942,-0.99898787106075748,,0.4446632515838402,0.2222222222222222,False,2
0.33137259229961347,-0.91619788095541377,-0.22533008677370192,0.9434097688761266,0.32505530176165237,0.06570432851597649,0.013046572796268963,-0.23435121874966014,0.9720644491024355,-0.47821843747935844,-13.871168034452955,-2.1373009602864079,,0.3079680301807892,0.2,False,2
0.88225924354392682,0.46988950960089076,-0.028678841474691581,-0.4697205182749859,0.88272252946090035,0.012789475893355245,0.031325100044129063,0.0021874069540234013,0.99950685508306591,-6.0844581296883913,-15.978756645426584,-2.3983849729175266,,0.2141262506826048,0.1,False,4
0.11659538685928339,0.98776298418390951,0.10358476161690813,-0.99257685606022972,0.11952187737508162,-0.022487899909208221,-0.034593360298251739,-0.1001938516318919,0.9943663769046307,-15.672633725200882,-7.0024864802761471,-2.2032647015372091,,0.203573087240687,0.1914893617021277,False,4
-0.14498750209460884,0.98115396217671791,0.12773224628610425,-0.98600322157027975,-0.13253534776486559,-0.101153490527399,-0.082318110336646336,-0.14061039825622548,0.98663693657435603,-9.5337500615187611,-13.560124182335063,-2.2568944354221259,,0.3655022969905958,0.391304347826087,False,4
0.71390210999438464,0.69694302057436397,0.067927928116844435,-0.69925408344213813,0.70436903413173046,0.12209828232137004,0.037249216569765806,-0.13466510249138361,0.99019079274447119,5.7361059927169915,12.231177266183527,-0.43888016261811907,,0.445721597495817,0.5925925925925926,False,4
0.9639067513350511,-0.25451623940849449,-0.07813615429534744,0.26571729006961436,0.93803438478843648,0.22245407326601305,0.016676225255403215,-0.23518711025891298,0.97180704189632916,-9.0926237803834304,11.868304037690395,-1.0056196778950439,,0.6129983713738474,0.6434540389972145,False,4
-0.98157795149441107,0.1819169375694549,-0.058403364332777999,-0.17466473339290248,-0.97828102609622103,-0.11161749365091456,-0.077440015811093929,-0.099360262708371894,0.99203355898160084,9.4166385142310336,4.1336333105857301,-0.93290378803955576,0.5182791759380068,0.4534325139086927,0.8269230769230769,True,5
-0.36872677691854988,-0.922440838606014,-0.11464494430672351,0.92951466851244524,-0.3650319212329276,-0.052480258204366664,0.0065608691083708578,-0.12591503386344124,0.99201933410781451,9.3334178142955828,-16.984037067391608,-2.0183302610853335,0.3276190852674852,0.3230699979363116,0.5454545454545454,True,5
0.52198276263939225,-0.84367936622474304,-0.12545565955333643,0.85068536897549885,0.52565639477351966,0.0044449572240943085,0.062196451011020955,-0.10904348508884129,0.99208927009685599,2.4859855833632838,9.0560032832733821,-0.69556662746214359,,0.06654997949867278,0.1666666666666667,False,5
0.92489853809981504,0.37634206248411356,-0.054123435090800281,-0.3764351895011005,0.92640065081349998,0.0088533766210363851,0.05347188350988908,0.012185490450812284,0.99849500324056584,-17.049111805255258,-3.7975793679976251,-2.0850354446595891,,0.6082518340493639,0.1111111111111111,False,1
0.93727974037305117,0.34227933148852574,-0.065966260482111072,-0.3439521992400279,0.93885788993778652,-0.015580344653285751,0.056600114171033729,0.037292381760016965,0.99770020814796423,-0.53524111455904144,14.203462092333904,-0.54117371169653905,,0.07039921727562783,0.3125,False,3
-0.87951095830497628,0.47221071006056703,-0.058970497077413274,-0.46903291975139622,-0.88112075366767195,-0.060285467947046825,-0.080427572454616167,-0.025362625262560765,0.99643772651824492,-19.754447541448616,0.83704252591034567,-2.0299257375325048,,0.07867243022532913,0.3181818181818182,False,1
-0.11864347665217891,-0.96249289642554847,-0.24399006081855534,0.99257204982320524,-0.10830263019300365,-0.055419005792580939,0.026915634074725005,-0.24875281832300111,0.96819294772205389,-23.995108447131376,-8.517007354204873,-2.6899494159242967,,0.2769950175556649,0.1538461538461539,False,1
-0.79698404055392091,0.60036119095290985,0.066203319402794517,-0.59879896012339517,-0.77100652577746942,-0.21676886899113457,-0.079096425061348175,-0.21240380788996832,0.9739755530486145,-2.0403952664567919,7.6933928927469859,-0.8371764360138696,0.6181056847187906,0.6408118285462235,0.55,True,1
0.47898942659145693,0.874860870754397,0.072024898725694939,-0.8778195320132669,0.47750590503744123,0.037695886650723653,-0.0014136582321318467,-0.081280794024379099,0.99669023979026206,6.255921637976547,-9.0428005274506678,-1.7238224981854724,,0.30159244308553,0.5625,False,3
-0.51003763240703759,-0.84284166160909124,-0.17169608901966521,0.86014790806474029,-0.50039303076050434,-0.098754194939593504,-0.0026813766005205283,-0.19805238757041593,0.98018776874493974,-11.94484953376157,-16.330781583230809,-2.4837515006081587,,0.1836950619009173,0.6896551724137931,False,4
0.938672132958009,0.34477886882408737,0.0047072731432354631,-0.34145918448053331,0.92756205537910397,0.15177041462281823,0.047960943922647631,-0.14407000046253848,0.98840456434841162,3.0138245994689057,16.496571854175595,-0.32635971362394772,,0.2508841531257774,0.3703703703703703,False,3
-0.85409419638044237,0.5165637404202883,-0.060704248551867471,-0.51393476832900042,-0.85611581206478427,-0.054191975746149132,-0.079963476736960887,-0.015087028059085586,0.99668361277412476,4.0356172647123634,5.1894309535837362,-0.90800389350717947,,0.07023745259907525,0.2321428571428572,False,5
0.31588057328008562,0.94871112841883609,-0.012909618061881491,-0.94876187331857853,0.31571868777417672,-0.013138414180339147,-0.0083887520685005518,0.016398323219494762,0.9998303475261805,-16.471588143606038,-0.17899792204184181,-1.8994119166331795,,0.0941343497194782,0.171875,False,5
-0.86830350659619471,0.49338292663424216,-0.051208477214058926,-0.48996479449251956,-0.86919695655572893,-0.066566890209486973,-0.077353219652810376,-0.032709913177640167,0.99646702955454369,19.214145908958958,9.4736358157863592,-0.35594863951203098,0.2680350664059122,0.2631124826378667,0.52,True,5
-0.43780636924744248,0.89820734920140299,0.039359127111287986,-0.89824402539217507,-0.43510988076635937,-0.061944027208021314,-0.03851303537291588,-0.062473590420874164,0.9973032621055099,17.736287412289318,10.854318204892335,-0.22904695995333837,0.2117094676161647,0.1889512737756491,0.25,True,5
-0.89770581293898422,-0.43217340400639076,-0.085734603778674839,0.43847045745455171,-0.89538734809598131,-0.077621870688887595,-0.043219571436486928,-0.10727369546713286,0.99328969737215711,7.8222496945463087,-9.6801588440254829,-1.7178851636601622,,0.13078006249898,0.3529411764705883,False,5
-0.79810791288480254,0.60152511947688136,-0.034515069592692058,-0.59760750376640737,-0.79760417877365808,-0.08180981264422213,-0.076740021062991798,-0.044666594241364321,0.99605013153260979,5.7784480434112524,15.825107812546811,-0.26819537456700565,0.5455124191728067,0.5548481361333224,0.8333333333333334,True,4
-0.97843772100983895,0.20574010556744932,-0.018183373343985502,-0.19969982723101162,-0.96482357926383799,-0.17098374162598123,-0.05272196040528164,-0.1636657259709893,0.98510604760777543,-17.971136448069334,2.9508729671343792,-1.8313625208897462,,0.2435510523861038,0.1538461538461539,False,4
-0.30823890892092365,-0.93224722581526831,-0.1894832050261307,0.95064348348349803,-0.29440225573680368,-0.098001424109257662,0.035577272767868914,-0.21033882612779298,0.97698098030902503,-6.4295402931461938,8.9515254249464729,-0.98390895007019818,0.988516332445029,0.3356797001030986,0.5990566037735849,True,4
-0.30526111910894216,-0.93892728199532927,-0.15884334510838291,0.95219754708698401,-0.29892302331272391,-0.062967114076421887,0.011639608321960433,-0.17047165529332237,0.9852938314328713,15.951070096134449,-2.3122491992265028,-1.0907401819160532,,0.1110835064220239,0.3333333333333333,False,6
0.99216104817018225,-0.088432361984879249,-0.088295933358344028,0.09841221027324662,0.98836892401302168,0.11593923802784314,0.077016175982582633,-0.12371979388569096,0.98932397183021026,8.8736050596479394,11.983300579917543,-0.39108272825383406,,0.09986442438828275,0.3076923076923077,False,5
0.99425309456340372,0.078749747140482163,-0.072520764449959113,-0.069271555307565805,0.98973115005804679,0.12503480407489825,0.081622518806804684,-0.11929261473405414,0.98949837619550762,-12.844819655100343,-12.098727778115451,-2.2984806748129269,,0.1286575829828798,0.2,False,3
0.9961403797607955,-0.028435586037552148,-0.08304072047326988,0.048220158726514764,0.96780620190019062,0.24703435359463244,0.073342757668419439,-0.25008513152570494,0.96544200596792107,-13.714928131624537,-10.285947393762639,-2.2536284291138169,,0.4193208795443321,0.391304347826087,False,2
-0.49039478418079552,0.87107500572315733,0.027226642331955042,-0.86896924923986618,-0.48635250809982788,-0.091398477780048504,-0.066373183770060337,-0.068480451731921438,0.99544212700026791,-17.976582496139223,0.3992642504569992,-1.9553941890180713,,0.2414673719973849,0.2083333333333333,False,2
-0.662914010350247,-0.73721821742784177,-0.13059216964989601,0.74849958998470956,-0.65657129596326913,-0.093072536818519264,-0.017128300384851351,-0.15944727407399648,0.98705784436186794,13.311862610128721,-6.4908043922310332,-1.3055955127292656,,0.2199163024675932,0.3157894736842105,False,5
0.77422758630077471,-0.61774840758657457,-0.13769004878758628,0.62741863645383067,0.77771937835779248,0.038709471156103292,0.083171504983934483,-0.11635924308373807,0.98971866068478631,-1.9960211944447324,9.5692706797607556,-0.78194052387906476,,0.1516535255489981,0.3292682926829268,False,5
-0.22482017357806203,0.97344454723971319,-0.043146297658099617,-0.97272696301680661,-0.2268078683339253,-0.048584424272830849,-0.057080162687502517,0.031046808388174321,0.99788674242945918,8.6383766271807367,-6.3639975358594985,-1.4923516076266561,,0.1038275593554945,0.4444444444444444,False,4
0.94358594922892847,0.32713794626891585,-0.051247639249989027,-0.32398932438084976,0.9440827550582177,0.061144658711329333,0.068384750529497398,-0.04109155281369109,0.99681242477327558,12.852621949862435,12.033329040834055,-0.26793545012029751,,0.2738404358459073,0.5217391304347826,False,4
-0.91550272976598635,0.39893292847730283,-0.052031436339473547,-0.39395007239574575,-0.91517677771434836,-0.085175148909570106,-0.081597133836993865,-0.057480293222145637,0.99500649427060628,4.7713553151752315,2.9278848193355151,-1.0144536081608237,,0.07688410009161233,0.3484848484848485,False,5
0.97303932690958805,-0.21853438974266526,-0.07373729576773215,0.21772544466821298,0.97582637006046524,-0.018934789110158015,0.076092700250195378,0.0023698089412621266,0.99709793148627934,6.6718136132459014,3.3103507092318192,-0.9599641730330436,,0.0850788674153991,0.5,False,5
0.052867769296334008,-0.96958076278833827,-0.23899402377551598,0.9979151018531438,0.060168327301400377,-0.023349986791854814,0.037019568650348146,-0.23726128386345272,0.97074025089949112,16.497316426936386,-3.4374808076866161,-1.0716677651978401,,0.2207648178478537,0.1,False,4
-0.54312609369600706,-0.83091378308852659,-0.12081527809026965,0.83949546972903066,-0.54014533698619982,-0.059079363880283328,-0.016167951352920269,-0.13351142275317762,0.99091538354365671,-14.942395200600265,5.2600015793221742,-1.5522218548666256,,0.2654883946131215,0.766497461928934,True,5
