axis_00,axis_01,axis_02,axis_10,axis_11,axis_12,axis_20,axis_21,axis_22,location_x,location_y,location_z,dbh,dbh_approximation,score,reconstructed,number_clusters
-0.85436273104523519,0.51011311373827795,0.099241800634441393,-0.51960208003437747,-0.84176360720422083,-0.14645036022655206,0.0088318868242305386,-0.17668797576172826,0.98422728929670866,14.324711713488435,-3.4809164202255736,0.092205951674549258,0.3702164886130016,0.388934420195318,0.6216216216216216,True,4
-0.15324597893595837,0.97636571137512995,0.15239969682022284,-0.98818770164009806,-0.15127862352006749,-0.024491720910005541,-0.00085806014925978022,-0.1543527638781039,0.98801542903740636,3.3167115364096569,2.5848606789714994,-0.64103833271320798,0.3225334218620317,0.2876481592669222,0.4532374100719425,True,3
0.28315903201615616,0.94459018595045019,0.16604319677050022,-0.95906999248240066,0.27845079804480161,0.051477204547455059,0.0023900015650341255,-0.17382328288899238,0.98477396097694003,-17.490667215023688,-15.73890705535775,-0.3750620816110376,,0.08918962650757715,0.3333333333333333,False,1
-0.5368394017868332,-0.83591594501524502,-0.11422779678531243,0.84365984292736018,-0.5329148805082432,-0.065113743285641873,-0.0064440764224672521,-0.13132502808740035,0.99131842052738373,-22.874229317312093,6.7265506012255711,-0.85981973023355418,0.2917053833789829,0.156965742814867,0.3125,True,3
0.10620468943825465,0.99319559634439392,0.047781495826595077,-0.99429961478998363,0.10653273511719619,-0.004364902855563047,-0.0094254957330143687,-0.047045549742269495,0.99884827490446892,-27.809408522820149,-6.9999544891773429,-0.5330064989276716,0.7431540646327978,0.6669651594952459,0.8970588235294118,True,4
0.22982331359257191,0.9727180077289419,0.031637350855708041,-0.97322494709193952,0.22957314199152101,0.011374305870313302,0.0038009061052377406,-0.033404339777606443,0.99943469181172617,16.63974741489891,7.6741470034814814,0.12866931797891157,0.6130855259213946,0.4293593598631414,0.9322033898305084,True,5
0.99119263621436571,0.13207774370372083,0.0096243198487592479,-0.130658004415316,0.96351670018165658,0.23358949966396156,0.021578781166327769,-0.2327896863892103,0.97228767250962789,10.55341327560026,-6.4605573037282591,-0.031350064880589189,,0.2248637667776352,0.1304347826086956,False,4
0.81176565760147656,0.58291968002720651,0.035230154354214567,-0.58396934998457006,0.81068502976808288,0.04206638549390547,-0.0040392347593720939,-0.054721377421464136,0.99849349293606149,9.8243034253070949,11.037696511686203,-0.30830817912312319,,0.07655289568129249,0.48,False,5
0.97797663512333688,-0.20728077806147074,-0.024420896770343831,0.20844188260059643,0.9759681971665608,0.063545729182793192,0.010662210406650271,-0.067236576100252188,0.99768008905839145,-8.9904268893620838,1.2021668073265044,-1.3626658569990078,0.1763286015031692,0.1362984951716884,0.2954545454545455,True,5
-0.99997348896630356,-0.0072252037072098266,0.00090432071092025335,0.0070839613165927101,-0.9940405840545169,-0.1087802130197465,0.0016848906860371052,-0.10877092297091964,0.9940654140746632,-14.062253415474668,12.270273483226962,-1.2471354060909303,,0.1199175500574953,0.3529411764705883,False,4
0.51705025968743112,0.85068475422861478,0.09483922121233225,-0.85528681329376888,0.50908824344427595,0.096507136485399395,0.033815617145780019,-0.13101377526742458,0.99080366103846573,6.179901144021362,2.8532458582143208,-0.54073476220962646,0.8668517312476696,0.7456588851634338,0.9014598540145985,True,4
-0.91014925251249901,-0.40655561823199865,-0.07962956382486687,0.41236104723847894,-0.90752117249345288,-0.079772728400719917,-0.039833464214477386,-0.10544121945476315,0.99362741727901616,-14.880671428848041,-6.2490257668894316,-0.98071335062819154,0.4038942642026081,0.2666729324576284,0.4390243902439024,True,5
0.20103620068873471,-0.96832498318065252,-0.14809177209024185,0.97944179014511246,0.19612255864821188,0.047219929125494157,-0.016680099819149675,-0.15454018551000909,0.9878456890286843,-3.6087711794581425,17.348917889305437,-0.91378233492917427,,0.2841214637542857,0.2173913043478261,False,3
-0.80466108256552993,0.59331345715095118,0.022353607495378763,-0.59373330966725968,-0.80416138823387595,-0.028376375126662551,0.001139822807706534,-0.036105446089939923,0.99934733579802737,-23.130853485475782,2.9825197036655342,-0.87681858730398365,0.691103611881954,0.3112212713213705,0.7764705882352941,True,4
-0.37876834715029672,0.91623986787065015,0.13053368807095178,-0.92549142999544876,-0.37492251402676724,-0.053839776010184748,-0.00039013076100998662,-0.14120061260568501,0.98998092648180225,-6.6396718038101596,-6.4037889699262829,-0.9758635411461597,0.1885741147622055,0.164889358562375,0.3316326530612245,True,5
0.7551513596544589,0.6492750175237747,0.090489643780511664,-0.65380656055455011,0.75599465585342851,0.031765731486701455,-0.04778499124046362,-0.0831506580885438,0.99539065832043583,1.5563147279121825,-16.333304717890986,-0.13750153730475442,0.432378895233099,0.3034766605025383,0.8901098901098901,True,5
-0.48593580414466458,0.86474998173793216,0.12678274068076006,-0.87394482683829444,-0.47922194196170054,-0.081035609364282571,-0.0093184705216250267,-0.15017922435111669,0.98861487277930182,-14.36362400209247,9.5021896233159993,-1.2371871652643116,,0.431792453580651,0.4909090909090909,False,5
0.55190159967627594,-0.8320355390478601,-0.055870260748478971,0.83381063388683074,0.55162671693989229,0.02162849914709989,0.012823848564605739,-0.058522020807993201,0.99820374773316678,-4.8272346313357284,21.774664656932391,-0.84838061955688371,0.756285738240414,0.7221714527699102,0.967741935483871,True,5
0.20614531999924168,0.97058873899457609,0.1243447094947302,-0.97851972888705407,0.20423978589483766,0.028022313188548535,0.0018020047770249221,-0.12745042014269525,0.99184330576166824,4.239941243489179,11.759091256639808,-0.60075829136785475,,0.08643736145897643,0.2666666666666667,False,5
-0.88309263473537136,-0.46858760607903649,-0.02393854434290937,0.46916783445521876,-0.88246953206156331,-0.03360160852765233,-0.0053797387241446767,-0.040904528015404028,0.99914857653859301,-14.229455993778732,4.596645128019067,-1.2868147817380762,,0.07148058444045,0.1714285714285714,False,4
0.8434009280855459,0.53051380262787862,0.085029287458787031,-0.53712337945328137,0.8364003378839161,0.10923804297202533,-0.013166235191841342,-0.13780268505722301,0.99037218773645586,9.7402800125574753,20.94239594911868,-0.33704173481237476,,0.2234137581754724,0.125,False,3
-0.7671427343358781,0.61595700470504766,0.17913400992122722,-0.6413521110253233,-0.74197903832933443,-0.19528076291134458,0.012629126614041301,-0.26469619384241555,0.96424915355228835,6.5261510450582918,8.130950013212642,-0.47237137787698541,,0.2552194095073337,0.2962962962962963,False,3
-0.96913259639430649,-0.24249135495368218,-0.044496667052242055,0.24651711487114727,-0.95066518816714685,-0.18832156563370392,0.0033649192614850724,-0.19347775784273299,0.98109889131448558,1.4312194603355499,19.153486044347233,-0.60221004011611023,0.4854552355153829,0.324518632745755,0.1785714285714286,True,5
0.62674510718898446,-0.76651314249711378,-0.14017194082222079,0.77922178347025273,0.6160585138709973,0.11526196099536479,-0.0019956903835860948,-0.1814648998188301,0.98339539726075353,19.920584156444818,-5.9677200795746179,0.3012270480376974,0.3646176778338389,0.3448769853092191,0.6792452830188679,True,5
-0.92972488283941579,-0.35278836878714259,-0.10560307324003512,0.36816013405074538,-0.89695180246400641,-0.24481744168319772,-0.0083521209863312244,-0.26649170888617868,0.9638010226026702,4.971125663916629,-8.8486049824180668,-0.34676084514465266,,0.4909608253363926,0.2560975609756098,False,3
-0.39169722385988559,0.90728590989408719,0.15298876601932557,-0.91986530329646965,-0.38985693444398634,-0.043120696390830424,0.020520931064441323,-0.15761931472251289,0.98728670760557324,25.428049255312239,1.6987234456632345,0.53321718350917646,,0.1706611225170843,0.2727272727272727,False,3
0.99976644600634745,0.018022571749726147,-0.01192645577548939,-0.017610373616508097,0.99927317639880375,0.033808189406322527,0.012527097865256912,-0.033590264026541375,0.99935717637974819,-14.998713425191989,13.743037621839216,-1.2285179449887289,,0.08209875206246563,0.5,False,4
-0.91658097921074189,0.39919987374003385,0.022776508841747065,-0.39911958095539485,-0.90998375920381269,-0.11239714446233544,-0.024142672740752786,-0.11211163539632354,0.9934022914014714,-7.1408519343316819,9.7529446909840036,-1.2188286641591202,,0.2930427970276693,0.9156626506024096,False,4
-0.51348831665458983,-0.85088316202743719,-0.11102969529556168,0.85808024348677492,-0.50996060763915507,-0.060319767854166748,-0.0052956960744005264,-0.12624588402990969,0.99198484482808191,-0.37941113406433746,7.1591564066885232,-0.88197146135159732,,0.3071832907925233,0.3542857142857143,False,5
0.7799450303684502,0.62539214574976465,0.023883333897572041,-0.62582254587201991,0.77900083482162463,0.038779381447823329,0.0056471835299706169,-0.045192514664682326,0.99896233459348283,-15.713598876387985,12.670235600768013,-1.2331778064514598,0.4707411987877685,0.4336511061019789,0.936046511627907,True,5
-0.16652609436585594,-0.9717164759628143,-0.16743998995957587,0.98595317104506497,-0.16187875616441158,-0.041129220863560169,0.012860964249797265,-0.17193707757511695,0.9850239778571348,-18.83642578533177,12.415913813434376,-1.0980933418411509,,0.2993364600644407,0.3783783783783784,False,5
-0.99454391304267853,0.10387288984620714,0.0096347176790873637,-0.10379520047792701,-0.97608120329541426,-0.19102890077452664,-0.010438457141979236,-0.19098666793358829,0.98153712679863581,-3.0426349738761074,15.898636041692958,-0.95939268353981755,,0.2774883360782777,0.3571428571428572,False,4
-0.99319223609018414,-0.11588140022399944,-0.011860997104175906,0.11637967069831226,-0.99148782832723503,-0.058375153336804285,-0.0049954397536554444,-0.059358128011825634,0.99822425247065527,-0.99802984275812567,-5.8463631135454142,-0.86166357875788968,,0.06922215181204754,0.1842105263157895,False,5
-0.70313723732117484,-0.70992905537682904,-0.039984519805911528,0.71103584610622483,-0.70241021312365504,-0.032371562390257305,-0.0051040223697298662,-0.051192077818202966,0.99867578328720097,-10.138694117425349,0.76910433740516482,-1.3549264747999648,,0.08117140772864598,0.2911392405063291,False,4
-0.94009198869779864,-0.33361945145159155,-0.070179159295031351,0.34038195846853719,-0.93007405100760754,-0.13821136708469894,-0.019161814510666203,-0.15381911862781425,0.98791320651625125,-8.305762205244573,-14.826624047088606,-0.72366345685235822,,0.2346986625683417,0.3225806451612903,False,7
-0.3651000393120426,0.93065311402088891,0.024222771467504331,-0.93014043479138608,-0.36355485413223948,-0.051639515905713834,-0.039252170136636698,-0.041384168471867842,0.99837198365111191,4.1023504406473057,14.795972802778001,-0.52594539642009241,0.7643507691531419,0.7376900142343688,0.6390977443609023,True,5
-0.99541791676856028,-0.06708146584545005,-0.068141381818720703,0.077724063284576983,-0.98272418987487031,-0.16796468861434574,-0.055696866722231654,-0.17249128550394882,0.98343510993990879,-11.399930482542189,-12.830913717597571,-0.77091684961986373,,0.2376372694428165,0.3125,False,2
-0.43592890806534701,0.8997639705200462,0.019768269194740597,-0.89997710033885736,-0.43575627918461807,-0.012557229664180641,-0.0026843953911552055,-0.023265049004432655,0.99972572814557736,1.6170925618258676,3.9277856101942974,-0.78400080516897064,,0.06728002519179607,0.3076923076923077,False,5
-0.15522993997140103,-0.93974729525866163,-0.30459594020686837,0.98787458869784273,-0.1485189568142623,-0.045231808187071343,-0.0027318018859246031,-0.30792392002056962,0.9514070615344532,19.411896970892336,2.8580972723240783,0.35883456196249414,,0.3772218014148682,0.5,False,2
-0.967715887569077,0.25158555968275731,-0.01518772878041654,-0.24919237944606726,-0.96406824980033412,-0.092062846756593333,-0.03780368993102378,-0.085306013188019128,0.99563736628431365,3.0379670671588399,22.349435123120692,-0.48624471570454464,,0.4335892959911427,0.6521739130434783,False,3
-0.15083023255159339,-0.98758806667708887,-0.04381839231922547,0.9885446766623126,-0.15092390885416168,-0.0011815154606442347,-0.0054463924789959605,-0.043494646718763394,0.99903881431893016,-5.1801282111883147,2.3990413309465097,-1.2386235974637954,0.2178309817757863,0.1882730200620787,0.706953642384106,True,5
0.40647596261679764,0.91312710115807905,0.03124402255454704,-0.91366137554666538,0.40622218630426138,0.014367539398209339,0.00042737445041363554,-0.034386516032120423,0.99940851750735538,-19.732811227431711,4.6096075656096467,-0.99819282913777874,0.4419769378405526,0.4036914924903888,0.8848484848484849,True,5
0.54139878949820985,0.84025720582894436,0.029243439989318179,-0.84072781974821509,0.54071550597936946,0.028345629202546352,0.008005237740793418,-0.039932062881980909,0.99917032908443781,1.3734297907297754,2.3282455104003472,-0.78880769582518195,0.3514500897653133,0.2900789861244847,0.5788288288288288,True,5
-0.90723705562055756,0.41782353076504103,0.048419232211762406,-0.42052537727814565,-0.89856632339222287,-0.12544707860471277,-0.0089068498367831025,-0.13417175412290983,0.99091806342480548,3.5699026239375953,-14.611452153597531,-0.22073388722057374,,0.309165264649658,0.1111111111111111,False,4
-0.70606505540760867,0.70693090461432129,0.04148293183261146,-0.70793063313986759,-0.70318933442004694,-0.066022561447417763,-0.017503033863811392,-0.075983261703281818,0.99695545925908524,-8.7952985800473193,0.10553585808458611,-1.3899502779129254,0.2630459418959635,0.1438666909847409,0.2125,True,4
-0.85253031706941618,-0.51642920523532176,-0.08057874693449342,0.52267058040411063,-0.8431357777885844,-0.1262439091317567,-0.0027427828111303114,-0.14974290030866694,0.98872116440865065,-10.995329679649929,-3.9720563882618261,-1.1927043363520564,,0.120941239297616,0.148936170212766,False,5
-0.042431072546506909,0.99810145739017098,0.044643978744844909,-0.99909919314791584,-0.042417191448502804,-0.0012586186098747587,0.00063744312462858698,-0.044657167680431209,0.99900216768584893,-5.3282248579270854,19.348250181105005,-0.90731085569461789,,0.08436917387785318,0.3125,False,2
-0.69155701404892755,-0.71490410810966876,-0.10325217928766207,0.72197061276720464,-0.67966491064501966,-0.12966897677719955,0.02252400098294479,-0.16421852954468238,0.98616679316122968,3.1938097061025505,30.036746174676807,-0.45952790754522582,,0.4434745012259502,0.32,False,4
-0.20538581330652561,0.96455287260344769,0.16569376465291191,-0.97851267385147744,-0.19924533179242768,-0.053049456839419376,-0.018155296870308747,-0.1730290545294717,0.98474937496003923,-24.572746688170696,3.9238568114102015,-0.83796618022548963,,0.1675013593483422,0.2727272727272727,False,3
0.42616411427325029,-0.90263128014152694,-0.060340034933417379,0.90464480064213959,0.42531706503007721,0.026891985150709119,0.0013900995795619138,-0.066046697905882398,0.99781556478083111,-9.2353164390457589,18.612715966325666,-1.2205431170037155,0.2256165760429756,0.1875093564614489,0.7777777777777778,True,5
-0.92734257378584084,0.37196243708014526,0.040984097472688552,-0.37420981331294428,-0.92126827420316471,-0.10598010458106623,-0.0016632692335439864,-0.11361651441635279,0.99352328668599155,-23.25133037806058,7.7264920798629317,-0.87553868644410515,,0.1820661126425244,0.2666666666666667,False,2
-0.0047891581294024895,0.99548549936671182,0.094792850548024485,-0.99998844333572534,-0.0048074912428920985,-3.4970591759448354e-05,0.00042090308189760256,-0.094791922538568829,0.99549701871077312,1.5989330575693905,5.3300838496725333,-0.82653683131330158,0.2019876088886682,0.1597733447221414,0.6503667481662592,True,5
0.87160078396521856,-0.48918136890908837,-0.031838054328866355,0.49020239610127503,0.87022592154520306,0.049076025994079245,0.0036992225921422661,-0.058381793249549729,0.99828747461299017,2.487764431841609,16.589762417730888,-0.57141428405760875,,0.1023156137638847,0.3,False,5
0.44486228931870675,0.88821494526054023,0.11476826459407526,-0.8940005707822547,0.43275431948299942,0.11613215924027875,0.053483857219938639,-0.15426571227794711,0.98658074531801787,1.2310371098198001,-7.6307866517474663,-0.60562600961798918,,0.2090145179688555,0.26,False,2
0.66824198476226349,0.73080206797948022,0.13921561420296086,-0.74392175936803384,0.6578641779893023,0.11745271072746748,-0.0057502817114777512,-0.18205235718159885,0.98327202416465787,15.360107884684787,2.8751073593389309,0.12826406211783964,,0.2289742611952853,0.1052631578947368,False,3
-0.71783016138564482,-0.68650802031926883,-0.11587319553018872,0.69619985324460554,-0.7090098718115081,-0.11229766701057692,-0.0050619904433453055,-0.1612815541565347,0.9868954537039899,-23.293384088539838,-5.9212993160003187,-0.79187431833432831,,0.08000447206148398,0.375,False,1
-0.86178363799247093,-0.50650582030514357,-0.027943072226879924,0.50722712687876526,-0.86115703465800575,-0.033603622086675167,-0.0070429430478989377,-0.043132535933385174,0.99904453419113415,-3.5211962363001543,5.3938624151916414,-1.0675869655336758,0.1379078013500749,0.1265025965197598,0.607773851590106,True,5
0.39465925212628861,-0.90639780498074174,-0.15062235503806565,0.91857687658214748,0.39304311832612621,0.041636870019995637,0.021461512521393736,-0.15479058841728455,0.98771416777209697,-1.5413541687252859,8.8760843276515615,-0.89238253744919838,,0.2155497755730937,0.4608695652173913,False,4
0.65692116640325005,-0.74924328137484408,-0.084196712798362328,0.7539196831859174,0.65392222165083524,0.063173090284410524,0.0077260880295213913,-0.10497729919316974,0.99444460590717076,2.5484489846488989,-15.125102514087505,-0.23490590206234213,0.6224952326092401,0.5244337156383994,0.5925925925925926,True,5
0.73074957920937711,-0.67084214920085139,-0.12639566187531998,0.68224171629195973,0.71132101262574265,0.16902265394936827,-0.023479630242372401,-0.20974562654002965,0.97747402989082566,-2.9100129937115407,-13.921637758096223,-0.47183128798187923,,0.2841505704267245,0.275,False,4
0.9542120227236941,0.29672916793325782,0.037831423277385867,-0.29904063796407554,0.94315360052010211,0.1450378663384369,0.007356122320552945,-0.14971000876228704,0.98870258457273219,21.031969930742509,7.1914866735173648,0.27122893645725615,0.6347041987952912,0.2872475452815796,0.4285714285714285,True,5
-0.78959792034311604,0.60963735583924428,0.069838517704500058,-0.61360599567057039,-0.78355773492365688,-0.097595891913734259,-0.0047755907440978603,-0.11991484648134257,0.99277269469219476,5.7730098310915219,11.751569915064898,-0.49205462354265644,,0.2580632009531821,0.15,False,1
-0.94481887239041484,-0.32744456869189853,-0.0098667527120223173,0.32753565144734681,-0.94478883549400816,-0.0097187116860498451,-0.0061396584486194117,-0.012414135493503276,0.99990409231789912,-1.9032810091108565,5.1985275194949363,-0.97407507601445154,0.2001595785865762,0.1873406748430017,0.8157142857142857,True,5
0.41670204891346785,0.89749628610896426,0.144429286683604,-0.90903722954316302,0.41083416556388558,0.069761047224916467,0.0032737953217889634,-0.16036116994473046,0.98705297600389641,11.925437781541763,-7.6854567124125674,0.028692119659196307,0.9011898681360181,0.5242089019196595,0.6065573770491803,True,3
0.48466779764780132,-0.81986103347479322,-0.30483604070528619,0.87469430595246522,0.45533446624002605,0.16607346262496736,0.0026451951848211978,-0.3471288084321949,0.93781373059839535,12.154335425557246,12.226092733044037,-0.2633829975256709,,0.1902740218246708,0.2777777777777778,False,1
-0.9802071096733691,0.19787278553115276,0.0063547534903470801,-0.19795273242153263,-0.9791135251245594,-0.046383409156816706,-0.0029559892810591681,-0.046723288243680036,0.99890349707219894,-9.1083899896410543,15.743403256068163,-1.2395469047677876,0.6005208330662775,0.5702522484425389,0.9,True,5
0.1657258966298028,-0.98513638836146322,-0.045179901641997908,0.98617113258978073,0.16549632072428797,0.0088014245047500772,-0.0011934960566097057,-0.046013738740253191,0.99894009400679606,-16.815503064084869,-5.1565120194992211,-0.99639897452436177,,0.1226323223723933,0.3,False,3
0.89088522711368057,0.45384713431041834,0.018608890048229729,-0.45420201726137788,0.88964321234985388,0.047280886577219981,0.0049030221599548861,-0.050574038775383905,0.99870827921653127,-34.178756594933276,7.318710265062129,-0.55623690653151148,0.4601793549739828,0.4494574971273037,0.85,True,2
0.78511881493573765,0.61852059082120392,0.031948789712459097,-0.61783347757155505,0.77855780588796253,0.11013417672439169,0.043246276437869546,-0.10620744616602849,0.99340310949440291,-17.889420273976349,-5.8662957648279903,-0.97058767160675541,,0.4617040461343522,0.9324324324324325,False,4
-0.021794046742415925,-0.99481945643278846,-0.099293849907035631,0.99964564794756605,-0.023202078299957893,0.013047685697212713,-0.015283915273254324,-0.098974303055561638,0.99497260729559078,-10.569481662438438,5.1399761744334542,-1.2647779125447427,,0.1200799212272637,0.3846153846153846,False,5
0.98612153211501319,-0.16299182696332895,-0.031590951905493228,0.16512712161651882,0.98263238258066787,0.084655976814888553,0.017244060014462204,-0.088697604516670928,0.99590932184974623,-1.5688672332255233,12.479623479929099,-0.93915617829798614,,0.1799844958453691,0.2758620689655172,False,4
0.76475047030337273,0.64078213373847348,0.06749055676417709,-0.64428359232170551,0.75928319015662371,0.091584331687348516,0.0074411582302802235,-0.11352221909013585,0.99350759178631476,22.650586581435423,3.2163928029603843,0.44899417229410882,,0.3351279592539534,0.391304347826087,False,4
0.41142457172538016,0.9114190013152117,0.0067250146594490575,-0.91143378849571655,0.41137424502573916,0.0077252649047444147,0.0042744553960597266,-0.0093077693936504703,0.99994754585427192,-24.255476341316914,4.71285960417831,-0.85429949112046344,,0.07630504580589804,0.5333333333333333,False,2
-0.86042477854593635,-0.50887580067866034,-0.026732376396952862,0.50955736806437701,-0.85967209386505428,-0.036265406119025477,-0.0045264904154013567,-0.044825333387778533,0.99898458465143158,-6.8659538614239031,8.6902204871117696,-1.1684651480739725,,0.07918069375132891,0.3181818181818182,False,4
-0.98830031209975144,-0.15217056116591959,-0.010325377377249111,0.15240083580253633,-0.98794039706361114,-0.027345147585666869,-0.0060397309726353023,-0.028598814035597702,0.99957272346014658,-7.0445390050061034,0.12392180071652407,-1.3522420005782954,0.2166716244867863,0.1810450408770445,0.7269789983844911,True,5
0.87200633736116295,-0.48878317362304485,-0.026380992872796119,0.48946499402984978,0.87127894766778324,0.036014094050516393,0.0053821205234708697,-0.044317090765355886,0.99900301713496664,-27.795959912841475,10.781832109381519,-0.75952969910272639,,0.1162935532545512,0.4117647058823529,False,1
0.68708078827925878,-0.69960494070149559,-0.19614514351268067,0.7188948845864005,0.69373519079637269,0.043836400014450855,0.1054046265258744,-0.17112688858498529,0.97959453485111059,-15.671580905263223,-18.362185431463431,-0.36877233749559923,,0.2540087897230022,0.6956521739130435,False,2
-0.75021835290609495,-0.63319165827431612,-0.19037002614562668,0.66109575068324111,-0.72321259901898149,-0.19978975211149022,-0.011172796938401066,-0.27573875409893062,0.96116767949018211,2.8308746992254146,1.865146515775157,-0.66732558331252334,0.7827181585316124,0.6388240158305891,0.2315270935960591,True,2
-0.046825771416374229,-0.95748725665327927,-0.28464978566273369,0.9988460303860458,-0.047927052791310876,-0.0030992245447390102,-0.010674957297398478,-0.28446643203955996,0.95862656667201873,15.428606565014514,6.1522568341386084,0.057616619416248321,,0.5733174964309964,0.3333333333333333,False,3
0.76489322904014978,-0.63703302843526743,-0.095536740844168522,0.64383919611182616,0.76071946936924617,0.08232240565393345,0.020234567418441245,-0.12447814910724352,0.99201600424399639,9.2059800725888046,-5.545268564683786,-0.11696827202212848,0.7682948437912871,0.4211778692859007,0.1333333333333333,True,6
0.91607133417859199,0.40051838521474697,0.019958301561658696,-0.40096542096724719,0.91403682170367817,0.061346717584535367,0.0063278657391611561,-0.064200558212604342,0.9979169536792013,6.3630062585424563,-2.8967629001884374,-0.3570448502038886,0.5136812250706887,0.4898818763371843,0.8894389438943895,True,5
0.10903098793404997,0.99176715333484355,0.067157704220920794,-0.99385110092848095,0.11007266469517941,-0.011999902922414447,-0.019293337020064909,-0.065436397005047928,0.99767020858278943,6.7773090537845864,-15.007743742119475,-0.067139200227594981,0.5843785894586843,0.5053195247959513,0.9576271186440678,True,5
-0.78826158052934603,-0.5994101906270497,-0.13910824574345462,0.6153370491836011,-0.76711633086294961,-0.18136386306368882,0.001999140664363401,-0.22856062280237585,0.9735276293669296,8.4886143052245107,10.858572872458774,-0.37435614254288241,,0.1800966049950517,0.1904761904761905,False,2
-0.60119158931776395,-0.78523434967585237,-0.14824199480148023,0.799061539228196,-0.58879129746689673,-0.12175986429654941,0.0083264313992765099,-0.1916554828758868,0.98142694400743014,14.294588002600609,3.3935103968400684,0.048450943662234638,0.5240145644585832,0.5433604596002997,0.7710843373493976,True,5
-0.54866160770349615,-0.83030464705454576,-0.097798943306367417,0.83603837075058929,-0.54444208134717276,-0.067990166134959257,0.003206690648594435,-0.11906726308261914,0.99288101200350243,-2.8760256676357474,10.160889994811436,-0.96312022951401266,,0.1537810882264328,0.3902439024390244,False,4
0.19101585139148364,0.95143341038570439,0.24142785696562652,-0.98158572867307547,0.18475944501795372,0.048511903096100192,0.0015497685421803384,-0.24624868137410633,0.96920544011008303,0.11036097118791242,-12.226015549024655,-0.46270750961705831,,0.1814743165182895,0.1,False,2
-0.18561976097481334,-0.9356758646481329,-0.3000932865803958,0.98262005436773525,-0.17730143065720244,-0.054973006478265821,-0.0017700536724672353,-0.30508175789758318,0.95232451817020791,18.996942785699126,-6.5239981680781529,0.27378025371259374,,0.3399415372574912,0.4,False,1
-0.97878229231463043,0.20480007420079821,0.0064926003008568961,-0.2047987243882993,-0.97678255485770893,-0.062875456376665764,-0.0065350394218092658,-0.062871059582260011,0.99800026208752135,1.6692584419148782,11.105249498210599,-0.78162499773126648,,0.1067812282441325,0.2586206896551724,False,5
-0.080503554922106105,-0.97581888878228673,-0.20321583093008921,0.99675004549407153,-0.079409544796997356,-0.013545146831978706,-0.0029196664997276005,-0.20364582119659819,0.97904027243862313,-12.532167691945284,-22.580872931293172,-0.11985583661909874,,0.4607866860204177,0.6,False,3
-0.71550009509752588,-0.69156128125896987,-0.099008121782432276,0.69843561609563143,-0.70490865348509757,-0.12365872557544796,0.015725904888065249,-0.15762862844445621,0.98737323814764832,3.4414548431332532,17.579215018730601,-0.52932773491499385,,0.1611268575321819,0.2941176470588235,False,4
0.86339269014813613,0.50209633943944465,0.049520990703697781,-0.50441480407977135,0.85690313198180168,0.10622018558139271,0.010898074322155437,-0.1166888526007948,0.99310872700564856,-7.2600176582917673,15.077513854257734,-1.2042281675081294,,0.08177754537470827,0.5,False,2
-0.080618223696358862,0.99629279798519377,0.030022702924248176,-0.99674478758103824,-0.080559614140707614,-0.0031586388731845712,-0.00072831179775133021,-0.030179616504092781,0.99954422628995809,-3.9730492749635573,6.9748355116444367,-1.0566719511945584,0.2120971200734023,0.2187295834120872,0.9031476997578692,True,5
-0.67359002212465002,-0.72665083033490196,-0.13511126106921295,0.73909797695416546,-0.66304079356227197,-0.11879009442951918,-0.0032653570057587771,-0.17987628205495032,0.9836838214577458,-17.392397204129534,10.047722946660558,-1.1420872370562096,0.8601309331229886,0.5150759257244863,0.459016393442623,True,3
-0.35686095076946439,0.9180440958330387,0.17275792289216527,-0.93393130703342653,-0.35469006390488472,-0.044353943567481104,0.020556642691659389,-0.177172223198926,0.9839651557692477,-7.4203054938991855,-9.6471385402811052,-0.80953204262652911,0.258485882814048,0.2237654467847864,0.4276315789473684,True,5
0.35528110906979204,-0.89517878204564905,-0.26912874560961847,0.9347578292336306,0.34078204137998497,0.10047587252331104,0.0017703741324889997,-0.28726738145525393,0.95784879669354528,-14.82683020107992,-20.705629524141273,-0.22910852148484284,,0.3148303852213785,0.1538461538461539,False,1
-0.79538355861099463,0.60416041467804171,0.04853027948988984,-0.60235780791593418,-0.77903505289067454,-0.17398119901395656,-0.067305764493249376,-0.1676143779742062,0.98355241566593632,9.5491612153777865,-12.382467918939904,-0.0049123918974900756,,0.3388180039109119,0.2272727272727273,False,2
-0.51373044516599031,0.85759509337985695,0.024732276893719242,-0.85784854923705545,-0.51300834957788199,-0.030303462430173032,-0.013300236141987134,-0.036784359096929863,0.99923471449124268,-1.3267741558160531,1.3851963090388963,-1.0196429013229267,,0.1111775593029736,0.3135593220338983,False,5
-0.083120301260854304,0.99144087883775389,0.1006777000518283,-0.99639266157345807,-0.084417206823456048,0.0086832686636211937,0.017107877742830013,-0.099592765608486414,0.99488119972064415,13.783703437783847,-10.457662984056642,0.13141745388248896,,0.377964519929941,0.6410256410256411,True,7
0.65536809974874832,-0.72364197363615113,-0.21641383464023689,0.75492045825012333,0.63676385414827463,0.15692958856015535,0.024243670248944638,-0.26622187746729581,0.96360684742827019,24.710029848941517,-0.86335231221058939,0.50298159242071905,,0.2423278582459355,0.125,False,3
0.8451196028652288,0.52683518696330733,0.090650662602401094,-0.53457716104709729,0.83298780092778268,0.14268350427544627,-0.00034020544228589508,-0.16904440032971416,0.98560837809822976,-8.4450685190193973,8.840399293654114,-1.3123043586248049,,0.2209451126628393,0.2631578947368421,False,2
-0.38820615995408664,0.92085108975014551,0.036458851869916015,-0.9215715448756957,-0.38796044681371128,-0.01387729741448767,0.0013656680148496749,-0.038986692781971644,0.99923879665313153,11.412296460790424,10.133760193041715,-0.21638209294683686,,0.1213385644293479,0.3333333333333333,False,4
-0.0039170682161045857,-0.97053385843770235,-0.24093294959929637,0.99996212079287294,-0.0019288536762101765,-0.0084874320566500974,0.0077726157766136884,-0.24095706910054016,0.97050465083608295,-17.822177726351672,-14.341808960763146,-0.40511611041140516,0.8466366925967169,0.486717147047637,0.618421052631579,True,5
0.91506941674660702,-0.40245479828934427,-0.026040312381146513,0.40322215659038702,0.91423051913748965,0.039930568643502508,0.00773659935771835,-0.047039273075583463,0.99886307961546905,-19.684752577825524,-5.0574861856878277,-0.94452512721411064,,0.594522648916847,0.7164179104477612,False,3
0.79927412356592031,-0.58583910427939001,-0.13399037015790707,0.60088215531046696,0.77530740233296702,0.19452266530447129,-0.010075258179251385,-0.23598935523626857,0.97170340813840528,-18.356590927208067,23.993192456259241,-1.1274059274630526,,0.3435097298175729,0.1875,False,3
-0.87493998556498465,-0.48278327232365137,-0.037421031840563591,0.48402076994544896,-0.87422302942138297,-0.038183623331410274,-0.014279913198619563,-0.051520935490025628,0.99856981592939853,-23.036949807522841,-11.613740633606193,-0.36580719252055044,,0.1405780913078778,0.4347826086956522,False,3
0.76848098710473456,0.6397322023382308,0.013404542141055471,-0.63981196209080637,0.76795106032010929,0.029863390944991339,0.0088105405081977325,-0.031525834559899109,0.99946410447362066,11.11663642360802,-2.8158131719063242,-0.075933837349900057,,0.07453459004579213,0.3636363636363636,False,5
0.7384999582191728,-0.66688332877400813,-0.099420508515997014,0.67390249421637871,0.73480462794279566,0.076925854189564852,0.021754080059259724,-0.12380946877015885,0.9920675256471343,11.018449714452139,-8.0284506154967126,-0.014358760093832306,0.658427170239561,0.2860248628425225,0.2,True,3
-0.50735951285931724,0.86120982103099808,0.030066075083250623,-0.86173284919250337,-0.50711765242565721,-0.015753831942089479,0.0016796826264723038,-0.033901781045331369,0.99942375792665028,3.7981170672615034,16.455882999094442,-0.52365992418684693,0.2036065889182726,0.138485104267648,0.6,True,5
-0.006326862254033061,0.99380235001523698,0.11098134941606576,-0.99997984293957975,-0.0063469767033640751,-0.00017205016783077443,0.00053341217814093476,-0.11098020089601274,0.99382247432855386,-23.945468789486451,-2.2348013258745927,-0.81396312031307683,,0.2292059956610973,0.5,False,1
0.14601124441671168,0.98923654333637767,0.0095800747272350995,-0.98927783327381025,0.14597255950798202,0.0046239013576363968,0.0031757041675443752,-0.010152497160048939,0.99994341925153762,-3.5468335817660814,1.3647734851965769,-1.1285475094415991,0.2981050876769732,0.1740935243843124,0.7461538461538462,True,5
-0.43072491120634915,-0.89485064115629154,-0.11712549205214305,0.9021959701781822,-0.43022061901218384,-0.030865034764633571,-0.022770205544336057,-0.1189644862929579,0.99263738028573223,-7.5444260728429375,18.085620743275911,-1.1650193349608582,,0.1643464596707152,0.2857142857142857,False,4
-0.047012754185676797,-0.99722324363737891,-0.0577546820026094,0.9988939171279001,-0.046983991649301018,-0.0018565703807259227,-0.00086213035981005264,-0.05777808302500019,0.99832907893800193,2.0408760904182426,7.6148570379933069,-0.79141575360339234,,0.4558141151644195,0.4558139534883721,False,4
-0.989649086033908,-0.13309187933264735,-0.053677166169187052,0.14290785133725759,-0.94815900346108051,-0.28385181024939526,-0.013116117505525203,-0.28858457306549562,0.95736456569594552,-4.6084529333283673,-10.811827082544085,-0.71176494328827067,,0.7059023155471593,0.2559523809523809,False,2
-0.75912645333356976,-0.64676377959895792,-0.07364537492650762,0.65092157248311722,-0.75514930131217539,-0.077785854779892513,-0.0053041799838465103,-0.106986663311851,0.99424630728411323,-22.197026972143355,-8.5031287927653008,-0.77723808016324691,,0.1837700688429277,0.2380952380952381,False,1
-0.13196095849579961,-0.97116828670654176,-0.19854083793605695,0.98976643089230953,-0.11812053273103969,-0.080062176001128263,0.054302096751139277,-0.20707413803470764,0.97681706764655474,4.9252089432691557,5.2101563293536728,-0.61994056958231425,0.3725110859108415,0.3794657741787192,0.1372549019607843,True,5
0.15637383395096902,-0.98193391274748276,-0.10655052816337074,0.98745952874736642,0.15305360342664195,0.038707538854195048,-0.021700302797509174,-0.11126718058142164,0.99355357751052231,2.6561021549707813,11.714743251736806,-0.70856465887824926,,0.1039415857859799,0.2380952380952381,False,5
0.80169978317224166,-0.59711903375622266,-0.02695027249614548,0.59768193152905547,0.80137731941920021,0.023889341644235319,0.0073325565308999764,-0.035259770937041648,0.99935128066570733,9.2208162800574041,-2.7543612610760762,-0.19764486398496528,0.2405758757997397,0.09354319884171283,0.4406779661016949,True,5
-0.37653308913339018,0.92519155034215583,0.047364838890730274,-0.92640300433171241,-0.37601001700198861,-0.019847938919239742,-0.0005534915031878869,-0.051352334802252236,0.99868044506614495,-6.5390997476081889,13.206935760165075,-1.1813555500773081,,0.1542124915109993,0.4216867469879518,False,5
0.82726556085933489,0.56084660575856826,0.032905571339559306,-0.56180436626722541,0.82554911961025756,0.053333902480593685,0.0027469727284537455,-0.062607794401507488,0.99803442737262704,-24.127694064613653,8.5164056938037795,-0.85024737590349275,0.3801162257894974,0.3359845266584684,0.3684210526315789,True,5
0.93946445336451578,0.34228108679382474,0.015817663789238535,-0.34252258745688702,0.93688307409508853,0.070202439814975454,0.0092096659195835106,-0.071370603874244334,0.997407348557386,-1.6629037419769472,-12.326750100388603,-0.5411628720106868,,0.1003620578139528,0.3809523809523809,False,3
-0.42717315363439273,0.89462366509771507,0.13104043139877938,-0.90414886158547347,-0.42166605943611307,-0.068648163947131247,-0.0061589696978798011,-0.14780470955538255,0.98899738873543475,-7.5438206376872596,-3.8281013497550518,-1.3143965231763637,0.3617077195419893,0.154893798750624,0.2899408284023668,True,5
-0.43881971318420676,0.89394103946573422,0.091140974758078974,-0.89857209677746019,-0.43629175916053042,-0.047092332513566551,-0.0023337124692359244,-0.10256178063748715,0.99472389884760426,-3.7226253957505295,22.548516887474005,-0.79208471831729155,,0.07529616624885663,0.25,False,1
0.98730702045321628,-0.15595007271379679,-0.030073612758597979,0.1581001701318934,0.98308055802549987,0.092503797957370168,0.015138809994811046,-0.096084292435512461,0.99525806963777397,-8.5975457624484797,-10.366814881814628,-0.80810336477583478,0.3998930573145137,0.6406290177169341,0.8041237113402062,True,5
-0.99921518737808701,-0.03925637966366078,-0.0052863946767346855,0.039610710689524715,-0.99017456910064661,-0.13410933712840586,3.0193483622860048e-05,-0.13421348427804181,0.99095244069849397,9.9519825617842255,7.1806558304023662,-0.29359033830271275,,0.1389979786984375,0.15625,False,4
0.11650491376266893,0.98692556416260513,0.11137565205859215,-0.99318659503978868,0.11547108117126487,0.015710405672977074,0.0026443340226660486,-0.11244714409651602,0.9936541889823205,-11.509229158604212,6.425685042601919,-1.2405298010790249,,0.08177853646869572,0.2173913043478261,False,5
-0.55669193950176765,0.8237379739589723,0.10747015749373534,-0.83068752711301985,-0.55311920954359695,-0.063382744755356463,0.0072330348137247605,-0.12455878247572263,0.99218586611357718,10.898124933447431,3.2485410097303329,-0.17420787939040477,0.4411822531986296,0.3411954463236475,0.3555555555555556,True,4
-0.86312226766236544,-0.49223143365475935,-0.11281917739265616,0.50496058399617016,-0.84385805884665643,-0.18143424464471669,-0.005895733679706203,-0.21356917437151954,0.97691015353646771,-1.3250946759668081,-25.794536086186508,0.065184836459259751,,0.2588326763654847,0.125,False,1
-0.75356521152386691,0.64717241652053314,0.11535742401754122,-0.65736949933622024,-0.74128202427579848,-0.13552232962881389,-0.0021939287674071963,-0.17795736506407156,0.98403575285454736,1.4407673345632699,6.4501106069449783,-0.83938976042325875,0.2272495472584233,0.1935037243262571,0.125,True,4
-0.066327787298249771,0.99181156269745929,0.1091350023216255,-0.9976937843029936,-0.064343048474156117,-0.021612146497350146,-0.01441309804617579,-0.11031679932211343,0.99379196333640907,-9.8780649402062046,-11.079433277423362,-0.82426188533973532,,0.111145759398606,0.2142857142857143,False,3
-0.78348128242956727,0.62109207727969906,0.020042744894567914,-0.62139963911458196,-0.78282421426108939,-0.03238422570905572,-0.0044236399930064558,-0.037826989133369668,0.9992745119847275,11.870193872306364,17.633406475507027,-0.27229649799135813,0.4246936214782809,0.3874937274549616,0.7142857142857143,True,5
0.8607297781608505,-0.47673803723614649,-0.17850796295796237,0.50903456070118336,0.80968128666678674,0.29206168874635291,0.0052976408832594267,-0.34225291506990096,0.93959293160774082,-22.822887754595207,-7.2862708432829892,-0.81437264772032825,,0.4011783574317184,0.1851851851851852,False,1
-0.77501387536807465,0.63169415241346671,0.017776129882247062,-0.63192293650537912,-0.77445026629886193,-0.030003122304862115,-0.0051860683930580655,-0.034485980285524083,0.99939172593051262,0.9362195024868607,-9.6519382432483702,-0.49787258535390183,0.2480906428437775,0.2626899459277813,0.6583333333333333,True,2
-0.1156177882365113,0.96934698876596115,0.21679239473205664,-0.9932935922339583,-0.1126973463478777,-0.025829203493416695,-0.00060553303386230999,-0.2183248119122265,0.97587597051737818,16.553027717550954,12.407839017723791,-0.16294108345997801,,0.2264965578906305,0.28,False,5
