axis_00,axis_01,axis_02,axis_10,axis_11,axis_12,axis_20,axis_21,axis_22,location_x,location_y,location_z,dbh,dbh_approximation,score,reconstructed,number_clusters
-0.29989693515659405,-0.91259406609008664,-0.27790987535682177,0.9479751781844088,-0.31769798776404595,0.020274370937572991,-0.10679367879195754,-0.25737144190418398,0.96039317524763845,-9.4812655015323806,12.667660967397543,-3.3532779397551797,,0.3170132482676611,0.3214285714285715,False,3
-0.96672415530999489,-0.25535330854706872,-0.015462708502804928,0.25581972448025914,-0.96475735763446979,-0.061640161072147676,0.00082225727210898797,-0.063544698474550021,0.99797865467591906,1.3018059314617283,-8.8040920234217293,-0.18768079296139253,,0.1830203797976561,0.2,False,5
-0.46027365114525104,0.86663534324983438,0.19259114177879824,-0.87829085455050016,-0.47614004103570373,0.043541200436713119,0.1294346973356508,-0.1491101711915041,0.98031261135051651,-12.205131557730599,-17.555677564415959,0.82690592212158198,,0.2424921887188196,0.3181818181818182,False,4
-0.77693182475672184,0.62958315815835886,0.0014094834292733352,-0.62757107528712375,-0.7746238611185996,0.078181962425330792,0.050313866310924299,0.059857503698865264,0.99693810946707562,1.7620651752721193,-10.86322442354836,0.12298951044085149,,0.09617606988567523,0.4222222222222222,True,4
-0.96921816807390238,-0.23773316315909232,-0.064024103350545786,0.23401297621488917,-0.9703483761877687,0.06051409581915642,-0.076511892137880441,0.04366889011794052,0.996111920618034,-18.486026033631166,8.8306357028080367,-3.0211537336354244,,0.2610198602900277,0.3170731707317073,False,4
-0.9027633219874861,0.43010317549319621,0.0054445298041999428,-0.43004865614045623,-0.90276171448457032,0.0089129239123999227,0.0087485899382543329,0.0057048480741670061,0.99994545695380033,-12.13394124071163,12.130429649817904,-3.3615223010378528,0.3391219045981582,0.263212092508727,0.3793103448275862,True,3
-0.98095599085261243,0.19337024422698618,0.018256304608655415,-0.19422238247206577,-0.9774137844753612,-0.08330642270813228,0.0017349804733327936,-0.085265717408271297,0.99635673695600058,10.13676850829431,4.523236097467124,-1.8350143575499518,,0.2073295413566024,0.1666666666666667,False,5
0.45351720503067133,-0.88266157050923,-0.12341270877566961,0.8869112888544457,0.43332008321528498,0.16006895759279782,-0.087809512262137374,-0.18205015086090609,0.97936062414608405,-12.294854711763055,-9.2285126136219251,-0.22608780457578387,,0.5825617230797713,0.265625,False,3
-0.88568144547139294,0.46150771744545122,0.050783893962477136,-0.46280330438791939,-0.88629815034468451,-0.016990884120980598,0.037168247138190211,-0.038551464743627188,0.9985651235501839,-12.928714548876316,-4.085093714794592,-1.0208474652768975,0.7437167607119664,0.7170450776450941,0.9128521126760564,True,4
0.99957568838858346,-0.013542959713954295,-0.025788203207598,0.019373018366843599,0.9702355359155419,0.2413870149905325,0.021751536539934273,-0.24178418701161541,0.97008622171912362,-17.372642259377859,3.8243727527856772,-2.2866315648325641,0.9086240542545719,0.5226376585648395,0.5522388059701493,True,2
-0.021938015251121674,-0.9992754174485885,-0.031102468869732697,0.99488321672951896,-0.02488928491571114,0.097917866430553113,-0.098621035062346818,-0.02879520063023858,0.99470836322205392,-2.6893936630361277,8.9469463409276031,-2.7705000657821568,0.2431164616656196,0.2363249671967078,0.7727272727272727,True,5
0.36735436081068623,-0.92467247846540823,-0.10015778133531185,0.92598208968395612,0.35350961533698599,0.13262021508363978,-0.087223524223152632,-0.14146292600160695,0.98609345266519122,-14.837398862641502,-9.7923657982957817,-0.19800728992668354,,0.08646133447025484,0.6666666666666666,False,3
0.74558650140342309,-0.6654189242981613,-0.036310110312149785,0.66434698675349613,0.73789274143129024,0.11898480295636171,-0.052381772751146166,-0.1128359753309732,0.992231924780973,5.3043237242225514,1.8375928742676677,-1.5377668715140245,,0.07677782927277962,0.2580645161290323,False,5
-0.99968461383490725,-0.020371378609599804,-0.014686040831236159,0.019268506027077706,-0.99724127645945682,0.071683758278968696,-0.016105823084737552,0.071378172147075106,0.99731928638912093,0.33903048710127898,-5.6528400327703006,-0.60780488494063201,0.2698717163289461,0.2418297585384102,0.783410138248848,True,5
0.22925977458773414,-0.97279931299634415,-0.033188136281264546,0.96888523390437742,0.22480431924201905,0.10355878317261877,-0.093281076741439803,-0.055897358470457945,0.99406947747025398,2.393006524078034,4.9250540246339458,-2.0665612082221401,,0.06989310252529096,0.2857142857142857,False,5
-0.91812444037500462,0.39562540158998216,-0.022979416938859392,-0.39301228334499122,-0.91643845888068809,-0.07537835381822483,-0.050880812945952036,-0.060175515794669024,0.99689018962612141,-14.459122726295085,8.3980019190523763,-2.9194647025675593,0.5545930137771211,0.2274918142652741,0.288135593220339,True,5
-0.43551445632406632,0.8857986868963601,0.16027427936333635,-0.89383594433371727,-0.44663850080739342,0.039640310462653171,0.10669799880880815,-0.12599498358747424,0.98627622964410311,6.2817345991266196,11.07811501065517,-2.9817191769021765,,0.3909537283557658,0.3529411764705883,False,5
-0.34682099666331839,0.92615520581085953,0.14816116570446966,-0.93385156838171701,-0.35569449468171932,0.03745229878290475,0.08738675245407676,-0.12537129337516298,0.98825381066453222,-7.9446364883620193,-9.743063515484808,-0.11734726882842152,,0.1910680646593322,0.2916666666666667,False,1
-0.88927493145750491,-0.45511582271027151,-0.045383743785655961,0.45242406696043092,-0.88986893027759084,0.05870051585462506,-0.067101117101228958,0.031668199275745226,0.99724348342739166,8.1557435765189332,-14.556014908763418,0.65255610013092002,,0.1133636753359991,0.3,True,5
0.25151801416000574,-0.9403325570505412,-0.22915796015804846,0.9649658926623681,0.22536426228345996,0.13435689518499114,-0.074696148169273169,-0.25492279505023163,0.96407201702593337,-16.985495313839873,-0.374247207651761,-1.5880081607615231,0.4927369847732932,0.331610048685801,0.7835570469798657,True,5
0.2150270408678033,-0.96785864944904165,-0.13043391576700192,0.97152085412500944,0.19837610612395068,0.1295922471419918,-0.099552004981557418,-0.15458510667517869,0.98295108886372162,2.2134530114204756,-5.0895067711363131,-0.64409178924398058,,0.133680409945444,0.2631578947368421,False,3
-0.90257595343095465,0.43049223016101251,-0.005752222109877473,-0.42960225061856194,-0.89967226409881673,0.077664171113682651,0.028258707537142987,0.072568980854818124,0.99696298249534998,-5.3453950391832752,-7.5988871378707996,-0.44707605475196077,0.2624699074072945,0.2297022468407623,0.8831908831908832,True,5
-0.63046667060736494,-0.77442706725233978,-0.052673473022035233,0.77217133472106181,-0.63265419997307082,0.05916158459276067,-0.079140426384731746,-0.0033735387017649818,0.99685776926714531,4.3149901994814348,-14.060993793031496,0.51563026901466114,,0.0850435750446992,0.2727272727272727,False,5
-0.99956235223841017,-0.018899034195373414,-0.022758086345265348,0.020550477406707089,-0.99699699486599125,-0.074663713452649549,-0.021278671621435111,-0.075098726584843248,0.99694904553811681,3.7672653493197794,6.1098971497573755,-2.2345950847096652,,0.08310430226102061,0.3,False,5
0.69959363877398872,0.70243744579612244,0.13095944154733422,-0.70959286559321266,0.6614492800756856,0.24282259982664389,0.083944658473203634,-0.26280503159334162,0.96119030877503142,3.8438038266120453,7.3266383145642209,-2.4288736821311998,,0.09612505695643021,0.3928571428571428,False,5
0.99884676573766551,0.047489496045829277,-0.0070630263142977042,-0.043394761527280376,0.95591549767866291,0.29041772667959287,0.02054344779713866,-0.28977630866422716,0.95687389853080373,1.6661306314365858,3.5812510879184623,-1.8458148112641981,,0.13348381199217,0.2291666666666667,False,2
-0.99534987797537045,0.096316231292490728,-0.0013431321701752111,-0.096161883864122472,-0.99437421122382064,-0.044416440027399959,-0.0056136001031554111,-0.044080740041610368,0.99901220005126357,-0.5953508654367563,8.0747861020294778,-2.6464855701108334,,0.2872827662434819,0.40625,False,1
-0.98406180548089506,-0.17443356909542776,-0.034573009216918749,0.17385066678779462,-0.98458430238276717,0.019227510470162537,-0.037393965437243055,0.012910517962949071,0.99921719854834756,3.2702119072366989,10.959125753682764,-2.9994107938571415,,0.1169995628800081,0.2222222222222222,False,4
-0.99391452100428612,-0.10682751862332136,-0.026866451228369032,0.10655339203213934,-0.9942411679884483,0.011440040358899423,-0.02793384297349015,0.0085077107233364532,0.99957356871567093,-6.4586736724779996,5.0272982995937898,-2.2764468290934605,,0.07522348395240742,0.3577981651376147,False,5
0.43433455847063951,0.89365774321489166,0.11282432942491481,-0.89519532132139801,0.41436488389533599,0.16409472776016965,0.099894083920891288,-0.17227182296148102,0.97997121948102861,2.775108746634527,-4.5291531136086975,-0.76926110519751301,,0.1180913007950992,0.1764705882352941,False,5
0.93554836747892889,-0.35222689402199442,-0.026181429203332322,0.35245635355319327,0.92621072161543672,0.13382159020351564,-0.022886042635126579,-0.13442438131615089,0.99065953523916195,7.2521556829583815,2.2136344936205754,-1.5348415848868313,,0.09044527221398582,0.3333333333333333,False,5
0.61994310339295977,0.77384508880503688,0.12974716601078981,-0.77690200742027848,0.58219833573805979,0.23972561133549261,0.10997190287454439,-0.24941707318497441,0.96213164597262557,11.79635035985372,3.3478311745785554,-1.6017439235598661,,0.6280628335480507,0.3285714285714286,False,5
0.94536808275359185,-0.3243354445276595,-0.032950076386006735,0.32549597597132657,0.93341339746451812,0.15096953023779133,-0.01820872695362805,-0.15344689262670422,0.98798911603617245,8.3709461788187873,2.6331779699033864,-1.5409566554018794,,0.0883440528798955,0.4,False,5
0.73836010131119223,0.67433934190958733,0.0095295721137529515,-0.66969135119345302,0.73145641009148776,0.12839398067184127,0.079610645823367993,-0.1011828646017626,0.991677454106207,8.630454417791471,1.8010088939766538,-1.4182108156574025,0.1586997308037017,0.1243252308874882,0.2413793103448276,True,5
-0.7925073835000761,0.60474941711397567,0.078804756190023501,-0.60794980028745738,-0.79362422118019194,-0.023614315289109886,0.048260619849967518,-0.066623855010344929,0.9966103423681979,6.6696955442621668,12.245258517165983,-3.1348876467605691,,0.6998609934298962,0.4166666666666667,False,1
-0.2657413441198006,-0.96195885506287448,-0.063377434403145333,0.95882597864483332,-0.27056210913583412,0.086306939325562215,-0.10017125686133178,-0.037832608502353565,0.99425067917136911,-15.968625481238357,11.041416180936441,-3.2661293849009647,,0.1212235410146066,0.40625,False,3
0.88755967514114453,0.45996221610567817,0.025934201713171786,-0.4569863230461983,0.87189633709385073,0.17595532930559843,0.058320867723839868,-0.16802243039987086,0.98405647158608689,-13.415326102244176,-11.683084813027353,0.050963710381900708,,0.3411460224782962,0.3333333333333333,False,3
-0.9982251449956967,0.059088226915806723,-0.0074257213970023127,-0.058812260527217719,-0.99772069847403999,-0.033083619030449582,-0.0093636483273580942,-0.032588176942249927,0.99942500109492027,-18.705959634333627,-12.650393249077995,0.093372163744075878,,0.2083469203085066,0.3478260869565217,False,1
-0.99654974936767593,-0.082842519119984165,0.0050709033786722098,0.082858634877413392,-0.99655662924420918,0.0030547235013071578,0.0048003813882093495,0.0034643520711672079,0.99998247714810151,0.34782041533488606,-20.246383809376038,1.3193824757991279,,0.1779180095608094,0.2777777777777778,False,4
0.78585647152721672,0.6148841478067133,0.065932472536702577,-0.61053814141882912,0.75447630278349531,0.24084992507988706,0.098350312819191474,-0.22952776153258114,0.96832030994614993,9.4407934666250437,-3.7188868034826918,-0.73741806305705315,0.4285057223222606,0.3540527556546605,0.1851851851851852,True,4
-0.99702620353282678,-0.075381002143282888,-0.016014180740568196,0.074731878248160855,-0.99648454789389318,0.03786412790761591,-0.018812119562113722,0.036554757892463492,0.99915456954017046,2.4250221837910786,-10.274483122096948,0.031613172459986322,,0.2102693696890817,0.3076923076923077,False,5
-0.49329789744135688,-0.82291972759797327,-0.28188704530363606,0.86483903216805025,-0.49875353502306052,-0.057431348065591442,-0.093330771016673156,-0.27211768268908704,0.95772717093614645,-17.398005781892675,9.8208193166293309,-3.1585099553332379,,0.5423376970713635,0.2,False,1
-0.62913461169156326,0.77678960727415003,0.028063257162651973,-0.77321744141533177,-0.62911898335298022,0.079649815291936238,0.079526276555822617,0.028411455713910787,0.99642779995410735,-1.7145525976408227,15.440243719597017,-3.6758001767569946,,0.1162365698169591,0.45,False,3
0.98021080354369172,0.19329708003698304,0.042696832030093945,-0.19677410089189887,0.92788272226703172,0.3167232339701444,0.021604023570037354,-0.31885716640448614,0.94755652791698231,-1.5416557408177112,-10.586834242475987,0.069702089607710391,,0.3700105879232581,0.2083333333333333,False,5
-0.48579133790955181,0.87335565159144657,0.035449708677602151,-0.86915806137044138,-0.48695695588887444,0.08623912955391147,0.092579913409028117,0.011082822055778235,0.99564357612975962,-5.3547933493179949,-15.804886249073768,0.70624046604320523,,0.1259051035799478,0.5714285714285714,False,5
-0.23422645690789373,-0.96950145853707137,-0.072144915128283624,0.96592109522231751,-0.24048485867558594,0.09572601815756894,-0.11015627394249661,-0.047264729368484748,0.99278982703733953,20.962222189170681,-3.8866569073433941,-0.5354426015037721,,0.1878371590741551,0.4848484848484849,True,5
-0.85887893249249447,-0.50478097969483227,-0.086736047055883253,0.50778113660729696,-0.86134972201057702,-0.015328851819514988,-0.066972357180829625,-0.057208556445940972,0.99611338935033733,-17.133444816026884,-17.607171787815318,0.7605138040076509,,0.1575993650975496,0.3928571428571428,False,3
-0.10194797750852211,0.99266856094126754,0.064928714762536213,-0.99146213052079357,-0.10672435297573724,0.07491833036766718,0.08129854626677252,-0.056736589611142113,0.99507361826862151,14.564679481483669,-1.8704094820482231,-0.89221095230223979,0.6477456372480098,0.434683010878225,0.2222222222222222,True,5
-0.96048748130369632,0.27802330296812217,-0.012916704904003644,-0.27818249770804859,-0.95749212621832691,0.076310721388405806,0.0088485155700155638,0.076888693815171563,0.99700041752027546,-6.2764055954533422,-5.4206473049132846,-0.75793148921062337,,0.07825529420992876,0.2297297297297297,False,5
-0.93720869706708909,0.34869909723767561,0.0069855370185064984,-0.34817896028037038,-0.9365999229282822,0.039395380297871194,0.020279786978348476,0.034489476023326748,0.99919928256767021,6.9900475091045635,-12.674176929190287,0.40718291462182049,,0.2607458999417298,0.2352941176470588,False,1
0.98570505745706527,-0.16706699098091096,-0.021775220507443124,0.16847142246988164,0.97607661648520727,0.13744751202464206,-0.0017086586956451405,-0.13915121011106477,0.99026967095336615,-19.696211894953741,-10.12081674960365,-0.20146313608606564,,0.08115920791879272,0.5,False,1
0.90535277461735675,0.41965071835393508,0.065035590853618902,-0.42041049010748677,0.86410706288841688,0.27672008180458385,0.0599280677165199,-0.27787093847932187,0.95874729112961998,-10.739313313356577,-3.9121587552103283,-1.0341573958903614,1.40823422225855,0.6849619179502474,0.3444136657433056,True,3
-0.43367661967217813,-0.88045068468104826,-0.19165380610461272,0.89710418920422241,-0.44181896333153037,-0.00027812386617202811,-0.084431411583284904,-0.17205404815151362,0.98146255213977907,16.425547889527731,-6.594226831671361,-0.28080632042533343,,0.436709743017236,0.5,False,4
0.61754457365314086,0.78581815438767122,0.033593567633016005,-0.78091662704020248,0.60747683573857369,0.14539984750061713,0.093850525644309485,-0.1160246623602221,0.9888024861217144,-1.2094558867689251,16.492085921108401,-3.7949156204914734,0.3198070985841703,0.3088288074687758,0.3846153846153846,True,5
-0.7181022451793323,0.69577864469551343,0.014874241294122952,-0.6927404600217375,-0.71668631923413351,0.080444856090991529,0.066631978188201074,0.04746364301550425,0.99664807333101457,-32.40233417106748,5.6198312297195114,-2.332105198816969,,0.1352746087003963,0.4090909090909091,False,3
-0.97854458559754487,0.20595549822031381,0.0057294633737944717,-0.20570484899727798,-0.97817194551797249,0.02941360400549782,0.011662293802525835,0.02760394454434836,0.99955090573159733,-15.472937337869769,4.9182995588253604,-2.3719546396601294,0.1583623159580108,0.1573708444699258,0.5957446808510638,True,4
-0.16018778682082085,-0.97980728361817193,-0.11965600662827522,0.98203417072913168,-0.17044183134612095,0.080984379035259429,-0.099743473339328842,-0.10453357879724109,0.9895069329873577,-2.4720431366658517,-8.202681311245005,-0.32780518087979271,0.7897559191483928,0.8126576596154708,0.859375,True,5
-0.89360458752929117,0.44790157659016971,0.029240705098304409,-0.44749233902303659,-0.89407162722809308,0.019660414578584529,0.034949215474702186,0.0044836451410278123,0.99937903183124299,17.648028224561848,-8.8135072906035479,0.091856795460920057,0.3303183636561292,0.3663723171660533,0.4285714285714285,True,5
0.9687994110755701,0.24773702728202898,-0.0073529866782263177,-0.24458921610001139,0.96044149257985523,0.1331474922728931,0.040047677425898973,-0.12719475085254678,0.99106895768576475,14.254773452815321,2.7599538148913276,-1.5099197836904761,0.2290703194767135,0.1504208104090649,0.4722222222222222,True,5
-0.89968917625536393,-0.43583537766476771,-0.024635537435869808,0.43292072637556245,-0.89806943977258613,0.077787698391253018,-0.056027054209552979,0.059319515527038021,0.99666552276791287,-3.9557858665941241,4.3458822226173597,-2.125395453162445,,0.1087093290802121,0.5433962264150943,True,5
-0.13905942702265867,-0.98872145748075202,-0.055608949578882849,0.98359471660760067,-0.14441807581890384,0.10809649780810958,-0.11490826435789177,-0.039664831953535817,0.99258389664972602,-8.5804369915755583,10.705481102980034,-3.1176761822426537,0.152091796063605,0.2394067828376009,0.5,True,5
-0.94447001919887219,0.32849710074189187,0.0081263545733907747,-0.32855033586539162,-0.94446478709658366,-0.0063986512127796602,0.0055731173699721699,-0.0087132507582297729,0.99994650838132548,-20.185218492436235,3.6042358261196039,-2.2799640611772163,,0.5552195743431021,0.6444444444444445,False,4
0.3119241154383568,-0.94832272554147845,-0.058200983063700348,0.94590230783369889,0.3042037936416318,0.11282232034895642,-0.08928701049358613,-0.090244446674695306,0.99190915390548595,-6.5508139255443911,-8.8793229216370975,-0.2032797050438814,,0.07490693843484839,0.2452830188679245,False,4
-0.70469812065444148,-0.70892790750204493,-0.028666717825183444,0.70511838950392591,-0.70425418082750557,0.082668649259363874,-0.078794768414449184,0.03804301186485811,0.99616470210440733,0.031609666044600554,-11.088920510498337,0.15212375831681252,,0.07521558536986596,0.3571428571428572,False,5
0.97416442657925928,0.22167237162332998,-0.043185989005583264,-0.21360134903070041,0.96646560954073057,0.14254363986978985,0.073335759897658503,-0.12963635768545678,0.98884593394839837,-20.909947194859651,-16.7342332912622,0.63173818704806683,,0.551588821735175,0.8023255813953488,False,3
-0.087354167362227841,0.98156854897305024,0.16997774298828877,-0.98715114082881628,-0.10821078175308355,0.11757147559146035,0.13379788714631752,-0.15752336455055599,0.97840917566008867,-18.367156109323734,11.469338737481568,-3.3468683389235845,0.3673645754975468,0.1885547740406219,0.4473684210526316,True,4
-0.49193792257751262,-0.86923631830298509,-0.049247368185439719,0.8661421559780661,-0.49435452582505762,0.073562004009878654,-0.088288424879981439,-0.006467282223124024,0.9960739572405547,1.7412993448729541,2.7521632122486483,-1.6976429997377336,0.579962969064754,0.2291578265890409,0.2795698924731183,True,5
0.7617666054941894,0.64748874126291855,0.021678761302716905,-0.64268922857963962,0.75105743107331591,0.15120611990676086,0.081622265476808398,-0.12911647906952592,0.9882645094361735,-18.864784999363568,17.738323157694747,-3.9995864282318121,0.660036857001247,0.6951088973310757,0.9339622641509434,True,5
-0.24069710721594148,-0.95912923581007103,-0.14878175826447101,0.96594299224455094,-0.25170966613348295,0.059969823316519885,-0.094968617508741221,-0.12928013377685116,0.987049952484229,5.9991364266379961,-18.187453465008435,1.199072158501979,,0.2576022761114792,0.3461538461538461,False,5
0.99864190342990344,-0.04975856883036886,-0.015441293399631094,0.051589075777294727,0.9858119922026698,0.15972878040556321,0.0072743366944751711,-0.16030845535204163,0.98704016289525853,-2.7302286120253134,-2.4954947834342027,-1.117742605256703,0.3590692606486272,0.2939333865273375,0.6159420289855072,True,5
-0.99220742533040895,0.12375207223939468,-0.014486191205961266,-0.12423668678845495,-0.99146451463255858,0.039539371267778622,-0.0094694654034624369,0.041030974164398458,0.99911300080826304,2.616419298774658,-13.089282540284993,0.4179300842286599,,0.2747993666937477,0.9069767441860465,True,7
-0.9947162275677498,-0.10038419171787415,-0.02150908334945759,0.098966453056623785,-0.99333349109345814,0.059111899322169606,-0.027299593088101211,0.056670887810518079,0.99801961037446163,-16.968135454347856,5.3954529003573244,-2.4721268374672145,0.286180936290659,0.133660584828498,0.5,True,2
0.88002525506972773,0.47000323640111885,0.06820929710776405,-0.47298054513973858,0.85434353145922837,0.21537533325125929,0.042952931899662532,-0.22179740310979573,0.97414627116002162,6.0998195033178302,7.984321904765852,-2.5663272686933003,0.524988094349649,0.6809102450394288,0.1578947368421053,True,5
-0.94418152003619515,-0.32581971447722879,-0.0486083416721593,0.32609360581050006,-0.94533441874350621,0.0024076935817689826,-0.046735612456097073,-0.013577569622527196,0.99881501396980366,-10.867493195927775,-13.219386525371855,0.25143582531953201,,0.06733156986054412,0.3333333333333333,False,1
-0.9663394350190132,0.25574989816776089,0.027930018158146306,-0.25721371625508971,-0.96269631448562587,-0.084005417956458189,0.0054037484564596686,-0.088361731892108816,0.99607379437451649,10.932942615374822,-7.856452607788281,-0.15151126597805448,,0.6216146488444256,0.45,False,3
0.055385858991383208,-0.99007280659972785,-0.12918298748490464,0.9972248743682891,0.048405628674971425,0.056563637203873703,-0.049748935314610242,-0.13195731409936781,0.99000621750105389,-4.8541093467457292,-12.240664261474567,0.2185035909487052,0.234325300553912,0.1259205652710244,0.2272727272727273,True,4
0.63751690296604857,0.76280310438902366,0.10818328136568657,-0.76424789363965495,0.60836865354380987,0.21403910496132114,0.097454376504749973,-0.21913239221931843,0.97081596565997519,4.0415291285228356,10.875241715292338,-2.9513827761623421,0.2448912150504507,0.1576752040149989,0.1666666666666667,True,6
0.98922071952246893,-0.14346253626946126,-0.029340565001072988,0.1464221362693581,0.97143420696027916,0.18675154499433402,0.001710578196456293,-0.18903460591803495,0.98196893621318138,8.6344854790273278,-2.7055394907384547,-0.86223661113037764,0.4639318641447873,0.4155746703798489,0.8875502008032129,True,5
-0.99759340222895587,-0.061210337551768378,-0.032568365111787588,0.065874585513360492,-0.98327918771126044,-0.16977213551500897,-0.02163198587044398,-0.17150898982467985,0.98494503582515636,-18.676524411627049,10.781889167944591,-3.2768246427660759,,0.1432546621646382,0.5,False,2
-0.97924594029167256,-0.20174133798810415,-0.019437617370640488,0.20043539489968426,-0.97817816023420656,0.054709590678693451,-0.030050638823250684,0.049678158053536405,0.99831309703856042,10.655577947207231,9.0528428044044169,-2.6111644090065504,0.2964930729774657,0.2673983789083171,0.2666666666666667,True,5
0.7358061208827521,0.66959029875494025,0.10118391317174777,-0.67269026711155133,0.70550906992749662,0.2230353263127367,0.077956122305226555,-0.23217619185288843,0.96954476891571351,-18.308207191403373,23.554334573036904,-4.5593608222301825,,0.1208694645980676,0.5,False,1
0.74798693461361143,0.65952660764366877,0.074432516129503495,-0.65720147223179215,0.72030499578496443,0.2219165112009216,0.092745730595535689,-0.21490781013555069,0.97222058330352368,12.594250866189029,-1.917954816127112,-0.91686429988868512,,0.1784016786385509,0.5,False,5
-0.16760916967040354,-0.98503170906920079,-0.040245476399309095,0.98083743000221968,-0.17073020551401941,0.093856980730158371,-0.09932322059336661,-0.02374297903276042,0.99477191797799114,0.20949254706748546,2.4624000256046474,-1.7321471812668694,,0.08126510000219031,0.3445378151260504,False,5
-0.81607078330721505,0.5777735720570184,0.014358832293107523,-0.57643236680513765,-0.81547429489008005,0.052224523673784704,0.04188320823164568,0.034342012259037699,0.99853213421613229,2.7388310432261922,-6.2432684666161267,-0.4759679026490139,,0.09649257152524618,0.25,False,5
0.29560327103739209,-0.89434616522300536,-0.33580298227219257,0.9510736467198615,0.24244124387482296,0.19152326695055222,-0.089875606629262916,-0.37598827111937,0.92225549351233915,-35.244465939823506,5.1270206538937808,-2.1191999037972513,,0.3449220528411226,0.2666666666666667,False,1
0.65032337987414324,0.74419801369865179,0.15247563082686749,-0.75390582456809618,0.60761271503143277,0.24986555627862964,0.093303318651421496,-0.27744567925832175,0.95619997165316772,-5.5951092388177583,-1.7143137474315893,-1.2639484495450277,,0.6013303871373274,0.5124875124875125,False,2
-0.4593171546936668,0.88665250898856884,0.053619769753245783,-0.88446797850725112,-0.46209673918519006,0.0646761055546205,0.082122752020449316,-0.017718124581661991,0.99646471169926421,-4.5714916011647428,11.750519037015382,-3.1391167158611273,0.5261373438189862,0.7498825360574907,0.6060606060606061,True,5
-0.16999260272547051,-0.98339450086079516,-0.06354345517333812,0.98131702810917898,-0.17482430218594933,0.080332768582707048,-0.090107743072320057,-0.048700298170971754,0.99474060719187951,3.8816762091292358,-12.45644562118688,0.35203923153869293,0.160530419029952,0.09070328710257872,0.375,True,5
0.94886014162589682,-0.31342128392713048,-0.037835570765509724,0.31505223180281866,0.93244359180597058,0.17689273398317851,-0.020162412299767299,-0.17976664563107822,0.98350263357492063,-6.4037841368071602,23.196842660002485,-4.5267483327687605,,0.1678725061413546,0.3888888888888889,False,5
0.96683621231387251,-0.24954648654930187,-0.054353377167046135,0.25517715431203314,0.93504081918891424,0.24613672291581518,-0.010599928102441897,-0.25184363700801138,0.96770988628968735,-25.529007401925266,-1.1236036791480146,-1.4618623775657347,,0.1059939167133001,0.5,False,1
0.86844479853832557,0.49170926809012916,0.063447833422396432,-0.49253930409032021,0.84104243939153056,0.2237244936714945,0.056645086441365511,-0.2255429245545357,0.97258507255943261,18.525843629018176,-8.3097737194412193,0.02025735570524068,0.5873274492748038,0.703565253662803,0.5068493150684932,True,5
0.75635096015059777,-0.65128952314112099,-0.061279540842606055,0.65214707400357141,0.74334691406298792,0.14879368004594035,-0.051355807342984977,-0.15250351602387568,0.98696770902218789,-11.647456009337697,5.7034846055168238,-2.428684733955631,,0.06923265486057507,0.2857142857142857,False,4
0.4593077128899492,0.87407579687473969,0.15820216875123058,-0.88269976791061477,0.4291997099908394,0.19138633356205503,0.099385837071237992,-0.22755023678644759,0.96868124020654034,0.35630957451279177,8.8113571113262843,-2.8090665549029206,,0.1307475367599915,0.3636363636363636,False,5
0.83259081775322685,-0.53842329338168837,-0.12997264072499931,0.55207095431252451,0.78769354543400205,0.27341642212213713,-0.04483516028154455,-0.29939812228140084,0.95307427453315507,12.397180203397397,6.4892184487260671,-2.2376699181060182,,0.2582931542500876,0.4,False,5
-0.95150475348719055,-0.30547168054637786,-0.036410938953170685,0.30402343334140997,-0.95180796511282639,0.040389968149048924,-0.046994213160569377,0.02736146801528884,0.99852035232010516,-10.407711632387361,-1.6779761941466542,-1.3417668723663834,0.534541078921138,0.5190787157728092,0.7310155535224153,True,4
0.74827186291637127,-0.65964783403447746,-0.070384332214524628,0.66091754966229077,0.73211726248095743,0.16490089910543559,-0.057246936302790527,-0.16990894335204923,0.98379557797996475,-0.58638889946908823,-1.6417223562813961,-1.2573766199305818,,0.08931984292970593,0.4260355029585799,False,7
0.53349988743121757,0.83753128221410034,0.11797975005771993,-0.84091641853502819,0.51026568515138582,0.18024568675895408,0.090760383147596227,-0.19537216247406028,0.97652049183880918,-8.9984040057083821,-19.567649285339243,1.0995554953177165,,0.2085410712474995,0.1818181818181818,False,3
0.95607243538225772,-0.28137574013636824,-0.08217780214236628,0.2927719420919756,0.90274829234963405,0.31516679803480696,-0.014494420510385905,-0.3253816428788367,0.94547168030118045,-13.140869111218688,9.43056468115679,-3.0091604148703257,,0.5354988171867878,0.1923076923076923,False,1
-0.35095008624036705,0.93637102436037334,0.0065834418190704111,-0.93245736009658964,-0.35010999108253738,0.08914182938377184,0.085774754850007157,0.025145553930898908,0.99599718501004331,-6.4488765864442321,-13.063257846780507,0.32222718482067181,,0.06952878414538119,0.3333333333333333,False,4
0.17255395572788715,-0.98162057574735917,-0.081524092341359836,0.98044070472871414,0.16321177299573708,0.10999064354139852,-0.094663387187028603,-0.098908859183655884,0.99058360611372287,-20.464785023593528,8.1904771006100923,-2.8771209805319855,,0.6771636554222398,0.5294117647058824,False,1
0.34516189471275355,-0.93462929470662859,-0.085623290724498563,0.93562339622339308,0.33546267229857291,0.10988018899557957,-0.073973825625731682,-0.11803760828858796,0.99024996649926922,-8.3144525650657339,-9.226807262098756,-0.1565741050325655,,0.09675941521618499,0.2045454545454546,False,5
-0.72645415102896294,0.68631043138187475,0.035247102422910855,-0.68521490733465695,-0.72729677843115736,0.038986239239182333,0.052391766711416363,0.0041698753077822233,0.99861790236344739,-18.924980801966399,3.5389218759703738,-2.2709990303761498,0.4229591839792071,0.2124852280404994,0.2173913043478261,True,4
0.03539271711597626,0.97978758064713689,0.19688487088849238,-0.99248247070375006,0.011364335189320503,0.12185810285526552,0.11715759011232765,-0.19971767246624578,0.97282421350608717,5.8837610591726115,-11.880118925674621,0.30983055417094496,,0.6674555469322185,0.6756756756756757,False,4
-0.53801370419186434,-0.84237315298832904,-0.030801383511941029,0.83796347001106852,-0.5384458752403023,0.088844033923013557,-0.091424706883630344,0.021988873577460388,0.99556919016713064,-0.43550266083038713,-3.9522723192292384,-0.85321876508532524,0.1981538441372257,0.145342108612873,0.7488151658767772,True,5
0.48150536488259654,0.87207195874375176,0.087424723975051868,-0.87140369234129633,0.46566765734369375,0.15430242343525277,0.093851950236707213,-0.15047967197223908,0.984148200099911,-11.659218234683287,19.764619498185411,-4.2406506685192973,0.2437302269205414,0.1813827630176399,0.5161290322580645,True,5
-0.9959591367134849,-0.087165973313214296,0.021621542342989498,0.084441742297617112,-0.99087970135805625,-0.10500956906068981,0.030577608714098248,-0.102759479041736,0.99423613860712112,0.058663837031425699,-2.2458268983320537,-1.1154770894185218,,0.2588554305852434,0.4838709677419355,False,5
-0.51154027730727558,0.85170085551313746,0.11371981977907368,-0.85562694190511679,-0.51705336324039586,0.023629554542831541,0.078924527103385739,-0.085214272748082381,0.99323181923532933,-14.812147937688268,-4.7835038403761398,-0.928351853173779,,0.1103580322661433,0.18,False,2
0.6277600441783503,-0.76117383889829304,-0.16288558533532352,0.77297371915472746,0.58489680521323484,0.24577908118360964,-0.091809348267504906,-0.28019656355527689,0.95554221745693135,8.2956392795800387,-13.301494180848513,0.51327771054746651,1.508972745496866,0.5088788260127808,0.1,True,4
-0.95259500455818646,0.3042359354963402,0.0018035640980976035,-0.30420851389598791,-0.95256267349560908,0.0090295700945724894,0.0044651275439565943,0.0080528638113993353,0.999957606111605,-4.345686228767879,-6.590634087097909,-0.57122438844800238,,0.07090210684608209,0.282051282051282,False,5
0.95898657411503185,0.28331996814795596,-0.0086340208336446369,-0.2665305310931888,0.91168707799787496,0.31271096528084752,0.096468785948084529,-0.29758438712462365,0.94980908917390594,-6.4168198032685444,-18.695245803222967,1.0251536131743901,,0.2824499336088666,0.5,False,5
-0.69679958802404984,-0.70108649395916955,-0.15148617797526737,0.71277118587562827,-0.70042066691508487,-0.03698818654217946,-0.080172131785089668,-0.13374833586354512,0.98776708385062473,-7.3293590642999078,-1.2379753937037525,-1.3647949253892524,0.7648414540253066,0.6745207817340857,0.3840052875082617,True,5
0.26399994332361304,-0.94892925396213867,-0.17273477038508306,0.96019543773546712,0.24162146187642933,0.14015630743099308,-0.091261992511247336,-0.20286039568026934,0.97494559262931246,-3.9270749880183073,11.544796795000872,-3.1020490437628787,,0.08656976190138664,0.24,False,1
-0.86700547284729523,-0.49778381038616593,-0.022644826567393219,0.49450885712198789,-0.86511671014736946,0.083869351086661534,-0.061339223020374492,0.06151711909071958,0.99621942551730769,-8.5323967621135335,-2.8897719578020316,-1.1057281716575067,,0.0670988468169764,0.3060109289617486,False,5
0.99345994800341664,0.11360818860854625,-0.011424149602113635,-0.11094404984930593,0.98410626134458523,0.13865887705233765,0.026995361010388508,-0.13648459936368484,0.9902743077655054,-3.3341043218793986,-9.9778835597259281,-0.029626839543015249,,0.2711902476596976,0.7544910179640718,True,5
0.68485263090435788,-0.72077871102592483,-0.10702767714561862,0.72576134530996494,0.66157376238180376,0.18865478149746309,-0.065171647188407011,-0.20687727439182901,0.97619385868942987,-6.1704267710523641,19.358882543115215,-4.1444271569153441,,0.2399459783019018,0.2,False,3
-0.52280915703603026,-0.84538238221347384,-0.1095409200360646,0.84686287435015972,-0.52976460010800852,0.046612664800322098,-0.09743642730858354,-0.068396610409243219,0.99288873813628531,-0.013993318640558035,4.9492920051171279,-2.1319089854333151,0.3816566638076646,0.3943680475932377,0.5104895104895105,True,5
-0.30815505591281017,0.94545964396241466,0.10557709578236235,-0.94732794307686374,-0.31513779146168669,0.057078372948161496,0.087236630959315234,-0.082427143776281381,0.9927716435252133,13.586664208348694,11.706484770351715,-2.9382628192626288,,0.4840200213420569,0.5263157894736842,False,2
-0.78274886528069354,0.61789015220207066,0.074269601543888994,-0.61905458952831982,-0.78529720097000233,0.0089286803393580083,0.063840653863422997,-0.038988023294097562,0.99719822751241827,12.415226660963404,-7.6673440474155736,-0.158908279039913,,0.4737008942060386,0.2222222222222222,False,2
0.16160222750586559,0.98657405822105437,0.023587024195126358,-0.98368387421046366,0.15912192655199256,0.083941932957694934,0.079061720721435816,-0.036767378688469389,0.99619144956225336,-10.747716011497213,6.5694270700215567,-2.5759449904444947,0.531696141069368,0.1792109063177872,0.4761904761904762,True,5
0.72124541227798067,-0.67753217311699121,-0.14406668476553847,0.69033984847630347,0.68600984566743672,0.22982903483470984,-0.056885401235115325,-0.26521811031433584,0.96250891169256858,12.161337845629552,18.548019378248252,-3.8615789994444509,0.3579115528303478,0.28188314807086,0.44,True,5
0.91517392369498574,-0.39785431746026945,-0.064564939920569775,0.40275320363661754,0.89642988244408917,0.18494140375188314,-0.015701794456843565,-0.19525728652088473,0.9806263537715757,-7.9706771104603282,21.042127042760061,-4.3485830923435174,,0.1600316954808867,0.4,False,5
-0.54799483139566496,-0.78313110773266337,-0.29395124232608572,0.83153255238545509,-0.54817888659009295,-0.089741420872286953,-0.090858566392871043,-0.29360786160840174,0.95159820539699125,-16.752832681036068,-6.1597713830495442,-0.64028062524200591,,0.6990936260242162,0.2758620689655172,False,1
-0.94107938601299068,-0.32728061292493943,-0.085187966432402631,0.33482202422536933,-0.93711437338476289,-0.098543712581316403,-0.047579421129710926,-0.12126026389200567,0.99147977643812912,-10.085548190183966,9.0738333212736375,-2.9476262661632475,,0.1828947420349414,0.1764705882352941,False,5
0.66104539556326947,-0.74352253184274519,-0.10096152557659083,0.74865004791578926,0.64451238869615168,0.1553283186443013,-0.050419150729511489,-0.17826392080096579,0.98269012602161643,-5.6043065276710307,-24.877543769558244,1.7866260049533564,,0.256666113035968,0.4761904761904762,True,5
0.92967097218864159,0.36366720636394084,0.058805156961557907,-0.36407292182724749,0.88262422870221946,0.29736405044992231,0.05623869719328118,-0.29786009118923568,0.95295150716851451,-22.306396139563802,-0.034956205034750734,-1.6054944534329607,,0.4186051280064884,0.410958904109589,False,4
0.64925154620317027,-0.74236482651150848,-0.16542942335428204,0.75820500598754592,0.61458130431023084,0.21774983188916841,-0.05997998539694871,-0.26680383196437274,0.9618825898210801,-11.789411116328113,23.058775221399575,-4.5711483232685834,,0.2690228367263957,0.4285714285714285,False,4
0.92387900138272239,0.37627688423829792,0.069737344314096297,-0.38176283466865263,0.89357947941508031,0.23616276597725935,0.026546729927041102,-0.24480894664246516,0.96920784704519802,9.4305766430683899,14.29542350200283,-3.3470890017348967,0.6420269477210913,0.5720829918969597,0.8625,True,4
-0.99441203699412128,-0.10192182668713221,-0.02750712500355712,0.10226201318338479,-0.99469383687803992,-0.011253956483174468,-0.026214143909049442,-0.01400400377042756,0.99955825569974377,6.860971246652964,6.4433829537832032,-2.2156135815672453,0.2668959246136964,0.2376090319462686,0.5185185185185185,True,5
0.99866978205613732,-0.051556124782358388,-0.00079523919222555806,0.050118714332797007,0.96697160750861777,0.24990803257563937,-0.012115315991523174,-0.24961545679229336,0.96826925121517726,32.781103074756935,-0.81809918658388792,-0.95456857781041216,0.7637225495586749,0.6316361000049211,0.2857142857142857,True,4
0.88264918508876589,-0.45899062572563104,-0.10128189156078879,0.46985140604258335,0.85560416974817166,0.21721224861722149,-0.013041177168696814,-0.239309653389778,0.97085571404432658,8.5252327072766558,-5.0110398588940104,-0.6001247831772718,0.2684325184749856,0.3524514255702167,0.7857142857142857,True,5
-0.93295438145059639,0.35962420343180829,0.016326494975116797,-0.35865311911440673,-0.93243301225979103,0.044007019867744204,0.031049352354637787,0.035200993653164092,0.99889780646680137,-4.31132722317406,19.958321259331299,-4.1859398268734536,0.2074203129149536,0.1897431701582177,0.6666666666666666,True,5
-0.35914526507158079,0.92069951818092732,0.15273203919961598,-0.92834566880425351,-0.369238418632856,0.042863847446207609,0.095859260319741679,-0.12639377922554895,0.98733763970793487,-15.497629551129029,16.061584069164923,-3.8383911918530402,0.3742197966988681,0.3410668476470803,0.5396825396825397,True,5
-0.23813181869995476,0.96581619021606802,0.10243204400562522,-0.96075728674178162,-0.24969789002061266,0.12081556063613115,0.14226268975110978,-0.069642303492722768,0.98737595507942455,-21.160092522707124,12.171579650921881,-3.4369328761395019,0.2528805453622518,0.3689467156919783,0.5769230769230769,True,3
-0.94349030906755238,-0.33029900160863629,-0.026992707014146997,0.32892928462982818,-0.94327198684974045,0.045204917182219945,-0.040392603388775719,0.033771709475239928,0.99861299272070148,-1.2088142922864402,-2.6088570191062157,-1.0998402077302567,0.4554478547053031,0.4512363788994241,0.6374501992031872,True,5
