axis_00,axis_01,axis_02,axis_10,axis_11,axis_12,axis_20,axis_21,axis_22,location_x,location_y,location_z,dbh,dbh_approximation,score,reconstructed,number_clusters
0.72392647219618611,-0.68318351539586608,-0.095868384491090572,0.68983832925380351,0.71833609920369856,0.09009066584910902,0.0073172635531417556,-0.13135270409154606,0.99130869298212698,7.5204292559676116,-17.245015849596015,-1.0544131977439992,,0.4222427897593832,0.5,False,4
0.95879441934929988,0.27888978259937541,0.054164107915776548,-0.28409115483495079,0.94274668279933949,0.17470234061221229,-0.0023403352714418887,-0.18289117319464743,0.98313037873839626,-4.7580113747317334,-35.036960017870172,-2.2154191137715444,,0.2649080798991267,0.3846153846153846,False,1
-0.72116910793913414,0.69019652865245484,0.059530408955208836,-0.69243279408531777,-0.71552605514051759,-0.092516431460844872,-0.021258961156965586,-0.1079407997522264,0.99392999769570078,-10.293848965481677,-18.505370426134046,-2.3437796643604853,,0.1206305979712002,0.1785714285714286,False,1
0.93189248183159201,-0.34987125454171075,-0.095741879818429229,0.36246634319637605,0.90833020583097279,0.20869687880969948,0.013948202594029142,-0.2291862614130106,0.97328264405768783,-40.335697475484423,16.083174404715383,-3.9882904881463301,,0.2903078592313862,0.4545454545454545,False,1
0.90862029635741526,0.41181134613039699,0.069430340958645045,-0.4175803107402915,0.89826662021415216,0.1369078635107811,-0.0059867461450268753,-0.15339000686914181,0.98814759255046503,1.0836010658353374,18.70527634963409,-0.64665803883126649,,0.5492219518546037,0.2933333333333333,False,1
-0.99912220435359478,-0.034742927237957882,-0.023404054660505436,0.038238950039662219,-0.98454988592515225,-0.17087804079118599,-0.017105656008413669,-0.17162299126780181,0.98501418538050189,-18.199132784000529,20.968508609311904,-2.2320963189882876,,0.1171811115217684,0.2272727272727273,False,3
0.59144781656437673,0.79901245092825957,0.10848310256831606,-0.80593713806510892,0.59004503560530042,0.048085189455408947,-0.025589251037379475,-0.11587044152481824,0.99293465596291397,17.776772787387603,-7.1761368809160597,-0.26057552387643124,,0.2160315885066899,0.2692307692307692,False,5
-0.71115678422360784,-0.67979930827436863,-0.1792454426824443,0.70298275967895363,-0.69066616404348191,-0.1696923375984421,-0.0084420286008780477,-0.2466843130706754,0.96905912195177712,12.689887002833904,26.202258991537718,0.29330808117944018,,0.4080886801414512,0.3023255813953488,False,5
-0.83149421359820319,-0.53704984357422969,-0.14210854397115208,0.55406330365205836,-0.78310415880772832,-0.28242119609584326,0.040388467399399289,-0.31356871970101752,0.94870618724987343,1.1687470859641935,-16.148387463939368,-1.3266924881002695,,0.5267122426340447,0.3571428571428572,False,2
-0.99189099510900514,-0.12425503671830219,-0.026700930167382585,0.1267995916502557,-0.98175765094070666,-0.14168196207251255,-0.0086091450794202034,-0.14391872939100664,0.98955206126382367,-3.1469052172277077,24.392760401699103,-0.88991255653671775,,0.1091861546550037,0.2857142857142857,False,2
-0.058591695726453619,-0.99559647975754528,-0.073175560717237645,0.9982187202026902,-0.059255897948877194,0.0069372325299988935,-0.01124276784433891,-0.07263875035169387,0.99729494740449876,-3.0568791716074051,-20.153964950479097,-1.8487619964484392,0.2568434252721562,0.1748012741574969,0.375,True,2
-0.96271417167483764,-0.26926969420091995,-0.025985677620063249,0.27048407909588362,-0.95971227022306005,-0.076096789281491453,-0.0044482144825364082,-0.08028816954099105,0.99676176853833731,12.128061489179949,-6.7981663836210071,-0.43920251795565585,,0.1122843291361451,0.4571428571428571,False,5
0.060814642108894992,0.97418142006147324,0.21742157232477552,-0.99783494464897016,0.064800125187645871,-0.011241308333632398,-0.025040018820947162,-0.21626720644303882,0.97601305978699382,-24.926712097259571,19.19439642249786,-2.7000938784604229,,0.3222277930880393,0.6428571428571429,False,1
-0.97601514820820867,0.21053467578244464,0.055403797354420033,-0.21690107822611923,-0.96222262458503316,-0.1645647076412127,0.01866420993387187,-0.17263479090227377,0.98480905572485089,-26.073546370586644,17.655862743759819,-2.8395181619963021,,0.1737383917669633,0.5,False,3
0.99568084464338791,0.092117464571865648,0.011577060554459855,-0.092646049395017707,0.97772402479785081,0.18834128826305982,0.0060303517083569996,-0.18860038190296471,0.98203540201172501,-11.277959375140099,28.820290164954191,-1.4614646542093921,0.6268676478848021,0.4923847345869679,0.1428571428571428,True,4
-0.99418068093427481,0.10683532525768782,0.013819802246972298,-0.10671367602726088,-0.95916420230118515,-0.26194698771446218,-0.014729732034568821,-0.26189739651439042,0.96498331005938842,-11.719730188918442,20.902281181807428,-1.7431566668201761,,0.2756920558499725,0.1333333333333333,False,4
-0.79194119891863257,0.59198641858420642,0.14960353494206796,-0.61028488229369127,-0.75957245507930504,-0.22494898961447246,-0.019532022401518259,-0.26944714824366051,0.96281708252620046,-41.569454662437579,13.606898754351816,-4.1328209040184438,,0.2755622010310269,0.1904761904761905,False,1
0.96353793958610601,0.26739007381971258,0.0098583670478035526,-0.26686407936029888,0.95765927298494147,0.10803832659354054,0.019447419503386763,-0.1067298706484788,0.9940978485974189,-22.469772470969588,20.056504067421088,-2.543008462129114,,0.4470664993320995,0.7159090909090909,False,6
-0.67581385637541791,0.72405828085805468,0.13789574849089692,-0.73554257898500308,-0.65045633184070539,-0.18942986794174027,-0.047463101785247507,-0.22944752404245533,0.97216309726285643,8.867778572172309,25.137996652929701,-0.038980834582434065,0.7919603290268752,0.4436478811101321,0.2647058823529412,True,3
-0.3566814110318543,0.90751117030103323,0.22181489310497923,-0.93407822606586999,-0.34220294796321227,-0.10195592182371752,-0.016620427610693829,-0.24355824392562667,0.96974385442852962,22.592653777065337,-5.556486538180101,-0.04981700590735956,,0.3705254269369997,0.2142857142857143,False,4
0.99021205758392006,0.13516076203339103,0.034808754961562237,-0.13956309544526455,0.95620322498780663,0.25728881614375665,0.0014911087006030284,-0.25962850561807127,0.96570741721567599,-2.7711072704162989,-22.580871687508377,-1.8048800444954969,,0.5009601393228384,0.3170731707317073,False,1
0.19374304286552294,0.9782017577968144,0.07473255237466464,-0.98078581216114835,0.1949030544540141,-0.0084846937419170397,-0.022865345057677584,-0.071652776692319883,0.99716751631191602,8.196489397695979,-10.603561385212073,-0.83179702198297534,,0.3073052305677358,0.4,False,2
0.53777655435083183,-0.83722425683361934,-0.099256845405942568,0.84262238135979828,0.53765180897114417,0.030299418172598624,0.027998214623229309,-0.099930356145911781,0.99460043429432576,13.38913784303622,-4.4055001359681141,-0.32012018053529845,,0.1806301533491085,0.2962962962962963,False,5
0.97934679802543712,0.20188758083288669,0.011011534986934614,-0.20212558796300281,0.97894248692137209,0.0285806576343271,-0.0050095796165242016,-0.030216088523248821,0.99953083599577908,30.854224920469768,12.872871037070309,0.88365304594304062,0.3660562889780633,0.3657838902123382,0.7272727272727273,True,5
-0.95342355554120806,-0.30013328095183472,-0.030058898919428326,0.30085202688908236,-0.93904140547845916,-0.1664010117570543,0.021715930923914613,-0.16769392494102905,0.9855999015229151,-6.8814499772909627,35.420881460323109,-1.0644391592617735,,0.2428144628422092,0.3,False,3
-0.74195464863895244,0.66850701101891463,0.051006622919033504,-0.67030978765441029,-0.73809332924267002,-0.076831151899281663,-0.013714515585594078,-0.091195468889783471,0.99573856936257332,-14.628375473252175,20.057737636964148,-1.8860240578910767,,0.2142543076429338,0.4594594594594595,False,6
0.029899791492064638,0.96879408213327556,0.24605696269822094,-0.99913439024131567,0.036090351428097737,-0.020687116060713648,-0.028921837871132765,-0.24522543293332966,0.96903457850420149,-17.012261623221065,24.585452219636682,-2.0465338451962274,,0.3641322759275952,0.2727272727272727,False,2
-0.71440939698114736,0.69629840994190484,0.069193481032597162,-0.69968371891168679,-0.7097510201334214,-0.081830207805430002,-0.00786809983066818,-0.10687382154645206,0.99424145924071772,0.014683696920663958,-21.393385771645303,-1.5394949796004427,0.4219187066240763,0.1979834944981581,0.4137931034482759,True,5
0.31453356030257706,0.9385530720436468,0.14208015484513639,-0.9492109634407252,0.31227119501909428,0.038538910795158039,-0.0081967266219770459,-0.14698582148894379,0.9891046365040983,19.962073377739824,-9.9518291810509609,-0.30197703661537872,,0.2619682144386829,0.125,False,5
0.43634163865868514,0.89869019937261307,0.044293339502306212,-0.89974286838628459,0.43624773962819596,0.012275196833905502,-0.0082912701484647699,-0.045208795835576715,0.99894315134467115,4.3273872900211252,27.541946548368482,-0.24097174628979209,,0.2283422293036922,0.4,False,5
-0.43348550386806506,-0.88875916211545558,-0.14898815285814945,0.90092316697877395,-0.42361299282398418,-0.094284036356341916,0.020682483825367665,-0.17509764152192553,0.98433381065382131,-12.923769698826533,-19.048523738919382,-2.6088709619235386,,0.1174762134998111,0.3,False,1
0.83398024782486813,-0.53929038817348118,-0.11680249766878759,0.55150018853865068,0.82155774072594523,0.14453518843213634,0.018013558221622698,-0.18495609175416872,0.98258167896781945,11.335851610541567,-5.0984317622819937,-0.49445821803405154,,0.169723941463304,0.3269230769230769,False,5
0.060174106215516596,-0.99620191981006934,-0.062934981591297345,0.99795093073160579,0.061413872155635527,-0.017952051659187541,0.02174894924097737,-0.061725774791285229,0.99785615793727001,11.57211950303881,-10.031188615631891,-0.60458060056903551,0.4548104519455627,0.4118142908866368,0.8717948717948718,True,5
0.81519797437175501,-0.57849305263082429,-0.028249790053354148,0.57883613014182389,0.81542727948023208,0.0052044521235369082,0.020024910052878445,-0.020594657980624546,0.99958734637851221,-6.9038976542095769,-12.532149526791883,-1.924326625405594,,0.0735753365731372,0.3278688524590164,False,4
-0.89905157293681537,-0.43607372259024985,-0.039318922494395295,0.4377825308952592,-0.89380671214424268,-0.097242053499712072,0.0072611874221699176,-0.10463875855619297,0.99448378838724116,4.7855763781985807,21.659366728624136,-0.34264724070351293,0.6891844214230375,0.3013834032632687,0.125,True,2
-0.20282762035841878,0.9664676716127476,0.15748395520552344,-0.97873297393472425,-0.19504609783301546,-0.063551439425117692,-0.030703780754685318,-0.16702472705425364,0.98547451433297861,-19.848120939402726,21.676155236283606,-2.3567961035873393,,0.4972252179624941,0.4693877551020408,False,4
-0.61782465811273601,-0.78374834589775466,-0.063491906022855565,0.78616160174257566,-0.61408690326665338,-0.069621915959850525,0.015576513519692584,-0.092929034961665491,0.99555088603630149,-0.65671311004822641,-15.594441663353054,-1.5289839678139843,,0.0951573103833829,0.2432432432432433,False,5
-0.98595111755012665,-0.16701178915771045,0.0027305830872719327,0.16366715884798244,-0.96921368216812531,-0.18395080704561514,0.033368471890173806,-0.18091959700497989,0.98293165810409711,-1.4375680850053001,-18.800708121626258,-1.6315693912814435,0.5394255925748243,0.5718633982210332,0.3818181818181818,True,4
-0.44305075860716381,-0.88514071677725648,-0.14223901293478527,0.89617540888717595,-0.43303575459735916,-0.096693700654177622,0.023992953205485997,-0.17031132300390681,0.98509816335893097,1.0445987605968574,23.175709479672236,-0.56509539385228891,,0.3141367710925359,0.2857142857142857,False,5
-0.96686018174267396,0.25214385882485663,0.040060746591077855,-0.25520099560506443,-0.94997903463275535,-0.18003412343331646,-0.0073376292293673515,-0.18429136771734461,0.98284426588456175,-18.010489887304832,18.047370517654677,-2.2334043785386615,,0.1384620161075729,0.2068965517241379,False,4
-0.79822276641022338,0.60068437314125001,0.044929934879916672,-0.602323591602835,-0.79510167259279207,-0.07084928537964276,-0.0068341922032692706,-0.083615872321278734,0.99647462572454892,-29.112842654540515,16.793367547175581,-3.0862457300633932,,0.1220891182247379,0.2142857142857143,False,2
0.90412848151813985,0.4268628604469577,0.018433319797170656,-0.42722432002363064,0.90377262043311757,0.025969808158781936,-0.0055739831404541928,-0.03135520573204123,0.99949276224765737,-5.870508239040336,-14.362461359950162,-1.8710108556287357,,0.08278337162110756,0.2807017543859649,True,4
0.98526020620061106,-0.16991220687125669,-0.019803232909533841,0.17052001520398696,0.96632216553253403,0.19272881677462411,-0.013610675676176562,-0.19326488133298761,0.98105220816783478,-4.0810896316532146,-13.700766842678481,-1.7735328707055094,0.4941239552319611,0.4708902406781335,0.3741935483870968,True,5
0.24411107540165716,-0.95101167841232259,-0.18970126617822769,0.96581519715608555,0.25602232889850424,-0.040664137120282363,0.087239829255893492,-0.17328979955197141,0.98099941771778798,-4.3848681082835661,30.212937454766031,-0.98349918412099413,,0.3016870945978058,0.2,False,3
0.99900421035764897,-0.042229493619926756,-0.014396442487496457,0.042804660734937897,0.99818722267867954,0.042308740236416946,0.012583668267166512,-0.042882844467575891,0.99900085732861732,9.0886348044374561,-19.956914154535667,-1.0055313781904942,0.2021003522143215,0.1703667317198045,0.7692307692307693,True,5
-0.52681710854161801,0.83810796091148609,0.14155839785982138,-0.84960750215956493,-0.51431156538263212,-0.11683623576549823,-0.025116258121653218,-0.18182040471425931,0.98301094297444558,7.9639296302147962,33.003653028579045,0.10920992174256859,,0.261894150792263,0.3,False,4
-0.48689729357181172,-0.87299305187589504,-0.028533434578696747,0.87324720395553068,-0.48579956684123859,-0.037922310593026434,0.019244383499968036,-0.043381012358829185,0.99887323593658761,-13.67829806431242,24.889030235877332,-1.6808370551143135,,0.09382128732627076,0.5,False,2
-0.99254919043502721,0.11925241305206359,0.0249993309516982,-0.12166359665133183,-0.98116929365482275,-0.15001595394743469,0.0066388113871820222,-0.15193972216032514,0.98836746557806565,-39.855226867922553,15.040337697032788,-3.9879300815405325,,0.2980476879140827,0.4,False,2
-0.37012477029257163,-0.88613826609078827,-0.27886668461019476,0.92872831392603816,-0.34594293391480835,-0.1333686821803102,0.021711133732927219,-0.30835443866438084,0.95102374672139767,-34.751136378552395,11.594888643584033,-3.7749142874651849,,0.5132619896257045,0.2,False,1
-0.51436553535723384,0.84637738304789445,0.1381065585034385,-0.85722403940531267,-0.50286536511643609,-0.1108754744384547,-0.024393488932606958,-0.1754187847162067,0.98419165189834001,-30.612839293261128,24.952744330831301,-2.9941577615014805,,0.2517048375128502,0.3043478260869565,False,1
-0.64745102100033469,-0.75448119691761173,-0.10754207968693696,0.76209710978023215,-0.64024287710436467,-0.096421229932738328,0.0038949544593692926,-0.14438553187522954,0.98951384402385489,-8.0248523141729518,28.854286806256091,-1.267553441661412,0.897461704307131,0.7349336053413362,0.4415584415584415,True,4
-0.95499363458190667,-0.28940701386306117,-0.065044125291278052,0.2966142060905736,-0.92973351001186566,-0.21821002063671854,0.0026778075547581482,-0.22768219229418071,0.97373181557285959,-32.298927993068631,20.208440617310398,-3.2319773256460116,,0.6391465544305375,0.21875,False,1
0.15016096031651383,-0.97964473244736583,-0.13322118519571938,0.98761667970035816,0.15482770042899718,-0.025331347329145368,0.04544205072907069,-0.12776768514768716,0.99076255412562841,-28.231723322451526,15.424728774224045,-3.0768964611584275,0.869407256746533,0.5381201941383115,0.1428571428571428,True,5
0.3419503567336275,0.92504505793955449,0.16541340426746801,-0.93945747592265227,0.34066249203356225,0.036996181620864058,-0.022127007542496243,-0.16804971675992517,0.98553015592325954,14.926337663625985,24.533846146073994,0.42423218742475716,,0.495261907794603,0.1052631578947368,False,1
-0.97504922066573774,-0.22108128027828397,-0.02005205200602185,0.22198773599835192,-0.97078195198881367,-0.091125445179243203,0.00067995989836857305,-0.093303103931777515,0.99563751860364946,-9.040166302540273,26.576076663236357,-1.3754789676296266,,0.121010117977451,0.375,False,1
-0.19281357686886799,-0.95282928376993625,-0.23439129797307651,0.98094906357229572,-0.18140667329774388,-0.06950218384829368,0.023703570441380085,-0.24332688892417145,0.96965466320479998,14.50013144166727,-16.94342831301914,-0.73527969683191474,,0.5045942060441511,0.2,False,3
-0.81926873047291893,-0.55983347954702778,-0.12403718171404013,0.57333579222810316,-0.79629396791748208,-0.19287816363810667,0.0092095938817874888,-0.22913400410349968,0.97335131969090793,-23.673399495707649,18.68531060739247,-2.6696858686248723,,0.2984463799340618,0.1904761904761905,False,4
-0.68083542355971483,-0.73108238924786484,-0.044515909042698067,0.73032643488016735,-0.67300903224007913,-0.11697068452607037,0.055555598651164155,-0.11214893068998032,0.99213718446775545,6.4771827122200554,-21.010772013904848,-1.1933888501483949,,0.1047867556225475,0.2380952380952381,False,2
0.96618000207646826,0.25180740419081782,0.055580885043316479,-0.25716182818065525,0.95683120011159239,0.13543208120601813,-0.019078724126613503,-0.14514505051048898,0.98922642332178345,20.442712130534748,-3.968678898362521,-0.027113055792030959,,0.2933345206903932,0.1428571428571428,False,4
0.2111397386699255,-0.96291469243907857,-0.16797412252888827,0.97727845116423184,0.21123519956385506,0.017507694173087618,0.018623631343957038,-0.16785406027312141,0.98563592406394729,-1.7232479224740753,-10.540164906823772,-1.5610581117850768,0.7012971610646845,0.5412500113057345,0.5108695652173914,True,4
-0.54573322216703213,0.83632709510802272,0.052270835189092403,-0.83746419281470275,-0.54220551493391644,-0.068314751909563917,-0.028791942907823102,-0.081056582480531339,0.99629355837532607,-28.367535726329415,20.323448012776918,-2.922509739591582,,0.3840115645712763,0.6571428571428571,False,5
0.35699469737651135,0.88323910392622274,0.30404517976882217,-0.93384946580673589,0.34509542883975741,0.093991064502842447,-0.021908018110420521,-0.31748674033651603,0.94800960356579,18.647270850684944,-2.7452048977845243,-0.041406872103470972,,0.3927205704119788,0.2380952380952381,False,1
-0.72105575507206032,0.68584916393069173,0.098435371757474799,-0.69267960607283252,-0.71014737337697342,-0.12603837279404811,-0.016539691903026107,-0.15906486859566668,0.98712957921966671,-28.736751000026057,16.028777771246599,-3.0709543616997221,,0.2225842115988788,0.2352941176470588,False,3
0.25626099463168012,-0.96646876031333184,-0.016384076684218266,0.96626189198671308,0.256585842241421,-0.022397804703127557,0.025850700660539971,-0.010091625224558531,0.99961487602760635,-35.584017567373003,13.400284643149972,-3.7090352294057314,,0.2395935940036177,0.35,False,1
-0.64425811307886005,-0.76225767074476791,-0.062407748900498244,0.76430124358924922,-0.63871371645279451,-0.088816650820588539,0.027840488142163174,-0.10491916796191277,0.9940909794451338,0.29042174233511231,-13.357801289799516,-1.369288037264772,0.2337898517279642,0.1675431207861444,0.2702702702702703,True,5
0.96595343584448412,0.25777095402205763,0.022092873122215542,-0.25818670298257335,0.96591560872452908,0.018618894309586159,-0.016540440841300737,-0.023689071000807183,0.99958253372690253,0.81371961518036651,26.317187474530837,-0.49960351787098878,,0.3568537321341257,0.7837837837837838,False,5
-0.89196291592116272,0.45123112113833369,0.028153719783715635,-0.45206297181118804,-0.88925765052039341,-0.069712986653765824,-0.006420758417403959,-0.074908653086231944,0.99716972855886099,-35.587246146007374,14.949544880289949,-3.6210091895144463,,0.4382539689333951,0.8245614035087719,False,2
-0.77913877267104481,-0.61722602851116948,-0.10942944141768472,0.62673739241154769,-0.76370491604692337,-0.15477416502419089,0.011958840823059093,-0.18917407574530584,0.9818707426092691,-11.098905394253761,-17.895755357479981,-2.3976452363948515,,0.1069566013589524,0.1428571428571428,False,1
0.84417911959214587,-0.535994749398227,-0.0084405368407487885,0.53606119711385336,0.84407691477268953,0.013136015251177829,8.3627092918118692e-05,-0.015613794072823681,0.99987809379001757,-2.662677397506779,-18.614517116692351,-1.7795499997773878,,0.1100079931697371,0.6296296296296297,False,2
0.22712383776919867,-0.96183945961510675,-0.15257659140350358,0.97382878213618429,0.22567808941710893,0.026961139445527998,0.0085009058428234079,-0.15470699365046284,0.98792382333633821,-30.863600803698709,17.689335574214294,-3.2386441558498884,,0.38162030840752,0.282051282051282,False,3
-0.83322140335860073,-0.53683950770155553,-0.13245918600034981,0.55285497089955793,-0.80464810673860709,-0.2165474670219554,0.0096682023547668954,-0.25366270378738653,0.96724441511465964,-28.975300430529259,18.111043116500841,-3.0342920200139361,,0.2839995624390537,0.4736842105263158,False,3
0.56607847910876019,-0.82071619166294973,-0.07733103020248927,0.82418489050664301,0.56535353994139304,0.033085361359517368,0.016565679897516481,-0.082463977699363783,0.99645635661153398,-25.05311536387374,21.711911691191688,-2.6022938364542347,0.5192156951218363,0.4763280980812184,0.3333333333333333,True,4
0.21216583704067382,0.97575617216519961,0.053717316336056364,-0.97675398357684062,0.21346317608415688,-0.019624678923177839,-0.030615570541863021,-0.048304916287909824,0.99836332159330377,3.9427377248801658,-17.82060665541735,-1.2102626407863846,,0.09583870603458759,0.3333333333333333,False,3
0.94322653681111401,0.33203732655355944,0.0086552891619780421,-0.33214742505630007,0.94300351029185447,0.020554016778002865,-0.0013372672814312703,-0.02226192607134185,0.9997512782506518,6.4924212172368696,-10.79098550128028,-0.91085565687014081,0.1923582947525569,0.162439128403273,0.4594594594594595,True,5
0.99991137736738833,-0.010882245757299172,0.0076690376534979121,0.0099465842467800387,0.99354904319118631,0.11296620837976563,-0.0088488910646889029,-0.11287991628787054,0.9935692334335684,21.131538796244932,-8.8919766203462451,-0.22469804098157395,,0.5903979371453169,0.1875,False,2
-0.99740614275865924,-0.068435739859655023,0.022305512707733441,0.063420345601039943,-0.98210658075728996,-0.17732603812488973,0.034041829432888596,-0.17545145637208831,0.98389935476438606,1.6087731452932437,22.267250653493779,-0.53783019141800625,0.5276242900294892,0.2042107961346573,0.1470588235294118,True,4
0.73752821761432696,-0.67508720198630523,-0.017589711110078961,0.67522050544064915,0.73761213262504599,0.0023687204998720582,0.011375291429617579,-0.013623931834599652,0.99984248320735891,-27.265332174344078,19.09475959628055,-2.8321641023335413,,0.1163446535905735,0.3076923076923077,False,2
0.56693401302357349,-0.81333435162197509,-0.1306639098934641,0.82371124942065355,0.56150284397555628,0.078831045820969767,0.0092521594696652401,-0.15232133363066064,0.98828771563048601,22.830472019791173,-3.4265942534625786,0.047844983878503451,,0.5020074142237949,0.3636363636363636,False,4
-0.82453107793355085,0.55301006402075226,0.11970117214756389,-0.56553854344955656,-0.79884032644456893,-0.2049885087483915,-0.017738584912309036,-0.23671502262784017,0.97141718157937185,-30.390746064126954,13.898215317474,-3.3390003144438745,,0.1935019983328642,0.375,False,2
0.98439975888742659,0.17580428221994959,0.0070688793669341499,-0.17590495015835345,0.98424497499856478,0.017868343511968178,-0.0038161776901949086,-0.018833043917615134,0.99981535957627365,-3.9910589532369429,-10.794381965172471,-1.6810846857638093,,0.08127516155744562,0.4175824175824176,False,5
-0.90636390875029638,0.41945930233170797,0.050580219476390631,-0.41998049249614994,-0.88143449384794537,-0.21607780769367962,-0.046052696311665503,-0.21708783186169633,0.9750651375267253,-34.257546307145233,14.277031375464,-3.6006445096177253,,0.3162017156802266,0.2777777777777778,False,4
0.88068590562113658,-0.45963325034570551,-0.11458451386169383,0.47297650744124381,0.86659618547596073,0.15907317412812866,0.02618318255984103,-0.1942892855902163,0.98059477586609722,-33.138429785919357,15.077642814497574,-3.4928550022773228,,0.3939599014073559,0.1176470588235294,False,3
0.14318757607731514,-0.98814785406902828,-0.055327538856150202,0.98935759953296054,0.1443756833576765,-0.018088734101186565,0.025862295015767835,-0.052148639040531374,0.99830439302987095,-5.9649488041600458,-31.790808027373046,-2.3120967668255243,,0.3159588716043729,0.4736842105263158,False,1
0.98657556798907631,-0.15869818177733833,-0.038516694401259759,0.16282760246563163,0.97396564973427058,0.15772788280134967,0.012482809071975966,-0.16188205656671451,0.98673115854289561,1.9187545494301108,-10.384089058304413,-1.1955021203982332,,0.1723036638573684,0.125,False,3
-0.88700542217816314,-0.46026767868721574,-0.037081598973359615,0.46162373521303907,-0.8819380068612408,-0.095335613186178753,0.011176229887632203,-0.10168095204857477,0.99475427914434955,-11.693158045360889,22.214910388797154,-1.6957468156040614,0.1739149538040279,0.2102585023162292,0.3333333333333333,True,5
0.62471179847630587,0.78074811354167295,0.012944189647071495,-0.78065317070495499,0.62484144038265621,-0.012401671211140879,-0.017770647506524743,-0.0023574523637689554,0.99983931034219309,-14.129979223817845,22.036378365333064,-1.8009718483138693,0.6799171455014157,0.4878792071805669,0.992,True,5
0.92117235528404651,-0.38759556870274897,-0.034801824412446364,0.38882175855307,0.92039537618277345,0.041109507137269352,0.016097575473980767,-0.05140064808310725,0.99854836710121153,-0.25279854435499055,-10.662538576859413,-1.4344268720414894,,0.06864565232345629,0.1923076923076923,False,5
-0.81611884465462059,-0.56865033160161982,-0.10289233095317338,0.5777426270334779,-0.79894228944512935,-0.16704692467876586,0.012786254653536711,-0.19577542875842602,0.98056539465065318,-31.049543970794115,16.471175898513334,-3.2854469452429953,0.3346664521166275,0.3428648021387531,0.5849056603773585,True,5
-0.98924719216116275,0.14478229047334978,0.02069012243913447,-0.14444726827853258,-0.9450432125928887,-0.29330583529650878,-0.022912430864607747,-0.29314060567823691,0.95579475088246402,1.5986931916500491,24.420550986364805,-0.48424770774984249,0.6386824346886447,0.3699461336939592,0.3333333333333333,True,5
-0.58423617394015459,-0.78788490036001135,-0.1946932891613537,0.81004984556011472,-0.55136229935362724,-0.19954664256638907,0.049873247014869573,-0.27429363579233562,0.96035184208498159,-18.833074090295831,23.745161828235116,-2.1948050436617721,,0.3943210042904634,0.1470588235294118,False,4
-0.94276870688530345,0.32633631735748669,0.068496520286573409,-0.33331577711506055,-0.91652800620585173,-0.22108144781168854,-0.0093679263446360458,-0.23125964155875267,0.97284696645573243,-14.266103745153135,17.897669291653937,-1.9761511922857478,0.1957784073783097,0.1676340199139874,0.4,True,5
-0.90627319554939745,0.42268588671587276,-0.002352913066941997,-0.41872885244827679,-0.89852168572175872,-0.13162419388197188,-0.057749832519528706,-0.11830224621259688,0.99129689568010881,29.632956754988825,17.588154003256214,0.90453091898422089,0.2519720090618211,0.325413303989066,0.85,True,5
0.98264583255107518,-0.18384002423233128,-0.024698446515102238,0.1845252964508208,0.98239621335071248,0.029122070048636678,0.018909858268644528,-0.033174168933627284,0.99927067993403162,5.1755142732001049,-12.265775405247227,-1.0179986536029941,0.4239176789280428,0.4839975521494789,0.7380952380952381,True,5
-0.8784434346560438,-0.47618108076145077,-0.039858630615586442,0.47758886472398282,-0.87217249796124385,-0.1059434287329897,0.015684654964338234,-0.11210134756059575,0.99357298648551651,-26.484718914697467,23.302945566694607,-2.6426383094590045,,0.2338726076909669,0.4814814814814815,False,2
0.053377496836226529,0.98245168876530287,0.17871631731239063,-0.99528129103520135,0.066865399586015589,-0.070314792565332296,-0.081030824670626819,-0.17411977940603682,0.98138489282889985,-27.565786605719119,17.468901033305706,-2.9340744781990158,,0.2792071196350572,0.5416666666666666,False,4
0.57926767137047686,-0.80270057358814073,-0.14184764385176063,0.81462463645065275,0.57624207812299189,0.065816176492855608,0.02890789844779508,-0.15367776859964685,0.9876980696779587,10.533406525527356,-10.706348774504908,-0.68787698401949959,0.5882926644003482,0.2776805959923876,0.6153846153846154,True,3
-0.44698059601336765,-0.8629433154288394,-0.23566327915951937,0.89430996555172626,-0.42505672411111317,-0.13977291154869689,0.020445838266146304,-0.27323179837751682,0.96173091457693238,1.5538682548491638,-7.5604640608337474,-1.1777369473540809,,0.3876418165601676,0.3307692307692308,False,1
0.93816345752890562,0.33864162975385864,0.071910872300783607,-0.34616924740598215,0.92005218435198843,0.18349613134753232,-0.0040223261659363789,-0.19704269757284898,0.98038665649091183,27.372885928800191,0.32796503725267728,0.40238645877044027,,0.7296994919466837,0.3333333333333333,False,1
-0.31192595220267949,0.92936634600193446,0.19743453411565232,-0.94975836981459549,-0.29938092127089294,-0.091269397642988637,-0.025714573875028374,-0.21598439503354014,0.97605814467808283,-0.79399053381227469,-16.468266017977072,-1.5510272143871779,,0.1051346776447079,0.25,False,1
-0.94700272366109506,0.32105867070927846,-0.010352359192919536,-0.31124613211750718,-0.92507651116154299,-0.21762190546698007,-0.079446124010926003,-0.20286640544846007,0.97597824510593567,9.3619623656816842,-11.942268539920454,-0.82289139727652227,,0.2542722843758631,0.2307692307692308,False,2
0.61419546486848642,0.76280299187180101,0.20222642390749448,-0.78897231937574819,0.59904743575530306,0.13661935797627575,-0.016929565671841767,-0.24346204079163189,0.96976266400585709,2.5234385097479297,-12.039842879450063,-1.1813329497076517,0.5186459061652444,0.3011195115659178,0.1333333333333333,True,2
-0.97554927646374789,-0.1826563009775313,-0.12223045816924721,0.20120150088795533,-0.96601797296389791,-0.16225668538201043,-0.088439613474351558,-0.18288234366370121,0.97914885647922789,-19.875781163617471,20.403722450423743,-2.3755479492162932,,0.7027738237602974,0.25,False,2
0.95696625885871045,-0.27648689550960248,-0.088150870769519329,0.28832036303022945,0.94035482185240005,0.18056626839212392,0.032968889397113336,-0.19821151740098736,0.97960463795427066,15.084538367486653,-4.0115487576696225,-0.24298765886818344,,0.4103501351931428,0.7321428571428571,False,2
0.3160823843662483,0.93808313777939767,0.14174608603875713,-0.94755987923502483,0.31957224398974282,-0.0019637045260226318,-0.0471402328956117,-0.13369221176014606,0.98990110160420952,-22.626541348107743,23.097061772621849,-2.4156914233170288,,0.3192717664523753,0.2898550724637681,False,4
0.86011432386480835,-0.49702797503361973,-0.11474555292717382,0.50975290751176661,0.84581068112006064,0.15734123739986144,0.018850017662693674,-0.19382333125090626,0.98085533749728737,23.861483203025127,-1.6197991323682315,0.16187464343941094,,0.1256475418700139,0.4285714285714285,False,4
-0.49733903453230843,0.83764078147124987,0.22585793310553781,-0.86720854749084775,-0.47262691164236692,-0.15675821366108153,-0.024560535199506836,-0.27382790874495,0.96146505734898224,0.24777920051592914,-19.755772541811432,-1.4909667750298292,,0.6168341569910432,0.24,False,1
-0.97015423193867645,0.24232208965757093,0.0089872751969153706,-0.24233555357218933,-0.96755843362560079,-0.071443383142421074,-0.0086165959831882993,-0.071489036809586182,0.99740416676977051,-0.61836261825160721,22.363582751742033,-0.67180308702974234,,0.1085688753431506,0.4117647058823529,False,2
-0.81254749158910422,0.57244020644588867,0.1099035211285042,-0.58258742511999895,-0.79142832843563748,-0.18502187179256196,-0.018933198470016017,-0.21436746720004354,0.97656956895140534,16.338955655192464,-6.2331034907525753,-0.29587418728684245,,0.5679791738637782,0.2424242424242424,False,1
-0.49422378941247758,-0.86793009082317085,-0.049398415181598827,0.8691145140358647,-0.49202138780286769,-0.050546171336152267,0.019565466285637694,-0.067913999942742651,0.99749931385480317,-14.196803043030634,20.799753962619182,-1.8506712545519679,,0.08976828420154875,0.2692307692307692,False,1
0.73637409373549634,-0.66652348175242471,-0.11618796128623234,0.67621516031198936,0.73064625677751915,0.094282047184127762,0.022051100640485807,-0.14799491791823213,0.98874225824069961,27.60264498842934,-0.78258839067386154,0.35150090855221766,,0.1342817539999489,0.3333333333333333,False,4
-0.71934379514934521,-0.687171521772314,-0.10168482701593257,0.69146984595982364,-0.69433293014511943,-0.19942726554910228,0.066437613656995922,-0.21376875772950549,0.97462247137563407,-1.6720063679281971,-12.529386898790595,-1.6008598135113568,,0.2787109244256753,0.2592592592592592,False,2
-0.97161593914085209,-0.23473415862270769,-0.029365653119413478,0.23656071169993464,-0.96344611492077259,-0.12574026134890337,0.001223310042724246,-0.12911800191979281,0.99162848138442461,0.3466026772708341,22.315318002267144,-0.61914200014870124,,0.1436158449241052,0.2916666666666667,False,2
-0.93981297466732683,-0.3323504025453396,-0.079339665835578513,0.34166703978522772,-0.91141693395408285,-0.22930941198768692,0.0038995604047383937,-0.24261570936295485,0.97011463807065601,14.928019689353548,-11.930835639585078,-0.57203782413198601,,0.347634875356621,0.1538461538461539,False,1
-0.94591246241778704,-0.30430856913197502,-0.11245402703135708,0.32440383584475518,-0.88355376397825336,-0.33777936208281178,0.0034299754996638763,-0.35599022586682366,0.93448338367001493,-8.0678810508891488,22.559154224524359,-1.4210777471195533,,0.3003430011695452,0.1428571428571428,False,1
0.016682880167739483,0.96229316698231804,0.27150237989463094,-0.99880300722032456,0.028526442258503489,-0.039734051639716023,-0.045980803352531789,-0.27051451508414831,0.96161721222731988,15.620924545798676,27.374176716747801,0.51500564330067689,,0.5096227109918232,0.3333333333333333,False,2
0.99402880644409108,-0.10136655155881928,-0.040392501586414623,0.10883732970721204,0.94757289580972592,0.30043309203377322,0.0078209731836208461,-0.30303535990349911,0.95294721943380334,-18.290366159878044,12.383624010487674,-2.527554311845436,,0.4032884999118908,0.3090909090909091,False,1
0.81455323478938646,0.57298107555843314,0.090530186932580872,-0.57978852970003125,0.80917697454726822,0.095277933913399476,-0.018662489716619483,-0.13009731324831886,0.99132557747853267,14.350154267918381,-9.5206389524485253,-0.49984774857047709,,0.1875554109804997,0.2916666666666667,False,3
-0.29980782474396966,0.92181368301505184,0.24571284465512858,-0.95380105468834531,-0.29488732009304436,-0.057489273118935244,0.019463203685165461,-0.25159690430243503,0.96763638906757821,-4.0280800075541094,21.9377705719169,-1.0273051191902831,,0.3658368881359136,0.5,False,2
0.97169137420363416,0.23166066893140921,0.046359548838438125,-0.2362514570755328,0.95367043127238382,0.18627387778867988,-0.0010593998013733001,-0.19195323124916749,0.98140350248257358,14.760276293559007,-11.065269100084175,-0.54952435984525871,,0.695467421385115,0.3653846153846154,False,1
0.61596779928097045,-0.76167564236637708,-0.20108178951542341,0.78743148156609122,0.6028032791368173,0.12876283819693995,0.023137244598024388,-0.23765189350743146,0.97107478879061815,20.869436259171462,-4.9248255205768414,-0.064260749988071866,,0.09734882569776686,0.6666666666666666,False,1
-0.7146408436570495,-0.67180947147150161,-0.1948345416457842,0.69934881417987205,-0.68059195238970471,-0.21841664416334697,0.014131549184299689,-0.29234676051489389,0.95620796427037769,-5.0372344703565126,29.045971552583651,-1.0744650069385384,,0.3801751299600624,0.4,False,1
-0.85642906054591006,-0.50177493338560875,-0.12145443787000143,0.51619044284421634,-0.82828163166745383,-0.21793798512098086,0.0087573379940558138,-0.24934204392394146,0.96837588474883507,-9.2548028864401566,-15.481830185706393,-2.2253158212966921,,0.753121677958641,0.4166666666666667,False,1
-0.074284467559685,-0.98266046435573184,-0.16988298817583952,0.99716002315193752,-0.071075126921064172,-0.024904107307497494,0.012397826704823048,-0.17125051277392705,0.98514950934752277,-17.009001508011846,22.021778751100477,-2.0201053661037389,,0.2553669061857296,0.1515151515151515,False,4
0.99671551248505497,0.080891573932816874,0.003839327848276437,-0.080926535276584458,0.99314070682187328,0.084394504213713459,0.0030138115041688698,-0.084428015018845393,0.99642502338118499,5.4626910111543223,-10.661856941160314,-0.95394080788312852,,0.06313020247012482,0.4285714285714285,False,1
-0.03795907169384595,-0.99490676760639962,-0.093378973260190859,0.99896187598240627,-0.035425836430420965,-0.028638792693085641,0.025184900433671435,-0.094369136290373204,0.99521866286055716,9.6125657965795543,24.290371484764435,0.010414590588222607,,0.4587494564819058,0.2142857142857143,False,1
-0.98919265055236516,0.14008845044872992,0.043279627355837978,-0.14636032321809375,-0.92581708546968189,-0.34848440429941657,-0.0087496217450581289,-0.35105263181366098,0.93631484758921801,-8.0779055727098044,-20.759984392014367,-2.1841628002577713,,0.3898412582194647,0.2,False,1
0.77475667866009112,0.63096560011752167,0.040428954227419295,-0.6320123433375503,0.77465669036106066,0.021619665765898771,-0.017677294492250875,-0.042301578542486763,0.99894849202161107,12.14548745281358,-12.087994352680933,-0.64755549584523153,,0.1942876267613286,0.3333333333333333,False,5
0.97479851717716204,-0.21764034340694613,-0.048995222531526501,0.22304442746025682,0.94652149463509505,0.233127097465468,-0.0043628302893295064,-0.23818006028098604,0.97121121523405685,37.230294628174889,2.355505564236799,0.7450076842083404,,0.3187013183290447,0.3125,False,2
-0.88020402996019254,0.46585548772696139,0.090661624718027856,-0.47427526865070901,-0.85639546761039642,-0.20408275919996297,-0.017430868829049019,-0.2226330335126552,0.9747464784244253,34.685697828710467,1.7288538341118926,0.68830034197664547,,0.2735478348319368,0.2857142857142857,False,3
0.17051570863730825,-0.98244171347331299,-0.075714415638890337,0.98487540610066671,0.17232583824252123,-0.018006663546054288,0.030738047530137452,-0.071498846855277728,0.99696694395170493,-14.689044136943604,24.644714491955853,-1.7655813214594596,,0.1259374209420825,0.2777777777777778,False,3
-0.30403902836206576,-0.93485453898369786,-0.18332283047735648,0.95257025215938929,-0.29569349838386955,-0.071939347470682813,0.013045456437010661,-0.1965002441603757,0.98041698787366172,6.8699887055690541,23.716848782038202,-0.17842529272991717,,0.2852987605874242,0.1111111111111111,False,2
0.5280013899014746,0.83076429208309854,0.17619654724704076,-0.84903353591028197,0.52099792066805262,0.087767998491759813,-0.018883515610041236,-0.19593840271685781,0.98043437066382511,15.910416625583933,24.400353402346571,0.45349403396290489,,0.5641954589639301,0.1363636363636364,False,1
-0.49079098773112267,0.8692857456339611,0.058876980217378208,-0.8707829549362589,-0.48711513515140314,-0.066752456875443775,-0.029347091071974304,-0.084030575054790474,0.99603092858684583,6.1006724390613218,24.130883273728237,-0.1912675547983804,,0.4970295653181971,0.4782608695652174,False,2
0.99310583148737275,0.11402276386740114,0.027195896488496546,-0.11507809950159455,0.99250818104313243,0.041043167245648771,-0.022312294388414151,-0.043889860816503576,0.9987871853586392,27.665050073061529,-1.8227595278852591,0.29690303440078375,,0.1599513726866268,0.25,False,2
-0.96039925866751152,-0.27713972815521504,-0.028754739243251726,0.2779013338173148,-0.94533583441700741,-0.17061948549230108,0.020102552411356153,-0.17185380777030693,0.98491733467402964,10.60648637677966,27.738736507119135,0.1480402919385175,,0.3712602151868172,0.25,False,3
-0.68525883272704158,0.70707204604777329,0.1745550167350923,-0.72796789310862353,-0.65774969372344172,-0.1934633996644094,-0.021979053040674861,-0.25964295119362391,0.96545453498489542,7.5381206725102397,-8.029690985285967,-0.7815346694298333,,0.6274307651786377,0.3066666666666666,False,1
