axis_00,axis_01,axis_02,axis_10,axis_11,axis_12,axis_20,axis_21,axis_22,location_x,location_y,location_z,dbh,dbh_approximation,score,reconstructed,number_clusters
0.94804226101757827,0.3176545066988995,-0.01764895743542385,-0.31108975488247431,0.93721001786302816,0.15767227665111308,0.066626088973019137,-0.14398957181359306,0.98733376700946374,-23.745631312470351,27.381583075107766,-5.4647239434193313,,0.172413498215811,0.40625,False,2
-0.097333903681977404,-0.98641507065713696,-0.13233072044881525,0.99485473690026582,-0.10018657756755917,0.015056631177051012,-0.028109849895185453,-0.1301843233871666,0.99109125628425099,6.9867256422330994,-13.361122893680481,-0.33708059573801363,,0.07792384503400734,0.1428571428571428,False,3
0.9957942454924763,-0.059804524333221282,-0.069406336262243212,0.065447517893957211,0.99447279702268832,0.082100416462961456,0.064112736999683451,-0.086297594700829927,0.9942043462504383,7.7825248594168857,-8.8124177426941035,-0.31930086300369126,,0.08185214035556945,0.4545454545454545,False,5
-0.31069593938377466,-0.94296719365382642,-0.11950274031611352,0.94975742364431137,-0.31298667451443279,0.00042167394573642755,-0.037800389984150237,-0.11336760237838293,0.99283378127863009,3.1970020624408,-13.85450970974879,-0.74658216404840738,,0.07014115247553318,0.2173913043478261,False,5
-0.91697102885379633,-0.38345009295001098,-0.11013699859465106,0.39504082611876135,-0.91126252997496016,-0.11637588737810381,-0.055739375150936452,-0.1502219280939453,0.98707978116134076,-8.0150400722320825,-11.862451469176749,-2.2395552159321843,,0.2110126855344518,0.1864406779661017,False,2
-0.92005418437201381,-0.36599036363872728,-0.13982614756597461,0.38609737570343727,-0.90759820465528718,-0.16490699009265519,-0.066551591224164902,-0.20570987489688586,0.97634744485528313,18.431118331768399,29.516184285131562,-0.099079614699311896,,0.3907683027819114,0.4137931034482759,False,2
0.89380250548719098,0.44743391486422768,-0.030331056923410479,-0.44353880078404972,0.89196150349107861,0.087624246010917506,0.066260194565569697,-0.064865770011661827,0.99569172864743993,-11.511479209064383,-14.402715194769037,-2.6407750580271596,,0.06680114220847082,0.125,False,1
0.81845168526836543,0.57195264003467272,-0.05483626937292841,-0.57095453767005433,0.82027910588415875,0.033957390415920594,0.064403065108322485,0.0035165334141448595,0.99791777176148144,-34.270712579588661,14.56181120448559,-6.8517740537807255,,0.09422960045175369,0.3571428571428572,False,1
-0.9942778679755937,0.089446125029996146,-0.058403013372812278,-0.087754413681776111,-0.99566213523939451,-0.030920467814965248,-0.060915385029352571,-0.025618414620091571,0.99781411730796732,-18.7064755467064,19.087754624554396,-4.5640750031483464,0.1729343201900242,0.1937994454760086,0.6388888888888888,True,5
-0.97878763774695676,0.19873090560070505,-0.04980750297753507,-0.197750443674689,-0.97995990225112894,-0.023944769917930354,-0.05356792155942889,-0.013587388972229462,0.99847176256553249,-20.660317935898753,19.162913854398159,-4.871002190767709,,0.1558365558799816,0.5384615384615384,False,3
-0.60965022363135668,0.78991403250245806,0.066048664497795145,-0.79240744585063505,-0.60518181215474642,-0.076455307190345462,-0.020421669537763414,-0.098948448662941502,0.99488298805461917,-36.133007906023586,14.179162001782492,-7.0905120250762153,,0.1376594114297325,0.35,False,1
-0.72363840074172781,-0.66770945189825148,-0.17467556445505214,0.68776589905963204,-0.71877774430511465,-0.1016691810842755,-0.057667435027499422,-0.19370762023572394,0.9793629688731148,15.045824249411361,-6.7370743517516463,0.36814649125303878,,0.3187968129264839,0.1944444444444444,False,6
-0.88493095082509032,-0.45768088796163725,-0.086170859729075927,0.46144450515729157,-0.88668376084292178,-0.029340704108694646,-0.062977622469757924,-0.065727566911446628,0.99584823442930148,14.003203592941134,-18.075854153046734,0.43262351837943402,0.272113520660303,0.1940837870600298,0.3214285714285715,True,5
-0.9814922260794563,0.18467149208701739,-0.050689744090369165,-0.18393942222909246,-0.98275803660218319,-0.018786443086670102,-0.053285073853941559,-0.0091149056043277783,0.9985377405988235,-18.50677670335919,20.739033068036914,-4.5913435900353372,0.408876632577402,0.4486230744525351,0.9705882352941176,True,5
-0.30886656420067499,0.95099996325674185,-0.014160346201473849,-0.95110417281601201,-0.30880820859492231,0.0061921528052875652,0.0015159059467475602,0.015380513322715901,0.9998805637870406,3.8525985350017873,-14.530212614159563,-0.66483118192383051,,0.0837417384932136,0.4827586206896552,False,5
-0.96585225800065799,0.25535985997850641,-0.043826448941110326,-0.2531822223744622,-0.9661421478277521,-0.049680101291223785,-0.055028883221072564,-0.036887560268138699,0.99780315188362989,-30.194746285320484,19.970798685490312,-6.307933682157576,,0.4128311033014831,0.5853658536585366,False,1
-0.78511575619918794,-0.61281125330331843,-0.08975309015623735,0.6165346702461918,-0.78709750985095983,-0.019039705114256289,-0.058976688209810113,-0.070284264321641393,0.99578204062765108,-13.696396986190095,23.188183543064842,-3.8882789264597695,0.3191044951024788,0.3104825793985575,0.65,True,5
0.54424712005507359,0.83747722442162831,0.049264296268223672,-0.83828509219030711,0.54060043689927095,0.070917359199319768,0.032759373059421115,-0.079894093645039466,0.99626490316451022,-5.5147138523752277,-20.482669837716827,-1.6325234194588218,,0.1416669012989604,0.1333333333333333,False,2
-0.91008570020712998,-0.4037962157255659,-0.093234298647068295,0.41382235947726975,-0.89755508713356547,-0.15213783341865875,-0.022250237642865267,-0.17704090410515397,0.98395195268796853,-10.10174795867737,27.946015247561395,-3.4720160486156764,,0.5095301898604974,0.6153846153846154,False,4
0.91649883165091428,0.3980888152925634,-0.039435855784716992,-0.39511537801073687,0.9162296339678907,0.066385961607092286,0.062559808519066742,-0.04526094318536715,0.99701440179168377,-1.9087333590781859,-11.004086739418527,-1.431609579437972,0.1470879365784168,0.1289716833117651,0.75,True,6
-0.99055321847449529,0.13500990748260255,-0.024013459795660046,-0.12354018519548543,-0.95460864291362957,-0.27103535104569693,-0.059515913936390288,-0.26550831202833963,0.9622698125952921,1.4698607545560747,29.121391434777269,-2.0185832568835802,,0.5510531503000545,0.2857142857142857,False,1
0.34610817910901109,-0.91212320235246069,-0.21963695518773191,0.93819362070261025,0.33683002075021684,0.07961323504503659,0.0013632412744802591,-0.23361678204209047,0.97232779489302212,13.134230158058712,-9.3438872111511859,0.23893684287376871,,0.1248264336969793,0.2222222222222222,False,4
-0.25936850971573255,0.95970511714795603,0.10813909694402374,-0.96575556540460061,-0.2585018463051838,-0.022203228297989628,0.0066456044030204636,-0.11019475294604628,0.99388779666785299,1.4890141210110825,24.616464042940098,-1.8723194607006726,0.5644600272586315,0.5131202933916217,0.5540540540540541,True,4
0.89489507401693957,-0.43469652181903223,-0.10100366537236792,0.4438567975132155,0.89048450391351364,0.10014235662903914,0.046410664739155102,-0.13444806509705032,0.98983320210534997,10.947756338706554,-12.975403518472934,0.078554831551217494,0.6989536281214022,0.554634529025948,0.7228915662650602,True,3
0.29837579013228571,-0.94701585584093551,-0.11888169181498431,0.95420328959233658,0.29879923705783462,0.014666221899915826,0.0216326141299601,-0.11781334694980332,0.99280010338757907,-2.6280666430878554,-15.540158029907358,-1.4532759683548195,0.2799794224242353,0.1293664844732169,0.3478260869565217,True,4
-0.99176514747884348,-0.10513142691603061,-0.073138740219300696,0.11023509758691807,-0.99146275528172723,-0.069640707557923051,-0.06519290993865591,-0.077129682767173482,0.99488737881730349,-15.403070055214242,19.437026452766897,-4.058159734096658,0.1528535854250815,0.1183866174568237,0.2580645161290323,True,4
0.46914620759807774,-0.86694924292558295,-0.16822855312669421,0.88306159227226433,0.4627251089465233,0.078023700271152088,0.010200987693137625,-0.18516069707469787,0.9826553088997676,1.3209659822823523,-15.101525593862036,-0.99062695467474271,0.4432207098758558,0.4442820001043978,0.8141025641025641,True,5
-0.77628511066124972,-0.62168480619229249,-0.10435242553627275,0.62777336551107632,-0.77745102048963721,-0.03834725928301258,-0.057288991268378858,-0.095278079794218956,0.99380081454493585,-17.904785471377565,17.476814468196352,-4.4274852287733069,0.163418411340694,0.1137384387693198,0.36,True,5
0.94094026807515008,0.3376253150824482,-0.025309257795191172,-0.33519208432399,0.93947606425214614,0.070929481203781647,0.047725030342630509,-0.05825694218525429,0.9971601928306304,-10.424390647638228,22.626109044135955,-3.3415250637006513,0.2345242276150126,0.1259882213529633,0.3214285714285715,True,5
-0.50836970261098191,0.8442163793979155,0.16987922245965731,-0.86098439356167722,-0.49455303915638249,-0.11884092520852095,-0.016313169846889269,-0.20667848513442694,0.978272908892036,-2.7088429187632794,25.223142782640799,-2.432450655923319,,0.5534956952938473,0.1842105263157895,False,4
0.82860938280913166,-0.54899286876667142,-0.10960529532832239,0.55777129173897566,0.82635285602973452,0.077666874813747039,0.047934088418400821,-0.12549018836084341,0.99093619158483426,-5.1723203507303177,24.86066729645756,-2.7760654246489982,0.5408571925614895,0.2806429404829462,0.7169811320754716,True,7
0.73822393805942166,-0.61902713075010318,-0.26801273975565792,0.67383414175214862,0.6951021060579643,0.2505605945932598,0.031192413904417453,-0.3655659633350421,0.93026262945779892,-5.4598211901762381,-31.901493745438724,-1.3696723963914219,,0.5683773847527963,0.2142857142857143,False,1
-0.09803008542535542,-0.97646820829842806,-0.19209357233899146,0.99477028466826989,-0.10170810114059092,0.0093564364682690512,-0.028673735238140319,-0.19017176537234209,0.98133201138180548,-6.2218924038919798,29.193121505872085,-2.9909044255665322,,0.1330693627217017,0.2307692307692308,False,1
0.997966194003021,0.010310902516298074,-0.062905968845753515,0.0036110543941984025,0.97610263745496084,0.21728000699473055,0.063643035072862869,-0.21706525848870292,0.97408020082739888,8.3996065175294596,-7.9709936435192592,-0.2868035525520109,,0.1530971718967142,0.1739130434782609,False,3
0.89400036040223163,-0.41640823715202396,-0.16543136230057973,0.44373216740474219,0.87402734348595867,0.19793424779246688,0.062170082925565799,-0.25036050581276531,0.96615448967450679,-22.446409031673863,16.909544320023944,-5.1036159695548289,,0.595505351078434,0.9454545454545454,False,3
-0.98645210732995126,0.16058633673235567,-0.033530111827734306,-0.15603767660976486,-0.98156198295047847,-0.11040071152194164,-0.050640728890136356,-0.10367305378548015,0.99332140543545544,-22.796800076412307,21.148829983606053,-5.2433529388439677,0.304939681868181,0.3146457279692961,0.6363636363636364,True,5
0.57269822278896854,-0.80022292454696675,-0.17793261826842399,0.8197299296367333,0.56106410447108179,0.11510826700033089,0.0077193310664302496,-0.2117789925926625,0.97728709713385853,19.58605120998849,-6.7785060515424496,0.76949964650796443,,0.4620201847579248,0.4680851063829787,True,6
-0.9975772225757934,0.060684294104727379,-0.034016193893164549,-0.056063476482455889,-0.99077490441611427,-0.12337736982097323,-0.041189459849183777,-0.12117138782836086,0.99177664984061908,-19.914498347936373,26.895880983867315,-4.9801087947715938,,0.2238667864107056,0.35,False,3
-0.794515249227709,-0.59798671925591218,-0.10562860568133262,0.60407519058987968,-0.79606755905721027,-0.037008181939881729,-0.061957104987499241,-0.093211185006123798,0.99371675649116531,-29.514528460529849,14.927619207112647,-6.146874128940623,,0.1472759105053663,0.3684210526315789,False,2
-0.99661189936781169,-0.042625948494195806,-0.070340248460284055,0.051826734261408706,-0.98953720991883909,-0.13464805903479704,-0.063864791977126648,-0.13783736322569082,0.98839372197758768,-19.743056730550641,17.269881504939011,-4.7150790388014796,,0.09106694601898216,0.2592592592592592,False,1
0.50263810335699433,-0.85683280054109923,-0.11485856071960662,0.86447331220792356,0.49718637038096664,0.074105368143350225,-0.0063897992100328573,-0.13654034211285868,0.99061390331539256,0.66282706805685565,-17.345852804017202,-1.0105898945265863,,0.1306191026744672,0.1785714285714286,False,5
0.23716597440405879,0.9523237687666376,0.19191597126628554,-0.97099967165842893,0.2262386817970849,0.07730262930807294,0.030198314923142677,-0.20468389848941659,0.97836218420121801,-13.592262841661261,19.442172033503542,-3.6761544214055841,,0.4002568547695441,0.2352941176470588,False,2
0.68633035286482091,0.72707956944863272,-0.017491324330749784,-0.72501583618218091,0.68588681579403199,0.062540492522680111,0.057468983125734285,-0.030241951165838436,0.99788914232402559,2.8615723577172432,24.201411327223671,-1.7325110337091278,0.1562534355820864,0.1423252829917406,0.4,True,5
0.94137109195693192,0.33403978374983023,-0.047306343128388717,-0.33077846994190591,0.9414404040451464,0.065387838733237919,0.066378242299008156,-0.04590630135045673,0.99673794973684826,10.773903865535424,-7.2763366519254005,-0.062097615178388403,,0.08959347827463755,0.2564102564102564,False,5
-0.58706752764698245,0.78551168516304071,0.19576289345731507,-0.80932383800771845,-0.56393170536996418,-0.16424359016710696,-0.018618356933849733,-0.25485765468363808,0.96679932386935385,-13.360268380454386,-20.197820573758392,-2.704857076725578,,0.07178320251465609,0.5,False,1
0.94804523192276569,-0.30902795448626402,-0.075577520298998058,0.31544464994890598,0.94394837385162667,0.097242687753282014,0.04129056850083429,-0.11603099089857712,0.99238696993862874,-7.3188351510966676,31.820379388012647,-3.2251928946648363,0.3659313447032979,0.4271334309256842,0.8333333333333334,True,5
-0.62638542384830631,-0.74663065590150279,-0.22401777710367105,0.77742725886922692,-0.61936774022288066,-0.10950095679163158,-0.056992613183275767,-0.24274732962340556,0.96841394868271469,-11.844602435984381,-18.603342209986881,-2.5714792004821976,,0.1742899635935133,0.2592592592592592,False,1
-0.074296596509703605,0.97590921132800235,0.20513709316510736,-0.9970757844144762,-0.076385360412929329,0.0022708696226555053,0.017885633377951873,-0.20436851019602442,0.97873061470402889,-30.448816753394464,17.222610773905799,-6.3131351249600662,,0.3390410276235338,0.3076923076923077,False,1
-0.96011673420557719,-0.26328685006986163,-0.094105745195008056,0.27168635472618313,-0.95802037889982061,-0.091561336099049623,-0.06604832589866487,-0.11347681786574146,0.99134284203450507,-19.949791296470117,18.753741208022518,-4.7354632719545018,,0.08665983342093668,0.1904761904761905,False,5
0.21943705509769504,-0.9636225021756869,-0.15257474283353561,0.97554068381574066,0.21879410234097893,0.021201768820608719,0.012951952376703692,-0.15349532266969462,0.98806448820315262,5.7787394384883228,-13.600927693208039,-0.45083199949636588,,0.2205564679837461,0.3611111111111111,False,3
-0.35391132632852373,-0.90456371423406468,-0.23772097086176083,0.93210715884508766,-0.36204274559096744,-0.010064531518778549,-0.076961142962690132,-0.22514337044653793,0.97128134194879334,-0.015411224055085479,-16.811186135960799,-1.0852766449616345,,0.204255214021503,0.1923076923076923,False,4
-0.73706300148597226,-0.65898662807952468,-0.14991582922716454,0.67068289612829579,-0.74054211848739537,-0.04221165226762516,-0.083202071377171255,-0.13165862963960767,0.98779725680929542,14.891923247582696,25.754596058138986,-0.43038396550403818,,0.5227197999586404,0.3846153846153846,False,2
0.58382019197803159,-0.78498416972164753,-0.20725307410301422,0.81167534247548223,0.57010612543217853,0.12713042185888279,0.018360878411519659,-0.24244351719756171,0.96999176239431684,-13.476206389314044,-19.345584374718808,-2.7823323904385355,,0.2325893501162686,0.625,False,1
0.99701031470630674,0.049680286067930131,-0.059180246243478105,-0.04619313216378839,0.99719439999856718,0.058902658279531783,0.061940511058021307,-0.055992836932103537,0.99650799058620954,8.6863592410227657,-10.652673317413671,-0.22219086640712646,,0.07176663797456814,0.2285714285714286,False,5
-0.075489329012155479,-0.98841029352367749,-0.13170593328219479,0.99710374337510743,-0.076049441836050655,-0.00077932263835634591,-0.0092458721948795938,-0.13138330964344197,0.99128852499889908,-8.8415518072145165,28.34446792109334,-3.3186440236925021,0.2283672294745903,0.2469946174859194,0.25,True,4
0.60341515639184307,0.79700219053993993,0.026031851857781708,-0.79647307031130654,0.60077547175161905,0.068552759320839984,0.038997401265839685,-0.062099442961733545,0.99730780698756905,3.1029503559184719,26.259611693170243,-1.7280075826045309,0.6019180879449104,0.4285104201406231,0.9833333333333333,True,6
-0.55080096004617862,0.82742525162391811,0.10947947473067776,-0.83387917650993026,-0.5399593908569611,-0.11440880739043353,-0.035550265756104905,-0.15430913518154638,0.98738283831763796,7.4958477930217944,-17.964996886806993,-0.1826710649179582,,0.6798634069875623,0.392156862745098,False,2
0.53621907389576695,-0.80664968969919071,-0.24856665685197066,0.84395194483995362,0.51747065938969206,0.14131253119117676,0.014636242387510649,-0.28555278807778556,0.95825121217234976,-30.755541523688443,23.719160635387418,-6.4849111640756263,,0.3798895706983169,0.5,False,1
-0.2672642668226794,-0.95270704513081816,-0.1446343591192652,0.96257911277010055,-0.27093569411358676,0.0059414908831428269,-0.044847110703602616,-0.13763406487237764,0.98946733187520863,4.2285319964763861,-16.895204960034565,-0.53824664256198484,,0.0808546528930217,0.3478260869565217,False,5
-0.658202719571087,0.75014982206433689,0.063595789216503995,-0.75251518139612439,-0.65308242771879732,-0.084877820267022897,-0.022137789356308637,-0.10372360898930738,0.99435975945361454,-8.9683324236538926,22.926361058211828,-3.1592812588620971,0.7666427722220599,0.474164113989395,0.5833333333333334,True,5
-0.99520927140736681,-0.053212904783347337,-0.082017637550323777,0.063679617222359958,-0.98936183257849064,-0.13079782332800535,-0.074184988071924529,-0.13539405822062064,0.98801064596659061,9.8657703506186127,32.51788729864149,-1.086917640546379,0.6949923051567763,0.4777925266985455,0.4615384615384616,True,5
0.48659982136437302,-0.82285847331257433,-0.29346983958468387,0.87356296722046267,0.46229346023605522,0.15222515864322825,0.010409425975592291,-0.33043711886026789,0.9437706047182145,2.5510823029226377,-11.646033894314479,-0.94837520414270071,,0.1169451816144634,0.1666666666666667,False,3
-0.84390266211233012,-0.52163362950008652,-0.12540595462054097,0.53252772242497703,-0.84283318536530938,-0.077758899785380559,-0.065134643075626414,-0.13240308992441521,0.98905353750435498,-37.239190380940379,15.684928418356085,-7.2107636692495793,,0.5697637638634252,0.8421052631578947,False,1
0.2108713468038437,-0.9610197254682955,-0.17881376445334099,0.97747375286634308,0.20564840255421074,0.047474171759900041,-0.0088508504969993657,-0.18479670394177267,0.98273691324674306,-17.190622762386557,23.574196782863641,-4.4610667668968702,,0.7468322680783939,0.6857142857142857,False,1
-0.99783366197786016,0.048333841631287289,-0.044629841776731578,-0.035892078577129359,-0.96850171913714478,-0.24640653141467106,-0.055133852751894821,-0.24427087378882836,0.96813841908023424,-24.073262328788932,16.345526358604658,-5.3595874517432316,,0.206271594646365,0.1111111111111111,False,2
0.66399734077961303,-0.71121900931320337,-0.23081389089295862,0.74712806901514839,0.64349225852516134,0.16648531979691608,0.03011942773853566,-0.28299334622872524,0.95864883354801544,26.552121449326819,-2.6995711002296003,1.2850734838394586,,0.2191093540820877,0.2258064516129032,False,5
-0.97999108967699178,-0.18143212615531218,-0.081852597713617276,0.18905170511592842,-0.97710164512900366,-0.09763108049671769,-0.062264893370697988,-0.11115196212824788,0.99185095874762264,-13.951483596689465,21.949640857899343,-3.8505512554246435,0.3076796197351959,0.2903368787421766,0.6666666666666666,True,5
0.2291818281690329,-0.96955991689442589,-0.086193138872968034,0.97335424157997241,0.22758656545233794,0.028033473275468086,-0.0075637315775697496,-0.090321219972294503,0.99588396271219248,11.572213885668871,-15.134581057920409,0.17090177086716696,,0.09616941708358892,0.375,False,5
-0.78754740131456946,-0.59967535644041825,-0.14198083518815621,0.61346135366080512,-0.78479670272271818,-0.088086905724987452,-0.058602544717117275,-0.15647236904197323,0.98594225970848393,-18.482611724516325,26.298909301787248,-4.731220518228807,0.3327220291291176,0.2515491550519134,0.25,True,4
-0.36983655003600907,0.92759511217154922,0.052803732187347865,-0.92890563127491055,-0.37031574248537669,-0.00076095549416623984,0.018848194693988025,-0.049331113335853043,0.99860461986404925,-11.049172555085422,20.391895889048509,-3.3703156259641855,0.2712796251633742,0.2677984824303467,0.6764705882352942,True,5
-0.58401511640582959,-0.79908955386430036,-0.14276634307300917,0.80929886319939348,-0.58681808842262528,-0.026074530181518868,-0.062941987843220748,-0.1307685589313079,0.98941290175607388,-24.570711756784974,19.833192563768783,-5.4082391249204678,0.5204198257014875,0.4502522746780661,0.8791208791208791,True,5
0.82007810447834129,-0.56607236767373503,-0.083868808930752284,0.57138866677175415,0.81804516167730723,0.065704679750729064,0.03141486972770071,-0.10180465614401188,0.99430826102742997,-11.047540532700195,25.497488108717359,-3.5361800800657313,0.3631550307182631,0.3280412277953155,0.7575757575757576,True,5
0.9712152250894166,-0.2242569935391851,-0.080310568440774305,0.23193142650784671,0.96713469526609253,0.10420314107836906,0.054302854000040285,-0.11983022181957725,0.9913081851705462,-0.918056070562285,-17.985500873315925,-1.1391143204300411,,0.1293620673479959,0.3703703703703703,False,2
0.85494944121444816,-0.50512103586901513,-0.11795843373713245,0.51696223791204599,0.84840163466895224,0.11386268424738777,0.042561690991705314,-0.15832689415782905,0.98646900460494136,-0.23488137003630449,-10.367062383577673,-1.2873499631136185,,0.1200798400587308,0.2903225806451613,True,5
0.79940675391716609,0.59497897955260715,0.083359796557807758,-0.59761778717825198,0.77325418229983423,0.21196921947298297,0.061658918574609818,-0.21926692282775889,0.97371463700298577,12.970167436261061,-7.3331679728443779,0.17121347897924113,0.7134301889276271,0.6483561293473535,0.5151515151515151,True,5
-0.90836566676378894,-0.40883408743330996,-0.087900536957116387,0.41736553095737661,-0.89943536391680901,-0.12969980610819742,-0.026035149575984788,-0.15450150513315231,0.98764946003030152,-35.443836004394399,17.830498281315592,-6.9953118705446498,,0.1914852378740193,0.3,False,3
-0.64077349621541824,0.76255723403164111,0.088970733243478151,-0.76756937604312436,-0.63869332897390052,-0.053926658389015031,0.015702850334829467,-0.10284598363693948,0.9945733377389081,-17.108987210072698,20.026837430004921,-4.3782294996430533,,0.3447933211066671,0.2424242424242424,False,6
0.54299431093704431,0.83969611101258035,-0.0082231040584343773,-0.83766396513626395,0.54231582161237013,0.064904785194119088,0.058959815147262493,-0.028354731161681274,0.99785757972696298,-2.8837515049341254,-20.137823153436784,-1.3276747211101216,,0.1213184287700923,0.3125,False,4
-0.38204229938963741,0.92330816981648789,0.039315455322391932,-0.92403280329468629,-0.38098773010910369,-0.031807671113697131,-0.014389576520628469,-0.048480646204862955,0.99872046491053557,-12.851847204050683,30.22212000021959,-4.0069291541742462,,0.2534602973721045,0.4074074074074074,False,5
0.9688654557985491,-0.22410271438901075,-0.10525066253353518,0.23660626843724955,0.96326714211744024,0.12701923733474585,0.072919149038307027,-0.14796751778812053,0.9863003657016215,5.5377982497846672,26.24898084628116,-1.43488590326681,,0.366592689612128,0.5333333333333333,False,4
-0.966397432091472,0.25283619488896591,-0.046366602216219736,-0.24192898495206044,-0.95557910369429455,-0.1683417441482471,-0.086869842218539842,-0.15146760424881964,0.98463759595906597,-11.514487981022208,-16.009987389971506,-2.6402130311193837,,0.5962847508484233,0.131578947368421,False,2
0.71196724512188192,0.70214913656623668,0.0094462634330505363,-0.69959163204757213,0.70808442011763095,0.095854068018488975,0.060615099130273395,-0.074853483592728184,0.9953505742960419,3.5746122344322453,-7.7626456694790118,-0.88530657520532863,,0.09308795960465785,0.21875,False,1
0.99528884280700269,-0.045663828224720461,-0.085527388454002345,0.060215924318484874,0.98251758010240953,0.1761625591553935,0.075987905895406022,-0.18048274039799558,0.98063847496213508,2.2749342468338689,-9.7934196734860848,-0.9878781448929993,,0.3081742959048364,0.4625,False,3
0.45258794691508181,-0.86569905060289631,-0.21384411166182346,0.89168118456910594,0.44159316271339721,0.099499465979544899,0.0082955043623942973,-0.23571302982657227,0.97178729780613526,-19.242421058687111,14.956388164503004,-4.6033994372223939,,0.6145773853750516,0.2191780821917808,False,1
0.22697197077754322,-0.95077072115159267,-0.21099469254518677,0.97341537418724766,0.21462782386306331,0.079983789105706762,-0.030760913140840215,-0.22353955583897389,0.97420933746195204,5.454925673918841,-16.46920067064822,-0.39647938899414048,,0.2730931211598762,0.2380952380952381,False,5
0.7896394256432232,-0.5860306402006682,-0.18176266452666928,0.6121234615690786,0.77275435710650164,0.16779621977149795,0.042124164876328161,-0.24375970199955388,0.96892041077405289,-24.60482265339423,22.005685293879818,-5.4887537936038218,,0.2697801063071381,0.25,False,3
0.01510940676879364,0.99984213314700632,-0.0093495781262424027,-0.99909630778791425,0.015468336014407003,0.039589119029127824,0.039727491635543594,0.0087429608822741714,0.99917230097884424,1.2969921322672326,-16.136397733586975,-0.9631009423964374,,0.256071205858185,0.2580645161290323,False,4
0.98601304734343198,-0.1079944401440833,-0.12694672648983435,0.13834449983731667,0.95508940489513849,0.26204012673980404,0.092946596674012061,-0.27593736527519414,0.95667105141302478,-1.1447803425182808,-15.767148543905826,-1.2726160485911615,0.7400973887799742,0.4904506006493171,0.3333333333333333,True,5
0.94791374190873123,0.31852595335981732,0.00086887099535881002,-0.3114852048459838,0.92638360350087778,0.21163739349836996,0.066607094686997215,-0.20088463405882456,0.97734786986845656,-9.8016375737042392,24.169114495945468,-3.3295994800238016,,0.4799945719452615,0.6,False,5
-0.23925573403784539,0.96529405386622757,0.10470951867197856,-0.97046043092614998,-0.2411859792923246,0.0059896076194273055,0.031036200422154134,-0.10018339664489329,0.9944848120006905,-0.89416354276155163,25.355574809534186,-2.1755760232102661,,0.3321497079770152,0.3809523809523809,False,3
0.9435087822778655,0.32879858859637356,-0.041020310841967132,-0.32330297122459628,0.94063376718633374,0.10336007365609545,0.07256973585377538,-0.084259148855648641,0.99379778087508042,-23.160886735395898,22.288371848015615,-5.2986766840404638,,0.279242680722354,0.3,False,5
0.87435401457100204,0.48483685849138847,-0.020935086619682873,-0.48098702027161028,0.87152809506828377,0.095342885612333367,0.064471261301529262,-0.073293929863598159,0.99522432461799304,-7.9190505415926777,-17.849294713069977,-2.0124767671100319,,0.2521664246512185,0.1428571428571428,False,4
0.99601479439582896,-0.041039795149835953,-0.079185002107048374,0.057786713800299955,0.9732282069653585,0.22245798002129519,0.067935447689670594,-0.22614728028665798,0.9717212473575696,-6.6024385109262154,-20.298231271896576,-1.7393876102007966,,0.3109062742980619,0.3846153846153846,False,3
0.67154527671351971,-0.67952319752699952,-0.2954237047808535,0.7388187473005714,0.64439229696580824,0.19724458483908752,0.056336488717140712,-0.35072324079509226,0.93478308093654072,5.1158092684421081,-14.00395389795597,-0.51299008045902617,,0.3583316867974159,0.2142857142857143,False,3
-0.67832305197894205,-0.70183943199092158,-0.21748390482202259,0.73156621553776291,-0.67269214807933864,-0.1108879894134658,-0.068474151602846756,-0.2343217565977728,0.96974460810421881,-7.5834627375872685,26.763020539487389,-3.106740486233134,0.6955879018763542,0.5487639901981026,0.2222222222222222,True,5
0.10313417088172704,0.99447821311966444,0.019401711956890388,-0.99443900196566748,0.10267283354062084,0.023438443256054178,0.021316992425434524,-0.021711123486806989,0.99953699929060891,-12.261649100931832,22.102023431928135,-3.5805645102407424,,0.125532443922054,0.3103448275862069,False,4
0.73477226297624842,0.67119879594419796,0.097989274330517129,-0.67460978642307678,0.70801835090016019,0.20883402704259724,0.070790943085773272,-0.21954997406439475,0.97302952229896389,10.522471207999114,-10.148835086641487,-0.049072547625901776,,0.3171143567667175,0.1111111111111111,False,5
0.99779520717787706,-0.00032296902408170819,-0.066367312917346308,0.022509894692045,0.94236176274737304,0.33383770421062214,0.062434198752066371,-0.33459558246138776,0.94029132029574447,29.545417189537368,-4.5124426002555431,1.5567999992592385,,0.3493934017657615,0.4,False,2
0.98319700799969256,0.18223673317539507,-0.010649720278587495,-0.17031418845195465,0.93674282001080766,0.30578745293120158,0.065701755474297394,-0.29883551033931627,0.95204023921672343,-16.709917607773303,16.219885040805501,-4.2111410666853297,,0.1085593455693328,0.5,False,1
0.95493317271454026,0.29242135302742706,-0.05091549806249554,-0.28924921493530603,0.95527788388118962,0.061474028880386743,0.066614767947147338,-0.043976321595676035,0.99680918727219936,-13.681898583046777,-15.185600399625823,-2.9308950796230997,,0.103827653237778,0.5925925925925926,False,1
-0.010387636162719602,-0.97676690714912429,-0.21405257791786725,0.9993736239367762,-0.017383179958333394,0.030825068272599773,-0.033829821081779357,-0.21359830091288146,0.97633565388789556,-6.3958546688618254,23.420588805453061,-2.8849819087850173,,0.4725080240718477,0.1904761904761905,False,3
-0.95630195434116916,0.29153436367280211,-0.022232564430444184,-0.28665213839404319,-0.94982896035614073,-0.12512193102288058,-0.057594476101287456,-0.11328133503215157,0.99189223984057417,2.8047901355802685,22.189268381715831,-1.6890993249226389,,0.08860741194876946,0.4,False,5
0.89244399356052728,0.44967737439029448,-0.0365236542419798,-0.44614628901624409,0.89166654026491476,0.076708994055653679,0.067061219454845208,-0.052163588195666639,0.99638433995711762,-6.0105519771112839,-17.14898676989424,-1.7262844897619585,,0.06600764866908324,0.4117647058823529,False,2
0.99115050255893622,-0.10878265947822199,-0.076072427817268307,0.11860206705363098,0.98310112459981891,0.13944794190369961,0.059617371359145986,-0.14723624488357728,0.98730302198707409,-9.29636043493384,-10.902332787224362,-2.445885514824806,,0.1860245203506954,0.25,False,4
0.89439957294176087,-0.43856828792015479,-0.087791006101888974,0.44493593762335171,0.89244816221468992,0.074620970047655555,0.045622530977867976,-0.10580233735796432,0.99334004755509908,-11.310105253401355,-24.100068030162298,-2.3119880147543679,0.6463914191163929,0.6445845789031251,0.9724770642201835,True,4
-0.59738326800778652,-0.75422729892758922,-0.27253332393806418,0.80002064632092607,-0.58406873346844956,-0.13722492501294542,-0.055679408802397093,-0.30000816011727738,0.95231029990148763,18.495026580270835,-5.0368828003836184,0.65900016891743785,,0.7400153317636147,0.1636363636363636,False,1
0.97822941470284808,0.20358892962048961,-0.040233815952582033,-0.19675277369999486,0.97150300987219329,0.13217506516218419,0.065996653335464839,-0.12138142174670864,0.99040950732677557,1.1075554282401974,-10.892540469661323,-1.0939201518327653,0.8512424373580352,0.848961583662182,0.8584905660377359,True,5
0.45433764046628644,0.88732342544924736,0.078958515085718814,-0.88940746777770285,0.44682076348692756,0.096465338739952167,0.050315650813461371,-0.11405412735176768,0.99219957232264744,-4.53099451485821,-18.172348547244727,-1.5698682418350884,,0.2325761461540243,0.1875,False,2
-0.31705587816531239,0.91983226020233466,0.23105017466318176,-0.94840565115144126,-0.30789169538119759,-0.075692963869187266,0.0015135999579607082,-0.24312819048056966,0.96999298554618985,-32.709980305187834,14.889190001843199,-6.6279246313032711,,0.359323701500518,0.2727272727272727,False,1
-0.58905216927942972,0.7787439667598236,0.21581328991137894,-0.80787685072511339,-0.56129860665552378,-0.17966320777788794,-0.018775940180745264,-0.28018156327949639,0.95976338525106619,-10.352820236056477,-15.540542747609353,-2.4892120578724808,,0.4652214170400936,0.3,False,1
-0.59080142579319284,-0.79094300003231921,-0.15925716932246861,0.80492958239790602,-0.59131631946226526,-0.049329278510166788,-0.05515471567747976,-0.15733461487376327,0.98600394334965102,1.8236420527434118,-14.169408214893398,-0.94667664264529094,,0.2337194669424228,0.2758620689655172,False,3
-0.66616301529161381,0.74541290239095126,0.024216564716827885,-0.74562755902036704,-0.66494172016131214,-0.043497724288122583,-0.016321160709805521,-0.047033113207766028,0.99875998416790368,-24.370360722026653,18.250862404346872,-5.384146504731202,,0.7990430702020931,0.75,False,2
0.98558441806905939,-0.14758751336196094,-0.082712035152733163,0.15878318086283433,0.97568821597488442,0.15106424687141651,0.05840596146417238,-0.16201984788099527,0.98505751738569325,-14.716232565467957,33.9321449471297,-4.3872397442899977,,0.1663700365049634,0.2307692307692308,False,1
-0.41186703562615856,-0.90074894673333383,-0.1379017038448471,0.90998566134042869,-0.41451140879823672,-0.010314462221801522,-0.047871088553996272,-0.12973676015259644,0.99039221116977927,13.772499996385204,-12.262717970623459,0.33059374302102779,,0.09646169688829084,0.3181818181818182,False,4
-0.9948552496635068,-0.072005083682427737,-0.071262192927585316,0.077936707868713789,-0.99338865471196658,-0.084290273793222389,-0.064721725746062886,-0.089410562091042714,0.99388975726838802,-0.89317154259993603,22.495265964902071,-2.0770815029896896,,0.07620921504087494,0.1739130434782609,False,4
-0.9758316647202514,-0.20650077906559258,-0.071484196677343931,0.20684512673737454,-0.97837015694268592,0.0026324036435153332,-0.070481598125335873,-0.012217374891777396,0.99743825877918446,14.787370121124583,-10.359837827822206,0.39104121874068021,,0.07787323177721393,0.3333333333333333,False,4
0.88352760376023642,-0.45602065204769066,-0.10688376069213774,0.46620943520025399,0.8781697800529582,0.10708221109035651,0.04503038889411478,-0.14444030707437114,0.98848837209564921,15.270060103689636,-9.0279406706769478,0.42273007921697531,,0.1950523191123694,0.1052631578947368,False,1
0.088086226073473245,-0.98971392425614335,-0.11272606135955433,0.99596776033598367,0.085576168130554214,0.026924706487093119,-0.017001092537185385,-0.11464321864635597,0.99326124220717793,-1.7538304424288889,-18.048485642937997,-1.2721877979782763,,0.09389877882309886,0.4,False,2
-0.99610140545942172,-0.056154543885807984,-0.068034235813596619,0.067000472539719552,-0.9832692486301351,-0.16938866956730697,-0.05738402845058465,-0.17328661777328588,0.98319826148110956,5.5490785590061407,25.102121812286363,-1.4061184849725512,,0.1308357278373243,0.1428571428571428,False,3
-0.62912274718180916,-0.7344131983415717,-0.25464057626410563,0.77520481191057899,-0.61687094437823653,-0.13611663224083095,-0.057114521525585091,-0.28303266964010509,0.95740818846889841,-34.267650693088342,11.549923727765702,-6.7872735543012421,,0.5282064796111763,0.4,False,1
0.73514287021007163,-0.64576359106222014,-0.20628704476463078,0.67706053782335374,0.71464888847961772,0.17568720590071188,0.033970406262657168,-0.2688240142793682,0.96259007934066987,30.392626106558875,-1.6946975510247155,1.5889310491962654,,0.6678606871488316,0.4807692307692308,False,4
-0.99802799453085145,0.0064421075609204818,-0.062438941237824119,-0.0022264067220318512,-0.99772672797956474,-0.067352946396576421,-0.062730895464954237,-0.067081111539430652,0.99577354816685082,-4.6095433401488126,-13.533888791194425,-1.6757072763331946,,0.07354775066177267,0.3076923076923077,False,1
-0.48931406497849206,0.8685384173350652,0.078821084915933343,-0.87082998128812839,-0.49148802989002943,0.0097293455348254482,0.047189930111650083,-0.063879058289226479,0.99684129950967604,-21.564055034723367,18.271998098902301,-5.0043740788954807,,0.6767914558254448,0.5862068965517241,False,3
0.87916060114213124,0.47649660512880904,-0.0052557302182759391,-0.47452666489258899,0.87642861972735897,0.081837148219583267,0.043601395680917511,-0.069454012292432782,0.99663185704208734,28.612780789755028,-2.2165342950047173,1.4438261242954724,,0.1960952185284374,0.5454545454545454,False,3
-0.30312374535033743,-0.94479851109553936,-0.12438556361746952,0.95208553560484488,-0.30581977416191958,0.0027200411003790934,-0.040609455756254478,-0.11760118691239527,0.99223023182121206,-4.8887630066815575,-11.91974367020533,-1.7046641510328449,,0.5523511455517266,0.556390977443609,False,1
-0.074424139631589531,0.98434286413150796,0.15978164247959334,-0.99631519189147211,-0.080244454509870985,0.030279794032846613,0.042627289925070581,-0.15693933016867423,0.98668787405128833,-29.990731124677353,15.909341046936524,-6.2503751504778977,,0.6050286480495873,0.1666666666666667,False,2
0.76218000615366122,0.64605999459591334,0.041086757018955887,-0.64234426318953286,0.74685459446960079,0.17205249857861818,0.080470403050452083,-0.15752681708959249,0.98423057061367547,-3.9532230605573777,-19.982456302915001,-1.4517260336682836,,0.3144823743127076,0.2857142857142857,False,2
0.54858153736372139,0.80856751137352323,0.212783637563807,-0.83439086033874532,0.51318587164374807,0.20107748090827279,0.053387161816549566,-0.28785211601875704,0.95618563587658012,-1.2549619690480331,27.919317264861007,-2.3174612799155212,,0.5746886215225024,0.40625,False,1
0.80610952348590492,-0.58491092787392551,-0.089814489916671958,0.59058673445756649,0.80476109153076891,0.059723484835986509,0.037346288009338952,-0.10118691620891401,0.9941662148554713,-6.0022718756466773,-15.397795049037493,-1.8036083682917496,,0.07317317589930776,0.375,False,1
-0.52944196872402549,0.83862071217800205,0.1280878716338433,-0.84695803207305709,-0.53114982199425964,-0.023280002199309723,0.048510758194048896,-0.12081046188772841,0.99148955548604312,25.919606895106444,27.573830446929236,0.79620826020046909,,0.3078269503519304,0.4705882352941176,False,2
0.019860681041226003,-0.96746363392308143,-0.25222940031829194,0.99954094804480342,0.013440222840528929,0.027152414104327369,-0.022878953871946054,-0.25265287935494307,0.96728644982930612,12.892337786777651,-15.522981636495901,0.29319659952144583,0.6822141462073921,0.3872662341196109,0.1333333333333333,True,4
0.99501052736211759,-0.07815093385074999,-0.062020012712161378,0.087387859744861268,0.98261311822352815,0.16381337510791827,0.048139509841432726,-0.16841582892736304,0.98453983980280657,-8.2272827698045941,25.15595123392416,-3.1474828203348419,,0.2593886966710643,0.5714285714285714,False,4
0.98719614629733088,-0.13667602211004343,-0.082240097980703586,0.15068462567075849,0.96819377764831993,0.19973720862558647,0.052325063995796318,-0.20957212100671355,0.97639214139329566,11.220593827766475,-19.03809807705235,0.20782124459413404,,0.5496480353719879,0.7058823529411765,False,4
-0.63999063080152285,0.76824867650131456,0.014351429902566853,-0.76821837110520141,-0.63935586230587049,-0.032628448194616994,-0.015891091301128327,-0.031906933244928125,0.99936450848935199,-4.8732098063051854,-15.750032497495953,-1.6544550504490048,0.6713051349493434,0.6563369695277714,0.6423357664233577,True,4
0.15131223551242867,0.96555505062442393,0.21167912414288137,-0.98768133379433576,0.13904280346197553,0.071782182188037655,0.039877189701300546,-0.21993304212669038,0.97469957767633508,15.178920411377243,-12.881845431273888,0.46253009981951526,,0.3763995423469745,0.3684210526315789,False,2
