axis_00,axis_01,axis_02,axis_10,axis_11,axis_12,axis_20,axis_21,axis_22,location_x,location_y,location_z,dbh,dbh_approximation,score,reconstructed,number_clusters
0.30591718794117678,0.95150711181317382,0.032386575785618689,-0.94784605619467299,0.30119115745967762,0.10426763843257925,0.089456849253537613,-0.062594750874610514,0.99402181529611189,0.16525938050717329,-12.812294378707133,-0.030559692118159985,,0.09658830630912414,0.1875,False,5
-0.99042839281402351,-0.1379935000499837,-0.0030647433473781826,0.13721892763454363,-0.98198357315150964,-0.12992008297187679,0.014918599353022814,-0.1290970797677029,0.991519732223618,-6.9934919390532997,-16.437426655472652,0.16357090812533603,,0.3467119035931955,0.2,False,3
0.60470560691326491,-0.77298612005196821,-0.19189472940824867,0.79363963107479107,0.56460169107451608,0.22662980038659392,-0.066837601356801432,-0.28933957324016651,0.95489022740944862,11.777233854238993,-6.7327877680735577,-0.40922610131046383,,0.715215968691147,0.2916666666666667,False,1
0.93375350050093564,-0.35200805285141318,-0.064766743240707164,0.35693831224697958,0.90245709488628978,0.24117676741277963,-0.026446957339715881,-0.24831738283325422,0.96831763168410623,-14.432767896283993,20.331757548864562,-2.6976540698425975,,0.2315641502809684,0.3529411764705883,False,1
-0.79111457922511563,0.61088697801394864,0.030900204375628466,-0.60976522340596473,-0.79162820395143751,0.038873629021449613,0.04820886704895979,0.011911624641862262,0.99876624809624448,20.482271462544229,-1.7910497575869684,-0.67151096645322961,0.2534594817323398,0.1983761212552848,0.28,True,4
0.33668195256985123,0.93424389142161812,0.11761638557251947,-0.93779964944400285,0.32145232958076164,0.13114959896929274,0.084717650560301283,-0.15445630821851383,0.98436079185177305,-12.411872192702093,17.460110075554748,-2.4591821086832861,,0.2116747707583811,0.3529411764705883,False,1
0.25810317488449919,0.96507110287529141,0.044950166958651033,-0.9622418431220392,0.25262619112810591,0.1013441804012799,0.086448750480519226,-0.06941018622057353,0.99383541876368187,-14.424763045318427,17.545489254020833,-2.4799563936333762,,0.09341974513594603,0.1666666666666667,False,1
0.39633686786357603,-0.90712360686062843,-0.14157630115331921,0.90843752188232008,0.36515342121535044,0.20348033765215501,-0.13288474708709203,-0.20925998387386416,0.96878888471158187,1.3816349356889785,25.981106114019415,-3.0156036683060425,,0.2733471657078496,0.1304347826086956,False,2
0.64863928596045606,-0.75813077924161676,-0.067117794028188099,0.75844343864366759,0.6365043654034741,0.14009190983312172,-0.063487219872037884,-0.14177416685990896,0.98786105223563681,3.3424576345794503,25.697672814083884,-2.9830123677943226,,0.1341835707844925,0.3333333333333333,False,1
0.47369816526307928,-0.88032501591982149,-0.025256970763726336,0.87804996704577787,0.46986760419724333,0.09084431681097252,-0.06810509230081277,-0.065209668544701629,0.99554477324276525,3.7756876648884856,5.6152782219368316,-1.5306375707310071,,0.07508071447566718,0.28,False,5
0.84719325103206478,0.53073072677880717,0.024258834649698257,-0.52879664069067889,0.83793207793566116,0.13507015051697974,0.051358623423680215,-0.12725851020370138,0.9905390266823213,-28.580131714834799,3.7863216130911463,-1.4132705746529508,,0.1227402857252624,0.2580645161290323,False,1
-0.6594932599488883,-0.74355458819758014,-0.1104319448905744,0.74846770931121931,-0.66315466511727228,-0.0046880968008705254,-0.069747603545956272,-0.085746513069193106,0.99387263132459314,-4.9232746510937586,21.080235469800915,-2.724226579472016,,0.1497676020942922,0.25,False,1
0.48736086901299119,0.87191209553399585,0.047420259556624988,-0.86942911699544845,0.47949783613172448,0.11905811885591368,0.081070302055788884,-0.099252822662681553,0.99175424542477919,-7.3862958687885545,19.427598043017195,-2.6142885115305869,,0.36468589509065,0.6078431372549019,False,5
-0.75106935671333452,-0.652253666875244,-0.10227402140337369,0.65737299428943685,-0.75317847927717696,-0.024143834257656982,-0.061282687483169479,-0.085365873752449403,0.99446322195107995,-11.230324101522521,18.815732437597365,-2.5751617079625024,,0.1997117832166071,0.1515151515151515,False,5
0.60810677492055221,-0.78911028087388069,-0.086666688611433548,0.79096399479088098,0.59296155686602436,0.15090576868852035,-0.067691278907828556,-0.16031705055347964,0.98474176008822589,-3.6659679103472387,10.5965028997703,-1.9051862779087361,,0.1234693066456733,0.3243243243243243,False,3
0.99871979515278742,-0.047563601986645207,-0.017218435934507129,0.050574739872969288,0.94551824012816976,0.32161693561084526,0.00098308532499603689,-0.3220760179693376,0.94671329989192554,-16.254031801350386,12.582153587639542,-2.1174055860041348,0.7333125723758981,0.6202523174090377,0.3055555555555556,True,1
0.98269186403220166,-0.18061797955643372,-0.041156358267832649,0.18492212731231955,0.94328322124002428,0.27571828259535358,-0.01097757692775286,-0.2785568343947008,0.96035700800108725,5.5114893578667834,5.1620908569499964,-1.4654616463981354,,0.1604810841690584,0.3888888888888889,False,1
0.88974438374016707,-0.45604829054752327,-0.019362032215444715,0.45520570233170149,0.88336123775426079,0.11162747062422482,-0.033803848413048496,-0.10813362253222508,0.99356148250147325,-9.9912062522740968,-17.724743416078553,0.28952018303373339,0.3613124834448557,0.4001216380820338,0.7910447761194029,True,5
0.88203968488203055,0.47087147981371752,0.016912829191145024,-0.46877687178266297,0.87336761638744542,0.13220155493553654,0.047478824489132217,-0.12453536101747455,0.9910785564632999,-11.907336272490751,12.283798684841067,-2.0599538159229613,,0.06860008844191452,0.2264150943396226,False,3
-0.40326557916297096,-0.91262296418469435,-0.067053694194243313,0.91096695168653252,-0.40731467717588449,0.065068937996951653,-0.08669536087530684,-0.034843636432590613,0.99562534891537036,24.661756226494052,-2.7668328851162687,-0.48004655097860421,,0.1451259232106166,0.2352941176470588,False,5
-0.33503266276580335,0.924910520304983,0.17970432468146519,-0.94136162603420803,-0.33666284814946018,-0.022280388374677412,0.039892404167817426,-0.17663141313214761,0.98346832180027666,-6.9525857697053528,23.919047213444017,-2.9723078652452908,,0.386410603417863,0.125,False,5
0.02081180096759205,-0.99596211535676649,-0.087328882476308003,0.99825933145080459,0.015879483334590733,0.056799200526236764,-0.05518311437277295,-0.088358965493615438,0.99455895607300226,-31.417182568278808,7.2742647008477519,-1.6854212899645751,,0.4086573014100579,0.2941176470588235,False,3
-0.82135433581054973,0.56489982802637551,0.079153264878867174,-0.57028190361698572,-0.81624820639031137,-0.092289847608435935,0.012474191444726702,-0.12094234105710343,0.99258115269605496,1.4084204085744527,19.512196726192307,-2.4806164688731771,,0.2722749197739175,0.3684210526315789,False,3
0.70244620771268174,0.71008892315447825,0.048405025393914683,-0.70862701281114637,0.69140701444966246,0.14072703039628212,0.066461131380856867,-0.13315427737447311,0.98886442773135419,-13.495618662475234,18.772767229722447,-2.5871931194538038,,0.1157942694717526,0.2142857142857143,False,1
-0.83889611609711856,0.53389046658287032,0.10589747914419739,-0.54256095510661306,-0.83575163863991941,-0.084538798811494315,0.043369532980775519,-0.12837510741033664,0.99077692514834781,9.9827135062783654,-2.5042019771166011,-0.87339513692429083,0.5530802293632048,0.5812179998257367,0.1481481481481481,True,1
0.84670966009639848,-0.52140875343998694,-0.10590402889220457,0.52917929211870773,0.80461403827157418,0.26937989199094686,-0.055245165328611782,-0.28412877582615509,0.95719319390358493,-11.097781297097928,-8.0732822288605668,-0.55032764062738304,,0.3290773445930351,0.3703703703703703,False,5
0.96612274293803757,0.25590444380106703,0.033462833423817943,-0.25807800960811267,0.95714074860503462,0.13144325131595583,0.0016082706856948284,-0.13562633594793175,0.99075875492611298,7.5442884420109921,-5.8085999949829317,-0.61017133863020212,,0.1376556519138332,0.3478260869565217,True,4
0.74966433162371737,-0.65592323376105333,-0.088136832843078675,0.65950907997718111,0.72927939357792759,0.18220685917457513,-0.055237336275552565,-0.19472102484080595,0.97930207758695642,-15.336301549838334,9.9422756439554156,-1.965816341602616,0.6006859391711262,0.8705268266710989,0.5485232067510548,True,2
0.014178205799453419,0.9947991949280387,0.1008639690416492,-0.99577880355028214,0.004899186110069018,0.091654636409883625,0.090683807155839027,-0.10173770071111954,0.99066941376714479,-6.8413289991943573,17.509884924268743,-2.4631956565905533,,0.08651352378642162,0.4090909090909091,False,5
0.99525980598848551,-0.097134020968675225,0.0047854523527003966,0.094895449107103472,0.98073485790282677,0.17074540179191994,-0.021278447371087608,-0.16948191781066207,0.98530356094591309,-28.343453183613114,6.471468227083701,-1.6211483744764168,,0.250134506678479,0.5238095238095238,False,3
0.37557914723825958,0.91885256995363296,0.12103825366133361,-0.92341857450457487,0.35987764154672786,0.13336498556481552,0.078983798463484564,-0.16185807920634818,0.98364806804868521,9.063815032522708,-5.6854151957002008,-0.57022708093551522,,0.213708458128592,0.1714285714285714,False,4
-0.43238362657577856,0.8819147447170208,0.18780517170699074,-0.89839291510573627,-0.43914934123634547,-0.0061665370755135257,0.077036157465164068,-0.17138914534590105,0.98218694315318955,-23.32468015674155,7.2236777463215986,-1.7072471681629409,,0.4046589751757487,0.4137931034482759,False,1
0.56821304172999432,-0.78286291721723278,-0.25349475744889127,0.81995293043300588,0.51268892595066606,0.25461197356345777,-0.069362317451728758,-0.35252761317899173,0.9332272771753134,-14.576077004927996,9.549536278104009,-1.9292271677725554,,0.1407723665542882,0.2962962962962963,False,1
-0.95904644474616241,-0.2786261829612755,-0.050964369790827121,0.28096180588883218,-0.95859591722980952,-0.046414772454758779,-0.035921865923591499,-0.058832963878855518,0.9976213219001473,5.1616420616080099,3.2533350848200122,-1.3920028224147549,0.358287326332457,0.1710380084201952,0.1142857142857143,True,4
0.88062983012436213,0.47224413104471957,0.038426331973704264,-0.46995137577839424,0.86026754190632027,0.19770043183172534,0.060305942486044192,-0.1921594052766451,0.97950903837820447,6.8901565505905555,-17.351879423654491,0.55854827935419071,,0.2251144916640547,0.2608695652173913,False,5
0.75392665659854197,-0.65273202334826963,-0.074400955409316211,0.6547561806486919,0.73729943910409179,0.16638473787920083,-0.053748863918064833,-0.17415637453870814,0.98325002763033331,-5.9671251697860841,25.491655579950084,-3.0838445813362938,,0.1405738801655236,0.5,False,1
0.99994073124412708,-0.0093803451943667918,-0.0055265833021783985,0.0099544730595212891,0.99329780090500996,0.11515375453444643,0.0044093610726116473,-0.11520194373927375,0.99333230577366494,9.4554308647125431,1.0952528684952685,-1.1753522148616886,0.5737500481767702,0.5468614240889648,0.9803921568627451,True,5
0.84121691893151673,-0.53914591312246307,-0.040936287896093319,0.53867488206499614,0.8291213857059776,0.14962319070673041,-0.046727580031808907,-0.14791690954162529,0.98789529867087922,-3.6910088549994473,22.168752456345931,-2.7904113726349871,0.359431298847327,0.3387811133565083,0.7446808510638298,True,5
0.99357781791497402,0.1116206315441739,0.018546006605163843,-0.1111439047286682,0.93202227685254713,0.34493696220071718,0.021216790261105695,-0.34478298981282995,0.93844261292139897,-2.5981337811828329,9.6280933830142619,-1.8313702467912023,,0.4835430084768391,0.3985507246376812,False,5
-0.023603387384483018,0.95476560316819403,0.2964211920744757,-0.99585129862852684,-0.048519031816039088,0.076981131269367759,0.087881005478177551,-0.29337441360573585,0.95194977930436842,-16.235944793404197,-24.652367628253227,1.0581612853291653,,0.5480135644322223,0.2413793103448276,False,1
0.9926181975350219,0.12127691742970702,0.0010115439057082716,-0.11994176709021216,0.98038595801517925,0.15638844533384699,0.017974605130640971,-0.15535534308612742,0.98769511031744528,-0.76545243992806367,-16.802535559274698,0.32982244023353202,,0.1366592208105075,0.1428571428571428,False,4
-0.99896697653761823,0.045300205546093056,0.0035876405576558525,-0.045165198981490975,-0.9984832664732568,0.031484462419697448,0.0050084516820606897,0.031289901731656848,0.99949780262958621,-1.221485487362745,19.132261990005109,-2.4912297585323069,0.1279394991708081,0.1148168591094356,0.5454545454545454,True,4
-0.51654383742978571,0.85556977402662981,0.03439223437539226,-0.85347417345773713,-0.51768513131090854,0.059866017574571148,0.0690239034968506,0.0015705386427052794,0.99761377003048068,-3.357152196985171,-12.676805639956664,-0.15663725490505201,,0.1000644513579828,0.40625,False,5
0.0038556799342562291,-0.9965501300295343,-0.082903389981137457,0.99477340648337809,-0.0046367645812506655,0.10200181453129184,-0.10203432503673741,-0.082863374010101978,0.99132368970077644,-7.6666653732352943,5.0422810300069321,-1.6035268165903613,0.7961590620690595,0.4986462173916453,0.6413268832066344,True,2
-0.21936465062483332,0.94715733878796882,0.2340344539514182,-0.97195932946697683,-0.23298087332417311,0.031858664868625888,0.084700719703852845,-0.22048330604651059,0.97170617978710594,-12.874687362071159,4.08354606292332,-1.577194187036919,,0.1865469868847481,0.284037558685446,False,1
-0.65596334844349458,0.74269796062744609,0.13458017973918229,-0.75008742060736588,-0.66130644236059888,-0.0065307533222659503,0.084148362701760765,-0.10523083470257096,0.99088118585550555,0.57013202801025986,17.825930415838737,-2.3693862744461791,0.5190735877036416,0.2565241328046952,0.2058823529411765,True,5
-0.38995836080315749,0.9157078691764956,0.097013273153512367,-0.91761765653555349,-0.39523010193718683,0.04208328571917351,0.076878561731572842,-0.072610363247709753,0.99439299167639061,4.1303207284284547,13.376512056022726,-1.9848723990351163,0.300073267063255,0.2862844177842415,0.7560975609756098,True,5
-0.71307750313383345,-0.69285171612572638,-0.1071306398097836,0.69801118111771232,-0.71590715240123837,-0.01604182581274341,-0.065580984736995751,-0.086217449523782158,0.9941155294222801,-18.655069170109435,-12.157486832315438,-0.11536882322079686,,0.3105427225004698,0.2307692307692308,False,1
0.4923004590359033,-0.86224486574635684,-0.11905481731996163,0.86560462091721291,0.47059746059620161,0.17107504296997267,-0.091481682755677529,-0.18727472219831762,0.9780384860248269,3.1702062953640135,20.359684952014092,-2.505511231649499,0.396360541093313,0.2448959798319663,0.2857142857142857,True,5
-0.3499037859453305,-0.93296280482763061,-0.084544339782663305,0.93297914592229048,-0.35518747694664643,0.05823890018184058,-0.084363818401250457,-0.05850009426007486,0.99471628372934795,4.7014577012280405,4.1794589415429435,-1.4402119077349123,,0.09835329876730331,0.25,False,1
0.89723371298403387,-0.43901608017067201,-0.047292130809072325,0.4403512824631623,0.88173279805353955,0.16922771897571737,-0.032594667016746175,-0.17266196508859216,0.98444168618248429,12.969654865193746,-2.7553464202202602,-0.79637447025182351,,0.07259176900641781,0.4705882352941176,False,5
0.099225364255898812,-0.99173066022321654,-0.081391797261801013,0.99124551293883922,0.091353445861651575,0.095325133138217985,-0.087101436078292557,-0.090137924884169732,0.99211314593179034,-1.5689687398332084,10.754014416955263,-1.9182243617246384,0.4669976497282872,0.413540544518496,0.946875,True,5
-0.91533752396716972,0.40255383607706696,0.010374308521091006,-0.40221886910323651,-0.91521138181795902,0.024659844447560406,0.019421600216422731,0.018399338316964185,0.99964206883990914,-5.5828469427916056,-16.514368414840956,0.14606887913643132,0.1900804211360707,0.1290836681549021,0.35,True,5
-0.72808399429272863,0.66800848320579387,0.15381275506225697,-0.68394763570179462,-0.72295776064073192,-0.097712373562743218,0.045927430503704646,-0.1763426854009951,0.98325679678957445,-2.3538484765558412,19.512463237352971,-2.5465672157376589,,0.3728293642726587,0.3333333333333333,False,4
-0.96771412950038804,0.25015855795544184,0.030823034356786932,-0.25139744641097805,-0.96675929912296321,-0.046645273043642285,0.018129740851575003,-0.052888121926670292,0.99843585625503439,4.2446732193938521,9.430320293580932,-1.7585742981612953,,0.3705021900369346,0.5178571428571429,False,5
-0.93642225023702919,-0.34669008964240594,-0.054031018912847201,0.3481196096462037,-0.93724773866312483,-0.019478545906580824,-0.043887431467274321,-0.03704940100191266,0.99834925514301143,7.5867012333322474,23.741440438834807,-2.7121545134148057,,0.2182058683482382,0.4545454545454545,False,3
-0.94346233291400228,0.33056144960822498,0.024656731441489565,-0.33094752115872345,-0.94355147728128153,-0.013577479854827379,0.018776703953707105,-0.02096992496936563,0.99960377031872705,-5.3723529394974721,12.784075867470177,-2.0769568317188991,0.1932162199866416,0.2075083125665739,0.6746031746031746,True,5
0.11233274766241103,-0.97451196630358572,-0.19418491530943746,0.98671207907238767,0.086308535400625525,0.13765939753480949,-0.11739091453456202,-0.20706825987610764,0.97125800328060174,-24.126882322261466,3.7990865666427123,-1.4136914029405023,,0.2831372687630527,0.375,False,5
-0.30846590454627265,0.94479867876630774,0.11047281264587128,-0.94556424244415316,-0.31721470518251105,0.072684896828627263,0.10371619518409522,-0.082038328953073031,0.99121776791940275,-26.276703592412893,3.8408712498400566,-1.4036199820212838,,0.1529760747593549,0.5555555555555556,False,2
-0.12833827456937824,0.99080154336299331,0.042913738476929697,-0.98785995808025839,-0.13153692644705189,0.082648292193691977,0.087532796723433545,-0.031785824676642704,0.99565439327479532,-6.452295108141592,-2.1873089234090499,-1.036433274254285,,0.06641660148254683,0.1909090909090909,False,4
-0.42588936658702015,0.89863552630258992,0.10522565416748818,-0.90042156664138406,-0.4323593252395293,0.048025162212077158,0.088652409753960396,-0.074294042461613752,0.99328804759723643,-6.1488040939911075,1.9624398436725623,-1.4031860472882933,,0.2429181488736976,0.2629107981220657,False,3
0.98741148632637665,0.15256546313480085,0.041741300042048221,-0.15699487991170602,0.91317435073970987,0.37611861537634494,0.019265626183583233,-0.3779370114312352,0.92563083950254244,-15.131470445012386,-5.762163353955124,-0.67945979675136248,,0.3648273714888541,0.26,False,1
-0.60330847993896308,0.79509211964123561,0.062027407798051291,-0.7942741209518408,-0.60603901500490909,0.042957340211667645,0.07174607180828331,-0.02335023717839646,0.99714957133009607,2.0747913160920177,12.55465966216074,-1.9941167791762746,0.1851380276735312,0.1793030264281593,0.2777777777777778,True,5
-0.65450189090773814,-0.75412571882545532,-0.054052520793994724,0.75316025474400572,-0.65657884618273465,0.040667547495432076,-0.066158185224050425,-0.014093223596420186,0.99770961485620713,-12.215700781728408,19.453981436225071,-2.6264408588529715,0.3380169152424255,0.3314311792584588,0.8934426229508197,True,5
0.99619565132531029,-0.08654422842760813,-0.010213755744596984,0.087052272502046932,0.98287781118631068,0.1623979991558884,-0.0040157356448926327,-0.16266931119137551,0.98667247304450179,-3.8111519566572518,4.0672352847991862,-1.5672393616555882,,0.07866634600491253,0.4096916299559472,False,5
0.063848600434443514,-0.98178084220603823,-0.17896852823825174,0.99467575048209766,0.048070433093865952,0.091155827378424634,-0.080891950312993399,-0.18383582713761562,0.97962282590555738,12.496939758652246,2.0633783744617795,-1.1405185186018671,,0.2842160017582641,0.1538461538461539,False,5
-0.59362601655322278,-0.80431444464001955,-0.026199744551647367,0.80105918052336766,-0.59370754541471438,0.076259686708424937,-0.076891753591559711,0.024282188143854837,0.99674371508856929,14.915478482368965,-2.616084424850837,-0.71801931047010048,0.496163203675776,0.4338724630234864,0.9395973154362416,True,5
-0.84512621361554374,-0.53393085389364536,-0.026067725644124677,0.53173212349373455,-0.84465982947805618,0.061731040092848605,-0.054978467645964618,0.038309473064815983,0.99775235021963138,-7.7271129997180292,-2.7278388028141212,-0.99222751483778315,0.7503813462212865,0.7279346523941985,0.9866732477788747,True,5
0.90773815991371853,-0.4180839102287191,-0.034889497622096442,0.41876955858098891,0.89791037017769904,0.13560613530822396,-0.025367101575496469,-0.13770552325601568,0.99014832172884415,-3.1056456210614427,-8.301035607972425,-0.51322761615882051,,0.08823090355132583,0.2142857142857143,True,6
-0.86124772331340327,-0.49178121468307678,-0.12807652389223606,0.50265913183839772,-0.86145003710609824,-0.072371477457434275,-0.074740593166960773,-0.12670860450159363,0.98912020163290115,20.741379958394727,-7.5041112013154887,-0.1571013704670069,0.5144558801374642,0.3108716322691665,0.1333333333333333,True,4
0.99961883127772155,0.023838788707815278,-0.013924952707488737,-0.021629840994725719,0.98969105190941509,0.14157602815794179,0.01715640211421228,-0.14122086929126157,0.98982944184496546,-2.7435770305084,22.855663840352875,-2.8516230541993393,0.558803553798466,0.2246505948793384,0.631578947368421,True,5
-0.76113182102119192,0.64048959695256891,0.10223222204619402,-0.64753651792672673,-0.7593990197409386,-0.063321297900737136,0.03707841663686099,-0.11439495186431776,0.9927431621560866,-7.7063196524722359,11.612044419396629,-1.9867299009074,,0.09132824762336976,0.2058823529411765,False,5
0.44702917997858022,-0.8943332456847124,-0.018247134315464875,0.89125715736900291,0.44356568960794196,0.094393635596665235,-0.076325563779137698,-0.058459598576105769,0.99536771278162206,-13.688802707352087,12.872035226678284,-2.1207210317512568,,0.0694025700957898,0.46875,False,1
-0.46293147937554963,0.86231457507983911,0.20520238548331282,-0.88169637988934602,-0.47177137793161428,-0.0065772832178944557,0.091136924971098446,-0.18397103187562688,0.97869746108663724,-13.077321871538848,10.07195273745001,-1.9210576321551183,,0.4939398979767161,0.1063829787234043,False,3
-0.083373907937801334,-0.99610033093750017,-0.028860391220183863,0.99259763712300597,-0.085577559521988242,0.086176633051460616,-0.088310374549112572,-0.021461873461177863,0.99586177039513479,-19.79764046567831,3.713935298485652,-1.4776676713896759,,0.09526581932492721,0.3043478260869565,False,5
-0.93773654681485363,0.34167677173605943,0.062507218973327588,-0.34643771135911694,-0.93302708669001189,-0.097166700319643251,0.025121323930317616,-0.11277162390767866,0.99330331718222609,-22.219171039912965,3.5050037366855054,-1.4137902541696135,,0.3012437165247056,0.2857142857142857,False,5
-0.98169136135027046,-0.18682150157524219,-0.037145626921955166,0.18959241823493314,-0.97715303643135454,-0.096055496151001812,-0.018351730111449673,-0.10133938001663871,0.99468263484377795,-3.1648454591025019,2.7049733056049776,-1.473375817220947,,0.3066680714635955,0.3179824561403509,False,4
0.99065411138018122,-0.1362013118442868,-0.0073235413181999554,0.13556038640560486,0.97720840177702606,0.16336193294018636,-0.015093483464965632,-0.16282795260116162,0.98653902335822852,-8.8456328198531171,0.64931141406872395,-1.2748572037949522,0.4507502371154994,0.2678090366799416,0.8917431192660551,True,5
0.14040353918554216,-0.98800070215590863,-0.064354166326708859,0.9862195941231795,0.13381353662397039,0.097287458511859604,-0.087508618728016963,-0.077126843288294056,0.99317354560655602,-4.8688421450000652,17.03621910224193,-2.4013657052041255,,0.06931086196228067,0.2380952380952381,False,4
-0.58695924374588104,0.78654100665962945,0.19191688571910703,-0.80670451045428149,-0.5882657732394696,-0.056313522778170075,0.068605240280769655,-0.18787396008448373,0.97979421111179898,-6.9483548711573464,-3.8055786283805815,-0.92513732277091554,,0.1926199264419584,0.1066666666666667,False,3
-0.99048360783701561,-0.1308397728065662,-0.042698670448820038,0.13651713883142103,-0.97337836522193111,-0.18411308732179993,-0.01747264752272262,-0.18819009530208633,0.98197718640441933,6.0214307507043472,-6.2038759030197861,-0.58423550950429493,,0.5304402923443381,0.4444444444444444,False,1
-0.75159497451106316,-0.63449177320762162,-0.18034739815579148,0.65618304592245336,-0.74707909128062044,-0.10628566044041378,-0.067296393169671634,-0.19822467329566104,0.97784363492492143,0.68931109920775624,-8.9919740077316099,-0.37784377191294466,0.3887296659667603,0.2969230665223533,0.3246753246753247,True,5
-0.24059689418669741,-0.95504497645494679,-0.17321151074881272,0.96248866805198419,-0.25780835374994038,0.084560136046860315,-0.1254141075765923,-0.14636921016701757,0.98124785652548119,0.70672296084617348,24.066577934696195,-2.8904873759538794,,0.3378679006126483,0.4545454545454545,False,3
0.99991542482071805,0.010989448619945373,-0.0069552300203240026,-0.0086135236043916822,0.96027133939361586,0.27893504969851041,0.0097442504443708694,-0.27885154967871967,0.96028478214801316,-19.028247304319255,2.1391984764115217,-1.3147361385988339,,0.6625836359458579,0.3604651162790697,False,5
0.95595814171125459,-0.29037644797067047,-0.04272645269504971,0.2932527525096722,0.93895758512368255,0.17989295840639355,-0.012118351433538996,-0.18449978808291354,0.9827578408519031,-15.806388260703297,11.80208894631887,-2.0711900928427149,,0.08004460128264657,0.2857142857142857,False,2
-0.15156516863944819,0.98835034559334201,0.013841749196479292,-0.98467244102210294,-0.15219421441716205,0.085188643547820783,0.086302859436234211,-0.0007179578438217182,0.99626868915451994,-3.3854440985965413,14.324330305194705,-2.1901966660315355,0.1450681191408093,0.1155342809664577,0.3720930232558139,True,5
0.78303002111053832,0.61342026257869853,0.10285702454140713,-0.62089409380063088,0.76111080278076182,0.18761894939989165,0.036803672685270156,-0.21077458895300025,0.97684162602162394,-5.579551919963551,18.895056541029938,-2.559484348858907,,0.314173714008589,0.71875,False,6
-0.53484904262446942,0.84295569056974273,0.057984526727194514,-0.84214231388030558,-0.53740401732397136,0.044645776243466495,0.06879552875015707,-0.024952472826249697,0.99731867992324386,1.9166545530370875,15.976880958634094,-2.2129929264619261,,0.1052904205127604,0.1666666666666667,False,4
-0.99991647401035577,0.01133895895413038,-0.0062026617298565484,-0.011713477269619426,-0.99787417496718722,0.064108699751363782,-0.0054625500411977501,0.064175999745956031,0.9979236451771526,-14.586029986271523,11.264892140831183,-2.0213552157206589,,0.06944756251042455,0.375,False,2
0.82298984985349322,0.56454263252863235,0.06308187612752747,-0.56672307817382506,0.80837721329026446,0.15922070750456097,0.03889292613460385,-0.16678698117871765,0.98522557985771986,-0.69204695851535625,11.184140974007324,-1.9500558830306713,,0.1285484390432125,0.3,False,5
0.95854639465684366,-0.28464926348955216,-0.01279085944034767,0.28382159649102928,0.94986605689795911,0.13114791389270183,-0.025181553876809717,-0.12934168217546729,0.99128029265005102,-10.741556361156443,21.74517223549854,-2.8271113536418357,,0.1255629608373723,0.5789473684210527,False,3
0.92660157704490009,0.37393499714565875,0.039776064757353166,-0.3714185090824017,0.89352812306961471,0.25230097977356053,0.058803133665740005,-0.24855605241749559,0.96683094710384654,-5.4088791973494716,-0.65134062826717087,-1.1911175981713051,0.6147887660028646,0.2485245727884353,0.2296511627906977,True,2
-0.38525202312132562,0.89053485294880097,0.24192675413104781,-0.91198714989733443,-0.40745254694087063,0.047559020317241643,0.14092663730843696,-0.20231188218900178,0.96912826045992562,14.420190499625113,-5.7571220054996006,-0.44566664114114546,,0.4289858899883442,0.5172413793103449,False,3
-0.59334645137087549,0.8048981521425943,0.0088855682445253357,-0.80213699239367697,-0.59216054730389267,0.076955387403233697,0.06720293207306445,0.038533763042207327,0.9969949423274882,-0.018851498075022444,8.4932339624818969,-1.7523936078035491,0.4580352221995895,0.4264956620061843,0.9659863945578231,True,5
0.71576796356236072,0.69832342014182258,0.0045412794694799485,-0.69527340934306259,0.71200304591919872,0.098216846122540696,0.065353719085195647,-0.073457902796173646,0.99515467537389513,-20.489647848842989,0.99449514807359396,-1.2036110317388831,,0.1948272695105203,0.6206896551724138,False,1
0.95654828904601907,0.29064223999170224,0.023290750433157949,-0.28993772749271596,0.93969037152531354,0.18143351354966986,0.030846148860003354,-0.18030278421373419,0.98312736769214326,-17.665184872718008,-9.3577963426041162,-0.35805540725958762,,0.5536307918725663,0.32,False,1
-0.59051194593864309,-0.80595892832050198,-0.041543321535787041,0.80358143431497853,-0.59196283829964891,0.061942525751749911,-0.074515234201064859,0.0031943595120842759,0.99721475918643954,-3.9572239411619101,18.780845276796953,-2.5064786830317325,,0.1514540438476222,0.3611111111111111,False,5
-0.98690374323588526,-0.1546508817428249,-0.045870539163670995,0.16024536169635864,-0.97253583905056795,-0.16880600053615535,-0.018504746466846453,-0.17394581494929989,0.9845813464715969,-9.9120551350328974,6.2581305413830002,-1.6993350734312045,,0.4643082604351715,0.3983050847457627,False,5
0.73435950323305532,-0.67790579472101398,-0.034056621896072767,0.67608391495500109,0.7260904650946699,0.12531231558680117,-0.060221756454128132,-0.11504942408494617,0.99153263691484361,-10.965247318948155,7.9360053727079718,-1.7902506873749107,,0.06634662475482178,0.4055944055944056,False,4
-0.41362272996253302,0.91024532988885853,0.019226977762139372,-0.90740456679277781,-0.41387336795429069,0.072977992996417274,0.074385411351649486,0.012738709263376287,0.99714820155498973,2.8055992816651494,15.739775175491442,-2.1795412990588185,,0.09148386413273862,0.3478260869565217,False,5
0.87314391334204255,0.48744267636742522,0.0043981643334695805,-0.48505915894270113,0.86790880041275231,0.10701367432200409,0.048345826288749956,-0.095571708271110126,0.99424782104795151,6.3124323670104472,5.6962894519674547,-1.4970865200888777,,0.07849501297610353,0.4285714285714285,False,2
0.48338653509024143,-0.86889775294242033,-0.10655586621610234,0.87072400598987842,0.46465197901816108,0.16105354323157645,-0.090427667704025383,-0.17063186492012417,0.98117664239804003,2.5201474080869701,17.544620238179451,-2.3135750138093725,0.2470975907364968,0.2704566139068412,0.6046511627906976,True,5
0.41219950493562491,0.89210303292002135,0.18505066005212273,-0.90696056301235617,0.38245254715939619,0.17650095272151059,0.086683938945670988,-0.24058725615915399,0.96674901960264437,-1.9825164249531297,-10.614361006290748,-0.27961943341547618,,0.1339665530508171,0.2380952380952381,False,5
0.50670126447471386,-0.85820913630003315,-0.08204210474432258,0.85892701064963894,0.49434773584676417,0.13365891829449339,-0.074149976103854903,-0.13819332268358775,0.98762563079816279,-29.084279100335163,11.050650716748514,-2.0093044251724188,,0.5368119736347048,0.872,False,5
-0.19872703769105038,-0.97700053797770425,-0.077314379528125268,0.97551453037983815,-0.20477466132226976,0.080241754082000502,-0.09422826278960228,-0.059475094549137887,0.99377248282493091,3.4599171434444922,-6.0028428856952409,-0.62101540076853157,0.5456967964609504,0.6557525103703631,0.8871391076115486,True,5
-0.0016178881134460887,0.99793149539243886,0.064265954765060862,-0.99700546908275822,-0.0065783912912350346,0.077050758510806533,0.077314145258960174,-0.063948848870264141,0.99495380177727144,-8.0126289099214496,18.318940540175461,-2.520016733036722,0.3829191504862656,0.347818785352645,0.5675675675675675,True,5
0.99895482911503286,-0.04493127837172281,0.0083922351992404484,0.042863398648034567,0.98461739996926623,0.1693850782510162,-0.015873828904719167,-0.16884832217598714,0.98551421382659865,-11.8261136827721,23.171013500339374,-2.9282645264749569,0.488572171918332,0.4237352380751396,0.55,True,4
0.45511322319124248,-0.88956920463598066,-0.039224791137611223,0.8874805440139788,0.44957890624749963,0.10127729782116213,-0.072458526573018586,-0.080903876425130319,0.99408466676951457,-35.975732942165365,7.3733912756021605,-1.7047538315077655,0.2728408120909519,0.1881521059610885,0.4615384615384616,True,5
0.31739448929031489,0.92650968652511512,0.20209042269062116,-0.9456466195405191,0.29332605712463217,0.14040048134998345,0.070804019093058196,-0.23566846413309286,0.96925082713063504,-17.715127551386978,-6.5051059867225351,-0.59371615473398642,,0.3027781947213186,0.2608695652173913,False,2
0.99292098377820237,-0.11701707441465586,0.020369689942711329,0.11028655959989171,0.97196133594063361,0.20767290677437719,-0.044099827035339371,-0.20395628387459525,0.97798621642818628,-9.1688033843027998,17.53159663345269,-2.4705561812128369,,0.3165268101629812,0.1785714285714286,False,3
-0.9918956405134548,-0.12693574130217997,0.0055096198118089945,0.12678112330163613,-0.9916715556122917,-0.022673168368677304,0.0083417686841561287,-0.021790901072812438,0.99972774870244385,16.039281155860209,-3.8737543726891541,-0.59919125208676005,,0.8209123401786043,0.5465116279069767,False,5
0.050954437899650609,0.9896134195612114,0.13442070183828012,-0.99610581765265616,0.040662796194265022,0.078228748195252287,0.07195029740635657,-0.13788334500594648,0.98783163437556865,2.0111479379051738,11.316130496213832,-1.924585144050333,0.4137627257696415,0.149237585135219,0.1304347826086956,True,5
-0.99081968631161721,-0.13264551508713204,-0.026105871841774285,0.13388165869763666,-0.98956278545661258,-0.053302862059374373,-0.018763013663035417,-0.056308622489105301,0.99823709025043805,-2.0622715132215208,14.541619710989941,-2.1811796845180176,,0.2251286596534024,0.4827586206896552,False,5
0.92903405713675646,0.36895332659776187,0.027733796574995792,-0.36795847215599409,0.91347091101061118,0.17371660112398835,0.038759301446807601,-0.17159352414904716,0.98440508888438116,1.5199613014861244,6.3346258289561925,-1.5963819133218338,0.06796125487338799,0.1980335056071069,0.5,True,4
-0.96899506128397728,-0.24230533845269581,-0.04833936454472057,0.24594809514792926,-0.96462197360256796,-0.094941995640463087,-0.023624260842785523,-0.10388729951448893,0.99430846486350533,5.159666920393291,-9.5308663182210882,-0.26462097203110951,,0.203926271356116,0.1666666666666667,False,2
-0.97373587492582114,0.22514146027990531,0.033908240082282,-0.22727037997911015,-0.97007769389130827,-0.085425067741692701,0.013660902847058447,-0.090887791685977742,0.99576743723414163,-8.1733211343590195,-0.74066813566485878,-1.1565996903014597,,0.2476229519044343,0.2083333333333333,False,5
0.97535059516042333,-0.2202334667186964,-0.013727223217866295,0.22013645649914662,0.96686165739200247,0.12929994580505139,-0.01520384951936987,-0.12913464137192124,0.99151050794105944,-29.341674286037659,4.4471290887537309,-1.4647808332528427,,0.1388747808017177,0.3157894736842105,False,4
-0.99787350342664805,-0.063743353513476625,-0.013610879541162652,0.064234718199198917,-0.99715765140113055,-0.039376633046156476,-0.011062194036337833,-0.040167189782683514,0.99913173542234435,-22.837876377119454,8.5721339119376925,-1.8537894859818607,,0.1834200273739157,0.1153846153846154,False,2
-0.86235770251263211,-0.50132160969182582,-0.070822571071173318,0.50381353139168894,-0.86353135411504456,-0.022034655587812133,-0.050111061690712305,-0.054683124601969467,0.99724552512407671,-17.32879620566014,8.4042363376912927,-1.8624642566842198,,0.1498108507188997,0.25,False,2
0.45910309034269231,0.88069157908814188,0.11664773877373147,-0.88440722730026888,0.44068306433399151,0.15369545571764209,0.083953610624202882,-0.17372616191131979,0.98120895426546184,17.216888317302711,-5.7410772480076702,-0.41391298635608031,,0.2174161843672987,0.2631578947368421,False,4
0.27680811089628193,-0.95996733025573833,-0.042895158044960496,0.95708988808042827,0.27144412007951141,0.10147431107651424,-0.085768385062475805,-0.069143434366035053,0.9939129587684451,-7.1324631105263085,13.954627281153707,-2.1743161440318293,0.3022748262015473,0.2406161907741941,0.7424242424242424,True,5
0.68615310083869152,-0.71100338421199849,-0.15384443392120023,0.72461983870953839,0.64935766079382484,0.23078283670354582,-0.064187316177045414,-0.26983108791882754,0.96076593009667599,-18.841980724322095,6.2198262824677224,-1.7098726183915909,,0.4909193452869783,0.1590909090909091,False,5
0.88133963832236883,0.44796261743481086,0.1502329368106349,-0.47213050307849463,0.84726121307479951,0.24339520307899581,-0.018254588043623891,-0.28544339228640653,0.95822170702577247,-12.191362044244201,0.75742702792913974,-1.2776875895015671,,0.2661188715044939,0.5104166666666666,False,3
-0.90078311553493717,-0.4292249754618504,-0.065997721225399486,0.43172986095605692,-0.90152485023966378,-0.029364460819420013,-0.046894625769221335,-0.054944197510979134,0.99738760230606383,-18.6518745867223,26.004402760606808,-3.1763350195349385,,0.1328455162105081,0.4285714285714285,False,2
-0.67013723819965187,0.74206972300963414,0.015767313358601077,-0.74008192620265478,-0.66965822180751344,0.061940362234714372,0.056522778473033559,0.02983943963958318,0.99795530128141718,-10.053953363678049,18.562879332083146,-2.5560705971855535,0.3867620963184131,0.3370458249345097,0.7222222222222222,True,5
-0.98062097045713692,-0.1823186613216729,-0.071710654951523206,0.19461210921391967,-0.94863817564647646,-0.24942281101261515,-0.022553031880718319,-0.25854500080256521,0.96573590764400452,-16.758459208810578,-3.6407547663722415,-0.85239925249559045,,0.6936225944609606,0.391304347826087,False,1
0.85518168795525629,-0.51466596012614874,-0.061507967560537252,0.51670460378009087,0.8370935881900704,0.17969606852553077,-0.040995524371057954,-0.18545423720827298,0.98179737873098827,-6.6226944120834537,11.31879746427564,-1.9591224374480045,,0.128522292114074,0.1944444444444444,False,1
-0.91285628377843631,-0.39985992684671706,-0.082495115421222676,0.40827330375801407,-0.89525459393709761,-0.17841558640723787,-0.0025128877291084603,-0.19654834249278283,0.98049091503113894,-4.9015728294036034,3.7079560420886852,-1.5314751202754338,,0.4645718568474012,0.2650429799426934,False,2
-0.99354774617803665,-0.10856875486215696,-0.032797889142821432,0.1123703200653568,-0.98149219030118451,-0.1550676998803846,-0.015355364956691219,-0.15775267302161522,0.98735925929804425,-26.473286304189049,10.734767940798998,-1.9895394282420344,,0.6371675506018927,0.8,False,1
-0.32831439853013578,0.94413750826498222,0.028531056850145852,-0.94105674307424325,-0.32954672988929845,0.076230959155503417,0.081374824314977862,-0.0018216219313499076,0.99668190495325359,-27.662348894091878,10.448254817253114,-1.9622880089131747,,0.07810598704088634,0.2352941176470588,False,1
-0.9863012811013615,-0.1594783368811534,-0.042147870212329991,0.16388078694175157,-0.97645596301952842,-0.14027415996882131,-0.018784849458174289,-0.14525980982098119,0.98921520261346918,6.1034677052263167,18.342679593097312,-2.305407527036111,,0.4952504823834397,0.3571428571428572,False,5
-0.064598951623987613,-0.99626727109905444,-0.057258187064609702,0.99401059596209274,-0.069308726193839779,0.084493997351730118,-0.088147096175475573,-0.05145702100035987,0.99477749493321432,-18.448091095258899,-8.0952205580671848,-0.44477819887828945,0.2613916307023755,0.2501119881422448,0.7640449438202247,True,3
-0.47035502012531638,0.86661575511429534,0.16656316528750573,-0.88192946788379645,-0.46826367711133904,-0.054125247125266826,0.031089688340620276,-0.17235504543194335,0.98454414303932347,13.678725356190213,-7.2988681546056497,-0.30431849851548376,,0.3145626626658077,0.25,False,6
-0.97672553075579827,-0.20999269306512905,-0.043707052394992077,0.21230416894799714,-0.9755110888634928,-0.057489610815026154,-0.030564316074538918,-0.065430760072136079,0.99738891021470577,4.5854631158941492,19.630516954349005,-2.4301884930658413,,0.3107774336019987,0.4285714285714285,False,3
-0.36114621715430117,-0.92958245679356821,-0.073823206763013322,0.92908812234273963,-0.36546699052000503,0.056825520339856189,-0.079803952012310872,-0.048065942848203952,0.9956510404661526,13.264451581495152,10.32548675916407,-1.6130204118265077,0.3988040812230176,0.4308355282589069,0.7843137254901961,True,5
