axis_00,axis_01,axis_02,axis_10,axis_11,axis_12,axis_20,axis_21,axis_22,location_x,location_y,location_z,dbh,dbh_approximation,score,reconstructed,number_clusters
-0.92432703154464435,-0.35563926755044684,0.13834829284110278,0.36620130221495639,-0.92863131338487448,0.059502017252807071,0.10731330305202608,0.10566264797583333,0.98859458819619261,-12.797206720562487,-11.651754984505889,-0.13705521109442756,,0.0848979747090026,0.5666666666666667,False,4
-0.58931042469013262,0.78693305512962508,0.18289229096900034,-0.79209109565719893,-0.60734815638798267,0.060991090437021007,0.15907520087088903,-0.1089246697331355,0.98123926582226317,0.70730246858285573,11.50279972850543,-3.9130298286347536,0.5104651846388009,0.4493301816425174,0.9014598540145985,True,5
0.98615961448035105,-0.096333747817268195,0.13494081591366452,0.060912539402173879,0.96747521420450944,0.24552265158945813,-0.15420401198264966,-0.2339049356713509,0.959952917468892,-5.2359107979220152,26.964320300420113,-5.0515010557798021,,0.7097743377566925,0.78125,False,1
-0.84987865796914053,-0.51890481303182534,0.091891576006617515,0.52081890431540612,-0.85365939963748783,-0.0036466859289829845,0.080336390485716322,0.044759629388223365,0.99576234109387585,-5.7423815400872185,-17.075269506256962,-0.49704729426012145,,0.06960034755677373,0.3333333333333333,False,4
-0.48433201076084847,-0.8728827514796863,-0.05914562977606036,0.87487449346554247,-0.48289880792620737,-0.037461473367444181,0.0041381198345532832,-0.069888793613149591,0.99754620569251551,-10.635961031867467,20.805868537834325,-3.6616069919734735,,0.3446416352036817,0.2368421052631579,False,3
0.89359123363864223,0.40832232861280687,0.18646067446082307,-0.44559339853802016,0.85708184550230981,0.25856765708358154,-0.054233111136161832,-0.31413943729906058,0.9478265577572319,-15.950419921466485,3.0406631332599838,-1.1897949151750196,,0.2010510629322401,0.2121212121212121,False,2
-0.73288006573095887,0.62995350661739835,0.25699297413476285,-0.65890556231119268,-0.75129400703192473,-0.037426928183960359,0.16950005666535417,-0.19676354971986026,0.96568827076447628,-15.804821056334555,11.32893735107856,-2.0865433583450992,,0.4552397207902024,0.1379310344827586,False,1
0.2506813538848931,-0.96072221347806097,0.11904489633853321,0.96079105410047216,0.26195947879567544,0.090872338088120772,-0.11848801279007344,0.091597270695764871,0.988721664992806,-14.077273507067998,11.604804478829678,-2.2338323042473216,0.3049202826813787,0.2514311630352082,0.9133858267716536,True,4
0.88567544228885031,0.38931186492540826,0.25301241620669607,-0.45491673854494624,0.83663560682771865,0.30510919746812704,-0.092896565695825287,-0.38532730660610615,0.91809209498045752,-8.7164012685030254,21.197552447787334,-3.891874131828696,,0.213884329792292,0.35,False,1
0.87658336266354875,-0.46699625251555993,0.11625879939982853,0.44932174147141418,0.88071256846170587,0.14985107405248016,-0.17237047584363696,-0.079119352183960753,0.98184955424312836,18.606505084311397,2.1689154095320236,-5.389508937154039,,0.2316137076580612,0.759493670886076,False,5
-0.36507642059316392,0.91040403740106701,0.19463734433741262,-0.92122304316408132,-0.38345325736386321,0.065663567985243282,0.13441470109475762,-0.15533218630045786,0.97867492050666538,-3.9829002375207327,10.318115521034693,-3.2327927484044365,,0.07662344296334919,0.180327868852459,False,5
-0.53461649227662877,0.79995519835852325,0.27250116844705446,-0.8307645111928873,-0.55660882360915609,0.0041163603918093206,0.15496945869518036,-0.22418362585079216,0.96214664618867507,7.5527772436194445,7.7148705588759965,-4.4224965775634999,,0.8053444087050127,0.5904761904761905,False,1
0.66519608475399206,-0.74337740836916577,0.070029976112392076,0.73327429453032011,0.66806892276376462,0.1264623399211198,-0.14079409720944047,-0.032771072054567918,0.98949637645995103,1.050407326318926,16.26148993719708,-4.4210515186641732,,0.1242108356621909,0.2857142857142857,False,2
0.94871011851027964,-0.2874643906754063,0.13158014717209579,0.27038967086247556,0.95345372998242917,0.13347438208689028,-0.16382471403025581,-0.091050584161840836,0.98227860314510274,8.069541707359015,-7.8367627975782375,-3.0393431189640201,,0.1343515407991572,0.2954545454545455,False,5
0.11028218835900062,0.96188019251044965,0.25024854482456027,-0.99167304283932911,0.089643361753438011,0.092458876260360423,0.066501240864635838,-0.2583613031194924,0.96375672345974417,-2.3074996697309844,-11.843761093289682,-1.3960839664873506,,0.1544807149263642,0.296875,True,4
-0.94325768563143675,0.27805967242490748,0.18151517035272446,-0.28762848729004986,-0.95732764241421708,-0.028171587972181972,0.16593610757295435,-0.078782000739952618,0.98298453933057717,-8.7316876532386107,-20.52648066700791,0.21370023085046541,,0.2255417419243179,0.2631578947368421,False,4
0.88702838833377651,-0.44555148133124767,0.12109713363047049,0.42324551573232316,0.88946798731035914,0.17236569543427438,-0.18450981465077959,-0.10163944624796031,0.97756102175973925,-5.0013262548653863,-11.136218263863098,-1.1065587160693406,,0.1860568106624166,0.5303030303030303,True,5
0.29272322015005098,-0.95535810082674877,0.040050163166864758,0.94848522364353505,0.29541641080311276,0.11447674330657524,-0.12119775952903517,0.0044769870352923125,0.99261828497777937,-10.37190384893769,-7.6394012503718409,-0.78591848010128418,0.1246646201007,0.1099451441316754,0.2877697841726619,True,5
-0.32613905695167278,0.91791686632842229,0.22596889617927687,-0.93740841382490281,-0.34489815319379369,0.048070049030430134,0.12206056374173886,-0.19614762408277514,0.97294775211505014,-0.94409615137100666,-9.9110463201131669,-1.7301339901304362,,0.1468424115333465,0.5142857142857142,False,4
0.36926638903632997,-0.92928758565955327,0.0081802852705808726,0.91926683156851952,0.36654765734141481,0.14349671520803503,-0.13634818042806723,-0.045468648941432266,0.98961698432140721,-13.691230839190384,-12.081647590261609,-0.019898398591943468,0.4321046611495487,0.1888959221623244,0.3506493506493507,True,4
0.92320244101497084,-0.35838458722850797,0.13877226142515239,0.32971908949297202,0.92412391650092851,0.19308109429695752,-0.19744005401114623,-0.13249707388481102,0.97131969530327078,4.9388674092243203,7.9999682730552069,-4.1205666769445592,,0.2155070157528477,0.34375,False,4
0.9864325334834908,0.044507430576732565,0.15801881378114324,-0.062171917981489411,0.99213231571048166,0.10866517720714727,-0.15193916381185349,-0.1170151987838122,0.98143870606051609,-6.2601160797716275,-14.847520994892154,-0.64469080932872147,,0.1089090288625803,0.5,True,5
0.98307462055020245,0.085325115162744325,0.1621231481082844,-0.12647783908004065,0.9562952126491564,0.26363387962465856,-0.13254299925578736,-0.27967676161377808,0.95090128949408381,10.333569278421665,24.115253405778759,-6.3581371305426204,0.3415283537966047,0.3858056290736194,0.7804878048780488,True,5
0.26324951537354468,-0.96139675507597055,-0.080099762702443955,0.95681284550744805,0.24957445565760911,0.14906968087155967,-0.12332425279536186,-0.11588300312212382,0.98557711938734838,-15.016738331397605,1.3312076866664981,-1.0778613758209781,0.4640506788457274,0.2464982082608823,0.4268292682926829,True,3
-0.55266823986378066,-0.83221087824847662,0.044529437126116053,0.83339273872446018,-0.55211602052044029,0.024988856036555485,0.0037894177934797435,0.050921056642324977,0.99869549228141341,2.2407421587016265,-20.467135302802042,-1.1980630241500356,,0.3329682781223794,0.6333333333333333,True,5
-0.96937339510939591,0.18671229560400718,0.15954228130613538,-0.18061855502113197,-0.98217714341378493,0.052009581209786077,0.16640961040806057,0.021600408001259057,0.98582009714654217,-3.9516478979940128,-16.064673856499763,-0.82342207959557234,,0.1062282614335708,0.4375,False,5
0.81182290161224457,-0.58115293499347875,0.056611328957567347,0.55802580070215424,0.80073218009444702,0.21779619260197092,-0.1719034094152771,-0.1452213548678718,0.974351053738715,-13.555006554206434,-12.294628152622131,0.011270455838819308,0.3869210113242617,0.2723619952800893,0.7560975609756098,True,3
-0.49559823048464974,0.78185003289570332,0.37827624826503847,-0.8549382619878021,-0.51594178551675229,-0.053708864697212269,0.15317624531813578,-0.3500208565482561,0.92413334419415083,-13.733221225739166,9.0490837639578672,-2.007996546616901,,0.09355871219399886,0.1578947368421053,False,2
-0.017814930498278911,-0.99709365324108512,0.074073442728744054,0.99609848406422652,-0.011295142283804677,0.087522738792493518,-0.086431697289200193,0.075343655520127548,0.99340469863826031,-14.597260914490002,-17.72316865355732,0.63458686155195243,,0.08229652117709091,0.2727272727272727,False,1
0.5385686492838262,-0.84137430267974256,0.045089830325383468,0.82814017393354056,0.53844468991297001,0.15575996989551114,-0.15533081576403285,-0.046546736670818017,0.9867652907248905,-22.335823929792095,6.0706621283491327,-0.99183739262972903,,0.6804536862270745,0.5454545454545454,True,1
0.89478827656959281,-0.43237813999526531,0.11136913471807647,0.4099569430510559,0.89442321921302037,0.17872439614347896,-0.1768876619718048,-0.11426394438690088,0.97757583135800585,-3.5779024324445388,-29.461504042839533,0.38887529318185643,,0.4436499646672519,0.4285714285714285,True,5
0.77333828113061787,0.5776609052192152,0.26125807455322808,-0.62903201422949806,0.75056366013227127,0.2024176799670197,-0.0791620364336586,-0.32087703356607966,0.9438068135574732,-1.7562418331413232,-20.133854795892827,-0.69643458829029459,,0.7323198812055821,0.5849056603773585,False,3
0.56505074939619837,0.75041989859222336,0.3429105224451901,-0.81693062381073933,0.56706043464575562,0.10519895122844482,-0.11550760358951473,-0.33957685323974229,0.93345891942645431,-5.4109799444264404,-21.129849200861326,-0.12059623801852178,,0.205614677679022,0.1764705882352941,False,2
0.70911764214459827,-0.70400518588163596,0.039100739776233309,0.68500183160512573,0.70099728684258078,0.19843209049184593,-0.16710673324827091,-0.11392761777156619,0.97933438498399905,5.4880254011167446,-7.2757964564107489,-2.7731926133116374,,0.3798469541068,0.4285714285714285,True,5
0.49175189596154051,0.76586415315672474,0.4142851333656119,-0.87072739375554531,0.43048579435533435,0.23773049156961878,0.0037253968789969644,-0.47763383440433671,0.87855110360769839,-7.4110870902753261,26.549725852736032,-4.7281477563155789,,0.1853297642319101,0.2666666666666667,False,1
-0.031149856002966932,-0.99383284579207221,0.10642349879526471,0.99608891554433188,-0.022058609593395135,0.085558693728477964,-0.082683485658937642,0.1086724084928527,0.99063300410982225,-4.8254511350499953,-5.5360184805227206,-1.6324351942462292,,0.09093496503373193,0.4963503649635037,False,5
0.98531437127395038,-0.083763221442565428,0.14879285095254313,0.059164092401223091,0.984905659722079,0.16266668871578469,-0.16017240689757237,-0.15147463213681095,0.97539747584646685,0.31963537970516592,-5.0957007608635028,-2.3241809876633059,0.2315787408939025,0.1660175018879179,0.5691489361702128,True,5
0.85316125057535785,-0.52156145272792409,-0.009462111023934433,0.49221953783741224,0.79889309091706995,0.34567290298213327,-0.17273044632552864,-0.29957216211341831,0.93830736573836826,-31.333447555850594,3.9080905118677114,-0.064687094916724627,,0.6291482578792944,0.3428571428571429,False,1
-0.0046288635897977258,0.98415820153464562,0.17723207377322497,-0.99594831033638997,-0.020454431902103234,0.087570425108317432,0.089808333466089046,-0.17610863285953088,0.98026537869721264,-3.5882723497123195,4.3665883572595563,-2.7054692992853271,0.5164504056695794,0.4163008151322457,0.9828850855745721,True,5
0.76944073239828448,-0.62923795624754852,0.10963828593972408,0.61705164511084443,0.77663627259827428,0.1268202166480592,-0.1649491636607871,-0.029928155674351892,0.98584789846382481,6.2521588098700143,-8.1446782101964779,-2.8250691617196244,,0.09601133555418802,0.3214285714285715,False,4
0.94218027703293883,0.25995511518047709,0.21147024296964217,-0.30839874867869221,0.91951041663686717,0.24370228868377874,-0.13109743469477758,-0.29482864818026061,0.94651441131588099,-22.909804079773412,9.0601243210050004,-1.2728044369800964,,0.4526520842721058,0.2162162162162162,False,2
0.49051845215137241,-0.87010498495591548,0.048051672748079963,0.85938707322164432,0.49213904727238367,0.13875523964653716,-0.14437973015128902,-0.026767018972935486,0.98916026012812719,-10.821522886013375,19.473936205092894,-3.4830477726239573,,0.1076479478242059,0.4285714285714285,False,3
0.87963827813323536,-0.46510593431948699,0.099563896587033685,0.4359746630270791,0.87210357400072158,0.22217436713894945,-0.19016464666499214,-0.15202574149125186,0.96991008917466859,-6.6113436305671156,-7.385273544583896,-1.2628789933518378,,0.1959842463743433,0.4020618556701031,False,7
0.68330397955529376,0.65909103156119198,0.31415710025320631,-0.72849317784951839,0.64426152942786863,0.23286212986652527,-0.048921992504490461,-0.38797692433296627,0.92036978700657224,-19.206158678881785,25.193613138816907,-3.1578577606241662,,0.5766792826637641,0.53125,False,4
0.98596070808139735,0.04685209206745182,0.16026965897677925,-0.089953637303775077,0.9576783613646197,0.27342366267351204,-0.14067631376834905,-0.28400182683018194,0.94844775138205106,-6.3597746822662247,20.027674865316282,-4.0472496422887652,,0.2334337311650141,0.1785714285714286,False,1
0.54618556593871359,0.80396333902354367,0.23521113295573892,-0.83763468615066372,0.52655044268388285,0.14530231886204351,-0.0070327887418298041,-0.27638303279239484,0.96102183069220215,-3.6607874570138503,-5.243793064355021,-1.8004825681484224,,0.07068750738697721,0.2465753424657534,False,2
0.6629536529270571,-0.74805830047555644,0.030020545636194412,0.7266561738569205,0.65260129507434017,0.21466801033902708,-0.18017563394170039,-0.12050032679174712,0.97622559491993988,-22.932442008388549,9.7504849524477653,-1.3050389812964245,,0.4354218544596116,0.1590909090909091,False,3
-0.48716483848191383,-0.87042555379522568,0.070920909802153459,0.87329366341235426,-0.48604394443450638,0.033458355045877547,0.0053476715232372435,0.07823451526545519,0.99692064028710869,27.598721029405489,13.135047258085731,-7.5886134331330197,,0.1397456603133233,0.2727272727272727,False,2
0.94519276670129426,0.26355409462214746,0.19274302317711689,-0.29974946258111751,0.93446282012501114,0.19217049067519187,-0.12946386931451487,-0.23941277537323033,0.96224769655749398,-12.838981770758824,-9.2557747923303886,-0.31763961322582795,,0.1393919257609887,0.1176470588235294,False,2
0.6127850026519136,-0.78874485872131472,0.048745136840386769,0.77417451681559246,0.61155486899661127,0.1632619359185799,-0.15858233835531324,-0.062307223074307139,0.98537782191123524,-0.96047321108971562,-14.619542240717475,-1.2800730893045495,,0.1290201577681016,0.46,False,5
-0.98414759420626174,0.08445060670988136,0.15595386447395787,-0.095568033797456403,-0.99328473961221486,-0.065208718508990182,0.14939967782467561,-0.079079207632787057,0.98560956528741939,-17.828672689648311,6.0476891867309535,-1.3444115918521033,,0.08143266776646654,0.3863636363636364,False,5
-0.66989469279363467,-0.74182194609577878,0.030680626747088768,0.74225318792182315,-0.67010565146532719,0.0043151934048995533,0.017358156204320171,0.025663518170786395,0.99951992388760602,4.7910615341889145,12.401097832670851,-4.5092847714169899,,0.2681299248182148,0.2666666666666667,False,5
0.9862199290389152,-0.11187097561943762,0.12188164907168306,0.060093059940180521,0.92863021197383455,0.36610757101766878,-0.15413979276456666,-0.35373834146638206,0.92255629099969305,-14.548552916160348,5.5813885570648001,-1.5478690849059373,,0.2656975944906052,0.1538461538461539,False,1
0.74392440133133342,0.61849458894414278,0.25306309203562949,-0.66752421131458162,0.70556952156389419,0.23787197722502684,-0.031431073997935294,-0.34588450917454155,0.93775049661433052,-8.4688962065232722,-12.746459978879242,-0.53961918194158687,,0.466891047544895,0.1590909090909091,True,5
-0.3171113321278683,0.9082471464319507,0.27299729675274997,-0.94032530136953041,-0.33856316310482709,0.03410736273530289,0.12340474318433634,-0.24589043410973627,0.96140998734823591,-16.113819287890703,5.7004206076055128,-1.4612827131785151,0.4791187282824403,0.2514961125952271,0.2837837837837838,True,5
0.61501453952191587,0.75884390604614294,0.2142732891269451,-0.7881883486655038,0.59945599489657253,0.13932565166008767,-0.022720985995188556,-0.25457501141941241,0.96678607786635695,-1.7796169554630934,-8.2159466573515623,-1.8052299695873386,,0.0797809206222696,0.2857142857142857,False,4
-0.47409027204547477,0.86385662175110745,0.1702649435691734,-0.86718403386447118,-0.49159414388103106,0.079542750219123604,0.15241478065592398,-0.10994059649939267,0.98218267133917936,7.2854530710693535,13.150265653652225,-4.9041744654442763,,0.0694164640600889,0.2142857142857143,False,4
-0.41703269042183821,0.88534966370935231,0.20552301109428373,-0.89764871671819435,-0.43666244360341561,0.05960446057531299,0.14251496936709243,-0.15963045860997774,0.97683550313769096,-22.971167252059434,3.5889029500116196,-0.65253736027864517,,0.1860837678725641,0.6,True,3
0.40962618219215863,0.84762886620351641,0.33724130239521044,-0.91181101695669775,0.36891109505952652,0.18029218867819563,0.028408805308731425,-0.38135273582409568,0.92399298193244328,-1.4621444823206649,-16.774286519595172,-1.0481260220466073,,0.273003722980893,0.5,False,4
0.19360067717492763,0.95644378788324358,0.21848125415459418,-0.97966127684392434,0.17649234796851043,0.095468496170704228,0.052749980568176036,-0.23252038991907184,0.9711599805500335,-17.593962480098941,-16.472868676286527,0.84476004116653947,,0.1759136078655041,0.68,True,3
0.94404247183810919,0.26700113930919961,0.19363419887350478,-0.30368388354446774,0.93271749205394761,0.19445868170885744,-0.12868531478434056,-0.24238084005173741,0.96160886962146497,11.93106751992971,4.2958452692096554,-4.6602763258195141,,0.2572240527331435,0.1904761904761905,True,5
0.4009877532507708,-0.91028329586332746,0.10292299556025819,0.90498798177276507,0.41105622252986751,0.10967923580301711,-0.14214631402099948,0.049164043687171935,0.9886239538968139,9.692997916905906,16.690064654059341,-5.5352545914231461,0.4761482946462423,0.2692420569993412,0.9206349206349206,True,6
-0.97531728632543158,0.14492768648437335,0.16658978565651572,-0.14230577399959335,-0.98943692819711071,0.02763388872821114,0.16883500135094415,0.0032451209767410255,0.98563898639850567,-18.012530672870671,12.264251242762588,-1.9653917439980277,0.1473849403683458,0.1025003784566901,0.4883720930232558,True,2
0.66016217809804745,0.73003914115698854,0.17671658379339863,-0.75000532483284188,0.65350704416717498,0.10208112433876554,-0.040962315989532649,-0.19992847621749499,0.97895387688395497,-22.201391014338075,11.165097672215099,-1.5322440549284804,,0.06970837672736063,0.1875,False,2
-0.85313109039629142,-0.51027742281434862,0.10855548979752416,0.515115826972663,-0.85687742836607117,0.020414640800603248,0.08260161863730929,0.073335015665741451,0.99388075143640919,-3.2830305981310959,17.662083400835755,-4.1041985799793679,,0.1312805684656804,0.6666666666666666,False,1
-0.92331810498941058,-0.38075317064465708,0.050106886181497695,0.36904336311485464,-0.91578781443238233,-0.15855495917201395,0.10625757921034434,-0.12790505064774402,0.98607790000544904,6.2795695985798927,12.124961046617338,-4.6675655206268312,,0.4966447223315816,0.5294117647058824,False,1
0.97373751992474811,0.16587729458259864,0.15594859868802949,-0.19006411242499521,0.96934832318821573,0.15569027426366527,-0.1253430311541136,-0.18124169353146719,0.97541815293080658,-9.0985663873103082,16.879634447731029,-3.3470719561351849,,0.1580607498838995,0.4333333333333333,False,6
0.9532561085277117,0.21631963901469256,0.21097062670228978,-0.27777001167415599,0.90217560142757958,0.3300348539220137,-0.11893953156601486,-0.37320905397020959,0.9200915116799625,-18.838784050259981,-28.90727824598001,2.0091353674605306,,0.6050426198082974,0.3783783783783784,False,1
0.98369909320323767,0.098052944491318253,0.15073723530604613,-0.12435832233081247,0.97643242460775403,0.17639367290718977,-0.12988880513036372,-0.19226372578103593,0.97270939033742299,-16.073077727694528,15.295786119915576,-2.4837202717042035,,0.1514596624808159,0.5227272727272727,False,3
-0.70725774748509462,-0.70035155670168081,0.096406305021209171,0.70658833034886459,-0.70468271198029331,0.064460893966055033,0.022790569038836417,0.11371003676734713,0.99325254467393875,-17.470658010973629,9.9183868687541406,-1.821966761523099,0.6235020291787874,0.4832636102002959,0.9808219178082191,True,6
0.97235840735956725,0.1345297930428255,0.19084250685059884,-0.17365064408458208,0.96304463418516639,0.20588950040293402,-0.15609158031801754,-0.23333831093717658,0.95978573192291738,-29.842214915726206,15.930018204753901,-1.2693768439250064,0.5010047196282694,0.4913278215543579,0.9230769230769231,True,5
-0.45298128851504393,0.84547534405812597,0.2828062850168705,-0.87999673661979894,-0.47487130983006615,0.010148036203178973,0.14287650539453339,-0.24427173739520147,0.95912336146930288,1.3737069658736922,15.18661186053075,-4.348255082860109,,0.249946477566944,0.3333333333333333,False,5
-0.81637288630416216,0.55231607057306609,0.1687669063950045,-0.55092051019325616,-0.83244479713688979,0.059348556579966426,0.1732682947218403,-0.044526597741700341,0.98386761311557303,-3.1585100349807198,-6.8852404748005114,-1.7206691807837202,,0.08806211698807763,0.405940594059406,False,5
0.93278607051043927,0.27422079037452302,0.23390832560656424,-0.34323654817547528,0.87387252320300113,0.34428982730746749,-0.10999463013383562,-0.40143464140155238,0.90925871457167162,14.874513406044013,1.5872032136810974,-4.7710575957028256,,0.4917506666979795,0.6666666666666666,False,1
0.80944990773571457,0.54261111672527329,0.2244193014711427,-0.58548760517650744,0.77490424094617472,0.23817573669102343,-0.044666665997385682,-0.32418604746315871,0.94493824961152539,-15.78784380844551,24.5944207377533,-3.4993642583197992,,0.3685778618720847,0.2666666666666667,False,3
-0.77962985118153849,-0.62200561229027884,0.072707038352880463,0.62251892256500518,-0.78239434727817203,-0.018145974640894874,0.068172473881744577,0.031114363669502765,0.99718825212608919,-30.78999163088783,10.773774075454076,-0.81399132238925798,,0.2762385789680304,0.3809523809523809,False,2
-0.72889604489316906,-0.67192471712451396,0.1312544485198022,0.68287920476264574,-0.72723182640371842,0.069353171291938853,0.048852302318644583,0.1401821856822548,0.9889198184764596,-19.908617410604197,-13.611556404468507,0.88921060847157818,,0.07488784712414659,0.2941176470588235,False,1
0.88854754387628898,-0.44681366692463692,0.10411920726155977,0.42547516920152323,0.88743046732841147,0.17730777210887955,-0.17162209258819586,-0.113246248090781,0.97863228264195945,-6.2293390173150023,24.560266832258371,-4.5966882768482993,0.2633449150932506,0.2107310597926959,0.6875,True,4
-0.39086598397659256,-0.91837826704191028,0.061685826533387902,0.9200717642689793,-0.38791306495710581,0.054693716554565307,-0.026300782592484251,0.078133300587401477,0.99659593425537374,-24.785554943958658,9.0112769662442336,-1.1323068471592583,,0.1357733899766623,0.4074074074074074,False,2
0.70393631671153034,0.67029483172897109,0.23490104421231239,-0.70761196162964501,0.69039277425703383,0.15047634037390245,-0.061310470339496201,-0.27214454947896177,0.96030118734470116,11.768784094284102,15.075515181933431,-5.6812227128647894,,0.1836087470084018,0.4782608695652174,False,4
0.98473956757422143,0.069705112546450718,0.15946529822699471,-0.10226642332085097,0.97316513649033187,0.20613392680710396,-0.14081748014681358,-0.21929617963987103,0.96544270823309963,-2.4483611628501207,-4.7502374100719962,-2.0019067214727029,,0.08911446606907296,0.2396694214876033,False,5
0.6324277089920558,0.67300278633577892,0.38353936236498221,-0.77417845954499809,0.56585515638916328,0.28364706020745095,-0.026132464016870097,-0.47631417317992264,0.8788867405714651,-6.4915375996013633,18.335178133842518,-3.8134739497362418,,0.3348397563323866,0.2051282051282051,False,1
0.93237605188923911,-0.33902103504514347,0.12545770466716383,0.32300818470306897,0.93715646533810792,0.13192221984870708,-0.16229790657387322,-0.082477253057447436,0.98328881426050774,-20.018792853553151,14.378376088448682,-1.950402558119799,0.3233219035136179,0.2070530511636519,0.5853658536585366,True,3
0.90895441655641096,-0.39191303366718871,0.14214796046505374,0.38039824068367767,0.91919555872664294,0.10186610477473287,-0.17058442809165308,-0.038518811754712196,0.984589891291622,-3.1669850484412683,-11.529146199862828,-1.3094915415640385,,0.08393078077980123,0.1777777777777778,True,4
0.86005719382490409,0.47389301214473362,0.18901596861223927,-0.50577317738274197,0.84061421568048444,0.19380720687335046,-0.067045629165494988,-0.26228448950762528,0.9626586779194003,-4.8760402132458722,21.513849921773385,-4.3574535683645514,,0.2014179828002465,0.3461538461538461,False,4
-0.52790807214839008,0.83004098370622326,0.1798472483208359,-0.83527869007931232,-0.54573909986069635,0.066920436210669038,0.15369638011338932,-0.11489473552449295,0.98141562168573537,0.77024822681889371,13.244686949025352,-4.1196252371118298,,0.1042417970924571,0.4705882352941176,False,5
-0.7989622691569318,0.57832104286227504,0.16493654490832912,-0.58495137490920457,-0.81100535866839851,0.010109263226067214,0.1396108214123743,-0.08840293883029747,0.98625237082134765,-2.9669347723710349,-19.987652032431228,-0.54846391715319187,,0.08591467454336192,0.4210526315789473,False,4
-0.83831019410026453,0.5079623422885946,0.1980158510934473,-0.51607940997901713,-0.85645413875971321,0.012179934198029901,0.17577844311316218,-0.091981340597120251,0.98012314120148714,0.37500622944737749,-14.323870420544036,-1.4805261989522081,,0.1241440577789623,0.2105263157894737,False,7
0.77614868797060854,-0.61906667694626372,0.11979008162704605,0.60728011295966355,0.78502639908337846,0.12224736048636689,-0.16971764364733094,-0.022135994147443841,0.98524409117634582,12.652932574742698,7.5767157418917028,-5.0659660794505088,,0.1217399544296252,0.28,True,5
0.44946707320278523,0.87154809206088923,0.19591649581274412,-0.89321473444106547,0.43550913457953627,0.11179996366349856,0.012115621482135408,-0.2252459032320149,0.97422661367532692,-9.1469156978228199,-16.383422288493861,-0.14085640714603359,,0.08837913315959903,0.3703703703703703,False,1
0.83899489599668764,0.50935749981226863,0.19142231290135095,-0.53498895449981421,0.8364021141075958,0.11924060583350296,-0.099369930334602313,-0.20245108273689183,0.97423774102831673,9.6650190838235428,-9.8793327732159604,-3.1117407576956486,,0.1088861955695053,0.375,True,4
-0.97449752158232161,-0.17537638021612892,0.13999180580376835,0.18242504978746685,-0.98244141836330723,0.039114711993480947,0.13067395165048179,0.063655202038643346,0.98937977218733686,-24.455264462035796,17.189109474928411,-1.8763694515386591,,0.394567962108161,0.8076923076923077,False,1
-0.33095949855121409,0.91993878248872496,0.21018669508770432,-0.93453232468606162,-0.35040949263084242,0.062149188177009929,0.13082486168765722,-0.17585739662396446,0.97568387893674224,-13.974458287419944,26.487668275454741,-3.8834506118105536,,0.09844416056215685,0.35,False,2
0.1391085217271591,-0.98913081335356678,0.047634580478869828,0.98411872942332734,0.14343963846400695,0.10457244625393869,-0.11026851581980412,0.032331164405700386,0.99337583533477969,0.087961436616133704,12.50004019224407,-3.9724663150747435,,0.08147212873506939,0.2,False,4
-0.88909527969463498,0.42318621829706632,0.17442192599598111,-0.42349840245483866,-0.90512827576651678,0.037308276911874785,0.17366256575013328,-0.040696794116505841,0.98396396489186544,-15.21174394980501,15.905257606445556,-2.6202005994006257,0.1893579889894056,0.1819117726221567,0.3823529411764706,True,3
-0.015300958817274259,-0.99454855529322139,-0.10314577947468251,0.99697881289697687,-0.023031721129604898,0.074180768776985068,-0.076152001246247533,-0.10169911988791192,0.99189624544113353,6.1791188425592365,-9.7923671080955366,-2.6445451890576228,,0.4084474209132939,0.4868421052631579,True,5
0.90949987838242041,-0.40882907991481499,0.075291132534771155,0.39140749360904936,0.90319171312282998,0.17619563925628334,-0.14003622805918695,-0.13078039899868099,0.98147151872517502,-4.865087508845197,-4.1959179498579706,-1.7675049384540409,,0.185737253759066,0.4576271186440678,False,2
-0.87208745389737286,0.4481683177468675,0.19649079297193772,-0.45879901484255747,-0.88848626118278684,-0.0097789400720153241,0.17019675888305535,-0.0986778731903767,0.98045690400360153,-16.298188837482805,8.1693428431904174,-1.7162154215300853,0.1209219524764266,0.16001458841961,0.3230769230769231,True,4
0.80196832498823944,0.56750072435214571,0.18652006212562711,-0.59342898489671869,0.79264256390493915,0.13985637550950394,-0.068475145856056296,-0.22284679433636681,0.97244560806967384,-3.2544643820251191,-4.5615996074412566,-1.9312846269750374,,0.06667112268301996,0.256198347107438,False,5
0.69250100560608785,0.66715339214925606,0.27449719229584113,-0.71836762060571868,0.67265285906519745,0.17744321022990961,-0.066259481584428973,-0.32006949641469828,0.94507417622375334,-2.8992685077776441,16.051920465061421,-3.9451218225086069,,0.2200528195884351,0.2142857142857143,False,2
0.79566566363368019,0.5683048970805995,0.20963228679901916,-0.60166509309951632,0.78153671035348582,0.16492266707582576,-0.070108968469998728,-0.25735173270071954,0.96377114410839881,1.2157656966753267,24.816540813596148,-5.4521522967206524,,0.1916142065605717,0.4814814814814815,False,4
0.79271481777952613,-0.60890615654386904,-0.028922485988352453,0.58552185629074127,0.74735464924187922,0.31404646799859587,-0.16960947343417387,-0.26588403633825375,0.94896696767688438,0.23129159568687313,-6.7939988737693708,-2.1695951170890755,,0.5380208482870623,0.3584905660377358,False,4
0.5370635620316927,0.80095484129565264,0.26463951432635069,-0.84352356297909947,0.51200008725588353,0.16224644633708821,-0.0055433777497400638,-0.31036632042640205,0.95060087213725009,-11.192242589585316,-19.298929242551623,0.39260649779237045,,0.1423730649455669,0.3333333333333333,False,1
-0.81334753386980274,-0.58057030585182157,0.037468775147223091,0.57742580736447047,-0.81345000410007418,-0.069846458887189142,0.071029755295935415,-0.035174007345090769,0.99685383234950142,-13.912643477437573,4.1578034971578708,-1.4234248871982849,,0.08379822298396632,0.2829268292682927,False,6
0.59167455078923425,-0.80609207734216304,0.011695674181324861,0.79027892777440378,0.58281246458340175,0.18917940543822842,-0.15931240461463914,-0.1026897948796219,0.98187288574615628,-10.622044916495856,-11.404915266816888,-0.40671794057143618,,0.1011473491355912,0.3673469387755102,False,5
-0.38435160535082519,0.89747413653970942,0.21636547253789518,-0.91263009119691851,-0.40471565491003336,0.057546114661612045,0.13921264348523846,-0.17534369938223032,0.97461501475239243,-9.8721414193430039,9.8936304492949745,-2.4893876373307382,0.531734467940344,0.4351012465876157,0.9756944444444444,True,5
0.90211982119249789,0.38858530367939254,0.18756676138380091,-0.41823500185206186,0.89437821142574947,0.15864141373765372,-0.10610990263598989,-0.22156054858947669,0.96935628737389901,12.987470617428304,20.261137820507429,-6.3051702437004771,0.2134860000328618,0.3207136756390552,0.75,True,3
0.14037543984066106,0.97074664601801319,0.19479652238764802,-0.98756958552068341,0.12322770190888657,0.097576878597148087,0.070718099833415454,-0.2060725181265933,0.97597800570961546,-9.007644289677792,-11.344223958257897,-0.59801127497527662,,0.07932224004536986,0.3461538461538461,False,5
0.35853679689861073,-0.92854888882562792,0.096168218920680129,0.92146681931000951,0.36852419708344519,0.12283654616886816,-0.14950005411496908,0.044574401002073452,0.98775647636192576,5.8692827714402842,-4.1319324460546811,-3.1234619172706117,,0.2755019449667809,0.6073619631901841,True,5
0.80689077823625388,0.56314341947553292,0.17831646334171236,-0.58658208501358799,0.79946969779269528,0.1294977214176688,-0.069632819405825025,-0.20908776007375507,0.97541456778589042,9.6993377310961293,-8.7185149870174445,-3.2005205087328243,,0.09311761624027604,0.5384615384615384,False,4
0.21053871517577635,0.86073510843583001,0.46347440330410211,-0.97600521800650764,0.15812689719041367,0.14969869341113953,0.05556315178428315,-0.48387080661152992,0.87337379092396905,2.1064775215817573,29.714785990119893,-6.1967011107999612,,0.1492165293194161,0.4285714285714285,False,1
0.97286531586539793,0.17391778322281196,0.15259646740663191,-0.19297349816777912,0.97378395207164203,0.12044103824122719,-0.12764915272343336,-0.14661998283521116,0.98092215513892467,1.0968025578777003,-16.376653503503832,-1.4050053172550259,,0.0924381273377287,0.28,False,5
0.094630491992807153,-0.99094810217623541,0.095220422066461169,0.99123173953678945,0.10265223631662021,0.083199500683994565,-0.092220976572949559,0.08651229492108331,0.99197324273763454,-4.257786164294405,14.539646509497851,-3.6472889630363032,0.1391012407579237,0.1573934023222397,0.6396396396396397,True,5
-0.68990332583482927,0.69775600752959732,0.19279511134465707,-0.70435534460429849,-0.70850147979568889,0.043694412167688212,0.16708366027054286,-0.10565134681430405,0.98026570040317251,-29.03476546890683,4.4129133953106816,-0.38728507257825606,,0.3793900474435342,0.8,False,1
-0.41514715226408422,-0.90851783065358993,-0.047415117331045392,0.9096847322354501,-0.41519564957014216,-0.0092876539419819715,-0.011248551228477163,-0.04698855139843261,0.9988320910607239,-14.79901299639033,27.755242938618462,-3.9351836479072144,,0.2167600310588623,0.1538461538461539,False,2
0.11991052134300254,0.97417920763788868,0.19130169439204198,-0.99030550298335629,0.10376018426075768,0.092351691500789659,0.070117598590744512,-0.20052106016124704,0.97717696800511966,3.8597030065946352,6.4764408240612772,-3.8083701118992002,,0.1012139157982125,0.3061224489795918,False,4
0.98286732385452502,0.10815082262052511,0.14924886353185143,-0.12699881289534035,0.98423026744868936,0.12313440689367455,-0.13357816147192561,-0.13997921347252379,0.98110279511037735,7.5702317362876137,-6.4650880313837646,-3.1067729095868155,,0.2897265432977137,0.7720588235294118,True,5
0.632625582785737,0.71194874144430675,0.30481775138740497,-0.77338789390899509,0.60144225457816236,0.20034565122044942,-0.040694441389647569,-0.36248614313350558,0.93110029453124987,-14.02511222961123,12.603499761442917,-2.3497260204276254,,0.3707564376916483,0.2272727272727273,False,4
0.63402089691537722,0.74201371663982629,0.21779152093911752,-0.77310452648919081,0.614775384361122,0.15607888359916125,-0.01808019348753083,-0.26733288443808784,0.96343460364545097,-3.0738150698642808,14.28609831686798,-3.7564648937890759,,0.1059162109669408,0.3571428571428572,False,5
-0.92841368676754454,-0.34700604673614865,0.13279619629810921,0.34067653819644866,-0.93768370809169244,-0.06847452009249666,0.14828190228473556,-0.018332133208217326,0.9887752071865763,2.1379239749734706,7.9559358135135536,-3.747812892928557,0.4890106373495172,0.2869920252412656,0.4137931034482759,True,5
-0.34835061098675951,0.92010397497508734,0.17905453655295619,-0.92785985238176283,-0.36560210282821726,0.073560837037637689,0.13314633364551781,-0.14051255332755241,0.98108525429451199,-13.197529056272296,10.369540748362956,-2.2152999444391117,,0.2887998602290426,0.8172043010752689,False,4
-0.92510968775117053,0.33057291933882693,0.18679831537981886,-0.34683165570549118,-0.93591567503896955,-0.061397490314661143,0.15453112382145054,-0.12158698209988061,0.9804778108424097,-4.5116164462612005,-23.278176103360206,-0.078956547557923751,,0.3307581856942105,0.28,False,7
0.41250690463895623,-0.91030459360829752,-0.03440349518319491,0.90098540142339378,0.40212958542481686,0.16284072877505679,-0.13440000017527415,-0.098169971894149138,0.98605238023706887,-8.5542867231875199,-14.678975285396875,-0.40718860593410239,,0.1792704183857736,0.7701149425287356,True,5
0.40102125039899372,0.84597877635498364,0.35142832368116472,-0.9158176925945597,0.36125609044599011,0.17541947168560468,0.021445527720380053,-0.39219121238575005,0.91963370005029244,-18.973710973046764,16.617244416443093,-2.2974485190708456,,0.2674498102020317,0.2666666666666667,False,1
-0.10390046784654391,0.89584930034974242,0.43204018776514969,-0.98911775911494682,-0.13856642298430116,0.049451036639901774,0.10416693997950813,-0.42220063652748352,0.90049756864252151,-27.845222763174903,6.1013440439732003,-0.76896426110761673,,0.2946770476336915,0.2647058823529412,False,1
0.81577513096714871,-0.57115654180014019,0.091055699736134046,0.5546934227245931,0.81720789286592177,0.1564815216685895,-0.16378688128665336,-0.077145736087913266,0.98347465291274627,-17.916234130490473,9.0414340060132332,-1.7100355343048652,0.2567168425484721,0.1118971475118875,0.2954545454545455,True,4
0.71768486657980168,0.66530282678670927,0.20567105034969513,-0.69448805780054645,0.7055052640812024,0.14123972502854304,-0.051134820374752712,-0.24420170151603579,0.96837531934778032,10.694411791334309,15.625433519539619,-5.5716626384985535,,0.1145435752498604,0.6666666666666666,False,5
0.43517392083209128,0.87805715152782915,0.19909620106486331,-0.9001887130614179,0.42846491395961434,0.077962159939351794,-0.016850504575638484,-0.21315125182934286,0.97687389377500078,9.6292285874746604,12.363444578368682,-5.1412347338815518,,0.2388621583674787,0.2083333333333333,False,5
-0.71066990810799047,-0.69485973898651743,0.11008280903651477,0.70238435461585824,-0.70968640628661694,0.054785245485000404,0.040056211761040392,0.11625466815391207,0.9924113824577887,6.3339623861196213,-12.624217349180727,-2.4012233143838522,,0.09859806836159553,0.4761904761904762,False,5
0.54852521114413333,0.79465023061930162,0.26009825781034046,-0.83600576706327834,0.51578268339681865,0.18725004925210731,0.014644117461407716,-0.32015501633531751,0.94725198091062801,-25.673421380861349,11.341201926733275,-1.3206661436303266,,0.3638356816826891,0.1818181818181818,False,2
-0.65111583200121204,0.71625452007846746,0.2510530537247741,-0.74093593388461498,-0.67155144614012174,-0.0057093839987856915,0.16450566919077175,-0.18973169912873356,0.96795649031855813,-16.244698380730849,27.120447451117144,-3.7210489038192738,,0.1809940580980778,0.1111111111111111,False,1
0.32582475557733825,0.89553320651778368,0.30308167987680246,-0.94476801084816064,0.29641645548381085,0.13982378408705765,0.035378444439772117,-0.33189992609578967,0.94265094532739524,-18.468136272558411,-24.660595998817438,1.6243528058552386,,0.1904454930105022,0.3684210526315789,False,1
-0.22396380404000787,-0.97044856999831552,0.089831995793003966,0.97308468596943698,-0.21753056625606351,0.07607001167397931,-0.054280829136003864,0.10445106860411515,0.99304761509998474,-6.2280135447140346,-5.1264023929335574,-1.5076748290673647,,0.07998806143617576,0.1901408450704225,False,2
0.69906254515747435,-0.70437327859389109,0.12316591395693045,0.6941108136310965,0.70982763757045275,0.11981194991120964,-0.17181890570693945,0.0017347461030525896,0.9851270244479271,4.9428030735783368,16.53092674528968,-4.8973049487186771,0.305598417296123,0.2139525469171177,0.8148148148148148,True,5
0.13221654648955425,-0.99086823760571119,-0.026437105335631789,0.9853781625467295,0.12849884184594526,0.11188353060340053,-0.10746469936870814,-0.040843400304119204,0.99336959639461009,4.9988559394384087,-10.421930434130264,-2.440539773874054,,0.09682959481565825,0.1153846153846154,True,5
0.86423977204727431,0.42986110529150945,0.26135999420193967,-0.49274496344392482,0.82805106071375523,0.26745811233064259,-0.10144958064142634,-0.35993175882156786,0.92744655456758929,13.054876674607879,5.3691154443815874,-4.9227577913920149,,0.5292268090917753,0.3181818181818182,False,4
