axis_00,axis_01,axis_02,axis_10,axis_11,axis_12,axis_20,axis_21,axis_22,location_x,location_y,location_z,dbh,dbh_approximation,score,reconstructed,number_clusters
0.095997753209737885,-0.96508741640641793,-0.24370209287707792,0.98780757651921947,0.062222255132995286,0.14270452949150286,-0.12255865187700545,-0.2544300879616051,0.95929385862202898,-20.266296375325194,12.328123408246494,-3.6415409667561232,,0.2224846858094271,0.16,False,2
-0.64421117420624507,-0.76107267025804715,-0.075896993445703609,0.75619400108473089,-0.64866368499542637,0.086058448113013858,-0.11472835635219884,-0.0019530372347563441,0.99339498181452612,3.324784542180363,-2.9147570906448079,-0.62889851289895793,0.4238528170141291,0.3336928397773495,0.9647887323943662,True,5
0.07703130194973766,-0.96408603686547623,-0.25417374380716162,0.98549787210820838,0.034965320177731227,0.16604629009725758,-0.15119564342309014,-0.26327844557785018,0.95279816199654244,-8.7286950264961209,9.5763741336202219,-2.5169247042093565,0.6700527637600167,0.6076548949418333,0.3882352941176471,True,2
0.97732518367151688,-0.19848289239997852,-0.073756537242302911,0.20849966761117567,0.96282284912484617,0.17175578537313949,0.036923894261926236,-0.18323946798562055,0.98237463495597332,-25.998170412410641,4.8530556809657472,-3.4266847487133618,0.702671125523369,0.475204761596294,0.875,True,2
0.91524792134984645,-0.38956251460751884,-0.10277300072223933,0.40267338741061631,0.89287608086608561,0.20156003395633942,0.013243320431311947,-0.22586135444092176,0.97406943440088856,-0.63943287055626929,-3.4320917932339281,-0.85861178288435303,0.5218468636572433,0.3597484963821269,0.8231046931407943,True,2
-0.99778286211921741,-0.00014836876799179458,-0.066553272255329754,0.0098351429584325866,-0.98934679332245679,-0.14524528393569053,-0.065822716627092756,-0.14557781606165429,0.98715473429779432,-15.894938787498972,13.731786723701656,-3.3755930924261826,,0.3178967228727797,0.1923076923076923,False,2
0.96844119982545995,0.24923769791771805,-0.0014874196779581308,-0.23354084290724869,0.90950163569518694,0.34389744017940838,0.087065016940180068,-0.33269707633890355,0.93900603737183197,13.982203346849309,-11.23301835629942,1.1278512676456338,,0.6024656886078195,0.1,False,2
-0.42739170811042809,0.90350159418137077,-0.031956175462231985,-0.90133934442845709,-0.42309269371164071,0.092628066551708604,0.070169181438369227,0.068391825824070024,0.99518784364396251,-8.3699062936973796,-3.871256871432077,-1.3475519071518602,0.375901335716995,0.2885560088125511,0.9013563501849569,True,5
0.62198283927921016,0.76787874037308024,0.15329575246961202,-0.77447665234672514,0.57442496091336193,0.26499411172607823,0.11542643809796292,-0.2835457711952955,0.95198662439410509,-5.8556999001687631,17.051619066506465,-2.8803003043137059,,0.722572944819456,0.3548387096774194,False,1
0.72574030492974928,0.68665803695102767,0.042447026881002853,-0.67218063419515572,0.69459220692444379,0.25634910004294809,0.14654079573099632,-0.21457494348220721,0.96565179480811536,11.524524809689142,-19.001749150834321,1.7418788548331068,,0.2901924262494543,0.2666666666666667,False,5
-0.83136887725229591,-0.52653678503899393,-0.17772114094011582,0.54582767356836726,-0.83376107073714079,-0.083154240362110818,-0.1043932023802317,-0.16613696435187503,0.98056135370141073,-11.228513575850444,-9.4390019772795313,-1.0248334789877249,,0.5079689777790858,0.3103448275862069,False,1
-0.20673409963519626,-0.94977695402769702,-0.23491434533866901,0.9720549400655093,-0.22667980910528715,0.061036527081990193,-0.11122142573382458,-0.21573131840755361,0.97009782636385422,-17.291884460848955,15.075418280015683,-3.5600862375689992,,0.4319058858997401,0.7619047619047619,False,1
-0.28230953496948619,0.93599875228426666,0.21025618228154383,-0.95590609781518987,-0.29294723351858637,0.020626452277226662,0.08090030052509288,-0.19516212259581542,0.97742871212116866,-34.147924786909989,7.552863742896764,-4.1440091808946962,,0.4406354794436662,0.2,False,1
0.3984914242523413,0.91142168216570196,0.10254317176478726,-0.91208630741639585,0.38203957427201329,0.14880971579027463,0.09645285180265091,-0.1528276184735626,0.98353473065816766,-5.9127875476765865,25.343039655068427,-3.4698224122622414,,0.4544830445657352,0.2,False,4
-0.18766952189865194,-0.95112444947351382,-0.24523954037641746,0.97599626403887974,-0.2086618046660691,0.062382239905669504,-0.11050539865762513,-0.22764563006393151,0.96745337044237689,-20.341331437047113,10.047664761304082,-3.5509188347263012,,0.4636246325473021,0.4285714285714285,False,1
-0.99703057845749266,-0.055267902092083945,-0.053623545379389424,0.057450922291504322,-0.99754428842174603,-0.040059757425700615,-0.051277842666898027,-0.043021525257599405,0.99775735087040907,16.71608906832434,-9.5652942778255454,1.1917521062190444,,0.4311612273053527,0.3333333333333333,False,6
0.48868631522108441,0.87241094605310399,0.0092101315065858669,-0.86514463204290371,0.48319790967403142,0.13432998821557449,0.11274063581064629,-0.073613322798092684,0.9908938529144462,10.657967022162008,-0.30229974031739443,-0.23765932381141952,0.4731602480494967,0.4039993117174741,0.8714285714285714,True,5
-0.38916253101592185,0.91937301549893247,0.057495937471118953,-0.9189754236414055,-0.39178377652865193,0.044605416622285461,0.063534991905106961,-0.035478596665432974,0.99734877248747367,3.4823732964762195,5.4089531046439561,-1.3095518947815727,,0.1308320450720126,0.2758620689655172,False,5
0.47687401960535636,0.86437300368963332,0.15953206548525359,-0.87096205835160334,0.44023402994252292,0.21821799145007251,0.11839029663519025,-0.24300886686112255,0.96277226190283682,4.0192750809985007,9.1602990326319169,-1.5113968421506112,,0.09350825605494192,0.5238095238095238,False,5
0.028335697981313662,0.99738775000458402,0.066443693159739414,-0.99397674980798978,0.021074338135503058,0.10754577217769161,0.10586457887819342,-0.069090870691751349,0.99197739012842356,-0.96699764752924811,-10.753065411359318,-0.15038226891922096,0.1759341154649608,0.2538976839571098,0.25,True,5
0.81773835567400055,-0.57045128912196097,-0.07674182952389684,0.57551959084471138,0.80825128172304195,0.12452737107558334,-0.0090101172865745052,-0.14599723398802131,0.98924396659991254,-15.829541519831,6.4538596719862467,-2.8940621948252505,,0.07610880281759544,0.3571428571428572,False,2
-0.85952267606611066,0.50704663230426039,0.064222130119290316,-0.51034546002369718,-0.8582697286879547,-0.054042430099917771,0.027717878009544117,-0.079226166680028104,0.99647124080519001,-6.9537444428737301,7.1588656490670477,-2.2480909717153343,0.6166401278740319,0.3747508347045865,0.5131578947368421,True,3
0.97463725850381944,0.22144783755885192,-0.032296587693858389,-0.20635396105163348,0.945139138200074,0.25323912059696074,0.086604024701278731,-0.24015175344546072,0.96686445700657053,-7.0713881025089673,-4.805730312623461,-1.1454180017209148,0.1796440709890304,0.20657125848293,0.1797752808988764,True,4
-0.77318731944090424,0.6341761400873932,-0.0014115238729276031,-0.6341613620962826,-0.77314948998488142,0.0089012898113327021,0.0045536666518947375,0.007777498310678102,0.99995938649529703,-6.2192366957721363,24.001211348921689,-3.4494705637011149,,0.184614591959025,0.2916666666666667,False,5
-0.45038563074329552,-0.85849945558758556,-0.24521718613462434,0.88856186744970367,-0.45782948166099507,-0.029154303907311038,-0.087238703189921246,-0.23102132039671935,0.96902969933222227,-19.338009672221474,1.5662583061141329,-2.6849759212785145,,0.2355319590109108,0.2222222222222222,False,2
0.76590595799204941,-0.63615663403682987,-0.093235189082298206,0.64050608044077528,0.74228848889687948,0.19687498614497123,-0.056035920896118432,-0.21050543038629307,0.97598536840836159,-13.361112432536398,-28.465108023680138,0.70129303356816863,0.3628348960483827,0.4660282715383204,0.8857142857142857,True,5
-0.33077248172130963,0.94368735460999764,-0.0066137799411281131,-0.9405622823909956,-0.32908894128371841,0.083922950783451453,0.07702050557719102,0.033980074660676832,0.9964502979309543,19.644086857523114,-8.831654272298767,1.3653718883324768,,0.1775309561497118,0.84,False,3
0.72906896995647641,0.68395220930396161,-0.025842067154779123,-0.67510258320757155,0.72482513591149034,0.13735000727103439,0.1126718207586358,-0.08269158203299265,0.9901854185291834,-7.7928984180454313,-18.148172498693963,0.059552957626837079,0.5499414762760342,0.54601778359032,0.9815950920245399,True,5
0.99396559142885821,-0.052889453766520898,-0.096099473129461571,0.076370358091591192,0.96254048618193599,0.26016029840389743,0.0787398975135426,-0.2659295360446482,0.96077131014546613,-10.48570974698959,-11.381321999521226,-0.78867652360415941,0.9076896621559805,0.7082546629945111,0.6,True,2
0.36360962374546879,-0.91659625690206259,-0.16625084466794943,0.92865871782635567,0.34260780526819934,0.14217199996629659,-0.073355485989717154,-0.20608540366177239,0.97578059986493715,-5.7557385493528717,13.978476516771398,-2.65446890241628,,0.6271855834750797,0.7272727272727273,False,1
-0.30408447017995277,0.95125043684115484,0.051529034581387662,-0.949230463258255,-0.307126588329868,0.06807926529696641,0.080586367444477544,-0.028211082048872786,0.99634831872781093,-16.891553754664525,-5.3589784211471967,-1.7903240707639791,,0.1793461087556248,0.5555555555555556,False,4
0.35763365722026574,-0.92537898212722192,-0.12558625187673081,0.92853464968224519,0.33801948049735353,0.15351298037550704,-0.099607085906220444,-0.17151259499374175,0.98013359201477446,-6.8322110597690306,11.438843361296049,-2.5358736169658953,,0.1521860748815819,0.2380952380952381,False,4
-0.76324423958713294,0.64482398776710603,0.040746233411048181,-0.64549038198654507,-0.76375579903447166,-0.0043870495872573023,0.028291297247112872,-0.029649692095267639,0.99915989624220425,-0.56355028666184903,-5.0469405407032975,-0.66727163635401543,,0.08319237517582168,0.3888888888888889,False,5
0.33331067208807214,-0.92770501898559665,-0.16812909807981358,0.93964889744958413,0.31225930336895347,0.13983589303650484,-0.077226584761845532,-0.20459111712992295,0.97579635651992047,0.12491522900301667,2.8547310113900894,-1.3842846674291127,,0.06900124429473284,0.2183908045977012,False,5
-0.34439901948765106,0.9375670797754535,0.048551892828924074,-0.93531825862409312,-0.34711874409885835,0.068471399720056447,0.081049802346069677,-0.021829988927118391,0.99647096351228581,-20.534251353868196,17.613767691397818,-4.0252204197402204,,0.4380761266902278,0.8823529411764706,False,5
-0.54208702882028392,-0.82381287910536627,-0.16575280813586166,0.82451536068827469,-0.5595186851087931,0.084340150599883784,-0.16222229555113785,-0.090946034736288095,0.98255419473526484,-25.31777037268435,-4.380343947726816,-2.3995202583830282,0.814523026851818,0.7218273811365296,0.9767441860465116,True,4
0.16826075927743697,-0.94787990758285146,-0.27057715662654458,0.98216350042901279,0.13784092388439301,0.12788564472889749,-0.083923627855385693,-0.28726914297122508,0.95416626653019354,-10.159748875375564,-6.4869175593857191,-1.2523341740089076,,0.736179903999455,0.2333333333333333,False,2
-0.5690421407089058,-0.80128205107107664,-0.18476503113076836,0.81392173648352284,-0.58084517891940035,0.012259078502721274,-0.11714285713210161,-0.14340834270508021,0.9827062624535926,0.39829856436279226,-3.4305539090555,-0.74826665621519373,0.3944715924806436,0.2175483219972259,0.15625,True,5
-0.79406638977569333,0.59923497812894411,0.10186269982384388,-0.60763621917885857,-0.78682827297822933,-0.10807170760250302,0.015388104841751224,-0.14771157648912531,0.98891076260726274,-11.466096440915944,13.231368158080958,-3.0097940302871664,,0.4857711291283957,0.3529411764705883,False,1
-0.05008614249118739,-0.97621995040960596,-0.21091701390029935,0.99329419946605169,-0.070722555915512797,0.091460119133274426,-0.10420178327383872,-0.20492176191669775,0.97321583415782331,2.1604522259246002,-11.876915365585264,0.1981110642995817,,0.2740759486624528,0.3333333333333333,False,1
0.1248486032917555,-0.96440999722557619,-0.23307977927624285,0.98781561379396143,0.098821997677537438,0.12022697667279234,-0.092914688833129214,-0.24525001534431146,0.96499704174295675,7.2825755698577117,1.9497907121073814,-0.76406249324886077,,0.1261474117409047,0.1372549019607843,False,3
-0.73933109719188528,-0.63847982192785468,-0.21385285996689044,0.66412047186863221,-0.74383381817207839,-0.075201394857630346,-0.11105641615876474,-0.19762279204211983,0.97396699353491878,-25.864251352465473,1.2387701649887004,-3.0614848767096978,,0.5156287812318336,0.1875,False,1
0.71515845996981398,0.68484763248196667,0.13975728037369295,-0.68988747409126838,0.65950348760267719,0.29851368968922776,0.11226597982280824,-0.3099013877409269,0.94411730184902032,-11.641687791172641,18.063719770259826,-3.3913802052813331,,0.3455233980652129,0.2380952380952381,False,1
0.96366675227291987,0.26695967220756117,-0.0088839168498637683,-0.25912558606732433,0.94242266370744043,0.21140826278988969,0.064809885118162908,-0.20142506384609851,0.97735746912046784,-1.5448635400750719,9.9756184635851053,-1.9823957625914728,0.1927767568421682,0.1233740951469839,0.3125,True,5
-0.1444460794873311,-0.98214361832500285,-0.1205373100090182,0.98374885158411673,-0.15566408776715385,0.08948122030096993,-0.10664673988299175,-0.10565322883419306,0.98866772381282797,-14.629858559076856,5.8076908082994958,-2.7552036379247369,,0.06977006775985983,0.358974358974359,False,4
0.94971551057585279,-0.30113173700887275,-0.085791176339219732,0.31220391146295101,0.93159276699208537,0.18618172347269837,0.023857213560720375,-0.20360401138987802,0.97876260651246216,-30.467377685322493,6.2141083005763962,-3.8062011461163654,,0.06578263308634572,0.1,False,1
-0.63816518936115185,0.76968103923970832,-0.01833818209440756,-0.76874832027574613,-0.63572818855494828,0.069826143741886795,0.042085759597088136,0.058658060925386765,0.99739060589500705,15.111951741478963,-6.5039015732784584,0.74884778755787929,0.6051402698431043,0.5362790647298434,0.9811320754716981,True,5
0.61469204106705755,-0.7807324648514633,-0.11229654035532349,0.78779071490088159,0.60059527788008626,0.13664223982393223,-0.039236260840885509,-0.17245906910076314,0.98423492384700784,-11.437025911845463,7.9655873371539823,-2.6374384460450564,,0.1259761464206354,0.6985645933014354,False,8
-0.36837367772969665,-0.92500391095170909,-0.093105307474603466,0.92240540693912387,-0.37615656393159569,0.087604250243036946,-0.11605644663424289,-0.053609739182523659,0.9917947857593401,1.5224277773869892,-10.126461031912818,-0.010713082052841411,0.2375629652269828,0.1585758033461722,0.3888888888888889,True,5
0.78292765701501577,-0.61448306016696108,-0.09713316966321954,0.62184871909483608,0.76844899349446083,0.1509646149183993,-0.018123312089357108,-0.17859650938693103,0.98375547388246543,13.41025810514825,14.062040866259265,-1.1489966641964278,0.271840301077579,0.2097999927203812,0.72,True,5
0.94656045202564176,0.31897813951441906,-0.047710137003917706,-0.31029814737905481,0.94099999163775072,0.13503360867161748,0.087968007787713146,-0.11301310653934329,0.98969170318649646,-4.5344833067351091,2.3127867524478019,-1.6931268097156413,,0.06998199339240768,0.24375,False,5
0.95505928669286544,0.29620604077441542,0.011123862209689167,-0.2839162754501911,0.9033614482201372,0.32144928434219117,0.085166351549223682,-0.31016136973898123,0.94686145622547779,-2.0827039171860915,-1.7984015311992265,-1.1075608228153042,,0.1209234042915727,0.2242990654205607,False,5
-0.15146585069459759,0.98269047465002179,0.10666549163378106,-0.98315335466587683,-0.160941911866788,0.086643996987067484,0.10231117867854797,-0.091744929215610463,0.99051264034369002,-19.073206592256728,8.0766764827163975,-3.2564988550469574,,0.5424333870173781,0.7916666666666666,False,4
-0.079316424014388612,-0.99143996233016662,-0.10370971977750042,0.99197542624532864,-0.088775820870937661,0.090020038625241591,-0.098456379209112141,-0.095737425928678233,0.99052545987954421,-15.968123130456998,4.4719379533330477,-2.7674864513157429,0.3543558155024207,0.3210955996747275,0.7848360655737705,True,5
0.94999673849497179,-0.3089282307161853,-0.045492253356863792,0.31160451931631561,0.92845509621052147,0.20217259424155581,-0.020219307371064643,-0.20623889688242675,0.97829274607458649,15.316776485817853,-11.725434112457886,1.2778222841991673,,0.1937385823940351,0.1333333333333333,False,5
-0.039383028942872267,-0.95898688703429424,-0.28070113560076448,0.99643541113186984,-0.058665019848062508,0.060620845331353784,-0.074601933445094915,-0.27731311895130439,0.95787889922669944,-4.2371388037843181,20.471059707514293,-2.9896589429106655,,0.5435647187682544,0.3846153846153846,False,4
-0.12904166825111404,0.95605541982467657,0.26326086317345382,-0.98726069821258888,-0.14878208448000182,0.056393307249870045,0.093083627023027415,-0.25263001714295186,0.96307502969321701,-28.104137751815372,-3.8886773707628941,-2.603205635614795,,0.3726151584619784,0.1666666666666667,False,1
-0.12225437907816326,-0.96043592213846807,-0.25023330366328805,0.98648412555036979,-0.14530281120746696,0.075737461617945673,-0.10910058126946598,-0.23759194540480058,0.96521869576040997,-19.816702553785436,0.41801051123511485,-2.5846395546311576,,0.1565840916252682,0.3174603174603174,False,4
0.2623242648375968,0.9645254434041165,0.029608260730860932,-0.95826979457270112,0.25676548064638333,0.1256602115151193,0.11360009193221256,-0.061336424533257668,0.99163141445724079,-20.476797538606249,-3.0226517416567673,-2.2612081769609418,0.1470098369246949,0.1509627923296199,0.7123287671232876,True,4
-0.7937710744427422,0.60574518575051073,0.054774549912307159,-0.60564237720285574,-0.79547666075234347,0.020351735414381497,0.055899841807384373,-0.017019169732458147,0.99829131797663595,13.762878242744254,-8.2769485590529275,0.79526960602491348,,0.1705407969541778,0.16,False,6
0.68553797785418635,0.72629001487784128,0.050403325369860197,-0.71790014357339993,0.66285833532134963,0.21269276234113643,0.12106636517582708,-0.18199352071916292,0.97581826875671818,-5.8379509718862002,-31.240600125021349,1.5432954656017523,,0.7913575496803171,0.7619047619047619,False,4
-0.23021128501722787,0.97237900033978819,0.038494726248037341,-0.96934990300907742,-0.232623171162398,0.079039393814999415,0.085811012038138804,-0.019119098737762234,0.99612796882551513,25.883513605988703,-8.0991792965542455,1.7025585036574455,0.41156589969574,0.3241007529811042,0.6842105263157895,True,5
-0.11455997877952005,0.99340024058816301,-0.0056544903763909651,-0.99090524238427291,-0.11386409761486219,0.071706121703237674,0.070589035107460674,0.013817715937661817,0.99740977479111592,-1.0844670997329162,-27.703140562634914,1.5864186866779166,0.333111310277095,0.3265279069279741,0.8205128205128205,True,3
-0.5589304937206323,0.8292145066920511,-7.1278812525228663e-05,-0.82755427499022183,-0.55780597672503063,0.063296242188958879,0.052446402494537678,0.035437186983356954,0.99799477986815543,8.7918589490839523,-0.93811670249535917,-0.39610644305036091,0.6156247985423422,0.5302976855092979,0.9212121212121213,True,5
0.49525047644459297,0.86791451353087279,-0.038096755555706539,-0.86086244331628692,0.49617767303473942,0.11279880526558388,0.11680247972074666,-0.023067595980052431,0.99288723767947795,-22.370535704264306,15.69065966524813,-4.0249337178387465,,0.1372260151890864,0.4375,False,1
-0.28764279287218181,-0.92503647727974647,-0.2481312947021585,0.95102313858491816,-0.30649856641060896,0.040169872595444203,-0.11321048354628577,-0.22442402832611261,0.9678931975817876,-12.954097337834432,8.3654415360781513,-2.7937373328423534,,0.2451618904421448,0.1384615384615385,False,3
-0.37521011340857902,-0.92180995154414769,-0.097384721748831171,0.91958242203040963,-0.38338269104772066,0.085941150199967162,-0.11655702419248042,-0.057307289581554288,0.9915292908796034,14.989473766613427,6.5849299575744453,-0.41157865154432011,,0.1281956468059089,0.3703703703703703,False,5
0.20079858360351702,0.97885981187746651,0.038902410131414975,-0.97333244732974922,0.1948533956696249,0.12106238545104611,0.11092283713420965,-0.062174133586468845,0.99188230214822837,6.7999203906239334,4.4840650559524766,-0.95780760267295373,,0.07291368667453255,0.2777777777777778,False,5
0.78828016209360763,0.61518484158210462,0.012727793888855088,-0.60611744894763253,0.77276577610804953,0.18829416708262187,0.10600011382489263,-0.15614309451181402,0.98203019806184422,-7.9904795087463834,-2.8828921071954423,-1.4460715471551189,0.5954838250971186,0.5033205197889843,0.6739130434782609,True,5
0.25569657432195447,-0.93127037430260562,-0.25952794035768439,0.96303829267639918,0.2218395357613101,0.15278896299187389,-0.08471427694871167,-0.2890029590151128,0.95357264063183234,-10.521140745801757,16.985738975880121,-3.2077464225150036,0.6687375847765831,0.3736578624882839,0.5526315789473685,True,5
-0.41507132393892338,0.90898135734023744,-0.038323466068308602,-0.90710639067588184,-0.41024783346232535,0.094099474676759567,0.069812549291393633,0.073821454519452837,0.99482490962684922,-6.0249409583286546,-2.5584795300855063,-1.3360343855455064,0.9076098318052382,0.6409214612694469,0.9828311142256482,True,4
-0.012584181444173913,-0.95154203870444332,-0.30726110550405183,0.9911520217733939,-0.052476277967150015,0.12191763607136016,-0.13213367516229285,-0.30300823227910206,0.94378318646773918,19.301550086423042,9.0602740185882311,-0.29262511150801723,,0.4621695759474054,0.2096774193548387,False,5
-0.37125578178029706,0.91849992943813263,0.13611401146408877,-0.92701819139654373,-0.37501046774818164,0.0021028312273397853,0.05297562944016114,-0.12539947647991001,0.99069094776523681,22.919486057803429,-19.322269292406148,2.6156568674731182,,0.4034107194517876,0.7777777777777778,False,4
-0.91492950613069846,0.39202048543495671,0.096041333866082129,-0.39877942764884,-0.91472428479613344,-0.065226151873804386,0.062281352710895646,-0.097976639070453203,0.99323794294265544,-9.3201198891711261,10.626136161438888,-2.6796727817064978,,0.2233266618711797,0.2173913043478261,False,2
0.99343886624024136,-0.09532077423263989,-0.063191526670860476,0.10436712205189369,0.98156245816431642,0.16013320878890047,0.04676240881209081,-0.16567767116336027,0.98507065046116171,19.701248666205871,-6.5901289460256764,1.0965804279636315,0.5605873923910516,0.5007631320169879,0.7101449275362319,True,5
0.89808895943079492,-0.42863440866596947,-0.098533063770932641,0.43972369060387501,0.8796173932356901,0.18142854637282591,0.0089048790120711402,-0.20626629687087436,0.97845537348667888,-11.591226984653289,5.5010460437569977,-2.5108969005112174,0.4725325905948176,0.4256169278267824,0.7010159651669086,True,5
0.5269484737190212,-0.83960540917792315,-0.13186380445128545,0.84807902607361962,0.50931041117140929,0.14616726927199283,-0.055563221461820675,-0.18885354630396212,0.98043208151773698,-15.872728792979313,-10.409366307575111,-1.2754332361270926,,0.1335913498007574,0.2222222222222222,False,1
-0.99699929642308538,-0.031161665359979909,-0.07086150960759284,0.037301768693789913,-0.99550567228438136,-0.087046163051211919,-0.067830531357120694,-0.089428222959062664,0.99368084008608926,-15.934420046366224,19.563514444410462,-3.8300768911193872,,0.3483219856161884,0.5185185185185185,False,2
0.49981268978342414,0.86607381090759328,-0.010170014329239925,-0.85794997111400195,0.49666642619464324,0.13131758510010946,0.1187818260380859,-0.056908831924749013,0.99128818345222824,5.3196262752092887,-9.6348082590791755,0.21543834836530584,,0.08846591447105222,0.391304347826087,False,5
0.95168962408711177,-0.29816269541723611,-0.073388462761248191,0.30611545777154975,0.94000932116508473,0.15058486854949885,0.024087048765781272,-0.16577539981638961,0.98586932749602763,-10.373143494104188,6.1832161502845215,-2.4525481857832587,,0.07754624578692561,0.3230769230769231,True,5
-0.62905018072398244,0.7773065742056896,0.0095057786498701571,-0.77566454506817217,-0.62843577284521157,0.058420826189191692,0.051384663619713264,0.029376335800385095,0.9982467867414514,-13.650154787064793,-26.578327802038579,0.48567753782884909,0.3693695308196863,0.2620737133000709,0.8,True,5
0.95523562427762843,-0.28086713850678641,-0.092943814307031108,0.29360875795833452,0.93857671969554257,0.18129434215032703,0.036315277241052227,-0.20046793198056695,0.9790269704591088,2.994695015788194,9.5674352954576189,-1.6307937085503419,,0.5829096352960572,0.9152542372881356,False,5
0.39121821513065891,-0.91288908852900585,-0.11654106655881125,0.91745581558038158,0.3769256436415826,0.12728662782522876,-0.072271257133947303,-0.15671812661610793,0.98499558079324345,-16.934731753568965,9.6289273659015713,-3.2031567368001004,,0.08752438625160211,0.1923076923076923,False,5
-0.35099024799034856,0.92817114423578029,0.12371003525873325,-0.93179692249488022,-0.3592651708096079,0.051797994866733081,0.092522111112666075,-0.097092039072143282,0.99096558714421024,20.797599025008914,0.097962754314580638,0.56952834870027136,,0.2058330544115658,0.1052631578947368,False,4
-0.976911938049986,0.21032003470101363,-0.037530631473296217,-0.20810373654493311,-0.97652855310130982,-0.055541154236289525,-0.048331150735907213,-0.046448551982023092,0.99775078646289017,-22.690890552634222,-18.520182467715145,-0.8750190392730548,,0.2124869522721498,0.3571428571428572,False,3
0.99562292228425786,-0.087574203963241448,-0.032645909734002235,0.093065650374069678,0.96106413015030223,0.26018171046193034,0.0085896066619759875,-0.26208108771647171,0.96500762801065199,-13.737966980974999,9.5947830358772599,-2.9376742340575479,,0.2209123167433054,0.2083333333333333,False,4
-0.61701021389817834,0.78609156284910453,-0.036857167047615547,-0.78578308087011806,-0.6128599802851229,0.083352230823078494,0.042934202724505918,0.08039091604385798,0.99583831762693276,-12.523817386846439,-12.095447443042092,-0.82949769381406313,0.283557969835428,0.2076728089074484,0.8536585365853658,True,3
0.13280368128051984,0.99112753281005994,0.0054218026693260285,-0.98508774024061441,0.13138672676809748,0.11108407652226639,0.1093861337920925,-0.020093325633360859,0.9937962225723187,-9.4664188078575151,12.255002451288378,-2.7987918654503696,,0.08644393424363646,0.12,False,4
0.064927915169022146,-0.9742988272285712,-0.21569923758055878,0.99010697567731376,0.03595439502922218,0.13562985730732333,-0.12438867531623014,-0.22237148364642603,0.96699450914364538,6.7422868288666828,7.5018505762197405,-1.1974655966520882,,0.0869047616141993,0.1363636363636364,False,5
0.23698234039817351,-0.96677677492419345,-0.095822950312446642,0.96709037135351039,0.2253513734160171,0.11812269949017513,-0.092604449000766476,-0.12066244638118473,0.98836480616145672,-8.2359332003971542,6.421103811647777,-2.301992558965305,,0.07497943898815654,0.3076923076923077,False,5
-0.40572273331723779,0.91304695000499558,-0.041645296927320406,-0.91182648043568904,-0.40120153746058701,0.087234144206985595,0.062940712149240519,0.073366159950186055,0.99531697128518315,-14.047280970913011,-2.6321219113030034,-1.8910005739677564,0.1852113117174894,0.1665405559862342,0.4482758620689655,True,5
-0.040137503013974327,0.98649505457585696,0.15879700296032731,-0.99402291625132577,-0.055570249388815024,0.093970151378385727,0.10152547866922382,-0.1540761327404212,0.98282914206933403,12.625307943445197,-19.263945762837771,1.8308078006234785,0.5283567666645903,0.2318682638763558,0.5625,True,4
0.45422817814569966,0.89017026248877484,-0.03568845694485738,-0.88307685340562403,0.45517775096331403,0.11396703912623991,0.11769466070158467,-0.020251390289204863,0.99284331494636824,-5.6484271576328178,8.1783312709016673,-2.2201668420710634,,0.06664458533016054,0.25,False,3
-0.47681404421874946,-0.87321251145186052,-0.10073865732525836,0.87142990586963021,-0.4846034465572413,0.075956689902151375,-0.11514463249239681,-0.05156946217266857,0.99200922585398033,12.865266890951668,-7.2259259600249592,0.61351704649172512,0.1922320287338622,0.1055306007383297,0.3103448275862069,True,5
-0.98855996677244073,0.13657507759572779,-0.064003439552831276,-0.14110658537673312,-0.98732722068397771,0.072621559194028532,-0.053274043005864663,0.080822072951477808,0.99530380731997403,14.063577889425762,12.994872370119721,-1.0083322837075763,0.2058413476995425,0.2492976328578984,0.4444444444444444,True,5
0.27498876615372841,-0.94410063965432411,-0.18181078266578599,0.95727258068403953,0.25125143835870772,0.14318491887485502,-0.089500752844701992,-0.21341672129188011,0.97285297877595811,9.5741129195983703,7.4797059564164776,-0.94140945900843542,,0.1056347722854172,0.4166666666666667,False,5
-0.67199169309549778,-0.68966087638451246,-0.26980555960764108,0.73019190013341495,-0.6777928180705165,-0.08612017621661075,-0.12347855437361946,-0.25488187726194572,0.95905592915805848,-13.514712267259787,-6.9298351186943625,-1.4353586602579698,,0.4874761558288399,0.225,False,2
-0.6333737939737909,-0.76270834119671804,-0.13081904821621179,0.76388528493291186,-0.64325894130044758,0.051934631027767533,-0.12376149873934482,-0.067036711628607235,0.99004503469479255,-14.844049567318365,10.123102849370117,-3.0901886231401146,,0.1038719702364058,0.1388888888888889,False,4
-0.82268634348835901,0.56826525170440301,0.016179738659358955,-0.5684125904025833,-0.8227192654723956,-0.0063353999389800103,0.0097111950643905542,-0.014408814173738925,0.99984902798598929,-29.073537264715934,7.9264971522856413,-3.9265237154122357,,0.1460510966004242,0.15,False,1
-0.71508496141570499,-0.68776004203757601,-0.125058476456304,0.69110708098589879,-0.7224383937959975,0.021301872701950039,-0.10499762172663907,-0.071196149797103786,0.99192066602416262,17.536218491778762,7.5914858364101487,-0.27921892891179534,,0.2749991432360488,0.1428571428571428,False,3
0.99559360559454269,0.073065030570776818,-0.058778174579947183,-0.065823833426941647,0.9909607110544526,0.11689350751618816,0.066787689376422779,-0.11250942384594433,0.99140356772285876,-5.12518674926429,10.949178529465085,-2.3467459496325973,0.5208779223535736,0.4556545527749026,0.8869047619047619,True,5
-0.98780915065765706,0.14581168054793542,-0.054516380041097573,-0.14446277752809214,-0.98911580271083088,-0.027936262036612772,-0.057996446321024915,-0.019720107593422256,0.99812200134584594,6.7514116312738341,9.7382950457906272,-1.3608371921260962,,0.2823078114189604,0.6136363636363636,False,5
0.74951282970589206,0.66100471019548024,-0.036101124714549487,-0.65245563058506406,0.74684095219615432,0.12856998965772604,0.11194716711070735,-0.072810474673158099,0.99104312043107201,-3.4263264613011346,-19.836012094657196,0.56057545446686508,0.3326934064399056,0.3075769572954642,0.8983050847457628,True,5
-0.95644247940404103,-0.26186903225619557,-0.12900540119178991,0.27940382970330924,-0.94921036852096885,-0.14468301987244647,-0.084565262008552897,-0.17442558939986469,0.98103232883729918,-15.500973294712084,15.845956749296777,-3.4850717626555405,,0.7097139066815314,0.5434782608695652,False,1
0.38639778814511611,-0.90158409583408705,-0.19453243291439548,0.9198661699977625,0.3612827589160994,0.15271213901854447,-0.067401621717949972,-0.2379514367449867,0.96893556810594328,11.801319854521557,7.4248796905573879,-0.75110755199063528,,0.5547456290852416,0.5,False,5
0.12688066870928988,0.9906440656971891,0.050255656465978502,-0.98535958810820323,0.12006331876146989,0.12104247854044348,0.11387615216152799,-0.064877843574865285,0.99137434270912994,-3.8236023758456441,-15.262536890524723,0.091122888162206747,0.6896760776236109,0.3328277989119303,0.1111111111111111,True,4
0.57238874301003595,0.81901582171554277,-0.039802143849358901,-0.81234557717886702,0.57299875859546068,0.1084761996292023,0.11165030279101099,-0.0297574600340011,0.99330191958890335,-1.9429271590060317,2.9812034669695255,-1.5511024973640306,0.2379986102901293,0.2355484392766093,0.8378672470076169,True,5
0.43737046619240394,0.86945343013973697,0.22969067922074332,-0.89169650505170428,0.38619344702019143,0.23607618337570643,0.11655221225363752,-0.3080671262840447,0.94419819292449136,-28.711305185057519,-2.4368042232271199,-2.7898686211610482,,0.6046584006207689,0.1,False,1
0.13802482573705732,0.99042876276514835,-0.00011561899029333134,-0.9848006157829039,0.13725292007455797,0.10643957480476365,0.10543668542716442,-0.014577442111116917,0.99431916583541158,-13.827814503953576,4.8651356488388497,-2.6444682584392991,,0.1170443162057949,0.2291666666666667,False,4
0.99289720278558224,0.088128793287364213,-0.07992784555009716,-0.062656300721396774,0.95841614015355781,0.2784110096118087,0.10114016353791927,-0.27142552954147431,0.95713052883744842,-22.383936270980257,-2.8015599427166946,-2.397403789837818,0.8189464808961634,0.4262812212412938,0.5974025974025974,True,5
0.28874431117603094,-0.95095761845107196,-0.11093390227223074,0.95391541858358064,0.27586816142685577,0.11807680423977532,-0.081682904894423355,-0.139915565327206,0.98678849690659476,-20.996468204813198,9.4977001467472988,-3.5304468081471785,,0.08469533152698556,0.3529411764705883,False,3
0.92401052845065801,0.38021007167915516,-0.040556685097145453,-0.37117611430661623,0.91738072669649706,0.14366939289232958,0.091830471416513543,-0.11769835886511107,0.9887943470913868,3.0788933580568116,8.5993168411351384,-1.564048094086431,,0.07724544811070862,0.3214285714285715,False,5
-0.56686629362996055,0.81125504554765204,0.1432754557476921,-0.82134209195688113,-0.57000658876913768,-0.022128188802204338,0.06371634897046613,-0.13022188692093453,0.98943543854090121,-26.874339903518067,7.1224641855526887,-3.7080728634118567,,0.4405329807222162,0.2666666666666667,False,2
0.99581699948549152,-0.047120753602580466,-0.0782824253306037,0.065415230417114584,0.96583440005206955,0.25076833792474384,0.063791466241123918,-0.25484023672879369,0.96487672921406065,-5.8457692571309208,-6.7190205512568131,-0.88400338079328478,0.2382428248191092,0.1645799843970626,0.3428571428571429,True,4
0.55587979491448758,0.83125124875032819,0.0043606257405294641,-0.82303959620269473,0.54963726609819907,0.14319461860909571,0.11663394312263564,-0.083187962873958757,0.98968494287048125,-2.3891408802498293,3.7396549704014843,-1.6457381277995651,,0.09017749273978554,0.2236842105263158,False,3
0.63000135017693248,-0.73624254165251424,-0.24707330619937207,0.77485892280186142,0.5746768088636961,0.26332530282633043,-0.051883991072217389,-0.35734225221107752,0.93253126824527099,-0.36150126776166014,17.075183976898543,-2.4695180338846017,,0.4502982658468577,0.15,False,3
0.59891642372418219,0.80002837319877751,0.035407901241844772,-0.79194090765413971,0.58514014104672474,0.17447238784333435,0.11886427628758747,-0.13253534401334299,0.98402523667327313,2.3149372545608173,-22.808563037854835,1.3389907080033483,0.456969126830888,0.4017875888631616,0.4594594594594595,True,5
0.8179055611988717,0.5752594671645973,0.010345936277729138,-0.56323799428753119,0.79688384361393039,0.21849279525432475,0.11744553951052469,-0.18453369671849337,0.97578371580206713,4.9560255431390221,13.634790265086268,-1.7692729095758746,0.5528269178397267,0.636734112971878,0.5703703703703704,True,5
-0.62967365928042307,-0.74221675145678545,-0.22940221591200749,0.76303448818970165,-0.64634991782855544,-0.0031864645142917342,-0.14590905606398452,-0.17704823517888321,0.97332649700835783,10.287035188167012,-12.064533010807692,0.89154364072430203,,0.2065734938389074,0.3636363636363636,False,3
0.81379307274098434,-0.56904323763802223,-0.11802808334131348,0.58104939810607759,0.79282207534402083,0.18388788379815588,-0.011064886775369806,-0.21822683278102251,0.97583534355700163,-6.1675199003045398,3.2904363052048899,-1.8619751023507842,,0.08746094954226022,0.3504823151125402,False,5
-0.89752612191287973,-0.42242457376207015,-0.12650826046531854,0.4302871480305514,-0.90172564527047394,-0.041759201396612322,-0.096435629949526092,-0.091914852681608455,0.99108618653109937,9.0563449215754339,16.425074428176089,-1.6610957026930506,,0.2126030217598047,0.1428571428571428,False,5
-0.99531043855066348,0.082367924155210964,-0.05072135627571208,-0.080695246730855666,-0.99615225216900682,-0.03419016896217783,-0.05334236653104768,-0.02993685970467428,0.9981274349319782,-15.871515439323028,-12.710095280957439,-1.0299579381616248,,0.2476319260089167,0.7285714285714285,False,2
-0.22688262385424049,0.9734037271555952,-0.031771983768922166,-0.96989220861258107,-0.22285893656032457,0.098198768158323721,0.088506376412246512,0.053094993688657693,0.99465951107882955,3.280146457106063,-15.189645903743182,0.66483657256558704,0.5425241891890449,0.3704159642377942,0.8333333333333334,True,5
-0.82195462663695096,0.56813871615450129,0.040112229512011446,-0.56909032021130179,-0.82208572385872558,-0.017642847544317358,0.022952106480831222,-0.037329101703481915,0.99903940811867009,22.363325068603245,3.5153960156472333,0.3925351135935724,0.4284537466028345,0.3903456120530809,0.4333333333333333,True,5
-0.54970802111758288,-0.81803869581782807,-0.16921519926903747,0.8284965334761808,-0.55979839939196963,0.01480695971974863,-0.10683906372177054,-0.13205470147956783,0.98546789408899549,8.1441823937464761,-10.63786326910582,0.5590233029184799,0.4531921967093589,0.2054448604910505,0.3157894736842105,True,5
-0.63938405138808241,-0.76489221247834294,-0.078281147925580871,0.76023810298013661,-0.64413456901897759,0.084431533042450185,-0.11500461559313294,-0.0055281357364625264,0.99334957497728571,-26.42087757848136,8.1870991602174534,-3.8042904881888298,0.6738185028033967,0.6107568927652108,0.9894179894179894,True,4
0.093349932411678965,-0.99091743687293599,-0.096790616383549744,0.99085865632969561,0.082952862733354199,0.10638583430538422,-0.097390519534738762,-0.10583693053709475,0.98960276416309623,8.4263334308454354,3.3705042330281181,-0.77857260731777111,,0.0888597275566482,0.325,False,5
0.93800510127862191,-0.33255585049909708,-0.097739635123647639,0.34606740233273503,0.91444003166810506,0.20984942584030986,0.019590380750625924,-0.23066433357079069,0.9728361538308431,-7.821552705681218,-9.7356744658810062,-0.74032071405531286,,0.07525605041767203,0.3125,False,2
0.99705344157115761,-0.066763199046257549,-0.037777108203507437,0.074885437727698748,0.95389770710726662,0.29063952861204118,0.016631472197032704,-0.29261209754316087,0.95608658316281681,-4.3945133795128424,-6.6188677238528744,-0.79087934779806346,0.5035154869541456,0.2670160445578664,0.4425287356321839,True,5
0.10194821064929017,0.99449972544970477,-0.024017877214079959,-0.98926911830041209,0.10389294429561384,0.10272715173076187,0.10465741217197413,0.013287294910971144,0.99441956631565476,9.5363081870320237,-9.6194039537481011,0.56809739067936571,,0.09728339707935904,0.391304347826087,False,5
0.79922264949611754,-0.58793864915395055,-0.124785020589149,0.60099578923415697,0.77938302151403005,0.17710496068285145,-0.0068715249558778113,-0.21654156784943032,0.976249215896275,-14.297341179093031,6.6551898068102249,-2.8136679661347896,,0.138705964196798,0.2112676056338028,False,5
0.81358568517635965,0.56757586103906021,0.12623777105875744,-0.57246706426865901,0.74391091514811314,0.34478690614801522,0.1017830693373751,-0.35278065747609599,0.93015375852973736,-18.239888665373819,-3.1172347079223575,-2.1185275899400313,,0.438473495497549,0.1851851851851852,False,2
-0.71409132677618059,0.69931802593464731,0.032060499464346519,-0.69990208428051848,-0.71413823162861234,-0.011985764312117647,0.014513767354530409,-0.030998140738237187,0.99941406125186771,7.498184013477621,-23.37590091089454,1.8435313661992041,0.4852752305149171,0.5788684571602962,0.6666666666666666,True,5
0.85022258687839136,-0.51561062871317476,-0.10614722002870028,0.52638764979389652,0.83035396889477742,0.18283415568528105,-0.0061314685251517495,-0.21132431449952924,0.97739676651553797,-7.9129974254079265,14.723627326170497,-2.8622194705589701,,0.1349923380858248,0.3333333333333333,False,5
-0.48624275910881509,-0.84862823916282437,-0.20832208454614665,0.86483696216993033,-0.50146945386230368,0.024195365418400644,-0.12500003231573115,-0.16839981751310759,0.97776095922399087,2.3655348127987041,-16.119529116087364,0.67714952686934871,,0.7989900877966308,0.6166666666666667,False,5
