axis_00,axis_01,axis_02,axis_10,axis_11,axis_12,axis_20,axis_21,axis_22,location_x,location_y,location_z,dbh,dbh_approximation,score,reconstructed,number_clusters
-0.88961116760427961,0.44297612023058025,0.11119409777148087,-0.44504254718965436,-0.89548314714199184,0.0068603480683465945,0.10261141098676752,-0.043383062249421733,0.99377502899054981,0.78339513577100073,9.1116533146054195,-2.1365870838525338,,0.09389175985261261,0.16,False,5
0.95870879207110449,0.2727747572455273,0.080444911680017092,-0.28055814770747811,0.95344125926223,0.11062048133777262,-0.046525022950140105,-0.12862230345509751,0.99060169861220804,6.8108757053715649,3.5706115766047941,-2.2215666083821097,0.4651394054766514,0.4402309605091924,0.975975975975976,True,5
-0.34302174505222083,-0.93186126249698975,-0.11819758829538432,0.93712964962742773,-0.34810182836652442,0.024761600858127494,-0.064219173231238255,-0.10227269696941906,0.99268131504733037,-8.2241646980233583,12.297010056225664,-1.5868239652986653,,0.5102127870143907,0.5277777777777778,False,2
0.7898716625295934,-0.61318176072558439,-0.010530196874215178,0.60555470578399218,0.77710144527200808,0.17151338740465832,-0.096985849666846174,-0.14185017472541248,0.9851255112394417,-13.54179581394984,14.958364420124713,-1.3161402722680096,0.3743858478995802,0.1901132066028592,0.5625,True,5
0.64631357221793284,-0.74616227906520993,-0.15975174386249211,0.75821343004965036,0.60438047511219972,0.24461528119783596,-0.085971860857139051,-0.27922409388046077,0.95636956483223412,-8.1302024323294475,20.719320125662538,-2.3091482971560597,,0.3989227325888532,0.2941176470588235,False,5
0.27721805267805927,-0.9607499992757057,-0.010468531946618176,0.95794085141450025,0.27553372080184113,0.080190360345594153,-0.074158455085363464,-0.032258449944560785,0.99672459383047607,-11.763960060584214,16.17825819299162,-1.5719958261695861,,0.2161176357807764,0.4545454545454545,False,3
-0.75058024455834971,0.61894290890105619,0.23138490011197296,-0.65102305168612917,-0.75262893002295916,-0.098583365056057637,0.11312949505769243,-0.22463163003814754,0.9678545077305768,-14.02679293472127,-16.931431123144751,1.8541341989580702,,0.6205640975931057,0.5517241379310345,False,1
0.012245993808331648,0.98748733280015943,0.15722214600645251,-0.99616333051268624,-0.0015775596896884375,0.087499315696175486,0.086652493198521502,-0.15769045267438814,0.98367935149510377,-8.1320658773093264,26.257382500355863,-2.7479156678361405,0.4627264927405702,0.406759654485792,0.8275862068965517,True,4
0.96743531359667778,0.23529278870588716,0.093307114354174131,-0.24878863167699308,0.95181225585649509,0.17932553178412064,-0.04661685054125457,-0.19669960138336562,0.97935495917529192,-17.844355049194728,22.289181200920236,-1.5506538046981222,,0.147999075049565,0.3,False,2
-0.65013783550816018,-0.75980370270218056,-0.0043735798632039691,0.75929526057251184,-0.64989438333876193,0.033286600560150759,-0.028133647344150789,0.018320039977734973,0.99943627811998514,-19.608136387617506,6.8714578944047942,-0.046610273170156341,0.4915768344096554,0.1903859089073245,0.2337662337662338,True,5
0.61951710266223703,-0.78396491103436383,0.039969710730382912,0.77678079745346462,0.61959004157118003,0.11278197149094468,-0.11318194297920448,-0.038822656435473897,0.99281551616135955,2.0167382333468273,9.0823874064256547,-2.2526695849677232,,0.0744006649052946,0.2972972972972973,False,5
0.68761744449805551,-0.7259958583888273,0.010595452998032676,0.71551968351867568,0.68002976643467972,0.15997218276978487,-0.12334436557580608,-0.10241840833104593,0.98706465700866686,3.7592329872859995,-10.652203739480809,-0.60304426393988553,0.4979201537159622,0.4509270941820023,0.7246376811594203,True,5
0.47954037816434408,0.86997362646070264,0.11483429353991996,-0.876838397579913,0.46989129501139604,0.10176735921701209,0.034575283650161243,-0.14949267585847736,0.98815812986848606,-6.5135329592047082,18.582927150336914,-2.2476281976225683,,0.1147102780819702,0.4761904761904762,False,4
-0.57245229242275431,0.80601861204402936,0.15044058607486221,-0.81432507325487724,-0.58031384810598763,0.010512505165652636,0.095776030239148463,-0.11648963359473508,0.98856315797049221,-4.5170835312904156,15.089450584925022,-2.125833159966922,0.4250144084359382,0.2041933806766365,0.2105263157894737,True,5
-0.91372532717989519,-0.40353347743556012,0.047610493158114338,0.40484856639698902,-0.91412201266165649,0.021876568599906589,0.034693872028031592,0.039264214702039307,0.99862638493459399,12.365410853706177,-2.5627423013984001,-2.0769249917786508,0.1883131224651852,0.130835945910932,0.5384615384615384,True,5
-0.99689479928653091,-0.033780613427731157,0.071131071353621178,0.034390024115493516,-0.99938138747808569,0.0073599323171217729,0.070838445753725665,0.0097832775092514916,0.99743982379107654,-4.2581660214078187,-0.12207916054365917,-0.90908828812780451,,0.3258465408166318,0.3164928292046936,False,1
0.95376275271920574,0.27421365364168532,0.12305886267132957,-0.29897458707584179,0.90756991402567821,0.29484071536721895,-0.030835171611542971,-0.31799956495552201,0.94758929335434428,-1.804290202741694,-15.726067014613108,0.53207853785012404,,0.1469082701209335,0.5,False,2
-0.31195766798894725,0.9382081972429801,0.14982587229505634,-0.94367842807144564,-0.32427149104517489,0.065719285509994091,0.11024263138869014,-0.12088580860223436,0.98652581491975189,-12.969693300743705,-4.8848888415661724,0.33422816704842528,,0.07796204158826817,0.3529411764705883,False,5
-0.48867339975213253,-0.8567125881232992,-0.16505105187720484,0.87150631303795834,-0.48819544362512524,-0.04628126142028495,-0.04092743223900229,-0.1664594550476074,0.9851985561883333,-16.759973978763671,10.71674351288862,-0.66706048738065415,,0.4565235974280739,0.4090909090909091,False,2
0.49256949736480132,-0.86747391701702348,-0.069744487674159958,0.86304873738124266,0.47660459215597833,0.16731688390738697,-0.1119024895631528,-0.14260808543339171,0.98343315319272839,-20.217363821017802,2.2492427465035227,0.41203980750977354,0.5337703600712377,0.3338178363812334,0.3846153846153846,True,4
0.86552111669349108,0.48609533012465772,0.1207664133302436,-0.50076962244792933,0.84469854201914218,0.18898189951445826,-0.010147994432872384,-0.22404397591038774,0.97452620029799863,-6.5409672353924817,-10.859228030455956,0.34721758386955154,0.2656643264690319,0.1815601098054971,0.1454545454545454,True,5
-0.97835919047320574,-0.20344906397643947,0.03770640242351566,0.19638688659461837,-0.97042114707587712,-0.14041007115449849,0.065157387841180678,-0.12996644057236234,0.98937517612615711,-4.2098752546473932,-12.458762359917753,0.31625918638058192,,0.6354311305054382,0.5185185185185185,False,4
-0.73169043286524293,0.67555452646398573,0.09085808839884342,-0.67201520871696618,-0.73724222043250232,0.069781571097567732,0.11412567505414631,-0.0099995092765772717,0.99341599549617765,0.11454440255357889,6.2060000574291054,-1.8338297677667474,,0.07026618833655973,0.3775510204081632,False,5
-0.23876059025539756,0.96332989726808105,0.12242912059783986,-0.96692843466243117,-0.24748659123760053,0.061642431805139626,0.089681563223176441,-0.1036624145341942,0.99056111423313298,9.2742988593723226,13.393534622122027,-3.255747397898928,0.1712229919394148,0.1190470381823808,0.4117647058823529,True,5
-0.58188419486140663,-0.8110927148134931,0.05949278735249787,0.81276917437961571,-0.57739554578735908,0.077592866187524062,-0.028584138062392177,0.093503966126548071,0.99520849844132397,-13.855118066318274,9.5699690480770592,-0.85020053720175048,0.6638723443475774,0.5700769832364875,0.9901719901719902,True,5
-0.36788968893233726,-0.91886630706060879,-0.14262498563038803,0.92825724318392699,-0.37193430262420796,0.001834395819138801,-0.054732689079245542,-0.13171782066312937,0.98977509994236135,-18.643355523375462,18.808492048570038,-1.2046157837338034,,0.2224515121459071,0.1904761904761905,False,1
0.49740815564135821,-0.86593488314196887,-0.052363201385774952,0.86086027447211944,0.48522870214298025,0.15320801040554827,-0.1072600323384709,-0.12128431380250292,0.98680565497376749,3.1582911092119303,-14.441190018303134,-0.084145051712191068,0.6597777550042548,0.5405663939743525,0.4,True,7
-0.74979517521012173,0.65202124847661491,0.11258546427766628,-0.65056181171710914,-0.75750473417671671,0.05436825208899726,0.1207332777943752,-0.032478750512552702,0.99215351957152664,15.485339365373425,-2.3927937711106577,-2.3473541813524359,0.2512744676040307,0.2109597788687039,0.7884615384615384,True,5
-0.93942493018702089,0.33040631999850717,0.091172716577680307,-0.32982485532225686,-0.94379015584898962,0.021810697700694034,0.093254304751910932,-0.0095815148897658332,0.99559621796070197,8.2576687358983936,-13.454589311766082,-0.66059822827536652,0.1575832477641126,0.1295396191262365,0.4545454545454545,True,5
-0.96506553000767337,-0.25598331423766196,0.055866498215931495,0.25736348948272719,-0.9661284133687621,0.018971641015801934,0.049117787738074514,0.032686873718062864,0.99825798830475521,-18.5647136945779,-4.6688592902949599,0.8936257422010413,0.4150518970815048,0.3269810565844555,0.9281045751633987,True,5
-0.29647428313437735,-0.95374305013733351,-0.049771415036057906,0.95280158992330022,-0.29894385517196642,0.05293110328108365,-0.065361530578678106,-0.031729572478317522,0.9973570597086856,3.882439573323341,-8.8422449609870917,-0.7802809040251053,0.1496827370742046,0.167257649968836,0.2142857142857143,True,5
-0.43054224091374615,0.85944737099836976,0.27565122033642508,-0.89655649796649683,-0.44243725876143664,-0.020873859578823969,0.10401838656228321,-0.25612397104460216,0.9610310539796949,-6.058627021135587,12.521635802656913,-1.7754423708830287,0.4812016645321234,0.5187163944585402,0.1481481481481481,True,5
0.89113495831211731,-0.44937503606135354,0.062773904123582386,0.44144830583859607,0.89064186284523772,0.10899754776964804,-0.10488984386628053,-0.069420091561598452,0.99205794767306044,-10.240423897946274,-2.5077912316841844,-0.15869950507780717,0.4661594224148877,0.3932606618944611,0.976482617586912,True,5
-0.1439257111528022,-0.98536100580379815,-0.091373288823849541,0.98382410007134913,-0.15242773953261785,0.094105920853982811,-0.10665612869385356,-0.076350982065084477,0.99136017559196743,-17.132002989616506,25.571148609238552,-1.9184652424059521,,0.2372542371903939,0.2666666666666667,False,4
-0.84369442115914239,0.52334253916441531,0.11955045129936596,-0.52426592177532949,-0.85115342705314156,0.026135930837768065,0.11543382073726811,-0.04062548850949263,0.99248405665449435,3.7192725622804739,4.103866271596126,-2.0140674059359176,0.5097422797053239,0.4921501134533118,0.8591549295774648,True,5
-0.66499261169139423,0.71603080868910185,0.21233159775193278,-0.73078782453261548,-0.68248518630447363,0.012772078524443037,0.15405837176455209,-0.14667600854597257,0.97711420346153821,-9.2975492714848382,16.372982576050603,-1.8259222576338023,,0.4750871405517384,0.1875,False,4
0.83998652156155684,0.5331959251770243,0.1006218115993369,-0.54243736263657694,0.82979906087714717,0.13113056921739707,-0.013577599596027161,-0.16472894081496722,0.9862454181628364,14.266605987699538,4.520535762511571,-2.8580913280979758,,0.08559232535109232,0.2380952380952381,False,5
0.99117280862951873,0.092639954583169953,0.094838295262517164,-0.11656692454052694,0.9497354634233458,0.29054208235504669,-0.063155486987555617,-0.29903242020033838,0.95215072133170897,-11.128008745749035,-6.7496768196871804,0.32031126269806415,,0.2596823407074595,0.1428571428571428,False,1
0.52271934885443272,-0.84412891302198312,-0.11920931395458581,0.84493268142517264,0.49439015467824443,0.20412530175578208,-0.11337215792629754,-0.20742409010900043,0.97165940568163456,-15.554968663996153,-4.4988002555615392,0.56675150384588857,,0.234389775191868,0.2857142857142857,False,1
-0.14145574089155141,0.95586626098685956,0.25750721247340402,-0.98513125192735462,-0.16154227636156351,0.05848512138969135,0.0975022555886014,-0.24540534642693679,0.96450480874913713,-27.44946455348342,10.141639038481355,0.34408032301214947,,0.1486777732267259,0.1111111111111111,False,1
-0.93010254806234505,0.34936954761429034,0.11335858718120745,-0.35214694480187803,-0.93593230811295614,-0.0048211924933503347,0.104411586304568,-0.044403083565683711,0.99354244338891873,-18.805469386820825,-2.6208189591644109,0.71686430519095479,0.6286107028617404,0.3910326613749287,0.1707317073170732,True,3
-0.97752739815182488,-0.20798886304297445,0.034363042831119198,0.20889427561936916,-0.97761241629727214,0.025241733594726777,0.028343737861856233,0.031852729105978819,0.99909060458624988,-23.689455592205732,-14.375953443998533,2.4444079639462415,,0.4731953214692541,0.7,True,3
-0.96564752426946676,-0.25762071024400657,0.034006301263498628,0.25686822477624233,-0.9661236823340541,-0.024974898069675552,0.039288343978233928,-0.015381810253103468,0.99910951648995217,17.071934733139074,15.954727789071347,-3.9598375218057691,0.2786819664472338,0.319155923548258,0.71875,True,5
0.43832205536539937,0.87654559168509993,0.19885070147643408,-0.89583938413455855,0.40804782226047326,0.17597946636440329,0.073113429776387601,-0.25527397134432511,0.96410042316162781,2.9764382373468474,-7.4079116355374266,-0.85139518703198835,0.6129585880074843,0.6640840930972179,0.7850467289719626,True,4
-0.81595742432507012,0.52632930690462953,0.23914627821082707,-0.56743683807084111,-0.80828154094850579,-0.15715083633909122,0.1105844314945106,-0.26392879959413684,0.95818196197582139,-9.4732560670746029,-7.8172193057914834,0.2503201828081798,0.4723085899106405,0.2833856756991399,0.1855670103092784,True,2
-0.25265740394500719,-0.96744460637208418,-0.014668668423969355,0.96406079735500416,-0.25300325043300448,0.081093367629958626,-0.082164561916940243,0.0063473515655953494,0.99659856305992112,6.6988789255847845,-7.0782296124462292,-1.196849394959137,,0.117972356898853,0.1666666666666667,False,3
0.73370442114357759,0.65688625934067979,0.17371892436858194,-0.67804790401859694,0.69131039500465441,0.24968175266626236,0.043918814309537799,-0.30098235836659598,0.95261784452199227,-20.585555253371993,-2.048942046551554,0.8195915062715764,,0.1968249688595197,0.1,False,2
-0.78973746412456258,0.60310398406207688,0.11216203531746108,-0.60315450418106353,-0.79674948211156305,0.037348451655344395,0.11189004354365406,-0.038155565300571646,0.99298780002193021,-14.079587482385787,13.129967498289897,-1.1070537939165832,,0.07598705023413398,0.3478260869565217,False,2
0.38860277386233633,-0.9208025348078428,0.033325306269415732,0.91543059949945516,0.38994245468384847,0.099657912556926687,-0.10476021022586338,-0.008220336160237679,0.99446353599659298,-10.04517695019925,-16.115791306771275,1.3167110242210773,0.2190821787357015,0.2612919495842894,0.6666666666666666,True,5
0.10352429191971865,0.96153102990206452,0.25444213392831638,-0.99073254166249491,0.077072129144911308,0.11184327337860916,0.087930380833322219,-0.2636625977353339,0.96059891873870107,12.127977902817834,11.143437134112419,-3.2491421767139785,0.1642205592477708,0.2159232940074116,0.4782608695652174,True,5
-0.55358924480037841,0.82738603866387994,0.09471689957678249,-0.82442393364723976,-0.56055264458830922,0.078140324254916974,0.11774602189015765,-0.034829235839225432,0.99243276782858048,-2.1570855635349413,6.5600293865449855,-1.6479633462908041,,0.0697313338924935,0.2833333333333333,False,5
-0.76079248225344576,0.63370585691209036,0.14004172900229758,-0.63670488409102866,-0.77059644302391728,0.028071561650811365,0.12570477127487795,-0.067808619763263744,0.98974759487686104,12.942254728159124,-12.582397734591309,-1.0769237864585359,0.3521014071075492,0.2847218750178053,0.8333333333333334,True,5
0.12659723231122316,0.98238472107311892,0.13745326686998094,-0.98876803190816798,0.11387590563711486,0.096799055738042844,0.079441298123759316,-0.1481638887091552,0.98576698171271415,-5.6290968923594145,-6.5272496331624277,-0.21070142335801595,0.5758786378351355,0.5886961779493846,0.7600950118764845,True,6
-0.99649963891551285,-0.048217722762385784,0.068289976225377733,0.046178898126816137,-0.99844811590948601,-0.031126663884700631,0.069684854947442448,-0.027864153466554239,0.99717982828702789,-9.3783355924732312,-2.3246568342340144,-0.23502083463510909,,0.06704161288293135,0.3290322580645161,False,3
0.33129212463579405,0.93813344414885824,0.10075301049448314,-0.94159691951590663,0.32189484985815459,0.098888557441952546,0.060338787794052474,-0.1276297246106724,0.98998478982424132,10.53416023860534,3.1238973544146411,-2.4600626418845821,0.1185083651625879,0.1088973657420088,0.40625,True,5
0.99279065024682323,0.069222712361085376,0.097851626843209916,-0.095499017831184141,0.95016869084338729,0.2967480354345105,-0.072433848273908155,-0.30395340931520537,0.94992929346867383,1.9860554885921267,-12.803365585176435,-0.17907236705980495,,0.2443810436067406,0.1153846153846154,False,2
0.76919536954918011,-0.63888250204208086,-0.012947279581079399,0.62904864714119602,0.75348054404420717,0.19121942703783229,-0.11241122272233929,-0.15522956654998471,0.98146191911595426,-7.1421016804961166,-19.560901197630141,1.4513929544617286,,0.6418777820719035,0.7777777777777778,False,2
0.81022811933869898,-0.58532067540542643,0.030497566719519136,0.57028755120297503,0.79929157359133374,0.18948638296406728,-0.13528674575061023,-0.13613481306714478,0.98140960311960701,-16.340365725997401,7.5572728873146033,-0.46559903511377326,,0.65810649920388,0.5373134328358209,False,3
-0.49721185095689735,-0.86709502448005737,0.030440003120001738,0.8664132036757195,-0.49435253752710778,0.070311657190584617,-0.045918795328197391,0.061333409838677001,0.99706051826013486,-18.690674648776461,16.938705841834036,-1.0299615895728211,,0.1111891564026503,0.5652173913043478,True,5
-0.018170201615066908,0.96398465828882074,0.26533643239678473,-0.98826269037115722,-0.057575337912457378,0.14149888792718279,0.15167959188246422,-0.25965103321198635,0.95371622737495532,-1.2687192138515464,8.0250099406180198,-1.8360272297891256,0.9989340797554804,0.6639949605577992,0.1964285714285714,True,3
0.90257469044914618,0.38818530188593653,0.18620177109886127,-0.42955939379222624,0.84102885941058225,0.32886043368485529,-0.028942276439210012,-0.37680582405034579,0.92584000539847944,-11.609923580614709,-13.463724800322646,1.1159742841201969,,0.3778559332169135,0.1851851851851852,False,1
-0.84218112704450743,0.49876447564296134,0.20485347711631541,-0.52805104539665015,-0.83977367996666485,-0.12626266229867911,0.10905522777725024,-0.21450912398275063,0.97061464702661704,-30.04337082883627,20.728471686842212,-0.39497799932237532,,0.1996702346341561,0.65,False,1
0.80808317290218901,0.56576563820957992,0.16404520198298134,-0.58897122984018235,0.77093031646874299,0.24244450410340621,0.010699350114550116,-0.2925332284898759,0.95619549995616271,11.28717627425449,-9.3347329291190064,-1.2913291256274222,0.5720323135172524,0.396820269381486,0.2068965517241379,True,6
-0.80561887533244536,-0.59192551482770894,0.02454409509510156,0.5922728095207328,-0.80567481805028118,0.010050207065734298,0.013825585358444865,0.02263343667227493,0.99964822849535317,-2.4894280554550088,11.16576598183649,-1.9855835278609018,0.5295953124154699,0.3570581032219048,0.5945945945945946,True,3
0.94954255837908297,0.29687502323838522,0.10116397779898828,-0.31206008771922999,0.92658569513220501,0.20989866895489187,-0.031423422467524859,-0.23087695890577073,0.97247539730671362,-30.264177771424386,12.892743227753533,0.32421180504151359,,0.1774187536519324,0.25,False,2
-0.23473476610244629,-0.97186251937025792,0.019566119342524807,0.96972786206397288,-0.23273097894309014,0.073919990374918199,-0.067286425968890062,0.036325402729866646,0.99707221503602572,-17.084052278279998,-1.1164108449105206,0.40414207119986428,0.1652822054584874,0.1544314762199769,0.5692307692307692,True,4
-0.84403899209993916,-0.5361185944456458,-0.01322998505457397,0.53556058665804462,-0.8413683346294204,-0.072623574006016239,0.027803557927185744,-0.068382586764037981,0.99727167010501627,-10.87047609654773,1.6514946506298362,-0.4590774306372184,,0.252131287944331,0.2755555555555556,False,5
0.4992845964389892,0.84752525002942192,0.1800440010700784,-0.86565544501011848,0.47911498367209088,0.14522218475572779,0.036817689811968535,-0.22836326977747279,0.97287957874212339,11.819585379719491,14.757654121619151,-3.5446999058126272,,0.4662444109474603,0.2307692307692308,False,2
-0.22586132495128489,0.88922022257879241,0.39783672234746453,-0.96877184197507782,-0.24791930996506742,0.0041393166900558914,0.10231216979160311,-0.38447810276187172,0.91744689677886326,-12.419981699181763,-16.755795423307831,1.649256223970778,,0.4086278804181928,0.2272727272727273,False,1
0.8533080244583886,0.49307458125145082,0.16953723106925123,-0.52073425570357457,0.82241284647322832,0.22906973805513187,-0.02648113161793867,-0.28375088947791649,0.95853230638759623,-9.2932908302743407,4.4053743526638982,-0.81923749633305498,0.2168639271638301,0.2376832241586662,0.2389380530973451,True,8
0.0027477362287630243,0.98921318504439559,0.14645724454577047,-0.9960659472880391,-0.01026475045088409,0.088018540952248689,0.088572448305320919,-0.14612292575945615,0.9852933634043709,-15.603746233344712,-1.3111363360143269,0.23444257773844288,0.2325032224573175,0.1227671698681088,0.475,True,5
-0.98376889586332394,0.10550316185032289,0.14514765713383393,-0.13141338570097419,-0.97439844958151034,-0.18242308930548123,0.12218543935536436,-0.19853650619655108,0.97244741457664596,-2.6647158189703437,14.851025202448167,-2.2904548187538714,,0.4918532685853232,0.3478260869565217,False,3
-0.73315196348347,0.67122886991900199,0.10927031906054059,-0.67051648492293014,-0.74029660429003197,0.048668070880671321,0.11355986036857746,-0.037586458517763842,0.9928199314322621,-18.214724916354644,13.193047688186141,-0.73730916310314865,,0.09247680108667788,0.2631578947368421,False,1
-0.099719834248518643,0.97931486013137969,0.17606350951660671,-0.99054437157779496,-0.11446098350762475,0.075634193259522697,0.094222091852174075,-0.16685648917654822,0.98146885300893627,-1.6604729450944757,-9.1180465696554869,-0.28521696948600822,0.1463087139927232,0.08643319086073241,0.2692307692307692,True,5
-0.072134140324061305,-0.97050390557200295,-0.23004094215855642,0.99398075464429869,-0.089016423852733645,0.063861848401216503,-0.082455595301096071,-0.22404964975192021,0.97108332765503835,-6.1452412684676325,7.2285901327144924,-1.3297459215364069,,0.4057107349911263,0.203125,False,1
-0.20934091596587767,-0.97780569411904128,-0.0085091392601342186,0.97528809172658726,-0.20941470848197569,0.070417455277239624,-0.070636527653051326,0.0064423923964714996,0.99748131638709425,-33.600135358635619,1.1646058600074356,1.7214935697184341,,0.1348296951760647,0.5454545454545454,False,1
0.22682415206585252,-0.97340304214794493,-0.032207477031465676,0.96846606912041844,0.22192711529651471,0.11323351296595682,-0.10307413352558925,-0.056875944240890597,0.99304624764643012,-0.53348629777585077,-8.18751022748671,-0.47263356372433979,,0.0765551522448694,0.2162162162162162,False,5
0.15935866698201143,0.97132493248180762,0.17644458279281006,-0.98123769542748274,0.13619512296855896,0.13646784805126155,0.10852373164372631,-0.19488141014163335,0.97480451150542458,4.2717561946839835,8.6578795688721524,-2.4102805777804619,0.3969055154095915,0.2880571895784725,0.6111111111111112,True,4
-0.14741580317438419,0.94917138907787091,0.27810475567748882,-0.98417063959359241,-0.16873203232714407,0.054200123880768385,0.098370387497408174,-0.26571258047509927,0.95902038113945898,-23.886964517090128,-0.24370315728863839,0.95326824589417325,,0.3378139077082413,0.16,False,2
-0.7186810093477316,-0.69102545177013841,-0.077339716891140511,0.69529392258075939,-0.71545381447682654,-0.068499639216712177,-0.0079980013245042475,-0.1030032249807486,0.99464886649429118,-7.5675312902145846,0.90526348294178338,-0.67808995551353946,,0.0895902769582201,0.2711864406779661,False,4
-0.28315192216272173,0.92121740371740035,0.26680233144357529,-0.95349990191443734,-0.30034580745215067,0.02510643334034502,0.10326144500593364,-0.24728706200302342,0.96342419678000546,11.436017337747931,3.9185283528652981,-2.5824831354328825,,0.2594701316974927,0.358974358974359,False,5
0.20598655685320191,0.95245165878637983,0.22451141634855876,-0.97403499919505976,0.17753984219714791,0.14048282733377548,0.093943380495073725,-0.24761955114183754,0.96429207149777618,17.942601141276263,-6.0143706405682895,-2.0495608513073575,,0.249063070101124,0.3478260869565217,False,3
-0.051504047443530369,0.98208313545908266,0.18127340716109303,-0.99429599588742001,-0.067401739260419424,0.082658805380396841,0.093395961685602089,-0.17598215986720731,0.97995279159217363,-12.371620122862142,5.5142290662068252,-0.62153877549991343,,0.08948872644128214,0.26,False,5
-0.96305356486203852,0.25635440626476458,0.082524236410647753,-0.25200331530685383,-0.96589003898789594,0.059588267790867747,0.094985052934000558,0.036590312551299138,0.99480600558426668,-13.377601535978352,-2.6288093065558993,0.14829185796444055,,0.0838152013491949,0.3461538461538461,False,5
-0.87978995592931863,0.44263905232705436,0.17332138587287443,-0.463364236659847,-0.87994990919839122,-0.10479380461830483,0.10612830739498227,-0.17250746840861542,0.9792741984310247,-16.676498617595282,18.158946297365969,-1.3074056722598797,,0.3678280969165488,0.3809523809523809,False,1
0.94736557514711628,-0.316802890192669,0.046199521553226972,0.29228755491357727,0.91473725238767933,0.27896907415855909,-0.13063863237502857,-0.25078215219551181,0.95918812538071552,-0.44290743134838628,-11.602316997076688,-0.074341438327115275,0.7227988148359668,0.6707400993590138,0.5679012345679012,True,3
0.94705449958660437,0.29059047696101109,0.13654651043633337,-0.31862882168418782,0.9029913030547756,0.28824014397648651,-0.039540470469049405,-0.31648677903983857,0.94777247791232888,11.62812245979198,1.8709063726259556,-2.433014344644195,,0.663399747879993,0.3963963963963964,False,4
-0.71243296942114753,-0.69931100979399119,0.058338457835927393,0.70167582473407952,-0.70877593071105993,0.072716690164084552,-0.0095026872786153765,0.092740453015814989,0.99564497051353895,-13.666155683406391,2.530389162962317,-0.27714282314889038,,0.07457850289434098,0.4180327868852459,False,2
-0.1501466807203139,0.97862811061193711,0.14050976972717291,-0.98443544087801604,-0.16111700732269407,0.070200945112481372,0.091339131876642887,-0.12778235821696993,0.98758737938297492,4.8894186771512054,-9.0628955352226654,-0.86334726269171147,0.3957291238657638,0.2342942240201928,0.7444444444444445,True,8
-0.49886317372875283,-0.85196833391870297,-0.15901412483507779,0.86635931908430219,-0.49520934178741566,-0.064724323420631308,-0.023602206105790245,-0.17005195031596665,0.98515240955939165,-23.889088242593569,12.695311394152954,-0.20880897016617475,,0.4924334930412378,0.6,False,2
0.99266185245552396,-0.091819663858438302,0.078686695244435334,0.073344646213446635,0.97453226098150614,0.21191374466536594,-0.09614057182787912,-0.20458744251590075,0.97411548022470695,-2.1344582353194141,-16.672389879333451,0.65362881121836425,,0.4558316275239875,0.2,False,4
-0.99584174768937417,0.079766333862057143,0.044006198894925248,-0.082007980578674505,-0.99528820279322894,-0.051730885378389768,0.039672467535819052,-0.055124634809050749,0.9976910192824171,-2.5264705547400346,11.360502502107623,-1.9955808116489719,0.6993199291549044,0.4962870171279283,0.3076923076923077,True,3
0.88338478906142825,0.45482377902695958,0.11298957689332198,-0.46802717151876611,0.86859917599047209,0.16274531694895822,-0.02412221331138608,-0.19664892956817429,0.98017718669873755,-32.925891305410346,7.3110995693866476,1.0930906608804787,,0.1001042332827519,0.5294117647058824,False,1
-0.99330736370792772,-0.086797248995115622,0.076201829180715039,0.091016570744701916,-0.99439732146239967,0.053758263720848631,0.071108825426114741,0.060334108390573925,0.99564216981365006,-22.106946936494491,3.2627207026055602,0.47760760194640522,,0.1164682462624274,0.48,False,3
-0.79801238541851027,-0.60256649079298419,0.0094792875306163038,0.60241946822133652,-0.79719377099730726,0.039659498118553439,-0.016340655635007931,0.037359278051398742,0.99916828778584499,-7.1457898921772696,15.291227694505505,-1.9144603465430163,,0.1866533706226672,0.4285714285714285,False,3
-0.62638683953591701,0.74455497122561032,0.23081902451799252,-0.76159966517275235,-0.64766155792066993,0.022370882873143705,0.16614896107095725,-0.1617788651678676,0.97273949314296859,-11.993330135095459,4.2197794629533023,-0.54688212917947232,,0.2866040578905504,0.1527777777777778,False,5
0.34800782719683565,0.92525875559302051,0.15095293110169467,-0.93577805336840658,0.33310802302320996,0.11557889007775096,0.056656747557317991,-0.18148079842237899,0.98176103648505164,-4.146378619798007,-3.7137561703803237,-0.61705927480688982,,0.07285441246663031,0.2352941176470588,False,5
-0.0091434013816904768,0.95957743298329023,0.281296193220548,-0.99792095139109038,-0.026703901441445892,0.058657279365019507,0.063797907378484578,-0.28017503771214902,0.95782658934544174,-12.895700374760922,10.199079957610243,-0.98796231096590481,,0.3305005234638369,0.3738317757009346,False,5
0.92525172451130888,0.35035203804478271,0.14547403798175035,-0.37592370894479016,0.8982411920886475,0.22769305191058881,-0.050898048509165295,-0.26536052885279021,0.96280484958527601,-24.191143731197101,-5.9171255506255696,1.5303661313510939,,0.2251777148580154,0.2941176470588235,False,2
-0.93610752730435942,0.33484569023129185,0.10761533839396326,-0.33581454805222272,-0.94187988190979122,0.0095329622929636038,0.1045527935571246,-0.027214918466303934,0.99414690140455264,7.9384702265381275,10.896991534378403,-2.9176899167091115,0.2300287517890063,0.131608470821403,0.3125,True,5
-0.81729520137180811,0.5659796292733581,0.1081462577355726,-0.56389053693207569,-0.8242117352072923,0.051985362411364242,0.11855807088963635,-0.018495264101324321,0.99277485314282188,5.7022662780214786,-2.3738001835460416,-1.5611373611594008,0.7302282522564448,0.5434213011884769,0.9131205673758865,True,5
-0.10703291375673146,0.98930295999304363,0.099114119689120067,-0.98975356526876279,-0.11549321524892935,0.083959497790545248,0.094508388043179375,-0.089112123644707414,0.9915277071312798,-4.1440191289164972,3.5819747238637039,-1.2209475691307805,,0.07413347458171637,0.3227513227513227,False,4
0.53347809468603025,0.83693586882496163,0.12222714086637637,-0.84504853077984565,0.52125468622063842,0.11910723202160162,0.035973644755386648,-0.16682896501276362,0.98532938315863827,-5.0515273006904202,9.4724490424144161,-1.6181065845579266,,0.1087365209843328,0.2702702702702703,False,5
-0.25439263169649634,0.95670263479610873,0.14143711504663425,-0.96038349689958968,-0.26711692951932686,0.079448630240448057,0.11378896177330712,-0.11562272500832671,0.98675400056964668,-8.6536309880715923,14.844675455052291,-1.7513176370093388,,0.2322851094518099,0.2340425531914894,False,5
0.098435317641057618,0.98480998347305138,0.1430377037452481,-0.98937368136035597,0.081392782694076155,0.12047793804997201,0.10700563944186357,-0.15337702362845665,0.98235700320734465,-18.549014617151681,9.8150352942090304,-0.42521658623707975,,0.07658356447308935,0.2105263157894737,False,4
0.98930746779398304,-0.14531817280149437,0.012383974349690935,0.13638020237329512,0.95185513866150584,0.27454004335307147,-0.051683407082716945,-0.2699155861696807,0.96149591875108942,-6.484979700246039,-15.747110875707364,0.89635033872634484,,0.2420701679128665,0.25,False,2
0.83099189517365524,0.5287272794087321,0.1729159742902257,-0.5561687600844456,0.79600294805716187,0.23886317629646964,-0.011348147947035328,-0.29466382657759094,0.95553359378141389,-18.814050055486174,1.2365147134778556,0.36477470806677648,,0.3434919066872273,0.2592592592592592,True,2
0.58374116910194151,-0.81152822735901076,0.025849249409637391,0.80398712810373396,0.58217557601313052,0.12114576565976554,-0.11336201012248229,-0.049935307081489813,0.99229810025398546,-15.834156480664458,11.484558572182923,-0.8147987718970745,,0.07715984543941565,0.4,False,2
-0.85660910224120357,0.50247575236826647,0.11721332790883809,-0.50551128220907993,-0.86280881047308333,0.0043931912496529418,0.10334016410308305,-0.055489412070850931,0.99309704240380281,6.5617190245274886,1.6829410510106046,-2.0500133826377591,0.3779526664344005,0.3711472485326259,0.640625,True,5
-0.32913319009133196,-0.94392647102119764,0.025964600627997728,0.94273422469824486,-0.32689448513683972,0.066273502772376702,-0.054069628840070133,0.046290527028634065,0.99746361454667032,-10.113478291000778,18.550523135850856,-1.9102771741620261,,0.1025970127849181,0.3157894736842105,False,3
0.42354820206422283,-0.90538877775285009,-0.029632442480591478,0.89907198564222579,0.41614209749554826,0.13599749749665122,-0.11079930126814974,-0.084243194450394632,0.99026592338991637,-9.1042324706360613,-9.7305696486020636,0.41494913680105511,,0.1360054596715008,0.2,False,2
0.33429641360352758,0.90976330238753333,0.24612322417997917,-0.94092293524044879,0.30721969161166068,0.14240818454194973,0.053943839224856648,-0.27918953188643209,0.95871959795068185,-5.2842777661699269,14.699825734799418,-2.0189665186142443,,0.4932158410799265,0.1818181818181818,False,3
-0.97769064310043696,0.19443729607038726,0.079467882132910464,-0.1912402997489584,-0.98045970199527954,0.046107705595224979,0.086880113638174439,0.029881610735768449,0.99577052336070548,2.3306422743940987,5.4209620155240579,-1.9928766349481397,,0.09619749837815392,0.4565217391304348,False,5
-0.98341129646562941,0.16423825800894665,0.076993613955820328,-0.15896942044324452,-0.98478295599421917,0.070222880510756189,0.087355282311547475,0.056818343776246033,0.99455554418181957,-4.4789688065339037,-5.5439748783791103,-0.43440090789104407,,0.07796386882406921,0.3492822966507177,True,5
0.98123087872073955,-0.18149755382389721,0.065150599389912564,0.17222443948839403,0.97679643929772264,0.12730851746131361,-0.086745058002354353,-0.11369852299493889,0.98972114293923008,-12.684424175654753,12.725865350682836,-1.2163862249442865,0.142666568904072,0.1078461867995704,0.3392857142857143,True,5
-0.48698705240929507,-0.87297776952956019,-0.027448582712080172,0.87238314294610908,-0.48769757014582032,0.033147126230374739,-0.04232331141553531,-0.0078034595570116994,0.99907349245676957,4.8006845935356832,5.1463665940411039,-2.1906548659340142,,0.09668866697598216,0.5714285714285714,False,4
0.58491829415524799,-0.8089742319723392,-0.058577138606101961,0.80352085688994745,0.56810024031329998,0.17780986895787135,-0.11056591565830426,-0.15107219784174258,0.98231989154954302,13.355902771483469,-1.8892566918243916,-2.2036882629980452,,0.296036781320641,0.2040816326530612,False,2
0.96906000660952241,0.23281235147921267,0.081982391942850716,-0.24157891954904387,0.96273330870879248,0.12159030361067856,-0.050619454950328255,-0.13763351808821817,0.9891889028285703,-14.166484931025312,20.313728723799763,-1.7325081425015241,,0.1225500740764539,0.3846153846153846,False,2
0.36086180086426783,0.89404008344327468,0.26546391444740464,-0.93206046697619716,0.33587455623396911,0.13583655021660052,0.03228074622914176,-0.29644664219952932,0.9545037148966542,-7.6408051824203218,16.200081989582873,-1.9455316734796699,,0.4007936986458149,0.5,False,3
-0.98488721216627462,-0.16474733773044334,0.053436822716878316,0.16565443600441071,-0.98609837703612335,0.012984553853893868,0.050554793476034164,0.021640367775416544,0.99848680879575991,4.1216409960696723,3.1056504650331136,-1.9597330061880356,,0.1121164490356081,0.2647058823529412,True,5
-0.6554466712142325,0.74846780143026004,0.1009237901405575,-0.74639998150234699,-0.66235134503672455,0.064635619756745269,0.11522468835921576,-0.032964313282631268,0.99279233742123862,10.758186757629725,9.4155564054043825,-3.0231907155170918,0.1430481890462874,0.1311599649671952,0.5609756097560976,True,5
-0.90879102731378392,0.40543067534401867,0.098614583931839403,-0.40763725161516995,-0.91314065551242662,-0.0024524163525532494,0.089054700996564692,-0.042427711939586492,0.99512268062283837,-4.371312887899661,8.473063149250935,-1.5943561754879061,,0.1131046892966616,0.2307692307692308,False,6
0.14878724091931861,0.94914208642230036,0.27747370455871945,-0.98473191283547556,0.11657141387132351,0.12928327545133658,0.090362695748866684,-0.29247291370307005,0.95199484135526413,20.980932416708473,18.294784412815382,-4.4176262075394899,,0.3187885948470764,0.2941176470588235,False,5
0.86511268526541019,-0.50139473750328489,0.013541011663929028,0.49033547156479246,0.85109803013920038,0.18762534055533325,-0.10559908672996773,-0.1556774238519644,0.98214732733160348,-13.867635204803904,-0.42465108072577917,0.007827243313292551,,0.09257395835882036,0.2857142857142857,True,5
-0.11992665045844353,0.98393576160004237,0.13224226084865578,-0.98811379788198084,-0.13120232540634946,0.080106630457257202,0.096170270588511131,-0.12106348273741357,0.98797515768485866,-12.081652981486618,-14.28590227341587,1.2980949351480904,,0.07848362410432275,0.4,False,1
-0.42824266638453629,0.89617872097632389,0.11606859505095801,-0.89683776035460516,-0.43724478507440212,0.067074805459095069,0.1108614012630115,-0.075370405295979895,0.99097378962085647,-9.5359684590699203,14.969621794924182,-1.6753308921711669,,0.08050521676024754,0.4782608695652174,False,2
-0.91917286846751445,0.37436031966098127,0.12237478881096546,-0.37884430972852151,-0.92534194619668386,-0.014807822096877074,0.10769506423007713,-0.059971940707807009,0.99237348789063173,2.7013201919459826,17.197606011365938,-3.0331564866544891,,0.243425152084331,0.4545454545454545,False,3
-0.87235354069845483,0.45462320496932651,0.1797694121208791,-0.47007510353594595,-0.88103152455346767,-0.053036306231312808,0.1342709837103247,-0.13077153454177159,0.98227802005697507,-23.803481502016982,2.1025321474494749,0.75598095690214528,,0.2351398569988653,0.1428571428571428,False,5
-0.98856373874016523,-0.12443992268070117,0.085184740953340138,0.11923737736175244,-0.99082191487341353,-0.063674020184636373,0.092326498297929716,-0.052788622351824327,0.99432850661249739,-19.715727062219841,8.8394556495453465,-0.23478600570014577,0.71065297420679,0.3006983784792344,0.2352941176470588,True,5
-0.76079425299121772,-0.64762069399367117,-0.04218461006921656,0.64894704303999162,-0.75990620196151626,-0.03755395518551928,-0.0077356282994727188,-0.05594641124844589,0.99840380564340458,-20.078897712424073,-2.9591798684190902,0.85695363300211447,0.434122809413496,0.3363527273474493,0.35,True,5
0.79113482774720967,0.60521901506177667,0.088406041270079186,-0.61160788411395406,0.7843057934230252,0.10392409967246466,-0.0064405290967671849,-0.13628780653724309,0.99064835000832763,-8.4135845721444813,-3.1448997311203182,-0.25077719552178002,,0.08641719171175703,0.651685393258427,False,5
-0.12553274110153675,0.97902983230548613,0.16044350522045209,-0.98739991794848403,-0.13900058848111391,0.075632257914397136,0.096347978426433084,-0.14892757923834898,0.98414310097431645,-2.1754933674647288,10.158679480468583,-1.9261315395575973,,0.07365770328990415,0.5555555555555556,False,4
-0.084923167279004619,0.99084278545791737,0.1049696630712797,-0.99213811775337579,-0.093809741309837436,0.082835304889705794,0.091923941169269469,-0.097109767486989601,0.99101951650738529,-2.9651374689279932,8.6488014976853389,-1.7365059050287901,,0.07505158872117938,0.34,False,5
-0.098749365014198565,-0.9942574154050895,0.041240208792934351,0.99243145803883215,-0.095358720638845387,0.077372575845980396,-0.072995643734485624,0.048568573276501145,0.99614894954804545,10.700868295057202,10.370132117372819,-3.0915450523836294,,0.07560898192721385,0.5,False,5
0.064917098440641641,0.96249177580742551,0.2634299751985647,-0.99229221520192712,0.03433884517322474,0.11906722202949716,0.10555534083929777,-0.26912901221391522,0.95730227452203509,-18.24245551024298,11.080482812283822,-0.53909045398942623,,0.5681488387664659,0.5476190476190477,False,2
