axis_00,axis_01,axis_02,axis_10,axis_11,axis_12,axis_20,axis_21,axis_22,location_x,location_y,location_z,dbh,dbh_approximation,score,reconstructed,number_clusters
-0.55055587079060497,0.82897538990198905,-0.098427821650409211,-0.8315846730876516,-0.55494669422674348,-0.022385219510067028,-0.073178990316233469,0.069526753869681379,0.99489238909172595,-16.331741510668699,12.513021312559035,-2.9164992569560946,0.2826883902013316,0.1777558256492137,0.6774193548387096,True,5
-0.97768984357153288,0.14052822652330832,-0.15612298782461725,-0.13499381559652351,-0.98979856280508161,-0.045557379420755523,-0.16093240670468964,-0.023465349330632778,0.98668644353362234,-16.046958711626814,7.9795504523157117,-2.8075204350856211,0.2342974800019057,0.199079590105241,0.75,True,5
-0.98002282440701782,0.11522566098157003,-0.16210586261037063,-0.097207814004210066,-0.98859530592238298,-0.11502157191046045,-0.17351053148963305,-0.096965809229803357,0.98004679852678189,3.9163032649332825,-14.872438053289354,-0.70985839574075049,0.4088306331192837,0.5342295462008997,0.2098765432098765,True,5
-0.79624522111619311,-0.57176371212131893,-0.19768612837241278,0.58957384140431379,-0.80663860366680518,-0.041675515668407333,-0.13563271501148111,-0.14973450028539206,0.97937906146848874,3.1933559718260547,7.7561036585358538,-0.71039058695234936,,0.09757877628856437,0.3,False,5
-0.81403638694780955,-0.53553674762330483,-0.22482249146829231,0.56353144186122728,-0.82196774406292961,-0.082470247689126586,-0.14063098790367609,-0.19382832523950766,0.97090344812246143,-5.7238598055396732,11.399326290406142,-1.5516173774969348,0.1998385738572648,0.1330805950254936,0.2,True,5
-0.59165548934140422,-0.77768038571571618,-0.21250176376970872,0.79837120338045164,-0.60181957670047803,-0.020411239866934005,-0.1120143006273379,-0.18173171097282656,0.97694748153718891,-20.545197279873545,8.3135424055740312,-3.3596220223981299,,0.06816058046211718,0.3076923076923077,False,1
0.14100866623519354,0.98407213710436781,-0.10825241346693262,-0.98890328769988511,0.14517168623504709,0.031551055323606032,0.046763699842207226,0.10260219534940235,0.99362263756747859,12.935905274345638,14.643588175271084,0.20703248148409426,0.2922438542523833,0.3214868299819285,0.8181818181818182,True,5
-0.90946629206245833,0.40076484632834936,-0.1107185691272061,-0.39221419617591669,-0.91531948639194427,-0.091423531704180425,-0.13798220146178622,-0.039721225794280862,0.98963788139963449,-4.4136646084051652,20.988333647136134,-1.5144318491094069,0.2022513505821927,0.1995759098783315,0.7037037037037037,True,5
0.27510836325835353,0.95595607077956812,-0.102290660399662,-0.95948590783526511,0.27973198604253585,0.033716593099476833,0.060845551446649368,0.088870730414393528,0.99418298725373744,-6.671145981476573,-20.896367941188373,-1.5303776393890316,0.3091750395237939,0.1466374469205534,0.3571428571428572,True,5
0.24185850603718079,-0.88157797944791505,-0.40536986717070489,0.96997069877333786,0.23073583150930715,0.076927365604652714,0.025715881836449187,-0.41180243103974096,0.91091023224636847,-1.3285265953986241,-20.392156587476659,-1.117630274858916,,0.3335925908827715,0.2222222222222222,False,3
0.96152086128973402,-0.18330170667367698,-0.20464143675014662,0.22284933064712203,0.95600761807610413,0.19075536692471365,0.160672988192716,-0.22901947190352562,0.96006993097078741,20.097250016564622,13.181892569801507,0.72062161810322156,,0.3926029158901181,0.1428571428571428,False,4
0.55605173402970076,-0.80728915447572791,-0.19771365695982468,0.82759584407591469,0.55975025159572001,0.042009221687651269,0.076756680170764341,-0.18698630138165856,0.97935924723503298,-21.495033927502504,13.45537915824832,-3.586971159468773,,0.1380926584727379,0.6129032258064516,False,2
0.54486709719360171,-0.75249381909873503,-0.36996337469271001,0.83287017862345725,0.53681236247953712,0.13475812795103903,0.097196254843222446,-0.381556731964381,0.91922105520767583,9.0485368756537081,-5.7092851716716595,-0.21810889563234229,,0.5397933869148859,0.423728813559322,False,5
0.21358948095867852,-0.87983299937259996,-0.42458618305217666,0.97678079902538684,0.19976240354073835,0.077422559935419175,0.016697433309606016,-0.43126427552794266,0.90207112822339552,16.777702871574061,-17.146893390611897,0.043040523998950649,,0.3213934723854728,0.375,False,1
0.79173699183115376,0.60962615930473296,-0.03883917683879845,-0.59436672034015869,0.78347439647529904,0.1813727427695502,0.14099906921054117,-0.12051479560214121,0.98264716278160336,1.4843297845947327,-6.7206803255712062,-0.76848555195661972,,0.5823249637941863,0.3152709359605911,False,1
-0.045380201780333182,0.99896184857189463,-0.0039827608766863642,-0.99826973599181568,-0.045198808868315919,0.037611193542846366,0.037392131380923538,0.005682673201061722,0.9992845119064353,4.596969530474782,-7.2374974346681915,-0.49152992241654997,0.7516520802465113,0.5469584074673169,0.7019230769230769,True,4
0.98335472142637603,0.1181782407672011,-0.13801230110980967,-0.080713431901521734,0.96463833266292276,0.25091478447468063,0.16278462384123915,-0.23559879152165966,0.95812023028135695,-14.355194789815975,18.185582724635477,-2.7739751214157415,,0.5604987332473823,0.2222222222222222,False,1
-0.96489306414955778,-0.19594599692436945,-0.17489008275311743,0.20076044074045618,-0.97958832511621252,-0.01009746154787843,-0.16934172607415759,-0.044853980707715478,0.98453618533038023,-8.0411112861174185,21.087907432332429,-1.986211045316687,,0.138482970275872,0.4444444444444444,False,5
-0.68641174421105422,0.7271215199309583,0.011541778997638946,-0.72713526982614685,-0.68601959356548525,-0.02552286463354754,-0.010640337588354226,-0.025911628616097984,0.99960760837363904,-14.826998111477943,14.641109936648006,-2.7717181605486427,0.7579077134707297,0.6911760802458446,0.3333333333333333,True,2
0.41637824708423155,-0.89197057037622662,-0.17611830381244484,0.90773362365678167,0.41880195512062807,0.024991816061834177,0.051466725541768663,-0.17027455467523456,0.98405170199139402,2.555709430714427,5.800124657796486,-0.71315975637069451,,0.07514227231655628,0.2950819672131147,False,5
-0.84257865398272913,0.51945672950382693,-0.14221785410363116,-0.52350272201816828,-0.85196172604563036,-0.010301329667568259,-0.12651526347529093,0.065771753257301585,0.98978177624223784,5.4128425583530699,5.6775212902033605,-0.50800358150837044,,0.07130716414812627,0.2093023255813954,False,5
-0.87743064018650729,0.46556054069880271,-0.11562376315505299,-0.44783077298167645,-0.88137409606281159,-0.1504237400149894,-0.17193914746947989,-0.080206519271823123,0.98183697416310833,-10.235219252350888,-8.7757540717442737,-1.7727972125744313,0.8512867446382145,0.6592466367171396,0.6982456140350877,True,3
-0.65985577450800881,-0.70579401522199514,-0.25776959658821308,0.73498552382845594,-0.67757619762898114,-0.026206414658672912,-0.15616221249408047,-0.20674937601711418,0.96585095066759008,-0.40054585807604626,-7.9623968831783083,-0.92348202626559062,,0.2322689984022541,0.1666666666666667,False,5
0.04769664932329809,-0.9475490427515616,-0.31603139278231296,0.99878369842168935,0.041284694010620959,0.026957333093991929,-0.012496135819578888,-0.31693277776375184,0.94836567892798074,14.053848502085323,-1.2667304053376824,-0.0092276394402150668,0.1999128486685998,0.1734272143888025,0.4651162790697674,True,5
0.27597480616318032,-0.94288135183275112,-0.18658151765177464,0.9609458034362629,0.27480772648457552,0.032617117018744271,0.020519971282405233,-0.1882962289330915,0.98189788723071747,-3.1496814219153912,6.2185077017068675,-1.1938917460076721,,0.09351930015489321,0.4366197183098591,False,5
-0.53216762917518345,0.84660619987100627,0.0074536432726921842,-0.84359746074214303,-0.52948968942960772,-0.089353192540302898,-0.071700339521311399,-0.053838751171527671,0.99597211315619549,16.310007561472048,-2.4223709962918059,0.16259423696179801,,0.1277231197656188,0.2272727272727273,False,4
-0.63412644622753855,0.77295747647758506,-0.020503408307825016,-0.77083744494608786,-0.63402663010005689,-0.061805062842409247,-0.060772392283182999,-0.023387429986436392,0.99787761997892788,30.617328386066085,-2.4861854505192102,1.3329707434400044,0.3963844398504969,0.2609863265840872,0.5,True,5
0.88540941204158996,0.46134846367828453,-0.056637162092148766,-0.44135476852514377,0.87268157699386628,0.20888473729694892,0.14579486056882299,-0.15995143086945218,0.97629882638182663,-9.7575868000975881,14.569302333286739,-2.187077908818678,,0.266712437709187,0.2272727272727273,False,4
-0.53791601156954039,0.83973657757289011,-0.074086738241652808,-0.83989467494864578,-0.5413963678489836,-0.038300233326137287,-0.072272397843342912,0.041622748180499824,0.9965160547346319,2.0908129885891151,-4.0519990989063128,-0.84283717758340682,0.473997891738252,0.3488138895057228,0.7014563106796117,True,5
-0.75096150583504317,0.65386726583150323,-0.092273590089474763,-0.65112742101706789,-0.75648031703919738,-0.061405305405470512,-0.10995407383825412,0.013968844129392893,0.9938385045066741,26.355226510805519,-8.7333857626797222,1.0304332933933338,0.5546529578079724,0.4644693230648603,0.6666666666666666,True,5
0.3653366453473616,0.93069233045702904,0.018464062250764995,-0.92998353454756233,0.3640466921228907,0.050996386389668483,0.040740164908345561,-0.035802122602512004,0.99852814030471637,-8.9956482764461878,11.087449646082431,-1.9449757562208876,,0.1967177254177215,0.45,False,3
-0.95950404633624686,-0.21177660932055095,-0.18574889719473214,0.23006794813237824,-0.96963412303969854,-0.082936160263127043,-0.16254453022641441,-0.122312449005506,0.97909087449110088,9.0511221527967685,-11.975941984373478,-0.34749309208616164,,0.1001552093927705,0.48,False,5
0.24807593870682421,0.96201205679356305,-0.11397864369498106,-0.96695254742026249,0.25304340637205663,0.031173795551591148,0.058831111430893132,0.10247847127785271,0.99299398953486184,-11.694981451610252,14.257206422940436,-2.4133428762626901,,0.09195240978987587,0.2941176470588235,False,1
0.95385689797835416,0.28496134522396233,-0.094625841646257994,-0.25500404588886105,0.93518779765666837,0.24575744077114556,0.15852430337151643,-0.21028745764362933,0.96470162765404044,1.1430951773346305,14.821396700308544,-0.80448404449485644,,0.5298176294568028,0.15,False,6
-0.19061819533175692,0.98154444804404584,-0.015336235599819281,-0.98160359138349285,-0.19075682886521778,-0.0081376670068463788,-0.010912973540352665,0.013502916544030186,0.99984927776806032,0.95850417325736981,-12.991955006277976,-0.8879995505891064,0.5307723696405745,0.4533521001177681,0.7435897435897436,True,5
-0.054732153875937717,0.99669473921441465,-0.060033225420685551,-0.99800236231310291,-0.052705853719904577,0.034833572902051808,0.031554336462160118,0.061819817259242946,0.9975884091369881,19.540938045301679,8.8600290925689702,0.3838141240143057,,0.1610429378575109,0.4090909090909091,False,3
0.89218222305158901,-0.37322552455170022,-0.2543886567711573,0.43475913831705471,0.86230529707210102,0.25964218896629371,0.12245559407612883,-0.34224593856538982,0.93159666434297528,-13.678818900869608,3.7330550733992247,-2.3479466999748952,,0.5710262935707143,0.2572178477690289,False,3
-0.4229941351752729,0.90258890769843192,-0.080057637406284132,-0.90401634102970518,-0.42639054547606509,-0.03074992487615354,-0.061890360788966751,0.05936637455981858,0.99631582182209499,-6.7154163497707531,21.145353993650453,-1.8400046844281253,,0.1064265429098367,0.2666666666666667,False,3
0.47118879405913733,-0.86133906559429851,-0.18993718549624924,0.88013233273168268,0.47326993776864051,0.037183906260019002,0.057863608886609817,-0.18469049809237048,0.98109185231608642,-3.3085452121814893,19.906158402802369,-1.3485905135363077,,0.08806321071406112,0.2631578947368421,True,5
-0.78016714115255681,0.61032498092057341,-0.13726853073500733,-0.61423781284408474,-0.78894257147643221,-0.016778801645799556,-0.11853750941521111,0.071225252379022663,0.99039175192707596,-14.696865928855068,-22.940726835420197,-2.3064324463263288,,0.1794619384497358,0.5945945945945946,False,3
-0.95701626923252814,-0.22718393068481396,-0.18029787037801781,0.23342854577432587,-0.97227431151417831,-0.013920387469886948,-0.17213649944719545,-0.055408706971251102,0.98351354883897624,-9.9556864924672563,8.7793789728367617,-2.0619396906158429,0.2920211328429791,0.1741965475902921,0.3384615384615385,True,5
0.71048165386127915,0.69950401587413846,-0.076876207649014899,-0.69265470964353804,0.71442172639278001,0.099151651860096612,0.12427901164383111,-0.017196762309014541,0.99209828073176276,-11.6732632980038,-19.210843364294419,-2.0667595278178186,,0.23178779869463,0.45,False,2
0.97793428758291845,0.13059891511924651,-0.16305965944820849,-0.11865876622854067,0.98962774286649668,0.080975476201647578,0.17194367207550973,-0.059840236619175355,0.98328760783127445,-16.922077446258339,15.267409948609309,-3.0177110330013801,,0.2083246207191902,0.3714285714285714,False,2
0.98373364067103608,-0.073432966349792322,-0.16393817025079421,0.082065024778734813,0.99554118669218972,0.046508894929591725,0.15979191443929117,-0.059205954536485847,0.98537363422574342,-13.274405640032228,10.287257406212181,-2.4858481241662598,,0.06909004007581465,0.1785714285714286,False,1
0.10770551029756553,0.9937623046845192,0.028913748280965323,-0.99351959248845434,0.1065259775960164,0.039636289417518067,0.036308985019100355,-0.032995422187434092,0.99879575475747617,-25.567585618328316,-6.7802183112902581,-3.7815217851220546,,0.2507396682668672,0.1764705882352941,False,1
0.74151543731747271,0.67087803763431775,-0.0088042512346565294,-0.65556559111310309,0.72725865706673987,0.20329437146662177,0.14278869692102381,-0.14497415059729701,0.97907807844430206,18.572244311269831,10.039457220613027,0.44879371689574121,,0.4879246741031794,0.6,False,3
0.28869771297749769,-0.93325633335420033,-0.21374341340924571,0.95696919327182051,0.28813118102283991,0.034501965901446316,0.02938696395076365,-0.21450650054638618,0.97628037344458585,-1.1081219781003113,-32.818653808112792,-1.1359793110163472,,0.1461545768198906,0.4,False,1
-0.35741154374545925,-0.90797944030130162,-0.21870145035555266,0.93198623314275009,-0.36191041878771812,-0.020555048170350282,-0.060486772354578458,-0.21117335239805488,0.97557529981395696,-10.528647722921173,-12.902548994421608,-1.9362854110944374,,0.09102833091584504,0.1538461538461539,False,3
-0.98706127150148493,-0.0061531236967327443,-0.16022542048827537,0.01277830917660131,-0.9991038268612662,-0.040351678599038938,-0.15983354190050075,-0.04187698914613678,0.98625532022067941,-30.576953618500621,-9.0080473087186874,-4.436232394346546,,0.2485489223598287,0.7894736842105263,True,2
-0.73882860230409597,-0.64710147771736248,-0.18812754703493856,0.66057277128151637,-0.75066290460815288,-0.012199077289284203,-0.13332632995336965,-0.13328496232230458,0.98206884104929626,9.4310949146822498,-11.199783653769851,-0.21361472131548451,0.4088009335026476,0.4238172621103086,0.7674418604651163,True,5
0.83854518122610922,0.52605788122326358,-0.14179239981522684,-0.51825663297100089,0.85044585486301527,0.09028793013396072,0.16808343590024455,-0.0022256570275949461,0.98577025975972865,2.3048382825176481,25.0097244317578,-0.73503897393935047,,0.07675923525348001,0.25,False,2
-0.85459245743837109,0.49620930383049972,-0.15312758889728903,-0.5022417225789797,-0.86472687595783904,0.0008258916972399416,-0.13200372642598218,0.077612864837262499,0.98820608145336142,-8.4603794074988947,13.014468691750531,-1.938675139640162,0.2983127694820879,0.2801543017723908,0.8561151079136691,True,5
0.9829176358127113,-0.058969948755017682,-0.17434295613009684,0.10328140976540308,0.9607954153124334,0.25730355674082611,0.15233473538632339,-0.27091458996967877,0.95047325755980083,-5.4634277661017627,12.743278633910741,-1.5280165119502209,,0.5676456838284218,0.1964285714285714,False,5
0.56122720514892976,-0.76646949833066413,-0.31232760417462635,0.82411181691111646,0.55241763599772553,0.12519771829447829,0.076575044421667834,-0.32765723487728021,0.9416883768022174,-3.8497198439647495,-15.366243398883196,-1.293329159667814,,0.2729867462785937,0.1764705882352941,False,1
0.74732773788084872,-0.62599829864420364,-0.22277204108338056,0.65594403690095493,0.74854657251991219,0.097033237721770901,0.10601260608046248,-0.21864162198276382,0.97002946784557753,-3.1143568811035531,-9.2046310597568421,-1.1420330573869011,,0.08103614791140398,0.2692307692307692,False,2
-0.34422386461523929,0.93811102588784756,0.038178975064812382,-0.93858082958157285,-0.34278734665725413,-0.03953304078420973,-0.023999111885980612,-0.04944227016763833,0.9984886101249999,-1.8809653697935418,15.988968179593675,-1.1978766063851538,,0.2246873106722069,0.2173913043478261,False,4
0.71015831796754803,0.69870665453726455,-0.086511122561480178,-0.69064644394921004,0.71522285700586719,0.10706892302006427,0.13668450124946349,-0.016287287119385208,0.99048072742304127,-5.7233074237008319,-16.384174134708218,-1.4471144822334685,,0.09865784217342406,0.3888888888888889,False,2
-0.91625626984429276,-0.35724015472455145,-0.18125650284445052,0.36768518549295504,-0.92957102572591332,-0.026557720155991137,-0.15900330921095024,-0.090979008475863155,0.98307719314238728,-8.0610915424050837,14.269038633041081,-1.9191443962669819,,0.1144818353779326,0.1428571428571428,False,5
-0.92714096687626679,-0.27429263538672005,-0.25529037920053016,0.33950674167207978,-0.90322111972735664,-0.26253910420672399,-0.15857111937219315,-0.33008356373965242,0.93053750115187805,-10.030013715676041,-18.569851298811571,-1.9013830842247785,,0.1599072954509703,0.3,False,3
-0.81920193941485797,-0.50395662665720831,-0.27374422534041443,0.54989458951114378,-0.82576944284302178,-0.12538248559147711,-0.16286228196027172,-0.25324404378980669,0.95359495143361572,-27.625257456873687,-6.3208709923592137,-4.068730596043526,,0.1281923633512663,0.3684210526315789,False,3
-0.48797479441661151,-0.84300489104268372,-0.22632576895302775,0.8675282477733065,-0.49701749500782855,-0.01919241963694289,-0.096308563115867885,-0.2057094147924608,0.97386256593849052,-19.436821730547841,12.731223330385566,-3.3020328660028135,,0.08171958950759098,0.1111111111111111,False,1
0.26036012285951327,0.96471000542782281,-0.039334613917397898,-0.96352526593405208,0.26222066995839888,0.053473190977199311,0.061900471171831957,0.023977607762660197,0.99779427037575552,15.728216702051458,18.380996107969867,0.28654134879255821,0.1993397542772673,0.3119044016285679,0.6071428571428571,True,5
0.42420296271700719,-0.87314018669607596,-0.24016257160193971,0.90542660000872865,0.41362165920977045,0.095497617924176034,0.015953633402733994,-0.2579599531107491,0.9660238838519225,26.109899331645888,17.48814764739009,1.3100475243622896,,0.3386663350761247,0.9655172413793104,False,3
-0.76637280471504254,-0.60632725270320842,-0.21222626327243049,0.62751658789249321,-0.77728125367076617,-0.045351787305075678,-0.13746147137639009,-0.16793187702572043,0.97616762319063632,-19.017909670011147,15.481060905993235,-3.3032742286707348,,0.1834681664659691,0.4838709677419355,False,1
-0.95486648730159995,0.24798232905461812,-0.16350766313830534,-0.2351083911120174,-0.96739518301340333,-0.094183885623717559,-0.18153246502215814,-0.051491012411002207,0.98203596664473947,5.5409046435179041,-8.4564728180035189,-0.36981450243208014,0.6796947579692207,0.7220011711289422,0.547945205479452,True,3
-0.9865284739387401,-0.016011055816788935,-0.16280422660278529,0.021065444407303721,-0.99934670100987211,-0.029366958177632393,-0.16222767075940586,-0.032400883819977577,0.98622125588919496,5.7224177438359458,-2.4002635232777338,-0.54422749860879183,0.1680899693025993,0.1405357238750717,0.5,True,5
-0.097339355377016767,0.9950502478495753,0.020001353686307843,-0.99502538563577425,-0.097725739256220676,0.019343263096060916,0.021202165813074537,-0.018018993904297398,0.99961281705643967,-14.68387682036005,-14.946581623422157,-2.4041350859605313,,0.275717681532788,0.3488372093023256,False,3
-0.080996968889943857,-0.95407996373953563,-0.28839367853926168,0.99467309769845647,-0.095882005671651296,0.03784269682960955,-0.063756723140370036,-0.28379228985148086,0.95676382481532729,6.2877910717804966,13.895350652527037,-0.24010084086706637,0.3329807850063658,0.1601478845443661,0.1935483870967742,True,5
-0.49678725383170164,-0.79497761673041789,-0.34815659311290081,0.86236046399551669,-0.49731116823860355,-0.094952788703614704,-0.097656820385442267,-0.34740781632366979,0.93261511599878399,-13.446173974167973,-1.4233060344280408,-2.2101104519491988,,0.1722111191348647,0.2929515418502203,False,1
-0.23342630516486568,0.97038371492491382,0.062190078514207492,-0.97237434777222698,-0.23291307785863369,-0.015479856490139459,-0.00053651804839190131,-0.064085442738131743,0.99794427107802053,-10.627388444981872,15.360481367122301,-2.2658512647732874,,0.5304164418014097,0.6818181818181818,False,3
-0.87430731199615985,-0.41082826046373716,-0.25847023928180013,0.46120260049382727,-0.86912809469407004,-0.17862955049819898,-0.15125767910351676,-0.27538426864619048,0.94936011033454626,-3.6385407294681875,-9.9166924886714405,-1.2121276787764292,0.6625563146551173,0.5884965075446903,0.412280701754386,True,6
-0.72968616696199351,0.68373972841953812,-0.0076211236107552316,-0.67957922286563099,-0.72638985289073665,-0.10261511324711986,-0.075697936521804482,-0.069697671396901903,0.99469194075763478,-10.082253340817001,6.8763231728974921,-2.0073825916617887,0.6883720673912276,0.6140283801845325,0.6102150537634409,True,4
0.80156897125308602,-0.57179460765346657,-0.17475156932825578,0.58510391907187675,0.8103087680942932,0.032451567546729607,0.12304709753180117,-0.12825999769190527,0.98407763148090732,2.7699733157242528,4.167602849802619,-0.69511118801936844,,0.09568966914348268,0.5301204819277109,False,5
-0.93753010917695712,0.32858106015954391,-0.1143318909625558,-0.31547823375702561,-0.9414708176422063,-0.11876945547430968,-0.14666553246141734,-0.075280717534749353,0.9863174109561601,8.508081524601705,-9.7531777611336157,-0.17408596315688452,,0.1381790898507475,0.3333333333333333,False,4
-0.75385840572020069,-0.59955258562855684,-0.26876421114261173,0.63909146235723835,-0.76406424000444484,-0.088135917130971603,-0.1525110057244555,-0.23820691470346317,0.95916518854698485,4.8675248820092678,14.918850597208298,-0.39166571633334724,,0.3883187176186249,0.3157894736842105,False,5
-0.98723758860559996,-0.02609310509471071,-0.15710217538505775,0.038999550908067671,-0.99606054741231764,-0.079639317661844691,-0.1544052417282849,-0.084749842213372645,0.98436603231300046,16.671041099687081,22.801221851088574,0.52462056806209856,0.3183150048145948,0.2906163817379735,0.2580645161290323,True,6
0.30040951450551617,-0.93757947010888698,-0.17521090384133906,0.95322980396320922,0.30152577990041529,0.020860126838256249,0.033272577760399935,-0.17328283609690032,0.98430990764260484,-0.019230279061200728,-4.5704202888207401,-0.97458243604467398,0.1666658830812474,0.1372149937164714,0.6652360515021459,True,5
0.6436967556720079,-0.74102489979654984,-0.1911454540888837,0.76060048248553547,0.64706403759950959,0.052868112205672821,0.08450676174190333,-0.17941635691021693,0.98013691803388525,-12.798603491872235,-26.730152065452017,-2.1177511403403124,0.2771734447365412,0.2547445866205213,0.78125,True,4
0.75561329246919307,-0.62530093868497483,-0.19505714117549539,0.64476190980701586,0.76252852516396741,0.053219620191019112,0.11545835572134804,-0.16597886730230485,0.97934691693146636,-9.878856264917399,11.896712997344984,-2.0767591866045869,,0.08321460078717556,0.2631578947368421,False,3
-0.65444331461084837,0.75364376351087692,-0.061032988476122235,-0.7497079200203054,-0.65726646313665515,-0.07706381183576573,-0.098193597652761672,-0.0046769816112884055,0.99515634109571638,-10.225763668657414,-17.726452191243627,-1.9208108203065017,0.2210854701064269,0.1583002589330486,0.36,True,3
-0.60720892309025221,0.78730611396921835,-0.10698788074480137,-0.79000869414950026,-0.61260971076083659,-0.024405029189190446,-0.084756043370234527,0.069702404465068507,0.99396075773845838,-14.624273808616536,9.9032051854635661,-2.6410325273478423,,0.079769775109781,0.3125,False,1
-0.37312666359370306,0.92774928520336886,0.0075997842121016124,-0.92693922671121842,-0.37242712079852114,-0.045625756736002339,-0.039498897445885854,-0.02406872448558009,0.99892969402365717,13.255229061755763,-17.006939855735261,-0.14748291995576007,0.1943521702029126,0.2604862362165377,0.2777777777777778,True,5
0.20703725581677285,0.97832343795227972,0.0043388313050023164,-0.97738776618072165,0.20664026565006668,0.044865968532173527,0.042996851327978258,-0.013529647641494058,0.99898359316386054,4.4579838413982475,-11.464002338603024,-0.53728835037556155,,0.2004225466197817,0.1739130434782609,False,5
0.68969385952404894,-0.70020589187189353,-0.18448330310005387,0.71775467548092076,0.69474636716821114,0.046429636352765188,0.095658799700278796,-0.16443598844066432,0.98173835605289572,0.70311351807818601,7.1378085541344252,-0.87468755584117464,0.1784103729037416,0.1493948186560971,0.6018518518518519,True,5
0.91177404768491499,0.39895843516542279,-0.097469241192404354,-0.39076204409011744,0.91577613870740682,0.093054224367649402,0.12638477308117055,-0.04675714688161535,0.99087873039474994,-3.4713174286237112,15.165677358599648,-1.3713585036674532,,0.158362121949223,0.4375,False,4
0.84858506713038528,-0.45457519864322965,-0.27067466195007428,0.50951721289697971,0.8399509178301352,0.18674759810505312,0.14246260423357598,-0.29638462243304886,0.94438369425790358,6.3951355939724834,15.885999476945218,-0.2589630056693828,,0.5613836849692881,0.8409090909090909,False,4
0.091203286048169699,-0.96999143817866562,-0.2253853821216017,0.99582470484455676,0.087952288045676077,0.024444881852498219,-0.0038881660545684437,-0.22667378517952863,0.97396297531123721,-13.60652500035512,-4.0069759885191019,-2.2368505596535351,0.8471564074325473,0.7775349521305361,0.8665797479356802,True,5
0.94530392132348451,-0.25132062853144677,-0.20793854381764093,0.28509085773498888,0.94632540052392111,0.15228735718754782,0.15850457143682259,-0.20323921373051493,0.96621432551780673,10.815523496266632,0.67150955576565241,-0.12006798627049296,,0.2223288851289754,0.3333333333333333,True,5
-0.21191087111996371,-0.90237571041305753,-0.37524906389984214,0.97387570194794992,-0.22704687073520913,-0.0039794025602386124,-0.081608209492460893,-0.36628922417384702,0.92691547856185641,-23.644387501925429,-8.9823719439778014,-3.4924047952124475,,0.293027486902676,0.275,False,3
-0.52312735844241431,0.84032502603679837,-0.14209721132139141,-0.84932402624893477,-0.52784600010425686,0.0052248071960566732,-0.070614908378902164,0.12341981522507384,0.98983891817024861,2.2584799798262329,-12.388027193337001,-0.74555859834513605,,0.07240259272718083,0.282051282051282,False,5
-0.48905479779096733,0.866744539982919,-0.097873935076884466,-0.87014328560910814,-0.49259046652591415,-0.014328112128557093,-0.060630580295939464,0.078157115463534987,0.99509567280508104,18.115007139324039,-0.041685880923504393,0.2736468232614308,,0.0975256434666487,0.1666666666666667,False,3
-0.94684946355886168,-0.24265876666666447,-0.21117011227469562,0.27228546744615323,-0.95413161041460814,-0.12447286541754868,-0.17127964729040093,-0.17535561857961252,0.9694914591973649,-0.26186164289592379,-14.617697310891959,-1.0448100546729266,,0.5613390606113615,0.8648648648648649,False,5
-0.80362505202428214,-0.56129278440103902,-0.1978312056736706,0.58184605689270941,-0.81085746035362616,-0.062970985916319,-0.12506774898979911,-0.16571236878457807,0.97821136212703441,8.1701231330874027,11.029963406075318,-0.29665331624165686,,0.1641193423371283,0.2352941176470588,False,7
-0.17859663899855679,0.97578575973537973,-0.12627506339759265,-0.98386915503848338,-0.17844496449059727,0.012604777340726703,-0.010233586970315039,0.12648931079579939,0.99191518183367067,-10.132893210272112,11.030861754037534,-2.0823340250838793,0.8406625716614942,0.406899415564574,0.8557692307692307,True,5
-0.69792217556507008,-0.60905611769063939,-0.37676953480625919,0.70469952018003434,-0.6778194755240593,-0.20966483934679686,-0.12768407540703069,-0.41183905121284303,0.90226679689743461,-15.816781303640218,15.828812520246295,-2.8948754749364451,,0.4043030924148044,0.3333333333333333,False,1
-0.90319825782499497,0.42100911930669471,-0.083571696898503078,-0.40731318657049603,-0.90210290220889022,-0.14250025218253415,-0.13538417598701191,-0.094666125340054377,0.9862603356139894,16.009346727268728,2.9868964124253519,0.13546011600016397,0.6080425994422056,0.5351494266319258,0.4615384615384616,True,2
-0.92760804908531025,-0.24306726507194903,-0.28365756101783757,0.2908915741844984,-0.94641674128851938,-0.1402763126022521,-0.23436168488174386,-0.2126350311196703,0.94861000637781989,-3.3500008917687776,10.728335494695649,-1.2411060672970857,,0.3814137549184207,0.3790322580645161,False,2
-0.8977317773119754,0.41569555084419824,-0.14585905872663649,-0.41791090305659356,-0.90833655777485922,-0.016588397033531051,-0.13938483816650998,0.046064159799764859,0.98916629545857315,11.216511143442018,-18.870429855727853,-0.34061003382472782,,0.0811985169732241,0.5625,False,1
0.2522221685583837,0.96712422868204295,-0.032476206426719806,-0.96734043879039178,0.25286937200817433,0.017594208734832171,0.025228023476277908,0.026977898293902292,0.99931763710800436,3.4338421521638565,13.33959041057455,-0.49221672204288047,0.5348054999013343,0.3528565307369783,0.3333333333333333,True,5
0.97870699882083612,-0.079614805557499668,-0.18919326942350201,0.11782861474820638,0.97263646929973935,0.20023665032819554,0.16807447160598499,-0.2182653919525008,0.96130702206432983,-0.54040647110736928,8.9123301936111332,-0.97334747716879122,,0.3570224751982254,0.2884615384615384,False,2
-0.78832522570218866,-0.58226621952770397,-0.19876968611564036,0.59907227116239381,-0.80004195847323101,-0.032330768729641288,-0.14019897448243346,-0.14456456785545244,0.97951280403823271,-0.53250875971326883,23.333434083515385,-1.0372742603337417,0.3075600965068136,0.2259710967898133,0.28,True,5
0.14987047146774818,0.9877796102294274,-0.042781811521238222,-0.98596968948127972,0.15253259030423175,0.067805459361865869,0.073502470749132909,0.032019533258391686,0.99678088679693833,-11.438453329638875,-8.5510995593283887,-1.9035897798940251,,0.3735768382190547,0.8617886178861789,False,5
0.14462588591584707,0.98845396135949604,-0.045189815177507059,-0.98852489281625877,0.14634744953735948,0.037429404169913999,0.043610657019369919,0.039257996467355588,0.99827697574756702,8.9240517809068898,4.2513630640758242,-0.29698554165449165,0.6131589543728958,0.5836111974892251,0.9878787878787879,True,5
-0.33476549058730803,0.94180763499493669,-0.030503196178154168,-0.94065798223948605,-0.33591752104677763,-0.048186922530147315,-0.055629369589971354,0.012561756208100294,0.99837246332217633,-20.422869954808483,6.5266079846445955,-3.310526707102539,,0.2479528305939438,0.1851851851851852,False,5
-0.23758850658215797,0.97114332382316937,0.020792934707449473,-0.97036361614399391,-0.23631681200764457,-0.050485808169192466,-0.044115235508980874,-0.032171555079478331,0.99850830594430029,3.0382294120057698,14.471443242221591,-0.56263846526421202,,0.148029891113948,0.2,False,4
0.43623100709003682,-0.87356511080213994,-0.21583907348405923,0.89845740657646689,0.43611385140284087,0.050783827961963693,0.049767429319804199,-0.21607569461608983,0.97510742853035048,-19.056069818624074,9.5467022887486159,-3.1792743329698308,,0.08546649458759199,0.391304347826087,False,3
0.58663449289853442,-0.78691483004656715,-0.19137664955386507,0.80589016445200201,0.59057657538256381,0.041956542385297002,0.080006340881243032,-0.17884171454721193,0.98061951161325001,-3.8441307443404789,8.7693055212398203,-1.2917667235762063,,0.09265642999007243,0.3934426229508197,True,5
-0.2365525854270957,-0.93023384249398011,-0.28054923383720642,0.97158582135902727,-0.22409433327686312,-0.076175596665233797,0.0079916244820885524,-0.29059719212698054,0.95681210583168008,7.099982698122826,-3.452679669801717,-0.44749119916225627,0.3664256016296643,0.174946491776889,0.3571428571428572,True,5
-0.96420056822958711,-0.19761137551550542,-0.17682479603441004,0.2084676514672201,-0.97699827186923838,-0.044895601747416768,-0.16388563853334584,-0.080150614666332151,0.98321786825256896,13.744215050054192,0.1141988068981768,0.021241333799904883,0.4571669492212013,0.3947140641964381,0.8561151079136691,True,5
-0.78308946492215492,0.62077465956088029,-0.037546131292133134,-0.61081131013877554,-0.77906689666080686,-0.14129513060913282,-0.11696338458887588,-0.087713126579621478,0.98925526235200867,-23.485783663424098,1.7814801559619384,-3.616060570074489,,0.3787092323236264,0.16,False,1
-0.97970153299336349,-0.079883270212732366,-0.18385747031483979,0.090374673670523584,-0.99468210742156338,-0.049395582133858328,-0.17893385540304824,-0.065008986421232262,0.98171100995918548,2.0542712117140369,12.858701500218693,-0.64917986868771382,,0.0847161903409506,0.2083333333333333,False,5
0.98574326342846808,0.059753788219193069,-0.15728859907459614,-0.044752656213103981,0.99425363263734134,0.0972466644637318,0.16219561759574436,-0.088821161785386071,0.98275296125314671,-1.8506692027473692,-10.705193017224641,-1.0741358078960153,0.8815812770679758,0.4606445288531624,0.7971014492753623,True,6
0.50490648109395253,0.85800156918833237,-0.094354399047852033,-0.85764219205454117,0.51102018017493134,0.057517352702135677,0.097566980875721923,0.05188142947471365,0.99387574752503971,-32.724128152229156,-2.1648826621241937,-4.8509143453453127,,0.1724862641175157,0.1875,False,2
0.63780995270440011,-0.72601428376417887,-0.25710255541631638,0.76254380067082983,0.64218466439496069,0.078267546751002046,0.10828396136870561,-0.24597178006088619,0.96320946170808674,-11.486934399780205,13.070754807326646,-2.331659782235695,,0.2067792561998589,0.3928571428571428,False,4
-0.0753570857715294,-0.91600142424888975,-0.394033882296977,0.99685431860596863,-0.078932423587852019,-0.0071512224953709826,-0.024551519314550255,-0.39333327253177219,0.91906809302618808,25.011633547836144,-2.6548432538526159,0.71772331427548675,,0.350080949107606,0.3076923076923077,False,4
-0.70908070097777087,0.70180360102428352,-0.068383222286026737,-0.69759509095376615,-0.71233673198669267,-0.077054976086718241,-0.1027893407804468,-0.0069343962870631465,0.99467897613755474,-3.7809619762571898,-20.426583244685197,-1.2864388546181598,0.2772969661083813,0.1229023959816436,0.1428571428571428,True,4
0.11141727215971634,-0.93592904548472566,-0.3341003042239527,0.99349962389223911,0.112798492467415,0.015329625665951443,0.023338568732194483,-0.33363651166370945,0.94241285501334504,-11.632461715023149,17.928622264894731,-2.3891901229297257,,0.4442483049393246,0.3529411764705883,False,4
-0.41788951469952651,0.9076029661387337,-0.040313885453627366,-0.90576293049224033,-0.41966167934070758,-0.058971083075076744,-0.070440522785571419,0.011871425740456742,0.99744533785094469,-10.950088769361798,-11.100042346778965,-1.8904400599467179,0.4009937471668941,0.2432757951456371,0.1228070175438596,True,4
0.54681718666453383,0.83593073508704141,0.04701883138832505,-0.83013395235087728,0.53400535458588549,0.16036178605863388,0.10894303797212809,-0.12672050903639168,0.98593779066783016,-2.1188126488624062,-15.515476413098995,-1.2111509139696528,,0.4474902657772321,0.3076923076923077,False,3
-0.85180602687580587,0.51402829462955157,-0.10100200442707892,-0.50742630673209832,-0.8575176822392675,-0.084746491863768897,-0.13017309942639935,-0.020936498447168064,0.99127020898365292,-1.7493699172637882,-17.736998367123693,-1.1867158349423521,,0.1295786496181478,0.2941176470588235,False,1
0.61387595189488775,-0.74407458442062102,-0.26364621845273073,0.78479093919533016,0.61129433499251318,0.10209024323103524,0.085202684476820278,-0.26957790863744813,0.9592018837203159,6.7083541181288222,-18.967069694410124,-0.63895947006610587,0.7381100870193446,0.3950279224986087,0.4893617021276596,True,5
-0.96786498197897042,-0.16384915784636889,-0.19076380718543984,0.19323347362295137,-0.97004615102896286,-0.14721171673988229,-0.16092918110291915,-0.17934301867352082,0.97053484240526566,2.5359479179403501,-26.881084900493548,-0.95434206827404489,0.4855705617911322,0.5302252284325246,0.5416666666666666,True,5
-0.96359950654145587,-0.14782953842909591,-0.22276089998225246,0.18398097446444936,-0.97121075182072536,-0.15132969498063789,-0.19397678218842121,-0.18680498685972427,0.96305602373702226,-2.2945122518684071,-5.5422490314306891,-1.1487545885711692,0.2566758079583781,0.2985294190687305,0.5761772853185596,True,6
-0.65891398824716829,0.73953326522150398,-0.13756055293226502,-0.74578050420598496,-0.66613251828474707,-0.0088829966727025627,-0.09820282907572743,0.09673684775948195,0.99045352573812429,-2.0298108862249036,-13.820465631258507,-1.1099977217205836,0.1361001059647058,0.1083307189731716,0.5135135135135135,True,4
-0.96631789549017866,-0.20134238052401982,-0.1602840312082088,0.20541653446290076,-0.97863239306676486,-0.009093217784133743,-0.1550282949163965,-0.041711929292931625,0.98702904857454787,-0.18308240380159493,-12.978784892632357,-0.95603426845369033,,0.07642078862538867,0.3846153846153846,False,5
-0.055289909204283248,0.99490018495767463,-0.084360227070388552,-0.99841251438615242,-0.055998339173882944,-0.0060528610498181441,-0.010746025186260572,0.083891644285662814,0.99641693831535416,-3.6129021262482635,-12.889232051751298,-1.2659737594982374,0.222836074507418,0.1824454734542843,0.425,True,6
0.87955691324740892,0.47498455934103956,-0.027736343419585308,-0.45080012772620554,0.85058172406329757,0.27072121367108637,0.1521804231848749,-0.22561116789092586,0.96225813570068897,-18.811769366332094,5.141354419405979,-3.0674348804671205,,0.3487549003107578,0.2524271844660194,False,3
0.17335846154251466,-0.96045230756272937,-0.21789494879194032,0.98485642239075133,0.16954745633876961,0.036214462922213184,0.0021612698359553782,-0.22087332330202941,0.97530010969250636,6.3673304320818813,14.884623207633625,-0.23880901105164679,0.1747938415326217,0.1773206626933281,0.4615384615384616,True,5
-0.71643928304397664,-0.6332340809822693,-0.29279575200807434,0.68536235070107643,-0.71725621862040478,-0.12578539299876235,-0.13035797617686437,-0.29078878164898125,0.94786532931328049,18.533625872149262,12.818673851218811,0.58662695767719564,,0.117492621805757,0.1666666666666667,False,1
0.94937162829460198,0.27224984972267119,-0.15675946770526655,-0.24978969203389156,0.95678362818866702,0.14889660366759172,0.1905219702366871,-0.10220131190994225,0.97634843713759112,-13.877324716299002,-19.338023312188113,-2.2846308476228323,,0.3879712194068574,0.3478260869565217,False,2
-0.97950399913438502,-0.11870634723213604,-0.16272897346984144,0.13601957848492513,-0.98567566678571683,-0.099710351394996524,-0.14856173783490856,-0.11980101432514639,0.98161964478006247,-7.301796191366182,15.067463671323473,-1.8500443745747555,,0.133428161352741,0.3684210526315789,False,6
-0.36167033120713138,0.93216723172861604,0.016087996019815476,-0.93097102836753987,-0.36017551934909403,-0.059720512404836099,-0.049875002404107305,-0.036576595700257203,0.99808548570859945,-26.565558667350704,-9.2580217968015699,-3.9008746174649747,,0.2245219208733173,0.28,False,4
-0.8653368617203725,0.4915773538485933,-0.097692481446380069,-0.47251751023188987,-0.86516652770649627,-0.16797047913410118,-0.16709074861341786,-0.09918963917415187,0.98093939527796936,6.5925663857000485,-21.740205709202055,-0.68123901991218083,,0.3217641033380289,0.5952380952380952,False,5
0.16684397610155111,0.98036378215637698,-0.10511870563638173,-0.98491685483982516,0.17067092243456769,0.028464456568842944,0.045846228754945886,0.098784061828702904,0.99405222822423722,5.9278695989842483,-17.839054138771179,-0.60223642187098758,,0.1362184180434662,0.1363636363636364,False,1
