axis_00,axis_01,axis_02,axis_10,axis_11,axis_12,axis_20,axis_21,axis_22,location_x,location_y,location_z,dbh,dbh_approximation,score,reconstructed,number_clusters
-0.60757687861015386,0.77938219933421515,0.15301543693139327,-0.78907366226537345,-0.61428338182659015,-0.0043223061899800713,0.090626111565346931,-0.1233665845058961,0.98821434604537894,-37.125377362121242,4.0997233388634253,-3.4787315016873257,,0.2987029131986695,0.2631578947368421,False,1
0.64189194008071093,-0.76443649462070051,-0.060096447078299683,0.7609729806640273,0.62541913611906341,0.17254282620667999,-0.094312565221848055,-0.15648562192130661,0.98316702048694382,-7.0681762430209067,-12.144077949466922,-0.66658557858709211,0.1256917577651034,0.227129469729114,0.4054054054054054,True,5
0.71839428343521594,0.66920561597545192,0.18993024265376907,-0.69408144691581586,0.67131062970158328,0.25998650637468068,0.046482239348497691,-0.31859987758406377,0.94674892100734365,-11.486064253802219,-10.339511210101575,-0.89688777824678845,,0.6368187038612296,0.2178217821782178,False,3
0.86237218331950316,0.49498853785625108,0.10630411482009444,-0.50498825931885138,0.8260448869289102,0.25027325611962636,0.03607042260453415,-0.26951102420779416,0.96232153277560817,-6.0318298367848548,7.5236642655779526,-2.815023262168495,,0.211333486781713,0.3648648648648649,False,5
0.4653300156648934,-0.88173338934885592,-0.077551316099007242,0.87987400392693627,0.45124375755660878,0.14899935731328923,-0.096383161054671401,-0.13756926027848895,0.98579155245494876,-15.523990550040828,11.32416634065669,-3.5741423582848801,,0.1336321500423155,0.2857142857142857,False,2
0.74079831284685804,-0.66613503421035558,-0.086498415481536417,0.66750468979855793,0.71559628015038212,0.20581412228480872,-0.075202053031675722,-0.21020485254271304,0.97476077638942593,1.5363589340777757,-7.8279398046518232,-0.99841697884702363,,0.1791821085057811,0.2222222222222222,True,5
-0.81436303154718237,0.55353254796505935,0.1743977384962084,-0.57557944037208308,-0.8088058101443788,-0.12058801473469313,0.074304513121630514,-0.19858217397340552,0.97726350566761355,1.8675588600932884,-11.981773479815928,-0.61032996417690155,,0.773453598809947,0.390625,False,1
-0.98557231022957659,0.16618930141315677,0.032067700331382808,-0.16579987858183073,-0.98605337608613219,0.014461665581518263,0.03402383827534159,0.0089361963356027179,0.99938106987478292,-1.0582857325038457,14.741211513140597,-3.4988159343346044,,0.1354721392398515,0.5882352941176471,False,5
0.54635035838264834,-0.83703863991892868,-0.029455070494275586,0.83256731067640155,0.53892680305151786,0.12802177215511246,-0.091285043069589206,-0.094468069924930245,0.99133386135874657,5.9260078559425082,11.095111974655662,-2.9821511418522544,,0.2508862171845809,0.4347826086956522,False,5
-0.093490067092126372,-0.99376542160975578,-0.060744499075166089,0.99026648880560797,-0.099132771095306382,0.097698387108371948,-0.10311104937746195,-0.051019413047866037,0.99336052417464638,-18.553836019704942,-0.61487520405873086,-2.3300052560496582,0.4143612387511217,0.2708040027732213,0.8756218905472637,True,6
0.97391503836002302,-0.22080819953144665,-0.052280369890377071,0.22274224799295433,0.88632304318430499,0.40597703639437166,-0.043305761917313723,-0.40703218808859887,0.91238665534112651,-23.2524328170202,25.837929506800492,-5.5730285109958562,,0.3028110046999425,0.2307692307692308,False,1
-0.14937640769121613,-0.98202397014172615,-0.11539328789990332,0.98572234656061752,-0.15706821132619533,0.060671512934980423,-0.077705497336401044,-0.10468284987461909,0.99146525739726787,-8.8520982720168178,12.052573598458217,-3.3665128288663566,,0.1853553496386958,0.2830188679245283,False,5
0.34491375987570566,-0.93863437942304684,-3.6763613647564607e-06,0.93340458952089544,0.34299159072523089,0.10541651176691327,-0.098946301142246354,-0.036363036959078228,0.99442815679835828,-29.942831621865725,10.295637789890241,-4.1311963028653951,,0.3494433021668666,0.7666666666666667,False,1
-0.22715543914255518,-0.94701894107482643,-0.22705843237692716,0.96684462813937133,-0.24723628536053008,0.063919357311912034,-0.11666992545636694,-0.20501059593748139,0.97178124289747692,-8.6641752455963701,17.268218215747854,-3.9678412116701391,,0.4679567197219467,0.2083333333333333,False,4
0.95307703766615404,0.30174118810487238,0.024421623094466556,-0.30137965246487813,0.93813482838773266,0.17050908728295994,0.028538839388760461,-0.1698684760836417,0.98505341757661224,3.5648364426301176,9.3803995095012471,-2.8496982493186689,0.9704933939716398,0.3640949563591251,0.1333333333333333,True,3
0.36319698967563485,-0.93056544594196955,-0.046215771219134977,0.92591443533782669,0.35496741776796759,0.12915336138163144,-0.10378056235919074,-0.089699961772365513,0.99054707699051125,17.31200995555179,8.3877715027729884,-2.6247062304681514,,0.2796573471752145,0.4,False,8
-0.85182844325660023,-0.5229746692494075,-0.029762368563491872,0.52258611217040873,-0.85234657808320358,0.020225384952322054,-0.035945217006625979,0.0016751577016238875,0.99935235789035948,2.740954351408619,-10.226932065534884,-0.75087036188136613,,0.0686732353648822,0.2727272727272727,False,5
0.84950975134650997,0.52243595335477511,0.073442882633230192,-0.52677898653473842,0.83233785143890338,0.17238793579454453,0.028932364449262241,-0.18513339975368434,0.98228740324968955,-0.42093305245313228,13.491605060305618,-3.3315061764330838,0.899818518420525,0.4245310631514393,0.958904109589041,True,5
-0.21120607511353326,-0.97735640292801507,-0.012901763086712547,0.97335326575568026,-0.21151034367162316,0.088582134556927122,-0.089305172738684199,0.0061511117304897181,0.9959853161300074,-7.9004838002242996,-14.944262578817806,-0.4271536546894566,0.8863609903912344,0.8048377068267838,0.9663299663299664,True,5
-0.99941494192653846,0.013842743759805808,0.03127542644273041,-0.012192693060215611,-0.99855452024240199,0.052346999335271163,0.031954844545290052,0.051935041625744985,0.99813908818431663,-7.389284671493547,4.9710014011683645,-2.545529113481892,0.1539775529967221,0.1231854261719162,0.2807017543859649,True,2
-0.49601218554241738,-0.85938193341939795,-0.12423608294602057,0.86049777002023975,-0.50564530512037698,0.06218048890057138,-0.11625618084053756,-0.076062592133431903,0.99030247020509565,-9.1386970837327901,16.044303130286167,-3.8416691507499978,,0.1786040277641595,0.1764705882352941,False,3
-0.51881157687768276,0.85340529626209638,0.05033833538662242,-0.84994134979404323,-0.52123983386840356,0.076868312711536407,0.091838170756891199,-0.002904462195092094,0.99576970956711941,-14.342198004005992,18.341082426832152,-4.344084272374773,0.2681815859810218,0.1935111887257235,0.5263157894736842,True,4
0.27226137628736585,-0.94266767591002754,-0.19300620657506673,0.95785632719030012,0.2464290982832083,0.14759388869744583,-0.091569642587588124,-0.22505633142329656,0.97003332326403569,-4.0504919267632378,9.5732121221591377,-2.9769206626301696,,0.6431763081384907,0.4661016949152542,False,2
0.295152344334632,-0.95544569430890736,0.0029357895600217814,0.95023871063987952,0.29386154403169018,0.10340109158403785,-0.099656843393870043,-0.027729373701563653,0.9946354082772686,7.443344543676842,9.4284531285423974,-2.8031432637877343,,0.08695180067972862,0.3636363636363636,False,5
0.1537111268443061,-0.98381476694116154,-0.092094483183097334,0.97297622004350304,0.13444454019305202,0.18772836983827398,-0.17230834197481737,-0.11846168140283569,0.97789399493252982,-11.409056848015616,9.9980069863408296,-3.2749726433741744,,0.1244972317094618,0.2068965517241379,False,2
-0.82422564640115448,-0.56622826458767694,0.006134834686074485,0.56542838453568833,-0.82237723304030297,0.063138170216880007,-0.030705468176851727,0.05550890882553465,0.99798593941249369,-10.410852406587951,13.605422109993574,-3.5971043206964484,0.1511189737979754,0.1343208817774255,0.5205479452054794,True,5
-0.8482911888742094,-0.52040461915003466,-0.097883048816881077,0.52850241001623388,-0.84356516581881602,-0.095304845753540479,-0.032973648348539511,-0.13257768810920237,0.9906239928096866,-8.3210550536655195,-5.2037160820948403,-1.3734312717650303,,0.3495821073429638,0.2680412371134021,False,1
0.49599520719430545,-0.86822303287778546,0.013323648928846158,0.86286095987296674,0.49453461541121352,0.1044340848917968,-0.097261083519472782,-0.040302349070299788,0.99444255856838482,-4.6689196847598966,7.0211309127413752,-2.7371041053522389,0.3062551677111404,0.2742614527794832,0.9437751004016064,True,5
-0.3053747317071942,0.94085726586277607,0.1467442622659566,-0.94728580907737925,-0.31584664234012599,0.05376331875063925,0.096932291602816661,-0.12259079816890514,0.98771231998438513,-12.020392106228783,18.164624323142,-4.2242481551139717,0.3611741592965171,0.3019948985296436,0.676923076923077,True,5
0.96891406891670839,0.23639651602542111,0.072953507566879849,-0.24738162415151232,0.92242855221101938,0.29652638684953914,0.0028034063972046793,-0.3053559452130013,0.95223415588585503,-14.545931532249137,11.141887691257768,-3.5026712494678627,,0.3540651850144969,0.3,False,1
0.068834113606259739,-0.99744730209489396,-0.018993271115295848,0.99288131663199142,0.066639173008397015,0.098721384227945491,-0.097203682477389947,-0.025653463009416927,0.99493383898049259,-5.0447183024910327,9.0496770535948095,-2.9385979878089712,,0.07553576577255283,0.2727272727272727,False,4
0.18425681097497831,0.97672031751462129,0.10984921011763289,-0.97910940401058921,0.17262249368253377,0.1074534766903886,0.085989549291523915,-0.12735342959245474,0.98812291815526654,2.9855781515526201,-13.308080375438223,-0.4791827453724361,0.4416889705409645,0.2920785134489923,0.4313725490196079,True,5
-0.25283297308514641,0.95938745003749515,0.12510478980229769,-0.96298657104789198,-0.26202726614037908,0.063234292756551125,0.093447052935594924,-0.1044865183148067,0.99012636354563377,1.2553172598044096,5.5132899164040516,-2.4839997598147532,0.4252153705945948,0.1409083186405456,0.2407407407407407,True,4
0.99055402529472725,0.12727432326668525,0.051029105512632657,-0.13691868023891257,0.93834731263382987,0.31742337008245491,-0.0074831794076119749,-0.3214118347383555,0.94690994002390594,17.395782770469374,24.210900347559676,-4.2320985000173126,,0.1980629526276973,0.1666666666666667,False,2
0.91184690110516486,-0.41040213658214886,0.010262321068663023,0.40620792129758165,0.90558202115126329,0.12213241847557044,-0.059416778943382202,-0.10719743120243801,0.99246075848045145,-9.6870676071361146,8.2671395483263481,-2.9862163124920915,,0.1106102531962997,0.4957983193277311,True,4
-0.25822772659221999,-0.95926758292767733,-0.11456066324487937,0.96217449553713563,-0.26602554487052255,0.058742230245377204,-0.086825580083711509,-0.095058475794820921,0.99167797435593641,-6.9725920201342504,9.7938672620030633,-3.0549392748242195,0.8750810954017604,0.2259431672866074,0.2545454545454545,True,4
0.11480522154901533,0.99021233874004067,0.079368037093411753,-0.9888829495035748,0.10631876081438793,0.10395591988917137,0.094500123207286721,-0.090420381031450128,0.99141004705819658,-1.4437798790709016,9.5124753876147476,-2.9113311375041016,,0.0784354880073321,0.3725490196078431,False,5
0.27355454975145149,-0.95249471178503464,-0.13387207450333197,0.95225267845953321,0.2485683714155322,0.17728113576597998,-0.13558298077902858,-0.17597610279062054,0.9750126494408673,-0.99532986454357442,10.94698069666998,-3.0814255807904587,0.9052777121231574,0.6036907651055897,0.2372881355932203,True,5
-0.91072847945785229,-0.41270709981541903,0.01569988746252042,0.41260787033467994,-0.90752586470853525,0.078431818944272355,-0.018121314584488124,0.077907988338635339,0.99679584836151824,9.9878921611032787,5.14826926518964,-2.3264135630133058,,0.07984540856173544,0.2272727272727273,False,5
0.55789052768333436,-0.82153260833620589,-0.11765344262503025,0.8230820193114784,0.529555667729113,0.20519937685605283,-0.10627393192759031,-0.21131722176927167,0.97162280910668541,-3.7746464232898074,14.513526437681167,-3.5142736576149796,,0.5276018770216239,0.3488372093023256,False,4
-0.89443720060437126,-0.44527329469461346,-0.041397913073243198,0.44671772144634864,-0.89391819488505564,-0.036790463427720993,-0.020624536862638956,-0.051399940517941466,0.99846515942918812,-8.5430808916821732,13.669932187714291,-3.5614464893560762,,0.419607115859968,0.1875,False,2
-0.38446698411731967,0.89300224532120631,0.23394898583882842,-0.9178898994859046,-0.396787801291765,0.0061296955717661389,0.098301935614149558,-0.21238274552639733,0.97222955049575677,-13.037782604085898,-8.4202938864359265,-1.1365936111835699,,0.5592698072892015,0.3763440860215054,False,1
-0.34893937464526437,-0.93711823135871497,-0.0071227296232517414,0.93395974540437243,-0.34836935568072058,0.079736980045644834,-0.077204318443800019,0.021171029207712848,0.99679048989038543,-5.7015862823274217,6.4527219638609239,-2.7073214980050095,0.2620755286362331,0.2331489425223824,0.8487084870848709,True,5
0.99392449458457899,-0.10909443939192591,0.014577460634516681,0.10523318796260683,0.98073596716765732,0.16456894863535773,-0.03225019714693414,-0.16203507644174384,0.98625785613423766,-46.345759736587659,8.9577235107979405,-4.962264196707566,,0.4737698814032004,0.8518518518518519,False,1
0.83201253690827115,0.55352943772991436,0.036882244967815302,-0.55349557105549607,0.82380373186429434,0.12243391763890651,0.037387046545715265,-0.12228071365863465,0.99179112509526002,-1.3364844618969651,-12.901111977662868,-0.52435844564847733,0.5795973113624889,0.5230527125961548,0.8402777777777778,True,5
-0.042694427481484477,-0.99813126728071888,-0.043716806134661619,0.99443085915407758,-0.046674766040006609,0.094491970966823893,-0.096355862427320402,-0.039439060481938189,0.99456528608442318,3.0444558193925637,11.093133284194492,-3.0279769624281765,,0.08565832923013363,0.3684210526315789,False,1
0.25872013930874654,0.96309611671936557,0.074227754082558814,-0.96072145553109967,0.2485719401794359,0.12339479501841497,0.10039011105815387,-0.10323691450013896,0.98957767006244779,-17.813324491096157,13.663538472693247,-3.9572854494626042,0.4399278713562408,0.4453118988311395,0.9253731343283582,True,2
0.23740003461129228,-0.97125520488899686,-0.017451376524232259,0.96627308491446251,0.23426061340753615,0.10694994331841823,-0.099787518941224312,-0.042252715675541952,0.9941112407983308,-14.104819917617997,3.7770916707372484,-2.6194846651988377,,0.06922936169294619,0.3461538461538461,False,1
0.1364454255202554,0.97945520162970146,0.14849294210539599,-0.98690885622274738,0.12138422350874298,0.10619218329183913,0.085985785823614311,-0.16103843728656689,0.98319533478988574,-10.293064069286881,17.784415155998268,-4.1011475299332627,0.3150221474856654,0.1850899942019097,0.3777777777777778,True,5
-0.85521279079005152,-0.51645936478394194,-0.043368271767026359,0.51657513833790358,-0.85619067602226229,0.009362304402100799,-0.041966759706550338,-0.014396208511580877,0.99901528529859041,3.4536089423736498,20.511113137530707,-3.9262977732217794,,0.3793798780872736,0.4285714285714285,False,4
0.53374198403940765,-0.83830262652283694,-0.11121241314974228,0.84040476594332181,0.51120479204243696,0.17997080311150124,-0.09401767840904425,-0.1895214155649996,0.97736498258778015,-17.554046145652872,19.512559685982094,-4.6528404642322361,,0.2245822560774065,0.3333333333333333,False,1
0.85719865883456536,-0.50388808382783756,-0.10633559267024957,0.51032714631127463,0.80342799156856837,0.30670778617747518,-0.069113407020734027,-0.3171754425241769,0.94584516472284175,0.88049492534374318,-3.4198327879418846,-1.4102496907625328,,0.1187095988234726,0.3098591549295774,True,4
-0.47227086625546671,-0.87731776875791601,-0.085286350068126474,0.8741310079820438,-0.47859586783948066,0.082710193877600896,-0.1133808174719482,-0.035489828241428718,0.99291755061575304,4.3105084146296591,6.5088764246794062,-2.5317467454110698,,0.1320812914360145,0.2619047619047619,False,4
0.9835369233528527,-0.18069847776510389,0.0017834054444805739,0.17584323430651333,0.95929109834235682,0.22099716194951405,-0.041644655722310825,-0.2170452689520998,0.97527282022789974,15.991079678709559,4.0678310696376219,-2.1818626948385371,,0.2493971419316972,0.3333333333333333,True,5
-0.99648072392357046,-0.082875071778204107,-0.012565401963906316,0.083782907357330766,-0.98934998910673,-0.11902530608768136,-0.002567349510673088,-0.11965918908412697,0.99281170781987649,-8.7525487867697755,-7.1999781145567834,-1.2022043075625162,,0.5536040893567947,0.3719298245614035,False,3
0.38945323817695865,-0.91386898712920928,-0.11475909391814763,0.91305940046909939,0.36669476741964052,0.17848663468748735,-0.12103184080435139,-0.1742940673416308,0.97722713408962469,9.48995480900102,9.316133962398796,-2.7603931919240727,,0.2089727630127955,0.275,False,5
0.99498908530825536,-0.099808263861905583,-0.0059186638960241717,0.095256500567071203,0.92829833967199749,0.35942786711929969,-0.030379585533009144,-0.35819059595009706,0.93315410182657277,8.3338260853789521,-12.238328985755716,-0.51511841175529849,,0.5671277686010103,0.25,False,2
0.42316696404764959,-0.90050037011523998,-0.10014391624563332,0.90117942272008922,0.40686557519708333,0.14945250678872657,-0.093836925592130499,-0.15349100019826481,0.98368447393132841,10.96278469791157,9.1055478638515179,-2.7423976916898765,1.045779920832007,0.5133669081672164,0.3548387096774194,True,3
-0.03141943876657502,0.99642592751860426,0.078410393675090881,-0.99522113221652853,-0.038444826549280074,0.08976019887036274,0.092453863398155173,-0.075215465698784706,0.99287205462862671,-6.8906301949088204,16.736014884246849,-3.8558808387675345,0.6268815192971723,0.234342654044933,0.6666666666666666,True,5
-0.34076896482835101,0.9314623702896927,0.12749260897840745,-0.93699915196205696,-0.347578637448613,0.034952539417784145,0.076870682527216794,-0.10754972581867744,0.99122346352582213,-34.295276502021267,11.976983280434682,-4.5588103049522184,,0.3034046427896472,0.3636363636363636,False,2
-0.67508601597890561,-0.71354781387607402,-0.18737232544429883,0.73506202947027754,-0.67219695903960397,-0.088515880433660002,-0.062790794395082616,-0.19748611488047632,0.97829267122300856,1.834542884557687,11.98064151773988,-3.1272200273504009,0.6261270964691563,0.3615634897673348,0.2857142857142857,True,3
-0.99306413260459214,0.1107791760789332,0.039390388187481189,-0.11501154525644312,-0.98484527743620731,-0.12981573082382553,0.024412558080071829,-0.13344569554268695,0.99075540540999041,5.7218200757958941,13.32990555418111,-3.2316245581919967,,0.5775400886440558,0.4761904761904762,False,5
-0.19517554571443793,-0.96441882043788629,-0.17833352220002602,0.97428994698670468,-0.211518973055245,0.077581075258713633,-0.11254157256638575,-0.15860662918948337,0.98090689243242379,12.213287246307077,7.756457285084875,-2.6039597171315099,,0.2292228506056247,0.1333333333333333,False,5
0.88343968978533682,-0.46854214346728795,-0.0016044647292694273,0.4648759383452678,0.87608905615297716,0.12789967801598676,-0.058520735296089983,-0.11373752891664876,0.99178581259077314,-27.300142931039961,-0.17488410461783305,-2.6636443253729207,,0.4120163042526648,0.8840579710144928,True,5
-0.99683783959664729,-0.025994104966566324,0.075090798739094078,0.019658037440944499,-0.99627870997107915,-0.083918374759832326,0.076992747140613327,-0.082176873664969563,0.99363930997238226,14.844415270242216,-14.014956354032478,-0.3127046657083688,,0.2380695738948819,0.1764705882352941,False,2
-0.65875646999832504,0.70342099672600156,0.26690600330517816,-0.74723168036306253,-0.6530497565912422,-0.12316992846434774,0.087662586644126114,-0.28057960863383752,0.955819205771543,-12.352626247663402,-16.420732572431199,-0.26567227328663401,,0.6086070106916666,0.32,False,1
0.8393123108278725,-0.54323542839387695,-0.021215895703417084,0.53984790127353544,0.82820118007134247,0.15048936447136529,-0.064180124519483822,-0.13776093301860742,0.98838395219191366,9.9372859406844825,-2.3437768212310393,-1.5537341612316764,0.5314609453994765,0.4964946497395714,0.8375,True,5
-0.39121588297796162,-0.90061684651851082,-0.18931304411695432,0.91681991947983787,-0.39927160255136407,0.004839694313652998,-0.079946032739329168,-0.17167260457952982,0.98190485724744381,-23.735889260518238,0.4127402552304032,-2.6149972066240794,,0.4946537268802432,0.3243243243243243,False,2
0.25484513197788444,-0.9646587915611311,-0.06698786883454011,0.96221198808405084,0.24610652363928542,0.11653183689243463,-0.095927309430181684,-0.094154101801274218,0.99092530314826544,-6.8247579765122595,11.240841515516607,-3.2321131692053782,0.7419926929434597,0.8115966987786445,0.9098712446351931,True,3
0.78713450481648817,0.59855377470982318,0.14883766360677578,-0.61480487711850129,0.74212132811407461,0.26696609790291009,0.049337961030082755,-0.30164434875996599,0.95214308402811476,-11.897028469080421,-12.655585312061499,-0.67264199368589561,,0.2344676790849706,0.25,False,2
0.74146985820807132,-0.66994184279713165,-0.037421606572759177,0.66592071820321153,0.72788698876076197,0.16349351259456585,-0.082292444590143829,-0.14614533472668201,0.98583441545779094,-13.411601737980577,11.25576934037371,-3.4577250400636306,,0.08254783068670896,0.3888888888888889,False,3
0.2204449210097196,0.97430696843874687,0.046151576925561197,-0.97113472990859107,0.2148155210663325,0.1036900587055806,0.091111871709372599,-0.067677345993305368,0.99353832521595065,-2.6041527061657028,13.861665574267825,-3.4192257167287448,,0.07076298452133475,0.1111111111111111,False,5
0.86536498032130516,-0.50095857291884416,-0.013563150541853223,0.49718505726118978,0.85482304691736277,0.14860880625017547,-0.062852761830275092,-0.13534425247504925,0.98880304593598189,7.0945135372596253,6.5656262162283507,-2.4918761914858343,0.6194214310109879,0.5154124970430274,0.881578947368421,True,5
0.95250259158593331,0.30349392590502611,0.025104779641264726,-0.30420279244905057,0.94441574488434621,0.12465777906230459,0.014123529597157781,-0.12637380168888254,0.99188214428853316,6.1930545114167863,11.918556922375345,-3.0639722938080061,,0.09410398815177233,0.1851851851851852,False,3
0.48450140562383343,-0.87454802065542292,-0.020594841980757415,0.8694842036014393,0.47883993468953823,0.12128287856944239,-0.096206068603290548,-0.076668614922935849,0.9924043106767011,-12.458771756647883,20.548716215539297,-4.4942446117587815,0.8548539114034229,0.6707761469199018,0.9803921568627451,True,5
-0.95373042420858445,-0.30060328463235692,-0.0059952653946758186,0.30015813114332024,-0.95309457359007843,0.038933662834322494,-0.017417641845663967,0.035332691114398219,0.99922381211175682,5.9286268028175604,2.8957064987076051,-2.1000072447059956,0.3966814535777994,0.4378775765904922,0.7912087912087912,True,4
-0.5328924541583373,0.801821413229168,0.27038500991786701,-0.84093994401047412,-0.53734211417387845,-0.063901978864569942,0.094051277868861818,-0.26143043744431743,0.96062921229208298,11.823784394925505,-3.6232086369377665,-1.4088837255504896,,0.3713642931881853,0.4324324324324325,False,1
0.46321530396042837,-0.87097784324626404,-0.16379614998813288,0.88098398237534092,0.4324225258157412,0.19203640791584431,-0.096430311494539428,-0.23325598757850052,0.9676222606388537,-16.913245288348097,12.553657117940348,-3.7740022836642066,,0.3342872463745903,0.1428571428571428,False,1
-0.76757259764939911,0.61962905728857498,0.16398822732569313,-0.63101542434267266,-0.77540856074167086,-0.023687510847812537,0.11248040531305081,-0.12166098508642877,0.98617785572806771,-4.917704934480871,-13.783462456210028,-0.4946129475127225,,0.6385965000490885,0.5681818181818182,False,3
0.45964716202018907,-0.87578354259003766,-0.14740309689836512,0.88459790728685395,0.43675491191799765,0.16349828543204897,-0.07881008102079147,-0.20554399393790343,0.97546944477290032,-16.299465465631204,5.6332121753621847,-2.9324569225237096,,0.3336475622905233,0.2,False,2
-0.54276972607944407,-0.83752962656343399,-0.062810421747990924,0.83687713611726866,-0.5456335614367781,0.043825514006991764,-0.070976640493928683,-0.028777443637910675,0.99706277397256338,3.887251468205537,10.680126518205997,-2.9842323149516181,,0.1089739663240977,0.3888888888888889,False,2
-0.30029010311294324,-0.93055007973980919,-0.20952900292955456,0.94847066031054039,-0.31459603069126607,0.037851605030536056,-0.10113980671578156,-0.18736564938519357,0.9770695230780454,10.162033554919484,6.3993607317107077,-2.4540674972118421,0.56588244365647,0.3029765711772094,0.4,True,5
-0.1065191145287063,0.99215899237153293,0.065377458625467982,-0.9854124254494887,-0.11411425152798851,0.12625485878952386,0.13272539323647145,-0.050975204310639059,0.98984114813222057,6.4135098217236672,4.2412593238017537,-2.2414392472007569,,0.1468322215854529,0.3421052631578947,False,3
0.83097525950354667,0.54530359862293154,0.11010950650100414,-0.55514572889040315,0.80003660991409054,0.22749646698775994,0.035963005822051523,-0.25017075793555632,0.96753359325978605,-15.979144480876638,20.921383466347422,-4.703850347897939,,0.1004285061474827,0.2,False,1
-0.014684567889059332,0.99319723162022577,0.11551459893810628,-0.99510859368839022,-0.025803467190875465,0.095357578872600546,0.097689560514040735,-0.11354928525908624,0.98871801317854247,-28.935937527386724,8.8330346112985207,-3.869267948163202,,0.4589951813575683,0.2727272727272727,False,1
-0.26848392354930106,-0.95575561313688306,-0.12019813123719243,0.95871476405176503,-0.27726130904812485,0.063183603047692799,-0.093714374483007346,-0.098271941378301864,0.9907372212413329,-2.7533554773953877,17.774693789945431,-3.83273476786399,,0.2150601300928823,0.1428571428571428,False,4
0.98891200137676505,-0.14778849829728691,0.014546934523583143,0.14389090310813452,0.97781531106218034,0.15222557424787797,-0.036721404326714682,-0.1484445257441431,0.98823871672833652,-10.428667830004295,21.937169585314486,-4.5103095142442386,0.1890714009252396,0.2068685212112366,0.8529411764705882,True,4
-0.22976100341602726,-0.97098635811198986,-0.066297614358844958,0.97099038131656057,-0.23333199396978507,0.052286326901051838,-0.066238664690494456,-0.052360986912949103,0.99642900717990002,-12.443077968001745,-13.744021296099177,-0.56567108378026298,0.3254988892793816,0.2855834490630628,0.3571428571428572,True,3
-0.097611104104157187,0.98602691708866352,0.13499255954381892,-0.99099706921352415,-0.1087871609722819,0.07803949268027402,0.091634497683847752,-0.12615970982930694,0.98776861989537434,-7.6067728428228012,24.171100648462581,-4.7087126901692615,,0.2089576996519356,0.3157894736842105,False,4
-0.93753101573476461,-0.3469309049501888,-0.025971941124653529,0.34695270515341736,-0.937874900942129,0.0038066480683673493,-0.025679075568744839,-0.0054421846012026476,0.9996554244862077,4.7469900473749043,16.880077480570822,-3.5938237702919187,0.5368852850705639,0.4564311132800502,0.6956521739130435,True,5
0.9486402966721843,-0.31486536855872932,-0.030682034027820809,0.31260785586849027,0.91809308875405282,0.24368300890982725,-0.048558377022033923,-0.24075896673731023,0.96936948784071364,17.964293838036376,22.097922882807165,-4.0228584939764653,,0.3881706061069986,0.3076923076923077,False,5
0.95960050105636108,0.2784840663346182,0.040168434997098316,-0.27945019521184089,0.92667233603760668,0.25136819611611294,0.032779059907877071,-0.25243812394394888,0.96705766467735255,6.3465465435296826,8.1267363942248743,-2.6900478842052054,,0.3785043293097037,0.5333333333333333,False,5
-0.12396134391735335,-0.97376055965137853,-0.19085061614162377,0.98583272988296688,-0.14275699875536915,0.088058321570743836,-0.1129929816656798,-0.17723095602572736,0.97766138019280779,-17.016287365912536,6.720307549888104,-3.1006567536331384,0.4355062975712756,0.3227168629149828,0.25,True,5
-0.60352983574074848,-0.79555939483462224,-0.053263370726191257,0.79576205673567613,-0.60519082077312336,0.0225126522595753,-0.050144655054676822,-0.028797912117438717,0.99832669694200027,-12.055024267430309,12.273792595266373,-3.5276588203714696,,0.1991878414257686,0.2068965517241379,False,5
-0.09564112901266672,-0.99487655371913186,-0.03276304779971391,0.99116603593140751,-0.098219389034743199,0.089122616847027228,-0.091883968445005029,-0.023949832516860652,0.99548166324910881,-12.018851669870218,3.0545933136018899,-2.4624289793829135,0.4664217282813428,0.3970771893801185,0.8808290155440415,True,5
-0.23847675722393641,-0.97050484318001895,-0.035343820224799413,0.96724931367461875,-0.2406198635723179,0.080813652623911714,-0.086934466467189678,-0.014914108037904253,0.99610238827215924,-10.44736152245823,4.1296940831875641,-2.4979966443326584,,0.06812269698425723,0.2596153846153846,False,3
-0.85989466954713245,-0.50670047029923093,-0.061933760445874925,0.51009186824110053,-0.8575858485615514,-0.065975740247975881,-0.019683577894594181,-0.088324094931693797,0.99589728939071098,-10.069824900072625,11.742756176400988,-3.3973704883467848,,0.2609547629754018,0.2758620689655172,False,2
0.26165502133932278,-0.95931410373555592,-0.10608063056923253,0.96037726079887964,0.24785074403546054,0.12745793667523994,-0.095980033071255882,-0.13522743455052341,0.98615484291085076,7.6350118155156403,18.350169546505509,-3.6701258640783454,,0.2483261029248321,0.1666666666666667,False,4
0.076498466198138465,-0.98559874899786926,-0.15080812525578791,0.9906431000418694,0.057985836600326066,0.12354712094254926,-0.11302315253418148,-0.1588481939701975,0.98081242766577947,7.0425947679924024,10.709430977432715,-2.9370822587548959,,0.2595269156574311,0.2916666666666667,False,4
0.75971735724548806,0.64025268484413578,0.11360473867673158,-0.64866383295185548,0.73399580290658251,0.20120982365612733,0.045439728433830484,-0.22655388071140617,0.97293811222218185,7.8802855867049262,12.356303174775542,-3.0729222516089814,,0.08375752581739282,0.4375,False,4
0.87793550843046875,0.44944588217504949,0.16500800596584858,-0.47875749034731357,0.82085087447415028,0.3114403752106723,0.0045286281891864354,-0.35242338297978176,0.93582971242411928,20.660064191108955,4.3146845253059407,-2.2250550794793935,,0.2402197739886794,0.2307692307692308,False,2
0.24272205535393268,-0.96837009541868069,-0.057839105660250939,0.96445272556011874,0.2344592376690407,0.12190080406342975,-0.10448418064195582,-0.085371096809561398,0.9908556059412047,16.719316661399152,-6.7846562798806147,-1.0851493476237604,,0.2201788769509445,0.6,True,4
0.47467273300455831,-0.85449930273388053,-0.21098990063340584,0.87490161879613126,0.43190803817407453,0.21909496568504389,-0.09608826135325628,-0.28859381176306137,0.95261779210876285,-12.231252209578233,-2.916056605330295,-1.7310693743297958,,0.2481808877741855,0.3396226415094339,False,1
0.9981694366758711,-0.056155516345608128,-0.022457374515542264,0.060407587246306994,0.94381015900199483,0.32492046283314957,0.0029494218506318452,-0.32568227116099896,0.94547467399299479,-1.6638408294845073,35.899942369579939,-5.7588200287722842,,0.1483130436454597,0.1666666666666667,False,2
-0.20652034243537376,-0.97841235139599481,0.0076562912782290344,0.97422376540124933,-0.20489779332398558,0.094366038479811398,-0.090760140413002316,0.026947447499205326,0.99550812753361817,-35.137371934349702,2.8343384378090883,-3.2520969345402939,,0.2014772300037063,0.782608695652174,False,1
0.86757487990222493,0.46282801705385068,0.18194519612410562,-0.49705545705221454,0.7953924572165525,0.3468237471939134,0.015801910557045006,-0.39133242343692137,0.92011370709805873,-10.792245397213241,-5.1063013937611599,-1.4396929224881896,,0.6035722733916921,0.3983050847457627,False,2
0.79066055605459962,0.59253536396566697,0.15413541951642901,-0.61079190810358175,0.74597445656935446,0.26543427650030826,0.042298109823216051,-0.3040130796464699,0.95172838420909367,18.032717799170101,-5.0725274032352727,-1.2801322986170174,,0.4415029710759722,0.3333333333333333,False,1
-0.3308978282726987,-0.90297256883227428,-0.27412983635652355,0.93969753806370149,-0.34191187370063369,-0.0080503154931767518,-0.086459031925122984,-0.26026296424763284,0.96165899633893381,8.2897326636687811,4.0835198638852042,-2.208019467410677,,0.2129526241624655,0.3414634146341464,False,2
-0.55350276492828054,-0.82812705620060123,-0.088545287877303425,0.82998176975257731,-0.55728385561339289,0.023769016619349506,-0.069028625186426523,-0.060334758317219538,0.9957885146172728,-1.8409335844628996,15.357358081782364,-3.5655787187477781,,0.08142038563779178,0.3333333333333333,False,2
0.94050769357030195,0.33777337068942409,0.036802559532962513,-0.33628461264244952,0.90989684925832071,0.24289994444153257,0.048558600010605885,-0.24082540099185307,0.96935297420605471,9.6595709152416944,12.397500605558907,-3.0889428159042565,,0.8207256178266578,0.2571428571428571,False,4
0.99610116529085091,-0.070639920071825721,0.052843828385682044,0.055791676711027312,0.96844204598417494,0.24291416669218363,-0.068335622598916498,-0.23901883871827301,0.96860737010503217,-3.2796480222461155,5.8020228730241188,-2.5837329616175571,,0.2854380519945162,0.1877637130801688,False,3
-0.99825875765643601,-0.019995812491931001,0.055494326241658308,0.014755476701074601,-0.99553032907066663,-0.093282580409062538,0.057111545851536154,-0.092301307592236786,0.99409191725273094,-5.6668292564238198,-17.051747662311708,-0.17978894689866518,,0.5678124147014622,0.5588235294117647,False,2
0.033712752289644134,0.93318751688148405,0.35780512666761288,-0.99488443405934646,-0.0027769178808212669,0.10098144182718161,0.09522821640391245,-0.35937911328241173,0.92832011705923756,-5.1540207898446946,15.01256228403161,-3.6004824190109455,,0.5361394362569581,0.3333333333333333,False,2
0.99031896388219265,-0.13723413179431937,-0.020860077803308091,0.1365454077096114,0.93605943734050379,0.32426544897536591,-0.024974014669585817,-0.32397457128058527,0.94573610259672591,-4.85886466595203,0.20502765405336776,-1.945492957151957,,0.4669843129893669,0.2707423580786026,False,2
0.002162379208539701,-0.94759528057439779,-0.31946597369561347,0.99524043520175842,-0.029085078904614221,0.093008248690782516,-0.097425870566151762,-0.31814657379616762,0.94302224646409394,-15.897478485689119,8.2458222059265083,-3.2539668711311487,,0.1830580264558918,0.1111111111111111,False,1
0.2186236194674292,-0.94366192100987323,-0.24840670652564212,0.97069184002812481,0.18427574427538704,0.15427184375175307,-0.099805133704503959,-0.2748538318956239,0.95629195666308842,-7.6158294588955391,14.025460922123418,-3.5428292105113819,,0.09088681301426171,0.7,False,1
0.99803185693183294,0.0022245437065451538,0.062669481843201508,-0.02227974599371961,0.94674721907152204,0.32120603372102974,-0.058617620794885784,-0.32197011442933282,0.94493344736373364,14.015464936853411,-3.255942037438317,-1.458723141873185,,0.2574621614553184,0.375,False,2
0.72733041093751261,0.6710602339861772,0.14376590586048277,-0.68439738970167663,0.69369744896441454,0.22446394425340166,0.050898784808672902,-0.26165246351349303,0.96381912309432827,-11.899970673239682,-24.705851057815828,0.45453901236676592,,0.7699369902839617,0.4150943396226415,False,1
-0.97870953175094599,-0.20523051028594971,-0.0028443114479072933,0.2043323957221061,-0.97293038668886644,-0.10795709664453436,0.019388772996471373,-0.10623982447849471,0.99415148502452588,-13.629807691368358,17.071705560768521,-4.1503467561697684,,0.1736054626838016,0.35,False,2
0.26868693982796443,0.93217787407684283,0.24259377454390957,-0.95721500839856433,0.23030622487829081,0.17520978990583186,0.10745583307768559,-0.27929098421518639,0.95417492634930023,1.7977115740370033,16.525616423137276,-3.6070927837771642,,0.2578057078711165,0.1666666666666667,False,2
-0.81646304503155842,-0.5676809125540544,-0.10548211990471607,0.57627371100302305,-0.81255382679601207,-0.08754934931775385,-0.03600980567291661,-0.13226738101646138,0.99055975782102446,0.51307510730829375,4.421452269537034,-2.3672568897764217,,0.3517802739580147,0.25,False,3
-0.30412767542643065,0.94385356517048569,0.12902249631238569,-0.9419947569778534,-0.31814357744094951,0.10691371268134645,0.14195856742708587,-0.089023096149474568,0.98586137640441673,22.910441648392386,11.107339528070428,-2.9379416172846597,,0.1528325476178353,0.2222222222222222,False,2
-0.99506536049759431,0.089711172808933398,0.042389076553263579,-0.094190262918134093,-0.98838152470498319,-0.11929021750866957,0.031194914797215381,-0.12269420155450952,0.99195413714329339,-12.345035323171462,8.2153747963685237,-3.0913822066600898,,0.4983940486534546,0.4833333333333333,False,1
0.92137317955770481,-0.38858923874397044,0.0083586795671732605,0.38433393075703143,0.91406874963289142,0.1294826266856357,-0.057955963114888917,-0.1160892952728373,0.99154645975994571,7.8053815245692482,-7.4817763201789411,-1.0112483574564064,,0.1052615310987993,0.3684210526315789,False,1
0.60943706854443691,-0.78307505778169539,-0.12401577869028663,0.78769133180547646,0.58024250979741188,0.2070289729060058,-0.090159998239123185,-0.22385728423304685,0.97044272938351539,-6.5184667770382259,6.2509764277815183,-2.7066460874058182,,0.0729209282610071,0.3888888888888889,False,2
0.89805412085836855,-0.4393934875174868,0.020788437568075822,0.43264274847843492,0.89082196004572234,0.13876774729497474,-0.079492441139565717,-0.11562698053446017,0.99010673827328088,12.871944639268351,13.466013283537908,-3.1850927812245393,,0.08859658123396956,0.3888888888888889,False,3
-0.39955159039323251,-0.8980912638763634,-0.18382221944910765,0.91316737601851927,-0.4075369302197992,0.0062445081852377932,-0.080522481268846063,-0.16536545061160668,0.98293967147243044,-4.2588692780533215,-7.9637431333072293,-1.0546501352891946,,0.2593212087067052,0.2758620689655172,False,1
-0.72629764262185026,0.66810947717393399,0.16162135017476761,-0.68237415112747013,-0.72912002293276035,-0.052435770534959417,0.082808527308526128,-0.14837020815818394,0.9854587911912347,-10.587658712002572,6.6547872989045809,-2.8283425148731229,1.484533036085617,0.6002070770803521,0.4814814814814815,True,1
0.098062014021501623,-0.97022525880358113,-0.221465095637146,0.99023836132859711,0.072978114201539962,0.11875261092220697,-0.099054677624536625,-0.230948353592552,0.96791065125536691,3.6627534029536681,21.441309310046151,-4.0104132197880267,,0.3643850402231282,0.2631578947368421,False,1
0.33704080316705459,-0.9396138314736503,-0.059408288175234913,0.93403234868242335,0.32577825819689538,0.14646534778230497,-0.11826693796366511,-0.10485406138820701,0.98743027966287067,-11.206559327356468,5.1734463133844741,-2.6585135938999787,0.3303110461138759,0.3326949571232415,0.4736842105263158,True,3
-0.067601112155751666,-0.9902637654882559,-0.12168715789402694,0.99311430311291526,-0.078483295687092586,0.086973290443909612,-0.095676907286208493,-0.11496976584786439,0.98875066743493689,3.9318460599291116,15.65806652563637,-3.4875450714620757,,0.08763502092008411,0.2857142857142857,False,1
-0.13703137083382957,-0.98985455341956241,-0.037554846317881835,0.98608272080016157,-0.13991626109837169,0.08980149007451145,-0.094144947537038767,-0.024726563748538016,0.99525138829264514,-1.8201280944065314,23.296635085519991,-4.368947966504245,,0.1457751562694184,0.7,False,2
0.49662337826678382,0.85938677659861007,0.12173573167454338,-0.86404668098264303,0.47618033340808252,0.16332673742607096,0.082392677112497772,-0.18629723101221018,0.97903257784172715,21.288570029026467,18.534179721898575,-3.6787348843590473,,0.1723211932349544,0.3125,False,2
-0.10357618592174549,-0.9650987673525514,-0.24053345497973894,0.99011360622469224,-0.12304476522840176,0.067342650071278182,-0.094588691071603087,-0.23118035168342829,0.96830192838643425,-2.2904340873987357,0.20206647288998258,-1.8935321333793971,,0.3859532464548934,0.240979381443299,False,1
0.61808563585017195,-0.77315980181824651,-0.14210583242097963,0.78123492029593788,0.58402972531949526,0.22041161324539033,-0.087419368940123005,-0.24725129078653102,0.96499982027900189,15.460150233498435,-2.4145600507374541,-1.5503030170039074,,0.1737185739355864,0.3529411764705883,False,3
