axis_00,axis_01,axis_02,axis_10,axis_11,axis_12,axis_20,axis_21,axis_22,location_x,location_y,location_z,dbh,dbh_approximation,score,reconstructed,number_clusters
0.92866558795362897,-0.36603566681870631,-0.059984301007229776,0.36853897155753573,0.89227620424708209,0.26081066269946546,-0.041943440417482158,-0.26431244002317678,0.96352461403689127,-6.5797137187321528,22.085749992147957,-4.0343106526064396,,0.584962486863083,0.1739130434782609,False,2
-0.061389671878571341,-0.98669484173704969,-0.15054765848773505,0.99477629897698816,-0.072808956160307511,0.071546983839240172,-0.081556257762892798,-0.14536899666828831,0.98601036081136983,-13.939550133705012,17.892596510720495,-3.9309129248958525,,0.1960334686782689,0.3636363636363636,False,5
0.59449673946517656,-0.80370178843428242,-0.025240087813053314,0.8002568615190494,0.58830083080277151,0.1161511432076795,-0.078502116894744248,-0.089250029379857446,0.99291079654656778,-10.267791673044487,24.90085049074586,-4.5769978718644406,0.8001431933668014,0.7054558434319744,0.8125,True,2
-0.8505357402225372,-0.52368541265134261,-0.048399826242385063,0.52481512861468149,-0.85110631912386581,-0.013678973813081849,-0.034029918913440364,-0.037035417151919832,0.99873437033834345,9.4955734066998687,7.705708931490534,-1.9704733348569465,0.3039461189063482,0.226112678323859,0.4090909090909091,True,5
0.43411107342648442,0.85380419942800856,0.2873429396515661,-0.89881831880373309,0.38904472002583568,0.20191541695187781,0.060606977414626485,-0.34592281633207883,0.9363034761387713,-8.8269869418990936,23.190791477447615,-4.2610848152824286,,0.262651579875202,0.2121212121212121,False,2
0.7078329807801742,-0.69045001045424748,-0.14916854354582734,0.70281521190215501,0.66719083268276003,0.24679378173490263,-0.070874884400491708,-0.27952669970472416,0.95751844625229132,22.897981964873068,4.8183040681426004,-1.396404290620473,0.8984016999187172,0.5317691349121122,0.4642857142857143,True,4
0.91399392912492294,0.39169266359990546,0.10579203563972987,-0.40559700828116602,0.87547013738898172,0.26276054767313556,0.010303610830886047,-0.28307047854223455,0.95904376322549378,16.55012014196674,7.7065557852205231,-1.7656989848355917,,0.2264751456123993,0.3333333333333333,False,4
0.67632832262827114,0.72911466094139576,0.1047464138342822,-0.73470965537239752,0.65755491209130312,0.16680305718772584,0.052742035544736263,-0.18977183348672225,0.98041059199790659,-9.512960113995474,19.420143641423032,-3.844529528043664,,0.4270500054206831,0.9183673469387755,False,3
-0.75335118896134812,0.64997126020567053,0.099996734932568207,-0.65363036081922088,-0.75679626083691154,-0.0051740698297504661,0.07231415840523242,-0.069258793592730156,0.99497431223334687,-7.6720910643917577,18.666999801710304,-3.6636331483271993,,0.09885549820849882,0.3636363636363636,False,3
-0.81207242666214075,-0.58087940324293652,-0.055834512115644844,0.58251498803768886,-0.8126181707572171,-0.018110694814001654,-0.034852009504664772,-0.047231636043278812,0.99827576850796196,-8.0930821693156858,15.971851776387204,-3.3892160235338609,,0.06797581784887768,0.6666666666666666,False,2
-0.99782269492085185,0.057484322488576087,0.032332988864614366,-0.058387203904996757,-0.9979093718987353,-0.027709563273883811,0.030672527138242575,-0.029537063914722772,0.99909296761325084,1.8891497527508065,-8.2927513454036959,-0.3599765413911083,,0.09573213370715408,0.3555555555555556,False,5
-0.087565181395711428,-0.99430122430903889,-0.060806367632697332,0.99289136194421246,-0.092055112632270189,0.075449318186631295,-0.080616886467436893,-0.05376738394051421,0.99529391942304668,-4.6726861947383318,21.287187067594509,-3.9015586619791844,,0.06811186552243412,0.5714285714285714,False,1
0.99723961798030392,-0.064924992676261242,-0.03602623566906496,0.070838162766839297,0.9773161614136634,0.1995872624580024,0.022250820800913739,-0.20158835771355482,0.97921756265297644,2.8001497503628259,16.081142109094138,-2.9939109548983676,,0.2621143843493334,0.2857142857142857,False,5
-0.52060441091353504,-0.85365334817515914,-0.015716503641446181,0.85206703119351235,-0.52063247090216203,0.054070367072769146,-0.054339872013518219,0.01475775699928852,0.99841343486448775,0.85822756951212897,-4.5278618254697909,-0.81450108992056858,0.8052774591277738,0.590578513219236,0.9514435695538058,True,5
-0.041177944575519924,-0.99838019712625825,-0.039260143487638635,0.99577571922858621,-0.044234570590511828,0.080461293548302726,-0.082067617702285767,-0.035781066932214174,0.9959842475530748,5.2120788440621011,12.270264630808358,-2.524512605974893,,0.07535509742788776,0.3181818181818182,False,1
0.56720231313779612,0.79593827737420042,0.21157456033683128,-0.82200605548763894,0.53125256333976378,0.20512620185286673,0.050868268230658154,-0.29026362596012656,0.95559376658269035,-13.844031323102634,9.6095225999406466,-2.7555396299631352,0.387761510482283,0.3433549455338336,0.5299145299145299,True,3
-0.34100406506904063,0.93644526064939304,0.082380224651797632,-0.93612015079514432,-0.34628439952225487,0.061369193597347653,0.08599587712016743,-0.056190643836874145,0.99470966651758841,-1.3436356209149036,12.661153822400646,-2.7843376355248259,,0.07493312642231054,0.2,False,5
0.76114326838228352,-0.64858082118984706,0.001960454293782291,0.64463486881146614,0.75683861882233638,0.1078943509713166,-0.071461954274692638,-0.080859281741809952,0.99416043254971664,7.5651525903622368,10.776893188124454,-2.3366381297208068,,0.08702500583907348,0.2777777777777778,False,5
-0.63742128739647086,-0.76584195774764852,-0.08473604974904736,0.76970684180923832,-0.6379271647193907,-0.024501228237099312,-0.035291359365608933,-0.080839521685416485,0.99610214922356188,-12.320098077681161,13.893412618990199,-3.2002054002569231,,0.3512544131571549,0.3205128205128205,False,6
0.26364552069880964,-0.96107321125914869,-0.082639712097031928,0.96051345222269413,0.2536617261938412,0.11432251205953384,-0.088909771761573803,-0.10951717337654145,0.99000052586901011,-4.5774484590334694,11.532185127528258,-2.7094252625545852,,0.1217327266708525,0.3902439024390244,False,3
0.60796221812558915,-0.7878703531953386,-0.09819494838159519,0.79185327474316558,0.59267300007311918,0.14733331687996246,-0.057882057758311727,-0.1673290815733447,0.98420051099838513,2.5230039284204016,18.877283088533805,-3.3766137551141373,,0.3830268449638177,0.4,False,2
-0.99763409600311359,0.062564683175020938,0.028493348544171463,-0.061790287226727275,-0.99771590508932606,0.027293463250857061,0.030135873912812611,0.025468277346467366,0.99922129478535171,5.9957282444885562,12.372789200697198,-2.517396883746732,0.4133668472541522,0.3280510799745324,0.7391304347826086,True,7
0.23315247635658681,0.95422241571969857,0.18734861650638004,-0.9709607630103172,0.2178133827178933,0.098957197835287322,0.053620140462468012,-0.20498027136056796,0.97729625441302792,24.845465826818376,4.103578420244383,-1.3284103987664873,,0.2341470534458646,0.3333333333333333,False,4
-0.048299510073659888,-0.99834075361193853,-0.031351188242074564,0.99537090285110308,-0.050719443134018799,0.081635187545287743,-0.083089849464442367,-0.02726312098275991,0.99616906153034823,-5.7615235135155292,5.1688908213322939,-2.0129356481610392,0.1431874647638884,0.1055009499807317,0.5155807365439093,True,5
-0.94431493789354981,0.32455885881543328,0.054137281382836126,-0.32542396901480386,-0.94553630312358572,-0.0077678739713258754,0.048667632588332566,-0.024952888406071298,0.99850328737487937,24.653443349067157,-3.4599086499693117,-0.66838052846043916,,0.1655771449249809,0.8333333333333334,False,3
-0.73681122171006863,-0.65182895633551108,-0.17952224164341044,0.67507726574390248,-0.7238781833183483,-0.1423764762573686,-0.037147124220501253,-0.2260959694428159,0.97339647819573527,20.033658344783902,2.8517117186495216,-1.2800545954317484,,0.1996907141162834,0.2424242424242424,False,1
-0.44345495539781676,-0.89026234404052862,-0.10382996348156888,0.89190604685666408,-0.44976393626629108,0.047074464572316836,-0.088607596252459273,-0.07173116768682504,0.99348041423504985,-3.3923477188315676,15.785162016620648,-3.0946638739494472,,0.1455492017408205,0.4782608695652174,False,3
-0.5333455209296899,-0.84579917463665355,-0.012896181147634073,0.84417319410126668,-0.53316941561706932,0.055695534932496141,-0.053983086843028077,0.0188183536609231,0.99836451053730346,-1.9407106405949719,15.735175520404958,-3.0312686907711361,0.6142199858070198,0.3200154432110581,0.7721518987341772,True,5
-0.96595694651846264,0.24428346725847117,0.085163167489873154,-0.24872212643244659,-0.96748354406521819,-0.045966246158766821,0.071165169118402288,-0.065583378894242192,0.99530615346091611,22.807055788744041,-15.768117068088301,0.59122089576718562,0.4336771427335189,0.3560556256670325,0.5,True,3
0.99480638340908201,0.10108208008953576,0.011944564174331936,-0.10102634793925058,0.96626139441482872,0.23692318309014798,0.012407116933418685,-0.23689941061193673,0.97145495659918124,3.2737824910873141,-15.78852529213164,0.39666256303860853,0.4803940621814759,0.2505932779156923,0.7142857142857143,True,5
0.27647431466440342,0.95999757554151477,0.044346457415005161,-0.95741560139681847,0.27115001110874515,0.099161674439749201,0.083170424628084133,-0.069873646177509977,0.9940826696191033,-5.1230258908909647,15.426567589165318,-3.2033594235962322,,0.7215918355633595,0.8089887640449438,False,4
0.66597295502299025,-0.73256058780696487,-0.14083681468231155,0.7408699290417482,0.6274685031424978,0.23957258984655949,-0.087130771944365151,-0.26389062650277417,0.96060916392898943,24.31746506011968,6.4553102477613473,-1.5837592967481133,0.8878812180311472,0.550183405031306,0.1111111111111111,True,4
0.16437346619297741,-0.98161829673366918,-0.096989087682046518,0.98299603664851842,0.15485331260216778,0.098687605652582513,-0.081854477855585084,-0.11156151260100804,0.99038067093474935,-3.6038682265862443,-12.942175334336865,0.013207503316947748,0.4655671456824019,0.1394340292374683,0.3928571428571428,True,5
-0.2349493365876818,-0.95635042013029714,-0.17376041883470661,0.97082854756638715,-0.23968670671675013,0.0064972188987405533,-0.047861680571703008,-0.16716505777190127,0.9847665220715871,-5.1559805249165533,-14.050235770490772,0.13123961888119273,,0.2979932824974082,0.3333333333333333,False,4
-0.66276064595503714,-0.74882960425594092,-0.0015968604049834949,0.74747435862872258,-0.66168648005551745,0.058762958607608877,-0.045060063979557537,0.037752164197973337,0.998270687104719,-5.8455171396782513,11.777787099976029,-2.7932519820108705,,0.07333720637599883,0.2758620689655172,False,2
-0.9881229970228782,0.14890163036657494,0.037963762046208216,-0.14764559160780694,-0.98845583383121305,0.033997703508068772,0.042587815549825381,0.02798873057531771,0.99870061025688606,-2.4820968656189804,3.7851741081405823,-1.7748570985805747,,0.1213285714790331,0.5552884615384616,False,5
0.97489053102470857,-0.21986439237289546,0.035328479798301823,0.20963500990861669,0.95964868009759696,0.18742351348631336,-0.075110685917356437,-0.17531132237661531,0.98164368541115099,14.610438795153222,17.176786274352942,-2.7953794405113626,,0.1686106534929132,0.391304347826087,False,5
-0.34015740334738953,-0.93255488192318259,-0.12097244789289903,0.93732142137495567,-0.34658566523855128,0.036151482442409726,-0.075640557768925754,-0.10109287241141093,0.99199734735936451,6.6736330934336427,7.6116857618700715,-2.0450877046004452,,0.2579694342017091,0.4166666666666667,False,2
-0.69711136645907501,-0.70901944836529585,-0.10642915292969782,0.71609629759856874,-0.69585090363763047,-0.054750456366278774,-0.035239683868950551,-0.114380687821263,0.9928117761863785,-12.275687014161861,11.060040376224377,-2.9180095018795509,0.534415095162593,0.379012141004196,0.1578947368421053,True,4
0.34085115490293422,-0.92410846854577544,-0.1727542432570521,0.93654453447332964,0.31776858083962994,0.14801170217013776,-0.081882996705481853,-0.21224200195330881,0.97378052324811948,19.716314845588474,-11.40530567801912,0.15138102679281704,,0.1158181537504837,0.2857142857142857,True,5
-0.73871701801316625,0.66463680740270081,0.11204946025430242,-0.66985986453259005,-0.74237867353181575,-0.012714832815322694,0.074732383784509748,-0.084450099648768026,0.99362128171813924,11.936145526577526,12.501795927972834,-2.3236569102520477,,0.08596573191611095,0.2666666666666667,False,5
0.49974255914076177,-0.86612507404450545,-0.0092049277477602252,0.86161517717308977,0.49599538135901827,0.10773981685294667,-0.088750555200667394,-0.061773277247700473,0.99413651032926609,2.4546113179288609,7.147776399264246,-2.0615714965647194,,0.08474840091205613,0.3733333333333334,False,5
-0.11995280699850221,0.96922848156809094,0.2149592394162026,-0.98907279947997317,-0.13536326399569407,0.058410479276246388,0.085710684409989801,-0.20560383575615571,0.97487473108103828,-12.011593248203139,2.6081935150678879,-1.9205572555975448,,0.2753561504374292,0.3351351351351352,False,1
0.99897671027913593,0.036305755653445661,0.026970806927262773,-0.039210545204326548,0.99242725898377027,0.11640733984908548,-0.022540307554575374,-0.11734576145900336,0.99283528684417344,3.7643328469461617,-11.34434228988162,-0.061100893809599745,0.2620529627875121,0.1754396769801892,0.3809523809523809,True,4
-0.058154288892838406,-0.99712941919415743,-0.048487112317492184,0.99497057040169135,-0.061859405332813248,0.078784376664428751,-0.081557603679241017,-0.04366160039888068,0.99571181670838216,-5.2590746027457431,-6.9992845261392516,-0.60646439879404501,,0.05348934568318642,0.2195121951219512,False,1
0.78325562349670941,0.61745833147370066,0.072497152733713419,-0.6209601013988989,0.77129973171644439,0.13966129143327544,0.030317993526133211,-0.1544083312125839,0.987541840389912,9.7337142059951862,12.216611429076604,-2.3955412774603544,0.1126498907229186,0.1089811477829978,0.3809523809523809,True,5
0.078255467981528284,-0.97258872646541983,-0.21896860707271321,0.99359873935779808,0.058139495190489665,0.09685733965781404,-0.081471632348849743,-0.22514654838874906,0.97091266593398939,-14.266436592802552,19.643672494650222,-4.145357641099209,0.2264964219666815,0.2141745733143937,0.3846153846153846,True,5
0.85956755873553459,0.47937000056886347,0.17705370519715125,-0.51096748679130533,0.80117435880571319,0.31149939684440886,0.0074725773070014479,-0.35822346286481727,0.93360597215395336,15.342786085324073,-9.9579541679544441,-0.040472142976979625,,0.4156378736667161,0.3518518518518519,False,3
-0.88943740795042436,-0.45705551098630409,0.0011649959136686983,0.45683784948779793,-0.88892913716829036,0.033229029004820949,-0.014151912019035045,0.030087355654619882,0.99944708435010121,1.1930137203698457,5.7267679171801129,-1.900512305576588,,0.08209970455982193,0.3596491228070176,False,5
0.48622550830271766,-0.87380947513914808,0.0064619062830539691,0.86926607273233014,0.48442599317306945,0.098528939580191821,-0.089225836349543938,-0.042290167832871817,0.99511320553613014,-6.5220785482560339,11.83860867797334,-2.8044011277446108,0.1048545156739504,0.1250078381019867,0.7131147540983607,True,5
-0.91698533540844862,0.39733968489991645,0.03548336863222197,-0.39484430411509147,-0.91670073481472147,0.061300393946689687,0.056884709313877957,0.042201156308626329,0.99748844216486576,-4.5866728457776267,18.147210250679755,-3.4788963240909689,,0.09780035565472012,0.3529411764705883,False,1
0.042920923306073513,-0.99610467439291428,-0.077027735233098776,0.99552068902791013,0.036139997640895392,0.087363941577240214,-0.084239848408870749,-0.080432445089666918,0.99319397386258257,-6.4124414011929947,20.432233826746423,-3.8583492030814095,,0.7460361683455492,0.5111111111111111,False,1
-0.44406154730719699,0.89106420324178115,0.09388252182502882,-0.89362602561577453,-0.44806534729678482,0.025883795972896112,0.065129628782091026,-0.072401866363378628,0.99524675392678685,12.715972092413713,7.1628579384759812,-1.7896149634841614,,0.1479886160197402,0.2,False,5
-0.64283053867867868,0.73893722687971886,0.20184318981177671,-0.76519906535730908,-0.6315670208369315,-0.1248738906555972,0.035203535594918844,-0.23472297058974917,0.97142464358237446,4.6973875684018296,14.594475054053182,-2.7558658026474854,,0.5067587835914267,0.6052631578947368,False,5
-0.36402951804916145,-0.92167099610622016,-0.13418302771014792,0.92558395146972339,-0.37404497779134277,0.058178203571147433,-0.10381165045690736,-0.10301907360115937,0.98924729552512358,8.0234979639378157,6.7404552703688356,-1.8855329207269766,,0.1278496776100392,0.1951219512195122,False,4
-0.89971101716894508,0.42320237834047286,0.10686361659511688,-0.43130907307014188,-0.89957907669823545,-0.068774764660622531,0.067026629575087829,-0.10796866088692646,0.9918922316431793,7.4097683907437037,13.388552268829219,-2.5637632526420866,0.3935484322692966,0.408417251887655,0.25,True,5
-0.1012078786554618,-0.99485054857473976,-0.0054176838777421858,0.99166006365911263,-0.10131709280720977,0.079656543037586403,-0.079795259518751577,0.0026893690027748659,0.99680764636548636,-0.6423751715807724,7.028621075551416,-2.118622558875102,0.3111452825029307,0.2314099232782897,0.8782287822878229,True,5
-0.85902102112660739,0.50763671197465732,0.066240877999611134,-0.50747622106699675,-0.86142226758653251,0.02048321160455209,0.067459397522963857,-0.016020161098907915,0.99759339619115539,-12.547950987868781,17.722803514619134,-3.868180233616672,,0.1181627696168725,0.4482758620689655,False,5
0.52332637216982036,-0.85105835971257926,-0.042768873668946418,0.8479267664380834,0.51510694078440511,0.12523992300216871,-0.084555939764349664,-0.10180622730986115,0.99120420960138289,-3.1675491545460668,-5.5016024878438268,-0.70216558818850916,0.8915205833711524,0.9185463653968273,0.7759433962264151,True,5
-0.10030296176576341,-0.97736169168011233,-0.18628859196742351,0.99262540057801707,-0.11110864504263804,0.048473530138841883,-0.068074444458606678,-0.18005274958461065,0.98129856688913719,-3.3762780376660864,13.093534220872151,-2.875052376565387,,0.1837474173187189,0.2083333333333333,False,4
0.98165063174119893,0.18782895777844874,0.032898629484621869,-0.19050916627118147,0.9734992674156927,0.12651258398977042,-0.0082640649056026725,-0.13045864847134947,0.99141930900616615,2.5618897509657175,11.794666938164012,-2.579865790987717,,0.1064898024243696,0.358974358974359,True,5
0.19126037964180256,-0.97812900463365049,-0.081750336229637968,0.97790026098771965,0.18272389405677236,0.10160245125429206,-0.084442564737369774,-0.099376198534230395,0.99146045025783136,-5.2955526526229439,-2.9296354427941269,-1.0772920270431154,,0.10482252983629,0.1769911504424779,False,4
0.72290702240892024,0.68407568199594704,0.09719001107958869,-0.69008915033006679,0.70783243655481698,0.15083171535721418,0.034386066198349906,-0.17610707840019646,0.98377024522433665,6.1939847790205347,-8.2349999414426094,-0.30502613074422469,,0.07603039979331874,0.1904761904761905,False,3
0.45446376296143554,0.88322312815659776,0.11567019514207368,-0.88858127175694968,0.44042346205798449,0.12825949302745729,0.062337882846095448,-0.16107166094050268,0.98497203432591596,-45.45299171186177,5.6625611655958661,-2.4611986992425381,,0.1378337367254381,0.1666666666666667,False,1
0.23901304335688406,0.9661123951121976,0.097465917714105121,-0.9682794178495755,0.22960463075109999,0.09857323422987474,0.072854197368215773,-0.11793453077120171,0.99034524908115185,-1.1558162510193994,16.663706157172776,-3.1459097635711073,0.3317364795537073,0.1497249010363057,0.1428571428571428,True,5
-0.64881313907411087,0.75928668760541673,0.050251732208879102,-0.75679612248682293,-0.65075362453967356,0.06147641122729481,0.079379717520966273,0.0018563872634661622,0.99684272293708398,2.2709949861352201,-4.0889970883698989,-0.81267738986485594,0.2340921233421437,0.205077541489148,0.8202764976958525,True,5
-0.65122098096207925,0.7561442775138143,0.064475309521532104,-0.75505269935645569,-0.65411800666660325,0.045000606096341475,0.076201411727838744,-0.019376917650128195,0.99690414780612868,-6.4760951832958158,10.49434438157208,-2.6738439640499609,,0.08298324589725814,0.3263157894736842,False,5
-0.92957220974864663,0.35057642727102001,0.11398103133813131,-0.35468070850929623,-0.9348272475024656,-0.017309313628978293,0.10048433646275692,-0.056517129870950464,0.99333212580525576,-1.1385308031829937,-3.0457024956524985,-1.0148930197265527,,0.3989385230933634,0.171875,False,5
-0.67439079565296767,0.72891079569273132,0.11783932561393105,-0.73559327815328568,-0.67707838496023642,-0.021619198767310652,0.064027992895764163,-0.10126160448179028,0.99279731243769631,-6.3232541634989117,-10.836070826978791,-0.25264628540500311,,0.2965260241482284,0.4947368421052631,False,5
0.8747566060380223,0.47726006422101308,0.0838075849347482,-0.4839404890823652,0.85170663597928198,0.20099106760146518,0.024545533597002865,-0.2163761477811503,0.97600147512789559,-5.5527933916197076,19.143229288933149,-3.6505575516251842,,0.528725036117456,0.1609195402298851,False,4
0.33359763816037463,-0.94263010942881098,0.012692226441765542,0.93891751216282349,0.3334308391416505,0.085192610379485875,-0.0845370993575945,-0.016503099936803781,0.99628365766215476,-3.365972735525125,-7.2327729308854973,-0.52918009030357382,,0.07674052021700008,0.3492063492063492,False,3
0.022319538473476137,-0.99946415944148359,-0.023942267943085804,0.99631756092069834,0.0202534902764663,0.083313347866058124,-0.082783790704223939,-0.025713617473015666,0.99623574211784305,6.1704878841764321,14.514090407541591,-2.7045090623708399,0.3721558111909698,0.348263395345928,0.7978723404255319,True,5
-0.97457462450404653,0.21497756493657261,0.063158117821368612,-0.21834904768132091,-0.97446258680687647,-0.052405727647946793,0.050279167151579533,-0.064863807223999578,0.99662665620730351,-42.244958248193676,1.7205729574682627,-1.9491346345654132,,0.4973881937600679,0.7105263157894737,False,2
-0.84784683446454479,-0.53024105562231405,0.00041014751354940702,0.5302314775250051,-0.84782632438180894,0.0067159457174526122,-0.0032133362878572942,0.0059115664390904221,0.99997736366986623,5.2015127270734034,9.6949717815357701,-2.2727287362467821,,0.1209001253765393,0.3548387096774194,False,5
-0.7430785144154809,-0.65423002207153536,-0.140774286126264,0.66870904923709629,-0.73400482664447575,-0.11859646677296573,-0.025739636409624754,-0.18226352537710541,0.98291275219859098,-9.2577147167074738,1.108362370932368,-1.6637691822080025,0.8645104340317464,0.5696683884316152,0.3084210526315789,True,2
0.60959814524453182,0.77410606879015509,0.17073340498179684,-0.79202105433068937,0.58579183180255767,0.17190281932041607,0.033056781623896872,-0.24001609124318277,0.97020591893319963,-12.751261214485922,23.252033617669447,-4.4498337060156929,,0.3233766110890055,0.2142857142857143,False,3
-0.94625348679922361,0.3209623995124295,0.039843152730868706,-0.31964307255182572,-0.94684894370124761,0.036130097999599917,0.049321850025521322,0.02145264345147254,0.99855252200322675,-5.3945616510181731,10.742945032408157,-2.6414397467530994,,0.07769465064142585,0.2615384615384616,False,2
0.34125635310967417,-0.93274025056722099,-0.11636033015629985,0.93567353524734476,0.32526074715181202,0.13682281169447361,-0.08977269573774542,-0.15556693522096093,0.98373766409848085,-12.765170150828599,25.516539361436294,-4.7700245948834308,,0.2342942127231233,0.3235294117647059,False,4
-0.20447313875907164,-0.96217336391017239,-0.18003653325866267,0.97605264652956047,-0.21435567596722224,0.037052333034201225,-0.074242620701693254,-0.16814892792527525,0.98296183614061339,-0.064106607293746481,-9.7118758622486006,-0.27921651186686297,,0.1505683767969143,0.2068965517241379,False,3
-0.71468513091820207,-0.67888367224155133,-0.16835119010050478,0.69853790162699259,-0.70503672895729397,-0.12234382212337402,-0.035636549145344261,-0.20503699760049043,0.9781052427934257,-2.1095868480613005,-13.543976627469862,0.079884379979623096,0.9031847694254485,0.5186293811839701,0.3191489361702128,True,4
-0.98480037050863856,0.17134880714287581,0.028422113516781814,-0.16924225560276349,-0.98344190514325958,0.064800294186712334,0.039054950576542513,0.059005131123565174,0.99749341117450696,1.3983271400345449,12.437163393366705,-2.6643542771273885,,0.07821340133599024,0.3333333333333333,False,5
-0.98317861540580964,-0.18258401144218017,0.0047842423012301539,0.18249996692062015,-0.98310146683916178,-0.014327176018368484,0.0073193088941252609,-0.013213049018700124,0.99988591501877955,-0.50217691549637034,-7.2292296971449126,-0.47901013623160404,,0.07655379026627335,0.2727272727272727,False,6
-0.84874333583819972,-0.52315777982982192,-0.077075854025599175,0.52836029743333313,-0.84494968011637717,-0.083038750998500374,-0.021682849591409741,-0.11120240768419863,0.99356121027284094,-10.596795895402852,6.800707562429122,-2.3030613417684562,,0.1097002242596939,0.2966101694915254,False,5
-0.49483626525002156,-0.85883142172571569,-0.13246003038651438,0.86694830485096708,-0.49834004354721551,-0.0076051110047328924,-0.059478629014504424,-0.11859928353049005,0.99115917119129227,5.8768490186385876,11.594898827253461,-2.4460316236384019,,0.1061840229497581,0.3461538461538461,False,1
-0.99016360486735577,-0.13832212594189655,0.021048160750915153,0.13220214212236681,-0.9741932294368727,-0.18294847727601821,0.045810798010292086,-0.17836631182560875,0.98289716124902371,-7.7766569846713969,14.395673875197486,-3.1478452235375847,,0.2744781441849147,0.2222222222222222,False,4
-0.54913134248586482,0.8348894527016365,0.037608117039175833,-0.83304229657226869,-0.55041701187602488,0.055512567577686793,0.067047004565984586,-0.00084546142930126906,0.99774945972107598,7.9680326977657554,-9.7057531287997154,-0.12640055766297645,0.2377128038718778,0.1789170870488944,0.3,True,5
0.94744911153139122,0.31176891881453239,0.071696041171002506,-0.31988561356270029,0.92072597158032421,0.22346561143290589,0.0036572249030312732,-0.23465682712992861,0.97207139562242184,9.166446097868592,14.136739516538633,-2.5681055453974526,0.5824418433498761,0.2854189666568098,0.3488372093023256,True,4
-0.98703284793894164,0.14491924100629108,0.069025869612078003,-0.15107446442990888,-0.98400776180074412,-0.094367531032168439,0.054246320490511403,-0.10357189919110099,0.99314158024482602,15.596699494307654,6.8206732454008803,-1.6979361278791203,,0.1611411619889734,0.358974358974359,False,5
0.71725468514535562,-0.69609442720857806,-0.031595332664766676,0.69254212245463931,0.70711584396170413,0.14273258858561097,-0.07701379917300126,-0.12425671662927193,0.98925686406992008,3.1540325457625946,-12.322961626182099,0.01551962988160107,,0.07649411426312182,0.5454545454545454,False,5
-0.30974357527476437,-0.94833690610840271,-0.06867335792538605,0.94545675058259915,-0.3148525729882149,0.083542743912880399,-0.10084865072869605,-0.039050861647891656,0.99413509134863443,12.909868872883175,1.9980502811744032,-1.2372965836021432,0.539568968059279,0.6435011185016273,0.610738255033557,True,5
-0.56138838026524784,-0.82685823284013993,-0.033890253578908951,0.82579604833323217,-0.56239366104010369,0.042121925159321956,-0.053888524384881661,-0.0043396781436284542,0.99853752765393344,7.3031793763512303,-11.441996718887266,0.0066452899176506122,,0.0788246749742799,0.2777777777777778,False,5
0.28287066034184555,0.95676604794344322,0.067697260066071713,-0.9560293241064689,0.27554866047624038,0.10040352164281174,0.077408791272679217,-0.093121776252575297,0.99264102968861234,12.496101487919605,11.172521172770137,-2.199383617869866,0.137676161996868,0.09649904953141435,0.4210526315789473,True,5
-0.92248705459602709,-0.38601742040314757,-0.0028609872501390494,0.38594170455455512,-0.92241217336173409,0.014310245267163207,-0.008163013430727669,0.012096841711024601,0.99989351014612948,30.867845455182501,5.2642882476569186,-1.4575022366087635,,0.1567367882639082,0.1818181818181818,False,1
-0.99910060813528734,-0.036427870875294262,0.021702189916939472,0.034013583561845931,-0.99412151031274543,-0.10278861253459347,0.02531898412218276,-0.10195799604247988,0.99446644794383177,-9.2381615674597679,7.3454527593593646,-2.327008103021571,,0.1211955374170351,0.302158273381295,False,5
0.86738372077207604,-0.48327512328910588,-0.11870398539850874,0.49358353114241943,0.80508566402118342,0.32895648857037418,-0.063409610664079671,-0.34392183530196208,0.93685484066527636,-9.2222796593807868,28.025841848142726,-4.9231104371088534,,0.3461344067105955,0.1428571428571428,False,2
-0.92839995093546523,0.36804733181202492,0.051134065446378114,-0.36793816582625383,-0.92977442853485603,0.011875107203468731,0.051913748000288577,-0.0077893253065262165,0.9986211940369738,2.4819794160432544,-6.6012023983625152,-0.52184088226240433,,0.07922627690283016,0.4,False,5
-0.36153827250817311,-0.932066420645699,-0.02328658447519754,0.92970575529976185,-0.36227992362587413,0.066336004553561229,-0.070265824369356675,0.0023333328835236132,0.99752557334804648,-9.4959670276994874,18.445796667608263,-3.7316192843009057,0.2992578069975427,0.1890416708741873,0.7222222222222222,True,4
-0.48033376500451308,0.87440759636460019,0.068489631452307423,-0.87312681734262543,-0.48411656816355886,0.057277476085082858,0.08324082552286613,-0.032287828193018737,0.996006255561104,-1.3546371638112475,10.197607372673593,-2.508543393314576,,0.0709334568177028,0.2857142857142857,False,5
0.97155625728053252,-0.23673313057681589,0.0059886414440006898,0.23216625036050023,0.95718733527162136,0.17289082505777775,-0.046661238009616531,-0.16658280248247068,0.98492278823494417,-1.3945550909590363,-1.8169456236295587,-1.1702620818009271,,0.105929571072934,0.3237410071942446,True,5
-0.90079372326616725,0.41943353080947454,0.11245524157180611,-0.42553967662927783,-0.9042178047978503,-0.03614062950207958,0.08652543983433611,-0.080409419344095082,0.99299933209555591,-2.8258679511440117,-15.313278230371436,0.31554174634253673,0.5866258573009523,0.3692754866022924,0.3461538461538461,True,4
-0.99744644742261146,-0.070819031058525703,0.0092330582118147798,0.071234812214633375,-0.99579684136555191,0.057569542773375046,0.005117230965776663,0.058080251086932419,0.99829880215340405,0.30761149931276754,-5.4603182465652997,-0.67956558921344923,,0.09653239990485378,0.3620689655172414,False,5
0.94030817796256128,-0.33583482830333944,-0.055095358744594321,0.34029543880691959,0.92572294405118372,0.16503346686177342,-0.0044209483072265585,-0.17393101780785519,0.98474791508303749,-8.3755713211171976,-2.4242509447523934,-1.2070177965182451,,0.2752038565324666,0.1884057971014493,False,2
-0.99817000630843933,-0.055995580718203763,0.022828347426863405,0.05126730326317095,-0.98383502152145386,-0.17158179986234784,0.032067150205974185,-0.17009745844048313,0.98490535205661045,-2.5953709524634818,21.453115399862053,-3.8008594756704595,,0.3098348259529413,0.4090909090909091,False,2
-0.97092930775268249,-0.23930421306855873,0.0054564598902854585,0.23918700092549719,-0.97083188320968505,-0.016584122883125926,0.0092659557069226725,-0.01479689667377123,0.99984758534171736,-13.353989284367225,15.450122847877097,-3.4648369030224369,,0.1453036644231694,0.6363636363636364,False,2
0.87488916789518545,0.47754046758920043,0.08077156501119491,-0.48326230515461438,0.84971494673721804,0.2108128404723375,0.032038856351598352,-0.22347172328071974,0.97418370987079594,30.919924753149814,-5.1986111702639164,-0.52314758003233375,,0.6829070065364481,0.5925925925925926,False,3
-0.75657364601906441,0.62057320539516614,0.20611941901477313,-0.64971008129827323,-0.74905645885599981,-0.12958098512320654,0.073980594812490419,-0.23195542285464774,0.96990904387963683,-5.0854661467172964,-10.41641800113989,-0.25297314055774611,0.587669332746509,0.3357248380569797,0.15,True,1
0.83957983828538507,0.53944500163233555,0.064068598849799652,-0.53261136236824025,0.79420220602847025,0.29252007215874731,0.10691506825950235,-0.27971761859668631,0.95411069694541462,0.36554665508820394,14.605523390184096,-2.8500297900678881,,0.4158779017241616,0.6333333333333333,False,2
0.38422757669952995,-0.9035994420820348,-0.18941282314733252,0.91915226207188871,0.35510896751524224,0.17046037756144,-0.08676570999961368,-0.23959480265501229,0.96698812924925237,5.7419674267028027,-9.5949089997642929,-0.16896333998821433,,0.2279371296954164,0.2916666666666667,False,1
-0.19117174152632241,0.96215469558045119,0.1941950231449894,-0.97807918432922358,-0.20336792369539386,0.044750383168260612,0.082549829943341757,-0.18138310115419928,0.97994167999530024,29.605861045487025,-15.400297572403757,0.50209831931792237,,0.2256671972242226,0.3636363636363636,False,4
-0.15472915697731615,-0.98605014693625592,-0.061351411622533436,0.98499063071887616,-0.15877539871607102,0.067703989236853931,-0.076500623377332044,-0.049954784450952888,0.99581733974325781,27.738127420565512,-0.092036346091612181,-0.98540157289639396,0.1632545273027951,0.1449576435570117,0.2083333333333333,True,4
-0.7496900453484322,0.65915362192178084,0.059002869530753517,-0.6575849591315025,-0.75199450755020047,0.045675837576900719,0.07447722758995283,-0.0045566788046675979,0.99721230399989813,3.5675890650506541,-7.5686880740939051,-0.40084419498206758,,0.06826471072282411,0.1739130434782609,False,2
0.94668595342664896,0.31264305309171309,0.07771761021911755,-0.3217471539396754,0.92973247893906563,0.17909853862480479,-0.016262672486317135,-0.19455549069433678,0.98075669078741978,13.498656245330748,13.399286409172493,-2.3996407356482701,,0.3643218825346837,0.8378378378378378,False,4
0.12292157331910189,-0.95693351952687267,-0.26299909889326373,0.98870418495629109,0.095183159145347543,0.11577651257931214,-0.085757340576027949,-0.2742597407951512,0.95782423915680037,10.22160286710143,23.287621144492604,-3.6487003589697244,,0.4837217716351183,0.1538461538461539,False,1
0.90942260737812786,0.41022173476475288,0.068327516537366267,-0.41572794536320817,0.8924086534266884,0.17543394977384003,0.010990752187756334,-0.18794925808781909,0.98211724338318462,21.110879426557094,-10.975868367513248,0.1249416318493987,,0.8581666792781459,0.4761904761904762,False,1
0.67967630319754913,-0.71609083982584654,-0.15891517230657173,0.72841235857322595,0.63341733051319116,0.26114731720493212,-0.086345577475074167,-0.29325141862070642,0.95212816717469251,21.177844588102264,-17.182956965923886,0.74249245773396444,,0.6512791075303228,0.4722222222222222,False,2
0.76011219540792163,0.64588535015315329,0.071144675483746811,-0.64770361618841721,0.74434362409595778,0.16258104085084174,0.052052626913507115,-0.16966049547621262,0.98412694318678673,3.2765444600792559,10.434341953342123,-2.4338389847645021,,0.1269703733398531,0.1428571428571428,False,4
0.99790457527939957,0.057639279949376322,0.029396803284704454,-0.060507026330346297,0.99226317013235454,0.10840987484334677,-0.022920698093665537,-0.10996142326201841,0.99367153878587633,22.397627753323807,-0.51757873833880341,-0.97204537614751974,,0.08273199338591988,0.5,False,4
0.54995568839403119,-0.83516247750124517,-0.007237194002522436,0.83079799889932993,0.54615271716599789,0.10720025446363292,-0.085577016937476477,-0.064968036034504406,0.99421110860113759,-2.7658041635681876,-10.338262818993694,-0.26475685164816232,,0.08859083267805437,0.5833333333333334,False,4
-0.734506809257231,-0.67608148759880171,-0.058425758710979069,0.67756906946869533,-0.73541330119822501,-0.0082117306370672466,-0.037415281023782991,-0.045619059031512699,0.9982579817857663,-5.8236244790356615,13.895510566494847,-3.02926271695633,,0.09664305769776683,0.1,False,1
0.88171088424131738,0.44640460912344299,0.15267233398275021,-0.47150600922704478,0.8225377496038061,0.31798385767125481,0.016370701670368935,-0.35235575123737234,0.93572294227338837,0.6051198136581365,-8.8878144597902473,-0.32600743403478805,,0.1279723525607106,0.5,False,1
-0.34654651438895279,0.93116032187064235,0.11334005619651563,-0.93409925987479925,-0.35361867568027938,0.049116238775768692,0.085814253281260397,-0.088849801259695244,0.99234148696398505,3.0073355091065497,-13.803809866448205,0.17217628615788655,,0.0955508894969691,0.1923076923076923,False,4
-0.2659173191083879,0.9447313668322127,0.19175667894899329,-0.95153565007149266,-0.28911397028123131,0.10484759811862933,0.15449234945857404,-0.15458252395262123,0.97582598717558633,30.940198762993113,-9.8347226323679866,-0.057866447568801299,,0.4816641929224642,0.1428571428571428,False,2
-0.98212787636794974,0.18427288475757542,0.038318904004451433,-0.18370501790203619,-0.98281883599662856,0.017877416140051693,0.040954863674460475,0.010518533802450918,0.99910562984503948,-4.2024985936545871,-7.918169291294169,-0.49858366193786735,0.4417130023098675,0.3958409248790812,0.6025641025641025,True,1
-0.5131951906434481,-0.84621070899140971,-0.14338107367672773,0.85694021912792817,-0.51450083053882301,-0.030697821027566644,-0.047792856593996055,-0.13862298280991314,0.98919134220608151,-14.12679614627667,23.358316182796571,-4.5457759103235045,,0.5860442994209699,0.4081632653061225,False,3
-0.81884016098529977,0.55114785370032504,0.16042703674597336,-0.56380649537006933,-0.82471018741858915,-0.044444825868892576,0.10781014115605576,-0.12684301371980014,0.98604656245756994,2.8813553109486727,14.483590368601181,-2.7784390422166938,,0.2182025184263243,0.1724137931034483,False,4
0.58884980564857237,0.803992009694662,0.082781367074824294,-0.80647742246699494,0.57770877267314358,0.12588383942143827,0.053386079071520577,-0.14088797792440846,0.98858510217266615,-2.3044857387048641,-19.475466133184153,0.67759789583719032,,0.2466409672529553,0.2727272727272727,False,2
-0.94295258784179681,-0.3322816413370715,-0.020720229554691216,0.3329116510921627,-0.94167957236187017,-0.0490857979812344,-0.0032015073867569209,-0.053183586064745533,0.99857961952152097,-2.4362575482204103,-16.85548400672063,0.48749807004706991,,0.1456898489778208,0.2142857142857143,False,1
0.38236927962593747,0.91295058531052098,0.14253056787762727,-0.92157923791005714,0.36561880069114749,0.13044002773031527,0.066973444375065638,-0.18122947156117927,0.9811577020979837,8.4753589435636254,-13.971698275950565,0.26100272882104752,,0.9185505797386695,0.5555555555555556,False,1
0.79828796609497199,0.576442954838009,0.17449883382297601,-0.60227441451562058,0.76339079974672286,0.23345238589897921,0.0013611788345985441,-0.29145841329370598,0.95658253199214116,23.741234305002084,-5.8552901206556909,-0.40863425977603007,,0.6124426922145364,0.2238805970149254,False,2
0.82632109200318837,-0.55554625123388268,-0.092530079707296653,0.55608333798884402,0.778759722673808,0.29035257111346419,-0.089245583206364651,-0.2913788892164183,0.95243559824124735,10.971118393159859,-15.91145954465828,0.49946674291635629,,0.3790245725064402,0.25,False,4
-0.81866602311094483,-0.57357507415369169,-0.028241404237328942,0.57393863587560912,-0.81887395278774733,-0.006315987255732125,-0.019503457461537851,-0.021379517191853874,0.99958117798990631,-13.51417914502956,13.896118297366664,-3.2520090219800455,,0.2352259744354634,0.3863636363636364,False,3
0.94380644400965175,0.31210729771807338,0.1087126071666835,-0.33048530345454569,0.88828730389695021,0.3189437723738211,0.0029766501999000101,-0.33694910661197619,0.94151815654663717,-3.05164579917381,11.02808279527143,-2.6260227838857308,,0.7825113845669461,0.5688073394495413,False,1
-0.9085145513173174,-0.41773696279898354,0.0098559604389746747,0.41784069672343749,-0.90841716075341494,0.013689930985113966,0.0032345334078221575,0.016555722883205698,0.99985771279389979,25.12485380552889,-15.448849020917807,0.5401298804135849,,0.2008751523086619,0.4375,False,3
-0.15657832561251572,-0.98649135903794449,-0.048145887590223445,0.9846338886249727,-0.15972863360707076,0.070589439559211681,-0.077326149003079589,-0.036353296267155284,0.99634286494703528,-0.1748354904296322,15.490641319223434,-2.9337369170185452,,0.1061180573505648,0.3684210526315789,False,2
0.51412411567634209,0.81363456976710402,0.27143172356951789,-0.85574978222663833,0.46516909769300074,0.22651715336932243,0.058040536688429088,-0.34873556949554113,0.9354222568816396,-0.88041400601322495,15.308589561945503,-2.9752417157258337,,0.5039219604564792,0.1739130434782609,False,1
