axis_00,axis_01,axis_02,axis_10,axis_11,axis_12,axis_20,axis_21,axis_22,location_x,location_y,location_z,dbh,dbh_approximation,score,reconstructed,number_clusters
0.9950128439821545,-0.083646848480071215,0.054338246658296084,0.070591821198601565,0.97539497834595101,0.20885744180509191,-0.070471519711231417,-0.20398000136497377,0.97643531478164802,10.849469796568451,-8.9452926054525523,-0.4074751668402144,,0.09198637069780932,0.4,False,4
-0.92855431594782523,-0.3679148673216765,0.049249697850239721,0.37105031946829192,-0.92370642800066605,0.095331502100455101,0.010418385534491911,0.10679459384221504,0.99422651944560969,-6.8003496520295261,-20.803100833952726,2.9318599095109441,0.2782071586238198,0.2416501673791599,0.7272727272727273,True,5
-0.21313320273889302,-0.96998425645423325,-0.11706741699204462,0.97023273703154722,-0.22422924396597882,0.091485966916881462,-0.11498988600104404,-0.094083943270745693,0.9889011769312912,3.2732257109915035,-8.7085798417677953,0.017135505271848896,,0.1084440946866687,0.32,False,5
0.7772144775020291,-0.62889464037229215,0.020716835478763844,0.61400407181204342,0.76518981231077032,0.19360669134624339,-0.13761052197953338,-0.13775370211654589,0.98086047009434896,-11.5484168647806,19.105931924415724,-2.9948715833745965,0.274359949644422,0.2152061421427843,0.9090909090909091,True,5
-0.96799703057722952,-0.24208080099407536,0.066171251943209816,0.24885158149464859,-0.96001123472685035,0.12826269756183603,0.032475208717992227,0.14062473106923121,0.98953021471323843,-22.369301434006751,-12.315372527524451,3.2716948115076461,0.4162713929911916,0.4047476770097015,0.9014084507042254,True,2
0.53251843253644571,0.81880523953815443,0.21443436924568202,-0.8422937790211612,0.48765535836170665,0.22963763037308857,0.083458425765041311,-0.30290300620162525,0.94936002654569362,10.381645997087301,3.0792976534028793,-2.2505469284079065,0.4569501986989079,0.5414402804612096,0.5616438356164384,True,4
0.92920402866377372,0.33094517224613806,0.16448454663580897,-0.36839849084597726,0.86483246396686886,0.34109728995024513,-0.029367074376245146,-0.37754483473617972,0.92552551164547148,-23.122332042131163,10.423687205323926,-0.43417753219879512,,0.5783523342866718,0.2166666666666667,False,3
-0.68642081085802931,0.70897868507359718,0.16178904330120411,-0.72284718811774473,-0.68952586022129125,-0.045233071047169893,0.079488446023779386,-0.14799767632433261,0.98578814902154455,1.5198577611193889,33.514155049394716,-6.6725839841582033,,0.2707929118436438,0.3333333333333333,False,4
0.70231825476531895,0.6991879477213776,0.13373586947623295,-0.71016621349814746,0.67520484725669982,0.19940502362468085,0.049122481911031662,-0.2350204842183419,0.97074834729124104,-19.368500356893509,-1.0998211976075596,1.066781063927396,,0.08363308448347814,0.3846153846153846,False,2
0.93286007682036665,-0.35985885411883894,-0.016543342678464239,0.34663895689216934,0.88419591143297538,0.31311183907658291,-0.098048511663408583,-0.29782410130391979,0.9495721636837845,-19.293872012857747,-19.292904704100916,4.1139439298191931,,0.5374337713643679,0.1568627450980392,False,3
-0.29006931674763603,0.95126771604593896,0.10463997271742406,-0.9440700239275488,-0.30234971618434092,0.13159194141240738,0.15681703161008206,-0.060616677012124559,0.98576571104142729,6.936343117977148,-11.341689217192393,0.0037891071300033812,,0.08413684159443885,0.3181818181818182,False,5
-0.79485471385998629,-0.60676737535814051,0.0062718462635218963,0.60643622234900862,-0.79397829848148826,0.042820202749457581,-0.021002192209943212,0.037839314759050606,0.99906310820735578,-1.0307803845626626,-8.0934236721493136,0.29743920943679819,0.3288962199782058,0.2812504151635365,0.5952380952380952,True,5
-0.54508869685487427,0.8256664015812184,0.14544176106255724,-0.82307699689104774,-0.5600188479980226,0.094462410914513489,0.15944456638552965,-0.068219375450753073,0.98484696631671687,-18.662037986887153,4.3878933032056056,0.074984696547250693,0.09207525103438877,0.1062208221600847,0.35,True,5
0.70118672218199329,-0.71284058445640996,-0.0139814801618941,0.69797712589975935,0.68230084231315202,0.2174706699752306,-0.1454823437960254,-0.16224629958987721,0.97596671352716113,-19.165224957477076,-14.481537679468914,3.3542364192067136,,0.1484676999948418,0.1176470588235294,False,1
-0.93440472909829764,-0.35121250301301304,0.059477558507987985,0.35586184520931191,-0.92779233886291079,0.11208801484330415,0.01581611086710516,0.12590136486402098,0.991916678437466,-17.407955091343652,5.726169485063016,-0.32203326430016715,0.3880049367529324,0.368774915324077,0.930379746835443,True,5
-0.57343858376358692,-0.81913969049228053,-0.013355078113685526,0.81575822276082954,-0.57242279971379117,0.082889446649845933,-0.075542786878063484,0.036637492108982893,0.99646925769070238,0.85941134437727773,-24.65640506874346,2.6288677914518743,,0.2240007810339023,0.4722222222222222,False,5
-0.99664214092451464,0.036633437816726358,0.073228643078577516,-0.034371480242011684,-0.99889942787149866,0.031914484861381459,0.074317186971619403,0.029290343660025572,0.99680440984623675,-23.358203112863045,16.043627935776772,-1.3267310588609746,,0.205364054250178,0.3076923076923077,False,3
-0.89336789021616081,0.43536713616526057,0.1111272670319325,-0.43240485187287775,-0.90024896660220532,0.050772455213998105,0.12214686572942175,-0.0026934882443564734,0.992508381986549,-26.052948694816074,15.412219175498416,-0.95410801008286517,,0.2010342147971009,0.3214285714285715,False,1
-0.39845676819159809,0.90814847581350477,0.12844668061073355,-0.9065445456821023,-0.41122427278872664,0.095244864236418772,0.13931687111164259,-0.078491676928140575,0.98713214215558343,-12.103357645375581,11.159396580058004,-1.6641121018456468,,0.2315676589121871,0.3943661971830986,False,4
0.18363140055549027,0.92878394738664294,0.32193149551871358,-0.97724172720333602,0.1371070699696294,0.16186493745398955,0.10619847147049682,-0.34432837588736348,0.9328235922274376,-3.0144778128027352,3.1377192438630708,-1.3552532670426125,,0.5028087976932781,0.2694980694980695,False,4
-0.74749442707623903,-0.66287314457290625,0.043026453421027316,0.66305344277268397,-0.74064551650764032,0.1086478297271557,-0.040152378724752691,0.10974248530608768,0.99314871665908455,-0.34212301052052868,-3.4610355756475522,-0.44426879040654232,0.1672052359088496,0.1277653951387053,0.5123152709359606,True,5
0.76957068604626133,0.63056130814665234,0.10076406029269037,-0.63759504993485838,0.75009965870399131,0.1755649575249017,0.035121382046438041,-0.19935631086207836,0.97929747770665165,-5.1684548329695161,-4.090411605940262,0.10207394408914713,0.4011090412482496,0.3678124915908235,0.9621811785400176,True,5
-0.26664934918695832,0.92245283488094754,0.27924700893344545,-0.95200010425730286,-0.29727612294260508,0.072956892904634058,0.15031276084303896,-0.2463892736064566,0.95744367969057431,-18.488834500234766,-15.009401625292124,3.3214154473185928,,0.3646568585408729,0.2777777777777778,False,1
0.90660494024616034,0.39403993457773789,0.15099672936599604,-0.42192431328634866,0.85229894274817997,0.30913813425098025,-0.006881582601331232,-0.343975351076652,0.93895346086618947,-10.250887320697098,12.090539920456184,-2.0310913846921093,0.2555637685755153,0.1784674626700219,0.4567901234567901,True,5
-0.66843737281198345,0.73492451465359576,0.11435661935100154,-0.72925025174704861,-0.67782715454531584,0.09351159761156097,0.14623798738726995,-0.02088794681573606,0.98902888973110548,-29.402012804401181,9.2517161354083921,0.26864020473912797,0.5204475084361219,0.6594168609903732,0.8064516129032258,True,4
-0.10749676173528785,-0.98696253186258576,-0.11978900999599695,0.98632987505588621,-0.12100380536624958,0.1118546228777611,-0.12489124784654113,-0.10612746951793887,0.98647814797138444,-7.9408689909792596,-17.162002564466707,2.5921469058625131,,0.1016721598767174,0.391304347826087,False,5
-0.52654031260242773,0.82143923649407813,0.21907277318864388,-0.83064685705412478,-0.55196611713761035,0.073206587122566114,0.18105551101980211,-0.14342589124720531,0.97295833191833192,-17.358710285133846,23.011509411734089,-2.9833032546506209,,0.3395962860009529,0.4285714285714285,False,3
-0.98477238009069623,0.15231797549435988,0.083800917368529279,-0.14842576782102659,-0.98761270475524698,0.050901246082642113,0.090516025416752272,0.037687925749855265,0.99518162633532836,15.12172804962967,1.870453182086401,-2.1572389435516279,,0.09336475857998991,0.2380952380952381,False,4
-0.42035256349023964,0.893162869681834,0.1598868680939558,-0.89136770719467773,-0.43942026952174001,0.11123595328823983,0.1696093539215518,-0.095759672906455123,0.9808479760427512,-12.437001809704535,16.504632034344873,-2.5103919115576763,,0.1404639133632204,0.5357142857142857,False,4
0.46102574969205695,-0.87549269946170638,-0.14480259427970027,0.87469501867548327,0.42084156917804966,0.24041838106944524,-0.14954558644498017,-0.23749717228003245,0.9598079030377985,-3.1863318019465696,-3.3128225341299999,-0.23968434761580137,0.1173815407365606,0.1857328567284943,0.1504424778761062,True,5
0.90958846804316851,0.40358102649118727,0.098849248146877261,-0.41508900989811937,0.89328874016302395,0.17244228182136079,-0.018706487235238684,-0.19788274749022053,0.98004718538498992,-5.8860168510083097,-18.601023394453215,2.5129165621258536,,0.2035952151648242,0.5,False,5
-0.66007833500200008,0.74325028091741152,0.10897527966093026,-0.73724615886021194,-0.66879505761959179,0.095818955063556213,0.14409959370814382,-0.017093590020754494,0.98941554276924104,-5.3013462795794766,21.320625175785917,-4.138972666644313,0.3215794900389654,0.2676866456826338,0.9473684210526315,True,5
-0.11620154582260185,-0.99296623047688048,0.022699468737686863,0.98492957428939942,-0.11225313399680653,0.13157875055645449,-0.12810516944503242,0.037647032292471933,0.9910457943612041,-3.2895006732889449,-5.875428137358897,0.21841085510294947,,0.06798469013324712,0.1609195402298851,False,5
0.86747771793384543,-0.49672840699479437,0.027263502575806738,0.48306550532108117,0.85417846029261046,0.1924236875777848,-0.11887020845096331,-0.15375320372778739,0.98093314037515567,9.8747923953529533,9.0503108717455696,-3.2901160694909484,0.277857376298118,0.159851602091529,0.4583333333333333,True,5
-0.99692794002547636,0.037940397567571775,0.068521592428774897,-0.029320583509867212,-0.99201199702205844,0.12268863495429343,0.072629097331589107,0.12030263503648439,0.99007691126703734,1.199281026101942,0.9754982279168336,-1.425597747282364,0.1684964127209881,0.1474788827722888,0.6585365853658537,True,5
0.77609589499804987,0.62412880172808449,0.090213084531242355,-0.62840677977880499,0.75346281497497636,0.19338744938081373,0.052726472432812546,-0.20677771955278385,0.97696616819690441,-21.479703324530032,13.47988676480554,-1.1188807297307273,,0.1844330390908071,0.3333333333333333,False,3
-0.94141686259716917,0.3262456039572974,0.08542889860135644,-0.32482491716499373,-0.94528461626062144,0.030426426832024692,0.090681111630027122,0.00089451637656478428,0.99587957898231594,16.555979533023166,0.87267976553371529,-2.0845304195747199,0.1460457634344166,0.1666293580372862,0.6666666666666666,True,5
-0.93126262478712862,-0.36248180723613749,0.036835622668978857,0.36420371943634799,-0.92897370880865959,0.066056786865645714,0.010274941523805987,0.074931887505301081,0.99713571684679669,7.0143684509143585,-16.389071889980727,0.70691204381251282,,0.3573178922552889,0.525,False,6
-0.98005246027694914,0.18127621057969315,0.081462326157352744,-0.17557310052755537,-0.98179404711599572,0.07248817433716935,0.093119608441192728,0.056739620420493818,0.99403689770465675,-5.9726284722069138,-22.032545700270528,3.039314676336796,0.2691057065990732,0.3229526579607017,0.717391304347826,True,5
-0.11764680556743115,0.98154895183124236,0.15073448277938567,-0.98178544473256546,-0.13776708418459149,0.13083413555549872,0.14918635879683492,-0.13259670310481164,0.97987833156707616,-28.650242813387532,-9.3370312520384307,3.2983177792391598,,0.3263563898794726,0.6285714285714286,True,2
0.59831882858576191,-0.80064327654312639,-0.031383484287901872,0.7886936477748705,0.58157562679757124,0.19932917567325809,-0.14133969477584951,-0.14401435359469997,0.97942991410277569,8.2678131454909884,3.6519651539569518,-2.3311883351474632,0.4119540958915493,0.450601580491813,0.3726415094339622,True,5
-0.95059812259390075,-0.31042318058207391,0.0008113434902202038,0.31038225394281149,-0.95042331531649682,0.018930877955798064,-0.0051054635764144138,0.018247483665052234,0.99982046567449412,9.1815375388496285,24.737866608896496,-5.6921926316427776,,0.4003427886843151,0.5263157894736842,False,3
0.99608840489855888,-0.062297747473732609,0.062664824952630885,0.04241578771983974,0.95923781122179252,0.27939885911458151,-0.077516389097727567,-0.27564798599322893,0.95812806933057049,0.16626209812711909,7.5003672965528487,-2.4495430681787531,0.3338905576008918,0.2426103061636888,0.6198830409356725,True,5
-0.91337252869528185,-0.40438135514969825,0.047184143862975036,0.40701668904724009,-0.90964768921752415,0.082936700791882839,0.0093828919747957901,0.094956838134562613,0.99543717040789548,-9.7696887641732317,-8.8732473740352109,1.388537585863391,0.232803733811733,0.1954929486242348,0.6273291925465838,True,5
0.37357127779968519,0.91112262765781094,0.17406911780392753,-0.91849823339561032,0.33710823084103725,0.20668583877075264,0.12963601217352461,-0.23709407008432953,0.96279847646254302,11.860485904121138,22.404858558687181,-5.3807317871402711,0.5090489985563406,0.3525011012844769,0.6,True,5
0.91570953835023017,-0.39855603757437813,0.051275006459489542,0.3845965422917586,0.90622816805807416,0.1756018424599573,-0.11645402969254977,-0.14108009190214998,0.9831250513730434,3.3427376851937711,14.702921923845505,-3.9853777882018888,,0.07635245119309896,0.2380952380952381,False,5
-0.30012006179755674,-0.95382439528002838,0.012123179257884621,0.94764649281830016,-0.29667499766153343,0.1181104161863139,-0.1090599521172001,0.046935793710313568,0.99292646158362441,0.40437658353800154,-26.291551570245925,2.9203946175806945,0.3179398298670027,0.1448514342860284,0.2222222222222222,True,3
0.93720522466814882,0.34040335678037481,0.075973163336650038,-0.34869808574064531,0.9191641220414023,0.18315829698014582,-0.0074841068628215268,-0.19814860949426435,0.98014341639372093,6.6933518470352098,-9.8648838731821424,-0.11896859007888053,,0.09054062134475634,0.5714285714285714,False,5
0.11037168990794274,0.96487882646862855,0.23838401854861502,-0.98750646651550611,0.079320486491411379,0.13615887416112352,0.11246807839082081,-0.25043384486783588,0.96157881668004108,6.6462796556278887,17.02711356606002,-4.3360211439484244,,0.3137479147249135,0.3428571428571429,False,4
0.26040340019286262,-0.96134275810264513,-0.089499556488262411,0.95440403155888687,0.24228923018770621,0.17438140233176458,-0.1459555196357433,-0.130828247632721,0.9806023434140938,5.0846447091408766,-11.589454331334025,0.24248690496229627,,0.1164150052521488,0.4285714285714285,False,5
0.80817034700777912,-0.58888424961136299,0.0087195628898231944,0.5745135044368701,0.79153329397186578,0.20834893269156887,-0.12959522922157934,-0.16337192259905556,0.97801569080935302,11.916007746464006,-8.5834603104703007,-0.48093431104207551,0.5341384335595003,0.4801769055033019,0.9640718562874252,True,5
0.88951219694572037,-0.45653595377516204,-0.018519567905365679,0.44005970847595838,0.84509505661013162,0.30358161714631765,-0.12294512784512003,-0.27818926687369161,0.95262543916033726,-19.470278643904969,-1.88489733906983,1.1883999205559999,,0.1062452660232865,0.3333333333333333,True,4
-0.07860790030607949,0.99219374408239713,0.096811012871596519,-0.98717761160679585,-0.09100636113752221,0.13114192836316277,0.13892861890831373,-0.085260872833098855,0.98662526949798279,10.030384076262738,-5.4212640830157719,-0.83938241991467444,,0.1052900869126637,0.4347826086956522,True,5
-0.71142917552267348,-0.7011281991357613,0.047830707623604418,0.70142231772816221,-0.70423665813903003,0.10980647306067688,-0.043304277017209653,0.11166905439653663,0.99280147153507059,6.1780523108009842,-13.467164024085804,0.4050956608479343,0.1582151641672443,0.1217164517368225,0.4545454545454545,True,5
0.78254281499728273,-0.61024316675431478,-0.12340996769221875,0.60698038005866739,0.70365986646653456,0.36937462087714512,-0.13856969697579746,-0.36395888470260607,0.92104960199007246,-20.012668100500328,-2.808085821164974,1.4395493377166322,,0.08432632492473074,0.2307692307692308,False,2
-0.91950764228617621,0.35808527059835066,0.16211303080821557,-0.36895844719834325,-0.92850558628700541,-0.041797613266948946,0.1355557450582848,-0.098246196945897799,0.98588656790087315,-15.978595132557103,-25.126749181143445,4.7542214853495217,,0.2090144878253249,0.3333333333333333,False,3
-0.98295687747514593,-0.17664735613343041,0.050906665529970113,0.18022942893819546,-0.98057106477590161,0.077445076466271842,0.036237135219595165,0.085300049796724675,0.99569612409396935,19.486933670136441,2.2267988152169593,-2.3829742157561098,0.4615378435437515,0.4968945129135335,0.9285714285714286,True,5
-0.94791142707554021,-0.31225819180158471,0.062918582886284422,0.31771390440772884,-0.9410080693373799,0.11645466237095661,0.022842971908447404,0.13037881382625641,0.99120107119577339,9.4942227099704599,0.9674517421296297,-1.8792527330489039,0.1965002817826406,0.2070690536669383,0.8271604938271605,True,5
0.99685441026574395,-0.0023412825330589426,0.079219966737157588,-0.015125676327683866,0.97557073012296658,0.2191642407943673,-0.077797806198928912,-0.21967309558396469,0.97246657136746462,14.547534544474511,13.462545615202995,-4.0147420461939154,0.7060054932318206,0.7184005250913001,0.9813084112149533,True,5
-0.90762128273782627,0.39685390553163152,0.13685972667528506,-0.40490566688103496,-0.91365316975282374,-0.035906633485222383,0.11079263535527591,-0.088004903641267007,0.98993945718216736,10.4129686920956,33.529480850971225,-7.1535366518600574,,0.2682282779423227,0.25,False,4
0.88016520074661719,0.43151738779640031,0.19774216400160893,-0.47464619078418269,0.80406286336459476,0.35804176478728722,-0.0044958835320216065,-0.40899346668046027,0.91252623592090054,17.505843185801467,-19.338015541878153,0.72744570066777681,,0.5690322172716488,0.1666666666666667,False,3
-0.84954614264060069,0.50137569675079141,0.16399317739508604,-0.51040692226209416,-0.85979413093986501,-0.015453999750865283,0.13325211154579833,-0.096832138822923894,0.98634041368057379,4.1348945950575349,11.312875310494469,-3.4571117607716921,0.5321808534085625,0.5508896266935847,0.7352941176470589,True,6
-0.55844473596581046,0.80643636953702402,0.19442185772186449,-0.81678424373532221,-0.57548697101406032,0.040966393284983818,0.14492403547305061,-0.13592324334346514,0.98006218979266801,-21.272100951043885,12.37179034001155,-0.97669726526173151,0.2124210999450149,0.3001445306789711,0.6285714285714286,True,5
0.47401314433638519,0.87120770805245062,0.12770539701331995,-0.87536473941056403,0.45058855239325651,0.17523278645511839,0.095121564290170268,-0.19485144567630441,0.97620940485371555,2.33108066686209,6.5657552878610295,-2.506922290539102,0.3556101699163925,0.3898964069612974,0.9003215434083601,True,5
-0.74669734468185123,0.64496110350041247,0.16269065866423427,-0.65001139320181867,-0.75943352469893188,0.027311357915467585,0.14116750388422494,-0.085357463264125105,0.98629906180235727,-19.043174000019658,12.524510130765693,-1.2474772060733599,,0.09648570855863033,0.4444444444444444,False,3
-0.43950003083891276,-0.88225434858745122,-0.16872162662541898,0.89322007274001591,-0.44909915304108466,0.021629895794967935,-0.094855809241793626,-0.14119920373823971,0.98542638503176472,18.601966199109182,-1.3232136357816333,-1.8603935292513656,0.457988126824801,0.3303500176260282,0.1923076923076923,True,5
0.49095710126792058,-0.86979297067538419,0.049206837718871667,0.85766825837741412,0.4924794252236997,0.14788229881628029,-0.15286033915458305,-0.030400721949072708,0.98778009334999317,2.9030231718528139,-4.7291775220312635,-0.55850577307327454,,0.07282560495712773,0.2758620689655172,False,5
-0.077733693763504946,-0.99155454043973057,-0.10381264945677963,0.99538742659241608,-0.083060520483068279,0.048008550476023995,-0.056225828901038021,-0.099601924029791483,0.99343752339739744,16.705182821378703,-20.850025797771981,0.97030963401836223,,0.3105217779266877,0.2222222222222222,False,2
-0.90884786373163406,-0.41631185024989503,0.026076885012494819,0.41675122707750029,-0.9089070016335784,0.014369311425975445,0.017719348742085431,0.023927091820108416,0.9995566612039507,-3.459160481769564,26.05741335265466,-5.2997702610910453,0.3963486479622933,0.3985879504512365,0.8372093023255814,True,3
-0.87416511410388065,-0.48330658921369246,0.047435156860454117,0.48559260617061745,-0.86872715776154807,0.097534333441966284,-0.0059307770297122239,0.10829527316632238,0.99410108122547303,4.7232076363809448,-3.9007115094367721,-0.85973588298640147,0.4541354848542578,0.399637756583767,0.9594594594594594,True,5
0.11034325896536017,-0.9907105325532094,-0.079479594167560411,0.98343938208096549,0.097264908151740437,0.15292651638758595,-0.14377533506520698,-0.095037773176617352,0.98503628090366169,-5.9488885889475327,-3.7186831558795297,0.078232320701968797,,0.07539026037518637,0.2608695652173913,False,5
-0.41740566840864579,0.89490726978094826,0.15784006612245444,-0.8993437526296959,-0.43170709456988549,0.069352715188115074,0.13020492535333519,-0.11300426094283793,0.98502625062609117,4.0004122802069162,5.2065373632105905,-2.4076548828301614,0.2421093779028766,0.3277326745129512,0.5088757396449705,True,5
0.52037456828432971,-0.85363848746339555,0.022619491685391423,0.84051594340278446,0.51669357547081718,0.16297453160819786,-0.15080867869133457,-0.065795758133718546,0.98637095488613435,-21.779443346633897,-2.8281013181421524,1.6528172752366472,0.1818816624059484,0.1639917436412077,0.8043478260869565,True,4
-0.95647366631375941,-0.28818294826277463,0.045920735826966083,0.28996134717270194,-0.95627117211834833,0.038312693995485383,0.032871610762281366,0.049960321315767886,0.99821010989666792,4.0831141282900161,-9.0676163049028098,0.0055228819140048574,0.1270030120749601,0.2192217532734445,0.3333333333333333,True,5
0.99501785468232706,-0.077552999562251354,0.062649829387460054,0.061382648253399529,0.97172681172004061,0.22798941615304166,-0.078559782056595764,-0.22300792731044974,0.97164593602809779,12.90928127398408,-17.142481572916541,0.64225582520275026,0.8472551323950558,0.4269662124921624,0.7419354838709677,True,5
0.010176304670592896,-0.9984073477022436,-0.055490637745684662,0.99051672310202754,0.0024609608030751913,0.13737017480933394,-0.13701483160035088,-0.056362325414209644,0.98896421785392741,-10.601804066438605,-8.0564034486679361,1.3586363402658745,0.2964847869042061,0.2501051315848841,0.7043010752688172,True,5
0.1938083251879604,0.96923502425358754,0.15172936712444796,-0.97291041828018854,0.17002091469712607,0.15664675728345204,0.1260303578099578,-0.17797852770966571,0.97593032158274151,-15.8025792175159,15.769836601130571,-2.0572271438520184,0.3528463108625361,0.3307691866886194,0.6220472440944882,True,5
-0.4499544430474785,0.83567355598402859,0.31494556197991502,-0.87982766156614611,-0.47527512493890373,0.0041038466538820262,0.15311526744541987,-0.27525127328192422,0.94910086473029787,-16.703833446899218,-21.018870965548782,4.1636042246987133,,0.1583250765858464,0.1666666666666667,False,1
0.17726317591253096,0.9495121265030364,0.25885225146613572,-0.97722596378335858,0.13864171863792335,0.16064834129492592,0.11664982714556958,-0.28143417609950511,0.95246397430564478,-7.731856085212371,16.081518293428609,-3.0135598600006306,0.8642853281863088,0.468188558203664,0.3823529411764706,True,4
-0.98515960866681107,0.15019110395798446,0.083085364194532607,-0.14743911140827662,-0.9883271070458175,0.038356719171268386,0.087876355628769706,0.02553745818063461,0.99580398892105204,-4.7854877726626102,-10.936620354148673,1.2478843112097595,,0.1293786705198653,0.2678571428571428,False,5
-0.25926215712210954,-0.96489557840876594,-0.041948261604084255,0.95834568579700652,-0.26240487542628804,0.11277068709013176,-0.11981936570795568,-0.010963763939828432,0.99273516885502544,15.833784185309026,9.7742507942480312,-3.4873391492179344,0.2198140624550657,0.2708867002881551,0.5333333333333333,True,6
0.49390906307649657,-0.86949607103115845,0.0055154213145514538,0.85610892670850081,0.48739455286452271,0.17182565421965279,-0.15208991755181167,-0.080144446466188929,0.9851119351016473,13.048868382671344,14.040776998802375,-4.1027151345009658,0.5358555595633607,0.3980610506612677,0.875,True,5
-0.6569260485860754,-0.75366174938365216,0.021026987541210428,0.75151389260928447,-0.65230196287774478,0.098635786817369286,-0.060622074398074099,0.08059849094005489,0.99490142594824926,-24.898530731098322,-4.9469137130944381,2.2163871408356011,,0.3087530821860541,0.6296296296296297,True,2
-0.045819755287988088,-0.98634808545490038,-0.15817080749873463,0.99027426364963989,-0.065671065088198866,0.1226547755423536,-0.13136754842240336,-0.15101246812642469,0.97976415615792611,16.350805689702113,-0.36784705796617656,-1.8881358697072548,,0.159602662155753,0.1,False,4
0.84635877523641689,-0.52301467873888863,-0.10066016791148535,0.52140626304021742,0.77505267469441308,0.35697179203891016,-0.10868455475709059,-0.35461105069172949,0.92867576165449672,-15.896682949758743,-24.263184291680169,4.5840674344312671,,0.2721108724191835,0.25,False,3
-0.095110477737315222,0.98425846072478351,0.14896066432538757,-0.98500363261148671,-0.11468992944350009,0.12889555394357674,0.14395082760010861,-0.13446747776293747,0.98040637322353186,-16.303860430725294,-9.299943053066599,2.1781331384469564,0.1733229647315518,0.1476941711493513,0.3428571428571429,True,2
0.75612117211678231,-0.6543808947231835,0.0081497053952677631,0.63767422234775539,0.73950280501709698,0.21565525155912862,-0.14714740646687918,-0.15786464453173715,0.97643555587501019,-1.5463010594529762,-21.056373014015879,2.388740329349611,,0.2119185159004916,0.6190476190476191,False,4
0.96268764320740507,-0.26945616579301457,0.025017520498648686,0.25071869546365227,0.92288120669139828,0.29228481671279755,-0.10184614553716409,-0.27510662124339497,0.95600403220241015,-13.767983538170599,17.688460512680518,-2.5677332065626919,,0.08286199273451575,0.4166666666666667,False,1
0.064763783173601625,0.97987142370925362,0.18883232082205587,-0.98600448430446053,0.033703919461591375,0.16327646108494032,0.15362554904877704,-0.19676391643522351,0.96834041115123093,0.1486085880126195,-15.371484025703495,1.3903037214070553,0.5245075847524377,0.5366989070530432,0.5238095238095238,True,5
-0.97356793785216844,0.21305177271267822,0.08230681946388585,-0.20738080149486018,-0.9755848993014079,0.072300120514492111,0.095700959021447041,0.053320225046843965,0.9939810259976436,3.0470463635091334,9.181969041881489,-3.0313055673287526,,0.07314434122105451,0.2631578947368421,False,5
0.29218533292440063,-0.95544187718627027,0.041935075326426256,0.94369229495162354,0.29515097948603658,0.14943477425743493,-0.1551534197908456,-0.004088841793126935,0.98788192497888949,-11.140476621948157,-15.962748834466158,2.7188871199105735,0.3106991231386983,0.2346322928671659,0.6153846153846154,True,5
-0.14089432666095281,-0.98593053211585602,-0.089943174040624282,0.98045751826254612,-0.15155526763337876,0.12543546442303932,-0.13730201599832906,-0.070512315905238737,0.98801628008270903,12.655172678371676,-23.071498252223076,1.4668753848479796,,0.4532115734314168,0.4615384615384616,False,3
-0.986516821038528,-0.15388989195852559,0.055699757279801504,0.15761457650289087,-0.98500647052608015,0.070141986681066276,0.044070478575230984,0.07797534337690204,0.99598074215488841,-15.101765915735232,-16.459183092746127,3.2401309143154609,0.3194679216993199,0.2162288468675245,0.7377049180327869,True,5
0.81516053579995817,-0.57900732673308064,-0.016242427889269051,0.55848261552689749,0.77820775645316598,0.28721047326023241,-0.1536569849650895,-0.2431937568802765,0.9577297779571734,-3.5501126534455159,13.764981327599473,-3.1219319933381335,,0.252998108820396,0.2972972972972973,False,5
-0.68003772965813991,0.67989474602930433,0.27439355051303915,-0.71832577639453454,-0.69278919985763432,-0.063649065411904127,0.14682222314279442,-0.24038772614750542,0.95950871591092934,-12.85962665962977,-26.224343458793669,4.5265355050515588,,0.6360206066984477,0.5217391304347826,False,1
0.93519634445221833,-0.3507200455323467,0.049022923056437545,0.33852218637613846,0.92601656873334359,0.16702108777769609,-0.10397368250825659,-0.13960216364052,0.98473382660115771,8.1568060336472215,-14.362099161256511,0.41533264401742248,0.3151833768434263,0.2727491875152236,0.4285714285714285,True,5
0.96737894132388769,0.23670849817184883,0.090261125498759642,-0.25121044396108233,0.94235099345568218,0.22106089201386409,-0.032730669531053067,-0.23652418909345635,0.97107415331978253,-18.42050682615136,-22.178360654495737,4.518770789822665,,0.168409504683628,0.25,False,1
-0.92869996749306416,-0.37057848196933563,0.013709816909244978,0.3707248340065567,-0.92868561404745242,0.010301830522647604,0.0089144730182521767,0.014649879269441994,0.99985294579162887,7.1740727045864832,-17.722859149167558,0.91979396455108897,,0.1667445411515396,0.1176470588235294,False,4
0.98388502309908576,-0.16580064135319866,0.066935854728090549,0.15146446025002888,0.97179211955090261,0.18077221484490347,-0.095019885300285573,-0.16772067167058613,0.98124461664352003,-12.856182312090382,-3.3762844087505628,0.77718226075511077,0.1563355721524889,0.1789986193260986,0.6616161616161617,True,5
-0.25937558967024621,-0.96541893938046008,-0.02627879313664859,0.96176829317242241,-0.26067993036615833,0.083950724550170996,-0.087897973420415526,-0.0034993413382206698,0.99612333617819715,7.1373381595875074,20.043001407678478,-4.8654547630113774,,0.2754464450415811,0.3125,False,4
-0.22608132355636634,0.92963975924046105,0.29095902319457279,-0.96265218375963313,-0.25889783209613998,0.07920028812276575,0.14895639711610845,-0.26218663309798473,0.95345170888877828,-3.2174785805847694,24.790744265544827,-4.9936751579258036,,0.2108303468942326,0.2857142857142857,False,1
0.73255200266135079,0.67230218666239849,0.10666458271517973,-0.67949852747046879,0.71286535771336779,0.17350715529239086,0.040611753992042997,-0.19958144097373143,0.97903929127310318,17.18234960049703,13.437849459677823,-4.0822352433543472,,0.3115431162903524,0.9615384615384616,False,5
-0.33134287239551313,0.93308664947881992,0.13986137950514316,-0.93216820554712543,-0.34665874654963985,0.10435588151937496,0.14585725035027858,-0.095796753624659142,0.98465661248743641,-19.614850114942801,20.683120429153369,-2.4085314621627831,,0.450503965252822,0.9242424242424242,False,5
0.9962826383873189,0.049894532383685047,0.07022421296260721,-0.061760519719627947,0.98200118572660944,0.17849176293458341,-0.060054497350037532,-0.18216532839634295,0.98143224446636579,-6.6433618632801545,3.4275888239382848,-0.93762391048334581,0.7182270057381489,0.6265517516614989,0.9994814622763806,True,5
0.42185961913003234,-0.9064270275784152,0.020603529377854687,0.89348523070606689,0.41948172313629206,0.16037214990369925,-0.15400845514968176,-0.04924558487790729,0.9868415618084001,-4.8290484881260785,7.5762185431881051,-1.8682730917553523,,0.1041884674337376,0.5409836065573771,False,3
-0.74168324216154147,-0.66915681297185914,0.046207444747450435,0.66914800588187406,-0.7333949041802319,0.1198868664482472,-0.046334808956722262,0.11983769930957705,0.99171165733953714,-23.669447029118199,9.2878579539167117,-0.1835990355112293,,0.0878813969822689,0.391304347826087,False,2
-0.28921189501453437,-0.95718310270857532,0.012529472107297157,0.95112308320455563,-0.28585130715676371,0.11684994990255443,-0.10826523161921352,0.045711465585289102,0.99307054207467205,2.1053798837342002,2.8782186445008331,-1.7512326807046139,,0.09958508768126338,0.31,False,4
0.56240613899675174,-0.81869629049065973,-0.11591254787812783,0.8239781255097981,0.54321499635063586,0.16117542126868228,-0.068988285238329491,-0.18615545030057903,0.98009528354301489,-22.483292720665769,-1.7297963475110407,1.5763033969453237,,0.396480936592172,0.28,False,4
0.98786095407291319,0.13643095259520435,0.074278735800485773,-0.14753299210191478,0.97368811981942183,0.17368207035838468,-0.048628712296436817,-0.18253229987178604,0.98199654166596029,-15.836129435835407,1.3339831486525895,0.26692919181864655,0.631732944991547,0.6140109242632333,0.9739368998628258,True,5
0.20103578595885807,0.91883752748346992,0.33959124083516828,-0.97225001461249994,0.14481625326322273,0.18373394318088637,0.11964331092835617,-0.36710468653895872,0.92245304881670531,5.0016969737630772,4.5484780964315563,-2.3690768102456947,0.2726737700429478,0.1997677403951032,0.3181818181818182,True,4
0.4560477597600775,0.86849994271510866,0.19423771601228129,-0.88787330861514313,0.42909157581937457,0.1660162865794941,0.060839367736799821,-0.24816983915193802,0.96680416955487303,9.4198215641648684,6.5376492963469817,-2.8135959068073664,,0.3476517793574742,0.4,False,5
-0.85884430267810041,-0.51070987348336294,0.039520739921908216,0.5121400335902222,-0.85462363008946585,0.085621474449519952,-0.0099523741676904795,0.093775668588985242,0.99554360739704173,-18.061200838079312,-9.624958781331852,2.3435380830054755,0.2680077378655854,0.1777582587232257,0.4,True,3
0.96847241196619838,0.23474864645950436,0.083392207344601649,-0.24749799693919333,0.94480120254008837,0.21469846107946317,-0.028388884646309433,-0.22856894072518541,0.97311371923547829,-3.9947681600112679,-10.397028179550178,1.0592072069421885,0.3022129847166303,0.2599332423159844,0.9018867924528302,True,9
-0.76602673202509908,-0.64082081678454039,0.050514617671933687,0.64186959274175703,-0.75829578352071447,0.11397776365693695,-0.034734302015125361,0.11973381089024213,0.99219823764871784,-9.4197115863553265,5.2494554751811169,-0.96714437648510021,0.1504566226265232,0.1278128533575649,0.6872509960159362,True,5
0.99376641214176997,-0.091667568413475842,0.06344584304771432,0.06216290151865389,0.92806043031712981,0.36720513525053888,-0.092542378258053185,-0.3609721520848182,0.92797360611474233,-2.466247074065758,27.649447736420278,-5.6656861774860632,,0.3950291572343096,0.6,False,5
-0.44447067249524846,-0.89519191959313804,0.032821462288773647,0.89104933520659257,-0.43805409064219103,0.11891045328116268,-0.092070101115998532,0.082097751289513188,0.99236236109280873,1.5975934469156434,4.0799498784269952,-1.9927365092859819,0.1127439906089255,0.08086078008101283,0.3168316831683168,True,5
-0.96741161464424719,-0.24551921943836136,0.061928028692900892,0.25038528207644095,-0.9639947499078716,0.089561892954324138,0.037709128482532696,0.10214908240624784,0.99405411653121289,2.3954638985643357,-18.198503264933024,1.5681302277731295,0.252127436208565,0.2090738361674069,0.7804878048780488,True,5
-0.8464622678876248,-0.53158765267530361,0.030268739083434949,0.53228927508798007,-0.84344926548558297,0.072535950935687474,-0.01302907014537516,0.07751067071695622,0.99690638439933554,-3.957914576493561,-3.7298040558255963,-0.074114741643835969,,0.08936537033394854,0.6285714285714286,False,5
0.14185869615463279,-0.98834737518380089,-0.055186740188193459,0.97647985422549166,0.13057515933261099,0.17157278938405693,-0.16236749864757502,-0.078227832211783005,0.98362452269673273,7.3145345498984335,14.722323910786345,-4.0396071064782957,0.5440398898521899,0.42371892267755,0.6862745098039216,True,5
0.28605500148848567,0.9370616027744596,0.20022010071214924,-0.95019440552269663,0.25042387109076103,0.18552217253279152,0.123705811653259,-0.24331756490988976,0.96202569340404309,-15.069322268779933,-5.8012558535063015,1.3877094054053201,,0.1401709126820317,0.44,False,3
0.68833424910782426,-0.72438317620374659,0.038274998865324691,0.70925260360771203,0.68314923601797084,0.17397662372785999,-0.15217327551462648,-0.092607426057717185,0.98400567013514462,22.332327739619984,-9.8790568728128108,-0.82136795754330982,,0.4384570024232941,0.6111111111111112,True,5
-0.48354518285438564,0.80889335846515709,0.33447808712870364,-0.86181100768429098,-0.50682726925401556,-0.020196687221003762,0.15318564936867962,-0.29802290813203547,0.94218708495500991,1.0904826938312917,-16.686902692493458,1.4867293432167752,,0.2519115284761142,0.35,False,6
0.83168617059498318,0.54595609398086575,0.10114374467168408,-0.55461153745487701,0.80813099889043027,0.1983187614783212,0.026535940966780573,-0.22103445902735078,0.97490492447186683,-4.5090821251119966,22.571878765258599,-4.4820950894514917,0.2832903031510398,0.2566185549779626,0.8518518518518519,True,5
0.97724520736323217,-0.20751365391724735,0.043930491956113392,0.18664279019736832,0.93965679846904659,0.28672211278211968,-0.1007783387089424,-0.27199850096795464,0.95700603024132058,-16.209243570156595,-16.458828978031075,3.3489398071215981,,0.2437536115022951,0.3478260869565217,False,3
0.1777310110223381,-0.98316791090358935,0.042338477658623447,0.97150674508169499,0.18215312736208752,0.15164063588953225,-0.15680029330887138,0.014180873093126475,0.98752851647766027,16.953239090029665,5.0386787072477652,-2.7252948343579018,0.5899647034529759,0.6080347096891936,0.6428571428571429,True,5
0.0024367775321834846,0.9827433587457659,0.18495824652161441,-0.9911456070364083,-0.022181129171652464,0.13091364772666381,0.1327571006300198,-0.18363956096049161,0.97398771238786663,27.994275413572719,-4.8606097377399786,-1.7583609592184364,,0.475057291570739,0.9016393442622951,True,5
0.78329713251183319,0.58671803291213009,0.2054447664323934,-0.62065849813552543,0.71947418935481966,0.31167277639277247,0.035051831491293213,-0.37164343221419349,0.92771360257417823,2.7615390542818714,-27.683959468478466,2.9020776656985157,,0.2853779504395482,0.3,False,3
-0.6425656786922388,0.757105644642322,0.11789992119385176,-0.75279506096221971,-0.65246877023279615,0.087086738725194388,0.14285987805423175,-0.032795528988518292,0.9891994280834846,7.5060696820013044,-19.596253990305403,1.1874244526738014,0.4700784189198075,0.311731472459869,0.4166666666666667,True,5
0.29777257318963879,0.94702901755531776,0.12028106486155665,-0.94930520895628689,0.28045198479118399,0.14200811411727465,0.10075274142414539,-0.1564695629663935,0.9825304885654309,-7.3004638893127618,12.601043297408085,-2.4621978237873194,,0.1141736597093809,0.2368421052631579,False,4
-0.23841742999309276,-0.96457554090710285,-0.11292101203610926,0.96411896629037519,-0.24906147254138378,0.091885808124518562,-0.11675507661197046,-0.086962111170830525,0.98934616960194743,7.6476641465964317,5.0186170335794005,-2.5470014732550252,,0.1483664882419297,0.1538461538461539,False,1
0.047905052880382257,0.98909277965938902,0.13928596172691285,-0.99024616393061216,0.028762992889008937,0.13632763865326011,0.13083440193326382,-0.14445817202820355,0.98082322352452211,-9.8836140718054022,19.940359963644418,-3.375601104932541,0.3701433574356247,0.3089428654214864,0.7974683544303798,True,4
0.96171931503283969,0.24637541251891171,0.11997964493572369,-0.27245513150549072,0.90662136637611646,0.32218922909779213,-0.029396605400828398,-0.34254467465783184,0.93904152488293535,-14.057090814143351,-7.877073873337209,1.6295011094048406,0.4718837242561434,0.3413897724878803,0.4333333333333333,True,1
-0.663762497545202,-0.74746613764644854,-0.026715537135831448,0.74776601734261683,-0.66395950549459437,-0.0019386518343457448,-0.016288958226869529,-0.021263775188665332,0.9996411964823223,1.8028188714057878,5.0378407867112784,-2.1883865267621685,,0.2300533364409565,0.247787610619469,False,4
0.82286428876917928,0.56045934197173219,0.093699990741755987,-0.56803230207108868,0.80687054285321003,0.16217037608510651,0.015286139872825767,-0.18666883262178088,0.98230396561115918,12.164086996263368,-13.490740650911105,0.17419464153755365,,0.07486702778333272,0.2380952380952381,False,4
