axis_00,axis_01,axis_02,axis_10,axis_11,axis_12,axis_20,axis_21,axis_22,location_x,location_y,location_z,dbh,dbh_approximation,score,reconstructed,number_clusters
-0.30341129363134611,0.92888450495949604,0.2124033035126924,-0.93671176478953155,-0.33162883168786977,0.11222026420491019,0.17467872395296005,-0.16491177774643737,0.97071697675412849,-23.613857806834094,0.27463388923285126,0.19897417452753258,0.8146025928832225,0.4066545128761677,0.9217391304347826,True,4
-0.26298914782129379,0.94613672618945632,0.18884386006361489,-0.94964295392107367,-0.28840817270324576,0.12247034737450316,0.17033780612737259,-0.14712586881127077,0.97434029503569308,-1.6751536038905757,-12.705414929031228,-0.1424680299369615,,0.07446059962011393,0.3829787234042553,False,5
0.79506965523340567,0.57792344652795047,0.18403459805234756,-0.60547472255820811,0.77407283454844111,0.18496379958576653,-0.035561266429852342,-0.25848740156417255,0.96535986013636799,-1.1436643443559054,-17.706853328695743,0.49158567001510578,0.2458077689081211,0.0813295605628816,0.5217391304347826,True,4
0.82635522898839397,0.52743657477172501,0.19735170411376807,-0.5611382600739141,0.80077664668234683,0.2094770040109295,-0.047548802348302374,-0.28384400948627631,0.95769081110450005,-5.7167246440252999,-11.099151006283549,0.12954754186151601,,0.0955461862932028,0.1451612903225807,False,5
0.48728690571633471,0.85024832405003203,0.19907098976875268,-0.87229012094053349,0.46329796372727383,0.15641272875220424,0.040760476284617833,-0.249865532349447,0.96742224458443071,-17.769260249787639,7.7876857907278048,-1.4325036972254075,,0.0761651656492535,0.3,False,5
-0.016645593378395083,0.98178240963363117,0.18927816660952385,-0.98973808900672688,-0.043049034298824715,0.13625452585236295,0.14192053900121279,-0.18506777347750239,0.97242402265148009,1.5051773847546119,-15.810608329703141,-0.10891651100936321,,0.1207135421895712,0.5853658536585366,True,5
-0.85243321620965073,0.46002466224100214,0.24846513242812243,-0.48435124535194485,-0.87376860954533286,-0.043957799071810799,0.19687936161134978,-0.15781548435837811,0.96764290410679887,4.5364195310037267,18.806032031339083,-5.3595078423134703,,0.5571674895848376,0.1428571428571428,False,1
0.14336155084659133,0.95541450793398641,0.25812900605728273,-0.98429210718450588,0.11049239816285709,0.13769705037693511,0.10303646671517687,-0.27381480598660324,0.95624732080637664,-6.6386423137481181,17.432751826969227,-3.8397807497214025,,0.1062674349505407,0.4761904761904762,False,3
0.44609481761716058,-0.89314657797204866,0.05734635081617856,0.87462756378448536,0.44864053134323839,0.18370709922176043,-0.18980526431985295,-0.031794085816024137,0.98130683159937027,-20.026092473455336,5.2667864759384058,-0.90368908536435077,0.1489673823033856,0.1532475709771675,0.484375,True,5
0.85137255241896326,0.45309613990188846,0.2643268147457386,-0.52142671456044998,0.78599512514301539,0.33215334499913007,-0.057262189360125379,-0.42061330370950489,0.90543110749093503,-9.4742840670205304,-27.568405399535362,2.7543781803862881,,0.1623984427360329,0.2380952380952381,False,5
0.983890898438326,0.072270294873337332,0.16351056372340317,-0.11319248546539239,0.95978793638226723,0.25689409959988718,-0.13836965420348191,-0.27126393356653711,0.9525070693394454,-18.20649296107926,5.6642139048382365,-1.1274241415327935,,0.3560974355921459,0.2830188679245283,False,4
0.79210413717402561,-0.60332809246675412,0.092554031312633067,0.57600988056746705,0.7890189645722645,0.21368596358667019,-0.20194963075094874,-0.11594949929059228,0.9725081286312296,-13.192534481918324,13.133618522095029,-2.5187515214799907,,0.07166959751024113,0.5,False,2
0.78707475540008576,0.53531916259563606,0.30650729774313962,-0.61598672966385004,0.70846622295003148,0.34443571216839758,-0.032767030532684718,-0.45990108186089629,0.88736537943129556,2.3998303016166775,4.7470337637374946,-3.0372341393228113,,0.3954463883187047,0.2333333333333333,False,1
-0.89183838291965734,0.37852630703666457,0.24767344151610921,-0.41448091378892538,-0.90310991528081674,-0.11224104875744775,0.18119015110084291,-0.20275678978189371,0.96232001607645723,12.93411271033259,6.9814663777021124,-4.7295645600846452,,0.4450273083038846,0.1785714285714286,True,5
0.72130518488674011,0.66323371215222315,0.19959928186315667,-0.69251842711821876,0.69547686685395183,0.19165113037161946,-0.011707192541948117,-0.27646513475625295,0.96095263718197532,-1.9540648392071198,20.291887877274242,-4.8048093553808506,0.2237669396336271,0.1413280522249785,0.25,True,4
-0.25918549345309794,0.92735536661577445,0.26987942491490019,-0.95427847589949411,-0.28896854935204036,0.076483775536494006,0.14891430562042554,-0.23771664118084063,0.95985172192755186,-9.2531116222991354,18.070004319369847,-3.6353998293472141,,0.2509885532308684,0.5348837209302325,False,5
0.71380346344973322,0.66657784773350914,0.21484549908743103,-0.70027939881296741,0.68355448183788825,0.20582039247238051,-0.0096632895700058397,-0.29736718593398681,0.95471429106533612,4.9903639654939811,-8.7376188446832561,-1.5169150070547286,,0.0730320133832558,0.2631578947368421,False,5
-0.68813337907867722,-0.72406557506624469,0.04692009805776487,0.72545335544313772,-0.68779735311699675,0.025538796399714889,0.013779755950461284,0.051612440837864718,0.99857211771444143,-7.6026266129984368,18.79589132302846,-3.9590699530884081,0.2892514366987458,0.2569248125259682,0.5185185185185185,True,5
0.65625002135471144,0.65445706524011471,0.37552877283802788,-0.75451597690772865,0.56492926894952644,0.33400682878517318,0.0064459338280021539,-0.5025344474177349,0.86453315673583941,12.697119789979668,3.7323440658159948,-4.2298018571577369,,0.2419996214385702,0.2857142857142857,False,1
-0.98344402538807463,0.097203486427144548,0.15293570922093055,-0.084530342140138229,-0.99258866973072202,0.08730609360100737,0.16028870885428043,0.072932948305992715,0.98437204087947572,1.1494051990776804,-18.614495649369331,0.31694193164784329,,0.08192992752108819,0.2222222222222222,False,4
0.98570636319376814,-0.093353386544100622,0.14024304182405256,0.062828033470847394,0.97607893914337118,0.20814068024040236,-0.15631891686389496,-0.19635439842666896,0.96799243098745336,-3.7871375145628319,23.091608968041378,-5.0499573759075407,0.3696886375159698,0.3021062351420928,0.4181818181818182,True,5
0.78261996108651666,0.59183144820727129,0.19298065556376903,-0.62181461381464997,0.75778538717520094,0.19775715671061656,-0.02919901634431836,-0.27476689010252608,0.96106741363335668,2.9525045027535719,6.4328835125783499,-3.3596222252875299,,0.1280839115770596,0.1764705882352941,False,4
0.66494137373406603,0.70235576550055601,0.25406563751279326,-0.74686974402327067,0.62243925365849384,0.2339977798349217,0.006209263987654548,-0.34534874282844308,0.93845388318635381,-12.606475588139922,-28.470845708519956,3.1880501393454357,,0.1964643883287285,0.5217391304347826,False,2
0.47745261975682135,-0.87808177419893885,0.03180241668477693,0.85840872127773349,0.47386956419461773,0.19642327602483795,-0.18754589604060845,-0.06648333587935501,0.98000331781513805,-7.4165867880455307,17.45355999923791,-3.7447185868228319,,0.08557715433892397,0.44,False,5
-0.94745740857483007,-0.29759449459964665,0.1173114475260143,0.30450054507302898,-0.95141324974305952,0.045741078513519703,0.097999372380113942,0.079059123428814604,0.99204121790164157,-12.996542524716746,-26.605048573587169,2.9889991602726975,,0.2516497920399164,0.68,False,3
-0.44298278759626109,-0.89125715195316302,0.097092424966016944,0.8947630085921866,-0.43271309883050502,0.11026573609041002,-0.056261961825944465,0.13572053342378793,0.98914838546026951,-16.584915346016381,14.906482204223105,-2.4320910309754464,0.3673574488877819,0.3178040154025888,0.958904109589041,True,5
-0.076079304839722681,-0.99710134749045931,-0.00091771880991653454,0.98902207911187257,-0.075579720323310173,0.12697650532708218,-0.12667780549225208,0.0087526400908379265,0.9919053003624424,-0.68896153844255281,10.741637598424727,-3.5462030850267725,,0.1878391233987082,0.3142857142857143,False,3
0.75494064414910178,-0.65098469830201156,0.079268823558687168,0.62494394806525644,0.75078950531891098,0.21391629316065508,-0.19877043439191247,-0.11195553259943887,0.973630460252773,-13.239991728757001,6.274651352297731,-1.5981196967230566,,0.0979011475874901,0.5211267605633803,False,5
-0.91237734196880149,0.35465051096215849,0.20442749554848036,-0.37657750092274306,-0.92296862382850453,-0.079487767781576207,0.16048978678011122,-0.14950563368112979,0.97564906284835717,-8.5539698424517976,-39.532498140245842,4.3482523233629022,,0.4001517021665164,0.1666666666666667,False,3
-0.87488516716809595,-0.48139660680950613,0.053228293430716875,0.47976580428657173,-0.87644305952547319,-0.040894210432369293,0.066337902488033673,-0.01024062312174126,0.99774466289305008,10.211232781010258,-22.138405662319339,-0.35454478138877205,,0.5189714121121023,0.225,False,3
0.018891031823834444,0.967679016252881,0.25147654049729457,-0.98979319000386623,-0.017434309979638522,0.1414407503426936,0.14125356610932402,-0.2515817289458645,0.95747274829209028,-25.94254845274363,11.564664112006726,-1.1519749786117683,0.5018779573187007,0.4924646636483477,0.905511811023622,True,5
0.73034055854918123,0.65904178480853881,0.17962904668912633,-0.68297276110075233,0.70925063718567216,0.17467610382113474,-0.012283164595635429,-0.25025478922109101,0.96810209396500269,3.0830681054380706,-5.336299077550942,-1.7623057047986761,,0.07258860095068462,0.3333333333333333,False,4
-0.56204294631829532,0.76420290928089463,0.31638843205854761,-0.80315275055973334,-0.59565252676672265,0.011988603953473037,0.19761929501489595,-0.24737012916485063,0.94855396970060724,8.6943587157664268,-14.888594149438111,-1.1664597585251115,,0.1729696591315842,0.5263157894736842,False,1
0.90916586883297668,-0.40705116480335291,0.087902060165906473,0.37801453166090715,0.89524784358471843,0.23587350934366352,-0.17470671653477485,-0.18121988795147126,0.96780003895871625,-10.521983757868263,18.907131477102414,-3.6383600006560441,0.5972763869314761,0.2303156469617487,0.2142857142857143,True,5
-0.92311447059305174,0.32768324426140766,0.20120478526125507,-0.33986831333063472,-0.94004627169649535,-0.028329078052556023,0.17985884402914065,-0.094534112889669814,0.9791394679639176,1.4197894551780506,-21.392346630071287,0.69699938254267746,,0.2280798505072798,0.2857142857142857,False,4
0.95364734375041793,0.2546069563185247,0.16041209914463594,-0.28487460534487224,0.93559270233375136,0.20859711064497383,-0.096970113887604292,-0.24462541391696202,0.96475655161215657,-12.241787704844349,12.703837980386437,-2.518362714105884,0.1400873222986764,0.129389944023906,0.5774647887323944,True,5
0.74898840266491473,0.62492750022859189,0.22018626690032414,-0.66257979936672817,0.70536881461659773,0.25187863116493292,0.0020933572565655784,-0.33454514616777431,0.94237739946954213,-10.156564934946642,12.432369980020136,-2.68220099852768,0.2463778586454697,0.2997683760304669,0.3478260869565217,True,4
-0.28667318611559939,-0.95210060638447669,0.10640920864587564,0.9533048992809634,-0.27247868838210842,0.13025027210903242,-0.095017121453146655,0.13877968042864366,0.98575450642179685,-16.031629168229234,11.282726149553939,-2.0111218342037644,0.3110667727143557,0.2597739700355403,0.9181818181818182,True,5
-0.55000310226592508,-0.82948617893655652,0.097207337434418187,0.83496329683503745,-0.54359173863102594,0.085698976834402557,-0.018245011269472852,0.12829926206073478,0.99156765725715745,-11.596142956351796,-7.8794705701630683,0.28988083366431117,0.2821279756383843,0.1993147925063465,0.3272727272727273,True,2
0.93486556085047456,-0.32390664743766645,0.14529579099691359,0.30299580068434795,0.94129207983454266,0.14887164004071446,-0.18498629112282466,-0.095150954732216991,0.97812390212598788,1.4257893826284174,-10.350396106069995,-0.86627699754138698,,0.07327126861786529,0.3703703703703703,False,5
0.50514719065805969,0.82328425339398059,0.25890027787506253,-0.86221486485487897,0.46836373651658264,0.19292728459061315,0.037574493922765226,-0.32068434391117395,0.9464405469847047,0.64230553406787239,15.078987577833901,-4.3008268677655526,,0.1034228443367418,0.2105263157894737,False,4
0.98797311910639429,-0.052031947709353078,0.14560835257893898,0.023609218380305143,0.98140243682055806,0.19050423042583861,-0.15281269819832549,-0.18477535934274647,0.97082766022044598,-12.882428103310934,-6.1876116805022559,0.19758973144325301,,0.07216215439692772,0.3061224489795918,False,1
-0.01826141182101048,0.968538452996627,0.24819304161318737,-0.98439266474155829,-0.060873852700949423,0.16512254740149487,0.17503600327166768,-0.24130403876488468,0.95453379114331904,-7.5599842119615719,26.380928630492789,-5.1689356998958136,,0.1746655524692472,0.3125,False,4
-0.086594193077291146,-0.99484465781322495,0.052778334056504478,0.98831493790818192,-0.079113888475665223,0.13028651564074761,-0.12543934483581923,0.06344367163671398,0.99007063954872099,4.0369345447535725,12.028106288322258,-4.3256967177805823,,0.08202349525148178,0.2,False,5
-0.44525979635294127,0.86321621898546319,0.23791064085529787,-0.87747680193973088,-0.47356030735017268,0.075994061347141595,0.17826434250674025,-0.17492396800567739,0.96830957322944466,5.2594744662959751,-15.921564748228734,-0.59186112903775956,,0.1049704075100613,0.1071428571428571,False,4
-0.76361615422128559,0.59537729175240062,0.24983244280490971,-0.61050937833935359,-0.79173681989120082,0.02076311605377501,0.21016343157644707,-0.13666999851519365,0.96806644582583656,-3.5814228227742566,-19.840825011261018,1.0577850867750125,0.6043162521735049,0.6293782150450609,0.7164179104477612,True,5
-0.28044770126047119,0.93122362168993245,0.23274804674669741,-0.94210057276701775,-0.31348156995539483,0.11906223620593526,0.18383578990439958,-0.18588133769958246,0.96522149304977634,-2.7561053085035345,-20.851515289275266,1.1286526345528287,,0.09329830878264452,0.4545454545454545,False,3
-0.83604572149957623,0.47388239354840278,0.27651949053744745,-0.50847993402563785,-0.85853595327666188,-0.066061892378407649,0.20609635672552748,-0.19583537478241755,0.95873499869791667,-26.479857689341181,6.7110487218119221,-0.39726312825486232,0.3866019282547657,0.2836905417765824,0.725,True,4
0.66756248864245749,0.71699663878592024,0.2006891719231102,-0.74455353967408711,0.64264045077953591,0.18070217923607071,0.00059187522231428369,-0.27005382980355958,0.96284504396717618,-9.4874692877567206,-18.917516596475661,1.6260965085730397,0.2405702826466372,0.2043181994114622,0.7586206896551724,True,5
0.25495941887049584,-0.96689617706115083,-0.010367136236763302,0.94853991047096797,0.24800805660239575,0.1968858605995662,-0.1877970526205032,-0.060031547080142578,0.98037160321085259,-21.100348227704178,7.5843615170897305,-1.1069794339461019,,0.236097939770982,0.3428571428571429,False,4
-0.95952483205169115,0.22102394802606984,0.17452939888495578,-0.21910451262916639,-0.97522653037320672,0.030437263375239332,0.17693306424100141,-0.0090348688539100275,0.98418141718033036,-0.24833473185695262,-21.721543238964433,0.95262716839775841,,0.1295941568585992,0.36,False,4
-0.60748120505623615,0.77428835513278504,0.17732492382400361,-0.76836900645488981,-0.62940517590412737,0.11600945851360484,0.20143399768397721,-0.065777409882572566,0.97729098886984067,6.728992413983983,11.251087553001268,-4.5408576096607183,,0.07371185130596287,0.375,False,5
-0.85109118062142308,0.48479149467661048,0.20154654290672003,-0.4846987376355153,-0.87305972619410499,0.053233901157183613,0.20176951207496735,-0.05238245113673784,0.97803125860574469,-8.8884778214928097,-19.567138045095774,1.662029243579676,0.23012087706686,0.139421126996329,0.4776119402985075,True,5
-0.98434568813840584,0.093258297210696089,0.14955419166539466,-0.078140187207933184,-0.99150605913392309,0.10397040850081743,0.15797999046220157,0.090656630767303278,0.98327193487431719,0.36136104411675163,9.3316920844698021,-3.4253081052674754,,0.08012888577787308,0.423728813559322,False,5
0.92504280051359156,0.33138921803594956,0.1856798410907653,-0.3668179191495563,0.90628517428263156,0.20998046829714512,-0.098693623951902176,-0.26235161338368157,0.95991207907090026,-0.79242568581183259,19.06173751935307,-4.7514388546112087,,0.2971960738819535,0.2777777777777778,False,2
0.65724948880031087,-0.75360795751947351,0.0099073626691080496,0.72923688143977627,0.63920488211904813,0.24419395861315618,-0.19035934497607332,-0.15327154021050796,0.96967579878110755,-10.393587835423981,-7.2629168910155668,0.06852321303018287,,0.3134313863909562,0.8862478777589134,False,3
-0.75675454586356672,-0.64788055675499778,0.087024947536104277,0.65347215938156755,-0.75326611676375299,0.074594197152648756,0.017224814310140446,0.11331787817679573,0.99340946454998658,-2.9571085787547906,-24.773059868647028,1.7044246180227884,,0.1277334645474887,0.3125,False,4
0.087479617434084028,-0.99352815437308006,0.072450831614316702,0.98678733166039756,0.096383159595273785,0.13023459072375404,-0.13637477262359787,0.060100690632069825,0.98883255831177475,-13.212071878067858,-22.666734665217643,2.5119819060787703,,0.1333957639305861,0.3461538461538461,False,3
0.78562069351138053,0.58398579422007169,0.20435439333630512,-0.61786559330820368,0.75775492634878017,0.20987991852498891,-0.03228365736094195,-0.291149555629588,0.95613267997914109,-29.08334490176096,2.012774133121872,0.57430150040250594,,0.3141235125954885,0.40625,False,1
0.71254886899620296,-0.69972521252482822,0.051562934840018074,0.66670296927554795,0.69815062246053294,0.2609460846940197,-0.21858924962449525,-0.15155967575530951,0.96397531329051467,5.4958043203229696,17.928863751512623,-5.3703766649817926,0.5734773937484889,0.4275836553442914,0.6923076923076923,True,4
0.36500543221716686,0.85615397537234517,0.36574773397259619,-0.92762825005142335,0.30101103454064959,0.22112934403037016,0.079226663179090911,-0.41999134221897683,0.90406327671386433,-18.966430566166377,3.2995601166491273,-0.7063374265784067,,0.08920260595031224,0.2258064516129032,False,2
0.94665975508886469,-0.29060735247587505,0.1392216749721582,0.26054679615919679,0.94452856123976536,0.19995290448882477,-0.1896066325482017,-0.15301360622278518,0.96986399108556964,4.6740709177381472,12.806829370627586,-4.4842260787481321,,0.1170262888416828,0.3333333333333333,False,5
-0.3821069907460472,0.81108803226298165,0.44286617791694638,-0.90546604696978961,-0.42440011932442206,-0.0039719645415212113,0.18473084584850208,-0.40251800287338768,0.89657892678498563,-13.737498789645933,-17.529073091957013,1.9336893197049709,,0.6901899839275161,0.125,False,1
0.80592916863182174,0.55133376373729015,0.21566004755562496,-0.5907814352407047,0.77246751480360865,0.23296187316397873,-0.038150634638936046,-0.31515872118094801,0.94827185423813765,8.1793953294681518,-14.15910027016384,-1.1674525657104227,,0.1646885109096217,0.5294117647058824,True,5
0.013229254025043909,-0.99362183307104612,0.11198499757769059,0.98978777108020666,0.028910133915804756,0.1395864333559928,-0.14193362905956303,0.10899475676152838,0.98385719895749002,-2.8911602627114288,-4.4309018718258049,-1.1593219085367445,,0.07609008290167385,0.3508064516129032,False,5
0.26916075571861114,0.93050353966235955,0.24842634775081157,-0.95926761555668683,0.23604433220802934,0.15520539609387232,0.085779539082326689,-0.28008255195261011,0.95613578259917587,4.9342781647945513,14.694787750447047,-4.7546732509024139,,0.1067845070416513,0.3333333333333333,False,5
0.83208575093390069,0.49997203263467754,0.24012761123185083,-0.55252481490951799,0.78502833980674136,0.28008362074472282,-0.048473002815679275,-0.36573005384220159,0.92945785042389684,-14.285632454645611,-34.154424151286875,4.2381526520601538,,0.6347762284212453,0.3846153846153846,False,1
0.3570648010778793,0.87699261157456421,0.3215411125732468,-0.93035426117255082,0.30319220667103614,0.20619271212151535,0.083340725634547197,-0.37277130396206004,0.92417307815859562,9.3410448108970954,11.604089949037986,-4.9161538646669616,,0.2095147002251177,0.2173913043478261,False,6
-0.62621556933676037,-0.77208542470567099,0.10834277861168598,0.77963431416809115,-0.62100765756468379,0.08074543589377213,0.0049393209946046041,0.13503179700755047,0.99082895441394125,6.7836504331215925,7.8022036235926704,-4.0761034037261954,,0.1544092751736826,0.3333333333333333,False,5
0.89255988149169352,0.41902047229085032,0.16660942876285759,-0.44467174464685905,0.87922998325991641,0.17094348788264857,-0.074859184234478848,-0.22666380464891009,0.97109197411873827,2.2836779592333416,-12.045630034896586,-0.71727267583093879,,0.09959544075938691,0.44,False,5
0.084478460051353038,0.97711039274317335,0.19524003221837863,-0.98857240832614746,0.057636745907558844,0.13929321238821718,0.12485184533515485,-0.20477618492995975,0.97081343769126804,2.3357178103565275,-17.943502379493879,0.057061529395912101,,0.09155275000397134,0.3,False,4
0.62262640910461209,0.68314743479153528,0.38163586967584906,-0.78236826811460547,0.53387496411623403,0.32074509464252632,0.015370352398348386,-0.49828416092390027,0.866877527243333,-5.0551191171644518,24.933305774380553,-5.239902353696599,,0.2712968190376789,0.1428571428571428,False,2
-0.30584099085069311,0.90604221807444296,0.29248724311020502,-0.9284296119696096,-0.3518722304000742,0.11918216767300271,0.21090221415012428,-0.23510302537402417,0.94881337655334219,-1.3699524804403251,-19.305875324689282,0.73437736200118431,,0.3150331528638515,0.1785714285714286,False,4
0.95671983943137362,-0.26192390055944298,0.12681884384480505,0.2311795822489178,0.94875008720105625,0.21547452932354499,-0.17675731834812894,-0.17683082975463998,0.96823948899983558,12.04190830783517,-3.6855772828752515,-3.131050303932664,,0.2396799759976927,0.3863636363636364,True,5
0.97822413491161531,0.13667100386730127,0.15620044359196025,-0.16165765906855215,0.97372038661885374,0.16042259799450095,-0.13017043881349102,-0.18218025519999032,0.97461069739376915,-8.7339128709476821,8.1518552424497468,-2.2341864768428392,0.6449416127659502,0.287161827918024,0.3235294117647059,True,4
-0.34612964440619642,-0.93736710982256377,-0.039206768371469192,0.93474077362750729,-0.348135518089005,0.071143145580932834,-0.080336513376481955,-0.012023413317115067,0.99669528048983769,-23.839014044227561,1.520489338478586,0.021059907678772142,,0.329029861879693,0.2432432432432433,True,2
-0.11348026076390337,-0.9879889632872263,0.10488106997733104,0.9862919442146143,-0.099294985746806563,0.13179038881079039,-0.11979328526388426,0.11839896210767542,0.98571357633823442,-0.36359418458547921,13.49628882060996,-3.9586017977628476,0.1522686295314266,0.1735270222204496,0.4925373134328358,True,5
0.98780086250988208,-0.11595843073159492,0.10393795441031151,0.072169265481333678,0.93234555620100956,0.35429276164228396,-0.13798932257467919,-0.34246956970583137,0.92934037934487979,8.7409462582439605,-22.099290306441635,-0.14448275759636606,,0.2320078616834395,0.2307692307692308,False,3
0.39498136586064986,0.862476071922751,0.31642494526120657,-0.91612187789774391,0.34404547283901427,0.20579945931923815,0.068632539367031467,-0.37117076660168324,0.92602474943186697,-25.557212793346878,20.370397364031639,-2.2253241546342362,,0.08554784988697187,0.1428571428571428,False,1
-0.84318041178308967,0.50720443581403563,0.17829877586754703,-0.50000727051398675,-0.8616755545323147,0.086648532327916819,0.19758421652159669,-0.016090339088863939,0.98015385443794112,-9.3183493876501782,5.8441891926438725,-1.8503034835409882,0.527395217327144,0.4528167766649352,0.9875647668393782,True,5
-0.74427866594180891,0.62939296726173022,0.22341387643867658,-0.63663418987186593,-0.76970180665808197,0.047497759036380968,0.20185681982552528,-0.10688134350184691,0.97356571565619865,-16.222278363498393,-19.714466877613887,2.4408147513038498,,0.1161257484174076,0.1111111111111111,False,1
-0.21284720328804133,0.95971088839445695,0.18344230359865835,-0.96288867279764734,-0.2379127591976645,0.12744772578959834,0.16595623474412091,-0.14950762424731792,0.97473380901735329,3.4765198405849662,-7.5418997785805626,-1.5119774485097091,,0.09620159585422873,0.42,False,5
-0.61695548346218332,0.71996034131807496,0.31784121563306406,-0.74595230931371448,-0.66369040044371019,0.055409426891131902,0.25084075357780222,-0.20290923904058172,0.94652351109546784,-0.11403306187333373,16.400874554578163,-4.4072318856737649,,0.4289753169356805,0.4,False,3
-0.54998053163759675,0.8146048612064718,0.18422902843583383,-0.81072291114391559,-0.57371451888411884,0.1165333092634856,0.20062346863206554,-0.085267642868494087,0.97595064061339176,-5.3666547182724917,-13.522233999566236,0.41329721241890977,0.2510223073080821,0.0925840620426769,0.2666666666666667,True,5
0.098264580605461407,-0.99504786956071201,0.014960263404131952,0.98538640351413076,0.099390229867320184,0.1383301050979435,-0.13913198039243038,0.0011486903888627831,0.99027318076502058,6.339105824653398,-20.460943836593309,-0.089029686198881408,,0.3454305755662424,0.8194444444444444,False,7
-0.98331307621137276,0.098849873292947352,0.15272228619849657,-0.082236882831663902,-0.99035356830064469,0.11152087184160464,0.16227288514677499,0.09710052679645291,0.98195671923053363,-7.0331789760063694,4.4933629923202805,-1.8639484658291712,0.2254385733663173,0.1056362201203714,0.6175115207373272,True,5
0.37358587770570978,-0.92732757024682533,0.022297296674124445,0.90107552609435104,0.36850691639887884,0.22861659791007949,-0.22021918229946197,-0.065316384057211935,0.97326115802545388,-9.0754082566046552,-31.394179436338916,3.1924762808345646,0.9286385746181807,0.3964259539339134,0.2272727272727273,True,4
-0.50155615652686791,-0.8565987054114762,0.1211613789017712,0.86413785261566611,-0.48935748279768837,0.11745222733816227,-0.041318198493896507,0.16360902150337819,0.98565962408730423,-1.559810313189494,-13.501706177154974,-0.01808110946389482,,0.07063475547586141,0.2432432432432433,False,2
0.73566303894220986,-0.66810066771522181,0.11154098319805358,0.6428203438219674,0.74053669777735465,0.19592703951629506,-0.21349917728862927,-0.072435468131894928,0.97425417846350171,6.724564495620176,-5.3308008528877187,-2.1892707796368747,0.2183615891647878,0.1787063180118514,0.4067796610169492,True,5
0.59407621269115207,0.76615568758469943,0.24511000774377728,-0.80400187113306087,0.55584869316136143,0.2112184213683676,0.025582117368886659,-0.32254874467655947,0.94620709285996241,-11.729388683315669,0.83556105198786601,-0.93457701306538887,,0.1563683593509442,0.2171052631578947,False,3
-0.88383736312306949,0.41369641536830287,0.21837305570760668,-0.43182498184474916,-0.90103441769363724,-0.040794156276013321,0.17988524287012231,-0.13035434033014159,0.97501233087312922,-16.270632728437192,9.3301961467408745,-1.7589609217388522,,0.4011145841397317,0.453125,False,3
0.148811158918119,0.972141833876771,0.18109526169437659,-0.98153215590181542,0.12294750938051716,0.1465555760381097,0.12020759506861799,-0.19955992775062847,0.97248443140442253,1.5571333397272673,3.5042493604143439,-2.7638085577322227,0.5306209146160359,0.4446577572828085,0.9859154929577465,True,5
0.8002592628695282,-0.59694976115449239,0.056886684286514277,0.56520642386509368,0.7825760707766577,0.26099117201430344,-0.20031677566582201,-0.1767078835404973,0.96366358926831241,-22.270693749595001,16.708773827482446,-2.0715043187217885,,0.4061605529734715,0.1578947368421053,False,1
0.75083722751364557,0.58785005035845372,0.30112418712748079,-0.65997354393745011,0.68572242057195865,0.3069522491000467,-0.026045711398716434,-0.42920517263716423,0.9028314021450724,-17.636212974731166,-18.240400798030802,2.4626719281865332,,0.3686383280444282,0.5757575757575758,False,2
0.98383226202582963,-0.11180718351645591,0.13990437416770493,0.080221115584548072,0.9735548487662038,0.213905420824684,-0.16012074447588046,-0.19922376905864447,0.966783966059925,-15.004069809746566,-10.646658043499372,1.0868109802096861,,0.1160769342279122,0.1785714285714286,False,1
-0.08042291228749221,0.9757931769241579,0.20337116572281627,-0.98535796587629598,-0.1086041444380336,0.13143370532329651,0.15033906432902513,-0.18982311681968972,0.97023984151215492,-5.4698021801985339,8.1836112419957505,-2.5534738154755949,0.529024740928983,0.443967771132116,0.9879518072289156,True,5
-0.16851891596508234,0.96562818176983567,0.19789792705795217,-0.9721076507307278,-0.19603602352088834,0.12875011795296717,0.16311986498504333,-0.17068125864897632,0.97173032143350457,-2.0085336795924507,-10.157146989476786,-0.45194839504193002,0.3839532628394026,0.3099179450902073,0.9464720194647201,True,5
0.57440382192976147,-0.809974146402481,0.11833060260159148,0.79345164058765616,0.58646545097204783,0.16276599419077262,-0.20123305742655861,0.00039620162258155456,0.97954331176473997,-9.7521129429202915,9.2946979240459591,-2.2817166394062358,0.3067566803466793,0.2925595026975871,0.8894472361809045,True,5
0.89330270894483754,-0.43241213225229874,0.12259697415856202,0.40635146129563116,0.89356795786431742,0.19082660868206697,-0.1920644685898984,-0.12064846687469248,0.97393797920918257,-19.089744336664193,13.657421336253885,-2.0456832704792491,0.6489550869325799,0.4853904547653129,0.9802631578947368,True,5
0.15743874123089316,0.92400174664731682,0.34847354986044865,-0.98124442856104399,0.10662700414844389,0.16059281865712902,0.11123135429160982,-0.36722126052155324,0.92345878719270358,3.9835102187950562,29.380068466210687,-6.9327216439422319,,0.2270559092074055,0.5384615384615384,False,4
0.28426927407786645,-0.95838033919733767,0.026421681536946712,0.94266566337825708,0.28442168827986392,0.17460169049486246,-0.17484972663082604,-0.024727083856147997,0.98428458507745498,-17.432153523006363,2.6844117633355067,-0.76100311799844134,0.4692729487492128,0.7406221143497241,0.4847161572052402,True,2
0.21281618643364011,-0.97316520513708027,0.08751430912912142,0.96265342616403793,0.22416937414521085,0.15181064781491652,-0.16735486812902187,0.051938186393536478,0.98452769026963827,17.977709616654341,5.2102246493296782,-5.124013360808843,,0.1072909583751531,0.2083333333333333,False,2
-0.55230577296833205,-0.82433134292966315,0.1242423849160665,0.83302500557859349,-0.54000245955580817,0.12027752805267813,-0.032057342788169046,0.16992698648965868,0.98493509737236273,-12.908939579613673,7.2591079507162748,-1.7587033461486685,0.6527016669059647,0.5604548355076118,0.9984202211690363,True,5
-0.22513115655492824,0.92103867693764574,0.31781082098190477,-0.9551935904754546,-0.2729656665427852,0.11443316653603364,0.19214881488796895,-0.27780838805515745,0.94122331699939588,9.5028676826657144,8.1597798155781494,-4.4351874746095321,,0.1363027056329633,0.2666666666666667,False,4
0.096069303597690295,-0.99223933608774761,0.078941679906122705,0.98363813716677007,0.10678053531870517,0.14509973255708486,-0.15240309713828526,0.063710416708703713,0.98626278383880117,-15.563545134171221,-12.912265076779038,1.4571313006585951,,0.06801635619059473,0.5714285714285714,False,1
0.7357343224119095,-0.67664129526247141,0.029181575876101207,0.65162734624427621,0.71896439089404673,0.2418098555745693,-0.18459904780829725,-0.15889229739630764,0.96988475056389711,13.29789580945199,-9.353892545662692,-2.5135871533474416,,0.3755812195541046,0.631578947368421,True,6
0.8096636948125886,-0.58684570459096808,0.007537924485983144,0.55744927949932122,0.77299606267261223,0.30286529658963185,-0.1835619843216835,-0.24101702449364032,0.953003563380598,-10.429133696718651,0.54288095106479628,-1.0058197110439657,,0.2144287849135089,0.193717277486911,False,5
-0.35238575306603837,-0.93276367119132186,0.07600141276166858,0.92792629625640211,-0.33769756606124335,0.15783897678390141,-0.12156097133520222,0.12614391615135712,0.984535749816147,0.33319151393117852,-8.2904723493521963,-1.0336973939920824,,0.1454202323620783,0.303370786516854,False,5
-0.55059207869702276,-0.83048952145286781,-0.084471993187551997,0.83171731000376004,-0.55441216301175467,0.029554521561626398,-0.071377020925508558,-0.053984333483095032,0.99598745605664418,-10.211053884223158,7.6498656962425819,-2.0269689886966025,,0.4312723889747387,0.2380952380952381,False,2
-0.98723620242633581,-0.087070900161307863,0.13335418615073691,0.08871813589079322,-0.99603589370482271,0.0064490941765159293,0.1322640275467542,0.018197714052440611,0.99104746113411546,-20.017425702732247,2.1818284325541866,-0.49551278544306521,0.5506882871478158,0.3455679039840314,0.5119617224880383,True,3
-0.58480885599124033,0.78482936601977782,0.20504016237608147,-0.78599663936437236,-0.61074201565720465,0.095934734162801821,0.20051903865251625,-0.10505739642675335,0.97404058364829049,-11.476856091436177,13.366084639709554,-2.6722294166280744,,0.1619087724158793,0.3513513513513514,True,5
0.78649900474811174,-0.60424556858538159,0.12769733111995146,0.58313341396150642,0.79466899913556299,0.16869085136568956,-0.20340780971198757,-0.058210606059476311,0.97736215820460348,9.0197839389049417,-16.385167627408784,-0.97074794349091242,,0.113425420884166,0.5909090909090909,False,5
-0.78481478338286903,-0.61914361859270495,0.026961738438587346,0.61705907871758114,-0.78472709584524769,-0.058664115253644705,0.057479119303532944,-0.02940347942359782,0.99791361662314038,-3.8879263583873911,20.288575352024001,-4.5903716475812679,,0.3380227632753831,0.2272727272727273,False,2
-0.77622037906501096,-0.61946524287143168,0.11723794606870577,0.62979902574158664,-0.7704036173043074,0.09915368686734044,0.028898275019783259,0.15080145661987593,0.98814159429820825,1.7176312537844043,-6.4104043639029813,-1.4218245466200647,,0.09562385476521074,0.5454545454545454,False,5
0.23980769125728596,-0.96379347439818508,-0.11659506816896087,0.95577589391263851,0.21332121588536879,0.2024512273825092,-0.17024897012712537,-0.15998811693579701,0.97232663781776052,-0.99939009791435862,-27.541855594153578,1.8536869775865692,,0.344107081606857,0.3636363636363636,False,1
0.98372212182604102,-0.11423806566874768,0.13870995415735096,0.079143248131216939,0.96844886690492649,0.23631152842340281,-0.16132926983443566,-0.2214869218324797,0.96172574580899151,3.9305844820073959,-5.4197666693542983,-1.8360170597424819,,0.07187133620238532,0.303030303030303,False,5
0.98181844081642444,-0.17857192170710162,0.06437870805350808,0.14206677755923031,0.91619528805677597,0.37470418313183851,-0.12589511502334896,-0.35874540125330517,0.92490656668274529,1.5190558678969883,-17.144363793737895,0.089638782063277356,,0.375411555327117,0.2380952380952381,False,4
0.36904590005124632,-0.92897909406582468,-0.028336662541770002,0.91114923192410591,0.35561209714185532,0.20819969627856058,-0.18333630524115707,-0.10265417261374382,0.97767577449045462,6.2370662408983115,-29.843180475023832,1.2403361684521002,,0.3949725741011035,0.2666666666666667,False,5
-0.87349325641130748,-0.48340010126331145,0.057739701268610666,0.48256483586553123,-0.87539465999046351,-0.028554657172735282,0.064348350328825757,0.0029208489860908932,0.99792322272365108,-8.6256288109949004,1.9404164004471849,-1.3456661631275317,0.1674305213658695,0.08686192261195687,0.2823529411764706,True,6
0.66430927000440121,0.71523283647971192,0.21710638730218529,-0.74744442419448198,0.63391864807114029,0.19868059887225686,0.0044751007586814884,-0.29426032224689203,0.95571482996987989,2.7775601797921183,-6.0179812351832469,-1.6361766005922938,,0.07138752833821146,0.2272727272727273,False,5
-0.80545246836015294,0.56324094893995713,0.1844070352501625,-0.55880488417895902,-0.82540162734983014,0.08030725363249569,0.19744220073297014,-0.038363876309233685,0.97956357137464678,3.9225276955083701,-16.63738989309439,-0.27587348751737439,,0.1134426278336903,0.3235294117647059,True,5
-0.050918014021144299,0.98114570064947249,0.1864415992883533,-0.98832013496131121,-0.076351755086524004,0.1318852543890473,0.14363379364967988,-0.1775486513389043,0.97357373101863121,-17.505370620619619,0.20731397345518743,-0.39168431176300034,0.2114951966034171,0.1913737165072007,0.8206896551724138,True,5
0.69842512088745556,-0.71313601388322601,0.060327242735660133,0.68736183794288819,0.6918776011090505,0.22099567602865311,-0.1993390434739743,-0.1128822873011069,0.97340717839995006,6.7427928330906175,-14.937719122258654,-0.8743101901824355,,0.1394960823425498,0.2173913043478261,False,5
0.38062547139804109,0.89908809218388441,0.21625182777531049,-0.92179270595799323,0.3502740631198234,0.16615140068073875,0.073637339479779282,-0.26258081270091632,0.96209607578228196,0.7707836960832869,13.30592228887285,-4.0527363475850366,0.2983592974907294,0.2024464367524984,0.5128205128205128,True,5
-0.086199307713104897,-0.99537787574039549,0.042338680143816615,0.98909636293269132,-0.080407253231032497,0.12338175902929743,-0.11940713623190383,0.052512456754370065,0.99145568620212043,-3.5866107154080753,-9.2051898729484254,-0.41023164727077416,,0.1167649375033429,0.3410852713178295,False,5
-0.82217418981019819,0.50925507563842964,0.25434006673436549,-0.52664505260177574,-0.85008521933091186,-0.00032931017127973972,0.21604302853833818,-0.13421768814732721,0.96711479257033917,-11.028476524493314,8.8740214059684774,-2.1307802062435126,,0.3884290883581006,0.2619047619047619,False,3
0.059263684337818902,0.98249239827215351,0.17662531827611944,-0.9896977014956323,0.03472840298962248,0.13889707585134456,0.13033140593491321,-0.18303722398250993,0.97442860141921472,4.0004831153997733,3.818741851908722,-3.1485477847813064,0.177647759660477,0.2020750395506696,0.8053097345132744,True,2
-0.47608511359589245,0.8258933028213773,0.30206492177540861,-0.85709160975507703,-0.51265234715590469,0.050808891377332729,0.19681701425394577,-0.23470795323196747,0.95193237133203101,-9.1105914174869689,6.8216488657820875,-2.0312178337137197,,0.0826443047094978,0.2391304347826087,False,5
0.3014335428212549,0.92452054766108172,0.23323716730975835,-0.94006571692532437,0.24726350312202519,0.23481313397146375,0.15941852817004382,-0.29003881977465995,0.94364358520567482,-14.984135925523875,5.4946020287436506,-1.3480465431865718,0.6464334385506425,0.8113636788926055,0.6222222222222222,True,2
0.92131510886000367,-0.38307103324993635,0.066596198623537634,0.34461427829842878,0.88382515276713058,0.31637651387075394,-0.18005407348664079,-0.26853246139151288,0.94629321449531867,-3.189499166886971,18.603845741343473,-4.3845243979821644,,0.2515014846051777,0.1739130434782609,False,3
-0.89216339648094489,-0.44839282188398799,0.054665814386122641,0.4460975415409047,-0.89361968742710174,-0.049404834518998131,0.071003221129359889,-0.019690899563067771,0.99728171098423934,-5.0767600333985214,19.016880492095819,-4.2847471196800173,,0.3238475243549007,0.2352941176470588,False,2
-0.83569592926154568,0.51168042418603943,0.19948798791024069,-0.51791801502680668,-0.85510330680224467,0.023648771776964631,0.1826834517036891,-0.08355524041411877,0.9796148622152302,-0.74662280518859914,-15.968609587983751,0.18979509569191119,,0.2901603364686289,0.762962962962963,False,5
-0.83707734834345249,-0.54325256266394206,0.064638734899080286,0.54476584828259622,-0.8385576685017877,0.007155916558280212,0.050315836823382781,0.041203030906783442,0.99788307271386112,-23.161523013265477,15.67026256729311,-1.9250071986717558,,0.1074492939395837,0.3571428571428572,False,1
0.29435962744933825,0.91524695237345266,0.27509166817443748,-0.95168768380739965,0.25438836047576319,0.17197998297407052,0.087424036838818497,-0.31242531623663483,0.94591091523316562,-32.756464229887065,-4.9293779580187209,2.3880653537594063,0.8907361496442315,0.3607624028444987,0.5714285714285714,True,2
-0.59371251913210432,0.76537832976984277,0.24839777966909798,-0.77888473167946826,-0.62414551621020875,0.061489424711052509,0.20209903360089254,-0.15696619672215811,0.9667045017502337,-12.900754936128017,3.5159896909945223,-1.2348165448239459,,0.07921150643337055,0.3464052287581699,False,5
0.14495366053231362,0.97301073995824716,0.17955092933256489,-0.98205004562060916,0.11934740383386504,0.14606130594608849,0.12069028210607205,-0.19750011930128375,0.97284508462608588,-11.487393964111645,-13.984525790588908,1.1770727470102873,0.295748634524715,0.2289872479164548,0.7794117647058824,True,4
