axis_00,axis_01,axis_02,axis_10,axis_11,axis_12,axis_20,axis_21,axis_22,location_x,location_y,location_z,dbh,dbh_approximation,score,reconstructed,number_clusters
0.89368854283195265,0.44800650632120848,0.024717578861308681,-0.44618953111181991,0.88155761602585658,0.15417870135988918,0.047283091450478529,-0.14881646387638903,0.98773375427906285,-9.9211714056326592,-10.763616821012953,0.19468897728163945,0.2107532771852743,0.1396233002173964,0.4861111111111111,True,4
0.99533105991995341,0.096514241066310999,-0.0010403989692564005,-0.088018058631356921,0.91202973742997839,0.40056782122153889,0.039609374059535928,-0.39860602016878482,0.91626652136363296,-9.4265808986143824,-8.6217427949837369,-0.10370672115934815,,0.1821413292350583,0.2380952380952381,False,3
-0.97400667595010315,-0.22636792283986459,0.0082800189490183553,0.22648004414386411,-0.97250652506603885,0.054201921631725727,-0.0042172039581120785,0.054668292575710896,0.99849566497688547,-11.138845601408992,-16.619941073446014,0.97922132128868777,0.2881639438738562,0.2582527313602373,0.3214285714285715,True,4
0.99079242545190549,0.13167496395041789,0.031497198856180089,-0.13519415078322411,0.94971699318883696,0.28241843856653015,0.0072740127256189294,-0.2840762867910841,0.95877408810514719,5.3849807633385653,-12.983925795981648,0.98877732727854528,,0.2085591975619288,0.2222222222222222,False,5
0.99921300171658556,-0.037699703397852752,0.012333270622308184,0.03276538301982989,0.95971909039731707,0.27904425670941274,-0.022356360976084733,-0.27842054502255886,0.96019903834217968,8.7206377651302791,-11.584949524080555,0.92815039483823369,0.5846244124507916,0.2307535358716939,0.1739130434782609,True,3
0.77543580030866477,0.61967387813399899,0.12125841974077908,-0.62657261273034903,0.7313874577740046,0.26921951561345536,0.078141413961644937,-0.28473965542096402,0.95541469951787239,2.2691421115549653,-10.088840945519236,0.4413039795550342,,0.1733913995180578,0.1851851851851852,False,4
0.90068470734659534,0.42388082068245853,0.095352544850897836,-0.43227493569815789,0.85222997683760748,0.29469042493186637,0.043651322077694447,-0.30664167433167977,0.9508235617841686,-15.943583910925227,-11.154578293121963,0.16687933547762027,,0.2361658347184405,0.5454545454545454,False,1
0.79701782205810001,-0.59629348090748791,-0.095899301087096905,0.59586542508948492,0.75046223230894427,0.2859210259159049,-0.098524040237344734,-0.28502723116415968,0.95344244241076392,-19.920927537699097,-5.6806021572963985,-0.80405081724861815,,0.3795817562687242,0.6,True,4
-0.64916846346364709,-0.75331770276386689,-0.10532209999243861,0.75583396152536308,-0.65439731533400547,0.021890095671836904,-0.085412696065180968,-0.065395660301096642,0.99419720325731176,1.633324621271566,23.825112251733234,-4.598612647443761,,0.1622052841929497,0.4347826086956522,False,5
0.82835552588143646,0.55324565844982176,0.088013431634678813,-0.55681391642119915,0.7958645908092552,0.23781887136159519,0.06152548432458721,-0.24600567981743887,0.9673137134746852,-3.8096231671414174,-12.12188356046043,0.63769050017666107,0.2699536559528831,0.273883202390884,0.5853658536585366,True,5
0.40924376758601888,0.87647356493862427,0.25360131832421323,-0.90601456393767266,0.35746750745366579,0.22661551369597716,0.10796827601119062,-0.32250747445391381,0.94038916428068697,8.4121475045009042,22.776256321733399,-4.1886368252881123,,0.5721870216839029,0.1351351351351351,False,1
-0.6256047646752092,0.75464342611080448,0.19781804225960262,-0.77329418293580798,-0.63336665874316034,-0.029373154923593076,0.10312509419785414,-0.17134752703284353,0.97979857109837221,-4.0004053145893019,-10.542517025393883,0.38338270458675522,0.2952967582332894,0.1181732914470791,0.1714285714285714,True,4
-0.24089919376679045,-0.96817564498228748,-0.06784908920273916,0.96520785837909862,-0.24631188609800733,0.087773828047290975,-0.10169251971380899,-0.044343829671930998,0.99382707560434402,-1.2014927986824007,-19.806311772391687,1.7595842880829609,0.4457090654675979,0.4044177978274152,0.3636363636363636,True,5
0.67710774707810073,-0.73544790710236818,-0.025327352517869307,0.72926834516916395,0.66601840593820738,0.15680294539886139,-0.098451915070493223,-0.12464292555245614,0.98730510052803688,-6.1063744294519271,-7.6278399205812395,-0.27325280163397653,0.1739096277223534,0.1410343285189933,0.40625,True,5
-0.74171652058732829,-0.67069670995758612,-0.0047461921469290399,0.66789614486573479,-0.73923033553833184,0.08633221121559273,-0.06141125923896526,0.06086406387971393,0.99625509934289902,-13.808461027957454,-9.2290489313554431,-0.12073654685239224,,0.2908794424340855,0.7666666666666667,False,2
0.96158005182159079,-0.27283073584080397,-0.030449852534164094,0.26914575118326456,0.91507269744988162,0.30033734866278883,-0.054077431140756145,-0.29699385172485088,0.95334688517813604,20.077436831291948,-9.9953929612848267,1.0029962430762382,,0.2215127685921706,0.4411764705882353,False,5
-0.90304286189111371,0.42284065693995132,0.075626506107960706,-0.42492879551303703,-0.90512955080941482,-0.013267064309281124,0.062841931314582961,-0.044116607872061835,0.99704795099258681,-18.864879231112187,28.167588255437387,-5.4630535439705676,,0.4106049631347772,0.4761904761904762,False,1
-0.53179921658190754,0.83956840566529256,0.11097065130703464,-0.83966780657694629,-0.53978356122284032,0.059930640175522021,0.11021600537639262,-0.061307415882798144,0.99201503663837898,-2.3885842835620004,29.644794432436072,-5.3776035250446155,,0.242321293033513,0.1538461538461539,False,1
-0.98648262011820786,0.16336686171229964,0.01277922920168964,-0.16231191757744429,-0.98486626205524552,0.060772422015757305,0.022514031559185098,0.057876716904145864,0.9980698392514169,-31.838833069055099,20.187211296063488,-4.485136301299792,,0.1270513800226981,0.1428571428571428,False,3
-0.4929800864668345,0.85168234159403111,0.177785891915136,-0.85838627376341592,-0.50944776534050396,0.060299082945971111,0.14192828950463182,-0.12288272216416332,0.9822200350388981,-3.5576144065940816,-19.092359646235071,1.5887513407030969,0.7528718762566371,0.630410673680718,0.8478260869565217,True,5
-0.22722419825990445,0.97203592816868323,0.059290117847673379,-0.96610390495242759,-0.23266043348925855,0.11185869445091,0.12252513440439632,-0.031863412212719232,0.9919537864242205,-22.836917009313392,30.005270497806926,-5.6149908505050048,,0.193046284717324,0.391304347826087,False,1
0.42952708531462641,-0.88227174562864996,-0.19262151968691377,0.89418566715014391,0.38570169618242639,0.22730198904816229,-0.12624767579790716,-0.2698717629307919,0.95458407483482188,-0.57671632326200672,-9.3123960253106706,0.26262270811245925,,0.3311638776688697,0.2207792207792208,False,3
0.90753257017119937,-0.41222333363381503,-0.080352705531812271,0.41672425526652923,0.8600757413166954,0.29429681321939971,-0.052206600646033607,-0.30056886466559046,0.95233020977107741,-4.1866250047356752,28.960875293925508,-5.3453076424442125,,0.2623678010268907,0.3076923076923077,False,5
0.9987761680285403,-0.040191950773391605,0.02882313777598966,0.029455345181859671,0.95152559586064511,0.30615588033265267,-0.039730955418186394,-0.30493220150563527,0.95154495619833157,2.8772189284010601,26.762614354954316,-4.9115086678031332,,0.5448762369271449,0.7142857142857143,False,5
0.46239443463749758,0.88170060463551869,0.093783957058920231,-0.88132762589649716,0.44542997755413472,0.15765072447587078,0.097226553203910146,-0.15555120983612944,0.98303144327666514,-6.3346609405330483,-16.311015033904194,1.1517784064474157,,0.1225412362190623,0.15,False,4
0.12657478270437084,0.98669691492515688,0.10201971603820602,-0.98502634562467928,0.11288752502571238,0.1303054301203794,0.11705521265039509,-0.11698548957346828,0.98621117029803729,-3.3517868206086203,-14.319083712392768,0.94005730721941749,,0.1289033695249588,0.2592592592592592,True,5
0.22873756956288879,-0.95282512623810711,-0.19950790229912482,0.96744683573902113,0.19969653150524297,0.15546033360098954,-0.10828547589135903,-0.22857290765554436,0.96748575265833858,-15.318649506529978,15.898344633522834,-3.8829387677954683,,0.2088360496698405,0.2580645161290323,False,5
0.99197977564996886,0.12354600741217055,0.026692859606060479,-0.12631177992074391,0.96121598639907913,0.24517169849739723,0.0046323811037623022,-0.24657698907918599,0.969112134637655,-12.04329903008715,-10.506459713299424,0.11184794002199265,,0.1667229977142816,0.1724137931034483,False,1
0.98027514036310182,-0.1972365458136168,0.012585475025363845,0.19268563727452181,0.96793910241188896,0.16114012290605523,-0.043964694633449944,-0.15553661632419594,0.98685128900367136,9.5246498356361204,-10.899753522991334,0.87541557535337744,,0.07842074271564496,0.3235294117647059,False,3
0.94822480426286571,-0.31202263664791069,-0.059258710751560972,0.31742050060735827,0.92477585182903677,0.209842440102223,-0.010674566727761597,-0.21778773632407955,0.97593778261322028,-13.622239114312599,-12.845526373499538,0.44647148100179296,,0.2726835659814257,0.6818181818181818,False,3
-0.59171035763030166,-0.80236069304823199,-0.078077979764983263,0.80107681635503791,-0.59607122505499532,0.054543826047629806,-0.090303859117411137,-0.030272312640397828,0.9954540673059229,-5.9942067518745885,23.16512453281215,-4.7174501748641227,,0.2473172181772138,0.1052631578947368,False,5
0.98323643872212241,-0.18219751587405097,-0.0070831333717889695,0.18007019367730442,0.96418584852433475,0.19473154560683398,-0.028650146911590235,-0.19274261260741826,0.98083100194029893,3.7093287753634678,-17.963256070252832,1.6656614984710165,,0.08856764949644093,0.4210526315789473,False,5
0.9833723532217421,-0.18109650520758894,-0.013522970114975325,0.17981444618572037,0.96057768749616612,0.21203129775445995,-0.025408263656839649,-0.21093734161147354,0.97716930879547625,1.4927211059565064,-11.804240690044999,0.67563749381312321,0.5274865369693998,0.5135290562220283,0.6890756302521008,True,5
0.99806973512628538,-0.054259112203551105,-0.03021179517719114,0.060803370385824479,0.95276484669610739,0.2975602410435022,0.012639381894315588,-0.29882284993458141,0.95422489507573849,13.730450950303272,-9.896736020282221,0.79741686524255695,,0.1671369202195008,0.2142857142857143,False,4
-0.82783040023487586,0.55476467860761136,0.083264517150818021,-0.55549828404538482,-0.83135947979451674,0.016219487612860684,0.078220744496574512,-0.032826311476987849,0.99639547791287042,13.153029840859372,23.866917084444058,-4.0978191520000005,,0.5389056289112562,0.6296296296296297,False,1
0.44604259685943198,-0.86350771099708845,-0.23537296963640883,0.88756567449938528,0.39290968508162083,0.24051850826809973,-0.11520926715045392,-0.31619046857492256,0.94167426021157929,-15.72712594148968,-13.900044887288598,0.55270816759574826,,0.5362172282355505,0.1176470588235294,False,1
-0.84303088519641245,0.52903763630113998,0.097046926699694516,-0.53301773055265411,-0.84589111031627895,-0.018982318203812215,0.072048771824726229,-0.067730413145020776,0.99509877178788297,-25.415406421810584,20.05485487644097,-4.5596203628138916,,0.1520930459259981,0.1739130434782609,False,5
0.58714972081926042,-0.80211976481876313,-0.10889944090286172,0.80647869002553541,0.56808533086838209,0.16392430993253096,-0.069622754014475721,-0.18407319125622867,0.98044364059551492,13.709806115131444,-12.7697165977139,1.2110219904666997,,0.1401507853563825,0.2142857142857143,False,3
-0.58141991729312825,0.80394452187312182,0.12499634204667483,-0.80574939972559712,-0.59026692493340571,0.048506310635847011,0.11277758915978014,-0.072513192453914688,0.99097076258759997,4.4654737192110874,-23.122283132670535,2.4411636441730278,,0.2025216585729532,0.1818181818181818,False,4
-0.97842562746230943,0.20113308871426944,0.047209873429643653,-0.20304782965101836,-0.97835150777985358,-0.039998826218996641,0.03814276338961587,-0.048721738979066086,0.99808382501263837,7.9437164819015988,-15.227558515649331,1.416579802756587,,0.1805045610598858,0.3529411764705883,False,4
0.46649532460973037,0.87786107565257276,0.1083607123055676,-0.87910022517769237,0.44659728684483097,0.16653425315942227,0.097800338495288547,-0.17294737707448338,0.98006341557741217,-4.9009571738949065,23.726879832846571,-4.760575573071435,,0.420102193575165,0.225,False,3
-0.99629180160412789,-0.085111409416180756,-0.012597382410334361,0.086037616599680511,-0.98483228765692721,-0.15067479456853472,0.00041783519156280043,-0.15119991129499716,0.98850311695924253,-22.960709658373762,23.633765429388202,-4.9169821421352111,,0.3607886077770613,0.3125,False,1
-0.75121026891645359,-0.63896631802914516,-0.16554508841626053,0.65600215320278576,-0.75050391378524417,-0.080031558689936777,-0.073104766382085476,-0.16871846317848271,0.98294952734863894,-20.289064829379274,25.50420332668245,-5.1289901030782525,,0.4667510297847399,0.2857142857142857,False,1
0.88700344137391918,-0.45616023586852072,-0.071712859399110471,0.45850169262001061,0.85162847626917149,0.25397861380839065,-0.054782231201425752,-0.25816037190053354,0.96454762947444384,11.262542365423117,-12.533177584820205,1.1073491550944923,0.1601370641560689,0.1907918526057985,0.125,True,4
-0.68050154086127657,0.72247502546231401,0.12225992993886169,-0.72523895583545117,-0.68791117686717418,0.02840193091890808,0.10462365805175772,-0.069340106175623042,0.99209164891728674,-33.947714086166016,-1.7434593682954238,-1.5504125524245584,,0.2934912381474419,0.696969696969697,False,3
-0.67591153196639431,-0.73657151231141416,-0.024617233924983821,0.73224704681214936,-0.67497410602280639,0.090687477821355889,-0.083413808147854249,0.043270815222147894,0.99557509669551436,-14.851931184892877,-8.269801862947558,-0.24222046083822818,,0.1032260738066328,0.3333333333333333,False,1
-0.99751927988318179,-0.069490630433653888,-0.011240041960436563,0.070377065560449426,-0.98100607940651463,-0.18075989823674954,0.0015345697896222543,-0.18110252469083135,0.98346302454447598,-31.347129289975815,21.089517020231,-4.5810250644486565,,0.2415629267049798,0.1785714285714286,False,2
0.42638239773282521,-0.88707249061613513,-0.17691932425739529,0.89638741256928256,0.38817150447432952,0.21403852387241512,-0.12119264619172954,-0.24985051432050742,0.96067011143410941,-6.9694001503038505,28.212799538415556,-5.3351121465083953,,0.1755265645629855,0.2727272727272727,False,4
0.88572630888494319,0.46257962435535899,0.03884580904433959,-0.46173811976142154,0.86930332686541278,0.17637923534223965,0.047820649391675726,-0.17416031991237521,0.98355547299569135,3.336292894596081,-10.262938234147896,0.55170158288829207,0.1294853715805421,0.1060527354967982,0.28,True,4
-0.89260359999115502,-0.44368253193360246,-0.080028895655369872,0.44851419922236402,-0.89190841412383082,-0.057744211060807571,-0.045758347640095003,-0.087436786721044241,0.99511857682848393,-14.239443861170397,22.055786649785468,-4.7119148045816663,,0.6341857562717652,0.3714285714285714,False,1
-0.14631684118830166,-0.96841036426364435,-0.20192262966649316,0.97613598852966033,-0.17445015676263567,0.12932778008886567,-0.16046779702451033,-0.17818111345551271,0.97082520410517437,-2.3290903224128119,-22.267552176554386,2.1112335922695498,,0.5150327250828288,0.1764705882352941,False,4
-0.24442996922856164,0.9365550185410273,0.25123432764759318,-0.96310587439661444,-0.26457509588316064,0.049265539083089657,0.11261023419590023,-0.22992328260537284,0.96667172259785916,17.447768249093521,-10.619172402720295,1.0195250239911391,,0.3932957227884434,0.25,False,5
-0.36667628190188939,0.90588304359288652,0.21195380539516825,-0.91709544181072977,-0.39026496498248275,0.08141994667894395,0.15647509354714179,-0.16452710548146221,0.97388211640901534,-18.066573905600915,26.989399606018704,-5.3136938494020258,,0.2993385782980823,0.1764705882352941,False,5
-0.98987279111864135,-0.13131526673064034,-0.053927341177292774,0.13352079076869017,-0.99025655409968061,-0.039549405749404409,-0.048208462280962344,-0.046349301894291588,0.99776133738405492,-13.458835262305508,22.998724254424232,-4.8529548875743451,,0.2641403890591418,0.5,False,4
-0.99976149283472615,0.021719070516229563,-0.0022889781107000521,-0.021524797242329918,-0.99765922784375094,-0.064905686976471866,-0.0036933113268185266,-0.06484093671533589,0.9978887775585622,-7.498377183913906,25.244538798312718,-4.9985986412596048,0.8485566598948314,0.3434192595765263,0.3333333333333333,True,4
0.98748410230636774,0.15613323805748258,0.0223060455005346,-0.15740625362217672,0.96672643541784298,0.20165135850011437,0.0099206357063130694,-0.20263862178271003,0.97920333432295159,11.869560692170261,-9.3470683419170371,0.66378426102173482,,0.08633604443783277,0.3181818181818182,False,4
-0.012928274129671187,-0.99955337454339566,-0.026942738668130323,0.99204005917123528,-0.016197118462010079,0.12487663653806803,-0.12525725818315367,-0.025113836673011633,0.99180638961442513,6.0433170240402658,-11.946224438692486,0.84957747954713292,,0.07998309763902753,0.3783783783783784,False,5
0.93079480947042459,-0.3641228076740361,-0.032180795429763917,0.36211328199650783,0.90645404342124924,0.21729021645482638,-0.049949911557808868,-0.21390569907518758,0.97557642357660623,7.471300650096671,-13.151248893291129,1.1132654563715088,0.8654505095905883,0.471136623684816,0.1785714285714286,True,4
0.38452212574818551,0.89780357269418276,0.21468926304698688,-0.9102232464740686,0.33002162422209197,0.25015868788434981,0.15374126442924763,-0.29160670843342079,0.94410229912246402,-12.856143961466616,23.911554111490357,-4.9641103816151544,,0.3951589825753598,0.7402597402597403,False,5
-0.078002239224575137,-0.98562769584536369,-0.1498455733697564,0.98971172267157015,-0.094638957515159772,0.10730411794016464,-0.1199431393720588,-0.13993395907713996,0.98286933537198728,6.2133702263293413,-19.133180770295787,1.8984193922198815,0.4751007848037994,0.5793307349506662,0.75,True,4
0.59446315807614192,0.78984542033784866,0.15085677201062689,-0.80170279142320078,0.56760705630159425,0.1873362321092375,0.062339296710716821,-0.23230678338775559,0.97064276151303319,-8.5409687338885618,-15.863355249024522,0.99556277743645072,,0.2822442136529317,0.2666666666666667,False,4
0.99140371614359801,-0.12803367096155538,-0.026945328292181034,0.12899113695002598,0.92197121674831428,0.36514430308574497,-0.021907948443541804,-0.3654811275397718,0.9305608992469292,-11.632806264243433,-8.8155677388311648,-0.16834824724359726,0.7319361860305204,0.578289389424815,0.6343612334801763,True,3
-0.95794878493295443,0.28246236088902454,0.050489009957362711,-0.28325121011063076,-0.9590028598227861,-0.0090701059851251986,0.045857141388659817,-0.022989770175374524,0.99868342984698832,-21.031848545263138,27.734842942023977,-5.3722418337371485,,0.1393821375341132,0.2272727272727273,False,1
0.23326502146691183,0.95685784213130964,0.1732353881626173,-0.96221774077268352,0.20139711525587409,0.18323815462103749,0.14044375779062665,-0.20943321589094632,0.96768449350975017,15.374531285733255,-11.875027463953614,1.134152031058721,,0.5144848892897939,0.2,False,3
0.34796648109305611,-0.92279690680419668,-0.16542429334387962,0.93006872004599472,0.31760595879152853,0.18465814612986503,-0.11786222476994293,-0.21811080608883179,0.9687807658286568,27.61986985638659,-10.222763364669751,1.078802090562885,,0.4848444880866645,0.1,False,5
-0.57057243498298871,0.80445138143423467,0.16524246229748249,-0.8113922195174128,-0.58327403768916797,0.037869025131130496,0.12684542776225841,-0.11246942636257548,0.98552567982244044,-10.507525627670647,21.885949016562687,-4.6638711302270179,,0.5004487019579306,0.1333333333333333,False,3
0.99380480002213767,-0.10906168270808272,0.021390858277301084,0.10193370891939453,0.97114279172584039,0.21561817424529972,-0.044289258730466963,-0.21210192701581421,0.97624342974346467,7.6182971736046321,-11.160892143752585,0.81793517852743802,0.5892516065666665,0.3537449397376752,0.4181818181818182,True,2
-0.34008285265012089,-0.93421383744458086,-0.10764831285452765,0.93457470860998348,-0.34847283470668938,0.071671455252763624,-0.10446897797873167,-0.076231157662431132,0.99160226060730838,-8.0221967353940737,23.60184627752076,-4.8227216182442918,,0.2166447806624824,0.1739130434782609,False,5
-0.74693879069688651,-0.65996406645844752,-0.080807635381210025,0.66025517083714136,-0.75056002442713787,0.026884179636942548,-0.078393573302216246,-0.033272822476670579,0.9963670844369289,11.548731601178758,23.551986186442292,-4.1364518726866031,,0.1301512620321626,0.1875,False,5
0.6946491980401106,-0.69889370952354091,-0.17032344069638039,0.71350714595494691,0.63930267711418198,0.28670479540088689,-0.0914879463834192,-0.32068624825998149,0.94275674797027065,17.310396511622802,19.882059663269501,-3.3439259645767003,0.6959118841108125,0.6359947228315047,0.4444444444444444,True,3
0.10590751497780222,0.98187873235870282,0.15715518831045608,-0.98672380982117469,0.084202512489208653,0.13887425975497497,0.12312482041901288,-0.16977659388788849,0.97776080242798358,-27.066162619542286,21.745670799210394,-4.7060986466842278,,0.3429769763452869,0.5882352941176471,False,4
0.97637830093917843,0.20218330267004508,0.076205810648243846,-0.21542401112119455,0.88369989848180119,0.41553217066276571,0.016670599496674359,-0.4221331561778669,0.90638054346269714,-18.832516704756031,-4.3458136900767226,-0.98698419442893759,,0.3262593694422355,0.1875,False,4
0.50914509895589399,0.85988577330495852,0.036982767296776076,-0.85459551268099654,0.49997783936202478,0.14031632069145469,0.10216544383840739,-0.10304667396192796,0.98941578978237776,-12.12740429209264,-7.8354524143848527,-0.29989050610724255,,0.09145744275687569,0.3278688524590164,False,2
-0.6292190475355518,0.77265606907025153,0.084178317560751864,-0.77036827117612727,-0.63435472358815137,0.064240263281716781,0.10303454267165575,-0.024427107694236467,0.99437779511920732,6.1312817381142759,-14.197701004094519,1.1760998688643987,,0.1554935380334252,0.1304347826086956,False,3
-0.0057368360382639479,-0.97848554532856324,-0.20623560869872276,0.99267761636537433,-0.030457188378079522,0.11689101609302435,-0.12065752641019784,-0.20405488785903855,0.97149542668064393,-3.4687684945740482,-15.810792044648043,1.1113343241205276,0.6620595273440649,0.3088635062486121,0.4444444444444444,True,4
0.45423351554306196,0.8883919750835253,0.066570353496009801,-0.88467691063013087,0.44100382142098554,0.15120315238120871,0.10496988689771111,-0.12757479413771547,0.98625858411747225,4.3115564794887744,24.976402100090507,-4.650927826298342,,0.6739717848848823,0.8157894736842105,False,3
0.96090723592986693,-0.27686113683394864,-0.0022792210589254701,0.2732211275601511,0.94687735104383952,0.16962752587643354,-0.044805126853760799,-0.16361904837522434,0.98550561013948734,-3.1148412452580891,-9.3414944505520143,0.22863330802293466,,0.0902661142165105,0.3522727272727273,False,5
0.1283788908517895,-0.98206998930289757,-0.13804852948971047,0.9851213089491585,0.11024502335296803,0.1318409704158815,-0.11425789704857239,-0.15292014562022441,0.98161120716173988,10.073542064778085,22.788083004721418,-4.103910817515434,,0.6332301867235242,0.5625,False,4
0.71686107772766061,0.69620730533470165,0.037491108782365196,-0.69283224566268053,0.70530263559740636,0.15010553483919334,0.078061992090547705,-0.13357986456778093,0.9879588782803207,-9.1262837037351527,-11.17215821451784,0.25961007675413622,,0.06981885131150438,0.3076923076923077,False,1
-0.66485012831634704,-0.7401814995368392,-0.10052688506629041,0.73399370607532433,-0.67233359682091909,0.096024861508128515,-0.13866342819772626,-0.0099439594347759883,0.99028964013121545,-41.883399052777186,1.7241129020308974,-2.0906208335834626,,0.5056555541369282,0.5454545454545454,False,4
-0.41242773631141982,0.8918616518279,0.1857044865366683,-0.90641443560066848,-0.42214561657149152,0.014350935307395271,0.091193383837642958,-0.1624065035898655,0.98250083681183464,-9.855261583232231,-15.389555175411511,0.83938385640305369,,0.291361870760557,0.375,False,2
0.7321842480565528,0.66504532773209246,0.14704060309850869,-0.67867236612460768,0.69412762020311847,0.23998055406632646,0.057533002326370125,-0.27550237554850249,0.95957719580575962,-33.647949681017664,27.189218611292006,-5.2660457667465437,,0.3199335898822853,0.3571428571428572,False,2
-0.89445308547474378,0.42801503315759287,0.1294480949099501,-0.44268035638616782,-0.88845561838055009,-0.12116400553733025,0.063148871363836678,-0.16567964738959115,0.98415571658469503,7.6671326614538238,-5.9851364088279233,0.082685490662137456,,0.4027051599354665,0.175,False,3
-0.70050127559436692,0.70222239457398128,0.12720719889003143,-0.70909934373036498,-0.70498672397851481,-0.013108765586698157,0.08047411765176643,-0.099385248265648971,0.99178953856921925,-11.179477639464315,26.610941279538533,-5.243359995548559,,0.2810421936692599,0.6296296296296297,False,4
0.016847680351552353,0.99669674101838601,0.07944659910971924,-0.99226474723840119,0.0068928641141321571,0.12394821423568943,0.12299116657176719,-0.080920299478144761,0.98910316857124847,-2.1795860809039582,-12.74406122959015,0.74364052284425708,0.1474633939036533,0.101462256328515,0.2727272727272727,True,5
-0.99892484457110742,0.039270433570907079,0.024637125354677485,-0.043318114522560201,-0.97998402409213869,-0.19430608193875223,0.016513505163940317,-0.19516440651750933,0.98063151008718297,-15.782058520671319,-9.1594055814087572,-0.15141333311877198,,0.462941118084349,0.3846153846153846,False,1
-0.61839219212233953,0.78069507312706621,0.090034990516197205,-0.77636236498523381,-0.62465534638054154,0.084066500300298511,0.12187114078674209,-0.017913710763823042,0.99238426227445176,-37.775249471711923,-2.4802697504416917,-1.5187138725339031,,0.2013771771212442,0.4736842105263158,False,3
-0.034560274205182567,0.98829737512541083,0.14857282984141582,-0.99418935360002103,-0.049162581479467199,0.095763091902088066,0.10194663621344073,-0.14439992694769083,0.98425380083709457,-1.8849314121684131,-15.61609333265474,1.1518222182437257,0.3821768870374956,0.352563428186192,0.1428571428571428,True,5
0.15222357794518659,0.98742807228184193,0.042588547607668129,-0.98196225320208053,0.14621016877274212,0.11988627875507216,0.11215219839066139,-0.060069864468061007,0.99187372975542099,-7.3798715622881028,-16.849212171452987,1.2070307155096802,0.186967872751308,0.2004318158578868,0.6666666666666666,True,5
-0.85677660748440609,0.51506437703251295,0.025348222415399156,-0.51414806114080269,-0.85698150277312812,0.035135098261763004,0.039819795236347405,0.017070190884101263,0.99906105543681101,3.9581622529809559,26.374202413718915,-4.8389770909538301,,0.408971819930789,0.5576923076923077,False,2
0.89802122301357634,0.43075835097712678,0.089471370173193635,-0.43760823992225673,0.85360638929381127,0.28258655401297639,0.0453531847762286,-0.29292213166684888,0.95506005748874478,13.79781497447164,20.837321399040405,-3.6763288654684891,,0.3869933617615141,0.2040816326530612,False,2
-0.6795186975891504,-0.72430754588688639,-0.1167600899197174,0.72575381969752129,-0.68692888801608143,0.03755124503192464,-0.10740452886727965,-0.059222308130516481,0.99244999138419643,-7.8837271899413581,-14.03602446247713,0.7257947679687321,,0.2964847752427676,0.1578947368421053,False,3
0.99988110724112522,0.008328995928742219,0.012976872083833243,-0.01071522705424089,0.98048295070741576,0.1963119132433267,-0.011088520705542244,-0.19642762330919336,0.98045562546688692,13.411129641904461,25.282606160654311,-4.2853222953955683,,0.3422706512657586,0.78125,False,5
-0.66577747315603941,0.74067215011006471,0.090250331242009402,-0.74193907121707769,-0.66999198749527444,0.025241855987068296,0.07916293854765126,-0.050154787841891139,0.99559917959841437,-5.8819780969482141,-10.478000191615893,0.24433444969425933,,0.1301841519699391,0.2121212121212121,False,5
-0.51666086783633602,-0.85288854278786264,-0.075117782367429622,0.84947447514460861,-0.52159880919108625,0.079547459596350373,-0.10702646272953414,-0.022711579241372931,0.99399674066063559,-5.2064020757999252,25.086731730242025,-4.9327006213460516,,0.5811435613525637,0.1,False,2
0.80586359677116548,0.58151093251466102,0.11148497102734538,-0.5918849797278567,0.78607259663441131,0.17821908874468806,0.016001067826659211,-0.20960655568555508,0.97765487655002437,1.9350311703508025,-16.386446508108889,1.3589409788811657,,0.4613409357432985,0.25,False,3
0.66793560191710577,0.74310624213823462,0.04068346822513072,-0.73941854332458901,0.65643576016269545,0.1495068913708241,0.084393420829923793,-0.12994308629094511,0.98792334968144568,-11.143441708816029,-15.15570486900466,0.757589220636669,,0.1216818964828954,0.5,False,1
0.45773416122126659,0.85151508744282711,0.25573715707401329,-0.88291946225494022,0.40152042007555849,0.24338154291933284,0.104559365063639,-0.33719935960731351,0.93560885580348541,-30.974597202493847,30.455072618115402,-5.6466379846660892,,0.1133851221837794,0.125,False,1
-0.037868369027682085,0.99756567953343545,0.058555116293786638,-0.99174061717646067,-0.044703742484285311,0.12021698569816333,0.12254197186938443,-0.053519065994225748,0.99101926051185774,-1.8391136811383464,-10.419429239496067,0.4233819211950805,0.1711418909664838,0.1169050142909579,0.5760869565217391,True,5
0.87527234208167126,-0.4774343034149246,-0.077167435551348848,0.47866118959843179,0.83236672011535151,0.27937270592637853,-0.069150508017514142,-0.28146425912914436,0.95707684021388884,8.4240969547725175,-19.853231183390808,2.0697654236209067,,0.1459262856585339,0.28,False,4
-0.97305677861734163,-0.22852059143728651,-0.030640575647263489,0.22988465979670125,-0.97178387473967487,-0.052812346909604735,-0.017707308575777771,-0.058433210463727722,0.99813426508556713,0.33022623902468257,-15.028739059259522,1.1521437797178737,,0.5973596095439934,0.4,False,1
0.99871750189000696,-0.050314359451366544,0.0056406251056650616,0.047665074679781365,0.9719496918096725,0.23030813543349665,-0.017070210143840032,-0.22974390486818499,0.97310140586763305,-0.70389680311577718,-11.187708529551385,0.5271234215144418,,0.07050769863722521,0.1481481481481481,False,2
0.8827918854084511,-0.46892057163856121,-0.028142220082251451,0.46467050291490963,0.86285299776632662,0.19891211116085794,-0.068991381909612126,-0.18867485720103094,0.97961318257890628,2.6778275732961747,-13.893531630055461,1.041713030234646,0.4141319729732723,0.257757807607579,0.6176470588235294,True,4
-0.48928699755901284,-0.85943361271426122,-0.14822988685350053,0.86626127621935711,-0.49859981550962879,0.03145831045330974,-0.10094372364094324,-0.11301366868958486,0.98845246488985183,5.4878014587823527,25.791187642653888,-4.6743195092137002,,0.172957241199527,0.3888888888888889,False,4
-0.92089800798533505,0.387833458850045,0.03914162854369517,-0.38462637080783824,-0.92038559201931447,0.070376962725371431,0.063319931836930465,0.049755102247582762,0.99675223402433333,-10.277115457698068,24.977331807280354,-5.0438548770340397,,0.1004232155886505,0.3,False,3
0.57571364851309925,-0.78450423222455168,-0.23044935351938242,0.8120732183759396,0.51574047169504589,0.27303635994554704,-0.095346121642563064,-0.34433250714612634,0.93399370533755921,-1.0215723941441164,30.70060708816246,-5.4587537811742948,,0.4367449065256319,0.6052631578947368,False,3
-0.99649074349305045,0.078119912799387958,0.030057900074434936,-0.080983105805315231,-0.99060168738745269,-0.11022719047157939,0.021164468025297402,-0.1122745570881877,0.99345180513392728,-13.321102579833404,26.001523505276296,-5.1613616718782405,,0.2791885152471644,0.375,False,1
0.72640913921930528,-0.68695520694558454,-0.020550087810444845,0.68098402410722214,0.71541864731994986,0.15632312041930138,-0.092685065514366088,-0.12754882483677402,0.98749216498833836,-6.4541279586193996,-9.7393986693617887,0.060345255809707982,0.1650707449295741,0.1212321961609833,0.5391304347826087,True,5
0.15471057731792814,0.96770227802076003,0.19904004215078169,-0.98075679252358716,0.12614997294213739,0.14900435646498195,0.11908295925445742,-0.21826242333514392,0.96859731745192834,1.4747502028686508,28.287712714440659,-5.0762906627879429,,0.4893094388698745,0.3333333333333333,False,2
-0.74346339272877071,0.66665909604058904,0.053177376191108711,-0.66440994974495815,-0.74534205232706652,0.054996760929886507,0.076299425634327983,0.0055565006273232808,0.9970694674638525,10.540702200946306,27.510910549986988,-4.6495640152184032,0.3674193995107198,0.346185363933887,0.8260869565217391,True,5
0.99619192299048243,0.082319486290854518,-0.028725506876887085,-0.071631706625449307,0.96058339340496834,0.26860462192695245,0.049704639365453877,-0.26552409776026986,0.96282210316036276,2.2905818732181653,-22.353101219249364,2.3016664559199125,,0.3938966574648234,0.1428571428571428,False,3
0.86159319157174796,-0.50752438872881178,-0.008727375473484851,0.50205078514542878,0.84951379112568015,0.16208432318436228,-0.074847721221609279,-0.14403233502488341,0.98673831642194365,-5.1538979146048449,-12.210062928101822,0.60083223426616983,0.7105891955562855,0.6632397807864358,0.9546436285097192,True,5
0.53806000374729468,-0.84171162305712877,-0.044866200842027679,0.83874625128725977,0.52936343358287397,0.12758950245581011,-0.083643041067576765,-0.10628216593524055,0.9908117595613628,4.2928289175229075,-13.589535728810036,1.0462278926780078,0.1153543672408769,0.1661509504703841,0.1714285714285714,True,4
0.94198029293762853,0.31561604275574828,0.11427878749943432,-0.33423235072096119,0.85046376236981425,0.4062020736373958,0.031013923464784508,-0.42083001610030341,0.90660919590545652,5.5131877548990103,24.355476589553106,-4.47994840832341,,0.7744400622748557,0.5576923076923077,False,1
-0.17030806428936046,-0.97147344275201242,-0.16502882555954143,0.97609005523332715,-0.18927383873237194,0.10688132692903232,-0.13506800995279994,-0.14288024355754217,0.98048042748865005,-5.8022956520654461,-22.024899827080279,1.9686203755449967,0.3510743218104656,0.374341469521811,0.1875,True,5
0.74027898440095186,-0.67169003520160331,-0.028627292312822065,0.66611483107376945,0.72704077493044783,0.16644141134975221,-0.090983828661245048,-0.14228214293931055,0.98563570081584329,-13.20435432531429,-7.7335886151208069,-0.34204938647484473,,0.2964911981296937,0.6,False,1
0.37833052749646623,0.8964135520884684,0.23088688918252054,-0.9249018823539743,0.35590580658813237,0.13374440120964778,0.037716309235155905,-0.26414730827511157,0.96374461323977978,-9.8290102801155772,-17.945130092460861,1.259234824524144,,0.3226108789541531,0.6190476190476191,False,2
0.48778495890897983,-0.8589122730779214,-0.15599852889781615,0.86562592349013756,0.45277789284852871,0.2137380179787699,-0.11294952166349138,-0.23929456095733614,0.964354975438103,-4.2929642802923729,26.893961171565472,-5.1237502712194383,,0.6235276502182225,0.6666666666666666,False,1
0.90946576942024171,-0.41568713171615168,-0.008730565757538819,0.41124788435600079,0.89626508259574933,0.16608455476758971,-0.061214310953905331,-0.15463864408754305,0.98607286641972114,-24.378078627352906,23.332961612892337,-4.9077951170460556,,0.320810872968206,0.3571428571428572,False,1
0.2188586796307519,0.95842155786635175,0.18310924544467685,-0.96844899731601009,0.19043684815088302,0.16074932803583342,0.11919487383230201,-0.21251335083564155,0.96986115386106087,-8.44855536892522,-18.113263935290263,1.3219875766780969,,0.3839965017321474,0.2,False,4
0.49887066516665329,0.86422190911535013,0.065180911632166633,-0.86050273596482807,0.48495336663406063,0.15606176209224348,0.10326229143896785,-0.13394298785419861,0.98559432586204732,-0.89328271424149441,-13.96019140379069,0.927531827050042,,0.07647539839298094,0.4347826086956522,False,3
0.76946203311750905,-0.63276384962145893,-0.086822175755392195,0.63228088623415735,0.73545347948864581,0.24357557433164789,-0.090272146831773412,-0.24231815887439201,0.96598801720627314,-4.9435905809541616,-34.655701953980234,3.9122969857566243,,0.4330563322595475,0.5714285714285714,False,3
-0.84370449891045984,-0.53591091593950146,-0.031019488956698486,0.53356035801774704,-0.84354565081516053,0.061188882509828207,-0.058958145071088451,0.035074565823582031,0.99764408080340161,15.370281212398741,22.904010259513498,-3.8883606648626614,,0.1707542823023428,0.3333333333333333,False,4
0.62390562992550291,-0.76152328805311964,-0.17556778377603299,0.77498798663675683,0.57395130571687081,0.26452508243001527,-0.10067465180455626,-0.30110161145145931,0.94826285072513872,4.7944270081859823,-14.736818692199673,1.2524669140681564,,0.1137466945241896,0.4285714285714285,False,2
-0.97433006965480629,0.22320019561061946,0.029369849264867822,-0.22182328897708201,-0.9740976282638163,0.043911719144182487,0.038410204813953679,0.03626959181171955,0.99860361148754162,-7.4742036051497402,-12.81056487803736,0.52584072509441027,,0.09382405029758775,0.2173913043478261,False,1
0.95541392135398007,0.28165679579410907,0.088621037378305803,-0.29413308127431109,0.88154718004473509,0.36926995525665995,0.025883766787140335,-0.37887203477978115,0.92508702935385367,-26.423079250295356,-5.9009762650958484,-0.793452778671487,,0.2743116245318763,0.25,False,1
-0.81823396956541627,0.54885346574554417,0.17103521329926968,-0.56818328174098343,-0.81737209722356685,-0.095239766013967414,0.087526735339943415,-0.17510776059173808,0.98065097908546395,-21.167412659790337,21.351786297762473,-4.6813774518687783,,0.3566987587729485,0.15625,False,2
-0.91880638659747005,0.39232840308760164,0.043281036013861941,-0.39031646258100644,-0.91941616895446543,0.0482386494767853,0.058718676636574964,0.027428678346335358,0.99789768243954891,11.571275904336364,-10.722961869850446,0.86063746874067937,,0.2096434887041327,0.2,False,1
-0.044848065045629257,0.94794695340884738,0.31525422215181792,-0.99131518905164306,-0.081280777017561812,0.10338100039623949,0.12362381250054089,-0.30787986100150511,0.94335949890406323,-12.868688384131669,16.320895648198196,-3.8880263753764792,,0.3465554257234094,0.25,False,1
0.96678276136943542,0.24832418735925002,0.060549073413700832,-0.25497214585195876,0.92037247242505904,0.29648560983938482,0.017896847726262596,-0.30207550376446052,0.95311599129744473,-1.7176095591743044,-18.644540232091686,1.5766197408785472,,0.0944139377546026,0.25,False,2
0.91232968665767045,0.38953870831412107,0.12615124877732992,-0.40793018099275347,0.89129142416473184,0.1979711207363867,-0.035320111527754869,-0.23207583229489401,0.97205622151514282,5.8237323120161397,31.165804432408066,-5.3330980420104277,,0.09886795271964886,0.1538461538461539,False,3
0.98204095625713028,-0.18553120007828797,-0.034259801970996519,0.1858034522712492,0.91953039589462904,0.34632488814688672,-0.032751142845208747,-0.34647081381175276,0.93748884677043254,16.391932053629699,-14.272583658433355,1.5117163340761612,0.496170515169363,0.2692153856911896,0.4444444444444444,True,4
-0.34003340377604219,0.93013422385429489,0.13866365757272792,-0.9327716568619393,-0.35234284632566953,0.076102265394387164,0.11964246934726487,-0.10346421728352891,0.98741117842082116,-11.201307168752503,-14.045510083579146,0.6527607157853399,,0.895174726259746,0.5111111111111111,False,1
-0.99874645425862818,0.042824966945112612,0.025914133440427291,-0.047087273969636363,-0.97943586323663179,-0.19618404225630295,0.01697965653146942,-0.19715834248660241,0.98022460653260968,-13.549196795040254,-6.102826626307575,-0.5845352671089139,,0.2703001022730317,0.1304347826086956,False,1
0.81238272127847155,-0.57587406260311169,-0.091669941579410816,0.57850975952442485,0.77619365023722442,0.25069877436159438,-0.073217295109676186,-0.25669530839577259,0.96371507529166622,19.509535667077003,-15.415824311946766,1.7260458688223836,,0.2576417885506936,0.9285714285714286,True,4
0.97590977950527924,0.21334098646919805,0.045669746641577094,-0.21769761132795223,0.93837102335631206,0.26845404177872012,0.014417083202235231,-0.27192911947339587,0.96220928165049568,29.572027914245009,-10.300756045053005,1.1054873425172793,,0.3658610619042599,0.6363636363636364,False,3
