axis_00,axis_01,axis_02,axis_10,axis_11,axis_12,axis_20,axis_21,axis_22,location_x,location_y,location_z,dbh,dbh_approximation,score,reconstructed,number_clusters
0.097991699492715814,0.99042717397887525,0.0972195447158056,-0.9507874096955623,0.12202586561989065,-0.28480342287992166,-0.29394034836158905,-0.064526747662776551,0.95364320919363355,-6.1983132260471621,15.422071412195105,3.9602938429162946,0.2316464000731228,0.1389665290199297,0.2941176470588235,True,5
-0.96516491503408686,-0.26163953584726507,-0.001200028696121351,0.24736907461665805,-0.91100908893535337,-0.3299560285863482,0.085236305120189218,-0.31875883228360036,0.94399553978324136,-6.5570146361322665,12.659646420194816,3.0203501063703415,,0.08610063557984976,0.3225806451612903,False,1
0.99892710086699155,-0.046238529179018814,-0.0025779008569037239,0.043953777767639368,0.96415643400777484,-0.26166856169850256,0.014584669122746006,0.26127450924414924,0.96515434944148082,8.1514312112240503,8.3094722718934388,1.1896536925558558,,0.08349835389243265,0.3333333333333333,False,5
-0.58697540891973388,0.80571790478053895,0.079237158199731567,-0.77128098640749854,-0.52674997914732846,-0.35729553520099394,-0.24614123858018397,-0.27083780641621452,0.9306241847737815,-20.765452766330192,-15.729797651186502,-6.6690186154608071,,0.4015652731520689,0.3888888888888889,False,1
0.38233497171514219,-0.92333949395894432,-0.035554863228842083,0.87956897273869583,0.37546259164321638,-0.29220928197433099,0.28315789164170641,0.080448873032500284,0.95569324954653923,0.57520148224660994,-19.476861484898329,-8.492074218261271,,0.1331609088676756,0.3684210526315789,False,5
0.16726642200999731,0.97985252177956894,0.10913743459598742,-0.93903036380338956,0.19206283301746896,-0.28519089050770541,-0.30040625812930005,-0.054780505068169928,0.95223693288027256,-14.433258000119917,11.659574323074455,2.8039785397401711,0.2287534810845097,0.1572213410201803,0.5833333333333334,True,3
-0.73136237132647841,0.67432315461917114,0.10196747006844664,-0.65343903797212211,-0.65006115287489386,-0.38786327639650447,-0.19526009695218768,-0.35029813112178171,0.91605933971048481,-5.2074680551731465,12.754744859456125,3.0286999958240921,0.6852999670377206,0.3211924520354844,0.6896551724137931,True,5
-0.25553842731008136,-0.96559830291236881,-0.048166685381532383,0.92028872276164075,-0.22767639469100237,-0.31816996410449422,0.2962579601051058,-0.1256319096139997,0.94680929672299952,7.4027051807618109,-11.359572481898512,-6.0950270208377573,0.291735528399324,0.1841006520744007,0.7719298245614035,True,5
0.98009631981348067,0.19803897983538626,0.013847972914181302,-0.18848599173131916,0.95017836733918648,-0.24826216216270258,-0.06232362962098284,0.24071068257640424,0.96859389451124922,-12.612967166503433,10.591754801108701,2.3963590102538919,,0.07947131264054387,0.3333333333333333,False,2
-0.50671152262086727,0.8507375255067664,0.13960335074011371,-0.82241243721251223,-0.4284207924772141,-0.37429053914221744,-0.25861402893388946,-0.30446886091654818,0.91674287385872888,-2.4944098270360606,11.225580450562521,2.4620885043710139,,0.08208752407371878,0.3333333333333333,False,5
-0.99459272546909916,0.10345369780009776,0.0090908115937429462,-0.099847370883191566,-0.92849150263704761,-0.3576786715174799,-0.028562439875845134,-0.35665229838356699,0.93380047391616561,8.4137751608493314,3.2962599664987269,-0.67629768909005328,0.2667546367396872,0.2471155351817423,0.7307692307692307,True,5
-0.19935547770804915,0.97958372661232074,0.02594448041710265,-0.93333905155196228,-0.18174460017424124,-0.30959185253424898,-0.29855587141417683,-0.085933828401992124,0.95051552790067451,-2.0093727070214515,4.9363501728293908,0.15862810918834838,0.1675607650297732,0.1325662617709059,0.6455696202531646,True,5
0.42445064591509701,0.86681711927149063,0.26166721407186511,-0.86217806262846908,0.47519254014137852,-0.17561616701261801,-0.27656940811390585,-0.15106333616023024,0.94904648514372825,-14.089882021562554,15.370316779671093,4.04881165472771,,0.5761343961453095,0.7636363636363637,True,2
0.99759404188460021,0.069039381195455593,0.0063001143240221068,-0.064590066143303593,0.95860826301637225,-0.27730546592582261,-0.025184339418591665,0.27623135578873459,0.96076114988438555,0.73621207051883708,9.3658432682966364,1.7098113024145944,,0.07955248426546206,0.3090909090909091,False,5
-0.60846677825214968,-0.77170601189475319,-0.18503516143950546,0.75731337827509437,-0.49497468875921713,-0.42600059222174741,0.23715949664521696,-0.39933681109210378,0.88559894108889725,-2.4471665958037776,17.568824063930474,4.6666970945534745,,0.3676407708800024,0.25,False,3
-0.93144453635968694,-0.358125171574185,-0.064478191434383769,0.33322683144991577,-0.76828750984371252,-0.54652921332715354,0.14618807915674228,-0.53054751314383553,0.8349541195834379,8.3113516798900875,-4.2175123270121802,-3.4631903877524524,,0.4392652497640427,0.543859649122807,False,2
0.87984221747643498,0.45978793758492426,0.12030263836487892,-0.45079564535928995,0.88753825382384666,-0.095179483736874404,-0.15053557211254165,0.029511022529192951,0.98816402539154946,-3.1928817471499666,-19.225620957468159,-8.3342391814153647,,0.1363952529327964,0.2777777777777778,False,1
0.94668685800966101,0.32187899456525215,0.013338130658278581,-0.30476032012098175,0.9082230291601735,-0.28679622832749091,-0.10442767904895525,0.26744128731514144,0.95789875127158775,-15.159583580844609,9.6121072354894856,2.127121136064146,,0.0710393121602681,0.2333333333333333,False,2
0.83189061848585022,-0.55137794748827118,-0.062772270142567185,0.52995856925642038,0.82289999627932797,-0.20488902116797308,0.1646265888212414,0.13717855206665305,0.97677025502723946,-14.025119857377078,-9.6277487012822895,-4.6946822514643793,,0.1082896318384738,0.4,True,5
0.83204296970219982,-0.54508056744286093,-0.10291584700770189,0.53195998050932891,0.83665368236943383,-0.13049595746298173,0.15723573291608461,0.053831132013312979,0.98609286252386308,17.069452568965161,-11.625018866854044,-6.4256119145691653,0.4685786055252246,0.5844420636712936,0.4210526315789473,True,5
0.99824980196016322,0.034775021135706539,0.047833364835720059,-0.026571007584439602,0.98634166352688224,-0.16255492716916081,-0.052832891672173164,0.16099944315442424,0.98553937763111343,27.055434464329768,-4.240978129324632,-3.6932115349590808,,0.363681730470044,0.2857142857142857,False,4
-0.044623778578074633,-0.9952051074727688,-0.087037419800509719,0.94104998782785121,-0.012632381402055567,-0.33803157152744534,0.3353112565879891,-0.09699080884407657,0.93710145886406326,-15.986935584478527,10.953428859686042,2.6313221806191147,,0.2223710803030264,0.1176470588235294,False,4
-0.71408191803394117,-0.69032175805233997,-0.11637390040938166,0.6535823501175877,-0.59783382153030429,-0.4641388083852086,0.25083286457666781,-0.40749305784761169,0.87808443890907451,-1.5371762327415646,-17.04065531622981,-7.6107482499112598,,0.44626966244494,0.72,False,5
0.97729756978731175,0.21081762179979444,0.021104275076225608,-0.20037580226238527,0.95204003904257839,-0.2312343009320007,-0.068840380268557488,0.22175593430274745,0.97266916659571123,0.44852160544357983,14.332532764530361,3.4440664872344242,0.0721203395519322,0.08289775719486389,0.3461538461538461,True,5
-0.66187288531750965,-0.73068797975662747,-0.16738984413832736,0.71220476647407605,-0.54329946890008984,-0.4445110321516077,0.23385605464276937,-0.41342564426031819,0.87999464906035596,-4.5832983438647439,11.176157366931347,2.4528284486992882,,0.2953462487415631,0.1481481481481481,False,1
-0.99438189179132397,-0.10535707019467852,-0.010224531162830399,0.098312093394245972,-0.88342965166363718,-0.45813402280763194,0.03923500439591085,-0.45656537135601544,0.88882432241056186,5.860376192942133,-8.3186135180936791,-4.9728938906230473,,0.1091525680632149,0.4193548387096774,False,5
0.51032403695599338,0.8579925365909834,0.058465241461135749,-0.81783502783400419,0.50521262807378597,-0.27551055820518539,-0.26592338098161344,0.09278473790957957,0.95951849792401556,6.6688987622255098,13.777807001482458,3.1599163777046737,1.015449956786129,0.8772895581472142,0.9870967741935484,True,5
0.064154852986030644,-0.99718804919842408,-0.038731761826448823,0.9497999548309598,0.072923102280814139,-0.30424047554006844,0.30620940652018819,-0.017268922652611457,0.95180753499274762,-0.14563182589128376,9.0796881796398132,1.6056892058979615,,0.08280905550760247,0.4375,False,5
0.60146738073730399,0.79515244760492787,0.077263024642447511,-0.7700174452836076,0.60277538295936295,-0.20912907893714699,-0.21286174824968657,0.066290442494268839,0.97483098707724758,2.1646510209458567,13.293991510685807,3.0742502011150803,,0.2534803191098023,0.2112676056338028,False,7
-0.3137211398797935,0.9326750052706323,0.17803477451314606,-0.90421486069151646,-0.23623174328666985,-0.35579495382644238,-0.28978359528645209,-0.27260208731256019,0.91744949174092993,8.5978564683392129,-12.546524939610007,-6.5067315896827305,0.4349316997974659,0.2409486206348982,0.4897959183673469,True,5
-0.71042495261109062,-0.68858920517657418,-0.14540045812109378,0.662610911354933,-0.58482278362185858,-0.46789859148128032,0.23715641855306166,-0.42875076474692725,0.87173941913166353,2.2409797733204382,7.6563169622955201,1.069372896160081,0.4337973921458506,0.1895529291001222,0.3636363636363636,True,4
0.41294937859517217,0.90172485401608782,0.12792614419080101,-0.8658987727636337,0.43225668929787681,-0.25174087845177434,-0.2822979384343664,-0.0068148519355352745,0.95930257570216226,-16.611534796222735,-16.709928242135796,-7.0920377401062797,,0.139204381879603,0.2380952380952381,False,4
-0.94719143784926563,0.31589252805376095,0.055138831914044638,-0.30659689812066232,-0.8417592830773114,-0.44434181821651608,-0.093950636654733355,-0.43778216052390118,0.89415885490174274,-8.4061549336665031,-28.880821053524855,-11.57398804091018,,0.3764298646879304,0.2307692307692308,False,1
-0.73687824214615161,0.67395423055829828,0.05287864752593098,-0.64442954816429854,-0.67665230753372807,-0.35616318192935215,-0.20425722436270763,-0.29652546234995553,0.93292638320169141,1.3919409747103755,-3.652217714798367,-3.1338534383561041,0.2191617804206874,0.1831077129252243,0.5303030303030303,True,5
-0.71025960321069315,-0.70382144473191122,-0.012910072907395292,0.66980379748884344,-0.67006164378509514,-0.31996916476051385,0.21655061513769294,-0.23590838786169058,0.94733999367702459,-13.409156964074105,5.4679372830043347,0.56055113797060863,,0.07398018353666772,0.1372549019607843,False,2
-0.072261586255603097,-0.99581008963017292,-0.056040418829377298,0.94827012789451903,-0.051179808318059128,-0.31331197194400412,0.30913108497001351,-0.075781875216140729,0.94799529518557646,-2.8080020889986317,6.257165743702326,0.7289334556372018,,0.06721007604625391,0.3230769230769231,False,5
-0.50808169466255793,0.85914435302193448,0.061024357590586609,-0.82101750736393164,-0.46168050025545965,-0.33582937376856092,-0.26035215411196178,-0.22073082329930466,0.93994396614631837,-5.4196818632684876,9.0482353542564287,1.6960509514901423,,0.09962891556076484,0.2608695652173913,False,5
-0.59783433591614177,-0.77977779277902126,-0.18585128648568366,0.7700958355204901,-0.4942979767093158,-0.40326407518532431,0.22259045557638854,-0.38420841233600589,0.89601193350119024,16.976704224111067,-12.421114848355744,-6.7161420910455067,0.8145635668240199,0.4146328974204826,0.2941176470588235,True,4
-0.56666130626652178,-0.81734219278975873,-0.10414751012841464,0.78496618705856791,-0.49709995483292641,-0.36975629822876027,0.25044570101132219,-0.29127886087172811,0.92327329434692063,18.984055317786392,9.8186090698160573,1.4987142425780191,0.5137601278834658,0.4565410935559326,0.7307692307692307,True,5
-0.2535711071470611,-0.95596492267718702,-0.14775912909533984,0.92000831957203477,-0.19115391635396078,-0.34211821375188933,0.29880827555215755,-0.22269092229667239,0.92796679228741963,-24.645265725973886,-15.283099818117746,-6.343201150048043,,0.2117481828936356,0.2692307692307692,False,1
0.58563303178759418,-0.80874771052335548,-0.054415924162893807,0.77058305090710488,0.57630900569295285,-0.2721574757597125,0.25146712257066339,0.11745241879344673,0.96071286843968096,5.7331838584184576,11.823597695719775,2.4722521038174685,,0.08370520494678596,0.3043478260869565,False,4
0.80550403306653395,-0.56821761078835298,-0.16820225772421729,0.56517693222951992,0.82197670687565538,-0.070209177672729772,0.17815242908581591,-0.03851026024098355,0.98324903857923718,6.2864188643364614,-10.842120878226952,-5.8476166557726232,,0.1253020561836206,0.5,False,4
0.40985509756216282,-0.90913152413475551,-0.07415302304508814,0.85945526466575417,0.4121304887648512,-0.30246505297101994,0.30554123623600643,0.060235637747600115,0.95027165637227728,2.4016593606403362,-9.8427926068913933,-5.4061126709907912,0.3261277889753856,0.1768318451319562,0.3235294117647059,True,5
-0.76560732250918584,0.64293708681523987,0.021847885889678044,-0.61361930666972653,-0.71965482763332589,-0.324912719889838,-0.19317550104109957,-0.26216184211585941,0.94549161515898161,5.9749508667826037,3.9997207026053672,-0.30210444450938839,,0.07219370942332529,0.3703703703703703,False,5
-0.97958950113078236,-0.19186802207153189,0.059925548647483458,0.14727426907233723,-0.88798215135799441,-0.43565810969019669,0.13680167741498109,-0.41794061895918289,0.898115215370757,-11.430354799333259,11.626757300473013,2.734512278032768,,0.1813200067849063,0.1923076923076923,False,2
-0.80960768503871305,0.58671929734016082,0.017200652747012865,-0.56047861800832288,-0.76402985834231329,-0.31956547735464857,-0.17435342004599699,-0.26836326441987518,0.94740806584500403,-0.0097228415323166555,-8.7765654895547858,-4.9393593434877445,0.4741149697776812,0.3846051416629682,0.9035532994923858,True,5
0.24909619943909761,-0.96065625823788681,-0.12284395358901101,0.91687970674635788,0.27476989967616811,-0.28953947155553761,0.31190172616019429,-0.040509946190166554,0.94925036606680302,-19.267701064771643,-22.938211622579459,-9.1752631433775438,,0.4082060902910061,0.3448275862068966,False,4
-0.99943218371884501,-0.033295220196068231,-0.0051709243927591728,0.032912608411461187,-0.93181324339984017,-0.36144271971119257,0.0072159791112576133,-0.36140767525989981,0.93237997721352861,-6.5237198936716441,-12.375004922958334,-5.9182216865098258,0.2160038994106286,0.1380251394565715,0.5913978494623656,True,5
0.12327681027188972,0.9753919406843381,0.18279329883020742,-0.94589226552393746,0.17120454432393825,-0.27563894141580586,-0.30015104542743448,-0.13892287806863812,0.94372124267600577,9.4684373822085028,-12.017568442312903,-6.4088020178256011,,0.4592200016573352,0.5142857142857142,False,5
-0.78092532570617923,0.61667850598484653,0.099313926148331358,-0.59542139163769658,-0.68689718266310851,-0.41670808347056715,-0.18875646227593706,-0.38455153192489305,0.90359898032439767,-0.55222461838598313,5.5409341897845472,0.36452120018445039,,0.08146598261723213,0.2592592592592592,False,5
0.86549079398041751,-0.50092330065703228,-0.0012378990308498105,0.47825262271871932,0.82705060470641978,-0.29540095822019879,0.14899702815094187,0.25507478141441109,0.9553725668494869,0.71398849264315289,-0.43670760261398389,-1.8081303859346756,0.1982580169851845,0.1720838269875564,0.7836363636363637,True,5
0.89959444085440077,-0.41639963406613312,-0.13168593977129583,0.417150228031338,0.9085422522566815,-0.023165990541310522,0.12928855029453187,-0.034092823496268458,0.99102076171429998,-4.338532518821089,3.0145767973763529,-0.50045544127610975,,0.116967015648987,0.2009803921568628,False,5
-0.39379793396452439,-0.8902875452787653,-0.22871657991230726,0.8736188946336324,-0.28512081037755593,-0.39433000193842266,0.28585523284414888,-0.35509746579095236,0.89005200726949718,-19.298854765256426,0.23524438051090524,-1.0538315436377419,,0.2833393240995221,0.3818181818181818,False,2
0.80646436613228967,-0.58045522797620674,-0.1126363816621178,0.56388663025171515,0.81232791463223353,-0.14884632119274022,0.17789630232866019,0.056525104372628636,0.98242445928094302,-23.11084532805322,18.048739584302467,5.1760117121393057,,0.5506566445465471,0.4642857142857143,False,1
0.4422569274623826,0.89656699207133872,0.024009140752743394,-0.85433465245066753,0.42927042667268389,-0.29298328007968094,-0.2729855522432087,0.10906204432525618,0.95581606952073472,-5.8401951251736515,11.308417279810421,2.5368221374688038,,0.5625457220467479,0.9916666666666667,True,5
-0.22236913917075596,0.97396669467583397,0.044055006601831044,-0.92804359243171475,-0.1976028283490063,-0.31573440226701599,-0.29880939826399977,-0.11109455383007577,0.94782432107347936,-21.407490132173436,-10.867893906660388,-4.9265527741770336,,0.2104980066141383,0.391304347826087,False,1
0.75050742303308926,-0.64006578349365739,-0.16448222023331902,0.63000605445756586,0.76811499420135987,-0.11441908507698789,0.19957700097717229,-0.017752421910679734,0.97972132374326859,-16.812107320552443,11.331592053030958,2.7427539435783319,,0.3768788840694857,0.2307692307692308,False,1
0.42013225829919459,0.90403515377587851,0.078799278384020885,-0.86278899925736674,0.42485025973087442,-0.2740390475225743,-0.28121882635572237,0.047145493358667419,0.95848488467950155,22.540934929685807,9.1227430821458242,1.2131020257363143,,0.0886664779137513,0.125,False,1
0.64148387196430923,-0.76078220403746477,-0.098533649224906997,0.73213911458799685,0.64550061001920833,-0.21748857293001816,0.22906496654875796,0.067375073170492308,0.97107663992873838,11.007123405482329,6.6033582918227465,0.49062888638751256,0.3059300125994924,0.1562282957702774,0.2702702702702703,True,5
-0.79290854105260722,-0.60208481170738526,-0.0937546000850491,0.57752735505080977,-0.69349679478894999,-0.43072537629615926,0.19431469242916433,-0.39567167592428781,0.89759998060239687,-15.70775341093738,-21.995345508458382,-9.0120084850183613,,0.2494476729862556,0.6818181818181818,False,2
0.74100546178201632,-0.6706993569482701,-0.032760924870915885,0.63922686675984675,0.71949576640142643,-0.27150479727403209,0.20566943968808288,0.18024487432268654,0.96187934111238127,1.4930917864477531,10.483751004281327,2.0786144571642877,,0.07793740181325073,0.3478260869565217,False,5
-0.98137889055312644,0.19079355432835896,0.022210195934940911,-0.18533280373340968,-0.91016333089022117,-0.37047869434440256,-0.050470040985027956,-0.36769624791337108,0.92857538424911956,12.53216726274001,-12.788950917907483,-6.7073845478671226,0.1930249228089039,0.1483138643471509,0.5588235294117647,True,5
-0.95780930339605319,0.28082412746628049,0.061148571207915635,-0.27624588982374054,-0.84083401379891021,-0.46549583198381478,-0.079306662289224977,-0.4627482800309648,0.88293515200433959,10.086421883310646,-5.9069719027391372,-4.1745390663303219,0.5282025490813032,0.4065747608804912,0.2941176470588235,True,5
0.62642326631632295,0.77920321096553657,0.020886537256948629,-0.74050071250798721,0.60324952916352448,-0.29622407116766913,-0.24341854118524209,0.1700951545017752,0.9548900733708906,7.7677659401389585,-14.094707619761778,-6.9704419601663261,0.3098762729034767,0.2761579451079482,0.6436781609195402,True,5
0.77808165275289976,0.62693654568511359,0.039236581575538269,-0.5969104882596703,0.75738319742049665,-0.26470466801835441,-0.1956701578036831,0.18254111851723384,0.96353096960894791,-15.650510213746831,12.721420362752307,3.1764345995128171,,0.08912456808606987,0.24,False,2
0.95937371194534971,0.27876423517633581,0.043503816094140571,-0.26185564128978006,0.9371631272788562,-0.23055779317479524,-0.10504143921766465,0.20979936619414771,0.97208565568658323,6.7258707750847533,16.537573856760957,4.1835313538114258,0.5982902897921761,0.6697294005831165,0.3888888888888889,True,5
0.57659679430856159,-0.81105918775666619,-0.098585651839339178,0.77560934534966919,0.58129819830622087,-0.2460133086891827,0.25683901611583065,0.065386532263444999,0.96423976333649175,-9.9728779582420284,13.890991868662041,3.486131715441446,,0.2631745577750576,0.1666666666666667,False,4
-0.53684903901183789,-0.84065323099008982,-0.071381051673317472,0.80425994231987041,-0.48437206180937342,-0.34431039908514927,0.25487066228129174,-0.2422516273721588,0.93613839497364704,1.1278883963383415,12.514478802025785,2.7857571350991162,,0.09277188532684161,0.3703703703703703,False,3
-0.56110770961931988,-0.82350646541947536,-0.083637549091810912,0.78663101353649045,-0.49906170826299656,-0.36352312153173322,0.25762334278616239,-0.26976751612813538,0.92782309762892901,26.131944090737022,-0.46832803070871432,-2.3251755852048852,0.4967307663488464,0.3780054490658723,0.4166666666666667,True,4
-0.45509730291883244,-0.87505822520670973,-0.16480153935594083,0.84054567598814711,-0.36108966197042336,-0.40385297150784205,0.29388673235386603,-0.32231561941080156,0.89985733870997464,11.401371773261863,-27.625036310894721,-11.333770419946159,,0.4423826278724395,0.25,False,2
-0.15442143904490777,-0.95004711581977441,-0.2712277583246725,0.93985238652978853,-0.056594694944288426,-0.33685981066078974,0.30468263931107059,-0.30693243267320247,0.90164348335456246,-4.8484052129415618,-16.381731782343802,-7.2569627760780602,,0.6761219929448253,0.3928571428571428,False,1
-0.90563316948185113,0.40974892725952611,0.10924458313310262,-0.40960243289924403,-0.77853002992434506,-0.47551744391664508,-0.10979257396235015,-0.47539121691052183,0.87289677602054183,-9.5478313077115793,3.4465002740234998,-0.15415642837621921,,0.2111371266678569,0.1812865497076023,False,3
-0.77074973420582849,-0.63157481800145288,-0.08401247816887801,0.60829739343219003,-0.69021296664759124,-0.39189327860418077,0.18952342431807073,-0.3531562118071303,0.91616677613674113,-19.754535532103326,-12.215097980399866,-5.4249018879440918,,0.527143045653036,0.6949152542372882,False,3
-0.72043604350698676,0.6907754464656517,0.061653789633542636,-0.66143756829336497,-0.65765981161428122,-0.36053282158165123,-0.20850000111788422,-0.30052097222597651,0.93070666419994774,9.7755972123991786,3.0097507039437716,-0.83686952152119698,,0.07935839836243931,0.2580645161290323,False,5
0.96254496888564445,0.26795394342908496,0.041326348420062595,-0.25784132180833846,0.95182036787276159,-0.16599951828451059,-0.083815485687684974,0.14912636086005518,0.98525950533632201,-10.080287916061057,-11.652968707352697,-5.5086779670733188,,0.7498225114795956,0.7716049382716049,False,3
-0.73790445807465199,-0.66354813842502336,-0.12329184379447555,0.64099213779535946,-0.63185267404114076,-0.43576516335245979,0.21124888174399872,-0.40058215923796137,0.89157604480053387,-18.404303769591809,-24.272814782251647,-9.7397109491848841,,0.1607245010903398,0.5,False,1
-0.44449787234419547,-0.89342972479131522,-0.064845727236251718,0.85210380701100963,-0.3993875163733025,-0.33824357176819958,0.2762982872889867,-0.20560383903147342,0.93882177106024367,22.938336389894534,1.9141883836282632,-1.3656355771523259,,0.2588224018275652,0.5789473684210527,False,5
0.044803181933048546,0.97696545771884302,0.2086412454738657,-0.94827069807449971,0.10729519824254531,-0.29878156503940106,-0.31428547224136061,-0.18446201467593445,0.93123488287312361,3.5732367603455204,14.406025319823424,3.4372978844499138,0.6735256161197667,0.419631620131213,0.7941176470588235,True,5
0.48734931385640279,0.86702554487472472,0.10371764950276878,-0.82446957977557223,0.49601782616618162,-0.27242655551554751,-0.28764658577564134,0.04725484800590745,0.95657013388018453,12.508975381224356,7.4959854818639027,0.83331617554131698,,0.1038241520804699,0.4166666666666667,False,3
-0.29174300721497654,0.9557674572799314,0.037344147410496582,-0.91058343548250609,-0.26557607617005718,-0.31671304802769495,-0.29278631246361075,-0.12640377910003606,0.94778597787854546,2.4239242384893052,20.880281113194354,5.7555521231482016,,0.08690306211328833,0.3333333333333333,False,1
-0.53133209540282789,-0.82969663289061457,-0.17114234357638466,0.81039261645178529,-0.43891796707413439,-0.38809125908726538,0.24688056139613329,-0.34489783349491504,0.90559122834491068,17.325999975573129,4.1745483016227372,-0.53135340222552752,,0.3058137651580833,0.4642857142857143,False,5
-0.045769608138389317,-0.99796648034529278,-0.044362676633475172,0.95123004554592916,-0.029978054649873707,-0.3070223390733946,0.3050680963679217,-0.056251403063720895,0.95066778436623955,3.5934559313110332,16.041981546487829,3.9202514416143703,,0.2896474283969493,0.4285714285714285,False,5
0.91353223883654344,0.40267490030780739,0.057548008379016302,-0.38309093727750088,0.89926954050511676,-0.211082039253849,-0.13674861016529477,0.17078412742938082,0.97577282163219037,8.6109065446509412,-7.4366210119245331,-4.6610360708778353,0.3283771321478328,0.1405092114910284,0.1515151515151515,True,5
-0.39475157006795736,-0.91723932005608533,-0.053321924870855693,0.87360573933472396,-0.35673144485723224,-0.33099197641559547,0.28457724808971141,-0.1772419419695071,0.9421258322944791,-25.128464859221612,-0.12080146500301492,-1.0598628229386133,,0.2083403021486209,0.5217391304347826,True,1
-0.91747919763783436,0.39712840392079579,0.022824388297562902,-0.38066637343300563,-0.8599008468846977,-0.34009358368593795,-0.11543411124620058,-0.32071726540100987,0.94011456835563323,-3.5287359201436561,1.7882111984102127,-0.87510705679480649,0.6401444704980562,0.5392254787368257,0.9885664028144239,True,5
-0.54218266271649773,0.81296377366382433,0.21243319646402203,-0.79700281125433259,-0.41749063628358496,-0.43644940997579218,-0.26612868898774933,-0.40594515802728909,0.87429059789743824,5.3731984838885403,-12.665083055520064,-6.4179765071044583,,0.3932410743182672,0.3571428571428572,False,4
-0.79580031517917171,0.60407579912096598,0.042359028283205889,-0.57694993544484152,-0.73509955735849009,-0.35603007283310384,-0.18393104781663247,-0.30776788280734918,0.93351395274058835,-3.7156832278429004,12.020794135735699,2.7125107619006381,,0.07295502269931202,0.2962962962962963,False,5
0.67539562260253583,-0.73358122625738886,-0.075493956394122264,0.70587542951774107,0.67271343988001675,-0.22180285347113682,0.2134962083327866,0.096515347419462841,0.97216467573144338,20.630700327920845,5.7344464684551086,-0.024777836983381676,,0.2972117410017734,0.2333333333333333,False,4
0.54490234593460596,-0.83571039277354731,-0.068334272552261155,0.81581534489433127,0.54722542805128593,-0.18705521625720664,0.19371823979663524,0.046178678027530756,0.9799697818125428,-7.8221963701191886,12.974797957632275,3.1072778640928655,0.8929087108939616,0.6725717926226791,0.7818181818181819,True,4
-0.45945829216764961,-0.88019931743114721,-0.11894216809916755,0.82676269125835744,-0.37488640952775976,-0.41943251220503119,0.3245944086111554,-0.29104869273908202,0.89996062600163029,-6.9662514312487875,8.999293699981914,1.7300801522278337,,0.09367797099335756,0.3181818181818182,False,8
0.87130442561175869,-0.48575045321436794,-0.069821881322396695,0.46904486114505262,0.86614690266736682,-0.17258754657606179,0.14431048521428025,0.11762669850744815,0.98251638340307401,-6.3196026842664672,-15.02492751622016,-6.7663814695524884,0.6122627533553486,0.6002796317151295,0.9356223175965666,True,5
-0.64211641171100353,0.75328367020633125,0.14230328883011206,-0.72903303877461156,-0.54262915609285167,-0.41721029149940303,-0.2370597861014023,-0.37164137438993577,0.89759976974992506,11.576173697743759,-17.40794812805273,-8.1079708213342379,,0.3284623972364465,0.1071428571428571,False,4
-0.62667359405772305,0.76940597138730371,0.12367157193282378,-0.74314355837833146,-0.54227124799756221,-0.39201982760564213,-0.23455885860816975,-0.3375742063439171,0.9116061633510969,-9.1273535273587107,5.2568735038705121,0.45469124685392842,,0.4015688279745459,0.4928366762177651,False,9
-0.38660234168437818,0.91759287321940586,0.092530797149434796,-0.87803788072172761,-0.33552159475293752,-0.34128395724402572,-0.28211364628789554,-0.21318672208043335,0.93539473598409084,-9.0085755900715476,11.43884399433661,2.6388588092329166,,0.08183896727061332,0.2352941176470588,False,4
0.82297870990238486,0.56664279237159798,0.040273923334171652,-0.54026928923810735,0.80263831889304171,-0.25274656110559468,-0.17554241126735937,0.1862462748563633,0.96669394688731314,-1.6270810154215698,13.966193712280884,3.3587990466344202,,0.1598523600085699,0.2631578947368421,False,7
-0.47253750930574312,0.87864503007106209,0.068492433381713805,-0.83764919177118824,-0.4236106574180788,-0.34481566444536671,-0.27395644512258066,-0.2203109667112528,0.93616822426450286,-2.0526611105863544,9.4149453042450624,1.7211336702810065,,0.09414220324658337,0.2727272727272727,False,4
0.95864414242643037,0.28248253249631367,0.034713499189248966,-0.28025902403900105,0.9581887832056043,-0.057698658421741322,-0.049560948701568505,0.045583709518108216,0.99773034322424403,11.379211524446005,-4.653563854777258,-3.7350136076819953,,0.1525705350548247,0.4,False,5
0.63934212094985488,0.76028112988357099,0.11495327712728015,-0.72739623618193072,0.6464821534577756,-0.23012070930048317,-0.24927167502085273,0.063509281239493884,0.96634890346537905,4.6681910262467099,-6.3642771004986427,-4.2671965142909176,0.2278305491403413,0.2003652713571332,0.3181818181818182,True,5
-0.83662866771157163,0.53461923148024548,0.11930947026381186,-0.52425470929366691,-0.71835478627899785,-0.45730012116056473,-0.15877491031826332,-0.44513894276003985,0.88127285757130869,-23.512410971926247,-9.7564858658949944,-4.4948977045546439,,0.4184583769372653,0.5,False,5
0.57012243860393685,0.82002565207427192,0.050183014461729868,-0.77969739617002765,0.55931123318920495,-0.28150118087505449,-0.25890611311048584,0.12136257400260023,0.95824774991934314,-18.18935472377575,-13.526108966820258,-5.9931700114060185,0.3400706359224535,0.3220707412345901,0.78125,True,5
-0.47241684553495139,-0.87108259104559949,-0.13430355033314889,0.83630944567358378,-0.39492504493628466,-0.38029031010428616,0.27822443302475486,-0.29197487641808562,0.91506384280480391,-5.0332180186396158,-12.187782220161893,-5.8901177719778257,,0.3621975758728029,0.2666666666666667,False,5
-0.80580299272609568,-0.57513374501989978,-0.14107697279517389,0.55877372484104226,-0.65956149920943441,-0.5027430289798831,0.19609554135913479,-0.48394194290223042,0.85284625493642119,-19.56257817473902,-8.7672283988953534,-4.2971116348193172,0.5268286027212022,0.4157102044769067,0.2564102564102564,True,4
0.91823777116455507,-0.38898402533476301,-0.074369507468544815,0.37632684424947688,0.91552585668767472,-0.14209332156554175,0.12335923923233133,0.10248821283768612,0.98705555280610047,13.294061435519138,-4.8437307822459204,-3.8106834282115871,0.5973870886340004,0.2536284599507123,0.4324324324324325,True,6
0.19637728534040591,-0.94200167731729878,-0.27215584089585293,0.93329822303209797,0.26467946914372542,-0.2426915851423859,0.30064994376760007,-0.20634344803068427,0.9311455271692749,-12.560115121174093,9.701709358110751,2.0785170055819102,,0.1436448104031827,0.2413793103448276,False,1
0.200552814175712,-0.97857195718770595,-0.046642184040031447,0.92871796367757709,0.20505987426087163,-0.30892295465162389,0.3118677807481498,0.018637933735726239,0.94994269024888311,8.8992754279395534,18.786240170025227,4.890095635225375,0.2802115748323569,0.2965251716252573,0.7714285714285715,True,4
-0.48984282624048597,-0.86348476793184903,-0.12020008789685796,0.82867715652464835,-0.41833007979936238,-0.37187916665132098,0.27082868355282252,-0.28176940906482101,0.92046609078243868,-7.1962095256270437,10.473541358501246,2.2793970255149802,,0.07420720278761939,0.3548387096774194,False,5
0.52303108395551745,-0.85163494689297603,-0.03400591782197173,0.81125890259084121,0.50967473688442599,-0.28651466899426858,0.2613378621314193,0.12226847431938134,0.95747216252180956,0.11070166463418174,7.0847463703017475,0.86099326225062744,,0.08166573938852686,0.4067796610169492,False,5
-0.09446228283918448,0.97845214252588208,0.18359815333308838,-0.9474383710623584,-0.03173042620278111,-0.31836097922279083,-0.30567533456187507,-0.20402104018826134,0.93002043257177147,12.907603570432027,14.330633900671248,3.2276485890454389,0.3462849613038751,0.3914101869001058,0.6521739130434783,True,4
-0.3432122642689111,0.93834614615149459,0.041374529097566601,-0.8931885681732209,-0.31243485181180908,-0.3234171378545127,-0.29055038003774697,-0.14795598458991455,0.94535152365876574,6.3139218427547981,7.3263994149443974,0.87010396786545063,,0.1326317919587585,0.5,True,5
-0.93230638043840464,-0.36146558520132738,0.01214264011252715,0.32685232416822507,-0.85645313306067261,-0.39956925439326096,0.1548301365357202,-0.36855211515553549,0.91662258712880851,14.032690012164162,10.553288075963192,1.9134700709468044,,0.4621345000211912,0.1785714285714286,False,3
0.24942673263931417,0.95903346140762968,0.13431725483115012,-0.92736714817042398,0.27649493213889237,-0.25207285652319522,-0.27888434437796988,-0.061687700573204579,0.9583413536203369,-10.612598936654233,-12.042713052865384,-5.6188286260896128,,0.1659925024998079,0.1805555555555556,False,3
-0.3780188296684881,-0.92505245027197136,-0.037144698974252391,0.8801142377456026,-0.34662823923246372,-0.32441916140092286,0.28722933856683686,-0.15532813013882327,0.94518383347052304,12.687315101701662,8.7670304026937025,1.3144556267058465,,0.101893221182416,0.6666666666666666,False,5
-0.90441338778431801,0.41904597151446593,0.080230279533291482,-0.41009532664033699,-0.80191400177985594,-0.434460305226118,-0.11772105616349177,-0.42583377919901283,0.89711055362694148,-22.912263148378251,-3.9323383308314206,-2.3918204702436943,,0.7499620967651937,0.2096774193548387,False,2
0.86261149767759204,0.50560468004778059,0.016288388140055895,-0.48023660614516128,0.8286007531288091,-0.287738760045541,-0.15897863439027568,0.24038448250282207,0.95757041223047989,5.2383516386906157,-5.7317230806706467,-3.9604286527078019,,0.09599754224377696,0.3090909090909091,False,4
-0.80747492116414221,0.58932011444204024,0.026192640282783425,-0.56119570745835712,-0.75374099556341789,-0.34195597602232669,-0.18177906816043746,-0.29082007207393423,0.93935086951449343,-1.8760108554513559,-3.6581317485054594,-2.9411635133049154,0.3502846404179416,0.1465969025963576,0.751578947368421,True,5
-0.96335172669429359,-0.26524381064109698,-0.039989643555713827,0.25309497218834875,-0.84941115258541722,-0.46308058576935796,0.088861609979236936,-0.45623065962307119,0.88541357539389198,-16.070056339270604,7.6282890115032718,1.4279126692791784,,0.4894671257931695,0.6329113924050633,False,3
-0.46320647352021577,0.87933664583801152,0.11048450649444921,-0.85167013109653222,-0.40717626417397501,-0.32994768932565949,-0.2451484258301124,-0.24693025974894559,0.9375114378680065,-2.8894447291636838,14.398499318710238,3.5358507425161254,,0.237108298310732,0.2682926829268293,False,6
-0.23100006761966477,0.97257008927075783,0.027320143037317536,-0.92612115704688192,-0.21118747028775112,-0.31256912013761656,-0.29822570517957342,-0.097505250368015384,0.94950205630152029,-1.1688651707311144,2.260390196669916,-0.81951819198636211,0.1813253614715822,0.1613682266117861,0.6674057649667405,True,5
0.33046878981225802,0.92451247759692623,0.18991329002367338,-0.88695284493444659,0.37299480283477504,-0.27237754665342689,-0.32265311066641528,-0.078431854662767933,0.94326211328105702,-4.3485060506108271,12.981981596972771,3.0923051656766543,,0.2709238800483575,0.3902439024390244,False,3
0.82099205832860056,-0.54443583371275661,-0.1719350549796734,0.5312520981935247,0.83877670665680071,-0.11926795267358498,0.20914886642376326,0.0065771832471540189,0.97786169386789445,15.74170355676946,1.9728873922168204,-1.2579860801500389,0.6453725235630567,0.4198892464498331,0.2839506172839506,True,5
-0.96611004358875141,-0.25799711367316575,-0.0082989766390708219,0.24465771108660228,-0.90496057000416175,-0.34812206356909714,0.082304240977028612,-0.33835463063782284,0.93741247903104874,3.9530302651815448,8.9374126916762702,1.5127441432525097,,0.08880880616296091,0.3548387096774194,True,4
-0.22856954947692493,0.96315559240873005,0.14172955183624539,-0.91341073657282357,-0.16180381921532885,-0.37349745702055864,-0.33680378169700897,-0.21482743981884733,0.91674008515798622,19.437492873753786,4.5308655290772712,-0.34091393031863215,,0.2402483356907225,0.2,False,4
-0.90275590587716015,0.41714229587628071,0.10499561607502203,-0.41029779871539285,-0.761737538532544,-0.50140965164193241,-0.12918007111474647,-0.49572999443391202,0.858815627387708,-14.707233877263809,1.4499657089565385,-0.7727414647717602,0.2387401788488416,0.1758510089824158,0.3695652173913043,True,4
-0.87374274350157433,-0.47512046733797481,-0.10408726961010784,0.46165373390395953,-0.74272281045576516,-0.48501407897217008,0.15313212644926846,-0.4718298086654073,0.86828980386958987,-2.4499953518839375,-15.890926230557117,-7.2448391142817492,,0.1604942156492183,0.1724137931034483,False,2
-0.99965133762355673,-0.026162405998729422,0.00356815075226409,0.02214907862528414,-0.90441488536595782,-0.42607878783686409,0.014374334888411923,-0.42585119894258611,0.9046790231102283,4.7460053479302422,3.3123622450626149,-0.58353707893406714,0.1584297694100636,0.08600088267912738,0.2688172043010753,True,5
0.39214331620392889,-0.91083099783224353,-0.1288817789468516,0.88214790512694363,0.41206617580866672,-0.22807134899974932,0.26084227616843447,-0.024256136179133719,0.96507665333947923,1.3438121903474802,-6.7978627724512073,-4.3295025485198062,,0.1460517526455333,0.2888888888888889,False,5
-0.85435631632817466,0.51923660134141258,0.021648015557366368,-0.49709176696611745,-0.8043501700094261,-0.32545441957409527,-0.15157526171726091,-0.28881508934476929,0.94530988792147796,10.662499741264448,-7.6572680813859586,-4.9679214960825382,0.3673214308374383,0.3448491185703045,0.8446601941747572,True,5
-0.18268595650220509,-0.98277339728827906,-0.0279694633364647,0.93385678585822884,-0.16455577885592718,-0.31754196439472127,0.30746925830627947,-0.084129930628609254,0.94783163587686436,3.6037340088328729,7.3275652939718334,0.89709299088790506,0.5311270609286253,0.4942490354919268,0.9652996845425867,True,5
-0.86882716697582885,-0.49224991773602117,-0.053191845367826,0.46958175010847431,-0.78519614031853235,-0.40368304546257733,0.15694691424114302,-0.37570871658474886,0.91335131597453967,17.011624301017971,8.2242719259299264,0.9567616898874689,0.2845454509591894,0.2317828303102624,0.5555555555555556,True,5
-0.30663044547707025,-0.9457160617487762,-0.10769819152111425,0.90518605185446732,-0.25474627926015236,-0.34020956002327418,0.29430593170144348,-0.20180550972035832,0.93416195320289686,-12.264550334415395,-14.114147186226612,-6.2847157029982279,,0.09088832965468185,0.1666666666666667,False,1
-0.99987914522413146,-0.0024281898170201311,-0.015355742902034262,0.0082388978745394602,-0.92038307294657251,-0.39093109315483882,-0.013183910939996692,-0.39101036166275294,0.92029184586450041,1.0092821372624667,15.748797637862973,3.9233981014872406,0.09420909784054926,0.1494246630837268,0.25,True,4
-0.078584354177149929,-0.98051381044871333,-0.1800476792349921,0.94915684026365699,-0.018363576515732047,-0.31426751604049541,0.30483732031900623,-0.19558999610638872,0.93210447996124957,9.7075709523371767,12.605710315933329,2.7446766543223835,,0.2447730893333831,0.25,False,6
-0.49234898916252207,0.82366512355268617,0.28136850767913379,-0.82897718978035573,-0.34520653061055145,-0.44003326016074296,-0.26530980323860731,-0.44989800562657123,0.85276168584120082,5.937087215196903,-3.7054974878865661,-3.2018046546309411,,0.5159482585647812,0.3035714285714285,False,1
-0.93516586216440034,0.35395910142541509,-0.013332845173717684,-0.29832529249400358,-0.8073568467296609,-0.50909423675495058,-0.19096290242002734,-0.47211002590164414,0.86060751410992664,5.3257947592088968,-14.911408052574187,-7.0902072457952716,,0.3183953828975687,0.3214285714285715,False,2
-0.88410570079775619,-0.46166226831017421,-0.072284575364408937,0.43628414501796109,-0.76010616203374592,-0.48155453195279491,0.16737160638189161,-0.45728172110530868,0.87343011908229462,3.3984170523262502,12.145760535398322,2.6793630196144043,,0.302769222682424,0.3611111111111111,False,5
