axis_00,axis_01,axis_02,axis_10,axis_11,axis_12,axis_20,axis_21,axis_22,location_x,location_y,location_z,dbh,dbh_approximation,score,reconstructed,number_clusters
0.87731651374346598,-0.47966540221991205,-0.015389497269847251,0.47126803670094536,0.85501231693178337,0.21647257442682583,-0.09067619476491591,-0.19716754248139148,0.97616739747586379,-14.517984718534789,-13.636426310379361,1.7269120234283937,,0.3998072391036578,0.7916666666666666,False,3
0.58537772778152497,-0.81031639542180134,0.026837569337732951,0.80009804722312505,0.58271341016721434,0.14243664009319212,-0.13105735632569734,-0.061906549911252308,0.98944001760137257,6.8577956261046058,3.4459693092149783,-2.176221144653967,,0.07204425737988154,0.35,False,2
-0.91201875586526449,-0.40981081779029038,0.016639788821598493,0.41002650527491652,-0.91198626872111976,0.012621831727900712,0.010002695737294579,0.018334101728253397,0.99978187960764919,-5.3274411787969651,19.531663033876509,-3.0091566626715576,,0.1251654754934221,0.375,False,4
-0.9671697493023681,-0.25189562415151845,0.033634365873483958,0.25276628519752004,-0.96721141462641724,0.024724168010476819,0.026303632863928852,0.032414101093217254,0.99912834258091099,-9.4832040772237303,-17.103867064887577,1.745836259003162,,0.08297985752717835,0.1764705882352941,False,1
0.47230583148931066,0.87895190526669464,0.06611164624510843,-0.87938866772465241,0.4647745703898295,0.10324809827018712,0.060023100708409216,-0.10690251141576018,0.99245608488957915,1.4707449163142678,4.3331926499277049,-1.8723993173822782,0.2221801080473498,0.180161013330857,0.8047619047619048,True,5
-0.35874324923610823,-0.93333317753304312,-0.013873025754793294,0.93190214711102437,-0.35896583530295956,0.051979970133809193,-0.053494572971309648,0.0057191608931801627,0.99855176223433484,-6.8169802689315606,-4.9730820208413533,-0.07388301292080908,0.3166689868955719,0.1849013939433719,0.6047058823529412,True,5
0.074162406729025881,-0.99679065161755653,0.030138584505680351,0.9928239061887687,0.076642796351707662,0.091796367397983886,-0.093811666269358551,0.023114467660713494,0.99532160262727565,-3.2913701443276677,-1.2080880695217702,-0.84867331509445343,0.1337467522034732,0.1453657576552757,0.6326219512195121,True,2
-0.98850017188754669,0.13405235427180631,0.06998125815156922,-0.13893289785001614,-0.98780559165441806,-0.070269217949697746,0.059708124014135763,-0.079183833011867238,0.995070279184471,-1.7944888912196311,-9.2812926336138855,0.074681368442471169,0.4813163122663207,0.4389909599051179,0.5340909090909091,True,5
0.33511999903592249,0.92579494553672115,0.17492371212852176,-0.9380121520007042,0.31040426252879633,0.15421542239011282,0.088474792710523747,-0.21576123985232531,0.97242958533367141,-6.2033713161438042,-2.4755650833315532,-0.4548230378976712,0.234703481166673,0.3078188686385675,0.5296610169491526,True,4
0.72831623145102442,-0.67743019453839715,-0.10316878662001921,0.68018790931922091,0.69645374233032498,0.22868448309850845,-0.083065486340144254,-0.23672878219970289,0.96801839272677059,-8.5459674876242477,-14.756976767066341,1.3668133841246328,,0.5212639189381679,0.1875,False,3
0.67919839592379949,0.7191340980938874,0.14675042736983582,-0.73304196856523862,0.65468727711014185,0.18448317406232004,0.03659250328329669,-0.23287489806503328,0.97181802337405854,-14.821361588747534,-12.497959935232444,1.5621907119141065,0.6777123476370672,0.4118711562564219,0.875,True,2
-0.99428446050140629,0.087007121985054406,0.06187222583119481,-0.088124150059783066,-0.99598804077893777,-0.015554960674179039,0.060270604623392642,-0.020918492995727775,0.99796286046581872,4.4710148780171552,-14.524887950558194,0.18666235941789242,,0.5130477824694114,0.2222222222222222,False,1
-0.98009504451779672,-0.19295568697304138,0.046709812421166237,0.19535556676223478,-0.97925408234547207,0.053829775633327914,0.03535401316208478,0.061883318224624111,0.99745704101923405,15.969379420985865,1.7793375303991328,-2.5435879380218132,0.1947332309859812,0.1961167442259905,0.44,True,5
-0.9154605934570631,0.36525553098458735,0.16887953965003999,-0.3932633552795059,-0.90101709164172794,-0.18306319663926862,0.085298506561060916,-0.23400127703636486,0.96848725707868932,-2.6487476230904501,-12.435094628728928,0.52808178347110912,,0.640998092791446,0.2,False,1
0.53808680725846625,-0.82166252511389781,-0.18797149432252702,0.8359065018796249,0.49154408212224837,0.24422271689170311,-0.10827237860949931,-0.28853961626447411,0.95132643286949137,-10.61400513367059,-4.9314354525085227,0.20864294633038025,0.1864715402093036,0.2495745340988486,0.367741935483871,True,3
0.95470017139168795,0.27246145971046548,0.11963417453689744,-0.29698778461831737,0.89756229065374671,0.3258530192953622,-0.018596734449530972,-0.34662182183013546,0.93782059803513151,7.8464296221659673,-3.4315697338288742,-1.3973728717575373,0.2175891008353846,0.1442875972474098,0.2142857142857143,True,6
-0.8349197211558228,0.53983206712010734,0.10719327653316513,-0.54106645624301108,-0.84074818104105364,0.01973793314381736,0.1007777215147946,-0.041519096630248511,0.99404226040007704,1.2985411915001321,-9.7560511545880857,-0.13730321764870743,0.23715852199306,0.2323037700026253,0.1764705882352941,True,6
-0.46010350038131864,-0.88572127509883758,-0.061665158510672564,0.88572977496005523,-0.46270266500700002,0.037269418356455281,-0.061542949929838865,-0.037470877127553336,0.99740082147611264,-10.332502550482225,-3.1113272889584103,-0.069046581880896504,,0.07463548183787888,0.2837837837837838,False,2
0.1311804162040939,0.984234162861647,0.11863730888955125,-0.98751307657787868,0.11920219384162506,0.1029988377169254,0.087233147324939628,-0.13066732429868497,0.98758109964114271,0.52075064013175187,-3.4451443154329486,-0.78858301485797522,0.6094898122974328,0.2886681808494352,0.8522483940042827,True,4
0.93038434134656445,0.33696428035483961,0.14436083659381727,-0.36380644452804572,0.8971212465773144,0.25063587105486179,-0.045053837760879421,-0.28570709249949056,0.9572573368736883,11.873536245822617,-10.860807563823732,-0.81812596891219225,0.6366803520822831,0.3649716030430735,0.1666666666666667,True,4
-0.99058840119975278,-0.02387902888780247,0.13477541091717693,0.01492172849137156,-0.99763574071971195,-0.067084058146940614,0.13605866906356312,-0.064441607816750027,0.98860270976497133,-12.851964630706208,-14.351964289231521,1.6854010063437248,,0.2140551854757263,0.375,False,2
-0.13283745473778064,0.97560766407083932,0.1747681218787594,-0.97964618917643076,-0.15601345918419046,0.12630575832272897,0.15049104508536301,-0.15443278913373198,0.97647476106118158,2.2644771461574522,12.138163052602065,-2.8177695171168535,0.6162742520506611,0.2382339121914363,0.3055555555555556,True,5
0.92177684202340271,0.34901901581812245,0.16885846175632285,-0.38756295090576398,0.84185616927285833,0.37559705715359987,-0.011064022531552826,-0.4116599529400175,0.91127036084295177,-12.199319313147312,19.084737087815078,-2.4638047010569544,,0.3823299905693577,0.2903225806451613,False,1
0.40332096903294506,0.88862232830405774,0.21836335218575814,-0.9137892140459476,0.3785605920473033,0.14724520515821402,0.048181617154426384,-0.25892515480012801,0.96469492378684851,13.902000235021578,1.3370014394260923,-2.3727567590931429,,0.5961850725763393,0.4615384615384616,False,2
-0.99090814819996142,0.12243480286900267,0.055774195443354851,-0.11878800449912762,-0.99081662535178094,0.064589665687517575,0.063170023096721484,0.057377120640012096,0.99635205334712029,2.8850084788032881,6.8577905342047298,-2.2474306605839511,,0.0984924109572551,0.2631578947368421,False,4
-0.85955831601308208,-0.50965392247873476,-0.037581653433486364,0.51101902040157254,-0.85657130017819672,-0.071729829909531834,0.0043660234277575587,-0.080860911527593601,0.99671583253520912,4.2972841763648075,-7.8615798175080007,-0.54231728525732548,0.5217722550641176,0.234278133656944,0.2553191489361702,True,4
-0.99061635137811588,0.12218019272191807,0.061247407200186336,-0.1218106603099063,-0.99250551106470641,0.0097454369348610737,0.061979088547469724,0.0021934020656732087,0.99807503804583919,-6.8093759429255014,5.7713720701417728,-1.3915028319856702,,0.7607876112502874,0.6014492753623188,False,4
0.99776283145114097,0.04152908325135015,0.052389573570557721,-0.04777530367420614,0.99110135212711514,0.12424021156872395,-0.046763795113739855,-0.12646519306159432,0.99086815591704913,5.0047955503691499,-3.6251602309891973,-1.146214523601621,0.238064623306747,0.2350222681731077,0.7533333333333333,True,2
-0.99202555504007262,0.11918227243696831,0.040998586368247512,-0.11946788845410977,-0.99282750271711639,-0.0045796808631671931,0.040158707346610874,-0.0094411749932078789,0.99914870887120466,-18.321136397063345,12.402702688605114,-1.3666654356531742,,0.1187943955509352,0.5161290322580645,False,4
0.84602521155535526,-0.5330195896217097,0.011465534973203718,0.522939547650487,0.83382921264816978,0.17681366926128106,-0.10380544742845318,-0.14359304027019587,0.98417755911732785,1.6353570674794045,17.075183376045985,-3.2139365284997905,0.6478862737198492,0.6552605345001552,0.9473684210526315,True,5
-0.13141628735566493,0.97439725737218585,0.1824273670347088,-0.98555944652773952,-0.14824262775703226,0.081833371405718419,0.10678172492327329,-0.16903877703430359,0.97980791744155549,-4.1565138854735286,21.111868610430875,-3.2015737930471406,,0.3595522612138349,0.4137931034482759,False,5
-0.86728801650832077,0.49250370523420922,0.072467901526389406,-0.48928434315750041,-0.87018090650244073,0.058189530841242884,0.091718743787715551,0.015009673186509399,0.99567182432206947,-5.1832727758533439,-3.1511418857614313,-0.46248914230540522,0.4285491691647022,0.4055609596332895,0.7628734901462174,True,5
0.23660064747317119,-0.96940614777366441,-0.065359423757393259,0.96965584011731198,0.23132963143638385,0.079083205207520629,-0.06154417390512458,-0.082087284509411662,0.99472307321193909,-11.403548354349621,13.111032138109186,-1.9371296911131208,,0.2394447299879043,0.375,True,4
-0.98460593655294881,-0.17049450848824982,0.038506782260290737,0.16895706837025853,-0.98480376389079793,-0.040187755277515141,0.044773415688543733,-0.033063109379907911,0.99844988459397066,-13.82773475033321,2.7326235264563454,-0.51761016652428138,0.5908951084889301,0.6145280910758492,0.7810650887573964,True,5
-0.50999854289655489,-0.85225311789549985,-0.1164736420001999,0.85839114167557584,-0.51297007502569014,-0.0051332271564072385,-0.055372684026443998,-0.10259788090178862,0.99318051767952542,-16.508756615162323,-6.5858362008962077,0.87514152914229493,,0.7387584047509121,0.25,False,1
0.24826779652021877,-0.95323262600718262,-0.17236781000652046,0.96015454834719061,0.2185814915903469,0.17414182387450505,-0.12832125505618808,-0.20873354366174057,0.96951738677097221,4.1519395095127978,-4.5846595878795036,-0.97059522637724616,,0.2615680414086017,0.1,False,4
-0.58313201761317268,-0.80521619484310125,-0.1076286653117445,0.80676176132008592,-0.58954705750324143,0.039619786230899574,-0.095354656446882208,-0.063727125713206045,0.99340140071485206,-9.3361052106169655,15.353709145836715,-2.3452900569936399,0.7107206030182662,0.5513133635617692,0.5444444444444444,True,4
-0.2548592037726774,-0.95656486698935794,-0.14152894224853452,0.96480006900755755,-0.26136491582411403,0.029141167088252734,-0.064866116697153198,-0.12912023860683408,0.98950510402258429,-3.3586413504414208,-9.221039276584051,0.18940509363002297,0.3616577316597344,0.172279009480876,0.1052631578947368,True,5
-0.79227104367571999,-0.60984741059064473,0.019817395108147336,0.61001448021233429,-0.79092049666653053,0.048240044403433387,-0.013745082184638796,0.050308088302530155,0.99863915853880059,-8.1691564419319498,7.0255294339097505,-1.4501660077338285,,0.08388758303073299,0.3243243243243243,False,5
0.32279263825876142,-0.94495515169193189,-0.053522649194772703,0.9381942046511319,0.31199655159162648,0.14983252702255162,-0.12488613632016329,-0.098579475986697945,0.98726163698849845,-17.879417439459981,8.4023132554127802,-0.89030484329355375,,0.1493616328594552,0.3333333333333333,False,6
-0.15544446713945764,-0.96372059426750911,-0.21697841786779307,0.98449671774175018,-0.16920273047625273,0.046223898095059501,-0.081260263299179403,-0.20642929100314494,0.97508139015391349,9.6432386823056664,3.1893577527837809,-2.3310012364313311,,0.3303419250798513,0.375,False,4
-0.90966127909522476,-0.41495809444311277,0.018059268284761853,0.4153312644586461,-0.90833549041853212,0.049260304600234776,-0.0040370878145617184,0.052310770423177999,0.99862269412411808,-17.131572091291975,11.044494835681649,-1.2856050604662925,,0.1558619116160374,0.5121951219512195,True,4
0.81026905576324693,-0.58420376814604658,0.046583415036864625,0.57787275202193,0.80966261959186625,0.10251597390766867,-0.097607068100304784,-0.05614623513288361,0.99364000550363574,-3.1523185384859387,6.7969036420979059,-1.7857056564883957,,0.0718237720980601,0.3157894736842105,False,5
0.049066317728038981,-0.99723823185409255,-0.055753075189932853,0.9936304529746055,0.043066972891053712,0.10413337009566588,-0.10144466169341193,-0.060507394378905663,0.99299941381623391,-12.386962985802102,-9.6270307509059041,0.98296240479712127,,0.1129666074023086,0.3076923076923077,False,4
-0.49493413573295758,0.85509461042800239,0.15444548715729517,-0.86156329696003442,-0.50602013056058959,0.040648650639355584,0.112910967658712,-0.1129461583429375,0.98716476775558926,-16.68418385136189,-10.864639109066959,1.5079827084721593,,0.1995414221967768,0.2777777777777778,False,2
-0.11461792546236955,0.97575421700406328,0.18645760687483443,-0.98833208611344814,-0.1309582938813324,0.077779257018370504,0.1003116081086424,-0.17536713849087626,0.97937936879238963,-3.8489892012231666,-10.712807734400862,0.42752004413969413,0.1828833146504693,0.1706980307636651,0.6705882352941176,True,5
-0.90901295173739305,-0.41549812690129595,0.032507846978654428,0.41669827033176077,-0.90751757912600028,0.052672526802912012,0.0076161063668986756,0.0614259726727968,0.99808258416075457,-5.4773237937879884,-18.012713373914231,1.5335594438198692,,0.3972567915832032,0.3333333333333333,False,1
-0.42419351250750909,-0.90074715366971669,-0.093351106594654357,0.90471957279913118,-0.4260072677027591,-0.00054996235134091576,-0.039272872834821865,-0.084689863740204097,0.99563309930865895,-18.223131274731681,3.4438920429788,-0.2492640343084235,,0.597070722234264,0.722972972972973,False,3
0.90809341755862361,0.40884753273774782,0.090609270833370836,-0.41820461761836036,0.8966060118376038,0.14561097946015986,-0.021708127265608695,-0.17012158743358347,0.98518394358601746,-14.443057540198563,10.342809648528124,-1.443606802843117,0.2329129672543074,0.3275437120433503,0.7256637168141593,True,7
-0.95668317371304634,-0.28908146554403463,0.034484944733128971,0.29027027021003521,-0.95624132156444097,0.036683854280662939,0.022371306768426094,0.045104780363115021,0.99873173746600652,-11.876218686438063,2.2546908056538726,-0.59874609819344538,,0.07188620457736795,0.1633986928104575,False,2
-0.83383327345525848,-0.53552647403607012,-0.13391589780673269,0.55193937552513772,-0.81286373678473123,-0.18605233447953423,-0.0092194264360583866,-0.22905008410139882,0.97337097817293305,-16.341167363087752,-19.352646908916288,2.595740947853348,,0.6140774183399431,0.5806451612903226,False,1
0.57763303912124442,-0.79529366160630321,-0.18397843331323724,0.80920055036236971,0.52822553449426224,0.25723968201171504,-0.10739898234523632,-0.29746558879488755,0.94867258950288935,-16.9945384256206,-13.068976993153383,1.8831731252783344,,0.5106011300073721,0.5217391304347826,False,1
0.1902754434637384,-0.98172300758430531,-0.0038976908938272922,0.97607389126279853,0.18875196860868027,0.10794652908475516,-0.1052378943621345,-0.024344008009650704,0.99414906068670084,3.6203770717775163,9.5907947656693775,-2.6664460886356172,,0.07976581359739679,0.3529411764705883,False,5
0.85900562192004071,-0.50900477506844366,-0.054986184331026956,0.50363389232771039,0.820839318243345,0.26939880497997576,-0.091990456073457086,-0.25910799405522417,0.96145764514515852,-2.7445517739155627,-11.687466717922051,0.4604730010205243,,0.1365904840216773,0.1304347826086956,False,5
0.54233521444252675,0.83227489141691968,0.11485216712162326,-0.83859868592741338,0.52790807147697527,0.13440726182121379,0.051232403187768769,-0.16920866758654968,0.98424776742301567,6.8719239425293424,8.1640506415407046,-2.6871318147585255,0.2908133824429489,0.2628679422521477,0.671875,True,5
-0.67784204337453002,-0.73520426404707451,0.0022032614104735629,0.73501378739813494,-0.67759154197788862,0.024988688934747885,-0.01687887936126941,0.018557811482720336,0.99968530601608852,3.3703976126323356,8.4595480621170687,-2.4957504799702344,0.1701300621870397,0.1429915088716152,0.25,True,6
0.99773001577606313,-0.043139731745004344,0.051708598554465871,0.037114912662368889,0.9929821735370209,0.11228929733398098,-0.05618984674798972,-0.11011524228127333,0.99232924704443459,-8.7400040155761207,10.789651985287586,-1.8400593471407256,,0.0868699027175079,0.3333333333333333,False,5
0.21986221047334997,0.91782903191140397,0.33053059856290024,-0.97212833258737419,0.17786172634415504,0.15274721366614219,0.081407084376395308,-0.35490149969034168,0.9313526787049482,2.9801915187712806,0.61759200442441564,-1.5260209931977287,,0.6036408824042797,0.6124260355029586,False,2
0.16903176052508861,-0.98459141869671563,-0.044810737134941721,0.97700476223039479,0.16138764772928826,0.13934030909803263,-0.12996137315724715,-0.067333241338842956,0.98923014314055679,-4.0629089692054245,-6.8439878770965068,-0.071290802012677026,1.142906463548931,0.2452985147544367,0.2023809523809524,True,3
0.94107746574707873,0.32338494949090574,0.098971601511853802,-0.33646385975913612,0.92482020817048372,0.17748141771883652,-0.034136117808578517,-0.20032412985526274,0.97913480607048753,-14.057887577665451,-9.7269004225436042,1.1026568475320826,,0.1411889922088291,0.1875,False,3
0.33288686890178237,-0.93520088711926319,-0.12077099504479556,0.93571323146425789,0.31175060432589574,0.16508273430360151,-0.11673508887854696,-0.16796089257259039,0.97885752670689274,-3.0877098204482687,-14.843540564860945,0.88654137878989603,,0.5268068829385243,0.2692307692307692,True,4
-0.14657221509576027,-0.96978622698704153,-0.1950160498732405,0.9853951937807176,-0.16041744966156307,0.057118770276885666,-0.086676974080697897,-0.18379585357216277,0.97913542800467379,-9.1938159154651,-2.8933820775315278,-0.18837956604408868,0.1786303950653731,0.1010819765511696,0.282051282051282,True,3
0.68379274980548455,-0.72537780392815754,-0.079085503613603697,0.72215932094646262,0.65724448434343208,0.21567476201512292,-0.10446717419169425,-0.20458917216827338,0.97325735555807769,-7.9359460923865974,-2.1523534316857211,-0.34255720489803632,0.6936278289016096,0.2738646433028646,0.1413612565445026,True,2
0.95130144494090219,0.28927808322899645,0.10650704867148002,-0.30826201253814312,0.89305671764428818,0.32775635874280634,-0.00030410406929801126,-0.34462717483356881,0.9387395900285378,-21.727738522637665,8.3629075590537258,-0.559186431028873,,0.2143461032737357,0.3103448275862069,False,2
0.59407100526381607,-0.80137056542628005,-0.069891756117615986,0.79724903304627726,0.57498440758138136,0.18381216049289201,-0.10711498500030515,-0.16491860994640167,0.98047347342074065,-1.9275083097152035,20.7679320011285,-3.3010578738276157,,0.432101637689599,0.2142857142857143,False,1
-0.79824046353032263,-0.60208835524473436,-0.01737166835935211,0.60207575836155958,-0.79841224146779499,0.0065325238403889097,-0.017802909207482266,-0.0052445355430874412,0.99982776080217362,6.4527524425039395,-5.1530122206775362,-1.0838477684033032,,0.09739847229454449,0.25,False,2
0.088852603041819564,-0.99604375732217443,-0.0014312345089266335,0.99006868587400465,0.088162243360495926,0.10950532451605968,-0.10894591403267812,-0.011146853599621573,0.99398517869755687,-21.679771117425013,10.63115315244343,-0.83219811167091562,,0.1473721591507402,0.6296296296296297,False,3
-0.54783924019288055,-0.82731109349286891,-0.12421159965366037,0.82473749077386216,-0.55899326268734439,0.085642300192084506,-0.14028627237517174,-0.055523750357765175,0.98855291964026248,-3.8581303464755043,18.770217114506806,-3.0381344943975406,,0.2935871217345187,0.3,False,2
-0.69627517943279438,0.69463473954184662,0.18078565520378231,-0.70833779486851622,-0.705677220866884,-0.016650174485531466,0.11601052911972029,-0.13965041557840779,0.98338157322686315,-20.574435952633575,5.8040932272573409,-0.35535180240905134,,0.1459000769494924,0.303030303030303,False,3
-0.9778560975622318,0.1840654824500258,0.099585895742333952,-0.19292296279904281,-0.9772516240374155,-0.088090826656773383,0.081105997837415997,-0.10535255804523103,0.99112191764087421,13.730745523232816,0.63071519216305072,-2.2976686162615283,,0.417714551545151,0.1111111111111111,False,2
0.51229840746173394,-0.85189606402743256,-0.1087356326451463,0.8519799092460848,0.48820198312658519,0.18917996170922199,-0.10807671327906228,-0.18955716754013355,0.97590342979259848,-15.821848170352734,7.5354908144896502,-0.97175842423832881,,0.6249958965676936,0.3142857142857143,False,1
0.71913513884851099,0.68800015907157175,0.097470165644798212,-0.69417759247472866,0.7050538899060742,0.14497062610853989,0.031018094385726402,-0.17191507626093944,0.98462332105982175,-7.6621934165864589,9.1004210869580362,-1.7281741053371595,0.2796963477684163,0.211490395151535,0.475609756097561,True,3
0.28059885707907056,-0.95646186202646744,-0.080280681952656197,0.95398585878590514,0.26870249642665456,0.13307873477984269,-0.1057131148081417,-0.11392837619727533,0.98784870423289695,-5.4099430208831762,-8.0653551781282893,0.21536408405870983,0.4501635543002177,0.3835252878458356,0.6666666666666666,True,5
0.99025555035564605,-0.13902184527514441,-0.0081775012155365298,0.13657176913593416,0.95796289717402572,0.25229989994652757,-0.027241454897221063,-0.25095819208434006,0.96761453531912256,2.5435908916621721,-7.5386314483564334,-0.48176690992163157,0.8471505482109905,0.6560455268099666,0.28,True,4
-0.078756751683404957,-0.99591007950381816,-0.044277393859366007,0.99247366674574622,-0.082508113155466939,0.090489955684476112,-0.093773103182801285,-0.036817452467865948,0.99491259933385334,1.3769945665530443,-7.4439167057220992,-0.41152612508430564,,0.06923537280988519,0.2,False,5
-0.66711404713192368,0.71535863536708177,0.20789629848800306,-0.73778625330235958,-0.67306869441565387,-0.051477927655204453,0.10310331011821476,-0.18772467979292043,0.97679534808439461,-14.009367186240418,-14.827403438983946,1.8130525009131204,,0.1600355656006158,0.4285714285714285,False,4
0.156565371435821,-0.98225840479006898,-0.1032265018608782,0.97851585523818396,0.14007017391255014,0.15128472304761759,-0.13414173666182272,-0.12469471760815871,0.98308556183374629,7.1034382251992643,-7.4308591155629165,-0.86130775449007901,,0.2548126328865627,0.2608695652173913,False,5
0.17554805441239371,-0.98386971375670307,0.034398647420001469,0.97910740226652349,0.17812740124305901,0.098078151253444712,-0.10262346427071445,0.016462541683973018,0.99458403833078857,-2.0231424061456877,1.5618434903778773,-1.2186203525917079,0.1747719376928523,0.1569730900635763,0.7598944591029023,True,5
-0.96727130152513263,0.21775671932044932,0.13026219880176632,-0.23350957688892615,-0.96477885913832639,-0.12114054012139713,0.099295048955275272,-0.14759323883750292,0.98405118215590037,16.993143653921738,6.203884879442084,-3.1017418167899198,,0.311461117408195,0.3888888888888889,False,5
-0.95644484528977847,-0.29042754966772644,0.029412519657677466,0.29122449746797058,-0.95624941355176463,0.027845128055649274,0.020038712362347534,0.035197975451833459,0.99917943960579592,5.4278869558842242,10.142051726624317,-2.8539638889566152,,0.1296141049405549,0.4888888888888889,False,5
-0.67627969386221931,0.68602203135103967,0.26836458069315727,-0.7309441614644,-0.67016655437849326,-0.12883098312735652,0.091468073614381792,-0.28328530123084278,0.95466383068377669,-12.934489615686507,-1.8498288343858655,0.00025436620172505431,,0.2500322272268109,0.3666666666666666,False,2
0.55146204023052914,-0.83033413995937755,-0.080217418324842832,0.82721139652647502,0.53188679290654106,0.18115668629204104,-0.10775399594214963,-0.16625779846225258,0.98017723948732038,7.9043071844877648,-0.014050533476422267,-1.8250372488751108,,0.07668706738175539,0.16,False,1
0.58022389213096592,0.78942050434539157,0.20038837870361401,-0.81258239431611057,0.5444095960500176,0.20815389541431975,0.055227596796277659,-0.28360793191962447,0.95734865827679694,-5.1548203579479495,-20.894844349534765,1.8597180709992989,,0.4781560438208958,0.3157894736842105,False,4
-0.29358657326297943,-0.94399859279956444,-0.1505774909876772,0.95293145458359596,-0.30148303903543894,0.032087692954597305,-0.075687296588620681,-0.13406951169598064,0.9880773244886798,-27.821708277974153,8.2565651607678543,-0.093489950907088518,,0.1733160405351739,0.1,False,1
0.86630196219815891,0.49112938260795891,0.091174776285687847,-0.49951018940173714,0.85291428289642512,0.15174582931704503,-0.0032374334681364164,-0.17700043946386793,0.98420544778726815,20.851543090999474,9.4461274232995098,-3.638462325115984,,0.1956788850745534,0.3846153846153846,False,5
0.053738371013584134,-0.99850054725956838,-0.01043286169510136,0.99477611951894784,0.052623981754835236,0.087471072813190665,-0.086790895349858677,-0.015078914636322271,0.99611242679617251,-2.3446353348090279,-18.914073707251916,1.3613183871044909,,0.1293381873969425,0.2631578947368421,False,3
0.15329682102129552,-0.98015549354692499,-0.12567932659968012,0.98397530368438124,0.13968462600163986,0.11081880254727612,-0.091064188372790372,-0.14065352369765274,0.98586200853234973,-0.65049613448522625,-11.419299927544088,0.22799846282272573,0.6288396272902654,0.2303732537416382,0.1333333333333333,True,3
-0.63261664171019416,0.77016260548510629,0.081521443459438472,-0.76747817171357591,-0.63753401278862054,0.067287729050902273,0.10379518570003513,-0.019998591201214232,0.99439761452623365,-7.2454645468800134,8.0466403776046906,-1.6248049879804567,,0.124714604616524,0.5849056603773585,True,5
-0.39311218040133156,-0.91217557254851123,-0.1157520559899814,0.91755400785006647,-0.39732936622837983,0.014967211190953941,-0.059644415483694063,-0.10032496986468957,0.99316536595033256,8.9349707413542614,-0.14082097279901451,-1.8614807006433574,0.5914073095689866,0.3374659343032076,0.7530120481927711,True,5
0.61801179264947337,-0.78591062994610894,-0.020147106092314827,0.77998271654816131,0.60973894852990618,0.14087361900581388,-0.098429599370998794,-0.10277595235926966,0.98982256873861485,2.0862247233781379,-16.370957023609428,0.62844281980817884,0.8464341994048927,0.6499477583783463,0.2222222222222222,True,5
-0.99517659758662791,-0.07198953275100381,0.066641179387790656,0.067686766625878331,-0.99560538792640263,-0.064717950799231844,0.071007332294893422,-0.059895064122263655,0.99567592119833503,11.59001493286083,-7.4615014267231725,-1.2002692330355975,0.693344264790417,0.7426124575232803,0.3928571428571428,True,5
0.92990918079795293,0.36183991181182179,0.065884699951456016,-0.36737867753577202,0.92230764364436169,0.11992296597087949,-0.017373046933328022,-0.13572210098284837,0.99059461362610601,-9.5518339155425416,-8.7258703924928831,0.61881136050284669,,0.712340321981964,0.8167539267015707,False,5
-0.6401178498020732,-0.76816304822142711,-0.013216266944074746,0.7672072990224732,-0.64003956940639606,0.041740986101402824,-0.040522816923467361,0.016579533806524632,0.99904105039149738,-8.6883451907631493,-9.5854220578418055,0.66167642703462659,0.2896198340428705,0.1483980027670936,0.2368421052631579,True,5
-0.86515114976990404,0.47762766165422954,0.1529225453441253,-0.48990088479913502,-0.87010674644160479,-0.053957139192416945,0.10728751616491967,-0.12159797128043708,0.98676406615545353,18.071362591485624,-1.1648403114807213,-2.3202225499877263,,0.2653216180341718,0.2173913043478261,False,6
-0.29250394700425791,-0.95222615098386965,-0.087788372632003786,0.95446589513560742,-0.29634860534267654,0.034239730349911443,-0.058619928436619229,-0.073775751394993067,0.99555052232229302,-18.640536363815063,6.1717785111902073,-0.56652276170993454,,0.2507353098077455,0.2307692307692308,False,2
-0.38782026177410855,0.87779162910201625,0.28120686413366702,-0.91648391593221501,-0.3997460306585357,-0.01613514209103506,0.098248035069485401,-0.26397910305774913,0.95951151986508831,-9.9870856946830635,-14.947399722161808,1.5169934863929431,,0.4165412861933511,0.25,False,3
-0.94471829353500913,-0.32788242019237818,-0.00068146099603934307,0.32757659237700487,-0.94374319385259242,-0.045192479281152609,0.014174695304310099,-0.042917392578027201,0.99897806553864488,-1.3452352757773021,-6.6815993239896532,-0.32904742050543961,0.2170271233415034,0.5537586738435818,0.6834532374100719,True,5
0.74767678030031393,0.62919755458960969,0.21234375314148415,-0.66404478625950047,0.70604555667226498,0.24605729768679033,0.0048942866007989083,-0.32497709027223221,0.94570922421051951,-7.444675765377923,10.62544558223779,-1.9253138625097004,,0.6183121141126312,0.1304347826086956,False,5
-0.35942830189856867,0.91739590007896588,0.17086854102677193,-0.92616697865259989,-0.37309345497831631,0.054918134581025159,0.11413160582339975,-0.13851366853364816,0.98376213597674345,-16.1741593553743,9.6799312437892144,-1.2161840523386891,,0.08337888165869874,0.2608695652173913,False,4
0.14439299306742279,-0.97965795113615362,-0.13935911282993191,0.98724943667996157,0.13308965184125632,0.087325221716708687,-0.067001591982059142,-0.15019135577152129,0.98638397357387297,-12.945656554615848,-16.109794457973198,1.9179305323497469,,0.2959888995724418,0.2142857142857143,False,3
-0.10171430612997966,0.98894699664730279,0.10787973744301836,-0.99020535422732969,-0.11107186738136693,0.084595488862837867,0.095642858531221564,-0.098218522177305423,0.99055820904845404,-4.2345152268483366,13.722297312047335,-2.5508141312431101,,0.1177433521547296,0.3666666666666666,False,5
0.80481283339999932,0.58372067339801592,0.10745454221406261,-0.59306753076273011,0.78376299715668818,0.18435419236612161,0.023392459247906255,-0.21209841992748035,0.97696829688306819,-10.232945627760616,-20.749868481595513,2.3156504024656748,0.318460592644391,0.2871532591513269,0.6956521739130435,True,5
-0.13786582120686675,-0.98854175955506918,-0.061467104687996335,0.98670113732031861,-0.14247423384678728,0.078242944094413319,-0.086103896275062736,-0.04986263436221379,0.99503760569172162,-0.90338959960479492,-8.1082003460287897,-0.21428996089371558,0.1145023803277541,0.2566806360653071,0.8666666666666667,True,5
-0.99637555861986704,-0.048428855296818792,0.069931338894572398,0.041639124580797958,-0.99455987934213863,-0.095482091028082777,0.074174992343056856,-0.092224142053965869,0.99297169049944067,-1.0277018720076425,-12.354550381038035,0.40029056238109695,,0.6710214798123039,0.2142857142857143,False,3
-0.0093639234468612994,0.9505325509452085,0.31048379431344919,-0.99538630268953721,-0.038511261748044368,0.087880550388733061,0.095490446410802579,-0.30822840932037482,0.94650769797825585,-0.38654780980107251,-1.2723988612845103,-1.0207514162649118,,0.08001157229235246,0.2222222222222222,False,4
-0.99181749765271054,-0.12301773343511267,0.034127534490546597,0.12410343187827151,-0.99176099611162138,0.03175633460775322,0.029939765295525372,0.035731832477104881,0.99891283233417172,4.6349800839097428,-9.7029053730074661,-0.37722269460605473,0.1978118436212902,0.1019944750953977,0.2631578947368421,True,6
0.58910659912074237,-0.80740424593767501,-0.032431443295177748,0.79904717826358262,0.57609371920833041,0.17216164961372896,-0.12032049609854598,-0.12733581715498782,0.98453469613217393,-7.5076936776760768,-9.2682852039481638,0.51956595609856304,0.3240721532588083,0.1853110725163895,0.2142857142857143,True,5
-0.92132528099063438,-0.38772454126602629,-0.028799422000779104,0.38862275702505295,-0.9162030705158325,-0.097694863220170944,0.011492577159892936,-0.10120085808633628,0.99479963158055795,2.1409977280758001,2.0695169198943963,-1.631367063618655,,0.104882450388539,0.2,False,2
-0.16109541946379261,0.97787039853263413,0.13348314313580423,-0.98077010617091431,-0.17371571664154489,0.088954194016973118,0.1101737930239288,-0.11658616326710208,0.98705086083006821,-10.314536067966227,1.721788248962894,-0.65945522574889792,0.9206160045974413,0.8490900847586801,0.6553911205073996,True,5
-0.81527107031940615,0.56681138393217712,0.118566171166738,-0.57293452471226114,-0.81928010146583707,-0.022937866833324896,0.084137460699652028,-0.086631232168416367,0.99268117606812545,13.464419345639625,-2.1921861648692218,-1.9588461316478563,0.7525169129891859,0.6401301036247695,0.574468085106383,True,4
-0.29041990539305929,0.93029898543798972,0.22405373517202073,-0.95093693396685541,-0.30668494956270931,0.040783444305688379,0.10665470533081643,-0.20121664793144206,0.97372307892235532,-14.559948111142806,14.380517419677222,-1.8384748358649956,,0.7297080705692844,0.5,False,2
0.46627656260937966,0.83257071814166916,0.29901867241737168,-0.88260429964132281,0.41491091479570125,0.22103977704939215,0.059965135002199056,-0.36698083339114657,0.92829373072735344,-10.424407540714657,11.43843427738399,-1.8126689177428159,,0.2599978286108548,0.4210526315789473,False,1
0.73410136003206372,0.66464195506869483,0.13909085074705008,-0.67867457026363276,0.71143105760310144,0.18239155121662426,0.022271526138740155,-0.22829130916483883,0.97333810019091305,14.41347964677778,-10.211347109381439,-1.0488400508378277,0.2588229840917727,0.2226401582470835,0.391304347826087,True,5
0.053862080042255192,-0.99833490087798238,0.020647082662440044,0.99347338436052257,0.055658898824876998,0.099562651375152633,-0.10054606357669979,0.015149675592238166,0.99481705676404586,0.3701462132510005,-11.200320639896153,0.10931906168604726,,0.07234408088776773,0.1538461538461539,False,5
0.97695038195284467,-0.21247295796634649,-0.020571663404371936,0.21042766594401779,0.94235754567776664,0.26015851611955554,-0.035890787223804295,-0.25849080880605291,0.96534675280711879,-11.123484426988279,-13.831254398646317,1.4372963640400234,,0.1766640845114968,0.2692307692307692,False,4
0.77876232995998151,-0.62587197177990916,-0.042585307039284565,0.61647139479384128,0.7509607595530472,0.23668746695261828,-0.11615615711720634,-0.21057590686457883,0.97065211822358033,0.44814748615010946,-14.872838631670128,0.57503769297599228,0.8368600924824305,0.6871353240450838,0.4230769230769231,True,3
-0.66428821933858562,-0.74630259301654767,0.041876023029254632,0.74666758663893906,-0.65992144284295084,0.083613422001846183,-0.034766028112974343,0.086810880267702381,0.99561799619954272,2.9078085046284365,-10.799614714261596,-0.10717824343883653,0.2263388469563174,0.19844476746947,0.7066666666666667,True,5
-0.60348080389167191,0.78979979559282609,0.10966860177732091,-0.79016947230414736,-0.61079357843573512,0.050630125224569403,0.10697254027481751,-0.056102472523060158,0.99267788743577479,2.8124285049387976,-6.3495900728731618,-0.64620412315028497,0.2910659660115584,0.1789157934614612,0.5555555555555556,True,5
-0.34524775498529298,0.92920166615312372,0.1318645187147541,-0.93169063958460419,-0.35624752187262043,0.070994755229153245,0.11294485286211933,-0.098346157921269745,0.98872215178688005,-7.7696795143420703,-4.0448688322505584,-0.12157895524353661,,0.08404218908499053,0.208955223880597,False,7
-0.76911685823170373,-0.6358562554437841,-0.06439006753220726,0.63858598432726688,-0.76865011697701602,-0.037214759061355046,-0.025830195596793244,-0.069741093225073006,0.99723065582201298,-22.750529888388904,3.675733086877413,0.098368358359617283,,0.1267951020158708,0.2916666666666667,False,2
0.99636729846500605,-0.078336998834484514,0.033399418605016259,0.06275087192397015,0.94050393819058498,0.33393812349113894,-0.057571995122008959,-0.33062918331812102,0.94200308307142244,-15.825052686705023,-11.918872750864614,1.561217918222007,,0.3189090758420728,0.2333333333333333,False,2
-0.61272195087057857,0.77443158782434363,0.15756753060582607,-0.78305809069590537,-0.62184594009393201,0.011298379723506224,0.10673255134697665,-0.11646176440600356,0.98744357809163197,-29.628231792675795,18.022655654678012,-1.0230691227386226,,0.3953411189539957,0.5833333333333334,False,1
0.26326866964259449,0.94810311814654213,0.17829774240136442,-0.96349209141523318,0.24907175967828762,0.098215316071689748,0.048709314970743357,-0.1976454803216256,0.97906264699635803,4.1094201591088684,-5.9123679267154117,-0.78484670771770393,,0.1928717248021957,0.3,False,4
-0.96768521453233292,0.2352153485995776,0.090879400078853978,-0.2444737488139237,-0.96344744600318477,-0.10955183672950027,0.061789252434220079,-0.12822932025523531,0.9898178265269324,-8.9408499911094488,6.490035145693529,-1.3313210939788296,0.2014752065477673,0.4424887722284317,0.4,True,5
-0.018009216289806753,0.99699120347980075,0.075393688810969972,-0.99540170518609516,-0.024973632551116502,0.092475742710266373,0.094080356298435266,-0.073381590750679654,0.99285649954948629,-10.13246414188372,12.427897536237152,-1.9569317777792636,0.2521066264216477,0.2346198753328858,0.8333333333333334,True,5
-0.84479019621611806,0.52949682730889147,0.077218095333608766,-0.5268342623500053,-0.84830119267191428,0.053204760365337264,0.093675954178529849,0.0042657216535106658,0.99559360143962161,-9.4083588303326309,4.8520691507418432,-1.1074771178248588,,0.06818580913500769,0.1818181818181818,False,5
-0.52728470156974616,-0.84575082848841432,-0.081709115780714187,0.84554501699052964,-0.531766984564084,0.047723142919423117,-0.083812097772281047,-0.043925052518846805,0.99551299440450702,8.8411053158484645,-9.7836989614968974,-0.72169184116768326,,0.4147531136042449,0.2,False,5
0.020489382242582697,0.99254496346084853,0.12014441611586457,-0.99523119348343825,0.0087854064235372304,0.097147764521402363,0.095368006862101881,-0.12156196832265406,0.98799171612148329,7.7691476942962554,5.745617082274368,-2.513138763345883,0.1857137743874717,0.1745898038082727,0.4893617021276596,True,5
-0.39888005924216385,-0.91349302050478531,-0.080157344192608726,0.9145188729481496,-0.40270666979186204,0.038504144280779626,-0.067453164200166921,-0.057946868717755187,0.99603826786182914,-5.3362893520151014,-14.615705981652344,1.0720793894850809,1.432216943725335,0.4772012108940834,0.525,True,5
0.96499817963824785,0.25104902570891574,0.075847873968044655,-0.26112427674915228,0.94661662362256394,0.18902666471598484,-0.024343898354626307,-0.20221610858688127,0.9790383138778983,-6.6449331744839029,9.4021435215132794,-1.8339844947126154,,0.06924781044199682,0.1714285714285714,False,5
0.079041773009159683,-0.99167775685193849,-0.10162492157279118,0.9920063247172346,0.068186970567561914,0.10617904108543466,-0.098365897752078935,-0.1092051446129069,0.98914022592830642,-5.9071849843155935,2.9871882718587575,-1.1421045687827904,,0.1203736294367238,0.2282608695652174,False,4
0.77093151475237209,0.61196255467197735,0.176540168916202,-0.63537029295386416,0.71961345112153952,0.28010903554985328,0.044375560766424259,-0.32811326191468626,0.94359551554803955,-16.084599824282694,13.417383664502898,-1.6497121329252069,,0.348039522490302,0.2083333333333333,False,2
-0.63815109372105916,-0.76211985686371353,-0.10925431504819291,0.76857337412345128,-0.63895728725170153,-0.03207107195652778,-0.045366839994761286,-0.10443614720000112,0.99349632157693979,5.2551905011572986,3.0009213251500295,-1.9778984854975936,0.2329422493342379,0.1223876970659224,0.2352941176470588,True,3
0.73660586115466287,0.66681307874368978,0.11301381919464855,-0.6753704430629055,0.71636480744895936,0.17520338833946916,0.035868787958521761,-0.20538203588673032,0.97802436032310025,8.533526937506748,10.476496453731677,-3.0989829785368439,,0.2209339517611348,0.4705882352941176,False,5
