axis_00,axis_01,axis_02,axis_10,axis_11,axis_12,axis_20,axis_21,axis_22,location_x,location_y,location_z,dbh,dbh_approximation,score,reconstructed,number_clusters
-0.32864847089360821,-0.94071313325003136,-0.08395822479186954,0.94301161544245959,-0.3317562544355398,0.025824034996576747,-0.052146675060795913,-0.070686551576734064,0.99613459718368058,2.6613391986733919,13.026019711640306,-1.958749698256615,,0.515843491629588,0.9058823529411765,False,6
-0.35829779740843487,-0.93328712631673172,0.024450526041789291,0.93290823928608557,-0.35689336365409358,0.048055634964090085,-0.036123474976795314,0.040028325359961467,0.99854535586746251,-4.2119176031317798,6.069690015503312,-1.2269497833564091,,0.06520860397558459,0.1481481481481481,False,5
0.70461382437047693,-0.70958424640165729,-0.0030912399778719735,0.70594200793244144,0.70054256847337082,0.10433595350138686,-0.071869603744013993,-0.07569879137293252,0.99453730600835377,-12.857506417243119,-21.057179889201247,0.38003789306513025,,0.1259223255199498,0.4137931034482759,False,3
0.87734464852624072,-0.47490054905201129,-0.068817412131422478,0.4757908642983012,0.84227299298685165,0.25337572641286549,-0.062365223904379138,-0.25504053363155815,0.96491704568438807,23.932545562299776,-1.6981714768304115,-2.4411718800911468,,0.2892838372194262,0.5454545454545454,False,5
0.38977472439039745,-0.92079868055577063,0.014333670609466019,0.91780253729368544,0.3896899484603496,0.076027933065698106,-0.07559210781332773,-0.016478287402554248,0.99700265760960549,-14.462990881964409,-9.8353169305649093,-0.1875710718178801,0.6175071426924534,0.3312191866145176,0.9144736842105263,True,4
0.99693800641023322,-0.05853972425505706,0.051843148620935649,0.051189080826530717,0.98976004034951837,0.13324691565456903,-0.059112514571158611,-0.13018511132791957,0.98972599612701517,-29.56996509647664,7.5092373207203025,0.42660134639327879,,0.1243489881966766,0.2173913043478261,False,2
-0.74857215968531743,0.65043501008967808,0.12874012348021274,-0.65818669860189938,-0.75241790455847501,-0.025643063065217311,0.080187227958026089,-0.10393071995071859,0.99134676774725672,-15.123565383436388,-15.498887478119112,0.21855878432150588,,0.08162531087544661,0.2857142857142857,False,2
0.57197765428210001,-0.81713050467603765,-0.071688920551438176,0.81643995480229603,0.55869415738724004,0.14589941296587358,-0.07916667988725537,-0.14198090304419744,0.98669856590874927,-16.814117448298266,15.217180520430274,-0.71699308545286389,,0.2064699173650701,0.2380952380952381,False,2
0.010674843821001234,0.9892349073896064,0.14594637957577228,-0.99691205220238055,-0.00082699762232541548,0.078521820206694279,0.077797222849128669,-0.14633391294163783,0.98617137356554507,-15.681178122110767,-26.350259306828598,0.92929101499473044,,0.1625916008532197,0.3809523809523809,False,2
0.72760357684516264,-0.68567175816997639,-0.0211488772803647,0.67794653383106707,0.71401267856187689,0.17485534627038585,-0.10479280618710582,-0.14156318342347407,0.98436697063160583,-20.125640001720491,-16.597160440821053,0.6738127239748658,0.5495156191246966,0.3120160682518898,0.4,True,4
0.44145439018128285,0.84559561016423268,0.30014344147532546,-0.89695099708012072,0.40676196153267358,0.17327323938528422,0.024432155587461951,-0.34570619132591796,0.93802467934072997,-6.4697061792071633,-4.4108184662257717,-0.89052730092078036,0.9309788167954748,0.6459833296536371,0.3423728813559322,True,3
0.99680135280756799,-0.063411288847433023,0.048642280864595454,0.056297591786892184,0.98913732717879888,0.1357863363545051,-0.056724282278396571,-0.13261356049925577,0.98954332869850203,-7.886903502856109,8.8804382236972899,-1.0874005406557079,,0.08994455369915808,0.2891566265060241,False,5
0.65596455575439105,-0.75094266761122086,-0.076128914052987787,0.75156915250458245,0.64052296684893684,0.15771537002644703,-0.069672882798743452,-0.16067183605093613,0.9845457076756432,-9.0232651694126353,-13.320930731647785,-0.54699039747686651,0.4921246774654599,0.3190660187747382,0.4117647058823529,True,2
0.15140820843518293,0.98472562705372368,0.085970889503931502,-0.98720179514453843,0.14623416214439167,0.063625352535973997,0.050081634177085756,-0.094504017086982736,0.99426395925457067,-9.8830433950553758,14.510706381893547,-1.1515413580836962,0.8856097149573183,0.7656906416583282,0.9895833333333334,True,5
-0.75972189021512515,-0.65007529512547368,-0.014992004385191757,0.65024706274914046,-0.75947662003623262,-0.01933962265546002,0.0011861340873296558,-0.024441241496046574,0.99970056456924095,0.78124239517937932,7.0317876051496766,-1.5854958722101118,0.4078513925428507,0.2641796750243258,0.3220338983050847,True,5
-0.84233128234594434,0.53484474868809051,0.066476353556801579,-0.53361897285095883,-0.8449371110603302,0.036497536444391493,0.075688853835444075,-0.0047300268281855115,0.99712026569079415,-8.1031281568458002,20.042823837645809,-1.4942834032292964,0.3642969892831981,0.3200765662810318,0.8518518518518519,True,5
0.53165638353736522,0.84267178633517437,0.085121973418472205,-0.84670916455878154,0.52636119724763686,0.077636851328499831,0.020617480353796781,-0.11334968260528779,0.99334121476818826,-23.153881413694673,6.3441344559930322,0.070681114744122808,0.2476561230134665,0.2184831505503885,0.6885245901639344,True,2
-0.052234287507613754,-0.99057432879284657,-0.12662574124234166,0.99744271819706065,-0.057944675572498557,0.041838241937924354,-0.048781175920946808,-0.1241165327802804,0.99106784993075547,-3.2648664413434809,13.481410977831441,-1.5495940161172395,0.6626781591944733,0.2552567445746359,0.358974358974359,True,6
0.67619452483910347,0.69882848885326876,0.23323744927578807,-0.73658071649024315,0.64751381074048109,0.19538350236153579,-0.014484911885784085,-0.30391546204067527,0.95258888260375152,-31.922201995083842,-16.096895138565547,1.5640068721828877,,0.1847021712414439,0.5,False,2
-0.23202703515861753,0.96529079414261898,0.11990470257255503,-0.96935311045219597,-0.2396941781383366,0.053863236286352506,0.08073414526799505,-0.10373226937698123,0.99132316329123826,-18.249900020356343,-5.7674136242465641,0.094813041436173903,0.09111681189889778,0.119346887869763,0.4838709677419355,True,5
-0.94977127446875698,0.30354056021347625,0.076142330534866742,-0.30527678190483926,-0.952187752760842,-0.012023723303604905,0.068852106894539994,-0.034664272638343221,0.99702446087276919,-9.5834676048213066,6.7213392529193827,-0.88721402343451705,,0.07998421280709765,0.3552631578947368,False,5
-0.19345138284451752,-0.98056416304748717,0.032718261300417772,0.98002343447757434,-0.19156073589973377,0.05346543122737929,-0.046158751611380409,0.042407624415085138,0.99803354805394495,-3.4203010037347119,9.7391734403088943,-1.4108301162779993,,0.09447783942822906,0.4782608695652174,False,5
0.48694855447654711,-0.87302231985416767,-0.026704575069613386,0.87123541510484681,0.48333126763717466,0.08567226617364096,-0.061886644441967412,-0.064983957717957619,0.99596542534318144,5.1453441382667515,-4.0808410686543555,-1.5687975782226642,,0.2231665281739081,0.3018867924528302,False,5
0.99036278438586767,0.1303951639465408,0.046676080842610747,-0.13404540195696882,0.9872152721672075,0.086242893121814324,-0.034833683664893575,-0.091668465783936559,0.99518013789622684,-15.363326075503986,9.4533116784906426,-0.59093790499843246,,0.08760901101684165,0.4285714285714285,False,3
0.99595262591570721,0.063041203367334014,0.064063824500293465,-0.075355909649008249,0.97416695292422251,0.21288549671432594,-0.048988302813799289,-0.21685145724281674,0.97497466207029659,2.7478242987008143,-23.840628731938438,-0.52913961101868034,,0.1427654906658651,0.4230769230769231,False,5
-0.53571323672129179,0.83823135080622524,0.10187998099316926,-0.84065305356456244,-0.54079355431574805,0.029065015794205687,0.079459244485298133,-0.070075203432537897,0.99437201002930209,-9.6769284371933502,7.6050726007580227,-0.9138244176018322,,0.09024262063845677,0.2840909090909091,False,5
-0.54960112412146844,-0.83334314238118945,-0.058972971865605309,0.83520696640437242,-0.54970632054832647,-0.015883463691052493,-0.019181439831842655,-0.057984206431267643,0.99813320963211749,-12.181046680968194,-11.890369568697727,-0.33328545508745566,1.012239934996236,0.2887605317546532,0.4423076923076923,True,2
-0.69870456544430448,-0.70521749030164527,-0.12033379242729038,0.71520275974937086,-0.69260139865913428,-0.093746013367472625,-0.017232024668305729,-0.151563827967162,0.98829725456351003,-28.38035305156005,-5.6017756876748503,0.84411710647373484,,0.5678668278321726,0.2115384615384615,False,4
-0.30135250780863088,0.92214452079022735,0.24256163920540352,-0.94770016338407992,-0.31770812973201801,0.030429338211221346,0.10512405223943169,-0.22070574772476237,0.96965865466256529,-21.548338233304204,12.422784459291773,-0.30925752098235615,,0.1862785986013678,0.3,False,2
0.070023977520167729,0.99128518196807502,0.11158104938910539,-0.995629970507105,0.062522730398458334,0.069367643837321066,0.061786765575443367,-0.11595083524511848,0.99133132675492663,-13.111586714029606,-1.1979480947663173,-0.46059560124169141,0.3117589814096887,0.3007195613911351,0.6862745098039216,True,6
0.97937890684580342,0.17789302144896868,0.095765493499883322,-0.19793703960248082,0.93983541482175725,0.2784426716583176,-0.040470794147451861,-0.29165641766738548,0.95566659921465424,-19.068622317604156,18.837414821144868,-0.72945142213608627,,0.5680444566296112,0.3076923076923077,False,1
-0.6830174115412958,-0.73010743717647808,0.020744775511537007,0.73036892881278104,-0.68244022762325784,0.028923408277512615,-0.00696012616981697,0.034906530923481636,0.99936634461171903,-18.570770746417999,5.8999340017675381,-0.24382538769114018,,0.07048048085934819,0.2380952380952381,False,1
-0.86671771180971013,0.48348910912151977,0.12263233421989642,-0.49385706944459096,-0.86631397629849738,-0.074868480881394667,0.070040009958177621,-0.12545268363317907,0.98962418178533451,-16.241847418725918,5.2956221989361811,-0.39889628138139804,,0.09695522189190164,0.282051282051282,False,4
0.70019005272329204,0.70303167925056931,0.12442004676689186,-0.71393410618638176,0.68807386395306402,0.12981698567040445,0.00565527109899535,-0.1797242769211283,0.98370076862528277,4.488238472230945,12.483234683454336,-2.0551297711147258,0.865692981669512,0.3699995291179651,0.2142857142857143,True,4
0.00079467427935174452,-0.99060104083565748,-0.13678065063488631,0.99823763835149526,-0.0073304627882341041,0.058888722975968484,-0.05933789574310655,-0.1365863910154427,0.98884941822208583,-3.2325707110094317,-5.780357821779428,-1.1755710507812933,0.1576734880308046,0.1977775249780129,0.3333333333333333,True,1
-0.9527617481571975,0.29578080960368136,0.068983794608820787,-0.29583888409271281,-0.9551895364476638,0.0096075033008218361,0.0687343138993875,-0.011254427177237391,0.99757151721653148,12.158474410223583,-2.8458143573993659,-1.8812374173254489,0.3784129622141587,0.4094597535284886,0.9272727272727272,True,5
-0.38165051043254655,0.90950444274150788,0.16475605154298623,-0.92083435463630148,-0.38956383529669064,0.017438737066616736,0.080043608165313904,-0.14505752949223774,0.98618017315776829,-13.030640175766779,14.980086773574472,-0.96109132914122719,0.7585636824227441,0.4767326848615567,0.75,True,5
-0.80993810677336975,0.54985100832673484,0.20411793610176004,-0.58134259070430949,-0.79872930260081976,-0.15515248435010484,0.077724226786574396,-0.24432635921832277,0.96657310885496295,-1.9877634419610943,9.1833895019919289,-1.4913567955490488,,0.2390617796909929,0.3541666666666667,False,1
-0.65921092675458182,0.74603139215128056,0.094223754818986205,-0.74772852018387126,-0.66360811351713966,0.022941921843252791,0.079643042075276643,-0.055330223197146595,0.99528666837748325,-18.178903348426953,9.3114530008796272,-0.40180219468595357,,0.08464641017899255,0.3076923076923077,False,2
-0.98825938650861045,-0.14867896192687183,0.03518453151560063,0.14679061268673385,-0.98783845915713042,-0.051261044050233281,0.042378072215212746,-0.045494449006603724,0.99806530553111006,-11.993893998812931,-22.570880580818823,0.42200213792167002,,0.3811476466110919,0.25,False,2
0.4109145511396663,0.89911596221259049,0.15079694345779826,-0.91122282404292687,0.39985152087601206,0.098953151523201194,0.028673970860696674,-0.17807090651666807,0.98359979445270951,-27.78124998368407,7.2373499148556002,0.31171799821207125,,0.1114863319564713,0.3333333333333333,False,2
0.94374874442711743,0.2959534066813766,0.1474784339011205,-0.32922848169601648,0.88252307461376567,0.33579998453603543,-0.030771971538646643,-0.36546491466070102,0.93031633432917382,8.0436297868584745,-2.348721869727894,-1.6761031792994852,,0.3353190956758275,0.3953488372093023,False,1
-0.43740485609484531,-0.89359366263801243,-0.10083331769722889,0.8983326440886521,-0.43929977298134648,-0.0037643091303380255,-0.04093229079026818,-0.092228387992634706,0.9948962116818727,-24.947638468718605,4.8968668163508964,0.23414582968717312,0.3670189774270424,0.3604431432018714,0.6666666666666666,True,5
0.75459354544318424,-0.65607334090252289,0.012504100626858146,0.6516683456847211,0.75148867632399707,0.10292296434394604,-0.076921703101423614,-0.069516478002040763,0.99461073334152594,-15.742099667288313,6.9506068667498475,-0.48724818446916413,,0.08142582892684658,0.2857142857142857,False,4
-0.061483067881978937,0.98991382786176152,0.12763403061838474,-0.99651400969870796,-0.068105310114964748,0.048181897101999605,0.056388481430369938,-0.12422672877532946,0.99065032126364216,22.753756786085638,-10.549425212699775,-2.0952498542825206,0.2887026152669752,0.2756370969775396,0.5806451612903226,True,5
0.15138662162413347,0.94292471968720137,0.29660590654274649,-0.98768231189439581,0.1322830012484397,0.083575465010056721,0.039569452411846506,-0.3056046147942113,0.95133594374033237,0.09673528949768731,5.6181319894276642,-1.4895624577505948,0.5962677255151494,0.6771321568933959,0.1402439024390244,True,4
-0.99503146980234547,0.081870876745638088,0.056652746128359514,-0.081011394835152364,-0.99656287341120608,0.017308762095066113,0.057875106996418263,0.012633245002812585,0.99824389460234197,2.9427250032319017,1.6301778573614085,-1.5995945294024243,,0.07826241928269903,0.2058823529411765,False,1
-0.91575283101363569,-0.4003565426695686,0.033337534884584692,0.40126337190768174,-0.9155569087893477,0.027262669226825069,0.019607622389991662,0.038342998184331824,0.99907224745483114,12.658139160567401,9.9604149243099211,-2.4849728046019086,,0.1983633129872188,0.4285714285714285,False,3
0.56152126794164836,-0.82091691497434671,-0.10387148000392497,0.8221574388243359,0.5393165608894922,0.18219438228480017,-0.093546840860676286,-0.1877047305193266,0.9777606673954804,-4.7515084322089383,7.1598051085701782,-1.226848010770023,0.2933751939602601,0.1922997723182706,0.2237762237762238,True,5
0.9923496358670949,0.096101359405192183,0.077503089712076256,-0.1165642185944166,0.9361654590273385,0.33167305628827581,-0.040681483968964691,-0.33816972372553822,0.94020543224205855,-13.790674445104218,7.5047799983088286,-0.6378948283416469,,0.3144104921748933,0.28,False,2
0.98183198124253201,-0.18587760488879823,0.038150709169932455,0.17415903501006993,0.9625632042253417,0.2077034145020378,-0.075329882076943327,-0.1972855642773893,0.97744760217314308,12.701817295890306,2.7093764357495185,-2.14101703177904,0.5287169503641378,0.5081043606008716,0.3513513513513514,True,5
-0.99857202053754368,-0.017457872885744657,0.05048903320398565,0.0084468150409614338,-0.98480464428266734,-0.17346026609847337,0.052750081660901421,-0.17278609687586155,0.98354582689937431,-13.455859962178831,-32.813278998545215,1.1648991329262774,,0.4138748598749447,0.625,False,1
0.92336987197428966,0.36902129083443447,0.10588374021100697,-0.3829772253617259,0.90462645722868895,0.18702785283509268,-0.026767973110007535,-0.21324694556489901,0.97663156605898382,-13.909983407127063,-16.661276873866925,0.14851531087889394,,0.2521045398263224,0.4074074074074074,False,2
-0.057006267162837874,0.99183755628312764,0.11405501940060467,-0.9969418514511863,-0.062668290671910265,0.04668650950051384,0.053453066602766164,-0.11104479857505314,0.99237685502040307,5.7679020654219713,-18.749012067598418,-0.98959546166568002,0.5957901780023559,0.321900906721218,0.3953488372093023,True,5
0.55828028391437212,0.79900094127716692,0.22342922913237939,-0.82962122632427904,0.53529945208417962,0.15869189465935679,0.0071934292717298169,-0.27395618707482822,0.96171527082538011,-25.843407966114746,9.601450879555232,0.098829120026012976,,0.409341508640095,0.8518518518518519,False,2
0.57300904881188197,-0.81625963459374773,-0.073354201737772629,0.81632805148241161,0.56053851453612991,0.13930213955485474,-0.072588858254098221,-0.13970247905643088,0.98752927804843127,-0.25438935558815567,-18.99339160298311,-0.61075738672304969,,0.3566020755706154,0.2307692307692308,False,3
-0.99396084531055406,-0.10774421145851884,0.020809201971934879,0.099467509719602193,-0.96470093664960266,-0.24384076225594126,0.046347087283966901,-0.24029833067368486,0.96959200686460445,4.2305659700625986,-10.809428779371364,-1.3025382710702731,,0.1722832650514033,0.1176470588235294,False,3
-0.67021023182275208,-0.74210303085779561,0.010066615705721371,0.74215978671374727,-0.6700626123967216,0.014661052250304438,-0.0041347484927459141,0.017297024592529443,0.99984184589121261,5.9471542416845224,2.4179461883294029,-1.7509919204325759,0.2069643803367129,0.1625383041300173,0.4081632653061225,True,5
0.16031667563922536,-0.97013784850739748,-0.1820195550083139,0.98479032685300516,0.14469046144403591,0.096190864970967904,-0.066981905383009382,-0.19467209676928326,0.97857866269948479,-9.957994864606853,17.519690936705437,-1.2587780250371148,,0.6894050414175219,0.25,False,4
-0.24087444007608139,-0.97002709900830308,0.032045768949575476,0.96946386314763022,-0.23890600410844251,0.055351054658510049,-0.046036096369119053,0.044399869261880998,0.99795256873291371,7.4261376493061073,3.2742519206178522,-1.8680244380697923,0.4032817543289778,0.3291845307896906,0.8836363636363637,True,5
-0.64079161989076405,0.76006559681155406,0.10810360040843726,-0.76363405804408624,-0.6455341793204753,0.012192158306163853,0.079051409050644492,-0.074738958198099864,0.99406486853452924,-5.6731314196407983,3.3016201429693375,-1.0616124025454037,,0.07284221179624506,0.2435424354243542,False,5
0.54916164630758857,-0.83327968947976894,-0.06376868608681896,0.83200164338721205,0.53794062541689291,0.13562134392145281,-0.078706744474140194,-0.12753369212322932,0.98870643051802787,2.5675290092602236,-12.671356890119542,-1.171736665164556,,0.1027673351494255,0.3125,False,1
-0.95544180564575709,-0.29341101666785291,0.032263467301439211,0.29341913483634058,-0.95597288118816237,-0.0045893076488925932,0.032189553216340039,0.005081902275687002,0.99946886241292776,15.839359414482233,-5.802020974199845,-1.9344278916891036,,0.09475578670225579,0.4230769230769231,True,5
-0.61243274694410865,-0.79036963538066018,-0.015555382950505972,0.79023240090125679,-0.61262253269420075,0.01504609587831459,-0.021421555413413122,-0.0030776457863762041,0.99976579510407571,16.397315253688461,-22.368384370485558,-1.3706455433131848,0.4552992248410856,0.3221736576527769,0.3571428571428572,True,4
0.76485398623175005,0.63537586195539686,0.10628214238450025,-0.64419552662765966,0.75519329120291179,0.12122382767025247,-0.003240866907928068,-0.16118500850436232,0.98691888715088161,-5.476578705848798,18.085269913291235,-1.5917720063388416,,0.208297592677175,0.4444444444444444,False,2
-0.47657054518463704,0.87467340080168166,0.088470093209171652,-0.87572032456445159,-0.48117149911383617,0.039848482847861161,0.077423695385524099,-0.058484445543797198,0.99528143809793079,-8.9405634150746192,3.4213214753385421,-0.8423378948217215,0.613967686317995,0.4416418979898218,0.9675226586102719,True,5
-0.99824743107616232,0.044380558822463431,0.039146294185363473,-0.046377158963837838,-0.99758714954209204,-0.051662735070120078,0.036759018978804098,-0.053387686474395429,0.9978970535363989,-6.4641929677213685,9.9120209058171689,-1.1984392439799663,0.3882766018300746,0.1305252828961117,0.2758620689655172,True,5
-0.99014772296343745,-0.1345671456892269,0.038719116872349406,0.13364927819020944,-0.9907030788216572,-0.025402363128772115,0.041777471794692211,-0.019977309987692236,0.99892719951761255,-13.38765152139697,-7.8507778341103291,-0.36429824070896688,0.4806293809919417,0.1811699185122179,0.2708333333333333,True,3
-0.82102909899550036,0.51614657117454599,0.24393428555124502,-0.56561762995703257,-0.79337121507862274,-0.22503069072119741,0.077381621102341175,-0.32273027770791701,0.94332245418316252,13.766715955761171,-9.7727167284622585,-1.7092826421244287,,0.1580474166585939,0.3333333333333333,False,1
-0.09361836125340664,-0.99166688712009432,-0.088500776413370522,0.99427401839146523,-0.097723085139810068,0.043236269293800964,-0.051524545489652816,-0.083946313917289933,0.99513729585006772,-5.5149136912107899,17.149572080978515,-1.5425145816231729,,0.1694207405312332,0.1923076923076923,False,2
-0.98415781051226592,-0.17068464102644393,0.047959955435516947,0.16856485539135221,-0.98465115987803986,-0.045254644819324577,0.054948098553046491,-0.036453349208333097,0.9978235614560822,1.504517915844098,-5.3958358528471306,-1.3488506305287555,,0.1580260862589732,0.3888888888888889,False,5
-0.92257030615758129,0.35799964385234345,0.14387593682718874,-0.38178445517087128,-0.9009053481201803,-0.20642234258514108,0.05571947582476864,-0.24536871995030568,0.96782722181377034,7.077427755874357,-20.63175738200167,-0.98032459764316826,,0.3326792493014166,0.5,False,2
0.83488921679944184,-0.54995099507762624,0.022669333584022965,0.54518261914481136,0.83191337848915214,0.10342167313077313,-0.07573577394084384,-0.073986713022633988,0.99437923290950114,-12.242320186363399,7.4554841141733803,-0.74134279504557266,0.4997534481283587,0.4692081722658646,0.9595959595959596,True,5
0.81616914490352488,-0.57222194661901926,-0.08018709818286536,0.57516336556104186,0.79129002434678042,0.2074781923137124,-0.055272324213330504,-0.21545798007224237,0.97494760320708751,-13.010307390898955,20.678030096449081,-1.197773627141534,,0.4683153444175594,0.125,False,3
0.15005474338985308,0.96054735842353067,0.23416307610676029,-0.9883705862159452,0.13983720502634731,0.05974228312984161,0.024640582163418894,-0.2404045097663402,0.97035999164982656,24.464101383748702,-23.307824092257931,-1.7127317079176074,,0.3207760154434649,0.4230769230769231,False,3
0.074920637648962882,-0.98701222000685551,-0.14210480502576928,0.99588960651520053,0.066785398244338601,0.061184983585392143,-0.050899800483620805,-0.14610471634579159,0.98795881603042734,5.1589152139161767,-23.122356322288006,-0.72958232435791082,,0.5505773092276001,0.1578947368421053,False,2
0.062052900357396003,-0.9979178823934497,0.017587994672738222,0.99594807436465405,0.063060431371326747,0.064115639001728869,-0.06509124923192762,0.013538168067924357,0.99778747600818885,-16.192742358864745,9.0844185594759601,-0.53095031540709503,,0.08300737706099154,0.4838709677419355,False,2
-0.70092906168670899,0.70854325458934564,0.08163888080398754,-0.70867824841752225,-0.70478983324837119,0.032348588371143079,0.08045862727428682,-0.035181633357061856,0.996136869095541,-6.4265180350132445,4.1252455756834561,-1.0414999828496128,0.09735557536615494,0.1003868845476655,0.3271028037383177,True,5
0.80296220055697676,0.5846079323022868,0.11612609511191715,-0.59598377998750396,0.78993870705436331,0.14422265109575177,-0.0074187915797382653,-0.18501460641399475,0.98270776782570057,-29.173500394915795,5.5360037149805201,0.47552586661841034,,0.2157784162923341,0.5263157894736842,False,1
0.5507414098468425,-0.822289473734368,-0.1432617215643075,0.83084576103427865,0.52365478668523524,0.18836397148343337,-0.079870024735710823,-0.22276823329931447,0.97159409908738126,-15.788675285417852,-19.718897141360543,0.54940557519661337,,0.2267220996692665,0.3928571428571428,False,2
-0.50833153949255583,0.84789873043057351,0.15055493645626089,-0.85737201595272705,-0.51468328992500811,0.0037864671034877548,0.080698650659623339,-0.12715680872918531,0.98859439295169194,9.7527368409779704,-27.497392956527001,-0.76303671628130842,,0.4544140017702685,0.2222222222222222,False,4
0.97864709918229564,-0.20324608142449513,-0.030673859353946328,0.20408813862745703,0.94306512062282732,0.26263322321487131,-0.024451726598710314,-0.2632854129081974,0.96440805907878135,27.028071899701139,-9.2312625691249828,-2.3030576421427811,,0.2500503122226895,0.2666666666666667,False,4
-0.98831571444981914,0.13852089076559571,0.063592541960916141,-0.13987771794718368,-0.99001619139349673,-0.017382888154885562,0.060549753041883793,-0.026074961173950462,0.99782454560225442,-10.789146684285299,3.2971974940273001,-0.72780807813878867,,0.09211871325853252,0.359375,False,5
-0.86137650172197444,0.50270330519516115,0.072937707854532061,-0.50332830777417237,-0.86402670044236252,0.01088464587714346,0.06849187451369923,-0.027335834879212238,0.99727710053778706,-16.741967364291408,-4.5562732330637532,-0.10877836250975748,0.1217994965907911,0.1258132485319851,0.5849056603773585,True,5
-0.64882917226490655,-0.756136958076156,-0.08530888493805644,0.76085768404507392,-0.64626283005246077,-0.058650994212815027,-0.010783777056467922,-0.10296239665005193,0.99462679183122493,-23.342073783579433,10.020540126148134,-0.093101108444571118,,0.07684242170542295,0.1578947368421053,False,2
0.51840349436904065,-0.85510602438893413,-0.0071766342889982085,0.8515291191947133,0.51542864075504435,0.096080567509157999,-0.078460029247014382,-0.055919615012601266,0.99534768823130271,-24.556719748101095,8.0799160711365445,0.079904231959255473,,0.07766049952868462,0.3636363636363636,False,2
0.0690516631451389,0.96730805032870959,0.24402254729053879,-0.99552012620430208,0.05097725810500317,0.079630380372498338,0.064587507608384706,-0.24842796727697325,0.96649469679640254,-24.017188293756348,-8.7129221203841389,0.60157989674798895,,0.2343855959358112,0.25,False,3
0.97881366104440959,-0.20474496797215194,-0.0018207259327875439,0.19457390548958742,0.92734695749422791,0.31963825761120679,-0.063755880163079592,-0.31322055889785,0.94753789857100168,27.913519494239438,-3.35762885431045,-2.5689701021679201,,0.7367221230975585,0.4,False,1
0.77439889503768644,-0.63269155167175906,-0.0027842068154838931,0.62714475459408425,0.76701314864124126,0.13557391562013127,-0.083640947803904298,-0.10673439115219807,0.99076332269409018,15.404074021408041,-18.671893496973123,-1.5257100260837237,0.2745531051407537,0.275839404508102,0.75,True,5
0.55878097608976396,0.8166196557452633,0.14455503661463395,-0.82908717634052154,0.54598763811211204,0.12046556792900839,0.019449287592910619,-0.18716259476520664,0.98213638988323992,2.1215026494877511,8.8358759498190604,-1.7485030423123413,,0.1535908981730436,0.3010752688172043,False,1
-0.21959778721082265,0.96968969583222653,0.10713872151987383,-0.97181778588266421,-0.22707414064616663,0.063305021064053515,0.085714659739309099,-0.090217672584742489,0.99222667201560644,-3.7415771282754244,15.42409662314072,-1.5926411676805006,,0.1423764735234549,0.3061224489795918,True,5
0.93805881203373365,0.33788270233224804,0.076687317272924438,-0.3452663755016635,0.93007832588219219,0.12548082591425438,-0.028927411114807417,-0.14418594657190592,0.98912770545433559,-18.993904971254885,8.2977745878370133,-0.30914438313973652,,0.07461636604410443,0.1875,False,2
-0.16643231422193583,0.95999731691009416,0.2251786764064283,-0.98347631625109733,-0.17810898995529079,0.032427196460344074,0.071236368211065049,-0.2160609618198675,0.97377771622766729,7.7416757675054235,-9.6245373062051645,-1.4671469400358852,0.3550107502983686,0.3641663906041474,0.3278688524590164,True,5
-0.3586464817932597,0.89775577252024485,0.25574845845849281,-0.93050396911277899,-0.36566214024176125,-0.021297010569068964,0.074398014507657317,-0.24561305360341265,0.96650874974669809,-5.3394500072757163,-12.955059846621829,-0.93402512868049004,0.4649726663127989,0.3052736989332471,0.4343434343434344,True,1
0.52376731031228718,0.83567957432371376,0.16524967082075923,-0.8515601675279757,0.50847804784533035,0.12765326450635073,0.022651395717676482,-0.20758064437114282,0.97795561778359985,6.8672379677552096,19.742494082764232,-2.5432084108864306,,0.1799538824619986,0.1818181818181818,False,1
0.30112846766230489,0.94645205710447067,0.11640510970772447,-0.95308009170066277,0.29475231518208322,0.068988488160401776,0.030983620950563541,-0.1317177903607446,0.99080292638610756,14.971835535026102,-4.4063471323482881,-1.937307611039216,0.3263288441185414,0.3680680300186814,0.7891156462585034,True,5
0.71987847828591567,-0.6940761386186769,0.0057697747739034952,0.68852033730915074,0.71511869539936579,0.12060263928290421,-0.087833487989761358,-0.082846637170716456,0.99268409531786883,-16.115535886535117,14.620189266871316,-0.74181759737429498,,0.0817744771919289,0.3125,False,2
-0.98198751524232752,-0.18595036393546641,0.033510924494387917,0.18428496129793398,-0.98173041803509087,-0.047375514182604661,0.041708188016502994,-0.040346604031997357,0.9983148694652737,-8.6926107704263558,-8.7027290359177805,-0.78810848940396661,,0.07862158775794793,0.3571428571428572,False,3
-0.81066146449390453,0.58187856010307959,0.065156206741681225,-0.58035594185993267,-0.81326777190520361,0.042219804928688667,0.077556242382340129,-0.0035878228374511649,0.99698152279509122,4.1923745029167137,10.625453621052415,-1.9521307013698095,,0.07576808376753096,0.3684210526315789,False,5
-0.79590255356831763,-0.60517254772058382,-0.017473199730156562,0.60520582615754748,-0.79450725577603443,-0.049841032334778657,0.016279840551828767,-0.050243487186036738,0.99860430541180578,-31.811304110720933,-0.33903529714639685,0.90388541832662939,,0.18563006876744,0.1666666666666667,False,7
-0.88924809517729875,0.43405967148410829,0.14432611272619472,-0.45180778988226999,-0.8827580888788118,-0.12887155435055067,0.07146709890043712,-0.1798064462418863,0.98110248988809501,20.507361441689348,3.7385290903878148,-2.5683103305229826,,0.4202733318727183,0.2727272727272727,False,6
-0.98126793743986895,0.17549583077884617,0.079463503142944467,-0.18045576231974031,-0.9817385462418794,-0.06020917428833783,0.067445924992601103,-0.073420979305131903,0.99501779230311682,10.667371778400218,16.444532092662879,-2.7100492795322926,0.2414825196561422,0.366736597657777,0.9108910891089109,True,5
-0.89386342260297835,-0.44556222237121085,0.049824569522654863,0.44446918548963787,-0.89522882825486694,-0.031819619915971334,0.05878201155683685,-0.0062969085309097679,0.99825098249903377,-1.1653129368158799,-6.5555411407354187,-1.2374976747300797,0.4847461968212596,0.4265062131993821,0.7431906614785992,True,4
-0.40468977729947025,-0.91342451223003862,-0.043380232901898623,0.91406541858474144,-0.40544523814021222,0.0099282131791004896,-0.026656982139923846,-0.035634524365345734,0.99900930224720585,-22.051078343726292,7.1552692509208065,-0.064741518063525239,0.9035680489903013,0.794519819259874,0.8974358974358975,True,3
0.81362105395664652,0.54895448662473634,0.19149347814755427,-0.58132806629636402,0.77315101645922402,0.25356495239720916,-0.0088577590058580916,-0.317626317175767,0.94817459507347768,8.1031097773831107,8.0966362950118835,-2.0868781533614822,,0.3271114217753963,0.1904761904761905,False,1
-0.99355749412338623,-0.10417890217291836,0.044612354940123319,0.10567749900738435,-0.99386399037565354,0.032659375960477854,0.040936195167630751,0.037163489833827883,0.99847038160807211,10.898209622979602,0.91159065684526952,-1.9569865951330776,0.5133022563355084,0.381220748019381,0.9108527131782945,True,5
0.99590504385847822,-0.075338489801185654,0.049972548181158663,0.071069165050936828,0.99406906658992211,0.082315640239280036,-0.055877700348209387,-0.078427054028036292,0.99535264092696218,-7.2023233621037992,3.6067449994549459,-0.97123052769777807,0.3175229237883878,0.2939772163779714,0.8451749734888653,True,5
0.5939601468994834,-0.80419401084884679,-0.021984922332989439,0.80197484865497426,0.58971764066074328,0.095233641211265541,-0.063621427365107452,-0.074196342284306604,0.99521214661581314,15.533895504135407,-21.640370370354038,-1.3728617264394394,,0.1783893869755687,0.1666666666666667,False,4
0.54673458298280875,0.80200271337658713,0.24056796026737604,-0.83728791730515206,0.52178443671610386,0.1633705761012644,0.0054990276790554127,-0.29074499021900579,0.95678477797106221,6.9201981472082377,-6.3379463998745154,-1.5554156117986933,0.2215927612980474,0.4296438321641984,0.4459459459459459,True,5
-0.91578598915002118,-0.39725514174010718,-0.059366442015370911,0.39936279818442699,-0.88472621133425566,-0.24035158914481591,0.042957857288529917,-0.24381936621027678,0.96886879357217248,-14.487012236150663,-26.237981673337099,0.82076311352352471,,0.3490431393394611,0.3846153846153846,False,2
0.66378980513615271,-0.74787270952460239,0.0083369626146230918,0.74248768666564513,0.66026927676991898,0.11294475332491588,-0.089972938971707744,-0.068781483715147293,0.99356629257978335,-5.9364250739427806,-13.459836770191361,-0.83838485324141832,0.2193496406509133,0.2296701745408224,0.2926829268292683,True,5
0.88330351523475781,0.45910172016818696,0.094871020404177553,-0.46810940276796992,0.87474292733119585,0.12529324851827917,-0.02546540818704579,-0.15508198355276567,0.98757333467606623,17.946262890313726,14.495348897651978,-3.035040202922457,,0.3019466220275051,0.1935483870967742,False,5
0.60063226835223194,-0.79887480575437397,0.032247836283446206,0.79557710731828224,0.60118328003463584,0.075071500037439232,-0.079359590001000874,-0.019434725048434118,0.99665658425415793,-14.44839087212365,-0.91640968073009665,-0.35658194168882318,,0.08382840514868736,0.3963963963963964,False,5
0.74327098921281087,0.64242802226332418,0.18663995500814484,-0.668990453136175,0.71371708234826481,0.20750831303091197,0.00010103100562307288,-0.27909525717058187,0.96026341553639427,-10.5508612262676,-11.752971756298738,-0.45548899195919906,,0.1722653736009386,0.2272727272727273,False,1
0.86266625171890854,-0.50577217154251297,0.0012035939595029937,0.5014589335149946,0.85561474289572392,0.12830568864040368,-0.065923259501125514,-0.11008143455031294,0.99173393691256317,9.6061133754541359,2.957015210287377,-1.979862596332796,0.2869833483293785,0.210305846366602,0.1764705882352941,True,4
-0.76644357558849285,0.63873560630424608,0.067683607160616582,-0.63776948176133941,-0.76929620343290828,0.037860791296347493,0.076251777507137769,-0.014148378806782241,0.99698820946094513,0.94128386964287114,9.6778510555857018,-1.7150472984877305,0.2639361642995926,0.2893184559076805,0.6607929515418502,True,3
-0.98698888888928116,-0.160592830498026,0.0079294389293554854,0.16046884055397162,-0.9869363185732275,-0.014368517403993558,0.010133332145256795,-0.012909139156316694,0.99986532578436615,-22.388704655648972,4.9133423673808601,0.060263285282204766,0.4367793846430681,0.1449545826095003,0.2857142857142857,True,5
-0.64798955988124873,0.74825076964954673,0.14223331537922893,-0.75635628970432667,-0.6541440662886111,-0.0045501169332790165,0.08963645078655777,-0.11052749096158254,0.98982270151382512,-0.42949207707485787,11.955634125783934,-1.6913013216344013,,0.07270977601817065,0.1666666666666667,False,3
0.93884363271410121,0.32794299146932393,0.10500489349711627,-0.34363186115362593,0.91187737910335398,0.22449229269552506,-0.022130913046799615,-0.24684618657323643,0.96880193169809803,11.498943969145687,8.7929930920105743,-2.3695792413970262,,0.2719117999076099,0.3846153846153846,False,4
0.59948978849206436,0.77516364347905586,0.19933218335736991,-0.80035892307073719,0.57867611669049046,0.15671485645293715,0.0061308853186763795,-0.25348624775377865,0.96731956169867683,-4.9395184962729894,-12.882506621174494,-0.95994693313974744,0.4766306305667394,0.4899006016375004,0.5660377358490566,True,5
-0.92693338242410583,0.35751814210278265,0.11390909803514888,-0.36838682939504214,-0.92478766258334633,-0.095178374969838567,0.071313732731323909,-0.13018662450883989,0.98892153092291379,-19.272002428490886,-19.151110598494071,0.73690914656529261,,0.06751803580182372,0.2222222222222222,False,1
-0.75611325346640401,-0.65227999999924846,-0.053137082470057773,0.65442007097043842,-0.75423899547654594,-0.053459409027569543,-0.0052075563843078862,-0.075195340969444052,0.99715522465310935,-21.251076747534945,4.141967694892414,-0.010252306638539571,0.7944422001769218,0.4846459572774232,0.7710843373493976,True,5
-0.03547752059594645,0.97223473399889149,0.23130276163173843,-0.99853878397200835,-0.043926016488276994,0.031477007150845407,0.040763248595603124,-0.22984805215963047,0.97237247517726277,3.6023015953050259,-25.103938520902535,-0.49825530546595209,0.3765600154671785,0.3937046062279711,0.3846153846153846,True,5
-0.94768928954298859,0.30352116797649353,0.098792262225799024,-0.31209544346460161,-0.94602547903905787,-0.087362618879899753,0.066943593077601324,-0.11362523310913897,0.9912657876406078,22.638913300546861,-26.020776143896352,-1.4319951905932904,,0.1735004352744256,0.1333333333333333,False,2
-0.56737510102456834,-0.82345681148370675,-0.0020914967005828955,0.8231181982638226,-0.56721124837281955,0.02734650628995617,-0.023704987329251689,0.013794177773074325,0.99962382636434077,29.650141874811421,-4.3485382167736946,-2.5974655810530836,,0.1882177796805943,0.4210526315789473,False,4
0.87123168651449023,-0.4897197395666375,-0.03361435841868414,0.48320927469421332,0.84356556745009414,0.2343201448063971,-0.086395284955877505,-0.2203899046948008,0.97157817217453335,-3.0180255122986455,8.3379743261544927,-1.4002862026205813,,0.08364895343047848,0.3333333333333333,False,9
-0.8888293343109277,-0.45611335375610024,0.044079734501859397,0.45550021231075716,-0.88992117700304141,-0.023661261724087487,0.050019706648950689,-0.00095249508297857305,0.99874777681848625,-17.714079912460139,6.9397942998474713,-0.33545117032593158,,0.09964149158157912,0.3636363636363636,False,4
-0.95273368540319525,-0.30039154148643671,0.045425174754171724,0.30131239702437512,-0.95340996821858714,0.014841559919935798,0.038850535356285798,0.027827222370083414,0.99885748813216357,-10.445771705478492,-16.456224963122011,-0.10659164796415387,0.2458867316630469,0.09368595569925604,0.4883720930232558,True,4
-0.98333571909511674,-0.17869823271351062,0.033433593536407964,0.17738365039346915,-0.98337393694034869,-0.038868248217879667,0.039823411767166042,-0.032289963944036659,0.99868486225821795,-5.3433537335925267,-16.614013334847758,-0.57647879341711161,0.32622463768095,0.1354427891701706,0.2258064516129032,True,3
-0.98812366545508346,-0.15263122914969204,0.017757523922705805,0.15032807157309205,-0.98415370372726951,-0.094037005146985847,0.031829116618696814,-0.090250735887044714,0.99541032343808933,8.130596874511653,8.8221086261676156,-2.1276554553328642,,0.1943007843574583,0.1481481481481481,False,3
0.97480614564249402,0.20916114572139735,0.077489312412331743,-0.21703156648677524,0.96959265214291979,0.11308133382107752,-0.051480846592883663,-0.12705000602506833,0.99055944718280731,-9.5950577974517053,-6.4028041939354878,-0.71220568313327637,,0.09878364292868244,0.6125,False,5
0.84595614365650895,0.52216138096046538,0.10819286133229075,-0.5330483955668962,0.83365683645631317,0.14448421025568958,-0.014751643751340939,-0.17989933647212855,0.98357440884943825,5.2536881741118089,-36.232855549987192,0.022296290622904752,,0.2059427810954492,0.3636363636363636,False,2
-0.66241276837072438,0.72429836878113374,0.19131439381400542,-0.74264963192360112,-0.66844122033683595,-0.040716816652825505,0.098391302985433915,-0.1690509033858994,0.98068391623460316,4.7552523687187778,-20.40639446364235,-0.82803811713711117,,0.1733218506386653,0.4,False,5
-0.7678570928503563,0.59447763645037954,0.23872960587193459,-0.63314650633550218,-0.76099523033960959,-0.14146293124176534,0.097575542399449863,-0.25977413104605851,0.96072702385470465,-11.169243998583333,5.2125511639105122,-0.73490980867574129,,0.3712461497805107,0.2222222222222222,False,2
