axis_00,axis_01,axis_02,axis_10,axis_11,axis_12,axis_20,axis_21,axis_22,location_x,location_y,location_z,dbh,dbh_approximation,score,reconstructed,number_clusters
-0.82376136124257759,0.54838210019998546,-0.14385510732688189,-0.55071041058388848,-0.83426855387216503,-0.026721221801635844,-0.13466723208821349,0.057210595175196041,0.9892379311376005,7.6810702455413127,-25.939377759720294,-0.32445476325557504,0.2737815651886147,0.2764570056384018,0.9,True,4
0.040614667314419317,-0.96369984242408857,-0.26388077328733978,0.99904789338047695,0.034957203284127436,0.026101736926543721,-0.015929705928526924,-0.26468964401792822,0.96420207260651136,1.3834636293839513,3.9420099535314552,-0.77882162447893177,0.4669954061710049,0.2845966817570144,0.2598870056497175,True,4
-0.98369276557305874,-0.0062132214627096394,-0.17974965601714196,0.022682957474855346,-0.99570901498279751,-0.089716447333696298,-0.17842092478019342,-0.092330673998630181,0.97961268889267561,-21.996207158841646,-22.914800440110518,-3.8321562956655657,,0.3496340704167153,0.7906976744186046,False,1
-0.081650036885376892,-0.95739998681030924,-0.27698111259116254,0.99507169286683461,-0.093997109540229662,0.031573239510955108,-0.056263643072153285,-0.27303810842756693,0.96035649308709703,-27.538433083737669,13.077454593596437,-4.8825264419127219,,0.2681172192430759,0.25,False,1
0.94279054823665365,-0.23170123112564719,-0.23970924398213989,0.27878989367559048,0.9422154967066052,0.1857583186570082,0.1828173332591376,-0.24195970172899683,0.95290782628711412,-25.168182886710927,2.1681092310881973,-4.2713236556253502,0.5879092505105409,0.3346042154289516,0.3777777777777778,True,4
-0.97553098603596777,0.1726158195295712,-0.13617295668313384,-0.13919033777378378,-0.96431090832770527,-0.22523437115728093,-0.17019208311232376,-0.20076914834787332,0.96474162547158582,3.8648130959389304,20.183232969010362,-0.44637181359253447,,0.3695638214877897,0.1363636363636364,False,1
0.61087296997263585,-0.76246585050372306,-0.21326050120086223,0.79064622483521885,0.60157056877162218,0.11397981374612351,0.041385525375729967,-0.23824079752095101,0.97032394626019314,3.0759786506476292,-5.8598160401990711,-0.59144947839464945,0.5120557021728029,0.385209717153243,0.45,True,5
-0.67230566097606603,-0.68937512023754155,-0.26975366877395435,0.72491033404581307,-0.68694051735798012,-0.051163788029589485,-0.15003368226208713,-0.2299449264702835,0.96156914726786746,8.2305359426705582,15.021928948747487,0.16452910515160565,,0.0734319938732311,0.4117647058823529,False,4
0.97979342231197908,-0.043837925142669057,-0.19514888140433662,0.08480674463857539,0.97469226452552171,0.20684004819646634,0.1811426665862727,-0.21921046004535188,0.95871482128353391,-7.5127684194596061,-19.806381055601445,-1.9203117428742611,0.213087604116657,0.4059539669463609,0.4935064935064935,True,5
0.97688920289579306,-0.069692628755574151,-0.2020653922935797,0.11312063738386496,0.97067983790999701,0.2120951995517307,0.18135933023555384,-0.23005127639758499,0.95613032770870332,-13.323464749197626,13.756496380187929,-2.7684239528292864,,0.45653340620322,0.4909090909090909,False,4
0.74658597335651189,0.65874901610560499,-0.093054382847910122,-0.64246204526422346,0.75020709884444492,0.15630684322290761,0.17277703777475445,-0.056912587564589875,0.98331533731274778,6.9388517158458027,-21.809505478062185,-0.439079245612086,,0.1864990747148417,0.2121212121212121,False,4
0.25658920729213824,0.96558416258608759,-0.042534734795422885,-0.96264456654044606,0.25924991736330405,0.078133980170460582,0.086472060293195513,0.020897495305534475,0.99603507843780614,-13.654724453583025,1.9324310349061764,-2.7019075829838299,,0.1673950229685731,0.2356979405034325,False,1
-0.069096329162578879,-0.95178148125032858,-0.29889414387904151,0.99584888271230465,-0.083600569432925306,0.0359992720918587,-0.059251161143977514,-0.29516598167712227,0.95360701715311935,-14.811585165021642,9.1224458742423877,-2.9343614652503978,0.3523044748109437,0.3095179027235419,0.8703703703703703,True,5
0.89323118768724075,0.43923363089404244,-0.095978449844104308,-0.41125502239068545,0.88448430305840375,0.22035613039288626,0.18167925556121706,-0.15735734852534194,0.97068600121965087,1.2994671423844946,-5.790073028609295,-0.77288161545265022,0.5160405989615209,0.2103126999367447,0.2166666666666667,True,5
-0.61077833677865701,-0.7349100814347993,-0.29471510909248411,0.77391023898216049,-0.63276100350982578,-0.026008737682058025,-0.16737014465093039,-0.24396861405257758,0.95523115005572967,-17.407573737985928,20.017753497105158,-3.4431215595861757,,0.2022068441662007,0.2941176470588235,False,4
0.96334887707560501,-0.1999709872413756,-0.17880309085381796,0.21266857584249288,0.97559098843959424,0.054720198506398872,0.16349623202476229,-0.090740440472610956,0.98236202826480434,-4.3082319881896476,-3.7708658568959077,-1.4894177966231816,0.3434925704154358,0.3309410115559907,0.9557603686635945,True,5
0.97840155486468017,0.12017657298562925,-0.16819033487036239,-0.090095473803107798,0.98020830075247145,0.17627958683904632,0.18604623897990638,-0.15731903394497776,0.96986469083065885,-7.2383507009954959,-16.380940992734427,-1.8803638341981435,,0.2515552743663936,0.4047619047619048,False,5
0.86040231207626783,-0.45688031844258892,-0.2257614581668218,0.49261636517250701,0.85910228548154044,0.13882499718933855,0.13052577576110533,-0.23065913747387326,0.96424031452836967,-5.3477433715144116,-8.0753915177660964,-1.5293707655464286,0.2563028816042606,0.1459705885979732,0.5107913669064749,True,5
-0.75643687013980165,-0.59054833071874235,-0.28116886488088733,0.63467186993114211,-0.76663282960295998,-0.097291942590666453,-0.15809768819058526,-0.25204518178347451,0.95471375151326243,7.4175306816873565,11.366339261977979,0.14316463993743206,0.5364972909391122,0.1540188198691043,0.2692307692307692,True,5
0.16377651850793648,0.97783569156792849,-0.13044007160872878,-0.98382919987649775,0.17161799542542802,0.051257868825456306,0.072507637223877527,0.11993591598027896,0.99013030385004497,-3.0722614280780518,-9.779277382696753,-1.3201820692475217,0.5530665335138824,0.5386069568193038,0.9334719334719335,True,5
-0.96041492636998549,-0.1512982359934259,-0.23390599178091326,0.2108365848515423,-0.94357969593561664,-0.25535326883787468,-0.1820744454718275,-0.29456103137266321,0.93812722756713529,-16.17073020079059,-7.5447323428070989,-2.9015425712432776,,0.113468455645917,0.4375,False,1
0.96926715076338765,-0.14001952833879053,-0.20227635090342699,0.18032414860817814,0.96367723334220756,0.19700099331385029,0.16734512804309357,-0.2274219022471024,0.95930958845335723,-16.818631924692539,-13.238920300033296,-3.1008691931793271,,0.1895511701466534,0.2105263157894737,False,1
0.70703754984775602,-0.65931744131396486,-0.25573113749500365,0.69991084249280622,0.70411871348012267,0.11975662774188191,0.10110744614662373,-0.26366142855242158,0.95930179580119845,-3.323493119818163,15.681319826524764,-1.4562157041902257,0.2137716126991485,0.2865267962909567,0.4680851063829787,True,6
-0.20277271696465565,-0.95651357343639831,-0.20967834672827421,0.97583769569347989,-0.21518133705682768,0.037918120286668598,-0.081388063734247756,-0.19692327443541729,0.97703490575681207,-12.63307535890784,7.4338204737368887,-2.6318780696651527,0.1568781286717803,0.1800442056412963,0.6968838526912181,True,5
0.41501908260020393,0.8956352124107434,-0.1599897726970318,-0.90299341162924984,0.42697954836320096,0.047868192296402004,0.1111847994640161,0.12460349742089805,0.98595735648081007,3.1829212190098839,-7.7952898552549632,-0.50330952597386858,0.2759218293287783,0.1236481858703493,0.5135135135135135,True,5
0.2262668541809085,0.97401984216533743,0.0094158253640558853,-0.97230540257529685,0.22526665595664114,0.062266667142240169,0.058527897809213782,-0.02324394076578154,0.99801513234805783,-7.039314821356319,-3.6315650194537388,-1.7981647152471294,,0.1584726867524519,0.3333333333333333,False,5
0.93768786823409855,-0.29425396916158103,-0.18481359094841068,0.31072376900499016,0.9481416817024868,0.066918538490563312,0.15553842336196136,-0.12017467724539452,0.98049265464206303,-4.3108334523513028,3.4578019471913728,-1.5492852641241748,0.2342774661787995,0.2096655963190566,0.8347613219094248,True,5
0.70639596230421664,-0.62347834966518545,-0.33508132138195323,0.7009735312891211,0.68188074844053359,0.2089850552987868,0.098187844829994153,-0.38250933636311912,0.91871962791848905,-29.68661380613684,12.845957658118758,-5.2485020243208274,,0.4130496050070117,0.25,False,1
0.85791843755196306,0.50857715275510285,-0.072974202317737241,-0.47898377232715211,0.84308201192437249,0.24451434930654301,0.18587764888670255,-0.1748199098073899,0.96689580554436527,-10.321836939698803,18.789941821140111,-2.4625840127214373,,0.45825216217113,0.3333333333333333,False,4
0.087572874609096144,-0.97626254095100962,-0.19809705391190929,0.99584808683699466,0.080836146739529116,0.041858157190719267,-0.024851148379846845,-0.20094021129725059,0.97928823739898929,-2.5349943238993013,7.1604192019482591,-1.281688366717882,0.6004788634575969,0.6398196271388471,0.8603238866396761,True,5
-0.26157492389804871,0.95694224730300093,-0.12585743726300933,-0.96507037669504536,-0.2613047345280109,0.0189473939878139,-0.014755582449152434,0.12641744752971418,0.99186738112847461,-1.1562618630892401,10.972514148276998,-0.98605740662920816,,0.07588852142756412,0.3333333333333333,False,5
-0.80608957555790328,-0.50769323805003497,-0.30408415317991921,0.56158967217056266,-0.81829935427082523,-0.12248757860007523,-0.18664575079073836,-0.26950648014142414,0.94473785828320711,-10.827703369331232,-17.375475523900427,-2.3284319454715043,,0.7300855038852755,0.625,False,4
0.54167137809267252,-0.7828738431050668,-0.30610564179232014,0.8387624386379221,0.52738433174651012,0.1354375803034486,0.055404780347467507,-0.33011257535905869,0.9423141715502632,-4.5094103001054506,-2.3479658291520233,-1.4262004356987681,,0.1922689092704945,0.3408071748878924,False,5
-0.13067236542945043,0.99114874521108676,0.023428567595136979,-0.9911345338418055,-0.13117010512732458,0.021136209382792519,0.024022255082710373,-0.020458943945725755,0.99950205746329823,0.65173725751918377,10.718849332224508,-0.72131335269487751,0.2648300170678843,0.2127996487345377,0.3333333333333333,True,5
0.94920520938106834,-0.22876170349313932,-0.21604988659742239,0.27097608411046803,0.94330045287154007,0.19171911081711157,0.15994196548748102,-0.24052513096818889,0.95737465448419778,-16.874741475990213,-19.917088445784781,-3.1208564585474137,,0.1159968753128552,0.2173913043478261,False,1
-0.47858564357531791,-0.84736734445384754,-0.23005296198230774,0.86909472124748266,-0.49446695462567203,0.013296476336757849,-0.12502058735807914,-0.19357431218126026,0.97308727172859122,26.320757910181431,-8.5049197458733445,1.8569392822506912,,0.1220814011225755,0.3333333333333333,False,2
0.21875491336776612,0.97566191796358515,0.015169367589971422,-0.97448804599633099,0.21763925077063059,0.054828867709007099,0.050192988431795878,-0.026776451587488009,0.99838053143712147,-18.635114168615118,19.037904735302924,-3.5901275637299666,,0.7365209215581848,0.5714285714285714,False,2
-0.86944592067930393,-0.43169573264965178,-0.24021362456404965,0.45518966340071421,-0.88899495170934373,-0.049903368307625026,-0.19200562842599816,-0.15273103891279666,0.96943646950450335,-21.51571670625615,17.548085549100868,-3.9571736059486167,0.2007245337604695,0.1971184783754228,0.2666666666666667,True,5
-0.14289321972635008,-0.93539581757026147,-0.32344426448508745,0.9880392637412001,-0.15395499973419491,0.0087333477310569674,-0.057964998593845934,-0.31832769676687928,0.94620692050370758,-5.0408049374686463,-6.1347919892595311,-1.4997786096426575,,0.1689196163669122,0.2278481012658228,False,5
-0.78358035976437079,-0.58533827962660057,-0.20828086372806576,0.59710130806247386,-0.80212724043204398,0.0078688034004665772,-0.17167366630214514,-0.11819893637695733,0.97803740405862516,-24.396378443870042,-0.048803235365835723,-4.1462958427839247,0.399599710678032,0.4111821196633174,0.3894736842105263,True,5
-0.96434065434172123,0.21781506068855211,-0.15034527502061099,-0.20664943336829994,-0.97458716889811348,-0.086463066726323215,-0.1653575340658579,-0.052311084450643884,0.98484538703862345,-25.719430863525872,14.980822514631489,-4.5825391710491825,,0.3224481663855113,0.72,False,1
-0.33875770298217794,0.93784804645810627,-0.075394034412219077,-0.9406197260036242,-0.33943876857350469,0.0039816381262420056,-0.021857486660272901,0.072265926576881426,0.99714587003751853,-38.398734889214545,1.5287783834123756,-6.4437990036412991,,0.38760735314628,0.4444444444444444,False,1
0.14133041717621248,0.98930846323540189,0.035978851449235488,-0.98952512261997838,0.14009444839705329,0.034836435412419486,0.029423543034719869,-0.040525425341800231,0.99874518522801992,-18.693063612305838,-22.16375443443458,-3.3654389905736615,,0.4177670823608254,0.2333333333333333,False,2
0.88802589185102121,-0.43063417439287888,-0.16113417777480377,0.45781546596750217,0.86060244803276997,0.22308838060500347,0.042602987256263644,-0.27187797682962034,0.96138824165467918,15.563777931440718,19.278740269153626,0.97546023510937774,,0.3124166155494936,0.1111111111111111,False,2
0.20874837007305319,-0.957327187565297,-0.19987189382242132,0.97796081045662875,0.20348466269184076,0.046761578889096489,-0.0040952659079766945,-0.20522828264521786,0.97870556389531005,0.99292349360466803,-17.889181441001696,-0.88907127469203451,0.1522026099776905,0.1570276523974358,0.7714285714285715,True,5
-0.9709005020753706,0.21048719667649035,-0.11422501961070469,-0.18157842059302901,-0.95800139657764161,-0.22195179956519742,-0.15614574039894422,-0.19475231498126264,0.96834396965371006,13.940809212857239,-11.455631658463576,0.68352037660170384,,0.1836087615230219,0.1764705882352941,False,4
-0.21506196664220237,0.97033698400664881,-0.11042865557846636,-0.97643615169641718,-0.21572049558344725,0.0060917522538850993,-0.017910671798649989,0.10913663571006443,0.99386538453736728,-9.5188358262840111,12.187107206228502,-2.2027252285146659,0.4861957269524101,0.4925718895252246,0.9806094182825484,True,5
-0.18779306706936433,0.98124916097863013,-0.043403318299582133,-0.9821755627803801,-0.18796583033799233,0.00010248118057429312,-0.0080577811911505086,0.042648923832644875,0.99905762669537368,-17.936839299647218,-4.062499668459747,-3.1427896613777233,,0.1174425009210635,0.3333333333333333,False,4
0.60680718218070351,0.78772030113619751,-0.10621568072469963,-0.78175629051325057,0.6156136301114602,0.099382899253097345,0.14367374811313047,0.02272851950496016,0.98936407277818439,13.760993661260864,16.242138415087492,0.74902212984301697,,0.2049210188459814,0.3684210526315789,False,2
-0.83721007970282069,0.54623688658990277,-0.026543288653918196,-0.53105088460769745,-0.82361072297194748,-0.19912391861101766,-0.13063016650597026,-0.15261271485100747,0.97961478085236486,-29.29447408837347,15.435012681814227,-5.1697942878665186,,0.3070631911390218,0.35,False,2
0.12728649703505826,0.9836041134264214,-0.12775404386228581,-0.99018283189256817,0.1335125187931604,0.04138075338511181,0.05775904342834598,0.12123264979422305,0.99094224732126202,3.9368920205639077,6.5994410581580025,-0.4370151923507074,0.2406503100905757,0.1892731320940586,0.6052631578947368,True,2
0.60267187448687387,-0.72700343393042965,-0.32901765720982484,0.79699101716537579,0.56898923057109896,0.20262421881850443,0.039899000741600271,-0.38434003505681369,0.92232901244206245,-22.175106596237661,-3.9309706414212164,-3.7406342932726266,0.5561242624558518,0.3362778700511468,0.9,True,5
0.74491717250475487,0.65165321095589634,-0.14299125413251615,-0.64854053282903279,0.75758136587459368,0.073930043672500292,0.15650425995912731,0.037663865049321732,0.98695888966268042,-9.0557427252177867,4.768433798890098,-2.0725879509234169,0.3215584690100946,0.2741218778906723,0.9034296028880866,True,5
-0.61701292791994644,0.78663571957387368,-0.022344830949216604,-0.78141151313228419,-0.61578476836222651,-0.10102062263416098,-0.093226036727780473,-0.044870521989087253,0.99463337081180714,-19.179801225742214,-23.413179402734684,-3.4446739461557692,0.4666034875226434,0.461395063951645,0.8703703703703703,True,5
0.88203748262613624,-0.41963133347791792,-0.21428817794291111,0.44975626276188385,0.8854001849356451,0.11741301726124249,0.14046061137917493,-0.19994013223830265,0.96968797052016631,-16.452062625806835,11.865936002429029,-3.1780515215583289,,0.1480407053378955,0.32,False,2
-0.34994478068584933,-0.89953332151738874,-0.26149274167866815,0.9323622954818771,-0.36150114674145628,-0.0041798167874830122,-0.090770041503227206,-0.24526867795237536,0.9651963920265122,0.70987106560830437,-10.082176463210462,-0.79332636249265309,,0.5045202150537961,0.2340425531914894,False,3
0.41550076125061708,0.90661003996380596,-0.073602668681132216,-0.90197329501276291,0.42112084112837794,0.095401322061845206,0.11748741415138106,0.026748319651041436,0.99271407510514775,-15.921708542209499,13.210668998663929,-3.156129804265893,0.250600312783874,0.2265260181996698,0.6326530612244898,True,5
0.83066108108273995,0.54722406382386835,-0.10270341935176885,-0.51448751908598911,0.82491234498129229,0.23414144400812706,0.21284915099478063,-0.14165255758212514,0.96676253126155287,-8.9789330299772416,16.195336572454728,-2.2753747681146668,,0.5162487891144368,0.1272727272727273,False,3
-0.36996880722571612,0.92880269506893343,0.021181013022668727,-0.92866571089473793,-0.36907127502561099,-0.036964731289990796,-0.026515638562031971,-0.033345878060944384,0.99909207449963922,-0.44965393446842222,-5.1978864826696674,-1.0277080176187927,0.3568415020190332,0.2230121914530987,0.4489795918367347,True,5
0.95264265381945668,0.27099067773458363,-0.13797110822477135,-0.2441425056285072,0.95207309964884435,0.18425864937764555,0.18129095694285161,-0.14184803666597157,0.97314578734368085,-26.683016566195395,0.91567423483532329,-4.4600560459223884,,0.1615714536636423,0.1153846153846154,False,5
-0.74773579714392036,0.66395614446506757,0.0073086179698484965,-0.66398776013680649,-0.747624757613921,-0.013322019037434955,-0.0033811326583848,-0.014814183400018249,0.9998845472914053,-18.844952019739978,-18.697161983535608,-3.3688231625830203,,0.4350994778922688,0.8333333333333334,False,2
-0.18157482778058109,0.98332509615480179,-0.010116184488275226,-0.98332837265475337,-0.18145377702031271,0.011825326093421858,0.0097925200334441215,0.012094712779193051,0.99987890490508025,-10.097613287435756,-8.6623448732158206,-2.1627394244479521,,0.09316045483006949,0.4761904761904762,False,4
0.15925525555793241,0.98702393612052974,0.020530784259580159,-0.98468830850413269,0.15731619766771904,0.075103588773378499,0.070899214893024268,-0.03217706444825158,0.99696436137459077,7.2208514685850123,-17.63658684319903,-0.21545475900649116,,0.3027850096385757,0.5161290322580645,False,6
-0.9810270259840036,-0.072456343337524279,-0.17982228059708358,0.075633442463992603,-0.99707648357243872,-0.010865923240429377,-0.17850926214072868,-0.02426034247441234,0.98363910003262756,-19.040385723584048,-0.57127795387704428,-3.3521581672176457,0.3411362740093348,0.2864422457211631,0.9193548387096774,True,5
-0.75007568914926437,-0.62401822942699459,-0.21906097299622915,0.65039275362843929,-0.75605580294745345,-0.073272701991244915,-0.11989881807120593,-0.19743574188145441,0.97295601198247805,20.907879633631726,-12.859425226542813,1.341090717770651,0.8159731136119865,0.5344857293662599,0.2121212121212121,True,3
-0.16892118043637536,-0.9010355926879674,-0.3995003072707497,0.98234757004264472,-0.18695869327484091,0.0063006856987213519,-0.080367197483124833,-0.39138383681292466,0.91671140815978802,-8.7823627707015177,-13.838419185527828,-2.0427040839755688,0.2191925246101145,0.1709454614726962,0.5094339622641509,True,5
0.3480278184924479,0.92663424651975224,-0.14221677373699526,-0.93279870999342551,0.35742859766689605,0.046166700168831579,0.093611987426772958,0.11659232713454259,0.98875832490217885,5.6932877310842436,4.3843415931301353,-0.24618657373049288,0.4134373377709478,0.319311345862517,0.7695852534562212,True,5
0.19918428146630721,0.97061882720815806,-0.13499894179515387,-0.97695399615718859,0.20746513903900535,0.050190691129202408,0.0767236039902435,0.12189055891489967,0.98957373663520531,-30.079238160133723,-0.073840902292289998,-4.9854534824454966,,0.1401783335689125,0.1538461538461539,False,2
0.85422644617332621,-0.39936238481501674,-0.33287665020687618,0.50256430559027909,0.79825843267463192,0.33198282095674747,0.13314014197321924,-0.45088042789491511,0.88259874367497737,-3.8620603689616049,-30.172100887523065,-1.4419073834825504,,0.4273530298123633,0.2352941176470588,False,1
-0.63764441651942416,0.75654870110911421,-0.14506433376855529,-0.76574548017354982,-0.64302485830598022,0.01236491788705063,-0.083925310100007672,0.11896677876905742,0.98934495898747654,10.83484002742604,15.076391357885715,0.48398825906055326,0.1975785586371917,0.1466674992486739,0.6666666666666666,True,3
-0.9608613738748476,-0.15799172746793277,-0.22756105608613911,0.20863502089984695,-0.95310721250456643,-0.21922150789987724,-0.18225489910962864,-0.25811868495611456,0.94876651301943926,-3.3908912170197349,-10.666358730310868,-1.3314458648524652,,0.08310793852438979,0.3529411764705883,False,2
0.29716435974027933,-0.87517304183552014,-0.38179246999451721,0.95458330757474108,0.26328390393058199,0.13947148393396136,-0.02154187085234275,-0.40589867303975824,0.91366416971705011,-16.505379278113526,-21.219575192025339,-3.1067005721521039,,0.216187458515187,0.4,False,3
0.19847852045263092,0.97923645731636422,0.04125818199375364,-0.97703449349353211,0.19435164803012689,0.08735579792898486,0.077523386424810409,-0.057648916472634953,0.99532242363304557,3.3553358775032511,-4.5112293479951777,-0.59097411229569374,0.4455072635767969,0.3814353876516099,0.4375,True,5
0.95335293746780869,0.25892916218218737,-0.15515755087372282,-0.20902585131950907,0.93711049791121703,0.27952121240568961,0.21777596309431374,-0.23405042977149748,0.94751993447215799,-18.2222475522879,-11.780428734218251,-3.2951551336327034,,0.3251703999162587,0.1739130434782609,False,2
0.91779481356214099,0.38188473328793771,-0.1087047868312857,-0.35540052336341149,0.91219553085463578,0.20393572880160701,0.17703996213128753,-0.14853741606218329,0.97293036124797849,-0.49047774898905377,13.988934535374218,-0.96909130679835243,0.4242581070249136,0.2349202274991836,0.2758620689655172,True,4
0.98415817214056123,-0.0062820254816599343,-0.17718134316229955,0.038194700108014644,0.98341793908543851,0.17728598920559557,0.17312959623532778,-0.18124484334952953,0.96807874145990636,12.800365513557891,21.066093382014984,0.67817406902717681,,0.254332800667635,0.1818181818181818,False,2
0.52488253256939177,0.84659708777095388,-0.088157234423957564,-0.84271004847798925,0.53143826603205957,0.086099614349091386,0.11974181056659283,0.029098803662299735,0.9923785358559789,-15.469335938250532,5.8922754789385516,-3.0170093621949761,,0.12330285342509,0.2298850574712644,False,4
-0.35888392422076759,0.93330666540224805,-0.011874226359535028,-0.93292861719756348,-0.35907705184712813,-0.026605752209170448,-0.029095088069006694,0.001529428818219325,0.99957547823951054,9.29890727470036,-14.132347145370534,0.049728244429491343,,0.2755288334625474,0.24,False,5
0.91124776181963107,-0.3586613150016571,-0.20245882964197304,0.39178109562058999,0.90647247143127418,0.15752851059922712,0.12702397290687112,-0.22286704480152009,0.96653773369092766,-11.786193260914949,-7.7410380930707019,-2.3477320916421398,,0.2240845775069732,0.3191489361702128,False,4
-0.13237544839064999,0.98656677542644844,0.095722193288884094,-0.99115459233654746,-0.13267150763982027,-0.003293197648200033,0.0094506483135998465,-0.095311429982123635,0.99540264042306825,-15.539602810764487,-20.989102341904811,-2.9755062158391792,,0.3332108020199044,0.35,False,4
0.92233064388956243,-0.3389036857904269,-0.18560839178207661,0.35551940330667842,0.93247169550180509,0.064050690554064607,0.15136755667820165,-0.12506329935537758,0.98053405547161865,-3.7161741376080037,-5.7072915466974452,-1.3937553167207719,,0.0833773215075783,0.2661290322580645,False,5
-0.9820932968845264,0.037976136471368174,-0.18452796339089536,-0.00048149845616337261,-0.97997544069194298,-0.19911781386875149,-0.18839459751733945,-0.19546342036130973,0.9624455968660981,6.195620112551433,-11.532025637539014,-0.12677222641812036,,0.4023693196660439,0.3333333333333333,False,4
-0.724481059292166,-0.64973397831899826,-0.23015853697976754,0.66876390112789785,-0.74344764949186959,-0.0063590103953812468,-0.16697915820573284,-0.15852870365577465,0.97313237066810365,13.055151323600652,-4.1833265010074969,0.46328791344712195,0.6049222707156621,0.5238711892496404,0.9847715736040609,True,5
-0.62627073791188337,-0.71546136508502334,-0.30967724796306861,0.76600988959685923,-0.63857985168008091,-0.073787682359951978,-0.14496141512524063,-0.28342690080322425,0.94797435620694259,-21.440500541877487,-16.559141084574534,-3.7819408966314896,,0.6605149245036095,0.6216216216216216,False,1
0.86291056943314381,0.50426400444252883,-0.03321389745503342,-0.48236205721131747,0.84146569450076592,0.24343855639813936,0.15070565657411103,-0.19404457941908515,0.96934746416062678,-12.439894001472616,-19.990960639581534,-2.5583146364546421,,0.304234797422075,0.2105263157894737,False,3
0.89967561425398812,-0.36183680409734764,-0.24424970075176339,0.41424768244904298,0.88414943304762683,0.21605239555986541,0.13777752611476643,-0.29555694416165784,0.94533774179153418,11.730619354658367,-5.6326105118138043,0.41829353053887225,,0.185935715546218,0.3421052631578947,False,3
0.28920219909237549,-0.93017040422932362,-0.22615284021208079,0.95723998225408191,0.28281603343394796,0.060882736525995074,0.0073283295736298951,-0.23408996204140181,0.9721873200454304,-0.77351287356922915,-2.0862178514940277,-1.0629115549674655,,0.08439974712131366,0.3636363636363636,False,5
-0.53100232743715869,0.84222233730965324,-0.093263405433134133,-0.84542315512921373,-0.53402068036418104,-0.009033366744658218,-0.057412690475944043,0.074050303713368293,0.99560048990158301,23.890885045842065,-8.8672333150130367,1.5444598856405061,0.422665181565301,0.4843113445151152,0.6721311475409836,True,5
-0.57462114211830562,0.81841004213475299,-0.0039428370046233341,-0.81362407451131513,-0.5717683257919286,-0.10534157297430258,-0.088466990489444133,-0.057323507866197027,0.99442828149628471,-12.272772561116115,-5.0751691937734087,-2.3933135756245871,,0.4268694232493237,0.5668789808917197,False,3
-0.26239351868220523,0.96170484584249294,-0.079204992498189616,-0.96495823529925229,-0.26131256034287442,0.023902927335473563,0.002290301666705824,0.082701482998303502,0.99657173310713432,14.779314051200563,-9.2222342725899349,0.62507974192150795,0.535321544438555,0.4269024597392904,0.64,True,7
0.43456708268220484,-0.84327450073422772,-0.31629032084544728,0.89971256021019541,0.4223979059268555,0.10998780872725042,0.040850454698726398,-0.33236745550677116,0.94226488572527278,-19.356367310822165,-15.176236643826313,-3.4796566000381404,,0.902356058616538,0.7058823529411765,False,1
-0.83678341961359615,-0.50847101953341645,-0.20310275959332405,0.5187748118307659,-0.854905946575789,0.0029184104076706019,-0.17511768405769085,-0.10292251844956943,0.9791530789035332,8.5336469953846628,19.599994814050348,0.16204290257826343,,0.1274050254981427,0.3461538461538461,False,4
0.58406038157396356,-0.6979330230948998,-0.4144429586195062,0.80854380524189684,0.54528825091140098,0.22117332213207558,0.071626710664594972,-0.46427386173636676,0.88279068619224299,0.99638483873652495,-32.375638097982147,-0.96654853528123141,,0.1970377367229109,0.2857142857142857,False,1
0.20747881475013993,-0.95167344214884975,-0.22642924046694313,0.97822847321554396,0.20074245583912259,0.052645233536033828,-0.0046471088068459968,-0.23242230084963372,0.97260386512058439,-4.7356679580105938,-22.790160375321676,-1.5971658550544574,0.2042470189227488,0.2068100169238651,0.875,True,5
-0.97121893660330039,-0.17306689135142925,-0.16365093431174527,0.18080600550416306,-0.9829471903791096,-0.033526247917767094,-0.15505794257884092,-0.062150398580923215,0.98594845828747546,-2.5850072008716163,13.39657768869694,-1.2226493592729935,0.1998373800419903,0.2026963885797945,0.7093023255813954,True,6
-0.93224055715312681,0.32576160552068784,-0.15750212686630832,-0.31539158541359108,-0.94491106044564754,-0.087585590697230237,-0.17735752436569593,-0.031975994371794172,0.98362688268204934,-24.234524548733646,10.94806979161601,-4.3363644210809964,,0.4762976042695325,0.5178571428571429,False,3
0.74326503421277845,-0.6376529887949588,-0.20237528208141611,0.65905022471210262,0.74987870399602219,0.057747126336924776,0.1149342865449816,-0.17629689496443651,0.97760396613469935,2.0240164083772214,-12.223456732855276,-0.60237504452716206,0.2074832800534568,0.167342531415602,0.5263157894736842,True,5
-0.47495609573150632,0.87959709983432344,-0.026937874647615434,-0.87932013937927878,-0.47557302663344841,-0.025027761000669523,-0.034825272568774414,0.011799928039943564,0.99932375238896531,12.443792709581224,-6.5347430389901637,0.47460744265601085,0.6759005391774876,0.4835434814558384,0.4714285714285714,True,4
-0.9763916531729192,0.14914916139525819,-0.15624937526065014,-0.12843451043674883,-0.98245454417347,-0.13523182007859996,-0.17367762130776918,-0.11197140835047761,0.97841631607863366,3.2780740697506054,-13.286399895931895,-0.53527036280946494,,0.1220838147264961,0.4210526315789473,False,5
0.086159829027099621,0.99568959920504274,0.034332286508780591,-0.9946460151799188,0.083993680391671988,0.060202708751096193,0.057059515847303101,-0.039335527060936709,0.99759557334729021,-16.613031165849574,-10.377786123698479,-3.1042826725162311,,0.2414665505441275,0.2352941176470588,False,1
0.94180692367014085,-0.27014697499437818,-0.20005081961434529,0.304518551922077,0.93768397767170564,0.16738342078308996,0.14236632348370132,-0.21856205050089184,0.96538202801718809,-20.487411400484188,-0.12460219620752021,-3.5907541972798822,,0.2158386825588912,0.2,True,5
0.75758826931681322,0.63724834094420513,-0.14133140541794423,-0.63153357090680107,0.77032922122911618,0.08808087044441662,0.16500110003044752,0.0225264929449671,0.98603610182606449,1.204259246729751,-3.0920924781520132,-0.82079170244124999,,0.1272366770234041,0.2898550724637681,False,5
0.77225548444215175,0.6246368465249772,-0.11597532803294819,-0.61342325864332792,0.78062403319372986,0.11974149053588826,0.16532807536658339,-0.021329059137417769,0.98600796078525399,-3.6087024828175389,-21.749489072761076,-1.49782112600808,,0.09489282440849436,0.4347826086956522,False,5
-0.45052443469068454,-0.8291740384953602,-0.33090504322529285,0.88330983372270311,-0.4678021966588497,-0.030411222433902096,-0.12958190998518437,-0.305992677504624,0.94317390226730835,15.072593483889758,4.1939256157621791,0.88265512536385504,,0.5637543023890076,0.5853658536585366,False,3
0.54716798425101243,-0.77399385167276413,-0.31865453799285848,0.83549958032302607,0.52800172097248521,0.15216646782435517,0.050474233929108964,-0.34949635223111009,0.93557717559077791,-7.5286680501950229,12.096962200569255,-1.9003106716652827,,0.6527630451867165,0.4329896907216495,False,2
0.35812570906351038,0.92788342891833298,-0.10381868255045879,-0.92755592503886242,0.36628079415896786,0.074016118214710908,0.10670511905741052,0.069790559311634887,0.99183834136310323,-19.111245146179591,17.230720643462632,-3.6116935218283257,0.1215218352062207,0.1519629477265837,0.4722222222222222,True,5
-0.899973218785315,-0.3663586830633469,-0.23628271374201315,0.40225628187585305,-0.90679377278958262,-0.12615441855698029,-0.16804192679392344,-0.20858180403411408,0.96346019215391632,-1.9093093408160198,-30.692143386734035,-1.3101546357787439,,0.3818628152825613,0.3157894736842105,False,2
-0.79408380547945934,-0.54440995929247826,-0.27027524137150094,0.57971998353113274,-0.81200266054002201,-0.067649242202626692,-0.18263529387805635,-0.21040312616282286,0.96040349537628611,-14.260281093844972,24.287282070950901,-3.1228463163187272,,0.263076386241221,0.4054054054054054,False,4
-0.80179040063551898,0.57592639014883129,-0.15950218361787066,-0.58557789602596977,-0.81043115748327588,0.017316658630215555,-0.11929241859620129,0.10728528375528967,0.98704568625520828,-3.1139465712049748,11.823532542768499,-1.2666329458577334,,0.07665045707409908,0.3773584905660378,False,5
-0.91787419190565644,0.39384105495956212,-0.048950906650212858,-0.36732343750353524,-0.88975050817213841,-0.27095668559385783,-0.15026796097014516,-0.23072333353122648,0.96134607882391354,-0.7726578775950963,-29.708278473700798,-1.1602148540534749,,0.6340172932818242,0.4,False,1
-0.97355557921288161,0.14910369114665881,-0.17308270702156353,-0.15037432255871352,-0.98861198191478927,-0.0058234293607994508,-0.17197993283659177,0.020357762670637481,0.98489007721703004,-0.77316679415814782,-13.498154330129436,-1.0510552101966442,0.3668304075947285,0.3460780485445754,0.9389312977099237,True,5
0.88507734762250134,0.44742304177975034,-0.12826032282071381,-0.43021225163300036,0.89157806956514873,0.141442442058058,0.17763869868466717,-0.070008339182120585,0.98160242724566438,-15.531325530385061,18.318890563508035,-3.1047342913646783,,0.2111070268848658,0.2142857142857143,False,1
-0.86045721880459602,-0.46853301750287152,-0.20022533834835757,0.49108864023330573,-0.86735510504865976,-0.080790278993403616,-0.13581355617486485,-0.16784496791885994,0.97641320387603059,-23.450532422997483,-31.003479768063158,-3.9883418151919061,,0.4498270824477989,0.68,False,2
0.14969614321853703,-0.9578221574019945,-0.24529121365283862,0.98862986158520327,0.14143463224516784,0.051061155330590288,-0.014214833362224219,-0.25014587662294452,0.96810380586020917,-7.4106684959824509,-1.8783545368299863,-1.7721029941478195,0.1528313011391962,0.09678229729952328,0.5335051546391752,True,5
0.85757325966529041,-0.40163858583659534,-0.32133246128306026,0.48238295698751243,0.84484282937219513,0.23140284455116139,0.17853511451541787,-0.35345019454735771,0.91825822776569943,4.317178639062889,-5.5410377115255951,-0.45924270617975704,0.5825222270157563,0.5523363428879827,0.8210526315789474,True,5
-0.64137455172018709,-0.72102892819930409,-0.2622135944330316,0.75425522099098852,-0.6551450202798963,-0.043405806181753326,-0.14049108873363675,-0.22561535209780326,0.96403317727359383,-5.451956229925675,-18.68413627733592,-1.6682417029796157,0.1651897179613484,0.1717006014071999,0.25,True,5
0.73194977443381826,0.67163044885229095,-0.11472605580578962,-0.66240553817617687,0.74086739606868579,0.11106036392851985,0.15958831630107659,-0.0052954335871537306,0.98716945236535381,-1.7287217845565745,-21.646230735409603,-1.283099855530266,0.2535436919432795,0.2476308579713354,0.5172413793103449,True,5
0.20232759147828472,-0.88937926716617499,-0.40996105285935619,0.97930814128234711,0.1818757457467175,0.088751211412510092,-0.0043715151502636135,-0.41943501551972384,0.90777483860881392,-18.982781287900437,-8.9512904550644681,-3.416452831983317,,0.3458741069483237,0.6666666666666666,False,1
0.72729560563261009,-0.6502382081395448,-0.21961642630497383,0.68362955984164153,0.71467806506893738,0.14793879890022926,0.060759583097792003,-0.25773151919156678,0.96430427618931014,-18.899645196659382,-4.5308254670448553,-3.2674558400466753,,0.1693921580869378,0.3333333333333333,False,5
0.91950056695961147,0.38311939387127231,-0.087967251864884244,-0.34724046641918366,0.89653903192028206,0.2750305850708783,0.18423562587604736,-0.22234498933673036,0.95740270517421722,-16.914878389776312,-25.948471864339435,-3.0457907872853878,,0.3053796955547873,0.5,False,2
-0.96974715310446025,0.17893811451787561,-0.16604701207363529,-0.17329648333144973,-0.98370006978615832,-0.047984388791148136,-0.17192669342119879,-0.017757361163617726,0.9849496881636941,-11.533456955267953,-9.2025106067224129,-2.3827527111139615,0.597718474343356,0.4999527044836668,0.976,True,5
0.84790186757191066,-0.48545735596981943,-0.21305768820405455,0.51081439588405453,0.85564979662138563,0.083259104603567252,0.14188402279915963,-0.17942848457413729,0.97348566655999325,-20.644656531615624,-22.401944645597375,-3.6352322796075378,,0.2141530436260776,0.8103448275862069,False,3
-0.72815124515187701,-0.59425300645099466,-0.3415539906189422,0.66750581745471249,-0.72798014679039569,-0.15646370040092131,-0.15566549986392789,-0.34191851398101741,0.92674698917726483,12.62051941152651,-19.033785917439044,0.26027484280974933,,0.1775342114167959,0.625,False,5
0.88190670034798413,0.45719262000563765,-0.1149586016516877,-0.43679581297911219,0.88419290218382018,0.16556669197537893,0.17734144931528933,-0.095800939140146688,0.97947546697945365,-16.931786349248505,18.762824773974831,-3.3677478994718189,,0.2915193417392705,0.1764705882352941,False,1
0.7189023148156779,0.6881920682148972,-0.097832198169935852,-0.67692653399623692,0.72510885708945372,0.12644213278123409,0.15795546626977131,-0.024674331126252849,0.98713790731537143,-14.30894806008016,-25.677947005605713,-2.7215381793228182,,0.3069737184615401,0.4166666666666667,False,1
-0.30694887859141801,0.95044594862922382,0.049344550517416041,-0.95145922822990303,-0.30767763391583608,0.0077337315773601534,0.02253270839532686,-0.044575467717654416,0.99875187345512606,-5.0240382859739157,13.668881254520516,-1.6304908454834202,,0.4757911142150916,0.3076923076923077,False,2
0.97756674617891315,0.15385047151590839,-0.14385162209549024,-0.13036655571615213,0.97839313404605255,0.16047254096028252,0.16543221547171053,-0.13811917921083527,0.97650154860002447,7.8246917805388065,18.252493739791323,0.037729958219391242,,0.312649399457282,0.2142857142857143,False,3
0.88680010876875182,-0.39473237327402189,-0.24035790100845095,0.44840199968073269,0.86081736855042101,0.24068465818213083,0.11189822952151812,-0.32121614450613645,0.94037172157533711,-3.8798682502770268,8.7434836594265963,-1.4106361899614359,,0.3156191951137739,0.1875,False,2
-0.91849372153839681,0.37826814363721661,-0.11524970717446932,-0.37562822697281256,-0.92569330348758561,-0.044669262132960796,-0.12358284102499059,0.002262606350204352,0.99233167943822964,8.1214521303491356,6.8172630117635356,0.045785137445934314,0.671501176671617,0.213494099106114,0.2714285714285714,True,3
0.088869741330344934,-0.89456432771562422,-0.43801464890408681,0.99571612041956836,0.068519527524657009,0.062084473778888094,-0.02552599875580279,-0.44165567801907701,0.89682143454593477,-12.744266716681533,-29.302022818746444,-2.5283848170355099,,0.4567190140015196,0.1176470588235294,False,1
-0.97153271920833095,-0.092496513313517187,-0.21810220203497724,0.14694006445476135,-0.95742104520906635,-0.24850263509429343,-0.18583001093928361,-0.27347639242833993,0.9437573151073767,-10.370356741424052,-2.5477776802224477,-2.1304300984537252,0.6210302931423533,0.3786955470706092,0.134020618556701,True,2
0.86098120375387233,0.50103705475700788,-0.087597012180529857,-0.47748687143436219,0.85551942700526862,0.20023185966374582,0.17526452690250216,-0.13056944427008943,0.97582476184643019,8.7696562073315629,20.626963048707051,0.23915331127579359,,0.2311222982561906,0.1428571428571428,False,1
-0.87812297042391341,0.4707017967029401,-0.085673026061339461,-0.45769952940979458,-0.87863291559536427,-0.13607108587220967,-0.13932404527552145,-0.080274642403524069,0.98698773659810557,-1.94870480227936,12.383895790308154,-1.1521561635821558,,0.3735786106803674,0.2553191489361702,False,1
0.97316327611050979,0.15265933954442462,-0.17218700322532957,-0.13577349736211769,0.98505538507093626,0.10597851554352114,0.18579234495511004,-0.079755967755456403,0.97934681812086988,4.0732679234223301,-32.009669551195657,-0.62599580927142784,,0.3931105655955545,0.4285714285714285,False,4
