axis_00,axis_01,axis_02,axis_10,axis_11,axis_12,axis_20,axis_21,axis_22,location_x,location_y,location_z,dbh,dbh_approximation,score,reconstructed,number_clusters
0.82732098815410293,0.56113997929034543,0.025727537809719762,-0.55556162146898247,0.81060976578659572,0.18510292369964543,0.083013657373198685,-0.16743276636737653,0.98238230920354708,-7.6828512301218259,-11.073424812664886,-1.5662108394650121,0.411347536060707,0.3272635636904161,0.9754601226993865,True,5
-0.86183236660421192,-0.50091062529096542,-0.079583398670823757,0.50015925727396904,-0.86539417879300662,0.030555403357361011,-0.084176536140047276,-0.013470737982516599,0.99635979946085296,-6.3958337646882635,-19.912036453570899,-0.8479937271319874,,0.1364532957052285,0.2571428571428571,False,4
0.081117039629708509,0.98424544633389766,0.15710164624439349,-0.99390888698559143,0.068080966486452621,0.086660869908700616,0.074599934670041806,-0.16317439558109834,0.98377282254287135,20.23746567797755,-12.588166881912265,-0.11032489778086715,,0.2727874851331032,0.4642857142857143,False,2
-0.56909464586150427,0.82195915270475739,0.022681167003628662,-0.81907399528659242,-0.5690959798346068,0.072440016436690152,0.072450495491942921,0.022647671424815184,0.99711484227344904,-9.3582513961695781,-22.105195882764541,-0.80922483626036135,,0.1588025694364739,0.5,False,5
0.99819573661909056,-0.045101048077051301,-0.039637947194867969,0.055058523383476145,0.95089489756958556,0.30457749880606566,0.023954757320892233,-0.30621036762082243,0.95166242983697624,-27.203715540999305,7.4471825489045909,-4.2576241549184708,,0.4011386222049259,0.3424657534246575,False,4
-0.7853643525663947,-0.61512970778250042,-0.069413804976984891,0.61270569643640438,-0.78842586369661904,0.054556273778735009,-0.088286823888663352,0.00031631891394691023,0.99609504399429483,34.415732934408567,19.994612396977043,-2.0867738208727706,,0.7469743005889417,0.8695652173913043,False,2
0.92927431485417344,-0.36542186090201184,-0.054001030797739505,0.36936841718192653,0.92082998835639052,0.12505640700135776,0.004027423596560005,-0.13615798220626482,0.99067895089211067,8.4984411656081384,15.280099534837003,-3.3474879251308063,0.2081809524176359,0.1801281405807254,0.2857142857142857,True,5
-0.23749639282734336,-0.9658785098857916,-0.10331586293887125,0.96620249792608293,-0.24586406533880548,0.077482865050756952,-0.10024069231304472,-0.081422143891443602,0.99162605758860667,19.821450438183312,-11.629754336149988,-0.19855441578993616,0.5994785598858277,0.471081389847928,0.8392857142857143,True,5
-0.89929112841489245,-0.42623004093487171,-0.097997033419024146,0.42692043648196976,-0.90416690268031163,0.01487121419181095,-0.094944232412064775,-0.028463385289734709,0.99507558930441753,27.986906759689838,-3.5310066512353013,-0.23234839089056003,0.4775053006496286,0.4645689889215227,0.9591836734693877,True,5
0.9966392301041348,-0.061096242599068241,-0.054566419689338293,0.071034011777848641,0.97634060646536636,0.20423807024544866,0.040797232604450784,-0.20742774478626566,0.97739926156341128,8.2853913027150004,9.0955434114647087,-2.6541192490033141,0.2081056091702264,0.1980900349457638,0.25,True,4
-0.69667235050236742,0.71730522548396614,-0.010993158731825357,-0.716687984972186,-0.69523192000729228,0.054871755935833502,0.031717002412182345,0.046106299964000674,0.99843289251787726,1.8425021517734297,-16.964120444204767,-0.77028667833265008,0.7137798724092528,0.5916754745518806,0.9507042253521126,True,5
-0.97219400997716976,0.23151587530051274,-0.035202364243738266,-0.23320729783187033,-0.97083235409906987,0.055667732775961612,-0.021287630268979531,0.06232928459637508,0.99782859103116262,-9.5750516176788114,-30.190470359057269,-0.44160786518397449,,0.438780199715837,0.7941176470588235,False,1
0.60587572208260221,0.78350457141535246,0.13796809762452533,-0.78849278628719488,0.56833177517422129,0.23511299262349267,0.10580045067929382,-0.25123610389146583,0.96212612725021396,-8.0812522845576638,-30.077092918996748,-0.4114409711395341,,0.418516744255561,0.3571428571428572,False,2
0.95846431040137814,-0.28101560277630133,-0.048748299284003926,0.28478609123341947,0.95229131613247109,0.10971841895815033,0.015589994445196329,-0.11904402637242142,0.9927665747083958,3.8869820572224065,-8.7852879246045266,-1.2528200645280487,0.2234092899548815,0.2178366482774114,0.7597402597402597,True,5
-0.11148006466022571,0.99331922024948804,0.029818146593972073,-0.99034265605668848,-0.11353458109406472,0.079569607830991443,0.082423411588786064,-0.020659757470574275,0.99638323733557521,-27.245960758621059,0.41462868131507963,-3.5240457557773128,,0.2349035822894619,0.6470588235294118,False,1
0.98884713107495126,-0.1334195881385202,-0.066185835839597362,0.14494650014268434,0.96426615479890365,0.22176856135558076,0.034232491309066262,-0.22888861092305318,0.97285052311672726,-3.7402109129955639,26.860638838295355,-5.6086447163933073,0.248732819211776,0.3753428970279444,0.3571428571428572,True,5
-0.59872392822393772,0.79185946326886547,0.12036713921847778,-0.79785046063569287,-0.60284954395855472,-0.0026589118779156429,0.070457790452929686,-0.097626931635209968,0.99272588461467237,21.815382534699555,26.002554912126421,-3.6349405985674705,,0.3396654536385127,0.125,False,4
-0.99369114676892578,0.10197784104887229,0.046673598190718361,-0.10500147323840034,-0.99216434281141419,-0.067709729517702183,0.039402987841319681,-0.072183355343221747,0.99661274713931436,-10.565832519293716,3.3522545181468368,-3.040772567787446,0.4779514741388284,0.436605590727174,0.6949152542372882,True,2
0.86920042386931007,0.49319443769780302,-0.035353497271981525,-0.48794302607043366,0.8671192967893806,0.10007861132488882,0.080013914131481415,-0.069737878942781772,0.99435124668595942,10.001881181489132,-6.3795880030691565,-1.1292382562855259,0.5098489783125446,0.263486000209564,0.8956521739130435,True,5
-0.25640148529910839,-0.96338399908265249,-0.078419057938265327,0.96339377650705615,-0.26128855326650746,0.060006027358639358,-0.078298848803040916,-0.06016279783561708,0.9951129222518954,-9.2895591765837207,-18.402414681286999,-1.0616445143257387,0.2987787977782282,0.2587237363222064,0.7088607594936709,True,5
0.92631537861899416,0.37671903340065255,0.0047528104978508505,-0.36841737355285159,0.90311985048929799,0.22055197690478248,0.078793770047949685,-0.20605170595233371,0.97536364309716017,-20.892763652028496,10.870934452856408,-4.3428821786683907,,0.174235169472536,0.375,False,5
0.029519430973285209,-0.99623508006269101,-0.081512382172882494,0.99535022657081995,0.02181692566503813,0.093818698669000208,-0.091687129197242936,-0.083902842663468799,0.9922468358894162,15.687621171720002,20.943520495533459,-3.5251120967380642,0.4395769837675328,0.3458507721993415,0.8372093023255814,True,5
0.41537283768180477,0.90954038041799301,0.014202186636460404,-0.9024683231827143,0.410084509660323,0.13183937419614516,0.11408913781751481,-0.067579518537380534,0.99116934844975424,-14.392538594760127,3.8080693063137727,-3.2532468766893263,0.5018536153907067,0.3574520209666966,0.8862478777589134,True,4
0.95021909902530655,0.31151727327313922,-0.0063759156208261208,-0.30304454075978521,0.92874522025166784,0.21353295337107214,0.072440804545686938,-0.20097090414323654,0.97691505542939805,3.4040940395248351,-16.388428869115767,-0.73634346068536338,,0.1211346426629012,0.2222222222222222,False,2
-0.98735707362721081,0.15799923071897437,-0.012737827543359521,-0.1563002469830036,-0.98380936292838517,-0.087689054091708213,-0.026386397089488541,-0.084589482246073114,0.99606645237252034,12.386969106128186,-23.629257592835526,0.1210638657531299,,0.3831322729914525,0.3888888888888889,False,4
-0.6322575426335334,0.77409076197430438,-0.032154191158353107,-0.77377829262279063,-0.62882696066882349,0.076444799703904179,0.038955790952896703,0.073213016343080375,0.99655521702973537,-5.7813367619568758,-16.019187036899105,-1.0906548249987877,,0.07004171236562125,0.1666666666666667,False,3
0.49808373330036887,0.86412257265868986,0.072144119949551777,-0.86087303585141628,0.48280002642103514,0.16062923342846069,0.1039721634166287,-0.14211373582302342,0.98437466206972757,10.88450016913805,-3.4610751033510154,-1.3184591865788895,0.3302204622088951,0.2267323521394293,0.4464285714285715,True,5
0.96514068609519899,0.26167555446171692,0.0054185090977100416,-0.25381735777970887,0.93070346154412587,0.26337770512993225,0.063876481849082511,-0.25557185069356791,0.96467757525488707,-4.1923102867611313,9.9678406468187681,-3.3862965560668417,,0.1832278685827234,0.1724137931034483,False,1
-0.071866553224675431,0.99142394730709915,0.10915014994774755,-0.99119824758972064,-0.083188177014489134,0.10298427637301534,0.11118107978731136,-0.10078831237309657,0.9886761267403551,13.845963319272878,16.013034876879139,-3.0557697217085678,,0.4537717787719671,0.42,False,3
0.60482541834527193,0.79558985676339289,0.034971318800861864,-0.78849735118735553,0.59212264885743393,0.16632106264866289,0.11161604048698087,-0.12816999853811581,0.98545132349637055,10.074508094406429,15.783165223478486,-3.3055044285594439,0.1963862264635999,0.1457917949060146,0.2857142857142857,True,5
0.71280265248401475,0.69935725736015364,0.053026457447568814,-0.69463706291653415,0.6934981164634092,0.19115363790521162,0.096910935577188537,-0.17308896278905136,0.98012676808980481,-19.757514563031641,-9.6395012461960849,-2.2116738140712031,,0.2695281548999823,0.7142857142857143,True,5
0.64191877223876648,0.76606513010496669,0.032931843020627245,-0.76321521051756935,0.63421870056993179,0.12356853273390084,0.073775553417760389,-0.10445504432361101,0.99178944914394773,4.8512892865790267,1.7997382273881823,-2.1391482630443583,,0.145131728419406,0.208955223880597,True,2
0.69246298458851507,0.72007989686599527,0.044496708914523571,-0.7155180669212734,0.67756357030885006,0.17012202708517291,0.09235210275900714,-0.14964140576652551,0.98441786797894326,-1.8436792951298941,-22.534960359524561,-0.56360031173895109,,0.1877324301181442,0.2,False,4
0.92249642711835866,0.38229005755981549,0.053428960730828798,-0.37909989796988702,0.87120713993933352,0.31189964199714643,0.072688440023738574,-0.30798121892355695,0.94861159568986686,-30.162201430586531,10.691110366473314,-4.7423733147303633,,0.3467042341111499,0.4807692307692308,False,3
0.83217634730129475,0.55389370038204466,-0.026159045650820063,-0.54781905808220788,0.82852499656539813,0.11593364338375013,0.085888337940597428,-0.08214681213165835,0.99291243051057054,3.9042080907799868,10.929409053552749,-3.0928346228631862,0.172636712430254,0.1293634117693742,0.5294117647058824,True,5
0.87298831544625055,0.48665134696319967,-0.032586309904934573,-0.48129704081790214,0.87035402965510245,0.10410101614804118,0.079022525866031854,-0.075195276194901323,0.99403275139389846,3.1141759894079626,-3.8860455069770317,-1.6875726426612345,,0.2290807221053273,0.8815331010452961,True,5
-0.39290875213076853,0.9149145249578422,0.092488510206450075,-0.91735548154119928,-0.39695944042859643,0.029700557922877888,0.063887659100619665,-0.07317523266640058,0.9952706929970665,-31.403449881833964,7.739776006887813,-4.4796101479889359,,0.1145858643302151,0.2068965517241379,False,1
-0.54970157623236549,0.82492614919485874,0.13162456253372498,-0.83382580864345723,-0.55138582644483725,-0.026611862689941451,0.050623096781382423,-0.12438054015916461,0.99094237133244878,18.506854328648469,-5.9777286245154393,-0.67627931358795701,,0.7352931814057342,0.5538461538461539,False,2
-0.089711646670985246,-0.99332744806174911,-0.072473452923894205,0.99187813981699902,-0.095693947650155084,0.083787971310311876,-0.090164162530068329,-0.064368076794797738,0.99384464303279763,1.751124916237585,11.429112113984502,-3.2478263701392125,0.6109076846041918,0.5244899197978862,0.9008620689655172,True,5
0.82343850498875892,0.56152723153952866,0.081462854979613891,-0.56368670647896391,0.79315617863793619,0.23056576768324488,0.064856190458391763,-0.23577625946650876,0.9696407737049868,8.0910085630394324,3.1431327645468894,-2.1055038296035957,0.5688140326333903,0.514018557676313,0.2758620689655172,True,4
0.84571362375267412,-0.51983951028770092,-0.12056263991371173,0.53356739038777756,0.82009018653446275,0.20677989714826411,-0.0086201226149716474,-0.23920486929348417,0.97093085438273563,-10.03866344273475,-5.9315330721055393,-2.1159136803087559,0.2136593970808847,0.2164596517881847,0.6309963099630996,True,5
0.57090153920191322,-0.81269021091967142,-0.1166449896576221,0.81968153700540536,0.55608536041423617,0.13744544308715745,-0.046835995018176015,-0.17407955942128639,0.98361714938402134,11.755383787165465,-18.971244637522908,-0.17320665384900252,,0.2120637280032646,0.25,True,2
-0.91819258781489954,0.39608388011171974,-0.0063191453079404908,-0.39516671280871168,-0.91694758131899678,-0.055230446324460766,-0.027670214486613769,-0.048215070557729084,0.99845363748217064,-16.35010769724764,-14.946491460962591,-1.5917350955144467,0.7548981755093298,0.58194258800951,0.7384615384615385,True,2
-0.16914363916201208,-0.97798041736503094,-0.12224865063284476,0.976828142528959,-0.18284878213088354,0.11123444986458479,-0.13113813058929577,-0.10060132267407307,0.98624650295033833,-8.5459543480354423,-24.039570521466885,-0.69833844658323152,,0.242944069570276,0.3636363636363636,False,2
0.98270623854923145,0.18311601117695081,-0.027513181696513244,-0.17643094109718693,0.97103773124668757,0.16111439264959521,0.056218962459150978,-0.15347394223753374,0.98655216654472355,-8.3992166570531879,-4.2931526261742592,-2.2057308935769933,,0.1984570214552571,0.830168776371308,True,5
-0.99787034813808784,0.053518494617015591,-0.037289932162718351,-0.056035466280066545,-0.99596577902448313,0.070087042532342325,-0.033388543327722196,0.072027340268007417,0.9968436524492541,-8.2121880999839902,1.609845863664304,-2.7424945971611847,0.3012892014156844,0.2387472367334022,0.9173680183626626,True,5
-0.036465027601211786,-0.99307380979061,-0.11169024160600277,0.99652113881790005,-0.044515683813076842,0.070455473766991489,-0.074939453234727602,-0.10873252596449043,0.99124230950169911,-6.537325680765302,-17.41125171469017,-1.0255542210694051,0.2993253291224052,0.2180918473877563,0.8372093023255814,True,5
0.25243050875851858,-0.95852076023969368,-0.13235101222671253,0.96664033954962414,0.24366833868650109,0.078944250437563077,-0.043419951673205906,-0.14786376470007978,0.98805415584643752,5.9653091841058332,-6.3204428699226742,-1.3359368892442685,,0.1193829208998259,0.3448275862068966,False,5
-0.92291129809930417,0.38405168106679505,0.027185328955664046,-0.38477225229828987,-0.92252773841217639,-0.029881193440315715,0.013603297466424462,-0.038037851278498971,0.99918370291361114,10.822709821355136,-17.240999127953188,-0.31890620304358624,,0.5017958541903401,0.35,False,3
-0.95578265686295849,0.29390499095663242,0.0099684066312600173,-0.2938852998310329,-0.9534063298196539,-0.068174781283414185,-0.010532966496112723,-0.068089841757778186,0.9976235913741176,-8.7363683621639829,-30.814468562054202,-0.39623085097093946,,0.6304753993725478,0.5416666666666666,False,2
0.50494906083140412,0.84610007282536026,0.1707076821071698,-0.85964152421282602,0.47515212392341644,0.18774160162338754,0.077736065082632838,-0.24154735746015915,0.96727037496735213,-24.282828864723367,3.7642720264177241,-3.7196385267782706,,0.2209815977375651,0.2173913043478261,False,3
-0.87353495605195242,-0.48407065595654031,-0.051110474436443981,0.48009896820033698,-0.87412907090979608,0.073507469847279266,-0.080259960679565728,0.03967325840136688,0.99598412200171771,-10.488874718732488,13.192371685275527,-4.0066282468540786,0.3083134455821944,0.2989825870631508,0.8636363636363636,True,5
-0.42256258720724926,0.90265339570611369,0.081594773808977922,-0.9042473783174767,-0.42598297125795109,0.02958355969483055,0.061461684801882195,-0.061280954777728054,0.99622643303761205,-4.4348890409574668,-9.4005145016553406,-1.5668970978835215,,0.08877212820517193,0.2272727272727273,False,3
0.96781166259891216,-0.22210841813618595,-0.11835724029636001,0.25091591021899395,0.88804519680410476,0.38524918485589604,0.019539491715573596,-0.40254636879022987,0.91519103428590076,-5.39530785777748,-18.975272098538458,-0.87710934492750303,,0.1727896090552077,0.1,False,1
0.99891953791356802,-0.030941821532563193,-0.034675069643645674,0.039263233865604506,0.96107126283051414,0.27349666584398535,0.024862727946858877,-0.27456261843449981,0.96124773774372663,-26.926288658066373,-0.64892635737071647,-3.3974112624689159,,0.4859889393243113,0.957983193277311,False,5
0.98834859328173252,0.14931617491443641,-0.029525210701052639,-0.13839767444011858,0.96234222178693152,0.23397335719213586,0.063349363592597172,-0.22716101794787164,0.97179459252318279,-2.5353946892961368,10.93878765736779,-3.4076626482008598,,0.1296059276816779,0.4285714285714285,False,5
-0.97625547388084333,0.21658315634828759,0.0041214201318811438,-0.21539456025561476,-0.96852357899111907,-0.12476882763945521,-0.023031133927373073,-0.12269398242964882,0.99217727929315747,-13.281398944926828,-12.660480326000839,-1.62830667419481,,0.3436830717618967,0.1142857142857143,False,1
0.95468200502932821,0.29713565524908175,0.017107648958332999,-0.29007597029473348,0.9160542051366769,0.27694877632692472,0.066619822356049088,-0.26936053094525747,0.9607323787809684,-15.337262948689016,-18.211775293745124,-1.279730952768761,,0.7064960126250508,0.7142857142857143,False,1
-0.26341346389783182,0.93766438006015962,0.22671316107306944,-0.96370350378726366,-0.26636381925313335,-0.018051941198577753,0.043461521205526724,-0.22323939204200044,0.97379426472701136,14.591919067226398,17.566666623332551,-3.1749910301593736,,0.4217651358131449,0.25,False,5
-0.29310637961614316,0.95559306709709502,-0.030504759371065084,-0.95343018586434047,-0.28977151187832667,0.083686029816453456,0.071130379663045543,0.053613067620850767,0.99602515433560979,-17.574555718711885,0.79459957693211947,-3.1117467345941421,,0.23664819898984,0.8140495867768595,True,3
0.28007523651594168,0.95981928458062371,0.017458603543241653,-0.95425658087961751,0.27637732757644384,0.11406117064823565,0.10465294901952016,-0.048605696670696301,0.99332031415484234,30.432547722742878,22.663801827621878,-2.6744154147250705,0.4259823960248084,0.3971209294798255,0.7037037037037037,True,4
0.52776093772761912,-0.84497170608353589,-0.086551767903052912,0.84778106791642216,0.51774288271266122,0.11493288599384985,-0.052303474945324016,-0.13403403791076016,0.98959548462489544,3.6326952099172067,15.138049211364105,-3.564080917492626,,0.1124647869106296,0.1818181818181818,False,5
0.41434640525950622,0.89116290735839621,0.18478562984457825,-0.90450848390980532,0.38070497768038125,0.19216691313690826,0.10090321592354015,-0.24676383956713141,0.96380814921766267,2.0359459141921894,1.8675343999429437,-2.3003990770484157,0.1707354583382352,0.1552777807139859,0.3409090909090909,True,5
0.59168140690857685,0.80166312500535652,0.085143095582280212,-0.80025212896006181,0.57127635109019703,0.18231802099616545,0.097517397491809321,-0.17601012667376839,0.97954621764095851,-6.9510379472105708,-4.4218135249250086,-2.1200286307344549,0.2082054891480992,0.13347432185304,0.4100719424460432,True,5
0.99899321480916847,0.0243046571283362,-0.037707299122532914,-0.0095924219509436175,0.93681340189539752,0.34969792031164126,0.043823991218934086,-0.34898414530039312,0.93610337256234499,10.365037428731807,9.3620620068361973,-2.5577774484732569,,0.4452103539163008,0.3076923076923077,False,1
-0.62404975404968344,-0.75076708948692783,-0.21658873888975927,0.76973799761709594,-0.6383393455949532,-0.0051278543105447716,-0.13440728959008438,-0.16991661840071332,0.97624946775724952,-43.728460828182087,-6.2152970321854752,-3.5234057846956945,,0.371060367784126,0.7567567567567568,False,4
-0.88537861278482477,0.46482931786573695,0.0061981671237420167,-0.46486190845341246,-0.88536500272865071,-0.0056760912913573353,0.0028492266093191995,-0.0079067816316379363,0.99996468173228925,-25.442740297339473,-0.055732961640184264,-3.3881480238617763,,0.09766597865125073,0.28,False,1
-0.43789285259889088,-0.83744811753002535,-0.32700229370483447,0.89371920013398365,-0.44495751607305889,-0.057260808603842389,-0.097549171983561167,-0.31732232719351838,0.94328717775119297,-37.678609901920069,-6.9273437363832384,-3.2173698096902368,,0.6487734558882642,0.3243243243243243,False,1
0.306992758856592,-0.94999062745415541,-0.057212356697459089,0.94904805641124934,0.30108522392634857,0.0930348029247626,-0.071156395577960371,-0.082858286745982918,0.99401774213837435,-8.7460586055032685,-5.8904817965925167,-2.0582191993389687,0.269933252357645,0.2205713579282562,0.9073170731707317,True,5
-0.42296245245835057,0.89426027501947969,0.1462919147885563,-0.90454333996254599,-0.42627645401734621,-0.00947263848141075,0.053889794393927062,-0.13633394761570572,0.98919611037837085,-42.820294586224328,-12.468204932047174,-2.8775037055350601,,0.3783432172340703,0.125,False,2
-0.90404226491491146,-0.41192138202660949,-0.11414183403470875,0.42316918476593518,-0.90017025303371057,-0.10305996612536236,-0.060294479946780673,-0.14147187205418271,0.9881043897814813,6.3028316603011731,1.7792584064216201,-2.0754202407858999,,0.2566723432167907,0.2340425531914894,False,3
0.52196539981074364,-0.82803920515232943,-0.20470270181682784,0.85194990314877994,0.49439287174651669,0.1725023214076169,-0.041635128499802346,-0.26443669014894822,0.96350389359767197,14.152429404094089,-17.119330123057392,-0.16663016742997191,,0.5537118969428001,0.5,False,2
0.99811699156884637,0.048931964939727554,-0.036988294752431122,-0.040040132975763677,0.97657061945983437,0.21143938365195458,0.046467826426879653,-0.20956022526942586,0.97669097113272663,-21.82348702352715,45.832631777013638,-8.8144438287991065,,0.2365811814792395,0.2142857142857143,False,1
0.87589208561162091,-0.47258456765977652,-0.097349272070956325,0.48238776080147788,0.8531816791172574,0.19845168340830915,-0.010728587598529441,-0.22078235624360365,0.9752640917103742,-18.949947603745034,7.3171232235200012,-3.8584896365662447,,0.3530927769633657,0.5703125,True,4
-0.96924612443570357,-0.22715305925769402,-0.09467543470319538,0.23798288702023576,-0.96311723466889487,-0.12557602386305478,-0.062658564872506983,-0.14424520773187352,0.98755618791768307,-21.801740729533169,-22.706291313318719,-1.1698528757031026,,0.4229822612313239,0.2727272727272727,False,1
0.95098705832147346,0.30849430012890833,-0.021327955669624934,-0.30268209585261585,0.94275027481385165,0.1400195278833461,0.063302162327509584,-0.12670116860701106,0.98991901189858933,21.725954821537364,-17.645230344613115,0.27894273783387452,,0.1173688592058227,0.1666666666666667,False,2
0.022069491296736559,0.984184141755724,0.17576834945589964,-0.9922647766020436,8.025942638742109e-05,0.124139464608642,0.12216198536696708,-0.17714843684033021,0.97657302883922992,-23.914817793841088,8.6760463091198918,-4.2530784316603789,,0.5409076133867909,0.8439716312056738,False,3
0.83444561904071701,0.55081607729499882,0.017382688431416431,-0.54467097724051028,0.81951494317123896,0.17812575465358144,0.083869156521461555,-0.15810410150400961,0.98385418516769418,32.122319043059036,18.869810881851969,-2.1400027766895731,,0.1392474643570328,0.4,False,1
0.68040774015764882,0.72639893453337212,0.096901470795562036,-0.72392669284700328,0.6456827612053746,0.24294837983778256,0.11390983503263381,-0.23545351938542947,0.96518712677483065,10.724562647375281,-8.0530148316534138,-0.96590825521784529,0.4651938488685794,0.2841304114744306,0.379746835443038,True,3
0.72183407237900354,0.69204630791368582,0.0052421041366049886,-0.68599466481495752,0.7144797611846555,0.13758630274461012,0.091470715522275439,-0.10291053668382785,0.9904759106819756,-16.632568309748681,-25.479846359611557,-0.83064584492507176,,0.1031223207104904,0.375,False,1
0.99931359854203561,0.036278107604793872,0.0074987117281473644,-0.037030396274978276,0.97255798483695854,0.22969483207419419,0.0010399618670523894,-0.22981484947341674,0.97323381231892336,18.09428809972307,8.0242841718371292,-1.9558669728375708,,0.2184190185551682,0.3809523809523809,False,2
0.96675267793832254,0.25508207038045466,0.017955418945369395,-0.25135489231540004,0.93502122009071742,0.25011204706926893,0.047010401063983548,-0.24630967368434259,0.96805039478392685,1.6371503430657774,0.20057603309796829,-2.146548604498864,,0.5774185529002369,0.3542805100182149,False,3
-0.69012758755150838,0.7143525810564576,0.11586329374875858,-0.72216015119570742,-0.69018434304952003,-0.046155049932741318,0.046996052231297131,-0.11552472699503843,0.99219222357736381,-17.732590944648781,3.4817997972755586,-3.3813887871852808,,0.3107176418614658,0.203125,False,4
0.63935483012826799,0.7678465479323584,0.04046084551777368,-0.7630567374731948,0.62712577112153267,0.15638952200191023,0.094709115656395393,-0.13086231704957171,0.98686637260978738,-7.1080242782571519,-7.7550497578775719,-1.8133160499877141,0.2084232485224882,0.2377880533357921,0.7079207920792079,True,1
0.84021151295558882,-0.49840361228934321,-0.21363158182678421,0.54213476484188194,0.7636565672577863,0.35059741019278956,-0.011597855263681959,-0.41039308783285794,0.91183496489896365,7.1805190028592243,-22.324046248267955,-0.18598298995869483,,0.2338178656732708,0.6,False,1
0.14512502161672136,0.95485256661296947,0.25922057042868024,-0.98503327119840145,0.11481070021244838,0.12856110511699606,0.092995605987176391,-0.27399831961045223,0.95722345255312546,8.5802642077768816,-15.345654303907615,-0.54746997061947089,,0.4944577091831583,0.2,False,1
-0.88179237932265253,0.4704739261028304,0.03311320923565083,-0.4715697713942783,-0.87829724230064854,-0.078841010104033216,-0.0080093992061609602,-0.085136590397223461,0.99633709682009308,-5.8812384148516266,-33.474492090463436,-0.22479623037282809,,0.1737897275999102,0.3684210526315789,False,3
-0.75548719352142235,-0.63327438562941973,-0.16793645503822763,0.64811103100345435,-0.75989440978749512,-0.050125616857594188,-0.095870704163289577,-0.1467107306211648,0.98452261000133412,-4.6526846489217339,3.0605868854965497,-2.7188289179279739,,0.7610565160483336,0.3888070692194404,False,2
-0.2249851282127199,0.97434092383573734,0.0064386506371679024,-0.97140367716517095,-0.22481165434516118,0.076384658541984701,0.075872182472166982,0.010930883290626504,0.99705763510310474,-26.65861013865187,29.482790924930029,-7.1742343574869958,,0.1551136022520464,0.4285714285714285,False,1
-0.86575544832863638,-0.49245605025035993,-0.089188240598722823,0.49358693927095298,-0.86963383203591926,0.010437028296125375,-0.082700889175470069,-0.034986236584354256,0.99596010270454549,21.764200415540948,-20.139248390583081,0.43831079373810788,,0.2680372103100341,0.6666666666666666,False,3
0.26538210508633597,0.93067094264245809,0.2518410904140625,-0.95936120014099258,0.22891453769082118,0.16499764270386535,0.095908424885302421,-0.28539399249948605,0.95359941436707263,-3.1813792236685812,-0.32555597586585172,-2.350993273868927,,0.1594512763788598,0.304,False,1
-0.45619297803848735,0.8674108014377514,0.19871202363594986,-0.88795095285652426,-0.45840800531491388,-0.037486077207318627,0.058575354113888083,-0.19354741592777699,0.97934076075598564,14.277059263656914,-14.769052569233608,-0.30434022315077086,,0.5923533735992921,0.2857142857142857,False,1
-0.32191321775408827,-0.94494173812290005,-0.058796188554040764,0.94158912208535273,-0.32602137760545707,0.084380012531258125,-0.098903010094457705,-0.028198810214496516,0.99469745234254181,25.233960941639516,17.146208584701576,-2.3724203984923653,,0.3162784288019882,0.8461538461538461,False,3
-0.95037071125615646,0.30525053115576473,0.060146690811643429,-0.3108261804556765,-0.92316558308653662,-0.2261689451446211,-0.013512835742478179,-0.23363950743317977,0.97222938848636853,-15.072419674233323,2.172768540899455,-3.1171508450805967,,0.4728742380105883,0.2653061224489796,False,1
-0.88166373571412515,-0.46364749917315845,-0.087749949499069876,0.46523447668914891,-0.88518350985103522,0.0026524682044738457,-0.078904618536478413,-0.038485716808679661,0.99613900173386161,5.4309910187380908,-21.321770022359186,-0.33161800253514007,,0.6368052018027064,0.5517241379310345,False,1
-0.1064231007969451,0.98520544724006021,0.13432926094219882,-0.99129493556517023,-0.11565828127996768,0.062908764844095938,0.077514349249730274,-0.1264649702481993,0.98893788326694898,-6.895629467704266,8.6255522795091135,-3.3831756899133145,,0.3520191514073925,0.1851851851851852,False,3
-0.96572734729280818,-0.23779517272627043,-0.10403915858406092,0.25161870066646574,-0.95607136126347025,-0.15038477864044081,-0.063708085559963601,-0.17140889125100292,0.98313797192173702,9.6093495246046796,-22.791704899241875,-0.049660316196163269,,0.6607135118649495,0.1081081081081081,False,1
0.30735953046657416,-0.92751296437054909,-0.21272005066736077,0.94952301768095415,0.28419173037392509,0.13281980003421756,-0.062738807172454433,-0.24280601580609906,0.96804394567754326,-5.1097147697205276,9.7215915064699363,-3.398250902688805,,0.4209067094289205,0.3333333333333333,False,3
0.65225583795495035,0.73697786750144478,0.17727364346317442,-0.75211024112496228,0.60014561102683783,0.27231494773547532,0.094300090395697422,-0.31094833715304965,0.94573708004556756,13.740814095079054,-15.994416811920837,-0.26460492670297342,,0.7521537190679731,0.4761904761904762,False,1
0.6499183067179205,0.75984874440506445,0.015364902178629115,-0.75429530398622657,0.64243132035283523,0.13535358515399454,0.092977357336277849,-0.099558446431031622,0.99067821555084268,14.658902736145688,6.4781070317320317,-1.9890125017026981,,0.09172910264515192,0.2,False,3
0.60441919864214055,0.77004430975658933,0.20422828727747469,-0.79090257740848646,0.54921327965581224,0.2698849504850534,0.095658482955802912,-0.32464832428522522,0.94098507967841316,8.5958540517258175,7.8051793494298858,-2.5122924968593483,,0.3081134926696617,0.2222222222222222,False,1
0.99698133531413724,0.069467718474221618,-0.034676405886818217,-0.06181755816065565,0.9804463373386153,0.18682496916191077,0.046976659505492839,-0.18411739648735331,0.98178102333077522,17.107354819872565,-15.575166706409242,-0.11041569127911825,,0.5268462896446352,0.6222222222222222,False,2
-0.028522464406265855,-0.95580892513637206,-0.29260172189146022,0.99828024025937434,-0.042235255061442017,0.040653968288243546,-0.051215534087617164,-0.29093896586663848,0.9553698169863708,-11.738610747968913,-17.243129018786959,-1.2204827614411717,,0.5394404502878338,0.4313725490196079,False,2
-0.42315435040086646,0.89959575791297119,0.10801790630172022,-0.90605189061116187,-0.42055748897371792,-0.046918759447151098,0.0032198224732534891,-0.11772370540000665,0.99304116829572187,20.803970470680284,4.7756646916767087,-1.4501788590531459,,0.5455113642418001,0.5949367088607594,False,2
-0.72675367086155307,0.68656294844902799,0.021457392810733628,-0.68627836137134557,-0.72707027814606628,0.019769202059301397,0.029173834213508058,-0.00035840421085050144,0.99957428885686284,11.084224882789016,8.163950008859171,-2.3799258719111118,,0.659841428701214,0.3023255813953488,False,1
-0.88894083631069287,0.45787954320870611,-0.011424248344341591,-0.45798487122876957,-0.8882743998687852,0.034906278279379838,0.0058350034116564486,0.03626174911303446,0.99932529152746341,22.177632215199992,6.055000469884841,-1.4724749537723045,,0.1323461155887019,0.36,False,2
0.73643702977702941,-0.67353239774733731,-0.063360952943511642,0.67592702375418157,0.72869789797681861,0.11010010010431745,-0.027984991191737762,-0.12390917104431366,0.9918988646021879,19.225059939929743,6.3921613339091197,-1.7219924397170918,,0.0907804737461873,0.2222222222222222,False,2
0.59798303962747867,-0.74951341285222051,-0.28398226753179423,0.80028215485265008,0.53874074786346537,0.26326199728771027,-0.044325578871362167,-0.384692150356792,0.92198003910691417,9.9085524533405458,35.544773844529473,-6.136625048781748,,0.7204374453881209,0.3333333333333333,False,2
0.96874796497444948,-0.23317733679855046,-0.084591429597793158,0.24724735870194023,0.93510132602242357,0.2538784230414618,0.019902863431605054,-0.26685921320921391,0.96352998726172612,-8.1122350293988283,-17.512623171126386,-1.0781578375863761,,0.8297219794614141,0.375,False,1
-0.51850854221791043,0.85025655692992119,0.090623832653082589,-0.85413565495522581,-0.51006365736963877,-0.1014265663665874,-0.040014679572193242,-0.12999558772660078,0.99070680455437998,-4.7751704771813204,-0.33763638526723977,-2.4095111238034459,,0.3482785139828543,0.1184210526315789,False,2
-0.73206616491428322,0.68028735241642835,0.035892176444721903,-0.68063926200747527,-0.73261188439993719,0.0031657305462756691,0.028448641472172444,-0.022112100267013601,0.99935065408502555,-1.9935678389337916,-8.305678006174265,-1.5566405570756079,,0.1446516121564123,0.2522522522522522,True,1
0.70220348648619713,0.7010934346829345,0.12400911019403084,-0.70595709055139877,0.66302351730738163,0.24904698712803708,0.0923842511840271,-0.26242677329463648,0.96051930682903619,-18.289475373871785,-7.0096506862681691,-2.3873943823480999,,0.7316710174081136,0.1566265060240964,False,1
-0.56008351408139012,-0.81615848837597693,-0.14209778008850482,0.82274107041928823,-0.56806747979422734,0.0199115405119316,-0.09697210062468635,-0.10575755411352449,0.98965233867674951,19.865579771221441,2.8541234410508052,-1.312566144896568,,0.1528909060428005,0.25,False,2
-0.20641445809913034,0.97116948742755826,0.11925979279428736,-0.97626504525270785,-0.2125829954482597,0.041412938364399035,0.06557158611297087,-0.10788093777836331,0.99199902739805645,39.529961031610476,-8.4475819484243466,0.73541458055944953,,0.4267464831654239,0.6774193548387096,False,2
-0.19122616196382447,0.94617602412508184,0.2611196782156357,-0.9784462988429844,-0.20487863574571644,0.02583766427985644,0.077944821900173128,-0.25055074533081301,0.96496058404119467,-7.4282991665619793,-0.71574348739339089,-2.4841161511422696,,0.1590513836400852,0.4484848484848485,False,1
0.39763115971476115,-0.9117515297502623,-0.10294954503032398,0.91534489067504865,0.38640681593475495,0.11328505512311529,-0.063507416409243997,-0.13928000788778289,0.988214494663887,29.812478276596718,-2.82767721568234,-0.15719527046577711,,0.1188091673302255,0.2,False,1
0.70061656342680534,0.70918410529277587,0.078704103146526663,-0.70752294005366945,0.6761796342048032,0.20540786641331693,0.092453882286390718,-0.19959711191984816,0.97550667479183883,20.362485968017197,17.901671682192166,-2.8000456861830862,,0.8282247120074473,0.25,False,1
0.6450931426565103,0.76339784203774874,0.032841620996149935,-0.75823392217828789,0.63422849549968519,0.15111431022353711,0.094531246451512146,-0.122384436381076,0.98797059327492565,34.307586462977248,-5.1169554870404195,0.24883497560296097,,0.6736352428906297,0.5370370370370371,False,1
0.59346125912091896,0.78390477082815591,0.18247477687469574,-0.79912748341226958,0.54687299245607535,0.2496501459589206,0.095911413177923774,-0.29397829919059315,0.95098778142898344,19.132558590524233,3.7576373658330642,-1.4527229861521969,,0.5201375169611504,0.2424242424242424,False,1
0.19905064717230556,0.96791941391248104,0.15333247546298015,-0.97542522258238018,0.1806006613089802,0.1262102859709639,0.094469439557984855,-0.17468660310990689,0.98008168827068765,16.813003133996641,5.3306000132130524,-1.7789127184092466,,0.09923350229652186,0.2666666666666667,False,1
-0.93128714654447187,-0.33845727865215075,-0.13472535473487063,0.35719531522189202,-0.921028947809165,-0.15529708329867717,-0.071524523518787755,-0.19274944312480743,0.97863777502735283,30.434101407889504,5.4511141529118214,-0.72041700808239895,,0.5954879703750333,0.6,False,1
0.93348930502591787,-0.33727343315854463,-0.12183738624772592,0.35850239705128656,0.88584471347356675,0.29454231431055222,0.00858770695300194,-0.31863109530675598,0.94783990019037823,33.57292573023549,-5.9881081567193446,0.24444380641759944,,0.3272414686339218,0.1111111111111111,False,1
-0.52564361414767657,0.85067618014245316,-0.0069876637020591216,-0.84910392964645498,-0.52413301177071059,0.065628519952165926,0.052166153439910164,0.040430465127285702,0.99781965801685568,20.734618797344066,2.8512817303967397,-1.2463355678754515,,0.07111059776274886,0.2,False,1
-0.6944606557994637,0.71914037030347588,-0.023696526039858685,-0.71875397819924935,-0.69180491262363741,0.069272517584923421,0.033423290821387709,0.065139010351556351,0.99731629534520694,19.686946339376579,5.0142880304418052,-1.5466984407028668,,0.0939683063535178,0.3,False,1
