axis_00,axis_01,axis_02,axis_10,axis_11,axis_12,axis_20,axis_21,axis_22,location_x,location_y,location_z,dbh,dbh_approximation,score,reconstructed,number_clusters
-0.55931664148597571,-0.82859394305742051,0.02443301220488589,0.82768872467522203,-0.55984817294572631,-0.038747881165761,0.045785036882724284,-0.0014494060464949887,0.99895026383687358,12.699937302317601,11.667456969963368,-2.8995878219567279,,0.09826899345838343,0.2857142857142857,False,5
-0.95392471136554724,0.27048150838220686,0.12987454973721338,-0.27862319613692249,-0.9591543240350352,-0.048909071340000485,0.11134073657293514,-0.082841633905793022,0.99032343407152346,-30.197584968407572,13.092624145099601,1.8878148057391322,0.4288037129461038,0.2792689765322059,0.75,True,2
0.90161156733144898,-0.42411435535360742,0.08499173628725433,0.42194046854159734,0.90560402126129858,0.04298369088692696,-0.095198858506945108,-0.0028931398790447427,0.99545407080418091,6.4370256635373231,-7.88556702723531,-1.4075387658783822,0.1753932672572879,0.1875631546743239,0.6235294117647059,True,5
0.84735001177521951,0.51815577471322938,0.11624349734874379,-0.52575724316694572,0.84936717932222772,0.046418917993585836,-0.074681181043337069,-0.10044893141061763,0.99213544104443563,7.8179005634397312,1.4069240609030866,-1.9715593208696787,0.6709460506261011,0.6621857656513007,0.981029810298103,True,5
-0.83990572996709045,0.52424101824464941,0.14046252011928978,-0.53377437591251098,-0.84472652500157897,-0.039012992425164539,0.098200205639593016,-0.10774252989683081,0.98931707094529209,-3.2756375484638163,23.950076957398522,-1.8203550456962279,,0.1523792884997189,0.5384615384615384,False,4
-0.27018304724130865,0.91023808335162926,0.3137957179436196,-0.96172111746029421,-0.27063072095914148,-0.043029119257281243,0.045756018339916854,-0.31340970707603527,0.94851501954169914,-30.033145703665696,17.637314513877545,1.7656229069463629,,0.4217472798994676,0.3448275862068966,False,1
0.21589484480603893,-0.97635463391681554,-0.011002036872228088,0.97548763169653596,0.21518434182184779,0.046038890535961455,-0.042582818052124875,-0.020671910019631271,0.99887905961777002,14.894408066742939,-17.63105238287579,-1.4895443866842224,0.227117837319887,0.2362047863387425,0.7,True,5
-0.99595165682866149,-0.020475824715406023,0.087527354938127772,0.016512254997845071,-0.99881550568879152,-0.045770416543080991,0.088360866310415828,-0.044139848185794292,0.99511005979590261,-29.469162051049889,16.099380028992666,1.7296233392016334,,0.156435972942137,0.3043478260869565,False,4
0.99035614871014588,-0.097625234234984218,0.098305708646908505,0.092893425321561168,0.99433692217274627,0.051622637825441818,-0.1027886678775143,-0.041992842778188516,0.99381642716920904,-4.7106789052352829,-6.3342076918589063,-0.52501520759095122,,0.06780802859729061,0.3,False,5
-0.10925522122980061,-0.99399023275259668,0.0068347513829317835,0.9940023637863441,-0.10921850647748879,0.0055334103397206603,-0.0047536744933057949,0.0073983130013476062,0.99996133302420565,-15.205570489218747,21.046020311808888,-0.24640434343540712,,0.0784571900892645,0.2857142857142857,False,2
-0.94606983389285371,-0.32370217712036892,-0.012991147966288946,0.31974891139850031,-0.92656626055832869,-0.1980797780047979,0.052081695992188183,-0.19155120809457024,0.98009980696870291,-10.401375370741636,21.93227172413529,-0.85305149856462448,,0.4029352471572123,0.35,False,3
-0.65207141200441066,0.72853034096022173,0.20987238014316209,-0.75717945513828322,-0.63983811600503004,-0.13147797543172543,0.038498654042257732,-0.24464408353262074,0.96884835037761063,19.767424228958916,10.203236935034585,-3.3630744444597274,,0.606566674564233,0.1111111111111111,False,4
0.86193636290420073,0.44912665288691267,0.23526783879246449,-0.50114058522698013,0.8251141319292784,0.26085394980516269,-0.076966357207798194,-0.34274176716179922,0.93627146752476087,-32.589787176992274,15.181297235116292,2.1174106143425475,,0.7008265061607873,0.4130434782608696,False,1
0.48918735722375822,0.85411933641257443,0.17656695245310938,-0.87119968964128947,0.48810990890621619,0.052533966121801015,-0.041313802794662083,-0.17952402622966351,0.98288569717182017,22.904500132528604,19.515661843752,-3.7581815055731376,,0.164981081985736,0.6363636363636364,False,4
-0.89154291122970841,-0.44465940815615573,0.086193086580499068,0.44610432922344595,-0.89497668200231428,-0.0027687759439830838,0.07837196491192179,0.035982626507050475,0.99627460356344444,4.4826564121649737,1.3407491259873647,-1.7121614192741377,0.1301447111958344,0.1149199262820388,0.6293103448275862,True,5
0.92039858599222735,-0.39092071068958151,-0.0068877323888885261,0.38302248965594321,0.89798644147115492,0.21659668361204237,-0.078487039192922409,-0.20199343773480555,0.97623687483663701,-13.026139016091991,25.65906554629542,-0.65248083965193815,,0.212772217902105,0.2666666666666667,False,5
0.93327726505446118,-0.35162501015878211,0.073166923970467382,0.3442985484569821,0.93389557997543049,0.096423831249169908,-0.10223529753895599,-0.064798903796203899,0.99264749332476043,-8.8664378317513339,-14.266400752837095,0.22518738104434438,,0.1351069457806983,0.2307692307692308,True,5
0.040696408216903658,-0.99875711717532334,0.028775393131633839,0.99889743711002699,0.041342922775021593,0.022241242578558237,-0.02340325817621991,0.027838527763794349,0.99933843310396175,-15.809592581619427,29.586969095260756,-0.3002386233302955,,0.2123554011976376,0.2,False,1
-0.54528737252590787,0.82716159959344371,0.13588734128611507,-0.83515602607849382,-0.55000273442771608,-0.0033770144825830267,0.071945072580211891,-0.11532857529707344,0.99071854037934359,-9.6410557722677677,-3.1409898687337314,-0.47372455620020293,0.1973935078552708,0.1080974404273482,0.4769230769230769,True,6
-0.26940106383882273,0.95506370913813377,0.12359764678108559,-0.96186456781032781,-0.27315724353492826,0.014201179368358279,0.047324623543805192,-0.11505838427386075,0.99223079382506929,-19.63420333970371,13.254890592015089,0.47372590801656633,,0.09535478628622973,0.32,False,3
0.13310620847132612,0.92877501158555364,0.34591865390672638,-0.99108983348048463,0.12302049525935788,0.051057807608308116,0.0048661317298834411,-0.34963257228181127,0.93687426326139978,6.6519785879196425,-9.0415304259257141,-1.3158711689299158,,0.218630778547883,0.2142857142857143,False,2
-0.96995519989898615,0.2099133648977882,0.12297678409442558,-0.21760596558503864,-0.97461152827640074,-0.052725825669617393,0.10878673600546146,-0.077902170624623096,0.99100792019097983,12.03616719843547,-10.800020774909905,-1.7016213253503103,0.217549216137749,0.1967045382008301,0.4864864864864865,True,5
-0.37152463147892234,-0.92823217963361637,0.018827344397916737,0.92821040231856189,-0.37179718558686886,-0.013867293077529801,0.019872021338193796,0.012323695967940959,0.999726577262816,-1.1874716895770336,-12.408213694103098,-0.355573745967729,0.252223793848011,0.2108020613589611,0.4181818181818182,True,4
0.54707598820032044,0.78897741775279107,0.2796828514778491,-0.83431073422679802,0.54109843117727163,0.10553713342438513,-0.068069537155646898,-0.2910792367271034,0.9542742876436433,-26.412263552332295,14.743905628757851,1.4056983622724768,,0.58105231655478,0.7252747252747253,False,3
-0.33437033470655264,-0.94180759234851985,-0.034567879062971554,0.94234409773726246,-0.33463874911619496,0.002123452305468447,-0.01356763531251285,-0.031864817348173924,0.9994000964015336,-2.8594818227950598,-10.680205043796647,-0.36241991023292119,,0.1396686925484418,0.2058823529411765,False,5
0.61290128366576901,0.71793968181391887,0.33002216555525465,-0.78691098501085777,0.59242711954809368,0.1726302687630106,-0.071575960699756608,-0.36550338069691785,0.9280539642440141,-2.1249276235791861,31.339279184615634,-2.1232196432815815,,0.433759618604438,0.2380952380952381,False,2
-0.75925981322521352,0.58690198366195112,0.28119494589142124,-0.63381429702935421,-0.7649058596209275,-0.11488456292624602,0.14766168393458773,-0.26545260874822041,0.9527491483104904,3.6218014676274466,11.279818410334641,-2.1802962209513082,,0.1316739788900738,0.2424242424242424,False,2
-0.88128628247242147,0.45569535498407004,0.12520475938191383,-0.46243741267305999,-0.88615291304911226,-0.029743134582958828,0.097396753981775677,-0.084111581488617942,0.99168498736912314,-2.3509278412415262,-12.159851749843984,-0.26277740803755784,0.2972503767633555,0.288889468472212,0.7619047619047619,True,5
-0.89125271365138481,-0.4513648220690753,0.04402723938193899,0.44727443224478897,-0.89089184938697319,-0.07910306540179414,0.074927849756577847,-0.050808563199629772,0.99589372286225653,5.3343916496339796,36.617886474535666,-3.0489794676747208,,0.3959305592109976,0.9047619047619048,False,3
0.9827060736137202,0.15020416923186947,0.10829349208548716,-0.1597121506354402,0.98347941019370244,0.085207268847496812,-0.093705932694296501,-0.10102948713326741,0.99046062057382223,-2.9094543773956074,-7.9306600615844465,-0.49933850772880661,,0.07502329904672164,0.2884615384615384,False,5
0.35794833708747054,-0.93118968600281626,0.068983741985273489,0.93189153637897726,0.36091104414879538,0.036350827179798241,-0.058746509696695121,0.051273647163064671,0.99695529523898607,-10.151491441336946,14.184111553771549,-0.86597555542269333,,0.0691458707349419,0.1621621621621622,False,3
-0.047921392113962992,-0.99678585188509405,-0.064198953726419219,0.99866466090433981,-0.049055182010875144,0.016201363482748424,-0.019298581260808682,-0.06333683446137027,0.99780559737943586,-26.827112817352159,16.202459232003918,1.3931388819245625,,0.1312854911388068,0.2857142857142857,False,2
-0.94218670208236854,-0.32393790280736817,0.085723121407914535,0.32337811006156025,-0.94604285622299056,-0.02072467424259556,0.087811254131605843,0.0081944685131065363,0.99610342552047493,15.327924935451257,5.787822786956653,-2.868121335414207,,0.0874612251320687,0.4761904761904762,False,3
0.88244510855672176,-0.46408583513334289,0.076908829225936851,0.45701334417852529,0.8845162731951306,0.093647027159218313,-0.11148736980966702,-0.047489999806130147,0.99263047822003592,-14.957717665550524,0.55791482234249001,0.019447889344223833,0.3132947190418194,0.1685664795284717,0.7361111111111112,True,6
0.96612047757721564,0.23055220751273936,0.11600388966312584,-0.24108012152784231,0.96662721195071055,0.086672995336010888,-0.092149866034046554,-0.11170278746476345,0.98945989785463684,-0.20426943991597446,-9.5389882300206672,-0.59255349177103811,,0.08243657201428013,0.4324324324324325,False,5
-0.45352894790056364,-0.89069130034256583,0.031312951158865912,0.88991219289641454,-0.45449113289530446,-0.038653577503750758,0.048659863856196195,0.010335260693975709,0.99876193361375409,-24.392206551642595,7.9967190665892014,1.2548742143305525,,0.3257015448081679,0.4814814814814815,False,2
-0.99364963957459118,0.045132413421225551,0.10307016557695713,-0.047942414032747849,-0.99853846472275909,-0.024949136374408015,0.10179351015658297,-0.029732132918642205,0.99436114242367246,15.622801949257804,3.712266468973676,-2.7402992470258916,0.1621238423173197,0.1049239660581115,0.125,True,5
-0.41329801387711457,-0.91035444615837791,0.020965068206547699,0.91033470234824265,-0.4136213042343746,-0.014427279161087561,0.021805536585219051,0.013122463302590023,0.99967610731231482,-4.9581437074757044,11.959114752058271,-1.5109142080653744,0.3401951668063711,0.2428979143089546,0.7565217391304347,True,5
-0.49081887948751413,0.80915465960045296,0.32305659625752475,-0.86874754580159363,-0.48266401022956024,-0.11096465605240413,0.066140223785004448,-0.33511817330009913,0.93985173337163974,-5.9369706102097286,33.290653491881763,-1.7604545787391932,,0.1307858715363748,0.3888888888888889,False,1
0.39093085448150783,0.87987314621398038,0.27017829962058332,-0.92017930434449413,0.38032489037966771,0.092860247758534534,-0.021050293832651879,-0.28491441579745513,0.95832179397129114,17.219487062468513,-9.9310158542445208,-2.2767541706121741,,0.2358466319135397,0.1764705882352941,False,3
-0.75437136788165504,-0.65618662726769261,0.018518896171470414,0.65341130668517766,-0.75329326857157086,-0.074852627346852663,0.063067452908201246,-0.044366222735413345,0.99702263498070209,-10.267926441533055,-10.288291417158755,0.031861547606526583,,0.09031533395519217,0.3076923076923077,False,2
-0.21268871263128095,0.96497766552928799,0.15356307026395855,-0.97643906416501636,-0.21576556675342978,0.0034603722513817034,0.036472804824900423,-0.149208998499475,0.98813278929250603,-9.2599574208257458,0.83172198970791633,-0.66374984306945195,0.2720947818819957,0.2580030166187181,0.77625,True,5
0.32743749351622581,0.93185526271358932,0.15630245421232758,-0.94481470677172374,0.32474148809499287,0.04322193630217961,-0.010481302765953153,-0.16182933993202486,0.98676309569698228,-6.6616815476681976,6.7186718096392477,-1.1186269748691184,0.4525941173046731,0.366596679526746,0.7841622404635442,True,4
-0.94908724579057968,0.29111739135566611,0.12034975832099853,-0.30583550296615059,-0.94308685587476171,-0.13058264586727242,0.075485395959036861,-0.16074155258217354,0.98410574039092924,-8.8103441407214795,7.0214509462499812,-0.92742380804715607,0.3896242738272016,0.1592906779441771,0.336734693877551,True,5
0.9718637888494015,-0.21918795224785453,0.086240463314367771,0.21240266848946196,0.97378940656874957,0.081359068781775026,-0.10181297727618187,-0.060752228303775718,0.99294676816750083,6.957458030584065,5.9664213994293336,-2.1005352688714654,,0.08964595004084208,0.35,False,1
-0.97886138660939159,0.1723204913408112,0.11016366946139856,-0.18762747160213805,-0.97097282706909449,-0.14834992751477646,0.081402197177519425,-0.16588374651397272,0.98277986596040956,-16.09165648985288,21.076639771222915,-0.10601998291807306,,0.2001199013681525,0.5833333333333334,False,2
-0.1604106864076934,-0.98704682123307219,0.0026427977411696973,0.98702219094739774,-0.1603853059361231,0.0079842480657722273,-0.0074569607490119691,0.0038892587293999775,0.99996463307605232,-6.8552175439279743,-5.3059681257912219,-0.46268316021791761,0.1469886705822309,0.2490895903001983,0.4173913043478261,True,8
-0.0094741657246741901,-0.99644678921593965,-0.083690121550071703,0.99969569722928564,-0.011344786527406014,0.021904537427195635,-0.022776152552027668,-0.083457127196495118,0.99625105008478376,-1.2433051276650604,12.383016678806612,-1.8905970065731901,,0.1106969472687122,0.2038834951456311,False,4
-0.99231450564810031,-0.0037736549083407425,0.12368379606479542,-0.0057600155551678,-0.99704274130403148,-0.076632853488210001,0.12360721702703842,-0.076756312714811911,0.98935823863616545,21.189664059802283,1.4869629999611622,-3.149187970888073,0.4702397123291042,0.3506882090814745,0.7666666666666667,True,5
-0.79782908719120327,0.5737466179041778,0.18515821903218554,-0.59587782601593775,-0.79713178197364798,-0.097521990494649879,0.091642588866604244,-0.18813755768329704,0.97785780934387023,-13.131543219821323,2.913423756816135,-0.29357626351136035,0.2308795409761195,0.2268774385211393,0.5430016863406408,True,5
-0.47723982572034485,-0.87782616969703808,-0.0407843663851995,0.87822611835300224,-0.47479161765766253,-0.057374252453861602,0.031000544979632543,-0.063199174021876345,0.99751933846613672,2.7051374483051309,-8.4443002136094201,-0.9731129531816709,,0.2280755692757191,0.3414634146341464,False,1
0.93702176026574913,0.30394946360221248,0.17206087400802056,-0.33293984586775394,0.92618161755139228,0.17702731524666637,-0.10555226109389078,-0.2231643674196524,0.9690492171670918,-3.0055102315146476,15.284579509759165,-1.7619064841035006,0.262057181236434,0.2248017707651354,0.5538461538461539,True,5
0.19673287711339746,0.95268753878809709,0.2316951197167591,-0.9804571018606284,0.19121274655253653,0.046276959352290425,-0.00021557769592991938,-0.23627132495018066,0.97168709702894795,-14.257462824702651,-6.3559698784287262,0.12807246766197727,0.5466247995741336,0.4828838862558767,0.78419452887538,True,5
-0.57431993160361094,-0.81768008845202089,0.039444760259395195,0.81722100411915488,-0.57549157530492157,-0.030972200108198036,0.048025478543229333,0.014447134738668599,0.99874162510057574,-6.448611935806591,23.665172280964608,-1.4560508152065308,,0.1437357507746864,0.46875,False,4
0.73590821232634918,0.63603890053166956,0.23214999470407355,-0.67472862124251021,0.71745577879178624,0.17320073081385234,-0.056394952848795865,-0.28409808603497483,0.95713525000620781,-2.3506581049836548,16.323636203227025,-1.807015509929728,,0.1267722274267355,0.2758620689655172,False,5
0.30681307142914499,-0.95140160269549401,0.026471297449475822,0.95027492329956076,0.30777088150956139,0.047483203797139703,-0.053322690744442479,0.010586542555144046,0.99852121448094422,19.870871350821453,21.703705528491739,-3.5676299645494201,0.7571536438405123,0.7243298053895316,0.8135593220338984,True,5
-0.30736268488522811,-0.94990813957136355,-0.056592458121325948,0.95016360023281055,-0.30961577507314003,0.036430819624075496,-0.052127849876694034,-0.042574619222358348,0.99773247369487938,-24.959924833599079,18.089847580550646,1.113994856099072,,0.4369655936688656,0.1142857142857143,False,2
0.26922247831487117,0.95332180196927729,0.13673623901529217,-0.96304634418739388,0.26763778925664011,0.030195243153726709,-0.0078100011071091102,-0.13981257329677738,0.99014718513503786,-2.6800243899748555,-4.5322733924238205,-0.88113337183851381,,0.08264818731259502,0.3786407766990291,False,5
0.82192022422370969,-0.56303185785166565,0.086268604116146855,0.56187709178519463,0.82627940742110317,0.039452181167110169,-0.093494805946954085,0.016045806802163269,0.99549045869109609,-16.625045794446233,8.1609403462406505,0.079953406319543119,,0.07561490243858135,0.1833333333333333,False,1
-0.41025652424014869,0.86535518616048546,0.28783673515301006,-0.91042916768104598,-0.40696899545237136,-0.074128047162231175,0.052993536907724959,-0.29246647419087146,0.95480628743236196,-12.946963428920261,-1.0289596040961178,-0.19232170430615789,,0.3888840375685974,0.2391304347826087,False,4
0.72781040133522512,0.67573833612986212,0.1169175811959173,-0.68355421755905299,0.7285489607505915,0.044385171470484694,-0.0551874203554545,-0.11222349519453854,0.99214930114415356,-13.089369278183012,0.85514282397378361,-0.20884821419246163,,0.07166021083117619,0.3448275862068966,False,2
-0.36173187204609514,0.91675313141249515,0.16945131687718507,-0.93069212554278691,-0.36571088574921684,-0.00822894265218704,0.05442628224192024,-0.16068367711098724,0.98550420380200054,-11.789136237060402,12.059313670106919,-0.6157214045955306,0.2966858951535264,0.2226980576146305,0.876993166287016,True,5
-0.12255905124935179,-0.9920038463903097,-0.030127192097670091,0.99242760799586049,-0.12274826270416479,0.0045063167580696138,-0.0081683440472018164,-0.029346767282624461,0.99953591501535677,-19.042378616429243,-7.822268521076257,0.81536255377240363,0.5479613483917354,0.5622795627063683,0.8790322580645161,True,5
0.96338795785072018,0.23469078116577397,0.12962978015879947,-0.24958198554430377,0.96163949260571102,0.1138346114009062,-0.097941182145116726,-0.14202015172795401,0.98500649812231555,17.679244084088737,-9.0621885848981254,-2.3446622657503955,0.4309640392957276,0.401056926588763,0.7866666666666666,True,5
-0.055384771079262755,0.95863548040075508,0.27919624433239004,-0.99788012163376394,-0.062714586639829609,0.017382274614687228,0.034172942230407247,-0.27764166895372405,0.96007672280912459,12.547287851098798,13.966194922744874,-3.0074193037302481,0.4843952621631644,0.4351996696756131,0.5352112676056338,True,5
0.34815361808149542,-0.93646730600254324,0.042638515512424174,0.93605188125804928,0.34975132166287615,0.03848231526738484,-0.050950307261401817,0.026514105366962359,0.99834917158605319,16.886698334568461,-0.979325154534603,-2.6863108073174828,,0.1309552076579522,0.12,False,5
0.91171984496772784,-0.41046186660676343,0.016969983904310787,0.39826577303028027,0.89325137028417556,0.20853384262041252,-0.10075365166888164,-0.18336587890644546,0.97786791343629387,-0.00011359651065703802,6.6017053881921077,-1.6627583364566025,,0.1702142205521604,0.3482587064676617,False,5
0.82652147053432501,-0.56275265373180194,0.01310379577032067,0.5545838871779587,0.81807040947727916,0.15230731177543941,-0.096431171455918327,-0.11861810930667552,0.98824631206807334,11.19927865650946,8.5975813242570265,-2.6859992730709004,0.2746015845683146,0.2261021101165245,0.4489795918367347,True,5
0.92265014036109172,-0.38535007120715858,0.01490104400025033,0.36962114957737718,0.89468911175055388,0.25082184733412938,-0.10998601855125757,-0.22591307163518698,0.96791857084550204,10.09320587878539,23.025093739877683,-3.0541337565810314,,0.2829335587462353,0.303030303030303,False,5
0.96151343249744647,0.25137483751047673,0.11091713210122124,-0.25937993505487822,0.96360947170587097,0.064643911775663948,-0.090630946248538971,-0.090925668022368858,0.99172503975486093,-8.3412777424498135,-10.545444336686735,-0.017438499370963478,0.4838668269025883,0.3431408848565558,0.6590909090909091,True,4
-0.26285866883259784,0.91946009078855317,0.29240119983793134,-0.96373400719402247,-0.2646808107428954,-0.034070981820859506,0.046066078597036375,-0.29075283295540028,0.95568860332804151,-6.0614870537870891,8.4416341022375168,-1.2517669952005095,0.2938161738515255,0.1782203147583781,0.2435897435897436,True,4
-0.82396824612315878,0.55379577091668564,0.11994404318480999,-0.5587762629994627,-0.82926080678784109,-0.0097776394868395212,0.09405007862347145,-0.07507834867905,0.99273250388538503,-4.4945380132168147,-7.2968070704257286,-0.42265912642889036,,0.08679930325994387,0.4918032786885246,False,5
-0.4241588033970855,-0.90516017914384572,0.027827317388389089,0.90523875292311917,-0.42464819418068694,-0.014721120381230791,0.025141792039345232,0.018946273284293838,0.9995043416722551,12.861037391440345,-2.7585039867222321,-2.273764491798338,,0.8834699446015765,0.582089552238806,False,1
-0.026183792054217288,-0.99961015912671247,0.0096922032754478138,0.99950821336410889,-0.026011305347221701,0.017514091806986414,-0.017255157239256483,0.01014602211729719,0.99979963881962208,0.39745405086843488,-11.352137572237277,-0.55690787258204688,,0.09609283801157784,0.3225806451612903,False,5
-0.94265979326656668,0.31056934261467789,0.12222601026999785,-0.32404085781672909,-0.9393545728869841,-0.11229652203746665,0.079937704645763247,-0.14546363746379914,0.98612894367408588,-9.6957805486675568,-1.7147966089696811,-0.54600122627252978,,0.4994696058108978,0.7241867043847242,False,4
-0.2248989207119117,-0.97406994968334104,0.024661885299175845,0.97437642892962617,-0.22491191263816995,0.00228173175208762,0.0033241854589539446,0.0245431187368816,0.99969324550769123,-10.081767177731059,1.6292089162807475,-0.5940562528565857,0.247685077964344,0.2178446140842055,0.6597014925373135,True,5
-0.31484490577153063,-0.94914246237146449,-0.0011275784451368759,0.94833702666044684,-0.31452833487894749,-0.041578966113902535,0.039109706909414843,-0.014160250058196863,0.99913458459996773,-11.523430527123702,19.6395837545743,-0.7142654286275506,,0.1971945515490302,0.2,False,5
0.25598193953208859,-0.96582997877164578,-0.040567212615042827,0.96125126251028359,0.24987785837129051,0.11643481531811919,-0.10231938699863978,-0.068800494196925577,0.99236950529653178,19.4703580046925,12.990899984653376,-3.5140758801637078,0.7467515143029357,0.3360849774591014,0.7142857142857143,True,4
-0.30624349758374581,-0.93764615274889662,-0.16442205576766561,0.95187263743372452,-0.29936816645741077,-0.065705273889480928,0.012385567917460132,-0.17663066876145558,0.98419927075782854,-24.159066842198271,-8.0725683479605319,1.4094215599192086,,0.2651288631720649,0.5,False,1
-0.98915239460468585,0.089992726282968061,0.11609844729356877,-0.10126418201084818,-0.99029964864855202,-0.095142899515578069,0.10641008264959012,-0.10586744118337975,0.98867030865086358,-3.3493341858221108,-21.62146119699187,0.34607181245222945,0.2926155560434047,0.2453341640073378,0.6,True,4
-0.60061934251124249,0.78394101519100479,0.15713971523029396,-0.79495781112737496,-0.60653381023434438,-0.012602204972931304,0.085431164857645209,-0.13248857212568754,0.98749597180300475,-1.0063461467979264,17.368421473548803,-2.0157224754409708,0.3682290686008583,0.2858351183501441,0.7123287671232876,True,5
-0.46360501666992399,0.87335624315002369,0.14939632214132967,-0.88421336750475399,-0.46685139863717667,-0.014713677868407441,0.056895599516857978,-0.13891955996686906,0.98866791523454867,-2.071643857402869,22.394779648561958,-1.9242949902887987,0.3959744274327122,0.3523800369373677,0.8380952380952381,True,5
0.90303279140476977,0.39420029804559276,0.17069827962951489,-0.41709226175377206,0.89968708978976686,0.12883006501102029,-0.1027901884074208,-0.18753470475191175,0.97686483797953394,-14.512900217341315,27.181034069319143,-0.4585329342568642,,0.2216724537674511,0.1666666666666667,False,2
-0.29979849886227516,-0.9492413985235888,-0.095192580640029084,0.95393659816182164,-0.29710842067823329,-0.041611933979789517,0.011217253112002241,-0.10328288188789124,0.99458876906063765,-7.3401027643784564,-9.3163934046207117,-0.17763800036312394,,0.4661121331870289,0.2,False,2
-0.44793933379552375,0.8034025816517818,0.39229407978463537,-0.89189234546920504,-0.43210229283761764,-0.13347528841667092,0.062276780040894625,-0.40967291870433109,0.91010422609062325,-17.302795123885588,-14.107908310132244,0.90391266592077246,,0.6356352493692409,0.4482758620689655,False,1
0.9831857614213757,-0.17000199857954171,0.066671425792701175,0.15161595256088509,0.96345629936501731,0.22082699595593397,-0.10177603582045039,-0.20700550643117727,0.97303153023930666,-25.458312855894409,-12.378010151238675,1.6347088657725199,,0.2951792541541416,0.3666666666666666,False,1
-0.88025043312481654,-0.46998599333842284,0.065363147485931361,0.4706117411459721,-0.88231695944285149,-0.0064321205739057488,0.060694020126601259,0.025098787724043545,0.99784081234215616,-4.7200925539982714,27.568210806943096,-1.6954391993154663,,0.153846422216018,0.5384615384615384,False,3
0.15118521684176789,0.96527269364921153,0.21305317905091309,-0.98850534022596659,0.14773476688186904,0.032119013046845862,-0.00047175549944466523,-0.21546012519617785,0.97651252521265375,-2.2526802483595199,24.35313083658497,-1.9299283008374575,,0.3573744533462984,0.5769230769230769,False,3
-0.057679721308227315,0.96059876419526224,0.27188796217622424,-0.99622637393003532,-0.073074162042247232,0.046831386142590095,0.064854156659524945,-0.26816073737286389,0.96118872095734842,21.82434336922444,-5.094033703689953,-2.9662915637499414,,0.2015575270193402,0.1538461538461539,False,2
-0.63105003684351302,-0.77572363875307737,0.0053560507361356674,0.77428797441103425,-0.63027465589198317,-0.056850600900094334,0.047476138030178014,-0.031728448117255115,0.99836832977504475,10.790851904205068,-10.672119599637039,-1.5431933158213347,0.3329318250966343,0.279869293195356,0.6162790697674418,True,5
0.8907450750452689,0.41885994294555706,0.17643570919244861,-0.4451096377745547,0.88244024081134442,0.15223873277527278,-0.091927262783150041,-0.21413913605985455,0.97246789600723393,-2.7111230173132808,-16.029936587660909,-0.040069791236089204,0.3698689207508781,0.2777931338618186,0.5128205128205128,True,5
0.89166869901482282,0.43856382521685922,0.1121993868448915,-0.44551977661148939,0.89410126377788635,0.045771811836930555,-0.08024375268681086,-0.090800337675269266,0.99263096810083229,5.6400743178862891,-15.928819290387546,-0.65397365833307786,0.1975943346139917,0.2082465979153041,0.8,True,6
0.86551214240587382,-0.5008466158951238,-0.0064341817193949574,0.49045785093151656,0.84481171478858985,0.21387908503545358,-0.10168494385912884,-0.18827064004344068,0.97683895207449678,-8.2483214791405395,35.958802225214782,-1.5416439344342687,,0.361835712793322,0.5555555555555556,False,3
0.64299533479148308,0.6992369861941492,0.31244941442497659,-0.76407099284057112,0.61362063370280573,0.19916133107054301,-0.05246443877534307,-0.36679334104136824,0.9288219030749103,18.833425562476847,-5.2606552631785171,-2.7049295735693306,,0.3827140362263877,0.2727272727272727,False,5
0.36531590730189628,-0.93053050965467321,0.025637052755848461,0.92973427115253893,0.36609460021079149,0.039609705135970515,-0.046243625686681257,0.0093655911887502719,0.99888628621331854,13.49112931623516,9.0994820314742277,-2.8773406668851167,0.2842251627071406,0.3496517105405851,0.75,True,5
0.60456081002300521,-0.78292390092367459,-0.1467528273894031,0.79291463318045674,0.57389060546091564,0.20478270789303901,-0.076109207541725718,-0.24016606406018359,0.96774358701115171,-5.9863512637073493,21.625421344756635,-1.4656990458560715,,0.08270740402235024,0.4,False,1
0.89800749938999835,-0.43742486900249816,0.047349920986948513,0.43174386005414778,0.89680500295134957,0.096633462045896595,-0.084733525507130675,-0.066334535949069823,0.99419311956759937,1.8021520818871561,8.6779828354551594,-1.9039476241533968,,0.9358425409669765,0.6060606060606061,False,3
0.92900187938122758,-0.36642212221217463,0.051868453415082311,0.35343802181968498,0.92003159581030813,0.16918459576133096,-0.10971359459216666,-0.13884052385475662,0.98421859162352832,-5.8781211282074146,-21.220099302449093,0.50744407107960632,0.5119729109007984,0.4758638191308848,0.3478260869565217,True,5
-0.99425876892996012,0.035387111272545249,0.10098144761125899,-0.036292240041743667,-0.99931571457272339,-0.0071397423455660074,0.1006596926213934,-0.010763594371450136,0.99486268968012603,-22.943903360588003,-22.317635847246805,1.9306974242248356,,0.1647127907080096,0.7142857142857143,False,1
-0.43425032172751499,0.89242952661447306,0.12245896498916563,-0.89863802656663461,-0.43858622398108599,0.0095823453516307132,0.062260382973242323,-0.10588514608140656,0.99242731751566815,-13.501362456999887,4.3766494773359002,-0.27288577222621468,0.6989882955957046,0.3079584039182369,0.8251273344651953,True,5
0.3526353427814537,-0.93195759858099614,0.084281370827407304,0.93415361907892502,0.35587544635981572,0.026639869368043231,-0.054820899145773788,0.069337588113102477,0.99608582355713926,3.5404287309831934,-20.80512215753264,-0.21550114958029035,0.5254646441093769,0.4245631771606028,0.9454545454545454,True,5
0.95628811860466834,-0.2907635696503279,0.031138092101835484,0.27508450778021137,0.93058701591367177,0.24152912741987539,-0.099204575473424053,-0.22240582810953158,0.96989386008369538,-6.3649038966798637,10.084295393715523,-1.2529827811766279,,0.2356826786290638,0.2758620689655172,False,5
-0.83072978846143564,0.53150188617588068,0.16551061462727751,-0.54421711894608715,-0.8379615888930021,-0.040596834678777768,0.11711424340719004,-0.123798709732358,0.98537207868894106,-17.477974977896832,6.1904132479490883,0.281435216311546,,0.1660174897147021,0.3518518518518519,False,6
0.70007141778762094,0.68227591775228169,0.21071208330826888,-0.71188485282686176,0.68993072694632362,0.13120803455198035,-0.055856658622822825,-0.24185773518868056,0.96870267348495231,15.589150239634492,8.7468939166629784,-3.0112343392823808,0.3025382367627961,0.2529580228184348,0.5,True,5
-0.99196841349449361,-0.085560426371994222,0.093156213256335441,0.079782635834571236,-0.99475048376374198,-0.064079685322962654,0.098149873400353901,-0.056132775549087785,0.99358729554108649,-26.968763044517583,13.782034094696568,1.4726565547571893,,0.07427308779386507,0.2272727272727273,False,2
-0.97754964383271903,-0.19407707312765454,0.082041352553013078,0.18504194512606689,-0.9769669596516003,-0.10627811765867215,0.10077783678213381,-0.088711044607263867,0.99094610255967108,-16.2956991182099,24.065989229443378,-0.11941069016609605,,0.1647172358461682,0.6666666666666666,False,4
0.042046591542088063,-0.99712025065542498,0.063113309789255723,0.99883835200340043,0.043439154038252104,0.020856329101062714,-0.023537856886803078,0.062163056788600519,0.99778841628066273,-24.789385136085457,-18.115914550670297,1.8606370455666974,,0.1453487148883713,0.1,False,1
0.037539676079685141,0.96328020159705652,0.26586091463576766,-0.99924526551429016,0.038842919458529995,0.00035630775236053167,-0.0099835898908437939,-0.26567363591269794,0.964011331423972,24.978028892379104,-11.667658898414249,-2.9716267137331882,,0.2453150065093125,0.4166666666666667,False,4
0.98475891729833387,-0.15117666461115181,0.0859970399401047,0.13501475039409011,0.97615919349034175,0.16995365880235372,-0.10963982842669089,-0.15575251215095243,0.98169255013024981,26.452638486739712,15.782883313534935,-3.9721170970229545,,0.4953061633176606,0.9333333333333333,False,3
0.99175192438567206,-0.0059248622648273488,0.12803521579807398,-0.014566761813663296,0.98724857819337297,0.15851830905428108,-0.12734178390293011,-0.15907589654723736,0.97901937121290561,-23.131050640681092,-10.295328548467394,1.3181316587286689,,0.2993140899669174,0.4545454545454545,False,2
0.97890784498986627,-0.1994747844109156,0.044150214059677673,0.18340984217097853,0.95323656862592743,0.24021006229774208,-0.090001448944522014,-0.22704593063626377,0.96971639388503694,-10.772491457671496,14.81496298669995,-0.80355137775442198,,0.2500166336443312,0.5945945945945946,False,2
0.99183695336973032,0.077967512800038899,0.10089858709628299,-0.086526020018042507,0.99275052215476101,0.083424508516899559,-0.093662723588884292,-0.091473863530654009,0.9913928719234808,-16.564640732670341,10.315268049549399,0.06041116391144398,0.3837233803621807,0.4292378252629448,0.9121212121212121,True,5
0.65635296745664429,-0.75435561162061182,-0.012181679988808924,0.74961800730516781,0.65023558455477037,0.12355779094232014,-0.085285551148403291,-0.090229129416219772,0.9922626058509435,-11.701036589045433,17.669906575436599,-0.6617601019929783,,0.1287416624481784,0.2857142857142857,False,5
-0.97823629861257866,-0.18633957850813249,0.091275985659829348,0.18488296815197158,-0.98246163084615401,-0.024236996563780557,0.094191465452444029,-0.0068341346582524373,0.99553064364659016,16.477596820180569,7.7551715351593185,-3.0648620623595284,0.5071548800477316,0.3646574014244728,0.6779661016949152,True,5
-0.11592588836248544,0.93130478537252992,0.34530071698389747,-0.99318164276361309,-0.11299363230551268,-0.028682111773310748,0.012304994300634317,-0.34627133262895399,0.93805370385422426,-16.63057929755702,13.160470139284287,0.11311655944148366,,0.3614243180147436,0.1521739130434783,False,3
0.15771654821126826,0.97397962881546041,0.16275494792116724,-0.98744425340708175,0.15406663663447243,0.034890082967421424,0.0089071226361167512,-0.16621418149075184,0.98604944553389706,-4.079176903564897,13.569241504937768,-1.6999385854110569,0.3639078815630331,0.3251814528161067,0.8410041841004184,True,5
0.92536698542098861,0.35324674839068604,0.1375233690842273,-0.36627581385794583,0.92668012021837076,0.084296992679235835,-0.09766253363275372,-0.12837713793145178,0.98690492955550568,13.209762989802027,-4.1555762237873948,-2.2284627140151136,0.3921360911261179,0.4116692493136727,0.7307692307692307,True,5
0.34053881277503223,-0.93862667782299569,-0.05489332083903542,0.9390064318707193,0.33653728840843355,0.070778347085240154,-0.047960795439518707,-0.075647955621184038,0.99598049625037532,-8.1212193407792057,7.7538577949165459,-1.0257035982487643,,0.07912230607257119,0.384,False,4
-0.94856653783842826,0.2747770097049218,0.15722314788491137,-0.29400294362938578,-0.94878695070531194,-0.11560965058581503,0.11740439698101413,-0.155887514281739,0.98077280267174372,-14.796267686571246,8.5478540338262121,-0.18015405726224995,,0.3127447279184701,0.2461538461538462,False,5
-0.76579114226415335,0.619365042306668,0.17306319885586308,-0.6346466388562253,-0.77132092191866164,-0.047829689514398671,0.10386322842209658,-0.14646153003095108,0.98374867217330131,-18.063679052965984,-12.561437182214867,0.79106826429523669,0.3340591325748798,0.3113779836597094,0.7951807228915663,True,5
-0.98314937770105226,-0.16975712281840988,0.067821975630681652,0.15551738071674356,-0.97170496681547491,-0.17777458131336066,0.096081452013574986,-0.16423147298417734,0.98173131653238532,-5.3321657634241308,13.05308164823928,-1.5199573544326508,0.3619078978360409,0.113870155007546,0.2068965517241379,True,4
-0.2986395465760826,0.94399391491472706,0.14032073911150439,-0.95313531602219881,-0.30247739728904394,0.0063634487905004193,0.048450908888226688,-0.1318442745560571,0.99008565119119485,3.1890682006752109,-13.656867102885846,-0.64480348053022163,,0.1082039896782647,0.3809523809523809,False,1
0.49063352422366108,0.85976165949813932,0.14173437749845791,-0.87035291168448137,0.49137805582196692,0.032146778671728958,-0.042006595080003928,-0.1391312154537187,0.98938261095298985,13.094505869858954,18.827455674379184,-3.1100443291527431,0.5007109512659766,0.5437717972799716,0.38,True,5
-0.41151771266992437,0.89668124131338944,0.1631438740363626,-0.90895609222557061,-0.41688937831695916,-0.0014382810989835675,0.066723268542045328,-0.14888249636266299,0.98660124047757403,-12.49876422535135,-19.594520859929158,0.89964968228684705,0.1532586106272981,0.2076223098381166,0.8787878787878788,True,3
0.41163043416722167,0.90447585856284751,0.11173095785996737,-0.91104081637286538,0.41158388329191786,0.024562937874155571,-0.02377007719737826,-0.11190231584442795,0.99343487715032752,-19.29616973718818,14.742891497213845,0.43467508873969912,,0.2865339228030964,0.8539325842696629,True,1
-0.78261964324472888,-0.61872601421805407,0.068444235238131507,0.61911897141631766,-0.7850937936500475,-0.017872727955645241,0.064793466027780966,0.028387576543551309,0.99749483821125107,15.74167727831208,-4.6357602784011149,-2.4520294294596123,,0.0742016535252541,0.3684210526315789,False,5
0.70351063117589507,0.66504687055069378,0.25057025320899939,-0.70907458590784178,0.68056199004203355,0.18452265261926462,-0.047812377499098134,-0.30748664634542366,0.95035042951383375,10.118776941057035,4.2080767206443479,-2.2838305483409242,,0.5246131484626129,0.4489795918367347,False,5
0.97799487427220555,-0.18557149311087484,0.095337541618675706,0.18132334632400132,0.98207324221637693,0.051516900144313607,-0.10318851668261581,-0.033096342202929716,0.99411104116070814,1.3520917962002033,-5.4997903688043062,-1.1313721140826409,0.6757743494938263,0.5487206038264496,0.9983193277310924,True,5
0.98500511793705681,-0.15399663193620233,0.077781456595452714,0.13931934428244094,0.97591458233932926,0.1678715231543558,-0.10175970689086687,-0.15451784793271797,0.98273556805670093,23.860115914619836,-10.736289263134395,-2.8905030911253249,0.5224814538916918,0.5039508419690992,0.625,True,5
-0.97046356421915381,-0.22170211658266042,0.095124350330634266,0.22218186424804903,-0.97498885562951543,-0.0056524859584611599,0.093998349572310777,0.015649373821897888,0.99544934947824693,-2.3705149354919746,-2.6637171058637277,-0.97686151254548625,0.3682647249641645,0.3456846207787664,0.9551760939167556,True,5
-0.064579030282261821,-0.99789170855084119,-0.0064565357031217824,0.99769118154266567,-0.064699637274714172,0.020646142703196896,-0.021020350135120852,-0.0051083208594783491,0.99976599759053331,20.554067473181806,-16.802250834164091,-2.1633053538456286,0.2751657325880308,0.223076673383352,0.1666666666666667,True,5
0.32915007092959347,0.93736481165323371,0.11405016738848216,-0.94416104408446955,0.32859794876251736,0.024151830207873197,-0.014837575285993061,-0.11563130174551882,0.99318137740106094,-22.230783436994948,-2.4417610355626556,1.1711923118188425,,0.10109257063141,0.3,False,1
0.66006002040375622,0.71824794088551625,0.22009240077364894,-0.74941991256587615,0.6498190504237511,0.12690546227853564,-0.051870647907533471,-0.24870684976512011,0.96718888474049503,-2.7762724961941028,29.512192216680134,-1.9940676864326956,,0.388553299852702,0.2,False,1
0.16285948168722392,-0.98518939578691,0.053652992960236671,0.98534313424307973,0.16520038293347802,0.042517540834997904,-0.050751325348135173,0.045942223581958402,0.99765405580679722,-12.418388609319615,8.7562439965486405,-0.51309731970567096,0.5081736482883573,0.4223374268331982,0.9974968710888611,True,5
