axis_00,axis_01,axis_02,axis_10,axis_11,axis_12,axis_20,axis_21,axis_22,location_x,location_y,location_z,dbh,dbh_approximation,score,reconstructed,number_clusters
0.74104796906375614,-0.67145084953866796,-0.0012900388690216986,0.66169535646581235,0.72995227019122177,0.17125693701063099,-0.11404894904410104,-0.12776321808909979,0.98522555657344424,-7.0400485046739831,-21.352286471408501,2.3539284196086254,,0.06959181599632766,0.125,False,2
-0.93569826064703232,-0.35176257366990243,-0.027052851739601647,0.3524556728841175,-0.93542274113359725,-0.027555290270846244,-0.015612932905844881,-0.035318368241370579,0.99925414644666066,-32.028116798778022,19.911276758093226,-4.0149351071335362,,0.3250212482324631,0.4166666666666667,False,3
0.97315875444106659,-0.22991712226169997,-0.010007774258696242,0.21567165980162387,0.89596317864186392,0.38824698025404125,-0.080298031190852409,-0.37998434100482065,0.92150101832716758,-18.245573173387154,21.762963815787291,-4.5806944391909914,,0.6012212762896985,0.3382352941176471,False,4
-0.98998209712518426,0.1387311347656606,0.026251087944232976,-0.13588205364854627,-0.98664571234829934,0.089812614932265486,0.038360329350480074,0.085345829138569793,0.9956126629270915,5.1358130144619185,23.562317892296115,-5.6771360094201295,0.6345960106378846,0.5588240196212501,0.925,True,5
-0.29725242594672568,-0.95468105492975996,0.015002620670639105,0.94676286823018008,-0.2926798899222412,0.13408412797817398,-0.12361661138111235,0.054060756499567139,0.99085638111552032,-1.0945819235603473,29.203512387058161,-6.3523209311809667,,0.23582047409803,0.5,False,1
0.9987910734241916,0.020007864228364924,0.044900746287464308,-0.029825200749304868,0.9727355408181283,0.22999135859750797,-0.039074915846558006,-0.23105248970371031,0.9721563135387753,-5.6353593369644868,31.629951356530761,-6.5975217280361518,,0.1772110062664321,0.3076923076923077,False,5
0.68767568209821572,0.71845466891998966,0.10452293986404129,-0.72134896790134573,0.65983415335531415,0.21041520043366471,0.082205977631903765,-0.22009493127499377,0.97200843538965187,6.6868259432222352,-14.087635307533686,0.85803371404581608,,0.08214308549471477,0.5714285714285714,False,1
-0.99779224923106302,0.058799615520159901,0.030874465000976604,-0.058253131539804645,-0.99813388501763445,0.018311751565825374,0.031893573650836997,0.016472789511302446,0.99935551590287119,-3.2257367168043793,22.12004790210996,-5.072365229060515,0.3105364440605247,0.2173019967630775,0.6166666666666667,True,5
-0.022150178944575095,0.98716289040314131,0.15817331438532944,-0.99029834368721592,-0.043373315113469951,0.13201494622362042,0.13718075689790116,-0.15371461656909724,0.97854650200689774,3.1640593726822015,-13.891306678071217,0.87665914298658321,0.4806039549846755,0.2218573541808783,0.3823529411764706,True,5
0.89800648678121708,-0.43803721128964151,-0.041324946756765853,0.43127997469706086,0.85776593694696557,0.27970552522035708,-0.087074296575728988,-0.26899999802804336,0.95919605291971144,1.0207594114827665,-18.503200087692118,1.7573104736666931,,0.4663080012509505,0.75,False,3
0.79575761944021883,-0.59781622029434278,-0.096879192068376446,0.59671488796900896,0.74664133836488344,0.29403750495613357,-0.10344638021201374,-0.29179184121164375,0.95087137291189383,-0.64619013978891593,-11.315055165180842,0.56626194934207075,,0.2091465583989721,0.1346153846153846,False,1
0.99915880133513757,-0.032524553189522763,0.024976852370791759,0.025482599163156868,0.9696291211821737,0.2432488530196486,-0.032129843672515666,-0.24240775729193703,0.96964228061191304,-8.5448092439760686,-17.738975038096651,1.7857335635012062,,0.1124032802600321,0.2790697674418605,False,3
0.6918898233695695,-0.72111220463358827,-0.035856110303715327,0.71249143226911393,0.6738978099748909,0.19549347982516591,-0.11680938002032544,-0.16080712061203001,0.98004930421879044,10.04223401312076,-5.9759722862747156,-0.72127393082848656,,0.3222084386417282,0.6346153846153846,False,1
-0.85760369585433904,0.50818181082725511,0.079165320698590003,-0.50599448914704681,-0.8612497512930648,0.047100348729636615,0.092116653270718288,0.00033621714151946258,0.99574816552592083,-17.755271395077799,18.887455171611339,-4.1565144953509163,,0.09309162674641837,0.4,False,3
0.94077698162794676,-0.33883609677070847,-0.011347703036374661,0.33162772647695238,0.91277703148186662,0.23845574396705038,-0.070439490846670907,-0.22809688801985661,0.97108706499722208,7.3289286977696975,-18.333397684527949,1.5496195794863366,,0.0951669814189087,0.3636363636363636,False,1
0.38765517853108705,-0.91680969603058382,-0.095830286560876027,0.91153059735009045,0.3657795953323989,0.18792886349109306,-0.13724224077381711,-0.16020383548084957,0.97749644421072268,1.7704114547021319,-14.826996530754514,1.1222730665146468,,0.1862642887848677,0.3809523809523809,False,7
-0.55055029711217818,-0.8215648088795432,-0.14807307371839615,0.82871087271313471,-0.55925504719550745,0.021727439641773788,-0.10066111362750126,-0.11074771779622281,0.98873772215193689,6.2355978619675447,-8.7429393070946695,-0.066848803138325211,,0.2516870774951163,0.3684210526315789,False,1
-0.98192340064580008,0.17468512686894491,0.072880324608016758,-0.17973309073228549,-0.98124797950501808,-0.069630588200452537,0.059350243133530933,-0.081470909950126666,0.99490705066950358,-23.6283065414653,16.229804634865932,-3.5950159593833582,,0.3275493972499975,0.375,False,5
-0.25730069559792396,0.93115166496338331,0.25836588180474529,-0.95861059408326388,-0.27968311183431982,0.053320595139242102,0.12191013475571304,-0.23395284522867102,0.96457450995413174,-9.2623353073734087,26.159367089779874,-5.5910330074967485,,0.3989395352520635,0.6923076923076923,False,4
0.93987949132703941,0.31286696315362411,0.13689706041349448,-0.33972481847986002,0.8974592859742595,0.28134298947618996,-0.034836611368692212,-0.31093583483671067,0.94979224945392426,16.022312883575012,-4.1214508867750617,-1.3754477907345872,,0.2806714531869216,0.2142857142857143,False,4
-0.86637467885705777,-0.49108482411117432,-0.090722716907223583,0.49884560665283872,-0.85953755078521832,-0.1111227227587156,-0.023408899130297069,-0.14153054199658169,0.98965707652886625,2.37539586987331,-8.3490171662896966,-0.055775803233066135,,0.2925719727524307,0.2666666666666667,False,4
0.0076763878455421352,-0.99734659003887549,-0.072393731824454549,0.99142999573788115,-0.0018508095710547349,0.13062594709748732,-0.13041332992002266,-0.072776052666779903,0.98878511797933744,-25.799219010360869,14.664690174264084,-3.2857785673265822,,0.1728824336533344,0.2,False,3
0.19744223020955623,-0.96563587026022968,-0.16900867373199485,0.97367889651533268,0.17314402046719696,0.14822467627605501,-0.11386822300608278,-0.19382598959692218,0.97440521013909442,1.235733504018103,-6.6685063988112789,-0.2854253406424232,,0.2888357892950146,0.2911392405063291,False,3
0.85375976193276959,0.51490527516575757,0.077245236170127587,-0.51911886214549452,0.83036844727575232,0.20249407086042101,0.040123258457781794,-0.21298074883738682,0.9762322084193894,-8.1579075841608066,-19.834709272409228,2.1378982400897582,0.2174405241538085,0.1657641020839227,0.5588235294117647,True,4
0.33452180074061977,0.94171121084238807,0.035709385363185513,-0.93425240934927112,0.32642740899148309,0.14358823866943027,0.12356213195933201,-0.08139497547680935,0.988993052307646,-6.7714631977373347,-16.003579398517907,1.4729646191261143,,0.07595247085726012,0.2972972972972973,False,3
0.99293861322159604,-0.11780266712663787,-0.013980056917765094,0.11123723947868798,0.88362931269284761,0.45478073211507786,-0.041221195115309556,-0.45312445240553473,0.89049370784158222,-12.352669257818091,-29.653552531544239,3.8466045813791223,,0.4099131289192626,0.3125,False,1
0.034331144762935063,0.9975292378351438,0.061292676261567078,-0.98995688914009294,0.0255269353335685,0.13904579539326978,0.13713763211947927,-0.065450708449295514,0.98838731002585678,-27.549086478340996,15.736011613885731,-3.4387567596736575,,0.2078850030994866,0.4583333333333333,False,3
-0.75276739398406989,-0.65766326507735384,-0.02864053634667317,0.65474787548067748,-0.75251698615076523,0.070875984000975098,-0.068165021146991578,0.034600799446859343,0.99707387618454157,-24.033232547331654,17.976226701256511,-3.849575508478853,,0.1144544307774636,0.28,False,3
-0.28023771827312416,0.94092863884691913,0.19005293434924736,-0.94691149345050829,-0.30346186186840107,0.10615800470380632,0.15756092417983278,-0.15021383088467477,0.97601760239380375,14.959685054883067,25.578977362552347,-6.51501998379059,,0.2387221407751691,0.1428571428571428,False,5
0.59708953914919027,-0.79003382971788849,-0.13903463647556799,0.7942161366492273,0.5578646212925199,0.24084806952958632,-0.11271561792663347,-0.25423141468244825,0.9605527456959233,2.153881947779567,23.643171688510588,-5.5457588643932896,,0.349489138991744,0.3571428571428572,False,3
0.89407930659270074,0.44690001404325802,0.030042818956480807,-0.44623537673432884,0.88294092349090958,0.14590858157007655,0.038680512838993687,-0.143860012071305,0.98884180476624117,-15.788694590405127,-17.031106569329662,1.7412316301647834,,0.1024208660165322,0.3571428571428572,False,1
0.8759246460723763,0.48122257872556479,0.034363412631762728,-0.48044665311186546,0.86359466570237786,0.15288972131574319,0.043897926108074886,-0.15042966162002896,0.98764562925590593,-6.9463455529508167,-23.683868369811673,2.7444469828337299,,0.06674525262251871,0.1875,False,1
-0.72252649026532845,-0.68779399073526593,-0.069963541743695873,0.68611738557559043,-0.72580308134270033,0.04952595606706077,-0.084843409147566398,-0.01221938713262501,0.99631936772418506,-18.470418224979934,19.252634234724034,-4.1987176189070956,,0.1807451372134442,0.5,False,2
0.57980420391072707,-0.80058557824577936,-0.1512938102908363,0.79871945263846644,0.52184604318037231,0.29953955196918158,-0.16085496916277417,-0.29451560081235179,0.94201180447687738,3.3862655083133739,-6.0750167539058895,-0.48031213436328662,0.5630127767992469,0.5716189731819573,0.8,True,3
0.99957542885691109,0.00058107789570314679,0.029131158130144594,-0.0085453764548147973,0.96168195624740027,0.27403428903956562,-0.027855673870324175,-0.27416687870100914,0.9612786193693158,8.072064415358648,-9.9813575384469235,0.030637112128495674,,0.1615585112821148,0.2173913043478261,False,5
0.83839749382106565,0.53837664596235713,0.085089537763929121,-0.54224886370925929,0.80801584931927795,0.2303834999622649,0.055279400870247089,-0.23929265415212514,0.96937258755767264,-13.865419880852777,25.481768271117144,-5.3404013204833074,,0.2555577577096292,0.375,False,5
0.77457930599322888,-0.63240327291011844,-0.0096436061521777451,0.62260448461837703,0.75971681870797092,0.18760066925606875,-0.11131286745086141,-0.15131574863447025,0.98219803998738286,-5.9347557648143701,-16.79557979073245,1.5823169815778739,0.2348260758365329,0.2170113328682483,0.8245614035087719,True,5
-0.43685070834886702,-0.89704465967595914,-0.066875534853457,0.89261254193032191,-0.44149460237712501,0.091243443931898024,-0.11137463177843653,-0.01983417804465425,0.99358054367902693,-8.0864692992854241,-23.020256298536591,2.6642261075499851,,0.1190431972327186,0.2173913043478261,False,3
0.14774671911092088,-0.98410341851328009,-0.098546276755824308,0.97896621443890397,0.13134153669334228,0.15612351432822047,-0.14069846473619144,-0.11954021252075935,0.98280927936775753,-10.394352412076591,-18.053561531278071,1.8712270022645789,,0.1708115637642638,0.1071428571428571,False,2
0.99325124159439993,0.10920107514604527,0.039078078997450624,-0.11555452373063235,0.96064594709806705,0.25259951775378403,-0.0099560592891932906,-0.25541043344195108,0.96678145791715764,14.45441242219615,-6.207898792945528,-0.90382280748901123,,0.7926251998719999,0.3,False,2
0.69582445055054409,-0.71820845027375757,0.0022262011141051773,0.70871864626613679,0.68712611871622598,0.15992366120330173,-0.11638820580594567,-0.10970104344691403,0.98712687462956361,-13.103876246263788,-22.186483531325106,2.577449048325918,,0.1195615017272513,0.5416666666666666,False,1
0.96287425654227277,0.26438040338045887,0.054554270195399136,-0.26796286823952181,0.91158728015712809,0.31177641331662564,0.032696595128781217,-0.31482000089593509,0.94858805585083616,-9.7403778236119347,-26.741464055040765,3.2983457845674495,,0.2915799537887374,0.1578947368421053,False,2
0.94482070660827122,0.32317580230764209,0.053583889062472377,-0.32535149246310502,0.90665159840446019,0.26856895848676915,0.038213069966671606,-0.27118311140896945,0.96176893346077297,6.3033206779618016,-7.4249315791782911,-0.34047073678014178,,0.1449036156062773,0.3269230769230769,True,5
0.92876822308027329,0.36140142603907471,0.082332235808552229,-0.37046023770755149,0.89776587351344317,0.23827641224491533,0.012198363577807209,-0.25180437965128305,0.96770127328347366,-28.458730320845206,20.672030295160809,-4.2264484753357658,0.2643568955703142,0.2363071928527823,0.5428571428571428,True,5
-0.98976598472287447,-0.14269407786279423,0.0013021629871067218,0.14267565550282596,-0.98972441155818358,-0.0094470361831201777,0.0026368186128538293,-0.0091645681127415606,0.99995452790559891,-18.761007498213687,17.997333487968863,-3.9353076025411307,,0.09687564391438758,0.16,False,4
0.35003665248231619,-0.92520857675239976,-0.14650403210414717,0.92657051523679768,0.31899876725644333,0.19926581940384161,-0.13762783952670768,-0.20549665688927449,0.96893224829940605,10.211742083574642,-7.6993117083201899,-0.43377600407270678,,0.09639000516281129,0.25,False,1
0.96715946369920158,-0.25384158923401684,-0.012923596721573893,0.24901622779396521,0.93613380481371566,0.24828293896331308,-0.050926320035294792,-0.24334737939855619,0.96860134362260619,7.8257894149382592,-11.839522983643013,0.38936557787715437,,0.1266038227998876,0.2083333333333333,False,5
-0.44828066401737893,-0.87315820419476775,-0.19141367954121338,0.88496388699174011,-0.4636991473437424,0.042685120043836552,-0.12602922275650333,-0.15025927991327082,0.98058084001847445,20.95354685712357,28.153892606025938,-7.1581163799391225,,0.4531739642982628,0.3478260869565217,False,5
0.83524205670434504,0.5374088171426703,0.11645801805634316,-0.54558284997857098,0.78347978019859643,0.2974874582721409,0.068629880675662891,-0.31201153388500663,0.94759629705965454,18.196135939716328,-5.2462899981230127,-1.2957896897169408,,0.3195676080558585,0.3181818181818182,False,5
0.98137748149631043,0.19018053136495772,0.027011188454103375,-0.19206780462716419,0.96942260502687549,0.15274086319191138,0.0028630818469312716,-0.15508442330760064,0.98789707176896147,-19.489815234768088,3.76285561705093,-1.5936235946732056,0.3515495720677471,0.3225195162561533,0.952755905511811,True,5
-0.87579031354771664,0.47037124625390869,0.10836151251037492,-0.4749545199399508,-0.87979026632361457,-0.019679717244752315,0.086078630824393779,-0.068702095890644146,0.99391674265786933,-28.406402175344382,18.175072647420183,-3.7918138233187504,,0.1361403688029759,0.2105263157894737,False,2
0.7265627992936462,0.65834147854988312,0.19670535402813891,-0.68289928921819687,0.66028808202228195,0.31251913465357373,0.075862108248209992,-0.36139472375795817,0.92932168497891332,-34.319779228954225,20.092316741886279,-4.0002720839972241,,0.5532484056891348,0.1363636363636364,False,1
0.94013246482333113,0.33765751809338779,0.046242286494294099,-0.34005668597529143,0.92036952809316985,0.19308387317706383,0.02263623000212325,-0.1972494163047582,0.98009196959199774,-3.551210073258809,-23.05137176669604,2.6116623122001394,0.3999084712552444,0.3249377485147922,0.6590909090909091,True,5
0.98323452807721201,-0.17898107785511977,-0.03486598007516882,0.17539366351328375,0.87600687122510856,0.44927611150136304,-0.049869084573225309,-0.44785905744577265,0.89271234956597989,-22.259301203339604,23.524081772436134,-4.8030881508402032,,0.7771274510971342,0.1818181818181818,False,1
-0.35893491626226792,-0.9325518891573672,-0.038893443108364817,0.92389591691731188,-0.36090564702691436,0.12713555225664822,-0.13259736268613145,0.009699895520523201,0.99112252090020259,-1.248225353830368,25.994475923672265,-5.852026195035716,,0.1336206969996382,0.3684210526315789,False,3
-0.64099513287626098,0.73808963490178714,0.21059185758117605,-0.75782309830783012,-0.65211962421169356,-0.021074804604528263,0.12177598819169627,-0.17310022116838902,0.97734687912295992,-14.796957993523343,-18.515002998755019,1.9565873655690109,,0.6292268683432115,0.3623188405797101,False,1
0.77898974941194588,-0.61721358242179836,-0.11055480082367977,0.61542028109243474,0.71880021163415198,0.32339470214399968,-0.12013678841729594,-0.31995882458333241,0.93978375312623352,-6.5775095969395121,21.056732125064769,-4.8053466929331572,,0.5688346658379452,0.1923076923076923,False,4
0.010892088967999366,0.97649242784260037,0.21527633581975014,-0.98499159175142248,-0.026609883147760974,0.17053878825024427,0.17225831352045776,-0.21390290433962583,0.96154699361922036,4.4248989096215761,19.343742193643944,-4.9666569881406639,,0.8348612294598754,0.5866666666666667,False,2
0.56569336471112275,-0.79456855181932617,-0.22057160647179325,0.81815101447889371,0.50737979468704475,0.27054511906609802,-0.10305306705268652,-0.33350646231080933,0.93709844998696001,10.693710065230011,24.612147158410369,-6.0643793335734921,,0.4150082916492757,0.1153846153846154,False,5
-0.3587113011835657,0.92943546899683338,0.086463352779254571,-0.92389879591673441,-0.36673088452574437,0.10917634010431715,0.13318114471201134,-0.040720600506397975,0.99025482346090921,8.5300667374986912,-4.8346777450301159,-0.88904940766978469,0.3907360002888781,0.3814002407041403,0.5352112676056338,True,5
-0.45469516307632374,0.83903866116314341,0.29877488808223873,-0.88051561071004447,-0.47392966328405267,-0.0091067862268017219,0.13395733638331137,-0.2672167646930545,0.95428016467705323,-22.192818454443028,20.377599522532392,-4.2889383201611899,,0.4397282336183361,0.1428571428571428,False,1
0.67485551503081775,-0.73790151553009964,-0.0084490952694329206,0.72851983387183461,0.66436353290995009,0.16697289538953311,-0.11759628177729212,-0.11883791279634479,0.98592528367740095,-3.5069162698567982,-12.535546333935995,0.792706579847547,,0.07030371648123375,0.2941176470588235,False,4
0.98286335077072706,-0.18264436266923204,-0.024913259459357007,0.17676771906241776,0.89553607852217698,0.40837275320788935,-0.052276258561696418,-0.40577847263041383,0.91247521826103284,-7.0954953519527955,23.033991943370111,-5.1083016594997073,,0.654303884760367,0.3148148148148148,False,4
-0.76798008419289387,-0.63891078337529872,-0.044716900270889079,0.63824377374286889,-0.76925971045021246,0.029738580270680576,-0.05339920937182497,-0.0057016457989213336,0.99855696666421934,-35.858234330917661,19.077710637370789,-3.8103152708545975,,0.3389546911572486,0.1875,False,2
-0.068368267067114061,-0.99435940579164206,-0.081087312028032613,0.98851520158442874,-0.078497069686573578,0.12913522481149811,-0.13477194179329288,-0.071327289057645904,0.98830609708781569,-1.7661072457971418,-15.57863393518522,1.2745385128206377,,0.09065385141663661,0.4814814814814815,False,5
0.30883645436168178,-0.95075431822483925,-0.026196771444732876,0.93950854907208703,0.30066213800741542,0.16409133124352712,-0.14813416445158079,-0.075289475663153166,0.98609723870245203,-19.925544432000418,18.773671910229446,-4.0614644661211612,0.4702503177089278,0.4494016200775555,0.8452380952380952,True,5
0.68506820425449533,0.71728953718732136,0.12718991847280428,-0.72319065183174125,0.64864929178818531,0.23716951188098817,0.087617558872075535,-0.25445985165499718,0.96310609346686937,-8.1841648329660188,17.744358407903114,-4.1997859626257901,,0.2849273596188856,0.3809523809523809,False,3
-0.70612795951052587,-0.70796851641330982,-0.01280174070349429,0.70365246031755613,-0.70361332386519226,0.099002553342969396,-0.079098166138997505,0.060900494636041788,0.99500482906694188,-1.664190988239989,-14.603885428793598,1.1170080819093249,,0.07515300297622944,0.3548387096774194,False,5
0.90040210959734979,-0.42924501841924884,-0.07088550765073158,0.42887793905438343,0.84838266404072082,0.31033944117310397,-0.073073623319961811,-0.30983151795359487,0.94797925929709259,14.487166766798174,-3.3386178837855107,-1.4303595683214794,,0.1808880995391784,0.3529411764705883,False,3
0.72244061088271738,-0.68972472139439256,-0.048573371767198774,0.68164526485773236,0.6986759628454251,0.21728237811440415,-0.11592798042077206,-0.19008342284230492,0.97489947980092562,2.1489028513715316,20.410083326920269,-5.0465259840607475,,0.3940960434475065,0.1428571428571428,False,2
-0.93132329363907773,0.36034928537875449,0.052776085988647997,-0.36173011169663111,-0.93208595916011083,-0.019159619738355033,0.042287693448600526,-0.036934499639181759,0.99842255268959157,-9.8868417317012991,20.037855215507001,-4.5576419070904119,0.7675696379796022,0.7926146249798095,0.8235294117647058,True,4
-0.85960418776389136,0.49944858134485448,0.10785061414472194,-0.50012161756559481,-0.86565833218146115,0.022671999655615449,0.10468528082951446,-0.034449477752552582,0.99390855990891969,-10.366260513682001,-25.388405047705806,3.1028796065196849,,0.5317082677737872,0.65,False,3
0.7513449933844556,-0.64766869736335653,-0.12651466069893016,0.65647816746956855,0.71404805546204797,0.2432525233716297,-0.067209497482940972,-0.26582067817707711,0.96167679107981452,-10.157630161208209,-12.447323591061595,0.89966677560213537,,0.3701559946207152,0.203125,False,6
0.25516160360040513,-0.95350984610578915,-0.16034815068276914,0.95680302797890215,0.22509922987408046,0.18400625630803935,-0.13935753190435668,-0.20037292753615726,0.96975778842560256,7.8969998492279885,-8.800845787227491,-0.14995421167599224,,0.6106399721218565,0.1666666666666667,False,1
0.98948936865268189,0.1420489615893045,0.027071790386242859,-0.14456991166165159,0.96759379481879093,0.20703088868647779,0.003214026362461455,-0.20876862968264859,0.97795977897609321,-5.4017229015094852,-9.4637207275078481,0.33522730797149886,,0.08535496054400468,0.4741379310344828,False,4
-0.09006761668494398,0.93459307990235629,0.3441273011885615,-0.98616785733356638,-0.13196567152718755,0.10028967394753119,0.13914302564921346,-0.33033443135254209,0.93355148860476667,-4.0478165326171061,-10.716476434638848,0.5144425585168616,,0.7159282498057117,0.2731707317073171,False,1
-0.89446369126128356,0.44615427294215981,0.02968281911633968,-0.43923655228251035,-0.88914079238940358,0.1284519460659054,0.083701589914493071,0.10185782269711854,0.99127141984483236,-18.398226986753663,-0.89228065761538844,-0.86291923842811125,0.3709731454543357,0.3747213771689509,0.9528795811518325,True,5
-0.98523256676299975,0.11234159598629445,0.12921360300232412,-0.1160957700281878,-0.99299712436813037,-0.021874258345933623,0.12585134711695445,-0.036552384434872499,0.99137548972171563,-29.467309696783794,20.54779423789434,-4.1274962410756775,,0.286329531020253,0.6111111111111112,False,2
0.80654742332858786,-0.58987159710816706,-0.039150387572489287,0.58118227756294749,0.7790594029923017,0.23514592672641255,-0.10820542578244829,-0.21240985272425242,0.97117127238036649,16.704725396289437,28.8070364382375,-7.1029614121126867,,0.2498865323717135,0.3125,False,3
0.68337581729730135,-0.71118816507354721,-0.1649511630530868,0.72051637971285309,0.62057008678110259,0.30943321405107388,-0.11770148214329554,-0.33030919038351808,0.93650531223771272,-27.103018532002416,25.120409700630432,-4.9138831187152832,,0.3703987294252175,0.1875,False,1
0.32342791020287776,0.93651379269966717,0.13541160579907377,-0.93687363061380513,0.29682782381308637,0.18482706314523914,0.13289916163131429,-0.18664179353422367,0.97339747983237623,-18.003928383074967,23.783649108916396,-4.9511404146815066,,0.3643450989078583,0.5,False,2
-0.63067154785675683,-0.76382041946335266,-0.13722888010470388,0.76904978328253149,-0.63883110411226218,0.02138343405067844,-0.10399918055953333,-0.092049917053392744,0.99030852930458457,4.0171717980178698,-7.951670813241444,-0.18896519012994092,0.625462569456195,0.3259383169560919,0.4413793103448276,True,4
-0.74169745272962062,0.66001175258328815,0.11945448951935088,-0.66171454097275029,-0.74913449003760335,0.030518553394985271,0.10963008200131201,-0.056409239385378007,0.99237051691006462,-11.411684562909178,22.660741626703555,-4.9499428527604232,,0.1715678866863826,0.2608695652173913,False,5
-0.9922762334949945,0.12134729661821435,0.025743155293016774,-0.12176626579406166,-0.99243965280074187,-0.015378948706420315,0.023682334250642836,-0.018394813187306704,0.9995502878256034,-2.4033289558133659,-13.072263706828604,0.867421251887038,,0.1623468514137611,0.1818181818181818,False,5
0.57160580717845999,0.8132171676476696,0.10929153417791868,-0.81463555571582613,0.54650945424177266,0.19415542173198991,0.098161665447507263,-0.20001313623725239,0.97486359700683756,-32.658863061680478,17.40361913066166,-3.6102374333395786,,0.09094850613614738,0.1538461538461539,False,1
0.52988239902542345,-0.84794531498007908,-0.014607737894523989,0.83712742805813178,0.52020887721776765,0.16911650793640939,-0.13580247566166806,-0.10184039899353695,0.98548780851768925,14.549693036084555,-12.312556098927317,0.22499982908693142,0.7243197576515681,0.6542943171564553,0.7714285714285715,True,5
-0.95509999772108123,0.2863589099254541,0.076043205215828968,-0.28635037491255239,-0.95805892607955734,0.011249753185121808,0.076075338583746363,-0.011030361081632179,0.99704105933195009,-7.8768751430638781,-11.856071160375834,0.78089282098598101,,0.3509501947779803,0.264,False,4
0.81897980609995902,0.53525448288542521,0.20682049161417815,-0.57089134063971014,0.7236496172216772,0.38783283599704976,0.057923694487389626,-0.43569928855344303,0.89822657251439375,-8.3263944514940729,-16.295750019897703,1.5333813742617008,,0.1959130752145191,0.28,False,1
-0.45545469184457038,-0.88987217275342512,-0.026240042604123586,0.88457243096753535,-0.45567494631675043,0.099458321277867745,-0.10046212245892766,0.022087540793968224,0.99469568335884639,-10.942095386536899,25.871855495060053,-5.480325389296854,0.2859966070486273,0.2378904091276079,0.7857142857142857,True,5
0.32774537702484208,-0.92403414420892782,-0.19683462138281954,0.93726723656618116,0.29181126484897196,0.19072575328685071,-0.11879854838522924,-0.24699612556337169,0.96170672185352057,-13.345643094961369,21.347341011511546,-4.6529008629633424,,0.5376123268968093,0.7272727272727273,False,5
-0.60479386538088487,0.78791048709086586,0.11585095912370802,-0.78542173300625451,-0.61417694767455833,0.076807410232442572,0.13167035246820075,-0.044539210561005252,0.99029247043663948,-27.364966898886259,17.646717130230257,-3.7493989331411668,0.3723678693383773,0.2818445783274056,0.6153846153846154,True,5
-0.32471401441373904,0.94538219446214122,0.028518682249717143,-0.9356565194957005,-0.32548811710589515,0.13639781210873669,0.13823055511899401,0.017606590152704649,0.99024356681307912,-9.7769667960272297,24.954964818619654,-5.4154754345085703,,0.1426057595302385,0.7307692307692307,False,1
-0.11528113833420225,0.95732818204310899,0.26501511468293421,-0.9858409128343173,-0.14297020927919718,0.087619711484715618,0.12177008551517396,-0.25116184249344242,0.96025505734097971,0.21399080084552038,-22.790027866220722,2.5097311671781504,,0.6818936192469,0.275,False,3
-0.088325204138265029,-0.99020943049063936,-0.10809228502228348,0.99071542341959784,-0.098589083274776251,0.093611657701202208,-0.10335186554901485,-0.098820425148063343,0.98972365610866098,15.795012350459762,27.288738088877277,-6.8006385646213339,,0.2878470297983215,0.4074074074074074,False,4
-0.96025700644575707,0.27670506989308569,0.036616742991363874,-0.27199017199502579,-0.9571067371701274,0.099840072123714943,0.062672385545384679,0.085912734556728293,0.99432950983616863,-21.822393355207435,16.834273986675036,-3.7145867211524641,,0.06952047049253127,0.2307692307692308,False,1
0.98426552687079294,-0.16161210826393169,-0.07143457899538494,0.17542389918415793,0.94218276405271728,0.28551373822814202,0.021161951913447601,-0.29355266236992089,0.95570864085595886,23.952177210068935,29.350574694889318,-7.592629177281192,,0.4566805548563015,0.8484848484848485,False,2
0.46980172052972008,-0.87324672119355129,-0.12933099903745995,0.86193829155995505,0.42212366994848427,0.28084513314624038,-0.19065341573132422,-0.24341686711059252,0.95099921339401927,8.2698065034158681,25.63803291589317,-6.1526481130942985,,0.4533008886913754,0.3478260869565217,False,2
0.54732218435527891,0.79178521603689911,0.27113575599313267,-0.83080104293745971,0.47490698805355452,0.29022918487280125,0.10103491261240193,-0.38410874028496483,0.91774311333297509,4.1655194071349078,-25.204139309514051,2.8190478358816016,,0.3818043695290242,0.1666666666666667,False,1
0.91334824453040353,0.39434023437631044,0.1014434017828038,-0.40587370605194723,0.86177753854095929,0.30431235400808665,0.032580959913549451,-0.31911636375830393,0.94715533437382382,11.108757251321304,4.2630541286935051,-2.5950103513972063,,0.1816675086974909,0.3870967741935484,False,1
-0.76182642950671042,-0.6450003868794697,-0.059958254063900471,0.64391062229697382,-0.76412677752756053,0.038592465047850022,-0.070707862350522677,-0.0092069968328601717,0.99745457511163815,5.2575906517174218,25.422606235193644,-5.995748537890508,,0.1210373667778632,0.1538461538461539,False,3
-0.13508656177010109,0.98721870314629767,0.084562716295513901,-0.98102083512235772,-0.14524231316334482,0.12846319131483885,0.13910334965400603,-0.065604135731703747,0.98810240131776417,7.1898391464616074,-5.5761126011236417,-0.7124644761422988,,0.2663501536810596,0.2903225806451613,False,2
0.93801194447143177,-0.34539538980865248,-0.028907035957555907,0.34124986351947645,0.90570624175068748,0.25148505781016584,-0.060680496676123824,-0.24576051015729275,0.96742940257693455,9.3406510030432539,-10.998939892220301,0.1988308880929156,0.526036553243558,0.2688727808092636,0.1875,True,4
0.18928482557258591,-0.98064332106520369,-0.050099218139236165,0.97319081510385352,0.18056834763442153,0.14245950031525054,-0.13065562446925849,-0.075721520605319018,0.98853192113950727,-2.4175747620677468,24.140147166297641,-5.4649045305719257,,0.08211011465350558,0.2631578947368421,False,3
0.96273601548609733,-0.26894777226560457,-0.028398244299980117,0.26376398081991848,0.91057651478299984,0.31824357518679713,-0.059732126263698365,-0.31387498549424664,0.94758354068282757,-11.624203636636883,19.645334969600398,-4.4305645836094083,,0.3456303676105222,0.4,False,2
0.28190873285672796,-0.95131286187271369,-0.12462465716967738,0.94911490675102173,0.25750589666608015,0.18130528664436585,-0.14038646701912386,-0.16939466348661564,0.97549837921963911,-5.3246134416253792,-5.0352923712710753,-0.37570503204440225,,0.7159202928270308,0.3130929791271347,False,2
-0.87403174172548737,0.48396270849934747,0.042995479277327026,-0.47765476882220675,-0.87208745980995173,0.10634558883014422,0.08896311751347008,0.072412424515421875,0.99339921708147261,8.5561346781450816,-6.1621357217139279,-0.62821272180325238,0.5958977776868093,0.6324178245930541,0.8901098901098901,True,1
0.83457955503985293,-0.55035676485237239,-0.024174318826214833,0.53904649612917699,0.8068047425193956,0.24185735973723993,-0.1136038789845578,-0.21488028953220009,0.97001062873054089,10.642075775648435,-13.091928373652785,0.52923282055635068,,0.1789752025986356,0.2727272727272727,False,4
-0.53251945630446562,-0.83174447466633794,-0.15692086387480544,0.84016413053581807,-0.54191633964616015,0.021234749480545101,-0.10269986571651521,-0.12053136391216396,0.98738286793689323,-1.1350127101100687,-16.279099468224874,1.4142170316177418,,0.3935627138780402,0.1818181818181818,False,2
-0.67566430070638661,-0.71885223971312318,-0.16349070374298474,0.73240230169477183,-0.67982810727539533,-0.037691020556019,-0.08405130113894807,-0.14520744477395262,0.98582461764710949,3.9257493353631721,21.101701296963054,-5.2145669896113116,,0.4008601100408299,0.4333333333333333,False,1
-0.639607227412194,-0.75922735608794389,-0.12031798040939906,0.76126912353836573,-0.64732912315276903,0.037872521244239205,-0.10663918693057658,-0.067370825184032257,0.99201272961832909,-20.710509897846887,19.119534803999631,-4.0989840296809126,,0.3523170473326676,0.1666666666666667,False,2
0.10054592493825631,-0.97391822605484224,-0.20340552090958425,0.98914395388947096,0.075828685974745638,0.12587394038182381,-0.10716695135261646,-0.21385345295676705,0.97096959025308949,-18.815671693022264,15.300344774815013,-3.5302593511657148,,0.3991879833125302,0.2708333333333333,False,2
0.86279267938506976,0.46936862354656456,0.18783473488557934,-0.50332967526812256,0.76265642336514261,0.40621966704527568,0.047413398887009198,-0.44502615106293703,0.89426153583618317,-32.302157836216047,12.734311941772475,-2.8653324814693861,,0.2087120898900209,0.4285714285714285,False,1
-0.94026308095590105,0.33421324880087028,0.064860179750642233,-0.3327257624383162,-0.94245161355570695,0.032840875690010915,0.072103436819329986,0.0092984101981608593,0.99735381583800475,-7.3061608143609771,19.948730741295893,-4.5918213391217053,,0.2461550006007847,0.2894736842105263,False,2
-0.34624702777191307,0.9185124132405289,0.19091344238207858,-0.92797892148156158,-0.36520388439655832,0.07403542468022882,0.13772478732977811,-0.15152910461269298,0.97881091810943832,2.4217758490358565,25.641809095248266,-5.8901734143283928,,0.2566910661750375,0.2352941176470588,False,1
0.96024431617727513,0.26528748700367144,0.086910312900787823,-0.27878793230238708,0.89521405361837347,0.34766231749604037,0.014427129021241585,-0.3580703107539564,0.93358315671651215,13.435183165305103,-4.4781623011603795,-1.1769174527963739,,0.1993679328649214,0.1,False,3
0.96173462533122911,-0.27235607056827776,-0.029810757514831226,0.26687517986809184,0.90660203254889682,0.32687978363395781,-0.062001200063985309,-0.32232735751533226,0.94459564141901953,-29.414309854436155,24.133485262944287,-4.7313985347867984,,0.3289892008820844,0.25,False,1
0.79063694951947538,-0.61213309928701476,-0.013648546142849365,0.60333705898301382,0.77509163827597272,0.18766285069879191,-0.10429576842934142,-0.15660785750384223,0.98213867231455176,-4.1699705890353647,-13.761876544186887,1.0153132794309558,,0.1106400282457736,0.3934426229508197,False,3
0.99983897588365778,-0.016574569030465613,0.0068779332195623676,0.013193434705146657,0.93875918271649772,0.34432126008443642,-0.012163699461901425,-0.34417507249495477,0.93882669534291208,17.068120857492271,-3.1989667921169338,-1.650481320122732,,0.4466386458445656,0.4444444444444444,False,2
0.8451802413666436,-0.53316828890925072,-0.037442426537335524,0.52386502384559852,0.81246415098149538,0.25586605902535753,-0.10599903959315987,-0.23586771519540195,0.96598686561144731,33.576703733596872,0.90648148434947629,-3.205317284270615,0.6012625829239093,0.6406657046787093,0.5,True,4
-0.92986194209705186,-0.35661928248536146,-0.09044034497460679,0.36215178156467187,-0.93054196316478066,-0.054200940019255101,-0.064829435822271714,-0.083152523407667628,0.99442586556359425,-5.3484514715987057,-18.281693130827982,1.8317796827155222,,0.3635023322366072,0.25,False,2
0.81258787421079337,0.57815972553487471,0.07370399212404713,-0.57981138213240657,0.78900568466885501,0.20319643380221758,0.05932712562809378,-0.20784937173267798,0.97636004160096534,39.072552994220942,27.362152843810879,-7.8739985909705572,,0.6801731004923877,0.15,False,1
0.59565659972118823,0.79245188201248196,0.13119919932480079,-0.79865042273656661,0.56686550488828646,0.20204207886094483,0.085736325272877861,-0.22512999369836156,0.97054920970864711,13.965499325866604,-8.0035467894591665,-0.52849291078724892,,0.3859497947417998,0.4285714285714285,False,3
-0.87014312120943205,-0.49126832521898556,-0.038812127594875116,0.49069687697247633,-0.87100678742906779,0.023743445031272903,-0.045470029045141719,0.0016152055683138853,0.99896439754858435,-17.729331522858665,18.102565817441967,-4.0213425349714296,,0.1007691975032475,0.2727272727272727,False,1
0.99866446092489203,-0.051664053356395574,-0.00034652039255298611,0.048298546743720416,0.93118581285022617,0.3613311947907466,-0.018345159253590676,-0.36086535929242541,0.93243747650698239,26.938191861320576,-2.916491914963196,-2.1766006955865249,,0.4291389366293702,0.4090909090909091,False,3
0.9927764080354694,-0.11993517897524816,0.0032490756170744928,0.11278166823006913,0.94211617247634338,0.31574897128853197,-0.040930416067185033,-0.3131016933884242,0.94883719922748966,14.99725935583306,-4.7712574525386344,-1.1787548068561975,,0.09962440965861206,0.3333333333333333,False,3
-0.81169320185466176,0.57473908485396807,0.10406310779595353,-0.57530454221508909,-0.81747594669394286,0.027527446004481732,0.10089018668639371,-0.037524137805771372,0.99418967471620767,-13.365348811823406,16.369079466435135,-3.8190938112965553,,0.8862049787186558,0.4833333333333333,False,1
0.40511650813482281,0.90546697119959929,0.12653133565750507,-0.90715449399336423,0.38087053730162368,0.17890879755678751,0.11380394924734064,-0.18726237711349408,0.97569537420934416,28.655586859850199,28.06776476936729,-7.786576877831572,,0.253460898285557,0.375,False,2
-0.74390903081681847,-0.6660295888542207,-0.054808216900939455,0.66430033155665125,-0.74592497049917683,0.047968821952660029,-0.072831472337897177,-0.0007246768110951568,0.99734399856850497,-10.245326629634986,-10.715522443662438,0.63932088940096155,,0.5279965168024023,0.6666666666666666,False,1
0.88977283957471764,-0.45634578854324681,-0.0072674090284162857,0.44836013910319311,0.87100467875058785,0.20080845414959694,-0.085308145088903414,-0.18193232498219691,0.97960356752518152,9.0192074562587461,-8.4144385285073593,-0.25607195475848094,,0.1505457391625219,0.3214285714285715,False,1
-0.28737651478997062,0.95479019619801364,0.076094809227230886,-0.94836759698939854,-0.29477422277662751,0.11707714792814439,0.13421490128790955,-0.038520628637055694,0.99020327278881604,12.028523331183488,-8.0129982655344119,-0.4492688124560022,,0.1195357034834301,0.3571428571428572,False,3
-0.99376349040667011,-0.11133740569052583,0.0061731052847480636,0.11102139315113535,-0.99307426025790502,-0.038441694499545959,0.010410350500072534,-0.037516605754234246,0.99924177699651251,-12.951918535406305,19.205315502054056,-4.3067273130349504,,0.1150698789215811,0.2142857142857143,False,1
0.4188959537355913,-0.90525065776419489,-0.071045243059911778,0.89773665408948744,0.4011261136707196,0.18211738202499198,-0.1363637776250031,-0.14006815322876762,0.98070680256788312,11.865700092249853,-10.807488575765396,0.038786884278386981,,0.07730419808159612,0.6,False,3
0.0093570812457294504,-0.97238436800163397,-0.23319752549421219,0.99058410105769545,-0.02284038027472848,0.13498687254923242,-0.13658544491371599,-0.23226484429411334,0.96301477576553984,-4.8785657062539682,-12.256365763110914,0.8151011756016926,,0.125999254875585,0.3157894736842105,False,2
0.98546646947276095,0.16394746203410954,0.044464224242261402,-0.16985789606095592,0.9541721291162033,0.24638149923157121,-0.0020329020235638241,-0.25035330577091536,0.96815241031509947,12.349346692618088,-6.1187688276576511,-0.85042201403630391,,0.1241065218639779,0.2941176470588235,False,1
-0.58271550986335585,0.79094916118433722,0.18666027693776338,-0.80202755460290431,-0.59676564933276821,0.024951181016624718,0.13112755706705667,-0.13516724528609989,0.9821076211797729,-20.179696568007824,25.252856028922981,-5.1012340908729081,,0.3867017773893683,0.1363636363636364,False,2
0.43186076928126271,-0.89195751057104955,-0.13382105698167843,0.88869532502289927,0.3954755682546085,0.23199072006470312,-0.1540029065902361,-0.21911383856249728,0.96346885290193385,5.1364172053203818,-14.127504136817453,0.89665487040016811,,0.2012764155911293,0.3333333333333333,False,2
0.91001389172960001,0.41055238793985344,0.057632053720416916,-0.41326190123351564,0.88725075680139009,0.20494071226630742,0.033004815527568614,-0.21031602723579013,0.97707617453284912,11.367452269035313,-7.1630411597307164,-0.59756858386069167,0.4807959873055595,0.3924874180184013,0.2903225806451613,True,3
