axis_00,axis_01,axis_02,axis_10,axis_11,axis_12,axis_20,axis_21,axis_22,location_x,location_y,location_z,dbh,dbh_approximation,score,reconstructed,number_clusters
0.28462194474778435,0.9289490791242806,0.23673604913941293,-0.92644823512188557,0.33000359125372725,-0.18108367513165069,-0.24634125965321263,-0.1677833071368908,0.95454949878918005,-16.97374334660859,1.7375196027054396,-1.0848353366912733,,0.357835660668574,0.4545454545454545,True,5
0.83968668486435394,-0.54302751530965798,0.0068839580279677487,0.53339523640616193,0.82227754661351415,-0.19836622221153433,0.10205779265066522,0.17023734593760698,0.98010379705794137,3.4145410134975145,-5.3398495440264444,-4.8363799714609153,0.4302616156174434,0.1726225282003563,0.2727272727272727,True,5
-0.92176327610641329,0.37966092929201495,0.078803817107387694,-0.38503940416364968,-0.87220826381774386,-0.30165775602383821,-0.045794323478708709,-0.30839961624029222,0.95015396470254609,2.2254644200041325,12.852573851297576,0.71495096486753829,,0.11520040136891,0.4545454545454545,False,4
0.97943409439002316,-0.19424368508816625,0.054573304369119904,0.20113070328380328,0.96138450640562878,-0.18784640278634035,-0.015977951776055772,0.1949595384857449,0.98068113238221688,-14.98824886465062,-4.2999848523701294,-3.0495767384320711,,0.1765832976672048,0.4455445544554456,False,3
-0.12424089880314963,-0.9875728305467858,-0.096250212625199699,0.95618367538049753,-0.09324436474980495,-0.27752165208907498,0.26509805355835753,-0.12651242155699943,0.95588578250299094,17.259100564768598,10.852909014854088,-0.98696866863514909,0.9741503046751155,0.5292269825924272,0.4523809523809524,True,5
-0.98930287478618817,0.12293509099912801,0.078528882207889283,-0.14342285939250976,-0.9180117401900515,-0.36970843684843069,0.02664029548373683,-0.37701645623801328,0.92582335592826237,-1.5802828832254858,-1.432938277308125,-3.2831703211010104,,0.1403685865947066,0.1532258064516129,False,3
0.46103824037424257,0.85888120130104073,0.22308478873357018,-0.8501077712745565,0.49958363229849079,-0.16653219375859718,-0.25448087969674021,-0.1128684029794247,0.96046874258231119,-19.966414454280891,-1.7193372746638245,-1.8956529724217364,,0.08333122525633291,0.2857142857142857,False,2
0.3854571498967731,0.90931152785373792,0.15676520948781031,-0.88473422487561859,0.41246207448537325,-0.21707231155760121,-0.26204605878966142,-0.055023471569164581,0.96348548543778412,10.104756887131018,-9.3299327011390787,-6.7138672565976307,0.2735967119144881,0.3181812648587076,0.4545454545454545,True,5
0.44177853932420608,0.88621781371111996,0.13946221299568426,-0.85907905241176774,0.46269146425289309,-0.21886020792920116,-0.25848579051829973,-0.023121322812426084,0.9657383188687988,-15.930723312150239,-2.5385856271888394,-2.4960334653431526,,0.07638102211421695,0.3125,False,2
-0.61511640937188372,-0.78754407145499161,-0.037498512470996073,0.76078622867210943,-0.58038797380605334,-0.29043779734079767,0.206968879748409,-0.20718140692977344,0.95615885052552319,9.0448101731918538,8.698955218831534,-0.99649797335538781,0.3449955540579946,0.1509493891155286,0.375,True,5
0.50574916282977234,-0.86138457640614075,-0.047269396300337108,0.85951079378020878,0.50782671066032903,-0.057907057559732883,0.073884908285116124,-0.011342110452843612,0.99720227479592927,-22.285539149136646,-0.089789038690628376,-1.1945850446050366,,0.251400400683107,0.2,False,2
0.078725145347704681,0.99299853301607721,0.088069659462844271,-0.96178447540829826,0.098895331256045355,-0.25532398304769899,-0.26224601875637193,-0.064603613549674144,0.96283612248541928,-16.94560135919583,-2.1848750322611044,-2.2613065206011691,,0.08105346113545252,0.2666666666666667,False,2
-0.99475731289907121,0.035775078428523024,0.095802046936650134,-0.071409557545225377,-0.91358888782874059,-0.40031989599199297,0.073202209836959325,-0.40506232582070367,0.91135390967269569,-18.549489616341916,-1.4652722643429901,-1.9863140796168448,,0.3357378893251088,0.1666666666666667,False,3
-0.97382277816357721,-0.22139221100582859,0.051523641522337835,0.19425962479998166,-0.92827786066157192,-0.31711734670015335,0.1180355662600984,-0.29880713229694761,0.9469856930208248,-6.1150140614732811,7.2943541828353169,-0.28931362316302728,,0.07110051991319637,0.3,False,3
-0.97015218824427141,0.20819219963469096,0.12434122267422368,-0.24249101420240132,-0.82932692201801506,-0.50340338144197661,-0.001685133805575903,-0.51852952126893836,0.85505806580410848,-17.695533688355852,-3.7726610056429104,-2.6465527991180933,,0.695275141475016,0.6,True,1
0.99287616148170932,-0.10166330012052699,0.062140979795551686,0.11416514534587617,0.9609916570641136,-0.25191537198298353,-0.034106415078434565,0.25721510154299587,0.96575211311636522,-11.679656459522308,3.070530620756136,-1.0535063498520352,,0.09868686901475789,0.3026315789473684,False,1
-0.64157777466433097,-0.76486378372770381,-0.057977162732449683,0.7318296572076014,-0.58771848761659051,-0.34498164030144013,0.2297897123201329,-0.26376196021300669,0.9368171200700931,5.8804857706882183,-11.05102124764638,-6.8694260016277688,,0.1243769137877612,0.25,False,5
-0.09688465981894534,-0.99526780320997688,0.0074406038299274779,0.95992558572938957,-0.095414277166088607,-0.2635127806672028,0.26297572616851123,-0.018387920123262819,0.96462720873904684,-18.499363507681409,-5.9628689374205175,-3.2791489119352635,,0.08940679925841552,0.3684210526315789,False,1
0.48259277666612038,0.86431285927477264,0.14165977976105282,-0.84327655887748199,0.50222581247734321,-0.19145202670440453,-0.2366196466006904,-0.0270650064426078,0.97122532311962761,-3.7324851602091251,-21.416318899521432,-9.3734187518657599,0.346781502780496,0.2517932268547491,0.7948717948717948,True,3
-0.50711891132726761,0.83399549710922449,0.21744406309619935,-0.84072062938904946,-0.42311401361810241,-0.33788068130578341,-0.18978733649515955,-0.35415539284545344,0.91572633719062346,4.0140749679378844,-2.3378112275189631,-3.9880155713726992,0.3664713060156074,0.2929913929193841,0.3421052631578947,True,5
-0.3864823214921127,0.91639833894287681,0.10414172822074744,-0.89696475066449743,-0.34718078786300632,-0.27371469928412451,-0.21467568851512647,-0.19919735169313652,0.95615624447001235,-17.424942239687397,-2.9669375137291798,-2.4667776130204309,,0.1233568001583124,0.55,False,1
-0.98845100224724514,-0.14230411385727354,0.052097555947586208,0.11438365448210107,-0.92611790309904418,-0.35947462935059549,0.099403197854672068,-0.34936394882518262,0.93169943410819978,-19.763433565244696,-5.9786618422594024,-3.2168666356014453,,0.09498288002149927,0.1904761904761905,False,2
0.11225535005878207,0.9869384283481708,0.11554771755781634,-0.95654344844148698,0.13881963654669566,-0.25642492030360414,-0.26911589998892055,-0.081741343019820292,0.9596327345471638,-10.682318171907355,16.594880455263947,2.8050842162744463,,0.1373868309459235,0.4,False,4
0.34094544909435637,-0.94008253021163979,-0.001018397137410379,0.91427807340647826,0.33183847803052863,-0.23233344353863722,0.21875055481069405,0.078281932074164673,0.97263566348389174,-11.354637931055455,14.232814942274736,2.1754339936566884,,0.09499476499161005,0.25,False,4
0.99797231404051834,0.0010595953114108042,0.063640691906907021,0.010991956162408358,0.98196975924076368,-0.18871822603119554,-0.062693199857221493,0.18903510042955973,0.97996698592210252,6.0743271547254825,-18.551402721892288,-9.3699802922063817,,0.1457245012291747,0.4210526315789473,False,2
-0.67595317338357341,0.73037308646905696,0.098196038384139164,-0.72125507595466321,-0.62831414612954772,-0.29156894413350987,-0.15125614963468098,-0.26791134417034324,0.95149623691453999,10.94738627280411,-6.7846752089561786,-5.972121082268294,,0.1079656224711997,0.2222222222222222,False,5
0.69666277075113703,0.71024033780328988,0.10109226679830224,-0.67925262404808973,0.69837572078081578,-0.22558197035149388,-0.23081779951540743,0.088487373002856168,0.96896497782217084,26.538239529996485,4.2017810658943713,-3.6849426701120636,0.6066888804840381,0.4352557732780707,0.6086956521739131,True,5
0.83914979403655232,0.53761898416130216,0.082422394030885957,-0.50885352947042983,0.82952882524235172,-0.23010869961288213,-0.19208255702665888,0.15115474177615007,0.96966826045028776,-15.408674934106736,7.949544694090017,0.63268718631787457,,0.1299227397447349,0.7333333333333333,False,3
-0.010850761173371885,0.99554273555695094,0.093685231823063264,-0.96769497420666373,0.013146519527190302,-0.25178086885124068,-0.25189024966664136,-0.093390742068493432,0.96323905206276461,13.472826324480931,5.1409128352389617,-2.4095191870193529,0.08685195192587952,0.1063454359449972,0.4230769230769231,True,5
0.94205000656468851,0.3076481130533209,0.13377004024145997,-0.29353468532411892,0.94896912380747256,-0.11530390527535808,-0.16241666676527133,0.069355898053513554,0.98428176136818146,-15.380568891576697,2.275860430772064,-1.0683591574435338,,0.4002965026560095,0.1739130434782609,False,2
-0.047494326210511167,0.9817236133179863,0.18429062925630979,-0.96466048155211093,0.0027922544319748006,-0.26348123016039765,-0.25918033164084592,-0.19029175065951812,0.94689735733155211,6.5707743808876824,-3.3316908600429427,-4.5399633627393055,,0.1535393350343069,0.3571428571428572,False,5
-0.42179988286505743,0.89287268936243014,0.15768075153842859,-0.88386529668375546,-0.3661417610340329,-0.29107103625237757,-0.20215587088471992,-0.26214227323649464,0.94361773640030844,-17.957317121880642,0.78410133588615138,-1.3445741248501644,,0.5044544822803828,0.3333333333333333,True,4
-0.96443450885393622,0.25410151465840852,0.072790784993500349,-0.26409736357424868,-0.91500637155411502,-0.30498511860171906,-0.010893148525492696,-0.31336202747569175,0.94957126064952413,-23.964519224000611,-12.131348481819732,-4.73206110542678,,0.1124487280282512,0.4838709677419355,True,4
-0.43046120037424079,-0.90251044073044073,0.013343887923420394,0.86306765492950033,-0.41588638409490758,-0.28662299024843674,0.26422978255083251,-0.11186339837948787,0.95795052174740802,-20.223825983726439,-15.320284319192977,-6.0104668507507739,,0.3536054257857257,0.9745762711864406,True,4
-0.5329060824720615,0.83243553124220238,0.15186241664675754,-0.82527849956367405,-0.47166970625913152,-0.31055287207713339,-0.18688634359474227,-0.29082430180942193,0.93834680159035611,-21.075624306832523,-2.1147430378937653,-1.9169826305719129,,0.2195283314361725,0.4230769230769231,False,2
0.97748081114204555,0.17415474137801396,0.11916958464577179,-0.16536656980778189,0.98297311513836949,-0.080110876322617819,-0.13109218679653151,0.058600178930843246,0.98963673011372044,-19.908808105994432,0.56055596831593157,-1.1973389205780336,,0.2094532891095804,0.25,False,2
0.75003512106611636,0.63837522257854473,0.17298668262363159,-0.62532477260408381,0.76963986761631165,-0.12893177631288963,-0.21544429891502478,-0.01146949751904966,0.9764487721799201,-5.8994473641682639,-12.156929188574223,-6.1572616773588376,,0.1306612222895074,0.3448275862068966,False,4
0.99555976616516129,-0.074129255464792487,0.058013838671527526,0.084668792974315912,0.97450710321067979,-0.20776693983452474,-0.041133289309790336,0.21175636773463535,0.97645649838300119,-2.0912841262030182,9.8808978303683457,0.23826830712688221,,0.1135853875514019,0.1851851851851852,False,5
0.61365992215269316,-0.78937110616329909,-0.017741383770159394,0.77546000901389478,0.60677001504657868,-0.17461936679688531,0.14860442242315899,0.093399173416602477,0.98447616529877202,3.052484141433911,-7.9000570066126912,-5.665116218459711,,0.08441733457625819,0.25,True,5
-0.8869586589447036,-0.46153238670621305,-0.017093663863516823,0.41943566093532286,-0.78946100292067845,-0.44813508142436786,0.19333407267929081,-0.40464698304663355,0.89380241410084349,10.522655203382827,4.4801787099631563,-2.4152913834258625,,0.5110500683558382,0.3188405797101449,False,4
-0.95526848375289997,0.25810473088441749,0.14437476179553799,-0.29526440069760201,-0.80468864697954234,-0.51506806841709751,-0.0167647734587065,-0.53465702026375406,0.84490284237512336,-16.081567397129689,3.286981879198271,-0.72846643761973151,,0.3406227172337252,0.1,False,1
-0.9533303053283233,0.27982330652991222,0.11340302493880265,-0.3015136783467976,-0.8626132540180218,-0.40618699605258379,-0.015837635946938988,-0.42142293615215665,0.90672591127225743,2.8734156836898856,7.1387500520042213,-1.0637834328599085,,0.07568770425439544,0.2631578947368421,False,5
0.41589977786070081,0.903434265037801,0.10408603907838419,-0.87156849102975553,0.42864717900048016,-0.23797050527122937,-0.25960689555467054,0.0082537682628915643,0.96567910565048876,-10.529751388391151,10.958041735175113,1.1083260378464583,,0.09200592611480951,0.2307692307692308,False,3
-0.49205248936983531,-0.86721110706521309,-0.076349482563243351,0.82353574434331334,-0.43524184113780112,-0.36380409221431398,0.28226446020328577,-0.24188723716993374,0.92834117596950494,-13.589995948223041,-12.989503699824445,-5.8329810958243691,,0.459348863272868,0.7769784172661871,False,3
-0.85420587916264212,0.50772698609216627,0.1120072479696933,-0.51362894837387452,-0.79058274822247554,-0.33341298955701643,-0.080731774391046396,-0.34233350085372122,0.93610370942375276,-7.9333521206370987,6.9587138694682134,-0.22732463277152185,,0.1058334623525912,0.4,False,5
-0.85431816803793015,0.51316596391650371,0.082469153251148744,-0.50957222967736382,-0.79573001882257677,-0.3273375625959577,-0.10235531496681491,-0.32167441710877176,0.94130173636075765,-25.05263216716509,-6.0225601492121719,-2.7401298720393372,,0.4653404311482773,0.5142857142857142,False,2
-0.34618896557741508,0.92574826168316482,0.15212940578020345,-0.91325174028235578,-0.29541469113845381,-0.28053773209823379,-0.21476605640484198,-0.23605151185741308,0.94771051738710899,-16.94683226459491,-4.9874338718269176,-3.1018448366513462,,0.1231648470981356,0.2333333333333333,False,2
-0.14347460058534825,0.9851905159137887,0.093886561021254381,-0.95985583302508226,-0.11542264741080287,-0.25564505133564974,-0.24102244458680663,-0.12679613487091956,0.96220108157660855,-19.542527484550916,-0.76158161614223108,-1.6754337497275527,,0.3879024500144191,0.9322033898305084,False,2
0.50782522211348147,0.84305505384155011,0.17712063679202816,-0.82572191248223492,0.53496476416844252,-0.1788743255609439,-0.24555420385746432,-0.055415496843599213,0.96779763157258436,-10.070051505491762,10.307884740610655,0.91672711425358955,,0.1409868407065975,0.2380952380952381,False,3
-0.98611581593199094,0.15377982697894307,0.062668671464379003,-0.1657501097667666,-0.88849066612103011,-0.42791498843591924,-0.010124163229066035,-0.43236107714517324,0.90164372137157189,-8.5598575224852418,13.855674774780214,1.8414202497018604,,0.1528400307833343,0.3076923076923077,False,2
-0.90950824623034709,0.39041279524890432,0.1427326148605681,-0.4109952430358414,-0.79313527066156231,-0.44946563009257989,-0.062270861893084922,-0.46745512270008061,0.88182087071045512,8.2308226369197133,-8.0511120933390092,-6.1263072367490672,,0.3877180862241223,0.4666666666666667,False,3
-0.78221114138724168,0.60756888630374251,0.13786144742203177,-0.61378461577185306,-0.71357391161507167,-0.33775837236723477,-0.10683714584107087,-0.34881559749815522,0.93108189930345986,-13.880943156964701,12.075333590793461,1.7238853629229087,,0.7242788490381193,0.9101123595505618,True,5
-0.71569904829523567,-0.69829713443083408,-0.012489368077672078,0.66582462603950943,-0.6768006332217642,-0.31403577858257919,0.21083747206946279,-0.23307083669199108,0.94932899747930066,3.0440915858708011,10.672411702903744,0.068366010122407908,,0.1171993098031725,0.2222222222222222,False,4
-0.077437831528584855,0.96544003737578821,0.24885521188029791,-0.99034549589361309,-0.045701800534919998,-0.1308707155596722,-0.1149746972658975,-0.25658698263883895,0.95965824090084917,-12.563287533706596,12.555341770221071,1.680707163301197,,0.08887613326662135,0.2727272727272727,False,2
-0.82585533194637128,0.53657341420028604,0.17335495917105437,-0.55744099764000643,-0.7305483564972215,-0.3944092201880226,-0.084985321355302998,-0.42236011884724378,0.90243527477680041,16.204817619870777,8.0810377110570091,-1.7329172618771627,,0.7148371591309841,0.3157894736842105,True,5
-0.052525595437809887,-0.99836530819005731,-0.022533824053540402,0.9638700599866864,-0.044784098231223632,-0.26258121030812165,0.26114281396424721,-0.035511912764430276,0.9646467409195173,2.4407604587694172,-14.562346808449425,-7.6859730995923821,,0.7015976731803437,0.4782608695652174,False,1
-0.64567919640364724,-0.7633833658396787,0.018552953695415625,0.72422140919803457,-0.61989632912701842,-0.30204617460590472,0.24207793329990651,-0.18158848502625641,0.95311274061105478,9.4284136959798186,23.095887772975171,3.1671605670313308,,0.5556426064417103,0.6818181818181818,True,5
-0.094488198394316131,0.97688336984937096,0.19175729992866969,-0.96280949611808486,-0.040696807891460171,-0.26709856609926902,-0.25312023733600669,-0.20986341162571198,0.94439795314887298,-11.989991910440198,-3.0763773132120007,-2.8941553001294542,,0.1038818659036782,0.6738351254480287,False,5
0.96947746433450599,-0.24507701523985478,-0.0071205862580422941,0.2442371525854844,0.96788532570967212,-0.05955005938548466,0.021486261761159808,0.055993328861605476,0.99819992370192301,-1.7462618371805025,-8.5414857897409995,-5.4236279070214879,,0.3876860504798449,0.2166666666666667,False,4
-0.98289354777819971,-0.18188324385939181,0.028961342150674307,0.15163816267600516,-0.88843368942044654,-0.43323370958758339,0.10452818450651888,-0.42143097312129074,0.90081618188052814,7.9261624366484789,4.8273269666032803,-2.123814472804356,,0.08226855895811894,0.1818181818181818,False,1
-0.62074415597123944,-0.78396146991801863,-0.009005915363436201,0.74757364819105088,-0.58839271909928237,-0.30810330839066963,0.23624210750388369,-0.19798591312245656,0.95131027790473865,20.027218200156103,4.9861584002737578,-2.9369629464401288,0.7080112547455447,0.6536226440722469,0.8235294117647058,True,5
0.97092747293747983,0.22549710236571582,0.080317489502000045,-0.2111701525387914,0.96488386190625575,-0.15622515709581375,-0.1127253696910398,0.13472264047862928,0.98445050722242156,21.580953411734029,9.109033373902566,-1.8046791178547625,0.8169326642302824,0.5863756966059103,0.1538461538461539,True,5
0.99726646636669769,0.017889580943496818,0.071690710375526268,-0.0064766085882559839,0.98767741533447329,-0.15636936010424254,-0.073604677851859687,0.15547760652866324,0.98509342971438185,0.73910596449573918,-0.93525685065710329,-3.2714828641910905,,0.09009351942125106,0.2741935483870968,False,5
0.1392882632441779,-0.98947242345222164,-0.039282349089747579,0.95804116461304278,0.14468682203615077,-0.24743251693333446,0.2505112904228195,-0.0031696619168980894,0.96810848907239078,-16.193823078396182,13.719003367254118,2.3755619636095475,,0.3285399833805032,0.8775510204081632,True,4
-0.70996173520982986,0.69574751416879022,0.10904004340514872,-0.68969567909915142,-0.6556089007073822,-0.30740338245572191,-0.14238751620071158,-0.29344908560295035,0.9453112870314121,2.4350519409805522,0.28426460086029698,-3.0549003552517577,,0.2190793946547752,0.2307692307692308,False,5
-0.16743686508070937,-0.98581095256421603,-0.011902185361452364,0.94959833647722602,-0.15801763841294397,-0.27072758505568323,0.26500546328638297,-0.05663207355227344,0.96258241863932925,-4.0916480536601822,5.3793069759851457,-0.97135683797258177,,0.9127548018613847,0.9623168178646196,True,5
-0.8828383237129056,-0.46918687236377765,-0.021451642950676114,0.42376117605145619,-0.77600453998995889,-0.46716530220732289,0.20254125469956458,-0.42152180574256032,0.8839097280991185,-11.14293738047721,12.401975059749851,1.6035719214873736,,0.2108734325512518,0.2631578947368421,False,2
0.9844333503112459,0.16010989902789483,0.072496889783309967,-0.14137121116666679,0.96640734981501375,-0.21464159633396171,-0.10442777144153649,0.20105137268071299,0.97399855548915237,-18.022256236493956,-9.9311896302992082,-4.4826362126561543,,0.3280439279093305,0.9476190476190476,True,3
-0.76342301480391672,0.62807369521922052,0.15069417321639178,-0.63499337902121977,-0.68712857933078431,-0.35304068330161509,-0.11818929336835754,-0.36520918504403949,0.92339240959223645,-4.1530612852744424,-9.2777289655120256,-5.4525605715663739,1.174841952349203,0.8104816753748146,0.4960629921259843,True,2
0.99888221624779749,0.0097336176590755684,0.046255537518826835,-0.0067601409556590688,0.99792631627761952,-0.064010684849024196,-0.046782673696020023,0.063626440791925531,0.99687665108277268,-4.2171500279175191,8.1811448576666059,-0.16973765082396783,,0.2708604890496249,0.1739130434782609,False,2
0.847244668456272,0.52078875637891919,0.10466872981803413,-0.4968241725495483,0.84661092809169047,-0.190828923400473,-0.18799524819228461,0.10967683285464402,0.97602703804356594,-18.614508377899863,-17.300871769470309,-6.7337275084635193,,0.1721898812318019,0.53125,False,1
0.45489778021694705,-0.88879533598016636,-0.055775086674945698,0.86791392902258235,0.45649722525614717,-0.19579503349682448,0.19948288488559182,0.040658751497581039,0.97905742659170913,4.7992747272393874,-1.3074125665919425,-3.7653247645081191,,0.1632842520758833,0.4193548387096774,False,4
-0.84094208026049333,0.53591753824963972,0.074891987846509953,-0.53391854903554947,-0.79924523204266906,-0.2759312270346278,-0.088019319714079503,-0.2720284015567267,0.95825526249719317,-17.702578222285677,-16.658454948980719,-6.6069324388482595,,0.1352766955949984,0.55,False,1
-0.10401685856515597,-0.99312384977128754,-0.053716963332762491,0.96805652077053428,-0.088706677725394922,-0.23451587988997893,0.2281382601140905,-0.076394661740071493,0.97062700865457874,-1.6531744727022593,14.256279187384331,1.4833206499944416,,0.2651014677142149,0.1818181818181818,False,9
-0.8027417268045598,-0.59572481905734898,0.026789177029598231,0.55894163010162445,-0.76731225934361014,-0.31435036313060699,0.20782197714912967,-0.23736856704309917,0.9489289695197074,-11.414614854019245,10.146191815027588,0.99441849393510096,,0.1058900874230219,0.4,False,5
-0.99417588088365361,0.084584225110745384,0.066781934171037005,-0.10045556608081786,-0.95172818681808613,-0.29003816586673409,0.039025595608426299,-0.29505756604156325,0.95468216470668144,0.67512158362423824,-5.6450614665445551,-4.7663064621786209,,0.2771426031185389,0.782991202346041,True,5
-0.31132268829974757,-0.93844566864325474,-0.14965931562897744,0.91158763987451752,-0.25041806932963628,-0.32603491435922266,0.26848865632988361,-0.23792964833734603,0.93343629877150269,-12.640316804481152,8.5069057114317168,0.58101054436683219,,0.3859788659774772,0.3962264150943396,False,4
-0.54710498793086937,-0.8354515650433606,0.051930864115312322,0.79913767088176302,-0.53977298670089902,-0.26462068287581558,0.24910864127692361,-0.10327538571504351,0.96295331119767935,4.8710685082274203,4.920283967168781,-1.8020190628959909,0.3213970317722141,0.2370082996155941,0.8689320388349514,True,5
0.88830471673893074,-0.45922650095429252,-0.005074548319307759,0.4578548064732979,0.88640528049644796,-0.068225031310453516,0.03582884883256543,0.058281210774061148,0.99765705232912705,-16.167903677104633,-3.5306183877137967,-2.7378963512081969,,0.1783155770668264,0.3055555555555556,False,2
-0.71733380717798023,0.67339253013005906,0.17881473497612749,-0.68332442087861556,-0.62986461125891458,-0.36924017565070311,-0.13601450257399,-0.38705693618471032,0.91196874027614361,-16.856963800345927,-4.0900047536250996,-2.8818274934184038,,0.07069722372273995,0.1739130434782609,False,1
0.59811140303096944,0.78883532954894542,0.14142691547132386,-0.76224900099822668,0.61444644839352935,-0.20354857536662957,-0.2474655734471603,0.013942198965212538,0.96879636923684009,7.0445455799057548,-11.251672421338929,-7.0548198770591757,0.2476944744746815,0.1977023683297062,0.5,True,5
-0.97020333227812328,0.23033701184816002,0.07516884334140457,-0.24229196059898761,-0.92273551430115897,-0.29975619505937201,0.00031601506710429716,-0.30903726574676116,0.95104987698555621,-12.874232776026076,7.2007287095393195,0.17624452728386478,0.1350931132245232,0.1021231714621245,0.5925925925925926,True,5
-0.60880486736770711,-0.7931294160893354,0.017388582552299664,0.75702656484289599,-0.5873670416784712,-0.28620052143915742,0.23720753274622838,-0.16107665157828033,0.95801195124318572,-24.464922068681759,-10.433800813730237,-4.1539067868655275,,0.5634007221148228,0.9814814814814815,True,5
0.28121241589496915,0.95264984463786873,0.11566265887467622,-0.92221269371669257,0.30160743774853094,-0.24198491903953046,-0.26541161371408939,-0.038616408509995197,0.96336153561343341,9.2349407805759203,14.134093060181375,0.58883917613545955,,0.1291007035536128,0.3333333333333333,False,5
0.98134901448647527,0.15838921846374532,0.10893561052689493,-0.15993903342212404,0.98711110245991085,0.0055836357667382042,-0.10664716289906691,-0.022902551709860497,0.99403312609326888,-8.1479325230539743,14.824400802239973,2.0576833458660437,,0.5379298910805448,0.2142857142857143,False,1
0.50081613507995126,0.86109061352527749,0.087784703349963272,-0.83059450451257277,0.50664313555044704,-0.23113957314385902,-0.24350763420700755,0.042844935503191267,0.96895218849261788,-8.2074862123972032,8.2976666505916299,0.21350663586279092,,0.3675700052569848,0.4662576687116564,True,5
-0.72281842734874491,0.68503827345851553,0.0908630011724475,-0.67788148801234538,-0.67736528424457987,-0.28574982049063274,-0.13420212105349322,-0.26813958230227131,0.95398687365576895,-3.1555545471105209,-20.072276608289425,-9.0293816739847728,,0.2637968257284199,0.6111111111111112,False,1
-0.88237303581034687,-0.47014259340565723,0.019589985723188381,0.43351083606891794,-0.82840190743830822,-0.35470922565306912,0.18299229679322493,-0.30449338517999841,0.93477141467631808,12.431528169044984,7.9383285878094663,-1.5034538975318974,,0.1968300454231917,0.2758620689655172,True,5
0.17483550176575854,-0.98346765594558838,-0.047158424816823419,0.95867266003097606,0.18095523310586159,-0.21954938970704146,0.22445328741510223,-0.0068244648502183147,0.97446095275698985,-0.72608567398477397,11.399322892456492,0.57348489368313249,,0.2706189551045644,0.5555555555555556,False,2
-0.28847742172710156,0.91662689385895069,0.27672353461203109,-0.93237168438191009,-0.20316301247691301,-0.29901142540736741,-0.21786192718445294,-0.34426723314279817,0.91324490300667904,-16.089777599211661,-6.9542721316541902,-3.7834438817129699,,0.3350808168718308,0.5535714285714286,True,5
0.72299715889298333,-0.67798039391898379,-0.13273166048134297,0.67770262973000706,0.73332931720171868,-0.054288656176909672,0.13414266245198697,-0.050702051180612828,0.98966410873405508,-8.6318095182607237,0.75577564014349385,-2.0844140773185114,,0.4291043732666054,0.3914893617021277,False,1
0.19363832872287259,0.94765976173434807,0.25386053974379985,-0.94293551647593177,0.25121746897870978,-0.21854609364662819,-0.27088154130114245,-0.197055218833533,0.94222737771346254,2.9236062617466905,-10.358691071944039,-6.376256411735107,0.2823254842488882,0.2186212663662831,0.4534883720930232,True,5
0.087037181138422084,0.98598344508421443,0.14234175465877935,-0.96132459096237,0.12060626266846206,-0.2476068662541028,-0.26130357806679327,-0.11528562540494175,0.9583473611715545,-26.530008245159593,-17.436977382358581,-6.0961240101804748,,0.3545697948764078,0.9428571428571428,True,5
-0.66683204566779708,0.73866124941931111,0.098562576451735801,-0.72957559998541321,-0.62015987259652738,-0.2883074337005278,-0.151836974339013,-0.26416148664663897,0.9524517007156913,-7.1330689098345932,0.86771914111545123,-2.1080652982846924,,0.08231664706199984,0.2704918032786885,False,5
-0.69781012985680813,0.70987513214407205,0.095594557547281675,-0.70146905583704366,-0.65026311882066379,-0.29171739750091935,-0.1449213109667131,-0.27061997905745833,0.95171563009263949,-8.7870396089722043,11.330353817507993,1.1048086626375246,0.1090184605696734,0.1016326401434313,0.3846153846153846,True,5
-0.31668823445305472,0.93843963296613209,0.13798412023634699,-0.9204766795930478,-0.26893554077268039,-0.283542513980997,-0.22897869875681665,-0.21680574297674302,0.94898051894016133,-10.457079994126685,1.1393578447417263,-1.7705550770691296,,0.0989265614384426,0.3924050632911392,False,5
-0.72732732285319801,-0.68621588853660775,0.010135075288999928,0.64971047055860565,-0.69324171536738532,-0.31191702185196651,0.22106847327856358,-0.22028090792077026,0.95005528877423018,-12.637594970187045,14.327776433074721,2.2443984183498094,,0.1098677648630834,0.2352941176470588,False,1
0.56169812419937781,0.81713108093731068,0.12958400301396156,-0.78941084688595553,0.57621264742470013,-0.2116825447849128,-0.24764032807622158,0.016606670769312715,0.96870970181797034,-28.772610085705537,-13.658421287271066,-4.7948686232644997,,0.07646081305560609,0.4285714285714285,False,1
-0.96418292655968152,-0.26499213496637503,-0.011421582060727117,0.25124211043226924,-0.89865454569987091,-0.35957948973557641,0.085021680037193625,-0.34956998712549742,0.93304455307596779,-14.723049043377952,4.2539498694266884,-0.50832160165333506,,0.1641336622876364,0.2105263157894737,False,3
0.54144013779817179,-0.84066289291969254,-0.011334798145206645,0.82025471899056102,0.53115789247308154,-0.21225807225467908,0.18445805256159112,0.10562761822293654,0.97714790749084524,4.1235767621712833,-10.958781021823421,-6.6676957149213987,0.2269873088003897,0.1319550451589725,0.2307692307692308,True,4
-0.65464963131022791,-0.74803766321381016,-0.10896565807172744,0.72633215222385017,-0.58250357978095857,-0.36487146255666225,0.20946471032432173,-0.31800822938406847,0.92465955960707902,25.65892347371074,14.152017355503052,-0.66078515531130477,,0.4904609987818065,0.3846153846153846,False,5
-0.74251601744820384,-0.66969632203793883,-0.013296619183718578,0.63788264481024726,-0.70090711754417068,-0.31911587868015379,0.20439103523086127,-0.245430333954017,0.94762242264125285,-0.95143234447750513,-21.199434742683753,-9.6548228676147545,,0.2345745404681609,0.7142857142857143,False,4
-0.28370046133896176,0.95302626273521185,0.10608954129891607,-0.9285756085849507,-0.24542980462731581,-0.27840896203550153,-0.23929351720668901,-0.17749691134651255,0.9545854907158916,-2.326681925271656,-5.429563761876314,-4.4154112059060653,0.9976993044948688,0.7926109830018058,0.9521998913633895,True,5
0.88174507922358836,-0.47162719799008573,-0.0096644389908852324,0.46688080008709931,0.87543382688933968,-0.12505172229088177,0.067438370198412131,0.10575159976996232,0.9921031525859979,-5.1630146477894447,-14.296280009377869,-7.0235341529180237,,0.28317677575666,0.5652173913043478,False,1
-0.2688429162394278,0.95206943683133627,0.14590158957167504,-0.93590992823763064,-0.22242341736116097,-0.27313079217769493,-0.22758754933895731,-0.20998002490961931,0.95084819846537161,-21.260918852783149,-10.919584161815283,-4.5370082402121854,,0.1322131375244631,0.3714285714285714,False,4
-0.97387174691783673,0.20364371367848988,0.10051397133947999,-0.22707299803797151,-0.86653142144812856,-0.44447851377218744,-0.0034167407346679946,-0.45568907549152249,0.89013245776144634,-10.567068226873269,6.4369527232960948,-0.14320566268361007,,0.4176704118509376,0.6416666666666667,False,7
-0.58267672617896638,0.80442097579244409,0.1157355886255077,-0.79509568413881526,-0.53475890678783045,-0.28610446461897926,-0.16825779575755156,-0.2587272798067794,0.95118321518548354,-22.837694819766341,-4.5468661156934473,-2.4373330793624572,,0.1159339291207609,0.3333333333333333,False,2
0.87148006816248169,-0.4878008467515178,0.050723019468673525,0.48509326291084548,0.84215499780162795,-0.23549837782084662,0.072159663760485063,0.22983753737421439,0.97055019928890418,-17.432156318925852,-0.6442563968124998,-1.7526232244117808,,0.09247113848923035,0.425531914893617,True,3
-0.9730872279965771,0.20806796160967073,0.099040244656068283,-0.23043057827199123,-0.88183033985664483,-0.41143286245212579,0.0017306955749000902,-0.4231819644785334,0.90604306168797322,-16.313162527629764,11.136615476191713,1.5817053454780339,,0.5207893860518714,0.4848484848484849,False,1
-0.78341269436611782,-0.62150175073301894,0.00035233763830612441,0.5667038634560585,-0.71457162607172098,-0.41016353123747251,0.25516912323005714,-0.3211276460366006,0.91201192618353155,12.666795957964135,-6.3721744395042883,-5.9634111856395382,,0.3487893358902122,0.2666666666666667,False,2
0.49292515559177419,0.81783214772729973,0.29694337697375445,-0.83643714356842269,0.5393932820293591,-0.097096818489042364,-0.23957816228513593,-0.20051300567631108,0.94994570303293069,5.4764035996443283,-12.726634550876765,-7.3727198407457264,,0.3157809280558196,0.2941176470588235,False,2
-0.40289493428391016,0.90568133904527459,0.13197342169362186,-0.89039062875755803,-0.35448095851575323,-0.28556571620289789,-0.21184947521550457,-0.23256087838437459,0.94922875941261087,7.2749560926627597,-18.766170710580649,-9.5434518962876513,,0.6084179904449549,0.3684210526315789,False,1
-0.33832573920207182,0.92821789252854081,0.15474895212325301,-0.91818266693310702,-0.28960173953496587,-0.27031726286333962,-0.20609775432298563,-0.23354309334295242,0.95025330265925756,7.0325920018373607,-0.067331444097717297,-3.5377405189820896,0.2083137899993071,0.138033128251864,0.2647058823529412,True,4
0.32583114829736864,-0.94522181105662539,0.019743117840157871,0.9184764723562413,0.31152293664025937,-0.24362764554759112,0.22413173029995503,0.097515064732897755,0.96966787077993166,6.9543921505537147,-6.3200301050759267,-5.5111031646289286,0.08802000705945154,0.1157022363399167,0.175,True,5
0.7149944421580291,0.69412167467687735,0.083534713903238189,-0.66205947082821182,0.71062271979514968,-0.2381020940638954,-0.2246334898669313,0.11493672543930952,0.96764112375172018,-17.139192424856383,5.7283699490541702,0.10231319452219323,,0.09023024086825995,0.303030303030303,False,4
-0.032971737958567802,-0.98050189106839081,-0.19372378818126626,0.96193539928207472,0.021478584800204953,-0.27243156572433896,0.27128057819170537,-0.19533231173128776,0.942471291811949,16.091770563327199,9.2282184145919537,-1.3938181597831523,,0.5536103883365039,0.1764705882352941,False,3
-0.035380953122127724,0.95272790217987025,0.30175773820088658,-0.95773927336223141,0.053921408179460312,-0.28253843278310009,-0.28545345052347182,-0.29900171596144576,0.9105571379305949,-6.9458124589638679,-17.850964127644488,-7.9762852608356649,,0.4338496245548206,0.2272727272727273,False,2
-0.40145143571974745,0.89565787194106949,0.19139937614461972,-0.88457168122023822,-0.32499381528278293,-0.33453245105840324,-0.23742300971421484,-0.30360500071299307,0.92274282332636359,-8.9830010150932758,-8.1991815737735596,-4.6651905405820395,,0.1905114521911282,0.3461538461538461,False,2
0.30549761453578506,0.93033267236052519,0.20286036145947428,-0.91472761927143742,0.34591297262226661,-0.20884826528758921,-0.26447039542253703,-0.12175932863707292,0.95667657849186216,-29.640943802663365,2.4185373172563347,0.088615485116266088,,0.6311792880928015,0.5609756097560976,False,1
-0.45867104344250426,-0.87400733692177823,-0.16041212209264469,0.85054559443044853,-0.3795460019873455,-0.36402887820937657,0.25728013079583034,-0.30340732915063717,0.91746985068467379,-20.786813931166641,13.948570464393697,2.7766086369721554,,0.3266122089166186,0.1666666666666667,False,1
-0.92405434756791016,0.35633152752818614,0.13838860224120575,-0.38000659391810954,-0.81703249716386861,-0.43365065105097156,-0.041455413634435404,-0.45330535080407347,0.89039076119016147,3.9025543994670002,14.586702442064915,1.1077351277648073,,0.2880167276989192,0.4,False,1
0.16576943414971307,-0.9848365743826627,-0.05116069252762559,0.95520692862137491,0.17324600820115629,-0.2399282062536312,0.24515345850182099,-0.0090962849882357116,0.96944161215826141,11.779376540030825,9.4540767342942384,-0.97923399513316967,,0.1495391189098362,0.3181818181818182,True,4
0.94804485616387235,0.2984036368012663,0.11030059041093548,-0.28649442195952296,0.95153586517712729,-0.111805382105225,-0.13831810036037179,0.074396013504719721,0.98758965987261349,-6.5360294206171856,8.2668960737521111,0.013264581550844003,,0.7963340282970586,0.4424778761061947,True,1
-0.38261028980281492,0.90331793744066069,0.19397440561825957,-0.89703800104426556,-0.31293564442186173,-0.31208028956148898,-0.22120621785907058,-0.29340754310042072,0.93004291451107834,1.1717589680069285,-19.738008141838126,-9.350086828108271,,0.2180903111169389,0.2173913043478261,False,3
0.74892456690633458,0.618341232215188,0.23825640311807472,-0.62960975978134681,0.77611605883646129,-0.035148450950701793,-0.20664835705186321,-0.12368501832785583,0.97056605791105433,-3.7557398049661641,9.349839798476733,0.14134637731459518,,0.4037665381853121,0.3472222222222222,False,3
0.60403584229449903,-0.77459452150621499,-0.18746740643678422,0.76673455299193638,0.62898766915329141,-0.12842366332326155,0.21739095305884248,-0.066165242428853827,0.97383948072693216,22.266977023631984,11.700054293243575,-1.0675968381263572,,0.615817400749902,0.3333333333333333,False,4
-0.075288478003176201,0.98487048058432825,0.15608261131067402,-0.96195606891337038,-0.030510129317795835,-0.27149521817104938,-0.2626255253411206,-0.17058507696338818,0.94969919709173956,-5.6049745292506143,10.438555417669615,0.57923912165098201,,0.08797966633491694,0.375,True,4
0.012905343467518858,0.98415758586984192,0.17682561546571796,-0.96577174459588355,0.058086432452872303,-0.25280605947073609,-0.25907217035067431,-0.16751063410942746,0.95122121402439774,-12.942531478471825,4.9962063103199723,-0.41773424091868627,,0.06695885121201693,0.2222222222222222,False,1
0.94751992996636447,0.29613302098529165,0.12046250951503039,-0.28692280819166194,0.95389291628857587,-0.088111329543284572,-0.14100100870541626,0.048923799286229017,0.98879986721654367,15.410553999455825,-2.8596517766523584,-5.1746735528074721,,0.4140125563152851,0.1176470588235294,False,3
-0.0026344607536060512,0.99694436550178389,0.07807042788907341,-0.96610158138562396,0.017616528566103552,-0.25756046351386319,-0.25814878279924947,-0.076102496775893994,0.96310311801163906,0.040086927006987932,10.637060977354073,0.23873892275832506,,0.1071999196283694,0.3076923076923077,False,1
0.22791243963817323,-0.96816468330084515,-0.10350394131215533,0.94423733419368649,0.24571211509842633,-0.21918351491081184,0.23763791063922535,-0.047777636011336305,0.97017808722120291,-21.259265615947804,-17.829196219221085,-6.6466487563011469,,0.7284881993770556,0.375,False,1
-0.16898036188207413,0.98073729800594445,0.097979536629863528,-0.95563795780811456,-0.13869621342265942,-0.25984505763734006,-0.24125034900397493,-0.13754167616477431,0.96066672494848337,0.50361179223982644,15.926564917014208,1.7861602473044342,,0.1010442537852584,0.3888888888888889,False,4
-0.74521666264529018,0.64921159151784824,0.15223808706982647,-0.65031145977394034,-0.65708089337249465,-0.38123444866839223,-0.14746908490427496,-0.38310443615764728,0.91185736822917063,-9.996276047205205,7.6198358780355875,0.16231270361441491,,0.1042458117736081,0.2608695652173913,False,4
0.4544996292920413,-0.8907449112976743,0.0018947217992339727,0.86563665421888958,0.44118472469293835,-0.23670492510791549,0.21000778520360799,0.10922244135211245,0.97157973860047153,9.1108478294790629,-4.7848553511245902,-5.1864727225900005,0.7328656533883818,0.6392552110413545,0.1666666666666667,True,4
0.41006612578530438,0.8929701653741926,0.18560726342203809,-0.87382864534960658,0.44295708551355534,-0.20053059357566433,-0.26128388976341876,-0.079958139954127108,0.96194460589223851,10.788793832219037,-0.46900343271171963,-3.9883184927858406,,0.4636510182338432,0.1555555555555556,False,2
-0.87192197685564699,-0.48842100731941379,0.034597483799100361,0.45588824390493826,-0.83556276994085255,-0.30659544445089315,0.17865602521440876,-0.2515547198878571,0.95121093746693719,-0.55765117996336933,6.6420495208788344,-0.86244191335927756,,0.0931000995675632,0.2605633802816901,False,1
