axis_00,axis_01,axis_02,axis_10,axis_11,axis_12,axis_20,axis_21,axis_22,location_x,location_y,location_z,dbh,dbh_approximation,score,reconstructed,number_clusters
-0.53135064454093572,0.84312028729684574,0.082551036906976322,-0.84674588542870244,-0.5315852834902598,-0.020940197853497055,0.02622781072631665,-0.081026338465125525,0.99636681720109499,1.7392009940208493,5.2040304459566062,-1.1828557107924542,0.6604819182943821,0.2908414696850739,0.1777777777777778,True,3
0.73996454798385836,0.66616885733176512,0.093121003260996593,-0.67263620035283445,0.7335711255282007,0.097128501307238629,-0.0036068964422945153,-0.1345082053726811,0.99090591530451344,9.88468580863948,-8.7308765667008785,-1.9006942814645149,,0.2314047066345729,0.2432432432432433,False,4
-0.45484010071727465,0.87080110138343325,0.18661705337106776,-0.89033961141386475,-0.44942365361430658,-0.072895513712283325,0.020392624326193813,-0.19930835758032922,0.97972461409914768,-3.3853984324576016,19.729743512654906,-0.59597215819744698,,0.5901067312240744,0.5,False,2
0.72207918598398901,-0.68957961356650699,-0.055512212369585541,0.69154610640562308,0.71725792724873294,0.085469576540853937,-0.01912150318153464,-0.10010505657716505,0.99479311706694096,18.229571858082675,1.4968263581630901,-2.4372368558917126,0.4108039504659205,0.202376158507538,0.2,True,4
0.61456565719474399,-0.78882616532658723,0.007895181628285123,0.78775471962734778,0.61420039855786612,0.046908124202497091,-0.041851579440098534,-0.022608655588283563,0.9988680062905505,-16.577847547355322,-9.9320246493441733,-0.21220811797271899,,0.08867550708303645,0.375,False,2
-0.92617607765610988,0.3522002008879051,0.13473266742725551,-0.37514446747781494,-0.89683450407119714,-0.23442376336062237,0.038268808425802318,-0.26766189643258864,0.96275262009499629,-17.175325903422994,-13.63735820661695,-0.30152397956525456,,0.6569216323930652,0.2222222222222222,False,1
0.87394869652971174,-0.48571563434217052,-0.017146381239168833,0.48280434400115146,0.86357875079911062,0.14536748804964528,-0.055800011179514636,-0.13532207404495664,0.98922914182131549,-2.0963770870062275,4.7253129997766115,-0.88340433637600635,0.5378300996800959,0.1770663075286649,0.2277777777777778,True,4
0.1027326779093518,-0.99440520432946478,0.024582239361982963,0.99460901681623204,0.10304136539192595,0.011635320623739138,-0.014103210890538018,0.02325438927695251,0.99963009799722125,-7.0318576005586717,-7.0391279711367547,-0.85921821334427306,0.4702946389325507,0.461863050673159,0.9478957915831663,True,5
-0.12522954609017684,-0.98789882269666529,-0.091506704129205002,0.9921003138386767,-0.12537877755146468,-0.0041387704573599415,-0.0073843122392456707,-0.09130212623067388,0.99579585944033255,-19.564876137711966,6.9122878864637451,0.33989648298166775,,0.2073962685361215,0.2,False,1
0.41933148663199565,-0.90783267985187577,0.00096421572444008868,0.90755123197567711,0.41922748101764262,0.024476120996471902,-0.022624448245920456,-0.0093885330358292399,0.99969994987946453,-11.355684080473585,-6.0887813222659153,-0.50243588981699383,0.4076543464150538,0.3590839790295559,0.7668161434977578,True,5
-0.46488454120156442,0.84964190747937318,0.24897990361999728,-0.88494107123872801,-0.45467307430719728,-0.10075562483005193,0.02759825694973235,-0.26717227504899133,0.96325350332011928,-19.656943890322985,-7.0355405339338484,0.11510784930737819,,0.4006155701081393,0.1,False,1
0.13371356437276338,0.98763407244939272,0.081851216483064065,-0.99090955595935615,0.13200870643281692,0.025922062695028645,0.014796439137897875,-0.084573283978812711,0.99630739484652875,20.374613124475296,-3.5830503163253358,-2.6458270623628981,,0.08088379670349252,0.2941176470588235,False,5
0.19303516005501845,0.97984791255349213,0.051337074781279947,-0.98117489769809785,0.19245996515466818,0.015968153925632819,0.0057660306678164273,-0.053453064245459619,0.99855371553718131,-7.4988176271227172,7.354011140078117,-0.25091365579523989,,0.06792241347773242,0.3072289156626506,False,2
0.99725424719213951,0.022644526436162937,-0.070506679681582696,-0.0066551076510617518,0.9756530954408853,0.21921849123368164,0.073754159200631997,-0.218147341902442,0.97312489497572074,1.9971111216671231,14.113294658779319,-0.96884486009817861,,0.3186221220659108,0.2352941176470588,False,2
0.56079801948078833,-0.82793996015179772,0.004582982682235108,0.82739434098721931,0.56061452123029376,0.033614923591380033,-0.030400425140960863,-0.015059248638920195,0.99942435090490001,-23.256235037508464,-9.7562173306297399,0.29780520156238638,,0.06828037686409469,0.2666666666666667,False,1
0.92980685901360638,-0.36778242427220575,0.013974738913808481,0.36633470577850807,0.92847081902466366,0.061162256023160867,-0.035469540079115056,-0.051749653294759786,0.99803000210937876,-17.407563336347234,-9.1701033547800357,-0.14434929734074092,,0.1013017557368532,0.3928571428571428,False,3
0.063638228635868183,0.98712839454900647,0.14672323787045743,-0.99792590236155521,0.061514875460850486,0.018968750430968843,0.009698930454709126,-0.14762605722614797,0.988995691586115,-3.3955401147996942,-8.9287625990657933,-1.1307050606359632,,0.3343960707046687,0.6666666666666666,False,1
0.38739489581654024,0.88102280748496242,0.27152165178233256,-0.92190894712016769,0.37117325870497114,0.11096983933536272,-0.0030146169036083179,-0.29330738946308021,0.95601343472321421,3.1468725626800236,15.826695646807131,-1.0394046948804112,,0.2791226257138342,0.2727272727272727,False,1
0.99062574324989794,0.12857768146251428,0.046134766069766853,-0.13196854088083287,0.98801295506958575,0.08009185247232839,-0.035283721861104671,-0.085429388645767143,0.99571927696878482,-7.9929981047570386,15.111005172282749,-0.32673350568374671,,0.09423494730279383,0.1470588235294118,False,2
0.60780137808709978,-0.78665680594536691,-0.108390748937607,0.79400772009808507,0.6040049683083385,0.068773095636909129,0.011367727128270257,-0.12786347374710261,0.99172662909758602,-8.4462330558533054,-14.199829478775692,-0.96880869741684494,0.3716878186206705,0.1801363530051865,0.3333333333333333,True,4
0.96447616390940771,-0.26325091285488711,-0.022015588378762684,0.26241014625082254,0.94511531308730656,0.19467398416970239,-0.030440834338376438,-0.19353553123122433,0.98062090216139741,17.301959428753705,-4.8864951258441671,-2.3965767010396539,,0.2132393011331734,0.3333333333333333,False,3
-0.0038109291328236958,-0.99440369987198995,-0.10557821034684772,0.9999081253489871,-0.0051627292247270716,0.012533438794985127,-0.013008369621904379,-0.10552074633857916,0.99433201417430517,29.132960594683819,1.7968181003219659,-2.916695384631518,,0.3704260114947994,0.7368421052631579,False,6
-0.86162679875639991,-0.50329043702497844,-0.065559100542978421,0.50689972258256066,-0.84682852909497008,-0.16104072018148821,0.025532937757358778,-0.17198889007739881,0.98476793752610736,-1.8920466935567821,8.0857963541719204,-0.81090948775740479,,0.08642298755218765,0.3469387755102041,False,4
0.2850123192704046,-0.95843717030122944,-0.012890634161159882,0.95830314148065476,0.28463233824994139,0.025288753442569308,-0.020568589947126091,-0.019560741482441468,0.99959707407547183,17.416612134294027,-2.5353241411658507,-2.4149183204537352,0.2195418362571373,0.1855193899696555,0.3809523809523809,True,5
-0.13655695277744789,-0.97966276135013186,-0.14701385197311509,0.99060781681510179,-0.13608319862445958,-0.01332352494479248,-0.0069535539802715231,-0.14745249091138116,0.98904469616447233,-20.834570098849525,-2.6470716892443944,0.31658855115136986,,0.4435694951745721,0.5116279069767442,False,1
-0.4903999271381061,-0.86362180955283097,-0.11689859506270665,0.87108550010127228,-0.48161435911585943,-0.096216737664176516,0.0267948311481363,-0.14901335228131235,0.98847208249177665,3.7786002879331839,-12.352773669140548,-1.5440933054388764,,0.2233693976494457,0.2857142857142857,False,3
0.92642594609928575,0.34570381276696022,0.14907662537242564,-0.37533984196204973,0.87888466683270006,0.29441763779073782,-0.029239860292887609,-0.32871053564612307,0.94397797343226808,0.61287856461663326,15.028825643117431,-0.86720089161928493,,0.238771101172948,0.5714285714285714,False,1
0.50054540349997112,0.86406264557354129,0.053385799230717138,-0.86567799216528396,0.50010676082922767,0.02224503660548123,-0.0074774939473410424,-0.057349562311748419,0.99832615651745671,7.6407373662279978,3.1771370288548995,-1.5854287949019954,0.3091133594220506,0.2993475086204729,0.949438202247191,True,5
0.37578581072292627,-0.91392654796394268,-0.15337303995821414,0.92666993861496383,0.37205987736823859,0.053425392090935178,0.0082370702711586034,-0.16220268980335095,0.98672308075462889,-5.7269136615825103,-14.825740924789196,-1.088884667925837,,0.4390195274480975,0.4230769230769231,False,2
0.99066645873740444,-0.1313609845290111,0.036390373400950325,0.12996058672018951,0.99077133508294069,0.038502045105586261,-0.041112205390076484,-0.033413370400744657,0.99859568056667847,-17.481371433364302,-6.4911003083383667,-0.037273086948993055,,0.08958513753544627,0.3611111111111111,False,2
0.36237526940929737,0.92908559918763411,0.074054800672847226,-0.9320039397615526,0.36183818780476801,0.021018613539112937,-0.007267763719626303,-0.07663599172919601,0.99703264960692206,13.765631854024727,-3.3419767849635198,-2.3023442611726628,0.1850479862403497,0.1823245398870202,0.4871794871794872,True,5
0.41925004996929416,-0.8889053429320789,-0.18459871859670979,0.90702188687195184,0.40131705708568138,0.12749869186518001,-0.039251653926789927,-0.22088891099122848,0.97450879763351572,-5.2055150969808697,-11.512519957963095,-1.0675900255880226,,0.6112234003452808,0.3720930232558139,False,2
-0.72786447487280381,0.6631718335939949,0.17440305429010325,-0.68449850675760249,-0.71785476170936224,-0.12706823103281106,0.04092799121323238,-0.21186708148925393,0.97644110898531711,-20.418803366357743,6.571517653397331,0.38414437563118109,,0.3933802879261722,0.2926829268292683,False,4
0.81809196730450506,0.56253947056212072,0.11947751709645842,-0.57287300732397206,0.81537470452934935,0.083550037063220228,-0.050418751585435601,-0.13679705871606349,0.98931517435810168,-10.924782928429316,-13.313037692468114,-0.83560379375219451,,0.1725038701534636,0.2272727272727273,False,2
0.6282213666961679,-0.77105631997059509,-0.10397146656560979,0.77589478397552747,0.61097008076348192,0.15717138610903533,-0.05766453525322196,-0.1794093415774918,0.98208303596425206,12.261738623742009,1.0401240925465527,-2.0357450975438143,0.3830547725687504,0.3573229046044572,0.25,True,4
0.97611231379109364,0.20738040198456201,0.064792898824793499,-0.21493539149249041,0.9652685670221105,0.14852397450597624,-0.031741587064422816,-0.15890236748331807,0.9867839222741871,7.0170275849677557,9.5806191452189857,-1.3394985072976096,0.1870856203227192,0.1045339513585188,0.4545454545454545,True,5
-0.91601677743676502,0.39429996288899216,0.07376179715885986,-0.39793132502604134,-0.91640625488698235,-0.043014376283234748,0.050635205315911355,-0.068754020026148249,0.99634781111460335,13.471970746472888,-8.9408568258622747,-2.0970680543895335,,0.267076679670908,0.303030303030303,False,5
0.90203777622467085,-0.43112257060439035,-0.021475087406427229,0.42972935602828444,0.89220076960844963,0.13896210734443673,-0.040749611423513729,-0.13457754577028477,0.99006482279862873,-16.744433064752826,11.259893224514926,0.20398055514040833,,0.1846944927310936,0.16,False,2
-0.28296056419721938,-0.94522815668906501,-0.16271770312840586,0.95872416793540893,-0.27379631462494913,-0.076704288761154857,0.02795154603505811,-0.17770568336434461,0.98368663769223907,0.10195864400541207,-10.010334554418222,-1.3494035212113389,0.67362674600287,0.4301045349418857,0.2631578947368421,True,4
-0.99914657589586298,0.013921395739755706,0.03888848950820803,-0.016911191840501751,-0.99683785608067588,-0.077642129511081362,0.03768463169657682,-0.078233518552720746,0.99622255802042292,-6.5160590366023579,14.147180356007578,-0.43524098774525788,,0.1395688993906779,0.3538461538461539,False,5
0.334264872784934,-0.93615255121512087,-0.1090201617843797,0.94218546027390271,0.32902992667142905,0.063449710819262317,-0.023527712819692299,-0.12392622082519272,0.99201246893446848,-19.806667048640421,-4.3743212206180173,0.21885509618247426,,0.6125885422015955,0.7916666666666666,False,1
0.99790090007770349,0.064339548167306804,0.0073631627536462144,-0.064747534744419036,0.98906023067818793,0.13254288677756451,0.0012451379964166509,-0.1327414126504492,0.99114992155522774,-24.268523991499087,-0.093223494796705386,0.5024451356588937,,0.2385006096354379,0.5,False,4
-0.97735875026623953,0.20714798599554121,0.043122907786993431,-0.20868316852625046,-0.97736527683866592,-0.034762779001723504,0.03494579304950797,-0.042974731273961078,0.99846480359603684,19.178366932041804,-3.8632860093021875,-2.5501232024997829,,0.1294774116918057,0.6060606060606061,False,5
-0.07625242005442126,-0.99694958380073118,0.016646194621988311,0.99704583663416513,-0.076084006725435679,0.01052727747720106,-0.0092286557158781281,0.017399749427876449,0.99980602150293407,-22.994435185046136,-8.8513144048564953,0.29103686709935189,,0.09813915005430765,0.6,False,1
0.97125620629356757,0.22023355802935082,0.090324756595075439,-0.2357401788185583,0.94252661609301214,0.23679135551546324,-0.032984084447218009,-0.25127824791252612,0.96735272382889936,6.6416230446520279,11.09036076544346,-1.3018155581091473,,0.1636240148720563,0.2222222222222222,False,5
-0.97793306044941852,0.18661559125037402,0.09392310888330721,-0.20325717828379145,-0.95381206464285817,-0.22119915193742887,0.048305783878778617,-0.23540850971024832,0.97069530997108222,3.3784974740162124,12.357837650955725,-1.0721521913621925,,0.4396842810969409,0.2222222222222222,False,3
-0.040570689752454724,0.99269849625580309,0.11359451863745804,-0.99909832179192348,-0.041728182715587273,0.0078295695804761253,0.012512494778061874,-0.11317444189710102,0.99349634280942756,-21.057364426605744,7.7868862016774409,0.41180709631306717,,0.09236874332244932,0.1176470588235294,False,2
0.92553222508136035,0.35498855619159653,0.13180753130588754,-0.37681003854807277,0.89784124081635186,0.22780540190863419,-0.037473926740425732,-0.26050764146634953,0.96474425292524768,-19.165762975535554,12.67687913307485,0.30638470748901647,,0.4388858163221137,0.2051282051282051,False,3
0.99887937097879609,-0.027372206682878632,0.038610420022510868,0.015944000996209157,0.9627219362600874,0.270022706963436,-0.04456221566796046,-0.26910450710632577,0.96207950460958491,6.4306403207249874,16.915840052721542,-1.1941799177294243,,0.5451189806298907,0.1666666666666667,False,2
0.4581305001169112,-0.88886820122679788,0.0054557960433871712,0.88842632419947887,0.45808264277064259,0.029307999960210093,-0.028550154676159387,-0.0085798158547889386,0.99955553894111704,-9.6645686432485078,14.779787107740431,-0.20731513783953359,,0.07180434755016556,0.2105263157894737,False,3
-0.93602497804874019,0.34272279748196066,0.079989527783305051,-0.34875793713250336,-0.93376659058836042,-0.080298540385687053,0.047171408246288793,-0.10305842220376704,0.99355614831620553,-6.6324772314530849,-17.108427922470092,-1.1257549255437052,0.2606677251604415,0.2174323586486325,0.3809523809523809,True,5
-0.62124586785037639,-0.78061150074023899,-0.068551123921533341,0.78350446491723746,-0.617302332768777,-0.071123719060381979,0.013203224363267841,-0.097895428240029558,0.99510911964272286,3.4821564460382639,-10.641252481686195,-1.5323291429855843,,0.6061702620852294,0.5932203389830508,False,1
-0.0958395071423669,-0.978740645904696,-0.18133266921535796,0.99539621789485822,-0.094432717186751738,-0.016396076522711387,-0.0010762301425913208,-0.18206924501075192,0.98328512230679788,17.857057788556123,-10.581917368820887,-2.3025934619540815,,0.5795665280783864,0.6097560975609756,False,5
0.76953252645430237,-0.63860573520140584,-0.001551030860954497,0.63784163609972744,0.76848831560823916,0.050830660346249223,-0.031268802127398097,-0.040105158539582048,0.99870608202415279,-10.211801856436161,-20.128048560366146,-0.98610224160209403,,0.242182123033039,0.5,False,4
0.9411813187532232,0.3199092894636319,0.10879233311597984,-0.33170928614404588,0.93609216823977803,0.11704871654981538,-0.064394679250320289,-0.14625149255657435,0.98714934341730831,-15.433363878909271,-4.5357624880838987,-0.15847107551814679,,0.1599512758745706,0.21875,False,2
-0.95250996322032189,0.29838055793119189,0.060776744028369682,-0.30068388169630395,-0.95315516567705316,-0.032930736875916813,0.048103775881551264,-0.049641442281810513,0.99760801618377037,19.968337962084192,0.88739580493120307,-2.5934525605889585,,0.2518740131076097,0.1666666666666667,False,4
-0.59337210570302446,-0.80237232469236264,-0.06409521621254291,0.80483986396631668,-0.59024270191496775,-0.062018918136318477,0.011930529922827808,-0.088386681145365492,0.99601478756686568,-11.336379071838122,-10.881982934177241,-0.65657841879167023,,0.299794566408104,0.35,False,1
-0.33545925402458876,0.93844112752108599,0.082433846605749525,-0.94178687592511923,-0.3361639467168655,-0.0055929654875846793,0.022462618379685946,-0.079511326895569751,0.99658084452333096,-19.553350935725557,9.4377052925518417,0.32590952224282188,,0.1282527266944642,0.1142857142857143,False,2
-0.19420324643745648,0.95260386033404154,0.23416016815384069,-0.9807794472526844,-0.19315056953185492,-0.027650195953002988,0.018888486436765901,-0.23502923810922452,0.97180475524352428,-15.962503747497415,13.985576151415493,0.13698152488723367,,0.07645895925749617,0.4814814814814815,False,1
-0.989950206062299,-0.13958957110648218,0.022657033246234769,0.13789025935212065,-0.98835166799442675,-0.064399198352465409,0.031382573078343218,-0.060627815488797074,0.99766697955582362,4.5028325396922453,2.1216500303170975,-1.4802371209269238,0.5311012513873901,0.4363664032575588,0.9164926931106472,True,5
-0.8251722753230587,0.55204486239467387,0.11973798871624772,-0.56465879765410543,-0.81205064241159142,-0.14742522304796413,0.015847973687083398,-0.18926231548453523,0.98179866452722686,8.7242106389461345,13.504180231426302,-1.4125166259265636,,0.5033123372450016,0.5833333333333334,False,3
-0.99843134387926769,-0.045189883705521239,0.033056405886322825,0.042782354678778396,-0.99661291610896385,-0.070230802166333803,0.036118162848891799,-0.06870640330761732,0.99698290279069102,-7.7167064991205851,11.093256312729046,-0.2954936028296144,,0.08709368392396467,0.25,False,5
0.44956131571294405,0.87090722838597701,0.19853267479057907,-0.8932068772284123,0.44046640449288083,0.090392593640082924,-0.0087234102456562861,-0.21796776380503841,0.9759169821534599,2.246487547437146,-3.3576006626634225,-1.4559538916670178,,0.08624703466884222,0.1875,False,5
-0.94371451289558217,0.32470249292993891,0.063017531174565392,-0.32906400858653589,-0.94095018323063973,-0.079558977690679142,0.033463359114328912,-0.095817763297359262,0.99483624774807899,-17.756370306884744,-0.70021035513320407,0.14825816310518658,,0.1507701239169665,0.4642857142857143,False,2
-0.66406925072271461,0.74312807173819606,0.082296410852738214,-0.74732544631754128,-0.6630755531420095,-0.042842596929989409,0.022731201702941687,-0.089952653213167699,0.99568660363040518,12.492107859291293,-23.794862733119245,-1.8573427190953224,0.8125053192072339,0.7897863523054965,0.78125,True,5
0.30947239633479151,0.92734806390039215,0.21036255438408685,-0.94927825549463862,0.28833920973831145,0.12542445444387534,0.055656352304650568,-0.23850800512285178,0.96954437853068942,2.6442968624220784,16.767562939115738,-0.99575053976432437,,0.252827124703354,0.1388888888888889,False,5
-0.45694015008618949,0.88809969667204069,0.049846043075058279,-0.88910652281250391,-0.45768282743742478,0.0040025693177468957,0.026368358528160159,-0.042489507409645716,0.99874889308004577,-0.16462772465415071,-7.3613043097641526,-1.3002892576827791,,0.09581263245838284,0.3235294117647059,False,2
-0.59417982347342513,-0.80293267852995975,-0.047428378907504606,0.80433010263776461,-0.59328001280489007,-0.032740073258209434,-0.0018502345290783012,-0.057601563823685885,0.99833793701193885,-0.98769514530542835,-14.642045131835348,-1.310936707560576,,0.1389120346617995,0.3448275862068966,False,5
-0.99173877899943641,0.12536738693325181,0.027151657817443643,-0.12818882799713227,-0.97633229792147846,-0.17419204462915977,0.004671039009564254,-0.17623354484573567,0.98433729943839765,9.447254603743767,4.5122662487680989,-1.602573944158999,0.7356337759410401,0.5790427312294395,0.1311475409836066,True,2
0.7331905385078854,0.67851271654054102,0.045300416502418478,-0.67980248569118951,0.73302173408511606,0.023403371700024222,-0.017326704550989364,-0.047954466440831227,0.99869923122919158,1.6731851818869465,2.3280463020989077,-1.2815768918941728,,0.0861155083611789,0.3716814159292036,False,5
0.13085849996250551,0.98757268834216949,0.087041589072019643,-0.99136252880307063,0.12957410784211978,0.02027034933341694,0.0087401071356701249,-0.088942317360962073,0.99599843107793995,-1.1782932883647439,8.5613520394657492,-0.85428338634865475,0.2574314490513194,0.1889605606273335,0.3846153846153846,True,4
0.56558329217584391,-0.79272480608112128,-0.22738276415591219,0.82412567391711877,0.53307866399429427,0.19142625625737431,-0.03053544173889871,-0.29565946597007081,0.95480525081301471,-18.927532416885295,-8.7515156969407499,-0.021536082063917841,,0.4277347568530524,0.2758620689655172,False,1
-0.078812013961741839,-0.96483619034453216,-0.2507584340690146,0.99684765880660009,-0.078579234339426263,-0.010956690304570194,-0.009132994421050266,-0.2508314767569646,0.96798768519068779,-24.185839146722206,2.2717040645767717,0.4941345444430279,,0.355908923267292,0.1538461538461539,False,1
-0.98484917390744131,-0.17338318455506349,0.0032211748440132415,0.17070157613115181,-0.9725545479389851,-0.15810952909150522,0.030546301906638325,-0.15516417948979638,0.98741632599582196,0.8565667344874186,5.9746126020106809,-1.0822189141571614,,0.2305745534246024,0.3703703703703703,False,5
0.45339606276275257,0.87908318005282704,0.14712162594072872,-0.89097362619402487,0.44247985257766004,0.10187039555004518,0.024454195916133736,-0.17726912481044668,0.9838585516683962,0.29848764937448952,-8.6951699213333189,-1.356573138043067,0.3056188928723778,0.09066138036790237,0.2307692307692308,True,5
-0.9927294333108525,0.11325974736740586,0.040749256000377015,-0.11475117848154838,-0.99272958605279005,-0.036333676012093252,0.036337849075154596,-0.040745534745875028,0.99850856887803596,-2.1827120129767197,-10.124728917663646,-1.224196278982578,0.1598366029431086,0.1614038931825013,0.4875,True,5
-0.80781397015031642,-0.5894370035489741,0.00078004947986237694,0.5889713379499113,-0.80722699186487379,-0.038695564064619672,0.023438274328021834,-0.030799390448424658,0.99925074172828654,-0.22335518366185853,2.678575708991271,-1.1286008122887929,,0.07435212948150682,0.3525641025641026,False,5
0.87528329087592516,0.46956806507586507,0.11569353039093958,-0.48313620132242563,0.85962737142639367,0.16619324073585595,-0.021414286939979661,-0.20136189946327401,0.97928280581218985,-13.525383064382014,-8.0618607635995474,-0.39330454513961277,,0.1738723276980188,0.2631578947368421,False,2
0.2638993237993138,0.961274125450026,0.07943048935109101,-0.96454975706699886,0.26308443771540646,0.020744752926058589,-0.00095553140171752288,-0.082089185476878324,0.99662452939283219,15.262499475360988,-4.5770793327081138,-2.2783452636167518,0.2185043142102534,0.1884867558042758,0.6610169491525424,True,5
0.035854724391000535,0.9951157755515041,0.091972995968228971,-0.99925223751103642,0.03436617736003944,0.017718117361704103,0.014470817807926407,-0.092539500226577753,0.99560385511998828,13.233938845743873,-7.3291448994810606,-2.1229384910935925,,0.1310375187356553,0.6666666666666666,False,5
-0.073065101384539075,-0.99159957715336655,-0.10673223294267747,0.99729915018796877,-0.073445702890738401,-0.00036573383629673675,-0.0074763623521504523,-0.10647068759122548,0.99428773334977305,3.696122254211299,-3.6554385428613698,-1.5414400806638568,0.503303399337991,0.6223565743327985,0.4949152542372882,True,5
-0.28847503237638233,-0.95189293753629334,-0.10335371867509996,0.95748523224027093,-0.28655820775890833,-0.033262946468956188,0.0020459074366921196,-0.10855518888808965,0.99408831862578073,8.3262715677655841,-5.2261426965492923,-1.8559255617780566,0.3244685341598691,0.16578685834087,0.25,True,4
0.70504355879713543,0.70273463381479528,0.095276516707201192,-0.7089629204653084,0.70165260125204587,0.071099961754842178,-0.016886610197806743,-0.11767608760247317,0.99290844532746525,8.5667741480270116,-3.6261482601240766,-1.8879854419083513,0.2900435409451051,0.3068864956663117,0.5230769230769231,True,5
-0.078218896259929949,0.99106864749651924,0.10800342687756961,-0.99678751754408368,-0.07961795177156844,0.0086963569385839143,0.01721769834157176,-0.10697624832232817,0.99411248516387651,15.524054700213759,3.330921770103175,-2.1192005678759389,0.2732891508685222,0.2621686268988686,0.56,True,5
-0.24825232504008538,0.95500364141795913,0.16229241507424264,-0.96868717119093695,-0.24543205924889339,-0.037526905853645168,0.0039934298907674404,-0.16652672209374131,0.9860288552301204,-9.2946287862091648,-8.2947757139025526,-0.71947695537272749,0.1170816916671674,0.1642405265145633,0.1016949152542373,True,4
-0.37528084136582845,0.92592354099747487,0.042777170669105205,-0.92657368027508624,-0.37598972946242259,0.0096404543594633876,0.025010100464383615,-0.036018322635459996,0.9990381250529381,-3.2279425017666572,3.7553523783947353,-0.81408880827196883,0.1262327588904137,0.1065704663361847,0.553921568627451,True,5
0.52944063260769103,-0.84734894589140886,-0.041138551757272254,0.84749899128082651,0.52612149800318686,0.070296721949630686,-0.037921976767423309,-0.07208282205630176,0.99667747563715425,-1.6109960396029752,5.851957137029391,-0.92173006819156067,0.7046024201696021,0.7107991545749042,0.6982758620689655,True,4
-0.98002934095461558,0.18096959800913301,0.082416597020715687,-0.1947455829784546,-0.95727339605695916,-0.21377980052371295,0.040207571158229399,-0.22556074525056316,0.97339904531675381,-21.290807614570554,11.311150452017348,0.40680448749599918,,0.2676373235383127,0.4615384615384616,False,2
0.72417018253360754,0.67992474118425927,0.11523841831073284,-0.68948683097243846,0.71054873558848664,0.14045783804824552,0.013618246760345593,-0.18117075006501726,0.98335736264902884,-10.85343261311087,-16.054711515977182,-0.87279824382624283,,0.2997839980715428,0.1764705882352941,False,3
0.59319529018135564,-0.8006444774805761,-0.084188885172058303,0.80483066178228013,0.5872874653579343,0.085679862794890468,-0.019156031994014191,-0.11858268724105386,0.99275938309589207,8.1861605893052936,-7.6110720157705334,-1.8275009400741453,0.1571944539417666,0.2454954372051837,0.35,True,4
0.90111803648728006,0.39831646724516001,0.17126084268928496,-0.42979494957000036,0.87266272555420843,0.23181041553912329,-0.057119047973765796,-0.28249559173487238,0.95756652771958084,-1.7553029055313947,10.479043572644599,-0.75411534350034315,0.4635489798661711,0.4446357900580802,0.1923076923076923,True,4
0.80344258863102813,0.58577631325405699,0.1065181562192859,-0.59533607930947063,0.78819084865901101,0.15598121285146666,0.0074134638529563951,-0.18873605093005322,0.98199986946691009,-3.7206305397594388,5.1882640318274111,-0.73740473126580264,,0.2307144418214105,0.1301369863013699,False,3
-0.88267073136355867,-0.46967135807097377,0.017354982048086203,0.46894105831208988,-0.88256447012697448,-0.034267183990395231,0.031411205377369189,-0.022108176705954885,0.99926201003514625,5.6117811131943478,14.270003503437962,-1.2110616137514376,0.7785370978840557,0.5719900369652531,0.90625,True,6
-0.23437078106401618,0.95895376977749236,0.15961830851433695,-0.97193644178280092,-0.23455929262435088,-0.017930180650269616,0.020245743207650789,-0.15934116126443665,0.98701595944993203,17.057423292617941,-21.047838850866526,-2.142851467559705,,0.08525416230993241,0.5555555555555556,False,1
-0.5050925957072594,-0.85783887216748322,-0.094836380994446606,0.86289665380459135,-0.4997647368308249,-0.075130371177416083,0.017053873886681514,-0.1197817900134963,0.99265376046566234,-22.813673376724807,1.0488203991518845,0.42156400017200596,0.6261397393408802,0.4611308089586442,0.1538461538461539,True,4
0.33137913739134034,-0.93655339896569834,-0.11426109656208434,0.943334203678448,0.32662886876868752,0.05860172571893308,-0.01756267269297894,-0.12720578985520403,0.9917208475953273,-15.475951230948956,-12.075669050779794,-0.40771036770379332,0.4635449529352403,0.3563648353413592,0.2307692307692308,True,3
0.57320938996310666,0.79836245523639682,0.18452204563963176,-0.81796758125814772,0.57085490590360233,0.071089467690255245,-0.048580153034111562,-0.19168220176818843,0.98025399884748299,5.0311168224566876,-6.050100949529039,-1.624963666696696,,0.4851011426306748,0.303030303030303,False,3
0.59623765563103193,-0.79667733160150189,-0.099024680357577693,0.80153800640333273,0.58381315576485748,0.12922470138037914,-0.045138479134557645,-0.15642067787919764,0.98665854743838832,-6.5073349038705803,-11.742537994041323,-0.98710719446482253,,0.347445747582433,0.1666666666666667,False,5
-0.85207099979920364,-0.52340147242287305,0.0050901833712406128,0.52303499900160055,-0.85176979663895014,-0.030374386463533364,0.020233663053931338,-0.023218789787775512,0.99952563082704904,-13.589934986767,-6.3107238820111595,-0.33810744397889525,,0.0793971645115077,0.2439024390243902,False,3
-0.17089286079339938,-0.9848579390799288,-0.029162818126574994,0.98519827153322848,-0.17120517810138813,0.0085529386301760792,-0.013416254983690975,-0.027269521860638406,0.99953808195571292,-17.580503707913511,12.268374632643678,0.23518024590693576,,0.2900784158200582,0.4146341463414634,True,5
0.28203088724919156,0.95120526676944317,0.12516836304557219,-0.95940447628113501,0.27944652676672344,0.038114164948710859,0.0012765301235716231,-0.13083645955195103,0.99140314268351803,-17.232612044586073,-10.662680863540817,-0.19473516465059645,,0.07843465928613833,0.3846153846153846,False,1
-0.34954416657137055,-0.93265722441699173,-0.089271369199306089,0.93623713427812794,-0.35133715685071309,0.0047149352844262707,-0.035761767498333263,-0.081931092747810297,0.99599618072889462,14.829652757279089,5.1301212515305972,-1.9771111049335248,0.472758748680589,0.2650569872809499,0.3529411764705883,True,4
-0.59154188036338773,0.79103916743193947,0.15599756204739801,-0.80566808998368378,-0.58742912262453617,-0.076327941637457195,0.031259119600381836,-0.17083343197732662,0.98480394290470707,-16.244350527974643,14.803760046875601,0.1513422247858347,,0.1267798176699769,0.12,False,1
0.81735652369759015,-0.57523759299180877,-0.032093999096109202,0.57452559892956623,0.80965434915142642,0.11991735101645436,-0.042995922406832303,-0.11645405321056992,0.99226498685946585,10.217239529708818,6.1082643477995564,-1.6347468612588993,,0.1665970334464927,0.1363636363636364,False,4
-0.62011490307626349,0.7788010249614864,0.094480000537965042,-0.78395617831253939,-0.61969461711554963,-0.037300026858026927,0.029499448610328827,-0.097198482688517177,0.99482774262418738,-8.5288852154622958,6.9335989982892023,-0.18908402252557674,0.4800354911874497,0.4581701717858604,0.9531703273932863,True,5
0.6856897716697633,0.72499649823217849,0.064881542664661562,-0.7276535895555204,0.6850251619224742,0.035507480057783217,-0.018702690566697974,-0.071558403309230717,0.99726105122049147,-0.6918029103211969,-11.251854875863293,-1.3121344835110713,,0.07382575961582208,0.2727272727272727,False,5
0.85447198734590724,0.50536290251444493,0.12035763209415526,-0.51949730995887222,0.83104044303309155,0.19873179662263071,0.00040961766518235465,-0.23233621931489509,0.97263544733257057,17.492131718521588,-18.373171173159371,-2.191696120739274,,0.4435628404763574,0.2,False,3
0.98741621189370832,-0.15326047430687306,0.038992967375069243,0.15041618548944957,0.98630491730115011,0.067657824753510259,-0.048828225774488351,-0.060941259609606946,0.99694632114518167,-3.9604674426120976,11.390931794529312,-0.61467546491256042,,0.118247553233424,0.2542372881355932,False,5
-0.24995871466340325,0.9274951307397753,0.27798097671932026,-0.96820426528884351,-0.24240505594929723,-0.061808490733149916,0.01005692002111603,-0.28459193822774742,0.95859599782988025,8.1217661768004064,10.348721154703629,-1.4023845168996136,,0.397572259558866,0.3684210526315789,False,4
0.025388073790436415,-0.99787407727835531,-0.060023092265255401,0.99959096644502876,0.024549293073967103,0.014670787676978303,-0.013166074232885863,-0.060371003846552695,0.99808917256117691,-12.019304284770229,-4.48377269032824,-0.38802001866637342,0.2468342107109291,0.1822768366188767,0.3205128205128205,True,5
-0.90325443691856311,0.41758764383828084,0.098752123524126351,-0.42403497017507652,-0.9038969928909486,-0.056254513697342627,0.065770557664911633,-0.092686492847099108,0.99352073344654135,-19.01401005502095,0.080642403173978708,0.24577504135696362,,0.1307648058711818,0.3478260869565217,False,4
0.65254359430725328,0.75387627713591454,0.076533759219475583,-0.75753703744236378,0.65142427723765894,0.04223799152943454,-0.018013728975919498,-0.085539288032385252,0.99617194086728567,-21.357029401244773,-9.2440223374985937,0.1773887784026946,,0.2125476285202259,0.75,False,3
0.016256935972725099,0.99082654262687941,0.13415839317331232,-0.99977688387806285,0.014298617699367563,0.015547732791595792,0.013486826752436782,-0.13438121876941611,0.99083792496361256,11.578433734126701,-3.0903669359003447,-2.283176296496733,,0.1710157404388477,0.4782608695652174,False,5
-0.56688585619506482,0.80833600830401187,0.15885000385622994,-0.82322886989287669,-0.56301986855169861,-0.072820707157544864,0.030572108544966153,-0.17205093808277822,0.98461353884859348,-17.024779176900729,3.2731332467052159,0.26956203018367292,,0.2673802510502951,0.1333333333333333,False,1
0.9079255452849605,0.40844346456665281,0.094048606963620135,-0.41716056218886116,0.90234782726803242,0.10837649181872958,-0.040598886355186353,-0.13763115518461411,0.98965114841001844,18.884603375557703,7.0670589246609037,-2.2508444766549869,0.2751886884235451,0.2325163127837591,0.3333333333333333,True,5
-0.99410469856991612,0.080748271686475998,0.072357203517433577,-0.09077708768625399,-0.98478455394715647,-0.14818536587093123,0.05929054420747365,-0.15388014468002914,0.98630904509734418,10.87884046059672,-10.442577211864556,-1.9228803330236457,,0.3938000239470797,0.3243243243243243,False,5
0.11512326715643198,0.97258440768327536,0.20205495116576785,-0.9933220650417578,0.11115497337910685,0.030916775288951537,0.0076097608639341969,-0.20426488152509742,0.97888607596345523,-0.11111045378774181,-5.4201447035405392,-1.286541106343257,,0.08213035455410105,0.25,False,5
0.96476785502581619,-0.25839891376158908,0.049527641531953021,0.24894255952090028,0.95744821897882715,0.14601544450316248,-0.08515038442702294,-0.12854146934395905,0.98804175149172102,4.2099822236547748,11.026347758567587,-1.137133176065156,,0.5187272049135058,0.3389830508474576,False,2
0.35748542894718827,0.93147664919840656,0.067493852227843321,-0.93388950019182704,0.35711113862902699,0.017945364263226699,-0.0073871186469891791,-0.069447006164334746,0.99755829093487403,-0.87072615040196144,15.147872999416503,-0.77175986454453249,,0.07233358473619417,0.45,False,4
-0.39198553675721709,-0.90311413110253258,-0.17530603291408536,0.91997052930112211,-0.38454351345141019,-0.076029674995088184,0.0012506760451860988,-0.19107891685207742,0.981573880736477,17.474643520745584,4.053902322203494,-2.2714738098938416,,0.1285905543774884,0.3333333333333333,True,5
0.87501734347754467,-0.48308932961038231,0.031134357711244551,0.48219194255791126,0.87547127932979507,0.032264060514445018,-0.042843659341006785,-0.013218876096070524,0.99899433540387428,-5.948567001058259,4.5950326495302409,-0.54534886930614734,0.1239248373623414,0.09337609962893831,0.5943204868154158,True,5
0.97109843609876356,-0.23731145064289969,-0.025516716095501969,0.23445829490292627,0.92844054670943255,0.28814485797442746,-0.044689320399266458,-0.28579962669614034,0.95724680099888537,1.679140771005653,-2.6964875887051716,-1.416544134851619,,0.5162679104918797,0.2333333333333333,False,2
0.98663818036999529,-0.16292601372455037,0.00046377582095701031,0.16143299393115182,0.97797347555074254,0.13231503916647439,-0.022011122338699157,-0.130472200759505,0.99120760455232693,-15.221391264124387,-6.1904241403405926,-0.22283884092289577,0.4898392384327187,0.376285480676852,0.3768115942028986,True,5
-0.12695535328273017,-0.99030258446408725,-0.056419229670444992,0.99183013482649496,-0.12745447550370648,0.0053235631048869185,-0.012462821627296884,-0.055282437336140633,0.99839297383308023,-7.5059428921275249,-11.719615813587554,-0.904596982978082,0.2333788799166787,0.2239700945254721,0.4333333333333333,True,5
0.54928127975661867,0.82353083070433919,0.14172877826452226,-0.83546752923575573,0.54463411909350978,0.073264479196539459,-0.01685477088645055,-0.15865259909203994,0.98719059431282474,-16.813788913818698,-3.9938790884525202,-0.0096862878185172332,0.5144611906340573,0.3370618959772351,0.472972972972973,True,3
0.79812830423276626,0.59806575643344728,0.072859872112279497,-0.60207563333371095,0.79619997340017945,0.059753946341348736,-0.022274239119215056,-0.091558469511250226,0.99555055367993139,19.26842654361268,-2.6208518890433785,-2.5751631203319407,,0.08685684360516485,0.1818181818181818,False,4
-0.71281992187161858,0.69940524810194116,0.052154174429291475,-0.70051508120933437,-0.71362413202121155,-0.00438397026129465,0.034152305650113679,-0.039659767074884472,0.99862942220542794,-0.055014610841018462,5.0617563841336306,-1.1117440249873289,,0.0701006633955014,0.282051282051282,False,5
0.26996440366309848,0.95579503052697512,0.11651214689793785,-0.96286869837384648,0.26775930437332884,0.034479336034301415,0.001757966633020025,-0.12149409261955957,0.99259059788609116,-18.712798313125774,2.8692728489280381,0.33281519461454045,0.6480717644837054,0.6286792984190555,0.6067415730337079,True,1
-0.48514764909165936,0.83987495991794803,0.24339640565065915,-0.87432892160555531,-0.47019863563540248,-0.12025880379694193,0.013442299836763965,-0.27115179281987073,0.96244273067319042,-16.553840973434944,6.1086674039767175,0.207777287854541,,0.4567851939316549,0.2727272727272727,False,6
0.35372845543636422,-0.93051185052302532,-0.094994083241106392,0.93274193322272525,0.34334268424756931,0.11003766255971704,-0.069775825488032059,-0.12752841726410671,0.98937749972777067,4.0882925596255628,-9.3782751533849193,-1.5692229173300958,0.760898269173217,0.4893820635287354,0.8032786885245902,True,6
0.70333794635794589,-0.71083254762766379,0.0057290877241490089,0.70981902989073442,0.70272458229643098,0.048322937010097294,-0.038375487201630837,-0.029920739788151858,0.99881533393944544,-6.4370484112345903,19.824083028427054,-0.39021747751361735,,0.1229410785363078,0.5,False,4
0.59605262830527084,-0.78871816146180895,-0.15048231148770491,0.80233182140400106,0.57771884226017067,0.1500152914209297,-0.031383318067361846,-0.21015375580244069,0.97716451341072119,6.66738185897914,7.8926480449850018,-1.3564706346540822,,0.29068985673936,0.2608695652173913,False,1
-0.82962556122736031,-0.55787406726831956,0.022314865621148629,0.55782478251019629,-0.82991043706209344,-0.0089542432878264681,0.023514680002919147,0.0050191159488321251,0.99971089235811217,-19.40509454946039,-1.1465858951018757,0.2201540938725782,,0.08304341039635957,0.4054054054054054,False,1
0.43958687420200065,-0.89815057711018009,-0.0094297861038034336,0.89754439193249347,0.43884069207017357,0.042812515622188532,-0.034313911753740454,-0.027283471553673937,0.99903862169594593,-0.0080035736103462006,9.2256841905260405,-0.88546384619228891,,0.06556337847153648,0.4666666666666667,False,5
