axis_00,axis_01,axis_02,axis_10,axis_11,axis_12,axis_20,axis_21,axis_22,location_x,location_y,location_z,dbh,dbh_approximation,score,reconstructed,number_clusters
0.24904644196162462,0.96620096380082909,0.066570018000625647,-0.9658743669179426,0.24273622569140305,0.09036499359793812,0.07115178899450296,-0.086803354125521842,0.99368133757026988,15.52182593756247,7.9957579682073394,-3.7316842340088963,,0.09805711532867895,0.35,False,5
0.31545053321392613,0.94039664222364638,0.12706343451024246,-0.94770427434837101,0.30536533600818117,0.092782648951387256,0.04845172315692628,-0.14968689608345681,0.98754557548703692,-14.656862346980208,10.162786380378007,-2.1951514917463348,,0.2322139134159021,0.2222222222222222,False,2
-0.04537340380150167,0.99375201514444389,0.10197149907608929,-0.99629487983613219,-0.052480932663661363,0.068134162642991242,0.073060020803276629,-0.098502203544444888,0.99245128306487462,26.120788500291852,8.1741473098115112,-4.6982606565179186,0.5085491607978261,0.4622554724522182,0.5581395348837209,True,5
0.68775267535573914,0.71963167028534658,0.095532804121649051,-0.72368015110811634,0.66925707471475004,0.1684696021138227,0.057300056135725946,-0.18500061369243548,0.98106649953011071,-4.8663477951186822,-12.828518838844108,-0.8310657969841666,,0.1408853554975205,0.25,False,5
0.33471992245594062,-0.93696862004331982,-0.10026155078197373,0.94024286899796961,0.32503039522476462,0.1014819662723411,-0.062497366420965435,-0.12823824403878298,0.98977221215605626,-0.40244687705232784,-17.102324680913139,-0.69914176862439503,0.2299607573640814,0.2448420548877125,0.5111111111111111,True,5
0.85208004694031192,0.50907074577995637,0.12168224766675795,-0.52212640866402238,0.81041867406868273,0.26571711667931341,0.036655244942646735,-0.28994576822536416,0.95634086209175295,-3.85251957634578,-11.941764871748035,-0.93634085341127116,,0.4444687638342248,0.2162162162162162,False,2
-0.28750194143835145,0.92011962894193688,0.26593702657759188,-0.95476483974583326,-0.29734237768051897,-0.0034075240877630142,0.075939017996625349,-0.25488699235356782,0.96398438092878869,16.622619930188463,-10.537652579684543,-2.3810590506686373,,0.4196198984069211,0.1111111111111111,False,4
0.91456213211399107,0.39114879589716822,0.10285293370296708,-0.40370873042364819,0.86754141578138577,0.29050155401263472,0.024400153336357127,-0.30720434790579521,0.95133071071259867,-17.260142628905641,0.076129934766651197,-1.312153418528726,,0.75809968950285,0.2597864768683274,False,1
0.95379054634702054,-0.29850867653080665,-0.034295243618867099,0.29936069802596826,0.93424329356409608,0.19383663458674333,-0.025821815901600896,-0.19514619767327246,0.98043418716260966,7.5339756924183776,-3.4913534445338317,-2.2295143877021872,,0.1368397126247606,0.125,False,1
0.0050106277721886743,0.97573333848474586,0.21890487838040887,-0.99755985161488581,-0.010366913698360005,0.06904251984435697,0.069636456367453387,-0.21871666436232926,0.97330045960885092,-22.245488877635992,11.128383423941436,-2.0279449017186417,,0.507669986939207,0.525,False,2
0.94618937594007468,0.32081339089281347,0.042478619115814679,-0.32241011303775707,0.92320530502614495,0.20914990744096296,0.027881604493148263,-0.21159095679030671,0.97696053304903241,-0.79078475595673503,-6.2110830694842072,-1.5701067317569519,0.4212031396997429,0.244609600970676,0.1914893617021277,True,5
-0.96026638254244678,0.26885746416939199,0.074860794273422515,-0.27464526380994325,-0.95801451622363731,-0.08232961661247705,0.049582795661501256,-0.099618525712815889,0.99378956309129918,-2.001786925880765,-11.203459992104738,-1.0751861623457051,,0.1783174354281363,0.2222222222222222,False,3
-0.98750310841706057,0.15735683621207067,0.0087428235696742698,-0.15680190651095088,-0.98656651483349467,0.045822199028669124,0.015835813246368874,0.043878672571302194,0.99891135197884628,-10.043495531155919,-13.152163085783545,-0.57362974194152561,,0.6951366582408134,0.6881720430107527,False,1
0.43635988819866395,0.89832509529648341,0.051010500211362213,-0.89711865372782795,0.43002244656153071,0.10128581631603122,0.069051930493063407,-0.089959538759374152,0.99354874680680949,5.9452882235437325,-17.12868708896784,-1.0301650240928102,,0.203165369285757,0.2647058823529412,True,5
0.97183679025859404,-0.23564408218004632,-0.0022626606895330553,0.23316857143109848,0.96014761793655223,0.15410700525136603,-0.034141915538719904,-0.15029443870046369,0.98805157319800774,13.349954170350994,-8.1269444604720942,-2.2515053421026514,,0.4269596259635891,0.5846153846153846,False,6
-0.99359742170620968,0.090219182143917276,0.068004873002273841,-0.099376479208823143,-0.98425204174414183,-0.14619245432835046,0.05374457143592333,-0.15201453054156092,0.98691595566461399,-2.4600876437884818,13.642738942277976,-2.9786736126360553,,0.3733861589907542,0.1666666666666667,False,3
-0.34701676452243591,0.93584481802074293,0.061431601998506155,-0.93689070025990895,-0.34888965707525987,0.022623504423616783,0.042604939935153803,-0.049703961307225916,0.99785486686365954,-14.132559378924656,-23.539966310174709,0.42781514803062692,,0.3928612431795067,0.7045454545454546,False,2
0.87113882316381086,0.48991675832498027,0.033146955955464602,-0.49011296070756899,0.86337761619562248,0.11986816757932592,0.030107084269848542,-0.12066756716163259,0.99223631344154151,-11.589842088574724,-18.653525128944416,-0.037566424317129539,,0.08430971071952374,0.2666666666666667,False,2
0.93982742546321407,0.34135586483139196,0.014162764292275521,-0.33754576818905935,0.92133455420078569,0.19288725622315395,0.052794552037534526,-0.18606131457358688,0.98111870968517578,8.0851417989841305,-11.034475075541817,-1.63108793818673,,0.1949858113551911,0.2413793103448276,False,5
0.57782415201057735,-0.80590260035244576,-0.12899708561987921,0.81215064628576661,0.55210785499349113,0.18864846724025397,-0.080811986059420596,-0.21377070706636028,0.97353557084961173,-22.138871527065884,-12.132875537278021,-0.22969716076173813,,0.4400675580203456,0.5058823529411764,False,4
0.84609423859494315,0.5326069765094319,0.021315440176679207,-0.5320123241598167,0.84132416871389626,0.095585198016966258,0.032976148327456323,-0.092214162205996569,0.99519300737602268,5.9086167799860103,-7.9985654218659388,-1.7354491114238266,,0.08132179162335287,0.1666666666666667,False,5
-0.99581909492948806,-0.091327593125939383,0.0018976057648219767,0.091329884865113953,-0.99500865596865085,0.040207296327716274,-0.0017839014380978714,0.040212501554648721,0.99918955779890783,-12.422827133042089,-14.136419234370157,-0.40344944825152534,,0.07302807636523434,0.3,False,1
0.10362289095653915,-0.97563063625251856,-0.19340930193585285,0.98104730218964775,0.068246928247226377,0.18135199930309726,-0.16373297571418483,-0.20853589233108677,0.96421174763298445,-4.410764264016473,2.0330543684731643,-1.81423152800006,,0.7458609626540986,0.3828996282527881,False,2
0.99846973286587326,0.051886531429485759,0.019130614390764029,-0.054509136098956232,0.98173861489869774,0.18225818527169627,-0.0093245178157688666,-0.18302207482433225,0.98306458256540785,0.2288227688697308,-22.322840456014688,-0.25884070804927728,,0.1283301353717237,0.125,False,4
0.40527053304227223,0.91242530139702904,0.056884658900041574,-0.91159510273185007,0.39864304357836283,0.10038970306703933,0.068921431521272017,-0.092540764947784057,0.99332071512676023,-11.521791761593407,-17.872211942523151,-0.12370415872913883,,0.0964345225533419,0.3076923076923077,False,2
0.51588826066571858,-0.85074122773010807,-0.1004921188331096,0.85389610988178599,0.50126731263695212,0.13997326462750301,-0.068707612649927072,-0.1580203933737554,0.9850425469196501,10.14690567728832,-8.799762518115136,-1.9541931185653909,,0.1899720721068247,0.375,False,5
-0.23678895769935243,-0.96254144879707726,-0.13207932790288884,0.96886151624206651,-0.24406610777234988,0.041702486520357962,-0.072376459272191926,-0.11809188957959894,0.99036152679652356,1.1403372296110048,-16.573944645874015,-0.83382008358250637,0.4511395339674588,0.3862282253550001,0.8547008547008547,True,5
0.60041029411916369,-0.77045172307691612,-0.21426997251959912,0.79885856204258321,0.56562306939119789,0.20468400334109077,-0.036503103525521274,-0.29406578478342299,0.95508786907420917,6.7798954823141919,-15.066877809419504,-1.2983328059753572,,0.3251376587731273,0.3,False,5
-0.99985003075802525,-0.015173244717727618,0.0083479720838315619,0.0152257342497004,-0.9998644824694688,0.0062604882093753728,0.0082518488676165021,0.0063866533331766078,0.9999455573427326,1.5713141409166023,-20.524030707870725,-0.48406800667621908,,0.2248658795131404,0.7333333333333333,True,5
-0.70805387238460471,-0.690893434647741,-0.14603415957170052,0.70329340689443454,-0.70854697539014611,-0.057788991030249745,-0.063546027570453717,-0.14362258048831433,0.98759022714579947,-6.9741192463029247,-17.331355249167114,-0.34111269754202223,,0.3301208052465377,0.3181818181818182,False,4
-0.17603154967472662,0.97445348580126145,0.13947507852259797,-0.98409303850372065,-0.17765183981841931,-0.00084580000315372106,0.023953811546994178,-0.13740534130411847,0.99022522038850813,-9.6635621396788611,-11.944891023145011,-0.65948559203244128,,0.1815855924308903,0.2058823529411765,False,2
-0.21423053964532765,0.97653461571634481,0.022032253425431282,-0.97420380127918071,-0.21524858467784147,0.067786432030171401,0.070938208720453158,-0.0069419811233464475,0.99745655516499365,-5.9328514077332981,-9.0868370949449258,-1.0241217208202373,0.1945196087240129,0.1603007514887831,0.7424892703862661,True,4
0.18784840274974293,0.97600168719533476,0.11015300348255072,-0.9788242200741476,0.17673462494665912,0.10328610042593826,0.081339558522306052,-0.12722255671389485,0.98853340726683192,-6.4987083774273904,-13.186142201089535,-0.73848188537399506,,0.3180198378042133,0.6617647058823529,True,5
0.84601092001411615,0.52364526664228095,0.10030532358754113,-0.53269109810115312,0.82222984024472567,0.20044521399853499,0.022488157342352492,-0.22301059287456598,0.97455659571164865,-3.5293897962765581,-9.8128036855865588,-1.0977291250116623,,0.2056609562543452,0.3018867924528302,False,5
0.85438054216775772,0.51856818565359641,0.033480232870520814,-0.51880027651588834,0.84753642266713491,0.11192982328062596,0.029667528582018075,-0.11300021717028512,0.9931519464146974,-19.101973508976457,10.221685175787423,-2.0695649234526012,0.5594054171823672,0.6926668794018562,0.8362573099415205,True,4
0.99967969857980032,0.0021222186167865163,-0.025218969755740485,0.0045596792032782064,0.96506856411704012,0.26195777499176592,0.024893966597583046,-0.2619888599563272,0.96474977464927192,-13.721875556416229,2.1766120530279478,-1.5700973216821306,,0.5175806066861829,0.4335260115606936,False,3
-0.41035495075955558,0.91087215299625479,0.043826194029282436,-0.90913505249279836,-0.41238342034654207,0.058424061414851999,0.071290046402298274,-0.015869326364306383,0.99732938077883937,13.441503186129028,8.1941124348959082,-3.5785314445577279,0.2691243517279625,0.2323256020020223,0.58,True,5
-0.37132405042945466,-0.92632617222417124,-0.063547401403830847,0.92658267102587422,-0.3740869202422924,0.038775376957470256,-0.059690898194122544,-0.044483690900738115,0.99722524933769452,-10.109472338249279,-18.954553672042643,-0.070688009479981911,,0.1290048018939256,0.4761904761904762,False,4
0.56196056629026225,0.82176233486375871,0.094376834731789927,-0.82589969273206698,0.55113135175304451,0.11892825845836391,0.045716730852120635,-0.14477879027718721,0.98840734639422256,10.008993739930014,-21.190612883502268,-0.9773076531791044,,0.3026734451521158,0.1875,True,5
-0.99861239327655116,0.05266190280723268,-0.00010948608439547217,-0.052546007325917528,-0.99654831637737862,-0.064267956553164543,-0.0034935810546932768,-0.064173024847956173,0.9979326719640359,-21.293982920803771,-15.762345261741531,0.026922651294706799,,0.3516165810926701,0.32,True,5
-0.18062088229778739,0.95526302565696763,0.23419788361696273,-0.98097866256264565,-0.19218259912494245,0.027326035028612097,0.071112308883708952,-0.22480747408900209,0.97180483592074718,0.23522893721092814,-23.93622373762576,-0.14072563922301717,,0.4999700384786586,0.391304347826087,False,4
0.71604018157540106,-0.69515403378900098,-0.063618611084702181,0.69604966254187561,0.70409767866632178,0.14057498416161379,-0.052927550905056464,-0.14493904996093088,0.98802396031250916,-21.337867284017925,7.5648669553130379,-1.7774667022455928,,0.6850971232498775,0.2702702702702703,False,1
0.9988662885384253,0.047307906601447507,0.0053009050603465141,-0.047473371374637016,0.98168827305069695,0.18448418242512088,0.0035237241373147592,-0.18452668242757791,0.98282118762289361,1.7889825016804177,-14.792061390083074,-0.98279480443591227,,0.0718005196894414,0.1818181818181818,False,5
-0.11463306962534765,0.98913092887829857,0.092082923957838292,-0.99261830499629755,-0.11774385065855036,0.029073806396398061,0.039599999173591395,-0.08807037622522014,0.99532680507308768,-14.626890699728786,11.467764152627339,-2.33377864085673,0.2578291409533921,0.1638998822881986,0.2941176470588235,True,2
0.25365441946659451,0.96480147904848956,0.069408511804474576,-0.96368492659081983,0.24586285863574087,0.10422483871471309,0.08349130341964478,-0.093325027561253146,0.99212884318720407,-1.8588558520870997,8.5873068005323159,-2.5262982812562664,0.8047528976001288,0.6321413689051006,0.6016597510373444,True,5
-0.34761355103273722,0.93029165738317321,0.11714201356335886,-0.93258328027974835,-0.35598568875387299,0.059687643152448983,0.097227796853955051,-0.08849644967849439,0.99131989484385241,0.62670112888528362,-8.8929031057348222,-1.3810719067532204,,0.1486298676071975,0.2115384615384615,False,5
-0.068400430209506022,0.99668298246328602,0.044095505612757518,-0.99536870476829964,-0.071169281715518923,0.064622557268926378,0.067546448574540591,-0.039471075589440713,0.99693505880612932,12.628322619131163,-0.88966783733858346,-2.7866156560050999,0.3545445071179267,0.1918980745758735,0.2258064516129032,True,5
-0.33152106475347576,0.9408992149652714,0.069299717910365405,-0.94099038006685864,-0.33506250367269252,0.047646859856810567,0.068050630021691788,-0.049414430183111382,0.99645738787131644,2.5777471389810493,-18.407184090063041,-0.74302671050216018,,0.7061989937914731,0.952755905511811,True,5
-0.045797882440465516,0.99844189288174967,0.031880095713143417,-0.99627440250846522,-0.047986433834675449,0.071656242395429282,0.073074406397667754,-0.028479619143173252,0.99691977732568271,5.0997164408347544,6.9121433759707323,-2.8393528745813317,0.5040182045993415,0.4435505545467605,0.8875502008032129,True,5
0.87272895197570366,0.46773039546417633,0.13990158520300583,-0.48695248034146615,0.81346831382396267,0.31803550791333401,0.034949367271565397,-0.34568421943057148,0.9376998251914056,6.4939077845503119,-6.5439228289421614,-1.9369976598531224,,0.3790114182286796,0.2,False,3
0.69239991037653159,-0.71173368021893835,-0.11839566103779058,0.71979911438482724,0.67008428915048746,0.18131817439104878,-0.049715179184910481,-0.21076577966000654,0.97627157445196555,7.2932624360902309,-12.384641403445402,-1.463992132128408,,0.3312340036769711,0.2222222222222222,False,5
-0.082774489035614698,0.9954582280773846,0.047024462973296315,-0.99482578900803098,-0.085326895424465435,0.055144994711862877,0.058906990157721863,-0.042216549719942306,0.99737040734137594,-16.888641163803349,-12.074451475282226,-0.38084614171538217,,0.07525416324557985,0.25,False,2
0.96588621665422336,0.2580813955981649,0.021396488578585563,-0.25867762472792061,0.95760517105727905,0.12679993229288408,0.012235315382578806,-0.12800909971741214,0.99169751812083584,-7.3791967402723841,-5.1406943216629486,-1.244461366382607,,0.06678362437537358,0.1916167664670659,False,5
0.12713459099614235,-0.96976549941556578,-0.20830667755864585,0.98906876421911416,0.10813068818697769,0.10025334866369985,-0.074697894336576517,-0.21877529662987241,0.97291191490606843,-4.5361978808426864,-14.729576711753317,-0.67805873754463342,,0.2747402837344023,0.2727272727272727,False,5
0.49429912913163798,-0.82235420189831865,-0.28178349412249937,0.86692987975389646,0.44245914707608275,0.22948308599676998,-0.064038695564477582,-0.35771982023489513,0.93163060044285539,-14.020659541799667,-18.039528744908054,-0.0071925179323696856,,0.4073141677612868,0.2608695652173913,False,1
0.56214155664475474,0.826010629885225,0.041271171653186042,-0.82522555452476309,0.55690407071434345,0.094130973547987828,0.05476910125527313,-0.086972957512139196,0.99470400130354453,4.7620832329703928,-6.3201068253419592,-1.8576722897306202,,0.07991267726885054,0.3225806451612903,False,5
0.92037248372495217,0.3897513643380911,0.031754766548670307,-0.39043740092082224,0.91139562121723205,0.13006405186772635,0.021751486481553017,-0.13210562297894052,0.99099696125325742,-6.5278263524076232,-3.3815635316149564,-1.4112476337276592,,0.4165605801167705,0.9563928873835732,True,5
0.27517715748532101,-0.96119835882325688,-0.019371293033132779,0.95922804019191077,0.27314996995950885,0.072599316943788517,-0.064491076187981958,-0.038559161124122797,0.99717305027037251,-9.2847120868983524,-17.378003937552588,-0.24240152886783778,,0.07535258123868963,0.3714285714285714,False,4
0.74406136630308384,0.66657471363180676,0.045286138297073841,-0.6660081568423285,0.7346393095373096,0.12937627256196813,0.052969974463571087,-0.12642482362739921,0.99056092481790758,8.9326268077943265,-18.763303770076693,-1.0747256297640515,,0.1207824251517313,0.3157894736842105,False,5
0.6290348345982355,0.77643430577229666,0.038274608840096529,-0.77569313884135849,0.62367196042809481,0.09660973103274198,0.051140309115333848,-0.090460237649860567,0.9945861522200673,-7.2187014403798679,-20.802969129084666,-0.064435995494469628,,0.07567116511571556,0.3333333333333333,False,2
0.99525398788311781,0.08614251467382289,0.045265514118596722,-0.095698223845889246,0.95076571336169591,0.29476500512877668,-0.017645100042016394,-0.29769787614542326,0.95449705341766844,-18.586744172380502,2.3542428373901068,-1.442803957283618,,0.4049460886554141,0.451219512195122,False,3
-0.15503930324633308,-0.95663436529547696,-0.24660394478720751,0.98271012324205931,-0.17491501104164339,0.060708752168685549,-0.10121081032413809,-0.2329279503366275,0.96721297645632798,-12.087088766671016,-15.706839102424691,-0.28684780714529362,,0.2386576141897484,0.275,False,2
0.12935538315206144,-0.97917935437367776,-0.15644480438138791,0.98824544996860819,0.11434021533444093,0.10147534564423208,-0.081474630811842572,-0.16773224831743319,0.98246006402726238,-11.989002325150905,-37.961885713109126,1.8415011755350874,,0.3770790496459242,0.2173913043478261,False,2
0.87679142009692745,0.4692096171513801,0.10525749767625925,-0.479058083971242,0.83331527895782542,0.2758423427199736,0.04171519898328397,-0.29228065455670527,0.95542234699931938,16.822153573559401,-6.921736965364925,-2.6902210444145069,,0.5255431111209659,0.25,False,5
0.89416591674168189,0.44091791554039728,0.077837684273224905,-0.44574749008820008,0.86027438558286118,0.24746142444853958,0.042148409431166246,-0.25596752384929855,0.96576608882113946,-7.8358372623526487,4.0068903420178401,-1.9027286852670811,,0.3752417573086582,0.2671232876712329,False,3
-0.83354491728953806,-0.54760956147257578,-0.072983827281048672,0.55152321658402992,-0.83250645967861181,-0.052489390948928211,-0.032015815304035945,-0.084004540217759799,0.99595091485133969,8.619687811323125,-14.422255369753765,-1.4752105097029957,,0.2966966583599506,0.2,False,5
0.0053380258059263158,-0.98701557427359432,-0.16053585774481122,0.99746112046349722,-0.0061449388764134132,0.07094753617927968,-0.071012806198602799,-0.16050699631969981,0.98447685878756319,3.1496775135529864,6.0551064532093042,-2.5872152427563981,,0.3538199940107137,0.4,False,1
-0.74544215906796496,0.62840891071408134,0.22230211069450836,-0.6596505120821855,-0.7433996536643197,-0.11053577177312801,0.095797648164253082,-0.22903972552138741,0.96869170262745952,10.933554849165352,-6.5259734000716607,-2.2170139472612238,,0.4598827106665179,0.1764705882352941,False,4
-0.41635717205017392,0.88736905306622926,0.1980476431132791,-0.90426437055722464,-0.4268216502178952,0.011367807441134276,0.094618462379853163,-0.17435435918156963,0.98012647347740578,-9.5848757478229558,-10.074187471029941,-0.80677399491204238,,0.1916452713906345,0.28,False,2
-0.39243946142711528,0.91928233148644756,0.030187151764240271,-0.91701992559174939,-0.39359163641758749,0.064498680682851875,0.07117390801760537,-0.0023703921547325729,0.99746110503544672,17.188725209984472,-0.26909766021991527,-3.2359107834905108,0.3335224756981342,0.294256815336845,0.8297872340425532,True,5
-0.98575456215302903,0.16606378162767668,0.026660150524800814,-0.1673710135397152,-0.9841768825209084,-0.058161909684211019,0.016579717162189173,-0.061795504229200673,0.99795111535379355,-5.2103073482752302,8.7369022711997673,-2.4076335030369025,,0.4732123078590513,0.25,False,1
0.93237313059561622,0.36051291518566686,0.026660520018639711,-0.35922637047989181,0.9157389029749311,0.17994075783467162,0.04045689181308524,-0.17734908954546269,0.98331609380820262,-7.6218200777106508,-11.758697316998688,-0.77334220596937087,,0.1231667662552502,0.3454545454545455,False,4
0.02359277754221999,0.98735600672191159,0.15675298031617824,-0.99812743313893315,0.01441238066595793,0.059446703012228715,0.05643587567609739,-0.15786196271965058,0.98584714467455437,3.5140005635980831,-4.4313097928640719,-1.8924641872466244,,0.2645994556906645,0.1551724137931035,False,2
0.48287056176177895,-0.87563467204752599,-0.0099970841791551697,0.87328301974014355,0.48066480857856014,0.07961224295089217,-0.064905993693955083,-0.04717269233738159,0.99677577673228102,3.8268346261021051,-9.782598795689859,-1.4582896607776488,0.4877048635637909,0.4547028453710747,0.948339483394834,True,5
-0.97672755843241432,0.20742778581518112,0.054561802302211353,-0.21028766663152645,-0.97618855536319227,-0.053244733454034798,0.042218169800717881,-0.063479272599286762,0.99708976932317506,14.861668789184776,-17.864719363211041,-1.6023181219428255,,0.5144180170886175,0.2307692307692308,False,5
0.9999717414049808,-0.006300995258067538,0.0041004695156609781,0.0054983396331176855,0.98496291671774194,0.17267837430366939,-0.0051268560317158547,-0.17265094888136898,0.98496972806152439,-2.4370698341249115,-16.276021031424182,-0.6601726336520698,,0.06994832072454962,0.1363636363636364,False,1
0.68541974718402654,0.71295758471939041,0.14795692806110999,-0.72715083817807558,0.65956984414414588,0.19031363385893252,0.038097620753922014,-0.23803172705915196,0.97050990113760816,25.438163853038002,-6.2543995606665774,-3.6239100647623532,,0.2505392954990344,0.2307692307692308,False,4
0.93018592322874694,0.36581309759723851,0.030576557252195481,-0.36666130338741459,0.92185566482616288,0.12546562009632545,0.017709794615577264,-0.1279175939979576,0.99162666983116554,-10.328071242560179,-9.441028281528439,-0.80572565200822877,,0.2066212810125789,0.8971428571428571,True,5
-0.70939578496208955,0.69172381479392486,0.1351879592454841,-0.70033418685799331,-0.7133852312354545,-0.024769710799447342,0.07930729472105294,-0.11224827794703574,0.99051031145665047,-18.490151503362902,7.4876822720921927,-1.85776099479802,0.7055962160159516,0.3748597168734124,0.6410256410256411,True,3
-0.4707694104068143,0.88167903287101979,0.031909954886297616,-0.87986843059909858,-0.47184731735743746,0.056494724865879191,0.064866840992159044,-0.0014805736100895577,0.99789283033875198,-0.37438034699696171,-4.1247806934273337,-1.6725026217874852,,0.09705833634582345,0.3173652694610778,False,5
0.93415525054958504,-0.35279257619151877,-0.05377142414697407,0.35648562918442028,0.91554056969586139,0.18628865082437623,-0.016491332742695534,-0.1931912612545657,0.98102251376777305,13.926419972370196,-1.8398297470701572,-2.8654625812607408,0.831158154582275,0.3460148298722172,0.6111111111111112,True,4
0.68752887135062446,0.71280451302634618,0.13861377012623236,-0.72451977756236652,0.66055375778853687,0.19682435060840459,0.048735438649031473,-0.23575084152705503,0.9705907467820668,-6.1168739207898764,-5.5596675107240161,-1.2988523251996507,0.3278046473083732,0.4499621826610148,0.5776566757493188,True,5
-0.66227286954514364,0.74648368825578282,0.064472858106992131,-0.74686707462310553,-0.66458232890066349,0.022801336734821917,0.05986834813459882,-0.033051948218124155,0.99765893451149956,23.827767328551928,1.6171916171003282,-4.0093022475980113,,0.1348494350165998,0.25,False,3
0.41194806962942881,-0.86276382743495017,-0.29315075643494815,0.90876824779776,0.36547966138209292,0.20140727124565161,-0.066626269017378364,-0.34937543586495273,0.93461101271651914,-16.407939005214772,-10.776352310341167,-0.50259643671789944,,0.4057350701966396,0.3571428571428572,False,1
0.9856080861352351,-0.16901254244857433,-0.0033854157658178112,0.16829366503889889,0.97913444291252583,0.11389901233176951,-0.015935584476682585,-0.11282953158391887,0.99348656455431728,-2.6170503409576429,-13.350021825275538,-0.87992569179299818,0.1648187022405282,0.1279137801201875,0.6190476190476191,True,5
0.84878690194681605,0.51854704749655878,0.10329450428811961,-0.52649737955074583,0.81095421071313223,0.25525237991611188,0.048593254775993432,-0.27103916259323657,0.96134097381263894,21.060594054839928,1.6176673394618311,-3.7177443735926903,0.3859493561336395,0.4673200630092972,0.2432432432432433,True,7
-0.33812741861302997,0.9398847383883473,0.047817646604122618,-0.93745712497559064,-0.34084992539242914,0.070678619061746106,0.082728396663955636,-0.020928614494117686,0.99635235006536105,-10.935932511243967,-10.441231177035757,-0.69542116792413267,0.3711340611543005,0.2681483134811409,0.9363395225464191,True,5
-0.71245910320933803,0.69894303098552879,0.062294989292133576,-0.69925799794460919,-0.71458312226970233,0.02022903056946232,0.058653887890249418,-0.029147912516084774,0.99785275498507908,-1.2274291029130471,-9.8450689176973167,-1.2277485983974179,,0.1003717971084714,0.3582089552238806,False,5
0.93417501546420334,0.33443607734170333,0.12437664834987203,-0.35634501702422483,0.85654347413900078,0.37329814592614063,0.018310361123105034,-0.39304680011696225,0.91933614287340859,6.823060892199547,5.3577848208561916,-2.843574089396641,,0.5155078331953528,0.303030303030303,False,3
0.98600528610671834,0.16659458340075875,0.0063103526949418558,-0.16653735885543561,0.98251217054050566,0.083277505037306576,0.0076735829351612245,-0.083162969651825111,0.99650641573630871,3.7565692650650329,-8.0814647450476293,-1.6166267024943231,,0.07428142193848614,0.2903225806451613,False,5
-0.96653008246486061,-0.24799343874499735,-0.065717988632489843,0.25425148311675505,-0.96013620377985121,-0.11616649053899195,-0.034289692669943389,-0.12898730375756604,0.99105322382097782,-12.506052094341893,-9.9905919448780889,-0.69089763511155411,,0.3779144599462331,0.6844444444444444,False,5
0.15064006098318591,0.98077200083653371,0.12407197266943451,-0.98465095015108439,0.13766303717524492,0.1072911672145245,0.088148048155077971,-0.13832993374823113,0.98645565082048181,-11.405688645077671,2.7489337164030072,-1.6707833281965367,,0.6754951349075542,0.5022321428571429,False,3
-0.86307996994466696,0.48770417910641661,0.13129203769630887,-0.50403527289863226,-0.8483155165805234,-0.16220119605823097,0.032270871607595265,-0.20616842146860362,0.97798423956361891,18.945214601447464,8.0291499111638061,-3.9614676868459049,,0.195016606621342,0.391304347826087,False,5
0.54279118837007023,0.83835371642782053,0.050406070859256011,-0.83774264034438484,0.53617515350083711,0.10345759187789383,0.059707573863169355,-0.098383184132327009,0.99335580468599405,-9.6273369709736993,-7.315243000965638,-1.0122814698323956,,0.1206716507632278,0.4222222222222222,True,5
-0.99626429420685358,-0.080115996305873183,-0.032231711472363422,0.082002383613817911,-0.99468764790582354,-0.062226137476409815,-0.027075176272235522,-0.064636756102840545,0.99754149015984772,-23.684760680398995,5.3072000979913518,-1.5282302221582886,,0.4262518396586824,0.6086956521739131,True,4
0.73767462098453496,0.67488986380234628,0.018969061446827674,-0.67359948539872339,0.73377608001494921,0.088523430053688623,0.045824522102234533,-0.078079037742185622,0.99589345667062013,-2.3407408787472295,3.2089349611940037,-1.9681305544858829,0.4042315645971056,0.321807358122137,0.9186893203883495,True,5
-0.38477358694707786,0.92189018203839801,0.045472838586218353,-0.92064691430290679,-0.3868458310011007,0.052531535496341965,0.066019284852343818,-0.021651681188230829,0.99758340940961288,3.095488266439852,-15.53754730080945,-1.0234894919193451,0.2590779815400407,0.1608190686259793,0.6,True,5
0.92993930705929617,-0.36646959221946868,-0.030214618391951154,0.36759754242629339,0.92444413933705771,0.10136606950807098,-0.0092158552627681772,-0.10537111190388956,0.99439026382397366,9.0569972064568702,-5.4899918542168411,-2.2068541210857977,,0.1202113655806736,0.25,False,5
0.28787515421499094,-0.91332679116070492,-0.28803136657972828,0.95516168362738985,0.25208259856853249,0.15530782861474562,-0.069239105394178907,-0.31982579015305629,0.94494307248489173,-14.213314600889705,4.0476798593347336,-1.7004770863123331,,0.5762314609473667,0.2946428571428572,False,2
0.95483798165400424,0.29158232331733275,0.057132981016001692,-0.29633988107809106,0.92055128109111151,0.25449560657138504,0.021612581371303796,-0.25993285211835149,0.96538479826237622,4.3697571995910707,9.6135063615055216,-2.9692360733143701,,0.5413202840726709,0.1666666666666667,False,4
-0.21302060738206846,0.97683034875071162,0.020608022470329525,-0.97449823395977597,-0.21394021098015512,0.067696219503340621,0.070536606381739059,-0.0056617917066680463,0.99749312342232088,18.083101431624105,-5.9355530912971179,-2.937002016744394,0.3631363599931378,0.1890582566252626,0.631578947368421,True,4
0.55516208129761901,-0.83142739201286653,-0.022881330817505187,0.82940684929182784,0.55133371757104255,0.090085571636625936,-0.062284362701240117,-0.068990025945625949,0.99567114776060617,16.294858644879845,-2.7778069388500173,-2.9918472063021628,,0.08465474438830978,0.4285714285714285,False,4
-0.72339371549128983,0.66178203527928448,0.19684021481728245,-0.68844285882000522,-0.71301658947170887,-0.13286750271556425,0.052421012270315301,-0.23162875667701496,0.9713908361482595,-7.4654145485432224,12.66088172302408,-2.6774792870096786,,0.6837553070663067,0.3061224489795918,False,1
0.33864183431681372,-0.94025306929224539,-0.035296936652575453,0.93857312518925728,0.3349158072791697,0.083137781465547317,-0.06634905216364978,-0.061282686960138333,0.99591276503312842,18.884501722743135,-4.2382900301452269,-3.0967225709028243,,0.08182055061877627,0.125,False,3
0.25830069671415434,0.95952223400431835,0.11224006650187179,-0.96433806017701396,0.24915000089018152,0.089310597078154613,0.057730890959835107,-0.13130635745379854,0.98965942865270506,23.533501690161987,-5.7210271977956229,-3.5472930097441471,,0.2165277210898387,0.625,False,4
0.99989930159666207,-0.013505774265890374,0.0043566877311189481,0.013012924592299906,0.9950832340865855,0.098183608781391596,-0.0056613125741991586,-0.098117028599836079,0.99515878041580708,-24.452865947368323,-3.1072856633472932,-0.86653381214974212,,0.633133323476227,0.5245901639344263,False,1
0.38755448930647357,0.91691053011129109,0.095271179217162938,-0.91777361605216545,0.37407144654012442,0.13327468837671577,0.086562737346564056,-0.13908857844700706,0.98648936124453945,14.901341757617523,-11.778961090981289,-2.13338333837696,,0.1641963491974091,0.3333333333333333,False,4
0.57383330868226912,-0.78625928386921307,-0.22915425454534299,0.81670905472370936,0.52860310791494025,0.23144129760043031,-0.060841217764476201,-0.31996108018341607,0.94547514689112644,-7.2395345629463472,8.8661313943723101,-2.328348503704107,,0.5233893844197148,0.4117647058823529,False,1
0.86023042234956004,0.50794820429241683,0.044634540665361155,-0.5088783407608668,0.84964886747665092,0.13834607439357571,0.032348953132457239,-0.14172305300040164,0.98937764351105095,-4.3171121851483294,-2.9044011977957633,-1.5360048118666232,,0.06616470355460391,0.2339449541284404,False,4
-0.27952642989093784,-0.92753733693658702,-0.24807148885152325,0.95780851547847412,-0.28736714049688716,-0.0047931450598254488,-0.066841773385726388,-0.23894479519593467,0.96872987059315174,-10.983683371327151,-2.6393679094741795,-1.3036469682910419,,0.1840655778667199,0.2986536107711139,False,1
-0.38874674358890932,-0.92110334708167074,-0.02108538223418345,0.91910220396288622,-0.38929474330332764,0.060833720147311129,-0.06424257170742699,0.0042692893248283438,0.99792518013580378,13.40589825465417,-12.16609858869797,-1.98396983087951,0.2380998264868479,0.08905649315987288,0.3529411764705883,True,4
0.88161226877303267,-0.47170662896842347,-0.015895399841215494,0.4699961399765803,0.87433876352041962,0.12097667135732694,-0.0431675335869545,-0.11412529427269821,0.99252807579996905,14.712539303556953,-0.60058696993934613,-2.9871855909486111,,0.07455730858626543,0.2068965517241379,False,3
0.28521728745157104,0.95132943416266613,0.11671934987186279,-0.95619073663439047,0.27404320020987577,0.10295435684473314,0.065957365876379737,-0.14097032352403946,0.98781425064238559,-21.088765074347837,-4.0979027101234298,-0.86985276391399224,,0.09979775121860622,0.3703703703703703,False,3
0.8288040036963098,0.53356873376414526,0.16848836697615902,-0.55839164102037586,0.76944147685141351,0.31009448389045335,0.03581478319825665,-0.35109004550120931,0.93565649746817847,-2.5424001879889473,-19.070450039912117,-0.42735834096774666,,0.4591809695056971,0.1666666666666667,False,1
0.8626584957506146,0.50294674128848871,0.053524715193788867,-0.50482544559624087,0.84966229168484442,0.15239835815196418,0.031170325436913119,-0.15848837659635318,0.98686870722300679,-9.2392522351497721,-19.071757772275646,-0.11644811574269365,,0.08844849372653771,0.4545454545454545,False,2
-0.36300647713842804,-0.90428598070323607,-0.22470683714371614,0.92850395688559328,-0.37127654243714953,-0.0058421814170524777,-0.078145374804541201,-0.21076193712219501,0.97440890095337052,11.88639747849879,5.1827963557778736,-3.2075995307445053,,0.3063833148715616,0.44,False,4
0.3497085394313012,0.92475465077620123,0.15010920463653277,-0.93576507083504457,0.33704844798112377,0.10364398640828135,0.045251184005619262,-0.17671213761737492,0.98322182174969441,4.9425652176584753,-10.925593856263855,-1.4391197119616694,0.09175729616848977,0.1470731360464307,0.24,True,4
0.78586724927215701,0.59550705133457926,0.16668538727857388,-0.61708751119636107,0.73765988366262025,0.27397244306741952,0.040195398329838289,-0.31816544099830235,0.9471827078803019,16.071219798093104,-2.6425455394771671,-2.9816587046633662,,0.504173672282575,0.3783783783783784,False,1
0.99860886610663591,-0.05268882895978403,-0.0020542239571608098,0.052050073981365012,0.97877436720054078,0.19822090684313864,-0.0084334057031531448,-0.19805207753020021,0.98015521844971987,0.79154563619388807,7.2093668409954157,-2.5314778332045158,,0.7021605197871046,0.2451612903225806,False,1
0.14955867516486543,0.96310535427761912,0.22374154563851759,-0.98766878259841373,0.13492601285694708,0.079406214713299839,0.046287995889841491,-0.23285842826986006,0.97140844850155217,-4.1978404847018398,-17.619639373575978,-0.45099754827464433,,0.4303339077558243,0.6515151515151515,False,4
-0.17422540591725647,0.98207424245378194,0.071942270201871356,-0.98238256334497842,-0.17836552375316794,0.055769518305335802,0.067601828146273635,-0.060958364849214394,0.99584841747436315,17.662485216489312,-14.611615658897318,-2.1508180072562233,0.3417878858476835,0.2862984263558548,0.6111111111111112,True,4
0.88516388170642712,-0.45973875496478112,-0.071590360425426144,0.46439486396703239,0.86347750708936188,0.1968349691284092,-0.028675997688850104,-0.20747740102038412,0.97781941851365106,6.8509500659413893,8.6555504962755467,-3.0619472638121632,,0.2648920772972381,0.3703703703703703,False,3
0.71100254569921617,-0.68934672748103665,-0.13883972529654626,0.6971557046272292,0.66521586463164939,0.26732335653301914,-0.091920093096920383,-0.28686049353920023,0.95355217672212378,-16.804304152714582,4.291350871580641,-1.66140898581203,,0.7461776708930608,0.3294117647058823,False,2
0.9558358225974527,0.29064145426787763,0.043651177538576343,-0.29344558888026256,0.93550316064751304,0.19678293316553069,0.01635746331700455,-0.20090142229353894,0.97947488580068565,-11.297470784064819,15.029856817453306,-2.7509285615137604,,0.1353336575744621,0.3,False,1
-0.91875424950597195,0.3823820809063414,0.098359408377920912,-0.39350188577689843,-0.90721085998566553,-0.14874381134721046,0.032355755357328292,-0.17536362144357606,0.98397190273373691,-5.665823001728211,11.191725724763479,-2.5690125826623653,,0.4245956970262994,0.3333333333333333,False,1
0.86846392600478395,0.49058614889701219,0.071383749822739456,-0.494775936360556,0.84868816791316259,0.18688276122407443,0.031099550268326316,-0.19761989817474784,0.97978527944571081,-9.9940337069510292,-2.2413063150512595,-1.3597445316431274,,0.1413307267120932,0.2777777777777778,False,1
0.96414476069845156,0.26500566731991798,0.014031275995043479,-0.26461414739439232,0.95602321193145656,0.1264870398380756,0.02010555685533208,-0.12566469089042084,0.99186901960236185,2.8067482490158984,-17.292225515575669,-0.85503794716447667,,0.0723900167683915,0.3,False,3
0.46415797428427896,-0.87792019727931669,-0.1175308560224058,0.88335943545991902,0.44906365062908576,0.13423094079835346,-0.065065218759695759,-0.16612635219231023,0.98395556424821773,9.6457819999787606,6.9962004701956904,-3.1696556947199359,,0.5271660452234663,0.1914893617021277,False,1
0.65930145989116695,-0.73696243617105628,-0.14902332924142772,0.75073271343470838,0.63429797915497688,0.18457103407326292,-0.041496722332458436,-0.23356464054461537,0.97145539306904272,19.759633143749493,0.97827480081801987,-3.550765558338624,,0.2511364584953582,0.25,False,2
0.3053235590072722,0.94725292835688013,0.097413623454054757,-0.9491659061234492,0.29451366364710008,0.111111586155609,0.076561132227685666,-0.12638667510651003,0.98902214403295174,15.314529495633764,10.352709742411731,-3.8551344002999195,0.289341480142448,0.2461283388659066,0.24,True,3
0.0037858638624767497,0.98284221395725935,0.18440946206311776,-0.98998665545905296,-0.022338728610892776,0.13938221987415886,0.14111020249370446,-0.18309058869216227,0.97291610485413582,0.80241115098143767,9.4186140620988823,-2.7648733271218822,,0.6261997643210773,0.375,False,2
0.36407942619328809,0.88134400968493631,0.30112938749853918,-0.92837983549362657,0.31754122020459807,0.1930762919671965,0.074545640191718943,-0.34985755681913511,0.93383223196940091,-13.458395635050268,7.1486998848259722,-2.0074668433004552,,0.3735145515660512,0.1944444444444444,False,2
0.69660514495538406,-0.67884359905583713,-0.23219095598796813,0.71540354635408665,0.63277719343329086,0.29629510514803392,-0.054212894090659935,-0.37251092801635488,0.92644296674037574,-5.4310688530797986,5.182187511129464,-2.0819505400329867,,0.265739069105084,0.2741935483870968,False,1
0.27789090082362944,0.94636501166978426,0.16483298191405846,-0.9588465899446883,0.26286583153649251,0.10730690360862608,0.058222540230347272,-0.18786915472710494,0.980466887003966,18.681569246968753,-3.1654188005832151,-3.1683705051793112,,0.4543377291283321,0.1538461538461539,False,2
0.21237602086932891,0.94487594821622833,0.24921048983177424,-0.97409055928383281,0.18441303401644293,0.13091758934138464,0.077743218828522281,-0.27055734210575916,0.9595596472126402,-10.630242704763974,6.7262744930995746,-2.0696607589884843,,0.6285771708832336,0.4239130434782609,False,2
-0.71579828408375568,-0.67520695173838863,-0.17812464407516526,0.69677722844595358,-0.70747881850564376,-0.11821681473053545,-0.046198597618609519,-0.20873258895058011,0.97688095277165776,6.912488142024821,9.8911478959866574,-3.1244679844169183,,0.1272490384136958,0.2857142857142857,False,1
