axis_00,axis_01,axis_02,axis_10,axis_11,axis_12,axis_20,axis_21,axis_22,location_x,location_y,location_z,dbh,dbh_approximation,score,reconstructed,number_clusters
0.98545330376514273,0.090308469178467507,0.14396585182954708,-0.11604601801968843,0.97646119416292154,0.18181545037673683,-0.12415759259964504,-0.19587730008493409,0.97273684802792237,-12.806751832927013,-12.004419801287815,-0.1533643384675073,,0.09116431160721639,0.3846153846153846,False,1
-0.65870496356801378,0.72723638853467953,0.19296374312781997,-0.73189969961829393,-0.67878649221486298,0.059763932980470863,0.17444368910772895,-0.10186330633589075,0.97938412594487545,-17.169190787978007,4.8119814417744804,-0.76139828490029515,,0.1994301583620424,0.4210526315789473,False,4
0.84279106307989671,0.48298382228382986,0.23754968197149956,-0.53532298950632806,0.79806155555515412,0.2766352299525433,-0.055968927974961481,-0.36031150544631618,0.93115149043769663,-8.2919662197398711,-13.817164747364416,-0.78671757873025994,,0.4347669221714374,0.4878048780487805,False,1
-0.11723068285804693,0.96468777964670538,0.23586957157917676,-0.98303147856658157,-0.14646345162525137,0.11044260720037856,0.14108890510538202,-0.21891995143962104,0.96548846482898887,-15.999087783792609,4.856971316973727,-0.93499049905634124,,0.0778855893597632,0.56,False,4
0.45580697332936476,0.87495888423234669,0.16336142129404482,-0.88923296057702117,0.43963967399333131,0.12641874415791113,0.038791041333659321,-0.2028889054480903,0.97843310816750573,0.57666965528921643,-4.2214183368002312,-2.647494915040181,,0.07603668349780923,0.3714285714285714,False,2
0.46361967015297662,0.81521827057169294,0.3470964891400411,-0.88564312351948749,0.4147371695165526,0.20887637009495219,0.026326017737026308,-0.4042428126108068,0.91427276523071255,-10.864697186483923,-20.990765974525125,-0.013608423241738761,,0.5354468255544433,0.4545454545454545,False,2
0.96689076454992651,0.19995606306425195,0.15855542334434056,-0.22978100666216159,0.95245330056150546,0.20008348064450068,-0.11100873121237716,-0.22989189436197954,0.96686440543712138,1.5532521661445475,-21.812629242145199,-1.8202881472666665,,0.1697098616507052,0.4117647058823529,False,4
-0.47794163365134423,0.86087376912606828,0.17455127743262228,-0.86283633277712168,-0.497346755910067,0.090330876368269142,0.16457599357868563,-0.10743629748091769,0.98049588694760947,-13.42604486929465,3.185574063053402,-1.1840149246094265,,0.08645556086889689,0.2985074626865671,False,4
-0.65438129543964918,0.70233174524386854,0.28020570979447823,-0.73539707376043539,-0.67735163141166499,-0.019644625945638594,0.17600075023509021,-0.21891753480855947,0.95973894829272621,6.2557316005994652,-14.062847143446882,-2.8304264588511274,,0.5043594031540843,0.25,False,1
-0.80196688777005254,-0.59103489933147146,0.086757470529354425,0.59579652593463173,-0.80190522099684158,0.044435528828057555,0.043308320270337305,0.087325622300919392,0.9952379740972096,-23.534252671245181,-0.79811811209433747,0.66294478188725037,,0.09864929920437726,0.3181818181818182,False,1
-0.92310730094641658,0.34804009332232999,0.16352676961159843,-0.34560295705306626,-0.93734579645128191,0.044061933131532172,0.16861644942174986,-0.015841442967573754,0.98555443364083473,-25.605382595466118,2.5752574727759634,0.6782860334497951,,0.09441878581228669,0.2307692307692308,False,1
-0.32536889751073744,-0.94305162107848151,-0.069200581745352013,0.93229176024321347,-0.33216287077662038,0.14317786511903513,-0.15800998169501063,-0.01792950804350707,0.98727472287406404,-13.482037671581766,-4.1722634014947104,-0.60375302011436827,,0.5049521421301636,0.4111111111111111,False,2
0.2654362505732426,0.94379790697897481,0.19694950536552652,-0.96113072487782836,0.2429349336367157,0.13118821484701043,0.075969247577158339,-0.22411632872468568,0.97159690439066837,-2.616014548642811,13.363054300107672,-3.5773584716485187,,0.08922914453980363,0.4,False,4
0.97456307794494479,-0.18953910642821709,0.11958985843652653,0.16217957397099569,0.96472605771139008,0.20736783588403107,-0.15467576698714586,-0.18269800411343595,0.97092576770827621,3.86421661094609,5.4719685631979882,-3.8203862553793049,,0.3885243507500625,0.125,False,1
-0.23972035565908498,-0.96982434365520997,0.044439774261635479,0.96822107098005172,-0.23546138557480267,0.084296462638941375,-0.071288910728991045,0.063235103834322168,0.99544925177034471,1.1444719728158474,5.402461271735719,-3.449665462589083,,0.7682718296666179,0.8840579710144928,True,5
-0.98684014529737929,-0.10916448842784268,0.11928806350903345,0.10089392032727568,-0.99219196424315115,-0.073317957775102235,0.12636037539688283,-0.060317663728013574,0.99014889535460981,8.2686320460821001,4.4170239777205751,-4.3767704731368084,,0.09363317521137351,0.4,False,5
0.576138233563944,-0.81612703791649988,0.044736940077040599,0.79425227472895299,0.57193679265401542,0.20506493921809332,-0.19294574344540727,-0.0826133354264076,0.97772540976289557,-10.203053514857354,-16.097046774796805,-0.3856163202579872,,0.2288518312224664,0.7419354838709677,True,3
0.69786381992596891,0.67107070799749546,0.25030020716346379,-0.71586420357767355,0.66470257180371739,0.21379647582134076,-0.022902639027761046,-0.32838178375979099,0.94426737379849157,-19.000209887624113,6.2629164679846498,-0.60106287794019986,,0.3925121993857743,0.3823529411764706,False,3
0.94871729615957723,-0.29116083474670873,0.12312944520812306,0.2488895986288597,0.92809492654541537,0.27693640969548405,-0.19490884962470448,-0.23208872361719676,0.9529666125881403,0.504145156774087,-16.419510246087246,-1.8811522451838378,,0.4399199775597243,0.4444444444444444,False,4
0.19073972045917112,-0.9799917095770595,0.056873616021747356,0.96434808886770451,0.19789183383429923,0.17570311778367464,-0.18344242294617416,0.021332399347704825,0.98279896530353905,-7.0841943900826321,-13.133206604041796,-1.0033983111359899,,0.175639104806157,0.2439024390243902,False,2
0.86907315959082476,0.43424514086231142,0.23694514326377872,-0.48658105649659478,0.83673454731969987,0.25122534263158081,-0.089166802889186117,-0.33362622043114176,0.93847899619722575,1.6950813087222716,-12.598210711611884,-2.2532375010475088,0.2441852614307888,0.2513895637638142,0.3563218390804598,True,5
-0.72007613542113857,-0.68720573363437387,0.096117838391211741,0.69357261778365142,-0.7170253958910201,0.069509751172468243,0.021151431575428883,0.11671701378705465,0.99293995570474536,-2.0465977515608342,11.339638881724555,-3.5065471944145465,,0.1047450350464934,0.1764705882352941,False,2
0.98174377256591372,0.092535669636706869,0.16618157200162945,-0.13562799601440342,0.95311365069581222,0.27051694134456189,-0.13335745845344935,-0.28811719612370668,0.94826381855085518,22.741200720698753,2.3736552893178393,-6.238381717305308,,0.4550124697600857,0.2916666666666667,True,5
0.1989897345810509,-0.97953783701844344,0.030144840032622078,0.97002661375816779,0.20124870494964611,0.13618857278403662,-0.13946847002898352,0.0021411691478585015,0.99022419747371082,-16.852127316097288,3.7933210810199927,-0.7748070380863884,,0.1004243158839773,0.2068965517241379,False,1
0.011150448922051978,-0.99183426944408781,0.12704506855895159,0.99320401796951874,0.025705727791068552,0.11351208855419342,-0.11585096537379512,0.12491596181050475,0.98538041197646919,9.2463335270794573,1.5092024418754308,-4.2966118501799784,0.3237259715839076,0.2332681798323411,0.865546218487395,True,5
0.92535266275527783,-0.36165762324592299,0.11369350500282559,0.34308619969276294,0.92647382935708866,0.15471943348135286,-0.16128951953581888,-0.10416336719078838,0.98139476451802121,-17.296322877154498,-3.8917402123690161,-0.088460868849197974,,0.3746838665234595,0.9457831325301205,True,4
-0.69442168935738102,-0.7112237992449193,0.10926675952759998,0.71930888094266643,-0.69019841671422866,0.078872551386272166,0.019319708772359251,0.13336736089761142,0.99087834566113941,-23.467907144861101,-1.8367659844474249,0.74443060642516756,,0.7114567235294977,0.9794871794871794,True,5
0.90033133193770298,0.40795453254025937,0.15158031571130301,-0.4288374946005491,0.89097078942263586,0.14922954003925407,-0.074174766302320283,-0.199359353368388,0.97711511720397248,-22.279529004194647,2.6439034882864396,0.18917980007881274,,0.4673286059371167,0.7,True,4
-0.586165448971389,-0.80418126379030785,0.09850158070200471,0.81009045314620498,-0.57982578750006375,0.086922458958015786,-0.012787656296077352,0.13074613232732693,0.99133340745074217,-23.545639326446349,-3.6892293724791636,0.87794363381952711,,0.1170601010363891,0.4583333333333333,True,5
-0.9196692185233355,-0.37161584191965846,0.12692594114293795,0.38348378322099758,-0.91948492111114632,0.086531311418122217,0.084550082833714707,0.12825422364808342,0.98813062780648542,1.4570682872729472,-7.1071724902896278,-2.6048017210815906,0.275613435841599,0.2870478648210947,0.738255033557047,True,5
0.80680226771835972,-0.58563706538403471,0.078098197500888283,0.56566785570341016,0.80383435399336156,0.18403860563474422,-0.17055784305747382,-0.10430512445920764,0.97981144266799158,-6.8508619663979164,18.273491478763898,-3.4247662601521882,,0.4419340323024817,0.7439024390243902,True,5
0.94564056629672477,-0.30018409589798584,0.12511366010120661,0.27713995290707549,0.94513425194651779,0.1729586433230843,-0.17016863952172695,-0.12888271554947428,0.97695029543775669,-12.375438234538231,0.36869672752164295,-1.1179567196764986,,0.1442440604277782,0.33125,True,5
-0.22170726982360103,0.96282017370826267,0.15434765825161162,-0.96471457470596012,-0.2396325185777203,0.10909649577322698,0.14202702509474807,-0.12471394926186016,0.98197492585210466,-19.178183784247256,2.5229616608161454,-0.27090953544427954,,0.08639268077648032,0.3181818181818182,False,1
-0.98303020702225208,0.10861135806693098,0.14783499240925591,-0.10005394896356271,-0.99291110473718991,0.064161868632153535,0.1537557133201386,0.048281580218856049,0.98692860412138494,-19.480179308691515,-10.532513396429893,0.73968237372849222,,0.1315132027576585,0.3846153846153846,True,3
0.69929883887477051,0.6463737595037663,0.30525742738443717,-0.7148087082211203,0.62905947483957569,0.30550398977069182,0.0054446854501483538,-0.43183925266182666,0.90193415239740449,-0.64924193894241133,-9.3474855747849332,-2.133298302715509,,0.3114611043228303,0.163265306122449,False,3
-0.75909518869699133,-0.64194670502877305,0.1080690631021719,0.65012247828326575,-0.75609275969583678,0.075262885716395958,0.033395474662067201,0.12738982156450229,0.99129035889282202,0.053081239981130623,8.1037257704911347,-3.5022787405565956,,0.07084055809918703,0.3,False,5
-0.86459635748116037,-0.50063385261866478,0.042882213591466656,0.49750429343753,-0.86489881819249737,-0.066629665318436657,0.070445841903798878,-0.036273680560649196,0.99685585891695028,-3.2886058013306845,10.139702690232244,-3.2294389154053924,,0.2745096796602883,0.6666666666666666,True,3
-0.57961498553152724,-0.8099396032009939,0.089690064744669756,0.81478663532461282,-0.57426320175914802,0.079652457600051824,-0.013007976156310636,0.11924602413476085,0.99277952148720727,-18.385563820269475,2.4918946170779619,-0.4109643123764069,,0.0808508480431801,0.3421052631578947,False,3
-0.89342293361123204,0.3983689583725385,0.20759969822395574,-0.41479760299287838,-0.90899784983020582,-0.040814918294955746,0.17244828282375371,-0.12257684124352392,0.97736201468130379,-14.046586952255447,1.2773133707135862,-0.95528035678435463,,0.07069659667843385,0.2727272727272727,False,3
0.99012889870438947,-0.058738070146950982,0.1272580176878598,0.028347815947286491,0.97310880463893945,0.22859495984205891,-0.13726312425939668,-0.22273098897456006,0.96516824505832299,-13.303735088988091,4.7961318885355739,-1.3233924746095076,,0.1559888590835078,0.2941176470588235,False,4
-0.81597452919377778,0.54633745137206091,0.18894696857920495,-0.549035292210865,-0.83471589473847851,0.042539663584343551,0.18095804932060955,-0.06902727214094459,0.98106545147959301,-14.44992094936552,0.48326155371659996,-0.80654864974635743,0.2861142342256482,0.1012165002389411,0.1973684210526316,True,4
-0.0040532524662064149,-0.9971800873023875,0.074936270470641581,0.99452948706168964,0.003802014101590253,0.10438699178338756,-0.10437753833684192,0.074949437465369126,0.99170959020993987,6.9335649442572986,-10.178666157282846,-3.1837137151676806,0.3219633658809894,0.1389155154315058,0.25,True,5
0.15246130011526726,0.90599759644655453,0.39487201369586555,-0.98401487586014613,0.10194962440746694,0.14601711601424405,0.092034102663649281,-0.41082189488419651,0.90705848468037298,-21.001115280122775,0.33088642832238963,0.1650506133806936,,0.07418750350446045,0.5,False,1
-0.74921606454513856,0.63811517790933769,0.17743818176826609,-0.63440138864441753,-0.76836598321579253,0.084549357909225936,0.19028969155876241,-0.049221291719759981,0.98049329305605593,-7.3649894581031008,-19.66056312725982,-0.62735347469878777,,0.4558445901190247,0.5666666666666667,False,3
0.3470220309449335,-0.93165351307273392,0.10769141849788331,0.92478729303307672,0.35902581377216675,0.12597193215072575,-0.15602619229926531,0.055876619658547552,0.98617119745616477,-16.295134447420072,0.11855984757460264,-0.53958483985269623,,0.1222600764382697,0.7362637362637363,False,3
0.19575548003774032,-0.9801001965340338,-0.032914993379010771,0.95587316076929696,0.18320393880951966,0.2296580443302394,-0.21905773795076558,-0.076419379470290261,0.97271464771805916,-19.415256972152939,5.3360790365029178,-0.47223198289236451,,0.5080419193463955,0.3291139240506329,False,2
-0.77414259262564733,0.5684525073439004,0.27850492487077244,-0.60813534969899175,-0.78999772753112829,-0.077942202574337843,0.17571181727284918,-0.22970706865502977,0.95726695330016864,-2.3436254795554756,6.0232687374474638,-2.9954338892601213,,0.2453380966159831,0.1951219512195122,True,4
0.4934570093298879,0.81823643944990521,0.29493950074471731,-0.86867148746341827,0.44659437040077343,0.21439056694366918,0.04370385350622899,-0.36199806281619401,0.93115378735525078,-2.279392264597468,-8.8289003590047983,-1.9229259513148107,0.6622304211659363,0.4419714001911177,0.15,True,4
-0.94499011163361546,-0.29980287251852505,0.13081256263955632,0.31273662150251869,-0.94530417823099533,0.092713624620187993,0.095861851045539792,0.12852333736977001,0.98706243838242524,-0.85928705435003949,10.477909437315125,-3.5992971248434462,,0.0880498621206231,0.1428571428571428,False,1
-0.85224916818516272,-0.5176853535818664,0.075320847144163899,0.5197089633303541,-0.85429788194961664,0.0088160269104511357,0.059782512173585968,0.046658370987587544,0.99712037771524775,-31.962721408218496,-7.5768479728258322,2.4940743058031161,,0.4090169858962101,0.3571428571428572,False,2
0.98595379618720669,-0.063651999289844011,0.15441351874250131,0.02630179320725291,0.97216795110147225,0.23280397446187984,-0.16493431255538687,-0.22547260994979057,0.96018684364258522,-15.103888296317095,6.9803686231425335,-1.2467874774391532,,0.1390157077714387,0.2105263157894737,False,4
-0.71114982074835598,-0.70254239674678798,0.02645965273507371,0.70221506090318198,-0.7116348504496548,-0.021675974401143411,0.034057902024675291,0.0031655013469177734,0.99941484825416782,-2.701240719772052,14.9351810025103,-3.7197272161892645,,0.1629576397325613,0.3333333333333333,False,3
-0.73892099793136323,-0.67293347639510692,-0.03400434035405614,0.67368697191757609,-0.73697294248221867,-0.054924911630588547,0.011900532956370349,-0.06349345159854515,0.99791129812196133,-3.7271228148214606,9.1199420015307329,-3.0744423621864403,,0.09537471405116155,0.2352941176470588,False,3
0.45999582539796413,0.80290966417985765,0.3791304680225992,-0.88657999883046168,0.39186785327826112,0.24579562901090637,0.048782643329625279,-0.44919445314215178,0.89210122574520612,3.4773863593751098,-16.149802832619827,-2.3396963305680867,,0.3580462153257017,0.4117647058823529,False,3
-0.17821673360800103,-0.97476506095379978,-0.13443166221478617,0.98004985919725063,-0.18805429628440615,0.064326162145948329,-0.087983347001263923,-0.12028573312206398,0.98883278316292866,6.6609954642697522,6.2425090114037101,-4.2683750674616823,,0.3096502114631162,0.3,False,1
-0.97740113619951485,-0.18126789362920653,0.10876106700068526,0.18338021267240084,-0.98299459587595883,0.0096603353402061332,0.10516043246450578,0.029386650334648701,0.99402097977154746,-4.5836263960436794,9.0521406203808361,-2.9512653831971658,,0.7113855368035549,0.7142857142857143,True,4
-0.95766985209212985,-0.27684144898936786,0.078913031340236445,0.28033807915615233,-0.95918312267941497,0.037125443324020971,0.065414186296831933,0.057676245443281086,0.99618995926614806,-9.0424117222830294,8.5164313013520694,-2.2737625554926635,,0.1497112793486941,0.3333333333333333,True,5
-0.21221047822219397,-0.97681621929727236,0.028227409560419775,0.9726788431734763,-0.20835265754428697,0.10239647521737297,-0.094141281993696577,0.049185809051158741,0.99434308727549747,23.229340411052039,-4.3320326868825294,-5.7431507773859618,0.4902655672676239,0.6288470784743059,0.6,True,5
-0.022012554821182039,0.88461644125724792,0.46579952692935067,-0.99284091444172373,-0.074053227008811257,0.09371786478630327,0.11739832213778362,-0.46040185862672611,0.87991349718724621,-11.88811158632323,-7.7009815089991811,-0.55526475106770912,,0.4256042437235587,0.2555555555555555,False,1
0.87620412159532357,0.45539343642993296,0.1577439550534453,-0.47721479333015504,0.86554467429600213,0.15198176806671565,-0.067322940564298828,-0.20844480049731204,0.97571429569285872,-21.468493959165247,3.3717659416436878,0.0040360785827966818,,0.3122081628971761,0.2,False,1
-0.30930404673160333,0.92629177946636809,0.21520814568339308,-0.93828124025069815,-0.33409741217956007,0.089483145723284294,0.15478798683705264,-0.17424826675738125,0.97245988126142391,5.1329308367052313,-14.996666731205677,-2.6048249567807491,0.2486057770921758,0.1956775111614726,0.575,True,5
-0.62945785168925661,-0.77663454697241674,-0.024931774820360852,0.77700583538384005,-0.62938665574146957,-0.011591779588496234,-0.0066891498865704335,-0.026668671198926519,0.99962194716316477,-5.4898254843910621,11.86782169379928,-3.0868634275292601,,0.39827212007021,0.3571428571428572,False,5
-0.29153851916009826,0.94261546022818354,0.1627310234243792,-0.94420267212183051,-0.31083340086398936,0.10892158126524407,0.15325340389019693,-0.12189623064777354,0.980639945724185,-13.430762774436003,-0.81444547095265585,-0.84829551614284004,,0.1376549969697618,0.56875,True,2
-0.97928581268594961,-0.16421051193940842,0.11846604931630902,0.1650577339015683,-0.98628023339254345,-0.0026917835029576509,0.1172827419158327,0.016917712249152891,0.99295445487744172,0.96771627748951206,-2.0928802480486297,-2.8572973177687406,,0.1329194129476388,0.2413793103448276,False,5
-0.99009747564449202,0.046595142628931892,0.13242311507359092,-0.039233774121410436,-0.99756466457781146,0.057666723107423039,0.1347876095588692,0.051900218392098664,0.9895143594916942,-1.4980130782102172,9.8996690440023549,-3.4453906996077674,,0.3643473069521864,0.7286821705426356,True,5
-0.98582714461592114,-0.11990367461170252,0.11733690703708763,0.11229051642879191,-0.99124216777515006,-0.069496796649748352,0.12464221138352109,-0.055336006713823035,0.99065748142453014,-7.0704034004929692,-29.470120235373095,-0.20478354513477101,,0.6080625763059567,0.36,False,1
0.24867835221975829,0.94457223398652645,0.21434171763557475,-0.9655948294259673,0.22438564419655888,0.13144469583947516,0.076063805604917184,-0.23965470464857969,0.96787391741729434,-12.595524987600005,2.4287183909834011,-1.2506747393392965,,0.07383046458452588,0.2352941176470588,False,4
-0.34079674204267535,-0.93469951641764537,0.10096729481231276,0.93831807578247617,-0.33149274704992693,0.09834504213819481,-0.058453137409110296,0.1282551077419978,0.99001709988520836,-27.908620389085563,-7.8284687130729305,1.8487225123374678,,0.4043055294959076,0.9010989010989011,True,5
-0.80345214750472937,-0.58451206434087477,0.11318256628123691,0.59394277858038702,-0.80006242567342656,0.084451706896668796,0.041190076987627486,0.13507687317050526,0.98997859365353535,4.9007269495023991,5.2954753952884541,-3.9583372761204876,,0.08740436310496791,0.3421052631578947,True,3
-0.55805745826384112,0.80376753450370675,0.20622711692193563,-0.8159389483030981,-0.5767565868899166,0.039943361414982149,0.15104802520435406,-0.1459780461471053,0.97768855169984392,-8.4613796485796815,-20.724013886374539,-0.42518504510504779,0.3087611934361326,0.2679015796650692,0.8846153846153846,True,3
-0.14732714094812949,-0.98060990679901205,-0.12922431747810517,0.98791558423234127,-0.15225017552961556,0.029028993817770618,-0.048140543940849448,-0.12338595843463473,0.99119039204899739,14.232741088049035,-1.1465319268851193,-4.7626958592354356,,0.509363834409252,0.2666666666666667,False,3
-0.28284074236636636,-0.9554096129606543,-0.084815009992421558,0.95655931588452581,-0.28748269856462055,0.048455889430808155,-0.070678070518159331,-0.0674252881964576,0.99521778564264729,7.226762708761802,7.6477590346307203,-4.4990862407604686,,0.1646539561051555,0.6,False,1
0.34437419670103392,0.90083895785523516,0.2643777310153238,-0.93870617497577391,0.32577436696253825,0.11270216897872372,0.015399016490308788,-0.28698472753868093,0.9578113783259623,-9.9178854475135836,13.321410137043522,-2.5583975864188138,,0.1588281011219408,0.1666666666666667,False,2
0.620305254731222,0.72811603279282167,0.29166493403026122,-0.78423132906474624,0.58247812441105662,0.21377665236391058,-0.014234235707480322,-0.36133955965631659,0.93232564544862973,-10.28124003448464,6.8174044517403773,-1.9233339897892023,,0.4013109338384732,0.1805555555555556,False,3
0.9918977812802553,-0.059209484806111504,0.11239674550581893,0.014275142526602761,0.93108963875288797,0.36451104909571741,-0.12623395659310599,-0.35995322128855872,0.92439097068655884,-4.8671697543676871,-14.523643385554355,-1.2191740228222125,,0.3299060617238753,0.2666666666666667,False,2
0.92805768266002675,-0.36468957820217374,0.075567514226823923,0.34123573530722706,0.91391773378239216,0.21980115747509632,-0.1492216827576901,-0.17820181656979994,0.97261349053269153,-13.324243788657132,6.4229461491397366,-1.4639408518978274,,0.3593090927063137,0.3733333333333334,True,5
0.81911396353265142,-0.56442509390579776,0.10235540100679008,0.54559691949421063,0.82167959884787667,0.16482305140853404,-0.17713361110827486,-0.079164071437891018,0.98099782548643721,-12.653162556032372,7.7883581282562719,-1.6720869493123456,,0.08012355190839206,0.1481481481481481,False,1
0.51394708311269199,0.79505825195943503,0.32208814282919929,-0.85739660651752081,0.46428563424508529,0.22205834585954698,0.02700842261581865,-0.39028351979662956,0.92029849466515967,-6.230569703067518,-12.693072058234817,-1.1212503720221185,,0.3401932271813595,0.1754385964912281,False,1
-0.51736172643339273,-0.85348099980088821,-0.062506215696806255,0.85536265710071802,-0.51798068323468072,-0.0071229652065154941,-0.026297696847042293,-0.057150632320298753,0.9980191563121078,-7.9614810111276828,4.4670468185933183,-2.080872507219413,,0.1811421672664733,0.2023809523809524,False,1
0.38940937572774775,0.88402625177561822,0.25856899324334592,-0.92060385912898657,0.3646830355274468,0.13962384522460505,0.029135419203147377,-0.2924104474365421,0.95584897215921028,8.6358207779974396,-14.367519181050891,-3.1611410865546654,0.335151647950774,0.318142883875887,0.3653846153846154,True,5
0.98065879304118508,0.087601016487499142,0.17502683663187663,-0.1332065889874105,0.95390897962289034,0.26891199907247287,-0.14340270667370186,-0.28702564433369265,0.94712826122626248,-13.210447868975713,1.569753954689145,-1.1126161723308676,,0.1875728435665918,0.1923076923076923,True,4
0.74734141293495304,0.64418219808598198,0.16281925003358855,-0.66368757201297224,0.73539541385095464,0.13679324560265688,-0.031616756125717821,-0.21029237018041314,0.97712716663492216,-10.651010249488817,10.891690840155302,-2.2160450780397287,,0.09107389863882118,0.3888888888888889,False,5
-0.99033358931049476,-0.044807911693004757,0.13126931451449236,0.052290711228025505,-0.99716429048442934,0.054120784380425703,0.1284720335429469,0.060461796470144519,0.98986832849876727,-6.1942094893350461,10.661288066641667,-2.8754270074848307,,0.1006960848611554,0.5714285714285714,True,5
-0.60213170453701204,0.76268039690682676,0.23612713220931505,-0.77939440291315287,-0.62564643047785407,0.033330297597945355,0.1731524620067541,-0.16396693631449769,0.97115038418189137,-9.239770518018533,0.38391046008155266,-1.5665101986200582,,0.0923476962256771,0.1957671957671958,True,5
-0.74648807660596339,0.56712952823950213,0.3480224844517481,-0.64114821569132929,-0.7529709916415781,-0.14820138751753126,0.17800145224394148,-0.33376456364499896,0.92569795238722974,-28.145532762299418,-0.47415676662937145,1.3374245058795804,,0.1369595213797594,0.3333333333333333,False,1
0.57178254383495553,-0.8178774546540506,0.064352091918120607,0.80741378668956321,0.5748982414472088,0.13257069451627329,-0.14542248666986596,-0.02384284273147691,0.98908231165117633,-14.64881925713029,4.4287925821482812,-1.1310574906636974,,0.2329531354477042,0.3809523809523809,True,5
0.92773567225927966,-0.37295164146456861,0.014614908364630447,0.33336446998088931,0.8455989167205864,0.41692997277160565,-0.16785306840205028,-0.38192871739351442,0.9088211057508303,-18.085699118079074,12.253898007362656,-1.2499127192404791,,0.3638542850614112,0.5263157894736842,False,1
-0.87163011459370365,-0.48953103007430898,-0.024906102219171139,0.48980863656047424,-0.87180775676412159,-0.0062237285190197694,-0.018666624872614931,-0.017624013172241257,0.99967042132673345,-9.2229734978047748,3.2014747743375267,-1.7953089453253157,,0.4215082429388659,0.6086956521739131,True,2
-0.36306395640000855,-0.91927056546978325,-0.15207297926994331,0.93005383323358504,-0.36742278357062091,0.00060448385445288633,-0.056430761563940196,-0.14121659100148481,0.98836908266863144,-23.741282297574472,-11.827840671598379,1.5169448275529036,,0.4270447653585159,0.1818181818181818,False,1
-0.99110135707667335,-0.013245571959472225,0.13244868751423919,0.0028039158476684057,-0.99689336073691948,-0.078713184248708032,0.13307981836738936,-0.077641368754796644,0.98805950215621419,-10.744268703334793,7.9568917105900363,-1.9424051148083799,,0.5880436276747306,0.4353741496598639,True,3
-0.93777773314655732,0.31062024174007163,0.15520305614208624,-0.30641467438898384,-0.95053407045472382,0.050941419531332258,0.16334922875115512,0.0002152350194080041,0.98656828610101255,-3.2680740168850959,2.2568842515663063,-2.5269606170866585,,0.07648002420065922,0.3214285714285715,False,5
0.44238931689238098,-0.89671185093965056,-0.014126170177295699,0.87261340963718381,0.42675847894388785,0.2375353404671971,-0.20697229191575528,-0.11740978253060755,0.97127617768853702,-17.518308738619865,7.3339363248965821,-0.91676203924775423,,0.3468482374548374,0.2941176470588235,False,4
-0.93959818993113742,-0.3358983208426784,0.065784189082162534,0.335417424881502,-0.94188686731722659,-0.018554790788403566,0.068193786843014206,0.0046311154605219035,0.99766134545024809,-6.5617835797697461,8.6199155331670543,-2.6011950967591586,,0.1507946564025317,0.25,False,3
-0.98994178266472188,-0.047136102782843969,0.13339210902087897,0.049832168495821678,-0.99861386929755269,0.016943878823191622,0.13240854170935093,0.023420671660226784,0.99091848818224593,2.3261934855208564,5.8307665192204778,-3.6446485417867658,,0.07509521030636862,0.3043478260869565,False,1
0.19459151464180047,0.94833927864345902,0.25057285370010418,-0.98000983504756756,0.17718252794217584,0.090482456874578301,0.041410936230055997,-0.26317097935377298,0.96386003651283669,-5.3104840593010705,15.749126078535902,-3.4282853654673704,,0.7470157067112961,0.9134615384615384,True,5
-0.66598833506037536,-0.74489720451256025,0.039845856407928246,0.7459288915629082,-0.66551233619076855,0.026142285853311978,0.0070445933338618982,0.047132632933860358,0.99886379883219423,-4.8486373827862606,-1.2212987249929927,-2.0554045402820869,,0.2040821294371702,0.2590909090909091,False,1
-0.44037624467600806,-0.8954404510506544,0.065231600833157807,0.89501749417862675,-0.43211520500437545,0.11054471818335566,-0.070798645744587899,0.10706469178130718,0.99172813993276676,15.2865293038465,2.4564887206237276,-5.2115431497564373,,0.1201118092375537,0.2631578947368421,False,3
0.98910840410512957,0.036678152048967322,0.14254570526984536,-0.068827975790344706,0.97130389900649294,0.22766520490270198,-0.13010486031355054,-0.2349966998429093,0.96324933240866251,9.5186876585322189,4.9099006984754157,-4.5625336888005883,,0.3288905776628325,0.2631578947368421,False,1
-0.66199284481157228,-0.74238449344572155,0.10310546692402034,0.74948551536447072,-0.65679311043501709,0.083031755033533494,0.0060774729234031044,0.13224248173879025,0.99119876429827658,-6.979354783014406,14.278555508990419,-3.0370656599072268,,0.08915421528953535,0.3,False,1
0.23593586162120944,0.89914546967282827,0.36860777741101136,-0.97005111981417558,0.19537582372822274,0.14432294498721282,0.05775027401078757,-0.39161934562703449,0.91831323304324208,-14.477665065760567,-8.6378643357504661,-0.1400921944845008,,0.4148471385253102,0.2222222222222222,True,5
0.24838312655928557,0.95024893020707468,0.18797019200113382,-0.96626094230129878,0.22940356505091739,0.11710591669482376,0.068158739891809567,-0.2107153885748233,0.97516840145388273,2.6071984223986409,-22.490909424039824,-1.8989984071964119,0.5198711364038198,0.5867124824254325,0.7391304347826086,True,3
-0.98150987133948098,0.1232362222502133,0.14646230227827026,-0.11844107709633447,-0.99211197854861755,0.041055246639228618,0.15036649799544974,0.022948977010832702,0.98836393132021005,-1.7446814132909516,8.4926536103638242,-3.3282054276927915,,0.1081057073979194,0.3181818181818182,True,5
0.53333698790613959,-0.84589080270762929,0.0045174357604388926,0.83262011560020532,0.52589747097931772,0.17371123485675755,-0.14931644393404242,-0.088885318878885927,0.98478627105514216,2.7603402825689836,-10.13628598848392,-2.5608820709959343,,0.1272011595942805,0.3333333333333333,False,5
0.13134351833071525,0.97183511369944386,0.19566653258362426,-0.9873160814757318,0.11047851980524953,0.11402390942713596,0.089195490087311313,-0.20816101566439033,0.97401907378944819,-28.503508152862889,-3.2654942537851754,1.6249404858449152,,0.1737436634127541,0.4444444444444444,False,3
0.0032168907800595942,-0.99911647695269779,-0.041903664461932721,0.99329744484719174,-0.0016491229687031726,0.1155745060706482,-0.11554149762639124,-0.041994593402760516,0.9924145386133697,4.2122721615626189,-14.411589315455377,-2.4921442655404138,,0.1283556215504255,0.2777777777777778,False,5
-0.97482300283749157,0.13086187617739947,0.18054163647819699,-0.16073500238856384,-0.97357867298073408,-0.162199958459365,0.15454569598032453,-0.18713561093603298,0.97010096947356628,-6.0177561284603831,2.8404015444849096,-2.2482510271181417,0.9346304160914511,0.6796063719078753,0.5476190476190477,True,1
-0.86912259781840628,0.45546030910550966,0.19282587168452481,-0.45636381810024584,-0.88878399168070388,0.042368404042151052,0.19067767433642857,-0.051175413643923667,0.98031785740545552,17.289014197547999,1.4748289637207093,-5.4071809415975371,,0.1533160563337882,0.2857142857142857,True,5
0.98144912589123856,0.12530942657209429,0.14510396582966445,-0.15049145459469948,0.97243463464336977,0.17811008797928191,-0.11878524900548468,-0.19664289704484361,0.97325312003636344,-15.345602853330437,5.5741413803657602,-1.1026904126697765,,0.2281922906924669,0.2083333333333333,False,4
-0.50832406699123522,-0.85768098271361137,0.077394927539889288,0.86068190087086149,-0.50296991574432892,0.079043844601989932,-0.028867082131920116,0.10679230191150119,0.9938622116881356,-3.7678018602184853,12.915944171505311,-3.3991160424255162,,0.0932361022870795,0.36,False,5
-0.41763312628381483,-0.90530452607998291,0.077500237996435323,0.90744991801595387,-0.41125784579926861,0.086032729593934126,-0.046013238565059261,0.10625770243912699,0.99327341782064826,-8.8498558605080646,-9.2094152991161486,-0.94594434507398573,,0.09652133999324967,0.4305555555555556,False,2
0.043470587945886263,-0.99168667245764786,-0.12111090641852237,0.99178880750128917,0.028242385860231999,0.12472902210829837,-0.12027164794252052,-0.12553848537718976,0.98477145541003119,-21.368984164775974,1.9705758744488087,0.10855280085484745,,0.3227636411847178,0.1818181818181818,False,1
-0.050917123628617632,0.98583781072621168,0.15978503516892972,-0.99090022267569478,-0.069828884913649747,0.11506813430734403,0.12459612844163653,-0.15247208850889493,0.98042239213672044,-8.2522230065592286,12.360975553640978,-2.7060584227531641,,0.135949514255689,0.8775510204081632,True,5
0.51546069839173414,-0.85687107912156102,0.0084983632870349879,0.83549776675358045,0.50475722478240714,0.21717188072985788,-0.19037791406380861,-0.10484320576468051,0.97609638460640735,-4.7270209421362903,2.8879466426072495,-2.4188400474867087,,0.4605069072833791,0.5254237288135594,False,3
-0.44472922271754683,0.87273227250610308,0.20138097970607974,-0.87872815872922638,-0.46866586403705146,0.090493817152048822,0.17335726554543707,-0.13671389253743663,0.9753238283103064,5.2204829478174837,-2.0272575012593066,-3.4605726794245504,0.153012246542439,0.1200643215813791,0.4090909090909091,True,5
-0.91327399669425047,-0.39328364430416879,0.10610646580177127,0.39864781683840295,-0.91646018214770186,0.034360626708145339,0.083728878483385644,0.073679777826981818,0.99376091956128043,-17.435769209069921,0.54720303458560893,-0.392539732561622,,0.09517417031778308,0.3076923076923077,False,4
-0.53823955365471199,-0.8345393219641043,0.11765331689871719,0.84251806512596006,-0.52923764366245085,0.10035350749737543,-0.021482383899030635,0.15313927199223076,0.98797108791487664,-21.352324192718619,-8.2708551686843297,0.87691691179897469,,0.3871609354468989,0.954954954954955,True,5
-0.51601010382045742,0.83114272464039962,0.20720845550443362,-0.84074736310118303,-0.53772726407576665,0.063192253544224586,0.16394341765867818,-0.14160212126561747,0.97625375546497573,-6.2242705446252025,3.8363269883061828,-2.2576205719002305,,0.09692319316918432,0.2073170731707317,False,5
0.9570519704032322,-0.27222198528101055,0.099733227547080319,0.25428913979399276,0.95342984701385369,0.16219913750070417,-0.13924280710371989,-0.12987192750092799,0.98170500819598139,-33.971972012796876,-9.9057619094335507,2.9963619701424795,,0.1664408480137681,0.7083333333333334,False,2
-0.42023795487980553,0.88895441076176485,0.18209919512628897,-0.89326422135537586,-0.44057056506887321,0.089311858346293432,0.15962171570564362,-0.1251304630459639,0.97921564279431816,-19.698130554514133,3.202586289665363,-0.27027215006850641,0.3100290795655916,0.1640474928870059,0.8163265306122449,True,4
-0.18418828673433718,-0.97948385856958753,0.081768244639966098,0.97902311911675011,-0.17545442293869731,0.10358319219911163,-0.087111464600125588,0.099131812617749088,0.99125399190234809,9.3890827377308437,-10.194834090169275,-3.5353799914142239,,0.09982398804476525,0.4375,False,2
0.96529535024424318,-0.24479675494423145,0.090991403800673235,0.21140153098362355,0.9369912813792427,0.27813078095936178,-0.15334366467064553,-0.24924262755006057,0.95622373590981213,26.1140603668238,-0.99361511460909757,-6.3862017197287084,,0.4876770626535827,0.3703703703703703,False,5
0.93140452793351325,0.30738157417986656,0.19494146095598938,-0.35216639054847454,0.89639259765802215,0.26918236240876164,-0.092002384278928762,-0.31936950186047791,0.94315358376479796,-12.839640028591075,17.211456482146776,-2.4620270950048986,,0.1900442933371874,0.2380952380952381,False,2
0.95907196542991313,-0.25377099118132035,0.12562344192567798,0.23259542278262427,0.95905050183324103,0.16162148444430829,-0.16149406932446891,-0.12578719715559136,0.97882442072353559,-9.1990913282727309,-17.42649907653599,-0.44855490330713738,,0.09874842693084801,0.4285714285714285,False,2
-0.64900170432529092,0.73431461315441715,0.19894430549967074,-0.73920285483668857,-0.6704937607343473,0.063381828765046055,0.17993311864178144,-0.10592528368709031,0.97795905184810894,-20.625012451119304,-3.5893462562460874,0.39055021468242701,0.1406830134235534,0.128619270683349,0.3235294117647059,True,5
0.13104038007693056,-0.99134489348627852,0.0079825401955352648,0.97991809278284536,0.13074224372050716,0.15055562807068928,-0.15029620828925064,-0.011906631161132719,0.98856931062433251,-0.92870345412487798,3.3280672516301975,-3.0202424161448747,1.011116798500439,0.7162353122141715,0.7346938775510204,True,3
0.16102492954384764,-0.98623717642865061,-0.037512716449774941,0.97766681647968301,0.15419406722173956,0.14279980948201323,-0.13505024257616335,-0.059669267329672648,0.98904044938337043,-18.205550728004738,-1.895982613886555,-0.11287837406075468,,0.6951023660094475,0.4736842105263158,True,1
0.74530946866272074,-0.66614714335044012,-0.027600350138007851,0.64569083511178194,0.71086935773325477,0.27883346586907265,-0.16612387358336661,-0.22563851542225133,0.9599427685980555,-6.951309300769883,-10.831516926078958,-1.1210577264383628,,0.1291495525102012,0.3333333333333333,False,5
-0.77467550177537348,0.58853227508093886,0.23131715919301621,-0.60859459298221186,-0.79322970532770154,-0.019981390806042235,0.17172794863355595,-0.15625746629771575,0.97267318040764816,-5.3221222745374996,-8.1853541502107081,-1.5161744524341514,,0.2233145024916763,0.2884615384615384,False,2
0.92296658390818409,-0.36894523969552762,0.10959970389953022,0.34596768135728789,0.9200745032573926,0.18376417472381004,-0.16863881061344466,-0.13169023715397601,0.9768411503377662,-14.578367805313581,12.022971891990295,-1.7460402614095376,,0.5215026154474158,0.2083333333333333,False,1
-0.33493758460466261,0.87984050896190147,0.33719058884977077,-0.93045800597538186,-0.36526134097377594,0.028845309954192946,0.1485419588382654,-0.30408030449159251,0.94099439684027342,-23.337076029114264,12.613587667054995,-0.50881985965349807,,0.4466259125752689,0.3181818181818182,True,3
-0.94897930537646091,0.27551307062478037,0.15339760715902293,-0.27014974817760656,-0.96123512090928953,0.055191991176972044,0.16265728242776251,0.010935732504409219,0.98662202399287979,-1.2121996306816618,-5.6893937723016546,-2.2533901692496197,0.9741702380712991,0.8104147167469303,0.925686591276252,True,5
0.80303860246906389,0.55711926835490488,0.21153515965963693,-0.59439854869864306,0.77422506527801849,0.21740725286934548,-0.042654053142458792,-0.30032260841126157,0.95288349897958491,3.2688508884034264,-2.5446328284693767,-3.1349962041202462,,0.08589137640797315,0.325,False,5
-0.98919336873112829,-0.069881461638794301,0.1288916621724886,0.07942579131494816,-0.99434788877983726,0.070454380652120258,0.12323969706371196,0.07993032840108498,0.98915272818171929,-5.9242849705571707,-21.62763083920122,-0.77970420489830894,0.271604478774315,0.2583322291271518,0.5357142857142857,True,4
0.12741642868895803,0.95013755459087157,0.28461145629828322,-0.98480507547960872,0.087052712543131877,0.15026905386168082,0.11800007207520483,-0.29943355288771634,0.94679223190480677,-3.3843180793084677,-21.121201676263127,-1.1494948110251433,,0.278290019021093,0.1388888888888889,False,4
-0.98306562430703848,0.088598280832576093,0.16041297621864659,-0.10611219153357887,-0.98888837412091535,-0.10411525506107955,0.1494060946338977,-0.11937390067349116,0.98154352462040217,-30.402582203440556,-6.4962429611983232,2.1235859059675675,,0.1780825930961652,0.2857142857142857,False,1
0.51746511796122885,0.83356221098000638,0.19340085863173798,-0.85529083002667483,0.49680650178878999,0.1471764106528809,0.026597890248134734,-0.24157263960661418,0.97001815036000227,-20.553392968515084,-10.760260202851663,0.93091779502973593,,0.1165934057414308,0.36,False,3
0.81960347785261778,-0.56939345863942958,0.063570656363795927,0.54729769521656957,0.81091696092281595,0.2070722465670789,-0.16945610612346368,-0.1349250597418224,0.97625808900676525,4.0911132405239687,-7.8598683519936658,-2.9230984165209577,,0.2007487580421912,0.2608695652173913,False,4
