axis_00,axis_01,axis_02,axis_10,axis_11,axis_12,axis_20,axis_21,axis_22,location_x,location_y,location_z,dbh,dbh_approximation,score,reconstructed,number_clusters
0.58502087824132876,0.80024547879123364,0.13174879770204614,-0.81068035803575822,0.5816982106762002,0.066517281898188146,-0.023407885781513895,-0.14572016116617939,0.98904888934417368,-21.417823789360124,3.7200093894141273,-2.8229109349913162,,0.4024925022366109,0.1428571428571428,False,1
0.11117026182926609,0.97824755823824017,0.17513676851459206,-0.9935629329398632,0.11326428590341428,-0.0019747978952004905,-0.021768582240230743,-0.17378986259189866,0.98454213342423269,-16.758813524597542,-28.36666960388354,-5.1356066230117055,,0.3208607886116749,0.5,False,4
0.37920590631235357,-0.92310022413199433,-0.063944169595736858,0.92528475364591922,0.37882146645369591,0.018504627104657133,0.0071417986696328964,-0.06618362910367788,0.99778190099361352,-12.332612330434861,17.607962458913072,-2.058099744081014,,0.1898033719765227,0.726027397260274,True,5
-0.91237823234370885,-0.40841403314319746,-0.027639440607199459,0.40898362754065787,-0.90663620798755407,-0.10364930665294204,0.017272913739615554,-0.10587144987038917,0.9942297936359018,4.1783331651829796,-19.040715037382984,-4.4292509764803478,0.2611802749532484,0.3807373253990222,0.4324324324324325,True,5
-0.90647922359671562,0.41620236467839944,0.071211016167472579,-0.42199735485632939,-0.8871219589483369,-0.18690335054761947,-0.01461676030304513,-0.19947486455133567,0.97979392156231981,-14.887317550757732,14.953522255213029,-2.1906564821305352,,0.1999827165996488,0.2121212121212121,False,5
-0.81723409188930329,-0.56416347043203818,-0.11767760060412817,0.576024933327828,-0.79325069701012796,-0.19735401662397911,0.017992088220582122,-0.22906966259857578,0.97324373845323975,-10.020560875783936,-15.919228708354467,-4.376970070472594,,0.2736478406859117,0.4090909090909091,False,1
0.26367846240925208,-0.96433026538781441,-0.02325527291948886,0.96434558609087551,0.26409451089379155,-0.017078638786951192,0.022611038201257309,-0.017922850577861443,0.99958366952377964,-1.3051600757302853,-6.9263292864694996,-3.5159924566253804,0.12618278138661,0.1105835574092972,0.3228346456692913,True,5
0.64445322351243994,0.76069218541138484,0.077636600637047665,-0.76462868806678841,0.64047319988633711,0.071673214052520112,0.0047970917947619766,-0.10555320592671467,0.99440208599384239,20.715103180203005,-13.050206535393114,-3.6452726653379708,,0.2666243989521619,0.45,False,5
-0.98628805005610132,-0.1650328342976837,-0.00021429000965134549,0.16255412721892434,-0.97124867339583398,-0.17393150994264414,0.028496281171914446,-0.17158140351013446,0.98475772854487686,-10.620890599370462,7.853766516426445,-2.6091230131566716,,0.1756321184100625,0.1298701298701299,True,3
0.76356047549680883,-0.62380720400981582,-0.16685314646282215,0.64557401137227155,0.74323781218272367,0.1755897217451905,0.014477434158102601,-0.24178942650019922,0.97022073629298566,-18.712838981332709,34.575468775180113,-1.2517768809781333,,0.3518715303218438,0.4,False,1
-0.99944643087704721,0.032432582119286825,0.0074134623629969944,-0.03319729147404421,-0.98684542748051896,-0.15822149695783874,0.0021844097416009087,-0.15838001729343179,0.9873758142046084,1.2267509015555038,5.5304021697711185,-2.6607831558821129,,0.07265569530436611,0.1724137931034483,False,3
0.25408771751644038,0.96451753111844962,0.071731192465041477,-0.96698494935371526,0.25483044051592535,-0.0012467196367112812,-0.019481774320596796,-0.069046207366014814,0.99742322096374469,1.5036676815949712,-18.411365053120534,-4.4403771239972425,,0.2065861654793354,0.16,False,5
0.41608876249426419,-0.90393687739451356,-0.098834525406109305,0.90932354286695594,0.41351421496795104,0.046224327007857488,-0.0009143926301082737,-0.10910598382168699,0.99402970186027273,-2.5938141128949321,-16.091100301630501,-4.2637030505348736,0.5178089829880258,0.5065922476329014,0.842391304347826,True,5
-0.62578251220577619,-0.7777912920987089,-0.058625534989871615,0.77984203758046167,-0.6223869597992826,-0.066939291108887203,0.015577029234800328,-0.087608094416139315,0.99603322130990757,12.001788131924648,-5.5636577692929636,-3.2713796989010482,0.9880935381672191,0.5920135633085204,0.392156862745098,True,5
0.90670879954284167,-0.39845573075354207,-0.13824682079975795,0.4216799105187492,0.86273326509040582,0.27906516509831153,0.0080750168098378036,-0.31132674786485853,0.95026862000563428,-8.8328954108076587,-12.381497272936782,-4.0167381067048833,,0.3086060730986655,0.28,False,1
-0.76385740060768115,0.64526993606061467,0.012189386908534924,-0.64508520898705368,-0.76279065699244097,-0.044894172797469337,-0.019670909562220826,-0.042155939336823323,0.99891738001479613,-1.4709966344133107,8.88724941464368,-2.4948383227764777,,0.07291429974825334,0.3625,False,5
-0.75894456267992771,-0.64788315953178666,-0.0651963371186048,0.65085497474485221,-0.75174231978462502,-0.10616631525445545,0.019772522055903897,-0.12300770805091844,0.99220872357161272,-23.77657420554862,-0.20573018865285314,-3.0471516501013451,,0.2113952793288036,0.3333333333333333,False,1
-0.8971021140922002,-0.43681588084005812,-0.066330107321100437,0.44182299940892256,-0.88709871640049331,-0.13359754696063803,-0.00048382290957301637,-0.14915680878364479,0.98881343655356502,18.49494960163214,3.6939172739514481,-2.6646625485244919,,0.5596487410239859,0.6666666666666666,True,5
-0.9677785563560678,-0.24554677453216234,-0.055780349355457066,0.25173057792306708,-0.93815679950738851,-0.23768368828460396,0.0060317489904727992,-0.24406679629745945,0.96973966452301552,10.582136155777519,2.3982887377214719,-2.7903589011586982,0.8423729333429257,0.70341679183933,0.25,True,2
0.91205815880665952,0.38680783746534142,0.13612351681319493,-0.40982490688702122,0.8711035184337248,0.27059601968142388,-0.013909013237845923,-0.30258611509415168,0.95302055712506961,4.5426678831038538,-2.7108968177029591,-3.1594939683571792,,0.0832794533639474,0.2711864406779661,False,3
0.97013234026159112,-0.2423507139260343,-0.01045819478263009,0.24256355017201187,0.96962087245618922,0.031595693143996587,0.00248324515901508,-0.033188780586837663,0.99944601571902836,3.4076439787517621,8.8142371453365467,-2.4731052042252593,,0.08090951716243003,0.2916666666666667,False,5
-0.97321045534652117,-0.22149029896225009,-0.061672174194130194,0.22972519103337674,-0.92583790737655147,-0.30008416464266779,0.0093672946412859132,-0.30621269851236127,0.95191703265614591,0.56571891351354719,21.857175396945721,-1.8176229690704704,,0.1759943662973867,0.2,False,1
0.96587664106209414,-0.25459615742758607,-0.047572164904640099,0.25871636487074584,0.95702713841932974,0.1310148803646978,0.012171967740413249,-0.1388519101489665,0.99023835022145545,-9.4721128423801257,-8.7123323841118196,-3.6864733674565793,,0.1220013446542134,0.4090909090909091,True,3
0.52489405242983078,-0.83748529233863689,-0.15200203564511325,0.8509250290045145,0.52057225431989584,0.070221955583480752,0.020318187356567548,-0.166201423425824,0.98588247682661134,-16.021560286007908,22.276283070954541,-1.8094322532282063,,0.1533365403220665,0.4444444444444444,False,2
-0.48061153990665439,0.86237016112409304,0.15915480800579226,-0.87665000292562434,-0.46786171406971816,-0.11220601088287757,-0.022300674408131962,-0.19345056658110751,0.98085654313482129,-6.4225611569295067,-22.424082638576472,-4.8384624401738412,,0.5291603186683762,0.5263157894736842,False,4
-0.81412106938123507,0.56523039854587509,0.1331220528283229,-0.58056053978031341,-0.78731987295518846,-0.20754969838527448,-0.012503761016055728,-0.24625599324584677,0.96912416219541042,-4.7564949460118333,13.98271875339768,-2.2269049711890032,,0.08929358575970228,0.4117647058823529,False,2
-0.3173964795822346,0.91952911752646527,0.23178799962423574,-0.94383851051420931,-0.28266007222709977,-0.17109105657190221,-0.091805995551070343,-0.2730741393643335,0.95760230450396577,0.33688201884963809,-10.068353066838021,-3.7538202998683827,,0.4623318067846571,0.3061224489795918,False,2
0.60009864967242543,-0.7877297615747465,-0.13915255438088778,0.79967112811780416,0.5951517991590195,0.07950108686415383,0.020191520896925504,-0.15898477501690736,0.98707453811588786,-16.384039467068014,8.9702908083609465,-2.5281390199241014,,0.1347097090025995,0.4148936170212766,False,5
-0.99921755629207265,-0.039270133600301155,0.0047044452078502854,0.038685807372510622,-0.99516479216228915,-0.090279813626997968,0.008226998580051709,-0.090027179493767193,0.99590532855626468,-7.5400549553015086,11.468493312465636,-2.3715784285678589,,0.2165005920435653,0.6357142857142857,True,5
-0.91325916331940427,-0.4071565945691914,-0.013461356245262845,0.40732709363229724,-0.91211620322172904,-0.04613751850115487,0.0065068737661590284,-0.04761868665973009,0.99884439292343985,-7.0026969377789072,-4.8817029130680885,-3.3585349881811668,,0.0899488934860154,0.44375,False,5
-0.96691810869270844,0.25486421298472034,0.010658518743014437,-0.25503865634052214,-0.96507729394192188,-0.059842296828904198,-0.0049653654585590668,-0.060580934768430357,0.99815093822950751,11.643541799951487,7.454389669660233,-2.4908491443092386,,0.1007388680655285,0.3846153846153846,False,3
-0.90848148509177717,0.40454894170052252,0.1048882501256746,-0.41759649520083758,-0.8687625022518799,-0.26620458650637313,-0.016569805110976304,-0.28564290372778289,0.95819286842918261,-29.930867753186742,24.680100690664396,-1.7095223333070371,,0.305733143810179,0.1212121212121212,False,2
0.69598789523379534,-0.71275279480368448,-0.087087904944188901,0.71787789389990075,0.68799885104126501,0.10634336093871639,-0.015880149176694176,-0.13653217373731419,0.99050834746441674,-7.8951319244600091,28.509179347308386,-1.5158745350468099,,0.3622829530264149,0.4814814814814815,False,3
0.7451773230819505,0.66513227762850902,0.048060487108750008,-0.6666788636810338,0.74132168222089601,0.077339874515970783,0.015812965736496463,-0.089672831592923469,0.99584573774692819,-30.313024473708499,0.13046035291960423,-3.0027715458000461,,0.4315291040290242,0.8571428571428571,False,2
-0.82813563782045996,0.5539695301411045,0.085493421074053777,-0.56042148373191092,-0.81532130448622142,-0.14552982863527061,-0.010914483195508955,-0.16843078734641009,0.98565305454325314,4.3962117025367631,-7.8312171061800067,-3.5488198279966423,,0.08246166544988524,0.2592592592592592,False,5
-0.32306595053881548,-0.90851790714891101,-0.26499736600995721,0.94572104682169866,-0.29950797915047506,-0.12612165564910041,0.035214957062635291,-0.29135919895373519,0.95596533618333457,-13.033141135556567,23.020898083527573,-1.7657677520516222,,0.5414178021284988,0.3255813953488372,False,2
-0.17981913022223403,-0.98172767619025214,-0.062256326652056208,0.98334989855796029,-0.17770723028000279,-0.03798838391219491,0.026230848483598242,-0.068050790651529885,0.99733697037637847,3.5736654581104004,-5.880102691305142,-3.4098488893448144,,0.1036913892211939,0.2807017543859649,False,5
-0.97658090690742538,-0.21383909143546576,-0.023718668552983792,0.21514946447609518,-0.97028382474395802,-0.11072491759259465,0.00066347533584390148,-0.11323489927708641,0.99356802353245444,6.8989913629945407,10.591930841244704,-2.3574413148615045,,0.2555086889984937,0.1176470588235294,False,5
-0.78011302587125986,0.62514409911549873,0.024870106695751869,-0.62546823825374009,-0.77835652774595432,-0.054319413205808936,-0.014599650740651109,-0.057930743619709367,0.99821384439503646,-7.2501506529387569,6.5714952937479847,-2.6382781089627154,,0.793661483054904,0.9553283100107642,True,5
-0.86170852044912261,0.49863412045714162,0.093927843056866273,-0.50739550814462708,-0.84575578680833374,-0.16506649385890121,-0.0028677691745077564,-0.18989776985564558,0.9817996806394943,15.425723342568114,5.8294623698360351,-2.5643213462359915,,0.336058430479574,0.391304347826087,False,5
0.99311231870926475,0.11676692434571827,0.009664771427650605,-0.11698608690698217,0.99277851875395151,0.026553119796025551,-0.0064944513316731785,-0.027500874159767066,0.99960068228385535,3.6909011191883847,5.5810276164321291,-2.634128375810695,,0.078056144727187,0.3,False,5
-0.8772918767240393,-0.4796971832903294,-0.015797954846681825,0.47973814363623157,-0.87542176174076081,-0.059059737648974139,0.014500916332295513,-0.059391509612294037,0.99812943650184849,-20.264632446759887,3.2150224081178775,-2.8810429159677078,,0.2536807872757478,0.6413793103448275,True,5
-0.61171459709433196,-0.78558125125164069,-0.093098600331183334,0.79074494493731617,-0.60379020606507561,-0.10079592807238773,0.022971368217841424,-0.13527558812217275,0.99054168589736824,-2.4597035517256418,-11.601263636695696,-3.8957764106749551,,0.4111172268601463,0.1951219512195122,False,1
0.74851256906016594,0.66301476202247411,0.01184733300076974,-0.66279317131657178,0.74858493740033338,-0.018050029181677616,-0.02083617083513083,0.0056583423031648259,0.99976689140384545,-7.7724577346276176,-0.22033373398628148,-3.0450509399639327,,0.3906693174623149,0.9523809523809523,True,5
0.76245546973798839,0.63917683103073519,0.10057154339140913,-0.64674146610884475,0.757567116105064,0.088416857055871018,-0.019675687586595998,-0.13245770370108004,0.99099335217156304,-35.165179840075631,-6.7757574457339604,-3.3340139650962919,,0.1257138055304716,0.1333333333333333,False,1
-0.23585811258209682,-0.95925016627908555,-0.15559585220294003,0.9717827848130951,-0.23231517549771266,-0.040839666678046331,0.0030281793404561882,-0.1608377372603057,0.98697621673618263,-6.7456461879466607,7.5033032889176772,-2.5811487681898018,,0.1834884676612576,0.2934782608695652,False,3
0.3932260536997364,-0.9129891440369563,-0.10873864797024652,0.91917633291731293,0.3931955192458404,0.02263078985971002,0.022093883687854855,-0.10884900787631964,0.99381273577466711,-15.720434051653504,6.5460402606216324,-2.6655504615561232,,0.1005875686905936,0.234375,False,4
0.82711186751642085,-0.56188209214575402,-0.013208828086163062,0.56191098745603973,0.82719582748038378,-0.0017621507376139982,0.01191640842190652,-0.0059646898455996142,0.99991120690057722,-20.290316681432955,-5.2601543463385818,-3.3884464277796993,,0.160185899788843,0.2692307692307692,True,3
-0.82573161209957957,0.56280682191549836,0.037626931642188416,-0.56386514506559726,-0.8218354705868729,-0.081501886269006729,-0.014946670518280043,-0.088515199206859421,0.99596267829160534,-4.3257858690664497,10.222227939900547,-2.4295635590489293,,0.467843454102754,0.6778350515463918,True,3
0.6867266517057854,-0.70338955940774661,-0.18343836445285175,0.72659523196734688,0.67170117636599791,0.14448840282476788,0.0215841311911927,-0.2325094780535,0.97235459987394057,8.8298577790149864,9.2211660788127432,-2.4221572222521792,,0.2718329214247051,0.2105263157894737,False,4
0.14733858301143099,-0.98622964138468405,-0.075116152793000782,0.98875366201185466,0.14883259807219529,-0.014664706244175148,0.025642500157574886,-0.07211069411202585,0.99706695360961139,-0.69453211233737644,8.5555046566180248,-2.5052728019555293,,0.07767292161333506,0.3272727272727273,False,5
0.99101270427479704,0.12754200063930951,0.040334328293383306,-0.13351910883701021,0.96150979529477953,0.24014903940587395,-0.0081527628032898869,-0.24337615253988162,0.96989771668643487,-21.782569213215019,10.45820919223226,-2.4241719093718368,,0.4162822096437432,0.55,False,4
-0.99939241650168509,0.031058413432509962,-0.015816851582355337,-0.025246928288168293,-0.957949887030484,-0.28582268375742176,-0.024028950267022765,-0.2852496956936823,0.95815198202358642,-24.695774910195571,-2.6908312774177312,-3.2123502864247691,,0.1781565808090302,0.375,False,4
0.99191340025174624,0.12647995742932702,0.010517926111920664,-0.12673910493493989,0.99149997232989906,0.029410952893457652,-0.0067086273790167798,-0.030506150830390159,0.99951206550006422,-14.578713308020701,21.686203572535728,-1.8230566298546766,,0.1192646865823172,0.25,False,1
-0.52944454834960153,-0.84395327510914708,-0.086205218261028879,0.847367196701859,-0.52122089808024974,-0.10147713711990539,0.040710000939826747,-0.12677399116917876,0.99109588385106184,-9.4162594410044989,14.204275959718261,-2.2137955431418002,,0.1497962161235699,0.375,True,5
-0.98727894327330346,0.1583839475206576,0.013957554833260704,-0.1589954397776718,-0.9829787737458735,-0.092049880472297743,-0.00085924330351780506,-0.093098096290059232,0.99565657039368416,-0.024512769708331973,3.4568477854981845,-2.8086724948200765,,0.07527510907072854,0.2735042735042735,False,1
0.98782343628590308,0.15510761700459125,0.012103134778528602,-0.15545617896232206,0.98714354535648119,0.037161771802095664,-0.0061834575073125893,-0.038590776206154774,0.99923596654897384,-13.363668767419947,-16.362070682014057,-4.3978485787060126,,0.09288371501510126,0.3125,False,2
-0.30226014737163559,-0.94981119114049595,-0.08060709953317241,0.95273461557697314,-0.29830899753044432,-0.057519512113542046,0.030586853258806113,-0.094183030194695552,0.99508492161778372,-4.471275143719339,-10.850848981833749,-3.8401278413234721,,0.07212160699735798,0.25,False,4
0.36022136509809405,-0.93233611493355761,-0.031463262981863679,0.93260657481903109,0.36071264571289746,-0.011461405983423663,0.022035079559210163,-0.025214202612853964,0.99943919237511258,-13.701585228395585,2.7306389663949284,-2.9030134257931892,,0.3607106776674146,0.96953125,True,5
-0.10259662845043882,0.9934236472891278,0.050827048285042656,-0.99433194380527878,-0.10098961541920666,-0.033242790284471815,-0.027891169911267655,-0.053949555922623044,0.99815406028164477,-7.0219851919743261,-2.9558046173791803,-3.209450390249613,0.1828270512004301,0.135856312070905,0.4296875,True,5
-0.70748873716646754,0.70479943371937548,0.052129118652115558,-0.70652596528565148,-0.70361435417573115,-0.075814912616510716,-0.016755511325442316,-0.090468772660617383,0.99575833112934919,-5.2869481663012907,3.8152854580104383,-2.7856960316292918,,0.156305727532592,0.5490981963927856,True,5
-0.079211534995110036,-0.98929918255079796,-0.12252616099446455,0.99650788925911593,-0.075326805728495483,-0.036026365110612357,0.026411349228317001,-0.12495198975232233,0.99181119215749713,-23.955055513265783,15.776446623941936,-2.1273190412995486,,0.1396386545267933,0.2941176470588235,False,2
0.65921950284393682,-0.72230195147545617,-0.20906826149595722,0.75166451108719268,0.64065459511992751,0.15672317162364616,0.0207390897159371,-0.26046416384307297,0.96526074690276531,-19.811738720766645,15.384322451573505,-2.1480856409182079,,0.1266635395563796,0.1764705882352941,False,2
-0.6110264552039395,-0.77416179155194242,-0.16528820751038131,0.79105282523735632,-0.6049716017632456,-0.090800819071246097,-0.029700146883551496,-0.18623340613622341,0.98205652572242286,-17.223046248634834,-8.8588271018631097,-3.6798000257256169,,0.3660854406439008,0.4193548387096774,False,2
-0.94097705085911754,0.33834106523732421,0.0093548559877447111,-0.33833872728558878,-0.93948097975241174,-0.053873874022732832,-0.0094390346565037201,-0.053859189165100248,0.99850392706650482,-10.279307263535895,-8.6902066712386752,-3.6922380503174619,,0.1660892677970272,0.552,True,5
0.99996647560855523,0.0081010455912155343,0.0011919393166736621,-0.0081591048669562918,0.97351851037059711,0.22846255486093298,0.00069041058479372367,-0.22846462095069298,0.97355197103548707,22.026382781622896,2.1522771753566161,-2.7381938377292676,,0.2653635787283697,0.3571428571428572,False,3
0.11627280149828421,0.9902127364829707,0.077196969750416705,-0.99255330694120858,0.1186851673750933,-0.027418313682946761,-0.036312098697417437,-0.073434103467341638,0.99663878307847142,-13.054884053514687,-25.499654780015348,-5.0730556227971979,0.5723057563437763,0.306617753817905,0.8125,True,3
-0.7099221577558833,-0.68552709036336834,-0.16144081982313654,0.70388496345737439,-0.68295308032505009,-0.19524612235109262,0.023590000971662195,-0.25224531403469369,0.96737573537984556,0.23548261459370284,-16.915202788770493,-4.3466235396590926,,0.101220840688773,0.25,False,2
-0.79660202621345066,-0.60088980643027545,-0.06600494194234359,0.60272211034004053,-0.78112724328325722,-0.16299167925985772,0.046381780257707131,-0.16962213985469665,0.98441711694344347,-1.4524389044888815,19.736030431482554,-1.9217141829014024,,0.5931063089576611,0.7444444444444445,True,4
0.051328167059290615,-0.98289230553770757,-0.17688452442512911,0.99833776729508117,0.055148168036359121,-0.016744609714969005,0.026213005524103446,-0.17573103105884305,0.9840891641840136,3.7350151641139004,-4.9014694873015543,-3.3488280901803469,,0.2825839715134406,0.125,False,1
0.62119526971780892,-0.78362159071528337,-0.0073238954845293693,0.78340281394798317,0.6212050603764705,-0.01960367468225982,0.019911503675035379,0.0064401496500653254,0.99978100426737682,0.24238384664164231,5.5590219267618259,-2.6716967672861709,,0.1325585624724085,0.6287128712871287,True,5
0.52547811589541726,-0.83811723661056248,-0.14639756627511677,0.84936394425594863,0.52678041894763472,0.032913225477499648,0.049534229710177784,-0.14163999403286243,0.98867814387564501,-6.1012097022978242,-29.757221556854589,-5.0333977093821334,,0.5461616031631025,0.8055555555555556,False,4
-0.88826307176812103,0.44977926960018633,0.093205815113564267,-0.45868693083191492,-0.85778095743889671,-0.2319873456445567,-0.024392925553508721,-0.24881808152369447,0.96824302088360459,1.2603287570055337,-16.126892629681258,-4.2883955495988113,0.4500541513864171,0.3964580015892224,0.3548387096774194,True,4
0.83786579195966571,-0.53916812242005563,-0.085315007061101816,0.5457191199589404,0.8310812555640027,0.10721281994893266,0.013097968355566786,-0.1363879848674166,0.99056890765295247,-4.4496568143170618,12.204241893544481,-2.3053632132767454,,0.09047886805450076,0.5555555555555556,False,2
-0.99777050794844868,-0.051828674079485854,-0.042045237678700373,0.060438599036977118,-0.96891740023361472,-0.23988798900941741,-0.02830528598589838,-0.24189431590613555,0.9698896590424918,-20.949144720886341,8.7386929968529472,-2.5258456604521253,,0.5230595724024449,0.3333333333333333,False,2
-0.19678050637234812,0.94715069527288809,0.25334362584427988,-0.98043005701518915,-0.18854996317627665,-0.056619914230043152,-0.0058596598053932865,-0.25952740092388898,0.9657179673986892,-19.467019678244725,7.1279062688569192,-2.6438564206738002,,0.166046736755097,0.4444444444444444,False,2
-0.73632334454133008,0.675802072648792,0.03345879386748514,-0.67643803156015669,-0.73403676734494838,-0.060179844173936382,-0.01610967853467777,-0.066944624798227576,0.99762663129456131,-1.6968734377717341,9.7020437557732677,-2.4441467200519504,,0.1741945909598563,0.5581395348837209,True,5
-0.99540303843734079,-0.093884355230501149,-0.01893459565619892,0.095623539242632019,-0.96311388060774472,-0.2515308961606994,0.0053786441064171096,-0.25218521135000121,0.96766403744478002,-15.331201343434648,5.2989561993669678,-2.7371823773468575,,0.08566853742375322,0.3382352941176471,False,2
-0.99979210708684585,-0.020389330235864825,0.000133489246537367,0.020010501278254898,-0.98243100532284766,-0.1855502617053742,0.0039143895359375104,-0.18550901593419317,0.98263476559792506,-19.755095168631751,-16.79907715395435,-4.3649336022135641,,0.8075301797730363,0.8275862068965517,False,1
-0.10643596655849644,-0.99112177123164313,-0.079680735522504403,0.99397094752265192,-0.10393462881500368,-0.034919169721045792,0.02632756167362332,-0.082916991767285286,0.99620862873826987,-7.2086632468463847,10.322019201918607,-2.4324106914344124,,0.06772241520450899,0.2702702702702703,False,4
-0.98458928811903101,-0.16594292948431205,-0.055198531460758503,0.1747017662291559,-0.91894151224111875,-0.35358986121836039,0.0079515154324876318,-0.3577840706825427,0.93377049223465858,-29.826453011533687,22.484400642902223,-1.824921756048969,,0.3882836248750136,0.1764705882352941,False,1
0.92836816956988755,0.3621581578133517,0.083510541003495281,-0.3714358020772634,0.91191456273270699,0.17449147604177306,-0.012960966965353048,-0.19301113699798814,0.98111095923451375,-20.944931441692141,-27.743008747981587,-5.1295750613302271,,0.3054634511888537,0.3448275862068966,False,1
-0.99987547545347766,-0.014433004466904049,0.0063813767120202295,0.013936130062658076,-0.99730448037306685,-0.072038584846485787,0.0074039088027249046,-0.071940682578538126,0.99738143171234916,1.3552856617255369,10.182266348832362,-2.3917210940050544,,0.1259126291925014,0.5869565217391305,True,5
-0.99513829078284333,-0.094828641304131669,-0.026595319253863974,0.098311780810327778,-0.94033698412611555,-0.32573171481835339,0.0058801336468396461,-0.32676273513516707,0.94508811174158858,-15.693623257267474,3.6245168732606001,-2.8487124118465736,,0.09429876747532062,0.4111111111111111,False,3
0.55446984883442407,-0.83173629819212269,-0.02789116353250436,0.83196424488762,0.55480295164182003,-0.005401858763275362,0.019967021863681413,-0.020209282995458891,0.99959637000076507,-2.7171619864212406,-8.0712722611100691,-3.6028402357812217,,0.09870484919126757,0.3902439024390244,False,5
-0.9744865376860895,0.22207813560358655,0.032515989227033408,-0.22425160397985328,-0.95734350425538717,-0.18222138450927788,-0.0093384142679860983,-0.1848640488219658,0.98271973495606024,-10.12329580435487,16.205050123585835,-2.1111354637899145,,0.3107896205546464,0.2857142857142857,False,4
-0.61664722244232584,-0.78684719581120932,-0.024853440369546606,0.78689646444270422,-0.61513915452631851,-0.048967078902252992,0.023241284425310805,-0.049752497552222302,0.99849112749467106,-1.6879950636851437,-3.2036968742899625,-3.2052324277624513,0.2579691317730886,0.2253959699717512,0.7169491525423729,True,5
-0.99799292143111029,0.062209293792416839,0.011837759046609551,-0.063216976436332978,-0.98966251530993044,-0.12873119156082091,0.0037071098776454868,-0.12922116527980013,0.99160886834481499,13.230809872062958,2.4951850627808363,-2.754177891589372,,0.08918039280028174,0.3333333333333333,False,5
0.97505089546365831,-0.21969779491780622,-0.031758938328797393,0.22196660087383688,0.96660886205772667,0.12805520640716703,0.0025650247627612278,-0.13190976726429679,0.99125840926987663,-30.392087718973759,25.954570089142681,-1.637686052487207,,0.2296323843952325,0.2857142857142857,False,1
0.97328230279214445,-0.21934915193509152,-0.067878631519619828,0.22675062512642558,0.96471834199939299,0.13380087673373833,0.036134652017078182,-0.14561754755282078,0.9886808467692223,2.1928275919650173,-11.346491517916842,-3.8380304519432258,0.6002691420932704,0.2007177772143807,0.3846153846153846,True,2
-0.3589833400420217,0.92680295799932533,0.11030520665850245,-0.93291552958631396,-0.35272341141753055,-0.072490066179211415,-0.0282767789707573,-0.12892816636282517,0.99125070072578425,-9.6805792957090038,-14.607426560613732,-4.2026291120883759,,0.1543644480285189,0.2222222222222222,False,3
0.31584007648537415,-0.94248048380158977,-0.1094330102795089,0.94834846464556977,0.31718539153932962,0.0053494858102200553,0.029668766238327544,-0.10547020928757241,0.99397977809547633,-27.17588289248177,1.248496526444153,-2.9489209115565824,,0.1318392321430992,0.4186046511627907,True,4
0.9892128156582195,-0.1456668201530949,-0.015465537301409447,0.14631412676236752,0.98763893003698633,0.056227397104621032,0.0070839005710956506,-0.057883688392161584,0.99829820042451045,12.034822443574384,-13.101384488089003,-3.7842921828560794,0.2997889343183928,0.2781963224826395,0.3157894736842105,True,4
-0.87084642380876565,0.4711654919356475,0.14010562211604552,-0.49146506818010982,-0.82911298119544685,-0.26652157731020498,-0.009412380049950167,-0.30095638159414229,0.95359145522574673,-12.663666440260696,-11.205352027958886,-3.9045581105741736,,0.461700051254949,0.2359550561797753,False,3
0.69648665729822812,0.71721428003203924,0.022583461286171631,-0.71748221164946568,0.69654828240936806,0.0063060478233492173,-0.011207683620270296,-0.020595309919549783,0.99972507272609001,2.4347446786519624,9.8200217865930099,-2.4277733068342919,,0.1072202320369831,0.5714285714285714,False,5
0.99682601077396615,0.079605822734536369,0.00090400841727260968,-0.079229155798013623,0.99087068093922115,0.10907811204168658,0.0077874974154106928,-0.10880352311300492,0.99403277020539071,-0.0056584080965195252,-13.419646603175661,-4.0177761494291744,0.1650672412496893,0.1838507552183044,0.5,True,4
-0.42603299960489349,0.89538200964813808,0.12956442430744075,-0.90445437714362353,-0.42491175813301257,-0.037580280281719072,0.021404740442180357,-0.13319555022137186,0.99085860872670883,3.8701145389063223,4.2026278164683744,-2.7181593164789097,,0.240833322200566,0.2878787878787879,True,2
0.5397825549871027,-0.83165334894505805,-0.13033610597246359,0.84155689906084297,0.53687146296140265,0.059590417860441794,0.020415165311457081,-0.14185111718331009,0.98967746340873763,4.3764529139266601,2.405510960974945,-2.823461773832749,,0.8404661109565086,0.6239669421487604,False,1
-0.1714316458300362,0.97883683210225025,0.11175708893863373,-0.98481047265054578,-0.16708522245672122,-0.047231995452214036,-0.027559458735885861,-0.11815661029591473,0.99261245795001285,4.6743980751429834,6.2639039460734658,-2.5813400804703526,,0.07577646796676817,0.25,False,5
0.28246833985427455,-0.9586580239186292,-0.034444595459933419,0.95761985631684432,0.28390807231323861,-0.048584125628507939,0.056354660567478898,-0.019261351245677127,0.99822500097949585,-2.3674176137322305,2.6633955961593454,-2.8493856286941517,0.4390199925923045,0.3944889121274314,0.9758064516129032,True,6
-0.046943919342895823,0.97577933045235954,0.21366086843096141,-0.99855298798832992,-0.040224185429209518,-0.035692367337215057,-0.026233539911834435,-0.21502723820135322,0.97625564695687816,-37.050142713776104,1.1203759791650985,-2.9310405560949158,,0.3383891758911577,0.2777777777777778,False,1
-0.9608625340533512,-0.27687522243804991,-0.0091269848500072758,0.2768202674375404,-0.95836073623643114,-0.070108763904193211,0.010664435680358495,-0.069891418931408641,0.99749759867950238,2.1291394667464276,5.198669337437444,-2.6709554398752551,,0.07723971361907332,0.3333333333333333,False,4
0.73920354179304371,-0.65298108603599525,-0.16490550348570174,0.67346612332468136,0.71837093101048044,0.1743174868255089,0.0046372982053894778,-0.2399143738052987,0.97078297714111506,2.6577211886219918,-10.13248467024944,-3.7261824522177056,0.4948226084086093,0.6713505888706016,0.4,True,3
0.99788703496283671,-0.064972667178000404,-0.00013406287979042097,0.064320305169192626,0.98757179255228589,0.14340450794172302,-0.0091849766478131149,-0.14311012219561051,0.98966414966347926,-2.9486842005141805,-13.875753677996835,-4.1090487239944613,,0.32988980315603,0.2727272727272727,False,5
-0.79019814463943172,0.5951117169021074,0.14638625828343646,-0.61226205626635299,-0.7561137768641184,-0.23114309613911177,-0.026871298161720195,-0.27227559722109423,0.96184402711302419,-17.910259345336947,4.5822678400786723,-2.8038738310791027,,0.1856431322874485,0.45,False,2
0.12805495030487526,0.96674609584139837,0.22136828110149454,-0.99113102506440354,0.13273690358385376,-0.0063407871558659491,-0.035513671412587183,-0.21859300218073108,0.97516966654034853,-7.8473011085230864,-22.250473360906579,-4.8122588698668318,,0.2356592020916609,0.4166666666666667,False,3
-0.40208572525242936,-0.90527969144554998,-0.13709759226360596,0.9155841510803514,-0.39660929679466744,-0.066383190541820264,0.0057211745909594115,-0.15221611594141179,0.98833067452599632,-17.919314542557153,12.905778043201773,-2.2933113915995267,,0.1918030341766483,0.4878048780487805,False,4
0.98516653416732636,-0.1715285340533724,-0.0049861771167708409,0.17030615457028681,0.97375722029890899,0.15097247971476144,-0.021040762158730693,-0.14958221124600199,0.988525390875994,-5.7586869947113071,-11.457986641957389,-3.9068560219256314,,0.6838047439271818,0.5447154471544715,False,4
0.26482113927934137,-0.96350301313761855,-0.039137039560042032,0.96406056665962059,0.26543765340982239,-0.011405085015942229,0.021377277720175964,-0.034710168928134499,0.99916876260732723,13.981933503180469,-7.9001087536567018,-3.4136671814892123,,0.2409946124244007,0.7894736842105263,True,5
0.072584008649365234,0.98870683558647887,0.1311119939325171,-0.99619879983040915,0.078218129319164928,-0.038338954892678426,-0.048161321668340036,-0.1278308159654076,0.99062594837041129,5.2218753084294054,4.0239974034571029,-2.7335798923521639,0.4171247510576646,0.22258656318874,0.1666666666666667,True,3
-0.78384644353775645,0.61134701245006773,0.10880984937764432,-0.62092914554118317,-0.77009657268569731,-0.14628145800215758,-0.005634640246288198,-0.18222540741103466,0.98324063775007586,7.8223709131800883,-7.0257942917596052,-3.4169710182957731,1.00994791513126,0.7673101798542428,0.3333333333333333,True,4
0.89100521851668302,-0.45232874436494414,-0.038838223405192274,0.45370699639249695,0.89021590319848565,0.040811850203149466,0.016114031169677002,-0.053984745194717874,0.99841173134420091,-2.832758947317958,12.395674874393055,-2.2992974603159206,,0.08203561068710155,0.3333333333333333,False,5
0.17307976900335537,0.98420221946362607,0.03727445190232697,-0.98445632192857035,0.17402228310850812,-0.02370643787189964,-0.029818513990761381,-0.032591965030907416,0.99902383356895352,-0.60124440106381039,-16.655343868977369,-4.3008111125610693,0.3270666672195309,0.2464779990672924,0.7567567567567568,True,5
0.40370017180927498,-0.89957443072019605,-0.16670937248875839,0.91485746131306445,0.39849502470671477,0.065096395935626272,0.0078738021930212405,-0.17879473951553659,0.98385488989006653,-12.681254058492298,-7.7895915948972521,-3.655249192469348,0.5203238105646237,0.3354184860974381,0.2173913043478261,True,5
-0.03807649094053607,-0.99747704948579075,-0.059914243605154349,0.9990433865635262,-0.036708820180547774,-0.02376498021530167,0.021505641151492148,-0.06076181588855542,0.99792059259672028,-17.822806319906714,8.6937915472917879,-2.538360541578057,,0.09507458059442242,0.3947368421052632,False,4
0.59542630771866223,-0.80057811596304018,-0.067395788574587681,0.80321952572076483,0.59501318579955897,0.028243622741593727,0.01749015658680295,-0.070950609340083223,0.99732647887080594,-6.8191554116349486,-14.905066643661643,-4.209304791947873,0.7413441673932618,0.536313360567281,0.6929824561403509,True,5
-0.37294472864965073,-0.92342318418916824,-0.090564078278180429,0.92758846110130388,-0.36872486641581992,-0.060179894635593631,0.022178282263374555,-0.10644996847615142,0.99407068561912304,8.6956181696143009,10.681005889863426,-2.3519969251603343,,0.4470288584146536,0.3846153846153846,True,4
-0.85157997420156095,0.52394593089997921,0.017094122739252027,-0.52409105472634365,-0.85017380918249152,-0.050329519528432051,-0.011836971517210066,-0.05181848775763525,0.99858636603541406,-8.0717776678907533,4.8698809663912241,-2.7363320411195713,0.2936962911390452,0.1403979634578648,0.7185185185185186,True,5
0.57149696253703686,0.81494331392993036,0.096221706968047105,-0.81959023840191392,0.57268046726035748,0.01757622071872756,-0.040780668548166643,-0.088907128507014127,0.99520473249146213,-3.2882516275169653,-27.11258137180592,-4.9462865583410505,,0.2922997221820059,0.35,False,2
0.80789105813631434,-0.57288685674796125,-0.13824864393124137,0.58912540893517173,0.79128090646978755,0.16372470675899192,0.015597779660990994,-0.21371751547730522,0.97677097256616652,-23.36016827787256,12.756093683804615,-2.2852110721987962,,0.1088252382269037,0.3125,False,4
-0.84441488887777549,0.51008757219530376,0.1636281275741916,-0.53505858668303075,-0.817933702577335,-0.2114160992093323,0.025996235463865265,-0.26607353660225869,0.96360213203462497,2.2272109889337326,6.8006918907825078,-2.5870361707643079,,0.2988549802100151,0.2142857142857143,False,5
0.99123871537728914,0.12810241730477315,0.032180426004880476,-0.13184986123079567,0.97413153944317954,0.18353026441293269,-0.0078372974041906757,-0.18616528823262099,0.98248718171112215,0.27158309482756005,10.197372941620376,-2.4070086771096917,,0.07899188648114258,0.2222222222222222,False,5
0.24186362976553114,0.96856965331737888,0.058093125835130238,-0.96998546243345818,0.24289790101009712,-0.011349552970975292,-0.025103530914873315,-0.053604443449617595,0.99824665107280208,-8.0392909680111639,-2.8075749883938963,-3.1933419140317101,,0.1644479757063395,0.7156862745098039,True,5
-0.82121319222713696,0.56799890376875817,0.054645569167176042,-0.57048896619781075,-0.81518515221814691,-0.10007750521286109,-0.012297656633225603,-0.1133596617874548,0.99347790852175755,10.660308051741815,-5.0306944523139014,-3.2549214660143853,,0.3947999115857513,0.3448275862068966,False,1
-0.99754820977116077,-0.069527367628099621,-0.0079695880107296564,0.069804184041493342,-0.98040427189984247,-0.18421411327811582,0.0049945042451708509,-0.18431876950340204,0.98285382745151817,-11.438097346967771,16.992151369501872,-2.0866842613670684,,0.1014692402369726,0.2368421052631579,False,4
0.20840884358453923,0.968198967521545,0.13840705620007163,-0.97732996307991449,0.21155947521041213,-0.0082904592700586907,-0.037308138280655392,-0.13354155809675802,0.99034072675979667,5.3570686882237757,10.323656126864602,-2.3847423467176592,,0.2477599257177547,0.15625,False,4
0.97878383206504826,0.20407469245561413,0.018322936096776071,-0.20472532661834333,0.97769721298040324,0.046858300986755516,-0.0083516901925712629,-0.049615316480893519,0.99873348278779006,-5.0857825257217808,-4.8322059950305389,-3.3639776642441532,,0.08381087069715536,0.2063492063492063,False,5
0.023037506760924243,0.96980615915468904,0.24278650487180956,-0.99960641761138558,0.026233777313641776,-0.0099397584472459173,-0.016008846066213417,-0.24246196112686857,0.97002882135230406,-21.56308873535588,17.567102060958653,-2.0363114524762613,,0.3830832637439845,0.2058823529411765,False,2
-0.35487827290233864,-0.93448865122971236,-0.028149105575973683,0.93453090624534974,-0.35371241568166628,-0.039236618927816186,0.026709486968113219,-0.040230432703541312,0.99883337729092092,1.1369532872661685,9.1896214691948863,-2.4505584050521998,,0.07371284530768116,0.2142857142857143,False,5
0.29809683607236914,-0.95358472456514343,-0.042596354300155966,0.95422852442842698,0.29883596577368277,-0.012041126494583932,0.024211556967516926,-0.03705723459908563,0.99901980054104977,0.54367190193078463,8.1161521034804114,-2.5179845648677546,,0.07741251139904219,0.12,False,1
-0.98741532223727702,0.1559923020306036,0.026026584836435749,-0.15814637825544858,-0.97306512753992291,-0.16773187118254781,-0.00083931861637131892,-0.16973702976341729,0.98548903406955957,2.8028533315133219,5.7910563507622603,-2.6403997941315569,,0.0770918524602317,0.3333333333333333,False,3
-0.63809661486512481,-0.76924079619513053,-0.033185954359498553,0.76962961297596455,-0.63597771981402396,-0.056591507583932055,0.02242696876834049,-0.061651742629359955,0.99784572640395031,-4.0448933146123069,-15.25791727969059,-4.2171229869013924,,0.0733261950482775,0.1724137931034483,False,5
0.036772075916102889,0.99525121006038186,0.090126817907692683,-0.99865156366874197,0.039904775348065337,-0.033206374183244534,-0.036645174509034407,-0.088784220319640464,0.99537655859852181,-12.585856712372596,7.1419613994070898,-2.6388029258376524,,0.09332282011571535,0.3271604938271605,False,5
0.65901585163429965,-0.7513637577366038,-0.033920655280371408,0.75198821261906512,0.65909475428033515,0.010384265122250005,0.014554565493457411,-0.032351328258289881,0.99937058000684731,-0.41188593568273468,-11.783282566768165,-3.8946365214550736,0.345996351158784,0.244195290627777,0.7450980392156863,True,5
-0.66601445616024235,-0.73738461884826068,-0.11264398817328369,0.74587075141395054,-0.65627648238891922,-0.11392102899998824,0.010078014227336306,-0.15989090827571362,0.98708324425045435,-9.3771500825185239,12.358709631302856,-2.3223875701817076,,0.4276627504467422,0.5517241379310345,False,4
-0.97646081890131453,0.21517640364777949,0.01494605177908219,-0.21568279740928989,-0.97332676592364475,-0.078204460475873358,-0.0022803623129519393,-0.079587197775943266,0.99682529958759336,4.1352081165340691,7.2850790168585426,-2.5381822958525571,,0.09479719516947542,0.5416666666666666,False,3
