axis_00,axis_01,axis_02,axis_10,axis_11,axis_12,axis_20,axis_21,axis_22,location_x,location_y,location_z,dbh,dbh_approximation,score,reconstructed,number_clusters
-0.26646580566647921,0.95910136818928549,0.095501518040058575,-0.96150034805948748,-0.27141578686159995,0.043018034866599768,0.067179275762689991,-0.080361907516808495,0.99449932565500554,-7.305232654064274,16.118170577560864,-2.4402965152667746,,0.2454509968786339,0.6363636363636364,False,5
0.9848376231248005,-0.14921165735066311,-0.088491453760021613,0.17046797312673848,0.92699431372294983,0.33409910575064294,0.0321795931601895,-0.34411832795709379,0.93837468537256419,-15.790147186632355,-8.5951993803788245,-1.8555688307254883,,0.3805119060518284,0.2058823529411765,False,2
0.5079981695850323,-0.80625035777169662,-0.30314719245156607,0.86105486326531078,0.46599158057023127,0.20355925251585494,-0.022855680812713813,-0.36443409202579796,0.93094866154043021,-13.19574106070076,11.061652141394889,-2.3162609794829878,,0.2479535055618846,0.3684210526315789,False,2
0.27787924048161072,-0.95756244402328372,-0.076532956989244172,0.96011545750930194,0.27427995812431222,0.05430297250637698,-0.031007030832795844,-0.088570143770233783,0.99558721048005272,1.980793914766191,6.6939034887320146,-2.0950730784291069,0.2704100276547563,0.2014055064031899,0.3565217391304348,True,5
0.66525038992923047,0.74610394412553993,0.027763703991374185,-0.74382873393568327,0.65909199994518142,0.11097995395520925,0.064503746175291615,-0.094480898432299898,0.99343476210608805,18.377184925855456,0.81837513304520071,-2.2434981801846874,0.1952332850512487,0.192202323400741,0.3,True,5
-0.87018188690415732,-0.45230708641883505,-0.19545276482880553,0.48931317615111575,-0.83989006719209347,-0.23485589342609173,-0.057931850901097953,-0.30000495763797819,0.95217694051253299,-16.787787875931905,-0.68514207258918947,-1.8594323862263085,,0.6255716032309722,0.1267605633802817,False,2
0.47405605077053359,0.85449683727300396,0.21238176903463063,-0.87826180346993399,0.44172507752456658,0.18312607802182435,0.062666301100231414,-0.27333882083661226,0.95987437914034668,10.70704773069594,-13.124601640619163,-2.2197145311557454,,0.2001450354338569,0.3043478260869565,False,3
0.32709358877684341,-0.93697710811187862,-0.12281564662284422,0.94247880683078766,0.31398477907948419,0.11466148952993571,-0.068872947199181855,-0.15325618219409493,0.98578347509145747,-10.835437044238891,-2.1816743651152617,-1.6976236844365602,,0.2644511521528805,0.3176470588235294,False,3
-0.61185141678223542,0.7899848672528148,0.039519024445502197,-0.79071598127209153,-0.61216180546660348,-0.0051147716256307527,0.020151445171135075,-0.034377804459000787,0.99920572747462466,3.9429219977572614,9.5720255904231699,-2.1004363393696224,,0.1005803902168494,0.3043478260869565,False,5
0.99856453128727762,-0.034813375028803051,-0.040705107469730349,0.039863266475518112,0.99062368423133029,0.13067377788158804,0.035774248292874303,-0.13210883830784631,0.9905894497722203,-8.1785210480376609,26.002452112647141,-2.8871945600609021,,0.2532868206772855,0.3478260869565217,False,3
-0.98137876035935179,0.18822504486229305,-0.038302234949563002,-0.18864061983509675,-0.98201747983199672,0.0075090513812657092,-0.036200072703990852,0.014594580877976295,0.99923798614005033,-20.585221217133661,1.7527399286129746,-2.0953379205022724,,0.3829280180566609,0.9256756756756757,True,5
0.26202137875983661,-0.96008587302813309,-0.09787703246727894,0.9647407352633538,0.25796650334079635,0.052235973022868108,-0.024902023940176789,-0.10811290194019139,0.99382668994033008,-12.863229067576489,-2.0485465098136393,-1.7543457204927868,,0.1832527823843513,0.3607594936708861,False,3
0.72427058636875741,0.68745466892750418,0.053274720936214985,-0.68730913004912786,0.71361792117388267,0.13548292265291789,0.055120572132071867,-0.13474249793306189,0.98934634066063587,-5.6612216331368082,15.309874446513646,-2.3932890822971369,,0.4484405780532434,0.6206896551724138,False,2
-0.94209418631978958,0.33403457768264289,0.029655438199967542,-0.3337853988922671,-0.9255015788558455,-0.17898082305562174,-0.032339628766944531,-0.1785153451323333,0.98340552162548922,-1.1434101577084828,15.321318386106926,-2.3615284619180286,,0.6629736904300235,0.2972972972972973,False,2
-0.74124030666486951,-0.63683733803433873,-0.21213442120671383,0.66918076611275745,-0.72582754735521471,-0.15928425460495366,-0.05253484596068466,-0.26002418423225615,0.96417193154241754,9.4502279267508307,0.78015415476997263,-2.0326238752935257,,0.4760725434205214,0.1836734693877551,False,2
0.98706733292859827,0.15968611062789831,-0.014086388385886148,-0.15225264802722133,0.96135374629940984,0.229386367608863,0.0501718191211208,-0.22427510015296825,0.97323351155694016,-0.066391804311648969,-10.809478972901157,-1.887541078565435,0.4050442680608848,0.3580373340763496,0.7745098039215687,True,5
-0.7876801834525905,-0.61365031946719806,-0.05471027338534909,0.61363388837406785,-0.78936013528929494,0.019079514013427001,-0.054894258670791785,-0.018543522693177598,0.99831996781147914,-5.7737371558781767,-10.148240207350586,-1.8810202249119481,0.1050884402057596,0.1163950007770812,0.3052631578947368,True,5
-0.98763607427619104,0.15427237909202182,-0.027839142185103055,-0.1543410975624481,-0.98801757107567922,0.00032380385247281901,-0.027455607651875859,0.0046165241257376229,0.99961236352571337,-14.419280792075934,-1.7754962214758807,-1.7980904625590668,0.09559357056915938,0.1203315847940647,0.4747474747474748,True,3
-0.40393519391894905,0.91478677567494227,0.0012305136745814696,-0.91425345001271063,-0.40374492817189578,0.033625319557239131,0.031256811313964787,0.012457448603666089,0.99943375154172676,2.15827497260095,-14.608677332381779,-2.0712973853165204,,0.1005440240670229,0.8235294117647058,False,5
0.73871582885535236,0.65854372071017453,0.14359349606354069,-0.67104705337256465,0.6985995368007073,0.24830332124608484,0.063204243200506799,-0.27978358617874222,0.95798035916526714,-16.023277684624524,-18.012448498531985,-1.6697698073551828,,0.3481125435339917,0.1730769230769231,False,1
0.44247085914979795,0.8851490657162967,0.14398149278572442,-0.89500148107179311,0.42574845344816808,0.13308119050335002,0.056496793559772003,-0.18774819798884634,0.9805910087643086,7.0758302210896646,4.7205270067513343,-2.1655847664482271,,0.1502343528769362,0.3214285714285715,False,5
-0.97902326259622141,-0.19509021074867566,-0.058764453247587931,0.19635285228486607,-0.98039475814584032,-0.016482584741387286,-0.05439677099836137,-0.027675401897656236,0.99813579408553188,6.8182244757694601,14.677906091528309,-2.2936697283528846,0.2968401991411135,0.2472574767088369,0.3448275862068966,True,5
0.25395471788495871,-0.94346166646883423,-0.21304244921568949,0.9661746479775285,0.2372321463830056,0.1011308969999252,-0.044872607116906986,-0.2315188817923084,0.97179496628875839,-25.903388667696568,0.8488014530443827,-2.1846577607816084,,0.315875567168014,0.1739130434782609,False,4
-0.020103827335057001,-0.99037597907834307,-0.13693522626079066,0.9985213454823143,-0.02680793172086075,0.047291198050342535,-0.050507016766675732,-0.13578201228977788,0.98945049719319855,-16.277954322841889,13.798152098134597,-2.5195150816953613,,0.1047503484976998,0.1851851851851852,False,1
-0.99700722878183101,0.069860475742800993,-0.033107396239555234,-0.06592264534249874,-0.99196804277603023,-0.10795187326831857,-0.040383048273013401,-0.10544627086853993,0.99360469673411778,6.3569783503931481,2.4595145871304411,-2.0488528867340072,,0.1268313751164349,0.3,False,5
-0.99060761582228596,0.13228056408863895,-0.034617969889629091,-0.13312475008886063,-0.99082473077815614,0.023327104238933395,-0.031214618188697453,0.027716515704308296,0.99912834128982053,7.3101649846519408,-11.371830299404962,-1.9815705598847724,0.1857783990492747,0.2307002248983008,0.676923076923077,True,5
-0.99700447697476824,0.064409332456745114,-0.042819514064803103,-0.064681078577401546,-0.99789351025787321,0.0049900159603634836,-0.042407911600707213,0.007744680606529622,0.99907036236491864,-4.8890767663474684,6.1880123888759968,-1.946628310159467,,0.08743291885559659,0.3362068965517241,True,5
-0.094083273444176233,-0.97511810584586134,-0.20073120661622804,0.99352937291790866,-0.10484761274035501,0.043661919930243182,-0.0636217164761749,-0.19532449348258149,0.97867288684135778,-4.0599786149716284,13.211890495798713,-2.3065559081758646,,0.2519763917100433,0.203125,False,4
-0.75777026024955174,0.64838825671293365,0.073327356682820477,-0.65115950644829479,-0.75865553951094133,-0.020810322711961933,0.042137036480273796,-0.063517249044064056,0.99709078284303421,-1.3144477220361912,-8.1704652411583254,-1.8161057867661632,,0.1794675787929897,0.1707317073170732,False,4
0.90636447335123005,-0.39980110294018362,-0.13661083242027336,0.42221012757101711,0.86900159019722811,0.25802101544477718,0.015557944054816562,-0.29153955876090154,0.95643224331590049,-0.34312794578046196,-6.6592773094733833,-1.768888580284675,,0.2860500316110349,0.3076923076923077,False,1
-0.99339966211503028,0.10224656735346074,-0.051987986825583574,-0.10193737251425918,-0.99475388922236241,-0.0085715787269708479,-0.052591666589222923,-0.0032154846318593069,0.99861092386572148,-14.627297540427875,8.3985584620576645,-2.2113553548788727,0.2679719631833236,0.2644086692601414,0.7261538461538461,True,4
0.81198865845858603,0.58361854437494443,-0.0079883162366733117,-0.58081381349444461,0.80928813980457137,0.087795334874340075,0.057703835129621128,-0.066649091766715865,0.99610650333084649,9.4209256292763381,2.7266845919753111,-2.1306921705534796,,0.116163249224126,0.3421052631578947,False,5
-0.99599226370154781,-0.080726156934887064,-0.03850582077025469,0.082208698671537253,-0.99586695148518001,-0.038610164495210729,-0.035229824146586056,-0.041620938554276142,0.99851217166565509,-26.956935397676418,7.0997981619800496,-2.4278007200084617,,0.2253070274218248,0.7755102040816326,True,4
0.26740190903064964,0.95530642860358472,0.12603906741731857,-0.96183694309244072,0.2567480950690762,0.094605024079001412,0.058016497217187567,-0.14652659535751147,0.98750394576608302,-7.2988967688020043,14.24122758498074,-2.3782076822063334,,0.08658425564815098,0.25,False,4
-0.04648708980425173,0.99828097920488823,0.035693655448259878,-0.99737546436130009,-0.048371194768253196,0.053874025344045159,0.055507959533841113,-0.033095529523175321,0.99790959127266043,2.4495262827307589,3.5165424670110639,-2.0034471234287166,0.416321314818714,0.3644353570096718,0.6318181818181818,True,5
-0.023902328537741803,0.99931764748056684,0.02815880189887357,-0.99852586704950796,-0.025237450495994778,0.04805376078405265,0.048731627548262733,-0.026968695303413573,0.99844775424161736,-15.046630193082922,5.1190117575698686,-2.0773710300145605,,0.07913254324830585,0.4081632653061225,False,1
0.35882950545946246,0.91629788869598072,0.17787513930565579,-0.93149398718282428,0.33935112955090163,0.13099527745217429,0.059668566716173238,-0.21269459335821433,0.97529517178248248,7.3586013894774389,9.853114783172046,-2.1529760318247066,0.1760409788609312,0.1538284597162646,0.3636363636363636,True,6
-0.86904749561697414,0.48492938649683492,0.097979285941816707,-0.49186604496283493,-0.86817913208797237,-0.065823919813341958,0.053143618379664956,-0.10539679652996142,0.9930091999104228,13.088764528719306,3.97498452432189,-2.2612609455346915,,0.5148183985443444,0.44,False,2
0.998682964953997,0.041448747052196054,-0.03023800387751591,-0.037212782334650453,0.99091320856468845,0.129252550934007,0.035320593732375526,-0.1279570805381133,0.99115056434355897,-24.738722788068788,-13.127350155359316,-1.761315040353943,,0.5137946557376861,1.0,False,2
0.62082636527335733,0.78033286931157042,0.075201311514120489,-0.78306400980921698,0.61271203461028889,0.10674604997483983,0.03722070288136415,-0.12515820275032716,0.991438371035399,11.649030638057042,5.545557985327104,-2.2833935957334246,0.4935877012414895,0.1887166387362905,0.4545454545454545,True,5
-0.99857448406362692,-0.034731578847246439,-0.040530447910641199,0.034078963606902976,-0.99927988535051682,0.016683374159185457,-0.041080701266398539,0.015278356084130838,0.99903901216059909,-16.034146544383038,10.708705662215241,-2.3368997729334628,,0.2370146072388581,0.8227848101265823,True,4
-0.98765491290873297,-0.14656694979652343,-0.05528021558014299,0.14933865285584572,-0.98752842590394219,-0.049855539259781347,-0.047283609955722207,-0.057495541209956612,0.99722541231685913,-12.215410300583214,4.0153669379481398,-1.9565964151584041,,0.5184303230310849,0.3481481481481482,False,1
0.435831542110383,0.88966391862734939,0.13619463570315354,-0.89787140660464071,0.41931042678801583,0.13418533149586861,0.062272017017996749,-0.18076746908523442,0.98155250395331839,6.8345877860249571,1.1987893106299159,-2.0122176587772644,,0.1534557124668625,0.2083333333333333,False,1
0.87747595595410444,0.47946385657954588,-0.012262012734407544,-0.47360033364348514,0.87021653573783997,0.13574205281051233,0.075754014383462062,-0.11330309423092078,0.99066832902969537,1.5086059123941082,-29.222338246975177,-2.0388949586563276,0.5601830340411198,0.4406810096382224,0.4375,True,5
0.29676873667726389,0.95359641963121589,0.050815208328870126,-0.95023984739989886,0.28960851346482025,0.11476559302383915,0.094723541658857019,-0.082345475863721374,0.99209206894339175,-1.0600479243692975,20.960260599174546,-2.5836744632993192,,0.2589275920712054,0.1785714285714286,True,5
0.91245672297652014,-0.40592062274099749,-0.051489578834082284,0.40880401942830485,0.90973116641215435,0.072584285886433036,0.01737821608256877,-0.08727916642556896,0.99603230103940188,-14.828600165313535,18.752620895503245,-2.6507332087925626,,0.2385955755075773,0.6136363636363636,True,3
-0.51495232527305701,-0.84892302774558248,-0.11896972580932028,0.85487665239589006,-0.51882786897652777,0.0018845587472505893,-0.063324654632051849,-0.10073398302731826,0.99289609364685461,-7.5803924573876316,-16.182967859956104,-1.6904544084001523,,0.7246328697954834,0.2790697674418605,False,1
0.12804626556912682,-0.96953342634731043,-0.20882789341714886,0.99134409586615313,0.11896493314271282,0.055535828738470024,-0.029000645943141595,-0.2141314546665046,0.97637425337689365,9.0825055384543614,8.1767767803040385,-2.2128837071456875,,0.2545670532208032,0.3571428571428572,False,4
0.99871408048148669,0.042813349315376906,-0.027151474516452955,-0.040050400225101652,0.99465010614233307,0.095221488083596234,0.031082967841363794,-0.094011613492402099,0.9950857579318112,17.405981118164902,0.47566499257911943,-2.198084261146612,,0.1479691029361737,0.2105263157894737,False,5
-0.9224757297238444,0.38569099083553582,-0.016762686501939114,-0.38560684923376054,-0.9226274454583675,-0.0081212505797009088,-0.018598007809212065,-0.0010278498280737632,0.99982651376639275,-2.2636394330448648,3.6499503884671909,-1.9449730665426526,0.2753075532267599,0.1718875886617539,0.5721040189125296,True,5
-0.74857647148019202,0.66237420056275786,0.029894560962001916,-0.66302987374123257,-0.7474566396081872,-0.041230552170930419,-0.0049651659537610533,-0.050685208241480831,0.99870233643091444,-7.5008169588968343,-12.096782273649159,-1.7927755613694316,,0.09693376256693617,0.5333333333333333,False,5
0.59931761535240025,-0.79824324725953266,-0.060217224553017791,0.8002626168036393,0.59555888052502737,0.069923987117205252,-0.019953447694652179,-0.090096270912465817,0.99573315797595263,3.8003164886346261,-4.5453393898231944,-1.7907114127219605,,0.07578507860918705,0.3278688524590164,False,5
0.94904584400719327,-0.2965877537624263,-0.10652553820954613,0.3125056599564881,0.92932002642598854,0.19673459527688708,0.040647244283406103,-0.21999998364036094,0.97465266055677846,12.413688556068026,-14.794417156721153,-2.4732746582729006,0.5280435002564561,0.3987810670482791,0.7714285714285715,True,5
-0.11621432719545448,-0.967354454237221,-0.22521010195352276,0.99263436861964094,-0.12093314778764561,0.0072238494764618189,-0.034223389510610665,-0.22271177255273181,0.97428344231893083,-7.6250318408889335,-6.3014461925602552,-1.6919549346341596,0.4358573802961506,0.3907613003835069,0.2982456140350877,True,2
0.64278255668934547,0.76361774022133955,0.060979764144865958,-0.76040960500190746,0.62638516796794996,0.17151925247798439,0.09277832417516399,-0.15661918199575114,0.98329172395288167,1.1837246775011281,15.14070747986842,-2.3420322220664334,,0.3382906129074005,0.28125,False,5
0.49663129538751061,0.86769160412966428,-0.021648015258037286,-0.86571835887941362,0.49698566647373604,0.059472434108505848,0.062362485043954502,-0.010794787748971073,0.99799518687045585,-10.651089716326549,-12.379099945910671,-1.7437184799495615,0.5802779531176157,0.4654991169310244,0.8577405857740585,True,5
-0.35676383394309225,0.93305359425834011,0.0461579574052043,-0.93399225896992744,-0.35727923671547224,0.0031634152847182517,0.019442915791614786,-0.041982582740994145,0.9989291445202293,5.9032482858267334,9.8406224086208827,-2.1601900273594361,,0.186311261645672,0.2222222222222222,True,5
-0.63854046722291125,-0.76329075755571152,-0.098251163600104802,0.76686495423639844,-0.64180495175598051,0.0021321035412427206,-0.064685498241516537,-0.073983939686474515,0.99515936562226825,-9.1124038367739146,-11.112504927300259,-1.8024283448256972,,0.07697302882635836,0.4444444444444444,False,4
0.84232044094062719,-0.49822858328858532,-0.20558344672622872,0.53894296768671124,0.78287924873336234,0.31087064751070714,0.006062372029780265,-0.37265045377261397,0.92795198526024891,17.954980287772294,-17.449336833177735,-2.5042489938376278,,0.5247330577057031,0.3333333333333333,False,2
0.97285217181835915,-0.22235363102672909,-0.064167862341910506,0.23115720621704894,0.94701216499754626,0.22301189511007791,0.011180241599799301,-0.23179047028704369,0.97270148559662473,17.796928946300341,-8.9429114342363434,-2.3453708359220355,,0.5804407906789905,0.475,False,2
-0.99620954388161098,-0.075466456709974664,-0.043259202383242747,0.076236400286211536,-0.996954369778421,-0.016431550478026212,-0.041887419956275214,-0.01966719327593329,0.99892874898966344,6.826322381773128,-15.59161535140645,-2.3289315653613163,,0.09792709448662178,0.2631578947368421,False,5
-0.90907894959381919,-0.37715277920371504,-0.17700634040709454,0.41267592326733138,-0.87350435909415725,-0.25824158650178913,-0.05721927787777497,-0.30780824515015703,0.94972629660167196,4.4439046289524988,14.10429866532791,-2.3004657716574073,,0.442064397346754,0.3181818181818182,False,1
-0.95451905956575567,-0.29296101472167546,-0.055382386901908408,0.29351083216124146,-0.95595388676290072,-0.0018862096699851991,-0.052390422118189402,-0.018055753546993084,0.99846343620291311,-3.3727464795729327,20.345950858825422,-2.5679845309072857,0.2534789299297346,0.2596678810012828,0.4482758620689655,True,5
-0.34292504791214623,0.91902033128645466,0.19443261608224777,-0.93878693727868112,-0.34253943121125546,-0.036685480239229878,0.032886135518869805,-0.19511117022765298,0.98022963296516907,-28.90893704843322,8.4555484675767278,-2.5114865289946371,,0.3909795991151898,0.1935483870967742,False,1
-0.70208563530156476,0.70756261622564165,0.080192922525148855,-0.71205614099365677,-0.69872210988201511,-0.069017861711642342,0.007198109225387786,-0.10555831223523474,0.99438706243677,10.607375645650452,9.8819309054888613,-2.1330136900638665,,0.501793166344684,0.5,False,2
-0.30506278770878809,-0.93814354652707377,-0.16377845299351021,0.9513038099095904,-0.30818338736430634,-0.0066378463495216783,-0.044246545705183715,-0.15782802622559267,0.98647481332819298,16.432157348566029,-0.87155558423039015,-2.1797585899413883,0.8339944345081303,0.4810772619463077,0.4905660377358491,True,4
-0.48556634833344348,-0.86893392452588325,-0.095807912899568637,0.87182914587803806,-0.48939830708355581,0.020080772428370849,-0.06433709477195311,-0.073777583531829449,0.99519727009498382,-13.483957637297998,-3.0210925975430913,-1.7290309418727616,,0.08817946470570162,0.4125,False,2
0.61806119974236562,-0.76741520118220075,-0.17051176606765495,0.786019322484797,0.59962330783540085,0.15041779609166417,-0.013190074054724405,-0.22699294635520068,0.97380707753200113,-8.4259653040191296,-18.195318055222955,-1.7620660043131726,,0.1391409148964771,0.3333333333333333,False,2
-0.7414481043487765,0.67100730763103977,0.0019752628556342425,-0.67097788281398563,-0.74143806323314754,0.0076340790892094473,0.0065870579219506689,0.0043349157802683932,0.99996890910323355,4.5713470174454729,19.653086106248811,-2.492141858745279,,0.1244244683721268,0.375,False,4
-0.34407719333141878,0.93639495413497398,0.069104087431440336,-0.93677090591111922,-0.34735217447925065,0.042505725767191548,0.063805602164958189,-0.050109447762821349,0.99670351076800712,-3.4653747772744672,9.3974256895739803,-2.1370791376037013,,0.1544325198059109,0.358974358974359,False,5
0.14769448308676808,-0.97638333240138875,-0.15767665608609122,0.98827645893418381,0.13945933734562535,0.062134804607636561,-0.038677905608272986,-0.16500509518156756,0.98553403704888809,-9.4851999764616188,21.979571139213053,-2.7131328579480618,,0.2311721151007765,0.28125,False,4
0.78534541132586522,-0.59592181672326472,-0.1676596948066249,0.61905719776997126,0.75637808648941252,0.21133001719539207,0.00087795136399706347,-0.26975800012577539,0.9629277494025934,-16.95711598999516,-3.3334433919408895,-1.8295338182218683,,0.2840720668702181,0.358974358974359,False,1
-0.76657288865959095,-0.63925257366082922,-0.061009453694460362,0.64004053227206881,-0.7682976891568456,0.0081717736837335284,-0.052097249648875958,-0.032784263058018501,0.99810373642961847,-12.501840031431879,-20.631801060668245,-1.5993726814512648,,0.1216363979514949,0.25,False,2
0.80277889641841083,-0.59377393107083964,-0.054576205858609068,0.5962765186130824,0.79950050254750227,0.07247937483832953,0.00059734069178207783,-0.090727422574292768,0.99587558358317285,4.9739682944629635,-5.9758411713158921,-1.8897501975410267,0.4893311651709484,0.4385201419312141,0.9839743589743589,True,5
-0.82887460596099849,0.5593981223372525,-0.0063740347156201957,-0.55901877367897046,-0.82864411842322416,-0.029102159319508075,-0.021561499657016515,-0.020558835768458263,0.99955611948723844,1.6445833606319342,-11.559155486993454,-1.9029688671267591,,0.1204414066752101,0.3142857142857143,False,5
-0.27794261562882761,0.94949968575831156,0.14559618526002727,-0.95945885479850779,-0.28178401363953026,0.0060395037819333461,0.046761184396256955,-0.13801491369436653,0.98932566692257351,-6.7400536179958754,9.8219449954610134,-2.1819901635738912,,0.4808507907968559,0.32,False,5
-0.23039266501817596,0.93660466486808103,0.26399038174367551,-0.97231207992304858,-0.23247276342060505,-0.023783050756828496,0.039095257276772807,-0.26216047759900102,0.96423204927212713,-15.220399820720072,14.700448962585064,-2.5137729972829606,,0.2883942201457768,0.3103448275862069,False,1
0.30447888926758715,-0.90216388633962208,-0.30560256572052252,0.9518725707955058,0.27636790079449075,0.13251185749811917,-0.035088672780994173,-0.33124176305990832,0.94289324923208151,-13.307088043615177,2.4136583836412151,-1.917586355521244,,0.1945698727398864,0.2874870734229576,False,1
-0.98947554159306805,0.13843399827621075,-0.042121024564533968,-0.13654519819168182,-0.98961849866257257,-0.044840115472972716,-0.047891141559774052,-0.03861677389551442,0.99810579766576035,-13.671712866862016,-9.2777846985588699,-1.8246021572358568,,0.1183527017154605,0.45,False,2
-0.88718355879830013,-0.45462657494266884,-0.078867042253920369,0.4572156733927355,-0.88918153015178603,-0.017607794891933641,-0.062122145825873651,-0.051680593967435753,0.99672962994242453,-10.230571829011792,17.651684066359799,-2.5328732236190281,,0.1794045174767726,0.5208333333333334,True,5
-0.21723228205105768,-0.9746081153591567,-0.054306142479127739,0.97454510820475237,-0.21970490933816419,0.044627176550807869,-0.055425334541865365,-0.043229322094876801,0.99752657007326895,-2.3562429741657054,8.509084671968262,-2.1051424096346674,,0.06636592767651692,0.1666666666666667,False,4
0.23252558295352274,0.97249303836880363,0.013752948641509638,-0.97087657100424862,0.23125360395407168,0.062613533148070818,0.057710806155828839,-0.027911663914301311,0.99794308548653143,-7.8655898388821486,15.399414145163819,-2.4285231409137422,,0.1345552304202248,0.391304347826087,True,5
-0.52442150855624958,-0.84758458075484633,-0.081132359944832894,0.84947397320185347,-0.52732079813846866,0.018076080970835288,-0.058103788312322921,-0.05944034250606977,0.99653940989130818,-20.017931515439169,-15.592628066271752,-1.641052862917133,,0.2413338048779675,0.78125,True,2
-0.30892744422982088,0.95108518188190394,-0.00090055888031533721,-0.95044733203724696,-0.30868529976845616,0.036922279590214969,0.034838243711624819,0.012262239254082149,0.99931773438860039,-14.344162612723848,12.510937362961641,-2.4077131852612479,,0.07045099543941666,0.4090909090909091,False,1
0.50290682938124087,0.86270341982097942,0.05317452765088182,-0.86206108836395823,0.49616535632319753,0.10329868882721557,0.062732773655044552,-0.097789307257292984,0.99322799522349525,-11.325420219617257,-21.134449756660256,-1.6035380028338608,,0.1657681207580677,0.48,False,2
0.99854513821537738,0.044360512960692752,-0.030655372062596747,-0.038533768631474979,0.98472528716337182,0.16979769579140405,0.037719432942290951,-0.1683693965983083,0.98500202571752749,-13.568740631545603,14.138002105394525,-2.4639821958299746,,0.1667801546208538,0.1904761904761905,False,4
-0.95659677765911033,-0.27339483928471087,-0.10088541433078738,0.28184293850071357,-0.95596598295831359,-0.081814408534372163,-0.074075387204459497,-0.10669724119691751,0.99152838372457963,-31.534072918892857,1.6718700213517419,-2.348590125278041,,0.2883826883462074,0.1818181818181818,False,3
0.79288934410029543,-0.6066862084186222,-0.057081805567427951,0.60934932656654139,0.78869628347195442,0.081557161858584803,-0.0044593973924695433,-0.099448564354449501,0.99503271143351535,-1.7481741831852773,11.546240989392338,-2.2177384745073958,,0.08162852287216152,0.3076923076923077,False,5
-0.89491000923509612,-0.44209764292927445,-0.06071037380234616,0.44268987103280821,-0.8966656219689304,0.004054684208064499,-0.056229471416654839,-0.023247290066829813,0.99814718856927742,5.9820111346464468,-7.2325121236583234,-1.93926501960488,0.2421397344870523,0.180781619654189,0.3513513513513514,True,5
0.95140036811344852,0.30288996733598106,0.055632789259590254,-0.30300004643001344,0.88840463970116446,0.34485963524433116,0.05503009555691675,-0.34495632164761325,0.93700417541137149,22.418799965113486,-4.9315450100124867,-2.4566014877020121,,0.580260672921525,0.2592592592592592,False,2
-0.96987264669331219,0.24278442531740757,-0.020069180835488944,-0.24061638189064902,-0.96756886416473031,-0.076904160256963755,-0.038089446858215338,-0.069758267770003476,0.99683648514476297,-8.8085981884824136,7.6940472610404722,-2.0567324365421307,0.2240604550139352,0.1842095497328971,0.1020408163265306,True,5
-0.17864171848901092,0.98191917239500748,0.062624877631786757,-0.98246584644370782,-0.18146931627805349,0.042775551676442973,0.053366628026709863,-0.053885305350151798,0.99712004135930388,-21.454969049974107,16.227534776043651,-2.7041243048333383,,0.2361279770677329,0.4242424242424243,False,3
-0.22445407018202279,0.97439554948277185,0.013178904616494597,-0.97392985679763711,-0.22476205652326217,0.030702638088084586,0.032878631614737086,-0.0059439966016961165,0.9994416763811389,-14.992319875173941,15.975788673035778,-2.5495823161095439,,0.2323204412003483,0.7301587301587301,False,3
-0.99125437670037919,0.13185198218811556,0.0054603539635575751,-0.1315002821751019,-0.98344830516964199,-0.12464793157861523,-0.011065101003201971,-0.12427584581093558,0.99218600962106163,-5.7425206827575108,7.7294857741393308,-2.0291965370396867,,0.1641123047080978,0.2058823529411765,True,3
-0.65449561888483831,0.75579656367707093,-0.020175212377637829,-0.7559785811306049,-0.65378179205597398,0.03264587642927938,0.011483454720113709,0.036618611524874438,0.99926333243929288,-15.43896708947765,12.938479031878536,-2.4478509534457005,,0.09253048940028538,0.2142857142857143,False,2
-0.36273303997335188,-0.9126497761703638,-0.18840150680893417,0.92971934808483503,-0.3682147727948506,-0.0063099043056963552,-0.063613485271608969,-0.17744933685934897,0.98207181882985384,1.2918452164270118,12.093006023901104,-2.2291343931602441,,0.2857416975934466,0.3157894736842105,False,3
-0.17955425121625215,-0.97195409935841359,-0.15187330117747683,0.98326264901011506,-0.18216335431549679,0.0033279732776466259,-0.030900387243220806,-0.14873379267974149,0.98839436713455475,-2.7832529559813586,16.398334817844955,-2.4008410687689445,,0.1826572453217107,0.2413793103448276,False,5
-0.89363816382244277,-0.44485813948760716,-0.059262702365643127,0.44432196932953355,-0.89558042509435209,0.022664724991624759,-0.063157103568635145,-0.0060776573978363856,0.99798509124604506,8.6211343110300565,-7.5988299605201641,-2.0364962913007365,0.2181254809928253,0.1945949286896368,0.4634146341463415,True,5
-0.97492336621411502,0.21809981227006633,-0.04423688390359317,-0.21855406153098147,-0.97580850191184931,0.0056471041130907729,-0.041935095064279032,0.015173644397900803,0.99900510925502051,4.6651029641790496,15.459484867396252,-2.3211557029584813,0.3894969935557955,0.3223887689821955,0.5625,True,6
0.40923808324141492,0.91214069598805314,0.022881039035032497,-0.91095759101886531,0.40702732550767945,0.066970319210612403,0.051773145452043992,-0.048250461267178552,0.99749257360519039,23.097154557287229,-8.6754265442048872,-2.530315087915457,0.3032529789313016,0.2660147745565847,0.813953488372093,True,5
0.10220356784839964,0.99462921459838827,-0.016344913167463757,-0.99313292326765656,0.10296266140989624,0.055548961081469742,0.056933535292454367,0.010555369381761187,0.99832217081276831,-9.5201776517903998,3.6058576422229183,-1.8681002698900768,0.209909795113513,0.2064926779368256,0.8257059396299903,True,4
-0.98476340802852336,0.17070395883330194,-0.033184162588280081,-0.1714517451273451,-0.98496542987716695,0.021151856648404119,-0.029074547302322028,0.026519057025563404,0.99922540515823499,9.1458555822114764,-22.816604052719754,-2.2455620583890998,0.4184856925385251,0.3644910559174245,0.8666666666666667,True,4
0.93225874146826859,-0.32678853640890015,-0.1552510593449471,0.36125898769675041,0.86411098990471857,0.35043421769885114,0.019636261464913048,-0.38278120329715204,0.92363031979145505,-10.573733987297532,-7.9496750152931606,-1.82664972817424,0.6684342342839192,0.7548967907020053,0.2048192771084337,True,1
-0.19056565085752006,-0.95865254855898496,-0.21135284207838873,0.98004916250967244,-0.1981723652797043,0.015210282822386068,-0.056465669015245433,-0.20423761842718885,0.9772914731244976,-18.383699876437436,-3.7662322750022095,-1.8354004900195371,,0.4468659332308394,0.52,False,1
-0.58153016350804221,-0.8044929327296233,-0.12088751018364119,0.81105332821974097,-0.58490102854673043,-0.0091260938335122749,-0.063365351052377061,-0.10335331631383218,0.99262426138642323,-4.0143645673372195,-16.559962868203609,-1.735403244720265,0.4283701600348594,0.2866200789052835,0.4594594594594595,True,4
0.9550806167353042,0.29621051824745637,-0.0089635046763814515,-0.29155955914914117,0.94463866318797207,0.15050189194557959,0.053047516485398939,-0.14112804430733725,0.98856908514514896,-24.503787416771473,-0.56066194394307012,-2.088131305983151,,0.2356869487432595,0.3043478260869565,False,1
-0.033028903443318901,0.99393611108973523,0.10488135491661479,-0.99776246328631601,-0.038894403470374886,0.054380991490645944,0.058130528934063029,-0.10285053451731152,0.99299678204682451,-6.3777599300579144,-13.042619893897882,-1.7708595863950805,,0.2281898691189964,0.3157894736842105,False,3
0.95548108223263817,0.29437829429657159,-0.019932921075128417,-0.28421477753886681,0.93642424138039138,0.20574644683126578,0.079232958572040629,-0.19092160695479041,0.97840230900878489,-0.10764038022519799,-9.028882135599213,-1.8676488162857017,,0.2591093611403032,0.3214285714285715,False,3
0.28390796080369046,0.93505694153621244,0.21228468121189173,-0.9570293005440873,0.26269365067141526,0.12282900226338912,0.059086273299179717,-0.23803479153659185,0.96945770940549336,-22.50743797830637,-13.4994053230182,-1.7059458244463404,,0.2488818115191678,0.3333333333333333,False,1
0.49398634431523875,0.86240058086681548,0.11064686959261005,-0.86717762264880238,0.47944429052564908,0.13467049810380469,0.063090905899631664,-0.16247587637226246,0.98469341786661069,-12.942990313249201,-11.146510825707603,-1.7598782792588432,,0.1620513922863201,0.4,False,1
-0.44239673711214539,0.88822008458189805,0.12389595771393683,-0.89642000083133178,-0.44208240192960374,-0.031533030518935704,0.02676395154089312,-0.12501292432976063,0.99179406110766699,-20.63360821207592,-9.9994482793044384,-1.8290050002989249,,0.3443732951365078,0.9375,False,1
-0.67820834607051783,-0.72821007163083817,-0.098709325272237747,0.73385319265110416,-0.67819510053624354,-0.038870261697272694,-0.038638464721989702,-0.098800289392503585,0.99435686343479512,-5.6721341482704517,17.394119809502104,-2.466341810006591,,0.1720543263593985,0.3,False,3
0.074665078253547831,-0.97247270298312649,-0.22073053264576639,0.99612095051686755,0.062397924210288926,0.062044749944053956,-0.046563698637079098,-0.22450688409698985,0.97335937914127912,11.880875540592475,8.276778657404229,-2.2540836389169687,,0.7116315830429485,0.32,False,1
0.036928311780626534,-0.99400370612250932,-0.10292197046184953,0.99844013476685511,0.032383825207705857,0.045481701283722933,-0.041875972535308253,-0.10444098850371794,0.99364907429363059,2.207220102419825,16.053037017445757,-2.3483536879353095,,0.4641692165847011,0.1,False,2
0.64385254447268714,-0.72538119879255825,-0.24346666592023708,0.765099668229555,0.6067138191561513,0.21568690113212902,-0.0087406321893938634,-0.32514682542387963,0.94562315076657344,-2.5308667002019556,-12.149499417543439,-1.889778872120049,,0.3719926783736453,0.4943820224719101,False,4
0.9643401617608337,-0.26012056309440285,-0.048839994579640521,0.26301090256148979,0.96245658640836251,0.067101299636834782,0.029551946617424035,-0.077553929201636951,0.99655008429908232,5.1949629650212339,13.452162218523926,-2.2960028232443799,,0.08544187242110654,0.5,False,4
0.9830217790654866,-0.15897378651681038,-0.091627054320393364,0.17457151101296892,0.9640740787355162,0.20021478030583476,0.056506366239332501,-0.21281096285382578,0.97545811015320039,-7.1671083252859811,-8.0840538882774275,-1.8844257802026776,,0.1892108470297318,0.2597402597402597,False,3
-0.32343533769993127,0.94062320455933257,0.10304159049366395,-0.94611362673476285,-0.31961496881464413,-0.052108320030572274,-0.016080660239116376,-0.1143427249725428,0.99331120682902208,4.5301237122962172,-10.107674323675361,-1.9623304027056068,,0.690026788222754,0.3454545454545455,False,2
-0.7447237238900043,0.66649570684860637,0.034205961874817704,-0.66736538379445232,-0.74397960830378507,-0.033433320819660273,0.0031653733252853603,-0.047726462057472739,0.99885542759259627,-1.1408105887811946,4.6586797506584503,-1.9747658367201386,,0.09995613731364497,0.4541062801932367,False,1
-0.99189986819926479,0.12701784702481903,-0.0010573568275511064,-0.12558547300076447,-0.98189478083149784,-0.14181300485864834,-0.019050995707714704,-0.14053151217091647,0.98989290009045916,11.263059911589952,2.4427991803750628,-2.1514871867281067,0.3439521922114113,0.4187492026191524,0.2727272727272727,True,3
0.65523809954181156,0.75336560727891244,0.055707222854051469,-0.75271492162053932,0.64487415629554645,0.13250497844191614,0.063900545213798926,-0.12875396813839513,0.98961565064927914,-16.011306840721833,24.215793424697271,-2.92764943247305,,0.2319633031965311,0.3181818181818182,False,1
0.98975773341895235,0.13994273896867734,-0.028207427165934169,-0.13541357472517465,0.98289093297980645,0.12485422558421591,0.045197266704153277,-0.11975576677567303,0.99177404856471363,10.001147477989573,13.950433758028149,-2.2904735594872498,,0.1131982259819501,0.6363636363636364,False,4
-0.77462179880150961,-0.59775696890173036,-0.20651313505665383,0.62648952908718447,-0.7699199716309636,-0.12138413087340674,-0.086440376940581709,-0.22340511053507758,0.97088527531381297,-8.604760157237699,11.693068567877647,-2.2856465390604255,,0.4448779384564305,0.7370517928286853,False,4
-0.17391150787552181,0.96808348186513393,0.18046927596780335,-0.98393787096165375,-0.1783159374164979,0.0083482064376743798,0.040262308874588225,-0.17611870600011925,0.98354519361386372,10.224262856316512,12.50005714783237,-2.2534690040797298,,0.3481656577295433,0.1428571428571428,False,4
-0.96526574284484112,-0.24264744004106203,-0.096872418838986313,0.25223665695742059,-0.96212295060650266,-0.10342193579304829,-0.068108109481480245,-0.12426442675905319,0.9899089037204899,15.666671310559567,-14.621675241461261,-2.5031703465448185,0.8111766544222151,0.6958269994643898,0.2258064516129032,True,4
-0.98814700447009118,0.15341738629457768,-0.005348190285177204,-0.1516687255337614,-0.9810789855980786,-0.12033545492833739,-0.023708548073441634,-0.11809796611451745,0.99271888022131616,-12.08286224454357,-21.923094237200328,-1.6430400051537788,,0.3924559119996001,0.1153846153846154,False,3
0.4529522905414714,-0.8495707169932728,-0.27030319887261406,0.89145956411123983,0.42765802530425584,0.14969455216359767,-0.011578775748328895,-0.30876886212893595,0.95106662318250301,-0.40503060021180426,-15.155010164702285,-1.8862974160350621,,0.2269995238493708,0.4666666666666667,False,5
-0.47987796617415729,0.8772967350448384,-0.0082204781017219848,-0.87707860650351999,-0.47948991237983601,0.028679991977342886,0.021219226998120021,0.020972901698229476,0.99955484181707532,-2.0441222998563049,-14.073190594660039,-1.8688725058146392,,0.07749643683408995,0.1,False,4
0.9373048353945751,0.34758249409553221,-0.025417618776685739,-0.34428100855849797,0.9347916774052063,0.087379099331038337,0.054131623769207701,-0.073150048887812374,0.99585081094299399,10.325176679126827,6.6151291098925613,-2.2897598541734445,,0.07247064202350728,0.3478260869565217,False,4
-0.64831551657692743,0.75577022581072895,0.092186532333042304,-0.76130021454532681,-0.64514535063925482,-0.064880350506077517,0.010439075573560188,-0.11224456479737459,0.99362577632356974,1.7831449123274115,20.446987532924052,-2.5383251065023247,,0.2248364368939629,0.3636363636363636,False,3
0.96771856666598155,0.25183355536590851,0.010031755664005791,-0.2507077146140137,0.95778906312983303,0.14066183697753026,0.025815064651375799,-0.13863610980058871,0.99000687446926483,0.53740969242849645,-20.937125994298462,-1.9575040085743085,0.2442151204692777,0.2353764664486807,0.3846153846153846,True,5
0.95775322853466871,-0.26463471916740849,-0.11259315539856471,0.28381386927716429,0.93297190660678497,0.22138904464409526,0.046459023206941973,-0.24399157135787974,0.96866385927677168,3.9953177643347679,-16.814685576244809,-2.1259385904669665,,0.4252692889852571,0.25,False,4
-0.92357772717258946,0.38313786730628785,-0.014476066686179661,-0.38297879785372085,-0.92367097099979567,-0.012616565571225404,-0.018205006597970603,-0.0061083523378729267,0.99981561588449086,-15.893699899434905,8.7872730095148359,-2.2437896886018156,,0.1191771290791482,0.3508771929824561,False,1
0.43792775041337451,0.88865934058047946,0.1360289006680114,-0.89331129898033201,0.41313154754901027,0.17696679782894559,0.10106536761894372,-0.19901482562569642,0.9747711991278879,3.730932857499357,17.049029732973693,-2.2978624337442599,,0.1274830267526459,0.4583333333333333,False,2
0.88938537291629027,-0.43387342836288983,-0.14403994794217295,0.45591613461475256,0.86500258063650393,0.20954954948682639,0.033676945236978874,-0.25204044051068725,0.96713053912420976,8.3314865931561037,21.430561656925313,-2.4857537048527059,,0.4739689198489171,0.1,False,2
