axis_00,axis_01,axis_02,axis_10,axis_11,axis_12,axis_20,axis_21,axis_22,location_x,location_y,location_z,dbh,dbh_approximation,score,reconstructed,number_clusters
-0.99932360861568137,0.009366235606763194,0.035561199275220487,-0.014730308911868703,-0.9880046746663308,-0.15371981276608365,0.033694855136864113,-0.1541396654597301,0.98747436436054836,-3.2658945717812156,25.318820202095001,-1.632835609395267,,0.3797419822727711,0.2380952380952381,False,5
0.19238667582722574,-0.98131916413846221,0.00025506614958404478,0.98125240349112275,0.19237660705557152,0.011617301781484769,-0.0114493496341826,-0.0019847297994929833,0.99993248434110693,9.5122825475813553,-16.066282092619215,-1.675620079885962,,0.08732561516438289,0.3333333333333333,False,2
-0.044007369846815601,0.97535447919202811,0.21621052545889624,-0.99895819965887211,-0.045577625299992174,0.0022793433961645813,0.012077530106345885,-0.2158849693518749,0.97634410597620191,20.476945565507052,12.581808965034108,-2.7314099332226114,,0.6198148741918572,0.3421052631578947,False,3
-0.19662538640168833,-0.97993911526647814,-0.032523649751204781,0.98038884593317321,-0.19605013165535209,-0.020051350272238217,0.013272836630039128,-0.035828427940272786,0.99926981119171265,13.169523064104423,-7.1975952376330392,-2.1209473119631816,,0.4051834446838735,0.8671875,False,8
-0.91440189339946831,0.39841568218859036,0.071652784549300352,-0.40196653462488735,-0.91458127378004306,-0.044317024861043747,0.047875697270404603,-0.069325592944275621,0.99644461952172647,-6.5991445451530586,-0.850703698634795,-0.74432841793980364,,0.07409728991127959,0.2261904761904762,False,5
0.74698708063916675,-0.66105987996581306,-0.070782317408798312,0.66255611512795387,0.73137724231483314,0.16157575229750176,-0.055042671308072375,-0.16759225675291506,0.98431861701978207,-14.498406937607388,-6.3974737793084184,0.15396134319286592,0.9072230732110955,0.4000534580061664,0.3863636363636364,True,5
-0.61036035575846004,-0.79152789638287002,0.030721740935638595,0.79162109960570515,-0.61089563890169685,-0.01193955735961523,0.0282182702776482,0.017032545863658533,0.99945666319452875,2.3137355047763286,6.6070564546211044,-1.7166688772225767,,0.06530320749007919,0.2720588235294117,False,5
-0.084957520107359658,0.99435806937099402,0.063515743355472068,-0.99634730514131487,-0.085332905822765329,0.0032160101809959145,0.0086178486206679727,-0.063010515476654497,0.99797565482556683,-8.9573775575931798,-0.36048647128007749,-0.56244224662665576,,0.07274590244553433,0.2815533980582524,False,5
-0.74906493326797607,0.65365214049007059,0.10789163536156171,-0.66135686207981559,-0.74734194893005235,-0.063930527523017519,0.038843618886280296,-0.11924298974019776,0.9921049756299164,2.4505876436534169,17.606698151958017,-2.0651335720081603,0.1704302948768076,0.1882635238350615,0.1304347826086956,True,5
0.99683966672484858,-0.079334254750670602,-0.0040932709473430404,0.078263258066344044,0.97193648077912775,0.22184305210559294,-0.013621353850975369,-0.22146230684664983,0.97507379483064083,-6.7674386334537306,9.2702713093111218,-1.1226401023604551,,0.4019733292717959,0.3815789473684211,False,4
0.99816481356944031,-0.047577989813143942,0.037461177734087879,0.035432797491931838,0.96055033365983167,0.27583976031000723,-0.049107248077857948,-0.2740061886004162,0.96047336599975175,26.769677182906175,20.527948037219531,-3.1451900686313716,,0.2456203334531615,0.4,False,1
0.82783970032367205,0.5362700484590347,0.16460821879164544,-0.55875942123557987,0.81427935622061887,0.15728012974757924,-0.049692451624906271,-0.22217912853974364,0.97373872013637564,5.7879173007339064,5.2503392581723887,-1.8864720374621404,0.3949370031605912,0.5925689864330207,0.3811659192825112,True,5
0.30256482977976562,0.92541056668268462,0.22818809533447088,-0.95312207125134907,0.29286367050118062,0.076086712336085979,0.0035834444156332586,-0.24051227322656105,0.97063948268835221,-13.292521648848165,8.9446054487812123,-0.38632798760143644,0.7629360448368512,0.662100751734495,0.4406779661016949,True,4
0.97405960467945907,-0.22106183544748417,0.04836890985215591,0.21991510706033449,0.97511896869637682,0.027934612493405155,-0.053340718202308665,-0.016572923613671534,0.99843883437322167,4.4372898738973801,9.6687112513746314,-1.989784802124781,0.1807331069620646,0.1822243712200149,0.5514705882352942,True,5
-0.99536002799692158,0.088317181429142466,0.03819018369137165,-0.093475729055856438,-0.98166547309166907,-0.16611799125075877,0.022818911968910137,-0.16891706368547563,0.9853660857023816,-17.783345904605294,3.2246134840740215,0.12219570664467665,,0.1619169633419867,0.3703703703703703,False,6
-0.15925904224384982,0.97771856277271718,0.13675880035018601,-0.98723658199087794,-0.15782162150478871,-0.021360406470057779,0.00069902971217007843,-0.13841512849125137,0.99037405234699583,-7.6714530163845902,-2.8211316936243342,-0.53623572689118015,0.329000193335847,0.2357752930150701,0.35,True,5
-0.63723163586383802,-0.76499417278737947,-0.093379643689889408,0.76753558045161108,-0.61904117863029751,-0.1663645151491778,0.069462039957852301,-0.17768493116008865,0.98163286937812366,-0.78548139894722924,-2.05704960177887,-1.1901552670713358,0.7491855323099506,0.5476423913233517,0.1909650924024641,True,3
0.97129135357669671,-0.23744439468138867,0.014603626314637588,0.23473584671327746,0.96656130644052474,0.10323915516792675,-0.038628858835711655,-0.09684730417711937,0.9945493506803349,-4.1885582289619281,-13.764714232881186,-0.36854681638810005,,0.4894212402703289,0.4583333333333333,False,5
-0.87692114811852862,0.4367266426549905,0.20069663569124074,-0.47853862171638051,-0.83228804919056321,-0.27981670911572576,0.044833999467692877,-0.34141828124731127,0.93884155730445995,-14.726161642073842,-0.92375998921056623,0.0078777412864198433,,0.5134860215193243,0.3235294117647059,False,1
-0.44878179269807356,-0.89075215078099157,-0.071801869207852365,0.89344693708899514,-0.44555752886380029,-0.056842405641186769,0.018640631668400187,-0.089660996825943126,0.99579788737433139,-21.443484418708927,3.6736062725249448,0.3763716709434165,,0.397829931670834,0.7857142857142857,False,1
-0.77340258574105469,-0.62535169947030067,-0.10384455854139496,0.63216695306978044,-0.74869306515034217,-0.19955860703626807,0.047046613220514989,-0.21998624085472285,0.9743678309648196,-3.2711235845064333,11.426269622085345,-1.6604883674070134,0.500571459675298,0.5058922473978984,0.4013157894736842,True,4
0.80588714112750048,0.56164937771897516,0.18733897691947138,-0.59073080508739662,0.78401668239735867,0.19066976069486707,-0.039787330724021311,-0.26432521300573925,0.96361255185023942,10.244682541594081,-12.473534671148068,-1.8472155387114528,,0.4548922871846326,0.4285714285714285,False,4
-0.96015911975358803,-0.27508831438692299,0.049202480036861014,0.27486770916759284,-0.96141531696403848,-0.01132831690491746,0.05042030554227013,0.0026471861853809668,0.99872457924811553,2.0927051708710063,-8.912522323518461,-1.1053230003031322,0.4730422631526264,0.4790230082039508,0.87248322147651,True,5
-0.65304082423754173,-0.75724931614374869,-0.010543010906660301,0.75679361282303514,-0.65200105142208686,-0.046454887092235782,0.02830387728583357,-0.038315821070659666,0.99886474979662321,8.9812538060764382,-11.266948923666764,-1.7745046419392934,0.3549107510049069,0.1344509137518865,0.2727272727272727,True,4
0.61501010083083041,-0.78842442140177449,0.012227330588867415,0.78803043488567281,0.61510087585884243,0.025669947634982222,-0.027759855366152691,-0.0061517684418764262,0.99959569135480353,-12.172937659321088,-7.4758558128087218,0.023420721593602648,,0.07034332898140334,0.2758620689655172,False,3
-0.86217592198699511,0.48864666400284235,0.13370533760761899,-0.50656750332099199,-0.83491644903043438,-0.21518338160170797,0.0064841441232434405,-0.25325670948131385,0.9673773798149744,9.1910443315441839,8.1858581188375314,-2.1613224476863429,,0.4121089362891655,0.6666666666666666,False,3
0.032310009593805943,0.98537370446215211,0.16731624498111999,-0.99944993910299862,0.033105247051211525,-0.0019651576753805158,-0.0074754603242229529,-0.16716071659397796,0.9859013197682247,9.3111876903649069,13.326332147539551,-2.2589521211292265,,0.09406830638757899,0.3157894736842105,False,4
0.99869407092014395,0.0054865909659424332,0.050794192862212102,-0.014294435008134642,0.98451660773445526,0.17470752194121492,-0.049049177737749861,-0.17520544059650178,0.98330932658479198,1.4125988460819028,-1.8258770971079028,-1.3366374748380645,,0.0708998138724456,0.3088235294117647,False,5
-0.93949734120304784,-0.34243874888935327,-0.0089693439836812175,0.33982130892864854,-0.92837507684382903,-0.15046991291694706,0.043199813314680584,-0.14441405732929177,0.98857390020942182,8.1335927173945421,18.671686099914371,-2.262928060700764,,0.1117839715513005,0.32,False,3
-0.93961847722456904,0.33468135353243111,0.071452843581497838,-0.33892777594442003,-0.93896743729148247,-0.058890698753155502,0.047382274655731457,-0.079552142045112392,0.9957039603940937,-12.59881839927489,-14.376888716742855,0.20331410767128064,,0.852806816644303,0.8369565217391305,False,1
0.70228912264889332,0.69739251547915071,0.14294638002660628,-0.71072848087770257,0.69833591767165759,0.084805498400503554,-0.040681871617731333,-0.16115404259076838,0.98609044203781437,19.516550258362724,0.52223254161700572,-2.4669665387345212,0.9693781412037854,0.6566781109047183,0.5853658536585366,True,4
0.83545383811042107,-0.54413888445031,-0.077004927217279306,0.54838393213371939,0.81627587611309238,0.18157300750211758,-0.035943669319180471,-0.19392413079597889,0.98035783473734595,-8.7814500474771648,20.830960254229211,-1.0047793954752584,,0.3354924624379867,0.25,False,6
-0.94817806836483087,-0.31768321984405062,0.0059768303852670429,0.31441942783828414,-0.94081682730952787,-0.12650739444427539,0.045812379001572923,-0.11807230530801865,0.99194765822066733,7.0639610881852537,3.2224172414656005,-1.8878810958373247,,0.4623374484362159,0.2439024390243902,False,3
0.12885137694906765,0.94206028009984455,0.3097091398659898,-0.99165610166117801,0.1236450474412859,0.036470238296416428,-0.0039368383869000144,-0.31182419871049782,0.95013165950939193,21.210886357884942,1.0338541842239883,-2.551465445851699,,0.4879467343720984,0.3333333333333333,False,3
0.7839742767392428,0.59367546406401139,0.18147665629376114,-0.62009964904271531,0.76270606341443736,0.18372774991262425,-0.029338688932615542,-0.25657144073188454,0.96607988134133216,-11.216982411000394,-18.663458659980087,0.16247819259829985,,0.7509645914028086,0.6307692307692307,False,3
-0.95162616413751777,0.27959654461640238,0.12741042330783678,-0.29340305301446651,-0.95002240588638731,-0.10663993996449327,0.091226598153741179,-0.13886396419665081,0.98610065776110656,8.4606535439901549,-3.2145078951683721,-1.8092488775563593,0.3713468896327944,0.1728076334353515,0.2068965517241379,True,5
0.98139162462581764,-0.18638255405753781,0.046173830870818881,0.18145174858243132,0.97884627764417476,0.094526333254396314,-0.062815141890121107,-0.084389029412193894,0.99445097901515056,-10.672203608086418,10.573230050678733,-0.68683113861013867,0.4327328923513459,0.3649176780403364,0.8857142857142857,True,4
0.97330807459933433,0.22103736090923731,0.061756594805876086,-0.2243527783866015,0.97305756584000336,0.053148888904106684,-0.048344831677751179,-0.065585506354743819,0.99667513192927759,12.134267392352628,-3.6651271834994459,-2.0514148259418317,,0.08064268496804156,0.1538461538461539,False,5
0.94552062191641739,-0.32525692958984398,-0.014095505829128566,0.32126389874700728,0.92515002644107547,0.20220518276728322,-0.05272817930352116,-0.19571754732232136,0.97924173766106948,7.9408579070771577,8.3471890924286072,-2.1250470244319728,0.2144394160503602,0.3205462420086723,0.2307692307692308,True,5
0.97369211563537772,0.22118553897111404,0.054777927119972113,-0.22255956293686965,0.97470720830087498,0.020324837801694012,-0.048896880215948638,-0.031981485837486015,0.99829168065689855,-6.0547572254645532,0.98009877083681352,-0.90486539397137877,,0.09114956011365336,0.5414012738853503,False,5
-0.060409794748649312,0.95989118939699736,0.27378743801796768,-0.99815091929014554,-0.059943107116272695,-0.010078007217853823,0.0067378793891036959,-0.27388999329523428,0.96173742391261507,-13.833404690370138,-4.601049145716706,0.075019018145948718,,0.2150354178008504,0.4137931034482759,False,1
0.22336586656903051,-0.96128395552487045,-0.16137176488569988,0.97443869747110912,0.21613713680627314,0.061269592490857769,-0.024019044999238414,-0.17093242800488723,0.98498994438201215,23.89987583669425,-3.4731021622084266,-2.6376046911503566,,0.2853815023619246,0.3333333333333333,False,4
-0.93281370288666321,-0.35929881831916649,-0.027621637556847052,0.36018589231555848,-0.93199810464656851,-0.04056668475545646,-0.011167751954454276,-0.047790083591203208,0.99879496856293226,-12.479258162676134,7.2228023182214871,-0.41830855338034101,,0.1329286301886236,0.4545454545454545,False,2
0.45755392634660264,-0.88505285633178721,-0.085591155990278722,0.8885203458888824,0.45137802533704385,0.082398259595282242,-0.034292848034365747,-0.11375113072745974,0.9929172577974037,-2.0305176247892587,20.808251238765322,-1.9574960095776055,,0.1084920052507208,0.1739130434782609,False,4
0.69006298416423628,0.71680276901090545,0.10003433522869395,-0.72358946026870186,0.68619367165006151,0.074542189231705844,-0.015210880132228988,-0.12382259618383522,0.99218778152116771,-20.191982409502049,3.8659587329474125,0.28762317317063507,,0.1430903325394677,0.3571428571428572,True,5
-0.6291212683391002,0.74267433592537879,0.22943683331409703,-0.77721880622208739,-0.60547295786494049,-0.17127003400768789,0.011719939339274989,-0.28607224271515574,0.95813637597672174,-14.033158700282687,4.951502846513435,-0.21682737645457079,,0.3892933901183187,0.2232142857142857,False,2
0.75266739252826187,0.64704242881101171,0.12176983018405139,-0.65662660298531894,0.75125813107870665,0.066728739985764535,-0.048304249053954411,-0.13018185667163465,0.99031277065221057,-16.195499644552207,10.674960499339731,-0.18299083281876441,0.5304217258944178,0.3651154054788331,0.8863636363636364,True,5
-0.54006644015082095,0.8115603279615583,0.22293064908564869,-0.83973466162114185,-0.53733868413600505,-0.078184631501429389,0.056337716450414327,-0.22942748878439928,0.9716939276826001,19.001617535595468,9.4226440881296725,-2.6018111587526835,0.5606717690638675,0.2013508570243129,0.4444444444444444,True,6
-0.87084287721532694,0.46874177896500652,0.14803319849294319,-0.48890425829909756,-0.85719727633616261,-0.16181920670573413,0.051042231733529529,-0.21329316466915885,0.97565399424441202,-19.190702722930961,-0.51236113736079636,0.32127267054016451,,0.4625591171771823,0.6911764705882353,True,4
0.92167286302683038,-0.38764437599709911,-0.015842074287990199,0.38390771550959418,0.9053744332315018,0.18141665200014756,-0.055982135830379601,-0.17328869959855364,0.98327871280695989,-9.6311705779997006,-4.0357279525632173,-0.25284785056356246,0.4898835417649027,0.2782407450760761,0.2,True,4
-0.80355024302012945,0.58677464581457117,0.10001260906245152,-0.59449921002763606,-0.79950740149906707,-0.085782307177703548,0.029625938277308875,-0.12838781085990109,0.99128143017197412,-17.023653921115844,6.3005615320752373,-0.01779726347595741,0.75165766841642,0.5302318868578053,0.9879032258064516,True,7
-0.28818781230902135,-0.95663352215992581,-0.042427457105453377,0.95756551836572834,-0.28808772084097956,-0.0085873824664038072,-0.0040078514836181939,-0.04310184892257686,0.99906264455535565,-12.770279694011732,21.228485246757458,-0.63180109012977259,,0.1517312402238274,0.4117647058823529,False,4
0.96264483134575984,0.25502660450189946,0.090974500160901611,-0.26930444492134265,0.93666243525462101,0.22391649856250215,-0.028107732546432659,-0.24005189726206111,0.97035305017915174,6.7381607571845166,-8.9887694161534561,-1.6211406599767548,0.5524716618791572,0.4301861524212295,0.3725490196078431,True,5
-0.14842431294108657,-0.98520447234058783,-0.085687636261425781,0.98890239291562299,-0.1472931771425198,-0.019410750964796355,0.0065023544752287592,-0.087617735917827844,0.99613294882706904,-2.8920527503396936,17.452576756745422,-1.8060662383108221,0.519394336365095,0.2449616836818697,0.1212121212121212,True,5
-0.95689150325126315,-0.28913421505472786,0.027569125670285275,0.28690274148101175,-0.95573206030174018,-0.065292004426808548,0.045226849726874449,-0.05456770653121757,0.99748528684272098,6.6943897753405421,11.253477042741276,-2.1159136213363063,0.2110053551810041,0.2482546124204941,0.8059701492537313,True,5
-0.98011130446511852,-0.19843594985542154,-0.0022371107841022975,0.19793332838734642,-0.97669272678902419,-0.083028398460573125,0.014290849281644244,-0.081819870706310568,0.9965446705413723,-18.433160244523766,-16.934485615809908,0.56136355332196652,,0.3705933104079609,0.3548387096774194,False,3
0.6906201681461277,-0.71121018975260919,-0.13123966375251009,0.72319164963438054,0.68066850175327021,0.11697960771032706,0.0061336163001765587,-0.17569990527321325,0.98442466549658636,-0.24169347785924189,6.0260320797255993,-1.4893012951479851,0.8394790319824416,0.8355718921603714,0.4896867838044309,True,2
0.93861669283785032,0.3240075037645897,0.11839696546101726,-0.3370930610958065,0.93438052515717507,0.11533127229013709,-0.073259621123759694,-0.14816265288945876,0.98624583963713752,-8.0996269591331487,-3.7974066422070085,-0.42135201179360787,0.3330872985010386,0.3097342553513562,0.2751677852348993,True,5
0.33065329332280619,0.93673446794715531,0.11487791856811297,-0.94369803007677544,0.32948100921930529,0.029602239662588448,-0.010120654326456079,-0.11819814348621432,0.9929384528924321,17.912024388385834,17.894607314486191,-2.6738963209699493,,0.1085792673797133,0.2380952380952381,False,2
0.36792341928402184,-0.92190277972976564,-0.12135741538482592,0.92956609563143255,0.36140341842841561,0.072762923256216194,-0.023221356439456019,-0.13958092231672248,0.98993834895427946,15.567334624768804,-1.4151384806679359,-2.2562257081911357,,0.0736400378584531,0.4,False,5
0.73504715019360023,-0.67801335582194899,0.0018911158941384357,0.67707209585815298,0.73416812627434724,0.05070048691148385,-0.035764004285229224,-0.035986826615759138,0.99871211282712136,9.256470842592627,4.6808825752619088,-2.0639271861183559,,0.07521877944318026,0.25,False,5
0.34208355507674421,-0.9396650437983064,0.0029063395507385251,0.93928599440675853,0.34203065286730822,0.027510965276975035,-0.026845149605915587,-0.0066811647705413355,0.99961727675143031,19.865729275730562,-11.996479952903375,-2.439829289860926,0.3973670737102106,0.3918110566646623,0.7666666666666667,True,5
0.58185678346987746,0.76019483031341317,0.28904412032568516,-0.81289220885386693,0.55473491941069408,0.1774131505021318,-0.025474306953667807,-0.33819075852419678,0.94073273065948904,-3.2137555517636112,-16.057785805547706,-0.38554447116590945,,0.361489957002752,0.3571428571428572,False,1
-0.20181937622488608,0.96710472704383432,0.15484633127610101,-0.97928482030003283,-0.20190636806975354,-0.015331642534742278,0.016437156388187844,-0.15473288423070061,0.98781959609410375,-15.958843333703047,-7.1682041255294733,0.26380054584857726,,0.1035930917464355,0.3888888888888889,False,2
-0.39532534532604074,0.90648086691684526,0.14835871816826546,-0.91805259170280107,-0.3846599851972598,-0.096000701329801083,-0.029955136631573804,-0.17415261612082725,0.98426295068322822,-4.0063059596928499,-22.191835086323259,-0.20744381390700631,,0.2792529374615267,0.2105263157894737,False,3
-0.98642191248991351,-0.15862341238058963,0.042549072898001847,0.15720374925897798,-0.98694999782621984,-0.034880983497395275,0.047526748033738478,-0.027718492663970286,0.99848529953413712,10.348369064271376,-6.0626275075120031,-1.9276122824309285,,0.07917704046023884,0.2051282051282051,False,5
-0.61228488434598238,-0.78025013243619001,-0.12773782225611319,0.79017425283133325,-0.59835891459700608,-0.13263204546690971,0.027053106362685903,-0.18214373487880392,0.98289968424073082,3.4454596525682533,-3.9200597270132862,-1.4222592107751417,,0.1044120745928378,0.1818181818181818,False,1
-0.8130132788803115,-0.57953615788903623,-0.056100357071047879,0.58157560522170182,-0.80368065768240293,-0.12596513755080094,0.027914579977077764,-0.13503792862153424,0.99044713844723131,-11.43340664662359,-6.2709079939565155,-0.058770638689056763,,0.2157273043533619,0.3095238095238095,False,3
-0.33235068461839617,0.91992291524556646,0.20805012001867201,-0.93993639749977975,-0.34126812177623972,0.0074590692754090806,0.077862642446946337,-0.19307485352944898,0.97808972484417944,-9.9506077819364993,-1.7957058222950548,-0.34285840998140227,0.6653373815722057,0.6154424324659853,0.59375,True,5
-0.76200216518103647,-0.64705400765598486,-0.025957878105528277,0.64662436798825762,-0.75810205352709448,-0.084606165034169484,0.035066037460756046,-0.081255077468004616,0.99607629497065608,3.6865541592268363,6.2356268652781663,-1.8138812655938898,0.1978683220642203,0.1276199199629341,0.3471074380165289,True,5
-0.98006527677372146,0.18896944837428423,0.061340042741813497,-0.19391015146229582,-0.97704127220418091,-0.088256476076858908,0.043253975797818069,-0.098391564632108797,0.99420731921814343,0.088676036350547355,-17.025673041770286,-0.68502334920033081,,0.1289849023197664,0.2307692307692308,False,4
-0.67675419319972607,0.72920122500143547,0.10133772961239701,-0.73535155420483711,-0.67617317822441991,-0.045254002899402589,0.035522580355598493,-0.10514469319130887,0.99382228782543769,-1.374679297412257,21.971634512819222,-1.9902515638608043,0.2036075932686737,0.2076806272162774,0.6716417910447762,True,5
0.99635091366233841,0.060802015832022584,0.059899680424753132,-0.064592925132509277,0.9958875805861479,0.063527008878871971,-0.055790777616476619,-0.067164288911836817,0.99618088087852674,2.5661982024462899,13.562145069958083,-2.0426554636897389,0.2199940924291328,0.1994641964488328,0.6240601503759399,True,5
0.24583581289887385,-0.96642527228038477,-0.074745877439058112,0.96902796008093817,0.24316715832427405,0.043064436532643066,-0.02344281718835068,-0.083017625901264561,0.9962723062054829,-2.2045886875288869,19.018781443226953,-1.9332850403375186,,0.2686303020237475,0.2816901408450704,False,5
0.050314415918459768,0.98801406029295891,0.14593380764649816,-0.9986848907513497,0.04833142748195713,0.017104446863938513,0.00984624475367246,-0.14660248899993888,0.98914648140873107,14.359351514247686,2.4701981521915322,-2.2397785325644062,0.1607441062729325,0.1756982417427891,0.1904761904761905,True,5
-0.48339814973201622,-0.87193518747875987,-0.077815536186825435,0.87510890380387829,-0.47902948649258731,-0.068667004840917908,0.022597241398850321,-0.101290571659103,0.99460021354016115,-15.760840886338515,4.0110453135979327,-0.055252676625456215,,0.4195984088021026,0.2680412371134021,False,2
-0.98747896573546601,0.12924681054843293,0.090446416142775654,-0.14326738439721323,-0.97475383090198597,-0.17125835953285337,0.066028393877147692,-0.18207204921393197,0.98106575727473255,5.826979585638643,-2.3273027913299269,-1.6275845116244079,0.67666876292521,0.4968698003365654,0.3302752293577982,True,5
-0.41205573285063157,0.90098835601247373,0.13575733996683739,-0.91036740087057788,-0.41331050841353711,-0.020139986769967953,0.037964041632576537,-0.1318878537428142,0.99053739231693649,12.139649223798878,-9.7688069753640541,-2.0505674561189484,,0.2242043349974613,0.3103448275862069,False,5
0.02480381144372339,-0.99483601789396758,-0.098417825817986804,0.99964374705350922,0.023711470273734998,0.012253373179662361,-0.0098564656285351979,-0.098686694535449662,0.99506973946903965,7.7856751189894657,6.925501095391307,-2.0743754652147044,0.8102546070193559,0.2546274698937076,0.7160493827160493,True,5
0.99764715173699758,0.034606062422350078,0.059182607873232471,-0.04931478084594413,0.96192280928129537,0.26883556568002237,-0.047625760058742424,-0.27112161372343863,0.9613661412546346,-1.4947504968027387,-5.5482417459163322,-0.9629258758073318,,0.5010914592519626,0.4460431654676259,False,2
0.97574530851080243,0.20857692663123212,0.066458698424117099,-0.21739644791963011,0.95889460161970708,0.18237304465438453,-0.025688077995166043,-0.19239752769111193,0.9809807918543878,8.7815790895020687,-13.456553793532077,-1.6929918335225473,,0.2678410637337771,0.2,False,5
-0.77690810969490542,-0.62955379433728498,0.0087068436196928028,0.62887737656181142,-0.77659369833448155,-0.037622771773325445,0.030447238610819945,-0.023753899526210737,0.99925408076138267,-13.068319556337492,0.24221288464530977,-0.16134077587379017,,0.07263387098416747,0.2941176470588235,False,4
0.030866625584722529,0.98148673777169926,0.18902654576350172,-0.99952094645323564,0.029881044656928452,0.00806230559080812,0.0022647353579366546,-0.189184848094342,0.98193888008637287,-17.893132249185854,-20.575401513518621,0.5833642144031026,,0.2131643022760349,0.2941176470588235,False,1
0.39198870768095528,0.89690237368822201,0.20472172606504119,-0.91802366852591943,0.39581903875926294,0.023660781515160281,-0.059811345719936036,-0.19721414915803642,0.97853420088162679,17.043177388584965,2.8835414132948025,-2.3775823202757063,,0.2385834425147736,0.2222222222222222,False,5
-0.88662939309933597,-0.46107571031264211,0.036020947405577305,0.46099209768963795,-0.88733494946511815,-0.011089333859296901,0.037075668031883002,0.0067732427557208701,0.99928950661085258,-9.2526555152520018,-6.2831670401372701,-0.22548299428836754,0.11616044161067,0.09004326064453207,0.5679012345679012,True,5
-0.31764936699995144,0.89042053087035988,0.32596036238947385,-0.94801445978749777,-0.30517921978586138,-0.090189954233896183,0.019169342147016984,-0.33766391873494578,0.9410715245432788,12.185611848801008,26.895138804084695,-2.2845852784644012,,0.3261794268433914,0.2631578947368421,False,1
0.034851917596636611,0.98256585239720384,0.18261897366592242,-0.99934825613794054,0.03254444307657596,0.015618008160265847,0.0094024887075647452,-0.18304427040416513,0.98305970738216708,13.919442093907831,-3.6411620016769222,-2.1691988785870424,,0.4652170023614193,0.2272727272727273,False,5
-0.87433627892291998,-0.48145993761271261,-0.061093369797272548,0.48525552863330268,-0.8652036933623749,-0.12629188779538122,0.0079462752304023804,-0.14006747469012965,0.99011007430683873,5.6396980043733045,1.6178153612806077,-1.702639148054063,,0.1050250575057164,0.1460674157303371,False,5
0.99875216413615675,-0.017221790613250916,0.046877761907088047,0.0089085314062122122,0.98504248960518581,0.17208117776387621,-0.049140133308008253,-0.17144883668456776,0.98396673912179589,7.236461983742184,-1.9571436612300799,-1.7320719733023697,,0.0795377821133802,0.2291666666666667,False,3
-0.45538980709193005,0.87193683826910284,0.17985069826401762,-0.88966529809616601,-0.45326634950073885,-0.055183999254623167,0.033403307624169515,-0.18513715585898488,0.98214482260011471,12.948494445434568,30.068396635406806,-2.246250195944278,,0.2045594820898538,0.4736842105263158,False,5
0.75068520801247263,-0.65509619536475727,-0.085561050074726447,0.65889743461002503,0.73292325519875545,0.16934483355918309,-0.048227472830306671,-0.18350061800299008,0.98183584883468311,0.25477220243762566,2.0993224909875106,-1.3604752615404787,,0.4743550848331997,0.7229407760381211,False,5
0.45960637833134466,0.8645781142597142,0.20314197335918405,-0.88714864673925387,0.45764108759756467,0.059429904351517605,-0.041584318989942165,-0.20753148986512077,0.97734406691221498,17.305226533246632,-1.2701653765225558,-2.3415684075823617,0.549767317278988,0.3582883999434252,0.4918032786885246,True,5
0.12365640335398163,0.98132165865846432,0.14736653676245273,-0.99232361580349282,0.12202864704695997,0.020071143927843853,0.0017133091493262854,-0.14871722007787261,0.98887828018622681,11.280504920778952,-11.105302636005996,-1.953100022118551,,0.3196985546198494,0.3125,False,5
0.12317860634111578,-0.9923783311114317,-0.0035041233353901718,0.99223178693624148,0.12309693393208615,0.017978482968064834,-0.017410110085057075,-0.0056914670348528831,0.9998322335621197,0.72839387951462309,7.0741907053284176,-1.6220021772981594,,0.3578936104235311,0.535472972972973,True,5
0.94985383946749447,0.30343600356889655,0.075526653487336781,-0.31007408271971931,0.94520951726198466,0.10214221312900752,-0.040394886735630263,-0.12043903111327089,0.99189852954327573,-7.1423478325042833,14.292317033279957,-1.1840254561797043,,0.1581764913490053,0.3777777777777778,False,4
0.67950432901267654,-0.73285895496009079,-0.034519834701740915,0.73355945205504869,0.67782585134568574,0.049423127665021466,-0.012821745346426924,-0.058905580230568189,0.99818121374025615,16.413773901637189,13.902074045718503,-2.5684954057706051,,0.470986347807418,0.7678571428571429,False,5
-0.37399775957260722,-0.92648265535006424,0.041899465034351255,0.92730948830584414,-0.37429459779896335,0.0008166740269921766,0.014926109091941099,0.039159205737689093,0.99912149805384975,-6.0989844450670399,7.0234723775754402,-1.0475848441741182,0.3314704313734833,0.2824247181929668,0.9146341463414634,True,5
0.7991866779115141,0.58748106193997163,0.12714816440137972,-0.59967795956981707,0.79373061611974083,0.10187273354709345,-0.041073089181826991,-0.1576632832845335,0.98663837876346661,13.920001804937051,5.4204544042365024,-2.2997489650619376,0.1094036628252864,0.1757288452252708,0.3684210526315789,True,5
-0.88737508110860108,0.45711036083358886,0.060129721819487524,-0.45882927796435197,-0.88834172409180323,-0.018018738033312137,0.045179188906110862,-0.043578655970417823,0.99802792627941872,-11.457196091010985,-0.42750508576240581,-0.30200593467414522,0.6243408991046256,0.5243165942319549,0.7582938388625592,True,5
-0.54574500202751619,0.8238179187908915,0.15325282849275793,-0.83645337600128711,-0.54651169173949121,-0.040874448841409276,0.050081359187184669,-0.15049587194034211,0.98734130369942541,14.933521870819115,-4.282474272272057,-2.2223014530926575,0.1969729348390512,0.1447909146666967,0.1904761904761905,True,5
-0.99567284779853149,-0.090625744847794149,0.020556131142490539,0.084266389446273876,-0.9737580019271268,-0.21141080694368752,0.039175959036808455,-0.20876380925264482,0.97718110715459183,8.8328615039880685,15.571361020020499,-2.2781549657140321,0.4274625069277616,0.4111037777160883,0.2647058823529412,True,5
0.75150042353320246,0.65584128802916142,0.071549411916986494,-0.65873597461978139,0.75189825065867388,0.026756987837800086,-0.036249540288715611,-0.067240059285187836,0.99707810388965035,2.920609684769345,32.809580617438677,-1.728271553594652,,0.1937687394642475,0.6428571428571429,False,4
0.97174688529155306,-0.23391583224107484,0.031486097775527869,0.23136320091510926,0.97042190351657609,0.068937641659540555,-0.046680404759165253,-0.059705214196331534,0.99712397785294971,-5.2041951786947189,14.892333247995255,-1.4859603914090269,0.3347708649689556,0.2640750624846909,0.8417721518987342,True,5
0.85275365128912839,-0.52157068588869693,0.02784294946040659,0.52019667465008346,0.85288456805535828,0.044534629851624381,-0.046974779361437,-0.023493258493028628,0.99861976593162072,9.556153192018142,3.5769029792423437,-2.0333420504107522,,0.07109151981449965,0.1081081081081081,False,4
0.70675373739951897,-0.70087093896478669,-0.09632798963142121,0.70689112130154086,0.70506655313417665,0.056445533716520752,0.028356609403504415,-0.10798649251694011,0.99374786547545702,2.0360620571968053,-14.04712506794352,-1.0193703667690406,,0.2489873769358698,0.3673469387755102,False,2
0.79272517980234747,-0.60692765342340926,-0.056794478757087652,0.60818574865468367,0.78117667802057189,0.14097195767274157,-0.041193257223449561,-0.14629361307554484,0.98838317181780522,-8.7274156063638753,7.9037724515636691,-0.84897533470169817,,0.2602430262747386,0.1363636363636364,False,1
-0.39977527737662372,0.86341967007512832,0.30771122976875742,-0.91632259200646859,-0.38490838064057875,-0.11044657482780931,0.023078885956458382,-0.32611656173829118,0.9450478047077856,-10.455858947212992,-23.145007819601563,0.17730061758598534,,0.3417133199266286,0.2105263157894737,False,1
0.17826103328056794,-0.98383867630447797,-0.016866031578198735,0.98391356334417701,0.17801825693340065,0.014953262712800633,-0.011709136650860255,-0.019260301291680562,0.99974593618231089,5.0564101703529536,11.204617597681745,-2.052698418876584,0.153816345667321,0.1265973942962849,0.5952380952380952,True,5
0.55228257186037111,-0.82885786546241835,-0.089323007564556856,0.83316548961129866,0.54510084598694608,0.093275584292359687,-0.028622154706786786,-0.125935326915841,0.99162546644110583,5.997098128356102,7.6508895975644622,-2.0252892768253106,,0.2129057957716792,0.2733812949640288,False,5
0.84055414377000337,0.53945666476889431,0.049550360518338311,-0.54155072906105328,0.83909416801518966,0.05141775040137838,-0.013839770392540744,-0.070053437027154497,0.99744723004085001,-18.737049592084752,-5.5390858744233151,0.37455043915099617,,0.0978476215986146,0.28,False,2
0.65074112391644012,-0.75916856445147496,0.014109585134090344,0.75887465195894521,0.65088623192603823,0.021362951652677608,-0.02540181604057723,-0.0031943446607180723,0.99967221823157137,-6.4735802601793964,11.668020998934736,-1.2710551431197334,,0.07093056516254696,0.3809523809523809,False,5
0.97975893200382758,-0.19261455449898399,0.054516681427592563,0.17994266528381539,0.96674175722658062,0.18174435904594186,-0.087710161151810045,-0.16825578215806253,0.98183344789281957,-17.286402615762501,-7.4970506480707568,0.35207284587896798,,0.1569872903155715,0.5,False,3
-0.48124937929577555,-0.87607263436932381,-0.029929487744075597,0.87619839259976662,-0.47974508542001543,-0.046054639515757174,0.02598868471114011,-0.04838793573334231,0.99849045861362629,-12.577747420416618,-16.782168113324719,0.22857800621995866,,0.7171157367799249,0.8163265306122449,False,3
-0.88663938746805226,0.4382811171757634,0.14758136371995492,-0.46044931303525055,-0.8663608810180804,-0.19340437938925126,0.04309323282886364,-0.23943367801698323,0.96995592019205534,-12.1674793511402,-1.6752260603612315,-0.16459793145007467,,0.1373456379413008,0.2894736842105263,False,4
-0.9509980412026855,-0.30804960231689932,0.026611428767679697,0.30614536283628596,-0.95018037511316211,-0.058585591775209431,0.043332925616624517,-0.047567817505250992,0.99792763279472996,13.126678809529894,-4.509725857060821,-2.107540354724831,0.3891218925536828,0.1980132170839846,0.8082191780821918,True,5
-0.53616002819060249,-0.82942225039825246,-0.15681567113956055,0.84403738181349874,-0.52423625239633531,-0.11303649753446904,0.011546526406956494,-0.19296394020060928,0.98113790850735616,-13.866668366867815,7.1983481942755505,-0.29622664789581782,,0.200543521201311,0.3333333333333333,False,4
0.90478898586433343,0.41195623925885821,0.10793029229223439,-0.42389427078495434,0.89553218045814142,0.13540960438453578,-0.040872218612166097,-0.16826815117419858,0.98489354300154375,19.307398866207354,13.268202829113195,-2.6826062641385549,,0.2374699417959164,0.3076923076923077,False,5
0.96730407896304782,-0.25218402558590142,0.026945056332086041,0.24866480152249024,0.9639369184161608,0.094823171209027904,-0.049886223601614675,-0.085022553205873597,0.99512940371648373,2.2823981194922718,18.739324384107022,-2.047852061344003,0.2439392414419882,0.08967569463494696,0.2758620689655172,True,5
0.91597193707965963,0.37169038314559349,0.15113460741874707,-0.40005996478833794,0.87490437040114244,0.27293656264145971,-0.030780433006877252,-0.31046513770480466,0.95008629250918397,-14.619496588526548,0.74024957350056964,-0.069926641311371329,,0.5673234376724351,0.3387096774193548,False,3
-0.90698251314119149,-0.4199182841660048,0.032424612243916726,0.41792665944876539,-0.90686401976342423,-0.054175243243763584,0.052153889385985794,-0.03558488838824235,0.99800485346530876,6.6352888705531665,-10.014047298007595,-1.5689002628557205,0.3013904806107848,0.168073727282847,0.3170731707317073,True,5
0.52062614916934757,0.80636670167314861,0.28057290538087382,-0.85305123605146949,0.50490801649548733,0.13180092393323345,-0.03538363282871803,-0.30796207122202768,0.95074042788580426,9.2966104328439059,-6.2564247887116338,-1.8547917002332464,,0.2885903781682521,0.2682926829268293,False,2
-0.3404387717932344,0.93223872054790002,0.12260673134509942,-0.94006280289529842,-0.34017424639194893,-0.023736231889365925,0.019579817990728575,-0.12333876115352012,0.99217144724314943,-5.4511870276202128,3.7738425008505421,-1.0444043725339589,0.5944849965626579,0.4499024408902521,0.9886602267954641,True,5
0.93753223918156414,-0.34707733121107565,-0.023887793003928834,0.34323382774874744,0.91157273779340686,0.22633091525634547,-0.056778869169298911,-0.22039162840550264,0.97375751095671947,11.816090991849871,10.775812213636694,-2.3073186877830012,,0.2664638587730911,0.103448275862069,False,4
0.0046369542872490418,0.99250134022774439,0.12214576661133142,-0.99996871837521673,0.0038194260899690976,0.0069263450225140882,0.0064078799899503899,-0.12217406283853846,0.99248800367740475,11.741557633203479,-5.2295158942034812,-2.0260479082398186,,0.1027637226106095,0.4,False,5
-0.99506625912085211,-0.086671004990973827,0.048283297868800007,0.086395864975489636,-0.99623066063990517,-0.0077604971563875937,0.048773911821481705,-0.0035507315910804291,0.998803533148936,0.5790591220604262,-13.064154246228586,-0.88826114705031045,0.4169364269788905,0.3721128301461133,0.7861635220125787,True,5
-0.95242457703813221,0.29212855009861993,0.086881156017945244,-0.3000233483920916,-0.94881323820158336,-0.098688547628510509,0.053604248650028184,-0.12005977357427122,0.99131843284383769,-1.7396329627659646,26.753150434800183,-1.757345269758434,,0.1351346840491395,0.3529411764705883,False,5
0.43226896166861822,0.89196572901931181,0.13244124370068358,-0.90133051501547645,0.43183595222498067,0.033481533236721712,-0.027328510385168606,-0.13384636200133829,0.99062520859260184,-7.7635535842141108,-17.411719659051641,-0.064716399576088032,,0.1268880694099216,0.1052631578947368,False,2
-0.83225087538631237,0.54673360778432856,0.091874058024280184,-0.5531724537532493,-0.82994559047487493,-0.072045494376266922,0.036860776271342183,-0.11078212387584727,0.99316091556314801,-2.0861222316306174,28.039464019229506,-1.5730967476342668,0.5798008945343688,0.4948340204268964,0.8615384615384616,True,5
-0.2675125275819682,-0.96076623042308185,-0.073248194962939647,0.96350772600730061,-0.2659774558810159,-0.030147220225146449,0.0094820625893291474,-0.078639960844880535,0.9968579874021013,-19.009187375027675,-18.358585364884377,0.62222706678644846,,0.2234454538957854,0.5454545454545454,False,1
-0.2481605468998232,0.91534961197960751,0.31709845602141096,-0.96794565956505352,-0.24737794654017201,-0.043420636738091808,0.038698101911515834,-0.31770936312036818,0.94739813040458121,25.29080793835179,7.0736718142926005,-2.8124036652230155,,0.4611471199608796,0.4782608695652174,False,3
-0.75062130313244224,0.64901230050034264,0.12389791395744942,-0.65931267682570605,-0.74800900357192035,-0.076087612344360248,0.043294958836759719,-0.13880044803456676,0.98937353015164464,0.57146334048450598,10.101830105272077,-1.883660999533632,0.1392136384942842,0.1707551326261665,0.1604938271604938,True,5
-0.97826357219665039,-0.20556112257385895,0.027294838325662912,0.20183113220408785,-0.9740777028350649,-0.10216076993043517,0.047587575965426218,-0.094431211607911542,0.99439336727876282,13.34461867448038,11.979695452670647,-2.4074718600957525,0.1884722546104346,0.1569791294811619,0.4090909090909091,True,5
-0.9604037845934229,0.27002538014873662,0.068635738607240149,-0.27424055142476844,-0.95966851283837074,-0.061874594308409303,0.049159846347096206,-0.078247297347074737,0.99572118083578465,-13.472686064246622,-1.8781940898704228,-0.063871358249179555,,0.07492038072126347,0.1555555555555556,False,5
