axis_00,axis_01,axis_02,axis_10,axis_11,axis_12,axis_20,axis_21,axis_22,location_x,location_y,location_z,dbh,dbh_approximation,score,reconstructed,number_clusters
0.42566432311842717,0.90440297232997946,0.029413392609986121,-0.90253179019502328,0.42199401055318331,0.085775420398887608,0.065163269650144129,-0.063058058152290861,0.99588022853682789,10.470372624825687,-21.620366784278715,-0.46033176935790399,0.4987446045495881,0.5007451170911259,0.4615384615384616,True,5
-0.99787429570510411,-0.050265433038301333,-0.041476212610536162,0.053265275902975424,-0.99578179048686433,-0.074709009615674921,-0.037545976535739045,-0.076759442261178118,0.99634245501721486,-15.962480027764407,0.51030483718985598,-2.5753925781002933,0.3014857306208823,0.2348188667134117,0.8431372549019608,True,2
0.76535177097182827,-0.63894560171636161,-0.077363975580384325,0.64359468901715011,0.76066854453691568,0.084671374271403324,0.0047479405223273662,-0.11459443005402491,0.99340101351940924,-12.335585405921243,-20.475654305277736,-1.5656706553999473,,0.1356845397514269,0.2857142857142857,True,5
-0.65165466065202382,0.75717053388718436,0.045155131087104061,-0.75829709255326827,-0.64888193514617454,-0.062751523218309596,-0.018213255495862217,-0.075133327185437804,0.99700715166456566,-27.833872884715575,20.929366122391819,-4.7131556486883017,0.3710185222387697,0.3970816236452889,0.8936170212765957,True,4
-0.18422682144380911,-0.9807010469296995,-0.065467051344200361,0.9820016599465935,-0.18647400952091392,0.030003060432750986,-0.041631936333158481,-0.058761384634701333,0.99740357005224645,11.510711840787996,10.14907448310684,-1.2713461743354402,,0.1097529344687009,0.68,False,5
0.24232774743269475,-0.91490195113679829,-0.32284931877003625,0.96976100576566582,0.21846925054974836,0.10878776705400715,-0.028997491625339992,-0.33944897461962054,0.94017739768042063,13.747487320607641,-2.2640913520502535,-0.7336997518759969,,0.355152778604876,0.1935483870967742,False,1
0.91715019400062914,-0.39229494030263712,-0.070286566693490454,0.39854073740258317,0.90237600623094627,0.1639598243756456,-0.00089569817091781322,-0.17838784485395198,0.9839598439637407,3.7343427754877778,26.580279876131986,-2.5328453400010837,0.8507402277367354,0.6384239221809048,0.8955223880597015,True,3
-0.51276833629953245,-0.85791282370084199,-0.03246875757181051,0.8584854642072921,-0.51274877601350766,-0.0095603578091765506,-0.0084463621399641035,-0.03277620518450948,0.9994270255202744,-0.19162941576241796,-4.8784294761308384,-1.3735675063174164,0.2632523474169933,0.3210182499505795,0.1915708812260536,True,3
-0.85694318702431782,0.51528767102173711,-0.011268997541859333,-0.51541055606031205,-0.85671332331673344,0.019855486727793543,0.0005769871784333299,0.022823184365726459,0.99973935070157338,2.6621053148607641,21.875271868584505,-2.3056348440920971,0.2072246875402687,0.2190339767556969,0.78125,True,5
-0.2353628141425487,0.96976200362335874,0.064544574112063061,-0.97125528454255139,-0.23711830398921011,0.020930412357305608,0.035602218569442089,-0.057763017941310217,0.99769530207936952,8.0543113706822336,21.671664596469761,-2.0601356884331521,,0.09382151657190596,0.4090909090909091,False,5
-0.99810472332427214,-0.046960502274839409,-0.039770246464837046,0.049660573457778419,-0.99631912687592794,-0.069871488212533278,-0.036342657052335803,-0.071714075656626658,0.99676291194601185,16.515575126179538,23.92746968851996,-1.8304670026441476,0.3193328911758673,0.2707146382394306,0.8571428571428571,True,5
0.56462444554406133,0.82113858839460641,0.083250550408838539,-0.8243247886211077,0.55602750142565083,0.10640517150549658,0.041083796791772785,-0.12870445333266842,0.99083161300672662,5.9919070259838199,9.6414212626147435,-1.4688101738731985,,0.08866771933173526,0.4117647058823529,False,5
0.99152262996739882,0.12940572016650043,-0.011706145852574731,-0.12811936191668011,0.98870329962805581,0.077789552040474358,0.021640318033594973,-0.075630317286021542,0.99690107420075547,22.762528913360221,4.9890110609864964,-0.795175533884523,0.6289435978428625,0.5967442885977591,0.8888888888888888,True,5
-0.19982534198238533,0.97718762059749675,0.071931820862714407,-0.97918244664151466,-0.20182583311927324,0.021634908709049532,0.035659064636643832,-0.066111173312188326,0.99717488128839549,3.6545455389262078,22.173541836291982,-2.2607886271044064,0.1623866355199471,0.09991738575655858,0.2272727272727273,True,5
-0.4899035652174189,0.87177064751311961,0.0032303129595839704,-0.87153520143977004,-0.48985172869319177,0.021718115655601403,0.020515590135320692,0.0078244508335388579,0.99975891520433668,5.0310944880282866,-9.6021600114557728,-0.92793993252813201,,0.08571496242405766,0.5,False,5
0.66196784557245747,0.71765100583853236,0.2162766867859377,-0.74842034453445005,0.61715973677232139,0.24285972740257883,0.040811264561333424,-0.32263120296410019,0.9456445143704072,9.6908595508527107,13.189465851342902,-1.5108364430186665,,0.3931885555636561,0.4090909090909091,False,4
-0.98969568315356704,-0.14122424521611501,-0.023625564762181465,0.14060812690912297,-0.98972437108192979,0.025981222711531624,-0.027051975792933298,0.022391557552273761,0.9993832141656579,-11.728272785919861,10.264805308856237,-2.7446878975677111,0.1181212694608995,0.09416755777692053,0.4823529411764706,True,5
0.82571652765446379,-0.54372079931409856,-0.15019956175532453,0.5640844432897536,0.79636721236649588,0.21819258444343187,0.00097815987576544382,-0.26489045936170119,0.9642780137192819,-10.599983770289592,-9.252972005805594,-1.8413912599907947,0.5852298870264281,0.3171691565316472,0.2682926829268293,True,4
-0.99733980536920364,-0.06756550628391951,-0.027353518726424265,0.067932333856013799,-0.99760896729935722,-0.012710089723754141,-0.026429351921572246,-0.014534466777574223,0.99954501581094268,-10.741027829206416,-15.8217040406675,-1.6208248847617499,0.3099234518241369,0.2172733778059389,0.5370370370370371,True,5
-0.22015290670066684,-0.97232696543235309,-0.078185484358406845,0.97484016948787333,-0.22217317829245314,0.018047792116598758,-0.034919072497728555,-0.072245076929442209,0.99677545477171403,20.515706585267832,-1.3395206924887726,-0.65691799448792354,,0.2622182327131156,0.5806451612903226,False,5
-0.91896659045229867,-0.37089610369373377,-0.13392716639010835,0.392889257503926,-0.89023316468263025,-0.23048415094570443,-0.033740731623523229,-0.26442577931048133,0.96381563084728694,16.310440895533709,5.1273900434675896,-0.91543889825316005,,0.697618961231169,0.3333333333333333,False,1
0.9840360508156909,0.17786928688242648,-0.0059638476671966239,-0.17573554960512225,0.97643227963294199,0.12528774838667955,0.028108135833707963,-0.12223960109046197,0.99210252122711606,-24.587765262647356,8.9911557093619816,-3.8101478233620023,0.5652512145334484,0.5638521327310084,0.908256880733945,True,5
0.55564441884260873,0.80482661298020497,0.20859866454000095,-0.83046776563766422,0.52525105319601195,0.18556567935172488,0.039781528953102357,-0.27634300091605818,0.96023537520696578,1.1163468070560481,-21.345549212972823,-0.8117663922022218,,0.5152785937190203,0.4,False,2
-0.71656948970587986,-0.69644377778702871,-0.038655281713933093,0.69636620499698465,-0.71746949347736866,0.01765317159671137,-0.040028426908256975,-0.014268507667475143,0.99909665935193204,2.8983410546837831,-6.235114590264546,-1.1083271884363359,0.2081481467864883,0.1926415264410184,0.6074074074074074,True,5
-0.57256588142979592,-0.81825199945314575,-0.051302795376563168,0.81887860301427373,-0.57381948759083923,0.013001122504543949,-0.040076738239435541,-0.034566762242296219,0.99859851491987117,-1.2762836530726125,4.543297936515958,-1.705733703949901,0.2274522437390875,0.1321395457452414,0.5329153605015674,True,5
-0.97766800737024462,-0.19482517243047373,-0.078793524810940666,0.2082152267412925,-0.9488110606509389,-0.23749524319344539,-0.028490116141714393,-0.24859751280710293,0.96818778648997361,-18.206019528758173,16.310497955118127,-3.5351757360552631,,0.2605345380508894,0.1481481481481481,False,1
0.51614498266683373,0.84318397599267758,0.15044979061811092,-0.85550186052963628,0.49904383145607245,0.13810076363284135,0.04136331101573814,-0.19999009204163762,0.97892442996739681,7.6870252712887694,-33.901856010991857,-0.12280275408730332,,0.1408978817316818,0.25,False,1
-0.94137478286875276,-0.3276823128735486,-0.080236026874778099,0.33607061662010523,-0.93165587663596372,-0.13810817562424005,-0.029496759540510918,-0.15697652486762251,0.98716174551949376,-15.473225466428271,-34.333575467989178,-1.1496553926446358,,0.3187949812781077,0.3,False,4
-0.81087096965375205,0.58520948785195193,-0.0042574523883925249,-0.58520987545630287,-0.81077633438122398,0.013081944647631984,0.0042038364860848259,0.013099272323354392,0.99990536393370566,-10.692456356121822,-14.115698646024935,-1.6943626496543156,0.1349618151545562,0.1726191255828776,0.6545454545454545,True,5
-0.27047765710942284,-0.96119103027264019,-0.054347404059585103,0.96194981312183669,-0.27209530542909849,0.02483348139724758,-0.038657393076348322,-0.045562573312576918,0.99821323266808815,-9.5042713431880461,-23.526778395215587,-1.2666641728878576,0.6749103001357322,0.6455280952256561,0.9130434782608695,True,5
0.51670735350546193,-0.85164843173246907,-0.087797833464203751,0.85595019146168805,0.51157472892718958,0.075103704700717366,-0.01904679947081982,-0.11395720885796998,0.99330306250369527,2.0618857638495416,-2.9840512012769862,-1.304317854438992,0.8539126887730069,0.7087835821581938,0.8833333333333333,True,1
-0.82150449665146552,-0.53247994795084785,-0.20394966783911142,0.56064141835294123,-0.81951868950773177,-0.11861836946582807,-0.10397866131386724,-0.21178815495157338,0.9717686017841819,21.261907067545003,-2.7648315367156049,-0.61891626292426249,,0.3955069738740696,0.1666666666666667,False,4
-0.99687464799748726,0.078961418085252894,0.0024557348903607064,-0.07671876100608313,-0.96020991610666762,-0.26853519084119687,-0.018845898481561426,-0.26788432478290403,0.963266744285315,1.1811950505387152,22.694075070757034,-2.4449213253286146,,0.6428825360787731,0.3720930232558139,False,1
-0.19401659360724996,-0.98007488879465143,-0.042553187415175817,0.98034329314604784,-0.19528937716776731,0.028090687940815005,-0.035841163326572487,-0.03626667229809323,0.9986992237364668,-13.508716053059526,-7.121914660764987,-2.1164754139799142,0.4092945777711807,0.3740662720269842,0.9429530201342282,True,5
0.97573685432931156,-0.21003364117770773,-0.061834138444499705,0.21853721224200576,0.95152775703809822,0.2164172230935853,0.01338200168256405,-0.22467932072106697,0.97434086687939336,2.8161987001374205,-8.8569172592242804,-1.1010708918468544,,0.26440760877368,0.2580645161290323,False,1
-0.081411918081438606,0.99358820617402377,0.078451106723784816,-0.99566545309484766,-0.084628245233588389,0.038579341908794362,0.044971158621200207,-0.074970238498814859,0.99617119925828901,7.6541942951186774,8.3195164261453076,-1.3119270433391328,,0.09954411942224217,0.5333333333333333,False,5
0.84082845622880709,-0.53988504075991262,-0.039136299768236266,0.5412932656204873,0.83901798960170249,0.055230550591380684,0.003017911494775186,-0.067623634096268551,0.99770633771757955,-0.22568377355330918,-13.121609162347317,-1.1495695922219711,0.163167840301062,0.1205633929839886,0.4901960784313725,True,5
-0.074449647620504072,0.99717723304444583,0.0097373439400352778,-0.9966559737266929,-0.074733384862922775,0.033042264175281236,0.033676698236043863,-0.0072447970816342695,0.9994065203465331,-19.344995805175589,16.366234488379092,-3.6545866159299027,0.406486344101713,0.2276018290388958,0.7169811320754716,True,4
-0.28525250409650149,0.95198375945587455,0.11116622975947292,-0.95717952013204366,-0.28892665183408112,0.018131632572365393,0.049379906302735713,-0.10123394486143585,0.99363640898536221,14.616191000454553,-1.0627300141687193,-0.74426914659483323,,0.4814957074946074,0.2857142857142857,False,3
-0.96816060803471093,0.2502524890207628,0.0062232458389617426,-0.25031115817905264,-0.96748524442599626,-0.036285340139409622,-0.0030595981632212908,-0.036687784845700608,0.99932209287206109,18.559875062838419,-14.66691467857571,-0.45610471187047769,0.51689776168466,0.4343547793412881,0.5185185185185185,True,5
0.83793847362350105,-0.54155154743308709,-0.067683350200371417,0.54575600117132606,0.83075611146206119,0.10952018286105678,-0.0030824676803744878,-0.12870976940879383,0.99167751494713985,-9.8789499053904439,7.1893547215981712,-2.4385837582660486,0.4858689516353171,0.438280186090547,0.8878357030015798,True,5
0.69881891175532662,0.71202399578075115,0.068366351412912169,-0.71353248071513176,0.68718985934162491,0.13653386459976929,0.050234724420576589,-0.14419405899845758,0.98827351771255012,-4.535532652243158,1.5355675609458885,-1.8282410833556637,,0.2855070855442512,0.3083511777301927,False,4
0.83810213212789719,0.54487673467830577,0.026346918775829346,-0.53978693715671722,0.82135684832993383,0.18439899722202585,0.078834501315371466,-0.16876691532354779,0.98249826956312325,8.1542664393711082,13.14776990708434,-1.5641659568604289,,0.2638641391112458,0.6944444444444444,False,4
0.1287392127375554,-0.98866819015535901,-0.077210264075717905,0.99104761512403838,0.12549003473991455,0.045572752143489804,-0.035367211660962995,-0.082386048308574045,0.99597274028129246,-0.3393854041784084,-9.6309505826310922,-1.3136834181164754,0.155594391346329,0.1458990086443298,0.6571428571428571,True,6
0.56531200331656217,0.82288272717628563,0.057326749612488563,-0.82281786451743533,0.55762958099176174,0.10963581638278264,0.058250328215231073,-0.10914791669047121,0.99231730386250316,13.440382227291934,32.755902964983164,-2.3842118727048445,0.4169390545455246,0.4599665781873264,0.9375,True,5
0.85921283723186925,-0.49303298367493059,-0.13664471209877158,0.51161798951186022,0.8283013790721705,0.22839408537653158,0.00057718610743398742,-0.26614902298474813,0.9639317218664718,2.3634610133376834,-5.2171216104084204,-1.19377069988913,0.1339953779879528,0.1060613039386568,0.3783783783783784,True,5
-0.99844973864847952,0.041856224452265861,-0.036690269382830529,-0.03609749016658978,-0.98868829496546395,-0.14557618830686983,-0.042368509490611946,-0.14402608053017976,0.98866647436365451,14.362704394425565,-4.0223223286781851,-0.69951251702134742,,0.3672779676328229,0.5476190476190477,False,4
-0.39251169960813331,-0.9183297666337169,-0.051039253376183216,0.91884309685607957,-0.39398136721898203,0.022495458301432784,-0.040766763799257977,-0.03806733506203501,0.99844326276990392,-5.8441382675685887,9.9280847478701819,-2.233746126036543,0.7605810394571612,0.5982313959613886,0.9905498281786942,True,5
-0.18486520074939339,-0.95814136890586299,-0.21860918265957047,0.98200293411286688,-0.18884590881574592,-0.0027313215255350826,-0.03866645762941575,-0.21517978509784297,0.97580867240440061,11.553796606361018,-2.9661866190693904,-0.7932869043138574,0.6003650740670697,0.5492256003497047,0.3095238095238095,True,1
-0.91713894959261155,-0.395620053489256,-0.048383059197624291,0.39700560432979981,-0.91752531994131314,-0.023104921495709113,-0.035251911592042197,-0.040398769087071698,0.99856158657608984,6.6662085428916447,4.3233067685444357,-1.1468797048084123,0.4280699171283171,0.4011363168645986,0.9153225806451613,True,5
-0.39321865714478582,-0.91694892719104792,-0.067703416431063174,0.91853348592092043,-0.39504039907466393,0.015469917287847038,-0.04093070870647094,-0.056104795001112061,0.99758554974632119,-25.994114425099056,-23.307316997449117,-2.6510566378151719,,0.3034973585509608,0.88,False,1
-0.92743737098987022,-0.37277499812579362,-0.029978720181379585,0.37254966336243756,-0.92792134890072486,0.012989171751681135,-0.032659932944411663,0.00087808118910536002,0.99946613637155979,-5.6854993460721879,7.5427920726094548,-2.1393119835884651,0.2464050808489854,0.2149499280122272,0.8996655518394648,True,5
0.99946591501845561,0.031257988465961548,-0.00953010353476412,-0.02819509202315798,0.97228816677690943,0.23207920529724888,0.016520336017380902,-0.23168655313301792,0.97265020413055714,1.6087207827431895,-11.434355668504702,-1.1521832691721408,,0.1190170791990557,0.5434782608695652,False,5
-0.21316701825482401,0.97616342843342574,0.040801756303476232,-0.97594756369485347,-0.21470051183304309,0.037815911157998296,0.045674667447368894,-0.031759269634708931,0.99845138767285146,5.36636828200478,-27.592198903414069,-0.4425002277843933,,0.2201063011654124,0.7666666666666667,False,4
0.75129976819989097,-0.64673730227507564,-0.13145158861249739,0.65996106953164757,0.73618172696471951,0.1499594998187482,-0.00021214484629272085,-0.19941746846553488,0.97991460253705964,-4.9453090661133228,-18.207579026478445,-1.2274405781967508,0.2514747486608633,0.2371604353444051,0.4864864864864865,True,5
0.75204977971460785,0.65747944314819351,0.046280780770771926,-0.65797217306998379,0.74478517609720096,0.11120998575409305,0.038649040049844291,-0.11408691118355059,0.99271870557566466,13.48923489586751,28.689600130043384,-2.2068274937482824,0.5636579218392799,0.3423670590721311,0.4,True,5
0.60210434253758394,0.79557912255691909,0.067262325628435149,-0.79762486749205874,0.59561566418019163,0.095060777092680987,0.03556587487548931,-0.11088661025908887,0.99319647009521195,7.8542195787823168,9.7143380906537082,-1.3819412566019218,,0.08630419542816695,0.275,False,5
-0.74667425618777894,-0.65973991657703279,-0.084975276530036642,0.66518002020898237,-0.74124071603470687,-0.089987452498292153,-0.00361882041616861,-0.12371517031990904,0.99231117134269498,21.308984173579585,-18.657188712054268,-0.36790475363832575,,0.6017131274248482,0.3076923076923077,False,4
-0.99047750962357972,-0.13721064171479722,-0.011293481752103367,0.13766788436687566,-0.98790294191592964,-0.071381587036153021,-0.0013625504835256038,-0.072256606300495685,0.99738514441619552,25.474982789676513,-2.8886738502607741,-0.5341281318614195,,0.315099950501163,0.59375,False,4
0.43892837246765176,-0.87043043010769749,-0.22291870757167842,0.89844474741163272,0.42191461838774702,0.12159395807016898,-0.011786419784920087,-0.25365118003520337,0.9672239446867531,-29.351501259243641,14.0061215362641,-4.559807125069181,,0.4331526510973986,0.2142857142857143,False,2
0.81445617263359593,-0.5531776375734927,-0.17508753281614298,0.58021786859200641,0.77497587938312851,0.25051868461433441,-0.0028927194097636121,-0.30562540415180905,0.95214743843139116,-33.87267916549321,27.61539921746165,-5.804124095946233,,0.4016190940120331,0.2777777777777778,False,2
-0.39731918174631981,-0.91458525533349444,-0.075307891638276836,0.91625739174376775,-0.39993342862769815,0.022926943559986035,-0.051086787835445631,-0.059892097915012085,0.99689672319453226,-24.913758984123476,23.664155691299083,-4.4207239796795941,,0.3339914224775585,0.9411764705882353,False,2
-0.92238504164694202,0.38605055398234406,-0.013069227823204703,-0.38623319215625795,-0.92224281589556101,0.017091220138248174,-0.0054549264666480159,0.020812455380188829,0.99976851594671245,-6.532750439175901,0.49815408673688027,-1.8886123489986928,0.3417599904352318,0.3370704365240309,0.9390928725701944,True,5
0.99385449977147877,0.1099648190991135,-0.012687468009121771,-0.10820960510216811,0.98929150979723912,0.097943810456463942,0.02332197778097117,-0.095968990843908059,0.9951110682475528,7.3730269997846767,11.864038259449796,-1.5108254647225832,,0.1563356821256466,0.5671641791044776,True,5
0.45593805255958647,0.88973195821084816,0.022305487362097334,-0.8889327716381662,0.45400883453246266,0.060617700997005711,0.043806617489361196,-0.047465995246743393,0.99791179948900111,-22.991460065950577,5.5696833710690274,-3.4153148648897034,0.8177419009086153,0.7522660322834908,1.0,True,5
0.75550468201978627,-0.65290542892398273,-0.054103385548159716,0.65510475450613181,0.75198460748993201,0.073190919666819676,-0.0071018356530963053,-0.090739467597094045,0.99584934249642088,1.4984180131484779,-8.9229032274454063,-1.2035111033946748,,0.09378713888713557,0.3846153846153846,False,5
0.87272549495867136,-0.48152854570235226,-0.080501367211499308,0.48817763250612234,0.86265487052658318,0.13232223349642558,0.0057279638494279299,-0.15477995358102054,0.98793236428391085,21.039880035632017,6.5736616144372073,-0.87588881757778025,0.2846968291684012,0.2641069551178428,0.5217391304347826,True,4
0.71548220604823676,0.6986197429023383,0.0039582389290324441,-0.69758260154874863,0.71408683077265223,0.058809116075227416,0.038258683260515437,-0.044838074714916513,0.99826139873834219,5.3218495712742389,-8.702427687795824,-0.92462597605804508,0.2697165323025271,0.08535942752351608,0.2307692307692308,True,5
-0.42697292776692064,0.8972512629203232,0.1124023582583088,-0.90424321489069626,-0.42280053483854901,-0.059865817161178288,-0.0061909028648972362,-0.12720015301925636,0.9918577487692456,-10.50867324159322,26.231379996254343,-3.3580732107543816,0.6880069553054579,0.5226039845183952,0.8947368421052632,True,5
-0.70534826566045461,0.69956041600430019,0.1144510746549775,-0.70883527440214777,-0.6974424152091977,-0.10548284803887867,0.0060314088752594277,-0.15552910282983001,0.98781289740513478,3.0508846684176638,-4.4384926660875834,-1.1623826499390595,,0.255047134712378,0.2258064516129032,False,3
0.99782293765912511,0.062214186219099347,-0.021881044637063658,-0.059635145808562683,0.99284472519781308,0.10345530934307384,0.028160867630551069,-0.10192520139776452,0.99439339240278557,10.234087739306563,-28.554589188245835,-0.26712017874946786,,0.111729420553642,0.1538461538461539,False,2
-0.041434142197470492,-0.99637505533402648,-0.074296439810231346,0.99841524821428262,-0.04412359492427901,0.034929937076528882,-0.03808154400194326,-0.072731406414792074,0.9966242714921979,10.230987602799226,17.402448873904635,-1.7271423565135808,,0.1118980726484122,0.2608695652173913,False,5
-0.99711134671965174,-0.073532527655577787,-0.019024447942144727,0.07586839088263235,-0.97610963533301709,-0.20360247315522453,-0.0035985424551882757,-0.20445769045605869,0.97886878758369456,6.3013072501157659,7.582800266620664,-1.3355810544283755,,0.1626846418999793,0.3125,False,5
-0.98242684518727885,-0.18474904398109968,-0.026557194946758352,0.18453823831692115,-0.98277238259528688,0.010202088358313953,-0.027984503823682429,0.0051219875100664072,0.99959523447728049,-18.346242298510294,14.653628230844415,-3.4689386871587709,,0.1176523956588268,0.8076923076923077,False,4
-0.56290731406176242,-0.81812428390619241,-0.11750749703211195,0.82546166282198041,-0.56366833570206698,-0.02985046964509571,-0.041813861181948686,-0.11380098158557908,0.9926232606599622,5.1749316240478107,6.9170446109032069,-1.3495035439909746,0.6118125390090572,0.2386429126982595,0.3414634146341464,True,5
-0.079307755231409677,0.99289328499238749,0.08873108010826633,-0.99513466959080432,-0.084076830646973771,0.051362203289582652,0.058457414744026319,-0.08422595303933858,0.99473047580541107,18.71083318061061,11.509863610716787,-1.1476512293104311,0.5699926144723393,0.2729703042002045,0.5172413793103449,True,5
0.84548495401968449,-0.515474085218666,-0.13943335323483727,0.53399893803343956,0.81587397733022193,0.22179897947132965,-0.00057158156922093063,-0.26198496251377468,0.96507178629942636,9.0692365843972418,15.198768675157064,-1.6574608634135912,,0.4717434944494396,0.3846153846153846,False,1
0.6669514353093916,0.74482113656132287,0.020426881069835406,-0.74398947545801197,0.66420899326291871,0.072842801129363685,0.040687139816586337,-0.063779995297575734,0.99713422810240893,7.4975861733155043,20.37913770086687,-2.0067560108575804,,0.5137017490172119,0.25,False,1
-0.98300497685969912,-0.18090412298801117,-0.031223608936181826,0.18151065530768828,-0.98322778979173486,-0.017804364381599297,-0.027479037079831341,-0.023169196516013034,0.99935383666345456,-8.2729864372176305,-21.624129443937335,-1.2629658853281385,,0.1558113993567148,0.6285714285714286,False,3
-0.79923717377601533,0.58724686053356767,0.12791037818721449,-0.60100209471745147,-0.78234438921435123,-0.16350455287257068,0.0040524313396911159,-0.20755332196400175,0.97821531185212229,15.442736181575462,7.5926021946037041,-1.0267224895404576,,0.5751031006174424,0.1333333333333333,False,3
0.13796035461375439,-0.96224628506681575,-0.2346252915394226,0.98992177579838747,0.12631814966111865,0.064020331663919183,-0.031965893621391295,-0.24109295290676414,0.96997544799014501,8.6354049216108333,6.8456152582957204,-1.1903240036699163,,0.4381777295604697,0.125,False,1
0.54135068818079735,-0.796289945250508,-0.26992916755904639,0.84054425680864153,0.50467104656650363,0.1969580846359911,-0.020610306940589289,-0.33351080619735957,0.94252095859848206,10.631322940619302,29.291684870091835,-2.3907247391295479,,0.5795031077954519,0.125,False,3
-0.1429837356132112,-0.98898228139430788,-0.038336646152237031,0.98901715837778537,-0.14423897769466396,0.032251786740106807,-0.037426084278514252,-0.03330411989091904,0.99874427348239125,2.2831310784837564,-7.4508190537660175,-1.1401543557723002,0.1331600817322918,0.09561708481915,0.3214285714285715,True,3
-0.78425083478747415,-0.60085312423009896,-0.15468080436201162,0.61852044254274496,-0.77674888628268646,-0.11871659452382188,-0.048816905799906371,-0.18877682792529252,0.98080590278942936,8.5054503129747037,5.370756854839275,-1.109649653743402,,0.6985501058293302,0.5353535353535354,False,2
0.21754119785576564,-0.97501395555337489,-0.044984594158884943,0.975603992099628,0.21581556933685639,0.040255318047154057,-0.029541121081427667,-0.052644339752432476,0.99817628486018595,11.940170010841014,21.218540033827651,-1.9220926153415669,,0.08421871260851817,0.2727272727272727,False,2
0.38514769409763511,0.91791776290133986,0.095332231073624485,-0.92254629887709094,0.38028759803415191,0.0654955663354235,0.023865878560342869,-0.11317386328837485,0.99328852631495168,17.558705951469356,0.97782475403609459,-0.75945574771491009,,0.2744338611670482,0.2758620689655172,False,4
0.79600328826771882,0.60519133195816677,0.011055170269125433,-0.60406425763724036,0.79309298377090653,0.078165796474741422,0.038537484507283608,-0.06889826424563196,0.9968790756515008,12.136908004807289,-3.5705491693886837,-0.76715782200641958,,0.8069298970497109,0.4466019417475728,False,1
-0.10827801095867637,-0.9532018965555441,-0.28228003249565281,0.99341638151903888,-0.11443401000517563,0.0053619291076352008,-0.037413437057463098,-0.27984102943823186,0.95931706592267929,-15.395975688004871,-2.7751425652213388,-2.3856773623023479,,0.6445313503899412,0.4189189189189189,False,1
-0.10497704288264582,0.95577437092386708,0.27472745103593288,-0.99393290721331462,-0.10995408213957178,0.0027341871430135653,0.032820670713802097,-0.27277362721848702,0.96151825352822395,-8.2103403619417747,-27.807037686488041,-0.96926118932200478,,0.4809053024852993,0.2592592592592592,False,1
0.91850744424992126,0.3951823489925087,-0.013228223699346479,-0.39321110435453327,0.91642113645031997,0.074547488753089475,0.041582475512712685,-0.063270938920381173,0.99712972376635511,-6.0716074862086717,2.4978282001700323,-1.9299744042177973,,0.3730903798679444,0.251453488372093,False,2
-0.85341988236471344,0.52054421521015859,0.026612485713269993,-0.52122374652463344,-0.85236086469724059,-0.042506027706636314,0.00055717450005351131,-0.050146548672992675,0.99874171496576847,3.3290792750913276,24.037665292551736,-2.3932641870095273,0.1744039062791027,0.1423933234077901,0.3125,True,4
-0.9950776299779901,-0.09463299072545503,-0.029412707861434507,0.095077566539102681,-0.99537000475872295,-0.014099998851862819,-0.02794220210342574,-0.016827082128994763,0.99946789975898453,-14.476459000043031,14.78372564847831,-3.1636890707213263,0.1384633193394159,0.1221149570957342,0.4761904761904762,True,3
-0.97333480657788829,0.22850096426791994,0.020165902722549527,-0.22807452994682745,-0.95461194769810653,-0.19156732002500126,-0.02452270567287046,-0.19105846916757802,0.98127228548748047,-2.6522881893725203,24.23275309394138,-2.7411609817574498,,0.4508142414903887,0.1333333333333333,False,3
0.74455137441979602,0.66095653362612894,0.093700114762599235,-0.66460808158415008,0.72071846230933712,0.19713192531779422,0.062764231395185235,-0.20904869945397009,0.97588897550591036,7.7410009182590382,-20.247700866594357,-0.60221632461392094,,0.2390305077871897,0.24,False,4
-0.87122227533534691,0.48612945003638625,0.068190210197813572,-0.49051763267998533,-0.8567229428182116,-0.15943102357736655,-0.019083998258340049,-0.17234835959829869,0.98485117858194771,-1.5191826298645015,22.393123527042558,-2.5640217327992767,,0.6341575320670383,0.5555555555555556,False,2
0.94408266166399346,0.31681041881917082,0.091318598724740782,-0.3290774861463806,0.92254451226448775,0.20154312442317759,-0.020394510462561292,-0.22032426425225884,0.97521345485216349,16.633054345241426,-5.9190659548376061,-0.61990063987065169,,0.6846368836561749,0.3783783783783784,False,2
0.95812279053294225,-0.279652469695928,-0.061605311900329446,0.28588906776739847,0.92185407743082992,0.26163428837834468,-0.016375566935423941,-0.26829005966886504,0.96319898499241674,-4.6775618290117222,22.97876662332887,-2.7931673040673859,,0.4444168687853627,0.1964285714285714,False,6
0.89832911810542404,0.43458306494839938,0.064361131313755773,-0.43798052165444551,0.87447631180595808,0.20848079705706488,0.034319939033032335,-0.21547329242925792,0.97590645147701771,-3.6348681413536421,-18.025099888259543,-1.1552321862283133,,0.1049414051262939,0.3793103448275862,False,3
0.93222156858592231,0.35988773488352788,0.037996912290420348,-0.36054125994051545,0.91456880361483395,0.18323182948122618,0.031192097456055813,-0.1845121181248944,0.98233514205761618,23.018604649142826,6.6681764523265574,-0.83654563670586435,0.3751120777156376,0.2405724114534431,0.4,True,4
0.80035261196936791,-0.57447243740997211,-0.17151418358275267,0.59831173876686738,0.7471192172312946,0.28954436360852837,-0.03819371371809975,-0.33435653709767021,0.9416724198639761,3.8649094058637661,-10.184405519021187,-1.0082158319839605,,0.3018408772746095,0.2258064516129032,False,3
-0.95780363910695321,-0.28202480236108174,-0.055445466601604404,0.28634244812850773,-0.95299340028711821,-0.099053427043030828,-0.024903640562170239,-0.11075012353216082,0.99353621918094204,22.238523818662699,0.24213406334665183,-0.66270124704067646,,0.4754878650454876,0.3636363636363636,False,2
-0.2945868904683307,0.95016525422169373,0.10200271385617445,-0.95527060469481007,-0.28988993919377115,-0.058496965393474612,-0.026012223476922378,-0.11467263328299661,0.99306271272550117,12.19698983845702,13.33231278225948,-1.4269386841259981,,0.2387080717076314,0.1428571428571428,False,3
-0.23461854177966915,0.96894776544370909,0.078066431292987293,-0.97164793023878815,-0.23616986493661293,0.011139773718508359,0.029230797386645455,-0.073239488921367807,0.99688592012660915,-24.008658737540802,20.705961509707652,-4.2685991564610282,,0.1843877048291405,0.2,False,1
0.37036005749576689,-0.90523687065617842,-0.20827778522046558,0.92849105085704531,0.3673322668317785,0.054510312993118294,0.027162405823356672,-0.21357250232377159,0.97654953277396594,15.473170246776903,-20.423423698011685,-0.37246106333909068,,0.6864767727171525,0.3,False,2
-0.93733145233274073,0.34830599630897419,0.0096271181049329725,-0.34834788456482413,-0.93609668351150943,-0.048751927530751284,-0.0079686753607798796,-0.049050301262728795,0.99876452087518064,20.780869742766981,-2.3745034174200486,-0.62928867221854035,,0.1398653455664298,0.2941176470588235,False,1
0.47354803666532158,-0.83879474749050043,-0.26865522245578605,0.88052123213803812,0.44363481843284758,0.16694462443626884,-0.020847463263707587,-0.31561292663071183,0.94865898183650088,-17.077238356151049,22.009986938438868,-3.7480231587509434,,0.4950315214292207,0.2173913043478261,False,1
-0.15712558669165666,0.98643401486207793,0.04753403338540832,-0.98717935939865331,-0.15824854732680269,0.020840097078028821,0.028079572362620028,-0.043650104146945215,0.99865219472241384,18.389228574272661,3.3647128554464545,-0.82248845818179783,,0.0906265029595168,0.3125,False,2
-0.59458179432363223,-0.79033907058371999,-0.14777226860189721,0.80293781106478557,-0.59325467943251964,-0.057790629810630968,-0.041992397185452834,-0.1530131982551827,0.98733155512134818,7.0580612946868051,28.211215694713168,-2.4913531510213676,,0.4586250050042499,0.1578947368421053,False,2
0.84858794744711319,0.51750903300203921,0.10992222800139034,-0.52804898458430172,0.81568947247461865,0.23625188755556339,0.0326000817020973,-0.25852482522066,0.96545437459138572,-28.443743112940396,18.420410310079706,-4.6652822965163434,,0.3139957967906879,0.1875,False,2
-0.73197681717101604,0.68061129782565766,0.031276195361051765,-0.68127988319925092,-0.73170609473277759,-0.021538609029436377,0.0082255621208504794,-0.037073605206152035,0.99927868381388696,-23.303337250074396,7.8285672930275245,-3.6095988426934471,,0.1252972872254759,0.5416666666666666,False,1
0.067219218306931741,-0.95396558752955241,-0.29228622016715361,0.99717316207082751,0.054375816815359398,0.051855138523879907,-0.033574715722896491,-0.29494563627058334,0.95492398132472778,-1.9464374188169258,0.91960499333345092,-1.6790561001969142,,0.5317922101760197,0.2269155206286837,False,2
0.75861779370579407,0.64389881210471489,0.099465385150265234,-0.65076610651541844,0.74142076737855467,0.16370314691709043,0.031662559652004929,-0.18891682156423326,0.98148250969966422,19.260007270935667,4.7124436549285313,-0.85443802678684899,,0.1817955601418713,0.12,False,2
0.3837984566358259,0.91036364364311428,0.15471516091447135,-0.92251210995650357,0.3705873520799734,0.10787224602256867,0.040867489127151095,-0.18412781107477103,0.98205233950195114,11.674443358360515,-21.322235678789621,-0.44082204731672647,,0.7423939854324882,0.5416666666666666,False,1
0.86231356774350043,-0.49956694304542426,-0.082753732856730239,0.50602755739686689,0.85618744691327731,0.10430324493074457,0.018746254037377071,-0.13181777256641874,0.99109669195048378,26.28721702767842,-13.476374907313943,-0.44264896303807683,,0.1455111967811584,0.1666666666666667,False,2
0.93981134501315211,0.34129303163584007,-0.016543951806848096,-0.34004670238601153,0.93893246716261058,0.052669367798869687,0.03350934169704254,-0.043873553135696332,0.99847495479570259,20.355401088704276,2.2878692520630199,-0.75767685936613827,,0.09655330047912916,0.5652173913043478,False,2
-0.9141983402092082,-0.40469100220844079,-0.021600636339148001,0.404274084116995,-0.90693324061294456,-0.11846755666707769,0.028352419122419693,-0.11703542114603613,0.99272294751711887,-10.280458631990097,-30.182336609660702,-1.0052513330980632,,0.3775292566431224,0.4444444444444444,False,2
-0.8658964632531948,0.48329384377841011,0.12903633399743758,-0.50022213723657827,-0.83604163204678428,-0.22541562257975695,-0.0010622354157224859,-0.2597334211271996,0.96567977176985653,-27.622902588668047,14.898729627702922,-4.4258329117240036,,0.3331564711631904,0.2083333333333333,False,1
-0.99226204803031026,0.12407526247365565,-0.0046213938144361952,-0.1229763038936293,-0.98724101925802998,-0.10115334188759594,-0.017113056984547636,-0.099802300256359916,0.99486011285214548,-16.920762484797326,23.743280166990612,-3.8247532210280921,,0.5286718561908492,0.4117647058823529,False,1
-0.9358186426373144,-0.34835747214268964,-0.053763739591002419,0.35096875906097497,-0.93501622918739091,-0.050651567788091351,-0.032625116944668339,-0.066270074381635097,0.99726820814954231,24.877870064240408,-14.987550765546283,-0.44942137191575232,,0.1187233413007985,0.1333333333333333,False,1
-0.029062661092576055,0.96660730493151403,0.25460887608890026,-0.99939189300203124,-0.033008451838141779,0.011237718143191255,0.019266705271913997,-0.25412744865575615,0.96697881771405991,26.899653716194681,3.3299513090395458,-0.67349045792118434,,0.4801663828970062,0.1739130434782609,False,2
0.7432883065557816,0.66587292217193528,0.064309757079684129,-0.66895152122335699,0.73908629624530975,0.079090511158727395,0.0051337696088745478,-0.10180716193176077,0.99479090576311824,27.171486858267471,-15.961222429965852,-0.47877906177225649,,0.3275887433932763,0.4074074074074074,False,2
-0.53242734573725914,-0.83170518663518245,-0.15744079533372235,0.84589074347593862,-0.52968880075734148,-0.062438965830441277,-0.031463814341286499,-0.1664219242659665,0.9855525209296111,19.724335592699862,-14.622836512042717,-0.45211994636399688,,0.5050854128633288,0.1428571428571428,False,2
-0.99696194198011556,0.077824566191657479,-0.0031973645892145811,-0.07438388603680908,-0.96345757365831308,-0.25732574931106095,-0.023106789939302205,-0.25630614635142157,0.96631942731230658,5.7263882287647663,21.448937902624174,-2.1272075312165666,,0.6158529737586589,0.2857142857142857,False,2
-0.53889078706953231,0.81724323068201477,0.20423080452273262,-0.84218156899771657,-0.52789639978102498,-0.10979797784466018,0.018081052295810425,-0.23116853808997306,0.97274569263771149,22.54599057931938,3.7242811560224731,-0.75532202047624308,,0.3173196917857825,0.1818181818181818,False,1
0.15514067397592474,0.97729085917554193,0.14433969603067309,-0.98715333378581149,0.14771038597656258,0.06090925603070213,0.038205586945557535,-0.15193491516628485,0.98765181854718398,17.424269094477385,9.0355361955841946,-1.0504800489934321,,0.7171011364304076,0.6551724137931034,False,1
0.97565203782320098,0.21902076261601938,0.011532850234511418,-0.2174288023408287,0.95898425478118299,0.18186235177851318,0.028771809190026826,-0.1799419479300923,0.98325636452100129,-3.7938004211680632,-36.291930053691601,-0.42643270307417752,,0.1925186352638426,0.3888888888888889,False,1
0.99942005338671625,-0.021477823301417748,-0.026424609641882275,0.027073678750591215,0.97184607368984677,0.23405602955817828,0.020653639083768216,-0.23463570094907157,0.97186393853910191,-16.740954859832776,2.0011023825607128,-2.7191293197607758,0.44076803597749,0.2912424962705575,0.3103448275862069,True,1
-0.98863588744430653,0.15016005162019783,-0.0071442952505834881,-0.14946534476339932,-0.98692903345750194,-0.060259386268025066,-0.016099464959001487,-0.058506767267218249,0.99815718472191206,-1.8556905809373681,-15.298934115779705,-1.1527895580221421,,0.2580670536645887,0.303030303030303,False,1
-0.83765867552147977,-0.51393120461698028,-0.18493961242670257,0.54491552192342463,-0.80948847515390854,-0.21862177970165952,-0.037349930261264326,-0.28390689585485335,0.95812413454392209,22.110207780707892,-21.176130066171371,-0.29339539111725454,,0.3964123185201093,0.2777777777777778,False,1
0.72150332162744768,0.68734208539627872,0.083629029192348631,-0.69125434373802319,0.70804687756446272,0.14435044660315444,0.040004864002706551,-0.16195825639438638,0.98598637619483143,26.300261030984004,-17.84002858445384,-0.42639872789827804,,0.3356343403865496,0.5,False,1
-0.99475844477253605,0.10164729809078418,-0.011111406057232553,-0.10066411070496467,-0.99258467984895715,-0.068135087474238409,-0.017954758970925501,-0.066659433840881008,0.99761422729946525,0.7230320163891224,-19.996313163884768,-0.87597518838689181,,0.4495386777128814,0.2321428571428572,False,1
0.89681964228724709,0.43675867519856837,0.070401625311963478,-0.44101277507616193,0.87004603696685168,0.22028986762422581,0.034960855644525855,-0.22860829643096436,0.97289053103395728,26.066047395101513,4.1267018428516407,-0.70966761513407928,,0.2555658164019906,0.1666666666666667,False,1
-0.72932328276906055,0.65246805848840406,0.2058469865296424,-0.68411787896455611,-0.69916424154092471,-0.20773081387108214,0.0083831313958013833,-0.29232652292065059,0.95628182410057572,16.492194778407406,2.9080789925310748,-0.82916441325097967,,0.5221873399224308,0.2941176470588235,False,1
-0.75178158218946756,-0.65572405550595836,-0.069644925956736867,0.65822846368667143,-0.75256040216788422,-0.019701032500781042,-0.039493572557887588,-0.060653146000278192,0.9973772874929947,-19.11174195429453,12.608992588503009,-3.472033296040391,,0.3141818849724125,0.375,False,1
