axis_00,axis_01,axis_02,axis_10,axis_11,axis_12,axis_20,axis_21,axis_22,location_x,location_y,location_z,dbh,dbh_approximation,score,reconstructed,number_clusters
-0.94854879646290913,-0.2731160139294751,-0.16019620365052914,0.27105194399288413,-0.96192709277923538,0.035030156079685799,-0.16366436504763499,-0.010193680030461998,0.98646341265198034,-2.2049383058722496,11.425686132443246,-2.6233889858558399,,0.07765825844681043,0.2222222222222222,False,5
-0.97676717686024606,0.18068996782034127,-0.11522594212046776,-0.16282264424430262,-0.9753123906740423,-0.14917951306723753,-0.13933653049275557,-0.12695225924247608,0.98207354874442709,-2.9272272081520834,14.188979331526038,-2.916180900155259,,0.1597881513367632,0.1363636363636364,False,5
0.011255439229967794,0.99184305042038357,-0.12696723364919826,-0.99716292328953726,0.020584390258914849,0.072404332013588535,0.074427276615537816,0.12579207530865483,0.98926080195524613,-12.672642093202347,11.254633584644218,-4.0862163619872014,0.2327034246709651,0.2381141334710213,0.8235294117647058,True,5
0.015044003655694008,0.99456678447008096,-0.1030077141909804,-0.9969289419250531,0.022837922928449512,0.074907369654180836,0.076852864007799795,0.10156446477561645,0.99185598591158441,-10.803476332457864,-12.783064946234814,-1.2157632940758389,0.1512056183422231,0.211718083389029,0.7857142857142857,True,5
-0.21116035118194043,-0.96078785308444081,-0.17971646405966943,0.97194239150043427,-0.22588395332228567,0.065608133915785044,-0.10363056350872424,-0.16082021327210805,0.98152817856135821,-12.637171440282467,8.9659456444629928,-3.8121105240753272,0.6221239886023883,0.3044092315260847,0.6989247311827957,True,5
-0.26827179577042193,-0.93350635992943787,-0.23789938958602605,0.95478466650466265,-0.29049838921321303,0.063221250162491804,-0.12812682857892332,-0.21018221103561399,0.96923008308785363,7.2023442423643305,-6.3415071801420622,0.37369641448210417,,0.1308784738923944,0.2142857142857143,False,5
0.93141464751520886,0.35659719383252231,-0.072836774673839116,-0.32754109148527444,0.90851597541368778,0.25945241530336272,0.15869337661903946,-0.21780074326981519,0.96300532109036752,1.1602117235318488,-10.336462913766223,-0.017814291159704145,0.5359248790915735,0.363346054911037,0.7777777777777778,True,8
0.70616776441658502,0.70020072620023299,-0.10510010241455298,-0.68757286092072845,0.71358927081584411,0.13429040733349759,0.1690285461813115,-0.022567578629052856,0.98535275661595134,2.9085316512927379,19.201110215062108,-2.5284755010297233,,0.4079701772748673,0.8448275862068966,False,5
-0.41895655431594553,-0.84065924293666716,-0.34317261379786534,0.89858737779996789,-0.43815456355143079,-0.02369183187581686,-0.13044588937290047,-0.31829642741350994,0.93897351093708081,-2.4325876371774617,-7.9279628234221873,-0.71616582203871237,,0.07274882670086125,0.32,False,5
-0.18107812852368554,-0.93822633166149227,-0.2948593935206727,0.97956657489328136,-0.19874403943503716,0.030824213548593382,-0.087521635737711018,-0.28325281528356194,0.95504335289647013,20.979659161018272,-3.5881784048890415,1.8994464353443246,0.2272606370649616,0.2764374951618034,0.5135135135135135,True,5
0.13846814525287632,0.98644977305204307,-0.087996693095838296,-0.9865509270482351,0.14518144035445718,0.075097388216068567,0.086855288212624893,0.076414623091264067,0.99328594286203598,-6.9685796267392393,13.217953186868348,-3.4729466907878117,,0.122891211596117,0.3333333333333333,False,5
0.53307149740204895,0.84601487350895455,0.0096753531804246173,-0.83289325022488758,0.52272457232579739,0.18179069067649187,0.14874008332443925,-0.10496597205018782,0.98328964823402831,-7.4165950314604547,-3.0919323770482263,-1.8702428925663066,,0.2633091919193455,0.4977578475336323,False,4
-0.44364253568891582,-0.86432634254354779,-0.23689929107703639,0.88637580657873916,-0.46221016100194667,0.02645177836070197,-0.13236022831424218,-0.19824666618091666,0.97117404686737441,-0.80804892821181906,-6.8714280081320478,-0.64391134191370325,0.502244019487661,0.6374407179188805,0.8776595744680851,True,5
-0.54876093765487233,0.83451065415385939,0.049531822173655787,-0.83578635584097516,-0.54639741801586861,-0.053953952363608518,-0.017961088335834458,-0.071005842641923111,0.9973141779883119,4.2595751713273291,2.740777716814756,-0.92967439234157712,0.2888046619808725,0.1240435798732405,0.2727272727272727,True,5
0.11539153513867652,-0.94765807242133304,-0.29770618299427687,0.98972046496208621,0.084196172433181726,0.11560452319365616,-0.084487838495077072,-0.30798568525547454,0.94763211365178235,6.1999265757456952,-6.5115156212232375,0.27260367519839179,,0.3497475193882748,0.2,False,5
-0.98552009043736588,0.12843089415293638,-0.11070526984477609,-0.11890021005836442,-0.98892760542617986,-0.088797135506274424,-0.12088379292694378,-0.074348481175610659,0.98987848342838358,-12.583910774247393,17.074468383224385,-4.5577664754582567,,0.1804168053426205,0.3,False,4
-0.75677111023200871,0.64199876722331328,-0.12302467070454114,-0.65058946002758045,-0.75801303920000207,0.046363637732591959,-0.063488906269016321,0.11512521568502651,0.9913200005519115,3.471075120512439,-10.550962259954604,0.32620583888499349,0.5548691666650293,0.5362039222036314,0.8823529411764706,True,5
0.072002882013216765,0.99129927494309711,0.11018771473753194,-0.99370287293638027,0.061787679982498879,0.093471294632969021,0.085849783341449382,-0.11622405129606017,0.98950582848235713,-1.7829785575498642,-1.2861845194430672,-1.325512592658022,,0.0838467069107966,0.2695652173913043,False,4
0.93374453122117773,-0.28949563242543019,-0.21050755145871652,0.33761042061431445,0.90768213777675166,0.2492635967277459,0.11891322175086114,-0.30381806326752048,0.9452799744653454,-8.6547723429651864,-15.764820743126245,-0.57920132980132955,,0.6053849433192521,0.875,False,2
-0.05953020698290145,0.99818499433204344,-0.0091033810703258222,-0.99601089923793595,-0.058788340925615384,0.067128381258987319,0.066471370196583446,0.013063233196735552,0.99770281591395582,-4.2837279167157529,-11.076773066285552,-0.5736742265522643,0.1835055423687766,0.1581222705149891,0.3283582089552239,True,5
0.95715566565980237,0.25696037125562832,-0.13350804956822143,-0.24319596147235151,0.96359621508702953,0.11107681393292612,0.15719019059368675,-0.073849183300297952,0.98480330122669657,-10.170362848304245,-9.7466790230173501,-1.4638140944438514,0.3061162590980865,0.6996684001327249,0.8157894736842105,True,5
-0.092711505427498675,0.99196818954173294,-0.086044684313813416,-0.99364018242835017,-0.086627946846359799,0.071935990220050303,0.06390433964232628,0.092166749766286082,0.99369086018358688,5.6568144833226608,6.6502126250809628,-1.1557098736390965,0.1988222367464003,0.1776419432979586,0.3518518518518519,True,5
0.81773853595544976,-0.49051638693547944,-0.30116002550338805,0.57010591001992272,0.76228851138719778,0.3064236883262238,0.07926498706108534,-0.42226756867518733,0.90299898243096199,-23.934484370471868,5.7990144429343244,-4.8747529444028332,,0.3423128040768483,0.2916666666666667,False,1
-0.85016554422966306,-0.4915741541069123,-0.18860911541799016,0.50542945774063364,-0.86231882828987316,-0.030778265461061105,-0.14751139160313148,-0.12149522373680316,0.98156981410211153,10.715034014753826,-6.1068887990485763,0.80561333638404697,0.7645143176325592,0.8268732925911004,0.3787878787878788,True,5
-0.41896176956104958,0.90785128998114561,0.016645447601183277,-0.90798422988968608,-0.41900288874084951,-0.0011034031251898196,0.0059727646787074429,-0.015576087647198117,0.99986084610594639,8.7876911122077441,-5.2738326836232163,0.46487183519466124,,0.2703474623452741,0.1111111111111111,False,1
-0.0074599297389623138,0.99689998320381057,-0.078324791327719509,-0.99711896563530356,-0.0015030461254821638,0.075838705307552476,0.075485878273163567,0.078664886325384917,0.99403909271252633,18.205558185000591,11.817939491968238,0.18803531052716274,0.2516035030450064,0.2052705052214354,0.2857142857142857,True,5
0.98566752311952144,0.11468608051130322,-0.12371999355149534,-0.070548205169126868,0.94638869481219745,0.31523227797781056,0.15323995763129794,-0.30198599515311914,0.94091549786180984,6.5557774057926279,-2.3145955178188253,-0.11904497776581931,0.1766955669820975,0.130643678894606,0.1071428571428571,True,5
0.89264535195923078,0.43899591059177917,-0.10230770307888744,-0.41653791603052165,0.89009506769487823,0.18500522958609036,0.1722801211240966,-0.12252902084382462,0.97739766672348982,-9.755596604070055,-21.799871663432629,-0.029507104991633091,0.2787069342679835,0.3014913012935725,0.4814814814814815,True,5
0.23955284340777855,-0.93626190653014019,-0.25695929170939691,0.97015520477049066,0.22058896322177446,0.10069452796189765,-0.037594066978381496,-0.27341205475488695,0.96116207501270812,-3.3014293264623236,-5.6652248545364374,-1.10287732588577,0.5082970686698303,0.5763175068739207,0.7380952380952381,True,3
-0.14302076771509672,-0.94448347556146084,-0.29579726907719911,0.98509129885230418,-0.16471562899883588,0.049637631782740915,-0.095604356216991912,-0.28428810378709557,0.95396020939946591,-7.6210584995825927,2.357484539877154,-2.4729749500793106,,0.1036518319011742,0.2090395480225989,True,4
0.63601160867455087,0.76691197858508653,-0.08564607833355771,-0.74321876674178222,0.63863412423535337,0.19942998802829892,0.207641754938727,-0.063186014788488037,0.97616209163289824,-19.732169756002204,3.1162367413483132,-4.0559866111548839,,0.2694216293169517,0.1428571428571428,False,2
0.9181249227145778,-0.33200968600449809,-0.21637050327977564,0.37981960631076944,0.8930020585005366,0.24142160254570033,0.11306499437173621,-0.30383694955188845,0.9459912341743556,7.8842355947701845,9.0333203856180457,-1.1157166002607657,,0.2430912817282026,0.1764705882352941,False,5
-0.71741014561904304,0.68798563581824035,-0.10953742680305853,-0.69478534931800262,-0.71808876637936214,0.040272099185750816,-0.050950969921333925,0.10499661188599221,0.99316650676336149,-6.3175831946853096,-3.6882884467379067,-1.6815987037343632,0.4243508943870876,0.3466383085855541,0.8215767634854771,True,5
0.82724725137962674,0.55744443330231019,-0.070126235212783064,-0.53962545467456446,0.82307724014371619,0.17705430077993761,0.15641724250261579,-0.10862578210383161,0.98169959035858223,-14.568954477011669,-11.258457644931891,-1.8131967554868689,,0.1748245777947449,0.4509803921568628,False,2
-0.30492021082315313,-0.93393975507511617,-0.18649450104975493,0.94387093437726233,-0.32246054153052789,0.071602083724102455,-0.12700915033712573,-0.15419381649752301,0.97984332558045784,-23.916793472142626,8.1398206025356838,-5.1252261278143996,,0.1389282983807047,0.5,False,2
0.59178646470366492,0.80276770867982694,-0.073162737062515068,-0.79107128063179455,0.59580138449686626,0.13866123896457166,0.15490322512172186,-0.024180904295702937,0.98763367435215144,-9.0366450088959009,-5.4209526164724489,-1.8012927906855614,,0.1015336084364915,0.2727272727272727,False,3
0.98768275933912031,-0.0084025788995674353,-0.15624392331255033,0.063468888403359097,0.93423268599531828,0.35097149260704247,0.1430191144886008,-0.35656512039992067,0.92325881951113087,-4.2327945343484012,-18.662111490356594,0.27034044521342854,,0.2702431591568589,0.1538461538461539,False,1
-0.26477830355356535,0.96401715602311699,-0.023735476831078489,-0.96411293624845129,-0.26414746063441918,0.026690170452409949,0.019460116281428012,0.029950658314812806,0.99936192740209173,-15.140316050506463,-13.398093540193505,-1.6000879309681426,,0.3199232492869699,0.2727272727272727,False,2
-0.8832830947782141,0.45558057088397591,-0.11071277212702846,-0.45893833606989981,-0.88845095461401657,0.0055231269073129086,-0.095846638774724269,0.055688820049208637,0.99383709789739405,14.951991811696983,-12.798006559618319,2.0306659848127717,0.4459170461133107,0.3791668068976939,0.9333333333333333,True,5
-0.93685810999430985,-0.19356936957506646,-0.29125209166665655,0.21523114291818762,-0.97557375907746413,-0.043947647463748976,-0.27563097949254911,-0.10385923050831111,0.95563634473695103,-5.602007915535701,-11.322170286840899,-0.67486610536658465,0.7849670698043932,0.3836236784644138,0.2903225806451613,True,2
-0.54106325998249294,0.83586953844212242,-0.092588678582594494,-0.84049616419321582,-0.54120486208623397,0.025758401167609662,-0.028578780128062753,0.091757353704072994,0.99537120782531063,-0.31607796595794091,-4.5624814660069637,-0.76365771178714292,0.4574123281259893,0.342034206898665,0.463768115942029,True,5
-0.42890256780796843,-0.8480815148383688,-0.31112751648992587,0.89415129690809936,-0.44758835044631023,-0.012574847208418574,-0.12859255641480644,-0.28358845663074683,0.95028497920386812,-5.4563499134114295,-15.130756949595673,-0.2884877113148322,,0.4689441147072239,0.5833333333333334,False,5
-0.57825358757138123,0.81565792574004525,-0.018025998953571626,-0.81584666574717357,-0.57799336149848268,0.017829527556952475,0.0041238877344858677,0.025016439417544098,0.99967853398421125,-0.40208749776771746,12.388630770919093,-2.4836733360254124,0.5652301032392626,0.2690306117714618,0.25,True,5
0.014437644494753859,0.9996674350296455,-0.021367586730646898,-0.99622909318419439,0.016209837233554531,0.085234001843501578,0.085552021103183024,0.020056433334725399,0.99613181415264973,-13.688345706198406,6.3344245929857736,-3.6839742341172097,0.4693327231395083,0.250208312386659,0.3650793650793651,True,5
0.72137983687025575,0.68993185215629749,-0.060043070684500002,-0.66796932187023339,0.71605547429991123,0.20268582280304992,0.18283357458974414,-0.10610653658144578,0.97740129266203979,-8.5509884200626569,10.823212826292687,-3.474316937808819,,0.3534708461240058,0.2083333333333333,False,5
0.9691258217399692,0.21895301169235437,-0.11337865896048158,-0.1882168778187843,0.9539751967691148,0.23346462441551427,0.15927821113064505,-0.20491681878307605,0.96573264873817188,5.9795357153843414,4.4473983277965949,-0.86636331471437844,0.9147679079579317,0.9388822995560153,0.6741573033707865,True,1
0.96518188902238411,-0.21284126396837616,-0.15206090048242926,0.23351385775836409,0.96304764314794744,0.13420326099611402,0.11787790012546723,-0.16503888444705611,0.97921752807151219,-0.97965401911727834,2.6604747595487859,-1.5722269759909275,0.5277173409134438,0.530003196022373,0.648124191461837,True,2
-0.89431057518010859,-0.38589714098516353,-0.22647735361510396,0.41529898663671372,-0.90426689935193982,-0.09913690753169481,-0.16653932514437136,-0.18271500024876447,0.96895814247290968,-19.936184780911649,1.2935918368185022,-3.9096537743169244,,0.5921191407093285,0.5316455696202531,False,2
-0.92726225888123504,0.36411787125123335,-0.087194490020520321,-0.35509320846476844,-0.92907776853274082,-0.10355343220008704,-0.11871611751007009,-0.065059018234921773,0.99079453348796898,14.710087337081099,8.093706644496292,-0.033609422923537143,,0.2346763879285836,0.25,False,5
0.99101963625976142,0.071563335976808945,-0.11295472319226968,-0.028891952862570264,0.93937805679088471,0.34166375499834573,0.13055778646775126,-0.33533200766352894,0.93300970468103361,-7.6435768160337076,-14.668167241296841,-0.59488740435948051,,0.4612924186195273,0.475,False,4
0.48979862858826412,0.86256512854313616,-0.12680182354532465,-0.86109607190853998,0.50137942482344777,0.084452515104003686,0.13642161990219526,0.067823826086948175,0.98832639863467631,-16.924343038681556,8.6381434817597267,-4.3771548856622724,0.2444731085428007,0.2466623288047863,0.7433628318584071,True,5
0.97596769947051021,-0.15540911195625923,-0.15275816675781062,0.17236931589956714,0.97943866793774881,0.10482707038090606,0.13332617344900963,-0.12863865542400196,0.98268826583212521,3.8045788357994583,-2.9957988770297361,-0.43038098230287986,0.2326748293371496,0.2297534115452902,0.7758620689655172,True,2
0.83974869901401861,0.53360285112911066,-0.10044958820795757,-0.51633924422288024,0.84200177628443307,0.15629073423976586,0.16797591309354126,-0.079378876287992756,0.98258998906952411,3.1090270304069052,-5.5282871745696607,-0.20891087563161706,,0.155683499069686,0.5757575757575758,False,4
-0.26381982340599192,-0.93943781206005395,-0.21875945248114415,0.95703335996973316,-0.28323651454562754,0.062162888712542226,-0.12035883300811245,-0.19296029151061933,0.97379673300800407,-1.2295000145441892,-5.4401032215408671,-0.84891210235866876,0.498219215526045,0.3037095732204859,0.5827338129496403,True,5
0.209389524486773,0.97728782434207973,0.032627219126469514,-0.97219250955850578,0.20448739757050297,0.1141342568783672,0.10487016445842531,-0.055618455817890211,0.99292942144892404,13.521302805808574,17.671380333152491,-0.92362190069736871,,0.4894186278967961,0.6923076923076923,False,1
-0.84009815802274013,0.53464711061105219,-0.091583579325403897,-0.5365881933400003,-0.84383472819275751,-0.0040077754389988146,-0.079424150325410683,0.045775742605757445,0.9957893279875909,0.65455937438801848,-9.6264798609932658,-0.15516167649722598,,0.3814940607218162,0.3142857142857143,False,6
-0.62173457391604725,-0.75916632246183979,-0.19264634550698484,0.76813850286214691,-0.63907234874688257,0.039367162557667,-0.15300117652531381,-0.12350314938052434,0.98047825680887046,1.3239572197869298,8.828928949734582,-1.9077912471010061,,0.07407090935024999,0.2162162162162162,False,5
-0.72426287001590794,-0.6667217063779135,-0.17585636571032118,0.67111871598129713,-0.74015180509321843,0.042130445960896275,-0.15824968933913877,-0.087506980645959354,0.98351388610547463,14.133311729908632,3.6112142127859048,0.29889148309631436,0.1989556601133302,0.1915952083250364,0.8709677419354839,True,5
-0.89867192952169106,-0.40356128259039892,-0.17183438038923704,0.40631020839179649,-0.91350605684690278,0.020462127470960517,-0.16522946966681185,-0.051429323328379219,0.98491331956452322,-13.444570929850064,0.91774235692658457,-3.0430056393401497,,0.07346907005962486,0.2608695652173913,False,1
-0.31493712541999225,-0.91216637117085175,-0.26223485339899438,0.94173856289678004,-0.3347002904717678,0.033229425382054506,-0.11808084597130615,-0.23649149427223437,0.96443179486762365,-1.6333299972876532,-8.1479369331385172,-0.60925865701684079,,0.07880956978758238,0.2,False,5
0.74993093035186309,-0.63877858000800469,-0.1719462864517462,0.65995549161682654,0.74028999980975208,0.12817747565960774,0.045413090473795964,-0.20960114957851292,0.97673180009098914,-9.9172096688005276,1.9850989326285409,-2.7536531544692049,0.5031706060210107,0.34755894902484,0.8988954970263382,True,3
-0.10109014650055695,0.99465544701099107,-0.021007713151643265,-0.99306745790285711,-0.099610663039551225,0.062407850973877764,0.05998171667143784,0.027170895093589026,0.99782961277212068,-13.372520746438898,-5.7415629856238999,-2.2957306786350449,,0.1981177339743421,0.119047619047619,False,1
0.75872759187084127,0.64379723848142734,-0.099285230812858755,-0.62976207555278607,0.76390993795382289,0.14085927335760892,0.16652978571211108,-0.044347744238851808,0.98503863277112325,4.6941460921530167,7.3606326993156399,-1.3339598983661611,,0.06559658457537958,0.1538461538461539,False,3
-0.97562321319281131,-0.11220745647229355,-0.1885970110880652,0.1303906870771222,-0.98764617500876672,-0.086909733137939565,-0.17651519652111961,-0.10938244695823085,0.97820134210424192,-14.001628389851732,11.834356833196988,-4.3103833596012926,,0.284072100174032,0.2580645161290323,False,3
0.17650447076415679,-0.93171881021642811,-0.3174054670120719,0.98197218953242071,0.14451696380508411,0.12184197206819364,-0.067651982862081184,-0.33318899420816195,0.94042985030962556,-4.6249874798316641,-7.2011639236739171,-1.0584628355035304,0.4507878582859614,0.2229106713678205,0.1875,True,5
-0.71339675076356257,-0.67274963090933215,-0.19614538004079912,0.67893573736313384,-0.73286216478094557,0.044264115983084662,-0.17352619551862938,-0.10159223171061799,0.97957525383448052,-4.2245375086421157,12.195941829016181,-2.9653646318402287,0.2777910385959073,0.2399099285101331,0.6710526315789473,True,5
0.33639891547705125,-0.8576310167521104,-0.38897918809443466,0.94083023268825949,0.28812464494779733,0.17838907543193788,-0.04091751367837039,-0.42597327155403486,0.90381000713420589,2.909846165183696,-4.0447580514128418,-0.40620618522364638,0.5488053550671232,0.3676439023139765,0.1578947368421053,True,4
0.83237903329657426,-0.51232896173428333,-0.21133901650318149,0.54744148941706139,0.8194902939716977,0.16953900362751317,0.08633053105993295,-0.2568164579119725,0.96259666857539972,-8.1198144463003246,-10.079191761744379,-1.1376371244658412,,0.2333466386674902,0.2244897959183673,False,5
-0.10721623590251339,0.99296802157885777,-0.050191502076194272,-0.99127387969790792,-0.10286678169727172,0.082428882389013608,0.076686205979645275,0.058591239490335761,0.9953322522994178,-12.24852872571306,-8.3494980034649764,-1.8557316545749836,,0.2266565889333917,0.2857142857142857,False,2
0.97906769006595895,-0.1486189861033928,-0.1390642126447576,0.16806363557514989,0.97571493810358079,0.1404812227978825,0.11480885273431674,-0.16091226345783793,0.98026841773195195,-11.115583195639839,9.7314039608268601,-3.6858071468865092,,0.1702975274426728,0.3333333333333333,False,5
-0.41734840860384625,0.90854802162334081,-0.018994689788216002,-0.90861449350470713,-0.41684025558284932,0.025766325287271456,0.015492192518217096,0.028012385295410641,0.99948751780151812,-18.396259646935615,7.8463663879465804,-4.4694207372258958,,0.08495308779131808,0.3714285714285714,False,4
-0.29884482591069572,-0.9214451470558791,-0.24825513286451095,0.94747134934255139,-0.31755935749982361,0.038132619098415588,-0.11397285730125287,-0.2238188898003676,0.96794384773452624,1.4975980672250382,-13.885412481320232,0.40843129680248863,,0.1071770198105706,0.4347826086956522,False,5
-0.61162570777268233,-0.71762007756385393,-0.33306968920754998,0.78127682055784242,-0.61415516756399835,-0.11144487342837289,-0.12458139207198898,-0.32838217739652897,0.93629302161114081,-16.618147645477489,-5.6909906854090568,-2.7155580118954998,,0.263098182211426,0.1538461538461539,False,3
-0.84300287690242959,-0.48719351743643091,-0.22801014473515402,0.51201225320671639,-0.85670217423465655,-0.062488696800252305,-0.16489269874803161,-0.16942213913633208,0.97165144813871429,-30.389552056112532,2.5296524391531605,-5.3484904845070798,,0.07601815022892647,0.1818181818181818,False,1
-0.98634230713893001,0.092970649350913717,-0.13596069839156535,-0.085499031442531653,-0.99454142383944466,-0.059810299195030184,-0.14077914891858709,-0.04736892047196662,0.98890718300712055,-2.2167463358292472,-6.7558983781757833,-0.84042716923796401,0.2719518637300069,0.527858522667548,0.7487179487179487,True,5
-0.95136127515394509,0.29991020016046749,-0.070466985015438049,-0.28961847715070277,-0.94863379919403179,-0.12733833955099205,-0.10503743061578361,-0.10073622420164538,0.98935299630780338,-6.5518343971166511,17.639577425082908,-3.7198948661078046,,0.3688219234339705,0.1,False,3
-0.013862021810329269,0.99988235571163486,0.0065665126118668593,-0.99428436567789225,-0.014479086613453644,0.10577786261478006,0.10586049555826356,-0.0050626857883898091,0.9943681032156888,-16.510118635589343,-16.098984681024472,-1.4409141121963005,0.557708694000699,0.4318073743621984,0.7352941176470589,True,2
-0.74280207452384628,-0.60507614726728021,-0.2865797168175977,0.65002897412908722,-0.75428725801690344,-0.09226627328567788,-0.16033530763919857,-0.25482069853433298,0.9536031673199904,-18.553011448228435,-6.224318489713113,-2.8697380404500046,,0.2079369519176267,0.3636363636363636,False,1
-0.89222581378424626,0.45036797623876601,-0.033193119703311832,-0.44934588153199634,-0.89270933286029464,-0.034034185378247192,-0.044959714937631567,-0.015450987111708725,0.99886930628085713,-2.1857275865575545,-19.074391524010288,0.60897779933923846,,0.1837196163348026,0.1578947368421053,False,3
0.15878856780307127,0.98722679529280744,0.013017119149183215,-0.98242974164937069,0.15667989985562458,0.1014061719225374,0.098071369205295286,-0.028890545808722884,0.99475994235045151,-18.905900161917078,14.384617157886636,-5.0838363958420798,,0.5825478007083276,0.4615384615384616,False,1
-0.5091201206243996,0.85625370536113787,-0.087328659847261778,-0.86057159766787372,-0.50814121033541426,0.03477118988794102,-0.014602330730392063,0.092855276716954857,0.99557253353186581,-12.042426014412019,-10.459858582330401,-1.6421837534298576,0.1750425495587167,0.1440747347305832,0.4791666666666667,True,4
0.67411117099321105,0.73756046999201574,-0.039732634537866615,-0.71800828431062391,0.6669641457093074,0.19905509789897166,0.17331541421200056,-0.10565690438116931,0.97918250890889191,-20.046015709148545,-2.7282483704368494,-3.4812515393655397,,0.3785984618492153,0.4074074074074074,False,4
-0.22629908802019452,-0.94624233328079577,-0.23111505677593586,0.96819003782137192,-0.244517063980354,0.053098550694700694,-0.10675567162768687,-0.21174714196357702,0.97147638903144651,-8.3757277486917605,-6.6751955566917767,-1.5834840778089239,,0.07879176891042164,0.3960396039603961,False,4
0.71089132397599075,-0.6422484424363113,-0.28661902184571697,0.70113702076596573,0.67913199194531004,0.21722480435673441,0.055139854978852952,-0.35538243584134571,0.93309320042983024,1.8343378769825236,-7.4089712937403016,-0.2207678302100109,0.6605161355335507,0.3236692488296272,0.2424242424242424,True,2
-0.69071134516737298,-0.69553809617525475,-0.19784992905225135,0.70924915529127208,-0.70495444830958254,0.0022048871058817643,-0.1410087705630263,-0.13880195451590152,0.98022984245883371,-7.8003144659711481,-5.6940095594516107,-1.6241655666499486,0.32499682023001,0.1867311070462932,0.5726256983240223,True,4
0.11964334954610822,-0.95753332551924664,-0.26232689421681782,0.99274195206862914,0.11213528087630532,0.043463724941163892,-0.012201865117954836,-0.26562305868061592,0.96399974335307714,1.9060118734622,-15.94161467629317,0.71134845037706318,0.7367345632000993,0.7238086266738023,0.918918918918919,True,5
-0.7902588918614134,-0.59144137863774227,-0.16027470002797828,0.59070956903955973,-0.8048391563136289,0.057411997957434499,-0.16295118557123031,-0.049305457096079787,0.98540138168234659,4.9655889988148401,4.2480966221161163,-0.96768012685447391,,0.07198828669118151,0.3529411764705883,False,1
-0.085778065440004103,-0.96088838317328806,-0.26331661279151264,0.99297388337940529,-0.10407452997296388,0.056314821648752331,-0.081516810633111322,-0.2566359431052706,0.96306438117639592,2.6546539911175651,-12.856632310932651,0.42113042595027816,,0.4107457526464667,0.1111111111111111,False,6
-0.7985257148629884,-0.54285515781841531,-0.26012489371933817,0.57913279553745334,-0.81068572627957325,-0.085987547584141691,-0.16420075467405074,-0.21931012479250525,0.96173862422592149,3.5245210573071675,-7.3842206257065293,-0.0061758851527079816,0.9715283365467547,0.3352954082071241,0.5319148936170213,True,4
-0.5960827183836328,0.8000554001707294,0.06779933260758389,-0.80127216764052522,-0.58732055896374491,-0.11409414701538878,-0.051461696523079872,-0.12233526750765433,0.9911537600770115,6.4877367725818251,-3.4415728983781886,-0.034541726646722087,,0.4837344220440648,0.1666666666666667,False,2
0.94233370637424418,0.33247326951855843,-0.038323763993369148,-0.29222280758009128,0.87320804717541411,0.39001735484220268,0.16313496425042834,-0.35632742162755243,0.92000964779466932,-15.587238399334273,-10.233600814275897,-2.0790183796657926,,0.3826268836040266,0.1764705882352941,False,1
-0.084227702681953454,-0.95684618798672838,-0.27812059728863681,0.99299493185765053,-0.10381158522328766,0.056428894003424178,-0.082865912207264594,-0.27141946744604695,0.95888722657326264,7.2910227037145354,0.87245389210499358,-0.3267903615398437,0.4061129588491438,0.2188867048750909,0.5277777777777778,True,5
-0.70212016010893386,-0.67024505076905361,-0.24041391949759322,0.69439808354257737,-0.71922842852480995,-0.0228422672720833,-0.15760260892828634,-0.18298098131041424,0.97040165814866408,-12.75948339042497,-11.562086328064657,-1.5678162061144465,,0.07800755884456395,0.3181818181818182,False,1
0.072178855657595825,0.99575890696152281,0.057047453955043986,-0.99578011845999237,0.068694104390721739,0.060852902163823525,0.056675995586872759,-0.061199013298823018,0.99651518417708362,-7.4089774958553658,15.625621971115441,-3.7247978575927405,,0.2699486898854762,0.3142857142857143,False,5
-0.56763290000884825,0.82167585170372071,-0.051397330227468299,-0.82270332724284467,-0.56846746372724366,-0.0019944992025599378,-0.030856541787746335,0.041152611223123053,0.99867629210791864,-13.970218135658435,17.314053703754155,-4.7259018838429476,0.6441888133218723,0.4866618903873948,0.9078947368421053,True,5
-0.69694725280914616,0.7119411383227876,-0.086048488455276004,-0.71543949971833931,-0.69850367913082467,0.015457441038994178,-0.049100397600797673,0.072335508599548362,0.99617103207786983,-8.6868293111402917,-4.469483603268122,-1.8735089834845913,,0.07096093147946671,0.1739130434782609,False,3
0.41716166123828347,0.9087489679235049,0.01230697732511235,-0.89969082078129725,0.41101196309361188,0.1470564286109641,0.12857906281658721,-0.072418778586085919,0.9890515381481938,5.8037618414685692,-10.312217642841036,0.62214420906327905,0.4223283733151818,0.413828317950824,0.4594594594594595,True,5
-0.0076643013349404947,0.99871099792741025,-0.050175702325777435,-0.99704791116317204,-0.0037987033586940879,0.076687891468920938,0.076398438008925193,0.050615338304020485,0.9957918287464339,-18.915584335839728,4.7507536767456617,-4.150319470695333,0.5213066100543226,0.4824300299103714,0.852112676056338,True,5
-0.055091915243723429,-0.9250712634068543,-0.37577658055502183,0.99614576908178676,-0.076648078778881829,0.042645970031904477,-0.068253114326264908,-0.37197880267342204,0.92572851460156136,-11.279124958811904,-14.982957720127574,-0.97406691893897446,,0.2074002719495298,0.2272727272727273,False,3
0.019592022935446932,-0.94857393572353621,-0.31594879506536877,0.9971106127939654,-0.0046595330289696396,0.07582027832707583,-0.073393313666438503,-0.31652136929110086,0.9457418486517063,-9.2724020904353441,-8.0350931946003925,-1.5555656947151677,0.2250993737338022,0.2890269356598256,0.7664670658682635,True,4
-0.87815867941817849,0.46375822878889017,-0.11732705993551482,-0.4615239953357424,-0.88587084527449322,-0.047206431998064596,-0.12582899304951128,0.012694515478970492,0.99197072224179061,11.985254475307258,-0.59849545987838038,0.43010394110523453,0.7842866939339945,0.6484004338985311,0.4057971014492754,True,3
-0.91926480782179509,0.37764259381385012,-0.11107783054194401,-0.37130793058282568,-0.92556792575286917,-0.073854150213989084,-0.13070055006256437,-0.026647441811145575,0.99106371140218019,-22.09572907681817,10.33954745558807,-5.1259184240677529,,0.325871141862062,0.1666666666666667,False,2
0.42910403806512254,-0.88322908026768077,-0.18914575407794418,0.90323075690410626,0.41804262938650177,0.097028654520490004,-0.0066275409197065482,-0.21247765008378736,0.9771434510430036,-6.6414935583511863,-7.1816436159349273,-1.2953928710554885,,0.07717199655372409,0.3035714285714285,False,5
-0.90622824222700316,0.41478824097484918,-0.081860174316609469,-0.40778520899394771,-0.90865101173399998,-0.089802907528316739,-0.11163152026160642,-0.048000562744281008,0.99258971869565216,-2.4299625066393009,-9.4267493531037481,-0.54777204849870231,0.4527330510251443,0.4795005856141953,0.59,True,5
0.92553610727436986,-0.34666187507933427,-0.152343225966522,0.36204734940659006,0.92801196002976061,0.087838026101369468,0.11092624089488054,-0.13645272590975452,0.9844165900027938,-5.2544795426947726,6.4357170256638074,-2.5414117330835126,,0.07076212860203941,0.3619047619047619,False,5
-0.96746590791704379,-0.20449071231322086,-0.14897404336287123,0.20954807941225786,-0.97761544174520187,-0.01891164921334626,-0.14177206859210728,-0.049513600545366722,0.98866024696462296,-10.470822867161385,-13.880547326346303,-1.0464988910558388,,0.2689701129380823,0.5,False,2
-0.53077731702262854,-0.80791997608640875,-0.25600928103253717,0.8340658694816051,-0.55154826446923511,0.01134183965980462,-0.1503647734682379,-0.20750861235503174,0.96660778534953595,6.5681869598439979,6.1150115210411267,-0.97143490717023562,,0.1864435049604009,0.1764705882352941,False,3
-0.88122324521774753,-0.44255026870614722,-0.16611698214216802,0.4538138800127452,-0.89039650615430255,-0.035313228909173031,-0.1322821015696467,-0.10650503038040357,0.98547355322605679,10.464813441153511,-11.116254622348757,1.2832284138631223,,0.3537074710188321,0.55,False,3
0.18712957550782211,-0.89039341432759156,-0.41494829761346819,0.98125174999136122,0.14959399979708263,0.12151805776756339,-0.046125102809129348,-0.4299083657557311,0.90169355767027803,-11.571499269538617,-6.0931537010539314,-2.0581396969902461,,0.1973400336523236,0.1515151515151515,False,2
0.53348136782808342,0.84555004261282662,-0.021041758902829721,-0.83242396722250989,0.52928347340443149,0.16410162575208909,0.14989319188614147,-0.070029495345803661,0.98621899231752619,3.2310064859549366,26.488645273023131,-2.7832433116059923,,0.2401884808641614,0.1764705882352941,False,2
0.094461721058703665,-0.96422557214159055,-0.24768130588086471,0.99235528424210218,0.071351246044313393,0.10069751498771301,-0.079422749205781573,-0.25529991327093449,0.96359430321710038,-19.97537619376488,6.3790086559726635,-4.4695380581712376,,0.1457070930168236,0.4827586206896552,False,6
-0.50811234600517496,0.86103906632421023,0.020822346185038976,-0.86123219747004631,-0.50764725795589094,-0.023945010561287033,-0.010047182591770565,-0.030099630452837339,0.99949640638101844,-14.042712077062198,-16.374223378103764,-1.1091453183059148,,0.1498781037810015,0.3,False,3
0.32848299780011248,-0.89979369445337487,-0.28717630051624921,0.94424181135272944,0.30559921335965351,0.12254192134644404,-0.02250159660043053,-0.31141680785710441,0.95000697362415376,-18.592328724855619,2.0836090454680485,-3.817377076242122,,0.1232188552947682,0.15,False,2
0.6552940205041069,-0.6934758233560987,-0.29946790998727135,0.75450997076363535,0.61986449526305676,0.21559849612308168,0.036117180258451731,-0.36723192934827631,0.92942792047437528,7.1849918585982619,-14.409409578832836,1.1546070983168186,,0.29724597767141,0.1666666666666667,False,4
-0.048640450500157272,-0.95579330881337909,-0.28998837459924953,0.99674698335578416,-0.065128197162057089,0.047473878139080355,-0.064261635104359213,-0.2867358867703747,0.95585196212160473,-4.5933145017680719,15.198956975870466,-3.2762115773853151,,0.3103005996367131,0.5365853658536586,False,5
0.95282307256885468,-0.21569678015507224,-0.21354880334757642,0.26565018490218351,0.93295426111273994,0.24295334106164745,0.14682701264373352,-0.28822082801615156,0.94624023517064693,-14.639176334014422,-15.269583867384828,-1.3674726026953663,,0.3691484783545252,0.7755102040816326,False,2
-0.61892285154567217,0.77619256491088817,-0.12024810190448015,-0.78469887628541879,-0.61774208898768612,0.051404134556768316,-0.034382806618635298,0.12617374398101266,0.99141212870271,-9.4101399152719143,7.2049067633832227,-3.1921731369557578,0.1613123978557905,0.1259284543029537,0.5393258426966292,True,5
0.87662986948440247,-0.44409171163759276,-0.1852096746462035,0.47250210779879748,0.86723171753825989,0.15700607065121155,0.090894609595140036,-0.22514817287829114,0.97007549716303731,-1.5099724684419371,17.200621102428787,-2.9845256734537409,0.682083216527881,0.6041840302663262,0.9724137931034482,True,5
-0.48807563425366257,0.8663523408148357,0.10590465906909119,-0.87277299145111786,-0.48347566612431137,-0.067220425907018141,-0.0070342477460184072,-0.12523937811371061,0.9921016165334775,-0.35579740444436753,8.9303968453390894,-2.1546145290013339,,0.4715506446588111,0.1607142857142857,False,1
0.10990291038916661,-0.9798698942420373,-0.16666235521583536,0.99220761036321581,0.098255499963198961,0.076615368329718159,-0.058697599825779545,-0.1737839091661835,0.98303293164044714,-3.6576263957000306,1.3493948094586661,-1.7979608610133357,0.1735430104762173,0.153342870402516,0.7665158371040725,True,5
0.39273714405350452,-0.89527682412713128,-0.21032580407913723,0.9195853788320919,0.37957384393895272,0.10142202934099775,-0.010966618391068071,-0.23324473236977192,0.97235622490053464,1.0899022674114485,-1.9047480438493911,-0.88464552413838393,,0.06613276805409576,0.2833333333333333,False,5
0.97850550180960383,0.15705793818200348,-0.13364051400064075,-0.13295297616459073,0.97584228211718393,0.17336477889498242,0.15764037889232341,-0.15187048589619487,0.97574836226167483,-8.9358012044124084,8.6589345547628245,-3.276382591742939,,0.0685251874174656,0.2571428571428571,False,5
-0.17684344493079979,-0.93612087396524657,-0.30398043573814232,0.97882204513257398,-0.19963062497225922,0.045332301239528222,-0.10312031782094799,-0.28952603147166045,0.95159911577973766,-3.2419223303717346,-15.034259281482312,0.023049742489377932,,0.5512671909829292,0.7,False,4
0.89815760516848042,-0.39687216874332742,-0.18922314328588052,0.43261656190357367,0.87450996526480851,0.219260646307712,0.078459076242027873,-0.27879168267635274,0.95714124925516431,-9.7741481954513212,9.796795779227125,-3.5481373210248859,0.7508781022522379,0.6750850521680812,0.2083333333333333,True,5
-0.2187771686953372,-0.91192073026608222,-0.34718457939348107,0.96923497821029159,-0.24421524489651517,0.030699693383346022,-0.11278345388995831,-0.32978704624516636,0.93729418895965688,-3.6584570408402008,7.9136309900097501,-2.4672388310427307,0.6851271889714889,0.3484469485885502,0.2698412698412698,True,3
0.94483658570965989,-0.27531356561106074,-0.17744370063498632,0.30732558582099279,0.93253776360053997,0.18953707753019974,0.11329082312481441,-0.23361455444691287,0.96570669944154075,-3.879577933884804,-13.521696897018046,-0.23289218185014182,,0.1121261612769736,0.1851851851851852,False,5
0.24900198682400868,-0.91670742574507891,-0.31248280935361411,0.96800619413517641,0.22523171575202539,0.11061049830522415,-0.031016425868034908,-0.33002752885665437,0.94346161104898318,-16.690503748369967,0.84933700332301809,-3.4452038048352236,,0.2074858928055794,0.1020408163265306,False,4
0.42398803028158621,-0.86003573601277206,-0.28385327716781839,0.90510248489037293,0.41344618941778039,0.099255933329897322,0.031994406123770643,-0.29899963417517189,0.95371671723835305,-12.893528572764312,-17.501596885146324,-0.88084544766000661,,0.2747400170683884,0.5263157894736842,False,2
0.5639890657215092,0.82463357729786857,-0.043540750332308739,-0.81534802365032966,0.56444352171836465,0.12888409956108832,0.13085845053370329,-0.037188358166115737,0.99070333195201676,13.657870526158575,-8.4954950006138894,1.4446073838607834,0.2205969230894208,0.2050502756771009,0.625,True,4
-0.67682714974560865,-0.6963925823047874,-0.23862602682462231,0.70890362672777996,-0.70395189168657957,0.04367358701877308,-0.19839520503136165,-0.13960338642653225,0.97012897963044487,-12.950389274640786,-10.77622268079937,-1.7057985765123223,,0.1236952574608109,0.2580645161290323,False,2
-0.17647566502301068,-0.96726634013439583,-0.18235176691685279,0.97906349891585998,-0.19159056301104546,0.068758426798065778,-0.10144458953202264,-0.1663997698559786,0.98082623937502689,-10.036014574715495,-5.2943320348278364,-1.9017121713276044,,0.0663023061597234,0.1621621621621622,False,2
0.67063987267755965,0.73499069526469396,-0.10015407654882877,-0.72457560766632523,0.67799725992791893,0.12373319807234368,0.15884693874923292,-0.010411215325596634,0.98724832572430421,-6.1186988143442838,-13.481807361686776,-0.52941590488814594,0.1766564790514752,0.1163571902182931,0.3076923076923077,True,5
-0.9274480224260151,-0.30959994504975796,-0.2097332585053257,0.3359663263471509,-0.9361412171634701,-0.10376053724079151,-0.16421569126875385,-0.16669581744268444,0.97223747674538941,0.39769663793776922,2.3555252495019099,-1.3673516002759221,0.1848194277752314,0.08075622153018411,0.3061224489795918,True,1
0.39279765371548808,0.9095463330234832,-0.13577728572608633,-0.91066597374880898,0.40526675790730665,0.080289097587621872,0.12805267467625109,0.092110384967364928,0.98748072866736125,-0.45657059131755284,4.5188480962923094,-1.7195015514094401,0.2183674290282561,0.1804946274953383,0.8590785907859079,True,5
