axis_00,axis_01,axis_02,axis_10,axis_11,axis_12,axis_20,axis_21,axis_22,location_x,location_y,location_z,dbh,dbh_approximation,score,reconstructed,number_clusters
0.24791550898090214,0.95439126420645282,0.16635869443208703,-0.96707036691125758,0.23359937234686698,0.10102593073698979,0.057556979149929487,-0.18592645870224639,0.98087641734602637,-33.515742197995635,0.8466730275447264,4.3280433789102748,,0.1063274382707286,0.4615384615384616,False,1
-0.31203576841877467,0.92916839040000931,0.19819127505710263,-0.93835045130819372,-0.33407144099242503,0.088852140339746463,0.14876864507353027,-0.15824782650861297,0.97612781726999553,12.348376273030675,6.1952496630760994,-4.5611635947158735,0.6422863218362245,0.4950808804386241,0.3414634146341464,True,5
-0.86034385163384264,0.4752958527108736,0.18412579762675249,-0.48534333701711568,-0.87425393751138669,-0.011040740868561424,0.1557250852269304,-0.098863062574855498,0.9828406751296902,16.632078416415158,1.5486408998352099,-5.2359478581686245,0.3715667718881981,0.32164293682761,0.7263157894736842,True,6
-0.71537865374540144,0.63667455706631049,0.28788693987368819,-0.68225327151120641,-0.72542538880236496,-0.091041082996611275,0.15087695409728843,-0.26154065394381254,0.95332713748060793,-12.147707124650468,8.8474512517064721,0.16203421735647727,0.4488247686783489,0.2560238186705586,0.3333333333333333,True,3
-0.074580534526422326,-0.99251062956932512,0.096749129513677687,0.99413468083682854,-0.066379665705249336,0.085381358259960793,-0.078319730765686005,0.10254945232794078,0.99163986890404388,7.3877213028535094,2.3331496863013204,-3.2540058179738036,0.2720504897779553,0.2491894819706789,0.8652482269503546,True,5
0.64439156385217844,0.72874766791973833,0.23170314831198935,-0.76368945577192571,0.62882988616962121,0.14612114632277756,-0.039216419761688104,-0.27110848522583242,0.96174958365451413,15.976329371867054,11.765556116419607,-5.5812863966182009,0.4517614926430666,0.3832814667623464,0.7037037037037037,True,5
-0.79702862035006772,0.57059760299196793,0.19789834209181356,-0.58280348598813603,-0.81260198166057407,-0.0042563037233359774,0.15838394824900853,-0.11872823952678289,0.98021330845685162,-10.821174559047982,10.955503261913268,-0.25781701084547293,0.6304809252162263,0.5144394858277822,0.3529411764705883,True,4
0.53803789297486315,-0.83880505321907362,-0.083194401358014258,0.83125354292856057,0.51163562356767911,0.21736268323985558,-0.13975969766670007,-0.18610500098240432,0.97253902518996826,-3.7603664856124186,-27.152192577594608,1.4633778376149054,,0.2851313638722137,0.391304347826087,False,3
-0.98622196570586385,0.10270023780585204,0.1296876845112247,-0.094013791278837855,-0.99300521957503929,0.071428572337034577,0.13611627899939305,0.058251996114719679,0.98897879832684477,-3.3348912688912598,6.7966050084284158,-1.2663091738871328,,0.07019435941460937,0.2567567567567567,False,5
-0.0072629079855637529,-0.98408016297314727,-0.17757669613532684,0.99674142143133371,-0.021390830756496913,0.077775132031985564,-0.080335477658622992,-0.17643317489149224,0.98102882007975201,-8.3678597181813341,8.729816250876631,-0.50479221638724248,,0.4733217667965867,0.2838709677419355,False,3
-0.24825287394049322,0.94659916994518911,0.20571952274726746,-0.96039761673064272,-0.26824893231456293,0.075358663006970028,0.12651849018379302,-0.17886453469364746,0.97570515519312384,25.671907748527133,-1.3835850000299856,-7.3849982793220272,0.6880294356778995,0.5549618102921693,0.7936507936507936,True,5
-0.43045544527739538,-0.90192998789630696,-0.035077151600528239,0.90234226423677089,-0.43095151624122696,0.0076960263412211433,-0.022057828612458301,-0.028338799952620258,0.99935497427798337,4.1571318071862944,-14.348605996661794,-1.231363528617017,,0.1383675177918301,0.12,False,4
0.34124720163058281,0.912428763716566,0.22588514453579206,-0.9393929274553936,0.32259726267808408,0.11606866053932614,0.033034455135245194,-0.25180301280021744,0.96721454058479261,7.9526976174082993,-1.7831315055598078,-3.0085758454092084,0.4039302022954314,0.3069212378648191,0.5431034482758621,True,5
0.98913740948024897,0.069814654204524054,0.12935648118670162,-0.085555483381675179,0.98902919145973367,0.12042224754518771,-0.11953009842726078,-0.13018130625711702,0.98425879882841849,4.9887179479254939,-7.0725679544068205,-1.8560461986372501,,0.09286898366901299,0.25,False,1
-0.53923367290229973,-0.83625804603030263,0.099496364043503399,0.84207937865301974,-0.53381261806675784,0.077112961556792384,-0.011373919976907274,0.12536574190063091,0.9920453944765153,-2.1391750555461453,-4.6138425927375355,-0.71186949254995768,0.1296893600423893,0.08991769067324347,0.3315508021390374,True,5
-0.7705802895701257,0.59891242603770789,0.2179677115162893,-0.61783821344296996,-0.78591490158890343,-0.02477316027687268,0.15646711902384014,-0.15375849049119655,0.97564151575578628,-17.851714310021965,12.468577264994275,0.75680501203447748,,0.1543445321500422,0.1,False,1
-0.88822791742712293,0.42865114541117455,0.16525544541939616,-0.43453335855764758,-0.90065552605747989,0.00061942128993298928,0.14910374577349128,-0.071258816435663064,0.98625060409436593,-25.055129008354207,-3.6387491820641116,3.503428418259857,0.1474571157537751,0.1133518063964276,0.3846153846153846,True,4
-0.54644253949079458,-0.83664224771837081,0.03781931209850499,0.8374665192755445,-0.54548277893706876,0.033141619990547357,-0.007097895980938837,0.049782398655004008,0.99873486604643924,-25.84428692426863,-4.7615702269095941,3.6961423140526044,,0.10351942067729,0.25,False,1
0.89549605374428887,-0.43851219700095917,0.076117480316925196,0.41485468777779,0.88434468924595055,0.21407956145152168,-0.16119058830216451,-0.16012970893583556,0.97384601994305386,-10.111316998406618,-22.892516050719024,2.3000432854213542,,0.4718724081107668,0.5263157894736842,False,2
-0.36786323516364278,-0.9266174469632249,-0.077825106477880421,0.92907898654180732,-0.3697297870203316,0.01058873724050502,-0.038585968711262526,-0.068410463916387471,0.99691079412621353,-0.16769185495039152,-23.170454565449258,0.42226389851586571,,0.5377680068139898,0.4,False,1
0.13563861605747016,-0.98899867210388437,0.059023659754096153,0.98478657120529911,0.14111270416753413,0.10140322428915405,-0.10861664240679066,0.044371514502878434,0.9930929431291895,-22.006891585489214,2.5291229447423058,2.585401619142301,,0.09375437282600615,0.2745098039215687,False,1
0.74975468601704476,-0.65934881064337492,-0.055920092083707906,0.64855566946837973,0.71544474335229824,0.25983526090580361,-0.13131433431238726,-0.23107999721467015,0.96403245821464101,-6.6386966534259502,-15.408347342776789,1.0932534085416841,,0.2507715730352498,0.2,False,4
-0.87445638330921527,0.44958191908342421,0.1822145211640204,-0.45311733815329136,-0.89112352590929278,0.024156560927980734,0.17323599959201241,-0.061440699900446712,0.98296201800532479,9.7947405187118033,-9.547269668393966,-2.6616699443293497,0.3817103976707441,0.1345159956651233,0.4,True,5
0.90977272550056687,0.35755926120440207,0.21086716828902377,-0.39859810309461363,0.89431622096525365,0.20326841645421129,-0.11590142425632737,-0.2689793145306697,0.95614694906691255,6.0234288574446317,-9.8420912054729914,-1.8599753251870714,,0.4571725723937153,0.4761904761904762,False,5
-0.55321615211381958,0.79449176113403586,0.25046902109945157,-0.80302936160809257,-0.58858523894765524,0.093334135707313082,0.22157557048483228,-0.14950002669922766,0.96361507282796877,4.1134714662567111,-7.2650266800372423,-1.6370783800979964,,0.1415580317386164,0.4090909090909091,False,2
-0.90906260543533868,0.3833143339296492,0.16332575058202531,-0.37987695041393388,-0.92351458524291807,0.053050102618277292,0.17116857755827192,-0.013817823550383315,0.98514485524160733,2.7528576343659696,-10.159987561230103,-1.0703853744585274,,0.1120245789305762,0.2,False,2
-0.98529168913642584,-0.070647464057786921,0.15559313333464103,0.045279487730777154,-0.98592651444937129,-0.16093065617386632,0.16477273836871825,-0.15151846068356312,0.97462408176822546,2.9033620745659277,-6.7774678903672845,-1.4766283552300117,0.5351082102547454,0.2943688665524191,0.2857142857142857,True,3
0.30259319545039048,-0.95113463020063549,-0.061483927169806538,0.94001715204815706,0.28715232019540787,0.18415020733538803,-0.15749638701377922,-0.11351854579536486,0.98097320444450054,-4.9240758152079209,11.994952675370339,-1.3773732339607521,,0.4457595698450296,0.2321428571428572,False,4
0.83659643586101606,0.52491416364062737,0.1567530679575585,-0.54496834440637532,0.82660056348563637,0.14050271186067709,-0.055820310816232642,-0.20296952789690023,0.97759268800748012,6.6012137482881155,-3.0373784706513147,-2.6717751715474973,,0.07940556139975205,0.2285714285714286,False,5
0.97873520260281721,-0.16546251752861718,0.12124173571470953,0.14772978490358571,0.97863368161180031,0.14301058655664264,-0.14231413787239727,-0.12205847986939185,0.98226697677037422,-2.4082903520196752,-16.74517996179684,0.33692118100322144,,0.06999212381251341,0.1176470588235294,False,4
0.91054309729587912,0.36951653603262175,0.18538823470025895,-0.39989983229134946,0.90097431683090901,0.16830152864554399,-0.10483984023345752,-0.22738251913796764,0.96814554581958079,-25.411930046581876,1.8448593903890276,3.1424585561090037,,0.1984981219229099,0.5555555555555556,True,5
-0.9919970009611776,0.015545232276793743,0.12530082137595741,-0.026141932834532224,-0.99617529912548386,-0.083374892863064279,0.12352550113925403,-0.085983249332141271,0.98860929158216138,4.224453327195909,16.803644628623399,-3.5699188145169569,0.7284124559727064,0.4340609708170771,0.7384615384615385,True,4
0.05774520234900677,-0.99531949507547313,0.077489317511366895,0.99337310048673555,0.065011320654157989,0.094780859967466852,-0.099374920553641555,0.07150266365323335,0.99247770466416518,8.1709365395188183,-5.5989896714908856,-2.7348423745666586,1.322221487842125,0.654872681398921,0.5909090909090909,True,1
-0.25294730152462874,-0.95968499588414269,-0.12256578366844749,0.96523137905342149,-0.25895852358494609,0.035621172823681067,-0.065924559475495817,-0.10929406085216643,0.99182093178174258,1.0148065556793933,-9.7433544581756006,-0.81042999889086764,0.6138267248116076,0.2831319504540967,0.1333333333333333,True,2
0.94905283715005273,-0.30296654904858994,0.086660154944606216,0.27818383474687847,0.93470225935214823,0.22123616442053595,-0.14802859988176686,-0.18585735530125611,0.97136222754308621,-27.868391930712651,-7.9119628427028257,4.2250838709601366,,0.5592635515306343,0.125,False,1
0.56284318739383199,-0.8265206082402845,0.0084398198121847789,0.81489425763989343,0.55657773257441068,0.16176704382492693,-0.13840121122981372,-0.08417191786123486,0.98679288251065256,-10.569631290593907,20.355990953993039,-1.2829467048143302,,0.2262850500656907,0.3333333333333333,False,4
-0.87349328222709677,-0.47665092741323922,0.099062501988555679,0.48207326142570989,-0.87524537283612791,0.039381568624507597,0.067932735279193385,0.082154919055686643,0.99430162061239802,-26.515663231393191,6.1909926142637888,2.7581743778748598,,0.07505606563858366,0.2307692307692308,False,1
-0.0082722382814923723,0.98011791907016177,0.19824337262917757,-0.99574192958153018,-0.026276311395485637,0.088360427413518461,0.091812742835983313,-0.19666829987830831,0.97616187186137848,-2.1835171190418841,6.559110687101386,-1.5039235369103658,,0.06951067358055389,0.2592592592592592,False,5
0.42766368067233418,0.89050675402579449,0.1552465692639797,-0.90335972816613985,0.41489790880391525,0.10863207076060552,0.032326115779519903,-0.18670148982957238,0.98188470602918965,-9.3169686572374868,-8.6459406226659912,1.1996176216577163,0.1768252991327524,0.09196559630864966,0.5196078431372549,True,4
0.13336569503557782,0.97451546403153266,0.18036962535605511,-0.98798911687710345,0.11639920511323378,0.10163035954579999,0.078045475974450218,-0.19175723040452414,0.97833433358310984,7.8662596830759437,20.026010433609681,-4.5528866947530151,0.5097796667934049,0.3829990182938736,0.1666666666666667,True,4
-0.83576049807741215,-0.53627242841625034,0.11796725127735101,0.54588980665686226,-0.83465771870792516,0.07314924189228382,0.05923435524701557,0.1255323668295148,0.99031960297504507,2.8115803243518966,-13.293420743986527,-0.97380542662660097,,0.08376053819239608,0.2,True,5
-0.94530621442740281,-0.300695334642131,0.12640599942008468,0.31035681994431735,-0.94840319539052853,0.064884692240052846,0.10037332952026717,0.1005668667976321,0.9898542822170967,-0.7041186084055886,-13.552980206597386,-0.2227864763930289,,0.08024670291907224,0.3095238095238095,False,4
0.79491237440799023,0.57114250205088313,0.2047206862144324,-0.60529560156952877,0.76967398323598935,0.20302510743804114,-0.04161191816815514,-0.28530370113390224,0.95753341789499125,-7.9487336730772977,-20.313297045222207,1.7897812561261093,,0.2296305240779632,0.25,False,4
-0.81963541625835823,0.52082116817636581,0.2386275239665212,-0.5555174951989984,-0.82434276847469234,-0.10890047103346194,0.139993203202219,-0.2218204473056638,0.96498579897027337,-19.657225737219449,4.442425167093333,1.9838568122404303,,0.1594880722098422,0.5862068965517241,False,2
0.57296265544932101,0.73713299527189213,0.35825792767495213,-0.81922846717141162,0.52792992476811118,0.22395247958063796,-0.024052318733173941,-0.4218115003361394,0.906364465404361,-0.67093709745615748,8.5645896894298286,-1.9302663197948238,,0.4120055815432557,0.2045454545454546,False,2
0.032774152246079324,-0.99692941313941508,0.071116806466910043,0.99465087735171953,0.039507536074243045,0.09543996425395905,-0.09795655735072252,0.067608430027944838,0.99289154143901892,-5.5343173722575143,9.1182528825061429,-1.0417982414811968,0.2350345422593347,0.160901487344244,0.5087719298245614,True,5
0.98668214011250266,-0.11046193211140823,0.11940065300167539,0.092387925841667037,0.9847300264504768,0.14755082570259764,-0.13387615748028647,-0.13455458580464044,0.98182087872343393,-16.566537379837349,-20.546704639208926,3.2923425903291363,0.3155066043468353,0.2123309292057257,0.8409090909090909,True,3
-0.063965019694842307,-0.98945654483970724,-0.12993930171163381,0.99442829268441024,-0.074128949336127584,0.074948446141940586,-0.083790494474062893,-0.12442123912013749,0.98868524227460886,-48.334114239013765,0.18348171533592461,6.6601777898855108,,0.3150525418327761,0.2857142857142857,False,1
-0.99126619095030877,-0.073391081181878176,0.10956773193702202,0.069838293843664453,-0.9969112869456459,-0.03592351142892404,0.11186577399667029,-0.027957738880907787,0.99332996201906387,-2.3242481290822887,-19.545762902611269,0.59228815041201865,,0.1353327822713707,0.5,False,4
-0.33238922545147465,-0.93977288114743918,0.079651331838264686,0.94226181660958797,-0.32724415365649068,0.071091018119353255,-0.040743978246704206,0.09868229708254489,0.99428453295781694,-3.9030326811424594,20.804321220641079,-2.4730865056143214,,0.1388165302581268,0.1818181818181818,True,4
-0.93969799044551583,-0.3383310533547112,0.049997850839332975,0.32744340466616756,-0.93222559258323601,-0.15406576931124144,0.098734510143561549,-0.12840382731339345,0.98679478800710363,10.199694943319786,-10.368686164220208,-2.7079824121205958,,0.590157141695552,0.25,False,2
-0.29538895380192454,-0.95389555718455599,-0.053184884651266431,0.95387643713634784,-0.29758658510220981,0.039521728748517795,-0.053526709667889603,-0.039057526173189555,0.99780228552622541,2.7520396883673133,-7.9127809033110852,-1.3218931212129479,,0.3467421874120292,0.2777777777777778,False,3
-0.97495524733159789,-0.18422345587258837,0.1245952808373756,0.19347352798698703,-0.9788398093912386,0.06663798855902886,0.10968254040116218,0.08907494517138459,0.98996737040867344,-1.1197856079071555,11.466880344966393,-2.0677148030572283,,0.0872205795352223,0.3666666666666666,False,5
0.71986105668994138,-0.69378752113010089,-0.021422758585002005,0.67650777386202365,0.69435528465855456,0.24537312520116666,-0.1553618066498027,-0.19112721991094844,0.96919198038552801,9.2063170357616535,6.8048574877268546,-3.833588803306291,,0.1082495679329964,0.5,False,1
-0.98722096854804076,0.093849571423289091,0.1287905943876933,-0.10626154137065442,-0.98996626150455891,-0.093141214874095074,0.11875708014515626,-0.10563644743342425,0.98728805162882671,-1.5339602776597467,-18.590388569213516,0.37185521584791664,0.5568976538258095,0.3562189323158653,0.2272727272727273,True,4
0.099814672082284894,-0.99356130682677046,-0.053600007591297585,0.99089288668419229,0.094364676091450217,0.096055166570182607,-0.090378749470081607,-0.062699581201447571,0.99393181061951552,2.0397654683057782,-11.806228144672314,-0.81487729299169498,,0.1417616317886234,0.4090909090909091,False,3
-0.85239536983349207,-0.51871159563681801,0.066033431217311866,0.5200048149771106,-0.85415859782599379,0.0028429140955061605,0.054928370511479842,0.036760988994305799,0.99781336120594999,23.401518976666459,-1.6385899147203911,-6.9561443409409849,,0.5162503315016702,0.2647058823529412,False,2
-0.92201741462367237,0.35701626298969424,0.14974403190629404,-0.35546632672987227,-0.93391956116771224,0.037920229818405218,0.15338701930688731,-0.018265848712349632,0.98799735884210083,-7.6770497488416964,5.7797905603301922,-0.36459300065983585,,0.1010761223425315,0.5495495495495496,False,5
-0.91559390786538764,0.36716006098283072,0.16395513257862487,-0.37211863621695496,-0.92818503802099384,0.00050574104277571752,0.15236638887833481,-0.060547706918204908,0.98646766735008895,-3.5594397706783156,17.877916086376342,-2.244110937233263,0.1736992822804795,0.1517648714659902,0.3333333333333333,True,5
-0.90446914307913828,0.40146381429040717,0.14409155087334746,-0.39801012279061004,-0.91582954040960607,0.053330995390423526,0.1533737636425887,-0.0091136561558566101,0.98812622164254926,-18.976760860519033,6.1804049690433498,1.6449096993330314,,0.131889808151718,0.3870967741935484,False,1
-0.97656166420181689,0.1747201634775396,0.12569876883152759,-0.17658055622653437,-0.98427913821962076,-0.0037262888201461536,0.12307161806894264,-0.025834909328760244,0.99206145690973668,3.5352455339454156,-4.6089175407456695,-1.8825955780475216,0.295719130033504,0.208059566937656,0.1891891891891892,True,6
0.96641427245523015,0.19953281828792607,0.16195711908065738,-0.23592583509871093,0.93872153421544891,0.25127849397266422,-0.10189432922299749,-0.28104899150552365,0.95426883531105844,-16.755194677958336,-21.665781574226649,3.4860988076697028,,0.3744932254784442,0.6521739130434783,False,2
-0.29945137123150883,-0.95378552505595093,-0.024940899368556313,0.95282155424101278,-0.30030317720011418,0.04414847151665989,-0.049598004408540952,-0.010543906167077552,0.99871360459414482,-32.197983992484666,3.1587717053614366,3.8991795976402259,,0.2099825760772736,0.2352941176470588,False,1
-0.14221779730444342,0.93755104868685901,0.31744626196577408,-0.98543197123699255,-0.16432347671418057,0.04383634410554281,0.093262683822886244,-0.30658738739017743,0.94726250094649977,-10.028804048427432,2.736208037182378,0.41034123125529715,,0.5840816537204165,0.2966841186736475,False,4
0.91468576621489295,0.37895734157402461,0.14050367379902226,-0.39640592069610436,0.90896376431692882,0.12902411090905641,-0.078818114167668998,-0.17371300592053215,0.98163715111700278,1.7016924215302689,8.4986847155051297,-2.3950126886633565,0.1253404434825717,0.1248839297903141,0.5421686746987951,True,5
-0.98142151226637586,0.13817734784619673,0.13311211741600609,-0.1359854477862131,-0.99038354080773283,0.025463701371223391,0.13535055689270184,0.0068893134150588495,0.99077382086402865,-8.8037278068876965,11.36308569098605,-0.64456849303141595,,0.1048456385625386,0.3333333333333333,True,4
0.97093475891790981,0.16551765871919391,0.17288608555096885,-0.19481857682320244,0.9661456170723951,0.16914008613094428,-0.13903746275591497,-0.19790540989047703,0.97031027650256296,5.2035239150507753,15.406150419735912,-3.6086498642503875,0.6540048694435565,0.217220559759666,0.1666666666666667,True,3
-0.99058753429822965,-0.0489477287433258,0.12782979599382263,0.055351384752338993,-0.99735867112863241,0.047030897615564379,0.1251900998440014,0.053663777125701528,0.99068039141069641,-4.339184244958429,-21.747682867031028,1.1649943243668848,0.6124220784177277,0.3489117732536509,0.8160919540229885,True,5
0.23253502914118412,-0.97036682647971195,-0.065693852756574661,0.95997131054043683,0.21814991726081095,0.17568635842995689,-0.15614910554206365,-0.10391744640239804,0.98225181148808283,3.008635625859843,-14.958231853808126,-0.90598570966501557,,0.295523539235127,0.1666666666666667,False,5
0.8979272781899299,0.37904286206731169,0.22372552781979377,-0.43360850525320788,0.84906271677551692,0.30178828200223023,-0.075566310314208185,-0.36799322235280335,0.926752783134692,-5.8004052558334358,6.0400665064311889,-0.7377202689115675,,0.5008570880958291,0.2019704433497537,False,1
-0.99160320594392437,-0.012954184703290818,0.12866728822977613,-0.011363829403175169,-0.98239211522724323,-0.18648483938550769,0.12881748849836647,-0.18638111770781968,0.97399596180834203,-11.018321290772169,15.916657464431966,-0.77607141634130039,,0.138779695983414,0.3333333333333333,False,1
0.035925646144549822,0.98520724016384009,0.16755906981672036,-0.99576515323268633,0.021092134213566451,0.089481179483736101,0.08462332749650231,-0.17006415202230266,0.98179278701788897,0.97479582199306536,-14.153197192058693,-0.60545584302126332,,0.09868418608570614,0.4285714285714285,False,4
-0.52301733692569841,0.82141618621786738,0.22743859455783738,-0.83756517344926562,-0.54476578291580602,0.041410409186956008,0.15791594441364151,-0.16883628396592704,0.97291153951247034,-13.367399206710635,-9.7313644889892643,2.0882061365670919,,0.10506289910874,0.3142857142857143,False,3
-0.092940793014540252,0.95311167516302475,0.28799330489051739,-0.99120392088702869,-0.11593904624250807,0.063819470183951774,0.094216751228277329,-0.27952866082802974,0.95550349636392151,25.346685976742574,8.3015108804895998,-7.414449698638327,,0.252347935932895,0.5714285714285714,False,5
0.16375933615438168,0.95260758780041388,0.25636236753344432,-0.98065990212367415,0.12896103262415173,0.14722502651145253,0.10718692172584147,-0.2755137668603676,0.95530263690693829,-15.978913504185538,-7.7947117304396523,2.4747416969396259,,0.4120324279503476,0.625,False,3
-0.97926644294666265,-0.19270406024471232,0.062469023393948421,0.17970925729387358,-0.96871526576301448,-0.17115874713428259,0.093497682118198935,-0.15638375568739613,0.98326105607596881,-12.531675625308674,13.094183372655236,-0.2022852338965046,,0.7344557443451946,0.4909090909090909,False,2
-0.50879162223007701,-0.85535070004167513,0.097500077367669802,0.86084144559949349,-0.50429050938176778,0.068140206087526134,-0.0091154092974455314,0.11860127354161153,0.99290011946199652,0.13701301056712506,11.648891568634808,-2.2930858128959999,0.1642254498711959,0.1595118016392079,0.6351351351351351,True,5
0.39470013183265668,0.90260315606669339,0.1718119570627375,-0.9181762873665944,0.38052678158261344,0.1102346307476718,0.034119074562201444,-0.20126328814968325,0.97894278565920134,-15.75977977549865,7.6299565446185991,0.92384413697669987,,0.0676516668191022,0.3529411764705883,False,1
0.10175433694019378,0.95206479278381273,0.28847648995261033,-0.98922654851427039,0.066156778910805833,0.13059140981968345,0.10524680816256267,-0.29865684479961901,0.94853950809965237,-11.308518029909621,-9.4698117787513603,1.7007677554272607,1.006302323527067,0.6337722817494599,0.5849056603773585,True,3
0.47910540384311423,0.8220880122198605,0.3076187773409233,-0.87766695983558762,0.4436431005060405,0.18133258666424096,0.012598397568086894,-0.35686425926083631,0.9340712932324442,5.1018930281342296,3.7301550617850694,-2.7978636030613515,0.3377572429078649,0.1916437610999666,0.25,True,5
-0.65844579277765614,-0.74752769231801941,0.087472779715183663,0.75247466388851325,-0.65619733900387189,0.056452922777368526,0.015199282196001695,0.10299224000833694,0.9945660261233501,2.3479546010290511,-21.585309697588144,-0.2577931735265519,,0.1262470575333661,0.3684210526315789,False,1
-0.65716156860737907,0.72094161402838908,0.21995877319995621,-0.73831329354766284,-0.67444128969027239,0.0047357503866593681,0.15176347820306235,-0.15928633313333301,0.97549767337531124,14.420813787088623,6.3244129534544049,-5.0230594949548948,,0.5162749888516514,0.3333333333333333,False,2
-0.86211954055073248,0.48141718909458797,0.15807399484057777,-0.48362879756655558,-0.87486427187621396,0.026752419681765303,0.15117236508344065,-0.053385352286626657,0.98706480040385958,-24.239034503377802,-4.3497506321668489,3.4465486637721008,,0.1235910037313664,0.2857142857142857,True,2
0.77296773223792248,0.60327844914038287,0.19640773335522776,-0.63359557810749523,0.75002867462114942,0.18977257612382112,-0.032825726520411477,-0.2711311491673668,0.96198252147821817,-7.6739634871444533,-17.07631939848806,1.4351415194499555,0.6214140913354583,0.3208404519187503,0.1612903225806452,True,5
-0.40966226241990972,0.89793094342201085,0.16092498747633671,-0.90197262474006812,-0.42508940177518822,0.075791719322929205,0.13646323669220961,-0.11410092612976797,0.9840522159356262,-12.66971278068322,-2.3371677404762856,1.3640444438439698,0.4901023407230806,0.3873673497633446,0.9126984126984127,True,5
-0.99076587850318221,-0.097363795702144873,0.094357115684452111,0.0963735355531255,-0.99523210770799986,-0.015006446350925101,0.09536831569661143,-0.0057743461589792964,0.99542530673457796,-17.23933091124481,-27.550296449960598,3.9786685396534063,,0.5112511626450602,0.9545454545454546,False,4
-0.82230005227727732,0.55138350574086137,0.14070839925784867,-0.54703303768000533,-0.83405350453333948,0.071481516927402761,0.15677206291739088,-0.018192887966849584,0.98746723445188456,-5.1648394604658625,3.5001761142249399,-0.5591655687006285,,0.1182482806320613,0.5463414634146342,False,5
-0.85633689050356399,0.46233460157160655,0.23007356682659419,-0.48868686543912154,-0.86951635798298121,-0.071599237058079135,0.16694992515713608,-0.17374699821762962,0.97053578146320318,-8.2099371566228285,-7.078624959061866,0.8466881444483666,,0.2373285322316956,0.2769230769230769,False,4
-0.074540405662136947,-0.99650607907665278,0.037674424839680601,0.99381024285994501,-0.071112042239941692,0.08534798553640674,-0.082370681133410617,0.043803102763861596,0.99563866893460762,-20.367219354752137,10.017654696892189,1.4459368946721729,,0.1155928635347009,0.1111111111111111,False,1
-0.93754560430482725,0.28279718529356856,0.20256848678590533,-0.31392989048417413,-0.93869317755200399,-0.14248909529475154,0.14985414144857975,-0.19718232782721007,0.96884615181325451,-41.070016825227135,8.8237127912600748,4.6274917294832862,,0.3084808894526257,0.4761904761904762,False,1
0.2629555077210336,0.94830284231940121,0.17769670848982488,-0.96340490527254219,0.248152070253567,0.10134859903162252,0.052013358437782348,-0.19784405292505802,0.97885256359995765,-0.58439370281772596,-14.744660536793981,-0.21506284523584768,,0.0862239827704783,0.2777777777777778,False,5
-0.93096298791868826,0.28085170151254329,0.23330288657240855,-0.33254871477185055,-0.91603390466040813,-0.22426153886968153,0.15072911938009612,-0.28636376738357888,0.9461905332969599,5.4879635789549752,7.905470488584589,-3.1600201405920392,,0.5732323281237905,0.1777777777777778,False,1
-0.98925927753262466,0.068831542505890436,0.12895076801589431,-0.063328938343469629,-0.99691804017943708,0.046301908525236989,0.13174037871479724,0.037638277339035985,0.99056944869859154,5.5506413966238979,-4.6759814492508136,-2.3051413941191976,,0.07366716760758321,0.35,False,5
-0.91994917042428659,-0.37261272719243604,0.12187403074438827,0.38327561401210991,-0.92018256504652007,0.079773746859786679,0.08242164484714537,0.12009913621098382,0.98933455915684498,-10.376026375797974,7.4106705465693388,-0.020485110762261761,0.2526524729984951,0.2090076182440224,0.9018181818181819,True,5
0.70785689598217649,-0.70231376731011375,-0.075458512158362759,0.69230362440194404,0.66860203946110974,0.27145350332677093,-0.14019381744717069,-0.24439043572758815,0.95948893087646903,26.936851620636919,-2.1686190736238005,-7.5570552578334684,,0.2889109538173947,0.3529411764705883,False,2
-0.21661729063914367,-0.96795278812897245,-0.12706041613935287,0.9742695448030102,-0.22263736045341753,0.035092161513232301,-0.062255951245583717,-0.1161895248449006,0.99127402409768806,-4.1925330836983079,7.4830497412324162,-1.1772554943363491,0.5796343525210514,0.4662669590406304,0.3375,True,1
-0.8651668651247254,0.46907661286702934,0.17735113969594576,-0.48463545634250599,-0.8729686218041004,-0.055265358056757447,0.12889829302960876,-0.13376440709936852,0.98259468421491514,-3.2214606669215344,-22.260519311085357,0.94752961083738518,,0.1876947965781383,0.25,False,2
0.51017216723607717,-0.85308461596831187,0.10941205498409541,0.84887479166320468,0.51989984469786754,0.095476382220342548,-0.13833274325479034,0.044167742542854826,0.98940045616639649,-11.709647678581456,5.4297778174237852,0.44521238988364148,0.1386825139081171,0.1123050217048139,0.65625,True,5
-0.49824442120132412,-0.86663093389008483,-0.026520202988606315,0.8668884024566138,-0.49849170222828287,0.0032435313732578214,-0.016031045754338197,-0.021373984989900896,0.99964301544985268,8.2322453094393602,-3.5750375667097303,-2.9773229528416945,,0.3048092375277575,0.1666666666666667,False,1
-0.99169802950521235,-0.057657718438357874,0.11493739939620136,0.030259277525803496,-0.97337625316033083,-0.22720705514391967,0.12497757558496347,-0.2218428662094834,0.96703999312999767,0.21136062768263489,-11.686244773925292,-0.48596622389429728,,0.2397091777385812,0.3684210526315789,False,1
-0.92784135790114552,0.32897131647137812,0.17575064013324962,-0.34099361744869605,-0.93910998722957562,-0.042376700495899006,0.15110846246127649,-0.099248701879445872,0.98352220501005183,-8.5727832278297846,19.843776921861547,-1.5495344155348969,,0.1460841461818689,0.25,False,1
-0.67199456704832361,0.71720802585962173,0.18448834516055337,-0.72384228863391453,-0.68874825222878011,0.040965671445944353,0.15644693363167067,-0.10601175734013726,0.98198058242660946,-12.440847918167359,-13.090822052156241,2.0749815179442139,,0.1154944000356619,0.275,False,4
-0.84626489574761088,0.51189137853028488,0.14765819588377216,-0.50935626558244096,-0.85863776927642321,0.057422781924237248,0.1561791309272649,-0.026615742679346285,0.98737008325370668,-19.695512943337086,11.114310672042953,1.203260367783088,,0.1513738077671441,0.7777777777777778,False,1
-0.25380739984512152,0.91395210612904831,0.31665967770800085,-0.94881785877299041,-0.29886478713460268,0.10210048914880979,0.18795338426667429,-0.27453849768887617,0.94302817488632806,3.1438991335273778,-8.974463440504703,-1.2952086844462611,,0.3486847714733092,0.2352941176470588,False,2
0.28977897862524343,-0.95610475665336991,-0.043495262405375476,0.95184860333783172,0.28314202270223598,0.11753651051442413,-0.10006188020785706,-0.075460514740414195,0.99211558340970629,-1.5843595972033149,-13.120592661360671,-0.024294567553205925,,0.1743901563528907,0.3888888888888889,False,4
-0.34710431677074277,0.87593058444633576,0.3350585090855287,-0.92885721942166477,-0.37038866178523538,0.0060419491223599187,0.12939420082588879,-0.30912432847067228,0.94217795046381059,0.13203665151788149,-18.364935808056863,-0.021454166778767492,,0.185742705491422,0.2380952380952381,False,2
-0.91790925767247011,0.37375406857972771,0.13323096824415864,-0.36644582005473186,-0.92727814242290529,0.076633592824182653,0.15218428185456884,0.021520752887103166,0.98811780752680634,-16.865687898536642,-12.098492852586533,2.7806440652695015,,0.2736352363897593,0.9565217391304348,False,1
0.98244363933610768,-0.17155612645690654,0.073300688967619071,0.12533686061844571,0.89798396934090841,0.42180026336769944,-0.1381852629564313,-0.40520770757952052,0.90372094521473467,-31.248410463860431,-5.8088453539970555,4.5470075911076711,,0.3307002516421753,0.1666666666666667,False,1
0.68693273257169518,0.70757714676070149,0.16570456331546241,-0.72502747801117529,0.68283591104694785,0.089834707732811186,-0.049584040278486306,-0.18185076289823235,0.98207521248781782,3.4251175087789649,12.006940201353959,-2.931764022489916,0.1435093508867299,0.1400072438096261,0.3,True,6
0.25004798915404092,-0.96200076090674091,-0.10968381437053881,0.95587268694191851,0.22722330468188259,0.18621755064407919,-0.15421870664240583,-0.15140708644014855,0.9763669825927378,-5.5807318778148804,18.869765932852605,-1.9477709065214615,,0.7124734998604485,0.4339622641509434,False,2
-0.74262681165788968,0.64025777498261671,0.19640621217554505,-0.65113781677777716,-0.75886770198538334,0.011804848380768354,0.15660447684758744,-0.11912091528246249,0.98045155177273347,-7.8524301320400749,7.3506531346232951,-0.44254802962768736,,0.06977521392976682,0.2280701754385965,False,5
0.96384737750170313,0.21098955242613504,0.16273180896834219,-0.24641309909209294,0.93818499740270733,0.24308330926724089,-0.10138450314974302,-0.27439445952041708,0.95625773884741894,14.95279491524367,7.8551380354879523,-5.1426416120014391,,0.3059923481559722,0.4,False,1
0.20179304404989218,0.95983797160969397,0.194911866312101,-0.97786788707915839,0.18621322010744976,0.095388846709438688,0.055262670876646575,-0.20984686062317576,0.97617126176413171,-15.230860837936977,11.616654970659752,0.41072626323421735,0.101860964038987,0.1356330142579155,0.5227272727272727,True,4
0.95099384276390908,0.24420196088215612,0.18967370225322083,-0.29069460831743243,0.91516231351898258,0.27923929632084171,-0.10539144045086517,-0.32069197404346433,0.94130191865511359,-14.044737488859001,-13.050032669326368,2.3328726773289143,,0.3490253700491734,0.1538461538461539,False,3
-0.64286390687759998,0.75127515605529804,0.14937080413573997,-0.75116994880414423,-0.65649271116381414,0.069000204364669873,0.14989898347770564,-0.067845118342253083,0.98637078964732028,6.7842266845914114,7.9046678591245714,-3.4532982193138704,0.6248156608516716,0.5957803745721711,0.9392523364485982,True,5
0.34491833780470293,0.92788006741718376,0.14166834768544512,-0.93776274599339593,0.33415438831487693,0.094561498490860679,0.040402629530360473,-0.16546729362563964,0.98538733616138974,-13.845465591944269,-17.776779730228331,2.6254564109643757,,0.07996006131390201,0.5555555555555556,False,2
-0.32378663813586311,-0.94140704523618279,0.09441921491070944,0.94522186361655425,-0.31748932219053566,0.075869353735498454,-0.041446851580350698,0.11381258926267029,0.99263732199600618,-12.463660158229558,2.3834406915986426,0.92289199948010525,0.3097342497061073,0.1623976721488196,0.7004310344827587,True,5
-0.75792053146522365,0.62994689446085395,0.16947972782193998,-0.63324586956158635,-0.77287319834938828,0.040825089790201101,0.15670397782654916,-0.076380163866760636,0.98468773420867994,-17.911417983113417,4.1963681720018924,1.7922321110861004,0.5197462887391803,0.4238837727712615,0.7567567567567568,True,5
-0.24106412787298753,0.88105842742160201,0.40696945060066758,-0.96172126468059338,-0.27316734046986524,0.021721260593736677,0.13030846217339906,-0.38615495797670935,0.91318347177114934,-16.962125956989723,-16.536817257450725,3.1374771272562931,,0.2875578976814649,0.4,False,3
-0.98848075259558799,0.062962252702173357,0.13762832732663435,-0.070557462987835717,-0.99620217792111498,-0.051018282232422954,0.13389341344808461,-0.060141295628666339,0.98916913538349216,-20.863004588260992,-6.0092953367126158,3.1126813790701924,,0.1304485706467536,0.2941176470588235,False,1
-0.91648359965758863,-0.388190143649567,0.096779253623885522,0.39349287842571018,-0.91833045128765134,0.042808140184635489,0.072257637568060348,0.077314905491415939,0.99438485467244309,13.884804100972273,9.2937392029507198,-4.9802738619815869,0.267526103733232,0.2235591878112598,0.3333333333333333,True,5
0.97527022358303417,-0.18426696629782044,0.12203964980159157,0.15290207867548328,0.96123389460113928,0.22945664995079468,-0.15958992865783683,-0.20512212216463424,0.96563759748140643,-4.0225032417146229,-10.474181234636749,0.26030123970042557,,0.2366873166698502,0.2121212121212121,False,5
-0.98619884956234438,-0.11884269071776012,0.11527464588916179,0.11798734354018796,-0.9929129968677628,-0.01423964239046778,0.11614997152921958,-0.00044216969766051016,0.99323158860344396,6.3169484470833126,-8.165730999418777,-2.0263367946170292,,0.1784150162630889,0.12,False,1
-0.93394942126905944,-0.35096173517609264,0.067559891602745642,0.34859485848223876,-0.93621663787287712,-0.044497546109352817,0.078867630564995114,-0.018007426584388829,0.99672244353022943,-10.465110878811263,-11.090365452358721,1.5411623632082925,,0.5126082830541042,0.2258064516129032,False,5
0.9917670328503253,-0.047262336895581632,0.11901438594737118,0.0026119624937997275,0.93667136561638431,0.35019984364112533,-0.1280286304042664,-0.34700579872028969,0.9290832284845647,-19.404188514917429,13.219377667388232,0.91629834334882199,,0.7823239798892536,0.4375,False,1
-0.16145729520940011,0.91666929924572904,0.36558027523925529,-0.98432270582518389,-0.17623127024209867,0.0071659043983229725,0.070995440844142582,-0.35869197817793674,0.93075222920503675,-30.743651592621472,3.539088219980949,3.5995056185908054,,0.204570423947187,0.35,False,3
0.20880122313723196,0.95736247860738211,0.19964752382918727,-0.97690118946640725,0.19469443177910217,0.088080328412942333,0.045454540317938323,-0.21342718380970732,0.97590097959554423,-3.1217672021414971,-18.581496769112025,0.7061542510366654,,0.1086899297134511,0.4347826086956522,False,3
0.018982226714037747,0.9802457262112837,0.19687049376046478,-0.99521102482694768,-0.00035969798285713159,0.097749100662142541,0.095888952084551532,-0.1977831814434014,0.97554452589630825,-5.0651092471631056,-15.455005980152359,0.81499655507345126,,0.1019367241514754,0.1481481481481481,False,4
0.99511386621848719,-0.032879989678073582,0.093098332629885108,0.011158613109120516,0.97433248960854302,0.22483701885298985,-0.098101369068815336,-0.22269958682491653,0.96993866580049048,4.7805655441382466,-11.98372181665427,-1.46761264476919,,0.2410826040478647,0.1875,False,5
-0.82838121577333323,0.53088644806143181,0.17872923828688941,-0.53858179034395126,-0.8425488066680008,0.0064158781342285309,0.15399420918917489,-0.090945520214277736,0.9838773784822763,14.720249987639448,-5.4782061238796844,-4.2559105514332991,,0.07660368408207552,0.3333333333333333,False,5
-0.98884316197808797,-0.13090246214729306,0.071089706800309155,0.12539492458394041,-0.98910695052323516,-0.077094444126768524,0.080407175660915514,-0.067320025478337708,0.99448614885871167,-19.463765311194649,-6.9957706819532763,2.9945277943863458,,0.5358126386073634,0.1153846153846154,False,2
0.83874785316566369,-0.54248668489329122,0.047013142029404029,0.52278177916240309,0.82640821104027307,0.20916185144764735,-0.15231956599787927,-0.15085643983172314,0.97675026714893454,-1.777954224846249,-11.32230544236158,-0.1126210452080204,,0.2926152687658367,0.509090909090909,False,4
0.53825722222927197,0.8176650411140709,0.2042132298798357,-0.84268941967258582,0.51859569852397891,0.14468256095434898,0.012397769553855562,-0.24996476154120806,0.96817555913054232,-5.4033743098308928,-17.609479993432011,1.006900503280548,,0.09535574261871371,0.25,False,3
-0.67453501907690327,0.71518324571258896,0.18307220731429272,-0.72028427785857885,-0.69193382261656422,0.049174629525539443,0.1618427233726201,-0.098694022976241969,0.98186884191326584,-9.8389971333904178,12.444259495628726,-0.58157254082264509,,0.2895321838573157,0.4736842105263158,False,2
0.09136669707149514,0.93932221643276681,0.330644673905511,-0.99250820675800344,0.05885095582223808,0.10707018500414991,0.081114648395092859,-0.33795020153070632,0.93766202605261639,6.0339713140682694,3.767906285815962,-3.0169725202556514,,0.07407519436922913,0.3333333333333333,False,2
0.98978186091716991,0.021494017903812977,0.14096054410257597,-0.065979104508850486,0.94541272811132326,0.3191261996347452,-0.12640658830754778,-0.32516577421287074,0.93717052541839496,-5.0814786237052374,-4.4247757674013215,-0.065867753684705557,0.6050614826643236,0.3727970902292814,0.2362204724409449,True,2
