axis_00,axis_01,axis_02,axis_10,axis_11,axis_12,axis_20,axis_21,axis_22,location_x,location_y,location_z,dbh,dbh_approximation,score,reconstructed,number_clusters
0.99156912127305818,-0.08391500613565285,0.098736768647900888,0.067227989248973996,0.98455996427678061,0.16162324772397416,-0.1107748852372034,-0.15362274730181927,0.98190069574887595,-17.28302938710987,-13.665334218998632,1.8553969338487344,,0.2380950145510128,0.4545454545454545,False,1
0.97925237181064695,-0.17735767452461221,0.098025749629597037,0.16083154258381122,0.97449712797421473,0.15648821834284918,-0.12328019797734918,-0.13747582644679487,0.98280333227428407,-8.7717377289019307,-3.9407256913220268,0.0012658411897035655,,0.07542295498904533,0.3136094674556213,False,4
0.86002796948058313,0.48850392576842327,0.14736283866682157,-0.50892182329250846,0.84204195821211281,0.17878455858082201,-0.036748734505199866,-0.22875588543062533,0.97278994412623154,-3.7450167096020053,-3.3777814557841928,-0.62838969856580762,,0.07773820424675737,0.3306772908366534,False,5
0.98969075399971429,0.095679957912032515,0.10657184009591471,-0.1153152197789807,0.97364935316555734,0.19674688604300231,-0.084938869399132561,-0.20700792915790556,0.97464511784082397,10.226296583113463,-20.587161988539155,-0.85705737822415184,0.3176056041286728,0.2512294532041298,0.2777777777777778,True,5
0.36519506249692352,-0.93071231334224158,-0.020178109946241876,0.9250187777496155,0.36035153519080343,0.12036208662299025,-0.10475126318320538,-0.062620770346313054,0.99252496793922451,-13.539519126422016,6.658068898065209,-0.30788340674378467,,0.1853463327026629,0.8062015503875969,False,8
-0.12662700864426782,0.98153225263337118,0.14338771817091903,-0.98460289353499397,-0.1419302797312969,0.10204380303532239,0.12051034281056701,-0.12825846067941946,0.98439170279915711,0.10777369702424512,13.037800598792158,-2.2851756941074091,,0.2149601205166919,0.1923076923076923,True,5
0.64448993951744982,0.75576049918536703,0.11601200684360108,-0.76451849800028415,0.63456706141377328,0.11329656121912801,0.012007667391495239,-0.16171181910971932,0.9867649687154697,11.823540783499679,4.0856001313031518,-3.0130866137841337,,0.2949821108185027,0.8227848101265823,True,5
0.18353200369959868,-0.96812903798126637,-0.17041763240779764,0.97737396000447052,0.16117222284647195,0.13698049820287672,-0.10514820931994789,-0.19170206154393854,0.97580437264679931,-14.848774330076061,-1.7543864676997134,0.50352905043323171,0.6988538676461463,0.4455308612717083,0.3866666666666667,True,4
-0.21681262644054494,-0.97372603898446042,0.06964112304943304,0.97312702839776111,-0.20990850405578393,0.094668931159103201,-0.077563339392374878,0.088295078734301882,0.99306994086701028,-13.871778214457247,9.1194045196214581,-0.43425130287915675,,0.1097693920585085,0.4133333333333333,False,5
-0.75313701416529366,-0.65206437988262644,0.087158948952306289,0.65778946806803629,-0.74840375007350224,0.084881344090961278,0.0098819832500944282,0.12125952071571018,0.99257164730957326,-6.4315381656408697,5.252121983203355,-0.9913424962531765,0.4125706761570644,0.3364094876075607,0.9773950484391819,True,5
-0.29458849657301789,-0.94257430593387181,-0.15738899415184721,0.95308549667538067,-0.30179081345525771,0.023459346560773503,-0.069610729876173991,-0.14309431402852801,0.98725800253976792,-19.711717096139985,-17.536592648497479,2.5298718041547339,,0.5144802352794149,0.1,False,1
0.93474000290819337,-0.34386476690909351,0.089544117851174568,0.33110052526943395,0.9343518522606078,0.13175377923792791,-0.12897119496032936,-0.093507423532714254,0.98722985804460872,-5.1937084283115231,9.7737183786657216,-1.4896260234535943,,0.07526540949112176,0.3157894736842105,False,5
-0.67825738800220725,0.72576162577557224,0.11505206722184687,-0.72001398967484742,-0.68766706327893501,0.093240896359017625,0.1467881817209104,-0.019597771121288889,0.9889737898822929,8.9703377490161973,-3.810638309328668,-2.0900456971097143,,0.09658843482559934,0.4358974358974359,False,1
0.95326424078359784,0.2743855855241204,0.12649046485745968,-0.29399286500853461,0.93891902940525562,0.17888334619177612,-0.069681292807641168,-0.20771039135603889,0.97570534012855403,18.028553056574076,-2.3565524224785817,-3.292703906498311,,0.1319425255383016,0.2608695652173913,False,5
-0.3348267744939622,-0.94157405681400241,-0.036459931661913261,0.93823870924493802,-0.33672083205717918,0.079543734719427273,-0.087173135519855283,-0.0075747470943229589,0.99616437782631739,13.396417997219181,-20.552145259544677,-1.2148259286583381,0.3369011994945247,0.2701676649302081,0.6428571428571429,True,5
0.71893964523049925,-0.69477423056323584,0.020360625263219537,0.67903818884710809,0.70830892140410284,0.19288755778068567,-0.14843491706160156,-0.12484887025769217,0.98100959984716518,-3.2039806940945712,10.60445859832465,-1.7525428667075786,,0.473064537586781,0.8461538461538461,True,5
0.84655249943582167,0.51642547292230867,0.12904881485675901,-0.53127288668219652,0.83479671422290702,0.14444225766376392,-0.033135865392807398,-0.19083809064127888,0.98106209670186617,7.9136428821266849,-4.6186537224483111,-1.9396366867600245,,0.08792805469385576,0.3414634146341464,False,5
0.95130787368046399,0.28893445454179656,0.10737881752091336,-0.30072168783820274,0.94644434212341988,0.11751414266508764,-0.067674189594687573,-0.1440832684290666,0.98724881150675525,-22.78906076190485,11.60232708202472,0.45569026841719124,,0.3248901356893468,0.8181818181818182,True,2
-0.27500214168578868,0.95036870160760745,0.14550997585354733,-0.95280013771754579,-0.28963883277721852,0.091001341269660654,0.12863016611066089,-0.11361636128710055,0.98516272910328029,-1.3394859723493593,7.5281429975269436,-1.7333442058917801,,0.08220423849163896,0.2771084337349398,False,4
-0.79249306748093984,0.57145136868806501,0.21306823137011421,-0.58992092688180897,-0.80690157144679175,-0.030052521085705719,0.15475153641098024,-0.14950982315967196,0.97657502259539974,-5.6346327804920424,-9.727269248969229,0.11082785511757996,,0.1549273254968865,0.3125,False,5
-0.81499826787153473,-0.57322011458748379,0.084832326378049216,0.57888538997470984,-0.8119503282859154,0.075022461104822719,0.025875251500773383,0.1102513701897089,0.99356686072506728,0.62728398659666407,-3.1556698860071517,-1.160609771114421,0.2306690709680589,0.2045744669994951,0.8149171270718232,True,5
0.64884711288136232,-0.7556350178208554,0.08951616584950664,0.74302134904778705,0.65455114174108364,0.13957821357450717,-0.16406309446285466,-0.024052498587871313,0.98615656888090197,-8.8016127349195674,8.0761452625362899,-0.92322665270364657,0.09812490030701432,0.249544624552535,0.4411764705882353,True,5
-0.044886250865514545,-0.99782846950009085,-0.048203422475432189,0.99406510722633823,-0.049399201082961891,0.096924101891402881,-0.099094838807720215,-0.043566780779304717,0.99412380945946599,-0.80954932325330176,-4.0260891300078772,-0.9449474879717259,,0.0756152075855944,0.3076923076923077,False,5
0.56685355100934542,0.80206282277124774,0.18807519782340459,-0.82381039895093211,0.55289574359861748,0.12507087307138229,-0.0036712788509310271,-0.22583517228002664,0.97415860960772149,10.654175341928962,-7.9595810007329879,-2.0080929539479722,,0.1315946657807764,0.1111111111111111,False,4
-0.35853507226308556,-0.9333396907469248,0.018155540028829339,0.93227371427142358,-0.35698700723260784,0.05853202837481486,-0.048148973362556351,0.037911717760349434,0.99812042260470313,3.802143480566722,9.4835479291405829,-2.4389077402490482,,0.179219477513882,0.1111111111111111,True,5
-0.30697325595115571,0.92521341187862727,0.22304161632003822,-0.94114670160833502,-0.32994284821462794,0.073352593435885932,0.14145778940198947,-0.18739759708152046,0.97204518126760675,8.7956325790358552,11.343434851454003,-3.1958335750717666,,0.3196548267700322,0.2549019607843137,True,5
-0.67793305950815541,0.71069588374015635,0.18793117799000203,-0.72031971857262889,-0.69325343316089172,0.023220259388858744,0.14678647710658013,-0.11962875175071885,0.98190767992373107,-19.799327230189782,8.7366020593411697,0.33177137187853778,,0.06610463119775187,0.2222222222222222,False,1
0.99203086939180496,-0.071929207874407292,0.10344536349348969,0.058626805693444764,0.99025392267849444,0.12633315587777549,-0.11152422081289322,-0.11926171923301941,0.98657943952712812,-12.617438226503564,-6.2016277452809199,0.64540168122922037,0.2506886328024505,0.1415841194030616,0.5428571428571428,True,2
0.93786464537301173,0.29861839732605655,0.17673980801668016,-0.34139821785296592,0.88522484624235587,0.31594972454809417,-0.062106068996308286,-0.35665673184956892,0.93216887516169022,-14.879563797131924,-7.8996994653023522,1.077666236686299,,0.6144862296894846,0.5357142857142857,False,1
-0.81055233078194455,-0.58033508468824191,0.07884230174119175,0.58519660596357026,-0.80792002263439222,0.069355384759673802,0.023448911119200264,0.10235441615453318,0.9944715793128478,-1.212002143756769,4.88198423443351,-1.5365647542968908,0.4045857206485728,0.3172024015996927,0.9297658862876255,True,5
0.57442274730410769,0.77749305575155869,0.25601378017151011,-0.81846820283092458,0.54089137782504471,0.19376872386750937,0.012178190929663706,-0.32084430126251268,0.94705365529786756,-9.560352038978456,4.23742002618713,-0.55657011270137269,,0.07584444950843275,0.3703703703703703,False,5
0.8774244068136775,-0.47298927689692905,0.080047200252013451,0.45843139900915686,0.87589140071851479,0.15051546947030198,-0.14130485741889143,-0.095369796517965288,0.98536162863283283,-8.0428950970617574,7.5412655994103011,-0.95781644607975081,,0.06820896172402896,0.2121212121212121,False,4
0.95053002135069575,0.24971447293408605,0.18475757228946588,-0.30322068530309554,0.87504288248616513,0.37730249113228065,-0.067452905907505106,-0.41465966263618531,0.90747312338552377,-6.1531670159288536,10.713486219965594,-1.4441297817903784,0.7359913424214479,0.3809259277930844,0.2535211267605634,True,1
-0.90582773491060098,0.40384966341197093,0.12799048413365638,-0.40001295982510637,-0.91482493652586494,0.055542483581537683,0.13951969982295581,-0.00088593029377866117,0.99021889927875384,14.003345512317344,3.6272236940778178,-3.2414448262476516,,0.1174034717428228,0.5925925925925926,True,4
0.9747998026482193,-0.20651164891508711,0.084369921295239542,0.18860862037526599,0.96491612677916538,0.182657210647796,-0.11913073942997224,-0.16214131843508084,0.97954992714971034,11.99900353889109,-15.248985241533797,-1.5428473682101289,0.2023036285288574,0.174118791461008,0.3684210526315789,True,5
-0.77137261400023183,-0.63136357018113709,0.079776767411172345,0.63627550577072678,-0.76746952303589089,0.078383748106780518,0.011737594585521705,0.11122307970556039,0.99372614709192153,-4.9837670683500255,10.858032788041648,-1.5956246968714032,,0.07548399544757839,0.25,False,5
-0.77322393659273081,-0.63342895443318603,0.029874798170399772,0.63410692478788733,-0.77276130603676285,0.027356385514287429,0.0057577613783565407,0.040096428494796679,0.99917922546751969,-34.793143652100646,3.6955432136610429,2.6259600625476072,,0.1442069304267551,0.3157894736842105,False,3
-0.8094431088260966,0.57167829761630351,0.13411106445207915,-0.56872539807053191,-0.82009396871642526,0.063224236369125442,0.14612759891088223,-0.025095946076390575,0.98894737894747065,1.8143690480903008,2.2545125512561377,-1.6653157300607857,0.1733734890941113,0.1176428124709262,0.5,True,5
0.98763586887556931,0.10952194307822666,0.11216209027460622,-0.1279421655310044,0.97657720975223605,0.17299640363826829,-0.090588038888344963,-0.18520771413984694,0.97851515564832048,7.5780615912894671,6.0525950508916884,-2.6379955059077562,0.04584089217693393,0.1279799865809896,0.3653846153846154,True,5
0.97525427873289861,-0.20059569681337203,0.092954065178089462,0.18474041690156337,0.97036093599848283,0.15579034710529033,-0.12144986692545751,-0.13476282984602242,0.98340678740574206,-11.767186044583159,13.317776209740735,-1.0221222581769589,,0.07757494557482009,0.5238095238095238,False,1
0.97549865935914759,-0.21129878288178827,0.061279604610179478,0.18267285378873582,0.93314185571589836,0.30963996124494064,-0.12260911090609944,-0.2908592468252712,0.94887718091386908,-10.769134518367959,-14.229675485441092,1.0819881873679664,,0.157344589233898,0.4,False,4
-0.91276993052287747,-0.40228006330804805,0.070864692182589784,0.40408240128784595,-0.91463546117530481,0.01262482198232269,0.059736646229167405,0.040158732867333326,0.99740604032248614,-3.2929069600570662,-27.123751326026479,1.2225183192761617,,0.1773591119571064,0.3333333333333333,False,5
0.80528188490076835,0.52066824072772933,0.28359419766306432,-0.59249172441059661,0.72428423633544481,0.35265549974577143,-0.021786288247966676,-0.45201430076212573,0.89174459883472423,3.0678857398066457,-24.545404073433595,0.26911769834546923,,0.5348218155474262,0.6363636363636364,False,1
-0.76684791541898323,-0.63696114677843452,0.078897224997221571,0.64172507269429202,-0.76311946864315483,0.076404238451123582,0.01154147707473846,0.10922075843213888,0.99395051196447537,-4.7139679015711886,-2.8655032448078139,-0.5484531042528944,,0.07619403904777482,0.2165605095541401,False,5
-0.6374966072437831,-0.77024340122039192,0.01797716966342007,0.77044789849658446,-0.63740494354451016,0.011179161293040918,0.00284806159725913,0.020977149984243167,0.99977589875115336,-20.75555013609031,6.8116035241090254,0.56855280385127782,,0.1972991924324508,0.3023255813953488,False,2
-0.98050922257818152,0.15232798221412702,0.12408807466353769,-0.15633043972129645,-0.98743405038877419,-0.023125521602054971,0.1190061261266713,-0.042073530484065716,0.99200169353531376,14.437677527537828,10.413393573114954,-3.8079832169613517,,0.4524486163324983,0.3043478260869565,False,1
0.76144801192524569,-0.64671217237263923,0.044275176342434913,0.63122096209550949,0.75528325620590964,0.17637261665638171,-0.14750261742190038,-0.10635115890323515,0.98332721352234964,-1.1622780068647414,-5.9825722991772947,-0.7277975805570307,,0.06871093184307689,0.2156862745098039,False,5
-0.99327271058984867,-0.01410307852129363,0.11493661546137952,0.0094456368814038634,-0.99911588435475096,-0.040966200384327689,0.11541274774217733,-0.039604959364282266,0.99252775520503922,-15.830326287009729,17.170640173138043,-0.82358359332580944,,0.2439120730889545,0.2857142857142857,False,4
0.83327222916023425,0.53231116540252543,0.14933926241326739,-0.55206316663085397,0.81565997732965401,0.17298861648126551,-0.029726287353919904,-0.22659131618487341,0.97353619515134537,-30.571434310925284,1.4031212433505666,2.3120813761364349,,0.1427918307733294,0.2857142857142857,False,2
-0.78680369321896704,0.6055377613753421,0.11943185456792516,-0.59975321262121506,-0.79579561689202605,0.083698387594821483,0.14572588063733458,-0.0057754379903447034,0.98930814816643153,-9.0699290829250199,2.2685690901517375,-0.47952935577968359,0.2236761972420235,0.180496450968262,0.8301544050862852,True,5
-0.9463330729932431,0.26726749191834048,0.18171902135672266,-0.29550141703327354,-0.94324002892328085,-0.15158219014163932,0.13089166318178039,-0.19714546812059489,0.97159715773000244,-30.920378546126141,-1.6188928448461055,2.608895321452565,,0.4474028747184605,0.12,False,3
-0.73949354488728847,0.65067784934840178,0.172532992315586,-0.65235225352890513,-0.75593113089685005,0.054814803263061859,0.1660898382978033,-0.072017093167856899,0.98347735302134009,-27.973848692068927,3.7788534525630806,1.7730113247623915,0.4468065554281021,0.2215635839664397,0.5,True,5
-0.86428330311726864,-0.50170447573168397,0.036152330263773375,0.50156922367655854,-0.86501411332886635,-0.013375260833760561,0.037982704132266551,0.0065728816110417337,0.99925677951872283,-20.053258666683551,9.7940598236672898,0.2532902597967101,,0.0855770018015656,0.25,False,2
-0.45382608303814548,-0.89108942961746729,-0.0012307632887380848,0.88977787815461573,-0.45323218812783955,0.053627522705442139,-0.048344740157812371,0.023242462624885982,0.99856025057590103,-4.6018496964052868,-15.006699077501555,0.43638356375878617,,0.155985318807081,0.1851851851851852,False,4
-0.82308767405207317,0.52828253937450298,0.20843281751100717,-0.54777239086600849,-0.83537112043069228,-0.045831200674969139,0.14990693322354076,-0.15189683914551685,0.97696226213150927,-0.30107116440924009,-11.58967950094979,-0.41412936157946739,0.3374114187172627,0.2746108958428663,0.3103448275862069,True,5
-0.62903494418162387,0.76243181645264879,0.15169958556019925,-0.76408740415439924,-0.64232364439390943,0.05992307289449985,0.14312748796445079,-0.078218035728607652,0.98660856527588758,-10.68421478325104,14.8599190014613,-1.2476371819764143,,0.1019716227974961,0.391304347826087,False,2
0.30088622158489303,0.93728845133267036,0.17594840339932144,-0.95112820200918324,0.28150070316311415,0.12693501274845398,0.069445122241554996,-0.20554248494429567,0.9761811624282547,-1.2775790987933822,-8.8801974351910875,-0.52546393501519939,0.2466484238433747,0.178317278144496,0.49375,True,5
-0.77437972646086217,-0.63271889636410394,0.0016844673313604064,0.631353003793651,-0.7728775246127918,-0.063668803578659214,0.041586342074465057,-0.048240337189885824,0.99796966187388292,-11.926556695177647,-4.6248931963423967,0.42158721509801594,,0.5001669558638543,0.3610315186246418,False,3
0.061110016493366844,0.98310822375958129,0.17252184285029282,-0.99324202253257876,0.042808820718779873,0.10787812356571576,0.098670413800555773,-0.17794837803404689,0.97908044827556384,30.149468082970749,2.9002028530425874,-5.1148347229087321,,0.2406760692652932,0.6086956521739131,False,5
0.90863855326426168,-0.41705413106745892,-0.021019783095838435,0.39461074928187806,0.84109699440785479,0.36991648050508386,-0.13659551995956559,-0.34441500803193836,0.92882719930530444,-20.619347132340479,-1.1257525099167542,1.2027589127442668,,0.5379138114955442,0.1304347826086956,False,1
-0.94872188688481307,0.2972315053813574,0.10761140067136109,-0.28822780202830317,-0.9531655779257977,0.091652142338920911,0.12981338715114632,0.05593579592812304,0.98995942909304846,3.9947772405840416,-5.0041233229010897,-1.4267664458942617,,0.07635068734108663,0.4375,False,5
-0.9853520282407866,-0.15473783039785985,0.07167694389085158,0.15626488679817391,-0.98758270004366844,0.016177012345080469,0.068283713986008521,0.027140641448244265,0.99729670609405696,-2.2436962798922688,-11.916892400306121,-0.128272041709833,0.4170532049609449,0.205785790996152,0.2682926829268293,True,5
-0.95766270957343269,-0.27208323801966833,0.094089565208921866,0.27994624730817125,-0.95634842760810068,0.083831877168450281,0.067173159152623202,0.10662268332886045,0.99202790791852735,3.9642784376855298,-3.94224982043756,-1.5198840787043228,0.20134484171586,0.1194140522272103,0.2,True,5
0.96319428956103292,0.21478598627885603,0.16162840299661102,-0.25909769021831713,0.90196811405275279,0.34543003366188679,-0.071590135357804799,-0.37459378175610203,0.92442108975786108,11.784003947037288,-13.354714056814752,-1.6841870239440881,0.8861560323658176,0.4740621406080523,0.1515151515151515,True,6
0.1170984518969239,0.97480937899934761,0.18982788830477271,-0.98721398449266295,0.093440467290168083,0.12914111620516153,0.10815036470333234,-0.20252297076504802,0.97328718522696833,14.809466070616583,13.219327612282195,-4.0696935949616568,,0.3736906028494926,0.7678571428571429,True,5
0.87676438361310982,0.45073860953307859,0.16768697475865366,-0.48011875163810191,0.84049231956048931,0.25111480459203939,-0.027752476519995489,-0.30067817785136075,0.95332178901512132,-2.1587161242251409,-26.105531598931194,0.96208702814669289,,0.2330286983075916,0.1388888888888889,False,4
-0.6039541866316358,-0.79529306946009526,-0.052423984194814616,0.796425153724024,-0.60473595577359174,-0.0011825016975782893,-0.030762232782802143,-0.042465956522132559,0.99862421739655216,6.2593217289457739,-7.4330669973935715,-1.5483261557661665,0.4728300027644388,0.3956198136809479,0.4883720930232558,True,5
-0.83013585834914483,0.53593189105040484,0.15379032751791144,-0.53875882278015674,-0.84205062980643408,0.026261525453191437,0.14357363114259225,-0.061055261834881636,0.98775445706046083,-26.140531627136948,17.144931278852376,0.38377687270717109,,0.1301487843565958,0.3125,False,1
0.87294600564297653,-0.48654503821682082,0.035202230306668345,0.4671825021394696,0.85460735830112378,0.22668650783025995,-0.1403772806642011,-0.18143921550802172,0.97333140817974062,-5.4585863141518427,7.8147706151919216,-1.3150503831849083,,0.07987080094404587,0.2093023255813954,True,5
-0.9615586108404317,-0.26363867169377864,0.076809431101650061,0.26598837866802533,-0.96372567883938676,0.021977223644454202,0.068229175080563781,0.041562804682832188,0.99680354781407288,-5.1533913805295848,12.607759213047684,-1.6938137240375533,,0.520593306361746,0.6181818181818182,False,4
0.73717338831542656,0.64348590767233216,0.20615839101688124,-0.67567805018941141,0.69934343169648516,0.23319077390673099,0.0058794601614148428,-0.31119873259719377,0.95032667056024045,-17.270734410212796,-2.2650560183868667,0.8799848688812556,,0.2004807197798177,0.1875,False,4
-0.85147182232565743,0.51228287848073895,0.11208027569966478,-0.50479288220906549,-0.85859335816010429,0.089451614822875822,0.1420559110226986,0.019588204073986412,0.98966480204393825,-15.420239250386546,-8.6751797047047461,1.2118494967505298,0.302711743402974,0.1993267722911106,0.6901408450704225,True,2
0.37862123778542001,0.91105284283426879,0.16318295211643458,-0.92311878426161653,0.35893525493862954,0.13790283864191319,0.067064658660079823,-0.20285019183066871,0.97691050318494854,-13.144562676421302,-13.249409057552695,1.3377630710754496,,0.1966664938714253,0.6363636363636364,False,3
0.43337974610806623,0.87566637474593223,0.21305021896873391,-0.90059847679908511,0.41209169559575698,0.13821294443062448,0.033232202010653029,-0.25177139345114558,0.9672159976908945,-18.68117581111272,-11.578407135281662,1.8850348954517306,,0.2985388558411478,0.1666666666666667,False,2
-0.48077119234818022,-0.87661297082427903,-0.02021781369834022,0.87615717593447118,-0.48117956830007452,0.028545159118256572,-0.034751455604645334,-0.0039902923684543568,0.99938801969013658,5.978296307577188,6.1104849602827445,-2.4426388223898772,0.3443305772264535,0.4699689009104504,0.24,True,5
0.73871161240476901,-0.6724596916562332,0.045859751372520109,0.6517902125727546,0.73002152875932791,0.20551906564174693,-0.17168189331641615,-0.12192838326450794,0.97757802597122323,-11.93213690608853,-20.029903724637965,1.7255527023652235,,0.2194308978685748,0.5454545454545454,False,4
-0.95952798577305787,0.25105920161894268,0.127574769452105,-0.25137958030558194,-0.96778950495050409,0.013848491363623164,0.1269423141576054,-0.018781676978318552,0.99173227107228601,0.034042524565924021,-9.8201877798504604,-0.5878165611515529,,0.1001720943296851,0.4230769230769231,True,5
-0.40194996849866144,-0.91445331115520445,0.047025147965826769,0.91500584092647375,-0.399188722291411,0.058418105633338505,-0.034648721395777987,0.066509440778235063,0.99718401531161971,-16.066035158894113,5.5270652330857244,0.053859600380202759,,0.3232610688599092,0.1692307692307692,False,3
0.41655102590465065,-0.90613276126498332,-0.073543604617124739,0.90368046624996745,0.40387513872237735,0.14229015159251923,-0.099231334446457611,-0.12573102753209869,0.98708907955649994,-12.13321041549262,-15.79682306698799,1.3993163692818353,,0.3200466824569816,0.2142857142857143,False,3
-0.28272677743818336,0.92695279427317734,0.24662539712804979,-0.95039140100714781,-0.30547847658329125,0.058643714377780091,0.12969870551046722,-0.21781050831743634,0.96733491007789485,-10.046888568427899,-16.984952933551387,1.2148491063176003,,0.3006574573314921,0.1538461538461539,False,1
-0.61399490636819931,0.75553077361593157,0.22843709215715846,-0.76293507857869391,-0.64227004485701789,0.073615591782495771,0.20233714643640846,-0.12908307247147682,0.97077146619237564,-14.677276807814007,3.24158125104467,0.046179842012134806,,0.2840931301627324,0.7979539641943734,False,3
-0.99416114888914808,0.010555558988831976,0.1073880357108925,-0.0059803368165889251,-0.99906414339875749,0.042837751417048965,0.10773971232080946,0.041945411540978111,0.99329388241330108,0.92002395557328787,-7.3760793382423788,-0.90304729729621958,,0.07942805927029474,0.3114754098360656,False,5
0.37232607528727729,-0.92381925200866111,-0.089057752494274306,0.91848192094080161,0.35298636207956374,0.17830196042313007,-0.13328261164183777,-0.14818440472598293,0.97993730801002665,-2.0070949279251509,-15.87177812335009,0.16509676593602785,0.1534986478967114,0.1848816820784283,0.609375,True,5
-0.95376715182880489,0.27448629686023979,0.1224152479404437,-0.27311574427728885,-0.96156860188977522,0.02817115701571897,0.12544325537959577,-0.006564807361538777,0.99207907597331879,-2.7668406421957439,9.0376840907490443,-1.689186479507262,0.2742620930105117,0.1894628405784828,0.65,True,5
-0.67906056150020877,0.70883741944525036,0.19085666508984522,-0.71925571267832467,-0.69445447503070357,0.020104772802080562,0.14679228043263925,-0.12362238836079016,0.98141200904684123,-15.881746998401184,15.050812175551844,-0.64238338874921741,,0.2496914001913257,0.25,False,1
-0.9188637593609168,-0.38866796394057107,0.068019155679955923,0.39213068630764225,-0.91865915257769504,0.047946702088134605,0.043851072837738175,0.070728885128508778,0.99653123795466514,-7.1992936824893761,-8.5105674547800572,0.17849588752306886,0.535444662766945,0.2917552704479837,0.9183222958057395,True,5
0.34714960534350409,0.92576928581602003,0.14979446234606567,-0.93571855342726162,0.33126747723114569,0.12121323071722279,0.062593452387958728,-0.18224458282376987,0.98125887091508512,22.839365774635731,1.6954916149708879,-4.1893943774647218,0.2500454436727205,0.2274285024221502,0.625,True,5
-0.74974949612080422,-0.6607583214418068,0.035695009623270491,0.66150525592190978,-0.74979271922548518,0.01488874017978789,0.016925999358631982,0.03477526192364612,0.99925181596224921,12.742658834714156,6.517240445833111,-3.293741001586187,,0.6563176403995381,0.3611111111111111,False,5
-0.42511143896796166,0.87409452334523785,0.23502984643753072,-0.88664907698087025,-0.45436156898653646,0.086075425744300813,0.18202658802372432,-0.17179734830885268,0.96816940272169683,14.310899094904901,-6.3134393699480142,-2.5617698986561517,,0.2709951342460235,0.52,False,4
0.39204494726018779,-0.91644261125903415,0.080210345944138228,0.909711143630894,0.39917658668004125,0.11438394904986407,-0.13684441706378417,0.02812459626720562,0.99019321983301778,-13.615227049857115,-16.481465060328162,1.6408776988604454,,0.09274264822080916,0.3333333333333333,False,1
-0.75419122758222734,-0.65218741251253154,0.076466798012088735,0.65662134899642821,-0.75019827135910999,0.077787901963697129,0.0066329691785530637,0.1088766853371818,0.99403313380886049,-11.425292677360224,6.2424417335097653,-0.51301903252157055,0.302789170622213,0.25959732927073,0.8695652173913043,True,5
0.24097041806581901,-0.96779224503352801,0.072879544936494109,0.96213704352209906,0.24806712678269863,0.11293808078913811,-0.12737961807032444,0.042905373355124454,0.9909256086293855,4.3141494963733855,-10.771038641354203,-1.0220205348783176,0.1128775221046832,0.09700543388987433,0.4285714285714285,True,5
0.84026360359707442,-0.53787447656756815,0.068177151064134384,0.52171858774911162,0.83635541370041444,0.16828350237346656,-0.14753573013724527,-0.10583321516032793,0.9833781261049569,5.0883217800253044,10.572469855201376,-2.6877128982128973,,0.1716536517964956,0.2,False,2
0.31718178522069984,-0.93689693976532318,-0.14703686402594046,0.93921246177412077,0.28883453268506099,0.18561940732800239,-0.13143693077824894,-0.19697395002125417,0.97155833393606306,-13.414420225450586,-6.7450203574389072,0.76983711371661201,,0.6407995454963744,0.3787878787878788,False,2
-0.27961928928587038,-0.95676399800796319,0.080098097200135041,0.957376454488713,-0.27155897651444721,0.098417715199280997,-0.072411169372449818,0.10420352388591975,0.99191645220747826,-10.421194619434772,-7.3840279618775728,0.47105897362057786,,0.1179110809775089,0.5867768595041323,True,3
0.23016565560374513,0.91862049282678049,0.32118555562039386,-0.96985310372453293,0.18938112044816982,0.15336149586414002,0.080054532516210447,-0.34680135722986827,0.93451596585993768,6.5665517434805549,-26.599355850802745,0.091163527673955941,,0.3148974799629494,0.7857142857142857,False,5
0.039284218311643256,0.92986161628886543,0.36580612999825673,-0.99326852517158815,-0.0035843081367763555,0.11577905526751735,0.10896966135168701,-0.36789200492513974,0.92346146948156926,-6.4827260357556717,14.25797685568034,-1.6575887623370107,,0.4941387862874504,0.4933333333333333,False,4
-0.85822914818715168,0.4779802083365029,0.18702312595117532,-0.49877675549994094,-0.8626330812114017,-0.084177879354825597,0.12109697508570587,-0.16552669766027678,0.97874227199338582,-10.71815714877472,-20.824654827507914,1.598721065295551,,0.3197005106067599,0.2758620689655172,False,3
-0.99399565939691448,0.028548206267775978,0.10562967868448175,-0.023486030891248798,-0.99852940518307587,0.048861368561572263,0.10686924465471646,0.04608716636577926,0.99320437858645427,15.846092935696023,-3.0199449678620707,-2.9532983796822103,0.3543035379568438,0.3602132211307699,0.5789473684210527,True,5
-0.3752983258148806,0.87719408443497893,0.29946903825408638,-0.91423680545467934,-0.40354851971241207,0.036327066905341411,0.15271617528137538,-0.26015212947466126,0.95341420135071853,8.3092422921302127,5.5816809558711178,-2.6944077558195221,0.478342879464595,0.2414654284316097,0.1875,True,5
-0.098255547203387236,0.94982280596383939,0.29695535811758211,-0.99347518505855792,-0.11098285656604247,0.026265228369570043,0.057904266825747487,-0.29243707497412119,0.9545300692298555,-29.368747902780932,1.681714179890873,2.138372113241982,,0.4091536904343774,0.875,False,4
-0.5312803519122461,-0.84560648091962731,-0.051873568401667569,0.84688092406726712,-0.5317561998561755,-0.0052956931075961583,-0.023106019193505439,-0.046744233240493843,0.99863961894959197,-0.97241273414704965,11.815723667692021,-2.100653100047261,,0.8920838981352576,0.8956521739130435,True,3
-0.53490408963321423,-0.83583494002011183,-0.12352152822581063,0.84406054705796474,-0.53518790890329493,-0.033700075132400475,-0.037939528118747672,-0.12228595669698113,0.99176949791815661,2.184472560133369,-11.515904506695401,-0.71328651242244112,,0.4702691052906218,0.2333333333333333,False,2
0.87123897965166486,0.47349773990795613,0.12939293117316369,-0.48926195344657802,0.85893679460538241,0.15116323555239783,-0.039564899155237684,-0.1950063413714761,0.98000364569717135,-17.517406556163259,16.015497964510168,-0.53386508987120262,,0.09386529146165412,0.3076923076923077,False,2
-0.77275808956165448,0.61837704405830984,0.14302016081213204,-0.6187985980252253,-0.78414502766296834,0.04695605044568632,0.14118509163164789,-0.052215007164120322,0.98860526143037153,4.1411049512120028,-18.175347611485645,-0.39085078151720831,0.5492854224333853,0.4960619165648997,0.8043478260869565,True,5
-0.59183441879307253,-0.80349581264467829,0.06423783771527404,0.80599113568528202,-0.58886355079387032,0.06014987733307571,-0.010502853355880706,0.087373895465996027,0.99612021988436839,-7.0326747336456572,-14.848122109736551,0.71228579103483791,0.3830708628352561,0.3312063113769077,0.7980769230769231,True,5
-0.1570490217780135,-0.98464735481635668,0.076191806723031025,0.98320756548237886,-0.14862538152420068,0.10589324409516805,-0.092943466348001436,0.091542791195901807,0.99145419936741452,-2.710261352601631,-4.7238458639399408,-0.65173087563914978,,0.06675348733249709,0.2262773722627737,False,5
0.18040427430713105,0.97678205923560557,0.11554698856814441,-0.98015511056870386,0.16871633533681094,0.10407092493376144,0.08215994789293192,-0.13202881104503747,0.98783507531179726,5.3039443735921239,-1.9515887069795732,-1.7846264308652771,0.09795504717004634,0.09580593718247034,0.4035087719298245,True,5
0.75901791554069664,-0.64464863572354569,0.091213707018338919,0.63406005175960112,0.7637124626178402,0.12128942742385343,-0.1478501087279549,-0.034225880587144764,0.98841738878227281,-9.8152310954414226,7.6833023426636489,-0.76900865442030775,,0.08232007921100234,0.4513274336283186,False,5
-0.95549205310092178,-0.27781804666792803,0.09925759117872264,0.28638146024575256,-0.95425830953308799,0.085887938120342761,0.07085616196560468,0.11049077623344972,0.99134816925176883,0.43233125638641901,-4.6111363990794771,-1.0459586088147483,0.07084041438766245,0.08480805757940621,0.4824561403508772,True,5
-0.54820573991495536,0.81059857850215022,0.20591360143173812,-0.82459574008789283,-0.56498871794373562,0.028803021112264474,0.13968654965026417,-0.15400549706613248,0.97814619291812233,-8.5846766101400593,-15.22297756874713,0.91587882627512329,,0.07721192443935238,0.4736842105263158,False,3
0.94662944860401166,-0.32185034582328115,0.017465449581971632,0.31085595042066144,0.92593335362943741,0.21451340919535045,-0.085213057237335341,-0.19763547133543319,0.97656487513441137,-15.603533070687547,-15.957821186596384,1.8339638522784751,0.2598516973589668,0.3109421140733877,0.6153846153846154,True,3
-0.97636106883583729,-0.20392030336499908,0.071662913262498656,0.20181243865657919,-0.97877721564442133,-0.03559356316581605,0.077400276906650523,-0.02028970208951222,0.99679362213243172,22.551336190530378,-23.322499108250941,-1.9658266120672865,0.4634075248590862,0.4658200066365119,0.5,True,5
0.89372081089230848,0.41921730179967942,0.15974969812112269,-0.44776077709454032,0.85560708199723501,0.25970523239216659,-0.027810046272650102,-0.30363361985783482,0.95238291995307223,1.481466893592793,10.238640923183642,-2.269842764889515,,0.3442264244794154,0.1875,False,5
0.15334037348490301,-0.97883903190423904,-0.13550232278556712,0.98055818075144163,0.13373048954662325,0.14360296071824274,-0.12244339108720867,-0.15488804274828344,0.98031490358592044,14.752457985838609,-2.6486721805550082,-2.8688415305749895,,0.1230756711577754,0.2592592592592592,False,5
0.9837491074288649,0.13234223729379138,0.12133930056245135,-0.15475020147468654,0.96765888410422596,0.19922012739105466,-0.091049814807362628,-0.21475990371165166,0.97241355141796892,-6.5792638993787032,-11.868556939633105,0.42197205153287998,,0.08407999271659494,0.4324324324324325,False,5
0.74025594304639553,-0.66661587343829809,0.087432351361420885,0.65220846675468036,0.74358214797439826,0.14734213622480868,-0.16323374246154315,-0.052046772175377468,0.98521362091077669,10.078485603473885,-7.1662922327613057,-1.9831848771154728,0.1735202054780616,0.1564965859227757,0.4444444444444444,True,5
-0.27747941223463696,0.90746166883169721,0.31546552170896713,-0.95014032238308754,-0.30782709037800038,0.049757916065450582,0.14226223521259057,-0.28592971519344529,0.94763160268202962,-16.658797671874794,9.4240030719516099,-0.11095141592570093,0.4967035095679327,0.4314819090176745,0.1428571428571428,True,3
-0.24886558912805101,0.95660630148981851,0.15155956749054189,-0.96015084516238602,-0.26422012918346299,0.09109378611207021,0.12718597832271272,-0.12284993807180433,0.98424164697184502,-38.086069462814542,6.5313342031183508,2.7749587598790124,,0.2908181649845495,0.1875,False,1
0.46946983021607297,0.86220904855312219,0.19024624860956474,-0.88184260042239304,0.44708746286848344,0.14988805364703073,0.044178123513388658,-0.23813516569155269,0.97022674476840376,-19.052413697463937,-2.0463308394429278,1.1128469484251915,,0.1411194515926742,0.303030303030303,False,3
-0.85254513781251129,0.49496931262878602,0.16784566586014055,-0.50334942087931134,-0.86403947039566187,-0.008669146373618028,0.14073431881637494,-0.091875857297616964,0.9857751662286488,-6.8554010372292193,9.6143875810919912,-1.2701035958320033,,0.07308511292257916,0.3103448275862069,True,5
-0.62040346671443669,-0.78101522972111792,0.071517476412272032,0.7840941363464119,-0.61566989835755903,0.078402561205417054,-0.017202436917040168,0.10471765467228679,0.99435320131432814,-19.996546470878187,11.103956679621549,0.15256232042133838,,0.1022263836186309,0.4130434782608696,False,4
-0.98894358091173551,-0.13480553985643376,0.061790453934956156,0.11701948551546219,-0.96535972526529656,-0.23321029318065462,0.091088055106962579,-0.22340113531431693,0.97046117849046598,-21.231078171927745,9.0374546757874406,0.48429762888378419,,0.1050514167438142,0.3076923076923077,False,1
-0.99370673107909124,0.0041745963284703647,0.11193527305367953,-0.028828233845516086,-0.97517430187106635,-0.2195541252257121,0.10823985190980126,-0.22139930830012486,0.96915761398379952,-24.544171314842046,15.792668345464604,0.31730201508283312,,0.4533832698069221,0.1818181818181818,False,2
-0.35878677768974526,0.86531757389422204,0.34999649207502997,-0.92362986011147952,-0.38328482299365962,0.00079118466096692042,0.13483296950470994,-0.32298334441970261,0.93675067630720488,-14.386662122911082,0.87452480104450436,0.23271905791305286,,0.1909565647524032,0.2168674698795181,False,1
-0.78847009256686318,-0.61503510779354476,-0.0068358839212757927,0.61451711815590182,-0.78723628079651586,-0.051261581043072615,0.026146216188351806,-0.044618991237505942,0.99866186519761524,8.4239304293072443,-13.379853465409093,-1.2879836800073936,0.5173386667323082,0.209397581457628,0.4,True,5
0.94603085661953301,0.28780540297218227,0.14897539509507751,-0.31548074893611167,0.92303802665036772,0.22016516165848649,-0.07414523163646275,-0.25528190569920384,0.96401951912197292,-9.3875945780407299,-20.641921659569675,1.4114502968174247,,0.2991055217843853,0.131578947368421,False,5
0.066098527854015224,-0.99441141591906212,0.082322053578483975,0.99142940222097453,0.074769219196047162,0.10713218131157345,-0.11268861977721782,0.074535224898434879,0.99083085096400092,-5.2632981636202008,-6.9842056706269577,-0.1854904162271758,0.581879288326441,0.4960667210581973,0.9792566983578219,True,5
0.85869065659587496,0.47284246242230665,0.19766224223496737,-0.51105482858242779,0.81891485165659061,0.26115403102163715,-0.038383830678174989,-0.32526676969323853,0.94484295524483608,23.757385361873624,-5.7975418824774021,-3.7310728275654621,,0.2545496596061976,0.1764705882352941,False,5
-0.97601295238268382,-0.20015744416455064,0.085648784735988748,0.20189878467368053,-0.97933179939013082,0.012087491492458566,0.081459177067582531,0.029089933805428889,0.9962520656052205,-6.348532978926567,6.3331349089578586,-1.0651326021365672,,0.06619002587011547,0.2884615384615384,False,2
0.25572085172375292,-0.96610463645065581,0.035336630034913483,0.95489477562619607,0.25812288741607675,0.14679421812109661,-0.15093976770710585,-0.0037955790774746173,0.98853567467441039,-17.329588037428422,-2.8001449785179378,0.91328461743606859,,0.5317926158347679,0.25,False,2
0.76409065352260619,0.61837556409568006,0.18378556779231997,-0.64499825536324007,0.73757698647901793,0.19989357066926206,-0.011946705728889978,-0.27127817963463263,0.96242684162296055,-14.507011390545594,4.9528752740070798,-0.091776948915694309,,0.1365397450603062,0.1578947368421053,False,1
-0.10416993883547604,0.9779546810959856,0.18097863289754018,-0.98788601765387984,-0.12278815709270838,0.094890908951993078,0.11502104140970135,-0.16890148075202246,0.97889859016795133,-18.753410047625167,11.042920454157382,0.0006597045610890886,,0.06261478543714838,0.25,False,2
-0.21762238658976818,0.95843134941147212,0.18452600174576145,-0.96920322181877283,-0.23452887895788574,0.075108719539524915,0.11526322774884903,-0.16249785660143556,0.9799534861047513,-22.141134610967796,-3.0829805413050178,1.597386100479065,,0.1745175726751044,0.4864864864864865,False,5
-0.94581164591046296,0.28846341174567364,0.14909456913041244,-0.29392525991802959,-0.95570253030455377,-0.015511774611216514,0.13801547754602117,-0.058493877060049951,0.98870126646233447,-35.305989476539679,5.5167101749293863,2.5093175535225711,,0.2729746059299751,0.2631578947368421,False,5
