axis_00,axis_01,axis_02,axis_10,axis_11,axis_12,axis_20,axis_21,axis_22,location_x,location_y,location_z,dbh,dbh_approximation,score,reconstructed,number_clusters
0.87547134658552228,0.45365463420467877,0.16657549091133228,-0.48234647499909661,0.84155009927998792,0.24317752457369141,-0.029863009956767175,-0.2932420557601888,0.95557171231146232,5.3637232855077581,14.370508009918709,-2.8117836419117026,,0.2044756313402488,0.1590909090909091,False,1
0.98887054904106142,-0.13505838337673723,0.06240408895970409,0.10974298733305275,0.94536326392908454,0.30699312035380244,-0.10045652776423153,-0.29672804433185795,0.9496636003009401,-11.910470220631382,2.3544924494570374,0.045200847368382986,0.3976473260126574,0.240220257709172,0.2708333333333333,True,5
-0.9822029240100939,-0.1724742183722163,0.07436437361341855,0.17619651895932878,-0.98324429111503442,0.046748804223317661,0.06505538234948674,0.059019555967393306,0.99613477463683364,-12.781097847377852,1.6582145238056865,0.18366458278376568,,0.09405403358444792,0.3125,False,4
-0.94691731497978138,-0.32105827096417738,-0.016406865543851012,0.32114452410227684,-0.94702589914616675,-0.0028532412299617643,-0.014621669897900563,-0.0079707585515551051,0.99986132727369215,1.8544867816691957,-10.305602369348478,-0.71284253935124919,,0.6674624073420701,0.3181818181818182,False,4
-0.92697559905374249,0.37398308192273383,0.029204335200920868,-0.37471241481364209,-0.91951844215424494,-0.11864417694416547,-0.017516990137663981,-0.12092348396322017,0.99250726248361176,-15.433895248909023,-5.9908208205056415,1.0491558978322431,,0.2087755518171517,0.2,False,2
0.27518870310467647,-0.9607257278067175,0.035738685115969511,0.95646719499026511,0.27734749341307791,0.090823305406356525,-0.097168320923127119,0.0091893322790564946,0.99522553905194988,-11.753252977826385,-5.9289108268441559,0.60328892359590958,,0.1177448158769545,0.1578947368421053,False,1
0.61927797215340608,0.76125090827117492,0.19233264897535815,-0.78510555482454292,0.60354296989352785,0.13908684796107978,-0.010201028831130221,-0.23713485224321895,0.97142318320203513,7.5000236238916154,22.342152396004963,-3.486491762200377,,0.1727107195081599,0.6363636363636364,False,3
-0.77556420300727602,-0.63028255706139247,-0.035271309556663515,0.63096906430047894,-0.77226379995266026,-0.074072013462957706,0.019447542504583346,-0.079702707274163495,0.9966289537955948,-1.1405185435462488,-2.3841251908195438,-1.0216747774360817,0.5732453217305468,0.3375564725561651,0.454356846473029,True,3
0.16816700539810184,0.96582454108884419,0.19723796319664236,-0.98248507684090791,0.14792656168784057,0.11331728081863934,0.080267877014105815,-0.21283958320232349,0.97378456536438862,9.801602645553249,8.6278860443788172,-2.8425880008046644,,0.1656134837210667,0.3888888888888889,False,5
-0.78581575668922676,-0.61801598832144766,0.023448554710289053,0.61514138727139411,-0.78495915299179908,-0.073757723664859332,0.063989610131348629,-0.043535804959379996,0.99700048319034229,-17.511011311128239,1.7588429705230584,0.80373140012776689,,0.1639109726782971,0.3,False,4
-0.96183147010363645,-0.27082513290856647,0.039165935496742389,0.26907729475015835,-0.96208259743003233,-0.044659659338369961,0.049775823129448331,-0.032416401825929406,0.99823421316064198,-14.92027087664353,1.1699363601289889,0.47848476410622837,,0.1009101929869255,0.1428571428571428,False,4
-0.92715306725949065,0.36208288640841352,0.096349225432637159,-0.3597994606765153,-0.93214079887183765,0.040717062461084377,0.10455399546744232,0.0030845500033278156,0.99451442804168011,-3.1487041200212791,5.9319586298455951,-1.3590077601042665,,0.07807847237978352,0.3481481481481482,False,5
0.89150136604007835,0.43959301390819616,0.10946824412487538,-0.45293222845514602,0.86962047148011046,0.19650097203160621,-0.0088153715367100122,-0.22476258075093186,0.97437368166368843,16.156938017738671,-14.505784833752228,-1.7318486338301011,0.5210072099390444,0.5917402110844137,0.7169811320754716,True,3
-0.059029489066897124,-0.99798481441228282,-0.023277234006304007,0.99545984415144262,-0.060592253366924628,0.073404887534180882,-0.074667383123345102,-0.01883849873003629,0.99703053757801785,-4.502741980612047,1.7435854622388802,-0.86345170872522981,,0.105445436345648,0.3353658536585366,False,5
0.44050252579792698,-0.89029510297769343,-0.11546494870559143,0.8916035166548969,0.41882624014782655,0.1721271322373556,-0.104884192585287,-0.17877139082519156,0.97828426133111146,20.151035318515671,7.6982634437871296,-3.6343732156412036,,0.3786746511234553,0.4736842105263158,False,1
-0.96398012417575152,0.2467124606391701,0.099374453253684963,-0.24808120893571692,-0.96873813152116062,-0.0014650289705114283,0.095906381263689111,-0.026065193309414716,0.9950490298124246,4.9792870517687335,-16.9858431562212,-0.66443344035325957,,0.1733175515362648,0.4210526315789473,False,6
-0.086724574688418321,-0.9927501574842621,-0.083222430630716715,0.99475966390075365,-0.090834211108313648,0.046929278370641488,-0.05414849232593464,-0.078716395416087256,0.99542537132199171,26.978903577054851,9.4395506597183658,-4.3044145595558936,,0.2725853758513846,0.4347826086956522,False,2
-0.13735779988698707,-0.96963933999330965,-0.20231753544254263,0.98821173809223517,-0.14808911513448167,0.038822347628773166,-0.067604700331629713,-0.1946000110894765,0.97855017253947973,2.462868696176566,1.2489857885502789,-1.691904432762563,0.4443481667832707,0.5612650872947003,0.4405286343612335,True,1
-0.69256594824215911,-0.72116424748798902,0.01656911224300394,0.72124511596534746,-0.69187806466108981,0.033320059077937718,-0.012565430019354375,0.035026729591944937,0.99930737922949464,7.8738429564183816,-0.96408137170976971,-2.0493786125451301,,0.4072346864291145,0.2564102564102564,False,4
0.032879942426532659,0.99478132849065259,0.096586841093394979,-0.99644515453338711,0.025127714452233996,0.080409277905861637,0.077562641735328952,-0.098887342227303388,0.99207123239929595,-1.2400521346583468,5.0933380579882446,-1.5614008747803354,0.1015956270523117,0.07222827124417515,0.3762886597938144,True,5
-0.1629661175500354,0.97993647463934164,0.11474558903107096,-0.98230106744506362,-0.17203446624219695,0.074086134472323636,0.092339901597071783,-0.10064118489058912,0.99062843411486112,-2.9025750580707061,-2.2098228410905629,-0.81210471386686278,0.1178753698594766,0.09688925072540039,0.4303797468354431,True,4
0.035004036060435409,0.99249787978671133,0.11714382646287082,-0.99643582385368035,0.025658406764005392,0.080357296516067114,0.076748722468312269,-0.11953913493587068,0.98985859031392276,-11.222048191997342,-5.0755615781916461,0.48152981072533591,,0.1635378563846154,0.5657894736842105,False,5
0.7699312903990172,-0.63713312084249984,0.035597673940880814,0.62329592893607322,0.7628230407875336,0.17205578576548652,-0.13677716562431877,-0.1102832479080931,0.98444380855111291,8.2289227991783918,9.3235440655316353,-2.7610000355754596,0.5130270654258816,0.456003753794272,0.1818181818181818,True,5
0.86264381657514355,0.47387104469964014,0.17689510654606089,-0.50518086508906457,0.82462504971980255,0.25453058936496847,-0.025257459740342512,-0.30893326199987819,0.95074828443578063,16.835001768352132,16.347858235084672,-3.96606948319846,0.9207419035883279,0.7192170897436396,0.7083333333333334,True,3
0.074379118135721595,0.98827308841846739,0.13335685019216884,-0.99489120861348124,0.064384797091247253,0.077756549094758681,0.06825855117828869,-0.13845902141551888,0.98801309180582109,6.7391648513510303,-10.126417495826601,-1.3029440216388093,0.5880890316557503,0.6075631988817254,0.9563492063492064,True,5
-0.0043418066377624819,0.98923153289351107,0.14629464461925817,-0.99684082918664607,-0.015883888788559702,0.077820712817556148,0.079306430896870908,-0.14549459236036033,0.98617534628092007,-9.7251660506614002,1.4243027875423042,-0.151442452171659,0.8024005343716555,0.858506403405928,0.6271186440677966,True,1
-0.85947544164355316,0.49268820135682628,0.13623619730231262,-0.50180330422109698,-0.86400334940528867,-0.04112974701152515,0.097444389702068229,-0.10371378143823591,0.98982222770322414,-6.3926854970176477,-8.0079452288824591,0.12103901012496072,0.7696429634145816,0.3058270189359137,0.2786885245901639,True,5
-0.4610000182934727,0.83065965266549402,0.31222351699873213,-0.88183336513531663,-0.46816442730138746,-0.056497656090193568,0.099241620641441805,-0.3013745351604934,0.94832720634243939,-18.531420949945687,10.30914507376548,0.29895106698216845,,0.18792361307469,0.6666666666666666,False,4
0.88220233348000454,-0.47079961604552528,0.0081709444877272469,0.45519936912925157,0.8571527228922714,0.24100361819420263,-0.12046815822766992,-0.20889454557204601,0.97048982049451793,-17.113870280127959,-4.3270013787503743,1.1418494918302828,0.2889707308775078,0.2225931373146713,0.4375,True,3
-0.2219095154992102,-0.96956967490985513,-0.10339638497598524,0.97308995252627484,-0.2269606047136547,0.039809900783892488,-0.062065378620587711,-0.091779787552644765,0.99384322675836212,0.73013819199425067,-22.292715702594862,0.34623847764001237,,0.5559442059134488,0.4117647058823529,False,4
-0.81645122987049124,0.56753817000211393,0.10633820965961449,-0.56713215064970568,-0.82279616695903302,0.036980959113589049,0.10848277716946622,-0.030114667990416351,0.99364208537552645,-1.935233320432638,3.1147048598647911,-1.3516453379018307,0.5986700173025253,0.7093448225951577,0.6090750436300174,True,5
0.10527685260368817,0.9708720262172934,0.21523079011746543,-0.99336620766640693,0.092601181064191379,0.068180633115114672,0.04626404405499291,-0.22098083621491704,0.9741802237026953,-5.9674382768189469,18.09120984644154,-1.7841273037983516,,0.3136658968507702,0.4166666666666667,False,3
-0.98535581230292735,0.14165896580616644,0.094903427585971048,-0.14113648427858608,-0.98991460811085752,0.012229532051871647,0.095678712189905174,-0.00134389562641468,0.99541136118603069,3.1839380023552204,-14.495022992049719,-0.59228751731099849,,0.08376764181077792,0.25,False,5
0.48635277079861461,-0.86891143209618471,-0.091945122269035062,0.862822865277873,0.46099773321833809,0.20740731212094637,-0.13783209165572374,-0.18020547477840854,0.97392417639654916,-15.352146997958339,-8.7357435747533945,1.2724619753503481,,0.3482546050880982,0.3214285714285715,False,3
-0.88603767628125196,-0.46151249541324246,-0.044084609418267716,0.46193741227229063,-0.87075682230338369,-0.16851226529630869,0.03938354165510112,-0.16967254636374038,0.9847132393022574,1.9947307937511298,12.732387555081425,-2.3932963615430753,0.7756607265549971,0.4344030844299709,0.2564102564102564,True,5
0.95313113783819836,0.27372759146949316,0.12889623637473424,-0.29593333031002261,0.93208862120666547,0.20888816679907066,-0.062964260456867094,-0.2372425085969366,0.96940780583805508,-13.848876297241999,-10.878773252711348,1.2319322486544038,,0.3623248007402298,0.2666666666666667,False,3
-0.10723529403621376,-0.97573542012470615,-0.1908952111160192,0.99245532897548849,-0.11653053091616679,0.038118963162070307,-0.059439142836364332,-0.18536727132495412,0.98087000311989314,-6.7813450148993546,2.4504263055258813,-0.64395690234504477,0.5774643150924413,0.4143175004048132,0.6158038147138964,True,4
0.9881569550553041,-0.14465268443222906,0.051199932249765809,0.12982884916798679,0.96601125987127612,0.2235323594597145,-0.081794266911237881,-0.21423782739857308,0.97335083665243405,22.44965820972995,-6.3108825864766382,-2.7395688493031152,0.3351168173592305,0.3815530214485663,0.96875,True,5
0.088477801544608339,-0.9956188608871791,0.030245040577723373,0.99241689914357234,0.090712963452246886,0.082944900723113696,-0.085325124834885371,0.022676906919298849,0.99609506622836141,-2.1460380898864067,1.8120297412185942,-1.236185531092864,0.1394767286030886,0.1117038152506345,0.6365461847389559,True,5
0.95946310027004844,-0.2743649857189886,0.064454742506698443,0.2658861054882114,0.95702138639857481,0.11582160801879784,-0.093461960863751511,-0.093988938642626613,0.99117654395386789,8.6031788469484827,13.430921826282539,-3.0606262598985556,0.2862298430945017,0.2544775121618544,0.847457627118644,True,5
-0.75201827777524355,-0.65789108491054593,0.040593475918944535,0.65910564998052246,-0.75119814966945175,0.035792207209748364,0.0069463699663981707,0.053671783354174246,0.99853446991872674,-17.994341494563539,9.0783318619468183,0.35758859539078242,,0.09531327239044876,0.4444444444444444,False,2
-0.72693513567104628,0.68138683642928732,0.085307020038248166,-0.67780308457014038,-0.73189148584220198,0.070127252184141217,0.11021926816179466,-0.0068433977366949977,0.99388373607444491,-12.7910743242323,-10.293367492534486,1.0666242075373062,,0.07537764648188322,0.2857142857142857,False,1
0.27509561572162805,-0.94520269652609201,-0.17582452812546967,0.95548738156901791,0.24850828061033914,0.15902043305964431,-0.10661269095713799,-0.21174394193907572,0.97149278802211403,10.036217337037881,-13.106414932907247,-1.3893584868368807,,0.5530509470993729,0.3539823008849557,False,4
0.32732677274625249,-0.94061195430205446,-0.090035189051793252,0.93961676326602706,0.31393916518009496,0.13624440816231392,-0.099887546936528945,-0.12919501534538419,0.98657545376768185,-20.844157094533074,3.2292713557366559,1.0786997512303318,,0.2908277733799781,0.1666666666666667,False,1
0.59249918063981122,0.7942465287331677,0.13460004656932614,-0.80540860021110117,0.58069675439564228,0.11877822250042544,0.016177380725748737,-0.17878403460510534,0.9837553361091228,1.2631861306681138,-3.1295151051966275,-1.2445932024387973,,0.06713198547817929,0.1704545454545454,False,4
-0.7879716461264602,-0.61429715444235422,0.041709602548837071,0.61564992808403363,-0.78704112919102653,0.039261011345066099,0.0087092451383425432,0.05661507754776654,0.99835809309254353,17.787579959599981,5.8609174857913988,-3.3027312359876362,0.1818352878815482,0.1366412484409148,0.6,True,5
-0.99828000039975029,-0.039043683099211621,0.043733643936031887,0.031419272447790129,-0.98609876989765821,-0.16316263458640712,0.049496162686887328,-0.16150791564618183,0.9856294045242866,7.1383983639064068,2.2669528071560339,-2.2027756060429851,,0.3209839064093801,0.2947976878612717,False,4
0.32320886259689335,-0.93917298133157745,-0.11614707174776082,0.94078993652735587,0.30562983089663148,0.14664481509740057,-0.10222683829443648,-0.15666690015077669,0.98234675951492312,-14.262999424872692,6.51279431238427,0.10286563984114618,,0.642152249441645,0.16,False,5
-0.91145662374377667,0.39022172439455582,0.13028364764672085,-0.39977338164860149,-0.91486373363914575,-0.056617949424930328,0.097098230461925852,-0.1036887394193873,0.98985886820232161,-6.5405827141275568,7.5284980168939342,-0.97881537125859575,,0.2450409203443276,0.1666666666666667,False,5
-0.42775931080426871,-0.90119838110046913,-0.069738439344113071,0.90313517364723184,-0.42928485357605761,0.0078340673579738729,-0.036997704542898378,-0.059632142273091347,0.99753454951018117,-0.015400420430457043,-10.604460483611465,-0.43480793601388029,0.9216035286380171,0.4140728032145879,0.3076923076923077,True,4
0.23969902753152703,-0.95940745363788049,-0.14859917262393571,0.96617060107494723,0.22072810077463606,0.1333921854791256,-0.095177443855756105,-0.1755461290729593,0.97985958726165678,-2.4074412736267883,8.1469449495915214,-1.6235466670426626,0.9475303472625519,0.5637323963659387,0.2954545454545455,True,1
-0.96878572007969221,-0.2429704387038312,0.049189373707548112,0.24159823664993357,-0.96984074853719715,-0.032236850411491547,0.055538460703514231,-0.019346534389339913,0.9982690974831423,-1.529834664488694,-8.1303691822037987,-0.44649868059025,0.1817020425449244,0.2389623437656445,0.1739130434782609,True,3
-0.98272470526094802,-0.17175723912961496,0.068931882872547659,0.17436990092423518,-0.98409916745416781,0.033822570388509041,0.062026537235724981,0.045257921103222333,0.99704785705399279,4.891196761721786,-5.2757648228960541,-1.4070435574140261,0.4948696938091398,0.4237241914939608,0.7030567685589519,True,5
0.15663132700701826,0.97606555356469249,0.15087300137689127,-0.98638167998574444,0.14683226037983746,0.074104444537751585,0.050177771856885246,-0.16042544204769546,0.9857717122920906,3.1329308732391872,-21.222370659157811,-0.053542785071476827,0.4728997492677475,0.4479945977659631,0.68,True,5
-0.86347025783143938,-0.50349171851825358,0.03025232592782388,0.50354434749123222,-0.86394560773316964,-0.0064091331858253803,0.029363309590999295,0.0096992918349774922,0.99952174553021245,-8.078094446004652,13.100478983503105,-1.088394900442154,0.1979989147683038,0.1486033967249968,0.5483870967741935,True,5
-0.46764049467105179,-0.8791413180078248,-0.091776416988683385,0.88348070678870994,-0.46815087528577526,-0.017222041147501657,-0.027824601990644772,-0.089136417589160133,0.99563069990003583,-16.371159223719356,1.0192586739468033,0.68373395880372123,,0.1296649656353857,0.2222222222222222,False,3
-0.80996670534349935,-0.58628239477622379,-0.015062861960909106,0.58595185901333202,-0.80789059771154514,-0.063033332833531491,0.024786188771524231,-0.059881012890051571,0.99789774483232707,-8.9442801118821134,8.3464673987114235,-0.66079502466288831,0.5282031335562634,0.6853398391520396,0.5213675213675214,True,4
-0.34173827459189471,-0.92807308910739095,-0.14797058137893274,0.93732948137977257,-0.3479882371433925,0.017822181296370671,-0.068032308613492423,-0.13260666681769281,0.98883116703521234,-5.9096692174379628,-6.3310461718578566,-0.050956139786500723,0.4982863126526759,0.4090922048507871,0.2457627118644068,True,3
-0.9797587628587292,0.1710968603580941,0.10391646153105244,-0.18432279681762062,-0.97356449986099147,-0.13489726158728185,0.078088879969314559,-0.15132094695057993,0.98539540177490026,-4.8149565176416163,13.211761133874191,-1.5410599216134655,,0.4242305085809418,0.1428571428571428,False,2
-0.67184755630848991,-0.7399106002622674,-0.03395827884096829,0.7404231979504613,-0.67212901871996389,-0.0040087568335023666,-0.019858222959816735,-0.027836770898746761,0.99941521159466462,17.161631709972735,-11.295538471149285,-2.0217234495014829,0.3082111034336917,0.3406673641593457,0.3846153846153846,True,5
0.48517493280310348,0.853930666155295,0.1881693438875722,-0.8738495563089782,0.46574828746882357,0.13951876453890216,0.031499801874099585,-0.2321227048770402,0.97217632781428087,-17.099539722699408,2.8879862337284514,0.71225233827600798,,0.329006833596843,0.2,False,1
-0.61657893307288048,-0.77761027319718201,-0.12309623190378385,0.78725386610855996,-0.61052620035804772,-0.0865396381636096,-0.0078593630678205767,-0.15026650223708143,0.98861428713002053,7.4677956339990015,-7.6137316757689799,-1.5205330984714802,0.597576474754505,0.7109996477474174,0.4242424242424243,True,4
-0.95437324483111652,-0.29272296533034498,0.059033677835077514,0.29404580858606932,-0.95567467202723444,0.014932638701968474,0.052045864422552185,0.031609916384713249,0.99814429877781763,9.2821939815443493,12.24458901533264,-3.0505773145314889,,0.07940700541402634,0.3076923076923077,False,3
0.95562299214146318,-0.28937887349213265,0.055177572137802534,0.27924889084684335,0.94947837318116424,0.14321618561482255,-0.093833649888544535,-0.12145240400122082,0.98815209341017918,-17.443716659139071,-5.6804230618829301,1.2730548403249029,,0.1376392884563427,0.3125,False,4
-0.37466086124098064,-0.91580408616744458,-0.14467935171674989,0.9264466424550053,-0.37591407459968462,-0.019627205652136201,-0.036412329478009223,-0.14139124540393283,0.98928391171852703,6.1663457760055831,-8.8207212843903164,-1.3362722777251961,,0.2078241661529875,0.1481481481481481,False,4
-0.74152496875936869,-0.67092415666191807,-0.0012234025952971989,0.67091306031184839,-0.74152124093995653,0.00468131796140904,-0.004047988315958588,0.0026505173758822262,0.99998829420560353,-1.6663315597597421,-0.50597312399369365,-1.1284091138942818,0.7607316784713722,0.4231098977424141,0.7299870186066638,True,4
0.49841474751437448,-0.86693461601636324,-0.0026666482228364582,0.85768600609047285,0.49264470768679697,0.14722739875704283,-0.12632281827428204,-0.075667453642582427,0.98909907594865909,8.4766857698456093,-15.117926875858597,-1.151148691026382,0.6751526837378404,0.3017738283419082,0.2,True,5
0.35552487563555873,0.92170453561861498,0.15512192567265834,-0.93285675425472225,0.33959157476744034,0.12023243484315924,0.058140681503273561,-0.18745215754171288,0.98055155386511494,-5.922833829007959,4.6399092475297241,-0.93857535635026645,0.2474804357669527,0.2185181061613618,0.3142857142857143,True,5
-0.81362012622213509,0.55771700657705103,0.16423772642426229,-0.57219614265402752,-0.81818770610338032,-0.056217896733520123,0.103023611556425,-0.13971620577449992,0.98481750456917072,16.512410079388061,11.728979479159989,-3.6719628774547197,0.3780784099431683,0.5550938407180757,0.8524590163934426,True,5
0.1030104898847419,-0.9938779003758752,0.039944437887477327,0.99115634368020389,0.10594008448042125,0.07991120624023737,-0.083653698998872969,0.031359490504825546,0.99600132580186984,11.030734429482123,1.1257530660589816,-2.4629007335131843,,0.07896194104376686,0.3428571428571429,False,5
0.47448905055485463,0.86751284228125969,0.14927025618200809,-0.87957109505308106,0.4605360507336092,0.11942041166322491,0.034854406474306224,-0.18795748043581628,0.98155853411681104,15.276367584195338,-1.5046234432231049,-2.5681470884062678,0.4912519901808217,0.3185834166977157,0.6382978723404256,True,5
-0.99580081778155238,0.054717514357752267,0.073394311278875579,-0.051835020401843249,-0.99782916213783057,0.040621347186615246,0.075457683276998408,0.036646375125300099,0.99647537913620499,4.3589645708383848,9.6497581518888964,-2.4692910586253149,0.1105187907315987,0.1050572400256932,0.4462809917355372,True,5
0.10895564728126106,-0.99309584788247396,0.04346612294777516,0.99026081600316984,0.11224947178102042,0.08236244516536631,-0.086672851656429878,0.034068944854098046,0.99565411854833941,-5.3418740942451706,-3.366749619939029,-0.37073701430921036,,0.09179314735794608,0.5266666666666666,False,5
0.98267939359662215,0.17602891209494223,0.057922633807919961,-0.18462883365383395,0.95684290343980216,0.22441892059386345,-0.015918642661991556,-0.23122603712290055,0.97276981684889818,20.41670465879746,-8.5626456262108519,-2.4574658981264812,,0.381154775537365,0.7272727272727273,False,3
-0.65339894531040243,-0.75482857070006759,-0.057477361823123824,0.75682307606923516,-0.65305277773812853,-0.027219497012526239,-0.016989696770510522,-0.061285384419185275,0.99797567698829115,13.921689348604176,-5.8402518788577122,-2.1644806787477826,,0.1630745917109002,0.3478260869565217,False,5
-0.21573261080382933,0.95252383811132624,0.21484361397404828,-0.97105692932536214,-0.23238126297803674,0.05520315775324651,0.10250795405704254,-0.19671625872407933,0.97508708990973658,22.791000060378284,11.394610937544352,-4.1086478193778442,0.2916981201292158,0.2434331212717565,0.6666666666666666,True,5
0.91542982825633201,-0.39907502493961872,0.052224074984873574,0.38889168192478046,0.91047977445476269,0.14067636631119146,-0.10368938840738995,-0.10846983349414548,0.98867730122292885,-16.096636859158803,4.1389074812189728,0.47976832104362077,,0.2590971187929575,0.4074074074074074,False,4
0.48811871784442701,-0.87130136929985502,-0.050735009077660424,0.86645263172768805,0.47677663423889566,0.14813466176419884,-0.10488066676979053,-0.11626678330472565,0.9876649638606686,-13.687077390240969,-3.6061286438708566,0.70797405368407262,0.244284442059567,0.1270470500126022,0.2285714285714286,True,3
-0.98030779066916129,-0.19289626046424668,0.042280826059304388,0.19088765154297735,-0.98047090316462082,-0.047315034988461693,0.050582013025921684,-0.038312409823215182,0.9979847790481492,1.8543297359688053,-12.589480754818075,-0.56386183210352381,0.2092264015330218,0.2075361046330754,0.4166666666666667,True,4
-0.89036679840685173,-0.45440938250520141,0.027551359058550919,0.45348723445232125,-0.89061687035989745,-0.033925188564345107,0.039953629165785008,-0.017711671902519519,0.99904454565094314,-0.27862191576999806,-5.8188437208948622,-0.77006723739678506,,0.1592914424530106,0.1935483870967742,False,3
-0.70394288271692596,-0.70981932142875859,0.024918844246865079,0.71024611321439324,-0.70330860857672262,0.030124072860763275,-0.003857011282094723,0.038904138960911175,0.99923550349038281,8.794878201706144,10.910321944435884,-2.9381996533411181,,0.09718936392254418,0.2,False,4
-0.82755962266981753,-0.55994475128405896,0.040086736410219592,0.56084052926794281,-0.82778046568058217,0.015407834633456706,0.02455548120160949,0.035233168280354443,0.99907740050302651,18.322216246052779,-12.642602219802606,-1.9977393157380809,0.3854365921382896,0.3378672429933018,0.3571428571428572,True,5
-0.57540184828404906,0.81086138472009073,0.10684815282032897,-0.80956058307306866,-0.58325014965495114,0.066565195574486147,0.11629434778050349,-0.048198316332557348,0.99204462952883987,5.3918185174743369,-2.2104495871720249,-1.7330054852702044,,0.07194760312815503,0.1630434782608696,False,5
0.75728834055933159,-0.65256000207339959,0.026073222793895047,0.64418397794282012,0.75294387117638228,0.13454564065657848,-0.10743077685030325,-0.085093892565151652,0.9905643127194983,-5.1207249894133868,-2.4007448331434085,-0.42342052742940967,,0.1083074947029904,0.2413793103448276,False,5
0.60524836213961408,0.75596738590496571,0.24937468110320524,-0.79578331852343354,0.56669617782837334,0.21350492264709545,0.020083079623010813,-0.3276717160249315,0.94457816851234189,18.289817862509199,-18.569531268657268,-1.5796553331858922,,0.260501116389781,0.1851851851851852,False,5
0.88938121220093547,-0.45666040017938536,0.021502053204250762,0.42878904089288911,0.8495648349742756,0.3072125478968733,-0.15855919334479204,-0.26400922348118044,0.95139797777939039,1.5587141324866511,19.284026191380853,-2.7283448980563914,,0.4219388916037402,0.1764705882352941,False,3
0.55147311009738753,0.82569179131856441,0.11878751865686811,-0.83394277509271308,0.54220455075754992,0.10273107129037783,0.020417069088875937,-0.15571541634322703,0.98759093373869933,0.51674037166694231,-9.4764850263231128,-0.61059206670866406,,0.135914707547261,0.6293103448275862,True,4
-0.76079569913937439,-0.64784712381388865,-0.038522828778570446,0.64884200928221669,-0.75800559884368524,-0.06656995652877315,0.013926634972128198,-0.07564136624690812,0.9970378290469496,-16.041984455112257,7.7311540159276957,0.19853383314490081,,0.2416753336904988,0.2173913043478261,False,4
-0.096797639891201423,0.98180638977437851,0.16335981730429955,-0.99192670836536068,-0.10867067409031905,0.065361225693953126,0.081924490495538044,-0.15571415347024975,0.98439904523830657,-11.719037005303612,21.201614642077523,-1.2920549849606497,0.4306098989308587,0.4218746791988957,0.8780487804878049,True,5
-0.82019776870140004,-0.57001690343830325,-0.048542249760946343,0.57187352859588358,-0.81466473914262727,-0.096343292911179948,0.015371646253382575,-0.10678058153187014,0.99416377921305155,3.836580224431914,0.58173283014738453,-1.7941188174492291,0.8333203554917736,0.7586766434967368,0.6073211314475874,True,3
0.9952115910537136,-0.063613203571637369,0.074210843976399987,0.054755115544413036,0.99175842795464608,0.11583219717612156,-0.080967687098336599,-0.11121412191031921,0.99049263133738796,-7.7489084003391184,-6.0317607632961945,0.22154734432223483,,0.08614738260877298,0.2608695652173913,False,5
-0.96975593982599151,0.21792239394236024,0.10992382540031452,-0.2285790875134881,-0.96878688392386547,-0.095935260924168375,0.08558631855448201,-0.11816007682596445,0.98929933706678141,-15.482678776526905,6.1574572571903845,0.25289839434226841,,0.2335543779666073,0.3888888888888889,False,4
-0.33937580784034238,-0.94064077537878288,-0.0043580669471500397,0.93963743926451704,-0.33922153906575203,0.044835590397383662,-0.043652534693124329,0.011121111844747379,0.99898487330199381,1.8780046140760214,6.6532575800806892,-2.0586213330754224,,0.07955613721597303,0.1560693641618497,False,5
0.48632329692427906,-0.87039432973892683,-0.076833336690683235,0.867400444537899,0.47029772472808651,0.16259310849799324,-0.10538557626238407,-0.14571808698273989,0.98369716856456191,3.0328590438038447,-11.718062080794457,-0.80195896640283204,,0.09229150885642115,0.3103448275862069,False,2
-0.051326798160333788,-0.99841078842554176,-0.023269236044573871,0.99559354616899032,-0.052985166317533736,0.077369651524093766,-0.078479619120283506,-0.019195564742748042,0.99673089631903333,17.526982127944009,-8.763719488576676,-2.2498878511865756,,0.2540303886354152,0.4117647058823529,False,4
-0.92571981579719687,0.34798829599525483,0.14814509269875539,-0.3532939366887895,-0.93545584352492528,-0.010283925029281715,0.13500450710750977,-0.061858796184447805,0.98891216616809252,-18.082598620182132,7.0100497230787333,0.52572602648468159,,0.236383269158786,0.4444444444444444,False,2
-0.39159520641160145,-0.9166273112225557,-0.080296741131654525,0.9179906836535795,-0.39514890379656503,0.033918262832981064,-0.062819575298545205,-0.060429431151397955,0.99619374863026977,-17.491189340156787,-1.7669533474776467,1.0248393732238927,,0.3057796524318915,0.3870967741935484,False,4
-0.41532304259509045,0.89574205803582319,0.15859677094854682,-0.90207830603543915,-0.42803052424705984,0.055177894967288532,0.11730942020908078,-0.12015005525814897,0.98580041801151319,16.689287876454408,-39.411369442343755,0.23643871063512067,,0.524155133403029,0.3043478260869565,False,2
-0.18969104395329034,-0.9813947228085117,0.029693532755728932,0.9798256444238409,-0.18727646905866399,0.069779872931416645,-0.062920699084770104,0.042331101810890885,0.99712038563363048,-12.779405969387689,-5.8477732070261572,0.72741623972534153,,0.09685467153588168,0.2857142857142857,False,2
0.99700851324894746,-0.0079579978213023123,0.07688104304573401,-0.0073113781113579995,0.98051482313718041,0.19630900478168889,-0.0769452289569445,-0.19628385537007503,0.97752344210347375,-19.016620106351962,3.5198344599546485,0.8516805556727064,,0.5661765540856699,0.4444444444444444,False,1
0.5403587614031079,-0.8412976386422355,0.015188554569017847,0.83443985044607627,0.53810209321780977,0.11898013809934764,-0.10827070223484975,-0.051618024851870906,0.99278045636886025,-17.28734598953476,-10.841368549918286,1.6451109943492093,,0.07018492340167881,0.5384615384615384,False,2
0.94067370838314679,-0.33925813023379792,-0.0060741605976637261,0.32358533062805617,0.8915427756358254,0.31692903466533329,-0.10210537771846459,-0.30009231959821281,0.94842980317951509,-7.1778389523187309,-10.711249247351207,0.39340053919118223,,0.4609442934480111,0.3448275862068966,False,5
-0.8028290950480268,0.58840722342779272,0.096137316180353108,-0.58737185703316153,-0.80823915773470223,0.04175841795032785,0.10227289821737306,-0.022943481041339205,0.99449175510303955,22.340284989193933,0.010318935099310672,-3.207681190066781,,0.169971583881266,0.3529411764705883,False,3
-0.78075054819017253,-0.62434023471472644,0.0250569913817573,0.62474344788103597,-0.78071368040080369,0.013482342702469313,0.011144766954058902,0.02618053764520515,0.99959510483902803,1.6998496110591113,8.8840018513726466,-2.1902027853549559,,0.09820479043704318,0.4917127071823205,False,5
-0.30041739968539449,-0.95366473618568592,0.016521407995427229,0.95257352632753789,-0.2991026896838716,0.056046926443764231,-0.048508379752214059,0.032575327776694314,0.99829143295635636,0.58176094419318425,13.58719405925828,-2.3281707819988382,,0.1787090836689823,0.2592592592592592,False,4
-0.55709574364928838,-0.83015662456071493,-0.022007069450644942,0.82907469532674938,-0.5575025171514546,0.042732808691316959,-0.047743920835043939,0.0055607614362839161,0.9988441299599975,13.838951415846294,6.064981553345258,-3.051002246736195,0.5014114128156424,0.6455133869427747,0.6385542168674698,True,5
-0.99159338217457071,-0.073802970305182944,0.10628116484932099,0.069996826543993224,-0.99678013617265293,-0.03911271411444292,0.10882558844943763,-0.031344564213916029,0.99356656022275303,-8.2326006430220797,3.1587613815754683,-0.47225231233247972,0.4787670594550978,0.1176027969274646,0.5191489361702127,True,8
0.031297747464853046,-0.99926793260187841,0.022001133543379348,0.99639885782212678,0.032928200051669437,0.078134817924649227,-0.078802075698468324,0.019476460533797313,0.99670000519247914,5.7861045761967338,11.064546947000794,-2.6474082414346713,0.7233244099267138,0.4099849660074076,0.3561643835616438,True,4
-0.95634381971541893,0.27435260048512333,0.1006834102480345,-0.27413824321136743,-0.96155330805134653,0.016231431991628346,0.10126560176638899,-0.012078343535600645,0.99478610339928264,-7.7120520553892806,11.58722653294479,-1.0391759730147474,,0.08886965898105284,0.3571428571428572,False,5
0.89997474306648584,-0.43336580864978042,0.047323754455214612,0.4224293104791943,0.89374323261141875,0.15091889149263754,-0.10769837273834773,-0.11583224963116216,0.98741275587005584,13.012854963275716,8.6006284215127859,-3.1496559412188394,,0.08799201203048013,0.4,False,3
-0.99585178226789994,0.056155013887008963,0.071594987039571623,-0.056419924521496682,-0.99840571125145339,-0.001681623461875531,0.071386412368427771,-0.0057140314865024092,0.99743236862121887,9.3727185966133515,18.828950749791833,-3.4926031845016206,0.3030713062600703,0.151266962790742,0.4782608695652174,True,5
-0.016633167357340918,-0.99946722427672807,-0.028082117801792428,0.99683954958572107,-0.018758386205996402,0.077194788222277239,-0.077680435924357652,-0.026709371829336304,0.99662046905082302,1.1284431149135714,10.28250101194179,-2.1980780528328512,0.2059177447864939,0.2274528828367028,0.2727272727272727,True,5
0.86487363183148014,-0.50142760957183563,-0.023747701398214034,0.4907641232028388,0.83463814949761927,0.25005946248870015,-0.1055659809766997,-0.22792435535120739,0.96793920878232975,-3.578031248715928,22.895173588259901,-2.3985073815251829,,0.5011171318233071,0.9117647058823529,False,5
-0.37310589062397309,-0.92760632536479481,0.018398356581926907,0.92590491004377773,-0.37101202907968878,0.071064561034295259,-0.059093924717492405,0.043549735032444782,0.99730202478491337,20.680294071475501,-0.68448944252060451,-3.0363331611815494,0.2735650308714527,0.1706027128276739,0.5714285714285714,True,4
0.54452505274987661,0.82900980163742377,0.1274174859146962,-0.83872668545012363,0.53720134020886434,0.089175485373772526,0.0054785072412132652,-0.15542673150677036,0.98783223124755781,10.563242003761374,5.6474049896674714,-2.7407291600692361,,0.100217689497445,0.2765957446808511,False,5
-0.7989352907350411,0.58157531308970323,0.15320755993987378,-0.59346968718307114,-0.80364453745433162,-0.044149607185590994,0.097448097020639099,-0.12619672192425641,0.98720730131144641,-1.3824721148337213,-6.0113558265655387,-0.64594904519650553,,0.2891920517903623,0.32,False,4
-0.90521600233591892,0.39998446594064258,0.14351451536745419,-0.40974239182396188,-0.91108060249730649,-0.045202965561151207,0.11267280708917887,-0.099722428567110902,0.98861533256536183,12.793545215805372,-0.14843513557117297,-2.5220450104772665,,0.3683483419477012,0.2222222222222222,False,3
0.83118225332994256,0.54265914783521074,0.12106655615867601,-0.55563632088503989,0.81858275033268035,0.14556977629687304,-0.020108223757851512,-0.18826399052539944,0.98191258735630638,0.096406764170572465,-8.5366513208367749,-0.60752383701781121,,0.07236650609160733,0.3658536585365854,False,5
-0.082959359444550435,-0.99642735851776731,0.015819730650519316,0.99393862074111161,-0.081582203629525188,0.073690991648964921,-0.072137111668038045,0.021837198727304899,0.99715564174903892,-12.622519512684683,6.6795113966842674,-0.11287864488381731,,0.07466306159820507,0.2222222222222222,False,4
0.99545292904166527,0.045993802767918451,0.083414843818803722,-0.062281584074195318,0.97685628570868266,0.20462844708555483,-0.072072674069847992,-0.20889319562489961,0.975279017755452,-0.79867039616490887,-4.4376436312960035,-0.82703333114166955,,0.1113010974838374,0.2517482517482518,False,5
0.65399098819730195,0.74160284200814741,0.14940218232059327,-0.75644171157634466,0.63855887640617881,0.14155740302198733,0.0095772827131294508,-0.20559130839682388,0.97859107372155985,-5.6341056925467159,-0.42989798985770789,-0.54726756148019906,,0.08463386333179684,0.2040816326530612,False,4
-0.44882191466807703,0.86412434382245673,0.22770157515285366,-0.88744051056878215,-0.46092226977717266,-3.7747578751676225e-05,0.10492010824957104,-0.20208854405153365,0.97373096451126084,-15.072883477815617,2.5718764552570255,0.45876729312877279,0.6123400014983306,0.5174351554492514,0.4117647058823529,True,5
0.98522052571368157,0.14278800939816172,0.094615538282920006,-0.15896300048830897,0.96793254541296692,0.19451825622837626,-0.063806584207353356,-0.20668374852049892,0.97632502165483015,10.846823304754858,7.0889007973911884,-2.8424260748159522,,0.08759676372594608,0.3333333333333333,False,2
0.3145069688147456,-0.94596783994427469,-0.078931694256004561,0.94410340181050845,0.30306557467650802,0.129692035745544,-0.098763015632301471,-0.11530873009950555,0.9884076909383358,-4.4135325035368149,0.81178209957831915,-0.83225454047833025,,0.09034554132129428,0.2040816326530612,False,5
-0.9954093982539004,0.054142453421145431,0.078922269387972116,-0.050797616979656263,-0.99774841993152685,0.043791467585942302,0.081115547073274924,0.039581375186842557,0.99591846190404676,3.9987492077762097,-15.228683038998353,-0.63173939419159097,0.2976266845540071,0.2954802782702662,0.73,True,5
-0.94268294193177371,0.31761451039430433,0.10232249888387726,-0.31878701725109804,-0.94781254420794592,0.0051204173860264213,0.098608866857919725,-0.027792154091492063,0.99473809997805462,-13.743344982955206,0.91409578754322651,0.34255677776881888,,0.08054332522350331,0.2,False,5
0.054381928701991246,-0.98567338175610242,-0.15965772868276898,0.99754535766590458,0.046566142528280188,0.052295829367538835,-0.044111962434858785,-0.16210977412705579,0.9857862627885523,-16.06370352591675,-2.4578937046082867,0.84195820290499501,,0.2820486719475032,0.2,False,3
-0.80281477237465737,-0.59583264435380101,-0.021723286569585318,0.59603065100954089,-0.80107692151965382,-0.054983896421931952,0.015359176871502588,-0.057089628926381836,0.99825090531132399,-6.216789515607454,1.1461754927266454,-0.60772559934985904,,0.07809596123785227,0.2473118279569892,False,5
0.99453824975761618,-0.052165251022717372,0.09040163911564128,0.03440806973503157,0.98158903632990857,0.18788041008585982,-0.098538086576546433,-0.183743708307682,0.97802274776774711,9.5272048291688094,-18.582166486399544,-0.99633232213815914,,0.4426230866042029,0.4938271604938271,False,5
0.36393383458432921,-0.93036349290107956,0.044451491782029867,0.92610113914810677,0.36653664257055052,0.089373204718677643,-0.099442667468869844,0.0086406440738119455,0.99500577644386767,12.566226328432263,2.5960196905164361,-2.6925442991243966,0.2624744478017688,0.1752532333580218,0.6875,True,5
-0.55931549843210016,0.81094249981541378,0.17186749316487543,-0.81988472825249581,-0.57176165229498388,0.029625079632653838,0.12229147800228099,-0.12434176674809311,0.98467452462729022,1.1294255281671346,-14.863301275539778,-0.28322763525544448,,0.430285041193594,0.1538461538461539,False,2
0.88667024201318867,0.45390856013742609,0.088220751313071236,-0.46238151100339647,0.87215301173615534,0.15985137597709487,-0.0043840860495719738,-0.18252710251774462,0.9831910478823469,-10.502531955355281,-6.346720839463214,0.52431367543128404,,0.1612452987573569,0.3714285714285714,False,5
-0.99341876625944381,0.076091382816835099,0.085611075828927352,-0.078445145615451822,-0.99661809102124077,-0.024469159743417734,0.083459654761657523,-0.031023895793406954,0.99602811401931068,-13.818360885961136,-8.9170184267515999,1.0535656379546463,,0.1529054841796939,0.4210526315789473,False,1
-0.34537684156339554,0.92424572375154923,0.16274114242768711,-0.93027772176214818,-0.36003207280362443,0.070429162608633605,0.12368588320710215,-0.12706985747887337,0.98415194640643688,-9.0932332469450525,13.683389100700353,-1.0205576503311793,,0.1512812253672971,0.2666666666666667,False,4
