axis_00,axis_01,axis_02,axis_10,axis_11,axis_12,axis_20,axis_21,axis_22,location_x,location_y,location_z,dbh,dbh_approximation,score,reconstructed,number_clusters
0.18678580021697688,0.97120481373179546,0.14789278082952584,-0.98051404664887254,0.17497720302570363,0.089303878670256368,0.060854491712229411,-0.16169164544121709,0.98496321892391281,-4.1781294777308684,-4.521997582440914,-0.40178453814478782,,0.08491860837777503,0.4060150375939849,False,5
-0.7018969903952581,0.69258725273131316,0.16632351676227183,-0.69865923038237554,-0.71488787548835153,0.028471130663465426,0.1386214077102956,-0.096219659289782558,0.98566012524123769,-11.789293648606455,13.900311585617951,-1.5154791633906841,,0.1066351522177585,0.4444444444444444,False,5
-0.18742225769774096,-0.98227923347169199,-0.00063624660916904163,0.98043399979629053,-0.18710978795185301,0.061148174920115421,-0.060183630356850586,0.010836731189740004,0.99812849668476666,-18.723812703628667,-17.257812889844004,2.400111623161401,,0.3356155559917645,0.2857142857142857,False,1
0.9594206360365588,0.2512158286684894,0.12807283308183207,-0.26914177352105306,0.95131998717675115,0.15017652194655978,-0.084111526517742188,-0.17855220363923691,0.98032870083580881,-19.642082097076543,8.7299204245338373,0.066256762478826906,0.3902654481885595,0.4450806204831507,0.8481012658227848,True,5
0.9748401148585768,-0.19759852115974882,0.10315800937396219,0.17753612618218695,0.96811839224694685,0.17671361717029785,-0.13478751560415653,-0.15395324949044867,0.97884152068074437,-16.936544428885554,-0.77336281149170349,0.55881432594003977,0.1825959792557821,0.1690805015765607,0.7111111111111111,True,6
0.49885883102980438,0.80392290934165012,0.32380213485898079,-0.86645949874777917,0.47110396474588428,0.16525432348490782,-0.01969273300797416,-0.36300001409967575,0.93158101420666084,-14.700192475947919,-2.0544078681940294,0.35625379993029921,,0.4012174271342237,0.2162162162162162,False,4
-0.98764983098299519,0.090216829600560322,0.12809658471670743,-0.086502228447914192,-0.99566161272623932,0.034282902691117098,0.13063374691405741,0.022778863013926016,0.99116898032928102,-4.9871530308099663,17.337014576817168,-2.7384968729742423,0.3530324371991707,0.2986432368169575,0.937984496124031,True,5
-0.73821549537626585,-0.67031587250224312,0.07559440096945344,0.67316727128963438,-0.73925576500115164,0.018620923098195283,0.04340169640511319,0.064633930594679062,0.99696476756455132,-1.8180475896751533,-12.137021573749934,0.43049698557346694,,0.216997706342064,0.7325581395348837,False,3
0.55697744718471209,0.79423761703804852,0.24282242690765288,-0.82943863284502839,0.51697463755767759,0.21158633808985994,0.042516792820837673,-0.31925512024684732,0.94671457711624973,5.3798133847858844,24.159728310107138,-4.3173513756843764,,0.3180303780120812,0.1666666666666667,False,5
0.78691124589643635,-0.61706252153454921,0.0021296946123679494,0.60009756610230303,0.76607131539986095,0.2302556207340398,-0.14371361188074619,-0.17991271283305743,0.9731278505526596,-2.7643904203452125,6.7907749718759876,-1.8631613123089368,0.294991035821734,0.1777302065700216,0.1483870967741935,True,5
-0.83718492532281696,-0.54537236633696207,0.041114265751087814,0.54327192131003665,-0.83791585081299236,-0.052465669465275741,0.06306362127510462,-0.021587241425453478,0.99777601227896262,-20.68356141174004,18.906927440045941,-0.70116494630155368,,0.4044641496322507,0.1538461538461539,False,2
0.6696650296234391,0.72806540256996211,0.14652480226937098,-0.74256814243828828,0.659575834916168,0.11641422520633044,-0.011887049053029647,-0.18676318581369125,0.98233304458800119,4.5817377747640942,4.6747969480783569,-2.2329808963195994,,0.0788568713624949,0.16,False,2
0.95969459709392302,-0.27190707549379095,0.071083209023967392,0.24126439969650124,0.92678992679049232,0.28784009630133023,-0.144144960882502,-0.25908873749371297,0.95503678272414938,22.420184023470885,18.675409648137354,-5.2502771083874915,,0.4812302016528073,0.3529411764705883,False,2
-0.97868176506226034,0.15709042424529984,0.13230495585975097,-0.16294002941014968,-0.98603104864237401,-0.034544434125342305,0.12503019455490941,-0.055365781161763397,0.99060692543809203,-27.025730346902652,5.6824421923997335,1.5173057618014325,,0.2699845215413524,0.3181818181818182,False,1
0.92027124836867347,0.35194243662051961,0.17098932929154803,-0.38080611110023688,0.90602795638800482,0.18466198307201137,-0.089930724308636148,-0.23505289521506725,0.96781330910270957,16.38638078190273,-7.160959987389937,-2.1176869701621466,0.5638169936447066,0.3204753435447585,0.5242718446601942,True,8
0.79562358594928295,0.55959013222575238,0.23203877563193909,-0.60473760034763802,0.75624832905475103,0.24976168546772215,-0.035714761751754864,-0.33903886018782892,0.94009420117111309,-6.1929086483513656,16.153411519545159,-2.4328369347308474,,0.1180604479189446,0.3333333333333333,False,5
0.9559665407179746,-0.28756505842598334,0.058602987979883656,0.2590886099475132,0.92074867068395772,0.29171043455658235,-0.13784435143731844,-0.26368204831991421,0.95470975284147996,-7.0260306800187058,-11.821813251672625,0.82250434481859658,,0.4001107434146587,0.1764705882352941,False,2
0.23229116427240659,0.9452527659855241,0.22921174358589519,-0.96800234536248708,0.20167021917611769,0.14933379413307896,0.094932999392698114,-0.25656642628016046,0.96185310444585714,-17.858362358872277,24.308531524829746,-1.6280254097265585,,0.2018624825462942,0.2666666666666667,False,4
0.14161528899961803,-0.98944448571559074,0.03073629139249201,0.98520976262834736,0.14389912230332291,0.093030996028892365,-0.096471931375655406,0.017107082958318906,0.99518868269756111,13.638533010303696,23.277674925582215,-4.866025498867292,0.4092614225426676,0.4208054112658349,0.5964912280701754,True,5
0.99012544182069939,-0.081697726891284017,0.11391703507448384,0.06489899471524968,0.98743568370288948,0.1440794608372622,-0.12425670985630517,-0.13526363876150657,0.98298729294161347,11.535293847542711,-2.4896228025447709,-2.1801319902435679,0.4255288025651137,0.401439900349936,0.9675324675324676,True,5
0.99056852108161408,0.069050398749686354,0.11834714814770295,-0.087431684223234274,0.98357126044295196,0.15793440481589799,-0.10549742004463282,-0.16679214029195918,0.98033192149432447,-1.1629826807491424,-9.1846805460462857,0.03634303709632742,,0.08206168508263131,0.3548387096774194,False,5
0.94034336277693309,0.29377673972553814,0.17160882051223658,-0.3296741534867918,0.91142614419332446,0.24620588174057617,-0.084079204350034284,-0.28809305940463192,0.95390412333669183,6.8812448637649792,21.559059867890173,-4.2246798965876069,0.7475349537804866,0.3209489026930449,0.125,True,3
-0.64099898444177095,-0.76671706073858792,-0.03557036290225167,0.76744975466150633,-0.64095095876065522,-0.014238768689378983,-0.011881751327605328,-0.036425502552146979,0.99926573380118033,20.890841749743224,-0.99856160251684845,-3.2763430113417265,,0.1959869829803338,0.2666666666666667,False,4
-0.97790069934943502,-0.17621125382859268,0.11251584882158013,0.18026912339771251,-0.98324967680438313,0.026890820245881214,0.10589270683718348,0.046579685359943002,0.9932859948426046,11.129325647046889,-9.1644237561525834,-1.3229699301738964,0.2604996370308306,0.214867318833149,0.5098039215686274,True,5
0.96110216464886999,-0.25524560628517451,0.10550976058815016,0.24313882245242918,0.96312833065463077,0.11518390385322463,-0.1310196249563445,-0.085049980379401022,0.98772483957515267,-0.075140466032734485,-5.060443569668875,-0.69037290643498872,0.6793452710891552,0.56508590347547,0.9841897233201581,True,5
0.79787901907464742,0.56740837899407814,0.20356031628927979,-0.60139694505059738,0.77241168028149809,0.2042104567560668,-0.04136164170203574,-0.28535579127122251,0.95752873950795181,12.426222590623631,10.528580637683863,-3.6865164364374992,0.3085625036031957,0.2561989671942113,0.6195652173913043,True,5
0.87724525421700461,-0.4681198685668756,0.10632286963148704,0.45972770871198687,0.88300626314796449,0.094606411431226251,-0.13817090068523696,-0.034113456207177761,0.98982072836924939,5.2232529215672221,-6.8806442099268796,-1.0247025351653103,0.1670599635295221,0.1864310630361173,0.6,True,5
0.1052445090952793,0.96841446173128864,0.22604650763724232,-0.99119856175476084,0.083798625352948311,0.102485128502877,0.080305693948739862,-0.23484297029857287,0.96871036683869349,-18.564357184173922,-14.087139726676618,2.0163408587548584,,0.3055104245660312,0.3513513513513514,False,4
0.62808587308477826,0.76362189421145232,0.14963201098777595,-0.77801191028886518,0.61980294253450541,0.10267317017721542,-0.014338880012159001,-0.18090305444210242,0.98339640095615288,8.8594797836688546,20.257875399824915,-4.2503127480167802,0.495398311178415,0.5077719011986963,0.6436781609195402,True,5
-0.91761741329098323,0.34708122442243788,0.19368248882794503,-0.37001478024005391,-0.92390808019735826,-0.097380294464212799,0.14514594458361643,-0.1610232374517839,0.97621932564945502,-17.704794391956476,7.0532708900098076,-0.083483719163699677,,0.3593515201518301,0.15,False,5
-0.010555024678152853,0.9229138916311368,0.3848617155398984,-0.9965275286061499,-0.041498762253009032,0.072185438016172693,0.082592228352079605,-0.38276337516243403,0.92014712000315413,-7.4219994021885327,-13.271633542712662,0.94581079308106286,0.4269320463794276,0.3234383294861877,0.4912280701754386,True,4
0.12059483660935499,0.9431095813481899,0.3098406089466067,-0.99035915625520099,0.092869894830975547,0.10278095278585848,0.068158836585202304,-0.31924833625772375,0.94521683903325904,-9.0113417160614038,7.8965247967405663,-1.359836080036632,0.3321984259192231,0.1352251789199003,0.1774193548387097,True,4
0.10778985417861034,0.94031025206303309,0.32279711461118887,-0.99085154628440508,0.075087720373825717,0.1121385191397907,0.081206899718909153,-0.3319314147745242,0.93980156167343387,8.914070781569789,15.359431752856029,-3.8609438187165317,0.5491366457578855,0.4450415041016194,0.8161764705882353,True,5
0.9804775470436552,-0.17477206987737215,0.090102737661159754,0.14988270675390067,0.96089286628266601,0.23285204260045972,-0.12727511131160335,-0.21480135734641223,0.96832919140277784,22.812801881067852,-7.9211360642019999,-2.7778362217778221,0.5516501334870981,0.5528986542987698,0.3333333333333333,True,5
-0.50378008100569438,-0.8637422640624699,0.012447138391442208,0.86371122655299259,-0.50341649765703045,0.023973881893735449,-0.014441160210389062,0.022828297329594363,0.9996350942883161,-19.447673962703668,19.516283990748054,-0.92608257117193715,,0.07199557897377894,0.2777777777777778,False,1
-0.39073322048083892,0.83109607913119221,0.39573584329124378,-0.91259608661032998,-0.40598207709609013,-0.048445183251338231,0.12039905778777268,-0.38007612438760757,0.91708571385357041,-7.6708843096017612,31.268329267588136,-3.7076545127812919,,0.496567858975854,0.5,False,1
-0.17791365552902175,0.96810098824651369,0.17642904446950639,-0.97903532140752259,-0.1922096697869016,0.067418708656262455,0.099179486854733906,-0.16073555734974365,0.98200178716268027,-11.323587410754484,0.088676200549537343,-0.28920890907597335,0.2770807962792066,0.2538602937500312,0.7925211097708083,True,5
0.26834162090313568,-0.96327683615514181,-0.0095137488939946585,0.95629717286888205,0.26518063880938231,0.12318663062049923,-0.11613996579154506,-0.042154071305012086,0.99233791755548206,20.24583923820007,-14.237537395919068,-1.7072781283466287,0.2662080295103199,0.1976852381362261,0.4375,True,5
0.56593216083912112,0.7587208902993583,0.32258859240728333,-0.82442508074690135,0.51764452842678221,0.22883930699352995,0.0066389429450915555,-0.39545764983517939,0.91846021776852604,-14.081513107034544,-8.8113884940484084,0.95635004659086642,,0.3664391106604118,0.4736842105263158,False,2
-0.97571495578953205,-0.21429591091601163,0.045360639472003847,0.21144624007504628,-0.97552236800268477,-0.060387060572284698,0.057191018584723398,-0.049329221472791666,0.99714382879408658,-11.330048602628363,6.5439539498035506,-0.9497173794642908,0.2934202513104245,0.1309548823399121,0.46875,True,8
-0.79168886699616869,-0.60469831153160392,0.086998217827436747,0.60971184932269795,-0.79103299829105145,0.050182232016567081,0.038473350124710044,0.09277255868788023,0.99494374397987184,14.095319898712246,-2.6858399036914293,-2.4467514529469607,,0.07325870885186848,0.2727272727272727,False,5
0.22418831076519236,-0.96937265394816263,-0.10028090094203192,0.97029163937489338,0.21242051823035787,0.11580871294478767,-0.090960078470896155,-0.12326467950001836,0.98819637871848443,-9.0044102784773283,16.925671888369084,-2.1838513905682189,,0.3916316019237764,0.1,False,2
0.64328579131278485,0.75291583239722149,0.13892854285812947,-0.76552895164181767,0.63541739202674496,0.10104534679097793,-0.012198970991993456,-0.17135485763621824,0.98513384769340218,-6.0025461072162107,-6.5111601614679335,0.11944141940030154,,0.07132516865393963,0.2888888888888889,False,5
0.98703940682925695,-0.11604196409609703,0.11084886979518767,0.10256216687030413,0.9874109989461648,0.12041810946450834,-0.12342694719151991,-0.1074885190560301,0.98651508198208748,-12.016764005651366,-4.2260509239524291,0.25381616188182143,0.2391266624773267,0.1994824815681767,0.77,True,3
-0.95575723556521996,-0.28500584477220348,0.072799554328371568,0.28613363150685356,-0.95817483427700201,0.0053415240276150772,0.06823233533616567,0.025935601090396082,0.9973322881621004,-7.9839558889496711,23.636320623822392,-2.8766467361720229,,0.1761549295932137,0.391304347826087,False,3
0.77676506661298017,0.61588204848174199,0.13162573322745555,-0.62871359845793873,0.77052877797158414,0.10490287618404996,-0.036813617097505885,-0.16423977799409509,0.98573325647491861,5.5603695126723904,2.4645902745984993,-2.0655427692169677,0.7607242804391515,0.6749890134674219,0.9961759082217974,True,5
-0.13378401322398895,-0.97728395825765835,-0.16437123452090596,0.9887441065566126,-0.14284022883502834,0.044516971773943481,-0.066984547137746264,-0.15656543027948344,0.98539349322296144,-23.994436170681041,-21.482239465890096,3.4289732401267905,,0.6815636753330763,0.3225806451612903,False,1
-0.35463697260570276,-0.93499951228002942,0.0029205645291284082,0.93425990968247041,-0.35422839303294473,0.040995935522918081,-0.037296632839489724,0.017267240816191645,0.99915504481208084,-30.485076887502021,13.540822980241456,1.2061232416196284,,0.1026932642165595,0.5238095238095238,False,1
0.3901958909025588,-0.91837358310534545,0.065856879496439827,0.91129844969591622,0.39542152401364788,0.11479091396336535,-0.13146217062173859,0.015224329245462104,0.99120427637013742,15.997189082535279,-32.438441582069657,0.87801421904809085,,0.4919176235136883,0.25,False,4
0.19668767074084695,-0.97964558053686857,0.040106068283019547,0.97502573405289028,0.19973576496666198,0.0971104635340828,-0.10314445265336501,0.020004017790543865,0.99446521364956408,15.223891932022331,23.828907091854372,-5.0249289483258135,0.7574118613667414,0.6691936514594486,0.8918918918918919,True,5
0.32587423722253744,0.87773618579586021,0.35126225197018346,-0.94518252865493957,0.29426718454074985,0.14155144516363716,0.020879871649113327,-0.37813491275865468,0.92551500188431335,-29.933335578132933,12.102090541505264,1.2983976157247374,,0.5722289023724783,0.253968253968254,False,2
0.13520106490453518,0.91022435690387016,0.39142341798570979,-0.98856327590887871,0.097283892557820689,0.1152323469044339,0.066808095115675217,-0.40252635236433204,0.91296725794481814,-31.230434184948365,11.836946055823649,1.4751063139406571,,0.5161327111882665,0.1851851851851852,False,1
0.45233283072028646,-0.88641819256066801,0.098274097045201611,0.88284582961325708,0.46065756003697772,0.091530615180148434,-0.12640510823163306,0.045358574473359059,0.9909411427197341,3.8090079066914333,-19.95919123631127,0.87827827413755399,0.5266521261720232,0.4265032254804788,0.9487179487179487,True,5
-0.95031723051814743,-0.29269040114033545,0.10596929017705271,0.30019624740851869,-0.95177601617524232,0.06328213077503643,0.082336956600072897,0.09194968251111546,0.99235370784007437,2.2548331120727445,2.0493619792864006,-1.719161688427461,,0.1142512391554599,0.44,True,5
0.60134617200522755,-0.79881252274275427,0.016773041585177798,0.78877702847994269,0.59687533711394058,0.14686943619239823,-0.12733255968923463,-0.075089183338737472,0.98901366713939332,-15.626596278877972,16.531844788186696,-1.1704933458208469,,0.09699023258120155,0.4444444444444444,False,5
-0.977638020663951,-0.17134773952868337,0.12191740118081286,0.17192968402761605,-0.98509209253581898,-0.005809730937470628,0.12109535210914132,0.015281406408186343,0.99252324623444022,18.816870945518318,3.9576939877222452,-3.5532795847799941,0.4250636343376897,0.3683400678351177,0.1,True,5
-0.78534369941283844,0.60204520012912743,0.14414177324438548,-0.60556098017599724,-0.79546323666917063,0.023111434314908856,0.12857360958160308,-0.069136214166569093,0.98928712253312567,7.4141687230970161,29.161570898776539,-4.8876168256959245,0.460091453824845,0.2888704375283984,0.2727272727272727,True,5
0.15414132092481689,-0.98676086008362629,-0.050432709530355599,0.98313415442840013,0.14808997503946592,0.10731539353309652,-0.098426051327408226,-0.066123855754417371,0.99294508816966387,-0.53220335624677695,-9.993680977104221,0.051762921100622347,,0.1235788004128092,0.3611111111111111,False,5
-0.98935049352219528,-0.10181868010673875,0.10401229421905314,0.10488025269623694,-0.99418577778110329,0.024387944812070746,0.10092439527568528,0.035037060937023884,0.99427695879927369,5.2464564158031104,-13.856540248909239,-0.01512311713589477,,0.1033662712515309,0.2173913043478261,True,5
0.63218707548196251,-0.77478864857362784,-0.0064847232025825458,0.76225488801412111,0.62041571525799033,0.1845313684973241,-0.13894958543350361,-0.12160135814359471,0.9828052311651021,8.0779007351093313,9.9824145969462208,-3.1974520434572149,0.2686000010513066,0.2292702171061725,0.8461538461538461,True,5
0.19946946815393168,0.92465799732399667,0.32437558363594715,-0.97917437322280021,0.17531109393249791,0.10238929225229187,0.037808439509215287,-0.33804379646573107,0.94037062564337437,24.016849991272011,-8.6840345249943613,-2.8435625638588946,,0.24698860131083,0.25,False,4
0.87308631230671707,0.47133280276370471,0.12476249557286703,-0.48412948251350107,0.86839613495084056,0.10726973927278902,-0.057783522079123593,-0.15405694350256743,0.98637088497926539,5.3596008190881044,-15.138581558509042,0.16107178158544078,0.1999356913569311,0.2347079008724909,0.723404255319149,True,5
-0.42869235186561916,0.89116161201806121,0.14850538278895711,-0.89491630842282799,-0.44140677188181066,0.065458862316239999,0.12388570688655492,-0.10483817530961585,0.98674276720276433,-11.234413922185851,-3.8972769010747665,0.17489656084092595,0.2104911986475945,0.1071217317812005,0.5037593984962406,True,6
-0.99289511773190531,-0.021729324975472947,0.11699197246075067,0.02344031659477706,-0.99963718037786742,0.013268728805892263,0.11666120495727522,0.015916784923406539,0.99304421815728805,-14.57099373326184,-17.328047051834364,2.1352749259410522,0.2419982339568318,0.2198665973726108,0.8,True,3
-0.96955654814982517,-0.2251133772269191,0.096353865170449596,0.22580873661699746,-0.97416436718344213,-0.0037683122903039989,0.094712799595565916,0.018103952705766035,0.99534000848413384,9.2288353470760534,13.134597400512575,-3.6527739626380598,,0.07883479762269865,0.2692307692307692,False,5
0.3260137309237891,0.92768539728068877,0.18197486343262742,-0.9441782840836449,0.30987314818337802,0.11183022802349789,0.047354145689860079,-0.20827490417017225,0.97692330772629776,-7.6042579573809084,13.242714102304133,-2.108344702313703,0.3580629118895388,0.3251076503663055,0.8163265306122449,True,5
-0.54242601440742921,-0.83776473443197264,0.062643983240199957,0.84008399666800115,-0.54039420769895319,0.047254405379167107,-0.0057356286830242825,0.078258226580645074,0.99691662266012171,11.371832494973562,8.2217520463673495,-3.338847883814525,,0.1753095266305996,0.2777777777777778,False,5
0.22237725558359692,-0.96613861651278354,-0.13086072704166318,0.97022241975234713,0.20607730046872183,0.12728158720500188,-0.096004231203671492,-0.1552685412898864,0.9831962508455282,3.7488771821212912,29.039482565858769,-4.6759418984530559,,0.5847875357838488,0.32,False,4
-0.24051857799378171,-0.97017636108420124,0.030143689775266685,0.96907028777387838,-0.23824467255999371,0.064360339889051849,-0.055259306851444222,0.044691211554395441,0.99747135528600472,-0.33369883810319423,-10.932110856999879,0.13060153370670427,,0.09710169073654178,0.2631578947368421,False,5
-0.63461785208514376,0.74714181838965388,0.19758361528284332,-0.76095362203016459,-0.6487431389238606,0.0090512329761318067,0.13494356944297192,-0.14460789367325938,0.98024425025264561,-9.7459335924031816,1.5379289090055011,-0.573519300069114,,0.2859593462584011,0.3501945525291829,True,5
0.47885864539810796,-0.87043361923959106,-0.11419155934199167,0.86438468643674093,0.44475540749613585,0.23458845102988912,-0.15340636095398932,-0.21104014310176311,0.96536446299749479,24.144498959541707,-2.9058598280961738,-3.4337754672619898,,0.1949465898149943,0.28,False,2
0.0099603428669346617,0.98352028872510733,0.18052322076690022,-0.99626654021127892,-0.0057215554902193483,0.086140841986946812,0.085754139406916688,-0.18070723690227308,0.97979136662134581,-9.4030315279230834,6.2086724692984658,-1.1250993362911932,0.4579671604393667,0.3675142035967751,0.6348273328434975,True,4
-0.41982305991626212,0.88904602506610486,0.18260822455930936,-0.89865573643887431,-0.43536856946273195,0.053591753931704719,0.12714741730781887,-0.14160287439925401,0.98172407540704532,-15.091868282018762,10.90289835925641,-0.75117626130185988,0.2700831355179071,0.3029959598315749,0.8111455108359134,True,5
-0.99138353758924447,0.055305218736686146,0.11874348056850198,-0.057024346334389887,-0.99831078550422625,-0.01112652106770072,0.11792754267841955,-0.017801919178047566,0.99286262209401732,-11.079201309925942,23.015735182691479,-2.4256530112154828,,0.1432590489209399,0.35,False,3
-0.98158711571503088,-0.16347287213495504,0.098809687471403507,0.16354163442601885,-0.98650823834003476,-0.0074585183856147319,0.098695836140711493,0.0088383122365543604,0.99507839699457634,-7.3061004815030843,9.0511903546441399,-1.6902871898851213,,0.1418266105889187,0.2056737588652482,False,5
0.0037497627304890948,-0.9990009781334539,-0.044530719372900901,0.99610360692300048,-0.0001922270307835594,0.088190517198606808,-0.088110972951467054,-0.044687903700796325,0.99510775683258279,-4.6874519060780306,12.358952124418821,-2.3142905797412707,,0.09881319842944206,0.1851851851851852,False,4
-0.87254370998950093,-0.48765744907923031,0.029286285447216107,0.48808846736206835,-0.87274202947265256,0.0095392882387803496,0.020907467228363688,0.022617744129184436,0.99952554517861181,-3.6705573029684615,-10.604090299304522,0.3995125116078877,,0.1372474009968406,0.1612903225806452,False,5
0.28015007926630936,-0.9579596642903544,0.061880648669765774,0.95385140787829614,0.28504785122577214,0.094420411988940592,-0.10808989210685625,0.032573057951019058,0.9936073525895659,14.843940762484763,1.0514708018530747,-2.8950367179415135,0.1660493739943514,0.1421768512863571,0.44,True,5
0.44316720274715476,0.85910358975566048,0.25601533641209973,-0.89614768712036219,0.41729206019307469,0.15095250699688617,0.022850673471213119,-0.29632475186652496,0.95481385000069752,16.469920922025256,12.30935199614483,-4.2179132772569057,,0.6264925809131171,0.3888888888888889,False,4
-0.99316303307561116,-0.050791081883509448,0.10510687766818365,0.038300646828067074,-0.99232029707330516,-0.11761585126545827,0.11027352440456215,-0.11278605417980259,0.98748116731305136,-8.7934790425163776,12.619971409419206,-1.8758525382435223,,0.1155029709015098,0.2068965517241379,False,3
-0.67523564265541636,-0.73754671505043823,0.0090371459009890853,0.73746050728787071,-0.67529540652630093,-0.011318750602197475,0.014450850440171845,-0.00097828563635324328,0.9998951024376358,10.619220402210901,-2.7495765485209853,-2.0125389079619174,,0.08669427946782322,0.1333333333333333,False,5
-0.099756741224465637,0.95432324859180517,0.28163048446050298,-0.99058639238600665,-0.12191729685483026,0.062247666199515182,0.09374002240212051,-0.27276970125876127,0.95750169622578485,-15.85320813958751,28.816029586013023,-2.35903167133432,,0.7383925116533979,0.2222222222222222,False,1
-0.47031169582846055,-0.88051783070582768,0.05912071190422441,0.8823273018854757,-0.46783640715820368,0.051260398796745384,-0.017476873703718254,0.076272183306943298,0.99693385584959338,-10.546885507105632,-27.091388328946223,3.0402116476037149,0.2825781781959713,0.3889904804203996,0.3571428571428572,True,5
-0.84334910502621963,0.52078595283959095,0.13245481635800843,-0.51892451209189105,-0.85329896577768072,0.050972794242938727,0.13956947302926653,-0.02574619054733257,0.98987751559000103,-5.668373950885206,-7.449829953694401,0.2095963718123551,,0.08650883535901738,0.4782608695652174,False,5
-0.30661162840324491,0.93002963973118702,0.20256894764348737,-0.94504160829857542,-0.32283019789595757,0.051739945022192757,0.11351505588402422,-0.17557201527560229,0.97790019917152649,-33.47974873799452,10.068068467191962,1.9589764244484225,,0.2642330855763921,0.7241379310344828,False,1
-0.84087253091824843,-0.53928699200287,0.04585768205695416,0.53882065571404536,-0.84210518161555703,-0.023046997030335054,0.051045937380228369,0.0053294795924910265,0.99868208601348585,9.8470298926881323,-9.1519349162383659,-1.12787983997844,0.3235867558065459,0.2560345882307565,0.6153846153846154,True,5
-0.13223965043116914,-0.99106484463589073,0.017411162530941687,0.98831247255218013,-0.1304878099361961,0.078812359791154474,-0.075836214644702735,0.02762978799940069,0.99673740943313138,-8.2438064294844278,-5.7446309024858424,0.14723887004124128,0.1489021117924842,0.2465514573820611,0.5462184873949579,True,8
-0.99364338653102902,0.012160943383246726,0.11191484199685098,-0.0076890272247767113,-0.99915790176627717,0.040303426632847687,0.11231072639551089,0.039186717061297213,0.99290014701503215,13.439320678140097,9.6657215337792834,-3.7080722668782866,0.471006640827608,0.3756738095162977,0.7808219178082192,True,5
0.45389445575511511,-0.88908792265061387,0.059181828558971632,0.88030021653751256,0.45771396248943574,0.12477763143379006,-0.13802663438182974,-0.0045380986145037439,0.99041812072588253,-12.235566758482387,-20.435551841043683,2.3104121704055207,,0.1379804358025699,0.3846153846153846,False,2
0.7673042836236813,-0.6394306164225606,-0.048709579285935223,0.62593641506836439,0.73026037106459007,0.27372138159809545,-0.13945515631955813,-0.24051668805733764,0.96057481860697136,-6.6615384714746462,-5.4401959616301809,-0.06001207524345159,,0.1217313782695885,0.3703703703703703,False,1
0.96812380094947403,-0.23689400966216922,0.081348228138804921,0.21127813157166303,0.94680009007983923,0.24275736970150968,-0.13452827641328804,-0.21783208581609012,0.96667022568934113,12.638313786195488,-40.288154975242726,2.0221327645021261,,0.5206024487555836,0.71875,False,2
0.044140624199357811,-0.99894905506279863,0.012344662183870744,0.99443144253547711,0.045117935051359963,0.095239057290125301,-0.095695931951685215,0.0080720087861753526,0.9953778836613032,10.934075916390478,9.0391185878035234,-3.4065351452137862,,0.1345726187761312,0.3,False,5
-0.78221797035359075,0.59560018524191483,0.18274426446733652,-0.60984312091545501,-0.79198673079382109,-0.029127068486462723,0.12738294520071605,-0.13422904896599064,0.98272892889426977,-11.458770702412394,-2.4627107584089152,-0.016281843495055334,0.7215700235340652,0.4177809071871578,0.2921810699588477,True,4
0.24322768606327155,0.91843872743869281,0.31194646443436502,-0.96790737916172243,0.20885818585488689,0.139762525612879,0.063210743521902812,-0.335929400532611,0.93976371485666987,18.73227118291501,20.302127077916104,-5.0516439441920928,,0.3545154920404153,0.2,False,4
-0.91722785557656972,0.35702610753305941,0.1767071574503995,-0.37456365873519037,-0.92396301499064082,-0.077423591264631525,0.13562863454785504,-0.13720315400601177,0.98121361997349332,-0.78140159946714549,-6.3317374461803251,-0.4755919186915934,,0.09321981407778986,0.1515151515151515,False,1
0.77211651815106841,0.61686247100486058,0.15269831126783495,-0.63431176855660176,0.76268527022189059,0.12633193918070551,-0.038531320621889346,-0.19440131288738577,0.98016502022812135,-5.1300534992340809,18.838443562060764,-2.794742681064136,0.2847121463412731,0.2070942566855512,0.8571428571428571,True,5
0.9587931259738034,-0.26683466048751703,0.097544889911744925,0.2412202212399473,0.94596925660972198,0.2166909560046314,-0.15009512467210184,-0.18423199915259497,0.97135473645723502,5.0487667867321235,-10.12994879829434,-0.51282160278666544,0.5565947990683662,0.2156812559968165,0.3333333333333333,True,5
-0.9072735088485171,-0.41591055418955181,0.062234966501473518,0.41486747876739127,-0.90940507969676765,-0.029451249258789586,0.068845880071996018,-0.00090107461135494754,0.99762690063051973,-11.060967876520072,-11.014679026136001,1.0155245945015843,,0.09630598371115083,0.1666666666666667,False,1
-0.98300314887722162,-0.15231364003038805,0.10249567970485239,0.14851340114069866,-0.98794064144373794,-0.043784228500188968,0.10792858277160991,-0.027818052491650206,0.99376937816400979,-20.901836750803518,22.348700759089564,-0.94869730771449234,,0.167891602664974,0.4333333333333333,False,3
0.42654739436552841,0.86360914019790092,0.26876862414839536,-0.9040741211378075,0.39836577618245611,0.15477303335998366,0.026595184693470116,-0.30900479176412821,0.95068855826602228,-19.540003168967512,25.640149489162145,-1.5420583610891796,,0.2671151524375749,0.3529411764705883,False,1
-0.94259023230672168,0.30644549463353682,0.13272080763304098,-0.30679200859434264,-0.95159983389661207,0.018341744480505989,0.13191784345799668,-0.023428933965213339,0.99098373731895517,-9.2239068014533601,-14.781883291348837,1.3147813104738548,,0.1317119055255244,0.391304347826087,False,5
0.97818442508311709,-0.17656307755289838,0.10945643046372938,0.16431641387058676,0.97998802823805331,0.11235470903706289,-0.12710368467326999,-0.09191813833592502,0.987621237715824,-15.103640042857611,-0.27441779760917451,0.25496740074887447,,0.06992637457473616,0.2173913043478261,False,2
-0.99288028669778905,0.036008414270490903,0.11354351759850301,-0.031183927049112055,-0.9985454147375018,0.043984285836038479,0.1149621632569278,0.040130397561392091,0.9925589414290984,13.059222051857947,5.5782916584143099,-3.1523439209893649,0.1584045139624249,0.121708321571492,0.3703703703703703,True,5
-0.55789564946830916,0.81194563007019738,0.17174614439411312,-0.82329013925997985,-0.56755251918780125,0.0088025315031040607,0.10462213389917137,-0.13648601310570455,0.98510191215167853,-6.6122846851506845,22.233194740005715,-2.935034732651606,0.3290611507223006,0.3663143600099232,0.918918918918919,True,5
-0.82011516864635647,-0.56779029820846005,-0.070889261644526233,0.57031348626583933,-0.80106828134840558,-0.18174745115355945,0.046407300497468988,-0.18948294350114794,0.98078671309448207,-14.646472998484533,20.966541174441438,-1.7250142477012935,,0.5633249294025662,0.4,False,2
0.24986580547700932,0.91099878317948169,0.32809799801100059,-0.96631107838676367,0.21300562703133966,0.14446972914764278,0.061725027665711467,-0.35314277551506973,0.93353103915251656,17.225034295141789,-2.9228488958246719,-2.7420756719446779,,0.3791197462351803,0.1333333333333333,False,5
-0.92999532644270666,0.32972784011272288,0.1624445882426418,-0.34390431075914207,-0.9365497026708024,-0.06785631487569925,0.12976331467715405,-0.11897144986016342,0.98438167205721971,16.579849806286134,16.085426783040926,-4.6097502135365138,,0.2990733903704085,0.1666666666666667,False,2
-0.37776127811862231,-0.92419223239589887,-0.056259526600117127,0.92470763532484923,-0.3796630592861272,0.027780399302813175,-0.047034093231506126,-0.041529254659613421,0.99802961633475917,28.2717560866312,-4.421527260092609,-3.7312946792102064,,0.1725353481282087,0.2,False,3
-0.66519902504062756,-0.74591785402379596,0.033418739257100261,0.74564716280402366,-0.66596301060808838,-0.022440523704251092,0.038994431491030337,0.0099911736220753417,0.99918947690733073,3.6199137277517566,-32.272258965657748,2.2910079081897399,0.483915753978808,0.4191841195534358,0.9166666666666666,True,4
0.23660684590006181,-0.97072074280517118,0.041454070499805401,0.96668802510902951,0.23948211365425945,0.090346994141996415,-0.097629209686599189,0.018696436223698265,0.99504722535591483,10.343953035148726,10.683231922601978,-3.5256743154608143,0.3103750062700764,0.3550786111088168,0.9047619047619048,True,5
0.79642966561450523,0.58834445653127121,0.13982341791735248,-0.60325620046339068,0.7890975528147135,0.11578863823494862,-0.042210713469935032,-0.17656685026004587,0.98338314153619977,-9.1155441611494421,-11.118598693744726,0.89749139966304725,0.4661669365617468,0.2894417211951244,0.4470588235294118,True,3
0.77528639653604459,-0.63054267242426709,0.036700702966258547,0.61617214966960332,0.76782748177133631,0.17542189204380138,-0.13879079694884,-0.11338825551506874,0.98380903542992226,-5.5267677226569463,-21.350023522278569,1.8385021484919573,0.5226311166520884,0.5336443337072039,0.9298245614035088,True,5
0.95810693424095339,0.25786434730245367,0.12464782769740006,-0.2743476121523421,0.95125645121136571,0.14087069154038392,-0.082246521298528247,-0.16916602028491856,0.98214987008870125,14.408825838790429,17.409831091392018,-4.5646945903597906,0.2335782378888592,0.1669030247325556,0.53125,True,5
0.99313984332254746,0.058098286533091625,0.10147827702116137,-0.085621246994030731,0.95236135548241962,0.29270608235373929,-0.079638267613327568,-0.29938676938970704,0.95080245511143946,-13.95267389493873,-10.538057778931904,1.1477349829794403,,0.4910991311983244,0.4459459459459459,False,3
0.84965186509760715,0.47346506796025317,0.23221226831834432,-0.52465852035732741,0.80334092057682172,0.28173889036347943,-0.053152094527099548,-0.36121211877258175,0.93096759347423275,12.506680434481405,8.377518660121547,-3.4700782253479163,,0.6081470280786199,0.3428571428571429,False,1
-0.93107606851295133,0.33872146658269509,0.13551797931837356,-0.34231647074151123,-0.93957838585890685,-0.0034482873789521834,0.12616175530462087,-0.049600654258184364,0.9907688865702321,1.2259787818373071,12.691892714654722,-2.8245945473038154,,0.09953225329387527,0.2424242424242424,False,4
-0.39945075484411285,-0.91477900791032796,-0.060153646116133372,0.91674741779599378,-0.39884747041249102,-0.02224561327396804,-0.0036423095483906626,-0.064031726762235994,0.99794121647970846,7.1704126540568929,-10.94389770902921,-0.6395964225716041,,0.3731785253163225,0.2941176470588235,False,3
-0.92023153415501269,0.34684890040945515,0.18130020361671723,-0.36722137820170636,-0.92542531600060318,-0.093468946163004135,0.13536019702390575,-0.1525903823638145,0.97897588952522918,-8.7694000824931546,30.52436091235948,-3.5165438752876996,,0.2621613841715102,0.2222222222222222,False,1
0.97630231884170704,-0.19428487710873268,0.095326642399439429,0.1704676816540702,0.96177386730944758,0.21431704942004831,-0.13332123512701394,-0.1929881205864068,0.97210134943674154,28.21684277238753,-2.0308441143068277,-3.9885306533869889,,0.2459885556399113,0.3636363636363636,False,5
-0.72932242820287252,0.64429150925004164,0.23016786662905375,-0.66911848210267388,-0.7418806651760167,-0.043514773888934627,0.14272089065333107,-0.18574587410301985,0.97217756486396312,-15.378396593927127,1.73923740242653,0.0867416033853112,0.1275704163291249,0.2097634744311192,0.3858267716535433,True,5
-0.76903136476463052,-0.63760336478726887,0.045306834144553998,0.63615073114144038,-0.7703520597633442,-0.043242933371626574,0.062474052825634285,-0.0044331964004460656,0.99803674255671282,-15.674579791534846,18.509636701009729,-1.3630860257962998,,0.2277521137137919,0.3703703703703703,False,4
0.55191420809017011,0.79763924698440691,0.24323309515431507,-0.83386734832686171,0.53050972235868354,0.15239645624895592,-0.0074801271732497093,-0.28693390554805487,0.95792117710405134,-15.454449463047771,-7.5615101558369959,1.0200453140297889,0.5040973655002212,0.4816993979348638,0.8429319371727748,True,4
-0.98973961012064726,0.056589072018119788,0.13119901328271275,-0.078660756830374143,-0.98235311733983022,-0.16969041866761453,0.11928113636741618,-0.17826954249351074,0.97672513058999988,14.187944957190361,4.5876083382358122,-3.1565050153381145,,0.4949780328422673,0.25,False,1
-0.83956776278434675,-0.53754517312072103,0.078556721850521344,0.54057762304513113,-0.84098810959327353,0.022689931370713019,0.053868405918147372,0.061515740890812284,0.99665139766444477,-5.8209407776634929,-8.92190351786844,0.43498571049389934,0.1410739950494521,0.1565164182536936,0.3737373737373738,True,5
0.14993320353522716,0.96589431867120568,0.21111181785099303,-0.98655814306854506,0.13212400256244,0.096157570123333549,0.064985112316650009,-0.2226912955316554,0.9727206803968057,-19.490789581863265,4.4838952938902645,0.43280732196785227,,0.07447729275122136,0.3076923076923077,False,2
-0.54182510885610613,-0.83986747148130569,0.032375635293657251,0.84048985056543857,-0.54149252216091492,0.019043622037263633,0.0015370457234421542,0.037529705453282061,0.99929433036469983,-8.3156091432361237,11.623071280333253,-1.8459242590517284,0.3229995534384819,0.2538268696977839,0.7733990147783252,True,5
0.64502859689064795,0.71908113097341297,0.25857385071054478,-0.76408040400935084,0.6117521923259206,0.20479353357305086,-0.010919954312580089,-0.32966889793006948,0.94403345933043281,7.5335263342116052,5.4834589831714959,-2.5780828433366287,0.5590318334140858,0.5116918373782584,0.3958333333333333,True,4
0.39662903536534655,-0.9167259596749886,0.047947087118260567,0.91024457939203407,0.39951630964419471,0.1088187668359772,-0.1189126317620362,0.00048289362723415163,0.99290460408901871,5.8569895163979044,17.73403228320651,-3.8570005199501947,,0.1360196202172997,0.3125,False,5
0.26571776474938824,-0.96237781403706335,-0.056771582203001145,0.95568711117869243,0.25521514932929396,0.14672209472247671,-0.12671312096035692,-0.093242536441634355,0.98754727196950731,-13.763534326866839,13.38064604961612,-1.1795856770854027,,0.1847801362743538,0.2,False,4
0.95712741309797955,-0.28470364211443228,0.053394299912497445,0.25647311700520053,0.91860477761572346,0.30064398014130028,-0.13464269512307428,-0.27406039244725455,0.95224064497460437,-14.245894930391865,34.881986286625462,-3.278636453397028,,0.4556595482515173,0.1333333333333333,False,2
0.075921005880931411,-0.99666330504442902,0.029970939990989584,0.9934299151913264,0.078187711883835428,0.083568446876345764,-0.085632963682111762,0.023429427826693799,0.99605123233834325,-12.204118489337795,0.78722676367616085,-0.24910498701142034,0.260745809362516,0.207827985668762,0.6823204419889503,True,5
0.94712377008083992,-0.31367136870603107,0.067578373774019901,0.29266529310751105,0.93084027538160086,0.21882277746569218,-0.1315431121653684,-0.18747440940456458,0.9734216740242938,-8.4381687226761244,17.927094919156097,-2.3129051147681898,,0.1585955905348881,0.1875,False,3
0.99164455839390298,0.041737874527400666,0.12206154037081363,-0.060570133387163175,0.98607138416380435,0.15490153089863046,-0.11389613140586505,-0.16100054398421471,0.98036039092140204,-4.0291986996508946,-7.9049823354394233,0.16453505044495928,,0.07542073442696495,0.3561643835616438,False,5
0.54868819408425484,0.81292959932640385,0.19515822353047874,-0.8359986592435944,0.53543562962430102,0.12006218501985355,-0.0068925623299598698,-0.22902871668819497,0.97339526376322927,18.492332779615662,21.987745896371802,-5.1677669037637397,,0.1741571699880045,0.25,False,4
0.58751420302285451,-0.80640066678672961,0.067416806898110526,0.79687444618615522,0.59103760193121324,0.12516257475342968,-0.14077705161682857,-0.019812059693978867,0.98984307040497777,-15.33828621189372,7.6022102785212038,-0.50909232455088083,0.4815775745338055,0.4282218287863611,0.9969040247678018,True,5
