axis_00,axis_01,axis_02,axis_10,axis_11,axis_12,axis_20,axis_21,axis_22,location_x,location_y,location_z,dbh,dbh_approximation,score,reconstructed,number_clusters
-0.99557418403469056,0.093228681049290982,-0.011851460393919693,-0.087372361889185068,-0.96464453406172423,-0.24865034341971728,-0.034613790049117139,-0.24651437267357779,0.96852080494111581,18.619949224045644,18.181314477770925,-2.1793170468856116,,0.3900074484981136,0.3888888888888889,False,5
0.98567093702634856,0.16289603254152948,-0.04379139737241107,-0.15764225899921225,0.98195772076048315,0.1044411452278369,0.060014348944437711,-0.09604122667430795,0.99356648529409908,-23.26723772078191,5.2389342711753937,-3.9178894639174349,,0.1511178111645031,0.4772727272727273,False,1
-0.98747569700650384,0.14608165777760743,0.05959779427517059,-0.15323589805018956,-0.97795044525733421,-0.14188617328596176,0.037556722038423924,-0.14924166938870678,0.98808725158651867,24.286065252479354,-12.066507285783718,-0.30253170508804633,,0.2468141951891996,0.25,False,2
0.97199844097374144,0.23495902650312667,-0.0036450801524865566,-0.22658212221150056,0.94123020614609154,0.25049199774108266,0.062286215479412155,-0.24265192128414897,0.96811180782922124,-23.222024744601335,7.9605589640763235,-4.0977311160555381,,0.394078427400631,0.5194805194805194,False,5
-0.55257495806269008,0.83264678558491834,0.036881515385361496,-0.83343397947296594,-0.55238490170813859,-0.016084844567092894,0.006979798125567177,-0.039626390448721495,0.99919018790124903,14.917201308067368,-2.9257036445253548,-1.2190143893869914,0.2183210895505493,0.22075081787231,0.375,True,5
-0.91586352738272225,-0.37223344126296615,-0.15045352908991003,0.38957178784821,-0.91454682585087554,-0.10880223085414434,-0.09709696865931372,-0.15826044525281474,0.98261172909015981,-39.698321427464109,-5.6644983916360463,-4.0731577620897852,,0.4243981246579128,0.2264150943396226,False,5
0.99161727959599044,-0.10280012021270313,-0.078277110900331265,0.12024773247449949,0.9559058594623917,0.26792624111909752,0.047282699176233151,-0.27509293544131846,0.96025424926364689,-41.267055800427428,-4.3883423706588891,-4.2175060441520982,,0.5382412823804029,0.6666666666666666,False,1
-0.330658552669441,0.93981058058828526,0.086145192325862249,-0.94335882782110725,-0.33177088231073282,-0.00148446042173217,0.027185354853970688,-0.081756677189494378,0.99628148744036971,-0.43849250695709119,-8.9237393806655145,-1.8746702691918522,,0.09710502917607299,0.4,False,4
-0.73800365359686793,-0.63821983239051105,-0.21914847209392527,0.67106131219576548,-0.72826090764718654,-0.13897037694053122,-0.0709036145183842,-0.24962270717289248,0.96574384880873287,-19.790819694238255,-25.989925074211509,-2.1032742406659954,,0.6473067173866276,0.2608695652173913,False,1
-0.14912253230570163,-0.98187107515722249,-0.11701137606377247,0.98563932918711228,-0.15708045773523019,0.061974531521207125,-0.07923120040941925,-0.10608921513185554,0.99119498349940816,-4.542070577992555,-23.5990730315742,-1.5830899643452541,0.2730606480709615,0.2340046820190337,0.4516129032258064,True,4
-0.78524149105701135,-0.61626855050760776,-0.060073907628971787,0.61520052790559243,-0.78749720675613299,0.037100671368168851,-0.070172011423661723,-0.0078245131823381775,0.9975042184403119,-4.1978399533695416,2.1374779759166898,-2.6719112571684258,0.3053904934918624,0.2361286030849473,0.9060987415295256,True,5
-0.13411275890211433,0.98805641918442655,0.075883334192111671,-0.99034832151464414,-0.13633904459077414,0.024937261140742996,0.034985282231104385,-0.071806527757045061,0.99680482171721385,-3.0086334909896237,-7.1977050422860502,-2.0713075939982137,0.221802547730143,0.2367770045213312,0.3643724696356275,True,3
-0.99413653334508445,0.094968941724463435,-0.051705446292962032,-0.096632141078010908,-0.99484744036685413,0.030672458430969923,-0.048526099980302273,0.03548901947441864,0.998191237748282,-9.9236522627769048,-6.7960909459269887,-2.4483794814111901,,0.08964188052448303,0.4253731343283582,False,1
-0.02928762049641619,0.97915492711384822,0.20099219883948644,-0.99537118904983213,-0.046982250640995218,0.083838321394390861,0.091533771337033679,-0.19760641900854445,0.9759986023921543,14.81229440503159,-7.4299732893208974,-1.0576195682744722,,0.4790415964249985,0.3333333333333333,True,3
0.33611117243269789,-0.93769698966572401,-0.088054729218590033,0.94142091546503681,0.33176698623890449,0.060475836223485013,-0.027494357437344782,-0.10322316800891414,0.99427814915913448,5.7404385566134852,11.971351809482263,-2.6728546869465659,0.6159739794125807,0.4946471266140306,0.9,True,5
-0.092777563045556913,0.989925234575735,0.10695958931065713,-0.99470705960754979,-0.096914376602317359,0.034138968565076463,0.044160948384639166,-0.10322612827167818,0.99367709900138534,-38.517922209145759,-6.0795136062214636,-3.9762758444107442,,0.1280781254510083,0.3333333333333333,False,2
0.097895386254743422,0.99482656921556845,0.027140201414429636,-0.99385055370870801,0.096308641417664057,0.054641764989592952,0.051745243674454634,-0.032322480892793909,0.99813710831027913,8.8709750456488141,2.3380073245486184,-1.9006735809555728,0.3190227914518432,0.1237753687445744,0.425531914893617,True,3
-0.57090017900614665,0.81958282152022166,-0.048548782473983254,-0.82098241449885279,-0.56931358802141585,0.04324249735872681,0.0078013264505113946,0.064544846139240192,0.99788431300550984,-4.7061284608426197,-5.3770081901333064,-2.2590316790012883,0.2706246776618644,0.2282582169612262,0.8976063829787234,True,5
-0.09185414314807501,-0.98539078590872842,-0.14341483686394679,0.99517066950442046,-0.095848015072030376,0.021177737482464737,-0.034614374826902994,-0.14077697628849442,0.98943604543316088,-2.4888459292749321,-16.943112326363725,-1.6513613366458009,0.2861343957340965,0.2126223719758549,0.4545454545454545,True,4
0.41896725072255103,0.87700624285463258,0.23521584303781407,-0.9057367898119919,0.38537229998727912,0.17643428800429711,0.064088301608451553,-0.28696383116434193,0.95579519207852714,12.833921064082521,8.1749887333978251,-1.952663093898406,,0.5124989119985761,0.3283582089552239,False,2
0.56995772942991185,0.80480331440841824,0.16564966580203011,-0.81984627126292553,0.5435743411261803,0.17994173269566072,0.054774794927750912,-0.23836644224064701,0.96962939366242384,12.154727626156044,3.7522859974566884,-1.7775539814489962,,0.5474916575433423,0.5258620689655172,False,3
0.91531079078949718,0.40218607948135343,-0.021272370242282453,-0.39691242772964713,0.90974766436488907,0.12173623904321934,0.06831310985501883,-0.10298322510996007,0.99233450729473716,-4.389511058082153,-3.8042667896143727,-2.3328054212050966,,0.2176281598367303,0.7444029850746269,True,5
0.97082282580371737,0.23979600688838407,0.00095706785038838713,-0.23308079905830453,0.94268299875451578,0.23879301700329386,0.056359400359004247,-0.23204878568865456,0.97107001758451683,-26.11798638401563,11.18364550777371,-4.5090780855062738,,0.3522566278694192,0.462962962962963,False,5
0.24670833391326427,-0.94805824838467923,-0.20079978995884329,0.96855093310808593,0.23431116328273779,0.083710027694100936,-0.032312349855716314,-0.21513678539679018,0.97604921782456111,-25.521785302738589,4.6758284737906797,-4.0001922463251454,,0.1397824730977695,0.3333333333333333,False,1
-0.69771284533196354,-0.68325238443995229,-0.2153206088972843,0.71287862831075421,-0.69187096086409805,-0.11453660904169258,-0.070716665338203658,-0.23341112370688613,0.96980327931665378,-14.300127545176176,-18.984937603332416,-2.1203849371703307,,0.2296941565982944,0.2307692307692308,False,1
0.56556957392280927,0.81169893957992822,0.14586256729398461,-0.82167456720725363,0.53947330626359224,0.18390067273884994,0.070583019611978354,-0.22386018697805304,0.97206206284815311,-6.0483633856204433,-0.68676805341104785,-2.6030459098542624,,0.3028108276346639,0.2989130434782609,False,2
-0.3104859763857995,0.9480437367086848,0.069365205652334339,-0.95027215821110977,-0.31140941249776122,0.0026463440061913757,0.024109827800226111,-0.065094170977386179,0.99758782325578266,2.1232956296744954,-22.062324404186612,-1.3327397530512488,,0.1309482366666225,0.2380952380952381,False,4
0.99690241846542904,-0.053235141304872155,-0.05789289928850766,0.060571924370217696,0.98920772518575151,0.13341333670559108,0.050165825378115862,-0.13650676233462244,0.98936812855531753,18.646369246385269,7.0499226583147854,-1.4701588283783897,,0.0929618805500445,0.2222222222222222,False,2
-0.45725769994400994,-0.88225745082977558,-0.11196957755238413,0.88723551926716193,-0.46119310619283543,0.010679520163999187,-0.061061683506458693,-0.094460093455118369,0.99365424648204825,7.6207326981484202,15.727317655953453,-2.8202791685658606,,0.1170239856945225,0.3846153846153846,False,4
-0.97007509673721348,-0.23415798932823456,-0.064221045803110846,0.23454495993192481,-0.97210403332735817,0.001552468748626766,-0.062793060610378398,-0.013556711343171338,0.99793449039340254,-14.134319308132676,-17.599135664290024,-2.1524705657102139,,0.0942513722821721,0.5833333333333334,False,1
0.75048105091787609,0.65845675000099657,0.056682453998802125,-0.65682422895258052,0.733612462204424,0.17434072260723008,0.073212870958931753,-0.16806981786295919,0.983052598719653,-2.9282007598905135,-3.9307439529330699,-2.2462656629346482,0.2090610061780135,0.139892032520387,0.2354211663066955,True,5
0.16511700743753449,-0.97836083090153092,-0.12468543785278624,0.98554166502442486,0.15879976535778281,0.059078431116604851,-0.038000004681045467,-0.1326375477758126,0.99043590431903339,23.849256324383564,-11.174113863669168,-0.34524946273563561,0.4934897609159299,0.4710247404171293,0.9672131147540983,True,5
-0.99811624270384847,0.04641824506155983,-0.040116238310166176,-0.03298906485571225,-0.95736903738184298,-0.28697778287266418,-0.051727049506990808,-0.28511378919296299,0.95709688096938905,17.290380401216176,-10.436287337685059,-0.80964031810622861,,0.2666198496234198,0.1176470588235294,False,1
0.78093469631863077,-0.60771162267744261,-0.1443176487768516,0.62451770174097643,0.763717425381503,0.16344214383327904,0.01089221271816709,-0.21776656729488841,0.97594010157934585,-6.0069496011287331,-5.4278081624697059,-2.3235714692581628,0.2258639580711632,0.2214002369534984,0.6394160583941606,True,5
0.92543532433568909,0.37647271188595904,-0.042869075998101767,-0.37324289739806293,0.92523854249087889,0.067995433900040841,0.065262546790625209,-0.04692479829032091,0.99676419643354741,7.1272986168784325,-3.3741256601598506,-1.7083664573502773,0.1972412625489709,0.2204731852729035,0.734375,True,5
0.93658875782321738,-0.3385514958728581,-0.090467581825829882,0.34948196421604671,0.92137235284246533,0.17010392148693695,0.025765391649591463,-0.19093420872067526,0.98126462920730673,12.238508362499559,9.6726530731179476,-2.0730235591575297,0.2037061580155658,0.2094555750207926,0.5128205128205128,True,4
-0.9334047238280625,0.34931523994121932,0.082063906074891446,-0.35873584203913383,-0.91354722335758876,-0.19167698435679573,0.008013561750791591,-0.20835146709454708,0.97802119045939806,5.9301276206802767,4.5144317723811067,-2.2215014524683512,,0.3805443832978278,0.4,False,2
-0.49630390247658557,0.86496817660132075,0.074246143694460393,-0.86803123958442541,-0.49582629940850304,-0.026039353302186492,0.014289978727706406,-0.077371404807307476,0.99689992588328835,-27.391147164333486,8.2866074848466127,-4.3548697963155476,,0.1100842841993323,0.1818181818181818,False,2
-0.15825402188922014,0.97145640178071369,0.17671480977879434,-0.98710004272746488,-0.16005143351432349,-0.0041284715632249266,0.024272828498642551,-0.17508854351235931,0.98425343876838822,-2.7079718722317785,12.576032423364053,-3.2357917514165311,,0.4583116264998958,0.1764705882352941,False,2
0.85380108175323721,-0.51705955180036911,-0.060606374986501524,0.51999785337882343,0.8526105598541458,0.051550613057621486,0.025018898425363346,-0.075529154087692535,0.996829675322911,-5.2988497633386391,-17.940911099030838,-1.755370060851023,0.2871413534251078,0.2239021988263354,0.296875,True,5
0.99708585558563934,0.068510768319510529,-0.033556984598206045,-0.052159383010718992,0.93322799496629638,0.35547842153234599,0.055670417233886535,-0.35269219446346911,0.93408191322257605,-8.1474922231591922,-0.7970460985637966,-2.7186575804774282,,0.5289257659826864,0.3239740820734341,False,1
-0.60764350892922503,0.77541853753408363,0.17174241673122614,-0.79405972839352967,-0.59735919164854145,-0.11238836192682933,0.015443891989178882,-0.20466579538727206,0.97871006861006737,-13.757669616916434,4.007909171915002,-3.3169157416647366,0.127873817672092,0.4005396721114092,0.1761517615176152,True,4
-0.11618457512852236,0.9926902391558502,0.032668541242386294,-0.99263481991915881,-0.11718863796742836,0.03070728603113948,0.034311204966656954,-0.028860218572279765,0.99899440889211,14.71395997519517,-16.658197842031111,-0.81828961728042715,,0.570582668401843,0.2142857142857143,False,3
-0.99627650931948553,0.06393206561875496,-0.057842959501557434,-0.054256610892563041,-0.98632178656333047,-0.15564560233097494,-0.067002516017181032,-0.15192769443468224,0.98611796379090888,-17.751926388980781,-22.289825990988152,-2.1460347542000444,,0.4308328766424856,0.25,False,3
-0.41466009389594732,0.90973052084227812,0.021151500614433584,-0.90978601715105223,-0.41493675978318262,0.010811492822902051,0.018612080126366289,-0.014760244871673638,0.99971782301042267,-22.732618329312555,30.153344015848731,-6.1885062711304881,,0.1766764521058381,0.6666666666666666,False,3
0.22075329798187046,0.97192071436739857,0.081474575259367729,-0.97334146518694009,0.2142021507930725,0.081998967940843742,0.062244466242945579,-0.097404125062487551,0.99329656339028138,-2.6258186382454207,-19.550280097867201,-1.5574080533044516,0.2950926245192771,0.13710023507282,0.6896551724137931,True,5
0.61230881593900055,0.79046100798826557,-0.015789514671273909,-0.7874187116348409,0.61150391886954658,0.077683523185514525,0.071061146139833817,-0.035133346799898366,0.99685302901276862,-3.6359001989742246,-10.556292349168807,-1.9570513084487235,0.4000856383404243,0.3725239258563627,0.9014084507042254,True,5
-0.76221861859074425,0.64583969437291056,-0.043747761610444247,-0.64710935173745099,-0.76195153972791363,0.026064113263236665,-0.016500435374697996,0.048176138061996027,0.99870255599646807,-10.477298623357612,4.4009950651079155,-3.1454198611240987,0.4804467803403039,0.295802219377072,0.9470720720720721,True,4
-0.83241212040283996,0.54580914322499086,-0.095825054022683459,-0.52339845609486024,-0.83117420988828672,-0.1876259283097626,-0.18205526074235134,-0.10602741149620157,0.97755514936368215,16.509862179450025,-13.026387992843103,-0.7864660417866266,,0.6116359110980825,0.34375,False,2
0.92761716242990822,0.37074632994375495,0.04553634590874938,-0.37017485943584627,0.89611457792204763,0.24484533215326243,0.049969724905550419,-0.2439791426922111,0.96849223255741046,17.724505045314004,-15.488675316924448,-0.6475614698458404,,0.572193026600641,0.3225806451612903,False,2
-0.93216044955614208,0.36134593972603651,-0.022494624397824535,-0.36131595818682094,-0.9324270741212829,-0.0055253782824000799,-0.022971169818516442,0.0029771276646628052,0.99973169504024306,38.318555699447195,20.571082786828569,-0.56724870351283463,,0.7459806986036285,0.9230769230769231,False,4
0.85288477899681892,0.52100228174331975,-0.033825673294143974,-0.5184799801052562,0.85280838268827497,0.062420931158245041,0.061368265297309238,-0.035699927659080796,0.9974765416687934,13.993452781527303,-5.8515672164346526,-1.1685210355469839,,0.2388951650426561,0.8676470588235294,True,5
0.99884439168745753,0.03884257604830698,-0.028304336778016137,-0.028260603672355403,0.95102744493890545,0.30781185365909897,0.038874406421010907,-0.30665624607841907,0.95102614436539301,-3.6904300184031387,-29.378539950212204,-1.5549840625905278,,0.3259625173401265,0.4615384615384616,False,3
-0.81815453796671611,-0.55952994617686747,-0.13247411571994416,0.56881904228255564,-0.82127467445029645,-0.044190567356805682,-0.084071690486309303,-0.11150851284934142,0.99020088993138311,-5.5298652914480249,-29.696094799948035,-1.5826707823156643,,0.3116345762649936,0.3809523809523809,False,3
-0.21944851864992837,-0.96890329539301734,-0.11431864169461907,0.97561326602391463,-0.21848611133528706,-0.021037450219410357,-0.0045937806327360749,-0.11614742067792619,0.99322136195782784,-4.6549334742172022,-30.415268095885342,-1.5738239369659042,0.6130723404129528,0.6242717937611381,0.9215686274509803,True,3
-0.7454525917223257,0.66587232860393564,0.030240295865596001,-0.66625426853911451,-0.74297408979950263,-0.063990245662985779,-0.020141577591541355,-0.067849420676760128,0.99749224205802789,-12.31091538679566,-14.490012077825252,-2.1899692774927071,0.4677999274337982,0.4948159897994219,0.4135338345864661,True,4
0.88097850153174939,0.47310310263126976,0.007094654293213664,-0.46822293776434021,0.86953537210365428,0.15708442701901215,0.068148076936953558,-0.14170988300477363,0.9875596937241663,-16.88250902662951,11.46725438944728,-4.0180941541862945,,0.1529111259315573,0.3823529411764706,False,5
-0.85540431861159094,-0.51440478855369487,-0.060590141225034574,0.51336932927341061,-0.85754198236592449,0.032767060308952239,-0.068814122547700168,-0.0030760352647930291,0.9976247563813968,-6.5117643785057577,13.747888698041519,-3.544387953667925,0.3544061082384635,0.3227946781273953,0.9603960396039604,True,5
-0.19825759965282447,-0.97265941389081789,-0.12094456891266617,0.97852620574743754,-0.20351626295139291,0.03267407810211094,-0.056394936345595059,-0.1118695458284773,0.99212137154216473,-6.6368573203054035,3.9975833967531398,-2.9230334387869772,0.1998866134193331,0.172823273034178,0.696,True,3
-0.45292206782265915,-0.88876148986300207,-0.070460021400386416,0.88893778042551752,-0.45622798310794216,0.040566611411519717,-0.068199875450036473,-0.044261061507330182,0.9966893876343037,7.918037394011975,-8.2820860145281383,-1.4424759625179095,,0.216184507898486,0.7727272727272727,True,5
-0.26078735143335968,0.95933782080921048,0.10798566061014465,-0.9648858499259525,-0.26265061505027543,0.0031545247479154992,0.031388755073218769,-0.103371175763595,0.99414744684890999,1.9283762457577425,-7.7208525233107466,-1.8076461548141722,,0.1937039139959569,0.1864406779661017,False,1
0.25972163986086105,0.95971402957526974,0.10720844754208431,-0.96267536715166346,0.24855613539620833,0.10712602408524469,0.076163030844339979,-0.13102987824652965,0.98844846286455634,-11.614201288565706,-17.575796098277504,-2.0412380652499578,,0.4941815424404716,0.25,False,2
0.71825779558713532,0.69569603708477934,-0.01061899537821619,-0.69232740426926542,0.71613132217797359,0.088536403210253911,0.069199020051517499,-0.056240140292862978,0.99601633633377173,7.8888506778812113,11.4887599572608,-2.5182893061717402,0.1440436147440968,0.1386437806411093,0.3870967741935484,True,5
0.94151601290459241,-0.32891401707013629,-0.073233645403089909,0.33600597136371069,0.93280019813808734,0.13032182304385787,0.02544768461311794,-0.14730702538688165,0.98876339718837691,-14.959257752157308,7.8813782443160223,-3.6479983856281275,,0.3486875829233582,0.5256410256410257,True,5
-0.70772930376706045,-0.68408124578094864,-0.17649952339929229,0.70292876263888027,-0.70686986083871661,-0.078905985152120717,-0.070784088920921751,-0.17991066952418094,0.98113289810656967,-3.4878254386029894,-0.2404437488748159,-2.4846796119285028,,0.1759522271907975,0.2772277227722773,False,1
-0.74961398619814645,0.66185187130918077,0.0055652619581303062,-0.6617862472140934,-0.74934876611287182,-0.022702196444520387,-0.010855169018214587,-0.020700897798264731,0.99972678174385921,-21.422896723170687,0.46158984739904108,-3.5078896592077449,,0.1238022631025937,0.3448275862068966,True,3
0.53145156789327375,0.8459208486804628,-0.044465140857842075,-0.84445914109700704,0.533204220577014,0.050813562919416598,0.066693253043223766,0.010544046973803281,0.99771781234571932,-13.554897038824235,1.3129736772587968,-3.1431542629510227,0.3183071076343228,0.2371100920186645,0.9155495978552279,True,5
-0.13037471518154978,-0.98141606929800196,-0.14080103893434223,0.99048114759959782,-0.13524965685050444,0.025585671216627921,-0.044153481075838275,-0.13612505002930628,0.98970725008125804,31.978810574611103,-3.0551270086732552,0.065130414698377034,0.5925983737663754,0.4847563872107821,0.54,True,5
0.71433491282384198,-0.68877916519194704,-0.12372911507983313,0.69951723745688688,0.69773206623507988,0.15442020025894204,-0.020031645505037467,-0.19685838906384168,0.9802272735613663,0.22222080050812892,27.502602042202415,-4.5666121536285651,0.3049616572403121,0.3691200494456989,0.7272727272727273,True,5
0.84369091871251989,-0.52361068738503314,-0.11839544644199286,0.53639020934047088,0.83116113010031012,0.1464811221081514,0.021706612027477371,-0.18709095078744598,0.9821027436718317,-22.959677125195618,-0.10969610212069944,-3.5683483819335975,,0.5128416343126059,0.893491124260355,True,5
0.15694942271160353,-0.98492216782245534,-0.072768138923637163,0.98687669935059275,0.15357478976334668,0.049891524611134955,-0.037963916939298827,-0.079643626744763843,0.99610021269426841,-16.978117962850508,-21.406877789389544,-2.1413574988144566,,0.3908234450238454,0.5238095238095238,False,1
-0.94574294922762003,0.31992687967028849,0.056719182387238554,-0.32299553892221278,-0.90676730072449896,-0.27101096688723919,-0.035272593080085457,-0.27462675397935976,0.96090373616516245,-11.046651883290155,2.6974144680881125,-3.0888866517476385,,0.4421517540488935,0.2984749455337691,False,2
0.2239855842004799,0.97458624353780798,-0.0034802266067730445,-0.97288647151310437,0.22380327653037604,0.058343868238658156,0.057640017497842672,-0.0096823200284222137,0.99829047930034664,-23.682945042055959,3.4967441340531606,-3.8329391963619361,,0.1479295560794587,0.58,False,1
0.47514471757137317,-0.85663844739884598,-0.20101758082843005,0.87976309183567858,0.45836235795480662,0.12617785484718502,-0.015949909333519408,-0.23680058962807554,0.97142734218470939,13.10496325986542,-15.845040172635168,-0.91682495322956825,,0.6725869374786461,0.2727272727272727,False,1
0.044897214899116904,-0.99253993001297613,-0.11335222725707547,0.9974753045186826,0.038290258502527909,0.059806964303265459,-0.055020514080340921,-0.11575121352990972,0.99175319490117564,-5.365500350305604,-21.653002003018702,-1.6500038386139537,0.1706143791052009,0.1329296284258647,0.65625,True,5
0.9462191024540394,-0.31685276747085001,-0.065373801305537368,0.32229590194462082,0.94078309119378534,0.10513099882322705,0.028191518951197606,-0.12054666760192713,0.99230728062898688,-23.208815129316054,0.95003455228229938,-3.6483721265302682,0.2936728476475384,0.1378641689676023,0.4666666666666667,True,3
-0.92329907518083376,0.38086019521455639,-0.049642013167759701,-0.37922226259573499,-0.92446575312519341,-0.039415058676113918,-0.060903968031561652,-0.017566530670569167,0.99798903985876108,6.1565708817518523,-16.392698440427736,-1.2791480499254653,0.6717041657523967,0.5855637597704278,0.96875,True,6
0.048990400059504405,-0.98800597820458325,-0.14643813620097071,0.99728114843106463,0.040306861142773202,0.061690095873113727,-0.055047721896791212,-0.14906221512114171,0.98729438585315188,-12.483923048432088,-19.732747729989004,-2.0083831978187652,,0.3581434355054773,0.8333333333333334,False,2
-0.76437137907262309,0.63330782270037445,0.12106856140686596,-0.64469030360795121,-0.74761023495921441,-0.1595410574683411,-0.010526504097029279,-0.20000034572655079,0.97973927879857725,14.454841301439179,-15.051673609178616,-0.85215266880005425,,0.269252909117309,0.2222222222222222,False,1
0.26879988564165341,0.9628917228406062,0.024210567198742625,-0.96068214939516428,0.26619878633057581,0.078917767261989069,0.069544441276950475,-0.044471746549681362,0.99658709325693118,-17.982386173685914,46.750579747010946,-7.7415214922063909,,0.5450746752320519,1.0,True,3
0.63138092937238455,0.77501515297767154,0.026638969196671549,-0.77032098433680818,0.622863048506067,0.13655476519001825,0.089239582670673889,-0.10673863152919938,0.99027428595517863,-15.708166911823671,-9.1471479937536841,-2.6551015818023966,0.3796271072594836,0.3646289758176815,0.3448275862068966,True,5
0.60112691679608066,0.7860002466330368,0.14439543689481282,-0.79654268480785073,0.57470774383716861,0.18769858937321077,0.06454596178181661,-0.22784780329508839,0.9715550408243806,5.9588109183719622,2.358632123059734,-2.0921779692020372,0.3873934029126068,0.1798415508178108,0.2333333333333333,True,6
0.69617294486967674,0.71055754808956473,0.10223111896300784,-0.71579100469294143,0.6762371217446852,0.17420273469476391,0.054648590394925506,-0.19445134617021981,0.97938868971437387,-20.249511690779016,4.275109880918218,-3.6936100449018565,,0.1962454451451023,0.15,False,5
0.0043146406234185943,-0.9912553055883967,-0.13188746346467964,0.99967291518004009,0.00095090147195306483,0.025556964644365781,-0.025208064815321906,-0.13195459419530298,0.99093518382335255,9.9850111346318613,-5.8148159850628218,-1.4242463115119885,,0.1073104437040394,0.1944444444444444,False,5
0.39920979862166556,-0.9071314168621275,-0.13320709150101581,0.91685726932651535,0.39530103516838283,0.055765932951332302,0.0020698713913405459,-0.14439419703199916,0.98951808042900824,12.445624066435181,15.862334230484272,-2.4946834323967528,0.2036760446837318,0.1612227646232008,0.2608695652173913,True,4
0.99207978247316275,0.12494122513354701,-0.012938140134156837,-0.11189250445014481,0.92584636413355836,0.36095509065331921,0.057076901246275805,-0.35664856691538777,0.93249344612245066,-1.4120758625838825,-18.580404386338884,-1.5386137644219173,,0.2469684344643159,0.3636363636363636,False,2
-0.19349676649958786,-0.97151647766351856,-0.13680180913451054,0.97948292021671846,-0.19929520241522813,0.02991038779427518,-0.056322378837675768,-0.12820747217905951,0.99014677382675043,34.802818338676758,14.254620550600171,-0.50933020934561191,,0.1778144092198493,0.2142857142857143,False,1
0.87990533683072947,0.47331012848679666,0.041762668600233664,-0.47031861336145775,0.85508840033172939,0.21822976319439108,0.067579583770222482,-0.21166329367638698,0.97500341023378356,-0.2298686875471643,10.510623800171516,-2.9701723225987062,,0.1996715168588984,0.5,False,2
-0.52847166692477221,-0.79003110952000777,-0.31075479601823963,0.8461740230002166,-0.51976793820368639,-0.117604477870181,-0.06860918347700723,-0.32510327037123754,0.94318643095442389,-33.661021478250838,-6.4352874604227628,-3.736071929894675,,0.590857684406376,0.3548387096774194,False,2
0.74532284775498658,0.66632105949369924,0.022585355644539364,-0.66002605834695782,0.73265163128792132,0.1660939176313368,0.094124677515381963,-0.13870051494619962,0.98585126273504553,14.062924621128959,16.366233375353541,-2.3896445763818015,0.1383845132537276,0.14624005560364,0.2,True,4
0.84641714286601388,0.53251238152539238,0.0029298096678119778,-0.5279038680853102,0.83834372893986608,0.13600477273893263,0.069968037868031199,-0.11666342901422051,0.99070384979949599,-13.96725219122419,-9.6006761557247522,-2.5267723777247335,,0.1154807530734292,0.3829787234042553,False,1
0.3889475609263997,0.91558176352112475,0.10212653502862812,-0.91967080991475558,0.37937525701385022,0.10139041254682046,0.054086932249332392,-0.13335834684497322,0.98959090289201512,-19.689413260249832,9.1842423180942383,-4.0206272035547714,0.8515867548259147,0.782199715253601,0.9957983193277311,True,3
0.50025949223680488,0.86266342909100602,0.074513411785541953,-0.86326089771839765,0.49021612282102006,0.12028622280524745,0.067238849613905013,-0.12449883949368384,0.98993887491467136,-37.251486662159103,-8.8596986591240565,-3.771578549759504,,0.1346415409697788,0.2857142857142857,False,1
-0.87504929977466162,0.48348937353265942,0.022951005312849635,-0.48304526690732175,-0.86925112209421684,-0.10521291202309113,-0.030919137800206244,-0.10315285948019584,0.99418483920182099,-9.4706938208155247,-12.707710448054923,-2.0889051282414415,,0.5955311756274502,0.5087719298245614,False,2
0.43401185775910189,-0.89235183611586777,-0.12386245559140824,0.89995960479039017,0.42313409727163143,0.10502497546606351,-0.041308801362647668,-0.15705329129554127,0.98672582140289611,22.103148560132045,8.5790108916765355,-1.2987478467607387,,0.2064645976966625,0.2307692307692308,False,3
-0.98950639706231924,0.14185218319411572,-0.027478142146248823,-0.13788035515899416,-0.98387271713758306,-0.11394509262595645,-0.043198354528570244,-0.10896070206900836,0.99310697690160832,16.414001880464351,-23.130513684294232,-0.61449680729438749,,0.305635271275236,0.52,False,4
0.49761836154884836,0.84918909815261567,0.17678756129373824,-0.86479141514556068,0.46992720964036788,0.17693000291119843,0.067169744230408432,-0.24092798346884792,0.96821585002604493,-8.3268972681383886,-8.1446147662316672,-2.2927656228647568,,0.5550755680846944,0.3225806451612903,False,1
0.23983295364850027,-0.91998133630837164,-0.31002337845475469,0.97026128426930058,0.21636952061392042,0.10852313484870776,-0.032759648843124468,-0.32683110530297765,0.94451481407869409,-12.141136414430925,-9.1187752801737876,-2.4457060961451416,,0.6438701312252486,0.3523809523809524,False,1
-0.93875817945304096,-0.32981023346676674,-0.09979123413712121,0.3389637038263234,-0.93595161061684273,-0.095384433069970687,-0.061941004176178746,-0.12336852306944458,0.99042592833452792,25.858835931349901,26.700250715455866,-2.132316456190479,,0.288160693925118,0.125,False,2
-0.21869928286090018,-0.96959768744697628,-0.10977681072796347,0.97355175533610727,-0.22443128134308032,0.042750200428620898,-0.066087845766919201,-0.097523968603509315,0.99303649086511891,19.644145592451739,21.539117347414749,-2.3506135379193953,,0.3251727523780709,0.8372093023255814,True,3
0.77628398496862361,0.63023354065956128,0.013742594694885833,-0.62638930808441662,0.76873204685555785,0.12918000950143663,0.070849201821620217,-0.10888858693627396,0.99152592817145324,7.3747359238015031,-15.88873031254651,-1.2319941892253414,,0.07481377585484217,0.2222222222222222,False,1
-0.47382869190803106,0.87955935491601223,-0.04314755965812718,-0.88051824316944216,-0.47247257307032964,0.038174482866182989,0.013190684990651375,0.05608037870797189,0.99833911921423135,-1.7536434978858364,-15.5660064213283,-1.6619935111435047,,0.07065860308954004,0.1666666666666667,False,2
-0.42239178124611132,0.90615548224566056,0.021620016925840632,-0.9062169522696778,-0.42267663007001488,0.010737868117759848,0.018868453958809948,-0.015056838605507727,0.99970859406949886,17.834505730677897,16.65876550635447,-2.1236597834543307,,0.5449344100066082,0.42,False,2
-0.54768908790584192,0.82780189463138132,0.12157584560085372,-0.83661110149537465,-0.54372112834193365,-0.066702319669340648,0.010887049350632611,-0.13824383472426685,0.99033838374424654,22.532402091960439,-5.4495347943664871,-0.56999334057656559,,0.7352931814057342,0.5538461538461539,False,2
0.56889155074789499,-0.81253240614697175,-0.12709639038410261,0.82237870334386942,0.56063190168660748,0.096876927581929284,-0.0074613520297280144,-0.1596338302875398,0.9871480985412564,15.815788873979935,-18.471396350670958,-0.72251271749596679,,0.2120637280032646,0.25,False,2
0.99697038980217945,0.054397468681140405,-0.055596378108429781,-0.04069830551145924,0.97394015708428072,0.22312377360367366,0.066284913714864876,-0.22018511716220027,0.97320338285174601,1.4594798325276102,11.452365489778916,-2.915060443620578,,0.1600947256422217,0.4285714285714285,False,3
-0.1915634329723131,0.98143707261824131,-0.0092045444428345523,-0.97990687119800446,-0.19071713064302923,0.058390922738284841,0.055551551974726492,0.020205161959947909,0.99825135937967691,34.364816184891168,23.243481358318782,-1.1779833703817082,,0.4299579760097164,0.7037037037037037,False,2
0.99851776852574625,0.025060663364148781,-0.048313860227813095,-0.008798956471126277,0.95033815550614198,0.31109479030386028,0.053710746628426988,-0.31020856426109888,0.94915004206694564,14.364973252264805,9.933461252902811,-1.9419261203361078,,0.4452103539163008,0.3076923076923077,False,1
-0.42077861755880058,0.89687931443571833,0.13620884825377896,-0.90707619629582958,-0.41804982465014345,-0.04946835577897004,0.012574940110985448,-0.14436703033345555,0.98944430436174868,-38.749358109727339,-12.000945817658186,-3.6675190146622647,,0.3783432172340703,0.125,False,2
0.032571367492848821,-0.98105033959897014,-0.19099564705089586,0.99923685758409586,0.027841547685844993,0.027396179805174156,-0.021559417086424195,-0.19174222121171283,0.98120849575393077,10.310583016834663,2.3160245055807125,-1.8262729397948785,,0.1841879839066053,0.2340425531914894,False,2
-0.43546200455615508,-0.86888166106912623,-0.23540922166663719,0.89782806947315097,-0.43819734478950029,-0.043449334696258363,-0.06540336577004989,-0.23027754140859777,0.97092463851153832,18.365318672377839,-16.57155218580499,-0.58710482020080379,,0.6888472750698611,0.5,False,1
0.67415569448838175,0.73858915660823443,0.00039664798641359314,-0.7352160884312724,0.67102542731391102,0.095823688146529001,0.070508176126658939,-0.064891707011916502,0.9953982436494313,25.713926342093288,-17.173432625292133,-0.07901566685954331,,0.11609294400767,0.1666666666666667,False,1
0.83517374565210245,0.54994416348351749,0.0067993840787961939,-0.54548846774623627,0.82670263881562522,0.13785890805872905,0.070193633110847142,-0.11884512621767827,0.99042853848473267,36.052575435268288,19.448718168471789,-0.72703554328237852,,0.1392474643570328,0.4,False,1
0.72291438711373546,0.69091739011807574,-0.0052866753634950477,-0.68729439345084764,0.71986621499191605,0.097051786404187934,0.070860465952488655,-0.066526630349351801,0.99526529218061099,-12.579062336074587,-25.053010365187692,-1.851211974463165,,0.1031223207104904,0.375,False,1
0.43894898898474327,-0.88503789966155133,-0.15502161537005185,0.89850200078909448,0.43154840555215829,0.080374922975906649,-0.0042355220769895608,-0.17456772275554999,0.98463605993518,5.6591902340680553,0.72055136099065753,-2.0090859241542085,,0.5618315014025532,0.3542805100182149,False,2
0.8386579754968162,-0.49647196583102859,-0.22398300667563084,0.54431973542591794,0.77848602753723006,0.31253084736576303,0.019204836928239308,-0.38402485866565639,0.92312300489446286,11.237202701122971,-21.848516196895275,-0.93331173808472656,,0.2338178656732708,0.6,False,1
0.14711843934930149,0.9572529530238193,0.2490440698563276,-0.98763117019274582,0.1283603434372437,0.090046065413101173,0.054229479687099943,-0.25921112275488933,0.96429702756620383,12.598818735780949,-14.87882424624696,-0.9644032724073639,,0.4944577091831583,0.2,False,1
-0.94189092618804726,0.33566235740576872,0.013124975635210735,-0.33313976462129463,-0.92836977307075974,-0.16476486784692737,-0.043120533307129734,-0.15956298527336793,0.98624554414099141,-1.8186719241465275,-33.042091228441535,-1.426387390352686,,0.2076739482254608,0.3684210526315789,False,2
-0.68726839204271906,-0.67357788609459091,-0.27194666510799359,0.72296140130302189,-0.67067147535388372,-0.16591137505492873,-0.070632637817000729,-0.31063258604175581,0.94790211887305387,-0.90897347224497893,3.6095327569050588,-2.5681145845448135,,0.7916393268645443,0.3888070692194404,False,1
-0.98965486221351218,0.13885196709568567,-0.036102422783152149,-0.13574097233510102,-0.98769077659009719,-0.077725917610360185,-0.04645042654999125,-0.072021254310861788,0.99632088044003919,25.788583987519022,-19.586827753200314,-0.04937764061948717,,0.2358083747469676,0.6666666666666666,False,1
0.2672620392574217,0.93284719994945564,0.2415928474074211,-0.96178958697745598,0.24277156460910546,0.12658103254035544,0.059428888208512942,-0.2661917898127365,0.96208634658360737,0.81129421168288207,0.17047564899861106,-2.2587157046239867,,0.1594512763788598,0.304,False,1
-0.4541048323694814,0.87071198763916979,0.18881058180126598,-0.89077460242148176,-0.4478881275358142,-0.076920952238739487,0.017590022727026165,-0.20311784705906488,0.97899628768783076,18.311797009957317,-14.275509809349771,-0.64378838957621665,,0.5923533735992921,0.2857142857142857,False,1
0.99064863306704865,0.12662581144336951,-0.05080540993533867,-0.12318305439251931,0.99018802437745868,0.065981902746103799,0.058661920467362738,-0.059106516187091548,0.99652656704741582,29.187646410309636,17.727085894559398,-1.239955764201137,,0.336642153947147,0.8461538461538461,False,1
-0.88220187766170521,-0.4605758892914662,-0.097926999614697446,0.46579410375382685,-0.88406649053179676,-0.0382399428211136,-0.068961583206384944,-0.079349168377291973,0.99445865148808543,9.4646352909836668,-20.866054838733451,-1.0056520537428013,,0.6368052018027064,0.5517241379310345,False,1
-0.71807756177676263,0.68941229144800842,0.095264409267815375,-0.69594015901869943,-0.71018415784129352,-0.10632853340604326,-0.0056489235936546776,-0.14265046215017652,0.98975700821493251,-2.9428489975960979,9.1107673124614266,-3.0190190206479666,,0.2095166792439847,0.1851851851851852,False,1
-0.96577588122031122,-0.23316634422751042,-0.11362395510062814,0.25152011756783876,-0.94888684979696225,-0.19066037013773535,-0.063360695322826746,-0.21271389752899486,0.97505805985399274,13.680485017734407,-22.301374910634184,-0.79178974603201879,,0.6607135118649495,0.1081081081081081,False,1
0.89902806685030323,-0.3997512835203581,-0.1787384858927521,0.4370288222233224,0.84470975904137235,0.30898419300404822,0.027465315609016015,-0.35589933169941956,0.93412061433971361,-1.0916112470359547,9.9394943405474177,-2.955673608102622,,0.5664200019867522,0.3333333333333333,False,1
