axis_00,axis_01,axis_02,axis_10,axis_11,axis_12,axis_20,axis_21,axis_22,location_x,location_y,location_z,dbh,dbh_approximation,score,reconstructed,number_clusters
-0.67094755296591213,0.72767980668704513,-0.14251835007801442,-0.73936400039866923,-0.67113159886858975,0.054067105661088126,-0.056305027160382548,0.14164912968315524,0.98831435686044422,7.399619950744734,-5.4910459870378734,-1.021501223336537,0.4791972430492997,0.2512083260669986,0.9192546583850931,True,5
-0.80361473681891615,-0.54104458544669887,-0.24793973325442389,0.57114033484010351,-0.81822120375092378,-0.065671756875577511,-0.16733819852681436,-0.19438317388910059,0.96654700300740748,-4.6852025542300622,-15.09578552728283,-2.410108374039813,,0.1919646099384456,0.3,False,3
-0.096990011201697646,0.99442534791806581,0.041366231942606774,-0.99442289367779224,-0.098552107263118249,0.037557831187203829,0.04142518867286199,-0.037492793601355351,0.99843790201062832,20.713685350757469,-0.53519785097736849,0.81962073179268691,,0.1835494842903913,0.5416666666666666,False,4
-0.27510919950637186,0.96114664580209985,-0.022628601599232495,-0.96139655112917199,-0.27516590438703326,0.00062971406219884674,-0.0056213720653698548,0.021928299665947781,0.99974374209087369,-26.330076482639583,2.6690837723372014,-6.9039307720973584,,0.4222628742037468,0.5679012345679012,True,4
0.74635804545378415,-0.63941035374658273,-0.18467286619338324,0.66114588388312023,0.74416044177437635,0.095453429077090132,0.076392330837701722,-0.19333814010649175,0.97815365631854989,-4.1577625605524062,-6.566980614164561,-2.8459817030599184,,0.5328092717743866,0.9953095684803002,True,5
-0.97613198784708421,0.18671059499751599,-0.11093014025671394,-0.16303819892455529,-0.96742764134663994,-0.19365511728305895,-0.14347434611503831,-0.17094710431636945,0.97477802577443806,-24.052523695096927,-33.529204010627353,-4.6090288033968898,,0.4940933679414087,0.2380952380952381,False,2
-0.0029144961322306929,0.99759446070981317,-0.069258917645258294,-0.99880965964069379,0.00046823437102132097,0.048775450433761781,0.048690548577088079,0.069318631821980281,0.99640561909374614,-12.385205162054167,-21.722963965747123,-3.2888070566619589,0.6693171912636058,0.4879298553404334,0.8275862068965517,True,4
0.98247122815801669,-0.078550707308679232,-0.16905641727833601,0.10550333695497027,0.98196800436236287,0.1568690036303117,0.15368582150948962,-0.17195529881311283,0.97304267299900493,6.1443055138812168,-5.3067770054095753,-1.2378069696470506,0.2292794374443314,0.2145143857415229,0.7487684729064039,True,5
-0.95247234274945503,-0.23502928425953659,-0.19379801814728326,0.25244536134063283,-0.96505101536726789,-0.070341149238570225,-0.17049274422966554,-0.11592140992523944,0.97851645407013066,-23.923582931821517,-14.947692189698911,-5.389294286704347,,0.3265352185986403,0.6511627906976745,False,2
-0.48985169671393552,0.86945668840601253,0.063956095976295341,-0.87158774123274274,-0.48676899484874131,-0.058230189650661568,-0.019496783306087312,-0.084267506430394462,0.99625240918188951,-25.503476458063457,-4.6223967321061652,-6.2650092636189418,,0.5919247615854579,0.45,False,4
-0.32902701959531139,-0.89595737930226704,-0.2983313507662928,0.93357428230540263,-0.35614863731851759,0.039965079183160654,-0.14205731165336005,-0.26536488578931716,0.95362529202818636,-10.232125579801266,9.3338752558447027,-4.8919313709803323,,0.08205007733128665,0.3571428571428572,False,5
0.90561138675400255,0.39892633914653308,-0.14396455159739058,-0.38863748796232389,0.91649307795772816,0.094875397263488759,0.16979080991569323,-0.029970218396192745,0.98502429760765653,19.205720073866733,-6.3905962896617554,1.0161633976697284,0.2308386098897775,0.2532775286132641,0.8214285714285714,True,5
0.54562277564851902,-0.81717160861387583,-0.18581267117453645,0.837461234492479,0.53985412753307627,0.084948229574455691,0.030894456071260956,-0.20196059779301451,0.97890625165188772,-7.5375888727993852,-13.168319123175193,-2.9959836871241197,0.536535781339614,0.5258517351860821,0.9746031746031746,True,5
0.18788123871259713,0.97810289546500861,-0.089528576570765475,-0.97651497422304923,0.19580370379000506,0.089885564471023582,0.10544735775721781,0.070538184447030389,0.9919199661650826,-3.6774859623428133,-17.545026068067351,-2.1186423217528167,0.571838134201733,0.4175394682227154,0.44,True,5
-0.28670480861621939,0.95638532633618789,0.055923700567475809,-0.95772212517155253,-0.28758028244531175,0.0081186270736142152,0.023847089407782095,-0.05123171593357348,0.99840203706186359,-26.003540000763646,30.129549377190443,-9.2237423854341358,,0.3554144417031915,0.3333333333333333,False,3
0.92500962177502688,0.36318988533542096,-0.11158094287855642,-0.33975033924731807,0.92214396848199576,0.18498704920510156,0.17007911866233338,-0.13320513722196398,0.97638593026155573,-0.16019757396964251,13.693786591202047,-3.661394449181115,0.212227127226414,0.1584978247105153,0.313953488372093,True,5
0.31365627094403448,-0.92437000425475868,-0.21716316200391972,0.94900632188001011,0.2975303104810732,0.10422435117002096,-0.031729240918403873,-0.2387798349507228,0.97055522547233153,-6.9425501616047525,11.980087145900285,-4.5899310159787285,,0.1742032726488695,0.7355371900826446,False,5
0.69490118963688174,0.71691244798015508,0.056114869440711174,-0.7089912287309722,0.66999675532919134,0.22008131549702808,0.1201822541966695,-0.19271971819058259,0.97386617971708478,-7.7635496225152822,-14.26344147168664,-2.9486628990532711,,0.4805177781225266,0.3823529411764706,False,2
0.9840510345236404,-0.083158346235787675,-0.15725218886961245,0.095674426009155322,0.9926759697912424,0.073761936029621139,0.14996654847256469,-0.087630522367198621,0.98479994206380839,8.4059403607148653,-7.6939883884678331,-0.73048649964481183,,0.1736607503765087,0.4666666666666667,False,1
0.2466876049144627,0.96413616532950797,0.097911594233160898,-0.96503902056052582,0.2351639786778108,0.11574796727374842,0.088571521253439603,-0.12304209782076755,0.9884410593387537,-9.2413092819010902,-16.461539070406165,-3.0751605057820268,,0.5296740766175816,0.2391304347826087,False,2
-0.27872834681063696,-0.94108322422028345,-0.19150162864938436,0.95292400239295705,-0.29579571564564994,0.066638879560417197,-0.11935809292879662,-0.16391235370415264,0.97922744342444124,-8.7655216045393001,5.135320112934437,-4.3708315585816226,,0.1120443354319388,0.5114503816793893,True,5
-0.83325308143546817,0.53556466492663191,-0.13733095776378848,-0.54368240777400656,-0.83884170437942407,0.027459688106020001,-0.10049249601514469,0.097545295508525087,0.99014452155672639,0.91585941902751822,5.8570520600874501,-2.8794590364154149,0.1585775144296104,0.1437343130115353,0.5622775800711743,True,5
-0.13797988625859672,0.98816458027605902,0.067024721378789037,-0.98965730855654677,-0.14023674124718466,0.030200463986201673,0.03924235732822913,-0.062164448780711784,0.9972941485334772,19.730948848468955,-0.44789589862254003,0.66592812751175556,,0.1179243033823755,0.3529411764705883,True,4
0.52734782075446229,0.84362140698736643,0.10103067661941173,-0.83806788425615186,0.49690281239520806,0.22523280492004341,0.1398087884359816,-0.20344659423639741,0.96905262291047634,-27.400518947496639,4.2648559895312239,-7.237057710087659,,0.3906751336237421,0.3529411764705883,False,1
-0.88934291264057486,0.43808728722792589,-0.13095309276705408,-0.44193490097209093,-0.8970470532753847,0.00035708925873545461,-0.11731464971932624,0.058190316885433538,0.99138850103378007,18.711738293948148,-11.278005738744897,1.2211104730412263,,0.1536340704714563,0.3636363636363636,True,5
0.71597952296245493,0.69518754452603682,-0.063934346280505011,-0.67972733667760954,0.71506940060175206,0.16323755724775957,0.15919821127016387,-0.073416825448335582,0.98451302646002059,-26.206340316927761,-1.2081862083802632,-6.621521633922713,,0.5929070360408533,0.1935483870967742,False,1
0.097615099867087468,0.98646420234234722,-0.13175609957423859,-0.99199031246233327,0.10710539194066007,0.06696010004563574,0.080165530365753246,0.12416445753240224,0.98901803584508152,14.767606548465405,-18.795773517773419,1.060876354658302,0.699730227382555,0.6951362329812792,0.9714285714285714,True,5
-0.74765529379835793,0.65160285679447261,-0.12816114338041046,-0.65953844736575717,-0.75112439703971767,0.028656179404946844,-0.077592513180453238,0.10595214574988004,0.99133926821716223,7.1793257353265085,-10.707732928474154,-0.74251304416371688,,0.3492892036775715,0.9204545454545454,True,5
0.095745672587846081,-0.96753143952683063,-0.23391382966348989,0.99396281877630377,0.08028082791503928,0.074785717617342165,-0.053578737116191669,-0.2396620583163197,0.96937681875141779,21.738719635091666,8.8190499303690615,0.25479947368029771,0.6125244250281667,0.6210004644390177,0.5625,True,5
-0.078478736199964552,-0.87321916392374865,-0.48096712956372306,0.99378914595267909,-0.10670599784713658,0.031574727395389732,-0.078893734549092598,-0.47550196821859514,0.87616987900129317,-18.824770908446386,-14.619728387227514,-4.6735085169121966,,0.4357564882233437,0.1739130434782609,False,1
0.89808205707944555,0.42815413748165221,-0.10066108140335969,-0.40497990754278507,0.89426002862097687,0.19050006744735631,0.17158057360490633,-0.13031897700700554,0.97651270907923093,-9.5482490053151032,-7.1020526478628376,-3.6478772223754339,,0.654637976599552,0.3868852459016394,False,3
0.85031362054139958,0.51464868534760311,-0.11001580519071313,-0.4883743625843891,0.84953711707479962,0.19944214369718985,0.19610514703104764,-0.11585947256147276,0.97371420546570486,9.668436440304049,-4.3868041883909603,-0.74498381209745035,0.2041957901367604,0.1916644699279157,0.2857142857142857,True,5
-0.94556397816450677,0.28922223043614764,-0.14919539074399746,-0.29802707797559724,-0.95371922999521797,0.039993638627387675,-0.13072346381213046,0.082280810392647383,0.98799860538873729,9.7270194150012443,1.6770123698618444,-1.1553133357040206,0.2414572527596184,0.2206783355815641,0.7445255474452555,True,5
0.98730501203381416,-0.016207854122204025,-0.15800670453390422,0.037350170674829618,0.99057611585041883,0.13177224084479894,0.15438192239855111,-0.13600097121510549,0.97860613009784314,-20.552667244636837,36.136445084616575,-9.1050070724209764,,0.4505743735816353,0.6956521739130435,False,1
0.38907323521233683,-0.86180547447642797,-0.32544330044397274,0.91956198235673403,0.38443704188285832,0.081326019406535152,0.055025250981346918,-0.33090706397841946,0.94205771413625361,-6.7759743047087095,0.25657051751678617,-3.7229729203111721,,0.2028049868245619,0.8791748526522594,False,2
-0.41159587041039786,0.91134427144396835,-0.0063606892213253774,-0.91135542397351976,-0.41161521753932301,-0.0020503375582506811,-0.0044867198657740151,0.0049529381501415282,0.99997766862491877,-31.410272972321671,-4.4112372427492375,-7.203561157642091,,0.1675171267890465,0.8571428571428571,False,1
-0.39372014314205761,-0.89001836012489555,-0.22989512288169445,0.91397991673157974,-0.40572307114168049,0.0054315149542076765,-0.098107903328592899,-0.20798102842315846,0.97320025232246654,1.3889560011433302,-29.814110268759205,-0.85074102621791592,,0.6543565164730522,0.8285714285714286,False,2
-0.78254133382110502,-0.59700499896252035,-0.17667510315618495,0.602222548367356,-0.79781885395304331,0.028514531645845269,-0.15797804625774767,-0.084083931228359235,0.98385610198329876,3.7335199466080096,-17.557369235067966,-0.92972156893160007,0.3307138598880158,0.2688574568625425,0.9,True,5
-0.25845626383201464,0.96198758841704912,-0.088205665450377821,-0.96562045136949892,-0.25463381407557822,0.052333207681998679,0.027883751235430389,0.098699039817375239,0.99472659357039739,25.256363809818239,-10.487118565220349,2.2519093809285224,,0.4425339100359352,0.53125,True,5
0.57180666286047654,0.81933157073700691,-0.041628325716935047,-0.80720855279913373,0.5709545591485482,0.14975060492504405,0.14646328070985809,-0.052025653106108988,0.98784707258896565,-5.103094970206393,7.6139681279136298,-3.9526982921020939,0.0661706987462027,0.1585510409783072,0.2,True,5
-0.98911178423705837,0.078853588359324628,-0.12425775583939529,-0.071133750295225964,-0.99532102291349511,-0.065391520209977669,-0.12883271266383017,-0.055840603052739808,0.99009290432685493,-4.2799955291624796,-9.2711807029108346,-2.6712445631413413,,0.2929789715221449,0.6358695652173914,False,5
-0.85844044601415603,-0.44291531288301844,-0.2586619923002893,0.46224678833681221,-0.88660833122669036,-0.015923996725897782,-0.22227889535293127,-0.13323547805731761,0.96583663218347604,-9.8392103145454666,-18.551910944405623,-3.0759461171985669,,0.4746129574093688,0.4642857142857143,False,2
-0.63673439671615073,-0.75056295276263629,-0.17670473105933904,0.75592911610044888,-0.65281847866283893,0.048981683800495252,-0.15211995092726927,-0.10238792827560406,0.98304436963614006,10.331943044888744,13.511136505017268,-1.9319131960892302,0.2567259810883356,0.2815563381451528,0.8461538461538461,True,5
-0.47799890603889689,-0.8564908066004947,-0.19478332586351219,0.86916206159745379,-0.49322557820530327,0.035858606828876413,-0.12678468561021725,-0.15215790223605707,0.98019060201668951,-6.3728031498890605,17.347438935126341,-5.0164373866234317,,0.3050334510620053,0.1428571428571428,False,5
-0.9249023769731145,-0.29357524181855782,-0.24159712428060698,0.32628677981510323,-0.93908088569139292,-0.10800012706918913,-0.19517307802915362,-0.17871952193379989,0.96434786363240366,1.8256192494446348,-15.73823217652869,-1.3523419551904854,,0.5407189494119997,0.4893617021276596,False,2
-0.87743768389020582,-0.43346455069978079,-0.20545460368662402,0.44439836013996342,-0.89579384570897624,-0.0079676530317219496,-0.18059127441352749,-0.09829480798373666,0.97863421273177342,20.243704872280979,25.264610036002679,-1.7086702063571872,0.2905132135342051,0.3297322856302851,0.4615384615384616,True,5
0.98672892488733432,0.06972377361528774,-0.1466445504733459,-0.032981759612325794,0.97035096929781661,0.23943934496164845,0.15899129637675252,-0.23142513211756544,0.95977298143926082,3.2433522968797766,-7.4139985584137644,-1.5768493315883434,,0.4827045339411483,0.2434782608695652,False,1
0.52342768933089134,0.84302632359558083,-0.12381466700938232,-0.84112921216210135,0.53443384513858527,0.082958505398487231,0.13610695239144852,0.060721354524640184,0.98883154005897578,-8.5585158381817141,7.6941582658157417,-4.5253126169710542,0.1636436915502333,0.1243419637371505,0.641860465116279,True,5
-0.98040299706283041,0.13606911154557388,-0.14246108322421924,-0.13364046403813748,-0.99067485447537307,-0.026524688157818346,-0.14474180364321518,-0.0069663184966216457,0.98944493565064651,-7.1697689235246793,4.1858572430316583,-4.0743230155640395,0.1486483587576843,0.1161403478005023,0.4084880636604775,True,5
0.8466003684636586,-0.50548839349330488,-0.16658121190804909,0.52303310757969423,0.8481025480661557,0.084607543039739344,0.098509819270591201,-0.15875626604090676,0.98239109498204613,7.8689559411135246,4.0802208998359522,-1.6307139079399622,0.2056068279092914,0.1801500711058237,0.7543859649122807,True,5
0.95516799670030539,0.25859888115036334,-0.14415518286662132,-0.24103892434911361,0.9619649151109424,0.12854469667871632,0.17191374298802034,-0.088034770195537598,0.98117049701286452,6.1380927078526177,-19.779438899500267,-0.4064323354134774,0.2003760643362952,0.1806946934245663,0.4444444444444444,True,5
-0.45930255143058729,0.88656549928860551,-0.055161415142284537,-0.88366487225938051,-0.46235630993034049,-0.073232753617580471,-0.090429861130971817,0.01510821428051129,0.99578822149947566,7.7793049118771451,-16.039622497707992,-0.3256981290358002,,0.1802280534368927,0.15,False,2
0.49711893617817937,-0.80932550686688476,-0.31283380128709753,0.86759622469501974,0.46872011089849858,0.16606700013623432,0.012229234972966282,-0.3539684753957042,0.93517739720227244,25.704044939908897,-12.239225536454502,2.5074025070300161,,0.4111576014425403,0.5,False,5
-0.43876952403612779,0.89680446590110074,-0.056771953612272968,-0.89856174509809728,-0.43845468694961992,0.018554722799756389,-0.0082519708782089612,0.059154352601943558,0.99821474019615286,-11.04630570243385,13.247960499610972,-5.3858945812298344,,0.07887348753733495,0.35,False,5
0.53501399472677569,-0.81409965097241666,-0.22583574502962955,0.84440571733652803,0.52387939431299024,0.1119346449658872,0.027184737921894998,-0.2505835958334961,0.96771320726921661,-8.809075746849933,4.0981003141469907,-4.3030221483735636,0.6454736091501054,0.4968011021241994,0.9572192513368984,True,5
-0.92427108652457302,-0.33565476364782576,-0.18182089609065327,0.34926074118014644,-0.93580156138407122,-0.047878725770740913,-0.15407755607154722,-0.10775582282019464,0.98216535744413336,25.477873631685153,-0.94041271498554746,1.6552854906403396,,0.3125916003464266,0.1666666666666667,False,3
-0.20189899547133813,-0.95372994677615652,-0.22279134689214936,0.97530579331296918,-0.21657667296449593,0.043279952146384762,-0.089528795132226613,-0.2085515124615096,0.97390495506090946,-9.9106908103494433,-14.511375713722238,-3.302555070607839,,0.1367759711385534,0.3333333333333333,False,5
0.52400198103360351,-0.73621871271712813,-0.42825685157157178,0.85130900507827767,0.46828928850919244,0.23659695716595522,0.026360989084129101,-0.48855618849083327,0.87213413471886136,-8.5259081823847875,-15.655066280931967,-3.0108568225344827,,0.3770854639158697,0.1428571428571428,False,1
-0.94344939638115877,-0.28223565743147228,-0.17391454839159631,0.28500009989384678,-0.95848141322849445,0.0093980612897940907,-0.16934633013007883,-0.040699068413588772,0.98471590131455766,-2.0896110186494714,-12.51556186675465,-2.1489382281689466,0.449677993965545,0.401940238879389,0.6258992805755396,True,5
-0.80424647737772781,-0.56028521407299592,-0.19816175846185866,0.57343671952567765,-0.81917369979320642,-0.01117041927334203,-0.15607028008287871,-0.12261699905922532,0.98010567757592548,13.482335466800341,-9.5368227961821432,0.26355406240739526,0.9895123372518908,0.4384622432987242,0.4025974025974026,True,4
-0.81706150036914249,-0.54984015787355955,-0.1734540440696189,0.55382934955412333,-0.83212629704882923,0.028963379158193768,-0.1602609003686894,-0.072399078373855064,0.98441597775718459,6.6050690556948464,-17.264092986172994,-0.45552701338877649,0.3522193570404495,0.2862951334674451,0.8352941176470589,True,5
0.9865090075826991,-0.0037539479179786138,-0.16366394176246568,0.036013967567428341,0.98022204940892654,0.19459632060400434,0.15969649995616958,-0.19786521100889193,0.9671330757316472,0.8560931371812508,9.7126489958765028,-3.1808283778515176,0.332986393114785,0.2555261555134333,0.6923076923076923,True,5
0.60682317515374018,0.79236603751886947,-0.062623451541567135,-0.77740581107541595,0.60808010768222609,0.16086885201103263,0.16554708998502016,-0.048935112422657995,0.98498706375752665,-26.87505302664453,-4.135181075761805,-6.5379242687356491,,0.2072382641196393,0.5833333333333334,True,3
0.14574398273118636,0.98373939459790716,-0.10495472840132419,-0.982814029000175,0.15611682295599216,0.098509502031895152,0.11329287664322159,0.088793812319730187,0.98958596543990718,-21.315335968107487,21.21543796066441,-7.7074504742668415,,0.2169645882080924,0.3488372093023256,False,4
-0.28498798191380009,0.95260900949468441,-0.10638573773893031,-0.95838112520292829,-0.28121972374731774,0.049204530586647477,0.016954911367200592,0.11598078291268411,0.99310673594306653,-12.767335381346719,-14.729916321158276,-3.7300932987182045,,0.3922896136112293,0.9695431472081218,True,5
0.81002561867340106,0.57524199129481668,-0.11382068592285668,-0.56272261842719795,0.81713567801129594,0.12503015008972784,0.16492953587278897,-0.037228150265570331,0.98560251269190269,8.1001706205338895,-4.0061449501961572,-1.0117721234682786,0.2504372540396473,0.2094226901088691,0.7251908396946565,True,5
-0.26222693378063733,-0.93705487573413682,-0.2305757902792194,0.95849697770223252,-0.28061945599596744,0.050361340850035456,-0.11189539282602937,-0.20780009812174924,0.97175024583732406,-18.843058984923388,19.628046351734842,-7.1871424032299407,,0.1587873356252135,0.5769230769230769,False,4
-0.11282210348425421,0.99200014302586093,-0.056629402275325799,-0.99258315523151397,-0.109924752827361,0.051915591747538133,0.045275301390953669,0.06206661705390458,0.99704457379369105,-25.132236179452736,1.9340212812966673,-6.6669006670087692,,0.1073232397219967,0.25,True,4
-0.22894059681577339,0.96309325955497338,-0.14155414698769359,-0.97301201639377943,-0.22209380686129246,0.062625529196729812,0.028875925663933898,0.15207141201960014,0.98794760314675356,4.2409965778959995,5.3985160897698403,-2.2973204182114109,0.436796808341247,0.3093918843001356,0.905511811023622,True,5
-0.72563543823563781,-0.6681145641898989,-0.16454829046185426,0.66910685527427638,-0.74092314346193311,0.057696721808612211,-0.16046565676663077,-0.068233603157337328,0.98468012491297108,0.57371671939118007,3.1440348169944738,-2.7423156251971017,0.3296281353444073,0.2592048418880569,0.8933566433566433,True,5
0.83718226573995635,0.54018256685361343,-0.085607525358212491,-0.51931646313831636,0.83422686826768189,0.18540750624990351,0.17157000041972786,-0.11076247888043844,0.97892563978488012,-9.1936416341841056,15.45565824101794,-5.2916287350952702,,0.2743482855369443,0.5180722891566265,False,5
-0.98287210279246873,0.099611697368178584,-0.15504818380020355,-0.096087130669432086,-0.99491826071252831,-0.030081852012028967,-0.15725677369203145,-0.014668478046086448,0.98744880519436817,-28.592177005118053,11.170469932073313,-7.9221774096829876,,0.1393392655229176,0.1481481481481481,False,2
0.77029212793170176,0.62615181241390205,-0.12076400729206607,-0.6146880339221914,0.77947522385834067,0.1207352324048885,0.16973113621054803,-0.018769208874564819,0.98531165536539789,-7.6433094456224691,9.1747307385168355,-4.4921456201175118,0.2387023494936249,0.2476868074516863,0.4482758620689655,True,6
-0.019186725470525811,0.99981047294809267,0.0032996589266778287,-0.99797337717754409,-0.019351530702112145,0.060618946743861785,0.060671311264621754,-0.0021298926731037615,0.99815552673250008,-24.795980275662718,-1.0394358545807945,-6.4206268538151923,,0.1514816235024335,0.1627906976744186,False,4
0.95974618287938551,0.26369959048912817,-0.096694314332941428,-0.23106369556171885,0.93701519243648401,0.26193911074252091,0.15967727778808399,-0.22905251607237881,0.96022815613743684,-3.9011320882176519,12.686326961940443,-4.1917364925009428,0.8594109163153363,0.7319424241566821,0.5399361022364217,True,5
0.60906713250405808,0.79236956469615405,0.034463038846173216,-0.78365796872545734,0.59454196951306693,0.18000009594612748,0.12213687467908974,-0.1366393773066617,0.98306269607430086,27.306031943633798,-15.382728595898596,2.9323142342465638,,0.409589838829576,0.2105263157894737,False,4
-0.62275066934341805,0.78162883999476684,-0.035184660304744916,-0.78102245760675693,-0.62369608381605401,-0.031735086992479497,-0.046749594075532246,0.0077169631950325807,0.99887683121234705,-21.302071708945281,-17.3730753843172,-4.8656208301389521,,0.4641693458663559,0.3846153846153846,False,1
0.23257683565867221,-0.90644221122102731,-0.3525202593209843,0.97217420734111437,0.20622764953584269,0.11111915742840303,-0.028023670274886753,-0.36855484569281766,0.92918351234870078,-21.802239579431738,-15.250781621328372,-5.0538842623550622,,0.6877596667203028,0.3666666666666666,False,1
-0.60357547504446918,-0.73443549563121535,-0.3103242637657837,0.78339871361819291,-0.6186622378462876,-0.059527228764535395,-0.148266993718107,-0.27903680441826284,0.94876517661318061,19.154080727435474,-1.7457879652014221,0.68286682252802489,,0.7864103364967492,0.3461538461538461,False,1
0.52226101447109996,-0.83672675611484493,-0.16471723760781617,0.85240319846986623,0.51798077965936218,0.071447177283816943,0.025538598277182564,-0.17771957546936587,0.98374973061903737,1.9955726930419835,-5.6342850290608251,-1.8997216131418688,,0.0997198221955764,0.1736111111111111,False,4
0.91224956531214374,-0.36256684374214332,-0.19064630708897923,0.39204530926805298,0.90767492547706474,0.14975548451099296,0.11874849922724062,-0.21135636607177383,0.97016868659641475,-22.415932561182316,-16.5738181227401,-5.0581336476033716,,0.1436195902534436,0.3846153846153846,False,1
-0.16411357614988292,-0.92923407285511794,-0.3310449697071185,0.98143559884254983,-0.18757771254148123,0.039984585558346206,-0.099251697455831206,-0.31833730476146826,0.94276744796866074,26.875419846034802,-7.798131788730351,2.3875994569631671,,0.2621910583084505,0.2857142857142857,False,4
-0.75239548243324805,-0.60601024195469744,-0.25817169608624602,0.63842342166847676,-0.76740250327140958,-0.059236244292566478,-0.16222383511418503,-0.2093919401953746,0.9642813089042338,10.60018004170319,-9.9932064866429364,-0.18694226167510586,,0.1883545593288847,0.1666666666666667,False,1
0.95310472611242703,0.28761939356267058,-0.094161911136073362,-0.25603479697574555,0.93219791225343007,0.2558382987903417,0.16136159332302391,-0.21973196589706506,0.96212280887798673,-5.939070957366094,-21.806658686482333,-2.272973541082814,,0.3968432057845193,0.78,False,4
0.85486626353411954,-0.45702888054581087,-0.24561814635375978,0.50613990015099009,0.83869949257433718,0.20101134950717614,0.11413182267168011,-0.29615496535191377,0.94829645341056068,-11.628056536218862,-13.593666833411898,-3.5945269772255943,,0.2513593073064284,0.2068965517241379,False,3
-0.58261144033519097,-0.72640812316481451,-0.36454786817471097,0.79536166288272059,-0.60186295729428985,-0.071838748968828262,-0.1672236072060056,-0.33180147564039603,0.92840941720550629,-0.55196148142723334,-14.141589672306178,-1.8396156738946059,,0.6856521764258542,0.4,False,3
-0.53600086381596102,-0.75010386391787454,-0.38735935166718272,0.83239245605168277,-0.54610475800153124,-0.094299482481815702,-0.14080437882677088,-0.37297960617648473,0.91709341960328294,28.014852206933,2.6776287953922591,1.8324841225333939,,0.7544976887536696,0.3333333333333333,False,1
0.23578764326204138,0.97064163681094351,-0.047528940382730922,-0.96615366881652809,0.23940266358410828,0.09609085753180327,0.10464834216219278,0.023263223289285012,0.99423716834812481,-1.0886242699621258,33.29880064940545,-5.8285662081529539,,0.1536388879230358,0.3,False,2
-0.50345613828210822,0.86307688913538227,-0.040375738587171764,-0.8579740706626684,-0.50490546914246404,-0.094609520137039202,-0.10204122155579635,-0.012990406861269538,0.99469534955833649,7.0528675856775376,-20.005237529310985,-0.20316902210965995,,0.2834231323134451,0.5714285714285714,False,2
-0.83842286800130283,-0.50931357690251444,-0.19402776810352884,0.51796776714812243,-0.85537074155879111,0.0070913102281853421,-0.16957737646295515,-0.094554613149916367,0.98097040654854151,2.728538897607697,-21.068843171893878,-0.93321306916544466,,0.137660751715855,0.4333333333333333,False,3
-0.94785855705738098,-0.24644143861118858,-0.202066259302114,0.27038897246112997,-0.95748096175901343,-0.10059826758175719,-0.1686830145109926,-0.14998941697427937,0.97419157018073277,16.451674169582414,4.0504754338032267,-0.21881567358888682,,0.4496146315250288,0.6521739130434783,False,1
-0.33312345730843973,0.93897329015393716,0.085778333909932752,-0.94282927261656846,-0.33269622849441993,-0.019651520116853588,0.010085875677721318,-0.087420706489255456,0.99612042203176154,33.535375872614082,-11.998127198044731,3.7037462204999567,,0.695125967377518,0.3461538461538461,False,1
0.75863937029881956,-0.60828988174085352,-0.23334464983004988,0.64273965768269625,0.75734798403273007,0.11536794842368644,0.10654594443028245,-0.23750252809866712,0.96552602806563459,16.971641105780854,-28.960924845686662,1.7817413142195193,,0.3106563862788809,0.8,False,3
-0.45781954690529886,0.88903670813006486,-0.0038722175413655191,-0.88893066832181467,-0.45782614832363439,-0.014052929519519988,-0.014266372642052418,-0.002991572898385142,0.99989375490760746,10.138102625972715,-23.278898708251312,0.44056699999702575,,0.2655400957123164,0.1379310344827586,False,3
-0.39948011939880823,-0.84981992840778586,-0.34383386029607443,0.90829166784030468,-0.41771166919020752,-0.022873730657871613,-0.12418486355829443,-0.32143903108259431,0.93875186761981533,14.634207037711763,8.9299595183881184,-0.8852655613229321,,0.2893329325003355,0.2745098039215687,False,1
-0.93551908280522356,0.32427194133263398,-0.14018471304546209,-0.32811954512255737,-0.94462494164606725,0.0046134291726661891,-0.13092597074621914,0.050313295305812786,0.99011462088973867,3.0668224465727607,-23.122371207906234,-0.76788644969568043,0.2165595868849282,0.1741689475556006,0.4,True,3
-0.90749719284035146,0.41283217910936237,-0.077578585181080836,-0.40552164591844947,-0.90918671405083717,-0.094507744047954159,-0.10954925685952659,-0.054305716874536204,0.99249677552940629,-10.737349817049749,-34.665042465008462,-2.6554438016127562,,0.6835945518311416,0.56,False,3
0.859088055545841,-0.41750553234450966,-0.29606898398886028,0.50057743282833245,0.80598365002776384,0.31593130524042956,0.10672369259665182,-0.41961826265029606,0.90140477427673105,16.081091327923733,-18.6006867476403,1.2434745204128668,,0.4041230504749979,0.2352941176470588,False,3
0.96452572826972316,0.059668881228892988,-0.25715704174424786,0.0032919190724012152,0.97132649459484566,0.23772674264144283,0.26396833668942443,-0.2301400997457469,0.93667296945862422,22.413683533433598,-1.2407077744780981,1.1971609820920748,,0.2147788611166185,0.3809523809523809,False,2
0.92528196689824671,-0.32809264048246733,-0.19028531470966076,0.36713753340619709,0.90071207577814716,0.23222357354892914,0.095201435374293902,-0.28473316597941956,0.95386776384046579,-40.500139783096927,2.5336889615095592,-9.0881781505855361,,0.5024677654402195,0.3103448275862069,False,3
-0.826199537220077,-0.50115934634075154,-0.25735895996184377,0.53798317153212505,-0.83743192240663733,-0.09634252686410423,-0.16723765080138886,-0.21805294061221753,0.96150116133304686,-13.768657937485276,28.0261188257101,-7.1598363659324606,,0.2271045133367227,0.2631578947368421,False,1
0.9336466385733192,-0.27681204888054528,-0.2273302528817856,0.33634366401921129,0.8957795783741499,0.29060606779962889,0.12319453703340086,-0.34778446854680717,0.92944557101679748,12.343427902183649,3.9812361528427909,-0.87307794964121521,,0.7176708938188797,0.3388429752066116,False,2
-0.38922185864935271,0.91896787468242247,-0.063280250088124296,-0.92114399951203607,-0.38832300262167929,0.026438188248338046,-0.00027733105584216988,0.068580543425636298,0.99764554434474906,0.14998402297777874,14.977913252303553,-3.7488002587630023,,0.7711023990057213,0.4883720930232558,False,1
-0.51986794276421899,0.85402208797892754,-0.019585589861218,-0.85386496247413324,-0.52018436468723506,-0.017968099342594274,-0.025533271336557584,0.0073824101112650864,0.99964671363227275,0.70549200773800147,0.10627047997839884,-2.500479453406812,,0.1974305177775846,0.286624203821656,False,1
-0.0091595176289838327,0.9998044669114724,-0.01752515850632852,-0.9978276717926251,-0.0079951916227483377,0.065391240360053879,0.065238337208386468,0.018086040329025554,0.99770579556475614,-15.168709446243781,31.057461501199118,-7.6999679400709162,,0.6332592797807679,0.4,False,1
0.22984275943044344,0.96923957403474326,-0.088016782844800717,-0.96795003696214899,0.23706531574663195,0.082902123102634062,0.10121774489867834,0.066141395471362552,0.99266322784856242,15.52786726958125,8.8893708676358614,-0.7597434194204945,,0.09547331504909784,0.2941176470588235,False,1
0.27539557765112366,-0.8842976538511107,-0.37706091709911443,0.95920565145365622,0.27883453277459336,0.046645702393057056,0.063888919458473706,-0.37452498277924751,0.92501310436373441,-1.7255636882087149,0.38314555529813643,-2.9104695284772006,,0.2065941716203807,0.2415730337078652,False,2
-0.34120568918708694,-0.88082319806613552,-0.32822122328531911,0.93273397807295733,-0.36055959649331576,-0.0020257158670722863,-0.11655901429988919,-0.30683427306140948,0.94459871112569016,3.5503214920092798,3.7622076961623137,-2.2872575247197493,,0.4120962268458088,0.2284122562674095,False,1
-0.23324783981901942,-0.90280059462255013,-0.36131223556493652,0.96708446548761939,-0.25422166924172218,0.010907772480175201,-0.10170094312388608,-0.34687523583721502,0.93238108567827005,-29.458573146083911,2.5649689375251334,-7.3834542871349376,,0.2536824210356494,0.2727272727272727,False,1
-0.44744275212615486,0.89407199313556962,-0.020742580851103032,-0.89422974902918051,-0.44759661479782248,-0.0032289894303170058,-0.012171257986901031,0.017103844951412067,0.99977963520312629,14.907361304168473,-33.264549384653449,1.5553037012938355,,0.2768199045537776,0.6071428571428571,False,2
0.98751141945562593,0.029334115929293261,-0.15479246133899133,-0.0071147781287784475,0.98981431104039785,0.14218653097886141,0.15738670965781892,-0.13930950901597219,0.97766164101943553,15.62912018433234,-38.563030007254731,1.6888164452864594,,0.1802584972276474,0.2222222222222222,False,1
-0.72239016597185535,0.69129849395233556,-0.016088516599993247,-0.68759239413018935,-0.72059390792847666,-0.089225105159259327,-0.073274467868896034,-0.053392996877860949,0.99588153926204048,16.55442653942054,-24.420527881623173,1.577868070498861,,0.5619248605966631,0.2727272727272727,False,2
-0.90522557939619119,-0.3883486819557827,-0.17248754050666232,0.4005426805191184,-0.91535151078011179,-0.04119675709479545,-0.14188802447490265,-0.10638098014106881,0.9841498237437406,33.250760411468647,-17.900028913899643,3.9362441863575905,,0.3684220666122979,0.6111111111111112,False,2
0.92608179799793611,-0.28895717120116199,-0.24264430063022996,0.3565721507168596,0.88051775108513253,0.31232161525763058,0.12340504345473216,-0.3757555631463152,0.918465542094276,-12.389160239638228,25.405163319846341,-6.6587836418266804,,0.2340315860399631,0.2142857142857143,False,2
0.98224118157460993,0.11231321051876643,-0.15029306025856032,-0.094261441705861829,0.98800840453528693,0.12228725679796351,0.16222528109529791,-0.10594873907039148,0.98104934782249731,36.422684659910594,1.6017770745399824,3.2191253988577482,,0.1374245326698043,0.5217391304347826,False,2
0.14891354659128198,-0.87400661695796578,-0.46253344652608586,0.98794201690043215,0.11145547125800088,0.1074627803910031,-0.042371297883285156,-0.47295888979947337,0.88006508945380679,-24.064688026594872,13.59657862757185,-7.4387984698277601,,0.4871790996397012,0.1428571428571428,False,1
-0.93721949462130938,0.33448506929688765,-0.098688182267355928,-0.32790050796596754,-0.94155147190342503,-0.077214523453529069,-0.11874710850138223,-0.040007051552837673,0.99211821878675854,13.95222898103316,11.227372339967904,-1.1976657366975865,,0.6298891429096727,0.4651162790697674,False,2
-0.31464030004157895,0.93809154232594949,-0.14486455676343923,-0.94911578254001217,-0.3087619119954973,0.06201058808257362,0.013442950688260888,0.15700426719489927,0.98750642892053464,-4.9768665863449009,-22.685817838433646,-2.0885850225819156,,0.0979372999121873,0.75,False,1
0.67892022068920443,0.73318154915408873,-0.03888637189727219,-0.7174840247887444,0.67376200925023089,0.17680901861623688,0.15583327023542443,-0.092138867320490453,0.98347670080009042,-2.4939986103338336,-15.62154339913196,-2.0219453772800819,,0.1570624197579541,0.1111111111111111,False,1
0.30496483074500302,-0.83419062563599244,-0.459480633008295,0.95224247774678294,0.25939478091268225,0.16108572627619791,-0.015189324650562608,-0.48666245770173561,0.87345803372592934,-8.1840252669536397,-18.206267327767435,-2.8210980187264623,,0.4496896432182179,0.25,False,1
-0.47002332755652559,0.87258853013992277,0.13291850368154662,-0.88251438250764613,-0.46191157252475495,-0.08835193169850819,-0.015698287162643459,-0.15882996013333986,0.98718114221464037,23.062213495677479,-21.46799102451369,2.5373305454351951,,0.4586957793317085,0.1304347826086956,False,1
-0.69594713625161297,-0.65789358204267268,-0.28780830121843315,0.70062758498137345,-0.70995419387645742,-0.071316405969443192,-0.15741210470083894,-0.25127888352245381,0.95502897965944578,-10.530502305926106,30.56645786798294,-6.9060947518936393,,0.5342247347242334,0.2631578947368421,False,1
0.98733910622487409,0.060964799275203624,-0.14644037205771432,-0.015163517610295022,0.95524058524881017,0.29544118200954006,0.1578972990673049,-0.28948008142676424,0.94407082647670304,-8.9188744099564286,13.108092766843745,-5.0563599791533624,,0.1944108279446578,0.5,False,1
0.81697096870175201,-0.5416709718184427,-0.19786610267498017,0.56933173738959952,0.81219459250269344,0.12728439303514505,0.091759517759533935,-0.21663910588499222,0.97192987849015622,0.63459616131208729,-28.998763872259008,-0.9840882880783709,,0.4167438792884882,0.7714285714285715,False,1
0.26821940389968923,0.95895205110160031,0.092028881660754625,-0.95744032942666601,0.25478064305571246,0.13562757651552715,0.10661316503627893,-0.12449011049939476,0.98647647991667586,-12.201218261303179,26.762403992319474,-6.7727164983545514,,0.4291605345155877,0.32,False,1
0.16520952639667591,-0.89702211753022465,-0.4099477198977689,0.98546251482986236,0.13344385929340741,0.10514926667403038,-0.039616211996997955,-0.42135977154739734,0.90602786859375106,-7.6414362899485067,32.001374194482715,-6.6417746716538089,,0.439634410185877,0.4375,False,1
-0.49855635095286482,-0.78713424255934827,-0.36312704266562945,0.85605301625965524,-0.51299420994846157,-0.063325933961541347,-0.13643605929999464,-0.34242754671590858,0.92958516391604162,43.144793714573836,-11.904690284466055,5.1134637222182695,,0.4632581376835149,0.4210526315789473,False,1
-0.98765795802828049,0.011324225732943623,-0.15621625989300067,-0.0068627485383179511,-0.99955383454936009,-0.029069477466430876,-0.15647575091977672,-0.027638627846201996,0.98729501448395451,-2.3671336928362594,-3.8983120263082274,-2.736670950258703,,0.5735448566514247,0.229559748427673,False,1
0.94672523839470468,0.31098909369025107,-0.08364870944734587,-0.27428149167344801,0.91476133790401892,0.29661651673741707,0.16876310708172715,-0.25787104971626112,0.9513261982129767,2.6364904806199165,-29.034159880881738,-0.6701874616534178,,0.3551679096439877,0.6363636363636364,False,1
