axis_00,axis_01,axis_02,axis_10,axis_11,axis_12,axis_20,axis_21,axis_22,location_x,location_y,location_z,dbh,dbh_approximation,score,reconstructed,number_clusters
-0.22990026691752591,0.97301464423974127,0.019707089238659853,-0.97281595919897734,-0.22917984433846164,-0.033252195066980079,-0.027838405109207848,-0.026816059442219098,0.99925268183626492,-0.95204758911519682,24.071489770905771,-2.3571615669282098,0.3155100702484909,0.206187640753397,0.1333333333333333,True,5
0.92201345999868567,-0.36340577947642833,-0.13351935823835118,0.37409510207430852,0.92507580561553537,0.065479832534761889,0.099719778305330894,-0.11032222490458246,0.98888066646427975,-4.2247844538159089,-11.305413159886163,-1.3335640059061142,0.3549532512718429,0.280149494562202,0.8134715025906736,True,5
0.96446618528669181,-0.21316559491404916,-0.15609422341482232,0.23949596773799758,0.95484317499215898,0.17583001054465491,0.1115645950818494,-0.20696603662396612,0.97196625497410682,5.2521319458631277,-6.6696560497300954,-0.11267121606564323,,0.08430240267428207,0.22,False,3
0.94293507464115622,-0.2851736975200741,-0.17189941027882288,0.31586837425022785,0.92942294102160361,0.19078827755203254,0.10535945690822356,-0.23419854599352805,0.96646284248000047,-10.01723523479269,-7.4862232158348769,-2.586228138460128,,0.1411712896826442,0.2173913043478261,False,4
0.5890524484403582,-0.75168291212069549,-0.29663110526741843,0.80639994132147419,0.57054407830081366,0.15555895780249535,0.052310110142710788,-0.33083569085216047,0.94223744249272512,25.741769730680176,-4.6390697666353589,2.5945568207550833,,0.1452896988017494,0.3333333333333333,False,5
0.24735248338741436,-0.94869350632825256,-0.19697050543847311,0.96864168170310871,0.24703717812340975,0.026569250877641132,0.023452962061437758,-0.19736581182016139,0.98004933288846052,-9.1857709644759726,25.598502259073722,-3.8115898543335729,0.2370193043443415,0.1743513360423199,0.3043478260869565,True,5
-0.46584552405155377,-0.81197577593086923,-0.35168634750669003,0.87592581607419362,-0.4795074044917958,-0.053165907989046676,-0.12546677829565728,-0.33281825121078401,0.93460692229680398,-9.8107159913948401,19.719294559366023,-3.6421327648788693,,0.719029370577959,0.3333333333333333,False,5
-0.81480475146747611,-0.55592118352812048,-0.16445319908934464,0.56985993712123684,-0.82016036367136225,-0.050957138132356097,-0.10654984303229044,-0.13523540796386838,0.98506777197441697,-13.067111005573681,21.321630686941639,-4.2270177903320372,,0.3947961365348227,0.3043478260869565,False,3
0.98159422446710098,-0.14172613025606678,-0.12800969688062575,0.1738587363142271,0.94052477039307869,0.29186691502166845,0.0790311223509408,-0.30875048223393298,0.94785400849511792,0.99957315820074111,-13.803836206464986,-0.38682377821681524,,0.2959689223999749,0.2941176470588235,False,3
0.95721594266312982,0.28251676128222863,-0.062625224200290583,-0.26560172885287231,0.94365971008535054,0.19738812829549224,0.11486235563447977,-0.17230969547948444,0.97832305916903883,-12.354335073157978,-13.696788495010033,-2.7359992745005806,,0.08827118199492873,0.2142857142857143,False,1
-0.99249372986899964,-0.039546854535931528,-0.11572485673801747,0.054125123195602282,-0.99059360726291246,-0.12567727037500312,-0.10966616255610329,-0.13099752496198019,0.98529842243051091,-3.9014540683629759,-15.350632368153958,-1.0697341593855481,,0.3051940643211805,0.2941176470588235,False,4
-0.93218363736584831,-0.30522872488709102,-0.19459982459184283,0.3409509092150308,-0.92093510269868251,-0.18876179200995624,-0.12159828836303314,-0.24230964099921115,0.96254864508034765,7.1828929869750882,26.338190442987134,-1.2423941362477313,0.3210262524256455,0.2693589975685051,0.2127659574468085,True,5
0.98778249073236868,-0.10238584579392486,-0.11748569948559993,0.10752808052481404,0.99346473202858832,0.038282347289772242,0.11279832845041264,-0.050447644111774437,0.99233642092909446,6.4239272240928127,-8.2119253407515114,0.1575978346676811,0.2373372794581511,0.1552108473537783,0.3333333333333333,True,2
0.077888809616091431,-0.92170663794787777,-0.37998711412284414,0.99693828771331683,0.06937603591124987,0.03606960122430445,-0.0068835912013756276,-0.38163312120944126,0.92428825426276617,-30.366932870677203,25.065787383115126,-7.2717326357360212,,0.2412495574230038,0.4,False,1
-0.75640176404728421,0.65196923371678817,-0.052844012271038854,-0.64953037830244986,-0.758194243200219,-0.057024356553359468,-0.077244151936790045,-0.0088095326091953002,0.99697328606476465,-6.817097264197618,22.490774216347877,-3.3211920238888664,,0.4600900781710093,0.7763157894736842,False,2
0.3187841854847428,-0.92214080001151122,-0.21916429462610851,0.94757787232981694,0.3153680462736892,0.051372865020495713,0.021744400560303748,-0.22405209292404932,0.97433456302269539,-9.0999590406131237,23.106804887915171,-3.6904805683791082,,0.0854082776471807,0.2,False,1
-0.081022817312498954,-0.98357979697819387,-0.16126402590497432,0.99639258839161282,-0.08402701536684852,0.011885726178982304,-0.025241094924898944,-0.15971926516508339,0.98683972531618225,-16.225458211762696,-17.379586850741884,-3.2676537879390342,,0.327230469187342,0.52,False,1
0.95888221168833698,0.27507661567699848,-0.069840959439090383,-0.26172468804213689,0.95225326541643718,0.15720657165964547,0.10975013338000954,-0.13246348180318232,0.98509305865570329,-1.4399615766925562,-13.609729282468294,-0.793756059022519,0.5702635877448067,0.666831622149478,0.6831683168316832,True,4
-0.99198730395848767,0.086454899662281981,-0.092123499225526678,-0.063561233830892724,-0.97170495881814756,-0.22748503810606202,-0.10918405716525405,-0.21980678636613254,0.96941416243436829,5.1630750835437924,29.190475676312424,-1.600415926861285,,0.3207090493330543,0.3,False,3
0.84793520144043533,-0.48294712658271816,-0.21855884123883915,0.52245984790445921,0.83112376959400858,0.19044418327555879,0.08967497692119876,-0.27567254586073892,0.95705958329293228,2.8273635059711548,-7.1434720939610603,-0.47286013942325544,,0.1539321426453154,0.3285714285714286,False,1
0.74109052313626922,-0.60966036326253126,-0.28124558304835423,0.66720074015325759,0.71552844434901386,0.20703192426875897,0.07502005636198783,-0.3410766582369395,0.93703719475235647,-22.362839062162294,25.882700562594469,-5.9429443732713825,,0.6317484009734272,0.5,False,1
0.97042974951960581,0.22060282847437968,-0.09798210712379804,-0.2053480820740185,0.96784733463124528,0.14527113283690316,0.12687894402081923,-0.12085499127590223,0.98452821424673465,28.862524512901345,-5.6785832844720305,3.0126841845653978,,0.181149001059249,0.5,False,5
0.66827266006936659,0.73778745573394877,-0.095295970352581347,-0.73860243550358984,0.6733165738054574,0.033335172221634152,0.08875862815511891,0.048108851581672572,0.99489066953485628,12.795545105402049,10.197373235924802,0.35200320589093997,0.3840649439985163,0.3683399956069487,0.9380530973451328,True,5
0.62451266758932278,0.78076598716255374,0.01970789969910075,-0.7735648964089139,0.61488176950968454,0.15335501481368208,0.10761635128703012,-0.11101748877866484,0.98797461410754117,4.4939724809011006,31.491139748009136,-1.8184358875443603,,0.2131451958388017,0.1875,False,3
0.97820104684870313,0.19881150678090809,-0.059972466312526576,-0.17550456395973771,0.94587317690352735,0.27298732799112085,0.11099936924777795,-0.25651104846757455,0.9601464586409002,-5.9176460955113948,-7.4711188943480797,-1.8756312108845143,,0.4726564866827639,0.3058823529411765,False,2
0.7334781133571473,0.67800584349138027,0.048144920994660334,-0.67297143479666499,0.71442791595600208,0.19157818469356733,0.095495053137627905,-0.1729185620293735,0.98029580522000392,-26.777364991365395,24.055501134406409,-6.5682785599961493,,0.268865131820056,0.3125,False,1
-0.42808337960244158,-0.84732376311982849,-0.31430408931575571,0.90109815464650811,-0.42675649134345461,-0.076818049889877726,-0.069041551263073667,-0.31610336529160621,0.94620924041699761,13.352378289775658,27.06365239424521,-0.28678145074699113,,0.2051242369098026,0.4117647058823529,False,4
-0.8890816326325538,-0.39318464308762469,-0.23439216487649364,0.44269572091593767,-0.86880116269487928,-0.22182208722925692,-0.11642314717508015,-0.30098235187479538,0.94649631518657606,9.1841590211299167,-10.302537276149982,0.61159686418400605,,0.4719642738457084,0.1538461538461539,False,4
0.39893110964125689,-0.886511107908875,-0.23441848330405551,0.91643957599757686,0.39423035130827072,0.068709050733788662,0.031503544336731748,-0.24224055329679153,0.96970461535082286,24.020772624025838,-10.129023939848283,2.6177352937139085,,0.192805873555316,0.3157894736842105,False,1
-0.082247546516400732,0.9939824580097093,0.072347869775194085,-0.99657839154239158,-0.081432221977159228,-0.014152834862384313,-0.0081762217932100905,-0.07326435963576422,0.99727903968966924,20.816488084571663,23.160560749538238,0.93703549885880177,,0.4369174090860235,0.78125,False,3
0.98943639226820512,0.1242395034068684,-0.074700545168652738,-0.10376363025283998,0.96679242425507206,0.23354981789706791,0.10123603455307351,-0.22333148948640533,0.96947115022147701,-9.4831116825763644,-14.155523957257499,-2.1952233814427284,,0.1235060818352298,0.1785714285714286,False,2
0.60169498443505298,-0.77910407581965324,-0.17595449623952794,0.79670049949430011,0.60110362434783715,0.062791296382763942,0.056845930472066875,-0.17796424314198372,0.98239364225938808,1.3189033406688149,19.815809488939426,-1.8298868317829331,,0.7936449626579647,0.4186046511627907,False,1
-0.48115233832397369,-0.85910583846461164,-0.174440779754586,0.87527419898905867,-0.48188837822067099,-0.040971545246828861,-0.048862090719019001,-0.17239706857098025,0.98381489460096039,-2.0755989856123804,-16.798073416211828,-0.7401504724041541,,0.2761227719753126,0.1363636363636364,False,5
0.73270455820931657,-0.65025891740048258,-0.2007669562463959,0.67705351337110442,0.72635428883234188,0.11835534262003801,0.068866322764715715,-0.22264947212157232,0.97246318292923106,14.056149671552951,-6.5456206320781973,1.1817281740867633,0.2725560274182375,0.2135717818970293,0.3225806451612903,True,5
0.47473990380943393,-0.86663093838887362,-0.15353449240555092,0.87906435787555914,0.47546289355465959,0.034364102861294418,0.043218959310013821,-0.15128071086510389,0.98754557772100238,0.79062050214146518,31.110664799080848,-2.4416050496799233,0.4452851718234425,0.3600998666119973,0.7297297297297297,True,5
-0.050421933195125855,0.99806004457192066,0.036520899249090494,-0.99668763166307639,-0.047949022829185041,-0.065686041893041114,-0.063807472467684659,-0.039711945794965009,0.99717178450779664,-13.473292883515551,-14.025248678047001,-2.9451731837948238,,0.2008185876285242,0.4230769230769231,False,2
0.84785670138745051,0.52812033213053788,-0.047200939638120568,-0.51384086679383401,0.84035374095718307,0.17254898919387796,0.13079211568344817,-0.12204304506852499,0.98386936003996461,0.30959958615944516,28.683747187296671,-2.3870982686159596,,0.2697756471650848,0.3125,False,5
0.89223944894023144,0.4515433233291184,0.0041704809946110644,-0.43909412937769793,0.86541079445211944,0.24137212430558727,0.10538079189716019,-0.21719296490136517,0.97042367278239905,-3.1106831965767752,28.297437231173465,-2.9461029641729701,,0.4808158614998795,0.4615384615384616,False,3
0.81036361410280178,-0.54970814529243794,-0.20280968403257138,0.5821308433467014,0.79468377527220913,0.17205051160506832,0.066591997737730599,-0.25748524679727813,0.96398488241208502,-11.93521022704423,-13.041244932734321,-2.6953804829604548,,0.1919936565932158,0.1851851851851852,False,2
-0.027160532239807873,-0.95791473030508145,-0.28576506951164293,0.99963088430168767,-0.026208081945250684,-0.0071576246742855038,-0.00063296024935818656,-0.28585399403418299,0.9582729743950984,-4.5993208575845541,-12.153469055255716,-1.3566110428620528,,0.352513446925039,0.5416666666666666,False,5
-0.60113724745807817,0.79779635302997187,-0.046421857035263941,-0.79743319252072253,-0.60263704099103788,-0.030477865603996446,-0.052290660588046427,0.018696949420787409,0.99845686481571283,-15.584291364222789,-21.625178554411896,-2.9109514393569653,,0.1282474484340932,0.2631578947368421,False,2
-0.1090554512297966,-0.93380971301655658,-0.34074378707909181,0.99352762839833708,-0.091437667838366224,-0.067394395237709764,0.031776723654925183,-0.34588809285116567,0.93773752567418456,14.541130964308975,30.494090212137742,-0.2656960771831694,,0.549191896710301,0.1944444444444444,False,4
-0.17711517028489618,-0.95016908126326094,-0.25653251931535775,0.98352629668320424,-0.18044924770427637,-0.010681420110842946,-0.036141944988832435,-0.2541983202428626,0.9664765769526612,-17.563312322900259,-13.228489630913277,-3.6154011228486462,,0.5537915316239072,0.5208333333333334,False,1
0.97199510809874246,-0.19839127159560327,-0.12596195134560403,0.21604221823853353,0.96529058843733018,0.14676457274453478,0.092473075923138845,-0.16986754613224847,0.98111862024951957,3.0268762183189311,-11.224446267719509,-0.22330850549676057,,0.1425490736050004,0.1363636363636364,False,3
0.53114247062055175,0.84282572511148501,-0.086789820793664874,-0.84394456354771474,0.53535063020874329,0.034018765312090846,0.075134875799152762,0.055176986374769255,0.99564564510333931,-15.954221825319983,-12.175183864464945,-3.4054686250552266,,0.1622841391519093,0.863013698630137,False,2
-0.95444977007520382,0.29683585958972991,-0.030234233329405738,-0.28810270285399397,-0.94321267032751854,-0.16536834987946081,-0.077604568239338964,-0.14912521917924715,0.98576832977790874,-25.960680766726583,24.102580119787799,-6.4383699546925417,,0.2889475677908155,0.3793103448275862,False,4
-0.6682817372963552,-0.73163648659549674,-0.13456437522004783,0.73924912777254692,-0.67335440788086998,-0.010225872819993608,-0.083127893535762012,-0.10631036106419503,0.99085208807707859,3.2246088460624169,-14.574650803120607,-0.010604760304869062,0.1272289817089256,0.09984264335100997,0.4,True,5
-0.93446754119341824,-0.33127319940727046,-0.13049322515133863,0.33915171478036565,-0.93974780018774562,-0.043013793181150867,-0.10838140438961216,-0.084451994628689117,0.99051568982311999,0.033000699220920388,27.299143538176232,-2.378535692842632,0.2128194725252318,0.1210718520874061,0.4210526315789473,True,5
0.80931887436666283,-0.55867549521258619,-0.18134125466326986,0.5824240030731842,0.80328006837038546,0.12459298697389172,0.076060766746628636,-0.20645295543498574,0.97549573907530462,-10.043281745711473,-10.138720173196351,-2.4516422618297979,,0.1683638554191112,0.2307692307692308,False,3
0.62265082290360518,-0.76448206333932467,-0.16695247099073598,0.78029463392925213,0.62260596108242072,0.059178555962865434,0.058704659088339099,-0.16711969380382558,0.98418736577149668,-7.8434472329518821,-7.5319742389303688,-2.2131659807166164,,0.1205172482277881,0.5422885572139303,False,4
0.8465914525063637,-0.50953467274375419,-0.15380939443051245,0.52606992915445627,0.84495688887340414,0.096427618371521973,0.080829092427114987,-0.16254929473022556,0.98338414904863902,-12.208832902669402,30.640301657758361,-4.4611773004622961,,0.1806506518595963,0.5833333333333334,False,5
-0.9698693753238119,-0.20760257785535052,-0.12749338993379927,0.21329982347594123,-0.97644145135838945,-0.032638587197576688,-0.11771397586578652,-0.058849483743994228,0.99130225367893432,8.0762059405317324,25.488273392372637,-1.0979360701573802,0.3170841354133393,0.3114708412825348,0.8367346938775511,True,5
0.92720777241300634,0.37349257607401987,-0.028089898442353309,-0.35764732913240338,0.90515133872891984,0.22975953073093894,0.11123908819011187,-0.20298854552618348,0.97284197876314704,-25.895265398951988,26.185511968085418,-6.4692347753899133,,0.3184703699434225,0.3125,False,4
-0.61167937962479302,-0.71309459556267263,-0.34255573899897945,0.78709278418308959,-0.59212352288254477,-0.17284294239591316,-0.079581942856033247,-0.37534761412385842,0.92346135974538024,-8.8321569821247827,-20.791432905398242,-1.6791236502987406,,0.4774878193268022,0.4333333333333333,False,2
-0.73791126165624699,0.66530622599361589,0.1133781088879916,-0.67475800241361794,-0.73069206493800565,-0.10387850795721387,0.01373346641127085,-0.15315590713637106,0.98810660356540769,-6.6299085087156637,24.664499774817561,-3.4073643377267002,,0.8032678147277602,0.2413793103448276,False,2
-0.97349829735009519,-0.17819376367490466,-0.14334590208247697,0.19079104480369855,-0.97841059709643941,-0.079444828101668002,-0.12609457672390187,-0.10468851931688919,0.98647882473171145,-8.0177167959928202,21.702174267191193,-3.4706667632474124,,0.2648368730655013,0.1923076923076923,False,9
0.24425219012309515,-0.91667273649104775,-0.31630991415712356,0.96927122121465148,0.24061879773797928,0.051145810191930818,0.029226141468401592,-0.31908257293237574,0.94727617108514117,-8.0671023148920682,-12.641697539588133,-1.988439129809193,,0.3756956046610253,0.3188405797101449,False,4
0.15953044793741514,0.98264017126329717,0.094701267153752516,-0.98541242460474676,0.15274921533177629,0.075033530172327723,0.059265416690365211,-0.10528993795783806,0.99267398442255605,-4.4417061884623621,30.200744909056876,-3.2629445174252036,,0.3958998767849484,0.6052631578947368,False,5
0.59720913086445282,-0.78380307714889885,-0.17027621755265646,0.8003737210656694,0.59621338960665349,0.062701680051146041,0.052375191069975374,-0.17373062569869324,0.98339946565712644,-10.942332662405974,-12.518623694012216,-2.5514232031156494,0.5318270326151039,0.3320616683770982,0.7394366197183099,True,4
-0.4885607934734173,0.87172090525857937,-0.037563471828200412,-0.87173529692526941,-0.48950019660120497,-0.021613181672171185,-0.037227989137711144,0.022186051080459165,0.99906048663843072,11.949243102708998,30.487344237616472,-0.63668699808603679,,0.1920404911230273,0.4210526315789473,False,5
0.06811420751383275,-0.9778594233984611,-0.19786713422292224,0.9963146869294538,0.056307152432706904,0.064703548539355477,-0.052129639778415483,-0.20154516281902995,0.97809102234956824,12.146538515673171,-11.375759310738765,1.1247566207508453,0.6424651593900376,0.4965300211507212,0.1851851851851852,True,5
0.19785250710033433,0.97985466566816337,-0.027188593241331022,-0.97834051649029119,0.1991169657976487,0.056588582992041982,0.060862297258822709,0.015403509336137391,0.99802731058448957,-12.608868509442125,23.054343665270128,-4.246226475503021,,0.298956783167435,0.5,False,4
-0.48900361999078018,-0.86125192303831022,-0.13827720238247976,0.86968941257519483,-0.49359784108085514,-0.0012234929226643682,-0.067199592934223992,-0.1208565113807761,0.990392810134617,-9.4245548002389157,21.230005512252539,-3.6922052112679467,,0.1006382090363062,0.2857142857142857,False,5
-0.87160572587944607,-0.463502160906197,-0.15959074362083092,0.47808255793648435,-0.87569844677246178,-0.0677443585636896,-0.10835370972454947,-0.13534392175337473,0.98485607904573769,-13.08750703460035,-12.150967713969107,-2.9332412521255149,,0.1853275412832536,0.25,False,1
-0.41610238890558526,-0.83534700792277095,-0.35924111443644341,0.90839967397269061,-0.39961602747045577,-0.12295146568886625,-0.040851368072237215,-0.37749490982423184,0.92511013332652492,22.265603553422313,26.477520533010253,1.0456328981945799,,0.368415881411614,0.1538461538461539,False,2
-0.91828730021326355,-0.36198193532358242,-0.16036680693469613,0.38235345251862618,-0.91593077007958912,-0.1219699215728965,-0.10273398470867826,-0.17332023228926768,0.97949263675898679,-14.539711663695627,20.880701603476233,-4.4485322965258538,,0.1745125879998065,0.2894736842105263,False,4
0.31919506081416243,-0.93279191033795961,-0.16737313153520741,0.94751719084796127,0.31748373467789015,0.037619825392557656,0.018046778090027107,-0.17059698186966171,0.98517561052714397,7.619807676647766,28.757131291181992,-1.2650373037145055,0.4241299994215301,0.3106479177390096,0.7674418604651163,True,5
-0.058122024280597734,-0.93656627790721536,-0.34563772563270789,0.99783674121817567,-0.065155184291449675,0.0087544180297660056,-0.030719182421058321,-0.3443811972901144,0.93832719388516606,-1.4754672933943318,28.883807960121825,-2.7239764967124263,,0.5382595587196052,0.1739130434782609,False,4
-0.94627302141975311,-0.27600537648386958,-0.16848857850052995,0.30089888209560117,-0.94238687589822223,-0.14617400209478632,-0.11843661463732133,-0.18901853953193709,0.9748049856389045,7.5884820673208884,23.705221751311576,-1.0338648266911112,0.6618324727468436,0.2717534153222677,0.4090909090909091,True,5
-0.22787257949639941,-0.9587035959603234,-0.17018079388227272,0.97267153974785681,-0.2321258975860776,0.0052577023869717129,-0.044543947716712787,-0.16433192861583937,0.98539882989539218,1.3646653205113171,24.609344086390475,-1.9919946768152963,,0.2747306501201168,0.4,False,2
-0.026296645463368778,-0.95844096878282736,-0.28407639077545288,0.99924164170559182,-0.033365374382290952,0.020072201519573667,-0.028716335401417308,-0.28333312752123335,0.95859152454533458,11.188770582417474,23.321697426145779,-0.47189076006030983,,0.4604274308578695,0.2307692307692308,False,6
-0.17597637648192468,0.95998386675343239,0.21786071351535702,-0.98438339339834036,-0.17056460000533769,-0.043555160734270751,-0.0046529261611281819,-0.22212314782153567,0.97500751662743201,-8.6820523833492551,-17.995361415676655,-1.8092342359191069,,0.5717860115108929,0.3636363636363636,False,1
-0.70809779297188691,-0.67422689928737756,-0.20979896059244668,0.69996430870746063,-0.70936084911993547,-0.082807923965832864,-0.092991839018429376,-0.20548789261942579,0.97423161715415396,-18.292146223745164,21.601745966000795,-5.0692236711287864,,0.1191303569043583,0.2307692307692308,False,1
-0.99117376128978862,-0.053804895227028283,-0.12115943289839531,0.064913142264382259,-0.99385263407666247,-0.089684032582410228,-0.11558918155267091,-0.096757299406748959,0.98857329830392227,-1.7732407697234895,23.272089848033957,-2.4753485347586563,,0.1014046412396455,0.1764705882352941,False,1
-0.83291982695732492,-0.51535237277537715,-0.20163455491599289,0.54318430150189778,-0.83101862922392167,-0.11982842936754101,-0.10580820602995487,-0.20933219952406967,0.97210321148484025,-0.89150872133664016,-11.409958876427494,-0.80297401439537486,0.08692919756581408,0.1386527957097577,0.1944444444444444,True,5
-0.84305818038050007,0.52903271880975522,-0.096836392550935554,-0.53104628836649981,-0.84732316447759848,-0.0057701431380311578,-0.085104313085087702,0.046560040468492089,0.99528358698708996,12.915493207157269,5.3648561079731882,0.60964897859979073,0.3851300872734518,0.3887287246666927,0.9699248120300752,True,5
-0.42569722747819239,0.89920900333260412,0.10101999229342506,-0.90460516945184111,-0.42023560579445873,-0.071354908896087116,-0.021710778852560272,-0.12175879413064088,0.9923222451066317,-6.3137880972000167,-15.254164072022187,-1.5416124492813008,,0.2724346852832945,0.1304347826086956,False,5
-0.98464145282609006,-0.098843858567417286,-0.1439135191704736,0.13353067655889719,-0.95740094523111197,-0.25603317849117924,-0.11247563200199875,-0.27131775042204154,0.95589534495763351,25.251331272268185,-7.4934768350362484,2.6623400065201221,,0.4934562341938715,0.2083333333333333,False,3
-0.078444525322332564,-0.96805077847754994,-0.23816831597834909,0.99687533250407478,-0.078392433406788378,-0.009705556627623204,-0.0092751222010110813,-0.23818546696549528,0.97117539890309446,-30.178419773289381,23.115512637556431,-7.1119548598568132,,0.5731474010396085,0.6274509803921569,False,3
-0.30490639663551672,0.95164619147446827,0.037438156243127685,-0.95214417842619981,-0.30371550571813227,-0.03432717692261425,-0.021296778625940139,-0.046113098340048647,0.99870918158472888,-10.360610063031741,-15.035506485227009,-2.3066378215311487,,0.0954172023894449,0.5,False,3
-0.94850130437502755,-0.30032319466761476,-0.10075343340804874,0.30821995607671743,-0.94837682513438604,-0.07471182118038161,-0.073114528480586236,-0.10191847866143298,0.99210225754828396,-15.157913940137085,21.817368881208751,-4.5760625818374239,,0.3202477356591918,0.5757575757575758,False,3
-0.57421884040573434,-0.78089917309358092,-0.24590486938012263,0.81464900095314974,-0.57484298150659063,-0.076828066867834444,-0.081361714393988177,-0.24444227963749376,0.96624440146191592,-10.657058534281608,25.090431590911198,-4.0052833574605788,,0.09660483173992442,0.2857142857142857,False,5
0.42089236431100513,0.90622169416574816,0.040147959948846262,-0.90542670000504988,0.41700385673720292,0.079437235502403863,0.055245891998032245,-0.069785560753355694,0.99603105721040774,6.885412078838101,-25.28972410551912,1.0258572448809866,,0.3557185191867029,0.625,False,4
-0.70707424478368264,0.7064528007903268,0.031152088518901694,-0.70384716815297488,-0.69885316003649056,-0.12729267296294358,-0.068155529831587555,-0.11193167988784933,0.99137587361750001,13.370632053885721,23.849388059971979,-0.1319398908232994,0.6177937129091844,0.6772244598108202,0.8958333333333334,True,3
0.98859947697762107,0.098022786036687959,-0.11429176495784629,-0.090204452421789066,0.9933395092708005,0.071692231691661348,0.12055799800452505,-0.060565276679392495,0.99085701106561774,8.9110933862723503,-13.051576275369857,0.70807390044459495,,0.09981713374712234,0.1481481481481481,False,5
0.96810690718282166,-0.172521383726914,-0.18167385178352299,0.22592594304759239,0.91457890054345847,0.33541452404267469,0.10828889381172324,-0.36576195378643317,0.9243872070941721,4.0819244410881881,-9.7550314234005793,-0.12961034271373006,,0.3858136807786652,0.4571428571428571,False,1
-0.5676116793205872,0.82298084960914708,-0.022792601331766596,-0.8224453673676283,-0.56806605865896775,-0.029741733224429624,-0.037424580083011499,0.0018639142341453085,0.99929771671376189,-28.21222197057357,24.393473067370547,-6.786017540698011,0.5683440438322014,0.4085147928194032,0.9259259259259259,True,5
-0.97129030607242151,-0.18338757017558877,-0.15153923727812682,0.20736202071224552,-0.96484790846702395,-0.16146053973942043,-0.11660246007643722,-0.1882485395213048,0.97517503745338963,-1.5837159134583303,22.345087907903121,-2.3906146557145851,0.2809009068681425,0.2503567878614235,0.2666666666666667,True,4
0.94122271739708419,-0.28637325360755428,-0.17913725428808031,0.31081434058166674,0.94190303338206049,0.12733075588583201,0.13226580035834143,-0.17552502762824751,0.97554944658467757,-6.850021149873343,-19.424800880609215,-1.3785768563201679,0.7220970258954277,0.5067338290467284,0.6086956521739131,True,3
0.83517577660383568,0.546327175580818,-0.063309078306878916,-0.53975553133290266,0.83629229572839703,0.096328409624908795,0.10557172239627709,-0.046279729117769869,0.99333418248999661,-5.2546117406460278,-17.122613829132558,-1.256222164098399,,0.1111542753876931,0.4615384615384616,True,4
0.60820150677533713,-0.78056052805562259,-0.14427816604648552,0.79188861326814119,0.60919229904943284,0.042393005969462105,0.05480284055110584,-0.14003572694278474,0.98862866833161178,-11.108184870981043,-14.544549721336738,-2.4818296857128699,,0.09193333681022756,0.3,False,4
-0.40747531745494181,0.90592580838333558,0.1151620396224157,-0.91265091131358855,-0.39953563051169722,-0.086253081278858876,-0.032127554271548911,-0.14024874208569912,0.98959492248086456,-7.2764472689268302,-15.27781046579574,-1.6899304781372517,,0.5869473761658757,0.7017543859649122,False,2
-0.99305361627594513,0.039027034736851207,-0.11100182773683133,-0.027810150908018236,-0.99451166176614181,-0.10086203506583118,-0.1143289583077788,-0.097074431086647803,0.98868874987099098,17.407861737850546,-8.5249765493862579,1.6923785605108794,,0.5829320342909805,0.1515151515151515,False,1
-0.1324730936087907,0.99064094177545547,-0.032884706900849436,-0.99118599373116212,-0.13243683214494881,0.0032880575693289404,-0.0010978619608717106,0.033030440046249263,0.99945374316646862,8.9265241358415111,23.978093227739723,-0.82324803372806044,,0.1393802290889432,0.1111111111111111,False,2
-0.98964053084482895,-0.050814281268777649,-0.13427407988254014,0.084958031409866436,-0.96120943647993817,-0.26240913116902059,-0.11573138125904041,-0.27109837336483167,0.95556889827516744,11.961496339003904,-12.981145426726794,1.1680366229751469,,0.4122422456233607,0.2068965517241379,False,1
-0.25527719712951613,-0.93287348566954109,-0.25412715785696705,0.96668742464134971,-0.25133409970411674,-0.048441649086271479,-0.01868089039565592,-0.25802757616325195,0.96595693189362442,7.3442432070174792,-13.517432324092022,0.5012871190150272,0.5412224583537368,0.3054026039278064,0.3,True,5
-0.35937327962497634,-0.90814463169150983,-0.21476539251350751,0.93164171853080369,-0.36241328144178692,-0.026463592491716991,-0.053801061184329008,-0.20959470738663388,0.97630707487498636,-12.830397526679723,25.562319127845839,-4.377943499866654,,0.3705552307446687,0.896551724137931,False,6
-0.97125045089989614,-0.18726114914899269,-0.14698919567827806,0.2159234898344895,-0.95296474123898611,-0.21268579758180237,-0.10024773396163855,-0.23830959690014811,0.96600151545473534,18.586714348999202,-6.0947078097040661,1.7454461758046989,,0.4435704673726147,0.2727272727272727,False,2
-0.30425049016544714,-0.9079031870707106,-0.28834604582156381,0.95032974144836924,-0.31013766205607357,-0.026230003680303867,-0.06561266457598891,-0.28200431465004028,0.95716693672838493,-2.863177379748548,-14.425915521869522,-0.98790695493360059,0.3618653204120298,0.1991671842862655,0.4615384615384616,True,4
0.06825313497170403,0.99660632622117984,-0.046014564025493379,-0.99738456545043963,0.06926052427186731,0.02066418105859618,0.023781046397723896,0.044483820806086052,0.99872701551461018,-22.504834726592176,27.537102351137754,-5.9824983126533295,,0.3237034852114338,0.2857142857142857,False,1
-0.10487979476637432,-0.94155192567590007,-0.32012528782613547,0.99409173216110913,-0.10830895378997857,-0.0071273121052202633,-0.027961700568601189,-0.31898141291448828,0.94734840555963762,23.614614512400635,-2.7971483256641645,2.2629269257956479,,0.392965851343834,0.2727272727272727,False,1
-0.99280028614948179,0.014672790971388721,-0.11887935492177187,0.012087903468370374,-0.97512944035259552,-0.22130625193919204,-0.11916993920971022,-0.22114991241857579,0.96793142413396716,-0.39270688904483453,23.256997948222189,-2.218863587910497,,0.1181821318371052,0.4615384615384616,False,4
0.47887490636549901,-0.86241921817347078,-0.16404851775769574,0.87690050862698676,0.47875203773239566,0.042918344991555266,0.041524956630559495,-0.16440674710041958,0.9855181883073959,13.612718815320711,-16.839870540046149,1.533245991243112,,0.1065115725561477,0.5714285714285714,False,4
-0.30804169144112037,0.94785453961563104,0.081744039930347234,-0.95127511168460122,-0.30563932983189207,-0.040746312095232176,-0.01363738330999837,-0.090312633612094656,0.99582008916596176,-27.273410966740318,30.643140565419426,-6.9112230714375258,,0.2603904668789635,0.1818181818181818,False,2
-0.56137429059605837,-0.79068339263727305,-0.24429219894500193,0.82440936457334513,-0.56005684245488474,-0.081765107614667737,-0.07216720488938104,-0.24729760578516874,0.96624830592937005,-3.1407441543230732,24.44727141337389,-2.7455490904777631,0.4354174133740241,0.1764286566384461,0.2962962962962963,True,4
-0.64694471593289293,-0.71656823328322694,-0.26075371823976656,0.75652618455130771,-0.64600315146736842,-0.10172541660012555,-0.095554521686571178,-0.26307773631302067,0.96003095681424111,25.839526024604435,-13.354044454906326,2.9753789837985174,,0.477667805127266,0.9411764705882353,False,2
0.98433045377740547,0.14975172518318131,-0.09310197941520168,-0.11999161547545067,0.95573551618518804,0.26864779045773818,0.12921133844194654,-0.2532667445735704,0.95872852576271428,4.765209029912028,-19.88300140749682,0.44482184916215795,,0.280246571213751,0.2857142857142857,False,4
0.26509574929240048,0.96195313895102397,0.066109017307573958,-0.96303440310992106,0.26074422644558176,0.067654909666732488,0.047843308140420274,-0.081600286994395144,0.99551615307267305,28.076454572904801,23.70714480472326,1.8468229332734039,,0.2514939310354798,0.1538461538461539,False,3
-0.84862811858023612,-0.50302504306105145,-0.1636952119287412,0.51905110044314595,-0.85151570880808602,-0.074208845711425067,-0.10206013660449134,-0.14794189300698485,0.98371587605862199,-20.8569924649976,29.625084916819102,-5.8493577055144304,,0.2258688875213641,0.6285714285714286,False,3
0.50610436109408508,0.86243023922673823,-0.008512235244532429,-0.85944593269342273,0.50513000638435002,0.078716995794292297,0.072187702957497393,-0.032523208904673126,0.99686066048583855,-1.0743463251510001,-8.5674986716822286,-0.97415482872526915,,0.07457802386172402,0.2784810126582278,False,1
0.97187510172976332,-0.19006096972988909,-0.13905255993003315,0.20875396206515198,0.96858506169402514,0.13514718489588207,0.10899802732096739,-0.16037395688987294,0.98101968583286958,-2.2430322346013178,-18.127694261532387,-0.74147585353355794,,0.3180398744948792,0.5,False,1
0.62002181484716956,-0.72747110038106755,-0.29386858835877799,0.7823484954491563,0.6015072215338052,0.16161650321400844,0.059192742646915042,-0.33011340559426028,0.94208352000493867,-0.19272104978842763,-20.534431355122589,-0.30410157157975914,,0.6856436933759666,0.4782608695652174,False,1
0.63877342142555749,-0.72927905019596539,-0.24519498980516968,0.7674366738458841,0.62664968553930867,0.13546631776885196,0.054858615701210478,-0.27470391070888628,0.95996265225507138,17.040074275017489,-13.327493377448567,1.8826209954434059,,0.2422867011645173,0.2105263157894737,False,3
0.93089819940447416,-0.30496351962265278,-0.20106166726870517,0.34465194854858594,0.91564997254061353,0.20688200054145933,0.12101064708186088,-0.26188237719582663,0.95748318199699567,23.222361903729297,-5.4725468648326894,2.3283124862240099,,0.5115232612161884,0.2,False,2
0.94173944336826387,-0.27791236835287164,-0.18945061710358668,0.32548981199408811,0.89496183893388348,0.30512241664639173,0.0847537792224346,-0.34901006055496286,0.9332785085594415,1.7064114036408142,29.218602811442363,-2.1606460893857031,,0.471180426214415,0.2,False,2
0.7296202175314348,0.68130915009497572,-0.058925208240994578,-0.67720540638158688,0.73182577118279613,0.076314338104034457,0.09511664279679298,-0.015776014375270708,0.99534111822706273,16.616436722344279,-6.0402595531587639,1.4823090312822687,,0.520457413961318,0.6197183098591549,False,1
-0.88181998084163993,-0.4523832555604631,-0.13320252053533846,0.45860411330980672,-0.88844420786308842,-0.018685737070193636,-0.1098898932740244,-0.077564680125990285,0.9909126761492042,7.3731676444588157,-15.25597859220786,0.61475136691027443,0.1953634018450124,0.1007672878534973,0.391304347826087,True,4
0.60266360496003335,-0.77354021815388718,-0.19604109302647321,0.79589432730065313,0.60047164984285939,0.077369357665915267,0.057868808759285621,-0.20265568986197222,0.97753868073818451,7.0194972169395271,-17.96745534096457,0.68634303864856305,,0.09481076858224555,0.5,False,4
-0.99276146755285932,0.049379633405419537,-0.10948205490874015,-0.041225867735951646,-0.99629104598001794,-0.075528666938199679,-0.11280556888607868,-0.070468457516750307,0.99111507915251684,8.9508298506304023,22.342352904040592,-0.763723261096103,,0.08181848721362099,0.1764705882352941,False,4
0.97746090127114182,0.18631673137065879,-0.09927870918561052,-0.17653469278519568,0.9792376751537949,0.099644758028847522,0.11578293798934201,-0.079872718563629583,0.99005790744774691,24.86577036411073,24.745112902566408,1.4190808521769869,,0.4454107412759576,0.3636363636363636,False,1
0.30689285274699191,0.94950195696161155,-0.065290203391345544,-0.95039733316623454,0.30938477175321183,0.032030799517378625,0.050613101498748238,0.052221611745360552,0.99735210293225662,20.706174155242504,-7.7866286836819532,2.0944672056248019,,0.2517032750285531,0.25,False,1
0.58414858001586922,0.80933894486688074,0.061162969084304297,-0.80798727685858163,0.57271359008470701,0.13840413348935734,0.076986991758979564,-0.13026747888114759,0.98848540052236089,-5.8092447262137936,-13.757055154515388,-1.4886944957689972,,0.2483916533568146,0.4347826086956522,False,2
0.57504983230407969,-0.74611450891553133,-0.33560516973489063,0.81665781444014307,0.54800368875514316,0.18100268292101285,0.048864143100010936,-0.37816014689082605,0.92444967349370089,9.9953573232388866,33.115329675158577,-1.0629020226008148,,0.4807984319834417,0.4347826086956522,False,4
-0.52560261401203823,0.84676873015774645,-0.082003718030030745,-0.84976240456448915,-0.52715650470709641,0.0031425043792779137,-0.040567818926941036,0.071335385132720058,0.99662706911636512,11.332267098144449,25.168383064025644,-0.54113323185550111,,0.1081362607793797,0.2857142857142857,False,4
0.30848810210699129,0.95026555378228017,-0.042783970751724631,-0.94934055080979962,0.31039649248516876,0.049056457689606245,0.059896656388933975,0.025483224830514045,0.99787924911066528,1.0426087699198727,-10.848143581661533,-0.54999296273231435,,0.1778651007667787,0.3461538461538461,False,3
-0.81419327960905441,0.58058378883446859,-0.0034303909492862522,-0.57365893943514035,-0.80536447768479169,-0.14934349429972693,-0.089469126773440905,-0.11962659497835545,0.9887794259228303,4.0221880916171102,25.116495183932333,-1.6342157038092349,,0.131650370207824,0.2222222222222222,False,4
-0.41296209335540035,-0.89784146519587305,-0.15278420345851412,0.90810461706422363,-0.41870062867020003,0.0059823087364370316,-0.069342006880132312,-0.13627357383625913,0.98824146804094826,21.620590367127384,-12.928676917893736,2.3970408763240001,0.1697660081854372,0.1711173419877909,0.56,True,3
-0.048771787446219586,0.99876293695248652,-0.009690640811866047,-0.99796128872956991,-0.049127922830041665,-0.04073958020920513,-0.041165263833936129,0.0076839422466135759,0.99912280430637446,4.0976505386861843,-25.210212700872145,0.57947340150326654,,0.1980903683976672,0.2777777777777778,False,3
0.50157974060598531,0.86490180783210679,0.01904275774109454,-0.86213443412284607,0.49790808645171419,0.093870948358225098,0.071707609870311245,-0.063501183097213323,0.99540223951523332,-6.5899693328385416,-14.45733083263543,-1.5777237499076002,,0.08155755344071448,0.2,False,1
-0.99122661361768383,0.098439586073491944,-0.088201181112829152,-0.067762986936531919,-0.95142535099375758,-0.30032978388405679,-0.11348117930942532,-0.29171809916438929,0.94974868916069455,-10.781246035208021,-16.448761014054682,-2.288959972010244,,0.2700001985756192,0.1538461538461539,False,1
0.99229279975650098,0.077306389678340109,-0.096843800350383147,-0.0451338860287381,0.9533275912429493,0.29854553439443776,0.11540334433346858,-0.29187364713145342,0.94946924238062302,-8.0242628629146431,-10.875188659605062,-2.0766585150011987,,0.3127195612295086,0.4782608695652174,False,1
-0.98414826800459532,-0.12858081287379419,-0.12214401804536912,0.13270857311098738,-0.99080747758588306,-0.026248371049347977,-0.11764616953559869,-0.042041847255001465,0.99216523919808153,-6.9499311048583179,-10.177132556439343,-1.9193529764167796,,0.09333607189761753,0.2058823529411765,False,2
-0.63919055668771985,0.76270475479709521,-0.098574282909620503,-0.7665725878358669,-0.64215406421135801,0.0021506732568975836,-0.061659547678082294,0.076939033180422375,0.99512737142206897,-3.1488482475679338,-13.120417268863285,-1.0938693189925952,,0.1792496497430631,0.3043478260869565,False,1
0.52258259178084576,0.84908933370987516,0.077166949840813792,-0.84772042842406092,0.50780771918734224,0.15330164893528325,0.090980822155777158,-0.14552877280411036,0.9851618477620766,32.983271703575014,-6.2239949076360332,3.5373961624185504,,0.3499783227702573,0.25,False,2
-0.27781907313997534,0.94160121801798113,0.1902727222349512,-0.96048643011417068,-0.26880841632338542,-0.0721654548953303,-0.016804171094748081,-0.20280330751929873,0.97907529756043332,30.297783583872462,-3.0985880658827472,3.0588391388805558,,0.2205474674254404,0.8,False,1
0.95773049042482206,-0.23845266222456779,-0.16091188765484737,0.26725405153224852,0.94450226542226823,0.19102550235976759,0.10643110283290476,-0.22595530197412816,0.96830605794839086,9.0921393240320256,-22.027439038187591,1.1652411414740371,,0.109750791964393,0.1428571428571428,False,1
