axis_00,axis_01,axis_02,axis_10,axis_11,axis_12,axis_20,axis_21,axis_22,location_x,location_y,location_z,dbh,dbh_approximation,score,reconstructed,number_clusters
-0.10586798339176472,-0.98852078993957271,-0.10778969315201145,0.99250071368366821,-0.11170680992726571,0.049637908429776445,-0.061108947217000817,-0.1017262821158695,0.99293376420429591,-23.421691677130941,11.511382316368316,-2.8632603379871209,,0.0666032666068968,0.1428571428571428,False,1
-0.97966377668457305,-0.18175839841575994,-0.084986876972022257,0.19138963927109875,-0.97367023051785873,-0.1238397681804156,-0.060240274167690469,-0.13758694272582056,0.98865612958174887,-2.7442219971120783,-10.73701736331491,-0.79208838196107845,,0.5431726162410966,0.34375,False,4
0.44865857017167787,0.89296116958545291,-0.036412045041231765,-0.88983498041853848,0.45013236403296442,0.07466299266459267,0.083061393168209235,-0.0010974801473711965,0.99654382768761418,-28.909276486101646,18.428446066962138,-3.2706929044260464,,0.2039193095110763,0.3636363636363636,False,1
0.99557371986310694,-0.031185337353777483,-0.088659139698435155,0.054326118305414131,0.96073180901342314,0.2721085519046792,0.076691858680056069,-0.27572063013841824,0.9581735192167814,-18.840615539016291,-17.566268227466011,-1.4153300506588424,,0.06845974896821211,0.75,False,1
-0.074115407372022352,0.99720570803385822,0.0093638803265554543,-0.99614543680554424,-0.07447182595761874,0.046348849716353557,0.046916682763918457,-0.0058926227801392034,0.9988814253329571,-21.202108903917086,11.273272250705732,-2.691681159757362,,0.06656425657104126,0.4117647058823529,False,1
-0.54231065198108896,0.83986055147677152,-0.023095688363413427,-0.8401771623403117,-0.54206516954091655,0.016361169040116433,0.0012217322244589893,0.028277306160787191,0.99959937041129687,-11.839924529819214,17.122002485738754,-2.1187757369651741,,0.1365366320524286,0.391304347826087,False,1
0.3098020413837943,-0.89743590371972382,-0.31405651381430899,0.950763783668644,0.29532809740406163,0.09396564557210213,0.008421568649525514,-0.3277043081780594,0.94474280287442325,12.992181253792355,-12.725663768453227,0.72265591369046089,,0.5257030774148582,0.125,False,3
-0.35496384548522791,-0.89639762542358403,-0.26546556374283153,0.93239645022140905,-0.36013256716718173,-0.030682139431450831,-0.068099398035921188,-0.25841019949014304,0.96363200485797984,0.90227141528825039,24.224325592716529,-1.2562717358098301,,0.3172219207031985,0.3157894736842105,False,3
0.91901788858591504,-0.37916197158925757,-0.10789958183253374,0.3915070809896265,0.90988086824098258,0.13725527729023571,0.046133783652228699,-0.16838350545580316,0.98464139111472804,-9.4182535888766949,-17.460426809804726,-0.83881959820714813,,0.2122476031978859,0.5757575757575758,False,3
-0.29292274356699766,-0.91907554961250615,-0.26362169942106495,0.9539431155413407,-0.29958624254823429,-0.01551178864955105,-0.06472092870517776,-0.25602386095889174,0.96450141731738215,-1.5123617425704137,-4.128165111284976,-1.1341916770625826,,0.1605248988569924,0.2616487455197133,False,5
-0.60900618777991766,-0.7441626490783444,-0.27446933337346319,0.78702267854720265,-0.60993949824497184,-0.092569497854632268,-0.098522924734086803,-0.27238898692379887,0.95712980995498642,0.30178128367355617,14.92312247505901,-1.3404509977441796,0.4877532729193171,0.396957297817773,0.5263157894736842,True,5
0.82676627374611589,-0.53251341325000312,-0.18134771381187509,0.55996854682833674,0.80986454464512048,0.1747988726786093,0.053784339346348888,-0.24606682839339233,0.96775945399954288,4.7274328132803962,8.7107666370355954,-0.90162673951148142,0.4830444317795319,0.2243523295516764,0.1428571428571428,True,3
-0.037968519643291954,-0.99461835071969695,-0.096398796298122189,0.99773454644766713,-0.043094291763600558,0.051659044147769673,-0.055535271143341863,-0.094218991870129748,0.99400131550718362,-3.6428658605533646,6.8820161016832628,-1.6295422581850636,0.154314504986396,0.09669098033492951,0.375,True,4
-0.48550474912054475,0.87175789886224975,-0.065751839158096015,-0.87420480716104831,-0.48349850540621553,0.044667106537917167,0.0071479869831016438,0.079166666225319746,0.99683576643339689,-14.052342729374264,18.40514088573903,-2.3047804995936869,0.4501472372827351,0.4610961259368114,0.9120879120879121,True,5
0.89687117009595774,-0.39340457023460113,-0.20212607048383674,0.43409532839807213,0.87052726285189708,0.23182650947325775,0.0847546465609893,-0.29566049575503517,0.95152589094370366,-7.7457231896847194,16.99307562593982,-1.8511790254499005,,0.5967769026403295,0.1666666666666667,False,3
-0.55321619682219247,0.83135172451724137,-0.05297310370176167,-0.83303766528429302,-0.55207388417084557,0.035534133367920488,0.00029629593742976773,0.063786648749751873,0.99796351418776441,-10.71984380018254,0.30474268491572665,-1.9495286701045549,0.7416323150024999,0.6205483386545984,0.9921875,True,5
-0.31728003393090037,0.94817884218248927,-0.017037115550504953,-0.94831548148432032,-0.31711764457570052,0.011582187872847469,0.0055792155334764108,0.019831357397672222,0.99978777228859783,6.997654039346684,-5.8452887822868043,-0.34383110064609473,,0.1356061655876494,0.1875,False,5
-0.98767743950730358,0.13922387313459367,-0.071484184528457936,-0.14066919770827341,-0.98993414590635287,0.01557445295249156,-0.068596299494992796,0.025438158700292191,0.99732013304531819,-1.6389861929204574,-3.0580764513157597,-1.1910120629999288,,0.1071832092664805,0.4876847290640394,False,5
-0.19298459909035032,-0.97519797968127109,-0.10837824938383814,0.97924274484286622,-0.19839709886640336,0.041499853421492525,-0.0619725034716814,-0.09811978183303921,0.9932431309737263,-9.1861795277022722,11.307180812972296,-1.9958784803460698,0.5317541753031876,0.4272154759153139,0.927860696517413,True,5
-0.097831902177501415,-0.97789974410152836,-0.18477285894442941,0.99332820529691324,-0.10734060279840908,0.042155326501983753,-0.061057313058686738,-0.17941595658424692,0.98187673312132917,11.120975147917045,-4.3609559374539186,0.072810420589652827,,0.08867329239350434,0.1538461538461539,False,5
-0.97417833273093135,0.21658654053125534,-0.063771831542498131,-0.20458311740111643,-0.96626135152293502,-0.15647603211837602,-0.095510858607923882,-0.13938891998208822,0.98562082205795709,-5.8292361444464751,-17.268385088150975,-0.61720775213808254,,0.3538827617065856,0.3684210526315789,False,4
-0.37392217228663333,0.92736774654129339,0.013087083226188831,-0.9249890661921224,-0.37391815928105882,0.067678930139968368,0.067656755002522634,0.013201243683401254,0.99762131626571648,0.94958056890377884,-12.417411016132039,-0.43266986430122822,0.6120778586421334,0.3057650607367633,0.3,True,5
0.99262292351262071,0.094653650849652868,-0.075765546906830655,-0.08892740909004615,0.99315810282268191,0.075689488769471902,0.082411453268285126,-0.068393487836814024,0.99424880346507127,-10.067261267826444,8.8109156800086712,-2.0566414425551813,0.2046813498337592,0.1642370271141346,0.8495145631067961,True,5
0.98824369412369273,-0.11865081611690477,-0.096417762157955722,0.13497010228254905,0.97330142269695152,0.1856540117151444,0.071815545076215348,-0.19648492158657158,0.97787330624908853,4.1899215388074813,9.561738952434494,-0.96029164485812402,0.5650847711170127,0.665382524461999,0.5866666666666667,True,4
-0.36958846971598303,-0.89988801725198864,-0.23152952178778871,0.92621461023953899,-0.37672600214228835,-0.014283385057719929,-0.074369744061791226,-0.21972500020747041,0.97272301579227072,-4.9839876923346571,10.37455730433655,-1.742461052355698,0.6843312965327291,0.4432287683009394,0.6464646464646465,True,5
0.54970417880441058,-0.79602130998679332,-0.25332862027785008,0.8343703423395179,0.5084451069186795,0.21286076452622565,-0.04063800720022339,-0.32838033938919525,0.94367097288908508,3.4818115261996034,-3.4798099062417185,-0.76660061055673456,0.6521561694784614,0.7719463649349312,0.4498269896193772,True,4
-0.8016651435933051,-0.57674546834374096,-0.15715489904067359,0.59417297316477646,-0.79761733738609075,-0.10375481223371175,-0.065509354355352989,-0.17655381005824222,0.98210858699324211,-13.149274104419074,4.238376020518162,-2.2638181796348302,0.5862397492134805,0.2535000072354553,0.4,True,4
-0.88714545971677572,-0.4527436937672602,-0.089420808863980294,0.45218521830388164,-0.89149766358731153,0.027576152121649648,-0.092203371149769509,-0.015970709825887962,0.99561211060145083,-2.6586660748000979,5.4934240826008995,-1.5547332060792263,,0.07921116698696185,0.3670886075949367,False,5
-0.92925229841603185,0.36942451590671138,0.0039614310058094515,-0.36652661252414009,-0.92051162602601333,-0.13533879215702893,-0.04635092447946193,-0.12721585356407633,0.99079146060200907,7.1139648738271983,-8.0803723158775487,-0.19678277481867273,,0.7303334648144678,0.5306122448979592,False,4
-0.11920792671514613,0.99020157850734425,0.072734476899477596,-0.99203704371611356,-0.12178684166749638,0.032100920417496119,0.04064448429086813,-0.068328611270978029,0.99683460352182263,13.190259723578466,10.272903143053675,-0.1205390238653811,,0.2156277370399453,0.6086956521739131,False,2
0.66510700996323791,-0.71237881147836679,-0.2239399344789389,0.74666845321394038,0.63880640930231958,0.18550631366446746,0.010903498193861147,-0.29059043410089685,0.95678540610535512,6.2739459754815501,-22.015777187736891,0.60990007716392625,,0.2431788091602539,0.1,False,2
0.99513824665570727,-0.055083982313072752,-0.081643278569249314,0.062213862434172949,0.99421757662708032,0.087526256899260815,0.076349887780040426,-0.092180069528649627,0.9928109232969119,-9.146657900068913,-2.4808922283509012,-1.6792020107560688,0.1550740894852524,0.1269805659958799,0.6575757575757576,True,5
-0.46156714206568672,-0.87534519599856431,-0.14396722268471013,0.88408550264828489,-0.46727720321183658,0.0066962202512041366,-0.073134105398526897,-0.1241885791880989,0.9895598008340869,-2.0295363585675812,17.181271504814092,-1.4648567164389918,,0.200023992438702,0.5882352941176471,False,5
0.15340669812995078,-0.9261696247601201,-0.3444941380351273,0.98734865738328792,0.12951248461076051,0.091483031723743599,-0.040112513412726106,-0.35416993449705281,0.93432041814683042,-30.588073793135052,18.089155279939625,-3.3874268286036719,,0.1642894572131866,0.3571428571428572,False,1
-0.046687478534168839,-0.98560761353704551,-0.16247434100783742,0.99564428116540427,-0.059055764383085116,0.072144868672374074,-0.080701578241978059,-0.15839838645307924,0.9840717486231958,-8.7427729184114025,6.2262875803222517,-1.9864910878977773,,0.3145603618332302,0.1456953642384106,False,4
-0.14069636657125625,-0.98308844599447187,-0.11722474050225529,0.98802347192699569,-0.14699734305549259,0.046919079871102276,-0.06335733071217356,-0.10921945104604873,0.99199645168630923,1.0700874937601252,2.9215606093029036,-1.1896639186641016,,0.06921934567910633,0.3006535947712418,False,5
-0.48375582655130889,-0.80139847485531002,-0.35176808379562136,0.87076769087822736,-0.48112947060613065,-0.10138077252055601,-0.087999595455093532,-0.35535182145846367,0.93058108415435337,3.0073800174488703,8.8323823994737065,-1.0422703265707109,,0.1675763208443958,0.3,False,2
0.46599717879093777,0.88279144980431701,-0.059379167317164111,-0.88055348047635618,0.46927897315455747,0.066353699037659183,0.086441872838705858,0.02136589589502462,0.99602776121589143,3.1621776051839681,10.939511914396814,-1.0584081926530906,,0.08411080385793268,0.2894736842105263,False,5
-0.90595063241638896,-0.36963672051351554,-0.20645131743914333,0.3983274577424295,-0.90939482540650196,-0.11973423876373496,-0.14348758842770282,-0.19070853775300989,0.97110327236360949,7.7039964359489028,-12.179423868420356,0.15995125977160365,,0.5605077819576115,0.2083333333333333,False,2
0.95766912081120414,-0.26439612619819525,-0.11386194928984596,0.28413473463016187,0.9316778398201998,0.2263710568173713,0.046231024446176314,-0.24914070570533839,0.96736322089445947,-17.690451275554704,-13.26953443903637,-1.6003421607672434,,0.6114003033012464,0.6086956521739131,False,3
-0.77730072188110599,-0.62005902756934106,-0.10644430512185933,0.62163086705779524,-0.78300783532026808,0.021766831373511056,-0.09684344523036223,-0.049249691946571438,0.99408038656794884,3.4746676281955833,13.872431789016694,-1.0647445537726685,0.1166792947063539,0.1122753068728123,0.3478260869565217,True,5
-0.58392813899617202,-0.77775536905668485,-0.23264675882540783,0.8038324525276489,-0.59400755366272062,-0.031755542114967145,-0.11349588870022012,-0.20555196932924341,0.97204273113532269,-3.9359715372899409,11.698894568293623,-1.6615913104951521,0.7320869259519741,0.4334266725655209,0.3181818181818182,True,5
0.70514686465716592,0.70797479091774984,0.039237669262278924,-0.70362086902331766,0.69182243308220714,0.1621708782706851,0.087667393819131467,-0.14196272929604681,0.98598225721955968,9.5343110386529482,-10.806509111616128,0.26730092164360519,,0.1804666449284964,0.186046511627907,False,5
-0.62452204519312082,0.78098926601462781,-0.005289748362106439,-0.7809020295943121,-0.62431250359457047,0.020637781638629067,0.012815429890791145,0.017019524829217779,0.99977302450671357,6.7168230813845096,6.0891698017611082,-0.689814662832685,,0.2148506424288935,0.2368421052631579,False,5
-0.82711404498375074,0.56024222416301639,-0.044844251086315796,-0.5614143631334847,-0.82731386706172227,0.019122715152430914,-0.026386918312673049,0.040992872944621284,0.99881095053553792,-6.494263430125609,-15.767719342408155,-0.75758942308604649,0.5475416611905319,0.5305749402276108,0.9206349206349206,True,5
0.96070424238403418,-0.24131608953241823,-0.13716378384289457,0.27136919333611997,0.92044153360397629,0.28132924505792689,0.058361970266791921,-0.3074962246102243,0.949757838755246,3.8961907486662848,-15.017651388388053,-0.044938378199563242,,0.3000213097333405,0.2307692307692308,False,2
-0.76483501691255051,0.63774500030725934,0.091152133751617348,-0.64366064820070279,-0.75054834974285478,-0.14959326407338211,-0.026988272679626633,-0.17308520815301193,0.98453702005379107,-18.323174643492603,18.340310708576901,-2.5345158692325538,,0.1226039055968341,0.5,False,1
0.17436681330828163,0.95242204361648675,0.24997692943571725,-0.98246293758185221,0.1512455063771021,0.10904757254873246,0.066051424623182725,-0.26460734614543224,0.96209155576333738,-21.332049150560046,12.336518587034314,-2.7361418118567848,,0.733911966182698,0.2068965517241379,False,1
0.87013984303149317,-0.48053126620830799,-0.10929938593317939,0.49041680756419032,0.86616496333144277,0.096174898781282048,0.048456252720136171,-0.13728786724719064,0.98934525474125634,0.95690134635284096,3.7907729952385125,-1.1839307626256341,0.3135612882496443,0.2356188913075623,0.6,True,5
0.97242414354768592,0.2168096077287974,-0.085935318944157082,-0.20167891532304941,0.96678760016797216,0.15699474919745121,0.1171191707606713,-0.13533414261721741,0.98385353060422287,-30.752697377407955,1.7449403691565923,-3.059715814307808,0.5478551294782339,0.4654618073435083,0.9310344827586207,True,5
-0.61493804592028889,-0.76759314271736179,-0.18069855265890172,0.7815752832107542,-0.62372672720197841,-0.010249216942719616,-0.10483928821661689,-0.14753215590912355,0.98348512272379596,-8.4470195696974955,7.361970382393257,-1.9694942323468685,,0.1523245285531155,0.2028985507246377,False,3
0.49262451323299994,-0.85952422874306167,-0.13615869111296486,0.87015726564620521,0.48432711576350163,0.090849204615825199,-0.012141746376461933,-0.16323401955429978,0.98651266228826318,0.35633255908285288,6.6868148573564019,-1.2968014392100125,,0.08905417716621415,0.2037037037037037,False,5
0.89837992850829052,0.43807101620805289,0.031737813596444231,-0.43289896259988603,0.87092350212872138,0.23257416369791717,0.074242792467560881,-0.22267922713689947,0.97206068204013441,11.290207652754221,12.115959452523555,-0.31988391349169626,,0.3931221002490248,0.4193548387096774,False,4
0.36318283384283601,0.92444352870673741,0.11619979102443867,-0.92908596559870471,0.34996188316906762,0.11969105587420878,0.069982124356224085,-0.15142933190434471,0.98598765697629021,-18.574244913883877,-19.214045332633603,-1.3145479457215872,0.6395982697398028,0.2806663419977031,0.4705882352941176,True,5
-0.99659959351327676,0.0095987621479020797,-0.081835896612671183,-0.0087118484502832008,-0.99989946215133707,-0.011187908028157958,-0.081935059075777222,-0.010436922664043512,0.99658302049530934,16.456892599041478,-7.2896291757743308,0.86937525235569402,,0.09369701097553837,0.3888888888888889,False,5
0.81818931770831305,0.57089910609067185,-0.068120856225371521,-0.56699783802258363,0.82082720616434446,0.068964841028990073,0.09528741819213038,-0.017801918023338748,0.99529061065046187,-12.484961440242417,7.7828477379333467,-2.2196106667937361,,0.08643613373863243,0.40625,False,5
-0.93967657692804663,-0.30847682227654366,-0.14781739035362326,0.33169271514982157,-0.92732025844548216,-0.1733697810840856,-0.083593501477859891,-0.21194147398461266,0.97370064091377762,-3.8827911062218323,-21.995547967681659,-0.23928843262382637,,0.1794503232879001,0.6666666666666666,False,4
-0.14172489636382543,0.98981312499759855,-0.013565814872384271,-0.98906923538387892,-0.14102840730707852,0.043046904064969305,0.040695225368744058,0.019518348160579665,0.99898094712425323,10.222339952110703,-12.803949374391054,0.44746313823358808,0.3093374048613747,0.2235149324123771,0.6666666666666666,True,6
-0.96939860880137996,0.24024543077078969,-0.050482375614732421,-0.2367516477886332,-0.96928749476727905,-0.06656132328266462,-0.064922989174222304,-0.052572668579121289,0.99650445056464954,0.86827620854088283,11.198731946441075,-1.2701188412676869,,0.6710007680431795,0.7142857142857143,False,1
-0.84528022689845006,-0.48485876105007258,-0.22452910690485961,0.52572897667447016,-0.82975614634985262,-0.18738671425545766,-0.095448316377605272,-0.27643574195033283,0.95628076393549299,-22.658149654533823,3.5893490921198583,-2.8092285977585214,,0.4987359194712938,0.1714285714285714,False,1
-0.99401172684330519,0.028619341413290301,-0.10545909251961133,-0.02089202949524184,-0.99706435490064493,-0.073662713024505999,-0.10725768038495129,-0.07101834610599092,0.99169157731363689,-17.913297623287491,10.975108392199834,-2.5140292718817419,,0.1544323970680744,0.1458333333333333,False,3
-0.15628547143482713,-0.97072602747465364,-0.18238922940149571,0.98499466373364708,-0.16686310299468052,0.044070594223654072,-0.073214505629917354,-0.17276482408830857,0.9822382357264976,-6.6822770029421772,13.787546299815745,-1.8407531641152173,,0.2643380112383039,0.5645161290322581,False,5
-0.51678928799768353,0.83919800887283436,0.16933851810712905,-0.85579937462751021,-0.51174383545923241,-0.075668205057588533,0.023157335727815295,-0.18402431571220412,0.9826488635462034,-17.337438809125221,-6.8236604759703017,-1.9687374220869986,,0.3383586294747385,0.1739130434782609,False,3
0.58209070726004897,-0.80264929584102163,-0.13009425970198876,0.81309240878078748,0.57597720818943787,0.084445191866428862,0.0071514547158741046,-0.15493341644788344,0.98789902984223732,-13.661167608278527,-3.1647544683229545,-1.9293440116011478,0.2142164439983184,0.1676638395072785,0.8360655737704918,True,5
0.76333593451526371,-0.59199164144498462,-0.25858102702437652,0.64544668197528565,0.71550453936151848,0.26730476030208494,0.026773714811415439,-0.37094359492021606,0.92826936693120654,-1.475556706791227,-13.8087824046106,-0.5384227946375445,,0.5396009173208174,0.1555555555555556,False,1
0.83506134430913381,-0.52806932349821589,-0.1543221980816703,0.54814749927911732,0.82256022491836867,0.1514232327494423,0.046977337884044915,-0.21103901526110841,0.97634812631711898,-10.26387764453326,13.221633004461214,-2.0848878766575925,,0.7647188471511086,0.5481481481481482,False,2
0.91878452121815546,-0.38254576402471258,-0.097435835279808522,0.391228156019297,0.91533345759948703,0.09542112625990648,0.05268333235156672,-0.12579109597152477,0.99065688644788485,-13.499146756709901,16.33420990246108,-2.2244405508996055,,0.07346762651099296,0.1666666666666667,False,1
0.82534541206411194,0.56462789516321399,0.00053924788374638821,-0.55649545027250513,0.81329554729362508,0.16989163186680104,0.095486986604057023,-0.14051936790322317,0.98546260336623381,-24.54439413458995,5.7907400723003875,-2.8581831465614358,,0.3464489731742449,0.2142857142857143,False,1
-0.11914646585448235,-0.97709717695837817,-0.17631002936406051,0.98998531886742402,-0.13045350272246317,0.053953239517261338,-0.075717818915717244,-0.16811600282962208,0.98285493410331848,24.777962925336237,-5.0562194282849715,1.6790567104515457,,0.589792341301841,0.4545454545454545,False,3
0.5441627609097498,0.83784195548911344,-0.043677766211862479,-0.83319311065076451,0.54578067342977021,0.088953340997684718,0.098367321825808374,-0.012013081733107972,0.99507766323241953,-9.9408922177654837,-4.9888419993662643,-1.588539516583684,0.1559502032045509,0.1350132927429191,0.5114503816793893,True,5
0.84569288303562073,-0.50434784391160603,-0.17446145684538164,0.5310263935050713,0.82776604553422317,0.18114729714138836,0.053052021487366853,-0.24583861820785477,0.96785787015127145,14.426331083164621,-11.819324142804284,0.83100144797069486,,0.1585787646278291,0.1578947368421053,False,5
0.21090113576843472,0.9645529770109541,0.15861357278268975,-0.97679392121067299,0.20175578715733,0.071890457185938825,0.037340948266767801,-0.17009455278706451,0.98472000928929371,15.476180483907648,-4.2229474521651147,0.60063890851759638,,0.2291563758572193,0.6,False,5
-0.9709723903798585,0.23087114931142652,-0.06253902410211401,-0.23007625087744538,-0.97297266792349202,-0.019725776436454845,-0.065402873806910039,-0.0047644400996546959,0.99784756561728116,-15.04807141771999,-9.9628609080200352,-1.636788161664227,,0.0678536315382845,0.2083333333333333,False,1
0.67697109452859272,0.73378023019294114,-0.057242562405555752,-0.7301090236175336,0.67933814548459437,0.07375972967551099,0.09301048760764194,-0.0081398935832777269,0.99563185531974718,-5.7944875334779873,14.930176688551642,-1.7539691568763689,0.5074042469612523,0.4734949960901453,0.9615384615384616,True,5
-0.96390028624236879,0.26347916071320032,-0.038405338844322442,-0.25941989216157052,-0.96179709511628408,-0.087450942686496794,-0.059979644320042255,-0.074330879826256566,0.99542823074870423,-5.9314682312885694,8.6834811949510833,-1.7962086191132174,,0.3422537670077363,0.7457627118644068,False,3
0.98034799384842586,-0.17404449452264908,-0.092878010765313254,0.19356740874823453,0.93950095549758073,0.2826121244561634,0.038071895511781452,-0.29503638512137387,0.9547272187523782,-16.019409787052055,-8.4332217679588624,-1.7899453057898487,,0.2242355381474784,0.3809523809523809,False,2
0.59448801728530454,0.79662679615651799,0.10940632956822026,-0.79956200979789438,0.57119080320331206,0.18558464059266436,0.085349808389595008,-0.1978049897787158,0.97651861028169995,17.394061365532597,0.31844758572739051,0.60547443423880909,,0.586966481790431,0.3421052631578947,False,4
0.82205345326380286,-0.54461436225937265,-0.1662026365551254,0.56845475328806538,0.8018392569566527,0.184154824719336,0.032974436178090608,-0.2458637883544901,0.96874335307898574,-0.95184203528034184,-15.416994386249431,-0.40067597622115075,,0.2311503992536855,0.2,False,5
0.91961861176270498,0.38628035144404543,-0.071337921107224533,-0.381662519533425,0.92161960398096232,0.070363532752220848,0.09292647676003786,-0.037480603600256943,0.99496727296465737,5.6094685061251441,7.9962502567417024,-0.79462687670435417,,0.08033226690608801,0.3928571428571428,False,5
0.96616276858602157,-0.23669360537303705,-0.102497032999529,0.2498751109167848,0.9574568532295511,0.14435651404799893,0.063968222911990155,-0.1650833467654402,0.98420300501380453,-15.974372589571052,13.782253060004399,-2.3968620058283019,,0.09634621522024038,0.12,False,1
-0.87258399194385905,-0.44017962882016215,-0.21175238221815529,0.47910565340161154,-0.8557154445740548,-0.19547084385156338,-0.095157500397678868,-0.27201649267860895,0.95757614727440532,-19.128844509161283,3.4662907754029089,-2.616438766170623,,0.5530851541636564,0.35,False,1
0.54604717087181553,-0.82147591375846718,-0.16434661632530648,0.83775442417155177,0.53546246441872924,0.10699286882597453,0.00010937951197077106,-0.19610525825003278,0.98058284490542147,-7.5203612696808246,12.913514265386029,-1.8906119367647221,,0.069890799465682,0.2285714285714286,False,2
-0.18838867125096306,-0.97677803434270727,-0.10205087050042455,0.97985143816032783,-0.19395995180971945,0.047651822935840728,-0.066339035864519502,-0.091017628619785185,0.9936372193114531,-0.31261245955251715,3.0309948060253018,-1.3063822672388834,,0.07156367889664975,0.2320675105485232,False,5
0.78179024501498162,-0.60908067941716981,-0.13350932087361533,0.62285020647821709,0.77289232303969735,0.12122325385973798,0.029353587335411671,-0.17792746540941567,0.98360570553628024,3.9772893539859888,3.8902976994257652,-0.95035175602191702,0.587743587819933,0.5230787100107595,0.9594202898550724,True,5
-0.98565212743589792,-0.12723506372584148,-0.11091042439632409,0.13354518804709148,-0.98970759975566713,-0.051425185807600651,-0.10322580312382483,-0.065498897277437698,0.99249903175009901,1.5490040540042185,5.9009239487428138,-1.1840884621521857,0.4740535396047639,0.1756366930035954,0.2875,True,5
0.98305123514852033,-0.16593025438918402,-0.077957807507069141,0.17263598983622822,0.98095455764286366,0.089022305367584639,0.061701572801949572,-0.10097181051181783,0.99297412322564138,5.0390256457731466,-4.5656315811883612,-0.58705630461608982,0.2076964100192689,0.1743580268108889,0.4957264957264957,True,5
0.96032246384456843,-0.25791772743646157,-0.10610943082266468,0.27574243591106357,0.93508917049415619,0.2226529861968731,0.041795627442733185,-0.24307753721510975,0.96910599855129687,25.938278609802929,-9.093362139741032,1.9861871412279897,,0.3564829279718721,0.3214285714285715,False,5
0.90030658113820172,0.43519159762290666,-0.0075055524557871706,-0.42517415620266935,0.88301136642732936,0.19879100497127805,0.09313966317629023,-0.17578168311449416,0.98001316472017086,-12.953962670356185,-0.99084295331785965,-2.0125906763242107,,0.1183625700785517,0.1818181818181818,False,5
-0.87191385926625331,0.48493031074965048,-0.067888259188720268,-0.48777079940160745,-0.87232776487460595,0.033524884488842666,-0.042963580746303694,0.062344721870587816,0.99712951334534972,-0.68411195471053299,-7.5237639714332305,-0.84594745555526341,0.2140057661866235,0.1781540963216405,0.7194244604316546,True,5
-0.0035998734576243646,-0.96754833721891353,-0.25266035711208051,0.99837954375571525,-0.017826717138984143,0.054041602179948162,-0.056791967048326619,-0.25205638912942002,0.96604464140008539,-18.124778440859714,-8.8550980278726374,-1.8861865730592551,,0.2237084409745941,0.4705882352941176,False,2
0.54758937565486099,-0.7913792734609788,-0.2717806490651819,0.83606617091268254,0.53057985656336093,0.13956494425394605,0.033752533613391499,-0.30365088727941425,0.95218533129275829,-22.330398903161601,15.422022031717647,-2.8277413571069139,,0.5501129441223441,0.6859504132231405,False,3
0.46280630940159118,-0.80890845413160073,-0.36259816989679261,0.88640270328942194,0.41766376072939176,0.19961771107441059,-0.010028338809800655,-0.41379233415785505,0.91031606412987698,2.6002677862393693,-13.875153926820909,-0.19929364953896772,,0.6992159505962323,0.3714285714285714,False,1
-0.067147419089485488,0.99773077497663953,-0.0049522494017446295,-0.99668747305101069,-0.066847296011972784,0.046319759056799956,0.045883604618788647,0.0080460972156541771,0.99891438829700741,3.3876687897696578,-8.2557691567586851,-0.52221807639042139,0.3644447179125299,0.266083735564907,0.7925925925925926,True,5
0.88775436930243934,-0.43990363917916847,-0.13556167607901792,0.46030771437077367,0.84644885684372251,0.2676586274318653,-0.0029979785160750144,-0.30001520125633596,0.95392970974801783,11.755608880659464,-11.153737781964946,0.50296448036104169,0.7286851015580592,0.5541697669653213,0.25,True,5
-0.85747527148354319,0.51452411837361023,-0.0010442251110593243,-0.51402600459659864,-0.85673099204284697,-0.042299809358155215,-0.022658892132690497,-0.035734281651348947,0.99910441682647988,20.295442503965777,-6.7241115023430922,1.2720299010159537,,0.152944369934038,0.3846153846153846,False,5
0.37862040468256253,0.92465310270636081,-0.040782702381196557,-0.92215910987660754,0.38063551179731092,0.068841725939886078,0.079178060279320756,0.011543258391801078,0.99679365364959294,4.9692513593713121,-10.764783941747366,-0.21010759034466114,,0.07750927140635175,0.3636363636363636,False,1
-0.99435748331473883,-0.068817710320240547,-0.080729908474243384,0.068703725554160447,-0.9976282995154111,0.0041921475366504882,-0.080826935305991068,-0.0013779522015990239,0.99672719827281353,-8.317394638802206,11.760626711481958,-1.9451026416240413,0.2508126874939384,0.1657239051629269,0.7230769230769231,True,5
0.57577220885429403,-0.79568085227192753,-0.18809132047722249,0.81754072182810011,0.56327973375405382,0.11976272247552794,0.01065512383012391,-0.22272836117068759,0.97482231481762027,21.759946259643637,-15.939165254531003,1.8430297759259109,0.4689948883814298,0.2936170439837612,0.4210526315789473,True,5
0.49404347802465043,0.8691042242894621,0.024060115201700399,-0.8652344320038432,0.48874935726164892,0.11177407325185944,0.085383953388758496,-0.076038892012820963,0.99344233219909084,-21.014192082327629,15.744040866297668,-2.7464377278921082,,0.1653170238584432,0.1538461538461539,False,1
0.26348456153080663,-0.94918120865913413,-0.17213633829991751,0.96438034364594671,0.25485556958012678,0.07084625214727204,-0.0233760266992546,-0.1846717947667543,0.98252220819347458,5.8604583707706395,11.200806202139033,-0.82812514780662416,,0.1208679006491563,0.2692307692307692,False,5
-0.31182342143582042,0.94602216483492474,0.088364118764930458,-0.95009915209792317,-0.30959550085496307,-0.038239077305462943,-0.0088178810871680224,-0.095878514232378795,0.99535398501323402,-7.6148398774567418,-13.144302701648092,-0.96875825232255641,,0.2695889286894004,0.2941176470588235,False,4
0.99309487769742499,0.052254226207404185,-0.10503361240385052,-0.029178622983587234,0.97720656740067791,0.21027584880286782,0.11362733760815899,-0.20575913217267011,0.97198354290370137,12.276195286843361,9.0201393296773684,-0.19124041523996055,,0.1469807450579503,0.3333333333333333,False,5
0.69233400994815764,-0.68225991214780091,-0.23493622740049999,0.72144299516527255,0.66076702871480941,0.20713990076844768,0.013914862416309931,-0.31290309368792907,0.94968312113275866,3.1251464441741637,2.6968020933844388,-1.0090218743367037,,0.241364196765796,0.1818181818181818,False,2
0.057854787367151952,-0.97985992635301256,-0.19112129213190882,0.99574722453119013,0.04288946335926376,0.081535015614064676,-0.071695804738722516,-0.19502568718049212,0.97817416287829007,-14.065219403263162,-8.0737450324320914,-1.6788032119525707,,0.4975942212884144,0.7272727272727273,False,4
-0.56380033139941665,-0.78506637953338432,-0.25651504057316216,0.8204375882291487,-0.5680641563488138,-0.064693725294245913,-0.094928131418694217,-0.24692892499270613,0.96437272662975082,10.979995777811615,7.9976846912320561,-0.31483188702604553,,0.5748015229868773,0.4358974358974359,False,4
-0.75993504045879889,0.64515660070750624,0.079194032896545349,-0.64946719904643191,-0.74872886490933077,-0.13265535878496501,-0.026288621981120128,-0.15224338217183914,0.98799335065536398,-11.766254796869754,-12.015933816159984,-1.2915237951417382,,0.2666909421799331,0.12,False,1
0.91313122259027135,-0.39426096930728671,-0.10368055946837842,0.4038533655407287,0.90954782452407523,0.098108175219752944,0.055622203050793649,-0.13145738086696382,0.98976013636808724,14.274910456010314,-5.05251604078512,0.49066341087190546,,0.08105752013490782,0.1612903225806452,False,5
-0.60519118455540744,-0.78463367887138202,-0.1345125277332363,0.79190526036371867,-0.61064328807374546,-0.00091287389974881172,-0.081422900615828714,-0.10707364153350904,0.99091147260694257,-5.2967904325073523,23.669340067414186,-1.7669189416399911,,0.2023631717435526,0.4666666666666667,False,4
-0.54082702886720047,-0.83175784704973099,-0.1252398048460315,0.83661371382061267,-0.54733983823021648,0.022284419072577409,-0.087083974954971749,-0.09272532209335356,0.99187619991041498,-13.325188393508757,-14.585795901316686,-1.2554976490349428,,0.08501947237011653,0.2608695652173913,False,2
-0.7424629119464784,0.66401460371068677,0.088506668917638753,-0.66987682160215689,-0.73520824871099366,-0.10360441548267479,-0.0037240118352246943,-0.13621100207492171,0.99067284945616507,-14.245705053573186,11.165770263759766,-2.3494332660523214,,0.293850334217968,0.3684210526315789,False,3
0.24493837858752154,-0.92089167709762565,-0.30325518915137817,0.96949667278712415,0.23554894071708812,0.067770922833862962,0.009021759784637446,-0.31060459684199748,0.95049639256075447,-19.102697794250037,15.124689790823833,-2.6362153838142697,,0.4103982587100007,0.3125,False,4
0.2473305834984299,-0.96299462954182036,-0.10709307139091452,0.96848249650518625,0.24233825878851961,0.057565808345157163,-0.029482815832431186,-0.11795555010664749,0.99258110588990667,2.1029445697980225,4.1007047321617822,-1.1012213362905023,,0.06929751358617654,0.3188405797101449,False,5
0.99484263172691489,0.074696318546410956,-0.068619225398424133,-0.055667475451721217,0.96760993032461295,0.24623597404528458,0.084789564661570407,-0.24114618539966826,0.96677776504825064,7.5484652334432747,7.2687774613903553,-0.62646841182037116,0.6577272366693494,0.2900457766918351,0.5357142857142857,True,5
0.73771375158059282,-0.66555424195009127,-0.11320764881900652,0.67477348437390539,0.72157914246901411,0.15493316604130236,-0.021428147721794563,-0.19068584681596645,0.98141721113361935,-24.552115420727905,-22.142139158252508,-1.5448333925871927,,0.2084400278188922,0.35,False,2
-0.61074978587793749,-0.78433353595926902,-0.1086535936804837,0.78663000898539759,-0.61669502103800466,0.030007998776465067,-0.090542410028046999,-0.067142798545823182,0.99362664849013982,-24.508602054800448,11.390334274873149,-2.9337653679315019,,0.09155637995246146,0.2222222222222222,False,1
-0.89417368003915476,-0.42445937403935535,-0.14243479109878143,0.44079363063972687,-0.89034646559136588,-0.11394799865030811,-0.078450016651897533,-0.16467364998408557,0.9832233641895598,17.140192748312334,24.629139458740575,0.056583624630437979,,0.5679456046286738,0.5714285714285714,False,3
-0.3529104485627968,0.93394828101959537,-0.056522771302801707,-0.9354507325267396,-0.35091950557955731,0.042277980308729805,0.019650504074752925,0.067794608814730137,0.99750576374538613,-10.334148657191029,7.2538478979332073,-2.0831770875528193,,0.07237568791012555,0.2847222222222222,False,4
-0.92993651005933176,-0.34681741097280144,-0.12221199083883877,0.36106687247657665,-0.92414157434570632,-0.12487219132305538,-0.069633331520565153,-0.16024991111373896,0.9846172683481561,-5.8019753771666851,21.250499109623586,-1.7302315454708637,,0.7678124230233242,0.4074074074074074,False,2
-0.40254325227573623,-0.86853388173483148,-0.28915017953634292,0.91174804888921812,-0.40860038005614469,-0.041966948479472854,-0.08169715658440993,-0.2805256239572429,0.95636339793481351,4.9747219031964667,2.0969848251363379,-0.86254298750546909,0.9649144830407392,0.3124832235606346,0.3,True,3
0.92386027763124356,0.37946827149120554,-0.049859987430785929,-0.36391879488942935,0.91130617837111305,0.19257247983256098,0.11851286065801825,-0.1597650781432331,0.9800152150168584,15.349521674458321,18.158622647099119,0.010828433675104037,0.7526389927647588,0.6842753697369246,0.3018867924528302,True,3
0.93511234664216558,-0.33271943718144897,-0.12191257227637389,0.35059635989308341,0.91867595132612123,0.1819799134101501,0.051449893946458367,-0.21291376793600267,0.97571544818978451,-6.1013425531396246,15.868716401277451,-1.7663229283677004,,0.1219034989105259,0.28125,False,3
-0.068866962445008839,-0.97330577689880571,-0.21893653450031791,0.99657726614893449,-0.077176850137587016,0.029622396897531558,-0.045728482138730431,-0.21614716851777538,0.9752893455088264,-19.632610502598098,-20.221787786387072,-1.3033404181072235,,0.1806986487869773,0.5294117647058824,False,4
0.78810043026467813,0.61305830897706703,-0.055292147822350757,-0.60813263690320829,0.78936010681355051,0.084174329248595123,0.095249187659424028,-0.032712865442810338,0.99491580582717676,-9.930980675836155,-16.211755726801506,-0.95863480543169488,,0.2658593220701141,0.6153846153846154,False,1
-0.58590677804215097,0.80982331189200651,-0.029990847946109511,-0.81036934265478944,-0.58567436309312682,0.016943107764038456,-0.0038439471262437172,0.034230745415797258,0.99940656398623284,-13.547301480902798,9.2514563511921342,-2.2835843815815351,,0.1325901195607384,0.2777777777777778,False,1
-0.86192375428928802,-0.49244966167441018,-0.12075086959777588,0.498149066668791,-0.86684651697608994,-0.020606391810189098,-0.094524860057408025,-0.077913071580971133,0.99246894364909322,-13.590227848469654,12.910811827456794,-2.2774800570790337,,0.09704617323965203,0.3870967741935484,False,3
-0.64125382149175758,-0.70155774886790878,-0.31082191271789228,0.76166814251099135,-0.63107592094126153,-0.14698579078262758,-0.093033204320138688,-0.33099834895589836,0.93903403339942693,-1.2441409287967733,9.9580552576224601,-1.4358969099357726,,0.1505651003451449,0.1904761904761905,False,3
0.96931228529435309,0.23736765688005446,-0.063955367598903981,-0.22415539071840937,0.9602230137907054,0.16651163502461788,0.10093589247297242,-0.14706583306113985,0.98396320376156177,-12.626353335804689,14.173849156280914,-2.210378481475836,,0.2248219563656966,0.2280701754385965,False,5
-0.64711008369616052,0.75821956699300153,0.079697100371931034,-0.76235686770182942,-0.64246428744786888,-0.077792323669868713,-0.0077811211662332652,-0.1110978288853912,0.99377901294520665,-3.6109762077605247,-17.029356069041388,-0.47992944908550028,0.9367823662923914,0.5746790565222167,0.7941176470588235,True,5
-0.86604783608193259,-0.4895963560858333,-0.10127464502666725,0.4902889064096973,-0.87133834743820227,0.019653817319981497,-0.097866919177966305,-0.032632688996435379,0.99466435230155736,-16.799740927002254,-10.363184515835753,-1.7259257108230626,,0.1016612942347248,0.5714285714285714,False,3
0.2547931646656918,-0.93717444465695876,-0.23829499264895243,0.96666484306187594,0.24040657477727137,0.088112201152964933,-0.025288820213722391,-0.2528017782488543,0.96718753945985914,5.9385606854841217,14.188040212353341,-0.84556572212203662,0.8208525998172191,0.5838433604304727,0.6666666666666666,True,5
0.052071400571484724,-0.99034477473592553,-0.12847488624542119,0.99745285912736459,0.045297219253152145,0.055099507680001665,-0.048747954430629008,-0.13101675114725519,0.99018091673069952,-0.96748109830798368,-5.7466000864157829,-0.98021087880586288,,0.07014841548054576,0.2444444444444444,False,1
-0.38863943372837728,0.92105573370158889,-0.02481382612000381,-0.92119217733562486,-0.38785717271946807,0.031173482091536635,0.019088293976596442,0.034973546938910416,0.99920592874921166,12.261977006308744,-1.1787885783657761,0.088815320772448303,0.8802984111248207,0.6315672503033444,0.9966216216216216,True,5
-0.96590199023035084,-0.24303967214536082,-0.089247201819007416,0.24276975679458426,-0.96998243050446931,0.014033164238350541,-0.089978833371774453,-0.0081118602131454373,0.99591064221090464,-4.6203758753176656,-10.74572051588736,-0.91416412043435014,0.9071381379590766,0.8194781622922862,0.9967213114754099,True,5
-0.68438011654925235,0.72623714114854421,0.064834179939449579,-0.72908690273969323,-0.68071930202811715,-0.07108811503896624,-0.0074929517195902046,-0.095921043899355685,0.99536074315385026,12.295891658147852,-3.5553736024065237,0.20656248351215206,,0.2623631945762022,0.2272727272727273,False,3
-0.53329203028481109,-0.83559926826337383,-0.13180847208134736,0.84403182091434248,-0.53603141008306321,-0.016751498093695388,-0.056655941601251501,-0.12018398513145578,0.99113365092665384,-2.1525668969666576,-20.236722336571546,-0.18697040092944334,0.3836876557288536,0.4303305776210982,0.6739130434782609,True,5
