axis_00,axis_01,axis_02,axis_10,axis_11,axis_12,axis_20,axis_21,axis_22,location_x,location_y,location_z,dbh,dbh_approximation,score,reconstructed,number_clusters
0.70757473673243942,0.68906681404231329,0.15660433494509379,-0.67743921933437046,0.72451744408741114,-0.12708492168893981,-0.20103257458844287,-0.016167838402868329,0.97945112433225623,12.30760280695797,-11.386081936315007,-6.4366365141819006,,0.340530656507414,0.3166666666666667,False,2
0.22075363353611671,0.97461840843681624,0.037239645764838528,-0.94626032133140181,0.22327030503383483,-0.23396960307675024,-0.23634558924252316,0.016411240848491947,0.9715304594398565,-4.8136378554654184,-12.382192894354969,-5.9327687892961727,0.1799144334146422,0.178647741096934,0.4912280701754386,True,5
0.45068448152792906,0.89266755736228942,0.0053037856995193991,-0.86641329267525247,0.43884470724339719,-0.23820858338877174,-0.21496861255897326,0.10276164146850653,0.97119953699390182,-3.5842311369650974,-4.493336548053124,-4.0917446266518285,0.1898607859756222,0.1947228022406873,0.920892494929006,True,5
-0.29382365606814037,0.95219881996080946,0.083576709674362676,-0.92574850497475092,-0.26170452470032224,-0.27294770064683072,-0.2380280753855826,-0.15756950535119418,0.9583916142744654,-9.0185732908208802,-19.455114935314153,-7.6098944216148299,,0.07362741164121042,0.1111111111111111,False,1
0.94434162870219518,0.32888271666332808,0.0074193652177486635,-0.31988587129674567,0.92330370807883622,-0.21256361869471838,-0.07675882779724523,0.19835932377385448,0.97711906184823361,-14.415929101784284,-8.0052575436885771,-4.6252462991157595,0.3039597034896689,0.2737248691875626,0.9761904761904762,True,5
-0.56154946978526088,0.82739988993600966,0.0084625715815603159,-0.7989573397661528,-0.5395285831996901,-0.26566158387002275,-0.21524256599865743,-0.15594335524290784,0.96402920481586007,-9.8388183457044924,-7.5071745392611113,-4.5973084622440492,,0.2136667027351906,0.3,True,5
0.73704950170927097,-0.66267823786037983,-0.1327237171585251,0.64961936310661517,0.74882948245761594,-0.1313357882650954,0.18642080116518681,0.010581080687719249,0.98241301173407158,-1.5737836371628149,-15.26633418917428,-6.8358077307598579,,0.2349785902304745,0.1875,False,3
0.68929862635155748,0.7244234090225955,0.008839014081690081,-0.70372487025961272,0.67240325349853669,-0.22944535659427395,-0.17215896923467686,0.1519361350853162,0.97328140851831202,-2.9814846504923316,-9.9034364762281033,-5.3881991446042212,,0.2476921623472661,0.9866071428571429,True,5
0.54759740463413575,-0.83465321126884395,-0.059085525778866763,0.80978518528004795,0.5464122776475786,-0.21373248825797195,0.21067756439383206,0.06919277241585256,0.97510375043196873,7.804702466129342,2.3457339044057388,-2.8408968766815583,,0.06763454974713079,0.1276595744680851,False,2
0.44524638609318085,0.89499392049963777,0.027231194238399838,-0.86855684950199974,0.43908651688751466,-0.22980868101695032,-0.21763422261703749,0.078669644439756159,0.97285478473901721,-3.8854102701339306,2.1340580227504349,-2.4748035842827933,,0.2901622574224904,0.96875,False,5
-0.48715686191153112,0.86474836090950713,0.1220182945169698,-0.84534300692866382,-0.43185021612277408,-0.3144846442539263,-0.2192564537917065,-0.25635066440138948,0.94138777575006338,18.169886335620689,-10.754377571649126,-6.469735751896093,,0.1346724691298012,0.2173913043478261,False,1
0.99842340587977252,-0.055480644664675116,-0.0085206020342647112,0.05290446195190994,0.98084979015804585,-0.18744281008482516,0.018756878658593171,0.18669651098643744,0.9822385618007865,7.8358155625129413,18.005280903319168,0.96463316211264738,,0.1498052109780728,0.5666666666666667,True,2
-0.31579979594385005,-0.92281669639941932,-0.22063506912611247,0.91771977222706946,-0.23802060710929623,-0.31801982682659596,0.24095831287863581,-0.30291176180165719,0.92205398758255885,-6.1660567880842301,-9.4611554645701368,-5.1918734937574254,,0.3709665392872979,0.3454545454545455,False,4
-0.97735109044008628,-0.20232899630730181,-0.062030825150511754,0.21123631229846856,-0.91496778047799399,-0.34382143774598639,0.012808839998896589,-0.34913741985134339,0.93698398901871804,-13.170026160754569,-12.902003143716215,-5.9039817182157019,,0.2187468234238298,0.2903225806451613,False,4
0.9473995780136143,-0.30444453382083347,-0.098729759476264292,0.30121424516309586,0.95242267774423417,-0.04648678768563802,0.10818511029920998,0.014302753060804941,0.99402787343435695,-2.9783185705359281,-11.138050269523495,-5.6576745114063849,,0.2248883536918198,0.4576271186440678,False,4
0.26035017934737165,0.96513900861048707,0.026916132191621658,-0.93619039686837824,0.25916322975566569,-0.23744886008157667,-0.23614682916613433,0.036621228829431508,0.97102706485133694,-3.7182788379293887,11.98320121427134,0.060349349122500263,0.3569455000814564,0.292380640070092,0.9763779527559056,True,5
-0.36227238563077357,0.91881694408634251,0.15663378265630765,-0.90656090995784133,-0.30829762552803652,-0.28827051640808815,-0.21657801168585714,-0.24643051222121418,0.94465124119994226,10.770929001230144,5.2972537952267205,-2.3150499206091522,,0.163567913607538,0.2222222222222222,False,4
-0.29178815997593865,0.95605519707141751,0.028602969261773213,-0.92575251470888253,-0.27476779941557572,-0.25977863252104355,-0.24050353678904071,-0.10227959990660816,0.96524449350146935,-2.5339538987555863,19.33099664611256,1.7399611502919883,0.3467666009793243,0.2676072629457869,0.9655172413793104,True,4
0.36826529363215543,0.92954677183662371,0.017985340534296179,-0.90173344815059731,0.36182336979534102,-0.23656000836231553,-0.2264011086378708,0.070898857805019727,0.97145040530615223,8.792754176466115,2.6020687166641525,-2.8975242332613367,0.1225458408180998,0.1707603502766231,0.9555555555555556,True,5
-0.82684865164134413,0.56226312022186742,0.013471856489011787,-0.54179691448027545,-0.78986683866387286,-0.28734383695982235,-0.15092186964964421,-0.24488887442574703,0.95773275418769455,-8.9024455405019811,-15.179528691791418,-6.5534849660971908,,0.2702082016824615,0.5,True,2
-0.93473939302838882,0.34541859298648669,0.083356239959300166,-0.33632836501859026,-0.78436235422677525,-0.52120910214207716,-0.11465381809969782,-0.51522974767676621,0.84934846153042198,-8.0702677498113022,-4.2755812943936116,-3.8571429679770799,,0.5717272565951522,0.4962121212121212,False,3
-0.69903302020086211,-0.70225868539120229,-0.13485390413881565,0.69444970309935317,-0.6216947774850583,-0.36226401078912612,0.17056508005474366,-0.3468837592629897,0.92226851351734584,11.529402399231232,-6.4350606505341021,-5.0861285191250012,,0.09905082866428794,0.5,False,1
0.86747066461996591,-0.47793600832030186,-0.1381007529836526,0.48636651953821336,0.87311551607821658,0.033420117530544413,0.10460523264196822,-0.096158554140164346,0.98985416995110642,-5.0352803703232532,-10.927845696889248,-5.590320066996993,,0.2596251277417899,0.3207547169811321,False,7
0.91519694671281748,0.40300504977687818,0.0012159695198749876,-0.39242869309520889,0.89185741142620467,-0.22492238332308723,-0.091729327715423595,0.20537109713513113,0.97437592483516888,1.5689513012879501,-4.2689105867558039,-4.1528624173063866,,0.2344136880688191,0.9776207302709069,False,5
0.84461079296842501,0.48484182070492871,0.22707051172880266,-0.49958359955885556,0.86622210176727321,0.0086889275349273098,-0.19248074047308611,-0.12077946557846657,0.97383955826486879,2.7751939488196733,4.3765845837860553,-2.1317117907691636,,0.4435415282860751,0.3578947368421053,False,3
0.87009959221918598,0.49066650828203107,0.04661627688185814,-0.48235833710860387,0.86714968959843319,-0.12402358828530981,-0.10127751103689905,0.085427123793680934,0.9911836723223959,-5.0953583428468594,13.897463324066923,0.57584219792630331,,0.2968839078477784,0.2790697674418605,False,5
-0.91547268801226689,0.38754810375791476,0.10824151134032933,-0.38815695564832664,-0.77967160487909215,-0.49137192260759421,-0.10603742398520101,-0.49185227031996592,0.86419755200745485,-4.7130222191229363,-5.5901974592495911,-4.3339127491993583,,0.4459638267996229,0.294478527607362,False,6
0.7380140668756896,0.67430940566325959,0.025338952773702059,-0.65213749949821498,0.72238807437606689,-0.22993945235095031,-0.17335489275420532,0.15317406906294817,0.97287501033014445,15.06995148427167,-9.8736186856541419,-6.1452862778114925,,0.1313734701037978,0.8723404255319149,True,2
-0.42045951464286757,-0.86783666439441531,-0.26471365752272669,0.88391422486800986,-0.32596633639509642,-0.33532311374724066,0.2047179513923249,-0.3749739610558766,0.90414882011082442,-7.2340831738725422,-4.7111501422271518,-3.9740223535935653,,0.5186326706141965,0.203125,False,5
-0.79477708488854615,0.58841042422639289,0.14866929070181692,-0.58154271874912067,-0.66829376458439849,-0.46388738987764538,-0.17360141590996983,-0.45514461095274938,0.87333036791052032,-1.0482777636132319,-2.6044922615815005,-3.7133760547460239,,0.4861116971890953,0.5690376569037657,False,6
0.10129962398336863,0.99446050570745659,0.028047972634365155,-0.96425621145916629,0.10508338979470003,-0.24324358131648799,-0.24484351092737547,-0.0024049485077950808,0.9695596275523396,6.1553315753094582,-4.3804812369486106,-4.4962428196856266,,0.2083693221934314,0.8924418604651163,True,5
0.60079061629160968,0.79936723611509708,0.0079156302123383031,-0.77545958688931638,0.58517034459540584,-0.23714572926271518,-0.19419851821627951,0.13633667750024145,0.97144183865571521,-7.4660187891775873,4.7164796273324905,-1.6826744455272011,,0.2576820795252744,0.954248366013072,False,5
-0.9929814788060245,0.11799425642441959,-0.0080708239386698861,-0.10165186919803851,-0.88634972638740683,-0.45172011248284472,-0.060453951374129476,-0.44772929096030478,0.89212319876765744,11.377526457629525,-0.67382796976486825,-3.7520461109834833,,0.4738895416505218,0.5666666666666667,False,6
0.94094005105537282,0.3344209806855199,0.052862349524478255,-0.32988533870698517,0.94069450756446571,-0.079180216874074949,-0.07620684763255002,0.057065323230338069,0.99545771645938164,-4.6376583287333357,7.8097194391463995,-0.95851152422311381,,0.3757402800567569,0.2428571428571429,False,5
-0.90810631634634675,-0.40410995584474024,-0.10971810151032796,0.40763528364673363,-0.79319768973098137,-0.45240568136538806,0.095793495280815183,-0.4555574262292254,0.88503730863127361,11.75876762322074,-5.3645816470491576,-4.8530687131060253,,0.2445537012808896,0.46875,False,1
-0.19485538661592003,0.98011382278173931,0.03752695962806242,-0.94707134166781459,-0.17805881186999103,-0.26711595479673961,-0.25512203373736075,-0.087589690646862256,0.96293343175637047,3.9001624781625428,18.413971348983747,1.3615636165836906,0.3073129438193078,0.2409588624776244,0.75,True,5
-0.9625225167763849,0.27113728424712014,0.0059142023595823157,-0.23127737834283402,-0.80924248751561245,-0.5400346013603291,-0.14163749138317683,-0.5211632848643889,0.84162203603757935,-12.922014294149522,4.4037935372760728,-1.5588565115570396,,0.149908028106497,0.4444444444444444,False,3
0.60513163678638804,0.79566326583898084,0.027123229060612153,-0.77288565046479152,0.59529774643710431,-0.2197006244700318,-0.19095411350856872,0.11198464395332521,0.97519022044563397,-6.5567166034218829,-5.307145155507266,-4.1648333642772215,0.3285108240910464,0.2655225470063066,0.9240506329113924,True,5
-0.19157659397369226,0.98117312583136218,0.02444802216445098,-0.95126733676623865,-0.17948951917524775,-0.25074681754292866,-0.24163787501777839,-0.071293826188196324,0.96774393705377482,15.786181417798051,5.2045001113875022,-2.603853689736642,0.1851559819566755,0.1899378217163644,0.8695652173913043,True,5
0.2761869050340533,0.96071709767522584,0.027266311121980431,-0.93189613063631471,0.27462665147305382,-0.23695949866118929,-0.23513909754180637,0.040035740722355308,0.9711368308699021,9.2647557911975529,-5.4788549275747158,-4.8164674848175784,0.2808236946707969,0.2589780917688508,0.875,True,5
-0.54214362105798164,-0.80646915949078801,-0.23598260303751559,0.81249110104502642,-0.43148107761143784,-0.39202332887969027,0.21433269668620514,-0.40426671202746173,0.88917372918779225,5.575958264041935,-2.4830376161354923,-4.0345443204486227,,0.3605905439817312,0.3,False,4
0.78038274153848219,0.62052851638079076,0.077117683232432899,-0.60759223266177254,0.78163554308368988,-0.14098778882353247,-0.14776486564121341,0.063168331832659602,0.98700319469367193,11.893537538349291,-10.68519146541971,-6.2625108308356614,,0.09397880532341102,0.2352941176470588,False,1
0.80249594470077745,0.59535061888223917,0.039470233535424032,-0.57921110953090893,0.79320433889900932,-0.18799299813492806,-0.14322970828281262,0.12800202087592361,0.98137695780821121,-1.2579224125518704,0.25236833012680721,-2.9946341753116612,,0.1126649582842609,0.1624548736462094,False,4
-0.78150606795467614,0.61528020363614699,0.10333700577954844,-0.60606139414907034,-0.70935712172404541,-0.35986394704313396,-0.14811432163064553,-0.34386442804227307,0.92726447298225267,-14.143998856058261,-2.437018880735081,-3.2376289094779249,0.6851973126416231,0.3823922892917749,0.2333333333333333,True,8
-0.20707817623544889,0.9733980331077875,0.098055586627640426,-0.94770171908511469,-0.17470577662579967,-0.26709425912343171,-0.24285814907084993,-0.14823684007515275,0.95866874293178794,-14.209830071320855,3.587464365479041,-1.6293008965223399,,0.06974310701857933,0.3,False,1
0.94415486413808614,0.32943402628376295,0.0066943895062184788,-0.32113750414371045,0.92454589148799549,-0.20514774667301527,-0.073771918483527474,0.19154142335050234,0.97870812154805542,-14.334018995912739,7.7770877484992464,-0.54145259330220175,0.2953880564412921,0.2914034750285869,0.9732142857142857,True,5
-0.35943776134070077,0.92921285265407605,0.085836881262428333,-0.90362025359766918,-0.32361627875982363,-0.28061172714220106,-0.23296981137149586,-0.17842639542432875,0.95597546433232861,1.4505040620335439,13.672293507522101,0.27618744003223589,,0.1069216392737145,0.3684210526315789,False,1
0.87409980196075321,0.4819417457732656,0.060676930485882047,-0.4678593380130957,0.86890379334476997,-0.1615977652847253,-0.13060312418207876,0.11286430610288731,0.98498957982396651,-13.76436739239711,-0.38867474714687766,-2.6985841345856882,,0.2303035102963467,0.3888888888888889,False,3
0.21409085044638107,-0.95046606080852958,-0.225342794440519,0.94607959266270802,0.25917452229861837,-0.19432439717762637,0.24310185540696791,-0.17158914371952413,0.95470343754240794,6.7220237924700443,-13.24933289101007,-6.6595918516103296,,0.2196494467979264,0.2058823529411765,False,4
-0.47596165240580873,0.87264782396479834,0.10929904285324191,-0.85735125378335519,-0.43270138542603004,-0.27878009019028582,-0.19598299180092632,-0.22639630381235631,0.95411497239319221,7.2969341132412744,-0.30306021815546969,-3.6025707268281528,,0.178496843558068,0.1864406779661017,False,5
-0.26862664858313512,0.91729723919549355,0.29394812235379003,-0.93295819213909392,-0.1718487412894073,-0.31631791260976727,-0.23964293311413737,-0.35921272956504791,0.90196312536981316,8.620851770399609,7.3829914802604142,-1.7236411094723945,,0.6014855495338909,0.1578947368421053,False,1
0.69731284152666906,0.67891122897618428,0.2298572257120704,-0.69607205080528489,0.71791801037532599,-0.0087994583048429109,-0.1709926932056674,-0.15386121521936871,0.97318457926618007,11.40838802210137,-1.0956571232884689,-3.8128669092760559,,0.5187103006572812,0.2025316455696203,False,1
0.16272012161723709,0.98661471785109223,0.010656478803163158,-0.95646468027276088,0.1603811682949717,-0.24383026113890474,-0.24227562281748041,0.029483544155184359,0.96975937387191691,9.1656876919264789,-7.9522218422228361,-5.4363380226881848,0.3609898467993432,0.3204722587838181,1.0,True,5
0.91073892516122279,0.41287571542279128,0.009394349913693912,-0.40396399780906,0.89534789535162529,-0.18752395783882958,-0.08583529967504254,0.16699038865616095,0.98221510445836779,14.382544428870533,-0.81740864799288149,-3.8773061558750843,,0.1657233023199114,0.5128205128205128,False,5
0.18480694692429123,0.98263834200324518,0.016379291609681143,-0.95302510079277225,0.18325740047799852,-0.24116360096202874,-0.23997822740292143,0.028958832765830063,0.97034624561410665,13.252587391619283,5.9633402965749918,-2.3289181985999843,0.3038339645059228,0.2728347462642792,0.9067796610169492,True,5
-0.80096120131163195,0.59856581305924694,0.013420932536540506,-0.57833254336588691,-0.76769815901717864,-0.27599095261544415,-0.15489552374866355,-0.22881980700620724,0.96106652872955156,13.93516053294652,5.1146534567579849,-2.5777020833468378,0.1428876354913769,0.1452123145919384,0.5454545454545454,True,3
-0.80515378310956154,0.59273901926113326,0.019693668772247666,-0.56516059400728336,-0.75677968179159716,-0.32844788963965604,-0.17978011159662799,-0.27558114643922693,0.94431675999187126,-6.7484076104816868,-5.9500242637545231,-4.2867418320178636,,0.3138976642826873,0.4910179640718563,False,5
-0.46301026847183974,-0.88395202140805618,-0.065194441007236287,0.85958766473167536,-0.42987344679698664,-0.27625688476492921,0.21617247264806808,-0.18395011168110115,0.9588700738273831,1.1784718187085044,-1.2741413665418913,-3.4545551720426593,,0.3084301398696681,0.3774680603948897,False,4
0.043593759022611589,0.99891671996468001,0.016277922142695953,-0.96805247269610639,0.046262742233822263,-0.2464430335553465,-0.246929128053442,-0.0050145045629783266,0.96902056761595889,7.3687858048032355,-16.901832474163012,-7.5791485501014462,0.2401200566229219,0.219022648972605,0.95,True,4
0.1637943959356653,0.98601779232636189,0.030664459491711107,-0.95640968698421958,0.1663405492502576,-0.24002360783446033,-0.24176829093745641,0.0099867357515368155,0.97028261790377923,10.846624186064817,-15.072095019871353,-7.2318500425650063,,0.1690528626881668,0.2962962962962963,False,4
-0.28137827718933811,0.93748273712743446,0.20482280809034875,-0.92532272979520147,-0.20853863969780811,-0.31668514565313427,-0.25417338737625378,-0.2786355206018134,0.92615232862021124,10.160183939859623,6.7427752246844861,-1.9318135472012201,,0.1709091420171204,0.3076923076923077,False,6
0.39861085777014232,0.91699931800560197,0.014887405583654145,-0.89031672798630213,0.39080598140640721,-0.23368099786833443,-0.22010340282584642,0.079893276777435671,0.97219933984252815,2.127516222565899,2.4818859799423709,-2.5893717138272918,,0.2882149330472429,0.9941775836972343,False,5
0.27915525389809953,0.95958249469557766,0.035690055966608437,-0.93117231477875717,0.27959279685343258,-0.23397860615288568,-0.23450045716513959,0.032082765178322079,0.97158645100055507,-10.980206824285165,1.1321009475950716,-2.4297191798311908,,0.2654620771658081,0.9802631578947368,True,5
0.9245700355515637,0.38101197198418391,-0.00035575961702701345,-0.37133033981122504,0.90086648574682071,-0.22484072939273064,-0.085346517772324701,0.20801310550755805,0.97439546378318176,-7.3914321980351847,9.0263713262964931,-0.60881733536927929,,0.3052193450874192,1.0,False,5
0.23778986033380287,-0.96509799999601387,-0.10973528478172556,0.9493160801982351,0.25482507101824847,-0.18401946380099285,0.20556011821238784,-0.060415507812485308,0.97677786841035186,3.9270864426721888,3.8486594696605936,-2.3637799816861187,,0.4882834914486872,0.2534722222222222,False,5
-0.092789646875677367,0.98764853739784897,0.12625548704344317,-0.96321875559180392,-0.056922543541726087,-0.26262035890790675,-0.25218982990768002,-0.14598010348205073,0.95660341786892322,-13.137856091998533,3.2242321566486534,-1.8585547475598361,,0.2734114572201328,0.1578947368421053,False,8
0.90876244970204079,0.41731064084695152,0.0016245145283070341,-0.40576071081621107,0.88450682453694496,-0.23023015203377264,-0.097514386474351678,0.20856535278774738,0.97313485090559471,4.1131745526004346,-15.323410253075984,-7.0323064247097191,0.3507187226594787,0.3378727916669743,1.0,True,5
0.97695779896539447,0.21138380071145149,0.029501658215662939,-0.20400140417666868,0.96545956563323176,-0.16208409613913341,-0.062744610403124262,0.15233094210984771,0.98633584439646482,12.465310904021514,9.3618376507231833,-1.4630875657410314,,0.08663136069916354,0.1666666666666667,False,2
-0.42483017918733484,0.90267316737761361,0.068559986494500791,-0.87212558641160909,-0.3877929587312885,-0.29835144156622168,-0.24272676073697835,-0.18654161480726589,0.95199051758262487,10.079690316685369,9.0273152154798577,-1.36415945285864,,0.1222742892843219,0.3793103448275862,False,3
0.76030049147157097,0.6396179514274738,0.11327858967964824,-0.63107384020741242,0.76865170275236339,-0.1045005648872914,-0.1539122180788709,0.007964676240449043,0.98805242424601547,12.23762900661162,-11.619260248499495,-6.5548585627040801,,0.1227197181452628,0.1904761904761905,False,1
0.29332510502043496,-0.94351967541107429,-0.15404870942962584,0.93921365190919504,0.31447990077760712,-0.13776831302698639,0.17843233684550047,-0.10427374606816829,0.97841140991342024,3.6577923100601004,9.0301012453873035,-1.0487754511231491,,0.3501763458016446,0.5490196078431373,False,5
0.93721155093874986,-0.34805551383224059,-0.022178099060921452,0.33601758149390876,0.91817113748898904,-0.20989032185681841,0.093416774264399177,0.18925940286587919,0.97747336777678162,-6.2881786945808056,15.767589674496472,1.0025181522089035,0.4262091818890482,0.2949836491629723,0.7380952380952381,True,5
-0.99890022860868211,0.039782316833787995,0.024813314024094205,-0.046273823995897197,-0.92174423742408762,-0.38502765353709834,0.0075542371103202929,-0.38575241806477784,0.92257140940897242,2.5192970174748783,10.198153500512221,-0.7771268204817755,,0.2975262944625689,0.3829787234042553,False,3
0.72048148662387845,0.6911126958280942,0.057181020430479408,-0.67378138145043021,0.71714855147605305,-0.17809156388372233,-0.1640886267935614,0.089784167763721986,0.98235112143061143,9.4895084767494282,7.4061823088597194,-1.7354422998053787,,0.08580719312474959,0.2051282051282051,False,4
0.29812117386846748,0.95243978658906925,0.063104822426300416,-0.92589620921984839,0.30461695305740988,-0.22343840686492258,-0.23203442728095702,0.0081832042738677717,0.9726731515386916,10.507842868765,3.6732378301771194,-2.6595768491595182,0.2294685200617178,0.2309918210793483,0.8,True,5
-0.74149060976113457,-0.65373633244767837,-0.15106450037622768,0.65101536069910315,-0.64648313006370384,-0.39779210987254804,0.1623905039399702,-0.39330442430882362,0.90495356458175658,1.9360288661721081,10.596585829899288,-0.64203145200398049,,0.4211466426564806,0.367816091954023,False,6
0.67580297776195375,0.73647710865183913,0.029863082223787685,-0.71438921661138144,0.66443466822643993,-0.21948717240011864,-0.18148934524498822,0.12699622077309841,0.97515823201770579,-15.273968882665189,-1.5738723337727174,-2.9307890710326596,,0.3976104026992219,0.8170731707317073,True,5
0.35232074671716307,0.93471960248103669,0.04657634775671738,-0.90732801555755793,0.35334811370744729,-0.22781787182698066,-0.22940349521540915,0.038004937535575677,0.97258915329437667,12.382832974035717,1.6409887473537845,-3.2772521762182358,,0.1432725776680798,0.4918032786885246,False,5
0.56830336614063248,0.82189676296858327,0.038948620707187104,-0.7987420475596051,0.56242261259840343,-0.21375674562052516,-0.19759156230344874,0.090368777018130231,0.97611016726941846,-1.1657806956298122,-20.236519796016609,-8.0625981189181353,0.2309563144497173,0.2115179628796426,0.7108433734939759,True,5
0.0032611633574026887,0.99815071661870036,0.060700178971157211,-0.96973738665378495,0.017975463664424228,-0.24348774842266019,-0.24412858443747223,-0.058069179601774545,0.96800268834385628,8.4457873932887289,5.695315739957918,-2.0749121009391827,0.1671481962723374,0.1603006307906879,0.8392857142857143,True,5
-0.97556405723778716,-0.20648625815657592,-0.075087917924543834,0.21880502443701158,-0.88195307592012995,-0.41747231423908915,0.019978275873205997,-0.4237005983799384,0.90558195179984491,-1.3000648712026779,-8.0853325082048926,-4.9799048918349209,,0.6277000925813627,0.4402035623409669,False,5
-0.2899492790740123,0.91920649665490028,0.26643729482166267,-0.9420489634068675,-0.22503846487422191,-0.24879999974095796,-0.16873993631771858,-0.32313635795818235,0.93118726798481,11.982865459771473,1.63665787009237,-3.2510814302780053,,0.5080920551173671,0.1515151515151515,False,3
0.5914099499877663,0.80631232656489049,0.0097315510059593421,-0.78274906644110698,0.57694294004296831,-0.23332540136074378,-0.1937476968664244,0.13037360148469423,0.97235001619523154,-12.188251399530557,4.0467547562043356,-1.7032740973890899,,0.08498712508855558,0.5714285714285714,False,5
0.95191394146525332,0.306029992067961,0.014334992116188461,-0.29671324752851602,0.93256587415137471,-0.20562621211646495,-0.076296112516752917,0.19148507598026432,0.97852560972703473,12.756637144551375,-5.9138014049602656,-5.05875328006828,,0.09539169773515657,0.4318181818181818,False,4
0.42440723028748734,0.90542488208934246,0.0091807283591237507,-0.87836268765297876,0.41414222499354686,-0.2386738494607876,-0.21990336927555187,0.093230898155573727,0.97105638755448487,8.9779829954768768,-4.1386888630293646,-4.537264059077712,0.1958239489392697,0.1958259878032694,0.9705882352941176,True,5
0.74470052877661141,0.6657715214843718,0.046576857131205074,-0.64926205036938156,0.73885577285813953,-0.18041878190573446,-0.15453126670671746,0.10411737652566459,0.98248646785359406,3.5116133669312162,8.6482398179338986,-1.1726393984916115,,0.5276485919133496,0.5777777777777777,False,2
-0.78092826411837013,0.58048703978641403,0.2306205605341291,-0.59333782335344942,-0.57402143203609013,-0.56431340843668432,-0.19519547556042574,-0.57752419187705317,0.79269447715844277,-5.2186190548776041,-9.2911197836406973,-5.1787989207361393,,0.3859189886653512,0.1678321678321678,False,2
0.34555725144778898,0.93807719939681933,0.024522519113467804,-0.91007199099733038,0.34138427729702303,-0.23500158811494321,-0.22882123409772431,0.058889245081001448,0.97168559711451163,9.3803848430998062,-3.0886578276137611,-4.2395733417925108,0.2793028016760869,0.2498290871499824,0.8020833333333334,True,5
-0.99977069640214655,0.0031931562731556751,-0.021174474458204581,0.0052799640161331849,-0.92153182493226105,-0.38826694118480432,-0.020752749108354084,-0.38828971064146311,0.92130365461904795,9.1186896179141019,7.2140376810642337,-1.7812661860806716,,0.4832890533086914,0.5472972972972973,False,5
0.085736449035431608,0.99600220359732683,0.025077315168555547,-0.96651298376449013,0.089255700093853793,-0.24059524562097639,-0.24187168813537629,-0.0036097686940131032,0.97030152841707851,-18.560931078668929,-5.1548639626410733,-3.7331134062984814,,0.290802527508899,0.971830985915493,True,5
0.53732044286565994,0.84302316286674517,0.024468112898237807,-0.81856846452156828,0.5282796694738171,-0.22553549545789384,-0.20305765331416115,0.10115600669651065,0.97392764194254311,0.79624774609141347,8.7217678804704573,-1.0580650162452725,,0.2504291679151693,0.875,False,5
0.36960399993413284,0.92797153525941023,0.047557470296285306,-0.9018832204515842,0.37058891005427924,-0.22196962948263957,-0.22360576893400672,0.039149578453336678,0.97389310019445019,-6.3393359136328256,-1.8280696655342843,-3.3166485060221791,,0.2626079488709578,0.4247787610619469,False,5
0.46204603694765289,0.87791678251141669,0.1256008866440439,-0.86283462026290769,0.47773900786282836,-0.16517220844320246,-0.2050118967687784,-0.032055629007124761,0.97823440893899516,-2.9636685668574736,-5.1747121290162781,-4.2679631168628633,,0.2235480746436878,0.2633928571428572,False,5
0.95328075070957385,-0.29718211989068172,-0.05420883640028451,0.28973446308643946,0.95025061273589262,-0.11435783267915944,0.0854970831467666,0.093308952476931745,0.99195951941652005,8.6698497822638529,-13.844942257575815,-6.9349330638370894,,0.2005969280824541,0.1428571428571428,False,5
0.28772263956722377,0.95711565585808467,0.033842340223732337,-0.92830851823539928,0.28740344479916335,-0.23588674165618759,-0.23549729860885438,0.036453823241518926,0.97119109402784853,10.580616578365461,0.39527389903074678,-3.5205515868160702,,0.08565610267364974,0.1521739130434783,False,5
0.3278895744295735,0.92509965869083977,0.19151774975308844,-0.91344856252278794,0.36217861911170235,-0.18557578366638938,-0.24103972827201581,-0.1140932484787506,0.96378554670949534,-7.4437125218144562,-3.2937017114358431,-3.6385330720060605,0.5660552710313159,0.2918791163340183,0.212962962962963,True,9
-0.14777386947282756,0.98869939599556844,0.025226729059187936,-0.95806986062571986,-0.13677158048955007,-0.25178498154378559,-0.24548935956908935,-0.061376209791648623,0.96745435820506298,3.352847124333926,-9.6026012924922206,-5.590319497049328,,0.284248603133015,1.0,True,5
0.1799811897970465,0.93858444754911152,0.29439090702358289,-0.95391297360593896,0.23959198691863148,-0.18068126242269089,-0.24011832521803575,-0.24830407693654724,0.93844993221331452,3.4858443232211362,3.6418687744856815,-2.3418223488870908,,0.6837326320724609,0.3701431492842536,False,2
0.55201276464670501,0.83357139472038666,0.020991368964690234,-0.80926328403027736,0.54164211903271597,-0.22741317466294939,-0.20093492674901789,0.10854743107812222,0.97357208794146755,11.346878411322988,10.653942180266682,-1.0712514162555589,,0.1135697390587744,0.4074074074074074,False,2
0.47413746417493469,0.88032695248287296,0.014768947084337609,-0.85401530833449457,0.46391637369628719,-0.23545583735984416,-0.21412967612197287,0.099025526752975948,0.97177282677341559,7.966202076704044,-2.0977762604225969,-4.0710755841104618,0.2328906860184822,0.2619822781081039,0.9785276073619632,True,5
-0.99263875047989047,-0.11451879495136409,-0.039417719982361279,0.11914474865291794,-0.86490804015725797,-0.48758446544138689,0.021744882481940977,-0.48869164886891336,0.87218554930222725,-16.274968564113358,1.9512827264656445,-1.9932356920121752,,0.2700166148778713,0.293103448275862,False,3
0.1548852326279283,0.9874154012815417,0.031959193134467476,-0.95810870252951541,0.15801950504407297,-0.23886722287253329,-0.24091135060640614,0.0063766243138447115,0.97052617677801911,7.358722940302334,3.7555337544215175,-2.4981774680668116,0.2844372970637227,0.2508238765641564,0.9558232931726908,True,5
-0.79440051964261504,0.60732779787311519,0.0089866746984872438,-0.58641392027035055,-0.76302165252677734,-0.27187620691863762,-0.15826095066283125,-0.22124851119476296,0.96229027210577101,1.1312381620263754,7.6049931572255005,-1.336656269324118,,0.08223222673751174,0.2363636363636364,False,5
-0.59887125767507521,0.75494813214785828,0.26722001140845286,-0.77547415394861019,-0.46334137776745821,-0.42889929378146729,-0.19998263246682585,-0.46407767174796666,0.86292459768894381,-2.2231215246594656,-7.8318336439906577,-4.9116970308271393,,0.2631488565065613,0.2142857142857143,False,5
-0.85184650549432872,-0.48807831172562793,-0.19009758730757764,0.51065088641440903,-0.69306914800511821,-0.50881315655910364,0.11658989356406343,-0.53050421082826582,0.83962615431643151,-4.8602532713036899,-9.4585898781623232,-5.216355973187043,,0.4545463195172091,0.2916666666666667,False,5
0.90132556384923612,0.43186314644848778,0.0332633535812163,-0.43053214525716732,0.90166649447487068,-0.040492031829243991,-0.047479467689923005,0.022175560444125927,0.9986260284345041,12.713105428068285,-9.2443452912165736,-5.9299680199650551,,0.2971336591073046,0.2021276595744681,False,3
0.74099984634734628,-0.64961640151995526,-0.17005222312417612,0.6560309100582089,0.75437867350739518,-0.023157331569568451,0.143327152910427,-0.094399935558710069,0.98516292023456908,-14.409135763575295,6.0187119202050505,-0.98889081013665481,,0.2482097387104897,0.5263157894736842,False,5
0.35289810861718685,0.92632435678124725,0.13185640283361461,-0.90751536300733082,0.37317157939731066,-0.19276627878285513,-0.22776916130171082,-0.051634856094745649,0.97234512946586515,-24.665114620212737,-7.9515265202325685,-4.3342561716557313,,0.2188690970377986,0.631578947368421,False,1
-0.58174904054107612,-0.79984226764960109,-0.14771729997086294,0.78946140453576874,-0.51155186444850753,-0.3392128840826486,0.19575174220923244,-0.31395387696348098,0.92903940635564597,10.444683328765029,-13.522197372005868,-6.8658861866046443,,0.210220781182118,0.2142857142857143,False,1
0.64393280429892297,0.76403881513901795,0.03994036189984438,-0.73994842119783044,0.635200612737156,-0.22135156549069293,-0.19449133017840065,0.11298172657251876,0.97437582684820834,-19.925720533266595,5.4225408991624136,-1.0194586193205968,0.2790230070318713,0.2287907630423379,0.32,True,3
-0.75744966586919593,0.64288742428350343,0.11386730598712488,-0.63114216295637693,-0.67635084944490254,-0.3797487308654301,-0.16712143433261123,-0.35950700709900096,0.91805508442213279,-14.906843109353623,4.6629985709079849,-1.3159395561274101,,0.07217187407621123,0.1666666666666667,False,1
0.1517393659517825,0.96876171155914237,0.19615277473834278,-0.95630911468750235,0.19406282953685508,-0.21866068544151787,-0.24989606236624834,-0.15440325258604359,0.95588262543300462,14.810104276673961,0.93796083556970122,-3.5509282331743401,,0.2007421800102298,0.1,False,4
0.25250842658871381,0.94439755513955836,0.21060093149869685,-0.93048962969597715,0.29670013721622412,-0.21484431015067515,-0.2653837665154703,-0.14171198404616553,0.95367141618471718,5.9496358212656002,-0.84928179919970204,-3.6132341548692759,,0.6284436358455586,0.5346062052505967,False,5
-0.61004823803064456,-0.79051610079878309,-0.054087352066760103,0.76999737440212845,-0.57534078371999831,-0.27583876812784308,0.18693632790213302,-0.20992207355670306,0.95968095341322668,17.313144148971517,4.0069209416094314,-2.8772934541881598,,0.1283932678915914,0.3571428571428572,False,3
0.3763324955594628,0.92426574566668418,0.064083415742265698,-0.89866946730282937,0.38098119066419406,-0.21736264835003974,-0.22531542628865159,0.024210818806936776,0.97398500754840267,-12.786687169016258,7.2446449197277438,-0.7755475698086457,,0.0937718921524004,0.3571428571428572,False,1
-0.51927903244445917,-0.84908368246772814,-0.096985497011603236,0.82959360568003093,-0.4735704907973497,-0.29581318371695697,0.20524067793288661,-0.23406813198938239,0.9503096199179768,-11.424073653974,-0.49991810264094705,-2.7926360728800179,,0.2105377013513594,0.2083333333333333,False,2
-0.16330549755279872,0.96865173869372911,0.18720342837311615,-0.95750213761225611,-0.10988814899536285,-0.26667255422771446,-0.23774139508506562,-0.22279677698743422,0.94543144924791811,6.0128299282725894,11.115151704499706,-0.68365050132128868,,0.2124541190828082,0.5,False,3
-0.97364470131122705,0.22787968489366009,0.0093190568910512007,-0.21611484926527258,-0.90878068925798006,-0.35694821859597647,-0.072872268632320561,-0.34955472825375794,0.93407768650140766,-7.3452518145625278,10.62910943941907,-0.11474696847288968,,0.2994753361495192,0.4938271604938271,False,3
-0.36212920296636059,0.93177646896253485,0.025593988486716658,-0.89940993974040706,-0.34207574076754882,-0.27211385094200885,-0.24479420061575285,-0.12155985960029123,0.96192463315940291,-2.2780460207019302,27.32483324708048,3.8114165784909004,,0.3136524484530903,0.5714285714285714,False,2
0.05931336935597762,0.99562302709241934,0.072226810388997476,-0.96755669701017177,0.075140612825277217,-0.2412217369455083,-0.24559308273322272,-0.055575860115418943,0.96777857048295046,7.6031181242856736,-18.213917900186228,-7.9010209151370923,,0.09227722043009398,0.2777777777777778,False,1
0.9259890167222028,-0.37630748412430892,-0.030610754676763677,0.36389831241249476,0.91117271229388119,-0.19324157573967127,0.10060993555900219,0.16780037474048007,0.98067358234214119,14.772166730119274,3.5454089185449398,-2.9836061346955254,,0.0763110340323704,0.1923076923076923,False,1
0.95794432430544518,0.28490836844815937,0.034203700372805873,-0.27908776241231004,0.95275955544856994,-0.11983008959829161,-0.066728497680336563,0.10524472000842891,0.99220504761247474,0.73471094473119813,16.181759630313035,0.93547793583705441,,0.1872860926999301,0.2631578947368421,False,2
0.98184743089904292,-0.17384603556491091,-0.075849708999525686,0.18160547573721822,0.97703208232159622,0.11147986946792085,0.054727265775001893,-0.1232309459214271,0.99086783192719641,-8.1975080239297178,-5.1717757266549222,-4.0759951914464931,,0.1404279729083898,0.1714285714285714,False,1
0.1330740291184398,0.98979352243789454,0.050991035625599451,-0.96106531604913825,0.14144056275570216,-0.23737739044551434,-0.24216680421056169,-0.017416950000983995,0.97007829003184509,7.7352689074475522,9.5254972648310048,-1.1129279110765544,0.1903432351138466,0.1437592451298935,0.36,True,3
0.8818032899803071,-0.46948530607435202,-0.044794030407839379,0.45517548913558314,0.87207409293662375,-0.17972771216189209,0.12344323339126104,0.13809534318374755,0.98269600809246915,18.634747560621779,9.5007518533239939,-1.6516021406839576,,0.1849426330778103,0.16,False,1
0.58992828571888767,0.80702438104772878,0.026386854744426567,-0.78374764808681729,0.58016204576996511,-0.22170165711241405,-0.19422729423836321,0.11010744317501031,0.9747574616951159,6.467509399432287,17.766933082366549,0.95372602395176764,,0.1000154315910619,0.28,False,1
0.52846603499764566,0.83914873384473743,0.12865866601454345,-0.8141252896783514,0.54389504144081913,-0.20341631351057093,-0.24067335240946028,0.0027543389160490789,0.97060226202967803,7.3069310591323129,14.247654411886627,-0.059192891120053326,,0.2186513945870937,0.4615384615384616,False,2
0.026767140981155759,0.9933803049937826,0.11170984654073472,-0.96884271729344162,0.053305556116953798,-0.24187250119540982,-0.24622613450069866,-0.1017550359319964,0.9638561113316253,14.18256511661161,1.9709608963766025,-3.2553691267162761,,0.07304618267440231,0.1739130434782609,False,2
0.39764546150677893,0.91740875562537816,0.015468097651458916,-0.89003999450888938,0.38976933265642633,-0.23645015435643035,-0.22295043197463499,0.080256105203644443,0.97152048998457308,20.738506291294751,5.3483069065487179,-2.6798765643052143,,0.1685468151444875,0.3809523809523809,False,2
-0.73304177067723675,-0.67607091539962583,-0.074685204646521175,0.66032370626733472,-0.68099622737686982,-0.31657027851622627,0.16316361537962923,-0.28137564864284581,0.94562433289708958,-8.4828437168129778,11.180882219675389,-0.010738745664744342,,0.1738602579645613,0.4411764705882353,False,3
0.25787299281539072,-0.96601801434672763,-0.017627124951038173,0.93589712949204851,0.25428103520702056,-0.24379851956603552,0.23999600535212687,0.046371878241580823,0.9696656982297408,5.6065943132657363,6.1690960930702445,-1.8672928929182333,0.3663030860410024,0.3100482071384962,0.8901098901098901,True,2
-0.33424823721713592,0.94231380622229,0.017966817194379647,-0.91299799867106102,-0.31900078650209274,-0.25430916741966358,-0.23390761069249849,-0.10140605905913751,0.96695606976026582,-15.043560255095274,10.94972988666539,0.22557973319309158,,0.219228679538766,0.7872340425531915,False,2
0.30902109285525409,-0.92633756869740502,-0.21541743891878001,0.92106040745263495,0.3479332995922772,-0.17490038552850132,0.23696769820743946,-0.14436456578611176,0.96073158694385452,-4.050147352959196,-12.079185479253976,-5.8688826262905796,,0.3855711141675766,0.1,False,1
0.90548727591250522,0.4241278451770964,0.014434822686297682,-0.41309100582323088,0.88869502862615568,-0.19893960642142078,-0.097203981752309543,0.17417438686727546,0.97990543874952907,15.943273145759507,-7.0492636822127812,-5.5506727650682182,,0.1194377238364029,0.4347826086956522,False,1
-0.21239906899471742,0.92061076018397192,0.32766211823106217,-0.94658442501348317,-0.11058349890603081,-0.30290133062037461,-0.24262020075020732,-0.37449581840547863,0.89492363930378982,22.395039194869188,2.0061589549697509,-3.5518976292965441,,0.4042875047069848,0.2758620689655172,False,1
-0.13380659545748921,0.98887001521306517,0.065052963226813129,-0.96014641762919195,-0.11310594803600151,-0.25558932143716062,-0.24538673909954203,-0.096659906535184414,0.96459432444043758,15.962981439633314,-3.7614649018818387,-4.6855038450534376,,0.1753816458041936,0.7428571428571429,False,1
