axis_00,axis_01,axis_02,axis_10,axis_11,axis_12,axis_20,axis_21,axis_22,location_x,location_y,location_z,dbh,dbh_approximation,score,reconstructed,number_clusters
-0.07650542309947822,0.98082459147579071,0.1792485453015385,-0.97730200131485045,-0.038147128418241708,-0.20838808703817466,-0.19755434306123842,-0.19112278082371575,0.9614802983877786,-14.101189509811773,-1.7093378049760586,-2.6472782503446597,,0.3111668112264632,0.34375,False,8
-0.90510978948063181,0.41695266153693206,0.083227081070972625,-0.41454696666951713,-0.82190799215162147,-0.39066362111462494,-0.094483233493715235,-0.38809500186752938,0.91676343083372014,8.3495719228015535,9.6898449344380246,-1.6938517387838652,,0.5773691813528238,0.5625,False,6
0.13256849022562062,0.94151126571143229,0.30980983189329886,-0.97416461458421078,0.18142279044769163,-0.13449563114899682,-0.18283571612596267,-0.28397589271737039,0.94123790471064062,-7.9280769994651727,-3.4553775846218935,-3.1387119654135192,,0.4968961830929333,0.4979423868312757,False,4
0.23872868925934204,0.96975933894262467,0.050748768044950945,-0.95437953043458856,0.24395309541889976,-0.1721818780330592,-0.1793553032725006,-0.0073288313598300625,0.9837570652447325,-3.9800212156723584,-11.121435535778927,-4.7089948248164459,,0.1677741339000043,0.9403973509933775,True,5
0.94490748721153495,-0.32627613194830157,-0.026338685093188687,0.32096353823256601,0.93930537214569287,-0.12119333720743194,0.064282561685232817,0.10606273416755152,0.99227942066944441,17.25141423774172,-20.071364170379812,-7.1222621221622662,,0.2637888052610053,1.0,False,1
0.54325748410204344,0.83681929287088475,0.067858507544669822,-0.82569004943000157,0.54716485222134259,-0.13728279850686734,-0.15201068462249306,0.018549813278523924,0.98820476430137294,10.098894654736224,6.1455054700129823,-2.3465627259443074,0.2179550802630336,0.2056793547675323,0.9325842696629213,True,5
-0.66669202922638482,-0.74442501363965619,-0.036785013709431977,0.73113999126566631,-0.64361356967211514,-0.22626507928966552,0.14476205075242193,-0.17774411945691748,0.97337093477278136,5.0769271784589654,8.3736553245587917,-1.6983642493111073,0.2727135911635038,0.3151636146746472,0.8585858585858586,True,3
-0.99948083784598207,-0.031853861335459074,-0.004835938038772962,0.032102575234066545,-0.97185091950540381,-0.23339926075256012,0.0027348568581580732,-0.23343333475431863,0.97236896226866631,0.4767796255746114,9.5093208811699235,-1.156987647791863,,0.1025480505869797,0.1627906976744186,False,5
0.036410038413078438,0.9990311352811686,0.024720433685069633,-0.98196363938529496,0.040358601371619458,-0.18471219293948377,-0.185530913941436,-0.017549188988283282,0.98248170768615772,9.6278848823240395,-5.6783230041788988,-4.3531669064386564,0.3591432987995203,0.3113215086358564,1.0,True,5
0.9831694414925839,0.18147933877187866,0.021049914823615262,-0.18018195541727175,0.9822309581757348,-0.052505311571164448,-0.030204507232663644,0.047828803038529807,0.99839876469411382,-3.0926950945412228,-17.3553471501878,-5.9149386347027546,,0.1398953153673251,0.1764705882352941,False,1
0.51040074583899009,-0.8452241662025104,-0.15838935416963235,0.84480380933179744,0.52724212928217573,-0.091226426261696858,0.16061632042070317,-0.087245893755912879,0.98315337137053294,14.183256546336311,-0.83707458680763303,-3.6626710612535214,,0.2636984749804951,0.34375,False,2
-0.22418506999819846,0.97418790560577251,0.026438210252240156,-0.95746801837402795,-0.21511865260293539,-0.19229913960600523,-0.18164814389587125,-0.068424336852733927,0.98098015369601055,3.9635178530259392,-7.7624095806910978,-4.4001384598999014,0.3171344420703818,0.2855124003283398,1.0,True,5
-0.16726275222012457,0.97348231524323148,0.15606201853246293,-0.96876777631203947,-0.13289050015922671,-0.20935403159924243,-0.18306328768809771,-0.18620498617413064,0.96530592861782216,18.837217789433954,-7.9043112892436271,-5.1436885536173458,,0.1463806480682949,0.4054054054054054,False,3
-0.37479110700527901,0.91806968518489529,0.12914983257543733,-0.90563607972585625,-0.33273280158615404,-0.26289194329117405,-0.19838073799776557,-0.21549231051973819,0.95614232564944279,-6.4605078894186487,-4.7990791889151945,-3.4786665803234698,,0.4464392198185119,0.4790419161676647,False,6
0.6671533065694274,0.74463112630110195,0.020759366007464072,-0.73266707979569912,0.66095813269096348,-0.16227537401995698,-0.13455636631955487,0.093052848281105993,0.98652711656074155,1.8296765774572696,4.3647334172105294,-2.2370568977267409,0.3252145613314103,0.2702100582939684,0.9337748344370861,True,5
0.42470987967023904,0.85855242211998617,0.28724424551659167,-0.88993654084665841,0.45417672798816677,-0.041670769369500316,-0.16623619153594321,-0.23793116278845711,0.95695051616985793,-0.97090310038089822,-6.6188459368286372,-4.0206177393429483,,0.593790087626899,0.3123425692695214,False,5
-0.23163482603641339,0.97061941182233791,0.065140346642765842,-0.95560619289250659,-0.2144945072831749,-0.2020121542156261,-0.18210467174833908,-0.10904156885796928,0.97721431875941245,15.647512270655215,-7.1907875525346068,-4.9569736202033878,0.1347653641154934,0.1304817195381981,0.4516129032258064,True,4
0.5224926272759528,0.85252050130603563,0.014499975695777444,-0.83824720573581701,0.51670809453688626,-0.17422504732717153,-0.15602267950002441,0.078876738605028349,0.98459909790161104,-12.576489394618619,4.9461021297262491,-1.5076246788644796,,0.08663274869166367,0.6470588235294118,False,5
-0.41464315717291989,0.90427698305463222,0.10175554101514542,-0.89647615584694795,-0.38673074352301162,-0.21626334412474085,-0.15620996833605288,-0.18089353203404029,0.97101801005990518,-5.3835185903510432,9.3158963608961542,-0.96494748297523147,,0.2713612949022874,0.3541666666666667,False,5
-0.99567365248550388,-0.087752051516967841,-0.030554135575055784,0.092896782194545918,-0.93285564997639281,-0.34806683864599902,0.0020409811548763521,-0.34939936142140315,0.93697167547063032,-6.8561808863480636,-3.5657824172274473,-3.2179764440384062,0.6080400768143194,0.344521950646179,0.16,True,5
0.89501690136274692,-0.44432051030066722,-0.039038831964865996,0.44445564160203122,0.89578320873335748,-0.0056236642410400772,0.037469039528028575,-0.012317754565018192,0.99922186925593359,3.4588283675318272,5.8324735777777343,-2.0360208572609855,,0.4244242962618848,0.1639344262295082,False,5
-0.28490958726618587,0.91113083799453365,0.29777025227377729,-0.94303808472397499,-0.2107628671071419,-0.25740665222350445,-0.17177222663733094,-0.35414631143660735,0.91927944187385002,2.5731840666716468,6.3999676742234488,-1.8516825523825231,,0.3632763191883326,0.3191489361702128,False,6
0.66915230385581292,0.74263028149007015,0.027119352102078539,-0.73119279954149252,0.66448256548420814,-0.15433732557679805,-0.13263590819658092,0.08344570199538881,0.98764595411279044,-9.3507154910315542,-6.5643080371484164,-3.6830797413667362,,0.1846847236479367,0.7522935779816514,True,5
-0.19033915642527388,0.966553665238991,0.17188664213482804,-0.96618741659798257,-0.15341357127062219,-0.20723453418218846,-0.17393355495426993,-0.20551955713037401,0.96307259856041139,9.5471081998880525,-11.659439825012649,-5.412504732015547,,0.2020885519328145,0.3378378378378378,False,5
0.26015915831362674,0.96255147699131061,0.076235598557313974,-0.94901083531913133,0.26945815955536268,-0.16361764787430874,-0.17803271270311533,-0.029781779511695007,0.98357378920784921,-2.6608086104226905,-3.6611431105662318,-3.4990918798545905,,0.174269973296931,0.2486772486772487,False,5
0.45491925551664597,0.87151468853303637,0.1830590577691939,-0.87034720133914145,0.47863148362459063,-0.11579141593592766,-0.18853174820518823,-0.10664919387640759,0.97625904828800825,-7.3468499963360845,-2.1518900341375944,-2.960275174193244,,0.2450361393661526,0.4,False,7
0.7087279682001103,0.70544638440085428,0.007075720931836664,-0.69380347584480517,0.69877815391904186,-0.17420054107597494,-0.1278335010731142,0.11855163575951952,0.98468477476912997,-3.3459126840377627,-3.0769990309146231,-3.3502575444701668,,0.1942108903171847,0.9664310954063604,False,5
0.62273807254925173,0.7711009668137343,0.13266722269109224,-0.76291387651209652,0.63604713393367418,-0.11578627051617199,-0.17366551189838647,-0.029109146220447593,0.98437439401042348,8.8953130178594595,9.7959977092202255,-1.6634813987148556,,0.1139433197555314,0.25,False,6
0.4424612716163368,0.87485213663145478,0.19713386860464097,-0.88161796396276104,0.46459830274396074,-0.083055299081910769,-0.16424916662744141,-0.13704800662106875,0.97685211528837945,2.9866812832022722,5.7726983774113449,-2.0418780651589352,,0.7379993968850727,0.4285714285714285,False,3
-0.71701227577614635,-0.68847853484093069,-0.10904450215208908,0.68309255292610394,-0.662834030754054,-0.30665226529610268,0.13884509542367487,-0.29436092596949587,0.94555469685215543,1.4266294288358048,12.329469049181466,-0.76799935698834965,,0.3529605739555029,0.2222222222222222,False,8
0.59887153824091288,0.80069075761867414,0.015722320089534517,-0.78731188947490938,0.59223184450113031,-0.17146845497128185,-0.14660446574512129,0.09030920785182342,0.98506414897749928,7.995691458773682,0.15574123019784303,-3.3441325873955456,0.2602811682811747,0.2517918830589108,0.7513227513227513,True,5
0.42039573263326269,0.90606725782366204,0.048057801485830581,-0.89218851470569238,0.42243423138572012,-0.15984046540474608,-0.1651274726112906,0.024319631030605644,0.98597234917392196,-18.237290587645795,-4.7925030188822175,-3.1187695575736223,0.3212419978227002,0.2590148396931863,0.36,True,5
0.010635341579232644,0.99846315844554512,0.054389435890070829,-0.98266560753944032,0.020503725099317353,-0.18424956178019719,-0.18508158543906014,-0.051487071037287585,0.98137347031971778,7.8935128566633503,8.0707495798689894,-1.9297720533159928,0.1823873537128427,0.1480994852888671,0.7719298245614035,True,5
0.97882581999665585,0.20469411636533791,0.00057691705295546958,-0.20180475110529777,0.96547345771817428,-0.16472961140316905,-0.034276180347310753,0.16112517235715743,0.98633859414182556,-8.1537874719394043,10.316449095579388,-0.71185027345685525,,0.3178737576292018,0.9925925925925926,False,5
-0.88019020132819448,-0.4739602378788435,-0.025038019004355337,0.46753340515084785,-0.85675582919031279,-0.21767398608118543,0.081717345489715487,-0.20330061991604709,0.97570032970572729,18.989382205217037,-7.9303188275250047,-5.1646935196186163,,0.1927537796035687,0.6451612903225806,False,2
0.82664317656413799,-0.56116056953822357,-0.041950850235571553,0.55308139221280361,0.82395714164972311,-0.12327044379073177,0.10374021509471379,0.078698436578840833,0.9914860179811652,1.2621224076786364,0.43959996289854486,-2.9158479715717434,,0.2620907208421552,0.3153153153153153,False,4
-0.87416141279016379,0.47142166900528254,0.11663376175438711,-0.47680503336464597,-0.7875548363118523,-0.39040279194692074,-0.092188852617027472,-0.39688662083028919,0.91322627297897574,-4.2982369336691741,-4.3079653474495876,-3.5333285047065193,,0.3459700543545243,0.256,False,6
0.93406789458498829,0.33904604916077102,0.11209346481414231,-0.35192299181395709,0.92724345293370602,0.12794446773616897,-0.060558865067642395,-0.1589570871023058,0.98542643983286182,9.956958439305243,5.8030778750908549,-2.3842719046223988,,0.333350631160637,0.2297297297297297,False,2
0.24700900600836248,-0.96482363228540424,-0.090010607899069214,0.95267892923482878,0.25877877882156353,-0.15948793504086886,0.17717056398493741,-0.04635625324829,0.9830878338388892,13.726857418151658,-1.4325233187210329,-3.7482416800260885,,0.1418316137867579,0.3076923076923077,False,3
-0.83070740640599527,0.54796350942472682,0.098291389659320105,-0.54999235298974403,-0.7804480781313422,-0.29733686114220298,-0.086218423756339035,-0.30105944542570051,0.94969973872005486,2.7614159646916869,10.930026883079702,-1.0336534925462477,0.4209956113292791,0.30725359610478,0.1515151515151515,True,7
-0.74135317690792901,0.6708804251432624,0.017746048802940291,-0.65892867902889718,-0.72262058546907648,-0.20888390414189695,-0.12731246224055676,-0.16655012643623041,0.97777941906256238,17.760427886612995,15.851982253952777,-1.0289264666537974,,0.2324150322999092,0.7222222222222222,False,1
-0.61547548266591612,0.78711972231749394,0.040403873279524612,-0.77530461740805823,-0.59542396088906391,-0.2106491325045548,-0.14174865242005186,-0.16097468601618295,0.97672640488475038,16.206157439798218,-0.96425564876544434,-3.7804103074675717,0.1819436881289755,0.1812439513202701,0.5,True,3
-0.99109081247437469,-0.12261131954696877,-0.052014091819752993,0.13266923289393379,-0.94326498921359236,-0.30438468221514464,-0.011742064223030431,-0.30857353166276363,0.95112801424674154,-12.279968879657323,-12.259029356852158,-4.7319568395540221,,0.2159106305353087,0.9523809523809523,True,5
0.71340191757270577,0.70034101594719178,0.024086622545342939,-0.68905634169284347,0.70733199497966948,-0.15774285039568706,-0.12751102688184102,0.095937011940837202,0.98718641996504475,-6.2399591863065371,-4.0955553314635713,-3.3715772610086381,,0.2605364174121984,0.9444444444444444,True,5
0.97077567224711669,0.22943885494873215,0.07037333310974514,-0.23543304579605587,0.96734713450387244,0.093865874066888344,-0.046538963464529674,-0.10769091515519433,0.99309455323885731,-4.3402742294151277,-9.8388981895988437,-4.5043736255827378,,0.1815967119924048,0.3134328358208955,False,5
-0.88769782416374954,-0.43507615148638235,-0.15066955692091799,0.45585915402587629,-0.78452329689356959,-0.42037558007341347,0.064691612020104317,-0.44185058451816595,0.89475307001160798,-9.8784476583959151,-12.02612153169347,-4.7396776630206148,,0.256120619057535,0.2105263157894737,False,3
0.49122942045697943,0.87050960190397897,0.030111284769612525,-0.85618414650304042,0.48892354578072489,-0.16704033542250779,-0.16013233200812646,0.0562743225119572,0.98549015057049638,-4.1373314005978781,3.5896983609962891,-2.0564106095748267,,0.2850779163706026,0.9616204690831557,False,5
0.41570409676701076,0.90910673367632311,0.026740432223347183,-0.89398433765256413,0.41384334440006376,-0.17183041153322187,-0.16727853407723892,0.047525078433789412,0.98476355484798084,6.3580371024105906,-2.280974146442849,-3.7064572670982954,,0.2160012093551462,0.820580474934037,True,5
-0.17584866997331386,0.97269099974086792,0.15149080596434597,-0.96664661906712479,-0.14150925490617491,-0.2134700087178425,-0.18620300511729951,-0.18397649251741319,0.96513268056069712,10.226922556290443,7.8237310531911266,-2.0526401777420595,,0.1704450852493329,0.1363636363636364,False,5
0.20020516214959025,0.97841675546625018,0.051171727267642728,-0.96256017493660395,0.20616513922743457,-0.1759938777155266,-0.18274518509299126,-0.014020983925178282,0.98306032843111879,0.28367979015622868,15.630028706282332,-0.073231245664822073,0.2032068572889571,0.1710912081505449,0.9508196721311475,True,4
-0.96499458878006095,-0.24673873183670858,-0.088912551626939798,0.26190414136598344,-0.88868872999451431,-0.3763489895244615,0.013844289817375566,-0.38646130387446176,0.92220171125795591,-13.354676307575943,4.0576247807917873,-1.6371938864299165,,0.3025672519029538,0.2777777777777778,False,7
-0.98587392808431473,0.16748908609592761,-6.2947223736613267e-05,-0.16384014245302284,-0.96447340909940371,-0.20723766757311707,-0.034770758469943618,-0.20429990009523646,0.97829062408698353,10.0986312022953,16.359836023476007,-0.57342190378945646,,0.13593549413986,0.5151515151515151,False,1
0.20564285771445787,0.978460463270027,0.018059260462063551,-0.96154317602569195,0.2054515796629536,-0.18227553059152735,-0.18205970369485142,0.020118902340892933,0.98308163143207039,-7.919519181900629,5.9638345112961151,-1.5074611552637758,0.3525781724447322,0.2733825939165554,0.9881656804733728,True,5
0.94100735098553034,0.33591446374207851,0.040824483341086591,-0.33463228968277742,0.94169168943090054,-0.035185121265069647,-0.050263267829067405,0.019448267420203655,0.99854662825603457,-0.50447109490403585,-13.817920963919125,-5.3680279097933932,,0.202269239404089,0.3571428571428572,False,5
0.94149449232464777,-0.32751058453361864,-0.079529478439141849,0.32308832079083061,0.94422854618956054,-0.063611237445207719,0.095927357364391688,0.034194584062345532,0.99480082053137053,-16.279544364785657,2.5373536353421327,-1.7943640598586466,,0.2285210914552747,0.25,False,4
-0.34170468811310173,0.93968305391480322,0.01528608212975293,-0.92324277262710053,-0.33259722139192921,-0.19235870428496968,-0.17567210624727012,-0.079842635901614639,0.98120561789001715,18.971139729394267,17.731666230944946,-0.76006164345005478,,0.239741825888694,0.7837837837837838,False,1
0.99414332220562496,-0.09727069440432054,-0.047089987513957904,0.10270729000908352,0.98595634907109642,0.1316863330242932,0.033619451110233775,-0.13575157360596732,0.99017232983483783,-4.400664787183679,-7.8876216162294259,-4.155368994496289,,0.4670715128584764,0.536,False,5
0.35726174000948185,-0.92861070294126402,-0.10023079121870786,0.92139528269734094,0.36797717418586889,-0.12499412906720278,0.1529535293757002,-0.047696558168420881,0.98708168668575857,13.490915010786015,-4.9531239419208708,-4.3547156806940901,,0.288205247918255,0.6578947368421053,False,2
0.84395105168757523,0.53496183055164825,0.03952799271737735,-0.52781392122063842,0.84129997283862523,-0.11673397220784482,-0.095703118659368897,0.07765433377833901,0.99237629834872243,-1.376200586080917,1.8442739340657452,-2.4956157888678812,,0.07911792110385689,0.2235294117647059,False,5
-0.97673143248404459,0.21110104920529796,0.037842513421924073,-0.20897046098919619,-0.89708173955699133,-0.38932723894863136,-0.048239560856509357,-0.38817611927812395,0.92032181610051289,5.7253602205823579,1.6671698422493297,-2.9589606777029096,,0.3812484361128532,0.2769230769230769,False,2
0.48602466665899585,0.8591274728377476,0.16024983249425498,-0.85910980341675358,0.50331588708622277,-0.092754856906982888,-0.1603445324051877,-0.092591053682487948,0.98270877054482797,-4.0572410145211961,17.282337909974867,0.34811537646038843,,0.1818943157086467,0.25,False,1
-0.54132206063734911,0.83290566030684066,0.11505906177332725,-0.82582686149850704,-0.50094799686899583,-0.25896157873411307,-0.15805195821266407,-0.23520047929748109,0.95901006931281774,-11.623639438093891,0.37205017260514872,-2.3545642185409137,,0.2285013072532863,0.2545454545454545,False,1
-0.98463062755848596,0.17464307716853283,0.0015240967452395532,-0.16697567113294445,-0.93877203507963158,-0.30137383994326744,-0.051202075382602304,-0.29699640022995794,0.9535048430537526,-2.3088951797964632,-9.6985147650294277,-4.5225267740597408,,0.2337595766375347,0.2789115646258503,False,5
0.31574579243286716,0.94857456621882341,0.022602806987491557,-0.93126737111517766,0.31437279417420116,-0.18414893369045818,-0.18178470248392295,0.037094994350696103,0.98263842960519054,-7.8405565315888426,-14.27340488935609,-5.1684127449763881,,0.276009099544146,0.9444444444444444,True,4
0.60063796153335069,0.79826477730876999,0.044803844402464175,-0.7850368433846181,0.59944832242853141,-0.15613732182387774,-0.1514965138007317,0.058609334118364588,0.98671867939166225,-15.206523744479679,-0.93164084522161805,-2.5164931051085069,0.4077672845887947,0.3629064498215097,0.4814814814814815,True,5
-0.95896276913261214,-0.27140438358073615,-0.082036991599363618,0.28110251747092013,-0.87228284133697098,-0.40013000309975827,0.037037576716417886,-0.40677058064990657,0.91277922447255222,11.765731477373377,-4.0770741416847276,-4.1065440799674295,,0.2489908739194835,0.2727272727272727,False,5
0.14543575238989914,0.98858379385582806,0.039376699358910923,-0.97229452937626493,0.1501747275894264,-0.17913932940152785,-0.18300762298814646,-0.012232486217429839,0.98303538909297106,11.837595886460093,-12.740967106904799,-5.7191106382692425,0.1313518923435198,0.1636331708407278,0.5227272727272727,True,5
0.43980246191087913,0.89733216958945117,0.036996917669154056,-0.8828000011141609,0.43951587914553836,-0.16580093489411271,-0.16503924542352688,0.040258780394006412,0.98546500601047216,-11.139148090353144,2.099996338995715,-2.064255950834041,,0.2562330495188069,0.9585798816568047,True,5
0.99772216711749262,-0.066679829560700857,0.010211639052103365,0.067454236988256977,0.98760531932037077,-0.14172388352864324,-0.00063494464846640397,0.14208987852716412,0.9898535564746076,-8.318528881356551,11.922309257773469,-0.45774591500545103,,0.1494183467844715,0.325,False,2
0.8021399737981586,-0.5656119564216977,-0.19145385132691767,0.58771393987333975,0.80453600515700019,0.085522753022641396,0.10565882506277469,-0.1811213161359953,0.97776852144437476,7.5033657578930697,-11.306350999226481,-5.198879726219543,,0.4084069587404426,0.3483146067415731,False,5
0.20870857606367241,0.97725404141219718,0.037620058758620206,-0.9612406437602472,0.21207113520860174,-0.17618813352413967,-0.1801586941028922,0.00061004496770490635,0.98363736853795769,0.26307266925711348,-18.806157645268343,-6.2837770896968266,,0.2280206943020721,0.9545454545454546,True,5
0.80368567351926301,0.59497066406574173,0.0099622829239530662,-0.58531059748991199,0.79343250763703455,-0.16696215227052733,-0.10724198173238295,0.12835406002918204,0.98591297416563817,1.772927289352173,-2.4784476635458512,-3.4270255307956123,,0.2422586913858492,0.9782608695652174,False,5
0.38887270900996546,0.92107106598937116,0.020152111166177152,-0.90548204623722872,0.38614301999891204,-0.17605633203085955,-0.16994199048290395,0.050216127920448071,0.9841737958142277,8.481709717835912,4.9672211950563741,-2.4406149847269041,0.1437474264242033,0.1720537310099862,0.9782608695652174,True,5
0.72765049869261078,0.6858683109673831,0.010460007798430676,-0.67458965191218623,0.71828186652786263,-0.17029375135407623,-0.12431232153487265,0.11685812007728695,0.98533782353394483,-2.3432001115113406,-8.4829442110165338,-4.3324168969417967,,0.2496484665307344,0.9475138121546961,True,5
-0.86531938943392828,0.50110301358253773,-0.010868488772240656,-0.47978254700333262,-0.83438697863785694,-0.27130624296278694,-0.14502090146143806,-0.22955204128494908,0.96243171107420622,9.3331531031866728,-14.127047569545249,-5.8789411238058795,,0.1361669718028806,0.2222222222222222,False,2
0.78092795121011971,0.62427576311077781,0.020767922650625791,-0.61435364242059931,0.77367019893375322,-0.15493232498852599,-0.11278801826128952,0.10823213420358868,0.98770677230766657,0.03645378493794596,10.562395677028467,-0.99465944596596545,0.2866634576980867,0.2471183851540437,0.9605263157894737,True,5
-0.41529804173837204,0.84531861587085178,0.33610113684791626,-0.89745599266653031,-0.32034560832632353,-0.30323494596264999,-0.14866162166210511,-0.42756885865112548,0.89167516134328184,-1.7403259124749293,-6.3681312786673434,-3.9838786578144623,,0.3345938876286446,0.2415730337078652,False,5
0.73993743628160658,0.67174825551052653,0.035311069193209851,-0.66379992189981363,0.73766674574355462,-0.12335897174472199,-0.10891397557156995,0.067838436322473106,0.99173368021990504,-6.2967936519339434,-0.53247851822358627,-2.7287510745859622,,0.3329126616500233,0.2977099236641221,False,5
0.84017287900342741,0.5421555790934619,0.013298926457447735,-0.53888208543362248,0.83735407912528947,-0.09189256863829412,-0.060955979081611329,0.070039090728437933,0.99568011649531862,-3.5685821070581909,-14.883599883417194,-5.3546188557635466,0.227987603448135,0.3172101022683154,0.8878504672897196,True,3
0.56804258822688847,0.82290976795699178,0.012129788187290613,-0.80905348630017759,0.5610582105349442,-0.17506039157060951,-0.15086442346035944,0.089628110502771363,0.98448297473429014,9.1656459428627013,-1.8304540129699522,-3.6862532290407732,0.2377059230963432,0.2003763554230421,0.9888888888888889,True,5
0.4376305615399339,0.89893525987314382,0.019871843473771352,-0.88360343169470368,0.43404904011883017,-0.17563145011433939,-0.16650665783561283,0.059302861050086794,0.9842554056583529,5.1461603036428452,-13.48518053263415,-5.5203044301086583,0.4124448539106812,0.3413491350693428,1.0,True,5
0.18079159071156961,0.94079030555518484,0.28675425315304859,-0.95932181310637687,0.23296004556581396,-0.15947186607131592,-0.21683186948941394,-0.24625843770997202,0.94463787888818529,6.0150227953171447,1.0321694823809935,-3.068768992240511,,0.6070108496780742,0.223433242506812,False,2
0.99612202038796538,0.087978901622102479,-0.00079584393333050063,-0.087166730995519845,0.98561672456280569,-0.1447813291472379,-0.011953305222929748,0.14428924121865269,0.98946335625064574,-14.99889232824567,8.5700374970601754,-0.79480970030684572,,0.3173079548030918,0.9347826086956522,True,5
-0.8786516383032974,-0.45692308852807789,-0.13853732232467628,0.47147505253141408,-0.78449649457374782,-0.40283560523121509,0.075382845179982477,-0.41926905582389618,0.90472696736700997,5.598808317122864,-0.37622462918994104,-3.3585130730959136,,0.3729282599063745,0.1939393939393939,False,4
0.32378401683760799,0.94168874335313224,0.091576312889855099,-0.92734314240980542,0.33505742387505383,-0.16664698896685187,-0.18761291710862893,-0.030965034284002012,0.98175483700656119,12.048126217941439,4.2542659868341,-2.8156182544176884,0.3102475408287295,0.1439080345587316,0.3142857142857143,True,6
0.97262937626970181,-0.22860607518783679,-0.041609599907055296,0.22911838587918518,0.97336628929156155,0.0079266716151350225,0.038689296573198029,-0.017243238036706625,0.99910250178481774,13.270625832512565,-6.7606420873988666,-4.7328395411043687,,0.2486561984164194,0.2105263157894737,False,6
-0.90494750298216242,0.42550904209452395,-0.0034744700530849673,-0.41747814746273126,-0.88938891016157584,-0.18627764995481885,-0.082352979529796255,-0.16712097886682198,0.98249100005300805,-0.65571351580554249,-26.274185883950672,-7.624227498899578,,0.176736166433385,0.6785714285714286,True,1
0.31119646412281354,0.94884851089135325,0.053322266425214565,-0.93412609222704146,0.31572531010032662,-0.16651117795118436,-0.17482907234809938,0.002007969450858238,0.98459675173168693,15.245873551896599,8.0780222929560157,-2.3051312382911719,0.2362310381793634,0.2202829493426995,0.9384615384615385,True,5
0.54428929828071104,0.83860685663765056,0.022083925769867858,-0.82492057257375462,0.53982071912955298,-0.16762947277564036,-0.15249658593450022,0.073021443417463153,0.98560268875422097,-4.7238797619238824,13.570307662069606,-0.27250315736728536,0.3446710296304216,0.2907206682068367,0.8924731182795699,True,5
-0.69764325077848599,0.7160867108775455,0.022665329201390111,-0.70353148492265516,-0.67874592930772926,-0.21058825506355522,-0.13541545098603955,-0.16286124754762224,0.9773120636119671,13.419844533730529,7.8121544475878366,-2.2714819415201122,0.1434638019494852,0.1382543185403953,0.5,True,4
0.17850139911437227,0.98324416718840368,0.03698862263174664,-0.96718326488307527,0.18224569725057158,-0.17703965082367198,-0.18081422135530811,-0.0041729514297553852,0.983508415740322,6.9600207252020292,6.0388740529835303,-2.2192689827360175,0.2849523092365306,0.2483947818536805,0.9591836734693877,True,5
0.0069841037139710205,0.99979710647831621,0.018893601374499781,-0.98270559600791896,0.010358560350254576,-0.18488486093293269,-0.18504305950246347,-0.017275592755565179,0.98257855666858029,12.667914677202779,8.6674102543959854,-2.0992851063903362,0.2880551022282607,0.2692915699471476,0.9423076923076923,True,5
0.59219011204299832,0.79634517097700142,0.12306599798526893,-0.7916995197778055,0.60344748242825996,-0.095199823185683055,-0.15007578612851502,-0.041054897547110614,0.98782172167112359,12.914498963227201,-8.7330861537018709,-5.0978519218276466,,0.229684524489168,0.46875,False,9
-0.58263835835375821,-0.79532758194580933,-0.16729190288555773,0.80120056140118856,-0.52752159451025016,-0.28248650894473554,0.13641922073248641,-0.2986218423384267,0.94457122097444068,-5.6229380185416735,-8.2533518298985751,-4.1945809317262803,,0.4156884169379061,0.1694214876033058,False,5
0.31983281598506808,0.94663989242970104,0.039747753140831545,-0.93109085412950221,0.32179341901467301,-0.17181040956600899,-0.17543315301120913,0.017941837685419085,0.98432784136435669,9.5493802903000695,-3.1678917281193035,-3.9110500072572654,0.3025459064632854,0.2560059421722343,0.9894736842105263,True,5
0.42307857408337823,0.90524719692686295,0.039141188122404746,-0.89030869838683147,0.42334834054683612,-0.16770988084482705,-0.16838925657036943,0.036106716996950346,0.98505906587340286,9.4761296072105505,-0.75281138181054041,-3.5379961858653606,0.2886654638679545,0.2556993963738165,1.0,True,5
-0.78149708348810021,0.61451995389210379,0.10783104732886983,-0.61521322540970624,-0.73025375758040101,-0.29705578065523575,-0.10380267713590101,-0.29848731264184825,0.94875198466789412,7.2101358775603561,1.9190839597387488,-2.988894396052908,,0.2249545472028254,0.2794117647058824,False,5
-0.85533022971754813,0.5143671710895581,0.061940386151941161,-0.51110289391954888,-0.81819421596807185,-0.26330981140750193,-0.084758657129454698,-0.25687475209081445,0.96272079637862495,1.4481945010082131,15.488501643139628,-0.13535908646537814,,0.153644567369063,0.3191489361702128,False,2
0.35267246418697457,0.93449670051444389,0.048353383872332525,-0.9197447259042959,0.3556937724789212,-0.16598668437842987,-0.17231300640264646,0.01406616320576267,0.98494181090922839,1.2435598605353768,8.9061153249740261,-1.2877238329683569,,0.2334951500850044,0.3975903614457831,False,1
0.3647157766725696,0.93047105467774127,0.034727779269851912,-0.91430084488578345,0.36493574241494581,-0.17571530653074491,-0.17617141450095064,0.032334506567186658,0.98382829416407303,17.783575433021387,-14.414254352837673,-6.1595333191213149,0.2506520678847043,0.2667669120100834,0.8333333333333334,True,2
0.45067955585453945,-0.89075035258305091,-0.058751572812351778,0.87686200154313265,0.4540679564728865,-0.1579092180789563,0.16733489828641679,0.019649434539115822,0.98570428199220439,7.5160849244980081,4.6349228028214542,-2.435239314094118,,0.06742670060061755,0.119047619047619,False,3
0.58148818282117498,0.8122939719624005,0.04527688541489739,-0.79657168413493662,0.57977914216954862,-0.17125915549123771,-0.16536337343486207,0.063518890250759491,0.98418509707653734,13.086029086136866,-3.3419292381985723,-4.0333769730317686,,0.106563240417245,0.4285714285714285,False,4
0.95408305409377492,-0.29561161259879354,-0.048366314598448479,0.29361614126813057,0.9548951393167423,-0.044326453682561856,0.059288173170610657,0.028089987646847971,0.99784561186392529,14.471997905046875,1.4671140911893004,-3.2893799798759917,,0.2832803950474092,0.3255813953488372,False,4
0.85942803890057251,0.50046511077978051,0.1044898025823499,-0.50297641322442443,0.86429604310150454,-0.0026603794795241609,-0.091641550027318733,-0.050269501402579748,0.9945223997162288,-11.52648757487338,-12.233690000876422,-4.7343055013272624,,0.2656030642606104,0.4615384615384616,False,1
0.85297731001690313,-0.50591279991609006,-0.12838203720688116,0.51035287285976649,0.85996282173869731,0.001972407412016236,0.10940591282060366,-0.067202560280680265,0.99172282525492506,-6.1112612979746235,15.377015095425939,0.078343459435635934,,0.3814769241968665,0.2826086956521739,False,4
-0.45993373286761369,0.88288073960850488,0.094776373631837552,-0.87220459111451132,-0.42918234560601981,-0.23465222236084263,-0.1664935812853755,-0.19058886076697679,0.96744807278856848,-3.1264493275871414,-15.346914200612726,-5.4993862558433104,,0.1948460430174545,0.5,False,1
-0.16035999644138263,0.9865505955389241,0.031663764512655936,-0.97017653253305669,-0.15162857692658685,-0.189119724992798,-0.18177504576660994,-0.061046679688672195,0.98144339400473546,10.428149589481576,2.8694611106554224,-3.0123863645087323,0.1149020863715198,0.08519096137277199,0.425,True,4
-0.98426599594226405,0.17284430365111514,0.03667827595653872,-0.17288772708997061,-0.89924127244058416,-0.40183948009261389,-0.036473045574049165,-0.401858159845983,0.91497526540981056,3.2801375770353793,15.120320399318237,-0.32456106431255161,,0.4096545237110097,0.2352941176470588,False,1
0.45302351551973796,0.8895909560849441,0.05828915197541025,-0.87778089548131522,0.45652404869117758,-0.14521188826895454,-0.15578958217466904,0.014619296101039063,0.98768207550170306,-4.1238721253483464,21.034592278584302,1.0160553115711921,0.3439251678577608,0.2455599218358646,0.3846153846153846,True,3
0.038524497082649642,0.99475993460043577,0.094702352865514969,-0.9813205981981159,0.055538969704924855,-0.18418823631330508,-0.18848274901597606,-0.085837610392245967,0.9783180249619895,-13.417805035928161,8.1275232835852176,-0.89714228397064655,,0.1074342065420547,0.1764705882352941,False,2
-0.79933976996328637,-0.56817361163173574,-0.19553689984345435,0.5936170480461721,-0.69625608424024676,-0.40354214826630641,0.093138243616615851,-0.43864132523485133,0.89382272032670107,-4.172179318305723,-8.3531795588720836,-4.2240524466252509,,0.4960195122291938,0.2458471760797342,False,4
0.9710446388490499,-0.23835748037193419,-0.016063029392385013,0.23444631873112784,0.96371282359541022,-0.12764214535639565,0.045904607567650066,0.12018030283080461,0.99169020455763068,-7.5784225135899801,17.190942491634146,0.47513250158604187,0.3618531730886954,0.2733390856222267,0.8857142857142857,True,4
-0.96638315065335445,0.25656780587526906,0.016630307322661617,-0.25213417526459853,-0.9330510693334394,-0.2566009736524113,-0.050318622764703738,-0.25216792620013173,0.9663743442367394,2.4610998160338289,-24.871181737403692,-7.4757889886923863,,0.1881580965155095,0.32,False,2
0.8377173511316478,0.53238546984823587,0.12163614227460982,-0.53720430511224526,0.84341166332919748,0.0082644255182063586,-0.098189481014239563,-0.072266711940902589,0.99254035089935011,-0.707139503297748,17.990590271603278,0.37047300641745268,,0.2120539400951954,0.2058823529411765,False,1
-0.8123577255590172,0.55942978902113838,0.16466097558421477,-0.57006252343313535,-0.70229419443988117,-0.42639369581770808,-0.12289688808764287,-0.44025126417967608,0.8894240716815407,-0.97661344589155674,-1.025793360103282,-3.0981060690272306,,0.4595593345908739,0.2400835073068893,False,3
-0.52227075066455908,-0.82729074463091934,-0.20693788161739957,0.83826345461535012,-0.45345272830016131,-0.30281182911748766,0.15667687658559157,-0.33161822483868225,0.9303126943658373,12.1031767335403,-2.9603529564264495,-3.9200590351613385,,0.1957478055880177,0.2307692307692308,False,3
-0.69583190334201273,0.71797017181908829,0.018351966366103162,-0.70357940029753419,-0.67630919391231314,-0.21813276165363366,-0.14420121278406631,-0.16469580021284078,0.97574653656769805,2.3850967234448532,20.59760535447478,0.68272160755485356,,0.2204554302066609,0.4117647058823529,False,3
-0.3698253868029952,0.92046729262626126,0.12636908831393601,-0.91193443037060207,-0.3335939371609169,-0.23893656018726622,-0.17777732695892318,-0.20360512836065447,0.96277732302157026,-14.561225677329363,4.3430900342971617,-1.5178240325062322,,0.08998225834756181,0.3,False,2
0.75461387971523841,-0.60006873039486486,-0.26547205378986682,0.64423250955530731,0.75436157665397086,0.1261074355468598,0.12458878831253528,-0.26618814862880269,0.95583550015490848,-3.1541254020563527,-10.976497386830719,-4.7293180216939961,,0.4855462463845821,0.1858407079646018,False,1
0.62834488672248134,0.77758375816581837,0.023370972731862089,-0.76495773463180716,0.62304870134934165,-0.16324821583671689,-0.1415004153940366,0.084698375330462081,0.98630817580495322,10.414562630543656,13.274989333523926,-1.165723092211165,,0.1144683912112834,0.3333333333333333,False,3
-0.22293802605384466,0.97067027739405465,0.089988049889768523,-0.95774441787019071,-0.20088641485330982,-0.20584041966016337,-0.18172580052844306,-0.13207520929808195,0.97443926055509655,-7.6351213292002598,-18.586626002412665,-5.9730390636807416,,0.07362741164121042,0.1111111111111111,False,1
0.7155261147846399,0.69819447084628861,0.023385036687379873,-0.68671703100907999,0.70911951673468832,-0.15990381580198904,-0.12822674597474989,0.098356453096039964,0.98685556681365161,-13.88174315213946,-7.4239130756550242,-3.7218360121373446,,0.2981726982341319,0.9761904761904762,True,2
0.99164827694946156,-0.12870047969459009,-0.0083595065371830507,0.12663559447187298,0.98391959426377773,-0.12595895457075201,0.024436060155395366,0.1238483691866141,0.99200023206342891,6.34906030495313,20.447566164656614,0.42042975019537643,,0.1498052109780728,0.5666666666666667,False,2
-0.97077822521241897,-0.227358629724877,-0.076796425327305046,0.23905560523101102,-0.88815386067118951,-0.39247310402433422,0.021025105494649102,-0.39936295930454929,0.91655178341130927,11.30193642019829,1.8840056647855481,-3.1715877798154843,,0.5691322470276472,0.5666666666666667,False,2
-0.027807198113590805,0.99945157285442232,0.01798091354446903,-0.98223336965689412,-0.023979608042363137,-0.18612518886652141,-0.18559193750143116,-0.022837073301034006,0.98236149192520206,-13.40881093846572,4.9810132344734956,-1.4773916417368191,,0.1434040558598297,0.4444444444444444,False,1
0.9998887746831896,0.014788802182271434,-0.0019312153072580662,-0.014875443917469491,0.99823204263362109,-0.057545722931994364,0.0010767686880523986,0.057568050075725921,0.99834100395589798,-13.829442308525753,0.28596116045653147,-2.3356474384952568,,0.1669210041931576,0.3888888888888889,False,1
0.74802053553962511,0.62733604353083172,0.21659816919377306,-0.65267358059258462,0.75452002033484677,0.068678498166142271,-0.12034315770938916,-0.19274082961579325,0.97384213145229459,11.359328644065885,1.4170229744421547,-3.2270812740285328,,0.5187103006572812,0.2025316455696203,False,1
0.19455528268963468,0.98056230597868321,0.025412714757044558,-0.96351575735592199,0.19589956751065457,-0.18237528554050739,-0.1838086703732974,0.010996524128332422,0.98290052861553323,8.5205080565442319,-14.855092649017756,-5.9431745713896191,0.2793663555052209,0.224936763129141,0.95,True,2
0.059033533140897244,0.99206722748881415,0.11098494540954471,-0.98096115362810798,0.078256732232996812,-0.17773885037555401,-0.18501420766393359,-0.098379367770229376,0.97779918334984106,11.575996347881238,12.048680160615985,-1.4736564115484581,,0.1005547155122583,0.1666666666666667,False,1
-0.74793579334781546,0.66129126934263693,0.057322823729966457,-0.64792330862128322,-0.70859281471655133,-0.27944875930539237,-0.14417848374297035,-0.24615052310177599,0.95844795623043555,9.2501404352205121,11.541091159292515,-1.3627654886807614,,0.1453128634452072,0.3793103448275862,False,2
0.068160324263649125,-0.91670937911670625,-0.39369796092402759,0.98029949619010703,0.13486394622295539,-0.14430735871255368,0.18538356983750218,-0.37610587638141807,0.90784211280688476,-14.953589998820178,7.1767247756097809,-1.0047948704478342,,0.2403099272814364,0.5263157894736842,False,1
0.42057883673068186,0.89757890383633732,0.13215730582235907,-0.89179636324812073,0.43577903515741695,-0.12163831228151581,-0.16677136622241648,-0.066698904827806216,0.98373704184760613,-24.121403634679428,-8.0708267075349198,-3.56667667578848,,0.2188690970377986,0.631578947368421,False,1
-0.63985014637280968,-0.75646066914115984,-0.13549555796852994,0.75560279807222375,-0.5870915027036685,-0.29049609119328074,0.14020057678954426,-0.28825478919812803,0.94723438217382194,11.347305797042893,-11.217895074220804,-5.447684269927505,,0.210220781182118,0.2142857142857143,False,1
-0.13631361016025589,0.98552870141936089,0.10075603388257605,-0.97336417463957114,-0.1143135547209653,-0.19873247025909971,-0.18433877295160891,-0.12516225423715382,0.97486082437493105,-20.407180989828507,5.8177768980489324,-1.1272568872768385,,0.1496906807527118,0.32,False,1
-0.70755011405243196,0.69488936113501576,0.12845859989023367,-0.69388414045794222,-0.6487655638928973,-0.3124548651048219,-0.13378204560153772,-0.31021286061041975,0.94120685579024932,-15.341466277514261,5.3838849950032195,-1.3013978705724034,,0.07217187407621123,0.1666666666666667,False,1
-0.27721467495802965,0.92931364500092106,0.24398396095443739,-0.94392469987870442,-0.21602116537381699,-0.24968183167670799,-0.17932703350809048,-0.29951795493031896,0.93708634059383644,9.5084909730662659,9.1710506564310901,-1.8233407770063739,,0.3107510340454968,0.1212121212121212,False,1
