axis_00,axis_01,axis_02,axis_10,axis_11,axis_12,axis_20,axis_21,axis_22,location_x,location_y,location_z,dbh,dbh_approximation,score,reconstructed,number_clusters
0.83003195606963143,-0.54464594114387532,-0.12003229023360545,0.54739681140022367,0.8367920725748772,-0.011651529715456521,0.10678802728812846,-0.056034150938018036,0.99270161234711729,3.6724959288643717,3.3880163198060456,-2.445529301473564,0.2175069806949262,0.2923364694424391,0.4689655172413793,True,5
0.97156367925490472,-0.23587183583523585,-0.020700101748258006,0.23227479908351847,0.96640492671683986,-0.1100451513158584,0.045961232178694265,0.10210776012201311,0.99371100952916969,13.738902945833457,-5.3551129782485516,-2.8095452633180811,,0.2402493613935502,0.9548387096774194,True,5
0.4446199602953182,-0.88980167417233857,-0.1027913982154816,0.88551819025955347,0.45392254927160491,-0.099054802923498553,0.13479846299730416,-0.046981910379115886,0.9897585940373006,6.4775636969505879,-10.288956225332727,-3.3389710987589236,,0.1263339011438404,0.1666666666666667,False,3
0.40867885144270244,-0.90509771471968203,-0.11738706569584773,0.90742102692667548,0.41673503851960747,-0.054027655523793613,0.097819610890710673,-0.084439531496029382,0.99161549465804544,5.4009382546134956,-9.2053168665863723,-3.2761205776854316,,0.411661928550409,0.2962962962962963,False,8
0.0044119296750501557,0.93999133016132919,0.34116980244165707,-0.99828511868894731,0.024055489424039664,-0.053368110635153704,-0.058372567878572035,-0.34034928037254147,0.93848548772432117,-3.590790086983271,10.113407162661698,-2.229705165705937,,0.2815885629765081,0.3186813186813187,False,3
-0.23234315304716041,0.86515734522941123,0.4444315776671382,-0.96364711916783796,-0.14278809947663268,-0.22582247090884972,-0.13191242910215425,-0.48074351440601776,0.86688222060722919,-5.4414128278904093,-1.701147894906601,-2.944340633130341,,0.3298015780081702,0.3958333333333333,False,4
0.77764046481717675,0.62847448629504477,0.017179276908672995,-0.62457542887702344,0.77536724544336411,-0.093333639898226919,-0.07197806000447142,0.061850260870504582,0.9954866669665865,-9.739805841067831,16.145648073760064,-1.8447377834148659,0.2100943508874649,0.2266814653107907,0.6428571428571429,True,4
0.23648445693486422,0.97163490680860254,-0.00084231779045468302,-0.96329701808388613,0.23434160843689064,-0.1309307660785016,-0.12701951259123373,0.031774493327964226,0.99139115640338249,-0.40819394447525026,0.49562598338409636,-2.6841462102666211,,0.2488053240506506,0.9772972972972973,False,1
-0.059329487124213341,0.99272566044210542,0.10476533328044739,-0.99085243137828449,-0.045821988275009176,-0.1269322836092793,-0.12120837920424236,-0.11133781249113135,0.98636322940404175,6.9533731999132824,-8.5176206946598398,-3.1650831591232338,,0.2278831467181262,0.3478260869565217,False,5
0.95920998346272623,-0.27168649989705829,-0.078119481559476275,0.27493931939187649,0.9608520698927292,0.034229671853363577,0.065761525816904476,-0.054311560063608176,0.99635619944158982,-14.573330965868417,-11.465242548348808,-3.7972315373402483,,0.147728211558265,0.2380952380952381,False,6
0.9877897369351798,-0.1547151486713268,-0.018293670411850156,0.15222644351326731,0.98348097195390272,-0.097940225137115755,0.033144313250242842,0.093959568837964025,0.99502414740696321,-3.8190469203024415,-8.8691154809925195,-3.4223134845212972,0.317794425840585,0.2641662024336586,0.9960159362549801,True,5
0.92937790299121903,-0.36787794852285816,-0.030373152985122977,0.36400243738448529,0.92702776598849945,-0.090120733821501708,0.061310186835454104,0.072700316897420486,0.99546759109135086,12.678148041025713,-9.6858786330801916,-3.0720443092666638,0.2113375861568548,0.267666977956422,0.9294117647058824,True,5
0.53296015456456869,-0.8446222541989048,-0.050662820277509228,0.83764479035220474,0.53512582264251374,-0.10950597763128471,0.11960216905358255,0.015924875294108062,0.9926941721922945,3.7048431320147404,-18.652417086375127,-4.1814135019526235,,0.1854157887687488,0.8444444444444444,True,3
0.62077080891097647,0.78398331528424603,0.0037100080775734111,-0.77790246280566111,0.61653076818592523,-0.12148074020584916,-0.097526207579808066,0.072525672944115896,0.99258685544344438,-1.2430489799017763,-10.990320704134305,-3.5954922231615898,0.2043023849203774,0.2380252161219751,0.8367346938775511,True,5
0.99839019773111648,-0.053816332776430567,-0.017911320468311842,0.053146646520530257,0.99793860202070617,-0.035971941295688765,0.019810276071875015,0.034962106965329511,0.99919227581006709,15.961558256694055,-17.721509896409902,-3.7695290832218351,,0.09948352408943764,0.4230769230769231,False,1
0.58840371179910989,0.80087549916240974,0.1112632319429606,-0.80226648758189745,0.59540996116985412,-0.043075062887008644,-0.1007449991018758,-0.063917235399192918,0.99285700489793061,8.2815046776406014,-12.968504069296676,-3.5155190235927938,,0.0845655522832289,0.3125,False,5
0.9675847396427576,0.25246947102733869,-0.0062400167974010811,-0.25163199888762916,0.96168549204320775,-0.10882256902604572,-0.021473442813675275,0.10686524501814494,0.99404160408955666,-16.115372114568874,3.2523531401918611,-2.6459078478917832,0.2393218845800405,0.2139973982698589,0.8979591836734694,True,5
0.95021986388650925,-0.31014278821178187,-0.029894166583552016,0.30784432477890561,0.94930842457560982,-0.063603354716499347,0.048104905954830718,0.051234421534695658,0.99752741920865617,15.228178561312051,-9.4219877054202996,-3.0448747585606326,,0.112194128860536,0.8771929824561403,False,5
0.98564671687218841,-0.16753007501478703,-0.02083802976807923,0.16521480149116252,0.98259192812409457,-0.084953941365949359,0.03470762001796359,0.080291822441100225,0.99616695606799532,5.9499084461393608,-8.037298167403339,-3.1749450369250614,0.3340844804670436,0.2027149803670867,0.8294930875576036,True,5
0.99906508691089468,0.041587621213211926,-0.01180770416102812,-0.042594698363525932,0.99362647868391007,-0.1043652841204136,0.0073921436030547315,0.1047706572473459,0.9944689364645396,-10.285181903497103,3.1072224207534975,-2.5561367317062711,0.2885696943608331,0.2373338588351705,0.9779411764705882,True,5
0.99956932338072069,0.027548867420290928,-0.010110769509170886,-0.028399699752836297,0.99489313840877491,-0.096856079835428502,0.0073908599064714539,0.097101509004738934,0.99524704075864778,-13.786561114507297,-2.6712677947766399,-3.140220444915788,0.3662041490541675,0.3108355734559309,0.8333333333333334,True,5
-0.40174728470037613,-0.90938115503164318,-0.10781945144169218,0.91131479456897257,-0.38544591802298328,-0.14469550607786347,0.090024799003298239,-0.15638848791625357,0.98358435144713519,-1.7341838404552916,-10.552514591216339,-3.5639996908155371,0.8162061619663198,0.3302413469193245,0.196078431372549,True,9
0.75873844892603171,0.6513805664979524,0.0043958742165165167,-0.64673506880621046,0.75409878497691352,-0.11431873543986619,-0.077779926057735968,0.083895053996947133,0.99343439794346955,4.0643686901229463,5.7863937078688519,-2.3683179707677202,0.289098881332097,0.2606886852645445,0.8715083798882681,True,5
0.93502053402794638,-0.34643129894287472,-0.075643612148328043,0.3496463467945265,0.93626273535981142,0.034051762800264757,0.059025698804299927,-0.058287610084101382,0.99655332089725557,-7.1169616972728882,17.694324659525623,-1.7743459272529325,,0.1843744611516927,0.1944444444444444,False,1
0.9408231785563208,-0.33844771022680731,-0.017461217981912393,0.33424620890024531,0.9351845291063644,-0.11708701190106727,0.055957291991253488,0.10432182879118888,0.99296814526482535,4.0355972117711598,-10.932386499490537,-3.4306945980802062,0.3495160079389348,0.2763694439884376,1.0,True,5
-0.20668928025433317,0.88747903080954271,0.41189866630192173,-0.97059731037852248,-0.13290020537176409,-0.20069478443179006,-0.12337099543217393,-0.44126919820615063,0.88885380811502246,4.2289462200214905,8.9978600786131544,-2.1478569782442425,,0.2789576525945544,0.2583333333333334,False,2
-0.85578663112864828,0.4985046716645144,0.13828352870148536,-0.51126715282928226,-0.77418396835364522,-0.37315557289425832,-0.078962905337374795,-0.39004137661645261,0.91740535430518633,-16.753711839321667,-8.3069005235704623,-3.6037572574079602,,0.2035245947332521,0.2307692307692308,False,2
0.96157773688439419,0.2743186636642761,0.010840972914448986,-0.27318589323909637,0.96002059095995784,-0.061073174700924569,-0.027161068893602709,0.055765004244045714,0.998074416382976,3.815733516865778,-13.444145144323697,-3.6432934942411253,,0.1165837856900454,0.2222222222222222,False,2
0.73555853084661793,0.67706074119608473,0.023289491831597633,-0.67341184418102018,0.73448285884219511,-0.083972722855189724,-0.073960366518041901,0.046083433010198606,0.99619585493341234,-2.8356905817691085,14.516185319012429,-1.9486469234801962,0.2358973761496738,0.2276490947141648,0.2,True,5
0.88800899716296633,-0.45951794873883289,-0.016830797499741205,0.45403874939615096,0.88203395654296612,-0.1259559984754165,0.072724376961245202,0.1042082256446924,0.99189304398386768,8.6097234523490211,-4.7527617795547643,-2.814860205928118,0.3889900545477101,0.3200551068666455,0.9951456310679612,True,5
0.86862540684102518,0.49546770462063261,-0.0012869608480698992,-0.49263085741794904,0.86336854557687026,-0.10913108094459294,-0.052959804662773446,0.095428026210545927,0.99402653430561894,6.8006455410236857,21.762918027236708,-1.673893813847972,0.4218935852413758,0.2911190788385805,1.0,True,5
0.62835964570890712,-0.7769624651294974,-0.03864561326298107,0.77042819289303877,0.62841669334040862,-0.10739115013199896,0.10772444123848463,0.037706595059773133,0.99346547874038149,8.6238397797385726,-10.121121282344763,-3.2432260111290585,,0.1236533657276455,0.5074626865671642,False,5
0.81386840829215357,0.58095497624138159,0.010465637313278205,-0.57750635309638254,0.81076070260087296,-0.095673900576155102,-0.064067356097419814,0.07182199313939637,0.99535771217395619,1.1269423136327252,15.811721713021837,-1.8478555444189182,0.2755749443616416,0.2818615206149594,0.9885057471264368,True,5
0.99884826418046768,-0.046636514419067389,-0.011277440600833098,0.047930289046336255,0.98061513443960691,0.18999117216314232,0.0021983028908387613,-0.19031288351246806,0.98172102648031756,-6.4958842775749837,5.0013367425980801,-2.4605745749727146,,0.4969564069574248,0.3482142857142857,False,4
-0.81531298506758232,0.57367660643620433,0.07848495147497081,-0.57231060568251546,-0.77785158865200055,-0.25962949881489056,-0.087893725620777782,-0.25659707180597219,0.96251370677881798,5.0153222037465088,12.654268863534901,-1.8506270615195035,,0.2321793894794549,0.4,False,4
-0.99999430435501702,0.00017481155958495902,-0.003370563520359591,0.00035658029992365764,-0.98759650627704088,-0.15701278177229094,-0.0033562044061483626,-0.15701308935977915,0.98759081894359624,15.989514956830176,-6.7191922564485305,-2.8716005091558787,,0.1712986393848553,0.8412698412698413,True,5
0.76599117888953894,0.60764410607310981,0.20982410304353968,-0.63675775358445108,0.76201059260429582,0.11781095029297407,-0.088301059526474643,-0.2238492732028888,0.97061548811722609,-5.0448946617360999,-1.8119885037529262,-2.9310462928771348,,0.5690581427846904,0.2773722627737226,False,5
0.98483841364661995,-0.17275211142110683,-0.015811609834529072,0.16994691670189313,0.97908433322430144,-0.11185666693695726,0.034804374861929582,0.10747360808251974,0.99359855024863841,-18.003688499685495,-0.51048085750241556,-2.9826941198841443,0.2441807341500006,0.160318016523121,0.7916666666666666,True,2
0.43469203863882744,0.86725248330508065,0.24272610437526371,-0.89229410174958113,0.45122985501732105,-0.014242679662058749,-0.12187726419200856,-0.2103918918167208,0.96999030115298235,8.5249189644186387,-12.823132045529183,-3.4951968526365169,,0.1915036998813443,0.2571428571428571,False,5
0.82983899693684771,0.5579419998226185,0.0082440279466077307,-0.55425335038967782,0.82588270634769334,-0.10354216019393862,-0.064579120036310417,0.0813540422458989,0.99459089934786227,-9.1946886234223584,8.1075495018685881,-2.4251685191178747,0.2864799933909707,0.3162571445630145,0.9631901840490797,True,5
0.8534851499716587,-0.52064439555702724,-0.02219261482820813,0.51483786051983438,0.84902713439797883,-0.11872195429370321,0.08065405230498579,0.089901826627794251,0.9926794978318888,-3.7342407890245233,5.8294031931600179,-2.4274741905708108,0.3082885440082724,0.2897000381818333,0.9724770642201835,True,5
0.5998155515466761,-0.79903034026083075,-0.042092985940855705,0.79178758662070237,0.60031420519799272,-0.11267330078978474,0.11529840326786772,0.034254494306039961,0.99274010084398101,-11.36062019245556,-15.087662719150506,-4.0404011693331734,,0.3378328149223212,1.0,True,5
-0.24343999030533098,0.92827803156963717,0.28113496265199739,-0.96078766496667767,-0.19112310121756845,-0.20089555253628327,-0.13275554213674062,-0.31901701566872359,0.93840508829918545,15.706799940432076,-6.6172457674644729,-2.8764185560002224,,0.3547802595625067,0.1428571428571428,False,1
0.94387866334010206,-0.32955038136130432,-0.022127246460427817,0.32600100470877258,0.9402863185659508,-0.097902931756721434,0.053069895611094466,0.085194983786073389,0.99494994895095989,-4.3705996547743391,-16.079937304206336,-4.0669632631388239,0.3840466677642039,0.3065234337765846,0.9541284403669725,True,5
-0.59171064799545436,0.77933886068857505,0.20617819785184172,-0.79788020423160055,-0.52962208873769046,-0.28790210630779545,-0.11517677172129313,-0.33486024449277263,0.93520207865150839,0.17634277601504478,23.458702133748314,-1.5710567165215688,,0.5383855866414078,0.4583333333333333,False,1
0.60856895863166738,0.79295446714031925,0.029445468788581369,-0.7874969908903815,0.60810453138126752,-0.1002864310470865,-0.097428496491328898,0.037842990840847503,0.99452279818798406,-6.1773217639946409,21.881974671578018,-1.3571594465417303,0.3634763683662652,0.3492250531160057,0.9879518072289156,True,5
0.9293415814617848,0.3647036327993125,0.057580249991580422,-0.36817900761380029,0.92708869128035765,0.070361757031717903,-0.027720810208680044,-0.086589945854341113,0.99585829210702281,-1.8646978363311044,4.2135283859088286,-2.5246995344451122,,0.262680184950788,0.2663316582914573,False,5
0.97818167033364234,-0.19952466317848405,-0.057883750801045693,0.20388401377244036,0.97546849041163841,0.083021281260158758,0.039898981833180185,-0.093011467021822114,0.99486528648411676,8.7414206564082377,1.4028191617617807,-2.4022510615224641,,0.2890434978766585,0.2619047619047619,False,1
0.99786392002897317,0.064753092041121077,-0.0086391073338061876,-0.06528389436395117,0.99324433342354146,-0.095935953941683957,0.0023685947495021573,0.096295021642546802,0.99535001811713142,6.6227493372421646,14.801330085503198,-1.6848662919628787,0.2841876377045742,0.2542150930948606,0.9305555555555556,True,5
-0.88805862834065541,-0.43173144321880463,-0.15798681453185187,0.45881781909983427,-0.81067836623558387,-0.3637125175108446,0.028949637410255795,-0.39548520510104151,0.91801599715909199,-6.3326798048568023,6.9458997938726164,-2.3112579529979822,,0.4326357218031809,0.3580246913580247,False,7
0.80349168729602638,0.59494308498066961,0.021067370027337825,-0.59060252484163067,0.8010750851947348,-0.097300388133551463,-0.074764738325470287,0.065737611106066907,0.99503205998057775,16.212355814457823,0.88343690935144847,-2.2780582113990415,,0.2656191169974356,0.9764705882352941,False,2
0.97766422812262155,-0.20905067163642388,-0.021690406583518326,0.20585281908748385,0.9732724183369571,-0.10181068990173098,0.042394267573977309,0.095071638215036461,0.99456729771492836,-1.1923289088089533,9.3555197340589675,-2.151764083962262,0.3841361842764204,0.3510759494680134,0.9954128440366973,True,5
0.76579384836231612,0.64299300145050831,0.010944491587145389,-0.63864025053695739,0.76238721328645132,-0.1044239791016022,-0.075487828187905115,0.072977647968307857,0.99447264954471604,5.8525629639935186,-13.938872562444685,-3.6362431061673632,0.2770690236709286,0.2476058869849531,0.8785046728971962,True,5
-0.11813066880272863,-0.99199663167680552,-0.04458506285844277,0.98365782180103989,-0.11075770727590403,-0.14195076572043525,0.13587654211766204,-0.060625184707812738,0.98886912798473492,-15.203889109764155,-12.428521867347582,-3.9227353029762559,,0.1131542971471942,0.5555555555555556,True,5
-0.92965756077068107,-0.32925651602272266,-0.16530870018993565,0.36649116376907426,-0.78055317196691654,-0.50638026483224485,0.037696771494346228,-0.5313444197401187,0.84631676163830027,11.806115597960719,-9.1153617127491202,-3.0583268509743289,,0.4796504499427084,0.2941176470588235,False,1
-0.19847767963719548,0.95539839337270593,0.21867903563599045,-0.97096262340633266,-0.16126510810130434,-0.176706391669816,-0.13355970437870335,-0.24740144472077483,0.95966365488974659,3.5620150215715474,2.0535598361670035,-2.4869537272774953,,0.1639108669531434,0.3103448275862069,False,1
0.9998645589994164,0.011525843020320125,-0.011748131748244121,-0.012238120896529078,0.99797128932694668,-0.062478268830321225,0.011004183469258386,0.062613581767719445,0.99797717775728367,10.688494405859624,0.95441510818508324,-2.466301066572631,,0.1215494192310942,0.375,False,1
0.38593463042148163,0.89709726565760439,0.21510685017238459,-0.91607429550099639,0.40020036007454618,-0.025447139693045767,-0.10891439833092821,-0.18723292377638609,0.97625892369307377,5.9458204714288678,-11.773970877335035,-3.4538595326337096,,0.1508241109582087,0.375,False,4
0.67008550869768979,0.74178792667247739,0.027130847320087942,-0.73669129286822033,0.66907076325393644,-0.098133851299871802,-0.090946962816294344,0.045771012679892177,0.99480332948414951,-3.1955506328149914,2.8096966280054518,-2.5571717443303115,,0.1945147863581024,0.5694444444444444,False,1
-0.38500955281205451,0.91758072169241156,0.099061917111946549,-0.91616276992374757,-0.36702792625379183,-0.16104744752862965,-0.11141554312171811,-0.15276164612975821,0.98196255337085969,6.0746040064987303,6.2012191810805524,-2.2545966093928902,,0.1638140310885414,0.2702702702702703,False,5
0.58818285308899709,-0.79663246860421233,-0.13934719694936612,0.80115914147389711,0.59748170702560521,-0.034053484441047388,0.11038551247738725,-0.091609605038591252,0.98965787972398689,5.3256576738097872,-10.088650257066282,-3.3383605163833656,,0.1733526964996377,0.4,False,5
0.23542149913741664,0.967400394589922,0.093344492559303799,-0.96284398448327746,0.24522718201881469,-0.11311538685553291,-0.13231847674552852,-0.063246389196331312,0.98918740133776939,13.632410554103691,-0.94894079828658617,-2.5058481462867297,,0.3748833642469722,0.4776119402985075,False,2
0.381938881667724,-0.9039053539789621,-0.1925559703529755,0.88988889906175406,0.41592786499888001,-0.18735463283338744,0.24944024935256226,-0.099795401525526073,0.96323436392047979,0.71103503811998081,-6.4382352678330044,-3.1358343881066371,,0.3289491040922459,0.8881789137380192,False,8
0.909431335743068,0.41551450634362641,0.016802993381849464,-0.41348824158033226,0.90782289103516856,-0.069893294294605057,-0.044295819705508034,0.056615311803079181,0.99741294699139349,-28.311311976405939,15.469284634335059,-1.7667563936625543,,0.1132749873406341,0.3333333333333333,False,1
0.98576792102851707,-0.11272858530456667,-0.12471516317732462,0.11239578377545778,0.99361593529766234,-0.0097242435208245853,0.12501517372149762,-0.0044316111949012811,0.99214493253838754,23.938593058868353,-7.4238144179124435,-2.5935919439729287,,0.2846402246555564,0.9180327868852459,False,2
0.87882232401548965,-0.476152528893307,-0.030823563073070638,0.47040954686370084,0.87541868303471204,-0.11116198816706695,0.079913584774421773,0.083191938445236327,0.99332417686585228,-15.709871417772186,-5.0496475607320148,-3.3957741995226072,0.3252026277496606,0.2359366373423439,0.9122807017543859,True,5
-0.4921528079960184,-0.79113539759999529,-0.36316717396528281,0.86427068232217363,-0.39421768913649347,-0.31245575886874932,0.10402788693421164,-0.46765072034177269,0.87777047256319951,-7.9931020631789478,1.2717503147988913,-2.7262361382974598,,0.4517827312304198,0.2755905511811024,False,2
0.98391910151918038,0.1786042554611163,-0.0019291440772206082,-0.17856243028900465,0.98331273045583856,-0.034807077050059775,-0.0043197401512891113,0.034591820632409773,0.99939218817757536,-16.766241801165791,-12.071519110710874,-3.9565746549475844,,0.1968897910002852,0.4680851063829787,True,5
0.99906076440705394,-0.037173479594816206,-0.022264802653684433,0.036060315762516192,0.9981735686147224,-0.048468345815165792,0.024025874583485297,0.047619946805562974,0.99857653588332196,-19.802991566655759,-7.2933600667025695,-3.5968503527871092,0.3814442140072681,0.2337023705477362,0.5,True,3
0.99282257209586133,0.11951377370300255,0.0044495204488257337,-0.11949716619309966,0.9928271588156079,-0.0038288366307396293,-0.0048752034599315779,0.0032696503473128098,0.99998277074049113,-0.0094606422929319062,9.7008970149000842,-2.0811115721144251,,0.5332184874853432,0.2892561983471074,False,5
0.36758651978886242,0.8976681337425545,0.24304746888760514,-0.91591991664640438,0.39473098926928762,-0.072650894013311026,-0.16115476027705786,-0.19590652815475235,0.96728991283192622,11.626328047102902,-9.5730558612840237,-3.1280765862347284,,0.3771990197508392,0.1481481481481481,False,4
0.97867731180199002,0.20531396009166597,-0.0060743028825614017,-0.20473305675846518,0.97266691055140564,-0.10956028746183309,-0.016585983069035738,0.10846777821022359,0.99396159194194844,-20.245880785150064,5.9241694714473878,-2.5013146977563352,0.3501472109634787,0.269603305366415,0.8115942028985508,True,3
0.97712579425289703,-0.21178636484283112,-0.019279986314933155,0.20944775144930891,0.97409666723748345,-0.085248591130032927,0.03683505963716318,0.079260447535237699,0.99617315755748037,12.840382029000246,-3.7707018663310081,-2.722248452113682,,0.1268237354256508,0.4074074074074074,False,3
0.69649042940235306,-0.71719865723734277,-0.022960135188553044,0.7099556678849005,0.69339847683525679,-0.12313205090734469,0.10423066434130214,0.06945961689713219,0.99212465458301802,-10.412164674926426,-10.715978412627724,-3.6363730159454306,0.2639009432310734,0.2680764737862161,0.9831932773109243,True,5
0.92293794557524933,0.38479852759751842,0.01075368662934479,-0.38226312718129846,0.91943536332613829,-0.092268706845324386,-0.045392182310554897,0.081047552857047497,0.99567607381164458,10.405062566167576,-2.9703330108449526,-2.6292552521308981,,0.08900149080280124,0.2427184466019418,False,5
-0.99163097958882462,-0.12858383968915221,-0.011584320890861446,0.12830016000563782,-0.97147607344437892,-0.19943246392606032,0.014389901397707395,-0.19924967978866637,0.97984309756301213,4.5728818764414232,-13.804829523729763,-3.6689782511440279,,0.2345269722826442,0.3720930232558139,False,2
0.12076810525676866,-0.94607654473277081,-0.30058981396446338,0.98297828076991378,0.15620635238196678,-0.096712331220708742,0.1384513065569023,-0.28379349355124656,0.94883744062440123,-0.59655707718919393,-9.8664567707086857,-3.5079551337192174,,0.6115722339682635,0.3157894736842105,False,6
0.96226622319366251,-0.26754913847936229,-0.049610222732366982,0.27101353665414757,0.95867543939684141,0.08656249099629551,0.024400382185840713,-0.096741203198139544,0.995010432584986,4.1186589796868551,0.33365449328795932,-2.5835861893959677,,0.6517315187454972,0.3097493036211699,False,6
-0.96388727483852799,0.26480578023015733,0.028270482151066277,-0.26248021968585883,-0.92671571931960384,-0.26889051645532702,-0.045005062804305426,-0.26660058950168669,0.96275576861389622,-8.5769629122237028,17.221594940071924,-1.7925016854764575,,0.2026908930044471,0.3125,False,5
0.99338333302042292,-0.10752891239027619,-0.040337162485754169,0.10815341901689486,0.99404081491269924,0.013627040862010997,0.038631484985615097,-0.017899477306984244,0.99909319739448998,-8.2162863281267207,1.1402168156433925,-2.7276873064816312,0.4009906781310328,0.2515702694971629,0.2432432432432433,True,6
0.99508783738595363,0.098491571688028662,-0.0099802902246759889,-0.098989381820151212,0.98879215331069825,-0.11176394695096228,-0.001139374131334644,0.11220288702887782,0.99368466525803589,-5.2353932340467786,-0.24041540485853241,-2.8431622357894764,0.3805733658982524,0.3382615676166228,0.99568345323741,True,5
0.98713013743712852,0.15910788525754013,-0.016086410793869632,-0.15972748494446548,0.98586869766822938,-0.050497935712905603,0.0078244690983568128,0.05241747615846009,0.9985946053712218,-11.056092319521257,-21.013790185856433,-4.5768240749904141,0.2484520412343802,0.2227461684251181,0.3181818181818182,True,3
0.77565692069920711,-0.62131954299561221,-0.11098813838941672,0.61977569708463098,0.78304460864470893,-0.052146200012227396,0.11930811654990048,-0.028340189910776938,0.99245272278388008,11.958342913508513,-6.8231919336087712,-2.8553034778357804,0.3733965853685439,0.1641306744868958,0.3,True,4
0.89598041047629806,0.44409090208387481,0.0015410155919587916,-0.4410502682654403,0.89024057600263318,-0.11378215018834437,-0.051901492326399193,0.10126691229039395,0.99350452820782975,17.496113392788502,-2.6659690909324665,-2.4858875633195741,0.3047935734205489,0.2754404488480741,1.0,True,3
0.93887666399321967,0.34324671698910592,0.026311615023870579,-0.34263868327758257,0.93913336181552942,-0.025045188098054463,-0.033306794063195373,0.014498965523898368,0.99934000093460174,11.724839689029846,-19.744374084961869,-4.0653683479317264,,0.1095919588729205,0.2631578947368421,False,2
0.78268703783624527,0.61912122723305396,0.06395237910008382,-0.61922558217969614,0.784943680065742,-0.020569333948035395,-0.06293392707705342,-0.02350159812197369,0.99774094619213327,-21.117922177853892,14.599772784429826,-1.8275933489722243,,0.243829173123937,0.4285714285714285,False,2
0.84765047458808596,-0.52769073993390114,-0.055055934454013467,0.52391976200799595,0.84889078536858553,-0.069946533107731884,0.083646613249299034,0.030445319908285647,0.99603028397112736,-19.163471058874773,9.7183783697633466,-2.2497096319556333,0.2685994658273227,0.2319416931942275,0.9583333333333334,True,4
-0.99548933070664714,-0.090447990452338853,-0.028638321744916456,0.094873340606695847,-0.94840086034455173,-0.30254728116418417,0.00020418461641632819,-0.30389960368655905,0.95270404071138237,7.2958014090479608,20.95530742588754,-1.6046684225232468,,0.1836935267297652,0.3333333333333333,False,1
0.78890183842367134,-0.59920145220344267,-0.13635068393314217,0.61022223395535335,0.79005182036364741,0.058710700273657865,0.072544569185350585,-0.1295211983320522,0.98891938228772713,-13.754539526450982,-1.3940545387347494,-2.9936483089011752,,0.2459799568290775,0.2777777777777778,False,2
0.40320142962693417,0.91471598074453864,0.026893897399829524,-0.90700086628116394,0.40335938767811269,-0.12103979898014826,-0.12156494442072137,0.024410631751230399,0.99228326870178152,17.223840935977872,-16.521197325956926,-3.6270677633168793,0.1980729566154726,0.2214476365366196,0.8409090909090909,True,2
-0.036817104223149592,-0.99843071377116521,-0.042197282317973706,0.98831062588735341,-0.030127754403925646,-0.14944706478457268,0.14794123020567748,-0.047206230658439367,0.98786890030623642,8.4454273184316087,10.461233722465233,-1.8679541594319042,0.2426095290760236,0.1369445748331353,0.5625,True,5
0.99877477562344497,0.048018490756421506,-0.011965455436868184,-0.048423216625431482,0.99817039365460702,-0.036208525557557429,0.010204884613886167,0.03674356783004662,0.99927262073627099,-13.307616076434071,-21.747170898048104,-4.7078085697847172,,0.1576439891000875,0.3333333333333333,False,3
0.85400216468103118,0.51983839474560201,0.021174184008620173,-0.51680879594281404,0.85230512745718023,-0.080527250954817275,-0.059908022469897189,0.057827442088659961,0.99652747869049296,-17.63444321338109,13.656465313670768,-1.959960281290152,0.2606780627101659,0.3055829099392871,0.7796610169491526,True,3
-0.9040535445857304,0.42371057525535671,0.056183066298951388,-0.42315859488046287,-0.86876198050568376,-0.25727305495647024,-0.060199602164549879,-0.25636296465093644,0.96470411953853175,16.947732324365166,-3.5439984790775747,-2.5584215752098696,,0.4970532833662785,0.4476190476190476,False,3
0.95548952798444586,0.29483560830384703,0.010570051473863182,-0.29383590292246548,0.95424089956866642,-0.055540685484791803,-0.02646174721742757,0.049962682739036791,0.99840047389197395,8.0719610086245428,13.245129964552344,-1.6991999335461168,0.4006137597101729,0.2485879214167056,0.9824561403508771,True,5
0.39989810276919102,0.8452831425514854,0.35436974520955672,-0.90499159919371297,0.42537821395603731,0.0066015513613932875,-0.14516098921682374,-0.32334159028782011,0.93508208366952283,0.53881913100604784,10.319085344437205,-2.0573398009041699,,0.3762211642416021,0.225,False,2
0.25473560631177827,0.96201490808520618,0.098168668620823185,-0.96540088437731264,0.2588530480817825,-0.031563142148313614,-0.055775472391320691,-0.086731863352430424,0.99466913119838107,9.9618127524880649,7.8738219230822741,-1.9989078745310112,,0.2505202756741907,0.2083333333333333,False,3
-0.77481125699455522,-0.59536746433714893,-0.21261490644653921,0.62773804861910432,-0.68468313293833971,-0.37034301638564532,0.074916342345284437,-0.420412404525001,0.90423500914923149,-14.452714739415995,-0.066142844492451502,-2.8849592546520331,,0.3258598711195907,0.2666666666666667,False,1
0.87712374953753947,-0.46053877066067433,-0.13622763565283941,0.46960368247760209,0.8818609729225112,0.04235098392761813,0.10062956524145118,-0.10112005317698695,0.98977190576657614,-4.050453158215805,9.2601295360062554,-2.2578579497253255,,0.2478187499417852,0.1538461538461539,False,4
0.10603550962962489,-0.96785208728404271,-0.22807632020336818,0.98688965216859503,0.13050013550077982,-0.094965936402635509,0.12167697045923315,-0.21501639884948692,0.96900085814495707,-1.9890496749158086,11.967799707335487,-2.0544381397265945,,0.2475494960659442,0.16,False,3
0.91561932821465131,-0.40061702070615185,-0.033871057265431645,0.39676212106023695,0.91398685031363958,-0.084899097436516316,0.064969724422483249,0.064296502037667819,0.99581368474940524,7.3300568732446321,-18.248695740422324,-4.0364861965013352,0.1525553049443282,0.1568842368649063,0.5,True,2
0.8718688685863315,0.4897367093201912,-0.0016222004254779722,-0.48682049272908712,0.86630656991949917,-0.11188715195821279,-0.053389922728905546,0.098340644997590487,0.99371959510339691,5.0989651527281223,27.97629704487942,-1.5320249495651925,,0.3211279998330069,1.0,False,2
0.4644771373786577,-0.87650295548410884,-0.12650516938113227,0.87702542735545586,0.47508348183905119,-0.071568743566331083,0.12283073159640079,-0.077706205101685175,0.98938079477225904,-2.6903426511725095,10.599900766258077,-2.1675300809488349,,0.2161221915814142,0.4888888888888889,False,2
-0.76118307327811907,0.64797886510256397,0.026902032177317611,-0.64155145086394494,-0.74626406248868282,-0.17748714018838982,-0.094931895847726294,-0.15235924461048969,0.98375535359787292,-0.15212572688026799,-20.975441296083993,-4.4234112727355965,,0.2426314654206645,0.6666666666666666,False,2
-0.99670693742558492,-0.076750314023119895,-0.026166203107493603,0.081070822490853511,-0.94984929743982738,-0.30201628084214582,-0.0016741052435912031,-0.30314303793822794,0.95294359535138018,7.5591591382602443,13.652783330709958,-1.6979444638365888,,0.2724777999347887,0.1666666666666667,False,1
0.87971334408174706,-0.46231507755840473,-0.11121691106426143,0.46962890748592589,0.88139849823150607,0.050846598399711784,0.074519269307243147,-0.096961107550460474,0.99249454513589297,-17.468847378994006,17.220845706358723,-1.6394548052450366,,0.2147199374996261,0.2580645161290323,False,1
0.99679969189845152,-0.075214312775688227,-0.027077322334990488,0.076574000285644706,0.99563948072926267,0.053277076622294833,0.022952052444305218,-0.055179992450567712,0.99821258844083383,-6.8791516843337339,7.7149729954609088,-2.3099979327428777,,0.1058924661521286,0.25,False,1
0.98088669524692662,0.19456329165952621,-0.0025331060326364823,-0.19409437792814571,0.977437868057908,-0.083322185179560915,-0.013735484856695117,0.082221284501162603,0.99651944127083125,5.7558847381404732,13.553567571225228,-1.7837849586207544,,0.3382739621577517,0.2857142857142857,False,2
-0.91833928182990354,-0.38410873563765774,-0.095464352797142438,0.39361233874770934,-0.86102323878279285,-0.32203774477776448,0.041500484740491096,-0.33331585843285366,0.9419014005104116,5.88376207497328,21.894449342785634,-1.7336598637657858,,0.1664970190730457,0.2857142857142857,False,1
-0.23535767051557224,-0.92468882716898448,-0.29926132365932501,0.9635662680180398,-0.1817436370981188,-0.1962378595280086,0.12707011476846311,-0.33454420228602882,0.93377372133163739,9.267877173144571,10.007945281386863,-1.884685707951804,,0.3555956609691567,0.3809523809523809,False,1
