axis_00,axis_01,axis_02,axis_10,axis_11,axis_12,axis_20,axis_21,axis_22,location_x,location_y,location_z,dbh,dbh_approximation,score,reconstructed,number_clusters
0.97077953761145264,0.22640473119499951,0.079548645792457573,-0.22833363365894926,0.97345258290306891,0.015931747532659551,-0.073829811695510769,-0.033629845849538154,0.99670366326864757,-23.244889557137153,-15.328168962918992,-4.8871933340176286,,0.2287394688049157,0.2727272727272727,False,3
0.20758903388729064,-0.97821579937520131,0.00080178705219003873,0.97306878363375915,0.20641266384166987,-0.10262043911084004,0.10021943587576827,0.022083071763716676,0.99472026349834686,-10.031971828514813,-2.334686234848327,-2.6822218040478045,,0.1509793432159186,0.2702702702702703,False,1
-0.94609973544131643,0.32115427249977185,0.041895391787321573,-0.32385054005384306,-0.93647516457440449,-0.13466660254931875,-0.0040147608528012767,-0.14097588230078284,0.99000489004085757,14.240459306121091,-20.897083927295565,-5.9426410435073063,0.2745386038129084,0.2570117808889078,0.9523809523809523,True,3
-0.58130514034818315,-0.81342375021119417,-0.020643071407520714,0.80637795876963958,-0.57250655397734296,-0.14829306545990995,0.10880680776168614,-0.10284963901416772,0.98872798602010203,-15.026117686536548,-15.458897221007355,-4.8636632994663938,0.2266586430800953,0.2211774555365295,0.9661016949152542,True,5
-0.93900074326582228,-0.34296234593946184,0.02558189621462903,0.33676887853524445,-0.93202675050748729,-0.13383892852443646,0.069744724505505104,-0.11705966686334135,0.99067285609200795,24.672529874995796,1.830949287121971,-2.7558159620459142,,0.1289201573271742,0.6785714285714286,False,1
-0.77527286253825656,-0.63159314078913165,0.0064879210737714792,0.62280698894331887,-0.76611783553549184,-0.15866605370327808,0.10518290324523327,-0.1189687630537315,0.98731098964934583,-5.5301676876063741,13.289692512592508,-0.51852238054462063,,0.2724542282917341,0.9775280898876404,True,5
-0.93961572650864966,-0.34206667190008244,0.010615011673314263,0.33646332454762717,-0.92900548045868259,-0.15408195388198848,0.062567705183915606,-0.14120626492098159,0.98800104909614583,-8.1253377674923204,-11.101135053006967,-4.167697194599393,0.295845497057554,0.2765730015690636,0.9728260869565217,True,5
-0.27095929957148013,-0.96157812399026399,-0.044142603447215351,0.95295339597907025,-0.26149133618876647,-0.15330396664852217,0.1358708322918887,-0.083604979286994369,0.98719264805342366,8.3023225317647729,-12.648067082285996,-4.5222574517909102,,0.5567726112100071,0.1682242990654206,False,2
-0.98750712724210166,0.1408880216231036,0.070570808477586983,-0.15302272279488077,-0.96429615369138955,-0.21614109809204257,0.037599467476195747,-0.22423981211890254,0.97380839322034318,8.871294963889218,-2.2183389345063063,-2.8606202915246683,0.2190680618922736,0.2523097935576821,0.8986784140969163,True,6
-0.98236653062642731,-0.18277148047177127,0.039377473651235312,0.16507805871109055,-0.94679213366533621,-0.27628588483963168,0.087779462502196398,-0.26491364924366845,0.9602684647572407,-7.9369940656570401,5.7812716865217917,-1.5208826207272115,,0.2336480987238851,0.782051282051282,False,8
-0.97525258385127644,0.21665751471418618,0.044067210137264196,-0.22091858659609556,-0.96285785029994608,-0.15524090379842093,0.0087963508225322555,-0.16113435832757492,0.98689327831258833,-5.0024649313201746,7.3500371607021364,-1.3800287948755279,0.3539272878562888,0.2796934566948395,0.9957264957264957,True,5
-0.88115973831220662,-0.47242261781349582,0.019349050514381495,0.46350788582033159,-0.87116546132959738,-0.16196042346436643,0.093369991752869114,-0.13374456686024344,0.98660753872826035,19.67537816795048,-4.3952091204182464,-3.3970017396591006,0.2121215634294331,0.2014503261896013,0.8085106382978723,True,4
-0.41468598131365408,-0.90996325113393095,0.001555148770611782,0.90277482358969041,-0.41162330034541067,-0.12475526644336932,0.11416284331837546,-0.050330310932070202,0.99218632575083687,-10.009764789875144,-9.040471192832582,-3.7319776303691441,0.2497397781475647,0.254128017048325,0.8712121212121212,True,5
-0.98900115467296923,0.14133656367158892,0.043596924490619596,-0.1463626643135077,-0.9776834559362475,-0.15070842870791104,0.021323380374259793,-0.15543177203539477,0.98761646284949722,13.234174028784492,-18.632135926819906,-5.6380482989960727,0.2244069322100968,0.2359450556648374,0.9333333333333333,True,4
-0.98552470715877949,0.16564623858033048,0.03608843615050511,-0.16946143201093963,-0.96867200666408038,-0.18154163865676853,0.0048861682740750888,-0.18502936834343681,0.98272084449757413,-9.817720621991187,-21.123059136332586,-5.7885970138883591,0.1983160626950253,0.2278569288041269,0.9545454545454546,True,4
-0.96261461552085781,-0.27045163790159205,0.015133193383390735,0.26358513146964307,-0.94812017053961761,-0.17773863025256817,0.062417789561661899,-0.16710491845626307,0.98396136396403477,-4.2044228030164703,-13.686185779976039,-4.6259628289010717,0.308990233408385,0.2749100030406112,0.979381443298969,True,5
-0.97518588065180156,0.21830186036664431,0.036834711045894655,-0.22137577286302398,-0.96326613811990314,-0.15202340063578504,0.002294638679885927,-0.15640538645466065,0.98769028026061834,9.5996130360662661,7.5022187604194803,-1.6648260513258561,,0.2375043147497584,0.8604651162790697,False,6
-0.99038888829728933,0.13356598502487776,0.035916257900768869,-0.13719309640765087,-0.98163047266463133,-0.13258834577101589,0.017547200213751699,-0.13624148700211519,0.99052024360136703,7.4647111710750291,6.8882053798916765,-1.6836730865111951,,0.173597619201011,0.8673469387755102,False,5
-0.04984677117929924,0.95886726945359935,0.27944383867531936,-0.99291336187631396,-0.017354101958176021,-0.11756653840571241,-0.10788120879224156,-0.2833238336529853,0.95293717005566569,7.3686322493909229,0.93230608893893763,-2.4574103203594633,,0.2704566135055537,0.2210526315789474,False,1
-0.9186324002418067,-0.39487836025424145,0.013623282603645172,0.38815645361939138,-0.90836295717938731,-0.1555998249932708,0.073817889021527333,-0.13765107564868775,0.98772622757177253,8.3655316277705722,12.913906523327672,-0.95251883146011374,,0.2518875811801796,0.8243243243243243,False,5
-0.52191149640480072,-0.85291845953131851,0.011768233139389081,0.84570021930829542,-0.51919707615236488,-0.12339179541904458,0.11135317230506535,-0.054447199244376125,0.99228825122140807,-6.1944702027029663,3.5297046329429889,-1.992849423999149,0.3468446115863677,0.2645956467438264,0.808,True,5
-0.97164946158978038,-0.23458857153151888,0.029419821534031398,0.22890683200255962,-0.96456820427028478,-0.13118628576704652,0.059152227809649904,-0.12073268578807785,0.99092110307912784,-3.7793888915073262,-5.0374166169815755,-3.1959914559797156,0.2789923036346824,0.2355083449447969,0.9688644688644689,True,5
-0.71866624253375666,0.68175969707430828,0.1368303595243385,-0.69356868582619724,-0.68870824861105095,-0.21128991063564984,-0.049812748204990653,-0.24674817879823721,0.9677985463804023,17.582853415139429,-8.1369462481648132,-3.9425680890627595,,0.2984215929170574,0.2727272727272727,False,2
-0.98250851186494159,0.1822618951880394,0.038178864249753836,-0.18606474088415909,-0.96915510724015597,-0.16161154138869901,0.0075456154585130039,-0.16588845551389209,0.98611565448205252,7.5694662675194229,10.862738734224678,-1.1866421667127347,,0.1277503537885676,0.5370370370370371,False,5
-0.92078952678980908,-0.38963858221251751,0.018122433766510224,0.38205695399122203,-0.91028683463045978,-0.15940628157450332,0.078607450417575483,-0.13985583273456922,0.98704671357994567,-11.921933940844125,-17.551574384346029,-5.1080933013565666,0.2655843214557658,0.245273536083123,1.0,True,5
-0.80012236814668547,-0.59983417962832386,0.0017756522623157169,0.59245007374596581,-0.7907288761812884,-0.15411279794837696,0.093846183245459944,-0.12225711154241087,0.98805166492829044,-6.4567018640549056,7.2999908633576949,-1.3694726795511207,0.1500356442323218,0.1090109672376317,0.6944444444444444,True,5
-0.55300782033127627,0.83118244988383394,0.057602826819175251,-0.83002030053086462,-0.54358335868953167,-0.12483362072159009,-0.072447576626861812,-0.1168454841271869,0.99050415520581181,16.305456898906677,-6.6772918637304697,-3.6808719435305743,,0.2839645058022471,0.8478260869565217,False,1
-0.93504431265568755,0.35204039793400582,0.041948678080730072,-0.35447722036913104,-0.9262772094317302,-0.12789226531241979,-0.0061671395012970719,-0.13445478611724701,0.99090053833900904,7.3069295872003464,-3.1167255332995554,-2.980319671835054,0.2399977951801339,0.2131364037718558,0.9571428571428572,True,5
-0.97138128314563221,-0.23628825436946208,0.024212880897931676,0.2301071736488367,-0.96141840198860917,-0.15074927844939412,0.05889899311269331,-0.14086346994413171,0.98827546334289251,-5.4401359462978824,-20.617781703659738,-5.7493363358768752,0.211904060226363,0.255429577121944,0.9264705882352942,True,5
-0.94169577238382585,0.33417474703830391,0.039195799727983101,-0.33643043046926757,-0.9335033297600156,-0.12404071420798769,-0.0048618647342258993,-0.12999527594820487,0.99150269313928596,7.9817027302539776,-7.1900795554424954,-3.5791988437992881,0.2081683554304573,0.1836749980071938,0.8670212765957447,True,5
-0.75946713391120801,-0.65046012475260062,0.010549815900207964,0.63611333580813456,-0.74591767307206103,-0.19739971885950311,0.13626993988310229,-0.14320772013266192,0.98026631706830691,8.7905177985333296,3.2885794944093343,-2.1847872884832871,,0.1897629707533076,0.825,False,6
0.32975199067326044,-0.94223970457282524,-0.058719364553263237,0.94194384390559771,0.33254280946684933,-0.046444319353862937,0.063288384205719972,-0.039995237196593897,0.997193542611573,-8.8371537246523513,9.7565907106312313,-0.90057979639602803,,0.1464369388418592,0.3428571428571429,False,5
0.67406339167820073,-0.72408343676235076,-0.14608805771076633,0.73525894435533556,0.67668910527221859,0.038550480559422867,0.070942432610947598,-0.13339801877204854,0.9885201767505476,-10.478526667223958,-5.3360861236018691,-3.1291298396863936,,0.3339000971070429,0.3392857142857143,False,2
-0.99592029269013671,-0.085720358399335103,0.028192033695408895,0.080840782201678521,-0.98636752405036399,-0.14333134839167883,0.040094121028079549,-0.14046753238611973,0.98927313407589379,21.892401755486365,-1.244969307333837,-3.0702020875448781,0.4050748282608689,0.2337832988527858,0.7818181818181819,True,5
-0.46257259777666149,-0.88642702252947259,-0.016544652177830275,0.88037140036218309,-0.45704770023606256,-0.12670279055038713,0.10475108214467213,-0.073174677576746464,0.99180274114919631,10.205186617270805,-23.252980632189789,-6.2940843843852816,,0.2268082648005673,0.9591836734693877,True,2
-0.9511008062865387,0.29896813814250917,0.07762286168841076,-0.30875960486405973,-0.92725236420806423,-0.21182672039840911,0.008646541810828183,-0.22543536866729122,0.97421975542921369,18.920333609679258,-11.49028016024849,-4.3949478461993312,0.2451554526984457,0.2157007957283429,0.696969696969697,True,4
-0.63127341018080518,-0.77523198832388884,-0.022566476864749468,0.76818596753587109,-0.62100323292305692,-0.1557090362827066,0.10669677070874636,-0.11563022519437426,0.98754516359598643,19.700711554159628,-9.0590153302689682,-4.0588177902490941,,0.1371345696731961,0.3928571428571428,False,1
-0.4937352463451139,-0.8694738958341014,0.015512929433270603,0.86277490365345233,-0.49200787271622382,-0.11639466831016762,0.10883460912001974,-0.044083984034205548,0.99308188494673799,-10.818995975507081,2.699685862181898,-1.9576677797147726,0.2121103164852081,0.2145729356819097,0.9245283018867925,True,5
-0.79192185736333587,-0.61052743997445613,0.010771112683543201,0.60334827952718095,-0.78508080792219492,-0.14006776439932603,0.093971407469482876,-0.1044239918336352,0.99008333210277488,6.37309598310806,-1.2670758406848301,-2.7416907949501046,0.1341720014037685,0.1343345388971433,0.8464730290456431,True,5
0.023193602819813162,0.99831411721291097,0.053206955951676162,-0.99368152383111419,0.028866590276347019,-0.10846081855901941,-0.10981386972924582,-0.050355171921306813,0.99267581348387068,5.9094506484205542,5.3807346429001877,-1.8865613014291835,0.1977610201026586,0.1749997305059353,0.9607843137254902,True,5
-0.74923759217851749,-0.66208505799250594,0.016923547193131314,0.65497474250591559,-0.74449762945548992,-0.12934978320223683,0.09824009948003537,-0.085829224150149264,0.99145460165150101,8.5054118986021106,11.720407012785238,-1.0969031579772266,,0.1919804520098157,0.6285714285714286,True,5
-0.37309424251826367,-0.91379250196236472,-0.16057381342262933,0.92123272952029311,-0.34431994893364259,-0.18103599318070729,0.11014056591608007,-0.21546933917310854,0.97027935132929122,12.614065518395275,8.7125558299818398,-1.5108698779701752,,0.1915856717656536,0.3333333333333333,False,3
0.99041985515277653,0.11969203658031892,0.068864554731800767,-0.12883812830404204,0.98041994141863709,0.14892103667309009,-0.049691520546918097,-0.15636673190909964,0.9864482743346471,-5.5360441345024523,-0.87789645276584782,-2.6545220594016397,0.8421695649547974,0.5407954335025563,0.4513274336283186,True,5
-0.92879057785535801,-0.3698375317025509,0.02383825982062357,0.36371266386246681,-0.92197722048919883,-0.13293270118778192,0.071141834620559868,-0.11479636337086896,0.99083834923949377,10.977183265480647,5.155173760293609,-2.0281466132674324,0.1574195661223562,0.1639419067467812,0.8421052631578947,True,5
-0.7742067671725118,-0.63266583250045649,0.018380044907246408,0.62558317623119664,-0.76930657136763125,-0.12966529553842548,0.096174691477412519,-0.088889502400925496,0.99138745457169253,9.4955789601965765,-18.327438860599973,-5.5176605691107783,0.2671044179480775,0.2207653132067844,0.9516129032258065,True,5
-0.51098892106610838,-0.85957935859537349,-0.0036944315479950501,0.85253495135647861,-0.50624249672016586,-0.13001035047311135,0.10988393541961787,-0.069583480735741526,0.99150575386398931,-13.392649949560894,1.0317575964895238,-2.0915006509827112,,0.2837519995141589,0.7666666666666667,False,3
-0.9118000670821631,0.4077804099675425,0.04832985532426938,-0.41049765570494934,-0.90212368960127831,-0.13290795055569826,-0.010597751162522612,-0.14102477054361048,0.989949343028934,20.122601058134336,-2.5866152556639062,-3.203684615426095,0.1455977617139236,0.1640150873425783,0.8823529411764706,True,4
0.45441188600341675,-0.89073626751379742,0.0099367798811667088,0.88699192334750132,0.45141616310541083,-0.097307633839743474,0.082189815519433079,0.053031588914324523,0.99520474516659319,14.010068666369323,-5.8846945799560704,-3.532779790178922,0.2998961239477104,0.2734528568942119,1.0,True,5
0.99872287158444262,0.035907103185238758,0.035543012182011682,-0.034686044092677532,0.99880622750778747,-0.034394741412947155,-0.036735597440722696,0.033117968423611054,0.99877609905732456,10.35650008660989,-19.082920752560213,-5.636648695638228,,0.1091715114502826,0.25,False,3
0.99891022578920063,-0.033965534063658237,0.032010987325280918,0.035091947427720663,0.99876013775352723,-0.035309240437676317,-0.030772000901776182,0.036394089222372555,0.99886363144834511,12.582817028922326,12.273001568394847,-1.0731174417367062,,0.13772916671974,0.25,False,1
-0.81435733016380751,-0.58022731858894916,0.012585609701321126,0.57293643035831887,-0.8072046053276466,-0.1420020137396156,0.09255260977813097,-0.10842962649071967,0.98978635599928355,12.493867901924181,7.8116867802356191,-1.6569067464398712,,0.1475189018889962,0.5675675675675675,True,5
-0.31112236839710011,0.92608861856104441,0.21345430999320558,-0.94543621567693437,-0.2787435474092621,-0.1686783829190277,-0.096712119041290817,-0.25428705305106825,0.96228107155921261,5.7368802563685595,-8.7133903291727126,-3.7896445218023551,,0.648327670840251,0.3396674584323041,False,5
-0.95564985166619287,0.28952450176663164,0.053934440640175454,-0.29450459853860844,-0.93987986542274737,-0.17289557545678411,0.00063438946875876354,-0.18111157182715598,0.98346235113516156,9.2190569802277178,-22.215472100137845,-6.1238912288472678,,0.3131536973715791,0.8157894736842105,False,1
0.97873604655406032,0.18981779081194186,0.077749324543721382,-0.19961608091566024,0.96863017654684702,0.14801689539609711,-0.047214101872253431,-0.16038948648243925,0.98592395305636971,7.0760100952697478,-7.5264291266926966,-3.6066536241917988,,0.328197782278428,0.2121212121212121,False,7
-0.91054742544901757,-0.41267747386908926,0.024508948757403233,0.4064246059324238,-0.90444733174876457,-0.12959191249925525,0.075646716391657265,-0.10803854244466567,0.99126446907250354,-8.7483694163892487,-5.5015483263012115,-3.2115624187139264,0.2311157940669942,0.2128070769402778,0.9395161290322581,True,5
-0.94673085526655898,-0.32100447687452743,0.025628373197759752,0.31411538210943268,-0.93807684599769126,-0.14609366079769268,0.070938102656454116,-0.13026111019616449,0.98893873862942971,11.753796006966093,-13.594436262950916,-4.6469493917809777,0.2921249989263326,0.2574998989672527,0.9805825242718447,True,5
-0.99300383524001068,0.10901474664162364,0.04537805872106658,-0.11517257814769467,-0.97894590675988391,-0.16852355586351075,0.02605111209609165,-0.17257084531499309,0.98465254933190804,13.777549806558811,-11.402945310109638,-4.3470326804143093,0.181711312280484,0.1791537804389637,0.3846153846153846,True,5
0.57381002962925254,0.81356903137976688,0.094061049731889237,-0.81730451913864188,0.57620215472971248,0.0020975891853401152,-0.052491645929903394,-0.078080138733387622,0.99556422145582602,10.672151753627059,-6.0028350835864961,-3.424683990095692,,0.2193523917925859,0.5046728971962616,False,2
-0.99915896106074509,-0.00037241519198915512,0.041002827206647302,-0.0090576430716864595,-0.97325310986397495,-0.22955684098298629,0.039991619547091774,-0.22973516371471497,0.97243119289694457,-7.5194615337546988,9.0280947109065455,-1.0700597887088836,,0.1983505563009336,0.2380952380952381,False,5
-0.84538614509082954,-0.53362408800505934,0.023824323479078504,0.52689174093134872,-0.84039056277845015,-0.12699919421497363,0.087791565806741328,-0.09481051995263487,0.99161666296987538,6.4365576101261839,7.472776996254149,-1.6054171833765194,0.2562396356449356,0.2405729251554616,0.9832402234636871,True,5
-0.67686491423673323,-0.73602473917811662,0.01102139705696396,0.72858533659365377,-0.67200823916679653,-0.13254559137389668,0.10496330394958989,-0.081685432053269197,0.99111563150535498,9.9107578997852279,-10.004167631373102,-3.9966832736710542,0.1270743046052117,0.1081196711362812,0.7076923076923077,True,5
-0.47900068770549709,-0.87775758532023007,0.0099981293479922094,0.86978635148717398,-0.4761260239652737,-0.1295210873551057,0.11844848645841824,-0.053344453468172431,0.99152626053972504,-6.0788305149164463,-24.792318237751488,-6.2870513836895299,0.2205229888576603,0.2587159964219569,1.0,True,4
-0.43978014870081805,-0.89807785403559481,0.0070419386185363378,0.89088553861547537,-0.43722353952096021,-0.1231199966478965,0.11365024370629831,-0.047872169154784282,0.99236680593715687,11.393870596509597,-4.4273507385783164,-3.2404408571855394,0.1168983056676621,0.1125785690681339,0.6607142857142857,True,5
-0.67752475710744231,-0.73533744314837202,0.015461183994593061,0.72817711041747668,-0.67358986269443466,-0.1266285620993339,0.10352921988769044,-0.074535505494400203,0.99182970264564008,7.899025997837529,-4.1196584757946937,-3.1392240973560419,0.2489730269141452,0.2268781970102735,0.9611650485436893,True,5
-0.7761288365674831,0.62926185380787347,0.040663846235747529,-0.6291326483467008,-0.7683843164182107,-0.11737824784339768,-0.042616192141866314,-0.11668359621128473,0.99225440212806815,6.5508309937555085,4.2639757379671845,-2.0353400214917343,0.2381100959232196,0.1887278773294006,0.8362573099415205,True,5
0.83522242747581099,0.52485180985235746,0.16411603924089671,-0.54558132115303082,0.8282635160170313,0.1277519864582132,-0.068880466391627107,-0.19623996975593666,0.97813360826620299,-9.2485042073634123,-4.4566525363220677,-3.0256893398387472,,0.4685919428242453,0.2134831460674157,False,5
-0.83649188202335223,0.54335153868118879,0.071066424715303694,-0.54745615210673115,-0.82297006409213136,-0.15169718233601509,-0.023939357333122559,-0.16579921296851569,0.98586892036898044,15.651888063713978,-3.0767841569391536,-3.2027521300194386,0.1873184951316113,0.1730728049005721,0.5,True,4
-0.97031404329253235,0.23782668117922923,0.043921829522146558,-0.24171907126609518,-0.95960703718133633,-0.14396605425695264,0.0079087278089308675,-0.15030902804333673,0.98860742871633001,12.059409229011846,2.6201972706916825,-2.3173974243319915,0.1084738989882084,0.1611914173038601,0.7721518987341772,True,5
-0.85518122389331885,0.49362980398839806,0.15809709331515329,-0.51822956422126698,-0.80829612494205771,-0.27945570878171166,-0.010158398858113982,-0.32091586283328,0.94705322760371302,-3.018165491517955,-7.2359892372624888,-3.558971508575171,,0.3098376701681052,0.1492537313432836,False,5
-0.99175137902934107,0.11702665987017234,0.052287312734857004,-0.1250988470865867,-0.97259501615652744,-0.19598268547270192,0.027919180700882795,-0.20090718112381201,0.97921234873845231,8.4923020093862345,14.517553214578113,-0.73113360121079563,,0.2103373997472552,1.0,False,5
0.31795421512970257,-0.94754831938455608,-0.032516142341280169,0.94320274889806788,0.31960723895004389,-0.09066304253585325,0.096300008060141426,-0.0018426183090982755,0.99535064836739007,7.670514939372163,0.88250214910440883,-2.4660977916407405,0.2209998121208668,0.2001321781459921,0.3559322033898305,True,5
-0.78335609521618343,-0.62126932036474081,0.01943346755441467,0.61438958063934002,-0.77866378673307679,-0.12731123450946177,0.094226701573764254,-0.08779031156135865,0.99167242066444994,-12.271776017607415,-12.268117025051684,-4.2860353489429368,0.2435345082872045,0.2268245443061562,0.987012987012987,True,5
-0.9292166885710943,-0.3695225665551935,0.0030689554302646277,0.36248493360164175,-0.91307122870030055,-0.18683041570241546,0.071840229626468452,-0.17249349009799356,0.98238738656450075,-10.867300817331838,-25.626841022832114,-6.3362707471196567,,0.2203906069988714,0.8387096774193549,False,2
0.17668225491574388,-0.98169612195455846,-0.071106293232526249,0.98071865861225771,0.18171473403165006,-0.071907357659572652,0.083512235317126871,-0.057030514421566821,0.99487347284825589,-8.118652984405978,24.71613362979685,0.98592843113678941,,0.3055878091039742,0.3333333333333333,False,3
0.96214314024565195,0.26766542612756222,0.051340016889211651,-0.26621970116204968,0.96333647344394713,-0.033315306478656631,-0.05837506652178584,0.01838636963972053,0.99812538942762441,11.796295080089608,-11.445316119554697,-4.270797209615619,0.1859475540948131,0.1259764172242793,0.7096774193548387,True,4
0.038270267027476976,0.98279942417284949,0.18066731444054931,-0.99202333104246532,0.05909749522066525,-0.11134269947353707,-0.12010452668012368,-0.17496507624139787,0.97722163543731722,17.492953735959336,5.7715292431325427,-2.0546598927007906,,0.2176051003171476,0.4444444444444444,False,3
-0.87861819123351503,-0.47509718784585048,-0.048090915301254616,0.46859146495512877,-0.83840881984547955,-0.27837508828290958,0.091935374066536915,-0.26712040900364792,0.95926772805560934,17.311630587329514,-18.497963001634901,-5.6461650272595589,,0.2065829720982301,0.1785714285714286,False,2
-0.95437921834275052,-0.2942884099968569,-0.050543440098635567,0.29287649956799716,-0.88961135543066328,-0.35044970008492959,0.058169266767593521,-0.3492648966477192,0.93521674940806132,-10.047731589001897,19.27006570418181,0.39101962138332175,,0.275107106660865,0.5882352941176471,False,4
-0.402323862632055,-0.90534316020773498,-0.13597526180116976,0.91036755089180099,-0.37993092548880342,-0.16396162398709896,0.096780327753571704,-0.18975313995371637,0.9770503129509851,13.894704167171049,7.8826885852217012,-1.6487936474034925,,0.2445273425570432,0.425,False,4
-0.90379992427739098,-0.42752104894963883,0.019273027296823189,0.4210474345784988,-0.89636803997816794,-0.13872056351011347,0.076581686525227802,-0.11726077609626871,0.99014400754549492,23.375169404165526,-7.5274090383559766,-3.9471184247111402,0.2594566605391274,0.1795062181958762,0.5333333333333333,True,4
-0.67973989059423767,0.72299460941585902,0.1234199169119132,-0.73134977907338083,-0.65539052822748678,-0.18865512492114525,-0.055508393817972186,-0.21849954294072424,0.97425703382138507,-6.6165314529679513,-0.094527549240385755,-2.5440950564223028,,0.1883158812674243,0.24,False,4
-0.34170772081148681,-0.93941003547277258,0.027287704023294557,0.9327656523973431,-0.34255224387624633,-0.11227732595278116,0.11482191099950062,-0.012912996104419313,0.99330216112018477,14.298676925095448,-19.452905770613501,-5.7206345412319068,,0.1111053440408397,0.5714285714285714,False,1
-0.47540448877739921,0.85812903646929251,0.19392041877683766,-0.87714301737300315,-0.44531582358313532,-0.17976079756236624,-0.067902129009950879,-0.25555503132350588,0.96440703379908965,-7.6348703828634727,-1.9844187367092281,-2.7798487730013091,,0.3107619408261453,0.1296296296296296,False,3
-0.95359079459032625,-0.29988548621540712,0.027079358004558966,0.29372332612154328,-0.94623405446493636,-0.13552756864544183,0.066266161535791637,-0.12128400277116673,0.99040344633241051,6.0267318843972379,15.988650975611538,-0.45275096426129557,,0.2314331596698561,0.9491525423728814,False,3
0.90950880232192532,-0.40018309792383022,-0.11245988900502842,0.41034233506822038,0.90757338536057042,0.089048965383738687,0.066429711347391091,-0.12713787131000701,0.98965804959544623,7.7143909691250041,-18.964239003891716,-5.6760993853050135,,0.2900106316841761,0.225,False,2
0.99258935343710164,-0.12096554401813765,0.011563416610686354,0.11965017368350363,0.98952141443127517,0.080815879129263329,-0.02121818514443987,-0.078833416406523082,0.99666196931399553,13.70774528007794,-0.1293415740493164,-2.7261669451697932,,0.1390572148560719,0.4814814814814815,False,1
-0.64801361263342272,-0.75985716146749949,-0.051917742712251344,0.75349018752812513,-0.62965927067097072,-0.18916061999510714,0.11104456375983512,-0.16169816642329857,0.98057269380435641,-16.22213405345699,-18.877596062313437,-5.3223449585981228,,0.180605675552574,0.4827586206896552,False,3
-0.9394860463976642,-0.34200055598891527,0.020039668843567233,0.33560621992501305,-0.93051459364032341,-0.14666647936740101,0.068807221799246504,-0.1310656733308054,0.98898299050216865,9.6396850692020308,18.179581700060261,-0.2909243258561901,,0.2360088849320182,0.9583333333333334,True,3
0.98736198082576687,0.14974913118728778,0.051879827760613395,-0.15011322762198032,0.9886637232297949,0.0031719492920476433,-0.050816707023674218,-0.010919710529693176,0.99864829755485884,10.647143229975665,13.827755976884674,-0.85033472472469052,,0.1275622569657766,0.4,False,1
0.45880262448828191,-0.86872231990041016,-0.18660568766657451,0.88476870189724388,0.46599199778488298,0.005983489242998935,0.081758766537491673,-0.16784811261168289,0.98241667086168916,-1.70027138166989,-4.2724267374289706,-3.1048018724977697,,0.4205979436220469,0.1777777777777778,False,1
-0.55478431499909686,0.82755066901640273,0.085873476938389315,-0.82885059789411553,-0.54077239395408638,-0.14342909156699704,-0.072256834981549445,-0.15074849301956966,0.98592790895215987,12.736985049280435,11.002313345992048,-1.2282037766473086,,0.1471213723533646,0.5333333333333333,False,1
-0.99531833199249398,0.087926426773801289,0.040129309419321871,-0.093574541242478076,-0.98057270121579732,-0.17239774610363989,0.024191387536478891,-0.17534571881043076,0.98420966041992997,18.965323184382704,6.8164988059880631,-1.9658870290299082,,0.1370962240633782,0.3125,False,1
-0.50982075355949397,-0.85939237823201997,-0.039083749522560898,0.85297920463158317,-0.49906529345502953,-0.15284079735043474,0.11184487340106862,-0.11125903606160656,0.98747767123542629,-7.2667083131448669,25.530950181943538,1.0864787066436676,,0.2665366088984784,0.3043478260869565,False,1
-0.851967950059765,-0.52356033600575935,-0.0059318321368667069,0.51508475049832192,-0.83603424818785921,-0.18903554073518644,0.094012296403422624,-0.16410761840481172,0.98195232965071033,-13.058618103266221,-5.2347897468570856,-3.0204118123765729,,0.1460846695153389,0.7878787878787878,True,2
0.09849105266016793,-0.99504646455315038,-0.013492439592952772,0.98956948269150047,0.099363245748675194,-0.10430332842227903,0.10512731077873853,-0.0030787618559751165,0.99445400585138466,18.377460284153866,-6.7218854351656505,-3.668345267811377,,0.1405027121532793,0.7272727272727273,False,2
-0.95187026238607053,0.2630210318618772,0.15736244908931424,-0.30650012998696158,-0.81546012151288183,-0.49100148730953147,-0.00082091598193251986,-0.51560132565821593,0.85682822028481365,7.1122980880040005,-18.496684671112259,-5.604805025384441,,0.4493130408282456,0.2878787878787879,False,1
-0.91132087525887107,-0.41001070843995008,-0.037222053704443099,0.40457042873462573,-0.87512913907319423,-0.26546517311785345,0.076269459883279558,-0.25698289614209957,0.96340166108406333,12.174026243957231,14.215852014803264,-0.81480240765079803,,0.1721802687184358,0.2,False,1
0.15181289777465815,0.86703671741632504,0.47455260479865174,-0.98185308976423491,0.187495010911267,-0.028462800350792919,-0.11365453879932107,-0.46161992107718658,0.87976684085898893,-7.3497107929022434,6.3858571866759961,-1.4288273326418406,,0.6435138757245309,0.4479638009049774,False,1
