axis_00,axis_01,axis_02,axis_10,axis_11,axis_12,axis_20,axis_21,axis_22,location_x,location_y,location_z,dbh,dbh_approximation,score,reconstructed,number_clusters
-0.97032800311565126,-0.24100126630411853,-0.019543694875972368,0.22600413078700712,-0.87527232699623569,-0.42757512376400653,0.085940090975068967,-0.41930507179666632,0.90376853094627629,14.77062035809192,-9.4175483806999143,-5.0276505788843364,,0.1294230495858689,0.2105263157894737,False,1
0.86199997332962686,0.4716413443382485,0.18576998759361599,-0.49102249155459815,0.86792116355934668,0.074898375371595632,-0.1259085333376464,-0.15577963973703182,0.97973452785750259,-4.6881103727932887,4.3241003922237029,-2.35426839079605,,0.5196438977674045,0.1680672268907563,False,5
0.98388746741661504,-0.17644180679287555,0.02887456105615073,0.17871123832841987,0.96579206693881903,-0.18790416901486606,0.0052673290805259031,0.19003676553159438,0.98176284457635077,-0.29066184194590589,13.127121881867494,-0.62178277700809381,0.3744222088574812,0.3601457913804401,0.9927007299270073,True,5
-0.76965422628075963,-0.637734339931741,0.030451332318828205,0.61636572529340106,-0.75461201769292052,-0.22506442508081806,0.16651025389358087,-0.15445262841805613,0.97386791759614333,13.348174023286626,18.195842516289527,0.41158517569949421,0.3277541181670894,0.329650466854739,0.9423076923076923,True,1
0.97120230482029768,-0.23638802836702785,0.029778904554920917,0.23750288854372978,0.95060723245515244,-0.19984560925209474,0.018933067504410643,0.20116309216331277,0.97937477469361445,-13.543229470465501,5.7051212233581881,-2.1998142876191538,,0.2095185151958174,0.8214285714285714,True,5
-0.95363508472405778,-0.30021478070502,0.021241719082427914,0.28439912353635499,-0.9219894257891198,-0.26277868495143109,0.098474685656228869,-0.24455384719788645,0.96462228468225875,20.757267725930436,7.0010481534377496,-1.6003953136846893,,0.1867631421163254,0.3448275862068966,False,1
0.85970130398979216,-0.51027452020973507,0.023099392697104218,0.50528537864981937,0.84292935422308968,-0.18481555646577352,0.074835513233752191,0.17055796027676182,0.9825017191563945,-10.722918389028109,-13.845086641820654,-5.7393362596249231,0.2548761944800026,0.2592484191565702,0.975,True,5
0.53786415350792138,0.84150122948017214,0.050772366052472359,-0.81809759011983563,0.53554761449630273,-0.20953540428156209,-0.203515319844294,0.071164832541632653,0.97648199225484777,-13.503761193281358,-12.26198600443878,-5.3437919680527006,0.1597001703249619,0.185507267854841,0.8125,True,1
-0.86376921062399159,-0.50382075167256812,-0.0082098088950986851,0.47709537738216368,-0.81249104399975847,-0.33501985657682021,0.16211955976555234,-0.29329669893176558,0.94217529936692357,8.1158310682693298,-6.4522188217097609,-4.3454636330814722,0.2686273425154005,0.1854808819957779,0.593939393939394,True,6
0.75595833514247468,-0.65458998973224103,0.0062402620909459234,0.643950330215045,0.74188939775956897,-0.18689059288225324,0.11770712699133284,0.1452999202831512,0.98236091403371573,-8.4262443040696766,-16.580770008804837,-6.2830260655360535,,0.109458288836052,0.5428571428571428,True,3
0.97221594916344678,0.22982796569979258,0.044443833931307554,-0.2187512412811283,0.95959027758590942,-0.17701523550407608,-0.083330922412896941,0.1623748913622205,0.98320412530914636,-4.5846338869625791,-21.860970368562437,-7.4374075769922445,,0.1787190712880247,0.6,True,3
0.43237990359946887,0.85041920017004125,0.29972454511678281,-0.8707873902064186,0.48009624535694517,-0.10600432185368533,-0.2340447393572643,-0.21516221595882554,0.94811828418340238,-10.523176508148456,3.6868756208368887,-2.5359425006667999,,0.3614794151870455,0.1578947368421053,False,5
0.93668552764705004,-0.34948359057694822,0.021941791495039477,0.34820990939361762,0.92298408248285058,-0.16386043599166789,0.037014609232793261,0.16112604817575246,0.98623948171963227,8.287890156831569,11.914034889837618,-0.80343452286256967,,0.2177551415494791,0.5102040816326531,True,6
0.9158026314901202,-0.40097672411768581,0.022873715737089517,0.39754605465711618,0.89692236217458354,-0.1936166590397827,0.05711982652576271,0.18640800129558663,0.98081057420413864,-5.4378089801454372,6.017647372514773,-1.9990450667930304,0.3695157891749354,0.3097507215446303,0.9966887417218543,True,5
0.94764330359088556,-0.31816373803646653,0.027276454278661034,0.31744629339278946,0.92934167322947137,-0.188552128628204,0.034641304399984044,0.18733897137998365,0.98168431271552781,20.568615273307,-7.6660541005495686,-4.723180556747713,,0.306633050152993,0.9772727272727273,True,5
0.99842889535520229,0.040943522355801537,0.03825400497843319,-0.034779978251361254,0.98810205265348794,-0.1498155087258938,-0.043932835472171,0.14824965942309448,0.98797365574609886,26.579716857452663,-14.087175857038721,-6.2525336817171508,0.2046974983993206,0.1732521376254774,0.8181818181818182,True,1
-0.94321420647047505,-0.32037625282643045,-0.08778392413857336,0.31760758479411244,-0.79233788512243752,-0.52088971758036617,0.097326167054509582,-0.51919142175559685,0.84909827745784505,14.523238196802849,4.9522265973175088,-2.0623506958254345,,0.4154240407510373,0.3809523809523809,False,3
0.96725291974300387,0.24687641147063921,0.058939178039850375,-0.23520511944574637,0.95911072466262637,-0.15743306394669346,-0.095395707634807814,0.13841479435562923,0.98576924463504267,16.928483431037705,9.4205786870654773,-1.1878356334037226,,0.2009521496819954,0.86,True,5
0.80988378721411181,0.58442781154635226,0.050322800983939139,-0.56493274641453239,0.80020239003127935,-0.20131350430798886,-0.15792163637786158,0.13461154511916976,0.97823335083423146,9.5939185583482018,7.3196858612714744,-1.6577486846179201,,0.248651218130516,0.9583333333333334,True,5
0.90254664893310532,0.42851388070360585,0.042254000330843949,-0.41183657425692005,0.88771385177367246,-0.20580270521418434,-0.12569877725716977,0.16834479918752415,0.97768085078033817,3.0284070674168739,16.696110026742076,-0.0021460729199363798,0.2684666895912405,0.24895109814839,0.9761904761904762,True,5
0.99073247322760893,-0.13181983479282311,0.032752063255574518,0.13573876378604732,0.96959417132250214,-0.2036225207172947,-0.0049147225903389598,0.2061811681328396,0.9785014927986756,-5.4226447004016798,2.9975449069123745,-2.6183040347348152,0.2584601528147996,0.2131489527671614,0.9904153354632588,True,5
-0.87855843274102552,-0.47763141402644294,0.0018200534975133624,0.456980056323535,-0.84166843912812617,-0.28768640339467427,0.13893994523596168,-0.25191758753752197,0.95772293525168506,4.431675439982083,21.451503483582549,0.78295011101856038,,0.1377478335507535,0.2857142857142857,False,5
-0.070069802232288175,0.97941266510579472,0.18931733741391077,-0.97375356749315511,-0.025956667699206938,-0.22611997080378965,-0.21655071602163259,-0.20019261433009328,0.95552535526703897,-12.209663392539506,6.7714655660654346,-2.0214927254214641,,0.2689513829870993,0.25,False,1
0.41878084806801008,-0.90781396394501956,0.022280218981655116,0.88906678022832086,0.40489037141002354,-0.21359786383272139,0.18488607731759221,0.10925929711418438,0.9766675710845677,-12.208611670686922,-12.332414025899316,-5.3867509710972756,0.2303734273057363,0.1847180047289366,0.9574468085106383,True,1
0.48936092907280154,-0.87198130023630316,0.013209584974993367,0.85429581816976086,0.47628221212924082,-0.20816798377016824,0.17522709880228188,0.11315417114487629,0.97800388414251815,6.2164408461243736,7.387533751527803,-1.6882048718800713,0.3199387343670643,0.2548054424776356,0.9725274725274725,True,5
-0.99086922689828172,-0.13206156076761824,0.027164671056775017,0.11995276913774018,-0.95547200451057335,-0.26960078221833139,0.0615589827904107,-0.26388064113187398,0.96258895634307062,-3.3751476367750541,-22.163285463372436,-7.5048074778627267,,0.259596582286822,0.6885245901639344,True,4
0.95710464869911638,-0.2886455908487307,0.025187582697223217,0.28810607605388133,0.93887043411061033,-0.18846006710651103,0.030750290720211453,0.1876327019379686,0.98175780556310377,16.748478215910279,0.29080718310534587,-2.9376865161640455,0.2591767450982126,0.2658956523615799,1.0,True,5
0.96519356476382667,-0.26030603229970584,0.025340719936117074,0.26057262195838626,0.94880034136685532,-0.17854921144566954,0.022434153075793713,0.17893764771708326,0.9836046090809295,3.1765726147021884,23.533946400933132,1.0742143283811705,0.2308508235578608,0.2602470402778452,0.8,True,5
-0.056602414567422939,-0.99819466766152098,-0.020089104441069192,0.97330042083325519,-0.050685331915078402,-0.22386890792262304,0.22244652721709798,-0.032224254541648414,0.97441220227801373,-11.756468061013573,-14.358803662875411,-5.806209514128299,0.1268284119366357,0.1641533074414071,0.8055555555555556,True,3
0.11344204715865661,-0.9934271027046192,-0.015280495684269755,0.96795198953176687,0.11397510990394592,-0.22378252899606885,0.22405322559147883,0.010595562009035008,0.97451931031035222,-12.390428560975424,-16.257670469509993,-6.1425847573958121,,0.2553130308055384,0.6136363636363636,True,3
0.86232090328592004,-0.50635418328133397,-0.0028461956448920349,0.49839196542799452,0.84972779584755675,-0.17195383613305804,0.089488035809131922,0.1468608662562873,0.98510089707068937,-10.938408726940134,9.1663336105469213,-1.5730829169783866,0.1467814875953714,0.1799122804684107,0.7045454545454546,True,5
-0.032527177452256431,0.9514616305721888,0.3060437032123059,-0.96885221998914794,0.045195355775410687,-0.24348050361052406,-0.24549411102731122,-0.30443085481804655,0.92035563565703449,11.882130861555767,-11.868872558831002,-5.487035641387771,,0.4272698329965309,0.5857142857142857,False,5
-0.99869097179367339,0.036477122720459908,0.03585752885861352,-0.046047908357478462,-0.94636968930834109,-0.31978743142021221,0.022269553064915154,-0.32101998485526129,0.94681055989559915,-12.063322909631816,5.6667233663571288,-2.2324489460648751,,0.2257039865887877,0.4545454545454545,False,4
-0.92506592994288772,-0.37832726354203156,0.033488907412760262,0.35831287676276252,-0.89855745191886638,-0.25338979448089394,0.12595597486779092,-0.2224027591147972,0.96678441502396584,6.4737811271726491,-22.137240928649589,-7.5990128912021833,,0.1993516629695421,0.8285714285714286,False,2
-0.60475224311795772,-0.77882401731096162,-0.1664568247426774,0.78041678345045951,-0.53783614721105699,-0.31887603055420488,0.15882181384381097,-0.32274669450326288,0.93306495091959185,-5.9235221534166662,5.276150924171831,-2.1714572514067219,,0.2524817357461467,0.1919191919191919,False,2
0.48723305196319966,-0.86046503131140761,-0.14900967406475468,0.8595587370847152,0.50266919017621958,-0.092100286367161638,0.15415164798326206,-0.08320826363914878,0.98453727927702295,-3.4122528829960945,12.293521600309035,-0.82615417179773631,,0.4136656923221387,0.3870967741935484,False,8
-0.49208101598492288,0.86652656183540877,0.08359420638388429,-0.85030121722585106,-0.45782472737135416,-0.25958497451043228,-0.18666578071913062,-0.19881709343275963,0.96209544727509566,-5.2092029649973233,-20.644799185541103,-7.1605855107779028,,0.1788986737710663,0.9166666666666666,True,4
-0.66514821855649331,-0.73925965956008055,-0.10522833790494981,0.71915982497200426,-0.59628634931524305,-0.35672361257216734,0.20096515493328915,-0.31295006848923229,0.92826465037467898,14.216338993652849,4.4463902969385645,-2.1071991243035519,,0.3393715588038226,0.573170731707317,False,5
0.90693120836330143,0.41006280822114216,0.096562293937501792,-0.40304328166924142,0.91128083893372513,-0.084399915246016616,-0.12260463448813956,0.037626133285749541,0.99174209232844035,18.902226875137679,-10.428015377017386,-5.3575300609673508,,0.2776685021140823,0.2631578947368421,False,2
0.51247681725114236,-0.85869821718365846,0.0022098836501299162,0.84139280834723196,0.50163140719856569,-0.20105738825904057,0.17153907380448088,0.10489663063032367,0.97957697147325151,10.330471761667242,1.4790104167500862,-2.759543866134476,0.3841950763062462,0.3025200465627733,0.9703703703703703,True,5
-0.73054421405218084,-0.68159577920232162,-0.041621449860150102,0.66001547963673957,-0.68915069453560629,-0.2990834112099432,0.17517053963142826,-0.24596445677103668,0.95331881763162662,8.7823749842806738,6.9204170444941031,-1.7148934313284638,,0.09355409999062443,0.25,False,6
0.19683484388131467,-0.97989332149612152,-0.03263621794137838,0.95802604462619978,0.19930551065770769,-0.20606652139381998,0.20842778618048452,0.0092947247817807988,0.97799359202355385,-15.094084951174821,-16.340259652858485,-6.1505560033428095,,0.1139738853148469,0.2,False,1
0.35997305642260624,-0.93294856553431516,-0.0051354373943359333,0.9131180318449329,0.35344014517280753,-0.20321300081407603,0.19140234734559586,0.068461944521673604,0.97912108729355196,-10.093065006709354,5.0799173392929813,-2.340870078134766,0.162319559024857,0.1920731895630985,0.8264462809917356,True,5
0.4400014619897899,-0.88162554056889542,-0.17069012760980365,0.87768199497085098,0.46240941606201413,-0.12590412082682331,0.18992901081939959,-0.094413654488060161,0.9772476823688937,9.309031668891814,8.5421718465105094,-1.4077940869211167,,0.294052576080735,0.4210526315789473,False,5
0.5879360781936086,-0.80889324996818879,0.0047831071720696849,0.79307226998053537,0.57525233574745149,-0.20030258312119253,0.15927191386506129,0.12155846483483677,0.97972240817527378,-3.2575037207507171,-18.044175826706422,-6.5956846515883898,,0.2572271855834585,0.9754098360655737,True,5
0.95991983540484171,-0.2798228384953938,0.015908760250980598,0.27867768907689638,0.94686062659951731,-0.16060416995312357,0.029877336010814701,0.15860054492955522,0.98689067881956727,15.146380281539777,3.6150901514845772,-2.2896311261493425,0.2125162122627232,0.1494737835205636,0.5882352941176471,True,5
-0.21038729625915317,-0.9668305557122614,-0.14483045989668339,0.95612064094579374,-0.17259363601914762,-0.23673773835849798,0.20388846345531642,-0.188282004840642,0.96071815904718927,11.39352432608986,-12.901113405057471,-5.7268403111038442,,0.2144259690786625,0.1153846153846154,False,3
0.86618594584930508,-0.49936697730898333,0.018828945441396516,0.49339102368244697,0.84862666212805715,-0.19078282437101426,0.079291897207300427,0.17454343384580034,0.98145167213601758,0.69850622664944373,-7.0491730890378381,-4.4270735484560371,,0.2588059891841319,0.9946236559139785,True,5
0.94917105589424677,0.3119848098750137,0.041710730751871442,-0.29845498267287318,0.93416161253386321,-0.19561877462521518,-0.099994649708564781,0.17322690343993127,0.9797925851700845,-3.1755102781752633,23.015590255689176,0.93142223027902027,0.3461300131080343,0.3019486838978896,1.0,True,5
0.35286115490992492,-0.93520565761199148,-0.029654398091275475,0.91335007223605669,0.35115065915039384,-0.20611855841877369,0.20317640340852458,0.045646385933234092,0.97807758207067086,-7.1268126281499526,-18.259623013321047,-6.6284732234895021,,0.1721557300438427,0.3846153846153846,True,4
0.67228702275562291,0.73868274682687429,0.048764316612514645,-0.71681528815344919,0.66601126308911929,-0.20640939927223548,-0.18494864612607845,0.10381135284130211,0.97724981520458221,9.2566559413901572,-23.346743639262019,-7.9291265713590739,,0.2390725528853218,0.7843137254901961,True,5
-0.99042121921496795,0.12364254765167559,0.061468113188397643,-0.13806136134929836,-0.87964333390078842,-0.45515564988944901,-0.0022065881167524139,-0.45928218508245172,0.88828768168582273,-1.8058168398107233,-2.9587914435349294,-3.6022550890470648,,0.3171171115770736,0.4099378881987578,False,5
0.66105521223752306,0.74546310737692112,0.085385958526842026,-0.72385852515907589,0.66354850530480036,-0.18902967138069221,-0.19757237136839284,0.063151695525218918,0.9782520234705161,-15.862972598049851,8.7092011793562207,-1.7262700013824888,0.2409110123635927,0.2625356220181193,0.2352941176470588,True,5
0.99483823894490142,0.074688326976516048,0.068691572601420656,-0.085274476935088814,0.98226447918326942,0.16698729448154948,-0.055001290134452437,-0.17198298389163308,0.98356327266489352,-6.0914789581619369,4.7421843291872587,-2.2953379506390377,,0.6005726834588118,0.3730407523510972,False,5
0.58376856832941026,0.79969542304376107,0.14036199269564104,-0.78718640807969831,0.59980873165543813,-0.143412148594455,-0.19887638765125967,-0.026771548194960845,0.97965885217356719,-4.3370605940165641,16.622738164968901,-0.054049680525685935,,0.09901827514004502,0.125,False,4
0.23702771769266986,-0.97150133236064429,0.0017384668242017235,0.94911770497414338,0.23118387372156318,-0.2138448003476103,0.20734860296134383,0.052337154609198716,0.97686610090502857,-8.2085290216221356,-17.801168311773292,-6.551698345624648,,0.1859368139869325,0.8717948717948718,True,3
0.87270768657834619,-0.48779466237254443,0.02092035248097469,0.48248589586250229,0.85506430275124856,-0.18992735046401754,0.07475730118745233,0.17584483364994985,0.98157523420153148,-6.3326633109725581,12.637110271487423,-0.90709482236308991,0.2986934103951325,0.2589112242908075,0.9245283018867925,True,5
0.6371605140096126,-0.76591066761305027,-0.086065838888251728,0.75656797202777315,0.64284925240821722,-0.11979041021709434,0.14707611325021458,0.01121106215879252,0.98906164064555768,-0.47428914577979325,-1.2392570032978951,-3.3444766425920158,,0.2096485611617317,0.2814070351758794,False,4
0.80973834008286028,-0.58677027710774687,-0.0049459582237855564,0.57968097870910318,0.80120648808556072,-0.14845243808189301,0.09107021204933019,0.11734055288986737,0.98890718023725022,8.9649476974094959,7.7198996039960903,-1.6177450535447813,,0.1211341724508462,0.2571428571428571,False,5
0.2441478032221365,-0.96932694206565773,0.028233483090918395,0.94788693157078985,0.23239951720086952,-0.21794684985591234,0.20470030566444627,0.079973394266112219,0.97555217239799075,2.2447540787171896,1.9074130150713,-2.71152768247285,,0.257159774917815,0.9709228824273072,False,5
0.60024834812579453,-0.79979364388202789,0.0056610757071913886,0.78460094797352331,0.58744275543313396,-0.19827345139522728,0.15525228826430695,0.12345499704359744,0.98013039474024155,-4.6371850372232606,-4.3241439276350748,-3.8800534416866865,0.3252447829473695,0.2652020200290147,0.8828125,True,5
0.32947717460128523,-0.9389250675344506,-0.099320234454928547,0.92361899888793331,0.34234468075123731,-0.17241828341155149,0.19588960235297551,-0.034926166648534207,0.98000378906065078,7.946652352920041,-5.6047410618229847,-4.1532274417590216,,0.5793348079525346,0.492063492063492,False,1
0.60499927510149987,-0.796006568048098,0.018692799441196093,0.7814828699316394,0.58913640420691682,-0.20543325252147857,0.15251360965523314,0.13889507141160035,0.97849259476375083,-2.9276725929895613,18.743868044731755,0.25394068142836046,0.3531791525703616,0.3085369851774092,0.9595959595959596,True,5
0.85767114133479205,-0.51419693364759045,0.0013140581767967976,0.50748735585629901,0.84606261799204441,-0.16320119510111328,0.082805778587360046,0.14063982317915774,0.9865919334601706,-3.8565936676931036,-3.0839612306610187,-3.6204611974305667,,0.1096089008189962,0.5352112676056338,False,5
0.063973888425591777,-0.9979398246135891,-0.0048423186501932256,0.97412211652858616,0.063499591384159879,-0.21691911853018753,0.21677971235698873,0.0091601497937958166,0.97617756989503579,4.2479431637510068,-2.0673126922181488,-3.5274002462790195,0.4263175135138659,0.3571402435942587,0.9986130374479889,True,5
0.87063544657373393,-0.49175354617671907,0.013128937199105866,0.48570236702542097,0.85507666231162405,-0.18148584582803817,0.078020060466908667,0.16438476630343951,0.98330591311763471,11.863021712996071,-10.997153174180871,-5.2666682088334555,,0.3145025938302092,0.9929078014184397,True,5
-0.31931112843744658,-0.94623727486400677,-0.051724490465781155,0.92199767311368797,-0.29759075596923268,-0.24770957336083765,0.21899930143484936,-0.12678628324704877,0.9674526057391386,6.897065218915003,-8.3533907306251844,-4.7055470296500506,0.1183240307086275,0.1828717421907811,0.6711409395973155,True,5
0.99875169747561665,-0.04137692564941535,0.027982080218901167,0.045003151014736002,0.98845912839453065,-0.14464877425083661,-0.021674021046384939,0.14572749060258802,0.98908732440283209,13.648203673633118,10.591336860174943,-1.0205950188256734,,0.2611402685884735,1.0,True,5
0.98489096992099079,0.1563410469796061,0.074479892571151313,-0.15788820392585309,0.98733811165770513,0.015322151587336658,-0.071141355266524819,-0.026850145204777964,0.99710479753801418,15.618200558546567,-12.410398159481169,-5.65600950907469,,0.4561447496635535,0.2127659574468085,False,1
0.90465895690531173,-0.42576706734549652,0.01773629203103088,0.42138773011996039,0.88760662553497038,-0.18597542636265638,0.063439361561590454,0.17571819106296205,0.98239430206726031,15.155162948360717,-8.9391755836748352,-4.9371827974548053,,0.2839398723699917,0.990990990990991,True,5
-0.33344152263876559,-0.94254706017144252,-0.020537534966814812,0.91633310938670354,-0.31889136443672511,-0.24216095954835432,0.2216988579628624,-0.099565742350747333,0.97001870050432915,-5.8383597055801948,-19.279006709991769,-6.8656423330323744,,0.2107538908630721,0.8651685393258427,True,4
0.8406802068518191,-0.54133829047766369,0.014479125329417027,0.53376096219208513,0.82380699315538575,-0.19089597499178332,0.091411296059971697,0.16821085961080137,0.9815034802086201,14.352125370687695,-3.461421822627186,-3.7266876156457358,0.3271059497629689,0.2666728250653528,0.9537037037037037,True,5
-0.41086246214353173,-0.90666623071111219,-0.095647181293863584,0.88616831920499972,-0.37250101264035868,-0.27558792720163777,0.21423759529723696,-0.19798823619097605,0.9565055729535743,-16.866119516941986,-11.28249175822917,-5.1281098892059811,,0.2123059415092375,0.375,False,1
0.97313307079639133,0.2267906782552056,0.039724234151587712,-0.22220991663315734,0.97027256065022083,-0.095884884101457693,-0.060289132289921304,0.084481632949467256,0.99459945416329321,18.512595345941104,-12.396232162281407,-5.7221418232950665,,0.2556165739359966,0.1142857142857143,False,3
0.99861617829291671,0.022379325231401678,0.047590905158842116,-0.013022116777752731,0.98198233308858385,-0.18852353162544266,-0.050952457509695494,0.18764291434554589,0.98091487080665363,-17.423594648376504,12.276465032751744,-1.0904541641375158,0.3140971234607549,0.2084019661534511,0.3,True,4
0.99009206643656478,0.11206303343174369,0.084614280812693496,-0.11610441571711871,0.99224226939985738,0.0444414611281857,-0.078977621073060361,-0.053825229718947522,0.99542221193589153,-9.0332533042001533,1.6941831031869956,-2.8295845162658853,,0.2677301510094868,0.2857142857142857,False,6
0.86387630422004258,-0.50369448005936857,0.0030986714641253986,0.49720947786131697,0.85173705091870977,-0.16530798896960719,0.08062546825908605,0.14434634338985339,0.98623712514687911,9.6959348115090265,-25.667216147564655,-8.434623778589863,,0.1962506385525362,0.6129032258064516,False,1
0.41795386072262236,-0.90833536702351458,-0.015538060410223981,0.88943252095582492,0.41261927385405195,-0.19660906772150943,0.18499827289253537,0.068353462665850975,0.98035883388092482,21.463226240966311,0.24801252896776782,-2.9400917853309192,,0.2290832832971725,0.7,False,1
-0.45428699441451414,0.80554088372686661,0.38043029762410541,-0.87433175234683014,-0.32129511482763012,-0.36374913886636318,-0.17078440661825053,-0.49786879178397814,0.85027016449103576,0.44520651278935292,11.933436318554399,-0.81074791109736866,,0.3787203031190503,0.2987012987012987,False,4
-0.9964372897866024,0.053219136690533811,0.065425155809105351,-0.082507235540537419,-0.7758560166491385,-0.62549180451288977,0.017472366931521571,-0.62866140721317298,0.77748283034068599,-9.7368994045305826,4.1289255640077061,-2.4690694839915732,,0.4676243152474127,0.2222222222222222,False,1
-0.050166820901196493,-0.99834717452634825,-0.028039422175325561,0.97281564473814486,-0.042490135643429287,-0.22764953267185162,0.22608186887359352,-0.038697641895364183,0.97333934528424515,13.328451317289183,14.027977520263175,-0.33300345477373267,0.1849649313874209,0.1881290119260035,0.25,True,4
0.98315240196054188,0.17857542723349792,0.039015013874025853,-0.16787053271413604,0.96656497951370179,-0.19383401307291123,-0.072324537782753121,0.1840189043714017,0.9802582333591795,20.358051178761823,-3.8641092551973686,-3.8714466993987355,0.3224840422585443,0.271946540280289,0.8,True,4
-0.1101557069589206,-0.99379323086554061,0.01551562148965698,0.96858924290552928,-0.110837324162984,-0.22259821674955735,0.22293631097708982,-0.0094921998619669368,0.97478679688930259,-0.41234330035832828,-2.3573141723297431,-3.5328182418696592,,0.1193560459458041,0.6282828282828283,False,4
0.79142901557029044,0.53473358652021719,0.29614203477498313,-0.5696152346180956,0.82094090675453024,0.039931342427006994,-0.22176248060574574,-0.2002898376460385,0.954308851018008,-7.8002716537581192,3.6179025520175836,-2.556400803374244,,0.353863628557063,0.2347826086956522,False,3
0.25243986252485068,-0.96672585105070918,-0.041415513020093012,0.94415931364478312,0.25546197300425921,-0.20809221707354814,0.21174821431655119,0.01342792832324027,0.9772320013562279,-7.1424127199986884,-1.2445102641751447,-3.278361100301423,,0.128520019157207,0.4324324324324325,False,3
-0.99537606170817627,-0.089887203309856181,0.033864235698644045,0.079515070223113993,-0.9688611203883849,-0.23448983561591075,0.053887376868186732,-0.23071285200633315,0.9715285536377043,-0.94723268116031356,-20.682305334866285,-7.2012563211776186,,0.2074870501410134,0.9411764705882353,False,1
0.76279579469606607,0.62196621518595452,0.17691976362536929,-0.6278262733531943,0.77786062907426523,-0.027694985532211808,-0.15484426396039955,-0.08994925738130391,0.98383554774927429,-11.498631731289031,7.1645333587855902,-1.9165908205715134,,0.5270308088796647,0.25,False,3
0.28594214767240989,-0.91037548773973009,-0.29908787923808938,0.93703971823396737,0.33094659125465081,-0.11149403656220347,0.20048355203481563,-0.24837637782119154,0.94768956958696537,7.7909842894178789,19.086584691406955,0.47874618160679955,,0.3351549763121189,0.2051282051282051,False,1
0.9453771887349155,0.29562678614976551,0.13735637710142198,-0.30903761208767649,0.9468673954058856,0.089094836171471292,-0.10371945494850013,-0.1266765125350211,0.98650663243444559,-3.5789842858494785,-1.0747414535542457,-3.2771541675699885,,0.7749818573839053,0.2411290322580645,False,1
0.99749693100542935,-0.062311285999294148,0.033424186928984446,0.06756284048751357,0.97934790055488086,-0.19055957667880713,-0.020859895014317217,0.19234082592071175,0.9811064526666462,-5.4103497214941472,29.52504419761199,1.7741984840023328,0.2981315853230794,0.3086012512368393,0.9591836734693877,True,2
0.070185968064490289,-0.98821612297240458,-0.13602508659890533,0.97374648980723244,0.097473694615882636,-0.20571011751011081,0.2165449225332802,-0.1180159868633017,0.96911326653272922,-18.481773968250103,16.381233241352255,-0.35363036204568221,,0.1939734758199795,0.32,False,1
-0.0099900925117888707,-0.99964796889818253,-0.024579184879557903,0.97548574288183498,-0.0043388113199837961,-0.22001986308195864,0.21983576480154485,-0.026174663208285428,0.9751856866874391,18.222134740539847,4.4343314762565997,-2.0436927693282572,,0.1896871752861374,0.7428571428571429,False,1
0.12354643317880622,-0.89198478580201301,-0.4348556320740633,0.96925730481165784,0.20243336862667388,-0.13986067472917474,0.21278288445746193,-0.40420771042150538,0.88957269006965833,-9.8840606895474359,2.796217639867872,-2.6814213961059341,,0.3474941832001652,0.3409090909090909,False,2
0.1721005164823895,0.90782542054537019,0.38240609048251034,-0.97048306164820086,0.22283301593169536,-0.092239221943384908,-0.16894981290439756,-0.35524421574799486,0.91937887070410906,-11.006805871486282,2.8366019065034433,-2.6444370006095941,,0.485911360027839,0.3120567375886525,False,2
0.27273584056200462,-0.96065531920689484,-0.052502561389288667,0.94069067782745286,0.27771789189045798,-0.19486872805159902,0.20178258081773304,0.00375901628343411,0.97942312606713366,-20.845231416046474,19.152888608053885,0.12050380643866668,,0.1813088402685858,0.5555555555555556,False,1
0.79268722007086201,-0.60057315974306902,-0.10468453053127903,0.6033274502246766,0.79746655972139069,-0.0065630733288248311,0.087424018105545773,-0.05795658653125646,0.99448382346618669,-10.094874747848182,0.33773688832139953,-2.997459325336036,,0.285065113918917,0.5454545454545454,False,3
0.85922564799030177,0.43328602802032751,0.27201930769343224,-0.49108705366462219,0.84757068768870303,0.2011403368146234,-0.14340429407324823,-0.30641009659159008,0.94103563224146103,-8.8639839251570205,6.9547332120953378,-1.9068498146077033,,0.414802472002505,0.1777777777777778,False,2
0.99077186459087763,-0.13434045362628438,0.017993189116997047,0.13543407392278656,0.98648407257718895,-0.092232240416249472,-0.0053594734622993221,0.093817999717579578,0.99557493890374693,-6.543058799388322,18.135254362310803,0.095042149364305661,,0.3093504185515102,0.5357142857142857,False,1
-0.88032860950791192,-0.4705980357782113,-0.059657589655923569,0.44946533594504195,-0.78728866337096748,-0.42208704352463278,0.15166558958997894,-0.39838931869371674,0.90459023855283738,-11.062415343462973,0.6800521516433975,-2.9166265737687387,,0.2022841014794781,0.35,False,3
0.53433081138820371,-0.8399664193584131,-0.094588574106129586,0.8284363661209786,0.54262200086244017,-0.13876077063893213,0.16788022900119107,-0.0042164594446938118,0.98579838211485149,-22.03646194647537,14.805782554060254,-0.56612703019470734,,0.2313073588550191,0.3043478260869565,False,2
-0.53288875546604719,0.84290975826505898,0.074382213730072658,-0.82916899296461288,-0.50261156753669278,-0.2446638373040812,-0.16884417491846382,-0.19205403302156229,0.96675068812815179,25.187026473355711,-4.2028967225627163,-3.922910425674452,,0.1492324677496772,0.6,False,2
0.98403429732010261,0.13516996656036795,0.11578247638482099,-0.1626815164349999,0.94697247865822676,0.27708816083388399,-0.07218882121313154,-0.2914999224767727,0.95384305275443237,-10.326510967983138,1.1909199782084618,-2.8309934030661359,,0.776435997701381,0.3636363636363636,False,1
