axis_00,axis_01,axis_02,axis_10,axis_11,axis_12,axis_20,axis_21,axis_22,location_x,location_y,location_z,dbh,dbh_approximation,score,reconstructed,number_clusters
-0.45677631575145333,0.88609307862941156,0.07870484974624363,-0.87879943217603362,-0.43573726098639604,-0.19453687926753913,-0.13808314660235796,-0.15802561625611086,0.97773255506363677,-1.54714354050971,-3.9576889756884146,-3.6993880638252676,,0.1156104261920612,0.1794871794871795,False,5
0.93064877191353235,0.36350171157241368,0.04194483305198899,-0.36237577716789166,0.93147707485686149,-0.032159837345216477,-0.050760806315502741,0.01472972165487261,0.99860221101406044,4.3260693251981115,-1.1448545201000078,-3.4339558758017654,,0.07285916301240744,0.205607476635514,False,1
-0.3685261346677659,0.92840176662287832,0.047525233280372933,-0.92151291278410763,-0.35809967402880633,-0.15026168850579305,-0.12248444651867042,-0.099170475404632474,0.98750330489018334,-5.4357798409705449,-0.48890070087014126,-2.9956636384156252,0.1552281053196235,0.1823432598729015,0.8163265306122449,True,5
-0.80403490565238356,0.59406923483701346,0.024690376925591281,-0.58955822853602557,-0.79116689085462311,-0.16271461514225455,-0.077129538168109468,-0.14538464511630489,0.98636420216184872,-3.0967986493916277,8.0635859153897016,-1.6704128147982511,0.3445625027475395,0.2754326503244482,0.9547738693467337,True,5
-0.99814810777629626,0.060711851835100292,0.0037981560462635976,-0.060554770645681669,-0.98574567163213489,-0.1569668455775283,-0.0057857319889381906,-0.15690615636508201,0.98759656915163918,3.5929135218105626,-1.6879787750361837,-3.501629680116837,0.3111576637003842,0.2481008922119829,0.9874213836477987,True,5
-0.96523858313150901,0.26136517956526106,-0.0016494074985263056,-0.25646536903517214,-0.94832237990026202,-0.18684265644107137,-0.050398334495598787,-0.17992472506890808,0.98238846755697828,14.362083572476408,-5.5291724999214393,-4.8404014820182732,0.4528950519806315,0.3123207035336297,0.9936305732484076,True,5
-0.1515036153989105,-0.91820823666870144,-0.36597853575696404,0.97961353142745622,-0.090061674235455441,-0.17957233606024359,0.13192415838384322,-0.3857233839782846,0.91313388256435535,-3.6151483535173079,-3.5837999666953797,-3.5606322494363369,,0.57322404628389,0.2101167315175097,False,1
-0.94225160441912936,0.33425304571539582,0.020900129175607862,-0.3318480697919845,-0.92341511229539008,-0.19282476230978482,-0.045152768961710749,-0.1886251091834607,0.98101059914794864,-13.012466321942986,1.1143792750053305,-2.4977284137682281,0.1780095005445508,0.2165446221600397,0.5774647887323944,True,5
-0.45385793832922744,0.89025107439194417,0.038288331898014408,-0.88336590116914482,-0.44387677949328286,-0.15045959350701515,-0.11695151331713485,-0.10210988772230034,0.98787444261007762,-12.135194289979388,-2.1513363143125304,-3.0610478968839976,0.1549402021791183,0.15293384821811,0.6190476190476191,True,5
-0.96735974049311235,-0.25336284003938619,-0.0047332610613846395,0.25051577352621718,-0.95334218653902159,-0.16846519693859241,0.038170403294435856,-0.16415220574873207,0.98569623802679018,-7.5062261829751957,-3.4885815440815273,-3.4008091864270096,0.2473840313418025,0.2198590361039238,0.9238410596026491,True,5
-0.90827010250700668,-0.41775045039619968,-0.0230213397890798,0.41526510000644856,-0.89342642205163791,-0.17130126997965681,0.050993309448850027,-0.16514778101379793,0.98494969050082615,7.5629053027624149,-21.185996311288335,-7.0051449867406532,,0.2257432434513594,0.9285714285714286,True,5
-0.34796588258579997,0.93274718167136084,0.094352740502956389,-0.92926494217037259,-0.32983947684391896,-0.16635079431257083,-0.12404197599755752,-0.14556309490891858,0.98154214050704847,-6.6825928321519594,-13.545001828873399,-5.0339936196171786,,0.1102808833182552,0.3333333333333333,False,1
-0.86088080691636881,0.50817661922003365,0.025313236875608144,-0.50437673175524933,-0.8457780926279459,-0.17396416439752582,-0.066995139726081565,-0.16252981790653936,0.98442658921036497,20.191085036149332,-3.8453979632218367,-4.8068564478419331,0.2211106119982571,0.2315735618865581,0.8571428571428571,True,5
-0.91961051654965531,0.39257585076103285,0.014166836292126204,-0.38954704552105174,-0.90667509590052597,-0.16184365850904425,-0.050691194275695538,-0.15435177962376637,0.98671471609066441,0.22973001959724357,-5.7096282739427862,-4.0467547419675851,,0.2819082973883346,0.9831649831649831,True,5
0.32524123828089535,0.94327637993553481,0.066691888391473622,-0.9333701139815529,0.33154504772954957,-0.13747040282210554,-0.15178394924224048,-0.017537171428759653,0.98825810412599513,-8.2366499229603392,-14.023236867625531,-5.0721397623550395,,0.1455847581855141,0.3333333333333333,False,2
0.92489454894056267,-0.34855044411902492,-0.15192979051016811,0.37710726817450646,0.89195489699488395,0.2494124496026737,0.048581700567125428,-0.28797404332904047,0.956405127934146,0.82533629547415377,-7.9547286009949545,-4.4733077875219873,,0.261489311094424,0.2361111111111111,False,1
-0.64422347496072752,0.76441270711654719,0.02548190550717901,-0.75817277847168685,-0.63386675930995406,-0.15292798771454191,-0.10074796421788101,-0.11783948676334449,0.98790875239837039,-9.0748815941991534,7.3433117717568051,-1.4765742584897339,0.2859403897851565,0.2639559182638503,0.9925925925925926,True,5
-0.10884793466944598,-0.98894751997596442,-0.10067238872494649,0.98536245630037422,-0.093974605341658135,-0.14223080982886183,0.13119815864519699,-0.11468032213187365,0.98470069913849512,-7.8017608179744897,1.4266561327220342,-2.5431868477512221,,0.2981599336200477,0.3763440860215054,False,3
-0.8789631181024351,0.4761641904192368,0.026296402378230797,-0.47297356080525182,-0.8633666329524039,-0.17576708418708642,-0.060990554964239135,-0.16693028744605418,0.98408050043598183,-2.0466222963454284,16.00868661826819,-0.41727822842788337,,0.33331827575527,0.9893617021276596,True,4
-0.83782636464044025,0.54505624175663736,0.030994774325909837,-0.54127170975945915,-0.82192115097194196,-0.17739943009781672,-0.071217406070817849,-0.16540651410113352,0.98365073383058899,1.1780333874095519,-9.0071422100760117,-4.6359939622408293,,0.190841360614931,0.8633333333333333,True,5
0.18472751188234585,0.97896060054125555,0.08667115403444349,-0.97232184868334071,0.19488503532851259,-0.12887996577441704,-0.14305931960822527,-0.060464581309298777,0.98786540858576632,17.360557169130896,-4.1560913780989628,-4.6173579989483997,,0.1297413002466052,0.2380952380952381,False,2
0.95925582471066917,0.26645980360005606,0.093954434829197797,-0.27973248956709013,0.94243243072755112,0.18322349138022054,-0.039724010865623979,-0.20204030929094213,0.97857126280223916,-15.432982588314115,4.048526375562421,-1.9422279194066516,,0.2856793837159116,0.2,False,1
-0.71424306002641669,0.69924776101157038,0.030156590065945996,-0.69387729289937505,-0.70180233072401044,-0.16126931198768432,-0.091603240132295261,-0.13611045996047336,0.9864495877066467,-17.863576086961242,-0.90625121354015015,-2.7263557340055584,,0.1707748614160419,0.7555555555555555,True,1
-0.5910436103213923,0.80580338122758499,0.036720042217355253,-0.79975458131525246,-0.57945627504738695,-0.15691728704470781,-0.10516682159083363,-0.12211198184616175,0.98692887460347611,15.407448892920945,12.462727048605162,-1.7719702768690286,0.2596241096890049,0.2785263432036583,0.9827586206896551,True,4
0.93672793874080351,-0.34703810067834739,-0.045883825690212626,0.34408841540774271,0.93691314179341734,-0.061619210616295092,0.064373373102496759,0.041932343272847186,0.99704450623984375,-7.2095602688458769,-4.4209035260807852,-3.571701690406742,,0.2699664330117076,0.5227272727272727,False,5
-0.78023932987767053,-0.62481589805319782,-0.028838891310508891,0.61873067349337718,-0.76424232051032015,-0.18195062302567905,0.091645740711040286,-0.15980853882373391,0.98288467743095276,-13.434417633389888,9.2332862511413829,-1.0229247356257178,,0.2154615186880021,0.8253968253968254,False,6
-0.54275128251044669,-0.83587935703619332,-0.082016741059526416,0.83349302510281542,-0.52400846680736735,-0.17522700653480708,0.10349117082255212,-0.16346506414201198,0.98110588132312482,-8.9870536465406836,-4.3949047993629069,-3.5033783882710172,0.2470545243573173,0.2649853742384709,0.9545454545454546,True,6
-0.60005698975927357,0.79859653585481094,0.046638846059222014,-0.79354871259483351,-0.58687239119886792,-0.1608142941022532,-0.10105468707646459,-0.13350793747646478,0.98588213334589825,6.8843117370723856,-1.1202839909729592,-3.5905171833861371,0.2810125832349343,0.2479021088235938,0.8018433179723502,True,5
0.24818063713051519,0.96826616814103472,0.029444846526482851,-0.95989987408734201,0.24989987802572813,-0.12705228329247081,-0.13037869105262431,0.0032678121431200871,0.99145888382887615,-7.4916166712774093,-15.647136245786671,-5.3632857591300098,0.1997846190213038,0.2340365477441593,0.9382716049382716,True,5
-0.98007781906372393,-0.1985946094683847,-0.002765803571203939,0.1965159110482663,-0.96761254070686042,-0.1584533615032637,0.028791757226064717,-0.15584014937401017,0.98736258920364306,8.3224657893725418,-13.527467819196461,-5.8240220296012213,0.3103633463328002,0.2606152326999622,0.9902912621359223,True,5
-0.83397370940092785,0.52425011227320539,0.17219080059511888,-0.54713601959202773,-0.74512250784387579,-0.38135891804105615,-0.071624214432332134,-0.41225510073980204,0.90824870152451453,-5.4092476595924603,-7.1698083225015514,-4.0612991120601016,,0.3429843858969314,0.1296296296296296,False,1
-0.80370396315710479,-0.59489295664533515,-0.01274008396100542,0.58868418071854467,-0.79183281305410158,-0.16263988300095081,0.086665304345498684,-0.13821420442414201,0.98660324280741307,-9.965855993599126,11.084028298593301,-0.87551463292875531,0.2665214820911677,0.2629354083416215,0.7,True,5
0.9949780093920445,-0.099673782781646639,-0.0091595770777219664,0.1000158455502777,0.98642200276441472,0.13026305347681935,-0.0039486029312409895,-0.13052497649200648,0.9914371583951519,-8.1249556913219827,-3.9802673733164986,-3.4567726738024835,,0.2039913295428731,0.3269230769230769,False,5
0.86880130694188851,-0.48829845867649335,-0.082151715199538011,0.49301236934399878,0.86848176350444239,0.051751619627107254,0.046077030393480878,-0.085463686524587995,0.99527527124697734,-2.5005876192733112,0.75860914111655398,-2.8616135423776496,,0.2085771636532428,0.2042682926829268,False,3
-0.50555335535724943,0.85913031213720492,0.079441246554013301,-0.85176882946368615,-0.48229906164814607,-0.2046398697404285,-0.13749787649665166,-0.17112195037559211,0.97560832922775154,2.4437105073588317,12.172002375325569,-1.2316904859068851,,0.2897823233691748,0.5072463768115942,False,5
-0.70335875966943839,-0.7018594219469787,-0.11260464919586216,0.70016692672788727,-0.65671317036517318,-0.28016796138272015,0.12268956725286659,-0.27590064098000361,0.95332371542626004,-6.1791531689782833,1.4883284745770888,-2.6391276884752175,,0.3514157723671077,0.6147859922178989,False,4
0.77981709566025736,0.61800065191136955,0.099802262264558267,-0.62020235854647654,0.78436528943103589,-0.010960254976743661,-0.085054875047754802,-0.05335060424109303,0.9949469238395191,-11.495780054549025,-15.786555609187877,-5.232716390262822,,0.2624014732599383,0.3103448275862069,False,1
0.98478291831856879,0.16821406882101017,0.04366498412508947,-0.1700093218858689,0.98457746478582875,0.041280095782564086,-0.036047666496887912,-0.048075387534487229,0.99819302885440908,-2.5617859165381742,16.787702236748572,-0.32523926082611071,,0.2093606748172302,0.1052631578947368,False,3
0.96209440429718152,-0.27126352220631456,-0.028115098084046709,0.26971400426986009,0.96168780048970004,-0.049101224933809168,0.040357318057188618,0.039656978068266888,0.9983980223186163,-13.876227487185467,6.7581183679990158,-1.4349504704314131,,0.116157454852343,0.1363636363636364,True,4
-0.74227012567853512,0.66817605997979124,0.050752471812268177,-0.66483701415280516,-0.7248496929137771,-0.18051223586002868,-0.083826040927358944,-0.16773096181887959,0.98226244930250672,-20.379158959185368,1.0860515293986122,-2.2946386860867678,,0.191567742650412,0.3870967741935484,True,2
-0.96052196993738681,-0.27818517098781281,-0.0032489860085412291,0.27553163804735648,-0.9496152130554234,-0.14937624834170862,0.038468970645741223,-0.14437436675596052,0.98877509096926253,17.521364560476417,5.4304983854057918,-3.0805259922321366,0.2100801372617054,0.2373837063476472,1.0,True,5
-0.72944385810475165,0.68386583801345702,0.015465234282306705,-0.678053640657451,-0.71988989265037617,-0.14833004702691038,-0.090304586065330886,-0.11868470018490725,0.98881698189178946,9.7942856380545145,5.0207326273246373,-2.7299757647434437,0.3399469261245427,0.2708861830455502,1.0,True,5
0.98125487962691138,0.18424628160985995,0.05649928248495982,-0.18059741737475191,0.98146824081664441,-0.06406766037440613,-0.067256479583343881,0.05266307986835541,0.99634490311981549,-5.1814898466321369,-5.6263261992509941,-3.7899137588669798,,0.5462696577680827,0.5980861244019139,False,2
-0.87155869944333852,0.48872185420532488,0.039196717295542395,-0.4861809503418773,-0.85115584817996681,-0.19789341988482356,-0.06335232394558607,-0.19153242892823991,0.97943953959371255,19.127971819852977,-8.076032256900854,-5.4241962323904023,,0.5139605751119513,0.1785714285714286,False,1
-0.29861913457235201,0.92693216513706567,0.22720777649889495,-0.94467257197205357,-0.25322939351182461,-0.20849126126852216,-0.13572156877580352,-0.27689643460316676,0.95126653482243861,-1.7263297155063806,-6.6232398134616242,-4.1304655996427977,,0.2982735381370057,0.2697368421052632,False,6
-0.40567450724840426,0.90185234216874943,0.14862889050755015,-0.9055453827275517,-0.3744758552261972,-0.19938754643512735,-0.12416019486766416,-0.21547665019056958,0.96858353239825168,8.1513389077461227,-16.62444408343443,-6.2717784218328996,,0.2402323878539686,0.2608695652173913,False,5
-0.093638906704470393,0.97560447195434896,0.19856401852769523,-0.98720924933118936,-0.065135751998929126,-0.14551711874031545,-0.12903353512223312,-0.20965029958053827,0.96922499900675785,-11.259092369116891,1.4240743586254654,-2.4602095115887477,0.6146110116069683,0.3225409620832106,0.5166666666666667,True,4
-0.26150322936751891,0.96442048048706752,0.038848395686963876,-0.95693374380169238,-0.25379569777535566,-0.14094521547181241,-0.12607089673685251,-0.074032969735195645,0.98925489555935608,-14.054229032411643,-10.073255152345819,-4.2973405053957139,,0.1069283919327054,0.4,False,3
-0.72022997710705994,-0.69363214253320782,-0.011967912146825403,0.68737518392405239,-0.71119000885739603,-0.14739107105517138,0.093723724860557564,-0.11438191354496223,0.98900588534753131,-10.000740765280691,-1.1840317524561008,-2.8889110395469202,0.1538608165574962,0.1546221754100257,0.8691588785046729,True,5
-0.66209423425974478,0.74061292643770249,0.11455879780001821,-0.74178868936370013,-0.625889328593764,-0.24085698803342259,-0.10668066972084156,-0.24444844353325396,0.96377600777467154,-2.4123918047348929,-4.1672119105902325,-3.6937129130942075,,0.3209824255189758,0.8033175355450237,False,5
0.69987755831549092,-0.70068321982038151,-0.13861612037743501,0.70874947370816077,0.70533817298054091,0.013124223972455801,0.088575317582006471,-0.10742945219360216,0.99025922157616453,-9.0839141114532147,1.8701214795824406,-2.4282095262434837,,0.2540631042187598,0.1794871794871795,False,3
-0.91773686414994293,0.38497497572385725,0.097741067349629993,-0.39535801991826391,-0.86181422852346024,-0.31775504968579615,-0.038093099985941486,-0.33025823771849921,0.94312163168518859,6.1898984912960033,-18.10910068939188,-6.4102590759932685,,0.3167383469014881,0.32,False,5
-0.34694787360374962,0.89898166313120176,0.26731842876183209,-0.92913159113275434,-0.29060427615835199,-0.22861242537884108,-0.12783449988540813,-0.32769059191917382,0.93609679873756058,4.0344631302056415,-1.0578694357807739,-3.4209048603109573,,0.5401115608578575,0.2577319587628866,False,5
-0.40566954981272779,0.91205025169404319,0.059971282624037531,-0.9059131388894841,-0.39248587655952766,-0.15898497252477123,-0.12146440277769351,-0.11882413511628302,0.98545787518885197,1.9602349764473133,-13.071560608530975,-5.3622694872705887,0.2670551294442919,0.2504483409761893,0.3389830508474576,True,5
-0.9625856604624915,-0.27091079368803117,-0.0060156575128600537,0.2687719102200995,-0.9516885297579587,-0.14849445310776804,0.034503717895754335,-0.1445554709807185,0.98889494349041707,11.75238738867165,-9.6643077102976331,-5.2977363392805481,0.2408262241024801,0.2286347284315208,0.8235294117647058,True,5
-0.66075531316914748,0.74948928709340823,0.040843905921900202,-0.74434347553898594,-0.64726378288069697,-0.1643240268296563,-0.096722316666244729,-0.13897986869753948,0.98556044439472634,-17.567744661189188,-9.7208716336931875,-4.2276000464800498,0.1851362404317344,0.1384615511863176,0.6875,True,4
-0.81471071316949262,0.578788583323807,0.035358586805440122,-0.57472215407877536,-0.79787359024386939,-0.18191256032064124,-0.077077230476384484,-0.16852747492732184,0.98267878309074741,-2.1567449674896606,-9.6717337340937846,-4.5763306364850216,0.1128464815548504,0.1503481075169281,0.9122807017543859,True,5
0.16925523945360718,0.98433194035781357,0.049429698652969624,-0.97682434198659607,0.1742092241256297,-0.12435976492418584,-0.13102239816136299,-0.027235591070645437,0.99100522388082157,7.0835707178387501,8.5659757466490287,-2.0236479147173578,,0.3574588556510196,0.9805825242718447,True,5
0.22236024426706658,0.96315474324840822,0.15129065512312009,-0.97199952368621023,0.23109159982918817,-0.042586364509853453,-0.075979258506978842,-0.13758493030299024,0.98757153625965288,5.5793966949194918,-6.2424570978394396,-4.3839761746273211,,0.4284848971677241,1.0,True,6
-0.22100592887580547,-0.96505767784671659,-0.1407837271521295,0.96464537076500068,-0.19505620295034534,-0.17723539813549577,0.14358164250138802,-0.17497644447095315,0.97404699877208578,-7.131548021021942,0.49944217680851033,-2.7509080067966534,,0.220615809097579,0.25,False,4
0.98342326513706002,-0.18078083586078483,-0.014034634752598425,0.17978952380532909,0.98222226084037423,-0.053992197950033474,0.023545885352134099,0.050573903300996988,0.9984427232384866,-10.086633285314589,1.2330345944118069,-2.5236310944959364,,0.28705427307332,0.3777777777777778,False,5
0.72673864935266108,0.63133347523796546,0.27068243123820007,-0.68041617935361043,0.71569005210001113,0.15754863439242633,-0.094258996445458876,-0.29867338744695066,0.9496891329377517,8.066038608084197,-16.943951696442156,-6.3472900417254214,,0.3048944509805486,0.2608695652173913,False,2
-0.44032542674862651,0.89640691244606996,0.050677074476952577,-0.89003429274012191,-0.42837651814491445,-0.15598883437166006,-0.11812060068095376,-0.11379018420295513,0.98645796548754527,-4.4448806688377305,-13.022579663485272,-5.0555463321116907,,0.2676631995791985,0.9302325581395349,True,5
-0.50685541444347393,0.85128840821320939,0.13566736855689968,-0.85207708049318176,-0.47091140029064898,-0.22848873489630661,-0.13062250092364969,-0.23140980773968819,0.96404733448847357,0.0015008570526771903,-9.5583982290719938,-4.6858691642971628,,0.2493119972423467,0.4210526315789473,False,4
-0.63912196472748384,0.76864574775235883,0.026586249549330997,-0.76251490806636535,-0.62875096770351757,-0.15245732382681323,-0.10046954354143522,-0.11771123597222465,0.98795239548597091,18.095518559695407,2.4374510508966591,-3.5969577719101755,0.3654787018734189,0.3063035136363939,0.9642857142857143,True,5
0.98451719276963146,0.17436892009242008,0.017926986551233641,-0.17342319593206895,0.98381421146032411,-0.045099805336699467,-0.025500828490700407,0.041292578443398009,0.99882162106743777,-1.7103699312737857,0.22465630402692449,-2.9828777242003137,,0.6384042452172818,0.4788519637462236,False,1
-0.73640642071632179,0.67569421666814078,0.033806938474261188,-0.67068644332078819,-0.72256462617892458,-0.16757104684467744,-0.088799089373066228,-0.14607425014744305,0.98528018105023096,9.6358313899596837,14.19085280371209,-1.2323771045133789,,0.2822461011500143,0.9849624060150376,True,5
0.99625524516522357,-0.08631757737315339,0.0049761749575151018,0.085552312713828349,0.99247379052391338,0.08761607679192529,-0.012501530710014379,-0.086862252788670616,0.99614188787058922,-8.5522102298273417,0.071122729904497861,-2.7695482246904861,,0.3305571425350139,0.343065693430657,False,7
-0.64996489005677183,0.75938936048837091,0.029554033067438146,-0.75281752844621763,-0.6380448373021681,-0.1617546118544308,-0.1039779330320444,-0.12738361263958753,0.98638836401960406,-1.8497583571105387,-16.581402797060907,-5.7298198192660355,0.3035239808317868,0.2339645582488388,1.0,True,5
-0.99455195556811116,-0.10311284788322501,-0.015301904360466422,0.10292208303106234,-0.94803481906723386,-0.30105983900331867,0.016536399251138506,-0.30099455549489257,0.95348247234138439,-4.1127593896508436,-7.6481447364548512,-4.1665226085149607,,0.09139493336133761,0.3725490196078431,False,5
0.76807378109383961,-0.63686858591873841,-0.066791249921529877,0.63437163781342554,0.77097184041529587,-0.05634755029781402,0.087380157553793622,0.00090860140829050751,0.9961746245058426,-7.7126949389691042,-0.78520452188730294,-2.9217560334982484,,0.441230985626247,0.5656565656565656,False,5
0.20701064600042254,0.97514894261040508,0.078937520662208577,-0.96479680535790102,0.21685782628658318,-0.14879451451396436,-0.16221503263777973,-0.045356619186917149,0.98571246328848716,-10.306796040912442,-5.6277247952407681,-3.7069237373300661,,0.144812251751597,0.3,False,3
0.83789715156651801,0.54479832872516543,0.033513346818578996,-0.54098365714742058,0.83705577503572459,-0.081696463685673001,-0.072560637373977485,0.050323061290118098,0.99609364188628047,0.051255701953992927,-7.2032816613272956,-4.3066595000954884,,0.08738779602935366,0.2133333333333333,False,5
-0.79692022710671973,0.60304519728430805,0.035420921226061511,-0.59822205378630511,-0.77967928824047106,-0.18501508547284862,-0.083955500069189698,-0.16863184017604921,0.98209713190038916,-8.0449587396491768,-2.3483079311152557,-3.1888651730462518,,0.1081863221756515,0.2195121951219512,False,5
0.73403648378109221,0.67013128113606191,0.11006591898144572,-0.67480872672823922,0.73795628116979939,0.0073286706469683494,-0.076312664805406952,-0.079652954276533364,0.99389727037824094,-3.7614661564708793,-12.246748386712476,-4.9560446103499549,,0.2799484318450349,0.5421686746987951,False,8
-0.46540066661439217,0.85623822689171603,0.22418367095801298,-0.87882117127207537,-0.41691433707496328,-0.23206849089292991,-0.10524052659910692,-0.30502218665316,0.94651249184068786,11.962368215836023,8.6772296620128468,-2.2547002546543893,,0.2801553736286295,0.2413793103448276,False,7
0.13119844989756635,-0.99042350022205761,-0.042991359043003309,0.98317030930745064,0.13555411416323751,-0.12247948819991142,0.12713421900011038,-0.026198708771781598,0.99153946871414278,-6.49709559506835,-8.7380848912198985,-4.305355948774543,,0.08231508200173014,0.4545454545454545,False,4
0.60658743210761279,0.75280961505557609,0.25559610851686554,-0.78371230347885523,0.62023990506377269,0.033128319340810924,-0.13359158875077659,-0.22040903712496801,0.96621588879954057,12.909781644487669,-4.5919713860533697,-4.6288587306305562,,0.3734546390468507,0.3882352941176471,False,7
-0.32795966540178967,0.94418861408544019,0.030827242837460366,-0.93658419707945095,-0.32070584914245781,-0.1412720782987687,-0.12350101072697586,-0.075203852010575722,0.98949071799193022,1.7706175613327721,3.9132909765950079,-2.5422564040407076,,0.3058656171370656,0.9950248756218906,False,5
-0.87999582244641017,-0.47443637198358235,-0.022748217862565569,0.46712747723277004,-0.85577835220765952,-0.22234057638427507,0.086019024006406819,-0.20628509600017067,0.97470364043497171,-12.74274732721384,-2.8201200070742716,-3.1532170199038663,,0.1412271842986605,0.1818181818181818,False,4
0.56955588675947311,-0.81259543735655115,-0.12367193313337686,0.81524711124516536,0.57765826535854758,-0.041025310106902246,0.10477709417637111,-0.0774569793515716,0.99147474848615647,-9.4286841341215553,5.1184973900115791,-1.819505945222331,0.6526095729912477,0.330325558382021,0.2758620689655172,True,7
-0.99821042195432119,0.059664764627262196,0.0040086610919160617,-0.059467848190668686,-0.98339711530441687,-0.17144587671484912,-0.0062871721264827693,-0.17137744738711994,0.98518538458187022,-3.2284726383081344,-5.1639795912888342,-3.8265505158513591,,0.2078106668432028,0.8783542039355993,True,5
0.46127912495384599,-0.88466582674207439,-0.067734362598140391,0.88279952788312754,0.46526443427508174,-0.064761097643691631,0.088806319882887674,-0.029922920870970302,0.99559934529679617,-5.2728697759337182,2.2250445871658728,-2.5183338841572818,,0.1653686292641902,0.2698412698412698,False,4
0.49846999285139953,-0.85788427079151897,-0.12474872406253121,0.85719491355879351,0.50923536296028116,-0.076786882210723634,0.12940072022851595,-0.068658015112690665,0.98921258107907606,-4.0098628450712592,-3.7326433575855313,-3.5634529101692469,,0.3522791561935179,0.2804878048780488,False,5
-0.51413370251531165,0.85670586869523846,0.041492053227510442,-0.8494209840790018,-0.50185970915575095,-0.16315889228713737,-0.11895599078717149,-0.11912970607385308,0.98572693246486898,-5.9440921947948002,-15.124177085701801,-5.3138866852894617,,0.1551438915185803,0.7866666666666666,False,5
-0.95977798281166549,0.28053685940181078,0.011193490382318386,-0.27860896395905971,-0.94674135516176916,-0.16142444557165517,-0.034688166737804324,-0.15805023550575811,0.9868215918518124,-4.7439438932271347,3.8916304635767807,-2.1957607779382173,0.3615420502148985,0.2715363082936089,0.9182156133828996,True,5
-0.93974374624137613,0.34147688564468492,0.016589996100960312,-0.338347365953792,-0.92198121008497935,-0.18833934321422821,-0.049017867684691629,-0.18260390143872282,0.98196388112139976,11.616190087475992,9.7547790149831517,-2.0381116608855483,,0.1245220899833869,0.717948717948718,False,5
-0.66385085845907588,0.74771217347572516,0.015117650589773522,-0.74045468442224349,-0.65430011931646892,-0.15368218562868541,-0.10501856045625076,-0.11321598605612639,0.9880046773477521,-5.0169258815707876,-2.2127960581585842,-3.2740074236525194,,0.07893732396701537,0.3357142857142857,False,5
-0.20194386558863872,0.97911916948498456,0.023330818634409976,-0.97065854080764291,-0.19691016197047545,-0.13801588774462903,-0.1305399261080486,-0.050517720255322175,0.99015518361108934,-12.786032211841759,-3.6852787250849746,-3.3007408642583784,0.1853697312692662,0.1800359054624908,0.9014084507042254,True,5
-0.11340308346849962,-0.96408597982031208,-0.24016237043663696,0.98467185335013663,-0.076816478671614008,-0.15659045253303172,0.13251823225444381,-0.25423896656177897,0.95801955408110318,-8.8766836144555228,2.014274969665669,-2.4242123680603549,,0.4436352466924893,0.3238095238095238,False,1
0.23539895235788255,-0.94781372062320668,-0.21502670584651945,0.96365629413424958,0.25637152110738798,-0.075101197996629232,0.12630866955302827,-0.18953309516672387,0.97371624502843035,-4.8026645177478917,-5.5711859049469066,-3.8244824559388002,,0.5323221071472963,0.2096317280453258,False,4
-0.45891049949308027,0.84465604924959203,0.27560354119837277,-0.88343004953644366,-0.4007589097605409,-0.24278312096103405,-0.094617657078628598,-0.35489217336201478,0.93010700688433579,-6.3382832151462845,0.99622497436611013,-2.6710297254370965,,0.5653798664542834,0.2692307692307692,False,3
-0.030205778416922742,0.99687593481362824,0.072979322685837025,-0.9899625664901226,-0.01975136019623739,-0.13994284804408105,-0.13806421657517937,-0.076473880245834652,0.98746646410985972,4.9141136466428108,-18.366894989418544,-6.3466619934991559,,0.1450823889044255,0.1052631578947368,False,4
-0.24217900195758787,-0.95738152145695554,-0.15738473046516688,0.96380074232102397,-0.21874190987657449,-0.1524470595485303,0.11152336128485042,-0.18860699678515397,0.97569971848485004,-3.3046126395752564,-6.1045914484688915,-3.9476128460642501,,0.2677548520543838,0.3129770992366412,False,5
-0.99906714832675469,-0.042121213651051578,-0.0095203201000902925,0.042246310885907433,-0.90764676493268626,-0.41760339955962927,0.0089488742742860339,-0.41761603593227908,0.90857953101609767,-4.1598393274931382,-8.0156472897328186,-4.2378841043208713,,0.09264775752396799,0.323943661971831,False,4
-0.7166657966103005,0.69568460851100056,0.049122921837145769,-0.68992284747050703,-0.69690640100680357,-0.19577520980433341,-0.101963721524423,-0.17419642280092618,0.97941768708567356,-1.7766334947912517,-14.266236833900196,-5.3694018356298576,,0.1740906839796022,0.3333333333333333,False,4
-0.88754618329080626,-0.46071870158669742,-0.00022479810672867973,0.45622112332010989,-0.87881365506903097,-0.13981718886011654,0.064218838065308176,-0.12419676997601832,0.99017730895282818,-15.605161805353747,-1.7850300013949167,-2.8866580008415026,0.3010549039854026,0.1388962008102923,0.9038461538461539,True,3
-0.98479065061521076,0.1736206123374221,0.0065770382733997407,-0.17236504106945083,-0.97150621850766405,-0.16268361939072531,-0.021855596033915067,-0.16134295885633948,0.98665636497692821,-11.565756065499915,-5.846766710965853,-3.6609337818869121,0.2797565175624577,0.2032392292712417,0.7529411764705882,True,5
-0.096168077587174161,0.95092691205308444,0.29409132728860587,-0.98660504105084368,-0.051953195602615188,-0.15463297979325291,-0.13176567772470721,-0.3050227424305656,0.94318552404809908,2.8455190534940962,11.340314494941165,-1.4125884112860574,,0.6031266752359136,0.4210526315789473,False,4
-0.82108869780585181,0.57058684893742617,0.015620440299412067,-0.56629995961109281,-0.81087972562026744,-0.14757515482787895,-0.071538144230637285,-0.13001814641678472,0.98892748749459813,17.989249083508547,-10.533972067618695,-5.7747932974345488,0.2843583272452969,0.2964806498720987,1.0,True,4
-0.035495920952025285,0.9987047517845602,0.036453509552696751,-0.9899487569114549,-0.030141134962314887,-0.13817731605675962,-0.13689959198344487,-0.04099183755486574,0.98973641489471487,-8.8713065550330406,16.156151906453246,-0.14151484613526688,,0.2788068521472296,0.36,True,5
-0.98711804459912089,-0.15980857476059329,-0.0076932086802026824,0.15817909755314657,-0.96757256747918763,-0.19693323680629971,0.02402788222214829,-0.19561325643913255,0.98038671695469137,-9.2079808759883335,3.2840563952512323,-2.1929031973033313,0.3499781883103495,0.2501639209347165,0.5945945945945946,True,9
-0.9378779451209599,-0.34270721199679238,-0.05419157592348843,0.34361901523851335,-0.89579355297803476,-0.28192176717930567,0.048072158493248071,-0.28302946364004916,0.95790573142111768,-0.82226812666815963,-7.8466481761798734,-4.3436194431422965,,0.2919611551835662,0.4801762114537445,False,5
-0.16515827423654347,-0.97176222137868529,-0.16852575338021955,0.97066900982001358,-0.12988651801869491,-0.2023145219998172,0.17471238601267511,-0.19699664346923054,0.9647113063687065,8.4952219893890728,-11.842073592459666,-5.5323493736264346,,0.1953848680858819,0.2692307692307692,False,2
-0.99926835362009858,-0.036442257110972411,-0.011606866503782655,0.038231322388369092,-0.94336481330323674,-0.32954695418071622,0.0010599253820149854,-0.32974958819990707,0.94406783953282603,-3.2019347016491242,-2.5097421229508248,-3.3997713541718908,,0.3762242932344939,0.1965601965601965,False,4
0.28553199514122746,-0.9510149464010712,-0.11849916232800108,0.94606009982988126,0.29945527650799797,-0.12368033344632133,0.1531070451042176,-0.07679263697312555,0.98522135768880315,-10.228628946583342,-3.8713446728113854,-3.4041559683016116,,0.2489939651040015,0.4642857142857143,False,4
-0.96056584191573213,-0.27781244999703014,-0.011554478411760809,0.27545867780564748,-0.94511983852568771,-0.17570147309212308,0.037891689937038064,-0.17195561477260718,0.98437568355881799,-12.694234553482593,-10.299497089083321,-4.3683736056535016,0.1535393742457871,0.1321539649443539,0.5185185185185185,True,4
-0.67887879608825064,0.66449541514292232,0.31236104666843839,-0.72791391878724632,-0.55331371597872026,-0.40495093350381783,-0.096254387212017262,-0.50228455576879427,0.85932841101559299,18.157893850465985,3.6661928624471245,-3.4088887150403853,,0.2147040853964584,0.4444444444444444,False,1
-0.028054368071760493,0.93883397854259421,0.34322545530012444,-0.99071712467444928,0.019575050381654042,-0.13452284668169395,-0.13301327493481621,-0.34381328964488739,0.9295697340999628,-4.9329922429820723,1.4287135827279187,-2.6979553501031535,,0.5330230936330416,0.2831858407079646,False,1
-0.45939875919518541,-0.88774223798079921,-0.029436354304917717,0.88019712018383811,-0.4505469741844737,-0.14919937557942919,0.11918812721911756,-0.094451802301785986,0.98836888223574837,-4.3541046881041616,-17.417486812341856,-5.8109794903543026,,0.1484417068670685,0.3333333333333333,True,4
0.88589342235643542,-0.44390416693430967,-0.13469199977711488,0.45735397668357469,0.88435095696619592,0.093545309474567878,0.077589846225662062,-0.14447309608134365,0.98646203184478864,-4.3223857136931088,-2.7642508811346449,-3.3616688502333938,,0.2060208048952368,0.2,False,3
-0.47628138601603537,-0.87461006427967058,-0.090627130570018741,0.87132482762185837,-0.45560773118542536,-0.18224884102185138,0.11810624921816532,-0.16576739952348862,0.97906694518344206,-8.9301969642187569,13.710563042678201,-0.55148009259691544,,0.3733506439625366,0.2794117647058824,False,1
0.94609912351635117,0.32297444712598522,0.024165160567541047,-0.32284769853754697,0.94640735476710858,-0.0090819817073156395,-0.025803333710977566,0.0007907884590619297,0.99966672577565174,3.3511770154708413,14.204275558593039,-0.95768951807083891,,0.1424045871567428,0.45,False,4
-0.68318765552851091,0.72814917595049944,0.055257622967918057,-0.7237908224997488,-0.66517316763369028,-0.18349796272792507,-0.096858002243455948,-0.16535850332767971,0.98146578787986083,-9.1717635864649001,-2.000650074879855,-3.0874429034178701,,0.2421496640673358,0.3469387755102041,False,4
-0.74757957070622627,0.63401841227939315,0.19785206178711312,-0.66360144096072904,-0.72537343112533204,-0.18293854971630968,0.027530220077910041,-0.26805603576151787,0.96300989022661732,-4.7123068938528485,13.600819818624464,-0.72206735654875043,,0.2319452412234231,0.1379310344827586,False,3
0.66017417298784875,0.73177552381952393,0.16933589122945347,-0.74726377897757357,0.66267607518117422,0.049570797962435714,-0.075940147142127185,-0.15926393854585538,0.98431097318423533,12.780305621086942,10.499524337417002,-1.9435679614300145,,0.1981077676811292,0.2777777777777778,False,5
0.06140294605517093,0.98446461229786963,0.16449652078068508,-0.98921062122853354,0.081985840938172516,-0.1214111557243342,-0.133011371936401,-0.15526670286595662,0.9788770228770981,-6.3267539932340995,15.178477995819035,-0.38316892726344892,,0.1784086027595989,0.3333333333333333,False,1
-0.99985039412235377,-0.017216964147696207,0.0016629849399957611,0.016705670348847804,-0.98611593079038329,-0.16521589396789638,0.0044844120650691793,-0.16516339542087552,0.98625602297855608,11.486150240902932,25.81390086828678,0.49839169580026421,,0.2901322027083939,0.9,False,1
0.76390746084578531,0.62839513466735952,0.14685007998137556,-0.63673429992224118,0.77097108560712235,0.013153572150149395,-0.10495152484208387,-0.10355259477273879,0.98907130053861902,-8.7860291314289469,-6.8054850385501195,-3.9099246269804158,,0.3758453825955643,0.2258064516129032,False,4
0.38755892515272267,-0.91961118765092242,-0.064135349704567274,0.91375371181636167,0.39242404627091809,-0.10515475286539597,0.1218697406097526,-0.017850250855975705,0.992385577720722,-8.7670919213659069,14.287359951119203,-0.43558650818224715,,0.08985254870968737,0.3461538461538461,False,1
-0.99611439948983793,-0.083842192139042371,-0.026955332428282124,0.086962786691400548,-0.88804717936937949,-0.45145285572798721,0.013913190139765391,-0.45204280110561296,0.89188773346690109,22.732562641593113,8.9411021242116657,-2.6994120596821642,,0.2897054377977104,0.4,False,1
-0.84587968723483153,0.52669484328976157,0.084143310937216304,-0.52403738951239753,-0.79127862622137402,-0.31506023246079007,-0.099359796278653253,-0.31059729190253521,0.94533430761095116,4.0392493896863098,-2.5399986580166369,-3.6665652812463687,,0.4267216476783006,0.2504970178926441,False,7
-0.24844519111490695,-0.94367191368898473,-0.21853673907708707,0.95995036002769352,-0.20970455286796108,-0.18579372107030476,0.12950016716042909,-0.25594397789558948,0.95797828100871019,-13.684672252357165,-2.5424004155170348,-3.0858664016643864,,0.1387724477759452,0.1818181818181818,False,1
0.37364443246049756,0.91903341400466843,0.12556839584145615,-0.92177317743003018,0.38300401078483109,-0.060350120905256988,-0.10355697688624785,-0.093196092545003661,0.99024766643124418,-10.890162541994112,5.2252254298282681,-1.7624854030445756,,0.1738436092722463,0.3333333333333333,False,3
0.76999724077549736,-0.63536141400762147,-0.058481815877717981,0.63259329522011587,0.77216052327630569,-0.059948720888905377,0.083246453622210476,0.0091651450559358354,0.99648684290131406,-0.51869220244703962,29.257271234250133,1.5150680345984773,,0.1945117535638206,0.4117647058823529,False,1
-0.27340937626159173,0.961664525771878,0.021181426868758946,-0.95336178557550821,-0.26799030275572899,-0.13886145409425657,-0.12786171740018959,-0.058159586491325438,0.9900852709351009,-12.51084090817457,19.887209934056049,0.56566277572747214,,0.2718550763650066,0.9166666666666666,False,2
-0.78570468763601009,0.61701950704465958,0.044216193336439613,-0.61217698483926597,-0.76528066649344362,-0.19895939466246906,-0.088924029710227073,-0.18339146495329653,0.97900974843071875,-17.119588805250327,16.40135304605527,0.097334890854863659,,0.2276614043061899,0.15,False,2
-0.99317679276252324,0.11512341278039145,0.018613386251410742,-0.11614887329879461,-0.96218825624966697,-0.24638019150622953,-0.010454546827537142,-0.24686101224174989,0.96899450106056362,-15.022586476076347,19.336861245356097,0.5710815487221329,,0.1833078978311072,0.4375,False,2
-0.064279948503974074,0.99529341636691582,0.072519677033204347,-0.98805809744681228,-0.053278380005513812,-0.14457735055593868,-0.14003315425324517,-0.080947078765461894,0.98683245089996219,-1.9136221326396221,17.985138669458514,-0.1428438575420844,,0.1116013625688528,0.1363636363636364,False,3
-0.18303039431593199,0.98208809221194093,0.044753255658817478,-0.97515009936149499,-0.17558064319287489,-0.13510633386796445,-0.12482851626058848,-0.068369707264879773,0.98981989506005275,-12.629867618158096,-12.073987242346737,-4.6099631281860178,,0.1684120847932454,0.303030303030303,False,3
-0.81427480428178101,-0.57837922789134133,-0.049335705687479636,0.57686483083977225,-0.7968060508506043,-0.17979734221635096,0.064680059153240044,-0.17486447915937248,0.98246572656569231,-9.6533164883693008,16.477701155284059,-0.052546775035160649,,0.1508794275931038,0.2692307692307692,False,3
0.53915564734624466,0.8205679625583705,0.18968238388805805,-0.83454935960287036,0.55082819774231662,-0.010754671468260146,-0.11330734451522008,-0.1525008701442587,0.98178660119404437,-15.036634020303485,-0.67895531785957308,-2.7224825401498891,,0.1509998859280395,0.1875,False,1
0.61308760109581439,-0.76900310151093454,-0.18099122423239852,0.78316305392114383,0.62171343166122872,0.011315470159286939,0.10382304347054536,-0.1486830143580003,0.98341961384036469,21.434911305049017,9.1462395006760886,-2.6012178638626899,,0.2725577220668307,0.4090909090909091,False,1
-0.019619110748183163,0.99392547110042428,0.10829242074702007,-0.99567100845020873,-0.0095804759332544075,-0.092452460284383711,-0.090853362211828645,-0.10963745882996118,0.98981073655326368,-10.058235976342687,-22.96296277646001,-6.4694218524082805,,0.2404919488799044,0.9705882352941176,False,2
-0.72384863988074477,-0.68625834367670091,-0.071362681262028216,0.6838994649317508,-0.69996600372255058,-0.20574040803582083,0.091239620828123008,-0.19772981405643472,0.97600115380277463,9.4908192886208198,-12.564327775253503,-5.6740618531054778,,0.1688709983977828,0.2857142857142857,False,3
