axis_00,axis_01,axis_02,axis_10,axis_11,axis_12,axis_20,axis_21,axis_22,location_x,location_y,location_z,dbh,dbh_approximation,score,reconstructed,number_clusters
-0.9993853611078557,-0.0069343057113666591,0.034362994741774178,-0.0058579287552112114,-0.93342369762208544,-0.35872814970143313,0.034562764270537755,-0.35870895740393238,0.93280935844585289,5.8714057879695867,-1.1521857294412561,-3.1238918757235505,,0.08178067488487809,0.3103448275862069,False,5
0.94790705432890188,0.30969112566144419,0.074589697948524686,-0.30887782759364085,0.95083566523229957,-0.022495007074548282,-0.077889049131040763,-0.0017159279700632492,0.99696055670054673,-11.690449203729528,-11.637552101291494,-4.2329668748172029,,0.2225039542717742,0.6494845360824743,False,5
-0.54458993284685642,0.82868053656943164,0.12926860930966347,-0.83428951771000603,-0.51946105930212072,-0.18471926945482242,-0.085923254600025908,-0.20844370026392461,0.97425274859207933,12.172270926036148,-0.83557323625765889,-3.082428873887026,,0.1580223657749503,0.3703703703703703,False,1
0.37482302857053562,-0.90958261703501431,-0.17935205613805211,0.92135496617918478,0.3869614743538301,-0.036957322182003531,0.10301807390048451,-0.15139445218912659,0.98309053311289152,8.3115493381440242,-18.324767605958424,-4.8366544071100188,,0.2669677716582486,0.3333333333333333,False,1
-0.03107795341930094,-0.9961614858964547,-0.081831869267629823,0.9897786229796125,-0.019271071770561848,-0.14130429323058485,0.13918490688235211,-0.085386883122529678,0.98657824924674331,1.9981474970905639,16.187479589721868,-1.5692929992363325,,0.2337582011941348,0.3142857142857143,False,4
-0.17706349368584443,-0.9786339568961625,-0.10451840801276169,0.97340703505679427,-0.15844790468507644,-0.16544789392086268,0.14535220433726845,-0.13103373577315167,0.98066451795893361,9.7294430451192984,-4.5708826377808034,-3.3480002535861098,,0.2723973468531486,0.5882352941176471,False,7
-0.040601296671463852,-0.99887247589530881,0.024603081257662626,0.99108457369382219,-0.043387533269916095,-0.12597178153414487,0.12689721232056356,0.019269116625504394,0.99172869205732972,10.696232800575743,-0.071571109225750995,-3.0140896033083062,0.1921288592797776,0.2386510488768375,0.921875,True,5
0.70671822841415455,-0.7063568265609772,-0.040117068659918653,0.70662772962698028,0.70752308103807826,-0.0093990170020319258,0.03502281184282971,-0.021705376501937469,0.99915077905265681,3.1727427156675465,0.45447999265134953,-2.9799824334053842,,0.1684564779982222,0.1959798994974874,False,5
0.912011707842589,-0.40922651221584377,0.027718341539489516,0.40979593785841456,0.90624699365183292,-0.10384447896617909,0.017376250251023916,0.10606624437902377,0.99420723077763951,16.035927554729376,-21.925353439642414,-5.3114299525463853,0.3515793338248464,0.2991465312377234,0.9807692307692307,True,2
0.70878602303628013,0.67276530311303673,0.21215376611231221,-0.69255577010198044,0.72082272386974611,0.027948274570235479,-0.13412262615557108,-0.16673766125331096,0.97683656436115718,5.1585236404275285,2.3252800404576424,-2.8063278997503835,,0.3230597809295197,0.2544378698224852,False,5
-0.97091839002833336,0.2214052031030585,0.091089055015856554,-0.23804494093542328,-0.93335764083549788,-0.26865986002572784,0.025535974620899196,-0.28253008748253028,0.95891848645610833,5.5958063003084977,-0.080499327122302788,-3.0330095422417189,,0.1770282776023132,0.19,False,5
0.25420985420169695,0.96406988242589742,0.077114277705679468,-0.95834531164516135,0.26182764621196969,-0.11410761292235705,-0.1301983627949708,-0.044894826855844838,0.99047101969067863,13.044127854502605,-14.282808664254556,-4.3349193053575439,0.3005165237866699,0.2471235337197627,0.9636363636363636,True,2
0.68739449795068963,-0.72618720480851939,0.011872142161815237,0.72317088084749404,0.68284445747426226,-0.10366930110182941,0.067176493518048178,0.07984729468849748,0.99454096358548716,-17.140292522283858,-3.3335064255774762,-3.5552113039090685,0.330375712627851,0.3199018696774091,0.9393939393939394,True,5
-0.8151504698656844,-0.57295091163497336,-0.085187817992988052,0.57508644464290137,-0.78289289699537834,-0.23739059168840485,0.069320218304191952,-0.24249941173297007,0.96767181556735538,6.8521835569342651,1.5525129780216638,-2.8367000112553469,,0.6300681499114793,0.5365853658536586,False,5
0.8745417010156421,-0.48159683585001573,-0.056932423836693898,0.48403297013511437,0.87406884166192877,0.041421538575409325,0.02981437584198849,-0.063782033011089645,0.99751839845595103,10.468001405729579,-2.5215853837919373,-3.1721504975512698,,0.2361605983799622,0.2352941176470588,False,1
0.27196570026008948,-0.96035137577375618,-0.061317965813407468,0.956441376157805,0.27678331920078902,-0.092794871547730987,0.10608747266008781,-0.033410017384748913,0.99379536066684637,2.2600255575910455,6.2160410530782695,-2.4371463084143943,,0.180433705229559,0.325,False,5
0.96067668675240514,0.26580740034437506,0.080291527900428761,-0.26910218338418046,0.96253706574099429,0.033262771570970726,-0.068442080829611424,-0.053561394650259386,0.99621627098478516,6.1612885691672421,3.7986344198465098,-2.6311321064012003,,0.09442291863697087,0.4597701149425287,False,3
0.99749765311567284,-0.045100745895357029,0.054445888259878825,0.042626616172755802,0.99804171184085633,0.045778958260688535,-0.056403932685454933,-0.043343559446078539,0.99746675745718894,-2.7133020668772327,15.566793062764187,-1.7311889129200901,,0.3025155545935641,0.3714285714285714,False,5
0.64785634756607779,-0.76172480564237344,-0.0075811204601026472,0.75837028714610855,0.64587756789744943,-0.087844606327338565,0.071809891326131414,0.051161389308392244,0.99610534169422316,13.465555938918895,-2.7615166878245603,-3.243680891975254,0.1584362373910489,0.1602942073441381,0.7738095238095238,True,5
0.92005686706541301,-0.39176632058715916,-0.0038093856956003536,0.39090404614126911,0.91859665469203244,-0.058087973789701673,0.02625620071836492,0.051955134897407898,0.99830420007211751,-15.75331725428547,-13.748332166268581,-4.4607734230209815,0.2700621345862338,0.273477089018103,0.9285714285714286,True,3
0.92044022162520367,-0.39088286611707451,0.00061918547097479168,0.39082558556138541,0.92027579613510146,-0.018649952238704651,0.0067201253817548122,0.017408159696157603,0.99982588278702145,9.9904529883559228,-7.6737145542705383,-3.6122890732104729,0.4217858384487846,0.2238222673972618,0.2394366197183098,True,6
-0.095803408810255258,-0.9910741878293543,-0.092702001481732993,0.98718414285649458,-0.082658638547398106,-0.13651013722862249,0.12762905215123191,-0.10459208235748389,0.98629170195997373,-11.121158007386866,3.0860453105984793,-2.8436893092307916,,0.5007211659894015,0.4555555555555555,False,5
0.74341862888212651,-0.66880017889156385,0.0059213972702520101,0.66700318115648771,0.74070975629968638,-0.080348075581097939,0.049350770593229197,0.063681846997966723,0.99674927830662752,4.2801911210672792,-17.296826881810773,-4.6988928775753527,,0.2600628184213437,1.0,True,5
0.90722825717057265,-0.42046497342075601,0.012086997870706877,0.42004256283991032,0.90403924568625804,-0.079229335866835046,0.022386040161747719,0.076956145857903058,0.99678313429781273,1.1180224508902867,-19.569895513716769,-4.9986797594803116,,0.3204676946507578,0.9727272727272728,True,5
0.14389741861341215,-0.98910910846883338,-0.030930639508205914,0.98240932334293996,0.14654225949006422,-0.11574665261861644,0.11901871418085658,-0.013730904104858735,0.99279706282160174,6.6136140145154574,1.7342885720292855,-2.8260606310144651,,0.3650727508186454,0.6018957345971564,False,1
-0.83568320338760416,0.5418073479890001,0.08987981553696997,-0.54791877586821347,-0.81125257239107362,-0.20409379912174019,-0.037664288482747665,-0.21980459834587932,0.97481656731874211,13.98776078618212,-11.839630035429725,-4.057555993684681,,0.1527051545616776,0.4,False,2
-0.47408494345854219,0.85831354596109133,0.19631944174128022,-0.86768724995598545,-0.41756690100472199,-0.26973453514359574,-0.14954030443238286,-0.29822095835975354,0.94270990094793206,-4.8725488609156455,14.586507469934833,-1.889636269548477,,0.30536812715208,0.2533333333333334,False,8
0.32811575680996152,0.9425336698255643,0.063010565607524799,-0.93610485228205942,0.3333730087976195,-0.11211664702088654,-0.12667973660775397,-0.022197257721987496,0.99169527884457209,16.826969359024009,-3.5704532501546624,-3.3377694018429644,0.3558873318161393,0.1356093695699007,0.5365853658536586,True,4
0.34174389759151885,0.93877439331997781,0.043746393058920009,-0.93070333650538783,0.34453016755484078,-0.12284243184817309,-0.130393281562729,0.0012657374694022387,0.99146154238677453,-9.3234173370684932,7.9591515058946536,-2.4475679546997875,0.2276766997558086,0.2315061218693392,0.9803921568627451,True,5
-0.92008051900976262,-0.38582947130069262,-0.067730773024924695,0.3888836571689489,-0.87883736772432519,-0.27643151462574495,0.047131090859742319,-0.28067864216432287,0.95864391726394571,-2.8157535779064271,-1.6833167297683538,-3.1894481185561578,,0.4966285948063801,0.436055469953775,False,4
0.71574415238961786,0.69592378614749972,0.058312881888972219,-0.68919426075278589,0.71736662890551073,-0.10196269258000702,-0.11278997856852925,0.032790297450205584,0.99307764909277774,16.314978336867867,4.9353476800476708,-2.5728602905246096,,0.09190524223094568,0.6111111111111112,False,1
0.99514363443134712,-0.096815727005248917,0.017772502784154525,0.097456182571414307,0.99445010875828121,-0.039639294509972132,-0.013836160210651226,0.041178831881031816,0.99905598665717277,-1.4777433139940244,15.737981815650642,-1.6876436788514992,,0.1754255075337456,0.4,False,5
0.98560229016612877,-0.16609731328295985,0.031619742874729025,0.16848253796300014,0.9805021341602761,-0.10113950419440283,-0.014204225456810044,0.10501070148954207,0.99436964583189369,5.3326549977579853,-7.8332659947788539,-3.7070026162204459,0.3112614527989125,0.2752775982800095,0.9973333333333333,True,5
0.29126645859338529,-0.95639222752395536,-0.021857658388646412,0.95033390686346486,0.29188986478831019,-0.10800820477855066,0.10967823651067267,0.010687093413508299,0.99390968929288526,-21.670343920247792,-4.5722803860088979,-3.6691364836350329,,0.08702659575241242,0.1724137931034483,True,1
0.9367811186939029,-0.34859735295851174,0.030348330578786803,0.34979525163558578,0.93065206974863957,-0.10737787018641842,0.0091879046467442868,0.1112052632877284,0.99375498581154775,1.6131779190115103,2.4471281141472065,-2.7913780921161533,0.320782241622657,0.2804626498648396,0.9899328859060402,True,5
0.82266714541748076,-0.56399605781385875,-0.071604571230336492,0.56730279876745049,0.82261248549328925,0.038421780557009622,0.03723308154412578,-0.072229810196205099,0.99669280731715371,5.1075931228776215,-0.78395565837282066,-3.0963947365663991,,0.1399013674929765,0.2745098039215687,False,5
0.95993175261782127,0.27093149900419156,0.07160414208282373,-0.27239132143094091,0.96212032221086419,0.011289534887060054,-0.065833109642347676,-0.030341529892244857,0.99736923616011652,3.5778701490983846,3.1309797488924027,-2.7334184661668957,,0.1896658847489301,0.2666666666666667,False,5
0.86564996495961655,0.49611960252204496,0.06719730767511177,-0.49797717836887256,0.86708793748885149,0.013313094497767172,-0.051661087766245742,-0.044987205455533349,0.99765088250154454,4.1288295303133893,0.64758489836467015,-2.9785623889713158,,0.2192153303132721,0.2142857142857143,False,4
-0.99323183758028633,-0.11493125611560542,-0.016772691631838813,0.10533413168328724,-0.83046280204086442,-0.54702491271327325,0.048941163854321651,-0.54508929616543134,0.836948278979328,-3.7988517550512775,4.1663846921006558,-2.6507331406525072,,0.7774530575209296,0.3353658536585366,False,1
0.90565151395306187,0.4038761659009632,0.12914866585321266,-0.41541681378834111,0.9061663473218009,0.0793184833655321,-0.084995329850939091,-0.12548543181821156,0.98844787434893444,3.0616567535408516,16.692955335801066,-1.5123819301750623,,0.1207134695787887,0.125,False,1
0.65256674841957907,-0.73092993116881899,-0.19974502391460122,0.75340480568336821,0.6540205054523911,0.068105632814082023,0.080856895997221553,-0.19493233228314294,0.97747815740319743,-21.460481979245802,-10.545872265857353,-4.1951496790240066,,0.4216633093428313,0.2291666666666667,False,3
0.9865210850102506,0.14363321731750928,0.078394181628614126,-0.15406216143619655,0.97673656765403594,0.14916610815135375,-0.055145255859469111,-0.15923308792595572,0.98569966240521734,6.2571449586129679,4.0779488565794813,-2.60540024427466,,0.0971056430294646,0.2987012987012987,False,5
0.53043632069749014,0.79220419912035367,0.30174462146157272,-0.83724030317478426,0.54537373625947094,0.03995200293076219,-0.13291344711767916,-0.27382475179293658,0.95255132191437941,9.6991067300595208,-9.9488218974742981,-3.8632723803062152,,0.2558117461929039,0.5,False,3
0.82914977395912492,-0.55768822288134678,-0.038658742904750826,0.55766485593730064,0.82997376258855604,-0.012387972676082826,0.038994368772427034,-0.011287137548509107,0.99917568011336177,5.6746125512926699,0.4733067355274565,-2.9590105653151455,,0.1612045715890348,0.5545454545454546,False,4
0.77482669508645263,-0.63211553990565184,0.0085753595371292068,0.62996109346858398,0.77090983140867408,-0.09405877180420176,0.052845182346838479,0.07828139017183669,0.99552971359748632,21.19007251389932,-7.0487759211548351,-3.7019186484198112,0.2138821309701159,0.2043735892660035,0.9622641509433962,True,2
0.92729553601030412,-0.37338546850078524,0.026575944156518559,0.37406609107233801,0.92163762670720839,-0.10324071167598702,0.014055191397575835,0.10567581061885538,0.99430129973002834,6.3781851912169039,-1.7505632158325073,-3.1537290733233241,,0.08646272195338149,0.6258992805755396,False,5
0.047628544525484644,-0.99837443759586786,-0.03130501719402963,0.99091439012825477,0.051172667892114283,-0.12437857330566467,0.12577834942124641,-0.025096621604071299,0.99174087664113597,8.9846623344643426,11.04984045566367,-1.9517865575477835,0.1641577574202304,0.1527216192694659,0.5151515151515151,True,4
-0.31480755768242813,-0.94693974027103589,-0.064817666738693117,0.94197213245345812,-0.30330990142726527,-0.14384576941039195,0.1165534354153055,-0.1063401711095395,0.98747509573724668,2.7869882527068448,-3.8114060208287097,-3.3851231669151378,,0.6232256620185204,0.6211972522080471,False,3
-0.62257204403752597,0.74047649974565188,0.25317701970630468,-0.7809749717006399,-0.56729846154957153,-0.26124806047256466,-0.049821115604972821,-0.36037065480962688,0.93147777622010852,-2.6485341243232421,-0.27070384114199847,-3.03417295792846,,0.6575057348715032,0.2529960053262317,False,4
-0.16676862713010601,-0.985942880198039,0.01024021444773773,0.97736916493382986,-0.16667142198682172,-0.13026953799503518,0.13014507459634728,-0.011716402164776426,0.99142573371817666,-9.2405486591472297,-7.0150625841539984,-3.8061387212222417,0.292039909815909,0.2792079905369994,1.0,True,5
0.96524063349489475,-0.2596517069453449,0.02985817360025364,0.26135800051120633,0.95959686881259287,-0.10423936364853359,-0.0015858811930279347,0.10841974195429406,0.99410394050894157,-15.886889480574535,14.000906250986793,-2.0771088433711564,0.4185959896831105,0.30271068362949,0.9375,True,1
0.65080912902602706,-0.74651608262959224,-0.13842404397991256,0.75547394474402285,0.65486608208307184,0.020236930352050667,0.075542017376359447,-0.11774613756950303,0.99016627426820292,-11.828600783246722,-10.403812481317784,-4.1075434591841704,,0.2302951688443833,0.2195121951219512,False,4
-0.99912251540672048,0.017173049949515313,0.038200596366811959,-0.024453904747919957,-0.97965811332426134,-0.1991782807951939,0.034003025599618181,-0.19993765866734786,0.97921842655083413,6.0388214585366367,-6.2593897721468821,-3.5323151344178694,,0.1058701811897352,0.4390243902439024,False,2
-0.99022873091892505,-0.13852020204362842,0.016100126971165554,0.13108781861755642,-0.96399083231177152,-0.23138206289371133,0.04757146490056751,-0.22701063597252696,0.9727297296179257,8.850568449062898,-3.5318034121183084,-3.2877757224907618,,0.3572287212621905,0.5785123966942148,False,6
0.9812610069366261,-0.19035744813570593,0.029847582900154011,0.1923945887746748,0.97644029860515147,-0.097717273140972408,-0.010543172005773123,0.10162866327540504,0.99476653357705591,7.8626157872661739,-20.624854899225447,-5.1011553086553869,,0.2819459669538215,0.9863013698630136,True,5
-0.34710554613402606,-0.93674699996127742,-0.044975525639464081,0.9280787816945425,-0.33620634034675173,-0.16010956148530844,0.13486109450606268,-0.097315747822182899,0.98607409985986139,-13.500150752414584,-27.520773136988748,-5.8276097517221697,,0.2323085753730378,0.7659574468085106,False,3
-0.58925918659164656,-0.80761762651526769,-0.022964763425712104,0.79839658886646947,-0.57770389402822819,-0.16976777583219455,0.12384061491990193,-0.11837221027956581,0.98521648480412327,19.835571133295488,4.2182984444063463,-2.7093454104072614,,0.1433362961218541,0.9069767441860465,False,2
0.24587074038849929,-0.96902098313409502,-0.023364786894840554,0.96258727370261177,0.24692888792508499,-0.1115879241399006,0.11390048080048901,0.0049455590089459885,0.99347985481312306,6.5784761933291787,-3.5206959044893935,-3.3147872408551291,0.1790517379170586,0.1774454352663412,0.781021897810219,True,5
-0.10051576720130585,0.99262281336655578,0.067797720671101819,-0.98760518141312104,-0.091286773540952562,-0.1276821468430071,-0.12055117664249181,-0.079791449170614287,0.98949519374748052,8.6295042873817351,4.574460598799603,-2.5619273606721507,0.0834180766039739,0.07836158654351158,0.2727272727272727,True,5
0.79908247584044045,0.59864299268457255,0.055621615531844887,-0.59094488753540741,0.79908757416453191,-0.11064894356301055,-0.11068575653840111,0.055548322436455862,0.99230189316256923,7.6592650968103735,13.558662041849466,-1.7225696868826363,0.1626413960268179,0.1605008072535948,0.8541666666666666,True,3
0.011677633492984944,0.98153792729633005,0.19091079109056711,-0.98905935605312012,0.039416432054502556,-0.14215461683631336,-0.14705517019061179,-0.18716207458487799,0.97125956096055654,9.6329277229741681,-0.36877156723636406,-3.0136745061047452,,0.1844866356136104,0.2727272727272727,False,7
0.83439025533662581,-0.55089687493045547,0.01747955923751926,0.54972758802355925,0.82948576006136943,-0.098757039350173659,0.039905898875723295,0.092010907219037055,0.99495804544093702,13.345931931703412,1.0415224661165046,-2.9555443999740865,0.1746485685154081,0.2088383067196068,0.6024096385542169,True,5
0.25116615283594113,-0.96788331580108966,0.010837465731441748,0.96232947362029431,0.24848943922762137,-0.11034030448584349,0.10410354399000557,0.038142962473171997,0.99383477829188993,10.529876036382555,11.338706607913899,-1.9005865600725134,0.2361703086972446,0.2108547137509921,0.926829268292683,True,7
0.64125603229604411,0.7376528429673137,0.21132672407003925,-0.75224370633022519,0.65867744086611513,-0.01653587556288269,-0.15139388141698729,-0.14836546820707586,0.97727559087147675,6.9398136874745893,-5.4598260372882423,-3.4574346303455719,,0.3182158506512563,0.2115384615384615,False,6
-0.98432116434772865,0.17100110337373681,0.043248908218540216,-0.17595619552845626,-0.96904766858433078,-0.17316475757620059,0.012298889067018148,-0.17805964915229172,0.98394283303019126,4.4954386824784365,6.1173136418423706,-2.4515420368390499,,0.1642102050650926,0.4767441860465116,False,5
0.89558494705440317,-0.44395455914374987,0.028843578575530954,0.44425804436501581,0.88897425454207213,-0.11117357949774428,0.023714818711845356,0.11237937611878976,0.99338234491892285,-16.975276319970099,-6.3905730618296506,-3.8009001529875617,0.2315571901808964,0.2486516656152606,1.0,True,5
0.96901101695089598,0.23938638343880575,0.060924612857862048,-0.23850118323200512,0.97090382058951319,-0.021516430038937745,-0.064302679763170639,0.006319065498631953,0.99791043425073944,6.0755701506250714,3.5480342477839475,-2.6518153902199613,,0.09473445449535953,0.4444444444444444,False,4
0.15055931213208784,0.98705293845524578,0.055302714374389182,-0.98027651087710987,0.15630198588801542,-0.12094482804180011,-0.12802287199133808,-0.036002581773052558,0.99111753004008685,11.167894877704772,-3.4272878431648843,-3.2716228441517203,0.146299194298051,0.1650445615029223,0.6699029126213593,True,5
0.9968306440062763,0.073755222481613994,0.029813324650561676,-0.07837213125797772,0.97479509069338732,0.20888355656238938,-0.013655629319605867,-0.21055806400315852,0.97748597200733622,4.4795429041142993,-5.5960543379542376,-3.506151823249446,,0.3802077235339426,0.1818181818181818,False,4
0.55720895246682989,-0.83037229080983066,-0.00020480735048171092,0.82562362780839771,0.55404873924657949,-0.10665655040256432,0.08867811734197438,0.059260890935832033,0.99429590078113705,14.272089350429184,-1.2797512615233411,-3.1004746555168863,0.172484937807349,0.1830909631115563,0.9156626506024096,True,4
0.71075889549846616,-0.70329868960024966,0.013883287664381454,0.70062491224524337,0.70601836160115206,-0.10326086104313666,0.062821372248187402,0.08312055274477316,0.99455741357664096,9.1873334560597524,-11.858213626831136,-4.0684340334170415,0.2742183251369664,0.2531684458689215,0.9565217391304348,True,5
-0.15002528669710488,-0.98038757694564471,-0.12779910923828902,0.97597762067442329,-0.1261994087242084,-0.17759896728402785,0.15798764918228425,-0.15137340654259185,0.97576943716102704,1.9063603723506282,3.891152422349871,-2.6681325989725937,,0.1894852112325653,0.1111111111111111,False,4
-0.37129270144348425,0.92118887643990521,0.11641642400532139,-0.9227385597896951,-0.35210610819988442,-0.15676364006226917,-0.10341798746853004,-0.16562711882937053,0.9807509252487312,3.0089586694329387,4.4615481557470433,-2.6205726693227458,,0.09342290359464492,0.3103448275862069,False,5
0.86315408121748527,-0.50476649342398339,0.013259683029938317,0.50392002675659375,0.85944363641344923,-0.086146633492324126,0.032087983907261655,0.08103963810927696,0.99619422721871098,1.1015888966810683,5.8670303706558977,-2.4997680682925645,0.2678988094882793,0.2227379400209868,0.8362369337979094,True,5
0.9981034703058923,0.04923728910332717,0.03694796239429772,-0.045216148949290845,0.99368080758920441,-0.10273243160298794,-0.041772747545865407,0.10086695192491162,0.99402258302910163,0.88423649259977721,10.065064467449702,-2.1466410281242894,0.3494978494300092,0.3160922180086159,1.0,True,5
0.78293896056993639,-0.59429052684971417,-0.18391670320652187,0.61664355260772874,0.78044806229987851,0.10320635193477,0.082202877376560429,-0.19421532315719484,0.97750861643361475,-6.3923538861347637,10.369005169922842,-2.2275750073134111,,0.4443202707115788,0.28125,False,2
-0.73772253724940784,0.60737937340603387,0.29471300411618989,-0.67214052003475433,-0.61994391495974976,-0.40484152903548376,-0.063186860672973244,-0.49674927183164747,0.86559088579595267,-11.791935841199262,3.0503469861452905,-2.8691541656938293,,0.4115411401815681,0.5263157894736842,False,4
0.96183023546022117,-0.27340781960225974,0.011435135979775704,0.2736043166860414,0.96010397246273715,-0.057801729663035997,0.0048245253965757129,0.058724153817764413,0.99826258955902358,13.896497869507479,-6.1035618207737006,-3.5396711945914814,0.1573312263550004,0.2102974925010418,0.6097560975609756,True,5
-0.39969151528644059,0.88148793037992457,0.25144725332074613,-0.91023915401552424,-0.34928672652031389,-0.22240383354121329,-0.10821910693187776,-0.31777006037580391,0.9419717690162619,9.6977590206526898,-6.3902640630900143,-3.52592835568475,,0.2595695351449536,0.2641509433962264,False,5
0.45056552798095678,-0.88871457038525525,-0.084717869308618798,0.88324280635350627,0.45756646887533148,-0.1025430230963681,0.12989553502728068,-0.02862409729425552,0.99111442882951939,8.8428741109826561,0.2082745552284288,-2.9372070761590727,0.3523829240399011,0.3389728298952386,0.3111111111111111,True,6
-0.21550388089615591,0.94346463522690205,0.25185821287951271,-0.971662499905806,-0.18153181103774374,-0.1513875419516236,-0.097108514536538501,-0.27734578355822082,0.95585001582203322,10.492964672673692,2.2955925729015796,-2.8263064108925531,,0.2619440874667872,0.1777777777777778,False,3
0.43000178247001919,0.87874338479746428,0.20714374416646836,-0.89734355388195386,0.44123965134781773,-0.0090618091440107656,-0.099363038294490613,-0.18198250947042499,0.97826854844042443,9.729574001859536,-8.3453288409124688,-3.7066414451341618,,0.3038307442583341,0.2444444444444444,False,2
0.9321677273035458,0.35659661459253067,0.062467452604443752,-0.35629726374417159,0.93423138431603392,-0.016247473876378982,-0.064152848901343054,-0.0071116116382640687,0.9979147443332762,11.448527568076981,-6.0599480114059876,-3.5057193241036537,,0.2029216538772461,0.3658536585365854,False,5
0.55214908220271708,-0.82987167715075971,-0.080276961113904977,0.82679910961074177,0.55740785813978366,-0.07549643720669684,0.10739936391610096,-0.024687631457980003,0.99390940104388426,-15.50440967544248,3.1916706139821178,-2.9041255088189435,,0.2108223063686232,0.2941176470588235,False,5
0.16390612798239249,-0.9864187021713825,-0.010626627703368793,0.97926529010091878,0.16399870291360441,-0.11892820122334116,0.11905575506200343,0.00908677330969479,0.99284598893153364,7.1657431986141278,9.147204366598201,-2.1837301808920602,0.2991599664453518,0.2432024110505623,0.8378378378378378,True,5
0.14886874666497893,-0.9885677774321654,-0.023913295239815301,0.98266297543910053,0.15059545504490962,-0.10814104503374181,0.11050598611646113,-0.0073998880156963959,0.99384791024068819,1.4977669039207229,26.601875172265313,-0.69449038190930412,,0.1587761193532186,0.4782608695652174,False,2
0.36562656618926676,0.9294541002635025,0.049318248144146676,-0.92220000972706029,0.36892481556758927,-0.11593801153128824,-0.12595378579484909,-0.0030912718712571181,0.99203129380184474,11.012707092375779,-24.815628088975025,-5.5852505244085,,0.2790627653318946,1.0,False,2
0.98315178337192322,0.17564694816994053,0.05060356164532287,-0.17226784871920373,0.98291462506206118,-0.064827680328421705,-0.061125765028041221,0.055018082824583411,0.99661258842744027,-18.439628215914986,3.2873984671279617,-3.0160040390876737,0.2777977786697439,0.2235193013208023,0.8392857142857143,True,5
0.6315702608126661,-0.77004120115210917,-0.090308106974059471,0.76881237912456624,0.63706563241576264,-0.055451832246816601,0.10023238679112347,-0.034408262422300218,0.99436891550130069,-12.327012633503344,4.1524140368661815,-2.7760515236230816,0.4979723918600417,0.3750095337882971,0.9016393442622951,True,7
-0.26376977429905446,0.95967710886152935,0.09718720539969454,-0.95624730121633894,-0.24693952471409528,-0.156882025899865,-0.12655672673823026,-0.13431573943940164,0.98282382808728841,-3.1564438999744371,14.87090764242633,-1.8315034118976758,,0.1583046869952056,0.4545454545454545,False,5
0.37476493971007169,-0.92711517016870848,0.0029497808651787593,0.92134406697653459,0.37207374176604707,-0.11263321417482393,0.10332642552244356,0.044928742818592854,0.99363225483953344,-7.027849940807684,-10.952782391663806,-4.135556683952391,0.4259200832949566,0.3405816676840472,0.9829931972789115,True,5
-0.28865564559026019,-0.94173756752957671,-0.17265072305770204,0.94932580557477109,-0.25810232291256685,-0.17934242603731684,0.12433194737750855,-0.21566999051934468,0.96851846758371285,6.4503946376862098,8.4691866370666933,-2.2509587143964951,,0.3273334323137208,0.5833333333333334,False,5
-0.054840839070911661,0.9738262991808172,0.220578379252799,-0.99731630093583257,-0.042691497418662606,-0.059477995391739702,-0.048504414826547985,-0.2232482364363616,0.97355407999267707,-16.133602672055673,8.5069129104026224,-2.483348497467933,,0.3515540584438338,0.6086956521739131,False,2
0.85962251056473582,0.50852907174920792,0.049470420619500625,-0.50231249817836465,0.85886127275561008,-0.10019714733676162,-0.093441390744101668,0.061282112777735903,0.9937369919396708,9.0004301160134332,-0.80772742783441398,-3.0183835779317461,0.2367058871399961,0.2268705033998411,0.865979381443299,True,5
0.72066435815343743,0.69181578170918834,0.045097750114603076,-0.68405393119802704,0.72014294116549715,-0.11603604397786293,-0.11275239287846389,0.052773747901890107,0.99222065561676787,9.594587213529195,-15.697703121737227,-4.5571223530604676,0.3335272761838941,0.2682701473213689,1.0,True,5
-0.43682951714473828,-0.89713156785064707,-0.06584013150758003,0.88986383633428134,-0.42026051754318755,-0.17754844459687075,0.13161430672814731,-0.13614715333113911,0.98190713761755333,14.448830515186005,10.912978249675566,-1.959241479727416,,0.208955882309218,0.2105263157894737,False,5
0.96839141643918458,0.24534094870080125,0.045009815124040939,-0.24062728793642946,0.96638918374866489,-0.090501126147400968,-0.065700630645894501,0.076809923995404927,0.99487871758750146,4.9662140522915008,1.4301450811029761,-2.8840055393625055,,0.2165730504231587,0.8679706601466992,False,5
0.7123421648163758,-0.7018026278731937,0.0064584622781447554,0.69891659802378558,0.7085147698933405,-0.097582835836248383,0.063907974710333049,0.074026295012420112,0.99520645014748421,-5.584867266067123,-1.2766787760583336,-3.1783896989954807,0.316806404305372,0.2605710011542018,0.9520697167755992,True,5
0.97395828730634648,-0.22536195480703183,0.024844393992239991,0.22663854967526695,0.9707796226301636,-0.078878971133813813,-0.0063421122963781239,0.082455525051938247,0.99657456519822396,-10.261834148849353,-16.206245310402466,-4.6583447781151017,,0.2697793300616128,0.9591836734693877,True,3
0.97643297247163097,-0.21510622420213796,0.017548862633085763,0.21566770598302673,0.97557190771780977,-0.041795854673071252,-0.0081296289112116268,0.044595573562108179,0.998972043629066,-2.2985525028357232,-1.1394168581302626,-3.127319208565273,,0.3643229360439562,0.9231448763250883,False,6
0.99958805087493252,0.0038069242082935184,0.028447071485958465,-0.0021575005337205744,0.9983264603351909,-0.057789478160454481,-0.028619464346872722,0.057704297263574421,0.99792341406433438,-22.831426594633495,-0.48749995149847397,-3.3574475050531798,0.1757280623434898,0.1864952245244676,0.6,True,3
0.73624781953974405,0.60554212782005135,0.30208919156126318,-0.65454385605429599,0.75055890219430987,0.090739599064828688,-0.17178908208773361,-0.2645374562742247,0.94895123452336405,4.420198397734457,-1.3095211484570317,-3.1486215180169341,,0.3856436164935925,0.3531746031746032,False,5
0.11349901140314608,0.9891637932772217,0.093128752165629658,-0.98517998923766814,0.12418149593018135,-0.11831882721786754,-0.12860156770497699,-0.078319513136644828,0.98859885223778299,9.4364431436436895,-7.8681890443618707,-3.6662594917487934,,0.1303712050625105,0.2,False,1
0.56808609940723698,-0.82291610755843914,0.0093414977996142037,0.81879027298566964,0.56402263372150985,-0.10705586165131782,0.082829176769575075,0.068465674397619039,0.9942091223203271,-1.1546670794779088,-6.9805550743233358,-3.7653192771869972,0.3345082137950977,0.2928849110108298,0.9849056603773585,True,5
0.93418131000739324,-0.35676647137887135,0.0047921741140621692,0.3565608211253623,0.93298408221087914,-0.049041647398218612,0.013025393325266227,0.047522491948474285,0.9987852381206529,3.5138498293831395,-4.4898927241743927,-3.4368313637256529,,0.1055998737979333,0.361271676300578,False,2
-0.091645643288339365,-0.99446651682434273,-0.051355846614819275,0.98859416627567176,-0.084672632357277317,-0.12454766049749072,0.11951004339374713,-0.062184340833908787,0.99088367495033247,-12.967801692912193,-12.27695192444315,-4.3144747085056148,,0.1425189110688835,0.4230769230769231,True,5
0.009443937879473464,0.99320707600718161,0.11597636055072649,-0.98749441619734013,0.027516240844122103,-0.15523412791291083,-0.15737086775004561,-0.11305998699394813,0.9810463033539879,-5.4141285465822415,11.382689515569451,-2.1464571912381332,,0.216115783630026,0.25,False,2
-0.46335879492771465,-0.85859191425218606,-0.21935941270869264,0.87815395460748069,-0.41165616538184946,-0.24369003572233811,0.11892963957895092,-0.30554725703870705,0.9447203896104619,1.56824057486486,4.6079424900366259,-2.6089736159207986,,0.343430494011265,0.2061068702290076,False,6
-0.97282333415782007,-0.23043246308523671,0.022707718391173845,0.22280664488495955,-0.95827532892811162,-0.1790686822502098,0.063023483822852527,-0.16914276196216649,0.9835744845016261,-17.695331434742613,-4.1552194202529815,-3.6192422876885764,,0.08728232049888188,0.2083333333333333,False,2
0.80500418779646299,-0.59303609530256318,0.016626704377199257,0.5915437389482151,0.80021188390166553,-0.098675963505376302,0.045213521664691891,0.089269986730353995,0.99498070681186535,3.1679160281270153,-11.777338514167241,-4.1384992193936361,0.3205252516191391,0.2823209254617253,1.0,True,5
0.18356128664672949,-0.98051958222112146,-0.069904241112490426,0.9779229222116318,0.18937340742279535,-0.088342915811861378,0.099859963236819116,-0.052144620451164164,0.99363420145461145,9.3786928990294154,-2.0203340813837252,-3.1200374515266462,,0.1249190211968606,0.148936170212766,False,5
-0.70800537563590593,-0.68524448592388731,-0.17078753637653799,0.69375415036697319,-0.62966013960893163,-0.3496187744333249,0.13203623335758674,-0.36601653391420491,0.92119396979255819,1.7507325964547673,4.2543840125481855,-2.6342933911310049,,0.4965976159031996,0.145631067961165,False,2
0.98638905659774989,-0.16441948131698061,-0.0016920956403961053,0.16415625375780707,0.98529720377994323,-0.047351289059834108,0.0094526914899188338,0.046429025263089833,0.99887686540269593,-3.7187139120332793,3.2890065999771516,-2.7128478454718037,0.5113641847592956,0.2439984030252442,0.1753731343283582,True,5
0.95024916813512317,-0.30924358588210143,-0.037348668641402682,0.31144599316479088,0.94529166376216311,0.097082767592185731,0.0052831619417670964,-0.10388491234313428,0.99457529286995439,-15.105940752257014,-9.3877826849479007,-4.0448018369978422,,0.2857071030503458,0.3137254901960784,False,1
-0.98610347716507107,0.15759639120473362,0.052567193212134822,-0.16479071372787776,-0.96801411578783392,-0.18918956711340101,0.021070192026035141,-0.19522307526197816,0.98053250731081987,11.088613164363982,9.4968066907285174,-2.090168904549877,,0.1273648325981551,0.2272727272727273,False,3
-0.35912111084045761,-0.93191769448818307,-0.050610655484253378,0.92209131669511102,-0.34591370763131751,-0.17346847133768373,0.1441514183911943,-0.10896383607686284,0.98353812890158043,-3.9857283242602572,-17.127452776836684,-4.7237149735307975,,0.1945227205996796,0.4814814814814815,False,4
0.93014518416814307,0.36529110239756635,0.037314164575703308,-0.35901610638513237,0.92605154352977603,-0.11634420519381176,-0.077054342673670284,0.094820616087911244,0.99250777278560309,-15.400973454996356,9.6741863906351835,-2.3656694427138869,0.2958394933559307,0.3014527455569883,0.9459459459459459,True,4
0.98332950782730377,-0.18183251645176182,0.0001224619640532304,0.18182007157643226,0.98326965387383092,0.011056642473119785,-0.0021308702574021378,-0.010850056758245704,0.99993886596145931,7.3147610457261862,3.2723725860547259,-2.6757118538359581,,0.2168102807072928,0.16,False,4
0.73087843449163137,-0.67824910595545118,-0.076124005843718645,0.67963967244720147,0.73348024876531714,-0.0098305801980336921,0.062503036973602891,-0.044551935331710424,0.99704989615729667,14.128602634738858,-2.1726681235493936,-3.1903996278733948,,0.1986345781831519,0.3636363636363636,False,2
0.39556470936318172,0.81980616837317377,0.41406087354846371,-0.90931520348728612,0.41296290743296904,0.05106366410065534,-0.12912947538535555,-0.39671083093583953,0.9088157652708817,-15.569067764999001,-9.4749911477112541,-4.0532473120866337,,0.195374076980158,0.3076923076923077,False,1
-0.27298535998159285,-0.9619989978225536,0.0060763002001135505,0.95280383843128669,-0.2712373794271018,-0.13636395957922562,0.13283011219722152,-0.031435842440121292,0.99064017135575133,-3.6625466072552437,18.973373708389111,-1.4793156648109809,,0.2576533521388853,0.8524590163934426,True,4
-0.28112336409772004,-0.92386073238328315,-0.2597133060099247,0.95078922938305943,-0.23139285272752499,-0.20605142318311209,0.13026701596163462,-0.3048584833440624,0.94344677098690044,-3.414447026862057,-14.060672121958447,-4.399404387544406,,0.1710126898179779,0.1176470588235294,False,1
-0.14134727750666989,-0.97210270695957224,-0.18718246248867421,0.98408913923597008,-0.11741259307749705,-0.13335234915300545,0.10765460129162814,-0.20305321989244488,0.97323166651730475,-16.819296216598261,7.3880417590599343,-2.6421323517145159,,0.4179359512878209,0.2592592592592592,False,3
-0.63479095928476825,-0.75846794296838627,-0.14753581768380489,0.75599499577602891,-0.57018369236829169,-0.32149980298417513,0.15972477695062176,-0.31562150821286949,0.93534542238763729,11.076655669326307,-5.6302946987468987,-3.4626657227046396,,0.2657611496937538,0.2142857142857143,False,3
0.92803401793519724,-0.37238907075603978,0.0089017715376088335,0.37198837344098451,0.92525948714719564,-0.074293549308401777,0.019429657222534296,0.072258296586361181,0.99719668420761032,18.967095292406103,-4.7203587530098812,-3.4651415415365596,0.1667492864088547,0.1921564230333746,0.8596491228070176,True,3
-0.90077369080034808,-0.43356727413357199,0.025023524178323008,0.42531470354509709,-0.89234754311557851,-0.15107370798367745,0.087830296084354068,-0.12544034875579413,0.98820572655381833,6.0493380592846364,17.587683109777647,-1.3660512303071175,,0.2886144897058082,0.7719298245614035,True,3
0.85798183603034583,0.51060416161257693,0.056129842204606026,-0.50489484242561822,0.85838103238383534,-0.090902152535961095,-0.094595809283534504,0.049652727896645099,0.99427674189755366,16.072823450468842,10.996308539372349,-1.9551631677204044,,0.1406845099051097,0.36,False,1
-0.3010997103620392,-0.93951636293612228,-0.16324205400317648,0.9451168681965777,-0.27124503958688195,-0.18215442336051907,0.12685846392806605,-0.20912946295247542,0.96962456541437725,1.5941337292264346,-20.46876260862858,-5.0618738511523844,,0.2206976101764213,0.2758620689655172,False,2
-0.48106412745614696,-0.87625620279461192,-0.027429406461392022,0.86739672228834519,-0.471191675341043,-0.16000416011072155,0.12728012978580824,-0.10076443893194409,0.98673517035141645,17.70677184887527,11.059063942511983,-1.9669511612699258,,0.1206780634523969,0.25,True,2
0.61410053854750479,-0.78915298185639171,0.01086737239770009,0.78543759162286908,0.60974555810485154,-0.1062927280535714,0.077254891245357546,0.073810064344700083,0.99427549310042784,3.3462570681156945,13.595703488052957,-1.7765438855928193,,0.1496178225094017,0.3333333333333333,False,1
0.96856316532146813,-0.24751315398130425,0.024952622881897025,0.24874624784570212,0.96491401125022436,-0.084061019953884472,-0.003270927260514072,0.087625278882466129,0.99614813734485652,-20.951943568836896,7.7288790934486133,-2.7967457619200897,0.3487151275932266,0.2887346446203584,1.0,True,2
-0.45893542015422095,-0.88833759070036555,-0.015316823317452089,0.87870906125336312,-0.4512778214082388,-0.15562362794982942,0.13133417605140693,-0.084880226517741075,0.9876976669746641,5.0649321491597847,13.05272003574327,-1.8137003269704328,0.242359077154712,0.19294024727395,0.4736842105263158,True,2
0.46052942667866836,-0.88736619712399278,0.022223396786273934,0.8825420521024564,0.45505809148723808,-0.11849750901507627,0.095037747415448889,0.074184672094008738,0.99270562655426786,-21.258169824924959,-23.707651745670862,-5.3738540837028372,,0.258965283745536,0.8666666666666667,False,1
0.90851196696602998,0.41484412668430765,0.050103457316335268,-0.40882388318165924,0.90725460767408073,-0.098752769046844505,-0.086423598743542121,0.069234582469200098,0.99384985494315536,15.167493149185622,7.1110607761812208,-2.3535733101740965,0.2524161151857056,0.1963850512954222,0.7333333333333333,True,2
0.88268565077128258,-0.46996259807285168,0.0010946849282478278,0.46915880893381823,0.88103490844017807,-0.060559905132089129,0.027496434719392379,0.053968940349259836,0.99816396426403775,4.6536504627584305,10.724068046278386,-2.048628966127287,,0.08151095644494322,0.2790697674418605,False,2
