axis_00,axis_01,axis_02,axis_10,axis_11,axis_12,axis_20,axis_21,axis_22,location_x,location_y,location_z,dbh,dbh_approximation,score,reconstructed,number_clusters
0.97817756284677837,0.18098745055394688,0.1020401797583701,-0.20270906558935403,0.93906893687734283,0.27759424799507026,-0.045581687891397715,-0.2922209344554908,0.9552639610049839,3.8584302483167585,9.7564129839979934,-2.1759853912503804,,0.4916630170941301,0.1891891891891892,False,1
0.88325998361310543,-0.46886224939053406,-0.0044712911141440489,0.46776901196561549,0.8817774877894049,-0.060503003830549844,0.032310258316680683,0.051348350745241259,0.99815800056066006,3.1939686039053292,16.485108775015799,-1.5342321795316483,0.194025201688115,0.2162553089965172,0.9259259259259259,True,5
-0.62564064472672476,-0.78010879084407858,0.0020144760404148445,0.77338735928522317,-0.62058429097477041,-0.12941070393584297,0.10220457995489805,-0.079406625939720296,0.99158903361882311,-0.53728988472764849,13.78184012035128,-1.809129114737472,,0.08128872234875055,0.2857142857142857,False,5
0.746048909323206,-0.66587913092835549,-0.0040009863475688016,0.66274312766965893,0.74309208987461028,-0.092659013012351091,0.064672804363918202,0.066476529391077926,0.99568986105906687,5.7231537551650566,-4.0811338219967661,-3.7013753632401802,,0.2836716086054397,0.9148148148148149,True,5
-0.34365326918682071,0.93769492293878487,0.051289980230440332,-0.93304780618395222,-0.33474120448342543,-0.13179574119181967,-0.10641532762025456,-0.093148040858699502,0.9899490999701257,-14.243771236032934,-19.305806815961191,-5.5981262928429514,,0.1696807367411701,0.6341463414634146,True,5
-0.44757724777075686,0.89203320028340893,0.062859978285814133,-0.88561249953568588,-0.43241619194363967,-0.16943062772448936,-0.12395607263909156,-0.1315028765354575,0.98353540125345318,2.0098035167501118,15.524787577221957,-1.6239863267217272,,0.2156539499383426,0.8142857142857143,False,9
0.99184728136557077,0.12380262249078049,0.030197369291596901,-0.12640951696615704,0.98582533548933382,0.1103133805470882,-0.016112245905230832,-0.11323126145967444,0.99343800861459974,10.469563603231794,8.946407684978972,-2.1240388459696637,0.5832004905937558,0.2519914529222577,0.2857142857142857,True,4
-0.83471038972650591,-0.54205287891929443,-0.097145466893366714,0.5380698245883998,-0.76524339439059164,-0.35338847067918783,0.11721531107340155,-0.34724807241635069,0.93041890944514638,8.4934979763133498,8.6325478576872126,-2.1759479408388787,,0.3209788059699048,0.2823529411764706,False,4
0.78243729893024672,-0.62165661734221067,-0.036536602980857175,0.62052445574364079,0.78325672700809545,-0.038187686767134049,0.05235716824656083,0.0072076148070527911,0.99860241198486743,-16.532271837225313,-1.4150577484335713,-3.9261365572334133,,0.1631610710149389,0.3333333333333333,False,5
-0.9234673022124894,-0.37887595810273544,-0.060507438518917961,0.37583922447888879,-0.86156893306483995,-0.34123870079552876,0.077155810458408108,-0.33786385120229595,0.93802718455450873,4.033462115986711,10.09918514383531,-2.1192136930026546,,0.4047714263387355,0.2727272727272727,False,6
0.94831591106031066,0.30280827098282509,0.094889851165684547,-0.3156344653656169,0.93094685828860635,0.18361054249670811,-0.032738617918520757,-0.20407130632934731,0.97840844478664413,-1.5926030259804942,9.736213892254387,-2.3180608903007447,1.063232969887829,0.5215431058871945,0.180327868852459,True,5
0.8985907333088784,-0.43878762271968713,-0.00034082168209575645,0.43723575352229532,0.89547740007565402,-0.083337397340803657,0.036872616576589731,0.074737193563538223,0.99652133045160818,-12.022462172776619,-20.174493549016294,-5.6889996114617105,,0.179006908444487,0.55,True,5
0.88638164158776778,0.46211897544703451,0.027814348598469964,-0.45657549780367307,0.882527472358697,-0.11262360026875846,-0.076592429531266382,0.087128141630315362,0.99324835095485831,25.205244242028982,-0.67901642635486581,-3.2491491568315296,0.4467105896996358,0.3644043633334347,0.9710144927536232,True,4
-0.10157674226610398,-0.9588404468006021,-0.26515497922880416,0.98609982258046902,-0.061814954424991291,-0.15422727163573957,0.1314888030874623,-0.27713518179519964,0.9517913561668695,3.1460406757952031,-3.4567217258673573,-3.6868819841722313,,0.3350658965081341,0.2017353579175705,False,5
0.66508049460812124,-0.74672060505957361,-0.0087334799068418973,0.74289593114918873,0.66277344357228596,-0.094005308240095398,0.075984019200082645,0.056033030212545437,0.99553338886820031,-12.259810655923605,11.249666859954004,-2.5139332754352806,0.356435354429095,0.2703163174997757,0.8969072164948454,True,5
0.24696493499167269,-0.96882262786138273,-0.019774646098574895,0.96241821263920668,0.24760899521602905,-0.11153909390192919,0.11295797831456525,0.0085147655207567022,0.99356328127765114,-2.7153632248494897,16.532818407323443,-1.6444726102644955,0.2119150414396693,0.1977749338185771,0.4722222222222222,True,5
-0.041148534413051129,0.97848204043874554,0.20218727619335514,-0.98934604094580292,-0.011619021724925939,-0.14511860528210088,-0.13964673064746075,-0.20600459915493605,0.96853543855993751,-3.5084427420368764,10.846654166936702,-2.259117458024809,,0.3306920278886001,0.2702702702702703,False,6
0.89720460136676783,-0.44159066480081449,-0.0046462939074462164,0.44069403441617017,0.89596291969244424,-0.055129071878551525,0.028507390555766149,0.047414462951359967,0.99846842583365447,7.818016101054547,11.412569060858132,-1.9218166247452269,0.1733453548867084,0.1927454234077464,0.7702702702702703,True,5
0.76386625320781509,-0.64528151120052457,-0.010959859169853019,0.64267167283554716,0.76211000622883873,-0.07849496379157464,0.059003967197261573,0.052916062860421734,0.99685426324329784,16.101270068731726,4.3624931510180236,-2.4861051078598115,0.1904341083541847,0.1200895929451526,0.5757575757575758,True,5
0.49113606497668799,-0.87105062943850964,-0.0074944402052864213,0.86577590191632059,0.48907406684985311,-0.10601247471843551,0.096007569181789834,0.045578043943563254,0.99433655699168688,-13.193672495893628,-16.206820428867537,-5.2678658406479553,,0.2751008674666433,0.961038961038961,True,5
0.68375301932901511,-0.7295540332569157,-0.015255199671697141,0.72589433686342086,0.68216183413392428,-0.087935452240011702,0.074560178836095531,0.04905246792576471,0.99600935493715226,-12.918676047164073,-4.378542925791554,-4.0926278934591052,,0.2730611746050157,0.9936708860759493,True,5
-0.34047643587997584,-0.93762947706081878,-0.070190885142760534,0.93264904239975599,-0.32730579601760945,-0.15177838977963024,0.11933800870337596,-0.11714042700935712,0.98591914477749065,3.369361455674353,11.826099757338289,-1.9543374997848926,,0.160588227041901,0.3148148148148148,False,5
0.9616979994441347,-0.27358317942863053,0.017005934225174778,0.27383695281671167,0.95611046557680379,-0.10424059135751899,0.012258920719510317,0.10490482137742287,0.99440670618945615,4.5615467439184494,13.374038478087455,-1.7834657464500356,0.1533388925313663,0.1714418862820148,0.734375,True,5
0.60713589970671189,-0.79440136273045558,-0.017676939195393017,0.79021722568065422,0.60597200519982086,-0.091403857422317131,0.083323079185136581,0.041525941363253438,0.99565699950786446,-1.0650384766615582,-4.7446973834639756,-3.9381035286710007,,0.3177541929105424,0.9468562874251497,False,5
0.60242062840277855,-0.79814769982946376,0.0070452630708699067,0.79376478189857669,0.5981388466670059,-0.11030589796275088,0.08382635320891739,0.072042830072120312,0.99387271475923555,-14.289390972450978,4.7563204687216682,-3.1968892722410627,,0.2624426656669117,0.9854014598540146,True,5
0.95066654231513903,0.29835048747740656,0.084971241867898895,-0.30559791237713135,0.94778149788432142,0.091214846482860559,-0.053320176981309912,-0.11268193684058946,0.9921994455937454,15.679924014330927,1.7969962661635124,-2.852742034458517,,0.2891183914159061,0.3478260869565217,False,5
-0.029396832076636039,-0.99692198572322654,-0.072679987930086759,0.99213529087481211,-0.020250447225574245,-0.12352118841687407,0.12166918617550929,-0.075739512599591788,0.98967678328157538,1.4063087700960619,16.332570508616783,-1.5808086447575311,,0.1114838599932065,0.6190476190476191,False,5
0.95370436744809184,-0.3002268460542904,-0.017658437607300279,0.29918888722994974,0.95309719969944096,-0.045735518835917449,0.03056123800734924,0.038334955763371245,0.9987974979434423,-15.927602651767735,0.64650896987703355,-3.7244498732236742,,0.1204106323253862,0.2173913043478261,False,6
0.60936103125647456,0.79222198896410234,0.032610639181208344,-0.78546208975683895,0.60875706824333109,-0.11164290133547811,-0.10829791845120901,0.042416412690673644,0.99321317389248787,6.1400609139740912,1.1119728466739218,-3.0881529214353751,0.3362833349767211,0.2589370258481163,0.972972972972973,True,5
0.043156883005688533,0.98933975957931908,0.13908387241074649,-0.99567611599223937,0.054053790991886459,-0.07554640773732485,-0.082259075437558837,-0.13522214239887245,0.987394762348483,10.902743329130018,-6.9826993066272323,-3.9912722014211113,,0.1641528573440152,0.2857142857142857,False,4
0.15042152510445889,0.94571402296485918,0.28809434488179558,-0.98324747731754081,0.17345531152096433,-0.056014759250199359,-0.10294543765481409,-0.27484221231970107,0.95596233984047285,5.4906807983416046,-1.993911000153294,-3.4905989135527387,,0.5746663075284273,0.2198581560283688,False,5
0.049887275883625709,-0.99866418927302736,-0.013457219941709595,0.99167717377865117,0.051130493901369062,-0.11816114251220824,0.11869137589268799,-0.0074504803234813274,0.99290324182754641,-0.89228583252453397,-6.7589722898046221,-4.1289418676834986,,0.08173160773171592,0.217948717948718,False,5
0.98787847657050365,-0.15413620408572332,0.018388749788522014,0.15518172232515703,0.9835529443375669,-0.092424232434467457,-0.003840388644202223,0.094157507799149068,0.99554990590131365,-0.75642673028605956,-18.222329832000028,-5.3505376507436484,,0.2157975437470479,0.9464285714285714,True,4
0.81792527850040009,0.57380052529325176,0.041847293380015201,-0.5683725033336543,0.81717476504043196,-0.095802405164752802,-0.089168022543283959,0.054574358029251473,0.99452033825428476,9.1730549197257822,3.3850232659950734,-2.6949786224318508,0.2760925244086888,0.2223117979697632,0.8125,True,5
0.47797845181209575,0.86736370668613605,0.13862467286525451,-0.86586218968777728,0.49180671865574743,-0.091699618069836633,-0.14771346611734373,-0.076199421315080063,0.9860904523008257,-18.695084926591711,-1.5756517766857345,-3.9936204356842815,,0.1789773441555821,0.2105263157894737,False,3
0.53999277144193492,-0.84138203463541117,-0.022001785910105372,0.83757951663295149,0.53975897215488189,-0.084384864135793852,0.082875570027417203,0.027138971444790695,0.99619030115814178,4.8562282354480715,-18.893354240837084,-5.4088825503602989,,0.1894449298996836,0.303030303030303,True,5
0.62635291904591239,-0.77948756177382406,-0.0090089867669178227,0.7751563046893486,0.62401320802712679,-0.098692550418207459,0.082551342224226942,0.054832994151290781,0.99507719230690139,-16.843732510460878,-17.621709831858745,-5.474415891640704,,0.2121079203283875,0.9242424242424242,True,4
-0.099103148691882012,-0.9933791673171013,-0.058106762599017148,0.98624360805164524,-0.090292261369716451,-0.1384588498941704,0.13229554601961588,-0.071029131186623989,0.98866210154240575,-5.9887843804927039,-1.5694941724412721,-3.5841352055553783,0.1559597696099989,0.167166951285938,0.3809523809523809,True,5
0.12138589750738872,-0.97551749444606251,-0.18338779107672804,0.98464351403647377,0.14169301157667491,-0.1019815705715309,0.12546957460766986,-0.16819247456413788,0.97773650711618709,8.0746200881640444,5.2565540498570513,-2.4797294806676082,,0.1647781901598844,0.25,False,4
-0.75143063328698967,0.63387716210714062,0.18317135888810027,-0.65745883427266183,-0.69589425722158349,-0.28892743726211734,-0.055676607248897184,-0.33753655524256926,0.93966440247581651,2.2683751245661727,12.718978123017692,-1.8729653443791683,,0.4107369659469322,0.504950495049505,False,6
-0.13119345029672838,-0.96926169365775838,-0.2081346866981422,0.9847363358441209,-0.10318961451834005,-0.14016508953320506,0.11437931398436893,-0.22334653044820363,0.96800501025005803,2.7864665545771587,10.301498295903976,-2.1153403908324488,,0.4144481062593613,0.3684210526315789,False,5
0.50758625166279059,-0.86153139688600266,-0.010947570624249971,0.85658607719855084,0.50596005014672063,-0.10131495449896703,0.092825047656967072,0.042048541415636444,0.99479416498705953,-6.4803938777720012,6.8209172805552374,-2.7767746264310063,,0.3124146392444654,0.9828326180257511,True,5
-0.48136144936080977,-0.87652162551852231,-0.0009975307659307181,0.86836849385451598,-0.47672848907739912,-0.13662396050041992,0.11927830460775599,-0.066631731932680918,0.9906224802363166,1.5128530534244795,-19.56607710566929,-5.4747590457582955,,0.2149129346489163,0.5909090909090909,True,5
-0.65493823236313997,0.71134145536053761,0.25504753610767972,-0.75080731964377012,-0.57425619008591655,-0.32637125626707003,-0.085698778044868126,-0.40524457064044683,0.91018270550920533,9.8134556292058939,5.0876015952629965,-2.5022754495121959,,0.4438946983665495,0.3058823529411765,False,6
0.25763616330330935,-0.96606543596811034,-0.018471079722009211,0.9599719071560211,0.25809179981478902,-0.1088235284283483,0.10989788364469609,0.01030515871344018,0.99388946008814716,-22.905212708751279,6.3611847284484142,-3.3611404875143016,0.3506602099072645,0.3120862927827567,1.0,True,5
-0.26491426624600478,-0.9638007430526313,-0.030142316276909366,0.95909044424969969,-0.26012577067360004,-0.11171438215547885,0.09982961127969768,-0.058503941086580399,0.99328311049221152,7.4086768114543622,-7.2226417619215084,-4.0323766471509375,,0.1149745220798032,0.2428571428571429,True,5
0.5952218937121877,-0.80355778667544331,-0.0024043125716127645,0.79907943586779351,0.59221490802138843,-0.10369936301843573,0.084752300375199763,0.059802894499206692,0.99460578190086479,13.950569439354682,-3.2738255690993512,-3.5169029171290096,0.292395708818272,0.2684742572055412,0.9459459459459459,True,5
0.99000862008669166,0.13445182936288527,0.04249279627204712,-0.13605304057913889,0.98999761302044387,0.037340278025131832,-0.037047298190492947,-0.04274847125683609,0.99839875095173636,1.1048940061745471,10.50882059106223,-2.1385271662425023,,0.5976261082788363,0.2941176470588235,False,5
-0.77428261743421989,0.62622422192424254,0.091266928372718076,-0.62936304928029407,-0.74688176506415493,-0.21463872254386585,-0.066246362464846303,-0.22363106423310186,0.97241995381118462,-18.254878419604299,19.257511294183711,-1.975323542076459,,0.2437279266772151,0.6,False,2
-0.40229599165033725,-0.90522716752128241,-0.13682730094344767,0.90774149279794769,-0.37497439856776343,-0.18814776818154916,0.11900973638751489,-0.19989491139131321,0.97256295788233349,-1.1166197056760541,17.277959487478817,-1.547807614956318,,0.2080397051731114,0.2857142857142857,False,1
-0.99661651992449229,-0.080396206098044223,0.017086903131811514,0.075986044430812735,-0.98048379768805261,-0.18132193337534669,0.031331027199146634,-0.17941006804595974,0.98327533998285088,9.0111954517467545,-5.463298159425765,-3.8125335951502213,,0.1354991455214886,0.3636363636363636,False,5
0.8134536618501863,0.58085041726016484,0.030098717434692539,-0.57549778338220292,0.81129376626691641,-0.10297925101015055,-0.084234442745780694,0.066447103662483714,0.99422801261590565,0.35328206987059085,-17.476826131388879,-5.242867885158323,,0.2134063182877936,0.9827586206896551,True,5
-0.61316066688854465,0.78896628352206699,0.039575245370981164,-0.78593061295112387,-0.60421599769417211,-0.13128632737915755,-0.079668489423776218,-0.11160300890125836,0.99055423889715388,12.240706034346074,-6.4772184930433028,-3.9079534676837695,,0.2300393480816994,0.8627450980392157,True,5
-0.8342051052800481,-0.54948514380106428,-0.046560917802673504,0.54482553015005464,-0.80818244623344271,-0.2236208293000449,0.085246607096209528,-0.21191321417517034,0.97356345742664985,4.4669629183734845,9.7041279480087077,-2.158804676010381,,0.1521657402935463,0.2916666666666667,False,4
0.93273693759083864,0.35356046419340525,0.07068807122144305,-0.35507792489995144,0.93478558523521138,0.0097763431408443568,-0.062621661606894016,-0.034218530006518331,0.99745056002880883,8.4476720543457926,8.1721389764626498,-2.2419574171187242,,0.3237865207696628,0.2,False,2
-0.76681397114180594,0.63541854619055704,0.090772268996714214,-0.63697780988862629,-0.73589648640224881,-0.22959884801608421,-0.079092372395965144,-0.23387952552094579,0.96904322100248663,6.1324544727378942,10.854746748528676,-2.0022495776290881,0.4911993836655386,0.3303604035546323,0.2,True,4
0.95847155150779884,-0.28497812856573951,0.010943088659199001,0.28479515138782213,0.95443206430559524,-0.089169256873366576,0.014966853250491251,0.088582734573559987,0.99595637075087251,-6.2266197945491042,16.655611683173372,-1.7488249547666319,0.3660475482092103,0.2887666095049049,0.96,True,5
0.99909078620072844,0.035147056752681656,0.02413058910251057,-0.034145739097082059,0.99858681364665169,-0.040723999220867418,-0.025527816795104644,0.039863015599061059,0.9988790069658211,-7.6557684276475992,19.801122409645842,-1.5101793980926892,,0.1434330402604498,0.6,False,1
-0.9009161624628752,-0.42168367148443753,-0.10263015841637868,0.42895562875096976,-0.82927630685144049,-0.35818692809438957,0.065932820173461582,-0.3667201768354727,0.9279920124256098,9.154320232355218,-4.7773532865854484,-3.7365383017971361,,0.6666723221490253,0.34375,False,3
0.49969608001041649,-0.86607062034482751,-0.015016930370436606,0.86107371755781559,0.49854717599843029,-0.10001383021939929,0.094105688209523586,0.037045834847082418,0.99487271827460222,7.2915549428619979,-21.508349749347271,-5.6716743331920503,,0.2257134136623556,0.9056603773584906,True,3
-0.11295981351118693,-0.99241794903936498,-0.048442697654221586,0.98630042784888206,-0.1060978598967194,-0.12631195569085452,0.12021458545713228,-0.062047228381585016,0.99080704221030491,4.3956108917998726,8.7811427121733221,-2.2533398521028394,0.468525639608236,0.4788363526660164,0.6919191919191919,True,6
0.95585268842521309,-0.29351425185658592,0.013965027295382286,0.29347199717733802,0.95115853706244868,-0.095768597389576021,0.014826493281843002,0.095639015732549987,0.99530565846209873,9.8236027646590749,-7.3374671651334182,-4.0337202876473794,,0.2463577490187781,0.9671361502347418,True,5
0.99949344811762564,0.0057236833255177432,0.031306335127736978,-0.0094055628047668739,0.99287868954453062,0.11875791862719252,-0.030403660277449708,-0.118992215281196,0.9924295794383643,12.214146246731008,-3.7101906371464755,-3.58780872632726,,0.3026315906865184,0.1052631578947368,False,5
-0.99950196806888425,0.019846340995214058,0.024534436523572366,-0.024606089376725569,-0.9769227518176774,-0.21217086827970044,0.019757433841774849,-0.21266889695035116,0.97692455393336763,-6.62961667374047,-3.6420109608100137,-3.8736037785781008,0.2307329388528999,0.179601585425036,0.53125,True,5
-0.99210071974171865,0.1218703129794808,0.029728583926050219,-0.12530096743921282,-0.97404888159147662,-0.18848990378583122,0.0059857703566160922,-0.19072598953650227,0.98162506460896815,2.373160285799008,-24.59685394069923,-6.0722143823774726,,0.1518112354302852,0.6521739130434783,False,1
-0.34806753601309343,0.93194273891486112,0.10164507739011402,-0.93070085719475915,-0.33051170758017473,-0.15670968562720947,-0.11244956554258276,-0.14914671480225594,0.98240030164540382,0.30562565308820616,9.4608279743635055,-2.2909892877190359,,0.2148993312854643,0.6551724137931034,False,5
-0.71828602945800546,-0.69249844787765735,-0.067164570812959554,0.68578991861576422,-0.68842434462902402,-0.23614425516425835,0.11729180453227299,-0.21567990497293546,0.96939404329737255,7.7554762568348954,-3.435715942452533,-3.5834777538551843,,0.5692386372113124,0.4885496183206107,False,4
0.59111922846273457,0.80587396864998062,0.033840868693823793,-0.79894758985995484,0.59076676457609123,-0.11259386541578291,-0.11072852567695332,0.039519318372516835,0.99306465906142327,9.4916411051268401,5.8523742967892698,-2.4279052496736346,0.2248575460779933,0.1521956360362649,0.7916666666666666,True,5
-0.43817561449717196,-0.89240151626418196,-0.10780382474391319,0.8869338253813005,-0.40973206167701581,-0.21323233110482198,0.14611817222549786,-0.1890480663833739,0.97103568850078237,3.0240308511090936,8.8345420842812459,-2.272281119289004,,0.2276342789143201,0.25,False,5
0.057838030475574946,-0.99808032100930444,-0.022145768098446414,0.99117737568671538,0.060059642479348196,-0.11815349877192985,0.11925674889708347,-0.015116618643618015,0.99274836473462957,-11.137167100461209,1.535610077633319,-3.5266952256962454,,0.3643092507203414,0.9629629629629629,True,5
0.99650835969357254,0.082471066463086579,0.01302352706713434,-0.081056619890337814,0.99299443645118246,-0.085976005658284116,-0.020022822797510831,0.084620165288429722,0.99621208293905961,-9.2314600836715304,12.277018207997209,-2.3026776902569961,,0.2114068772767556,0.9358974358974359,False,7
-0.22406517240421536,-0.97372710121316786,-0.0406242646514373,0.96685898434103568,-0.21686348482601414,-0.13473653308638023,0.12238669418890814,-0.069467699775636174,0.99004835022002435,-21.576959491530964,-14.385904699930103,-5.2281107327603742,,0.1905645311069314,0.4516129032258064,False,1
-0.046051676862710639,-0.99873066193382054,-0.020403626426850643,0.99222107716386476,-0.043367590764905976,-0.11669012855862745,0.11565715321550089,-0.025618684284748887,0.99295876345677392,-13.262191108715193,-20.272728171594817,-5.718158602619277,,0.1991863039120051,0.3636363636363636,True,5
0.22287991003646607,-0.97453246322986187,-0.024718895874933852,0.96984849269536011,0.22423027190727604,-0.09547086663966195,0.098582183576323409,-0.0026950457376468482,0.99512526337632345,6.442163612770452,-21.653399454266786,-5.7096569146489955,,0.2451584419132601,0.3235294117647059,True,5
-0.54366038252871707,-0.83877551161728237,-0.029816599066559098,0.83160074478728774,-0.53352722457703994,-0.15423651287665346,0.11346184265187292,-0.10864778758119127,0.98758395517330821,-17.994975411150609,-17.439570056874654,-5.4650217079904353,,0.1757634593619817,0.6756756756756757,True,4
0.8269586943283066,-0.56037624155793753,-0.046019406474045725,0.56073178025798243,0.82797579425297385,-0.0059962271364174952,0.041463097852631768,-0.020845911554979574,0.99892254929394109,9.4845746917776861,-8.0686012455005525,-4.1106826757925452,,0.2471123064024784,0.3013698630136986,False,5
-0.99203698267675711,0.05396705057251338,0.11379886842188318,-0.089369161679527895,-0.93828928547454071,-0.33410532726129283,0.088745579846523689,-0.34161495022346577,0.93564066170807525,4.5870329040983364,8.4211850657220921,-2.2937289615119707,,0.1539715913637928,0.2682926829268293,False,2
-0.23132947667306386,0.96161686759345721,0.1475793792571114,-0.96631590558505276,-0.20952507120231206,-0.14944167809217795,-0.11278405842807064,-0.17717856669872342,0.97769499930555037,6.0777212339428841,9.4303577896579096,-2.1546132708473427,,0.2257637703171275,0.2758620689655172,False,5
0.21322229222565789,-0.97621698276521351,-0.03920021248436481,0.97038184747082501,0.21627009820394641,-0.10763974508500135,0.11355758097610587,-0.015087981430217329,0.99341684534701591,-18.826985721685674,-3.3586180268051207,-4.1761121452396308,0.3179540477534624,0.2662412975754835,0.9714285714285714,True,5
0.60496687762175871,-0.79624718125688032,0.0023459158239116928,0.79176442898513744,0.6012434775112947,-0.10777462476837645,0.084404774594920268,0.067057490935748004,0.99417258407933506,21.263066527465718,-2.2821088090491095,-3.4041137126633934,,0.2953963189091645,1.0,True,5
-0.68972910112811414,-0.70828638277941602,-0.1503468224680998,0.71815660366072454,-0.64271083764373549,-0.26678431699367267,0.092330166660179097,-0.29198147054999629,0.95195691140931626,-6.5759878373130727,-0.78978972611507969,-3.523108104994356,,0.5720733091465047,0.375,False,5
0.99542844170555878,-0.093831903104170014,0.017826704785083747,0.094928764242705022,0.99254684208770994,-0.076415286304961416,-0.010523647799020172,0.077758216424799312,0.99691670294736157,5.4535018275169564,18.255963037743829,-1.363461753983505,0.2911223486658263,0.2030594524859187,0.9512195121951219,True,5
-0.99595541028013546,0.070958257998132421,0.055115754150671943,-0.080698060570280367,-0.97616198083419015,-0.2014835233811077,0.039504983912440776,-0.20511633966054604,0.97793999992348046,4.7395760839742644,-5.877774079630818,-3.9624038543473028,,0.2075299683737321,0.1346153846153846,False,4
0.9822964053270441,0.1825852594339922,0.041909367914463147,-0.18511600370757031,0.98038612849322959,0.067639516773820699,-0.028737384239120967,-0.074200148891218065,0.99682922341372715,5.1164335675958608,6.8790520792754872,-2.4088342674085608,,0.4023716705526725,0.2950819672131147,False,7
0.99217212994436477,0.11752880608428373,0.04220715936977807,-0.12215214976790899,0.9836325192170684,0.13246101104008839,-0.025948350019632367,-0.13657981871084363,0.99028916799699074,1.1060146792017709,9.977756195976502,-2.2167957884879068,,0.3483158779985142,0.3095238095238095,False,3
-0.79212332399908825,-0.61030424634209857,0.0083286537591474308,0.60364783948169531,-0.78535625108349683,-0.13720366166089684,0.090276937618186379,-0.10365464669217536,0.99050784386263357,-10.183633751720533,-18.015808221613113,-5.4056511138285703,,0.1781502741964618,0.7209302325581395,True,5
0.78411574357750224,-0.62054966226629249,-0.0089787156705575886,0.6179813298269734,0.78203832632040793,-0.080716368546051631,0.05711021501612356,0.057742296691133482,0.99669666925983402,-2.6283046550791247,-17.182307718592639,-5.2485083601731972,,0.1790540931082849,0.8444444444444444,True,5
-0.58775840393578782,-0.80903649963027857,2.9476114248935467e-05,0.79987574309021214,-0.58110865562921488,-0.15003841497658887,0.12140368288785904,-0.088162762086907029,0.98868016727477182,-1.09751339987353,-20.293839404097312,-5.5743337279727818,,0.1448760349226403,0.8918918918918919,True,3
0.14487941731083995,-0.98918405043705471,-0.022910015290578754,0.98272214555841686,0.14655124096631028,-0.11304830118271064,0.11518306763033322,-0.0061358073778022392,0.99332533079504681,3.0958357431454515,-19.117043415362176,-5.4294834932539651,,0.1826860241235788,0.6909090909090909,True,5
0.70958862819633339,-0.70458747441163705,0.0063615750153259388,0.70116302152644128,0.70518956522579301,-0.10525252652818889,0.069673495522731513,0.079146497072748817,0.99442517869508729,-1.1089040711975924,3.3010354084700713,-2.9884432903778899,,0.2657592918660637,0.9854368932038835,False,5
0.94388149369558993,0.32325731873072416,0.067767482954630517,-0.32246481189216686,0.94631097452962865,-0.022627076172905991,-0.071443480810585824,-0.00049535018732412396,0.99744452661682403,-0.48426562431549103,-5.57602093899576,-4.0267698875955018,,0.223609839111842,0.2657342657342657,False,5
0.63426250670957907,-0.77304028631203803,-0.010944785109063727,0.76937731180437863,0.63252148574504818,-0.08930353941219081,0.075958045414223629,0.048221217420125785,0.99594432049556458,-1.7283302999779926,-18.195926511713783,-5.3404474286359545,,0.1626008748556963,0.8936170212765957,True,3
0.38693803177297681,-0.92209187119461278,-0.0050537752693030676,0.91626238032827401,0.38509627847205419,-0.11029100916275739,0.10364463306327186,0.038045201849796886,0.99388648881720298,4.7473239912841318,4.7290535755702932,-2.6844181088305574,0.3217525500191386,0.2482364756765717,0.9962546816479401,True,5
0.27084140915613025,-0.96257392776231276,-0.0098165512556805841,0.95634359796416968,0.2702233657981033,-0.11129355421447769,0.1097809351356973,0.020754907105986042,0.99373909056238385,-21.878738753030536,3.4437477554964704,-3.6507844530001354,0.2278736052485804,0.1867169726486723,0.9545454545454546,True,4
0.94807582309089222,-0.31793655829429668,0.0082812179360027462,0.31753694937501259,0.94477197173389149,-0.081093817320831901,0.017958826580176321,0.079512680284538145,0.99667206955037679,-0.0062270406431706102,7.6410785980795675,-2.4801547508505202,,0.2894595381453374,1.0,False,5
-0.76547421565578777,-0.62194659918887185,-0.16502015914291818,0.63723959785897688,-0.69712226436121194,-0.32855173634060442,0.089302408067679043,-0.35665526252852886,0.92995811928496019,8.0070103656691405,-3.1271820355444198,-3.5648128634493936,,0.4411449627606192,0.6506849315068494,False,3
0.81550271720012435,-0.57875027297220449,-0.0018546627225551181,0.57620700747542186,0.81221099607121872,-0.091097653082937047,0.054229169046139621,0.073221713962449683,0.99584023710079517,-25.811661521783538,12.418467567145132,-3.0257005485119075,0.3293987582828903,0.2259419688362294,0.875,True,5
0.42121316714272222,0.89714580567457658,0.13307468273910161,-0.90162229953147977,0.43009918940806879,-0.045737471050435033,-0.098268493491883643,-0.10071787642239849,0.99005010608342359,13.729542304162145,4.3263116223117981,-2.5402863298647715,,0.1949458907697427,0.3636363636363636,False,2
0.89359406681637421,0.44261709078469408,0.074697755628049353,-0.44289513971109984,0.89646863716669922,-0.013706852183005297,-0.073031082224346164,-0.020834911129527879,0.99711201352073064,9.5670519017484033,8.4875272230357623,-2.1678925521955592,,0.358838014683338,0.3428571428571429,False,4
0.85809063885199754,-0.51131007332546208,-0.047354666406601062,0.51197653418422229,0.85899636310415184,0.0022970891474073662,0.039502961398884692,-0.026215588678300476,0.99887549722223512,-2.5510167969708526,10.327642366875315,-2.2924428140418387,0.1402474893416333,0.188601413026333,0.1842105263157895,True,5
0.77908328252107961,-0.55926155706033909,-0.28329445757131366,0.62411533438270916,0.73459235023514791,0.26618438790500187,0.059239246150998154,-0.38418822180078194,0.92135233322818177,7.503160255319453,-2.0366319635475794,-3.4591444980545023,,0.1228226355157154,0.1666666666666667,False,1
0.96864081388550016,-0.2478707173784836,0.017177925995647204,0.24822001865760515,0.96229855943785658,-0.11121288073529932,0.011036123089844981,0.11198924042112991,0.99364813390709095,17.56018630881017,8.7094084718151379,-2.0387330770886454,0.2181449677263406,0.2448561915439439,0.9545454545454546,True,4
-0.050325677645700111,0.94871199916607063,0.31211034716557934,-0.99151509953903116,-0.0099568118741436562,-0.12960968051580005,-0.11985463510271904,-0.31598481693844144,0.94116335559177677,2.9600109920974305,-4.6763551617457635,-3.855029253823405,,0.3881316608981958,0.3169014084507042,False,4
0.90131512487607057,-0.43299176493946517,0.012213810389942546,0.43188255197837605,0.89612414507676597,-0.10217131645956935,0.033294248246200545,0.097363484454097649,0.99469183415200391,1.4008159253350554,-1.7526101107495269,-3.4781543062779785,,0.2770213268978011,1.0,False,4
0.75899768831976322,-0.64896990748902528,-0.052541110560609519,0.64670113181995192,0.76077639231556571,-0.05474419602210092,0.075499372368577636,0.0075723225630751718,0.99711709678600535,19.976415434096889,-6.037043477193472,-3.8772831698907977,,0.2792549518520789,1.0,False,4
0.99835429123337804,-0.055980125233068084,0.012447279011490429,0.056096462562820963,0.998382946204314,-0.0092021528096319916,-0.011912013425021916,0.0098852570671584088,0.99988018563669834,-23.00033257180279,12.967412548989554,-2.7702753188756666,,0.270412951305244,0.2368421052631579,False,3
0.69897305985580283,0.70896206109044491,0.093858710465282311,-0.70591005479610425,0.70500307929310069,-0.068276296948561466,-0.11457598410477893,-0.018532515253879701,0.99324160693397623,13.913649066279342,6.8031058257359822,-2.2595979773511403,,0.1741497244890555,0.2777777777777778,False,5
-0.3901710477321369,0.91853821467924035,0.063671828036273997,-0.91618447026572869,-0.38043791058947718,-0.12598814480029158,-0.091501748374076833,-0.10749206649882219,0.98998630580644909,6.5200898412633261,-4.2910735090584522,-3.705766436390737,,0.1007154489608221,0.3548387096774194,False,4
0.87317292795361012,-0.48651474693197061,-0.029537076812728567,0.48647603068108358,0.87364789723737801,-0.0089678997254394738,0.030168020513412667,-0.006538552624922085,0.99952345538655274,6.2987775626996303,7.0416034573970032,-2.3656378152335376,0.2797399842060038,0.1355149352217924,0.288135593220339,True,3
-0.9081619978666422,0.41363335703915344,0.064414529225866143,-0.41614101588214564,-0.87531730773725269,-0.24626462530413018,-0.045480111383388831,-0.25045370174970094,0.96705972036292909,11.080839349007992,4.6664285707585602,-2.5561381724414285,,0.1646624808477117,0.5,False,3
-0.58148723882777442,0.8104789810189349,0.0706853054528329,-0.80831569695315453,-0.56571216265812074,-0.1630812162077791,-0.092186360919537455,-0.15196568805878999,0.98407728584356202,5.9805854641586338,22.861878426816808,-0.89640355534475313,,0.1323409902615082,0.3448275862068966,False,2
-0.33154741202267229,-0.94341823051370821,0.0061932152757685653,0.93572429954552827,-0.32966710456555298,-0.12545770365902284,0.12040078413822229,-0.035800034940603173,0.99207963827363788,-15.478788537922249,-0.17217080141460039,-3.7583515640101197,,0.1038432938162692,0.7954545454545454,False,3
-0.46599193988391252,-0.88353001097763673,-0.04718295947783422,0.87764692904821506,-0.45481076843348811,-0.1512713880718326,0.1121934931066286,-0.11190122706565289,0.98736555311887175,8.6087526522398505,11.009131753902285,-1.9653001429909676,,0.2217467223960041,0.4137931034482759,False,3
0.34145221835708239,-0.93286203395960299,-0.11479899030819721,0.92599276830898913,0.35481429308178358,-0.12901244306008167,0.16108313263183061,-0.062251449956032649,0.9849756247541811,7.6825641079134641,9.2241709170389541,-2.1656067729280046,,0.1995853114749067,0.4375,False,3
0.89091426953728181,-0.45407467397199219,-0.0093784216199855035,0.45274257132051265,0.88955859553789929,-0.060907053932466503,0.035999006221615837,0.050016952744751049,0.99809938181986013,-3.357759781900262,15.497340276011407,-1.7488280033172403,,0.1018050196568403,0.1923076923076923,False,2
-0.23945741357897277,-0.96970358544814217,-0.048322908139802598,0.96317736032445944,-0.23098890942498881,-0.13759904171563814,0.12226822825442578,-0.079492641745468245,0.98930854654544009,-15.228381643806996,-18.207362622145187,-5.5010478418571056,,0.2243600935477774,0.7058823529411765,False,1
-0.58430449095495762,0.80264946745047394,0.11975848300366623,-0.80711437780673267,-0.55937855290269611,-0.18884389238240484,-0.084585122731598919,-0.20700112790503603,0.97467732612312485,4.955836436581726,11.075448765017146,-2.0023782054574077,,0.1882410273556903,0.2916666666666667,False,2
0.83198548697717967,-0.55456253913746256,0.016141240496207632,0.5527086463799713,0.82598006111325328,-0.11077044217735575,0.048096794863752561,0.1010808034631573,0.99371493371845698,2.2375861584525301,-6.9647497972653749,-4.1453391554375774,,0.09417549324254648,0.2222222222222222,False,2
-0.9346338592171014,-0.35553836103632491,0.0072126996715937593,0.35006329540312264,-0.92343134564241003,-0.15725851041058161,0.062571866013846386,-0.14445422706398339,0.98753113260640712,5.6652472167284049,24.606007482722649,-0.71504706399414031,,0.2227033590056492,0.5666666666666667,False,1
-0.1148289084934639,-0.98410663984361513,-0.1354564254286531,0.98730622112992728,-0.097997934515629603,-0.12499132189401352,0.10973033988985097,-0.14808958858197604,0.98286760362791392,10.058601169833244,13.535020875600893,-1.7500931509129054,,0.2274488746394833,0.4230769230769231,False,2
0.99344480483774456,0.11105744519811042,0.027086225410069831,-0.10877421136981072,0.99125193733320383,-0.074751372389050719,-0.03515096985535611,0.071315079746428783,0.99683427344719078,6.9098218570994234,16.186782375770012,-1.5489744186369148,0.2662015635146875,0.1098389353495734,0.4333333333333333,True,2
-0.99963138494329984,-0.019060044441510091,0.019334139293706091,0.014235820188717102,-0.97436572492565199,-0.22451898697808151,0.023117864518490516,-0.22416098856847744,0.97427789441416957,-8.5869547174119596,-21.750116072386888,-5.8300174441268258,,0.1654228413586388,0.2222222222222222,False,1
0.93452114621745785,-0.35571234588237061,0.011787886123898188,0.35515057162465952,0.92986263264382418,-0.096039345517212688,0.023201266066461668,0.093937273749868863,0.99530773625716196,21.435431416153037,3.1890815507635515,-2.6731727120395545,,0.2234458600266837,0.8035714285714286,False,1
-0.50210237335433383,-0.86258900093174296,-0.061914635939511485,0.85712930628631656,-0.4868476102507569,-0.16825206298367906,0.11498938636709961,-0.13754860909767147,0.98379765254762275,9.0092365534989067,10.275282540328519,-2.0105943171151965,,0.1165988508275929,0.2916666666666667,False,1
0.99573433144236778,-0.091054766654878425,0.014905390180983493,0.091706770114845265,0.9944624148892629,-0.051326150135383358,-0.010149359690376957,0.052474134981366057,0.99857070638780199,12.30618375349863,14.039677334398252,-1.6783930790385373,,0.08426260239642538,0.1666666666666667,False,1
-0.47477935136955479,-0.87860060081685531,-0.051434927407033905,0.87239206465516916,-0.46209413306279357,-0.15937721830813051,0.11626114157274145,-0.12054043484742913,0.98587694492111799,6.5099044371996238,14.656483233290521,-1.6832398734505669,,0.1517840471342319,0.4117647058823529,False,1
-0.41518843356271184,0.90769951174710339,0.060828948781083678,-0.90410280048426395,-0.40426529713611686,-0.13844744738693412,-0.10107764734229045,-0.11247740175482875,0.98849994603046398,-4.4104876063235174,20.928318084908934,-1.2866555536986537,,0.1613895516759139,0.8717948717948718,False,1
0.79987212373519234,0.5962950512486509,0.068094034450334781,-0.59349047617647566,0.80274259998556041,-0.0580807442810784,-0.089295242645813441,0.0060440073455202579,0.99598686217039734,4.0242499563366341,-3.3870560036392314,-3.6782498546805673,,0.0871455881984862,0.4545454545454545,False,1
0.65333179833133304,-0.7326130344871381,-0.19088138460492712,0.75308263695187649,0.65474193727923968,0.064649342529035259,0.077615096538978717,-0.18598692767873662,0.97948188320247642,-18.604380297866303,14.016604143694678,-2.5189865288705495,,0.6332022362515933,0.2413793103448276,False,1
-0.33667792103149097,-0.91470596466325427,-0.22351951972787723,0.93384158380923066,-0.29390505475196183,-0.20386200023524664,0.12078027089960772,-0.27736765673148334,0.9531418095754195,-18.623565524485798,0.18031615193273864,-3.8021866563997304,,0.1185594731516486,0.2916666666666667,False,1
