axis_00,axis_01,axis_02,axis_10,axis_11,axis_12,axis_20,axis_21,axis_22,location_x,location_y,location_z,dbh,dbh_approximation,score,reconstructed,number_clusters
-0.98408253554877723,0.16504860385706657,-0.065882634986190708,-0.15128154199674443,-0.97255749714414808,-0.17676484322341632,-0.09324944117246918,-0.16398436850366196,0.98204565505249242,-20.638733181434141,-3.663219445055093,-3.8444108765172098,,0.2116591231142208,0.8709677419354839,False,1
-0.96163256511057615,0.26562587677252908,-0.068598129039204994,-0.25473961091033565,-0.95737898268434685,-0.13613674796885825,-0.10183585003379239,-0.11343886945448106,0.98831223939845303,17.132053557687968,-5.2580298559759822,-2.6784080919731394,0.370423041157325,0.341020001081662,1.0,True,5
-0.39473687808285535,-0.91463996906899692,-0.087272699413189964,0.91615136343574866,-0.38462253077871428,-0.11283699788719825,0.069638181741194377,-0.12449592683634664,0.98977335175530945,-4.9213330799121513,-3.0542364693577491,-3.0419194572424058,0.3001849723157754,0.2407415111129005,0.9693654266958425,True,5
-0.31694675184770482,0.94638272326904571,-0.062485979155764197,-0.9399612552672213,-0.32222120804499405,-0.11245590994916511,-0.12656063799483408,0.023091864019387637,0.99169005779348773,-3.9174811637149127,1.6922341073933362,-2.2463685287058843,,0.3623872144880346,0.9887076537013801,False,5
-0.94259426972314997,0.32718581804302649,-0.066824270715051148,-0.31600332242081436,-0.938624327301258,-0.13829776721722353,-0.10797195424780329,-0.10924199133015688,0.98813371788747983,5.2700010037918732,2.4103730789463667,-1.8206828680348504,0.3428927854947066,0.3109154593174729,0.9636015325670498,True,5
-0.80236481310861374,0.59328377665535492,-0.065000515711315363,-0.58402018263026045,-0.80291458032179819,-0.11936751227694739,-0.12300867028667309,-0.05781467862254959,0.99072010677591216,1.2313256307249627,-1.8348438103776599,-2.6458497339135016,,0.30091399893189,0.9307295504789977,False,5
-0.47580944273075804,-0.799410381976423,-0.36680841783764351,0.87545662627546927,-0.39026491435937744,-0.28507716872882322,0.084741192572559063,-0.45676726875770968,0.88554084743336559,3.1576053924214826,0.11357312182836446,-2.2722122682554562,,0.6110711834152676,0.4259520451339915,False,2
-0.99322565542088947,0.08941110192624821,-0.074218948160688497,-0.078253746400412633,-0.9868258246623165,-0.14160205843786131,-0.085901970804195288,-0.13483488655341999,0.98713748018200709,13.004006851378158,0.075729730111791349,-2.0752830187473705,0.2633692904063755,0.2232198107273622,0.950354609929078,True,5
-0.30995452307438381,0.94959117267165216,-0.046955280957594596,-0.9423908199641311,-0.31338919622156219,-0.11699040190945199,-0.1258083306981827,0.0079885214951490383,0.99202240269625841,-3.2050309057858071,10.469102893262313,-1.060846684423,,0.3059616915925888,0.9736842105263158,False,5
-0.42054342331261058,0.90426562543228794,0.073803169105839617,-0.90076918259161654,-0.4064229988792209,-0.15308568083022489,-0.10843481360588522,-0.13085879658462243,0.98545312752798286,-15.003448353423346,1.8727038932535693,-2.7038097507642713,,0.1986224213159641,0.4615384615384616,False,6
-0.15571997067415108,0.95051621027757816,0.26883121978816649,-0.97260439804245558,-0.099982648953846509,-0.20986699315672802,-0.17260352152176883,-0.2941469087169265,0.94004554168963628,5.0113697247870892,-2.8697521086316811,-2.7187355941561666,,0.4163784841890766,0.2365591397849462,False,2
-0.99622997965976323,0.013500107852256714,-0.085694659781595531,0.0024408192613705505,-0.98306430391071109,-0.18324469099507562,-0.086717184158846466,-0.18276301995897545,0.97932518016593151,15.662435479894606,11.171333261791052,-0.2017486770691099,0.299262666089828,0.1980405977364535,0.4444444444444444,True,3
-0.70611016606527099,0.70796026044091442,0.014166969178609254,-0.69359838004738239,-0.68748033923951646,-0.21515592103115888,-0.14258232911171798,-0.16174997000170263,0.97647694628676518,-11.003783364198544,16.57882642709605,-0.66807598999174,,0.2559625661555734,0.3333333333333333,False,6
-0.93816119748200699,0.33942642775623971,-0.068141526837643185,-0.32706558305170641,-0.93350225859094071,-0.14697495565115948,-0.11349745337307993,-0.11559945218836937,0.98679029926908735,20.162006532294189,0.70644701783690644,-1.6325341485830425,0.2441038459652539,0.191571211401291,0.8947368421052632,True,3
-0.83517492373872393,0.54969973798592442,-0.017693072548976195,-0.53643034650632748,-0.821268859824973,-0.19431917874695465,-0.12134797116193914,-0.15279940425275035,0.98077877829553739,-2.9777651359444945,11.463842693603029,-0.9042084736337308,,0.3287690227532648,0.2432432432432433,False,4
-0.95764970165789243,0.27991995866229119,-0.067467515568994801,-0.27016164150182564,-0.95456989607296117,-0.1257338497473813,-0.099597873348733851,-0.1021818489447083,0.98976721170720339,-17.206206959040287,-3.0962200545627665,-3.5674616814863596,,0.2714490328271597,0.8208955223880597,True,3
-0.75145362205247801,0.6597381287898012,-0.0079407383248524047,-0.645730419458593,-0.7378630312576171,-0.19644432414593027,-0.13546098807421231,-0.14249122262179248,0.98048282605342241,-7.5258222105755221,-5.886069065666141,-3.5249577509323422,,0.1935154464915959,0.3442622950819672,False,5
0.82524535172503388,-0.55158253815470637,-0.12135408134478837,0.55408043284002528,0.83232453717799926,-0.01519008740067869,0.10938456655322042,-0.054704372898716769,0.99249304692059326,-6.6164616448687994,-7.4374894991077509,-3.6606012293335608,,0.4115405089207445,0.2571428571428571,False,3
-0.52246356366023738,-0.84537298925456872,-0.11124897161879788,0.84947813624113244,-0.50479956251650893,-0.1535066699900485,0.073611960276421223,-0.17470521091809579,0.98186524970706979,-4.7865011045511237,-15.386199271696352,-4.7246427580082084,,0.2460189412502058,0.864,True,6
-0.80051141580697605,0.59621475584318606,-0.060905156411909314,-0.5860236996671615,-0.79998801034866629,-0.12882316067692601,-0.12552966418787873,-0.067432545652901424,0.98979551180819481,13.666215464249941,-2.8642233393260588,-2.4512926437327214,0.2995181681324014,0.291089986401193,0.9154929577464789,True,5
0.68208768031421196,0.72998089089407536,-0.04340847029174974,-0.73082139651502631,0.67838699346003151,-0.0754398667820049,-0.025621919510539132,0.083180442615748459,0.99620506483697624,-16.848201754969317,-4.5959915477908551,-3.7608553254979435,,0.06363542948907144,0.3125,False,1
-0.26013846323413453,0.96421203944703027,-0.051216432241816032,-0.95757919894223575,-0.26443258381710943,-0.1145315955051396,-0.12397603679473036,0.019249716912336956,0.99209847832736131,3.1729482035510781,10.513047443333251,-0.77393205195212456,0.1892216914285005,0.225817076001378,0.9029126213592233,True,5
0.81363814810835466,0.57822097887734258,0.060443887440626738,-0.58054997276585274,0.81361065959905166,0.031613663317690222,-0.030898107779845561,-0.060812779684244547,0.99767084389727501,13.423345774205172,-1.5001241316133413,-2.2892110969033572,,0.2406890060040106,0.3333333333333333,False,6
-0.11487241417998531,0.99144776647140365,-0.061932663589790875,-0.98650836224946281,-0.12117644957571584,-0.11007960428756212,-0.11664295809153755,0.048451980631221803,0.9919913436621145,-11.935705522786648,10.200192699362319,-1.4950764945081698,,0.2885992401534,0.8666666666666667,True,5
-0.10411928243106623,0.99033553366396576,0.091622627055490485,-0.98835634792147509,-0.092751976676731143,-0.12061840798934757,-0.11095451567811672,-0.10311450715136433,0.9884616805246258,-0.92332279835300757,-3.0463726584534827,-2.890064395051533,,0.2061755962816042,0.209375,False,5
-0.81578496530303879,0.57626660798363671,-0.049108929010452648,-0.56249285631869028,-0.81029529363548647,-0.16438772369803883,-0.13452388998226911,-0.10648161172340885,0.98517256832943956,9.2886716529917308,15.227511358959491,0.047489546226264556,0.3015790870724259,0.2717169974730089,0.9552238805970149,True,5
0.45926510753128413,0.88827244555194684,-0.0069009765571095907,-0.88621821023972225,0.45764388604466605,-0.071967752538485419,-0.060768781819139028,0.039168048701720255,0.99738308543764564,6.3409413230774092,-5.7220342993580759,-3.1172252438543113,,0.08704824016818505,0.2173913043478261,False,5
-0.74389162273160458,0.66626028117384861,-0.052177498597438435,-0.65562907006120008,-0.74269097865745026,-0.13623741303887887,-0.12952133461491039,-0.067136785378689307,0.98930120586633763,0.98243384312603621,5.1993847174446097,-1.5080948886294383,0.2942982120070775,0.2533788186305289,0.9662337662337662,True,5
0.55702013986542032,0.82099735490347847,0.12526734221576466,-0.82755593796705951,0.5613829751415621,0.0005698742588480521,-0.069855088002020338,-0.10398316432337687,0.99212285943704071,0.6156320063186852,10.161581839676037,-0.91210438003791638,,0.2268843588264111,0.2068965517241379,False,3
-0.052376001452058833,0.99792781458370405,-0.037374207042937702,-0.99247887842651283,-0.056163717994447311,-0.10877183761568761,-0.11064551662470221,0.031396077163152673,0.99336390914388473,-19.118562951409519,6.5213898807912418,-2.3543094761569745,,0.344892951437452,0.9705882352941176,True,5
0.0898501177910217,0.99505771303479718,0.04227415360356248,-0.99117801004754669,0.093490950036771034,-0.093944636139625365,-0.097432585571379279,-0.033460274822243417,0.99467949676149203,-4.4830934296793794,3.7802907848397442,-1.9404754219102944,,0.1479495001436521,0.2307692307692308,False,2
0.54497974053355369,0.83789684842439471,-0.03042948912563339,-0.83769522403541197,0.54259216319993264,-0.062132568450680388,-0.035549880959591863,0.05935162874331569,0.99760392447567792,1.2736216564146619,-14.802935880676102,-4.5123229255304675,0.3051905296577219,0.2013879491910137,0.6896551724137931,True,6
0.97007222521876746,-0.2219744425272131,-0.098423700010938975,0.21464589866777722,0.97342678020803608,-0.079796251534266865,0.11352099384789002,0.056281883750907001,0.9919401864614813,-12.98913013936304,-9.5341683631698046,-4.1737365024468973,,0.2837383284939958,0.2916666666666667,True,5
-0.91537188878013442,0.39760279429250761,-0.063295522763297876,-0.38544442666477119,-0.91086359376165338,-0.14751307573456618,-0.11630519843994586,-0.11063241627297053,0.98703270932905218,7.1308223493634149,13.410468938324678,-0.27025337268616484,0.2662997453929251,0.2471987083315527,0.9629629629629629,True,5
0.53346340212959642,0.82453695579376496,0.18856194504370599,-0.8443733788877944,0.53219383911192852,0.061671019424964987,-0.049501470825863703,-0.19211591850145116,0.98012299138649872,9.5933093359282697,-6.561958205519554,-3.2247916641688881,,0.1567118714638292,0.3636363636363636,False,1
-0.99372799832897118,0.10788383568329808,-0.029423516706098923,-0.075686939332097622,-0.84258560549700379,-0.53321757718944884,-0.0823173891206124,-0.52764625973042367,0.84546630449761806,-14.916724335294701,2.8937032865968355,-2.5600038194748613,,0.3254934822809011,0.4347826086956522,False,2
0.40375093228933356,0.89430929372136292,0.192862831668239,-0.91241320196055509,0.40905376110716041,0.013310500072270567,-0.066987562752959862,-0.18134472059501391,0.98113544363086536,-1.8579516407719139,-1.2844370167390675,-2.6644630541175549,,0.2225423767211625,0.2851851851851852,False,1
0.45643856261005233,0.88166265580032266,0.1197280248295713,-0.88694206846806034,0.46154885525569594,-0.017504896279469939,-0.070693746145380917,-0.098201912299496028,0.99265239569380681,-5.9130602166736548,-10.861471000212381,-4.1688408879843273,,0.3137032436098798,0.1976744186046512,False,5
0.25828420896482029,-0.92629679834872058,-0.274341955902348,0.95842642786061671,0.28134122858230187,-0.047601423068414833,0.12127674871035392,-0.25064188490495704,0.96045332825366136,4.4921059147334104,-14.830444294750027,-4.4466188400183402,,0.332193082218133,0.45,False,5
-0.19038530535072129,0.98099057036381021,-0.037562432879103685,-0.97435171726395953,-0.1934957803043105,-0.11488304517724839,-0.11996735627363084,0.014726977344675731,0.99266860007104274,16.880250668321793,6.8142144807383405,-0.84045110912147936,0.2880078918093084,0.2384807186285501,0.9833333333333333,True,5
0.25046537271079056,0.9652353777022239,0.074751339151160404,-0.96489899200940044,0.25518399916553786,-0.062056923780733894,-0.078974883932107276,-0.056584381254280787,0.9952693984575145,-1.8011838964207476,-15.300753955559049,-4.6667494463530117,,0.1571302363222263,0.2244897959183673,False,5
-0.73711113622152125,0.67549898464205582,-0.019191003250798772,-0.65604823527138256,-0.72211992978936845,-0.21941631661821476,-0.16207370500955803,-0.14914398663221923,0.97544255873727681,-1.8647491668376748,10.120189316523673,-1.0527580574715221,,0.337869920536919,0.3238095238095238,False,5
-0.17464797134705737,0.9822587268121773,0.068307244898897432,-0.97206104475676469,-0.16095339339867937,-0.17085470558295313,-0.15682924271558879,-0.09623823956603994,0.98292562784499871,-12.148272530206112,-1.3701784181266932,-3.0891987244162831,,0.3291922110048346,0.2469135802469136,False,6
-0.36307913655293556,0.92763367091390092,0.087574614967892428,-0.91639061826031531,-0.33851022918042267,-0.21363300190910206,-0.16852826280612831,-0.15781824142670442,0.97298079493304013,-4.3174667019859525,-12.801703404420474,-4.4199777609033379,,0.245418495389958,0.2786885245901639,False,4
-0.94504429858064509,0.32214696774220675,-0.055790724092069394,-0.30740418300392169,-0.93364191722053336,-0.18388974599051849,-0.11132808267417166,-0.15663365405706278,0.98136229621115201,13.446901482392558,8.1657950777664148,-0.73585829228385391,0.2471627394545784,0.2074743728846735,0.4848484848484849,True,5
0.18338060442995269,0.98264389062420066,-0.027973883138364464,-0.97862686284303102,0.1797890874213999,-0.099826586469673698,-0.093064586395213936,0.045682253262222881,0.99461153949467795,12.089790731871689,18.98082238992799,0.68378092314190819,0.2602048380185245,0.281695786021752,0.8913043478260869,True,5
-0.69669791467599673,-0.70400599851284285,-0.13779539086650894,0.71425647433826489,-0.66290013058432484,-0.22450190586531404,0.066706105807419813,-0.25483125971752696,0.96468198102731717,-11.274015176151229,14.680820591892651,-0.91830761381699477,,0.188621257237717,0.2432432432432433,False,8
-0.17794652821894819,0.98296225344182098,0.046046079131678248,-0.97591581076419498,-0.17028361220446506,-0.13635183062600939,-0.12618781001066481,-0.069200431524500505,0.98958978212264093,-1.6368353315259938,3.934727894361171,-1.7717905669278167,,0.2185368597546367,0.34375,False,5
-0.93236737483525778,0.36064925742669174,0.024963803003237132,-0.34262922485252445,-0.85953163608561578,-0.37922365543955966,-0.11530955129462142,-0.36212909256998294,0.92496823064074629,-11.732072947731394,-2.2641792673336392,-3.2087769217936022,,0.4229153582351063,0.3177570093457944,False,2
-0.66211495677471643,-0.62199774495116156,-0.41799831254549796,0.74572526012137419,-0.60203992869578671,-0.28538002851089572,-0.074145940091975421,-0.50066628559514648,0.86245907151367796,-4.8990821706595185,-7.1629066315783465,-3.5499544047256033,,0.6514438437785712,0.3302180685358255,False,2
-0.47916445396293084,0.86251631618656455,0.16268690903193403,-0.87261645764686269,-0.44815233998335674,-0.19416487326827092,-0.094561852256859438,-0.23500017974333637,0.96738460377367619,-5.2418453937821754,-17.298399888914481,-5.0923478751980609,,0.3168718874760483,0.2439024390243902,False,3
-0.64424206829467778,0.76284542337747174,-0.054945586460091067,-0.75339528125663591,-0.6453491739552295,-0.12617445801563615,-0.13171069667886631,-0.039891148233042295,0.99048522890198576,3.6205382822508834,-5.4041391741714628,-3.1490845785364159,0.3465466208250932,0.2991361632171159,0.9989071038251366,True,5
0.12560904083608782,0.99076936554478978,-0.050974828672729261,-0.98725300672455696,0.11977044710022468,-0.10481670055260921,-0.097743897884016648,0.063490978094437767,0.9931842860854434,5.9991092419108591,-14.59993007014687,-4.3401850540053211,0.1751629047609672,0.2423458080208351,0.9380530973451328,True,5
-0.98372901903031162,0.17691557044042955,0.031274559203918702,-0.17441899621695831,-0.8987232481129851,-0.40233634817142222,-0.043072391114618747,-0.40124481833038611,0.91495757545729195,-1.7271217319311809,4.2048191792032013,-1.7585208481347425,,0.553807505740038,0.337129840546697,False,2
-0.41853222483307673,0.90699036409302836,-0.046896228192395646,-0.89855079216567713,-0.4210400056045368,-0.12382159576975431,-0.13205018241074701,-0.0096846849680377045,0.99119572043182314,8.8569381046222695,-9.8505868955540112,-3.6399876171563572,0.279948867015954,0.2633965451462713,0.918918918918919,True,5
-0.97695485054497222,-0.16487658820099421,-0.13555416135202988,0.20938221583577057,-0.86361687115909236,-0.45861202289199099,-0.04145247505704705,-0.47642587095221972,0.87823691666831305,-5.3999696942061073,2.1593257628063101,-2.2259475806677109,,0.4600066251925566,0.3189189189189189,False,8
0.2620783431328082,0.96499039525157015,0.010415331630869475,-0.96175859093857496,0.26206035180742282,-0.079654157245037396,-0.07959494215469598,0.010858594880956585,0.99676814560889859,-19.042013928265344,-11.546218849358299,-4.8111526639592901,,0.2251837651118627,0.6829268292682927,False,2
0.68357304862942836,-0.70610519173271769,-0.18477918009226951,0.71650425922394068,0.69743220370569881,-0.014490263909429826,0.13910260134670935,-0.12248991567600469,0.98267323503607451,8.9720484467187855,-6.9744459532439151,-3.2476541063964577,,0.146740064508372,0.3095238095238095,False,2
-0.45466457439896446,-0.88357969734732789,-0.11210282432754766,0.8886098248239902,-0.44146841575374229,-0.12441148306389939,0.060437604294729913,-0.15618116508556845,0.98587764943710354,-4.5542665170233709,-11.101300696190732,-4.150152570538916,,0.3342555072920959,0.1147540983606557,False,1
-0.59817892084096869,0.79966620180758541,-0.052114722950090467,-0.79034345146232143,-0.59945231537367383,-0.12654702811116339,-0.13243567265718098,-0.034509234702790312,0.9905906850602163,9.0664048398026953,-5.7354816953419165,-3.11275969203614,0.2729844741032515,0.2569658129104802,0.9675925925925926,True,5
-0.46690388335965061,0.88382717560178381,-0.029159687437521967,-0.87575920712544253,-0.46671271818597099,-0.12338982866703942,-0.12266448075419648,-0.032074325421412649,0.99192976707530434,22.3804009283051,-2.7544816715911749,-2.0389895304388959,0.1901281433838499,0.2287266409414116,0.5483870967741935,True,4
-0.51055263282686736,0.85729442355744556,-0.066198794935111174,-0.84946624258421499,-0.51481884468249517,-0.11562292103919879,-0.13320327257019532,-0.0027979451545641076,0.99108478934927779,12.444983030346645,-17.142305266907535,-4.8163611702387525,,0.2843936216225986,0.9230769230769231,False,2
0.65440797037977771,-0.75018993928279887,-0.094685074337460012,0.74460796942664842,0.66114147594709338,-0.091928889087284554,0.13156435752035373,-0.010344263210549764,0.99125365878209371,18.84507418378394,-17.757370289672437,-4.9612824918581815,,0.3010373900744004,0.9428571428571428,False,1
0.15178158762229116,0.98774302006493364,-0.036415326057318148,-0.98381752271082867,0.1474242184363638,-0.10182917963705591,-0.095212560442334782,0.051281830422005639,0.99413517300344212,-12.546371258135224,3.4302331210061068,-2.3537482758886665,,0.2842936457745539,0.9769230769230769,False,5
0.9517461201290135,0.30674626796634796,0.0092763089689717679,-0.30492151291321917,0.94180487896541976,0.14151480812849809,0.03467266620962222,-0.13751471574216892,0.98989267558269545,-3.618446523170177,-7.8891194005028193,-3.5995963824989738,,0.2783521805420814,0.3865546218487395,False,6
-0.98626620769490259,0.1469559566839542,-0.075385106978885064,-0.13753856101348602,-0.98347129562083313,-0.11775973388310099,-0.091444583182678174,-0.10577408702032345,0.99017661592342332,-4.7542469471149023,13.101536542105251,-0.77852812988356257,0.3248672475226676,0.2433455927225709,0.9529411764705882,True,5
0.5282860566739298,0.82753074844129892,0.19001763788683856,-0.84783285391612784,0.52619794562767896,0.06553757576875209,-0.045752531562134949,-0.19572578369084262,0.97959079387990478,3.8129980913075099,-17.348721404308229,-4.8693669925477812,,0.3653192141125556,0.2153846153846154,False,4
0.99252803049573979,-0.088292195280606209,-0.084217557152757139,0.084035527544442074,0.99506172268219162,-0.052822326369404093,0.088465466655491792,0.04535037271379172,0.99504633304391688,0.37185046090441448,13.588912946288021,-0.55885128526496297,,0.1206239512341148,0.52,False,3
0.99696235958800439,0.0099087881954059032,-0.077251986907893352,-0.012374993551198353,0.99942679105836063,-0.031511090895046404,0.076895468652753124,0.032371364371720029,0.9965135130390288,9.0548129447752626,-6.4127500636082768,-3.2053870012934151,,0.1543743480184131,0.3243243243243243,False,2
0.57684125712106837,0.79827417740450013,0.17324116650540802,-0.80818425609780431,0.58855583753100638,-0.020981761218134845,-0.11871129802434316,-0.12790763776000599,0.98465591143507147,-2.7200299407607358,19.780811671733812,0.15539761069169497,,0.2263241489894147,0.2647058823529412,False,4
-0.59413172363008138,0.80309148348673476,-0.045294195295014716,-0.79337069884014699,-0.594358627833945,-0.13153233724543079,-0.13255349560929827,-0.042212446866113057,0.99027656749583348,3.9767053524680849,-15.483222677153801,-4.5534277806203383,0.1887742325645417,0.2395672858709331,0.9532710280373832,True,5
0.5056477995426043,-0.85443217552012241,-0.11944019530155509,0.85264303528779428,0.51603649883714831,-0.081891307494236398,0.13160606822232734,-0.060431691221157421,0.98945836370370399,4.2979164607152409,-15.030429101485181,-4.4924315530913033,,0.6324334214045968,0.57,False,1
-0.69388480998812618,0.7179979162010981,-0.054798383175270554,-0.70809275314698394,-0.69418049843423368,-0.12929844753253691,-0.13087598484239793,-0.050915890687293387,0.99009042449013362,-1.5582984803503668,-9.0401187466091457,-3.7259141165409737,0.3162494929413686,0.2704039132857409,0.969047619047619,True,5
-0.94767260710634427,0.31141121489020757,-0.070282892519242857,-0.30174806320393738,-0.94564071622576951,-0.12129197075111278,-0.104234044788347,-0.093737351448721376,0.99012553388468993,10.307423551409764,11.056297185786114,-0.50675467518494011,0.2202988826854056,0.2083814846907127,0.868421052631579,True,5
-0.29580768452653572,0.95471818450674051,-0.03179625681118875,-0.94690333327185505,-0.29745123077694685,-0.122052622863788,-0.12598369423738953,-0.0059961221996451056,0.99201419108038325,6.486356523734397,-17.008578341561517,-4.8304043558865359,,0.08632090179751457,0.4444444444444444,False,3
0.049643456759829584,0.99876700030154142,-7.9432960083933302e-05,-0.99328254264533578,0.049362529708546418,-0.10465720776319937,-0.1045242444457339,0.0052744449407588975,0.9945083521789122,-15.215080443500442,-5.9122748961594764,-3.8434994108612073,,0.2247591484445505,0.5272727272727272,True,5
-0.33247713582070954,0.94213367792395342,-0.042931190036411555,-0.93427624904065298,-0.33523732595664324,-0.12142415642683296,-0.12878992443116866,-0.00026116455416920481,0.99167186465992385,6.7884689550970814,-20.9410283460114,-5.363239582875579,0.2912983451827969,0.34016131777103,0.925531914893617,True,4
-0.8481727667722111,-0.48871284743912402,-0.20435926808910843,0.52971467915342363,-0.78418553367729016,-0.32319561794778323,-0.0023057309812495735,-0.38237782561127631,0.92400318294118156,-4.2389793316554627,-9.4727416141108005,-3.8676992070939362,,0.4466520731421073,0.3688524590163935,False,5
0.60095965389819761,-0.77324751222552857,-0.202325923261435,0.78903058531858938,0.61433918856752889,-0.0042540359656618731,0.12758616624997188,-0.15708483767449924,0.97930900330509241,-0.55183141010934389,-18.064712968827077,-5.0430138687269688,,0.1923406240116935,0.2068965517241379,False,3
-0.94529660234006785,-0.30886285914267825,-0.10496698455482692,0.32351675504531752,-0.92890553076889004,-0.18019829109043928,-0.041847853102293706,-0.20429941054534836,0.97801355207458773,-1.8452653428704073,-11.13635180614099,-4.1200268892728884,,0.172509489860309,0.3269230769230769,False,3
-0.99863675296244969,0.044797336150540122,-0.026792430021008652,-0.028762942756558121,-0.90059028233409466,-0.43371630876573974,-0.043558337394786956,-0.43235441716167416,0.90065105851500038,0.14640234908816097,11.265960533919284,-0.81865177984589055,,0.4529519690906449,0.362962962962963,False,6
-0.86357222496141028,0.50251728495789272,-0.041465535010987264,-0.48808293455268026,-0.853736095067822,-0.18141038828245543,-0.12656247972303494,-0.13642235262923383,0.98253289025327872,3.5848810413074093,-6.7212848438664556,-3.2935379401500415,,0.3541068948686497,0.223463687150838,False,4
-0.15823812067371712,0.98710997089043273,-0.023970868451920018,-0.98078620021929419,-0.15993708382119443,-0.11170746921388684,-0.11410138748082532,0.0058339169912926224,0.99345198111810618,23.058279917254787,6.66921663453095,-0.51703939501245932,0.2800130907463605,0.2338067867173023,0.9487179487179487,True,4
-0.66771748952994137,0.74430711037944997,-0.012660158546628861,-0.73272794426781163,-0.66014141453943365,-0.16529692223070028,-0.13138916951141427,-0.10109519399293325,0.98616258694326464,-16.035787845425439,-6.7782922814545108,-3.9795721416358418,,0.1499357955819757,0.3333333333333333,False,2
0.85039796852614802,-0.47932289506143788,-0.21696280187286232,0.49908920294920606,0.86541789856600215,0.044292531437386234,0.16653306766563666,-0.14595007061158707,0.97517450451821486,3.1862061005591937,12.394179066004948,-0.5542484125465722,,0.4402069552075551,0.2666666666666667,False,4
-0.85237174639722091,0.5224957938209347,0.02146046092661838,-0.50986765828512992,-0.82125275722970059,-0.25608373587061795,-0.11617821215094344,-0.22922053612633769,0.96641635377272284,-7.2412210602275247,-11.784576641125799,-4.385135818558477,,0.2118716467360491,0.1538461538461539,False,2
0.45645459362622492,0.88830720250397632,-0.050591678535874644,-0.88765728472654126,0.45075142224477815,-0.094274600058626715,-0.060940535191463807,0.087940146257947854,0.99425991664489277,-15.711580326871502,12.659308595817093,-1.3920023636601286,,0.3422086513775293,0.9789473684210527,True,4
-0.20136049719151902,0.96147084899402258,0.1871570375526887,-0.97204961380076271,-0.17259531151778365,-0.15915529130967743,-0.12072074585825465,-0.21397351466196357,0.96935124518547677,0.35850335098724651,-15.580131111803759,-4.6680561123790474,,0.226271578350472,0.2884615384615384,False,1
-0.68593856337856007,-0.68597052521793123,-0.24276063478742302,0.72759715797907354,-0.64221900352473682,-0.2411578885553389,0.0095217105045418242,-0.34205144356358091,0.93963298525814765,-0.52206317292322502,10.142218857269434,-0.9860180728440977,,0.5071083082879334,0.467948717948718,False,4
0.63992630562272201,0.76693931812246241,0.04794169051990653,-0.76773152167208136,0.64076532451516133,-0.0028477236611767209,-0.032903404126697428,-0.034984013732448582,0.99884607662043856,-1.4322966787027758,-16.598826506746697,-4.8442489656641747,,0.283134726448395,0.3225806451612903,False,1
-0.97529570968228751,-0.19270455342683152,-0.10799645255233505,0.20945502661061188,-0.96204727399836798,-0.17491036109921293,-0.070191669754118335,-0.19320972460224303,0.97864351620815138,5.1701683960007818,-13.102590595505568,-4.147005886666733,,0.1936021230230319,0.175,False,2
-0.15688985225409119,-0.96758331923162455,-0.19790930903927187,0.98032172888378033,-0.12826197582048166,-0.15006056589571756,0.119811861424511,-0.21755777601211768,0.96866595478454587,-0.38508704553964618,-23.847297498895827,-5.830380468086874,,0.2587235204046466,0.5263157894736842,False,2
-0.6811181538809431,0.71367400757232691,0.1635465419061819,-0.7102532083812324,-0.58978411017856436,-0.38431118037996959,-0.17781574856570545,-0.37792077780473238,0.90860191792967548,-14.522274029715229,0.7401841426010507,-2.904070862459494,,0.3435197868387797,0.5,False,2
-0.52795772009454023,0.84719900631025657,-0.059283129973788609,-0.8389697087184993,-0.53112092553859547,-0.11849215293774819,-0.13187294508492667,-0.012822096628076759,0.99118369649257687,26.375230674067222,5.4895960998540279,-0.57861321380199526,,0.186962223278798,0.5357142857142857,False,1
0.97119350152139527,0.22682455807071714,-0.073032886144772879,-0.23194616566936282,0.97009613609014689,-0.071515473670024088,0.054627454946134565,0.08639506119559906,0.99476214974591648,-15.213367889481201,18.765937848073822,-0.59688031768070815,,0.2207145140173648,0.8648648648648649,True,3
-0.40497291050822304,0.91294697911687417,0.050246940960345453,-0.90586240239576632,-0.39315550521842157,-0.15761363088965019,-0.12413802672940337,-0.10934606548852716,0.98622167299340424,-16.205203492428748,-5.0496817938537557,-3.755640871408489,,0.1621491669036173,0.4444444444444444,False,3
-0.89513130629239701,-0.42295060204576285,-0.14089972577827939,0.44526586266198365,-0.86372855257541725,-0.23603241093937694,-0.021869065895624026,-0.27401783827901077,0.9614759322321863,-5.3810240829346379,-9.815228816952752,-3.9507307105405278,,0.1822906096205462,0.2432432432432433,False,1
0.85677973007669406,-0.47847661913286826,-0.19232425503011702,0.50126198861666005,0.8603144144571846,0.092712065262645707,0.1210987733124527,-0.17583865678619631,0.97694209341283256,-4.506066897811964,-19.020279511874964,-5.2332261631679442,,0.3475150915597635,0.2857142857142857,False,1
-0.66514069929451547,0.72837395485046375,0.1644969058599503,-0.73507071208371277,-0.59992356161045901,-0.31585244729361373,-0.13137312654704519,-0.33100317539279961,0.93443993894799759,3.9355240112793957,-7.4875571809263635,-3.3556753408293667,,0.1898688787727512,0.32,False,1
-0.32544840885260357,0.94421956102956672,-0.050326471607308979,-0.93704119243270945,-0.32918752211421187,-0.11657349170627036,-0.1266378176517397,0.0092193195756458332,0.991906178671636,19.025404789248391,17.489156478837362,0.7193151654769393,0.3079136978360656,0.2668471347031532,0.9787234042553191,True,1
-0.84391456433783363,-0.52334467624494863,-0.11797693818943898,0.53629376369198689,-0.82872998112416896,-0.15998630382322715,-0.014043045380828255,-0.19828506810147012,0.98004378710567197,-11.901268185568835,15.322300446501425,-0.88731724991518046,,0.0816567762367749,0.1739130434782609,False,2
-0.93171611722272318,0.3570206314104456,-0.066643421691113092,-0.34630906086174512,-0.92862037686829968,-0.13316992915081557,-0.10943085155690294,-0.10099734854076045,0.98885005148165261,21.879041749501486,-7.7095720876861629,-2.9168462697135666,0.313026482571178,0.3114933210694177,1.0,True,2
0.43788689872769321,-0.88436915486057766,-0.16169805766869907,0.88953823869635418,0.4522648956575579,-0.064638889631907642,0.13029499537446032,-0.11553208250111832,0.9847210529349536,-2.102108555650076,15.973940954413655,-0.35728071641889014,,0.223798924622734,0.3863636363636364,False,1
0.94178358813743734,0.33616726541390674,-0.0059365629037893067,-0.33411971455151357,0.9377258278271261,0.095048872554847036,0.037519187930841455,-0.087531945540290507,0.99545490558183647,4.2822813244308442,-12.393096536662751,-4.0872522464842911,,0.1760412886666218,0.4074074074074074,False,1
0.12261444239208528,-0.97437615339721062,-0.18856513518604823,0.98564779549312398,0.1417694543128907,-0.091650668646604067,0.11603500228992297,-0.17462111417202628,0.9777746901658364,-1.3100710200911414,16.437462946445265,-0.27381988239423544,,0.1908710076796731,0.32,False,1
0.48188633501053918,0.87527394415682103,-0.041001009868938752,-0.87439247823462185,0.47731514545865389,-0.087224113194124389,-0.056774590591458104,0.077883082861084529,0.99534459925556762,19.381168047868538,13.123298210114788,0.19097502814680645,0.3118357158131498,0.3077532755563546,0.9387755102040817,True,1
0.79235254718479653,0.60968145499571247,-0.021586208654515132,-0.61005061584303755,0.79160997343048622,-0.03452384791584083,-0.0039606917699149119,0.040523738718140252,0.99917072591274825,-15.385509017129751,-14.103463022135111,-4.9779006838536262,,0.2154965680687443,0.6666666666666666,False,1
0.97696675274663147,-0.1646559341297251,-0.13573646298460212,0.19012766587976884,0.96046977868081773,0.20334521117531296,0.096888774864860361,-0.22446876753056164,0.96965268921841186,-10.468252854501753,-1.3477649702700285,-3.0257974085322137,,0.3306758319747841,0.3170731707317073,False,1
