axis_00,axis_01,axis_02,axis_10,axis_11,axis_12,axis_20,axis_21,axis_22,location_x,location_y,location_z,dbh,dbh_approximation,score,reconstructed,number_clusters
-0.81302980121197943,0.58212981982331924,0.010364131110700597,-0.57606097513212673,-0.80171601780071711,-0.1593900239399699,-0.084476595995773784,-0.13555921095311374,0.98716128624188693,6.7677617635877967,16.958922957127328,-1.1912603388173093,0.2067101722445472,0.1582162431251988,0.9230769230769231,True,4
-0.3328176762149746,0.9426308132720429,0.026068069912273235,-0.93340352139231497,-0.32537593050667529,-0.15128902835083924,-0.13412777732926981,-0.074683691104564631,0.98814578156854338,15.583523794895747,-19.183188321331585,-7.3363051114971523,0.3133393628245049,0.3121694080642416,0.9016393442622951,True,3
-0.72535664573552316,0.68802908135543572,0.021765102722160951,-0.68127312412400642,-0.71298663497997139,-0.16588245442557736,-0.098613725381547973,-0.13515192025691908,0.98590531574651741,15.113852464619381,-12.202579009530625,-6.2844050683450225,0.2478615779289655,0.2565902174995637,1.0,True,5
-0.4467509356980609,0.8943214320358297,0.024551530589563691,-0.88597893723927779,-0.43843693889778135,-0.15104427621827737,-0.12431783549140168,-0.089231310711691034,0.98822206460259054,-6.3377985159888022,15.627454702414511,-1.049177979018135,,0.2133974279573488,0.9830508474576272,True,5
-0.027179721210548326,-0.99937279199442486,-0.022699898153619124,0.99058764741049166,-0.023879360889953911,-0.13478089227050774,0.13415429755570163,-0.02614954578487268,0.99061537727948734,-3.9829886607976062,15.347499793839857,-1.1804870572664845,,0.2094747314279997,0.8392857142857143,True,4
-0.7631937286878272,0.6460017489655755,0.014733391496448856,-0.63950452830317805,-0.75185855775426313,-0.1604452162309862,-0.092570463817028117,-0.13187285340469371,0.98693477989358724,-17.694767038039817,9.9363330558346483,-1.6708360831454721,,0.2254811873486404,0.6785714285714286,True,3
-0.52830990921960963,0.8485196093112598,0.030051829139605659,-0.84039722329241406,-0.51755645599818589,-0.16083476594629598,-0.12091793457866162,-0.11022607436022741,0.98652372785877052,1.6968691895608892,-14.543538353834606,-5.8040870842863823,0.3060783344665112,0.2438280341720654,0.968503937007874,True,5
-0.6188108772505958,0.78546085146436018,0.011151188870750863,-0.7776081565921027,-0.61048862050645003,-0.15043004697720572,-0.11134923887382811,-0.10175900475640792,0.98855776358956626,2.0551172136966089,-7.8010960214351028,-4.7743149516517995,,0.2669262233836742,0.9936842105263158,True,5
-0.91822112256979782,-0.3957432688410954,-0.01603855459897089,0.39357209762265971,-0.90714697778497444,-0.14894752320359661,0.044395653385880487,-0.14307908953635007,0.9887150247153571,-18.628002084253151,-9.4665777494575671,-4.2657726073713826,0.3641064175035801,0.2671757429702987,0.9384615384615385,True,5
-0.37697307798403518,0.92618596893272997,0.0084172101900008567,-0.91715916594363922,-0.371999870057034,-0.14295160370949966,-0.12926856849524754,-0.061608827530557617,0.98969388680010517,1.9786812275732459,-2.7626742835360365,-3.9761980953391469,,0.1301793458824642,0.764172335600907,False,5
-0.31402710497567132,0.94900452387616785,0.027881732427630312,-0.94022229912341149,-0.30677615017144577,-0.14788651702258654,-0.13179152314046577,-0.072655401372188566,0.98861124163129044,4.4737184611421261,1.152085650368829,-3.4718125412279273,0.3148423123259955,0.2651595451087846,0.9818731117824774,True,5
-0.66952978055269996,0.74229428665357022,0.027001202834717727,-0.73541653586927513,-0.65734208534745708,-0.16451109871705438,-0.10436662169050789,-0.13000221087552466,0.98600559503706009,-13.120833417306125,-1.9702728724776934,-3.3806016928813367,,0.3274816586786852,1.0,True,5
-0.80127092514805842,0.5979289321847352,0.021116263135231361,-0.5890215735812202,-0.78215905223531557,-0.20317677736949907,-0.10496899717667618,-0.17523757891152877,0.9789143479227117,2.7986260983486728,-1.3158211472216887,-3.7526903298374834,,0.1353002266312355,0.2551440329218107,False,5
0.97097991283383189,-0.23483807013096125,-0.045266871886278384,0.23433921791804491,0.97202149724217879,-0.016104031937097557,0.047782212367805589,0.005028888171129303,0.99884511835669443,-7.4070549452337788,-1.6700148757924549,-3.5297248550580318,,0.1777322729665889,0.6428571428571429,True,5
-0.1539203303466504,0.98765072504817331,0.029233152717364284,-0.97856464844695557,-0.14827407939131301,-0.14291964942073485,-0.1368201765671466,-0.050604769463730687,0.98930247982690223,8.296523703340192,-0.035199473916507795,-3.837404512441474,0.2965324788686001,0.2746389881380636,0.8938547486033519,True,5
-0.785055543273666,0.61918849353181227,0.017129023705219786,-0.61319101270374265,-0.77294346352709731,-0.16295761452013582,-0.087661712934710354,-0.138434141990116,0.98648437008237111,11.000377586672212,13.634185273304688,-1.7737378071760512,0.2209763082044303,0.1970219132793767,0.9259259259259259,True,5
-0.44230738256959373,0.89614448018983706,0.035906126910606226,-0.88794810739429331,-0.43192850356368223,-0.15806937206217131,-0.12614411559532274,-0.10179802765537042,0.98677496100486306,-13.742719242939815,-0.15725414524286296,-3.0949288847264178,,0.09383592178984598,0.2702702702702703,False,5
-0.61170184318144116,-0.78851205596355478,-0.063793358969064767,0.78467789094388851,-0.59452385391219909,-0.17556193947788828,0.10050603221836604,-0.15744880034320496,0.98239931431073735,-20.643914975964577,-14.889774474269981,-4.8922462979445545,,0.1379283289859493,0.3333333333333333,False,2
-0.50118511975270841,0.86518758514015304,0.016245561172650892,-0.85710441297382567,-0.4937437692193441,-0.14693235048099379,-0.11910290088514953,-0.087564449843679087,0.98901312737714298,-16.376549744814643,-12.619518946943415,-4.7230188740618955,0.3323150940784163,0.2619631674475473,1.0,True,5
-0.56824326100243483,0.82281261620213275,0.0088879099860152792,-0.81436960586225982,-0.56079913041804275,-0.14935354153857064,-0.11790564606101407,-0.092107187238390564,0.98874391259110461,10.325048108800488,-15.900776406214266,-6.5540313031771991,0.3285058779156989,0.3641815130324531,0.9920634920634921,True,5
0.33731179979053466,0.94097861508784086,0.027928402557971892,-0.93251084192159694,0.33804786803159298,-0.12707150985948767,-0.12901271030695205,0.016819181509944769,0.99150029536687034,-4.2091461264965631,12.069433959567426,-1.5888996051464712,,0.2831587986814811,0.9772727272727273,True,5
0.56406252796978651,0.82340761175390975,0.061914210372553617,-0.81854745675578877,0.56745028007264275,-0.089332192876419969,-0.10869004360549467,-0.0002907768945386198,0.99407564594945863,-10.019762987980734,-18.554496803726977,-5.8315686110833544,0.1817478278056405,0.1663558774944779,0.3333333333333333,True,4
-0.04548462297952878,0.99534574135894749,0.084958838451432386,-0.98839012205257171,-0.0324981178557643,-0.14842115403383233,-0.14496936125027196,-0.090723356939871394,0.98526806342449158,-14.683951716081713,10.382579402138072,-1.6248297976541572,,0.1663773029012999,0.9649122807017544,True,4
0.38118742773461728,0.92421529344662934,0.0228524899392996,-0.91610519095699539,0.38093474110250924,-0.12505999409407648,-0.12428766647866547,0.02673601280154261,0.9918859619839181,18.084387660652091,-22.613050611359917,-8.1889394908093127,0.3284021502131426,0.2692703717186082,0.9473684210526315,True,1
0.29490318950034183,0.95538731165728741,0.016346056000948489,-0.94676974386334978,0.29446840024343329,-0.13005926865471626,-0.12907037199703122,0.022878941897163704,0.99137147078691623,-6.2085510394888974,-22.093605098818582,-6.4978789395917298,,0.2105775146030686,0.7142857142857143,True,1
-0.62097168594237762,0.78364938827203068,0.016964713930784643,-0.77585231032171731,-0.61142459483061173,-0.15560577561477662,-0.11156772753056735,-0.10978889332302547,0.98767354985165534,-11.039948091415067,-14.231009812655998,-5.1279812110391338,0.2932016466126544,0.2573081990317447,0.9814814814814815,True,5
0.85501215814789755,0.51817000380063005,0.021308603439214778,-0.51432417293160637,0.85250374674228502,-0.093316702302346594,-0.066519580256445332,0.068827385186572526,0.9954084269740161,0.13767549052323197,14.478118130473641,-1.3702842606233068,0.2289963428179676,0.1729704625507734,0.7454545454545455,True,5
-0.99413356767851691,0.1081209839642875,-0.0028813957341135982,-0.10611541293473511,-0.9801552237469322,-0.16743732110640866,-0.020927702990842872,-0.16614930089589378,0.98587851232255341,-1.1894815129807597,-16.328136722842565,-5.9148744840953595,0.2292703757654119,0.2353415220456121,0.9904761904761905,True,5
0.99002478743382283,-0.14060908677270753,-0.0089445504950826128,0.13842174263741683,0.98253459801040122,-0.12435909648175987,0.026274349313249037,0.1218804677931789,0.99219696136335789,7.6319518496687149,12.580922113464615,-1.8177703601376902,0.1715274112267595,0.1994150822217398,0.8939393939393939,True,5
-0.23431540564374934,0.97163541732395398,0.031951627184098108,-0.96276101577278861,-0.2273651368656856,-0.1462748134375727,-0.13486110331060561,-0.06503622328944432,0.98872785561755672,5.0009573283131505,13.466427225372476,-1.6238760114254154,0.1322618162529116,0.1558935559987491,0.4857142857142857,True,5
-0.73227107888431542,0.68084952948413091,0.014932690006805492,-0.67459073704195804,-0.72218642677515255,-0.15288591327825324,-0.093308116082094411,-0.12202738702019028,0.98813101979961937,19.461139817395981,-14.742078787874453,-7.1555052426807251,0.2928872733332744,0.2691268423037264,0.8928571428571429,True,4
-0.62190347087144549,0.78292572077162348,0.016229253596004661,-0.77518385930361189,-0.6125511766361913,-0.15450255750885189,-0.11102277781251725,-0.10866633220943801,0.98785908461224414,4.3965323421680811,12.449553256104608,-1.7730705613321076,0.2676495036029974,0.2338148981295193,0.978021978021978,True,5
0.37282967719562904,0.92604269194825195,0.058676779831882103,-0.91946582084629758,0.37720812239960144,-0.11089020106038561,-0.1248224182494814,-0.012608135667236967,0.99209898640072658,14.237950945252294,14.959309572483413,-1.7349999402789105,0.1975801545158735,0.2445875248361177,0.9655172413793104,True,5
-0.058198564906237212,0.99785047348508082,0.030122410402449961,-0.98875925328587821,-0.053453129085186214,-0.13963488830716428,-0.13772460232074121,-0.037910362127016886,0.98974478445657466,-4.9788840086722805,-11.776905881021548,-5.0845064522075401,0.3377286267356588,0.2827452711586228,0.9736842105263158,True,5
0.23620085724692697,0.96477414060875788,0.11584477825283908,-0.96260927026341792,0.24859444852251525,-0.10762988881679816,-0.13263690225102021,-0.086090985453873739,0.98741875330825779,-13.808883231394448,-1.3192802691683951,-3.2879732874154874,,0.3034519632784146,0.4305555555555556,False,5
-0.81777363049214691,0.55840495287354985,0.13939224468377409,-0.57176539057580922,-0.76053063294401158,-0.30769708236100085,-0.06580750269828621,-0.33132622135905376,0.94121852278232687,2.6651962238144296,-3.6408825085679482,-4.1273061429578632,,0.2059980107060748,0.2264150943396226,False,5
-0.12832036025014468,0.95118817606660921,0.28066873508880319,-0.97552966151348741,-0.070114559232568457,-0.20838864674209576,-0.17853785215648921,-0.30054118236058491,0.93690940493339481,11.187253717183321,2.1578534744865632,-3.5773672363962521,,0.395139019701242,0.3035714285714285,False,4
-0.7590301773643725,0.650793469922336,0.018467521670639087,-0.64449508135667177,-0.74706281781456507,-0.16285956019227016,-0.09219153951023383,-0.13551754773979713,0.98647641345210346,-19.498395866790105,-4.3339174634007591,-3.5645479712826624,,0.2599984871999616,0.4791666666666667,True,4
-0.36045410493658026,0.93136689919103777,0.051269262971495734,-0.9237564690373179,-0.34880320271622045,-0.15814648806285381,-0.12940952107969481,-0.10436486413625413,0.98608374440903612,13.198486840274679,12.382474532807203,-2.0067146446128432,0.3291207588521617,0.1172553422185825,0.4615384615384616,True,5
0.89344447527824156,0.44496390348327414,0.06135221423645041,-0.44771994419127453,0.89318669251380267,0.042004569865861624,-0.036108463940603686,-0.06499736081704767,0.99723192985316544,-0.67562391314192005,-15.691981446387784,-5.8239828006856742,,0.2068068333293583,0.3333333333333333,True,5
0.65848883275403203,0.75253954899740882,0.008756959118849883,-0.74606986663930619,0.65426771331197076,-0.12374778143600301,-0.098854495249535948,0.074953228831728502,0.99227506380874952,6.4838163148466466,11.944869469872687,-1.8503257405449602,0.1420279734547009,0.1719522586273041,0.8888888888888888,True,5
-0.21266440961866023,0.97621770585857559,0.042105102419613856,-0.96783022183071532,-0.20451628451090237,-0.14655289516404643,-0.13445635199816736,-0.071917175542947215,0.98830633371909016,-2.7002291407020209,14.517366211985218,-1.3280975372589412,,0.2344010814926,0.9166666666666666,True,5
-0.6483538267769503,0.75944673001738794,0.053646803908356404,-0.754735693585322,-0.63187224348525617,-0.17638452523164419,-0.10005672457145487,-0.15484873967458113,0.98285834161858054,-16.787829473332874,10.916776191034005,-1.5332599632173511,,0.2018863700534697,0.8536585365853658,True,4
-0.95087342780768269,0.30772942685059496,0.03379828604339815,-0.30593782602915959,-0.91737262047084245,-0.25461642094533199,-0.047347343049201594,-0.25244816311604068,0.96645132005989698,-2.0924216256369212,16.689601091997794,-1.0230180282933869,,0.208225045313069,0.1851851851851852,False,4
0.47996922666939335,-0.81439881325516084,-0.32616577751040915,0.86860138796153641,0.49333535639590148,0.046388090724028802,0.12313070405742223,-0.3055729030825769,0.94417372904567154,8.9291113418598158,-15.299182003937487,-6.3196844545119495,,0.5539716462027399,0.3673469387755102,False,1
-0.96858125170914733,0.24867881767212344,-0.003033888385600772,-0.24544202270924195,-0.95779929675684539,-0.14959518916224546,-0.040107010932472043,-0.14415045186639841,0.98874267375327507,9.100148022501223,-4.5998610917017562,-4.5895663728594025,0.2136152195180709,0.2166932797144769,0.9516129032258065,True,3
0.098429724218055112,0.9912605248915084,0.087830297632244286,-0.98479231520835253,0.10972279477279676,-0.13470339347551338,-0.14316314224314119,-0.073235784279665608,0.98698573171247606,-0.41364959224044873,-16.469019043914983,-5.9715069386595498,,0.1064294614620352,0.3636363636363636,True,5
-0.061150701836348777,0.97948927789074713,0.19199308883911489,-0.98765181361135446,-0.031582320025898378,-0.15344853251818327,-0.14423760513515255,-0.1990058078520423,0.96932564275687638,12.583265171691906,-13.477416380380289,-6.2560015686584229,,0.2670173329384202,0.3,False,3
-0.82472267882440597,0.56526517840845947,0.017543691502863903,-0.55953635842681293,-0.8110715830655667,-0.17053430957427881,-0.082167917286226425,-0.1504598458804457,0.98519554817633836,16.092379906103218,13.918042731196859,-1.964954802748426,0.2300687595233989,0.2229652464386966,0.9629629629629629,True,5
-0.99608102817043376,0.088406549099309464,-0.0026205715566913167,-0.086933409361789379,-0.98407834823248663,-0.15502382680335633,-0.016283969284787592,-0.15418847757330267,0.9879072556307904,-5.1614687181694485,16.021794928429227,-1.0430754370823168,,0.212819677888814,0.9259259259259259,True,5
-0.34414616461634973,0.93875345096897655,0.01747500139320339,-0.92984236445514257,-0.33818001965406902,-0.14500845344752283,-0.13021748977892794,-0.066153099705226662,0.98927608520324795,10.768382790323034,-7.1339637196448837,-5.1674515235015903,0.2903956851129118,0.321759532017113,1.0,True,5
-0.26125638284369529,-0.94435465988444356,-0.19984838948054204,0.95915662766267928,-0.23071354565136767,-0.16367597094177244,0.10846043534020219,-0.23444729942465148,0.96605941730221889,-2.6377430663585923,18.031850885795727,-0.77213905602134669,,0.2483308964889022,0.2727272727272727,False,5
-0.89066250122440227,0.45457919091181254,0.0088356155785541471,-0.44920414340085929,-0.87679583713106501,-0.17159457316924004,-0.070256291278364372,-0.15680184686283291,0.98512802942369515,4.1065416938755153,18.46424693419279,-0.89606302571926111,,0.1668181573013514,0.7567567567567568,True,5
0.9760608300814495,0.21747053652340753,-0.0034382735394065736,-0.21656706020217911,0.97030206097791472,-0.10776186197999701,-0.020098866040059317,0.1059267492479188,0.9941707898433102,-7.5743284964463244,13.05946291855215,-1.4155409048427035,,0.1688176062888371,0.9302325581395349,True,5
-0.32007872990731701,0.94709590272135524,0.023642286465997489,-0.93740861342891701,-0.31299444159531298,-0.15264196998110821,-0.13716668010196231,-0.071019930856483879,0.98799872028811175,-1.0357812350976643,14.336278405764036,-1.3762728802589719,,0.1793125463889357,0.8607594936708861,True,5
-0.65151787661544969,0.75589521924084335,0.064396226437056253,-0.75484861209978549,-0.63745949504825872,-0.15443110108992308,-0.07568374502839309,-0.14922402521596798,0.98590271377901229,-14.823329403724379,-5.3947814460241545,-3.780712394053483,,0.3355935972690026,0.9607843137254902,False,6
0.10563948688417471,0.99335515087735848,0.045671030602211719,-0.98669788796028035,0.11041706464060759,-0.11931198485849301,-0.12356203585879304,-0.032459452576588013,0.99180583141704615,15.083402035701301,13.345932439550252,-1.994940889773049,0.1456691262353277,0.2246312883341163,0.8656716417910447,True,5
0.3600921119340128,0.93256007792623252,0.025794805312697511,-0.92442999668051606,0.36040096499835783,-0.1246608425509465,-0.12555019777030152,0.021043894280052277,0.99186405437104463,-1.793144901792451,-5.4880297672447647,-4.2726262935443771,,0.3319289773320538,1.0,True,5
-0.40786362905015611,0.91232671342763172,0.036155609030615155,-0.90367093721097602,-0.39770134641407229,-0.15878437045462829,-0.13048408844865003,-0.097435142668198624,0.98665105059233316,-1.5435341781078673,0.61192671919240005,-3.3685965349964229,,0.2742337637548677,0.932967032967033,False,4
0.34294418262194376,0.92025945405068177,0.18844581405832994,-0.93082430789029535,0.35989717578620128,-0.063562022479365834,-0.12631466837354302,-0.15361171860068465,0.9800245121741723,11.155558895896339,1.1016926160976275,-3.8490670544739971,,0.2477094868811028,0.3090909090909091,False,4
0.097404611903987373,0.99486242957460369,0.027587819789713617,-0.98619655576856002,0.10021130391827449,-0.13181065191109612,-0.13389807679747509,-0.014368047463567398,0.99089094467656802,4.4875348815436471,15.388615355053476,-1.3557810247312332,,0.2353662205576879,0.7446808510638298,True,5
-0.59958287203285976,-0.79352914020407939,-0.10398020586535359,0.77774766118531558,-0.5471041400549419,-0.30949254507259666,0.18870335207832994,-0.26643679096873329,0.94519970447132751,10.763142421179493,-6.0322329619360806,-4.9523786664661431,,0.2112041679308315,0.25,False,2
-0.085892133666196288,0.99182652548608108,0.094354039216547711,-0.98547112299900264,-0.070648479356597488,-0.15445212235410005,-0.14652374247661618,-0.10624940332448923,0.9834845485231769,1.8070349412709483,-19.119304582736291,-6.492571846250196,,0.2942238930413467,0.375,False,4
-0.60708374818972721,0.79301124221112851,0.050818229117853053,-0.78868469785593343,-0.59348890952586153,-0.16045984431532517,-0.09708640508231034,-0.13749212339827524,0.98573330366363654,4.6162810283108708,-0.5916835490545278,-3.7528722331940503,0.1581763597563787,0.226124604911962,0.4311111111111111,True,6
-0.42510001552113685,0.90038488592639232,0.09272019197157455,-0.89816893579889634,-0.40690943027040832,-0.16648506936926391,-0.112171919702776,-0.15405120172309023,0.98167493992556654,-7.5106226431683041,-3.7804176057161039,-3.8037774268653344,,0.1718644238490398,0.7850467289719626,True,6
-0.97466799182720587,0.2236550587452425,0.00084876685986796235,-0.22052710486339211,-0.96039019112615065,-0.17034810480086052,-0.037284068019607056,-0.16622002131613595,0.98538358154861272,9.4704977783522128,-20.669105596010681,-7.1666717405653122,0.2023584753742126,0.2359717496985017,0.9629629629629629,True,4
-0.7177363752948458,-0.69549664749257711,-0.033747724444824004,0.69035579686505322,-0.7044304559490171,-0.16488361491148346,0.090903076479484604,-0.14164090531356791,0.98573550439685342,-20.931439158728203,-12.395245926887283,-4.5894050704189864,0.2368316272640841,0.2239396443122778,0.6,True,4
-0.98381885707109018,0.17881300604007308,0.011241234017930986,-0.17742004174440709,-0.96357435461153951,-0.20011644590679492,-0.024951658436784579,-0.19887275330187165,0.97970763125301119,-13.345819892114518,16.491573917158338,-0.79425874651772532,,0.2531580043317495,0.8333333333333334,True,5
0.50622670482757148,0.86212389097536879,0.021838496489243742,-0.85494306890522176,0.50501128491219971,-0.11847341913801424,-0.11316745225700402,0.041303737371102725,0.99271704378883274,-2.7730868963107129,-21.31407439216752,-6.5631280212544585,,0.2744635890839263,0.9841269841269841,True,3
-0.39913954479252917,0.91665607071348854,0.020718875619084469,-0.90799660541844263,-0.39202737206653077,-0.14784013020554745,-0.12739618648686477,-0.077821511002526142,0.9887942273769027,-11.080503315588828,-9.7525627917712008,-4.5003462131701326,0.3173540786449446,0.2594330693940994,0.9930555555555556,True,5
0.56747820138836247,0.82247441309722391,0.038785702899483347,-0.81668949177960326,0.5682329904680502,-0.10064562862097379,-0.1048177702768153,0.025438324318137567,0.99416604583443857,0.98382271949473576,13.550800880246634,-1.529318846628644,,0.1287435014893445,0.4634146341463415,True,5
0.93391036226885782,-0.35008908344188416,-0.07245045825715471,0.35663482646183636,0.92644933852595901,0.12042933072698078,0.024960685114515303,-0.13830855649465162,0.99007459688600197,-9.9731853174585812,16.367902163599251,-0.87091752246432708,,0.3110983902830382,0.3050847457627119,False,2
0.95647013704358275,0.2598552349342399,0.13281616551121014,-0.28983479224518449,0.89897968958277141,0.32837678194698117,-0.03406860942305924,-0.35257733136850322,0.93516231492561974,8.522561173772468,-15.942139668542978,-6.4645370094776471,,0.2530399794852665,0.2121212121212121,False,1
-0.15678852595694609,0.9874847260885683,0.017066747494215558,-0.97819482857924467,-0.15288394901884414,-0.14057515951697833,-0.13620659113665715,-0.038735176186339058,0.98992290136997185,16.961584390661006,2.4068416509356667,-3.9253507032575143,,0.2267497587422359,0.8518518518518519,True,4
0.35722983125060698,0.93196750429544761,0.061833798217296787,-0.9258232184826064,0.36206888245256486,-0.10843197165992258,-0.12344316823206683,-0.018512031138297007,0.99217896012763951,8.6571669346451312,14.817324689431025,-1.5418638070560049,,0.1108584704083134,0.4375,False,4
-0.9878314417833588,0.15537778797085744,0.0068400021558221342,-0.15415216310534127,-0.97230642384160215,-0.1756625422971459,-0.020643479216271458,-0.17457938355268526,0.98442667863290334,-14.969817764130994,-16.687047411725104,-5.3107967083147374,,0.117717800260055,0.45,False,2
-0.88077088141885296,0.4725186379320826,0.031125411667410504,-0.46858205440761513,-0.860170685960568,-0.20133864333819251,-0.068363094808494604,-0.1919180237000539,0.97902704735225232,4.0275833536710133,16.490882616843997,-1.1535850215142776,,0.09998178357296192,0.2,False,4
-0.65562711131877505,0.75406762748880818,0.03918040425005051,-0.74739710887534094,-0.64069226634248178,-0.17581519130528708,-0.10747396218888935,-0.14455252686249814,0.98364318450802402,-10.677412873814033,21.948881689216748,-0.038708844005785809,,0.2510045800253828,0.8666666666666667,False,1
0.88450879191676623,-0.46467804015941228,-0.041454987824736875,0.46079696421800614,0.88407553802080308,-0.077952555062009224,0.072872181176433265,0.0498473877633899,0.99609481634217634,1.6107806720996842,-27.488989462913121,-7.6370884020394625,,0.1871193703319057,0.5151515151515151,False,2
0.27777615196026001,0.9055390292064539,0.32068594603752709,-0.95341674422284195,0.30074772946211975,-0.023394765630280229,-0.11763044349855457,-0.29924884261632972,0.94689661999350327,10.424335991203025,1.6985866662723663,-3.6671222434245134,,0.5265191371466658,0.3974358974358974,False,4
0.13795874265148442,0.98839529345580046,0.063577741391497133,-0.98121904337720356,0.14513064266571621,-0.12706803482135892,-0.13482052603349162,-0.044853544273098303,0.98985432530559458,-4.9877406943644242,-20.313818439104253,-6.2848840272829154,,0.2267434937823019,0.4285714285714285,False,1
0.9746690782572841,0.22364089573844095,0.0022220806476891883,-0.22212471010968185,0.96912480582827853,-0.10704075806435792,-0.026092164490261298,0.10383573797884034,0.99425215034748793,-7.7176306770908383,20.216342037614169,-0.38606964661740706,,0.11808087542859,0.44,False,4
0.37758366770706914,-0.92536378816487164,-0.033651648310844842,0.91692196045880303,0.37871445991744868,-0.12581524660318646,0.12916923902099561,0.016649846924050502,0.9914827735710503,19.19725293142297,14.041308157828329,-2.1867020677335587,,0.1715872025543921,0.875,False,1
-0.55586346986764756,0.83014466500034412,0.043308636992706276,-0.82291656150529846,-0.54215894104496365,-0.16991767255144771,-0.1175760845877933,-0.13009042169380147,0.98450614346307364,-7.8357888599651506,-16.213945118931587,-5.5417762300202202,0.1746096922914299,0.1084058676839211,0.4666666666666667,True,3
-0.47327867980017069,0.8805338227736621,0.025835599435816016,-0.87220049500371066,-0.46428180013332715,-0.15397631824484756,-0.1235863575071654,-0.09540753123604874,0.98773671351304582,3.6881432753815062,19.393498512302813,-0.71318452248508724,,0.0769251204089586,0.375,False,1
-0.97129940525604452,0.23671374209320964,0.023325300715814554,-0.23471359000032183,-0.9379329413634957,-0.25532592538632182,-0.038561587343035893,-0.25347268454302951,0.96657364032552351,-6.5927962597516805,-4.390025119463143,-3.9153595290579255,,0.4430861646723534,0.176056338028169,False,1
0.83363888583427159,-0.54794201808803578,-0.069323537406872179,0.54407099825992811,0.83630782357698619,-0.067645939097382868,0.095041869075879526,0.018675359100488818,0.99529808303092204,-16.789687350504668,-0.69995902771159313,-3.1176396268060271,,0.1473956736629275,0.3157894736842105,False,3
-0.042358050638615814,0.95694286703890452,0.28716919188774076,-0.97999048237131714,0.016155949097442199,-0.19838759984029763,-0.19448508942263329,-0.28982638688035722,0.93711056736126297,12.411539315698857,0.54563755476971787,-4.0655822941460045,,0.1750009313684615,0.1666666666666667,False,5
-0.90049404001335898,0.42035721292487804,0.11140151454288089,-0.42996542733335458,-0.82227238693535953,-0.37282415825918791,-0.065116934805507065,-0.38362473229140881,0.92119045239075292,-16.81561010108317,-4.0342395443195969,-3.5885785839120148,,0.2536845169675535,0.2592592592592592,False,1
-0.87441219408938675,0.48444183384406253,0.026822088837107773,-0.47983436470900026,-0.8552622952945983,-0.1956665241979956,-0.071849128540950213,-0.18396335469113545,0.98030361973150371,-13.997900367357378,19.737840877102052,-0.3272341305922371,,0.1602808595438704,0.3636363636363636,False,1
0.14063326779578791,0.93935138073465418,0.31279588792210544,-0.98118343534268804,0.17444911768955013,-0.08274401214867369,-0.13229266872431222,-0.29527358305347529,0.94620936422789814,-9.2524528326367808,-15.900765273812706,-5.4448448697673513,,0.4592845315229877,0.2244897959183673,False,3
0.98937900207663887,-0.14486680693086548,-0.011949832613465012,0.14301559842723835,0.9848365258172016,-0.098201609064227952,0.025994785175749806,0.095449597515966017,0.99509479220710761,16.483757311420689,25.517034282643689,-0.25833300105262608,,0.1484900755146331,0.3809523809523809,False,1
0.97515703695540867,-0.21780477767003356,-0.040371179081785252,0.2185126062680034,0.9757339057961042,0.013985205820528673,0.036345483602654417,-0.022459383428431436,0.99908687405935959,5.3505572724346671,-3.1667602874009275,-4.1376952407775027,,0.0833980549885388,0.3333333333333333,False,1
-0.75493339705224938,-0.60992896957615794,-0.24096103022463325,0.65024675692064104,-0.64845833596223379,-0.39582943502887574,0.085174650743863808,-0.4555089884874462,0.88614718883366317,4.8223301359311623,-1.5729843891865427,-3.8947169113826572,,0.7580573957578406,0.2407002188183807,False,1
-0.86706228286775155,0.49661249346711156,0.039736997377014853,-0.49282632919982156,-0.84329470459189737,-0.21442073233410308,-0.072974015071064324,-0.20549956822251969,0.97593274388390372,-13.208109975552709,14.986531250444864,-1.0253926484376625,,0.1346812568591491,0.5454545454545454,False,2
-0.82378485637303844,-0.56664721156707154,-0.017013172358924238,0.56223825599813548,-0.81279719528091432,-0.15247577786538485,0.07257171558277617,-0.13517269312528063,0.98816076077257353,-9.4293022205850665,20.922090348761181,-0.24588472761052499,,0.141991849751735,0.44,False,1
0.92227183740779217,-0.38480018818910533,-0.036653418586591824,0.38206952077483075,0.92187612272194575,-0.064554594337220009,0.058630531460545407,0.045532730258364122,0.99724080906061652,-19.257238596703264,16.207309137681481,-0.74210712489105679,,0.2511437676786458,0.6129032258064516,False,1
-0.76642409018708535,0.64227909478346168,0.0084663088199472374,-0.63560888683459216,-0.75643042803528304,-0.15431898949658962,-0.09271168727721657,-0.12365505224815868,0.98798480306921521,9.3369446836767302,18.047135549695913,-1.1268055123840688,,0.1680408101843988,0.7,False,1
-0.92412851799100593,-0.38155095180229009,-0.020133390536976666,0.37922529803763788,-0.90951405827775766,-0.1702126644036486,0.046633202377839196,-0.16493346832553729,0.98520165218197708,17.943795367894833,20.006810635236995,-1.1746471186169578,0.3193407321213935,0.2382703721440396,0.9714285714285714,True,1
-0.65382170154806096,0.74850424058152543,0.11071849175396391,-0.74894781820056899,-0.61937786552742646,-0.23547446848288475,-0.10767705511113385,-0.23688069048819388,0.96555330783775517,25.64471491175928,2.0536328400701391,-4.5252264906893442,,0.08851751584177528,0.3571428571428572,False,1
