axis_00,axis_01,axis_02,axis_10,axis_11,axis_12,axis_20,axis_21,axis_22,location_x,location_y,location_z,dbh,dbh_approximation,score,reconstructed,number_clusters
-0.28546734479637326,0.92134067014368615,0.26389347205661184,-0.94507947130878733,-0.22489237182325447,-0.23716705927766496,-0.15916402849140582,-0.31710375373826172,0.93493958168402103,12.03339304842827,7.7282709902594409,-2.2876550758223879,,0.3475044600017282,0.3170731707317073,False,4
-0.95497077415023102,0.29590287877821037,0.021732621785639977,-0.29486574126543513,-0.93838595451214979,-0.18023871671288652,-0.032939568104264155,-0.17853091246361336,0.98338278312568361,17.616855785765189,-11.536489098949946,-6.4929734979745328,0.2818561956307504,0.3042599115967278,0.9838709677419355,True,3
-0.57123176752685545,0.8138147869285639,0.10676966022499595,-0.80895727459291222,-0.53620668227155788,-0.24097825995416319,-0.13886106600250681,-0.22402653071398662,0.96463968293083546,-2.6561866624963764,-4.6924418920386701,-3.9747971213007931,,0.146923358480135,0.1235955056179775,False,5
0.10665521048135317,0.96732280893202305,0.23002445391097009,-0.97813993150243239,0.14361072115177456,-0.15039360083023751,-0.17851313810920427,-0.20895584244076304,0.96149389776133043,-1.9888246617300844,-7.1282798910720722,-4.4510399922340209,,0.2976010916002281,0.2152777777777778,False,6
-0.70923825943710661,0.69969658134413126,0.086056873089585012,-0.69734022573766874,-0.67840681013271176,-0.23125918259324024,-0.10342969070222754,-0.22402877944784705,0.9690786371911968,13.8497641713926,-6.3475122637080892,-5.3198586261817749,0.4172417057833322,0.2827820803675727,0.9929577464788732,True,6
-0.54396577474651042,0.83444505970865113,0.088332769866306754,-0.82792809726714756,-0.51660999915261063,-0.21828690874887469,-0.13651484043879114,-0.19187378951635067,0.97187866898939901,4.5487578474155974,-18.884855266323527,-7.0963867687508122,,0.1820628161468665,0.6129032258064516,False,5
-0.77583528682258929,0.63001167503208222,0.03413058810188669,-0.62379029230913485,-0.75780786584126103,-0.19134500173769287,-0.094685156924382688,-0.16974253383399032,0.98092924987779939,-2.8898851375132999,7.5197101115826701,-1.5364318147488469,0.3396945729385017,0.2755041330916139,0.9816176470588235,True,5
0.80713009363400312,0.56410898463842463,0.17413232152754704,-0.57204842190184491,0.82020111638977,-0.0055436154795824866,-0.1459507278158495,-0.095137700850831536,0.98470665831345083,3.9615431120726736,-1.7407765655958753,-3.6784318140085248,,0.6218118031216359,0.4793103448275862,False,5
0.9805450324810403,0.1927245022944121,0.037265339018015819,-0.19573068811168604,0.97432455338250135,0.1112706718201853,-0.014863949948865696,-0.1163998749628222,0.993091200293587,-9.1031465973542165,4.3607569100374768,-1.8423149421198526,,0.586496429660847,0.2857142857142857,False,4
-0.99175222846283617,0.12708525786931857,0.016638947421301065,-0.12760266629109052,-0.96680804140710408,-0.22135891810804792,-0.012044787021970788,-0.22165637437901411,0.97505044731170054,11.857594477845067,8.812898153079221,-2.1054780497784611,0.3177351276273529,0.1190203539827256,0.3157894736842105,True,5
0.95246713250386417,-0.30462517825846092,-0.0031404252687658243,0.30396488366489888,0.9509882073360244,-0.056804744576488514,0.02029066283915551,0.053150073177903732,0.99838036775706485,-5.2405999271352934,1.7741097360225793,-2.5496716550542491,,0.126390656563962,0.4415584415584415,False,4
-0.83357074370780326,-0.55241003123555132,-0.0017241301451616092,0.54429231573212644,-0.82078016212991645,-0.17339492636449177,0.094369964869016151,-0.14547536851414272,0.9848508653021002,-9.2419673925236907,-4.7359541460852377,-3.7004534837217462,0.3981752900972991,0.2300788160305875,0.8292682926829268,True,5
0.24381667213231825,0.96174359857868852,0.12491069202928715,-0.9599872487730996,0.25762949859778361,-0.10977943179534609,-0.13776034474178731,-0.093146615854621279,0.98607595821592509,-3.5651835413492807,-6.5787169919941393,-4.2647788492199661,,0.2428511735076126,0.1666666666666667,False,5
-0.13547487162147481,-0.97731825619328561,-0.16277464566222319,0.96935905709431358,-0.096766401292112225,-0.22578592075282017,0.20491358566080931,-0.18837539566591832,0.96048171909690216,8.0892730328147362,-12.583535930668839,-6.158721439966822,,0.1953848680858819,0.2692307692307692,False,2
-0.63078207974491984,0.7744078186242298,0.049056073286970488,-0.76692517938028992,-0.61257123861105012,-0.1912648604920279,-0.11806666381830494,-0.15826878428858571,0.98031181509488574,15.72612460121414,11.403070893255785,-1.8001139813023923,,0.2781551892927985,0.8933333333333333,True,3
-0.76716232760316849,-0.64143935301976374,-0.0041856306664831214,0.6313756613313638,-0.75394188885466795,-0.1814838904934499,0.11325518701089182,-0.14187030918357316,0.98338501004809165,-10.069784207984149,-1.4905790795995426,-2.9974079035664567,0.1518641905763659,0.1563034797292455,0.8045112781954887,True,5
-0.54798437776106923,0.80919997556481904,0.21191630724347646,-0.8257467491857432,-0.48283053655754626,-0.29157671233610261,-0.13362420416598284,-0.33476868508486513,0.93277784040336165,-6.2457711308717849,0.90089174507319414,-2.7104135319940497,,0.3869579294085662,0.4268656716417911,False,6
-0.6679605705388697,0.72292002821109369,0.1766785471319649,-0.74053173998918875,-0.62213578548877668,-0.25408621860079345,-0.073765969619974725,-0.30055564746904539,0.95090740059192436,7.5929656005016941,-17.378315383506798,-6.9776903597214037,,0.2511865558019379,0.2,False,6
-0.80182098416486125,0.59680082795846356,0.03019736910703711,-0.58970043790591054,-0.78208682443183897,-0.20147851643214942,-0.096625580911430892,-0.17935710411972833,0.97902733685802368,-8.7079141099234398,15.879975862471255,0.21386343408586583,,0.2462766471173389,0.98,False,8
-0.90186729015799239,-0.43201312244034146,-0.00023017911560931081,0.42469184948143168,-0.88648553020390852,-0.18379400894244369,0.079197373233710372,-0.16585555998651569,0.98296475485870738,7.8690731660120017,-14.26148416651079,-6.4230486910400417,0.3791758169113259,0.2613740491072466,0.8461538461538461,True,5
-0.99867429747985736,-0.051248356650965152,-0.0048221876456032639,0.049857511895951737,-0.93974665845800687,-0.33821656734192601,0.012801408541991043,-0.33800861506415192,0.94105594949596671,-3.3103440096585914,-2.9972295643054205,-3.6044436236320663,,0.3661531058791112,0.1965601965601965,False,5
-0.94017634807648154,-0.33748719257045229,-0.046592159946559013,0.33385647046160161,-0.88541673837141366,-0.32338376048071765,0.067884399153951433,-0.31959285702694129,0.94512015854539111,-1.0926094850066506,-8.3777077911807307,-4.7300035391847546,,0.2567602763797872,0.2235294117647059,False,5
0.13794601787743505,0.97584533951424401,0.16940120867363351,-0.98496150180642961,0.1531258306460162,-0.080020746985952199,-0.10402757380127924,-0.15581512550871651,0.98229318971054747,5.3673843955872496,-6.9853692832755749,-4.8128712673448861,,0.5375126457739644,0.5810055865921788,True,6
-0.34310377532502512,0.93880516402048408,0.03040827792212588,-0.92724055140216388,-0.33335173393507905,-0.1705918559541742,-0.15001586313829668,-0.086726498205282165,0.98487245636982024,-12.923647565635131,-3.9043720150708312,-3.3808797146305269,0.1769847870656368,0.18518504832724,0.9,True,5
-0.98716121799718304,-0.15966723588186166,0.0043707514415210896,0.15546451178043474,-0.96673711004769214,-0.20310131864049213,0.036653993768601512,-0.19981424834701253,0.97914797191146197,-7.6591500077090968,-3.8474233142154475,-3.5785295730470454,0.2530545818474412,0.2171939868873564,0.9552238805970149,True,5
-0.18503755979312753,-0.97549615147720115,-0.11903092001230386,0.96330522138675367,-0.1560803879566996,-0.21836199977172036,0.19443289823181528,-0.15506827834362788,0.96858127027974317,-10.405090698870156,-4.1911605328893682,-3.547557314786332,,0.3536935959651727,0.4642857142857143,False,5
-0.96843271206286419,-0.24926651353895024,-0.0020706121564052771,0.24438683741469736,-0.94777208237310806,-0.20494670910406154,0.049123883244387538,-0.19898312768242149,0.97877094306722923,-13.037606269125336,-10.485840057978157,-4.6694680797400236,0.1123799469203676,0.1357674314009549,0.5185185185185185,True,5
-0.7003481357529443,0.64254203556915601,0.31088940360523898,-0.70546657493897436,-0.55670643004546183,-0.43862838757872202,-0.1087630469932134,-0.52651465627528637,0.84318023953130516,18.213894795613562,2.5706896278267202,-3.6601336180255157,,0.2147040853964584,0.4444444444444444,False,1
-0.92178058223666048,0.38719683347800438,0.019979248135255073,-0.38396741201312756,-0.90452051044919857,-0.18550383470069404,-0.05375485767244375,-0.17866521295800092,0.98244040885709061,0.015296100249009154,-6.2666240482990947,-4.396101185075131,0.3206798122797062,0.2799479043295196,0.9756446991404012,True,5
-0.89377737840152893,0.44569379900651146,0.050189992875411482,-0.44395322371643825,-0.86322590850930625,-0.24030515190079713,-0.063777213873550384,-0.23706131781761966,0.96939898833509275,-8.6808939122896618,-14.407999167790638,-5.539602927977846,,0.2046678724449537,0.2380952380952381,False,1
-0.94522439875633923,-0.32639086325122807,0.0044542543523746411,0.3204950289146411,-0.93056569912128129,-0.17700400012407749,0.061917464714899638,-0.16588093321729061,0.98420005261036225,17.634077080845987,4.3481536317658929,-3.2860733377995208,0.202149728975873,0.235045459557681,0.9444444444444444,True,5
-0.057722007818417471,0.93487884086658057,0.35024237709530431,-0.98520398173165524,0.0033662763842461779,-0.17135280144601286,-0.16137312103786797,-0.35495101223022824,0.92085204822665945,-4.9248559347857945,0.97795881558463771,-2.7817463634539341,,0.5330230936330416,0.2831858407079646,False,1
0.83294662923592921,0.51919614430144334,0.19140343932912954,-0.54458599935183294,0.83047747601383681,0.11718895487055647,-0.098112191670914145,-0.2018477782295432,0.97449036540610701,-8.6935784559515366,-0.44062930839865722,-2.8382002479859501,,0.3910212415971924,0.3474576271186441,False,1
-0.43279986973410001,-0.90122241781227574,-0.021964207036473476,0.88883656499582275,-0.42253049720958286,-0.17730634408911697,0.15051190479351401,-0.096260752959955523,0.98391058229648565,-4.9149600921734331,-17.784907772828234,-6.3839207039746624,,0.1484417068670685,0.3333333333333333,False,4
-0.82166236972871898,0.56725315871549054,0.055630963492323632,-0.56186490923637533,-0.78969868725162284,-0.2463408352706937,-0.095805918087482414,-0.23366608072281672,0.96758533927455326,-2.2607114451246888,-14.720929614749853,-5.8767655533930645,,0.2091226657372557,0.4938271604938271,False,3
0.29846011023741686,-0.94149780646786241,-0.15653575634107808,0.94081729160642047,0.31781548870753751,-0.11771210197744934,0.16057517370823354,-0.11213917938790804,0.9806326621292899,-5.1017793391593456,-6.0108602218825169,-4.0915741998141382,,0.5574787257979971,0.654320987654321,True,5
-0.43933734678235403,-0.89012525424059996,-0.12107736157246574,0.8884237523324342,-0.41057854346666572,-0.20525227388837769,0.13298846571714357,-0.19774299332188566,0.97119090635070382,12.362517174166761,7.7181877517853756,-2.2684005680297239,,0.1356614762820935,0.2068965517241379,False,3
-0.8039060685180941,0.59388496033937643,0.0321820894672716,-0.58672731588741112,-0.78303090217038929,-0.20643077056916864,-0.097396559443011704,-0.18483306016220175,0.97793182281779756,1.5150622922802752,-13.632420762287291,-5.9142587407161686,0.2229108992651319,0.2734710834092051,0.1219512195121951,True,5
0.68236259047043801,-0.72435787594048873,-0.098422368847009389,0.72105828452636722,0.68908588359957768,-0.072357413854292507,0.12023412761094723,-0.021594272082489461,0.99251067599843046,-9.7826246529512488,4.9220200377917003,-1.7479553980907188,,0.2387064967256154,0.2592592592592592,False,7
-0.76650365063053449,0.64104107228398666,0.039223681814168201,-0.63490790454459944,-0.74713635894686059,-0.19667031775642355,-0.096768312565882392,-0.17565194216012361,0.97968479058242341,10.020106651901344,13.271799569856984,-1.1710869950037968,,0.2801590090310744,0.9927536231884058,True,5
-0.69476774752555004,0.71768990270894084,0.047106056382439213,-0.7102187831549559,-0.67424858173879221,-0.20243055618439057,-0.11352117446612479,-0.17409782759373793,0.97816301779149972,-8.1431255784983616,-2.7146145285704271,-3.3105083249174596,,0.1034677209877414,0.1219512195121951,False,5
0.93946614957188146,-0.3312206318640446,-0.087728255631617236,0.33693913253484048,0.93955447492980504,0.060904922674993894,0.062252508184429636,-0.086777195546761582,0.9942808172532478,-4.469502091599046,-3.2040465432917862,-3.5831673965712705,,0.1745131056901907,0.2,False,4
0.90471835832563818,0.41884472482269025,0.077806096141422795,-0.42525946712638241,0.89877153978544011,0.10660255574373145,-0.025279986707841855,-0.12953306821007152,0.99125279647128217,-8.2339032823145821,-4.2406436414629329,-3.6224884415952108,,0.1333515878653857,0.3863636363636364,False,3
-0.99926571371491768,0.036570088335236728,0.01143074944923109,-0.03813171991244553,-0.97833912582053917,-0.20346627933203928,0.0037423696152197247,-0.20375275097003626,0.97901522518386153,-3.4183106743781564,-5.6263806654039223,-4.1026950003444895,,0.2062073473169341,0.7993527508090615,True,5
-0.72905749102746964,0.68407059476360155,0.022860362125403155,-0.67539256522151203,-0.7135894961030429,-0.18610457784512474,-0.11099575496494388,-0.15112065521026172,0.98226396144243455,-5.1118915173578925,-2.6469841068775652,-3.4428998263196848,,0.07858172899413465,0.25,False,5
-0.71775195435229489,0.69490528108554639,0.044031606181027923,-0.68765558998195908,-0.69749081294410065,-0.20158461108215386,-0.10937057003612488,-0.17496632869783108,0.9784808951798587,-2.4823223000640677,-10.134377571103565,-5.0206279691811968,,0.1342577900186575,0.5038167938931297,True,5
0.7021650205570501,-0.65665458322421033,-0.27526177038730876,0.69967033249151211,0.70801880903430547,0.095764251601835743,0.13200647611891494,-0.25983480210372406,0.95658777217690993,-8.5972884164275971,-4.5615585048539034,-3.6677422617490363,,0.4552009930012516,0.3278688524590164,False,2
-0.51439209638522587,0.85320557283896425,0.086261356660718214,-0.84775352367321066,-0.49076858209865321,-0.20114711512853614,-0.12928547588986086,-0.17659685529876343,0.97575551057758314,-6.4238801370510767,-15.461266940248608,-5.887091797397404,0.1745181662560917,0.16500600432733,0.6190476190476191,True,5
-0.44993903110056527,-0.88908360095734806,-0.084173741754779693,0.88047632653014896,-0.42585851983897782,-0.20834096932799878,0.14938643416408265,-0.16785372080853811,0.97442743275139287,-8.5464823171687883,13.303169120333676,-0.23958041946359837,,0.3733506439625366,0.2794117647058824,False,1
0.8454870471785092,0.53136821875353868,0.052910009941949374,-0.52842971185577126,0.84682572136738965,-0.06040063955478274,-0.076900537588446408,0.023108737076956331,0.99677093335897193,3.7296387839010969,13.477940524253631,-0.74820446548448416,,0.1497684471978702,0.45,False,5
-0.43203266644811089,0.89979635498828126,0.060945013508379144,-0.89044161153911872,-0.41487017339851362,-0.18707344991714592,-0.14304374002853479,-0.13508981743302625,0.98045358363594104,-17.889083595378313,-9.7700491252059933,-4.4475699255257046,0.1462481991431222,0.1223042262971917,0.896551724137931,True,3
-0.56843722168489585,0.80595416522945273,0.16527857862545661,-0.81360754347827902,-0.52084916079957178,-0.25837746977943021,-0.12215518899496376,-0.28134326941243193,0.95180043841024098,-11.204838379660936,1.1938937978221831,-2.4598100131867393,,0.2953715387322879,0.1851851851851852,False,4
-0.54510621380694391,-0.83136496912158442,-0.10812725737077611,0.81905428408194725,-0.50057767233308592,-0.28030710602587061,0.17891141773533489,-0.24135923864450926,0.95380103927647075,-7.3775681259037089,-4.7981076484187968,-3.7272882332191486,,0.24611116526059,0.2264150943396226,False,5
-0.99371246885313913,-0.11106968054216307,-0.014108696256647901,0.10796082309917621,-0.91717308904596817,-0.38358569499608008,0.029664624075637164,-0.38269707445202561,0.92339750881422311,-4.4080377277993605,-8.2550907387106687,-4.5550491766774943,,0.09139080101571145,0.2929292929292929,False,8
-0.95023925335225634,0.31092910586369482,0.019195116966299636,-0.3088639683795833,-0.93231350091771847,-0.18813448658702411,-0.040600620997252812,-0.18470145406398544,0.98195568252405729,-4.6630293412973378,3.4228792572695439,-2.3092782603062476,0.3341267921965954,0.2729057663580517,0.9618138424821002,True,5
-0.84770700377879837,0.52999895460845703,0.022224847768150646,-0.52475780107785674,-0.83172159310131544,-0.1812965575430063,-0.07760210017974474,-0.165349023834297,0.98317730565994055,9.8963544199801969,4.1496940939296563,-2.8812822522600405,0.3349304093924909,0.2657600355541637,0.9101123595505618,True,5
0.90356315211899196,-0.42498022993398177,-0.054455801325956864,0.42268926918535771,0.90495556329343019,-0.048879547663812098,0.070052921768762294,0.021147875295892751,0.99731908410604964,-8.5483166499393732,-0.21129137034668921,-2.8107122362599695,,0.2778863132878404,0.2597402597402597,False,6
-0.67643296680412657,0.7309680044260598,0.09013444361591233,-0.72808865122325017,-0.64522964781517411,-0.23144247134053378,-0.1110196261049138,-0.22218118301442411,0.96866411337152114,-9.2761707209856574,-2.3196945219634721,-3.2016159259374688,,0.238309651959464,0.3469387755102041,False,5
-0.74997866695023807,0.65587942500516838,0.085756509807904779,-0.6471525413862157,-0.70074057805515877,-0.30026027117200171,-0.13684146775340439,-0.28068634117429248,0.94999452134277185,-1.7041193017032168,-4.4693872335856861,-3.9724861193813359,,0.1660208946350292,0.2655367231638418,False,5
-0.6941356938343114,-0.71837487711605175,-0.045969277497671338,0.71208702170624982,-0.67590420614503655,-0.18996204261107411,0.10539313100331998,-0.16459356015332577,0.98071466181217648,-4.3081886053406393,13.126679443200858,-0.42841658603025734,,0.2286458719727477,0.1379310344827586,False,5
-0.99759043439922213,-0.0687912113866328,0.0090052446459162362,0.065937986183136135,-0.98046937816624369,-0.18528891077561394,0.021575615246980567,-0.18424865729296502,0.9826428268259304,3.4956231851698529,-2.3601640493909417,-3.7795453417675775,,0.2422996698508555,0.9823529411764705,False,5
-0.5498306891659529,-0.83466945577451201,-0.031829433679763874,0.8234497605632598,-0.53526242141114144,-0.18821432478265956,0.14005964829173384,-0.12969595144861987,0.98161206955611235,-12.92482124163654,8.971721292400451,-0.80755335107326609,0.3360273316690862,0.2430830228124072,0.578125,True,5
-0.98759736971618184,-0.15669952267370418,0.0098333576927113926,0.15266813891021958,-0.97303851834931532,-0.17288285389320401,0.036658896483247549,-0.16923741135577047,0.98489330584902868,-15.665624159432824,-1.9456275834499765,-2.8949281404269587,0.3201882502836406,0.1298871204373745,0.9056603773584906,True,2
-0.85973716197628791,0.50968274926487467,0.032794929772086805,-0.50510405354637777,-0.8389908262279161,-0.20239636507708159,-0.07564329056813468,-0.19057252846933664,0.97875441454168044,20.024454605069394,-4.9476672948981619,-5.3469276190258244,0.1917906166929801,0.250923044643391,0.627906976744186,True,5
-0.9615462725570697,0.2741211478098039,0.016922235521394369,-0.26983671095944972,-0.93144749916164737,-0.24411822079496576,-0.051155792928975957,-0.23929720564383722,0.96959781983091287,-12.950788586753131,0.86767330657795072,-2.4032254835588178,0.1829146096292785,0.2084422015401314,0.462962962962963,True,6
-0.33850693828560247,-0.92274499515425912,-0.18426808364519603,0.92513601224825392,-0.29060198403187831,-0.24428230741937415,0.17186160587491564,-0.25316429605001911,0.95203541301339867,-4.1556535094178804,-4.2851939662077267,-3.8268815514273355,,0.3292483746449221,0.5765027322404371,False,6
0.63776341711779161,0.7483465543597464,0.18230539861489539,-0.76290852622502558,0.64631209748638518,0.015850970188315883,-0.10596416563819916,-0.1491915118920881,0.98311417870965312,13.047986456627562,9.5207744410610449,-2.0122525755642662,,0.1981077676811292,0.2777777777777778,False,5
0.87875105899138428,-0.47600703891869733,-0.034840712124964202,0.4731553947076898,0.87840870570570995,-0.067246696568897091,0.062614285754379884,0.042608034926206156,0.99712787874935871,-7.7139326119920675,1.1226805515242899,-2.5757954324644663,,0.2309847385232304,0.4769230769230769,False,3
-0.95531903008645913,-0.29541893930476276,-0.0096540693346111317,0.29167842021448848,-0.93692970879978199,-0.19257834756155048,0.047846106799287032,-0.18678964390031377,0.98123411018764872,6.8695421432133941,-21.852498430751229,-7.8533339050543454,,0.2176528550453798,0.2941176470588235,True,5
0.031735798868213594,0.98448883007936028,0.17255312955483948,-0.98620474392509261,0.058904723592820646,-0.15469465601014032,-0.16245935531645606,-0.16526335645697857,0.97277694302585893,-5.9001360060902135,14.688434757336603,-0.082840924284082088,,0.1784086027595989,0.3333333333333333,False,1
0.75115544645605437,0.63893755689111154,0.16590447146904283,-0.63999315842611793,0.76646732911989024,-0.054190317950560743,-0.16178458649440813,-0.06547237421873954,0.9846517738708408,17.099772936585516,-5.2099279403903394,-5.1371087367951063,,0.218088198431045,0.2777777777777778,False,2
-0.64287384597770436,0.76282457794878455,0.069367726177911995,-0.75992203794257129,-0.62381544628940278,-0.18268219732629279,-0.09608181101043059,-0.17015567063137288,0.98072184300388843,-2.5527880975905979,0.33812727583622237,-2.9928060018459983,,0.1458442017944718,0.228448275862069,False,3
0.11054775946715348,0.99218597588147139,0.057846193832646157,-0.98059924441366797,0.11836651512010998,-0.15625136784573507,-0.16187746826576818,-0.03945069533547535,0.98602197130967206,7.2966722544918392,7.7552979623965452,-2.0848356437835847,,0.3609005043836317,0.9545454545454546,True,5
-0.24576752975993263,0.96874288093972261,0.033697951633691096,-0.95617180032549465,-0.23657674928034211,-0.17253095363513116,-0.15916598122086983,-0.074623537362899534,0.98442750778990584,-7.990918472231729,-15.931679736251514,-5.8857884628860795,0.2036840299016438,0.2303555308314431,1.0,True,4
-0.99489607730195717,-0.10090331693161576,-0.00056213999566291639,0.097825646391585003,-0.96315487565940205,-0.25052510533195893,0.02473738622501118,-0.24930143626886403,0.96810993982968419,12.222421505428326,24.790754038093567,0.89449086251893029,,0.2501068589724089,0.9,False,2
0.80561346940947587,-0.59000109664133671,-0.053718189359364434,0.58533140583382282,0.80667184187286467,-0.081655893076012329,0.091510017214668782,0.034340144022131154,0.99521187254670096,-7.7718805014338743,-1.1530974365846318,-3.0247699219662922,0.5437438482678966,0.4388608514152144,0.4736842105263158,True,5
-0.56241730662635125,0.82573628680669642,0.042969266433704446,-0.81607698254011685,-0.54597439207657839,-0.18955295240335637,-0.13306063195167556,-0.14167409024694844,0.98092982438975795,-2.3884791736694093,-17.022479740713131,-6.3747422802094498,0.1777746555034145,0.2359718898661986,0.968421052631579,True,5
0.75256213684768114,0.64616054327371453,0.12699126938285643,-0.64588653499326354,0.76186269174635957,-0.048947143322013831,-0.12837762304095898,-0.045186184185084854,0.99069540962959124,-9.0268203649144141,-7.0980050010027158,-4.1662812520734134,,0.3897644929510783,0.2258064516129032,False,5
0.81687978242375836,-0.56354196996322925,-0.1229954029924504,0.56837112260809031,0.82275619771638442,0.005148407957454415,0.098293886140144782,-0.074112665646567599,0.99239388588313449,-9.0114133473313078,1.617246193129029,-2.4327151879122151,,0.2844143175985483,0.2380952380952381,False,3
0.4147413564407057,-0.90825437899018158,-0.055349709149051581,0.89856082946994198,0.4183861797076735,-0.13244410282043267,0.14345048971688629,0.0051949662924267101,0.98964385984312919,-8.3652883620330503,13.868522687465036,-0.12172966069774105,,0.08985254870968737,0.3461538461538461,False,1
-0.6801531178257576,0.73189439975193149,0.041500890636953849,-0.72469700633040879,-0.66277407167906122,-0.18853323029562022,-0.11048070115474432,-0.15830703560397386,0.98118953171680212,6.8247124539888944,-1.8822131940666165,-3.8560918826761208,0.2851261899290535,0.2588337949399273,0.9104477611940298,True,5
-0.3120068865366456,0.9481262791853915,0.060895496317675525,-0.93797582522437295,-0.29720002347278557,-0.17853150238104826,-0.15117226613492091,-0.11282156161763994,0.98204798313819253,-5.4856440795925785,-0.9196389681205438,-3.1022536417382969,0.1622554473480467,0.1783086477229324,0.7440273037542662,True,5
-0.99994591062231442,0.0094779355885637913,0.0042830557655624407,-0.010223026885093384,-0.97145664889312433,-0.23699677011016229,0.0019145628792338748,-0.23702773689659504,0.97150099659787348,-9.12331362458103,2.9709866660702757,-2.128693616587003,,0.2796291335488243,0.6987951807228916,False,10
-0.17702735936620465,0.98335879863657583,0.040826304998856026,-0.97156151514286382,-0.16797471397505029,-0.16689133518041899,-0.15725627596102981,-0.069209599110462955,0.98512968438771431,1.8416593236735546,3.2661425415677101,-2.6508655914198154,,0.3101059026021693,0.9462875197472354,False,5
-0.99301192466530019,-0.11434435036834267,-0.029200804977914468,0.114386207874587,-0.87167756842850508,-0.47654381975495247,0.029036406812625155,-0.47655386499052826,0.87866563654327645,22.943477940608172,7.7018496987097906,-2.8736239335075271,,0.2897054377977104,0.4,False,1
0.86709104611134635,-0.49681630407786637,-0.036423587905921005,0.4932400216047596,0.86648737071054405,-0.076901999235807136,0.069766745952978465,0.048715463679790655,0.99637312526863908,-10.069141112597991,0.91424199539252959,-2.5164423667111073,,0.2813471765252137,0.581081081081081,False,5
0.78078388522057984,0.6231674690746859,0.045153405928080911,-0.61557218247368373,0.77961485464909197,-0.11520228545935948,-0.10699258266086081,0.062152907393980092,0.9923152741735024,-0.20104228423354958,-7.7458153722145315,-4.6534419137952918,,0.08739180132855026,0.1057692307692308,False,5
-0.5980254579222124,0.8006690996058361,0.035979780617842239,-0.79191863134122786,-0.58338519896921603,-0.18035129874299391,-0.12341164050268746,-0.13634772664048392,0.98294397827567326,18.119231923321859,1.3493120144800488,-3.8908586182607454,0.3688163153072223,0.3072802795783184,0.9893617021276596,True,5
-0.55899096899909162,0.82060432557275464,0.11890179741594673,-0.81208479570118819,-0.51284934122387937,-0.27839511094340996,-0.16747352378336555,-0.25217869469389925,0.95307844628554317,3.9317184159027696,-3.2045225176524936,-3.9736303811668097,,0.4112028121924767,0.2504970178926441,False,9
-0.097929414321071995,-0.99513409981701717,-0.010860625769575027,0.98147983855649223,-0.094768784208003568,-0.1664818429945395,0.16464251066432825,-0.026962954606492881,0.98598470716387621,-9.646980339177178,10.71421726186421,-0.65861156881051253,0.3287814230211751,0.2808508102050281,0.9298245614035088,True,5
-0.59273230874412475,0.79355278203385171,0.13763136378454818,-0.7932191780355734,-0.54557427210277276,-0.27046635505382077,-0.13954119738424811,-0.26948598432175347,0.95284078338760592,2.9282513901809617,11.164302430977719,-1.1992006927609833,,0.4116861052184928,0.25,False,8
-0.98504033443396155,0.17169120567623594,0.014753624357121672,-0.17129578178361488,-0.9662294466374165,-0.19250561444771785,-0.018796134745495324,-0.19215302845439006,0.98118495655734395,-11.771679091545257,-6.0834547300902599,-3.8777702157705085,0.2425454666364419,0.1951233882737018,0.7849462365591398,True,5
-0.99993890534958663,-0.00063049857531855902,0.011035761859350266,-0.0012625829475511443,-0.98532308632058963,-0.17069511254856476,0.010981413960429766,-0.17069861755507326,0.98526209229433737,11.414643053823214,-10.50596029852152,-5.8706553523428866,0.2335996262813735,0.2422570495607105,0.9692307692307692,True,4
-0.21956133435983496,-0.95220300229987087,-0.21237293345725999,0.96231144654190626,-0.17557264953687163,-0.20767986081714154,0.16046650837029255,-0.24996737216228018,0.95486481375414156,-13.787188695482332,-2.743114134203517,-3.1217328306690888,,0.1387724477759452,0.1818181818181818,False,1
0.34483960686085247,-0.93812619440631395,-0.031699982788302231,0.92776907620397286,0.34577348224141269,-0.14030409907865438,0.14258396396396861,0.018972146620064231,0.98960086442613182,-6.8064190050219153,-9.0987446572564892,-4.6260519927778248,,0.08258050511751855,0.3829787234042553,False,3
0.74633979482335144,0.65347469988613505,0.12628431126535145,-0.65795048764788422,0.75301759157730563,-0.0081032449689163177,-0.10038957349720011,-0.077041049991810898,0.99196099225181744,-4.1853101805535058,-12.6197928461927,-5.4194796942067471,,0.2541816915304588,0.4533333333333333,False,8
-0.47657323901325682,0.87710252283413592,0.059742047959607407,-0.86827742646923467,-0.45895244331607798,-0.18830020036677003,-0.1377398219120991,-0.14161150805000627,0.98029277374028778,-4.8717762691294801,-13.41164993466232,-5.530086042004676,,0.2654708978878893,0.7721518987341772,True,5
-0.83158220599317467,0.55400586521567785,0.039351441932314983,-0.54929021413453161,-0.80988291360207054,-0.20583956595237102,-0.082166266384477007,-0.19278788230085417,0.97779422022549622,0.86599883059953109,-9.5708238590522736,-5.0881832582522328,,0.1921931843735553,0.7290076335877863,True,5
-0.49400689227468908,0.86809120450651112,0.048732443439037279,-0.85880995624996381,-0.47844482370812974,-0.18312839679534143,-0.13565636524335759,-0.13231859780594615,0.9818804098481797,-12.234616626433546,-2.3892944295375567,-3.1122746401977932,0.153685851046541,0.1514425223235792,0.7395833333333334,True,5
-0.69863448680984652,0.71449746785763346,0.03745960844660557,-0.7071822992091733,-0.68163627558550222,-0.18779026463358833,-0.10864184058257832,-0.1576875271889181,0.98149457168334575,-8.8812486249620157,6.9551090257847967,-1.2323503220585865,0.2889778847004069,0.2632713010542084,0.9912280701754386,True,5
-0.90978222329657366,0.41419143181555446,0.027235344391517979,-0.41098653280562364,-0.88965746548170677,-0.19899664310002246,-0.058192577069207864,-0.19223696814933022,0.9796216473980135,-20.345233839927218,1.0478544784076487,-2.1511814124957023,0.2840266065353659,0.1782974981381021,0.9032258064516129,True,1
0.78856532729715523,-0.61304590415454729,-0.048367799040927154,0.60805445798543323,0.78905261052881925,-0.087554291395086345,0.091839537829688317,0.039632022620457411,0.99498482504721653,0.32603890060966051,28.544337645659191,2.1017390448630011,,0.1945117535638206,0.4117647058823529,False,1
-0.5536480820908638,0.83221078814244942,0.02998341702396403,-0.8224733991391413,-0.54082148002560659,-0.17620906461195623,-0.13042740856743457,-0.1222183735869406,0.98389601089350309,-11.939617868619301,19.549394749787826,1.034536144189192,,0.263968502478467,0.9166666666666666,False,3
-0.72604289312750414,0.68592446021847264,0.048675992162892978,-0.67857411261283185,-0.70320135506923087,-0.21223813964626179,-0.11135030772634924,-0.18712426112825528,0.9760049281978308,-16.663861189163661,16.215732215058559,0.53093628675452254,,0.258114392593231,0.15,True,3
-0.97130116069358774,-0.23785226312715022,0.00059679190846499697,0.23036318835499725,-0.94133730163315887,-0.24661079863810254,0.059218719052417573,-0.23939587606994323,0.96911441937187937,-14.457194751789244,19.064442923667414,1.0646971179611628,,0.1886428161075682,0.4375,False,3
0.22514263475859794,0.97051991498696688,0.086034229395326817,-0.96060875532911982,0.23587065687514094,-0.14695527350295606,-0.16291596974819761,-0.04955933654701896,0.98539446870886371,-1.4188029195296932,17.354364944925329,0.18186770149615269,,0.1148180993274034,0.1363636363636364,False,4
-0.57082202613643807,0.81976345992204114,0.046369001004282283,-0.8115710382473218,-0.55474801101112348,-0.18332237767759196,-0.12455787552641959,-0.14227618934960889,0.98195866592667658,-13.016057243064957,-12.24046794154833,-4.9644699181464675,0.1507722007952899,0.1729309940782819,0.303030303030303,True,4
0.42004070756216183,-0.90583163128892907,-0.055089561144698922,0.89868799198397586,0.42363400869778345,-0.11355227755732079,0.12619705644145165,-0.0018117480739359114,0.99200353855942902,-13.688766878986199,6.5279390579821799,-1.21405976601516,,0.1222108038013015,0.4375,False,4
0.5138837001843839,0.83400381228877207,0.2009009302432459,-0.84563355773897275,0.53187031737600499,-0.044920502224217812,-0.14431711163453376,-0.14680465449754326,0.9785810976650442,-15.081982359073173,-0.85464465418936908,-2.7175226536939978,,0.1509998859280395,0.1875,False,1
0.63624502296782226,-0.75275990347848065,-0.16895205966114848,0.76229065757022973,0.64711349856053846,-0.012532891202228974,0.11876541638803072,-0.12081658700612619,0.98554458456955107,21.65200072783837,7.939156405613871,-2.7360081579753541,,0.2725577220668307,0.4090909090909091,False,1
-0.048932583888286044,0.99188713769079506,0.1173265030484478,-0.99162943202405973,-0.034192439896736898,-0.12450681345833398,-0.1194850274204103,-0.12243685367351451,0.9852576034138858,-10.780264191483834,-23.149592761511521,-7.1154694893941892,,0.2404919488799044,0.9705882352941176,False,2
-0.80968677721337334,0.57768576409922245,0.10337543597450122,-0.57878512066829235,-0.75693193185336261,-0.3034169320155457,-0.09703147375367957,-0.30550484202027545,0.94723370115476524,-0.32783433708646298,-10.074270530445212,-5.1160591047121384,,0.2596144332716877,0.2,False,3
-0.52906124738144422,0.84740077593761531,0.044789747258939368,-0.8381109411502794,-0.51353673539049893,-0.18398388986175651,-0.13290691044255185,-0.13487752349742388,0.98190824765444285,-14.389381346551016,-10.217078266026251,-4.6050701246761152,0.1545572224324124,0.1070386304233281,0.75,True,3
-0.7030245241879588,-0.7081316154977072,-0.065621136251220236,0.70093043477550976,-0.67435196110250617,-0.23226269214537704,0.12022081348796737,-0.20928222019514886,0.97043696771839838,9.061801475008826,-13.325477985599624,-6.3479792257351697,,0.1688709983977828,0.2857142857142857,True,3
-0.73196236946858118,0.67887828954493679,0.057925449212612626,-0.67461722401227742,-0.7101930465242664,-0.20128943771234145,-0.095512777930024287,-0.1864137995244006,0.97781757224901977,22.557252666609799,3.069508966919833,-3.83547536243276,,0.1882303565096997,0.5666666666666667,True,3
-0.93407313086117605,-0.35152805582209029,-0.062732863581556414,0.34928004896563475,-0.86293155955978496,-0.36517471285712172,0.074234989039970334,-0.36301122501330307,0.92882292010725964,5.7400197806242996,-18.755097769714698,-7.1546026977306649,,0.34762759258195,0.2592592592592592,False,4
0.4707441897456634,0.86446429124890722,0.17635588160371546,-0.86979415346295941,0.48821774366780019,-0.071425243223778939,-0.14784464285983639,-0.11977029649895279,0.98173165256815498,-4.5738989397685046,17.965140730347272,0.43765169798251502,,0.2336060620963953,0.3103448275862069,False,1
-0.38600971049637239,-0.9112555116165203,-0.14356147098376265,0.90804323078940619,-0.34789513502408459,-0.2332948050088387,0.16264683956365331,-0.22041408207074481,0.961750299196661,-7.1357882960250079,0.12890602859175398,-2.7859148059408252,,0.2485964443233461,0.189873417721519,False,3
-0.99710139611597692,-0.072554210300445343,0.02290616579109115,0.063969056295222565,-0.96242955604568237,-0.26388882031342159,0.041191815937985057,-0.2616586253449128,0.96428107835959409,-12.857926433673345,-3.0503718423503421,-3.2159033861243649,,0.1339636612613733,0.28,False,3
-0.87142658593272215,0.48948416219347579,0.031952469253444395,-0.48544411976759694,-0.85121498001986207,-0.19944188219340897,-0.070425222134574722,-0.18931009680293795,0.97938857218968978,-1.5997450276423628,15.404864386912358,-0.1843755235092383,,0.3366407880990236,1.0,True,4
-0.95921847222488577,-0.27593990919132821,-0.06129509815669399,0.27717352590858468,-0.87566154762284798,-0.39546389285263811,0.055450510168621042,-0.3963256495992169,0.91643396946632183,21.565163450710607,0.73762989322388872,-4.2681291888053732,,0.2092705673784292,0.3333333333333333,False,1
-0.18585075428097886,0.97607101552123454,0.11289317868028848,-0.96021394196973919,-0.15604420150048534,-0.23160179797448124,-0.2084434762234782,-0.15144497296848197,0.96623793000608826,-10.511732139893459,-5.9064903890281659,-3.9069946407264515,,0.1746401012662361,0.2727272727272727,False,2
0.37822565371961359,0.8910869791525422,0.25081736473611271,-0.91224268435144851,0.40483414820110714,-0.062630641842054455,-0.15734878364841173,-0.20511779063523772,0.96600623820412479,12.799947734208295,-5.4070684173934858,-5.0470504863450341,,0.3341884529433031,0.2045454545454546,False,7
-0.61275121667996169,0.78248917227334758,0.1106645459584899,-0.78079438174322879,-0.57780799166283714,-0.23769320185644452,-0.12204949772709618,-0.2320530543766462,0.96501569938474752,-14.353776204529469,8.9787539603076567,-0.72451274690618928,,0.1035201248219468,0.3809523809523809,False,1
-0.61907336287533499,0.74593348549367777,0.24562452360763759,-0.77849374411015793,-0.54170614237656811,-0.31702041841630152,-0.10341983252536019,-0.38747605155770887,0.91606039523039962,-7.7357358593472698,2.8083557025902675,-2.2500556681757504,,0.3530384676555683,0.1515151515151515,False,3
-0.62207396881578558,0.78215066053152704,0.035557299558221026,-0.77119849126678641,-0.60425671917734669,-0.20031651054484143,-0.13519195386416158,-0.15203342250677984,0.97908578482749187,1.9499824755604069,27.314682473401472,1.7824947906348469,,0.1707068365126054,0.5,False,2
0.7365590107479244,0.66518442134647526,0.12251738359920639,-0.66614125950157232,0.74480445656547012,-0.03901466224222,-0.11720343883904932,-0.052877283195818636,0.99169922196507321,-2.1005293095308466,16.232568275564365,-0.0083718823626475584,,0.2474591766542674,0.1739130434782609,False,3
-0.83917251258169923,0.54353885689861547,0.0188415808430877,-0.53827642249685193,-0.82509657489146482,-0.17168032818691226,-0.077768805515521081,-0.15421139109586413,0.98497251725363877,24.069485038529944,-0.79175130907703251,-4.6590033929434052,0.09538477708665685,0.2367452030976389,0.9107142857142857,True,3
0.02452261353000202,0.98947071276167797,0.14264063240380215,-0.99118263825842534,0.042649878441457886,-0.1254510481582255,-0.13021374367065375,-0.1383065307779329,0.98179207804068525,-10.983743348946373,2.531057158487739,-2.1812694983025538,,0.1714260761566533,0.1481481481481481,False,2
-0.71578465665923052,-0.69709983170130085,-0.041281350913533993,0.68840009769690524,-0.69445234701137482,-0.20938300604701593,0.11729292724678339,-0.1782912290955779,0.9769619270194051,28.818160450267943,0.43795814731376453,-4.7351910105824899,,0.2484524411072628,0.3809523809523809,True,2
-0.15612341896439236,0.98369630404098707,0.089258385975613114,-0.97548033426335334,-0.13936309897473337,-0.17034096427347034,-0.15512445170354622,-0.11366401391936407,0.98133424296893534,26.036220094741161,2.984102617310664,-3.9889253106389653,,0.2187451385652805,0.6521739130434783,True,2
-0.99989232603454847,-0.014672607320971314,0.00022568036034960326,0.013989375414798104,-0.95775056830787986,-0.28725971921144255,0.0044309945525027004,-0.28722563169107584,0.95785270411840373,-10.76830355688424,4.8950814133158396,-1.6882493226693878,,0.1736908121971018,0.3181818181818182,False,2
0.9944076940038179,0.10414614619353924,0.017519084994495223,-0.10209181927791081,0.99042484228201333,-0.092929501382369592,-0.027029586429259081,0.090621255915394314,0.99551855303343328,-0.95355619392732227,27.990002652429933,2.0476208139125109,,0.1913698986151174,0.6538461538461539,False,1
-0.97543299886685997,-0.22028581861591531,0.0021500786777429726,0.21554916440847763,-0.95638323688516813,-0.19715390416589623,0.045486508377885773,-0.19184697631644973,0.98037019295459205,-14.946892413395796,-6.7663866150005996,-3.9442671626785617,,0.07994714756029109,0.4193548387096774,False,1
0.79381249137269683,-0.57302193672700319,-0.20373411243654338,0.60136334849722661,0.78953573661065946,0.12245588470492552,0.090685454318070152,-0.21972523897881499,0.97133772073920188,-9.5006763294030101,18.972131328480508,0.83973560074873965,,0.4103922217166619,0.2432432432432433,False,1
