axis_00,axis_01,axis_02,axis_10,axis_11,axis_12,axis_20,axis_21,axis_22,location_x,location_y,location_z,dbh,dbh_approximation,score,reconstructed,number_clusters
0.92301981851154424,-0.38407498127615103,-0.022821555438657454,0.37755161587791819,0.91557227461409274,-0.13849977366750127,0.074089081401299939,0.11922172082175438,0.99009948454759389,-15.09605638165829,6.7370602654866758,-1.9832958305972275,0.1760230230740595,0.2306897935965685,0.625,True,4
-0.012131265139754564,-0.97374752837355516,-0.22730724447870271,0.97816798892729195,0.035607818967361982,-0.20474244471121378,0.20746136470207133,-0.22482845508249025,0.95205669365914036,9.4202543215883399,5.811396636381251,-1.7127448047865161,,0.3609601500035343,0.3478260869565217,False,1
0.41765924359726347,-0.90857700398656449,-0.0069702270092592868,0.89055847103762864,0.41087360160130287,-0.19516273509636897,0.18018425541895539,0.075304125610571412,0.98074610514910754,9.1524944807573512,-5.3636447373377889,-3.565180549495953,0.4139757199551317,0.3327906905470425,1.0,True,5
0.96261598323142539,0.26945172897234559,0.027680942563602508,-0.26034283676504855,0.94857416481110091,-0.18007959683997868,-0.07478018569462852,0.16614096306069612,0.98326247981947357,-6.3561899402641719,13.71053278976915,-0.91087438482597283,0.319409891753688,0.294353158508863,1.0,True,5
0.97813944539301634,0.20639335636040029,0.025397004085747785,-0.19962731804063089,0.9661683940599598,-0.16330207656825327,-0.058242246335006041,0.15466226679409428,0.9862491693137011,-5.6839366567941472,-7.1301609596833559,-4.0098776209348319,,0.09011793373529858,0.5353535353535354,False,2
0.33853081836375676,-0.92581643715160844,-0.16810951703537499,0.91858446110321945,0.36389091313840871,-0.15422707659488211,0.20395948822664139,-0.10221217165874717,0.9736288816212928,5.4714172575510007,-12.789921366498394,-4.9636857333519746,,0.2473463164744323,0.4222222222222222,False,7
-0.16715737345399567,-0.98417287059323899,-0.058840235283565599,0.96414925722849187,-0.15069802244855771,-0.21841775526692403,0.20609372209193894,-0.093240907429936085,0.97407982778411595,9.0467947764866423,1.0748671774058851,-2.4432676711304802,,0.09455240978585519,0.3387096774193548,False,5
0.0059987621607863594,-0.99993133048024652,0.010067232814541549,0.97842323205179993,0.0037899405222540468,-0.20657593115401313,0.20652359147043733,0.011089214347357587,0.97837877915013549,1.2959624856625447,-3.3785831191147593,-3.3137522631689986,0.3378242316417446,0.2797374311093946,0.9796747967479674,True,5
0.991734577525892,0.12094496871915274,0.042835059017855212,-0.12565232169969084,0.98304995463704659,0.13350760554956398,-0.025961929647416802,-0.13778643340192701,0.99012164756627685,14.912321058404117,-5.4265039880457815,-3.4449794482898839,,0.213040000018422,0.2058823529411765,False,3
0.59447632611004697,-0.8035778950584429,-0.029333671235345065,0.78987701891158868,0.59039691114494164,-0.16590895788309318,0.15063928003692484,0.075458954961980795,0.98570469889617696,-12.878027869491222,-19.551326884811079,-6.2697952353843531,,0.1584068732430008,0.7241379310344828,True,4
-0.41395046103928906,0.88555705896573489,0.21079305282982086,-0.89694949806547974,-0.35728072150539386,-0.26044593289331242,-0.15532744034922613,-0.29688243692839256,0.94219647893526681,-7.8494096109291034,0.21433965821946532,-2.7915015092710682,,0.3058505844694845,0.2083333333333333,False,3
-0.37609387184628823,-0.88499553476050197,-0.27447459447759648,0.90533467733523976,-0.28790560786743319,-0.31221704465448635,0.19728791542810103,-0.36591428560860673,0.90949668169464903,1.7771909727079909,6.7474664997974356,-1.6306990671721058,,0.4611779374175249,0.1525423728813559,False,8
0.61818027836796796,0.78377772448525251,0.059545126060995809,-0.76586994236076733,0.61763898267091899,-0.17878847410710327,-0.1769078144831811,0.064919686428313875,0.98208403891359153,-13.496609205380279,3.3505293920693902,-2.3296773877501038,,0.2250091749738179,0.5846153846153846,True,5
-0.66229538013243361,-0.73089465764698391,-0.16479632543941486,0.73204986275619899,-0.58440207230684793,-0.35011029165406204,0.15958642766183362,-0.35251555611995372,0.92209812644835931,-11.913028803018561,3.0771211411714381,-2.3206163667488267,,0.2281558713406565,0.2222222222222222,False,5
0.64472930356729174,-0.76440968470811088,0.0013996592731988118,0.75021560866843517,0.63240418005319565,-0.19298055228829258,0.14663105275446972,0.12547026331243349,0.98120158346408315,-10.233360105660832,2.0597711491342077,-2.4840483851350945,0.2151889797750207,0.192305783686442,0.9714285714285714,True,5
0.9866046403021923,-0.16253395766385109,0.013928256901216941,0.16239970519923022,0.97053518547697104,-0.17801064435135389,0.015414911137724311,0.17788807255492584,0.98392998437760215,12.108180597230245,-11.00598171619732,-4.6119606502824606,0.341593489789147,0.2920328945544858,0.9661016949152542,True,5
-0.89116817805575488,-0.44652921013469199,-0.08019316004046112,0.4369333197673792,-0.79719641172013012,-0.41661391625533462,0.12210058352786154,-0.40631212834105468,0.90553956394247004,13.570279618403854,-3.143935508362433,-3.0952020763625048,,0.3083805428015975,0.3555555555555556,False,6
0.87164202780448963,-0.48993394686607616,0.014314435829109006,0.48284515721713739,0.8532767965228889,-0.19692451007326181,0.084265826506566957,0.17855933530304435,0.98031415080029316,-6.0290620450064161,-0.86486333614726907,-2.9622032508271618,0.2379460821951337,0.2319642043445534,0.9948006932409013,True,5
0.20895025999596142,-0.97625070181545281,-0.057221989238897944,0.95835927300599211,0.21606515094694864,-0.18671731143549478,0.19464658407238333,-0.015824593236753438,0.98074578232987797,17.480729210499145,-3.9661985531947472,-3.1627216800015168,0.2138126974467566,0.1717178941576122,0.6041666666666666,True,5
-0.13680726474204036,0.96718869585532119,0.21407895488226814,-0.97209537969411053,-0.08950577727169097,-0.21683931519065822,-0.19056323121516497,-0.23777035653056786,0.95244470310048046,-7.1909654349920791,4.2775383495900048,-2.1926522149768126,,0.188206996125888,0.4821428571428572,False,4
0.80088622289303668,-0.59881193968065893,-0.0023492288120973322,0.58898750148026568,0.78844220878125537,-0.17734882720832756,0.10805082637425123,0.14065256594894468,0.98414525076932557,-5.4265468327808843,2.1028377506770717,-2.4749029904385349,,0.3107238836215228,0.9955290611028316,False,5
0.82323528355238829,0.56549782688785932,0.049958739971385585,-0.55190148985457865,0.81783662638619326,-0.1629355640661298,-0.13299779475884696,0.10656200226328345,0.985371060191502,14.268831432919688,-4.1832766530417667,-3.2531954357067763,0.2059671599963847,0.1681482415502439,0.6862745098039216,True,5
0.91335872656184991,-0.40710503282288557,0.0064287528800821801,0.40163349837887802,0.89826675539707368,-0.17834620581430327,0.066830902981027979,0.16547606593913033,0.98394679836261933,-10.267578400297046,6.283364765875147,-1.9547090247928907,0.1916751222282808,0.2274856592324081,0.971830985915493,True,5
0.50416050454109818,-0.85969561481418022,-0.08213181801307716,0.84181235954858158,0.51044025663306203,-0.17550696772385715,0.19280595678586893,0.019344101882534898,0.98104621132250602,9.2726854823811458,5.2126542279236796,-1.8070087741459115,0.5555607345055525,0.3240194206630919,0.9926470588235294,True,7
0.96426064901864439,-0.26431926814062245,0.018350074761365916,0.26400883348101017,0.9643576565284443,0.017710057565220871,-0.022377144548360064,-0.0122325297699598,0.99967476141857692,-0.04429715514341253,6.0953345938739911,-1.746138105129674,,0.1739967355387898,0.1836734693877551,False,5
0.77030257764908128,0.62469432116478119,0.12802712201582978,-0.61833277938723763,0.7808025841368279,-0.089509209249708441,-0.15587980241980373,-0.01021419158461556,0.98772321906890381,6.3448976799359968,17.609387800788376,0.080959663998735235,,0.2499490817322106,0.3846153846153846,False,5
0.90826437447422659,0.41748264746223168,0.027641728036903811,-0.40573476964564226,0.89498336852401672,-0.18542941181484768,-0.10215244863212004,0.15720371857347587,0.98226873517644442,11.790633057485202,-16.549322351279379,-5.6633505430762261,,0.299244996677652,1.0,True,5
0.98268358913570286,-0.18263208400591679,-0.031280753428096476,0.18356606282964383,0.98254487454695616,0.030150789023340285,0.025228242518987934,-0.035370770321869999,0.99905577641403054,9.6202348648358331,1.9502652714058837,-2.3160329465592695,,0.471644726900792,0.4814814814814815,False,4
0.99320920775088828,0.066718905565799139,0.095310320946652649,-0.075751439073495228,0.99263603068097961,0.094527403816052735,-0.088301693738832177,-0.10110538182515556,0.99094929872766035,-8.5690084755601195,3.7724262398049944,-2.2463653344006049,,0.3663588963120613,0.2823529411764706,False,7
0.98071948210423998,0.18469703475834529,0.063845929961640152,-0.19102795009502641,0.97494924140746675,0.11393989187943943,-0.041202180812236408,-0.12393942887749936,0.99143401104956841,-12.130894781107564,-4.3342951406284262,-3.4384009838489944,,0.3553807885742488,0.4024390243902439,False,7
-0.88480136463788339,0.4612934284275792,0.065840094353428302,-0.45429065805281399,-0.82253771050627711,-0.34212821105695546,-0.10366553497127132,-0.33262604781439037,0.93734378387787831,-2.3509010310830543,12.320345577128499,-0.88251505987310852,,0.4009517951504074,0.3421052631578947,False,5
-0.77459571515485814,-0.63101428711530827,-0.042690133755868741,0.61531626422942032,-0.73627650608807271,-0.28157201842067259,0.14624422394913558,-0.24437241259827319,0.95858998060819256,-8.0392098737109414,-21.975027248447205,-6.7253665063923993,,0.3715342592787491,0.6296296296296297,False,1
0.60557650276545905,-0.76700648434683771,-0.21208053250653933,0.77973473042599817,0.6251598581273361,-0.034480457562254263,0.15903097014685325,-0.1444860019382859,0.9766437148612781,-2.2003231175571587,7.8773182382648272,-1.5097762174184033,,0.4276190361199196,0.58125,False,8
0.79818959602090434,-0.56778114230204069,-0.20129069340179612,0.59822033672929109,0.78640658574370614,0.15393865863525591,0.070892859495720162,-0.24328842213536969,0.96735978111941523,-11.322273191931098,4.2190636708186746,-2.1694019746715418,,0.4832212362197195,0.2613065326633166,False,4
0.86568568512263533,-0.50056562035477503,0.0047280326344745372,0.49304482870374539,0.85096959149702467,-0.180990472776557,0.086574196284157856,0.15901199346661363,0.98347348437643511,6.2542664286882461,1.2097316204479096,-2.4158583171238459,0.3349042017345115,0.2602293579674622,0.9868421052631579,True,5
0.33585765089563818,-0.94091401490191195,-0.043364212157368187,0.92177027521879584,0.33779700271683716,-0.19034900755871642,0.19375034982660216,0.023958328754043051,0.98075827828542128,14.56967942839359,6.4159261713707387,-1.498352100963084,0.2252178080604776,0.2247239510080399,0.9,True,5
-0.17856489330057135,-0.97481495586309896,-0.13360531690834734,0.96148220192449574,-0.14403680353606796,-0.23410547752997124,0.20896543796278691,-0.17026215390607644,0.96298714668695562,11.923195934840798,-19.807152552115635,-6.3179568304269882,,0.297742982285258,0.48,False,2
0.90642147875397716,-0.42237098374641258,0.001689657521826109,0.41670717395917339,0.89359933817316706,-0.16683930588275017,0.068958204910022691,0.15193082276340858,0.98598265251982065,-9.0899242885049336,23.200401043816917,0.32195691742442722,0.3644821563836634,0.3053342440270176,0.9767441860465116,True,4
0.90809447967400747,0.40320398578055389,0.11309713451838084,-0.40725408217690195,0.913202825805836,0.014307742326647471,-0.097511684099102741,-0.059052051538547555,0.99348091409611172,-10.328961015320905,-1.5552175666262087,-3.0644180200363009,,0.4536633327006354,0.2742857142857143,False,4
0.37483665986090969,0.9259857310521088,0.045253776772856288,-0.90530034583495389,0.37611101153906806,-0.19741274231966738,-0.19982182627388104,0.033029273182281951,0.97927539786191942,9.554816245295541,0.50617005241738777,-2.5312545219943603,0.2588649600885331,0.2389590629529267,0.9432624113475178,True,5
0.97941586680764492,0.20062552150483257,0.022225210152967242,-0.19307851247174021,0.96325589797533417,-0.1867050161014237,-0.058866355986503312,0.17857064466660449,0.98216458752910818,-0.48102019858760092,14.166875508208534,-0.50759812329693599,0.3159448554894636,0.3112331063325147,1.0,True,5
-0.73918294988464017,-0.66770599569883882,-0.088188830968913917,0.66180080080178172,-0.69577960057036536,-0.27912443011722166,0.12501306594897199,-0.26468745859591719,0.95619678027280164,3.822929706809846,-14.356428452009229,-5.2572122931183385,,0.1939808429889767,0.4117647058823529,True,5
-0.97440083637523434,-0.22429822580039563,-0.015274684089606794,0.21868318594706959,-0.92985907196986328,-0.29587120586394239,0.052160082968511316,-0.291637467034225,0.95510570805884021,19.747832801427453,10.055838516753512,-0.84544133205522731,,0.2765734899336725,0.1612903225806452,False,2
-0.10246330280483903,0.96232100922393415,0.25187208417081874,-0.98279029689174702,-0.058809688407094746,-0.17511325730764049,-0.15370264771224773,-0.26548012308963648,0.95178558527147061,-6.1798262488299818,3.2482917747284032,-2.2841071606621401,,0.3494166675606122,0.2833333333333333,False,5
0.98297968566589589,-0.1836917875581659,0.0028748481458650919,0.18236417537853145,0.97374268858077739,-0.13626622462660065,0.022231624022646682,0.13447119996179349,0.99066808330245049,-3.6600475870387008,-7.4739710873337017,-4.0887048849909222,,0.2197519298576759,0.4247104247104247,False,5
-0.59979770541830268,-0.80005865735244464,-0.012200711878522917,0.78179499536732333,-0.58272192722940364,-0.22188226775625192,0.17040920689195899,-0.14262293055975717,0.97499712916756875,-6.6495883564916269,-8.1972525242852292,-4.2007430862656978,0.3245210866224059,0.1855450537352697,0.352112676056338,True,2
0.99980866402682311,0.0061387762627276975,0.018572850155447188,-0.0031187283538668753,0.98736047570783581,-0.15845997773397719,-0.0193108485146384,0.15837173496553586,0.98719070330592773,8.1566494187833936,-17.952447355733213,-5.9658456121329726,,0.3174401517251649,0.9666666666666667,True,3
0.90997696307084475,-0.41463768257444467,-0.0041855548803426262,0.40883604094659781,0.8988387243253384,-0.15793048874840529,0.069246070671729026,0.14200190084112413,0.98744136122305171,14.140870894863621,2.9906778646644181,-2.0686713235337937,0.3673311399397418,0.1856398465014557,0.78,True,5
-0.87580372551324859,-0.48262096093648438,-0.0066964499444335315,0.46925346387085809,-0.84813397085351783,-0.24590639302272138,0.11300009301905642,-0.21850806746888776,0.96927044906398341,19.75533113836094,-8.6933250629280732,-4.0222515879006711,,0.1702194841610712,0.3181818181818182,False,4
0.2169267845056031,-0.92065661417375522,-0.3245522591851373,0.95588841517475509,0.26778090553487921,-0.12070925550932494,0.19804067233463674,-0.28405067401616402,0.93813384263238664,-2.1206862499773851,17.111872496584944,-0.14563830808412792,,0.2878279034087727,0.2903225806451613,False,1
0.98044658320290834,0.19540684860351659,0.023252118281659392,-0.18765337174742142,0.96397561904743656,-0.18851317713607027,-0.059251240979122856,0.18046376201596154,0.98179535598895562,-5.0297670359759268,8.825561873658911,-1.5669706764384213,0.2525119645475063,0.2509392152375122,0.9265536723163842,True,5
0.9606785862624444,-0.27738418450343144,0.012436562393116768,0.27507940536074243,0.9446893484186597,-0.1785871096431916,0.037788551747480095,0.17498585420454774,0.98384550422570594,0.12674609573181872,18.424108766805887,0.018845299559611582,0.3243705349335237,0.3028417462323857,0.9178082191780822,True,5
0.57458357950722938,-0.81839184605964443,-0.0094072559095092247,0.80288820764846103,0.56585462733508429,-0.18756083477772173,0.15882139710914875,0.10021640098587116,0.98220793969186471,-2.1678719008992768,-7.090704504417622,-4.0385162175002538,,0.1102253965912842,0.6170212765957447,False,5
0.86943544391374949,-0.49401285166213071,0.0057715906950078482,0.48684343559174903,0.85471312416492895,-0.18013590591952941,0.084056398255716619,0.15942640237073849,0.98362479845691142,-2.0108839449612836,-11.918090802486214,-4.8272524383218656,,0.2693568949243437,0.9851485148514851,True,5
-0.59758840003502556,-0.78816105796621405,-0.14727610413491138,0.78525610131278578,-0.53817448117792033,-0.30617165636276872,0.16205233566543653,-0.29861408961141678,0.94051510673190275,8.7209125571191262,0.25490227451646191,-2.5682905804776799,,0.1394872156000755,0.2083333333333333,False,4
-0.66387515370063033,0.65140125023433104,0.36735023001505657,-0.73425420167010014,-0.47453696460322681,-0.48547444480112423,-0.14191739720262789,-0.59202287153310751,0.79332740527031154,-6.6587202054944195,0.71230315661551746,-2.6832220332168268,,0.7642272180318626,0.3326271186440678,False,1
0.92161482640902026,-0.37065068736171447,-0.11508335979349413,0.37274078125620885,0.92792853912910256,-0.0035967010216998163,0.10812225363717361,-0.039581488451257411,0.99334932628980055,14.548872741658242,16.529906978596941,0.042517714861181569,,0.269730942248037,0.1333333333333333,False,3
0.58468187594950927,-0.81071293421294655,-0.029860379033051075,0.79629519680121019,0.58054353756326638,-0.16995046497391833,0.15511629020668738,0.075589280280759813,0.98500010011123951,-18.04215016697994,18.036791135827144,-0.24140891277335755,0.2823719988224764,0.2639997058414169,0.9642857142857143,True,5
-0.31415851682617629,0.94106523147400878,0.12530226022042876,-0.9315388822623677,-0.2801005715144545,-0.23190295528659371,-0.18313857359649,-0.1895782159111298,0.96463483397241911,15.303687946128367,10.473692424446266,-0.8474680378382613,,0.2416814473151701,0.28,False,5
0.94062155771062184,-0.33944237260452825,0.003156081534409964,0.33548708410159972,0.92816301020761893,-0.16112679132701038,0.051763902200756495,0.15261815803809287,0.98692866827649239,-10.0653690564392,27.224922836837251,1.0293363497938148,,0.3505946598080391,0.9433962264150944,True,1
0.79814248576950075,0.6015003739504754,0.034144875854511994,-0.58848540476282007,0.7905042078623139,-0.16967034429479885,-0.12904844358155554,0.11532734926899908,0.98490918450371034,17.336151659351323,-16.316952482640772,-5.6201840935933651,,0.2682702733675577,0.6071428571428571,True,4
0.90478620813923627,0.42496943698996825,0.027620557298013305,-0.41286763334957266,0.89122485740908197,-0.18777265740380214,-0.10441376773848521,0.15849047656118692,0.98182408503054286,0.99969605847839837,8.1416351761884869,-1.4032247045503583,0.4060896806606846,0.3572760125678944,0.9946808510638298,True,5
-0.051071355542916572,-0.99864615297704151,-0.009878146949933591,0.97708617328264991,-0.047917456644594368,-0.2073801517228227,0.20662605504358963,-0.02024298626361452,0.97821055754078567,2.4569517528191378,-7.6820825683657361,-4.0556850247650491,,0.3393606031510907,1.0,True,5
0.18939183497752393,0.93619170253235429,0.29610104517447838,-0.94626105978445885,0.254530415777249,-0.19951008540886914,-0.26214640867164257,-0.2424033076379794,0.93408773510132748,-11.676584812604597,-3.356154400022537,-3.275859715445169,,0.439392025030132,0.3617021276595745,False,6
0.82926402180903391,-0.55717913685355747,-0.043273451309429029,0.55107369033230125,0.82813765201282197,-0.10249788847692612,0.092946059392767691,0.061150950718807433,0.99379152304169971,-2.1121778767835138,-5.8437592685209516,-3.8082400716219609,,0.2183178162048431,0.2307692307692308,False,5
0.98885524187420781,0.14716184651951586,0.022554413024262046,-0.14052383307941468,0.97262029956937879,-0.18510214802168479,-0.04917685384986914,0.1798697967823929,0.98246042833840896,17.917226895056558,-12.552084627149295,-4.8580515831399715,0.304559750904721,0.2706418196380412,1.0,True,5
0.97304825678331019,-0.23035847746720597,0.010585926031822292,0.22883301672410081,0.95889317064984658,-0.16780744243933673,0.028505094771072579,0.16570714872954243,0.98576295346904619,-22.672258255806629,5.8645314141105649,-2.107049111692707,,0.2807314383669064,0.6190476190476191,True,1
0.95696787372295722,0.28849754037768466,0.031331419664435436,-0.28175636570862911,0.9495580612210176,-0.13766930940790129,-0.069468259261537338,0.12291727936384396,0.98998257731586548,-16.339068144730831,14.793715350316488,-0.77216678907605474,0.2660994023541836,0.1755807165645576,0.4285714285714285,True,4
0.72746576997313173,-0.68601442033521109,-0.013332989520068953,0.67356008091545716,0.71769367262945927,-0.17672750115587882,0.13080661647852898,0.11958263820380639,0.98416950863438979,-8.6109999558417112,-4.7126913230184986,-3.5589315565940232,0.2549783915622383,0.2454490818793663,0.940677966101695,True,5
0.97359946113386331,-0.22826094411951048,-0.0010152189514818187,0.22520975973000373,0.96129130315146982,-0.15874380179302158,0.0372109312192496,0.15432424266789013,0.98731928712183958,20.550989790710116,-1.9663616726567115,-2.7612622365956492,0.1707309049417366,0.2098304915906306,0.9411764705882353,True,4
-0.73859807708780656,-0.67359973357547243,-0.02713446976168683,0.65654872715822388,-0.70959904344551994,-0.25575958712846009,0.15302499596180918,-0.20671864083400063,0.9663595366853025,-12.860737983317261,-20.75434469305063,-6.5093937409983313,,0.1750891929960365,0.6571428571428571,True,4
0.41984201038643248,0.90689003878540608,0.035820997564041127,-0.88640123743828914,0.41819742786798692,-0.19850379742581814,-0.19500136559149814,0.05158845681355663,0.97944530145437259,4.9544153778386359,11.013687976029273,-0.90108023151521055,0.2936143255815843,0.2584094831917801,0.9776119402985075,True,5
0.47777497219067278,-0.77243787537217701,-0.41841463243858762,0.86159210647136075,0.50497247589865712,0.0515930290933104,0.17143546311788857,-0.38515260258149192,0.90678958678971266,-11.152550023411463,-4.9546181936509379,-3.5735829162721107,,0.3834709769846172,0.1857142857142857,False,2
0.47009067166787022,-0.88198472281986839,-0.033432157022988122,0.86536354434862151,0.46802309825550942,-0.17916560945590151,0.17366835210607975,0.055293111792275459,0.98325071841574796,-16.548312429900488,-0.54669216437193058,-2.8507293581186905,,0.1927582421794907,0.7272727272727273,False,1
0.68741995843943482,-0.72511549784812313,-0.040759238456968501,0.71325381354186246,0.68461887041940805,-0.15021983801629465,0.1368312764214151,0.074192432539445061,0.98781206954904344,-17.989271443136193,6.8327685854405562,-2.0261784725219174,0.2908576241366842,0.2879713421817703,0.9824561403508771,True,3
0.90838621399501196,0.41644990905275225,0.037469447203858461,-0.40473510166537136,0.89824572333021213,-0.17130124926253773,-0.10499516038241974,0.14044249274681356,0.98450592813214255,17.15734155057217,1.1852623448030868,-2.3370090303971001,0.2062413851031828,0.2046146079985598,0.5555555555555556,True,2
-0.0093156121644159193,-0.96305544011346755,-0.26914204175092638,0.97224203540591003,0.05420550662538192,-0.22761192332841265,0.23379188172341592,-0.26379155088694728,0.93581802382775447,9.1766718245745107,13.152201689098117,-0.57341908440968803,,0.3325834420255383,0.3125,False,4
-0.92889930023141554,0.36447886067317675,0.065583916869691186,-0.35764233705816556,-0.83692720592441938,-0.41430038707092653,-0.09611476875673737,-0.40829892493849285,0.90777416746727879,-10.745706075077239,-0.91881863822615983,-2.9525449680889491,,0.2621583662199082,0.2380952380952381,False,3
0.93893560918942254,-0.34139884936274878,-0.042973799574624945,0.34016234342065799,0.93976582896301497,-0.033612004284557018,0.051860407968461378,0.016941439350003994,0.99851063375313942,15.751718540848326,6.3685125071731896,-1.4904276282678051,,0.228000290528733,0.4210526315789473,False,3
0.4537189745282571,-0.88713687857444423,-0.084423046771712321,0.87692134523583665,0.46132757797490342,-0.1348548110731714,0.15858135584865568,-0.012846185153636612,0.98726234056820017,8.0807035133325495,19.027398415644949,0.26294859715643243,,0.2503081302657976,0.1111111111111111,False,2
-0.92395366584725913,0.3681104097313988,0.10394397344143043,-0.3798320917384172,-0.85090631997652688,-0.36288567994565912,-0.045135412405668415,-0.374770811125128,0.92601816055387587,-6.2564092811217291,1.5241276760265492,-2.5567307975642017,,0.2499080390515915,0.3170731707317073,False,3
0.69988700536953974,0.68830295363274285,0.19078056435418048,-0.68796178723698065,0.72143511346198363,-0.07899339444405562,-0.19200718480451923,-0.075963287741756855,0.97844919127101637,-10.799861439655958,0.91477694695062872,-2.6506444455072899,,0.6711136547042342,0.4181818181818182,False,2
0.93218534505573503,-0.35880012133796702,-0.047884813784548189,0.36043572041895566,0.93225918983503842,0.031287288380219686,0.033415174837025802,-0.046424949068134443,0.99836273477861381,-11.934261348267041,-2.4654696222503003,-3.1342071247509584,,0.2511014250351306,0.3043478260869565,False,3
-0.4107485682653752,0.81616061199467271,0.40640800815981087,-0.89399321423250344,-0.27298541156885164,-0.35532393386432837,-0.17905794194668176,-0.50927479860981273,0.84177041580632472,8.155907744732799,12.813679301493215,-0.65149614521749366,,0.5036966168896605,0.25,False,2
-0.52996236677753605,0.8067885083804317,0.26121292568483306,-0.83303427241528816,-0.43763010185535672,-0.3384284192138739,-0.15872552025771952,-0.39695364552469842,0.90400996262406763,-9.5096513653660573,-1.0057676032182123,-2.9946379541423136,,0.3272787501443185,0.1123595505617977,False,2
0.95247574844829341,0.2982100227974368,0.062134780284595459,-0.2883197009238308,0.94839119388438875,-0.13200717185720065,-0.098293940184812634,0.10781894854660722,0.98929943680224963,17.712624551614407,-2.2240380768382693,-2.8861053220273165,,0.1248714837971548,0.6956521739130435,False,2
0.057805047103152055,-0.99435529333036177,-0.088972620256406856,0.98308479354669753,0.072210301128036156,-0.16831506500680218,0.1737897155376234,-0.07773816975519017,0.98170968811378423,16.122644382405959,12.917533902803683,-0.45130679841338239,0.1143556902648102,0.1937041012913586,0.2666666666666667,True,3
0.80047416493680557,-0.53328200438990192,-0.27358986652032963,0.58947513877883717,0.78304933301999269,0.19837540880516144,0.10844432687049023,-0.32006881424286387,0.94116724449949529,-4.5870176029096736,-5.1030750088015271,-3.6941729780030585,,0.7041799082652445,0.2993348115299335,False,1
0.024934318165348461,0.99395767145113534,0.10689446730803157,-0.97589653324805403,0.047390961312759834,-0.21302594485246218,-0.21680460366897406,-0.099006283382880117,0.97118150707200446,21.061566448308927,-15.801722519186718,-5.4785102941728141,,0.2085729976361015,0.8378378378378378,True,3
0.66326573409718126,-0.7482624162391559,-0.013487861819689237,0.73789333294868154,0.65686912285887011,-0.15503672024557513,0.12486791085948908,0.092877940753218979,0.98781662921770441,4.5083690517199466,26.81974835538886,1.1661174349229353,,0.2321519020151175,0.52,True,2
0.69142624621781767,0.72171580043210615,0.032496914434802321,-0.70422995694079915,0.68334681725542057,-0.19260658112860002,-0.16121387591736278,0.11028794473346572,0.98073781178160446,-15.975722615857329,10.578249004764951,-1.468963178904892,0.177870063446743,0.2194360229396607,0.975609756097561,True,3
0.92882461577537878,0.36950592472291521,0.027389865358979248,-0.35868763100854939,0.91523572611660942,-0.1835395025635565,-0.092887116927992369,0.16065160202894416,0.98263067643664526,15.188863457664615,-7.7701104231733833,-3.8763682811259974,0.2792157929332193,0.268292556554861,0.9538461538461539,True,3
0.98706055565318229,0.1583886255755016,0.024990053259923962,-0.15155707775261662,0.97244062671402209,-0.17717132865993573,-0.052363266291530014,0.17109141066793249,0.98386270258554787,25.432169454718508,-3.7373649350983853,-3.0800791222328012,,0.11458131960867,0.3888888888888889,False,1
0.93968966153029765,-0.3387556435123677,-0.047201207628583472,0.3380034997791328,0.94085539499464588,-0.023340090970843219,0.052316098384080439,0.0059782688122153958,0.99861268074858567,-5.6953814811819132,-5.7673783246093233,-3.7786477268660379,,0.2303225300907708,0.2,False,1
0.99557534207466103,-0.093173717423653088,0.01218181572584872,0.093924801170943567,0.98286345428647925,-0.15861135505709684,0.0028053480924836137,0.15905372868784615,0.98726594259731892,-20.104346908093085,14.003369229183269,-0.82630192155194759,0.2927084228830845,0.2933486506821901,0.9841269841269841,True,2
-0.59689032532808028,0.77727370028154463,0.19891589775674795,-0.78730083363130832,-0.51967721403218747,-0.33180263799311593,-0.15452940462314896,-0.35465643666283408,0.9221385335406147,-11.591167359139606,0.170137598557353,-2.7898646782562211,,0.273576938553511,0.3396226415094339,False,1
0.86693248161373704,-0.49803491089700158,-0.019730682980158867,0.4909148105962583,0.86004568761184008,-0.13901102099300489,0.086201630264674339,0.11082708490298553,0.99009425621585101,14.759835867183019,4.3110950090190903,-1.8114070646625913,,0.08304518618708862,0.3571428571428572,False,1
0.33497470635324206,0.91151874243915509,0.2385907129074816,-0.92035454685561568,0.37077866332607906,-0.12438123212253875,-0.20184016990122147,-0.17792348075582173,0.96312189301769002,8.7203182312996823,12.083916323477347,-0.74010532123680217,,0.376542840996608,0.1458333333333333,False,1
-0.90031574974990414,-0.43518544643352169,0.0067214555511111024,0.42167504838682501,-0.87598238624275993,-0.23419012054399435,0.10780400883194535,-0.20801078386684188,0.9721675830199572,17.856271833688389,5.8031279307171664,-1.5931958209300796,,0.123463586207814,0.5172413793103449,False,1
0.63971262505484106,-0.7559852393048403,-0.13875905483479747,0.7544847237067055,0.65209152077873922,-0.074360273141553995,0.14669887197473463,-0.057122381617657279,0.98753049293663131,-2.7123086640620828,14.149139491256763,-0.55831421307161466,,0.3195410823952615,0.2807017543859649,False,1
0.27998888214537221,0.88691275488355337,0.36741256252318194,-0.93798092912095932,0.33424325193920096,-0.092050122968360487,-0.20444559785030172,-0.31885296573495131,0.92549164434999576,0.74457519842206721,19.139882145629308,0.11878299212567678,,0.2990074332624788,0.3461538461538461,False,1
