axis_00,axis_01,axis_02,axis_10,axis_11,axis_12,axis_20,axis_21,axis_22,location_x,location_y,location_z,dbh,dbh_approximation,score,reconstructed,number_clusters
0.92886746970209955,-0.37018333420165583,0.013020092494476568,0.3703580006841366,0.92875902892227402,-0.015544051100154374,-0.0063383797983921839,0.019260458839297424,0.9997944086995243,25.461380182953132,15.109195473932189,-2.1338495128986112,,0.2320755006995351,0.7777777777777778,False,2
0.17498860025788826,-0.94969648211254365,-0.25972212389945526,0.97482754505274638,0.20413883056951798,-0.089658213567669731,0.13816746066357738,-0.23749511514296187,0.96151225842264221,6.8843116597929397,1.7409947139276389,-2.2114206645664711,,0.8064962741273055,0.26953125,False,2
0.35067757598398708,0.93606089841441675,0.028552270690608603,-0.9276147612125637,0.35137933365520252,-0.12674154275763369,-0.12867048022974886,0.017959909231972465,0.99152475974018184,-10.373677244165464,-22.917604550035268,-4.1789482221488212,0.3518163985174417,0.3008728259051545,0.935064935064935,True,4
0.96990694719605597,0.24288292956599494,0.016982235019816452,-0.24142460322234127,0.96842808849855377,-0.062138541711032766,-0.031538464448408465,0.056168673942674829,0.99792304579449354,-8.4246489874302455,15.497564780221715,-0.10905409183322083,0.3185435095426862,0.2666938697668457,0.9534883720930233,True,5
-0.80243155535301169,0.59662362970741367,0.011993475246782018,-0.59056169439008921,-0.79107212430714857,-0.15950479385673766,-0.085676625125242656,-0.13507456688408886,0.98712429677737223,10.972758156165922,-17.213036047608309,-4.256055817502852,,0.3213302714059826,1.0,True,4
0.48531594198027522,0.8740092740365244,0.024004694498069794,-0.86586075812992758,0.48424291098733735,-0.12567398572965222,-0.12146433217395687,0.04020686579002581,0.99178113712294269,12.239672277111184,-0.20471437703639023,-2.5575973380881334,0.373192218087593,0.298937435323252,1.0,True,5
0.70169930448018547,0.71011223600038686,0.057954278311041836,-0.70626279084162269,0.70399445210113121,-0.074730727839555283,-0.093866694650581367,0.011507549407145479,0.99551826700569157,-16.812345922870708,-10.439681275355602,-2.3763669783282468,,0.2348689063090136,0.8035714285714286,True,5
0.97821126483072307,-0.20706111167710675,-0.015113483692280605,0.20753312668808038,0.97725124968640487,0.04370350458977694,0.0057203745808515963,-0.045887809028109301,0.99893022093500283,6.5476392449820082,-3.942010299212519,-2.7916513682638588,,0.3077390860943532,0.3392857142857143,False,3
0.34955625642347832,0.93675863586162267,0.017137144857785117,-0.92802270965255051,0.34869466334018911,-0.13109493555134819,-0.12877994395224562,0.029921395300776379,0.99122168869477056,14.285831694037183,4.8752961363732865,-2.3446662681086039,0.2427187860826967,0.2586687483632401,0.935064935064935,True,5
-0.5945548082142279,-0.77763229728751049,-0.20443236105052537,0.78788906644051615,-0.51272803626962471,-0.34108764241260286,0.16042256391429444,-0.36386531991719695,0.91753290401419429,-5.0714661214691503,4.8532799366351691,-1.3633632539172964,,0.3688270120149648,0.2,False,9
0.70992931626675082,-0.69999758015002711,-0.07748389309481804,0.70009090146945729,0.71340149202711722,-0.030512962051641251,0.076636124541271333,-0.032583722279519153,0.99652657037216263,5.5327267865003389,-0.20249014741196186,-2.3546234570238758,,0.59715471738033,0.3395833333333333,False,2
0.99760614514014301,0.069131075676155229,-0.0016951561818593502,-0.068899468241555947,0.99157397735035624,-0.1096991828484883,-0.0059027497536349172,0.10955337428602066,0.99396338751882218,-12.698395179749534,-1.4840939457507532,-1.718880667453027,0.1803606142215521,0.270421858012079,0.9724770642201835,True,5
0.93526772614228537,0.35376103428592337,0.011287650667646844,-0.35062179736056609,0.93038283756687823,-0.10701462879743132,-0.048359442224732353,0.096129632174265706,0.99419337061044366,-6.2738134372019259,-17.957473432957396,-3.7260724100865459,,0.352501039479802,1.0,True,5
0.72662100211086489,0.65633320037254994,0.20309763509240614,-0.68113254335384665,0.72685709555618516,0.08796147465763747,-0.089890920986060163,-0.20225106360252407,0.97519953322175279,-4.6163191052002039,1.7947235367179892,-1.7554666239607339,0.4668664595210292,0.5059439075551972,0.3576642335766423,True,5
0.9086851887600591,0.4156761688444266,0.03878853416815832,-0.41457909387188074,0.90940112710894316,-0.033373116985881149,-0.049146746102514891,0.014244741759773418,0.99868998426925792,-4.300956147302359,-0.62987983685378712,-1.9894172337345519,,0.1765649443199538,0.1398963730569948,False,5
0.45354085963003216,0.80172965310335442,0.38926886849686221,-0.88507756779210123,0.45642885360569618,0.091161398559970519,-0.10458674694850748,-0.38587856241435076,0.91660206601979877,1.8621606797133197,-6.3928249388012546,-2.7701754820305537,,0.6134773856560441,0.266173752310536,False,3
0.85739302801013528,-0.47489491646308735,-0.19837342018811094,0.51068931576088239,0.83283630681254983,0.21349498547393203,0.063824903347309489,-0.28435629828148673,0.95659180288164525,-9.2673099695696592,2.3314894284795296,-1.3704674428898653,,0.1913785807475294,0.3076923076923077,False,3
0.82390056349727725,-0.56275940095489507,-0.067005358783877783,0.55857128334237538,0.82633246025484441,-0.07192208669406075,0.095843533397516001,0.021829378508409807,0.99515702044441989,13.453082833473211,-0.65782218438067563,-2.6412290796406124,,0.3674057809800185,0.4333333333333333,False,6
0.96497786315312928,0.26231892602222867,0.0025504264279286315,-0.25999023546835859,0.95761699643407694,-0.12399502248753563,-0.034968572826571565,0.11898936587410452,0.99227956228239955,-7.5681148330240102,-10.004572993120174,-2.820111690514044,0.3716770928191239,0.2704663517248019,0.985781990521327,True,5
0.85950966321726519,0.51085633096376937,0.016399632629309203,-0.50644892733739488,0.85554472197499565,-0.10748354618046005,-0.068939269179059182,0.084077570225123716,0.99407159669215661,-1.2903920273959946,-12.709764883457659,-3.3129278455782347,0.351496981124428,0.2924662214630653,0.9810606060606061,True,5
0.60099281664506143,0.79863340504710312,0.031501090201868427,-0.7916780056410001,0.60024718596850246,-0.11379477633522528,-0.10978875044978589,0.043451122882669356,0.99300474832445329,0.13288951000237836,16.45127339011972,-0.34905877832385768,0.325190720965355,0.2874324700573873,0.8292682926829268,True,5
0.52448800353819736,0.85089952401597468,0.029704110387333275,-0.84319906526263855,0.52394471273101062,-0.12040462757481867,-0.11801555187655549,0.038104304620419187,0.99228039962737624,5.2826164103361348,3.7991078780544636,-1.9656298478551781,0.3272839698588916,0.2906888743194534,0.9791666666666666,True,5
-0.93898799571825842,0.34393772454943589,0.0028957777478416658,-0.340450149298405,-0.92820266752995373,-0.15011163789984011,-0.048941186537539323,-0.14193889397214349,0.98866481207650081,7.2846062592564271,-7.5795239733888833,-3.1250598988003881,0.29840076635338,0.2390936749822278,0.9898477157360406,True,5
0.24501962539634012,0.96847645287340467,0.044930428446491505,-0.96010904889853887,0.24882182206239609,-0.12758650041713876,-0.13474419243062186,-0.011876914384527485,0.99080923568107793,18.118910076686426,3.3753498168194485,-2.7498303529892141,0.2921278885793628,0.2493969731718694,0.8571428571428571,True,2
0.99570062349150579,0.092132424045208827,-0.0095856568987203322,-0.087536829768476571,0.96974465036955859,0.22788728905690803,0.030291447847716216,-0.22606841778358999,0.97364033332032451,-13.765135065114556,1.797739208689503,-1.3799100136320328,,0.4140456879109899,0.3409090909090909,False,4
0.1425383397637589,0.98897769422644233,0.040074206416871774,-0.98043575223060275,0.14662854549418916,-0.13132328580367109,-0.13575182299109445,-0.020571581582593212,0.9905292790149044,9.9644341426806768,10.415335441497554,-1.6257029230432993,0.2635801470934947,0.2655350896274521,0.8863636363636364,True,5
0.60343395554485446,0.7958431293832825,0.050011745709510273,-0.79031315535381597,0.60523443332080906,-0.09537503445625875,-0.10617239646058729,0.018027593745731294,0.99418430288028226,8.9534849180772884,24.829767723264595,0.23829739245528883,0.2879724530436104,0.2541425900600943,1.0,True,5
0.73667129106842577,0.64233118615205131,0.2114853569684591,-0.66548084992682544,0.74416841563893321,0.057867154294206316,-0.12021084516901115,-0.183368526366817,0.97566661121605114,0.31838767423790698,-15.557030632678583,-3.6618490442023388,,0.3938731826727437,0.3260869565217391,False,6
0.4283991004355906,0.89611968320084512,0.11594707467630816,-0.89488936390189233,0.43853058876695167,-0.082848953469414136,-0.12508891686014012,-0.068267386765039489,0.9897940830208215,21.905387816655349,-3.0688128586925227,-3.4558350921677019,,0.1673633856149912,0.5294117647058824,False,1
0.93303542575091925,0.35957672109575212,0.012226035327476625,-0.35664593935503963,0.92884066779893493,-0.10029300964868264,-0.047419070376404679,0.08921656510344389,0.99488282539994644,-6.9716861592041228,2.6608108087954445,-1.48139799533921,0.2251700498441719,0.1952971106817204,0.8864628820960698,True,5
0.72504438412112915,0.6878793205573136,0.033655332475273629,-0.68270001997978336,0.72430447017432342,-0.096455778495104297,-0.09072664313208284,0.046958224360611395,0.99476811438188062,4.7054224595605341,16.219077322417398,-0.63488479063449066,0.2739382663606549,0.2575228969594452,0.8709677419354839,True,5
0.65388301819973349,-0.71320793399596583,-0.25253008017900103,0.73830997229387352,0.67442542758773749,0.0069805038870383584,0.16533415654796296,-0.19100990945053944,0.96756386413004769,-3.7964162671524182,2.0080423244013512,-1.737695037917804,,0.6162365516632704,0.2316176470588235,False,2
0.88903374111851186,0.44874737051116803,0.090800906449964955,-0.45474680077366725,0.88850495017842068,0.061353897142374603,-0.053144654848228244,-0.095837106424156299,0.99397731095498709,8.5294816758183956,-3.7541746162468308,-2.7846762115007047,,0.2516883391605272,0.3170731707317073,False,5
0.76691109152983417,0.64156611184973122,0.015501671346525293,-0.63575578586160386,0.76281683424867175,-0.11800448351790763,-0.087532613533539486,0.080643670011054408,0.99289205861218144,-3.1283544360121907,4.4080802437077464,-1.5018922964874033,0.248415065118419,0.2257726225174561,0.9149560117302052,True,5
0.77373706391911967,0.63349383520118241,0.0040640718394819517,-0.6276224719607465,0.76740669473626533,-0.13106104518064085,-0.086145160094467224,0.098856085478118458,0.99136596963797396,8.0517613595254538,-1.352787566000976,-2.5525019983154031,0.3298026273520407,0.2855979618156989,0.9903846153846154,True,5
0.32483327302533388,0.9454504575701953,0.024632844252277093,-0.93654121116011146,0.32518387124817277,-0.13094277253366612,-0.13181010786127342,0.01946489559077659,0.99108385785726483,-4.6341248935820119,9.0453972094033244,-0.89775170522135372,0.2888887237524877,0.2618563082223853,0.9206349206349206,True,5
0.31942819436959696,0.9468112516596161,0.038911211398889402,-0.93833083833942166,0.32176587320812144,-0.12649885635788358,-0.13229084043506725,0.0038957116634954075,0.991203287407592,-4.8392071040301179,21.630933028086041,0.31996656521738803,0.2997578339035136,0.2960110581536607,0.8837209302325582,True,5
0.80103798510069757,0.59834221945371968,0.018020400800561893,-0.59361061408039417,0.7978671522966706,-0.10504497197439051,-0.077230727543599526,0.073447911510128611,0.99430418837390389,-0.53297588131546492,20.544131514589981,0.062384172280986333,0.2059378615899772,0.2444885828408415,0.8888888888888888,True,4
0.56028627597222869,0.82682627392109631,0.049372074201190816,-0.82067182099553593,0.56221038204110796,-0.10206492320607778,-0.11214745285133756,0.016667305689506834,0.99355178513251596,2.3004919723926687,13.398303903542871,-0.84416235626834335,0.2631265834534142,0.2512229147467429,0.7830188679245284,True,5
0.060895022495780854,0.99804545449715698,0.014038055164505351,-0.98846384256691644,0.062252464813893169,-0.13807194705095469,-0.13867598268296133,-0.0054682156283691469,0.9903227102539639,-1.4061350397408314,11.345649259895497,-0.86938756780314563,0.234050841969827,0.2275555051696518,0.9596774193548387,True,5
0.23008581229028935,0.97290767521157007,0.022609168430850604,-0.96374550081726496,0.23102152041313595,-0.13350530611358205,-0.13511154146554596,0.0089281924497552623,0.99079016887653004,2.0840581501294095,24.437641852121494,0.53918661981258564,0.3232789843266065,0.2609556268050716,0.4545454545454545,True,5
0.5278162670315969,0.82592170098401574,0.19814977189111507,-0.84049053947546026,0.54151709403458903,-0.018299997830182865,-0.12241585399400173,-0.15688397213228919,0.98000090713167964,-7.0568488067466166,4.6743295736254256,-1.21825629788756,,0.3634428162707934,0.1428571428571428,False,7
0.43821717125441767,-0.89665546674732544,-0.063045101077823018,0.8923651560947744,0.44239712328189251,-0.089270451437506518,0.10793580965428687,-0.017139406758773366,0.9940101114828922,-0.30648391427103455,-15.287970041660209,-3.60519662362652,,0.1012598123070215,0.2258064516129032,False,4
0.9088331626710483,0.41665838671367894,0.020446789735688892,-0.41224980973286962,0.90455468546913465,-0.10877001135905581,-0.06381517691391228,0.090424608249030758,0.99385663625014664,12.957811159205949,10.114055449419654,-1.7872194632792193,0.3097225267142788,0.2609050830660906,0.9906542056074766,True,5
0.89103519777465823,0.45381783542705628,0.010278549264143805,-0.44993113101451399,0.88595153948941219,-0.11248042949926816,-0.060151921587549506,0.09559938244905436,0.99360077717596573,3.5079590083860399,-19.201248395822649,-4.1162224265588083,0.3349666542755065,0.286906910449325,0.990990990990991,True,5
0.90694428846734665,-0.41178876533831715,-0.088781024760939548,0.41917015845348221,0.90311476332112539,0.093167067859357772,0.041814302320386736,-0.12171169628499984,0.99168433844086035,-8.346050496633806,2.4341620389785117,-1.3594505354259678,0.4383505756478933,0.4348160000715426,0.3137254901960784,True,6
0.79671043018486076,0.60401637199959257,0.020413544305295593,-0.59868465579909813,0.79339543679661317,-0.11000165353769722,-0.082638812584463026,0.075418188965009236,0.99372175352453085,-5.094128370775687,-1.6480244587291817,-2.0921379141418948,0.3979322579057314,0.3316185712953973,0.9949392712550608,True,5
-0.71172114059251557,0.65761680513110066,0.24696792431984493,-0.69284416497013968,-0.59918312535763218,-0.40118143695027841,-0.11584464208809436,-0.45663959519058811,0.88207726362471039,-9.8983686420862966,0.83344218074529908,-1.5150237132515263,,0.1842130289236226,0.24,False,2
0.58553114401198347,0.81056788568377969,0.011531786077874806,-0.80302348755243436,0.58191059630587494,-0.12858202186179668,-0.11093492611050994,0.066028483286148007,0.99163182762746549,3.0551667381051337,-5.1077619169247024,-2.7330412866881768,0.4206307313013267,0.344549585651596,1.0,True,5
-0.65606021301804318,0.72471272485870752,0.21065721758958666,-0.74563730134949713,-0.57926637774065237,-0.32935615745794466,-0.11666195494229628,-0.3731513500539565,0.92040646359201017,2.0904177418956702,-6.1513320606214625,-2.7419316657466561,,0.3513262464946192,0.1881918819188192,False,6
0.99932012910755574,0.03195354166341715,-0.018391594156631635,-0.03049267258593116,0.99672684987142302,0.074871781493142608,0.020723814297208515,-0.074260069489288427,0.99702355318238123,6.8740942960684954,2.2759520493649319,-2.1859512492679807,0.5264590888031155,0.26126620363286,0.18,True,6
0.84545471965999963,-0.52232187340392899,-0.111293205401051,0.52641898295727463,0.85017812107834601,0.0089563844223801148,0.089940932766228651,-0.066159073478266855,0.99374725439099298,12.316425070161598,-7.929048115578663,-3.3627422142384824,,0.2534677348980354,0.2,False,7
-0.99371512683517715,0.065610608508232249,0.090694513340816102,-0.10064905797560902,-0.87829565764734929,-0.46740400606588006,0.048989935982510488,-0.47359474850233524,0.87937932677738084,-0.87015169442749252,-15.450552838430241,-3.6088237599856923,,0.4510516688838305,0.6363636363636364,False,4
-0.59928587533878663,-0.79928415298780076,-0.044735694942615686,0.79289537349514227,-0.58493728540427115,-0.17077850811469791,0.11033297924656935,-0.13781587327465877,0.98429336011380242,13.349109082972115,2.3372358612242827,-2.3978432525864779,,0.09277755898106171,0.1,False,1
0.8385859683379594,0.54330443790106853,0.039923194557656118,-0.54213260002319563,0.83948474679024154,-0.036845676796764565,-0.053533332595442171,0.0092546022889083285,0.99852317681548941,-13.258136315665922,-7.111640665620496,-2.2502274404259826,,0.2690657710689989,0.4090909090909091,True,6
-0.78384424263563435,0.61456485626295054,0.088872046974671326,-0.6152811145746282,-0.74937552186219336,-0.2446742268437137,-0.08376964447084978,-0.24646777614987456,0.96552383812361819,-11.315859694699848,-7.840657373756045,-2.3679894231407186,,0.1587667055924949,0.1724137931034483,False,5
0.24093257834686382,0.96979049414179919,0.038182327893097057,-0.96141844451717973,0.24386456676792143,-0.12729747686918153,-0.13276319984580875,-0.006039084971884115,0.99112938722419208,2.9867334619602426,-22.643655412598875,-4.5657593819727351,,0.2726121281142748,0.9772727272727273,True,2
-0.95528329697299275,0.28719584767477296,0.070373060206147753,-0.29169304329644191,-0.87627701333375974,-0.38347589806313381,-0.048466390590486561,-0.38685545230904461,0.92086582518947635,-4.0604075803219501,0.86698828169449393,-1.840551569056351,,0.5549136191050771,0.38544474393531,False,5
0.91853186296467804,0.39505810055528529,0.015110059704932718,-0.39126408719180011,0.91386034674362404,-0.10849737657468696,-0.05667125190609406,0.093746273714063411,0.9939818938854581,3.5714325831304192,-13.832078574098237,-3.5210520625566395,,0.2621718588163183,0.9548872180451128,True,8
-0.50175597963655416,0.83329092267408778,0.23209303110591331,-0.85468135475632345,-0.43624828610484617,-0.28143776346197935,-0.13326934655373093,-0.33957866696768951,0.93108840085654021,6.8346593514164624,1.3173698473650322,-2.2773201881162226,,0.6760908794002718,0.5819209039548022,False,7
0.6057402618303932,0.79425412940405915,0.047319267980882429,-0.78754088383363063,0.60697163568917745,-0.10660576794596165,-0.11339352489534167,0.02730954766019239,0.99317475658536791,-7.1086292952115731,6.1195259898407439,-1.036481710919579,0.1933106014509636,0.1783500004171462,0.8861788617886179,True,5
0.49571793166946143,0.78983439644603159,0.36114451181221541,-0.85908829404006293,0.50694920470826044,0.070496857298719351,-0.12740108031207958,-0.34520157884400599,0.92984129543644156,-11.242535207291892,-3.8918133852147774,-2.0096938238412019,,0.4239406090855463,0.3047619047619048,False,3
0.58190801709760998,0.81231866881640513,0.039005639718789356,-0.80554735414426382,0.5823174052225164,-0.10954405417955229,-0.11169834317797578,0.032323673480281243,0.99321632098150514,-15.703680381409807,-24.90974095717738,-4.1208374179929876,,0.3090062929313179,0.86,True,2
0.38859280497823562,0.91961947572437952,0.057407767658771675,-0.91252271605119728,0.39272959842219535,-0.11430553448406024,-0.1276633252335706,-0.007967583796721002,0.99178555797044587,16.32321199021963,12.632864231444151,-1.6205483106664069,0.3707266720135545,0.3289271014331375,0.9836065573770492,True,1
-0.43566828370457661,0.89983943524206678,0.02195762640057583,-0.89104842796601968,-0.42770304499613593,-0.15199606679226649,-0.12738071122895472,-0.085785174035331174,0.98813716574296184,-0.64237457798964082,-15.961659945930007,-3.646783496644852,0.2388506969446352,0.2375585758276445,0.8970588235294118,True,5
0.82549616865517306,0.56390997936684772,0.023698327074107173,-0.55930965486950557,0.82294908984765924,-0.099636868119506811,-0.075688740941997068,0.068995149752650115,0.99474161660464588,6.8095315463593682,-18.147041481658849,-4.2712350530649381,,0.2012547302769223,0.8947368421052632,True,5
0.719069614552026,0.68502395766926039,0.1169660927241014,-0.68529886221608471,0.7269156820185102,-0.044261277443190479,-0.11534452251121199,-0.048329790551032502,0.99214911806237693,-10.16086732928437,1.5365787232677892,-1.428804709231579,,0.2312043354380952,0.1829268292682927,False,2
0.57545779492239546,0.81756427049036529,0.020904302920931067,-0.80999376251160571,0.5732869201565769,-0.12349984562613235,-0.11295322463456239,0.054136593861663099,0.99212438648070256,14.085920931799446,-6.2439898942573233,-3.3118477606564309,0.2869150348798307,0.2568830316858441,1.0,True,5
0.38191803172854333,0.84674664892695228,0.37034946951706571,-0.91327353832682179,0.40720382714439096,0.010792930601497483,-0.14166884354932502,-0.34235238525521855,0.9288297923072123,9.9823827296501086,-10.792001595043189,-3.6064372827621249,,0.2153174896736476,0.2686567164179104,False,2
-0.51617902721922559,-0.84535167750188567,-0.13762177590687216,0.8509687347612408,-0.48799273183767827,-0.19420428968602255,0.097012495678994032,-0.21735600985099776,0.97125946104209726,-5.9092294693283174,-1.1758963500415702,-2.0240022743774824,,0.2005025786960287,0.26,False,5
0.77966977796124903,-0.62593032995761855,-0.018062651328171225,0.62010753867846979,0.77578509922387073,-0.11672240700199291,0.087072830481076377,0.079804146893226735,0.99300031235174202,-11.099825431030041,-12.815321483139511,-2.956213315271893,,0.3806902481914639,0.9931506849315068,True,5
0.22223233435796794,0.97435799734803497,0.035203445424190925,-0.96550934350831041,0.22495096959898803,-0.13110594522990066,-0.13566317541602405,-0.0048532752240925056,0.990743129451645,1.2524239188856552,0.66690520028895051,-2.104237650039309,,0.2572297193538745,0.9201277955271565,False,3
0.1412649856508357,0.98601746768034582,0.08839545948920581,-0.97992949642227012,0.15195940898842866,-0.1290213938131356,-0.14064986978545685,-0.068395112757609192,0.98769414429782265,15.88467363061293,-7.2122347491508618,-3.5431350615197195,,0.1368632107334046,0.4090909090909091,False,2
0.1582090223928537,0.98732631896905942,0.012515794201810239,-0.97781397518383939,0.15842205410486748,-0.13704846846415536,-0.13729433771526647,0.0094441857350969632,0.99048527106016304,-8.1064513562679057,-2.2973290036667855,-2.0035975398516759,0.3696007328684136,0.235506117865821,0.9777777777777777,True,5
0.85721897077882059,-0.50701600356378018,-0.090057805142637587,0.5094802296090325,0.86046682617799397,0.0051707528170169964,0.074870099334941542,-0.05031513865011164,0.99592311703674852,1.6380410670461434,-2.1734365084628711,-2.3600326957492204,,0.1885228139317729,0.2729257641921398,False,4
0.34564239762764182,0.88934992160288306,0.29931262904722278,-0.92775853007784137,0.37171010965845541,-0.033101423617448861,-0.14069627866442569,-0.26624858933456236,0.95358074951591643,10.718795262199748,1.7417578188030876,-2.3338737483257619,,0.4459742751757577,0.2112676056338028,False,2
0.2657527843369164,0.90513074138583061,0.33183399255578561,-0.95980774494821852,0.28064029778075722,0.0031805658213616,-0.090247162584717738,-0.31934208031492595,0.94333243630522046,-4.0985752257603254,3.2590158043167556,-1.5802056096532622,,0.3802950204556214,0.2406876790830945,False,2
-0.96567101890620843,-0.23051851164362075,-0.1197526577335819,0.25741527553712806,-0.78726960919872935,-0.56030700366158703,0.034883508493139592,-0.57189839851296231,0.81958243185998003,-10.482368860447531,-4.4345367917933736,-2.0676688857989558,,0.6454753484786471,0.3958333333333333,False,2
0.97101892144762758,0.2389790245567773,0.0033585729971341571,-0.23721271364540891,0.96536831123254385,-0.10860088467875004,-0.029195593428925366,0.10465681769439168,0.99407975929218839,-11.91937698730495,7.4652618022102422,-0.84004676217288765,0.2469486582816756,0.2522992600371554,0.9444444444444444,True,4
0.33726783942595745,0.93400139433769569,0.11786347977294991,-0.93452976223769668,0.34727657991563327,-0.077801674365382864,-0.11359809849158033,-0.083906927111787738,0.98997732277146422,-12.431219594583325,-8.3613181812595982,-2.4088382680992564,,0.154033428656032,0.1052631578947368,False,4
-0.91022076205112379,0.40292237972846073,0.095664623790744446,-0.40768791779637731,-0.8312729129816091,-0.37785699123600192,-0.072723627618024186,-0.38293458978920092,0.92090845035163527,-7.6854119718404545,0.035934258670142882,-1.7689385033685974,,0.3922017616537168,0.2268041237113402,False,3
0.69410981309281061,0.71946692515106825,0.024060569027544543,-0.71309484172737092,0.69176831377468173,-0.11380837736805048,-0.098525702586067604,0.061838043880766282,0.99321132809635271,-9.5369523632745654,-28.874718620748453,-4.8975450539364136,,0.3137630258583712,0.9615384615384616,True,2
-0.86589121492877286,0.48197297272063439,0.13391959332378733,-0.50017323691102955,-0.83007047385423938,-0.24659631285431274,-0.0076900576796975484,-0.28050857741294399,0.95982071295146021,-5.453199609462331,3.843704296699022,-1.4625441509013088,,0.2078609592527971,0.2869565217391304,False,2
-0.95741569117734571,0.27115965475651665,0.099134433572453287,-0.28558197841199551,-0.83902298218150839,-0.46312349214603449,-0.042404338147116735,-0.47171270600183551,0.88073207906986661,13.571336265528341,0.67012348680280587,-2.5056210024498617,,0.4065243057247768,0.3,False,1
0.46361357068420372,0.88458490812531931,0.050714863643340206,-0.87567710113624597,0.46616882662241399,-0.12600095091348279,-0.13510022806443772,0.014005905982884682,0.99073294230813513,-5.676814827910758,11.669002356705175,-0.63145688108383524,0.2634792310831237,0.2187401094370044,0.4117647058823529,True,3
-0.99800999700585569,-0.062912189299881197,-0.0042546814060076751,0.06279096395067113,-0.98537312004563393,-0.15842067143424576,0.0057741425784476295,-0.15837256937054353,0.98736254159678083,11.607443346338346,17.434984110606475,-0.78076112257473951,0.2523363081347833,0.2336615564917663,0.7441860465116279,True,3
-0.99962999574344524,0.026898129013660104,0.0040450297308519886,-0.027176698308684508,-0.98141644293638131,-0.18995576485892388,-0.0011395959800391403,-0.18999541097001404,0.98178431701231439,15.257885765251505,4.2770719715369045,-2.4087421438407617,,0.09268874592765365,0.4166666666666667,False,2
0.9948653875885789,-0.093892564639663237,-0.037776274083253993,0.098774613458511504,0.98212304819447449,0.16024323368341115,0.022055301275386976,-0.16315178365737013,0.98635442878058321,10.120874308323454,1.2471047393739065,-2.376571582024213,,0.2381897477918397,0.3333333333333333,False,3
0.49094983139506271,0.87020689840733878,0.041330582108648185,-0.86282380984513563,0.49224701758456185,-0.11501281164909435,-0.12042979788028171,0.020804510169293952,0.99250382172520157,-6.1555452448749781,-24.409610018159725,-4.550458710270127,,0.2785853050201529,1.0,True,1
-0.82602924383946186,0.55968846489996327,0.066516994670009044,-0.55851723469628656,-0.79696432659693761,-0.23001382714763818,-0.075724413957591219,-0.22714903563478525,0.97091149377323105,11.544281577764162,10.507184664016171,-1.6707017398540593,,0.1527003121338581,0.2380952380952381,False,2
0.9920458734562897,-0.12582320590406776,-0.00367502576463518,0.12443308365835187,0.98465846860486306,-0.12232787047929952,0.019010330076612098,0.12089756432926708,0.9924829400496662,15.619839842256127,18.424601022833965,-0.89598566589548645,0.2742611861360538,0.2567861260822187,1.0,True,2
0.2826384783484257,0.9582718047540224,0.042785964642092549,-0.95084910389147925,0.28577339615885861,-0.11924574489935674,-0.12649692559764805,-0.0069795602511874659,0.99194244467763459,6.7746565369393679,22.056683117158848,0.032649687097791855,0.2913234340428084,0.2829271987074329,0.8048780487804879,True,2
0.97299612418656345,-0.22678312717062632,-0.042987853501140962,0.22824921445153709,0.97304600725137247,0.032920569169099259,0.034363329585186918,-0.041843530000142452,0.99853306433835509,13.812191532724029,-9.2693046213048547,-3.6235159554416643,,0.263920155159824,0.2702702702702703,False,1
-0.66826098654383248,-0.66900022045569463,-0.32537049481121583,0.73686189695810012,-0.53511387530092935,-0.41314366178332196,0.10228293442590475,-0.51584091102844243,0.85055649773226261,10.727904355007722,-9.1331285658767332,-3.4593625460506594,,0.3511272639337746,0.3529411764705883,False,1
0.31566061244701332,-0.85300629831384045,-0.41561837397605028,0.93949597853815847,0.34238861067953258,0.010832616838431064,0.13306270724814404,-0.39389122142269034,0.90947458547555682,-7.0448075087016848,3.4666515393038373,-1.3734525968958406,,0.3750694621561658,0.1063829787234043,False,1
0.68646508408536633,0.71912225458550971,0.10783724445442237,-0.7202672394350228,0.69281151169765953,-0.035033028071440889,-0.099903914479470474,-0.053622683810639865,0.99355111375943894,22.215819199586068,9.5824794422050203,-2.4871405415735994,,0.1854397910664949,0.5,False,1
0.99629464087873187,0.085417162004491509,0.010044749445206121,-0.08544856785727506,0.99633881697534565,0.0027393501619236843,-0.0097739862624823676,-0.0035875093403928229,0.99994579801570904,9.2217952738189446,-11.016862479362915,-3.5898889287437608,,0.1591089504297432,0.125,False,1
-0.83035650510863457,-0.54345383141177517,-0.12315034530051014,0.55204202192975094,-0.77218650575543135,-0.31460706659725346,0.075879380911321237,-0.32922018992321561,0.94119944012915524,9.9431808549196941,2.4638418182404633,-2.2389446209023447,,0.397064559120161,0.265625,False,1
