axis_00,axis_01,axis_02,axis_10,axis_11,axis_12,axis_20,axis_21,axis_22,location_x,location_y,location_z,dbh,dbh_approximation,score,reconstructed,number_clusters
-0.99064581942777208,-0.1288995385784861,0.044785817001947281,0.10529267328920434,-0.9308188687984511,-0.34998526603327906,0.086800422820925413,-0.34199582225960834,0.93568399802234703,-9.642791040015755,-11.265364874809327,-5.1898715015452446,,0.1702648251857611,0.3260869565217391,False,2
-0.37377859593475349,0.92751773939470561,0.00063586883720094176,-0.91429140363378192,-0.36833300353021542,-0.16852901160268682,-0.15607943638549082,-0.063573906742815545,0.9856964887423727,0.29020800568434751,-2.6541146430019746,-2.7152298159164729,,0.2674319655077978,0.9669291338582677,False,5
-0.29671639578206416,0.95313008659684184,0.059181234339917684,-0.94396946850685726,-0.28335858608255732,-0.16920270157468997,-0.14450267471912442,-0.10607049409326216,0.98380283963903481,6.6140117660193285,-10.976878189823136,-4.6069580743556156,0.3456794185689013,0.1521309813503256,0.2972972972972973,True,5
0.79998179490786059,0.58036261148763935,0.15234292567508759,-0.5958757729391011,0.79822237113441052,0.08816523943589466,-0.070435722756472766,-0.16130804508085508,0.98438738490086652,-5.563108970436212,-14.27687002907537,-5.7616370343045293,,0.3106459361903869,0.2,False,1
0.77115168445920101,0.61247925722725161,0.17376489582792748,-0.63197780419060001,0.76943739442235159,0.092575110450757309,-0.077000873801301245,-0.18120500967384007,0.98042623888946356,6.3826350517552033,-13.85091367849334,-5.3372251016363226,,0.1717366702385687,0.2121212121212121,False,1
-0.16437334468437845,-0.9675063020268575,-0.19212745534042505,0.97304623778539523,-0.12710365597439816,-0.19242058042119892,0.1617480222103497,-0.21857771198422385,0.96232082027501775,8.1201119029841333,-1.3536389541123679,-2.2555713144053788,,0.2603067045610062,0.2016129032258064,False,2
-0.0067873510457758055,0.99959796465402084,0.027528910717992742,-0.98819446036353076,-0.0024912208248717448,-0.15318453683590544,-0.15305437064197333,-0.028243634297652531,0.98781408005203541,-5.1967612133815688,-9.7458743704720252,-4.6359882320266781,0.2345136528481334,0.2254193299453128,0.6337209302325582,True,5
-0.97456247134089424,0.22310171169920401,-0.021298255581484286,-0.20207371387043799,-0.91583393643285782,-0.34700780256430064,-0.096923699973418709,-0.33387696403732559,0.93762037588177516,-7.154537329631947,-3.413048671515623,-3.0503602982518241,,0.2592284571274477,0.4015748031496063,False,5
-0.17771922077831528,0.98356740440659696,0.031796848190013674,-0.97371401618182329,-0.17107739581578635,-0.15037798818960704,-0.14246716554004024,-0.057686095636289597,0.98811710900744387,-11.303178999745059,2.8385793679696709,-1.5398692454599965,0.2985144680179356,0.3026822407760248,0.9434782608695652,True,6
-0.74023348283122514,0.67223957687632607,-0.012179580316790822,-0.66021236639822278,-0.73017771272699661,-0.17595493483170904,-0.12717712903825862,-0.12220662468913149,0.9843228732137016,-0.092590627152557892,-18.484571043675864,-6.4330680688603845,0.253718864152779,0.2864821974710351,0.9493670886075949,True,5
-0.3203594331294114,0.94709731571453049,0.019403818472987416,-0.93446973042538906,-0.31259617379636417,-0.1704404736163741,-0.15535815563948616,-0.072734494527725763,0.98517690633819321,14.327400446995343,6.6569424614775938,-0.45939684835065037,0.2718878187644992,0.2568082141741382,0.921875,True,5
-0.50727851704993332,0.86177541492406484,0.0034117989505012582,-0.84879168641200153,-0.49894308523237252,-0.17495276727355202,-0.14906770011472278,-0.091645686921204117,0.98457091611079495,-10.395130924057856,8.0238386857647637,-0.22789233789863997,0.2478600072741128,0.2192069932670506,0.8181818181818182,True,5
-0.22789676125671937,0.9736844599747978,0.001280082920672887,-0.9602072682058671,-0.22452396737681579,-0.16610535860712089,-0.1614467970983739,-0.039084018178285107,0.98610718039659151,-6.3332593082965136,5.2461675539532768,-1.0222568431699122,,0.2867728971623348,0.9485714285714286,False,5
-0.51741553285349906,0.85567840863334965,-0.0097789243083527128,-0.84275896346523538,-0.51151925434596202,-0.16764659833218762,-0.14845368254419483,-0.078501677893213023,0.98579865627166408,15.541769618800672,-6.3704947897786468,-3.5243893788611986,0.3240641429700759,0.353909925846441,0.9743589743589743,True,5
-0.98020202481741725,-0.19393246857634783,-0.039927286105124957,0.19696725920316585,-0.9344894257321672,-0.29653568418785442,0.020196270592104711,-0.29852924618309995,0.95418677407912256,-8.6264666725938408,3.5637651401604344,-1.3332074958450701,,0.2440514167098012,0.3870967741935484,False,5
-0.99197364723024339,-0.12294256480106615,-0.02955349320915247,0.12634091178262002,-0.97317780737240245,-0.19225745563639021,-0.0051241790234131945,-0.1944481447532426,0.98089941471659436,0.41949045274884994,10.825478330142591,0.43049574440750454,0.3132797674849974,0.2146427784298551,0.9724770642201835,True,5
-0.071882126007159056,0.99739152074883031,-0.0065661479595089736,-0.98502478470270738,-0.07202212605532847,-0.15664924793900364,-0.15671353956208117,-0.0047924624991367189,0.98763247153033495,-5.1655066760173165,-3.7012477885607966,-3.1156453416369838,0.3230572788612828,0.2953452987659245,0.9731800766283525,True,5
-0.9691224742489214,0.24618114377943037,-0.014016930944384061,-0.23740551754237965,-0.94691792511886019,-0.21676038228658678,-0.066635202003769045,-0.20673966125551185,0.97612420434997549,11.773200784452808,-13.315030131175648,-5.1609209784935697,0.4891647711667654,0.2570703478474524,0.8333333333333334,True,6
-0.62262543786963742,0.7825175682427401,0.0019543564439916394,-0.76985121453746097,-0.61209579664220726,-0.18074247759765147,-0.14023791068337432,-0.114039427937927,0.98352851371109296,5.9604675368369708,0.70036515126413468,-1.9117252909355467,0.2097162444898107,0.1680100951481529,0.7800511508951407,True,5
0.89117212465927265,0.45310068576282853,0.022627699651821369,-0.45271241948432567,0.89142446214608428,-0.020344373478012601,-0.029388934566030579,0.0078864978805214501,0.99953693962567225,-9.8824619966432206,1.3072579085643707,-1.8998004170860872,,0.3149822836062458,0.5357142857142857,False,7
-0.0060410960696513777,0.98812905441782128,0.15350725381433858,-0.9949153989264693,0.0094938377385969351,-0.10026572706552225,-0.10053285103518078,-0.15333244555649569,0.98304745918109304,-2.1972459697945497,-5.0602165267317574,-3.3223682412590647,,0.2379428009086118,0.2307692307692308,False,5
-0.86559093604640447,0.49018646356538031,0.10232087945075008,-0.48974074613462232,-0.78608143417059273,-0.37713390251713874,-0.1044333903012452,-0.37655439154200476,0.92048924882402494,0.38755861851415929,-14.45951097796743,-5.543668870926088,,0.2434122266483327,0.2580645161290323,False,4
-0.94767859453476022,0.3192154990091749,-0.0025974319906077875,-0.31159477893116205,-0.92676163445092707,-0.20981317082749365,-0.069382816341386405,-0.19802610459777853,0.97773804605035597,14.986697479649994,-1.5293237445678192,-2.3041545422395324,0.2028879977057069,0.1633623072244564,0.7346938775510204,True,3
0.1398826216595529,-0.98211206267904294,-0.12605057912586429,0.97729644189076481,0.1574005498994179,-0.14183346417193327,0.15913678652436267,-0.10334874567055118,0.98183222596481445,9.3308583972898411,-10.506302416139741,-4.5006919665116074,,0.2366004396544124,0.5,False,4
-0.9737448428078781,0.22419712280802306,0.039454166188959035,-0.21459957183602169,-0.84623951412422971,-0.48767377262119038,-0.075947382264683616,-0.48333666823384358,0.87213396922018271,7.1094438399680389,-0.57097786187674959,-2.1309993241934229,,0.2663808366150819,0.2268041237113402,False,3
0.94366766899596322,0.32988432435388387,0.025839176405365486,-0.3308310043110082,0.94213750401400431,0.054108872810586905,-0.0064943882156578946,-0.059609194557921984,0.99820066461902379,4.7650617607269385,-9.0856665912108472,-4.2574559451159244,0.5470018015491506,0.2624269984986938,0.2365591397849462,True,5
0.96429664357189449,-0.24098995970773474,-0.10979900963142944,0.2541760028766884,0.95861304037319017,0.12827937631629469,0.074340720722952613,-0.15160764540923471,0.98564120200804262,-2.6338279600695587,4.6846808807011229,-1.0104828371887138,,0.3164805621582188,0.2177650429799427,False,4
-0.73569623265827511,0.6772681627906173,0.0076739118213755859,-0.66453316024340925,-0.71957947948840106,-0.20149702637038699,-0.13094553138357931,-0.15334017206662684,0.97945906470931621,-5.7181140702497908,9.6204157514789497,0.20899561929669652,,0.2282243974940167,0.8725490196078431,False,5
0.013860350007948405,0.98467311685756143,0.173858401107544,-0.98769843700207671,0.040567170036430913,-0.15101689395193352,-0.15575521898579001,-0.16962652402631445,0.97312237365371401,10.366598058867359,13.773999089862624,1.0994747907041742,,0.1820908356840351,0.1904761904761905,False,1
-0.41442182868605032,0.90982319641304943,0.021824279535735801,-0.8984054132496172,-0.40515619614966047,-0.16945846147455945,-0.14533499699761551,-0.089834336365789344,0.98529565646937856,7.2283402047964413,8.6316301866325489,-0.012611723525444389,0.2807319319870597,0.2731461246925443,0.948905109489051,True,5
-0.74752580676584557,0.66415155221377808,-0.010386718013923709,-0.65204319624301454,-0.73669996001143112,-0.17920055566975615,-0.12666822195114774,-0.12718445113764862,0.98375773284714241,11.902992326143428,-4.9126585697684897,-3.2428814036584561,0.2922710626860264,0.2336199657404003,0.9145299145299145,True,5
0.34499722858307769,0.9090829413599294,0.23354896274309334,-0.93526515141990874,0.35392615815372697,0.0039206012342630492,-0.079094935422507701,-0.21978280256408195,0.97233713849034209,-6.1870904492423024,-3.844592330719609,-3.1442882928107796,,0.3986701869885091,0.2054794520547945,False,2
-0.1849886833625051,0.98268496943209116,0.010461256141457476,-0.96976244915581233,-0.18081107035731472,-0.16391506655449056,-0.15918536124633975,-0.040467365722178697,0.98641898454783394,-7.248715803772952,4.2748980618068195,-1.1852854593266675,,0.0747802195807907,0.2298850574712644,False,5
-0.84837374501360141,0.52920923497813699,-0.014127079862879945,-0.51882493332989865,-0.83644095901660742,-0.17659901085398128,-0.10527429566054258,-0.1424924829358849,0.98418149493878604,8.4644227762966864,4.4398145913238647,-0.91395901570425786,0.2678874503199221,0.2446513072434062,0.9105431309904153,True,5
0.7961622392086809,0.59820512769390899,0.090974249427698994,-0.59929025831637062,0.80033128183991276,-0.017917187155909203,-0.083527690889410602,-0.040254993593294014,0.99569205096027913,-6.5016225196085449,2.28477072825648,-1.6841955326611886,,0.4046670363413452,0.5203619909502263,False,5
-0.47525475774340431,0.87946813537019197,0.025859507163438974,-0.86681337975036921,-0.46297127285083045,-0.18518143859637815,-0.15088896556077386,-0.1104237265417162,0.98236404692386836,-19.146464491409212,8.1252525836464322,-0.19102030306517817,0.2527987649402878,0.2737823293603317,0.7555555555555555,True,5
-0.39731812205032641,0.87558561680004166,0.27475104648261672,-0.9045258054731532,-0.32314529685001925,-0.27822685772020128,-0.1548269263518012,-0.3590639842376343,0.92038126779061002,14.787364665927502,14.429952926393327,1.227386538801934,,0.3193802680464835,0.2564102564102564,False,1
0.35521332753917162,0.93468451941654795,0.013723742259530849,-0.92393979848928787,0.35328414549004827,-0.1467159204481262,-0.14198148015189729,0.039435538647561441,0.98908346340713504,-7.84210452480984,-0.4858100632441737,-2.3731559819546546,,0.2162582725713697,0.5641025641025641,False,5
0.52414267402630543,-0.82524806312892418,-0.21033328687231412,0.84166192307522314,0.53963822781750559,-0.019894479719188507,0.12992176303402464,-0.166601972917307,0.97742729556227848,6.5714586341053556,-10.089852344802305,-4.4530889935802112,,0.2988801795035465,0.3846153846153846,False,3
-0.69556371899925795,0.71829679035444405,-0.015518820136388053,-0.7059415273465689,-0.68729583606006461,-0.1710876784052287,-0.13355775072797371,-0.1080470022767914,0.98513358105359705,3.2339576531939063,9.0654223867464339,0.082287279842561789,0.2333490834654698,0.2323275242577497,0.9354838709677419,True,5
-0.67118684303229759,0.74126901936999567,-0.0053350410103729026,-0.72883959833931089,-0.66121177505425066,-0.17774090250192318,-0.13528141643599448,-0.11540896608085333,0.98406285821344708,4.6449543402325864,6.3295096111754106,-0.62727835774279206,0.2552322775494666,0.2401897436950797,0.954954954954955,True,5
0.38343713092185333,0.92356333736770957,-0.0025939353570216678,-0.91354250864417219,0.37886109024897441,-0.14800121349323916,-0.1357057534908902,0.05911883088811469,0.98898377757367328,-2.7434243148644399,4.9683771308295768,-0.98750108753904708,,0.1974567020802757,0.8728813559322034,False,2
0.263969256744915,0.94874206178365361,0.17380659278646268,-0.95825936270895928,0.27847588433366383,-0.064731565910328137,-0.10981450393348034,-0.14946465149688765,0.98265003570892828,9.1568479364901307,-10.373989081007643,-4.4312001846047302,,0.3978272952887707,0.3243243243243243,False,4
0.89422521704969848,0.43872661494154602,0.088770594987032797,-0.4454640599594043,0.89167657136522316,0.080465292908461272,-0.043852394198079042,-0.11149820366397199,0.99279661467130498,-1.9187023767164846,-5.2034805521457219,-3.4009729243294227,,0.6384155022314528,0.4511434511434512,False,1
0.13510811260576366,-0.95130642756360873,-0.27705934162968088,0.97436552088745099,0.17832772902379812,-0.13715339137965521,0.17988226597926293,-0.25142653387695335,0.95101370571027344,4.9303471152690168,-8.7999681968443717,-4.2287176001919375,,0.5151191628455098,0.3796296296296297,False,2
-0.87372303336323209,0.48617737505057962,-0.015479695070644818,-0.47491858709534912,-0.85950566299607944,-0.18895065733949462,-0.10516842017406877,-0.15773894657502244,0.98186456710255765,-26.504682232213717,-9.5515592832805698,-4.3115644378854876,0.4206736856603979,0.3260639709456456,0.32,True,5
0.93901112426616762,0.34378024565768706,-0.0085586914845806258,-0.34299534451472247,0.93449606007931718,-0.095243410992362498,-0.024744739756455438,0.092370213769231962,0.99541721979409825,-0.93079591724242738,-24.96939216045724,-7.7584343489900904,,0.2579192366174546,0.8780487804878049,False,2
-0.20784237734930172,0.97810257543160717,0.010811943019072507,-0.96520542616651306,-0.20328361018755067,-0.16448178965416013,-0.15868217126227474,-0.044622032261800365,0.98632086197155799,18.367667705786971,9.3396659448255068,0.33381844848005116,0.3583997111108521,0.3121620383788174,0.9789473684210527,True,5
-0.85647431934757623,0.51618837011072805,-0.0011431800105063603,-0.50155046396843417,-0.83270629870188739,-0.2346217214906833,-0.12206093720414772,-0.20037411675322062,0.9720860769212839,5.8473316655015468,-10.879653828370838,-4.5817662720525831,0.292516628987072,0.2556718350523371,0.6794871794871795,True,7
-0.48781048439706065,0.87294562346907756,-0.0026210262281847578,-0.86001558882616591,-0.48109565988164976,-0.1700592632555592,-0.14971345393213173,-0.080702568169940453,0.98543035126917422,11.00068876995932,1.7152968154803507,-1.6034612915570439,,0.2054113600978746,0.25,True,5
-0.5726193713456158,0.819753853576906,0.010520223646113085,-0.80414398788564745,-0.5591254430598156,-0.20181968603318293,-0.15956034064616162,-0.12402563633772505,0.97936619260821101,-14.488355291925668,-19.669276400144263,-6.56222446875059,0.2239073249815534,0.2408987496331342,0.9433962264150944,True,4
0.45082516833500763,0.88643956997811746,0.10479292138652645,-0.88228289910075652,0.4603352544321031,-0.098327714716124254,-0.13540145327904218,-0.048128393947248896,0.98962119224781286,0.80162614124657527,-4.0592824859440757,-3.1714307414471392,,0.1916340333286763,0.2731481481481481,False,5
0.11085308718789151,0.99382726806399713,-0.0043536551730766551,-0.98224861362306071,0.10889246962401757,-0.15274191007957905,-0.15132499494957702,0.021208284033244065,0.98825652266599107,-0.46778611760742927,17.518269867115574,1.8264195282997218,,0.2835307350778783,0.9056603773584906,False,2
-0.24964761840718086,0.96822642828775307,0.014616777646369008,-0.95550061931125507,-0.24386063174840192,-0.16598360997122086,-0.15714526120577313,-0.055403753017382179,0.98602017780173179,-6.0917097422910675,16.120628730873339,1.4327190709435613,0.2851169339804914,0.2643253900425755,0.8627450980392157,True,5
0.021985265836662268,0.99945322566638373,0.024696108826150663,-0.98788524621876972,0.02551321533283786,-0.15307454441108712,-0.15362092432143781,-0.021031536996663665,0.98790601074301898,16.321941617301238,14.33982817124101,1.1873243346509039,0.2632719210057403,0.2811826926057262,0.8823529411764706,True,3
0.19110876046841088,0.97582632315712914,0.10602088806393993,-0.97341310154506466,0.20230693044396891,-0.10741899103397706,-0.12627103948509374,-0.082673411251611179,0.98854475450501311,8.1657867798601433,6.2842202904594249,-0.51885930136775604,,0.2890595791753948,0.1636363636363636,False,5
-0.11901552018920616,-0.99172816938498509,-0.048068118357178793,0.98124325492584086,-0.11008710332872675,-0.15824823646168126,0.15164755394214113,-0.066000513096470162,0.98622865079775945,1.1504173012152445,-10.162721285697142,-4.5072662013629339,0.1875920560020526,0.2381628798287269,0.9701492537313433,True,2
-0.97371700293385388,0.22681740450135085,-0.020713841092012839,-0.21957985092794749,-0.95900635602533668,-0.17914100080513942,-0.06049700210733519,-0.16988429626742199,0.98360532665177713,-15.767869340573894,5.6745659095325323,-0.93144690923999207,0.3693874284441966,0.3307017858608474,0.9111111111111111,True,5
0.5104864809447589,0.85913602222100249,0.035900530565848021,-0.85308339877443273,0.51124766726756055,-0.10428105028690499,-0.10794566924197745,0.022607919757266556,0.99389970040047326,-15.572032430624958,17.619780796156316,1.7402688132797428,0.301045258109394,0.257660695246305,0.5,True,5
-0.77210354502313372,0.6352035519225675,-0.019301901141163317,-0.62375930839969751,-0.76330392546338854,-0.16820060213005469,-0.12157483681848155,-0.11782854067302957,0.98556379502060842,0.83212771161048549,0.72869347145195651,-1.95503963470627,,0.2963767436120714,0.9550561797752809,False,1
0.48285271921029288,0.87255438667443674,0.074176100237358336,-0.86708813476915636,0.48823630533669676,-0.09891145885950961,-0.12252109244440554,-0.016557549527889757,0.99232778327519378,15.452439510342657,18.291414055954437,1.9284204984925184,,0.3319735090712179,0.6557377049180327,False,2
0.016430173103372876,0.99985690077739464,0.0040283221838172852,-0.98753338143929881,0.016858206870250074,-0.15650438142168546,-0.15654989605508449,-0.0014067085495174277,0.98766904943720857,4.2962152727872613,-3.9171253494043734,-3.011234526407093,0.2851263633606193,0.2414164846658366,0.9330024813895782,True,5
0.87102192516602794,0.49117936221890485,-0.0079774689154659267,-0.48829261134832813,0.86389694005525774,-0.12350061807858984,-0.053769243836025341,0.11146708524669059,0.99231242929024643,-10.749287892481679,-2.3069417314689749,-2.7758765547105537,0.3286942581871801,0.3166892416729166,0.9540636042402827,True,5
-0.92552549766904457,0.37837597105607679,-0.015302865477993827,-0.36846029202539532,-0.90912667135521219,-0.19423107020029512,-0.087404612950502877,-0.1741273096270724,0.98083643574094959,-12.446982427287109,11.470214537652165,0.55326193953705127,0.2546610899657413,0.1987016263882055,0.5909090909090909,True,5
0.52723972077673942,0.82647924277311702,0.19735840012637479,-0.83419012855094032,0.54764867579690968,-0.064867228444405678,-0.16169448433212888,-0.13043384975943892,0.97818296068450328,-5.0140858187088089,-0.22818902505170596,-2.3096718621653807,,0.5298013992073389,0.23828125,False,5
0.67176712861930377,-0.73280577289629312,-0.10828030345562988,0.72680220832958475,0.68027227973513471,-0.094805988161099752,0.14313446431176502,-0.015010817227251623,0.98958941005467282,7.2883275545291939,-9.1882993140091465,-4.2573423967192623,,0.1620415906950079,0.2,False,5
-0.53137120043889918,0.84694935200748223,-0.017928816977933977,-0.82829028295379203,-0.52387147694991598,-0.19873067906752553,-0.17770721569044276,-0.090749494612468978,0.97989013400438485,-7.5517957732140744,-5.2317411958118143,-3.4965797916682142,,0.3027621571707057,0.9467787114845938,False,6
0.57213254221384391,0.82002164949582579,-0.015127739357466089,-0.81232833660417014,0.56402898299499449,-0.14830367457191479,-0.11307974040394886,0.09713804970131612,0.98882615843756805,-14.412099422277308,-6.7732159279338884,-3.6838915353449346,0.3726427574199277,0.3415443980146985,0.9555555555555556,True,5
0.92288875040844531,-0.38043816893256394,-0.059524398264714201,0.37633682530340656,0.92385334476298508,-0.06975379051204518,0.081528818770368328,0.041973765490875718,0.99578675162929609,-20.320417711509201,-5.2577118543042873,-3.396039362188394,,0.2406995893031359,0.2413793103448276,False,4
0.65703757873513757,0.75313912919678316,0.032910062330230735,-0.7481144054329405,0.65678874508241158,-0.094622305598570836,-0.092878719379555719,0.037549918851879652,0.99496911865677085,3.7942939275049223,-8.6785488756514599,-4.165030870854717,,0.170743778632629,0.2888888888888889,False,6
-0.78019658480991616,-0.6066376580341567,-0.15259109051899902,0.62096179347125624,-0.72165564666958015,-0.30597316659941176,0.075496623102657243,-0.33347245686074894,0.93973207906049039,1.0051725292504021,-3.8562384020104794,-3.010334186379986,,0.2671029048745714,0.1848739495798319,False,4
-0.34476687923874788,-0.89991578192946875,-0.26699697454137322,0.92903391478455821,-0.28643725606162795,-0.23420009291194346,0.1342824789764186,-0.32879367964448075,0.93480636073241907,-0.71598901846341156,-7.3174122305459557,-3.8348708531681304,,0.4594812901793958,0.2721311475409836,False,6
-0.10932488635468075,0.95262534740864913,0.28381863345821362,-0.98130306007122603,-0.057932360065393929,-0.18354330811038186,-0.15840572438641584,-0.29857794481810818,0.94114761719392914,7.1209495706922761,0.65117926013525351,-1.9050507520255988,,0.4480471661378101,0.3206521739130435,False,1
-0.62023967583078365,0.78416727670113129,0.019606801790589379,-0.77192525241398502,-0.60573311886435,-0.19292172867894394,-0.1394064173950732,-0.13479269587777432,0.98101823628670226,19.283130147060842,-11.203245388297859,-4.5458566611308617,0.4154429559022668,0.3568838731038836,0.9714285714285714,True,4
-0.68299028886947211,0.72769475430301178,0.063123766283975147,-0.71953395831796441,-0.65541750278410682,-0.22956214816804263,-0.12567874974424481,-0.20220841130903472,0.97124487656749003,16.609322902764376,-4.6439491987052364,-3.1377758707952146,,0.1560220022592049,0.28,False,2
0.47948429908881868,0.87739356493746556,0.016593346064862447,-0.8672126461868398,0.4766449381477203,-0.14405495212513064,-0.13430202240071445,0.054682128199988286,0.98943055927871815,-16.671507940100614,21.971777476399662,2.6507338702900349,0.2813032530125019,0.2216362458748957,0.851063829787234,True,4
-0.32405922306134088,0.93569341852415999,0.13951145644516857,-0.93289562052762365,-0.29156956297781161,-0.21140707449210155,-0.15713491384559033,-0.19865803904070939,0.96739009834463352,-4.9738784208446267,-13.734263770930424,-5.5903967307080062,,0.302622462689041,0.3023255813953488,False,1
0.97544230625361561,0.22022561008757757,-0.0036038635076467394,-0.21905319678120119,0.96828258830348735,-0.12018538250650704,-0.022978340901027714,0.1180233445122333,0.99274492494274835,-23.819341629067086,5.3940408105460502,-1.0741627028089706,0.3208569376456788,0.2798070241638867,0.6956521739130435,True,4
-0.90765022265970374,0.41668832909884845,0.050417355132920921,-0.41378862618730305,-0.86819399786276341,-0.27389442293171201,-0.070356564326391091,-0.26946246207566832,0.96043736671805147,11.374685859308054,-4.0352980718760767,-3.0022162089275399,,0.4431678272965638,0.1574074074074074,False,3
-0.97494015562254566,0.22197414660993067,-0.014804431481161975,-0.21478323841652663,-0.95651794428028192,-0.19733621757075973,-0.057964242857100307,-0.18921125893196133,0.98022407950600077,-19.684475851463116,11.014530040895204,0.47386835283837114,0.2411615883752111,0.2291746984200607,0.7755102040816326,True,4
0.76787402643982483,-0.63559715933398775,-0.079910766268730338,0.6269953949518926,0.77126774778702345,-0.10964869325555854,0.13132499468193573,0.034092701126440035,0.99075296290331205,9.6260340533073361,-2.7295957853147166,-2.6587545360444049,,0.0869237274539623,0.2127659574468085,False,4
-0.37668042082160919,0.92629316515829829,0.0096349753854514802,-0.91326033850746502,-0.36959850564843078,-0.17132570948832612,-0.15513676121051029,-0.07333428122965191,0.98516733021230696,-20.820790398005606,-5.9991895243726727,-3.517245563814031,0.3328465959789169,0.3115835905685101,1.0,True,3
0.75328247382960922,0.65179665130266262,0.08790130813463197,-0.65248442048736843,0.75740122003557131,-0.024646965531100767,-0.082641367621836603,-0.038788106930646278,0.99582422501078438,-7.720175963316203,-12.064647296129829,-5.2624344447538283,,0.1997340484936418,0.2727272727272727,False,3
-0.43503602347106179,0.89887720166069485,0.052568380392835415,-0.88342930159279254,-0.41481635254961957,-0.21789920317592273,-0.17405840218087157,-0.14123445044347316,0.97455451496474732,-19.010887864655288,19.108397734214282,2.0765100809221484,,0.2244730687019794,0.7567567567567568,False,3
0.091123838437248708,0.99462045159969403,0.049260565649238114,-0.9840347412698367,0.097527387629923912,-0.14887591019398702,-0.15287927931040143,-0.034907963585738611,0.98762814866518911,13.907409686251302,-5.1885448632394917,-3.2444625875729165,,0.1590517835495225,0.3666666666666666,False,1
-0.70288221378849003,-0.69971520510975027,-0.12788754934712201,0.70550557321334006,-0.66287533246515629,-0.25071533613667529,0.090655831057406155,-0.26644872930346225,0.95957625801593405,13.729870391925576,-12.037242854771726,-4.6735924858238675,,0.1790368199126381,0.24,False,1
-0.58870527510903015,0.80513890779345809,0.071954417626427986,-0.7597004554463086,-0.52066624452108634,-0.38956627139804989,-0.27619072586434168,-0.28400352281875935,0.91818335966900566,3.3271882335163241,-14.40143684737404,-5.4650982068872764,,0.2951174493989415,0.2173913043478261,False,2
-0.61944612777569541,0.78500805497111747,0.0069891640530523203,-0.77234105040152456,-0.60780753573944657,-0.18455162248815829,-0.14062644363122859,-0.11971780623117458,0.98279797019673809,10.017364175282639,14.641958172505744,1.2317320883961649,,0.2742531952516786,0.78,False,2
0.12278795912682026,0.99069810049362594,0.058654844401723388,-0.98081217192426817,0.13015604366487576,-0.14514436848429921,-0.15142853264384948,-0.039707404546596048,0.98767035063603181,3.2942864692611025,-15.874286294640783,-5.9382473842063073,,0.1735187305651481,0.2222222222222222,False,1
0.29538793990178819,0.95536318498278427,-0.005210541251005691,-0.94497031807253695,0.29136307542745127,-0.14879064567151587,-0.14063094582084967,0.048874769124858906,0.98885499140193756,4.3943416651393807,17.939255066232747,1.8364440097619403,,0.2391116604727619,0.9482758620689655,False,1
-0.79077843788032498,0.61193402783077111,-0.014359936154528744,-0.60053088330242244,-0.78015559183421324,-0.17527096373849455,-0.11845725129161586,-0.12997691376786027,0.98441550247028187,-24.118672154612838,1.3351000319873612,-1.8970266386100239,,0.2674519260254807,0.9767441860465116,True,1
-0.50498456625586907,0.85079049309492816,0.14541707156541703,-0.85009637363720469,-0.46108454554896494,-0.25443505533785882,-0.14942136183373056,-0.25210430126277955,0.95609449214633579,4.88394478161187,22.995347797294666,2.7945140630501815,,0.1563113793940273,0.2727272727272727,False,1
0.18958523053608944,0.9818621418867417,-0.0020432063426572659,-0.97067035733574358,0.18711009780415341,-0.15095982475288194,-0.14783943233210312,0.030603033008200574,0.98853778714747242,5.8532766898126569,13.396142335498425,0.95915941358132106,0.2614018409641559,0.2702539901286211,0.9672131147540983,True,1
