axis_00,axis_01,axis_02,axis_10,axis_11,axis_12,axis_20,axis_21,axis_22,location_x,location_y,location_z,dbh,dbh_approximation,score,reconstructed,number_clusters
0.95852680609091334,-0.2838072173968092,0.026073460810436593,0.28401973055225271,0.94362568016822534,-0.17000990672334385,0.023646451365455491,0.17036443020928574,0.98509735877084104,-8.1759336095220103,13.615881892858738,-1.4693362648705806,0.4174562096288459,0.3587552665423878,0.7378640776699029,True,5
-0.15711762888496739,0.98507453141114898,0.070300912217912126,-0.96512659548648105,-0.13806294538697789,-0.2224169008770383,-0.20939127340517219,-0.10279489615821061,0.97241375141735975,6.0700056221456542,-12.55056866505409,-5.5668962346221589,0.1793049633956046,0.1896919807948154,0.3513513513513514,True,4
0.99141796883730138,-0.13046043073852187,0.0083956582851487452,0.13047727450186392,0.98346276566084323,-0.12560521246067891,0.0081296928039679348,0.125622707223839,0.99204477899168875,-10.714535640832935,3.5155255607368217,-2.7060856001983016,0.4596148337091748,0.3512459874258554,0.9959839357429718,True,6
-0.85750839229538678,-0.51381025208157372,0.026045767388440066,0.49526294322468106,-0.83814002360211037,-0.22855178385801803,0.13926224977146373,-0.18308556931698733,0.97318328186239766,9.2408514528099577,14.361026926791368,-1.5722699117200654,,0.2809373976259065,0.7627118644067796,True,5
0.97581082305320055,-0.21770677699600302,0.019924780105396039,0.21858352196108904,0.97001584899963655,-0.10625674856968004,0.003805461775112845,0.1080417138864741,0.99413907805756829,2.2061078134805472,10.161285842923963,-1.987297790396209,,0.1880552876246073,0.2162162162162162,False,5
-0.060861751483907739,-0.99812489523129755,0.0065223251853847933,0.97583298259249129,-0.060873873355276421,-0.20986748587470622,0.20987100154846389,-0.0064082027307666919,0.9777080840653859,-20.428969123325633,-2.6865400266773936,-3.3941443603751358,0.2434274919974618,0.2395649369971174,0.5,True,5
0.8338848627553036,0.54708287457872384,0.073050421013494515,-0.53401880817686409,0.83316485771046811,-0.14373667725969141,-0.1394989182070242,0.080849540623156566,0.98691610768093896,4.302120162469607,-12.274534685047723,-5.4538320427593172,0.1746212431210116,0.1838925263239645,0.8166666666666667,True,5
0.092731375672347377,-0.98988956385814164,-0.10732913551618507,0.97668744549207143,0.11139109124772595,-0.1835038381310104,0.19360404382162388,-0.087810455843130908,0.97714215857291509,2.2667419831267974,-4.5542993497037134,-4.2199358925391133,,0.1828530057101029,0.3978494623655914,False,5
-0.052093999090280355,0.9808733793221458,0.18754633826320485,-0.97704061449669111,-0.011210386611756475,-0.21275799598591708,-0.20658618754096414,-0.19432380443262623,0.95893712314630974,1.7580957963443258,-9.765416417591851,-5.0008346813434965,,0.2401573022815589,0.2542372881355932,False,5
0.94016400746643902,-0.3405813573748348,0.009796839968081221,0.34004957223820342,0.93611411284587909,-0.089758877841620566,0.021399240296327678,0.087719477537700666,0.99591534066669163,-8.1005795814634567,8.4583186484099357,-2.1045267063226425,,0.243672046453321,0.1346153846153846,False,5
-0.84424880602398622,0.52323549163899075,0.1160541848292366,-0.53223094515297353,-0.79302633367202502,-0.29637721762018054,-0.063041054469666208,-0.31198374058917083,0.94799365560078663,-5.1335316243769151,-5.2973934608463402,-4.1985144291341543,0.6218827268115997,0.6783170260268259,0.7286995515695067,True,3
-0.89406204333339634,-0.44654194827034621,-0.035402699126416595,0.42890219298911875,-0.830581887020167,-0.35521351016415897,0.12921289223462579,-0.33276721201005022,0.93411455993974368,-1.2041966665583768,-15.181163598120669,-5.8400883841545719,,0.2557947294704142,0.38,False,1
0.86510771116289664,-0.50113774216244322,0.02120404364318489,0.49770151582856603,0.85238931318734423,-0.16039220650004943,0.062304488028078239,0.14930981931653267,0.98682558166437051,-14.716380582383529,-11.872239018369934,-5.0949532365780668,,0.3251148349304382,0.4347826086956522,True,5
0.6555690894456111,0.75246370880758018,0.063462870176149974,-0.7321487858411877,0.65394281532498255,-0.19057006500526602,-0.18489814589315937,0.078467580645627963,0.97962008678512458,13.968767568261192,-10.569462805896695,-5.4271987587400643,0.1651314668371739,0.1115494572782603,0.3125,True,5
0.053622985314401947,-0.99270469658000438,-0.10799055900389171,0.97529406067570845,0.075275873157257853,-0.20768976414619061,0.2143036879212751,-0.094185605632782388,0.97221551162020003,2.9461192371394991,-7.5614497186652558,-4.6865938852186346,,0.24932400531878,0.3214285714285715,False,5
-0.50904763077583615,0.8519814167145191,0.12246703709418671,-0.84686933025387778,-0.47031126672410667,-0.24823305555004987,-0.15389232299519023,-0.2300760264901302,0.96092776781486389,10.63551922430136,14.51580927991742,-1.5483401676640451,,0.2477296533946257,0.375,False,2
0.87136844533465663,-0.48937635464370488,0.035040205346171534,0.48592980889790743,0.85095715470810274,-0.19935932803742215,0.067744027777406388,0.190742508022539,0.97929977143557279,-0.054726530470618345,-5.5412496377862377,-4.3057907199076411,,0.2837169720406507,0.9733727810650887,True,5
0.99772909732066373,0.052808276448534287,0.041808304177878862,-0.044425191723499353,0.98250985544506564,-0.1808335872940853,-0.050626580963217309,0.17856558988744839,0.9826246889876743,-1.756074952748971,-21.450630108079103,-6.9829786780909888,0.3300685597281109,0.264526159718568,0.9859154929577465,True,4
-0.96146056670343782,-0.26945264246563366,0.054670395485961837,0.2322582986667649,-0.90238907604275298,-0.3629738807946466,0.14713823899559256,-0.33628742008435841,0.93019412474938912,-5.5574922723767468,-5.6776832737851981,-4.1986650510352055,,0.1698231452727554,0.1558441558441558,False,4
0.76155540891849849,0.64593629213136428,0.052911866859541419,-0.62646876853999811,0.75459678784758699,-0.19524489702442988,-0.16604288961275951,0.11554217532004066,0.97932617882468365,13.785480764375023,-9.0852208904130265,-5.1334915455564296,0.1942083355160386,0.1715558931124859,0.8484848484848485,True,5
-0.99899899407997328,0.017720956481730638,0.041072832000907944,-0.026580735944397128,-0.97366633674697256,-0.22642289893556664,0.035978803535643436,-0.22728799437520719,0.97316272704468088,4.6315018776234398,-15.601695952980149,-5.9783889265352625,,0.1275798780830628,0.53125,False,1
-0.94566820954743913,0.32063677055514461,0.053885979802797662,-0.32338377093221543,-0.91040183332232782,-0.25805317006579032,-0.033683440278575609,-0.26145853065316277,0.96462679964828246,1.5139628800929052,-11.507481214812524,-5.2910065767314798,,0.0836624668786997,0.4545454545454545,False,6
0.67223682955164055,0.70303445657525565,0.23203490655997147,-0.71762154317867832,0.69582102943048296,-0.029196160161158363,-0.18198067413934932,-0.14688651357506821,0.97226919439502468,4.7217956386963671,-6.6611209238909845,-4.5643582070805895,,0.08357246924756796,0.288135593220339,False,3
0.72984147135854671,0.67462106294805024,0.11053437525057072,-0.66520921625390639,0.73811326456577253,-0.11262995730675307,-0.15756943008101221,0.0086735286302635703,0.98746981959199376,2.5284700105149454,-2.7165820108694625,-3.9188954867704369,,0.1550071810462239,0.1981566820276498,False,5
0.20676527515060433,0.96174852596689708,0.17968832402912591,-0.95481205028512139,0.23842687278651184,-0.17744456870687178,-0.21349957756917962,-0.13487920200589035,0.96758747989214744,-12.487500874357478,10.574708264618568,-1.634079425572879,,0.3039603835585587,0.25,False,2
0.70575077020232657,0.68753713820975215,0.1709050436387643,-0.68610259210457014,0.72341847065674358,-0.076999671558056718,-0.17657599912279603,-0.062915815936876104,0.98227415553845476,4.4739323400468205,-6.8953797610506147,-4.6092492411278911,,0.08142066454164995,0.1926605504587156,False,5
0.84125666916708364,-0.54040815524350394,0.01569211038128316,0.53481033340502837,0.82759163060475638,-0.1704992675531605,0.07915253543069603,0.15182594870204169,0.98523284427368685,7.1115746689286192,-0.35605579347663241,-3.5740142027549382,,0.07699438330209359,0.2867647058823529,False,5
-0.68424404666680605,-0.71866696117901729,-0.12380582987383695,0.70821163136508825,-0.61436755129082055,-0.34783443923815222,0.17391483490557341,-0.32568437302185144,0.92934564042079071,1.2938459710861203,8.0865648850479506,-2.3361192342162522,,0.4167721470733185,0.1807692307692308,False,5
0.93000918032568269,-0.36627048093623749,0.030477193189168555,0.36661637456587137,0.91862317325801679,-0.14739029633442227,0.025987658804311739,0.14824776675589207,0.98860874022120704,-8.8878427483691702,-23.243103832805375,-7.2042294561624738,0.2882502978802834,0.2177222995975221,0.7777777777777778,True,3
0.96175517722206028,-0.27186799719048321,0.03338818938186304,0.27328288392734196,0.94414891998967643,-0.1841175772018589,0.018532254016136743,0.18620045377485794,0.98233698218845378,8.7509429808516153,1.330706768243852,-3.3708560600007091,,0.249322275797292,0.9854014598540146,True,5
0.83184438890151657,0.55156367841735587,0.06174480790948645,-0.53489965383066174,0.82640329018953618,-0.17589759036367891,-0.14804483437426047,0.11329214718869864,0.98247016056492698,10.36038999624191,7.9154192465143103,-2.5089392346879635,,0.4205859187419433,0.6956521739130435,True,5
-0.88090759041430455,-0.46879379639143764,-0.065070681688200349,0.45735127105216572,-0.80778349751163436,-0.37190810157193327,0.12178518800507832,-0.35737682858961944,0.92598605301040771,4.383053936868194,13.061393994166973,-1.6049974727023626,,0.2870503617881272,0.2702702702702703,False,4
0.98677605854805461,0.1559930053634169,0.044036264079226957,-0.1446902524979099,0.97017724873524425,-0.19447580021329872,-0.073059846074691015,0.18553244544876979,0.97991834893390062,19.121730910485745,0.8236352456688808,-3.6591258167581771,0.2935230220226504,0.2936932560609948,1.0,True,5
0.99683139310672764,0.0044782029536104082,0.079417374769047241,-0.00030510228332776817,0.9986218810085844,-0.052480907799629439,-0.079542948332946145,0.052290386011032391,0.99545900714259417,-3.7239488542111232,-1.6364571752371906,-3.6323848329502018,,0.5976686881936732,0.9229122055674518,False,5
-0.99173542672132242,0.12055281560852257,0.043907425735693333,-0.12753994759414689,-0.96352459343453301,-0.23527413715600157,0.013942924856719177,-0.23892964758622218,0.9709367736113228,4.3574088546428573,-4.0613363485898741,-4.100977634514579,0.1145538032398999,0.134911228293846,0.782312925170068,True,5
0.44547969498793227,0.86261267394981422,0.23968148884428303,-0.87223799453613338,0.47852834050947823,-0.1010520074854066,-0.20186312749247881,-0.16404268368445479,0.96557820796068061,-9.2714132467582662,6.7659894450086995,-2.2156299140598006,,0.3561740133262533,0.3061224489795918,False,5
-0.057707629414857554,-0.94241710842945436,-0.32942347100166236,0.97641899637308216,0.015478738590697601,-0.21532847506408398,0.20802829862569289,-0.33408143077864494,0.91930072586710898,7.3547885969329378,-2.9907249309448671,-3.9500847884277848,,0.4410089717670084,0.3043478260869565,False,7
0.69706431394188939,0.71190964459611417,0.085358070267297123,-0.69654910880574061,0.70059403737001846,-0.15487844854435007,-0.1700608163294853,0.048504151704887977,0.98423913050474565,-0.98266151106963007,5.6507495748612726,-2.5665884436320967,,0.3169500287382872,0.9548611111111112,False,6
0.88144988227762688,-0.47113879291862126,0.032777169492555991,0.46793880563907458,0.86186036628008333,-0.19552489154232552,0.063870018082316821,0.18768310217690465,0.98015084244590622,-14.366974332509953,-7.4210089559049273,-4.3361209560373206,,0.2577553807267704,0.9912280701754386,True,5
0.042195534655467375,-0.9927606715210755,-0.11245348343276854,0.98829406821826371,0.057989712580411981,-0.14110998532859464,0.14660958897607693,-0.10518289935092062,0.98358638975150603,-6.1759105340967091,-6.3778771877909586,-4.3469646519742415,,0.1074230218930017,0.3823529411764706,False,3
-0.93519463639531808,0.31280365786288611,0.16602669569990458,-0.35337635693733288,-0.79362814534398063,-0.49525702142985656,-0.023154749299632155,-0.52183161895909813,0.85273420187031279,0.99075189251710349,8.1937643543979313,-2.3024872496617665,,0.4139452975642283,0.2658227848101266,False,3
0.98528637889220871,-0.16721305616060961,0.035363051606280199,0.17079788358096146,0.9708683314630504,-0.1680558416908409,-0.0062317360136619135,0.1716230660825678,0.98514297878768609,-20.34309513678047,-14.434579747419503,-5.3793986226905091,,0.2707307499438831,0.9772727272727273,True,4
0.99782932253113288,0.052970783049911582,0.03912466281184989,-0.045966812878290221,0.98568825009581451,-0.16219039964456622,-0.047156072894951905,0.16003990054399259,0.98598353689247575,13.564916408789388,-11.516759098675708,-5.5621753906243052,0.300154999940702,0.1093941438384036,0.3043478260869565,True,5
0.98040873820820151,0.19317868930527082,0.038479865427277167,-0.18422090957010862,0.96841628012933201,-0.16802548871415351,-0.069723471816638766,0.15764486156791113,0.98503133711525648,-15.853216333155478,11.204716759907434,-1.5630667602953658,0.2696292199426199,0.2809909299297241,0.9880952380952381,True,5
-0.23450913920707842,-0.97161202008579683,0.031233732616399446,0.94848130833756705,-0.23573143491072071,-0.21169293405588668,0.21304617190321101,-0.020019316165398468,0.97683701589244543,16.771774758774459,-6.3410182512989746,-4.7735616898814444,,0.1491538270803536,0.5,False,1
0.58248165609843827,-0.81253795272026419,0.022297885504753163,0.801442294707017,0.56951672237221818,-0.18259504701157006,0.13566638700714345,0.12422873390471526,0.98293532498779412,5.1012449958362378,3.213619209628134,-3.1301962943184631,,0.09219473857566719,0.3703703703703703,False,5
0.78607695018043189,-0.61768337505712467,0.023457974615716429,0.61052452453503037,0.7699131219558748,-0.18572449914169659,0.096658332989489226,0.16031541665790811,0.98232180768091237,7.6287495237366896,2.7575189367337152,-3.1794936411895147,,0.1253279983662955,0.2941176470588235,False,5
-0.52215269604946368,0.83643726961163289,0.16652103774872956,-0.84662174300397863,-0.48480417562031419,-0.21953709384523917,-0.10289891292517246,-0.25561221665981643,0.96128778646827406,6.7604317786814576,14.316896536249311,-1.5134508055938818,,0.2860707256235655,0.1891891891891892,False,4
0.87660859598585483,-0.48053149243919829,0.025433328878939555,0.47671141329952582,0.86000505147060058,-0.18203719365837698,0.065601813036502143,0.17169972690486596,0.98296266760600715,-8.1293580174466502,-4.6422300866615931,-4.0084866211422323,,0.2460975040675394,0.9635258358662614,True,5
-0.95668322585548182,-0.28575335039294819,0.055697649016404456,0.22243578675261666,-0.84087344694684274,-0.49341074875957014,0.1878284486931997,-0.45964863641583914,0.86801129307317559,10.432009994909469,14.821065431639845,-1.5189633585651741,,0.1609543455810913,0.3548387096774194,False,4
0.99898872866633259,0.017331941803976181,0.041486428997077537,-0.0095464491286177573,0.98344075799153241,-0.18097828828363863,-0.043936150339563058,0.18039922204473235,0.98261169104534685,-6.7150668347233422,-18.109275324321423,-6.2615599040919339,,0.2775752547650727,1.0,True,5
0.9241229100482431,0.37774338696134963,0.057504614866421361,-0.36454051634535772,0.91671678959311798,-0.16352534855718179,-0.1144860649451595,0.13015475897966988,0.98486175661780961,-2.3627717393451562,-12.34751654507127,-5.351734568763872,0.1557368821784509,0.1449450696807453,0.3947368421052632,True,5
-0.9705315732435551,-0.2407727131560716,0.0098471283557633321,0.22489670677600623,-0.91969915887570941,-0.32183058966577505,0.086544419916583737,-0.31013216176781372,0.94674606184474064,-13.016271124008073,10.44413437518075,-1.6595691110462487,,0.3275800114489311,0.1923076923076923,False,3
0.57391660064264161,0.8078724061871142,0.13402205351447677,-0.79453299633756602,0.58895923022502561,-0.14779831820286207,-0.19833570842801837,-0.021661035390484869,0.97989476287414079,11.073378008605246,6.0168332851835942,-2.7846640290932734,,0.1022379288727025,0.5833333333333334,False,5
0.99056864396788158,-0.13600226331316376,0.016647701382798426,0.13701717827313567,0.98302153135075676,-0.12204491697273678,0.00023333602737069664,0.1231748889770613,0.99238495165927854,8.9018803002410607,-13.048992819168836,-5.7554202330744184,0.2667417280233582,0.1838558645699576,0.7540983606557377,True,5
-0.087040941754472162,0.99179145500629529,0.093667412876566436,-0.97254537098227334,-0.064227456046147852,-0.22367461919223508,-0.21582255637315986,-0.11056465830605526,0.97015260680689752,-6.9166717509895079,14.179174858280742,-1.369669267971334,0.31366561855956,0.2554288348079795,0.3333333333333333,True,2
0.83790588517389175,0.53238878050569394,0.12031589247733385,-0.52537142392522118,0.84644767610503691,-0.086667171057833628,-0.14798173709530113,0.0094084009290803794,0.98894534099626308,-13.60915731599798,-17.708893678543532,-6.0896830115803997,,0.2161276235531942,0.2083333333333333,False,2
0.65428485854303819,0.75432513839684578,0.053897212023403931,-0.7333880680682876,0.65028413853830158,-0.19817285581169578,-0.18453526897691103,0.090133926731714165,0.97868412154052076,12.063404313177431,4.5400834839128512,-2.9615631445889665,,0.2794654174492187,0.9928057553956835,True,5
-0.13881244108628221,-0.97781788339247522,-0.15685436913750925,0.96606841508877683,-0.098867639668126381,-0.23861476734332951,0.21781396550158399,-0.18465475012658633,0.95836303126120304,-2.51299787478959,-11.219310323327251,-5.1678724204458382,,0.4488730001727696,0.5844748858447488,False,7
0.65231089178394408,0.75646990389168667,0.047368607390730288,-0.73509234572502602,0.64663370713024992,-0.20372553119201381,-0.18474237119977088,0.098072082210440489,0.97788144627781648,3.5727583229825846,1.2014524826018067,-3.3673453552369317,0.3733748168799865,0.3268281207416497,0.9976190476190476,True,5
0.88065893877090107,-0.47267311724781819,0.031936778080163791,0.46945859436977183,0.86164100196857307,-0.19283000777615578,0.063627523409836212,0.18481046495754685,0.9807123076146782,-10.16023109355721,9.7379999837877325,-1.8137736307589583,0.3046441638130806,0.2769457636826161,1.0,True,5
0.82786960158613054,-0.55499991977727992,-0.081283527340017425,0.55621691638266013,0.83098941599740284,-0.008906875437625833,0.072489066067838476,-0.037837541509845571,0.99665122071520307,4.2872121321034129,14.427364918674598,-1.4071410823787356,,0.2419174292310512,0.3333333333333333,False,5
0.67041037118667879,0.73961470707181987,0.059329750449549939,-0.71932556725020502,0.66746302198590413,-0.19251971998113632,-0.18199083082812309,0.086389810536373401,0.97949790103398338,-5.2714748638053477,-6.3844831241169979,-4.3438613223827742,,0.2556936400170081,0.9723247232472325,True,5
-0.60503618938223935,0.77649062401783298,0.17604976668606145,-0.78331887897725039,-0.54090639537372931,-0.30631977618433986,-0.14262798945383734,-0.32323765599972532,0.93550770941139816,-18.997872328855667,-9.8181034795863109,-4.6437458735429153,,0.2619347599528467,0.2972972972972973,False,1
0.76116770763669606,-0.63494945522660706,-0.13214730477210318,0.63993538291238361,0.76840487170447802,-0.0060546542101542755,0.10538703216182344,-0.079957128814499318,0.99121159749261589,0.1107218243735425,-7.9692435907401222,-4.6852195610524667,,0.2408632629910833,0.3150684931506849,False,1
0.35667241651527154,0.91459634113584143,0.19052118012989677,-0.90206024283144914,0.39020837846393924,-0.18445796182168486,-0.24304753773701074,-0.10607051502408706,0.96419756286899083,5.3580733306288115,-19.201208533745138,-6.672622852322486,,0.1865425945493173,0.3529411764705883,False,2
0.93813761756774317,0.33742059497534044,0.077750579359934346,-0.34241469268159858,0.93740473430449089,0.06343928072805341,-0.051478041338852074,-0.086137716419775495,0.99495241347006214,4.2290598225939622,-8.847610379920285,-4.888839183703495,,0.3353719751357539,0.2269503546099291,False,2
0.97074551153056665,-0.23776290643972384,0.033495554400430554,0.23986004673224975,0.95387750780708902,-0.18051276431692648,0.010968583539361802,0.18326620097844146,0.98300213110352319,8.279633809382986,-3.0469012751956472,-4.0028214044485084,0.2886534348992096,0.2363495823834073,0.8482758620689655,True,5
0.83610316894809422,0.53129827568574162,0.13657830401755561,-0.52540332541003754,0.84716630566931572,-0.079123929292454084,-0.15774294444769471,-0.0056029270886410847,0.98746431362607268,3.7065256805062594,-8.8273903832374092,-4.8561088359167295,,0.3864741058422319,0.5447470817120622,False,6
-0.20912848343886603,0.97499919753658781,0.075112197528568958,-0.95773834090600884,-0.18870181333872565,-0.21709190680742321,-0.19749062705142767,-0.11733793268030408,0.97325703787907292,6.9635618335575922,-7.6114702788540534,-4.6883894247557611,,0.07957258346136181,0.3387096774193548,False,5
0.39729862003663324,0.91596886071922368,0.05616807553864521,-0.89360180335400552,0.4000761849669609,-0.203506420696625,-0.2088770536929718,0.030660926519106228,0.97746114195170664,-6.0925777778366399,5.0152387661578235,-2.6180037511439953,0.2872395976082243,0.2417576937331045,0.9909638554216867,True,5
-0.30748057249483918,-0.94946110247918281,-0.063081791487410444,0.91389332664807688,-0.27619527012023415,-0.29751497486903433,0.26505600360368603,-0.14913010307186816,0.95263084524458763,1.2673792079542479,16.125034571497491,-1.1717712769745106,,0.1817209756912029,0.3636363636363636,False,6
0.079210368768824063,-0.99657883340139564,0.023586994209127538,0.9783964963390559,0.07318902798470811,-0.19334855089737435,0.19096076411390858,0.038392642510878747,0.98084656882208932,11.097730416827178,0.32283085773504261,-3.57622628511636,0.1437293054065232,0.2183883039586327,0.8731343283582089,True,7
0.86446945686864929,-0.50204650260010319,0.025335101504188714,0.49766607466005391,0.84764575515616791,-0.18391615453293836,0.070859270908445557,0.17159831873516337,0.98261537782267039,15.473917676733391,-0.76592321143025943,-3.7973766068232244,,0.09309404596836154,0.4285714285714285,False,5
0.99968203523433741,-0.011123299808102727,0.02262964054319248,0.014617561969119926,0.98690442202164386,-0.16064242489518776,-0.02054641846682715,0.16092213643717934,0.98675321671260952,24.75479629988293,4.7688060649947053,-3.0714428866328163,0.3119834360906519,0.2493872384328748,0.9122807017543859,True,3
0.75911057529851489,-0.6495747464947832,-0.042470968745684623,0.63998000660432508,0.75664786241396442,-0.13382676657196521,0.11906605568627331,0.074408742904429226,0.99009424468718998,-4.5632044085236902,-5.1808036688231969,-4.1957748747936305,,0.6727502764721401,0.734375,False,5
0.7921815598341394,0.60710934935879091,0.062182104981223549,-0.58919353927847462,0.78737830915507012,-0.18134599952744271,-0.15905769246174423,0.10702166226165781,0.98145148340378852,2.1652934381635509,-8.2177518579768929,-4.7647635642332666,,0.2250824450207628,0.952112676056338,True,5
0.80477009542955591,0.59004359728951983,0.064758372431258329,-0.57328576774287976,0.80089503866756528,-0.17294671301049691,-0.15391075987649311,0.10205728947665238,0.98279997337144775,12.316106917302864,-3.0651410131138936,-4.1197479305528777,0.2488469740456089,0.2205789412424677,0.8645833333333334,True,5
0.84584296899539735,0.53014260425843196,0.059148042665315467,-0.51352238218041502,0.83926270580132289,-0.17869771585219824,-0.14437601878706247,0.12077636275831763,0.98212455187622116,-2.7205504435795689,-16.053593146287852,-6.0081776708772754,,0.2630588969043624,0.9583333333333334,True,4
0.13549518713299127,0.93146147471378404,0.33766932846768433,-0.94843590599716943,0.22050785115848273,-0.22769633240962725,-0.2865490995957285,-0.28940595830336596,0.91330926022864056,11.647927976328418,3.2175650624642609,-3.147117477269989,,0.3848515788817169,0.2377622377622378,False,4
-0.90974725813161428,-0.40932699737129274,-0.069363791310841139,0.40884442253231851,-0.85427229482552958,-0.32103751253979718,0.07215375587055245,-0.3204219959936071,0.94452293778248064,8.056968982618514,5.5929187208062903,-2.8301860533861909,,0.3966570150683342,0.4554455445544555,False,6
0.94659579735085098,-0.32152023270370328,-0.02410677083031422,0.32236506334041276,0.94519116848715057,0.051907812046247642,0.0060960950813069986,-0.056906897438302892,0.99836087796382944,-12.472734496504639,8.5941331748318941,-1.9300992659015261,,0.2656318220694441,0.2631578947368421,False,5
-0.48286610921892392,0.86781790688280347,0.11718532784153481,-0.84925087229165108,-0.43143581997768615,-0.30436177347369126,-0.2135726491844101,-0.2464857272414194,0.94532085018083756,3.7054193110652416,7.8168190688345849,-2.3493989938154871,,0.2687373290332086,0.7204301075268817,False,2
0.99107762605917926,0.12438261148063053,0.047896817077548406,-0.11673467705938861,0.98346221171232062,-0.13847416114839026,-0.064328487443292684,0.13164742342776256,0.98920715808575166,10.803054683300742,-2.4219881226666562,-3.9649318116097905,,0.1598723021203111,0.5714285714285714,False,5
0.60075378410233016,-0.79938444475033743,0.008910688970307945,0.78628278025090703,0.58882073873035934,-0.18721518934621145,0.14441011172225734,0.11947655473869559,0.98227851065781568,0.69549885500645225,-13.158908941634571,-5.5556906794686176,0.18795109612818,0.2092852698601097,0.6363636363636364,True,5
0.96148016460581875,-0.27304818754243071,0.031631951399857285,0.27426079161162215,0.94527624414515987,-0.17673098324681999,0.018355142443896529,0.17859873889424574,0.98375077088216345,-7.6379313709503682,-11.79984519896038,-5.1993282506167739,0.3193437430732615,0.2881188876537472,0.9798994974874372,True,5
0.9681129415674834,-0.24710833499534479,0.04116798689981558,0.25030542418651464,0.94744889865054038,-0.19921791854320497,0.010223844304559415,0.20317001555767661,0.97909009686848036,4.767223208494439,11.002704675196014,-1.8836205345535846,,0.2613923379054769,0.9140625,True,5
0.96937508804504968,-0.24368580681118285,0.0304822282065072,0.24522954184913764,0.95381254461807485,-0.17350533574980831,0.01320645607695968,0.17566689297637914,0.98436107817706375,-18.877800133568318,-0.073821336266589044,-2.9495858145319072,0.3554606541573061,0.3116503339917857,0.9864864864864865,True,5
0.60455933981379795,-0.79640516285416829,-0.015710544966059288,0.78102312987846811,0.59652849580570122,-0.18481510838302476,0.15655949424658475,0.09946140091016889,0.98264772654814647,0.99829751038802261,-8.3057858709872203,-4.7275185570009821,,0.1395852330396338,0.3157894736842105,False,3
0.94248096756041244,-0.3330154154320365,0.028815948206120458,0.33257988260948612,0.92562092112113215,-0.18060047637348106,0.033470098145210382,0.17979611638602236,0.98313432910394039,13.359591803378493,14.531867445651352,-1.5661887119197562,,0.2417973356529878,0.9264705882352942,True,5
0.84536178767676884,0.51665713423873139,0.13575291369308007,-0.51860048743199916,0.85469581009189566,-0.023422353567748744,-0.12812877261268152,-0.050601164527916118,0.99046581959055424,5.1173944477356601,-8.0965041172262264,-4.8011370933747388,,0.2132909147606494,0.1379310344827586,False,5
0.99625843931420333,0.072349704497803438,0.047272003916773664,-0.063830949836598233,0.98473993660775927,-0.16190388226569091,-0.058264328179295402,0.1582806921542407,0.98567362273370651,-12.783536820033891,-23.430611819501038,-7.1729052620449822,,0.3323884862653607,0.8307692307692308,True,5
0.94125117873770137,-0.33725868624746885,0.017401065355829203,0.33642821760563552,0.93196012415481355,-0.13515317748406161,0.029364484051000977,0.13306729701911962,0.99067190408350769,1.0022041642461612,-4.0712012773631425,-4.1118993389204332,,0.767387054717767,0.6896551724137931,False,5
0.49992101436778497,-0.86528312665494789,-0.036933590669247979,0.85492497766966569,0.49985796599586857,-0.13872741757488216,0.13850004314081479,0.037777302136490915,0.98964165913389179,2.0205943946329139,-5.9726701764301531,-4.4255277737405958,,0.1907838878367368,0.2988505747126437,False,5
0.96345142743774459,-0.26787712689064413,0.0017865768908562965,0.26783019621730464,0.96310727145978192,-0.026293909094970758,0.0053228716284788036,0.025811403489703191,0.99965265892084698,15.353865995163927,-5.6291866731688209,-4.6333608211051853,,0.2828218214112826,0.2941176470588235,False,3
0.96932795734650046,-0.24393641621583922,0.029972253005626,0.24546721619225018,0.95484417671471,-0.16738710813211929,0.01221298003304034,0.16961020912014582,0.98543554841548742,1.414725128781243,-2.3920733190378662,-3.8591163565016222,,0.1950660806463967,0.8996282527881041,True,5
-0.99013739501118714,0.12925798591290472,0.054039911900367443,-0.13963673069451274,-0.94182928936775501,-0.30571093066813443,0.011380792652896515,-0.31024178114297912,0.95058956168886199,11.718417162542526,-4.9118408591454799,-4.3398879564370469,,0.1939573392257271,0.2580645161290323,False,1
-0.50531830566878633,0.84601700874340002,0.17002538302529399,-0.85186898288365998,-0.45761047284378542,-0.2547781214006552,-0.13774122823899454,-0.27358339872981718,0.95193459753423004,3.0358612253168769,7.4683492905913571,-2.4344574020153598,,0.5056490798644746,0.2051282051282051,False,9
0.7977245193344128,0.59966570747844683,0.063534482976198875,-0.58251301304397241,0.79354867741067636,-0.17595194291111993,-0.15593005126373782,0.10335151597407263,0.98234631533830685,12.706989334700884,-10.481378893166431,-5.3468348091987368,,0.1324497477628214,0.9032258064516129,False,5
0.66142421334120283,0.70067916807245612,0.26751955710800274,-0.73131160357923697,0.68166487959914557,0.022722904555706774,-0.16643722082616094,-0.21066963556804649,0.96328446274882407,-10.663554197395815,1.9901873889219197,-2.8991164271041301,,0.3907488117940084,0.3548387096774194,False,7
-0.64772735414629978,0.7575692195160979,0.0808588420174568,-0.75098446558088372,-0.61698628077325879,-0.23526636349843044,-0.12834175916991333,-0.21311219340842891,0.96856160664865332,15.955077649732507,-14.000375893316667,-6.132271958069067,,0.2088849520183726,0.28125,False,4
-0.26753951563838746,0.95541043722385677,0.12495400760158416,-0.94556995561923951,-0.23539776313157773,-0.22468945712445007,-0.18525675858712271,-0.17826606395040359,0.96638560825450215,4.729935854785249,7.1673986675365517,-2.4435515731914119,,0.1607387618858967,0.3023255813953488,False,5
-0.48522942412396219,-0.87296024508072945,-0.049928113051885062,0.85303195773747376,-0.46006389726691704,-0.2463284179914062,0.19206479386629277,-0.16211607243012399,0.96789952681925095,-13.93528772101377,4.5841386196895657,-2.3696342155430492,,0.2095191629948094,0.3181818181818182,False,3
0.96514694051132444,-0.25992601058739923,0.030493478675761212,0.26164094682968614,0.9609741761444327,-0.089847914419833419,-0.005949635593472169,0.094694782346482487,0.99548857353194031,11.217264785240902,13.053208972828385,-1.7693899105107294,,0.1884952324829245,0.2962962962962963,False,4
0.11535820611511817,0.97504858311443421,0.18966482237999863,-0.97031162589808884,0.15147412247333286,-0.1885495660773083,-0.21257429978459169,-0.16228324247274656,0.96357475905277978,9.0702086036472647,5.837546643996868,-2.7914867245495905,,0.1115249369678147,0.1666666666666667,False,4
0.99401576284969928,0.1050938799487854,0.029798315449750312,-0.098514952431382474,0.98031131213300982,-0.17112724929566575,-0.047196052311342593,0.16716760362393415,0.98479821534406653,0.43773935869193409,18.838558500283725,-0.76670516532695299,,0.1990277961110023,0.82,False,5
0.32421608263612495,0.94448763281086046,0.053169946656188495,-0.9219683387095724,0.32807009149440047,-0.20577754368241016,-0.21179781438248124,0.017695381719312391,0.97715329364875581,10.114702470805282,19.064868754318226,-0.91971450323573167,,0.3105921841952113,0.9491525423728814,True,4
0.92875984909753306,0.36524419958619103,0.063259919166644321,-0.35143448159226892,0.92189427696799731,-0.16310961725669823,-0.11789379904092026,0.12925794661178888,0.98457779549683277,-24.18827978153805,-5.4683325720311196,-3.8250665771654115,0.2273281319854302,0.2294055023552778,0.9411764705882353,True,3
-0.30769545761513728,-0.94866078852675606,-0.07325444474436632,0.92312562854491809,-0.27898182847974956,-0.26459065233232637,0.23057011793934132,-0.14903639719843498,0.96157452806506338,-9.8328616854199673,14.624473901471836,-1.2956404844084455,,0.2061939188568046,0.5,False,2
0.96702702023058884,0.24976169286456129,0.049777895911527821,-0.23856413833592818,0.95679783257862305,-0.16620788029719577,-0.089139744468932053,0.1488522903763303,0.98483354004914758,-15.325152204756053,21.06255295804743,-0.24555826723308313,0.3079393117710497,0.304476704816428,0.5833333333333334,True,4
0.99880629915609853,-0.0029561655000489026,0.048756926191424833,0.0030495896865468863,0.99999365378668048,-0.0018418439427431987,-0.048751171974050392,0.0019883339513354415,0.99880897561007931,3.1037758604285828,13.728255754290402,-1.5120907680889979,,0.2260671360260018,0.2592592592592592,False,2
0.027609661381434652,-0.99911339604705107,-0.031782517800398827,0.97845062089005452,0.033519842891900783,-0.20374200011870508,0.20462670665939636,-0.025472376642795717,0.97850859421361158,-2.2960984609040924,4.1553396994289731,-2.8320653653951369,,0.1117131529483091,0.1274509803921569,False,3
0.19860242060586397,0.94887908812133404,0.24532744374716445,-0.952488054384798,0.24584363180115928,-0.17979826182997183,-0.23091900048232197,-0.19796308956177322,0.95262113685735728,6.6021225376389543,11.646778370480654,-1.8339751266645863,,0.2659825298076773,0.2173913043478261,False,5
0.28669799294962339,-0.94332365556440279,-0.16716680798312888,0.93944474772887798,0.31102107112775884,-0.14390781521225599,0.18774404598623312,-0.11578589796323324,0.97536957048575479,-10.689492936588712,12.955172242940844,-1.4456538642679306,,0.1749960941174822,0.1923076923076923,False,2
0.95753841348067015,-0.28760204314736532,0.020130859057255621,0.28706291052452859,0.94460736064664752,-0.15909688750368906,0.026740832262823575,0.15812020424232989,0.98705771305443757,10.804826685880542,8.7371232891353348,-2.3704165035321036,,0.08063082959193836,0.3529411764705883,False,4
-0.97997357627787474,-0.19572808409824033,0.036637506634393406,0.18181228736776928,-0.95452630637327296,-0.23627065540074299,0.081216266592676806,-0.2248778502579325,0.97099632877993869,11.89048754438317,-2.0615897290230274,-3.9519123443072623,,0.1263001998385641,0.2285714285714286,False,2
0.83606436797979022,0.54533105223946154,0.060086737787597544,-0.52809928737304335,0.82961579708967115,-0.18124230161679417,-0.14868596191516403,0.11979846694624628,0.98160114712987756,-16.276235890988584,6.1029485076053547,-2.1286700156649556,0.2865930572464994,0.2452492613117192,1.0,True,3
0.45427163652272445,0.87567019520745859,0.16382609522386077,-0.86691465774249621,0.47687356648316359,-0.14508817243607031,-0.20517372259179989,-0.076113801737657957,0.97576146303431377,-16.549239841557895,20.189714896830797,-0.31004423843395362,,0.1023044504330133,0.2352941176470588,False,2
-0.035042699202646348,-0.9955838485664702,-0.087090812983741772,0.97689770872690851,-0.015741252475531396,-0.21312690973834908,0.21081479055490787,-0.092547357844931441,0.97313519648567504,-25.95892240658932,3.7269714109484537,-2.2105810762361342,,0.1825658783544444,0.4,False,1
0.9298197433833868,0.35982151248118571,0.077225151150418891,-0.34308349957724665,0.92345011586390258,-0.17185341378271918,-0.1331501300498148,0.13329802199093935,0.98209097348515584,-17.629017636179384,18.990669703615939,-0.37143429251993754,0.221282026556997,0.2258590218405338,0.4230769230769231,True,3
0.63775527138497246,0.72903530298672803,0.24854726073672795,-0.74725789770450513,0.66386450810048692,-0.0298253114441899,-0.18674540995409977,-0.16670765394411002,0.96816047738870625,-21.112859539996467,2.5016838078921451,-2.5352555367142049,,0.1734054963252509,0.1481481481481481,False,1
0.99902153828556228,0.01465702919498473,0.041726940179302854,-0.0082646109979410479,0.98873715707340448,-0.1494340336986705,-0.043447235200901692,0.148942961289146,0.98789085026424761,-19.707258565204132,28.439041909253945,1.1697384642670303,,0.2259533828185313,0.9285714285714286,False,1
-0.40875474724153682,-0.91218715988846333,-0.028881515578784947,0.88759418717540095,-0.38997268144695885,-0.24514866227966492,0.21235845992083258,-0.12584074483127047,0.96905520556899383,-23.360636533745755,1.4442132366142619,-2.6638746273660079,,0.1578776005818949,0.3076923076923077,False,3
0.47692424847320558,-0.87770541656122769,-0.046652577178004202,0.86329744792931506,0.47774434797119758,-0.16272017201412514,0.16510838142565393,0.037330144932170961,0.98556871026952941,-24.872520474318378,15.465192322285958,-0.51168479337765904,,0.1876356663957637,0.4545454545454545,False,2
0.81369373891490193,-0.58106326988878054,-0.016369961418586404,0.57441615845647442,0.80806668938527115,-0.1306686741726355,0.089154787615664921,0.096921111694439732,0.99129093708815896,8.3894800254362494,-15.519131670581888,-6.1619063947743813,,0.117693250865566,0.3548387096774194,False,1
0.88129977109930047,-0.46959060642902878,-0.052871313714904458,0.47153396174082962,0.86650896070075756,0.16376185132775292,-0.0310875599769544,-0.16925390210837721,0.98508206776682783,-10.796223085542616,13.811515449877144,-1.3191506827910893,,0.367199902847392,0.4313725490196079,False,2
-0.92487681051698634,-0.37959933017160175,-0.022521853857932539,0.3607546183796676,-0.8571511067857569,-0.36762492496251187,0.12024554330896089,-0.34813263085959545,0.92970139326834933,8.3190571057516198,13.187835098511496,-1.7004078378739578,,0.2488490857658948,0.4074074074074074,False,2
-0.9803158007386662,-0.18911836557735751,0.056702509851474452,0.16102915937239909,-0.93203913857137599,-0.32461154323736846,0.11423896294139807,-0.30909106744206694,0.94414626587917916,-19.118447547449957,1.1682673462506061,-2.7692580631525048,,0.1740573303754687,0.3157894736842105,False,2
0.26656716971486832,0.95992277601495524,0.08654598845669513,-0.94007998101254131,0.27875751064028553,-0.19632595233715386,-0.21258309746935172,-0.029026097728990383,0.9767117856977886,-22.046893966314638,5.3730698147674776,-2.0968395280503329,,0.2304341491433527,0.5555555555555556,False,1
-0.79644096859957625,-0.60469461721907847,0.0051189298141244913,0.58362932710346904,-0.77085679406393659,-0.25525793149326975,0.15829905900201077,-0.20031031663831653,0.96685944426650594,22.396746613279316,-2.4766489950512254,-4.2946601772206909,,0.1539581981409828,0.7894736842105263,False,1
-0.21748816155520687,-0.96489081087326345,-0.14725699533696893,0.95249476449101855,-0.17685400004308446,-0.24794432093911584,0.21319620822269539,-0.19418647162224378,0.95751709699533227,-0.25179993311478754,11.700852764478645,-1.810700458070424,,0.4273711807796656,0.4074074074074074,False,1
0.013631622272008538,-0.99456893774718047,-0.10318336562972902,0.97782429908704205,0.03482696135968525,-0.20651082992759826,0.20898281984212885,-0.098080124545679687,0.97298842242851813,0.50129056958928753,-10.239187298344921,-5.0780430313218705,,0.1066653827159338,0.2222222222222222,False,1
-0.31542421589000796,0.94021984663696523,0.12842976298403733,-0.93049371917332413,-0.27988075731842788,-0.2363222381873078,-0.18624983921917621,-0.19404484448916864,0.96314983035766877,15.112954446639172,6.5953400163187759,-2.7010051765591312,,0.2807087182830907,0.2222222222222222,False,1
