axis_00,axis_01,axis_02,axis_10,axis_11,axis_12,axis_20,axis_21,axis_22,location_x,location_y,location_z,dbh,dbh_approximation,score,reconstructed,number_clusters
0.25396873483024357,0.95853633929806636,0.12925930517292408,-0.94468078409751932,0.27450517369136296,-0.17951358102820633,-0.20755263883078212,-0.076517944704078467,0.97522659226081509,8.1342040086168605,-5.4809397782621767,-4.4511478294995479,,0.1712927048855887,0.3846153846153846,False,6
0.33630500459724011,0.93691956348488326,0.095292578106303344,-0.92169983665390676,0.3482245563413825,-0.17090661038417726,-0.19330896253151841,-0.030354405283960002,0.98066826964312692,-22.763569368453815,-3.5567861983600779,-1.7159774228235622,,0.3079113079734123,0.717948717948718,False,1
0.08383260209498751,0.88624658216727104,0.45556458424993218,-0.97468630461381256,0.16801897117853387,-0.14749994210974154,-0.20726481231567889,-0.43166725717957455,0.87789787370445849,6.5765515929429847,-1.3050047448210937,-3.1549851371942808,,0.4988322508083603,0.1460674157303371,False,2
-0.46040886809697817,0.8831840951156702,0.089495968134741088,-0.87134381794912807,-0.43035155919446794,-0.23570635634349729,-0.16965737561183908,-0.18650305529295133,0.96769467564252842,1.999437372234008,-9.9188815411942901,-5.1413693306759436,,0.2714999015017394,0.1136363636363636,False,4
0.22914731691660944,0.97294437595216199,0.029508447146152108,-0.95273981592372803,0.23039400636645452,-0.19800364891596189,-0.19944510599044621,0.017258132386570979,0.97975701404123039,3.2139755194083968,-2.1151894449005288,-3.0274391974826389,0.2752694564780281,0.2116490682401753,0.9287790697674418,True,5
0.14166554760956621,0.98155956294329616,0.12834210928236855,-0.96933385867930344,0.16384902327853343,-0.18315394614521127,-0.2008052365810564,-0.098459747944204784,0.9746706802794417,21.219465286402102,9.5687664339592065,-1.4632923003494731,0.2955649999631917,0.185732324312805,0.4705882352941176,True,4
-0.18532708996272909,0.97982555914704017,0.074804701510900767,-0.95458254814917154,-0.16143410399251365,-0.25042202147009257,-0.23329386724682599,-0.11781724708345023,0.96524249170594223,1.9886057978294387,-16.534760795681279,-6.9195990432635401,0.3005153004312102,0.2140760127371666,0.6,True,2
0.93980940177411354,0.3298702779235419,0.089128491963168827,-0.33271915970922505,0.94283792398775557,0.018831087404800495,-0.077821906294889331,-0.047352389940797573,0.99584210699664866,6.9545023032674962,-10.229075818188392,-5.5632480355408553,,0.1639360579336821,0.2222222222222222,False,4
-0.60567314921138138,0.79157958786484661,0.081004891210895741,-0.77895193693753684,-0.56904938505956848,-0.26347044863625335,-0.16246204561567398,-0.22267589325979653,0.96126038631336741,9.9583324378502205,-15.747963207284263,-7.3369857842293174,0.324919800809331,0.2352070332166824,0.56,True,5
0.3548878677934727,0.93423363479972443,0.035526284662174772,-0.91523295927409198,0.3549230310107529,-0.19073088978067651,-0.1907963090612369,0.035173252153240131,0.9809992919373457,-7.7551363794060784,-6.5539402305683563,-3.4110183103008977,0.2867455410763652,0.2696702129312508,0.9548192771084337,True,5
0.31667365207726972,0.94395251459670737,0.093120611395094852,-0.92838056718773043,0.32857782447376455,-0.17362642578903348,-0.19449246912986387,-0.031468451672110147,0.98039911056728712,-13.583471387303387,-11.325109989522616,-4.3578132926048037,,0.08521708058572579,0.1,False,1
-0.8885759016812842,0.43812009190864321,0.13595459542529276,-0.44890658652288673,-0.76947766442721821,-0.4542983606882196,-0.094423214982667009,-0.46470948883533231,0.88041430443782642,12.45800779664385,0.60052402364963464,-3.1355179643290669,,0.233635479277089,0.1428571428571428,False,4
-0.73482129256676298,0.6721398290033529,0.090915995610543837,-0.66516648474713935,-0.6879200495881076,-0.29037829282477401,-0.13263187987677155,-0.27385042567438206,0.95258318733762803,-6.3862119960705472,-10.865595377976172,-4.5975968497766484,,0.2566219699598946,0.2363636363636364,False,6
0.020157191670242772,0.97350844122079405,0.22776084495766491,-0.97889666357049188,0.065553005001063994,-0.19355651780782351,-0.20335931174777538,-0.21905277539257711,0.95428552955511214,6.0040585919855287,-14.475090156523107,-6.7395458634809673,,0.7190609346171487,0.2727272727272727,False,2
0.29200399218229367,0.95212621970438693,0.090494918647609612,-0.9384744931212593,0.30348212178385059,-0.16481573807852351,-0.18438897556632639,-0.036800319414464849,0.98216416254137207,-8.3448260453408949,-15.352293609463294,-5.6867419219848916,0.2091716218034327,0.1722166339373616,0.3541666666666667,True,5
0.99201973064031768,0.12486482902051636,0.0174822336670186,-0.12048744763457152,0.97968648775702261,-0.16030333954355103,-0.037143357182912305,0.15691768600124667,0.98691297024468971,-17.163658941657186,-12.266417922318203,-4.2725186262729862,0.3300103291303588,0.301342155142729,0.9855072463768116,True,4
0.15993075960005107,0.9862877007281895,0.040727429651922824,-0.96637458651748531,0.1648507901559991,-0.19734329357265301,-0.20135121223104233,-0.0077966901467466307,0.9794880810688027,11.506825581258548,-7.2185220952760893,-5.0353513637858196,0.2939051205530649,0.2635160388265209,0.9430379746835443,True,5
0.97192207109875028,-0.23529427545581699,0.002022782449879211,0.23216957854088274,0.95754588699359644,-0.17088932413055341,0.0382723726892681,0.16656073438650132,0.98528815442456463,3.6186358915787036,-8.8503003156055211,-4.8939343862160563,,0.5657171546460611,0.5274725274725275,False,1
-0.99837341347825692,0.034795307401980051,0.045164298318198702,-0.049835402548133373,-0.91738948293540368,-0.3948581634617403,0.027694041103440099,-0.39646667348254455,0.91763130771843571,-5.7910695934187952,-10.91951013180952,-4.5915970717445775,,0.4671704140094058,0.383495145631068,False,3
-0.14876656628435944,-0.98884159278378447,-0.0077982778092469049,0.96807194463163893,-0.14402386027988343,-0.20516782809982398,0.20175534385259683,-0.038071407262005905,0.9786957388157016,-2.8586392444323523,-12.245419388040775,-5.3389476910113265,0.1593439016183322,0.2079081167425173,0.9470588235294117,True,5
0.99603208198323179,0.087985212548389924,0.013367648744728351,-0.086083543508690755,0.99062303745818658,-0.10609251243185253,-0.022576873059286132,0.10452081146800428,0.99426640533256172,1.2950413451382696,-14.766394998040152,-6.3504324118819904,0.4065373010123366,0.2319569680250228,0.5128205128205128,True,4
0.73664754213849137,0.66458676079280754,0.12519918546158504,-0.66087822901379267,0.74671172831434207,-0.075243346638774092,-0.14349343217344115,-0.027313589598094226,0.98927428084750813,10.64513142537588,-4.4548049826261451,-4.3387349795084083,,0.2085866162253291,0.3529411764705883,False,1
-0.99823855861897404,0.057401829951024858,0.014993665482047953,-0.058388738761235993,-0.90576105793956763,-0.41974713948527159,-0.010513575613750915,-0.41988324072111938,0.90751723338421786,-13.821764548291251,-8.1351043653991102,-3.4699469489581283,,0.2691723007729769,0.3272727272727273,False,2
-0.86257564402979114,-0.49353289233487246,-0.11130382971922125,0.48822337735944515,-0.75430624769572729,-0.43893053947854699,0.13266948453328331,-0.4329519244336103,0.89160049293554444,7.7551615780990337,4.8335127679541676,-1.4813009563577888,,0.2735784856029304,0.2383720930232558,False,3
-0.99986005973103664,0.013141659834667856,0.010351701861900368,-0.015328240018501494,-0.9675486832428446,-0.25221933037135053,0.0067011948623362308,-0.25234270810115972,0.96761472273606386,-0.085632029744886068,-25.002908850460994,-8.7518462763650593,,0.1393493288304927,0.3333333333333333,False,1
0.91888005423522445,0.3760789552014342,0.11926468623724318,-0.37207647593036119,0.92656666165772483,-0.055075562309450071,-0.13121944211096787,0.0062322515238492082,0.99133375663952306,9.627262607242379,-9.9617170065835108,-5.778772503999674,,0.2070607685326055,0.3333333333333333,False,3
0.47431947368383559,0.87941720432576542,0.040576072014718675,-0.86155146846903741,0.47317096276384968,-0.18395191539088779,-0.18096989822380405,0.052293601262353065,0.98209738580442185,-3.6854621113564359,-5.4147673968540904,-3.2933937983044252,0.262543913898611,0.2222912244588089,0.9456869009584664,True,5
0.7919007117707616,0.5984588958892435,0.12140927735551366,-0.59819244310663955,0.80021333993651556,-0.042713131444041819,-0.12271537681590777,-0.038801553044611553,0.99168310249507396,-13.256259385370825,-7.419317327959309,-3.3484466118050049,,0.1909575990095669,0.3529411764705883,False,3
0.23136147050667522,0.96402244012499483,0.13089157688881617,-0.95918431730185327,0.24851938218066555,-0.13492057709155952,-0.16259555777193926,-0.094333724701149674,0.98217301580568828,0.60590220437301312,13.134122212760468,1.0274188475753343,0.3401034255937317,0.3029679445254593,0.1847826086956522,True,6
-0.6610221318342695,-0.72846526553786695,-0.17996693621363227,0.73687648149336304,-0.58491860133346685,-0.33894436244915094,0.14164318637773676,-0.35666312778158699,0.92343306256263957,7.212675966852462,0.93797834199627173,-2.5750913250353977,,0.4922214329676763,0.4010840108401084,False,4
-0.29382332398117195,0.94841804203806457,0.11904231105510435,-0.9339205614538687,-0.25831489703132676,-0.2471149507119845,-0.20361787539002255,-0.18378419820098779,0.9616460519927662,-1.208659661166974,2.9001463968417016,-1.3147831146517945,,0.2878023194691098,0.2654028436018958,False,4
-0.97817675657949055,0.20465556334196364,0.035865488715651456,-0.20698768734864362,-0.94483685967573405,-0.2538491794041462,-0.01806461108601911,-0.25573308153479435,0.96657863665354726,2.1640272825539055,-15.768361773956052,-6.7450360523965358,,0.1605656293418257,0.375,True,3
-0.14877682582785973,0.97655791844100903,0.15556377478947503,-0.96365571280052287,-0.10787928640904633,-0.24439665863262444,-0.22188538321282739,-0.18627047939498842,0.9571155547907777,8.6257130981912091,-6.7939338990570635,-4.786864667858783,0.6021321901541421,0.2615857924662129,0.1587301587301587,True,6
0.13284702552636907,0.98594125280074474,0.10134847721842952,-0.96812261816261869,0.15098960856252922,-0.19985178084793581,-0.21234468208729274,-0.071568038479704429,0.97457054739891191,6.1955031542499581,-13.968860293090044,-6.6645820324518583,,0.2788029113042381,0.3888888888888889,False,2
0.74950005004691234,0.6566351134021009,0.084142752671191839,-0.64104001771178809,0.75161192457904447,-0.15539372742377611,-0.16527967410345945,0.062528734818437043,0.98426255981331501,5.0681208286032708,-1.122609264872994,-2.8993000062025205,,0.1574525295359645,0.1333333333333333,False,6
0.098374180456210131,0.98831651259253617,0.1164173163944959,-0.97457272600389466,0.11934498290051457,-0.18964381557491858,-0.20132193707817048,-0.094801086456870506,0.97492678271636901,14.751688146901564,-6.2322749845143237,-5.2334140666330127,0.4616752605882599,0.2287172685656008,0.3773584905660378,True,5
0.42969923211891015,0.90201424409315434,0.041579723056740146,-0.88354335991667432,0.42950841066006384,-0.18674489636780173,-0.1863053973012431,0.043506650357412809,0.98152813016800722,-14.603799029576185,-1.9189941436359192,-1.7311367284367389,0.2126491391227075,0.2399716258531677,1.0,True,2
-0.16027519186638323,0.98658407317510044,0.031043991840989667,-0.96680912641633732,-0.15056739168481506,-0.20642086531964679,-0.19897732521640335,-0.063097758426594305,0.97797070351379445,1.5112641413053305,-10.339339564339991,-5.2247693245310884,0.3511514724104622,0.25414219662471,0.9071428571428571,True,5
0.52086463651986592,0.85194810662045717,0.05370711357767529,-0.83374582007538633,0.52122186190667941,-0.18219681165529589,-0.1832155504586028,0.050121794624213338,0.98179420846417653,-12.86867309179644,-12.920756557031261,-4.8315236374329054,,0.3022346483538667,0.9626168224299065,False,6
0.31775490492153252,0.94666794609256166,0.053400564034477439,-0.92802420337859182,0.32205769351822255,-0.18721623858323355,-0.19442967454028046,0.0099318621927189168,0.98086617831972733,-20.52905362269145,-7.9684285837815025,-2.918480114792501,0.2826862057359863,0.3162876048404692,0.971830985915493,True,1
0.99775202682507746,-0.066236279731284153,0.01018077668012432,0.066162986402118582,0.99778157192689076,0.0073752256547079953,-0.010646698868877619,-0.0066850557562271404,0.99992097579395389,4.4306679722426017,-12.79444766000292,-6.123445025453961,,0.2849591661374154,0.1923076923076923,False,2
0.42568248019672406,0.90008909456049557,0.092919577629426112,-0.88935615966265891,0.43510637756575526,-0.14045661775684246,-0.1668533707290657,-0.022848677311206822,0.98571694244416608,7.0325972046340732,0.55048947814534532,-2.6083311344313231,,0.1600170498277627,0.2335766423357664,False,5
-0.32681622987338871,0.93665726161557383,0.12595366669596156,-0.92244554998960637,-0.28714331556473321,-0.2581529074615726,-0.2056340419184417,-0.20055395929600894,0.95785841866894816,12.509194858824118,-21.420296312474242,-9.0119901294578995,,0.4283722273522135,0.9411764705882353,True,4
0.87618781508867249,0.47770806111538089,0.063952490455976868,-0.47363639040657213,0.87799254218395639,-0.069265182826486318,-0.089238345865281538,0.030399082465376849,0.99554628893512098,6.1776614681341142,-14.857422658808805,-6.8825945209456547,,0.251341821673063,0.3125,False,5
-0.46052507519313446,0.88719262786013742,0.028388310780697971,-0.87027130668016317,-0.44498259837749321,-0.21123053735294886,-0.17476987122372875,-0.12198249141511355,0.977023932102281,-9.2017010819827583,-3.5450356141305619,-2.5023438451737592,0.2840208310171133,0.2586323276137147,0.986159169550173,True,4
0.63311939688269703,-0.70023177414784876,-0.32990194265061051,0.7551508686505326,0.6523658179079499,0.064544598547347676,0.17002057189421713,-0.28999017586643927,0.94180608568521973,7.4958146063291569,-3.0535301230209395,-3.6897373917695737,,0.4474717322642477,0.3118279569892473,False,2
0.44603984090154536,0.86600062779188502,0.22603400848674521,-0.87238435802573999,0.47709971864248563,-0.10640202227063007,-0.19998497993735098,-0.1497289923004993,0.96829088432357735,-0.6331332720952404,-9.0847490420146499,-4.4815910969275254,,0.7482757879870533,0.648936170212766,False,3
0.21455866856893968,0.9748507846227229,0.060253841889009126,-0.95572564134059645,0.22226814531228498,-0.19283508514672149,-0.2013779437426807,-0.016211702560149456,0.97937944866842674,8.6168700293181146,-0.94027873791789263,-3.3413154300863219,,0.08333492954893122,0.2903225806451613,False,5
0.18488888423780869,0.98121432231722383,0.055086787570606595,-0.96245620596233117,0.19211945468962616,-0.19175027179734458,-0.19873135658444319,-0.017566126758951365,0.97989656551127646,3.8642454757110096,2.3861555450647489,-1.8419839577294046,0.2721168392432117,0.2174280745131378,0.8983516483516484,True,5
0.95579133894486423,-0.28630187586675304,-0.067038438773301401,0.28934094431278268,0.9563500947713468,0.040942815914673386,0.052390212274531833,-0.05852975402318053,0.99690999270336078,-0.43615185101122733,-9.4064987806149745,-4.5751629402938692,,0.3004896038948781,0.2262773722627737,False,5
-0.55433593383431379,0.83066990863789725,0.051953588360654043,-0.81617043049849125,-0.53031061797145118,-0.22942640834622069,-0.16302607411070305,-0.16958228489511112,0.97193844857059064,7.7441256423549047,-8.9970231190642149,-5.2395766363222513,0.3254080089486355,0.2953282417485146,0.9661654135338346,True,5
0.87749813888494277,0.45970473271797396,0.13663299371000931,-0.46894698649510119,0.88214316605149534,0.043728233966273816,-0.10042778555074661,-0.10244507457824356,0.98965613552588705,0.66417574795800227,2.4345208988149443,-1.6689048082871265,,0.4291784901442011,0.2975929978118162,False,5
-0.081631089540809068,0.9961590092716619,0.031679543356608678,-0.97640315457956872,-0.073555062461918494,-0.20304317893810653,-0.19993310117999236,-0.047506641989580004,0.97865717900571625,0.77112185995268479,-19.755917437442307,-7.6212568016596807,0.2723160043259003,0.2938873588926233,0.9733333333333334,True,5
0.84790587452913213,-0.51468096955258569,-0.12711855694349727,0.52082186002889908,0.85346600802264061,0.018448936715572906,0.098996050704179939,-0.081849085091452278,0.9917159417971797,14.668964779289686,-5.4277163977504026,-4.937474842848161,,0.351482408006666,0.3392857142857143,False,1
0.16339219205185895,0.98336772656047278,0.079315231423579741,-0.9651951106674902,0.17597731278342291,-0.19346933537151895,-0.20420918177217307,-0.044943294770330898,0.97789504055145249,-17.719714004347303,-3.6639748434022925,-2.0316572848222534,0.3013454047320501,0.2452806265585594,0.9857142857142858,True,2
0.97265907798643292,-0.21935580383370079,-0.076271549971488481,0.22916609171876176,0.95979394232594883,0.16210641776549647,0.037645988058893347,-0.17515313185576961,0.98382120326011746,1.6882838178111805,-14.386167865642292,-6.2663479740938888,,0.2733029323541469,0.1333333333333333,False,1
-0.85272394357909631,0.51504387684810937,0.087130252887176352,-0.5110053384514428,-0.78790679905268812,-0.34362249647057924,-0.10833014410144656,-0.33753915465885787,0.93505716346710244,5.8629920454465756,-5.6859218007511183,-4.3200866128933493,,0.6128633282173294,0.5421686746987951,False,3
0.56843425163784533,0.82160916942917861,0.042905410787187917,-0.80456593553362388,0.56602633900478461,-0.17968817137403414,-0.17191904183023649,0.067620679253723698,0.98278750846428553,-1.2392059184590862,8.7223095090927263,0.13260622291278207,,0.2612723306024071,0.8151260504201681,False,4
0.7232787076033047,-0.61652651898502597,-0.31106745653620016,0.64956176128445786,0.76030107276290326,0.0034346808603915313,0.23438734907141892,-0.20454175647966449,0.9503816288478476,6.5071594395852435,-5.8385028116411055,-4.3459238545060943,,0.5124443839264015,0.4336734693877551,False,4
0.83586417548737368,0.54848333797571591,0.022295921147846516,-0.53580327486190937,0.82402461766819435,-0.1841148557939867,-0.11935631857621776,0.14194878456613819,0.98265182632310299,-11.733258268034382,-10.374525223080845,-4.1922920934914529,0.3087104062684483,0.2814617669554471,0.968,True,4
-0.97238766996579651,-0.22464273209666613,-0.063228650267383169,0.22618386797217457,-0.84046632941904142,-0.49239943844609518,0.057472403531047142,-0.49310444332720171,0.86806965780594803,7.3447342831761562,-0.39264097424572075,-3.0006394354150787,,0.133307737556049,0.25,False,2
0.97108707001225414,0.23764167428084454,0.02272305217203633,-0.23125264998381739,0.96004704627925985,-0.1575813466306564,-0.059263094168952278,0.14777044215764548,0.98724454016928154,20.530094233578918,12.568137995427648,-0.38902110538533269,0.403634094707381,0.2965176951844486,0.7755102040816326,True,4
0.40629911108761102,-0.90835893838310611,-0.099020560435362573,0.89454550246501296,0.41751708830018847,-0.15958641858551151,0.18630452584152268,-0.023738576976069861,0.98220522479475547,14.224540278012082,-6.6563137654560602,-5.2322639790075058,,0.152912565545954,0.2857142857142857,False,3
0.4109219979352236,-0.89750264417509018,-0.16010032889299508,0.89369082798675692,0.43126270290206609,-0.12381108616739085,0.18016607778732602,-0.092203496594898487,0.9793052127046018,-1.3531348919559869,0.77965585635634693,-1.9315079867594316,,0.6018615615425339,0.414021164021164,False,1
0.20506214405467921,-0.94357087082870272,-0.26004524375435706,0.97123509268265706,0.22903307392480543,-0.065163224216319135,0.12104508175638377,-0.23920255594813272,0.96339515538042442,7.8706177553019527,-9.7987927171056217,-5.4642481029610641,,0.4331998443705783,0.3434343434343434,False,6
0.13385476676431804,0.99049366402482197,0.031704935596091867,-0.97031020545403102,0.13749636616536359,-0.19897953282454864,-0.2014472799673041,-0.0041292636150478193,0.9794906546648473,7.0481054811777248,-1.2884015908798232,-3.3033317371882287,0.3637715491144604,0.3434839914037713,0.9970760233918129,True,5
0.041309297525440235,0.99696327720277411,0.066013376273759333,-0.97845023571045608,0.053743119516402829,-0.19936602855752505,-0.20230837396437373,-0.056355132984954592,0.97769904408777064,-4.8678081656564558,-0.70167456850969878,-2.0356328737049743,,0.1312169938752735,0.7894736842105263,False,2
0.97157122306824539,0.23657285008460174,0.0090909355140608022,-0.23371717751145474,0.96455219231448974,-0.12253713411610982,-0.037757640839324182,0.11692884547518156,0.99242229199776077,-8.4510569707687999,-9.7959473987570682,-4.2521154769733203,,0.1351500183573776,0.28,False,4
-0.23710569928401615,0.96903443567388647,0.068943091352428099,-0.95186021713518509,-0.21753868890125183,-0.21596075075458043,-0.19427561453356731,-0.11682971073025908,0.97396499130527681,12.821442162342702,-3.2272181428666249,-4.1811185252853376,0.3656227794082727,0.3399702421535083,0.9869281045751634,True,5
0.40421288811568001,0.90840931905077837,0.10679162019035854,-0.89576068718606461,0.41676600332784958,-0.15465733012721997,-0.18499927668272076,-0.033145249008445052,0.98217954575272937,3.397328801598912,-10.670617341054532,-5.448572637815591,,0.1932485241890203,0.375,False,4
-0.33560151776498631,0.90517656842169558,0.26081986361119514,-0.9228854257832112,-0.26043664789063592,-0.28364633491803015,-0.18882296510430074,-0.3358989913885031,0.92277719707056471,3.9427725146805095,-8.0171152092636948,-4.5850500541721564,,0.3837529996085535,0.2918918918918919,False,7
0.5176709628022802,0.83813056796597518,0.17191255135210645,-0.83738456274826256,0.53754693120345942,-0.09914832739205956,-0.17551030836466541,-0.092630706543638738,0.98011003660964746,14.221267333792881,-5.1863486434395085,-4.6986164428143118,,0.4409157605632822,0.5490196078431373,False,5
-0.31989611218298225,0.94093701826123044,0.11092341987099912,-0.92792797431814322,-0.28750397624904911,-0.23725753543104625,-0.19135347367644182,-0.17882670747584492,0.96509318555531654,8.7947979538247321,-8.9906678187219846,-5.3035096240452972,,0.2770892737598223,0.2077922077922078,False,5
0.72983404049742673,0.68176398666428384,0.050399799789507482,-0.66722309817933445,0.7264378848561418,-0.16462483622377538,-0.14884760860413881,0.086520898824251791,0.98506777608420037,4.9391166754473641,7.537961101583071,-0.4855012164759544,,0.2936353259148456,0.2533333333333334,False,5
-0.084531238297037029,0.98126111979471187,0.17315046789194705,-0.98058740648964449,-0.051067079338893186,-0.18931585153311983,-0.17692599578887377,-0.18579227160198525,0.96652906000134942,-6.2974944200256919,-7.4286653997954497,-3.6998846881623266,,0.2673527500136118,0.4257425742574257,False,7
0.99512664759113545,-0.098245886414736569,0.0084083920348087052,0.098454338971170341,0.98527375117769944,-0.13979405701951317,0.0054496230858856118,0.13994063399458967,0.99014489877260603,-1.4989470943715217,-9.5986945793227925,-4.5011920286464067,,0.09558940550467565,0.1875,False,5
-0.26467664026826793,0.96218177105007852,0.064440015170984077,-0.94630015626160557,-0.24628175387263262,-0.20943092409833153,-0.18564021750569812,-0.11641106978442749,0.97569778747114244,16.273382021955236,13.990997493872918,0.29566444733682729,0.3045233953374311,0.2216687571803041,0.4444444444444444,True,4
0.50664848399440521,0.86108279713968505,0.042938678790442261,-0.84330371121609204,0.50531402601525743,-0.18302072495053476,-0.17929351442631353,0.056516825657049706,0.98217090371396831,-3.8594103640666444,16.237584639377292,1.8660292655841757,,0.3148581091752589,0.8142857142857143,False,4
0.23523017012806052,0.95732356948223973,0.16792364447958552,-0.9515903072081987,0.26201069702433871,-0.16070557511245784,-0.1978450259393178,-0.12199171266361791,0.97261265041766087,3.4674506037149855,-12.43152808174605,-5.9448153043192162,,0.1692764146492672,0.2,False,2
-0.12179323903896352,0.99216496327974435,0.027840484272043591,-0.97225220266296097,-0.11361064382692718,-0.20449517360136346,-0.19972997106448132,-0.051974101717443127,0.97847157925473038,-9.1028502941849538,3.1811113603925154,-0.81351169316716321,0.2170769032193859,0.19056153984069,0.8363636363636363,True,4
0.050178451592989969,-0.99542018915690711,-0.081368114237441003,0.97827257867291262,0.065395964209414431,-0.19673873457398061,0.20115885467058151,-0.069728149867526887,0.97707374353406484,27.033100548179238,11.640848162245135,-1.311540199135147,,0.2281010332701451,0.5454545454545454,False,1
-0.57842326055360449,0.81449422084225287,0.045007731170442294,-0.80016826294244781,-0.55579163076549642,-0.22544714269801289,-0.15861047452865482,-0.16641762943151162,0.9732152331237901,24.736177682728599,7.085332194329184,-2.1732417961972974,0.2856005631437932,0.2872994547677198,0.8928571428571429,True,4
-0.26359551251473168,-0.95769365863513334,-0.11550005191405455,0.93388500526251972,-0.22336742003346788,-0.27922355311365898,0.24161167754874746,-0.18146584217875758,0.95325439699716819,7.1293462803393854,5.9090015853975899,-1.1763892383389307,,0.4008616426370613,0.2644927536231884,False,2
0.25643038493929465,-0.95571257597545878,-0.14441928473109303,0.94697363474041218,0.27834203774989541,-0.16051992128010409,0.19360886546442072,-0.095599069784131213,0.97640996772359467,8.4224333325558387,2.4485317940857323,-2.1208874240323898,,0.0980385037637696,0.3478260869565217,False,2
-0.92788073488657163,-0.37204874166178015,-0.024841007512617246,0.36328412752681943,-0.88698672441014781,-0.2850950602996038,0.084035614553792659,-0.27355855780443611,0.95817729619237157,-3.1954726529142503,20.94666889251106,2.8965896900153512,,0.3632258251803465,0.4857142857142857,False,1
-0.1400205166202203,0.98385355873147473,0.1114738978273286,-0.9708551943824304,-0.11430282068056272,-0.21065387897002763,-0.19451078753133066,-0.13772087770515506,0.97118407800893336,13.345964612274797,-7.3739640168947362,-5.52267005837456,,0.2533220702166356,0.1538461538461539,False,3
-0.71428036102751458,0.68486084844290351,0.1441151765792551,-0.68680819475489785,-0.64635498308901063,-0.33244509238898834,-0.13452906551344773,-0.33643848487661349,0.93204671365012981,-6.761879899832473,18.986811438701118,2.6233157518432271,,0.2403899373111993,0.3333333333333333,False,1
-0.69639283368147209,0.71706185613319984,0.029314086646192835,-0.70279836943623353,-0.67313185721730062,-0.23014768023371407,-0.14529787718635639,-0.18087508749963022,0.97271410476415965,-4.8777875151897252,3.7357000684913175,-0.88107971978231447,,0.1894329658878167,0.38,False,2
0.57399783879019883,0.80896876658092176,0.12687007433088465,-0.79578473228307844,0.58760841120602891,-0.14643433663276212,-0.19301072749806281,-0.016908275384255433,0.98105095142617349,-9.0873392362967227,12.87403539420216,1.4134639432472456,,0.2867139174796922,0.927536231884058,False,3
-0.36264708736628798,-0.93019778101247508,-0.056737802426740619,0.9120232749208862,-0.34172819366367441,-0.22679371168077944,0.19157410061730748,-0.13399227535507446,0.97228876066621295,-1.6517746350646205,-1.0928393880002853,-2.3826031266743342,,0.5743303726070796,0.3840186190845617,False,1
-0.86165151891377656,-0.48574546663460361,-0.14699660403394638,0.49197494002798636,-0.72838991496747341,-0.4768739772289281,0.12456852868217144,-0.48321783226367804,0.86659287340962554,3.1909578184537537,3.519472982081211,-1.561503601281492,,0.3796200998976731,0.1983914209115281,False,2
-0.95826457027974621,-0.28586969118313194,0.002744632841456443,0.27798067617052213,-0.93397555009266053,-0.2245360004651627,0.066751457080373278,-0.21440193910497407,0.97446192921307828,1.363841644751784,-23.106850634175078,-8.4096215197045687,,0.1372009343353372,0.5625,False,1
-0.83885256653846652,-0.53713872789386785,-0.088364917294046316,0.53387386575760321,-0.78007761118887564,-0.3262784332175338,0.10632528896202822,-0.32087522110380146,0.94113443535380559,8.2475728981417618,3.9437853753828014,-1.7209182721623861,,0.1457202305085825,0.1351351351351351,False,2
0.70868290423418367,0.70470160574519802,0.034120200854351621,-0.68958486819939635,0.70208149596597391,-0.17763525149192763,-0.14913500862179624,0.1023582917125839,0.98350471748795243,-10.598442267005145,-28.614663828077408,-8.8515273799690508,,0.2542774528403279,0.9782608695652174,False,1
0.93386067379169979,-0.35762616801762132,-0.0027867354277728434,0.3519824496493339,0.92044770218722494,-0.16995406049021403,0.063345063613247488,0.15773253148063449,0.98544804603213043,-12.089972216316125,9.7384539538121242,0.9200671997579154,,0.2946329219861742,0.6595744680851063,False,1
-0.29739637651685225,0.95379747353387778,0.042729085118205556,-0.93567012150336937,-0.28225650832886667,-0.21178453019960386,-0.18993898746838972,-0.10296428014796524,0.97638186077635336,-11.885825561840798,4.6951720876688405,-0.30143303367499136,,0.1991751163506512,1.0,False,1
0.31648290342913499,0.94815450640823429,0.029010408732412153,-0.92844329563457295,0.31588439370304822,-0.19547403051574336,-0.19450351829279844,0.034929669231391049,0.98027970476752602,-8.2422473725911249,6.551429220669216,-0.07988249537395388,,0.2226958523913484,0.9072164948453608,False,1
-0.50584814995325011,0.86246244936321748,0.016618442384116146,-0.84583284961014726,-0.49212806146118182,-0.20585616736653353,-0.16936481248846549,-0.11818838589666658,0.97844114065685539,13.812310771588749,16.754836594861459,1.0915412419912986,0.3368570173454605,0.3039257326595472,0.9402985074626866,True,1
-0.83308772193567071,-0.55306769658136035,-0.0089983641971239509,0.54006906226074747,-0.80977684699616337,-0.22931826368117758,0.11954185689051561,-0.19590196800221696,0.97330990099969017,25.86373062557135,2.9422523221777697,-3.4838677392566928,,0.1767288331741315,0.625,False,1
