axis_00,axis_01,axis_02,axis_10,axis_11,axis_12,axis_20,axis_21,axis_22,location_x,location_y,location_z,dbh,dbh_approximation,score,reconstructed,number_clusters
-0.97699264480677206,0.2132720373725753,0.00064036584859871847,-0.21174135455628079,-0.96961268845802595,-0.12254318892484692,-0.025514128716077993,-0.11985938618293597,0.99246297501705794,-26.214614781213989,-8.0140365701704557,-3.9376581276638287,0.2241596387808484,0.2963852024444185,0.9565217391304348,True,4
-0.9345545098517245,-0.35578158652050862,-0.0052278875994945188,0.35458380135113959,-0.92998348581266477,-0.096958980683071919,0.029634370841619972,-0.092467176926056341,0.99527464815303435,-1.6132152685058958,-4.8111633584308802,-2.5389826961996178,,0.2352454800359026,0.8833151581243184,False,5
-0.9412706270926513,0.33733349169201249,0.014687476144090012,-0.33700155356512806,-0.93586421194529745,-0.10289863796328108,-0.020965673547451706,-0.10180516776118634,0.99458340442107673,3.0279015118737411,0.23898200582262705,-1.8683289649503245,,0.2673929057095255,0.9838709677419355,False,4
-0.46778321443508863,-0.88255729862057097,-0.047660035085354997,0.88151033050872496,-0.46195437301375769,-0.097661120513054048,0.064174773074590116,-0.087697046159077668,0.99407787753062793,25.286971736668697,0.58970504982088701,-1.895741910402406,0.2414017890809213,0.1857339139796957,0.8076923076923077,True,5
-0.48156686232587897,0.86629341352267919,0.13277454122245574,-0.87416681162958554,-0.4639595520167788,-0.14343611657373859,-0.062655746384296968,-0.18514117796863933,0.98071249694567053,4.2694981529740073,-19.546310922082721,-4.2093518803446308,,0.2238022633536595,0.7931034482758621,False,1
-0.88010057572159739,0.45779399681760186,0.125887382577759,-0.47416142490470597,-0.8338722320120896,-0.28253857048466013,-0.024370468745028656,-0.30835329924770044,0.95095968531594754,4.0402435808762158,-20.413453636249592,-4.3309080188824112,,0.2344102244711442,0.3809523809523809,False,5
-0.097490154743744922,-0.9809337162184526,-0.16812112929045248,0.99031414781444993,-0.078833694983073244,-0.11429408197214511,0.09886130874401941,-0.17763528062063619,0.97911804636225919,10.271466931448494,-19.787470519231469,-4.2136544443565214,,0.1803886803127319,0.3888888888888889,False,2
-0.99294209865722383,0.11842733010008466,0.0063997030832071769,-0.11849427919035238,-0.98833144259705275,-0.095708230435977384,-0.0050094424187175079,-0.095791059391745495,0.99538885789788678,-11.620784846757912,-9.6051870906444226,-3.479206837613853,0.3076060037227359,0.2708675706296793,0.9931506849315068,True,5
-0.50698845216826283,0.85308992050720289,0.12328948413001153,-0.85939062115969511,-0.48926333287753776,-0.14855689605103545,-0.066411366728772903,-0.18127045713678486,0.98118833652802784,10.734515398341541,-7.1413769667991662,-2.7317565852225236,,0.1850456775806189,0.2857142857142857,False,5
-0.99173920865681675,-0.12826884462173013,0.00066746697087914707,0.12756170721186563,-0.98679142070351744,-0.099853406948024304,0.013466731821233029,-0.09894339556200786,0.99500193547988369,-3.4543544004120967,-12.954013368860581,-3.4754231029926985,,0.2035218603287388,1.0,False,5
-0.5988217014289936,-0.80072442565509239,-0.01590484382221569,0.79850482716383786,-0.59539717326565511,-0.088838319791168768,0.061665313537968058,-0.065898408376766845,0.99591906743453507,-3.7360874558650692,-16.275340408020309,-3.8798842518908994,0.1905343756732006,0.2273911592438979,0.990909090909091,True,5
-0.84553380976566073,0.53363855164924612,0.017391743353197535,-0.53257383354017707,-0.84063820696050762,-0.098450580630805765,-0.037916861308501172,-0.092505681943965801,0.99498995494255849,-10.196581940781954,-12.885195922716049,-3.7367596828572474,0.2734448395967477,0.2417336760606681,1.0,True,5
0.77683418334088361,-0.60441363870049314,-0.17667146047376214,0.62821145976671589,0.76317786674351218,0.15136018476003962,0.043347588293632042,-0.22856880160173026,0.97256222912648327,24.408568988181738,-7.170534451714154,-2.7735270217122077,,0.1748316643578382,0.1666666666666667,False,1
-0.93838787617350095,0.34506688995300355,0.018895377973156904,-0.34481405171551821,-0.93124958873333985,-0.11780268767525331,-0.023053494097741305,-0.11706000573273162,0.99285723619649247,4.4854965668539579,-19.692342039002231,-4.2247224824420471,0.4106377107222029,0.327626993531322,0.967391304347826,True,2
0.99983976949761733,-0.017716764021064743,0.0025596100431238174,0.017806287789345097,0.99901305360884463,-0.040692196233359693,-0.0018361498070636824,0.04073125325537056,0.99916845104423335,-3.6105797150118488,12.010422062616021,-0.5652013870237883,0.2350109197906233,0.206348173851904,0.9693877551020408,True,5
-0.60546110046673629,-0.79550716601436477,-0.024191003315342578,0.79347615660513504,-0.60099922833852837,-0.095893255423083773,0.061744997536253309,-0.077254620290878234,0.9950976228104258,-23.329227064168002,4.292257993590038,-2.0896458753519198,0.2732103328366232,0.2830750114343804,1.0,True,5
0.80230598311238577,-0.57212903413130767,-0.17021597388625312,0.59551461047952114,0.78670025728137294,0.16268083445460307,0.04083452176152752,-0.23188590620690794,0.97188552223762892,24.734408121600726,-0.9115473838350483,-2.0714802522432567,,0.2628983521872509,0.1538461538461539,False,1
-0.99943021162944412,0.033461556200194087,0.004424515678209489,-0.033740329263608884,-0.99400408710944022,-0.10400704298706158,0.00091774915349245305,-0.1040970655993264,0.99456671906418703,6.0369250478351661,7.0195253479403625,-1.1645892307166248,0.3131893420049672,0.2459421897420794,0.9679715302491103,True,5
-0.92869983439731252,0.3703531295633849,0.018846140533548262,-0.37012121412375448,-0.92257532903424933,-0.10892680621822906,-0.022954399272501518,-0.10813566331212132,0.99387110526168598,9.0571149975386191,-3.1788590025111891,-2.2821667767486047,0.242411350052301,0.2195828207705503,0.9705882352941176,True,5
-0.99531979139667481,0.096457888706692363,0.0058641760143238733,-0.096584695193848283,-0.99098147406296366,-0.092882262667887419,-0.0031479371644055048,-0.093013943955959411,0.99565982982209655,-10.920696879062115,-4.734500902211801,-2.7295201511984404,0.2328316835479433,0.209725370314544,0.9822222222222222,True,5
-0.95650815940476719,0.29146521992749908,0.011839196117934431,-0.29116367264121373,-0.95147186674682194,-0.099624306890424855,-0.017772358486829534,-0.098738606238553364,0.99495468786869024,4.841859843684901,-13.190592455470904,-3.4592803371926415,0.2195226220716433,0.2217572273103308,0.7222222222222222,True,5
-0.40215140984539699,0.91513078413285087,0.02845859258207737,-0.91324403529328857,-0.39871885231893495,-0.083717434305532135,-0.06526542392867403,-0.059656724163033144,0.99608307871459456,2.1565046922384057,4.8167682561797553,-1.4040794325604895,0.2487143348604628,0.2270297305482101,0.9645776566757494,True,5
0.72254279718871017,-0.69101057230666674,-0.020887680367293028,0.68965120786494272,0.72256505705705443,-0.047759290306279921,0.048094882483885382,0.020102917214846663,0.99864045331556262,-19.314690344642365,14.567147758595974,-0.70113403340524516,,0.2671119631002384,0.8809523809523809,False,1
-0.78143936787672874,0.62348659021812858,0.024839205917081015,-0.62262103080177822,-0.77649099141040312,-0.096978308202511132,-0.041177255077905019,-0.091248079851915437,0.99497649298241653,-4.6177520363457969,4.3032231535816186,-1.5605365660651895,0.2772759832812647,0.2515660147331709,0.979933110367893,True,5
-0.99340214550119899,0.11438272189379392,0.0082927827525291278,-0.11462637828769753,-0.98804206975059861,-0.10311964799977241,-0.0036014877841429554,-0.10338985121915148,0.9946343890850653,8.2380588105766979,-15.755905068355839,-3.7928126524017283,0.1532974735781775,0.1372920981965123,0.6,True,5
-0.99341658355169549,-0.11450693659350797,0.0034136485537356884,0.11358813938427187,-0.98843934006150747,-0.10042612015801079,0.014873671896921768,-0.099377223198992448,0.99493866212624416,-17.536158386690143,-10.924628102150569,-3.9809255409118705,,0.2834331554272636,0.9887640449438202,False,4
-0.73739633786365577,-0.67499251609090638,-0.025134520614832654,0.67364139466405037,-0.73217232753024319,-0.10065264126698206,0.049536979120076693,-0.091152542587765006,0.99460409293318475,-12.433781392595099,4.8728996866664733,-1.6118337530692119,0.2508367404440193,0.2545182620279485,0.9482758620689655,True,5
-0.98077433094262023,0.19512976117314312,0.0024674011768774742,-0.19393545099101367,-0.97320978597076191,-0.12349798921300596,-0.021696834169244332,-0.12160217430315837,0.99234175493716692,26.678793102083493,2.8132485663339093,-1.5278996175264283,,0.224302634296205,0.975609756097561,False,3
-0.85528004423634274,-0.51807044137231162,-0.0099530752723965381,0.51648747077502766,-0.8508072765002197,-0.096786728360313351,0.041674194215300178,-0.087920395987373265,0.99525537702939759,-14.86121504442038,3.0408032662252498,-1.8822682492476872,0.2947868149915224,0.2851215030707804,1.0,True,5
-0.93245551961375983,-0.36115383965312287,-0.0097266667280935439,0.35958697644916965,-0.92513014990500708,-0.12178428513105953,0.034984429536255648,-0.11705601155235631,0.99250893187390365,-13.041903536699076,17.817896596353759,-0.20874157722139819,0.2863855372607528,0.2268819268470791,0.4827586206896552,True,5
-0.93512348613804719,-0.35430012681368195,-0.0039352017526921319,0.35314676645187348,-0.93106056618114064,-0.091725587744310944,0.028834476197970329,-0.087164455153820375,0.99577654659071269,-15.547075356402086,-1.1048584783117557,-2.4613291187725892,0.3310423972029919,0.2945441040995169,0.9819819819819819,True,5
-0.96206751842080684,-0.24378497175996894,-0.12245398133022302,0.27196543613821983,-0.82171765637679406,-0.50081423177140005,0.021468384796702759,-0.51512035558946911,0.85684895268162664,-3.1552563177323631,-12.343392912558427,-3.4283987664573732,,0.4419474550860729,0.2454545454545455,False,3
0.68616098544986259,0.71489792286013731,0.1345513356928682,-0.72474850620979081,0.68774249386623676,0.041831386270669541,-0.062631500007184662,-0.12621894477815487,0.99002326901236981,16.643113083812661,13.571522516485496,-0.39300474576352196,,0.351064310477219,0.3235294117647059,False,3
-0.96519579347063988,-0.26142096130366016,-0.0074940815082284278,0.2605154888221532,-0.95854342707800733,-0.11543906829710182,0.022994789634528032,-0.1133736274299218,0.99328629319700401,26.234166922553843,-0.18542451257385417,-1.9773273231887467,,0.2420904144313341,0.6486486486486487,False,1
0.056992659755350172,0.99337573033551796,0.099782238471520526,-0.9971396027304118,0.06160680394250042,-0.043786006607436825,-0.049643221094597158,-0.097001340652420012,0.99404541672450053,-20.456733285505599,-9.1795000155841837,-3.9600444346793893,0.3075440596021555,0.2486272100159992,0.8135593220338984,True,4
-0.73684754458529245,0.65862305209440675,0.1525495699386698,-0.67591701396998649,-0.71306975727323629,-0.18619267302497067,-0.013852301777018232,-0.24030646373357323,0.97059822646826521,6.9655937586390415,-15.885245750787194,-3.7554203415500225,,0.2287417596195311,0.325,False,3
0.9874398419255801,0.15700372387238457,0.017674537283610462,-0.15723030295468418,0.98748600362160044,0.012248448237175524,-0.015530306203158753,-0.014873578642836229,0.99976876638930434,8.6177627636395986,0.15672345742785704,-1.9230294956270517,,0.08224621471507428,0.16,False,5
-0.99955556422375613,0.029170788129642841,0.0061432197766237411,-0.029622465709587154,-0.99504502940732564,-0.094909951938972226,0.0033441822038798898,-0.095049747877988464,0.99546690646837555,-21.577598394198692,10.88317608586088,-1.156887327756065,0.4083349614605874,0.33811246848141,0.9787234042553191,True,5
-0.8917155654877077,0.45237575044773881,0.01412553269020398,-0.45151869262350447,-0.88700686075798829,-0.096693842512432404,-0.031212505162164929,-0.092601346508044538,0.99521393184902607,8.02910907122555,-13.827923401245174,-3.5602032538429715,0.2166381195901256,0.2028638700663273,0.9734513274336283,True,5
-0.14342505193538641,-0.97268484828595692,-0.18251969864169854,0.98526438286729057,-0.12297329378837349,-0.11887667924355333,0.093184496191523053,-0.19688005213774978,0.97598918781909061,-1.1555214712123361,22.587613614819716,0.48767265391982928,,0.1976403734794704,0.2222222222222222,False,3
-0.92893242323508385,-0.37022137509295466,-0.004548239975634567,0.36894969885295026,-0.92457357494661474,-0.095077990233033344,0.030994721791160577,-0.089999099632814675,0.99545943628375444,9.7061919811440731,-6.9472807818763211,-2.7138645033085989,0.2776407209462538,0.258461599830377,0.9880239520958084,True,5
0.23351574180345924,0.97199167825950716,0.026506145028011012,-0.96970100880716181,0.23480425461219426,-0.067430820359706545,-0.071765951873791367,-0.0099568775365385474,0.99737180065478581,29.282886791281033,-10.307963733963906,-3.0919168171245781,0.2704912496437796,0.2335198705774917,0.9047619047619048,True,2
-0.87300828698051869,-0.48770533126984617,0.00020177787046757995,0.48610116565405337,-0.87017015914348983,-0.080681787820813533,0.039524519138249732,-0.070337784917936658,0.9967398900413923,-8.7475413448270061,-1.2924674952956843,-2.2772846381429543,0.259680967243548,0.2279939199171891,1.0,True,5
-0.99232822488877115,-0.12360465084500515,0.0025660044007914549,0.12274047297798339,-0.98745297910369401,-0.099354870803498557,0.014814532805371743,-0.098277689984672165,0.99504875522209213,-7.2346218077745332,18.185186945609292,-0.076832524183510706,0.2356448478826859,0.2214695709246324,0.94,True,5
-0.98535263100069614,0.16965706345188541,0.017224209731909353,-0.17029533240334876,-0.97368184534069824,-0.1514700096242316,-0.0089270567175752501,-0.1521845750226179,0.9883117740791848,-12.923545547327921,-9.2310434067689044,-3.4782322043684681,0.6236922963170752,0.1683570858000426,0.2580645161290323,True,5
-0.52735734758334041,-0.84956109144445713,-0.011839757327155295,0.84704168718235662,-0.52460162890203954,-0.085519068801011788,0.066442517450270702,-0.055127877312922083,0.99626618381727694,1.4247672939031257,-16.573326220323271,-3.8913205053145736,0.2666426312780933,0.242753663514636,0.990909090909091,True,5
-0.97744957091738249,0.21068567212063652,0.014278791142818563,-0.21082233501931408,-0.96973885437150509,-0.12312797155497969,-0.012094600879264658,-0.12336167105432469,0.99228807245892825,4.3389254894655567,13.904563568018091,-0.28206046946441199,0.2997797451089018,0.2842014546104025,0.9056603773584906,True,5
-0.58679235365181559,0.80682034149016457,0.068670737970809428,-0.80956051700789033,-0.58277790914776995,-0.070581002481329549,-0.016926399430441802,-0.097009510704085866,0.99513951375436471,-16.025216666943972,-7.1055693463257343,-3.3030111859927702,0.2944281218010993,0.3830139623870184,1.0,True,3
0.11604719994738422,-0.99168497634963126,-0.05562333203614913,0.99058135764647304,0.11965210781645576,-0.06657286968690293,0.072674763622883234,-0.047373840645561986,0.99622994230993023,-6.9141704030285434,19.429075422725358,0.060724513859203355,,0.3995786976553626,0.4225352112676056,False,1
-0.86747763279113432,-0.49641149227187409,-0.032529785543421126,0.49557221562360437,-0.85659263493589544,-0.14372625673651521,0.043482590872685294,-0.14080017085923696,0.98908269430670348,22.767382730114555,3.0509803965953042,-1.5787781982555917,,0.2384626124011232,0.9361702127659575,True,5
-0.90452510655041152,-0.42630058210911581,-0.010106696463035662,0.42496156265088902,-0.89921863331500729,-0.10398807512597309,0.035242047177788255,-0.098354782255462861,0.99452719164344583,-4.8791566954828252,7.9544513271916255,-1.0953809211621184,0.2606606786904513,0.2335555631973811,0.9554140127388535,True,5
-0.95954838899515027,0.28111084409241222,0.015607130116207913,-0.28114587666290036,-0.95377289028798296,-0.10618036441431411,-0.014962794266511521,-0.10627307789538627,0.99422439504489102,-19.496196302150118,5.8708686982395237,-1.6733224170685979,0.2712297575818517,0.2510692116206122,0.9761904761904762,True,5
-0.9993253695796418,0.036195863990999354,0.0062181303022967871,-0.036698928953715647,-0.99067980499827357,-0.13117435946949108,0.001412206840869084,-0.13131406397841094,0.99133981170601193,-1.1547517437675678,7.3109209566812821,-1.0738797506775921,0.3028173730075849,0.2632765235861199,0.9916666666666667,True,5
-0.56363322793247295,-0.8236820056778269,-0.062173450064913566,0.82421935153656189,-0.55583141261304114,-0.10823077799425343,0.054589787717770975,-0.11224702345783773,0.99217970186946736,23.693386670391931,-3.4326272378969391,-2.3350153227200918,,0.2767147483505201,0.6111111111111112,False,6
-0.95762477944785507,-0.28797860763861766,-0.0048065923449029276,0.28693898070228679,-0.95245824683672176,-0.10241732952118286,0.024915921435490672,-0.099456571302458899,0.99472990670019523,-10.074870132783085,-22.613039122994952,-5.0181392302676553,0.2414998367512858,0.1612993311919179,0.8275862068965517,True,1
-0.68102016468981863,0.69903998064117545,0.21807026562793336,-0.73083035790007678,-0.63021698176075125,-0.26213268371573606,-0.045809641534266067,-0.33789001371090205,0.94007011194748047,-20.181175132973056,-5.558320953222462,-3.3190296584618149,,0.5971950917734246,0.2474226804123711,False,2
-0.95839145870006959,-0.28544790516875879,-0.002303329225080582,0.28417664354237049,-0.95329764381480675,-0.10230951843366574,0.027008279392515294,-0.098707120978699076,0.99474994702807129,-13.716546674190594,12.798777799603638,-0.6481494806990713,0.3426800007880026,0.3172001694322043,0.987012987012987,True,5
-0.47751496215381112,-0.87128897766166391,-0.11329156334227554,0.87850315750782115,-0.47132872456361713,-0.077983560126617876,0.014548648323204776,-0.13676531287766783,0.99049663604953297,10.25687325954069,-22.840123388185482,-4.5151521319986818,,0.2288703384388218,0.25,False,2
-0.99894984488808747,-0.045790778769045137,0.0015530543420816459,0.045328680694709481,-0.99266900645545308,-0.11204264513665965,0.006672188886876932,-0.11185458507574347,0.99370218561347134,7.1166540350050846,2.9964266507761956,-1.6117362005418263,0.2803631136165976,0.2425897194727313,0.9386973180076629,True,5
-0.97561962192882812,0.21921916792030291,0.010455129065718216,-0.21913230955894333,-0.9703846656039371,-0.10165939045704894,-0.012140190064996477,-0.10147195266212887,0.994764323148011,-0.29859589897892408,14.728248715305321,-0.26318731876357759,0.291976771825986,0.2670175222181296,0.9175257731958762,True,5
-0.94601717692213005,-0.32375680651984329,-0.015265359489874833,0.32305195637791123,-0.93804955046021299,-0.12530153375675365,0.026247560814034291,-0.1234689074765933,0.99200125727634447,-2.9150271550303719,15.89986879945755,-0.19788845191914761,0.3009652860408555,0.2266071685103647,0.8974358974358975,True,5
-0.65256724437419045,0.75280772810907537,0.086235236818414093,-0.75384680643490032,-0.63349591537611083,-0.17434998603293661,-0.076622346595347141,-0.17878324781991081,0.98090038551383318,-13.57311476696858,3.7600180496315656,-1.8007907652251767,,0.2489516514524253,0.4722222222222222,False,6
-0.52258922522290918,-0.85244354806455025,-0.015508031597860451,0.84900979005964661,-0.51864802537878885,-0.10092869836452568,0.077992807769650854,-0.065910720932212077,0.99477278752607712,-2.2593371150091057,-20.001466615131843,-4.3414151617569754,0.2576332695201435,0.2653210791912619,0.8793103448275862,True,5
-0.22014328560603147,-0.9715679013189138,-0.087136369727809609,0.97278938279042915,-0.21204644264372494,-0.093365533749644181,0.072233998454991663,-0.10531913068812208,0.99181153964767987,9.0390115738746815,-0.19349814537497234,-1.9643678549063994,,0.1170319691053675,0.2727272727272727,False,5
-0.94786218798967203,-0.318642673820691,-0.0049111098371557209,0.31719461682838318,-0.94184413823521884,-0.11098285600511999,0.030738373973373721,-0.10675423032535447,0.99381018644060692,2.2617465353172799,-9.0904715441858617,-3.014370533757349,0.3026667729064152,0.2771337195098013,0.9447115384615384,True,5
-0.96174752706535549,0.27366442867241192,0.012225983112891815,-0.27345204459584765,-0.95643137738587836,-0.10228880514554216,-0.016299493551178861,-0.10171922547460971,0.99467960956220525,9.6720552796035903,-11.285787991046805,-3.2083702629627306,0.1908262276425669,0.1722461085554819,0.8943089430894309,True,5
-0.99888623972806689,0.046873493590801847,0.0053996000330437319,-0.047179324928392337,-0.99375401219847181,-0.10112899949441234,0.00062560468745866701,-0.10127111551687741,0.99485866824426006,6.598675613032376,-5.8791007813381304,-2.5642373270052015,0.2394394281344196,0.2176329322646811,0.9530201342281879,True,5
-0.99613678757200508,-0.087815081554204172,0.00010907499425538052,0.087244086148103431,-0.98979955592568369,-0.11262907493849601,0.0099984937819751641,-0.11218444874824465,0.99363709652022547,-7.3389156870786403,-8.1254941428784591,-2.9951640050497645,0.2778352041923962,0.2465162571089342,0.9773755656108597,True,5
-0.26753532105968114,0.95856566549944067,0.097860701566605812,-0.96041317597923082,-0.25710004281607074,-0.10726648772781705,-0.077661981631817451,-0.12268428142834541,0.98940243768621761,-14.259377496743115,-8.3207390050792398,-3.4114515893094426,,0.1554201537434851,0.2857142857142857,False,5
-0.61811589802194933,0.78046145850779536,0.093875707168593142,-0.78412696793512937,-0.60373435129577702,-0.14370014343182497,-0.055476434360718599,-0.16243381682812047,0.98515867776783472,-28.933889161736982,4.7926324825627864,-2.1709746018770648,,0.2527094089376967,0.4516129032258064,False,1
-0.93182801619248157,0.35681936100631384,0.066155059140100933,-0.35855886349924981,-0.87714066066464924,-0.31946799967275075,-0.055965075224739154,-0.32140971519203992,0.94528498630585511,4.8963662923624831,-16.14572721746039,-3.7555311744586244,,0.3717120951187748,0.3291139240506329,False,4
0.19713719048028994,-0.96718055715978435,-0.160308134483649,0.97917893765223873,0.20232414145221164,-0.016539342304293034,0.048430735982132489,-0.15370982934645136,0.98692844328984353,-16.706505279552172,-8.3580056613779945,-3.5260358571518893,,0.2537032269460665,0.2962962962962963,False,4
-0.78652384755693794,-0.61697645687343727,-0.026838198302609396,0.61577764452093642,-0.78021372512333054,-0.10992923013203983,0.046884216240413126,-0.10298832357639065,0.99357701033913137,-12.462062260144254,-18.024082105918669,-4.4655832734855769,0.2586512861302139,0.2886135647720337,1.0,True,4
0.10183130351502453,-0.97877809377049385,-0.17783089939441979,0.99213106570020959,0.11301185860948065,-0.053891263542392646,0.072844588659665394,-0.1709437421160189,0.98258429813139925,-21.589013116745605,-3.0966503916212349,-3.0283995093298053,,0.368820724674094,0.391304347826087,False,1
-0.96092392513941671,0.27654178914887673,0.012241280529238091,-0.27621907817546415,-0.95503126531736982,-0.10778823274458273,-0.018117145099439312,-0.10695756691623881,0.9940985101753268,1.237001934949326,22.064290449509617,0.45221359046933096,0.3081677552884877,0.2348948445494748,0.9111111111111111,True,4
0.96941261957743152,0.24470659225861974,0.018917100972299705,-0.24474199987928577,0.96958813196308635,-0.00045590725039516833,-0.018453360103519344,-0.0041878468819890541,0.99982095169054308,18.913843292997214,20.276421593698501,0.36165083020452693,,0.2106676566743741,0.3,False,3
-0.83765860722737462,-0.54585893505200589,-0.01913323709632694,0.5434178754346759,-0.82936187010596762,-0.12983027794930566,0.055000639959523354,-0.11915079285603228,0.99135161177345188,-10.068111046215753,23.902134980093166,0.43857886045512601,,0.3020617645792709,0.8205128205128205,True,2
-0.9897630602984937,0.13928921856901916,0.031106238264908586,-0.14207506193552424,-0.98230295621075903,-0.12204744567430034,0.013555856467897793,-0.12521747406027767,0.99203670443456171,-15.702552026107863,-6.3836367558560756,-3.2491571772569561,0.2705040486127387,0.2870144694955704,0.9894736842105263,True,3
-0.9894050300360594,0.14517804892117303,-0.0010102726289491384,-0.14419163670535545,-0.98344616769022275,-0.10973790211063583,-0.016925083266387166,-0.10842955946998108,0.99396004557002704,-0.79679430971613008,-27.209986657210901,-5.1639910467686896,0.3450887585678312,0.2698033246397983,0.9791666666666666,True,3
-0.82422859343171717,-0.56435293353469196,-0.046400346769823755,0.56447430363050066,-0.81237299408974861,-0.14635190130134046,0.044899736195586876,-0.14681922518677143,0.98814377941933218,-15.060419750246668,-23.208291819971546,-5.3065442066165982,,0.2947090326560331,0.7631578947368421,False,2
-0.53534738458256059,-0.84346699377516388,-0.04434645682011646,0.84218402462508157,-0.52906508994361912,-0.10400095802082257,0.064259213245344546,-0.093024518353156185,0.99358803963124032,21.430360588067746,7.1723029900541535,-1.1225650644391576,,0.166667859603805,0.7857142857142857,False,1
-0.43751457517584297,0.88727748181245436,0.14601255691635431,-0.89692773325009401,-0.41904678946727292,-0.14113975189158953,-0.064044030444298433,-0.19271341029030856,0.97916285859847108,-3.9716598588357215,-21.941170600088217,-4.5547870985712686,,0.2305999064236033,0.4285714285714285,False,2
-0.88168218137862142,0.47159165735675462,0.015422054044316822,-0.47080012917001979,-0.87708937734869052,-0.095191714532197463,-0.03136509864370237,-0.091189543554050234,0.99533948868387367,-2.0116350242610395,-1.2974112010336389,-2.1639257044084839,,0.2496407629243657,0.9821052631578947,False,2
0.84414533498093491,0.52765851978750367,0.094842711504815519,-0.53440785061566465,0.84229047497104426,0.070391796208064086,-0.042742281528602079,-0.11010559599181596,0.99300043056436593,-18.545399730269406,10.672754489274293,-1.121991591707046,,0.3197672110922954,0.2777777777777778,False,1
-0.4005422883183451,0.91043567170435902,0.10330906522148123,-0.91390501688403125,-0.38884774633575087,-0.11651201776557392,-0.065905199968604458,-0.1410826632079219,0.98780169404554963,12.189129150008849,-19.646804413594541,-4.1889107454699994,,0.1194801518261504,0.2272727272727273,False,1
0.90849639122107273,-0.41738608279185668,-0.020570975425537565,0.41700378637566388,0.90867387511805242,-0.020484892635858093,0.027242417048573997,0.010032276392338309,0.9995785132463284,-9.5766985859199281,21.168464556683062,0.18576013812804315,,0.2578588011766209,0.1428571428571428,False,1
-0.51108882725568161,-0.85649979856331404,-0.072085405703337685,0.85704673308133339,-0.50145036684920241,-0.11839943792693335,0.065261841600015733,-0.12229319133869627,0.9903460341633985,20.174654087880178,11.429081876213354,-0.63194607905113409,,0.2710212160619235,0.9574468085106383,False,1
