axis_00,axis_01,axis_02,axis_10,axis_11,axis_12,axis_20,axis_21,axis_22,location_x,location_y,location_z,dbh,dbh_approximation,score,reconstructed,number_clusters
0.9364516226245414,0.35020125181929118,0.020431390262662656,-0.34903163312189267,0.93599335078297241,-0.045753320866670215,-0.03514651567550181,0.03571457005572673,0.99874380695031406,5.3366474194461668,11.10054612291761,-1.4909011434631967,0.2364775732439973,0.1948723643333483,0.968,True,5
0.99478321606842124,-0.10200607734436873,0.0010550892773389612,0.10197577868340384,0.99410753528197315,-0.036757976787547872,0.0027006648222152457,0.036673811915522402,0.99932364023328413,11.75923076995047,-16.804320564651874,-2.7189151216555687,0.2575336556107785,0.2484395121159736,0.6981132075471698,True,3
0.83922177738105275,0.54267468936172836,0.034799280100859045,-0.54144125056236769,0.83982583260013122,-0.039165585492309696,-0.050479506325298525,0.014026846532546487,0.99862659038176338,-15.52710831792016,-14.143266298804507,-2.1092658943531997,,0.2246554413674284,0.9024390243902439,False,2
-0.39097060581663345,0.91635107489973922,0.086271043331289834,-0.91576105777498229,-0.37788410813292467,-0.13632786172837724,-0.09232372636664006,-0.13230384858604302,0.98690020832863368,4.2273589375873941,-24.550797413296543,-3.0595975461566765,,0.1364974653817529,0.2105263157894737,False,2
0.96766164760985429,0.24618493054751972,0.054990141991948981,-0.25220459861681777,0.94842630112553683,0.19204268215649978,-0.0048760825989349341,-0.19970110491593546,0.97984472877790318,-2.4992403599863939,-15.162208192372908,-2.4459450382452901,,0.2997857533348871,0.2027027027027027,False,5
0.89722853829496063,0.44121156059196631,0.017700533017149498,-0.4395593972598037,0.89625008145194807,-0.059357626114728577,-0.042053375009476951,0.045476920491381204,0.99807983816573209,-9.014091060708596,-2.5938919877239432,-1.7967062040247503,0.283634957243398,0.2128075899370859,0.963302752293578,True,5
0.8596810079850995,-0.51082293552741254,0.0029142835965442443,0.50992903821882796,0.85780979089130749,-0.064301933347551563,0.030347001350134701,0.056765228707096507,0.99792623390653801,-9.5617255892941309,-11.778729668986761,-2.1600150315378688,,0.1945844510027352,0.9135802469135802,True,5
0.93102301367527041,-0.36496046816418459,-6.8442649578615011e-05,0.3644700722744193,0.92978168774939385,-0.051648616072147088,0.018913339823962282,0.048061104890208838,0.99866531719762597,16.049631112884878,-14.241190570177052,-2.6731742776043457,0.5035827940279672,0.2478323904454539,0.9583333333333334,True,5
0.92239002679912929,-0.38613231507053764,-0.0099233925534110701,0.38566701974944184,0.92209324742114995,-0.031701623584637607,0.02139131457124056,0.025414136195931941,0.99944811438229675,8.3114383610496212,-8.6966272531483853,-2.2435163833532425,0.2761866346325385,0.2536510985021782,0.9905660377358491,True,5
-0.2411716801171217,0.96868557846140535,0.059029406149628372,-0.96783370767116339,-0.23557729323624149,-0.088324703265707266,-0.071652878553301394,-0.078432066097858619,0.99434112657711549,26.306656735742951,-6.8563214999546762,-2.6322327565581194,,0.2775792790755287,0.9387755102040817,False,1
-0.69646698428750076,0.71699460123212444,0.029197287570274951,-0.71587206414666682,-0.69141256657330419,-0.097343980599249161,-0.04960773701616366,-0.08869839112691659,0.99482243030584672,-1.6009674902464357,-23.923280661459142,-2.8857050241162909,0.1442399138569128,0.1405858168432787,0.631578947368421,True,4
-0.77856065561384613,0.60588345406389632,0.16354982611344801,-0.62633787311707811,-0.73386389813598552,-0.26295369879853264,-0.039295982355854811,-0.30716285436923646,0.95084531163929586,0.80927413763224476,-19.303851901547727,-2.6942809997496071,,0.2822141484243795,0.2448979591836735,False,5
0.98720967422295369,0.15783896470473566,0.022448170115777159,-0.1580466410375016,0.98740093294857023,0.00778825198980658,-0.020936054484375896,-0.011236495593860201,0.99971767154001834,28.570487914918559,14.330233068873385,-2.0473326246341093,,0.2089654502568356,0.3333333333333333,False,1
0.43820682819738749,0.89319396984698796,0.10089255646560256,-0.89596317425898642,0.44305352058311687,-0.030879900755480659,-0.072282543486984846,-0.076864231784915929,0.99441798242950519,6.7133262411153112,18.470368259370844,-1.3013869846053581,,0.1559251948305517,0.45,False,1
0.98460585424062186,-0.17465753606911799,0.0067865226265218367,0.17477865634247711,0.98337411212706127,-0.049272475941768923,0.0019321185817281353,0.049700107571097184,0.99876231718322617,13.594343966094463,10.337707015069199,-1.7724646333631493,0.2778818822859522,0.2624546580019424,0.9411764705882353,True,5
0.9950399023537958,0.098730658705090832,0.012159348477889504,-0.09795332255512483,0.99376487008620118,-0.053259079817126118,-0.017341837392834569,0.051803860997171339,0.99850669535142589,5.1418213410787699,2.1327732804494155,-1.8207351955987447,0.2754819318480451,0.2397917506504504,0.9081632653061225,True,5
0.75458320594307737,-0.65591328823893447,-0.019543377913150015,0.65475018373037608,0.75455865699133495,-0.044084351696177644,0.043662137072142101,0.020469281155476714,0.99883663645026144,-6.8531752838190103,-18.619416345326538,-2.4320674370454887,0.1626675387992749,0.1745906086328103,0.9166666666666666,True,5
0.99228998340287766,-0.12363246871105077,-0.0086949133825449162,0.12345887375585017,0.99218151334278648,-0.018268855239371096,0.01088555599204612,0.017054537848651449,0.99979530275427597,-13.058678986305585,-2.8465075075906023,-1.7560631232796575,0.155314779513567,0.1713942267560197,0.4146341463414634,True,5
0.99271576657000316,0.11976505746719569,0.01310487745891022,-0.11910239393271023,0.9919440924719003,-0.043145534758516915,-0.018166633227740807,0.041270430334322768,0.9989828452066587,14.098080897490036,6.7959206828556171,-1.9056746605783503,0.2870592898675381,0.2538216256332226,0.9807692307692307,True,5
0.94949873772888982,0.31305734295572041,0.02114821677470095,-0.31303781053230439,0.94973086997837919,-0.0043132107822370577,-0.021435396623023184,-0.0025248032825222139,0.99976704743655065,-2.7874920896675941,-18.233718423067604,-2.5978539938681116,,0.1314666427204594,0.4318181818181818,True,5
0.8297601185238761,-0.55808207942448407,-0.0065221417102290973,0.557039342483033,0.82882358750547191,-0.052522678155549854,0.034717670332483311,0.039948134121693242,0.99859843277810212,9.0942949396559811,5.076438582529466,-1.799280796755155,0.297184258003501,0.2638454757236167,0.9793103448275862,True,5
-0.089375122757589201,-0.97595325400636579,-0.19881482194859576,0.99238723332347711,-0.070277119587115203,-0.10113706342935266,0.084732913136752491,-0.20634042855660695,0.97480457578657009,-3.9515830502969993,-8.8927330309866992,-2.1962349753139923,,0.4063550231072106,0.2419354838709677,False,3
0.58812639190748017,0.80809391690507137,0.033038895303987209,-0.80605639629002523,0.58900749942620345,-0.057820857998030752,-0.066184840725246261,0.0073747597052412489,0.99778012596837329,15.637098401033692,-10.453497340378073,-2.4425277248104895,0.2880171217111047,0.2655298179899271,0.9789473684210527,True,5
0.99555557831825514,-0.093962807098979889,0.0063309842430363319,0.094156186374209944,0.99446971542621909,-0.046525236888824512,-0.0019243302395212571,0.04691456044956701,0.99889705223859482,2.0579895554629131,16.390351465635028,-1.204540800974826,0.1636523210707525,0.1792221658136574,0.918918918918919,True,5
0.6049760940536747,-0.79521686417869764,-0.040423564283172259,0.79427551335575741,0.60626982744094782,-0.039538654733932893,0.055949392373869311,-0.0081875063676145471,0.99840003517251164,-20.462811358244302,-9.5954456162949668,-1.9374422794873492,0.1794367523688204,0.2478487714917111,0.9655172413793104,True,4
0.88883443018673525,-0.45806328321223955,-0.012303832226072352,0.45747532121410239,0.88859240850373622,-0.033464339670536344,0.026261877211606961,0.024115557682849637,0.9993641747045815,-8.81963088832895,-6.279651592434611,-1.9867121285988836,0.2756676810465812,0.2106253355630195,0.7857142857142857,True,5
-0.97025908926034499,0.239692962089113,0.033831695680758229,-0.24186079968651369,-0.95411839098183182,-0.1765260591676002,-0.010032610960688058,-0.17945857437077226,0.98371437257067829,-5.1610588569139972,-17.459204040569691,-2.4485857892856679,,0.1402869751356368,0.6666666666666666,False,8
0.97929488876507953,0.20171803192392282,0.017069166216592255,-0.20094520818566206,0.97883137244801222,-0.038860875167218679,-0.024546774651902834,0.034626289265246274,0.99909883192100069,-11.475680827335378,-10.158376169788429,-2.0385429501486905,0.3250621603939233,0.2477707828585285,0.8865979381443299,True,3
0.92083321564221021,-0.38995263927635881,0.0017686411254555601,0.38955392338995781,0.91966669215855312,-0.049607621447090314,0.017718062578052078,0.046369326666975658,0.9987672180257684,-13.644941628117484,-7.3074473421368458,-1.9911964490160323,0.1244126361229285,0.1273425214882325,0.3684210526315789,True,5
0.85866214212162151,-0.51092905174368286,-0.040630404519384863,0.51235121417094465,0.85347839896755007,0.095241040698565094,-0.013984242012590853,-0.10259691311188585,0.99462471032809374,-10.344489203982953,-3.7969445841885969,-1.836074654960778,,0.3797575909819551,0.3783783783783784,False,5
0.79519205154172268,-0.60633623696751193,-0.0050959694803548528,0.60510206182232795,0.79405798070843525,-0.057649094109201174,0.039001230022081362,0.042758519774671128,0.99832390186925046,-15.708340599590516,-16.785269249808024,-2.1967156972212325,,0.2433038223753239,0.8157894736842105,False,1
0.58460672593699436,0.80887539909683304,0.062893280445272051,-0.8078393780755061,0.58751898502203526,-0.047084832688006853,-0.075036759123831565,-0.02328155868101011,0.9969089496065201,-15.500206112099177,17.162676818732866,-1.0664053841095655,0.3747803370674211,0.2491931109622932,0.8648648648648649,True,4
0.36607150988451675,0.92621462988940351,0.090100549552739981,-0.92638628925438549,0.37189593891856676,-0.059176462359354247,-0.088318133655328548,-0.06180509683443057,0.99417304191620803,17.321681955375105,-2.3485272983029604,-2.1905948131428619,0.2525760194345795,0.2158020520961577,0.4838709677419355,True,2
-0.30810465919911451,0.95106109767338864,0.0235437353044613,-0.94890195389807319,-0.30544179940776489,-0.079311973011429643,-0.068239291234717669,-0.04677708484755827,0.99657177537041819,-17.522295968307397,14.665608975831958,-1.1471616776715334,,0.2176666681659706,0.9487179487179487,True,3
0.99746331799726695,0.070411630377334083,0.01044660507006852,-0.069843201403517532,0.99643415885799902,-0.047338084864731594,-0.013742505870181779,0.046488378854919556,0.99882429594190902,13.574073509921826,-1.8625626380237972,-2.1191511359354376,0.3109030134868715,0.2632277001249547,0.990990990990991,True,5
0.96561025446044979,0.25806604605190125,0.031603043460449398,-0.2598765571712871,0.96166937346479087,0.087499663842983105,-0.0078109867253618416,-0.092703462799262781,0.99566312398893297,0.99088305528504184,12.168205768351553,-1.4250545891137947,,0.3676050866264037,0.2173913043478261,False,5
0.9982969728701927,0.057319063731690975,0.010847990188599447,-0.056813392971224431,0.99748963408407154,-0.042268998969954327,-0.013243577209607253,0.041580702588425812,0.9990473726680561,2.9466601295622818,8.269171682327995,-1.5815656915651173,0.2296479443987086,0.2187991783743125,0.7888198757763976,True,5
0.9999552978677011,-0.0019584805907263574,0.0092502227050991793,0.0025123749378868142,0.99818002298441688,-0.060252217278713535,-0.0091153847142982844,0.060272763903819575,0.99814032264652308,-8.2214978934894383,-9.0197205964260156,-2.1020177966583811,0.2052627261214004,0.2356399540877109,0.9774011299435028,True,5
0.93616879496128569,-0.35154695793996404,-0.0016503647754502228,0.35102785242864637,0.9350217893147299,-0.050136816073761976,0.019168572196889975,0.04635719868411918,0.99874099543880457,2.5916607898073742,-23.365226662514011,-2.9549789519838212,,0.2185268483163629,0.9473684210526315,True,4
0.58740897206268239,-0.80924607774113222,-0.0084548921256050874,0.80732338545569138,0.58667731208857876,-0.063550631600963692,0.056388392747300418,0.030504379048150145,0.99794279997516,10.139566513128832,0.48788285511099327,-2.0058222537298218,0.2501706945173724,0.2380430992574793,0.9910714285714286,True,5
0.79985775445339746,-0.6001741189723887,-0.0043127203115004469,0.59896131586958823,0.79865970112307039,-0.05820673409305073,0.038378571267567177,0.043973954992979777,0.99829523516329333,16.914249272773738,1.2885517347483175,-2.0977792301817573,0.290545737602318,0.2598810908664307,0.9868421052631579,True,5
0.86249077000185725,0.50531106689590677,0.02775603239160886,-0.50402022146029868,0.86263438426912886,-0.042726285068246418,-0.045533372604223729,0.022861424914952806,0.99870119016157322,10.089550052209866,22.039742186748139,-1.2500802944024525,0.2499950160091935,0.2666790209269195,0.9696969696969697,True,2
0.99722747193799466,-0.074128069031522151,0.0065114202610001195,0.074326590920825386,0.99646998883621063,-0.039027160168938695,-0.0035954268516792949,0.039402927942242864,0.99921693449187166,13.014081419346525,-9.3941538645538909,-2.3304499132577816,0.3120080962644933,0.2772989975993657,0.9838709677419355,True,5
0.038860847823491036,-0.99761906354054453,-0.056974016594653988,0.99637689128115547,0.043002887550376026,-0.073374669902030287,0.075650016704173137,-0.053916191657220558,0.99567570988241005,22.872954745089942,10.633111186114517,-1.9663824348303927,,0.1826885322014572,0.5185185185185185,False,1
0.9453183033711885,0.32614327701400941,-0.0019667663771798039,-0.32608084107364876,0.94522642937992807,0.014774379390537197,0.0066776040704041879,-0.013325166424358645,0.99988891860228335,-15.248598043398355,15.115210360679608,-1.1940131271538628,0.2589063976838018,0.2231496024197648,0.1304347826086956,True,2
0.88598892461938417,-0.46081310443649942,-0.051719514995629351,0.45977672201804776,0.88748909734463177,-0.031120218263201875,0.060241110067180748,0.0037927396438810212,0.99817664958857211,-7.1477319304637206,-10.067700538697203,-2.1670451617617634,,0.1023798640520201,0.5949367088607594,False,6
0.8546419402108647,0.51901025614981577,0.014680192230114797,-0.51906706043164907,0.85473351517116458,6.9411763824731021e-05,-0.012511626890911957,-0.0076793264319658279,0.99989223776269776,-12.481565576821264,11.136475258853583,-1.3549743502718905,,0.2735308841504375,0.803921568627451,False,6
0.99775999832279039,-0.066720636858566149,0.0048313935973938356,0.066829787232584925,0.99737566742542616,-0.027848834197021614,-0.0029606224604017102,0.028109333767862652,0.99960047022286547,-17.967609585028111,-2.1722456496529907,-1.7028485655457537,0.3216972529968528,0.2570479404858002,0.9859154929577465,True,5
0.78964282556221699,0.61079645443779118,0.058240014460362116,-0.61105591565611062,0.79143915032574375,-0.015321203390678322,-0.055451564268214563,-0.023489627027473026,0.99818503366976985,-7.5596151675845125,-6.8196059018651614,-2.0163159568157956,0.3329270723227123,0.2432591750078265,0.8580645161290322,True,5
0.85722321024558035,-0.51494371367442149,-0.0011573951178217535,0.51402618877691775,0.85582569808660813,-0.057787989634941417,0.030748090473067514,0.048942274587179826,0.99832820689916113,-6.072710632810991,-10.44760951954402,-2.183991115649492,,0.1930374740630394,0.9078014184397163,False,5
0.99192520001825901,0.12582441411663742,0.015893847266871659,-0.12546866484472502,0.99186046187596966,-0.02168958988249638,-0.018493558630500687,0.019520270986688872,0.99963840828060768,-8.941029739656468,-24.890606526416093,-2.7830827586550679,,0.1369645777973391,0.3888888888888889,False,1
0.99775557438621298,-0.066072035935246437,0.01087657338560475,0.066429227651218628,0.99711824157263451,-0.036638368369275691,-0.0084244581370863294,0.037278658646357814,0.99926939816779503,-5.9974763750665874,-15.741439363455681,-2.3641536732410997,0.3247459379978906,0.2650239476616717,0.9885057471264368,True,5
0.97365858858039434,0.22767218020568969,0.012423012678952971,-0.22739661794664776,0.9735898373725983,-0.020337323108595207,-0.016725161585460981,0.016976658245516051,0.99971599069173345,-10.483122480744726,1.4967806873754455,-1.6393057074875692,0.2830100497929883,0.2168842868669939,0.8857142857142857,True,6
0.53877822440656042,0.83938406043779756,0.071780387211760679,-0.83842793601698773,0.54257105309425935,-0.051529102946592735,-0.082198667943026951,-0.032419923305628581,0.99608851391894349,-9.1750654045968147,-27.513611017471941,-2.9493135564726223,0.1815322563068175,0.2468944850786061,0.1304347826086956,True,2
0.24216342155378867,0.96894492197784643,0.050026147510149749,-0.96753451013375535,0.24501268495658446,-0.062014158952611365,-0.072345345127355729,-0.03338446320836682,0.99682076054559221,20.824397238090146,7.1083987870474505,-2.1040754965263901,0.2644263609097308,0.2569794270175118,0.5081967213114754,True,5
0.7779245093475422,0.62780835626298603,0.026270241010576123,-0.62620188763566365,0.77803790612572954,-0.050281334041795502,-0.052006284984776663,0.022664607604337049,0.99838953414197185,9.5314016980065137,14.475028173580336,-1.5363115620345105,0.384012800645856,0.2951814452741767,0.8901098901098901,True,5
0.91032665632511867,0.41304839563665319,0.026389422993254096,-0.41211543730489458,0.9104769086428095,-0.034534984627606152,-0.038291580261534668,0.020562628485199318,0.99905502010192326,2.1936142316367437,12.010429400366599,-1.3975441902323533,0.2860480955006839,0.2298852942185693,0.9345794392523364,True,5
-0.38085369973594357,-0.89733468026635099,-0.22302674949146631,0.9232910278462465,-0.35606950929903641,-0.14404229394926027,0.049841120533805676,-0.26077763734421133,0.964111449244902,-11.414209603126594,7.9947404359069747,-1.4459165906322604,,0.5818885497888268,0.1818181818181818,False,6
0.41808537874621948,0.90778213333804203,0.033707780568633064,-0.90542467132609827,0.41943015305679554,-0.065456178171196075,-0.073558008623510002,-0.0031535851005022961,0.99728595411163634,-14.59697298008304,-5.0907140083930074,-1.8860685346214217,0.1574674727099952,0.1273859731341519,0.875,True,5
-0.56151667152373952,0.79135157678763179,0.24178856365971685,-0.82647421272583388,-0.5220684764091823,-0.21067719771965759,-0.040489545565657856,-0.31813077162626563,0.94718182459565947,1.4777507472587506,-17.401822898656622,-2.5994485842085728,,0.3707946247215391,0.3492063492063492,False,2
0.68174585015833089,-0.6610529905394914,-0.31341911155940877,0.7299097371607719,0.64361222657380468,0.23020659721780798,0.049541612708782601,-0.38571005367180178,0.92128897915187713,-6.3565793124861543,-9.3701687314210087,-2.1178936514143403,,0.6755422723301376,0.3333333333333333,False,1
0.99989142609801829,0.01440238322726412,0.0031156657468891279,-0.014402569380195355,0.99989627692208272,3.7317640047697387e-05,-0.0031148051174949912,-8.2187180410968924e-05,0.99999514560539093,20.087968843329119,-12.581933650690909,-2.7479415824688642,,0.2507296256308045,0.6071428571428571,False,3
0.64254031753686314,0.76544836288258344,0.035081962601901794,-0.76353667400198511,0.64344294404928182,-0.054707633902232572,-0.064449110107238083,0.0083654954167128558,0.99788593070191101,-13.058231074599561,3.8784643286398142,-1.4748208873421638,0.2363880507515989,0.1992795857895255,0.9021739130434783,True,5
0.069696873311969346,0.99692648501859338,0.035776099829469693,-0.99441656303424319,0.072280508207758123,-0.076884506218041243,-0.079234115213707587,-0.030217736541659053,0.99639793425347889,16.220042525448669,-6.5361232038054649,-2.3270528659398142,0.1846242794336834,0.2387626177986327,0.978021978021978,True,5
-0.73114469159059658,0.67670910882436996,0.08655762238544025,-0.68003414851736899,-0.71275583656210784,-0.17185073260509928,-0.054598505557850271,-0.18450988992674391,0.98131294891592658,3.2126836999554667,5.1637607181152836,-1.7338403659217263,,0.2064878294582711,0.3194444444444444,False,7
0.83855971706228372,-0.54480762256817572,0.0015017696345748306,0.54374519400252797,0.83674585274043867,-0.064788439715970758,0.034040636298057599,0.055145555698430243,0.99789789195444989,6.3966279354677402,-1.8661727236081398,-2.0285966607541672,0.315136040732319,0.2592168153599642,0.9376299376299376,True,5
0.73426057170273673,0.67751476522901122,0.042838717761495865,-0.67585084364812886,0.73548315919715535,-0.047855612810675519,-0.063930039753495524,0.00618590608164036,0.99793521061392865,27.586404913990989,7.1810816220107689,-2.1478822022690744,0.2358626632790552,0.2378209763754297,0.9534883720930233,True,4
0.91527782267583591,0.40178816219200214,0.028857928549286628,-0.40093773759888335,0.91557629846782618,-0.03112831914903192,-0.038928625545620474,0.016920827589943271,0.999098717698507,-11.822660804425393,8.0245338051137658,-1.4508994783379261,,0.2658241976202837,0.9532710280373832,False,5
0.98628311520258871,-0.16496555275463187,0.0056553576930332755,0.16503982471256706,0.98500144240483745,-0.050338997995938981,0.0027336651445613184,0.050581863001956655,0.99871617700432214,0.20750623098319651,-19.96776719761144,-2.7253524256456165,0.1826074888795955,0.1893956285639145,0.8979591836734694,True,5
-0.36921613611629633,0.91521082106086171,0.1614577277322358,-0.92689782222345363,-0.35004863523409996,-0.13537496123051571,-0.067378572178194582,-0.199637436328581,0.9775505214705682,-14.015451469992131,20.481826696339819,-0.9587272504423604,,0.1939812231063012,0.3043478260869565,False,1
-0.45950231754558157,0.88732811727255878,0.038812787426022545,-0.88586355104679648,-0.45471613857220766,-0.092081497863264,-0.064057701309062201,-0.076694495366479029,0.99499475641004342,-4.6141252835916777,-23.749250043715776,-2.8030028033008394,,0.2484759899613108,0.8688524590163934,True,5
0.2877963991442794,0.9562686960202833,0.052186335867297491,-0.95387001816094963,0.29108527215385965,-0.073493896268627484,-0.085470586128895368,-0.028627702436298277,0.99592933160942798,1.6421605570739632,-22.677832670502845,-2.9019265075585561,,0.2244260082372624,0.375,True,5
0.99733808200698026,-0.072626005986668019,0.00649718654979284,0.072834071920265947,0.99647814748747199,-0.041551167822938481,-0.0034566090539563054,0.04191377857412662,0.99911525212033825,-14.388148934630729,1.5792438688127794,-1.5884237071551812,0.2168728590973691,0.2065780887363794,0.9156626506024096,True,5
0.95033902604657794,-0.31089786003111786,-0.014080348039459772,0.31062018837589106,0.9503462017652049,-0.018899612794280905,0.019257054451991426,0.013587399255159279,0.99972223564113682,-15.49337275584459,9.1009527163616806,-1.3145377343828315,0.2650411786315555,0.2393317269858231,0.746031746031746,True,5
0.95645449009277927,0.28353128304243969,0.069316808334423774,-0.29085811617627622,0.94570372347117471,0.14507247729030262,-0.024420578120737634,-0.15891657858469505,0.98698994747423074,-5.0204212936898536,-7.6674994447515115,-2.1174020740319737,,0.3667352671678983,0.3333333333333333,False,6
0.062280689783680773,-0.93182306962863048,-0.35752885560181696,0.99370388471603388,0.091321052864073826,-0.064908048838797333,0.093132728835418524,-0.35123529465541031,0.93164374232213609,-7.7074622894870419,-4.6467646951420587,-1.9338452526612446,,0.5215786197674049,0.554140127388535,False,3
0.43598262634954377,-0.89913324104565129,-0.038452104859138185,0.89780013142042303,0.43749650843251275,-0.050514642736865276,0.062242056062014633,-0.0124987981863987,0.99798281874041805,-16.128473324005459,7.0588479839230986,-1.3613350428071271,,0.1755110492738431,0.6410256410256411,False,3
0.92458843303548577,0.38020948809825728,0.024020296772651526,-0.3791781068030341,0.92451852963784797,-0.03859341495046429,-0.036880791995996177,0.026575054399437047,0.99896625251577664,-13.819430322624489,-15.543791549990296,-2.2055094496164607,0.3436788652269582,0.2355845924779683,0.9433962264150944,True,2
0.12182228643777618,-0.88656993877707957,-0.44626569908954372,0.98970295458305646,0.14254378075920424,-0.013012772819103565,0.075149133172925597,-0.4400852351802757,0.89480589714176584,-4.2783661405154323,-6.0906701816381386,-2.0770240033363381,,0.3602621679061611,0.251207729468599,False,2
0.64471594473187521,-0.76096527195231334,-0.072616840271572364,0.76262619386634034,0.64680051157995477,-0.0070983553621492765,0.052370211355544954,-0.050803081623558559,0.99733465188978798,-19.900193840169813,5.888393340995731,-1.3936701793270223,,0.2444626958297294,0.6842105263157895,False,1
0.92807765124471631,0.36470576106699581,0.075243478818003529,-0.37065045300470495,0.92418610770301723,0.09218611617892955,-0.035918170157998058,-0.11344490369025635,0.99289482770291948,4.1248926664359775,-27.126778510499847,-3.2113966413371422,,0.2610389993192454,0.2244897959183673,False,2
0.2594738887455062,-0.94635551551047348,-0.19257346474057641,0.96056877939464158,0.273526643527642,-0.049907868445669377,0.099904560013908988,-0.17203026926505549,0.98001258427890525,10.292442812498409,-14.998259536405923,-2.6076244156248762,,0.3276718978420031,0.15,False,4
-0.83490249776640724,-0.52699988812546505,-0.15877322551099016,0.54774972331668548,-0.76730022628927486,-0.33349753123962417,0.053926429790139729,-0.36540591217463475,0.92928491837429172,-5.1079246895149204,-5.0660010346324729,-2.0065494647604907,,0.555996668484786,0.3019323671497585,False,4
0.99851054536041717,-0.054309122520851308,0.0052163219857502925,0.054467883808787219,0.99780039986393154,-0.037783748686069193,-0.0031528459265118716,0.038011593526116938,0.99927232440419866,-14.12186617377424,4.6833842407997945,-1.4368057965040768,0.297013978328059,0.2367855241639348,0.9361702127659575,True,4
0.80173795662834291,-0.59696622744156902,-0.029113093198625241,0.59642594322575992,0.802260181651689,-0.02558701200733577,0.038630857467492973,0.0031502746517767695,0.9992485839974683,-12.593121821541141,5.3892312653359742,-1.4609602563783513,,0.08575963186095721,0.2439024390243902,False,3
0.82890158751276422,0.55693890842152993,0.052356570791597772,-0.55734783390249221,0.83024255596911956,-0.0077903980684610116,-0.047807428952212114,-0.022723347994955779,0.9985980668882154,15.083943224561141,18.556329689142594,-1.4986314716169229,0.4605610029679442,0.2108642734649554,0.391304347826087,True,4
0.75819444533369551,-0.65198212680226098,-0.0077774928820996975,0.65058161331698194,0.75725233971589845,-0.0575539608425997,0.043413678478145923,0.038577199551014324,0.99831210159739026,-13.406356156726792,2.6858094590299331,-1.5205539154252024,0.1968472807974435,0.112601278227018,0.25,True,4
0.44604863099666803,0.88990115943232417,0.095480601312537078,-0.89210322683325027,0.45065247890348326,-0.032621709517558606,-0.072058666791029874,-0.070627683659815393,0.99489661716238031,-15.056930166384793,-11.044340785194407,-2.0318909835762624,,0.1503702241409161,0.5714285714285714,False,1
0.31930456855099082,-0.94511829834025052,-0.069253120109453378,0.94498666587532743,0.32303235035888933,-0.051481083316530681,0.071026712019475358,-0.049005129976773504,0.99626989486567386,6.8848446944233235,24.975750413489923,-1.0371257441146269,,0.2062022381814703,0.1935483870967742,False,3
0.9530024368135035,0.30237399734250925,0.018876471032436545,-0.30119235654698201,0.95231874748862722,-0.048704902621497681,-0.032703513346455208,0.040730442089501238,0.99863482379796553,-19.494965949887419,-3.0337077653023568,-1.6869325021614383,0.3372534613054927,0.2052081430687896,0.8108108108108109,True,2
0.96137344424677418,-0.2742068739318354,-0.023910060343402793,0.27459521301059686,0.96144634363045522,0.014778271593586023,0.018935936437355298,-0.020773025975032958,0.99960487779076024,25.89526073141457,-11.992670343295408,-2.9124461988124652,,0.2674527940941153,0.5172413793103449,False,2
0.5764300310989442,0.75683253405870565,0.30811188655673288,-0.81437018909370784,0.56312509038967307,0.14032579124701883,-0.067302409784118652,-0.3318051355297284,0.94094406723957269,-12.38726661829719,9.779122722879368,-1.398339778357633,,0.3848475118812752,0.1388888888888889,False,1
0.56659089279926533,-0.8186944562633377,-0.093349598181303256,0.82121903209580382,0.57034229508575751,-0.017577478770947477,0.067631808496918883,-0.06670122727499074,0.99547821912859913,3.300139248544776,20.963856627348175,-1.0983464661762801,,0.1576051148647583,0.5483870967741935,False,2
0.98937432330765607,-0.14532758641190263,0.0042826402147394466,0.1453742074934424,0.98838967133046673,-0.044183678014687436,0.002188189930402212,0.044336781964222041,0.99901424493842195,19.196328172785162,13.903985332134846,-1.756665904167797,0.2584554365109708,0.2945736777204256,0.9692307692307692,True,1
0.42762159164438618,-0.90338794875003603,-0.032093432548188625,0.90152353275481911,0.42880494601649727,-0.058151854321772063,0.066295507003066689,-0.0040659961869228363,0.99779174852582075,-10.870529289168053,-11.482244712387912,-2.1103400637142911,,0.1166527852972963,0.5,False,2
-0.99051601254951405,0.1258548069046409,0.055123465620444387,-0.13721904907522628,-0.88569517352327443,-0.443525638682218,-0.0069972461657043395,-0.44688323662515478,0.89456492853762382,-9.923169609299741,2.4509783743487872,-1.6401538779801836,,0.3006537768300745,0.3103448275862069,False,2
0.63095555507356405,0.77299634831965924,0.066119082013321173,-0.77312088710941451,0.63357518889117026,-0.029437627904966644,-0.064646588749632819,-0.032544208486171698,0.99737740753289861,-18.107607498202388,7.1843519165008694,-1.3717734850468797,,0.1298769328311873,0.2941176470588235,False,1
-0.14026859451723397,-0.98992075174680427,-0.019535266908893806,0.98714925602296011,-0.13829584098890421,-0.080066264421966488,0.07655761050004331,-0.030515006574038914,0.99659809685163958,-13.221336429176985,-13.527591958232415,-2.1686843686919537,,0.2033992355040956,0.6785714285714286,False,1
0.36890306284238161,-0.90783098945328988,-0.1993826091056361,0.92702157822928177,0.37492030456929309,0.008109174986439073,0.06739082818011656,-0.18782348045420089,0.97988816528584932,-17.985726625531552,0.77221795080490652,-1.587975921756213,,0.2293059573470388,0.3928571428571428,False,1
0.87617960469229705,-0.48198274709025341,0.0013899023643999006,0.48112258062649038,0.87443625931801361,-0.062308031594855262,0.028816015209531538,0.055261739904314405,0.99805599911537579,23.357046733765635,15.576376955358453,-1.9162195356344238,0.331582634711994,0.2243623117166035,0.8,True,1
0.97567957711611175,-0.21862095009152643,-0.015944998576504724,0.21905809955238717,0.97508970338711587,0.034837040186042244,0.0079316971086227112,-0.037482669722229266,0.99926579930040238,-0.59360478934300975,31.538071916252385,-0.61200945617823332,,0.2686322704863254,0.6363636363636364,False,1
0.9957384254791779,0.089438696856813993,0.022487941853425626,-0.090843805764357841,0.99325105787827384,0.072109215624204165,-0.015886817758624272,-0.073844807049956357,0.9971431960823175,4.5004920454335622,21.014531302817598,-1.1688276894060257,,0.240608668736276,0.25,False,1
