axis_00,axis_01,axis_02,axis_10,axis_11,axis_12,axis_20,axis_21,axis_22,location_x,location_y,location_z,dbh,dbh_approximation,score,reconstructed,number_clusters
-0.27609617828600636,-0.9611297062241555,-0.00076690894617873623,0.95697211000010762,-0.27482754327301528,-0.093135396818084665,0.089304428881243403,-0.026448237597026428,0.99565315733452464,-1.8322031751066223,-0.37796040168485512,-3.3739794342878442,,0.6833665586059314,0.6854901960784314,False,4
-0.81146339835065873,-0.58439771172124721,-0.0025431618455888164,0.58092207231492798,-0.80614775533667327,-0.11249596642980068,0.063692221146166378,-0.092763738069439272,0.99364892686745987,0.82971862411027875,4.7914186263215601,-2.8082676016792947,0.3174269057305693,0.269872943186947,0.9264413518886679,True,5
-0.030001525171124699,-0.9749961657469155,-0.22018715963066246,0.99246738950487101,-0.002880071591921482,-0.12247524630312395,0.11877874076109683,-0.22220301970593875,0.96773830593646004,-2.2732694012059831,-15.52069310823325,-5.0552930824324083,,0.3024528486275697,0.3103448275862069,False,4
-0.051155497271402263,0.99498038941121347,0.086006626407652442,-0.99491366585821794,-0.043289882420509011,-0.090954843568556445,-0.086775068928106366,-0.090222008219327826,0.99213410214818953,-5.6136314780907384,2.6229768554716726,-2.9776541139774846,,0.09761802077940943,0.225,False,5
-0.93481792350174875,-0.35505149697320371,0.0073405992239850004,0.35233494499665957,-0.92985619093463867,-0.10596013738537163,0.044447007031754963,-0.096467085980727785,0.99434328322179932,-1.2187935853757577,-2.7586789478800209,-3.6342378688751862,,0.3278014120877848,0.9941588785046729,False,5
-0.41961393457676921,-0.9074754566008798,-0.020308657661918451,0.90355191292479164,-0.41545334450495458,-0.10484492925076655,0.086706900296076028,-0.06234431976269824,0.99428119726482522,-8.9821039017587392,0.91216910346375502,-3.0779171048787619,,0.2011259957238667,0.934640522875817,True,5
-0.93186821830410527,-0.36265180814856968,-0.010261079928916214,0.35902049648066903,-0.91772898930880831,-0.16993465005409839,0.052210217596832011,-0.16204063758455145,0.98540191036433744,-1.6585899739218355,9.8219005081719306,-2.1650289635057578,,0.1428863272724926,0.3209876543209876,False,5
-0.96029038352108487,-0.27899566493904593,-0.001948913068097087,0.27612670595403777,-0.94936883659131688,-0.14984276548509484,0.039955244660742642,-0.1444307136812262,0.98870791812831738,-0.0026772416397799759,10.27842850172086,-2.138683596712688,,0.08307719179849592,0.3809523809523809,False,5
0.42619511765617774,0.89769803213988275,0.11178535135793338,-0.89553724712901728,0.43615447749708708,-0.088217406240616927,-0.1279482734960343,-0.062510117992391145,0.98980893330882769,-7.8788684857682556,-8.6122365972858788,-4.2289342116135886,,0.1980364267286652,0.4285714285714285,False,4
-0.7772079495250237,0.62786406485618373,0.041647560041122973,-0.62794438153230592,-0.76965083736623885,-0.11542721621635672,-0.040418521708724293,-0.11586330136724871,0.99244246105210765,-9.5882933280956326,8.2383061600641803,-2.1732090479336681,,0.2202221588819585,0.7804878048780488,True,5
0.39713919053113245,0.8967154954014479,0.19540159582565825,-0.91136375723981033,0.41041966081079267,-0.031173771181733215,-0.10815066034941351,-0.16570160628941047,0.98022773493668125,14.541691922057883,3.1819821399751724,-3.5337894731572108,,0.3520055626822232,0.4262295081967213,False,6
0.55650922932820224,0.8167196956788918,0.15253332869477434,-0.82988890036143348,0.5552116631006685,0.054994747148060477,-0.039772989948205092,-0.15719080077144199,0.98676702489666335,-8.4644110527108509,-0.4577406074051531,-3.2700291651427484,,0.4205085924523878,0.38,False,6
-0.26624432286939853,-0.90187607656697588,-0.3401962713728281,0.95851241426897937,-0.21043449311404228,-0.19227916111760401,0.10182294550870583,-0.37727558445252657,0.92048640464915998,13.620281495684058,-1.0212043957844594,-3.8979676793332954,,0.3387515915292895,0.45,False,5
-0.038993023278183131,0.99573373666648413,0.083629359676063747,-0.99578298309375735,-0.031766576603076413,-0.086064715138196718,-0.083040921939277229,-0.086632616693265441,0.99277338552579719,-9.2319893403908591,-3.3167958590813278,-3.5668959500538784,,0.09798860874076455,0.1481481481481481,False,3
-0.84327335572367401,0.53604425020465263,0.039326954485017732,-0.53612755135826917,-0.83369238032385562,-0.1323792418188397,-0.038174549127937947,-0.13271615128715927,0.99041866247885479,12.347151780520777,0.4015363351016471,-3.700015058024944,,0.1164437434442184,0.15625,False,2
-0.055988208966104958,0.958792547046324,0.27853576464287311,-0.99704428393096367,-0.038990326414519196,-0.066200077996033238,-0.052611941014938705,-0.28141891580793116,0.95814162705109995,2.7552037814462187,-16.35887740854406,-5.1921714480846433,,0.2765524951107259,0.1,False,3
0.8513569807068162,0.46599009234734673,0.2409243143310455,-0.51988575598028153,0.81082934498166959,0.2688393089661677,-0.070072049567458189,-0.35413134166677024,0.93256683445140187,12.523738258714339,-9.8186390993625299,-4.7198771263789334,,0.4236529640444197,0.2696629213483146,False,3
0.58793743671017273,0.76616803356053353,0.2594534926815516,-0.8062458900704651,0.58103509987319413,0.11120151734499667,-0.065552538159510801,-0.27456284720502783,0.95933211541963581,17.287109402654682,7.2012586483234573,-3.1800512420285405,,0.3941520172061297,0.5208333333333334,False,5
-0.61829997272037429,-0.78563067582180646,-0.022126566424963572,0.78194312713070191,-0.61207366077798619,-0.11802872410940898,0.079183897776285678,-0.090278873440069268,0.99276363518379773,14.974103447655789,-21.465140236920995,-5.8069984376865316,,0.1875877365787786,0.7906976744186046,True,4
-0.51266321163122353,-0.84500163711384868,-0.1521468524645698,0.85579119842763229,-0.48860912440785947,-0.16994866354044086,0.069266558552857863,-0.21733236487072305,0.97363688665022508,-8.3488752430455264,-5.5184687675517115,-3.8603409659948626,,0.2160269247922289,0.2533333333333334,False,4
0.98334294357270224,0.16912397053461345,0.066586319288436807,-0.17599729261243688,0.97748712629052381,0.11637813767794536,-0.045404937163999348,-0.12615863239153211,0.9909704290009026,-2.706653532463374,5.4131967591174348,-2.6693561549890075,,0.2718494394565259,0.3781512605042017,False,6
-0.91109591857374839,0.40112657009099878,0.094877299314915009,-0.41200798784372566,-0.87930931785107935,-0.23888185676864923,-0.012395366522426891,-0.25673448990601971,0.96640248167183118,-6.970169019331423,-9.8361682530371812,-4.3987908853645186,,0.4213468832103543,0.4622641509433962,True,5
-0.99213730186470728,-0.12485890317258372,-0.0085923539941110613,0.12242764502722855,-0.95398068792065926,-0.27373768247633423,0.025981647016840147,-0.27263730737550734,0.96176600722074157,-8.59866787964304,-25.61162270837114,-6.3456004818761187,,0.1723388057471427,0.391304347826087,False,1
-0.44327345647094363,-0.89637230305555593,-0.005033597439399809,0.89149737613949642,-0.44026311568104265,-0.10677460984342182,0.093493695641452143,-0.051817789278397419,0.99427050926274796,-3.2472820049170674,3.8179850173300864,-2.8410280240766821,,0.1580674152255676,0.1818181818181818,False,3
0.4101934175146088,-0.91061666518300999,-0.05018614668074256,0.90989051408955968,0.41236452270366969,-0.045329381037165051,0.061972676217213897,-0.027070085082058187,0.99771067845148764,-4.1478758031616696,2.6570849079633065,-2.9683202963399582,,0.1148385436775546,0.1805555555555556,False,5
-0.14458588706002642,-0.98184048102198263,-0.1228177148850583,0.98530756396967145,-0.13145778603054481,-0.10903143985153807,0.090906136466233037,-0.1367776309140849,0.9864217931667536,1.0109788965157713,-13.455208440053116,-4.8714043613475777,,0.2172596427015586,0.2380952380952381,False,5
0.94170090452547239,0.33547082497987563,0.025665774939204477,-0.33336690132803903,0.9406548202535977,-0.063521793367423779,-0.045452343337277511,0.051262410409517636,0.99765036448856048,2.2815579321935524,-15.416637916151119,-5.0832169059734271,,0.09904825417785532,0.2,False,5
-0.99828023614042061,-0.047411926385579936,0.034477229700694105,0.041195349940267759,-0.98579395317036211,-0.1628288212696046,0.041707472648495121,-0.16112849260499612,0.98605177125550414,-8.6565594144418263,5.4883737685010257,-2.5616685701844499,,0.1389615576188486,0.2727272727272727,False,5
-0.85643656345665908,-0.51605163762098027,-0.014391667146367013,0.51301268925309629,-0.84761335102425162,-0.13553445256001975,0.057744206980903497,-0.12345976864607615,0.99066810390059679,-5.2039218883303464,-11.200273671069194,-4.5573427479759925,,0.2493233006159416,1.0,True,5
0.99821662305701375,0.059456455263499103,0.0053388556968497133,-0.059687283187788633,0.99557616135820293,0.072564007337841907,-0.0010008388046923791,-0.072753260152141466,0.99734946806970448,-2.1172399892649705,1.6187572327570054,-3.1285820094670185,,0.5892278971504383,0.3822222222222222,False,2
0.075386190785199397,0.90608131908137191,0.41633347865702486,-0.99309660413868972,0.10585062604033393,-0.050544829756094652,-0.089866885375541675,-0.40964898166434049,0.90780595654262419,-2.2387161507066327,-0.41671689055226269,-3.3379133656131503,,0.720374605210194,0.3691037735849056,False,2
0.14299544156055624,0.98795247007228415,0.05917956210529076,-0.98676553379026954,0.14693230946072841,-0.068590653591732553,-0.076459695372829539,-0.048588201393024714,0.99588809696114211,-0.98007421750237245,-17.965273800115174,-5.3492164528727049,,0.1125056723667664,0.3478260869565217,True,4
-0.3587875664939798,-0.9332171729249582,-0.019421387367435643,0.92922415163093697,-0.35512729986404495,-0.1021130594832861,0.088396595834299291,-0.054683718319264434,0.9945831955124147,-9.7923883063489487,-3.5972176670621057,-3.6011235588932222,0.4581510816027944,0.2926394664636768,0.972972972972973,True,5
-0.95971295134812584,0.26397766563401354,0.09626444338948803,-0.2807907250624927,-0.88836888925649626,-0.36325925359178335,-0.010373993134298716,-0.37565477322615909,0.92670160872788698,-11.308159383367938,-9.5230933977917971,-4.270881189770062,,0.3466372508676823,0.1428571428571428,False,1
-0.87319122574227115,0.48732674553625288,0.0070516928290733916,-0.47411639732480382,-0.84599091047407859,-0.24395290771579095,-0.11291910854439083,-0.21636086171090396,0.96976144099734995,15.375795037992635,0.51384998506774782,-3.8393785870703683,0.7563339768804397,0.5659128877775704,0.5775862068965517,True,4
0.35294647074310931,-0.89616226915975383,-0.26892745513320893,0.93181428788367382,0.36264708469502854,0.014464607082060266,0.084563122493347936,-0.2556956771176187,0.96305181533370132,11.901401350143976,-12.425365338116254,-4.954807809306871,,0.4093458586779359,0.1333333333333333,False,4
-0.95971345213091808,0.2798390117121366,0.025302516138348267,-0.28057182378514356,-0.9495682288119246,-0.13999868045400801,-0.015150626945276288,-0.14145779001157868,0.98982834478923976,-11.374841124588762,-8.7297092447484559,-4.181241008256694,,0.2430924532899412,0.9666666666666667,True,5
0.01706226070943476,0.97507027840434357,0.22123930806247005,-0.99562130953551031,0.036908470774598925,-0.085883483766537427,-0.091908036962388653,-0.21880520322322741,0.97143048942482957,-10.24611296815749,-5.2327160793956411,-3.7841651369908238,,0.2038207625250648,0.1944444444444444,False,3
-0.98345162889415194,-0.18026295057271488,-0.01811524982598673,0.17852688743462122,-0.94722212812251416,-0.26626751671572912,0.030839002713204847,-0.26509528220221873,0.96372892831219981,1.2937150641186774,0.41188541618964958,-3.3019182656345056,,0.1711680058845102,0.1232876712328767,False,1
-0.54833755143226903,-0.8359087730239031,-0.024134060390613582,0.83209593002723947,-0.54250637015247138,-0.11533950570422026,0.083320423194845866,-0.083326835567321456,0.9930329025530672,-5.2346316240074824,-6.4273684513039386,-4.0355245522843175,0.226297109990237,0.2259236379260924,0.8589743589743589,True,5
-0.44244196490926468,0.89433137115507189,0.066456799916323528,-0.89363838184982125,-0.43345710051431896,-0.11629868657277541,-0.075203392024974308,-0.11084376654376618,0.99098845061197827,15.784817659091626,-21.245652087735735,-5.8056601712229714,,0.1901691072711344,0.972972972972973,True,4
-0.9773241767427997,-0.21172908775170721,0.0028717510057195417,0.2091293249800085,-0.96727286105102461,-0.14369459874181426,0.033202093117980461,-0.13983563806839375,0.98961791381249264,-1.5948986991080032,-20.198255489606524,-5.6049265704966329,,0.2572862867202511,0.8703703703703703,False,4
0.21681063403457895,0.96224523392336958,0.16455169024134017,-0.9720007366719855,0.22842918891883393,-0.055087871251295543,-0.090596450695595951,-0.14800072784159449,0.98482895351412014,-9.9687430400284978,-4.5916985296808086,-3.7134594276679613,,0.1659205155966454,0.2631578947368421,False,4
-0.52999028548891325,-0.84729640420328256,-0.034628033608170961,0.84388948630876914,-0.52296147400274995,-0.11984085950289781,0.083431601835890212,-0.092736724834659695,0.99218902820079558,-1.7654609612741008,-14.538619687619523,-4.9566349652617117,0.2949035600853861,0.2237764859272905,0.9790209790209791,True,5
-0.60741575134880987,0.75881547612093636,0.23504292844652586,-0.79202295436039005,-0.55569824622013264,-0.25278271086866072,-0.061202489978765137,-0.33970359484001156,0.93853914296270746,-2.5400478869494503,-15.295641777176963,-5.0473996199055984,,0.2689283391367045,0.36,False,1
-0.81385248517371744,0.54978607634664645,0.18809413236974032,-0.58105609241824652,-0.77237358686441826,-0.25654017185975586,0.0042367251744975659,-0.31807909797651623,0.94805471234008631,12.287345148375842,-6.2239401106779395,-4.374404874135787,,0.4066729413091438,0.4146341463414634,False,2
0.15921771712367366,0.92485237635994,0.345395136756874,-0.9813351243559536,0.18648181006936584,-0.04696709719090144,-0.10784754173931141,-0.3314703854865873,0.9372813298504149,-12.966744214139249,4.0715598126651082,-2.6648725380378444,,0.3975349548748717,0.3823529411764706,False,3
-0.98894620425765845,-0.14607110718480104,0.02546834761375175,0.14217358764482843,-0.98292528661169676,-0.11680989647932501,0.042096033786650291,-0.11189777739132585,0.9928276846232249,-10.741790393189813,-9.7637614231493668,-4.3147625312518905,,0.2152915971015624,0.7192982456140351,False,3
-0.98240535613163849,-0.18574174451188072,-0.019486420645009619,0.18627491456311224,-0.96697568342503781,-0.17395310824813842,0.013467458868557304,-0.17452229659950771,0.98456111823556181,-3.9877364071253405,12.842003919271688,-1.7562481394896261,,0.1906466770252154,0.4117647058823529,False,6
-0.94093048144986746,0.33785835917047108,0.022395495465780235,-0.33814917588779403,-0.93420933924171579,-0.11361357894178997,-0.017463216339680551,-0.11447549786829335,0.99327256906796735,1.5625023041773192,10.583991881347584,-2.1792003942003384,0.3585880163465379,0.287305556967848,0.972972972972973,True,5
-0.8146831096057715,-0.57978213846052362,-0.012004284452388186,0.57623399000257869,-0.80702450033864481,-0.1290962610568942,0.065159954640712531,-0.11208982012343452,0.99155940444126578,1.0639802886239078,-8.9793657751947809,-4.3709326121618775,0.3556433069722751,0.2963764395377173,0.9681093394077449,True,5
0.58701378869993071,0.72020773664597315,0.36975076463942269,-0.80555710072562137,0.56507740208049917,0.17822818836672549,-0.080576481349611484,-0.40247775806029129,0.91187668295668012,-14.368850626736512,6.9992565103553801,-2.2482262766210974,,0.2845350100467661,0.2083333333333333,False,1
-0.92350263524628551,0.38233502502209166,0.031029201319480563,-0.38315525792385824,-0.91556875467882148,-0.1221716161028233,-0.018301120688907047,-0.12471481105799161,0.99202383282071505,-11.823380020886567,2.6014068951821692,-2.8271065635399726,0.3681880512260956,0.298140919833508,0.9513888888888888,True,5
-0.59814775598249248,-0.80129456174184643,-0.012094930179699218,0.7973420806489071,-0.59354748625144893,-0.1093022780689315,0.080404405598082609,-0.075022709145490363,0.99393497004225118,17.249147561588678,4.9476376395687174,-3.4275844301722556,,0.1968870395821944,0.2413793103448276,True,5
-0.96416968003984915,0.25524210050811552,0.072306972140034564,-0.26375639618562496,-0.89308454882050692,-0.36446200368384463,-0.028449807785401335,-0.37047463986928486,0.92840678026967105,-1.867934383019092,1.0793118980710128,-3.1689102548848891,,0.3143098595843584,0.2662337662337662,False,3
0.84376290419061839,0.49714740200923041,0.20225880002434052,-0.52804534513562795,0.8363954632754117,0.14700592672713933,-0.096084728195530572,-0.23083996553409508,0.96823583662236412,-0.51085989252462205,8.8229279407845986,-2.3012089959504443,,0.3900562463901044,0.2790697674418605,False,9
0.10784518667883905,0.970306583004795,0.21650531330146644,-0.98983328918884617,0.12511140356147829,-0.067654979953198469,-0.092733356047309951,-0.20700790244924636,0.97393441924996538,-2.7458582714696482,3.5809314241724297,-2.8867132431502274,,0.1195577725506242,0.2537313432835821,False,4
0.71400079516922155,0.6962355348656537,0.073884670183042775,-0.69675088737288227,0.71695030005943161,-0.022813771932592444,-0.068855395161316182,-0.035190158212607514,0.99700581107742348,-5.3470827830333274,8.5678632173200544,-2.2238802736649288,,0.1167995185837367,0.1818181818181818,False,4
-0.96434086922344431,-0.26457762363948012,-0.006735652504273347,0.2628279948525879,-0.95435131070824175,-0.14189792412586438,0.031114836768667945,-0.1386082855342603,0.98985837881694627,-3.5705333854484338,14.774831891081117,-1.5424289531211932,,0.142622102661365,0.4615384615384616,True,5
-0.71418922845928334,-0.69965425490619026,-0.020436965146519569,0.69572299394043469,-0.70636589259275673,-0.13044823296694302,0.076832686112707188,-0.10738318943533064,0.99124446478727168,13.876290018440079,-21.020675997497811,-5.7590671783334546,0.1203693410909386,0.1678813446495349,0.918918918918919,True,4
0.95504129983925734,-0.25997333493076946,-0.1425130896665861,0.28827779158973765,0.92655432703816487,0.24164642336065653,0.069224493334990797,-0.27186567302958259,0.9598421877322787,12.369805265277066,2.5642954878125979,-3.4735087096602943,,0.4772991791115934,0.421875,False,2
-0.95322306046640259,-0.30222848246739353,0.0048725127523305892,0.29933587049129928,-0.94609423431289086,-0.12370827149839447,0.041998019385220076,-0.11646305931650937,0.99230666740799345,-5.5618561322975513,-19.728905432336212,-5.5902569414192502,0.2572176616272723,0.2606766899813719,1.0,True,5
0.50314968977033603,-0.8586513485126237,-0.097766310053465005,0.86246265899193908,0.50608332637802311,-0.0061504964606079598,0.05475903147948584,-0.081225171342453259,0.99519039385025265,13.241037266857246,-5.7067809708633019,-4.3640389009272846,,0.1640646323258121,0.28,False,4
0.52384840707172919,0.8433984016090067,0.11942354278694273,-0.84483404553816777,0.5323338787220897,-0.053629069209791207,-0.10880386899382335,-0.072799572306904661,0.99139393803064346,-3.0190093144636743,15.075835836062819,-1.5369365787119964,,0.1682284635670328,0.4,False,2
-0.80909198369941715,-0.58067449511611169,-0.090483659491602184,0.582557983970308,-0.77218642144866589,-0.25368154415084071,0.077436149347665004,-0.25796368204061837,0.9630464067334733,13.564165385600534,-2.6102837982706641,-4.0576049066757189,0.8316677043826133,0.4256440300255168,0.2297297297297297,True,3
-0.70609131309361728,-0.70714748379752501,-0.037114602686284574,0.70522195882364513,-0.69749656196531262,-0.12712409228588287,0.064008174217614372,-0.11593525005535615,0.99119219701727379,13.376352007908331,-7.4897956679803395,-4.5361177666392853,,0.3363055096839476,0.375,False,2
-0.65742232152749303,0.73611530218564381,0.16102842309834328,-0.75126732363652537,-0.62379290196176995,-0.2155917992367169,-0.05825203510103924,-0.26271025360699413,0.96311475072097996,-2.5635848307441154,12.911565388617728,-1.7667245829846572,,0.2058564249892207,0.4222222222222222,False,8
0.9783238585565911,0.18385444716460053,0.095288876773442166,-0.20442402027208048,0.93092311103429981,0.30264332353121898,-0.033064296677007221,-0.31556251932069063,0.94832855524086979,13.459048275011632,-10.991010998187241,-4.8567267272896473,,0.3770176747378273,0.1739130434782609,False,1
-0.16395909790595078,0.98248797328348414,0.088514386215910082,-0.98463348645759308,-0.15752577424662001,-0.075382543034632529,-0.060119144706425515,-0.099513882455240302,0.99321834237918372,-2.5394737803641281,4.4863804016653352,-2.7867599735075266,,0.1734584760094526,0.2361111111111111,False,3
-0.55091558631501059,-0.82493384952372939,-0.12639683803462351,0.831393008570537,-0.52930950515934028,-0.16916593347363543,0.072647656914869241,-0.1982815968715623,0.97744909140417346,0.065545246315623612,-12.581355005521926,-4.7655412675740001,,0.3114379448451738,0.6041666666666666,False,6
0.75111399243804822,0.63731905295902058,0.17219812745554153,-0.65980322863143503,0.73343015765264308,0.16352340301362195,-0.022078719421929939,-0.23644159655407102,0.97139482269963318,13.090760089585855,-3.7453615904940274,-4.1492878263175115,,0.3869831712653992,0.2173913043478261,False,3
-0.88876976460417079,0.43532852102184788,0.14344819382055252,-0.45782168517152466,-0.82806478514201143,-0.32358618047503285,-0.022081895574279288,-0.35326730727969435,0.93526178126511816,12.198076180906504,-10.89460251712814,-4.8121479219000367,,0.4906124601473211,0.2666666666666667,False,4
-0.30588229764843461,0.94945849057751641,0.070459879758479796,-0.94841931087007625,-0.29739982379355079,-0.10979141850024156,-0.083287638662917052,-0.10040876195746057,0.99145410875548168,-5.8296870527350988,4.4465390708066819,-2.7769525156713182,,0.1786112023980292,0.2727272727272727,False,3
-0.022360817475955985,0.98134126231413366,0.1909694235251006,-0.9930913500939389,0.00020656536900439185,-0.11734363084268896,-0.11519359448512712,-0.19227398214644273,0.9745569001239206,-2.5284311267633606,6.8043560967900767,-2.5041011663609405,,0.3394833422280022,0.5229357798165137,False,5
0.45691137015726008,0.88635064951581244,0.074930140290226377,-0.88605405017426253,0.4609380448673327,-0.049440256508904705,-0.078359555835907937,-0.043802338941870744,0.99596241651601536,0.81187179229154438,10.48548776312648,-2.1453087284240366,,0.1158215578596103,0.3478260869565217,False,3
0.60694428346206608,0.75034229710427458,0.26192570310872543,-0.79136428688284466,0.6009610404419341,0.11219800941796998,-0.073220230941498168,-0.27537658768898399,0.95854396494560712,12.535287436724813,-3.1729335897575828,-4.0629876029325018,,0.3337189524805813,0.2365591397849462,False,4
-0.78056187734825078,-0.61801485733399031,-0.093705878924549332,0.62146149940323236,-0.75117177823414316,-0.22254564552927489,0.067147303669328584,-0.23194524288935733,0.97040849332172308,-11.410577443591684,-4.3621167919847874,-3.6573672784120927,,0.2815999779302696,0.2682926829268293,False,1
0.19522824639107983,-0.94493313203047824,-0.26265435043443286,0.97945133331374401,0.20166516512484539,0.0024993689398168512,0.05060649643071808,-0.25774510114886551,0.9648867526050755,-2.8373116326352683,9.6470886717962028,-2.1512426382090353,,0.2400897825958106,0.4102564102564102,False,4
0.17898744980111086,-0.98342024501587433,-0.029122405577359983,0.98053303288534155,0.18073467195706105,-0.076746008190958559,0.080737006597767405,-0.014818908377170939,0.99662527347049612,-18.18508811789847,9.7976676046519806,-1.8810834793908686,,0.3396833647048399,0.8333333333333334,True,3
-0.43327805126978008,-0.90118000055793845,-0.012030664248421308,0.89704491147829901,-0.42992353788967513,-0.10235320395238229,0.087066394658070465,-0.055139442895456713,0.9946753665183562,1.0293848716094669,16.754931201631582,-1.496828322209941,,0.2554122826003253,0.8541666666666666,True,3
-0.83556191640412181,0.5075808462958511,0.21023312852321652,-0.54860926046882097,-0.75038489946266607,-0.36871449928943423,-0.029396652580266427,-0.42341963479743427,0.90545659735024475,13.882763134744994,-9.6241599955369939,-4.7410969203990909,,0.2904436047112447,0.2,False,3
0.9997609277093088,0.0021430751559877361,0.02175993232295265,-0.003794129264977178,0.9970913949052852,0.07612065940961539,-0.021533508978899302,-0.076185021065231812,0.9968611490856425,-9.6023262447004889,-2.6617879127246749,-3.5252611124741997,,0.2410442305561351,0.3636363636363636,False,4
-0.87753956031743063,0.43997260100625957,0.19065264341644383,-0.47861320690060705,-0.77946868053450435,-0.40417567250654235,-0.029218457491926773,-0.44592901501201498,0.89459130071346393,15.896346193402573,2.6664450915282387,-3.6436926734100044,,0.225031358608821,0.3235294117647059,False,1
-0.38487463461689686,0.92233656656938623,0.034158067824579752,-0.91999958885304456,-0.38040742616899348,-0.094291816324180697,-0.073974807459981667,-0.06771593670976031,0.99495843118030858,-15.703962087973862,-3.2361372078780848,-3.5325259714040054,0.3244990750619952,0.2712794126994578,0.8666666666666667,True,3
0.14032978631668674,-0.98662076591580705,-0.082988043331671354,0.98639794574496609,0.14655857229532049,-0.074429009914600747,0.085595815916570533,-0.071414628406676409,0.99376722986175847,-8.2655097226044063,13.079508331034432,-1.6360160947595934,,0.182319682759175,0.3461538461538461,False,1
-0.98207822974851666,0.18733292455698819,0.020705700445659024,-0.18845961567900404,-0.97471570024025644,-0.12005114311520762,-0.0023073604273258219,-0.12180180245822242,0.99255176036607118,-1.0121179706874708,-4.7204184683189716,-3.8616950619694759,,0.0855564707542017,0.3826530612244898,False,3
0.83629103494348533,-0.54711127638012802,-0.035868595328801621,0.54828576453253242,0.83451851026680646,0.054420367814320358,0.00015900984318561323,-0.065177505934003135,0.99787367308497155,-11.212094161875083,14.525003484896686,-1.369512127725554,,0.1903009531942318,0.3461538461538461,False,2
-0.75939983317403148,-0.64746430783209918,-0.064045791889516965,0.6481353496761606,-0.74421877902540412,-0.16142793266996536,0.056854743649194392,-0.16409868686079901,0.98480412219646352,18.682502359376791,5.0568445821839347,-3.4768970595045987,,0.1787814116817768,0.3076923076923077,False,3
-0.50512617229922419,-0.86300191712267227,-0.0086741628372974458,0.85897454360975611,-0.50174305870060831,-0.10206192471323357,0.083727435699097602,-0.05900503443225151,0.99474022861393485,-18.908705203786074,-0.15613200305146424,-3.072433734634815,0.323814549540523,0.2743907584110525,0.9827586206896551,True,3
-0.91067943742826307,0.40774530547001925,0.066383191490797605,-0.41248228349332183,-0.88858994310886641,-0.20066459281576521,-0.022832609344488379,-0.21012300890893112,0.97740830417875013,12.15990252127518,13.576631048225609,-2.2199907666086784,,0.3312488491344754,0.4074074074074074,False,1
-0.4269845734865127,0.89818718225271121,0.10461338175145804,-0.90187027854451352,-0.41459391462056688,-0.12141617123610897,-0.065682377260440614,-0.14619053182928635,0.98707353004773069,-13.321046807770211,1.8302515354230642,-2.8991073973072585,,0.1261337104644994,0.391304347826087,False,2
0.10892001741776472,0.9635345558442493,0.24441274414346836,-0.98928128243077762,0.12912610010556697,-0.068183535429341136,-0.097257256993146579,-0.23436640110210727,0.96727111814455446,-2.5073463682457815,-1.7362825529950161,-3.4906443002481398,,0.3694974614518849,0.2342995169082126,False,2
0.14867567975217702,-0.98670671445010827,-0.065615561487354826,0.98542874465171981,0.15337295002731158,-0.073531812258743903,0.082617985114401438,-0.053727068215123588,0.99513198656090029,-15.468358792059625,-2.1881889017258689,-3.3904909958354872,,0.08396743853798948,0.2857142857142857,False,2
-0.81154786684323921,-0.58420984210767724,-0.0094297511479327772,0.58076467460251679,-0.80478274526108695,-0.12262595836062697,0.064050390756202252,-0.10499330128418655,0.99240815904013346,-12.401746622705486,13.776408759895565,-1.4624650838596713,,0.3005042039858577,0.9759036144578314,True,2
-0.77474900872428876,0.61588159731472869,0.14301689260290387,-0.63226354012979402,-0.75559462430330282,-0.17122961060076908,0.0026056291509363241,-0.22308433789266632,0.97479566519538796,-11.04702878979681,-2.7724997150263353,-3.4825476445854653,,0.2447872850493561,0.125,False,2
0.83647656241609269,-0.54544616886932418,-0.052871896072800927,0.54682487119547074,0.83710706233688825,0.015307724447510926,0.035909897947681471,-0.041716220484136417,0.99848396891382563,-10.372496095313689,10.496479170554476,-1.873819709203979,,0.1077629123782003,0.3461538461538461,False,1
-0.99975143353200713,0.014834121075259799,0.016643917886803243,-0.017635650026032589,-0.9828988739268758,-0.18329972035286823,0.013640197903894591,-0.18354768449970962,0.98291616759311617,15.768001992149868,-6.4407349953993274,-4.498410140440499,,0.0941442775424996,0.5,False,1
0.44708018685585255,0.84936506990268001,0.28053214530629422,-0.89035113172595159,0.45270703151263814,0.048282562621844272,-0.085989352569101174,-0.27135829017782181,0.95862949547597187,-13.318550283367939,13.104227292846261,-1.5271279625301377,,0.2450263820257857,0.2,False,1
-0.98646963063590143,-0.16383762689154646,-0.0059076092977856515,0.16096887497626339,-0.96110452386880119,-0.22442619162611335,0.031091624626978662,-0.22234056358089788,0.97447318314286313,-3.3352298590330718,7.0518532972365309,-2.440186009076533,,0.1424228680851034,0.1851851851851852,False,2
-0.78813500138318271,0.60043402099428678,0.13535954354002272,-0.61402489948312178,-0.75176596965784637,-0.2404607029831286,-0.042622088281464209,-0.27262962659445289,0.96117451292337996,-11.479742790325044,11.140001228245351,-1.8339952527791794,,0.397632238158062,0.3235294117647059,False,1
-0.052158636906852927,0.97178454728330244,0.23003102020685565,-0.99478198783323168,-0.030335236154646391,-0.097409291805280157,-0.087682799217312021,-0.23391145142730752,0.96829600826017448,3.0171674606106533,-15.26275483375146,-5.0711451362358888,,0.2257698959540071,0.2631578947368421,False,1
-0.78512776254072014,-0.61927260413699936,-0.0087085161297767652,0.61573091661926671,-0.77896869757417841,-0.11867268649013883,0.066707082135266049,-0.098535323437680136,0.99289523879814801,17.268679735776409,-10.759425980823343,-4.906430255994219,,0.1677892721268729,0.4375,False,1
0.5266714716462334,-0.84951423823494587,-0.030703745538470592,0.84739622755274235,0.52753491630766902,-0.06022080708228842,0.067355730887372886,0.0056983429487134155,0.99771275144916716,-4.066816731765182,17.34712519501236,-1.268539296185726,,0.1830561045030411,0.34375,False,1
0.15671719580444535,-0.98187255168420617,-0.10661150401498629,0.98396775297732153,0.16452601260023372,-0.068837869509659907,0.085130380240853634,-0.094114204172452531,0.99191498372241271,13.48495143160603,0.92358723652318264,-3.7097543680478471,,0.5536963135169406,0.2833333333333333,True,1
-0.037029811060581341,-0.99931381936451324,0.00082675264008168908,0.99533511117206575,-0.036956109351273358,-0.089119371910428694,0.089088773484150258,-0.0024771775727533418,0.99602060923977076,-7.8927126782745898,-16.213458582834324,-5.1192694437069628,0.2587320693863108,0.3218957212048261,0.9814814814814815,True,1
