axis_00,axis_01,axis_02,axis_10,axis_11,axis_12,axis_20,axis_21,axis_22,location_x,location_y,location_z,dbh,dbh_approximation,score,reconstructed,number_clusters
0.097466954704939712,-0.99523067841873314,0.0040111687489721385,0.98723886479447653,0.096172722408855799,-0.12692608598622185,0.12593496964647213,0.016331080755928699,0.99190406754962179,1.0235323213167442,3.1801719738736365,-1.8188415648492158,0.3033791237852048,0.2678150323598681,0.990909090909091,True,5
0.48772666644130525,-0.87299572642368894,0.0010772594994425556,0.86688600370331415,0.48416679550180403,-0.1187062370594463,0.10310846437296492,0.058830058469218231,0.99292883370116658,-9.5490759001057111,-7.0902135418585193,-2.8618473964756235,0.2581175161433517,0.2485059206740391,0.9956140350877193,True,5
0.58196514902432905,-0.79999136402180393,-0.14604924789818355,0.80711349641321517,0.59016474916700057,-0.016533987670473108,0.099420165101081967,-0.10825611452100986,0.98913914311389395,6.1779684367428205,8.0660436062023724,-1.4514009366041909,,0.3650620995578626,0.1944444444444444,False,5
-0.28150295250165297,-0.9589761026044813,-0.033480178708782067,0.95089967078969051,-0.27411511339829875,-0.14370358624159857,0.12863088208090204,-0.072289274724246746,0.98905427400872781,-10.84357143535285,-13.834112735154875,-3.4988258563983066,0.1354508903539406,0.1608142774131872,0.7962962962962963,True,5
0.83167906459928798,0.52322021623478776,0.18587775238170767,-0.54337374235863423,0.83580773147778475,0.078551970803614785,-0.11425808340080845,-0.16633111953324076,0.97942791927348727,0.30687380510687068,12.116125711163848,-1.4943663064270087,,0.305541887359132,0.1904761904761905,False,4
-0.53010140761702473,-0.84788408975666552,-0.0092232304513840818,0.83946005850739402,-0.52323859703883102,-0.14672484704234018,0.11957971321763264,-0.085521581523883283,0.98913434440446046,-7.3340367893801712,-11.36954635608382,-3.2004801978203932,0.2122349628697016,0.224220809942943,0.967948717948718,True,5
0.10788868893339464,-0.99402345763749633,-0.016655223403790213,0.98625205056908494,0.10912440279613238,-0.1240917300333213,0.12516758185931556,-0.0030381541739025273,0.99213096215706686,6.158265512415559,-8.4850625955156662,-2.7196182086658736,0.2689562717979692,0.27004499625149,0.9827586206896551,True,5
-0.62383195047268991,-0.78108038251171519,-0.027333745165871878,0.77222171468113721,-0.6106125822544477,-0.1755730553572516,0.12044634051877455,-0.1306357931346106,0.98408687045795251,-20.050698095202197,18.828066779727866,-1.329080481174346,,0.2808995673633008,0.975,False,2
0.74210860855182426,-0.66944463436628021,-0.033446892702809518,0.66853373984540032,0.74285278057096649,-0.035105342703161596,0.048347200555961811,0.0036916007613611527,0.9988237683806992,0.42999835633634181,13.991153395007331,-1.43648278938811,,0.2818278495112582,0.7692307692307693,False,6
0.43304940444284989,-0.89888246324348586,-0.066921824429827345,0.8985873054546637,0.43635052844934075,-0.046250089704864467,0.070774768013889947,-0.040106528088388681,0.99668570703972437,26.503134884670683,3.156846072304305,-1.6065523352573239,,0.3012949675421029,0.225,False,3
0.7921595969045232,-0.6103134123498466,-0.00084364563045829545,0.60701242217949736,0.78801714113258481,-0.10278572177597503,0.063396311815780024,0.080910592551991206,0.9947031635925575,-9.5960930888628067,0.26565443669762151,-2.1397053156644783,0.2595260015515438,0.2284419213784855,0.9716981132075472,True,5
0.58061324561648653,-0.81394247496788041,-0.01964450197513961,0.80889783690377548,0.57942263720104803,-0.099768216138087951,0.092588057907502339,0.042036352626560025,0.99481676533458785,1.7762907018420802,4.2733675719719058,-1.7242102543308198,,0.0801948802771756,0.4615384615384616,False,5
0.40647726958635705,-0.91359905548192122,-0.010629916846386355,0.90706948504725515,0.40491250648798488,-0.11519900774626755,0.10954989094347375,0.037183704927813657,0.9932855548542493,2.656192157905195,-7.7814739013004806,-2.7264287782645287,0.2755028183723685,0.2372122467304624,0.9345238095238095,True,5
0.55255513413973723,-0.83343774549511396,0.0080217279833246051,0.8280519141880478,0.54783730966609612,-0.11918183396526297,0.094936037126724007,0.072496941465383546,0.99284003864310266,6.896012826730451,16.654371982996395,-1.0264692590463045,0.3131417597482022,0.3202769535812054,1.0,True,5
0.55397702812554384,-0.8325319326519347,0.0001828223871278966,0.82690281610596217,0.55020582448749311,-0.11621223436483592,0.096649806131311994,0.064530084572024263,0.99322438711496963,1.5119598358744175,9.2310242731073409,-1.6622912928895666,0.2493993026468473,0.234507670139885,0.8823529411764706,True,5
-0.90903560419986251,0.40364997387340129,0.10354211166957544,-0.41612621219585133,-0.86603412810816938,-0.27717118262088025,-0.022209138221138527,-0.29504506019238236,0.95522519158340291,-1.5245045876225136,8.3892632775319171,-1.7331165261291213,,0.3834149062241298,0.3414634146341464,False,2
0.26876290530212643,-0.96265824783802212,-0.032489976962000948,0.95593185953745496,0.27071908140692225,-0.1136021957686454,0.11815574744728105,-0.0005261479101325503,0.99299493579451459,-21.164046215671029,6.3388087086914453,-1.9518913954260668,0.5589880869040104,0.21510179861726,0.8571428571428571,True,4
0.96615740237810199,0.23472407020852815,0.10697889836197409,-0.25277610389963773,0.94418007536655257,0.21125393860975047,-0.051420959999976187,-0.23114626569675462,0.97155920495208481,-4.7436980974746676,-3.9316933468539905,-2.4329848380201828,,0.576598304362984,0.2365853658536585,False,1
0.61263806548714861,0.78945361670703385,0.037915534868274939,-0.78219738850176179,0.61248833688149906,-0.11412836021409814,-0.11332186963330519,0.040261945461173433,0.99274222717203531,-9.0230619568899701,17.49121638795976,-1.3593984388073119,0.3250410292247148,0.2482323642334517,0.9318181818181818,True,5
0.012140010323290949,-0.99986986863878113,-0.010623838177338859,0.99165448833082881,0.013402685345317057,-0.12822536332121603,0.12835106514039468,-0.0089785195774311991,0.99168815172085456,10.760497872981063,-14.301588866960442,-3.2483756759412747,0.275976344973609,0.2217725680143678,0.9545454545454546,True,2
0.21567458334841941,-0.97631677366889624,-0.017030312687741505,0.96907825392541413,0.21615166775776221,-0.11902014238946228,0.11988249190918401,0.0091659139366764841,0.99274577518886931,14.141998929016108,-11.900947280040929,-2.9154238843778075,0.2923657619371094,0.2779873983465991,0.9883720930232558,True,5
0.052230462360846157,-0.99760224722341062,-0.045406333659223294,0.99062988239198047,0.057503781043502289,-0.12387796929943279,0.12619197642331509,-0.038510667359855331,0.99125804591230182,21.004425347617996,-14.931835551893757,-3.1897375802850427,0.3246213191271701,0.2239609172732413,0.2,True,5
0.090057246872907629,-0.99378867696723383,-0.065373984255118658,0.98301226571918154,0.099237403391295456,-0.15439826169291967,0.15992678866066873,-0.050358746011687203,0.98584350632786388,10.416572898995009,10.918809597404859,-1.1727545329529416,0.4657389443339338,0.3381868895620092,0.9736842105263158,True,6
-0.98189470033512549,0.18621238818071859,0.034752610575752275,-0.18647363089293964,-0.91790437319453277,-0.35025583028974389,-0.033322401405064067,-0.35039478900004711,0.93600913959544962,-1.2766041575717457,8.5081253802643761,-1.7149658537493564,,0.6837624234300284,0.3089430894308943,False,4
0.1004674672530463,-0.97962863870489014,-0.17387932094691883,0.98153647976227099,0.12617868277331595,-0.14375353529384874,0.16276494376752931,-0.15622634298604834,0.9742180981882641,3.8165900857655801,7.7816560320203658,-1.5406355492124855,,0.3079468239327274,0.4081632653061225,False,6
0.24000046567630681,-0.97066368704993833,-0.014552770106560914,0.9643350425270325,0.24010567219133527,-0.11138757532118286,0.11161407720149394,0.012699323768042049,0.99367048106819178,-18.197458214148245,-13.586445298891586,-3.5908952954806739,0.3025797868218627,0.2561928024104327,0.9838709677419355,True,3
-0.019580780634493072,-0.99980488889568708,-0.0026032998341556073,0.99173353176145262,-0.019092319263419078,-0.12688611163204308,0.12681165171110853,-0.0050663088561919787,0.99191387605218717,18.249681830296048,5.9680504229403502,-1.3284524487460612,0.2418146096970384,0.2659163120729424,1.0,True,4
0.51308297564271221,-0.8339065059487345,-0.20333666526721983,0.85337756709073631,0.52103098682714011,0.016535983558070622,0.09215523909098304,-0.18200728035523719,0.97896923435099537,-10.576950501464612,-12.825050711908606,-3.3607100936109155,,0.2928416305945748,0.1818181818181818,False,4
0.81077580206245325,-0.580935222372711,-0.071811323597021831,0.57793859989211493,0.81392325809937194,-0.059295064547118526,0.092895497978800812,0.0065724677004725986,0.99565417144890145,-4.8976489211487859,12.806264479654509,-1.5332362201241188,0.5532922235347417,0.2400821573510803,0.4230769230769231,True,5
-0.90059471829133642,-0.42947007350102967,-0.066967225959931001,0.42850479504183958,-0.85140520601276704,-0.30247779389652485,0.072888915562651271,-0.30110568101810659,0.9508010174830076,-20.029828870602977,-25.387532976231181,-5.009218642943309,,0.5007844097320566,0.3409090909090909,False,1
0.698686334056981,-0.71542553443858481,-0.001926467046382864,0.7111369161302552,0.69478750962241109,-0.10749233921278775,0.078241249470888383,0.073733446589400925,0.99420404632815729,27.813434863181691,-3.7970179952656085,-2.0437710764102457,0.3015940397170567,0.2573210697188023,0.7906976744186046,True,5
-0.36636927862580204,-0.92971485355497796,-0.037467889698469238,0.92171448231129804,-0.35711670210881624,-0.15136074184721654,0.1273419207363635,-0.089988622359552309,0.9877682334783825,-13.439365989649804,-9.0343987779882955,-3.0985223912942756,0.3827378859663464,0.325122637404071,0.926829268292683,True,5
0.54404818912456054,-0.8386100561657549,-0.027289954341413507,0.83374785326163547,0.5439736736595937,-0.094642271458902236,0.094212977300905887,0.028737015554089307,0.99513722613775402,18.779584124369297,-19.140602924050668,-3.6590914894985511,0.3310734162578451,0.2807014639323737,1.0,True,3
-0.60934922232697852,0.72236078412357263,0.32693794947953631,-0.78776301644873714,-0.50467125894942566,-0.35318033680541766,-0.09012743846960769,-0.47275978884712588,0.87657014943707012,-16.911594548755545,-26.24160733511561,-5.1049801840420663,,0.4029405716064285,0.2222222222222222,False,1
0.24609741576999875,-0.96901612635575174,-0.021066770370002538,0.96181785667655784,0.24683950899774748,-0.11822295621351926,0.11976006233064986,0.0088319680844637788,0.99276357901079026,-6.8524195793774689,10.030425702785596,-1.6636765938254443,0.2935410329657238,0.2475828761704576,0.9210526315789473,True,5
-0.79700495092330204,-0.60362005744029856,-0.020638179656062832,0.58921831627365162,-0.76957406718206678,-0.24612503100760613,0.13268339749715599,-0.20832326172711171,0.9690183355602664,2.95054573019023,5.3178758889062268,-1.7155145837808849,,0.1819405687378005,0.3333333333333333,False,6
0.90524302558546899,-0.42399089779811511,-0.027690850713096009,0.42135421929554673,0.90418770814343663,-0.070037206713005951,0.054732864996335909,0.051733036124590348,0.99715997034709769,20.025310659394435,15.275066550329251,-0.67019655946126822,0.372403066281478,0.2821557980558693,0.8297872340425532,True,3
-0.084964409758054846,-0.99629931070792654,-0.012989709672523249,0.98800890831097743,-0.082556320184264245,-0.13047164862829161,0.12891643096446823,-0.023919395488689342,0.99136694333977049,-0.84511681249330173,-15.267783687872427,-3.5298835103898076,0.227330857994068,0.2375574125989885,0.9767441860465116,True,5
0.62146903641084139,-0.75605554865897862,-0.20531985808623573,0.77843924773962225,0.62548001252029595,0.052981992376485126,0.088366138091194771,-0.19275570362399591,0.97725977322269164,9.245360283193941,10.766286207709477,-1.2452745810586245,,0.110847922388592,0.8571428571428571,False,2
-0.92252862427423665,-0.3857743254553887,0.010913625159708335,0.38017875972276832,-0.91328381496763367,-0.14620801610659126,0.066370536010675968,-0.13073195147938182,0.98919366597853342,4.0595698417456525,11.53612065850842,-1.4323429952178803,0.3416726547690249,0.2835050088098116,0.946969696969697,True,5
-0.37579469649725311,-0.90028286113637834,-0.21970233505503237,0.91612881360964771,-0.32520275118462216,-0.23441665362369646,0.13959349182077463,-0.28936817476365478,0.94698453866746624,-13.00877482745021,6.8057782002134548,-1.8840107497599374,,0.215446351066381,0.1627906976744186,False,4
0.77833152959378082,-0.62783567486895442,0.0047323780545418265,0.62441978594371683,0.77326563602999232,-0.11027323817289326,0.065574087581983742,0.088784128632189041,0.99389004298303241,-7.7183191375804707,-2.3025693235688371,-2.3762288146295334,0.2502630498645931,0.2236254079762193,0.9608355091383812,True,5
0.25033986063753028,-0.96810213116255417,-0.010402779172048564,0.96118105732715442,0.2498090959950017,-0.1171596798971947,0.11602124465560197,0.01933078365407085,0.9930586043088715,11.723451150914274,-18.637917198767042,-3.7239949876737555,0.2112349315294096,0.2836302895571229,0.9710144927536232,True,5
0.86604555049729404,0.49924414184591404,0.026840106117081153,-0.49364207739986393,0.86237054973102123,-0.11240344468459704,-0.079262878349112553,0.084097097388395284,0.99330009278498543,-11.77021871685233,-2.5469224098269208,-2.5270807588447339,0.2840674349008144,0.2535344083501207,0.924812030075188,True,5
0.33471858794591769,-0.94231599057207038,-0.0020101730444400875,0.93531854321426644,0.3324910495134622,-0.12095009182707671,0.11464157013506426,0.038604091824753911,0.99265655414717957,5.3236109912551299,6.0833795635103662,-1.6215746521017245,0.2957083052752298,0.2742926142404477,0.9915254237288136,True,5
0.26249745275462621,-0.96487183240132068,-0.010836712409738439,0.95752123277390189,0.26185409463005743,-0.12077053412410259,0.11936572407722745,0.02132557534960363,0.99262129926348441,17.867469304868035,10.107495172057734,-1.0018385677505415,0.3139224177899628,0.2824951180368501,0.7407407407407407,True,5
-0.03255322225858559,0.98630381302032122,0.16169439118954715,-0.99195867887493738,-0.012086119431627827,-0.12598374943528737,-0.1223039947232795,-0.16449533166220731,0.97876606946505251,-15.364531123101147,-14.543259204276234,-3.6381676373275669,,0.2105506944770781,0.1428571428571428,False,4
0.023478523186251953,-0.99960114762267593,-0.015694095081342379,0.99132647480920622,0.025308922985802128,-0.12896231526942706,0.12930807898714222,-0.012530127243101666,0.99152529802316525,14.140174748760858,2.4421001690557924,-1.6888538290151132,0.3123457369141269,0.2711521931872917,1.0,True,5
0.39367783180227794,-0.91924844008748441,0.00026484747525325029,0.91266672692364537,0.39082469588766294,-0.11956380159060145,0.10980532916911737,0.047311335650599105,0.99282648393615025,-22.627796277549777,-5.1953928939278962,-2.8525841296957282,0.4504833048844883,0.3406370408769773,0.9558823529411765,True,5
-0.01418256876066526,-0.99911609473910268,-0.039571251896221335,0.99031139719100314,-0.0085681626722728232,-0.13859986717895864,0.13813830510380715,-0.041153563900428743,0.98955757429335101,-1.6695085003396464,12.020483104669017,-1.5114588977920049,0.3076052187212461,0.2324208135795252,0.4725274725274725,True,5
0.73325322927955094,-0.67995528739132938,-0.0007133720523898341,0.67590965868607844,0.72900396536710843,-0.10816354179621214,0.074066423202281781,0.078829091251939251,0.994132857985498,15.181520066672551,-0.41426176864233377,-1.8842605662303937,0.2550405551829309,0.2247162326043965,0.9827586206896551,True,5
0.66736522155865441,-0.74473002570153946,0.00092188532507495903,0.74008738554129205,0.66306584225024623,-0.11231362608172839,0.083032058968949746,0.075636483654092146,0.99367238037686278,-4.6085989724285641,-3.5759998692323944,-2.4020197579478162,0.205033374063635,0.2129462435846906,0.9416058394160584,True,5
0.017876840025607951,-0.99983980030866759,0.00089011764498700061,0.99192201837152316,0.017623438854232596,-0.1256189630299272,0.1255831519769349,0.003128597397272382,0.99207816416745254,-2.5372570308240503,2.8203056965133824,-1.9428079513782945,0.2753717734247346,0.2343309955315143,0.9846827133479212,True,5
0.40610800617646398,-0.91381938691401021,-0.0032272929026777933,0.90726967994417829,0.40361449814041883,-0.11814002177435916,0.10926122447311917,0.045049583693530446,0.99299170179597873,-2.612635710873318,-10.181536773601028,-2.990197249975179,,0.2842256284070404,0.9676375404530745,False,5
-0.20067556490855135,-0.97952059406661895,-0.01639278646267937,0.97157159642578472,-0.1968458072228515,-0.13153083743911592,0.12561031274256482,-0.042321790819401829,0.99117653087356383,-11.047543599408522,10.649162943775774,-1.6058734657639919,0.30395839790456,0.2709870019872581,0.9885057471264368,True,4
0.17200399921133114,-0.98490943221451688,-0.019184227641120842,0.97714939401775591,0.17305273189920503,-0.12341723442434767,0.12487468128504248,0.0024824014783702691,0.99216941681189652,-19.719255082176588,-9.830828354534221,-3.2409358076375887,0.2661845210793644,0.2885862515512203,0.9154929577464789,True,5
0.30963817592440696,-0.95083551369417252,-0.0060021586237708844,0.94382372945649817,0.30810876088433026,-0.11943935356970402,0.11541649676295068,0.03131800383583655,0.99282335534107247,-16.703249318765995,3.7374021274397626,-1.8574942303944293,0.2864497285163592,0.2474061158038259,0.9540229885057471,True,5
0.99256176116017114,0.10795325207394572,0.056278287547488974,-0.11644412115800151,0.97672709695323279,0.18012480319225782,-0.035523470133974513,-0.18533826761888125,0.98203248908866114,-10.334090774565054,-10.619778308820862,-3.1405803130139494,,0.2801389311013746,0.3205128205128205,False,5
0.45771013420334622,-0.8890850722887621,-0.0054006741098254797,0.88289272110199424,0.45522208067034153,-0.11520980989169417,0.10488982826122872,0.047964481686460475,0.99332649840013731,-2.7888829860953002,-17.888236098372374,-3.8459067306421715,0.2822902303603167,0.2617861127414165,1.0,True,5
0.029463205656078892,0.99682325734522181,0.073995358828309765,-0.9923162592825685,0.038068865251883174,-0.11772511652950374,-0.12016805347478539,-0.069958238357585037,0.99028555670068463,0.65822042498733246,6.1760211078768732,-1.7130999584150812,,0.3820369116717725,0.3405797101449275,False,5
0.84353620586249445,-0.53541042979800435,-0.042217781356011702,0.53430572476826022,0.8445626520285201,-0.035090159281734756,0.054443198647507476,0.0070426175580933798,0.99849203284701205,-3.329844561228982,-18.746660372052528,-3.9551832573772288,,0.2246763850032601,0.28,False,4
0.55019046249214065,-0.83433724485765459,-0.034231810148220375,0.82943733696899058,0.5507805803923731,-0.093136761294512399,0.096561685074746828,0.02284981632267994,0.9950646847665463,15.912279178309131,-8.5754933343362971,-2.5460878407435339,0.2625749428430202,0.2452584917616847,1.0,True,5
-0.036827979047336583,-0.99883038298066285,-0.031329953622561024,0.99027677270778858,-0.032268159584485881,-0.13531695870243696,0.13414772974126629,-0.036008775482277072,0.99030689924564852,0.99585512613897109,-18.403629767297033,-3.8500124860339828,0.2438616620360572,0.2242401207336838,1.0,True,5
-0.19498454903410273,-0.97078169634307876,-0.13987109666841688,0.97195431448775071,-0.17213343428622999,-0.16023386455265387,0.1314756106151164,-0.16719144369879144,0.97711881824438274,14.435454396641603,1.052350383600742,-1.8329252181288511,,0.1956188455350272,0.1666666666666667,False,7
0.065085870668486728,-0.99778473068955553,-0.013764470280271182,0.98968041544430874,0.066309556788636106,-0.12702644592554538,0.12765776406198687,-0.0053547998343620538,0.99180382203005646,-6.9434501374290516,-16.543754911256414,-3.7635150633509795,0.1657605431415585,0.1779382080728296,0.9558823529411765,True,5
-0.38586890542340946,-0.89369147868615761,-0.22895573535312261,0.91243644934422652,-0.33304429219346321,-0.23778398883326063,0.13625312376397489,-0.30066100572090204,0.94394811610779494,9.6053267412675716,10.630298191754088,-1.2267943582382517,,0.1843405772759462,0.2432432432432433,False,3
0.81801270957538386,0.55085861908118061,0.16555962296741872,-0.56767394534525351,0.81955456135695692,0.077952631354947177,-0.092744265317555558,-0.15775012755297851,0.98311413300172101,-0.58533395932412535,8.9534782312368772,-1.6973240724829526,,0.5186823503066513,0.3220338983050847,False,4
0.41004790064069951,-0.91166835123984746,-0.026861431975488868,0.90549095503178845,0.4104456263316823,-0.10779850732182497,0.10930164470755022,0.019879767926508578,0.99380981344088826,-11.878862699838109,5.6714534120408189,-1.8789502935388522,0.2126678565186936,0.1840293274336133,0.8421052631578947,True,5
0.90478002759151788,-0.42587622984732626,0.0015932741511127512,0.42368451172038685,0.89973177577604568,-0.10475765455154926,0.043180275586783626,0.095457679156324346,0.99449650340779894,23.191996644184012,-1.6247507418676634,-1.8005259654977508,0.3583399905576199,0.3254022081021296,1.0,True,5
0.59997243410799495,-0.80002067330730031,-2.4320004839352427e-05,0.79447949098187332,0.59582041683326925,-0.11747497305304491,0.093996897394074713,0.070462423784341005,0.99307584308285557,5.4981033797544629,1.0631702727161492,-1.9855215402994248,0.2529044426031437,0.2368159211270096,0.9754098360655737,True,5
-0.17971235309369005,0.96059390415510426,0.21204438555544478,-0.97308995386983455,-0.14198982865801232,-0.18147955872569801,-0.14422001186775249,-0.23895237989550461,0.96026160410543449,-14.130070272731322,-8.2597406776199946,-3.044888403931445,,0.3494878270641241,0.2142857142857143,False,5
0.62355144062176804,-0.78177681182106207,0.0029355403956614901,0.77679477387755747,0.61914552011249957,-0.11510301560401243,0.088167341884811706,0.074052963637648087,0.99334922278192195,10.378174638077802,4.3102431596605779,-1.575254756449229,0.3854721143204788,0.3200747087016763,1.0,True,5
0.91661215144101826,-0.39968492454193977,0.008609583298390797,0.39833586518260061,0.91126724699900208,-0.10450140217283729,0.033922003771844206,0.099216760886273694,0.99448747202734478,-6.7794493868890306,6.5921147805483518,-1.7959525305025328,0.2890708740554095,0.265303242616396,0.9904306220095693,True,5
-0.13767640986154817,-0.97208508176273056,-0.18998894699949948,0.98628302696527392,-0.11691405299603791,-0.11651993362620157,0.09105491138785328,-0.20342491987557282,0.97484732398758978,-13.912297597706232,-8.375776162205284,-3.029722749698216,,0.2709509977704452,0.2307692307692308,False,2
0.059317624995840999,-0.99712599789749923,-0.047129223224766661,0.99000726209596546,0.064813573393195462,-0.12523905820971251,0.12793373426154531,-0.039229389759744777,0.99100656638438789,-19.076542000790052,-1.7507540374114507,-2.4828805654890966,0.2588822513078258,0.2577903680047177,0.9868421052631579,True,5
0.27369742373897316,-0.96178874814856308,-0.0072197072980322808,0.95449812364053577,0.27253159799621718,-0.12107790905167269,0.11841896894225157,0.026247514709938805,0.99261675170541297,6.0881630693890987,-13.75227312347578,-3.2626663873786992,0.2875631219899721,0.2825829454750955,0.9890710382513661,True,5
-0.25116070681763747,-0.96791872737444462,-0.0071858575479655335,0.95905503594053465,-0.24784312319255877,-0.13706649599102308,0.13088826298780096,-0.041317350883049914,0.99053578387054864,-8.9059068295739099,-14.21046978964746,-3.5307659048448095,0.1637781901151667,0.1862030058307192,0.9484536082474226,True,5
0.43933454291096757,-0.89830983424112187,-0.0049599506954190655,0.89188864374894439,0.43684052866638418,-0.11706835467428332,0.10733036176628234,0.04700844839136633,0.99311147371428354,-13.69452233395082,1.4444678700887954,-2.0948982395894746,0.2878434856600681,0.2597060580648751,0.8717948717948718,True,5
0.13241170723670137,-0.99118770987504412,0.0037501439076305168,0.98323337752666884,0.1308686456679275,-0.12698630988631093,0.12537649342744378,0.020501740748245838,0.99189738054000853,8.1580997330119658,-2.0883021150201748,-2.1207134779212997,0.2484028217111158,0.2103111117519841,0.9908536585365854,True,5
-0.44099966903641163,-0.89718001250476309,-0.024234625471217162,0.88940835196755041,-0.43324152410242461,-0.14578945518718361,0.12029993915269838,-0.085847579787452763,0.98901876508208653,12.286067892914234,-7.7256758949741897,-2.5519267295519801,0.28044287401845,0.2462981093329175,0.9925925925925926,True,5
0.31386288427524339,-0.94936597528248468,-0.013940403522218425,0.94255098171012985,0.31331173226093312,-0.11590256815499921,0.11440164663017816,0.023237973310733687,0.99316275596938985,7.5224189231616734,-18.43761971833813,-3.7245077493281431,0.2706330836634423,0.2387872501972964,0.9701492537313433,True,4
-0.82644765418397181,0.53583009585884878,0.17283050444209089,-0.56259771687333304,-0.77416782070454238,-0.29008273708459925,-0.021635245843837778,-0.33697224478801963,0.94126596792819384,-13.02352086247717,-0.44262881710626023,-2.2878040488273421,,0.4442378092601451,0.2583333333333334,False,4
-0.99594839756073672,-0.089545335476284821,-0.0082717767524698969,0.088136516533881437,-0.9537231799039837,-0.28747878281206846,0.017853398821399233,-0.28704307866289897,0.95775128668263909,-2.0385908023549324,7.448478185738411,-1.7737160364916096,,0.3740334838067609,0.2441860465116279,False,3
0.85270765109617797,0.51023454657444678,0.11202843051657629,-0.51819664132868903,0.85329852657249683,0.057912567417373287,-0.066044702116858339,-0.10743524575843165,0.99201601060220823,-6.2389792673142459,14.601965312151227,-1.5230682164570202,,0.2841099590248196,0.5384615384615384,False,2
0.063007969558797589,0.9584579643251202,0.27818757411830025,-0.99002922997649301,0.095213699730843038,-0.1038098028883479,-0.1259846005043094,-0.26887298489307537,0.95490062227985673,-10.765056699649815,-2.1798295071325602,-2.441644506431659,,0.1514672090239243,0.2777777777777778,False,3
-0.88714505983800251,-0.46121197137166414,-0.01603621739973201,0.45517639828986017,-0.86874986134924348,-0.19516179145914264,0.076079492932713252,-0.18043612684031601,0.98063995170805029,-15.789955330742956,-16.510756498406472,-3.9045244009772815,,0.2628618284256997,0.5151515151515151,False,1
-0.68584667126090793,-0.72774356564375686,-0.001909498479472237,0.72016994274235413,-0.67832677650647932,-0.14569844832668516,0.10473584434570012,-0.10130195920336459,0.98932720369489136,-24.261857710721415,1.8600701748822828,-2.0956182706439419,0.3266179490539494,0.3083888828443443,0.98,True,2
0.93359550848117812,0.35130508214609096,0.070598624647356931,-0.34984105884027467,0.93624381606418372,-0.032538445431369259,-0.077528446993897701,0.0056794489083878269,0.99697396343475819,7.2357641277894338,-33.267994348781052,-5.5023043281085116,,0.1911371868869793,0.8333333333333334,False,2
-0.51522083622094939,-0.82568326874324616,-0.22977081982108644,0.84843522493203993,-0.45343433330551353,-0.2730475681530663,0.12126483009638245,-0.33562545358964219,0.93415758621575318,9.7243519038676549,7.6100677797209544,-1.3354122158967088,,0.1465333605744273,0.1956521739130435,False,2
-0.95053653734723054,0.30497958301736583,0.05888756329218111,-0.30985513364225103,-0.91778793235948752,-0.2483044650642422,-0.021681497261023364,-0.25426908022378653,0.96689045269806517,-13.252190309231255,5.7754071086982046,-1.8847777685638889,,0.1351028439244739,0.2380952380952381,False,1
0.51663207075099171,0.83334901322171373,0.19652156531521087,-0.84928374477116497,0.52790362264935764,-0.0059064423431837154,-0.10866657415696522,-0.16385111338066288,0.98048171237657866,7.2101423826994449,9.9858211928303859,-1.3754448336963978,,0.2738352217045774,0.3733333333333334,False,3
-0.28008846108999375,-0.9599049066185591,-0.011533612350672703,0.95112902794655629,-0.2758605054284462,-0.13876077883250107,0.13001548431505805,-0.049835246506651908,0.99025876519420075,13.321736368731701,16.932396906780411,-0.58252649185179772,,0.3111725857001251,1.0,True,2
0.87881187562890961,0.41315181801685485,0.2387368059662473,-0.47076096405391404,0.83240937765121925,0.29236747890512627,-0.077934600638146403,-0.36932398144133244,0.92602699461500304,20.73001375512397,13.59952164784514,-0.80766979947979456,,0.5544875150908686,0.1538461538461539,False,1
0.88670977924413863,-0.46172326573731437,-0.023609177657845263,0.46164479264356129,0.88701922323450566,-0.0089990575916056026,0.025096868687021684,-0.0029195015538830303,0.99968076088958635,-15.286011986548507,5.4058665019167798,-1.8707304590388798,,0.3499320728311026,0.4848484848484849,False,2
-0.66723494660652616,-0.74323371281922423,-0.04900177706918047,0.74000190914550468,-0.65396660317842426,-0.15724139527580563,0.084821580320073864,-0.14117836256390381,0.98634373798173447,-11.665224709419839,23.642871730035516,-1.0047663668292983,,0.3018699421835749,0.7297297297297297,False,2
0.97239660267641193,-0.23313233433826669,-0.0097036997770830746,0.23305937952942854,0.97242888539697603,-0.0080863130630240559,0.011321338999028615,0.0056015651014757577,0.99992022169355266,-15.338838859090217,4.6121119182995409,-1.8638476301921918,,0.2757867475148799,0.4375,False,1
-0.99776812827952466,0.063399370696488364,0.020959054961131741,-0.065894810507931986,-0.98563666557615692,-0.15549352854713674,0.010799821188252382,-0.15652757989314459,0.98761454049396069,-18.730610637199749,10.368761364614278,-1.6663939682089319,,0.216813042688184,0.6451612903225806,False,1
0.6851577099367312,-0.72834851275755863,-0.0082070992504535527,0.72394373370422871,0.68217138672489919,-0.10270184791038807,0.080401386459654917,0.064425484846297468,0.9946783268764251,1.1884109239584437,-1.3342402286820993,-2.1850943309094197,,0.2357153076821051,0.9779411764705882,False,1
0.96975374021494121,0.23748190702598612,0.056391729663444898,-0.23897104485723042,0.97079470542696877,0.02122450552568457,-0.049704356539218064,-0.034058534176725101,0.99818309602535149,-7.4611373812014907,11.372660648082398,-1.5574537740283598,,0.1168436061049037,0.3846153846153846,False,1
-0.82044137304098452,0.56639587790852508,0.077920875834757264,-0.56881080204724521,-0.79487844355741499,-0.21124045881911768,-0.057708100618491368,-0.21763264795515658,0.97432325522232766,-3.7744405014411417,9.4092764549951209,-1.7485850765415907,,0.2119467251529338,0.2266666666666667,False,1
