axis_00,axis_01,axis_02,axis_10,axis_11,axis_12,axis_20,axis_21,axis_22,location_x,location_y,location_z,dbh,dbh_approximation,score,reconstructed,number_clusters
0.065945538613569929,-0.9957491000181562,0.064303310567953159,0.9795126450084557,0.052311817765486233,-0.19446966856198794,0.19027917438728031,0.075810312854538681,0.97879856572197343,7.3186961234029271,13.492788830029612,-0.030087892911127855,0.2320623376654779,0.2394641089081708,0.927710843373494,True,5
0.73796416264578968,-0.67468009936802431,-0.014685304465768462,0.67295279197362445,0.73735253562709635,-0.058700749392116211,0.050432473917140785,0.033436532730611812,0.99816760308755381,-7.1266424529000414,3.7267789050378486,-0.68365240573422792,,0.3877262479230618,0.5242718446601942,False,5
0.82237168425341878,0.53129001006059429,0.20355770225665437,-0.54360875251124186,0.83932051945525732,0.0055308059564522782,-0.16791169444492701,-0.11520412679748117,0.97904732880359924,-7.5065082337783924,-14.795578394584311,-3.2814080877083209,,0.3302090376263894,0.4047619047619048,False,6
0.37885784461008515,-0.92344104481716305,0.061019425795291016,0.91458932235689072,0.36352112399316422,-0.17714052004414296,0.14139697665849732,0.12291879090575539,0.982292148922154,2.5297710983277453,6.6051464887134639,-0.94036885004408177,0.2210532851948925,0.2212881202326425,0.9372693726937269,True,5
0.35324980300596803,-0.9340504283643809,0.052577314010528786,0.92341303191749224,0.33910815680011358,-0.17976103714813871,0.15007647770783314,0.11205112790126889,0.98230422760714231,11.9100090334833,1.8127899515252091,-2.2521928267062061,,0.1139317250028646,0.5,False,6
-0.06008426164535275,0.97441002397974763,0.21659867652024328,-0.98047317945632628,-0.016906603152047586,-0.19592475886590149,-0.18724910111756282,-0.22414118750833667,0.9563987150728599,5.9973221865623305,-1.5036583181046694,-2.3626001106733412,,0.9048218672366442,0.56047197640118,False,2
0.98438264764587202,0.12455587082289978,0.12440513678001293,-0.11728486704685236,0.99102222807173712,-0.064181020789117582,-0.13128237876998872,0.048587843245817011,0.99015360349453574,-8.7329975184738853,0.16802355645665429,-0.99233638846435268,,0.2733697915375701,0.275,False,5
-0.456181529386889,0.87194323306935939,0.17780160446629986,-0.8811862922294158,-0.41474182888816236,-0.22693596840843733,-0.1241335193781761,-0.26020033373355578,0.95754198638583621,6.8508759638454597,3.0148433972500843,-1.7124643794992405,,0.1719439149059589,0.1621621621621622,False,4
0.79355433018366306,-0.60731264437094168,0.037985221256870455,0.60548263735306729,0.78187183193614584,-0.14855037626606724,0.060516947301834462,0.14088218628339974,0.98817503949314456,-1.8401649499161412,7.0270312593397772,-0.54113729806298694,,0.1846874207026107,0.2894736842105263,False,5
-0.29574131085628813,-0.95352047905581361,0.057756151829708578,0.93154024297134919,-0.30125967074560805,-0.20365506747225184,0.211588876782037,-0.0064270369082326806,0.97733762867224971,-0.14857370631410638,15.005896870756697,0.70135366144836897,0.1772510540460247,0.1853428511204891,0.8571428571428571,True,5
-0.95949514877547704,-0.27822505613048498,0.04427050505150272,0.24314905339719259,-0.89719381118894226,-0.36867574234862666,0.1422940522593118,-0.34297825485801614,0.92850326837667885,-2.9030965793546817,2.7207628041613483,-1.1440663920694927,,0.6739861065111674,0.2948717948717949,False,4
-0.952869613409973,0.27283359758900244,0.13266999610526803,-0.30224492252937374,-0.89151647263607292,-0.3374113006758187,0.026220347921841844,-0.3616078083299325,0.93196152619605543,-12.867639327141188,1.2913363214595281,-0.35770065358348385,,0.2413058737674536,0.2432432432432433,False,2
0.6201806441498886,-0.78228410212119437,0.058374242524131717,0.77867982298410354,0.60488890836143894,-0.16663475573466646,0.095045788435230205,0.1487984949848068,0.98428923898973009,-22.472348988403397,-6.6489760279371328,-0.53143663615292835,0.2826631668719843,0.2460613514456384,0.9,True,4
0.57242078137263019,-0.81644574231105826,0.075834022146339455,0.81366242440120806,0.55414943498703995,-0.17570390667566677,0.10142932598757909,0.16227986186119447,0.98151787465334295,17.216227779302123,-6.0333260787764624,-4.0387894702220279,,0.3363821330122951,0.9571428571428572,True,5
-0.51790282991796743,-0.85022275198775721,0.094328843761210132,0.8276742184290955,-0.5259032311388947,-0.19591115237642043,0.21617596284218929,-0.023389388192858407,0.97607422341193761,-6.9087529178730227,7.6143451509672664,-0.070757780665441722,0.2489883700201942,0.2274082105905789,0.8981481481481481,True,5
-0.0021520127272629673,0.97307240728031197,0.23048960720805026,-0.98125672054141022,0.042359130421800388,-0.18799189467162231,-0.19269306482989765,-0.22657403703780477,0.95474268182943034,-18.375765037700322,1.5216356694715403,0.2634840066516726,,0.1733224066680432,0.3333333333333333,False,1
0.9179156263566246,-0.39126716699409292,0.065885559288386256,0.39662722845693726,0.90937477667492106,-0.1253967989783108,-0.010851015477607084,0.14123568805317976,0.9899165297555399,-12.715506898451483,6.7193854001610269,0.39010751486976375,0.1805065776944048,0.2032883561332039,0.5555555555555556,True,5
0.28186585960520111,-0.95724964209295782,0.06499815306550244,0.94658547398275839,0.26638848426989253,-0.18169511796750817,0.15661282716897318,0.11273995813949256,0.98120442528804763,-9.2922750625253023,-6.0486294722747571,-1.7391886052822432,0.3101060054574532,0.2771561206963301,0.9914529914529915,True,5
-0.50958967411499934,-0.8591681151906374,-0.04635206441074087,0.82906338286213099,-0.47589651357654,-0.2935581979146461,0.2301570577509397,-0.18802302573212304,0.95481677329316383,-1.2430225696406789,8.5759802272179524,-0.31038183977271078,,0.2049745443892386,0.2708333333333333,False,2
0.52605875573813732,-0.84624113417696334,0.084487444855023033,0.84358423817042849,0.50663518673184593,-0.17800679952071044,0.10783236351699615,0.1649143122717836,0.98039555842846626,7.479876522073944,3.9182951313567846,-1.6296041890080255,0.1969447267614796,0.1404434098746778,0.8153846153846154,True,5
0.84510093523975005,-0.52936294493200897,0.074694590097341307,0.53451758971462215,0.83411985250330323,-0.136143372756583,0.0097650162606120194,0.15498046390683479,0.98786927286187609,-1.6307547408803351,3.3030847208194758,-1.1395800826795233,,0.2138518371046452,0.7983539094650206,False,5
0.44268431514162287,-0.89442561570672874,0.063509173315599868,0.88504170963530171,0.42446926429894449,-0.19112042243395763,0.1439853094361159,0.14081428064351745,0.97950986163153742,-6.190367190466679,5.3648423730897195,-0.51725691461885293,,0.1776586257451738,0.2033898305084746,False,2
-0.17130397222374683,-0.98236942130648797,-0.074868345663063149,0.96516198986027246,-0.15207626933694657,-0.21292050543223251,0.19778089500587936,-0.10873420982613792,0.97419689446444069,5.1166949425415771,-0.26659508908047003,-2.1859062243715819,,0.6131250529795018,0.5975395430579965,False,5
0.96633018578597984,-0.24755513094445111,0.070160025526722958,0.24212488730578341,0.96713449440234378,0.077629947084130013,-0.087071872530665367,-0.058028672914334431,0.99451051383773958,-6.6484470840783798,1.3776011954183407,-1.0629026569117557,,0.3726803780997325,0.2830188679245283,False,5
0.8904619487513995,0.39354740724913578,0.22846872012015784,-0.42376029190307035,0.90011046258710981,0.10113540501448259,-0.16584550892949934,-0.18687320136579733,0.96828388078043182,0.49048247267758271,-11.276888449920554,-3.4050789808947517,,0.3734572181431585,0.1967213114754098,False,5
0.92683326292475654,-0.37002360777243798,0.063738782756796314,0.37507126685988496,0.92025593833879804,-0.11158204482934916,-0.017368002544046718,0.12732453668970078,0.99170903739170524,0.53339125930020692,-15.237864488053598,-4.0034434190898045,,0.1489009309636735,0.2894736842105263,False,4
-0.82870969585198628,-0.55795275019415003,0.043920024495593624,0.52585765699876852,-0.80309598592781495,-0.28019736251863037,0.19160888438867957,-0.20910658989476147,0.95893715617130515,9.0457288153601336,-2.5267758031733809,-2.7624766851472859,,0.1509711670941533,0.1470588235294118,False,5
-0.1498552432514407,0.89226806284196158,0.42591209198883317,-0.97771792778896183,-0.069684503614203669,-0.19801950317102393,-0.14700700578580833,-0.44609614881580711,0.88282906967407671,7.7801426609722251,1.7911176162940936,-1.9952504271278353,,0.3749718023671232,0.1481481481481481,False,2
0.052979987422852752,0.96160515698102167,0.26927428952682986,-0.97663819919758399,0.10613177868404419,-0.18685254459455783,-0.20825692977851792,-0.25308411175114426,0.9447631891529007,-11.048754423482901,7.6650790602353815,0.3712704133398943,,0.2738680146627344,0.2941176470588235,False,6
0.8508643810367521,-0.522824528798841,0.051810396342957511,0.52524143060551387,0.84879340166598416,-0.06059043541484023,-0.012298156708121316,0.078767210021409073,0.99681717579856388,-13.530799388554614,-11.672074951876857,-2.1376417942527555,,0.2030893722495357,0.15,False,4
-0.21569876526616938,0.93798107524327945,0.27141397375248089,-0.95142398151115171,-0.1393480584299347,-0.27454421504973653,-0.21969626776101248,-0.31744861174254629,0.92247489333564658,7.4344732650368197,-4.5725523668332899,-2.8608293806790797,,0.47098207372656,0.6188524590163934,False,2
0.36175445812773788,-0.93080393769004233,0.052323432660885467,0.92141035448998088,0.34843278933247718,-0.17203938489961204,0.14190373731284939,0.11044736709718767,0.98369950108655857,-3.3514289903531451,6.2655369920099204,-0.59259681244175588,0.1451032455371782,0.1514439661767048,0.6845637583892618,True,5
-0.85701925792887157,0.48063584493894707,0.18576107261444982,-0.51383721125724158,-0.82414621867558102,-0.23823167415379937,0.038591603574187582,-0.29962008411080471,0.95327776294792843,0.12599330143251489,5.4522499368987694,-0.96935769709911046,,0.6686431814286123,0.76775956284153,False,4
-0.40163954405147606,0.89373434811769936,0.19981139018773364,-0.90702899826574468,-0.35808944910735419,-0.22151826728970325,-0.12642813357462504,-0.27020522095737515,0.95446585355800651,-3.2855850400110618,2.5859154055823721,-1.1338245426678772,,0.3143833774124547,0.5308219178082192,False,3
0.73837114368711032,-0.67243863385821934,0.051325801163551531,0.67086998020011224,0.72461105463026121,-0.15770950882531354,0.068858723750080494,0.15088108961202595,0.98615078611792306,-4.6201949081982105,0.46279249636950448,-1.3686981098784667,0.2789923427958898,0.2071981933487931,0.75,True,5
0.72277528141289349,-0.6844914877812992,-0.095222348917979302,0.68852155633063239,0.72508033972705488,0.014020249974345478,0.059447111339051145,-0.075696129995152239,0.99535729105542803,-4.4435759160403601,0.26553532934110019,-1.4107778198968586,,0.2892841554825257,0.1273486430062631,False,1
0.42069507964938613,-0.90529283859447474,-0.058826238604510486,0.89750859169989639,0.42477782885459359,-0.11849946809351407,0.13226480175641903,-0.002944911396925376,0.99121004318620509,-4.993910679816949,1.3517419920207043,-1.2045024562105593,,0.12709003788338,0.7333333333333333,False,1
-0.93070083408352733,0.338063404294417,0.1396749516309071,-0.36475167880443471,-0.88638445181589653,-0.28509439908279255,0.027425722334573542,-0.31628426811319854,0.94826794288245619,-0.8860881702301574,5.113305297101042,-0.96169450004356283,0.1910630574981819,0.1106255094847351,0.2631578947368421,True,5
0.60863577959793891,-0.7893593449105325,0.080463112018021338,0.78841834390124232,0.59025641153078834,-0.17318742346607957,0.08921324337357045,0.16884665602022425,0.98159655865205453,7.5305528289636605,-2.4171299511170701,-2.6180287247167429,0.1454029570148745,0.1547833209033273,0.8596491228070176,True,5
0.83807138449780061,0.51324316958282512,0.18498054860583385,-0.51189810543274594,0.85703719408329559,-0.058716076267039202,-0.18867083542589461,-0.045482929043840353,0.98098655394724354,-9.8653587580633761,0.047268481842024423,-0.91218301161294679,,0.1021433661718113,0.36,False,1
0.2420318640885889,-0.9612135278264754,-0.13224647703884895,0.9618013363053094,0.25564781034753131,-0.097889665163568368,0.12790139267078265,-0.10350242020308795,0.98637137162682254,-3.8128835467812876,-13.256556690299677,-3.3516207963948972,,0.300075379075529,0.2909090909090909,False,4
-0.98137902432010549,0.11059356296463035,0.15704863722842705,-0.15778567578423308,-0.93042330814279983,-0.33078111823669876,0.10953945016217037,-0.34940167643472519,0.93054799841962621,-3.9586102270131986,-1.3644871306477331,-1.6114805983220448,,0.4312433385093244,0.261501210653753,False,7
0.91381209536170083,-0.39551470172307945,0.092279873707988125,0.40581407021892452,0.89826551062218518,-0.16862387980062404,-0.016198604353724472,0.19153901207735477,0.98135131939047349,-15.120348288141489,-3.4081621090657359,-0.79656093218762736,0.2824535655299618,0.2991499395562491,0.8861788617886179,True,5
0.2130721197448775,-0.97219879732092396,-0.097107004253930457,0.96559594100986168,0.22469969689754934,-0.13089891107044682,0.14907967833579427,-0.065875220697146283,0.98662845327174598,-4.2711554572845651,-12.098451018375606,-3.1176693860914342,,0.294666663395141,0.2950819672131147,False,6
0.72843974941001122,0.57942855684487293,0.36556542368247719,-0.65369013481680938,0.74755724404130819,0.11767486785438386,-0.20509690178708889,-0.32468556234306584,0.92331714295972289,5.0742252569292434,-2.6426452741935744,-2.4180754637902955,,0.4792553226390185,0.2954545454545455,False,2
-0.045946127195236865,-0.99765782331110187,0.050673671486423842,0.97884902671086249,-0.055087468449920962,-0.19702779937606907,0.19935780973655556,0.040549209683221454,0.97908744517081292,-9.3800483324976351,2.8503312488266488,-0.59996437245422807,0.1594487757666044,0.1960152882015343,0.75,True,5
0.85075180250837856,0.51269533291116298,0.11560651426220918,-0.49458464891596488,0.85539818390281808,-0.15388298162056063,-0.17778468883854454,0.07373901672028238,0.98130278804643634,-16.183554907319333,6.2880783732424064,0.73880615969564556,,0.2069786467951755,0.71875,False,4
0.83533735146776744,-0.5434993094673779,0.082583350932854419,0.54927895376288838,0.81903330844881705,-0.16576209037211004,0.022453066515785478,0.18382856214383086,0.98270184671861138,-8.8365169978754441,-1.5707001683539099,-1.2288642474985818,0.3117636841446169,0.2618476863067992,0.9764705882352941,True,5
0.20332896908666634,-0.97648896089552595,0.071600555719422893,0.96448332313742036,0.1871619328038219,-0.18639294594736255,0.16860975570812106,0.10695662746325899,0.97986276086079205,12.288377807087562,4.0484352877082896,-1.8526076219407588,0.2148467088032047,0.2101453764013661,0.9705882352941176,True,4
-0.96665392678883766,0.21600096226346135,0.13756369479255462,-0.25282329435568368,-0.89043316726206556,-0.37842985673805585,0.040750063249762623,-0.40059001353117246,0.91535079254034357,1.2232547146593431,7.6955244526323821,-0.64096349817805254,,0.1614333928496426,0.2765957446808511,False,5
0.99323818716298229,-0.06490239041729598,0.096257899828080931,0.080131184532684446,0.98321794517838479,-0.16389467820701978,-0.0840053380838435,0.1704997126018534,0.98177031487823241,12.920846141826095,-2.7733477427365507,-3.0799241538797539,0.2078934358925846,0.2064422257373773,0.3877551020408163,True,5
0.33250439699791962,0.91873070596543016,0.21301341716735364,-0.91934600691194079,0.36612814391651294,-0.14405936903693489,-0.21034197287303466,-0.14793266085794712,0.96637062367363358,14.679450642194565,4.763386429674263,-1.9154246837396087,,0.174352905630223,0.56,False,2
-0.96017004645878423,0.24450105045950293,0.13525057562736825,-0.27661035529734185,-0.90017840735420473,-0.33640087139531061,0.039499281330338198,-0.36041375009486748,0.93195586564865818,13.060694967211711,-11.809063096012608,-4.6234421960051533,,0.2616011069597982,0.6818181818181818,False,6
0.38838426086036637,-0.91906168433585289,0.066957346883602789,0.91086702295941457,0.37188397150590458,-0.17895132919888501,0.13956694594709432,0.13049111894201729,0.98157686172620207,-10.194993633360019,4.3737217891767433,-0.27803397171510691,,0.08242641134128717,0.2549019607843137,False,5
-0.82400993653770838,-0.56284786165518297,0.06488381244432613,0.51162100068444227,-0.78839134731713334,-0.34158898567448714,0.24341646646390247,-0.2482767973566265,0.93760709028279265,2.0795335652736373,-12.451995789614184,-3.7444483180778665,,0.1978477255419566,0.3043478260869565,False,5
0.18438332152593873,-0.97996072171001192,0.07536427965990275,0.96808999269299389,0.16783791069282331,-0.18609729117305154,0.16971905252723402,0.10727264161873497,0.97963667937118259,7.6644509717923501,-4.9045412025098463,-2.9708733320658713,0.2658204420903791,0.2356989274628069,0.984375,True,5
-0.33390516099273304,0.93304714368151254,0.13390433574081473,-0.92823697494227109,-0.30076999336097704,-0.21889159290310858,-0.163961769362371,-0.1973839881079763,0.96651751118443385,1.1612309871202102,10.987049935979645,-0.058961554278832984,,0.1371294381067514,0.6666666666666666,False,5
-0.35226307572433174,-0.93590102317069035,1.758664491008366e-05,0.91446812788385001,-0.34419996287428517,-0.21277788569761702,0.199145094255021,-0.074937710035716115,0.9771005941297769,-2.3255632263687613,2.8510079124881238,-1.1736635777286375,,0.1261545331892469,0.1677852348993289,False,4
0.10136323912773273,0.96500968358699679,0.24183011461945453,-0.9737690961094202,0.14601501348885867,-0.17450892039689886,-0.20371362550349176,-0.21779790269691035,0.95449716205185764,-3.0389444360324895,1.1899873494585127,-1.3849075283069541,,0.1695616388401219,0.1761658031088083,False,5
-0.057797559819163548,-0.99829965898386797,0.0075652463042331086,0.97176950178341392,-0.057994638241711527,-0.2286933696870746,0.22874325669310167,-0.0058662430828013146,0.97346911081427101,16.028547943107498,2.4678293336998429,-2.4256050815054206,0.237762083008028,0.2642942232886919,0.8596491228070176,True,4
-0.29315801611607817,-0.95585661002630706,0.0199127761977934,0.93528833117113397,-0.2910437462584588,-0.20131884000003233,0.19822743291987133,-0.040394044522181122,0.9793233408865224,2.9715331715063873,-14.824384231798474,-4.1377489390193736,,0.1742809704661923,0.2272727272727273,True,2
0.40649569075183611,0.85689876586402647,0.31699488712106638,-0.88712667975160031,0.45317230861329649,-0.087413458797816063,-0.21855778977901941,-0.24568142739491944,0.94439034766356322,-7.8188292007498363,1.5251152694479289,-0.95568513234071784,,0.2655493951376992,0.2098765432098765,False,5
-0.88969643646229124,-0.44766478781203467,0.089646465069779316,0.41395142860847745,-0.87379704462885377,-0.25519196607824879,0.19257327358515208,-0.18993410054828869,0.96272559525007528,1.8549025016975382,-13.15395820137754,-3.8135103184524866,,0.08988687168948274,0.32,False,2
0.35241296671060074,-0.93513764525114007,-0.03636874108882597,0.92275468526566973,0.35369830026325361,-0.15304020129083798,0.15597721536970682,0.020373925125963518,0.98755051084006518,4.2121224569926676,9.2352277146587536,-0.53150666022802151,,0.2348375854103838,0.4166666666666667,False,4
0.95749918225020392,-0.27521730191242444,0.086317742777698742,0.28463807517176898,0.94999201281240242,-0.1284380852985233,-0.04665278290415184,0.14754867780053399,0.98795389848242043,4.1867471793821682,11.494461722532137,-0.11686569929236296,0.1560497089793591,0.1523417881067734,0.3409090909090909,True,5
-0.45033998446868756,-0.89118853476276017,0.054560919128521179,0.86589901257284374,-0.45082932608810922,-0.21672982896758197,0.21774480111846184,-0.050357861812708807,0.97470574397586029,9.8743221848023719,3.5291970157991708,-1.8042218331094566,0.139118597892963,0.1452549819339196,0.8468468468468469,True,5
-0.72013770961504109,0.6099138652715298,0.33076692116949369,-0.69379799408819542,-0.63766966124998881,-0.33469649911602228,0.0067839951061503881,-0.47051299670770758,0.88236698563553084,-0.73843011497152378,3.0294021176635564,-1.2311754810216375,,0.4556337672430595,0.6901041666666666,False,3
0.042143629444213467,-0.99687307864349162,-0.066842947070840222,0.98117313401443118,0.053914945772601169,-0.18545204153806419,0.18847598145537603,-0.057768881746003933,0.98037725428339484,-7.010877966487949,3.6844458579007036,-0.70469880237309013,,0.5218179038700499,0.6054421768707483,False,1
0.99392685177110407,0.036217290312709156,0.10391208404601442,-0.019677831890524577,0.98756365856091155,-0.1559833427705492,-0.10826909189823877,0.15299126828741355,0.98227871582730464,-3.6353640051968545,14.314835585300132,0.92586934833707757,,0.0689339701551655,0.3888888888888889,False,1
0.65323723289846125,-0.75412020367483557,0.067704032114699636,0.75296194773182368,0.63762310150600798,-0.1627423905863476,0.079557669794068836,0.15728794879228833,0.98434296784284203,6.1272049786670175,2.3604193049280733,-1.7749927609786109,,0.102756746368768,0.6592592592592592,False,5
0.77539866222135767,-0.62615844556001266,0.081746655461847062,0.63004772490285521,0.75845000627726433,-0.16671368366979869,0.042388429672081521,0.18077386158371084,0.98261082428296531,-3.7298907709660956,-3.7371515046626183,-1.8613501625684921,0.2793542049175172,0.2380645717115686,0.918809201623816,True,5
0.90863422653608039,-0.40834603468110769,0.08739198091011674,0.41750021231846524,0.89272622059236251,-0.16950949171333204,-0.0087985840460192144,0.1905082964783727,0.98164615513518583,-3.1440405196769752,7.8987676496371115,-0.27688432820922465,0.1627900186333005,0.1698385743586203,0.6222222222222222,True,5
0.37326678486854664,-0.92743229179054476,0.023264811583920991,0.91866758676449989,0.3660112566617546,-0.1486123313361713,0.12931269211561136,0.076844675424003375,0.98862183038651918,-8.2194548032473804,-13.875071457673062,-3.0359622173329091,0.136522959616465,0.2105846439015711,0.4285714285714285,True,5
0.45765591775100367,0.87126991327450953,0.17731271575979818,-0.86297601438532445,0.4832843203750794,-0.14733860415796499,-0.21406414819653116,-0.085586236640163224,0.97306296638741063,13.643982397291614,5.5509159452488026,-1.6635025891048261,,0.2390234292096736,1.0,False,3
0.77990920264049346,0.60897170887164909,0.1445513522268643,-0.59192508265567845,0.79269171429458074,-0.14582366958689713,-0.20338714846258016,0.028165650758750958,0.97869319194403204,-7.6453142355552419,6.7652061342926579,-0.18843603203520803,0.5000436846194537,0.1973929713529647,0.5365853658536586,True,5
-0.98942007936659893,-0.10394081719539212,0.1012136999963321,0.082386468205317046,-0.97678767041852843,-0.1977329430696822,0.11941681792296979,-0.18730230494870584,0.97501665122091841,5.2167299415464283,-13.653663767527872,-4.1723793483337701,0.2755371223401334,0.2656188046455824,1.0,True,5
0.4400069937780417,-0.89528840499171247,0.069660012301225496,0.88925857664903274,0.42361964615770509,-0.17252703917171369,0.12495210795559972,0.13785886723971402,0.98253849972448193,-21.416361721371739,0.044598359622171041,0.34542273842455284,0.2150619695303862,0.2609574905151812,0.625,True,3
0.79925983201085082,-0.5938484500505764,0.092345759548111694,0.59997145567849297,0.77951232135779924,-0.17998553614779117,0.034899474279990031,0.1992600291676829,0.97932500604808259,8.3648920482531288,2.0639888736927703,-2.0177051609786085,0.2712100321905218,0.2374729817470641,0.983402489626556,True,5
0.9891314823960804,-0.11680998766456732,0.089299145095224366,0.12835090784939293,0.98224188668654711,-0.13684633898168594,-0.071728341589436917,0.14682064848057816,0.98655904141240969,-4.8896869519306509,9.6373245714665714,0.15659092005724595,0.3498095866057148,0.1778867648154812,0.9066666666666666,True,5
-0.90372394120712818,0.37278404045536795,0.21051151339255997,-0.42759559204520892,-0.81019670743788219,-0.40092805454385699,0.021096154923648594,-0.45234207679430549,0.89159497408231947,5.2368510084660604,2.6841133894940779,-1.7133916671283282,,0.5041389505408125,0.2529411764705882,False,3
-0.86405308280499782,-0.5033755501499444,0.0050324553074252154,0.47866141085652641,-0.82464410113432041,-0.30140564065924302,0.15587021476863316,-0.25802163082890972,0.95348272882751794,-2.893688067967914,7.1049816814125215,-0.45964987332445478,,0.1799219535968238,0.1521739130434783,False,5
0.33367004836597824,-0.94126115708660418,0.051881913837405036,0.93143146936058607,0.32070497272727477,-0.17199923939592443,0.14525741532955999,0.10571544176696315,0.98372990635834112,13.522326380770679,-8.2061460976864034,-4.0605520420386663,0.2784085020853117,0.2838842616983583,0.8688524590163934,True,5
-0.73249269892659108,-0.68075473216506099,-0.0052383827767539803,0.64636047159277421,-0.69302770412077608,-0.31926594256740448,0.21371145683281947,-0.23724585550850613,0.94765068314354739,0.7912076721657082,10.521231170270331,-0.12928917888903965,,0.1635641829656226,0.2631578947368421,False,4
0.7412024181514244,0.65484473748751015,0.14763923974132429,-0.6393180225719951,0.75568344745874083,-0.14217944032632748,-0.2046739879445264,0.010995318175833955,0.97876844127561502,5.9518864969569272,11.382475514620728,-0.27113305172857166,,0.07371433095423408,0.1666666666666667,False,5
0.72083799293905959,0.68373658740642007,0.11356437371557483,-0.66163740518687031,0.72762170080962341,-0.18111489328184893,-0.20646678181531569,0.055416058617815026,0.9768830679534235,-5.1398750039190659,4.7624744897005398,-0.71455831344740783,0.1787327405434719,0.1535266326847257,0.785,True,5
0.19207961349052946,-0.97763276758409612,0.085671429468586774,0.96661165754844713,0.17337964508377715,-0.18868333832659478,0.16960933221015168,0.11905322514105059,0.97829392516295521,10.65424429330109,0.13691629546950249,-2.4636062237418397,,0.08465393224760143,0.5789473684210527,False,5
0.80297500340776173,-0.59273833861866498,0.062389148366443888,0.59525439620382792,0.79226893489088157,-0.13409749664659887,0.03005574325019536,0.14481435266731363,0.98900225255518281,-11.771603216500454,0.72698490138658212,-0.5933036268361136,,0.1261124744973862,0.6,False,5
-0.36915324307391323,-0.92728299182433771,-0.062226491153843072,0.90548694312304645,-0.34377909057794154,-0.2488158610601128,0.20933054951844549,-0.14819645729473541,0.96654980786485944,1.1085011139272443,5.4663375863367492,-1.0472964725330576,,0.2199537872122462,0.2773109243697479,False,6
0.63573858586243359,0.7616614687824389,0.12533258721421503,-0.74202260031838596,0.64775817542939274,-0.17266095905306011,-0.21269440768946374,0.016767621672721264,0.97697489005658,0.11197254273254065,6.7908851769868637,-0.74143151602322344,,0.1351365160332643,0.6029411764705882,False,4
0.94526939258086606,0.29373206939523194,0.14208183155701645,-0.27841808643914034,0.95315957824331898,-0.11819554791355825,-0.17014448152487677,0.072168482122139055,0.98277289624552522,4.1550134628400324,6.0089927926011981,-1.0996348238196516,,0.1122719081845744,0.1764705882352941,False,3
0.58397770861581133,0.78848848698316676,0.19301798293118605,-0.78196685922859277,0.61024106253895471,-0.12701841071080308,-0.21794005347342035,-0.07675774544842083,0.97293904310890855,-0.44255158464523159,2.6978689161679998,-1.3161453492576467,,0.531303776102341,0.2153846153846154,False,3
0.52943279489043682,0.82450533776921553,0.19972947625368961,-0.81623314714955419,0.55923841877630698,-0.14496841193484322,-0.23122362593133797,-0.086274787479589013,0.96906774575182153,-4.3683122296598702,2.43947650850044,-1.073377805231174,,0.2057345920540577,0.2272727272727273,False,5
0.66564400280712122,-0.74046644145669183,0.092884393755764225,0.74251986071731679,0.64468832371636609,-0.18177244484276878,0.074714911277793339,0.18996424489951988,0.9789439553378454,-1.8554986241109761,-7.0992768028614002,-2.5614613057337836,0.3459963081283036,0.2590320559810914,0.9975429975429976,True,5
-0.91759797045297486,-0.38890851750648048,0.082244328871319869,0.36524297115454823,-0.90652594522908647,-0.21167966989937853,0.1568806445766335,-0.16419767244825273,0.97387246994655141,-2.0500699631450026,11.253568236739234,0.26279762191712319,,0.1049656471229476,0.4411764705882353,False,5
-0.55188073288916728,0.74295599502986298,0.37874007724942854,-0.82428722629293172,-0.41715649207407335,-0.3827937168903891,-0.12640500479024358,-0.52344708478473823,0.84262976697618408,5.2762305010831456,-4.9178724634157618,-2.784172882917161,,0.5138038442683069,0.1976744186046512,False,3
0.99432817547217922,-0.054328891961729298,0.091432220581030052,0.047681598878665445,0.99616355433897574,0.073380093588876066,-0.09506810501183581,-0.068604260107874529,0.99310397789179627,7.1764592055328524,-1.8951993089297927,-2.523905679258863,,0.185465392167289,0.5,False,1
0.85282216736346661,0.50777211391179378,0.12190911035287701,-0.48786208242097079,0.85798507924713596,-0.16078616957052502,-0.18623893091766647,0.077647177172362442,0.97943145573736312,0.75931956075519569,-4.443842428521279,-2.3751655678190562,0.2634818279076151,0.2318472196599369,0.9522184300341296,True,5
-0.8699459143121917,0.47862982534566134,0.11877540343482867,-0.49259991464091457,-0.83205607391066549,-0.25500590966511411,-0.023225638145986119,-0.28035010283206668,0.95961679308709535,-6.1412790720361281,3.0492980229732485,-0.84455627085520901,,0.2098724061855547,0.1886792452830189,False,4
0.91218322319808887,-0.40472339357717063,0.06419300590660118,0.40949665645534927,0.90614369023836216,-0.10590609516497762,-0.01530541302402405,0.12289258453048446,0.99230194850135334,-7.392141984217929,5.3376818584883701,-0.41885466206725352,,0.1223262535854214,0.1666666666666667,False,1
0.9081315353518099,-0.41013871051898732,0.084162655812345111,0.41857566263232787,0.89395561377648292,-0.16011800413888416,-0.0095670868853880292,0.18063664836166121,0.98350336660186033,-8.1615066968482761,6.3024888164098218,-0.17270914399830806,0.2295919765464104,0.2183705784817379,0.8775510204081632,True,5
0.39692953797187053,-0.91533393077820768,0.06790240828978196,0.90767707954419274,0.38047147251552793,-0.17709821532694894,0.13626907629965773,0.13192897243585541,0.9818479948935358,-1.5873828112345101,-12.267744141027425,-3.3775758924825778,0.2778352437399197,0.2698740470104764,0.9476439790575916,True,5
-0.26407041086880501,-0.96235278901290999,0.064373345280906796,0.94097265354141879,-0.27170621858105798,-0.20185687026109322,0.21174816030086815,0.0072691308597749166,0.97729723029677196,5.4002172215565256,-2.3130564427679579,-2.4142276729922667,0.1275527084213585,0.0894304146246978,0.3986486486486486,True,5
0.74333377769605646,-0.66406562734696506,0.080447110031321378,0.6668297582790218,0.72613039766517962,-0.16754915416124666,0.052848542171483798,0.17818947264889035,0.98257597336158131,-6.1270490925105126,-10.661453630218071,-2.6418299521898572,0.3351958107354515,0.2746064165517776,1.0,True,5
-0.69746102684197131,0.6894492475213555,0.19546828675971714,-0.71358259890826803,-0.64306949515775969,-0.27795952750870984,-0.065939294596348022,-0.33334870554687968,0.94049489628511806,5.9641817695869648,-1.1718911996678258,-2.3445234142364546,,0.1736942080392007,0.2549019607843137,False,4
0.71139879870273204,-0.69829152066039102,0.079376957475759277,0.69999230163189163,0.69396894360758676,-0.16857604504868687,0.062630079517725146,0.175488055097687,0.98248736157654193,6.4358447454616901,-10.249944312095044,-3.7670174932751577,0.2598006736407847,0.2446113484749519,0.9934640522875817,True,5
0.054808474564015851,-0.99611464441352093,0.068932186247731619,0.98055218595472704,0.040665641196349987,-0.19199926105456019,0.18845010410019164,0.07811479252367029,0.97897121380233265,-18.974006437629239,-9.3546823230446989,-1.276498550700121,0.3925046123013138,0.3356782390097828,1.0,True,5
0.79446974563017414,0.56989989031348143,0.20983788575709977,-0.5734044862758525,0.81774811879620002,-0.04995307121692262,-0.20006278613738587,-0.080635781300606335,0.97645929376343621,-5.5058633917061135,7.4552367640569601,-0.1984252426600448,,0.3583171172164867,0.21875,False,6
0.84402335970908626,-0.53286926969418458,0.060621033321569692,0.53553940664211441,0.83137158561119151,-0.14838743400890458,0.028672498998176699,0.15770741280587111,0.9870695313640675,19.692736926720102,-2.7603064589411908,-3.6714599345845187,,0.241045131728766,0.8,True,4
0.91893069053651621,-0.38952735864949961,0.061925946529926272,0.39397387407563983,0.91396705143376589,-0.097205017562371682,-0.018734261018652887,0.11372187897240033,0.99333597624724779,-8.7278553237652527,7.1158019392754266,0.033534096747872236,,0.1523984636706776,0.3,False,2
0.87413321718297687,-0.47888875141234721,0.080973343688293786,0.48567238565592019,0.86061558343200828,-0.1531768630220349,0.0036677552571409144,0.17322350107507795,0.98487571106544536,-0.71853023581438991,-12.350409001490183,-3.4603520964341028,,0.1524814857737027,0.2083333333333333,False,1
-0.96621629937570896,0.17695508071715965,0.18738453038896988,-0.25247410862191477,-0.7959694531692888,-0.55017220403883871,0.05179659541206199,-0.57889509328527533,0.81375523572752029,14.793478737941799,3.4556408309064675,-2.1467715656248556,,0.2419370142189913,0.3333333333333333,False,2
-0.91024457700378414,0.36943621727160858,0.18700719612690689,-0.41275698890793183,-0.84549916708702477,-0.3387666255149776,0.032961767896458695,-0.38554901092233723,0.92209841233674616,8.1050889537670479,0.27865644781254373,-2.2749375163803318,,0.1683773608089817,0.3333333333333333,False,3
0.75567461723014195,0.63943368321237593,0.14170546089524763,-0.62015426014011077,0.76816333504787448,-0.15916590187034316,-0.2106289783105626,0.032398386712656206,0.97702905690376818,1.6948911213630198,9.3484018057704663,-0.38982119160762624,,0.1170486626041593,0.16,False,3
0.41498558968916516,0.90048652692949416,0.13004220533654992,-0.88380188133999193,0.43291776535394377,-0.17741601669758661,-0.21605831363367281,-0.04130645542049359,0.97550632076392418,-4.2088207846503805,15.187969233521171,1.1318558753521046,0.1806680408656654,0.09068410293389627,0.3333333333333333,True,4
-0.34307487829724492,-0.93915259777169091,0.017088767656426557,0.91410616659837296,-0.33800081155494266,-0.22397626565113565,0.21612390906181245,-0.061219682185428448,0.97444476828856585,7.8713672177891016,9.7114182813433665,-0.71490178419874406,0.1223117544894283,0.1168722134842915,0.2571428571428571,True,3
0.96207728622582667,-0.26459981146693018,0.066289026995530201,0.26847175423828606,0.96151270806915479,-0.058448519209108693,-0.048272274698490159,0.07402872410885647,0.9960871124064643,-9.0812862421451062,0.96912775296084019,-0.87012618116250606,,0.3931774213056163,0.4647887323943662,False,1
0.71678277272351043,0.63783598638425809,0.28175824956869988,-0.66609658037807584,0.74584044149650452,0.0061140360592437937,-0.20624694503296465,-0.19206064225009956,0.95946594903782267,-14.411020522613628,-10.945094298762012,-1.9649260801174755,,0.1458006510113054,0.2307692307692308,False,1
0.67337059139394995,-0.73728953229271987,-0.054554488516934632,0.73560307493183708,0.67554749724679275,-0.050236392330860372,0.073892914386887679,-0.0063027402910608571,0.9972462648053565,6.5544285110049492,0.44618606521225346,-2.2112738966241201,,0.1277280610251399,0.3148148148148148,False,1
-0.79554517807172931,0.54149225235444931,0.27183452740026881,-0.60216450780123987,-0.75631250430467645,-0.25571331873189612,0.067125071257409866,-0.36712060208124453,0.92774818153214034,10.769082776923772,1.2088232495881279,-2.2916709550066958,,0.2495944700728582,0.25,False,2
-0.94366955944222108,0.28795300542341629,0.1630056110989665,-0.32647746764093416,-0.89044651131182084,-0.31704490788431061,0.053853743647848701,-0.35240328766944023,0.93429743504672114,8.9357572675845471,-4.3599434984570555,-2.9863223135952039,,0.1542823586693857,0.2285714285714286,False,2
0.61054776729149418,-0.78870313928353708,0.071963754346645412,0.78676536990745982,0.59360955531753068,-0.16919795669599741,0.090728587389800969,0.15992202449949225,0.98295130576760215,10.948908931585153,-15.339830521504703,-4.9735893410150958,0.7902192022246509,0.2500238886447435,0.92,True,3
0.99207653415341801,-0.10200695801989157,0.073339831590149021,0.089164024546987491,0.98291981502681092,0.16099196860168161,-0.08850947468337815,-0.15317707969271616,0.98422703435136594,-2.8468416064373248,14.802485678094195,0.95869609251502219,,0.2638104418396029,0.325,False,2
-0.97175958292399567,0.20007201625051135,0.12511794958693415,-0.22897165951668835,-0.92766984689765242,-0.29495869930392138,0.057055167457095497,-0.31527740716762837,0.94728288509615821,-23.927401539635113,-12.880294212253236,-1.4687353400123013,,0.2431332836659298,0.5,False,1
0.95804043758925272,0.25852485017518601,0.12378780951971689,-0.24498615144013683,0.96273220471249332,-0.11457961254940013,-0.14879618794291183,0.079445603096194195,0.9856713907800807,19.74274723787423,1.5897819751831115,-2.922706936214265,,0.3323766303080499,0.5483870967741935,False,1
-0.85818779319733074,-0.50824584567884745,0.072110137687351639,0.47909737406423897,-0.84344951126917145,-0.24301981010721418,0.18433506929460342,-0.17400885692972362,0.96733732479325141,3.6817476343009243,17.997125708490778,1.0348317048969295,,0.1085152221570936,0.3043478260869565,False,1
0.33139462756697818,-0.94339805554128076,0.013330777196956758,0.93400682006979885,0.32603173113438372,-0.14606358326639568,0.13344984407201904,0.060855723596454109,0.98918538203043926,14.672586719834181,-11.6956496096577,-4.779443410839848,,0.1739551840569189,0.2758620689655172,False,2
0.9109818576438482,-0.40552595364227151,0.075237995496231391,0.41221166326954123,0.90134054534468133,-0.13291638718499588,-0.013914011223333023,0.15209839657366425,0.98826741221766401,-4.9743292421826961,14.187877260581221,0.99310217311067495,,0.1172104518238251,0.5625,False,2
0.62720481013504481,0.76542770638734714,0.1439949736555699,-0.7488937741548346,0.64346639942055106,-0.15845853668666715,-0.21394448152637757,-0.008450982863407619,0.9768092647559462,5.4529410918959833,5.3330801449356997,-1.2251583206609782,,0.2198037317488725,0.573170731707317,False,2
-0.34498432732755324,-0.93777544554657188,-0.039535144217308582,0.90557150616000359,-0.3214694090976653,-0.27676283393096629,0.24683205045021472,-0.13128074018806285,0.96012463051742203,11.547026265532836,-13.725176967432864,-4.804378087607355,,0.2027643072505316,0.2941176470588235,False,2
-0.37527472785429777,0.8362516729212186,0.39981497992239451,-0.92210621819938676,-0.29293893469184945,-0.2527981465510134,-0.094281498672359021,-0.46354063476470575,0.88104544657470751,12.057246675449155,-13.106998837919821,-4.7607211316407652,,0.2886553022775228,0.3066666666666666,False,3
0.98677885817483824,0.12004415621890298,0.10888932737810315,-0.10420068717364203,0.98450119584470674,-0.14106598517319655,-0.12413582017977287,0.12785458903784144,0.98399364947659163,9.1522539488551242,11.858510182961037,-0.44518148350792708,,0.1000904525213764,0.2105263157894737,False,1
0.57016464654235521,-0.80204584346582342,-0.17786157767327579,0.81654248923438055,0.57708327808611104,0.015272636586684485,0.090391587596147044,-0.15393945281370755,0.98393699277914315,-5.5128520693822933,17.993407715545025,1.7943215250428817,,0.4035284253236008,0.375,False,2
-0.93432565073151319,0.33185649628261066,0.13002632141287526,-0.35545380420884681,-0.89442434448418007,-0.27139949349161213,0.026233022292398676,-0.2997938589582424,0.95364326174536151,-13.822668030179154,-13.92242192564259,-2.512717038725619,,0.1054647977215643,0.3529411764705883,False,2
0.96969457510033097,-0.24127391751276686,0.038462029965054226,0.23803624472806928,0.9684478830061054,0.073806802510019226,-0.055056127876457604,-0.062414698821967027,0.99653059569398861,-2.3105611188112642,-14.409039808021419,-3.6534959701596206,,0.2613072261754339,0.1481481481481481,False,1
0.17672731763663443,-0.98391296078552304,0.026129309199197107,0.96912012555017513,0.16930927867445739,-0.17927785810955221,0.17196987368307837,0.057005734387007539,0.98345142675804031,15.070749685221378,-12.779574171699801,-4.9511597726862648,,0.1834254522924024,0.3,False,1
0.87123020153658803,0.44699211024408381,0.20286938978085906,-0.45620493955461178,0.8898734543164396,-0.0015127554002979937,-0.18120427438802361,-0.091232059510180513,0.9792046375814617,3.4082921296417528,10.231561847897057,-0.30983802276412287,,0.3062825999661848,0.3448275862068966,False,1
