axis_00,axis_01,axis_02,axis_10,axis_11,axis_12,axis_20,axis_21,axis_22,location_x,location_y,location_z,dbh,dbh_approximation,score,reconstructed,number_clusters
0.86776596510160697,-0.48882242288115935,-0.089637429123504669,0.49449820504154601,0.86726152592181871,0.057697234478344489,0.049535391610112736,-0.094393244166906032,0.99430184573583147,-3.4071397592833708,4.3531382585791842,-1.9056045900351735,,0.3586253517524486,0.1910112359550562,False,5
-0.97194086763058052,0.20096778517555286,0.12224115162721352,-0.23412956957454623,-0.8766240451156917,-0.42037320106762233,0.022678061653331125,-0.43719816198908551,0.89907923603707651,-9.7319124869475999,6.8820639146620408,-1.5753839192769861,,0.3324846623097106,0.1944444444444444,False,5
-0.24815101024652075,-0.96833210252067292,0.02745933978675516,0.94979241712542195,-0.24878053655533919,-0.18974353481024395,0.1905661052881123,-0.021004377142177434,0.98144962970913052,11.321764769404835,3.6004750655246447,-2.0414662016452216,0.3976144534106764,0.3411419309047864,0.9909502262443439,True,5
-0.97179598191835614,0.21524683753472215,0.096339859137537676,-0.23581039743309215,-0.89120810182295696,-0.38748106496649659,0.0024547891532313709,-0.39927048247575753,0.91682989470991316,-6.135375270739087,4.2375646215757437,-1.9447981877857765,,0.5796397564218712,0.4074074074074074,False,3
0.6703890971089056,-0.74145630360386405,0.028653242811272617,0.73481573456020199,0.65803010476735535,-0.1644451807217675,0.10307421947440487,0.1312971098918736,0.98596996618243105,8.8372529007211078,-8.9422588664009819,-4.3853648862705512,,0.2765100186116513,0.9626865671641791,True,5
0.86978413365985441,-0.49107755047971491,0.048149768934218587,0.49152937610916086,0.85373262596425947,-0.17187052040971873,0.043294725490695754,0.17315727758027227,0.98394213445998591,-2.1974994505171566,-4.541150415800459,-3.504437975363961,0.2710370858256794,0.2392964665201474,0.9786259541984733,True,5
0.22419443910671707,-0.97425782236460612,0.023633642017305705,0.96020735725522433,0.21668673996883148,-0.17620637841638806,0.16654934568038343,0.062197687119841166,0.9840694910271226,-4.0491622792927782,-2.1241395898331681,-3.0675269511724035,0.3442525585559785,0.3043280328148398,0.9954493742889647,True,5
-0.94116317435970087,-0.33769464351364148,-0.013198748856042448,0.31081504807579463,-0.84959398022987609,-0.42612682929709711,0.13268717013642206,-0.40515724910132156,0.90456714420867435,-9.1742446949056031,-6.2992688608883096,-3.894360108741397,,0.3551377692869203,0.4819277108433735,False,5
-0.044625816678319108,-0.9988884963067356,0.015175916178663738,0.98207386403006514,-0.046649320293202408,-0.18263287356125016,0.1831378226223366,0.0067537295067976802,0.98306404931870983,-7.8429429839119207,16.970032837507524,0.27998019203164731,0.2900562251588612,0.2738625150141156,1.0,True,2
0.99906470745214004,-0.03816568525851869,0.020324635109095289,0.033418556771468863,0.97979947388217448,0.19717046189408402,-0.02743921257766509,-0.1963068298581637,0.98015851685538924,-2.7296437096417794,-11.399687986121355,-4.7012427900191058,,0.3916666611586259,0.2549019607843137,False,3
-0.99587234290658766,-0.08102160174956452,0.040911815942070329,0.055312593495823792,-0.89911862529363162,-0.43419605554502066,0.07196383560170086,-0.43014090447203901,0.89988888684407398,12.619437055499484,8.3995655358566523,-1.1468288717664683,,0.2887353218897359,0.2830188679245283,False,9
-0.21812987729810951,-0.97515188829358135,0.03870596061813783,0.95711612248880662,-0.22150673389407133,-0.18671768773089248,0.19065173668734745,-0.0036826073700897827,0.98165083084620997,4.5868421354955586,-0.84141585484934001,-2.8755438167262128,0.3466514766771211,0.2671579016030531,0.9887780548628429,True,5
-0.98623976977623662,-0.15568545464846231,0.055616146240252663,0.13406864773260899,-0.95001912501290375,-0.28193839718077718,0.096730110135702568,-0.27060247840812113,0.9578191815121041,14.568499794283328,-6.2766243063095555,-3.9429675182309039,0.1159576435407081,0.2331070219885412,0.6764705882352942,True,5
-0.95191774267927709,-0.30433188217573753,0.035138535310428848,0.28835593517684982,-0.92881538820501708,-0.23270760469277169,0.10345755564807035,-0.21138609255326127,0.97191175219481241,6.3502946210648838,7.7882896237702282,-1.2540434289158562,,0.07881124097121359,0.3461538461538461,False,5
0.35011558999039372,-0.93641815968874864,-0.023240134483604173,0.92314216322422604,0.34914636437873248,-0.16095142968861781,0.15883205005091164,0.034897656744411476,0.98668867097498092,-20.837763678957732,-1.6937049319705504,-3.2497842595435316,0.208688021425012,0.2114915927020054,0.6666666666666666,True,5
-0.39373601927061469,-0.91812313341043394,0.044965086740005211,0.89926642887080499,-0.3948642151081514,-0.18815456819586585,0.19050416540033768,-0.033647637712471173,0.98110957565477419,3.3544478358059382,10.682474531325619,-0.73167557847821241,0.2833899181156941,0.231034647652888,0.9758064516129032,True,5
0.067487329117265363,-0.99745483880034547,0.023006628662077973,0.98158070694682764,0.062247166969942772,-0.18062282788723674,0.17873101621818241,0.034772615058302758,0.98328332086109504,4.42148641076112,5.8791757860349279,-1.6216250079814476,,0.2650301141063652,0.9831649831649831,False,5
-0.058473748600161052,0.99316435134563597,0.10102173994169515,-0.98185933176826656,-0.038932440225424018,-0.18557078896654641,-0.18036926940090953,-0.11004015773478379,0.9774242120704224,-28.453232242068118,4.9203447158736315,-2.1296300185838333,,0.2711734026912485,0.6060606060606061,False,2
-0.90706313457660126,-0.42099314313151892,-0.0011150463289085685,0.40182603476086631,-0.86496989538952862,-0.30060425455769502,0.12558784845848073,-0.27311509205108531,0.95374830999247251,-12.630563173321276,7.1082949644304261,-1.7367183493127265,,0.2042781023625099,0.2045454545454546,False,4
0.1532899223654344,-0.98818093746090951,0.00079658023902186986,0.97307744524484474,0.15080652021872815,-0.17429193617400859,0.17211183938638691,0.027492331628954952,0.98469370184064764,4.35889634884232,-7.2473225728280291,-4.0098779894126402,,0.1681461457903151,0.4386617100371747,True,5
-0.99234065515965963,0.092962290693966082,0.081351316069431856,-0.11846845791011408,-0.90277256118301552,-0.41348147147781344,0.035003551215520678,-0.41995203926637731,0.90687101404682335,14.415723774430544,-3.9148640445263285,-3.4659560787557551,,0.1885224577313912,0.2857142857142857,False,5
0.30022513736438333,0.94892215514937228,0.097013454537025201,-0.9340407175730675,0.31308919773805116,-0.17188104076753868,-0.19347559228524402,-0.03901150761523775,0.9803291781149126,-21.352163805153353,6.4302365082696138,-2.0632223859543548,0.2224641506119338,0.2011436157627288,0.8,True,3
0.87236082167983953,0.460501161015897,0.16408923639619441,-0.46971052494396925,0.88258801430411538,0.020258819402408063,-0.13549398346397545,-0.094747441705459845,0.98623744744120034,-6.9750851382229522,-2.0248093629087367,-3.0792067099066589,,0.3387513542051661,0.4473684210526316,False,1
-0.37696793636128506,-0.9165602463080218,-0.1334634400998734,0.90323835860726276,-0.33187196985676798,-0.27206885739431086,0.20507472417626588,-0.22311053428999444,0.95297746405298667,-3.7914752955923587,-11.373020257868514,-4.6859706437516087,,0.2958076807319756,0.3333333333333333,False,5
0.82506540447522525,-0.56385864752598491,0.036476073641510592,0.56200803423761803,0.8122548533753905,-0.15616985182963924,0.058429853589598672,0.14935018841062914,0.98705646922109191,-10.342411668362347,-7.1706044312509229,-4.0026738695803861,0.1822730641857226,0.2085097528004099,0.8956521739130435,True,5
0.37431476015195442,-0.92719310289719459,0.014191908689759797,0.91505819788449494,0.36685049561201521,-0.16759835426877101,0.15018972939840608,0.07572096017017016,0.98575320510467646,-24.411085544661653,-0.81026950406453691,-3.0487297638653916,0.2427708950739514,0.2510406667583891,0.5384615384615384,True,5
0.17207172472152649,-0.98498064578828903,0.014298565447065061,0.97118962181448676,0.16719741823537479,-0.16981090016621103,0.16486976688038643,0.043106272837139685,0.98537292900246476,-18.319953110109257,16.685712930945119,-0.31025272894116696,0.2814920433378823,0.2637824609743792,0.9761904761904762,True,5
0.88863776042761,0.43559825590824519,0.14344716864370541,-0.43766573252089497,0.89894743514834885,-0.018499065304835166,-0.1370096249142706,-0.046342942180002941,0.98948506526927982,-6.3562089343216348,4.0468204682191198,-1.9715897113415795,,0.2757168256992729,0.2716049382716049,False,7
0.47465408944691417,-0.87888019121117211,-0.047677089549754845,0.87179606508987861,0.47690199954346618,-0.11196474322414619,0.12114089427243832,0.011579824180800617,0.99256777673205621,-3.9799354751814437,-3.2060328788670613,-3.271664388611343,,0.1705630860452352,0.1496598639455782,False,5
-0.71230889692655242,-0.70115594510962342,0.031565424069835604,0.68214550663218543,-0.70218042756373733,-0.20401018339270635,0.16520757591828855,-0.12378605650006452,0.97845974320631357,8.6126373962076013,-2.8447881315819199,-3.1621730570192979,0.4288139936421388,0.3421451568190577,1.0,True,5
0.54616511324534633,-0.83745293809743326,0.019397049921914489,0.82848539713876546,0.53660603440153132,-0.16020583813233169,0.12375627580659594,0.10356901233398844,0.98689302555172742,-8.8016641740721653,2.656131938839942,-2.3976424681469481,0.2845613411069756,0.2420668390785451,0.979757085020243,True,5
0.99875510231520914,-0.031130798368394913,0.038975877055986374,0.021947810509404579,0.97590998303116905,0.2170668068451434,-0.04479441051270007,-0.21594114571579429,0.97537832781632516,-7.3662397649527183,-3.3365555429186928,-3.3290979378411216,,0.491222155710056,0.4808510638297872,False,5
-0.15649197147641677,-0.98748890961486413,0.019388559798812127,0.96941147905968417,-0.15732599893377747,-0.18838767031524437,0.1890810596827204,-0.010685665498078221,0.98190334016242331,-1.0081359166193367,-9.0275348302210414,-4.2767380700963136,0.3183490296164995,0.282636413384878,0.975669099756691,True,5
0.79094933535947931,-0.61070842569473949,0.037873046878353626,0.60781408477916588,0.77705986110947178,-0.1635237309890904,0.070435695768991502,0.1523587576674883,0.98581216350963985,21.558338012228809,-1.8904505735393557,-3.3032772602363285,,0.3064269537151053,1.0,True,5
0.45025616292643572,0.88823711472367861,0.09112746992052459,-0.87230369710347222,0.45936735469126544,-0.16753475300235815,-0.19067157041985811,-0.0040572738756891463,0.98164550157494279,25.091509875593918,2.3307657731828937,-2.4913737224580759,,0.3601703785584679,0.9855072463768116,True,4
0.98656936947932106,0.15287872613236819,0.057523684698731911,-0.14246952854751987,0.97762613263519782,-0.15475651270364582,-0.07989563592976881,0.14448266292150985,0.98627655729743824,4.194936894332173,-5.140776137555136,-3.7033122238837741,,0.100405512875984,0.2151898734177215,False,5
0.12607939072473001,-0.92713215881191835,-0.35288800961669542,0.97876709046737731,0.1742110734963801,-0.10800687241682311,0.16161364376965803,-0.33177772976496006,0.9294108715630045,6.0091311853544305,8.9438434947040335,-1.014816247648832,,0.3814231550508925,0.1627906976744186,False,5
0.54023420622097196,-0.84139236287075081,0.014349011518976849,0.83218700736084772,0.5316365796050091,-0.1575669127884515,0.12494713765666293,0.097064097011521855,0.98740405805462683,12.411638448723684,-20.06083602115898,-6.4519579672283083,0.3075556696203891,0.2358379577509659,0.98,True,2
0.10293536665691459,0.99207169812766249,0.072097545487362774,-0.97683809581547665,0.11449220434597675,-0.18077297836676809,-0.1875943625346973,-0.051819696236999432,0.98087872554516409,3.4771081530780541,18.720102976413187,0.75920100668980717,0.3962564549409566,0.312958107601088,1.0,True,5
0.81060219046197846,0.58046868376895544,0.077331726877009843,-0.56533294478691032,0.8101372780701126,-0.15516524166098211,-0.15271787831424413,0.082059111893117195,0.98485712253022273,-4.0488315483319726,11.483020791247155,-0.66463670337963465,0.2907276431137448,0.2405507898481795,0.8837209302325582,True,6
0.89407919670232661,0.40329299653302786,0.19487726643078207,-0.42016420631616475,0.90590282898112739,0.05293490506931664,-0.1551915904771583,-0.12920844938084197,0.97939815542697883,-7.8198334285583986,10.967731193122557,-0.74127236197127522,,0.4293669710659203,0.2258064516129032,False,2
0.92972081679235286,-0.36735059297624123,0.025937321815555369,0.36753543912968578,0.92114288668546951,-0.128115117345725,0.023171184836102136,0.12864417650544369,0.99142007849575398,20.172980674959067,-5.4934233701026844,-3.9397688632615191,,0.3126407509483854,0.803030303030303,True,2
0.35656791799509774,-0.93423604497080337,0.0078950702311490033,0.92098100325177301,0.35006359261526165,-0.1710247724005384,0.15701373031044474,0.068253156722672154,0.98523509635588602,-15.954245288781804,-8.1639149410792662,-4.2952286674936904,0.2804370092845148,0.2337651554635771,0.9879518072289156,True,4
0.50541982061501489,-0.86202782733763239,0.038194630840550421,0.85296132329184249,0.49243403008988079,-0.17310605702189008,0.13041390224095675,0.12006977515177555,0.9841623154730561,-9.8170312622192526,9.5361670359251267,-1.0508267599538266,0.344711003257095,0.2971179474668383,1.0,True,5
0.28441148262263571,-0.95841259244185506,0.023567163623914832,0.94519566803333799,0.27620799703943205,-0.17410999828406287,0.16035977576501362,0.071794463716552084,0.98444415651485617,-10.388699662374181,-2.8863734820034432,-3.3459102764108373,0.2106068542998525,0.217836543277959,0.8034188034188035,True,5
0.88281489197790808,0.459697519779385,0.09651972239245124,-0.45063841939081067,0.88685087065185475,-0.10208108636274599,-0.13252502205616026,0.046623208091341004,0.99008251928628921,3.0576037136412642,11.242819702088605,-0.61108917540134344,,0.446133525027074,0.3814432989690721,False,1
0.086680967088309885,-0.99587622474569404,0.026776014096555827,0.98031249337411619,0.080478405020546304,-0.1803070760119288,0.17740863924639602,0.041878052863194501,0.98324585094935912,17.545467883078821,2.0506040872462248,-2.4149776887066006,0.3574892031312192,0.2746432388231189,0.9791666666666666,True,5
-0.017544840823522524,0.92792432611790499,0.37235550695418684,-0.982400726086613,0.053265733190913087,-0.17902953681482331,-0.18595965138968445,-0.36894336512026699,0.91065899292147801,0.88689525830724525,-5.80877813560316,-3.7980339525670996,,0.6140237831399494,0.5274869109947644,False,6
0.073647047435863019,-0.99095890929674002,-0.11214522945447301,0.97984463728206572,0.092837972249926071,-0.17687735213446673,0.18568952365052238,-0.096858406934755212,0.97782301558743479,-12.574571912941222,14.101857031836683,-0.31351825624799012,,0.2719719424632917,0.5833333333333334,False,2
0.51207304882811688,-0.85493959164091859,-0.082822021882694469,0.84890479933916374,0.5184287070865663,-0.10291898429097708,0.13092682812476658,-0.017605973799018869,0.99123569112687693,-6.7370317820145544,9.1366063936088153,-1.0983188630932479,,0.2651596693756467,0.3846153846153846,False,5
-0.32716155387531359,-0.94465733980475775,0.024245164855880578,0.92532278441488713,-0.32545898263136475,-0.19456154621927985,0.19168479936752986,-0.04121845433244186,0.98059062646645478,-7.1969399464832184,-5.6321837932778376,-3.7627591908167202,0.1940540615608969,0.199683733897473,0.9556313993174061,True,5
-0.030657912358817343,-0.99865517357215938,-0.041808332989480404,0.97976683302428746,-0.021748787727718433,-0.19895713894689079,0.19778029556898943,-0.047062028536122902,0.97911598912218178,15.759230241794514,10.625133392480031,-0.7096479634738897,0.1483870814673569,0.1264876971802032,0.3695652173913043,True,4
-0.21085284220819575,-0.95912599899016171,-0.18872836828058243,0.95850535682120508,-0.16496853103581383,-0.23249271969879018,0.19185557035900788,-0.22991890272226673,0.95411149154237174,-9.5817051776136974,-4.9836638035265626,-3.6366335424807446,,0.6367277444924571,0.2897526501766785,False,4
0.39427141849627495,-0.91896905034914456,0.0067773931069621124,0.90878991913356622,0.38878705006617831,-0.15147776266516766,0.13656841303222761,0.065882578890250232,0.98843743067562384,5.994088312996201,15.371011297274986,0.15713982856351824,0.157795867288419,0.1658306978328345,0.3181818181818182,True,5
0.93842421814250798,-0.34260038194584219,0.044552947087556277,0.34522586387133308,0.92489487478223709,-0.15933792240343284,0.013382440656148034,0.16490739489820835,0.98621826255143541,5.0421525314632261,-5.8222239933428304,-3.8110250232065512,,0.09014241312841453,0.5263157894736842,False,5
-0.9037460858758799,0.4142373944445954,0.10793698767235049,-0.42515489690963132,-0.83922012388126377,-0.33904704291068388,-0.049863071483706153,-0.35230237682489607,0.9345569588771685,6.8199770018861425,6.9641310241910084,-1.3688498856931048,,0.3217877853279281,0.1333333333333333,False,8
0.99804194834289783,-0.029700281088845058,0.055046913184640792,0.038231406250726775,0.98620333135943961,-0.16106318260743457,-0.049503827367241807,0.16285233347664224,0.98540777780429956,7.1380098587594594,7.8355264377067426,-1.2344889075477696,0.2777331673827319,0.2304841961867122,0.9657534246575342,True,5
0.64017939908842569,-0.76802643725487463,0.017485098237201815,0.76064722603476898,0.63051105556432663,-0.15450438937702615,0.10763890796729329,0.11221051861898179,0.9878373676890676,-13.352381303946132,4.9263758959667312,-2.2419105447637726,0.3202863613183987,0.2931953027100404,0.961038961038961,True,5
0.59166956438847562,-0.8060461222238684,0.014723295290686864,0.79769669521530495,0.58270290589882545,-0.15536185471230035,0.11664951358206797,0.10366760489627232,0.9877479023901482,13.852131593476917,8.1572250900102077,-1.1657988949141807,0.2205475863622935,0.181787061002633,0.4444444444444444,True,5
0.5672931859306497,-0.82327553258449893,0.019895694116120195,0.81423198392868079,0.55711661738456086,-0.16324016350625492,0.12330741074330197,0.10880474291911024,0.98638573102721261,16.33922214414584,14.234920719803579,-0.057168332990735406,0.2190695155105546,0.2068614951701685,0.3684210526315789,True,3
-0.61736821952666543,0.73579516426719305,0.27831988387373718,-0.77989068956326135,-0.52609807845007661,-0.33910370712169868,-0.10308731178480278,-0.42641093805407038,0.89863603202677766,-2.7722920500922625,6.2607178158855739,-1.524284014672501,,0.4079796437746747,0.2142857142857143,False,8
0.2874142803147845,-0.95682184022625072,0.043416558329582682,0.94473153503038132,0.27573522150199387,-0.17734828542274172,0.15771923849129632,0.091989421616280986,0.98319000611297314,-4.3123854757403626,6.6389422715173341,-1.522718607477314,0.3622517243676562,0.3572325234230689,1.0,True,5
-0.45534414955183888,-0.89018160690521408,0.01544060220855354,0.87248617290947794,-0.44961176892456389,-0.19135604334929265,0.17728390663194546,-0.073661142892129994,0.98139923195259327,11.10754238311052,-22.620607860584133,-6.8666355751074546,,0.2675769824724095,0.8780487804878049,True,2
0.70990462612625216,0.63952952071430669,0.29502103982508843,-0.68537325292252504,0.72375124794554702,0.080297168540746283,-0.16216943603202122,-0.25920286115742175,0.95211078703313923,-4.3938839534640222,-7.3307607099896472,-4.0010660192677561,,0.2442934761818808,0.2698412698412698,False,4
-0.31784818958458411,-0.94425514570361024,-0.085759828533272547,0.92935319537413885,-0.29235536065823914,-0.2254572716553371,0.18781684329601511,-0.15136235630646364,0.97047115900869274,7.6476346351824152,14.316128441177637,-0.024811757519543988,,0.1244473416928772,0.2173913043478261,False,4
0.81255691997381185,-0.54117889548962939,-0.21651017269241229,0.57846631758043043,0.79434074720637438,0.18547101324076562,0.071609854263291792,-0.27594959757942128,0.95850083378583795,-2.1637889647055624,14.917054554386581,0.0013750907546381563,,0.2308451322823862,0.4210526315789473,False,2
-0.3353067906514815,-0.93991854636313654,-0.064206559988939427,0.92301419376329985,-0.31409518882704002,-0.22223638421103073,0.18871712761297077,-0.1337809349582961,0.97287640899920835,-3.8558307767432973,-10.42098968006983,-4.5149290691895869,,0.3411490485902791,0.1304347826086956,False,3
0.49455922491806148,-0.86807480632768841,0.043096446113257275,0.85972181818617366,0.48131474279689568,-0.17092253713603145,0.12763059344493485,0.12158227249687625,0.98434149695691953,-18.06249263312424,12.611643232366523,-0.9512719458879435,0.2589129921179894,0.224483495892668,0.868421052631579,True,2
-0.61470642420846366,-0.78862344444074284,-0.014459423061207774,0.7686728383553818,-0.59484380610741161,-0.23516571584805659,0.17685609859862123,-0.15567244205082229,0.97184773044670336,-5.7993369075209849,-24.359858534180422,-6.8083130015599957,,0.254030240105836,0.625,False,1
0.035693866797878844,-0.98005368742285681,-0.19550119601137406,0.98362062330747513,0.069038362868197839,-0.16650577724720006,0.17668168347972701,-0.18635577324392569,0.96646526502582031,-5.0115595165432012,-9.849075525439682,-4.4146880971029745,,0.2271305929610709,0.2117647058823529,False,4
-0.9780401926332265,-0.20312283226040356,0.046674367788683349,0.16322144883692244,-0.88575647400592783,-0.43450457695651701,0.12959992374047624,-0.41734468221255411,0.89945943543628759,-2.7124753906976578,15.792293107140667,0.15543645744064996,,0.2254836391012995,0.2,False,3
-0.982743841095157,0.16219077219984995,0.088930850680478679,-0.18422083552232113,-0.90148899114145042,-0.3916379483786373,0.016650121590999569,-0.4012626973243173,0.91581167342801373,-3.9422726554814824,-9.769509606978211,-4.391776093227544,,0.5534030252123855,0.191304347826087,False,2
-0.51628555397075215,-0.85030747282161134,-0.10210988407024058,0.8352196478025149,-0.47355299592286915,-0.27956340958200809,0.18936041478027107,-0.2296187311963013,0.95468207880846079,20.9273336784787,9.1898051039482489,-1.0446413612065284,,0.2692214618960195,0.2608695652173913,False,3
0.28461511039400755,-0.95836454286113182,0.023057361557257856,0.94513532320785154,0.27650066791376449,-0.17397299062795213,0.16035416976243019,0.071307668800889373,0.98448045009029317,17.17826247154558,6.4359355847632811,-1.5629751762823578,,0.2896084870039035,0.9534883720930233,True,4
-0.64516973854214055,-0.76401779002315207,-0.005729310395249744,0.74398716240210572,-0.62651298779235154,-0.23230277292439599,0.17389396381222944,-0.15413725265372949,0.9726266481512994,-1.5670829159127488,22.166033732401356,1.2509518063116289,,0.1476045849350763,0.2,False,2
0.67540824952786715,-0.73630578873631258,0.040957074396248142,0.73114121481261529,0.66135624419463612,-0.16745280608905491,0.096209253567607331,0.1430444117683814,0.985028972056052,22.597075554079705,5.2613660406078093,-1.8886564232224754,0.3709623954799759,0.2660026637501085,1.0,True,4
0.36787976735988726,-0.929847685138673,0.0069108038234735464,0.91753507144821278,0.36178174874185487,-0.16505562377516281,0.15097638699398669,0.067061529355783328,0.98626004778187448,-22.76911562239637,-4.9473064673617575,-3.6707468616951164,0.3237102231774081,0.284896593793075,0.9285714285714286,True,3
-0.80811071433673087,0.54793315563709721,0.21616274037805894,-0.58551575848428428,-0.70721121172962098,-0.39626203271382843,-0.064252392490496107,-0.44679028520939734,0.89232845471931099,20.027400286989401,10.17982332455696,-0.82906489803063654,,0.2436764381778642,0.3928571428571428,False,1
-0.21958116362466229,-0.97536972469958416,-0.020928753443471365,0.95690573493566722,-0.21114649635046057,-0.19937043794443568,0.19004085620852801,-0.063804836951310021,0.97970067661155924,-5.5784878124576114,-7.810698146054043,-4.1036485659950959,,0.7878005173300449,0.396078431372549,False,1
0.92217346569686431,-0.38410120050519242,0.045413290291558515,0.38620652310234482,0.90807278416604043,-0.16201339503304862,0.020990966576919755,0.16694336293308176,0.98574301564594469,8.3531868734310351,12.855429501637181,-0.33974226512916922,0.3269583786555236,0.2685904656478385,0.8769230769230769,True,3
-0.11994015682601006,-0.99256419040939692,0.020752992494822192,0.97489122986500276,-0.12170361939008707,-0.18648141719660707,0.18762049118594248,-0.00213470004704127,0.98223927550411805,9.4442470216177519,-22.552203953147753,-6.790086006967309,,0.1963166160424321,0.9583333333333334,True,3
-0.1111055761898799,0.97258519102496166,0.20428802495118109,-0.97829866009076638,-0.070860955875478859,-0.19470607745272103,-0.17489220281112122,-0.22148763200538535,0.9593518365357524,-6.9289500651811036,-6.6758597672521258,-3.930608224102027,,0.6017560730031306,0.2024539877300613,False,2
0.58950981016772996,0.78587383089946616,0.18676323413189139,-0.77275851772305759,0.61600817107931571,-0.15289933436734901,-0.23520726392369151,-0.054187222395256682,0.97043355667795073,3.5720723014169944,27.694579786105876,2.3407766088477859,,0.223161153659466,0.2857142857142857,False,3
0.9477968807372209,-0.3154593719007745,0.046545220428789155,0.31876458669511826,0.93348602682779924,-0.16429539246838526,0.0083792084283735094,0.17055562845364905,0.98531242074222114,-12.62895579634959,12.835969114568556,-0.55149408847872539,0.3258026038333733,0.2981636280361009,0.7575757575757576,True,3
0.032433728254310158,-0.9960795710786664,-0.08230152702876381,0.97946571350341083,0.048070506055915618,-0.19579617595546461,0.19898484701800948,-0.074261123929475786,0.97718489352320181,-18.298308250320531,-12.226361657645551,-4.960934467209789,,0.2768280663522594,0.36,False,2
0.91979849112056122,0.38723118198711293,0.06342513247287751,-0.37424191981619098,0.91430939395985844,-0.15485902482273212,-0.11795643765657861,0.1187027540271046,0.98589854194118265,-26.017987471381204,11.210095268373971,-1.2407080888143414,0.3636850613104519,0.3206335890360738,0.9433962264150944,True,2
-0.46234644941139397,-0.8570136104563536,-0.2275157845276729,0.8668224520321578,-0.38282601250916504,-0.31947313001141342,0.18669386002125005,-0.34492305756341934,0.91987688686664348,-13.729610997230893,10.912199392792569,-0.8960807717148348,,0.1982497504912808,0.12,False,1
-0.93295046327868369,0.35108957543246633,0.079621247734137285,-0.35973751063690573,-0.90065082708708,-0.24375604835187481,-0.013869264899499439,-0.25605506769054559,0.96656269625986424,-15.386023035288158,12.852383389521231,-0.71417956292336837,,0.09816119952726629,0.35,False,2
-0.60121739622215242,-0.76846238321156157,-0.21909634426129249,0.77900086722273676,-0.50255830198718587,-0.37495706683563157,0.17803171443897103,-0.396106953602892,0.90077965672041949,-3.913799039347194,15.310789847907325,0.053997568289840044,,0.3729072809486217,0.1785714285714286,False,1
-0.19870813369080892,-0.97990486294162249,-0.017364826186156382,0.95889470957700762,-0.19072432927469987,-0.21010751097459951,0.20257347691724392,-0.058401111342813498,0.97752406448311158,-13.973309808594069,-6.0713063147623361,-3.9242533133423918,,0.2201404846183611,0.3,True,2
-0.28462517903336826,-0.95863863643181058,0.00068716837955880988,0.94029223345548507,-0.27931745387992823,-0.19450520728589657,0.1866521448136037,-0.054714940356295379,0.98090124484490704,-17.380479994368951,-4.1986383858035863,-3.6354474820078591,0.221546158796597,0.1800029594495459,0.5714285714285714,True,2
0.906001947320903,-0.42253641490737659,0.024968971303460923,0.42120156385448332,0.89416733761263434,-0.15183548647556083,0.041829583517758971,0.14808021618013015,0.98809034785224803,-22.310518758311762,9.2566998435135712,-1.6035738099011936,0.3367795053431875,0.277620226003089,0.627906976744186,True,2
0.75249748318234144,0.65090873492162871,0.10032625083679195,-0.63828838642048469,0.75831990194669008,-0.13243436892399418,-0.16228208023369634,0.035619448539914528,0.9861013037820896,27.164213902742159,5.4403284472465705,-1.974116403675672,,0.1894017354318731,0.8,True,2
0.97009225592564141,-0.23944701706695962,0.039826385862079129,0.24258936463824263,0.96207783309214934,-0.12472627324316198,-0.0084507489321272271,0.13065744942577617,0.99139155521521216,-34.087254351220686,-0.60474113339142832,-2.8714455728486206,,0.1982868772020756,0.875,False,1
-0.1387207329291596,0.96644100707825842,0.21621363993318896,-0.97499310328927513,-0.095001298477105756,-0.20090595268934269,-0.17362317470299088,-0.23867662877882653,0.95545196639120955,2.2127229126010985,-6.4702451378480932,-3.919046325025505,,0.4870893230856231,0.2119205298013245,False,1
-0.69049252146702034,-0.72252851737287738,-0.034243530499458504,0.70334558834395133,-0.65960002771129611,-0.26501469166889158,0.16889363858717912,-0.20707569878237367,0.96363613144099891,16.974524425213843,8.0954651186650466,-1.2074257122822871,,0.209646236845587,0.3076923076923077,False,1
-0.98248158259075069,0.17412744438411326,0.066404615669630601,-0.18530644327094828,-0.95063549070372366,-0.24890497362801051,0.019785397449750924,-0.25684975555127032,0.96624879876820946,-8.8174662227330547,-4.7371067928523338,-3.5882397731589051,,0.1729118860857795,0.3333333333333333,False,1
0.30115211293724098,-0.95330457752267184,-0.022754941172319451,0.9403589769304751,0.30085267794234932,-0.15878495105389318,0.15821630566950262,0.026420610311600833,0.98705093686752421,22.377985903143408,10.153107105045695,-0.8288882213719172,,0.1616768903580465,0.2727272727272727,False,1
