axis_00,axis_01,axis_02,axis_10,axis_11,axis_12,axis_20,axis_21,axis_22,location_x,location_y,location_z,dbh,dbh_approximation,score,reconstructed,number_clusters
0.82514257417764425,-0.56487458186276152,0.0075125924194990278,0.55846825834463476,0.8136354685006757,-0.16158752680574168,0.085164174985737362,0.1375282922276595,0.98682978883693151,15.654289591605385,4.8452419763203682,-3.0745728380216564,,0.1103812917491447,0.6551724137931034,True,3
-0.99791613765648146,-0.063369939741495518,0.01215042970138001,0.056824731109644873,-0.95232096680955447,-0.29975944707253221,0.030566847058300147,-0.29844434474801657,0.95393744079412246,9.4331043270280297,8.1676891359147898,-2.3322450620238819,,0.1616831577037104,0.4090909090909091,False,5
0.6845790969803538,-0.72887005841911356,0.0099948945808256712,0.71909960357306724,0.67303014606142619,-0.17299185713088727,0.11936171965341909,0.12561393407044352,0.98487253969674948,-21.332693253686223,-9.178635124212386,-5.2856777035191431,0.1894290562481006,0.2640133711340092,1.0,True,2
0.26744765854316721,0.95975156925937588,0.085724414515021594,-0.94389680337357806,0.27883431374908585,-0.17694702613273036,-0.19372809429950597,-0.033590933006425065,0.98048002259038403,11.132818101543331,-1.2092060278690862,-3.9994666561346013,,0.1911363667060223,0.7387387387387387,True,5
0.53433627706188791,0.84433461454773062,0.03979700607053617,-0.82699199458552874,0.53193951307954479,-0.18200163547657025,-0.17483988076835105,0.064338270890920216,0.98249254602346814,8.211002605405751,2.8037493007925187,-3.2936422026500072,,0.08586222354845778,0.4328358208955224,False,5
0.93316403214238464,-0.35913533446567769,0.015056581749911029,0.35683200367903128,0.92050522999614015,-0.15918870154681183,0.043310625326513676,0.15392184084131152,0.98713335302067862,13.957902040335949,6.6762551482552244,-2.624770462970754,0.1942091339177979,0.2012498130250442,0.9310344827586207,True,5
0.93005263268516547,0.36591235852273907,0.033320358877402152,-0.35630391879949891,0.92032671913286257,-0.16138849865545091,-0.089719662747429013,0.13822762361578436,0.98632829533883914,-6.4401920795217515,19.399028407796653,-0.62351781548193475,,0.3060481221633141,0.9661016949152542,True,5
-0.71811896852155688,0.68764495345220344,0.10700264034710501,-0.68620573821233466,-0.6740729858664688,-0.27339951457441797,-0.11587420719901174,-0.2697592032105296,0.9559305102303306,10.362532673339105,-4.8552083083828377,-4.5089670047012644,,0.2554285464264353,0.3,False,4
0.10170940680804727,-0.99214815852497118,-0.07278205893119559,0.9623437034049237,0.11666544531420119,-0.24552753488465451,0.25209084291907791,-0.045068896205121819,0.96665350643920034,-8.1115388660820198,11.582887961896366,-1.95826873195562,,0.3191498037615541,0.6666666666666666,False,3
0.51799062587080391,0.8206502471530438,0.24128589548007498,-0.84118228027261499,0.53989519795914309,-0.03042279697893388,-0.15523557216481315,-0.18720669610969082,0.96997709770198026,5.4495046150902295,-3.8076989604886715,-4.3297812313058284,,0.5251899613089817,0.2134570765661253,False,4
0.3871518448842346,-0.91418578265297012,-0.11990748015828215,0.90804354327505277,0.400601560032257,-0.12237366389958396,0.15990738731909754,-0.061504023404142516,0.98521413032187166,6.2419590137754541,-1.86050224550744,-4.0463497411258311,,0.264019814964945,0.1746031746031746,False,5
0.9183240847688795,-0.3957762217053799,0.006485188201914082,0.39263841121816162,0.90872269096851699,-0.14162679462239969,0.050159279993616517,0.13260563054241556,0.98989888038070362,6.4198199906294109,-22.2339244177676,-7.4153108282392886,,0.3235526400669982,1.0,True,3
0.85073788293506947,-0.52523326245912094,-0.019366841397156179,0.52113767401650979,0.84774415751366738,-0.098718631078952374,0.068268435311029538,0.073890888531595506,0.99492691054780169,9.4676273649618636,-1.3557006469793471,-3.9753149258086466,0.3865542007708358,0.2354168006084797,0.4935064935064935,True,5
0.21254848251412348,-0.97702814626325363,-0.015464281112768574,0.96085654169341395,0.21185611070388619,-0.17852645362073313,0.1777015724914002,0.023086571135925285,0.98381358059709179,-4.2890467134017642,-6.0543641031442563,-4.7038006775261518,,0.2635467843591736,0.8923884514435696,True,5
-0.43236960328041851,-0.80980528804480556,-0.39657524079776335,0.88365417233492571,-0.29299619543071687,-0.36511441107987397,0.17947654407808181,-0.50829973924623995,0.84227047034072933,-11.748835887591742,-2.0689801877662153,-4.0906064227847834,,0.2926586879898324,0.2685185185185185,False,1
-0.99566553649198519,0.085021441271680348,0.037702705025154187,-0.091527717626218627,-0.9677103900898244,-0.23486012394260378,0.016517153152487897,-0.23729297384517367,0.97129770318654174,7.245723007256399,1.2216637935141148,-3.5391046030568449,,0.1823748897947026,0.425,False,5
0.99540731751304035,-0.09430583248335743,0.016452422347948172,0.094476166480037246,0.99547788660876957,-0.0099010726779928115,-0.01544429372715401,0.011409961987647026,0.99981562628252174,-5.4112708669893488,10.90374952505468,-1.9853745185923399,,0.3381640181110177,0.3740458015267176,False,5
0.17732508329575047,-0.9838814068185664,-0.023090953875364469,0.96776418338061776,0.17858821197692598,-0.17759148602489533,0.17885273327461684,0.0091448269313090646,0.98383335577759068,8.0598771092256705,-5.4936045517149568,-4.5756333558201021,,0.1805745824375388,0.9361702127659575,True,5
0.80705945455903882,-0.59029055810812181,-0.014563441051796494,0.58362322663649246,0.80120345433118723,-0.13212476716415786,0.089660281826884347,0.098132980063665443,0.99112610301946358,13.221165941556949,-21.723061910918819,-7.4103998781969889,,0.2505536713076537,0.6923076923076923,True,1
0.4152268376155227,-0.90931311644832225,-0.027135393471486802,0.89607551810106334,0.41396436711737528,-0.16025657121323211,0.15695648818613162,0.042227467508138439,0.98670233698118182,5.3408639692808872,-7.1680336559402278,-4.9088565630478964,0.1156689361631685,0.1564997751473376,0.7345971563981043,True,5
0.9172448890560192,-0.34082828212575561,-0.2061501773072654,0.35424578759507913,0.93464038310598285,0.030939881037955891,0.1821310941924871,-0.10140727967314372,0.9780310977456389,0.88259031750051764,-18.071441479757659,-6.7003805918916504,,0.3078170847831915,0.1764705882352941,False,2
0.52958233944715349,0.84591515204455914,0.063008739767655753,-0.83031822792410614,0.53214584458076442,-0.16550661760906943,-0.17353439463878567,0.035332076599785427,0.98419381131995298,9.7192374662316077,-2.3158226966852613,-4.1459976667641358,,0.2016915003938292,0.9230769230769231,True,5
-0.45006351941354517,-0.89091540130397717,-0.060930913438641141,0.87501513661984887,-0.42634964467533676,-0.22929128019041942,0.17830125961204177,-0.15651111208022225,0.9714488831720236,11.244869749285124,-5.8301876383799156,-4.6730083032762906,,0.1887666738189291,0.3333333333333333,False,1
0.48815655552248388,-0.87273899041278746,-0.0054618599114732852,0.85946492154690124,0.48180105193996692,-0.17084435893502517,0.15173406318557034,0.078704516787854228,0.98528288988817214,14.552407074918019,-3.1864177108195131,-4.4038321720772764,,0.155514171471867,0.7777777777777778,True,2
0.41934081565872239,-0.9043343014343076,-0.079578587396357633,0.89415707521108467,0.42659142480275164,-0.13602529593688145,0.15695988395967719,-0.014114798407365852,0.9875041100133628,10.432863267692667,-1.8817562648261079,-4.0817308139928823,,0.1941196380683721,0.32,False,3
0.50805762507106222,-0.8612937948428826,-0.0071027158395957444,0.84850511606455181,0.50189719175564496,-0.16774467776975208,0.14804228321473772,0.079197271878161155,0.98580488663204735,0.58878985297081421,2.3306561448964986,-3.3106963732878025,,0.2316193683333826,0.963855421686747,False,5
0.21990731742515646,-0.97149396325358139,-0.088545192442730805,0.9515115814433821,0.2336232273745639,-0.20011471212833468,0.21509644841787801,-0.040245086568941879,0.9757632145582622,3.0214737934007863,7.9431786270405818,-2.3910024862685555,,0.262737895099921,0.1935483870967742,False,5
0.92811173694201199,-0.36616078626852466,-0.067341535100541014,0.36948176703082497,0.92810946122525517,0.045782658463064563,0.04573650163994572,-0.067372892051493882,0.99667901845797724,10.442900665535417,-3.4323416595080789,-4.3350602673144483,,0.2548598307751959,0.1521739130434783,False,1
0.35943958649390056,0.89779346286923223,0.25449966933252877,-0.9149485102494731,0.39269146751751072,-0.093073277213246153,-0.18350042848278025,-0.19939987303961923,0.96258365006809665,-8.5974962203838494,-16.187778082514921,-6.3829648019573231,,0.1184986889448502,0.1333333333333333,False,1
0.98329088609502668,0.18009944131001937,0.026518381592314948,-0.17332174903307532,0.97075014295800144,-0.16614370664919706,-0.055665111466450715,0.15877138025109466,0.98574491841377976,-14.212125344641672,-13.552646455049988,-5.9453802149212374,0.2495308742627303,0.2296987843424018,0.9444444444444444,True,5
0.66688108468253793,-0.74068994959155199,-0.081535375553833167,0.73577043173860157,0.67183977152497121,-0.085283018101289354,0.11794698246174951,-0.0031176868568245086,0.99301499956286132,6.4111618443709757,-2.5236589294043759,-4.162014733651862,,0.2541966343934673,0.4367816091954023,False,3
0.98981715933364955,-0.14153070767103626,-0.015200324825496634,0.14234063554205303,0.98492899363411879,0.09825487760089327,0.0010651582743026258,-0.099417987733698476,0.99504518950288534,6.0364477811719057,1.7656422889604495,-3.4340796978959447,,0.09850047465079126,0.2978723404255319,False,2
0.59212507271754788,0.80251006065760833,0.07324957885584675,-0.78793472504372886,0.59562536315424031,-0.15617072657076639,-0.16895788626015754,0.034756716051716846,0.98501025545920007,-7.0686191554016151,6.1879162983421736,-2.7526181126455502,0.5340733519989092,0.2946887767242726,0.9652173913043478,True,4
0.97892582793617877,0.20220076591055669,0.028619463039170408,-0.19452980533371125,0.96594020115684776,-0.17063904191566431,-0.062148034854648163,0.16147562681176292,0.98491788678521464,-10.077413970345674,2.0271370717498804,-3.4930514137106434,0.2752752368320588,0.2412046293404332,0.9324324324324325,True,5
-0.24124760833673939,-0.97045631539532584,-0.003759172931684809,0.95221979822081715,-0.23596304678544514,-0.19390434865684458,0.18728867383829834,-0.050358519250043102,0.98101323752069403,1.3310220111251998,-10.560806060313704,-5.4995000916049896,,0.3103711393619987,0.9855072463768116,True,4
0.27047936151073582,-0.96164442532071259,-0.045617038991365731,0.94709334730533246,0.27429268847105043,-0.16666647095712567,0.17278630294882694,0.0018762464972405211,0.98495754893922005,3.8712472310440149,-2.4392763265447357,-4.1141756471141111,,0.07234304659704079,0.1865284974093264,False,3
0.72078888678859365,0.65753292285277054,0.21934866319800547,-0.6761617582270868,0.73662499504041701,0.013743849277374404,-0.152540674553753,-0.15822159159355359,0.97554972736416068,8.8098914581529595,-7.3322557767464804,-4.914263125235907,,0.3861761786072833,0.6015625,False,4
-0.42376279095871738,-0.90551087992560142,-0.02179778280564474,0.8863673251821893,-0.40960892186550374,-0.21580893396138923,0.18648877137310496,-0.11077263860964541,0.97619227649434281,15.089847362681818,13.030555261916595,-1.4514544705353876,,0.2388674149395822,0.7777777777777778,True,3
0.76561343830960638,-0.64310514361613347,0.015869383548671935,0.63590735191805792,0.75285449314724895,-0.16979974064927689,0.09725174988814074,0.14009242093158028,0.98535080592711899,12.470298673603297,-12.914893370451065,-5.9671719863299604,,0.2469973743373802,1.0,True,4
0.4857921260650645,-0.87406918246534326,0.0030123939900364265,0.86098937796084851,0.47792281944162474,-0.17403180656293565,0.15067614705644469,0.087136920540807031,0.98473542425714011,2.824116081443155,10.180938030316689,-2.04728117655731,,0.2807232731446214,0.9699248120300752,True,5
-0.41182860185720976,0.80580022687477337,0.42553871393904819,-0.89759034898064771,-0.27811893087622774,-0.34202547522817994,-0.15725383336864657,-0.52281531601209552,0.83781583730199205,-11.067065558667435,-3.1735520834931874,-4.293082754434649,,0.315769497479213,0.1428571428571428,False,2
0.43885136804664104,-0.89851568016805072,-0.0088909648372435864,0.8844662152796634,0.43369265186218547,-0.17213424339629058,0.15852126290330845,0.067677590182354225,0.9850333765891639,-15.076375228978584,-10.635678396433718,-5.4612354545705184,0.3531968875722192,0.3074983104318907,0.9651162790697675,True,5
-0.72012436600628338,0.68620560970901057,0.10267793671443134,-0.68487306171336848,-0.67926537162490253,-0.26371849432802202,-0.11121954335189614,-0.26023146642012268,0.9591192819777048,0.82655726072762548,-20.946550249201835,-7.1696629758510735,,0.2311606688803078,0.5384615384615384,False,2
0.99886262989006369,0.0019971934455672849,0.047638826889910266,0.00091965455698142344,0.99812951146278495,-0.061128001624120271,-0.04767180345447062,0.06110228772643142,0.99699243206254828,7.3761141292441508,0.22186760349750795,-3.6953839694616311,,0.2313496709590584,0.1666666666666667,False,2
0.54656274114987313,-0.81594750347721157,-0.1884113625980178,0.82000883099494215,0.56711645160835455,-0.077229834943861889,0.1698666744156842,-0.1122880309046954,0.97904888082184194,6.8806252380098067,-0.55778857589439867,-3.834821715587994,,0.342758705171823,0.3836477987421384,False,6
-0.77009590446905429,0.63141446531794887,0.090928933278899102,-0.63107580597035007,-0.73320943363789981,-0.25327308096847456,-0.093250335328418921,-0.25242761222108684,0.96311197456448372,9.0353951423809242,-6.9105290508419923,-4.8723410722697729,,0.2301584434810965,0.3442622950819672,False,4
0.883257853495519,-0.46863945806931473,0.015251969675661347,0.46437593807315486,0.86979472421853321,-0.1667696790795104,0.064888769268383981,0.1543832764975035,0.98587790905402162,-12.224755513031695,-2.3239638166717267,-4.1699974674626175,0.3807651070428149,0.3527171391059546,1.0,True,5
0.997458446534216,-0.070633141923760592,0.009359845058776255,0.069784991182391273,0.99498211953566262,0.071698234357559426,-0.014377150038167166,-0.070862832756642194,0.99738245246769919,12.281177472758205,10.035282681884832,-2.0044567751505729,,0.4246901038845909,0.32,False,6
0.1801595615519121,-0.91958367759757809,-0.34915382323201777,0.96718136997399384,0.23026727348515541,-0.10741126727182611,0.17917234707579704,-0.31834390626777359,0.93088905213538953,3.3371618210991709,7.7751376397885918,-2.4100512716714433,,0.4338242768275611,0.1864406779661017,False,1
0.84634855310966361,-0.527429856198249,-0.074241992429306347,0.52576234106911712,0.84959159186294997,-0.042048635522449723,0.085253078318029765,-0.0034458419106067817,0.99635337045188277,-4.143825865064704,11.267308746321202,-1.9482716502155872,,0.2792999662903251,0.3174603174603174,False,4
0.15163452215267026,-0.98843071262325533,0.0034202389706724286,0.97309450403022635,0.14867272257607772,-0.17602132765090031,0.17347639008724011,0.030019125651854203,0.98438041131332932,2.7129861466865366,14.717008389422942,-1.1862479362192722,,0.2713954054703068,0.9833333333333333,True,4
0.99388566494117747,0.10679737469833642,0.028028660010349742,-0.10038589819001004,0.9797240000516132,-0.17338845165538169,-0.045977782341230733,0.16951461435642898,0.9844545896335557,12.52627834798006,-4.3595657025427741,-4.5275133432899715,,0.1713356638568518,0.8543689320388349,True,4
0.96015200487324293,0.27648340418190448,0.040805082402535581,-0.26612047174357811,0.94906242237060934,-0.16870214273389106,-0.085369913065830499,0.15112063279385918,0.98482208153915596,-1.0441590095658149,-5.3435642522407258,-4.6477144930843943,,0.2134749697467141,0.9706959706959707,False,4
0.6895219657134386,-0.70657947259883169,-0.15907516368255811,0.71348471463811747,0.70042641317677801,-0.018504099601913154,0.12449506326131908,-0.10073871463479352,0.98709305062759389,6.0223221476716819,-3.2051202331128223,-4.2590045435446635,,0.1665381613192159,0.2682926829268293,False,2
0.98164315566625271,-0.18993181106563756,-0.017396036299315475,0.18903586994037908,0.98100313491741487,-0.043569360313032088,0.025340773655991126,0.039481089492689282,0.99889893821296294,3.6219446079339095,0.29555775785707739,-3.659973740571306,,0.197948730378671,0.2742857142857143,False,3
-0.62331158925805119,-0.78180328611210925,0.016318226647244086,0.765017130213968,-0.61398496408176506,-0.19434828108501132,0.16196127060438795,-0.10865581303281302,0.98079685007568762,10.431331418446316,-7.1676079712420115,-4.8941183177270586,,0.3270615535868023,0.7555555555555555,False,1
-0.99905939792195608,-0.037506539838042675,0.021761867870116983,0.029290087484709917,-0.95376108783906288,-0.29913521708281943,0.031975149709691036,-0.29821644286226878,0.95396254801098912,11.443399006242238,10.882294158346095,-1.8549841016233473,,0.08597915811245474,0.1,False,1
0.99520599435916868,-0.097039026265972286,0.012184259227824146,0.097800177817204889,0.9879445893271076,-0.12000255679866345,-0.00039244171791841601,0.12061888658350858,0.99269881141706473,-7.0456890672305592,13.886135360056894,-1.5365591558935743,0.38642127910179,0.2594177424633913,0.8793103448275862,True,5
0.84548404439726799,-0.53399748916898238,0.0018472224722115276,0.5282057068021474,0.83579560822918919,-0.14981466071931651,0.078456752235121316,0.12764161870652749,0.98871237233216358,6.6197322809143682,-14.23572774804933,-6.0634527543745484,,0.2832055048306189,0.9938271604938271,True,4
0.7574940222949389,0.64665221893448055,0.089686754510057545,-0.63693078111714396,0.76217044787520394,-0.11582481794164617,-0.14325496938305177,0.030612352618244097,0.98921226115239647,15.698508981424164,-6.3531443176256444,-4.8425626772254828,,0.1853436262329295,0.5416666666666666,True,5
0.87657596795551396,-0.47708228388304708,-0.063301396570615662,0.46712086946897496,0.87507683086624743,-0.1266437262071623,0.11581306363879415,0.081443443480870015,0.98992641130771719,4.6902826319240001,-1.9479731327519545,-4.0192511356616532,,0.1054337216030782,0.2040816326530612,False,4
0.65107675495066342,-0.75234901096496587,-0.10034951351627201,0.74774197954520605,0.65847757485818637,-0.085376902231804164,0.13031113225174401,-0.019448627430232557,0.99128238141427161,5.1352237769916131,6.1598298211851326,-2.6541573801874079,,0.2323399470348202,0.4,False,4
-0.18842475693535612,0.94790212599367074,0.25686118918694523,-0.96242938440101033,-0.12615686346859328,-0.24044568168561259,-0.19551417088115161,-0.29251667531347075,0.93605993592729408,-7.2934695559627212,9.3229990695385361,-2.2546325481163247,,0.3487184916104735,0.2716049382716049,False,6
0.1355173555845188,-0.97207356695016933,-0.19159338916610175,0.97444531739204221,0.16573227672267915,-0.15162168665807171,0.17914064236822505,-0.16614991089101266,0.96969213535163201,-0.72014080780889334,12.560785726213407,-1.6658647250285274,,0.424445216829502,0.2765957446808511,True,6
-0.15640897850342961,0.98700844781367292,0.036749903237363588,-0.97064856520256237,-0.14672111168523094,-0.19056305585305555,-0.18269535931084421,-0.065477013755148472,0.9809868329167255,-0.62665082651127491,6.3576868581196289,-2.6871185816427694,,0.3229725952782591,1.0,False,5
0.043789410549642548,-0.99893971264383663,0.014210490025388984,0.98168610242607246,0.0403846238206087,-0.18617593416543485,0.18540464888243571,0.022102774982222153,0.98241365193632357,-6.5485859726457072,-12.425161407463905,-5.7481072752451334,,0.2636772800485426,1.0,True,5
0.84434374908875509,0.53075654799617111,0.073356118585532218,-0.5296567907073555,0.84747623432185792,-0.035323028143530014,-0.080915495625566047,-0.0090287883368854634,0.99668007080950383,-17.290095955171154,7.627900278042997,-2.7071611442366086,,0.2001539438950198,0.3125,False,4
0.75552612261502849,-0.63717614229027542,-0.1522722618942226,0.64441561898326538,0.7646718175719609,-0.0023497705435943372,0.11793552499868368,-0.096351310874710536,0.98833579153848761,6.5636463987081743,-7.8918125995121091,-5.0207832619627686,,0.366474551087804,0.3015873015873016,False,2
0.99600675449932663,-0.088257146452816515,0.013461838348601865,0.088685364685828369,0.99542759080585119,-0.035479818953879583,-0.010268937737634608,0.036532007369764766,0.99927972127691844,5.9594510708507604,1.3898938975206931,-3.5045736108857213,,0.0921142590583692,0.4,False,5
0.90385583202656417,-0.42772275766685963,0.0098933050809455921,0.42495011182519393,0.89483471900334444,-0.1367048943014153,0.049618921505035593,0.12776567708137779,0.99056241317173688,7.3435981295436346,-3.783200372537376,-4.3735908461362971,,0.09032601394810559,0.2601626016260163,False,6
0.79817148774020807,-0.60239055401907959,0.0069207360280089444,0.59555441892167282,0.78727869255297411,-0.15970971903722156,0.090759078121428291,0.13159741897418092,0.98713976166391082,-21.325266690151167,-0.79145963762846627,-4.1396695482282375,0.3383685362720434,0.3166947522870927,0.9807692307692307,True,3
0.797825479135441,-0.60288310749652463,-0.0025423488425954065,0.59611046580955662,0.78947942712657404,-0.1462003648976607,0.090148862414435649,0.11512685542144255,0.98925173225329899,3.8068072612259307,3.2992613086664835,-3.1733575900663871,,0.1375530973507841,0.7802197802197802,False,5
-0.98624318164529234,0.16032865612566619,0.040238149598466194,-0.16526641481944801,-0.95140566082881906,-0.25983510285487532,-0.0033762095457387648,-0.26291061326583121,0.96481428816186565,4.393282392438719,-6.5472056821777675,-4.8172810270945501,,0.5973324769791908,0.6403846153846153,False,4
0.1818460348168239,-0.98305420969954216,-0.023161183333471592,0.96661546965929068,0.18302997029130111,-0.1793169367084827,0.180517460199137,0.01022011581018838,0.98351868095938022,15.052348715188783,-1.6031128390886216,-4.0946596330410214,,0.1551055220910499,0.8,True,2
0.50211488556462436,-0.86477515758001233,-0.0066759663637201939,0.85575132525766717,0.49795962209047756,-0.14044886645058824,0.12478105230430836,0.064808499442389145,0.99006542581076717,8.499264769630015,9.6760642311321412,-2.0535197669967422,,0.1989919144834432,0.9753086419753086,True,5
0.83119537969504009,-0.55573882128411356,0.016389121128441417,0.54981637112949178,0.81724553718407555,-0.17266062084537084,0.082560273810201645,0.15252571740679066,0.98484501659800716,1.8556012936202173,-0.84989175376345139,-3.8570899167803852,,0.2696685613420625,0.9625292740046838,False,3
0.95568450967667939,0.29172629828144769,0.039533338526470126,-0.28367172010087843,0.94844988827006582,-0.14132644711980819,-0.078724031775903702,0.12384900617890693,0.98917336725643967,16.803839288184953,-14.391874003799717,-6.2687027061548486,,0.1689706056807326,1.0,True,3
0.22217526381200817,-0.97493748792380519,-0.01162096342330113,0.95945496420558163,0.2207362407210357,-0.17527602144506763,0.17344833182054931,0.027792205259139332,0.98445074509368102,-17.785542465352556,6.3854156320821422,-2.9263344852160227,0.3902042624587183,0.3177042324706892,0.7536231884057971,True,5
0.37744613816624389,-0.92595002785160929,-0.012286525342520062,0.91106274220676042,0.37368818593853897,-0.17413161531629265,0.16582850341870117,0.05453151026303546,0.98464573418176438,5.736261791618122,6.8402452612838154,-2.5565048832120838,0.2936885506573493,0.2429793042945161,0.8571428571428571,True,4
0.4592423566660685,-0.88311990049905997,-0.095894208304393713,0.87791324302473839,0.46768311872577573,-0.10266858419555133,0.13551677226669268,-0.03703703283826635,0.9900825534433757,1.5856955039042715,2.9153912292515707,-3.218771403448379,,0.203626506704249,0.4454545454545454,False,5
0.80276374972690534,0.57534272102905915,0.15668795576966632,-0.58622333747814415,0.80956487626509777,0.030771898119271085,-0.10914467792973055,-0.11655670069436204,0.98716866583317997,-18.568494328970775,-10.519479364946358,-5.4771894694278211,,0.2175391440195096,0.1777777777777778,False,4
0.34327243747531055,-0.92207414954870337,-0.17872687655692199,0.92759268716880705,0.36269210816554648,-0.089589292805456869,0.14743079861653494,-0.13503220878170452,0.97981144217182092,-10.635707808171478,-3.2024239032921331,-4.2565701261161815,,0.418392566121053,0.3232323232323233,False,3
0.65415485814607754,-0.75635635185771866,0.0025476593896751176,0.74587881205054085,0.64452694128618138,-0.16807682675000585,0.12548394039859007,0.11184851791937338,0.9857706070589044,-16.333767709350081,2.3250886263434061,-3.5585945367232297,0.3049292553495448,0.2849235761947377,0.875,True,5
0.35736551853854448,-0.93076237069940304,-0.077274157709444402,0.92462475950717293,0.36425048403490823,-0.11131324713005677,0.13175333113807514,-0.03167008320737251,0.9907764962713127,5.4532470175860954,-0.14555183615486078,-3.7519099846604171,,0.2787073761177862,0.264808362369338,False,5
-0.49885917548861486,-0.86667062707750242,-0.0046418952926759642,0.84877722389158872,-0.48746255974464875,-0.20483524367179287,0.1752619389191713,-0.10612387576923306,0.97878545951500995,-3.4742409934063905,-15.694580721556868,-6.3040543497592711,,0.3339185416613453,0.993421052631579,True,2
-0.99309739343513348,-0.11532997234757254,0.021367373040503852,0.10657124258030065,-0.96331222955064411,-0.24631710994784306,0.048991197242306821,-0.24233973235207482,0.96895372269076407,2.7029723464608861,1.5090100394573427,-3.458860193269222,,0.07670657376024155,0.1547619047619048,False,3
0.26595668634193737,-0.95450253072478308,-0.13487757348795482,0.94786490527895184,0.2844174764708659,-0.14373176551641359,0.17555387301491598,-0.089619294339593661,0.98038218045389514,-5.5355848376849819,10.039306851525373,-2.1091214021424465,,0.2264884661069042,0.4411764705882353,False,5
-0.41668502264866325,-0.90769409733367523,-0.049648943250466177,0.88939897818915481,-0.39577361134414224,-0.228763428370234,0.187997472047819,-0.13948001372677274,0.97221513888357503,13.5344165810393,0.4737525146367626,-3.75023409867417,0.3371090445772444,0.2108910592604192,0.7692307692307693,True,5
0.88804577709730481,-0.45959783016377387,0.012022158225290265,0.45532503252211631,0.87556692719314977,-0.16143627462338889,0.06366955739108543,0.14883679153453772,0.98680990922635492,7.8234958693512793,-9.9502512001375578,-5.3869715059370158,0.3270014785611918,0.2800969964312437,0.9166666666666666,True,5
-0.59754767100204786,-0.80166338769617584,-0.016510412094131011,0.78437569600497214,-0.5801405041768628,-0.21952622378688563,0.16640777745268681,-0.14412774972539089,0.97546688481073052,14.019200167205629,10.62699770990271,-1.8885246346764302,,0.1314890646338085,0.5294117647058824,True,3
-0.48393799608896254,0.86404978972965418,0.1386433439063656,-0.86196638729543806,-0.44330574194718009,-0.24595521203973236,-0.15105615880939391,-0.23853297471167303,0.9593143681093026,-1.7162739487861469,-4.496142554582752,-4.4710924868198578,,0.7473521331247698,0.7033492822966507,False,2
0.9366869418044188,0.34889796010637353,0.029795746117460352,-0.33844646499728931,0.92388040807726302,-0.17860286084446556,-0.089841879899762334,0.15721070257651151,0.98346999527767776,5.2354109248486349,11.191514840169116,-1.799909108304854,,0.1464750361044744,0.8166666666666667,True,3
0.77881203249655917,-0.6270496633270124,0.016141182114617174,0.62031227053169213,0.76611513769809603,-0.16816742495989737,0.093083323245324368,0.14098338735931412,0.98562628791154849,10.293483928927483,17.26036343604326,-0.64380662238009012,,0.3149778276997272,1.0,True,5
-0.80245092918423777,-0.59282120800192739,-0.068084664899583036,0.58361266230524256,-0.75592022889861665,-0.29661569064843624,0.12437349656715367,-0.27775460911566818,0.95256685354187187,8.1937090956984111,-8.2067876068026244,-5.0784229714430893,,0.1492826168166114,0.2857142857142857,False,4
-0.76636527775476171,-0.63402260144763367,-0.10343888004731604,0.62707381599143863,-0.70334664607641784,-0.33478638674681849,0.13950874649929076,-0.3214324755008896,0.93659941989282025,5.2737249811197726,5.7786468652518845,-2.7761520075064929,,0.115960812742835,0.3888888888888889,False,1
0.59068526761841034,-0.80649128982567198,-0.025743233167018827,0.79541694478206726,0.58734497792339968,-0.14945822446999482,0.13565691494402052,0.067806167444308826,0.98843286321549728,-1.4603285104385317,-3.9018480762450642,-4.3855134711164849,,0.6570604735807442,0.8026315789473685,False,1
0.91847475122279443,0.35449836482420977,0.17531412009073202,-0.3833539845629429,0.90698467556130757,0.1744090617389602,-0.097179493134822686,-0.2273976860786209,0.96894088492546748,6.9900491599920569,-23.009493578303747,-7.5766635290723663,,0.5095488796926309,0.1785714285714286,False,1
-0.040130969427886541,-0.99289528449137276,-0.11201990594343193,0.98140628223054172,-0.018108016863804588,-0.19108586793294596,0.18769979885765767,-0.11760550055187664,0.97516036206807477,13.08312922287357,-6.6736232699797444,-4.8787997979520883,,0.3583011320394227,0.5428571428571428,False,1
0.71541530016115817,-0.6986994506999783,-0.00016089397095443887,0.68949092155861513,0.70602368967748896,-0.16165648363872509,0.11306289127548726,0.1155405868330892,0.98684707802713489,14.264664155457869,4.9523665453003272,-2.9582669057685678,,0.1356360848690853,0.5142857142857142,True,3
0.99719430536251896,-0.071034986175332243,0.023612456281257091,0.073870386995966486,0.98485223833526847,-0.15687330738872676,-0.012111287199552869,0.15817743007484403,0.98733642561048474,5.3532699398927459,-1.0867289952347394,-3.9155170429734372,,0.226571453683538,0.9731285988483686,True,4
-0.47481314948654485,-0.87753640193258609,-0.066950252858959974,0.86007775555247723,-0.44654461753375074,-0.2467066252767624,0.1865977692216087,-0.17472197295946151,0.96677479522724019,-6.8356457199645249,4.2276712067646951,-3.0106182641187784,,0.1967804018279177,0.2549019607843137,False,5
0.95296318489866472,-0.30256564647961826,0.017753810806783944,0.30123495939030925,0.93905244605355231,-0.16564420545844022,0.033446486645253251,0.16320089807108887,0.98602576000826569,12.232497109422331,-8.7233938232055177,-5.1986364061584194,0.1523726483812727,0.1578453808369227,0.8901098901098901,True,6
-0.82077839596227764,-0.57109705461557314,0.013075891212773348,0.55665351166271171,-0.80474186562039718,-0.20622171968872319,0.12829533380120473,-0.16198359153698272,0.97841791857959037,17.376424255073122,10.800783979020039,-1.934747569455475,,0.1475214405789595,0.3157894736842105,False,3
-0.89908720509750484,-0.43776848931544571,-0.00097334085974118759,0.4239276194150981,-0.87010188732772187,-0.25141216988400455,0.10921342008656493,-0.22645409122205834,0.96787962755798651,15.592382843533558,11.049719655698969,-1.8489729089454869,,0.1543143817706705,0.717948717948718,False,3
-0.13882886677703818,0.98127080399388211,0.13354458049132567,-0.97589406387245026,-0.11262708969923843,-0.18693826458056587,-0.16839632373634919,-0.15627779079280746,0.97325224390031706,-8.986185828257506,14.957669573659723,-1.3988120265199333,,0.1445318668820413,0.4,False,3
0.65352496851197239,-0.75230413018926068,-0.08332833390633676,0.72901580681312983,0.65522804046100958,-0.19802062622420732,0.20357079591146471,0.068663750944774171,0.97664948694921616,-3.5431552811857543,-1.0726575068073267,-3.8573277012859268,,0.2998698904094328,0.982363315696649,True,4
-0.74084266443925151,-0.6716460331866051,0.0066145786901780478,0.65598791927912525,-0.72561733557943264,-0.20774824202974249,0.14433293562591476,-0.14956967744600699,0.97815996405613692,-1.7793420120039458,-4.9324796700189015,-4.5620407359290525,,0.07036533656836957,0.2040816326530612,False,1
0.21262093498780688,-0.96582224779188297,-0.14825560250845879,0.96812919993019209,0.22877413915764308,-0.10192274277709551,0.13235630036925861,-0.12185966897589492,0.98368289139826393,-1.7330395798159326,-5.7988689984260011,-4.707589467588968,,0.2116376050938295,0.272,False,2
-0.99868132575388791,-0.051329031229587929,0.00096960996725452275,0.047493235723445056,-0.93089218519385264,-0.36219350091564412,0.019493643860856193,-0.36166983575914297,0.93210242342297345,-16.168086104372037,-9.8692416243763095,-5.3541048499523054,,0.1926326881813455,0.2222222222222222,False,2
-0.81419320942878415,-0.58046565648014681,-0.012208168049618325,0.56604368763393242,-0.78893517529256585,-0.23911468561313168,0.12916640975824367,-0.20159590976297118,0.97091458314158863,-4.1210066565788379,19.99081278608422,-0.44107573706781539,,0.0797044634778373,0.25,False,1
0.63329517800823443,-0.76786275017577266,-0.096560936221730759,0.76248811344992895,0.64042992313808311,-0.091985816281187599,0.13247299482946051,-0.015372392196638969,0.99106740194553156,1.5923191305259978,-18.83255631600014,-6.8378685322680965,,0.1995683087324994,0.1923076923076923,False,3
0.83066229045696427,-0.5567717102018952,0.002328504165443359,0.55084502905007027,0.82119691755768887,-0.14901468573459065,0.081055000978463604,0.12506352510867652,0.98883224133508829,-13.269563236969908,14.873731477124505,-1.5827723775939304,,0.1122906118750107,0.4545454545454545,True,3
-0.86229494944129892,0.50007920989361043,0.0798010275636276,-0.50129596768261386,-0.82059727970552454,-0.27444937115075624,-0.071761918544450021,-0.27666023995521316,0.95828458125691685,-12.299641260417344,-4.4237442986196891,-4.4559363047460945,,0.1876199619479789,0.3125,False,2
0.63686965507849314,-0.7662637259460372,-0.085070234156826477,0.7643832955216745,0.64196596649551785,-0.05998229229446872,0.10057444987483102,-0.026825364131199916,0.99456783573148155,-0.84494559196448793,15.61183286533949,-1.097086779441357,,0.3162358390353397,0.1746031746031746,False,3
0.36485262688076753,0.92927701141933294,0.057678390284026895,-0.91285470857850337,0.36922177201403572,-0.17427439311864107,-0.18324530467179428,0.01093247997338519,0.98300642886879053,8.8691225294692586,13.529025319889758,-1.3461342409216244,,0.0890490827419122,0.4482758620689655,False,1
-0.13457098234019962,-0.99044362487260851,-0.030200606967460793,0.97166838801169331,-0.12592126843933266,-0.2000109444340189,0.19429666608244298,-0.056260644360324318,0.97932810918782998,7.0638576882301605,9.109199549186723,-2.1744355675596392,,0.121000681546952,0.3076923076923077,False,3
-0.62581049393586785,-0.77203500964002336,-0.11100977240709285,0.76304002297242957,-0.57649316395596417,-0.2922765047934508,0.16165131927076754,-0.26761460311831076,0.94986908317717633,-9.9628747852982578,16.072681333276297,-1.2373927439448167,,0.1261939642349681,0.3333333333333333,False,1
-0.85588693612908107,-0.50972319482044959,-0.087406047992165059,0.50343618905317655,-0.78250267422534148,-0.36638991304592905,0.11836197073041996,-0.35759170780685523,0.92634691902795685,-4.871902484301625,-1.254048668263964,-3.9201849396171853,,0.3060946246882478,0.2758620689655172,False,1
-0.8985148791420472,0.43654096911997675,0.045858415150808858,-0.43496361126046706,-0.87146034859896093,-0.22663520842761847,-0.058971763070180726,-0.22358184877035184,0.97289952619005104,-6.4845259022268111,14.637379425965957,-1.4107576773086756,,0.0771144228767362,0.4166666666666667,False,1
-0.2268635684115691,-0.97053783426439177,-0.081174094321729159,0.9604498050568554,-0.20912844816678214,-0.18385174498383561,0.16145926202549393,-0.11967290599269835,0.97959649972702789,3.4277284787003621,2.5366824266507151,-3.2849467166978354,,0.1565455702981093,0.3432835820895522,False,2
-0.21091750706024137,-0.9750790680135083,-0.068808548432598829,0.95925463121948595,-0.1929280658430701,-0.20642023615435617,0.18800095132594746,-0.10954256036792381,0.97604101848671221,4.4980235454992901,8.0259880970498703,-2.3865583420717549,,0.1703498307163857,0.2131147540983606,False,1
0.57627527679584323,-0.81463691997742449,-0.065371966190179362,0.80552698317685401,0.5796879239645516,-0.12283399441386228,0.13796044624409884,0.018127311421273062,0.99027183937177865,-21.721458999172629,11.925663527600047,-2.2406268594194172,,0.2579188050423801,0.5128205128205128,False,1
0.94881415722032914,-0.31496019652960527,-0.023489777783276034,0.31110275163448126,0.94483590608868584,-0.10247042739749079,0.054468091427269882,0.089917657707497545,0.9944586677427405,5.4040722555954153,17.937740929040974,-0.6071705066425207,,0.1643422486459096,0.2352941176470588,False,2
-0.78255943560283625,0.61943886950164373,0.062419681988106893,-0.59227632829671861,-0.70982553005245297,-0.38125643315898533,-0.19185797009331734,-0.33532551921421078,0.92235964540703541,10.624763409909264,1.108474648966675,-3.5770532344216335,,0.2472062009488795,0.1818181818181818,False,2
0.076259416995044238,0.95639937081426418,0.28193039003565329,-0.98011807395953243,0.12384719933150817,-0.15501752260824644,-0.18317495030006831,-0.26450352497428348,0.94682882447607519,9.2092442505720342,5.9340324124379613,-2.7521019808714273,,0.3973887458598461,0.3490566037735849,False,4
0.60724738914970644,-0.79205665181723628,-0.062424904348611185,0.78331568406837038,0.60998297124868306,-0.11973852295367457,0.13291782221870954,0.023812498791526103,0.99084096475566552,-18.969835064153283,-17.308543998097857,-6.552092454439248,,0.1447494430022817,0.1666666666666667,False,1
-0.41066939063753555,0.9093966449118378,0.06594235222137583,-0.89739399497510064,-0.39033110157431888,-0.20573198323646097,-0.16135262432332467,-0.14366409908836481,0.97638412382479089,13.702971398258134,-16.54912327643672,-6.5504327951692831,,0.3312656889742639,0.967741935483871,True,2
0.63950534217851562,-0.72482260661266107,-0.25625203661311297,0.75976068322274448,0.64678192729104422,0.066609629623585243,0.11745902074361342,-0.23728743639921343,0.96431221654246457,0.046774384054669098,13.002210802103974,-1.5410452863290278,,0.4487319676901579,0.2857142857142857,False,3
0.49646459678452159,-0.86460217428396136,-0.077369143481297614,0.85564580561286485,0.50243657283065024,-0.12420847643901907,0.14626400608726009,-0.0045354719311148529,0.98923519449000008,-14.023601844223945,3.0639182639487559,-3.4089264417105158,,0.2476895225209031,0.2972972972972973,False,2
0.93432409923922111,-0.35142556097657013,-0.059485735038926638,0.35386924878313097,0.93456419181072825,0.036963849242508923,0.042603196435019509,-0.055586387519458831,0.99754454596075859,-8.2273355108361361,4.8217298524680832,-2.9913963091329885,,0.4960809644623897,0.3541666666666667,False,1
0.96511753730890071,-0.25796104636012812,-0.044768713847861491,0.26070799768102021,0.96259744949595483,0.073739339358559086,0.024072372628327197,-0.082838691350548374,0.99627218775361415,-5.7913551221532593,20.589950326595101,-0.40305761905613602,,0.5895672401717662,0.2619047619047619,False,1
0.73923814541324628,-0.67327727357239719,-0.014989238036179164,0.66461940664021313,0.73296196755766374,-0.1450785939799894,0.10866466161175202,0.097285492263334342,0.98930658762179757,-15.620013643572433,16.194159620644005,-1.4636088689517359,0.1824973923031195,0.2133341631587636,0.9047619047619048,True,2
0.55986748201475278,0.82492294163262847,0.077785236071062011,-0.81115210184942332,0.56482372443629358,-0.15167869982029622,-0.16905818598258482,0.021824314011765253,0.98536441435145872,9.6804315833202867,4.352731882848226,-3.001229249835232,,0.107989181960501,0.2,False,1
-0.082161634726127572,0.97694945079969275,0.1970259788995064,-0.98178764034800836,-0.045362255024482899,-0.18448657154108281,-0.17129651204569127,-0.20859538921383708,0.96288393306758846,3.0780258353938108,13.833825305858717,-1.3479861746982922,,0.4293398707927873,0.3918918918918919,False,3
0.97696367503156811,-0.21334482947269726,0.0050952336626930873,0.21292930712519328,0.97291065946392019,-0.090033098739650819,0.014250888954615822,0.089043991592607563,0.99592574006562251,0.99573714280948278,10.194834201295585,-2.0339957019707526,,0.27360551717213,0.3934426229508197,False,2
-0.40300016444966336,-0.91389691247315741,-0.048819062112824566,0.89707220762046613,-0.38389110118213821,-0.21883573005363993,0.18125209452165936,-0.13198505902259119,0.97453969771698679,1.4441009908487368,1.230364552270421,-3.483418655766882,,0.1063772909500777,0.2222222222222222,False,1
0.37736854449893686,-0.90861057428196879,-0.17894078888208587,0.91153748513600019,0.39853862915389121,-0.10132311811265955,0.16337807323716586,-0.12487507907956037,0.97862854025936907,-8.7820348464199469,8.7903714475851693,-2.4048598049166952,,0.4694845319866299,0.3278688524590164,False,1
