axis_00,axis_01,axis_02,axis_10,axis_11,axis_12,axis_20,axis_21,axis_22,location_x,location_y,location_z,dbh,dbh_approximation,score,reconstructed,number_clusters
-0.96481555283542475,-0.26257354427835,0.01364121885973996,0.24725072661976696,-0.92371406317800742,-0.29260794191746331,0.089431690092892757,-0.27893989197008323,0.95613519414089532,-12.135566633866187,6.9292060048595694,-1.8258272561627771,,0.1709533669635448,0.15,False,4
0.61179722253453817,0.78540481566315623,0.094039534410515865,-0.77224772674961117,0.61878905910841597,-0.14399148883797605,-0.17128224376473075,0.015471776266573973,0.9851005111713601,25.307984375089582,0.57948914986342104,-2.789918858842956,0.2570655777809024,0.3671877224121635,0.8235294117647058,True,3
-0.41713560457571974,-0.90874719887180255,0.013282166159968118,0.8938529420818403,-0.41285462211136681,-0.17486560248636068,0.1643922301293044,-0.061070365513338207,0.9845027197164975,10.278958332865693,-23.841400791653239,-6.6123063584006214,,0.2675769824724095,0.8780487804878049,True,2
-0.81710747443289955,0.57329844462948343,0.06053320255284271,-0.57370090919225625,-0.79835757001644536,-0.18300944562894744,-0.056591890036178795,-0.18426633925611918,0.98124577665296553,4.4148063739557175,17.920789787415899,0.33707364373839893,,0.3148595589171166,1.0,True,5
-0.30834852895844822,0.93775773755449598,0.15978613940462111,-0.94188036306648848,-0.27741960402764521,-0.18947228021766979,-0.13335128930347748,-0.20892292587893854,0.9687975251223977,14.410415863346831,-7.590739997055616,-4.0309241099761346,,0.2368567944530594,0.3333333333333333,False,5
0.20117952195284811,-0.97909649361861173,0.029947556337096455,0.96740106461398145,0.19378963492833959,-0.16303606220120748,0.15382451082502629,0.06177081493780804,0.98616549640076157,17.77042776330515,0.61357304721385963,-2.6493993149660757,0.3436004968741651,0.2770648001628725,0.9895833333333334,True,5
-0.93656665164579911,-0.34028262750627358,-0.083968091811137263,0.34188111523794645,-0.83418793776798317,-0.43272137401110433,0.077202396780378268,-0.43397951322594341,0.89760880790661768,-5.8288135632369098,3.8170888199657185,-1.9874904271163596,0.3533818231198835,0.5146826578455727,0.3505154639175257,True,4
0.9505432132200814,0.28686857184995401,0.11905470291429328,-0.289343682068883,0.95721821332592949,0.0036777335325166582,-0.11290630384555146,-0.037943570758204155,0.99288088509652206,-6.0793438096298518,3.5743098260814872,-2.0561212472497994,0.2864439545886128,0.2412990678866285,0.2777777777777778,True,5
0.3721016325280056,-0.92545820629970732,-0.071186258944553341,0.92073553412219045,0.37772695946917767,-0.097818302453551775,0.11741571987905802,-0.029145368117389034,0.99265507415344645,-3.9869337282944968,-3.7146750183025405,-3.2653013257042383,,0.186651241855424,0.1791044776119403,False,5
0.91095233808056253,-0.4097287605976308,0.047834929546158575,0.41194951003496749,0.89752240331771516,-0.1573249399324301,0.021527631720809466,0.16302109765892844,0.9863876939573869,-2.2547159932070349,-5.1601858103759426,-3.5224587484588441,,0.2408391514401572,0.974587039390089,True,5
0.75177424779079549,-0.65912072662042442,0.019883362340056377,0.65521250868111658,0.74323618374169231,-0.13526471692530231,0.074377744160334547,0.1147163585389981,0.99060996777600163,-12.9950366743878,4.799147981750318,-2.3287773367679323,0.325286135109128,0.2882292994822835,0.9042553191489362,True,5
0.93656909503485708,0.32164683445692827,0.13921797337063441,-0.34014093017219649,0.92993231726582071,0.13974989419035141,-0.084513181499588211,-0.17823916289205002,0.9803511222844391,-7.3462222348394599,-3.7107162912094886,-3.3432479691442181,,0.4960374924759475,0.2134146341463415,False,5
0.75831000221261102,0.58595754777425368,0.28569160427057411,-0.63662363769295194,0.75994400826162511,0.13113141590728419,-0.14027217997487598,-0.28131629265586361,0.94930756818402007,-4.549549901035169,-7.9083931908954552,-3.9146201862194365,,0.234674988061846,0.2698412698412698,False,5
0.69181544917052396,-0.72154222113921063,0.027716554664678126,0.71734174642757864,0.68238713593635381,-0.14060090874817063,0.08253607163669345,0.11715212256751521,0.98967831998923173,14.33614602848489,6.882931205883482,-1.4999809284245151,0.1433421575986244,0.1898300874952938,0.7142857142857143,True,5
0.54997609841881623,-0.83407489184540595,0.042957722950469485,0.82791557194717358,0.53770104777189787,-0.15947849056341715,0.10991859212798846,0.12327472578787645,0.98626631549826516,-3.8740743842174807,6.1298026456529398,-1.6084123651920548,0.3777848979830972,0.3649505495228175,1.0,True,5
-0.35010394522395533,-0.93607596838402385,0.034482009113930873,0.92018762518993247,-0.35057885016841511,-0.17421023007247294,0.17516267292415247,-0.029261770768420087,0.98410456090070153,4.7051280007467335,-1.7324173525526183,-2.9151393943190751,,0.2626271317794279,0.9865067466266867,False,5
0.14009008655662442,-0.99013828931062486,0.00096731049095799375,0.97730819494054311,0.13811791920219946,-0.16059929170862219,0.1588819050446397,0.023443729146258682,0.9870192155237415,4.1899419998127829,-8.1454865037588178,-3.9749723128365795,,0.1667330333554292,0.5824175824175825,True,5
-0.52126886595569877,-0.84965564347850275,-0.079775039269129794,0.8277445858963578,-0.48064308456370625,-0.28951878312184354,0.20764794702699768,-0.2169504845954888,0.95384213438558896,8.3513746779084119,13.339740018832073,-0.41457527482694007,,0.23347195149291,0.2173913043478261,False,5
-0.0019600049966763643,-0.99953965282532087,-0.030276076533312872,0.98414011368372412,0.0034424144647675048,-0.1773594835954373,0.17738205946205615,-0.030143526875446663,0.98368032041334952,16.361510843344085,9.2913497079031746,-1.0756179893516167,0.1293052605261507,0.1260549613988318,0.3714285714285714,True,4
-0.42716217502125875,-0.90320925700234578,0.041779352512674506,0.88718413566944954,-0.42760314317659442,-0.17337779950716997,0.17446141592787517,-0.036994459190096057,0.98396881268751268,3.9739160924379102,9.8590395018259418,-0.99793444817796839,0.2639795291268114,0.2292242333762182,0.9416058394160584,True,5
-0.99362412017443069,0.085747459237388038,0.073201646442687951,-0.1076859120031005,-0.91408861971155841,-0.39095490746360684,0.03338940196601773,-0.39634501201371181,0.91749429387228432,14.365807678015406,-5.2264929053592839,-3.5571022198786775,,0.1882150502832884,0.2058823529411765,False,5
0.47281106946891721,-0.88114129341178482,0.0063018752975547753,0.87131278339804363,0.46644687293495374,-0.152451133863796,0.13139149924866789,0.07757148815003026,0.98829091777238209,-16.131855119941065,-8.2173244353627073,-4.1133743756876173,0.285306015959863,0.2272733932822045,0.9210526315789473,True,3
0.57150446901779772,-0.81969828615444285,0.038436461441637815,0.81339449316369949,0.55967208751216191,-0.15860817428729157,0.10849903402175594,0.12190928650126792,0.9865931712114665,-9.2630944257320635,9.2665256277550139,-1.1798033326594939,0.3459560095927786,0.305615635397141,0.9922480620155039,True,5
0.51009407918804206,-0.86005141815162922,0.010751209823737878,0.85198902688054146,0.503518834950896,-0.14346944247762175,0.11797766081954111,0.082342825947759227,0.98959634728634971,11.684880938345755,-21.317712625543837,-6.2098319711431893,0.3284212305630383,0.211835219459111,0.9655172413793104,True,1
0.7040092904309968,-0.70068336041520007,-0.11581773363395623,0.70536087804137393,0.70884788623992534,-0.00084017967764321577,0.082685855595412291,-0.081101803990117224,0.9932701277467284,-7.0314604818283239,10.544683357905754,-0.96444976905526447,,0.3689644174369299,0.28,False,1
-0.55779352269821647,-0.82969999454050358,0.021547739914071225,0.81299428295905396,-0.55141957545158748,-0.18702071458714623,0.16705293146727454,-0.086800753846273462,0.98211961960848271,8.6371481874689415,-3.9144921184560726,-3.260629898825365,0.4114032116832232,0.344563397052822,1.0,True,5
0.99407260487366078,-0.095716750028286057,0.051555407123944998,0.10238115645572993,0.98371403513936162,-0.14773217615882084,-0.036575333798619977,0.15213481138074916,0.9876827649218457,7.6194473298548218,6.8449736403128547,-1.4908176535631641,0.2697767534164044,0.2361749103936578,0.9357798165137615,True,5
-0.91720922001465977,-0.39727062661092699,-0.030054882336509652,0.37826128182074664,-0.84466664176264883,-0.37875673851264369,0.12508257031027778,-0.35876777102405821,0.92500812811510147,13.154801671692635,7.3702065143574025,-1.399075027669467,,0.2812719849262764,0.25,False,5
-0.38366450791630646,-0.92340817379652829,0.010903665947648735,0.90932874411633025,-0.37982057867357444,-0.16987513985244437,0.1610055293744749,-0.055260045076262435,0.9854052703984354,-17.449517159716791,16.778615744439271,-0.57707592155045317,0.2872180350887524,0.2565972629135009,0.9772727272727273,True,4
0.89074551982912731,-0.45273131139655615,0.040084642763698025,0.45340595623329255,0.87901174876399024,-0.14751740367511268,0.031550875685350879,0.14957508220297577,0.98824685024919845,21.590828894567533,-3.5007884073383275,-3.4700732736181887,,0.3001740359824282,1.0,True,5
0.94893188261828099,-0.31546048493133705,0.0036006384728301801,0.3135917884574676,0.94194063369228676,-0.12003346538120853,0.034474227512350422,0.11503271293966998,0.99276331650155558,4.1385900329628837,-5.9878228131972966,-3.6899134815711001,,0.1296507004660043,0.2121212121212121,False,5
-0.97031039100087246,-0.23404194303104392,-0.061009130611636375,0.23844177745077985,-0.88337419110604531,-0.40347931453031527,0.040537191341371397,-0.40604729698643965,0.9129525336665425,-2.1545828804350617,5.8350550163658514,-1.7012188687272658,,0.4224812457937885,0.3496932515337423,False,3
0.3951776188825622,-0.91438662932532966,-0.087930322672966216,0.9081626124853921,0.40328338795025337,-0.11226387792640186,0.13811342736322557,-0.035490859589886375,0.9897803190948764,-6.2236912067887662,8.7703390284038871,-1.1861291474006423,,0.2699203384133262,0.6,False,4
0.644831080190157,-0.71622034811816926,-0.26687317392776905,0.75880837629649722,0.64176103344739266,0.1111423592101827,0.091666384695079275,-0.27417364732960797,0.95730145984789505,-1.3744892344135051,14.341560547899002,-0.2946906459862324,,0.3348953798285252,0.4210526315789473,False,3
-0.06795317282024578,0.9195333246691072,0.38709279394822277,-0.98332199234226503,0.0038779979198577397,-0.18183184679305517,-0.16870158766206478,-0.39299290827585287,0.90393381857588839,0.7702831913977416,-6.5910802563172295,-3.7640477671223085,,0.6203065947165272,0.4527421236872812,False,5
0.13915980527136551,-0.97552364447716455,-0.17025911917670219,0.98024668365459977,0.16010042340600633,-0.11612189117206431,0.14053820754867657,-0.15073643717166837,0.97853336107043232,-9.7004970386403393,-5.3109906555336153,-3.5926434127922406,,0.5247293913972508,0.2569832402234637,False,4
-0.56154004809424163,-0.8260160556886682,-0.048685214704796712,0.81112171006101219,-0.537874843010679,-0.22972205972421839,0.16356755746179175,-0.16848777107188811,0.97203782084094392,-4.1970912772986786,-10.955143145060569,-4.3611055752232382,,0.3221422884503928,0.1304347826086956,False,4
-0.9992410625705338,0.022631413982499637,0.031703595601502696,-0.032482713872460128,-0.93333078538339642,-0.35754512771829655,0.021498189979409603,-0.35830359216279961,0.93335757546121856,7.1517818863693359,6.0741248977733919,-1.6491149810551895,0.3779813622301856,0.1553146109807619,0.2,True,4
-0.99057026046379426,0.12571703919983976,0.054459022572189084,-0.13455647058036255,-0.96752664927443399,-0.21397836144980675,0.025789829577728018,-0.2192884151035209,0.97531916606398095,6.8194160209844554,6.828131037486135,-1.517057775022854,,0.07842648471966737,0.26,False,5
-0.12617128807605874,0.98945898617813399,0.071075458046827911,-0.97955022486420928,-0.11294719264068273,-0.16650612193869818,-0.15672320515387733,-0.090630272789651842,0.98347546518475404,4.9404794983189939,-6.7514993825238623,-3.7708541078798237,,0.09049247155784049,0.4418604651162791,False,5
-0.88253990917361325,0.43772324292622133,0.17181871643677921,-0.46894470283941175,-0.79218321916512902,-0.39055935906341888,-0.034845005304718006,-0.425257698196429,0.90440130237079419,13.052501816022247,7.0159415591526377,-1.4981527611076499,,0.3144893635431479,0.2096774193548387,False,4
0.99902585254536602,0.018510627855149953,0.040058739401168421,-0.022443296709075224,0.99472795764277544,0.10006292378628343,-0.037995320485962346,-0.10086449791794588,0.99417438544800996,7.4974017462116862,5.8687912207835273,-1.6607594505525414,,0.6545355944139262,0.2083333333333333,False,4
0.79173755816190827,0.60802029907869792,0.058846876757129421,-0.59464080004400299,0.78918186382674949,-0.15360437731381629,-0.13983546731371818,0.086621600742471105,0.98637859889900581,-17.356945117953881,12.703149947513577,-1.1603662284027703,,0.2359039417448134,0.868421052631579,False,3
-0.58072649980677515,-0.81388866357751866,-0.018492585599964785,0.79686447950450834,-0.56363676408040631,-0.21753298481144684,0.16662452918517312,-0.14106325346088039,0.97587777144315102,-6.6866082328170133,-24.871389511820038,-6.3852540826289621,,0.254030240105836,0.625,False,1
0.10941713331218089,-0.97337636172686903,-0.20141089684797858,0.9819252890634137,0.1373283150180285,-0.13024461828436545,0.15443645177054344,-0.18351946034595834,0.97080893590801509,-5.3062861863436064,-10.352007267810279,-4.3038861805789859,,0.2053614824560526,0.2117647058823529,False,6
-0.17985954746386526,-0.98356995580509121,0.015514033120487786,0.96810346495817334,-0.17978384866036431,-0.17450916565282537,0.17443114493137851,-0.016367950343193809,0.98453332390503212,-1.2577217707403272,-9.695112766620559,-4.1765751936490219,0.3152038372192841,0.2797117939806814,0.9892183288409704,True,5
0.56640786066484472,-0.82397507060256658,0.015723180421569023,0.81689665869582095,0.55881635051957157,-0.14284304464548064,0.10891273749510348,0.093751636878950856,0.98962045562621659,-8.5280076124323863,2.3050999835947152,-2.4191866150941768,0.284176372995092,0.2425430177340914,1.0,True,5
0.1602285319956423,-0.98692487187122235,0.017496137187745529,0.97415732573204483,0.15524725376659557,-0.16406033926735727,0.15919900206066476,0.043331137532970854,0.98629513344788777,-3.9885272949335393,-2.6512623021687407,-3.0710482806642707,0.3429416332946235,0.3037430197860805,0.9810495626822158,True,5
0.66518507308012464,-0.72897092905913541,-0.16164839355233657,0.74402626611401046,0.6653342407205477,0.061280204448557085,0.062878723618041685,-0.1610333279525514,0.98494392398993602,-3.1051629841127224,3.8507503242009498,-2.0048147358385902,,0.3349674386569438,0.1528662420382166,False,5
0.24721689253976489,-0.96869028767304433,0.022867763574488938,0.95728169052663103,0.24051617262964148,-0.16051085846778484,0.14998524269227004,0.061571887022445808,0.98676913698343727,4.8226156763813313,5.0004953246408714,-1.8139439030878846,,0.2673542828917436,0.979933110367893,False,5
-0.96950376135943206,-0.24274024844834835,0.033758384042302768,0.20655771227633987,-0.88346977115793124,-0.42049384650588806,0.13189529259635574,-0.40069731123802993,0.90666713658185227,-1.8923603365278863,15.248879906565774,-0.14774437014254299,,0.2254836391012995,0.2,False,3
-0.21414654540369843,-0.97648948059243468,0.024689094434161968,0.96070692346480091,-0.21512014836038643,-0.17540105181042362,0.1765884036352878,-0.013842545348401656,0.98418744131380709,-7.2946568900672242,-6.0388658910939759,-3.6967568118551504,0.1888840269911896,0.1983390156175428,0.9436619718309859,True,5
-0.95763854976709051,0.26468896859935143,0.11343790328542247,-0.28788063290511551,-0.86995439454492884,-0.40037993532407956,-0.0072903496576897115,-0.41607583601283021,0.90930069255889756,-9.33301807767584,6.6171182657232173,-1.6766936358023277,,0.364705742673374,0.1927710843373494,False,5
-0.98950965188225359,0.1216774615822976,0.077879677546519421,-0.14227481576328929,-0.91432274990686202,-0.37917250137935421,0.025070413466543262,-0.38627516661784356,0.92204282439753005,-4.2544927210331887,-10.302305980527079,-4.2846048062086597,,0.5534030252123855,0.191304347826087,False,2
-0.27810893299318967,-0.96017263504806427,0.026905989932457956,0.94429142774657437,-0.27842627407247139,-0.17547794559561222,0.17598045594248563,-0.02339488856517704,0.98411562243229189,11.607295601357801,2.4343663592755251,-2.2393107795985441,0.4227252206740857,0.3456194983816981,1.0,True,5
0.92295541927852964,-0.38279842777356066,0.040232545513354291,0.38455830882955833,0.91262115803130062,-0.13869941969510369,0.016376847515446546,0.1434851407209069,0.98951695956045027,-10.484554057070032,-7.4566663109647306,-3.8851011488177258,0.1739302146041456,0.2086618798781507,0.5324675324675324,True,5
-0.17183808576467749,-0.97565262602295588,-0.13628508948245349,0.96588000158090881,-0.13964932531575269,-0.21811439311727548,0.19377175962145166,-0.16911540223576349,0.96636043270605887,-4.117595796202429,-11.997033590553013,-4.5078474649342013,,0.3749944835297157,0.2463768115942029,False,5
0.16658580594303551,0.91091106602821115,0.37747873985915548,-0.97052720946546722,0.21908801166131536,-0.1003861486135581,-0.17414392020820407,-0.34963048055574047,0.92056092797863176,-2.5405848918020242,5.5215307883046103,-1.7415497499178281,0.4963725205542857,0.3889920238064302,0.1696969696969697,True,5
0.63566417554343024,-0.77196514252145521,-0.00093523393900924942,0.76532923082512094,0.63035751501605475,-0.13007909788822092,0.1010060610820953,0.081970860643365576,0.99150317883003602,-20.764328872961165,-1.5006054727301197,-3.1365293356736648,0.2096310120281847,0.2095639500264633,0.5925925925925926,True,5
0.83080922203327068,0.55144163911623056,0.075287151847288,-0.538755971776818,0.8307825794634851,-0.13979380721196077,-0.13963538039941095,0.075580581559043652,0.9873143046831182,-3.4126849497320135,10.992796849937102,-0.82708857422732884,0.2928739646467067,0.234799197486033,0.8803418803418803,True,6
0.90534017670029765,-0.42370048161890872,-0.028932098578908296,0.42457566509432754,0.90143896614982022,0.084518015336693092,-0.0097298027721153917,-0.088801419935994816,0.9960018266827465,-9.2565989484763538,-6.7212518114632429,-3.794638153644633,,0.3461896702110127,0.2635135135135135,False,5
0.024611286982126161,-0.99964885578611995,0.0098208797255679835,0.98618122472682523,0.022667423520799659,-0.16411209555431219,0.16383185450144436,0.01372417707658077,0.98639280736134127,6.8142029185738746,14.466913916263678,-0.20580279939783874,0.1939200924664242,0.1798940876839312,0.4615384615384616,True,5
0.34769279452811708,-0.93729686145160729,0.024172590804378061,0.92717358672708572,0.33987328631132313,-0.15759216137731274,0.1394950203729875,0.077205846701585215,0.98720838556316581,-10.36450339932747,-3.1575206066785064,-3.3084923726505484,0.2045516818630548,0.220654445107355,0.9747899159663865,True,5
-0.45241318139604964,-0.87756521371132379,-0.15875014640278101,0.8742120321255239,-0.40121663931975082,-0.27345663498976835,0.17628283009433326,-0.26249667429657897,0.94869376502492586,21.453706660901453,7.6252906491879573,-1.3564559136262904,,0.293891768993589,0.2608695652173913,False,4
0.80263161655282578,-0.59561501689281737,0.032019365414782959,0.59332080345522287,0.79172270650161325,-0.14541519933283484,0.061261017760442738,0.13571259212589012,0.98885245615381145,8.591443969811893,-10.042790466985734,-4.2907112823950362,,0.2830355880076482,0.9880952380952381,True,5
0.21244539412886088,-0.97676651067066833,-0.02818045680396741,0.96321008706223699,0.21418041635464671,-0.16233630965285595,0.16460037270611114,0.0073439010340227099,0.98633299874971836,17.599870789156466,4.9434645815906064,-1.8381439023012338,0.2850625024974787,0.2928534670813753,0.9534883720930233,True,6
0.21823705488143594,-0.97584611778419494,0.0098459271880326372,0.9637987603951107,0.21393722083507777,-0.15913143938961666,0.15318138704661616,0.044217869090200035,0.98720830766135514,-24.302325518790088,-0.46688830612024113,-2.9846331305808143,0.2441566987366283,0.2475486714490285,1.0,True,5
-0.6122192846812603,-0.79062919145871735,-0.0096451582517186815,0.77343873662526219,-0.59628475227932143,-0.21502793978156962,0.16425610537171526,-0.1391041904923177,0.97656026748767177,-0.47096845206750848,21.576911512998649,0.84501268506102001,,0.1476045849350763,0.2,False,2
0.97958588856971074,-0.19387670374240937,0.053134834723256544,0.1995912732296127,0.96952805647287188,-0.14205165033366379,-0.023975207312386122,0.14975704143015578,0.98843210084275113,22.947223889648555,3.6202366117006983,-2.2211061135918451,0.3736705437242593,0.276414399076214,1.0,True,5
0.88329032472899582,-0.46727550937356421,0.038102500965431114,0.46775639348263831,0.87287127700999068,-0.13892332463291773,0.031656888606745419,0.14053231696170046,0.98956986074410924,17.093793354794652,12.894268111774055,-0.46542849214141196,0.1987959537519188,0.2338622293914811,0.7857142857142857,True,2
0.98677821619050832,-0.16042589508483221,-0.023071286009016763,0.16197223190214471,0.97099968365820255,0.175853946297232,-0.0058093153225902729,-0.17726575112497722,0.98414587604357806,-3.1115075117032638,-11.980949121353639,-4.5052753086296828,,0.3348753947939366,0.3050847457627119,False,3
-0.050341819383051406,-0.96344705063115843,-0.26312636099662667,0.98868341251650316,-0.010795640657075188,-0.14962808545699646,0.14131811998440669,-0.26768121856590205,0.95308758998905618,6.5703000674112859,7.9771678804520745,-1.3104369459294336,,0.4173377038791324,0.3076923076923077,False,6
0.37352543745363381,-0.92757830453435031,0.0087884317287483058,0.917490609834552,0.36803379162340077,-0.15087116718818344,0.13671038161197913,0.064417522309405215,0.98851436731037146,-22.803540794374214,-4.7089439220701417,-3.5344613675181966,0.3020178081938697,0.289505993141063,0.9285714285714286,True,4
-0.83241499814230735,0.51497514797291333,0.20466037192876077,-0.55191786094315609,-0.73730942694840096,-0.38956576300408152,-0.049718664902366608,-0.4372360985821015,0.89797140737165437,20.605644234525204,8.6610837390353215,-1.2027234876943915,,0.2436764381778642,0.3928571428571428,False,1
-0.29260342765847042,-0.95245863578399825,-0.084886873207810853,0.9392103351941743,-0.26958361908885797,-0.21262318449171999,0.17963067774453439,-0.14194090122103004,0.97344008555925055,-5.7036125191995479,-8.2617923975790255,-3.9569639979893472,,0.786905533124219,0.396078431372549,False,2
0.80248960829049532,-0.59548984530426552,0.037446932120923385,0.59372740173581684,0.79074175880114894,-0.14904778869913307,0.059145591668383402,0.14184257128086519,0.98812068289183652,9.0506019931652304,11.831250551682935,-0.65825732906813061,0.3333681638256425,0.2574814802153173,0.8769230769230769,True,4
-0.11647603104834912,-0.99291946968859224,0.023329400004062775,0.97812748984293585,-0.11875333358332066,-0.17077546479634212,0.172336727962388,0.0029278791256006891,0.98503374547222733,8.6171545777675167,-23.70293945336584,-6.5415042164431192,,0.1980060210515646,0.9583333333333334,True,4
-0.40869002489952444,0.87207691128230636,0.26917340945185925,-0.8984287300764483,-0.33251278701418352,-0.28681189557840991,-0.16061843144809554,-0.3590502851696018,0.91939361113659113,-7.0590392175211338,-7.0434117657180355,-3.8433626219973815,,0.5253387030996867,0.2024539877300613,False,3
0.55502923401946924,0.81076849651326255,0.18600267322107025,-0.80089011716544989,0.58127210133049778,-0.14386717638689625,-0.2247611390131137,-0.069117214038547009,0.97195948532491661,4.9160491322747335,26.904795689511577,1.7850735641036324,,0.223161153659466,0.2857142857142857,False,3
0.83992793606915594,-0.54091642132384699,0.043937311624750293,0.54063501363183264,0.8269359245483241,-0.15456635703385405,0.047274139293235651,0.15357865031836623,0.9870049411834132,-11.912963361920292,12.691586344873198,-0.78932320663195032,0.3230653763298597,0.3043890248845319,0.7575757575757576,True,4
0.074835219499841316,-0.99360216563255066,-0.084583842267400733,0.98051403572523665,0.088768194492277991,-0.17524963164694865,0.18163676849201171,-0.069820799887190171,0.98088385664914124,-18.651820765496218,-12.184349019851201,-4.7020785383065746,,0.2768280663522594,0.36,False,2
0.40991703089228754,0.90684660030592013,0.097965663872835687,-0.89473874240305251,0.42064764890885004,-0.14999379423982981,-0.17723038855527842,-0.026168664105201446,0.98382142200274025,-20.900946244891731,6.609698296809718,-2.1092477299891335,0.2440388448307248,0.187597202772126,0.1428571428571428,True,3
0.56659994210064835,0.81958360379798345,0.085130617271635539,-0.80616473953998624,0.57274940259704332,-0.14851442538404938,-0.17047849815729288,0.015518962924047155,0.98523918083671147,-25.378482958145408,11.632336417949924,-1.3962602108350526,0.3607127761573156,0.3060730523074199,0.9433962264150944,True,3
-0.585425962189974,-0.78205719338375379,-0.2136890008181721,0.79326324308705498,-0.49814903171881258,-0.35011565141338286,0.1673614948575419,-0.37447842190750485,0.91200660171114667,-13.145417642651431,10.836805950840578,-1.0795754386504022,,0.2283345538456449,0.12,False,2
-0.79118427676887038,-0.61079525661272271,0.030928865047352046,0.59453791609638429,-0.78001059220975955,-0.19521306914330402,0.14336005900350238,-0.13606112795349753,0.98027305529762154,-6.9803835276265858,16.610477406044499,-0.045057303226398532,,0.293064492802344,0.75,False,1
-0.9473338216522702,0.31131525852834385,0.075109521108418759,-0.32023692118712549,-0.91894918864502484,-0.23017537443706315,-0.0026352727176348553,-0.24210575890730465,0.9702462866930347,-14.662360587909031,12.826201900214905,-0.93660298800641206,,0.09816119952726629,0.35,False,2
-0.56680781683130266,-0.79130906470625395,-0.22925719812613479,0.80663289393754056,-0.47644880509023635,-0.34977122601213817,0.16754782361129239,-0.38317946218684429,0.90835082790809396,-3.1134363429561933,14.812535145046288,-0.27536417256959006,,0.3729072809486217,0.1785714285714286,False,1
-0.31520161011386422,-0.94864510927243595,-0.026840298715079109,0.93079450961705057,-0.30350631506221365,-0.20372898071729939,0.18512030101634183,-0.089198505429426395,0.97865933847318631,-14.055733246406817,-6.1890273367470572,-3.8092600554486697,,0.2076908597872116,0.3,False,3
-0.32700524016554061,-0.94499910859548975,0.0066526429340340787,0.92914674835728017,-0.32278873054739249,-0.18026024367202276,0.17249316775272916,-0.052764762724128875,0.98359645530740725,-17.404266149433269,-4.1725212813690407,-3.5629711309421883,0.2064542316440941,0.1874027627911372,0.5714285714285714,True,3
0.92316552759542003,-0.38362073630042937,0.024505904182171578,0.38325687207217729,0.91362306001799576,-0.13567267305100161,0.029657691564249272,0.13464039098156844,0.99045059768138355,-21.744943065367423,9.504663098837824,-1.6878830364440014,0.3362296938314677,0.277620226003089,0.627906976744186,True,2
0.15061169238419433,0.97541036815974524,0.16090597193280209,-0.97184552357497467,0.17591829118644753,-0.15674512156148318,-0.18119712035364335,-0.13276810050803298,0.97444355150159234,-28.081433188979425,5.4324847720368687,-2.1025841278971087,,0.2443475576542635,0.7857142857142857,False,2
0.72396945425762937,0.68245726451763622,0.10059975849382215,-0.67217810523477473,0.73068116414235174,-0.11950577898397344,-0.1550639356681571,0.018897578540206829,0.98772367460763977,27.529544267613467,3.6054658076034958,-2.3027813943323894,,0.1894017354318731,0.8,True,2
0.97937602294561599,-0.19794308987654077,0.040510971962619109,0.20125804483587942,0.97343667073798823,-0.10916156581590646,-0.017827088042290051,0.11506337919889643,0.9931981744341174,-33.922698911019125,0.12600592943737859,-2.7300034865731395,,0.1982868772020756,0.875,False,1
0.43613186336591941,-0.89987168414450958,0.0044665234685982479,0.89043230183738065,0.43082889417882952,-0.14668599041909691,0.13007426187203813,0.067951571104510722,0.98917302348116731,20.091679210046607,-7.03198543940732,-4.0541049452572056,,0.3260464734783282,0.9777777777777777,True,2
0.038356211934759118,0.97223295562671286,0.23085034329487639,-0.98502577132435731,0.075646856633089204,-0.15492508805351066,-0.16808637908192034,-0.22145119795313667,0.96057604388837958,2.0634023035158453,-7.2528212016234956,-3.8616096549474084,,0.4714049332558536,0.2119205298013245,False,2
-0.91907249784102574,-0.39408136268791338,-0.0023713486236154706,0.37495872099856681,-0.87259121383831817,-0.3130343928057886,0.12129180211117431,-0.28859045915311765,0.94973883021934824,17.431757595372314,6.6991913012549729,-1.5619132602685595,,0.273628567139771,0.3076923076923077,False,2
-0.9986312244249923,0.0042327234038817205,0.052132155681747346,-0.016998062922712567,-0.96888030959508287,-0.24694536143813495,0.049464567725951217,-0.24749349432161208,0.96762607799095735,-8.9266230980463366,-5.1065574614206941,-3.5573449348040258,,0.1781961689959777,0.3333333333333333,False,2
-0.35951939194386134,-0.88813566372368136,-0.2862880536075717,0.91270342738810173,-0.27083389507308403,-0.30597623259585616,0.19421189574876169,-0.37130047684003514,0.90797450154067338,-11.845473522813556,14.053770324381118,-0.54896946668219804,,0.4509413586220961,0.2222222222222222,False,2
0.34141869961410476,-0.93961814555570522,-0.023473646846440831,0.92940551697075513,0.34122081245129593,-0.14061913872016585,0.14013799120202003,0.026193466600189133,0.98978545439369214,22.955767889939473,8.530891789632534,-1.2268484943213955,,0.1616768903580465,0.2727272727272727,False,1
-0.89132749538688438,0.38525415432684906,0.23898646936855653,-0.45239057758020745,-0.72135373424046378,-0.52439637242641646,-0.029632098879253908,-0.57552413213630138,0.81724776661962661,-11.08844033340921,7.5095668891743248,-1.6148960303012792,,0.3821434146087416,0.3061224489795918,False,1
0.99843831508188685,0.016320100256172091,0.053428319307944366,-0.010389872498105527,0.99393841589571419,-0.10944622403807026,-0.054890632405869409,0.10872019009524794,0.99255576102289433,6.4699960993419428,22.599937843277125,0.97654915828424471,,0.2550951763121738,0.75,False,1
