axis_00,axis_01,axis_02,axis_10,axis_11,axis_12,axis_20,axis_21,axis_22,location_x,location_y,location_z,dbh,dbh_approximation,score,reconstructed,number_clusters
-0.62934956972150824,0.7770345203658805,-0.011682176643075698,-0.76340397535838478,-0.62098205085795621,-0.17775168893504881,-0.14537362036617277,-0.10294972885838143,0.98400602835024253,27.486721166094139,0.56604694149533219,-0.72378840783524301,,0.3098886148281622,0.98,False,3
-0.56255951241739122,0.82674553335057421,-0.0043148665774497283,-0.81244211547308709,-0.55377866690805422,-0.18239242605753422,-0.1531816046211876,-0.09910101494138418,0.98321634691621407,0.55403062033694628,10.68128186156534,0.70134660277974059,,0.1820067080096096,0.9148936170212766,False,1
-0.075308383589990494,0.99488436889028597,0.067333052053509951,-0.98400063962375539,-0.063210879166563705,-0.16657468587702773,-0.16146636981459395,-0.078800236628882761,0.98372716447505359,21.894632645734639,8.6728185579306771,0.98286571436316383,0.3863261880386447,0.2869204393973079,0.9375,True,3
-0.7735184920232181,0.63370106761240108,-0.0095968434931148899,-0.62055228724217215,-0.7603717706592088,-0.19170192795871874,-0.12877888529039461,-0.14232964305261403,0.98140627235201638,12.563025727258278,-2.4700650965596971,-1.8741664606444988,0.2173964051376102,0.1753958336824903,0.875,True,5
-0.98465473803649273,0.17337446896428646,-0.01990829911464646,-0.1636984342723162,-0.95713770349162375,-0.23893563813624219,-0.060480323073530885,-0.23201015078253118,0.97083130380864269,12.225199117430195,-17.355314285263052,-5.6109147779512858,0.3371055655229435,0.301809562450838,1.0,True,3
-0.76376043238134295,0.64548267480812338,0.0047030257511511816,-0.63199109133114928,-0.74627420468798411,-0.20895471254647835,-0.13136689996619585,-0.16256361197964597,0.97791400933487194,-1.9084504729295606,-7.5591363722632652,-4.0172568326717251,0.2359888756610907,0.2349690726736587,0.8193979933110368,True,5
0.77960260779418855,0.62615620854969767,-0.012172773520034427,-0.62164257851082505,0.77133088259661464,-0.13641544683481274,-0.076028142834842313,0.11391695241445193,0.99057692757790872,-3.9879514636978151,1.4132694954136751,-1.9240556812194947,0.3422552395965683,0.3112578669385352,0.9788867562380038,True,5
-0.29807016684556908,0.9451920965611289,0.13328944532495304,-0.9426490956646606,-0.26949642334521523,-0.19693745262579038,-0.15022269495403626,-0.18434635445952191,0.97131331892352457,11.410401867802307,8.9778488507309717,0.73970189529286656,0.406958723819271,0.2797360493543447,1.0,True,5
-0.99540983146741102,0.084135847531753225,-0.0456116934363925,-0.072235695486560239,-0.97313412923433318,-0.21861374800526739,-0.06277954854564341,-0.21431548166068454,0.97474489103813977,18.458257610665992,-12.659703907762882,-4.1581877362839501,0.2878613677666487,0.3123825045680511,1.0,True,5
-0.60200185007907325,0.79728307046670233,0.043971332121755351,-0.78426827563966894,-0.58003047423629928,-0.22019972929682602,-0.15005680366632645,-0.16704596524430856,0.9744632374641149,20.145298947396775,-11.573483609676391,-3.8316289651227211,,0.1927787556654845,0.1666666666666667,False,2
0.61204389139939142,-0.78836905062719675,-0.062261665684942145,0.78020808661725416,0.61481041423581717,-0.11525405035931202,0.12914184673348114,0.02196348242780289,0.99138286693986699,-19.390530166475124,6.9846851016617038,-0.94836767963105884,0.3411820791768326,0.2472709649460116,0.9,True,4
-0.99784732722483149,-0.046019557347156258,-0.046721642649118517,0.054735701360973672,-0.97684184025089282,-0.20684298908053766,-0.036120832587060489,-0.20895506568834582,0.97725793216345713,2.9454484954217821,-6.6857314610938721,-3.6433710246099116,,0.09867196611864645,0.2704918032786885,False,5
0.87707450654375563,-0.45414691517342282,-0.15649565300510243,0.46756673788040565,0.88182000465378685,0.061439604655895819,0.11009839053730698,-0.12705927290387278,0.98576583708821786,13.162399364958004,-4.1124483342130986,-2.3622981412719231,,0.2401667887800051,0.2857142857142857,False,5
0.091830536863081916,0.9455604645686746,0.31222197287204384,-0.97932162386648913,0.14252107355373139,-0.14358586497491793,-0.18026732795196601,-0.29258016241325208,0.93909559632408768,-7.9785933083074889,5.0990589574164771,-0.94909819163424092,,0.5459926728980319,0.6178861788617886,False,5
0.62612921558645507,0.77967443866667785,-0.0083651108117217179,-0.77254406010474719,0.61887955191159238,-0.14199920923223563,-0.10553615771840628,0.095372270160190176,0.9898314247883464,17.618284258201744,9.199994115254384,0.96402749704988655,0.2593519971800551,0.2389680505337291,1.0,True,3
-0.76739928793751,-0.59543917011816372,-0.23780354825358507,0.63931946403620432,-0.68245477884401917,-0.35429662394301886,0.048671919804574949,-0.42391941394792626,0.90439116244055773,1.5515209236661285,-13.967727453664539,-5.4151643080461218,,0.1953045190784059,0.2432432432432433,False,4
-0.93099366907900882,0.3644900191154441,-0.019945277637292744,-0.35378604019631971,-0.91441530507404267,-0.19667253903011866,-0.089923444646062375,-0.17604452792282069,0.98026634048681771,13.635671601568831,3.1758340920512023,-0.39434898979120714,0.2617705184983017,0.2503313300782719,0.9784172661870504,True,5
-0.60102382156765644,0.79922814435462552,-0.0021769657034397955,-0.78478336831924256,-0.59067246300906484,-0.18767287031510704,-0.15127931358158617,-0.11108741924389577,0.982229176194648,5.4866668519330659,10.312844733845605,0.85300748751516986,0.2570065371813399,0.2374428492947262,0.987012987012987,True,4
-0.76103475348063399,0.64863279611890268,-0.010079672298602481,-0.63510773982710544,-0.74815135639547292,-0.19211378590648268,-0.13215242262773125,-0.13980358980580787,0.98132089220144125,2.5381019090332866,-16.82396250707863,-6.1168543308401926,0.3245010060304285,0.3083060236814885,1.0,True,4
-0.74903181532366625,0.64573609017424094,0.14824385815075189,-0.65652863656543414,-0.69336525881138833,-0.2970097090045215,-0.089002747162473847,-0.31979605957532303,0.94329687335304513,2.6196085753774709,-6.5061022606549415,-3.5603156455974081,,0.5481266877808617,0.3554119547657512,False,4
-0.55988225709095862,0.82856267610572687,-0.003968621832667758,-0.81451880196790649,-0.55125821988317614,-0.18075811531435773,-0.15195716315955768,-0.097970744489102146,0.98351957468509543,-14.708440290836927,2.0238650400374714,-1.9497551167803691,0.2620273320875662,0.2808424151684585,0.9368421052631579,True,5
-0.84058342815520248,0.54156923701891835,-0.011057206952748,-0.53019783875128268,-0.82677170059997729,-0.187986187977978,-0.11094932218953776,-0.15215556710738429,0.98210942939364632,-21.425629311835806,1.0420218157325629,-2.2801442942896712,,0.3580011902465338,1.0,True,5
0.020360499856636884,0.99807171287305474,0.058637070256244941,-0.9866392746463204,0.029540238050614953,-0.16021958700888181,-0.16164279065572809,-0.054591485586682059,0.98533820484667511,-21.524861500554717,6.9524322238007095,-0.91650456632469646,,0.1187117889305702,0.3181818181818182,False,1
-0.98816719098897077,-0.11484688636530568,-0.10166511370752218,0.14956610528185676,-0.86841290844553154,-0.47274623276763472,-0.033993864207904054,-0.48235797198488251,0.87531434585458912,-0.33289901908857272,-12.00948339845376,-5.0492486319914569,,0.3519659720160951,0.2608695652173913,False,2
-0.149860809339881,-0.95572652016131399,-0.25323616740967592,0.97578251668032567,-0.10168972064008125,-0.19366899818285815,0.15934308257657612,-0.27612681756122093,0.94782053293780599,1.0729196379274744,-17.594959957449568,-6.4177009322093941,,0.3551761505407384,0.2264150943396226,False,2
0.080257961984301338,-0.96891928645015213,-0.23399588860288739,0.98315689181364962,0.11562025902621734,-0.14154321524550001,0.1641986163688659,-0.21869470054767856,0.96187912043817181,-5.2733179280012266,-8.574526522098715,-4.559876060971213,,0.2990748540823993,0.3492063492063492,False,8
0.96424727161416501,-0.25124023900751025,-0.084294374000217234,0.24694762336380588,0.96728250820968509,-0.058149983891218421,0.096146089362007928,0.035254667989221583,0.99474269933755366,9.724806756164174,-11.954050446195529,-4.4707366979663812,,0.1444411058204217,0.3636363636363636,False,2
-0.72731062369204014,0.68598201563147065,-0.021164377970556127,-0.67262340886696681,-0.71859657706802138,-0.17662590203677575,-0.13637084185732956,-0.11422623891343218,0.98405048642578019,-2.053949229975883,6.5725824896247982,-0.42040132652174633,,0.2938114851032281,0.9722222222222222,False,5
-0.89479428019444374,-0.3974994704280943,-0.20331592938255796,0.44448672189082727,-0.75011288474528093,-0.48965519930034468,0.042127784110431617,-0.52851190256085856,0.84787995533415417,-2.4342691052547307,-9.8775176253215946,-4.6847912901161397,,0.3646010129124405,0.225,False,1
-0.95214634948758881,-0.30055970978674734,-0.055508467915859998,0.30516580691396267,-0.92471301908485637,-0.22755145050190531,0.01706339497315628,-0.23360156931809598,0.97218267180819151,18.166598723261579,13.931247755895161,1.9677971023694241,0.2031434911286857,0.2087225683448228,0.7142857142857143,True,2
-0.13937515791260638,0.99019076691798003,-0.0098392310278183522,-0.97628568107721236,-0.13906655283885519,-0.16591191278844691,-0.16565275210644506,-0.013518098679202693,0.98609149003916441,-9.1814305371158635,-1.1648650186227889,-2.6662612317035643,0.3836550008768713,0.3331746212215045,1.0,True,5
-0.15301188754267694,-0.93607133089343586,-0.31679303298844869,0.97441628364820521,-0.089510385384249658,-0.20615721444951945,0.1646215916332037,-0.34023279440370846,0.92581930050112671,-14.122005648099085,2.3297416521905236,-1.8850754053589558,,0.4320075729476535,0.308641975308642,False,3
-0.3452728617676557,0.93842249690281332,0.012242068185641882,-0.92402304920582934,-0.337634549545059,-0.17939987594718576,-0.164219534353054,-0.073253861742529749,0.98370006418454159,9.1177908612382055,-5.9643569130548855,-3.0098260520567015,0.2698909533392123,0.2504233002777011,0.9721115537848606,True,5
-0.98786395226394141,-0.14823920373924926,-0.0463675564616116,0.15458954667347366,-0.96732517436533361,-0.20095790379671191,-0.015062664995189641,-0.20568700861705377,0.97850190117823088,13.444664480197284,6.2594213342687643,0.27825823442152159,0.2343446349553885,0.2110496862136532,0.992,True,5
0.34348928801748335,-0.92422319663501051,-0.16681304451092674,0.92998524529374704,0.35948884220232757,-0.076780309116061735,0.13092957096534927,-0.12876045640565265,0.98299450268708832,-10.309168323772333,-16.861946243886965,-6.3842789640556283,,0.2418071249818333,0.1875,False,3
-0.33740765962911362,-0.91911675404013249,-0.2034218859079206,0.93067139882911021,-0.29322594370143229,-0.21879052388499812,0.14144546166304445,-0.26314052972344493,0.95433235457663967,2.3117568786765643,1.1154473108714689,-1.5961533679491839,,0.5530293731198608,0.4571428571428571,False,1
-0.33820818845816242,0.9410704898434179,-0.001246758082909941,-0.92627581148457161,-0.33312459329307664,-0.1761849210401403,-0.16621775572557301,-0.058432341123657895,0.98435629687240889,22.684609728463116,-0.34134464765212513,-0.83887570592954952,0.2634271478813435,0.2476010835818956,0.9459459459459459,True,4
0.71183558964335503,0.70232796688597599,0.0050517568144086804,-0.70154784453480068,0.71135095778437396,-0.042549226641994273,-0.033477083888465743,0.026744004731310323,0.9990815998031688,2.8527209341130035,-4.3742246275759378,-2.9446542695900382,,0.2671495528433971,0.2074074074074074,False,6
0.27380029631064701,-0.95990971895606036,-0.060056050435396538,0.9477914578711254,0.27990310151367925,-0.15279269010508742,0.16347706299884435,-0.015085927771272514,0.98643178408674115,3.6812659646274648,-10.403125628281241,-4.4722023949915375,0.2138807712763295,0.2134156997489816,0.684931506849315,True,5
-0.82845585184660497,0.55934495837938381,-0.028180118464652827,-0.54722357683288869,-0.81915936534191425,-0.17182634003799385,-0.11919420497379847,-0.12692971168405875,0.9847241186202691,-0.59278060765887242,1.9706744002026426,-1.5527216696722614,,0.2769577590354159,0.9855555555555555,False,4
0.61002692409527592,0.78665243725964407,0.095105703468923469,-0.78498269908489871,0.61632559975851242,-0.062808576004376934,-0.10802459912559022,-0.036341409380649177,0.9934837633036504,-0.28005515618304133,-12.555744915023077,-5.1222117873275383,,0.2589775342415186,0.1851851851851852,False,1
-0.66786787496388844,0.74419453599331986,-0.011269169841123292,-0.73014372765000801,-0.65804488251683713,-0.18403007788607204,-0.14436979796540411,-0.11467966337189099,0.98285600992431177,16.379470602394502,-0.022999589441147106,-1.0359341402362248,0.269912360584676,0.2400899060243995,0.9830508474576272,True,5
-0.53063279939129226,0.8473988982081706,-0.018545606642495795,-0.83344100151538303,-0.52562547320363096,-0.17056951343218785,-0.15428846101765009,-0.075053109429500484,0.98517110268306562,-2.3340842342794295,-2.5034681875686542,-2.9345555563215457,0.3282500424914944,0.3060941724222028,0.9952153110047847,True,5
-0.94069540590528811,0.33806458884949891,-0.028363481357257414,-0.32782859929895253,-0.92734983951525873,-0.18041808288724653,-0.087295834897038571,-0.16042010134968077,0.983180974334118,-0.82361334138384368,-17.500860016515535,-6.429339954020409,0.2578588384686969,0.2832497959691405,0.8823529411764706,True,3
0.98611889951442122,-0.14683975786287043,-0.0775087190659281,0.15314391453390094,0.9847250419080178,0.082846443982141083,0.064159624856295339,-0.093566432816616738,0.99354358997895664,-15.581462474956055,1.5529256453826841,-2.0555331433394399,,0.2319670129632531,0.32,False,5
-0.42677343979282073,0.90427068805508704,-0.012607688598023838,-0.88991750262567815,-0.42239919007368232,-0.1721213605151172,-0.16096977855448907,-0.062237022337821114,0.98499506772503287,6.3004841107320964,4.9112690851638305,-0.34439688636997368,0.2041882321309154,0.2279925694540911,0.9540229885057471,True,5
-0.41542326578336108,0.90401346234077706,0.10091169482536309,-0.89514230679154683,-0.38656462586812668,-0.22200910030749499,-0.16169032388425439,-0.18255807277158545,0.96980863536479656,3.1388125862367469,-4.7866223907835375,-3.0675288353355552,,0.304789449415538,0.3846153846153846,False,1
-0.96154471072698211,-0.25371288027730876,-0.10517387343991962,0.27341547266501931,-0.84801681769623749,-0.45399499580029595,0.025995164556670333,-0.46529265122687963,0.88477511274556819,-3.8681234884815821,5.6099700767058938,-0.72233094973742473,,0.5268962456186904,0.3922651933701657,False,5
-0.78828723891284214,0.61511706061965943,-0.015304597407260796,-0.60221469135781081,-0.77637885460120137,-0.18593907507821852,-0.12625646312163355,-0.13735674669544742,0.98244207445388776,7.6565563601768121,-13.010742266469384,-4.8995364829554413,0.3158566025967437,0.2307872231075269,0.9306930693069307,True,5
0.97940456033612999,0.20059346371764331,-0.02299933708935567,-0.20190638471776662,0.9734299127272833,-0.10801859477864995,0.00072041862311491168,0.11043761732992732,0.99388279674994628,7.8117220087952051,16.30864005395193,2.1691479519028265,,0.2888008248196685,0.6666666666666666,False,1
-0.5720574786618855,-0.81759244413279319,-0.065519740567044266,0.81071151549817899,-0.55149947653755582,-0.196456524497021,0.12448726740375193,-0.16550203224059867,0.97832100947418044,16.93532751852873,4.2990465744354651,-0.036267306069170627,0.2932947745373862,0.2033222496047115,0.9827586206896551,True,2
0.63703208408187939,0.76811742405578287,0.064697347026019841,-0.7643516264895559,0.64030813906305895,-0.075974193857992839,-0.099783339957463871,-0.0010535233790996195,0.99500863069393619,-5.3017195290757053,-10.738943640972687,-5.0676769891924671,,0.4190187369501351,0.4117647058823529,False,2
-0.16467565119471189,0.94741084658409791,0.27439864736984559,-0.97434699742204733,-0.11298596269945602,-0.19463324702505858,-0.15339445400091206,-0.29941085485947311,0.94171295067768979,12.676764029148728,-4.0400993181620919,-2.3685784744449441,,0.5357064448721452,0.28125,False,2
-0.77045002466026813,0.63358790997580128,0.070520350491817457,-0.61266831435105762,-0.70532155073806746,-0.35659367164138167,-0.17619391615837937,-0.31794318737306554,0.93159424295764603,1.6937737443866225,-17.655706793730317,-6.4072509043205166,,0.3104975698544266,0.5892857142857143,False,4
-0.44634267921637377,0.8517974524742602,0.27426139478298711,-0.8853532511405251,-0.3757872875422823,-0.2737399043188915,-0.13010700751631779,-0.36500001983558045,0.92187154859837916,-1.6246913761449571,-13.504353463029926,-5.4423462597084358,,0.3055507781913439,0.3148148148148148,False,5
0.41850269332015738,0.88498100644123989,0.20411789221434021,-0.89837687841188263,0.43637011231295303,-0.050001094137051144,-0.13332096616322556,-0.16244920227022142,0.97766854130787728,19.968969202270301,11.244857219537781,1.4790552561476797,,0.2024560918229122,0.2727272727272727,False,1
-0.12276870955330228,0.99117976033297406,0.049905176694240605,-0.97473075070436555,-0.11097009964238402,-0.19387006116639449,-0.18662209833221544,-0.072445287573629266,0.97975704780443063,1.7591013184798592,3.9477023483546247,-0.93876941666412328,,0.3912924151482914,0.2095808383233533,False,5
-0.55279572227201479,0.83324060711315351,-0.011268544514016928,-0.81880440786058806,-0.54563168618147539,-0.17845280805532598,-0.154842601069061,-0.089421215002162907,0.98388394396986856,3.1248444192180722,6.5658323733962138,-0.16983533310606633,,0.2770632471397666,0.9764705882352941,False,5
-0.76692284899262886,-0.63017664067388801,-0.12127137024873666,0.63903103240203785,-0.73258342927074893,-0.23443732378846607,0.058895528864409859,-0.25729150920091726,0.96453739998659382,5.8958051399425102,-4.8887398266085658,-2.9919638675842606,,0.5008788461827594,0.3284313725490196,False,7
-0.7571260909328702,0.652851915886689,-0.023333631346000843,-0.63829482109759361,-0.74690321563828732,-0.18632044393779565,-0.13906762307849466,-0.12617433333394742,0.98221190881552212,-3.9020749486461415,-11.436192363021389,-5.1299726515880559,,0.1535288949708359,0.7333333333333333,False,6
0.30455803639329482,0.94878512946613791,0.083971308029499897,-0.93480984599700923,0.31464877713019385,-0.16470184843383426,-0.18268813397511252,-0.028335933977869574,0.98276249447681574,-9.0159748447277366,5.3638816907886433,-0.97708711463992715,,0.3259825550685432,0.4166666666666667,False,6
-0.41717347761279694,-0.90638966601611581,-0.066513629547939948,0.89942851386997513,-0.401254289071732,-0.1732724558006489,0.1303634842051031,-0.13210892793726797,0.98262535747108237,19.958810736752117,-8.0432951304799047,-3.0220964148341634,0.2463788792503384,0.1873205304495083,0.1,True,4
-0.8672155808820261,-0.49452802689573228,-0.058130602010156983,0.49550066669713816,-0.84555382346275221,-0.19879089750341128,0.049155117517313961,-0.201198315704019,0.97831641720852469,27.658146862953043,5.9138419341980821,0.52276241581377891,0.2740673568702406,0.2661514210563942,0.6521739130434783,True,2
-0.24123996416592045,0.97027665675499719,-0.019143903613762323,-0.95613884829444995,-0.24100943320449056,-0.16647208741592451,-0.16613784178022298,-0.021855490449720929,0.98586031214661107,0.55713806794210496,-2.0220067108227551,-2.5951962589002706,,0.2853962315566708,0.997134670487106,False,5
0.1310241372530993,0.98847813618440838,0.075786870515146515,-0.97864678257737847,0.141175415583008,-0.14939871815350475,-0.15837660940942749,-0.054593738838474633,0.98586833465306611,7.3613767434524702,-10.725492211351245,-4.339503900665723,,0.1360714354021875,0.2571428571428571,False,5
-0.99895903995790414,-0.029493319322903656,-0.034799146565691316,0.035534284727238387,-0.98148264486014447,-0.18822627990602062,-0.028603340631939998,-0.1892669066520962,0.98150898465120551,7.79928960251062,-0.43447464619434162,-1.5747768230361248,0.2947510114080789,0.2542689178261772,0.9815668202764977,True,5
0.45047437064410167,0.87395031444704596,0.18243817931209366,-0.88347795563205556,0.46580569481785294,-0.049917497808508154,-0.12860615578192916,-0.13869355627846669,0.98194936434717828,13.624742968858927,-5.1471634778962994,-2.5784511656912148,,0.2375567184721988,0.3333333333333333,False,3
-0.71028676602403218,0.70384127542794939,-0.01000844718629508,-0.69026654168229351,-0.69923295248493356,-0.18602521225138,-0.13793045872862883,-0.12522275018207299,0.98249399560086348,5.9822883686998196,-3.2634337294282432,-2.5498975632756422,0.3047995141008057,0.2472021673815369,0.9202898550724637,True,5
-0.17162869749951748,0.97407887021045458,0.14735652277433314,-0.9795811178322773,-0.15283846359660036,-0.13061867260042026,-0.10471114449324018,-0.16676557994668476,0.98042073497247106,13.556635065946503,-3.260122273793538,-2.0473747356894849,0.5569105811008965,0.2511217850176711,0.2307692307692308,True,4
-0.51944903874900494,0.85435783195507042,-0.015664964722786275,-0.8410140433890404,-0.51440845967500948,-0.16756883790610019,-0.15122193943059828,-0.073869016453554426,0.98573591465616817,-12.806702671589168,13.575069379391529,0.84697088376142804,,0.2672714879553486,0.6285714285714286,False,5
0.60644476387909729,0.79508914731519365,-0.0076155226494829722,-0.78867418025831137,0.60027903627145041,-0.1328838440401956,-0.10108306365314924,0.086592877505122789,0.99110235990430162,-1.7922141429647964,-12.290769108311526,-5.1593691681519127,,0.1934055815083141,0.8083333333333333,False,5
-0.58877291189813885,-0.74284177825209463,-0.31864172780452449,0.80059481651683762,-0.4816400492475657,-0.35646991840430764,0.11133013060873441,-0.46498274746926738,0.87829189144302922,14.033069181032044,-14.435714585826517,-4.8697445960146339,,0.1082187564317466,0.2857142857142857,False,1
-0.035870749709670927,0.99728884362168591,0.064251472379919031,-0.98641577710461881,-0.025020002549288805,-0.16235120619054783,-0.16030347467961614,-0.069202325540078047,0.9846389359280322,0.24753423237609393,5.9094222249361295,-0.4995224817888706,,0.1502812128803154,0.2727272727272727,False,4
0.9447777541274146,-0.28425612936122124,-0.16307497731576295,0.31458209892303884,0.92610737938050414,0.20823838477608309,0.091831902643554217,-0.24803946213768757,0.96438753977812919,-8.2686676010770359,-18.384754213160878,-6.6318475733334141,,0.1880489452673443,0.5333333333333333,False,4
0.59631650137163783,-0.79762434921509673,-0.090565046961196008,0.79214234977388476,0.60295978630453684,-0.094604406843951466,0.13006585980417007,-0.015326240203699815,0.99138689646102363,0.69156865197571504,-10.705670300153875,-4.7479074599610529,,0.2331752072915469,0.2258064516129032,False,2
0.56342940698326871,0.81706192358687035,0.12229929014923219,-0.81810850646886935,0.57241044472757219,-0.055179293308806762,-0.11509029059724613,-0.068964453099454384,0.99095818742212072,-1.0855821096349085,-11.928242928050707,-5.0140530405217474,,0.3507709382481657,0.2553191489361702,False,1
-0.33104949423997082,0.91338866974850841,0.23691215743078697,-0.93483836096991413,-0.28330531061582498,-0.21404518176299897,-0.12838797148698891,-0.29233412211358645,0.94765884675105228,-3.5415862919365577,-13.650848352176267,-5.6329716815351025,,0.2380361639256662,0.3333333333333333,False,2
0.59293152590013631,0.80401591914179349,0.044616223061952093,-0.79760824778045569,0.59401687286600358,-0.10471407652787779,-0.11069457378899858,0.026502009679872655,0.99350105929314458,3.7179151566962094,-15.238613728749925,-5.5350821199745965,,0.1913860804311046,0.5151515151515151,False,1
0.34573971290287486,-0.84399746936546571,-0.41003941594257409,0.92388656815509318,0.38257305389959728,-0.008453851935052159,0.16400506121593217,-0.37590707646255533,0.91202862332326651,-7.8039020281814029,-3.0847552880908751,-3.0713783305246132,,0.7677392701478666,0.3865030674846626,False,1
-0.13832312557165652,0.98532140356711484,0.100042214112946,-0.97620755511226365,-0.1186134560743381,-0.1815204048580753,-0.16698958732156408,-0.12277043500221799,0.97828518235509498,17.501944546152615,-3.5686896586159724,-1.8011463743205798,,0.1543656985576704,0.2307692307692308,False,2
0.43774093797506852,-0.88792481927568567,-0.14132369417386886,0.88318899017886021,0.45408973712804274,-0.11738704469331987,0.16840450958199879,-0.073430415695590015,0.98297909194612054,-6.0895325857309706,4.0123588304680018,-1.1493794905378569,,0.7518230241081338,0.3491271820448878,False,2
0.86558253915716266,0.50040394565562052,-0.019046235284846995,-0.49915759142482269,0.85913140302833657,-0.11284915264870729,-0.040106942406628134,0.10718732902189702,0.9934295695558607,6.7071057900680628,-10.083777705667737,-4.1922186342730745,0.1992896631291714,0.09745849005897259,0.2439024390243902,True,4
-0.33432930215248208,0.93290541702262009,0.13383348090850195,-0.9280261122380189,-0.30111948550622036,-0.21930478894191366,-0.16429075666823889,-0.19752098202044543,0.9664336546990987,15.411164939539805,-8.8658617864215064,-3.3367881861046365,,0.3980675144395797,0.2826086956521739,False,1
0.46618299111477174,0.82970094583204324,0.30703380804187941,-0.87516343388762008,0.48328992243007873,0.022799448755556867,-0.12946962107503679,-0.27933347698215688,0.95142547046825721,-6.5451834610032078,7.5489747677850003,-0.29294120581875871,,0.323122971373479,0.3695652173913043,False,2
-0.99491642204238062,0.096730834292577755,-0.028008192505960577,-0.088725122934310258,-0.97354425384366594,-0.21056931962722575,-0.047635760838687126,-0.20701384375215856,0.97717762089820581,-5.3024136677753537,10.657724337371734,0.50030977750701311,,0.2858597741509739,0.9701492537313433,False,4
-0.52297991448092462,0.85232677232092691,-0.0055751443493051566,-0.83798062469782542,-0.51535103817435524,-0.1794485443899064,-0.15582195506592383,-0.089176121454148355,0.98375156298825139,-14.528534525889601,-12.908880537989244,-5.6072385401979075,0.2740545894581926,0.2684901504313411,0.86,True,2
-0.79502092643594513,0.60657364207588937,-0.0031848497173168873,-0.59356238984681775,-0.77902795244262424,-0.20198796665243726,-0.12500166354199102,-0.15869425336741994,0.97938282507908569,1.8501935433279046,6.1181624617788071,-0.39414761370019885,,0.07219536306322032,0.2615384615384616,False,3
-0.76741949705967227,0.64104764745841158,-0.011190586254352018,-0.62792813816536697,-0.75501044930457561,-0.18885305065335517,-0.12951281339255746,-0.13790262915890844,0.98194159502396317,0.06164932669213314,14.637299117732484,1.6899726394300802,,0.16532692771945,0.6842105263157895,False,2
-0.99583304833265229,-0.033428942555882288,-0.08484718998348427,0.0556757673356994,-0.95973687886543579,-0.27532768163991983,-0.072227064041666733,-0.27890433690645167,0.95759888370585178,-1.1359396275261275,-0.95280871175105397,-2.4610571522615157,,0.1794457791372693,0.1654135338345865,False,2
0.63677946063087487,-0.72074355854156236,-0.27393546929797052,0.75540428511818725,0.65435983734031733,0.034315729644515819,0.15451952803362481,-0.228783579167738,0.9611356768737005,-1.6942394939843994,-11.313327202281675,-4.9444502957088918,,0.440116946174445,0.2857142857142857,False,3
0.33645362584200822,0.93879909475301149,0.07385944319241293,-0.93100339617693917,0.34339518183580892,-0.12374338527354797,-0.14153315500183011,-0.027129481802624363,0.98956169956822282,-14.046163304008877,-2.4615384269967455,-2.9749122245201334,,0.3152070422406772,0.25,False,1
-0.52296227128866479,0.8491861492390117,0.073439408693288383,-0.83795707912239803,-0.49644596708499367,-0.2266480428190461,-0.15600768044317478,-0.1800674476568829,0.97120405576638502,15.648076981659555,-19.536134110904069,-5.944372607611645,,0.1454486182009012,0.3076923076923077,False,1
0.57513401338750514,0.8134081297127409,0.087109592824225923,-0.81157738975893368,0.58071094700236192,-0.064163357640448532,-0.10277649087635329,-0.033793646575079779,0.99413026428848938,-9.3575412962932241,-17.538428786621811,-6.4912735732025313,,0.1826767974134604,0.2413793103448276,False,2
0.8106049321656561,0.57769368373387242,0.0958626711640201,-0.58167622017042697,0.81322353995951746,0.017895500662348657,-0.067619663094085472,-0.070267217318601277,0.99523369081504798,-14.884435081085666,1.0401162808811144,-2.1521556068669905,,0.10796268536665,0.2352941176470588,False,1
-0.77841668984702916,0.62107000980909566,0.091320862256792978,-0.58373067351065322,-0.66262040735149819,-0.46924694624913038,-0.23092413856154934,-0.41857644305080616,0.87833239923877426,-8.6977877524534595,-3.7410809431638716,-3.1950691314300053,,0.3787072843535694,0.2875816993464052,False,2
0.60755917736060816,0.79425114710213307,-0.0060795831968017255,-0.78651157517699821,0.60053604616220346,-0.14406942552972352,-0.11077629763400677,0.09231236421419034,0.98954890697513698,-2.8193994085774521,24.127881096779689,3.4479367394572571,,0.1889622397801766,0.7254901960784313,False,2
-0.94164921872242102,0.33514317910567254,0.031237771661844469,-0.3253776869137876,-0.88257747595141978,-0.33939116046511081,-0.086174878810983208,-0.32975149498093936,0.94012650309399748,-12.804722021459311,22.63635410475495,2.8330026663834023,,0.5156553791023066,0.4418604651162791,False,1
0.696626276516082,-0.63954357683159146,-0.32510897280880319,0.70365623277289757,0.69745173664623661,0.13575338349007537,0.13992761324054021,-0.32333432911245941,0.93588203031696382,-9.5336671470397114,-3.3295060796902782,-3.142567530691136,,0.2261318347350041,0.25,False,1
-0.11119326846203649,-0.95454461547188318,-0.27655132276372119,0.98232290043310633,-0.063400328286907351,-0.17613096734476147,0.15059142184539781,-0.29124727543231499,0.94472072498693183,-19.349786707550649,8.5328525173468499,-0.6142565571470926,,0.3597811065867262,0.3333333333333333,False,2
-0.37541873214961796,0.92685409593860824,0.0015034603419754222,-0.91238466266220508,-0.36927145416037999,-0.17661489314622841,-0.1631410521295876,-0.067676273420636521,0.984278882799965,-7.447226488594751,14.206301673570497,1.2103330708391793,0.2704425165534237,0.2325222730850206,0.9230769230769231,True,1
-0.34178181359960452,0.92954761504748118,0.13829831254250874,-0.92533997521016109,-0.30716895000664002,-0.22224573433449107,-0.16410704485372973,-0.20393250724531031,0.96513232787945591,-5.4541369486176885,-13.461197199213981,-5.7270270470103561,,0.1303103347404256,0.1904761904761905,False,1
-0.35127726137547238,-0.93504290542796686,-0.047948416547122799,0.92572434102196888,-0.33919908541280375,-0.16726752492507665,0.14013825344991226,-0.10314429438386653,0.98474490323944497,-14.751332860364423,10.022175021490233,-0.07788674802912976,0.2278292192536064,0.2726417682770355,0.9032258064516129,True,2
0.92711011021789469,-0.33664208655239281,-0.16473903330241879,0.36334270507679539,0.91511488705448885,0.17477649200830161,0.091918018904026316,-0.22189377876115049,0.97072871016976581,-17.533719292334833,-2.7422341689331722,-3.1071897298180025,,0.4112695946473398,0.2307692307692308,False,1
-0.96053882488054509,-0.24570855863802643,-0.13035516909246683,0.27786794522024871,-0.82672450086561244,-0.48919935066144715,0.012432655234460497,-0.50611649240123369,0.86237551287318748,-13.311209966007766,12.731845905724105,0.61918818966653266,,0.4037210353832718,0.180327868852459,False,1
0.1872544861865407,0.96945349198558295,0.15841617430039867,-0.97029627350748948,0.20768925837694319,-0.12405770259163502,-0.15316951074053178,-0.13048026223071033,0.97954785597627214,-21.125209916155857,-1.381351712407084,-2.887080081927611,,0.1850262947144092,0.1739130434782609,False,1
0.90166239928146885,0.43177299094692922,-0.024020866152748743,-0.43062290234377643,0.89139830230910577,-0.14132580308445714,-0.039608505387198324,0.13777209778902008,0.98967167049067584,-0.28718124709727672,21.551059723407516,2.9949086321344693,,0.3088813501192615,0.9649122807017544,False,1
-0.79341014572358992,0.60844246892681919,-0.017265649976446036,-0.59560838861778187,-0.78189812230708633,-0.18408143236291397,-0.12550294048747118,-0.135768510115157,0.98275934164479406,5.2600813203310111,18.864412758750333,2.6741226851831685,,0.2806915903386032,0.8701298701298701,False,1
-0.95937686761466268,0.26251859464484234,0.10334415005976548,-0.27116857028710267,-0.75691746206333776,-0.59459529270928835,-0.077869328842150642,-0.59846465483710287,0.79735589578078636,-7.8830473336986389,-4.677468310796228,-3.5538151412728247,,0.4195890164662128,0.2571428571428571,False,1
