axis_00,axis_01,axis_02,axis_10,axis_11,axis_12,axis_20,axis_21,axis_22,location_x,location_y,location_z,dbh,dbh_approximation,score,reconstructed,number_clusters
0.24830799246847016,0.96831113012162096,0.026771181499283481,-0.96439826261330996,0.24971167283957907,-0.087063606151414522,-0.090989735381017955,-0.0041994916654912746,0.99584297573716118,-4.7754267062340414,11.747186345401447,-0.93673046328379728,0.2649362784831455,0.2528256142199029,0.9772727272727273,True,5
0.3642987963840989,0.93061408539146051,0.035267705115486131,-0.92737772484435554,0.3659753583222124,-0.077669766083308833,-0.085187689343029269,-0.0044114818308972382,0.99635515576146438,6.7085808506594988,11.216177719713521,-1.488179150239652,0.2965685771072962,0.2527653119739602,0.9272727272727272,True,5
0.5749678480901893,0.81776879656077561,0.025810250562091387,-0.81451330551440326,0.57509064105883845,-0.07641223531958119,-0.077330775261455084,0.022911786007976727,0.99674219397966057,-22.010619472042894,-6.7753355925812722,-1.4877963037114772,0.3017170913617158,0.2816835606468776,0.925,True,5
0.064929548125635256,-0.9680502887566983,-0.24220403014457292,0.99364609582744678,0.085080809551492109,-0.073679658610328894,0.091932529754558151,-0.23588110200720849,0.96742364850606755,22.086053270780383,5.2281414899832459,-2.6567433643842353,,0.4041768667595059,0.2916666666666667,False,1
0.25782102123101425,-0.91966564795223804,-0.29621515320453584,0.96228502517779091,0.27195832230702432,-0.0067971498826484011,0.086809281358478055,-0.28329095803526533,0.95509705358433905,-0.98998027692693968,16.930723714760497,-0.82288305075441437,,0.322157350292009,0.4054054054054054,False,3
-0.020698997655730314,-0.99659424664430818,-0.079821419753790229,0.99651602253741123,-0.014113737201243454,-0.082198657217934623,0.080792130323846162,-0.081244753539394435,0.99341427496289636,21.305537462802263,3.775369384305137,-2.6780527894607071,,0.1882910377108168,0.3,False,5
0.1634274006650985,0.98613071016604459,0.028943171548129462,-0.98256514151594621,0.16533229519510068,-0.085035138873712071,-0.088641002868879576,-0.014541479736781665,0.99595748803724871,-2.9233150445345477,16.317298574459052,-0.74514494178559398,0.2881016439820307,0.236437676162213,0.9285714285714286,True,5
0.35664591751272778,0.93404521118314998,0.019058672234156727,-0.93027844433683538,0.35693643065127523,-0.084725441728948109,-0.085940127552513457,0.01248711094497492,0.99622204680307369,-6.6569987186779374,0.84133313443150903,-1.5970254083147764,0.1555939561597319,0.1251731905925501,0.8037974683544303,True,5
-0.68392099317847499,-0.72898124578618384,-0.028955455130106198,0.72539503157817586,-0.67525151436957032,-0.13355688115293513,0.077808246680319604,-0.11234649809239881,0.99061806015987264,24.415396375842139,-2.2314727854734415,-3.1647190379864272,0.4024230950197795,0.1697430359669801,0.5217391304347826,True,4
0.098562844887106593,0.99479196399896408,0.025967556119995103,-0.99092053294833038,0.10051026610821648,-0.089298285472085362,-0.091443222762316659,-0.016930291490121485,0.99566636090655514,2.2973928888350885,6.7736325011447986,-1.6024202971749273,0.2277114213402793,0.1881618570693754,0.8866666666666667,True,5
0.93860561392325892,0.34475422355391822,0.012807296884092392,-0.34403494219138231,0.93811983872983351,-0.039637441048628264,-0.025679954499853892,0.032797767046648101,0.99913204653521093,-19.564953703659679,-2.8193931132522465,-1.2973128585259726,0.305934651514253,0.2209942932858693,0.9692307692307692,True,3
0.15231247588981728,0.98756486440443503,0.038942884872100084,-0.98410035140538377,0.15518498315385273,-0.08639513509068121,-0.091364150803870808,-0.025164649756876236,0.99549953910109856,6.1273553476388809,20.107683219218291,-1.0654849788333554,,0.2728052729273387,0.9574468085106383,False,4
0.47051182981363759,0.88163216747999995,0.036651593006854832,-0.87869608547500733,0.47193438863668208,-0.071910515176994289,-0.080695770498347419,0.0016291367772224667,0.9967374471429471,-22.295982430308165,-13.948604451078703,-2.182063773059999,,0.2216838352504904,0.8775510204081632,True,1
-0.50715226679245429,0.84183406992840715,0.18469427981139291,-0.856632058232357,-0.46880738878330358,-0.21540925938960165,-0.094752810490620398,-0.26746033524609664,0.95889878192339695,-7.3711110013047048,2.8566166781087592,-1.4208530601639633,,0.2751094014809925,0.1149425287356322,False,4
0.8365396624901984,0.54776615429547482,0.01239488963768157,-0.54564267101187947,0.83492453431832003,-0.071938150965658129,-0.049754081760254115,0.053415935840178591,0.99733207566312188,-5.8298181500827111,-3.9281072939186843,-1.8639390158331233,0.2468201431868504,0.2056111132728698,0.9858657243816255,True,5
0.89676822177051785,0.40843242959606607,0.17026363932677244,-0.44071424210522303,0.85892342409375799,0.26080933332354733,-0.039720438418549373,-0.30892313282968742,0.95025722032222903,22.982338520394343,4.3323228935955758,-2.7464431082700429,,0.4425821836289518,0.2,False,1
0.71971434125301303,0.6924559348721625,0.050160195923274468,-0.69120019346405714,0.72144615870803164,-0.041925322189298467,-0.065219318840295915,-0.0044964814850710372,0.99786082301304058,-10.164372559553687,-1.4802444748547483,-1.5624740144493681,,0.2781391374529832,0.9283018867924528,False,5
0.99398964334864159,-0.10768826337495196,-0.019693319855402597,0.10889972792310115,0.99104787426107543,0.07723315467387494,0.01119991847804154,-0.078913553043131426,0.9968185456602392,23.088109892828466,-11.853435881097408,-3.6483334287300795,,0.2926873111634236,0.3870967741935484,False,1
0.61927531783382905,0.78497272806907359,0.017773488954224512,-0.78179506878985106,0.61855014387946983,-0.078690469070653385,-0.072763666329301591,0.034835839224618373,0.99674064488603786,-11.30770582704295,2.0095281306622641,-1.3548068039292838,0.2247154097290444,0.2125395185786274,0.9625668449197861,True,5
0.71279887462136393,0.70106665235708765,0.020574578764679351,-0.69838671545592401,0.71216514941371256,-0.071251636017928888,-0.064604643898127145,0.036419073483157142,0.99724615370199599,-14.791737068220945,8.5498492900657457,-0.88768120044375787,0.2789795016004905,0.2253638140338761,0.9642857142857143,True,5
-0.20705786877625712,0.97819285017092539,0.016302970659125109,-0.97423572394095315,-0.20464026546611119,-0.094800400564573367,-0.089396829782035989,-0.03551210532251696,0.99536279677335804,1.8985939357355841,13.849807098209766,-1.0850335297244662,0.3035903788935059,0.2638035709700375,1.0,True,5
0.74831589872031967,0.66291915638998644,0.023696156093092266,-0.66064930323028126,0.74801774322795711,-0.063339987034239903,-0.059714435974423288,0.031743470310323277,0.99771064854942459,-9.8211053800117565,-1.3105078331190148,-1.5750130286025934,,0.1691192351600911,0.6424242424242425,False,5
0.98674304383947575,-0.16158115364931647,-0.015155732241075456,0.16107665858079728,0.98648344901629703,-0.030078478641003589,0.019810994292373287,0.027238494860546796,0.99943263349906719,-12.84792842512489,-2.1760907520677706,-1.4914429837208425,0.1727377206436434,0.184208376291063,0.8050847457627118,True,6
0.63499864209853163,-0.77185869911889149,-0.031794231041413587,0.76900360723366989,0.63549685646220966,-0.069117273443437294,0.073553902647147701,0.019439496422067777,0.99710176480850365,-22.081900116957982,5.9319597108634836,-0.76594128598173816,0.2275575991188325,0.2139359221383625,0.9069767441860465,True,4
0.97640885863228166,0.21579316295768822,0.0076845042209351625,-0.21522270394366708,0.9754723114711138,-0.046183950246584518,-0.017462201796496123,0.043440538370501484,0.99890339429521391,-11.526616599301505,7.7030320501075762,-1.007375245302687,0.3739966831591206,0.3314477264220275,1.0,True,5
0.61449631275921179,0.7884360523965499,0.027620153632409605,-0.78559895645985678,0.61474350293453961,-0.070176243907437069,-0.072308790713974752,0.021424679253529266,0.99715215584401473,-14.096293658030882,-5.1585665516538501,-1.650945781024606,,0.1528030791911407,0.8472222222222222,False,5
0.33377797091338202,0.94165565835928478,0.043323056365960594,-0.93909964351401642,0.33615489063709381,-0.07135649271518274,-0.081756502400689018,-0.016867441439241987,0.99650959038761922,10.965843116087751,9.6896942688841445,-1.7087663020186676,0.3061886619157282,0.260960515697624,0.9666666666666667,True,5
-0.83495077786775418,0.55018961873071459,0.012189420781316978,-0.5481667780829701,-0.82951331499320979,-0.10686834730224495,-0.048686568416446391,-0.095911645225842806,0.99419845823955288,-15.351349002803099,-17.053753101739904,-2.5313113650201498,0.2655610793069562,0.2296329732819999,0.95,True,5
0.52758878374844154,0.8478612947272296,0.052738033394374703,-0.84598304056132445,0.5300343035915116,-0.058106213943761614,-0.077218976589028376,-0.013959295101381837,0.99691642966440064,-19.287314754215473,3.5676206260787038,-0.94454968398021355,0.3122956484856885,0.2645727242673313,0.7692307692307693,True,2
0.2394608200592698,0.9706125436892985,0.023870603040801058,-0.96673546774976005,0.24063650510410009,-0.086698372567985543,-0.089894666422400613,-0.002315695203183709,0.99594858627568295,-15.566121568751178,0.34008817466404029,-1.2213851978435082,0.1601319770756711,0.1590934702410084,0.8172043010752689,True,5
-0.64723555812542488,0.75849815702502243,0.075938646865178025,-0.7594063843570501,-0.63292288550618969,-0.15070024684874142,-0.066242552002642313,-0.15520685162763609,0.98565854001881126,13.456441276106244,14.530358465635162,-1.4922008530927375,,0.1940876015266039,0.5,False,5
0.69003410208767169,0.72298531685135858,0.033840354215037838,-0.72073151268041835,0.69066380601262112,-0.059410383718292097,-0.066325142935803563,0.016605381100690354,0.99765988028638508,-19.180011512727244,3.6052408871750492,-0.94285600784634349,0.2568869940781739,0.2258674564993542,0.5813953488372093,True,4
0.11603120460981345,0.99007961889452811,0.079240821591274407,-0.98988664628267231,0.12182580400705197,-0.072683567532682056,-0.081616095643188946,-0.070005869237514423,0.9942021882918286,17.399007476840374,14.534678937963376,-1.7613260199133975,0.3019487945888737,0.2098151825531192,0.5483870967741935,True,4
-0.49145240073888036,0.87016088647589984,0.035980125840071292,-0.86709911789115557,-0.48502947694050319,-0.11351443190714879,-0.081324397079669486,-0.086985275456816988,0.99288463795817195,7.6175722750547257,27.493138236796703,-0.76415863633626935,,0.3082908898333695,0.875,False,2
-0.95440305373050716,0.27253041584817661,0.12182767939800063,-0.29715190367118177,-0.82827092862542384,-0.47504527672483032,-0.028557961665267795,-0.48958598961939015,0.87148723547389206,-21.387373542428154,-5.3155910037852774,-1.4202369647387398,,0.2189767667085896,0.4,False,1
0.8485946463279358,0.52802158465823534,0.032868409735984358,-0.52651582224153459,0.8489746188492705,-0.044979834137732801,-0.05165476892685919,0.0208639086640851,0.99844703523139922,-11.108181215533005,-9.0747856476798834,-2.0594211984275539,0.3498550608134849,0.2652253215138743,0.9342105263157895,True,5
0.48355956015949886,0.87506342467302012,0.020836376313488926,-0.87156422742307837,0.4835532967147318,-0.080944466844419985,-0.080907040823186199,0.020981230560670375,0.99650079714438533,-6.2486221019355073,4.404784756210721,-1.3837078043873186,0.2696166949870297,0.2510245288954303,0.9735099337748344,True,5
0.28400425431728565,0.9583354165520368,0.030574710329229964,-0.95480954565867238,0.28558620874627122,-0.082336194307308735,-0.087637406675244417,-0.005809195810527211,0.99613550192495026,-8.8278091408715404,16.861397646027484,-0.54670732345583917,0.4053199528126409,0.3631421374178515,0.9789473684210527,True,5
0.74255825822101862,0.66957421799264139,0.016661324896573272,-0.66701466367228068,0.74152070908069778,-0.07237732000159465,-0.060816704892001805,0.042631028652867019,0.99723814798776989,-16.512986391906583,21.520584697608381,-0.12365281769600134,,0.2306412380565622,0.8484848484848485,False,1
-0.095656764945952641,0.99404530791675949,0.05218916677576077,-0.99096262686587566,-0.090144981950860181,-0.099332544436157383,-0.094036458223163949,-0.061219343656662116,0.99368472690642162,-17.705294093153675,11.113774225451676,-0.58995276003168973,0.398203869354627,0.2473283595229238,0.7674418604651163,True,3
0.84884989514505083,0.52765692743379378,0.032125106122214225,-0.52647719232080703,0.84930808126696233,-0.03869817903507182,-0.047703474488084159,0.015935809541993824,0.99873441339327296,-21.843529651713926,-21.81461551478958,-2.8479871403288053,,0.2443303792136501,0.75,False,1
0.44444944023361682,0.89534072491204209,0.028804190493793971,-0.89230209925707094,0.44532346148641788,-0.074053887886991021,-0.07913064347930418,0.0072111693734832512,0.99683817156989818,-5.1908653415228247,20.907172350245954,-0.52210021965586495,0.3416799564098569,0.2920986990372422,0.9710144927536232,True,4
0.59759290468334891,0.78308013352856709,0.17224466536006067,-0.79845741945890292,0.6008023412385004,0.038759464307011215,-0.073133231729136439,-0.16069241187815375,0.98429135888802488,-30.684017797994752,3.775181170810217,-0.76223633458428908,,0.2040719421341043,0.1764705882352941,False,1
-0.97698741402212175,0.21004646230238314,0.037095505342575698,-0.21329110241070692,-0.96078357709024664,-0.17720559705070205,-0.0015806564436713615,-0.18103977924181169,0.98347450391826818,-26.0063371238762,-2.4185883168587465,-1.1384582298888548,,0.1396328715650397,0.35,False,2
0.80473773006154936,-0.57267379278672392,-0.15633909578430019,0.59102525079827939,0.79756789921510396,0.12072530414306873,0.055554826380931302,-0.1895525605125756,0.98029765279169689,17.935792091399399,11.88502694684815,-1.995839067195281,,0.2315464144843962,0.3478260869565217,False,1
0.79152273907985593,-0.60696383191943104,-0.071320826279588662,0.60846153429187322,0.79358284514219601,-0.00091059496901721437,0.05715168244856951,-0.042675222760973845,0.99745301170310752,-22.978088829043866,1.1673712484782555,-0.98733671574278181,,0.2166400452446037,0.4,False,1
-0.8677549794118139,0.49573388616369757,0.035344162389857603,-0.49295239316160711,-0.84947294855325239,-0.18813199555760973,-0.063239495430048059,-0.18067546536616988,0.98150758653841863,2.5606317891165187,29.727198939752164,-0.42971111818976887,0.4406314748607566,0.1749491256220471,0.4166666666666667,True,2
-0.21132581151836571,0.93892516290468953,0.27158965343051411,-0.97324353540127906,-0.17649099549503228,-0.14713242099820351,-0.090213204054197332,-0.29541575275122878,0.95109994787125351,17.719410875101811,12.547038448473124,-1.9391356331017158,,0.3400093299851944,0.2068965517241379,False,1
-0.97779534229783205,-0.1968791586671948,-0.071797391757383269,0.2088821911157043,-0.88806224868810157,-0.40952859813416614,0.016867092676808044,-0.41543235230002296,0.90946768048518456,7.2862598319900664,13.072505669792173,-1.3822877689812054,,0.2103723277776806,0.3428571428571429,False,3
-0.93929646379360965,0.34187706180921651,0.029021159754853202,-0.34224967798005707,-0.92761846749971311,-0.14962999925158954,-0.024234500765787443,-0.15047941175516485,0.98831606058510069,9.0676812610393362,15.794879868050909,-1.3363999267431304,0.2006535349011475,0.1397351884440019,0.5555555555555556,True,2
0.95242060912234006,-0.29844730856816915,-0.061840013967057329,0.30339129883010008,0.94773398565007627,0.098762402957832784,0.029132509559165444,-0.11282507014062218,0.99318769647763372,-5.637871863949977,18.634774044325734,-0.61898780555426436,,0.4280727659585898,0.2978723404255319,False,1
0.45698546554762837,0.88866163849199564,0.038010216402140411,-0.88573921400315547,0.4585628839746923,-0.072014763888276989,-0.08142683252643812,-0.00075743879833490083,0.99667903420869508,-0.047130108074937366,25.569467208218978,-0.5588307088347606,0.4048584054996543,0.3260475954152632,0.9523809523809523,True,2
0.23230588523830026,-0.9636051556699825,-0.13228408691100493,0.96848870753657212,0.24172080685848635,-0.060005623951617917,0.089797544831639445,-0.1141759847687376,0.98939387780817556,-26.607201506824524,-12.921056299656389,-1.9917430684373889,,0.1639778017044796,0.1724137931034483,False,1
0.98774771009040474,-0.1557793872759331,-0.0093404342027827714,0.15528937280383584,0.98705086777787499,-0.040196954028077887,0.015481340554131709,0.038253979124777557,0.99914811773618839,-20.134915772332089,19.41895465402461,-0.13420953176078271,,0.2414258876957605,0.6521739130434783,False,1
0.11160650023543971,0.98687006185927406,0.11675388692060731,-0.98954472371532809,0.1211645117527814,-0.078232990859775822,-0.091352224233197804,-0.10680188246273233,0.99007480981492757,23.618298072371889,-0.83470136977940013,-3.031620587012362,,0.2414601358858945,0.3478260869565217,False,1
-0.85481588106611817,0.51803736821041613,0.030448228434205769,-0.51663788263477373,-0.84406121734195549,-0.14368701961511393,-0.048735076729330418,-0.13855665453828619,0.98915466221382398,24.945314160640123,0.52929391066637643,-3.0510857792702883,,0.2043905724793983,0.3,False,1
0.88192236124250289,0.46195906903958789,0.093844377948422486,-0.46948422892271779,0.87867177623353987,0.086720634473222327,-0.042397022693699812,-0.12053932214291944,0.99180278497493457,22.831270182610613,2.2161340644724503,-2.843105477929845,,0.1212006966435291,0.3888888888888889,False,1
