axis_00,axis_01,axis_02,axis_10,axis_11,axis_12,axis_20,axis_21,axis_22,location_x,location_y,location_z,dbh,dbh_approximation,score,reconstructed,number_clusters
0.037786127319713425,-0.94463930613492497,-0.3259275838082823,0.99131330041125465,0.076552804613001513,-0.10694675560122831,0.12597677964578885,-0.31905524507647598,0.93932614228459843,-12.663157234985535,-8.142642416948183,-3.7534465789945841,,0.3367081281534732,0.2352941176470588,False,5
0.86432819206891875,0.50287644573514567,-0.007215034279997562,-0.50093686327289888,0.85954192686715614,-0.10124196250471472,-0.044710573796180118,0.091120559053837702,0.99483566899691178,9.343404869804905,13.860993615938542,-1.2012346845757347,0.255258478544842,0.2295044399554566,0.2692307692307692,True,5
-0.1264114301754902,-0.98941681393150782,-0.071235655612983784,0.98238816999992984,-0.11490499054505743,-0.1473442451948167,0.13759954129711749,-0.088607062119589214,0.98651667739443694,-7.3938883484369819,-8.3924583878975785,-3.6281954441354158,,0.1998393394835492,0.7371428571428571,True,5
0.99335634746883605,0.11337751951855839,-0.019715603241884726,-0.11394411981870814,0.99301930735271138,-0.030485944031328011,0.016121553960843683,0.032529883070190745,0.99934073378669364,-2.6400884429199816,-23.882067600419084,-5.386440699257955,,0.120031917955866,0.2173913043478261,False,1
0.97971998754088474,-0.19737983489976282,-0.034495605340850721,0.19124098786540966,0.97249168755980697,-0.13299173728973715,0.059796576600601933,0.12369768955814223,0.99051665863064986,14.908853136497667,-4.579305554021996,-2.6330307070970727,,0.2573050902184595,0.8292682926829268,True,4
0.97996387443281785,0.19717752009518896,-0.028139480729593169,-0.19911883024374616,0.97322375973891451,-0.11483555600080504,0.0047430210817644598,0.11813779686773876,0.99298588343553751,19.499975823987374,-11.229452165433631,-3.1515192363694347,0.3619132147532266,0.3075060499451871,1.0,True,3
0.95912158848203932,-0.27904894983674955,-0.047089936320790525,0.27390272497733364,0.95720535810537588,-0.093462290065836756,0.071155293251311064,0.076743638233840852,0.99450859133189662,-19.909024838100507,6.8647441926925046,-2.2279440648331388,0.2015058453686044,0.2476884144052049,0.8076923076923077,True,3
-0.99799402053062292,0.060229590273378576,-0.019502088109288225,-0.04917870701018083,-0.93154313849896131,-0.36028993309876323,-0.039867151414771124,-0.35860811141273058,0.93263649546169158,-20.692043440276887,-2.0713415661055841,-3.3124453891729493,,0.2347820452505479,0.35,False,1
0.98487525526797959,-0.1466299533031043,-0.092305949727855274,0.15617930260402313,0.98196995649391605,0.10650366182182668,0.075025042478847601,-0.11930909997844472,0.99001847541517185,-7.6510655299308024,10.874095523290059,-1.6248224681419199,,0.3922960285680677,0.2121212121212121,False,6
0.98293251966500261,0.18180649053243864,-0.028108037734548647,-0.18390998652815216,0.97487934964868361,-0.12564780333843745,0.0045583593784860946,0.12867266076691672,0.99167664474411121,-7.1720230495675432,-11.190586275114931,-3.9473479081495988,,0.2463406093357665,0.9166666666666666,True,5
0.8666070405962859,-0.49028725961230157,-0.092793535608931832,0.4868112147101174,0.87154315617367872,-0.058543728607622476,0.10957681516364062,0.0055614736070931821,0.9939627717323779,8.5081299305439213,-20.910432201754574,-4.6251218967711631,,0.1216263981406288,0.2307692307692308,False,3
0.3968964630530471,0.90309784229885814,0.16397403712517183,-0.91037802237658072,0.41009585087117179,-0.055074944139377989,-0.11698313549263085,-0.12741930910735477,0.98492602040808996,10.559732016908127,-4.2512908098315698,-2.7086297590846855,,0.2441927593659888,0.3469387755102041,False,5
0.81626426842945554,0.56262657043110686,0.13101139771126136,-0.57526830240364324,0.81237423783216378,0.095469775092666145,-0.052716452222796528,-0.15329527048002556,0.98677329499409339,4.0367369393408952,3.5021269519731062,-2.058414131945713,,0.4357344171396097,0.2658227848101266,False,4
0.7893418754688627,0.61356880473108,-0.0217422513133253,-0.61109911573833064,0.78176761081892365,-0.12408575026288367,-0.059137757609913924,0.11123274938319917,0.99203326612040865,18.316062029008737,8.794241791118683,-1.4355917545057693,0.2505908988288865,0.242043348606984,0.6756756756756757,True,4
0.87863509788516436,-0.47501531851181844,-0.048588187282947289,0.46755820357715144,0.87653678404814572,-0.11433543841802142,0.096900418121048437,0.077741323565076376,0.99225329204710444,12.915688992813394,-8.6207392993269067,-3.1381011332570679,,0.3681919628523925,1.0,True,5
-0.42305842664853155,-0.87091696958713394,-0.25005039437447746,0.89086480439488624,-0.34939560783007034,-0.29031467327628613,0.16547346594584272,-0.34558116458253124,0.92368403188192638,10.452998926136347,4.2913574190438455,-1.8528813551903753,,0.3879326757995422,0.3762376237623762,False,5
0.80518361540643246,0.59299868531910083,-0.0056484237485780568,-0.58977980692609222,0.79974514923374151,-0.1121047528846203,-0.061960671584860523,0.093596236499756374,0.99368034079870715,-8.4696243571021803,-13.78442193355699,-4.3244194825238447,,0.2128202560532995,0.5769230769230769,True,4
0.75423191714980953,0.65655533323902526,0.0083252356072143624,-0.6528460853115583,0.75120558858335362,-0.097376345045970106,-0.070186922185667744,0.068009249933597082,0.99521281034639697,8.3100647151955993,10.20180839453081,-1.4352870540821583,0.2070901879766003,0.1909948773870149,0.6285714285714286,True,5
0.82640467074076185,0.56296138144111485,-0.011393120018845137,-0.56043089381847289,0.82039404051806719,-0.11344968724623058,-0.054520944889832786,0.10014040786990612,0.99347841711834306,6.5499646111748318,0.94973136796956525,-2.3550731442771267,0.3480250987580739,0.2729716530996681,1.0,True,5
0.91711799491243429,-0.35730787139729414,-0.17670786186621634,0.38914318761527034,0.89861076719116229,0.20264813993899961,0.086383811796085716,-0.25461691641688833,0.96317602904865385,-19.509808332344235,-0.49482759324671605,-3.0678114140102561,,0.4340147087990837,0.2244897959183673,False,1
0.9099611782763003,-0.38306981106741272,-0.15883379325188246,0.39798323641538796,0.91432971746890812,0.074903346290794981,0.11653324659657693,-0.13137232433812651,0.98445991022268564,-11.594331549491182,-8.0917904112491694,-3.7169750067297338,,0.2432930121286924,0.3448275862068966,False,5
0.99878038814238645,-0.035894084083558334,-0.033902079433959946,0.031904762936915382,0.99323455232036995,-0.11165666204438607,0.037680530305229464,0.11043884644796614,0.9931683839264922,5.6796960071140941,-2.9430354541249635,-2.7606463778130998,0.3448724636959039,0.2529351930781699,0.9980988593155894,True,5
-0.83583071862926173,-0.52099160012983459,-0.17307444175800576,0.54417907068011229,-0.7446268782008898,-0.38652289879711627,0.072499302268506066,-0.41725120114261016,0.90589474350811205,-8.4737275287847549,-18.398564353244527,-4.8616857503118132,,0.4412403528708799,0.5961538461538461,False,4
0.95717822333595015,-0.25527219238718724,-0.13655019796862602,0.28007030168743718,0.93592261338444349,0.21356377939234017,0.073283523960983393,-0.24266225406822364,0.96733890419355495,5.240482875713373,3.553339859598474,-2.0749222024703013,,0.151322879886632,0.24,False,2
-0.8082561600545709,-0.52825147719088328,-0.26013911005362278,0.58875786209555614,-0.71804754739733367,-0.37117637249338242,0.009282217111853952,-0.45316453581709759,0.89137856375569446,8.5001677088558427,-1.338117284375691,-2.5379640634971206,,0.5362464800776039,0.2833333333333333,False,5
0.90487764647107616,-0.42386462096523092,-0.039181985796616026,0.41596164182308193,0.90003068468894609,-0.13007951087774186,0.090401092077537618,0.10140783851531075,0.99072907136050103,-5.3647571426034535,-1.8852797205748622,-2.8255139659160626,0.1944851799996711,0.1748706339871159,0.9548192771084337,True,5
0.85061347130923648,0.52551196239224574,-0.017143506347875103,-0.52357296577865675,0.84358192904091467,-0.11933515199365853,-0.0482500977510988,0.11048396434894349,0.99270600969710543,6.7287104640784774,-8.8667876069037046,-3.3027956323623258,,0.2793164020729805,0.9968454258675079,True,5
0.95190203051741218,0.3054689336422538,-0.023900938816140919,-0.30608371937679762,0.94445642441007538,-0.11964455325255352,-0.01397429888382494,0.12120558143089594,0.99252905549445036,13.536090014056571,4.0060627383909306,-1.795734948039712,,0.3066338780687616,1.0,True,5
0.99155323419412278,0.12665834952546051,-0.02792572746880935,-0.12908555967654331,0.98464649698840656,-0.11750827311919378,0.012613565799151912,0.12012051641558867,0.99267918256296905,3.4258523333846052,9.3530834384102217,-1.5531233402089495,0.2691184542365455,0.2473025156875818,0.9076923076923077,True,5
0.98747914318831875,0.15563733000139474,-0.025728647032044742,-0.15747841375323798,0.9821413436762656,-0.10295110608217364,0.0092461326957049492,0.10571377654693793,0.99435361239267239,-16.714207406428805,9.3785007312941069,-1.9504395746071559,0.3268177177161228,0.25693400073733,0.4285714285714285,True,5
0.67274204719039166,0.73983008275690676,0.0083418577060356963,-0.73481641918753282,0.66941452122116119,-0.10922009371290013,-0.086388471652712989,0.067347215429821791,0.99398258764394698,20.609247539008997,13.382466532688994,-1.1660392401323185,0.3849052868276009,0.31984040277113,1.0,True,2
0.92165126651716234,-0.38325592208001036,-0.060612219212886939,0.3785212554610688,0.92240450344834468,-0.076756701221388932,0.085326444268388452,0.047799897581629051,0.99520579163291623,-16.936144547709858,-3.1581488027089311,-3.3029518242405143,,0.09440128796549754,0.1176470588235294,False,2
-0.095219489674864655,0.99535308564621838,-0.014334701971457059,-0.98475715260634322,-0.096291900366823432,-0.14484895689784683,-0.1455561718949315,0.00032375654112313385,0.98934993607165944,-10.644621100494613,13.268424712102895,-1.522861140501991,,0.1664941974503386,0.8378378378378378,False,1
-0.4102115333702957,0.90502690136971531,0.11248469090112859,-0.90382757273420811,-0.38697047880802488,-0.18261863896239777,-0.1217465262559112,-0.17657903705768632,0.97672802100502865,-9.4299491647634479,-10.736402546016336,-3.9580167065585412,,0.2074400371217763,0.3174603174603174,False,3
0.12453336673929717,-0.98964066111385551,-0.071433902586294701,0.9813287973579119,0.13348298009366108,-0.13847774370414792,0.14657841602586671,-0.052855046073651719,0.98778596470080637,-5.2771015214342354,-15.917750042974772,-4.4582658975480634,,0.1623756700031117,0.9230769230769231,True,5
0.99058160457530398,-0.1233266899102676,-0.059486235658280678,0.12176082507844375,0.99212749852477922,-0.029280166447289563,0.06262895618827144,0.02176130112702504,0.99779960894962616,-8.9942911238486296,5.4983571164259217,-2.0493143734183583,0.2984345982340849,0.2686908369524618,0.7580645161290323,True,6
0.11603651662088355,0.98961519730905945,0.084836832009706431,-0.98710505574791163,0.124380297438374,-0.10076284298318999,-0.11026847113932792,-0.072050696485831123,0.99128682095975784,-7.3477134379438729,2.5145468284579442,-2.3123547307796768,0.2484129356246334,0.1499710051713801,0.8402777777777778,True,7
-0.47609243308922722,0.86577637224045467,0.15416636606386469,-0.86558515271605785,-0.43041181486314872,-0.25594533209990405,-0.15523639570892878,-0.2552977534103435,0.95431898155225503,-10.891241675397868,-9.2886499941170957,-3.846826930166646,,0.3107708140448096,0.3333333333333333,False,2
-0.61327001050315155,-0.78323292293033886,-0.10220607934688038,0.77298305364228359,-0.56849483008358459,-0.28162177996398963,0.16247182217022627,-0.25171375927078937,0.95406660689621292,-9.2849956428547884,22.491178242543096,-0.77437987734462088,,0.2901498816467564,0.2413793103448276,False,4
0.87228478620460737,-0.47882956743244864,-0.099204320008945357,0.47970841289189409,0.87727542058879437,-0.016360777227726511,0.09486353544288377,-0.033317889837282177,0.99493257452958528,-13.597817202762538,-7.4323780888761144,-3.7166926149998138,,0.2597890197905114,0.2272727272727273,False,4
-0.96760706649896289,-0.23418916980299395,-0.094297389191087266,0.25241392469056601,-0.90462314595327165,-0.34343001387169281,-0.0048760110311789617,-0.35610728236388312,0.93443235601290764,-14.256063836033434,-4.331034498435911,-3.3679043462089484,,0.3968230752835351,0.3043478260869565,False,6
0.92140161314328106,0.38816545726402008,-0.018618407127684745,-0.38770899659217656,0.91494193901811149,-0.11208470987278177,-0.026472651141240859,0.11049355643109708,0.99352421849130668,-7.1419492360083447,-9.5548814555266564,-3.7604916346982038,,0.2329309807106233,0.9172413793103448,True,5
0.99939012873903565,0.0016249501009699182,-0.034881658735569802,-0.003642766091515245,0.99831793647060485,-0.057862146315862659,0.034728962469067551,0.057953923579384559,0.99771501036497356,-9.7503296320708408,-4.7719867941710152,-3.2730989748969925,,0.1039567189163222,0.2068965517241379,False,3
-0.56059996165381687,0.8280529111225845,0.0074872808916423769,-0.81580853108108564,-0.55071400942024307,-0.17655175004400442,-0.1420708401082329,-0.10508309193058543,0.98426288164354137,-1.9952802806315968,-22.687923653267244,-5.2124203308106019,,0.2045196977539414,0.5789473684210527,True,3
0.86903271159819584,-0.49289116790464504,-0.042900381978285523,0.48494539853978652,0.8657754868864701,-0.12353447592305851,0.098031151209070189,0.086551157751308741,0.99141252286045611,-8.4740763574382072,10.555646568990106,-1.6328421230123986,0.2168698313594574,0.1942566106793502,0.9529411764705882,True,5
-0.93786041483865978,0.34682565759873962,0.01139322210167093,-0.33775234485795808,-0.90480623116345393,-0.25932419399419193,-0.079631625762677682,-0.24705798363742076,0.96572312641843916,13.929533139703354,-21.314547112100907,-4.4987736109797849,,0.2571302965093352,0.4509803921568628,False,1
-0.85037257812282874,-0.51954725334720797,-0.083289434600711795,0.52404890526699188,-0.82201389795179969,-0.22285846733421766,0.047320431794328613,-0.23316046644631058,0.97128624700514432,-7.8432006255970377,-12.47489443259448,-4.129240844705202,,0.1468035466116999,0.3846153846153846,False,4
0.88658196255318178,0.46249865911334609,-0.0082106025178200343,-0.46118745796758565,0.88241786465229988,-0.092977635783409271,-0.035756849536072291,0.086218921709985574,0.99563434314532495,7.2369587524188708,15.824660123827288,-1.1212433579796568,0.2885702509978545,0.2795837736942677,1.0,True,5
0.12835685731106594,0.99153528234852173,-0.019552520023295231,-0.98210901015563212,0.12434788682895839,-0.1414195715320018,-0.13779118024151285,0.037354877850251919,0.98975663864833041,-14.350829096942153,8.7261518584502937,-1.8860701363608088,0.2904994851898461,0.2774809284282554,0.974025974025974,True,3
0.97194994480719088,-0.23147759560263914,-0.041610425656565447,0.2266721567554042,0.96915754065899407,-0.096712950196266217,0.062713938970160324,0.084568221678317401,0.99444214398878727,-15.80348665600247,5.8643308726715553,-2.2397664462205902,0.2132081870606578,0.1711738750407789,0.8653846153846154,True,5
0.11097479278039454,0.95956478880296736,0.258689024616167,-0.9873533686126772,0.13610478398113723,-0.081294607857139198,-0.11321625703293037,-0.24639582761679105,0.96253372682544991,7.3968312963754306,4.4857234723023147,-1.9642545103521722,,0.3466383910245399,0.567741935483871,False,6
0.58069895804700289,0.81403267787476907,-0.011811836231374676,-0.80825624205230084,0.57471892064007823,-0.12814058467868683,-0.097522137520757057,0.083958094370555278,0.99168567151242404,-5.7061378995517913,-3.9982467447852001,-3.0732028963136315,0.2658915336241001,0.2397808474785315,0.9855072463768116,True,5
0.99947113264371579,-0.0007316816090111066,-0.032510300735487524,-0.0032068650588453953,0.99265583335255825,-0.12093019692216649,0.032360022070189669,0.12097049703610641,0.99212850368208649,9.9076483786133149,7.1062375917334215,-1.6225721108894315,,0.1731177715474381,0.8877551020408163,True,3
-0.87600170532358146,-0.48068613904081187,-0.039520222724772638,0.48023527022659335,-0.86171552900881032,-0.16376944860216935,0.044666514309595964,-0.16244132109504919,0.98570671079197159,-7.962844854956467,-14.895363514740037,-4.438434967200239,,0.1977089157551897,0.9761904761904762,True,5
0.71221304570758126,-0.68467087302429275,-0.154849517778018,0.68232159801798442,0.72704881556017931,-0.076401941537674878,0.16489334250392368,-0.051242710942091582,0.98497937550650816,-11.677529501393854,-5.6521364845822211,-3.4120653369245382,,0.1359582416680697,0.2307692307692308,False,2
0.99885094304776745,0.034489353343319304,-0.033275788173166745,-0.038298884327621768,0.99183740887683391,-0.12162133781433443,0.028809530226042317,0.12275601353273355,0.99201863496090992,-7.4862530289669715,6.5036251686206015,-1.9080553018881778,0.2052314237557871,0.1970415592446133,0.9264705882352942,True,5
0.42759964882781554,-0.8121509416070759,-0.39695010816105003,0.89285674455038266,0.44808421227371303,0.045026352527602523,0.14129888192488474,-0.37367283385039762,0.91673509762034944,-6.1706101760324783,12.188912902374678,-1.5555895481580895,,0.4283857329781444,0.3391304347826087,False,4
0.7699312820954668,0.63810412966992291,0.0053796420903817269,-0.63445447946169498,0.76637637214043586,-0.10067159339085804,-0.068361790071798573,0.074097070947873434,0.99490516620184755,-8.4698737673276447,0.037929604521786647,-2.6139950651670483,0.2258344627343102,0.1222816506779195,0.5443037974683544,True,5
-0.42137935828275525,-0.85964297954591196,-0.28888299384117599,0.89826951373731556,-0.3518316836405172,-0.26329896900065314,0.12470492012483396,-0.37044353699869914,0.92044569030038559,2.5956684413391806,11.487993317417908,-1.3705137523044513,0.5473273001335124,0.3530863767310848,0.2735849056603774,True,7
0.82806596682702494,-0.54974296860315475,-0.10995191246273818,0.54880243845405541,0.83492693754247116,-0.041387105634881058,0.11455408386306377,-0.02607062403051762,0.99307486345841689,-14.926584834655177,-8.3642145082730011,-3.8604619629827996,,0.177637426757614,0.1481481481481481,False,3
0.57549074109845244,0.81780639565417945,-0.001762423636056859,-0.81159360015151449,0.57085096736856322,-0.1242779193882749,-0.10062919607676947,0.07295116367471155,0.99224588314361295,-8.1332386890342914,7.4713823848557119,-1.8551493410576938,0.2064779196967034,0.219595175557143,0.875,True,5
0.91815653861860014,-0.39312257815764068,-0.049428828982694205,0.38675747233703595,0.91633082426893564,-0.10371344216677389,0.086065255378565908,0.076108206110139034,0.99337823248716284,-6.5251463835580976,-7.4756537902807194,-3.4971259044451011,,0.126359469633997,0.5203252032520326,True,5
0.7236398794034552,0.69013007052106212,-0.0081123794011437114,-0.68623363893347022,0.71820004031616125,-0.11520457840725798,-0.073679832607588688,0.088933614862209728,0.99330866019302388,10.300333203114038,-20.128906585919687,-4.4767994287706587,,0.3356450239856095,1.0,True,4
0.98534098730478703,0.16842303454389046,-0.027144431698870028,-0.1704461105173333,0.97860859525442334,-0.11520998526029752,0.0071597588465146175,0.11814778342902732,0.99297021059247692,-6.7698768190239331,-3.4853635691491593,-3.0182256102937024,0.1891163450164582,0.1602889095837382,0.920704845814978,True,5
0.89728809709422952,0.44098186023659347,-0.020225472931199008,-0.44003031835768536,0.8898068639534582,-0.12090104957090947,-0.035318405103450516,0.11738289399902664,0.99245849608805459,-11.725569111791357,0.40842852302395094,-2.6872753131896752,0.1155040811580937,0.1540026223481151,0.8813559322033898,True,5
0.99944378481310847,0.011112793368428298,-0.031442436642217887,-0.014946517145887753,0.99211312282973352,-0.12445140872743356,0.029811451216889034,0.12485214188225063,0.99172739200032112,-10.413402572937606,-2.0439805795748534,-2.947064684408593,0.1618302659910062,0.1509094007442977,0.8532110091743119,True,5
0.040835242343727991,0.99335795654364167,0.1075753371092481,-0.99012889314470209,0.054678403950601487,-0.12905443464469277,-0.13407929721912859,-0.10124348034739927,0.98578521988533063,7.6723125985944822,6.4130517048955014,-1.75903443523473,,0.4389570425925264,0.2926829268292683,False,2
0.90767510334513835,0.419494062182109,-0.012273490185951207,-0.41894848230175402,0.9040008987202387,-0.085232296050604062,-0.024659195940842094,0.082505193212025152,0.99628550985578324,3.109879555677578,18.156743091892217,-0.95357382321037121,0.2294937671585453,0.2847661389400251,0.5,True,3
0.9223616079994833,-0.38379961849097283,-0.044123881683156632,0.37694745104619581,0.91909254695592291,-0.11480204388358878,0.084614911442259577,0.089256613067364446,0.9924079674132813,-8.6681028747066105,-4.1680555802911847,-3.1420713273796737,0.2949805532324757,0.2689452991273923,0.9521276595744681,True,5
0.29154749684319475,-0.94767544661586489,-0.13004347336905814,0.94527676381900283,0.30625086942348628,-0.11252664022902752,0.14646466081735035,-0.090120213375138258,0.98510225371424232,-18.198510814722908,-4.3329010931491938,-3.496717238867241,,0.1543874720043935,0.3,False,2
0.92955365725291583,-0.35997013993024179,-0.079696277493555137,0.35934214200394726,0.9329325176873815,-0.022586332626127678,0.082481654128312792,-0.0076430229677272674,0.99656327492647012,-18.122893742032332,10.783633878841631,-1.8493207691219657,,0.2675094413255305,0.28125,False,1
0.401441041973288,-0.89141958970983204,-0.21027649631129774,0.90723201746528026,0.4185107889328647,-0.042175656872999456,0.1255991891107516,-0.17383853033302454,0.9767317999667956,-17.483782737689307,-0.18208664976121613,-2.9620875603197048,,0.1964151332115862,0.2258064516129032,False,2
0.49520872468874361,0.84672329629152387,0.19449416060479352,-0.86198217845532876,0.50680508500962052,-0.011633135166258302,-0.10842067615336626,-0.16188967022514605,0.98083469129962952,-6.780115302843889,-7.6033510825672215,-3.5136211338544006,,0.4228749105544747,0.2012578616352201,False,1
0.80468910130229154,-0.59254102033042944,-0.03702147310796669,0.58315516562315906,0.8005619243509049,-0.13795165126450099,0.11137999395015405,0.089418926997308773,0.98974681229206996,-6.0865850211435486,-0.80155491517737243,-2.6902380244504522,0.1942728873569746,0.1966948891619551,0.960960960960961,True,5
-0.98020047208501027,0.19375894492752163,0.040798355173923627,-0.1956665090612138,-0.91623629864429068,-0.34960786930275167,-0.030358717959129086,-0.35066867026751264,0.93600738882590795,9.6665648991279074,-20.835619142544683,-4.5692314913571499,,0.2478557680471557,0.2352941176470588,False,4
0.84303482424618958,0.53472262950177585,0.057999953507768466,-0.53540681755036612,0.8445832036741292,-0.0043303339518374062,-0.051301314103888912,-0.027402948203649038,0.99830719400441215,-9.9292718510153577,-6.3045947988934792,-3.4671801415110335,,0.08589928851384511,0.1142857142857143,False,4
0.80814857363286863,0.58868417047323507,-0.018623382329713951,-0.58626371436606539,0.8009885554341778,-0.12129382210637761,-0.056486636940645055,0.10894164262442542,0.99244192694052757,-20.224487667223485,4.9885936831148499,-2.4505301786830547,0.172723046860706,0.1929692727920417,0.875,True,5
-0.11599943658432707,0.98836428512367724,0.098387858011448906,-0.98211908513351409,-0.099347758100908803,-0.15991286870303392,-0.14827755503996259,-0.11517839577058564,0.98221571144992681,5.7161957455654626,5.3645909725932324,-1.9201340861939842,0.3400236672868409,0.2390278310681202,0.4782608695652174,True,5
-0.63236680232481113,0.77045605821388385,0.080682647942539348,-0.76415103061791811,-0.60328391741834464,-0.22830181206015931,-0.12722197028449683,-0.20602421543571681,0.97024151268178105,-10.882081525142004,-11.070658145685085,-4.0378145898429789,,0.2372790328300291,0.2222222222222222,False,4
0.94868410333979847,-0.31228641717968963,-0.049756062097361081,0.30614151174750254,0.94640972655825151,-0.1028883096415268,0.079220242711805763,0.082376107707330573,0.99344769868557981,-6.3622489960981046,4.7253223512486864,-2.0486035846245114,0.1469434321001748,0.1372306032228942,0.8762886597938144,True,5
-0.19248874258600174,0.98126038048431341,-0.0087263777960775377,-0.97046205769746863,-0.19167339514695411,-0.14650837574157646,-0.14543547898382725,-0.019732594472586622,0.98917093880083518,11.104561158281724,2.142050222240754,-2.0416674895706421,0.2770696027742058,0.2447689647688098,0.9891891891891892,True,5
-0.11848033645002652,-0.96090986002568768,-0.25022919649813224,0.98404811140317949,-0.079947377218297241,-0.15892681120487767,0.13270917194574033,-0.26506727029440591,0.95505372513809283,11.827802759243871,-14.400256958997701,-3.7425725638723462,,0.2883774750135625,0.2941176470588235,False,5
0.99916312301992705,0.030884870882161269,-0.02681750077203298,-0.032710024500419523,0.99697371379342525,-0.070522821144131956,0.024558255114069505,0.071341003325839814,0.99714961432586202,8.3558806720295102,-4.4593739742860485,-2.8544275615818324,0.3311538330922797,0.2379959164212488,0.6015625,True,5
0.74044291849627653,-0.64554338161252445,-0.18713104206673692,0.66693255355936565,0.74019959465512841,0.08547238779376648,0.083338187234305416,-0.18809120800465595,0.97860944406839334,9.4421642400226418,-14.52419726012875,-3.8323019852059153,,0.2843100657815781,0.3055555555555556,False,5
-0.9938452151055257,0.10167820148501691,0.043968531413096611,-0.11067893174312035,-0.92814906608636316,-0.35537231911224493,0.0046757331033619523,-0.35805146901777385,0.93369014295651731,4.2164256937639166,2.8273536711322507,-2.1364998817027989,0.5818889616322903,0.5532215362518528,0.1933534743202417,True,3
0.86610668653209488,0.49980072164330547,-0.0076450107407731206,-0.49793972515212792,0.86134087430586181,-0.10073692652368169,-0.04376342833712954,0.091055680189898666,0.99488372458561014,7.1342886549510585,-2.8137234176590002,-2.7510795480139723,0.1156632504889409,0.1230006265662209,0.527027027027027,True,5
0.76949266919338011,0.63865030396995903,-0.0026117612307351851,-0.63478319904288405,0.76437084972089653,-0.11308180361949229,-0.070223374103854805,0.088673521053546964,0.99358224842910559,-11.708187154626149,-4.8119311795055815,-3.302806983436064,,0.1416891636831671,0.625,True,4
0.82855754018374761,0.55966513628648884,-0.016350468803152753,-0.55773352050413294,0.82242498096769379,-0.11202888371466936,-0.049251626477947869,0.1019415808476329,0.99357042598074685,-4.5608112150360167,-12.486331768236974,-4.0192776082591211,,0.2334087625203045,0.9430379746835443,True,5
0.95552020863343368,0.29416080196145683,-0.02122624513456952,-0.29455369573430829,0.94822690756314565,-0.11875964004027509,-0.014807134171771125,0.11972950497946488,0.99269612390448714,17.947218345639453,-17.453245405386884,-3.8792255758213252,,0.2899297906339259,1.0,True,5
0.98742117999170498,0.1561990003226858,-0.024521125626316066,-0.15794498016850655,0.98157069001226116,-0.10757492155899306,0.0072661229935943455,0.11009474468405399,0.99389453698548669,9.7959546812153064,-5.1360097459441878,-2.8265269176815564,,0.08699034464484637,0.3278688524590164,False,4
0.90901694689482671,-0.38762400947867642,-0.15308761391334846,0.40720405811082677,0.90429066009691828,0.12823126420477313,0.088730182666790378,-0.17890228991590573,0.9798576046277151,13.101281799823715,-21.506529767708543,-4.5486001839215779,,0.3721286982063174,0.1,False,1
0.91861620440177616,-0.38990208429714529,-0.064192162069962228,0.38273399879842768,0.91833523294264374,-0.10087163178984787,0.09827998358892652,0.068093792646050172,0.99282640991708027,-10.90188329627502,21.64783699499657,-0.89028693643505508,,0.1998437966266552,0.2692307692307692,True,3
-0.92073092518178123,0.38964728828041145,0.020725688158031004,-0.37816279429209892,-0.87798183520913342,-0.29349752649042044,-0.096163737589040232,-0.27806993325155666,0.95573513474936278,-12.650262966890089,14.437257133884128,-1.5063373798900752,,0.12364609065724,0.4666666666666667,False,2
-0.34299798107409435,0.93872783706025809,0.033799895077723879,-0.9296972930684595,-0.33411696608835051,-0.1550122454295017,-0.13422119147241626,-0.084592558183838942,0.98733417385383737,-12.486069589770903,-16.631240741410121,-4.7805644483904768,,0.09985844276230925,0.3076923076923077,False,4
0.65234103898776807,0.75788335970755716,-0.0079988705917772643,-0.75286008408729854,0.64672701282473144,-0.12225328081841136,-0.087480641518137364,0.085772862615074663,0.99246670140533721,10.388165218084488,22.602057683423613,-0.46881347676557122,0.3366634189160118,0.3096478490559138,0.8545454545454545,True,1
0.99217454258831361,0.12155436051284603,-0.028534443747580948,-0.12416381940336277,0.98461845340494214,-0.12292211829296537,0.01315382038952765,0.12550314201155949,0.99200601729746951,22.417204846549193,4.3365816100652284,-1.6120384740843612,0.3607811713761757,0.3578883556273024,1.0,True,4
-0.61307724451380974,-0.77862377510853764,-0.13372101216744042,0.78282792309449967,-0.57593630733631185,-0.23553728519146816,0.10638014421360745,-0.24908309201458015,0.96262187705741964,11.695155462584131,4.0505526679364863,-1.8276190327571089,,0.530833080201074,0.1666666666666667,False,2
-0.96470288788708292,-0.25657007588763853,-0.059330719373123814,0.26320607286572223,-0.93221524284380886,-0.24838942049987217,0.0084202914988242908,-0.255238196923324,0.96684153899302694,-12.607045204127777,14.772555854749283,-1.4962590448254753,0.1667720913931466,0.1306422820602037,0.2380952380952381,True,5
-0.11244871534067406,0.93334161350512224,0.34092333290328564,-0.9802691986658415,-0.048067641967042607,-0.19173366929873148,-0.16256563156232975,-0.35575684715178818,0.92033118014080029,11.495969542543969,3.710332199351817,-1.8806868418287794,,0.6080084204203678,0.3538461538461539,False,3
0.97981466857452226,-0.19300750334454603,-0.052070326472044556,0.19164991921339672,0.98100592286406196,-0.029961438068459939,0.056864081032746733,0.019377382649281544,0.99819386560425516,-16.010725271970784,-10.892480166416478,-4.1846606309072669,,0.09571592899378531,0.2631578947368421,False,2
0.99749246836704641,0.063628402246368662,-0.030987126013740332,-0.066910460225748689,0.99052047639095531,-0.11996739624837266,0.023060049076175673,0.12173993707000938,0.99229412064105016,-11.408631268162761,-22.856428905692912,-5.5075976789247729,,0.2031341498162094,0.9032258064516129,True,1
0.90603453540330514,0.42175887361945841,0.034940995689344348,-0.4220442105683827,0.90657482576654236,0.00087727537011819678,-0.031306628407221697,-0.015541486724568418,0.99938899193865594,-14.538433867284946,-10.539849986290475,-4.0878481860985438,,0.1673758555235719,0.2692307692307692,False,1
0.85532757102665935,0.51473433778681321,0.058849874637134161,-0.51599129045344339,0.85656118057859332,0.0074787767715031178,-0.046558934887150766,-0.03676282672725853,0.99823882921533202,-13.848292243222534,-8.2117905991362115,-3.8009028426046534,,0.2141556779502012,0.28,False,1
0.97569040270159335,0.21851813225402744,-0.016675249689697788,-0.21915321719019762,0.97297356613191266,-0.072761988728558546,0.00032476328067213012,0.074647608700883161,0.99720992225511462,-12.582606196496995,-11.311185524129039,-4.1361114608632867,,0.1500180378985527,0.4090909090909091,False,1
0.99005756808822065,-0.13539495404436172,-0.038134214172611744,0.13084048814245416,0.98596392597865312,-0.10371067125134836,0.051640861087725289,0.097690035766633515,0.99387618865632954,-12.717137161323111,16.737638937408239,-1.360233438317084,0.2548931835478883,0.2484283120923782,0.8620689655172413,True,3
0.77330847571978756,0.56708506923638802,0.28356397096440072,-0.63060344150604219,0.73435421480216334,0.25112384745984273,-0.065827812820072884,-0.37301261567332994,0.92548813477422087,1.0435561987228823,8.65902321269391,-1.5749496581571087,,0.2344715829277065,0.2777777777777778,False,1
0.98548620096710804,-0.1606629599191618,-0.054812051717032913,0.16041109796152192,0.98700932540145991,-0.0089928427838358721,0.055544822928837306,6.9861073483899576e-05,0.99845619221137338,5.2215071554086716,7.9891388415960298,-1.7238346999008289,,0.5417918139682443,0.294392523364486,False,1
-0.99348389267241133,0.11296867173887486,-0.015094177885100975,-0.10356356094572713,-0.95009193203010656,-0.29427862568583046,-0.047585122094131474,-0.29079786776531696,0.9556004689505091,-6.7031521016718241,-21.442964707163117,-5.2351991941690024,,0.1829717984884879,0.2058823529411765,False,1
0.76737776115036338,0.6410900584029342,0.011615020825478745,-0.63977026098820122,0.76675371499358125,-0.052751812278151788,-0.042724522781924623,0.033049622697732414,0.99854010314688568,-21.883043612151567,3.524585959255667,-2.7023241014553117,0.4520197893096484,0.3383560231427297,0.5555555555555556,True,3
-0.64411539555871611,-0.76321364490748012,-0.051188762744155444,0.75868753217153972,-0.62889734914641315,-0.16994514633867486,0.097511977375591058,-0.14830056123849714,0.98412314158577208,11.240956634433026,17.334149828695857,-1.0059508719064254,0.2894019518770417,0.1824034417218051,0.4,True,3
0.73620708428645576,-0.67294036625517795,-0.071766235172142687,0.66545091392334577,0.73912896867018074,-0.104227869742888,0.12318364422690342,0.028976389300659936,0.99196076467674743,-11.577391159884568,7.4781107996149991,-1.9132112115134328,,0.1340762347782072,0.3214285714285715,False,2
0.91964752204753486,0.39268793726112972,-0.0066797545933040513,-0.39224846286387199,0.9174978307545808,-0.065870129357455925,-0.019737744875173727,0.063197424712066325,0.99780584631330194,-13.079970003714712,-4.9520374393346618,-3.4021336260064805,,0.2253963393141677,0.1538461538461539,False,2
-0.64800886614158226,0.76099275701934777,0.031217513770207164,-0.74750309702382611,-0.62759419331052357,-0.21763420793318033,-0.14602612554501951,-0.16436408454101528,0.97553104428885562,12.507891652562018,4.0883639226031416,-1.799954690692285,,0.2263875089950613,0.1764705882352941,False,2
0.94148320807733532,-0.33010602975183967,-0.068112979892867243,0.32783524545858894,0.94377804540390065,-0.042509444229486854,0.078316158891478554,0.01769209244466776,0.99677157319087606,-19.7360091667517,13.896259923774522,-1.5839647863477597,,0.1279735245133025,0.4090909090909091,False,1
0.99947066863035228,0.0031117750522215355,-0.032383628635775881,-0.0067277663840040903,0.99366742705611399,-0.11215962538794651,0.031829541421103405,0.1123181252679486,0.99316238301156745,-14.657184351353649,14.358733565306919,-1.5100669483099731,0.2772287490775853,0.2310564198111873,0.8970588235294118,True,1
-0.33689321543410211,0.93958189189160801,0.060735737616807693,-0.93021705022350187,-0.32217226363924228,-0.17578757639564205,-0.14559945352905193,-0.11571906053435123,0.98255274573993667,-23.875582282205642,9.7409945654747787,-2.0694808641471187,,0.209267324928759,0.6785714285714286,False,1
0.40811050063456361,-0.88533431146124986,-0.22277561855203157,0.90153791221436286,0.42926738725610797,-0.054395800191585512,0.14378877602919504,-0.17864116879305617,0.97335097508569712,8.662116210513739,3.9597768253806835,-1.9622787192898337,,0.5175402014272869,0.1204819277108434,False,1
