axis_00,axis_01,axis_02,axis_10,axis_11,axis_12,axis_20,axis_21,axis_22,location_x,location_y,location_z,dbh,dbh_approximation,score,reconstructed,number_clusters
-0.95842437358285026,-0.28003431799016321,-0.054804204857872837,0.28533570481551335,-0.93886161659936829,-0.19267174269688228,0.0025011356927921772,-0.20029889072135063,0.97973164626648745,-3.5203748049758636,-5.3775851285375937,-2.2722737383058251,,0.1825942346165144,0.2741935483870968,False,5
-0.9776375701211768,-0.21011308894139213,-0.0087904119964459116,0.2102652521575982,-0.97591113904707572,-0.05818910910935858,0.003647632473570419,-0.058736177432191242,0.99826687626004695,-15.553714798837953,1.9023408973290217,-1.9554939975830958,0.2887574568804999,0.2820311223459855,0.9727272727272728,True,5
-0.6839996521971714,-0.72857514432790949,-0.036369422070137686,0.72934173433269833,-0.68203854042617451,-0.053703481580873819,0.014321674298836157,-0.063258900092406992,0.9978943837923826,-13.646757779089871,10.363181304680158,-1.3786779481711091,0.3014210752806132,0.260878694382447,0.4444444444444444,True,5
-0.72456753104423699,-0.68898432750750316,-0.017392222557589591,0.68901652999534868,-0.72355170272054969,-0.041583108149381098,0.016065937558334419,-0.042113298840479749,0.99898366138348071,-4.5676365630029325,-5.1269622692149213,-2.2675829447671623,0.2966452612962203,0.2468945442044735,0.9794238683127572,True,5
-0.97579806529412561,0.21847967143143768,-0.0092070049121784764,-0.21673749598482064,-0.97189126549288618,-0.091935988018114714,-0.02903435211041866,-0.087715456048794715,0.99572235345385374,7.0486078703163928,15.75308956759225,-0.78394073664498631,,0.1914146539255431,0.5833333333333334,True,5
-0.99984408155309035,-0.017015385066585256,-0.004721149679179212,0.017267713026427132,-0.99805609697844067,-0.059881995382577907,-0.003693057012062581,-0.059954182132674873,0.99819429840823493,12.795189352391175,7.1682315921658191,-1.209723522504095,0.1857889521024659,0.1636162404834842,0.75,True,5
-0.80068992014821416,0.59851436256383894,0.026004030030916121,-0.59887852450947643,-0.7985447011666561,-0.060587730771251014,-0.015497246671578112,-0.064085240449409608,0.99782409136187067,-25.038884891887875,-8.7264403597870874,-2.9456326914400477,,0.1988370706628717,0.7333333333333333,False,1
-0.98885383578500707,-0.14876021299287906,-0.0062040699216709934,0.14887305923173069,-0.98726596771383701,-0.05605997885344749,0.0022144272996323334,-0.056358743992184636,0.99840812711403748,-5.1306881252797298,-9.4455715368882451,-2.5088913946680087,0.2016193551889204,0.1789078034207725,0.946524064171123,True,5
-0.98145185321184825,0.19151800677849637,0.0085506085526213804,-0.19161017384736953,-0.97854036102652908,-0.075791181018976514,-0.0061482603400639388,-0.076023778659457752,0.99708704934580739,17.518990044756119,5.7529588486575589,-1.25877241232126,0.3209440095435666,0.2440211351736053,0.96875,True,6
-0.98112627006318665,0.19336031691908812,0.0017406989539196082,-0.19322944590464028,-0.98004186387121484,-0.046693964226873684,-0.0073228018738788116,-0.046149029250729119,0.99890772530395988,-10.149738681289609,-10.792071836743805,-2.6489690254911316,0.2092312755430593,0.2160093669883252,0.9692307692307692,True,5
-0.93988070897019915,-0.34085545198854023,-0.021019366198012396,0.34131551368118168,-0.93554501395465395,-0.090880399345182702,0.011312516352663773,-0.092590969939172499,0.99563996467573379,10.762203601767276,-20.010349004902768,-2.9981663659221649,0.5146014842175584,0.2441201977776951,0.9848484848484849,True,5
-0.76125634110139262,0.62233498417927524,0.18217560374402927,-0.64778244800956475,-0.7170891859957147,-0.25721780532991745,-0.029439483413538317,-0.31381884391251086,0.94902636950811825,10.683113677378021,-0.72273372454978435,-1.7170826154204273,,0.614453611358771,0.1111111111111111,False,5
-0.9323320555766752,-0.36133266598983588,-0.013987231064390119,0.36152361272583627,-0.93061706164293667,-0.057031237236504245,0.0075904931217013463,-0.058228764951220389,0.99827440884078811,9.6145622911099835,3.2508497151937235,-1.5034000667579637,,0.1928048099397688,0.9825581395348837,False,5
-0.88600877345069395,-0.46334075862313084,-0.017429709318756089,0.46312039667778693,-0.88250879174514052,-0.081839664427098155,0.022537780489749689,-0.080582714592350543,0.99649308806409798,10.075083159468635,-15.951939615593268,-2.7904992757924871,0.3815683272139779,0.2137106915520678,0.9565217391304348,True,5
-0.87073297085643497,0.49154485513747531,0.014413495461022283,-0.49164527442490236,-0.86954033805962105,-0.046738898391197436,-0.010441149323188192,-0.047783426782080786,0.99880314703437567,14.491935119286751,-10.815444294410893,-2.4335348141088087,0.2583281701878195,0.2552572758822375,1.0,True,5
0.16923403743187318,0.95724589723418463,0.23460633581135071,-0.98528573967698363,0.17009673663381827,0.016706626700359287,-0.023913422249586452,-0.23398160700116252,0.97194688940366858,7.5316382201711312,9.0585376104745485,-1.1855451252955622,,0.2675116378923085,0.3333333333333333,False,2
-0.98764941550168417,-0.15658296527258034,-0.0055142583932344287,0.15665268388837308,-0.98620774260445299,-0.053424947895138672,0.0029272324388245332,-0.053628941938795811,0.99855664230767316,-4.745440102136957,-1.3208940611432669,-1.9927184842005701,0.2453793113144398,0.2090759211989032,0.9818913480885312,True,5
-0.45578054277803859,-0.88954155355906672,-0.031303694936520743,0.88990438944614314,-0.4546800847914963,-0.036554044078401376,0.018283174490343373,-0.044517917580678926,0.9988412689435876,10.331547083008765,-6.553038859647601,-2.1957975307758786,0.3533069387756593,0.1782538842387478,0.9416666666666667,True,6
-0.87245812015049684,0.48736103264540892,0.036000728357385214,-0.4885195793288527,-0.86784704737463692,-0.090499298204387305,-0.012862705618281877,-0.096543908259021108,0.99524561017984481,-15.575001821035826,15.382691543076119,-1.1230759389623475,,0.180788586919142,0.4375,False,1
0.99362456679530087,-0.11273611221992454,0.00088840440483517762,0.11239434546540499,0.99116706483416006,0.0703943228921102,-0.0088165394715367558,-0.069845676956931502,0.99751884696088566,12.084092206960852,-12.877831696033596,-2.6232118944447245,,0.194175926263365,0.6923076923076923,False,5
-0.92005292869327282,-0.39146391544691178,-0.016081396267292204,0.39173015765428015,-0.9183861069213084,-0.055807187691883933,0.007077569292168239,-0.057645134373140276,0.99831204865814305,-15.573983572415107,-1.6487135790799499,-2.2535170550262027,0.282310338861132,0.2524535204075221,0.9885057471264368,True,5
-0.96958393645361673,0.2446416487639114,0.0075798325302089071,-0.24464275657918336,-0.96770392601280208,-0.060819678005971392,-0.0075439926066683243,-0.060824133939470011,0.99811998923279077,22.273647272306544,-0.86216835322862329,-1.7510378823607891,0.2479922450029994,0.2202668869129716,0.9152542372881356,True,3
-0.97077661845994279,0.23994509006136297,0.0043715908915299253,-0.23988674860935141,-0.96969756748648595,-0.046270675945204891,-0.0068633004533096833,-0.045967177053161189,0.9989193729929613,16.224110466005087,-3.516350096331732,-1.922457951510061,,0.1694897705067916,0.7674418604651163,False,1
-0.79293066094343823,-0.60909919398216505,-0.016097789478075365,0.60915260316177033,-0.7918426328884226,-0.043798981741257612,0.013931008471836828,-0.044535565906464708,0.99891066185738053,8.7491824604671908,7.5576473567719091,-1.2598570495809447,0.2324678706071361,0.2003455669710976,0.9702970297029703,True,5
-0.9335241346125378,0.35816208236668545,0.01589379912644872,-0.35838706402921555,-0.93109246550144031,-0.068011271293575704,-0.0095604619360828789,-0.069186295183431876,0.99755794524747288,13.335346520509844,-4.9889495665384516,-2.0004373585389263,0.2180886033873046,0.2173524413668238,0.9391304347826087,True,5
-0.83880150229512762,-0.54425434335582368,-0.014115575998104143,0.54428079824239661,-0.83765666731192612,-0.045713459423860646,0.01305574249349623,-0.046027355411741001,0.99885485939737262,12.254238199677632,-10.918443421720472,-2.5511186415612817,0.2458141144288574,0.2390572199086597,1.0,True,5
-0.62278531542285254,0.77690609300549274,0.092495262281908547,-0.78210532844261815,-0.61498640446441699,-0.10051356896256988,-0.021206275376004179,-0.13493941223700892,0.99062689692426997,-3.540919680906673,-18.082076613814095,-2.9978144812320857,0.2500780107250133,0.1620453666786185,0.5,True,5
-0.87423713779726209,0.4804652896567525,0.06973186022976828,-0.48530325367661503,-0.8607438092980334,-0.15362567079105688,-0.013790535411729254,-0.16814636537898744,0.98566557256652432,-5.5302587939101837,-17.990278287470826,-2.9709647848327965,,0.2081265397150202,0.3095238095238095,False,4
-0.9932749649217385,0.11566328437646788,0.0051815737925373249,-0.1157155841195279,-0.9902493201216942,-0.077564086988756886,-0.0038402671255612017,-0.077642054621006082,0.99697390322045698,-3.8101723649178858,-24.154427634434544,-3.379288968853011,,0.08853509162538606,0.1666666666666667,False,1
-0.9895431376515994,0.14422207584184932,0.0020908291403919452,-0.14417855173036873,-0.98862319877346838,-0.042856925552914635,-0.0041138725745778811,-0.042710229299109531,0.99907903209188453,-4.847807109684017,-24.871740097581327,-3.4267689331876614,0.2998870294849648,0.2491254680843917,0.9782608695652174,True,2
-0.41674807458262392,-0.90322937921340074,-0.10245843477942682,0.90869345480644703,-0.41091248275985925,-0.073669102777571091,0.024438648154090369,-0.1238047658125606,0.99200561109224483,9.4271447632219925,-3.3424950466974188,-1.9371206305641249,,0.3102586134761617,0.9545454545454546,False,11
-0.97440553964749677,0.22467849898933831,0.0073086521444023379,-0.22463795013794455,-0.9719757745127916,-0.069288419797835524,-0.0084637853288208019,-0.069156820720422077,0.99756989654146577,-7.0747299002420325,-13.764878604371578,-2.7535313031689781,0.1778607574711367,0.1550267725517886,0.7012987012987013,True,5
0.56270847262264689,0.80585738169398957,0.18426354823457813,-0.82642557539286765,0.55365456275614822,0.10240797564578452,-0.019492131111217961,-0.20990594443370908,0.97752726372011611,-4.5304087341132009,1.7580762585495309,-1.8136262179975704,,0.382769737997775,0.1985294117647059,False,5
-0.91373413857028285,0.40323690303705967,0.049899138672971376,-0.40590816210751079,-0.91139289411123325,-0.067834773516639232,0.018124236417747176,-0.082237416013830208,0.99644795120550189,9.1140468523916045,11.168903957625,-1.0414880161404867,0.7361662273610998,0.264208399404973,0.9342105263157895,True,6
-0.4934970803260546,0.83476562088448381,0.24418638352496633,-0.86969669285550888,-0.47665385052526432,-0.12817476044693935,0.0093964964668048247,-0.2756219602440661,0.96122018335310055,10.818928050065194,-12.221827843721565,-2.6195089927559501,,0.402759479635154,0.2234042553191489,False,7
-0.99514011496149157,-0.09839641423866699,-0.0037811716967970964,0.0984610776175565,-0.9938374836669045,-0.050916325996915104,0.0012521137398461264,-0.051041176745910563,0.99869576472896604,13.428234643951361,2.5957171341544152,-1.520121577811459,0.2684429902825769,0.2296759780495591,0.9823008849557522,True,5
-0.99856526044507687,-0.050450195575842204,-0.017949885754912437,0.052447627159167946,-0.98906938813109235,-0.1378078077155255,-0.010801251669507928,-0.13855151831844217,0.99029632420504621,12.341554439398561,14.628684916679266,-0.74326646011659447,,0.2416782767459461,0.2777777777777778,False,5
-0.26422378103726746,-0.91640233300911322,-0.30065355076869577,0.96438609171747824,-0.25493347140459799,-0.070486816210474298,-0.012052370565918898,-0.30857039587921531,0.95112515009891652,5.0403241093575772,14.33072187757376,-0.9355314416391266,,0.4298089259043171,0.3372093023255814,False,8
-0.94346855016994746,0.33144722914447422,0.0031351447602786849,-0.32975063526291531,-0.93759527213681393,-0.11036133476176579,-0.033639461706771213,-0.1051562644788465,0.99388658641564054,11.074901496387376,-0.86984399725315131,-1.7264142820373434,0.1459721435327388,0.1241517414034546,0.3166666666666667,True,5
-0.99224817676983035,0.12425065357692265,0.0023088487723952984,-0.12419506734055424,-0.99080784496192653,-0.053622752728458706,-0.0043750365965847353,-0.053493826256959406,0.99855859598081076,-10.332777425972298,2.8308252715987345,-1.8017908867622412,0.3124802065148596,0.2849646092632329,1.0,True,5
-0.99979962669936062,0.019988902921868553,-0.0010724792768848162,-0.019906854408428289,-0.99846689040148096,-0.051648677810367666,-0.0021032354554055138,-0.051616979105500144,0.99866474047532183,-6.57105518879305,9.2444191000853326,-1.3844680740847577,0.2979469740530116,0.2484361626476942,0.9300699300699301,True,5
-0.31715837416183185,0.83761551524082645,0.44475927683058819,-0.94810846268580329,-0.26897313989782501,-0.16953994513703097,-0.02238098931204632,-0.47545104757624568,0.87945744221995448,4.6894384513424701,11.762961041705196,-1.0941608528544413,,0.4575542798434909,0.1927710843373494,False,2
-0.98967097497301937,0.14323485245607545,0.0059277599342785767,-0.14328692061809942,-0.98704100852714183,-0.072241995165586631,-0.0044966293748382137,-0.072345176256668461,0.99736951818102815,18.213176543504094,-2.4921621683985227,-1.8614839818160569,0.2445129647756462,0.214993888252181,0.9682539682539683,True,5
-0.98625352131404675,0.16493293799262226,0.010055727759064234,-0.16515131885173792,-0.98191761070723815,-0.092535656179226697,-0.0053882814676122102,-0.09292433345529176,0.99565859343186269,-7.4103532175875273,16.249237855648115,-0.98616637721381217,0.2932898175566709,0.2224909080676953,0.9183673469387755,True,5
0.23252257047494101,0.90627110003811373,0.35299567625600375,-0.97230427637710148,0.22541553676080137,0.061743258139177283,-0.023614579363759752,-0.35757590665835848,0.93358546615664806,19.175981715808803,-0.0067531958253698315,-1.639239321449101,,0.4029919905736593,0.2222222222222222,False,1
-0.61638810135715849,-0.78714894392456447,-0.021499967064169352,0.78722073397572512,-0.61533680234992782,-0.040547942888471633,0.018687549439079264,-0.041918489383672833,0.99894625268016968,19.561437258035667,-7.2149344513678546,-2.2354326981877439,,0.2098873949167553,0.8775510204081632,False,1
-0.998949251798395,-0.045800331824411872,-0.0016498291429711568,0.045822765792509504,-0.99750211728430804,-0.053756861408089447,0.000816374027058339,-0.053775976217056966,0.99855269160688342,-5.9694253995741837,5.0894896577982838,-1.6060434914913022,0.2682296189664366,0.2396877750724589,0.9532710280373832,True,5
-0.73166244237511857,0.68111329171247936,0.027472791453831524,-0.68145129379107927,-0.72982241029583639,-0.054620359028834428,-0.017152393656256697,-0.058685034570708901,0.99812918107291815,14.404226423326381,1.8016059365556287,-1.5699396113692083,0.1143970411611756,0.1144398721032216,0.7142857142857143,True,5
-0.27561464321085649,-0.96045998215918249,-0.039410545778203264,0.96126349438417102,-0.27525316130584621,-0.014428844564683518,0.0030104504789343501,-0.041860719796983158,0.99911892051246498,7.9704304974182545,11.879447829495282,-1.0254565724721496,0.3817966928557653,0.2928183534748592,0.873015873015873,True,6
-0.9530483697091352,0.30281330709312965,0.0017047117303810319,-0.30236833846998429,-0.95131104678883194,-0.059838784650429709,-0.016498269171728218,-0.057544707009953594,0.99820659876073681,-9.3564400666623548,-23.255068992619027,-3.3561952959964012,0.3572048319016675,0.3197587276195603,0.9516129032258065,True,3
-0.99536002261132328,-0.096200951382179073,-0.0019499590640495812,0.096175944455569456,-0.99407449300800288,-0.050656589492025422,0.0029348075349278947,-0.050609083216829553,0.99871422719448988,-21.6597446472956,-4.2947681182062567,-2.5786561107065027,0.2595631103870586,0.2685998325724985,0.9818181818181818,True,5
-0.69042511967811526,-0.71156404912339077,-0.13034476634136552,0.72297493958187842,-0.68492628441895642,-0.090461160995328471,-0.024907646497409678,-0.15669265747688368,0.98733328731426495,-12.086042595936219,-6.3966376847494395,-2.3890696102342206,0.4072185250114803,0.2747836820853364,0.9602649006622517,True,7
-0.79237819498552164,0.60952260434752958,0.024879527746556121,-0.60982911786332739,-0.79041102403727981,-0.057955673461490526,-0.015660240021243371,-0.061095072385124648,0.99800909265032944,11.82965644342141,-17.020296514668836,-2.8259889701290208,0.2164949995313155,0.2422397717576631,0.9726027397260274,True,4
-0.97151127892493805,-0.23688048307083304,-0.0073124320004013116,0.23694408375962714,-0.97021803266469342,-0.050343522558158368,0.0048307445536402262,-0.050641937486452557,0.99870519077186981,-7.5525863170090242,-3.7229043001705984,-2.1925050826143706,0.242620268846216,0.2131980021807539,0.9663299663299664,True,5
-0.95339460443015533,-0.30142670649254649,-0.013441311562614097,0.30164004988229609,-0.95111125713408806,-0.066337446889523199,0.0072116953951843563,-0.067300201826373821,0.99770670754668989,11.577875917164086,-14.735560429337935,-2.7292101145811483,0.1842918078615949,0.1819065045158102,0.9180327868852459,True,5
-0.97311453643833912,-0.23019707520473479,-0.0075766443483499335,0.23031558475437852,-0.97232163650459358,-0.039311151144137815,0.0016823767843109092,-0.039999271896051354,0.99919829256066139,12.297483807100193,1.6514081034969574,-1.5787409187580488,0.1583232192946561,0.1211764120818042,0.9253731343283582,True,5
0.30307588831000037,-0.95194105962447884,-0.044195304344785524,0.95267233628994297,0.3038084306399122,-0.01076369546092338,0.02367330971718918,-0.038841427279874219,0.99896492327503472,32.888516772109263,-1.126480389452835,-1.6372842488481041,,0.1105262846996644,0.5333333333333333,False,1
-0.86900588633119713,0.49452025868959359,0.016687817931287367,-0.49465691210792007,-0.86744132075246172,-0.053479849991212469,-0.01197116642554253,-0.054729048930182843,0.99842947791900138,-10.636544989742427,7.5044989848677215,-1.5157639557619831,0.2566860238874982,0.2403902183255369,0.9494949494949495,True,5
-0.41740529509056506,-0.88811375237679879,-0.19242344573767819,0.90845741331112106,-0.4027275584566038,-0.11187332952786744,0.021862017986138536,-0.22150502589960741,0.97491413758894119,11.253654557966135,-12.446112667390999,-2.6283369070154192,,0.6714039414159676,0.3987730061349693,False,1
-0.99533013192892072,-0.09646511235776517,-0.0035228641984783476,0.096519875598798391,-0.99405561034070489,-0.050372186418310393,0.0013572357015827949,-0.05047698136747366,0.9987243024294935,-7.0426754387559747,-11.798066588788442,-2.658941590407498,0.2002051996972005,0.1950740541442365,0.9242424242424242,True,5
-0.20277285457175501,-0.96618881685113867,-0.15925557962162151,0.97917130086785442,-0.19834624398566927,-0.043385839320347785,0.010331166709311106,-0.16473596355554576,0.98628359476666272,10.556095765476393,8.3950207166188076,-1.1681918744988198,,0.264798403472449,0.3793103448275862,False,2
-0.96533043840080324,0.26073065848236315,0.012516725780537027,-0.26094220727967743,-0.96264219573782472,-0.0723129825485649,-0.0068050831678865735,-0.073072065198763608,0.99730344636457824,12.628016664815544,-0.38714162367526872,-1.7102590717576187,0.2589629489303521,0.2287896506329179,0.785234899328859,True,5
0.065861547212450383,0.99780182763913505,0.0073327592885208143,-0.99751787301722783,0.066022679955608052,-0.024476493675860828,-0.024906818543669194,-0.0057024987050046556,0.99967351265228177,-5.9305549392505617,-21.047248850235441,-3.1604193385636719,0.3514414557417618,0.2739624933106139,0.6097560975609756,True,4
-0.99861907295151542,0.052533381444109871,0.0004370028640196073,-0.05247171501619901,-0.99696901150090367,-0.05744135470347355,-0.0025819102839392963,-0.057384962672804053,0.99834878664639382,14.345705900554877,-3.0965794977446253,-1.8474952482779297,0.2177265070644049,0.1900968010334569,0.8717948717948718,True,5
0.41404492269455601,0.86192334104843271,0.29266867981860678,-0.91014191901224484,0.39711073401714758,0.11808790024837909,-0.014439156747119559,-0.31526372941438952,0.94889424683057433,5.2631568003691429,10.589343066651818,-1.1405995029265927,,0.4773472172579993,0.1688311688311688,False,4
0.24909204153556355,0.94444875924026928,0.21440544772267872,-0.96846311567872279,0.2416069756120133,0.060870870746841173,0.0056875665717129563,-0.22280621738437481,0.97484616277716396,7.9536868910591547,15.144361664225784,-0.79036920051774695,,0.2146787737003172,0.6666666666666666,False,5
-0.39093670075125597,-0.91959674621957121,-0.038862840196009218,0.92015882414078887,-0.38947717279507088,-0.040190424573518291,0.021822794540662206,-0.051471897322094673,0.99843598163552794,11.772780800783607,0.52819204424389532,-1.6527867565513823,0.2299426536466182,0.2128239945306941,0.9655172413793104,True,5
-0.84588117257520956,0.5328948773607125,0.022540886528697578,-0.53321939955004694,-0.84387579113013467,-0.059587927367688996,-0.012732392794604417,-0.062423543853265047,0.99796853023856624,-17.456981051732939,7.7754453240043375,-1.6496716254481805,0.2857758652592661,0.2634300964547081,0.9615384615384616,True,5
-0.96479119405478553,-0.26255740660178656,-0.015542204247998483,0.26293097735849807,-0.96127883670295322,-0.082524537274215645,0.0067270364684148473,-0.083705473808840761,0.99646783221275714,-17.305721257605907,11.475898505472504,-1.395902903645128,0.2544248475431332,0.2456210049581945,0.9710144927536232,True,4
-0.86581913284653722,0.49937568582319797,0.031323371553536872,-0.50018447956237333,-0.86217849481253828,-0.080397322640147567,-0.01314213079329031,-0.085277004470120557,0.99627060425710423,20.3135254848644,-13.499714601304156,-2.5034342477881806,0.2824380486981751,0.2241736880699505,0.8913043478260869,True,1
-0.79716671862943145,-0.57865532581411183,-0.17228823702316137,0.60369108944398953,-0.75964729474241988,-0.24185337731041168,0.0090714516762141484,-0.29680633668688322,0.95489460531882731,-18.205355262530578,-9.3762994877485895,-2.7925952543729804,,0.2425914285433929,0.1896551724137931,False,2
-0.60910485023195549,-0.79254002970488535,-0.029522580159700742,0.79285416653832508,-0.60759475559757614,-0.047020033742432646,0.019327494062209065,-0.052047231297166367,0.99845757730990969,-13.366713642408584,-26.926786571046623,-3.7036993317409022,0.3882768788469274,0.3293284188846066,0.9473684210526315,True,2
-0.7559028493760962,0.65456512786279186,0.012464978582648733,-0.65442806871345982,-0.75493848396556251,-0.04232952052350257,-0.018297135979989092,-0.040154437036836993,0.99902594360766472,8.9417654204392445,14.008400145641609,-0.82621508542248334,0.2382894220684821,0.238733284377442,0.7884615384615384,True,4
-0.88511563498799362,-0.46397104166806125,-0.036071944683573831,0.46529392844881745,-0.88089417794340574,-0.086758327635323818,0.0084777855874833379,-0.093575209104044557,0.99557611833182658,1.3250542293137313,29.029308550139891,-0.26173528759768272,,0.1488997476727044,0.4782608695652174,False,2
-0.26978263682006881,-0.94103979998897846,-0.20411130225225993,0.96165761620985346,-0.25245025832345347,-0.10716107622641596,0.049314886758390651,-0.2251953860742362,0.97306478717240741,14.627792262069512,9.181911603894866,-1.0632437625241256,,0.2916953347304685,0.1136363636363636,False,2
-0.92463367884193115,-0.37531030245174973,-0.064766787976651211,0.38077323742255242,-0.91454444886172337,-0.13645582698791181,-0.0080188287165137862,-0.15083311284258052,0.98852671711807183,12.002055337733976,16.07865244701058,-0.64774623030462986,,0.1745277135760195,0.1666666666666667,False,4
0.01882818597583193,0.96220029292936438,0.2716911770733571,-0.9996603303345013,0.0230143884429478,-0.012229549464897911,-0.018020082363206857,-0.27136863159039576,0.96230678186344576,10.060337690521081,-5.5224771378806645,-2.068810042394559,,0.431760395302151,0.323943661971831,False,4
-0.97502837695245759,0.22202513676298111,0.0049500285693777788,-0.22170427854076286,-0.97183907170045625,-0.07985005693872102,-0.012918088642596515,-0.07895351392925247,0.99679459550302885,16.905019699000128,17.880511623148266,-0.49520510518074923,0.1987277041586858,0.1505433636429008,0.1578947368421053,True,4
-0.55587014039680005,0.82517528912865101,0.10046954377665658,-0.830526129855089,-0.54619294296644505,-0.10908536419512105,-0.035138791145545051,-0.14407987807151104,0.98894198722257165,6.905522613730648,-22.493575477324903,-3.2148250875476085,,0.1461777442664778,0.2380952380952381,False,2
-0.74510194886190451,0.66642896262540485,0.026372780972417641,-0.66673119607934539,-0.74326013985759842,-0.05508063791814341,-0.017105495514540905,-0.058624246459044176,0.99813355807242143,-27.845204368528499,7.7052782222565277,-1.9670903476123713,0.3424519430195682,0.2893332038574226,0.9534883720930233,True,1
-0.41171789479089338,0.90963290711990485,0.055284259907711998,-0.91124306284342171,-0.4101861694775828,-0.037193907956086639,-0.011155963817297779,-0.0656907958080616,0.9977776625167597,-24.819223863462167,-0.50149324439553755,-2.4102577814324913,,0.2135179586718133,0.2692307692307692,False,4
0.30808078035583353,-0.91054415490790941,-0.27567294886945787,0.9462454954651478,0.32328464791434874,-0.010319822421617768,0.098517486200464563,-0.25767494714453271,0.961196091610242,16.010737303875377,1.5335318635506983,-1.5594097119664512,,0.3710287328834814,0.2307692307692308,False,2
-0.99248925348513151,-0.1222516630293089,-0.0044286118700280416,0.12232400024025686,-0.99136490763255347,-0.047248903478510219,0.0013858866290883938,-0.047435754460830933,0.9988733295653579,-13.951345924627686,-13.748456927468876,-2.9342607713295417,0.2708622146574097,0.2434967050640552,0.9787234042553191,True,3
-0.38349185926116258,-0.90740690756945452,-0.17189152967978311,0.92327596063092554,-0.37219554625458545,-0.095036708009549969,0.022259703534823767,-0.19514912104206356,0.98052094631122066,17.690243768285757,20.528681479945497,-0.27424161597874813,,0.272379800352514,0.3076923076923077,False,1
-0.25354234804496029,-0.96630056601625147,-0.044491503284555652,0.96703966156294685,-0.2520838205021072,-0.03588927981002242,0.023464243266487449,-0.052124500551399125,0.99836489608268886,-22.215290185310803,2.7021008013655186,-2.0957763031893601,,0.2132852543085781,0.9354838709677419,False,1
0.80857048839042256,-0.58092062274116996,-0.093514680013808693,0.58820184180399182,0.80214274910103833,0.10288636140432524,0.015243313369006781,-0.13819638250924199,0.99028753463774066,1.5670724768253443,25.502113183824044,-0.37530762096266013,,0.2669400314902161,0.3225806451612903,False,1
-0.83037045170062584,-0.54848704823627814,-0.098218485325080956,0.55706408849379052,-0.81309468043319089,-0.16898710590405921,0.012826310969279978,-0.19503589046199207,0.98071223464307689,21.164822886864194,15.569084662816522,-0.63814826860089591,,0.1661898310518766,0.2777777777777778,False,1
-0.91838738339888704,-0.39513914463985017,-0.020728492155344537,0.39550991839294841,-0.91517945868444561,-0.077578752599211598,0.01168411171420603,-0.07944567184770869,0.99677071925198402,-14.385286843952407,19.1750596031101,-0.93440065058790434,0.3113624282500322,0.278425334824897,0.8448275862068966,True,2
0.97515693970387618,-0.2143798188099966,-0.055769491967961105,0.2214222056004557,0.95064084744006705,0.21738027979893196,0.00641481210956313,-0.22432849231746163,0.97449247186429033,15.399117506248718,7.6678483947771641,-1.1614917630853514,,0.4233328716158043,0.25,False,1
-0.19824764481484392,0.97979831291897768,0.026327501334024932,-0.97985232175380133,-0.19745140148437301,-0.030039500753888077,-0.024234250123602974,-0.031752323583992659,0.99920192707378486,14.059627057222768,11.506187879909726,-0.94367724495728533,,0.1751424877074911,0.5555555555555556,False,1
-0.52017521669404654,0.84112425124167078,0.14808017392763981,-0.85232568880777759,-0.50021423687431588,-0.15273060409293693,-0.054393603811929356,-0.20565921132150725,0.97711085587202762,15.002404511488413,-14.189101145508445,-2.5685670075855804,,0.2962416074711041,0.2,False,2
-0.9941007159010139,-0.10731174332145123,0.015746631081058522,0.10576933004641796,-0.99130269712869612,-0.078305884114192273,0.024012818797965383,-0.076178424837248709,0.99680501208746564,15.289064673365194,10.042564445577975,-0.99999947356608099,,0.2116319615121546,0.4871794871794872,False,2
0.6913380495443302,-0.71407722008874963,-0.110206283861513,0.72229676620342975,0.68691415679681689,0.080226695832409586,0.018414200615529147,-0.1350654098666324,0.99066556025393837,-9.4813549892658511,24.718639399744575,-0.62260840664661921,,0.1959949839330222,0.3703703703703703,False,1
0.69065885097931445,0.72250912068172246,0.031159622842013127,-0.72298001041087123,0.69084100538500071,0.0062136804663208145,-0.017036904361675133,-0.026819317857939243,0.99949510658102048,-21.193447589716193,-15.181215853298077,-3.1943926377228169,,0.2060931815105795,0.4615384615384616,False,1
0.057639860222117506,-0.92066836398630891,-0.38606658760937657,0.99803582702114135,0.06264455755692519,-0.00038391499594472855,0.024538428959527483,-0.38528615724325066,0.92247083560453447,-10.237920932280936,-13.825724953835529,-2.8373870166293602,,0.2934102919900585,0.2391304347826087,False,1
-0.99727719724378494,-0.07351154421378675,-0.0058518992546011837,0.073739727829195009,-0.99320955838238056,-0.089984585777530504,0.00080274358158360167,-0.090171092957676696,0.99592596592194604,18.290617949386828,18.709192621209706,-0.4130972221318317,,0.1253912093285397,0.6129032258064516,False,1
-0.91550430427884932,-0.40112432861802017,-0.030840587504822128,0.40220878682983308,-0.91088090100942498,-0.092325922541464128,0.0089420715594317399,-0.096929134768659858,0.99525111514091025,15.9699914511089,14.959025192012851,-0.74908601870388702,,0.1655500851963019,0.4615384615384616,False,1
-0.907521779999653,-0.40790705063908056,-0.10008025212392209,0.41990017638122717,-0.87583727794930211,-0.23789263214604053,0.0093840663507633697,-0.25791646049309003,0.96612164798509759,-17.916140147538883,-16.554309084376968,-3.2091298406556157,,0.2157220053152055,0.2424242424242424,False,1
-0.99979901418181372,-0.01957887178271104,-0.0043126582046189525,0.02004155733516598,-0.98161460281427915,-0.18981861742554884,-0.00051693389805449168,-0.18986689896209344,0.9818097032815799,4.2105528123983174,20.958992028650304,-0.53607962143539833,,0.1543128134727051,0.3461538461538461,False,1
