axis_00,axis_01,axis_02,axis_10,axis_11,axis_12,axis_20,axis_21,axis_22,location_x,location_y,location_z,dbh,dbh_approximation,score,reconstructed,number_clusters
-0.73304966599008714,0.65951335479130979,0.16637404257796251,-0.67889757774238624,-0.6944618606043399,-0.23837114569821294,-0.04166852681991897,-0.28768882324113676,0.95681705401544104,-4.90436713687623,-3.5965745196317038,-2.2404247065860927,,0.2453368459581036,0.2222222222222222,False,4
0.80307178063811802,0.56477613195418097,0.19000956796329213,-0.5738010238226442,0.81894488098627316,-0.0090369777284590447,-0.16071123234798662,-0.1017703428374547,0.98174064656401949,5.8922991768108597,3.8600075157788205,-1.4711415081766528,,0.3246749339339884,0.2971428571428572,False,5
-0.77879267909506356,0.62418631260896784,0.062236726613422833,-0.62493289092532034,-0.76347118116469748,-0.16300502253214089,-0.054229556771704407,-0.16584089568801233,0.98466032340586496,-6.9927238245265286,5.7609022751512766,-1.0695489534504434,,0.0967926228591961,0.2727272727272727,False,5
-0.99847771394697327,0.018949281332775385,0.051799415905977891,-0.034913504148819011,-0.94417504438939381,-0.32758896925925207,0.04270014027236383,-0.32889878426236263,0.94339932570013141,14.445073787150285,-7.2853388561111752,-3.0490000583785166,,0.2709055878198783,0.3409090909090909,False,3
-0.87812354998168951,-0.47835536646666188,-0.0086703137256606139,0.47239179181886987,-0.86402031403691004,-0.1741117226200381,0.075795949692006259,-0.15698738899703163,0.98468773410974386,-12.789065207023125,8.1264780865733854,-0.72785984635858425,0.2147757150258948,0.2010029940596805,0.873015873015873,True,5
-0.96378402670858321,0.26327181857623794,0.042524103811287003,-0.26662542339512274,-0.94790207549710981,-0.17433456016420421,-0.0055886904337450957,-0.17935887157270874,0.98376783934391931,8.4942294298341992,-5.4672350127291507,-2.7026497005881329,,0.08163699860875037,0.2222222222222222,False,5
-0.10940840554953404,0.98078688539647418,0.16151435301357409,-0.9892548211348251,-0.091586298257905707,-0.11395985623420077,-0.096977830748137775,-0.17224701856838823,0.98026846574685234,7.5463298784691668,3.136400472073043,-1.5833544862725704,,0.1475917800654643,0.1521739130434783,False,5
-0.84236424249859554,0.50243041739674332,0.19490038130876419,-0.53890246457655699,-0.7836102612241902,-0.30909398599369264,-0.0025722816875791699,-0.36540201720665216,0.93084625432357471,2.6659500395933975,5.3389090533797638,-1.2369281479470757,,0.4205475486343777,0.395,False,5
0.37158209617472948,0.89431295839581948,0.24926106444391116,-0.92133454312302898,0.38827570029854702,-0.019612246326022029,-0.11432150038673321,-0.2223652693272723,0.96823771954326177,-10.206745884985208,-0.3758184943805104,-1.7566594418605639,,0.2969240119098289,0.125,False,2
-0.99901393144216222,0.038241469013314135,0.022555594254613842,-0.041056957754287159,-0.98908032147248548,-0.14154308141286007,0.016896479054457514,-0.14232957431113388,0.98967509884404681,1.4563052483655994,-19.845040951401508,-4.3674701655193617,,0.2273576533652847,0.9354838709677419,False,1
-0.96359286117747034,0.26584696826686394,0.028533968373379452,-0.26716466693745894,-0.95311919112830445,-0.14208042878286586,-0.010575378386264926,-0.14453095504508146,0.9894437651558291,-9.054078212085491,-8.5931698677645318,-2.8029163582855552,0.1847768525921374,0.1743087842602932,0.6162790697674418,True,5
0.10666973316190949,-0.98557460197362867,-0.13139357659980921,0.98313277069041893,0.12429243526578121,-0.13416909379689754,0.14856487882991098,-0.11486554957960397,0.98220893006428556,-3.8977382108846421,-5.5258709288722123,-2.5072461120513512,,0.2246902894471695,0.3076923076923077,False,6
-0.99939312630619259,-0.022971463666868322,0.026185701230577854,0.017440696518376368,-0.98070890303013558,-0.19469429786817691,0.030152963318540123,-0.19411944615218296,0.98051437492200033,1.8332759847192845,-6.3320154944268552,-2.695591566041418,0.3478300953232174,0.2097500554468797,0.9361702127659575,True,6
-0.52188911902845991,0.85150989623579798,0.050622564654486647,-0.84864114192419748,-0.51229809714379138,-0.13175307167745057,-0.08625520084778153,-0.11172088558255333,0.98998913329963245,18.862081007824241,-0.86211198523229027,-2.4117413941233816,0.2472502539057922,0.2565170314416654,0.8714285714285714,True,5
-0.90279205899567727,-0.42849739706104151,-0.036830407630907627,0.42467144663653561,-0.8746343773941373,-0.23381374701245258,0.067975441344493598,-0.22672601657569708,0.97158357992595734,0.43897616305217391,6.5404604926069432,-1.1113614000183738,,0.3462622952674506,0.364963503649635,False,2
-0.61548371835219007,-0.77678885285065535,-0.13333743109242091,0.7848906702710895,-0.58873468896878278,-0.19323069561079409,0.071599079356949952,-0.22358565269666714,0.9720509388624875,-5.8561051209394321,11.953199493930104,-0.3568394904255508,,0.2637659859403215,0.2068965517241379,False,8
-0.98957745991262691,0.13547608383051118,0.048812719068109384,-0.14392220882126019,-0.94172935116186451,-0.30402668792108339,0.0047800251969476459,-0.30788319192544844,0.951412156475265,2.0125969269112556,4.5641388843488349,-1.3265242883105035,,0.2217544760692441,0.1333333333333333,False,1
0.39511897618156211,-0.91855416751215946,0.011799830815668943,0.91343226571237401,0.3914864564620481,-0.11126477592818235,0.097583249673260583,0.054741170546793484,0.99372074227640705,-9.1480836470794475,-10.19303304161881,-3.0032848103907179,0.1876134663557867,0.2331751977220605,0.9787234042553191,True,5
-0.43086508512680688,-0.90063221022784734,-0.05671772490828389,0.89712737509003249,-0.42069823612404722,-0.13481641957188667,0.097558963108149169,-0.10897071176337952,0.98924599200352825,-8.8566705910704009,2.8068580047392619,-1.3903251032521782,,0.2184755862440513,0.3928571428571428,False,3
-0.73066415912145044,0.68086031131367231,0.050587775728864637,-0.67983428690773429,-0.71873232934607534,-0.14577098853138673,-0.06289061074593795,-0.1409009411984693,0.98802413728075944,13.110503089548228,-11.783314577709126,-3.5741839631364671,0.212745626290309,0.2508370033188332,0.8651685393258427,True,1
-0.75243508964756689,0.65704284582940042,0.046218336312139709,-0.65607002414690263,-0.74139744945927333,-0.14107425474255578,-0.058425673149239285,-0.13647168453451372,0.9889195720772096,3.224294055158559,8.8584966410604711,-0.84575289923819419,,0.07686630958514162,0.4186046511627907,False,5
-0.91527830082322259,0.40160631489251042,0.031272989633416085,-0.40196000350041217,-0.90548658794904657,-0.13609626971501285,-0.026339848672735644,-0.13713645351565229,0.99020190137620223,-5.4511383733096936,1.8321968445721672,-1.5289065307913989,0.1255966888137467,0.1202287676940857,0.8010471204188482,True,5
-0.27902563526321233,-0.9585900721619568,-0.057006740114638126,0.95407155974451174,-0.26999018629193738,-0.12981817358413858,0.10905115200050548,-0.090611107810146946,0.98989770854810188,-9.4405350233356966,7.3957545077012492,-0.87114768709464463,,0.1615849798498889,0.8035714285714286,False,6
-0.99933110495416722,-0.030847654405420557,0.01964089836967044,0.02796795674702118,-0.99072168185264153,-0.13299752818180538,0.023561325652024234,-0.1323592509980209,0.99092173889200885,-5.5724602431697043,0.085809205297252916,-1.7658953957525145,0.2031769606052786,0.164698962385182,0.8892857142857142,True,5
-0.95835156657707476,-0.28543745837047907,0.0093665467632032713,0.28059296990601262,-0.94718195986855236,-0.15528657423902079,0.053196429190216145,-0.14619094451630205,0.98782505924016806,-1.1051874205623577,-4.1557052625693895,-2.3643710126107615,,0.1930457133742597,0.8161350844277674,False,6
-0.95371663825615882,0.29580148419763863,0.054093029678948655,-0.3005217301775891,-0.93127166059101318,-0.20596063670305265,-0.010548156447540105,-0.21268421691919845,0.9770640512622637,-1.9508894681664413,-14.454159855581715,-3.6504316126331942,0.1200807433507517,0.1353186723281591,0.4,True,4
-0.99272716224540725,-0.11875884762408687,-0.019726060204203436,0.118598942125423,-0.93664455832703419,-0.32959257012724918,0.020665726866274534,-0.32953498671211545,0.94391716811685045,2.3139840505107068,-10.914031358525078,-3.2938182668861549,,0.2822609130047938,0.124223602484472,False,9
-0.99995793215042583,0.0073733988038302009,0.0054559068471487365,-0.0081440071246382563,-0.98736445083556079,-0.15825648920074631,0.0042200802597738354,-0.15829426463479895,0.98738296354875899,22.016269795344371,2.8819468444347338,-2.0335421987486857,0.3441353978887111,0.3227180630173301,0.9871794871794872,True,4
0.73836421868261259,0.62684599913294548,0.24876168101263973,-0.67180795800628867,0.71598019127411239,0.18985898256997399,-0.059096092329659754,-0.30730515627646793,0.94977428518425355,-1.0941894918595996,4.642626915461177,-1.3339378662482477,,0.6224892565514917,0.7113821138211383,False,8
-0.90517997477862677,-0.42485047740227788,0.01229980125127187,0.41940213903980683,-0.89751657613545222,-0.13625652766355509,0.068927926333226142,-0.11817811731937217,0.99059723074428674,8.6584582270992207,-2.9396766467416331,-2.378062057540653,0.3422261818275156,0.2784717366310791,0.9850187265917603,True,5
-0.60379479421883464,0.79544019160114809,0.052026416941439661,-0.79335988374824107,-0.59330206652881368,-0.13628188695353674,-0.0775367095846414,-0.12356196598536323,0.98930303710673961,-14.95545467122292,1.7547425095232183,-1.4154842257283347,,0.1056386824166419,0.7142857142857143,False,2
-0.9784790170622486,-0.20568473785640609,0.016510656614364922,0.20092422612520769,-0.96793492851848284,-0.15076945814688647,0.046992217705513276,-0.14420736030751299,0.98843106421654747,0.60723801199724603,7.9152890348470031,-0.91984790931414762,0.2503830134915684,0.2153695396541408,0.8682634730538922,True,5
0.93678007400980123,-0.34942436891674267,0.01859309940079713,0.34945234728702573,0.93146761371551423,-0.10124792133527513,0.018059621086274645,0.1013444374707471,0.99468746603139546,0.95765560542164074,2.5276660288606605,-1.5582683232271533,,0.09726371804667767,0.5714285714285714,False,4
-0.4199615958287452,0.9041109548966596,0.078839325623864101,-0.90275524779057226,-0.40725688433467078,-0.1384730758978085,-0.093087166760823709,-0.12932598887257157,0.98722316017533507,6.433145120373073,6.588408487940403,-1.1102188518449667,,0.1272513594755824,0.6057692307692307,False,4
0.010325757027933053,0.99822830409532792,0.058597198267207051,-0.99343580744353721,0.016917233052578334,-0.11313312386234331,-0.11392398882942804,-0.057044369825698257,0.99185042453002059,0.56958261968112645,-3.8988183639397773,-2.3536271095859997,,0.1807624656331862,0.8665158371040724,False,5
-0.58052322151195024,-0.80842583489831632,-0.097162023210448895,0.80730556768857287,-0.55591966530024495,-0.19801779241142689,0.10606841973188183,-0.19339336907304783,0.97537095257863682,-7.5637432880171538,-6.9719557370825411,-2.6677242001432928,,0.2062009435754511,0.1363636363636364,False,1
-0.98237019258569869,0.18438549850234706,0.030834925995981206,-0.18694454324398399,-0.96955752135839213,-0.15814534621249071,0.00073652592271664791,-0.16112169537157731,0.98693427177809212,-4.2294790581831929,13.224036791477255,-0.20996532160744949,0.235137855597548,0.203135167895059,0.9047619047619048,True,5
0.89110868296471724,-0.45348852845216375,0.016536919519029483,0.45258136387994224,0.88548718411888649,-0.10527371860904866,0.033097193437798537,0.10129462633080276,0.99430577513310492,-2.5916426920280133,7.9825959750923632,-0.91098514937167774,,0.1239219878304622,0.52,False,1
0.99815682070631251,-0.0027923345859915943,-0.060623132095163478,0.0049432502995170238,0.99936244283109399,0.035359187422024707,0.060485746700723562,-0.035593689415813791,0.99753424187835671,7.544027603928571,-8.9621702376283015,-3.117049451329716,,0.189490499370865,0.3,False,5
0.41012873250652448,0.88935248006175638,0.2021053907756932,-0.90645250411155909,0.42195214978822432,-0.017327466028823041,-0.10068902900751248,-0.17609244588312117,0.97921048296085178,2.4047267197746507,12.436750044623206,-0.32725677894282007,,0.4983554961843513,0.3,False,6
0.97387042324241524,0.22624429482450664,0.019746336191875168,-0.22338137354262033,0.96995681810693113,-0.096356281383684211,-0.040953152355504327,0.089427568832218279,0.99515101831074226,-12.278016792938784,-2.2735288480132705,-1.9649517720821355,0.3337053940061203,0.1779764121923876,0.6590909090909091,True,6
0.079671919842241173,0.97703535266243735,0.19762162036690056,-0.9903049022956576,0.1002114275702071,-0.096197038798136375,-0.11379185242292388,-0.18804145668476685,0.97554693628242783,-3.3967854065168352,13.41223785702226,-0.20364045016381271,,0.220905093085136,0.1612903225806452,False,3
-0.40405173653117454,0.9122882988537111,0.066874912940097855,-0.90982310790240994,-0.39323912568113584,-0.13260807803575506,-0.094678965630932893,-0.11442486534027117,0.98890992696954905,-2.551213146784832,6.1545012611355618,-1.1220487890732469,,0.09255833155042963,0.6451612903225806,False,5
-0.70649238319628993,-0.70014373462989776,-0.10328244451079788,0.6963273742001681,-0.66159626473126032,-0.27824192788496671,0.12647806301934578,-0.26849419612375885,0.95494197008128778,6.081766104928862,-6.3375749683093163,-2.7446503022719204,,0.4119159332518046,0.2647058823529412,False,6
-0.99737990141256971,0.046386121474408175,0.055512701184628921,-0.061286897638013406,-0.94949885778917475,-0.30772688416022376,0.038434989737999643,-0.31032281062083328,0.94985393865174139,-7.8381242344437778,1.8989321740521454,-1.4869194222042412,,0.3825379858103429,0.2763157894736842,False,5
0.82948350772989132,0.55624972583680588,0.050431665752728783,-0.55223922158580152,0.83030403449575385,-0.075013681701295298,-0.083599955421186922,0.034372267986761698,0.99590641861925111,-15.242435297510173,1.3650752875173247,-1.4702172269455851,0.1406571414296868,0.1250219619205524,0.4642857142857143,True,2
-0.96851779765160761,0.24695486490759871,0.031409717135777199,-0.24887877925958554,-0.95762977661615256,-0.14492951449706948,-0.005712168269436789,-0.1481840262530596,0.98894330752429593,-16.453389148868126,7.4179720115638448,-0.72879162846942847,0.2073319149037797,0.2635786766744867,0.8367346938775511,True,5
-0.95523474426992838,-0.29551099371936462,0.014136333702879464,0.29080852227622661,-0.94667041054403289,-0.13872828540679824,0.054378182307638898,-0.12840711191903048,0.99022958292384466,-4.5298932611043607,-11.098724429379345,-3.2673338807950021,0.3225836683432199,0.2594457161288229,0.975609756097561,True,1
-0.88498308835600348,0.46301216457543692,0.049240925854811893,-0.46376279738676029,-0.86706046669064729,-0.18201707299647424,-0.041581258805830093,-0.18391814091428146,0.9820616662708902,7.7119976449317784,2.7949499353695217,-1.6095146532013367,,0.7686759207605809,0.6914893617021277,False,2
-0.76688945061051872,0.64029329281582514,0.043647104341136188,-0.63908019365588431,-0.75566540606004795,-0.14333980661651946,-0.058796909944784828,-0.13781978544161244,0.98871058966806535,3.0613206297555617,10.648359070089871,-0.59252124381702476,0.2283053422405562,0.2339387363646317,0.7890625,True,5
-0.7958046918354299,0.59340000108157964,0.12071176897510516,-0.60486928541748253,-0.76947939595632542,-0.20502342977629098,-0.02877568437521677,-0.23617344879361607,0.97128474819368404,5.5648156574773351,6.3985475876062345,-1.1658369849096573,,0.1970393417638001,0.2641509433962264,False,5
-0.97962786632485599,0.19744730845682368,0.036657930969525417,-0.20081403040661963,-0.96156699263577805,-0.18725021726351926,-0.0017229949680208217,-0.19079695767108507,0.98162801112834963,6.0973968134594809,11.590632230079009,-0.52460437154192219,0.1833173113928046,0.09034152042514298,0.53125,True,3
-0.85938023590648105,0.51006338616586588,0.036068715340759581,-0.50982204470361114,-0.84927375843406328,-0.13716984351347022,-0.039333101422987279,-0.13626967868271961,0.98989064133577809,-3.7212082347803954,6.1128350438011863,-1.1287793797124035,,0.1996117021973905,0.7575757575757576,False,5
-0.73864173396530164,0.67150867871332809,0.059029511749753807,-0.67118785987560059,-0.72449916411874837,-0.15686879213803898,-0.062571923418935749,-0.15548972829070234,0.98585379179457433,-3.8440041720883973,9.9222443898089541,-0.62740877554250651,0.177204800155299,0.1662774643473531,0.7714285714285715,True,5
-0.76309972402133508,0.64503688786012692,0.040077730702780229,-0.64365926783874117,-0.75296184162495927,-0.13693506483748139,-0.058151166143579125,-0.13029151298711542,0.98976894451163189,4.4361939230724232,-5.9086999883622555,-2.7135776112877288,0.2927200073486655,0.2459657557133637,0.9944903581267218,True,5
-0.81498860534124695,0.57749909627455709,0.047836878723419171,-0.57736694644039355,-0.8022110138256171,-0.15200295541525127,-0.049406298404402207,-0.15150010923740331,0.98722172513525541,-6.7884869052761143,2.2750420918166299,-1.4643219965959813,0.1246854231203453,0.1247478626935078,0.6384615384615384,True,5
0.86167597470395685,-0.49856836214497341,-0.094573267290845642,0.50520750035981932,0.86035951726847892,0.067430576341405507,0.047748258587828593,-0.10588243156269926,0.99323160163589275,-6.4014306353695449,8.5343058041009616,-0.7276915185239502,,0.2900360235676579,0.2368421052631579,False,5
0.10371512090010856,0.99015127159168626,0.094040592629157899,-0.9886203744666916,0.11298737128471141,-0.099315704294484386,-0.10896297025143255,-0.082669905621925777,0.99060221977262286,15.201822008962948,8.2728006938010132,-1.0806779096573553,0.2044604812968985,0.2448155494632339,0.7704918032786885,True,3
-0.96733549202807734,0.24703484023080932,0.056884387796097634,-0.25336120824103758,-0.93473816668714871,-0.2491438498076769,-0.0083752027700831136,-0.25541798576154945,0.96679444998824504,-4.8848842532171126,-3.403164165393695,-2.2264246381868018,,0.6389866449547869,0.2142857142857143,False,1
-0.84183136345310705,0.50955628195067093,0.17796727516960159,-0.53891693729332923,-0.77533064205982016,-0.3292885211808726,-0.029807552819076225,-0.37311498362799195,0.92730616237962249,6.4987959844620571,-9.8264909328408105,-3.1998221047030166,,0.2096574324726347,0.2,False,4
-0.45696397794595156,0.83466966279488142,0.30742556313633163,-0.88465815154946115,-0.39051784412562768,-0.25470722077821467,-0.09254122193326661,-0.38835855524161,0.91684990855305593,1.4986814610992079,-13.850786983772384,-3.6158529899396838,,0.6202622573575313,0.467948717948718,False,1
-0.9813276939390766,-0.19167724607991837,0.015993450016642759,0.18762058482380248,-0.97223040871091093,-0.13988047943938142,0.042361223525657327,-0.13426788786986762,0.99003922196465333,11.843163334441094,8.1862345849454901,-1.0435612138066583,0.2760439466040387,0.2319832963967695,0.8769230769230769,True,5
0.28300249848539583,0.95829872983638142,0.039662705971770407,-0.95175443110051738,0.28570403470234801,-0.11196743917465947,-0.11863004986745607,-0.0060620911226292457,0.99292001808789587,-7.1999853080945488,10.727105312038386,-0.48876036278441731,0.1904372401613304,0.1284090249293768,0.8983050847457628,True,5
-0.96098043640894892,0.26624698009144754,0.07502763778403429,-0.27432696622787961,-0.88247750828407945,-0.38207088736637818,-0.035515017098062721,-0.38774475233703443,0.92108234734773731,15.212589752207171,-2.90943007588915,-2.5185854799781069,0.4618464704156758,0.4615650976506693,0.4791666666666667,True,5
-0.63977744447946183,0.75299919102748836,0.15387345400451144,-0.76728065476799046,-0.61423210458432786,-0.18438904120557795,-0.044330783369283575,-0.23603207411251645,0.97073355851954057,6.4887291413962895,2.5765049285930202,-1.6117377158661088,,0.1634282923900622,0.1612903225806452,False,5
-0.22824974773776219,0.97253270885627352,0.045630941939946115,-0.96783669359081792,-0.22155543534181205,-0.11918608815500843,-0.10580258596481126,-0.0713674945278234,0.99182281357507585,-6.5691190943678848,-3.8088132320620836,-2.249605798585963,0.1443225526922454,0.1556868357402848,0.7767441860465116,True,5
-0.91312053047979946,-0.40739780766346745,0.015424756960512202,0.39904840327635477,-0.90087475133767325,-0.17083633760086742,0.083494123499094824,-0.14983894257931185,0.98517867548370752,-1.5468923266068555,10.562641101943424,-0.56062433473505546,,0.1204077114140482,0.5714285714285714,False,2
0.65972260061726329,0.74468583325924986,0.10104009094300627,-0.74739798025737569,0.66420052020346332,-0.015294707210121578,-0.078500632748975674,-0.065426895879483471,0.99476478222421238,0.19049729706385804,-12.933644107650659,-3.4948272965673191,,0.2180628728042125,0.3928571428571428,False,6
0.26606962078506341,0.94369995397849482,0.19656386686336769,-0.95882667407434541,0.28009731389568415,-0.046871140715280271,-0.09928930445330772,-0.17599969207191726,0.97937007428845257,7.269697381962084,0.75857158693425975,-1.8642499065035367,,0.2684721327774658,0.5539568345323741,False,7
0.025941406082981497,0.99757938516952971,0.064516770960926451,-0.99281318261242679,0.033252437843159559,-0.1149619928866677,-0.11682905409796515,-0.061070824968012402,0.99127257929204537,-10.220220882648894,3.0503715478143043,-1.3149307314343264,,0.1745895040698745,0.7981651376146789,False,5
0.97339530874443492,-0.2291049038571279,-0.0035377878602885562,0.22897847042299888,0.97319173059171094,-0.021603601335336509,0.0083924368971205407,0.020218766938871639,0.99976035551846165,-6.0771218907573408,-5.4408130993375989,-2.4880172974501256,,0.3064844634174848,0.3305785123966942,False,5
0.17585455092503785,0.96755833151794457,0.18140025366344975,-0.97872559366340051,0.19162885622103429,-0.073311620986322726,-0.10569479281013476,-0.16464888877131498,0.98067290887389835,-8.6001494730540209,10.434882984099849,-0.51739197883533528,,0.2953223526573716,0.28,False,3
-0.52570616789904367,0.84268064814141685,0.11628564090576646,-0.84568571521147573,-0.50295135552601256,-0.17848138575717482,-0.091916789109267871,-0.1921698707459332,0.97704761637155346,0.29824535933188473,9.1044137446942468,-0.78618896830822549,0.3086030357313532,0.1644818379356053,0.1621621621621622,True,5
0.6394029914801127,0.7378886959032589,0.21606500629317871,-0.76383142207997656,0.64173886986467576,0.068795214572598656,-0.087894101790528756,-0.20902510701587351,0.97395232506906593,-11.742610969019664,-4.5775295480252112,-2.2362087016534247,,0.3678458582159522,0.2954545454545455,False,5
0.78003601946613066,-0.60212689832801558,-0.1702557095821427,0.62007667887734863,0.78032680753299677,0.081209517655257024,0.083956659342024273,-0.16891794385217251,0.98204786420870671,12.991930604327747,2.5740581173514836,-1.7682549289365956,,0.268905132612405,0.3478260869565217,False,2
-0.92877012446371376,-0.37027393645789752,0.016830563972501392,0.36521388460527937,-0.92194168266600318,-0.12900524119004464,0.063284076948164028,-0.11366945826805414,0.99150107405986576,3.4119772979720171,-10.405229127197348,-3.2190383951909349,0.1180842472019889,0.257182312414064,0.8677685950413223,True,5
0.47410448744487432,0.87058191736682866,0.13157530216013166,-0.87339090024545107,0.48392243370187882,-0.054839889938728889,-0.1114148569674354,-0.088916833692770259,0.98978812193973043,-22.131166562444221,-3.9157316081262818,-1.8392749720547641,,0.1534837916710878,0.3214285714285715,False,1
0.093192302459228285,-0.99555708134397847,-0.01346449212585768,0.98972265105371837,0.094102405272614986,-0.10767456205208553,0.10846321382638272,-0.0032916724879728521,0.99409501363737085,-17.608913502260265,9.6099983791186681,-0.54584226365208299,0.2704221530096308,0.2071807464088007,0.125,True,4
0.94222243138602935,-0.33411016419278056,-0.024234025172727602,0.33498786634091016,0.93972363056202568,0.068575706833320121,-0.0001385545512694944,-0.072731673611970332,0.99735153504480933,2.5605555673248586,-11.783503691997067,-3.4152271796204268,,0.158034443583939,0.2941176470588235,False,5
-0.74684403073319305,0.65724916110947218,0.10123010411479806,-0.66468944311831657,-0.73315018914170449,-0.14380105830120088,-0.020296254956519936,-0.17468354353624205,0.98441542127922921,4.800904612279667,-3.6641157492588756,-2.4020089870300061,,0.1538113820149367,0.1401869158878505,False,5
-0.60588792027342164,0.79400691843216431,0.049526170340597878,-0.79167399306187258,-0.59562867363411354,-0.13593664647303938,-0.078435430617913041,-0.1215709530550968,0.98947884595733415,7.9619875350558669,4.6473636762410413,-1.4098511051126221,0.273049147171658,0.282078887151429,0.978125,True,5
-0.95520285283903683,0.29471028659878906,0.027080563159304034,-0.29566591345134557,-0.94625500055317002,-0.13108448249545629,-0.01300682709760248,-0.13321907108586112,0.99100126213233108,-9.8970424131085828,-3.1705644657291541,-2.1034322861782506,0.1537604958351972,0.1896643133013611,0.9846153846153847,True,5
-0.7008780337232331,-0.7131557083792418,-0.013376002779480374,0.70657694990471498,-0.69160325609812334,-0.14977967157736632,0.097565340708700696,-0.11442845695269833,0.98862891548437926,-2.3196003709414144,-7.7892736982067072,-2.8443167935625708,,0.08038146333888704,0.3809523809523809,False,3
-0.55030737030977661,0.83397778907652453,0.040532030664300805,-0.83076514308231442,-0.54203456262254823,-0.12660098720786334,-0.083612649893191171,-0.10334205460322547,0.99112529204345501,13.376523154777672,3.7080906002044842,-1.6005989863509589,0.207762434546644,0.2382520980979634,0.9302325581395349,True,5
0.17722513092339018,0.96941181169611912,0.16979985957954907,-0.97710219416421829,0.19395418084003535,-0.087481871802906813,-0.11773935250652802,-0.15040782918026022,0.98158796334950249,-2.2701239199586087,7.8246235007065756,-0.90435668181432105,,0.5905749187842199,0.4585635359116022,False,5
-0.99863070232032947,-0.013921908783136702,0.050427183532693744,0.0054534495485401881,-0.98639111739125207,-0.16432535841938456,0.052028648562378425,-0.16382534598611934,0.98511637675012864,5.0168657483500176,-11.182353476044401,-3.3375664177263626,0.2683662092361961,0.1863352417511711,0.5471698113207547,True,5
0.34487934632272416,0.92748157692720146,0.14434736208412274,-0.93544248054424395,0.35230996044301233,-0.028723811827070803,-0.077495819714642186,-0.12512240500117255,0.98911009584043796,-9.9881031056948988,7.1178200143092427,-0.87879996666950699,,0.2427764232661574,0.1694915254237288,False,5
-0.96773056631650201,0.24930227289427073,0.036686887936875169,-0.25182891541770636,-0.95165836868210441,-0.17586513775293114,-0.0089301946386399489,-0.17942888855216788,0.98373041305870457,4.3463772362383306,14.894786435982887,-0.017759192045506047,0.6692268646372002,0.237402236888552,0.8354430379746836,True,3
0.92250240038173414,-0.38014280737470657,-0.066938533679905488,0.38577271779325883,0.9138460935521433,0.12674670609483321,0.012989668831103467,-0.14274720067575455,0.98967393883182264,-4.87761687384761,-5.6547301600430968,-2.5282993531759232,,0.387942216436869,0.3614457831325301,False,7
-0.99934133515786094,0.030667143098546491,0.019401602487387676,-0.035725433891318784,-0.92526856435781679,-0.37762650487552246,0.0063709668169246378,-0.37807090624034972,0.92575471947833987,3.0704989618719258,-9.0192934494923591,-3.0437589500837912,,0.3161670021407119,0.3070175438596491,False,4
-0.81769195559591357,0.57386598048340698,0.045361902490399196,-0.57030367346920297,-0.79684946670610868,-0.19946089200071904,-0.078317212547838466,-0.18896762647079965,0.97885527549517182,6.7353943254481301,-12.220109074017374,-3.5177104621833624,0.4041314828895974,0.2863837035604471,0.5555555555555556,True,5
-0.78962277327891839,0.61245879091513078,0.037284116592548898,-0.61129795613177385,-0.77996608724788452,-0.13404369277344672,-0.053015891470640127,-0.12863565669752014,0.99027379197753762,-9.8166600404075215,-1.6521669542199102,-1.9159860245346541,0.1351541469128665,0.1021739465412431,0.5205479452054794,True,5
0.53609648668910648,0.84250522958099161,0.052777789725188783,-0.83704855561120894,0.53863879138644033,-0.096010249259870645,-0.10931730196443901,0.0072931846565406633,0.99398014917239674,-8.176241965747689,-3.8382363870990015,-2.1908379462160212,0.133191383902113,0.1405397548416948,0.784,True,5
-0.71372095522952872,0.69839071317047086,0.053411701185129397,-0.69741710672089352,-0.70151609464129749,-0.14657608335700323,-0.064898207365891941,-0.14186465633293727,0.98775636771636688,8.469683892096258,1.2099552065900374,-1.8483942714485868,,0.1862395966807482,0.7289156626506024,False,5
0.96677230035822159,0.25388709097687323,0.029877488103469983,-0.25000165305229677,0.9633824912240605,-0.096919291547354902,-0.05339000591113556,0.086229465023407628,0.99484369959837682,-4.6475312367347339,8.4298688346800343,-0.76963279383098715,0.1657885391778076,0.1904571006141975,0.6929824561403509,True,5
-0.7585519086845951,0.64546555685129658,0.089292870653837675,-0.64879056281485126,-0.7354021149476152,-0.1955876655951552,-0.060578935558045985,-0.20629576885922637,0.97661263985135582,-14.715298949417564,-0.44251877142712825,-1.6754181025953927,0.4207994166333628,0.1992067984324833,0.2051282051282051,True,4
-0.66139527898890593,-0.74103277026775993,-0.11587371712548716,0.74757524963323785,-0.6388015686830546,-0.18183454562835755,0.060725044808463406,-0.20688883304170566,0.97647809995700974,0.80649905189075877,6.7788048234497804,-1.0411362409983713,,0.2351923550367189,0.3809523809523809,False,4
0.50490898357592917,-0.86284476993368042,-0.023786998600420918,0.85825981612164759,0.50478059128207686,-0.09266413921120209,0.0919619830971386,0.026371531298183273,0.99541324885789573,-4.4835821121874782,9.3204788218143051,-0.67578836879113047,,0.1062871484377522,0.2142857142857143,False,5
-0.92623974211521409,0.37613842199155489,0.024491378647330052,-0.37608068256479005,-0.91781585932616327,-0.12719028489228226,-0.025362577312757636,-0.12701943107682859,0.99157591933294509,-8.1662385004386806,-5.8903458880794179,-2.4786936803282971,,0.2401464590862764,0.8541666666666666,True,5
0.40670790067487606,0.87989457518542724,0.24571166046383144,-0.90641772428446521,0.42222164338795803,-0.011653023545165578,-0.11399821328252199,-0.21797802736521399,0.96927291665163318,-3.8163024225852529,5.7548868801263344,-1.1479234264400997,,0.554971740966834,0.4249201277955272,False,2
-0.41279247894694748,0.90877042382578399,0.061144796216340835,-0.9062704518291238,-0.40309662766891508,-0.12722805077255003,-0.090973828468788653,-0.10793250456397199,0.98998703880014438,10.818940159639279,14.006216832458046,-0.29856444165679563,0.18466945449915,0.2701984409376078,0.9714285714285714,True,3
-0.88546149797462126,0.46304841877104047,0.039295005766385713,-0.46351539323135976,-0.87395098289323625,-0.14616141671975152,-0.033337903985087812,-0.14763414704459876,0.98848001638085525,5.0726828615682216,1.0110389544627092,-1.7919526507218881,,0.1493706542699593,0.7628865979381443,False,5
-0.072698936818292828,0.99209481359113627,0.10228756244558476,-0.99146608598009622,-0.060761111890520594,-0.1153390117572401,-0.10821212934232013,-0.10979967271079248,0.98804562998669465,-10.0202025226583,-0.24289753647860707,-1.7325658181862149,0.4187958096027374,0.2661154532270172,0.4146341463414634,True,4
-0.96530659531283602,-0.2599571698012077,-0.024605830904194756,0.25609791611298088,-0.92414076482142127,-0.28350961916285272,0.050961106818124338,-0.27997520723132485,0.95865366474428471,3.3640063509596678,3.2306019061600471,-1.4656066280326427,,0.08407465097667421,0.2515337423312883,False,3
-0.77568691561787517,0.62997364741395045,0.037987004398766039,-0.62879236836311414,-0.76626516101365538,-0.13212819723671287,-0.054129164297394963,-0.12637605224361614,0.99050448105588351,16.743261199377951,17.976310521405903,0.10972876710241987,,0.3859491899621943,0.9076923076923077,True,2
0.89140942588113026,-0.44184248734000114,-0.10081890612119879,0.45203245365938965,0.88278591554218966,0.12788935905308949,0.032494557835829004,-0.15957519763904132,0.98665082983267949,0.0093591652523773577,7.5761402813096206,-0.94681966642526494,,0.4680506445361945,0.2222222222222222,False,2
-0.34788320895690034,-0.93752224876515122,-0.0054135012871358024,0.93007920314209602,-0.34438293534836883,-0.12787912153047859,0.11802520412359022,-0.049521984119960283,0.99177498671846387,-1.0083346662118247,7.1845824680127679,-1.0338503154341432,0.276214767740744,0.2464559883626753,0.9367816091954023,True,5
0.201233379836179,-0.97054697913728505,-0.1324525882238573,0.97352965999630181,0.21312149000112326,-0.082578638927911868,0.10837494150952713,-0.11232894456546677,0.98774342835860729,1.9267239765919462,-14.429075689503414,-3.7036496582129947,,0.5210767127860825,0.2244897959183673,False,1
-0.81570541700179744,-0.57844223015973772,-0.0054091627590814942,0.57225203153201498,-0.80553850426601914,-0.15373786310583165,0.084571183516647691,-0.12850021211147927,0.98809686286613596,-9.2750383645362593,11.898507195408353,-0.34214955493493043,,0.1757292944084785,0.3777777777777778,False,5
-0.99575564691693863,-0.091188579647723714,0.012463329204487613,0.086503073203538478,-0.973515295411158,-0.21162511175866783,0.031431034971376996,-0.20964878378458618,0.97727144514626618,3.431623418950732,3.4715485924949929,-1.448808034078243,,0.08654047735030405,0.3072916666666667,False,4
-0.99496602658195732,-0.098786519224869224,-0.01684724212289402,0.097731980381217762,-0.91934963639358169,-0.381109834658928,0.022160008088403668,-0.38083785221853239,0.92437625692090242,2.2469364662352485,4.0470633836193883,-1.3643089484694289,,0.2800562733851967,0.2692307692307692,False,5
0.99985763542628792,0.011513144380263449,0.012335168674707492,-0.012383191439933522,0.9972587557974828,0.072949506886749282,-0.011461476759834714,-0.073091870216441521,0.99725935095076867,7.9609532957941953,2.4078238540861889,-1.69828623581959,,0.2596316314035882,0.2619047619047619,False,6
-0.90606024050612899,0.42140477563421469,0.038377801482809629,-0.42205294426340639,-0.89346658042809379,-0.15358639880119304,-0.030432758872089599,-0.15535599354645546,0.98738967102994724,4.6173219609359082,5.6914149667582059,-1.2314718062234822,0.2473177430578,0.2318650974244006,0.8691588785046729,True,5
0.99942075085965354,-0.02724559958478719,0.020392156688149001,0.028667144482059835,0.99691892837314788,-0.073012636430835443,-0.018340053935942631,0.073554928826028335,0.99712251748068881,-11.434421013534127,14.183628453501635,-0.065756279727332598,,0.0757715063508759,0.2777777777777778,False,1
-0.85320081327940678,-0.52156070541638588,0.0047752261646307401,0.51596845950138426,-0.8453215833748039,-0.1385928190076415,0.076321170189729365,-0.11578363980407,0.99033793612816523,-6.5366662484450542,1.2325205845935803,-1.6198588915589589,0.1315149594797901,0.1118423329872734,0.7407407407407407,True,5
-0.031646419571181958,-0.99901019525438428,-0.031259141161002431,0.99369875078682057,-0.028082914762910346,-0.10850872123074949,0.10752347098674829,-0.034496082041557685,0.99360390675094745,-20.370820184104506,10.223726654421196,-0.49502792575047261,,0.1480369770431562,0.625,True,4
0.46630078278375137,0.88264628050956206,0.059153389403288757,-0.87754246138343706,0.4699768208722096,-0.095084259012468864,-0.11172648944793687,-0.0075717465282077734,0.99371014899222676,5.0855316383385398,8.1583350471534892,-0.91462255652555524,,0.318321665168711,0.4912280701754386,False,1
-0.15752109360941677,0.95386660686976077,0.25558873481994721,-0.98296652873894019,-0.12663841808234669,-0.13318976854292486,-0.094677919532542065,-0.27221536944920777,0.95756716954405841,-7.3266769896454198,7.2075221806389846,-0.8879917191732456,,0.4573302164187608,0.2446808510638298,False,3
-0.92565050247024172,0.37379331774715752,0.058734171349911622,-0.37757913999935361,-0.90240451737389415,-0.20760558773919568,-0.024599599873509959,-0.21434701451329069,0.97644775439103837,-12.936580954588178,18.491853980102917,0.31290866618773944,,0.2454007025952204,0.65,True,2
0.41479014475742754,0.90790785940281404,0.060435541254406658,-0.90280605973823058,0.4189272298615499,-0.097165809729860178,-0.11353569620187041,-0.014258152584716785,0.99343160346992609,-17.730294806320753,-1.2894100891355746,-1.7102463476626315,,0.1022173847343767,0.25,False,1
-0.40081545701678667,-0.91242327765289755,-0.082648241442689285,0.90852325391837629,-0.38423159932139644,-0.1641693490651896,0.11803586957357741,-0.14088946191985596,0.98296372924637643,4.3151209236836774,4.7840951366882258,-1.3276649401079641,,0.19127796077083,0.4690265486725664,False,4
-0.98694429590996147,0.15760076456284752,0.03321077806973536,-0.16103270345780979,-0.96948994371356778,-0.18481806582510546,0.0030700468824482324,-0.18775315722370639,0.98221144707474795,-6.6293634002658361,11.884121321395156,-0.37553767225249929,,0.2172026762815178,0.3243243243243243,False,2
-0.96275052597368083,0.26388400001248541,0.058963202718415986,-0.27012493424296974,-0.92897959639625438,-0.25304037104716037,-0.011997693012983528,-0.25954218157529579,0.96565724320045532,5.6555798883836026,1.8080956317200976,-1.7166695747335696,,0.2195222630022418,0.2427184466019418,False,2
0.75756182240351166,0.63847573050012574,0.1358264583908538,-0.64625109013383752,0.7629067933658531,0.018241522333922205,-0.091976158527621393,-0.10159707770680805,0.990564697565959,-6.4525042484215582,5.1587608836729464,-1.1791926321476318,,0.214237225473448,0.1333333333333333,False,3
-0.67289452037976927,0.73748306940303132,0.057720765646058943,-0.7366970294602353,-0.66101640058043232,-0.14260015760214753,-0.06701082917968311,-0.13847758124539833,0.98809590033815975,19.025894514927749,-7.767312136051058,-3.2577955664371943,0.2534754135945351,0.1961074762673638,1.0,True,4
0.63507593429370612,-0.77232539007165801,-0.013858193664350336,0.76877036699814083,0.63369818047185855,-0.086132101403599767,0.075303920923952189,0.044046656142297406,0.9961873375907575,-0.29863820547959896,-15.649079010421525,-3.7894034605635727,,0.1033250157185011,0.2608695652173913,False,2
0.72067083105021723,0.68503946394442372,0.10655743105070653,-0.68884413047618964,0.72490791873975147,-0.0015077323713904578,-0.07827718174469124,-0.072314882196809219,0.9943054061157317,3.9296487735433456,6.9952660200410275,-1.0820434573372457,,0.2036654068436098,0.2272727272727273,False,2
0.85580459111952623,-0.51710668983375585,-0.014112871710515951,0.51562539158565768,0.85491083856515704,-0.057078136409292171,0.041580733169088287,0.041570776189485847,0.99826996007899882,-1.5027205954383551,-2.401904390754956,-2.1588600842978423,,0.08200906763090171,0.2336956521739131,False,3
0.29817919170441809,-0.95414471459359684,-0.026401387228753764,0.94856649537388515,0.29929100966882421,-0.10318185589297829,0.10635212028259476,0.0057232110321422114,0.99431205934901368,-2.4826999379586718,13.291442444641552,-0.23505649108194765,,0.2087446438170426,0.6888888888888889,False,2
-0.95577895430525284,-0.2895744327919052,-0.051315089207808633,0.28907152102991107,-0.89298408148631658,-0.34498853015932923,0.054076300137977443,-0.3445665074920764,0.9372031133527573,-9.9337499638649032,11.475468587478208,-0.35831003191818894,,0.2758506283380632,0.2368421052631579,False,2
-0.9033304425283627,0.42673199982126048,0.043519098451855441,-0.42718966964920818,-0.8858210089501567,-0.18119085586068809,-0.038769804571533326,-0.18226612529780742,0.98248458604825517,-1.4289835681408087,13.024194053332758,-0.28435998424105141,,0.1735665573893347,0.2142857142857143,False,3
-0.86937322921978133,-0.48865272142307797,-0.073543906353899402,0.48837048777082148,-0.82691882077468082,-0.27874635517456081,0.075395324725482937,-0.27825129234997725,0.95754465343142503,12.172327702803507,6.6411873481884625,-1.2099655981223227,,0.2688177644879174,0.1428571428571428,False,1
0.14674611064871124,0.9801691641550111,0.1331690228587124,-0.98249135771189089,0.16005045411104027,-0.095365529203668337,-0.11478811363082025,-0.11684289357302774,0.98649451452634052,-1.7427357212309922,-17.723634224708654,-4.0197231467744476,,0.2204240771734352,0.3939393939393939,False,3
-0.63398654213379935,-0.76048434807262277,-0.14044436880767863,0.76420048148846587,-0.58822891458588211,-0.26454558801445299,0.11856934041321981,-0.27504599684720732,0.9540917205029612,14.829532341655362,-4.0934990620559164,-2.6703428894450885,,0.5586265062266442,0.40625,False,5
