axis_00,axis_01,axis_02,axis_10,axis_11,axis_12,axis_20,axis_21,axis_22,location_x,location_y,location_z,dbh,dbh_approximation,score,reconstructed,number_clusters
-0.9987834503662919,-0.048850560876670529,0.0067262156105725767,0.044167807929175122,-0.94689485162031473,-0.31849543908457112,0.021927699768482127,-0.31781089137563701,0.94790052922544921,-2.7356406247355491,-2.1960111822900106,-2.3961331037236744,,0.2470147004859153,0.2910798122065728,False,4
-0.33737286572259634,-0.94136863278123761,0.0021556181728960293,0.93372027388887424,-0.33492140050562813,-0.12646780464701379,0.11977478700882571,-0.040654061284612186,0.99196837031130114,3.257152026228411,-12.57006715327622,-3.4920116150558056,0.2130633638665496,0.2273655320729872,0.9813664596273292,True,5
-0.52709355555966053,-0.84976378367831928,-0.0085962571030927647,0.84249367173167866,-0.52120630168809823,-0.1361925261264014,0.11125105293681614,-0.079028495046551003,0.99064509295263148,0.30207867540455102,-13.693129750970986,-3.8194014904315425,0.262838139796902,0.2482771582331502,0.9627659574468085,True,5
-0.55057840463900631,-0.83478098684703872,-0.0020308480623838937,0.82783072179834416,-0.54567780651567011,-0.13012312447478719,0.10751612154463458,-0.073324180697317137,0.99149576304342735,-1.3996452420064187,2.1144210007418218,-1.7057056840876306,,0.2663815933196232,0.9427753934191703,False,4
-0.43158097453371236,0.9010375052258538,0.043235131512478583,-0.89645820432698109,-0.42306140632596356,-0.13183980572021106,-0.10050149409524302,-0.095658040194581406,0.99032771799579378,-7.0091378571694678,2.3906086386802983,-2.0571044532209295,0.3221739206104078,0.2877026903991017,0.9834254143646409,True,5
-0.81720459239148646,-0.57574218613853789,-0.026411915392153332,0.56854950998152998,-0.79778767090977065,-0.20071444104529773,0.094488670612022457,-0.17904124453538992,0.9792936862255327,2.1318137117873026,-27.576202161906323,-5.5665342525751358,0.5640807291114869,0.3422209863417354,0.9444444444444444,True,2
-0.97777007869096599,-0.20949756720355012,0.0087431431680983565,0.20434418790564235,-0.96140675975766632,-0.18422946333702983,0.047001341319662174,-0.17834744637381408,0.98284437338069641,13.61381379437254,-18.619065430754734,-4.1779659577514661,,0.1900736996186886,0.4444444444444444,True,4
-0.81396291294823564,-0.57886478765736593,-0.048784566772859465,0.57970865639680735,-0.80398738251703517,-0.13244682877296307,0.037446629266613941,-0.13608764221559189,0.98998884013546828,-10.318960472155425,-0.41797957087282017,-2.8084289457820186,0.3383768472517091,0.3287513453013076,0.8085106382978723,True,6
0.087291198416897323,-0.99617703582849704,0.0033999951309408171,0.98943090865110805,0.086302351676013439,-0.11652631076727538,0.11578740728068751,0.013535781585791403,0.99318178544115365,2.4438377547935239,-16.52506362403804,-4.047027612231302,0.2167560613198025,0.2597016856769678,0.8921568627450981,True,3
-0.99958705681284021,-0.023750039986922926,0.016175643816045027,0.020287254400977235,-0.9819439683767941,-0.18808102051324563,0.020350507637747699,-0.18767519433599489,0.98202030440812837,7.3901875060854811,-26.032240927404949,-5.3430605557293456,0.3229206615365176,0.2760896352927812,0.9714285714285714,True,2
-0.96675206948327641,-0.25569733743635348,0.0030508650844889634,0.24960039302109324,-0.94615968224052105,-0.20611040610855574,0.055588487598781981,-0.19849616452334184,0.97852398678622299,8.2834904701235264,-19.809273582731347,-4.3386310505219159,0.342446957439324,0.306479904850781,1.0,True,4
-0.78150347462140901,-0.62388285239691887,0.0047440109348555583,0.61746477762547503,-0.77450855994858792,-0.13738172716299701,0.089384380887201131,-0.10443503747042909,0.9905068174434557,2.1175082163063732,14.40667365215621,0.29043123297982903,0.306683835476668,0.2664708006454902,0.9558823529411765,True,5
-0.52576571621344859,-0.84532183211155121,-0.094875770405994486,0.84452372282416621,-0.50539510489218142,-0.17707475691987506,0.10173540800415223,-0.17322467522438173,0.97961375993380018,-9.8538181710647983,-8.7620714154980153,-3.7766732367956273,,0.2404792196451455,0.24,False,5
-0.86165677496887771,-0.50748534934575762,-0.0024944637992723763,0.50259702322446353,-0.85265528686779779,-0.14274170386506083,0.070312405705819217,-0.12424806628598646,0.98975683055387531,-1.9880390885411379,15.116372477659919,0.21804797071282386,0.297580007096569,0.244171266388231,0.9887640449438202,True,5
-0.20658457939763963,-0.97842509238087727,-0.0026739772946771392,0.97082163694850676,-0.20463752713953762,-0.12501532593581002,0.12177093572656035,-0.028422193541089734,0.99215120728979167,5.3110732516442161,-9.9590788321532546,-3.1346377488325698,0.2372019615015372,0.2186877764345447,0.8743961352657005,True,5
0.82534481515873148,0.53800370926259899,0.17134160297570827,-0.55860592260602326,0.82224231892318378,0.10898161405163465,-0.082251804357557468,-0.18565984431618707,0.97916549310543821,-15.105622413552652,13.82430539791484,-0.5747250989030529,,0.4268884799613991,0.16,False,1
-0.99738426004647263,-0.06794775132689132,0.024652401529460889,0.061958494946320553,-0.97932934518158554,-0.19254915884052565,0.03722610261009858,-0.19051807461715062,0.98097761469293332,-15.171061072765907,-2.2643889338581946,-3.4483426002043691,0.1893571003114341,0.2667646926073128,0.3157894736842105,True,5
-0.88440903267741533,-0.46662069784343674,-0.0092621413670142053,0.46124775547336738,-0.87085305033792604,-0.16989841902710667,0.071212154786799736,-0.15453183834159792,0.98541805339124344,-8.4068152450993257,-8.4134536738460959,-3.6998183485153544,0.2986582669733227,0.279313928941861,0.9787234042553191,True,5
0.5900431153239708,-0.76222138509222725,-0.26620984611180154,0.8064144800435975,0.57243734455790862,0.1483616289055345,0.039304051124493596,-0.30221523234869524,0.95242907604798954,-4.6046039881955059,8.0067376781132538,-0.95795447992475591,,0.4450102675724257,0.3278688524590164,False,3
-0.90174884224222263,-0.43225940104602012,0.00091417840008626249,0.42679577333817942,-0.89068224807838703,-0.15662215941141877,0.068515643290247688,-0.14084368344148981,0.98765817136252021,11.305594717736573,-4.1064247886972813,-2.0616911179273987,0.2512757054896977,0.2484422264666971,0.9534883720930233,True,5
0.89629567745692529,0.42800540118595787,0.11604066152723172,-0.44281379806172988,0.87789893962836318,0.1822344425336222,-0.023874648022028218,-0.21472034918712732,0.97638372212300895,-6.9293882458363543,-15.513657792519677,-4.5083123980955877,,0.2452301996935947,0.2549019607843137,False,2
-0.76792280338834551,-0.64053376481835922,0.0033262837827812398,0.63423081282389338,-0.76107301149140161,-0.13608507355383476,0.089698629314657427,-0.10239319951553368,0.99069157086958415,-5.4240802363168426,-0.65728592857549062,-2.4792179951660502,0.2673573992456663,0.2368579862780018,0.9878048780487805,True,5
-0.95660069878803655,0.29011449583084087,0.027362061089334054,-0.29084358719496528,-0.9447393148599853,-0.15125354457152301,-0.018030830979300496,-0.1526473264315561,0.9881162294322936,19.764632563648501,1.8492229694379223,-0.9614201614222625,0.2310771953405606,0.2468743140928908,0.8870967741935484,True,5
-0.78491417321351298,-0.61955718811239546,-0.0076571108656141879,0.61341315951672104,-0.77526898574928138,-0.15060642571614777,0.087372973053800387,-0.12291009069047874,0.9885641472287966,18.312972205895786,5.705674525727332,-0.37761655311907938,0.2936399781659307,0.2805169897633074,0.9577464788732394,True,5
-0.99939048674508002,-0.030505954086017539,0.016971793326997674,0.027443789341944986,-0.98703912740956523,-0.15811577843187913,0.021575296753173118,-0.15755363444829171,0.98727471295589597,17.967286839858392,-2.447718625668216,-1.6488754431450685,0.2937144156306628,0.2591559120565324,0.9722222222222222,True,5
-0.080241596345145147,-0.95205437443308816,-0.2952181470350439,0.99001655564604862,-0.041689811738417709,-0.13464464023476924,0.11588142975782589,-0.30307495396359851,0.94589484960921821,-2.8737015645237309,3.4969413259951878,-1.5298781993566848,,0.5119288436285209,0.1634349030470914,False,5
-0.81585550227868286,-0.57825579046536812,0.0002004865873916737,0.57215008835662096,-0.80729117962925157,-0.14465554841181702,0.083809759545711793,-0.11790331668823079,0.98948205244906084,4.6901606533374043,-3.8074964413620802,-2.2460559215273603,0.2902839049662266,0.2518178097823877,0.9826689774696707,True,5
-0.74568101220551164,-0.66628234070718051,-0.0052602754607772523,0.65981379364933368,-0.73729646005700289,-0.14505063839047977,0.092766296391723971,-0.11163230916348457,0.98941024949440959,-1.9268288860855178,-17.26441996636947,-4.3659480306197276,0.2598754807926309,0.2426124102102269,0.8382352941176471,True,5
-0.62618721176052283,-0.77961319328554879,-0.0096355945686383178,0.77212561892525622,-0.61836306641867378,-0.14645527197265606,0.10822016645187567,-0.099148307824209289,0.98917036380429613,-4.9492768676783756,-19.520042920201405,-4.7855266098412228,0.3975307134115293,0.2412847666205531,0.8604651162790697,True,5
-0.9799196563996202,-0.19889518792633304,0.014077330052223553,0.19510669656313503,-0.97102281801388368,-0.13801472331819228,0.041119873028394344,-0.13249675888913334,0.99033012926296649,-16.169693658776477,-8.4852506165492336,-4.2024406874669769,0.2499865785893773,0.2280524786086824,0.868421052631579,True,1
-0.44408413682618331,-0.89511012295423231,-0.03958721010883888,0.88921132241137857,-0.43487376568338704,-0.14208459457575448,0.10996591978767573,-0.09829890998992992,0.98906259699780419,19.115331170226177,18.053343501419391,1.4017741303644038,0.1523008393935495,0.192220476761134,0.8787878787878788,True,5
-0.92647546557389393,-0.37635413227650422,-0.00088250101280557415,0.37144228919438266,-0.91400125388131293,-0.16319415951995953,0.060612189266471918,-0.15152318311660753,0.98659357766536171,12.901229738170434,-0.98841929347925594,-1.5672140905702876,0.2977744974316236,0.2706912975383403,0.9420289855072463,True,5
-0.5356455499410564,-0.84431314724498963,-0.014803858199914123,0.83715510240543145,-0.52864291419268361,-0.14038519790354725,0.11070311352845688,-0.087589831961974202,0.98998628373931441,-17.30898507352461,-13.017890830178763,-4.8246992145295993,,0.07099219792875444,0.4,False,1
-0.051076983940880644,-0.96086572908449142,-0.27226493050415368,0.99138044150603777,-0.015848193181696023,-0.13005250851932504,0.12064809120245742,-0.27656081689893147,0.95339296863643763,-10.498747476680375,-9.0928162061495446,-3.8849922431485595,,0.6151687455716774,0.3157894736842105,False,1
-0.66947627569399537,-0.74275753166167857,-0.010619107436539394,0.73546337624868818,-0.66075757003570212,-0.14997685100506383,0.10437978003319669,-0.10821590825920817,0.98863247909415597,4.453238164148912,9.5374695438993307,-0.27597929015839606,0.3053149919221394,0.2782452114712725,1.0,True,5
-0.80044001778586638,0.58797278109930851,0.11654950284452895,-0.5966833450331821,-0.76305323946329506,-0.24843256530612848,-0.057138110635325583,-0.26839851421145372,0.96161191438236115,5.8655462990576615,9.5610953195464994,-0.24566371969032447,0.2503792125921687,0.2843648449567918,0.4406779661016949,True,5
-0.99242861269936511,-0.12207215579951033,0.013558667857683891,0.11856896611604489,-0.98100242785718694,-0.15354359906058659,0.032044484233438572,-0.15077342377476891,0.98804884783772118,12.151021071831074,-14.628902286640683,-3.5628387761380571,0.2286809345043486,0.2160113330185802,0.8970588235294118,True,5
-0.97919399286260578,-0.20272868850508821,0.0089556238640824577,0.19856084661159379,-0.96629996725488798,-0.16382296382403239,0.041865433649672573,-0.15863622581305323,0.98644910326134716,13.784979171538669,5.0512524016905695,-0.60512059895785675,0.2658949820710829,0.2587775568700906,0.9671052631578947,True,5
-0.95850493658308955,-0.28482723299780777,0.011905204267836113,0.28046857607072456,-0.94966886251957283,-0.13952214662067045,0.051045708758979111,-0.13039363060975118,0.99014738130931823,-12.683572463885257,-6.5971289051912612,-3.6502450705736704,,0.1265890277996704,0.3214285714285715,False,1
-0.51911297462350803,-0.85469538864395134,-0.0041847590489597691,0.84708543129224012,-0.5138262717842571,-0.13575284349408906,0.11387709018925957,-0.074015910823658326,0.99073389629858299,1.6380694136915619,6.45893699418819,-0.85794093044849662,0.3878237186151827,0.3340930787455777,0.9721518987341772,True,5
-0.77770950796818972,-0.62857440587296054,-0.0078827341279028539,0.6221866950663435,-0.76789527153023918,-0.1523829663837839,0.089730918296299617,-0.12341421410419232,0.98829008598626944,21.178175479905779,-8.5527739501673903,-2.5117495085881902,0.2618505243153184,0.2332430912580827,1.0,True,2
0.19342285609915427,0.91754419402504295,0.34741941619515193,-0.97322863912125779,0.22424501127553645,-0.050400306667910205,-0.12415157966224484,-0.32836995436392913,0.9363543978315052,-9.1566427742516172,12.07803492188583,-0.57571449322920398,,0.2637220269757585,0.4,False,2
-0.95907733217803504,-0.28286471355582704,0.012578741083329435,0.27853138354317497,-0.95050735021314825,-0.13768095573572603,0.050901269962411427,-0.12854310956157122,0.99039675368028868,-0.32079787892764527,-6.2312812237702842,-2.8876775820976026,0.2832569234332069,0.2421445836674032,0.9185185185185185,True,5
-0.94975907219503442,-0.31277726618015528,0.01131753259752382,0.30820467203151702,-0.94094433569312619,-0.14012008159063738,0.054475544248522217,-0.12959220226499044,0.99006983399704573,-11.161583582099178,6.4887461980631738,-1.7036664664043359,0.3647189972052986,0.3094199289736776,0.98,True,5
-0.78370614654852599,-0.62112461257303364,0.0029818648627771521,0.61409229423680001,-0.775535951932533,-0.14640574243889351,0.09324875345571311,-0.11290794000467425,0.98922013074080584,12.217510448205148,-9.8090040015150635,-2.8673403277283431,0.2950376339002029,0.2724119495478828,0.9196428571428571,True,5
-0.1621552235345009,-0.98676504973419421,0.00064815395450177401,0.97914980609369984,-0.16098518825047253,-0.12389280201298777,0.12235743012643537,-0.019455225185862412,0.99229539629377561,7.2177250726828115,2.6125614579908061,-1.2060344165008294,0.2574512255525579,0.2359807235560118,0.973384030418251,True,5
-0.99676535597361193,-0.079351697650185612,0.012733154001760207,0.074553984884179275,-0.97215140345171469,-0.222178649074908,0.030008806518896803,-0.22051067286391166,0.97492282498894067,-10.608557428917388,-5.7119909239128415,-3.4814114291687228,,0.1390471860059048,0.3055555555555556,False,2
0.46990451313585868,-0.88271628794059187,0.0013051968947504411,0.87755850042496164,0.46699817611882649,-0.10864521081751488,0.095293372626035322,0.052198261523463553,0.99407973253028548,10.748554888158734,17.044686653085087,1.1139607327304222,0.3367056807340871,0.3152220856089082,0.9795918367346939,True,3
0.87770678335346652,-0.47759712669284765,-0.039138050922935493,0.47736029766809085,0.87856572709723701,-0.015792700223030254,0.04192789841551825,-0.0048215915254999102,0.99910900485863829,-14.882167337045008,-11.267226120699609,-4.3342885254270094,,0.1837300416627062,0.2173913043478261,False,1
-0.98416462650225578,-0.17711192828620415,0.0071660868274740757,0.1716930356727269,-0.96254343434356071,-0.20983717140580257,0.04406233587952546,-0.20528395422157805,0.9777100841742371,-5.0864572236175203,-27.200128383079537,-5.8634987521948831,0.3145379487973389,0.2133923228605356,0.4583333333333333,True,3
0.94594833454518712,0.30539961849786745,0.10914587208201595,-0.32239248194108494,0.92209536782133172,0.21401686903211697,-0.035282232909129942,-0.23763670941965184,0.97071311847380848,-4.8126187708250372,5.0721561251128344,-1.442927554989595,,0.6163575660749838,0.331858407079646,False,5
0.092156044209001059,0.97121250245405333,0.21966688096452922,-0.98415086219442882,0.12240516057774943,-0.12831234198586947,-0.15150691059391311,-0.20436059243619212,0.96709999705377803,-9.1986891124057841,-1.7400325055751344,-2.7875469789043708,,0.6399807275765421,0.4418604651162791,False,4
-0.98694004223119247,-0.1609444021902019,0.0068009149629166118,0.1572596725795449,-0.97177526755172361,-0.17584716305631018,0.034910577492625598,-0.17248109687272037,0.98439398758866714,-10.084027729307719,-12.257315439825655,-4.2191459047627831,0.2769487381480062,0.2446375150237348,0.9489795918367347,True,5
-0.80922339027394052,-0.58747565785063705,0.0054640705074682876,0.58140271098058927,-0.8021254627769836,-0.13625575081159322,0.08442980692842228,-0.10708451521004755,0.99065862652290992,-4.8249240641039517,8.3421537791884806,-0.93663069557789391,0.2150359425591921,0.2490440747320825,0.8698630136986302,True,5
-0.70169047254480088,-0.71223997100759628,-0.018566217680300718,0.70586636009921933,-0.69139621913701133,-0.15402580901694662,0.096866725040817003,-0.12118371120800013,0.98789237557424381,24.219416739729322,1.6338466680120836,-0.94332106225510137,0.3402135561966079,0.2699962378108192,0.9285714285714286,True,5
-0.68155469138260305,-0.73166685584470514,-0.012116712123596095,0.72477548820764914,-0.67266676231363998,-0.1490634716214761,0.10091429208851613,-0.11037680434224553,0.98875339024221065,-5.531334557107475,-14.399106383378959,-4.2902819853112044,0.2256448689432645,0.172952992789119,0.9622641509433962,True,5
0.047203397104739024,-0.99882333242631027,-0.011126091073368006,0.9917031578288692,0.048194393751013712,-0.11917276183432642,0.11956875032390843,-0.0054084204508164325,0.9928111919867777,7.5193764535798095,9.7551878366733877,-0.15626120008104616,0.2229676399557388,0.2533568766515105,0.9767441860465116,True,5
-0.86598748406583681,-0.49998342621045039,-0.0090692312893837501,0.49442845492530929,-0.8533689194665226,-0.16523313907540005,0.074874430892613003,-0.1475739164059765,0.98621283645829161,26.529319177397849,8.3136857850417289,0.074115421933004896,0.2886527981081791,0.2796059789546089,0.8536585365853658,True,2
-0.87175440762654155,0.48769783490011365,0.046851623423727985,-0.48863227525121583,-0.85844726986730635,-0.15590633226456038,-0.035815532475693398,-0.158805247681268,0.98666009392413012,-3.3659995886121266,1.1892009201274316,-1.9188662684511197,,0.09768372751280097,0.2528735632183908,False,5
-0.99609314607661337,-0.086892654191664601,0.015751539185816649,0.084012708951082898,-0.98739494980517395,-0.13413827877954307,0.027208621315589626,-0.13229089064166732,0.99083742923818696,3.4804283218187844,0.94813477607049901,-1.5910389141986323,,0.2252511844552006,0.9733777038269551,False,5
-0.8709141750782643,-0.49143331218107744,-0.0013413897577453323,0.48626042352198717,-0.8613453386466523,-0.14708843635004781,0.071128757643897284,-0.12875366895906293,0.98912243557894097,17.621303459277083,-9.4913799656151667,-2.7724250817453537,0.2048740453570881,0.2379607357139918,0.9807692307692307,True,5
-0.5031671472056759,-0.86418870870795583,-0.00083529310869892245,0.85680358017059544,-0.49874065142902796,-0.13094039720040176,0.11274061814515536,-0.066600588239329281,0.9913898903390248,-5.0640669236656066,-9.27952542939998,-3.5934416149484525,0.2770666299155609,0.2671810788670225,0.9484536082474226,True,5
-0.99694035779456902,-0.076431014455678126,0.016377515981102913,0.07317525406047487,-0.98623943657390634,-0.14824694242906888,0.027482816333489361,-0.14659493093439024,0.98881475566999899,-9.7800838305995086,12.648359157604565,-0.54062732943817715,0.4119047161792044,0.3044334860913255,0.9887640449438202,True,5
-0.91565815987710364,0.40038880516844022,0.035481529649457624,-0.40131669490766608,-0.90564508162932678,-0.13693756427291076,-0.022694594926190796,-0.13962732832937477,0.98994402091468658,-8.9545645148831756,-2.9420381399580959,-2.9794290412572457,0.3171247676662281,0.2527463464038937,0.25,True,5
0.070386406504065274,-0.99597821066335834,-0.055436068252165856,0.9901590361254764,0.076497867926554997,-0.11718856335734334,0.12095799667037813,-0.046642042049053291,0.99156123510098082,23.069553438955655,11.460737293069741,0.52250550956527442,0.2847875574187464,0.1752400552769772,0.875,True,2
-0.5939729905040011,-0.79609534748534394,-0.11588047404081109,0.79128282028427332,-0.55214430411909365,-0.26269405351436514,0.14514677011459773,-0.24772740086843725,0.9578953752807603,-8.4977019849597131,-0.86773391890174689,-2.5948700873018904,,0.2917928139912605,0.4567901234567901,False,7
-0.63448092454883498,-0.77288124456312002,0.009409473216830163,0.76592734362271897,-0.63031503509744202,-0.12672119325967607,0.10387136599997684,-0.073195207033475013,0.99189374480970793,-18.98438869975455,-26.310091598257312,-6.5518209225234161,,0.3240734851854412,0.5681818181818182,False,1
-0.96195890429669273,-0.27288106177749305,0.013076412638540019,0.26830276757468319,-0.95266959224415204,-0.14294849745669133,0.051465438461853426,-0.13400214228342858,0.98964374120558152,7.4229130043819218,-15.604433190160965,-3.7044068025423842,0.2473966144565888,0.2576503236991221,0.9811320754716981,True,5
-0.92565160637552013,-0.37409143446641224,-0.05678646205989888,0.36711436498695804,-0.85158304050332567,-0.37421032608325078,0.091630489656231717,-0.36723551542024424,0.92560354881525064,-4.5910198757623739,7.2205951117535774,-1.1013007868991691,0.5315657425050143,0.3943501541963622,0.2876712328767123,True,5
-0.70392812429533314,-0.69185958523216606,-0.16067205777119012,0.70143935870485674,-0.64159246442551709,-0.31038997350447795,0.11166029681929424,-0.33119393701389871,0.9369325238241335,-5.4876023186533169,-3.1131793065185542,-2.8164235611800721,,0.6051339003757227,0.4679089026915114,False,6
0.47600928193141429,0.8766299699064074,0.070249977772451802,-0.8697244798433672,0.48108716026926501,-0.11015658575517837,-0.13036292677108247,-0.0086625680918150441,0.99142849829815327,-0.25217705834024579,-23.235967533919251,-5.1416467241039916,0.2838643860710089,0.172022248898296,0.391304347826087,True,5
-0.086388052917266048,-0.99606883031289939,-0.019595652381467391,0.98888876785630497,-0.083343649645376841,-0.12309687596128237,0.12097978806727304,-0.030012019973343147,0.99220117392407714,-15.924676097291362,9.5563924621849523,-1.4985790026572514,0.465978710775261,0.3335494617260844,0.9333333333333333,True,1
-0.73841520317232689,-0.67434616699975003,-0.0004845376295929515,0.66780629026459315,-0.73115377281795912,-0.13945938181816367,0.093689628065284247,-0.10330250503645858,0.99022767384383859,0.26361024174517483,-2.7398603640692807,-2.3825457036783604,,0.2688819184927695,0.9730639730639731,False,4
-0.64948128507575342,-0.76005493379677602,-0.022148542785628365,0.75386693329510013,-0.63984333410479211,-0.1492821311674784,0.099291022860020312,-0.11365300441625796,0.98854655295872085,17.2982344720985,-15.658503354548905,-3.7149514185149433,,0.231719475587983,1.0,False,2
-0.58935249003665524,-0.80707244850378401,-0.036023677681504031,0.80077773290488485,-0.57769516529874043,-0.15818760531145865,0.10685815350878414,-0.1220752180279349,0.98675172975380443,15.549954717823914,8.2675436145031096,-0.044511054396377432,0.2681296538768003,0.2249851520309225,0.9428571428571428,True,4
0.80130095687995162,-0.57358151495605048,-0.17006181877187015,0.59479548324482701,0.79434831702644737,0.12340617629925973,0.064304817975228856,-0.20003748883140154,0.97767576089785535,-9.8954230997267754,-2.4962456527053503,-2.9749877261388926,,0.2722551667750865,0.4285714285714285,False,2
-0.72670455463208561,-0.67618569041789567,-0.1211338200134767,0.67895166529366502,-0.68015793244296474,-0.27642326806886586,0.10452332979743253,-0.28312205673346358,0.95337126793242088,-9.9495991720167805,13.483683310054468,-0.34166680762216656,,0.1622342436549373,0.3,False,2
-0.73233642922440667,-0.68085221950951702,-0.01111798631986886,0.67416613522190783,-0.72265368460622414,-0.15255056291276919,0.095829935567130348,-0.11921370438842673,0.98823312843437261,14.056171716550192,20.897577306421237,1.692513920121018,0.2695283910352179,0.2349765076112232,0.9574468085106383,True,2
0.81905531614987004,-0.57369070586919257,-0.0052309737090763114,0.57197519755907855,0.8172476514600463,-0.070360852469911833,0.04464036809761366,0.054637443043642694,0.99750788836668525,21.542283521252674,13.835068725084156,0.82965078306038498,0.260928081294018,0.3015414939914764,0.46875,True,3
-0.37453786606856587,0.92622928668754545,0.042669607018159923,-0.92165522842705627,-0.36686850392072506,-0.12632949277203065,-0.10135594108819987,-0.086641845047575675,0.99107021138407547,18.840429675566369,10.998027019818348,0.39934767818606209,0.2457722803143862,0.2749013269481307,0.813953488372093,True,3
-0.28958921686653255,-0.95684993809307672,-0.024005862740260384,0.94677160937511007,-0.28267522518410509,-0.1540072619988411,0.14057597645363348,-0.0673269116950376,0.98777805290749232,-17.011160686743533,18.561224536328716,0.23679415598815864,,0.1979818928318597,0.9666666666666667,False,3
-0.50837329794485653,0.83599406658132147,0.20656841621481034,-0.85321108749456553,-0.45651745817213635,-0.25223530791781013,-0.1165651324925728,-0.30447615838498182,0.94536069246722554,-0.082972105654864667,-17.186758677076291,-4.2584584687648261,,0.3258836534852756,0.1142857142857143,False,2
-0.69096466866762651,0.71412028744741041,0.11224990739000106,-0.71904322176076196,-0.66295784376313172,-0.20847959764169202,-0.074462553628919292,-0.22476457116050547,0.97156379906730428,23.148202660632059,-29.395624888710298,-5.6771561696503223,,0.3338957756573817,0.1842105263157895,False,1
-0.98622924403284318,0.14070785810462108,0.086909014964021036,-0.1653828252633805,-0.84108037524514956,-0.51500711013089961,0.00063191954295555464,-0.52228833133154362,0.85276872575898488,-1.7176172172810389,6.7050889931864788,-0.9326657665135385,,0.2234411409493476,0.2269503546099291,False,2
-0.93330617601804411,0.35763944547717047,0.03214978764094141,-0.35817353064814322,-0.92084385574844085,-0.15413732602257146,-0.025520653393268238,-0.1553725212807168,0.98752624060389116,-6.4089900167541538,18.565793582564702,0.70461469372765995,0.3690079498155289,0.2787465437221053,0.9166666666666666,True,3
-0.31913338647948053,-0.94768639855431669,0.0066612032912495402,0.94015345765313729,-0.31746684331294955,-0.12379935161284869,0.11943767285487895,-0.033245953017773604,0.99228491317310219,14.482349990458356,-16.869797735839253,-3.9213330150914927,0.2090175987769617,0.2132182785996578,0.7446808510638298,True,3
-0.5603386666497725,0.80732731013278791,0.18504916365904575,-0.82342368237130958,-0.5188657529495514,-0.2296775342217155,-0.089409272266513351,-0.28107106704506618,0.95551297076644659,-7.0330995657802431,-5.427126976707715,-3.2988914705271131,,0.1898380724026857,0.2,False,1
-0.81027145555715985,-0.58602825117894064,0.005572892375896938,0.57992700603488267,-0.80313458336120691,-0.13659981215447189,0.084527131624689819,-0.1074510578327301,0.99061063702643981,19.666666330746668,-12.023995426127243,-3.0794340735770551,0.3067365445842919,0.2826642238687035,0.9583333333333334,True,2
-0.72001905043130454,0.69224319795777056,0.048702380816568351,-0.6903660901464298,-0.70740224648836003,-0.15158074824711013,-0.070478568316439158,-0.14276349864170762,0.98724432379408755,-14.285085106949781,11.481577100196565,-0.99644210758888752,,0.3381689557034111,0.6486486486486487,False,1
-0.2751885453952525,-0.96088522167174262,-0.031158550288660377,0.95385521403447582,-0.26883847458335186,-0.1337389443764998,0.12013115808352577,-0.066524171220259692,0.99052664754713615,22.949913025009689,-2.2863713196293278,-1.5402366694130869,0.2823228512539047,0.2750047620010958,0.8837209302325582,True,1
0.56478175088047544,-0.82514059315623511,-0.012828694328011488,0.82043051978383852,0.56309808536049566,-0.099067191696166595,0.088968174532275651,0.045426289625294256,0.99499804830525862,3.134682068795811,19.639222232601028,1.1251660139538449,,0.2580119185454558,0.7368421052631579,False,1
0.087108446177047674,-0.99024804208637596,-0.10872411760377132,0.98906949960522672,0.099002140043367895,-0.10927077018809367,0.11896908655313028,-0.098017301589727809,0.98804805805880802,7.0928959673148144,21.459469085225543,1.4259413721142771,,0.09182488461070329,0.1904761904761905,False,2
-0.61881026686316443,0.73241069859172336,0.28398665851254773,-0.77557228424545188,-0.51222602814186879,-0.36893377184028125,-0.1247456834324564,-0.44855218724512813,0.88500816368131885,5.4489654007753048,17.994283006933212,0.91659969692457266,,0.3522206745670163,0.1931818181818182,False,2
-0.84607744109791627,-0.53304950571562837,-0.0033448649489069165,0.52714373598900188,-0.83573834704389982,-0.15382098975070943,0.079198770651819864,-0.13190769400097449,0.98809307000433211,-0.6086144747837251,-1.7166745232707235,-2.296975007792303,,0.07377237569558417,0.3598726114649681,False,2
0.63755932327647058,0.70528223309091231,0.30999206601064011,-0.76340076008490199,0.63248622199138027,0.13107424801563702,-0.10362137233719178,-0.32021578767663356,0.94166048049049533,3.0296391135151661,16.023553011058993,0.58662042390423352,,0.2742878124784358,0.3055555555555556,False,1
0.87376100439567017,-0.47325360592776788,-0.11212819303740722,0.48446365023755616,0.86723078075511606,0.11491624997960034,0.042856490709948299,-0.15473137169700327,0.98702660745128434,-1.1016365916596356,-0.41931459917524094,-2.0893948811764855,,0.2811269550834012,0.2529550827423168,False,1
-0.96593029075233672,-0.25853991377718094,0.011652741788747671,0.25430851684232625,-0.95654943737118858,-0.14261960638818197,0.048019284340394361,-0.13479720638407733,0.98970897817615355,0.11463452892972525,25.259761305328755,1.8851826702482444,,0.2586616529988603,0.8846153846153846,False,1
-0.99972372644746077,-0.016990093923964795,0.016242151534122416,0.013128567896497693,-0.97680865828176078,-0.21371122060100911,0.019496447958271469,-0.21343894165367527,0.97676184748523487,22.584533548884259,20.520482026882046,1.8213318275510073,,0.2268776397745565,0.5454545454545454,False,1
