axis_00,axis_01,axis_02,axis_10,axis_11,axis_12,axis_20,axis_21,axis_22,location_x,location_y,location_z,dbh,dbh_approximation,score,reconstructed,number_clusters
-0.79920490679540634,0.59926401682456987,0.046412876375283324,-0.60103192494583291,-0.79751153964726351,-0.052306494103100031,0.0056694047352758986,-0.069699227174572054,0.99755194129489555,-1.1259796393711272,-5.2132055036281937,-2.2719454498995559,0.304503268606769,0.2480352593158118,0.889776357827476,True,5
0.044168754355658937,0.97582611967703703,0.21403856029866708,-0.9982262769058835,0.051669298343500168,-0.029573361379932366,-0.039917680710271242,-0.21235269662697262,0.9763774428989872,19.287175163180947,-2.4558750163677465,-2.3219868930631327,,0.3723877255019306,0.2093023255813954,False,5
-0.75815841297727249,-0.65204385270778176,-0.0058851489172093603,0.65079229989456333,-0.75607673260115871,-0.069407181307859056,0.040806901741369028,-0.056451648028644871,0.99757105421374459,23.613573801073283,6.9793795978577942,-1.6857065303812711,0.2141139329076415,0.2426217918444241,0.8837209302325582,True,5
0.33017341695885649,-0.93155670020786341,-0.15227484700879076,0.94360554327974877,0.32990577992378606,0.027762475837160606,0.024374031784744433,-0.15285382124996355,0.98794818482744362,12.32184479526288,10.883313230206017,-1.1832497734237808,,0.2686683642719412,0.3,False,2
-0.77104736498163784,-0.63658828999935924,0.015534155611575312,0.63525730308563,-0.77066216838844592,-0.050279032321535223,0.043978629256088808,-0.028899329585824505,0.9986143945078324,9.3929009230545102,-5.8973420662183829,-2.4121089554887334,0.2947189073872377,0.231470694890398,0.9942857142857143,True,5
-0.96775961786836828,0.24792053452190915,0.044460438432841282,-0.25074558445947509,-0.96499166282948379,-0.076926864902086056,0.023832202947815524,-0.085594972001621722,0.99604494219422435,2.4888785115240832,-12.055820206694619,-2.6993910784682673,,0.161812338693659,0.2857142857142857,False,5
-0.056696631736091671,0.99713004925668347,0.050171274840755245,-0.99792368566537326,-0.055060376304320348,-0.033416650778675311,-0.030558297364534429,-0.051961715046669021,0.99818143172050133,8.783618130559443,5.0885566546073191,-1.590445670054375,0.2207561042770939,0.2070075930464215,0.9588235294117647,True,5
-0.99784295535275769,-0.060544036463985235,0.025374319725353152,0.058960302853381837,-0.99650944040806833,-0.059098374470353071,0.028863803289142363,-0.057474819062335668,0.99792961977959127,2.0080311445533527,-12.410743702040749,-2.715182304822247,,0.2060331339764227,0.7378640776699029,False,5
-0.80771467461255919,-0.58950508809396973,0.0089864078946528501,0.58795636588552713,-0.80653370541924996,-0.061730817566098238,0.043638471905098675,-0.044577271495863172,0.99805237870352881,5.6907680914791019,4.9345999973650168,-1.5975715637182699,0.2194866959657465,0.2075039654706487,0.9956896551724138,True,5
-0.91975029943506481,-0.3921961067431779,0.015543504900835418,0.3904793456135931,-0.91830530208424921,-0.065124901636280416,0.039815415837191295,-0.053829230158428165,0.99775605567807091,15.375260054461513,-18.59456649836013,-3.3596653554502387,0.2875581958227549,0.2703147405276412,0.8571428571428571,True,5
-0.99634380365033948,0.0725746784410259,0.045077055990350424,-0.076841010729940484,-0.99186195679868117,-0.10151511082343206,0.037342790436396975,-0.10460771818883263,0.99381222637767486,-3.8074970025214374,23.135398839377366,-0.23980334785296309,0.2127766687325338,0.2123728662399673,0.5789473684210527,True,3
-0.89932641845035044,-0.43719217083095702,0.0086601871446900097,0.43586965813946166,-0.89784244972275606,-0.062422564744083794,0.035066140230347945,-0.052363548771602188,0.99801223668319305,20.277033875800189,-0.9773011066409043,-2.2722759266127248,0.2946345438969477,0.2872275455867477,0.9387755102040817,True,3
-0.95863669949938102,-0.28363486839623914,0.023810497743260391,0.2820715796733112,-0.95787798144192859,-0.053901731042141812,0.038095961905909234,-0.044955912832292881,0.99826232203157839,12.317673637598549,10.046640038342305,-1.2623810975087248,0.2409208407304791,0.2393985568589496,0.7142857142857143,True,4
-0.82933956847886392,-0.55867235980470809,0.009004140465873705,0.55734882690329435,-0.8282984151956404,-0.057306374286902752,0.039473602632797963,-0.04250799659626104,0.99831603459052931,9.8794504831355034,6.4814307262058026,-1.5160134347978773,0.235266089510952,0.1584821249629276,0.7101449275362319,True,5
-0.93640981936111167,-0.35042902769644108,0.018334305326865183,0.34842119810274164,-0.93471255124690467,-0.070107882967280405,0.0417051425694938,-0.05926164939681311,0.99737091294765001,4.7956854928900805,-26.051274761360229,-3.8974139559549781,,0.2316630146503919,0.8064516129032258,True,2
-0.99607916521395745,-0.086423530533577986,0.018901587149695268,0.084266605785393772,-0.99193242337907594,-0.094705895269104723,0.026933914978607344,-0.09274179650742867,0.99532583780614248,13.824300573173307,8.0423152081939211,-1.4621817846655176,0.2605088061640027,0.2630500589584134,0.9795918367346939,True,5
-0.78658575602836212,-0.61747168072146552,0.0034017525335720313,0.61590829135830938,-0.78496332031350557,-0.067004196872177277,0.044043445021692829,-0.050609379263198605,0.99774689459863297,5.4600260719814173,14.303456855792994,-0.84097426143808773,0.3026708525463973,0.2580881933243467,0.9210526315789473,True,5
-0.43739028278701519,-0.89926806068589338,-0.0025875768062038201,0.89829893741119515,-0.43678149227817625,-0.047759261396798175,0.041818172717291227,-0.023213854343527254,0.9988555237856499,11.056311044952565,-28.216591613523253,-4.0325890816246241,0.3806952210922037,0.4001402222973421,1.0,True,1
-0.8203190926428171,-0.57175803452639284,0.013012924351610267,0.57025666670496811,-0.8194683060518112,-0.05726281040180415,0.043404151001987482,-0.039553069806152488,0.99827432820077333,7.0834665349778865,12.043696694295603,-1.0417356136016944,0.2699129785188646,0.269244750414963,1.0,True,5
-0.69400628042157886,-0.71990152205088442,-0.0098529835189455281,0.7186066168012909,-0.69178672167676813,-0.070962398501683815,0.044269775522437022,-0.056328769385895747,0.99743032674701804,14.326103977908375,-7.530210157266306,-2.5692252448507045,0.2894184382019584,0.2914621402791233,0.897196261682243,True,6
-0.87179951410030032,0.48404374135754424,0.075281230509814431,-0.48965262791513237,-0.86557540242506859,-0.10497393339532368,0.014349605927896865,-0.12837787647905591,0.99162150523294057,3.9932509935305101,-10.049132042139215,-2.6031087550993925,0.2370330005055318,0.1703108991615348,0.6666666666666666,True,7
-0.60871618576472308,-0.7933877232374138,-0.00072512357701534982,0.79212250146584651,-0.60769335164086258,-0.057015200104764525,0.044794507024174382,-0.03528046184008192,0.99837304708851871,2.0484147336630945,-19.152233549241203,-3.221765745119896,0.2171928195362546,0.2406246372825757,0.9047619047619048,True,5
-0.76365318135601656,-0.64537214314197122,0.018127753892195883,0.64413328510399226,-0.76349503118051321,-0.04655801095201377,0.043887693331683228,-0.023877483514976736,0.99875108818715086,5.0673279735396868,-14.40545514542997,-2.9258741322312813,0.2545659760200865,0.2400913007533237,0.9675324675324676,True,5
-0.54960565045364396,-0.83513709743081999,-0.02190108408852795,0.83432778716813449,-0.54735302087096793,-0.065588216186673765,0.042787527955598981,-0.054320337243535806,0.99760639954502972,22.140391053452703,-4.0972816007483717,-2.491394774605924,0.311592322240334,0.2877203774869276,0.863013698630137,True,2
-0.96433384126257427,-0.26373302525238956,0.022475186027974527,0.26183998847574624,-0.96293377390488977,-0.064794810813128101,0.038730647177534459,-0.056598926354750473,0.99764547736392828,3.5034856633276452,-6.8717130797917303,-2.4112862874106176,0.1509551038100305,0.1564819201404355,0.7979094076655052,True,5
-0.82808171928097696,-0.56030072860109825,0.018540758391695236,0.55904770846762797,-0.82779143746992478,-0.047191055387317583,0.041789063757812814,-0.028712881787684601,0.99871379512335323,15.095727194076201,-2.7023982923031644,-2.3091964635020621,,0.221394473649965,0.9759036144578314,False,5
-0.99747270902545648,-0.065126413119159454,0.028403257975967496,0.063089301025018321,-0.99572101593363582,-0.067523318374189817,0.032679272415269529,-0.065560725608554443,0.99731331907885801,12.543442141950466,-11.499781552471532,-2.8450166266732775,0.2514773769531594,0.224704438928265,0.9836065573770492,True,4
0.52039807315395348,0.83789267025164671,0.16468672865843945,-0.85390419491477898,0.50931002592710017,0.10700898745936979,0.0057854442003772676,-0.19631395933224499,0.98052402214667944,14.754845966203955,12.559314260377791,-1.0672856192523323,,0.1154181645393205,0.5,False,2
0.56229888769341518,-0.80132953324405121,-0.20418359397762106,0.82689199601480179,0.54735141859677505,0.12905832591024013,0.0083419317549273848,-0.24140713268453334,0.97038807106416292,9.5370039317633104,-2.7952499840987381,-2.2589395415037981,,0.2617032915722029,0.273972602739726,False,5
-0.99668959210975983,0.073162132911022706,0.035456442122571347,-0.076077669795354325,-0.99308687017442754,-0.089390471783457937,0.028671329557424737,-0.09179199635627272,0.9953653521528365,-2.808294241278432,-12.30568867561578,-2.7268823465972125,0.2611074317176441,0.2451869543802676,0.9931972789115646,True,2
-0.99859625122480422,0.042493115774820636,0.031620596950650698,-0.044293511172422383,-0.99729831166951033,-0.058601727015187802,0.029044997982205212,-0.059920052176978197,0.99778052468432221,-3.6194753768712165,-17.860180534302621,-3.1926643121383607,0.2808366441513623,0.2508028256367015,0.7530864197530864,True,2
-0.84033174977203029,-0.54180424013353801,0.0170503870453967,0.54033479471255386,-0.83974002810169579,-0.053618978232572237,0.043368882254681745,-0.035844812415221805,0.99841589003525832,7.7632009002352156,-10.702578722776309,-2.661925312603064,0.1686314583160355,0.1723713423632397,1.0,True,5
-0.31706077630120666,-0.94840205219180906,-0.0024518420918428208,0.94757404427829872,-0.31667363715202212,-0.042675966807794813,0.039697540746835798,-0.015854177092383216,0.99908595742677642,0.48489864940953198,-15.924783133568715,-2.9738552601111916,0.1371482570611119,0.1506990246434149,0.9142857142857143,True,5
-0.091334435976788114,-0.99567446354869538,0.017040640886446932,0.99514874878294601,-0.091887810599560513,-0.035151074790922783,0.036564854717881068,0.013747468866600356,0.99923671794986757,1.0229476784102276,11.297693450691764,-1.0848403717585811,0.3152315010262063,0.2737634616855521,0.9735099337748344,True,5
-0.9936532269112629,0.10647455006044297,0.036282707151770545,-0.10852659712966306,-0.99226464711861118,-0.060273110041161621,0.029584495336083261,-0.063828209030211622,0.99752228915834518,16.24454157452006,-11.86209352404161,-2.9337436548218272,0.222216429540462,0.235482812767259,0.9871794871794872,True,5
-0.12046993206094367,-0.99248679899618131,0.021376372179264816,0.99211493034935205,-0.12111878045165138,-0.032221204195465453,0.034568199940593,0.017326131715403627,0.999252142711062,-1.8463446720764034,3.7928422507871109,-1.6299730677757478,0.2501946479499376,0.2285995604405226,0.9840909090909091,True,5
-0.93252612394173173,0.35871007514278597,0.041498315113614591,-0.36064379029174837,-0.93096179941069523,-0.056975297822860323,0.018195732747361842,-0.06809706329247299,0.99751275945760653,9.2689598625312541,-1.2720868309385474,-2.1815121731117473,0.3036743043480311,0.2662222857752902,0.9878542510121457,True,5
0.018087344856003044,0.91171137792747092,0.41043295593026269,-0.99932868689618792,0.029565201632865697,-0.021635027126145692,-0.031859433491527804,-0.40976610671211083,0.91163409013024399,-3.500346502179791,-19.087675693637788,-3.2522711930187995,,0.3787391814618158,0.3125,False,1
-0.9686508834134786,-0.24743317592063169,0.022187598250336393,0.24550209532690948,-0.96708713191980411,-0.066867035714360326,0.038002463767309161,-0.059323711355226481,0.99751516781383165,-1.0735802149072962,24.12062986999555,-0.11510424977321693,,0.3196332425666762,0.9705882352941176,False,1
-0.92396118521582282,0.34571703014230359,0.16363209735305451,-0.37270717380168189,-0.90990696115302172,-0.18209526254693753,0.085936551078902787,-0.22923581115275321,0.96956993150252135,11.359215289243723,-17.976040898939164,-3.2310705981885723,,0.3172792616357699,0.6808510638297872,False,3
-0.99407914674736975,0.10210365706757987,0.037168443812562998,-0.10540473305751252,-0.98922258621117554,-0.10162931259605985,0.026391139632386377,-0.10494531024823925,0.99412775316143576,23.372208280357302,-9.3066558723237645,-2.8167185398889303,,0.2351330689231257,0.6129032258064516,False,2
0.059940924549291459,-0.99693184230814536,-0.050338726208184581,0.99794119237450074,0.061001571094596758,-0.019803658403174114,0.022813639041917574,-0.04904803886066466,0.99853584199946832,-3.8766911494054197,20.728388418889477,-0.4129421011857235,0.3013007334102523,0.270341866765269,0.958904109589041,True,3
-0.82594796078517507,0.55473071495145376,0.10041812567589495,-0.56368676763431746,-0.81524321758297624,-0.13279956392598222,0.0081971988377668586,-0.16628989769196742,0.98604283672506265,26.938310998033085,-17.928645646818559,-3.4753962595513075,,0.1611361128729549,0.2941176470588235,False,1
-0.96787033361713104,-0.25029743286646133,0.024046047582124037,0.2484543296079183,-0.96667424969528926,-0.061736059763544404,0.038697072278692624,-0.053778156127812157,0.99780280943708954,8.3300714441900681,-19.04168204324078,-3.2626159178798342,0.3353021927121244,0.3390887078478074,0.75,True,2
-0.97798534204563747,0.19735707566595209,0.067785362936690061,-0.20622904224655011,-0.96368924036945158,-0.1696249690647503,0.031847337062079775,-0.17987004386703914,0.98317471206358897,19.768446556316732,-1.6984815748448274,-2.2851428724418676,,0.4092143153902082,0.5113636363636364,False,2
-0.70114088449982526,-0.71302052435422369,-0.0017865980051742676,0.71166165576329443,-0.69964551422905874,-0.063512535261970676,0.044035755915505681,-0.045802688444950154,0.99797944163803587,20.24045992238273,-11.730980547270107,-2.9455830248976715,,0.2756478037874467,1.0,False,2
-0.92963397037901252,0.36655865913119923,0.03762220798000273,-0.36804894630567497,-0.9286448761926821,-0.046461457621989305,0.017906821064487551,-0.057038963323459133,0.99821135157958851,6.5371826612684343,17.684105870207919,-0.66711356086213314,0.2976718032393681,0.2442982454596073,0.6808510638297872,True,2
-0.93946931269424072,-0.34254612855067834,0.0077175333335109779,0.34028345435950591,-0.9354235089802917,-0.095864641741157886,0.040057224004836606,-0.087435740186383448,0.99536446096044939,20.2805013845757,13.241838159156396,-1.1525402469433281,,0.3443220136870425,0.78125,False,1
-0.99387456727507817,0.10329824076563102,0.039278721701483568,-0.10697215099427707,-0.98846829129486957,-0.10717927045963159,0.02775434083948845,-0.11072448039763816,0.99346353028444834,13.541922813028593,19.999346005048341,-0.61308677134089329,,0.1185471021621275,0.3846153846153846,False,1
0.76726121739219144,-0.6373068465319095,-0.071764947219421837,0.64132268311906659,0.76174255400823998,0.091942903641148072,-0.0039294277973383578,-0.11656871268293803,0.99317485611579437,10.588469354503198,21.399653646338962,-0.4627725550439325,,0.2681245068043749,0.4615384615384616,False,1
-0.84394369999789465,-0.53588315561696209,0.024254376097337261,0.53469302857841805,-0.84398539314666399,-0.042332273086973571,0.043155491232324664,-0.022757409366576515,0.99880914287736611,-9.8449878625820677,24.73129499436698,-0.10532086047469384,0.3169985318438682,0.3506790413945069,0.8974358974358975,True,1
