axis_00,axis_01,axis_02,axis_10,axis_11,axis_12,axis_20,axis_21,axis_22,location_x,location_y,location_z,dbh,dbh_approximation,score,reconstructed,number_clusters
-0.10764204411302876,-0.92488071331363686,-0.3647037927957818,0.99131206451097165,-0.071957556943056111,-0.11010222865039458,0.075588233834147034,-0.37338689872469633,0.92459106786005085,7.2373608387026342,3.6405734412424557,-1.6308060260129846,,0.1653701966016992,0.2916666666666667,False,1
0.13748705360327007,-0.98650769883986555,-0.088881214107181417,0.98821552125419487,0.14271177376669247,-0.055348289771831267,0.067285909697304302,-0.080224122045924828,0.99450324111999178,-21.491093182245859,16.647628459408949,0.17524817554815345,,0.1694064833937676,0.1818181818181818,False,2
-0.031176405844907652,-0.97824842625081376,-0.20508058966270146,0.99667470550592618,-0.014972279779511408,-0.08009595647022956,0.075283219400278573,-0.20689574035250644,0.97546224401599413,4.5417776328177748,17.8046354182827,-0.15305382025283318,,0.2160474752572764,0.3181818181818182,False,5
-0.97429647144021536,-0.22341403160736287,0.028854050323843028,0.21882329192802574,-0.96904284489584946,-0.11433429785476168,0.053504697447314196,-0.10508156468716857,0.99302321831564877,11.814594396745852,-19.33887720161179,-4.3100298029617852,0.2499786740952023,0.2343815088103386,0.8918918918918919,True,5
-0.92485555758081328,-0.3793994537002312,0.0264244610891275,0.37565566454635424,-0.92215531061414091,-0.092262694521544994,0.059371873021841062,-0.075403167294916196,0.99538401788243247,14.174841127633593,-6.0612325097440367,-2.7675106535690457,0.1969138887829992,0.2133308687325183,0.7926829268292683,True,5
-0.98299011244584644,0.17966821496388061,0.038075863291532966,-0.18290481192179009,-0.97644951229772048,-0.11442106322438611,0.016621329957537269,-0.11943903241921021,0.99270239695752027,-5.3615615569100123,-16.43860469950323,-3.4883956955029025,0.1743577193910296,0.1815480571720642,0.7733333333333333,True,5
-0.68081445143617281,-0.73245200052347736,-0.0023978417002194358,0.72745633916336838,-0.67578188971548503,-0.11885332197123766,0.085433935451281084,-0.082661384344349872,0.99290892745084236,-27.916657796905866,-1.4159057571294369,-1.6152781665307998,0.3173194113998462,0.2880028278613234,0.9636363636363636,True,5
-0.84881872483897169,-0.52866500730158295,-0.0044813410447733237,0.52391484151893541,-0.83999549867781187,-0.14114106786191952,0.070852037366125165,-0.12215102232823002,0.9899793515751919,-3.4102192864489345,-12.577706446893634,-3.1795529098404787,,0.1117494631042522,0.4375,False,5
-0.72894048323429239,0.67579401537130346,0.10930791687013461,-0.6841277571292913,-0.71333180802116303,-0.15207545360940178,-0.024798867462109891,-0.18563453464695157,0.98230587686270499,7.4534635677232277,5.6921648819499113,-1.443786830713232,,0.371077789964459,0.5483870967741935,False,2
-0.98051240746514123,-0.19438778830915762,0.028439524665291257,0.19043917107283037,-0.97602066272891042,-0.10543523152776026,0.048252885178058022,-0.097964553193965326,0.99401941902032298,-4.915493042716121,-1.915698232129742,-1.9677571086327053,0.2766083245423395,0.241987831424797,0.9022556390977443,True,5
-0.70321856020913132,-0.71083495233665672,0.014047316965855962,0.70670215529087377,-0.70101968846746132,-0.095621441571529825,0.077818508625068838,-0.057315503291228323,0.99531864887474264,9.9531713051461459,-0.73681187071717757,-2.1079953986078586,0.2846618117492532,0.2184829089624421,0.9428571428571428,True,5
-0.59812532732191404,-0.80138330719389728,0.0055576764053002423,0.79734346164567826,-0.59577860631090285,-0.096391163667249119,0.080557414227005048,-0.053222619375704931,0.99532801417414574,-12.155167357993177,-12.80269540943323,-3.0374635322181107,0.4311528949237979,0.2965720589208312,0.8901098901098901,True,5
-0.85339345482064066,-0.52096526681823851,0.017742661533572783,0.51547746593108679,-0.84848462733024699,-0.11981994534099584,0.077476405353878772,-0.093107614904773608,0.99263708305714005,-15.849269409698511,15.854350480566895,0.06327803663131279,0.2203339981703324,0.2248346327518772,0.6176470588235294,True,5
-0.9538308236458849,-0.2990236659994156,0.028135511996124418,0.29549000237193029,-0.95106205335956107,-0.090369403880590102,0.053781208253912478,-0.077883360429340562,0.99551080546972659,10.73616623055111,5.67225149373464,-1.5010230146545431,0.2519820928727026,0.2295882885587838,0.9285714285714286,True,5
-0.62704106439381757,-0.76704202755928375,-0.13588977710487171,0.77528587457367049,-0.59751090805889218,-0.20472549288541797,0.075837433042052357,-0.233724715655793,0.96934072494722467,11.524774572761727,0.24170358136258244,-2.0607146970573211,,0.336062132806757,0.4833333333333333,False,5
-0.87104231217207795,-0.49061264532694782,0.024176903259412335,0.48693973381086936,-0.86890139254431764,-0.088882313599194046,0.064614131907192549,-0.065647561111136316,0.99574866893109093,-13.567382175230772,9.0979969030672763,-0.56275645934012608,0.2130927079956958,0.2340189663570285,0.9625,True,5
-0.97858053600749639,0.2012077857983964,0.043538046366232423,-0.20561208280435966,-0.96574022954938576,-0.15833344698689983,0.010188520605795197,-0.16389397781494877,0.98642534339090193,-18.56912831601786,-15.398032821721307,-3.2788374286619781,0.1684271301165535,0.2334192833368551,0.625,True,5
-0.99885889272905926,-0.034968151219581474,0.03252907647571978,0.027288649029323223,-0.97685442911777609,-0.21215738013828145,0.039194923781443333,-0.2110276112580278,0.97669396703189393,10.146922731802746,-14.615603645761897,-3.7969854259344475,0.5121738124295204,0.1842646507583215,0.42,True,6
-0.62705466674931987,-0.778900697366817,-0.010777223639964674,0.77528427675136558,-0.62267858065756609,-0.10585686284975238,0.075741237975173251,-0.074733451892477654,0.99432297370533629,10.081110217911711,-11.632757450547338,-3.4067974370526377,0.392488416415546,0.2976972213455916,0.3968253968253968,True,6
-0.94364471214899792,-0.3297403272938963,0.028389677514002287,0.32555760028689912,-0.94025521254708855,-0.099661347439540818,0.059555907588336413,-0.084802428232589239,0.99461632906220965,-5.3839789004263245,9.2983519828599874,-0.70125499182146189,0.301122138963079,0.267594714752694,0.8417721518987342,True,5
-0.59657191201101833,-0.78285301000480934,-0.17675723047708375,0.78904212229365145,-0.53186988333176899,-0.30745236452332297,0.14667816144828605,-0.32288634522237347,0.9350026336984778,9.1261841628656217,1.150818716729739,-1.917776840941974,,0.5905958135923655,0.2950819672131147,False,2
-0.9225450841472802,0.38102414787331651,0.061083274741147622,-0.38587280936025237,-0.9123392388269761,-0.13689152016484413,0.0035696935605050127,-0.14985897381881583,0.98870093822847016,-25.857877244306611,-10.522927854172007,-2.8076365984150864,0.2130256173022273,0.2398672917784494,0.8333333333333334,True,2
0.27038353581356295,-0.95512213657849443,-0.12097292167542295,0.96032128929467997,0.27648762886869899,-0.036573383900980444,0.068379564844766455,-0.10628403125727258,0.9919818243351759,-23.169423176946346,11.829262091069094,-0.2527346239647314,,0.1980589658937074,0.4117647058823529,False,2
-0.94535796258284222,-0.32534395236478242,0.021204604237799175,0.32107417720884102,-0.94030636148620605,-0.11285087185414361,0.056654172934438529,-0.099876219433040023,0.99338564791367889,-9.7648283436568022,11.084357454131261,-0.35370825543541229,0.3209993261328284,0.2906546394835646,0.9663865546218487,True,5
-0.3850372792695575,-0.92266430949539546,0.02090132905064444,0.91941997836549583,-0.38545176688667565,-0.078063043665569945,0.080082438493652666,-0.010840082440938086,0.99672929908656005,7.6993598266178438,15.848796665954646,-0.40895280092491754,,0.1099035612365874,0.5405405405405406,False,5
-0.95717434730854323,-0.28827907547052911,0.026691637273125152,0.28452939271112515,-0.95372540824797869,-0.097215586948101271,0.053481712181841723,-0.085457710641477863,0.9949053654262876,10.204922551889018,12.676870510279837,-0.71402684661227311,0.3013692316978366,0.2632368500863368,0.9795918367346939,True,5
-0.81760368718812992,-0.57533921225766527,-0.022561062366513902,0.57256934200671095,-0.80828515350950236,-0.13725690951687888,0.06073351044010751,-0.12513952794721478,0.99027851600182248,-3.6834394860910993,-5.4631317305120071,-2.3819833980433538,,0.1068103519100329,0.1139240506329114,False,5
-0.58934898735957797,0.80522683209660084,0.065402752005661591,-0.80709502890647911,-0.58328019566278688,-0.091552321991481056,-0.035572256221541185,-0.10674250427667002,0.99365016598803768,16.67871077651467,8.8235050764092247,-1.2137563065594215,,0.1913036773368476,0.9166666666666666,False,2
-0.97049239868994053,-0.23964351647074086,0.026748627975731319,0.23584687916213298,-0.96646110079831771,-0.10163262386255381,0.050207107808840447,-0.092325108487577162,0.99446232742534268,15.59040365488406,2.7235457079335585,-1.9214944390948343,,0.1225082704702836,0.5128205128205128,False,5
-0.58791820280739049,0.80213875059795892,0.10452565042550481,-0.80795698911863556,-0.5759905178857091,-0.12425951488760467,-0.03946758850092455,-0.15750666047789649,0.9867289198979744,16.372427722482456,-12.28806801718223,-3.4917051050104528,,0.2376769589342749,0.7272727272727273,False,2
0.29790960662419014,-0.94146418413453548,-0.15778167280427507,0.95192224285353322,0.30534757050304967,-0.024635436845856035,0.071371631911574154,-0.1428567505572636,0.98716667233983324,-11.618289494012473,18.642610652561796,0.29540218572611365,,0.2220939450380414,0.2424242424242424,False,2
0.4189730018598472,-0.90799694411310705,0.0017813460664468997,0.90650386812128692,0.4181699228702293,-0.058177767986167118,0.052080330199549794,0.025989711194366907,0.9983046499532795,12.970147865608466,-6.8894564385304786,-2.8051873625185468,0.1473323175623634,0.11449089547957,0.6585365853658537,True,5
-0.40757734196082152,-0.91312925808057965,0.0086987560813490076,0.90960086459192446,-0.40680707199033178,-0.084464627580291732,0.080665838207855903,-0.026513472346416659,0.9963885077269613,10.810606326239656,20.798807020206958,0.033766783870987048,,0.2806407069691934,0.8809523809523809,False,2
0.20649622442722998,0.91578658078682784,0.34452031543593031,-0.97332699763693042,0.22823603796656922,-0.023299498801579818,-0.099969320135634795,-0.33051966571460878,0.93848968327175808,9.8889035732818265,-11.360919612213381,-3.37415461070528,,0.5447438067318788,0.3581081081081081,False,4
-0.98921221675255133,0.14134262336528564,0.03848964857884031,-0.14434246781057869,-0.98528718912252466,-0.091511785784054986,0.024988841786998964,-0.096080267335461392,0.99505986755314912,-9.3963492165441469,0.84284363112072858,-1.5673668121357105,0.2516027007820144,0.2304161488591961,0.936026936026936,True,5
-0.76495000559239834,0.64187955470839986,0.05331159528224004,-0.64386277169349815,-0.7598598809466699,-0.08974236766923642,-0.01709444855376701,-0.10297377615228248,0.99453716936753223,-21.361585580976865,-2.9528688821572531,-1.9270406655548959,0.2753111953749737,0.2499178654972735,0.9583333333333334,True,5
-0.97653421252483719,-0.21302134098289813,-0.03166764996560683,0.21089092899685405,-0.91605674571965623,-0.34112322507908688,0.043657162474675049,-0.33979692009693274,0.93948502130544842,10.31334131826085,-4.8038709055949056,-2.5387977255330942,,0.4246069423216846,0.2472527472527473,False,4
-0.73499865103844897,0.67626543804131045,0.049417003980983296,-0.67774260538722253,-0.73043223915119759,-0.084461262431422074,-0.021022459765734466,-0.095570922980601922,0.99520061036257179,-7.4865581150642662,-18.643584783439678,-3.6486561063305176,0.1793779970118092,0.208731491760954,0.7608695652173914,True,5
-0.35482490239418507,-0.86663049296923556,-0.35078608481075346,0.93215988550816542,-0.29905182447354661,-0.20407340377532629,0.071953015853132782,-0.39939904223087852,0.91394921553371633,7.4114256901798656,4.8571252218244378,-1.5069973864182551,,0.2378760902396522,0.2222222222222222,False,4
-0.67967311807353825,-0.73344147890920974,0.010394690166953754,0.72959270151320155,-0.67743427418596192,-0.093687213945174361,0.075755808139470429,-0.056092790745438763,0.99554741542506431,10.44183142360299,-5.0890782919161266,-2.5543595256459608,0.4087197027235991,0.1986696616382821,0.8901098901098901,True,5
-0.98593722816672202,-0.16517890126491469,0.025371493685591457,0.16143546235089984,-0.98063017807880437,-0.11091909365246867,0.043201546389841729,-0.10526340493281355,0.99350553192796975,14.580316384151141,-11.768326385299885,-3.4012178243517757,0.2170423027854758,0.1760228488450958,0.9324324324324325,True,5
-0.90107968045429832,-0.43332970173294572,0.016756463481781236,0.42889514776140808,-0.8962351887337725,-0.11318762609958426,0.064065292468697771,-0.094804304076216733,0.9934323239302838,-7.2556204692962627,-10.530924953824035,-2.8219241097740908,0.2094148182383801,0.2185891162798284,0.8415300546448088,True,5
-0.88305776040806394,-0.46886479008646681,0.019359762402167271,0.46480289884002246,-0.87959296784835483,-0.10136309062787806,0.064554295077916851,-0.080510990112512171,0.9946611098550584,10.026392518545133,6.9694756261968633,-1.3752346287986419,,0.1080205034207528,0.4821428571428572,False,5
-0.99613184909122643,-0.081794653926843444,0.032108780965399895,0.077955207383720457,-0.99123666822474021,-0.10664358024972512,0.040550275804946731,-0.10372802010887096,0.99377873441548259,13.175212629970998,-9.0032013679934852,-3.023075579514523,0.3129151408323815,0.2306252461749016,0.88,True,5
-0.93753104112326691,-0.34709636076730394,0.023657203393827739,0.34315027996159753,-0.9337864967801186,-0.10144290903454482,0.057301241632276276,-0.086987900154029213,0.9945600398840645,-12.132391964623583,3.9605199400367663,-1.1502254033996402,0.2958819840713252,0.2917465279625812,0.9333333333333333,True,5
-0.99781660113662396,-0.057984304923194202,0.031620418699496736,0.053740237426990384,-0.99111808045303851,-0.12164266307664039,0.038392933952071814,-0.11967777981588892,0.99207016467631615,-12.156862983804809,-23.628441264462907,-4.1775896470548997,,0.2700708755604566,0.9074074074074074,True,4
-0.99931097381327316,0.0057366824824970986,0.036669716258300226,-0.0095590186309844425,-0.99443387675472639,-0.10492802259348602,0.035863669349102179,-0.10520625093910355,0.99380352282740347,-16.134225704157835,1.7033688730332017,-1.3843512462767835,0.2933375231904491,0.269969002223504,0.9818181818181818,True,5
-0.98935939035670228,0.14075067960330231,0.036840777736420673,-0.14425826679355197,-0.98190768087947844,-0.12266563777850018,0.018908970747668712,-0.12667498735383542,0.99176403363107013,11.772886520533453,15.253393003451798,-0.47035732268724456,0.1392486889112077,0.1949053017731375,0.4666666666666667,True,5
-0.2660743303887535,0.92833340083847771,0.25961808025606326,-0.96287217276466597,-0.24320789650936994,-0.11716269880358707,-0.045624879436870318,-0.28115301165585044,0.95857777692434387,11.264883100769403,-9.3076045505609741,-3.0740517356174282,,0.3093838752314797,0.1886792452830189,False,4
-0.59301243847901786,0.80098907299062971,0.082175134674559516,-0.80460716977358659,-0.5855933280192761,-0.098426401581327386,-0.030717261565923325,-0.12448678294871857,0.99174567844431283,22.777404995118157,3.2812411787257552,-2.0166859352017843,0.1996347666522711,0.2775502559847272,0.5945945945945946,True,5
-0.906808532496028,-0.42147170559287683,0.0077386547301411882,0.41737473117728718,-0.900266310490764,-0.12376955994926801,0.059132217674363927,-0.10900537408760833,0.99228081169240223,17.753516251562917,10.652360175243441,-1.0401187253936015,0.2875553048025543,0.2511569027165134,0.94,True,5
0.17378565413999678,-0.9837542411074891,-0.045012659532214047,0.98145374920094786,0.17677260989769444,-0.074161867353526228,0.080914056841428217,-0.031289574829120995,0.99622983187238279,11.498616599567336,-21.345908975031527,-4.4985008034121519,0.2729975458956422,0.2932962011229282,0.6,True,2
0.4508857548334817,0.81779059735410398,0.35765985931812488,-0.88895330804983141,0.44751923089358558,0.097409209460282475,-0.080399329571239811,-0.36186334003271614,0.92875770303393068,9.6372573216826218,6.7673151481260332,-1.410191344843948,,0.1270205840508056,0.5,False,4
0.056398137064734816,-0.96563245671443076,-0.25371875901336616,0.99593736589067972,0.072279532968686722,-0.053706911441315175,0.070199810244502336,-0.24965902277603275,0.96578587636605773,18.692257657045754,1.9901638825977239,-2.0298225076315046,,0.1542738458975234,0.1935483870967742,False,1
-0.97833000684598481,-0.20503241951736864,0.028846224217193687,0.20123869408602349,-0.97437061499993582,-0.10052309499412762,0.048717406614953329,-0.092539783723003796,0.99451646679238659,13.913513455385402,7.4017349596939814,-1.3263909337135569,,0.08124816991390046,0.2857142857142857,False,1
-0.93943686883905553,0.33928400633985012,0.048422438061828298,-0.34264931751112054,-0.93272538915261705,-0.11231559837913249,0.0070579511924076244,-0.12210532941718712,0.99249205228701232,-11.5474085649888,16.49852346928057,0.12893972569462603,0.4099165620430808,0.2363205130613815,0.82,True,5
-0.98828583150059623,0.1481973758634737,0.036450693304203377,-0.15104539734390271,-0.98397659702276841,-0.094738294541946363,0.021826662511693316,-0.099134223649929895,0.99483466088839478,12.7035083511684,8.0032390390457238,-1.2156751667295242,0.2094936103534785,0.1932803723371095,0.8928571428571429,True,5
-0.23647062312247516,-0.97163857164849132,-0.00036122700655511625,0.96854518355595198,-0.23568810086586858,-0.079820714860303787,0.077471748467670548,-0.019225118858466731,0.99680917080163434,15.966648700752103,0.38074642538443271,-2.1727497437746832,0.1596305576795116,0.1161647827904001,0.9230769230769231,True,5
0.13017352750454281,-0.99094537080238332,-0.03289566570769991,0.98924957302576932,0.13203748017290118,-0.062860051685674656,0.066634338034972582,-0.024359308588698406,0.99748006951503698,-26.405710947597694,2.4846671186938698,-1.2706469029462495,0.2996417228502175,0.2271553065870309,0.6551724137931034,True,2
0.9969978126518978,-0.052262428053317093,0.057131429015063226,0.048437650982276426,0.99661685926865107,0.066397513423389551,-0.060408240618731235,-0.063430863429893972,0.99615629799238214,9.7489984042214051,14.740023229536932,-0.47498295931739493,0.2000161048145136,0.1646018410170154,0.4347826086956522,True,5
-0.98388595224793796,0.17576634041312444,0.032781497021133262,-0.17826806068199624,-0.97844033100129557,-0.10428335059229753,0.013745235896448636,-0.10844681760131825,0.99400722142361619,-10.469580329748263,-17.347519983705375,-3.5458932728904813,0.2105271857001276,0.2010109883876759,0.7551020408163265,True,5
-0.93999015079452464,-0.34044395549620504,0.022725086917027727,0.33643791716479593,-0.93589903958719622,-0.10441511190234584,0.05681588072979523,-0.090503595872559378,0.99427413464850611,-14.735495373199129,-4.2864700178174244,-2.0978511034263607,0.288776994700724,0.2407341127937317,0.9320388349514563,True,5
-0.70749823697146375,0.70511711700525848,0.047498378798260577,-0.70593030060384976,-0.70194800919284828,-0.094506100753099564,-0.033296476865107262,-0.10039344448911708,0.99439051731801109,-6.7627686969434331,17.953157491773588,0.11205431520842121,0.3236619994203446,0.2500320016449241,0.8524590163934426,True,5
-0.95395837750299084,-0.29901487536635024,0.023526969662697385,0.29502909288877638,-0.94958582526190394,-0.10604053381088298,0.054048573904306646,-0.094217115065773502,0.99408344060626808,-9.4711410643769671,-3.8154864791283072,-2.0716164810905107,0.2900545585979722,0.2796411477565012,0.944078947368421,True,5
-0.92381734254487924,-0.38181478431478505,0.02791035814840644,0.37802291257870629,-0.92130253042426868,-0.091106119439652189,0.060499546930782279,-0.0736146582719404,0.99544999216870567,-15.096687743556785,-7.817310630891888,-2.4917795532668094,0.2916104818082605,0.2645606010352218,0.9508196721311475,True,5
-0.86586631504869727,0.4976980888019652,0.05071623868999818,-0.50023184998546943,-0.85999203705739258,-0.10090486835624385,-0.0066045987088159917,-0.11274000443829721,0.99360257179374656,10.668692692687861,2.8526907807634165,-1.7940627898393564,0.2605192527273857,0.2128331061190246,0.8666666666666667,True,5
-0.27882337962593634,-0.95938356300935845,-0.042903403145204771,0.9568451329775115,-0.27372139926634376,-0.097590917000117947,0.081883542126730199,-0.068262541786428363,0.99430141854351017,9.5685474426143937,3.6917550777544581,-1.6832149073213063,,0.2287467195126305,0.9316239316239316,False,5
0.84572589918878616,-0.49068293149052145,-0.20970923724335175,0.53312336700332053,0.79386866149269308,0.29249277573103194,0.022960378837530913,-0.35916961041222445,0.93298982414599174,6.7180689761578343,6.4090496177653344,-1.3590399105497379,,0.4920382501278847,0.3863636363636364,False,4
-0.37642409258932258,0.92367635618900279,0.07160231515608656,-0.92406134698385156,-0.36878815692166683,-0.10052821655988006,-0.066449450928471501,-0.10400617448847134,0.99235436520407261,5.1859414415449079,18.240904065597249,-0.16387245941949172,0.181591391239999,0.1635387318328409,0.5,True,4
-0.76928781169628824,-0.63858430289024282,0.020158146683691307,0.63491492808875061,-0.76762551025710224,-0.0873733946495307,0.071269185947330602,-0.05441657931833524,0.99597165573609492,-12.07266036691855,12.73091172442564,-0.18017939721831022,0.2959487888228298,0.270714948510337,0.9390243902439024,True,5
-0.79900789350746548,0.59115216700795292,0.11011585514614104,-0.6005155510286504,-0.77497280946279756,-0.19697263151538774,-0.031104004332577078,-0.22350897081580795,0.97420546132699304,-25.125823023356975,-13.974376655257212,-3.1306493519432341,,0.2319195883559166,0.5142857142857142,False,2
0.043581951601452708,-0.99899968514867721,-0.010012121026646309,0.99656307191782612,0.044177943896379988,-0.070073910714288132,0.070446129661709309,-0.00692375230145309,0.9974915560894505,12.351044673448778,-7.963756999260772,-2.9068241202151408,0.2186320295628927,0.2224448366108739,0.9375,True,5
-0.94047354796669913,-0.33916659874082189,0.021806509888385475,0.33496632866129489,-0.93585938772588662,-0.10938356854895349,0.057507079895464983,-0.095567906244264186,0.99376038915725817,-4.278131259660392,-8.3949847221178722,-2.7155622385704463,0.2305592614138514,0.2192422416810223,0.91875,True,5
-0.96715195558824874,-0.25297237546407747,0.024941372333692487,0.24885475875023239,-0.96226377744765645,-0.11008965282682495,0.051849820146164884,-0.10026664382649436,0.99360867361682248,13.952912425762642,-1.4524541277226408,-2.28867165573475,0.1240546038494277,0.1789257210560256,0.6896551724137931,True,5
-0.9980352639168103,-0.052523291579146897,0.034160149592693465,0.048180707532873089,-0.99190877716029235,-0.11745466024814072,0.040052857577643944,-0.11557803266220762,0.99249054754481125,13.428014058411387,-13.565353360156982,-3.5725581534001245,0.2314954110318591,0.2160842524771331,0.9107142857142857,True,5
-0.84677556293775458,-0.53164493894684539,0.018022344565986944,0.52761561750527008,-0.84370959431530412,-0.098873053077361994,0.067770983289181713,-0.0742144147218817,0.9949368394383169,-4.435083787272295,-12.196241352371654,-3.0862071989469859,0.314015617671914,0.2536626231705237,0.9932432432432432,True,5
-0.99440658802591608,0.099375161468665985,0.035778694410676555,-0.10243948369262268,-0.98994304152018653,-0.097564987195977754,0.025723333210237814,-0.10068441701097024,0.9945858224908074,9.0001023121435111,7.5634302318699476,-1.3048199595603371,,0.1870297674482417,0.9019607843137255,False,5
-0.99664162427599712,0.072642398911449704,0.037796225220130451,-0.07662036415844356,-0.99012148104505715,-0.11742560440282618,0.028892776895419924,-0.11992720564380435,0.99236216815724021,18.545538166359322,-3.2686640455017626,-2.5747781457304821,0.3058177342985132,0.2698197415330189,0.9743589743589743,True,5
-0.97415156114219836,-0.22586390971108394,-0.003772295619482325,0.22425765036144985,-0.96494680968324054,-0.13633107032697156,0.027152203935944998,-0.13365309114330007,0.99065615076537084,-21.358121000547722,-9.9262207358964041,-2.6403080025439465,0.2845889833373173,0.2689423729730273,0.9130434782608695,True,2
0.75472780720470045,-0.64899309511845038,-0.095884824245333955,0.65578802022473148,0.74230355973587281,0.13757724278811009,-0.018111034252958153,-0.1667134898321829,0.9858390349069478,6.8985387634005448,2.4303354968556805,-1.7758044530509365,,0.5731366265688735,0.282051282051282,False,3
-0.91632903829549162,-0.39980199094918273,0.022348637755575971,0.39597850563451131,-0.91303411738641838,-0.097824963909342658,0.0595156840834382,-0.080790274918919103,0.99495266964142892,-5.1463868390980583,2.2473594914016575,-1.5172730930291267,0.3148415075401754,0.2480796114950415,0.9651162790697675,True,5
-0.98955583038757866,-0.14413112466427624,0.0023403950441555528,0.14302192428875449,-0.98370891751442135,-0.10891048973973991,0.017999658849368182,-0.10743828230951509,0.99404880553003505,3.9300398252508693,21.8544439380853,0.20351521508089843,,0.2317706914677175,0.1212121212121212,False,4
-0.63898963832694911,-0.7603115739536378,-0.11669855450234561,0.76254346210648638,-0.60617671616825308,-0.22600278134157364,0.10109258384989793,-0.23340115528337785,0.96711126050880847,10.460766855389458,-20.445272474110212,-4.3957990156445028,,0.215315662286944,0.2941176470588235,False,6
-0.50597750783495365,-0.86141790239390559,-0.044113025292006627,0.86023682498179965,-0.50022183929250208,-0.098846934398891431,0.063082220239636833,-0.087961974341813826,0.99412440094765175,-23.659658712344395,3.8205398229897174,-1.142190602780135,0.2701530907484341,0.2319029894895515,0.5666666666666667,True,3
-0.58922978824665073,0.76902687337122455,0.24780218860148723,-0.80779431609674457,-0.55440081803612995,-0.2002700073467415,-0.016631281508088857,-0.31817825348969031,0.94788501385012403,17.607169806022014,-6.6183760387441675,-2.9081415849444081,,0.4323638165357402,0.308411214953271,False,2
-0.96942880441117885,0.20791590610679517,0.13030260613549816,-0.24484783577804933,-0.85440269818269932,-0.45830728409324767,0.016041524014815112,-0.47620059357996775,0.87919034581902011,9.577898745905479,-14.021918910377327,-3.7317647004150283,,0.3593036522944801,0.2258064516129032,False,2
0.76722045743694156,-0.6404598920228195,-0.034407795633678323,0.64108133868987727,0.76740121761866331,0.010492301034008264,0.019684686277547048,-0.030108103685084056,0.99935279817421963,-23.431957564741719,18.821156083534603,0.4330856118456467,,0.1558925702923288,0.3636363636363636,False,1
-0.98481557977805045,0.16850611505344476,0.041760783230422108,-0.1722191728997704,-0.97859451962743882,-0.11266464681017817,0.021882191666788904,-0.11814590701644474,0.99275511297757613,19.432332672568112,-16.292716798656592,-4.1343860139502482,,0.2547331920742297,0.9210526315789473,False,1
-0.45511126160178528,-0.86765068574323945,-0.20014001871819476,0.88672916700021398,-0.42113687134881,-0.19067018639956307,0.081148776665699279,-0.2642461411635445,0.96103530264285175,6.6461424616908689,12.894299339061938,-0.68787389297517076,,0.3092164709593876,0.2325581395348837,False,3
-0.54078144369276016,-0.84110506340333235,-0.0098844562244157427,0.83728671901691398,-0.53712529720157953,-0.10221235377393761,0.080662136814416252,-0.06355066815851243,0.99471349255006125,9.1867720418839269,-24.18605864248384,-4.7463064321497477,0.1833690189333686,0.2234757492555608,0.8409090909090909,True,2
-0.77046638507125742,-0.63622684569312538,-0.0399618604997872,0.63354842284445423,-0.75725592808889686,-0.15868161609186987,0.070696148314692508,-0.14757662482113837,0.98652075214861401,13.267803312757014,20.486842418593493,-0.062971182111944926,,0.2312622334569537,0.2857142857142857,False,3
-0.99484842691468367,-0.092217820316813373,0.042100844188631262,0.086158881461873726,-0.98800173660158475,-0.12817650181484663,0.053415864783959641,-0.12388882955403414,0.99085735769641103,-30.365287075541172,6.2022864886374851,-0.75765198079688034,0.3419225237333063,0.2035046805223497,0.8275862068965517,True,2
-0.99938809370914949,-0.0019253470500133856,0.03492465019338311,-0.0062284436010662959,-0.97273027454729455,-0.23185560047032355,0.034418667067472333,-0.23193125278384316,0.97212306285748418,-14.547328409495508,-19.826150590038733,-3.7563463437968698,,0.1873834123007971,0.3333333333333333,False,1
-0.72718917056256072,-0.67187735117319169,-0.14062978061929574,0.68234767075606828,-0.68519538302904603,-0.25477233619341005,0.07481688599710512,-0.28122608708328495,0.95672060786497193,-13.388421735675148,16.416009167754851,0.1414466244868014,,0.1292842848845547,0.3076923076923077,False,1
0.47455139465708429,-0.87832816861902319,-0.057797941480381754,0.87427551100869449,0.47794843783182972,-0.084897712717132132,0.10219248837122655,-0.010242996849899825,0.99471190619999617,16.116870442875154,23.401377153749976,0.11177032611098901,,0.3065946617461365,0.3157894736842105,False,2
-0.94767108464429384,-0.31853560569922262,0.021320957552110029,0.31423758329243923,-0.94250041490195913,-0.11378800093227796,0.056340541137237569,-0.10113375208834192,0.99327624939535264,14.17794146155846,5.9898959312313469,-1.4785737669393024,0.2492474135938889,0.2613527297079762,0.9565217391304348,True,2
0.84032713283810601,0.53676635986405097,0.075711192926712384,-0.53776123052271663,0.84305626292374891,-0.0083064126876645633,-0.068287398272179348,-0.033734440314616414,0.99709519042761274,18.978816344175907,8.7615408220937887,-1.285926659908865,,0.1435639171013951,0.2352941176470588,False,1
0.96121453896943188,0.27199322287120437,0.045675997919255348,-0.27063228536390721,0.96208783791286501,-0.033840187039368988,-0.053148623618051186,0.020166280080521248,0.99838296507663948,-18.854841875300565,-22.66682908054571,-3.9814210835657668,,0.2793131626846347,0.7567567567567568,False,1
-0.067054598620136255,0.97729529378622726,0.20099151610748492,-0.98235146544884466,-0.029412355182196891,-0.18471738329985327,-0.17461179551909153,-0.20983046038630621,0.96201969769837403,-4.5377392670891368,-25.139396751800462,-4.4787450863723475,,0.2658715733083823,0.2777777777777778,False,2
0.20317583024464272,-0.8995484674401516,-0.38669385401176976,0.97706727924204451,0.21196176351417889,0.020291442593101769,0.063711175149654548,-0.38194864253461497,0.92198488091021102,-8.5858659727682394,18.850165452758219,0.23684828868165234,,0.2399851169266322,0.3478260869565217,False,1
0.30785700207188982,0.88816885786400857,0.34114534467855728,-0.94781324477556872,0.31753916637790119,0.02861696776453386,-0.082910308787973591,-0.33215200998424044,0.93957486288220382,8.7124631197224929,6.412180517278296,-1.403394961673565,,0.1984921051775143,0.3478260869565217,False,2
-0.54669446457955884,0.83406678004034285,0.073876713727709237,-0.83630187117442234,-0.53951697073000571,-0.097573657123633903,-0.041525205216008249,-0.11512621216497472,0.99248255027698884,15.149553395603895,20.80936321783479,-0.097954924054045531,,0.08201980707939058,0.2941176470588235,False,1
-0.73685635090706436,-0.67601162018848482,-0.0071419533789213001,0.6719429458388313,-0.73117712166652638,-0.1177824022886665,0.074400239686177067,-0.091587696343970557,0.99301374522865793,-7.6797829413737082,-20.498932803347287,-3.8697132416687623,,0.1542594611338088,0.8571428571428571,False,1
-0.28403783085865975,-0.95844012093838926,0.02674032940548287,0.95554050413769798,-0.2852605220637438,-0.074624255468277889,0.079150840762318014,0.0043553561882710701,0.99685313626385885,15.077831373461027,-6.9155765891806587,-2.8520517528654969,,0.1161063309316066,0.3548387096774194,False,1
-0.97694096923493012,0.20555613411258417,0.057732299096819567,-0.21269131763061858,-0.9605947177629236,-0.17894186656710659,0.018674743234289793,-0.18709479932552411,0.98216433962472638,10.18395306155084,-13.442470219345191,-3.6352962749806128,,0.1432593413270352,0.2413793103448276,False,1
-0.68791425215825774,0.71501062357066369,0.1246346254402675,-0.72523024916089596,-0.67041629040082196,-0.15678993356470688,-0.028549384924543932,-0.19824683035622837,0.97973625373063455,13.97203747159959,-19.369410720955386,-4.3633199238957747,,0.1562231305984342,0.3333333333333333,False,1
-0.19611656001446334,-0.98053204562159446,-0.0097571715791791094,0.97749935704849766,-0.19470243616716132,-0.081153979078951347,0.077674332040049032,-0.025453268153709119,0.99665381616809556,-24.160596302417488,-5.9106113559050524,-2.2002259575346295,,0.2061588725433292,0.868421052631579,False,1
0.48378588607794587,-0.87421396801459772,-0.04124505497574088,0.87395294988480432,0.4850684494612108,-0.030246334074535058,0.046448442594219382,-0.021413487933351145,0.99869114580790319,10.809174352175052,-23.111702874184683,-4.6345111725791863,,0.1411706739902452,0.3181818181818182,False,1
-0.97980281190081431,-0.19991857987342593,0.0043601849332468925,0.19405807044231405,-0.95588930669702155,-0.2204928539397486,0.048248472384785385,-0.21519338921928341,0.97537884442346512,2.4149619182103632,23.84560837580344,0.43366781571334917,,0.2065891734450417,0.4137931034482759,False,1
-0.46696993218749094,0.8816454027029752,0.068120968324881875,-0.88298627988445777,-0.46075002526113301,-0.089691938086276984,-0.047689746996783827,-0.10203331864922781,0.9936372023615101,-15.655577859845485,5.3591296774405492,-0.92338614526523832,,0.220737309610596,0.5,False,1
0.94062852614710668,0.33360476750989432,0.062656483247876787,-0.33460639951200805,0.94233933146056548,0.0059280509499660267,-0.057066042476524081,-0.026541354093647981,0.99801754659872743,4.4390317985653249,21.183610068634543,0.1261856940563201,,0.1924637212137782,0.4545454545454545,False,1
