axis_00,axis_01,axis_02,axis_10,axis_11,axis_12,axis_20,axis_21,axis_22,location_x,location_y,location_z,dbh,dbh_approximation,score,reconstructed,number_clusters
0.96386198996481176,0.26101607826915524,0.053297947296888255,-0.26512030593177477,0.95943331456068837,0.095911095780062849,-0.026101488151325049,-0.10657542773116369,0.99396196633483147,11.674861879700392,-3.2210587971840172,-2.1939924659197398,0.1249119299543295,0.1197752058946769,0.6206896551724138,True,5
-0.6664388159616248,-0.74553772795580031,-0.0057271960129757424,0.74551485446766141,-0.66629476715932545,-0.016089904417451291,0.0081796300484711284,-0.01499264655102334,0.99985414646420656,-5.5020295507726349,-11.422885445642338,-2.7058167719786983,0.3133404331996401,0.3008321784762182,0.8932038834951457,True,5
-0.99796769129496676,0.05426100443145556,0.033410036358614933,-0.054687430909004978,-0.99843160381057994,-0.011984048264535923,0.03270736968891292,-0.013786802033955454,0.99936987750167361,5.7830512412197494,2.9545866696688763,-2.1313818893296963,0.1601531122755183,0.1543665655170132,0.8516746411483254,True,5
-0.99932534661545025,-0.021747655541573745,0.029595457258763044,0.021212884124139714,-0.99960812526212117,-0.018264978978472086,0.02998108001800525,-0.017624851443154461,0.99939506675416445,14.739256345804735,3.7436921154278968,-2.1732860250303929,0.1293452887962514,0.1048891326636012,0.52,True,5
-0.99325059623356826,-0.10540975849773886,0.048394585390424835,0.10254832112198191,-0.9930221736924375,-0.058230613857414466,0.054194971323229021,-0.052874808449741094,0.99712945985698331,-6.3821638739316606,7.8774145021926909,-2.1915629577114073,0.2857668065503293,0.303329602971609,1.0,True,6
-0.42871737511440039,-0.90329661595165434,0.016019859091373278,0.90343023592014193,-0.42856939818561768,0.011919721644998242,-0.0039014228552043586,0.019583016854064734,0.99980062229956523,-13.127911808223631,-6.0288368155220331,-2.5069942105310203,0.3018440537361886,0.2609275666328617,0.946236559139785,True,5
-0.2045969370329164,-0.97869868638158219,0.016999253857664286,0.97877979998311937,-0.20434974042270765,0.015208114090192385,-0.011410368169219089,0.019750059851567386,0.99973983547426248,6.4568866587949341,-6.5450719679216167,-2.2435045939631268,0.2250785546111277,0.1930216100050252,0.9563758389261745,True,5
-0.99374351254328563,-0.11160635237667836,0.0042253268873497889,0.11052185850957247,-0.9881274796856252,-0.10671927043287091,0.016085710109357856,-0.10558459167561758,0.99428021398948208,-3.4988516897181858,-10.641640897842974,-2.6025946319495881,,0.193440981566127,0.2698412698412698,False,7
-0.98486387483283855,-0.17130596892603256,0.026408579279470108,0.17109940661320006,-0.98520393767734182,-0.0099093007660369103,0.027715358663703629,-0.0052408201051081403,0.99960211719402048,6.7419854151593395,6.4846079076291376,-2.1331161496234787,0.2047982689647845,0.1847131341775301,0.9337748344370861,True,5
-0.79252784963219314,-0.60960348042527845,0.016828672281538483,0.60969011410003138,-0.79263987048463325,2.2063441719795407e-05,0.013325626666804442,0.01027776101550491,0.99985838762419033,-11.002405868073259,2.6411276463510132,-2.3715549532768985,0.2680946294199885,0.2468385086466902,0.9791666666666666,True,5
-0.30651031484969321,0.9499990691283926,0.059608686832789762,-0.95145783037388976,-0.30761383137809145,0.01008601829771515,0.027918164534092571,-0.053623683201350358,0.99817086547793443,16.410581221780774,6.0671492860451348,-2.1428242331413023,,0.1341137589386731,0.4137931034482759,False,1
-0.76851690451332622,-0.63975638346273889,0.0096714681373288956,0.6397203176595031,-0.76857720848453392,-0.0068549085876767387,0.011818741509955096,0.00091892154052266098,0.99992973399750584,5.5485564371491956,9.4886607954955196,-2.1057994224517644,0.1314075188353886,0.1641505539240507,0.9117647058823529,True,5
0.28463667070383408,0.87690402069353934,0.38732583722512126,-0.95854811489282155,0.26579976255679999,0.10264500796515527,-0.012941295377785975,-0.4004869844529943,0.91621105546576509,9.2399581913898352,14.954808776565962,-2.1677368471740839,,0.2475820926143779,0.35,False,3
0.3051973234809473,0.93919772445980632,0.1573601859098698,-0.95220491578460409,0.30317266330877135,0.037311319701972365,-0.012664600100373838,-0.16122645748074099,0.98683617551876845,-7.1774343911437022,9.9523209681943374,-2.1483168553839542,,0.2776289124408695,0.2413793103448276,False,5
0.99681597749509554,0.05475390552911321,0.057964789655483295,-0.070787928963249341,0.94228342043461122,0.32724765039208853,-0.036701173327148902,-0.33030889392106538,0.943159084393005,2.9331781382097213,16.890369353425488,-2.0527473572962238,,0.3654622696312335,0.3333333333333333,False,3
-0.99915464259171904,-0.024712655606885268,0.032852470839652016,0.024887067523261235,-0.99967820809829122,0.0049106133510101457,0.032720544884022595,0.0057240637877270543,0.99944814824794548,9.4965446002035616,2.5195985163139794,-2.151460913549522,0.1270750136402118,0.1466569491813889,0.8979591836734694,True,5
-0.99271771954625887,0.11454274255511591,0.037302673186107499,-0.11560781168418158,-0.99290685774914389,-0.027763387983427406,0.033857985416617678,-0.031873687622802113,0.9989182673576722,7.3284343115056325,-3.4831027112055306,-2.1677556805218217,0.2028113546090723,0.190789896988175,0.892018779342723,True,5
-0.87613526620749982,-0.47277583718661903,-0.094180693775343827,0.48077556096912133,-0.87123487279918088,-0.09901846491146267,-0.03523996711604966,-0.13203334499696426,0.99061866554521016,-7.1063799316480756,7.4776649128086312,-2.1673593199048358,,0.3621067983000539,0.5223880597014925,False,2
0.73518927877021167,-0.67678581790728598,-0.038179589585290705,0.67570149747127883,0.7271896776321235,0.12092418724291451,-0.054075971525315389,-0.11470017186061211,0.99192724525478104,-8.1125846027696866,-7.1625446246718703,-2.5417572215388349,,0.3109092722106674,0.25,False,3
-0.99948813544084047,-0.0050724790111034259,0.031586976266718081,0.00507675334020236,-0.99998711168556409,5.5120650939119095e-05,0.031586289565490901,0.00021545172390037738,0.99950100544823872,14.1936714996971,7.4325860702622482,-2.0520909949183479,0.2351960384484414,0.2200401734311905,1.0,True,5
-0.99133104274755257,0.1268366562325364,0.034281574071189827,-0.12720631890698356,-0.99183708667171344,-0.0088173654059605349,0.032883371408416996,-0.013101760886110207,0.99937331750777625,19.031400060389867,1.19284221531889,-2.2041216333049012,0.2509166863759038,0.2351852847751107,1.0,True,4
-0.8123464287432991,0.5814384607876989,0.044973281232752627,-0.58197695108383252,-0.81320413959137294,0.0013622623177278696,0.037364530174690193,-0.0250667841632553,0.99898726128842008,8.2162548449888995,-4.8792126425330951,-2.1767957492052479,0.2118800377928046,0.2024258746042967,0.9959016393442623,True,5
-0.98825000675307695,-0.1501631627044466,0.028512255595488069,0.15043387571022901,-0.98859095705182698,0.0075874023324059726,0.027047609715904662,0.011787459520708438,0.99956464653703359,10.212714488328492,-3.323565125233424,-2.1663453359137645,0.1562681943177002,0.1010495694383057,0.8333333333333334,True,5
-0.98746801052486655,0.15350391928063914,0.036653443979317205,-0.15397148937943278,-0.98802184152556904,-0.010277213956272622,0.034636810597125728,-0.015792005379519986,0.99927518928358883,6.6171071080625934,-1.8416785277154941,-2.1531754646034127,0.2227422019677931,0.1915689612092669,0.9752066115702479,True,5
-0.66970357508340728,-0.74261859316772982,0.003840130477393712,0.74259492116037529,-0.6697135101279601,-0.0060495800599232119,0.0070643178947204285,-0.0011997640047781283,0.99997432765997241,13.191717797577603,-14.002341686372658,-2.4629150256723888,0.155583001671879,0.1493511898808486,0.847457627118644,True,3
-0.98626287557318404,-0.15388270475459204,-0.060047093547684352,0.1605245695819294,-0.97860209614947358,-0.12872373507785004,-0.03895385509355434,-0.1365944749587891,0.98986087233715947,-7.7336696740847284,-1.4831628673353141,-2.4966262703235214,,0.3037605864344317,0.36,False,13
-0.4791179287513711,-0.87753501875085771,0.019449966964725954,0.87774679496554064,-0.47893351411745327,0.013537096543565351,-0.0025640352413052094,0.023558011822734204,0.99971918347215993,-7.4202210826480011,1.9015087597888864,-2.3910786315924577,0.299927543960072,0.2695894466335548,0.9501466275659824,True,5
-0.26569525958059398,-0.96400465022875725,0.010053028087759741,0.96400739266791247,-0.26556126672676866,0.012921319440707091,-0.0097865171545076061,0.013124326718220993,0.99986597908428676,7.4428520666719855,-7.4081462393296436,-2.2571333888074374,0.1793521306167482,0.1676668903815236,0.9391891891891891,True,5
-0.96505032188931383,0.25886698136786584,0.040813749874518884,-0.25939358012004776,-0.9657378032999242,-0.0080910981912643166,0.03732086298352684,-0.018395141611993283,0.99913401100715149,-13.940915762854402,9.4044353247769461,-2.3422283264629193,0.3053536379983103,0.2809427534554794,0.967741935483871,True,5
-0.15748017767864886,0.98098846414127128,0.11340911277339771,-0.98731685401555913,-0.15874730746640145,0.0021730506174139231,0.020135128882608502,-0.11162851604279184,0.9935459984273316,-7.525057034674413,7.5132867476354193,-2.1543278920744244,,0.1185507587497357,0.1111111111111111,False,3
-0.30928626186413904,0.91162743433466176,0.2706980406107683,-0.95092746651864735,-0.29381828667081794,-0.096993648442833286,-0.0088860363792948385,-0.28741300490100818,0.95776552609249765,-5.7512474857154112,-5.4940465621550469,-2.5848892659781328,,0.4902221217909097,0.2447257383966245,False,6
-0.9207051039804125,-0.38986056532648966,-0.017630970130055153,0.3890438591720668,-0.91333871426824398,-0.12023838263772324,0.030773156239199202,-0.11756331324924577,0.99258847476330136,-7.1979051736128019,-17.128587810370373,-2.7983543188919939,0.3308079085756317,0.3747965119132698,0.6494845360824743,True,4
-0.92674655634115011,-0.37516357099003911,0.019827135744237154,0.3750305144112473,-0.92695645038346186,-0.010190797462797814,0.022202107338128586,-0.0020085055375551157,0.99975148528784452,17.627578923889601,-12.428487139532235,-2.5217364885985667,0.205766610036812,0.207527118071324,0.9629629629629629,True,2
-0.94928139843501835,-0.31433125204076962,0.0077904156332360038,0.31382934952242036,-0.94871173573899059,-0.038173051351009027,0.019389841762914743,-0.033792106498329845,0.99924077557654478,-2.6126563958865581,-22.936828022609205,-3.1246554484630384,0.2951352674845252,0.2501343396934902,0.3548387096774194,True,5
-0.98835917845792987,0.14796873535419938,0.035374958878343701,-0.14811450363465734,-0.98896904818542264,-0.0015216912561191072,0.034759576680746536,-0.0067435219951267854,0.99937295177530039,16.767330438547965,-6.9039996212818444,-2.3484310335422371,0.2472690258294977,0.1950876483781663,0.9636363636363636,True,5
-0.90525424551823319,0.42226067729366523,0.047017777305070903,-0.42321038902506142,-0.90595167998563608,-0.012021653482765814,0.037519562796897055,-0.03078106467779557,0.99882171004881093,9.6355657158074983,-7.1717948316144993,-2.2374681276078423,0.1653205196621522,0.1673468388466888,0.9776119402985075,True,5
0.62951411289341674,-0.77609613116968568,-0.037239452888854732,0.77684256531074003,0.62774151611771811,0.049560242772391253,-0.015086762059639214,-0.06012806437659058,0.99807665311081228,-8.8341575153618734,16.906232531692222,-2.052056090062973,,0.2428988754340491,0.3157894736842105,False,4
-0.97091124395277328,0.23388799371333888,0.051261708543755238,-0.23544583165655938,-0.97151984961287641,-0.026729050931952554,0.043550163278992207,-0.038020891690239735,0.99832749890677119,20.585638625352978,-8.6555081426159912,-2.3506049801038351,0.4139225712071322,0.2034105563147807,0.9636363636363636,True,2
-0.89541825842753453,-0.44513850291721535,0.008823587434922335,0.44484402774219783,-0.89529514727098625,-0.023672563340768608,0.018437284417729891,-0.017271725265420226,0.99968082608883535,13.547826496690504,-4.4855763179757231,-2.2483931056871058,,0.1817539325367263,0.3076923076923077,False,6
-0.99328662212765539,0.10872174218503128,0.039512897621959642,-0.10940062930298222,-0.99387782405317027,-0.015439338180333906,0.037592400965399161,-0.01965842393445711,0.9990997736753171,16.471288884094605,-9.9655083467280203,-2.4230065865550472,0.18632180547847,0.1802628078220132,0.868421052631579,True,5
-0.96861921117277716,0.24507672532813607,0.041403169558174843,-0.24573461368285843,-0.96926834550903374,-0.011548767566967717,0.037300447519593903,-0.021360550007358016,0.99907577466287312,13.861863153390166,-0.19103938246324853,-2.2236414621535827,0.1349599483067427,0.1219016085970988,0.4444444444444444,True,5
-0.98265823420233567,0.1812839479751559,0.038973387854897186,-0.1820530325478788,-0.9831390568659264,-0.017154830366342258,0.035206364402878942,-0.023952558763479192,0.99909298207635,10.566603120973099,-5.5324115102084734,-2.2131704610940846,0.1250761422777362,0.1257999260750887,0.7090909090909091,True,5
0.56857598760455219,0.80791718395492662,0.15489083313691837,-0.82255624507534186,0.56088987986338035,0.093828387785341541,-0.011071133955541063,-0.18075499035208839,0.98346584254652925,12.34384244169774,2.8315668007467765,-2.1419209235028638,,0.1906156443675315,0.3076923076923077,False,2
-0.93242842523464387,-0.36135008388803141,-0.0018299422269811641,0.36111123613759616,-0.93160233457523023,-0.041421797995227091,0.013262991729574954,-0.039283674574722684,0.99914007324413112,-15.187618133055039,-19.774530131777851,-2.9762280237908505,0.3659997772483557,0.2869126037660849,0.7837837837837838,True,4
-0.6837321808518021,-0.72138571941149887,-0.11005884197461539,0.72870133083510757,-0.68297256823145069,-0.050426594991928676,-0.0387901444542577,-0.11467831038383496,0.9926450573194463,-6.5264812057181674,-7.3976937135960776,-2.5928867381576164,,0.4031724608075569,0.2777777777777778,False,5
-0.97697263993166106,-0.21187607406006337,0.025159293826667792,0.21170694131358739,-0.97728954696449655,-0.0092364708399097044,0.026544902045541115,-0.0036973821584647343,0.99964078425230751,6.6787838426749637,9.1236273129492567,-2.1063519450974506,0.2446464836547041,0.2276492169906605,0.8584905660377359,True,5
0.46071968392714219,0.86648503155922119,0.19220057993119632,-0.88748929231236762,0.44731714998097849,0.11077058889338223,0.010006441573601811,-0.22161014736854664,0.9750840034121796,-5.1350733887687756,-2.5903623849952955,-2.4923292308288456,,0.4129592670974173,0.2545045045045045,False,8
-0.99268931073822331,0.11513723061932551,0.036212573388032042,-0.11677256033060374,-0.99205293428629027,-0.046852371634713744,0.030530337369686422,-0.050738483415195434,0.99824521276128309,-8.1878370493421784,-0.24208927523574722,-2.4810759992465741,,0.1238929207825451,0.2926829268292683,False,5
-0.76949372623431989,-0.63865433498505686,-0.000213754101736751,0.63825733309553112,-0.76900350557558261,-0.035513168856708792,0.022516261585826647,-0.027463590756850179,0.99936918561007204,-10.052428862691656,9.1819067840509607,-2.2368974131679211,0.361758951053904,0.2362631647114511,0.7,True,6
-0.872334311504805,-0.48887617469340777,0.0057388839139994249,0.48882624505437944,-0.87234211614868018,-0.0082543648622028648,0.0090416324562272964,-0.0043952486144958718,0.99994946405913077,9.8909480542958121,-16.557907410023823,-2.5030686839397669,0.1876380479943194,0.1827893268794322,0.9259259259259259,True,5
-0.97633517265840986,0.21328916088577932,0.035740236131187847,-0.21388210965290405,-0.97676428797516646,-0.013637041716935168,0.032001153111974538,-0.020958520582485228,0.99926806544315094,9.9130445258252422,9.0890952494916153,-2.1665335595549844,0.2171656701838992,0.2042994705243253,0.9805825242718447,True,5
-0.70880819102241444,-0.70529911950753954,-0.012004180997617183,0.70539923577050045,-0.70874435305011918,-0.0096623079005089159,-0.0016930782404130339,-0.01531646308583122,0.99988126267303057,11.397787142149838,-21.461268241388687,-3.0009576310483954,0.2377053041594267,0.2266630223351209,0.9230769230769231,True,5
-0.9608701390808092,-0.27648878510955294,0.0168085553057968,0.27584887316935575,-0.96064088610468223,-0.03280986307814257,0.025218544645186622,-0.026889396658408341,0.9993202616545529,7.7238140459320679,-8.3941747599713228,-2.2703595941635841,0.1876842420530226,0.1693809844044633,0.7345679012345679,True,5
0.66219528123545723,-0.74928333177085538,-0.0084792829802944232,0.74892605687671476,0.66142267382073139,0.040370879194421165,-0.02464083684840563,-0.033083761669446127,0.99914878465282131,16.418871116658217,-0.23901725744127589,-2.2948505270894186,,0.146696030859771,0.8867924528301887,False,2
-0.83980361076077314,-0.54275140938880917,0.012280185651252492,0.54263582223147422,-0.83988768682713399,-0.01162058291733831,0.016621064476743087,-0.0030953388551031163,0.99985706933192819,6.9584260912100628,-9.5503633305210034,-2.2980186677869421,0.1856223806913778,0.1666321294226231,0.8010204081632653,True,5
-0.97128409070855237,-0.23715948577018808,0.019041886610332001,0.23479268304755949,-0.96837081038754524,-0.084441515717671195,0.03846571361341309,-0.077545805164362908,0.99624647401013267,-4.7301381176881439,-10.611637215286153,-2.6860238978301516,0.3146750160955882,0.2411751385778853,0.2741935483870968,True,4
0.20568803050836074,-0.97854880786323051,-0.011604513563380197,0.97826218341907545,0.20527930304301531,0.029385510618638144,-0.02637298992787673,-0.017396504580658771,0.99950078890946348,13.137126229898737,-10.71527122648517,-2.3389916660187713,0.2313393632705684,0.2180614614220019,1.0,True,5
-0.96744221259429264,0.24969731885993768,0.04131360847007147,-0.25049569080280226,-0.96799604468952616,-0.015348171052619302,0.036159012429638114,-0.025197349455688731,0.99902833763638643,12.451604382431247,4.9640326795015879,-2.1037597047839269,0.3884602932392376,0.181869966799918,0.8653846153846154,True,4
-0.38201019028530953,-0.92377056889873643,-0.026760989419049235,0.92409315468576236,-0.38216647843055462,0.00079008031537785434,-0.010957006028007678,-0.024427828403143326,0.99964154836541719,11.270193603610979,-23.077823354437886,-3.1095931736178941,,0.1709810633899637,0.375,True,2
-0.96316169304088539,-0.26803130046244528,0.021880928477199427,0.26764189006764422,-0.96332765492379324,-0.019174147700563658,0.026217775260936861,-0.01261155150781831,0.99957669892256462,7.7019246230648966,5.0452551528606602,-2.1413394277498692,0.3022165673674496,0.1601187363210344,0.8433734939759037,True,5
-0.8759214268532487,-0.48234271105461263,-0.010351959807399076,0.48211245466449254,-0.8742932246008035,-0.056382075826503529,0.018144834988093602,-0.054377077060232391,0.99835559719652955,-13.238371527521249,-13.577950755160373,-2.7487329384579788,0.2310616951743591,0.2085376831719862,0.9655172413793104,True,3
-0.99488447100943322,-0.097310124749503832,0.027122480814202453,0.096675536285675476,-0.99503125865749709,-0.023804095831500463,0.029304095757382111,-0.021060244911069208,0.99934865590349842,14.668660808958771,5.3511170352043456,-2.1233975886715943,0.1574903967947995,0.1278821646961031,0.875,True,5
-0.97300652808246157,0.22779848647290699,0.036961410546223726,-0.2283185030195406,-0.97353028734986213,-0.010461395289875778,0.033599962616492909,-0.018617979835304718,0.99926193429902177,5.8521767942908678,6.9676624877351827,-2.1190312181197264,0.2085621402144211,0.2033088761755006,0.9541984732824428,True,5
0.95758861439144849,-0.28684222505030388,0.027305375222778726,0.2854281576129995,0.95727915438167122,0.046339911825135971,-0.039431109919892744,-0.036580849012884477,0.99855246685188348,5.5564521493483614,15.72141391713474,-2.0955468780981863,0.2442006522630495,0.1677744558244249,0.95,True,4
-0.46389741542559376,0.86064107124852485,0.20999079608793514,-0.88335149687873749,-0.46731347655392996,-0.036169705461512977,0.067002394909040197,-0.20227471693533616,0.97703409252962181,-5.917237406768554,13.336341656719583,-2.167899958784028,,0.2945498950300685,0.2903225806451613,False,4
-0.98490893723432149,-0.1721784873051313,0.017577083525901607,0.17155090591237915,-0.98463849291003569,-0.032516533648228117,0.022905720608655887,-0.029010459995854426,0.9993166270878453,12.958536044037352,5.7993480250743517,-2.0849481575971325,0.1127499785513464,0.128233525596074,0.7241379310344828,True,5
-0.84031478967642859,-0.54194997488838692,0.012699565722276977,0.54186665231063014,-0.84040994200117636,-0.0095739489892294506,0.015861442706394537,-0.0011636597675281409,0.99987352226729931,-7.9892292447356734,-5.0707026530079906,-2.5154729819015689,0.3165465159669488,0.2595570790592564,0.924187725631769,True,5
-0.2016398006720824,0.96116265766079656,0.18843496571325757,-0.97944131222881858,-0.19904955722185458,-0.032771781600535461,0.00600888379088941,-0.19116908559758641,0.98153872772671036,-9.2184608750779304,-3.1065532302562819,-2.470789474931415,,0.4422865326174152,0.2982456140350877,False,5
-0.74700674280592649,-0.66455705702717083,0.018569980017912328,0.66474795670346054,-0.74703930432614551,0.0065139734788243787,0.0095435979092910808,0.017210338384072092,0.99980634324435624,-9.0722584259117465,-9.831613488284269,-2.5635945380784326,0.2749712910508512,0.2657577707561263,0.978021978021978,True,5
-0.78067584547778468,-0.62482341056793256,-0.01187138971659929,0.62493534972590348,-0.78050305175919588,-0.01645584569525109,0.0010163417286579365,-0.020265532335467573,0.99979411643030369,12.460606472575938,-17.733592375170456,-2.7013035726597661,0.1533578212586673,0.1890840110660063,0.8536585365853658,True,4
-0.98520029147856214,-0.17056937276343409,0.016925564854546649,0.1691153842034186,-0.98337075986627731,-0.06619618920868077,0.027935148044835757,-0.062354131499925781,0.99766306425997531,-1.9348032195700973,-28.920614291458534,-3.4849411293955495,0.3037659041715155,0.2770828872156419,0.9714285714285714,True,2
-0.98463479672605625,-0.17274652425642431,0.02555299265373762,0.16993414879230853,-0.98155733316393656,-0.087564757673018287,0.040208234858930339,-0.081876981316029745,0.99583103877118784,6.4488151312466027,15.083438807193614,-2.1000977864082637,0.4969727360430398,0.2544612300749361,0.2037037037037037,True,5
0.89796894735749255,0.43865905929197929,0.035071345607953663,-0.4395857866343087,0.89784474309283813,0.025281485115626411,-0.020398670808968435,-0.038118853624309182,0.99906498648866471,12.87965023541719,-2.6312426771319433,-2.2133219780649429,0.1766972087705572,0.1749947970348723,0.925531914893617,True,5
0.13042721634888896,0.98909542211402757,0.068403122652070159,-0.9913934975489872,0.12932169833362431,0.020367409204267738,0.011299303211575403,-0.070470875496059557,0.99744983906648255,14.585369900864755,-1.4612230891884992,-2.2692646681416795,0.1356454213148984,0.1202687747851973,0.6060606060606061,True,5
-0.99193287256801621,-0.12377381681500425,0.027371857628018071,0.12343049469336818,-0.99225583595096689,-0.013902122176039993,0.028880604195776906,-0.010411450057168165,0.99952864511678341,8.8867365088223238,0.42252548250274385,-2.1168830941175893,0.2767928122606006,0.2538252329645752,0.9921568627450981,True,5
-0.97347600675966284,0.22588179819597526,0.036357633407758709,-0.22621446285861457,-0.97406332859454947,-0.0052582012984175447,0.034226905452418889,-0.013343355314868542,0.99932500909968813,8.4985511653725503,1.1805050741629657,-2.1265082699611182,0.2192884662706307,0.21221455801508,0.9493670886075949,True,5
-0.37877325210716745,-0.92501159836134228,-0.029738298289495018,0.92547103546428977,-0.37877310587189772,-0.0058563456875506204,-0.0058468799214592155,-0.029740160812462193,0.9995405628737799,14.812711969994462,0.9808155864070579,-2.2444133555187507,0.1273784320724742,0.1342531998816978,0.6181818181818182,True,3
-0.93486132447516945,-0.35495626612633535,0.0063524119972203225,0.35455540555771775,-0.9344148969194398,-0.034047977984535335,0.018021331536114772,-0.029577855782379949,0.99940001103511222,15.866302147345346,2.652766649806332,-2.2292727704884965,0.1255015530327793,0.1018251424106377,0.4285714285714285,True,4
-0.99856375162504052,-0.043097401919042315,0.031828413223963251,0.043301363807182122,-0.99904552865129959,0.0057466141584374408,0.031550369775406498,0.0071165742936070107,0.99947682741390331,11.112347094326481,-0.93301931296643548,-2.1698002716836884,0.1250194541488003,0.1388083646855481,0.8169014084507042,True,5
-0.59586831836311305,0.80093535586661069,0.058681367519354696,-0.80237399378033702,-0.59681933930273201,-0.0016279862537947679,0.033718263242752997,-0.048054468648363331,0.99827543632347082,7.5480146917998132,9.410391367592954,-2.110288573672463,0.2305016038851482,0.2302307437325703,0.8648648648648649,True,5
-0.46483656709162541,-0.87059104190395509,-0.16123958462814719,0.88350515569424426,-0.46798417371299716,-0.020234945412624314,-0.057841211572384109,-0.15186194688185728,0.98670783078532898,-5.6776870043383019,-0.27746343199244394,-2.4824951096869374,,0.4129620956639446,0.9259259259259259,False,9
-0.60690397522230022,-0.79293069265986882,-0.054115446014154855,0.79477467625259612,-0.60541952378734132,-0.042431288039501303,0.00088252306018296069,-0.068761303471140511,0.99763275021322284,-17.756736994397706,-13.733009982380743,-2.8824368708922292,0.2786930568906852,0.2218269805008015,0.3333333333333333,True,4
-0.1385037548379158,-0.99034117527463572,-0.0064083111232702619,0.99019765609031374,-0.1385957282551889,0.017315483899206206,-0.018036401222204363,-0.0039472351168841693,0.99982953925450946,-16.559148839733144,12.771930899918718,-2.3839987272706655,0.5553375193901272,0.3164111094009782,1.0,True,5
-0.21473519631162563,-0.97489032196654291,-0.058971650824601235,0.97656810320560705,-0.2152025262987351,0.0016163155775102515,-0.01426657865121957,-0.057242753345845956,0.99825834928788637,-5.7326202722296298,7.9109072639572258,-2.2164967514162019,,0.1627807785055818,0.1162790697674419,False,5
-0.85632417272036521,-0.51622618269693676,0.014813490909655561,0.51614710515968421,-0.85645228699515941,-0.009035814077247472,0.017351571976613221,-9.1645564225958931e-05,0.99984944594225289,19.750270723003229,-10.478392011161668,-2.3803279230015204,0.2432104533732196,0.268114740633175,0.875,True,1
0.96472805617995117,-0.25863839769724001,-0.049050554083067917,0.25908415365254389,0.89982841620103893,0.35097609993171125,-0.046638813722013749,-0.35130471194354018,0.9350988292265523,-7.8155358852041958,6.968580668225643,-2.158936785809368,,0.4793143983893248,0.2765957446808511,False,4
-0.77360957623115156,-0.63360764010197146,0.0083415806576695971,0.63357384459299049,-0.77365451603672319,-0.0065477678364902602,0.010602217273504848,0.00021959142601506339,0.99994377080338404,15.785545859158889,-8.5865977757834706,-2.3739931065068731,0.1925636626254069,0.1767436423245172,0.9193548387096774,True,4
-0.98413057752137467,-0.17595492167218915,0.022953690918435108,0.17526178187913144,-0.98408396582792135,-0.029360790400510397,0.027754534764557325,-0.024871946842270558,0.99930529472242779,-8.1384792454602763,20.661969329159547,-2.0764089166013617,0.3632410947052721,0.337710317680653,0.9615384615384616,True,4
-0.51094385650237273,-0.85918376863541823,-0.027196088246727101,0.8596100988811517,-0.51078206365646361,-0.013121026956076521,-0.0026179006895578286,-0.030082140221158918,0.99954400175064584,10.975168897866542,6.1301373488344986,-2.1671611865187415,0.1840163369343088,0.1620571145046068,0.7763157894736842,True,5
-0.73121742900884612,-0.68203808850159697,0.012046466153205483,0.68207001465863593,-0.73128451048628751,-0.0018600608589111733,0.010078026456644913,0.0068564244266486173,0.99992570865380803,11.632198256991247,-10.895455590851466,-2.3350824570279998,0.1639590231537891,0.1162860935406061,0.696969696969697,True,5
-0.90925086652282194,-0.41623937144066886,0.0027653915050233069,0.41587364662404769,-0.9086937738843206,-0.03639691398305768,0.017662722641655266,-0.031943872128314593,0.99933358657774318,-16.271713648801846,-8.4008378027270663,-2.833065388561308,0.2677654871735019,0.29680476671428,0.9655172413793104,True,4
-0.48377938907604678,0.87292685802057224,0.062898356509037967,-0.87476854360247602,-0.48452609724225737,-0.0038021329263289603,0.027156911253119406,-0.056860897262685797,0.99801269557740202,12.145651583635678,8.0788662391998685,-2.1253406244172055,0.1706571627783602,0.1755975531706126,0.875,True,5
-0.94558225362770565,-0.32433599456336054,0.02608379295551673,0.32453229733123951,-0.94586789903523327,0.0035644864403002255,0.023515731186982219,0.011835548372210722,0.99965340502669819,-16.536423297125943,3.11370451694411,-2.7619360971723594,0.2968261886903332,0.2372114831985938,0.8909090909090909,True,5
-0.56234069109502538,0.81947969949184785,0.11057110499366432,-0.82612744921608472,-0.56256601036145137,-0.032139098271806853,0.035866206803823637,-0.10941894765875859,0.99334843287879349,-4.873957145290742,-17.037906291536284,-2.8772461961026621,0.3791959988961744,0.2029877283033969,0.75,True,5
-0.76704987450482398,-0.64158747087181034,-8.510257666618018e-05,0.64149528437868186,-0.76693739888904511,-0.01705363026517261,0.010876127162227935,-0.013135577856372142,0.99985457265160882,11.259435370544095,4.3207816983871625,-2.1309007163381626,0.1809520503617754,0.1824809007666139,0.9900990099009901,True,5
-0.94938918308209186,0.31106283060486239,0.043590072984664607,-0.31331076414482817,-0.94767886042387295,-0.061164880255693221,0.022283269905957009,-0.071726514775220657,0.99717539227585139,-8.7225133357050861,-22.77634637452973,-3.1297092377328908,0.4096698529762917,0.273684555767212,0.9692307692307692,True,4
0.91953969692649573,0.37795547823123238,0.10768659271853767,-0.39113734798037225,0.90678626267576656,0.15732211808069688,-0.038187966575989968,-0.18678418106872977,0.98165846856800187,-7.8156293476444665,-7.8536015487589879,-2.5586347771938196,,0.3254599076253879,0.4141414141414141,False,5
-0.99108068689863937,0.12780000416095033,0.037765473556947815,-0.12886425688375491,-0.99128842181580867,-0.027226238662723792,0.033956963267010351,-0.031850019001297795,0.99891566257382225,-9.4926586873862604,11.506011969706172,-2.1354725814443216,,0.111275247113226,0.2941176470588235,False,1
-0.12028336855181142,0.98786178898113186,0.098290371455331149,-0.9924781140429022,-0.12193314183972308,0.010931700093718173,0.022783862615327572,-0.096236140779292739,0.9950977343016284,-8.2394576453887343,-9.9491176666861367,-2.5799221137886486,,0.1834248703979303,0.3,False,1
0.77742165524555551,-0.61317635714916829,-0.14010826167123674,0.62800529484785483,0.74431940876171332,0.22715185974072963,-0.034998851385713098,-0.26458150497320981,0.9637280257561216,-6.8411319084204596,-0.83547487575369916,-2.5224228402349782,,0.1693168090652817,0.2857142857142857,False,2
0.29328975461147039,0.92000880447951194,0.25993252878414747,-0.9552332422692954,0.29306113052160121,0.040553996610566773,-0.038866086806267214,-0.2601902639561659,0.96477482027610328,-8.5444410561400108,9.2957634161008684,-2.135340580911929,,0.3485262977275608,0.3552631578947368,False,4
0.85899973083313297,-0.51136593862707791,-0.024986781318382365,0.51063343828511498,0.85219400658146871,0.11410024913095344,-0.037053395711146145,-0.11077116934776626,0.99315496973413064,-4.5321393297191115,-27.18157690602574,-3.3358517490147062,,0.1829454870096065,0.2857142857142857,False,1
-0.97079963607190833,0.2302834428431389,0.067213112968835531,-0.23726793349829878,-0.96304953624965417,-0.12743436923677182,0.035383531990145031,-0.13966075569621458,0.98956701591264906,12.868515212258263,-18.916630580486412,-2.8250224507048132,,0.3717198524193571,0.3333333333333333,False,1
-0.1041313061583309,0.98392008406440312,0.14511353917693731,-0.99398702962165009,-0.1079245254860923,0.018495451941753137,0.033859356486617309,-0.14231502019568554,0.98924212354964558,-6.37152893496381,14.33817727886545,-2.1478881054334842,0.1932229142611816,0.1420573365861316,0.1333333333333333,True,3
-0.82581633868784532,-0.53405405367578118,-0.18114536292345018,0.563726847942566,-0.77294571240320831,-0.29114767144223752,0.015473062558587544,-0.34255100850816889,0.93937180653088326,7.4199935155728722,14.465487747862099,-2.1157430650623326,,0.237893351843417,0.48,False,1
-0.9906322179628676,-0.1347903908500275,0.021894274787379361,0.13345712690358333,-0.98958798421276695,-0.0538963521989421,0.028931021630929293,-0.050469515910184691,0.99830647796715266,11.443170101049443,-24.199871113493739,-3.200357545701332,,0.1558096659094222,0.6333333333333333,False,1
-0.48436372467938515,0.83894425323732191,0.24812158748239641,-0.87451633215373747,-0.47231548264849227,-0.11017835380371103,0.024758170592486438,-0.27035277844067651,0.96244293762192434,7.1147920460544016,14.265493796543783,-2.1064098461364491,,0.2124840030422449,0.2857142857142857,False,3
-0.9235609181200336,0.3794643297521732,0.055154809101419913,-0.38128660286786814,-0.92406021166898455,-0.02707862041817765,0.040690994025223234,-0.046038545328942214,0.99811056268793874,16.196805158213426,1.4173251993379326,-2.2579306987217489,0.126433644357707,0.140922015297698,0.44,True,2
-0.48743865259396524,-0.87208669086743595,-0.043224571360098593,0.87315702653943172,-0.48687524935912507,-0.023437119411476914,-0.00060577404836944376,-0.049165996108839337,0.99879043741138573,-10.061011295231468,1.1277180112128671,-2.414048541066764,,0.2829560165909858,0.16,False,2
0.9293105542068093,0.34276633827852204,0.13745228693246991,-0.36861376968942,0.8836080760623326,0.28872245619760445,-0.022489611717133554,-0.31897963141955665,0.94749470294258398,-7.453682412513766,11.939561494379983,-2.1273358092640868,,0.1690368980160455,0.5,False,1
-0.37915705177784559,0.88546781016538822,0.2686758032425749,-0.92246520473446625,-0.38453763297909538,-0.034478324742261639,0.072786510709955385,-0.26091677980487415,0.9626134000079799,-9.0652280197708066,8.8046051573565052,-2.1771471168691661,,0.2855458456984683,0.2368421052631579,False,3
-0.05272193455097713,0.96934021589579689,0.23999988221724802,-0.9983936297760635,-0.056159467518769206,0.0075016151984648172,0.020749882885935048,-0.23921885388718578,0.97074393240705958,-4.4063528776100878,-7.6400089243319522,-2.5478560608815792,,0.1844339911545816,0.24,False,1
0.044622174403353164,-0.9950696463055575,-0.088573475447505073,0.99879357545820691,0.042617693734157087,0.024395200433555621,-0.020500126217379698,-0.089555185121324141,0.99577086402593507,-8.0033240424906698,-4.2198839135825912,-2.5115020407048201,,0.184937206195438,0.25,False,1
-0.83862314569272423,-0.53348036730458337,-0.11004506898996518,0.54450532365658588,-0.81545408669236952,-0.19633793572906455,0.015005732840354219,-0.2245736631871163,0.97434157141355882,-8.2343350524602457,8.4952369290836032,-2.1386710850472404,,0.4327924356418353,0.2622950819672131,False,2
-0.99820177782190023,-0.059867598719759642,0.0030135322676934258,0.05146241799816223,-0.88166869125304825,-0.46905430218464167,0.030738091791473063,-0.46805575467850885,0.88316418644856276,-5.1646120702469975,1.2222053158138533,-2.404166321695878,,0.46477049765384,0.2647058823529412,False,1
0.94703441416358458,-0.32009309894572424,0.025811361784253695,0.31818871947589927,0.9461757108771075,0.059223837637277801,-0.043379225305697142,-0.047874128227277796,0.99791097331292744,-16.124714430665954,-3.8173524032023711,-2.7761070293289363,0.264535388814967,0.2093943348504987,0.3333333333333333,True,3
0.28413257414977411,-0.9011140323783039,-0.32750905477243741,0.95824965515875438,0.27830623863821868,0.065599054285672434,0.032035584826109853,-0.33247426695303667,0.94256807877144311,-10.646342672091968,9.1507975567269177,-2.2597680156663014,,0.2696166091698372,0.2083333333333333,False,3
-0.042406901589773525,0.90033535220238936,0.43312574187198161,-0.99889148783138382,-0.047072212748941418,4.8217454926125988e-05,0.020431598947704216,-0.43264357196370973,0.9013335062022948,-6.8799051190496288,0.79030058094428401,-2.4678305480665315,,0.4806549446346561,0.2,False,1
0.84185940688190575,-0.53336097205308286,-0.082454912134062155,0.5329958195695883,0.79764518799037121,0.28227222746339808,-0.084783225733563422,-0.2815816534620037,0.95578427328964533,5.4313483163788217,17.169811094286292,-2.0897189872422737,,0.2913441522629356,0.3,False,2
0.57503325285569673,-0.81489945492310556,-0.072633576782518514,0.81770891737790752,0.56961960495101693,0.082979708941998923,-0.026246610273475336,-0.10710921539005491,0.99390076538237948,-7.9129691476186572,16.069807781993283,-2.0874753928603651,,0.1776331845645231,0.2333333333333333,False,3
-0.98162964383796303,-0.19052014397522163,-0.010262410935766131,0.19076862655687898,-0.98098297167893067,-0.035773459401858859,-0.0032516857406243195,-0.03707403425087695,0.99930723129786725,16.710794279906242,17.552901060804214,-2.1535099859679141,,0.2049871552987039,0.3181818181818182,False,2
-0.60559816760191998,0.79346920422863942,0.060477114166986083,-0.79490341818982047,-0.60673572385098773,0.00056316352627071818,0.037140478555565765,-0.047732413974023474,0.99816942525248487,16.34754709870564,7.7245341933335974,-2.1129347973649177,0.2134326587088656,0.1965235973496073,0.6666666666666666,True,2
-0.54625900483956158,-0.83761281843726443,0.0024219870508456823,0.83761562983823934,-0.54625998313913526,0.00029575584866558396,0.0010753057155880822,0.0021902535046217086,0.9999970232491715,12.832633614766568,-4.8126057720528586,-2.2329717654763086,0.2445941294120755,0.2333220384231185,0.9587628865979382,True,3
-0.9837524079563652,-0.17798409550373603,0.02351300890510993,0.17735347231422408,-0.98378651957662444,-0.026642630452001867,0.02787374567837209,-0.022039638087571901,0.99936845490280912,8.8824267510534511,-19.960170228964081,-2.8166505559616826,0.2664397435646579,0.2311654260590086,0.9411764705882353,True,1
-0.072711081145730466,-0.92035318024371315,-0.38426959584893333,0.99721252956760709,-0.073555372117340978,-0.012521106422940798,-0.016741252999524964,-0.38410887889758949,0.92313601359715314,3.5492483271968553,16.306848329155972,-2.0687280664041259,,0.08848604883554664,0.3125,False,1
-0.88154813763981599,-0.46171599876172753,-0.098443981589695986,0.47171156579210305,-0.85307687443182034,-0.22304269772310148,0.019002097824570362,-0.24306003949044491,0.96982510664612553,4.0001190194918319,15.771362239607157,-2.0739353058778258,,0.3279046437788767,0.4545454545454545,False,1
-0.99714649297538061,-0.069697456008375333,0.029002347712912137,0.069113652776015569,-0.99739466469549165,-0.020668474470199177,0.030367326962648974,-0.018605038643590796,0.99936563778739917,-22.126682322276537,-14.925769933388265,-3.1304772132800438,,0.2007967708161622,0.76,False,1
-0.91361637480138913,0.40455045101119869,0.040546914573158205,-0.40468172640779937,-0.91444233848321477,0.0052829822025553409,0.039215048213285822,-0.011581976341936357,0.99916366918420518,14.545065390963726,-10.153339544286395,-2.3598426421907717,0.2887970137232414,0.1717750372426734,0.8913043478260869,True,2
-0.99705165754543534,-0.071558023821760519,0.027702732945024795,0.070481107727838541,-0.99678623598542049,-0.038073786303356852,0.030338187806060804,-0.03600901243773881,0.99889085759351204,-18.975924979027361,2.6555653800456009,-2.7631533853939367,,0.08311836350166843,0.2916666666666667,False,1
-0.71248472242666672,0.6636394115265708,0.22792159129240622,-0.70076199445060683,-0.68964075220365428,-0.1825602915027966,0.036029813241313671,-0.28979020750992385,0.95641177752532491,6.4096744595304722,16.755941398399017,-2.1021432802675686,,0.3076524863237255,0.3442622950819672,False,1
-0.10050247031750757,-0.98075872755058335,-0.16736657908148711,0.99481115170389245,-0.10173121327904244,-0.0012380187194630209,-0.015812207488338136,-0.16662256323240016,0.98589395754118037,6.9784105120523368,12.542859317103876,-2.1065257186239434,,0.1436965776298103,0.375,False,1
-0.114052239094938,0.95506399687675025,0.27357786574801241,-0.9932176638728345,-0.11587859856175581,-0.0095300874262789076,0.022599976292469043,-0.2728092965152944,0.96180264545612981,19.111534749187907,14.698429669189675,-2.1953909157701239,,0.1661330379380935,0.2,False,1
