axis_00,axis_01,axis_02,axis_10,axis_11,axis_12,axis_20,axis_21,axis_22,location_x,location_y,location_z,dbh,dbh_approximation,score,reconstructed,number_clusters
-0.72259037834040885,0.69073670723078229,0.027312019585539235,-0.68408049682800853,-0.70882417358743721,-0.17205279654115271,-0.0994837624409598,-0.14300731527464891,0.98470903762915063,10.919081677980518,-20.115596471240984,-5.6342293967829127,0.2153412962387552,0.2146812121035716,0.8717948717948718,True,3
-0.73008649960401761,0.68260181100102857,0.032069778827886058,-0.67609429901191098,-0.71471081032803307,-0.17912274128049691,-0.099348889976416582,-0.15245728981706066,0.98330390665454559,14.837326358194922,-16.740250897713945,-5.0455872526659169,0.1527970503442346,0.1825871135764686,0.8297872340425532,True,5
-0.67112083272096512,0.74121635263558161,0.01396948365271721,-0.73362678266660464,-0.66130063234916248,-0.15643918118183964,-0.10671725091176688,-0.11523798089259878,0.98758879910498798,2.4490619282607318,-4.1221062943814948,-2.7118379264217194,0.2459356654001124,0.2309861368123758,0.9631379962192816,True,5
-0.93701496449758315,-0.34897447914604635,-0.014824615082297387,0.34648913399830078,-0.9233024940915453,-0.16570390588468129,0.044138830169139817,-0.1604036075313689,0.98606411878854128,-6.0485388013239865,4.5639553344627979,-1.0355671352261808,0.2950445561555463,0.2619857061517809,0.952,True,5
-0.93203476797763674,0.36221047336337198,0.010712808537167674,-0.35843937155286126,-0.91718302082909187,-0.17405896478955307,-0.053220373933879392,-0.1660688992216873,0.98467695845370262,7.6630117100725732,-4.2083634407051767,-2.7501401324077182,0.2699171757996201,0.2418971270551389,0.9659863945578231,True,5
-0.53912939928592596,0.84210496867797369,0.014096544025533638,-0.83344934779237412,-0.53102886779272462,-0.15287421703885115,-0.12125046593750215,-0.094167740222669619,0.988145111413953,-5.7914336374999813,-22.101191779597567,-6.2961900964303759,0.2513117143591406,0.2597156008193497,1.0,True,5
-0.97409608907510759,-0.22468089538154656,-0.025598915975581726,0.22487969490110021,-0.95055529473943701,-0.21418159226228761,0.023789326803556946,-0.21439012778896163,0.97645836625883087,17.18876831230931,7.8487329671317072,-0.6366306346699695,0.3868936845777613,0.2496658464219415,0.8888888888888888,True,5
-0.99022214478199733,0.13949947619793296,1.1128473545202622e-05,-0.13770446051538274,-0.97746765501003952,-0.15998270207538559,-0.022306625417306193,-0.1584199468175535,0.98711981791108594,-10.921722000989915,5.2782435847872158,-0.86759792827114202,0.2460965903012023,0.2274111492148865,0.9520958083832335,True,5
-0.86164883111148383,-0.50369763156856373,-0.062048269890726974,0.50291641737558823,-0.83104906845189486,-0.23755530505408773,0.068090887630551253,-0.23589434452198468,0.96939026673689421,18.01100063332607,7.8756601022685375,-0.58512419834713769,,0.1489933930205287,0.1111111111111111,False,1
-0.94175447328135253,0.3361116198412723,0.011291194012880706,-0.33246962941279323,-0.92544612661773706,-0.18169593348874347,-0.050620722759363829,-0.17486693722914581,0.98328993521311736,-4.1853046447417981,11.639276655839033,0.22825452170671437,0.2897426172613657,0.2246830900171707,0.8433734939759037,True,4
0.72524684090379721,0.68569189154677379,0.061997174339393731,-0.68387391405829234,0.72786756433079491,-0.050252148866963831,-0.079583223292684621,-0.0059530380616427247,0.99681044933737706,11.621465972188878,23.844362251123016,2.4774615684155812,,0.216350359875466,0.4,False,3
-0.94052510598260108,-0.33843232944061008,-0.029598706151115105,0.33690875736887038,-0.91799014560108971,-0.20925243555919312,0.043646468638152809,-0.20677923244052596,0.97741359454773624,17.182995822562553,10.128510517881082,-0.17337277892383593,0.3717887887867543,0.2395613281853263,0.9,True,5
-0.95527545800345437,0.29554918419358722,0.0099739189286863275,-0.29239337790172926,-0.93895731313882902,-0.18128782822442291,-0.044214385617211513,-0.17609612098401364,0.98337950165685128,4.7610822460174314,-8.1218014730565926,-3.4664937241209146,0.2890536599050056,0.2764317325888958,0.9516908212560387,True,5
-0.98294813948193072,-0.18365741912838532,-0.0091053549141180863,0.18247690692023522,-0.96812344441710296,-0.1715784800340332,0.022696553258925511,-0.17031426472572969,0.98512837625413052,-16.263625165105225,3.0487407719432742,-1.2206613055129223,0.2509955552590507,0.2592118375022973,0.9642857142857143,True,5
-0.95173834471819041,0.30675472731505604,0.0097806166953454312,-0.30327203866805602,-0.93508478221829217,-0.18341897564289039,-0.047118932025214125,-0.1775330598328991,0.98298617432350943,-2.2534601161635286,-19.31124010173825,-5.6999198286414652,0.2550764877801852,0.2424844716105114,1.0,True,5
-0.9024164889351568,0.43078596135194752,0.0082423297689589742,-0.42622232233751456,-0.88972914671801306,-0.16345206459892245,-0.063079413750903132,-0.1510149031801595,0.9865168455623694,10.146081631755532,-12.745967654316386,-4.3197859290391749,0.2044209742105357,0.1819095773314962,0.9626168224299065,True,5
-0.59587742713844472,0.80295083686072,0.014143741072905247,-0.7948818692335321,-0.58719699823093441,-0.15284796116529117,-0.11442423602835981,-0.1023212531845166,0.98814849863574494,-18.389640352442026,-10.212908044689526,-3.9888492734035963,0.3414487568775291,0.2834642100960775,0.9404761904761905,True,5
-0.95293055302596941,0.30309839694645163,0.0073974913390822076,-0.29967358380532944,-0.93789763991363895,-0.17476773218674241,-0.046033729795561584,-0.16875834442455853,0.98458189954324871,13.419214597420828,-12.668394494582262,-4.3522787422943674,0.2841607971557014,0.2420196494719055,0.972972972972973,True,5
-0.4768775123901583,0.84284101752484353,0.24941302563070211,-0.87020761418128245,-0.41275149365256375,-0.26902585881007501,-0.12380042971450098,-0.34533349629780286,0.93027857652277524,-9.4516971253793383,6.7709582334105356,-0.65442016800746972,,0.580551159594018,0.217948717948718,False,5
-0.61033803627326888,-0.79009699375183295,-0.056870220171943424,0.78460368001005854,-0.59309025324641584,-0.18066825072152481,0.10901626847752184,-0.15488928939219121,0.98189854936180576,-21.400039684063302,-12.934592398712155,-4.5369773593453351,,0.2224031919446604,0.7,False,1
-0.9968940742583754,0.060856009901580951,-0.049987506112988071,-0.045299242533339737,-0.96231262570070497,-0.26814620833217384,-0.06442191656915372,-0.26504896995814681,0.9620804852971937,19.821569561424706,4.330696789951177,-1.2957050139441395,,0.260358165464649,0.25,False,5
-0.76966585400305176,0.63817039387894781,0.018788867931372702,-0.63170009128296245,-0.75693546485352381,-0.16734305100624247,-0.092571420291853501,-0.14066716185154743,0.98571967704909957,-7.5531999352426631,8.0188080691176733,-0.43912673733525959,0.2431774005249034,0.2299677158288243,0.918918918918919,True,5
-0.97672502302672759,-0.21387089042258384,-0.016354559709378769,0.21311151726832761,-0.95895210825765631,-0.18706772911377811,0.024325102281959946,-0.18619907706013389,0.9822108699769746,-5.2877639263029614,-3.4845622951895354,-2.5349526420970885,0.2586614495825065,0.2426041945859653,0.8704883227176221,True,5
-0.78480475748253919,0.61952258528060633,0.016530546270675926,-0.61327089900145748,-0.77248766653854539,-0.16480779557951108,-0.089332508476574424,-0.13947964501341267,0.98618716862278033,5.3090036322799774,-0.84485625875197956,-2.0605978805156244,0.2924323028696159,0.2508212576541177,0.9768595041322314,True,5
-0.86269699171450331,0.50259769865478088,0.056119994597874243,-0.50029481263550235,-0.83195665783153383,-0.2399025217453809,-0.073885052187535716,-0.23503972599691214,0.96917352742764451,14.459561145317895,-12.513498494246653,-4.3223923829479167,,0.2030231222798754,0.2,False,5
-0.83781520266081466,0.54586558542343866,0.0098208370695391511,-0.53977340921214789,-0.82549758360919456,-0.16491939292538577,-0.081916743696969538,-0.14347300131282265,0.9862581533231437,2.0321890720619837,-14.369499507042013,-4.6521514067640188,0.2717569928715565,0.2638542931522233,0.9154929577464789,True,5
0.17677796062045706,-0.96810323016954458,-0.1775547475404812,0.97700588686801926,0.19444545645020422,-0.087466916551945204,0.1192017183773179,-0.1580098104586028,0.98021622621477211,-12.07490946643644,-10.244862420812195,-4.0124230737965734,,0.2763321643491619,0.3,False,5
0.83142959740933964,-0.55153143761003109,-0.067363921200858989,0.54929363041419621,0.83414235554387617,-0.049830094060781344,0.083673963322742392,0.0044276422084692539,0.99648334850429787,10.328707793028036,-6.5172792465819418,-3.1793570792262837,,0.6188884734530926,0.4918032786885246,False,4
-0.99858050991216551,0.049091671497956298,0.020663325315586609,-0.052985543499902872,-0.87601741657406462,-0.4793600088022818,-0.0054311512205893839,-0.4797744195436438,0.87737506743010474,9.9939320619619298,14.425659536966457,0.72567604804170582,,0.5892787907123543,0.3093525179856115,False,4
-0.9793952435186597,-0.2016287267113889,-0.011437374601208871,0.20035504733937526,-0.96297700431951783,-0.18036946570149665,0.025353736976254058,-0.17894453251371126,0.9835324307336224,-12.301358064995684,-15.402647184314853,-5.0040762985155256,0.329023266519721,0.3068295372428256,0.8979591836734694,True,5
-0.56241945046567843,0.82651386701498486,0.023647185240930298,-0.8183194291649557,-0.55228992593512127,-0.1591513416899715,-0.1184806886755141,-0.10886076126186528,0.9869709524947845,-3.8021977192677561,-6.8419505988547202,-3.1794419747818186,0.2925483742264113,0.2434533523345098,0.9982668977469671,True,5
-0.88548994431174088,0.46427285754479813,0.018928081518672417,-0.45958841071782686,-0.86909968269627158,-0.18287764836387865,-0.068454738745043375,-0.17063544556869717,0.98295345437051118,11.588812146586953,-9.3806797722126607,-3.7808545727483303,0.2153245670158794,0.2378643659232131,0.8435374149659864,True,5
-0.97847126765864756,0.20621688206521852,0.0082810577692166917,-0.20429396181147449,-0.96209194151556054,-0.18067394177962987,-0.029290877997239926,-0.17847603094566222,0.98350818544841401,18.600418090444965,7.7057728015540157,-0.61742925950511907,0.34906380892152,0.2113378615893723,0.631578947368421,True,5
0.056353725593079544,0.99797422828592597,0.029524520129694483,-0.98758099778687858,0.06006182025045291,-0.14517696290553184,-0.14665616394155329,-0.020976592318847447,0.98896509147322087,-22.25778334376789,4.0081957879798882,-1.2360406163769235,,0.3572432586719657,0.8255813953488372,True,2
-0.68787885093427503,-0.72477491989967979,-0.03903846720548889,0.71887943574742963,-0.67288662165658586,-0.17445902457323287,0.10017506324828826,-0.14807062463567627,0.98389026157554926,-11.383063801943907,-8.8391614377645276,-3.7166824075512239,0.2611207915624117,0.2555025573254988,0.8360655737704918,True,5
-0.13809949481334524,-0.98637200760261023,-0.089435966759990965,0.98066814147884895,-0.12354167195684602,-0.15174798706581605,0.13863089778515772,-0.10866332365661571,0.98436464598804985,-14.874122787142449,8.511119643382127,-0.34502906651487558,,0.1933443562408877,0.1153846153846154,False,1
0.32708164616583729,-0.94485815176979793,-0.016145270998301191,0.93544403268360776,0.32615129202612786,-0.1362710403068757,0.13402260428031004,0.029468758776883524,0.9905400213005402,-5.4355479895012602,0.70291481765361197,-1.7634014160600797,,0.2045524041499286,0.916289592760181,False,5
-0.88775363000499374,0.45993371416036749,0.018827400022465191,-0.45527086092859353,-0.87124278906833452,-0.18347873360628764,-0.067984818910502731,-0.17145547840497583,0.98284336662696525,1.4158811382559209,5.0690653001783819,-0.94636252288283074,,0.2899066977631479,0.9772256728778468,False,5
-0.95082785081532739,0.30966546364902414,0.0058050613209064822,-0.30616171948856336,-0.9369064710371755,-0.16873430608051196,-0.046812387609593185,-0.16221456516509414,0.98564447708825942,0.50683015652150354,-11.235931555221802,-4.0276715260048483,0.2834108879937131,0.2579537881185103,0.9919354838709677,True,5
-0.55105175050666866,0.83444474847057837,0.006627972043574867,-0.82612620253843039,-0.5444034509438469,-0.14539731799405414,-0.11771773758856365,-0.085596987974487601,0.98935114590661233,-5.8604801039092864,-13.403152223677763,-4.5343393069506517,0.2321109581491129,0.2234331912287244,0.967741935483871,True,5
0.99571644837556239,-0.091999424204010374,-0.0092119694140711597,0.091729723098214186,0.99543538495635842,-0.026344871931949843,0.01159363336836991,0.025387010909448119,0.99961046780353546,11.606279532280938,17.386238682458242,1.279796221418293,,0.1327105513928748,0.3684210526315789,False,4
-0.90986531390706304,0.41469928910732901,0.013023446651225779,-0.41011757136701105,-0.89417231267285169,-0.17960916709708516,-0.06283858850122262,-0.16876129551280405,0.98365183725341288,-10.720275172083868,-20.370665353647226,-6.0806182013826682,0.3032400827489443,0.2960027831755005,0.972972972972973,True,3
-0.98939308279112359,0.14526283466412812,-0.00019128622716908057,-0.1429190561367395,-0.9736633926587458,-0.17763372762301205,-0.025989827203388657,-0.17572224293357153,0.98409665288544457,-13.057689960495237,-11.354630509179778,-4.206798858968126,0.2452350543894917,0.2434461611527408,0.925,True,5
-0.97994549243708506,0.1992364113291728,0.0034182236485544542,-0.19662002977024806,-0.96400616785567272,-0.17897673655916227,-0.032363494023137637,-0.17605953747779082,0.98384736799857408,-3.2274525002818275,4.34185762275815,-1.0816670217441609,0.3089079540215817,0.2707532161056938,0.9764705882352941,True,5
-0.92198107570323462,0.38719927501446838,0.0052552329517230401,-0.3830549854524416,-0.90995625686332304,-0.1588977303655415,-0.056743053893287425,-0.14851374355109589,0.98728106120359849,-15.253714234520313,-1.8913947151544872,-2.2016463113835121,0.3413987762276153,0.3102558508132878,0.9666666666666667,True,5
-0.99571477936097685,0.092214797057078399,0.0069648665344383479,-0.092137766574128338,-0.98279055309158481,-0.16010421832252789,-0.0079189729670043636,-0.16005986366874755,0.98707554417556598,14.694517708753715,10.833885865037692,-0.073653420467528097,0.4284343118148625,0.2288115011007631,0.8214285714285714,True,5
-0.42427056247278438,-0.87332609123124549,-0.23936588769868852,0.89816825813646306,-0.37220048025083602,-0.23400979162667207,0.11527475827404017,-0.31427430832920672,0.94230748125495656,5.4144458349701567,17.153566024909431,1.3196678250818601,,0.2302923104388013,0.3846153846153846,False,5
0.99764158474194398,-0.068143134145001491,0.0082329619505553918,0.066611629831724847,0.99012389889454966,0.12335945690954378,-0.016557752406175956,-0.12252011307027387,0.99232790081127131,-12.424777916694753,7.9175608115304099,-0.44235409025026784,,0.3218645095724894,0.2448979591836735,False,2
-0.97946011391053789,-0.20153628499142986,-0.0064039901786732654,0.19978745657960742,-0.96568848855327682,-0.1659238236937024,0.027255411422448795,-0.16379520416526372,0.98611777878742868,7.1348336939282078,-17.136231622701441,-5.0486255903233612,0.3609421626309267,0.305727507469276,0.97,True,5
-0.41559563745696632,0.90905712491245538,0.029923398413930716,-0.90057812372851131,-0.4066642732464662,-0.1535682647116865,-0.12743354812753502,-0.09077065886521192,0.98768485778653281,-22.001637233283748,-6.2319319230153161,-3.1584398115183059,0.1102017013818712,0.3284895453685331,0.9830508474576272,True,5
-0.96032351130794891,-0.27840161119450291,-0.016471081126501086,0.27660652763695293,-0.94326383908947176,-0.18369038824831968,0.035603124831938428,-0.18095820719297481,0.98284614500526268,-14.252148010184404,-24.508779928626762,-7.196481642169422,,0.2150473249679757,0.6956521739130435,False,1
0.58861259564514201,-0.80782718663976261,-0.030829349223987057,0.80008340514877097,0.58758341800371794,-0.12088122969516676,0.11576595809406205,0.046486163670000497,0.99218812708770632,3.0135300947192785,-22.554458953085881,-6.2417786209552713,,0.1372140637018355,0.4090909090909091,False,1
0.99822827061882435,0.00040023856027794928,-0.059499239881248105,0.017801516120281542,0.95216549226821712,0.3050638971714672,0.056775221366110067,-0.30558258317960307,0.9504713878366412,-8.7093913083973149,8.186349214084407,-0.41235066852695962,,0.4317049565044293,0.1851851851851852,False,3
-0.91204863542205827,-0.40057794207611058,-0.087775844893846475,0.40578755832013541,-0.85068521814617337,-0.33417228661302767,0.059192433108828359,-0.34039972378024197,0.9384158374159034,-10.957734321678226,6.5777420251021299,-0.65248246029784551,,0.2767748408247782,0.1666666666666667,False,5
0.66644105455701597,-0.73521839596519634,-0.12373451836612029,0.73780702567442258,0.67423514261052631,-0.032369203487647311,0.10722459450328502,-0.069720030861486232,0.99178727740896111,-18.976572761809347,-5.4063819982056174,-3.0912264380795529,,0.3356318696886462,0.2941176470588235,False,1
-0.69200190362698288,0.72153519733776694,0.022810619881587786,-0.71490754017353553,-0.68057495471548612,-0.16038996233255917,-0.10020266652967623,-0.12729764340617039,0.98679011730133326,13.061023179173318,15.771068671092388,0.95955364090209905,0.3098394973674718,0.2428154639709195,0.9647058823529412,True,5
-0.84112041054076925,0.54066640313148462,0.014010549474959137,-0.53526174942818039,-0.82843998295852195,-0.16486980995551573,-0.077532667765345467,-0.14617467345797869,0.98621582337166036,-6.7570971773966306,-17.32078669733631,-5.3349893533846187,0.1718806939888409,0.2219403899351485,0.9848484848484849,True,5
0.8284686829625989,0.55879984890927303,0.037180239498818685,-0.55821312612187024,0.82930242922821484,-0.025604427379464306,-0.045141413086710241,0.00045796850848080998,0.99898050185645759,-2.1707667094081882,10.400964540146077,0.033133707329782089,,0.2386271796750504,0.3548387096774194,False,5
0.46950645944029185,0.87901609790950863,0.083032428362546581,-0.87450954471235698,0.47592465134191991,-0.093427953269118805,-0.12164185443681071,-0.028747623571555025,0.99215766558957807,6.4597848822175195,-28.738210807057076,-7.3215535665445444,,0.1538403695897169,0.4814814814814815,False,2
0.30020803564540927,0.95338102556777526,0.030655430534575839,-0.94692537550268174,0.30173926361864301,-0.11084110257473574,-0.11492375108317997,0.0042469846025831037,0.9933652372409435,5.938876370458483,17.90345669752146,1.4261742155551163,,0.1636211524571707,0.7419354838709677,False,3
-0.05044322912186143,0.99193334538632771,0.11629152568630255,-0.98906540799002207,-0.03345836353044955,-0.14363201811363557,-0.13858246409012515,-0.12226518809764639,0.98277470685104484,3.2131884858302868,22.107723178379214,2.0605002581112526,,0.1476504479525675,0.1739130434782609,False,3
0.096487278720962882,0.99447459835747254,0.041357928704952279,-0.98670963824623847,0.10102676961257855,-0.12727011280587897,-0.13074515225046554,-0.028528320023928019,0.99100546926826405,-21.073728005454456,-2.0356255932184468,-2.428656754552565,0.2762273506596775,0.2373392652007487,0.3,True,3
-0.58361769564051269,0.80520915426537376,0.10501715680068519,-0.79972756912051912,-0.54752455400595679,-0.2462776440303994,-0.14080554152391783,-0.22771710662095648,0.96349297808979228,-17.396302051376402,-2.5732975958479098,-2.3886921484879506,,0.1463406643514424,0.35,False,4
0.56521661230504738,-0.82403117409201843,-0.038766032798520096,0.81550189032175602,0.56522000317144427,-0.12443076346513415,0.12444616529266453,0.038716561564825454,0.99147071555570865,-26.377374306484192,1.3905319863013326,-1.8068970937315063,0.2898102369226478,0.281976731731979,0.5365853658536586,True,3
-0.42642991583741313,-0.90294789671600451,-0.053316251697203207,0.89530643163390655,-0.41296005221371929,-0.16700415788417616,0.12877857101962761,-0.11894995204616557,0.98451357966985764,9.3161206489985844,17.210141736820411,1.2694963058812911,0.1377884214222289,0.1356000148742935,0.5757575757575758,True,4
0.0056668379044880401,-0.97892830835518252,-0.2041255840139215,0.99000054755121525,0.034264486008546619,-0.13683881337860251,0.14094964631547729,-0.20130899656853496,0.96933373257310684,-6.4244493192403471,11.402277917738632,0.21356348117992147,,0.261692608935261,0.2592592592592592,False,2
-0.99993209295397623,-0.010384872622487424,-0.0052880905149801649,0.011152722743286013,-0.98437117407119801,-0.17575269111197653,-0.0033802745585685195,-0.17579973287324738,0.9844201479376592,-1.5502486426240687,-2.9262457910249258,-2.3668117498298242,,0.2750909969616324,0.9611940298507463,False,4
-0.06858219092124479,0.99676851419764301,0.04182119310426604,-0.98768442273899881,-0.061928761092577791,-0.14368127793233523,-0.14062703924627179,-0.051160117804407053,0.98873994466647619,13.082590000741398,18.705933039916673,1.5185080630459655,,0.1651740044492471,0.3333333333333333,True,4
0.39365098896820039,0.83986308098557183,0.37372303124343276,-0.90922831128577242,0.41562347876620209,0.023685477717430931,-0.13543550805006885,-0.34912337231371743,0.92723788429049714,5.3227747211891741,15.097477729689231,0.95922959595871127,,0.6080558773948948,0.3076923076923077,False,4
0.1825196952794754,0.9803916446369525,0.074288518366830189,-0.9801020461404012,0.18741953180595788,-0.065375058309990713,-0.078016280265638047,-0.060878093134451625,0.99509161276227576,0.65393704101439332,21.16705914481981,1.9187838084157414,,0.1863128117394213,0.4545454545454545,False,2
-0.95608389726441745,-0.29144270269832717,-0.03106014223367675,0.291924426713008,-0.93745496514240012,-0.18962678454833945,0.026147858037772038,-0.19036632941188705,0.98136484048812389,20.604340958279717,17.862601719643948,1.2689283435720742,0.3064563232548889,0.2498914813657785,0.9024390243902439,True,3
0.17729323530876223,0.98302741582416386,0.047161514519980227,-0.97606244238948414,0.18176670953631333,-0.11942768465065776,-0.12597308153104511,-0.024858862452009311,0.99172214843027739,2.6145237663293166,20.464077122294288,1.8180078326683535,0.2183976296494646,0.2282470169419806,0.8636363636363636,True,4
-0.92430064441725857,0.38162659165519214,0.0054280080584557418,-0.37579124147971876,-0.90749778553697569,-0.18769313272631497,-0.066702785226503691,-0.17552468141867589,0.98221271863883985,3.7429983855435083,20.13874186637107,1.771624828664714,0.2420895911722227,0.2486555532445446,0.8076923076923077,True,3
-0.97126108781574994,0.23729640325678045,0.018501791706776616,-0.23460618533455443,-0.94133595812224546,-0.24258308215710878,-0.040147691063549186,-0.23995214303579229,0.96995419064757726,-12.840654833688431,6.8289907506462981,-0.58938197050949059,,0.1447002525528037,0.4146341463414634,False,3
0.77549363012375827,-0.60638461778889896,-0.17580479216018519,0.62688777433773069,0.77261914135570742,0.10035626934404962,0.074975649536109579,-0.18803552249450062,0.97929632607135741,13.752039911926808,8.5912303680521909,-0.51311801991274109,,0.7017904512953788,0.4540540540540541,False,3
0.4592917363240101,0.88821604651988328,0.011106558830883193,-0.88184389878309144,0.4574284946218718,-0.11450113749218463,-0.10678220415177796,0.042795175108369859,0.99336102896375567,-10.672173596173273,9.4255339162579457,-0.21519159748209679,,0.192684333954153,0.3333333333333333,False,3
0.12487990796875109,0.98934239251054734,0.074877493061818845,-0.98239729536341025,0.13386426812469074,-0.1302916412595134,-0.13892646489554486,-0.057288638497937777,0.98864424807444273,13.55323960433585,23.603751513468186,2.4277252573533863,,0.1397962039516526,0.3333333333333333,False,1
-0.86035332257111308,-0.5072283012224057,-0.050115973300711339,0.50525553951300406,-0.83576821171078064,-0.21496124321650711,0.067149088841684565,-0.21026399295360931,0.97533586683507933,16.899343952607758,22.141910012246885,2.1684353554568871,,0.1629054335141107,0.32,False,2
0.63680314091627188,0.6916272127818569,0.34078374118899546,-0.7637515205451969,0.62640903066522569,0.15586962874771201,-0.10566633609654512,-0.35953236967017288,0.92713057363851381,14.527215777753703,6.1076603480342069,-0.96947347119661631,,0.2479878339527272,0.4776119402985075,False,2
-0.99353721535571027,-0.063588158173383105,-0.094023123982014054,0.085327051613801649,-0.96467763396551132,-0.24923153249458219,-0.074853830670955121,-0.25564351872640761,0.96386892022051673,25.566542110210225,-0.58433811657792156,-2.2510535264163569,,0.2200416022771258,0.1842105263157895,False,3
0.10740518156250252,-0.98639467566006456,-0.12445750601310328,0.98464472772576628,0.12286209472342233,-0.12401478074013852,0.13761862931804572,-0.10922659707987153,0.98444434243636836,-8.0592570919221256,15.557815927090484,0.8991903069775693,,0.2406296170293098,0.2962962962962963,False,2
-0.63822295797322237,0.76764657020567917,0.058225416850096745,-0.76187530552635885,-0.61894241336036382,-0.19093534972017573,-0.11053268631960271,-0.1662198309321293,0.97987422308164984,-3.4015502361328389,-24.651460822814187,-6.7259116965713295,,0.1778793436165704,0.6,True,1
-0.23924255753345014,0.96943144867865361,0.054457919329152032,-0.96120300100148037,-0.22853456151460386,-0.15446923661064729,-0.13730181910886011,-0.089300730714448384,0.98649561071667402,-20.287201948311651,-8.3362021604936363,-3.5984587919718609,,0.07437790144082293,0.3846153846153846,False,1
-0.77718633179334806,-0.62341396133921445,-0.085653012095009584,0.62343321009264352,-0.74431387400098448,-0.23943243206221718,0.085512795692699387,-0.23948254587129048,0.96712753657199946,17.487372120178634,27.976054765549819,3.0916271952595236,,0.177760708595024,0.3846153846153846,False,1
-0.86096342632370126,0.50806043585163896,0.024830868997969626,-0.50315688039265505,-0.84345637893778003,-0.18818738146512026,-0.074666808198041806,-0.17451627531955244,0.98181919791889727,26.179003028396071,1.9181079246198915,-1.6781152336566005,0.2428271723740654,0.152620473047474,0.5555555555555556,True,1
0.52601692326655702,-0.79372130615224312,-0.30547125003371928,0.84175890414984367,0.5371728991479614,0.053732892211658223,0.12144193559738969,-0.28539755531705641,0.95068401253908152,22.499646874319197,0.91866678591462914,-1.9388309290682184,,0.2235525720349121,0.2424242424242424,False,1
-0.24345035875006957,0.9592733270949696,0.14327109530051896,-0.96016466689820235,-0.21746887360058603,-0.17547393383393706,-0.13717046061279722,-0.18028303563852138,0.97400322986950794,26.776877606360642,-1.0458622464724734,-2.3012459864700152,,0.18222607018326,0.4545454545454545,False,1
-0.70606428231210072,-0.70801551325155077,-0.013684379351655127,0.70149233297680325,-0.6966547144555163,-0.15026881114078064,0.096859362055811929,-0.11569892748874007,0.98855046515597556,15.88804924368662,10.838515238255821,-0.035549742084026635,,0.08380039410759653,0.4482758620689655,False,1
