axis_00,axis_01,axis_02,axis_10,axis_11,axis_12,axis_20,axis_21,axis_22,location_x,location_y,location_z,dbh,dbh_approximation,score,reconstructed,number_clusters
0.80045558172047315,0.59866399688316896,0.029534395683827812,-0.58392149069204435,0.78997091731219216,-0.18703380044504095,-0.13530171617729184,0.13246648118223669,0.98190940364306345,0.35078760704439976,-9.4660168127646163,-3.4570310823494639,0.2197573457283329,0.2166938820695645,0.9736842105263158,True,5
0.71916620614283044,0.69436627719093325,0.025601582805217533,-0.67757724963261967,0.70898638411861026,-0.19551822911102976,-0.15391243849157393,0.12326305299814291,0.98036584041017805,4.7637295317080577,-13.17007567272549,-4.3213179070567733,0.2848743981754799,0.2606094693254996,1.0,True,5
-0.39403929391737413,0.90807633949764643,0.14188162845714505,-0.90968362082150434,-0.36329658216199323,-0.20122450993477642,-0.13118210570872108,-0.2083577573165161,0.96921530121426425,19.4837344760756,15.266874317029567,-0.11279003362532912,,0.1665571037131051,0.1724137931034483,False,2
-0.12140403156921283,0.99057965823784522,0.063348258098669952,-0.97095786453186006,-0.10525928874063749,-0.21485182670283565,-0.20615985647664731,-0.087592367357031742,0.97459001162453907,13.419880550459977,-3.4285170769931472,-3.4404515095390416,0.2709179102895908,0.2543513269675938,0.9294871794871795,True,5
0.5650195837296621,0.79186072472051527,0.23175302079381693,-0.80535268551115846,0.5903596693871298,-0.053689037066084105,-0.17933187653600241,-0.15630756029769857,0.97129193585237661,-1.6700259123879686,-10.240929049410752,-3.5379015146615114,,0.2712511040716293,0.28,False,1
0.85866566038147663,0.48437537077638443,0.16755233172619258,-0.50175376915156877,0.86111780009017747,0.081971272468155582,-0.10457742980126365,-0.15445593077992986,0.98244945245191551,5.0908183071272521,-15.910096320386273,-4.9603749713415128,,0.3385228020466297,0.1896551724137931,False,5
-0.94444693736629759,0.32003016393050182,0.074837668817496428,-0.32487545848173283,-0.87456299249874547,-0.3599937619291802,-0.04975860705149384,-0.36430792789377436,0.92994828603425039,-8.3848064377518607,-10.63811785275249,-3.3790713042228093,,0.1654834074930257,0.2142857142857143,False,2
0.90628221316966406,0.42168301704753741,0.028913374517366155,-0.41111045426295934,0.89531588935383466,-0.17145743689398443,-0.09818729290492928,0.14350223484056876,0.98476716238294804,-14.884026055327167,15.410422355735413,1.663769016301863,0.2819526254687493,0.2308245761072185,0.9107142857142857,True,5
0.94051845243747678,0.33905697938523355,0.02157325554415989,-0.3294303401100353,0.92565637390756739,-0.18610730361616273,-0.083070401706015082,0.16793046827319177,0.98229255631199119,8.246892753271311,2.2597200527788885,-1.9847484632085257,0.2966372615377104,0.2583210779518547,0.98,True,5
0.75723821575147476,0.65035542793050327,0.060233727818012409,-0.63646353228043018,0.75546644282953013,-0.15551406957447192,-0.14664397936035573,0.079424625399353646,0.9859955741267461,12.478461207879617,10.74136573981901,-0.57975175097259157,0.2661279089801708,0.2541866690887279,0.89,True,5
0.65281998309622147,0.75672269982233664,0.034595162145052871,-0.73848044332597473,0.64592675235077535,-0.19345610722500117,-0.16873856848782484,0.10074416197067346,0.98049880639065834,17.759919698533754,-8.9411736606376113,-4.705180576520136,0.278398129222694,0.2757105180958209,1.0,True,5
0.77076763818093963,0.63617472736515446,0.034626062364160666,-0.6203140074556478,0.76173062868149577,-0.18702133964552461,-0.14535398201387437,0.12267096474049469,0.98174541217280253,-8.4233148224366392,-6.4322993670682349,-2.5396436265356623,0.2757029237198809,0.2460417209483365,0.9898305084745763,True,5
-0.50060523964929604,0.8624886552222375,0.074213972057869754,-0.84787677728456134,-0.47121232511661237,-0.24303068777366663,-0.17464067274611719,-0.18458673915298277,0.96717546037503022,12.765963214228675,16.481597008797713,0.54892863956548854,0.3536614798338225,0.2709224585269908,0.9622641509433962,True,5
0.076672240115460408,-0.97829928415069689,-0.19248864440769065,0.97432588917443907,0.11450265140687119,-0.19385098530890779,0.21168474031000678,-0.17268368032628262,0.96196149469137004,-10.205470689172557,-11.637330505358534,-3.5398245102672452,,0.2809098570355459,0.3380281690140845,False,3
0.35622184643060617,0.93343979632597696,0.04238092448833166,-0.91300542288855457,0.35735737631750658,-0.196765859252963,-0.19881421956605241,0.031398283812718149,0.97953410041302547,3.6382582632781846,2.4582096951812815,-1.6142571980870888,0.288249521373947,0.269500047702928,0.8253731343283582,True,5
0.66623378962494328,0.74418789683779274,0.048134309615172968,-0.72744848340026791,0.66274374209626907,-0.17773417316566864,-0.1641683330019432,0.083397281204942803,0.98290063176650078,10.333890738416862,8.023565406513459,-0.96122401016186021,0.2875558974854572,0.2652926114508132,0.9787234042553191,True,5
0.62936949348728599,0.77544796777192115,0.050739431864721338,-0.75841518971604338,0.62715525125857763,-0.17743362372100843,-0.1694120440687005,0.073189754045137861,0.98282390041516443,5.6457847049350613,10.369858306724153,-0.23539637194158078,0.3141921888384609,0.2760394490271471,0.8661971830985915,True,5
0.17013406541102977,0.9838317564917225,0.055941708099840295,-0.96319186048422267,0.17801790824090627,-0.20142260112130966,-0.20812457731766659,-0.019613751908917808,0.97790565038371569,5.8369416380677244,-0.51425366691173524,-2.4333013322100725,0.2552735892548841,0.2232435324102565,0.9302325581395349,True,5
0.30571574485364605,0.95121094556570063,0.041660777532180775,-0.93312449438823553,0.3080259215154722,-0.18546889131938948,-0.18925263887533972,0.017826068286350139,0.98176660666788329,6.53505170497899,-18.819727778430071,-5.6800322659349325,0.4208811725399765,0.3620309698022778,0.9504950495049505,True,4
0.97240207796757794,0.23165463178228904,0.027754825493036164,-0.2252013296300546,0.9630281575489209,-0.14785509426728061,-0.060979995877272902,0.13752417729891386,0.9886195126341909,2.1307513781923952,-26.299514671481504,-7.0063963043928013,,0.2746532313166407,0.8780487804878049,True,1
0.99541598411010834,-0.095146477377788863,0.0097039384118692354,0.095407691931300095,0.98080477669240396,-0.1700569385167951,0.006662649506434061,0.17020322517496778,0.98538645781317336,-3.5267416961159617,-11.15468449628904,-3.7006385416768626,0.1894085436817177,0.2032137274428964,0.979381443298969,True,5
0.99236070555137168,-0.1228689805451002,0.011110521922525866,0.12272888702695683,0.97401845493105421,-0.19033042253629767,0.01256385158729683,0.19024001438585131,0.98165721438787534,11.517117571355655,-15.081753501578731,-5.3190206859937366,0.2624074836383351,0.2663736942869684,0.8762886597938144,True,5
-0.97917176298318542,-0.19269231716274793,-0.063971317657621513,0.19834984488646085,-0.8405740554535569,-0.50407598269693255,0.043358939215786416,-0.50626566958940855,0.86128687101642887,-3.1292049272326548,-8.7698367815560569,-3.2350115862918525,,0.5428235619921169,0.1776315789473684,False,2
0.15191775780045119,0.9855916188144721,0.074365017229552341,-0.96360087128463912,0.16443317231191656,-0.21079632990857192,-0.21998717172682453,-0.039634489603219421,0.97469726146610502,7.4397477062888511,17.165196920481961,0.92350020665403454,0.2052210217795437,0.2102681130378193,0.8888888888888888,True,5
0.14875175117352726,0.98755112819437363,0.051143775034977343,-0.96689515340585097,0.15609453184082284,-0.2018619811893014,-0.2073322908837032,-0.019423345010932527,0.97807773455155467,15.139867099949887,3.458549612524537,-2.1016325433730159,0.2412217570396542,0.2372652617972588,1.0,True,5
-0.15606813512702714,-0.98773947418266073,0.0036699236141152468,0.96570597989352247,-0.15336512486812001,-0.20950202593788383,0.20749625923342271,-0.02915252331355607,0.97780132582677004,2.0978732368033968,-2.5746299522652309,-2.4325269167368502,,0.2160302220268355,0.9638418079096045,False,5
0.98783199228429586,0.15443794537087302,0.01835418342675614,-0.14868640473962594,0.97240765374259142,-0.17976570303713052,-0.045610394267577993,0.17484929502989965,0.98353821276161113,3.0324731280499067,6.5242473585346454,-0.90000776892530865,0.2486223429584463,0.2461887808844994,0.99609375,True,5
0.95065892533750351,-0.30064074354307602,-0.076568603213122921,0.30641172089161223,0.94853083297345853,0.080006975939080183,0.048574324250399654,-0.09952086324254969,0.99384914992320339,-15.956942536809539,0.22195675028777109,-1.0162099990109679,,0.5889873160110775,0.3655172413793104,False,5
0.79981138140018748,0.59933296992947271,0.033192549438721193,-0.58433437103912955,0.79006116630327616,-0.18535559425550735,-0.1373138631203307,0.12885396639228958,0.98211076683841858,-2.1769622878841433,-2.2726155966966806,-2.1318323378614052,,0.264407278152386,0.9461928934010152,False,4
0.89190513011388828,0.45093832597855404,0.034056791395969031,-0.43958779026267053,0.88220130870381852,-0.16877033380678511,-0.10614995774145018,0.13555617686011417,0.98506685528778171,-4.909580269113496,1.5009992206144265,-1.3748188335128972,0.3330089837587504,0.2882584863226199,0.9754098360655737,True,5
0.31607105679579423,0.91454097390473521,0.2524161130066187,-0.93092869897893982,0.35026567282446086,-0.10337173626387373,-0.18295038801098473,-0.20230858975883365,0.9620812803689841,-1.8791347113585068,-8.7864445212877271,-3.2635518233465461,,0.4821033244060829,0.3120567375886525,False,4
0.10947095082654107,0.99103648365715913,0.076568916575782228,-0.9707352427912157,0.12315731528937932,-0.20616829070881559,-0.21375032006576103,-0.051758707008275423,0.97551618998385614,-14.403694810976035,14.112459198431965,1.3577974591512469,0.3603947090224886,0.2508339954799995,0.53125,True,5
0.88754076114051184,0.45983207127669073,0.028737841594452126,-0.44805167507790589,0.87596979977613842,-0.17868017892321791,-0.10733635811784364,0.14570990393771802,0.98348743261948079,-3.624555464338076,-7.7357092812592922,-3.0277875645053447,0.2386546290819648,0.2170607133519281,0.9712230215827338,True,5
0.97303620826885706,0.22673980365405111,0.042303650394345027,-0.21800772915588179,0.96398482855741785,-0.15233476405410662,-0.075320431664060009,0.13900471844526341,0.98742317211208475,23.026223720306024,7.4618480551365653,-1.9367229756657147,0.3275922429101555,0.2317363857029173,0.3461538461538461,True,4
0.9886396929113892,-0.13937512322118895,-0.056268398121432917,0.14795962699620296,0.96831823196405109,0.20116597730520411,0.02644818290957153,-0.20720612122495771,0.97793973073379625,-0.56809729011749677,-10.607294247110675,-3.6194360626361286,,0.3249730720460936,0.2151898734177215,False,2
0.32293809152747238,0.94490763798791444,0.053484060360955613,-0.92577787280831925,0.32712816003274153,-0.18953231157799166,-0.19658667111250905,0.011692843353669644,0.9804167267826519,3.7864485496591205,16.955093752053774,1.0151444006396444,0.2162198612166331,0.2159129647513302,0.8311688311688312,True,5
0.59407089345140396,0.80335093981314887,0.04131635336258329,-0.78492954181498709,0.59015292920926599,-0.1886932286327147,-0.17596984951964226,0.079666728607708223,0.98116656303248573,-19.639490225021838,-3.266107496565811,-1.4763620045605328,0.2293293797888755,0.2242754953664335,0.864406779661017,True,5
-0.22375267410234828,0.96298455605006006,0.15031794849956517,-0.95530436109077632,-0.18611546654551264,-0.22968371904314597,-0.19320537909952967,-0.19499173808552966,0.9615871793890518,-21.259391584391839,-8.0253402586678888,-2.4099772431845108,,0.2170753169825025,0.7105263157894737,False,5
-0.67407382472536759,-0.73276219663308406,-0.093188207438341705,0.71665197876292197,-0.61819276274024226,-0.3228740457682755,0.17898161960185316,-0.28442445619363205,0.94184303817762227,10.124512147827909,-12.482945729076782,-4.598860286276806,,0.1903523648313574,0.3142857142857143,False,3
0.82370571786996138,0.56610757719800275,0.032110767467285577,-0.55314123769510037,0.81470994265734531,-0.17401862111968558,-0.12467422151135799,0.12557834357193759,0.984218684092242,-12.325805990703763,18.002820204463799,1.9914047817568865,0.187193792382689,0.2248565728895687,0.8974358974358975,True,5
0.66420337763769655,0.74707815282394596,0.02661027447878344,-0.72928965270441137,0.65538668204070039,-0.19648129545063747,-0.16422690276856042,0.11109694224794261,0.98014641448622497,-1.1227834042686076,-4.876808734689468,-2.6502191272538793,0.2830436849838461,0.2519254024287328,0.9853836784409257,True,5
-0.92511010183082909,0.3782911370765687,0.032666727719027795,-0.37298403335973668,-0.88927181270002409,-0.26472354257964237,-0.071092969759712479,-0.25708259129417815,0.9637708912932651,10.737633424413255,-21.15798632016693,-6.4552829710277502,,0.222475597702021,0.9859154929577465,False,2
0.7444327555808461,0.66617784515492551,0.045021673036971091,-0.64995312213818512,0.73844154482305835,-0.17962467509270547,-0.15290785277785168,0.10445651489531302,0.9827044444057389,18.939009049052352,9.2850786531936276,-1.3066993624589758,0.2583006521886715,0.2487713422142151,0.8478260869565217,True,5
0.13358474055455427,0.98157217128636609,0.1366425616239007,-0.96744671038881558,0.15906388780084402,-0.19683887358837349,-0.21494645763266629,-0.10589972688279012,0.97086727630367631,29.672029141692242,-9.2894608563424406,-5.6864171939967187,,0.2516503805628162,0.825,False,2
0.30309337186639074,-0.93441614674588314,-0.18708520152924377,0.94299972275361554,0.32239982683642199,-0.082521964000190129,0.13742609219964541,-0.15140943285152672,0.97887141792286159,-17.048440970237507,4.839168410188373,-0.19107401614600036,,0.4303241419546097,0.2898550724637681,False,3
0.68444502476396629,0.68937584566587962,0.23726767897947304,-0.72474941582306474,0.67871022666419645,0.11870430693770545,-0.079204118200883106,-0.253206184035635,0.96416457932561095,-3.4669879565263249,-8.9894906243861143,-3.2428812254565935,,0.329894885452327,0.1910112359550562,False,5
0.38676671331210422,0.92074471412068326,0.051387555814355369,-0.90081814860883502,0.38914525269953287,-0.19259448444430316,-0.19732757691387898,0.028198292860341558,0.97993197910317187,-22.460914237572364,-14.483229437070605,-3.6937005161598666,,0.2067109152388894,0.8421052631578947,False,1
0.79589066016320309,0.58785201022155265,0.14487260315001171,-0.59093874892349363,0.80631793313396438,-0.025353219269127564,-0.13171731885259885,-0.065432444437389339,0.98912544357590548,5.3752673509670714,20.807886569572386,1.6627582431980581,,0.2680317738645198,0.3191489361702128,False,4
0.12060103618797667,0.99153930721652472,0.048012418341107491,-0.97133481806508748,0.1278477692417237,-0.20040863033906312,-0.20485131506741813,-0.022466645154320293,0.97853522602441867,5.958597296930062,20.035609879782221,1.5307289920743898,0.2882593411806122,0.2654993593779296,0.961038961038961,True,5
-0.29695948547763418,-0.91587924921412833,-0.27014859770841687,0.93399959121044129,-0.21974263077319017,-0.28170541322382509,0.19864497880285686,-0.33597377439294673,0.92068550293603002,-7.7410436337178545,-10.925437795416732,-3.4417389627514141,,0.3139989540673849,0.1857142857142857,False,4
0.87200614523668096,0.48872091960548936,0.02751627535533363,-0.47623691507400312,0.86004081977089186,-0.18310704259697458,-0.11315336225787756,0.14656620029112552,0.98270782307965809,-1.6223330841888717,-15.400707696377699,-4.5815919141845614,0.3342364869154948,0.3030488278170568,0.86,True,5
-0.3009069925872479,-0.89671026030029355,-0.32460081775047528,0.93183991740319061,-0.20408348746947783,-0.30004049472747757,0.20280372320574394,-0.39276028212444641,0.89700056334397715,10.659532456049766,-12.502305153403377,-4.6762046295220303,,0.5941748006660692,0.2524271844660194,False,1
0.88603545321155686,0.46280711434562333,0.027399827796323661,-0.450910587969993,0.87398646151421622,-0.18118307522065702,-0.1077998947529461,0.14817975570548156,0.9830676185747943,-19.480036009535162,-4.3964966942796293,-1.7007727727242221,0.2225782077794655,0.2279483582417126,0.8367346938775511,True,5
0.53707053644269098,0.84137952496993351,0.060297046747991509,-0.82246129351751995,0.53819099231101775,-0.18414091468429894,-0.18738372274732981,0.049304672766904797,0.98104861739503024,15.688383138129659,-13.945576118773488,-5.3477884766951194,0.2925087147935795,0.2946280485244959,0.9882352941176471,True,3
0.84680208494572784,-0.51620989515783067,-0.12827148191515406,0.52494893399850606,0.8499398936688296,0.045064330063258495,0.085760396602396746,-0.10549654634801853,0.99071470821989904,-8.0329121058454032,-4.1482908242597469,-2.1726812493646674,,0.4452288555746047,0.4222222222222222,False,9
0.65293291995359115,0.75643984517370078,0.038436475833065524,-0.73898131256956534,0.64734855797262447,-0.18667207655063806,-0.16608799388830237,0.093480506654341225,0.98167009385119208,0.80503033049563666,11.170851731489924,0.19438021882353423,0.2674649864350236,0.2479491021696458,0.8591549295774648,True,5
-0.96371694498599647,-0.2589079810850195,-0.064933098473257372,0.26058958688952621,-0.85988583959835518,-0.43896401909835203,0.057816236055320581,-0.43995795275084126,0.89615527820779184,-5.7312883207150893,-9.9520251815882723,-3.3728013178666618,0.9463682589261384,0.5371721246925913,0.3866666666666667,True,7
0.75884094925948764,0.62588662220617819,0.18007317920862292,-0.63071938310323428,0.77515907976226739,-0.036351902838646921,-0.16233752956366984,-0.085990332046433346,0.98298127616435771,-1.3287215419935965,-11.987894496118585,-3.9019473961746938,,0.3389162366396464,0.2842105263157895,False,5
-0.090450130533143588,0.99432950846467971,0.055924971908135973,-0.9742380721068753,-0.076694254734573933,-0.2120805746601675,-0.20658884951520462,-0.073666952475969799,0.97565066871749095,19.820392316513967,-1.2625054140849143,-3.384320413116944,0.3486139826317313,0.2840757354610413,1.0,True,5
0.092161039580187801,0.99510065140284554,0.035791568296626872,-0.97353867143982731,0.097596233376841715,-0.20663356562240601,-0.20911431800494951,-0.015800911628324046,0.97776353644275338,8.7666044442953961,-9.9897015663139452,-4.1752984911666839,0.3413500096857652,0.2973053437544541,1.0,True,5
0.46408363391733204,0.88263003296858289,0.07477035262698381,-0.86351976236359063,0.4696098839261505,-0.18384824428423721,-0.19738287853208741,0.020755284164455247,0.98010673777994262,-19.844067273527127,6.9375103186725289,0.25163158809038189,0.2129101933522435,0.2933659602156053,0.9344262295081968,True,5
0.90901176048046928,0.41586545596685437,0.02745071659682332,-0.40508592744859656,0.89709510238804413,-0.17642496607480307,-0.09799495237668715,0.14925247001261094,0.98393124226432926,-1.2424925222772965,7.5737406721266254,-0.44223638286032457,0.2848652120572225,0.252526994536903,1.0,True,5
-0.55625785966156382,0.8280151736655631,0.070484507122654874,-0.81611651986448353,-0.52833414805866674,-0.23412999380559357,-0.15662381545927287,-0.18776021989417915,0.96964688431215473,13.836048843129356,21.173353828239122,1.4282418676723825,0.2198661932179501,0.2181654834652558,0.9122807017543859,True,4
0.35178681523698369,0.93314378398961462,0.074085862531017593,-0.91259529968406039,0.35950224983853807,-0.19475099834298815,-0.20836471779066046,0.00090042355245678607,0.9780507827395496,-24.727072661626966,0.47179991067575466,-0.68835895480009501,,0.2624035329879637,0.6666666666666666,False,3
-0.84114722627492189,-0.54079758705969461,0.0030518126446310856,0.52585713816735946,-0.81920069947957164,-0.22887656981573162,0.12627594374400972,-0.19091407439629249,0.97345066758874177,-4.6158498716558727,-16.036283622136853,-4.6187081361818327,0.1896653360955061,0.2242241594232119,0.5517241379310345,True,4
-0.97826741575901532,-0.2063231522479235,-0.020582033686183117,0.19935641831692916,-0.90863006789854261,-0.36694470726055756,0.057007734036923066,-0.3630732110155897,0.93001503305205013,5.5038837420575453,-19.932235436692643,-5.868832168845481,,0.4273092695298534,0.1714285714285714,False,3
0.97846690916168844,-0.18855904838107612,-0.083952325454357282,0.19960756573725183,0.96795501860988109,0.15238077847416387,0.052529300166859319,-0.16585706865119296,0.98474976791183488,-5.1664961974262633,-9.0978742821381644,-3.2191489756247127,,0.3030274702436155,0.231404958677686,False,4
0.3897065088116638,0.91922828489144581,0.056108798288285057,-0.89945275979142914,0.39299100664242204,-0.1911617158370302,-0.19777150930658896,0.02402975142831781,0.97995357091695257,23.694833288638879,2.4416405095616618,-3.1100004329536737,0.3036781490587411,0.302280387746815,1.0,True,2
-0.65660139352458269,-0.75312525287198884,-0.040950744902601553,0.73580820014247572,-0.62768374444697128,-0.25416413901280033,0.16571331456664895,-0.19701642176105746,0.96629375809419515,28.207252115298527,21.204372077613087,0.60115882079675098,,0.2969639609469586,0.5185185185185185,False,1
-0.36383148921954317,0.90216227241242974,0.2317970700589865,-0.91193999773280587,-0.29431449189701808,-0.28590981164432006,-0.18971580848042147,-0.31540801209709524,0.92979874054419931,9.3665733199194925,-13.989663660085069,-4.8225920552724562,,0.704080787058917,0.5396825396825397,False,1
0.99844415240944451,-0.010552125166101616,0.054753330253646898,-0.0014715543728462659,0.97660275293562271,0.21504626824544207,-0.05574144819713385,-0.21479226152969721,0.97506777986960713,-13.62749964362999,10.161834093308416,0.54895999507659543,,0.2656181631482273,0.2307692307692308,False,4
-0.3262103270793329,0.94389129693970741,0.05153680304666565,-0.92525240447355328,-0.30765046980369598,-0.22194408405152935,-0.19363576767400631,-0.12008500318957974,0.97369645243589975,-19.446737459756918,2.9444019615864119,-0.39902189844015162,0.1669315287418224,0.1160940998535763,0.8055555555555556,True,3
0.30087810481645522,-0.89739410581265633,-0.32273237348422579,0.92805782520955082,0.35341561763616114,-0.11749925224515242,0.21950179750830612,-0.26416135232761495,0.93916864344326834,-1.2104840180475451,-8.8405501993893125,-3.3047401424287806,,0.4566853177195096,0.2288135593220339,False,3
0.47299347970337113,-0.88106592520192417,6.0051433887375882e-05,0.86371483121695092,0.46366521605701455,-0.19751267745305992,0.17399384613822141,0.093474075908136695,0.98030033083700918,-16.009224432320501,10.585083962802798,0.7776886610889322,0.2246141456860698,0.2186432535268422,0.8703703703703703,True,4
-0.99755138007869304,0.054164488005040007,0.044243105024932471,-0.069523726758019919,-0.83671066748806511,-0.54321423980723571,0.0075957567609498712,-0.54496006014278575,0.83842759814333434,-17.730403357291255,-0.1881694031193431,-0.98326960214477777,,0.27453764109573,0.4285714285714285,False,3
0.63242140565915339,0.77307657082161352,0.048946719101450868,-0.75563464148768089,0.62959025235023236,-0.18064440962663539,-0.17046833796305244,0.077257554920321575,0.98232978981595021,-19.235557805161569,-6.4456161848727032,-2.1691691207420294,0.128415382843423,0.1022652788850181,0.2692307692307692,True,3
0.59021100593615428,0.80296455946339107,0.083059525146698232,-0.79033859800721662,0.59573023070964615,-0.14307478016274824,-0.16436504790197884,0.018799161268363115,0.98622042290949652,18.630488289423763,21.182868544198602,1.1504474390758694,0.2125746203966883,0.2431928733712451,0.4615384615384616,True,3
0.99981689983117517,0.013609472022118384,0.013451731608168677,-0.010850678722894436,0.98224752144386185,-0.18727538382992018,-0.015761649127916479,0.18709513325757723,0.98221534376535746,16.472880346794863,-3.7640122910455207,-3.6921736407135817,,0.2583487105951647,0.7037037037037037,False,3
0.82923285796960122,0.55286218947524535,0.081952832240298881,-0.54598719906826743,0.83265485666243311,-0.092649166915049264,-0.11946064505583801,0.032082536138876544,0.99232044479479631,15.030763169038503,-3.3762101416305614,-3.5433939339996465,0.5587345226343048,0.2302235561305035,0.2962962962962963,True,3
0.63698864533736654,-0.77025486526132192,-0.030869212049063066,0.75559249979759624,0.63179477285882168,-0.17296051352227704,0.15272668385349911,0.086849338106476853,0.98444489561863269,-18.567856169458178,-0.37486327698529398,-0.97100166629142359,,0.137568657815974,0.375,False,1
0.46241640286456348,-0.88557416114875243,-0.043925795012506506,0.86565816305728438,0.46162691727037908,-0.1937434746868493,0.19185154441412508,0.051565437621817228,0.98006836014065113,-21.192152595012153,-4.4821950829413995,-1.6976007239139381,,0.1318649798045415,0.6666666666666666,False,3
-0.30496985852441727,0.950450244523528,0.060313498296519281,-0.93194966355761955,-0.28479258293769599,-0.22441704324430614,-0.19612039666092373,-0.12464957837410817,0.97262493933927097,-22.740327984540734,-1.7660998270007848,-1.185985820058201,0.2865826145708896,0.0909623257129597,0.2333333333333333,True,3
0.77308284990106091,0.63301995213477114,0.04035650366603695,-0.61816160807192255,0.76614360344526755,-0.17578454199910848,-0.1421939995034579,0.11094917349486565,0.98360111193817668,24.292015114627812,10.719510850554236,-1.3430356573841817,0.1103634219879684,0.1656594590292512,0.2941176470588235,True,2
0.68650009500879983,0.72163405944347347,0.089229500749712684,-0.70306961196495699,0.69007380030549914,-0.17173022699388507,-0.18550132151646298,0.055158266679257467,0.98109470762642803,-26.619465900749699,2.0479047223548417,-0.36801223691244112,0.3990029687922277,0.2813569251315795,0.967741935483871,True,3
0.97317206362954545,-0.22156080297712091,-0.062023746703550417,0.22731536647193501,0.96754328412250645,0.11039799597440716,0.03555079094398108,-0.12153519627486001,0.99195026958496724,-10.34976304149434,25.208628369611947,3.2878832247826302,,0.3964524479536909,0.1935483870967742,False,1
0.80977378707371284,0.58483151204124284,0.047312961140160169,-0.57153845487881005,0.8044597615901492,-0.16182795363305461,-0.13270346025269672,0.10400285816203955,0.9856841264477616,9.0426657170272531,23.057683540661593,1.9475066871388227,0.2405721176697302,0.1711224177620423,0.6896551724137931,True,2
-0.9994181073576146,0.02749573698456359,0.020184923418234298,-0.033552866969210525,-0.89895035845360605,-0.4367636181669437,0.0061361065726356703,-0.43718673068130626,0.89934982665941554,13.544408726993957,-11.535225008088204,-4.9312440825505695,,0.2431974553012583,0.2222222222222222,False,1
0.17121615206593979,-0.98471529937354052,-0.031950093136204505,0.96537240543981084,0.17415499317709465,-0.19423222484140032,0.19682771168483154,0.0024119558796272533,0.98043512502447006,-28.867256915140633,5.4726088016531529,0.41188165213764533,,0.1896965172874552,0.36,False,2
0.88604395208163356,-0.42283702881876567,-0.19009198310101869,0.43178218798743817,0.90195590132655945,0.0063003332430589809,0.16879057176376933,-0.087660704548340351,0.98174606888021099,18.621191439231144,25.462979011135861,1.9949851846200377,,0.4114892318975595,0.148936170212766,False,2
-0.97738043031534627,0.21120449562642546,0.010961544771409069,-0.20385306575142881,-0.92702491999505976,-0.31475184716200888,-0.056315379962600116,-0.3098668403287777,0.94911069915175206,-10.376428602737432,21.885799546488844,2.6245666901101767,,0.1873518111515985,0.2592592592592592,False,2
0.6881951662420116,0.72417880203607943,0.044186828837529411,-0.7076354938351137,0.68342084219241284,-0.17941003406093625,-0.16012314331745747,0.092200949770598312,0.98278154430958609,29.027015808694145,1.2497719580783826,-3.8240855652971177,,0.2710588427684714,0.9166666666666666,True,1
-0.77250453648713546,-0.63437897340516247,-0.028285317891221129,0.61885870131313958,-0.7421276925538689,-0.25741094722968466,0.14230477474705328,-0.21635573957277252,0.96588795677247585,-20.652095812828581,4.8796855749619565,-0.034324488110741104,,0.08626606853840942,0.4444444444444444,False,1
0.61466175619227581,0.76121875054896171,0.20672914474573917,-0.76972226072124272,0.63611522350073468,-0.05371278973195534,-0.17239073880230971,-0.12610882698402934,0.97692271799355024,-21.405846964050237,-12.822385562153574,-3.4064405516906202,,0.2982101990270734,0.2083333333333333,False,1
0.36411621784307269,-0.93112605240497381,-0.020582867545280159,0.9118319340337544,0.36089821532650956,-0.19574218311443159,0.18968896641586569,0.052504787466199528,0.98043936238464557,1.6690337033625606,14.497485163293243,0.70791542900039273,,0.5662095395863829,0.4951456310679612,False,1
