axis_00,axis_01,axis_02,axis_10,axis_11,axis_12,axis_20,axis_21,axis_22,location_x,location_y,location_z,dbh,dbh_approximation,score,reconstructed,number_clusters
0.88474577533459298,0.46595928580909768,-0.010337165755868032,-0.46334290599719802,0.87694760441777675,-0.12757840948997945,-0.050381191824533551,0.1176641112412647,0.99177461776158682,0.95089636146371237,6.1839735917408811,-1.8014855106358021,0.3001599082265307,0.2284193392135435,0.9527272727272728,True,5
0.81912413866215084,-0.56869621664483228,-0.074968384235245308,0.56046695875148744,0.82130544371079151,-0.10646199452799042,0.12211647558314022,0.04518828725315388,0.99148655315454404,-8.2933359073248045,-3.3032903524509831,-3.3354849627276382,,0.08346617911282266,0.2222222222222222,False,3
0.86801704278389458,-0.46874271118906025,-0.16378853483632941,0.48713122139310666,0.86780678398084099,0.098053856736437767,0.096174771020067468,-0.16489892778292703,0.98161028775949477,-4.3225378238349688,-6.8350119255215285,-3.9206472710869376,,0.6119235513601408,0.2304832713754647,False,7
0.80427561996796537,0.59421671680712063,-0.0068717241004306092,-0.58941476795405323,0.79619638243033775,-0.13660729088344439,-0.0757030940108534,0.11392020923352586,0.99060144734669908,-7.1006472328337402,4.8378714986942271,-1.9879840997607989,0.3759816245745359,0.259538735734398,0.9452054794520548,True,5
0.87446063085120562,-0.47772209181465997,-0.084262732471346344,0.47368760763561224,0.87836435169615112,-0.064000906570542554,0.10458802734425451,0.016052060977534033,0.99438607988779282,-1.4862407555057882,6.7481518391694868,-1.6571716313944822,,0.2510435757294622,0.2584269662921349,False,7
-0.42734807800110935,0.90407966876581802,0.0036841217471351197,-0.88988283990371342,-0.41991091419667814,-0.17827886970533821,-0.15963129854029517,-0.079465569039678108,0.98397310525417314,7.5485498565625742,-11.656037650811383,-4.6616100116927033,0.1292240794213244,0.137808240273369,0.6585365853658537,True,5
0.98175761393651761,0.18901647672903729,-0.020609682254160808,-0.1901322007478348,0.97519907523859539,-0.11329832254969088,-0.0013167066724337258,0.11515005505309163,0.99334723591743546,9.9064093124535209,-14.633200716003653,-5.1250486980911969,,0.1486340139646676,0.3529411764705883,False,5
-0.75330010732867925,0.65205251796193719,0.085828096321064473,-0.6438076454645939,-0.70444853584844025,-0.29877077498029198,-0.13435275933130592,-0.28032084146649966,0.95045755397049569,-5.7009343759004594,0.50821981098684588,-2.7060827690225455,,0.5809184828252936,0.4488778054862843,False,3
0.95700730089364316,0.28882025326189853,-0.02683071638993012,-0.28966696535200032,0.94676355759048358,-0.14046997971941808,-0.01516823061622454,0.14220276834275633,0.98972132312870242,2.2413211657664269,-18.826609674894431,-5.8035294576695096,0.1405255347258181,0.1706036835557483,0.7878787878787878,True,4
-0.50200032802923378,0.86253935365028511,0.063415566409913735,-0.85148480754428146,-0.48005314259125292,-0.21100379809268821,-0.15155623768033913,-0.15992136721780073,0.97542599059455548,-8.0510000342635113,6.8306762007342936,-1.6850169852532524,,0.121490821585027,0.1851851851851852,False,4
0.57029095065171331,-0.79845848973833511,-0.19295665774868581,0.80648610009334099,0.58886189260020982,-0.053121010904671251,0.15603974481201932,-0.12532243058637807,0.97976828200902877,-7.9933057079808805,-4.3061695555279673,-3.4934934421527153,,0.2569068808889057,0.2916666666666667,False,5
-0.75889729151977003,0.65090368012808286,-0.019982495331559214,-0.63689431846594313,-0.7482631378698229,-0.18565533553067687,-0.13579590579159317,-0.12816659354498253,0.9824117244156424,-7.5665999512435533,-16.312348847602529,-5.4902456440300202,,0.2607235582821331,0.8918918918918919,True,5
0.77309552539588799,0.59925273911864319,0.20789291299046109,-0.61892920690687192,0.78439704037451086,0.040594579556125193,-0.13874417267217559,-0.16005448356891322,0.97730886460678446,2.7935864708590681,14.506673942434864,-0.37399518840298962,,0.2459279793861479,0.3571428571428572,False,4
0.53213565336271951,-0.84458480519336132,-0.059229665343652121,0.83157064760928445,0.53452019957921582,-0.15092519430654353,0.15912857837266153,0.031059025713705994,0.98676918905426325,8.2727866885973373,-15.852211227592024,-5.2999582498018754,0.2047492172099085,0.1266759678361045,0.5306122448979592,True,5
-0.21784910834476448,0.97588124451572722,-0.014055696205675816,-0.96034258814644025,-0.21690377664389407,-0.17519950076929983,-0.17402264043964877,-0.024668771352681057,0.98443261442028696,7.2277770991059018,8.7229617786691698,-1.4555056434862148,0.3183915377620555,0.2603897048482314,0.9066666666666666,True,5
0.96555512858710957,0.26019626347556102,0.0010945923841497972,-0.2588171013294992,0.96085315227780432,-0.098868234621656031,-0.026776887767749613,0.095179431765290576,0.99509993169043587,-1.5831160442411407,-5.0505021327347333,-3.6329185228355421,,0.1472591508493651,0.2300469483568075,False,5
0.99936030177841517,-0.013896312101763226,-0.032952689409612046,0.012554052786729185,0.99909678301984262,-0.040595737683046737,0.033487057021840322,0.040156078859533956,0.99863211762021964,-7.0583040735596203,8.2711376130767089,-1.4197367518945505,,0.3397882951633767,0.4242424242424243,False,5
0.26931041917651694,0.96012436680449742,0.075053969856580194,-0.94489622946105289,0.27849118922005894,-0.17208652787793438,-0.18612633793543162,-0.024573518166128301,0.98221847291307096,-4.1692865621421316,5.761983149319283,-1.8159194225222193,,0.2321137195143488,0.7214285714285714,False,5
0.74624874523627838,0.64921787848004986,0.14706786357033702,-0.65526046307340657,0.75534345158390759,-0.0094866054062391347,-0.11724562152210548,-0.089288389005358015,0.98908091065530279,-6.8213446327656095,0.60064702213556187,-2.677625506692622,,0.5499737751650372,0.189873417721519,False,3
0.74281096122035084,-0.6459295863352057,-0.17608760713840427,0.64900079995973503,0.75930127454911167,-0.047534578148113515,0.16440753493232302,-0.078971792210415864,0.98322612785287222,-7.8608256954627773,5.0858448512369803,-1.9469950082131187,,0.286394793354265,0.2727272727272727,False,5
0.97908584575733504,0.20087113908655826,-0.03227525553288263,-0.20338561870264765,0.97030679053848623,-0.13091608892662485,0.0050196357024725443,0.1347424124653083,0.99086794556108426,6.4301484656226906,-21.724641894496074,-6.2237906111685755,0.296408103268771,0.2207562874493295,0.9506172839506173,True,4
-0.54901527295823249,-0.79718216828161537,-0.25116293642259402,0.82894674071801533,-0.48090194700528943,-0.28562321057557882,0.1069089851770051,-0.36501220245403349,0.92484407385681977,-4.4601063005999766,-12.294669676975413,-4.7546165462144963,,0.5390236292171761,0.2789115646258503,False,5
0.25056594960402012,0.96803427836622513,-0.011240142659976552,-0.95521850190992719,0.24532768578368985,-0.16544467412694974,-0.15739859754136654,0.052191594112463484,0.98615501773099035,8.7316011743614563,2.8432793982485007,-2.3284213679263233,0.3510786962737755,0.3049465976719977,1.0,True,5
0.90190792417748356,0.4275239081714568,0.061525638945607107,-0.43112856176444647,0.89972244510060195,0.068027090288451691,-0.026272790806867018,-0.087879632020150075,0.99578457044644986,-5.1477855098568108,4.1623687696963296,-2.0854191473404189,,0.5198662670335502,0.3670411985018727,False,7
0.97044433616132431,0.24129315796185011,0.003924580640549854,-0.24128441107420989,0.9704510316265389,-0.0025745266667908107,-0.0044298290010101084,0.0015514946935150252,0.99998898467895037,-3.2936635567089758,-1.1852208551990933,-2.9930246530273288,,0.4804445977943623,0.6050955414012739,False,6
-0.25774191231074645,0.95831586062692931,0.12328754158173473,-0.95295812469730423,-0.23106449129725554,-0.19616323160811383,-0.15949896304301642,-0.16804735086400188,0.97278988926478582,-8.0216368399233815,3.6351839024887629,-2.1755613885679819,,0.1656592625563543,0.1333333333333333,False,4
-0.72608509592107529,0.6874221421761455,-0.015850297386618247,-0.67208127991465139,-0.71437471508320094,-0.19487308597669822,-0.14528312589412726,-0.13084175516920055,0.98070038668019111,-4.3033847315473466,-2.90128775283977,-3.2751704847309355,,0.0697361878481838,0.1416666666666667,False,5
0.85471322916615089,-0.51746673150572686,-0.041151885414301911,0.50597643001668613,0.8481954305375391,-0.15669193943151313,0.11598770691733362,0.11310478946543125,0.98678982485838396,0.83428521418841028,-22.766827996169855,-6.431960101413714,0.1655472312455621,0.2214447637867738,1.0,True,4
0.90654782474093187,0.42152115475422469,-0.02215756196312332,-0.41974550882142214,0.89470115504610725,-0.15272049955198103,-0.044550525044380972,0.14774897378265023,0.98802099748155336,-8.9276468115363787,-5.3562096741325504,-3.6665797991332996,0.4175215444011697,0.3352471149595785,0.9790940766550522,True,5
-0.20288219485837786,0.96009028635805327,0.19252391293125071,-0.96183107924932365,-0.1585223837673049,-0.22305073152718835,-0.18362949109424048,-0.23042850493297029,0.95560604545745087,11.87236961120896,-0.4556203196083996,-2.9252742410882262,,0.2390822704526832,0.2444444444444444,False,5
0.37948045604426867,0.92499055033102395,-0.019673974655434578,-0.91354060984507268,0.37124838069881899,-0.16618722571965883,-0.14641768214367371,0.08103777900963019,0.98589793626361744,7.4389102329608727,-6.3368018851440429,-3.8197575785402025,0.260705381596684,0.2006130765371604,0.9108527131782945,True,5
-0.85437513738593018,-0.49144290002015051,-0.16889938021365397,0.51353755103231757,-0.74874230453931234,-0.41912306673921967,0.079512944207228417,-0.44482450181272948,0.89208119265600161,-5.747555826237182,4.3983631265132859,-2.0246931426272212,,0.4522619545264762,0.3366336633663367,False,2
0.91770622600902951,0.39474255128308905,0.044649758686723572,-0.3951123573935959,0.91863261306626642,-0.00058927575858738757,-0.041249336711517155,-0.0171008893792747,0.99900252842687975,4.7255013464125026,7.9517566658432193,-1.5358402141897891,,0.4988998403113458,0.4622641509433962,False,5
0.50032188242291165,-0.76863378531377902,-0.39859768946019397,0.85019909065710375,0.52323472416449102,0.058197333910944976,0.16382771503816845,-0.36800479277139847,0.91527752746511404,-3.7447261237468865,5.5418973016192403,-1.8450223500051606,,0.5094902011715282,0.2086330935251799,False,2
0.37774713408840283,0.92584325422880154,0.011016863756131545,-0.91438836833837711,0.37489179784167076,-0.15280723725831949,-0.14560568167306798,0.047648803868121412,0.98819460479930699,-4.8631841658652526,12.513268107546129,-0.72454973882558227,0.3790219010229594,0.3103391296229167,0.9354838709677419,True,5
-0.033476679808032386,0.99224094087381964,0.11973816084635527,-0.98459685519213602,-0.012171236176264037,-0.17441586440372184,-0.17160519996429702,-0.12373268066189611,0.97736476255358973,2.8442294048583157,-19.843997350024637,-5.9614399937250493,,0.1975715031543748,0.1923076923076923,False,1
0.039410822636215398,-0.97655062366487055,-0.21164986765620508,0.98577340813670955,0.072634248521117648,-0.1515752412246435,0.16339392543688125,-0.20266510642319482,0.96552021199392923,-10.839439058722244,-3.0896934008137169,-3.2799120627067819,,0.4402245682844346,0.2692307692307692,False,4
0.032056986778125102,-0.99355320708112904,-0.1087399388334917,0.98455618543268186,0.050125051906101441,-0.16773967001773299,0.17210888217914386,-0.10168335099816017,0.97981581371441007,5.5949027470197921,-11.318722625348153,-4.6077134520498495,,0.08992270594373755,0.3265306122448979,False,5
0.98872838508195804,0.14620143433824354,0.032269507753667374,-0.14957856057961796,0.95519822108710439,0.25538718183761938,0.0065141958946021584,-0.25733538238934806,0.96630019467160166,-9.805695869140866,-11.900373570592039,-4.7914706927083639,,0.2732592359473783,0.1666666666666667,False,1
-0.99783497888725969,0.056015179259467494,-0.034462365002887525,-0.047270703754168773,-0.97517048141543372,-0.21635159519304931,-0.045725654458390587,-0.21425412917496167,0.97570709367915887,-11.766139125097084,-14.559385451062555,-5.2874658488253523,,0.1945814237604713,0.9152542372881356,False,3
-0.95036141270129126,0.29952169139358092,0.084261151387429789,-0.30721869821711917,-0.86039369404615662,-0.40661943228452357,-0.049293576804544978,-0.4123220193372385,0.90970363067071314,2.4637629246757533,-14.102125391682254,-5.0755854420594346,,0.4198153677463893,0.2362637362637363,False,3
0.99879442672356689,-0.036876712499467078,-0.032400636122976896,0.035002986436323137,0.99778266669402926,-0.056608665286247875,0.034416334588106251,0.055406300365423378,0.99787056164280963,3.369468532370834,-25.926367710090652,-6.8895059535105592,,0.1461338831026048,0.1818181818181818,False,3
0.99854709023532084,0.046189553083168397,-0.027753085748307357,-0.049658549410922792,0.98874534287894222,-0.14112645182816513,0.020922166546002551,0.14229958580818725,0.98960249131954059,-4.9658474387296945,-2.2800021693692898,-3.1754835578533274,0.2228675752026773,0.1855714303490711,0.9070904645476773,True,5
0.58195980796957691,0.81314805406292068,0.010631278460229342,-0.80449193018732823,0.57757627051508154,-0.13855824046716389,-0.11880873777412312,0.072082549286044253,0.99029722301789014,8.6804192458722653,7.7634147303922107,-1.5985450504371137,0.3355767981078557,0.2598233198630914,0.9923664122137404,True,5
0.91111000001392095,-0.41146784060205854,-0.023932906737649445,0.41071032950413144,0.91123763254026313,-0.031032278050843201,0.034577349713965672,0.018444326843124116,0.99923181179046894,-8.0590314592426946,-5.371907618992247,-3.6603798086999344,,0.2236720098447822,0.4848484848484849,False,5
0.85195870826211761,0.5235363929641581,0.0087180650618413208,-0.52145863343093102,0.84984970706962037,-0.076396132192840971,-0.047405200523672711,0.060540239805925017,0.99703943067842171,-8.7281435431608418,5.4884889169595299,-1.8703284934028648,,0.2010047032348045,0.25,False,5
0.99552332166210866,-0.082317098541339853,-0.046445788986486138,0.082084706487428799,0.99660152554520887,-0.0068920419205989458,0.046855277053011901,0.0030486995092964134,0.99889703595695378,1.9836906195315318,15.05708707079663,-0.269712492495087,,0.1551030085719364,0.1904761904761905,False,1
-0.35521622605753272,0.88413749950632303,0.30351658062147341,-0.91944160290212729,-0.27187084636953879,-0.28410100624087575,-0.16866704360428972,-0.37998305865001147,0.90948573575442693,-10.043755762813277,-4.6254802298065192,-3.5519890822952584,,0.186178807003068,0.25,False,2
0.85278914175321263,0.5222553741284065,-6.2464530767326713e-05,-0.51859306638201419,0.84679481928948197,-0.11832060482009626,-0.061740677096375582,0.10093492070880164,0.99297544308668029,11.449579874089453,12.716438417007357,-0.83128305191742524,0.1559058029954943,0.1578795406190407,0.3265306122448979,True,3
-0.88922791501350473,0.45746335771524388,0.00099574526381693024,-0.44501136961405041,-0.86451493569902982,-0.23362107539246002,-0.10601224492935953,-0.20818549973808786,0.97232720913478521,-13.367785925965959,-4.7384581923946785,-3.6130780602798831,,0.117821355540336,0.1739130434782609,False,2
-0.27329810909168828,0.96187435170979352,0.010289562175952604,-0.9469599008665589,-0.26714990000486821,-0.17859976785591519,-0.16904168041552839,-0.058554781617336488,0.98386800325655532,1.1344167222291337,13.104197298010551,-0.59555804762354225,0.3198491901271985,0.2521412546979852,0.8771929824561403,True,5
0.11355046061098488,0.99352038323378711,-0.0048519062254390221,-0.97961902180203519,0.11114458114756973,-0.16731244486036789,-0.16568906125226099,0.023751424810284565,0.98589198434758796,-4.2137959694767213,-8.5085755263343632,-4.1853361050580764,,0.1393986719094156,0.7730061349693251,True,5
-0.16459003463045979,0.98543037175753379,0.042861438591742407,-0.95606333075813288,-0.14869596570602378,-0.25265078144034803,-0.24259643047664492,-0.082562050607786028,0.96660771759769659,-1.6202068492890511,-17.02039695224709,-5.5355292772550868,,0.2826965354684697,0.9411764705882353,False,3
0.62060235180589818,0.78409525289231841,-0.0068815205236908887,-0.77567995355949459,0.61260987440301429,-0.15175556474100596,-0.1147751304896957,0.099517717898135863,0.98839409814376111,-3.2985131704985355,0.32242063652094516,-2.7537866920722163,,0.2732770585580154,0.9842857142857143,False,5
-0.44949957197251317,0.89318828620335411,-0.012838231406393679,-0.87754781704710416,-0.44422270695512356,-0.18048826948399055,-0.16691304200807902,-0.069863237933686984,0.98349334740659611,4.0977768273747115,-4.8731561199045217,-3.5787220280131935,0.4207174382066069,0.3691080524454043,1.0,True,5
0.44800290206196253,-0.89172340651167081,-0.064208769052845865,0.87833536439279036,0.45239953968596019,-0.15447214683856911,0.16679444655336945,0.012807137508176719,0.98590850986681433,-20.633628900874562,-6.9018587268107838,-4.1180589583478691,,0.4214060009956723,0.9791666666666666,True,1
0.99916287585319274,-0.027848108889870576,-0.029967154486785028,0.027493936660605761,0.99954792634290945,-0.012166609654788108,0.030292424196150691,0.011332509644702985,0.99947683477981275,6.3017402928766364,-2.6855743467631887,-3.2626292570913855,,0.3318177232380844,0.4693251533742331,False,6
0.1952491612352627,0.9807534805199426,-0.00061276826244039545,-0.96743332160942597,0.19249467437864984,-0.16437325991659574,-0.16109169214046254,0.03268655356373068,0.9863980210541009,3.007561775465676,0.91315073382682577,-2.6154922279852335,,0.3077533091428432,0.9426086956521739,False,5
-0.46760011741774909,0.86339244951317173,0.18948247495362711,-0.87039776827661608,-0.41235424898094575,-0.2690198846301991,-0.15413583350406471,-0.29071885296795741,0.94431175644434395,12.51410714169258,3.6066946321522764,-2.2662900614906905,,0.2626798095302894,0.2153846153846154,False,5
0.95773505858172259,0.2803930204799801,0.064213017602184799,-0.28762922508631744,0.93069710875130718,0.22599185967242805,0.0036036703108897443,-0.23490986745573561,0.97201047717204125,4.9310347273674164,9.7893095165606887,-1.2183211069810524,,0.3124762923340893,0.1538461538461539,False,6
0.53365599591883128,-0.83937941561240326,-0.10321567064192082,0.83018381377436645,0.54322046493891596,-0.12532502471013851,0.16126411059789222,-0.018807528219547617,0.98673206267727132,-7.2527544367331931,4.1522453268877051,-2.1329202303366563,,0.5344427135664027,0.4105263157894737,False,1
0.9619633696168266,-0.25949771586751852,-0.085366333967094893,0.26063460552895318,0.96543487697425034,0.0022584779124027732,0.081829566271659257,-0.024421993801786814,0.9963470722105513,4.4811148519181501,-10.98784553679079,-4.5662421076426716,,0.2547710664237283,0.3188405797101449,False,5
0.67325816572263397,0.73937599308893143,-0.0068251836276932779,-0.73156011901322182,0.66474320688533961,-0.15144722238838138,-0.10743944600171552,0.1069561112959518,0.98844178164386232,-10.27637426656888,2.4428491124462903,-2.3959525837452755,,0.2022826429645428,0.5625,True,5
-0.95300975953572964,-0.29075657753296263,-0.085047109597975415,0.30164753630430102,-0.88488124274872848,-0.35495626501445465,0.027949276756242269,-0.36393103584715725,0.93100646564673173,-10.228837565182557,-7.1336024027144429,-3.9482412084639709,,0.3690139467595812,0.5294117647058824,False,6
0.80466668175205691,-0.5401727429677905,-0.24642430690333644,0.57741889161610327,0.8085860538893529,0.11303104467569025,0.1381989684584049,-0.23324236581354688,0.96254820341982616,8.9615450204674296,-5.0682185242440942,-3.6219700026691739,,0.214753989778938,0.375,False,5
0.90185202345101056,-0.41812161015335109,-0.10879911268060426,0.42078643650910275,0.90715814148243534,0.0016974074656226634,0.097988278111662566,-0.047312001277716509,0.9940623078498696,-7.9248992421713282,6.6659346743771257,-1.7102581734071891,,0.2294200664873862,0.1363636363636364,False,2
-0.70665564114265045,0.70750701376947578,0.0084634690445977104,-0.69549084840765574,-0.69235487877302937,-0.192190534679477,-0.13011642718146388,-0.1416987907717738,0.98132113401849663,17.889529818055571,0.39579555777007591,-2.8009321184125118,0.2164821654281854,0.1651784135457785,0.4444444444444444,True,5
0.68364880835555508,0.72370959829063175,0.094173903901467515,-0.72265934285808342,0.6893104492166815,-0.051132952003777446,-0.10192046415687708,-0.033098669802730601,0.99424176991481172,-5.4198966456439708,-0.95473195950220868,-2.9385939425804408,,0.1837951437311143,0.103448275862069,False,6
-0.17721590208462493,0.98413567262505508,-0.0084558805078683557,-0.96893012586092286,-0.17597117415888563,-0.17380609041192824,-0.17253676491539088,-0.022608045735397955,0.98474359151027624,-8.4578285315082411,-12.648918872957212,-4.8736348387401565,,0.214292629948062,0.84375,True,5
0.86858885676399666,0.49531091886979473,-0.014848958002955315,-0.4936790721827512,0.86235987957800309,-0.11232280170557589,-0.042829564487531148,0.10489295373175483,0.99356081679142161,10.641421006869393,-4.3946499838196784,-3.5512936892365392,0.2864222794985517,0.1900247421571451,0.4787234042553192,True,7
0.70955554375093366,0.70443602625976687,-0.017344026051173526,-0.6977986310453248,0.69902019607561794,-0.15635803781601171,-0.098020410341853811,0.12304735017769272,0.98754815010239405,8.3576313336612209,6.7086685086915816,-1.7961726847418173,0.2551957587713339,0.2179146289649249,0.9739130434782609,True,5
0.86024588471765284,0.50900837171887603,-0.029790860115845717,-0.5080836871592751,0.8508524990798999,-0.13379458752926188,-0.042754937363761174,0.13023249337084833,0.9905612111330796,-10.291891121576228,-19.014218350808047,-5.9466765709454537,,0.2082765711916383,0.926829268292683,True,3
0.94499930749977124,-0.31854373190610574,-0.074203771388546988,0.31565919322440739,0.94765163899696081,-0.048121147526733299,0.085648015492882243,0.02205134847814014,0.99608140002332446,22.256533656372145,-0.80482289566760445,-2.9446421738108439,,0.1969937717159601,0.5,False,1
0.26127839947385029,-0.96384112194152982,-0.052382149849706329,0.94932584876294024,0.26640641058519632,-0.16675748040083749,0.17468265752188192,-0.0061576012866771937,0.98460553172704057,15.504041914276755,4.0692238869644868,-2.2059356413986446,,0.1167392868822931,0.2432432432432433,False,3
-0.67750623324848136,0.73544976091447856,-0.009947516287481516,-0.72062311761503772,-0.66643421949125803,-0.19122696841674752,-0.14726719345542189,-0.12238905286794571,0.98149543731484024,6.3031605969346538,14.666283081419767,-0.38510222801362859,0.2507717196762928,0.2505292163977314,0.863013698630137,True,5
0.40499035686635854,0.91431643578747723,-0.0028750815889991626,-0.90326740558323593,0.39960483261067747,-0.15628170643143757,-0.1417420363060628,0.065889551547086742,0.98770833860038576,1.160709000602296,-16.316697336802932,-5.4194284172842986,,0.2978347432307178,0.9785714285714285,True,5
0.27200898219625819,0.96225706604785455,0.0085119002303762174,-0.94998068960671267,0.26992824916498848,-0.15708414839530982,-0.15345293408374902,0.034642158473457842,0.98754853950445876,14.728588574259927,1.1344383186322042,-2.6986228887451085,0.1563824690703778,0.1652321509988858,0.7313432835820896,True,5
0.056721149920933765,0.95520476421564693,0.29045923908764937,-0.98293616514450799,0.1044172879068274,-0.15143818949389831,-0.17498344608177679,-0.27691314234956793,0.94482797650759309,-2.3467004282542345,2.1013983563834433,-2.4504741924900975,,0.4252691824833216,0.5350877192982456,False,2
0.8367630250973408,0.53201795046609901,0.12955516281414259,-0.54177519594097823,0.8387242801447663,0.054965616150089158,-0.079418366220052924,-0.11618296896488531,0.99004759523441244,6.0537284148184316,9.5234859451574785,-1.2950745611453993,,0.1839636840201316,0.2413793103448276,False,2
0.72228484812809723,0.69156059672922876,-0.0069670091204333835,-0.68458454399674595,0.71349552431964069,-0.14922512823451567,-0.098227288903534035,0.11255255584549606,0.98877870218128572,8.5952726587650599,-3.2460725637729118,-3.3408560407578447,0.4956844964594468,0.1446206187229565,0.2962962962962963,True,5
0.45477959164271337,0.89014267368503586,0.028662580312025555,-0.87996137366121607,0.45407275868754593,-0.13959194347148979,-0.13727164269998704,0.03826160350453188,0.98979419366235388,9.6817768288370889,11.354362406321355,-1.0249659235796107,,0.08436790300969745,0.5769230769230769,False,3
-0.69523878722753996,-0.64113939889274862,-0.3249358397004305,0.71261164064834703,-0.55572893015139213,-0.42819388809890735,0.093955725460717857,-0.52925006129450169,0.84324770635496904,-2.2394630667633391,2.5406285718142119,-2.3826234393664696,,0.3902224997396142,0.2977528089887641,False,2
0.53718638370779048,0.84342984944676935,-0.0075417651214978853,-0.83389675245095174,0.52972934526942739,-0.15492910318006992,-0.12667673587010239,0.08951485811095776,0.9878968037030349,-4.9517488293705121,-5.5977858307826729,-3.7456636709901323,,0.2835930383594202,0.995085995085995,True,5
0.15646646590556784,0.98743434286221543,0.022173488297651485,-0.97394397796507026,0.1579825814274459,-0.16271026934737368,-0.16416873281047228,0.0038629654133499553,0.98642470805714233,8.7083321105440099,5.363495036675066,-2.0048555977659843,0.3097684962141362,0.2732384003634792,0.8959537572254336,True,5
-0.044067869652098489,0.96816082313246488,0.24641964900509455,-0.98158337175449417,0.0039335654830418287,-0.19099374690724658,-0.18588197104454321,-0.25029811748005398,0.95015722131999658,-2.1462427510355218,10.77605291756262,-0.9718299050841902,,0.1967570685732794,0.4137931034482759,False,5
0.54366845507352657,0.83929997424049463,-0.00040521336371823497,-0.83014567560314856,0.53766738982324724,-0.14755316058305554,-0.12362349386487022,0.080556384976993009,0.98905404331820079,-0.88671598953032682,-10.093000569890949,-4.4068242432650502,0.2713134105871107,0.2359760454667029,0.9295774647887324,True,5
-0.22395943142619862,0.97418407117361505,0.028417750559376845,-0.95472078598726806,-0.21343932725497083,-0.2072483398843003,-0.19583256593096776,-0.073546237514549889,0.97787553250316417,-8.705804345370499,-9.80282396541695,-4.4077928841373506,,0.1160184288653215,0.3421052631578947,False,3
-0.63400924648938473,0.77261199708628214,0.033211102425376955,-0.75692849736787415,-0.61119694504181576,-0.23129536148388935,-0.15840304680900008,-0.17178182770566175,0.97231655258548766,0.48100931129107144,9.1711850862541979,-1.2404220870142622,0.1826022923124482,0.3177865275704368,0.3448275862068966,True,5
-0.99768395078285699,0.061710670759005215,-0.028609918992969413,-0.05352059181256498,-0.97178110730752343,-0.22973250908871659,-0.041979525989980303,-0.227669217494676,0.97283320605488144,-2.5584046771230011,-25.511510427323824,-6.9048420490823048,,0.158336231004828,0.3529411764705883,False,1
0.91490296666231397,0.40364649047059092,-0.0046981191204943998,-0.40116729613481961,0.90786551815432937,-0.12184006507814629,-0.044915054317823805,0.11335656874281357,0.99253862706621188,-14.805356910521285,1.7042584693309246,-2.5659501792163719,,0.2620129095818736,1.0,True,5
0.88694451714534084,0.46171049969281208,0.012362765840703723,-0.45913800136414568,0.8842809880606588,-0.085084839177158228,-0.050216722405548343,0.069789316000939947,0.99629701001406457,12.236334505190845,-0.67888490953064506,-2.9714583338157143,0.2721640966230194,0.1334249494797843,0.5555555555555556,True,6
0.64893493736627361,-0.75976682199587331,-0.040470029153935293,0.74581697215905252,0.64573699330292611,-0.16364834102305603,0.1504675749287282,0.076013891325114893,0.98568828603198888,4.4454528455938132,17.00710411076555,0.030406065938641778,0.3990591104253853,0.3427435612050723,1.0,True,5
-0.82745333230567208,-0.53147244904957514,-0.181267809490504,0.55854852829881996,-0.74574509571852121,-0.36316359088845296,0.057831863115941462,-0.40174779167161612,0.91392241875091251,11.637054133680493,-2.5444728848257108,-3.2288344126452748,,0.3095644654822994,0.2678571428571428,False,3
0.24142562938989859,0.97038871201686083,0.0077079870231754194,-0.95755064005541113,0.23950583710530954,-0.16041734856915263,-0.15751329214756229,0.031348071435785996,0.98701917975999509,5.5552706974357244,6.3030431302423207,-1.823922831410784,0.2832899786007589,0.2306580127034755,0.9725274725274725,True,5
0.73204233445452449,0.68122299456773794,0.0070179939108672021,-0.67448309007777163,0.72617203889234239,-0.1332168575296595,-0.095846657560446885,0.092786861155559078,0.99106206497443361,16.717063475353914,-6.1598085447028215,-3.8115534933149626,0.3035288365576317,0.2770897590540021,0.9558823529411765,True,2
0.85460422372565992,0.51750253000426472,0.042927290031472318,-0.51697464062413268,0.85567900536657049,-0.023466161305675332,-0.048875778682387697,-0.0021380397705306293,0.99880257661067773,14.178083077712138,3.1367989671934184,-2.3880049064529927,,0.1672182175127944,0.2285714285714286,False,4
0.90117957461187548,0.43337311543386842,-0.0079446284686430918,-0.43119459894413348,0.89448252051377997,-0.11820422300715819,-0.044120201084874459,0.10994891229321463,0.99295752403704174,-5.5693154960961859,-22.785757269798861,-6.4962238872784175,,0.275681764986567,0.7380952380952381,True,4
0.11029049147101203,0.99035111258502528,0.083908767674690105,-0.97992481206061444,0.12245893294493534,-0.15732505347196679,-0.1660824198976279,-0.064872825925732014,0.98397568377341404,13.407003211193082,10.651312240917592,-1.1963732028046539,,0.1122324979355632,0.3214285714285715,False,1
0.72837488214480894,0.68429600145768221,0.034770870704711958,-0.67856389287346952,0.72744804683342346,-0.10183507473675273,-0.094979336431344319,0.050579853175600598,0.99419344400564047,6.230127247864921,20.438718302921686,0.59331301600903708,0.1769474116774777,0.142524000467917,0.1176470588235294,True,3
-0.58745808049639714,0.80493754373645254,0.08347786738420461,-0.78531346071921748,-0.54213198865651646,-0.29895764798468738,-0.19538621259621744,-0.24118137896375172,0.95060810556635211,-8.766794952839895,19.361540355938509,0.33279009457193393,,0.282643770363065,0.1515151515151515,False,3
-0.8134699319698655,-0.56560157112841114,-0.13550473245615985,0.57755098696771567,-0.75809978406891143,-0.30285239779022288,0.06856768359482629,-0.32462221139617453,0.94335512540861166,-13.693719832152086,-1.810070326379293,-3.1169321457391561,,0.3600953366163897,0.3875,False,3
0.074639138160562654,0.99714822927685742,0.011153829148596816,-0.98291997938390407,0.075451698881694451,-0.1678551615644028,-0.16821805248722291,0.0015652430781786563,0.98574856674078515,7.7790263145024401,-7.6675753862749652,-4.0558882962467946,0.2820745187345778,0.1310111241791571,0.4814814814814815,True,4
-0.99744301372006106,0.071169888465476075,0.0065024116182763872,-0.068359704031864824,-0.92359281557250195,-0.37723104576311572,-0.020841910798140604,-0.37671097408845122,0.92609635392631384,13.106079204924203,7.581257863209788,-1.679721717800535,,0.2416596360620372,0.375,False,5
0.667975425333448,0.74113972006557882,0.067236496723981853,-0.73664323459457937,0.67133201081201999,-0.081670534375161197,-0.10566728953007977,0.0050245995068963715,0.99438884613774758,12.314932699750456,1.7710766949655241,-2.5730440428143257,,0.2624496529881655,0.3617021276595745,False,1
0.20915025537127285,0.97778812043765673,0.013658777731752834,-0.96577061511854112,0.20873104089584951,-0.15400802427175464,-0.15343822747830982,0.019019571433900255,0.98797518503795678,-0.55622269677252145,19.370606829316134,0.37680055059235179,0.2724176980315103,0.2473401326534336,0.8653846153846154,True,4
-0.039099976494638741,-0.99481605971682652,-0.093873314459470308,0.98236503359992222,-0.021079847957843741,-0.1857810021780982,0.1828390893609543,-0.099481894531427653,0.9780967334891244,18.881647390498379,1.9185602073689696,-2.5482682399628045,,0.1860182022868919,0.2857142857142857,False,4
0.153936501489152,0.97534054012826099,0.15815936359126434,-0.97460806411335421,0.17622261857124399,-0.13814742150729917,-0.16261203791386963,-0.13287746041450135,0.9777018490517918,10.82702735579212,4.247787084074651,-2.1531070572977615,,0.2555164215600801,0.5,False,5
0.81789459986194313,0.57533362788776543,-0.0062960414684168405,-0.5700756956020121,0.80884210677270696,-0.14418095434338318,-0.077859648089056405,0.12151404418004147,0.98953130939170242,17.374354025966021,-10.445294465805958,-4.4152893337600521,0.2000430246687978,0.2335245981783707,0.7090909090909091,True,4
0.78823983704983047,0.61534716965490155,0.0050813468055182489,-0.60945395947268244,0.78177966460821802,-0.13185760231450858,-0.085110695983090595,0.10083856803209261,0.99125564443614167,25.868876739861026,-3.1987109916921814,-3.1655460816578187,0.2163470280923013,0.2420835586862109,0.8461538461538461,True,4
-0.13920869507234773,-0.97202773261621744,-0.18916401941497601,0.97894536603420734,-0.10628550396431694,-0.1742680750085987,0.1492880086825645,-0.20944087154141278,0.96635791081336309,11.569409008565763,5.8399270695201499,-1.932919739188079,,0.4102157317110993,0.2222222222222222,False,6
-0.056452951758402752,0.98523662762102104,0.16162255978582135,-0.98329575992796603,-0.026808858006450415,-0.18002981319790914,-0.17303904977041323,-0.16908599210563818,0.97029243763321438,24.872619403364336,-0.21575577044494682,-2.7696053618884977,,0.249947642849888,0.1,False,2
0.83079511660641803,0.55589524675936464,0.027567169845191017,-0.55235752064155286,0.8295710410304773,-0.081933248894002983,-0.068415229398467337,0.052842809482041557,0.99625649000264982,-13.966867580512794,14.458839415574364,-0.5042536192598609,,0.2315017564737369,0.3793103448275862,False,1
-0.061649112920314948,0.99809788435263758,-1.1266220954342723e-05,-0.98311823244414143,-0.060725819011335752,-0.17260045174132679,-0.17227282987182235,-0.010629588712267489,0.98499192074441033,-19.180103133761893,-0.948081321316943,-3.0939753789113809,,0.2189426615779026,0.6818181818181818,False,1
-0.036950544643227445,-0.97094476916860295,-0.23643373802124165,0.98345431156637608,0.0066567841039970495,-0.18103398655196645,0.17734789063327944,-0.23921108345877515,0.95463384773346727,10.437088475969345,10.202762906339075,-1.2437812743539147,,0.3573631894286078,0.1666666666666667,False,3
-0.061482228613294033,-0.88367515407504083,-0.46404542626255468,0.98380715678455866,0.024767445502973891,-0.17751070926211954,0.16835502316303527,-0.46744496543840397,0.86784318310514141,-12.245786011478081,-6.4228265853913786,-3.8810851705244453,,0.5171840046807404,0.28,False,1
0.30765670643291587,0.95129615136896406,0.019569961099806663,-0.9391878363852727,0.30690995386923703,-0.15405352382186194,-0.15255674017492871,0.02901573032994742,0.98786867974474168,9.3877461484790654,14.629941612255855,-0.45583771901113934,,0.1105305010811872,0.2068965517241379,False,1
0.34274284669834804,0.93941340735937906,0.0054581233545924696,-0.92738443607069798,0.33927007976045892,-0.15765126296089479,-0.14995148805845868,0.048972064003603842,0.98747976595790599,16.031012972747785,-11.806529059049447,-4.6598101689318092,0.3038096461274422,0.2643176440584694,0.7402597402597403,True,3
-0.85857959247674109,-0.50167574196648435,-0.10565289066017176,0.50619137330040931,-0.79683282205696448,-0.32989050803104264,0.08131037436095323,-0.33671783976366804,0.93808833241127676,-1.6074817317106664,7.7209244475281622,-1.4817569878852526,,0.5126654504611126,0.5081967213114754,False,4
-0.067827132204218613,0.99748343465809308,0.020646494124840341,-0.98284850433427806,-0.063246361959388875,-0.17323023762258138,-0.17148847676979789,-0.032042086099340804,0.98466492120597993,15.435898227694354,7.3758984199452593,-1.7281461076348923,0.2212983736279897,0.1841803233781304,0.6274509803921569,True,3
-0.26743557799108381,0.96353513432090421,0.0088462734397405738,-0.9478381119303505,-0.26140411363123561,-0.18240285893860139,-0.1734391109204674,-0.057165849122214354,0.9831840827114996,-8.6088739470285294,14.982226670569093,-0.3824258211405388,,0.2890159206381582,0.7647058823529411,True,3
-0.99921056598268165,-0.022173544725359692,-0.0329632938718483,0.02832466775814016,-0.97943533572511987,-0.19976019705990641,-0.02785602313612499,-0.2005361739121751,0.97929019444070098,-12.825607697042162,-10.163216168891108,-4.4806596029274068,,0.1284235574256312,0.4210526315789473,False,1
0.68341300974261232,0.7275925381685846,0.059630164480240201,-0.72276382045191445,0.68584540871704802,-0.085020792677424045,-0.10275756887108713,0.015005790320466528,0.99459323760850193,-8.8989289638757292,20.97801695972689,0.61903301555576651,,0.09213976004568997,0.1818181818181818,False,1
0.99422801212486844,-0.095643584257364966,-0.048610335286196606,0.089992529961405818,0.99012325891745245,-0.1075047752512811,0.058412365620453995,0.10250969193733496,0.9930154875939925,-11.835595030951872,11.153375506123055,-1.0358744602420233,,0.221420677843281,0.3684210526315789,False,2
0.74187498513366601,-0.64464518361114453,-0.18453751293402931,0.65388272366288824,0.75646922412473783,-0.013845455836499293,0.14852235565101399,-0.11039429423240681,0.98272794285743359,-2.8050361519021942,-19.066018331163345,-5.867042976922896,,0.3219864613561233,0.3103448275862069,False,2
0.59323898918368323,0.80502424771769643,-0.0018607253634341757,-0.79626653805740122,0.58644206468738336,-0.14847661477579399,-0.11843606748960528,0.089563750210424481,0.98891416845236968,12.069114511805591,17.114844527310087,-0.11506817690369918,0.2789000434880997,0.2732976410154252,0.9583333333333334,True,2
0.97047189622317798,-0.22521902300931942,-0.086375287644773188,0.23031062997371429,0.97160344420294187,0.054256436798706953,0.071702945281909708,-0.072547494013982611,0.99478417194394042,-5.1541340298249416,1.0161533536924758,-2.6042788472102503,,0.5525165546109789,0.494199535962877,False,1
0.71809634734251193,0.69301400799756263,0.063790443269333794,-0.68931463129099413,0.72088326695733607,-0.071921168713256933,-0.095827840534496986,0.0076746426675043736,0.99536833626473331,11.870715663650474,7.8876066115975991,-1.6329856513651435,,0.08067428217520797,0.225,False,1
0.46936033108277803,0.83346174107699733,0.29162031096404595,-0.87251586622547073,0.48851859421193605,0.0081022400613502688,-0.13570903724764646,-0.25824621830744304,0.95649984210099215,6.4061956160306002,10.400521139065583,-1.1478330856762189,,0.1657424996010802,0.3636363636363636,False,1
0.27028818687376172,0.95640729582133477,0.11058652963275835,-0.95011055259894939,0.28353837899075479,-0.12998432782229699,-0.15567348482196228,-0.069936200490286857,0.98532973870901175,12.24901464456295,5.1015961588698779,-2.0399610975964966,,0.2267631157940225,0.1724137931034483,False,1
0.47897725517912376,0.87781738538513032,0.0041745582622566418,-0.86745932499515699,0.47404346053550783,-0.15098714184481293,-0.13451806012583481,0.068698147275839436,0.98852691215811017,12.793967460686551,16.218891220394198,-0.28356061836667645,,0.1818618750555146,0.696969696969697,False,1
-0.98781157981442913,0.15562865519028413,0.0028292168857839469,-0.14466820996912019,-0.91123219859549132,-0.38565138307434943,-0.057440332596997677,-0.38136019971477331,0.92264023663866723,-10.297646395427874,-2.1177828788624664,-3.1454815233033786,,0.2547239208826773,0.2571428571428571,False,1
