axis_00,axis_01,axis_02,axis_10,axis_11,axis_12,axis_20,axis_21,axis_22,location_x,location_y,location_z,dbh,dbh_approximation,score,reconstructed,number_clusters
0.97887840249570979,0.20377003241771707,0.01657851066682129,-0.20435954432251818,0.97757612819877748,0.050814271815898815,-0.0058523304537649173,-0.053128970104547438,0.99857050966062977,-2.2858110033315815,-16.567834023116351,-4.518598018939203,,0.3000917437332747,0.5454545454545454,False,4
0.56012349664416639,0.82840831249889435,-0.0011559800377026045,-0.82273294432071975,0.5561219735375138,-0.11763865384346096,-0.096809972815165887,0.066843236991307078,0.99305579442046055,1.7904148996109217,-1.2494989228657816,-2.8475272542780612,,0.2514873381831481,0.8680672268907563,False,4
0.63034151670437188,0.77610841563162958,0.018036061227279444,-0.76881108043212121,0.62730081870153775,-0.1241901987323297,-0.10769909434914908,0.064415914509869499,0.99209449904443603,11.679438948978298,-17.531048019927447,-5.0217566014948725,,0.3506428073323498,1.0,True,5
0.80407213492428808,0.59452531884154969,-0.0027653380715003651,-0.59091808038269489,0.79866414465023328,-0.11380424564549754,-0.065450929062367991,0.093140911024443579,0.99349934402515239,12.102151104066358,1.557628163261954,-2.947431390903906,0.1071276729927575,0.1191531044739517,0.625,True,5
0.93832460293315811,0.34566051667520731,0.0081084364806038971,-0.34500873847269226,0.93758080731867899,-0.043717274905186884,-0.02271365025293582,0.038223513175570122,0.99901103754298159,-3.6254826933087458,-2.5793602448652186,-2.8140501138701159,,0.1863170188761463,0.2145328719723184,False,5
-0.30118374432642553,-0.93981681186489263,-0.161346559584094,0.94525646317911605,-0.27196519606129099,-0.18034730646575275,0.12561278187996161,-0.20683155529911992,0.97027941169589116,-4.0895260520037588,-16.843473918751748,-4.4952689986325263,,0.30222528232553,0.1690140845070423,False,3
-0.066763774768766507,0.99776154700615294,-0.0038070585121523673,-0.98839593728290764,-0.066657889146807509,-0.13649247956255753,-0.13644071804732152,-0.0053498719967353453,0.99063379173554889,6.6367765376315662,8.4675582242160754,-1.8393945710407238,,0.105626296998285,0.3714285714285714,False,5
0.60307998374176874,0.76064658748750313,0.24023176757798873,-0.78815673019506338,0.6146136572158476,0.032542603030291883,-0.12289630530758305,-0.20896607692967112,0.97016992162938576,-8.9440796728946204,3.2845076127839028,-1.7418934140675464,,0.5881761233833886,0.3820224719101123,False,4
0.85750072550027312,0.51448013891133826,-0.0016408632712580629,-0.51254213631123313,0.85398515176278456,-0.089498151233477,-0.044643748409179923,0.077585741180084961,0.99598563669036622,8.3353901393645415,-14.153717153335117,-4.5650502223933804,0.3124024618107445,0.1919315687268467,0.8666666666666667,True,4
-0.64886339234794776,0.73830049803856557,0.18408876301045626,-0.75166421647950121,-0.58435110942248925,-0.30583441039386677,-0.11822522461374903,-0.33681768883583374,0.9341181085667466,11.552475512481765,-23.445881623169221,-5.72134544673,,0.2816130997567627,0.3,False,1
0.465406158552788,0.88237423498675316,0.069374469458734045,-0.87824725783850921,0.47011617590420618,-0.08759300915224949,-0.10990387472822695,-0.020161611660506906,0.99373771576557079,8.3823784819656986,0.077008017673230234,-2.9610162808408482,0.1272284362458841,0.1163859988523045,0.4036697247706422,True,4
0.93558382407855978,-0.35134839928846734,-0.03517400233083972,0.34595042340705556,0.93201929933783068,-0.10797374776443529,0.070719252449507539,0.088850030834269511,0.99353130768674414,11.452215511356147,-12.549643305886175,-4.4674681325168208,,0.2056884701037343,0.6410256410256411,False,1
0.026074951095602712,0.99937567954850814,0.023840051432847776,-0.99082933326336853,0.029000116431390242,-0.13197054819858819,-0.13257952055363612,-0.020180296675834888,0.99096691486438881,13.345087932112634,0.38422646000638599,-3.061767445713564,0.1600249208221939,0.09985621430916312,0.2926829268292683,True,5
-0.41439777496973051,0.86597582059851574,0.27992920933490129,-0.90042092443155997,-0.34538659280391143,-0.26448111531283142,-0.13235045502736562,-0.36165450315187775,0.92287018448101188,11.261841665601187,-2.5564953163625819,-3.2620825603984045,,0.2768346743778977,0.1,False,2
0.30075457150743362,0.95369857159604399,0.0023921231250461652,-0.94611842641121513,0.2986779245594563,-0.12510563770678623,-0.12002754234985372,0.035362860694818171,0.9921405430486816,1.9264889084933199,3.9136654661461048,-2.2209296463032362,0.3407597959920176,0.2679676596217436,0.9636752136752137,True,5
-0.95524984890072762,0.29561619035321474,0.010430444678424151,-0.28623119667717578,-0.91487693291939065,-0.28473127622507688,-0.074628601915683962,-0.27497502725349632,0.95855062785595713,11.008147177151482,-0.76609361760712735,-3.0583600527292183,,0.2156530795143392,0.196078431372549,False,3
0.66213883609509794,0.74369057405060901,0.092176416739351258,-0.74384603210079125,0.66717961989527275,-0.039552943307799876,-0.090913377797437453,-0.042375521998873331,0.99495681960212978,-4.3937382727244252,-12.557951631473076,-3.9940188780650692,0.3527668853098466,0.3092626708285865,0.2549019607843137,True,5
-0.22867272964573285,0.97325450238810651,0.022010367958042953,-0.96398137558211405,-0.22322363136455867,-0.14460677000484545,-0.13582595571975278,-0.05428520960352344,0.98924437110913943,10.232341774766544,-2.0975198703446809,-3.1821002118282786,0.4758349205475334,0.5917671977292971,0.5567010309278351,True,4
-0.62297462500396572,0.76456050911629836,0.165377883953675,-0.77298225429925083,-0.56925196351364482,-0.28009040785844208,-0.12000437966848096,-0.30232338635257239,0.94562123438758328,-12.733452050741207,-7.3993457561246601,-3.2212264224704028,,0.1973786184339169,0.3333333333333333,False,2
-0.49630076569931059,0.86804177273525174,0.013748845512247991,-0.85948526715368723,-0.48905334566129344,-0.14870070828093063,-0.12235450752642144,-0.085617205538004906,0.98878666485942746,18.289825930800436,9.0120356169020823,-2.1148244962894549,0.1922952575096902,0.1931162891409518,0.8636363636363636,True,5
0.70454595435769107,0.70965822457412453,-0.0004499916794731074,-0.70565795306201751,0.70050698511072274,-0.10647449033176461,-0.075245275456562316,0.075333711612973808,0.99431533248566517,-11.855251364236368,-19.528541996548292,-4.8119431369505188,0.389908544503425,0.2974323982897678,1.0,True,5
0.60532370861875728,0.79553376334714043,0.026631544430788689,-0.79009133963540923,0.60457158694494373,-0.10123670921161018,-0.0966378953473091,0.040239627652448859,0.99450585194318186,8.6350868813626747,0.16652598665139071,-2.9741684960277137,0.138113929013666,0.1199268709420286,0.45,True,6
0.38124604656071465,0.92443080629069974,-0.0088958621028087589,-0.91738593177734162,0.37711635919631853,-0.12722540549564565,-0.11425630905487719,0.056665121611446684,0.99183393762963967,17.109582001829164,-3.6028743565860282,-3.5938709836115645,0.2693836681123728,0.2144847003587281,0.8787878787878788,True,1
0.32519390966739725,0.9456372423383218,-0.0043734446386249678,-0.93852673861061853,0.32217530499186309,-0.12397836007269787,-0.11582953866845948,0.044421602359375763,0.99227528398911424,7.9677217430323619,8.8508906585874705,-1.8672304136334583,0.1886822451168412,0.2102680375564619,0.8275862068965517,True,5
0.014643025990418539,0.99989228767339511,-0.0009974172191027043,-0.99078460728040185,0.014375299111382064,-0.13468189466917557,-0.13465304959808577,0.002960376111802927,0.99088838544369484,10.297311807131482,-6.7854481797755284,-3.7352697952041587,0.1809327687422758,0.1298534461168912,0.7951807228915663,True,3
0.2308517692054223,-0.9540906928702827,-0.1908360826286038,0.96386035997162944,0.25104783818125781,-0.089152618693331437,0.13296866973121155,-0.16335829554332953,0.97756503627487146,-11.552203840788797,-8.0263124133126293,-3.3160671788607261,,0.3331550438391754,0.2444444444444444,False,3
-0.062397721694691551,0.9980254023465539,0.0071986525344357698,-0.98873219593086215,-0.060830131008713831,-0.13677843357488087,-0.13607045622414596,-0.015652202160157207,0.9905755092422236,8.8090430612380146,-5.7342013573535651,-3.583926826521227,0.277159897435495,0.2288753539248675,0.8910891089108911,True,5
0.96589964869192091,0.25886130802398644,-0.0053564787811180214,-0.2588062272374741,0.96467647644406551,-0.049179594737706625,-0.0075634251451759862,0.048888843344580692,0.99877558820612955,3.3260155766490698,19.900629535559357,-0.029100786044657784,0.2271191637973017,0.1871760350968029,0.3928571428571428,True,3
0.10810871467062536,0.9941359468038925,0.0024950119426584714,-0.98587031430389893,0.10753220363908418,-0.12843889035200448,-0.12795401199883119,0.011425605141575892,0.99171428665747874,14.48070149527172,-3.0465262077245203,-3.4624183774939725,0.3748495498078036,0.2620330239919193,0.9904761904761905,True,5
0.97073741191423402,0.23153713671774215,0.06371366753379272,-0.24014214853553764,0.93681669196732753,0.25437420102701358,-0.00079095309145575969,-0.26223089057535776,0.96500483647558155,9.874430098400639,-2.3156510997261486,-3.1925880982344625,,0.4174978071007327,0.2258064516129032,False,3
-0.26116901932153164,0.96190980232651102,0.080748223106160935,-0.95421401805014094,-0.24462910420000167,-0.17214008578744877,-0.14582987040807149,-0.12200874381157135,0.981757360721216,9.8653576288424318,5.8676272406491741,-2.2554379898210626,,0.169712505518824,0.4067796610169492,False,9
-0.99684126242253579,0.069673278185401241,-0.038119966405345485,-0.059669137375555216,-0.97379078553139753,-0.21947915632013926,-0.0524127043444821,-0.21651129374940861,0.97487218039200141,-11.972447971879058,-13.829649400165229,-4.1171220571800902,,0.1493571829402276,0.2,False,2
0.053876295670799317,0.99363407664748049,0.098937689935148704,-0.99127592917766671,0.065156510110272639,-0.11457164318977711,-0.12028872348540523,-0.091901854797174512,0.98847593399490152,4.2122729963501948,-5.4253231912849964,-3.3537480276869043,,0.429897077260159,0.2767857142857143,False,5
-0.80627655479747085,0.59134834759955801,0.015008296878523862,-0.58328587667062826,-0.79054847700459285,-0.18657623530957984,-0.098466762211916498,-0.15918617181461309,0.9823258417869859,-2.385621431575355,4.6566381380340456,-1.9082614205138597,,0.07599233974984614,0.1764705882352941,False,2
0.99781857658629347,-0.059211679555683405,-0.029190156277378018,0.056250561457679295,0.99402630364205691,-0.093528509040849167,0.034553763253783669,0.091682521081738508,0.99518860160931177,-5.9382064755253969,5.3643242233380741,-1.5970611221114033,,0.2420151309102382,0.717948717948718,False,5
0.042684601743247487,0.99844859664980234,0.035755064285517592,-0.99026370071132763,0.047026605765950642,-0.13102023280257499,-0.13249840688675266,-0.029814395821062566,0.99073471422692072,11.953972326689291,-5.5744467710367527,-3.6499819654997565,0.1809199789973426,0.2288520226865887,0.9921875,True,5
-0.29139834665587144,0.95628160647568938,0.024748589505239435,-0.94688928770612402,-0.28466589011473659,-0.14955269249523251,-0.13596940977151262,-0.067013581619392137,0.98844397893098979,-9.2764944093893611,16.023814918428375,-0.13247625340020966,0.2909616009667526,0.2213002807673396,0.8285714285714286,True,4
-0.1991234316965117,0.97975955414851545,0.020520112185540337,-0.97045114731322712,-0.19423302898268699,-0.14317157933979918,-0.1362880391958384,-0.048422582613003952,0.98948513069436317,11.126898102046459,-13.655622031098373,-4.5745488718038114,,0.2162960393296255,0.8166666666666667,True,1
0.66723714923908672,0.74484486451460086,-0.00084527008769578289,-0.74022596006805408,0.66297245775619063,-0.11195109779739694,-0.08282580948365556,0.075323622210702823,0.9937133576743522,-2.2672050311113097,-8.301366291845385,-3.5226403952892777,0.3456074093939315,0.291680945851579,0.9888682745825603,True,5
0.37923447945603689,0.92511705740262429,0.018429316167934116,-0.91830506364997944,0.37873718808068391,-0.11521264010317218,-0.11356504597152758,0.026768871239661915,0.9931698786542198,3.9787816028740526,8.8956402272975801,-1.5978735397627419,0.3384251218971301,0.2944720248738816,0.791907514450867,True,5
0.44056648467076243,0.84808081857681938,0.29438087191072537,-0.89105627114073782,0.45299683599327489,0.028505933432290631,-0.10917826819294681,-0.2748686809044531,0.95526295542758022,4.1863478749407372,-0.93238444572958601,-2.8889096133427725,,0.4177953487247523,0.1853146853146853,False,1
0.62078132049734414,0.78397170162034346,-0.0043500781692549645,-0.77956676176317308,0.61668613102185288,-0.10942522451144378,-0.083103646584584176,0.071320311719755142,0.99398551149427883,-0.26844837911626612,-20.466632100758975,-5.1477816203910249,,0.2217662927659711,1.0,True,4
0.28454696651032801,-0.9460765754879541,-0.15482938081241587,0.95223373191593941,0.29760038757919494,-0.068446542017515447,0.11083295381434506,-0.12795750320203511,0.98556731567310429,11.542175290712658,-0.23375761558836039,-3.0344541087496779,,0.4399580769972805,0.1276595744680851,False,3
0.98555842834001073,-0.16289566665285457,-0.046255660342169817,0.16193804765734301,0.98651457655177788,-0.023770969096668204,0.049504071033564676,0.015937127614119122,0.99864676183048584,-4.3799380133823123,3.7703206477273978,-1.9682296676652618,,0.3863492477038147,0.4835164835164835,False,5
-0.49675252606170656,0.86506534903042465,0.069991926378575195,-0.85942056335549377,-0.47906088687422299,-0.17859720588242506,-0.12096785991758309,-0.1488711139682686,0.98142965529517567,-10.736214418427435,-7.0576691876960798,-3.1969765282450835,,0.1632529247129448,0.7796610169491526,False,5
-0.071742713372546035,0.97346452306104125,0.21730118595968492,-0.98917867369431611,-0.041486857159313238,-0.14072807890182285,-0.1279786489470007,-0.22504591314792549,0.96590672551189849,-9.3488041258483783,3.1160419262162664,-1.7903089198467246,,0.4507603137620853,0.3,False,4
0.61658420974122596,0.77511490531521232,0.13791590138913479,-0.77852358343826078,0.62635875324050438,-0.039695620280460725,-0.11715349900125675,-0.082895089101771319,0.98964815054370314,-6.4662940859889018,0.043239567232546516,-2.3838937935595546,,0.4482302800004842,0.3659793814432989,False,6
0.73974830649184975,0.66917517879473565,0.070548020011005533,-0.66787858367023578,0.74296316957496766,-0.04408997765656876,-0.081918499236005249,-0.014502025380979609,0.99653351711960447,0.50522361132442439,-9.9585138166651461,-3.7273897517021655,,0.2076064577904012,0.2368421052631579,False,5
0.77169569705796215,0.63559145417393736,-0.022566668413498223,-0.63254701555157222,0.7633442749044308,-0.13110984359469963,-0.066106159009762147,0.11545138089987243,0.99111096976538771,6.8137874449642908,-3.4333727110271752,-3.2644632026232792,0.363413651883793,0.2812255639600819,0.9949832775919732,True,5
-0.48903562711840548,0.87125260395076398,0.041988754660305758,-0.86207067112888991,-0.47542286170260684,-0.17551997194020824,-0.13295981869834009,-0.12203279345946065,0.98358003432978813,-10.592973344261658,2.5800755981666073,-1.8269120277621071,,0.2165707443923687,0.3692307692307693,False,5
-0.38364390771822293,0.92341501608673371,0.011048082921001909,-0.91421166430205614,-0.3780750947888607,-0.14586382537990331,-0.13051584166206295,-0.06606005423803088,0.98924298547389866,9.5018007914244134,3.1665288797871627,-2.6413197225141816,0.1332294463404645,0.1159843706369615,0.4492753623188406,True,5
0.0047279180294552076,0.99931593905347926,0.03667834163058549,-0.99105133025381476,0.0095754193343859373,-0.13313741828169615,-0.13339755467493178,-0.035720656464206475,0.99041866254050104,-14.227805156659205,-0.29116117454396817,-2.1448744469416803,0.2284119563006405,0.204082524082024,0.96875,True,5
0.49861165744352659,0.86680964999074139,0.0052388686135073775,-0.86061452144756934,0.49575217030540242,-0.11650077729807812,-0.10358117847848748,0.053579999257313556,0.99317678343011795,-4.2489966989468684,-16.098288377538879,-4.4125653792861286,0.320081329884745,0.2655800768851634,0.9913793103448276,True,3
-0.38126621917465126,0.89445872992051989,0.23362288112519319,-0.91768073828339436,-0.33562348298009959,-0.21264745532441726,-0.11179504774322568,-0.29546650933951224,0.94878944405954091,1.0601500364238063,-13.088686931293497,-4.1550675480365529,,0.3282008517157409,0.4166666666666667,False,4
-0.63996359659482138,-0.75946178767576977,-0.11689477359464771,0.76364674627424023,-0.61169428177544838,-0.20657626327335776,0.085382913619683157,-0.22146760192755355,0.97142259565972178,10.079430479217669,-0.96047313488202424,-3.0689330037018476,,0.09465251464089507,0.40625,False,2
0.9928275560756058,0.11955156018866037,-0.00093185481542708325,-0.11928784991087102,0.99109832155243116,0.05911451496540493,0.0079907922374103952,-0.058579360464336344,0.99825077298593046,-11.498280231739455,-6.7950177002781471,-3.1595468322408422,,0.2851110043519606,0.3473684210526316,False,5
0.2871969048622981,-0.92128241239853481,-0.26221490125973484,0.94370107511568846,0.31905286530483956,-0.087370189231028808,0.1641530342790227,-0.22236003630578105,0.96104619846866968,7.815435770839124,4.8406079207297292,-2.3522599561930444,,0.3432824088210143,0.2307692307692308,False,3
-0.25033441341619173,0.96813438368707738,0.0069639487658971384,-0.95889591347848757,-0.24694010488981927,-0.13978273037561351,-0.13360878928359354,-0.041670129827585195,0.99015771052207846,11.771683468395915,4.6932208533525301,-2.4889680275537165,0.1725066734746266,0.1343704703751639,0.6097560975609756,True,5
0.55674472271889452,-0.78300646860531764,-0.27737372594910936,0.81853652887851946,0.5740107214935628,0.022575263053723676,0.14153891555387377,-0.2396091854096371,0.96049683687722986,7.184002953209399,6.3354298123633255,-2.1632907552424054,,0.3548357265849079,0.2285714285714286,False,4
-0.99428575879391135,-0.089458232068810664,-0.058249931971949387,0.10350784372201614,-0.94138581454240811,-0.32105898907575192,-0.026114290103937083,-0.32525370542616105,0.94526613763474943,5.5017576049997921,-5.592909656927203,-3.4456829392823543,,0.2039182087018763,0.2115384615384615,False,5
0.28543154980276314,0.95832568945178531,0.011861842772225642,-0.95041046412575747,0.28462537764686707,-0.12533293294118841,-0.1234859508505113,0.024500353796191462,0.99204382595044982,-3.0377612188409286,1.7095301387515733,-2.2650706937795149,,0.2911540731439792,0.9417344173441734,False,5
-0.73114442686945813,0.68180183140984063,0.023960169947636074,-0.67184939260202736,-0.71348181490862983,-0.19890222083972597,-0.11851675290025115,-0.16152387588488443,0.97972639895080182,4.5441325842920612,-0.71603805937289877,-2.862207382900757,,0.2230416276304885,0.4033613445378151,False,6
-0.15984272374173183,-0.97670401271475571,-0.14317672720703778,0.97696209492659702,-0.13574470792531865,-0.16467677233570227,0.14140498132477242,-0.16620061918405715,0.97590060223333008,3.1051357386631082,-11.376560306619112,-4.0044921860325458,0.2070734791051818,0.3633199682317416,0.487012987012987,True,7
-0.84519071365792109,-0.5172138344999343,-0.13469412365908551,0.5320932842788979,-0.7905663513283181,-0.30311974691980487,0.050293084730513408,-0.32786383385378898,0.94338534654667217,-4.7398014278381115,-15.550978441124327,-4.3284591058719917,,0.1852149364599898,0.1739130434782609,False,1
0.39045008069018916,0.92053334356490091,0.012926634297056538,-0.91365628087749284,0.38918098431133252,-0.11734718515401643,-0.11305279696731731,0.034007717296040151,0.99300681783267741,1.716290537051901,14.52226551397183,-0.65742336039026184,0.2429485946095746,0.2280619843904543,0.84,True,5
0.9348257791546698,0.35484037551944314,-0.013750291963673632,-0.35433377910241315,0.92953812098432609,-0.10201203176062891,-0.023416567102543834,0.10023566998903083,0.9946881294390636,7.6198775143684792,10.90892608370317,-1.5259840975936014,0.1384940062294268,0.1671380010833468,0.6666666666666666,True,4
0.98459062652432272,0.17046831601436177,0.039010913802034711,-0.17445542409832698,0.94203057155031811,0.28660723519697562,0.012107979315929607,-0.28899646278079122,0.9572535930134064,7.6533494981311661,-10.552354439894097,-4.1043362168483499,,0.323200829576948,0.1475409836065574,False,2
0.99968194379912922,0.0036982145350456337,-0.024946632062227289,-0.0065854797704907883,0.99314897943693381,-0.11666934515788423,0.024344253904932587,0.11679652328999289,0.99285745676264259,-6.3880628507768025,-1.6078547639238505,-2.5813326752576535,0.3794889097753885,0.2845982915876204,0.9877551020408163,True,5
0.94493859348493781,0.32688678580596614,-0.015365018976629362,-0.32682812037305076,0.94030941560203063,-0.094876670807878108,-0.016566057953729549,0.094674348139357864,0.99537045039937844,3.7535466409322966,-14.417627671205278,-4.4637633367448961,0.2778463113632834,0.2123559120000396,0.6880733944954128,True,5
-0.59109323207656805,0.80644877874701448,0.015784747407701732,-0.79624869836575807,-0.58026792185102838,-0.17110566683054287,-0.12882857347697441,-0.11370798621089687,0.9851262317732431,15.221691827215967,-3.8684741934566995,-3.5841957321538529,0.1149865942738448,0.1289931200039386,0.8541666666666666,True,5
0.74200891343666808,0.64491907630182144,0.18303594565696904,-0.66229556188690619,0.74749793055582325,0.051102177249795294,-0.10386222164696252,-0.15914216548975213,0.98177716925878344,6.7202968420652756,1.4865560001488858,-2.7122562316932908,,0.3951593611116235,0.3161764705882353,False,4
0.97467712691317032,-0.21716045613330012,-0.053346364114753742,0.21396297260505961,0.97501092185878468,-0.059779165351220409,0.064994958468279476,0.046851238490130315,0.99678514075283375,-7.5124289774162634,1.6074319651423614,-2.0983550838779879,,0.1258421084675383,0.425531914893617,False,3
-0.50644650179652773,-0.82698244350355798,-0.24415564493769995,0.85986813710878462,-0.4632403826548474,-0.21455799836607953,0.064332943373731702,-0.31860380728214005,0.94570232440350743,5.2301608404673745,8.9594956473145313,-1.6416734872472007,,0.3157333083947028,0.4285714285714285,False,6
0.93956405600166271,0.34212495352341038,-0.013034601885272759,-0.34128474394831715,0.93286483068583215,-0.11527328926348882,-0.02727834705099956,0.11275514997594012,0.99324829118205227,14.030658151112638,-7.464378983560267,-3.9777871413580894,0.1690380664371182,0.119331860244792,0.8611111111111112,True,5
0.99122412897451195,-0.13003487888050444,-0.023783532396443936,0.1289340167651265,0.99071600505831958,-0.043102397173402127,0.029167541197882792,0.039657629730181963,0.99878752842867102,15.781224084785853,8.478727130190892,-2.1567494932647362,,0.1557276347456899,0.4864864864864865,False,4
-0.4521201235834244,0.8828132710094212,0.12738964785474624,-0.8773615009464788,-0.4144316618297012,-0.24183298850656215,-0.16069906816111901,-0.22110433329701917,0.96191927067162419,-7.4221523012604607,2.6201670533378234,-1.9573040362048195,,0.1366334823873317,0.2162162162162162,False,5
-0.98423962116452179,-0.17362043131852689,-0.033590384914238949,0.17628087640119144,-0.94817358892497705,-0.26437075836853779,0.014050649278446237,-0.26612551755496239,0.96383597575570745,1.0420883847749789,6.2481516129409185,-1.8229155511374413,,0.2461569161712806,0.2888888888888889,False,5
-0.6687476966676098,-0.69356378084445902,-0.26785406493556341,0.74338787052044131,-0.61780155544702087,-0.25631174778055732,0.012287886915536322,-0.37052735389978969,0.92874026931493081,4.3733516738447067,6.5611953404297072,-1.9539119156907996,,0.4273170744098733,0.25,False,7
-0.28014948309304932,-0.91481822356277731,-0.29090184763961641,0.9530130612271448,-0.2286639688047406,-0.19869296540373935,0.11524917463116253,-0.33289699188774591,0.93589380836659375,-4.1973270818595436,11.833944260671263,-0.70429735447393194,,0.3906404406268911,0.4,False,7
-0.60517520539154124,0.76654914117231465,0.21486131561380337,-0.78937744805369547,-0.5428211813036885,-0.28675496444230081,-0.10318049856219388,-0.34314367150809699,0.93359852475269156,-7.654784564596298,0.60868688359410317,-2.2909426473790049,,0.5031978297872202,0.2077922077922078,False,5
0.59338018666566239,0.80487006942106998,0.0091719912094711652,-0.7995277409678121,0.59068212491348915,-0.10885779131781508,-0.093034109312292432,0.057260795120291724,0.9940150179180699,-9.2615532175724997,-9.9245567607913241,-3.6154479091103915,0.3742598869434142,0.2998149989269495,0.9871794871794872,True,5
0.78753868126662785,0.61613681755062166,-0.012579648938378929,-0.61322712467842699,0.78146854217799344,-0.11514951647675671,-0.061117256707495848,0.098398880302540959,0.99326851419329532,9.9495975597869322,-11.672705600443468,-4.3305065111403165,0.2884397704552291,0.2528916084403299,0.8333333333333334,True,2
-0.034658013058109553,0.99831572982118422,0.046524463698792373,-0.9903300723970837,-0.028049016711580603,-0.13586611191721337,-0.13433231121681485,-0.050783424984041883,0.98963421217641778,9.633224276599444,-3.6783718316899625,-3.3292613206727331,0.1720172371544185,0.1620182666592697,0.6666666666666666,True,5
-0.51966952806122335,-0.81644613806997879,-0.25171270376213251,0.84956916097047319,-0.46263456101196537,-0.25338015645506307,0.09042025399517413,-0.34552129686588573,0.93404454448359431,-12.970293968499416,-5.9989794476882761,-3.0105032850428031,,0.4574465531577755,0.2857142857142857,False,2
-0.99230276643389037,0.12161477456520767,-0.023346655758411307,-0.11536030484971251,-0.97636058974080731,-0.18278949331393271,-0.045024657607020527,-0.17868924256495292,0.9828748317048992,2.2398248747099099,-2.2999849324588584,-2.9731462330570486,,0.07116778502707496,0.1986062717770035,False,5
0.58817280989519416,0.80639555359345461,0.061473220549257732,-0.80296193515072845,0.59135079829624948,-0.074541022621011643,-0.0964617872475379,-0.0055176534047178122,0.9953213948780143,10.575721120311691,-1.8027642481483075,-3.1599000610282584,,0.1039763200896919,0.1764705882352941,True,5
0.96571290780187236,0.2595190392020762,0.0069604595024038395,-0.25826776348380148,0.96309107162836816,-0.07585084109485804,-0.026388293804802898,0.071452474004427696,0.99709488109643751,-13.232816112404857,-3.4251243462000227,-2.6086292904055854,,0.2981543509390333,0.9316239316239316,True,5
0.2306910937939308,-0.96354124289381138,-0.1355355764617151,0.96345456278017394,0.24568523968523878,-0.10674300191989666,0.13615037532898719,-0.10595770969333188,0.98500560356493394,10.94927817422203,5.2713636523695726,-2.377159247654856,,0.3548586983525883,0.5084745762711864,False,1
-0.86677802273275384,0.49417380558182278,0.066993351791624703,-0.49295679708078016,-0.82872072137618713,-0.2649821921820229,-0.075428479497840262,-0.26270556872382955,0.96192324467294843,7.7716165519737883,-10.126133239791885,-4.0281753158406408,,0.3144298997965547,0.1666666666666667,False,2
-0.98095874583291731,-0.18073414466455587,-0.0710992821783865,0.19420559373310353,-0.91664168799789636,-0.34935970458417304,-0.0020313386431524993,-0.3565153359628998,0.93428726250900918,-5.5049124188756169,6.6180953633837847,-1.4245059994307148,,0.5052910596298781,0.4640522875816994,False,4
0.60840617992914892,0.79362507525556181,0.0010771024209990316,-0.78874521908268291,0.6048143722641447,-0.10991157571857683,-0.087880029575733598,0.06602132252790735,0.99394078564743249,-2.9801486090144844,17.401624879411976,-0.077426117675206491,0.3145747921785719,0.2684780281950709,0.7671232876712328,True,5
0.85093893148429256,0.52523906312665913,0.0051828033148685173,-0.52257153310756821,0.84753273225327208,-0.092775322930776005,-0.053121819151615873,0.076237748688778889,0.99567358004764295,16.651902964946419,4.1898615993796211,-2.6719825372424264,0.1330974209466376,0.1326423646036333,0.6153846153846154,True,5
-0.166628665967643,0.98591010814529867,0.014701916023702126,-0.9764471692376766,-0.16292003480081382,-0.14144959507976126,-0.13706134891197602,-0.03792520161351793,0.98983628227955067,-12.044282084427348,7.622132358307109,-1.1018672431459147,0.256938129608567,0.2259182848416132,0.896551724137931,True,5
-0.61554417752862012,0.77771532198096016,0.12753134307560157,-0.77575575992909418,-0.56938373518308993,-0.27203889987607832,-0.13895454813516822,-0.2663851348424025,0.95379798358328849,-2.4958477880105931,-16.13797322239898,-4.4320848310819798,,0.3563076078296399,0.2328767123287671,False,4
-0.99602543438713609,-0.083329199411339164,-0.031457567919046005,0.088930854059152978,-0.95007038689806889,-0.29909457222701707,-0.0049635924717660145,-0.30070334960691408,0.95370480668021973,6.882446131067316,1.6145649584868211,-2.7098892779913242,,0.3122923206052347,0.2293577981651376,False,4
0.7974015643834601,-0.58805897561700138,-0.13541560587721763,0.59370181952377243,0.80468352306934299,0.0016053644047665239,0.10802265786849015,-0.081676611688984338,0.99078758394018729,11.960760275344848,-0.9943811456692031,-3.1498788179901425,,0.2349460291398505,0.2727272727272727,False,4
0.97769090816069881,-0.20925872343525231,-0.018200955089112396,0.20986206275310254,0.97680048271557007,0.042646589355320286,0.0088545308695676967,-0.045514872655837084,0.99892441838719803,8.5555025437542582,5.9301768553609246,-2.2246419921549285,,0.5160159017450229,0.186046511627907,False,4
0.097745155747597984,0.99520948732470838,0.0019901926462682403,-0.98651098579271923,0.097154289562981277,-0.13174641903972076,-0.13130864190202834,0.010914227338838319,0.99128145357584552,-2.4889747658776433,9.2401122814542322,-1.127079304004589,0.3240370951529243,0.2402282071740731,0.9722222222222222,True,5
0.33776296706912701,0.94115352101058836,0.012092475595659577,-0.9338561702787963,0.33669391048388353,-0.12062281656175097,-0.11759605141703983,0.029449287469179592,0.99262475697449626,-2.1686554358240957,27.228635728346326,1.1939324631651611,,0.2870538707864225,0.9333333333333333,True,1
-0.86546519743010863,0.49906704226447934,0.043612834838483584,-0.49392130642327348,-0.83549856653005461,-0.2407984393374506,-0.083736103912179033,-0.22994397720229487,0.96959477734257637,-0.7261549437018171,-15.624159777758502,-4.4156220893057085,,0.2003236589751782,0.2571428571428571,False,5
0.13764302615509158,0.99040287887327072,-0.012511389627379433,-0.98211926839706387,0.13483205685705027,-0.13138515550439719,-0.12843729985516772,0.030371927222954988,0.99125244314588146,-6.0835089002632996,-5.9919310890389843,-3.1731958287016657,0.3159540034529861,0.262213824129668,0.9899749373433584,True,5
-0.90706945832818564,-0.36371493051467241,-0.21198218578201378,0.41965985734994876,-0.74135988819863918,-0.52370900345432581,0.033325694249841546,-0.56400085593091898,0.82510146807041729,7.7088349065602397,-11.573745339003025,-4.2378473778398797,,0.2386006056560832,0.131578947368421,False,2
0.067127400915756516,0.99684886203380207,0.042264149207200841,-0.98887384523962496,0.07210682128593314,-0.13011196918437545,-0.13274950187210749,-0.033059833422927842,0.99059811082333227,7.8984157659396974,6.1017329440685844,-2.2158921375857954,0.1239746385476778,0.1042627412960367,0.5283018867924528,True,5
-0.97487865463472068,-0.21038396164707096,-0.07314504370961955,0.22197697926771387,-0.94477152785969509,-0.2411078199081057,-0.018380136364545618,-0.2512873829449907,0.96773799230983992,2.7051828884422524,0.86456275007506789,-2.6561631059561521,,0.3590134311195585,0.5030800821355236,False,5
0.61146412956427543,0.79083687027624561,0.026242386855566593,-0.78593080946500515,0.61084943712336215,-0.095790019833772833,-0.091784426728536747,0.037947460754913315,0.99505558097644442,12.343334488569148,-8.885611077245521,-4.0974748739893352,0.0697728377668327,0.08136769672212932,0.3103448275862069,True,4
0.13635505649470706,0.98965673401286891,0.044574066353731401,-0.98217207126622508,0.1409271821038651,-0.12440880904854469,-0.1294037132115555,-0.026815632889148993,0.99122933816539949,11.015163316860589,-0.15476135553313353,-3.0253747450771185,,0.07451329253814881,0.396551724137931,False,5
-0.78459472039534439,0.60770651776406381,0.12289797799324684,-0.61601873507881177,-0.74162484361509906,-0.26554379933408695,-0.070228503897303701,-0.28405171993838885,0.95623353718659698,7.6520666451729635,4.96248439479744,-2.3459012371768484,,0.2913994257191769,0.1388888888888889,False,5
0.84968102490996411,-0.5135259695415999,-0.11972148727072675,0.52212668533512274,0.85109395710256852,0.054980002223090824,0.073660575404435533,-0.10922524795052341,0.99128399807584711,-5.4273234220564222,6.302785083607068,-1.4923410386871485,,0.4147351461846774,0.1702127659574468,False,3
0.39912451846377928,0.91683189154148559,-0.010904192474371414,-0.91012145793015098,0.39470415858385938,-0.12604586074800037,-0.11125893481493067,0.060232133027724115,0.99196448503702883,-1.3574738781426703,-15.059114638405214,-4.3287845098731106,0.2689193558534347,0.2020909772802001,0.9482758620689655,True,5
-0.60636388245503448,0.79505436844294253,0.014539369788630456,-0.78581618025406952,-0.59631905607194136,-0.16400156772534769,-0.1217200595832918,-0.11086989936525714,0.9863529249258487,-1.8815264377850074,-23.166650360279537,-5.4493803755054024,0.6497272215022014,0.209522932439548,0.7878787878787878,True,3
0.57954466246265823,-0.80745220360835568,-0.11022215339510417,0.80549332636728388,0.58809722836556366,-0.072953075099750755,0.12372746416544439,-0.046503643693289493,0.99122597107543342,11.524075451932578,-15.002243341718929,-4.7294122308357949,,0.1793290935103138,0.2,False,1
0.56963212714559619,0.82183457874205557,0.010352048466423914,-0.8169774641141222,0.56755212353462914,-0.10213917074751905,-0.08981682945440253,0.049724362793311071,0.99471625345701331,6.0223114607436976,-19.673845715255322,-5.1943252225059249,0.3188557163573192,0.2555218833426259,0.9795918367346939,True,5
-0.50064211649931156,-0.86088198504700353,-0.090772677654790718,0.85833250107611747,-0.48006133820909314,-0.18112545142334857,0.11235118505608549,-0.16859216879329114,0.97926191176725941,8.4355114923202876,4.4964891037324222,-2.4390158357936276,,0.104878502112682,0.2894736842105263,False,5
0.19121912863469917,0.98152639442205802,-0.0064173122895118465,-0.97331368836893106,0.18876598301805161,-0.13049087205201568,-0.12686886488754154,0.031198408742488502,0.99142874197497566,3.6963998173394232,-7.4825836135193473,-3.5184082885726009,0.3193903094474811,0.2685350006589523,0.997907949790795,True,5
0.95017158139503866,-0.29367036909440503,-0.10455467576922482,0.30460359942515186,0.94597063385058833,0.11115847745250057,0.066261701808008458,-0.13746735688254277,0.98828746458974914,-13.274476836834738,-4.9649894210602126,-2.8283823958092102,,0.2405618728527345,0.3181818181818182,False,5
-0.77008258510996941,-0.63018957803632625,-0.099166061960453938,0.63451450709443502,-0.74053485343955083,-0.22135824160841597,0.066061731714008656,-0.23338643185853966,0.97013742378453072,-11.83334087686378,-8.1828340538232052,-3.3389392760691643,,0.1802574581975311,0.12,False,1
0.0045873173082622938,-0.99783501696990817,-0.065606672134597824,0.99166835832154565,0.012985428344844969,-0.12816101495599816,0.12873547927344667,-0.06447214560850438,0.98958098143450179,-8.8517527949937271,11.240600526620062,-0.75527986452568152,0.2645659404205285,0.1793090601584241,0.7627118644067796,True,4
0.16906486606536389,0.96872640105624774,0.18162111925354602,-0.98391353035676665,0.17667549970216825,-0.02645623907273445,-0.057716859263001075,-0.17422665611667867,0.98301263290723562,4.4456673719552482,3.9131920250875263,-2.392512892451915,,0.4549477828853862,0.3707865168539326,False,3
0.9371080663842255,0.34827277550711672,-0.023120245634238184,-0.34857783478617349,0.93040831382936662,-0.1132866393401171,-0.017943383554984014,0.1142210287020915,0.99329330592168719,19.470200207599394,4.2146463612125888,-2.67820665262875,0.168201568604435,0.1865649092481028,0.9285714285714286,True,4
-0.93690745649293561,0.34945495510723401,-0.0092548538043100859,-0.34244026302070796,-0.92277958004020877,-0.17667063401460983,-0.070278618585216848,-0.16235479978065631,0.98422651597990196,10.702734557812477,-26.779695628869547,-6.0470435865431362,,0.2294230758589604,0.8648648648648649,False,1
0.99964809553495271,0.011572426326264191,-0.023869730670127539,-0.011104524026529202,0.99974539642952254,0.019642603292852334,0.024090965930935151,-0.019370628975315066,0.99952208784679408,-1.6651830061948747,-26.641529095873125,-5.9279306385403165,,0.4176708929706701,0.4318181818181818,False,1
-0.48222290236126958,-0.85905916288042872,-0.1716928277752231,0.86064065024853831,-0.42795863431690478,-0.27595122477239492,0.16358100005211046,-0.28083582745936958,0.94571269127423907,-8.574819335021294,1.8157354419341876,-2.0128013235497817,,0.6181772218294815,0.5099009900990099,False,5
-0.98673134846982036,-0.14231198240376131,-0.078157185282237529,0.15989291014522933,-0.93535603581396587,-0.31550490257945718,-0.028204666851783189,-0.32381535777460385,0.94569979953317396,-8.4057664639412604,3.6127479277724324,-1.723837293730768,,0.2589134408760582,0.15,False,2
0.21858534665203169,0.9536427266008195,0.20684776099915891,-0.95958274793408938,0.24856981295754219,-0.13196210802163466,-0.17726081376399092,-0.16964255977674489,0.96943282687152732,-5.373174799052304,-14.06450248293651,-4.1711799739334747,,0.1380567999283942,0.2380952380952381,False,5
0.69631420220977791,0.71155943339692695,0.093966507569482188,-0.71341847066528585,0.70050757685380594,-0.017978333738548596,-0.078616903491335252,-0.054518873009759314,0.99541301728035492,12.259064930486085,-4.0613294242798244,-3.4743843866695228,,0.1722719990535108,0.3888888888888889,False,1
0.99701371905093916,-0.036022554369483782,-0.068308268905836911,0.032252940596997598,0.99793720369868721,-0.055507524687117671,0.070166885687346026,0.053138621084311374,0.99611891614515402,-17.502414675131458,7.5112266676730277,-0.98920851964865397,,0.2748666698490713,0.4117647058823529,False,2
-0.98677391281515714,0.16081547145646061,-0.020386984271891565,-0.15359718622362112,-0.96777764937556643,-0.19953527445865493,-0.051818426950770706,-0.19376482010246532,0.97967854172631952,5.5262390312068623,18.484231770940799,-0.4095356119492472,,0.1573623229490876,0.2272727272727273,False,4
0.98819690201682275,0.15103805685441096,0.025581012997872198,-0.15310682003862533,0.9792688183578212,0.13263062636410836,-0.0050184162854040402,-0.13498180163903362,0.99083536913266579,-4.989788212013675,7.9665330937976027,-1.1861168096906503,,0.2309763314936679,0.1578947368421053,False,2
0.43619635253162853,0.88600334026897842,0.15726036713144476,-0.89713894167146491,0.44174830526464348,-0.00039259701972049754,-0.069817342936463425,-0.14091314994715343,0.98755709849975959,-11.669469557841625,-4.0166828574391422,-2.758474179385042,,0.2571367118519212,0.2162162162162162,False,2
0.090472360551973371,-0.9846918486246401,-0.1489856208778001,0.9860366273908403,0.10956980346210113,-0.1254042567577941,0.13980887461049094,-0.1355596600079329,0.98085526820152358,-6.4042542542510574,7.9601565502515026,-1.1909560262039205,,0.1260643477631348,0.24,False,3
0.06497458620869212,0.99271310854569972,0.10148392615850224,-0.98913431927981266,0.077510920664146929,-0.12492139768934439,-0.13187722157322043,-0.09226451809515622,0.98696284485830432,11.908537009893863,-3.895488394170902,-3.4606445568878708,,0.08104730325408534,0.3809523809523809,False,2
0.703000122018961,-0.70812771004034114,-0.065924007116887867,0.70216799340540459,0.70581174235956445,-0.093754431278644565,0.11292004905397614,0.019619648834196705,0.99341035423498025,-18.841150595151294,-0.92111905114536585,-2.0751570364486729,,0.1024062307814926,0.2352941176470588,False,1
0.061430336743695774,-0.96637700590570808,-0.24968339188715613,0.98890430052174505,0.092828031745868303,-0.11597948496085865,0.13525752525147772,-0.23978832118955898,0.96135683431488561,3.748526920036976,17.029658299313937,-0.42780278309938574,,0.2079134988781831,0.2777777777777778,False,1
-0.10207898331076141,-0.97914336244212052,-0.17566489960085663,0.98615288297858894,-0.076402742374750851,-0.14719073459506307,0.13069955072324516,-0.18825752771975737,0.97338416398541527,16.648570453255559,-8.1098334097072602,-4.0811681235983865,,0.2855164354039131,0.3611111111111111,False,1
