axis_00,axis_01,axis_02,axis_10,axis_11,axis_12,axis_20,axis_21,axis_22,location_x,location_y,location_z,dbh,dbh_approximation,score,reconstructed,number_clusters
-0.30660591028518364,0.95134503207104915,-0.030585057330795862,-0.94808864196110498,-0.30808963224407077,-0.078795339253415086,-0.084384493614298117,0.0048382287510336033,0.9964215216363056,-4.7405943048535102,18.240055536258001,-0.5386394778429654,,0.2137410734278533,0.6571428571428571,False,5
-0.12054534518159439,0.99226149319586276,-0.029764893343799205,-0.98992086943533042,-0.12239803533574881,-0.071241793929889913,-0.074333653290083623,0.020877022456908995,0.99701487347074402,7.1900712239588103,0.14234362925711527,-1.6420633455439533,0.2943469176741756,0.270592867963488,0.9673321234119783,True,5
0.69954825904957452,0.71369211754936224,0.035718267155852738,-0.71458028702622167,0.69885715819085359,0.03120393947767526,-0.0026919610383367362,-0.047352231133404594,0.99887462654352011,12.567151466914666,-24.539726047062185,-4.2463003260660734,,0.1457750164826724,0.3157894736842105,False,1
-0.15973007827462565,0.98578885803120941,-0.05202527727852,-0.98414459567646351,-0.16313736462990039,-0.06961045224980196,-0.077108474859725856,0.040081512485631993,0.99621672113133686,6.6845581928397184,-11.688732351421537,-2.8082337610359875,0.2257700303711216,0.2283612013179415,0.9577464788732394,True,5
-0.38866779531838658,0.92080725351210524,-0.03242447781905989,-0.91683670169181952,-0.39000224922109872,-0.08549098217560433,-0.09136633577642353,-0.0034996402640891933,0.99581119957791764,10.604879167148425,-19.406391932547692,-3.660992094525251,0.3183304586541397,0.3083672004502893,1.0,True,4
-0.75137881692011266,0.65868221955458173,-0.039593018657107105,-0.65308157799655342,-0.75089301501114092,-0.098204544136258523,-0.094415708254844161,-0.04793134308705041,0.99437832859762554,-1.8071347479170383,-6.275584970139314,-2.5434192963293274,0.2742697454523487,0.2307176776100061,0.980246913580247,True,5
0.41422715049901393,0.90918141507003414,-0.042485553788513951,-0.90952419972004561,0.41171753121275306,-0.057047389210071936,-0.034374378730050621,0.062272216785057427,0.99746707870665918,1.8556089719323956,-6.6478144245504103,-2.4609273030443433,0.3052402241040686,0.2647478135920801,0.9903381642512077,True,5
-0.51641538660548369,0.85581142434551416,-0.030032556281679005,-0.85133914722597992,-0.51686884543020262,-0.089823454755377438,-0.092394831444463379,-0.020818323259877543,0.99550479282572857,-9.9552324737296889,19.31483948335859,-0.61249670000791523,0.293886758887086,0.2728925568520875,0.9807692307692307,True,5
0.78454480178940689,-0.58542796604891389,-0.2043613235253989,0.6143579669401833,0.77852543681322006,0.12830601190867985,0.083986561081792754,-0.22621282192355346,0.97045041952437594,8.6149297086965966,5.7640138013428714,-1.1276252909443329,,0.430098762960378,0.4210526315789473,False,5
-0.31567513362895561,0.9484405007294463,-0.028457452177234645,-0.94497267836444865,-0.31695252617639041,-0.08104155289187083,-0.085882752360776152,0.0013087117647102367,0.9963043912983901,16.2957912046205,-2.2747264660059225,-1.6257501387962097,0.338355119764803,0.2905975719403792,0.9655172413793104,True,5
0.51542543363965965,0.85550124237040903,-0.049540353854788395,-0.8566802700233791,0.51300287128118849,-0.054101469572730959,-0.020869530661743678,0.070325517132441492,0.99730576270771398,23.597043258239651,-4.4370396994092847,-1.6784791751203547,0.2675900483613086,0.2808148950009889,1.0,True,5
-0.063353889651714776,0.99727461406677609,-0.037810432475213152,-0.99555765875852542,-0.065798174978565299,-0.067346479171034007,-0.069650791476068355,0.033375804221837314,0.99701295023650705,-16.78825904357706,-17.246851997633872,-4.0153577306181285,0.3985532120477893,0.4036997698381325,1.0,True,5
-0.85904981300038696,-0.49055461598820455,-0.14625179491775778,0.51031212122008285,-0.84313069482916458,-0.16944665937323738,-0.040186536549699031,-0.22019718474484526,0.97462723238712357,0.90781845321944787,-15.528100423179129,-3.3212340626371049,,0.2112500140505479,0.1052631578947368,False,5
-0.71111143690855272,0.7016710497755958,-0.044477659613191646,-0.69741371600240609,-0.71198310978204504,-0.081817847177759875,-0.089076557126825509,-0.027162277001415061,0.99565434648703732,19.156652567160368,-8.5690313409769328,-2.1436670180458237,,0.2211413136340263,0.9482758620689655,False,3
0.35644228012806489,0.93417228913844952,-0.0164631449892132,-0.93344682147298974,0.35529443002714217,-0.049425696491414248,-0.040322852318249974,0.03298487831594743,0.99864211076010767,23.987337427896925,2.3998773105652984,-0.92601498438130114,,0.1431212929653868,0.75,False,1
-0.69352877198360796,0.7193931751776983,-0.038617378712956438,-0.71419239777067622,-0.69357451933599634,-0.094252878441007701,-0.094588907370168979,-0.037786844742487689,0.99479902139423415,-5.299645669684228,21.932502717461997,-0.24071165724055982,,0.2014473210301154,0.8214285714285714,False,2
-0.79673870500034405,0.59927631909819379,0.077944398916750604,-0.60304014825753127,-0.78000291049104942,-0.16714675951099217,-0.03937023677739758,-0.18017589459639341,0.98284618911734067,15.928546196162143,6.3876464062874092,-0.87497446581264859,,0.3708814890983488,0.25,False,5
-0.1313155667464771,0.99097523165060486,-0.026913048602518409,-0.9883938838686056,-0.132968638318302,-0.073463402826916865,-0.07637900405991678,0.016953804257646386,0.99693471012900747,-7.7583994524255928,-0.57127782210119982,-2.0497543822121504,0.3013546499444677,0.2489799304337828,0.9969418960244648,True,5
0.40167774837124776,0.91475560418187174,-0.043326332423399318,-0.91526264817280922,0.39940910848815947,-0.052598944061546943,-0.030810247047057291,0.060782799166803306,0.99767538809090939,3.5528597060181277,19.435057600793872,-0.17152391619929444,0.3561582287762528,0.2678745112084254,0.5348837209302325,True,2
0.80244283270334849,0.59634016812537971,-0.021538433629694119,-0.59660480623337464,0.80248941864436862,-0.0085696057705046402,0.012173964936052564,0.019726551751848783,0.99973129276506989,8.742903842475819,23.701621613827875,0.36077863241557545,,0.1591281757365623,0.625,False,1
-0.2258367839012578,0.97315240322874386,-0.04440886316104712,-0.97062246369178506,-0.22866581801601829,-0.074859713116965279,-0.083004698746671352,0.02619816331702067,0.99620473609835269,-2.246961255418455,-20.950418443921908,-4.0191892465561958,0.2103497319558522,0.2784593434529481,0.9726027397260274,True,5
0.18825139731976356,0.98117938198494148,-0.042993392222592366,-0.98059889963629865,0.18534332994469954,-0.063825136718156178,-0.05465536972007104,0.054174444276423699,0.99703456316624406,-1.3027964166106252,-25.000334523072009,-4.4823684940621167,0.3060025605793481,0.2807085291041297,0.9795918367346939,True,1
0.088603415008075781,0.99456440414368585,-0.054690774900547016,-0.99412545924130913,0.084870770653353286,-0.06716787607898965,-0.062161130436658753,0.060320794913707079,0.99624163512865449,2.4922251559734434,0.10296198639693077,-1.7964020313101541,,0.2675457256058377,0.8445078459343794,False,1
-0.48668124773994237,0.87330436368783837,-0.021928325564757527,-0.86866030314268083,-0.48644830424262975,-0.093794056546973592,-0.092577755656312447,-0.026599542538378124,0.99535010096668497,0.95062996278636014,4.296957049339432,-1.4963695750246613,0.3138012936053999,0.2693963852656766,0.9387186629526463,True,5
0.11703451462675472,-0.98977862637788627,-0.081493516009470551,0.99025568037964162,0.12253871395211043,-0.066166086923868814,0.075475889275542885,-0.07295570127460077,0.99447516599943209,33.356101936818085,-0.40949827876209943,-0.95555160200508493,,0.3363307872558059,0.6842105263157895,False,1
0.011848652533790589,0.99971744866070644,-0.020606607592258293,-0.99769715176002816,0.010443316609009505,-0.067017389595022056,-0.066783252414512453,0.021353219465265787,0.99753899032338922,11.65106110224384,5.439015676026056,-1.0537312106336887,0.2329480850619914,0.2308553330511441,0.9466666666666667,True,5
0.99868924206945908,-0.020003351432632578,-0.047113307103129325,0.019577058024235119,0.99976328839116302,-0.0094924172056217171,0.047292034993716495,0.0085576349976178925,0.99884444750391543,-15.342168534205047,14.150708713804471,-1.2075602082885775,,0.168032642193766,0.2,False,5
-0.96622886453358459,-0.24028944367733307,-0.093073973802440174,0.25370086737546876,-0.95034029186906122,-0.18024760620646874,-0.045140350409300936,-0.19777338776353379,0.9792078614152665,-14.947248296140282,13.364711717975487,-1.2367381040458194,,0.214051966738022,0.2380952380952381,False,5
0.53297449311620626,0.84502480556218051,-0.043258151510702884,-0.84581563936467996,0.53068256184546692,-0.054515344255085314,-0.023110471514909615,0.065643709049168927,0.99757546560078691,-14.734584670120597,2.2230220054333434,-2.0495684204345479,0.3000079433408981,0.2482796009434479,1.0,True,5
-0.32206885021805182,0.94649551105231844,-0.020442682725947271,-0.94260949714939679,-0.32260607927116258,-0.086096768238134197,-0.088085138377507977,-0.0084596202692561531,0.99607702675140342,1.3539476846313612,-16.91051120897124,-3.472154873563376,0.2719133683606144,0.2375269501360482,0.8429752066115702,True,5
-0.60900239795305156,0.79194110929592076,-0.044106220588245058,-0.78751307191718389,-0.61035316831694164,-0.085394212245509263,-0.094547558651681227,-0.017271054762721179,0.99537051886239292,-12.998233364483637,-12.514918332842949,-3.3997981953562233,0.2936374470078568,0.2428231744112323,0.9390243902439024,True,5
0.53951275058880666,0.84065959395515621,-0.047089691475426326,-0.84170620463133483,0.53707535261312211,-0.055504330467115379,-0.021369535259630319,0.069580979488945149,0.99734739697667274,14.800448679625443,-21.977239996988114,-3.973960861618357,0.2411246213990667,0.2467720185899487,0.9387755102040817,True,2
-0.12712825539993333,0.99160302526081512,-0.023703311426231503,-0.98896195010368815,-0.12855093462872877,-0.073681194705232073,-0.076109578412177165,0.014074711353342012,0.99700011764003338,13.876349427822063,2.5398756063616519,-1.3314785997253118,0.239866826799905,0.1966708584506852,0.8695652173913043,True,5
-0.98106305608060929,-0.17275202926941169,-0.087590047248965824,0.18821628969684642,-0.95702978002764483,-0.22060967438666573,-0.045715514724528131,-0.2329178750623021,0.97142130674076377,-13.548124990084972,-6.1526863615841298,-2.8070916312391061,,0.402084429900712,0.1527777777777778,False,5
-0.96073824450006307,0.27270539561326151,-0.051125265362175563,-0.26505463100628801,-0.95655389404444369,-0.12145242019215946,-0.082024801962935406,-0.10313299662002921,0.99127973694165417,-0.05546734024005702,-14.183526059486507,-3.2454409970814941,0.2613520990829692,0.2301527661754889,0.9428571428571428,True,5
0.26132083239921389,0.96420608828586452,-0.044922620879181759,-0.96409760817422674,0.25845004590116466,-0.060986684500981561,-0.047193479071990438,0.059246882501601421,0.99712716463193585,20.825149692363979,-0.48256069806880475,-1.3049346566371642,0.221093291777219,0.207962845052603,0.9868421052631579,True,5
0.55732529859286151,0.83012514883021837,-0.016755561106244047,-0.83002530708901001,0.55651774989095504,-0.036687649803471924,-0.021130573588330724,0.034354495134049229,0.99918630271031617,-15.961446966595464,-4.5542579791736317,-2.736217602940652,0.1907799999230384,0.1884483449481145,0.6923076923076923,True,5
0.21195042722165985,0.97646667518095276,-0.039872906360245319,-0.97581622026744941,0.20922410610604553,-0.063308590942116411,-0.053476356116566967,0.05232691167251538,0.997197158866446,9.7299235321857012,-14.430763035616675,-3.0250781523484953,0.244844995334173,0.2228097079411903,0.9375,True,5
-0.97590700493383697,-0.19370665794219799,-0.10041537925005889,0.21240087391041221,-0.94871999158516551,-0.23412869608131612,-0.049913790510860728,-0.24981614886853967,0.96700594893792147,-11.515917686882569,-26.854345371655953,-4.6877158748368819,,0.172825018777025,0.2857142857142857,False,1
-0.069412673208091857,0.99744410869394096,-0.01694493522729975,-0.99490550842045022,-0.070460857754954517,-0.072099215245954598,-0.073108892159251426,0.011854010131040933,0.99725351457443379,-6.1601280574827531,3.8269918829130889,-1.6793868465724189,,0.2914020352647394,0.9972602739726028,False,5
-0.95930475678465976,-0.25781209273382133,-0.11518380290011655,0.27599577351129362,-0.94228600719732591,-0.18953472938758298,-0.059671740499403284,-0.21361181025479159,0.97509449691065464,7.9037775115637672,20.030757435883043,-0.024963175941728834,,0.2117062024143093,0.4285714285714285,False,5
-0.98722267609434733,-0.12712765278825583,-0.096072616814909639,0.15428500745332877,-0.91334791009841287,-0.37681790243297619,-0.039843748320685074,-0.38682574244149059,0.92129165887049436,-10.019514980716785,15.897096556131993,-0.89634383734052003,,0.3631484424278819,0.4210526315789473,False,3
-0.54917904405172813,0.83454946950545483,-0.043926763170010388,-0.83038444840008707,-0.55085012789789178,-0.083820071881141212,-0.094149059632656101,-0.0095561259431019424,0.99551224755260848,15.473722982932706,5.41398260572862,-0.96769951999244208,0.3032423226214943,0.2652856033483424,0.993103448275862,True,5
0.040613704028973699,-0.99340681493574723,-0.10720740218969256,0.99678058090214228,0.047706011262874277,-0.064440748178272583,0.069130315936179243,-0.10424507915773329,0.9921461398856336,-18.02614569698477,19.667191792780919,-0.86872992933541071,0.3216378905656401,0.2590257942600341,0.4166666666666667,True,5
0.060715001579349087,0.99758625009415702,-0.033695136241002621,-0.99606273686040769,0.058368552307562042,-0.066724330942131288,-0.064596538772408826,0.037613637481629859,0.99720233726863405,13.702064157504951,-11.521299980967765,-2.5847393966409689,0.2462708910427461,0.2325860444961489,0.8653846153846154,True,5
-0.85606178882152217,-0.48342864835248933,-0.18290695905782917,0.51643857896877343,-0.81450951091081591,-0.26432073469279432,-0.021199242260302582,-0.32073509098305714,0.94693167311040971,-15.579832463998688,0.15616542326251495,-2.2512930778716593,,0.2298403815255141,0.25,False,1
-0.93612394527507592,-0.33906904393260606,-0.093295994175828484,0.34962213737138281,-0.9259139961889965,-0.14299521922494401,-0.037898814526231506,-0.16647959366827009,0.98531630695404337,-6.8996461653658629,-18.981918579586019,-3.8338241008050509,,0.1484672987302844,0.375,False,1
-0.26765367200797852,-0.96026390768119396,-0.079086910835420049,0.96219856705613027,-0.26209643129843885,-0.074022822533006655,0.050353047730755066,-0.095909792542091241,0.99411562822377841,-5.6173274719074335,-4.298955677991259,-2.372750224121877,0.2302522302935736,0.2126834410993509,1.0,True,5
-0.33187458860254482,0.94292923271939144,-0.027271221518534002,-0.93952566411394489,-0.33299184688564326,-0.080049711922907954,-0.084562307863159977,-0.00094445270376813245,0.99641774577631226,11.366176508678144,-5.3246294067385742,-2.0540390026000526,0.2644353723419007,0.2475858704421891,0.9388646288209607,True,5
-0.65412656975795014,0.75529962823272923,-0.040508052634009611,-0.75001386588339947,-0.65462231153375328,-0.09459825698629247,-0.097967503384217156,-0.031497632192082736,0.99469104120171714,-2.8962200901258148,20.018169973560138,-0.31229235544565626,0.219325138105567,0.2142616126616391,0.3,True,3
-0.29165063188727458,0.95623230174404306,-0.023657853263619053,-0.95276933374008566,-0.29260622684379212,-0.081315390281992125,-0.08467883799525619,-0.0011752078662043072,0.99640760398656347,7.8379942654221901,-5.0775178380850718,-2.1497479502026589,0.2824459581586189,0.2376891534815486,0.9861111111111112,True,5
0.17866669512903532,0.98381808891793832,-0.013423113257508862,-0.98235405158640976,0.17760075868054215,-0.058638620787504314,-0.055305780741557765,0.023663018276445243,0.99818902627839723,-13.175352880545853,-2.50458412567097,-2.3728755185813939,0.2959671808717456,0.2296681932792858,0.9489795918367347,True,5
-0.15671378791024082,0.98763155740060338,0.004969457242228352,-0.98531364528065857,-0.15599658311871697,-0.069441244797493029,-0.067807146397442439,-0.015778874539823802,0.99757366545819148,21.989966255787639,2.5412102802038805,-1.0003653120390972,0.2266323038146634,0.1895180745687774,0.9019607843137255,True,3
0.84909694220433729,0.52647688438852813,0.043086807073550157,-0.52764852808322071,0.8491740274581544,0.022147277532667861,-0.024928167819872046,-0.041539875963303462,0.99882582323150704,-19.205024068683908,12.577508364561396,-1.5215074521668079,,0.2170988786753092,0.5454545454545454,False,4
-0.17933404901739369,0.98321531452913169,-0.033569988656642319,-0.98042432815681413,-0.18143621341279698,-0.076478998559638495,-0.081286134249859726,0.019197545098425035,0.99650590497041569,14.453310262507346,-15.9724237158373,-3.081720830121391,0.3029357279529657,0.2908918975902186,0.9841269841269841,True,5
0.89553470554873149,-0.40508547020095659,-0.18418293349226977,0.43721225432442262,0.8780280817343683,0.19471038070535171,0.082843441661391681,-0.25489693901248883,0.96341295126013315,-12.862081844588856,-4.7473333352341598,-2.6390637162920658,0.6211571947551875,0.5540946845752067,0.5441176470588235,True,5
0.93956723234105322,0.34066176188589337,-0.034102491108031138,-0.34081276598403804,0.94013005559854468,0.0014618832332100457,0.032558784579338959,0.010249026738041209,0.99941727171269146,-18.351780165181214,13.298939400853468,-1.3993810872094741,0.5026422503353596,0.2504311792995899,0.2727272727272727,True,3
0.082275072265502208,0.99638360635607925,-0.021225491008727494,-0.99475018162860973,0.080802533455305858,-0.062793524642699702,-0.060851365091964434,0.026280402813871808,0.99780080767374912,19.755209573874673,4.5921269069479234,-0.95677430077247483,0.1875654850145984,0.180053643624933,0.8958333333333334,True,5
0.11962534993904476,0.99254860632724451,-0.023174117670467658,-0.99105095508454055,0.11798732150721776,-0.062425927222360525,-0.059226514991008401,0.030434454839802741,0.99778051889211694,5.1242160901199929,4.6192936680064722,-1.3212074229368693,0.2743913520802799,0.2524565528330835,0.9856115107913669,True,5
-0.589854609635309,0.80645960405677608,-0.041163655286744358,-0.80193000575567919,-0.59099952092948671,-0.08733746120545692,-0.09476183493724924,-0.018506033764860048,0.9953279466354894,-8.1341624325996058,-14.072414445851827,-3.3679413261537894,0.3291339825715472,0.3011576893701441,1.0,True,5
-0.080251188442184082,0.99606045397327503,-0.037726897356813414,-0.99409608279954076,-0.082751069073621036,-0.070180045096754406,-0.07302550866804515,0.031872128854647942,0.99682066716438344,-12.372813586040294,-6.7662315576212757,-2.8305207218266468,0.2448383503917435,0.2253289735679479,0.8910891089108911,True,5
-0.52740593886461284,0.84802891220056409,-0.051864628816415598,-0.84460248483029421,-0.52993776771943069,-0.076240441781510765,-0.092139124528233127,0.0035953325959149351,0.99573965237641082,-9.3484209166949448,-2.9322596052646177,-2.3232442093045234,0.2916207719586467,0.2446358059209765,0.9953703703703703,True,5
-0.14741915604562655,0.95578726888897525,0.2544372006223713,-0.98724246890367262,-0.12654557096929156,-0.096636049490017556,-0.060165604989697592,-0.26543721498277051,0.96224902435825499,-12.679281063419376,3.3698755345222042,-1.8658171391115699,,0.3791689116377794,0.1388888888888889,False,4
0.0477954733048577,0.99641903516184127,0.069747394924187189,-0.99673772299487451,0.052124024835859928,-0.0616197824882899,-0.065034639159129187,-0.066574712932588376,0.99565973269354713,23.883928021884799,1.2281281137646458,-1.0217447267024093,,0.151424955621526,0.1333333333333333,False,1
0.014852412986337552,-0.98887767139001492,-0.14798769156503622,0.99741504984172313,0.025058878627876931,-0.067344420341622524,0.070303799169881845,-0.14660492361506267,0.98669365671119291,-12.072367908124454,18.82973274859809,-0.71194553106653502,,0.1173638820596852,0.4117647058823529,False,3
-0.56131429965188906,0.82752394830262632,-0.011418055523659709,-0.82399060897445908,-0.56009882601644423,-0.085608302266198782,-0.077238159793001887,-0.038644793706694026,0.99626344236409559,0.0039268402907528949,19.989410372592367,-0.24298799413135463,,0.2981641578195693,0.6764705882352942,False,4
-0.53136991212946716,0.84710236454207,-0.0079749903296186878,-0.83908457190232744,-0.52758901694474214,-0.13261564913225549,-0.11654654726336242,-0.063776274479745487,0.99113545448363094,-8.1022855103649967,26.898316124658301,0.13229939782393657,,0.2664439776448985,0.4285714285714285,False,2
0.97779609555369729,0.20631474711904968,-0.03672901633785413,-0.20334341070487549,0.97647853848123989,0.071701612314153632,0.050658196206064161,-0.062640953111709946,0.99674964667683885,4.1025568920760165,-31.231542478295566,-4.9485517571191204,,0.3343371069952661,0.5,False,1
0.059954779710683991,-0.98908459183367403,-0.13459975700965071,0.99625305309110967,0.067711419834280848,-0.053805369905496746,0.062332002987910771,-0.13086952976625019,0.9894381676397338,-23.152238116350233,11.903454857254252,-1.7596510305697708,,0.151471596322646,0.4285714285714285,False,4
0.1360847653466738,0.99025037204758426,-0.029751257119022018,-0.98895829839486571,0.1340061299247701,-0.063275913099045983,-0.058672145661064004,0.038033640401716348,0.99755251567088943,11.687133330953669,22.806557368130793,0.27423477138268421,0.2824648995847315,0.2217180650842827,0.9565217391304348,True,1
0.21088117204552986,-0.97302545010798613,-0.093544666971750609,0.97475257587093778,0.21650589745815252,-0.054613296904808484,0.073393099877825177,-0.079665989029146372,0.99411608129148188,10.740489417630746,21.975566330970718,0.2174435536105509,,0.1811597936130177,0.4375,False,3
0.15354373877356922,0.98810179554282163,0.0088972989433166103,-0.98612558337376954,0.1537991325299492,-0.062467276623672616,-0.063092425053862727,0.00081760509287255589,0.99800735339111357,27.139315881324457,-1.9831865711293779,-1.2323245296644458,0.4078032950244107,0.2647783171261255,0.6,True,4
0.37571280291784487,0.92658254679755081,0.016872275892233536,-0.92587694527749564,0.3760860478302237,-0.036210037711361588,-0.039897016520440004,-0.0020170765006837788,0.99920176114494519,-0.8647019223417024,18.871484592186022,-0.3537800925172423,,0.2713157149128582,0.4042553191489361,False,4
0.95313496285557209,0.29574324141010622,-0.063794025915840241,-0.29851458339561704,0.95359708499150608,-0.03926376186565976,0.049221804949113102,0.056467111276791909,0.99719039268416787,-20.798786446993095,11.197845839033688,-1.6997723578551274,,0.147497863594683,0.28,False,2
-0.32615059937694996,-0.89741769790270232,-0.29709806801302147,0.94277646404210413,-0.28576212790081595,-0.17179215670648157,0.069269945678648623,-0.33612718091313493,0.93926577329159888,-2.9101924725923318,16.407456184710657,-0.66895628867012702,,0.479209072156286,0.2765957446808511,False,3
-0.6862153387210751,0.72603625486439671,-0.044495679862233656,-0.72121935787720071,-0.68706825154215867,-0.088203489420774717,-0.09461050008915517,-0.028435441710708005,0.99510817448536626,-0.52323854107796175,-2.7390927689338875,-2.0532002876074462,,0.28815097859662,0.9546961325966851,False,3
0.64250634371455828,-0.76060621430670849,-0.093079455545082693,0.76006088556888207,0.64801722026968711,-0.048796848896174333,0.097432276555555974,-0.039393768440792148,0.99446220767469906,-26.210529809651824,10.090449828036858,-2.0834985702355047,,0.1649699970341366,0.96875,True,2
-0.90508508010683475,0.422225559522522,-0.050463597314283994,-0.41601221424203605,-0.90378326939107334,-0.10054670342791715,-0.088061543078935545,-0.070009848269200772,0.99365174270258305,22.394528748248234,-9.4234125160989066,-2.146342139139545,0.1970029597155504,0.2395961906931015,0.9545454545454546,True,3
0.997815952658617,0.026923603964599759,-0.060319517318481938,-0.010939108526349656,0.96790746687665929,0.25106865887453572,0.065143384350415778,-0.24986047129141223,0.96608803137261134,23.82031080625757,-1.2676332373219037,-1.2466577348630716,,0.3386213966481504,0.3265306122448979,False,1
0.02407502439714904,0.9997007598508888,-0.0043340458965420922,-0.99769495707679157,0.023751139095281353,-0.063566154636069502,-0.063444194563543665,0.0058544124584157323,0.99796821594224661,26.258881439290747,-8.6450476603203814,-1.9896576461252733,0.3170676531911217,0.2327517352289736,0.9583333333333334,True,3
-0.65435486397472931,0.75528713202910502,-0.036892549164619093,-0.75023735011090531,-0.65454112328147351,-0.093380064424878811,-0.094676451619086471,-0.033425531030592884,0.99494678419709581,14.541822967978122,19.893659900990475,0.13574381939408275,,0.260538905558189,0.9166666666666666,False,3
0.99651593061380195,0.048941078297943898,-0.067533479755907955,-0.028563418078616384,0.96102777322739896,0.27497227175344752,0.078358989149766911,-0.27208526226280633,0.95907741026405424,-0.3329851600030298,15.844233274829088,-0.61505075606202608,,0.2552739869045941,0.2333333333333333,False,5
0.30487070841174746,0.95211863952574438,-0.02288989777534238,-0.95143452683878083,0.30339726562716796,-0.052177009774649188,-0.042733971165636167,0.037685480992074902,0.9983754865935015,-12.549123293414944,20.748623076505918,-0.52110289963676382,,0.1659253783975267,0.9393939393939394,True,3
-0.97628154658762489,0.2081854627982466,-0.059440347172231248,-0.20184972202206794,-0.97451415590043422,-0.097871597868217627,-0.078300903647974457,-0.0835522173801755,0.99342236508887105,5.3414263253900129,-18.219754215782963,-3.5189298990524422,0.3216460271869347,0.3088243936368041,0.9333333333333333,True,2
0.54096729635393648,0.84099687611786111,0.0088678427766417101,-0.8392440285826247,0.54046915302184517,-0.05968714367647153,-0.054989496850932948,0.024846508645043647,0.99817774281148597,-13.043353638911045,16.694055649771986,-0.91838140074177388,,0.1182294921967216,0.3846153846153846,False,2
-0.99605734005754132,0.063113149708819996,-0.062341845106871331,-0.055076797104229525,-0.99086002247641458,-0.12313798065089435,-0.069543667851477309,-0.11921890031313225,0.9904294684983338,-3.4020086106661771,27.040252328227556,0.26168490156022672,,0.09903110193612832,0.3,False,1
0.69340502060108045,0.70880790894924017,0.1295408260596724,-0.72053951318570597,0.68297366928729086,0.11987400468142181,-0.0035053307008711607,-0.17646052043236576,0.98430147687861225,-13.285412906780746,12.513123978145673,-1.2195670289129821,,0.1276677251316139,0.125,False,1
0.052100006999627177,-0.98855150181933671,-0.1416033810379323,0.99607281643113943,0.061605296500339427,-0.063590343685530723,0.071585848025831469,-0.13773422121550008,0.9878789149833006,-20.342605672630068,13.957898462535681,-1.4753896461671985,,0.1688754384378658,0.25,False,1
-0.98153465717985244,0.18618494355241089,-0.043873494837036751,-0.17518895101248452,-0.96707016009968494,-0.18461889634572953,-0.076802006471023865,-0.17352369359587616,0.98183042301757439,-17.126619586648477,-8.6194283249943418,-3.2007723510592636,,0.1477876851755614,0.2142857142857143,False,1
0.98991852642339739,-0.12195250368849615,-0.072034005079798027,0.12098504485149543,0.99249721056455364,-0.017660859091834159,0.07364733509103133,0.0087677742721475327,0.99724580528990014,-20.734503921271941,24.795416345280788,-0.58363124578281123,,0.1791663267728711,0.3076923076923077,False,1
