axis_00,axis_01,axis_02,axis_10,axis_11,axis_12,axis_20,axis_21,axis_22,location_x,location_y,location_z,dbh,dbh_approximation,score,reconstructed,number_clusters
-0.9722200167657018,-0.23313273590984626,-0.020913307899234033,0.23367136789836948,-0.96148233774605885,-0.14473909640065341,0.013635645368044621,-0.14560508799338956,0.98924881982534296,9.1307065732300199,3.9783950209184376,-3.1731245885187493,0.2729143426417735,0.236362209686825,0.9951690821256038,True,5
-0.88805207054591262,0.45974285186113489,-0.00017367126112095843,-0.45356940802011808,-0.87618884801488917,-0.1629966095433274,-0.075088694937360118,-0.14467070462581885,0.98662661382899675,25.880669229786637,-4.4495986107141849,-5.2455537101106842,0.224895394041949,0.2125484241790449,0.7446808510638298,True,5
0.9548086605818108,0.29470199835683375,0.038615461184049751,-0.29473961846903485,0.95556532414746453,-0.0048444392531967473,-0.03832726161227569,-0.0067559937417780852,0.99924240180542034,-13.101900662162524,-2.1930166307301393,-3.3373513233630172,,0.1592472394875654,0.25,False,3
-0.83110752034485214,0.55293836824805753,0.059324957188406739,-0.54910827074382429,-0.79908094053534173,-0.24484639567263292,-0.087979523907312979,-0.23606950542653396,0.96774521025976357,-3.1353803213987388,-6.0712530765484285,-4.3660439383252294,,0.5822081009436582,0.7558139534883721,False,5
0.95651106115460194,0.29108573113604586,0.018859666431056011,-0.28930856426341384,0.95495250116399344,-0.066077796304615022,-0.037244389278643097,0.057747880044429184,0.99763622519314865,-9.2506955536070397,-3.6785543658545468,-3.7235985831546761,0.4475422844458369,0.606755883091131,0.5517241379310345,True,5
0.40163335825692603,0.91563492285980808,0.017416474234960413,-0.90886782286478707,0.40085647712322842,-0.11521009204655702,-0.11247189024945428,0.030442943153839108,0.99318845196460426,-1.6714525650745091,5.7320885734167684,-2.6275628280113197,,0.3238397857802591,1.0,False,5
-0.77973844278060767,-0.60751315161635966,-0.15144547356468541,0.62557252005058628,-0.74596270749867288,-0.22847026322654945,0.02582601416464898,-0.27288717381805977,0.96169933313794098,-0.98380947188266077,-8.9667440401577618,-4.8954138698328684,,0.3738204266176559,0.953405017921147,False,8
0.12386435737924345,-0.92890710173598767,-0.34898311895487816,0.98272778329851285,0.1635625796202281,-0.086564348788443796,0.13749081752690923,-0.33223316946449544,0.93312239079520443,6.3492701829704039,7.0247453962143993,-2.6617513574672578,,0.4933753399184597,0.2,False,4
-0.84721368916612194,0.53019490533280322,0.033501152945398127,-0.52262403083377329,-0.82047585194701889,-0.23169699775110125,-0.095357680784456916,-0.2138053758233277,0.97221097195231065,5.7404834816975594,9.151289870272306,-2.3150106479012376,0.1506476641266518,0.2129859404230572,0.5535714285714286,True,6
-0.66228861212453838,0.74923297415549928,0.0048728521686916826,-0.74122583060858205,-0.6542337315015363,-0.15020816423947433,-0.10935292537820049,-0.10309304052010744,0.98864238362895895,11.554076835500917,-25.607911547060684,-8.482226465945411,0.3103284215139543,0.2330402557859446,0.9512195121951219,True,1
-0.95170613927235104,-0.29868393485324113,-0.071016417340657126,0.30638481385866534,-0.90924769743064304,-0.28177468046981335,0.019590056357972445,-0.28992504510245271,0.95684883754657579,3.1568058361326718,6.4539141222929493,-2.6449985146642354,,0.2396437178835612,0.2233009708737864,False,6
-0.996529951976033,0.081115416959360545,-0.01866397455407048,-0.076856956426402848,-0.98282145156350165,-0.16779452492701155,-0.031954077416128171,-0.16577781358831031,0.98564529799434653,-12.185141295295551,-6.5755793062545731,-4.034137391093676,0.2123585775385607,0.08358609199602743,0.2857142857142857,True,5
-0.64625677412059668,0.760164932602998,0.067092899355459409,-0.75692351755994136,-0.62734564232141088,-0.1830416171940776,-0.097051380556523167,-0.16907607844109096,0.9808130857768248,-6.186177591449872,10.871568279050672,-1.7334509128195921,,0.2044130146329742,0.4,False,5
-0.9879052648135922,0.14683362910727721,0.04983044367427783,-0.1529332624144446,-0.86965278908146426,-0.46937771963537733,-0.025585249673657964,-0.47132145273265341,0.88159031482493044,-11.366498594334402,-2.4281280345567851,-3.4506362913850976,,0.2262229877393898,0.2926829268292683,False,5
-0.053869614536080093,0.99847814059218809,0.011809631209349388,-0.98992427300891817,-0.051849671923784368,-0.13176321652555512,-0.13095036593113643,-0.01878867427368433,0.99121086928137503,23.419747405640543,-1.0028759509003415,-4.5429461643931957,0.220091950740813,0.2095106254811115,0.9672131147540983,True,5
0.54525232372494181,-0.81086485687679022,-0.2125984180438201,0.8277996193919549,0.56079950225860309,-0.015865320703921965,0.13208971802183067,-0.1673382865595511,0.97701085165121282,6.2603457860840237,-6.3928841330122115,-4.7906467186824759,,0.413522263802273,0.2473118279569892,False,6
0.39342962070602139,0.87041456800366179,0.29595880348135428,-0.91293765484738199,0.40785534755516667,0.014101554255335214,-0.10843418240056119,-0.27573990512374674,0.95509660914981187,5.8101713387848664,-6.8108288593210409,-4.8737226905104132,,0.2571493591666659,0.3230769230769231,False,3
0.28856399880073463,0.92701971325679,0.23951047958164556,-0.94645434974759834,0.31399834095141027,-0.075028032918460899,-0.14475835879140583,-0.20503534600907747,0.96799045679539508,12.426536476482918,9.1879802734477813,-2.4358361169748903,,0.2936771675326124,0.3157894736842105,False,6
-0.95430125800388066,-0.27721422137388502,-0.11163057126200389,0.29799401933029768,-0.85450855597329578,-0.4254582144133624,0.022553789384154598,-0.43928055185325826,0.89806676998311896,12.805936815931044,0.22942052851720063,-3.9842005414182338,,0.2919757265204112,0.2459016393442623,False,1
-0.59446519803203257,0.80404253212974874,0.011257657621260476,-0.7957989455747484,-0.58624602817538318,-0.15172222207279212,-0.11539136254873752,-0.099152412855003008,0.98835906050087718,0.094409642205605743,11.633156628503631,-1.7612929192768441,,0.2979070671738239,0.9878787878787879,True,5
-0.84645355267508671,0.53236568587753985,0.010156754592892914,-0.5257957422263555,-0.83269418306929477,-0.17366414408044878,-0.083995360707359773,-0.15233901004895509,0.98475256049270787,-10.195839727700653,-3.1411472951077308,-3.6062398063947949,0.2053871578450937,0.1642139078265989,0.8709677419354839,True,5
-0.67987345839701507,0.73331006938345644,0.0053312951626831757,-0.72551864154067058,-0.67155599575145331,-0.15045014239691618,-0.10674634112821291,-0.10615501265179705,0.98860322270597278,-11.713778236308492,3.8815783041265175,-2.5495309239996691,0.337019993452309,0.2742054293603268,1.0,True,5
-0.74640203166213948,0.66549243194561147,0.0019570778594457383,-0.65797253533133626,-0.73752057079770095,-0.15210374880287439,-0.099780508518875183,-0.11481825061091336,0.9883625951270949,13.368481308133257,-15.71001187938738,-6.8287400316052764,0.3700703859859424,0.3089722257900484,1.0,True,3
0.88781591499627432,-0.45410349681449702,-0.074651960859543204,0.45728111117161424,0.88874023775553657,0.032167921286372608,0.051738635901832093,-0.062696124083380822,0.99669067898718677,-8.9642925694316222,-3.5959426420639571,-3.7235894211348759,,0.287228027995221,0.3095238095238095,False,2
0.991829163456176,0.12420840554154708,-0.029106399822876931,-0.12408904636863323,0.99225367120754748,0.0058788218605211606,0.029611131169642497,-0.0022190015707836963,0.99955903124472023,-2.9601703396300501,-5.2980734179060436,-4.2353401278207956,,0.3411056309260324,0.235,False,7
-0.1707311498812569,-0.97100587782952397,-0.16732740265940149,0.97894979319835729,-0.14788814676336395,-0.14066413346618717,0.11183996091343822,-0.18782087548357193,0.97581511664631793,-10.360245017553511,-6.6178983169249781,-4.1697499365283699,,0.2438928121588648,0.3548387096774194,False,4
-0.4098187662176267,0.91181148137291146,0.025463725029942676,-0.90361952527555345,-0.40200772812881347,-0.14785648469206397,-0.12458062608867787,-0.083603881257080986,0.98868096909069036,-5.1367947561558482,-12.478580304621392,-5.3316500362332544,,0.2175988101575302,0.9473684210526315,True,5
-0.087904659324423012,-0.99471283953358791,-0.053095552884260024,0.98798253504936506,-0.080258969383297935,-0.13209469433312571,0.12713489413409759,-0.064069218042356019,0.98981405020991386,-18.940235063140129,5.9915906466844193,-2.1846562433280945,0.4530297946147554,0.290221851479562,0.9726027397260274,True,5
-0.75235907533915858,0.65875111582531998,0.0016700759573150883,-0.65149623955332925,-0.74369323319321945,-0.14991005553493378,-0.097511392168699293,-0.11387423897226383,0.98869822802299523,16.344775887473499,-0.10434232052789949,-4.1418010987688509,0.1885126108208285,0.2218269851572035,0.9479166666666666,True,5
-0.96158522241020916,0.27198591203279987,0.03711500637202414,-0.26687140015150007,-0.8945885549321656,-0.35845637554039683,-0.064292424308679402,-0.35459128731550371,0.93280839572574992,11.290016292070245,0.58024784834970233,-3.8204221828584375,,0.3737886161680731,0.2519083969465649,False,5
-0.96065161047321057,-0.27711980004146991,-0.018790947826100485,0.27702595067098845,-0.95102860896500141,-0.13711749554644642,0.020127243975828074,-0.13692772310628137,0.99037654086456817,5.4498062023876761,-11.714100941989322,-5.6634484362193769,,0.2299656787533581,1.0,True,5
0.53636867137998567,0.84396997965988774,0.0048292644325347647,-0.83798009288927233,0.53322576686864565,-0.11601571216276128,-0.10048886646468271,0.058180365934180703,0.99323563807205895,1.4829363333261558,2.5584047291926533,-3.20522383170761,,0.2721649042614528,0.9985652797704447,False,5
0.76622941257761568,0.62921783485012495,0.13029736608037668,-0.63865785502123451,0.76807989428422374,0.046577035285768981,-0.070771685868279005,-0.11890413072243158,0.99038031895656375,-6.2407242146150965,-13.299842261204198,-5.3904760471999031,,0.2112834359414085,0.2333333333333333,False,1
-0.43958249568553104,0.89770439063476193,0.029900777948934122,-0.88940842851888291,-0.43039068524183033,-0.15400164069463534,-0.12537893270582554,-0.09429042948326774,0.98761806288737441,28.714729628000388,-1.936126417878548,-4.8845865516653832,0.2847777207248866,0.2901303612500025,0.9803921568627451,True,5
-0.99895362638466945,0.04193130001896677,-0.018259748400181353,-0.038170435864210261,-0.98432844455923774,-0.17216425603918992,-0.025192660813315018,-0.17128712534896171,0.98489900524410867,23.333260036943585,3.2109018631142487,-3.8172070005015128,,0.2209240901485716,0.8823529411764706,True,3
-0.92999055851267032,-0.36679813702578917,-0.024014323886040887,0.36619028853108082,-0.91880431439687915,-0.14732041416995181,0.031972389069587555,-0.14580040644693937,0.98879725313994071,23.737718842046018,-12.215744308349082,-6.658036985670325,,0.2418268243710715,0.8043478260869565,False,1
0.61655428538808243,0.78379567693174867,0.074331352689778668,-0.78195177421590323,0.62061957763798326,-0.058161522100537114,-0.091718242297761723,-0.022263797419860707,0.9955360803879767,-2.2385636880351441,-5.1154351784955754,-4.2449720433044025,,0.1116016214112774,0.3,False,2
-0.096928136114186131,0.99388477486067639,0.052896036993090118,-0.98808938946099001,-0.089708833945741501,-0.12502673132856285,-0.11951692291905387,-0.064384620929535036,0.9907423104539963,-15.927825767496074,-9.3087514925020969,-4.4312825154033071,,0.2241340076261639,0.9705882352941176,False,5
-0.99155507546072108,0.12843584254231694,0.017965708406013456,-0.12672800056431624,-0.93017378913964732,-0.34455295075004333,-0.027541717467423697,-0.34391998538618884,0.93859495920812885,-8.2561368093358123,-10.449285880249708,-4.8398853475472778,,0.1320534349489201,0.2727272727272727,False,3
-0.41794489160007575,0.90845034547880743,0.0063275101609746448,-0.89967024926419048,-0.41291820275168117,-0.14174625365501209,-0.12615668897965968,-0.064934795262306583,0.98988280224980796,-0.50998045274842996,-3.9031355498447726,-4.0848114638742201,,0.2560467938350557,0.9780590717299578,True,5
-0.37167847235155926,0.92814874578580864,0.019875082053712578,-0.91950047654654166,-0.36509561229979737,-0.14568482251119586,-0.12796088004188563,-0.07242305969555965,0.98913139349797186,6.0402235876350812,10.678927670591019,-2.0372262026432191,0.3455420027500116,0.2738612266007389,0.9681528662420382,True,5
0.051025154930325473,0.99848493512018799,0.020597764499373155,-0.99027091879128304,0.053257422511090648,-0.12855798047474351,-0.12946019064023362,-0.013837676304587168,0.99148806233554065,-6.3203354079640786,0.41242600249012085,-3.2644279132278919,0.4010253916695586,0.3238720318011469,0.9971550497866287,True,5
-0.89924436695216936,0.43741212333282881,0.0054957134440442954,-0.43137125710625096,-0.88459887746560517,-0.17721079123226166,-0.072652646526919967,-0.16172649859580121,0.98415757508875445,-7.2507190702175013,-18.066421990643683,-6.0977228832958126,,0.06583437888831635,0.25,False,1
0.13463453328420558,0.99081592617771608,0.01254363902300294,-0.98270354889534273,0.13513518057753762,-0.12661839502526837,-0.12715060926257007,0.0047205299354550756,0.99187218892420115,14.210982838204215,3.4764482856649948,-3.4155827868577018,0.2178011977704193,0.2034608713467868,0.8518518518518519,True,5
-0.57817780752909154,0.81354850031724446,0.06204240898301433,-0.79875221195092549,-0.54886734723476338,-0.2464539288446774,-0.16644917177431881,-0.19205070364629293,0.9671665836062614,-8.4791716561567121,-7.8316228601521036,-4.403847748828051,,0.2149491056249414,0.4666666666666667,False,6
-0.76209652877009193,0.64746299946259322,-0.00073835186754201906,-0.64016430458873441,-0.75367536872766427,-0.14887277018865033,-0.096946087940669237,-0.11298275487933107,0.98885608312477835,-14.229983243926618,8.9151051147898954,-1.8670271478850644,,0.2999723927501808,0.9882352941176471,True,5
-0.92689961442166258,-0.37272850468973701,-0.043938213171757355,0.37344274640405345,-0.90428589403537973,-0.20689982360270937,0.037384755491668469,-0.20818377372020905,0.97737500296275315,10.276921800596826,-5.4018447649558139,-4.8807255844146891,,0.2866096831009058,0.34375,False,5
0.24618798743362749,0.93418140770253499,0.25825679535356055,-0.96116504876900954,0.26960078737041826,-0.058967486584714249,-0.12471256499746951,-0.23371031845462278,0.96427499354675328,3.0096472242687753,-15.632100494865265,-6.2013066564809316,,0.2698557427315668,0.5714285714285714,False,2
-0.87687701224523373,0.48069446287000817,0.0044202671849583736,-0.47434739358002403,-0.86373394176185225,-0.17017117280071345,-0.077982405706093647,-0.15131593179386929,0.98540460379767014,16.643901398267332,-8.4073877950363745,-5.6856361489885385,0.3184295568747599,0.2995927786326406,1.0,True,5
-0.49875054894434717,0.86666792664934089,0.011601501844437352,-0.85821361176830235,-0.49192330800639461,-0.14656348663856236,-0.12131482392238316,-0.083055186216031571,0.98913323144018506,10.080747310857442,1.1006221683257245,-3.6897080325597176,0.3582745128275046,0.3016976258555806,1.0,True,5
-0.60398787824834543,0.77963532213203079,0.16543097476937829,-0.78871247637826492,-0.55485007501805639,-0.26471498608450872,-0.11459176468807225,-0.29036211656574934,0.9500308251468117,9.9395020629003863,-5.3514296069711911,-4.879429273316731,,0.491385403103298,0.3142857142857143,False,1
-0.99985708652097638,-0.0079816513298016888,-0.014903012307412526,0.010294169052901366,-0.98670541131145473,-0.16219266744277722,-0.013410317568786443,-0.1623229020524907,0.98664656227646297,2.6293040729973054,7.5011593984078058,-2.4858659192435657,,0.0964232734896486,0.4259259259259259,False,5
-0.63256293188057644,0.77447623729131421,0.0071200478747068408,-0.76647471912518128,-0.62465399578640735,-0.14941181509522616,-0.11126833400669009,-0.099969712509158509,0.98874941943255412,-17.548079496928075,2.3830488122314084,-2.6150775420592094,0.3151961340874935,0.2529022692373489,1.0,True,5
0.42751502206366365,0.90275835408227811,0.047521153653503234,-0.90106540125962076,0.42977227806857582,-0.058111372867827152,-0.072883801785734115,-0.017976182531375114,0.99717842350246189,28.927476965065104,-6.4403061533310151,-5.6503668275554997,0.2794328880001655,0.2000261715625462,0.3421052631578947,True,3
-0.68818124131875635,0.69714102408311029,0.20099992944607897,-0.71765034007808781,-0.61331507250241535,-0.32988272344450298,-0.10669849334822393,-0.37126676983230028,0.92237542092984548,8.718917116799215,2.5147593352861799,-3.4225102528378395,,0.6432907311052195,0.2009569377990431,False,1
-0.55938895037222347,0.80177354547198942,0.21034063797264291,-0.8216545847828125,-0.50285567031840239,-0.2683652699847997,-0.10939719149432675,-0.32294791624951924,0.94007281520276276,-17.289026817353427,-1.5802430478813134,-3.1184033401401638,,0.4714241483886758,0.2142857142857143,False,3
-0.61525294835400324,0.78803236441586344,0.021651839987630133,-0.78015453722017292,-0.60469769237667681,-0.16031094438340457,-0.11323739486796527,-0.1155235623908191,0.98682906267298942,-11.78876789099151,11.932545239365702,-1.488593510728021,,0.3508033614247957,1.0,True,5
0.97031382099787433,0.24130174568281179,0.016265187085670527,-0.24181488795511011,0.96911381444682343,0.048414611550484293,-0.0040802872155982876,-0.050910531118368713,0.99869488287338448,-10.9997159795101,-8.0013747109093174,-4.3000697042024996,,0.2199456950162192,0.4054054054054054,False,5
-0.95644290987342118,0.27094850759621575,0.10864559993044051,-0.28760580288865839,-0.81087129766685351,-0.50967699650351317,-0.049998622957358477,-0.5187240546296803,0.85347846654201642,13.440794577910557,8.2404146372902414,-2.6513034650451011,,0.4814669098483864,0.3653846153846154,False,4
-0.96059168369204806,0.27778432351693072,-0.0099743084932246463,-0.27295935420908524,-0.94946945213667555,-0.15492240124991774,-0.052505315649331072,-0.14609458945328069,0.9878762891987245,20.820879038721909,1.8760396315376213,-3.9395760319256077,0.1714908644457983,0.2876792060399962,1.0,True,4
0.95820861057039663,-0.2590690948972742,-0.1213237927937367,0.26053140555529453,0.96545737676284282,-0.0039294240789645718,0.11815094306916464,-0.027843450276805005,0.99260520698238841,-19.582610050611663,-9.0575469056130871,-4.2864451512953146,,0.2047689740813742,0.1481481481481481,False,2
-0.95872776407875049,0.28044063734874575,0.046841469959757034,-0.2783932030550138,-0.89241914558127933,-0.35508490969449885,-0.057778013788389516,-0.35347010838741366,0.9336597793625151,2.4057720557057496,25.450543459453709,0.20803173018599336,,0.2874977104546368,0.2083333333333333,False,3
-0.99664249979890018,0.080059821882923779,-0.01715087504110515,-0.076387453127911939,-0.98460570523190671,-0.15721501909617888,-0.029473455841352168,-0.15537705797464227,0.98741545727009672,-14.525307224638345,-8.1975526852722513,-4.2609950518356179,0.2310537159253673,0.2241319433734202,0.9466666666666667,True,5
-0.92457886441761894,0.38092999289540574,-0.0068017633692838315,-0.37529453666620599,-0.91368595445164957,-0.155987138528388,-0.065634855227411887,-0.14166974677214225,0.98773566738717744,-12.771882801410136,-0.47326887980944093,-3.1507453548404181,0.4459407322297783,0.2632400027264611,1.0,True,5
-0.56322514083097741,0.82628179480570196,0.0059863435078332805,-0.81772315131207363,-0.5563206570539091,-0.14777068160957546,-0.1187698974663937,-0.088123334638304615,0.9890035335366848,7.5204565872938494,-18.238985294476471,-6.8832713355197361,0.2097839940315361,0.2533391187281611,0.9746835443037974,True,5
-0.99932609338641676,-0.031409860838129938,-0.018994202251526298,0.033999171556599858,-0.98710136431444895,-0.1564447279457454,-0.013835295822911244,-0.15698508594985291,0.98750405942396502,-3.7987411805480726,-16.434892246269317,-6.0186487574212046,0.3159533197628959,0.3206834891284782,0.9714285714285714,True,4
-0.26563859171672188,0.95786711098178556,0.10920959797638637,-0.95329743996913008,-0.24408969456717605,-0.17788820071720435,-0.14373631948487631,-0.15136320129248679,0.97797190744695284,-9.4313971796613902,-8.234454082359564,-4.4241785811268111,,0.1704902794202326,0.1219512195121951,False,4
0.9174734098401528,0.39622770217286762,0.03530085363124065,-0.3961518083718083,0.91813672745971942,-0.0094177711431080446,-0.036142592049145453,-0.0053439423993230858,0.9993323547847347,1.2474598413591866,-20.070564834789707,-6.8191660372819616,,0.3382073069638402,0.2857142857142857,False,1
0.14614395263855753,0.98398085867055474,0.1020961060821466,-0.98083128494239447,0.1575706295160334,-0.11463632579672148,-0.12888729799879495,-0.083385649148272567,0.98814720458577987,-6.2161159745273196,-11.110161895593144,-5.0707527057823665,,0.1263124903447286,0.25,False,2
-0.35163198348140862,0.92788313476748596,0.12404771826597351,-0.92819348128300394,-0.3283461292808833,-0.17505907771378035,-0.12170377765980946,-0.17669665418542979,0.97671207779109959,-6.7576608392238358,8.6829682080642385,-2.0434887961918946,,0.2695859587595778,0.2531645569620253,False,5
-0.99949279802807556,-0.025702000574306196,-0.018803027854226939,0.028569640881653226,-0.98452683540980779,-0.17288923036974307,-0.014068486411190038,-0.17333873636445801,0.98476177838382373,-10.020465651322413,-9.2562864240880209,-4.5600578895065018,0.213597364482726,0.2146392844042688,0.8191489361702128,True,5
-0.42221242348940685,0.90632600304349553,0.017602433309168736,-0.89775059136158208,-0.41536894813017705,-0.1466714445253732,-0.12562063986913621,-0.077729100962458927,0.98902863543096498,-10.096947313185957,-17.20483119410936,-5.8037273727983338,,0.2229611779692097,0.8918918918918919,False,2
0.25064665021822247,0.96701627989127648,0.04534061269570399,-0.96056071895286077,0.25425285078497345,-0.11259925875634305,-0.12041329635529406,-0.015329784504416393,0.99260547840917224,-12.860141407093582,-4.9483039058256795,-3.743365390277404,0.1745818466641477,0.1596755274370074,0.4886363636363636,True,5
0.14539913123939527,0.98347613448843985,0.10786002747313506,-0.98030696374355775,0.15793286878278706,-0.1185557497295054,-0.13363139403117527,-0.088498033027380518,0.98707180522977633,3.615117752914335,8.5858880944260036,-2.3337002326672502,0.3284785130979704,0.2641380369277403,0.2857142857142857,True,5
-0.93762716926280787,-0.34676428239639967,-0.024694613062885871,0.34645955008470675,-0.92622117455483832,-0.14859379516440019,0.02865434723245738,-0.14788126406129723,0.98858993527362826,-3.7381294246651091,-4.9096997452056188,-4.1804220302592734,0.2636807014411033,0.2420067511532826,0.9458413926499033,True,5
0.99664849839293246,-0.075574994148956992,-0.031308000742621633,0.077536723309653055,0.99473032365376901,0.067079354067194757,0.026073495920516377,-0.069282057295196556,0.99725632078589999,12.913066647487721,9.9757472541010692,-2.3199050870334124,,0.2933047018947496,0.5142857142857142,False,6
-0.76755934221740318,0.6409741591108582,0.0021871275493601655,-0.63345299747286443,-0.75802269370160802,-0.15536697147721687,-0.097928321579774671,-0.12063881293136017,0.98785440255489165,13.052417893370725,-4.85190234855295,-4.9882499162237259,0.2710924373227718,0.2550363053718089,1.0,True,5
-0.8459312942488203,0.53329187831763225,0.00013390656411389062,-0.52659122063619135,-0.8352626814267694,-0.15823381233051556,-0.084272959835297867,-0.13392544767972586,0.98740166229573645,13.719606822189776,-25.107848542679246,-8.5129442056825297,,0.2496394626072838,0.9473684210526315,True,1
-0.71495581650146711,0.69793954111801204,0.041455728128931675,-0.69266325398862605,-0.69898619498770231,-0.17786488071146028,-0.09516195155947986,-0.15588039055825173,0.98318131939881703,17.63941104844492,3.9925019053557445,-3.4467717703132328,,0.2145157287938599,0.2758620689655172,True,5
-0.69049443262187582,0.72333747399145476,-0.00058072184078332423,-0.71549857628800817,-0.68312889484480077,-0.14627611000417978,-0.10620369978502604,-0.10058733393317129,0.98924363147011951,-6.5182120524203579,-9.34150454410298,-4.7427303635679996,,0.2663937106975295,0.9554140127388535,True,5
-0.99097725786996316,0.13187509055648244,-0.023938146863280229,-0.12385744929925684,-0.96929181382804186,-0.2124446090137998,-0.051219201844722284,-0.20756285827831489,0.9768798560855505,-17.147418620708024,-1.8814124819839924,-3.1793004588185938,0.2982333753237051,0.1566832324272493,0.2352941176470588,True,5
-0.25888548951131468,0.96564163106272238,0.022683555255176548,-0.958067767836558,-0.25372720300081286,-0.13314900934690149,-0.12281879153111705,-0.056202729612643339,0.99083641315351656,7.4991052714683661,-7.2942478292853714,-5.0315954676289705,,0.3316334199046579,0.7104072398190046,True,5
0.057486615270689566,-0.87586836269085133,-0.47911366115147153,0.98983094662562832,0.11255064422069817,-0.086988790011807204,0.13011528029763522,-0.46924083765455993,0.87343176614450835,2.5670036030039562,-16.016954589132133,-6.22257849279005,,0.3838790199902226,0.2236842105263158,False,2
-0.91482171104097254,-0.37125756132645116,-0.15896244891799358,0.40266383782483905,-0.80824267425050478,-0.42965755344060397,0.031033380676959519,-0.45706848795156524,0.88888994065937699,13.625540184807946,1.0588985864576888,-3.8401889191726086,,0.3420913467662007,0.1605839416058394,False,5
-0.36485665079591556,0.93084153641644107,0.02033859513010065,-0.92143495200091463,-0.35786378787604683,-0.15129817764295245,-0.13355618144083831,-0.073942838793803423,0.98827890951393615,-7.0722556380060473,-20.397086837767421,-6.3992822070581328,0.3157159016529962,0.2309431159666324,1.0,True,5
-0.99944689387669772,0.031348075758187544,-0.011099750739614125,-0.026146449563160236,-0.94698662830985436,-0.32020725940799066,-0.020549196954230291,-0.31973993173920906,0.94728248508876367,-10.550284768266687,-11.892579307269468,-4.9722488410015817,,0.09158878159529003,0.25,False,4
0.83667617597216637,-0.54661559812880312,-0.034414596363813804,0.54090418694278397,0.83453129927865211,-0.10478631147268688,0.08599789013899764,0.06905721111206313,0.99389912188564988,2.9450931928058974,-23.753439920241959,-7.4790185057650431,,0.2913244611461275,0.7105263157894737,False,1
-0.91626560330611018,-0.38824063090927929,-0.098623307129986751,0.39890244576889367,-0.8619101805800643,-0.31302983783025518,0.036526469274837561,-0.32615955163632088,0.94460878882144061,13.123284908104845,-16.817938637205195,-6.9594785021644396,,0.2891378661521279,0.1052631578947368,False,1
0.75213948540775599,0.6418707627904453,0.14929205727489053,-0.65474657082280274,0.75356134460352442,0.058755662834402811,-0.074787181296916444,-0.14194091656087521,0.98704592280173153,-16.874003690109184,-2.8838756305533924,-3.3526604699704015,,0.5869057210963529,0.4022988505747127,False,2
-0.68361235689493449,0.7297810003635854,0.0096869504426620578,-0.72195164608864504,-0.67421240075249056,-0.1556388749042471,-0.10705123170916668,-0.11339016791542712,0.98776652282291022,-18.563181979881239,11.189096550758929,-1.5468018880580143,,0.2738715804392573,1.0,True,2
-0.8302183444220852,-0.55578198895050446,-0.042940439486256851,0.55472928930465171,-0.81614355937416649,-0.16181812654836078,0.054890037097887714,-0.15816469659910423,0.98588590241320806,-21.922787442393112,3.7060448940594912,-2.3665238908571102,0.3085853445768205,0.2445580346640076,0.5641025641025641,True,4
-0.3808822288845311,0.92318249679464459,0.051602377192897314,-0.91579957283935687,-0.36896753434630886,-0.15866348346628747,-0.1274357489372715,-0.10768953621597421,0.98598331308515841,36.89910423474052,-2.9335937203457267,-5.0910601238347697,0.3404033917033997,0.2682163445968028,0.8709677419354839,True,1
-0.27608137998343996,0.94111809836137506,0.19513020412819074,-0.95224683932863607,-0.24028697759939066,-0.1883829222216622,-0.13040333053669434,-0.23782113727089066,0.96251549496728539,-0.11624940276317702,-21.223584671663254,-6.9162014443741908,,0.1972109482777912,0.3,False,1
0.027779426768964673,-0.97657670012578368,-0.21336881735582569,0.98698248408955103,0.060622230428402368,-0.14896483235416708,0.15841047802720354,-0.20645312772956881,0.96554814820487955,10.323903890062805,2.0252399526135232,-3.5494570331994639,,0.2775011616872994,0.287037037037037,False,2
-0.92625892663691178,0.37688013634432954,0.0024007612368080883,-0.37005932896717597,-0.90825144727178875,-0.19528287578040437,-0.071417741981946573,-0.18177093100323027,0.98074402102302904,3.954154858855309,24.857317442505259,0.12997651092810797,,0.2338602722056535,0.8055555555555556,False,3
-0.41085852439365406,0.91169677843844954,-0.0020632784646877206,-0.90124607491020003,-0.40648852592054419,-0.15007528362092737,-0.1376618516221105,-0.059800187958706723,0.98867241901859304,-22.25774970855554,1.1862762274810399,-2.6530660383322244,,0.135494472169455,0.5,False,3
0.20689976044775368,0.96709322384806828,0.14806480173833739,-0.97044415606447865,0.22207665841454208,-0.09444626910435977,-0.12422008326741905,-0.12414771111293905,0.9844575748799208,5.6063299544582055,-16.744299829514588,-6.4961739934826506,,0.2938676999120485,0.3,False,2
0.30227515333599547,0.91715915270565374,0.25970910704853661,-0.95137972529411841,0.30720295566908884,0.022426821608587499,-0.059214440595077238,-0.25386104986079239,0.96542644328223592,16.180864652703516,3.5460121967784346,-3.5255557726393514,,0.2521056405123125,0.3409090909090909,False,3
-0.65446584873552338,0.73687171736402368,0.16939458370291902,-0.74803047433469738,-0.59840119269713576,-0.28699550875449631,-0.11011295248742581,-0.3145410700173179,0.94283564472651471,-26.841188831998203,10.365949680088949,-1.5516098607516255,,0.2621109696042578,0.3214285714285715,False,1
0.2476550857432584,0.96879629357272112,0.010034942215017578,-0.96108766020265524,0.24696650315081897,-0.12376613320146339,-0.1223824657035687,0.021006853196419845,0.99226067351633973,-8.3114147001702765,-13.558833564016139,-5.2917891847187644,,0.1036863248834863,0.3571428571428572,False,1
0.69500148706342291,-0.65074012358324806,-0.30579441547956682,0.71115749913715798,0.68482208944069134,0.15897709657390577,0.10596199507660235,-0.32795731029044772,0.93873108941082861,10.528138106727797,3.0775302961282196,-3.3829341048798116,,0.566081832759503,0.3949579831932773,False,1
-0.6990118223113152,-0.67678919469647592,-0.23095206907735638,0.71218251764586338,-0.62965161025937444,-0.31037865786387098,0.064641579719370401,-0.38143837725099727,0.92213135210311103,-7.4113901497165013,-23.793150141430232,-6.9988593850437351,,0.2292869150065689,0.3,False,2
0.93711108029553614,0.34902281800191698,0.0024281065328783449,-0.34778904377142578,0.93433966481372976,-0.07779570546196482,-0.029421152592843627,0.072058748738570197,0.99696636478385825,-15.187629930052195,-7.1605652344431983,-4.0303298087324775,,0.131926942885966,0.2,False,1
0.069104487864614886,-0.98033435617943598,-0.18484891087377237,0.98889068905087729,0.091758051802791077,-0.11694299909715453,0.13160461566924642,-0.17471408078230791,0.97578441015981765,-3.7006211227165675,-4.1838575950081394,-4.0503550740220673,,0.09443790795838944,0.4545454545454545,False,1
-0.019523283406759347,0.99585581854207084,0.08882584129025331,-0.99118515941108387,-0.0076343894484604356,-0.13226373600111507,-0.13103748001332588,-0.090625078061489964,0.98722655660091807,10.940916838679204,3.9048700931917395,-3.2681899909060963,,0.4149744795327048,0.4878048780487805,False,1
0.99957683848208612,-0.015937144862982717,-0.024334160839743192,0.020851067895107156,0.97586438702111888,0.21737969342036045,0.020282429287238245,-0.21779509993916896,0.97578374525542089,14.01642933402489,-10.285600235515021,-5.8495449991851265,,0.123116437904006,0.2631578947368421,False,1
-0.83514369063097404,-0.54879918522704063,-0.036803128853554481,0.54709080067944915,-0.82190643849491651,-0.15862364947421853,0.056803801027696346,-0.15260819327525291,0.98665296205609598,-18.191853372988543,-11.063216019309856,-4.676868230081956,0.3150585758047141,0.1940630305635937,0.7428571428571429,True,3
-0.90308697622258294,-0.3717324070910748,-0.21505564604406094,0.42742212487957199,-0.72929571294105711,-0.53426406415669314,0.041764105887524841,-0.57440645940315749,0.81750411549749735,12.481523569214234,6.7272837133557344,-2.8593702281150288,,0.3203366551334525,0.1951219512195122,False,3
0.99866867966240869,-0.031457534340782953,-0.040881435817973141,0.033613231955838985,0.99802015982759884,0.05315930036386371,0.039128236592307082,-0.054462685490994596,0.9977488646900502,-3.0793852670827104,-4.2975705233153469,-4.0695688738476852,,0.14327719125842,0.2434782608695652,False,3
-0.1355931872209451,0.98703505809772873,0.085885282006170474,-0.97919192182244286,-0.12029431827805313,-0.16343946043623864,-0.15098896587809352,-0.10625945170210567,0.98280784546473376,-10.067484075225172,-10.182081433061915,-4.7143971894491674,,0.2319257813903067,0.2058823529411765,False,2
0.99142024399993234,0.13060197208361826,0.0053874553348079827,-0.13071301395642113,0.99060536671935306,0.040188498469642647,-8.8145012406767864e-05,-0.040547901483132566,0.99917759178024568,-18.262559656497654,9.3108689860597682,-1.7884373386907808,,0.1505033065739952,0.2727272727272727,False,2
-0.85276423124453327,-0.47470069925692188,-0.21783574553986684,0.51954384086062166,-0.7282102131567546,-0.44697212762988525,0.053547766841513786,-0.49433706272055211,0.86761944715820194,3.769109761672583,-14.573097804333763,-6.0916546974904655,,0.3959345474543489,0.3414634146341464,False,1
0.91890885468312644,-0.37594484952211965,-0.11946542136842751,0.38867480698888029,0.9146104374957218,0.11144344770349246,0.067367731126272451,-0.14883957048337412,0.9865639214269003,6.3288194644825628,6.122019007100195,-2.7942687423355657,,0.6681173265544591,0.4940711462450593,False,1
0.37789858354582762,0.91533662116116832,0.1391097786473442,-0.91873785722408285,0.38932375822498727,-0.065937553676733485,-0.11451379941892448,-0.10288771181646292,0.98807930273830502,18.343844803511374,8.8033909349019641,-2.6517190622342981,,0.1908215414860838,0.3636363636363636,False,1
0.18476894480249942,0.98152243614959112,0.049740771722447112,-0.97500818274387702,0.18942577296319851,-0.11609013790920614,-0.12336725910489639,-0.027047807161920505,0.99199240698136326,5.6958014585110535,23.533693844285853,-0.089777035307990943,,0.09068526959429679,0.4074074074074074,False,2
-0.3325622227661717,0.93051895520325656,0.15341721544945111,-0.93421472133810335,-0.30279265848162878,-0.18857216232730917,-0.12901636494643845,-0.20603659863497004,0.97000190597696234,-12.315412505800158,12.863695631447207,-1.3563165947653451,,0.3216787512091268,0.25,False,1
-0.48924608853633972,0.83724449024675451,0.24425381962897896,-0.86609890833618186,-0.43348937296259094,-0.24891694298977446,-0.10252290393257019,-0.33332960726577138,0.9372195191572148,-11.639747310988389,-9.9655428608941996,-4.6108991958150076,,0.2036116288204275,0.1276595744680851,False,3
-0.99707938756733305,-0.073429918616167336,-0.020993854824096235,0.076006147706963068,-0.98095172456197333,-0.17876459266207412,-0.007467288604272513,-0.17983815260092337,0.98366786999982236,-6.8149028209971974,-24.946351315963447,-7.1686023583766421,,0.2541693534268962,0.925,True,1
0.82464286329579939,0.56557585569275437,0.009386131935770663,-0.56249403666464792,0.82167499195978611,-0.091927505702026235,-0.059704327581981825,0.070527718276541113,0.99572146417695029,-28.611541849707972,5.1248530190409509,-2.1660658597234397,,0.1776711284389754,0.3846153846153846,False,1
0.43897424287245979,-0.89400227745580174,-0.089786090227775034,0.88975914782277743,0.44643261384783572,-0.09500831626059536,0.12502109006177656,-0.038181791430322118,0.99141912319812353,1.3639350506784786,26.421085891008055,0.36717190536627486,,0.1071980264230811,0.2857142857142857,False,1
-0.72333247466139805,-0.59696209770782205,-0.34702504952884189,0.68610519648579082,-0.56475560356760623,-0.45859651938734042,0.077780398915233015,-0.56981344503202602,0.8180848656498434,-15.6927352561127,12.21921043005295,-1.450450004470998,,0.3224784078069235,0.2916666666666667,False,1
