axis_00,axis_01,axis_02,axis_10,axis_11,axis_12,axis_20,axis_21,axis_22,location_x,location_y,location_z,dbh,dbh_approximation,score,reconstructed,number_clusters
0.95563330276155112,0.29366729286497367,0.022902221604208774,-0.28878480161317965,0.94938341551188965,-0.12358992154789947,-0.058037307055779974,0.11149283139438761,0.99206905986295968,-7.6646392064493618,-25.31734415560279,-6.9643508589479195,,0.1299494487567255,0.4074074074074074,False,2
-0.98471386482486356,-0.17416015565099258,-0.0026162196586404732,0.15810750877052293,-0.88744743712470808,-0.43294233104556301,0.073079546331783041,-0.42673796002278608,0.90141782397705661,2.4862409594812602,9.6985847368316076,-1.6826317772181667,,0.2023396218279067,0.2592592592592592,False,5
0.93285216786125014,-0.36025917756186565,-0.00039736509072550372,0.35604877290147219,0.9221168031619279,-0.15142612932312205,0.054919069838472584,0.1411167116569656,0.98846849694828554,-5.7786701792092492,5.6720894450306902,-2.4883574056273656,0.320735791023073,0.2630811535852699,0.9724770642201835,True,5
-0.25394879629410494,0.96510898290905278,0.063833063290336403,-0.95200287540678896,-0.23774928331958345,-0.1927843445361398,-0.17088163762669123,-0.10972661203772455,0.97916267112913469,12.104123497924638,-7.700646630067121,-3.8586325051104167,,0.1209702074048569,0.7903225806451613,False,5
0.80473893261561358,-0.593571543029767,-0.008250674999337829,0.58562340701593063,0.7960846852035397,-0.1526250278933132,0.097162109321159748,0.11799151363399969,0.98824972917912857,-2.187288069243019,-0.64340501423040297,-3.1922681098081154,,0.3080568159446267,0.8599527930763179,False,5
0.97576900057005367,-0.21872586421275128,0.0058184062166838626,0.21694500740135614,0.96368163739236856,-0.15573235218279943,0.028455602087159519,0.15322107582557648,0.98778215241656853,1.7033721919887463,-11.568956751750811,-4.6437017843917543,,0.2950074091395246,0.9931972789115646,True,5
0.50127566622956699,-0.86413056372958319,-0.044733379868898138,0.85573720225794303,0.50273979246289557,-0.12233781813532346,0.1282050978621781,0.023044953954303182,0.9914798953984858,3.1442957069664184,6.114814674334605,-2.1660563579474026,,0.1500972413612266,0.1707317073170732,False,5
0.70753916637791026,-0.70290611984416018,-0.072878767325476906,0.69450821311017052,0.71070451567668258,-0.11205995412854572,0.13056289658157721,0.028671904059569202,0.99102535384006651,-4.9552043633612479,-8.404916248606856,-4.4050519451246464,,0.2835388333933946,0.5542168674698795,True,6
-0.73832437750505076,-0.66552229185361811,-0.10934894890984499,0.66291425260301329,-0.68624601622626624,-0.29935112979470802,0.12418456940203317,-0.29350721330060625,0.94785637544036438,5.4971570554828331,-15.829356488999027,-5.2636730922244244,,0.2228930475622452,0.35,False,4
0.58316858642691238,-0.80919630565424183,-0.071524392485100619,0.8017946477232476,0.5875030418253433,-0.10938701352684058,0.13053636538217639,0.0064431949756986236,0.99142258525379323,6.9566368724915932,6.5768540778048967,-1.9824046926296408,,0.5147610667162315,0.6666666666666666,False,7
0.81781335835516078,-0.57534624707321647,-0.012570078544739419,0.56821222833681029,0.81074877978367221,-0.14078806642540695,0.091193061492484934,0.10799588907941626,0.98995995549192606,-12.526745915278598,-8.3580247193588182,-4.5444475282237313,0.3739803689109302,0.2609941724825688,1.0,True,5
-0.76262248027805357,-0.64447460832810533,-0.055312130630520637,0.6337314389934402,-0.72729610677350232,-0.26348593188899555,0.12958169548920101,-0.23599333103383277,0.96307618177468313,-14.968675734033836,11.519416942829031,-2.0419081768930867,,0.1865937069702892,0.2888888888888889,False,5
0.38947676970906264,-0.9201846340565264,-0.03959905432269599,0.9076436219205738,0.39076376543268809,-0.15325382609178423,0.15649569145474118,0.023746976041701222,0.98739312317079597,-8.0128844212217896,-24.082812933208142,-6.7548546407378112,,0.1194178552013739,0.6470588235294118,True,1
0.13515694925010968,0.98903366913251967,0.059539905875545418,-0.97530508133583382,0.14339345621521449,-0.16798307960969611,-0.17467855446478095,-0.035365492176991871,0.98399018520164783,10.857422300700279,-9.8589218207740714,-4.1828890835241301,0.3437316244338128,0.240638040039456,0.9701492537313433,True,3
-0.61488203400480246,0.78737081163976197,0.044354134371658589,-0.77782218267493075,-0.59622893739112892,-0.19875539327588473,-0.13004897691609615,-0.15671075009452112,0.97904494503975104,5.1065467809980758,4.6505886516415726,-2.2724189313930339,,0.1108792232641841,0.2333333333333333,False,2
0.96936861142774822,0.24520327810397582,0.014136745937605211,-0.23980240180682158,0.95731956507147575,-0.16135073107687206,-0.053097111657036219,0.15301830850726891,0.98679587250619138,10.523043327925144,4.4497928438267174,-2.2187096680845713,0.2539304902060169,0.2199975746379249,0.9565217391304348,True,5
0.65940419190458111,-0.75168531729265742,-0.012461760120629136,0.74183522131071411,0.65327294031064609,-0.15137691330175601,0.12192873378146286,0.090573998611746254,0.98839755900848392,12.675823184129657,-17.797905605181754,-5.4215496326924839,0.3665253239790995,0.2646321756208052,0.9482758620689655,True,5
0.80850635314542962,-0.58680278942692277,-0.044496777908747107,0.57856314667785169,0.80642382965311088,-0.12225093976666665,0.10762045451353847,0.073096465635438965,0.99150125793258936,13.862066568089928,-24.512840344034004,-6.5157021444753349,0.302012087858079,0.2593167709707931,0.782608695652174,True,4
0.98549474636304779,0.1626256151849049,0.048507877469185522,-0.16291552662350411,0.98663787579529261,0.0020574817473439921,-0.047525109950641957,-0.0099303238560261506,0.99882068089937737,3.078705955812389,11.890412003119692,-1.3513176248159628,,0.1721341670813121,0.1851851851851852,False,4
-0.92263969443414162,-0.38305783395198839,-0.044751425703385403,0.37213971084906866,-0.85381443644473154,-0.3640232736072484,0.10123255337907029,-0.35251610454924892,0.93031412231018895,-3.3317707567375363,4.9498811229341424,-2.5388354972636367,,0.2608219990538659,0.1785714285714286,False,4
0.99836981994083307,0.055964650185697351,0.011209842144366121,-0.053758048080682137,0.98800366964702924,-0.14477161679887199,-0.01917745806576434,0.1439329937630594,0.98940159612188794,7.2763429145050376,-19.926188855329411,-5.886253481667735,,0.261894593550537,0.9746835443037974,True,5
0.92743555982374504,-0.37389653211282475,-0.0080414954094453848,0.36970866938455332,0.91986536617865078,-0.13100842677827898,0.056380689569388881,0.11852886306305323,0.99134864021930247,4.779570941285642,-15.368531019158288,-5.2031212653168391,,0.295704112580254,0.986013986013986,True,5
-0.43508688470604884,-0.89117376347651234,-0.12848628739244758,0.89375875408183958,-0.41017814044829415,-0.18151909706820807,0.10906279044139408,-0.19381232259453665,0.97495748181736031,11.018885583507176,-1.8097026533313918,-3.0215898546745317,,0.3232308857588421,0.59375,False,7
-0.72341985405430875,0.68225887991987022,0.10576641967339534,-0.68060111242807697,-0.67899641559441803,-0.27521990002831997,-0.11595620087648971,-0.27108428279857605,0.95554564051010937,12.08651922974747,-4.7907446812121108,-3.4291557391581171,,0.2473262749397323,0.3,False,3
0.97709206290552619,0.21218992135209899,0.016325987982787626,-0.2078829018632232,0.9680488949290853,-0.14023564503899491,-0.045560945116948255,0.13362924194639261,0.98998354833647806,-13.87088826669274,17.857068332186895,-1.2837992080510199,0.2050770979767967,0.2797467093043224,0.9827586206896551,True,4
0.045824795361368409,-0.99379358672915952,-0.10136269089798862,0.98412783751201416,0.062326303404730637,-0.16615604514379795,0.17144237388701508,-0.092139779031067473,0.98087602354022863,3.5635952025742745,10.107103681873285,-1.6194609588920073,,0.1524144334616714,0.1304347826086956,False,5
0.27202831507182018,0.9516738686038686,0.14253927043357112,-0.94675391078069082,0.29119313467748442,-0.13734478780852774,-0.17221390251851215,-0.097587940511359411,0.98021373467529882,9.9908541594287374,-1.3108772089756799,-2.9716404202520921,,0.2203191637391666,0.1836734693877551,False,3
0.95087852122972194,-0.30795751900112894,-0.031499275462266461,0.30577659371912352,0.95023778536748238,-0.059572023580145239,0.048277454339562639,0.047014016533078344,0.99772690133719455,17.157892925750843,-22.612961997231181,-6.193071377795917,,0.3067898809018026,0.9454545454545454,False,6
-0.99740717802017498,-0.071925347617793567,-0.002380252904549969,0.067403624600753942,-0.92209296012448672,-0.38105291532744029,0.025212548949098395,-0.38022535062633628,0.92455016636014298,0.43050838898937699,-16.474670103964563,-5.451437317453145,,0.244888942771357,0.2105263157894737,False,4
0.39051341947749973,-0.91757398723389982,-0.074546946011716395,0.90727348521852436,0.39732468090233214,-0.13779666529089926,0.15605797713485417,-0.013823020565101556,0.98765116912553408,19.911599847430153,-3.920770994818092,-3.2639021987671173,,0.1588654211529794,0.7297297297297297,False,2
0.12583428594257748,-0.95801174446386117,-0.2576416696705558,0.97920664946348701,0.16159954845060565,-0.12263736619420926,0.15912281460498964,-0.23685245071535665,0.95842623423105233,5.5787684303490064,5.2309998689447852,-2.1800376191586701,,0.2859753821561085,0.131578947368421,False,5
0.90130132143285624,-0.43076087313943362,-0.045836646425552213,0.42633494857974336,0.90080649638676624,-0.082378199099683802,0.076775253844554553,0.054705815408898198,0.99554650024875935,8.2714907124838355,1.2694642082504868,-2.6623009503916744,0.5872331184488319,0.4314185478313989,0.5086206896551724,True,5
0.64867742692997266,-0.70932579169166354,-0.27581609277289088,0.74679038139972342,0.66309950952047225,0.051021237956010379,0.14670283582932123,-0.23907313047413548,0.95985536214834566,-10.607765171355295,10.621607395373898,-2.0479689950246649,,0.31201832007952,0.1944444444444444,False,3
0.81009137012394428,-0.58596689571060689,-0.019868799208435754,0.57828777924188413,0.80414152276837669,-0.13762142180360476,0.096618923768588993,0.099996042376838207,0.99028560278273714,19.804249536872277,-19.728919446379354,-5.6888017350648283,,0.2861483261784479,0.9701492537313433,True,3
0.93626547167047514,-0.35127789413313515,0.0032874992098586896,0.34749741848792848,0.92473620693011049,-0.15526909459625116,0.051502531024119141,0.14651548957671354,0.98786674233532534,9.8383643870540833,-20.065389644631235,-5.8645838324270017,,0.2439787269635589,0.8245614035087719,True,3
-0.93963645813291807,-0.33483723687642852,-0.070479439188912474,0.33283697929561595,-0.84660661985348373,-0.41530323431635918,0.079390627663439337,-0.41369222378625586,0.90694866018865017,11.326609468229098,3.8048324816121379,-2.2685172868626227,,0.3574716583262986,0.25,False,4
-0.98790680772667572,-0.15504028978604262,-0.0016272032289937153,0.15071952611089945,-0.95780671018513053,-0.24472419245600294,0.03638356354446886,-0.24200994704225862,0.96959136848283078,2.1471315248651965,1.9589853312884071,-2.7468729895934119,,0.616442359017564,0.5611907386990077,False,5
-0.9875788215067941,0.13092122908039061,0.08687751773233042,-0.15264324323264225,-0.93052392423057728,-0.33290429064514482,0.03725736983030177,-0.34203049310055172,0.9389499614903456,11.892716523142685,3.4695196731346032,-2.3169744322335206,,0.2410836910878285,0.175,False,2
-0.53143428839929696,0.8304574323543038,0.16708695389236328,-0.83671994313924036,-0.48382694877088889,-0.25653697666441194,-0.13220186786349922,-0.27613753220188608,0.95198252580751364,-11.068023397717353,10.633349256801642,-2.0441082478104859,,0.284821829858845,0.22,False,3
-0.82311521122816489,0.55636685603435965,0.11374212302949273,-0.56506453355465402,-0.78254459962006739,-0.26139246837682623,-0.056421821695824721,-0.27942775651661894,0.95850754140205618,-22.342143761367229,-18.345284523401599,-6.21972768807594,,0.1608259159598549,0.3684210526315789,False,2
-0.51309859587064488,-0.85733232675225102,-0.041365594654798034,0.84946419239099402,-0.50030012150218872,-0.16766148714124002,0.12304640084573612,-0.12116546508996565,0.98497640241197826,16.548911496653723,5.1070466987053225,-2.0784600578822432,,0.1707361259544309,0.1428571428571428,False,4
0.18939389540122659,0.9238882726911628,0.3325062585403305,-0.96662218822454393,0.23493763684666946,-0.10220495107819796,-0.17254419033031404,-0.30205093341461842,0.93754665804247528,12.445770348313893,-1.9102740034483408,-3.0349669446884096,,0.3521271175524961,0.2222222222222222,False,1
0.1376941123214217,0.9899900320695828,0.030984961431036552,-0.97530950075834566,0.14097277503876229,-0.16999427763421318,-0.17266067636414245,-0.0068127161057565579,0.98495780505397279,16.10969465347214,0.14961054702546256,-2.7458222406083488,0.1255140941345395,0.1301016862285478,0.7954545454545454,True,4
-0.4662361190909185,0.88098075619267591,0.080602657978636152,-0.87042480374340614,-0.44054651036867404,-0.21972581375486505,-0.15806499385788406,-0.17260266342141339,0.97222619708406466,2.4454770016731695,-13.602945217546283,-4.9926771321349674,,0.3081753632353159,0.5454545454545454,False,4
-0.20367369433866803,0.97652429456760403,0.070123664719430184,-0.96445823213392767,-0.18780982940792545,-0.18587034848750281,-0.1683369974293786,-0.10548824625051922,0.98006881656312905,-17.606483796722568,-5.1288101674786608,-4.2203022734798523,,0.1515677911640642,0.5,False,1
0.43328684333369394,-0.9007687921495533,-0.029632659066614185,0.88813938656540825,0.43233909273340831,-0.15585678979651213,0.15320228922944945,0.041212764817329182,0.98733508323717944,-17.457854748229284,5.3029319107276773,-2.8743747699834028,0.333935113363748,0.2896257874671324,1.0,True,5
0.99787454938292042,-0.064662204711108673,0.0080735974468051971,0.06516418050837014,0.9899655395683481,-0.12538684159760405,0.00011520636677949878,0.12564644741913222,0.99207507628124858,2.7867744570348645,1.106895198307188,-2.832825782630831,,0.1426664435457087,0.6113744075829384,False,5
-0.0040297641984997938,0.99222278778053652,0.12440940643506215,-0.98759801255023105,0.015577721195791429,-0.15622899925807282,-0.15695198822358772,-0.123496048565799,0.979854478675939,6.0948602813390238,-0.31835898979871952,-2.9129153629752702,,0.3111866596302048,0.6546546546546547,False,5
0.99647301811159616,-0.083522891439022265,0.008090165711000125,0.083764397898951487,0.98431501435119095,-0.15526583065001881,0.0050049795396445336,0.15539587873711289,0.98783959783525987,7.3338324119993219,-6.9113763279842502,-3.8446973532456488,0.3011219889793637,0.2548111983377708,1.0,True,5
0.62080038294645445,-0.78384683436396296,-0.01382117184351705,0.77289756200513271,0.61489074903499541,-0.15664841332647786,0.13128687360149899,0.086565044959123719,0.98755771973650619,-10.182895088725891,0.50637955629755727,-3.2753977136275405,0.2942683359174815,0.2443951541393302,0.9407407407407408,True,5
0.13701158202409139,0.98488648080928254,0.10595492584284484,-0.98190584903258959,0.14914992074293265,-0.1166842096342369,-0.13072386938445976,-0.08805067325968606,0.98750106273951477,9.5198932247501471,4.264470402393238,-2.2273363313821735,,0.3026384490453322,0.36,False,4
0.49263757538602154,-0.87023441376687471,0.00053330442177357967,0.85808290408710031,0.4856563984788958,-0.16682803220669018,0.14492049210249888,0.082643376699722909,0.98598586361896567,10.551040570640188,1.0656405066014207,-2.6203323070830584,0.1553713182990683,0.1591055784204387,0.9671052631578947,True,5
0.78990385871770152,0.5960944117320105,0.14395605678384324,-0.6107414262467119,0.78584396447575167,0.097181138927083549,-0.055197864533125134,-0.1646836840701015,0.98480073108831589,-3.1990786557544082,9.5561149014354889,-1.9679490020085111,,0.4096575936626053,0.2135922330097087,False,5
-0.29688974368233101,0.9258009052347651,0.23398539262682358,-0.94679514012874666,-0.25351209354733217,-0.19826896139798356,-0.1242394571978894,-0.28040025372980248,0.95180893827670887,4.3353152331611193,4.1544989169634539,-2.3663055389082728,,0.28241221616714,0.3134328358208955,False,5
0.97495780219208583,-0.22210404174048545,-0.011272913878754032,0.21949003952770232,0.96916686237188943,-0.11198087081441185,0.035796738579160624,0.10670233138393478,0.99364641899637907,-17.805995407294166,11.978447650134024,-2.1383238510201301,0.292767536481659,0.2557690920545492,1.0,True,5
-0.88698421077978451,-0.45072230893158344,-0.10054058911079049,0.45503789543836709,-0.81591115621260746,-0.35669244298530867,0.078737053173103685,-0.36213034310754505,0.92879604384301073,8.834133463827877,-1.8241646264263975,-3.0743918307779201,,0.2306095214874303,0.2837837837837838,False,7
0.067457626635309534,0.99728819433943161,0.029423222799838153,-0.98226470345117167,0.071554595633032431,-0.17330895013754088,-0.17494433675519361,-0.017210382767125044,0.98442789566442923,7.1962490782010891,-10.761541849026775,-4.4544781246587917,0.3090874789648542,0.277376402455744,1.0,True,5
0.26022340554160606,0.96415925051195717,0.051775658958146856,-0.94855853536438206,0.26529179294958732,-0.17279169418977272,-0.18033436776085568,-0.0041478001174991494,0.98359662034722239,-8.1139045379381898,15.261219650821367,-1.3536975232722444,0.2279673866860494,0.1787539294668729,0.9354838709677419,True,3
0.19499150582743943,-0.98040080105461003,-0.028152831946854334,0.96683537558994781,0.19696233165816487,-0.16258904149918807,0.16494747395153803,0.0044843281837091149,0.9862921583576284,6.0249042968838191,3.321560387949368,-2.3921720927854602,,0.0873901953479032,0.3660714285714285,False,5
0.96296776793808159,-0.2695670945387672,0.0051632794109779034,0.26704535459567408,0.95097111057381911,-0.15601514491506097,0.037146419763137137,0.1516163856445738,0.98774116807130019,1.9175950408072817,8.2719359708632609,-1.9211636431537638,0.3097049184921312,0.28571462647118,0.996031746031746,True,5
0.85276551385057631,-0.52147570345292471,-0.029224460567147347,0.51608738888008188,0.84991218448044437,-0.10631597109850693,0.080279420937761498,0.075580218178813205,0.99390283488575559,12.799686325157314,-1.9205922304474405,-3.0002117518051352,0.1636598964305097,0.1275998167451182,0.3809523809523809,True,5
-0.68159358687215399,-0.67639302642968846,-0.27914629879695263,0.71941659399103897,-0.54975100053133918,-0.42451572609872007,0.13367851968466515,-0.49016967594097222,0.86131512361204843,14.776848412476919,1.236400332128929,-2.6036758399608328,,0.3524293812604959,0.3018867924528302,False,1
0.93601128023557578,-0.35061839137324113,-0.030816016981424929,0.34732308349986529,0.93428658107413798,-0.080469000819847009,0.057004902770764872,0.064616778437489877,0.99628063968163949,4.1205526680544002,6.076649904582677,-2.1500248101757924,,0.1351129808392121,0.1917808219178082,False,5
0.90001157350141947,0.43453485234291678,0.034038649544584958,-0.42764055350026081,0.89543028833535476,-0.12380692926348713,-0.084277663502793088,0.096871362285162244,0.99172234753661148,0.85147450784645495,21.774741711042847,-0.1959143359352761,,0.2413902776907779,0.1875,False,1
0.19336701798812575,-0.98030383161354784,-0.040169566566953419,0.96649710344722728,0.19736793428162264,-0.1641013331619352,0.16879735004584417,-0.0070919842922917455,0.98562526265122619,15.584112386178298,9.2023793148553743,-1.574788890625795,,0.08780184697288944,0.1904761904761905,False,1
0.92326702381616332,0.38380121179699356,0.016572041419288253,-0.37671145791282357,0.91297861282040549,-0.15671161415071272,-0.07527602680029051,0.13844378771070373,0.98750536071125938,-2.4032578075667104,5.3007854681887459,-2.4582438247789171,0.2920435462436506,0.2265860140658128,0.9554794520547946,True,5
0.24239136579839746,-0.96942364985527196,-0.038265034792514703,0.95695701768967012,0.24539130451471092,-0.15497217157626189,0.15962359500049311,0.00094592275227737416,0.98717749829970636,-3.0031751125213346,5.7383014358952957,-2.4260915103598801,,0.1002138662792201,0.3857142857142857,False,5
0.9724005766645919,0.23224687299984512,0.022327303557804906,-0.22780732694357117,0.96575263573177861,-0.12420011420263249,-0.050407740409518655,0.11568593933108683,0.9920059592300291,-6.7403359286312252,-25.75573833248416,-7.0257162793540919,0.1651777851067218,0.194626787765917,0.9777777777777777,True,3
-0.88571597658851242,-0.46402567932405298,-0.013688599041092929,0.44440480853561265,-0.8390022209319371,-0.3139739470429056,0.13420720906971484,-0.28417502036443482,0.94933291464827552,-5.440059438888813,-7.4571978272016723,-4.255841031004814,,0.414722572332325,0.1521739130434783,False,4
0.9707014222371958,0.23308014270887012,0.058415716562405413,-0.23431352929933608,0.97204315545185604,0.015141794031379302,-0.05325334594159957,-0.028385753715769506,0.99817750432075603,6.6515233416218313,8.9595867467262735,-1.7001418975235367,,0.08908207096221923,0.3235294117647059,False,2
-0.98890752772815005,-0.13267369959096467,-0.066780169507461823,0.14835352669801186,-0.86019362485244077,-0.48791204010505967,0.0072892193588293547,-0.49240696298901537,0.87033456215473493,10.852165336468229,7.1335347483625045,-1.8866632027981496,,0.5737870538173402,0.7037037037037037,False,5
-0.46026388621798936,0.87430381719531647,0.15411031854230806,-0.87753895325377296,-0.42175274585460126,-0.22814470602311937,-0.13447133733917091,-0.24024457663348434,0.96135321439750332,-2.9294234610345224,4.675379783260956,-2.5583418519343524,,0.5410998056689814,0.3705882352941177,False,5
0.31330292223732492,0.90707859698710036,0.2811577809797684,-0.93307520857322546,0.34911116149825466,-0.086556640781469366,-0.17666899576209044,-0.23522290663380191,0.95575009815911671,3.4608720493788825,0.012918412822153558,-2.9509257659626242,,0.2780928512746139,0.2863247863247863,False,4
0.96439369089637295,-0.26447038713789311,-0.00047253190835448711,0.26185370718474082,0.9550996290096524,-0.13862660170123287,0.037113946069900157,0.13356688583910761,0.99034460770701627,-1.7465720088720298,-13.36366999495413,-5.0622082742184231,,0.3393960536839342,0.979253112033195,True,5
-0.28319093925380201,0.95117827075545236,0.12273055514914873,-0.94789902053284514,-0.25812379365779414,-0.18670713435908781,-0.14591209270455754,-0.1692099417598662,0.97471927077092335,10.423810607681734,-3.0191300973438375,-3.1795953860931943,,0.1324172355504855,0.25,False,5
-0.83373327398017527,-0.50844668125401971,-0.21533880323822421,0.54230737384895356,-0.68063836328788141,-0.49257906034447341,0.10388233789893495,-0.52745937354697425,0.84320523547359716,7.2792054713237251,-15.347111108257625,-5.1455762666745564,,0.3073169306472555,0.1428571428571428,False,1
-0.65750376593917659,0.74356821423672781,0.12163514521965085,-0.74766369626956031,-0.62392379529360065,-0.22741612727985822,-0.093208342203583663,-0.24046914239301861,0.96617120454939398,-1.6198853345618045,-14.377004468139594,-5.1693420760960063,,0.2133942662695788,0.3214285714285715,False,5
0.95737008432799064,0.28796563316170826,0.022766548961018103,-0.28273052111884489,0.95028196946751931,-0.13048996487393413,-0.059211266340826435,0.1184903904234884,0.9911882027726151,5.089664321940484,6.7807445418919432,-2.0100740556954952,0.2587795461987795,0.2224974545751024,0.9392265193370166,True,5
0.88814563460204987,0.43969447573479414,0.13366413036273919,-0.45153783070007691,0.88902674698001405,0.07579598010978536,-0.085503913267121603,-0.12767228032129305,0.98812391411885714,-2.455437583682313,6.4250767125263764,-2.3370175674762135,,0.535172426709347,0.4430379746835443,False,5
-0.95122242873963281,0.29320976455133246,0.095937088940758711,-0.30841550240640947,-0.89626704865143414,-0.31872441917281769,-0.0074678603412780698,-0.33276630158926884,0.94297975566208392,6.6956547604629018,-20.310525911690974,-5.9053852694708899,,0.2748580543724962,0.32,False,2
0.99714451654763325,-0.075459567464040422,0.0029439424463206069,0.074120137778848086,0.98541972810650647,0.15314752571995396,-0.014457465014030198,-0.15249201007475541,0.98819895191642937,-13.365333322525951,-2.4756259341679518,-3.7317767376973703,,0.1997760307883211,0.2857142857142857,False,3
0.86401648208737347,0.49286564969210378,0.10275684909016694,-0.49397728861612983,0.86932541945800723,-0.016116867425648523,-0.097272591272236281,-0.036834310604920151,0.99457592799617078,12.083684092014217,-8.6180958397116019,-4.0015137476164089,,0.2757669603090032,0.2575757575757576,False,2
0.92571088015984115,0.37605786437429201,0.040495049029958485,-0.37320685335306508,0.92555617617294994,-0.063737032864818161,-0.061449255194802085,0.043889034967218646,0.99714479472424167,-19.629136498622312,16.765257904886685,-1.790498794738739,0.3104581653605879,0.2525908742326268,0.2352941176470588,True,4
-0.96947798330773161,0.24065585519562929,0.046874291905429737,-0.24256084940632527,-0.91357397084932301,-0.32641512544899542,-0.035730578176922885,-0.3278221456013331,0.94406353951229494,5.0764334238851818,-0.97896547789475796,-3.0521141373911043,,0.2398330128480871,0.3644859813084112,False,4
0.98749434896812527,-0.15485722265215324,-0.02956605060674863,0.154946232726139,0.9879226348910386,0.00072968070120632555,0.0290959742919292,-0.0053017037270984236,0.99956256243298469,-2.9471189967623723,10.570941234997072,-1.8130823179264595,,0.4686390569434591,0.6,False,8
0.97913775487785681,-0.20317751496402295,-0.0028555885200210584,0.20091658463646764,0.97015060355804505,-0.135795185606779,0.030360879281875468,0.13238845806567362,0.99073281624271747,-13.236827138374608,-3.5675644976656207,-3.8423103941663732,0.3608255087781722,0.1293467251166967,0.6470588235294118,True,5
-0.90353361741913318,-0.42561774290946869,-0.049764838130419146,0.41760085854673001,-0.84851256804138631,-0.32501683774359691,0.09610684228779677,-0.31444547825730129,0.9443979648797467,13.216835616807872,-2.8067242130337569,-3.148464983804228,,0.1446107712002278,0.3529411764705883,False,2
0.95091813064098429,-0.30940939858802324,-0.0045313225061009432,0.3061976722238765,0.94296072752015503,-0.13064475450373017,0.044695574086660514,0.12284498532727356,0.99141888989317051,1.8846540868431889,11.710139287370174,-1.4198289136632065,0.247958111456422,0.2084831677133342,0.6710526315789473,True,5
-0.091602374182071525,0.97957960165628344,0.17897711882563072,-0.98340567735500806,-0.060725239004545239,-0.17095531314872259,-0.15659590923821956,-0.19166702733322968,0.96888671775553714,15.671008040998762,14.754837501356075,-0.79924910669725369,,0.2937607470288638,0.1754385964912281,False,2
0.67968612855438471,0.73178896428505913,0.050116647946079479,-0.72446812926383997,0.6804362150305957,-0.11023831890856869,-0.11477236745707882,0.038619542014838033,0.9926408386938651,7.1429306194352264,-15.591708734849208,-5.1881649800445686,,0.1628679496548205,0.3846153846153846,False,5
-0.8657444737700235,0.49313051055265406,0.085491553376599833,-0.49365375241364234,-0.81324628693733425,-0.30811759039459208,-0.082416496313513984,-0.30895432727948352,0.94749920569396084,-6.5033768806591707,-10.145804057423284,-4.7142298839588284,,0.2266618400751479,0.451219512195122,False,7
0.94204832042165865,-0.33502815195745822,-0.017352215613639602,0.33300585051859566,0.94012355334177822,-0.072627873247228386,0.040645608755667001,0.062640576689546451,0.99720814910473055,8.8581702539903944,0.11769735728178282,-2.8413134998969154,,0.1494620765533161,0.1428571428571428,False,5
0.55141570804445927,-0.83386755971210791,-0.024609140204397972,0.82219291861413624,0.54821566493231966,-0.15316131790886534,0.14120737056752278,0.064222095750501085,0.98789473169706588,-8.5806417446814063,-3.6673058773032947,-3.8018968914009847,,0.3396693395224581,1.0,True,5
0.33126455582715775,0.9349132689665941,0.12728304507212762,-0.92395440174950672,0.34876563143446881,-0.15706940446130074,-0.19123822196503334,-0.065572203259564116,0.97935092210062247,8.3532653343744023,-4.8654562364451461,-3.5094106891228201,,0.4069865054901749,0.4934210526315789,False,6
0.94145743185872999,0.33605705139083542,0.026899111666797971,-0.3295589921012535,0.9341920151386347,-0.13666070970261818,-0.071054730477085923,0.11979539666328928,0.99025263858023338,8.760064599871896,3.9773269384943286,-2.2416002074667496,0.2835123540858557,0.2251974202226386,0.8623188405797102,True,5
0.99698107603993147,0.074966892142864935,0.020216307791023173,-0.072601474073597336,0.99237732994378636,-0.099580424662595798,-0.027527440502198824,0.09781206518667418,0.99482412512127838,-20.13661618390978,-20.097141075183483,-6.4142546012401205,,0.195589126207601,0.9318181818181818,True,4
0.33103562167222161,0.91001362805128294,0.24958087656114591,-0.92260715347058453,0.3676422005615062,-0.11677008491562051,-0.19801883129892925,-0.19161004443201143,0.9612877474116539,9.6015948872331105,-5.3654120076046574,-3.5595147587896983,,0.2808402684421211,0.3043478260869565,False,5
0.8522433727123635,-0.52311980589941109,-0.0051867469205729971,0.51654913136913549,0.84302548305247416,-0.14995009105010434,0.082814422352916597,0.12511476171861341,0.98867996229844146,1.3989961040193402,-5.9597090615587272,-3.8689270430140339,0.3277814076072477,0.2785358610600085,0.9837758112094396,True,5
-0.96188258574516372,-0.27332203421090329,-0.0087725056291932668,0.26770463118849419,-0.93459576076813733,-0.23423277822384547,0.055822232850654074,-0.22765287076828788,0.97214096135824213,5.2841580691154393,11.44753294239505,-1.4131113808659865,,0.1383464563454808,0.4745762711864407,False,5
0.99914690939982509,-0.041275927838596599,0.0013233358761735913,0.041047638346059907,0.98908345626278138,-0.14152387760898066,0.0045326397374243696,0.14145746473174761,0.98993395782177185,15.875456474738723,-10.474972280054862,-4.2105658409021052,0.06970705970461487,0.1531694803458915,0.4375,True,2
0.33368846171107908,-0.94242396492972025,-0.022115172326687568,0.92870413979363975,0.33267479890165352,-0.16381727291680795,0.16174248437268846,0.034125481709269156,0.98624277956650264,13.897982176585284,2.7610473428852571,-2.4341700491924514,0.170735406396517,0.1745030847963158,0.9066666666666666,True,5
0.88726309714877305,-0.43621128033507001,-0.14994637490251678,0.45563665736451298,0.87945945043063467,0.13764560114271573,0.071829192558878943,-0.1904489274232995,0.97906576548240865,14.343036962181564,-5.7717882405175454,-3.5587603461303718,,0.2947352729986395,0.3809523809523809,False,1
0.74202173037028274,-0.6545630447633437,-0.14474450624611632,0.65832696043647665,0.75224929821346187,-0.026955639480885918,0.12652811869604672,-0.075287540586039939,0.98910182560328153,10.166778760954925,-1.2714926386425218,-2.9641398595868598,0.3572815884610453,0.2572492364320565,0.25,True,3
0.95731062670423739,0.28215984945092304,0.062786808781572792,-0.28003962584626202,0.95913304151288503,-0.040516868513356535,-0.071653136393509342,0.021204434349342126,0.99720419173251507,8.8706272374224255,2.7475770933758472,-2.401647148054892,,0.2234320981423742,0.1739130434782609,False,5
0.94037475570728324,0.33933188246234436,0.023434853808630141,-0.3330039138647487,0.93249670186404188,-0.13985097197890964,-0.069308817471005466,0.12370842557097106,0.98989520317229795,13.310419489201134,5.176362312008056,-2.0867797188967567,0.2545415934528444,0.2236515619843926,0.990990990990991,True,5
0.92791307151439195,-0.37274183979806641,-0.006391602043262971,0.36849696868610315,0.91967256580757972,-0.13569213599194346,0.056456317466515062,0.12355522071064254,0.99073043339410172,12.84442430675829,1.4415223277680154,-2.5574698166905541,0.1404538654672063,0.1548686821776182,0.8620689655172413,True,5
0.39675827831258303,-0.91757367355958586,-0.025326313999550931,0.90409383887952721,0.39540329486391523,-0.16208196972779332,0.15873625638308528,0.041409998806189105,0.98645223549260463,5.9540088365284145,1.6608247824786853,-2.6669988136161153,,0.1801849371500998,0.7981366459627329,False,5
0.73532779986133678,-0.67768670887964999,-0.0058095919783369959,0.66850988212545337,0.72672495307987461,-0.1580043672550443,0.11129943509155268,0.11230123409349929,0.98742132272367844,4.1003753105317626,-2.3794545763006805,-3.2624875805995375,,0.2554160019854986,1.0,False,5
0.5077970520758871,0.85611658271440116,0.095950772297336367,-0.8463539416364203,0.51655666741735073,-0.12982378373462963,-0.16070830525997762,-0.015284179667126824,0.98688359722531094,21.978135962104862,2.0730076987277792,-2.4895960458260924,,0.1500954831618742,0.425,False,2
-0.15479914324926206,-0.98467706488737705,-0.080301327100337577,0.9704536568168769,-0.13632761596919871,-0.1990841055807977,0.18508626426627667,-0.10874676551022389,0.97668685655691057,8.7870970353510138,4.9702932988168849,-2.1614095226136918,0.5674098856436749,0.2837601540502747,0.3238095238095238,True,5
0.99674161584136389,0.025469784637333164,0.076533922677967603,-0.033517571754965926,0.993824363788542,0.10578140821501908,-0.073367047327802151,-0.10800196299526067,0.99143978755927109,-2.9402118257536127,21.088776316666152,-0.47332635540727369,,0.4265096749923911,0.4098360655737705,False,4
0.77521623710246756,-0.63157012459130213,-0.01260807108235988,0.62311608795455109,0.76781310694171712,-0.14896098059801993,0.10375994730582275,0.10762067892479767,0.98876269286561314,-17.423873956279408,-19.09556798392957,-6.1899040794089419,,0.289620831049445,0.9830508474576272,True,5
0.82142362009436787,-0.56994343169294404,-0.020681417290300597,0.56134594625067569,0.81437585184122763,-0.14725046881354797,0.10076688433706073,0.10934558339478841,0.98888299530988832,8.6779345763372735,-2.9270096095732665,-3.258452328744204,0.3260972284097745,0.2509106318237557,0.9536423841059603,True,6
-0.57849019175747651,-0.8006500987607007,-0.15591188984448429,0.80222481190096162,-0.52386505657962923,-0.28635773721918001,0.14759555959060952,-0.29073152881877529,0.94535217191258047,-2.9199250868732496,9.7508437689517429,-1.8980120044456124,,0.6493273273566939,0.4336283185840708,False,2
0.96208855666965565,0.27090293703701851,0.031578597657540244,-0.26536938490635653,0.95653300546000819,-0.12092848721482727,-0.062965853283519599,0.10796392068817122,0.99215880440074589,-5.433396144894707,-25.490748630677139,-6.9468186950832829,0.13863114728593,0.2053390137352868,0.35,True,4
-0.45395837378576448,0.89017979449502993,0.038752139845049431,-0.87605314350054297,-0.43797049749090183,-0.20177396534337308,-0.16264281303703784,-0.12554591510821106,0.97866518205515052,-3.7538808401677985,18.073588903480687,-0.82392267930557761,0.3218241504300537,0.2042748673175513,0.9117647058823529,True,3
0.99993250470256068,0.0041749164160785959,0.010842329647447675,-0.0033335170821938865,0.99706449958584153,-0.076493603193338131,-0.011129856383974002,0.07645229714374778,0.99701111957606481,6.8190253984394973,18.171443580822832,-0.48422913467748174,,0.2094967248703233,0.5,False,3
0.18572009271774198,0.98041357510980887,0.065553557503136614,-0.96731918384829318,0.19414494428112278,-0.16309916360653723,-0.1726315258577806,-0.033120421955093987,0.9844294763615784,1.056655674961736,-12.16407249809745,-4.7736226730478242,,0.1618051713852035,0.3333333333333333,False,1
-0.98994609033994974,0.13878995215286277,0.027277965504302795,-0.14062604037525026,-0.94501240964669209,-0.29525558823184184,-0.015200493052082202,-0.29612310749949672,0.95502882166760561,7.7018132910340853,6.2043698854224285,-2.0254105115985057,,0.2057203576326309,0.4482758620689655,False,1
0.069980160315960951,-0.99008234345635138,-0.12181843184893046,0.98246463839351061,0.089562170091997059,-0.16352936126188733,0.17281785633568389,-0.10823849067865034,0.978988466564927,14.473201014636208,-0.9802060006092207,-2.8585815498320519,,0.1120870764939748,0.2666666666666667,False,1
0.30151987603451808,0.94374972801179302,0.13572846139921071,-0.93873974127120974,0.31875906866554971,-0.1309975354788597,-0.16689356642540937,-0.087915340078621243,0.98204757036747947,-18.283306644620616,6.3914278266665399,-2.7590184837225769,,0.2714125092213084,0.1,False,3
-0.72481668537915578,-0.68500452693948954,-0.073549783605258101,0.6772016165314596,-0.68876886822564187,-0.25883472860175949,0.1266441596093249,-0.2374157623991604,0.96311734103445246,20.146304612957703,7.376293519718355,-1.8437732615965692,,0.1477434979859093,0.4666666666666667,False,1
-0.97287698485841145,0.21848613916319384,0.075988020939923129,-0.22914508097994726,-0.86526534249902287,-0.4458793771108287,-0.031668662673029223,-0.45119806522591466,0.89186176156447705,10.897242564306463,-17.357071032204789,-5.4022332254834611,,0.2368448601048966,0.3939393939393939,False,2
-0.86074696088216007,-0.50791566170356151,-0.033709789799966479,0.49767927212826141,-0.82579224391745976,-0.26529702595326959,0.10691123152414168,-0.24513027247159652,0.96357726109118602,16.41711313729288,-13.688212170054481,-4.6694038198196264,,0.1967428265086191,0.3703703703703703,False,4
0.96615452613570119,0.2559955241734414,0.03180759705893868,-0.25122311278757575,0.96173121341965995,-0.10936187971898326,-0.058586510638710648,0.097669671533764296,0.99349295721392361,15.966328112933697,10.865596509470949,-1.3094027267600097,0.1722778163707029,0.191403648337127,0.7,True,4
-0.99861160918571523,-0.051576052161092394,0.010712835432003845,0.043885690557948442,-0.92705278212586173,-0.37235357567364913,0.029135891333009034,-0.3713664632087505,0.92802912122414316,5.6029777599530499,4.0913068569405917,-2.3360706602765595,,0.131135820337437,0.4074074074074074,False,4
0.95561410955683379,-0.28161658772643833,-0.086566570529376316,0.29158431442026728,0.9460963748704686,0.14099729444574691,0.042193141622340585,-0.15998045810121708,0.9862180244883797,7.0721834271967507,-13.993301604091021,-4.9354498663037845,,0.2655047233023433,0.3076923076923077,False,1
0.93980785583100712,0.33589051457543867,0.062759511921084893,-0.33481355191939199,0.94188972862190223,-0.027269480517244565,-0.068272099494935845,0.0046153369115112305,0.99765606252643368,-1.0765144823519861,21.119443854852555,-0.34908582316384529,,0.1133118401184513,0.1578947368421053,False,1
0.18296971086026539,-0.9811905908290357,-0.061539494442824645,0.9657693211399706,0.19109614543288533,-0.17541915957367132,0.18387958900473578,-0.027336562864798367,0.98256857729025093,-22.670254563156231,8.9632463854514821,-2.6504177435482172,,0.168727770024605,0.375,True,3
0.75570621853446274,0.6534548856622423,0.043644285679674766,-0.64247783624030108,0.75263535556723649,-0.1440911221767695,-0.12700528023796512,0.080850070836862714,0.98860149951198784,-17.751413120793657,2.2562711085151888,-3.2617420111521209,0.230751866154708,0.2149070764075449,0.5,True,3
0.4928310315628458,-0.86726979786028857,-0.070432038505751041,0.85767519500273226,0.49782931975668221,-0.12868266498493142,0.14666572266799918,0.0030109981689198486,0.98918153019771893,-14.624534956644087,-4.1829327306948434,-3.9907120697191756,,0.1509961449941433,0.4166666666666667,False,1
0.86610307227260508,-0.49966724915318012,-0.014075095866387747,0.49498067709101135,0.86122615818051362,-0.1152546475078393,0.069710813411393055,0.092855503818170274,0.99323625482771982,8.3490447040066709,14.045780930315178,-0.99909843164816137,0.2853088464123837,0.2508639643833203,0.7192982456140351,True,3
0.9662812189525708,-0.24910003516164292,-0.065190324297414337,0.24704511974296237,0.96825809415585562,-0.038012786175907101,0.072590045534627112,0.02062608988970166,0.9971485594960976,4.015911401706286,8.632016469885647,-1.8066455589029007,,0.2035604753541463,0.3018867924528302,False,3
-0.21704652870577842,0.97124195489648968,0.097876807393870696,-0.96164653068193318,-0.19551521647288009,-0.19237918326826486,-0.16771032885357262,-0.13587812618816919,0.97642735542354531,3.4578867104444138,-14.011778347601613,-5.002897885831449,,0.08334522947732341,0.1176470588235294,False,1
-0.83737160086413787,0.54463725550925768,0.046680423922393605,-0.53967577899780494,-0.81011032643141023,-0.22906617509424157,-0.086941679471603903,-0.2170058038867555,0.97229091605862483,-2.4012022502127444,-15.185181492543528,-5.2899205927800663,,0.1053297946738762,0.1851851851851852,False,3
0.72198583035245756,-0.69073797644694179,-0.040218262819986,0.68253701347097417,0.72053754940483528,-0.12234731357818451,0.11348870433834692,0.060882573792994041,0.99167213644225438,10.359380795647429,15.648604708293126,-0.70318149270155872,,0.1103917355155841,0.2222222222222222,False,3
