axis_00,axis_01,axis_02,axis_10,axis_11,axis_12,axis_20,axis_21,axis_22,location_x,location_y,location_z,dbh,dbh_approximation,score,reconstructed,number_clusters
-0.35936560186283145,-0.93262900339360399,0.032550057247550765,0.9157745556783532,-0.35915030655958136,-0.1799111460423567,0.17948071587187397,-0.034845363066162524,0.98314417727152692,4.633224646182577,-10.754436024457437,-4.7091221863344721,,0.1090620850402633,0.5517241379310345,True,5
0.17712814860566867,-0.98357383813846178,0.034758076775075815,0.97167315369030549,0.16915267526765365,-0.16504137313816353,0.15645095515548305,0.063006962943547934,0.98567399339313322,5.4255925289339988,-11.752181572358568,-4.9079153192351797,,0.184458700815726,0.8484848484848485,True,5
-0.86014584941753025,-0.50954254371132179,0.022704930697795344,0.4895095488869679,-0.83719629958282904,-0.24389087214017588,0.14328125934075681,-0.19866744099880612,0.9695368629447324,14.310859353346336,3.6726874624986068,-2.7109863764768831,,0.1600099751082013,0.4814814814814815,False,5
-0.50444023212901579,-0.86308844471017698,-0.024867424824314831,0.84525485467783212,-0.48772674147267292,-0.21832740619538724,0.17630735337240405,-0.13115243901741516,0.97555868859162009,4.0836967198159391,4.3611111632434962,-2.2736692144147455,,0.3028656441264765,0.25,False,5
0.93557261193410024,-0.35055387321644677,0.042613023499310294,0.35311740723956608,0.92987432241955648,-0.10315930015842895,-0.0034618641238345071,0.11156041626723033,0.99375162340449552,-11.795233573242305,-21.450921926518937,-5.6654157564773771,,0.1634526150729002,0.2916666666666667,False,1
-0.77784862704660185,0.56169577181995967,0.2818676521371255,-0.62814484536093251,-0.68087027286021262,-0.37662942633542185,-0.019635851094511304,-0.47001439494428116,0.8824403106708999,0.074905357233720854,-17.572278328974608,-5.6010469046778866,,0.5923910294066851,0.5578947368421052,False,3
0.089083313966969155,-0.99559389552917066,0.029273851091275144,0.98390263402033418,0.083389819481301655,-0.15805614437510732,0.1549185913327101,0.042882784330400936,0.98699609769621766,-7.0360170215439108,7.66157231691595,-1.5661055090505975,,0.1721090044339315,0.4909090909090909,False,5
-0.6671021179462826,-0.74324140599448463,0.050665339700098552,0.72573434609994503,-0.66372923281857699,-0.18103360017673184,0.16817973457723653,-0.083998320920155731,0.98217099272994435,8.2317457475204634,-11.992565769320315,-5.0460991931470787,,0.2478060276000918,0.9,True,5
0.65223893103026276,-0.75799601576256659,0.0051397409054312754,0.75345583125705606,0.64755996416084383,-0.11388767782664171,0.082998115600528138,0.078154544999515393,0.99348033694818527,-16.060324680289256,6.5091100947130798,-1.7670711376394828,0.2986123052485199,0.2121029845445644,0.9545454545454546,True,4
-0.82220264663227527,-0.56917293126054969,0.0049982187982655288,0.54064942197775179,-0.78368454506617358,-0.30583776146765629,0.17799160200977066,-0.24875833281459694,0.95207052336961739,14.555324710736718,5.8981541176361718,-2.3728083466458991,,0.2098856111484968,0.8548387096774194,True,8
0.27124180187832081,0.92238409113793451,0.27501904175792585,-0.94514037951551755,0.30928207999978946,-0.10513923149931674,-0.18203721576387846,-0.23141344690110349,0.95567267862500105,-3.657897843334287,9.4166511018166243,-1.3204726616764424,,0.4395192833512428,0.2619047619047619,False,7
0.82418087250474781,0.55017373522738922,0.13429352353429458,-0.54353746143793069,0.83504571533164995,-0.085238965971342937,-0.15903747171947677,-0.0027412355237215087,0.98726874163870948,7.338711014870464,-14.066835156368962,-5.3200717883185051,,0.1409759863245442,0.2413793103448276,False,3
0.27791710614726356,-0.95963520621436194,0.043154989336683269,0.95005430889251574,0.267947008359536,-0.16000378391131323,0.14198201388025938,0.085467372166770805,0.9861726197930113,0.66090675167817725,-10.349182150686643,-4.4720853118325756,,0.1688222560156042,0.8618181818181818,True,5
-0.17305007380801052,0.98039349042041546,0.094245826943776048,-0.97300275637208455,-0.15533669307989459,-0.17069313950867382,-0.15270660773970152,-0.12123990978335766,0.9808065947108815,10.551100400985135,-13.666517514457226,-5.4145127752993361,,0.1853822935495471,0.40625,True,5
0.86596577914581241,-0.49699440705642339,0.055676105314753171,0.4994582626335472,0.85382025862513256,-0.14673925803407079,0.025391203899459876,0.15487906674546159,0.98760708859778334,1.3375740999817103,-9.3879524019461709,-4.3476684239075567,0.2181408530889882,0.2360585654713231,0.9640102827763496,True,5
0.76761799877212855,-0.64064036784546974,0.018507486266155389,0.63900373947931222,0.7627943415990176,-0.099090934782020482,0.049364247107860235,0.087890337986269468,0.99490625668759924,-18.292595810853772,-15.092359426708098,-4.6101669820256408,0.17729511749417,0.1848391144157217,0.925,True,5
-0.81404271977721054,-0.54180803205891015,-0.20923313976081936,0.56807594184215671,-0.66773497289819561,-0.48106104630160018,0.12093045388927526,-0.5104645554444448,0.85135290153792065,-4.130766016477871,1.436652901098626,-2.5090338070991489,,0.5887737990307241,0.3086053412462908,False,5
0.75374360429776988,-0.65691933121007018,0.018098929877826991,0.65241888379753288,0.74470681354763357,-0.14057511131104422,0.078868111709293726,0.11776567470296827,0.98990457460159575,-27.888729755237012,-14.751851753006317,-4.4493542681043614,0.2493639171055272,0.239777647945671,0.6923076923076923,True,2
0.25522033048145221,-0.96383900499173925,-0.076661302920525046,0.95599955572467499,0.26341587948784595,-0.12913916481017304,0.14466316864759565,-0.040329231212345516,0.9886587483791659,4.4698367765456206,-15.835575290195122,-5.4675979526366518,,0.1553005014657266,0.3157894736842105,False,2
0.3962432957998136,-0.9169388500375546,0.047057367388205089,0.90912515378912861,0.38466802009202156,-0.15975596723245469,0.12838498853680061,0.10608326734358839,0.98603429712566981,-13.523631189035509,-9.7449303920517476,-3.8797847172339726,0.18930510702986,0.1801730306644799,0.9259259259259259,True,5
0.5237661551959335,-0.8508573333604863,0.04136197454126149,0.84508538336380512,0.51287433200289578,-0.15096560667063866,0.10723669845775737,0.11402507548458786,0.98767331272269088,9.9379807038981003,-9.6693669267001905,-4.7471504927187107,,0.2291119883987948,0.9852941176470589,True,5
0.95812076003533764,0.27228017736148019,0.088702391204003389,-0.26154244741522842,0.95817702420208439,-0.11615652582309269,-0.11661971269626611,0.088092538317607799,0.98926212264667301,24.126935841066427,13.871339053831912,-1.4299069262098798,,0.3017266264292598,0.8974358974358975,True,4
-0.17452343728959191,-0.98421672731746723,0.029308761576017906,0.96807329914514051,-0.17694802644162905,-0.17754853821041505,0.17993236873577961,-0.0026133516614701077,0.98367551208425663,-8.7925073966409677,-23.929649514785645,-6.2331703997895831,0.3811123523317201,0.2647113310516978,0.9230769230769231,True,4
0.69586937430835072,0.68993365672064055,0.19939248537442389,-0.69917624316635252,0.71426037067424875,-0.031379991651852818,-0.16406826290142174,-0.11757411368311545,0.97941713937430142,-4.9873455539671019,4.9480159728756119,-2.1115903384413732,,0.5250454628277899,0.4974874371859296,False,2
-0.068209266098889137,0.97492444435203429,0.21182498394459587,-0.98538387556915197,-0.032613523266835601,-0.16719741585455553,-0.15609648870672435,-0.22013333665076923,0.96289937184963958,-18.024618959652113,-13.180225494792726,-4.2938215958477493,0.1614905234826004,0.1392074696453226,0.2222222222222222,True,3
0.43134503069290209,-0.90165825439703762,0.030884571783129779,0.8953984791643449,0.42365680548979157,-0.13702727711066964,0.11046731646382459,0.086760033655322977,0.99008568748033599,-16.564255275066646,-11.407734302183599,-4.090901164146941,0.1424940036469435,0.1631140060265412,0.3809523809523809,True,4
0.033638451243775964,-0.99852197032649048,0.042688749960878757,0.98608788586613338,0.026201979334798547,-0.16414669544951807,0.16278555201853193,0.047616499810896495,0.98551181271447941,-1.381265296858641,-13.662606149324604,-4.8994857398679423,0.1006097588577091,0.1450593647824053,0.5138888888888888,True,5
0.80560489474028374,-0.59176181181707466,0.02861313763763838,0.59070783442976182,0.79858990921781103,-0.11540542118457804,0.04544235814522013,0.10987317675603012,0.99290627811276333,18.643016710146028,-13.226883862858235,-5.7447512809255752,,0.1248016553149715,0.4347826086956522,True,3
0.048748397018641178,-0.99832754465285556,0.031075832660017046,0.98525692752412297,0.042955354090833467,-0.16560079806769071,0.16398896473189251,0.03869045285766981,0.9857031339626704,2.2265374604609405,1.8932511932774245,-2.59492268305616,,0.286079697173122,0.9727403156384505,False,5
0.73744382591283875,-0.67514025177126091,0.01903271029757329,0.6717133998435787,0.73017448811886332,-0.1250852723982131,0.070552902800761236,0.10502788838490881,0.99196342199084742,19.995437543154949,3.5818247370045047,-3.0112246936789759,,0.3162234939822627,0.8243243243243243,True,4
0.9959183733732434,-0.061346426840856172,0.066205811613879992,0.069616759377370371,0.98895323170029326,-0.13086257036807467,-0.057446500253595933,0.13493747227292149,0.98918743329320946,-5.3375577125730018,-10.045720833271822,-4.1794789257602902,0.3098154198730009,0.189054108925541,0.9012345679012346,True,5
0.58196843790191521,-0.81316847801416081,0.0083524637167939758,0.80685131425827028,0.57610440580415601,-0.13074658807305389,0.10150711288234518,0.082829583949069974,0.99138063631337736,-19.064387774371379,2.8760844382988577,-2.1952427357753681,0.2713177099029537,0.2406001394233405,0.86,True,4
0.32096158822001819,-0.94607077088756053,0.043974485323881637,0.93708107007429187,0.31049324445472137,-0.15960267308663983,0.13734164334135415,0.092433985201317487,0.98620141522109905,-3.3570041198860587,10.701422101367017,-1.1551898106535226,0.3574047555179143,0.3187134600917429,0.9931506849315068,True,5
-0.11885797262909266,-0.9918902166883764,0.045017556357340324,0.97754986766645491,-0.1248431637379792,-0.16973638588466389,0.17397999473444439,0.023832383552144735,0.98446075540187217,6.5973268808402006,-11.688260118519151,-4.9364150522224612,,0.2139643342931897,0.5633802816901409,True,5
0.40746916801905347,-0.91242424078821072,0.038090444154888464,0.90451695183594727,0.39749084091166886,-0.1544348251941256,0.12576947545118458,0.097380882176075448,0.98726845530045271,8.2408277058438717,1.9271793744160173,-2.77157636278818,0.3407269783348597,0.2656241417332513,0.9591836734693877,True,5
-0.5303693032593112,-0.84753693304219857,0.019737003056603766,0.82875046455908497,-0.52323543719268972,-0.19848764384433479,0.17855270833379533,-0.08891470291913775,0.97990464125417209,1.0850448855458341,-12.468016423640911,-4.8197802439174291,0.2171479846839147,0.1898129554173161,0.9440993788819876,True,6
-0.9464753807123133,0.31193883961738222,0.082936807532250745,-0.3226402099836605,-0.92176548735489416,-0.21506204040483914,0.009362083484992071,-0.23030967556651699,0.97307235328790653,9.4486991483629392,-12.881773924625653,-5.2477364231632135,,0.2123120821119615,0.84,True,5
-0.92391404922761544,-0.37768590626002035,0.061124347459732171,0.36175028004964632,-0.9143642997492395,-0.18186440616042737,0.12457754421978866,-0.14591533009464619,0.98142200501086008,-1.8817600974461406,-9.2484740914343888,-4.2108853707837435,0.1920604911682816,0.1917796539134271,0.9123376623376623,True,5
0.54467931035626027,-0.83776794937197563,0.038331604126428873,0.83210014728690218,0.53416532636601388,-0.14925397479935607,0.10456478257494624,0.1131912855009885,0.98805563564593324,-7.4281509935400321,-8.6195100677170995,-3.8978965889696502,0.09157992799417738,0.1282343183186188,0.7027027027027027,True,5
0.39459696829985641,-0.91854618380943642,0.023793713827039431,0.90980894686439384,0.38695696612627412,-0.1500399499195193,0.12861148010214546,0.080853043081076076,0.98839358183390935,2.3373289036061999,3.3224782583464973,-2.3789417064660272,,0.1368238861632665,0.7115384615384616,False,5
-0.10062458710438642,-0.99039337904254032,-0.094845385859152115,0.97484640449323856,-0.079090102510400065,-0.20837284691509039,0.1988697566667115,-0.11342711507216469,0.97343983350268182,-25.349657717545938,-8.2089668327666327,-3.6538735046148849,,0.3046222037956951,0.1458333333333333,False,2
0.93887633380267632,-0.34407976338694762,-0.010970243972998263,0.34392792675889605,0.93889695395616879,-0.013641519239230654,0.014993699362477075,0.0090347263051549654,0.99984676961023244,4.095533917476998,-17.13101839829968,-5.6361802956192655,,0.3341424265013384,0.2340425531914894,False,5
-0.11051466561512553,-0.95481675308349512,-0.27588308522826988,0.97861207840976006,-0.056081495715686505,-0.19792237323966508,0.17350766171701709,-0.29185584432966788,0.94059303498171287,-2.7766687553991747,-11.378089716392701,-4.4824461709197641,,0.3633407512198534,0.1666666666666667,False,5
-0.84986708700906077,-0.52417358391327618,0.054479246931687778,0.50720880291126558,-0.84163516089550816,-0.18544402442168767,0.14305650865323438,-0.12997041921876837,0.98114347852902872,11.781970583220657,-13.390855460845538,-5.4391151623596929,,0.228991943238566,0.9016393442622951,True,5
0.21639007388697545,-0.97612178632489055,-0.01901563002097037,0.96362761382566675,0.21666810240219359,-0.15645048825134647,0.15683481053593146,0.015530346529862828,0.98750273444726278,-10.103614323194082,-17.653712367011725,-5.1491575573240373,0.1948574070603357,0.1950971897896264,0.2727272727272727,True,4
0.89850531811283485,-0.43714838290887914,-0.039868341363873565,0.43875940066046532,0.8971409134887397,0.051267627960145196,0.013355959532114908,-0.063556845931360711,0.9978888443510302,15.521474356400397,-14.500822621542149,-5.7779697915703219,,0.2189796018815643,0.2631578947368421,False,2
-0.93920911556300013,0.31297646361555154,0.1411806306334949,-0.34311678201284562,-0.87057585357234168,-0.35265926484063742,0.012534398450553402,-0.37966223989158165,0.92504025450571103,-5.4637961768508729,6.3974483110215949,-1.8146784756755037,,0.3294052483363377,0.3048780487804878,False,2
-0.94293531471885461,-0.32696767753977879,0.062969279019987084,0.31171214993435969,-0.93328801850107401,-0.17835080629376829,0.11708342256422544,-0.14854498431983917,0.98195002917361573,-0.69806029316612062,-8.7129595170188541,-4.1821158787571271,0.1362009931400809,0.1670852511042294,0.9378698224852071,True,5
0.29316041799173925,-0.9560581105497411,0.0031398367742005232,0.94481978406397349,0.28920905153936394,-0.15386260152814543,0.14619351888581145,0.048073004480283767,0.98808726399849078,-8.6635371948703384,-11.083686097959513,-4.1817148762506369,0.1952304308828936,0.2097041655673536,0.3783783783783784,True,5
0.51662332584509185,-0.85549833771639272,0.0349704640696578,0.84922997226481933,0.50677683699080855,-0.1482757286162765,0.10912741818558951,0.10630066629180826,0.98832756459893745,-1.4897113634666934,3.3848240810478081,-2.3503657338260844,,0.2874789108378537,0.9797822706065319,False,5
0.90682915589966162,-0.41913506545940682,0.04457217644053376,0.42141791447177457,0.89950633886655662,-0.11530519373013354,0.008235494676550402,0.12334562514018167,0.99232959916864827,-3.1285060186327205,-11.431878415360689,-4.460043512218018,0.1082575337784666,0.1154291588942399,0.4205607476635514,True,5
0.58838977795852232,-0.79776373508233012,-0.131797163024894,0.80109379030762395,0.59727314254128872,-0.038904142831033384,0.10975522003296664,-0.082691088917385663,0.99051298602752891,-13.581501747114062,-8.9221380023072694,-3.7778662949102539,,0.3312580502795969,0.2121212121212121,False,3
0.31323527975857063,-0.94764202092736649,-0.062114891026774158,0.94046015110222769,0.31862119241739872,-0.1183859786093408,0.13197864866464717,-0.021333914671549388,0.99102295653604422,5.8498181570426206,-15.193140553089012,-5.4063282883381945,,0.1623854359116314,0.375,False,3
-0.16356936722970264,-0.98650816030613231,-0.0068345997311163448,0.97645093496611668,-0.1609061765863514,-0.14371073008010954,0.14067207863634801,-0.030180324480889836,0.98959613697020721,-7.2466967763020218,16.169055325388072,-0.35559400272924285,0.2563150194620836,0.2565742113757597,0.8860759493670886,True,5
0.98222268952278413,-0.1800614597653814,0.053070320272153713,0.18351241840601035,0.98055559123660585,-0.069526432278724751,-0.039519368383191596,0.07802950212445714,0.99616746399428413,4.9576405712923464,5.4969042197644082,-2.0999932572959246,,0.08879925848043554,0.3571428571428572,False,5
0.39952384139694819,-0.91362774270592328,-0.07526651256372352,0.9078940855724319,0.40570762077971562,-0.10549718396175264,0.12692135178142247,-0.026185381405307843,0.99156709115552777,1.1151308261866912,-16.882908315215332,-5.5290758635445076,,0.2976376542453639,0.4545454545454545,False,1
0.6445720197418594,-0.76288226848444884,0.05037415803685575,0.75970863274753853,0.63170573949304176,-0.1542421862540061,0.085846984191445708,0.13768988025113282,0.98674808952521564,-10.426526455828638,-9.8893882417874739,-3.9532864292324441,0.2199282824420739,0.2200108824553966,0.991304347826087,True,5
0.37092554930934374,-0.91008707403653599,-0.18481275535303315,0.92256095822651962,0.38389332019935846,-0.038822635954824866,0.10628036143017981,-0.15610072510379733,0.98200664376384983,7.6970314769935992,-15.712209775851626,-5.5836545171566483,,0.3591827248597353,0.4736842105263158,False,3
0.97039863303740426,-0.23523823450792905,0.054676009590407054,0.24032204931089987,0.96297441021147157,-0.12217036421685296,-0.023912457300475833,0.13169380510662498,0.9910019859124356,-13.806882749298023,8.2453941427631303,-1.4689080494450246,0.2775922092785867,0.1937036919086839,0.9824561403508771,True,2
0.61630509211675522,-0.78691676559841817,-0.030496515392459997,0.78231380244399817,0.61622147065380783,-0.090863708986983496,0.090294783551271157,0.032141921619325622,0.99539627733784808,2.0248755522273156,-15.535579258299446,-5.2987711847504562,,0.1080855354806046,0.1851851851851852,False,5
-0.25098956782243492,-0.96744565625029633,0.032452103887741446,0.95144507582744875,-0.2527329024447928,-0.17572235971990269,0.17820354802306071,-0.013228084678604451,0.9839047277291274,9.0279183070635884,7.9852227874282127,-1.8774564459135497,,0.3467735130676377,0.9620253164556962,False,5
0.027230583161429477,-0.99954186552083724,0.013211904170560441,0.98585861629829319,0.024666882010306715,-0.16575383435173816,0.1653520003238616,0.017538643134895192,0.98607865405650252,-26.013786361824891,9.0026939391871927,-1.1539719284650429,0.2769969859674265,0.1443401439863264,0.6363636363636364,True,1
-0.75683162844066187,0.58364686449023395,0.29421458794997757,-0.65092812534578925,-0.63231196574353721,-0.4200882688333023,-0.059147796456612195,-0.50944863877358915,0.85846585408277276,12.772178671003214,-18.066884207569501,-6.187104008117231,,0.5033619616783892,0.1818181818181818,False,1
0.02431067665566888,-0.99939845072133238,0.024733129529942707,0.98731703497062406,0.020119448894410651,-0.15748104721839126,0.15688869767245664,0.028247910931369836,0.98721223253698309,-4.0375832048677482,-14.522478637951902,-4.9023965287902209,0.2036629014689988,0.111061671222252,0.8333333333333334,True,5
0.17770903884083444,-0.98285216498926142,0.04920487059417461,0.97220094591625017,0.16759718827433359,-0.1635130063392102,0.15246251432340932,0.076894760929859529,0.98531333973905211,-9.3738310980590569,-9.4249500326756781,-3.9584440237855945,0.1790973559359559,0.1996458175367657,0.9714285714285714,True,5
0.91973974314839602,-0.38839601145578267,0.056809710072854236,0.39250626728896476,0.90845588176189029,-0.14368973878154945,0.0041994061730049534,0.15445533068646675,0.98799084803976189,1.1372817312212193,-15.363846650073398,-5.2607974131874515,,0.127293274280839,0.8607594936708861,True,2
-0.91287342461611443,-0.39849736778822131,-0.088667685745745392,0.38628238440685875,-0.77287331616123256,-0.50344091675477753,0.13209099184501152,-0.49382859883951452,0.85946802432760849,-14.765795216063756,-7.0753975542758258,-3.6056176334225807,,0.4026029281259669,0.3064516129032258,False,4
0.40981820762482696,-0.91146218368641374,0.035856999438999899,0.90348535963906762,0.40019325129384503,-0.1534912588283977,0.12555174876137296,0.095299786612855042,0.9874992197741248,-10.336429689063928,1.6979146258327771,-2.3415396180443011,0.2784546027936574,0.2353431277294669,0.9965277777777778,True,5
0.044834506350413514,-0.99285747647342426,-0.11056174044911696,0.98500645601012493,0.062390715709893102,-0.16084054281051255,0.16658976156621316,-0.10169282179205408,0.98076828116394588,-12.576536721329219,1.2488000954529079,-2.3814287750971377,0.5217409255414902,0.3780716219236432,0.3203125,True,7
0.29456031750255701,-0.95559923443070893,-0.0080201314352595088,0.94472542022516348,0.29245237335433788,-0.14820758988596416,0.143972565904703,0.036079252692661719,0.98892375226402451,-20.314350255244154,-12.875884589966839,-4.2885266756233982,0.2132857929142467,0.254687900980986,0.6944444444444444,True,5
0.23545004341274345,-0.971045306513311,0.04042634976605252,0.96100642904495526,0.22640616499770799,-0.15876678426325189,0.1450169658736542,0.076231628275280822,0.98648812383084405,-11.013752024034867,-13.244598176916266,-4.4772884854209183,0.2741790681327658,0.1181574543490411,0.6875,True,3
0.97530013966131635,0.20744202768298059,0.075877814461085241,-0.19801106076665931,0.97333096952927922,-0.11583800572029788,-0.097883897504542156,0.097952176626999579,0.99036564646768399,-9.9690602680763298,-22.107642212035582,-5.8854087320433273,0.2070442738199177,0.1779326447529733,0.6086956521739131,True,2
0.98641841325036639,-0.15397409638521695,0.057189961033256034,0.1521111995800199,0.98772068235089472,0.035637573130198358,-0.061974970455473108,-0.026454324762480871,0.99772705272454343,0.36351527657826271,-17.882140100456834,-5.6605937328690725,,0.318201890535861,0.1739130434782609,False,6
0.95143594126146802,0.28852051434754622,0.10735717245034399,-0.28286420798378165,0.95695725452173863,-0.06496655185497538,-0.12148040795788198,0.031444010858105637,0.99209565298087177,-13.757401237846496,-18.001788029368903,-5.1205013308594722,,0.2258117407486112,0.9666666666666667,False,4
0.1727886180286721,-0.98392179887296338,0.04518835228610224,0.97370382217753304,0.16371846393147504,-0.15842074120764751,0.14847545304394177,0.071373372279229977,0.98633710341489544,-10.372927893989466,6.6610250145662988,-1.7253617499526155,,0.2120264859411649,0.9538461538461539,True,2
0.79053037308402041,0.6075390198212911,0.077188526519319456,-0.59285062463733751,0.79077255262765056,-0.15233813336741361,-0.153589928376693,0.074666655244050556,0.98530960844594806,-1.9234521346635884,8.0279554321610469,-1.5962024442549849,,0.2561208583977514,0.9784172661870504,False,5
-0.94010483843683379,-0.33661607250838949,0.053782083231127341,0.3215596019958718,-0.92806853800203015,-0.18785156676224338,0.11314731597306979,-0.1593060215428149,0.98072385327791878,13.224639117353863,-10.925223338865331,-5.0867718310061534,,0.1627048302038294,0.7926829268292683,True,5
0.77669080994497042,-0.62847271011929784,0.042112211795737167,0.62840859543088079,0.76856987401089993,-0.12001244081950491,0.043058366615696106,0.11967623572862117,0.9918788109775375,18.633847360044872,11.449036817036857,-1.6338448565036419,,0.3165599951252925,0.5,True,5
0.14480384320101131,-0.98788184597495354,-0.055868644044186469,0.97797423986819099,0.15147300264917579,-0.14360472005709693,0.15032708720803217,-0.033843579325506794,0.98805687032173783,20.645091740402158,2.8912292506011696,-3.1550275839813149,,0.2638640320938983,0.3703703703703703,False,4
-0.085267025315158423,-0.99603331918249427,-0.025439368549723833,0.98313148389233129,-0.079961222404026255,-0.16449525309660901,0.16180858992515743,-0.039036265061585813,0.9860497706690442,-15.251314270461105,-24.902381500023385,-6.0974845205895774,,0.2822369557736634,0.4516129032258064,False,3
0.016076912765016719,-0.99913520950550527,0.038345351769639033,0.98685777223072324,0.0096888793620821881,-0.16130053628095081,0.1607895216230254,0.04043462307352861,0.98616011427817429,-11.420711733848206,19.215808218463561,-0.064196939593734306,0.3450889963312044,0.3509082940248995,0.8767123287671232,True,3
-0.12288043937949915,-0.99226978537817989,0.017351387363590029,0.97428790034539636,-0.12394372887570872,-0.18815163914498081,0.18884778224395313,-0.0062149093255564267,0.9819867056348649,18.959972149593494,15.903386713074516,-0.89668033764379063,,0.2214444682330803,0.975609756097561,False,2
0.97205992196156443,-0.22651987238736704,0.061548806078505623,0.23288731742808833,0.96348921989365177,-0.13210609573321061,-0.029376955206884853,0.14274897744759635,0.98932286132507785,-2.1878014076677808,19.383952552029101,0.1503277211202404,0.3942231974058698,0.3355692726384998,0.7608695652173914,True,4
0.14204630537123714,0.97992447055365839,0.13989595827082857,-0.97389924955028129,0.16363031529415145,-0.15730661665084339,-0.17703982279639818,-0.1138997450693755,0.97759078822242951,-24.943349867565068,-10.212846625773498,-3.9434643211911515,,0.2410927055556875,0.525,False,4
0.83237805512961194,-0.55383375860831174,-0.020370104674131757,0.55294384614935987,0.83239924738516424,-0.036940437980145721,0.0374149214110856,0.019484885896570235,0.99910983524205166,7.7332031588556722,-18.625750312125721,-6.0718677868982862,,0.1429654564620325,0.3043478260869565,False,1
0.4107075411393441,0.8981555728740771,0.15695821917476444,-0.89394019883165277,0.43054079651426452,-0.12452125701938745,-0.1794163776362116,-0.089169442367338148,0.97972372329335733,-25.567958058862693,-13.941938474336721,-4.4175990213705036,,0.1606335146625957,0.5,False,1
-0.48201184196726304,0.84153573333754594,0.24388971630506834,-0.86809395801444622,-0.42100153657967754,-0.26300301567922069,-0.11864849034918352,-0.3384897571767731,0.93345981168139736,-6.8112232563799378,10.215790034564453,-1.1647402394934552,,0.5573681043895126,0.2598425196850394,False,3
0.31868956582130764,-0.94717018142008746,0.036133198934822829,0.93775858743084961,0.3095140527982328,-0.15751153234004422,0.13800649381939392,0.084081499445774949,0.98685587048698564,-24.422493645625412,-19.489557123472977,-5.1954379483459991,,0.2345789593650364,0.8333333333333334,False,2
0.74484160451039549,-0.66723158211846012,0.0036055532273558955,0.66166773318058614,0.73791203910783632,-0.13297230315888553,0.086062739080528694,0.1014289818711136,0.99111319564343658,21.94573947413722,6.9341407428907234,-2.5636093024343212,,0.2898358531288858,0.2142857142857143,False,4
-0.99556904105763822,-0.031947293550909181,0.088440120546880496,-0.0048027031741220199,-0.92201507845540942,-0.38712417793659704,0.093910694437832787,-0.38583359824623464,0.91777623413039333,-4.2711049699184613,7.7972332751350795,-1.5892309911211255,,0.5448850221940109,0.3917525773195876,False,3
0.92024805436527224,-0.38971075683836076,0.035623650029181129,0.39131226427687482,0.91537949607378344,-0.094631337273704319,0.0042696912575408419,0.10102427516283614,0.99487479893923692,18.645816562433644,-14.727442932728861,-5.9608042350198964,,0.1690771816423914,0.35,True,3
0.061608349888255261,-0.99305702531561224,-0.10021055680592821,0.98614352222460666,0.07605701048941807,-0.14743230558415441,0.15403040218896161,-0.089738930385426185,0.98398249962831474,4.4424662759519045,6.556817372060137,-1.9316740591465054,,0.3524047670051651,0.4423076923076923,False,3
-0.98889621574161446,0.1130440368047728,0.096464087798488196,-0.13974179011496157,-0.92821605869196178,-0.34480020371488351,0.050561908462589636,-0.35445168095135388,0.93370632389599839,-25.32326566059734,-7.4792326559769604,-3.6151321920217665,,0.1692809233682085,0.1666666666666667,False,2
-0.34863356660968997,-0.93678420794595352,0.029832599217642811,0.9185585947835857,-0.34783092474148758,-0.18778646315080005,0.18629209371900896,-0.038065673993182648,0.9817567215360602,1.3860678808025082,-13.477723288156588,-4.9987552955212156,,0.1056535840598365,0.1212121212121212,False,3
0.41547049296894434,-0.90954177265710301,-0.010864311479158326,0.90130324451956489,0.41325864376928328,-0.12988362009305382,0.12262434868592198,0.044170772483015631,0.99146972317242532,2.9275340997602282,-13.893349588684959,-5.1270892375112416,,0.1266732996220813,0.3181818181818182,False,2
0.6087106931597468,-0.79307184371702499,0.022546457288445988,0.78799075243111127,0.60101196128374035,-0.13362333806982568,0.09242221657173097,0.099104354582181226,0.99077568641283142,5.7157163923356595,-16.81311526880004,-5.6646752373352838,,0.1942530339815035,0.1875,False,1
0.53315174725886183,-0.80859363296816456,-0.24884845010200163,0.8386575601510815,0.54385180307420677,0.02964309522249356,0.11136746022181798,-0.22450290202195608,0.96808870243767542,-1.7826988228530403,9.5822745786366159,-1.3699887184531325,,0.2808506578243885,0.12,False,2
0.071124807719062169,-0.98787878440106702,-0.13797379844447302,0.98420774387773824,0.091983944287915814,-0.15124176302969305,0.16209990320175596,-0.12503783956669773,0.97882028997077597,-0.30280999559354793,-21.65143668323751,-6.2096070221665238,,0.2278611924724558,0.2258064516129032,False,1
0.59911156910478813,0.78218125761775659,0.17104913912763076,-0.78172073249916751,0.61762953692410405,-0.086292824150574196,-0.1731416303081493,-0.082013629052869463,0.98147630664413621,-2.9221704853417729,-23.749052831087198,-6.4687819985130481,,0.1617387338332358,0.2857142857142857,False,1
0.73222063409081417,-0.64361307258774381,-0.22274459770286287,0.67792095571043454,0.7201578700828537,0.14763407454371583,0.065392054718426837,-0.25910394622987115,0.96363324155396946,-9.8799888640531943,-0.40576837305409241,-2.6545981926223252,,0.2211074885446764,0.2222222222222222,False,1
-0.89575735467524897,0.43618541732348287,0.085796522421016472,-0.4443002658641067,-0.87205437082621806,-0.20522779557353765,-0.014698139279684948,-0.22195372499065824,0.97494641322715103,-4.6979097179768043,17.330658700440683,-0.066970216651696404,,0.2845229018405965,0.3461538461538461,False,1
-0.1396720495665098,-0.96130100640338645,-0.23747019530401692,0.97465535620135602,-0.091143326113570372,-0.20430328125843783,0.17475312643240307,-0.25998705581777098,0.94966734997540536,-8.0544767033425604,10.3874593462082,-1.1454528295249686,,0.0809530809888615,0.2727272727272727,False,1
0.82483802269649265,-0.56536836710722971,-0.00091966768209184035,0.56396684501448291,0.82290560716930483,-0.069048963885988857,0.039794899654993388,0.056435548759829438,0.99761284815184004,20.55093538547731,-8.8207563083993605,-5.0929276730923601,,0.1556210778508536,0.4736842105263158,False,1
0.71774589493029506,0.69056925128873281,0.089190467457172212,-0.68189279136315539,0.72302605501051487,-0.11070476440920035,-0.14093633810226,0.018639553386573176,0.98984317730228077,-9.7222969038726301,10.880389833493689,-1.0953091101042511,,0.137641303002053,0.5185185185185185,False,2
-0.98957076834496438,-0.1422524604435044,0.022670066936952789,0.12675042829734207,-0.93466692446986666,-0.33216271498842337,0.068439925216185402,-0.32582507239285541,0.94294962688183559,-5.8809057164850094,3.5444982144658912,-2.2284441108559156,,0.1575549013635348,0.2278481012658228,False,2
-0.40586802801114963,0.89290639914084091,0.1949084559778714,-0.90519962921065744,-0.36333237532898388,-0.22046137147964595,-0.12603481707539727,-0.2659092841762683,0.9557235361094939,23.431039976131402,-8.5430395027113306,-5.2105502994485962,,0.1854569544181785,0.32,False,1
-0.52533106242244654,-0.85052095936366645,-0.025325333901296619,0.83234213947483193,-0.50746558498603267,-0.22290186833950776,0.17673097552088374,-0.13817661791306163,0.97451186988848137,4.2033758151405642,-19.140013898994674,-5.9950047994642492,,0.1951910978577855,0.3793103448275862,False,1
0.30575451391005182,-0.95147939716070096,0.034657380200140926,0.94190366018396443,0.29696069308357159,-0.15694534620489856,0.13903838374951968,0.08063066130222353,0.98699899913945566,5.4029309429351215,10.591352743124091,-1.3381819111910347,,0.2601294948983435,0.96,False,1
0.21123643961164829,0.95778588528808217,0.19500093467242677,-0.96121637002121607,0.23974784962920756,-0.1363233604390986,-0.17731964522700822,-0.15864162928152359,0.97128295407438936,-6.5431089016191066,6.5501290022186458,-1.7760203563366859,,0.3935353502439146,0.2790697674418605,False,1
0.72422947492376133,-0.68223433533565347,-0.10023960963996915,0.68626229922704418,0.72730853341216706,0.008145789431035777,0.067347786238787219,-0.074690085787625038,0.9949299808397436,-6.5009545781250022,5.8802461173960516,-1.928150537395523,,0.3498544441699573,0.3432835820895522,False,1
0.36734388922086803,-0.92973805609530358,0.025408937408190838,0.92077296624057514,0.35967407169265292,-0.15103544879451664,0.13128446858870785,0.078877811836757933,0.98820174008510331,12.720320040809948,13.969132582280579,-1.0114593841218724,,0.3042060181843602,0.9772727272727273,False,1
