axis_00,axis_01,axis_02,axis_10,axis_11,axis_12,axis_20,axis_21,axis_22,location_x,location_y,location_z,dbh,dbh_approximation,score,reconstructed,number_clusters
0.83208503438518333,0.5302725795431531,0.16262068422208448,-0.52576933406093518,0.84747075445219511,-0.073211527161701054,-0.17663833930755096,-0.024582752752243163,0.98396879287596961,6.6918772847671306,-3.5066661622617916,-4.3146050832317551,,0.3703095948964159,0.3930635838150289,False,3
0.73891930429436281,0.66585135048020061,0.10315154291055695,-0.64982016321431713,0.74470146734601939,-0.1521626761489302,-0.17813482877094416,0.045405986349589145,0.98295792340382915,7.0147555747898727,-11.333189107368703,-5.7583506969572404,,0.1977823254402633,0.3291139240506329,False,5
0.99622879721792701,0.065569982420824305,0.056822187559567347,-0.054701104957796946,0.98299641122134085,-0.17528789074651005,-0.067349630363632673,0.17151860811963568,0.98287608291105777,-0.15143522475740576,-13.265469755595078,-5.686323930502172,,0.2715249820431073,0.9947089947089947,True,5
0.98541100828138262,0.16190064534989709,0.052472143020428519,-0.15063867053967969,0.97319217789611212,-0.17379578769308646,-0.079203129331531452,0.16335594852073604,0.98338278324718709,10.225542663177842,-7.7211750667751833,-5.1887953454961506,0.1377088324125916,0.1623521513484041,0.7901234567901234,True,5
-0.78385414012245125,-0.61621701728308975,-0.076480550623190521,0.59787122020751504,-0.71571628741751869,-0.36097118994853639,0.16769821424353715,-0.32867428182931735,0.92943559508096785,3.5539933116968481,-2.747436560177225,-4.0636176288785846,,0.0998934512837553,0.2053571428571428,False,4
0.82481395454170703,-0.56533264804741501,-0.0089965240491609796,0.56169067686671381,0.82111354897304589,-0.10137121491775535,0.064695625155666237,0.078559128970390274,0.99480799119283814,4.5877385807481881,-6.4490278372466179,-4.7914132961986313,,0.3264224762245213,0.5,False,6
0.4978575386803103,-0.86456340603824711,-0.068322676460525492,0.85504255232722493,0.50249538196617927,-0.12806492420803467,0.14505207647231172,0.0053392922948576962,0.98940961541156558,9.6387443870898135,4.657653799046912,-3.1181297182022969,,0.5041553215732298,0.3956043956043956,False,6
0.92919363554418455,0.36346072667178991,0.067048399171018222,-0.35054341652212556,0.92416746161147778,-0.15176895608652663,-0.11712600393242094,0.11751937315103736,0.98613928840555298,-11.563689684976069,-15.761874906611741,-5.6248286162986894,,0.1837050247747919,0.5277777777777778,False,3
-0.29982114731120885,-0.94635035007661472,-0.12053337519069057,0.93453800558805622,-0.26596490386640925,-0.23643473945854609,0.19169245091158241,-0.18353115490619273,0.96414227136990016,4.0399992946952654,-1.6932666562407439,-3.8756975212096001,,0.3216891551547821,0.3012820512820513,False,6
-0.20048708582203073,-0.97903713437115547,-0.035933521131453712,0.95590630528722631,-0.1874531892851854,-0.22606290571196258,0.21458812625751905,-0.079671772599380297,0.97344971350355791,3.5379311160979237,3.6230830533260723,-2.9827271694556097,0.4523436631203003,0.2584741110979553,0.2017543859649123,True,5
0.21852489100537478,-0.97582010361207483,0.0046901383358161075,0.95673315932155401,0.21329938048548636,-0.19790158195200486,0.19211593860397802,0.047733632493533538,0.98021067453037125,10.072082354425605,-11.931395209331916,-5.9835738067847535,,0.1389339904592521,0.1764705882352941,False,1
-0.79364181195329764,-0.60785941840889635,-0.025290349366627628,0.58371197126229157,-0.74907876152421626,-0.31330710754535657,0.1715022125938257,-0.26341590021284955,0.94931504496161723,0.6997958777950688,-6.9531160791380957,-4.6383564474837842,,0.1745722951844809,0.2142857142857143,False,5
0.95213443030380951,0.27715942881267042,0.12892896358178152,-0.29309331639206571,0.94753691147794128,0.12755433851164183,-0.086812064347868617,-0.15923709494673782,0.98341609356191806,-0.15299703206542045,14.220794044689091,-1.080587913039285,,0.3966556735894487,0.3260869565217391,False,2
0.80361671658335143,0.59052795055671325,0.074006164872149588,-0.57204768929116123,0.80073842816545504,-0.17770596736114899,-0.16419992084175589,0.10047243039962078,0.98129693606224855,10.847201606273531,-5.32914374089947,-4.8118925682249793,0.1773192895247759,0.1986955245657977,0.8934426229508197,True,5
0.44684160586386401,0.89046967680755251,0.086001941578415189,-0.86957050547118508,0.45490822281234755,-0.19210841947270346,-0.21018971260171609,0.011057282847305776,0.97759808777045165,6.5529421780557726,-4.3429135306631839,-4.4809901932717242,,0.2128626433025401,0.8628571428571429,False,8
0.76397497659504798,0.62193379111763314,0.17187377520332633,-0.61356760647545128,0.78265786475502153,-0.1047924568902544,-0.19969233190230709,-0.025397366067335052,0.97952945151039761,2.629243506876767,-0.066656819751442997,-3.535500175223822,,0.2927241826449706,0.2184300341296928,False,7
0.99751266298729002,0.041273858414846314,0.057139791665325491,-0.03073864598268683,0.98421105066215764,-0.17430933250300595,-0.063432033099662222,0.17211936662108551,0.9830316886096806,-4.9486741441096456,-9.7262593945797278,-4.8058623416637145,0.3399416825028262,0.2765372060696024,0.9879518072289156,True,5
-0.1687733699658118,0.92228533574732163,0.34771440731702991,-0.96554573806299226,-0.083804883312118272,-0.24636998445718539,-0.19808325850201158,-0.37731485658332137,0.90465270778500007,1.5178874203200903,-12.080334607949258,-5.5755457677624092,,0.3309739906521902,0.3428571428571429,False,5
0.56109583207083646,-0.81478537502612902,-0.14593238117795226,0.81683334575299338,0.57356175306532609,-0.061726823072324549,0.13399534506357907,-0.084567772018432574,0.98736697303339649,-15.959690736613144,-0.0060040111581972644,-2.5617622090905674,,0.3691366031638078,0.1818181818181818,False,2
0.37029767304698358,0.9229205550904942,0.10534363923581053,-0.9034333709856156,0.38419628223865654,-0.19026655224595629,-0.21607354656588107,-0.024715697551350883,0.97606421754359662,1.5094997254540041,-17.411992290072966,-6.5716011797215526,0.2195300020658331,0.1995247065773321,0.896551724137931,True,5
0.70133682777074158,-0.71282946406193226,0.00089954302459925584,0.70130613312232182,0.68977219047083438,-0.17995564147334878,0.12765720370386777,0.12684037377052604,0.98367431496622082,15.934561417310622,-1.4984899781089349,-4.4778999911878081,,0.1954620994663409,0.8888888888888888,False,3
-0.48433735495189695,-0.86842272489186212,-0.10610983691247747,0.84893855584058397,-0.43718941787657228,-0.29693221668260761,0.21147258688894696,-0.23389609613701645,0.9489847001961409,6.4508011641946359,-15.218895283823406,-6.3328209441693479,,0.367913909727474,0.2142857142857143,False,2
0.93465999863691773,0.34981870930025744,0.063541778158448137,-0.33342541572880741,0.92445570844275626,-0.18495711739122822,-0.12344301962487637,0.15168557529014551,0.98069021977115123,2.2612944281803142,2.573515929110584,-3.1098228967779398,,0.2747972522853919,0.9929328621908127,False,5
0.99139403807972259,0.10424561084407041,0.07918783921618805,-0.11046023553074347,0.9907651260491398,0.078632063252371681,-0.070259502036912502,-0.086702466081299681,0.99375363382930415,-3.7947069125815367,1.7755087631713691,-2.8942699351712364,,0.459996172595163,0.2473684210526316,False,4
0.99434204236391788,-0.093580178820606971,0.050265822578131406,0.10103107694573123,0.97930060917721529,-0.17539395188067697,-0.032811953290511196,0.17947999051994268,0.98321427406452122,8.6810994475513077,-8.3920363016690676,-5.2846688238994606,0.1777519017808363,0.1489919290370353,0.8416666666666667,True,5
0.79850079396748597,0.59764176112636924,0.07225515477159497,-0.57795828564196927,0.7946544855413763,-0.18571071231021502,-0.1684063600078437,0.10652968584738784,0.97994424532325619,4.3522822844002595,-0.17533382386168939,-3.6400024960556943,,0.2213063208344219,0.9118589743589743,False,5
-0.76380447164660425,0.60593093873339532,0.22237451872532174,-0.64387195105540884,-0.69123145244014517,-0.32806705077101145,-0.045073714476993015,-0.39375979561549246,0.91810761004366626,-2.7268714932113638,3.0089127461131131,-2.8305552079763889,,0.6875524842763866,0.3775933609958506,False,3
-0.65819252151486218,0.73347695187494044,0.16968843711389084,-0.74123120319095792,-0.59191386756916553,-0.31656638607944143,-0.13175320883376401,-0.33413999228999725,0.93326928456606129,1.948835214041142,-6.7000043036211228,-4.6493193194813216,,0.563993226042169,0.6677852348993288,False,5
0.89879066202222491,-0.43658496240024575,0.039609550207335864,0.43613605185657589,0.88140977731964221,-0.18138949450367217,0.044279680809706179,0.18030633669207446,0.98261331907117755,11.372929287318303,9.0934026699390049,-2.4150221728365859,0.3142222544776105,0.2658614781396665,0.9041095890410958,True,5
-0.38043135792105931,-0.91217771782285595,-0.15232791279941418,0.90100785189334143,-0.32844980464512563,-0.28338238592955334,0.20846302486744828,-0.24505619138488599,0.94683189127059331,-13.89506434222289,-9.8549161174396573,-4.472092827450882,,0.2878893012344185,0.375,False,3
0.84631284086488945,0.51760650041783507,0.12584945813313245,-0.50160326970889713,0.85389189245330011,-0.13879047452857324,-0.17930068378158823,0.054333661092590704,0.98229278632581418,-0.44512015223766638,-4.1994506502114559,-4.0713215656793054,,0.1455579823907777,0.4492307692307692,False,4
0.86447025467059968,0.49145015056443486,0.1056784192725424,-0.47488522373741293,0.86735572470530486,-0.14892303749522137,-0.16484903113338653,0.078554416369355853,0.98318563893257427,2.9318089580661879,-10.353128551783236,-5.260754223570002,0.1555572032693185,0.2326084484636806,0.8936170212765957,True,6
0.93049513158166242,-0.36357376607545772,0.044642207881486734,0.36539069056918883,0.9126537386572543,-0.18317422460681504,0.025854464763298279,0.18675457139423698,0.98206633009953004,14.772286799532393,-2.8315647428513717,-4.72799336267021,0.1665577428374419,0.1208814288505542,0.5263157894736842,True,3
0.82728391739547014,0.55831963289130349,0.062293719963774738,-0.5381134180834094,0.81938808265610386,-0.19757813461955764,-0.16135448335077363,0.12993212662491968,0.97830586892511839,6.4842609770496855,-7.6717001874515045,-5.0717226364117369,0.1900712125324003,0.1686927111559431,0.8342541436464088,True,5
0.63589571228094,0.76684904287302291,0.087058535178607524,-0.74635748501638777,0.63973940685169639,-0.18353200233488609,-0.19643611598361671,0.051730423985973321,0.97915106882007907,12.340812774587533,-16.312810517758496,-6.9203279739569492,0.209922404523127,0.2143876648672534,0.5892857142857143,True,3
-0.85914060942472492,-0.50953236723038353,0.047478205335854437,0.47924744549390041,-0.83365304782073801,-0.27448949314457383,0.17944163180511674,-0.21307126179706992,0.96041727294510981,4.6329279895174631,3.4594898306073913,-2.9082309737661185,,0.1186598859300061,0.4285714285714285,False,5
0.95954180072467632,-0.28140926351489542,0.0093999505344722623,0.27989809322093662,0.94969676013056759,-0.14047462834543342,0.030603759137241164,0.13742230606967668,0.99003965563060281,5.8571837381841032,-5.4381658482267463,-4.6223131880592669,,0.1462507704721093,0.140625,False,3
0.96472643336486863,0.25471478430319461,0.066507799726631511,-0.24444494406095102,0.96051882318135218,-0.13285427971032709,-0.09772194272597734,0.11191054003840911,0.98890163966805777,-6.1881537340048425,-19.256050439730494,-6.4898509675292955,,0.2378085013324582,0.9620253164556962,True,5
0.67887865040479478,-0.73403164485705963,0.017925467162806644,0.72479687258594339,0.66603327348632368,-0.1762644947195233,0.11744475941565442,0.13265452482871729,0.9841796104005951,-12.644889070495664,-3.1735662148578383,-3.2893752032531718,,0.3514924242609522,0.9948717948717949,True,5
0.89542385519655154,0.43668288255459786,0.08674202919433735,-0.42988115201457922,0.8987084426643569,-0.086748661237070535,-0.11583744941754542,0.040388057239893409,0.99244671904582571,-16.757436025701409,-1.0584435696671299,-2.7721136680264618,,0.1779922851461867,0.1818181818181818,False,3
-0.26652424185193418,-0.89488348889756819,-0.35797816945138972,0.93942993375239148,-0.15815532508563862,-0.30406955243337652,0.21549066818595555,-0.41733731494508408,0.88283256480444738,4.5225037510703245,2.1133450052998417,-3.2888703765345042,,0.4831203909664707,0.1558441558441558,False,1
0.9496405420243067,0.30632737718940084,0.065927072800514741,-0.29138681179693804,0.94070475025545619,-0.1736902379457082,-0.11522398558719318,0.1457330121526465,0.98259112672276849,0.94462083820696785,-31.593420499892005,-9.2372426352927874,,0.3359991678460449,0.94,True,1
0.96442741193849946,0.25706952672664007,0.061603778537915918,-0.24029338392473695,0.9496597228294188,-0.20101119490602962,-0.11017647999281166,0.17905772606646156,0.97764997519168428,8.0586561307855877,-4.6842342397513663,-4.5674618801013187,0.2460816627435259,0.225826658692411,0.9850187265917603,True,4
0.46725270026030419,0.87776374794134848,0.10585705880767665,-0.86090631354186431,0.47896800656184929,-0.17155164818189955,-0.20128396211127303,-0.010975039413402991,0.97947144680519527,6.7158415637539326,3.8317398972054653,-3.0983106154061302,0.09329386618439661,0.1331571935639272,0.4035087719298245,True,5
-0.38790259169288416,-0.91990211187996596,-0.057547232050921958,0.89673991464692582,-0.36222972669726133,-0.254258039353434,0.21304718922569402,-0.15023225238145893,0.96542279106483997,-3.8383415916754506,2.0272902168127493,-2.8615391300364328,,0.07364247097283386,0.1475409836065574,False,2
-0.94031176258484517,-0.3399047782378371,0.016689244310893199,0.32411815999954685,-0.90943211098796439,-0.26053915994046545,0.10373624006628571,-0.23957874954816433,0.96531902253185098,10.795532678450421,-11.050272119432938,-5.8737393818860113,,0.1476875499130275,0.8507462686567164,False,5
0.93802875581363143,-0.34365139400195821,0.044785853427631271,0.34563719252221037,0.9182816281112447,-0.19311598229749513,0.025238550118714911,0.19662800124568436,0.9801532761328875,-7.3415087015997207,-14.78838845887922,-5.6319139377622784,,0.3021173807493306,0.9714285714285714,True,4
0.99802564364073865,-0.035629541644145328,0.051723789475610439,0.044297672416479181,0.98311930719266594,-0.17752223534953251,-0.044525620197493503,0.17946298667758945,0.98275658510069908,-7.9966999004138133,12.085734065612803,-0.99116633236611806,0.4156199294841417,0.3444831980612572,0.9615384615384616,True,5
0.87055996074915121,0.48286560375231763,0.094689827612827876,-0.46548749774837966,0.87053621841951923,-0.15964987272088924,-0.15952035663322017,0.094907856011783615,0.98262187777743759,6.1724246550481983,9.1064359621924691,-2.1344415380651864,0.3349650963311465,0.2764357777949874,0.5555555555555556,True,5
0.018151285508768492,0.99439388858367961,0.10416969416201693,-0.97749260536147298,0.039551466264987394,-0.20722907127121301,-0.21018738615344898,-0.09806363170777703,0.97273058286365344,-17.946966484933451,6.2283100046746211,-1.3901547004073176,0.232249990750118,0.2261304454706651,0.631578947368421,True,4
0.77237565193123037,0.62844749608884998,0.09213900891295021,-0.61103587081877053,0.77477777957377381,-0.16234086623976987,-0.17340996763898209,0.069087892849519938,0.98242345563665145,-18.40417940201646,-5.5155381273692958,-3.4545938615468135,,0.2811881871011361,0.7375,True,5
0.8608058632077954,-0.50805450897553972,0.029897855720884724,0.50570030721591475,0.84724884885092278,-0.16259331905867849,0.057275345034429569,0.15508063718727458,0.98624009795829015,2.6925347233919417,-5.0710399414942353,-4.3666469006141844,,0.1739837477465651,0.8668122270742358,True,4
-0.53684177086039708,0.84013267645114009,0.077317520773220932,-0.83077145353645199,-0.51043015396298719,-0.22199065276324742,-0.14703640722081102,-0.18340704426048077,0.97197847253281844,-2.127550986236066,-16.547819887070908,-6.2292115613853882,,0.2701328917500819,1.0,True,5
0.9968125842938812,-0.058160914622865045,0.054607506842786369,0.06643217411430058,0.98414058240812208,-0.16448124604297329,-0.044175083879947452,0.16758467133850186,0.98486747326559909,3.8755966913138464,5.618224929789009,-2.7298806057679603,0.2555550804472564,0.1910296854556327,0.6030534351145038,True,5
-0.066829210296215844,0.99183467326365848,0.10861785103359531,-0.97574558715432791,-0.042222257054113393,-0.21479718377602822,-0.20845720376144505,-0.12033811499781984,0.97059998571951955,9.79111719162049,-4.6718134627924117,-4.6554286838026968,,0.1002745170605042,0.2285714285714286,False,2
0.99266768442529618,0.094594648139469717,0.075251052092923987,-0.082092034387662188,0.98454281624029416,-0.15471373849702857,-0.088722974408080732,0.147401816586506,0.98508930472276601,-16.500289788059568,8.6770096679667486,-1.0315386751237923,0.3928220470460043,0.2767249601007373,0.9859154929577465,True,4
0.59435515440732256,0.7825252641486018,0.18546202144538532,-0.77867763260604417,0.61761910304692946,-0.11048885930514737,-0.20100521114760744,-0.078745504764824253,0.97642001749802254,6.6744179641300105,1.0062115291984726,-3.5226778242563905,,0.08781816762229507,0.2567567567567567,False,5
0.9711010796849544,0.22645392762139838,0.075374476446341793,-0.21419716971633565,0.9662266644898192,-0.14326760036516153,-0.10527233976799888,0.12298232187482382,0.98680954747410621,4.8897338166001454,-9.6308882957363355,-5.2707199764309678,,0.2492987602318844,0.5368421052631579,False,3
0.6981386868785594,0.65632409190429419,0.28607876584864567,-0.69138459759276849,0.72181066408487871,0.031252254715972039,-0.18598309626137138,-0.21960886047550487,0.95769631737084782,6.9685590189124511,1.2063915096216689,-3.5053732981059076,0.1681478620276879,0.1212179743443603,0.2835820895522388,True,3
0.8229749368433128,0.53931467291910551,0.17847110943204259,-0.54820007518341785,0.83634703277523037,0.00056421357975106057,-0.14895949414737228,-0.098302209243875477,0.98394499071906105,4.0966983406006392,16.000622066451516,-0.96644893016776035,,0.356065674237162,0.46875,False,6
-0.88185084040314254,0.46498177670910174,0.078300974506814822,-0.46916354950482198,-0.84863527630689495,-0.24434347059734374,-0.04716629194993114,-0.25221045802259212,0.9665222324228897,9.1665747167579283,0.25321744553152026,-3.7652954593444563,,0.07386975365978476,0.4,False,5
0.55433569923867032,0.82913835225874322,0.07239837956219064,-0.80856847961988554,0.55711404657852992,-0.18931706967435069,-0.19730419740786515,0.046406162506203386,0.97924334144618352,-1.5267469336822179,6.4156573756381352,-2.2778508251379135,0.188777708180761,0.1935382948014498,0.8561643835616438,True,5
0.17926267995783107,-0.97221925700888434,-0.15051447729514156,0.9681949094158786,0.20148478398111491,-0.14833239432188386,0.17453798714181271,-0.11913688817984526,0.97741643781926868,2.5968318030906761,-12.965266174887084,-5.7392116097540837,,0.2379028296827425,0.1929824561403509,False,3
0.098704645619160855,0.99178965952204312,0.081305991158991203,-0.97286724954666137,0.11335599071295112,-0.20169217666781256,-0.20925273640435543,-0.059191981168359303,0.97606844108016022,3.5827946688566219,-3.513816585416468,-4.2448797943914851,,0.07701967594457065,0.2172284644194757,False,5
0.97603233645045206,0.2082526568813314,0.063179973923221458,-0.19582107712338215,0.9670770429647052,-0.16253030094379767,-0.094947269351524338,0.14626285882789744,0.98467872535674339,15.575404000717926,-3.9418232923023009,-4.9470314872557921,0.1454842508327339,0.1090546000149146,0.5454545454545454,True,2
0.996916338481177,-0.059796616225429304,0.05081514299176404,0.067946203129100768,0.98172570544166027,-0.17775812992776124,-0.039257197424468024,0.1806626800505976,0.98276134869423593,-12.103132907682518,1.2435497768719344,-2.4892450657957594,0.3392895268056091,0.2656693481270782,0.9864864864864865,True,5
-0.97246880966233218,-0.23002605376786392,0.037315262586661943,0.19277338122305085,-0.88404966641152116,-0.42578704866342704,0.13093065999131026,-0.40687123504330341,0.90405362693181968,9.5154825691605005,-2.6661898346973358,-4.286083415865825,,0.5085008780986199,0.3218390804597701,False,5
0.7590875515925406,0.6470810317262855,0.071219571729188802,-0.62667354424877231,0.75596963717547483,-0.18918291838182569,-0.17625651181140886,0.09897497688218107,0.9793557045298954,-2.9641792934536366,1.9278140615295758,-2.9423066219080574,,0.2439706649235712,0.9535864978902954,False,5
0.76850065093317421,0.59213175635580806,0.24245975466100467,-0.60970251004080056,0.79262379157056573,-0.0032209138841437224,-0.19408657543796343,-0.14535304658412707,0.97015611789210365,-7.8185493608474568,10.568412897202,-1.2673783408606427,,0.3664623672815031,0.1304347826086956,False,5
-0.70593921936504012,0.67258071765369198,0.22200224503982613,-0.69919939262367736,-0.6117681512461145,-0.36994585884368558,-0.11300454821359618,-0.41638312569237979,0.90213916039693431,3.4679947535915536,-9.171987186396878,-5.0958861660362444,,0.2179044835551919,0.2222222222222222,False,3
-0.42677371142565751,-0.89819116737385529,-0.10543636036757588,0.87523469876250082,-0.38086433734055392,-0.29817206211222447,0.22765856302385185,-0.21953355869600533,0.94867096260409656,1.7628937194348917,-11.762142826963769,-5.5488535447533209,,0.202683935729316,0.3541666666666667,False,6
0.99738223834253659,0.045385168971944508,0.056292602322322749,-0.034904149289680088,0.98396961824932405,-0.17488707992485661,-0.0633274900907565,0.17246442183728064,0.9829779510238964,-21.329765220282297,-0.35547571721524973,-2.3825670398620646,0.3180783069127081,0.2665007546549251,0.9090909090909091,True,5
-0.81638634656140496,-0.57568143040154129,-0.045871819660405835,0.55816066715724211,-0.76615899582528435,-0.31852325308299634,0.14822281466327639,-0.28564188034464999,0.94680447474991847,4.2732432702541452,1.9713197985735065,-3.2912609262013417,,0.2793495454781833,0.2358974358974359,False,5
0.93209874300838913,-0.35989066859984864,0.040873462502413291,0.36137359829449472,0.91638269337033607,-0.17219721759372122,0.024516438115505038,0.17527540028790178,0.98421414250967032,10.724036382271786,4.7494008768709159,-3.1895196800638419,,0.2682605578011356,0.9067796610169492,True,5
0.25518260351132177,0.94803645769636613,0.19002292952091154,-0.94802298190575685,0.28396047696838406,-0.14359273414210286,-0.19009014872870297,-0.14350373653119122,0.97122212338778913,1.9254163127094968,13.6308628762186,-1.2670399684121352,,0.3097552405617595,0.8607594936708861,True,6
0.60582957699850593,0.7732751941114524,0.18712562038830521,-0.76260028431344906,0.63144586300399597,-0.14041698066895894,-0.22674066683958474,-0.057633291308369243,0.97224846296309786,-16.258094841428978,0.15414388190990425,-2.543900032536242,,0.1991430162483252,0.4137931034482759,False,3
0.98695107754926004,0.14995621530444941,0.058657514573340633,-0.13821672065616927,0.97585101185048839,-0.16914768931745397,-0.082605742266567403,0.15883304493065994,0.98384366399476608,-5.7403517551119148,3.7538983173752847,-2.4859580059603501,0.3387858272502536,0.2635823620353802,0.75,True,5
0.55508237513023206,-0.83177371269661049,-0.0060039725745761885,0.8224218863749917,0.54989342873139058,-0.14573763360722852,0.12452227765014573,0.075958593358033261,0.98930505632180432,0.50519878116548067,12.296499613824347,-1.4148785545608562,,0.1325923873744836,0.2272727272727273,False,2
-0.31134258028055201,-0.94975200797602288,0.032201258512054,0.92309232170814792,-0.31030567855527941,-0.22718043810990507,0.22575731064067184,-0.041006209308587942,0.97332015672667094,13.746675493543654,8.0075538270290245,-2.7292466364353229,0.1523610173241046,0.1530027743237357,0.8431372549019608,True,3
0.53381121642364648,0.82899893841966932,0.1667523472679453,-0.81794164166194272,0.55623567648031746,-0.14687866776986697,-0.21451586434498127,-0.057988208366408153,0.9749975957071797,5.0413488336515133,0.38308486227668814,-3.5770538727473062,,0.2150259594547291,0.303448275862069,False,5
0.90367507548028003,-0.42821589023832457,0.0015840780006844829,0.42607116244506377,0.89876667240810126,-0.10335295400318108,0.042833660693722651,0.094072418465089763,0.99464348265884051,5.8484055752529569,-1.0983757892060768,-3.8785988319566398,,0.5539523718021353,0.7444029850746269,False,6
0.96037320713555552,0.26748563439441719,0.078324570913495373,-0.25676159949083494,0.95839258282959428,-0.12472825744043452,-0.10842870488516937,0.099674934511316954,0.98909459779491737,-7.7561235018527981,-17.181389299530338,-6.0611005973341801,,0.1597311346455785,0.1,False,1
-0.37604125357185414,0.91842592920393196,0.12282828736900706,-0.90719799138028678,-0.33793094468365265,-0.25058826999839384,-0.18863928553639686,-0.20566110276644203,0.96027013426494179,3.6908223408775278,-16.108564331756551,-6.3889748618808628,,0.1293949531808096,0.392156862745098,False,2
0.72220088849305752,-0.6682103644246753,-0.17866388984705378,0.68355863193584276,0.72897139185880999,0.03671929407583388,0.10570465158088621,-0.14864595092659336,0.98322474943793603,9.8909786527972443,7.2435935667112208,-2.6508840584518243,,0.08785623113725033,0.2352941176470588,False,2
0.89410341941948779,-0.44565745421523884,-0.044367881229229758,0.44547251607057103,0.89517787399167492,-0.014519343700708037,0.046187799342830613,-0.0067828768333754522,0.99890974555949208,5.0936835207538724,5.0988206741448803,-2.8432751852747011,,0.2477634548838009,0.3582089552238806,False,5
0.93423168794691358,0.35190063128878613,0.058112812136517158,-0.33555336327058938,0.92241007833968369,-0.191216076142081,-0.12089290150234699,0.15914016801528169,0.97982616483252349,-7.1333453741455664,18.227885628862428,-0.14977929956796848,0.3014915576236569,0.2974189748418324,0.9166666666666666,True,4
0.84772991904212291,-0.52909092524183776,0.037640100791184891,0.52640499730349632,0.8304559614669621,-0.18232025361404069,0.065205545582722554,0.17437227099145711,0.98251847205767084,-5.5623377035147659,-3.383073214237188,-3.7336528243268878,0.3531099238002783,0.3000247899696752,0.9851973684210527,True,5
0.93129304046519601,0.3578409039671282,0.068140738395468664,-0.34216835933149592,0.92351212270302618,-0.17333831974766398,-0.12495633898879796,0.13811316616651609,0.98250224767069994,-0.87038101642242205,-7.8141138703984954,-4.7247948897208261,0.3144988610161845,0.2800098524361983,0.9812206572769953,True,5
-0.9721633490594469,0.21280112761180567,0.098051531516160112,-0.23411593998874752,-0.89900388960680766,-0.37011043367489171,0.0093887905880210426,-0.38276322519146916,0.92379876815912643,6.8484673755849998,-3.2646137267373865,-4.2745795229842489,,0.2490268626648461,0.3373493975903614,False,4
-0.91114978819982173,0.3974163983810981,0.10893240914079311,-0.41175628379370388,-0.86765666757318149,-0.27861922039263826,-0.016211915982372781,-0.29871744762165997,0.95420388820554614,5.3002042097393804,-10.550595986628508,-5.467221092346108,,0.1708812593088306,0.2,False,2
0.47918347610185913,0.87216653256849963,0.098532916826705341,-0.84997726332089885,0.48910596840138992,-0.19573963193909677,-0.21891059377849575,0.010044458252086136,0.97569322063339559,14.654661363237713,4.6803344432807839,-3.311706214277268,0.2219218706100058,0.2114704306090765,0.7090909090909091,True,6
0.92074473897653686,-0.38921193856463804,0.027261557655166579,0.38908925305455611,0.91077456954018821,-0.13819998783043813,0.028959951734714849,0.13785409082664973,0.99002907575377896,13.306994559173861,5.2195207983476593,-3.1503859224065303,0.1621372364530308,0.1722680558514015,0.7230769230769231,True,5
0.4857961506006605,-0.87406574959780137,-0.0033414729706576843,0.85820143899174284,0.47769715651035566,-0.1878715432800365,0.16580829344180031,0.088399615621076649,0.98218792386384157,-11.755831827469418,-8.9226034827220548,-4.3375498126264782,,0.2714072638980092,0.4492753623188406,True,4
0.99112148405308609,-0.073972884862743407,0.11048174579310344,0.082473630273574988,0.99380766723172353,-0.074460867984048038,-0.10428952084416848,0.08291159663475009,0.99108494236648093,9.5886106964559445,7.4194959653154697,-2.6324469497908036,,0.2193490045307601,0.3142857142857143,False,6
-0.45452005170450072,-0.87492346438812674,-0.16709414729911212,0.86103682985786045,-0.38352793489874559,-0.33394894936296843,0.22809449845812801,-0.29566070860934973,0.92766246294530719,3.6794538453021963,4.3686016241340653,-2.8972077654468027,,0.2607616284267807,0.1702127659574468,False,5
0.99342059014847051,-0.11242010144504551,0.021846094849012704,0.11347309424395477,0.99200953833600081,-0.055144652806043179,-0.015472167003006368,0.057260777513776277,0.99823935777284944,9.5987055761305893,-8.3242096405128052,-5.3158531857649969,,0.1546557306556059,0.1142857142857143,False,3
0.99755102273994267,0.029412941066382915,0.063457355194821194,-0.019040069554258032,0.98721232530316039,-0.15826970815951505,-0.067301060778157368,0.15667387678663766,0.98535468921134295,-11.245250985008665,-14.79067522438031,-5.4651135070075885,,0.3167539255757477,0.9714285714285714,True,5
0.64906116091144417,0.67389134786335825,0.35297317273582524,-0.73573755893164239,0.67403960252949124,0.066036797311754769,-0.19341627070543127,-0.30255754080305425,0.93330010218022141,-0.22378018060547672,-5.4906746098192913,-4.3073100865132803,,0.3650455798699614,0.186046511627907,False,3
0.85757697307549907,-0.51368597880724476,0.026238338886219438,0.51003078156424875,0.8426577701585094,-0.17261658161500917,0.066560777546741653,0.16141436605312548,0.98463956112073903,17.917622989332976,-6.5198681130009168,-5.6126284106915065,0.1892932421493752,0.155250359091782,0.59375,True,4
-0.27339729982055022,-0.96175446108828044,0.016800982936238613,0.93746123425794181,-0.27032244250981746,-0.21929936465731764,0.21545382501689056,-0.044205583949519997,0.97551295000798088,-21.496916168607417,-23.324651105044563,-6.5933318150067963,,0.1167544389698508,0.4285714285714285,False,1
-0.14875698461297343,0.98179608045326716,0.11810087186577792,-0.96718903811664414,-0.11957990264966398,-0.22415622103635038,-0.20595320846215484,-0.1475706721842055,0.96737075241876402,4.5464049539617566,-7.6786925357960536,-5.0198184196504565,,0.09403555936663435,0.1702127659574468,False,4
0.78712812170269819,-0.61615745987873205,0.027916028739268565,0.6123201324776969,0.77518488451268086,-0.1554105858220674,0.074117308284088135,0.13942158892671996,0.98745543957885562,-18.22519275136904,-0.79642711780826525,-2.6378777507598379,,0.1699398145100003,0.4,True,4
0.998490770943949,0.010306437097279537,0.053944023710851004,-0.0011881057297934209,0.98605718681913279,-0.16640256226125641,-0.05490690980679816,0.16608733147563151,0.98458124579882733,11.923845156018491,-13.142924186876387,-6.3053825867101825,0.1368451213464062,0.1446543462272024,0.9795918367346939,True,4
0.98295356074238993,0.17178885239651914,0.065504867117972265,-0.16875288360360116,0.98441958506220417,-0.049401870626800612,-0.072970964769048463,0.03750560942372004,0.99662860061430592,7.7404511252573238,15.007343515818411,-1.2586034207474093,,0.2317339393359729,0.2105263157894737,False,4
0.69725481601023132,0.69180114334379583,0.18774157669188413,-0.69215881701263549,0.71787420579234362,-0.074651166700061777,-0.18641859773693975,-0.077896102124740824,0.97937750826306225,12.312185645904426,1.4177584594186285,-3.8133954092400377,,0.3684294511091467,0.293103448275862,False,2
0.94730580146692145,-0.32015557194257682,0.010589063284129237,0.31993710273553505,0.94398684332634952,-0.08080278411011392,0.015873525137957985,0.079932780389997557,0.99667385930344288,3.0971898007497991,-1.9642259150610895,-3.8920375697371079,,0.3218158831105145,0.5267326732673268,False,3
0.73409089933349825,0.67530628893644873,0.071217748059153985,-0.65455350669749168,0.7316215508029934,-0.19049832878699902,-0.1807491587414789,0.093227262769558894,0.97910082171896007,17.073860292867192,-12.018668373245447,-6.4672907250505531,,0.1488315938731565,0.75,False,1
0.23338862635695493,0.85656807956329295,0.4602400179911198,-0.94820005288200482,0.30538018755094842,-0.087519145139282772,-0.21551428908955655,-0.41597363633360251,0.88347016082809682,-9.4614588471579637,19.087462112767351,0.053983802047954617,,0.3064283624153227,0.103448275862069,False,1
0.64659319998951559,0.73697884784579437,0.19692488810509448,-0.73784531411483645,0.66974684672398788,-0.083806048362000368,-0.19365310781419712,-0.09111168493207053,0.97683014629092124,9.3572474408072512,6.4608260759373444,-2.8010495699085576,,0.3431800077848307,0.1428571428571428,False,1
0.86278515040207338,-0.49967726854659283,-0.076970199060987871,0.50227002053510172,0.86452876416172197,0.017743799161249241,0.057676777972945216,-0.053968909890995884,0.9968754917480106,5.8651169246475883,15.243026274495447,-1.1339453978439269,,0.1950547978701764,0.1818181818181818,False,2
-0.62520277422028747,-0.77812113078237222,-0.060406927890939412,0.75933368913314103,-0.58856505041617269,-0.27749509901269437,0.18037139367070693,-0.21935972113989621,0.95882609115872341,14.217228628101132,2.9947096650193412,-3.5846576091162774,,0.1197282533490758,0.1612903225806452,False,3
0.96566072676351877,0.22743643600582955,0.12558673641559071,-0.23778801697643598,0.96845279215917757,0.074538904885349394,-0.10467196266893608,-0.10184231407454897,0.9892784862186047,-8.1543116276866545,-15.092015509032816,-5.6657668466753446,,0.5044385777705098,0.1739130434782609,False,1
-0.49002516454890721,0.86721351142013625,0.088408504789838846,-0.8568520556805137,-0.46054578780644512,-0.23173720463020209,-0.16024947046681792,-0.1893100708998324,0.968752705426419,7.8170206591865412,18.910222907789599,-0.68480012614826724,,0.2624595987833645,0.625,True,3
-0.56484434361080482,-0.81123609839619926,-0.15115177852010708,0.79999980145892835,-0.49341288044824405,-0.34138548163834126,0.20236399174891412,-0.31375105110051693,0.92769019223918003,8.5907442214138907,-5.95229530560899,-4.7845650882774597,,0.4595305195721852,0.3043478260869565,False,1
0.90031509656057884,-0.43056487613618138,-0.063613004511275911,0.43318207215819399,0.90063015361565935,0.034908720385720959,0.042261321155993514,-0.058984861075279685,0.99736390896105798,10.681709916029698,6.4297127127173876,-2.83113133584704,,0.2953243842250863,0.4166666666666667,False,1
0.94683659715117641,-0.32007710239844217,0.032420777526132052,0.32135715997601444,0.93621816067443575,-0.14221508835397134,0.015166872694527156,0.14507309931064002,0.98930468604423105,-27.816403773332183,-12.730424608658161,-4.3365612636436124,,0.2984878115829777,0.8148148148148148,True,3
0.085291287760449003,0.98739119868430159,0.13335672833772824,-0.9725154158763234,0.11160544632570565,-0.20434771893354292,-0.2166544763328617,-0.11226239402051945,0.96977213445928401,-13.388054096088055,14.834583502341292,-0.31336924961696577,0.2608710500314145,0.1932265642097087,0.64,True,3
0.8321926357689815,0.53834696651538039,0.13280798400534088,-0.53095212250130674,0.8427158331246738,-0.088993641415237648,-0.15982884778171991,0.0035451720232708081,0.98713837488575673,10.180775977913237,3.8491418281949965,-3.2835514491674824,,0.3041849966242467,0.2,False,1
0.96797339645838165,-0.24998972628102065,0.023079005671106455,0.25104623130197073,0.96318486908371659,-0.096180547499289323,0.001814799686999026,0.098894108632041788,0.99509630779134739,7.4217887058749534,-0.1678699000479994,-3.7691385389855014,,0.175220000811208,0.1666666666666667,False,3
0.79022872431695002,0.59828484491034339,0.13264165113196563,-0.58880589218114621,0.80126212427385268,-0.10623855014503666,-0.1698416456502129,0.0058525682192572814,0.98545398819430863,3.0208815784456875,-8.0654041847448443,-4.9082192686642623,,0.1377258614804312,0.1142857142857143,False,1
-0.84952622511636611,-0.52725992074738537,-0.01738300356662574,0.48717585857335194,-0.77144834060136624,-0.40930079477899273,0.20239781536087256,-0.35618033881288086,0.91223390124478876,6.6272809029149791,15.802805860323701,-1.0670017665292733,,0.206863667369888,0.1,False,3
-0.52522585507879715,-0.8509589615112878,0.002578173845514703,0.82564248015612862,-0.51032899906686413,-0.24058014812750067,0.20603954988881157,-0.12423026416716573,0.97062585239966337,-0.48538161152492648,-3.0706285928476502,-3.8892651316938234,,0.6100889030956804,0.5649157581764123,False,2
-0.97576966586909641,0.21159719305800173,0.055679323448536031,-0.21866260031933954,-0.95207871995112381,-0.21385223458690947,0.007760566428855406,-0.22084550913750672,0.97527792690212112,-20.316335203054216,-23.811459025678396,-6.7364699997623712,,0.2344817581291604,0.8444444444444444,False,1
-0.99860236889723231,-0.0056089407009737892,0.052553293113271865,-0.013976174871652392,-0.93093077123315782,-0.36492816513280513,0.050970338127125453,-0.36515262419357181,0.92955128189667691,17.558942982145233,2.0813289715459651,-3.9502554095964268,,0.2644010464063057,0.35,False,2
-0.96552316082931444,-0.25972964291990813,-0.01747965934642734,0.23830119780575651,-0.85484462032715203,-0.46092647377002482,0.10477387568717621,-0.44920060962383462,0.88726616484968257,-25.111623679994629,5.5859669173723292,-1.2069431593151239,,0.3409190382790757,0.1515151515151515,False,1
0.78202949659949572,0.60516137111144419,0.14902879373750544,-0.60611406877099061,0.79414806997730247,-0.044210616249949014,-0.14510548606518647,-0.055754442565971028,0.98784403629719997,-30.636038147505349,-12.4012525044842,-4.174080758855637,,0.2497219247485982,0.1428571428571428,False,2
0.6891628207274908,-0.72367471116903259,-0.036735799179352484,0.71552833099229318,0.68765349178148871,-0.12309298431717905,0.11434078045173406,0.058545603209321645,0.99171497834334721,-11.174353516914891,-8.2823347114224219,-4.2673001128730119,,0.1645500793455718,0.1363636363636364,False,1
0.27010178700023102,0.95212847405353551,0.14316561582925383,-0.94636416050084327,0.28991376402127794,-0.14263549751219223,-0.17731300115563353,-0.09696070506912785,0.97936648977473262,-11.131883909921278,13.060340072014768,-0.65958232919451765,,0.1512315044438632,0.2941176470588235,False,2
0.90277995429253333,0.40626015470330235,0.14121275023177388,-0.40755951910761712,0.91293898607493373,-0.020919992572686091,-0.13741758443641983,-0.038666450637756075,0.98975820940406378,5.7500721072385419,3.6062072908413851,-3.0833712752637004,,0.2553753825232826,0.303030303030303,False,1
0.96654421587080153,0.24264345805746954,0.083165082989259564,-0.23446504360997653,0.96725938783865073,-0.097136089909829998,-0.10401164401964418,0.074387021044748231,0.99179037553730032,-0.63671062508191012,-25.283669749625144,-7.9185339457816051,,0.2200146083064059,0.4090909090909091,False,1
0.81436630471380045,-0.58014462957250956,0.015483233672778769,0.5751694744100545,0.80325067520632831,-0.15481740369687219,0.077379567417062672,0.13498356032774667,0.98782176579967829,-19.122971695655405,14.356778670331337,-0.10446648842892108,0.2791589357676592,0.2147586241346578,0.84375,True,1
-0.67967163254223062,0.72500983280261766,0.11138767551619232,-0.7241711212920473,-0.63906758856849477,-0.25916945099272293,-0.11671614714339722,-0.25681386173797316,0.95938729479560625,-12.774068541397703,19.955096203691951,0.21475667547404695,,0.2886203107129793,0.7037037037037037,False,1
0.91136880769626449,0.40592820893533277,0.068038118351723742,-0.38917681803401533,0.90368951853717372,-0.17856835775402824,-0.1339712680510608,0.13626277289342303,0.98157228774053473,12.465515957082692,22.034288929480038,-0.30882333729346595,,0.3317615256693721,0.975609756097561,True,1
-0.82220711830460891,-0.56826872266727502,-0.032343677084326353,0.54553317547073454,-0.77055167413260062,-0.32961139536166506,0.16238537209381959,-0.28865338440688815,0.94356251229073407,9.8056981683789353,19.426551243599828,-0.68296065675784312,,0.2292395168436271,0.2727272727272727,False,1
