axis_00,axis_01,axis_02,axis_10,axis_11,axis_12,axis_20,axis_21,axis_22,location_x,location_y,location_z,dbh,dbh_approximation,score,reconstructed,number_clusters
-0.74913966560598821,0.65962885958018047,0.060659121529238733,-0.65396115628342721,-0.72189403514000305,-0.22628258461871809,-0.10547306522611068,-0.20918596902812303,0.97217110781671223,-4.8938257305908541,17.763350701675005,-0.79988327086248123,,0.2085668494526543,0.4375,False,5
0.91821725497345874,-0.38970704552227492,-0.070749497095781919,0.39092853217808593,0.92041337115778532,0.0037561846398460885,0.063654971511216019,-0.031106990601164758,0.99748704239084995,16.98408674947294,-11.06928643834039,-6.1701512008452122,,0.4319892402813768,0.2758620689655172,False,3
0.72509406253350761,-0.6875554355344432,-0.038808807578917831,0.682189579366549,0.7248514880958622,-0.095956750720865666,0.094106207459159305,0.043102706089728229,0.99462866359531255,-18.38929378836988,25.604327124861218,0.60652381140261491,,0.2300787256177712,0.375,False,2
0.33269437353796044,0.94096796707696173,0.062399829737224265,-0.93418893219925414,0.33789315516935953,-0.11453931484915292,-0.12886230159593692,-0.020186644712426632,0.99145701197916414,-17.393125868847893,-1.5608867846813386,-3.0559307074709241,,0.3351681091419412,0.1290322580645161,False,1
0.99976314981720793,-0.021126484597501313,-0.0052264630607069731,0.021733532507426243,0.98174629261765678,0.18894938607000944,0.0011392244388368049,-0.18901822287820907,0.98197291896856298,9.8371885008379127,-10.85736979806922,-5.6390630416215091,,0.5022533801373792,0.3142857142857143,False,6
0.90923759240647883,0.41488620618558447,0.034006418097227299,-0.41317474019871048,0.90939967971248659,-0.047737371110652543,-0.050731002519159338,0.029354019414053668,0.99828087576976121,-7.747566925979533,1.1796018599575582,-3.0493348963411817,,0.1802119785140866,0.6513761467889908,False,5
-0.45451252444066165,-0.88993653144512375,-0.03783298991620878,0.88278490385158614,-0.44438270737886959,-0.1523641129478096,0.11878206370628436,-0.1026497899756694,0.98760004149434277,-5.3219744286833723,-20.289825992836011,-6.0102726267501145,,0.1627782155371199,0.5416666666666666,False,2
0.1589238582118446,0.98711881252643197,0.018429792388104882,-0.97799894430472079,0.15995574217382294,-0.13391125973746054,-0.13513427481550941,0.0032573765561639406,0.99082194024358283,2.4476968307714273,-3.8816317578732384,-4.2186502764088951,,0.2735612982917,0.9857015192135835,True,5
-0.82393666744111504,-0.56647209704365131,-0.015418538095387737,0.56165172337632807,-0.81270342114349647,-0.15511444449199083,0.075337305993986109,-0.13646432695992872,0.98777617798413375,-17.9027275679769,-7.941604691467254,-3.8483910654553801,0.3191552982165685,0.2796351389801743,0.9753086419753086,True,5
-0.98271166866398751,0.16417558312250149,0.085581272355744156,-0.18497003200089429,-0.8506572390335907,-0.49210603424601185,-0.0079914662753216119,-0.49942831275983485,0.86631835769573462,14.145322449518986,-0.72823543702817961,-4.5766521218968546,,0.5314516242210693,0.3428571428571429,False,5
-0.31680379452826335,0.94837043583371616,0.015128523029755175,-0.93951428727862607,-0.31157631207338998,-0.14224312199217809,-0.13018548218534187,-0.059276624324547389,0.98971613204840558,11.606571565186668,-10.990227704134366,-5.7531052968342724,0.36590900233526,0.362699135560533,1.0,True,5
-0.67827451382121218,-0.73228298386652235,-0.060871302270780393,0.72661637330277096,-0.65607184953345898,-0.20395679517504356,0.10941814268633288,-0.18256878098209636,0.97708562074251426,10.970144325875737,-1.1622933177045414,-4.4193793883433381,,0.1588690125322117,0.1587301587301587,False,5
-0.51483371252862364,-0.84111982712766498,-0.16572170906891348,0.84071625259986582,-0.4575302291856973,-0.28958983406832883,0.16775705963813639,-0.28841554360680793,0.94269509553596187,-14.03350499172759,0.84655662840038592,-2.8651368553326853,,0.2478573454068229,0.3166666666666667,False,6
-0.9651881727948467,-0.25342729996530877,-0.064702354897162348,0.25867591326381212,-0.88827844460846728,-0.37953679234179011,0.038711277350117507,-0.38306136385213235,0.92291138714920307,10.952825068932524,3.0292241548435279,-3.7009850992101097,,0.1904810486024116,0.1666666666666667,False,2
-0.41918629455229789,0.90745462209554451,0.028442209776070308,-0.89921772239652775,-0.41065152791776788,-0.15090662790879383,-0.12526108009878653,-0.088833729271231898,0.988138770799046,4.215608947490832,21.23956788814403,-0.64548229454660588,0.2605784676513098,0.1335792164618473,0.5652173913043478,True,4
0.7129097872996667,-0.68662004596675641,-0.14252209530088916,0.69578159602347589,0.71792685057332406,0.021656589318154951,0.08745059066336365,-0.1146034454215045,0.98955466978340889,1.3326096830951171,-13.678222445157886,-5.5088838637920032,,0.2534953523308882,0.1363636363636364,False,3
0.38750373193307175,0.9150215136129024,0.11214493908997993,-0.91322398693475104,0.39763927390916315,-0.08890982809561343,-0.1259476376314381,-0.067960558197728199,0.98970629739560279,-3.2941081226007101,-17.197834546818623,-5.6999530840724137,,0.08808569513629544,0.2142857142857143,False,2
-0.91782811251488039,0.39571803196871791,0.031603718961187521,-0.39314860103936355,-0.89505812575883514,-0.21048783578599894,-0.055006666670180698,-0.20561661092403744,0.97708550083088896,-8.6915592188291928,-19.581573374918356,-5.7190967339809173,0.2728832427148039,0.1648261061594951,0.4,True,3
-0.34755945769319752,0.93671302145418145,0.042084899978364523,-0.9286552980535927,-0.33767096270300218,-0.15355018184366009,-0.12962160608865989,-0.092450183263238089,0.98724424680500933,2.8805938316376674,-10.626470255614798,-5.1842128228833317,,0.2478443559522393,0.9630996309963099,True,5
-0.71219028972074283,0.67546555673050046,0.19113155913725682,-0.69538752570110518,-0.64159694435982639,-0.32371214077854438,-0.096026977078208231,-0.36345514531904494,0.9266494358787104,-12.756202576794136,-15.420897971017212,-5.0026504127656048,,0.2448829836972232,0.2258064516129032,False,1
-0.53059234353939555,0.84694975283731422,0.033880394717089576,-0.83964294015550223,-0.51970114620876573,-0.15783045230981393,-0.11606678260552146,-0.11219106380683291,0.98688482974331648,15.932691360446571,-6.7351427075487216,-5.5524328079389811,0.2574091059130267,0.2579693585274856,0.9901960784313726,True,5
-0.60367485894598893,0.79694732480658892,0.021251497833361603,-0.78954546444574536,-0.59395071953589296,-0.15440369923012698,-0.11042927261235028,-0.10998865508049502,0.98777926253991133,-0.76999880158695999,-17.853761063369348,-5.9573526559379459,,0.274061770368257,0.972972972972973,True,3
0.27690001231146993,0.96044132440451679,0.029645329446725648,-0.95211042439445548,0.27839995462952566,-0.12640888031181791,-0.12966157079612023,0.0067769933137860859,0.99153514784918584,-1.6438337527775202,-2.0375080046874769,-3.7337810432034781,,0.3458408571797892,0.9399367755532139,False,5
-0.84170304078332991,0.50619346310741486,0.18789403674256744,-0.53800463981512092,-0.75682260475245167,-0.37117455795503496,-0.045683680603660327,-0.41350661765325553,0.90935431954957258,-7.7127053748400707,-13.062346613092695,-4.9136993980035841,,0.3445083461463315,0.3783783783783784,False,5
-0.15614885902372777,0.95555274710323657,0.2500729520140999,-0.977811319579591,-0.11374811478174604,-0.17591585967620638,-0.13965155612311661,-0.27199322397268838,0.95211193091218804,-3.9330211982684067,-17.870863265998818,-5.7632647838241402,,0.2377313762880021,0.2105263157894737,False,2
-0.23199268091518949,0.96901117450348218,0.084833600001208223,-0.96551095256331076,-0.21880002355350264,-0.1411210479456384,-0.11818627873857253,-0.11464682019301103,0.98635090618783328,-8.2811265532247376,-15.949881950098995,-5.2421843548742233,0.1681111513065327,0.1535560331650754,0.5217391304347826,True,5
-0.1106033465558782,0.9938436527492629,0.0064570597520869702,-0.98441530085455753,-0.10865568764295484,-0.13827674058303246,-0.13672386468378861,-0.021650298677808946,0.99037258109919912,9.0517454781064526,0.11912340803948918,-4.0676960174599861,0.2349649361179378,0.2106987639863106,0.9923076923076923,True,5
0.95175349813887056,0.30683621572738334,0.0041006704963934193,-0.30407922381522529,0.9448294449207606,-0.12179140221976492,-0.041244447194154647,0.11466846440423425,0.99254724766472524,1.0097399657734631,-12.622390764820519,-5.3577881880451717,,0.06985478494907975,0.15625,False,3
0.58677960045077071,0.80949723686316588,0.020097860725332733,-0.80185741513294373,0.58433986966887641,-0.12478622725155197,-0.11275808747557448,0.057106393917507492,0.99198007716011638,14.01178092510448,1.4993121617430325,-4.2622984002149522,0.1818995629971281,0.197813000455102,0.8433734939759037,True,5
-0.97283682527021187,0.22318454803173485,0.061458676507427451,-0.22918696864381222,-0.89121484250397576,-0.39141977198970596,-0.032585960198137483,-0.39487309609605381,0.91815760802679236,16.465383629470022,0.81238715498652003,-4.5135804594795657,,0.4784462863994117,0.4736842105263158,False,3
-0.90557172011372045,0.42372925513154969,0.019833761013496719,-0.4201985638310417,-0.8896612951185352,-0.17870631472430271,-0.058077764115094063,-0.17016550271331002,0.98370253379856576,-6.4429069086222031,-13.349449398699008,-4.9891550205472086,,0.126820014790208,0.7272727272727273,False,1
-0.90517087449012779,-0.37291187311286589,-0.20396671999674507,0.4210720452056978,-0.7212345014736995,-0.55001738757086116,0.058000178629616844,-0.58374440363521918,0.80986322950452194,5.202747614849347,2.1394977172891818,-3.4923355099655611,,0.7776915980852519,0.2664907651715039,False,1
-0.78257890776168337,0.62248745974469955,0.008922756699694943,-0.61686886825014475,-0.77342391995086268,-0.14590489858681049,-0.083922896222165769,-0.11968626700015754,0.98925838130452581,17.213179150720229,-13.64849240864498,-6.5405453584684441,0.279533085760723,0.3051310258685959,0.9876543209876543,True,5
0.99429559085825292,0.10420145455298871,0.022766968811855644,-0.10471275299235801,0.99424674245807054,0.022553369421842773,-0.020285890678005007,-0.024808707756716147,0.99948637342329116,15.837001643159462,2.2384380495016161,-4.2262992577764829,,0.2597425346287667,0.3529411764705883,False,3
-0.21889818382269502,0.97550322014311586,0.021841534047251025,-0.96674442317632558,-0.21379024735711824,-0.14035294935431925,-0.13224524708510135,-0.051838186941614933,0.98986059472938226,1.7577920430737006,1.1268588172486691,-3.4663223038949909,,0.1100148762006115,0.6382978723404256,False,5
-0.41003259875888864,0.91115743111037939,0.040809357840618329,-0.90354085507735871,-0.39968597547766571,-0.15448315187275266,-0.12444754381306744,-0.10021605030531916,0.98715224362815157,20.768774434824145,2.3277069441193263,-4.4813530848529224,0.1876663103436678,0.2852429831467593,0.9855072463768116,True,2
0.62319922886651591,-0.77462559206514237,-0.10760071216263456,0.7755860589296576,0.62983102163366556,-0.042179964222998148,0.10044394622942862,-0.05716709110685253,0.99329901709416735,-5.1941764886240334,-13.460053100691914,-5.1109422449390465,0.5752413934229932,0.4684304122299637,0.3884297520661157,True,8
-0.58423820931656789,0.81057807686360084,0.040359584768379919,-0.80431322420306284,-0.57164815823342818,-0.16216849435202496,-0.10837874397981986,-0.12720677850034351,0.98593736279589295,-13.334473004996827,0.14185836680178104,-2.9648676008279988,,0.3316787830146486,0.9918032786885246,True,5
-0.77329543833571768,0.63376472476153323,0.018879584134909162,-0.6280226344791956,-0.76151518114065364,-0.16025666748727596,-0.087187932828918499,-0.13578255609707177,0.98689480788418571,-9.8121141813029524,-11.78236274986882,-4.6548278503620004,0.2823966035376413,0.2526242185106298,0.9389312977099237,True,5
0.60977916581650071,-0.77731527914299359,-0.15475892784257772,0.78376830746751169,0.62042074737672281,-0.02802385473168803,0.11779902013873712,-0.10420678017941225,0.98755472649316733,-5.3699249192549008,-16.72715125685523,-5.4927104130490738,,0.294238097923211,0.4827586206896552,False,5
-0.64532997951813087,-0.76344475737190243,-0.026482446572884916,0.75513399582229845,-0.63229990216605836,-0.17311696067757823,0.11542038766430185,-0.13171536038803572,0.9845451731379683,11.315219408489455,-15.810659937972225,-6.4504084644421535,0.2608082424846879,0.2298748037003266,0.9166666666666666,True,5
0.0061157501554796297,0.99867337588802074,0.051128132104177215,-0.99134565741452763,0.012759943523880766,-0.13065592740716925,-0.13113498818162855,-0.049886592724837579,0.99010855098868433,-1.1220822102063475,17.240793700789101,-0.9875880050875111,,0.1356854954950149,0.7916666666666666,True,5
0.20217402690453715,0.97846142909861278,0.041700055293771181,-0.9701727463742309,0.20591325014872372,-0.12792410095783799,-0.13375539255628324,-0.014593326539526595,0.99090692286542481,3.7417433544691363,5.2684947214720133,-2.9443936283589069,0.3098995981964855,0.2652970091569239,0.8341013824884793,True,5
-0.87374385365838036,0.4862410089189822,0.011889467593397204,-0.4819009467057469,-0.86211551800426089,-0.15661516906210407,-0.065902623303697921,-0.14257108704676688,0.9875881375249479,17.07084494379281,3.1946720104882687,-4.1124930433108755,,0.2048227474772491,0.7843137254901961,True,4
-0.99966242630526525,-0.025645071599931277,-0.0041669816540067794,0.025981405459470086,-0.98673368160523145,-0.16025482256748683,-1.9547496620895416e-06,-0.16030898879482855,0.98706688127388753,5.5913189109541959,17.031922696163893,-1.2998815153040724,0.1784649021918991,0.2220503222255793,0.8484848484848485,True,4
-0.97798855432069109,-0.20147305095521706,-0.054286253844980738,0.20671467314621605,-0.90008278693605115,-0.38356227729989933,0.028415339585833498,-0.38634128228837811,0.92191809944050551,10.332822217076327,-25.001103991378724,-7.7174485379548692,,0.3376748194599279,0.36,False,1
0.26929034751201314,0.96250766450799641,0.032583807331585259,-0.95402213610658293,0.2712348106383668,-0.12756739911357667,-0.13162246219962767,0.00326699576553445,0.99129453452703742,-4.0754282379458209,-8.6518920764213085,-4.5563947968209275,0.3537606963940533,0.2902330324581139,0.9806295399515739,True,5
-0.40814986507882733,0.9122003478932722,0.036113888457610925,-0.90434303142375727,-0.39859271816637365,-0.15260251157838775,-0.12480933118731601,-0.094944037875664383,0.9876275920206159,-2.1262324632056178,4.0749753491579073,-2.899833969205984,,0.2796670094210984,0.9830508474576272,False,5
-0.27233758194732322,0.96062976789253895,0.054979000516656898,-0.95307982134997848,-0.26146584432435993,-0.15255971416872166,-0.13217827202145413,-0.093947119649700178,0.98676382337160407,3.9411344607105359,3.840357855552659,-3.2050962796807871,0.126076504673455,0.1034924273591945,0.5304347826086957,True,5
0.91471817178836923,0.40397497987420677,0.0097407307620029325,-0.40039547606683806,0.90933951969105664,-0.11307121947360881,-0.054535575043762788,0.099528154628089852,0.99353913737254107,4.5259138244269872,16.261772627849911,-1.3975540789787249,0.1277302075281866,0.2102249901759439,0.9636363636363636,True,4
0.37244783966014389,0.92659929621067982,0.051926399782432728,-0.91943746352496847,0.37601852979685313,-0.11508612390808187,-0.12616400992067769,-0.0048794990815186415,0.9919973957069893,2.8383982762500595,17.576172644415735,-1.1266712147843201,0.1439522717812034,0.1574450243512143,0.8809523809523809,True,5
0.68615549401944331,-0.72702634991715365,-0.02496646857436681,0.72067495770913448,0.68403479189864125,-0.11280074823830186,0.099087049395327351,0.0594061444492366,0.99330391454166966,-6.2673018601199395,18.413377146621528,-0.68264350005920815,,0.2207762973687525,0.9473684210526315,True,5
0.23133191074767306,0.96162925910442254,0.14749479687131162,-0.95917249675018112,0.25079274817881508,-0.13073300631034565,-0.16270730944814385,-0.11123023642515692,0.98038470304108105,-14.612512565081083,-2.8054692689630412,-3.3177064866758137,,0.2496583385260953,0.3333333333333333,False,2
0.96710220012368797,-0.23953521697600574,-0.085651703685219779,0.24240291057484598,0.96986219398022622,0.024660771129590309,0.077163226090969414,-0.044611708285165023,0.99601989539522418,2.3285285085394261,2.5156935906119515,-3.3188204415260869,,0.2678114604443172,0.2295652173913043,False,6
-0.97169835630893719,-0.23618138741593364,-0.004544951572323791,0.23230952336863281,-0.9519263542486075,-0.19967098296746438,0.042832110603480328,-0.19507580148557491,0.97985245928966858,-15.686923974296517,18.452923057847602,-0.4328958881378509,,0.2311990021041435,0.8181818181818182,True,5
-0.95991416283222297,0.28025513578501932,0.0046753460014763871,-0.27764777484754866,-0.94843231224873115,-0.15293090663672473,-0.038425422786458288,-0.14809864262931674,0.988225823855578,0.22991170261566252,-12.741061703227716,-5.3015323582430662,,0.2474143866323536,0.9459459459459459,True,5
-0.73625947532607539,0.67534850168109495,0.042736240705875492,-0.66746591350184314,-0.71436659813815451,-0.21016569124780798,-0.11140574179870923,-0.18326146551203498,0.97673128134234455,-19.898138194186313,-11.117553283400579,-4.2256015464029666,,0.2659143645080144,0.3333333333333333,False,6
-0.29100869478285701,0.95601538560331134,0.036722228289272754,-0.94783668426097267,-0.28287545287045857,-0.14692548496601238,-0.13007520720699545,-0.077563268710676356,0.98846566951865966,10.99583244913782,-2.2029750341127441,-4.5640567699227281,0.3182336776995799,0.3020691258386656,1.0,True,5
0.99397391914588318,-0.10855951003282456,-0.015188180905084633,0.10857399764382972,0.99408836131421663,0.00013013551660934208,0.015084266419358502,-0.0017783928272669368,0.99988464445932002,0.6305422379652289,-11.891728817011021,-5.2282191522327421,,0.07228050654369197,0.3529411764705883,False,5
0.91331101381763435,0.40524900622394344,0.040450401653254815,-0.40188109033376268,0.91287916762440091,-0.071716208415711746,-0.065989251181912387,0.049242951494461819,0.99660451055399246,2.6606134264646748,0.21296936055394561,-3.6260464765578746,,0.2231951958321313,0.1966292134831461,False,5
-0.84872263409805593,0.5285011225600742,0.018879984703328977,-0.52408830493369352,-0.83578917582241707,-0.16367010175903254,-0.070720145654435129,-0.1488052990683647,0.98633444833270878,-15.304581483426871,-10.815372865090964,-4.3398677971361526,0.3140941916110233,0.2834658366529816,0.8,True,2
0.99824659516378889,-0.037558085769217465,-0.045750687833671942,0.036815354348534779,0.99917797877108494,-0.016970457363334412,0.046350457690230176,0.015256373497035099,0.99880872950711852,13.674283098708433,-8.249000523568828,-5.5445695000504269,,0.3758716997075416,0.3023255813953488,False,5
-0.77655445872774198,0.62968115993187967,0.021559440087978526,-0.6238988130244858,-0.76375252625215073,-0.16562714074117371,-0.087826213266327433,-0.14206940370924792,0.98595275789106496,2.381952246006021,16.538330498103885,-1.2691363808437792,,0.2626929205817394,0.96,True,5
-0.43935145453046576,0.89580220729306093,0.067146889807676399,-0.89013359464749708,-0.42406672419881858,-0.16682205222094834,-0.1209648010038034,-0.13306321368493729,0.98369797096565526,-19.412305506345845,-2.9421414828817545,-3.2134084777703116,0.3532198769288754,0.2563371847609753,0.6304347826086957,True,2
0.98752327925119898,-0.15745253692144071,-0.0025439249123419255,0.15611101229998953,0.98097403940972572,-0.1154092103899747,0.020666997257216921,0.11357214720681855,0.99331477518619515,4.3126119110216283,-23.541922810748162,-7.0992600293794048,,0.3212959888168921,1.0,True,5
0.54450162081621678,0.83819441237788483,0.030791427167412302,-0.83063213430214422,0.54396007513755529,-0.11898610894138351,-0.11648279870083206,0.039211780306921545,0.9924183562852833,-7.5513547476702341,-0.98991704492674792,-3.3591845758243823,,0.1359374137612871,0.8589743589743589,True,5
-0.94148856048481211,-0.33683609636545847,-0.011863164060057857,0.33351715075939914,-0.92597770327011952,-0.17700735350805921,0.048637440573786418,-0.17060696712583071,0.98413803002554312,-13.421924967057443,-14.675760488830218,-4.8609818186566693,0.1854308219110881,0.1547275525570365,0.725,True,2
-0.50418137644975136,0.8630876722530767,0.029678437391477824,-0.85609627973255686,-0.49498687051098772,-0.14861748837137345,-0.11357948524848353,-0.10033776969070375,0.98844930699767564,-14.56243055283972,-3.5492801672216152,-3.4257391776705433,,0.3049776691457914,1.0,True,5
-0.46922287117815364,0.88166020386346777,0.050051794041367476,-0.87529496570849863,-0.45682948197265494,-0.15863652607755666,-0.11699837677801091,-0.11824596958892664,0.98606757907725895,17.281645161395033,-1.1158078998111085,-4.8253580822459252,,0.1927717019772524,0.8673469387755102,True,5
-0.60109004687135859,0.79885177365969318,0.022947750934509611,-0.79151325304992837,-0.59110906181182088,-0.15523159243617621,-0.11044240942006851,-0.1114716141657299,0.98761153974463989,-4.0663060681695562,-19.029096947375777,-5.9234641503672227,0.2416938759893971,0.2003044034066008,0.9178082191780822,True,5
-0.53283694583552976,0.84572906419525384,0.028760026566175038,-0.83811428025740076,-0.5227372245124291,-0.15591743756765661,-0.11682997210170994,-0.10718276020174543,0.98735131211451321,-10.383597733322013,-7.3393933405672858,-4.0612398008758168,,0.2572628480570079,0.9671052631578947,True,5
-0.86943197450212162,0.49405260860555511,0.00024828086517506009,-0.48601434143763284,-0.85519576200364456,-0.18008405972753314,-0.088758670732982048,-0.15669150768644677,0.98365119315164851,20.579589237911403,-8.8030336367351101,-6.2387241654969561,0.3150576842826723,0.25916862516775,0.984375,True,3
-0.81664193479303804,0.57278771314705634,0.070782667406990907,-0.57576969116539778,-0.80008555307843066,-0.16838162159358216,-0.039814734367892027,-0.17826200779455831,0.9831772187679424,-26.772184714783883,-6.67467937312251,-3.5270774107170269,,0.2540633364020989,0.8043478260869565,False,2
-0.049931110089394437,-0.98526680007554679,-0.16357327689489248,0.98289876303052115,-0.019409491515370463,-0.18312097987993134,0.17724814774296579,-0.16991940533090136,0.96938665650692757,3.8461957842445647,-15.218695235003374,-5.8570161254323834,,0.2859532959520589,0.3888888888888889,False,4
0.32686729741086812,0.9448020512708194,0.022513413729749771,-0.93626857405874464,0.32697482109493942,-0.12840803557385819,-0.12868149483635882,0.020893785783918283,0.99146584540381189,-2.0896641074601265,18.060974070854968,-0.87038695041547798,,0.2207763598187635,0.8947368421052632,True,5
0.31644577766143833,0.94837284242444175,0.021237267998330298,-0.93945927828225706,0.31641667971315873,-0.1315171062967907,-0.13144707775233494,0.021666484511471747,0.99108638836343932,-6.0991955202491122,15.136945305619216,-1.1763930609584676,,0.2649956756461194,0.7948717948717948,True,4
-0.79404383426360325,0.5697012937360928,0.21197836017711177,-0.60131166941685088,-0.68512743481457417,-0.41112610509127379,-0.088986883814835036,-0.45391721049088163,0.88658925130474087,-18.417302626856557,-4.9902645386354303,-3.5059896485933542,,0.3387522002981755,0.2352941176470588,False,2
-0.33423797097195768,0.94049405227837046,0.061285531649468782,-0.93570793046024647,-0.32334496173945459,-0.14106276826829051,-0.11285232666786968,-0.10449389143256119,0.98810190720336555,-3.2287989770161967,17.714157156445843,-0.87409341270112639,,0.1912932786032359,0.3611111111111111,True,4
0.56861557850601374,0.81665638531371831,0.098735364518508215,-0.81519263230551364,0.57549428110530632,-0.065324609833464817,-0.11016939736187562,-0.043343750892351804,0.99296728201059192,-2.0182993311048545,-19.659422188144685,-6.146306821804175,,0.1245788710106513,0.1176470588235294,False,2
0.97994368710150614,0.19913188503280749,0.0075407209990639417,-0.19759266608540987,0.97588281528300136,-0.092789380559324522,-0.025836184299634989,0.089438376542757977,0.9956572042536681,-9.5926040273903226,15.727617427166733,-0.9804283172547712,,0.1871378178729055,0.8367346938775511,True,4
0.57100396081174576,-0.80071158396156383,-0.18115031340591528,0.81299792638074653,0.58216961294001068,-0.010626074999002227,0.11396862918322881,-0.14120729824991846,0.98339801224278156,-5.200186661063765,21.112024501288893,-0.36431070392750781,,0.3721875771454131,0.175,False,2
-0.88059022760529904,-0.43662867764993235,-0.18416364706347027,0.46825372271441507,-0.74203888644733929,-0.47970484901039329,0.072796306294610202,-0.50865871549956143,0.85788519566209831,10.888292372427079,-19.23152719060754,-6.8943717431507334,,0.3211061418085542,0.3934426229508197,False,2
0.4765556121667649,-0.83287767819285641,-0.28144186199006671,0.8497278725085543,0.51848867610128857,-0.095561683936704556,0.22551561186411337,-0.19360853783552232,0.95480806599166557,13.665282560478527,2.6755584038052036,-3.990730986626716,,0.2624825866785617,0.5,False,2
-0.99873171549383233,-0.049844253034506528,-0.0071071025163812647,0.050209779750775903,-0.97554224131650913,-0.21400073229907579,0.0037334279321880482,-0.21408616453800602,0.97680764517343976,1.3804669241525276,22.448330695732952,-0.37709093940392729,,0.1389344134630089,0.3333333333333333,False,3
0.78208537712358872,-0.62191913558896927,-0.039484828449977784,0.61731102992562126,0.78184300662924622,-0.087456305187848415,0.085261686715802365,0.044023877307781796,0.99538552481195275,-12.361092427125458,18.683099782653223,-0.47636071386055862,,0.1927295566115641,0.25,False,1
-0.79595614728411068,0.60088499028402786,0.073423702249331063,-0.60203535623569193,-0.77306441977815599,-0.19981199342188238,-0.063302775948596846,-0.20324524920505893,0.97707938635137248,-16.735356472087428,12.456261521121888,-1.2540870019860504,,0.1846129936349011,0.5294117647058824,False,6
-0.60982520850591437,-0.79006517714817015,-0.062531839318443638,0.78510675224004511,-0.59144740699675991,-0.18384056229215931,0.1082617321947426,-0.16120477851056028,0.98096504358083736,12.839548734921943,1.8608099733166708,-4.1135803208049397,,0.4003619254336083,0.1818181818181818,False,1
-0.89909503255662848,0.43739065468489996,0.017819585469615991,-0.43137670008273099,-0.87834065377572557,-0.2059898991469335,-0.074446390494958853,-0.19289144905657399,0.97839185596729394,8.8127629851526628,18.48934877737749,-1.1849713378342284,0.3729850560232409,0.2222496422131019,0.4444444444444444,True,3
-0.11372516232062148,0.99227583896756522,0.049550447589928236,-0.984994260700638,-0.10609295164679054,-0.13612711705488795,-0.12981869604163987,-0.064287984974532461,0.98945144456206735,20.143939877384078,-16.77886701295672,-7.2210184690970518,0.338187583064852,0.2848831410911365,0.9090909090909091,True,3
-0.91052289855994317,0.40954266114503801,0.05677023780326635,-0.40956469566051473,-0.87460500430918453,-0.25946646508911531,-0.056611052511933199,-0.25950124304051342,0.96408209899049502,-15.535907216619865,-2.1869584476108903,-3.2224915081855934,,0.1260837497269467,0.3809523809523809,False,1
-0.9989453837648743,-0.045764594688872444,-0.0037043390518981013,0.045498021518286275,-0.97582308374962368,-0.21377380395945916,0.0061684919364257572,-0.21371689473305316,0.97687616339682048,-7.1006742855161216,22.891348272655797,-0.044624150510747827,,0.2706947966827182,0.3666666666666666,False,1
-0.76031578906404262,0.64936359923442377,0.015710407036010319,-0.64344606759218004,-0.74963750075174562,-0.15498637219716041,-0.088865398215966687,-0.12794738549885074,0.98779168226095448,-18.473872345682533,12.530798697700151,-1.1641890594304682,,0.2451436396631149,0.9787234042553191,True,1
0.94207684015848192,-0.33494315486696269,-0.017444490384511315,0.33223533197580946,0.93905762796683556,-0.088263557282856953,0.045944656097670469,0.077355377092134137,0.99594439313196592,-16.733150848301459,21.587937681192255,-0.0058544384229196325,,0.2120236816116044,0.8148148148148148,False,1
-0.77781241618269559,-0.61041906118831801,-0.14965431824711614,0.62260936014492241,-0.71584907901039696,-0.31609758104088104,0.085822082775745878,-0.33904080258567471,0.93684892287395727,-6.454180815011096,-1.4271899767469822,-3.4764737383444992,,0.3724922182198231,0.145631067961165,False,1
-0.037538496857347343,-0.9957525969222436,-0.08406917970516524,0.9899170146223577,-0.025555677187681206,-0.13932412398662031,0.13658391345561546,-0.088451529585912014,0.98667175975552379,-8.5321191505094411,18.38591663472581,-0.64882151693062451,,0.1165289421693005,0.3333333333333333,False,1
-0.75550831283202113,0.65439986702542274,0.031112751064827811,-0.64897916197923922,-0.74106321589328705,-0.17219569497122819,-0.089628324532133402,-0.15028680609757059,0.98457129724289316,-19.25155472905972,11.450213259251109,-1.3073641065653716,0.2284309806845319,0.2126271048677284,0.6304347826086957,True,1
0.89849568601491403,0.43683598706210969,0.043356921247500416,-0.43487564989140842,0.89921638872176779,-0.047885857888405964,-0.059905520147269103,0.024170367429058634,0.99791137983000766,10.978663055174707,0.83852295116168118,-4.1279130908724886,,0.4313221639667642,0.1558441558441558,False,1
-0.52929064867333486,0.84822423023835003,0.01915892647096306,-0.84046983007043163,-0.5210964607692341,-0.14855619581545135,-0.1160253160665419,-0.09473190492298536,0.98871835839197486,2.1400959280516125,19.47872493464574,-0.79917420267285366,,0.2502075845731633,0.8448275862068966,True,1
-0.44720723485140684,0.89304169471470141,0.049821888740327669,-0.88602921319196914,-0.43470229805419702,-0.16120218806461967,-0.1223025856921249,-0.11623443365670531,0.98566304281205852,11.168497708498853,17.482062818595953,-1.4503169842321435,,0.1314967764002229,0.75,False,1
0.58346225217502556,0.80976950418382854,0.062009276569903654,-0.80452668852078457,0.58673557967897216,-0.092076962355199354,-0.11094416498683894,0.0038353138928456498,0.99381924041684533,11.866195913474849,20.158261417937329,-1.085602622680111,,0.3060382110545867,0.9,False,1
