axis_00,axis_01,axis_02,axis_10,axis_11,axis_12,axis_20,axis_21,axis_22,location_x,location_y,location_z,dbh,dbh_approximation,score,reconstructed,number_clusters
-0.16094404107796434,-0.98303516984986916,0.087970850170576903,0.98070370563169762,-0.16930962120580753,-0.097747091657007512,0.11098314016891031,0.070541526814958608,0.99131560846829381,0.56661034648887942,-14.13500415377295,-5.0423042571755374,,0.1885093484519041,0.9829059829059829,True,5
-0.78686106500391317,-0.61711497725356312,-0.0043323469669297315,0.60723454435762392,-0.77297260048824656,-0.18379218436382733,0.11007212417182093,-0.14724966466437944,0.98295557566785896,-20.831028507257859,-11.268389242551216,-3.4639646427910482,,0.2546095398774502,0.2173913043478261,False,2
0.78023467402598468,-0.61891730418766888,0.09041694545070221,0.62513331023436869,0.77646315368606278,-0.079456374214508102,-0.021028501681942938,0.11851726264542112,0.99272929873760185,7.5853331826696451,-3.5942211650978804,-4.4040358132415376,0.2506902728777632,0.2095614709604092,0.9910714285714286,True,5
-0.024075386168850875,-0.99717513959194704,0.071148554170839373,0.99486205390604965,-0.030898365655464388,-0.096409463734932935,0.098335494500494766,0.068461901665096747,0.99279559756363822,-3.8225935731737279,-14.959628489496005,-4.8250547989135937,0.1737116411258143,0.2106168744157558,0.8666666666666667,True,5
-0.95597811681169909,0.26536941422563715,0.12523942738092136,-0.28417363048752342,-0.94363805314825888,-0.16968374225630978,0.073151814144964383,-0.19780368713476359,0.97750831886137668,-7.0037304754004577,1.9282416759441812,-2.8290338718323209,,0.1768746501137892,0.7276785714285714,False,5
-0.97805445517439993,0.17868018003542641,0.10715818203019377,-0.19111054299920929,-0.97422553071460949,-0.11983895718165372,0.082983390314302546,-0.13768808432956897,0.98699328688983445,10.134508350751416,-2.8684649822508241,-4.513279133454966,,0.2179134387231592,0.9727891156462585,True,5
0.69407223993653711,-0.71915222301968384,0.032921207075745397,0.71984658398379398,0.69387386189823241,-0.018972593425639631,-0.0091989823535014795,0.03686656887043737,0.99927785666619295,-2.9201056107013059,9.0682340995059647,-2.2054890108672121,,0.316856618599705,0.9689922480620154,True,6
-0.75654046569214106,-0.64784113314961855,0.089153743442078839,0.639303795423252,-0.76138344080496489,-0.10763788006746029,0.13761243013529934,-0.024436085353639427,0.99018467813072453,11.913707541158225,0.048331181120658429,-4.3422217552909039,,0.1934941640596735,0.9411764705882353,True,5
0.95480958184129849,0.26087129843061663,0.14242481553145017,-0.26471649052776447,0.96428957453378816,0.0084140411283186861,-0.13514378293768226,-0.045736004422875176,0.98976986003450451,13.12138825749326,-4.9566732140036835,-5.0324086097839968,,0.1434601249451414,0.3,False,4
0.081029698725082838,0.98730470514256163,0.13661481298850006,-0.99140734197582236,0.093959767624115814,-0.091011231968688072,-0.10269211362591836,-0.12806631591243139,0.98643466510847033,19.004068876503226,5.2941832466840664,-4.3664251653913881,,0.1800044440549118,0.2941176470588235,False,2
-0.51889601951859732,-0.8507923667128795,0.083061842447978915,0.844768638648004,-0.52522723454830456,-0.10248072621492803,0.13081616140429214,0.016991198658072762,0.99126103075002847,10.799229533275865,-5.2119818210554998,-4.8846411315737015,,0.138193076022335,0.7735849056603774,True,5
0.68990553669166699,-0.71875993333325039,0.086107541347814676,0.72389594398587165,0.68537202697009303,-0.078992701737005261,-0.0022389111166595671,0.11683040221487206,0.99314935653975256,5.0118987709287728,-16.327834869167621,-5.6419879126932271,,0.1302684007012762,0.7538461538461538,False,5
-0.34871168607362657,-0.93519786088288981,0.061685662805513582,0.92877289779554639,-0.35363763759981626,-0.11100146662672911,0.12562270621250127,0.018584463212263674,0.99190400413092372,-15.643297090657333,-6.783150101082482,-3.2432154766954118,0.2609175490776608,0.295332893899526,0.9482758620689655,True,5
0.59723238797523814,-0.79296937548284108,-0.12047009711852791,0.80197303640830497,0.5927013822264996,0.074460193263519256,0.012358140128607642,-0.1410838086144186,0.98992051969812811,7.2891248857796382,10.65463970031896,-2.8045092257970663,,0.3722136250701114,0.2833333333333333,False,6
-0.89934577233410673,-0.42738756026722718,0.092287892562327237,0.41639929556837257,-0.90157167220336143,-0.11738886885304414,0.13337469188317358,-0.067144569469625492,0.98878855088224338,-15.642705246074561,-2.1230979286508069,-2.7447159806210997,0.3104775359969564,0.1217924951491068,0.819672131147541,True,5
0.86752538440523363,-0.49528495261369404,0.045744104833321683,0.49252918877432444,0.86823154273769032,0.059908149701323729,-0.069388079796583707,-0.029441533753883545,0.99715519878921632,-16.69461444763644,-1.9021100949756427,-2.6447987232865042,,0.2181286889804898,0.3823529411764706,False,5
0.97247748586752103,-0.21292991559080196,0.094595932932030488,0.21950973378835378,0.97340544450781652,-0.065553927225669162,-0.078121803953527316,0.084514446392532083,0.9933550684916308,11.272314885831451,-15.523674673827733,-6.0158442299130419,,0.1863251124962312,0.92,True,5
0.065999274526279683,-0.99532858596974583,0.070463477869531055,0.99390173708840401,0.059324239403707527,-0.092951447712362301,0.088337040785036514,0.076168501171000588,0.99317416733154373,-2.337688190720316,-14.22381744426955,-4.8285017175269251,0.2217020467599083,0.2324590088855152,0.975609756097561,True,5
0.98245490977541805,0.15433685592626734,0.1047018870936386,-0.14616779821564913,0.98588017692460328,-0.081702212405185853,-0.11583317755705272,0.064964695411488305,0.99114189868410296,-1.8469838975791768,14.555519387100961,-1.64804732312518,0.3389068512782683,0.2710287583183811,0.9795918367346939,True,5
0.95613420290610329,-0.27762826390608136,0.09343411108157873,0.2819625969097514,0.9587248836502944,-0.036656396626480792,-0.079400755519192664,0.061393359170386338,0.99495043870172595,7.6821055210740052,-10.130509233090496,-5.1440442127027595,,0.2122682507572871,0.875,True,5
-0.18042828207552825,-0.97966115985012248,0.08780459503001696,0.97712463065719068,-0.18874419665489556,-0.097995328420011227,0.11257482485139093,0.068114903730459725,0.99130584014191492,14.435547960277901,-5.6560821645088408,-5.1737250804648021,,0.1797755346008573,0.7647058823529411,True,5
-0.40097115815959827,-0.91243096020014447,0.081803870277611601,0.90683986391250515,-0.40799461870159065,-0.10574427799978917,0.12985989197324696,0.031782604971739452,0.99102284256111395,6.8446640901614995,-15.948855326150889,-5.7452089697858346,,0.1608385908319191,0.8266666666666667,True,3
-0.96552210965962015,0.23515800936562051,0.11165915273561333,-0.24846736624816951,-0.96043706160839604,-0.12579594031099928,0.077659665645264511,-0.1492024172734116,0.98575230915866341,12.800863940946842,-11.160599500606361,-5.6787323411285486,,0.1707017980118514,0.7272727272727273,True,5
-0.93301100693548522,-0.34686753142161963,0.095777745759144717,0.33667948121765529,-0.93541198448270335,-0.10794140175642269,0.12703301879528098,-0.068464114188402411,0.98953285807200753,15.011251285257099,-0.66505965006961965,-4.7215323797043141,,0.2671225327635868,1.0,True,5
-0.25839190395338824,-0.96318505403552501,0.074217084649868259,0.95859155787433736,-0.26516373068900179,-0.10387695172241866,0.11973240640442397,0.044302907462978797,0.99181722270130634,-9.4236734303301972,-16.275922208153709,-4.6268389211816672,,0.2348417116885895,0.9880952380952381,True,5
-0.83686654932576998,-0.54094295072466492,0.083875518960373874,0.52980316248995918,-0.83893488047540021,-0.12448644640026044,0.13770616411481806,-0.059741027636120762,0.98866982455305275,10.873116368359387,-1.3887275702929611,-4.4201081338615191,0.1972697271610928,0.1817357132895439,0.8736842105263158,True,5
0.56683198874733154,-0.82033350881516509,0.07585796495915989,0.8235220116692179,0.56167905669411822,-0.07954956673352323,0.022649345002240882,0.10756194301985189,0.9939403581627847,6.8558359438104528,11.511889906693407,-2.6773238117996336,,0.2498931080689445,0.6790123456790124,False,5
0.61208150447175602,0.72753390415095687,0.30992039331811844,-0.77717182629914916,0.62584755906835199,0.065717465068504982,-0.14615123773145444,-0.2810858429715935,0.94848856850808272,-0.77202480465505374,9.0299796939372872,-2.3641032402109015,,0.3800004992077743,0.2926829268292683,False,6
0.086595452301218817,0.96989013305431726,0.22762767284454982,-0.99137235650433897,0.10645977919772694,-0.076466765148036686,-0.098397552813985809,-0.21904210831949472,0.97074119948788062,-12.076887932422109,-18.134946569477471,-4.6620032979232446,,0.1420601816401384,0.2608695652173913,False,2
-0.59502422260498677,-0.80173170159659124,0.056324534337753231,0.79168340604393339,-0.5967580985043246,-0.13083255124080911,0.13850472594105631,-0.033257337905138629,0.98980320789915399,-5.946903309421832,-15.408201370866117,-4.7077317333176838,,0.1164719487218015,0.8524590163934426,True,5
-0.32483188752730324,-0.94443704476170831,0.050228610643942358,0.93763597034173984,-0.32853416857279538,-0.11359615839229033,0.12378623496477187,0.010196497533632137,0.99225651898654388,21.299636638957303,5.7342733670676145,-4.5870147066592262,,0.2037117603923892,0.7878787878787878,False,1
-0.9906991109276313,0.082637858074352713,0.10810298802569711,-0.097410311152043502,-0.98543238598204108,-0.13940675714973166,0.095007909610005381,-0.14864049606559218,0.98431676813966373,9.0026492636907243,-18.035068471908733,-6.1198374471610517,,0.1752047392971436,0.9047619047619048,True,5
-0.080359295972356359,-0.99486917669674235,0.06146303612394638,0.99143364522860544,-0.086146953828144343,-0.098173466144635041,0.10296460877188576,0.053047371328632763,0.99326948293782535,-2.480610472055413,5.3081595225270215,-2.7169386323194762,0.3826690385700197,0.3186058107253047,0.9314516129032258,True,5
-0.049885928945315815,-0.99665692046246102,0.064702217794657707,0.99356352040410822,-0.056119024806743766,-0.098398099457948376,0.10170017215058751,0.059377082692100062,0.99304150821378934,1.6727384979613529,10.726557806410305,-2.3234951104844725,0.248020185799784,0.2851094116530585,0.8974358974358975,True,5
-0.062640186247772317,-0.99677648636406502,0.050128268457561624,0.99332513959695068,-0.067140240907983581,-0.093794216748776735,0.096857493832655989,0.043918382057253499,0.99432881965973929,-10.808431688967264,-3.1083419934675045,-3.0898330377206591,0.3173933112941638,0.2635128139161423,1.0,True,5
-0.42984079322253654,-0.89962661469247396,0.076869022491364417,0.8934835236860188,-0.43607789792984508,-0.10734644772279181,0.13009260310807411,0.022539322839097702,0.99124562725013765,8.9169317427631913,-5.2491888409803487,-4.7295633011245313,0.1379837383459157,0.1610546337977964,0.8548387096774194,True,5
0.62994647139161764,-0.77307538238873674,0.074309463231540668,0.77657153150663194,0.62574521378549375,-0.073345646619225158,0.01020292285060094,0.10391044494687063,0.99453432308606093,8.5506840886138988,-14.790319128897222,-5.767647280438676,,0.185311851593214,0.9577464788732394,True,3
-0.071489218476282257,-0.99466776204207996,0.074332595783091399,0.9922482302537482,-0.078513985225564492,-0.096327585261474363,0.10165009198203977,0.06687000282788931,0.99257023001994316,-8.3846419954974074,10.756034722128838,-1.6944822180085677,0.3421753284741699,0.2832878564906416,0.920863309352518,True,5
-0.8179781340847293,0.54726001729365359,0.17725192701636117,-0.57271880683742193,-0.80362549131558314,-0.16179999382727667,0.053897499515128636,-0.23386436919620077,0.97077418402349314,0.32835124413793199,8.2465314164015862,-2.5204222942334216,,0.4442651155374586,0.3703703703703703,False,5
-0.43557592181115107,0.89122206180660102,0.12647866574073854,-0.8991811407136403,-0.42426560311056266,-0.10710730228209446,-0.041795843373277415,-0.16038059286092532,0.98616995133206886,12.482046367476601,-3.7549326506457579,-4.8419841337081504,,0.1103055676225268,0.6470588235294118,True,4
0.99374775038506447,-0.0054996491626975036,0.11151305961057897,-0.018287764818550118,0.97727844748172343,0.21116911172246727,-0.11014066579863539,-0.21188815433336944,0.9710676823942983,1.393574126456304,5.9584620193455153,-2.8726722125761963,,0.4165015193747458,0.1627906976744186,False,4
-0.57289442023198067,-0.81741420744692606,0.060216249725268109,0.80600142433718269,-0.57518802746850439,-0.13971555755649895,0.14884114764907883,-0.031507880296908833,0.98835902699661737,6.6774128856360422,17.281187162644247,-1.9522344700360101,,0.2034806001861481,0.4137931034482759,True,4
-0.65630420570674841,0.72830850309540851,0.19705713356932,-0.75428525751204467,-0.62716904607118162,-0.19419767750967126,-0.017847685329481736,-0.27609004322700037,0.96096604943113928,5.8027585972358535,-20.549401258491962,-6.1573744040086158,,0.2550962626600201,0.1923076923076923,False,5
-0.53724440137936691,0.8063916691806573,0.24718602117142435,-0.84328664575120793,-0.51890776407094241,-0.14000844790430556,0.015365099550710373,-0.28366742545264034,0.95879961694447291,4.8231966954948176,12.331833378969424,-2.4101907546832724,,0.1866581016686185,0.3181818181818182,False,7
-0.12212571460792759,-0.99016407207378954,0.068267270384527637,0.98724709366644448,-0.12826686751574473,-0.094290968522212498,0.10211995827780918,0.055881312367817404,0.99320128526366158,7.6138308376164288,-13.088679047343097,-5.5254310429468134,0.1204331282888079,0.1223671183696605,0.675,True,5
0.25027162966188032,-0.96516370635155035,0.07630944455390766,0.96570689637606622,0.24323182817071945,-0.090821077159637081,0.06909632174069634,0.096422495852725332,0.99293927337750043,13.446662402710599,16.148424573126281,-2.7519887006237598,,0.2702265433304136,0.98,True,5
-0.19617028607491094,-0.97920863788716239,0.05164941769716818,0.9739363257538417,-0.20068916610747628,-0.10569717112672974,0.11386506153511274,0.029568599802066012,0.99305611405768557,13.374000034821476,-7.2861439836314768,-5.2718429457087117,0.1314701609442245,0.1957580392248017,0.9655172413793104,True,1
0.16538799331671414,-0.98425284961977799,0.062395029305355273,0.98321233063850544,0.15960762034724252,-0.088424659498852892,0.077073500939480399,0.075971939177805245,0.99412672225953913,5.5590792589406188,-4.2708844613257249,-4.340996659383654,,0.1833001313383505,0.9222614840989399,True,5
-0.98652742242638403,-0.14128196744675464,0.082480606660775044,0.12081438637033003,-0.96911617481055767,-0.21498307786082549,0.11030652223108074,-0.20212185778615671,0.97312857616984882,2.3787242342913921,8.7377109516848286,-2.6180930325696958,,0.1412815496547374,0.225,False,5
0.46796013171976109,0.86915493889311168,0.15994688905551233,-0.87450651515166133,0.48152606409338172,-0.058060352703327565,-0.12748203825685475,-0.11270466625854045,0.98541665711790682,15.435112565345435,0.04364733273631094,-4.6342073924577081,,0.168055819085004,0.3928571428571428,False,5
-0.96940571276313847,0.22694894709556326,0.093524004803081845,-0.2393277530154117,-0.95853846168413215,-0.15468110456294268,0.054541641878346862,-0.17233163634235313,0.98352784221738299,-0.91041259070131786,4.0545359928730633,-2.9281700049406489,,0.1013338253065216,0.2941176470588235,False,5
0.95358498791676716,-0.2850074790554763,0.097192631933812543,0.29188324552363248,0.95419719857400398,-0.065664885716146371,-0.074025953572853312,0.090985950102012395,0.99309703205762578,-20.317270223155639,11.004223067920099,-0.98549561449226541,0.2921236573777864,0.2188807386156419,0.5555555555555556,True,3
-0.67446334588124146,-0.73337060955441624,0.085245199891054196,0.72495461409576467,-0.6796955644614715,-0.11160083849444925,0.13978555921103913,-0.013471773943582808,0.99009015182602023,-14.648448271906826,9.2058092992395419,-1.511093036666586,0.3504182617524823,0.3091093425641079,0.8160919540229885,True,5
-0.92714470889979195,-0.36257032447930398,0.094580381507437472,0.3514019960542783,-0.92895707647926795,-0.11642760509501693,0.13007430925509145,-0.074709503184430731,0.98868557398484735,-11.449279381357753,-16.987067273105311,-4.6018369284179501,0.1907971438899691,0.1873261087159225,0.6226415094339622,True,5
0.61961845560680306,-0.78378574516490285,0.04186735181186229,0.78469473968042802,0.61734289429838707,-0.056052799904697061,0.018086873397738325,0.067584440040503735,0.99754960201240417,-14.347054371662672,-20.831291424087098,-4.838155516660593,0.1770461705823691,0.2035895943156928,0.5161290322580645,True,3
-0.39369651460646587,0.91007404281066795,0.12949243602993704,-0.91798321470296951,-0.38187245160549099,-0.10714592026024029,-0.0480611268107871,-0.16105485806723918,0.98577454865837322,22.128854934889386,-13.897037345177443,-6.7106214825179844,,0.2397300258124455,0.7441860465116279,True,2
0.94309347417789535,0.30653225122441791,0.1288901777574929,-0.30336556846796892,0.95185722799409689,-0.044013059238143908,-0.13617646944745546,0.0024075869007592551,0.9906816707167555,-1.6582769368085921,-16.365723032133229,-5.1370756078578586,,0.1778832531139669,0.3571428571428572,False,3
0.036282914151474221,-0.99617333917653383,0.079512442136770348,0.99518450951543969,0.028767742478293331,-0.09370276950666212,0.091056807330329809,0.082529360270022042,0.99242005347142737,1.358253860627145,-13.182373808168844,-4.9939284680593357,,0.2018185426801888,0.9875,True,3
-0.9036002928615835,-0.41781919133711315,0.094517903546687668,0.40644814850848754,-0.90590489685030029,-0.11889583860114493,0.13530119480064698,-0.069017687682563153,0.98839776682895719,8.3736603557880755,-16.144455886536846,-5.8562806073763642,,0.1965401207195566,0.74,True,5
-0.42321117365173244,-0.90349807095113899,0.067701833681926407,0.89659040100071552,-0.42838944838857379,-0.11228594454655143,0.1304528854786311,0.013180147833222716,0.99136689897000063,-19.509026813844191,-7.8122088784555483,-3.2011728870121963,0.3185737207723504,0.2793055304689611,0.9375,True,5
-0.99349116310081298,-0.059246612629196817,0.097288990808615583,0.038532085822051358,-0.97853916518679473,-0.20242623485539793,0.10719415657019302,-0.19735992776522934,0.97445290892362169,-20.601747205466364,-10.665195797702237,-3.410661083275965,,0.1539584643747397,0.125,False,1
-0.36216254084324373,-0.93036426313454201,0.057101942979970476,0.92376111538545747,-0.36642595598471339,-0.11134370427871526,0.12451383743095748,0.012424035689376015,0.99214008467827153,15.573549416220365,3.2658346092626598,-4.3215808364326174,,0.1322998692852755,0.6341463414634146,True,5
0.62296932471663669,-0.77799632204918134,0.081430604443570573,0.78216324659690983,0.61800239632864928,-0.079332804091563749,0.0113963211204679,0.11311392933673055,0.99351666460856403,-4.707831396294555,-15.727418595723464,-4.8322948145797939,,0.1953615910225185,0.825,True,5
0.58649023173879156,-0.80910599351247692,-0.037103899217834066,0.80982717051462338,0.58659908979051689,0.0090256165006934591,0.014462433103004373,-0.03534118163171554,0.99927065348163635,6.9325006209510969,-20.458430679250633,-6.2255605259012015,,0.1849486492398696,0.1111111111111111,False,5
-0.88229577915099422,-0.46354219907899313,0.081748319648494272,0.44953729889628757,-0.88131596813245638,-0.14559663875166259,0.13953628557966957,-0.09171038102506951,0.98596086688005369,4.9694032083429187,-11.743652444939405,-5.0913308744310992,,0.1630133295576938,0.7156862745098039,True,5
-0.36178643773864444,0.91225250396711455,0.19210919414258276,-0.93024243672155582,-0.33970188294869752,-0.13875027799414746,-0.061315433544302009,-0.22890609368655979,0.97151552632082794,5.1215972498843962,9.6564716732431091,-2.7099725318751235,,0.2216392937435335,0.275,False,5
-0.3661641653226243,-0.92822896866334348,0.065687028915697526,0.92190010747930429,-0.37145799532815565,-0.11008700893582059,0.12658592284781664,0.020246961277528668,0.99174899278788953,-14.032998443920928,17.636826669323664,-0.58642339610572747,,0.2209103854633208,0.631578947368421,False,2
-0.68532219660029281,-0.72279590080992584,0.088879539936461013,0.71486293179083349,-0.6909896465762847,-0.10725808629560339,0.13894054699173741,-0.0099696588080477391,0.99025053915909977,-10.856307517998671,14.531576198578135,-1.1222546528380888,,0.2990776453912216,0.7446808510638298,True,3
-0.98025254147809393,-0.17047273615539871,0.10021976428544641,0.15888091388585543,-0.98068134930988471,-0.11410936122220865,0.1177361886954648,-0.095932983605415134,0.98840024915417246,1.0257953608256971,-10.352737419104509,-4.626637331559702,0.1643439514541987,0.1669797200708736,0.9306930693069307,True,5
-0.6144907090858136,-0.78681178175248923,0.057692187882664836,0.77837171347480671,-0.61656883624823866,-0.11823851246437492,0.12860265980728799,-0.027750500229145283,0.99130785613124495,-21.791588021560958,7.9955584109221922,-1.2820211855162038,,0.2951232756670906,0.8548387096774194,True,3
0.099627453938145746,-0.99474223841460407,0.023711801612389394,0.9913129731502861,0.097171169481231459,-0.088636071018463131,0.085865940195999038,0.03233640263777763,0.99578180209255918,-16.409815452551836,-5.5495687622036876,-3.0939155725830996,0.2049657347363498,0.1148797793999159,0.4339622641509434,True,5
-0.42268671315125922,-0.90428514353059553,-0.060036003491535608,0.8985265713084043,-0.40950747418707389,-0.15796717772273783,0.11826217983002399,-0.12071457150971368,0.98561759777668245,-0.37239052898552771,9.0079683407816233,-2.38139997208321,,0.4567071044586736,0.4303797468354431,False,3
-0.73945733109750134,-0.66876174569942826,0.077204811865676848,0.65973065924812102,-0.74270632730877539,-0.114641914776191,0.13400862932737229,-0.033838422903039289,0.99040226595118186,18.01322937058551,-15.80073549062493,-6.536804618829577,,0.2346906973604131,0.9272727272727272,True,3
-0.91338010292499339,-0.40663341725429297,0.019648194645410476,0.37875220860235209,-0.86646850863623326,-0.32523697209963992,0.14927676329411899,-0.28962318193438419,0.94542840047601384,-9.1883682958942359,3.9486610454675999,-2.4185190773443064,,0.4610646347739751,0.3125,False,5
0.04058316018171218,-0.99872347002376149,0.030073867948173488,0.99488671330050638,0.037604665636133246,-0.093735355232233641,0.092484781492869969,0.033724168575271121,0.99514282675710697,18.425836020298863,2.7385775858936405,-4.6181159563096514,,0.2239155565433625,0.7931034482758621,True,5
0.58860837850685277,-0.80635077986624315,0.057780589825947484,0.80833109589360563,0.58598977197904201,-0.056717074566591842,0.011875022651581704,0.080089992789680944,0.9967168990701285,6.9642006097352356,-16.696123802964056,-5.8057819497010712,,0.1031954918660341,0.6122448979591837,True,3
0.65409912791091673,-0.75128567380135491,0.087887241434820892,0.75639333873654124,0.6489117797406343,-0.082356658679373307,0.0048423115519967488,0.12034674260106373,0.99272010837100855,7.8217522287623371,-2.2714195934165571,-4.285056414989632,0.2801993994735408,0.2093106639670361,0.99,True,5
-0.93128056163450801,-0.35323441067135386,0.089117712265162768,0.34098001188382188,-0.93129799010107039,-0.12812761267351905,0.12825422806840958,-0.088935396504249337,0.98774558881890651,10.856048582016683,-11.178294638727728,-5.521553948149859,,0.1353209946822651,0.4905660377358491,True,5
-0.994461538752062,0.051822191611575169,0.091436909393609794,-0.074648726653001971,-0.96068972227567606,-0.26740012177067352,0.073985238743734694,-0.27274478541387148,0.95923744009373135,-8.6313898018536879,18.530717125199086,-0.80623616151436339,,0.2185592429276535,0.2352941176470588,False,3
-0.30344450945778206,-0.95224178122015246,-0.034014993438157226,0.94795575124347298,-0.29808053087749292,-0.11192806080789511,0.096443368690387207,-0.066208664164622677,0.99313397355300836,2.3938308645179442,11.163736838225946,-2.3339520704542029,,0.2083463453057405,0.1506849315068493,False,5
-0.90830461942751806,0.3984771578852872,0.12727400744180289,-0.41583669211804158,-0.89316006160825456,-0.17130367724093082,0.045415457885585417,-0.20852112361006436,0.9769628330665604,7.8708783368909065,13.866120003416754,-2.506282681719783,,0.2003411704627604,0.3478260869565217,True,5
-0.43502940442162941,-0.89769474877263034,0.069953951386655236,0.89090174861019045,-0.44039588574659017,-0.11111047718726488,0.13055072428702877,0.013985772896784474,0.99134298128579712,-13.923398436230705,2.1937149854635907,-2.3153557639458979,,0.3507359347012141,0.9912280701754386,True,5
-0.28966893624167811,-0.95497069671706569,0.064209623798424723,0.94996131111662596,-0.2950461907440336,-0.10257315783876014,0.11689916491658309,0.03128440089175346,0.99265093134628568,6.9239408624759164,-4.2981742552969342,-4.4594456288543922,0.2233038681311336,0.191851524971614,0.7566137566137566,True,5
-0.64520162874607179,-0.76008412247588564,0.077375610003933115,0.75128762563536589,-0.64960035601541588,-0.11656020346508117,0.13885878377183175,-0.017073494800700917,0.99016500339322222,-9.38471906701227,-17.466425646293484,-4.7533074740631402,,0.1622937615622688,0.8541666666666666,True,5
-0.72257672310440746,-0.68556792863440319,0.088766516523019798,0.67704909044623696,-0.7277621031389131,-0.10939310015147598,0.13959730783085114,-0.018945618563694359,0.99002709820672041,-18.450803469613341,2.0909514835581122,-2.0489568720154043,,0.2780500227822021,1.0,True,5
-0.34558336235932685,-0.93526629340439493,0.076479409529801007,0.93004660278260998,-0.3522147334642684,-0.10468093514686126,0.12484172504795421,0.034953425473040381,0.99156079074091696,-2.3708476391977356,-11.323439450446561,-4.521750851492687,0.2884250090438052,0.2520150464071195,0.9724409448818898,True,5
0.78197962383865338,-0.61777879421653037,0.082808389173603392,0.62302819369549589,0.77865665983625965,-0.074361790949158735,-0.018540166171986089,0.10974136644405555,0.99378724822232756,14.918459062576446,-12.325160740233148,-5.957972909610187,,0.2117850639124133,0.8363636363636363,True,5
-0.18081585726608204,-0.98101745580430322,0.070074083428789041,0.97692456016556928,-0.18738297398942855,-0.10249890147795589,0.11368390170311,0.049923666393106796,0.99226185960533064,-8.1899269302201372,3.8237661053169316,-2.4861761040214154,,0.2529222175138518,0.8571428571428571,False,5
-0.86047038719139568,0.49695089904678724,0.11238557159741477,-0.50795815053781745,-0.85388551716079597,-0.11339330176530946,0.039613508666715994,-0.15465874537066501,0.98717346115638782,-0.78223044359223581,-14.190883699414725,-4.9396720854948342,0.2962888608919696,0.1743122806942289,0.7142857142857143,True,5
-0.60880067556875139,0.78066562817295859,0.14114855442530147,-0.79321488936806972,-0.59606510352012743,-0.12456537099186653,-0.013110175888729481,-0.18779661699524891,0.98212043759067902,17.061418994308198,-0.10700538012717853,-4.8255767469824757,,0.1207715449815935,0.1935483870967742,True,3
-0.087538418558567782,-0.994185984938463,0.062699701978581115,0.9913266255084362,-0.093134340937665955,-0.09272279167585272,0.098023195389264836,0.054039077435171716,0.9937158704960054,-5.4343876939503595,15.984856928487511,-1.2855800180832497,0.2631089062695235,0.2399807029494456,0.9811320754716981,True,5
0.77864998768047033,0.59959311960856554,0.18491156698074229,-0.6119822380144504,0.79076661197977038,0.012880439932779944,-0.1384988701760056,-0.12319194899061164,0.98267075191229059,2.7372987849121042,12.865863810778382,-2.1508580314519001,,0.2240942911814471,0.1886792452830189,False,7
-0.74980338798230983,-0.66163689438389062,-0.0056124290899315227,0.64687816096873296,-0.73124224677474048,-0.21641030796507599,0.1390809988170888,-0.16589573991477147,0.97628637153561204,-9.9685767262104754,19.133855234326937,-0.63919909566358546,,0.2020231559474396,0.375,False,5
0.60189081816740864,0.75157622904241461,0.26992705485769813,-0.77926557533459229,0.62665243954539351,-0.0072029931454896945,-0.17456404585198532,-0.20600944626446319,0.96285383207712039,-1.5539455798986053,5.1009883357769494,-2.8105643497596411,,0.3036950955236269,0.4622222222222222,False,5
-0.55370967310910735,-0.82804714368247812,0.087997305326328573,0.82109193484599896,-0.56051806900087298,-0.10783101990794265,0.13861324769393427,0.012546798907380648,0.99026710810817009,-7.907660264896081,-18.799892300134321,-4.9667357775040131,,0.2082357339351337,1.0,True,5
0.13750063725132997,0.98395242690552176,0.11371541822554455,-0.98419528659194733,0.14865631517181038,-0.096233766473794335,-0.11159396312378005,-0.09868597441517063,0.98884167885868146,6.7504972841188264,-8.9247777599294782,-4.9614992820252199,0.1276998434229798,0.1258047696322921,0.6984126984126984,True,5
-0.85072928670978953,0.47342399238685179,0.22831864612148536,-0.5242039666315379,-0.79591647098583085,-0.30286494115566465,0.03833904148535161,-0.37734161531158561,0.92528018635007492,-15.708698066318426,14.014446571951824,-0.87725643127924757,,0.2896164875393128,0.2727272727272727,False,1
0.23719884764979446,-0.97128291381515386,0.018606665589361415,0.97028301990715859,0.23592475046116226,-0.053762193032682731,0.047828526565792465,0.030806061912926341,0.99838039774224474,20.458130102346963,-14.446577509812041,-6.627612011130263,,0.1770347188767759,0.8620689655172413,False,2
-0.33866380834383614,-0.94030699660648576,-0.033609181051318299,0.93260157565924362,-0.33072433020283892,-0.14448431918301891,0.12474424233585416,-0.080275584985563878,0.98893614781707739,-25.371059554830612,-14.456417031374299,-3.6502982391596865,,0.1954047461216834,0.2857142857142857,False,1
0.14624128999277694,-0.98919417657636743,-0.010409905314233067,0.98652077297759888,0.14661088721261267,-0.072677453411717358,0.073418319137190075,0.00035885670309865336,0.99730116897401544,5.4070345648749338,-21.761281628569712,-6.2617474509797519,,0.1974537534120502,0.2380952380952381,False,4
0.97495361353877152,-0.20309692801302359,0.0906481620297033,0.20661717778624192,0.97792408366200956,-0.031206224338528168,-0.082309132490502673,0.049154088593836909,0.99539393321597547,-1.4605817559926721,18.238655558705172,-1.1941935378120325,0.2852502973746461,0.240487138857887,0.9333333333333333,True,4
0.37537383127706281,-0.92358237223770612,0.0780390189850525,0.92554102352129586,0.36899018912544446,-0.084970901538820184,0.049681994439941493,0.10412416636371638,0.99332263510277963,12.565941053169562,-6.7275019664010376,-5.1594448604542267,,0.2115234307984317,0.9830508474576272,True,3
-0.52360784479157607,-0.84689291666505762,0.092775064404567342,0.84117395712036147,-0.53117740121582924,-0.10137525487055346,0.13513400288303595,0.024959089329319055,0.99051292022096216,8.8709014834221271,-10.967629101585089,-5.3624718447834239,,0.1699345445431225,0.9206349206349206,True,3
-0.3946111646684542,-0.91823187652234284,-0.033648917623958038,0.90983427415467277,-0.38536098568035271,-0.15394318526296508,0.12838855981919362,-0.091362638171874538,0.98750658025849591,12.737241111781154,16.7901663282145,-2.6185658943439298,,0.2065912065417781,0.2,False,1
-0.71720324750255626,-0.69247526831482886,0.078086519605443883,0.68261557812019014,-0.72065791017553782,-0.12119467401278013,0.1401979824370686,-0.033618139058115983,0.98955259913096272,0.48754669202300621,-17.386958480048538,-5.412444850340683,,0.1697199628898769,0.7384615384615385,False,1
0.36704307416973914,-0.92516438502200371,0.096696651394378177,0.92881231981800261,0.35882435724667194,-0.092481107264210868,0.050863112943754368,0.12375759101312236,0.99100807383608158,10.905559024703241,23.265783927256443,-1.6957269275136986,,0.2260991677581688,0.868421052631579,False,1
0.68230171570295128,-0.73053884228050303,0.027881331895588224,0.73107008498238113,0.68185424228747948,-0.02472494931081308,-0.00094846858866649841,0.037253083013765925,0.99930541288102037,-2.4410245956526428,-20.723234144421678,-5.5668807226429546,,0.1390810934224788,0.44,False,1
0.17933110624619245,-0.98141813405584921,0.068255406224360229,0.98089399766544461,0.17305408933352043,-0.088877710978903415,0.075414320101824292,0.082889856504167622,0.99370113817601069,21.05712877178194,6.8580281100278144,-4.4196185320737253,,0.1896931702156579,0.9459459459459459,False,1
0.82115123149118763,-0.56551260893508937,0.076851442120072153,0.56962394608472633,0.82042884678961292,-0.049244973371208173,-0.035202486664598499,0.084213992251255754,0.99582568175445996,-14.861507491019065,25.666888791768947,0.42591460948025223,,0.2315919968495997,0.975609756097561,False,2
-0.88497386077574258,-0.45821761736950645,0.082812323212724748,0.44270939588110064,-0.88310172307479329,-0.15536968012106456,0.1443248299575205,-0.10083631208321488,0.98437918589494233,-21.682331834045385,16.07309149056444,-0.25651324804100534,0.3647934729706851,0.3037442970724797,0.9180327868852459,True,3
0.3058641848573998,-0.94910243880260714,0.075177530422740668,0.95022718499338299,0.29939997335934188,-0.086185572179902442,0.059290786139753901,0.097796812889629714,0.99343866749163789,-11.916397077063886,21.743766359251413,-0.23140042259542834,,0.2039274609136338,0.90625,False,1
-0.24736460553520467,-0.96792387533375512,0.04397867082230502,0.96257635631989247,-0.25067757142976899,-0.10299278341705255,0.11071364045288837,0.016856059472994345,0.99370939568704431,15.021399369325835,-3.2558749343761622,-4.9762800087768229,,0.1713765784531207,0.4857142857142857,True,3
-0.9690098860011982,-0.24285944015673833,0.045156762048455985,0.21266780297089644,-0.91318688459022945,-0.34765229668725539,0.12566720499588296,-0.32727512300684736,0.93653550250344264,-12.011921609565409,17.424245635050895,-0.71207439885393997,,0.2020365979212976,0.1666666666666667,False,2
-0.28177694975472933,-0.95894021133735097,0.032177968661765734,0.95269094066328186,-0.28360827001109123,-0.10929922579518998,0.11393736070768282,-0.0001423432221109161,0.99348792522776808,-14.646897886497372,14.486015765458756,-0.8815185795715923,0.1738380870762484,0.1653076607286429,0.4615384615384616,True,3
-0.5782657563611735,0.80611392569659446,0.12565450178193088,-0.81564980162316081,-0.56782820485241303,-0.11084462497651905,-0.018003225603730452,-0.16658772035210639,0.98586226994228254,16.998779847635479,-5.2400067462604278,-5.3449217247562801,,0.1223226024808709,0.4482758620689655,False,1
-0.42889693848428545,-0.90131447393535524,0.060659996978579184,0.89388773448218295,-0.43314028459139658,-0.11556042577974091,0.13043057272402786,0.0046597144460067963,0.99144649515753713,12.836881466008856,19.844999788182918,-2.2967772474326611,0.5588176898087972,0.3452957471706242,1.0,True,1
0.28213840030746062,-0.95716949953134678,-0.064995940172125205,0.95731036926920454,0.28532567282758059,-0.046326205490503702,0.062887041285204559,-0.049150885977770925,0.9968096159477966,-15.482582715878824,-3.7628330480030412,-2.9714036304552032,,0.2229059203479569,0.2127659574468085,False,2
-0.93853091534966593,0.32096838940506622,0.12703941882595821,-0.33897123391668299,-0.92649796088151404,-0.16340144142387331,0.065255065013535937,-0.19642001294449585,0.97834603030061151,-30.402288147088566,1.2658766141724791,-1.7481702430489188,,0.2155256731009697,0.2608695652173913,False,1
0.78057239802803591,0.56846119360566583,0.2599203778105596,-0.60925451029855771,0.78486494651825911,0.11311921767655453,-0.13969850792913713,-0.24665540150443205,0.95898145956585712,-0.550426413009242,-17.405034263868327,-5.3425882886816964,,0.3775253160162625,0.3666666666666666,False,2
0.315604298773564,-0.94523539068262907,0.083210472878745417,0.94711799514541861,0.30844300774887984,-0.088489627881166211,0.05797783945068781,0.10673784320418866,0.99259538733602248,12.086642835398763,-18.398440400961448,-6.4015039617389045,0.1546075689455378,0.246749283466055,0.4054054054054054,True,1
-0.2019058539961075,-0.97914102243204804,0.022735089901447805,0.97270721414807981,-0.20318119130638446,-0.11206283524702219,0.11434466173103736,-0.00051155649033170214,0.99344100813464165,21.016708541921595,0.520578185149706,-5.0889774785931241,,0.1550575622094826,0.6666666666666666,False,1
0.11479186874380022,-0.99261246795658131,-0.039285052213920035,0.98991580187980144,0.11760529850274662,-0.078966441940546334,0.08300320511266987,-0.029824188525828466,0.99610289916243078,20.589661817876987,-5.4435929843552202,-5.6820740763678179,,0.1349960148218152,0.375,False,1
0.6136104050638258,0.75455954524466906,0.23264170622991365,-0.7773681426244029,0.62896039538900972,0.010372649844007625,-0.13849563758506384,-0.1872130169412867,0.97250719517011697,26.844571477814004,9.8045175463652754,-4.672345006022578,,0.484822031742239,0.7297297297297297,False,1
0.41273597716829735,-0.91081248040359419,-0.0083449800468715224,0.90977392186881278,0.41267610293778456,-0.044831296563033154,0.044276678267121887,0.010911443769505882,0.99895971698387054,18.634853529139132,-5.4579821549763796,-5.5323558886928605,,0.1989557417336169,0.3181818181818182,False,1
