axis_00,axis_01,axis_02,axis_10,axis_11,axis_12,axis_20,axis_21,axis_22,location_x,location_y,location_z,dbh,dbh_approximation,score,reconstructed,number_clusters
-0.36274429624048055,-0.9310413587677242,0.039731144067967634,0.92585355842640082,-0.36491176543592624,-0.098155956495813074,0.10588561703163855,0.0011797077547948537,0.99437761660017465,12.50474222066201,0.26172451990761136,-2.4172843167739546,0.2568308535487164,0.2329422526298667,0.9935064935064936,True,5
-0.13530968598567045,-0.98932168590537051,0.054165401095323945,0.98620705732854597,-0.13974021803145881,-0.088703503537870584,0.095325384624620979,0.041415857613701687,0.99458423362945625,-6.9699782006208268,2.8848644895203637,-1.5306065179998154,0.2166974102382532,0.1947426234259135,0.9601990049751243,True,5
-0.69890123687927697,-0.71260843644954674,-0.061043241964613797,0.70604686945842121,-0.67379734138127179,-0.217933386325946,0.11417039553483689,-0.19541330315120134,0.97405275100220168,-6.7055713622138118,-15.061517944973204,-2.82012805088194,,0.6028902134541223,0.4457831325301205,False,2
0.97523082311316178,-0.21991424308015969,0.023718502071289463,0.21802171193060491,0.97380431490433461,0.064588616648354566,-0.037301136401906555,-0.057817661351703083,0.99763006332956228,-23.37668952032374,-6.7619490931115891,-1.53447093637719,,0.2143832099916601,0.3888888888888889,False,3
0.74761895052196781,-0.66168103259460098,0.056957141123618715,0.66410396285827122,0.74410899292820698,-0.072579150996076883,0.0056419266543579448,0.092087011830735352,0.99573498026117113,11.560476750902511,12.751204176919897,-1.7035187024259926,0.2463622410062807,0.2236955238539408,0.9710144927536232,True,5
0.9970845906396858,0.026325642469138009,0.071618989503329095,-0.021931468008859471,0.99786831638692042,-0.06146408595358821,-0.073084402028526008,0.059714183404956857,0.99553648174258957,-12.787169543918626,-17.851265718758139,-2.7409104767281756,0.2578735814950056,0.2233435905371194,0.8513513513513513,True,4
-0.8535161356292903,0.5136967445025804,0.087326175387999375,-0.52098442612261886,-0.83833923771836516,-0.16050716569511106,-0.0092430491792791572,-0.1824910331749012,0.98316407015951768,5.3000299394351718,-3.6835145759076555,-2.4036563187432929,,0.4243338513612586,0.2131147540983606,False,5
0.44033165144856734,-0.89745557535930454,0.026106071881481285,0.89657488051498258,0.43798753006660007,-0.065729804013915094,0.047555445136451296,0.052348961428692421,0.99749589767337654,9.8339440688699025,-19.69434128473501,-3.6093253229015736,,0.2402509474944178,0.94,False,3
0.70368938409977611,-0.70879329587008744,0.049328637067090619,0.71039471367347029,0.70064138841471302,-0.066640795501639843,0.012672864319719954,0.081937223347646443,0.99655691756166742,0.87961781930934835,0.79719529794876232,-1.8949228303393544,,0.2372567736768493,0.9587786259541985,False,1
0.093994450960282791,-0.99173387523278678,-0.087343940284563604,0.99233442803397132,0.10039784274545319,-0.072060086806424603,0.080233572319604388,-0.079901150728995618,0.99356850794749751,-3.9565496948556098,-25.806800289966798,-3.486304868293602,,0.2030195176358952,0.2692307692307692,False,1
0.99670694594218456,-0.047567993485886001,0.065670007662018914,0.047130778762720434,0.99885513613752441,0.0081918682183558938,-0.065984495177446159,-0.0050698133510135614,0.99780776875546695,-18.495757986335551,-20.455928013410425,-2.6435697602985284,,0.1928039211667203,0.391304347826087,False,1
-0.98543735182088155,-0.17002588556386505,0.0021033008517059304,0.15175821011988083,-0.88500629839239009,-0.4401514483300164,0.076698574285702592,-0.4334224844698582,0.89792108709981733,11.561926510259408,-15.64046058751228,-3.4309876574622074,,0.2522692781840697,0.2916666666666667,False,2
-0.65673593314316159,-0.75312312268295911,0.038774685025786307,0.74598931595720308,-0.65632558907524696,-0.11285681903515339,0.11044389795857674,-0.045191627601778042,0.99285440130888136,12.56274448477439,-20.36404945058111,-3.7272589081128733,0.2214310755538301,0.2245461840396413,0.8529411764705882,True,4
0.70094183019947975,-0.7116618516952431,0.047095217573568285,0.71312853234892981,0.69827538948466916,-0.062122272897045305,0.011324620367379835,0.077129043049498733,0.99695680131678899,-1.1536202684531025,-18.806329125224309,-3.1963107995933,0.2054592337775359,0.1907096127026398,0.8493150684931506,True,5
0.22890363490434751,-0.93857439724410641,-0.25822708371788106,0.96772451085948241,0.24813133103411628,-0.044046721115368351,0.10541535471341204,-0.239810223712631,0.9650796130856486,-8.3320918673404485,4.7642616983362602,-1.3765288579142898,,0.3254643300548977,0.2,False,5
-0.70713883759207219,0.70202111365125586,0.084386138416120249,-0.70701843846470336,-0.70052305424041972,-0.0969142824799714,-0.0089214370964865418,-0.12819440886998829,0.99170892982498093,-4.203893184371891,14.597000897594596,-1.0069225730839453,0.2419256667911431,0.2294146521732696,0.9770114942528736,True,5
0.61616490214490349,-0.78732047294694685,0.021616804651889868,0.78723811643279051,0.6147849558013212,-0.047912484340931052,0.024432793538887117,0.046539563802898372,0.99861759828320795,-4.2477153693237302,-15.835006077488577,-2.9222543173295947,0.5608309864151204,0.280094443541571,0.9391304347826087,True,5
0.39385725524810611,-0.91836962540978107,0.038388717263384754,0.91765747896270489,0.39046915403769061,-0.073746803652121037,0.052737214490741119,0.064273407174275071,0.99653786447779746,8.7501023498118222,-3.4286996293769483,-2.4903737985307957,0.2759903922448118,0.2366862974552436,0.898936170212766,True,5
0.68876665373847312,-0.7237783534166109,0.041777886775708248,0.7247770859686512,0.68605300255871104,-0.063477975195853339,0.0172821397024427,0.074001167596967843,0.99710839673607654,6.4909077049361503,-18.147509529442356,-3.3924088016189318,0.2449465262493727,0.2113214290081569,0.9705882352941176,True,5
0.89152026557050112,-0.45139059154098521,0.037922947477529431,0.45210316967925668,0.89187817710834172,-0.012491643761789011,-0.028184038799881121,0.028281638322093256,0.99920258651123695,-1.2829195933428563,12.819939029410802,-1.1583739169035858,,0.2025263933341681,0.7938144329896907,False,6
0.26090091649546643,-0.96453162383316482,0.040118055755295652,0.96315602742827766,0.25726879165252731,-0.078378796049876159,0.06527770370046182,0.059089046932640617,0.99611611066792205,-8.7725643781798812,3.5266403796167474,-1.4315175767917512,0.1538441844344298,0.1614541360215427,0.7952755905511811,True,5
0.98996211146816426,-0.11298118595089361,0.084913305663022673,0.11621919796313113,0.99263480317671271,-0.034194232658939075,-0.080424597495410893,0.043719551043631726,0.99580142848574127,-7.5097187354073052,-15.060737783975608,-2.798506447813446,,0.2363194871771488,0.8461538461538461,False,6
0.43884346997278845,-0.89834415729746209,-0.019854065370956415,0.89811924232504825,0.43921413904356549,-0.021743197320075257,0.02825306050187474,-0.0082894579877904884,0.99956643073812013,10.89189751852822,-18.746101619677983,-3.5966121149931256,0.3917538458051927,0.2591861462205712,0.8888888888888888,True,4
0.38508636767640897,-0.92196973827423989,0.040991354409443286,0.92133413710102152,0.38149149036407065,-0.074884247957217639,0.053403157604278877,0.066603637185451009,0.99634936556991049,0.31585687826791853,-21.051458200914603,-3.3384982138747321,0.2584372916872534,0.2430769595290783,1.0,True,5
0.86785277747305634,-0.49353662140276616,0.057036479262352793,0.49633512642646682,0.86634927398309458,-0.0555911660625013,-0.021977236121164142,0.076554156015908065,0.99682318506802758,18.70556276009993,13.509674236720791,-1.9574467068324743,0.2347822341307223,0.2337041950722213,0.88,True,4
0.018038869350697415,-0.99949524013478697,0.026150796172455793,0.99604863449302738,0.015689602860124847,-0.087412551082022102,0.086958133128098081,0.027624288407059841,0.99582889181469325,-6.862508340391984,-18.587724692801398,-3.0496419169698941,0.1670849621649237,0.2272883874689835,0.9,True,4
0.65829333283918645,-0.75153423800921271,0.042967162338101238,0.75251127868834744,0.65552998000415841,-0.063302612604667838,0.019407817659510489,0.074004962101609034,0.99706900573532786,-10.970976931159914,-23.752829590806392,-3.1985648449197228,,0.1802894150415366,0.8666666666666667,True,4
0.4845900105872894,-0.87472863893176522,0.0047254493534778022,0.87350824409885697,0.48361305896118711,-0.055693416967670516,0.046431337804788149,0.031116192485340241,0.99843673481842254,-2.2914667326856484,-19.338088386700527,-3.157215238155703,0.2294004274558656,0.161150854928814,0.3461538461538461,True,5
-0.079953239017917649,0.99051569568981801,0.11174138070858441,-0.99326471052069376,-0.069736567797341636,-0.092531216062961927,-0.083861161480076787,-0.11838694059719523,0.98941995021894025,21.468042438952448,2.4959951303163845,-2.6562975534334097,0.240452986692756,0.2057776791537938,0.9814814814814815,True,5
0.25206046538129712,0.95990633940703196,0.12265945278680038,-0.96232629020528138,0.26198951359987183,-0.072729677185070521,-0.10194916856701638,-0.099706139880631012,0.98978030526910343,4.9738201731908571,-3.8023274680545955,-2.3955453465382379,,0.1481784469683749,0.3669724770642202,False,1
0.25129901196059534,-0.96731587566437882,0.033894000579533186,0.96523486262507929,0.24784942887236289,-0.083020001088826817,0.071905956365059351,0.053578515239789765,0.99597132295258706,14.89636651246842,6.6586428426199227,-2.1887839123135797,0.2724901928995449,0.2570895931088295,0.9893617021276596,True,5
0.19974108311813341,-0.97905379076081434,0.039461050564780803,0.97724021366491487,0.19611108752601436,-0.08088266900589422,0.071449734155894687,0.054718517398091138,0.99594217670646357,12.879786395670413,-4.1435577374117241,-2.7390074817564334,0.2877659062331674,0.2426089105417818,0.9714285714285714,True,5
0.79130343120285007,-0.60985630672198277,0.043751170476000162,0.61141779947731578,0.7889543950247303,-0.060985547906690349,0.0026747427752741824,0.075008317689342754,0.99717932089895522,22.615403374976161,-1.6826809737964901,-2.9908862443038067,0.3118251621568963,0.2920886701694407,0.7674418604651163,True,3
0.83930213926616626,0.53411823449190021,0.10143781645172498,-0.53308281415634062,0.84514765705874728,-0.039346550284217796,-0.1067456428824837,-0.021051112829672119,0.9940634881003525,-16.305857323718563,-12.09005493928929,-2.2119548833133273,,0.1934387035055684,0.7719298245614035,False,5
0.21705821097410846,-0.97539649407835238,0.038566985731046055,0.97367975023359132,0.21352408201327383,-0.079719573414816572,0.069523212193993253,0.054855681018906588,0.99607096997462052,4.7420325985392919,14.400516260849827,-1.3774340800067486,0.2875721520295633,0.267220901153409,0.9807692307692307,True,5
0.9056100028135956,-0.42107805878515669,0.050633893921792461,0.42319393254854126,0.9050364897061145,-0.042612765159450713,-0.027882221182321542,0.060018503064954293,0.99780777759635753,-20.361761462563237,-11.448278354548114,-1.9701893291190991,0.1154863759617024,0.2270987848011323,0.7666666666666667,True,4
0.3000376156517649,-0.95289297435906906,0.044411807113982849,0.95190577956770472,0.29604770654493617,-0.078937584679813599,0.062071056214657763,0.065960100565486943,0.99588977759277508,-5.3131487494016207,0.32005316239604792,-1.699196948456098,0.2066408486186879,0.1594567124677393,0.8326693227091634,True,5
0.67560965654629301,0.70336061976274866,0.22098739907144449,-0.72496515326287925,0.68830844415658032,0.025632250335810333,-0.13407877735096579,-0.17752555948288015,0.97493977105991547,-11.291548376238289,9.3888683632186325,-0.9161760948394051,,0.3022689360618163,0.3333333333333333,False,5
0.8412615384515193,0.5097611109983381,0.18006286023475948,-0.52710403025951813,0.84741754389980883,0.063599116149428717,-0.12016807066086936,-0.14841534962582334,0.98159692276875488,-13.995588599855823,-14.917522099859266,-2.4959002775712915,,0.2269978084010641,0.4347826086956522,False,2
0.79334811818130446,-0.6070886368020364,0.045190158707711661,0.60875466620409435,0.79163724102720467,-0.052232508972641589,-0.0040644498920032503,0.068948282681156367,0.99761195590389495,2.1182481610162247,-17.62229950849127,-3.2008122522166995,0.1472565567741555,0.173982538273448,0.8493150684931506,True,5
0.71004811916848831,-0.70204486891021523,0.054448787884859268,0.70407107292961502,0.70665901307488865,-0.070121063196193739,0.010751405909578165,0.088125145542361977,0.99605138722563147,-6.6349117459953284,10.034792897804463,-1.1257492517480678,0.2656859007253846,0.2304955926067646,0.9754098360655737,True,5
0.82162993599395728,-0.56801154313770996,0.047824001723853142,0.56996815818285662,0.81980210079730353,-0.055324625493264751,-0.0077811911818034679,0.072714526682399111,0.99732244067460296,-9.6453698673883732,19.064967758420416,-0.58124951745525721,0.3023170463685362,0.261799962123156,0.9411764705882353,True,5
0.10896751714830372,-0.99319148343289043,0.04119171570729567,0.99090184577878238,0.10523674566781827,-0.083897314578305848,0.07899121621255363,0.049959029190162256,0.99562266103360697,8.729125831896587,6.6737090549760589,-1.9253211457827106,0.2808503113780281,0.2772012485742164,0.9866666666666667,True,5
0.71911313146640998,-0.64667127804477165,-0.25434732612023908,0.69481778862032062,0.67452390698153264,0.24949096081248276,0.010224713655703353,-0.35613727277878393,0.93437770637379247,-12.636764908239661,-14.315975492285089,-2.5297623843524653,,0.1575625526699242,0.3076923076923077,False,1
0.4023545695831634,-0.91527775726925442,0.01942749041207447,0.91408642174568699,0.40047780310237696,-0.063745923810546862,0.050564947500354028,0.043406868931745488,0.99777704414053803,-10.784868651306216,8.5671495472542709,-1.0004090674267059,,0.2612039605355877,0.8877551020408163,True,5
0.40543962475656098,-0.91391439305353517,0.019472874642625974,0.91280971731419547,0.40362484387848457,-0.062172384390881311,0.048960500957788193,0.042982177395489748,0.99787544401709038,4.8570772827626021,-21.853378868208818,-3.5155709499304857,0.176983030265542,0.1497994955639046,0.5,True,5
-0.61135535443129774,0.7174880643014071,0.33384952926910333,-0.78956607871194384,-0.52467553703633329,-0.31827816164964728,-0.053198101052821932,-0.45817732202789646,0.88726743635936434,-4.1125071055293043,-15.307323217776201,-2.8758641963713747,,0.3473301345850876,0.2564102564102564,False,4
0.09956245238527292,-0.99442436591029038,0.034749079972656749,0.99178562998447095,0.096358761883672706,-0.084120468166496543,0.080303064893783208,0.042838878278515832,0.99584951085819318,5.3757028056407616,7.794053917568271,-1.7603841625961365,0.281904023619681,0.2757809484330231,0.9455445544554455,True,5
0.97201578110357245,0.21485229271380646,0.09499375559073929,-0.2165781114985795,0.97623148660064851,0.0081244193144274918,-0.090990345121453015,-0.028470631975926114,0.99544471479312724,-0.24414767462882841,-19.707474189153665,-3.2630048487710188,,0.1446338317141925,0.392156862745098,False,5
0.50088392210347699,-0.86485192368480746,0.033859218492530388,0.8645429420725389,0.49808564913483067,-0.066904315544603438,0.040997535179515626,0.062784044347438756,0.99718472004166914,16.186097182450354,2.2376214038365303,-2.4210927891869516,0.3095838450301981,0.2796059273214084,1.0,True,5
0.92341202605341777,-0.37888287484377431,0.061302506392803831,0.38252597638356273,0.92156221151889017,-0.066309634987798072,-0.03137048822898493,0.084680915503612064,0.99591417050755249,5.1546334909658933,18.900049686719854,-1.2941370022727838,0.3111262246651334,0.2667052939632898,0.9166666666666666,True,2
0.72540105794330023,-0.68572399441305321,0.059798901502856217,0.68822446872354714,0.72105592684538156,-0.080158786239185667,0.011848450739758803,0.099302335558411073,0.99498676391583885,-14.076082867215501,1.5380756996998317,-1.2821798913954763,0.1246910252851336,0.1045115331818505,0.7837837837837838,True,5
-0.36145742109410256,0.88004340975093309,0.30801319726588289,-0.93237053493011457,-0.3391008812527731,-0.12528279182602967,-0.0058067486713503577,-0.3324668243412322,0.94309707473956439,14.010922419302823,-16.821006040435151,-3.5770267364700952,,0.2709099087534702,0.2571428571428571,False,5
0.4974929819550718,-0.83577727737193119,-0.23232966993953735,0.86594335376910814,0.49434796570229428,0.075909135610371006,0.051408569018803044,-0.2389485957999482,0.96967042215212151,-7.7694355289820667,6.7307430821029675,-1.2376971909390577,,0.4069688088383223,0.3010752688172043,False,5
0.91665435150292218,-0.39951738619980048,-0.011430572813169976,0.3959040619348822,0.90369860173380401,0.16306075851604784,-0.054815815365810143,-0.15399576406007884,0.98654981173650558,-13.177336790138064,-14.048559651421698,-2.4880408481288274,,0.4406382354759707,0.2777777777777778,False,2
-0.0030318815857764301,0.98028558316020942,0.19756260562743122,-0.9956764149031494,0.015382614178572248,-0.091607052057396138,-0.092840101786152346,-0.19698616862430546,0.97600059675753026,-17.114443719674746,8.6276274694463684,-0.6963584137633585,,0.2648399220269603,0.3043478260869565,False,4
0.67464327890440268,-0.73732997029670244,0.034654886111204951,0.73789465324263759,0.67245177055860161,-0.057620282787656595,0.019181421872323957,0.064444791681454242,0.99773691015221555,18.372126136072808,5.3326114632348034,-2.3774754068895261,0.274699748222937,0.2534957088848857,0.9516129032258065,True,5
0.66630046411233612,-0.74497902202939403,-0.032402905113807674,0.74567927497493269,0.66581148795783907,0.025641399654233357,0.0024719216301053552,-0.041247051282451257,0.99914592045604578,-0.13094355540503474,5.9600952031721839,-1.5986193176683776,0.4726279109744675,0.3516042105104646,0.9808917197452229,True,7
-0.98121724060722004,0.17207809017710057,0.087188632379202061,-0.1841977328081906,-0.97002936670547246,-0.15847467607571564,0.057305514250169817,-0.17155803277603243,0.98350593258329788,14.792781912399068,-19.039805699426516,-3.7595769659561431,,0.1809314929870073,0.8108108108108109,False,4
0.65498799299725474,-0.7537824162541098,0.052941458003574055,0.75537070545126495,0.65127839849213709,-0.072467544484241461,0.020145132798927285,0.087455797998950868,0.99596468663345705,-5.0253983040016301,5.489244440474689,-1.4351199426607639,0.2188417004121209,0.1959932487614144,0.9516129032258065,True,5
-0.99558395298833191,-0.037675978864427265,0.085983214459190271,0.0050360181162738436,-0.93604525997604426,-0.35184358712063069,0.093740231883969835,-0.34985681627344006,0.93210137701505036,10.492571623043453,-15.823192398262387,-3.4023094954108757,,0.3097820655931073,0.2238805970149254,False,3
0.96772818900660518,-0.24497821726317298,0.059057812934062905,0.2477126803910111,0.96781308944623345,-0.044455054493711454,-0.046266404393446474,0.057649778517316973,0.99726421918236274,14.548473290568436,18.824441694318523,-1.6068632317543232,0.3649995917877438,0.3034518995609308,0.8541666666666666,True,4
0.98501053641816183,-0.15945503205832939,0.065790089652490696,0.16324300856616478,0.98494534579908788,-0.056871662038158244,-0.055731169909420432,0.066758958499908955,0.99621146257234716,9.3115316283405267,16.208827383788972,-1.4846770556035283,0.2101163062458971,0.2325212228594534,0.8125,True,3
0.99230079090826706,0.10283449195735625,0.069023239758070912,-0.099286819615339014,0.99364602203321939,-0.053006700974783189,-0.074035584778529645,0.0457454933455895,0.99620584319962191,-5.7369520452483114,17.356663046618202,-0.77948702251814861,0.2372705949809847,0.2342411942485991,0.8936170212765957,True,5
0.31333339140259531,-0.94912405074539652,0.031396212013509957,0.94758517623429617,0.31030803047494143,-0.076100328539236928,0.062486155371930113,0.053595359121961998,0.99660574846195937,-12.155826311989252,-15.679952772927074,-2.6265542780995164,0.218017293541279,0.1986908336705016,0.6,True,5
-0.25347732829615327,-0.96631094499872849,0.04463632618741404,0.96112940638045763,-0.25680226172166964,-0.10140445042198526,0.10945093983421937,0.017197556521209158,0.99384341614718508,1.5847886588340792,18.994242910775149,-1.1437728674826484,0.5156043701432386,0.213024327735975,0.7435897435897436,True,4
0.74218366991979801,-0.66890036713369949,0.041661720473159497,0.67019528782975202,0.74062680246225432,-0.048064702696823544,0.0012947104609650414,0.063594326185124256,0.99797499237299703,-8.2309101918531145,14.829552901549771,-0.82724955441814751,0.2957113152912521,0.2650234834609553,0.8888888888888888,True,5
0.20487329192559753,-0.97793348968159333,0.040902616233583058,0.97612863133860295,0.20105936268808147,-0.082146380057128557,0.072109842161778723,0.056755814104330657,0.9957805723294465,7.9486939310288358,1.4206805997134704,-2.1618599091286228,0.2913565118513818,0.2743771697348331,0.990521327014218,True,5
-0.91107634158925221,-0.41067066948814668,-0.035909622923422709,0.40064954734488883,-0.86159120340078921,-0.31167376924392609,0.097055860249036868,-0.29834577162168391,0.94951037937812055,-1.9579917057378831,-17.509631017812122,-3.0911013418737543,,0.2523445613339821,0.1578947368421053,False,5
-0.23903761939237028,-0.9701837873259761,-0.040055403194255317,0.96570876537839923,-0.23322541105620836,-0.11407229334501498,0.10132915171142397,-0.065949423405278804,0.99266463448939057,-15.519661362882015,-13.832321523728424,-2.3786852639637841,,0.171999249157047,0.3333333333333333,False,1
0.7432623077288345,-0.66852582485585843,0.025186572025643103,0.6689553640249144,0.74225029868952819,-0.039537514307324662,0.0077371087560556238,0.046235436583877701,0.99890060644290168,-19.746577844108963,3.6766453066112152,-0.88865216433472427,,0.09503313882914878,0.2307692307692308,False,3
0.83932024623164136,-0.5406715842594868,0.05670769118906413,0.54351625166118966,0.83675681897466858,-0.066544046161653797,-0.011472072429501368,0.08667331696508937,0.99617073219425689,-12.374748330343069,21.766356147921393,-0.33443795969533607,,0.356944850913282,0.9152542372881356,False,1
-0.95046411981023837,-0.30385772653645099,0.06548617394113003,0.29339580897412249,-0.94657904668850268,-0.13381706784526903,0.10264919010770981,-0.10797495262506265,0.98884000393180205,-20.037996753222295,4.9022518054083228,-0.79861943260676838,,0.2396761341928004,0.9019607843137255,False,4
0.27685692129140804,-0.96030559448472674,-0.03410880142101691,0.95764132306485361,0.27866677341589263,-0.072580477764837489,0.079204428485025971,-0.01256959010114659,0.99677914500306897,26.48055562490693,11.325518073087503,-2.5408959047307307,,0.2254221407825339,0.3333333333333333,False,3
-0.82210945875776331,-0.56911882751428866,0.015485412160449973,0.55922834911954633,-0.81232557298359009,-0.16550171303617695,0.10676933718087983,-0.12740064224972991,0.98608791950429675,8.2268294622688476,-17.656188102269702,-3.4232214754592953,,0.3677541661491985,0.2105263157894737,False,1
-0.82206469532564552,-0.56705024960723305,0.051610571780678377,0.55905184694123178,-0.82100787961136767,-0.11578900659235124,0.10803087119315131,-0.066333068950719123,0.99193208176408354,-20.042685645636929,20.817434742568743,-0.043481590932343155,,0.2609793294210356,0.8888888888888888,False,3
0.097154497426828412,-0.99483956476105728,0.029244555318432966,0.99200781029663299,0.094417458581389807,-0.083700942799428649,0.080507812914164339,0.037142750316367587,0.99606169897186392,19.850842446815861,-5.5266677495243917,-3.0610926292633818,0.3079886309445813,0.2773561206349358,0.9512195121951219,True,4
-0.11638588490275625,-0.9903937303010194,-0.074663142016904382,0.98690385008311399,-0.10686658538753514,-0.12083179887238742,0.11169206098255496,-0.087748458151939851,0.98986114763911648,-1.9864528541641497,-2.3724095676060313,-2.0386869073413898,,0.1893108480421913,0.3087248322147651,False,4
0.19182216917230022,-0.9810121918084217,0.028624027272065998,0.97881282427916094,0.18910088413312703,-0.07852585973247482,0.071621996905197327,0.043080565726417684,0.99650105590310645,2.2857360203788373,-2.5634209553025125,-2.2159351714784132,,0.2292980339924719,0.9841269841269841,False,4
0.99679365014296362,0.038120422501203899,0.0703509233983243,-0.032795517990666032,0.99661750840625085,-0.075352477980757199,-0.072985430288456082,0.072803676599786538,0.99467218300260263,28.275203474635475,-1.1688754703290507,-3.3251632528075206,,0.2218384642626996,0.9,False,1
0.82784428914297103,-0.55887617420070568,0.048283069953684039,0.56094429348603358,0.82535277631214188,-0.064298477736995666,-0.0039156785905650818,0.08031324015766432,0.99676198308149466,24.769083102780694,0.20260680249045915,-3.0225733083768995,0.3591855644871808,0.29262097885424,1.0,True,3
0.52295738974693262,-0.85163325632881193,0.035161985493699935,0.85152305300500752,0.52017349243671918,-0.065787749370363191,0.037736702427559013,0.064345430925363656,0.99721392228995853,19.54919531916039,-21.43173104279046,-4.1461453898628715,,0.2562763931534757,0.9361702127659575,False,1
0.44897133209376366,-0.89161975421615858,-0.058642619735734439,0.89304406618412335,0.44995145919614371,-0.0039975268091154148,0.029950606192194258,-0.050575668643920504,0.9982710368081118,-13.223762981040318,3.3645233437466224,-1.2373559556882141,,0.2273829823666367,0.28,False,4
0.030969073977712591,-0.99928614021826523,0.021636229446092035,0.99575696510323664,0.028968566403736119,-0.087343509254571086,0.086654387686683126,0.024249373769095733,0.99594326392945309,-15.384685059626703,16.568910584231521,-0.38258917656390495,0.2956967905113673,0.2235605027694456,0.8596491228070176,True,4
0.62558157410679682,-0.77945677459843221,0.033088225559411974,0.77957083292178886,0.62290141415013556,-0.065292761523686516,0.03028218280920094,0.066640564091022356,0.99731741417762265,-16.06668820407279,4.6884656345188631,-0.98498042534413799,0.3635431625857772,0.2755218662224423,0.7121212121212122,True,4
-0.99560605936922952,-0.062378745324019345,0.069838862240698935,0.054500543617208727,-0.99248872788051334,-0.10952541155160636,0.076146341295579761,-0.10523790743796246,0.9915274668638161,13.998791759691953,-19.923572388066646,-3.7726452093937546,,0.09542243219411894,0.2592592592592592,False,2
0.51240263034702516,-0.84874481629188059,-0.13067433271730461,0.85785775547376319,0.51282871444541434,0.032966361852378265,0.039033521324219188,-0.12899204028902905,0.99087710527345751,-14.757957795600953,2.8490507695692755,-1.2006076142305682,,0.1515830051917762,0.3225806451612903,False,1
0.89037444892764839,0.43299055880240434,0.14054364690290125,-0.43149632263505383,0.9011109602086419,-0.042543635767109469,-0.14506641323618433,-0.022764300556802623,0.98916000847736851,-19.346012018936015,13.618498875561281,-0.37291651462002984,0.3185527900262078,0.3073414104704733,0.4117647058823529,True,3
0.98738110310191274,-0.14361001239172252,0.066743700662297595,0.14051306927122947,0.98886514591001728,0.049008168383834066,-0.073038582962895476,-0.039011377125254737,0.99656584220690769,18.010598257719732,16.399122581436053,-1.8538903605533545,,0.238013845475086,0.3461538461538461,False,3
0.10795090541945593,-0.99415563833599763,-0.001081103077942569,0.99244528572022228,0.10782883054562666,-0.058526046807126073,0.058300573503414721,0.0052450040903689668,0.99828529642646047,2.0159238410951441,-25.901148150633784,-3.6998411467643724,0.3119238571531452,0.2334662766839483,0.8837209302325582,True,3
0.24321900287074805,-0.9289115692602935,-0.27922717120104401,0.96761475903647343,0.25241213624677722,0.0031291484663728275,0.067573624568653318,-0.27094540034796033,0.96021997234640843,-16.780747508673322,-11.156915806489971,-2.1155206034826399,,0.4811202212609771,0.24,False,1
0.29509972690088182,-0.95170111393259194,-0.084741612697014343,0.95340822554425131,0.29912197173894822,-0.039227560306087234,0.062680991118430313,-0.069217308257904453,0.99563048245317587,-17.705054389401965,-13.471448384687966,-2.2546729661239957,,0.1606430762432639,0.2857142857142857,False,1
-0.64121233811630318,0.70449437970090056,0.30419468505755998,-0.76704733351034438,-0.57705780564250619,-0.28043301713907887,-0.022025567009618482,-0.41314883264617835,0.91039712020689401,4.1364076411844595,25.089691821419084,-1.042204259817594,,0.2496431299895563,0.2105263157894737,False,1
-0.96438756813685833,0.24664462052764372,0.095514656403359322,-0.26063240579925573,-0.9476581203715766,-0.1844311143519527,0.045026297542316629,-0.20275728854614725,0.97819329095585505,8.6065585982631756,23.019363836825345,-1.3149702764576616,,0.1393117290141841,0.3333333333333333,False,1
-0.9516470490029707,-0.30689683826582925,0.013499066129750922,0.30279744637821027,-0.94452986435468034,-0.1271890003458015,0.05178417316876642,-0.11695155409214061,0.99178663703674741,-21.676264451817755,2.8726259988048568,-0.86376472882950217,,0.1397751537996896,0.25,False,2
0.95519620369056435,-0.29593585767834085,-0.0047096279386569101,0.29300839268568757,0.94326104494024876,0.15621998244136975,-0.041788685919584734,-0.15060069468105636,0.98771105921251057,-6.0241548667345874,-15.664887843042171,-2.8541903328947598,,0.2030630130439466,0.3142857142857143,False,2
0.51162396520445097,-0.85867686395505349,0.030248331140565261,0.858318048710488,0.50917310542292216,-0.063504928720517384,0.039128576338720591,0.058453332003335787,0.9975230135146822,-6.3562916958186131,-21.81255756598862,-3.192591882947696,,0.1816023383697717,0.8181818181818182,False,1
0.80251402543846351,-0.59443775502013052,0.05113701576334545,0.59661554973732844,0.80019746210372789,-0.061105707216087893,-0.0045961708169386731,0.079547325846821643,0.99682049445446363,9.7918778294123303,21.261382886199826,-1.4584182351846628,0.3038743419072658,0.2905311363444664,0.925,True,2
0.14369180414861921,-0.98894188142285433,0.03669632935786335,0.98668113413589686,0.14030936828006166,-0.082302009168372825,0.076243065001452712,0.048033700051900691,0.99593160342390441,-1.3838307000926808,-1.5524078636155725,-1.9998216911230136,,0.2545694551435806,0.948502994011976,False,1
0.01324233279979522,-0.99928975580869595,0.035279236922263396,0.9961854472729591,0.010141366857031269,-0.086670106264191832,0.086250769640593153,0.036292376803797682,0.99561220770053716,-31.843185011202809,-7.1878024726919438,-1.1310799388659494,0.3173289308634407,0.2965835508130872,0.8461538461538461,True,1
0.93857033934488909,0.33239235553323115,0.092741792548399621,-0.33173901643310311,0.94309495120287812,-0.0228284469826276,-0.095052317583621412,-0.0093399678110473831,0.99542846147941322,6.4016822819212882,24.825476985699858,-1.1312595039044382,,0.2714987433242296,0.5714285714285714,False,1
0.62331875382533541,0.7744635056992305,0.10807409249995752,-0.77396627888517877,0.63074086784110062,-0.056054944328629445,-0.11157925559108811,-0.048705605171414826,0.99256124936782908,-31.316567932344896,-15.980386932478549,-1.7926316183380933,,0.3315611004312664,0.7297297297297297,False,1
