axis_00,axis_01,axis_02,axis_10,axis_11,axis_12,axis_20,axis_21,axis_22,location_x,location_y,location_z,dbh,dbh_approximation,score,reconstructed,number_clusters
-0.992786447379159,0.10927812467607076,0.04932911277885775,-0.11364588317744255,-0.98880089772560742,-0.096733644063747709,0.038205799783373406,-0.10164190142020113,0.99408713940911564,-4.21415642612493,-0.69105903494329379,-2.1963027320834301,0.2837315973893002,0.2337897705872982,0.9685658153241651,True,5
-0.97358954456374369,0.22127994507700025,0.056201286665719941,-0.22634141340440064,-0.96773212123561436,-0.11074342466673422,0.029882491433294155,-0.12053931904377994,0.9922586907002634,19.458048326480082,3.2978325274209865,-2.5412655915270608,0.2358480512929448,0.15303164182163,0.85,True,2
-0.89597042441387065,-0.4428309114943364,0.033731030235146051,0.43760614835608014,-0.89324611673684839,-0.10301569713153932,0.075748646830061481,-0.077538111658951248,0.99410763187080431,-9.1481961653150705,-1.4405311356907002,-2.160438484160546,0.2610178056667681,0.2331035869811618,0.9464285714285714,True,5
0.43971206771358723,0.88971465541026207,0.12272379335418723,-0.89395125751229865,0.4467364216525091,-0.035745192142330823,-0.086628209604159026,-0.093991497047931361,0.99179693071891806,20.249619599410497,12.849352187235112,-1.7204375263114444,,0.1191040068655504,0.2,False,2
-0.75457995107903264,0.65355861904132029,0.058908648824842688,-0.65613665911930907,-0.75012660576490997,-0.082430333514844481,-0.0096841101459009121,-0.1008524010642245,0.99485426631756657,4.775189589488706,10.369727063121859,-1.4202672922776105,0.2400112200474603,0.167956321854953,0.9518072289156626,True,5
-0.60441574646801977,-0.79599978776712643,0.032648787055528289,0.79165650180386427,-0.60469822700577158,-0.087292825637307822,0.089227734327256683,-0.026914533820357252,0.99564753768392245,-10.247615107028707,-5.0786415836187224,-2.5723103152899993,0.2563521141396518,0.2300450534169931,0.9776536312849162,True,5
-0.96076514982216343,0.25830638036082149,0.1010353440736927,-0.27262879596004524,-0.94649814275008826,-0.17266964233475474,0.051028095208178068,-0.19344011899170946,0.97978418739225459,15.866170698871809,-0.99662183292689177,-2.8501420810274678,0.3447990770238253,0.2403399750658679,0.9508196721311475,True,6
-0.059853537675529644,-0.987436223242107,-0.14624383425323931,0.99511572630892819,-0.047502923101359659,-0.086534175615656461,0.078499969938713374,-0.15070891588154711,0.98545653247285869,-6.2328037719110236,3.5314763676285201,-1.7703489902097327,,0.5156341765644514,0.3425196850393701,False,4
-0.88235934752771861,-0.46924841539235501,0.035325719840128451,0.46408634703619378,-0.88015948233203722,-0.099715335608933142,0.077883530512302762,-0.071590574189376477,0.99438872950279089,7.3763492273927618,0.99273420076462493,-2.3687896134876638,0.2594355481173813,0.2370257995574457,0.9619047619047619,True,5
-0.99795100263015479,-0.042472025233323663,0.047853144327710352,0.036782255442295866,-0.99279075969321373,-0.11407704919197846,0.052353242822641387,-0.11208315903984549,0.9923187509190794,17.651592675756923,-12.954170401830503,-4.4051411924326036,0.1885201361917217,0.1910608748652788,0.8717948717948718,True,3
-0.91851768207914108,0.35666586667982075,0.17063038197664246,-0.39524660027204489,-0.83950623701644711,-0.37283964781642498,0.010266093772845743,-0.40990088747893427,0.91207229415361024,-9.6709099034404584,-0.40231487015679746,-2.0127068653997089,,0.4869514330931373,0.3939393939393939,False,8
-0.96403486572694885,-0.26318793140250385,0.036998519252745922,0.25675056066286134,-0.95819968980444903,-0.1262240232997062,0.068672609256756167,-0.11218496879140927,0.99131155824752681,-21.462218732901921,-4.3494652572614685,-2.2704348733001751,0.3663341743985078,0.2514285064348658,1.0,True,5
-0.91951769233092173,-0.39048406711489281,0.044826407616815694,0.37151656888648987,-0.90070343429410071,-0.22518606194350188,0.1283068686128179,-0.19040881487007014,0.97328404419601411,8.9464557319394267,-14.034335775616123,-4.2768667160476843,,0.323402356938953,0.1428571428571428,False,3
-0.94566745196032198,0.31973627206933902,0.059006665946081616,-0.32445866338356499,-0.93973163022198403,-0.10784729442912003,0.020967738509944087,-0.12113290008718679,0.99241481974940515,9.6914797362823215,0.032636751768946842,-2.4582679174237212,,0.1543742655632487,0.6257309941520468,False,5
-0.91769747327447104,-0.39538985848442976,0.038706683574224035,0.39034603942807794,-0.91551419221585717,-0.097281721583042324,0.073900724275651281,-0.074166189459954263,0.99450392623283523,5.1697572394868656,12.511943277366894,-1.2093035817185258,0.2512309565715322,0.2433824461044508,1.0,True,5
0.085356113536704387,-0.9963445211951627,0.0034538335647675555,0.99414692271932281,0.084936402046736262,-0.066766036688259561,0.066228618660002972,0.0091325074179572502,0.99776268089092712,-7.129183437201756,17.559882364387271,-0.26294320880445687,,0.2762650238080708,0.7419354838709677,False,5
-0.97677733363139274,-0.21090103359526721,0.037772933860058741,0.20465264093755889,-0.97057071103529291,-0.12692435320981502,0.063429780554807039,-0.11624650063075134,0.99119292472750964,-4.107269199125092,-9.411029531257098,-3.315725887614192,0.310069808643533,0.2685256554330709,0.9576059850374065,True,5
-0.97473008013717888,-0.22137591596709197,0.029899409785146144,0.21533790324820504,-0.96676187675872449,-0.13784433637482352,0.059421025743718547,-0.1279225448295957,0.99000250718060512,15.087677522964528,2.522391960334462,-2.4791107613145953,0.1999468527494277,0.1966346049821709,0.8163265306122449,True,5
-0.56944872360501131,0.77583330334970591,0.27168149844644762,-0.81981402206769094,-0.51176779412347873,-0.25690210999364033,-0.060275371469775602,-0.36902088059007199,0.92746453801895234,-6.6486609845497355,3.5763806445135291,-1.7201531764087805,,0.4946978040175938,0.2718446601941747,False,2
-0.91681057327934756,0.39457511824010588,0.061390950383614216,-0.39886564623144322,-0.91222605750925556,-0.093540452519192713,0.019093689522197248,-0.11024561699645327,0.99372095426910612,13.592882893380393,-13.245825500460796,-4.3002719391452322,0.2240080138348676,0.211183020886566,0.972972972972973,True,5
0.97953174496748596,0.19014439242963382,0.066050515732417117,-0.19114320233098134,0.98152008484928388,0.0090884124087941137,-0.063101797150400901,-0.02152749555847739,0.99777488950733251,11.659382556671089,-6.5197613896953417,-3.3224657438600405,,0.1330294299155283,0.6382978723404256,False,1
-0.85762243551459527,0.49716944287980502,0.13155342324925945,-0.51226969277047418,-0.84844292928550491,-0.13313285700485836,0.045425983433035354,-0.1815685567823252,0.98232852916787761,5.3957612254282834,-3.7363626518013793,-2.879675627493854,,0.3564266156158492,0.3881578947368421,False,2
-0.99516601418519146,0.081281203845389047,0.055117783992133351,-0.087693487459421973,-0.98812675487268531,-0.12615612772267554,0.044209235098148648,-0.13037976149011823,0.99047799638650025,6.0672355848989419,15.971070250639148,-0.90663583566498318,,0.1056810421692674,0.918918918918919,False,3
-0.96229098558400605,-0.26832591135764827,0.044690763674951492,0.26154166912887605,-0.95780794562056149,-0.11916331069335635,0.074779772485908724,-0.10298128276637201,0.99186835871840784,9.6008449223186361,-21.473458657988207,-5.1445966044725129,0.1928696935006829,0.206830122701071,0.25,True,4
-0.98231063119709239,-0.18391409200346412,0.035233941018735969,0.17840537274024137,-0.97632331511584169,-0.12232868567359316,0.056897687251644374,-0.11387884405698269,0.99186403405994095,18.841888225305873,-5.7356359024548036,-3.4035328934370965,0.1770270366721008,0.184170091629145,0.9318181818181818,True,5
-0.4218374365226677,0.89142910372818251,0.16555159369318478,-0.90607548451125908,-0.40785365584381778,-0.11261710253118526,-0.032869340055303564,-0.19750835030752917,0.97974999772550486,-3.3561952964651476,-2.8761765670945469,-2.4830333514186194,,0.1489179349888917,0.1598173515981735,False,5
0.037471506586021122,0.99746844942228352,0.060436566756226426,-0.99642330226734277,0.041879205923040903,-0.073394378598770432,-0.075739612441693124,-0.05747020548389907,0.99547008322139996,-10.028830055392115,-21.848548150249005,-4.5983888336035683,0.3071516912599219,0.2594956738139415,0.7755102040816326,True,1
-0.51036663995736287,-0.85995668500054356,0.00062669091880255406,0.85528063898838391,-0.50766712789017299,-0.1037743505465816,0.089559596862945984,-0.052426969992734683,0.99460066932770919,-14.868831949573183,-11.884310774493379,-3.3743570995064545,0.2391409879885435,0.2282661241272206,0.9857142857142858,True,5
0.91134741005382103,-0.41163204210706594,0.0022271279623406678,0.41129050711960474,0.91078688617716552,0.036157526477932175,-0.016912035403589883,-0.032036071520564549,0.99934362117343678,7.2077266684677133,-2.3766319483195777,-2.7407146009772316,,0.7960574306998347,0.6199186991869918,False,2
-0.91961468558185511,-0.39125914340289891,0.035001610903161298,0.38557181907328042,-0.91609181714254684,-0.11004614896028252,0.07512125131218135,-0.087704419889177085,0.99330998803656201,20.012876873975344,-13.293459832265135,-4.4649139310306802,,0.2437585645304045,0.9056603773584906,True,2
-0.41885667599338522,-0.90793724331537462,0.01445846384136952,0.90396290800028445,-0.41842691115617625,-0.088147495596711367,0.08608220452243967,-0.023851251983518715,0.99600249590218237,9.7985987448231437,-4.8006234837303348,-2.9879914391152851,0.1432116165158157,0.128144061793497,0.6818181818181818,True,5
-0.93592692251268639,-0.35104805080919477,0.028391226444064489,0.34419791476175093,-0.9287806830907448,-0.13745631375514561,0.074622993705663165,-0.11887686377321594,0.99010085348405252,11.302568170810268,-15.280853447453012,-4.3836348651230956,,0.2317529124122911,0.8536585365853658,True,4
-0.60218376614762414,-0.79786581632927378,0.028015190905744253,0.79352480930886571,-0.60202515743798346,-0.088792380433792728,0.087710254814313299,-0.031238581033601727,0.9956560963783706,19.501674127996456,-3.23031928983684,-3.1460130311183434,0.1765474552502277,0.2171070909558361,0.8518518518518519,True,5
-0.2555386519388656,-0.91243339355287456,-0.31963307040238187,0.96370426960847666,-0.2139660685044017,-0.15966402934651092,0.077292160686974379,-0.3488320854771767,0.93399255780652946,7.5017486985365096,-16.586247110823393,-4.5806318294394268,,0.2514985972410336,0.3384615384615385,False,2
-0.98307570772217545,0.17487035453618327,0.054612379465945132,-0.17957342511824895,-0.97882339815928976,-0.098275837351815248,0.036270344330368819,-0.10641952039118252,0.99365957339617372,9.8451560356916286,-13.175890076423071,-4.1866636152890644,0.2140953650453606,0.2269346729881868,0.7792207792207793,True,5
-0.54670771944836427,-0.83693401042641691,0.025536869172293277,0.83291687603693387,-0.54670236031042885,-0.085825444035439749,0.085791299724639933,-0.025651343484508066,0.99598286203578645,19.081874064399287,-4.5822582253638675,-3.2743127115671147,0.1378430909749849,0.1335845843999666,0.7368421052631579,True,4
-0.25779892692399131,-0.96619854924400639,-0.00027697584149990323,0.96139245409671636,-0.25648799720364668,-0.099691807568905111,0.096251038865728625,-0.025966723498361828,0.99501832485036557,4.2399872926561244,21.052643140565955,-0.37696037903230978,,0.2822028574567153,0.8666666666666667,False,3
-0.19879683493356951,-0.97988267839054555,0.017599858254198845,0.97657812424633172,-0.19957077330054898,-0.080415630867009369,0.082310301080200973,0.0012012636653391182,0.99660602612150351,10.849342693112185,0.89801603690505338,-2.4318524708873364,0.07389762019606327,0.1257738164593389,0.8488372093023255,True,5
0.13479663576595033,0.93461880978234069,0.32911631285492854,-0.98960492208736672,0.14378154095914031,-0.0029944381563806188,-0.050119508842755407,-0.32529148295099342,0.94428464244257648,8.3087500991799406,-7.3665257201663703,-3.3475686705378531,,0.3397491323561054,0.2951807228915663,False,5
-0.97879161517168201,0.19716923596324473,0.055599158800112514,-0.20179935520966705,-0.97471338667261254,-0.095973090385629956,0.035270303465839981,-0.10515753054763115,0.99382991475531213,-10.684606150992161,1.6610806405953069,-1.774011163433626,,0.1904174352697758,0.984251968503937,False,5
-0.98773280226155846,0.14684980628863037,0.0530946864527998,-0.1514980636174135,-0.98359603569618381,-0.097914121979036178,0.03784505326596297,-0.10475673226930632,0.99377752992687107,-9.2462148416015904,-17.23092252335184,-4.1051266520389058,0.2409286368835993,0.2393996341783361,0.9726027397260274,True,5
-0.99541056505780978,0.079985945350754151,0.052536230523709045,-0.085568195904751995,-0.98974320644264113,-0.11439610635964699,0.042847296541323715,-0.11836652333741933,0.99204509742859659,-6.2365140228059035,11.67518822293918,-0.8726696998361908,,0.3009767347069651,0.9468085106382979,False,5
-0.67290856764027629,0.73671972512492279,0.066619112934435967,-0.7394717139262823,-0.66758443156751235,-0.086675319622191174,-0.019381535007308139,-0.10758751479860765,0.9940066814464682,8.1124687681020955,12.624951384806607,-1.2971464623203699,0.2893123144228169,0.2587429804763647,0.9626168224299065,True,5
-0.90316974550002926,-0.42884220126092748,0.019462200057912646,0.42343725523428133,-0.89741034281128673,-0.12391758347783491,0.070606668899402703,-0.10367759175931177,0.9921016355565182,11.095731484300646,7.9987343434061176,-1.8028407841825,,0.1343014974813923,0.6,False,5
-0.90291233653989478,-0.42896271451248313,0.027208492831309175,0.42297979946929559,-0.89800353636733832,-0.12115171444379294,0.076402891077391566,-0.097880734722610177,0.99226103420681566,-11.560484288407983,-13.768147459285741,-3.5606660915264872,0.2642996566026577,0.2587668222465435,0.9913793103448276,True,5
-0.92420792167357113,-0.37988844994130955,0.039044629810108485,0.37463733403871552,-0.92173609260494316,-0.10024691283893007,0.07407148884815852,-0.078021414948471507,0.99419619459604447,11.821603978197594,-8.2824107681112693,-3.5389571444637089,0.2508247748592014,0.2635685748668092,0.9935483870967742,True,5
-0.92682966050381499,-0.37356895802084744,0.037855171556903149,0.36830240759049848,-0.92409667786034977,-0.101973852190196,0.073076103983631208,-0.080570239981546693,0.99406655685416256,5.6641164968286848,3.7589581372460921,-2.0702894196569135,0.1538045942328198,0.1320213466636637,0.815068493150685,True,5
-0.992726878734426,0.10934837244865145,0.050361470203273473,-0.11418011222592825,-0.98779377646168998,-0.10595450512190316,0.038160794151571961,-0.11093416347719018,0.99309484197801423,-7.1726338422615417,7.7508320355256313,-1.2096834236283907,,0.2238627874248278,0.8301886792452831,False,5
-0.91690390881346262,0.39485271233306324,0.058125360780117444,-0.39877420922705231,-0.91232448943377031,-0.092968575522869037,0.016320295889928262,-0.10842214507486653,0.99397096858984346,7.6435457389782222,-2.0842865780186148,-2.7055009784909307,0.1694200263648175,0.1807700639060744,0.9251968503937008,True,5
-0.13002242375168779,-0.99136414932643191,0.01706730066578966,0.98804962583772826,-0.13098639283422997,-0.081243472194395608,0.082777449849951654,0.0062998668681753453,0.9965481450857161,-22.992266187123573,-12.253482663451871,-3.2885530656661208,0.1799194548286079,0.2091814581056584,0.8627450980392157,True,3
0.81603109801467921,0.57522456760585172,0.056656366770350582,-0.57197834536211534,0.8177510498215772,-0.064218322560802094,-0.083270760232941055,0.019997933352417899,0.99632628347939245,5.4773634383374867,9.2719215514137954,-1.5400281998360603,,0.2000589770119717,0.912621359223301,False,5
0.060022124487342766,-0.99770220077235816,0.031427108457832142,0.99551677312407583,0.057525635498869805,-0.075080994193469336,0.073100608757072236,0.035792734380675269,0.99668208630681265,-12.239694813251282,-8.4912342285269506,-3.027097304754188,0.2169237683310487,0.23251208772066,0.9921259842519685,True,5
-0.43428666089994017,0.83801194184337791,0.33034993793290396,-0.90007517041567464,-0.38926260799707307,-0.1958042635299681,-0.035493432710527614,-0.3823749564801675,0.92332529960529897,7.3428000716212551,-13.790427202948399,-4.2806253748080811,,0.5798670113770028,0.2525773195876289,False,5
0.72744235619602782,-0.6759027747503894,-0.11824997884437458,0.68574791408490843,0.71008420984159681,0.15978176761392765,-0.024029497293282381,-0.19732170184335615,0.98004424861404726,-7.9675831803328885,0.26412659041004077,-2.0641311471427914,,0.4415534874662034,0.2857142857142857,False,3
-0.54293557968199091,-0.8397317206178917,-0.0084613062522983853,0.83595712046003579,-0.53948061342968656,-0.10067949386887833,0.079979053930045327,-0.061735768575790717,0.99488293070632705,6.779996867160281,6.0158578967749019,-1.8656054288533379,0.2563290867210969,0.1697608842940313,0.4090909090909091,True,5
0.9681044389283685,0.23847749513322253,0.076826295252172896,-0.24161777308522778,0.96976047144723265,0.03443079650222311,-0.066292134197999578,-0.051895205302859675,0.99644981841036506,11.695774565256478,-6.2383841685881434,-3.29384235600484,0.137889523984968,0.1418895180165217,0.5106382978723404,True,5
-0.96242799469741613,0.26421673855559713,0.062624836045730548,-0.2700803748975999,-0.95531526990797178,-0.12012213025014179,0.02808818466692644,-0.13252264013255732,0.99078191532466608,8.2839027006512129,2.8647453309623159,-2.1764325627671441,0.2128201432384611,0.2094877694797212,0.8539325842696629,True,5
-0.10881472546411139,0.98411303521214522,0.14028859343407066,-0.99172775433290328,-0.097806850364003523,-0.083125695832820881,-0.068083895364376201,-0.14817339149595413,0.98661503599154599,25.15905660315568,3.7107875143883273,-2.6674434545610977,,0.1689524524506779,0.5,False,1
-0.94797701023417869,0.31127133207126245,0.066706415718811043,-0.31708576273214978,-0.94185618995988751,-0.11119144079836489,0.028217142662569739,-0.12655858431899161,0.99155772277519671,-15.833050717226982,-15.414825041428136,-3.7345858349074819,0.26454018491414,0.2481257176551268,0.971830985915493,True,5
-0.85777031945619009,0.51068539502401167,0.058570524747490221,-0.51401955971445201,-0.85298991329329776,-0.09051022069829967,0.0037378190148830009,-0.10774337626538003,0.99417171232134238,6.7238873020409491,1.9513051217690893,-2.2615243265861875,0.2502217158818093,0.2103589532682454,0.9530201342281879,True,5
-0.54222865193079062,0.80540111206573595,0.23940997829788596,-0.83954009055850876,-0.50777203079127753,-0.19323561030802011,-0.034066484560767295,-0.30577215934315904,0.95149506630370551,-12.961871732690652,1.6469041971464125,-1.6827933631277006,,0.1883942704013933,0.1666666666666667,False,2
-0.93465393593080703,-0.3539740397760367,0.033532062472851662,0.34840046079704484,-0.93058369490981729,-0.11238819192601297,0.070986892913108501,-0.093361479918778162,0.99309843172865675,-8.2024825203432474,-7.0542151616728495,-2.9042800455088829,0.2986153954043039,0.2618185195374751,0.8471074380165289,True,5
-0.9898978771171475,-0.13370226834534454,0.047179405658355586,0.12884480834475054,-0.98717928857405635,-0.094212884326008259,0.059171008454907102,-0.087182312711528806,0.99443352523368778,6.2346500626779005,11.987353089855961,-1.2804449350652616,0.206194100225603,0.1804447163061733,0.9117647058823529,True,5
-0.99211622689975065,0.11106808968758701,0.058045428548276573,-0.1165376799380969,-0.98800033976767487,-0.10136221077702029,0.046090796010143348,-0.10732757368034331,0.9931547867533248,9.8425745401150575,10.480920582205231,-1.5780757620311159,,0.1781523868083317,0.8181818181818182,True,5
-0.89390611584678215,-0.4463448561024112,0.041329474744279726,0.44156595538132543,-0.8926854346119063,-0.090178832770943781,0.077145078261009414,-0.062361721133004588,0.9950676623413266,7.8640593922336608,8.4222578605668303,-1.6728546181294621,0.1625563407420532,0.1369990113056275,0.8648648648648649,True,5
-0.99862314923691586,-0.018171413173568077,0.049209811536112487,0.011877653899849946,-0.9920487265902258,-0.12529263908365085,0.051095275182541186,-0.12453563270801693,0.99089865730055005,13.714647526643395,-5.9757857247274782,-3.3384896140497906,0.1916208396161472,0.1934151529985507,0.6774193548387096,True,5
-0.28158095885134432,-0.95895686673183289,0.033375011014583546,0.95581099369257183,-0.28338014770691067,-0.078237051465580909,0.084483773286803066,0.0098701384729693864,0.99637596941001561,13.549911568111234,-0.36923822460698363,-2.642732234040809,0.2860222914204652,0.2700922367690196,0.9739130434782609,True,5
-0.94608297958975507,-0.32120097543523213,0.041915738214036248,0.3159768733910478,-0.94359974298213223,-0.098884480713973599,0.071313471466405653,-0.080308520242312928,0.99421573632884153,14.75534572801234,-15.44852727110265,-4.5979315800842038,0.3612988484154949,0.2627936048013801,0.9722222222222222,True,5
-0.89736553501595062,0.39847089137576652,0.18962079340551985,-0.44112137276416613,-0.8217975549000387,-0.36063931184907605,0.012125636321217256,-0.40727107371690352,0.9132268291379122,-13.012163858446122,1.3039671837833151,-1.7548328382519303,,0.4452034144248379,0.3404255319148936,False,1
-0.81352451533626624,0.57708298379746192,0.071785045506086734,-0.58151883390974235,-0.80650025260807967,-0.10673887928658558,-0.0037025336117584573,-0.12857905099401312,0.9916923509286194,-15.310417476119039,-21.559044375587959,-4.4204460843328723,0.2475219467044052,0.285045027135597,0.7659574468085106,True,4
-0.83068847783750399,-0.55594120861929608,0.029766177902579523,0.5506247331219627,-0.82829381082600539,-0.10364249235570276,0.082274273393197928,-0.069704630450575109,0.99416910454478047,19.135885976941392,1.4203267870695915,-2.6835988065694223,0.2046181841416405,0.1990797997565663,0.8904109589041096,True,5
-0.94285724024584994,-0.33102840473765827,-0.037952862511573024,0.32051632518482853,-0.86994668206765258,-0.374782677894133,0.09104674516968958,-0.36553107339366558,0.92633553563365012,-8.3595633683172732,1.9050875551378554,-1.8028929337455109,,0.4088355022783567,0.2127659574468085,False,3
-0.63504338402451632,-0.77247642677679096,-0.00026548229870176215,0.76913807157055225,-0.63226697151399747,-0.093086538195641708,0.071739300717399881,-0.059318182766147289,0.99565798642199366,-13.50897760062451,-1.5068723390070724,-1.9904280613470622,0.1617151646432192,0.1920237859270383,0.9230769230769231,True,5
-0.99656941079253825,-0.067632955924788921,0.047698980549818693,0.061998619684958289,-0.99187741248442785,-0.11106470978829809,0.054823176027810575,-0.10772642143909984,0.99266783845058248,-4.9115295055651913,-16.426136124033285,-4.1468567602487871,0.2901402829855586,0.2356239974397784,0.9782608695652174,True,5
-0.95368497862323964,-0.29891838779107083,0.033656485092451185,0.2927916578805671,-0.94810063431778746,-0.1240090008094492,0.068978305458602285,-0.10841118321739744,0.99171014350437259,17.271705423615852,-2.4431561580439789,-3.0516361138311265,0.1452740365822745,0.1634924850910245,0.6756756756756757,True,5
-0.92806897863333837,-0.3707272523236414,0.035345088527771081,0.36442553970798086,-0.92362143148895592,-0.11881699080030406,0.076694177790883888,-0.097389710333565555,0.99228687757831635,-5.2554975036031326,-20.58975977683799,-4.5563805312150416,0.2736593405812439,0.2454756124685125,0.8734177215189873,True,5
-0.52493044757273588,-0.85090423475296695,0.020248666389536141,0.84646845699603523,-0.52438888051045518,-0.092235856952394252,0.089102056776699676,-0.031277552277296991,0.99553128439125516,21.17004357861984,-10.923784068117788,-4.2289175957250631,0.2390569963996373,0.2030850670630905,0.9714285714285714,True,3
-0.86099398902548729,-0.50856458320841269,0.0071704649802735651,0.50301890248716308,-0.85352154170566152,-0.13591527355305252,0.075241840770875063,-0.1134153541212331,0.99069451540167808,-29.226171826913706,-8.9384739102263904,-2.762974709280583,0.2858868820584776,0.2519572945935715,0.7419354838709677,True,4
-0.7031955062137093,0.70748782809126343,0.070548232745772835,-0.71088455729149846,-0.69785408761664558,-0.087423215459103976,-0.012618488234147983,-0.1116272614527711,0.99367002986667485,11.166373312957537,13.216208546741893,-1.3182951486796231,0.1357411266339757,0.1393820037767578,0.5454545454545454,True,3
-0.60546271596311318,-0.7957297257896524,-0.01513615120486906,0.79263731388890046,-0.6011782217724686,-0.10154227837448984,0.071700684861166902,-0.073477541883344655,0.99471607136369422,21.17591098801028,4.7477369260697886,-2.4699756395204613,0.3339172586606773,0.262535724484915,0.8222222222222222,True,4
-0.46304744069531967,-0.85331391324293837,-0.23967151088842362,0.88247657419369852,-0.41865811271495718,-0.21438395615648498,0.082596390144302825,-0.31077443608504129,0.94688810648943955,10.80796958887527,-1.3508725894645179,-2.63141475620756,,0.4736306404910029,0.375,False,4
-0.5502717934736423,0.82818918154707544,0.10631854436403472,-0.83364358231067448,-0.53769937612246621,-0.12616559986675133,-0.047321569918250365,-0.15805714310304536,0.98629539618441708,6.8130439715571853,19.720425063923784,-0.61329170386331577,,0.2690380701375047,0.3548387096774194,False,4
-0.93298831006865091,-0.35930203043054149,0.020853397894173037,0.35247996430811868,-0.92391082988747808,-0.14881751636812943,0.072737115949078446,-0.13149459815947373,0.98864477069283485,-5.5652673538474291,-27.095246261011944,-5.2766672821045644,,0.2117613039498707,0.8571428571428571,False,1
-0.99293957897202512,-0.1047874679208517,0.05559297687294356,0.096430723958410014,-0.9859841335780235,-0.13614846238299083,0.069080445769523227,-0.12982632590939427,0.989127401861435,18.936333960414579,-11.350606988115036,-4.2150634137364795,0.367789423303353,0.2610879926665501,0.4705882352941176,True,4
0.17093293460937387,-0.97581432168007365,-0.13626570173704006,0.98326836626652048,0.17778315405822268,-0.039704786017309042,0.062970245079700823,-0.1271988983331642,0.98987635010511965,-6.1011566647970872,0.59109262977427623,-2.11173924414165,,0.3120915702566221,0.3279352226720648,False,3
-0.92834549204882189,-0.37169638821562245,-0.0040549204793114413,0.36440184332359343,-0.90786470273321718,-0.20734748157017818,0.073388990829683642,-0.19396772030054268,0.97825895319511991,10.891708641135882,-17.951564890208907,-4.7802767118859544,,0.1376904794912413,0.3333333333333333,False,1
0.93798863391313658,-0.34070880994569935,-0.063990854621226459,0.34611364144091522,0.90998494840036992,0.22832595317503238,-0.01956194924539045,-0.23631525661743211,0.97147950551288476,-11.029969670396113,-1.3052758447448576,-2.0629580563822665,,0.3637967893315323,0.3170731707317073,False,3
0.85992009192743002,0.50108651793020997,0.097209757988075712,-0.50406881202702358,0.86363313284283016,0.0072418642451814591,-0.080324767296193783,-0.055227831793926166,0.9952375688016184,-9.7980205933038,23.266038907220246,0.33597092080901864,,0.2528980262316256,0.3448275862068966,False,1
0.26592347397518556,-0.96390208974271863,0.01332168827843961,0.96239004368322001,0.26465873476218865,-0.06132828004669625,0.055588756132669115,0.02912928944716231,0.99802874441968059,10.802353541913947,-13.922094531383149,-4.2296905243848411,0.2954162958508298,0.1397601976054781,0.6388888888888888,True,3
-0.084658696022945915,-0.99538692798897144,-0.045141652344299628,0.99336256315405835,-0.080772562862772831,-0.081893902169694138,0.077869912750011774,-0.051775058447659825,0.99561820996356187,18.63093507283282,10.111441407764501,-1.8990675221855498,,0.2433594001080844,0.5263157894736842,False,1
0.71564527899140706,0.67083605190256945,0.19450148103570972,-0.69300879663618886,0.71670514525411799,0.0779265202041933,-0.087124293065552499,-0.19055898360887319,0.97780193869913168,-6.7320759572570656,4.3036452150197881,-1.6294740778797452,,0.1925521588306771,0.2045454545454546,False,1
0.080749537270464591,0.98188395525488958,0.17141589962317022,-0.99257014071891614,0.094918197646877756,-0.076125235688961221,-0.091016635753237304,-0.16399522605394093,0.98225329617552304,19.552353705444961,9.2554145887090318,-2.019718632517348,,0.1746505795067607,0.1666666666666667,False,2
-0.98366081959540674,-0.17588699302078301,0.038407781490235687,0.16910600759939207,-0.97588234179910105,-0.13804641668112397,0.061762044871336262,-0.1292958647861997,0.98968077134119414,18.400900906487877,-15.951620555575239,-4.8053491269582684,0.1679015284937078,0.1945943980153006,0.7666666666666667,True,2
-0.84925591321171034,-0.52735535316499837,0.025704578642026191,0.52123130416240493,-0.84516417382675457,-0.11838685248328001,0.084156529372965611,-0.087142703469419561,0.99263479074427841,-7.6783142575535086,11.522223601808165,-0.82845927670848873,,0.1076648553743368,0.5476190476190477,False,3
-0.10302253785472805,-0.99453819387391618,-0.016737312208985354,0.99156437573463341,-0.10135482399978155,-0.080791635866351366,0.078653960281469038,-0.024919481896364774,0.99659047454511551,-11.324478076215486,-0.86305041020645612,-2.012437973665306,,0.09632233609883793,0.2413793103448276,False,1
-0.67281783941566842,0.73426666747842317,0.090380396072181346,-0.73960215941267382,-0.66470914435451545,-0.10559545067662456,-0.017458543929645437,-0.13789203907992822,0.99029338319623106,14.726421282616297,-13.977729557238709,-4.4046347999290214,,0.1711283570025048,0.3870967741935484,False,3
0.99590467997169962,0.071977268400847158,0.054709608333641732,-0.071705420175484091,0.99740185971124007,-0.0069183062969481041,-0.055065425885262496,0.0029669981654083569,0.99847834017266601,-11.55822502969615,-0.023770064453082218,-1.9186924214543777,,0.1172906560671357,0.2666666666666667,False,1
-0.88998300015175824,0.44586443951414734,0.095578036271995237,-0.45587014096744155,-0.87485669772525709,-0.16373201586611907,0.010614801703313942,-0.1892898835701296,0.98186387343806758,9.7642820253018776,-17.016540087423614,-4.6109748179932142,,0.1843235853066415,0.3695652173913043,True,2
-0.028059976962823217,-0.9624627627740685,-0.26995938206729198,0.9974969209569674,-0.0094250578818008482,-0.07007896235886478,0.064904008922533465,-0.27125006646493727,0.96031810930990547,-8.8713202076009807,13.144394031655761,-0.61746650538132331,,0.3594263247308597,0.1333333333333333,False,2
-0.11943359685948886,-0.99227866170481005,0.033446576304863002,0.98964263556279797,-0.12168348249513333,-0.076161564874784565,0.079643391549610199,0.024003908289454031,0.99653436597505596,-19.108895865565469,0.1199191559658549,-1.6777120468325259,,0.2417767523644247,0.9152542372881356,True,2
0.43394194417195392,-0.90080455512049118,0.015669797779140231,0.89942744734537594,0.4321397952312846,-0.06546345804526929,0.052198237997524419,0.042501186473293644,0.99773192446584369,9.2719718938989768,13.188604219131033,-1.3042470555644683,,0.08738177301712788,0.2727272727272727,False,2
0.12040370949931828,0.98288913840800207,0.13939830823356389,-0.98954682960127371,0.13005628054470461,-0.062309196086495204,-0.079372657539432068,-0.13043889561956978,0.98827408938243189,11.095967653502273,16.508188409328685,-1.001699366961085,,0.182799219518887,0.2962962962962963,False,1
-0.79981998677369115,-0.60022307058836299,0.0045004767314735031,0.59433126179354989,-0.79297385203701154,-0.13402544997302174,0.084013927489553553,-0.104521459610271,0.99096767074850567,6.7173968432921809,18.058657777251444,-0.76297247410366109,,0.1528179720381443,0.8518518518518519,False,1
-0.99546878830179064,0.075412011246448155,0.057921671908981794,-0.084577162196808747,-0.98059034352808561,-0.17688776615189256,0.043457969944543907,-0.18098510087639111,0.98252521499911749,-10.212129209281954,13.942542133615516,-0.46816732759130181,,0.1282877463067076,0.3,False,1
-0.95780917433486146,0.27539124833248085,0.082226795522199747,-0.28616832968616507,-0.94033481301009247,-0.18406011660841964,0.026632173110772164,-0.19982517304672237,0.97946956439301647,16.321652788267201,7.9922566168667508,-1.9712811889059023,,0.2603253578862562,0.2702702702702703,False,1
0.13991650319845489,0.9817223211932613,0.12901417055359848,-0.98691387382619822,0.14881573708209914,-0.062087696414664474,-0.080152216326716277,-0.11863878146553852,0.98969715658391599,11.181366031834905,14.059889047635357,-1.2306369701934001,,0.07860560131020106,0.2941176470588235,False,1
0.78136504288755848,0.53854975239690817,0.31532972258661923,-0.61827682458149891,0.73673313480522373,0.27378468961117497,-0.084867178218338862,-0.40888684531701219,0.90863034826488109,12.825788638619635,5.3059138429733457,-2.0756174695937477,,0.4923883357139822,0.3267326732673267,False,1
0.74817087279061689,-0.66260475447094946,0.034572886200318301,0.66340106644691355,0.74610912915112038,-0.056746739416949292,0.011805513323234339,0.065391947133039585,0.99778981910286335,-11.753208249288695,6.6298079367775395,-1.244044380567366,,0.2266909915608684,0.8490566037735849,False,1
-0.94831490337939905,0.31164234789404849,0.059815474817186659,-0.31642840369100594,-0.94287238568123988,-0.10423401391737984,0.023914626613903749,-0.11777398404932894,0.99275242599303948,18.958769817213835,8.590163188736625,-2.0445877096988188,,0.08553383820070959,0.4090909090909091,False,1
