axis_00,axis_01,axis_02,axis_10,axis_11,axis_12,axis_20,axis_21,axis_22,location_x,location_y,location_z,dbh,dbh_approximation,score,reconstructed,number_clusters
-0.94537974433979555,-0.3039356928471974,-0.11781440321759357,0.32568517564937471,-0.89583371701516923,-0.30234271583919958,-0.013649371936450333,-0.32419908400901004,0.94589039987382273,5.8763695389670376,-6.3788464263588853,-2.4581454381735592,,0.5192821226987128,0.4541284403669725,False,5
0.46429821969204416,-0.88503158229854739,-0.033856484237593423,0.88150590064417789,0.4654792716355351,-0.079223701044267666,0.085874969113810137,0.0069387327217630352,0.99628175917654949,-3.6400317788653203,-15.445225290735307,-3.1135741929460305,,0.1849555628107288,0.8507462686567164,True,5
-0.49742915396896092,-0.86683576945673935,-0.034058560921846087,0.86471851879390005,-0.49230533292887046,-0.099485387995818089,0.069470281679349558,-0.078938000735624125,0.99445596785541734,-13.411092177926433,10.681506331300358,-1.7167770576253927,0.2241552061575245,0.2225127273462439,0.782608695652174,True,5
0.99909447584508537,0.039847191603111329,-0.014914075807099837,-0.0403924945524834,0.99845158793330879,-0.038247521975716132,0.013366926335645991,0.038815304646495088,0.99915699337268227,2.8146363931106828,7.4674492499357719,-1.8574698004603352,0.3105300362731953,0.2700141024989973,0.8812949640287769,True,5
0.9997345820298269,0.014761968723957696,-0.017687559838507182,-0.015791367769954549,0.99810056984565521,-0.059547335605665178,0.016774927648187273,0.05981084143508246,0.99806876769550612,-16.845053011433475,10.259838525294883,-1.784898886249827,0.3025614869829621,0.2717160034256301,0.9705882352941176,True,5
0.77215651743087088,-0.62353072162238665,-0.12240813609436117,0.63143329613202626,0.77450377472727205,0.037893211384797634,0.071177982023059777,-0.1065520629845972,0.99175619622407796,-20.338772567578584,10.030564491056168,-1.8354196435612418,,0.2039069988284153,0.3478260869565217,False,1
0.32290767027963146,0.94512775533864668,0.049640332020572879,-0.94121390805399885,0.32618516873411829,-0.087861339527771032,-0.099232130685077122,-0.018351070443621192,0.99489508112829328,-20.229346900434276,5.5357704855872241,-2.0128110301743694,0.298769209403647,0.2832000412108815,0.975,True,5
-0.86704283921671532,-0.48789311526257856,-0.10098031017180008,0.49679745210354503,-0.83122306237160248,-0.24952056461342217,0.037802202931082156,-0.2665117795913553,0.96309006058239732,-5.3195731073112302,-12.972835774855238,-2.9490282903401557,,0.1331000032761796,0.3333333333333333,False,3
-0.085928623264964615,0.98047295477527441,0.17688712971279028,-0.98899063420079669,-0.062474275139236868,-0.1341435440449224,-0.12047322178348553,-0.18646648465627444,0.97504689781211906,7.2197412755873653,-4.81416716191133,-2.4461168006526077,,0.4764595339104167,0.3266129032258064,False,6
0.86607644431342501,-0.49737083145397415,-0.050337348203873811,0.49625804223930237,0.86752868650820369,-0.03349527725167583,0.06032866746606011,0.0040291567522513028,0.99817043523520355,-7.2323534897228088,-6.8278934641504492,-2.5107256167083292,0.2223349767550683,0.210648357854261,0.8282208588957055,True,5
0.91337406423558964,-0.40624425921474355,-0.026709935170774527,0.40409963808226324,0.91262013242259876,-0.061870642462673299,0.049510617886940216,0.045717565027288208,0.99772671757572484,-8.2999962282490287,-17.481795715423818,-3.2425178852826333,,0.1158726920494435,0.1052631578947368,False,2
0.98629918494489566,0.16460055627396653,-0.010980648948756956,-0.16495629850631671,0.98478857439694201,-0.054597466244638237,0.0018268443091830639,0.055660763662927375,0.99844806676578324,1.128121603499401,25.231857582451262,-0.89774356634148844,,0.2284341155116917,0.975,False,1
0.96601021625311656,0.2570924420730516,0.026976625502862044,-0.25840659844213415,0.9632370158622382,0.073487966051432166,-0.0070916835922658046,-0.077961064010987471,0.9969311814373657,11.828458210405316,-0.57807557846207935,-2.1140804342129882,,0.08980436132152154,0.2,False,1
0.98394746924440102,0.17820250952633546,-0.0095521393444175755,-0.17845799355158834,0.98263995077145749,-0.050709680391514085,0.00034972143211437021,0.051600317308952662,0.99866775503594563,2.3509891681356976,14.566934931241242,-1.5019149085045478,0.27989933964499,0.2483465298913313,0.9041095890410958,True,5
-0.96686342666754876,0.25510744864697188,0.0097623674136741497,-0.25211935507779321,-0.94812929420525249,-0.19361475218848723,-0.040136578925521429,-0.18966030453071686,0.98102906374758969,-12.225083312307531,1.8898058809512639,-2.046044680608063,,0.1618771523800294,0.7567567567567568,False,2
0.95298926676624329,0.30143680969485054,-0.030778355858136635,-0.30228709067900539,0.95280037955683961,-0.028177145440352901,0.020832000315920262,0.036156416821006919,0.99912899131468724,-5.8015606261458421,-12.186912457842462,-2.9079726983320087,0.2947238926048615,0.1915879584420823,0.5384615384615384,True,6
0.37337390598762321,0.92767789358338215,0.0023774112487405597,-0.92450107647568358,0.37230485804425784,-0.081773175748215507,-0.076744289187203413,0.028334050775437526,0.99664813030668276,10.993330452820246,7.9566431757303047,-1.7589421997570691,0.2275197790613054,0.2461431521921304,0.9391304347826087,True,5
0.75486892569012454,0.65506142886099705,0.032671538776538014,-0.6551079724803297,0.75545877432490893,-0.010751031960648832,-0.031724586997305002,-0.013287765579515078,0.99940831788901718,-2.8881752485760259,-23.129111983225954,-3.6710212405033054,,0.1830296634233689,0.6153846153846154,True,3
0.98624623951088985,-0.16294090813666201,-0.027723915780969208,0.16188861301950425,0.98612545078219394,-0.036724273910291025,0.033323145488558151,0.031730990769541743,0.99894079514230127,8.838580906067234,-8.9530084518818143,-2.6024786219017968,,0.2192159110657173,0.5957446808510638,True,5
0.90997205126373049,-0.40751607852657562,-0.076691014214193304,0.40443116155011899,0.91303762704985547,-0.05289354552676595,0.091576751886608285,0.017115412162499868,0.99565092335637762,-7.4124195868836908,-1.7592785123688428,-2.1612290449072655,,0.2310970173845259,0.9323671497584541,False,6
0.059094883154373029,-0.99724942847838693,-0.044736698408600888,0.99390924708196871,0.062954529625999275,-0.090449631091141028,0.093017220717054955,-0.039119107851538479,0.99489571918416375,-11.56216693685424,8.8462473808350595,-1.8093320639704158,0.3441125878126967,0.234254298336822,0.9436619718309859,True,5
0.87138083804577982,0.4906071308094973,0.00027979547550638188,-0.4894212750605611,0.8693139541353947,-0.068993221866935114,-0.034091796736601732,0.059982433631509811,0.99761708939397797,-15.489567763698217,-4.2229568941096725,-2.3932697997898011,0.3570968735206468,0.2609517023393829,0.8791208791208791,True,5
0.78435089571205274,0.6203027154181141,0.0042677442068558584,-0.61879776844288581,0.78289218416865181,-0.064568953357965503,-0.043393480683230061,0.048003845810022538,0.99790412195843836,7.2461666784036343,5.8687898195680317,-1.8580307893945878,0.3104507605346233,0.2405805548208153,0.9812206572769953,True,5
0.21721517232706461,-0.974361623581942,-0.058625893610990437,0.97111345811135219,0.22178756942021433,-0.088027981492739479,0.098773581416976342,-0.037811381109888034,0.99439131083926313,-7.4571870297728315,-14.538327728225898,-3.0807704877476083,,0.1555906177297368,0.4838709677419355,True,4
-0.95510675257885513,-0.29267355568768627,-0.045970435927902897,0.29603318508178428,-0.93671478033890654,-0.18689508721464382,0.011638062923380665,-0.19211353438985537,0.98130369682154484,-12.193385774180564,1.5977848422101801,-2.0634401353315286,0.1805756407577985,0.1421261568647859,0.42,True,5
0.19124137090476281,0.98109607237188245,0.029618150363142245,-0.97773519443721879,0.19306809340643943,-0.082210710173414914,-0.086374924678877599,-0.013236619087559652,0.99617476594312981,10.506270959478702,-18.689379579957247,-3.2051453521733757,,0.3144188237395062,0.9746835443037974,True,1
0.99972133333039992,0.01521437434464216,-0.018049335095481494,-0.016577811805204085,0.99681821111180069,-0.077965570296261014,0.016805708549154464,0.078243062370865007,0.99679265213533252,-15.322268727409456,8.2686515176868891,-1.843347390197138,0.2139711622580099,0.2278977983810914,0.9818181818181818,True,5
-0.6159615295218972,0.7198288934082363,0.32005899200572197,-0.78598704168424327,-0.53418856075468735,-0.31123456084324524,-0.053063777226059004,-0.44327073642809944,0.89481578538434003,8.1529251768782665,-1.4492155802494047,-2.2798868683813489,,0.4983055839881238,0.2389937106918239,False,2
0.96865864829296477,0.24829280692622066,-0.0071487842284919207,-0.24829757743054665,0.96706607214686013,-0.055960031670528411,-0.006981126654682604,0.055981194441913795,0.99840741670897459,-4.5067500988640647,-7.2389779856380239,-2.5976053443813427,0.1656475756379605,0.140590020951898,0.7754010695187166,True,5
0.73024124657152367,0.68276394675522478,0.024106323172490167,-0.6812897319240655,0.73038678018002168,-0.048779632154171346,-0.050911913934784225,0.019197508939701742,0.99851861909030393,-18.232120297057733,-7.2422517436683238,-2.535450916632608,0.2007686171978607,0.2110959720196072,0.725,True,5
0.98859079781251247,0.15011201993448656,-0.012434466277636077,-0.15057615323187035,0.98701616517589663,-0.055909853866386437,0.0038802781232361245,0.057144301138929772,0.99835838870068638,-12.657664785495109,3.631556708281714,-1.9922297861902509,0.2877042425491965,0.2492388481540758,0.9900990099009901,True,5
0.99624355070168846,0.083908477196665512,-0.021404558856214954,-0.076666210805988469,0.96956791187896674,0.23250883074694639,0.040262635357664313,-0.22999441669135598,0.97235872417789238,-9.0063586555489525,3.19176287664544,-2.0341047153411176,,0.48301228274559,0.2638297872340425,False,5
0.15179566292094865,0.95555732389695325,0.25272173920199847,-0.9847086832658668,0.16831243873504334,-0.04494142930376515,-0.085480324164059915,-0.2420353769884796,0.96649469241525143,6.4758030210770912,-2.1141858835737892,-2.3197204339611406,,0.2863211486607938,0.218978102189781,False,4
-0.19870943103029484,0.94560102494053599,0.25759127246672153,-0.97677167862576575,-0.16957270267916955,-0.13100452793963449,-0.080197567632821085,-0.27763969481594364,0.95733199570905847,-10.490145458939425,-3.1423527005277117,-2.2549786983208389,,0.3524330235888728,0.1666666666666667,False,5
0.41595064647703378,0.909327836288781,0.010389699018802713,-0.90617758509567969,0.41541457282680289,-0.079201748423169183,-0.076336386903623807,0.023529106091999021,0.99680446287173641,-10.111732293388256,-5.2781748844489984,-2.4095395583531505,0.119891973035255,0.1134842938191848,0.7093023255813954,True,5
-0.88780742842521609,-0.45485322648905918,-0.070046501593566776,0.45784088170233139,-0.85749630753524531,-0.23469514184459006,0.046687226037074057,-0.24043424239469921,0.96954199393788509,-6.4107244768915939,-17.075761572724844,-3.2613952782271709,,0.1844563878154918,0.16,False,4
0.49759324851573439,0.86181524487045824,0.098363828414870097,-0.86284167497859621,0.50340315526454582,-0.045711127636823445,-0.088911208245579784,-0.062126861972669395,0.99410012074727128,-12.852715474580226,17.125563383409123,-1.4106029221266645,,0.2250864149524012,0.6,False,5
0.53595433360038558,-0.7708262124299593,-0.34435432700323332,0.83878639858263726,0.53249557956955429,0.11351579313757927,0.09586620805964749,-0.34967900704756039,0.93195185615057208,-15.144207673055273,-4.4531869519892062,-2.40873567230271,,0.3492481593756151,0.3432835820895522,False,3
0.92767185436321331,0.37335981663830137,-0.0052323935375230184,-0.37294640228717446,0.9257748852798362,-0.062063216208631505,-0.01832789249669858,0.059525701213176081,0.99805850492429027,-6.6764926293780782,-4.7736146643006299,-2.3821054112249316,0.2575278235449482,0.2347083634426809,0.9639344262295082,True,5
0.96197342748321202,0.2731367890368796,-0.0018491324520921331,-0.27298359621166285,0.96115854122494671,-0.040672039900658395,-0.0093317209318611073,0.039630204452614087,0.99917083918591942,9.3771421617768453,13.045258533752602,-1.4824144382561519,0.2803485595154245,0.2734418317939603,0.8928571428571429,True,5
0.98716589121184506,0.1591222434768545,-0.013550456037241703,-0.15798818605866924,0.98545750562108048,0.062555876470324082,0.023307430013107276,-0.059612215576774048,0.99794947139632917,-5.5486891293938045,0.15756221897114564,-2.1342487694872387,,0.5051200671652665,0.3179190751445087,False,5
-0.98609500738919664,-0.14801623779381148,-0.075550180353619087,0.16616634721824247,-0.88456032505704785,-0.435823102172332,-0.002319796164539421,-0.44231688265804897,0.89685583783650491,9.9641961709074973,-0.11875678624901001,-2.1074760187803836,,0.3666579052674818,0.3333333333333333,False,5
0.95941597562688385,-0.28084548806542164,-0.025432214713090293,0.27965683059913854,0.95917366426647155,-0.042165612492625029,0.036235932596835142,0.033342069685737323,0.99878689597827208,-14.004353983713996,-7.570368835528666,-2.6322630989873881,0.1949389541077108,0.1707989324050274,0.75,True,5
0.71536996272623055,0.69863438260881305,0.012482622555985515,-0.69682287473340265,0.71461179929630969,-0.061382876722818405,-0.051804417546668598,0.03521328929955754,0.99803623510339379,-10.064712383039762,0.52212519377820821,-2.0612784833037643,0.1742363495614753,0.1300016480547975,0.723404255319149,True,5
-0.81837334387289951,-0.57207175729198279,-0.054762893889507197,0.57339484694280796,-0.80643125366252477,-0.14452329437057634,0.038515185806699,-0.14967477284149505,0.98798483937615345,-14.342941179452152,-13.18123966698791,-2.9865113366364167,,0.1976580660638595,0.4333333333333333,False,1
0.73569502900453798,0.62322053335098371,0.26523384231226749,-0.67551624926321752,0.70364852819115686,0.22035549858302844,-0.04930133141577548,-0.34128421525780495,0.93866632150967122,10.694616010415878,0.51879897594917357,-2.0377216040218529,,0.4179290102481539,0.375,False,1
0.7148464008073927,-0.69535833575482142,-0.073968967472867589,0.69501375214140193,0.71816633814499609,-0.034539760997115615,0.077139533230679194,-0.026718825791807337,0.99666222801973414,-19.171056782523447,-0.059049550259156425,-2.1054611851039993,,0.2262751491198132,0.7352941176470589,False,3
0.83802715406788253,0.54559256485671226,0.006264360937890478,-0.54447709908540887,0.8369490461851804,-0.055326148078966679,-0.03542848594597283,0.042954013349068128,0.99844868427014544,-9.1459113678903741,-12.330697775755004,-2.9244564638263513,0.1617242928169731,0.1538091941731215,0.7818181818181819,True,5
0.78432455955506375,0.6203499579696321,-0.00095651755472990051,-0.61883882241262089,0.78230454816931749,-0.070979615303005519,-0.043283913336451083,0.056262985707103676,0.99747730765446807,20.820104143171118,5.4637457177233681,-1.8324716384317246,0.3354553208073553,0.3307588265524241,0.9701492537313433,True,5
0.99677790852396497,0.079104676215999981,-0.013275966230484014,-0.079676901095387942,0.99555267188470198,-0.050263992430644465,0.0092408068060598134,0.051159825097374191,0.99864772556972248,1.9822154908358778,18.747217679708708,-1.2318253583137133,0.2756435363806609,0.2636993308906659,0.8636363636363636,True,5
0.23172380509521581,0.96787302668633735,0.097600626869013871,-0.9688938883386442,0.23859416631693242,-0.065707358336435692,-0.086883319988472055,-0.079338691774934217,0.99305420833669689,-17.322713765410729,-14.96535758845811,-3.1474924353255118,,0.1404270999248166,0.1851851851851852,False,2
0.84107817113205297,0.54090167138919021,0.003590533879815081,-0.53974163619108939,0.83967410644766638,-0.060219275345021216,-0.035587585011171624,0.048711157342997038,0.99817871493203991,-13.479964979382487,13.523804077864371,-1.5720682800538128,,0.2235301764673399,0.4230769230769231,False,5
-0.20030455533424132,0.97973136832533891,0.002128622022118074,-0.97535075859692444,-0.19920272496696234,-0.094916658549187169,-0.092568800450033434,-0.021088392188545912,0.99548294656319736,-13.02393016238913,-4.4727186194907667,-2.3707296448560271,0.3098667744687805,0.2639677798783079,0.9925373134328358,True,5
0.93706661259643731,0.34909826693899387,-0.0060467823865179423,-0.34879355374285881,0.93518482368250833,-0.06141988620426285,-0.015786716709516112,0.059663603428790547,0.99809370001088871,9.1827608408980836,0.44673895290225896,-2.0854567109391522,0.2466710105398287,0.2186889992724536,0.9649122807017544,True,5
-0.59992695226816339,0.79658881499932688,0.074390266568960597,-0.78311698063264978,-0.5656507294448615,-0.25839320216154693,-0.16375422616541785,-0.21327332720353065,0.96317134577213237,-6.6497860880930135,-1.2342830986336568,-2.1636855570897109,,0.3486768279663317,0.3116883116883117,False,3
0.56711570212270446,-0.82261496960393887,-0.041041347314431112,0.81916054619184342,0.56852074147413079,-0.07589575796041878,0.085765843833975439,0.009422223581319205,0.99627076727877062,-5.3962929717698032,-16.376461284393535,-3.2109401077275468,0.3079551960820029,0.2395935183299846,0.9894736842105263,True,4
0.41814548849488387,-0.90778039957923828,-0.033001463469602456,0.90400426968024428,0.41941816543107407,-0.082853381984818675,0.089054089469631115,0.0048113040012779775,0.99601517081947299,-5.8648550581062038,-5.6194450458593996,-2.460993871114058,0.2597756898349237,0.2171251238217697,0.9754385964912281,True,5
0.93652386308319113,-0.34888794243757459,-0.034644732607013555,0.34721585524830234,0.93663875478630976,-0.046357231329538062,0.048623078264603048,0.031385452904587177,0.99832397026518749,8.6050768284033374,-13.015840451123923,-2.8383335127486631,,0.2916588879979148,0.9662162162162162,True,5
0.79844490575364413,0.59880668161721984,0.062580272663427375,-0.6013336968311277,0.7982832357992139,0.033788466928043256,-0.029724022800843127,-0.064609856001320298,0.99746781851647937,9.891348521905611,-0.56995476175676818,-2.130763801596951,,0.4414527148926901,0.3877551020408163,False,4
0.73406130362850941,-0.67744682309896942,-0.04711480009855102,0.67505485774866392,0.73549426953947183,-0.057871569051907101,0.073857576084949153,0.01067620474288616,0.99721165110880206,13.296871882099286,15.465923820178663,-1.4259563447544286,0.2948313039259227,0.2557437146101569,0.8870967741935484,True,4
0.98424588565606441,-0.17451188330640841,-0.028383783291885397,0.17274645196011465,0.9833793177774891,-0.055890792646670698,0.037665632933776783,0.050107084851663861,0.99803335622782008,-19.360627433298884,-2.6753095410039931,-2.2240803853782714,0.22540082100192,0.2259994513128603,0.9361702127659575,True,4
0.94610730446040181,0.32385164172811315,0.0010404790621958418,-0.32360217388895784,0.94549524774521998,-0.03633688959647384,-0.012751529359795826,0.034041895382182559,0.99933905550507485,9.9804842356625674,-12.605801778140469,-2.8116296899490325,,0.09530621680554392,0.6486486486486487,True,2
-0.9956134244384357,0.091881783554092017,-0.017653524545886558,-0.085719964696597623,-0.97139479035850107,-0.22145936177271808,-0.037496622919768345,-0.21897465404764221,0.97500979695299972,-10.359265171688318,9.8944984546896269,-1.8045394508303585,,0.2014419077189059,0.3157894736842105,False,5
-0.086859634659895893,-0.99588275869832188,-0.025940986761689853,0.99213298052428711,-0.084117475692320559,-0.092716768920985626,0.090152941287264726,-0.033790253188939204,0.99535454284726255,-2.4903939941636088,-13.602296643352416,-2.9914109150071027,0.1946528951150042,0.1826978806947699,0.9663865546218487,True,5
0.87055142628397897,-0.49134015338800674,-0.026927084201249382,0.48998323084240003,0.8705908087522799,-0.044587859438371756,0.045350277707798856,0.025622204914930578,0.99864250606867533,11.053635387357934,-2.3620437710903692,-2.2046622808260801,0.2416734460986315,0.1853091794973079,0.8639455782312925,True,6
0.72377640357540296,-0.68948697805379933,-0.027484990844004003,0.68590730147113144,0.72322633291815031,-0.080466422577091953,0.075358419675877086,0.039387542040656684,0.99637830672689254,4.4689358778784589,-1.1415898504344326,-2.22174520904065,0.2779438187860118,0.2414378598812968,0.9759206798866855,True,5
0.99388674187193049,-0.10831276871714829,-0.021388979966918686,0.10707193675173135,0.99286504934558384,-0.052484227613882634,0.026921082657147044,0.049873218472624631,0.99839266693408224,-14.170548517717474,1.0418353570308236,-2.092936727323647,0.2183957205293385,0.2065124493905782,1.0,True,5
0.99728696599239819,0.071140602336029118,-0.018913544378143438,-0.07188900889611427,0.99651197404922454,-0.042377540943902003,0.015832809656262409,0.043622245194220075,0.99892263056885622,-12.65637895707232,9.3828587715382419,-1.7511444495900357,0.1101934388195106,0.1262201156565431,0.8333333333333334,True,3
-0.24133910459818805,-0.96743037790815778,-0.076379974418846336,0.96694707815549541,-0.23305163509014773,-0.10344217432149595,0.082272623869030573,-0.098820034822334438,0.99169845017495961,-7.751898836102125,-20.76334780374517,-3.4650254237408711,,0.1540379859713663,0.2105263157894737,False,2
0.98744559940861243,-0.15597387643450353,-0.024966739445939953,0.1543991491886417,0.98642546056932978,-0.055908080546648253,0.033348027503748927,0.051351344778702443,0.99812371400093913,6.5194651649852879,16.084835640501506,-1.3700072858459529,0.2673476324038022,0.2379634878833612,0.9866666666666667,True,5
0.53273944470996604,-0.82620862636898462,-0.18321569191418188,0.84305333434566476,0.53700746806064803,0.029733057288958004,0.073822486403354245,-0.17030057240234817,0.9826229976652584,-9.3633294620503822,9.8004825744435902,-1.847803382030363,0.5003625526447484,0.6617903324923851,0.2537313432835821,True,3
0.98265775961131763,0.18484715291048656,-0.014671657593930441,-0.18542846242477398,0.97952853602853929,-0.078358997113105039,-0.00011313023718383455,0.079720619457418776,0.99681724003694627,-0.094032489721879844,-24.009193660839113,-3.697517129648594,,0.2444161379914831,0.9629629629629629,True,1
0.68846953548548961,0.72511518654774931,0.01475347234441619,-0.72311780279724536,0.6878532324250699,-0.062917198921025513,-0.055770440074281807,0.032648076209882415,0.99790969588120304,9.5859772785579569,4.225358527240008,-1.8880298647746292,0.2745983882757027,0.2357089823993784,0.9642857142857143,True,5
0.42764629800357545,0.9038823901591152,0.010736319857479946,-0.90116394262916499,0.42723114062477013,-0.073328718695453654,-0.07086742770057558,0.021683570755361887,0.99725003406888924,-2.5087357314899394,-15.769608598011828,-3.1357464544209352,,0.2305051771706212,0.9252336448598131,True,5
0.86905786369057647,0.49469910993312971,0.003349655048027202,-0.49357604077187567,0.86750344376572475,-0.061809926634547895,-0.033483152980733726,0.052063093319334661,0.99808231763742361,-5.2357436060757214,-9.6476520492389977,-2.7268669892080148,0.2750828540641494,0.2068580129212931,0.8364485981308412,True,5
-0.67691221401425583,-0.73557749069511558,-0.026750882247035555,0.73393547965265959,-0.67174735137024044,-0.10046993398070178,0.055933587631565237,-0.087642747045852856,0.99458040532926129,-3.3804290609140799,-12.645110408070888,-2.9259718200651723,,0.2085534457874982,0.9515151515151515,True,5
0.054682257976572175,-0.9933532839427992,-0.10128723484545904,0.99413499283632867,0.063640928290358931,-0.087438254011921859,0.093303090414495887,-0.095911863324601027,0.99100728947506045,3.2414728887356881,0.872967227255669,-2.087020043186103,,0.1078122278754111,0.1479591836734694,False,5
0.99868219224639987,-0.050566882367112848,-0.0087675137636195714,0.05027096839877368,0.99824806995227056,-0.031202893660945495,0.010329986746079763,0.030721022838397637,0.9994746170511728,-17.035317067676388,-3.0368073724938305,-2.2594452879084521,0.1681442145725061,0.1519153672807094,0.8780487804878049,True,5
0.18516728229839505,0.97641202588347298,0.11105238978229977,-0.97828800671530669,0.19385867008912847,-0.073289780653704298,-0.093089491798054869,-0.095070351537205333,0.99110845762478128,-22.35962458866485,4.6964100082985833,-2.0002497281175962,,0.223693630749474,0.25,False,4
0.89141279339387236,0.45319215442500199,0.00032084476052495099,-0.45253208194857419,0.89015220805741202,-0.053326928449003462,-0.02445294626469673,0.047391113704378665,0.99857705549488562,-19.306222298226469,7.2833891203232328,-1.9553870970087701,0.1662822658873461,0.2451421667275016,0.9130434782608695,True,5
0.81582615242034551,0.57696976432060909,0.03916095104612162,-0.57739732448716774,0.80891047730237009,0.11079787626806457,0.032249320955276183,-0.11300323345052411,0.99307112057880853,11.337966535044044,0.35528411652399333,-2.0480220149121222,,0.4012917082615822,0.2916666666666667,False,5
-0.6397036511829266,-0.70744759936725565,-0.30049481328758632,0.76633228480767057,-0.55688431460011101,-0.32033527656788252,0.059279574262048523,-0.435198522862697,0.8983808645410023,-8.6008158985578902,-21.423349688328585,-3.5186788595109353,,0.5663519419807884,0.28125,False,1
-0.17710589576214647,-0.97823176903462727,-0.10814854477834243,0.98035157845642551,-0.16564878603673375,-0.10710397892960404,0.086857839624782163,-0.12499234270923087,0.98834843550226492,-13.456536880451456,-18.6000032719137,-3.3769419090518835,,0.2715457544960521,0.3,False,1
0.90371731322012661,-0.42784537668939243,-0.015599725372847959,0.42686625187153454,0.90324927502359886,-0.043885648935520355,0.032866712633668291,0.033001224444797278,0.99891476032031912,-18.228133589377784,-9.1142248611463614,-2.6962982983928123,0.2317253433612226,0.1807462821219126,0.1818181818181818,True,4
0.023863056221053301,0.99315472308737673,0.11434268912801868,-0.99557516668304047,0.034006591452702378,-0.087599310624031118,-0.09088807420023462,-0.11174635451326745,0.98957168018348585,-8.8684259159075971,-13.430247930714328,-2.9926560409007532,,0.1284273307191061,0.3043478260869565,False,1
-0.73873133732771146,0.66989517073767313,0.074272952495209779,-0.66959451869804876,-0.71685419765055292,-0.19432766102722401,-0.076936283894793567,-0.19328869478872029,0.97812079452761524,-16.542438449579645,8.7552009096035928,-1.8426423863774839,,0.197420324629168,0.25,False,2
-0.35851383913498125,-0.83122325823114473,-0.42489495422315576,0.929274022562941,-0.27438851878048853,-0.24730695855786466,0.08898099874910767,-0.48350681043502408,0.87080626210688339,8.8442197508042248,-2.9735064140732614,-2.3169261153703529,,0.5274075067301349,0.3383084577114428,False,2
0.17906631235633227,-0.98257576134896785,-0.049800893451833618,0.97940294611935808,0.18283116505559158,-0.085689172111399661,0.093301258897329389,-0.033431097707246685,0.99507649796096675,-9.1021951083551169,-4.2594636371983263,-2.3044288178920382,,0.1898178037417504,0.6162162162162163,False,4
0.8598167219154963,0.5105571357083406,-0.0068275831584134984,-0.50960320577989815,0.85722050083118895,-0.074010712829807423,-0.031933953299597209,0.067115006757210549,0.99723407407420561,13.468044954609946,1.2494987602849135,-1.9571111039819649,0.1745261454437845,0.2019061903384353,0.92,True,4
-0.87724058894885548,-0.46778508608466601,-0.10782421962355662,0.47906470406242013,-0.83867917274798431,-0.25906418996137709,0.030756437086455517,-0.27891640044199678,0.95982273527054374,14.215817986514084,-23.699973205189099,-3.5529181457283405,,0.2785616859573343,0.1951219512195122,False,2
-0.71401766952105217,0.69310338847780162,0.098926540889262324,-0.69597980971169093,-0.68730845615165292,-0.20789225713361686,-0.076097779766586007,-0.21728962005356101,0.97313634652682401,0.074680841999426706,29.448744776715266,-0.70178689072290468,,0.3017789827869702,0.28125,False,1
0.29600928166551388,0.93118118884075285,0.2127912092098459,-0.95313009258215453,0.30255488554133952,0.0018888751680970622,-0.062622134922087791,-0.20337682951651323,0.97709586706403107,-16.895567315621861,-14.161254513168338,-3.0979726342564331,,0.3162628960107815,0.2941176470588235,False,2
0.98406262413452361,0.17767218816922645,-0.0073037889231642311,-0.17782204126513806,0.98316847029673449,-0.041941395478440238,-0.00027096452656776883,0.042571734349664533,0.99909337602282533,11.729061078002491,21.469558253587355,-1.0392242219282228,0.2944455567578848,0.2867414808831095,0.9777777777777777,True,3
0.94310097903306789,0.33249656808272515,-0.0025642854909560813,-0.3322240053143195,0.94195402620733237,-0.048474970909817165,-0.013702322422873021,0.046568709720222888,0.99882110592198303,12.874003409247821,11.656115533080536,-1.6377579319563351,0.2465149051267014,0.262255253367003,0.5853658536585366,True,2
0.97363563315187418,0.22798092023208888,0.0076389702892285328,-0.22804112809117058,0.97361662130699056,0.0082412750025345066,-0.0055585749842996411,-0.0097659984072819735,0.99993686176640828,-5.8829556994460379,-0.84302949592568055,-2.1686837258795535,,0.09341228646266495,0.2682926829268293,False,2
-0.79615910441929882,0.59770398973213257,0.094237047431204798,-0.60111104603194598,-0.76345104762092331,-0.23623718637186372,-0.069254536231500324,-0.24472931688869154,0.96711497282719916,7.5978268579414525,-5.6863153370501713,-2.4769900220772487,,0.1699571450733524,0.35,False,2
-0.72193967354406163,0.64182670191542202,0.25857608642615282,-0.69162934048801383,-0.65784097404481134,-0.29815114999591891,-0.021259424714895295,-0.39408595201573204,0.91882767659917886,13.609513952458967,-1.6722424779209628,-2.186904924504478,,0.3096300695985778,0.125,False,2
-0.86034779988248511,0.50561480539538961,0.064461863162249694,-0.50602081560267864,-0.83208379096912855,-0.22711120400201068,-0.061193115741611369,-0.22801366926442213,0.97173307508513218,-9.2482156150450265,13.878413582548975,-1.5879824855167339,,0.3096967003554862,0.2105263157894737,False,1
0.70406964791962923,-0.70367084573800964,-0.095568152313857832,0.70541464553889233,0.70851575225698027,-0.019889863321946033,0.081707458273829789,-0.053411325223034732,0.99522415645941309,-21.58904153604615,7.2525221478535569,-1.8595006376514802,,0.236820019734192,0.4615384615384616,False,2
0.99461146347777818,-0.09964954985394231,-0.0286007680403828,0.10278726890654649,0.98382798480752121,0.14668767385266568,0.013520875316577134,-0.14883703680025123,0.98876929685705484,-11.56264364538027,9.6253915625068629,-1.7464539308694993,,0.459021825724094,0.1527777777777778,False,2
0.95579176485030959,0.29402257339142374,-0.0035817007991639578,-0.29385620562457843,0.95467349556506975,-0.047403030298663974,-0.010518206132958771,0.046359930994937598,0.99886942296673031,-19.679115263277847,-10.815886905093835,-2.8596416269754017,0.2822972667416582,0.304515506522809,0.8604651162790697,True,1
0.76074311124759275,-0.64359287962342659,-0.084012641830616491,0.64504538247806498,0.76404748603423989,-0.012161152432505831,0.072016478899353351,-0.044940453744761945,0.99639047686344073,-13.801327429080493,-16.773351602702146,-3.2391162215001588,,0.1270381079637619,0.6086956521739131,False,2
-0.81304551497607469,-0.57937713814066383,-0.05726362176132363,0.58087269572634892,-0.80062030944500318,-0.14694907779156768,0.039292517568795683,-0.15273916296785844,0.98748511186700105,-22.611798250678415,-5.0198394087636853,-2.4413217018450233,,0.3735235416512385,0.4848484848484849,False,1
