axis_00,axis_01,axis_02,axis_10,axis_11,axis_12,axis_20,axis_21,axis_22,location_x,location_y,location_z,dbh,dbh_approximation,score,reconstructed,number_clusters
-0.93389017241510963,-0.35733716250700792,0.012621337406023905,0.35591066724903786,-0.93238957919790788,-0.063065597131020987,0.034303685003526596,-0.054404272760397832,0.99792957281593309,-7.4518163786379672,8.9326965460172989,-1.9341446563791098,0.166844607955562,0.1148659984429192,0.6451612903225806,True,5
-0.33506190843037237,-0.93896917692045923,-0.077912786577771856,0.94170544670388867,-0.33107207168318453,-0.05985093983919379,0.030403440055810943,-0.093424665612037008,0.99516202835922818,22.544893511129224,-10.846407112582801,-5.0368353628636822,0.3829561198928587,0.2796685043284349,0.3421052631578947,True,4
-0.62469990051382684,-0.78079946029263336,0.010111236558801789,0.77984857594317392,-0.62449494723414878,-0.042921550279808346,0.039827539434658388,-0.018927854758289363,0.99902727861496887,12.343957852904422,-5.3328359902935247,-3.9748757237189039,0.2476259339860709,0.2444987740987231,0.9940119760479041,True,5
0.71606594149097436,-0.67214360806331064,-0.18834154500873826,0.69801823810689756,0.69122711855555563,0.18701767254333379,0.0044840502658125732,-0.26538281917452355,0.96413269448774286,1.6290357277126859,7.6677843902679363,-2.4182589708439894,,0.4375080062699782,0.3023255813953488,False,4
-0.73090436847839668,-0.68238796621738218,-0.011201236579151366,0.68106909430488249,-0.72824046176122037,-0.076228069872799079,0.043859923870477963,-0.06334424532276263,0.99702748892022353,-8.7076192050276635,8.9739550206818688,-1.8803192597304179,0.2139784662903317,0.1212315209664354,0.6,True,5
-0.57497338032238854,0.7895359366483663,0.2145661125654113,-0.81802119400208551,-0.54970992472192526,-0.16929360538903232,-0.015714263713200189,-0.27285894415064021,0.96192570321878279,-1.3610308955195538,-0.7559244823271638,-2.9163840744081866,,0.1929684620241498,0.1860986547085202,False,3
-0.40089818665931454,0.877567867190444,0.26297391963479616,-0.91609059418284777,-0.38641303875914718,-0.10706533858648423,0.0076594505671216343,-0.2838302343862199,0.95884395543032597,7.523499775298955,10.623824115113562,-2.5220909818915747,,0.1515688292795596,0.25,False,3
0.4265662401393559,-0.90295000792442204,-0.052177830183510965,0.90355310476876993,0.42800810115978966,-0.020021293772065012,0.040410761389625773,-0.038605032455333671,0.9984370895720136,-2.9287214985161438,15.036006677115928,-1.7736411795393277,,0.145841645364565,0.1818181818181818,False,4
-0.7751903219194487,-0.62178176072402191,-0.11165754266217609,0.63065383350456472,-0.75138681232223103,-0.19414839827882066,0.036819927870887788,-0.22091921668150535,0.97459683593392166,0.74581545442527686,5.6773504749593524,-2.5339938773502144,,0.1080935789315259,0.3076923076923077,False,3
-0.71251551855786244,-0.70164854459002923,0.003309937901907218,0.70055949496163639,-0.71165743639502888,-0.052536532458402715,0.039217723459143122,-0.035114286242916279,0.99861351736712101,-8.4334761801226072,7.4682710104899437,-1.9628761724915058,0.164966463872339,0.1646478672547296,0.8297872340425532,True,5
0.45338397008694759,-0.89131177299148534,-0.0025097798652529875,0.89093305018381908,0.45327019000827312,-0.02800776570916455,0.026101259708167748,0.010462226179846355,0.99960455484406818,-0.95700924199643322,11.46481073984816,-2.03910220520148,0.3217158732466576,0.2367604827916248,0.8333333333333334,True,5
-0.9132280718880107,-0.40684661905300556,-0.022143109105195249,0.40676201395796552,-0.90718756874333573,-0.10749594931165994,0.023646410225781615,-0.10717529418057875,0.99395890438223855,-2.0381630793481968,-15.862637410733019,-4.1852445339351672,,0.2397040237955463,0.9108910891089109,False,8
-0.58173684745945453,-0.81336624900680787,-0.0041934811949155895,0.81239244661712173,-0.58077131663824266,-0.052184197318062529,0.040009411235154772,-0.033764222882792176,0.99862867186243909,-5.7791902908456105,-6.1255322201863969,-3.1595711134869546,0.2645335487028457,0.2649698475566752,0.9446640316205533,True,5
-0.94006485661027828,-0.3409112228359899,0.007589697673017412,0.33964447037805634,-0.93808727910779022,-0.068072685548267037,0.030326541311321148,-0.061414940532526649,0.99765149524845587,9.1072296709660101,-11.439506178414366,-4.4627614825789532,0.2591466533992868,0.2439589830725439,1.0,True,5
0.97865283214133336,-0.20434154557574497,-0.021981057605682513,0.2045760622495458,0.95832730179381487,0.19939262120514234,-0.019679148767629683,-0.19963295165954728,0.97967311676675051,-2.2388531223657337,9.3331694945616572,-2.1293479369569575,,0.4432520676048186,0.296875,False,6
0.99504151262950546,0.093020744568466721,0.035206948517499545,-0.096838682313713328,0.98682415074325935,0.12961622243218193,-0.022686069552249596,-0.13238291653296214,0.99093900198675067,-6.1021523945482894,3.3677217723588329,-2.3384038963441598,,0.1691530693717888,0.1428571428571428,False,5
0.1386680015284702,-0.98643329237755117,-0.087866632126683775,0.9903225728450612,0.13760900184127489,0.018026766925545827,-0.0056909635071814716,-0.089516044938512868,0.99596912132501747,0.27387636949546423,6.8530392474950803,-2.4068739461411264,,0.285600815501689,0.136986301369863,False,5
0.72717712804464618,0.6687165423328294,0.15502132259520357,-0.68515507309645152,0.7209195127350182,0.10410370775385815,-0.042142024855684773,-0.18191548083747497,0.98241071226485188,3.3193068674686002,3.6925818879383097,-2.808325816812443,0.7520868543582647,0.232043627471401,0.1826923076923077,True,5
0.5549815224001784,0.80605622244141895,0.2055939591959155,-0.83092429242570875,0.5488938584215769,0.090996441929948935,-0.039501013293549748,-0.2213343589471484,0.97439764547038987,-0.045760597455924548,6.8024064245987157,-2.3853390731711195,,0.3290771921911284,0.2037037037037037,False,3
-0.88417817415281097,0.46274973259033764,0.063965938900109348,-0.46545415895328529,-0.86101478166729173,-0.20495358416850323,-0.039766597351185221,-0.21098869812858928,0.97667926516186054,4.3780865758194532,-11.156448531789041,-4.1169918369632788,,0.2651054991868559,0.2564102564102564,False,4
-0.99769266422226499,0.064124306368154929,0.022302939041358005,-0.066561370387712135,-0.98857579232204462,-0.13523123458340436,0.013376536516950701,-0.13640372490384919,0.99056301773444289,-4.7715910309880085,-7.580446957632228,-3.3021488583389482,,0.1257701562527678,0.2923076923076923,False,5
-0.95944241031900979,-0.28163148305924129,0.012408425810782896,0.28011701950933371,-0.95738336066400742,-0.070367294284338286,0.0316972658514416,-0.064037555180873396,0.99744397078933711,10.837295835250973,5.8662911313176682,-3.0291948921624798,,0.2094641122620811,0.990909090909091,False,7
-0.55558368065637986,-0.8232882057424884,-0.11628974191056386,0.82933846607550965,-0.53873243284392103,-0.14820618910690753,0.059367351935488047,-0.17878449621649498,0.9820955256169247,-9.5417452362919821,3.9524427268441755,-2.1448626487838021,,0.3754408129406744,0.2238805970149254,False,3
-0.79133845361913946,0.60633331728150319,0.078379590315837591,-0.61117966419949665,-0.78128552707199606,-0.12669784235268156,-0.015584283514514005,-0.14816488633358016,0.98883987407724316,1.3264981787571601,7.9331361752697225,-2.4012904288054333,0.6783578999633856,0.4785377131545743,0.5530546623794212,True,5
-0.96034216810117956,-0.27869304374665599,-0.008550294378046025,0.2765182928144117,-0.94801653278208919,-0.1574874195319424,0.035784827870622191,-0.1536061227264435,0.98748397716379155,1.6302962471183127,-8.2203134351571574,-3.6930144150432129,,0.1800132062740713,0.3295454545454545,False,5
-0.7167853309542237,0.69590954717713505,0.043916870067882974,-0.69722846515437864,-0.71443229810341269,-0.058812913591712562,-0.0095528376576700415,-0.072776325645032142,0.99730253670503366,0.24363099001212618,14.644048624765643,-1.8824810364796982,0.1034248631388045,0.1014162095204224,0.1714285714285714,True,3
0.37902595851329213,0.90417199065951059,0.19700846194998201,-0.92446185644251055,0.37947941919679934,0.036954653143088663,-0.041347294421115691,-0.19613358129824959,0.9797050676255461,-6.35935865372696,2.0287051779460539,-2.4057947540499796,,0.2310696411483485,0.32,False,3
-0.68724572591818811,0.72256561321887114,0.074781326551615818,-0.7263470499810033,-0.68502936738221687,-0.056166972571193102,0.010643081841104716,-0.092917707771748806,0.99561690644111067,-1.4738438985376283,-4.0262453740226984,-3.21394638800564,,0.1776106416716591,0.3360881542699725,False,5
0.55926586526699584,0.77531475696420415,0.29344287277201941,-0.82436263875181615,0.55747916468826419,0.098199902080487345,-0.087452454381228298,-0.29682319412743347,0.95091958632193874,-12.094251324122897,3.6896129401164175,-2.0790796476774127,,0.2544076031483256,0.2421052631578947,False,3
-0.16850484665914875,0.96121563795162868,0.21833601171043868,-0.98560919496814314,-0.1612836735820305,-0.050617106101934456,-0.013439919889127447,-0.22372320843651686,0.97456005179785876,-1.5765203966312653,12.461591937193342,-1.9588215652095062,,0.3634686281439315,0.3053435114503817,False,5
0.89325371996093716,-0.44260018125000178,-0.078758309615001479,0.44952809127367627,0.88123009146594145,0.14614383685524637,0.0047209037050279096,-0.16594759851348612,0.98612327201816585,5.2914489277116203,-8.9101688512570298,-4.0163869973453075,,0.3022785201707763,0.358974358974359,False,4
0.08974846426654623,-0.99477657145194831,-0.04862906591846354,0.99488263173098124,0.091819185606021994,-0.042163802422013633,0.046408644042162987,-0.044596076564566572,0.99792656428878279,2.5429424185642335,6.7034199991474024,-2.536248689572322,0.3580205621791573,0.2383324897951256,0.3782051282051282,True,4
-0.84046234588943469,0.54164035514745246,0.015772470249472891,-0.54043885719840223,-0.83577341507068226,-0.096998145813075004,-0.039355898822335637,-0.090047344973803373,0.99515957961075552,-2.446631100106468,1.714681876251742,-2.6634530275631496,,0.3207556194095674,0.150920245398773,False,5
-0.67280486723292732,0.73888861688825469,0.03711094798904354,-0.73968959815860591,-0.67089770848371788,-0.052493457947221836,-0.013889168572796755,-0.062768436210078368,0.99793146779330399,19.747439358470825,7.7276403913228915,-3.2407683702877792,,0.2725051782783317,0.9885057471264368,True,3
-0.090580225391324251,0.99036388642492812,0.10475970233523875,-0.99539441151859898,-0.086717559951216716,-0.040866004375860264,-0.031387709148607439,-0.10797887414405692,0.99365757404298138,12.651026938744419,11.671346889831442,-2.7205467002179073,,0.2670370737401448,0.9489795918367347,True,5
-0.97905729648520612,-0.20339245126708028,0.0088499133694862654,0.201926765293542,-0.97570205302240842,-0.08503578767756538,0.025930515944845221,-0.08146787400825875,0.99633859397667035,-0.74319936912738926,18.343445840464838,-1.6617790618817634,0.1478667205492834,0.2022647922418606,0.6486486486486487,True,5
0.070295549140111255,-0.99626208748172962,-0.050203474159015819,0.99666688965732753,0.072234541853971851,-0.03791150252803694,0.041396217603505224,-0.047371130551123269,0.99801920280044198,-3.8125436077648049,-9.3403681565939163,-3.4930548462703426,,0.3168420744347887,0.7133333333333334,True,5
-0.020947841861574199,0.98396275938586508,0.17713970775379134,-0.99874181350480618,-0.012520457966629627,-0.048559531396409623,-0.045562900242143343,-0.17793405035029691,0.98298702730375054,3.4933058520810039,5.1705930947078018,-2.7148145312218883,,0.2705722967883072,0.1962264150943396,False,5
0.83568754207666118,0.543909868485835,0.07608144965489462,-0.54895446996422859,0.8314375486903216,0.085793895669341702,-0.0165928274914726,-0.11346214166650651,0.99340375501821421,2.4667660933533959,6.4813522603325442,-2.5623696927479065,,0.3702845976268437,0.1513157894736842,False,2
-0.43249306577843005,-0.89899894687119863,-0.068924898099671048,0.90139648851252163,-0.42934586638102457,-0.056093649540945423,0.020835511773644934,-0.086388775578791169,0.9960436039165792,-6.7534287077459716,1.5753492198116505,-2.4212518828566281,,0.1522492067498774,0.6685393258426966,False,9
-0.68981773282572478,0.72164184700079026,0.058176800672300868,-0.72391311083970511,-0.68640340540018063,-0.069283280879413295,-0.010064960683339525,-0.089907784492351567,0.99589923529146218,-11.179903658628813,4.5378034395119737,-2.0560744232864905,,0.09494720770694573,0.3269230769230769,False,5
-0.99818542168203528,-0.058833054587083239,0.012827144242206035,0.057299962212988893,-0.99353716150083971,-0.097982769134395187,0.018508870085640672,-0.097069976845610847,0.99510544231420284,7.4321860827464254,11.86893916022254,-2.4392384561595013,,0.1261106991056699,0.3846153846153846,True,5
0.98288778310032388,-0.18094785124787241,-0.034488852705014464,0.18265805541026939,0.93317990286108443,0.30953401055443869,-0.023825209880906317,-0.31053686419643373,0.95026270859651019,0.048832334916034628,-13.04924520666226,-4.0708247085431069,,0.3627127182568574,0.4166666666666667,False,4
0.39544848533776272,-0.91848249406744631,-0.0032254512417827542,0.91840189217396617,0.39545703488975054,-0.012316574502884897,0.012588085452034109,0.0019083102081473846,0.99991894594352082,14.081720716205915,-20.56791828598454,-5.8228733658571468,,0.2310071855846542,0.4,False,4
-0.97434586035586346,0.22314833151787181,0.029239811014798112,-0.2249095619412029,-0.97014341036888974,-0.090760411332445959,0.0081137756197270233,-0.09500834415254597,0.99544340933404307,1.2875038647412211,3.088187042017065,-2.7318872190873935,,0.159111433328581,0.8045738045738046,False,5
-0.72312435623916294,-0.68845957170341687,-0.05580845405173001,0.68963684581906504,-0.71511341353294466,-0.11407816037257319,0.038628827349886305,-0.12098026250263832,0.99190301430248973,1.0929934819989073,6.0069789837680796,-2.5153745831598453,,0.0965232563424489,0.4579439252336449,False,5
-0.64243150719954567,-0.75528485817097857,-0.12971715990940949,0.76483012776134274,-0.62128011251538284,-0.17042856996830019,0.04813142659309648,-0.20870027506095071,0.97679453364747881,-4.7311004244517072,5.048059955631409,-2.2986366166866299,,0.3084981067958857,0.5,False,3
0.30982957710921027,-0.95072750869295108,-0.01108320183084794,0.95036660694795128,0.31001858139862232,-0.026301931218547729,0.028441968050177322,-0.0023839886915041179,0.99959260253933069,0.88499446159353901,11.304534039141748,-2.1262575681434557,,0.2443426086292566,0.826530612244898,False,5
-0.12833670362442051,-0.95517786463880427,-0.26676757188022787,0.98992910728793593,-0.10717572036636909,-0.092486363903338892,0.059749920894747996,-0.27595037935832722,0.95931294950348056,-8.2095937944605719,1.0404499018426996,-2.402393727098731,,0.5365042571038356,0.1794871794871795,False,4
-0.96349133699604494,0.24779113011550649,0.1014100555647961,-0.26595049557971873,-0.92945917704671965,-0.25568725448199003,0.030899473045294085,-0.27332250920792461,0.96142603903046464,10.235882868614246,4.7695181922202643,-3.069438553998034,0.6342002547494702,0.3450797595959011,0.3809523809523809,True,7
-0.95751094099292444,-0.28828638350893249,0.0079849209255540565,0.28700152419445757,-0.95523304241361795,-0.071832860107917992,0.028335895766763874,-0.066489064999939354,0.99738472078056783,1.0756128994067997,-4.2800616327845304,-3.3332347894410348,,0.08566561024568199,0.3947368421052632,False,5
-0.20384739085859588,0.92773073347959167,0.3126690381178806,-0.97812222895443668,-0.17945599340360635,-0.105225717658413,-0.041510799382161609,-0.32727852448479205,0.94401568892985566,4.9961315991108686,-8.8931374413325255,-3.9969759840588428,,0.5061284147158103,0.3730769230769231,False,5
-0.118071998493313,-0.96717146302467494,-0.22502969644583501,0.99287563882564467,-0.11132702170045111,-0.042476582558801622,0.016030252598213154,-0.22844179860528319,0.97342558814303859,-4.5188926262975082,2.607393408090382,-2.4679898441482284,,0.2567552969538615,0.1676646706586826,False,2
-0.87251613179991194,0.4869818029758532,0.039551527395357958,-0.48857907569535247,-0.86923275093997254,-0.075663144832886914,-0.0024670917277976948,-0.085341363146570412,0.99634871666233982,4.3287474015469849,1.6322786696487477,-3.0207997221059162,0.2948363456139927,0.2078829797320997,0.895774647887324,True,5
-0.97968119209841431,-0.18744242361763441,-0.071344934487160283,0.19932015606944581,-0.9494457241797456,-0.24253719760327591,-0.022276382854531266,-0.25182961435293116,0.96751517202665738,9.6772463866069494,1.270307707554436,-3.2874998186328304,0.6435740189764132,0.4980710170406923,0.1894273127753304,True,7
0.20759085265906468,-0.975861678483669,-0.067823464666146444,0.97733832034731272,0.20984149258217288,-0.027863157961378816,0.041422765153685162,-0.060502334317969968,0.99730818810892174,-1.9533363672584767,12.996231282508885,-1.9077468429426749,,0.1553302807342775,0.4594594594594595,False,4
-0.2026162310951119,-0.97925338064720169,0.0030788614518291457,0.97851834979223373,-0.20258434078503448,-0.03822857554993625,0.038059190962189279,-0.004733007470980051,0.99926427766811721,2.4727022941383012,-2.1541090244671008,-3.2396375987791766,,0.3113325167047904,0.9841269841269841,False,5
-0.89944731733906325,0.43429469603970011,0.048812296845638634,-0.4370291717351748,-0.89386089708600125,-0.1000909571993194,0.00016243161406967813,-0.11135894060376778,0.9937802372575022,3.7905463301139051,-14.646408372109713,-4.480917374783254,,0.09202619759431058,0.2758620689655172,False,2
-0.95266026556251748,0.29790634846598546,0.060747230076906411,-0.30375947304227341,-0.94113244971756538,-0.14832361452477644,0.012984643061482951,-0.15975456059930487,0.98707136490341418,5.1871377158811489,7.3429337415811151,-2.6423531447417128,0.2749991308618285,0.1726856040435227,0.3617021276595745,True,5
-0.80765542151267899,-0.58964146946797413,0.0039569666190780242,0.58846647402338903,-0.80643549876371878,-0.058043046820372327,0.037415625768610343,-0.044550239251430881,0.99830623915258754,-13.073128100867018,-2.8805294454913448,-2.4631383233938515,0.3255877787058691,0.3107175972307901,0.9444444444444444,True,5
0.57170857577192646,-0.81695041200204077,-0.075771556131120119,0.81969916156743039,0.56477175162038218,0.095530901269157642,-0.035250374671589882,-0.11672571653813729,0.99253842151534422,7.0771134777268632,-6.7046786681197599,-3.8470622176375868,0.7745449256906853,0.3169267575742523,0.4,True,5
-0.78659392774847803,0.59478472043621466,0.1658346440429016,-0.61693347329576531,-0.7458350329811283,-0.25124329464736411,-0.025750385559154834,-0.29993539289929244,0.95361191148700619,-9.822425000755203,4.9653450707927567,-2.0669542516519623,,0.3232148003190359,0.375,False,4
-0.53957578878142831,-0.81611266545476024,-0.20692531368884265,0.84009192560473522,-0.5056171021198107,-0.196460944153521,0.055709287328303367,-0.279841854139604,0.95842840732997936,-2.6409637442846301,-7.1727834870045593,-3.5177911728804383,,0.2501739873029936,0.1547619047619048,False,4
-0.52800038369215008,-0.84895167022141138,-0.022285790298280525,0.84792314525573231,-0.52553443687051193,-0.069569356780270722,0.047349071380218898,-0.055629284477426696,0.99732815469531455,3.5846296708141332,10.85626005241237,-2.3147012442577859,,0.1043608878154106,0.3571428571428572,False,5
-0.99982133048866639,0.0037766010065578477,0.018521457413239659,-0.0049845246644701314,-0.99783280468098823,-0.065611343655972709,0.01823352993093966,-0.06569194157056199,0.99767334694224818,-2.7989858107160761,11.311024222664958,-1.9926299919889965,,0.08013256114080622,0.3125,False,1
-0.9634989174754045,-0.26761369453316586,0.0072626800861398944,0.2655216877821871,-0.9587267714526323,-0.10169174507948714,0.034177029435324663,-0.096051487225976673,0.99478944629537347,3.1820417107886216,7.5646092152871987,-2.5080967866471942,0.2606972701046402,0.2191247942283908,0.9490445859872612,True,6
0.6410992343437576,-0.74698722172861376,-0.17607345710815289,0.76744376297648775,0.62538444282186878,0.14115370822217452,0.0046735845277288413,-0.22562001074937826,0.97420417180235597,0.44815678339520371,-12.793040683256256,-4.089090784239497,,0.4476698947515413,0.3076923076923077,False,4
-0.86823300166768747,-0.49600920425604517,-0.012096450239746023,0.49507275836737874,-0.86446803749590151,-0.087166370066098953,0.03277832725495361,-0.081669342113610349,0.99612032396749028,-12.480368363403029,-7.0719699644776117,-2.792844355680697,0.1371367627326772,0.1250009383237353,0.5,True,5
-0.11924151934773947,0.98147334548002962,0.14997177126339659,-0.9922918255858294,-0.11267224232042128,-0.051593591520943838,-0.033740079122378634,-0.15496786093486029,0.98734318711281399,8.4526983894321628,-4.7602542924900382,-3.7278723248014471,,0.1733602961527975,0.1956521739130435,False,5
-0.36035708313579018,0.90499840118155461,0.2260987980788387,-0.93234732021584565,-0.34176665266518108,-0.1180001254760728,-0.029516895504043333,-0.25332478951904364,0.96693086820875473,-3.4289634585635791,-16.158307825186348,-4.111965424428953,,0.3459448677922448,0.2083333333333333,False,8
-0.75268088414876422,-0.65648116777124976,-0.050039614294367762,0.65754852727889224,-0.74571853847595049,-0.10739551036542713,0.033187662020588787,-0.11373802238032291,0.9929563139205162,3.5692521685694336,-8.3513878752993325,-3.81506400850891,,0.2267406913729078,0.5,False,5
-0.92991982983087651,0.36680420350386944,0.026528972449120055,-0.36774318193031097,-0.92818452762280546,-0.056907247564791472,0.0037499641444040666,-0.062675026713375409,0.99802694292057759,-2.6804327320745247,-2.6963002266720988,-3.0315240863771251,0.3062030241806315,0.2506155958182525,0.9533678756476683,True,5
0.43005878510695061,-0.8863639388267176,-0.17148880225810983,0.9012914894923777,0.4325024547798173,0.024804789417447987,0.05218325709406671,-0.16522891562017702,0.98487375491584495,-8.5582179361152271,-11.532610325037711,-3.4130337623051457,,0.2873042750188933,0.3815789473684211,False,7
0.58717299204050233,-0.80793754192551082,-0.049646810225507002,0.80941057637969938,0.58534291560321094,0.047203707458364969,-0.0090772387258847183,-0.067901395423773922,0.99765074261317399,-3.8272369195382101,11.761428969333393,-1.9203182708791384,,0.1892265695625394,0.4415584415584415,False,5
-0.58434728585995344,0.80845827257996794,0.070238671720922588,-0.81046883838537676,-0.57704219570046389,-0.10080955504040692,-0.04096964137459734,-0.11583404455599934,0.9924232779451696,-2.0399368619900811,15.194677913613809,-1.7742455925016634,0.1702424289724533,0.1443881309223444,0.3421052631578947,True,5
0.88559725572050252,-0.45771696449152244,-0.078820562526427856,0.46444986547399963,0.87345815645067237,0.14614092989637684,0.0019552804146005902,-0.16603020612665795,0.98611872892265917,-4.5810831881596243,4.2797352428096245,-2.3537964916033243,,0.4810329509437639,0.1147540983606557,False,2
0.82015889929242691,0.56492336465228676,0.090559218091665103,-0.57171731864587516,0.81528035468235105,0.091963312409843762,-0.021878927574390739,-0.12719880242737697,0.99163590959042791,-6.8568868335519788,-6.2647263629857566,-3.1250498634164092,,0.1850289089924711,0.2,False,4
-0.87293359657307346,0.42429211209357798,0.24075535215062113,-0.48783665586200475,-0.75767447725236237,-0.43352598966813488,-0.0015274722173213504,-0.49588868724294427,0.86838475153188577,-1.2712571670190094,-14.186961165654743,-4.0511583422892459,,0.7114292565973133,0.2771084337349398,False,1
0.57748231034325881,-0.80693409000980609,-0.12398207782038284,0.81589330775951086,0.57579430787638874,0.052716462043611197,0.028849464359965986,-0.13159897186983655,0.99088315103696567,-0.050753291213753805,11.30102412755495,-2.0778062352810327,,0.1860322614023911,0.3260869565217391,False,7
-0.97521100812585526,0.21395374086364807,0.056456057253444013,-0.22105162983397839,-0.95348699807280624,-0.20493589596225015,0.0099833149752459986,-0.21233544517239558,0.97714583975246272,-2.8773107392342547,-20.396575555014437,-4.5329163384657596,,0.2296075564118299,0.3846153846153846,False,1
-0.37628374398758913,-0.92520215519410776,-0.049107189238023458,0.92567640117334415,-0.3731785885265565,-0.062136473798333945,0.039163047908028686,-0.068838311204615837,0.9968588378446811,7.2044984558608558,-12.250908262782234,-4.4226656456184905,,0.1399727905807499,0.4117647058823529,False,2
-0.1915493219861478,0.97850958851129677,0.076340306772366903,-0.98113775303376793,-0.1888390159923512,-0.041334436138515146,-0.026030113685796961,-0.082817940269560922,0.99622468447183721,4.2684285849167862,12.452936798099687,-2.252081168282047,0.1463947001114837,0.1452880018891271,0.3157894736842105,True,5
-0.97254704215157073,0.23161760485274996,0.022484126056118738,-0.23268235736747767,-0.96928471580996756,-0.079662163334324243,0.0033423602656558055,-0.082706860776277549,0.99656831366865628,7.5436842054786473,15.650288235901355,-2.2424561610892861,,0.2814550738420162,0.926829268292683,True,2
-0.96989034531326979,0.24239432872085234,0.023615830963006471,-0.24339012238880789,-0.96814193204833821,-0.058842567357923869,0.0086003716005165591,-0.06281869796229568,0.99798789812034028,16.928855752430529,-3.5803478790280368,-3.9804456161125747,0.3719257218236009,0.3531984828457329,0.9790209790209791,True,5
-0.53763655370155838,0.83655762036066483,0.10544327356647284,-0.84299066928666067,-0.53067159968733213,-0.0880589846688975,-0.017710664006200055,-0.13623142479542172,0.99051871828788263,-3.2736773687312812,18.156740508285537,-1.5897474460727794,,0.2180471921525574,0.5161290322580645,False,3
-0.058082154286761896,0.99413929812638724,0.091178502258945415,-0.99763111056869036,-0.054427778676848414,-0.042068802381184663,-0.036859606331212179,-0.093405957139144735,0.99494557468839973,4.4600290249732728,3.6517023165235569,-2.8606871544475627,,0.2141729844383541,0.2441860465116279,False,6
-0.92523680946024234,0.37831205733678208,0.028580302542896195,-0.37937987072301099,-0.92313600141757357,-0.062376570737463485,0.0027856974034505717,-0.068555890778150302,0.99764338805486585,5.6023285814448949,4.8512328594402874,-2.848493048311179,,0.2686745437597041,0.9104938271604939,True,5
0.96548871874816333,-0.26028616467324328,0.0090910092796328383,0.25743499121373764,0.95904067947992044,0.1181871414387968,-0.039481125475495912,-0.11176800786622564,0.99294972337415088,3.0333121258553057,-8.7458927684465522,-3.8100676624695917,,0.7181591370957653,0.375,False,6
0.73243457929803402,-0.68080572723982857,0.0065687750731286063,0.68072827991705209,0.73211034424697374,-0.024969036179841888,0.012189994654825727,0.022759736466552716,0.99966664364991675,1.9492762757044144,-12.117611242230572,-4.1063199948896845,,0.2557615366859804,0.8802816901408451,True,5
-0.74195073417029045,-0.64836566763167203,-0.17067826194540406,0.66938686748033771,-0.70200391862623535,-0.24312901899664546,0.037819700012404756,-0.29463954125328612,0.95485978605291866,0.17070233590892819,-15.544770151988587,-4.2925980372997738,,0.4010092759506989,0.2,False,1
-0.82904300208661985,-0.55809815652598993,-0.034844631917946234,0.55914670569613667,-0.82664756721203514,-0.063314778145251729,0.006531630758347954,-0.071973934898101888,0.99738512646566013,-5.1247879849719808,-1.8494156971304192,-2.8693156932304658,0.4669058159864356,0.1949575042398386,0.7586206896551724,True,6
-0.52737370402402106,-0.84714528595157013,-0.064975693870997636,0.84836982552603901,-0.52087795002368242,-0.094629806699819935,0.046320788431369171,-0.10502868974313272,0.9933898322863679,0.357117699447347,10.330242295930272,-2.1721298401839619,0.3956989359554055,0.1859967138792875,0.3777777777777778,True,6
0.86174565844654771,0.50058640868910154,0.082508590972536294,-0.50733901633963197,0.84987271670889397,0.14256047100573824,0.0012420338401369427,-0.16471069433886557,0.98634114003338047,-9.6177244959674457,3.6852285542344743,-2.1794197418608263,,0.3590752185656536,0.1529411764705882,False,3
-0.90640213090419497,0.42078921239528666,0.037035332104486819,-0.42241572244622327,-0.90298747847386751,-0.078603887624227126,0.0003667731868666757,-0.086891037806905908,0.9962177538200514,8.5055285352942622,-20.734091744913005,-5.4434118423028783,0.2664467572393907,0.1911725003710679,0.868421052631579,True,2
-0.99690496653086602,0.076257870828554453,0.019110856673334328,-0.077271068377015778,-0.99523122060724412,-0.059531500237184988,0.014479975758535303,-0.060823964564231697,0.99804347382101632,-12.176533571272511,-13.428755495293956,-3.3770110974793588,0.2830752845584947,0.2787945260446473,0.9534883720930233,True,3
-0.99369751991802069,-0.11196142969695946,-0.0054660011879824263,0.11175492748382433,-0.98571211938635284,-0.12602560802451562,0.0087221036372789017,-0.12584218670651129,0.99201192984412423,24.721453616560343,0.63540385651729459,-3.9574871277229366,0.3248326400834312,0.2332738291862292,1.0,True,4
-0.85670180970301468,0.51495341288108321,0.029748811971287432,-0.51580845172860501,-0.85505632182866642,-0.053106756878669815,-0.0019105959587753379,-0.060841343369089647,0.99814562091917536,-17.680996032963538,-3.2900581945808409,-2.3377635279523088,0.2224029722931846,0.1883839336760956,0.8,True,5
-0.73492030622185134,-0.67814553344458028,-0.0032831344698663091,0.67709319807945734,-0.73349205479334767,-0.059449194019487339,0.037907052342730466,-0.04591340789137055,0.99822593352331168,-8.8449392412162151,4.5155401613144175,-2.113641626513846,,0.08288480664745934,0.3636363636363636,False,2
-0.18156882764726384,0.91277038484613227,0.36590023964824298,-0.98260600184549129,-0.15365656644841014,-0.10428377018742374,-0.038964162560181009,-0.3784704534506344,0.92479290108697021,-8.4698205731174472,1.0987314025536707,-2.396928508017858,0.4366234013367331,0.391315151933411,0.3013698630136986,True,3
-0.87461166096158338,0.48165278897232627,0.05536274365673504,-0.48479540007294458,-0.8700823785743379,-0.089050966095474082,0.0052785015046882267,-0.10472461682719893,0.99448725082439482,-6.8394073441580945,13.131973926609438,-1.7113532294719418,,0.08543326652912112,0.2121212121212121,False,5
0.51127159757450968,0.81231852984412511,0.28060641401345049,-0.8571763843351301,0.50556327041143123,0.09825693740927996,-0.062048365423771568,-0.29076517274731722,0.95478040127846198,-9.5380642264940771,2.7500538591253867,-2.2454520433231577,,0.3320098488573183,0.148936170212766,False,4
-0.78334611655280995,0.61188161480585268,0.10940635787839648,-0.62158394277569406,-0.77068827283477259,-0.14026042990943707,-0.0015045813559051262,-0.17787769837036727,0.98405145224089074,4.4795250713109169,3.0059869046863965,-2.9214290369669902,,0.1697355411190521,0.245398773006135,False,5
0.31174039819009675,0.94905612813776341,0.045938978878913267,-0.94935718875796649,0.31310643397919241,-0.02617802808471642,-0.039228207833784584,-0.035451750943935684,0.99860118218694227,-12.612312384660717,5.288609506769955,-1.9499672619751547,,0.1256878977593945,0.2903225806451613,True,3
0.27705723745040794,0.95715291159646732,0.084247201726554644,-0.95998632899688952,0.2794652308824655,-0.018039757949790361,-0.040810970527850592,-0.075878116411892627,0.99628157472391266,-0.97915942263915612,-14.425426600275221,-4.0920584492963927,,0.354251436672874,0.40625,False,6
0.98732723036531567,-0.15784443999118278,0.016433896160835425,0.15771024008603041,0.98744282819805951,0.0091728519133581002,-0.017675416576754623,-0.0064648127650927855,0.99982287723613861,-3.4768975341540549,14.293143099357165,-1.7852454436392549,,0.1342049745462246,0.4722222222222222,False,4
-0.55203873284641347,0.83000671633863721,0.079637229171289042,-0.83366815699161034,-0.54760263560778344,-0.07161534398173007,-0.015831659911038801,-0.10592546581518128,0.99424803456496658,1.2862115387706476,-17.419747052407057,-4.5306021152290077,,0.1760279942483371,0.4074074074074074,False,5
-0.46085023586883561,-0.86642918659542145,-0.19213933672008654,0.88575551728663615,-0.43556491926517055,-0.16037569860115555,0.055265031402523819,-0.24409765611558326,0.9681746281446113,-1.5771494897579796,-6.9663427345990678,-3.5448861614675988,,0.4328211675033556,0.1826923076923077,False,5
-0.079013025780599072,-0.99400461554768949,-0.075576226598605842,0.99617165424862075,-0.075885624900724952,-0.043398239653147597,0.037402901338799484,-0.078715920901148512,0.9961951750375645,24.166339583777926,10.552043294404372,-3.2053066569209077,,0.1732056340306977,0.1904761904761905,False,1
-0.97910145689676975,-0.20332516565020722,-0.0043833909179437427,0.20302653191280901,-0.97595272054334004,-0.079350580360266904,0.011855987604619176,-0.078582213492429734,0.99683713377890881,22.59542245804132,-5.7383385060420302,-4.4378244491418677,0.2350639951557706,0.2344600234779883,0.94,True,5
-0.76955289228966073,-0.63020555179764526,-0.10309853758440439,0.63725237927358336,-0.74745731662886405,-0.18766183663210423,0.041203775054895836,-0.21011549752791422,0.97680792718928222,3.162197307769071,1.8054595891031746,-2.9341943553195131,,0.2433451531100851,0.4302325581395349,False,5
-0.96609409202221874,-0.25790106691734721,0.012216588830751822,0.25675132607487805,-0.96462238380852183,-0.059853264024256961,0.027220615690269921,-0.054687259379673558,0.99813242695695648,-18.410189095048,-7.2643125556811015,-2.557954341737724,0.2493657036358123,0.2688068607057773,0.9538461538461539,True,5
-0.76188566551469328,0.64683483183710799,0.033688766755322161,-0.64765364940213543,-0.76009107570497958,-0.052974588717083361,-0.0086592782222275934,-0.062179232513023916,0.99802743446498643,16.738543817074877,-9.7934104251914693,-4.6378213577084324,0.1982448099263263,0.2812814340203773,0.9506172839506173,True,4
-0.16695084379707051,-0.98587973352350911,-0.012983327118295397,0.98517467754642896,-0.16627530893868608,-0.042230040949941455,0.039474934790768572,-0.01984118607742405,0.99902355170351487,-9.5236040486459093,-1.0475025067569348,-2.4887919008059085,0.1103424324210371,0.09568472606386638,0.3647058823529412,True,5
-0.2261563044413297,-0.9740893332920888,-0.0018156894049719749,0.97333013016148928,-0.22590559301484117,-0.039938962986435213,0.038493943436073111,-0.010799713477105437,0.99920047163097048,-1.4992707218755987,6.417634513858351,-2.2994418127012159,,0.08485044028503093,0.4098360655737705,False,5
-0.98785238779789863,-0.15296454752122279,-0.027377127745946118,0.15313723868045082,-0.92834761433610913,-0.33870295700773229,0.026394053332464008,-0.33878098258031342,0.94049497595181264,-9.1157923352300934,2.8670052036984748,-2.2610291434597332,,0.3762831789849642,0.1413043478260869,False,4
-0.71945983867310948,0.69285776253970877,0.048225111974266502,-0.69443077593897862,-0.71641933656651113,-0.06715081252216451,-0.011976558990380651,-0.081801314671998776,0.99657669396423343,-5.0544385393894933,0.96872220909245776,-2.5663831786679334,,0.1657177327381033,0.6970954356846473,False,5
-0.84122462177863744,0.53892802982594767,0.043562763701483508,-0.54067571711572437,-0.8379820843951642,-0.073863354609258969,-0.0033022166473201109,-0.085689001048317698,0.99631646100250482,13.693502458490553,4.5196557418015662,-3.2147608698695356,,0.2432251526119756,0.93048128342246,True,5
-0.37730024436881865,0.91141614374935609,0.16421065285870379,-0.92571300960920355,-0.36610442758766398,-0.094989325405427719,-0.026456557589735346,-0.18785143335562007,0.98184107142996369,-16.287960632204335,6.3663965186269698,-1.7297823799974297,,0.1720538582517641,0.2,False,1
-0.14367588666028347,0.9807811541322532,0.13200593657630039,-0.98902453792337974,-0.13766035946919872,-0.05366645895022068,-0.034463066866226889,-0.13826768649910914,0.98979510197432152,4.3230704548131191,7.5779185430813616,-2.5465458558505123,,0.2358807452917207,0.1904761904761905,False,4
-0.97968196217336379,0.19568900235579703,0.043921149223816625,-0.20026550561427231,-0.96632009888562986,-0.1616143364640856,0.010815740992077969,-0.1671265414189492,0.98587612756376897,-14.014678676433229,13.416362284128136,-1.4037398479098038,,0.144586437899822,0.2173913043478261,False,1
-0.77650860154878287,0.60468749568960256,0.17716496345889166,-0.62980945461770454,-0.73619736391144208,-0.24769637107554249,-0.019350519241169272,-0.30391853172598809,0.95250148738918849,8.0233524312885347,-5.8775634754850312,-3.821333532632988,,0.3849186110724623,0.1568627450980392,False,4
-0.9184993128631469,-0.39539670902591556,-0.0045226940425374777,0.39455396721793401,-0.91566404518559219,-0.076723681526287085,0.026195022857719706,-0.072255095639221709,0.99704213648754614,-12.965415754148019,8.0293299418332165,-1.7505753381289237,,0.1212688358894966,0.59375,False,3
0.82269354978097453,-0.56141038634555129,-0.089407501095371517,0.56845982371329407,0.81390252833155108,0.12006707791630444,0.0053620865929548713,-0.14960298285411439,0.98873160946159799,5.4896804371145924,-16.633674734455475,-4.7749236610326475,,0.4333735990402198,0.34,False,1
0.99358942702636444,-0.11290835363397346,0.0056350848340073964,0.11214695425432776,0.99072102798936368,0.076778286977348842,-0.014251707017004293,-0.075654136564791113,0.99703226651284338,1.7807043468722648,8.3595893550545401,-2.3821149096497694,,0.1178080991918884,0.2727272727272727,False,1
-0.93111533510923139,0.3633206610646742,0.031973895101354899,-0.364672108483026,-0.92888743622298575,-0.064671354722421276,0.0062037100970620887,-0.071876477867361441,0.99739424798342136,-13.788673724560287,6.713487970705585,-1.8169737450519181,,0.1660896976183669,0.8524590163934426,False,4
-0.99830029191794756,0.055796565506575711,0.016830639744628256,-0.057574694322836101,-0.98898717747063092,-0.13634338037583327,0.0090377945415367339,-0.13708065536882871,0.99051865817534179,-25.056902131158967,-9.2598278242519978,-2.3001484508933987,0.3091141808999449,0.1513126853051042,0.3333333333333333,True,2
-0.28052300100733346,-0.95856293475326448,-0.049638150882643436,0.95917612355270976,-0.27801811990634301,-0.051837139293547406,0.035888854986416648,-0.062153239022199554,0.99742115726848957,-10.722783321057028,17.998433924594245,-1.3288276505699741,,0.1355656866026364,0.4736842105263158,False,2
-0.58830685384204351,0.80614198382245961,0.063483443835897074,-0.80842980801821196,-0.58455989542596953,-0.068782077369154676,-0.018338245011807863,-0.09178687585035665,0.99560980217729778,-18.121539433089428,6.4012346875187793,-1.6330477165856119,,0.1384725838770737,0.36,False,1
-0.98658690305624019,-0.16311616349957886,0.0062769358030145377,0.16231170605831755,-0.98435785831968814,-0.068516544284680528,0.01735490692383166,-0.066578705074932895,0.99763023372199877,-15.400348114451624,8.6114967673910154,-1.6349251445870556,,0.1499855399876439,0.5652173913043478,False,2
0.71338502022494887,0.66184722842354415,0.23030427513774332,-0.70068267183276733,0.67892917672144759,0.21931476555314555,-0.011207422180989048,-0.31782608329778361,0.94808278882365882,16.212248246673674,-2.3374056529572238,-3.8453541028447598,,0.6122728675056055,0.2435897435897436,False,2
0.84500998627229384,0.53094153615696094,0.063711916337400892,-0.53361824391393453,0.8449637451762102,0.035886475168239798,-0.034780639187719786,-0.064322270801630721,0.99732289285697973,-9.9037997700927356,-6.6676864676779841,-3.0134547025419072,,0.1071050300813078,0.3571428571428572,False,3
-0.51674037379054716,0.84941462954797797,0.10711756720854705,-0.85566603934565943,-0.50822267200863291,-0.097700280280653903,-0.028548471155533123,-0.14214254382934621,0.98943442533015025,3.2701113178868022,8.8074324233394279,-2.4019819455333522,,0.1014735112673311,0.1923076923076923,False,4
-0.076676727942205244,0.9839588639618575,0.16107648314688677,-0.99645735420030368,-0.070026638630834248,-0.046572643710642334,-0.034545920919971267,-0.16407688415178664,0.98584245974437201,-10.364397701526364,5.7517051948025086,-1.9943483622841678,,0.2728885264727096,0.3513513513513514,False,1
-0.007429686166004059,-0.98732456338925334,-0.15854023556086627,0.9999659359544677,-0.0079057091692843733,0.0023720651838290904,-0.0035953712159289483,-0.15851721133918228,0.98734966805841828,4.8544224737429351,9.4225742071238514,-2.4817821864090863,,0.2295541001634561,0.2272727272727273,False,2
