axis_00,axis_01,axis_02,axis_10,axis_11,axis_12,axis_20,axis_21,axis_22,location_x,location_y,location_z,dbh,dbh_approximation,score,reconstructed,number_clusters
-0.98136061680514297,0.18614180030126745,0.04777624895731148,-0.18907218923557687,-0.97969704442994388,-0.06667389588810213,0.03439545088371667,-0.074464295577372649,0.99663033349515828,7.4643784215332332,10.471554413651161,-2.5328333506450056,0.3487060446504092,0.2816953626154225,1.0,True,5
-0.99381163220884083,-0.10401037291186002,0.038990793953664532,0.099598646529555551,-0.98980940967165121,-0.10177151927204037,0.049178748417197118,-0.097258289375222087,0.99404339736850789,-3.1290189650102938,-18.855114597177135,-5.0987946878747126,0.2997452558986552,0.2887115787855187,0.9009009009009009,True,5
0.98104058260603499,0.18848615620397602,0.045081528362089798,-0.18730589599260172,0.98186907819941038,-0.029148149207949024,-0.049758181301371968,0.020151481218276819,0.99855798088958747,-14.46653141493441,3.7800940607685054,-2.45140348067113,0.3120721768689854,0.2706817168055768,1.0,True,5
-0.99861192200982007,-0.030608634889418205,0.042864212229530588,0.027740559048245406,-0.99743541180635531,-0.065977728502698368,0.044773771379489152,-0.064697069059511933,0.99689999430813769,16.329444800593226,-2.2277000349342648,-4.0581607286947428,,0.2018696944504427,0.7704918032786885,True,5
0.95764461817379753,0.28127874525413499,0.061636456347038016,-0.28241935512816119,0.95923391890222287,0.010468843129803049,-0.056179116509201724,-0.02743275953567717,0.99804376185240629,22.060139524978318,5.2431807530743848,-3.5315100211067065,,0.1325547634531036,0.25,False,1
-0.46350725181467539,-0.88592680465335361,0.017167536570696564,0.88382699191671477,-0.46361982124192341,-0.062502077653937144,0.063331476176218829,-0.013797034040184904,0.99789717204581541,-10.343500895049447,0.062423298617274442,-2.9115986203862469,,0.2794156992008971,0.8900523560209425,True,5
-0.37066334583142024,0.92163475498728953,0.11488282054587504,-0.92704592241096151,-0.35960769044471758,-0.1061516213452493,-0.056520277761755298,-0.14584816547538385,0.98769113129014152,-20.744317647058271,-6.2929350990129347,-3.2737426888358279,,0.196771950697745,0.1739130434782609,False,3
0.9229449358759847,-0.3837695080501885,0.02989331082014508,0.38299375038074407,0.92330779238039917,0.028609573553705747,-0.038580208788520629,-0.014956109806659592,0.99914357440224,-5.5638436317694886,2.2777755468706933,-2.9414059307054807,,0.1082367878772116,0.3195876288659794,False,2
-0.86967776963962407,-0.49333148547456013,0.016870756773587983,0.4896635061199841,-0.86652182233407704,-0.096796602177529167,0.062371690444734923,-0.075920859177794953,0.99516119064841568,6.3801015725759038,1.6794897819385886,-3.3338129159188976,0.2202293509754173,0.1650158995404163,0.7948717948717948,True,5
-0.3441069047031996,-0.93878659981836898,0.01643648797794434,0.93704903604700052,-0.3444724031354931,-0.057252663880782373,0.059409950168053748,-0.0042992417382978487,0.9982244108122712,14.357258921352454,-2.1828064048563509,-3.9994528289488565,0.1513176400077148,0.1046198498993081,0.53125,True,5
-0.96507837339850677,0.2561090270981648,0.055062686433958875,-0.26011852112493156,-0.96176897263139083,-0.08566678616207167,0.03101754610331835,-0.09699798720793705,0.99480113706777518,11.869936384730886,-3.8120674300691624,-3.9930000495498099,0.2943008937717866,0.1855523975050374,0.7627118644067796,True,5
-0.60808529569217862,0.76489069228534756,0.21254294158638892,-0.79382790886407673,-0.5886662670279672,-0.15267376058721516,0.0083381215774404813,-0.26156118771445669,0.9651508798161873,-7.9118949833300727,-17.284598118077849,-4.766687091314866,,0.2667867949604373,0.1891891891891892,False,4
-0.041052172400715979,-0.99915700133769036,7.6282742012524773e-05,0.99799295358194051,-0.041008029413010072,-0.048253560743810833,0.048216011261580274,-0.0019047838555949284,0.9988351155503532,11.831219423530667,-0.60288345142957978,-3.7081309674700051,0.232232449060759,0.2243028435254332,0.9,True,5
0.083280246265434621,-0.99577395718606876,0.038712101105030386,0.99553745174385944,0.081404777433318837,-0.047733053394630715,0.044379981492914208,0.042514566927458586,0.99810967776174764,12.494641469690748,9.8596802245358131,-2.7444144662821448,0.1147831376341992,0.1641465212585718,0.8888888888888888,True,1
-0.61345529397235421,-0.78972847090960452,0.0012427920459507219,0.78712689520461454,-0.61156054975200047,-0.08015575358371714,0.064061323299125048,-0.048193736333760645,0.99678157619177354,-6.7677931969268359,-1.4641686946027643,-3.2775445382727222,0.3839932320693261,0.3054136005044626,0.9798387096774194,True,5
-0.72700971306371198,-0.68597718581486289,0.02986934302156679,0.68358569962678251,-0.72719415924046593,-0.062443943119520007,0.064555932157945042,-0.024979097423098902,0.99760141154428339,17.416282433262875,-3.0733723132902968,-4.162439172907721,,0.2201637350814848,0.9791666666666666,True,5
-0.99890026259431064,-0.018030734442835525,0.0432799954305461,0.013139444408145707,-0.99376144971052194,-0.11074988067661998,0.045006892690580169,-0.11005940979621988,0.99290548690479363,5.2063403419676622,19.14267897316282,-1.6866386984139663,,0.2505474161088862,0.8245614035087719,True,1
-0.87367168082642954,0.48308654059659573,0.057664446727037924,-0.48620910919252031,-0.87117506491479424,-0.068225423479229497,0.017277044311384229,-0.087643599681426043,0.99600205982454915,8.5817587521692573,-6.4291482567006115,-4.109647558136996,,0.1741360225565172,0.966183574879227,True,5
-0.70374482945956451,-0.70978707035520594,0.030749467727149135,0.70751795445423316,-0.7041109507651917,-0.060383053396093032,0.064510147526001399,-0.020738461107612231,0.99770153708263998,6.1014887871958638,2.6280877849478417,-3.2546480277835874,0.2281208849178314,0.1942970557512312,1.0,True,5
-0.72139572577834887,0.68372504120113031,0.11003760658630282,-0.69251055673874762,-0.71317331995074951,-0.10868737054421633,0.0041636083052012142,-0.15460880875596517,0.98796699369004359,8.4580280410167852,-21.532504522428468,-5.6032380108530688,,0.1579961309294976,0.4210526315789473,False,2
-0.98077846249827749,-0.1917497969478639,0.036133403797145983,0.18755564893449872,-0.97750503356207086,-0.096471694882866235,0.053819011996446973,-0.08784033658443452,0.99467964150095034,-8.4928404798669437,-7.1534377581458388,-3.6629153059995416,0.302492645236022,0.3483674567677776,0.7701149425287356,True,5
-0.52996314631157326,-0.84176227185591879,-0.10283647811695423,0.8455734593860802,-0.51532784781272056,-0.13943720468571183,0.064378477252833688,-0.16085237626056476,0.98487660380269704,20.344459610902113,-6.4816043908212535,-4.5881308282313498,,0.121372511439951,0.2777777777777778,False,1
0.26955636952893397,0.95943344301162092,0.082624645701194488,-0.9612888258141532,0.2731790777714394,-0.036013675635688351,-0.057124049324496433,-0.069718432991662901,0.99592980831480293,10.932989799768732,-9.9686637869599455,-4.5333313963788315,,0.1937711754430279,0.8315789473684211,True,5
-0.87606067252820663,-0.48119224569147867,0.031172435513072722,0.47816056195845796,-0.87525411134639564,-0.072751065688421948,0.062291051018557378,-0.048828918251598054,0.99686286002909197,7.6449993926078177,-9.838793113678042,-4.4099877549499054,0.2574102248316428,0.2359728235601283,0.9743589743589743,True,5
-0.83928333599666038,-0.54294594705387444,0.028516319820228266,0.54008666411048067,-0.83859888765948354,-0.071121732728405426,0.062529010613722097,-0.044290001061744272,0.99705993733457221,14.421310140942451,1.5767092723959932,-3.712628624447794,0.1301639450425202,0.1650544968807671,0.9120879120879121,True,5
-0.98677128588715846,-0.15784837289700732,0.036963773107885477,0.15439092778396937,-0.98453757346022031,-0.082759941173651957,0.04945574553688474,-0.075958262347347566,0.99588376410832335,-16.4438547373727,-9.8965729600926746,-3.7875533763120983,0.3253360363779589,0.2934835024653769,0.9734513274336283,True,5
0.63602440622288159,0.74662512127411784,0.19499713580264938,-0.77076320899774686,0.62690016645206881,0.11366730821947295,-0.037376869108091154,-0.22259180035386344,0.97419498052027531,-9.0577091653541597,1.8854481857268828,-2.7899718911948894,,0.4452329177209514,0.2722772277227723,False,7
0.71030557030190522,-0.70372627059548643,0.015340562957528583,0.70384993753892255,0.71033529760893732,-0.0043623843569234322,-0.0078270188795229075,0.013896080187989004,0.99987281027682184,-26.886891719698315,-9.0478103514651824,-3.2829718606899161,,0.2271192559820552,0.8666666666666667,False,2
-0.67536835050541677,-0.73685859635227269,-0.030282009797088554,0.73448595163378483,-0.66836206197947301,-0.11756930279269565,0.066392604921076334,-0.10164429688037295,0.99260287070080988,-25.967832234478745,-12.377039603944858,-3.6572185422750456,,0.2643432809670637,0.375,False,3
0.84648671570296896,-0.52918230113595055,-0.058534881078393039,0.5316344435890219,0.83419834684277838,0.14655352781344666,-0.028723832059677122,-0.15517477336614924,0.98746935708535932,19.987293316139514,-7.706223291710506,-4.6803694117824621,,0.2582053275038301,0.3396226415094339,False,3
-0.90644271547929267,0.4191748112580137,0.051517775197829012,-0.42188848214700059,-0.9043041537923906,-0.065146803954818644,0.019279838853715467,-0.080786601863405444,0.99654493765867791,13.180690057423314,-0.016935696375205395,-3.7370918862538067,0.1783813666681068,0.1675192222071178,0.8356164383561644,True,5
0.5781072534713898,0.81380930259126849,0.059215052982152294,-0.81339068928297864,0.58052222303951084,-0.037276469052539618,-0.064711591477313743,-0.026615175618006023,0.99754901752008962,11.468223598811251,7.4368661837939989,-2.9642671840092052,0.1458639496938251,0.1744424772334389,0.8472222222222222,True,5
-0.64588333862831671,-0.763431855464628,0.002552438868033878,0.76065682348463604,-0.64381342067434388,-0.083099195217909039,0.065083867191516667,-0.051730855603171977,0.99653801172356782,10.055306275030034,-12.921477523379309,-4.7977901969915404,0.1913576976887263,0.2034977888803502,0.611764705882353,True,3
-0.98603499505176695,-0.16201829642818821,0.038536478248160005,0.15808646606836607,-0.98336993754584634,-0.089399301882593527,0.052379936801017067,-0.08205874452846243,0.99525007142282362,10.180846732618679,-11.251458316676695,-4.6234099523520591,0.2482187782480475,0.2310890306164521,0.9126984126984127,True,5
-0.69950518971842879,-0.71444387082476235,0.016200154255924113,0.7116371847741183,-0.69847079151001368,-0.075571625985836013,0.065307019559561502,-0.041334112404960092,0.99700876844085085,11.452907454557014,5.3005959652899071,-3.1600198344014601,0.1678530463047702,0.2206453244275768,0.9863013698630136,True,5
-0.99108780747853042,-0.12084786499448377,0.056042407101006261,0.11540938364416506,-0.98906542849728052,-0.091816405496865913,0.066525423969139824,-0.084530300352986004,0.99419766459590952,-8.0746984308572269,17.622109395154219,-1.4138826408153276,,0.2990735789483649,0.9649122807017544,False,5
-0.99782671922936117,-0.050322337120005146,0.042538227263846262,0.046779197202920744,-0.99565301236198434,-0.080540584077573252,0.046406304539580993,-0.078375642653103303,0.99584321734783787,5.2351290777749142,8.201458035895719,-2.6760539687028455,0.2622168858708839,0.2083997498251031,0.9583333333333334,True,5
-0.65506458730652395,-0.7555586636988908,-0.0046359644604925046,0.75261628721827911,-0.6519467355762989,-0.092380615851913983,0.066776572768486891,-0.064004372358088354,0.9957129755347881,17.099594801037863,-4.5888352976342137,-4.2779842169237643,,0.09855848563850107,0.3703703703703703,True,5
-0.69772063667603879,-0.71596845193251546,0.023981013192568689,0.71283275829231474,-0.69720893668542627,-0.075954968970759651,0.07110113825920697,-0.035900897528284036,0.99682282964171254,-7.3184582393711253,9.6953070629308602,-2.104250977565389,0.2723150445777455,0.2715564723073548,0.66,True,5
-0.85857714027824883,-0.51174189712069984,0.031072896918884242,0.5088208567656749,-0.85796717385691201,-0.070665863783215072,0.062822208747137689,-0.044861557209826874,0.9970159531185252,-9.3184446711284377,4.8256705033498566,-2.4702375029846388,,0.2591369538728577,0.9368421052631579,True,5
-0.19829509157395267,0.964100350542058,0.17660569283677807,-0.97901693891615582,-0.18619346237393505,-0.082812003263090225,-0.046956255950807969,-0.1893211785667063,0.98079182366758932,-9.3512552063849235,5.7185311239684076,-2.3830617074062701,,0.1625647459612253,0.1304347826086956,False,5
-0.97058710635505707,-0.23751205269337147,0.039353447151408719,0.23418034257180981,-0.96932864284850284,-0.074575795714355408,0.055859073840043391,-0.063166502031223579,0.99643853643407043,9.1847824346449354,4.5407563434743823,-3.1463758438886646,0.1189816953357499,0.1122119928071652,0.4146341463414634,True,5
-0.98265499138832801,-0.18241890947312939,0.033354300565868883,0.17832667811200487,-0.97888340031200227,-0.099934400819480448,0.050879895569286536,-0.092253076156003561,0.99443481745492635,-7.1597506025418491,-16.538312256681202,-4.713587476052802,,0.1718811382292321,0.574468085106383,True,5
-0.84147246609332393,-0.54021330821662206,0.0096783486439975946,0.53650981092729111,-0.83755352164822694,-0.1032536738010669,0.063885143700113778,-0.081692594525499762,0.99460796719818734,-4.5948989516027225,-18.898459471130295,-5.0761121316243027,0.06922418120836535,0.1159725532039875,0.6097560975609756,True,5
-0.36890954565695749,-0.92888282928649302,0.032900403947317962,0.92749836860812584,-0.37019977079557531,-0.051950995487749535,0.060436109673289572,0.011349852845873434,0.99810753803782848,-19.091795927004583,-3.9484062776232856,-3.0755587642948004,0.2920720322316656,0.2859642930206374,0.9387755102040817,True,3
-0.96646312428813941,-0.25680071645633079,-0.0015560908464912135,0.25367787135130537,-0.95373251941687964,-0.16137477805840769,0.039957064179914861,-0.15635751799720105,0.98689196956296898,-6.6322951106260248,7.2977588612675159,-2.3433670473631962,,0.2582163296102765,0.3229166666666667,False,5
-0.98740140229368101,0.149681621700754,0.05132136858563751,-0.15411187203758309,-0.98324508557159906,-0.097358269275746076,0.0358887398154644,-0.10404092379602099,0.99392529122169282,5.9384521014621861,6.575625678048775,-2.857557723115542,0.24591426106119,0.190730045207001,0.916030534351145,True,5
-0.93999608637283394,-0.33933675011243403,0.035467275436489643,0.33638979063906355,-0.93913070707382307,-0.069824234939086335,0.057002336421969169,-0.053703678218099682,0.99692860756840773,-14.554732801306567,-3.7592210997447344,-3.1617509615449251,0.3195119162188054,0.261446469377114,1.0,True,5
-0.55775917699268029,0.82361076390536703,0.10281055422312342,-0.82999537211139218,-0.55398390893742888,-0.064880743769458182,0.003518913769837588,-0.12152011445692576,0.99258273157871146,-8.8642856936646073,8.3630293028204381,-2.1615277888764113,,0.1104557697614842,0.3023255813953488,False,5
-0.23659180089703011,-0.97159098030105961,0.0059402648027924027,0.96994993107473226,-0.23654050902849391,-0.056971210243980809,0.056757827270103603,-0.0077171617948725985,0.99835814939199541,10.251303039592917,-14.07246905494285,-4.9003528590597538,,0.1753930810664702,0.625,True,5
0.24240744828415636,0.96603754868882541,0.089499070049068152,-0.96798861069986897,0.24701909455427795,-0.044492881238696783,-0.065089773172904417,-0.075848674667845284,0.99499261302756925,8.047810941911516,12.527979719736916,-2.3699701008256611,0.1938020655532097,0.1145350601904035,0.4444444444444444,True,2
-0.98658319882612411,-0.16242846705757569,0.016449464530439863,0.15755696376024736,-0.97367529803317343,-0.16471859995356497,0.042771426965489773,-0.15991687556145084,0.98620342624937118,20.740779941426744,-8.4794107576717312,-4.8055628016580014,,0.1826748985989251,0.1724137931034483,False,5
-0.91078347664400761,-0.41120326727425494,0.037220043729596558,0.40813713932963774,-0.91027666110227001,-0.069429646062210665,0.062430234438733752,-0.048044492249181579,0.99689226729493896,10.312222795827202,-0.79533325860778159,-3.6561883871984491,0.09665916765995154,0.1257395664972576,0.8080808080808081,True,5
-0.67244691293969072,0.69993023021577294,0.24065083026654063,-0.74012103074237734,-0.63325313316760923,-0.2262992027963141,-0.0060007608451966253,-0.33028494086697546,0.94386219794299298,-6.497351109811877,9.5795325257156101,-2.1406146536452559,,0.3499837245783752,0.4927536231884058,False,6
-0.99827218213772884,-0.040352874265685491,0.042711777163610271,0.036101315736408825,-0.9947247830693059,-0.096017190907780992,0.046361032905622802,-0.09430933933719883,0.99446287167581282,8.4365502223785729,19.110269398591683,-1.797761993127539,,0.1943824308342931,1.0,True,2
0.054730334311529773,0.95928796226172353,0.27707615553471743,-0.99479276576121078,0.076279261649102037,-0.067593101951520393,-0.085976413598782914,-0.27193396202390502,0.9584675146308681,-7.2271179471994351,4.3953238855248404,-2.6352437024755146,,0.3022515260338046,0.1935483870967742,False,5
-0.26498569278726319,-0.96411350247446248,0.016362669845714106,0.96241234844471657,-0.26548977647997801,-0.057250765459838801,0.059540357566783435,0.00057700176506277762,0.99822573243219093,17.491390926568254,4.4669732325190212,-3.4789488451380719,,0.2156965994351865,0.9746835443037974,True,5
-0.97248533160340089,0.22770656590287852,0.049213815752707661,-0.23087303065163425,-0.97024702646884942,-0.072927027541816958,0.031143595392198662,-0.082282607354612972,0.99612230624204656,-10.012441156526251,-12.86090254507166,-4.1610781243232626,,0.3642266150949307,0.9393939393939394,True,5
-0.73669031490519366,0.59173655248006829,0.32731518813506089,-0.67621719403944391,-0.64161954920475983,-0.3620147242360483,-0.0042055214073728545,-0.48802889928495491,0.87281733888162882,-9.0705127428877734,-8.0313134891760498,-3.7131091863395258,,0.3619842032411014,0.3023255813953488,False,4
-0.93580577964023792,0.34824279111630857,0.054722036031646507,-0.35163555847504879,-0.93311747941376777,-0.075127915107742513,0.024899333482370053,-0.089547350871026402,0.99567127865782812,8.2670674526451187,2.9086984523995083,-3.2842697550024784,0.1759825068580614,0.1672945681342219,0.8854961832061069,True,5
-0.98894047011186803,0.14202538693857411,0.042726292138049154,-0.14458237488763254,-0.98740135881402424,-0.064300027092299233,0.033055762686250101,-0.069766367808326166,0.99701553171255275,8.8259144651845034,6.749829228214197,-2.9209651605031919,,0.1059598216438639,0.9178082191780822,False,5
-0.95712953208582985,-0.28783480691778524,0.032468180358038862,0.28431346794909929,-0.95497898785592539,-0.084740690913097161,0.055397750422894618,-0.071876676886691762,0.99587390394959607,-3.8473767026516343,-12.908482016882571,-4.4531691218017739,,0.2597035918964848,0.9842931937172775,True,5
-0.74451591039377518,-0.66706500058858453,0.026839228011977596,0.66458505821405556,-0.74436858271954509,-0.065131508954695189,0.063425228175761628,-0.030654494773964789,0.99751568528069035,15.82147156378867,-6.0483661702433613,-4.424409057374282,,0.1416962781859819,0.7916666666666666,False,5
0.093635721892884036,-0.99529407909229117,0.024940884295220223,0.99466026949679975,0.092425437088411541,-0.04591826285445242,0.043397003008882738,0.029107296385016107,0.99863379946154585,5.1104324705995046,3.4908713396311004,-3.1357748895770383,0.2492229753878776,0.2123253257987784,0.9863481228668942,True,5
-0.5600511642967797,0.82458455354350069,0.080018794212905975,-0.8283560478851556,-0.55584860751762399,-0.06970353974371904,-0.012998126861493119,-0.10532160071981503,0.99435326173342897,15.398143537850599,3.2642358406403651,-3.5686345623922784,0.2189809612163956,0.221818954137675,0.9411764705882353,True,5
-0.99907865846981758,0.0088872000316863303,0.041986329510298154,-0.011860451360795606,-0.99739830704579158,-0.071105181215630212,0.041245168003885516,-0.071537645878140307,0.9965847687670859,-12.246904464090166,-16.764306267858924,-4.5168548560294051,,0.2717103809743446,0.9852941176470589,True,5
-0.9964044703780347,0.070895140856273978,0.046389766259797106,-0.074544227899943041,-0.99381251606032917,-0.082339789947754718,0.040265239319677439,-0.085501824102226523,0.99552405725714244,4.3581103442481623,12.962888988657342,-2.2127716530976662,,0.1674041286217605,0.9705882352941176,True,5
-0.57017557714902556,0.78259362991080372,0.24989402082844489,-0.81875378695786627,-0.51637193141061022,-0.25100251949617641,-0.067394714666122651,-0.34771718231100901,0.93517416215417548,-9.4226230564222231,8.4437812777123433,-2.1379356994567371,,0.3286345873642739,0.2063492063492063,False,7
-0.81064314553784977,-0.58501889045003663,0.024710087193455525,0.58259453179988308,-0.81007398038321377,-0.066058745242178085,0.05866261253451948,-0.039154107354197207,0.99750972615204136,7.8663993296857457,-20.500709146818195,-5.5115911438558314,0.1557059457911645,0.1998885692699045,0.5238095238095238,True,3
0.97296582716254221,-0.23082365089994988,-0.0076119221703125559,0.22766486954956355,0.95306982584296196,0.19956606485233208,-0.038809874347761522,-0.1959039286305487,0.97985480781604928,-7.8898308397612125,2.2962927834806544,-2.8280949752182436,,0.6028100997327828,0.5,False,5
-0.97289258182342686,0.22513548540387224,0.052858655345283868,-0.22899017439136457,-0.96977984312913568,-0.084205438616775208,0.032303626192132756,-0.09402695928505804,0.99504542944653906,19.355906877379724,-3.5060113547886029,-4.2714560184483084,0.2147099907141356,0.1496617732260226,0.3684210526315789,True,3
-0.11710740564060981,-0.99304174776317133,0.012407366505085733,0.99183833153635592,-0.11758156114112266,-0.049308220154386226,0.050423998644520983,0.0065317439541280956,0.9987065418237806,8.3013062122839951,-18.382848465864505,-5.3318932541973458,0.1006998427612877,0.2127839452985971,0.875,True,5
-0.77049009255621803,-0.63675442456756126,0.029813085488487965,0.63402329319849193,-0.77035152592403078,-0.067623887704387806,0.066026365600789144,-0.033201344854545747,0.99726535573306685,11.188569434823446,-7.5900095817591646,-4.3102028548505213,0.1800703060945232,0.1988478067006982,0.9027777777777778,True,5
-0.99913695826501592,0.0037326563145406531,0.041369141951102133,-0.0071937205711930232,-0.99645386590299889,-0.083832830748538409,0.040909522281206277,-0.084058077564306777,0.99562073631625303,6.2614162110429401,15.089235615729642,-2.0762646150560409,,0.192427007127321,0.7884615384615384,True,5
-0.28351950757069544,0.95073084824351406,0.12540950133478351,-0.95875838270675107,-0.27829944707467708,-0.057721584762237488,-0.019976296363580691,-0.13660260596378693,0.99042449264317833,-6.2243538581397857,-7.0788882047368613,-3.777265370146861,,0.188604313054466,0.7541899441340782,True,5
-0.32560110174806567,-0.94549349230903823,0.0050969149202775635,0.94371490776355282,-0.32531092629390579,-0.059791087116975214,0.058190165881139566,-0.014658009246133287,0.99819789989744323,16.471116986993124,-4.2913539519342763,-4.2551505647314123,,0.158351809666443,0.7708333333333334,True,5
-0.85018584598354074,0.52147481800629614,0.07244336736065525,-0.52621452628392063,-0.84606121654227007,-0.085315240085237692,0.016801774222961818,-0.11065456180525599,0.99371689546603093,-4.8581467069546882,-0.74616244529470888,-3.227055554212944,,0.0804877173096393,0.2096774193548387,False,5
-0.18897817052139282,-0.97110105653099044,-0.14577375988421729,0.97989495655614356,-0.17681561126889478,-0.092423556128511636,0.063977536543855962,-0.16030900665901834,0.98499131833827769,-5.9137134990698623,-0.68968322764720447,-3.2137887534225626,,0.3274945745416545,0.443609022556391,False,6
0.67956866395123483,-0.73318281233796057,0.025087739390633402,0.7335880941408538,0.67887359267975922,-0.031291425292975523,0.0059109314260341675,0.039668739005354427,0.99919540232899495,-17.455994575256092,5.9755275317157679,-2.2209268016208403,0.2269649038773623,0.2240750090287882,0.76,True,2
-0.27796299011035597,0.95810906765807513,0.069018769912847569,-0.95999459954185096,-0.27453906751889773,-0.055124125900859244,-0.033866576139164113,-0.081580113245977887,0.9960912308334926,6.8187883049821565,5.1772087142085601,-3.0001758750784036,0.2099890569811479,0.2194993374058271,0.9841269841269841,True,5
-0.35744228342789114,-0.88165079074157171,-0.30810208892932878,0.93208658256634558,-0.31601711449625003,-0.17705305968905044,0.058733436964352535,-0.3504640730948394,0.93473275156706104,-6.1355744475637737,9.6159268384865371,-2.1553140626101719,,0.5375035375783596,0.3220338983050847,False,3
-0.70981692384015027,0.70182578006040053,0.060004242122679831,-0.7043768047108474,-0.70678706221162335,-0.065615285380768967,-0.0036402768361201293,-0.088840436361340258,0.99603921873171419,11.242925758448584,-18.355330634440556,-5.4753117977512211,,0.1952590227145724,0.8833333333333333,True,5
-0.99175665021677162,-0.12250703064827484,0.037560274127737422,0.11797960840692587,-0.98741005307190577,-0.10536697344369754,0.049995587314847538,-0.10006705019275375,0.99372381812793686,9.3315901486359678,-14.976907861764673,-4.9693763923837526,0.09551328670997046,0.1179837441150696,0.5,True,4
-0.92410625756976006,0.37437059893756358,0.07664384757787332,-0.3809114647329418,-0.91846933441302436,-0.10639801585508403,0.03056273475026644,-0.12751759248834593,0.99136531251126547,9.3000925065286033,-18.944540522626383,-5.4382042620467903,0.204970138476096,0.1682615186573255,0.8863636363636364,True,4
-0.21114868578279899,-0.97741540856372122,0.0086805296157995426,0.97580923410454523,-0.21130005002209301,-0.056112632240539612,0.05667954770900957,-0.0033775675973883035,0.99838670910055061,11.602520575786279,-8.7465554609846343,-4.4417686220377153,,0.1636875864325906,0.9191919191919192,True,5
-0.73752683761174032,0.67200393197151687,0.066819751699975297,-0.67531779305759188,-0.73393773395428696,-0.072672422953067653,0.0002053831757094296,-0.098722429532842451,0.99511498819226107,7.0759176487652615,11.225239433714922,-2.4332775496121712,0.1865887691044506,0.2149927652371332,0.9125,True,5
-0.7544028991418148,-0.65641004874106779,-0.001453849433227801,0.65429236862747575,-0.75178755632955585,-0.081957101607381358,0.052704479148100378,-0.062779917647163119,0.99663479761542728,19.298879442756515,1.5234904049568985,-3.809480543706385,,0.229932458120996,0.5714285714285714,True,5
-0.81774977058229936,-0.57537535176062182,0.015116788645027131,0.57214239620328633,-0.81545766930527341,-0.087646266537565326,0.062756602675411097,-0.063023758675224612,0.99603695446659435,5.6381478380890275,0.519709481706778,-3.4038643034323859,0.1653246368598765,0.1784088199634363,0.9244444444444444,True,5
0.78002307706759544,0.62011814398820575,0.083770440721187361,-0.62211622101530162,0.78291976172830147,-0.0028380001654078196,-0.067345428884517791,-0.049901244392511687,0.99648103796130438,10.236864489729667,6.7600949010732903,-2.9840536667841966,0.1395300113929406,0.1672835485830055,0.4444444444444444,True,4
-0.99679742589784281,-0.065979599293414418,0.045183893153565906,0.062372809122685315,-0.9950741318789097,-0.077052610258037085,0.050045223604030985,-0.073987597220833992,0.9960026661871485,-12.396572342986463,12.453689752262573,-1.6792627743645818,0.1840815497530701,0.2171329510268807,0.9743589743589743,True,4
-0.72787475280099034,-0.66114696069205159,-0.18188743937545054,0.68543018073285522,-0.70909317601088906,-0.16544586750751375,-0.019591109601573703,-0.2450950103581285,0.96930110095992694,13.899947466835348,-11.296357830935522,-4.8042230432707722,,0.534292510441076,0.1889763779527559,False,4
0.90633404674077289,0.41545193720696533,0.077189918962741966,-0.4182145609883835,0.90805219842740548,0.023190211479196907,-0.060458057327279532,-0.053300026286446901,0.9967466731833502,21.125802701265904,-1.1365384592342613,-4.1211424323219017,,0.1726638725155727,0.2916666666666667,False,1
-0.89857326229068457,-0.43746092443097589,0.034554766563706645,0.43440606273507432,-0.89791053745057525,-0.071049555904518696,0.062108493423098071,-0.048832431141758337,0.99687407866465194,-4.225147142948801,-22.70372753129223,-5.5297960154759354,0.3378788950192999,0.2764896049908612,0.925,True,4
-0.82467876083158842,0.56241811728174018,0.05992330754003436,-0.56556173459407866,-0.82123453052260009,-0.075589484984753472,0.0066981935035801063,-0.096227372564080801,0.99533684096048669,9.6812695454504354,9.1539949970986019,-2.7576920503915567,0.08402402696033018,0.155759924353654,0.6,True,4
-0.89577892499901524,0.42549628155120894,0.12858083805024423,-0.44409081824118951,-0.86909978327738246,-0.21782771141679325,0.019064697256436142,-0.25222704274780156,0.96748026141375076,18.989471254051924,-10.998028598347817,-4.9623988965078611,,0.1719729489489214,0.1785714285714286,False,3
-0.18913758383226076,0.97874086899136581,0.079330232245472393,-0.98117661315247995,-0.18516374768644939,-0.054834663720471702,-0.03897984331321571,-0.088208264401556838,0.99533907484160511,15.383635327098713,-9.4556101805191126,-4.7027349467713746,,0.0959565084951995,0.15,False,4
-0.1033755820920214,0.96689703476785893,0.23328869064799995,-0.99192331918758747,-0.082886300726503132,-0.096010364043448454,-0.073495699731450675,-0.24132961962634869,0.96765613562462727,12.279478737425459,-11.740704905977193,-4.7670150434314147,,0.2442179735311452,0.25,False,2
-0.82431508758101912,-0.5649274557918823,-0.036899946867286038,0.56300708863634796,-0.81118484596965446,-0.15812072544234057,0.059394061416280348,-0.15111623129796392,0.98673006952599784,18.847418035641709,-9.4615571416887168,-4.8030570940945783,,0.1641537391858163,0.3,False,4
0.14850367622731436,-0.98239266924155633,-0.1133635813099734,0.987306253275259,0.15381490014164673,-0.039589629172108648,0.056329569415564239,-0.10604536724848072,0.99276450364353375,-5.6744237775406958,-17.219514955114512,-4.8678010739224202,,0.2470840705570804,0.4375,False,4
-0.84983952157423781,-0.52697717898343199,-0.0082365284637591629,0.52325507758687995,-0.84176097645831449,-0.13282538270787403,0.063062757234509603,-0.11719006503372556,0.99110523018868824,12.313391961079489,5.6621032330297538,-3.142354064681196,,0.1185588487449521,0.3529411764705883,True,2
-0.9931606449957191,0.10714597589165459,0.046386130275260132,-0.11012067639880216,-0.99164436722113025,-0.067192898345548896,0.038799096138424666,-0.071841414301431705,0.99666114669430772,18.372292701971428,-0.26935554808482465,-3.9146614108378488,0.2438751973926465,0.2082379010874157,0.8809523809523809,True,1
0.29820109074781465,-0.90272837320371846,-0.31009287913427153,0.95393851961679954,0.29303100813093891,0.064297193290800359,0.032823928285971707,-0.31498303523639792,0.94852953419761488,17.047109663810915,-14.410131486842856,-5.2570523566285035,,0.4538768586116224,0.3333333333333333,False,1
-0.85823528408992933,0.50474355126699932,0.093092129621445752,-0.51308295697032169,-0.84843092416061683,-0.13004170944182547,0.013344527330304903,-0.15937036858318099,0.98712866902344187,15.742234642183831,-14.699196783221581,-5.2068504061167795,,0.2257538293892093,0.1818181818181818,False,1
0.64748251728932527,0.72648095282960545,0.23019951125158081,-0.75926439173804228,0.64089907190491557,0.11298656145789102,-0.065452068289233833,-0.24793911512144651,0.9665620631648314,21.141682133266002,-7.2954996792361957,-4.6967723188115214,,0.1549769353895795,0.3529411764705883,False,2
-0.9634971948794353,-0.26618704712410035,0.028593904994074479,0.26050638818976452,-0.95680262307163189,-0.12909361795056681,0.061721772267019692,-0.11693244385796113,0.99122006961200193,-11.403314285548309,18.978477021215991,-1.1908015088041928,0.6313622067619198,0.2391800138802924,1.0,True,3
0.51621031455845989,-0.85644252485904904,-0.0057543684721639982,0.85623763859731783,0.51621725419266939,-0.019412694894580029,0.019596361722145843,0.0050939264657339917,0.99979499624693913,13.337596960147939,13.832801350702944,-2.3951266124049808,,0.1607844355083336,0.8461538461538461,False,2
-0.70746448425280983,-0.7063372111131222,0.024119446880950302,0.70371803544109435,-0.70717741456373984,-0.068418059939400422,0.065382949733344423,-0.031430057713617551,0.9973651394330395,-17.554993625340401,1.4355925095799795,-2.6465050110442743,0.2707153383294309,0.2641544791195461,1.0,True,3
0.013652806438396255,-0.99989447273044518,-0.0049643005005865562,0.99877177983842058,0.013873630088479052,-0.047565262393483687,0.047629115830010844,-0.0043088039259738392,0.99885579616578235,-1.8467520368287449,-25.589375359557522,-5.8785204954598855,,0.2004206205097335,0.5238095238095238,False,1
0.14899279558255094,-0.98836650521178715,0.0305417458560381,0.98798393347306723,0.14750940000413032,-0.046138098243288586,0.041096156311534432,0.037048998446113229,0.99846806541349042,22.614613932071599,9.8599669113233617,-3.1300710582594875,,0.2612571122817147,0.9411764705882353,False,1
0.16569261658866802,-0.98602835235515351,0.017147745034889677,0.98545721634285022,0.16488215033337175,-0.041084683998347582,0.037683306195201792,0.023705797882044119,0.99900851026453941,20.344045859850823,-2.1628252152943466,-4.1924330998917023,0.04703393277200339,0.1144092086130847,0.5517241379310345,True,3
-0.61216505990118675,0.78849574846441772,0.059400286949761703,-0.79064485140829455,-0.60926718896731058,-0.06061527356555324,-0.011604239644713396,-0.084071083622188139,0.99639218911072314,-17.938358773596406,12.880650735757852,-1.521719984319591,,0.2182021357518887,1.0,False,2
-0.98865449605971534,-0.14729042389271585,0.029458758467005325,0.13749338475497297,-0.9663633653218624,-0.21734170173353343,0.06048021634827546,-0.21082546618781944,0.97565094487585946,-11.989232003739257,5.7069576399332025,-2.332892518743237,,0.2355404049800185,0.3809523809523809,False,3
-0.6469059031274258,-0.7625312278404448,0.0076732696442975909,0.75921433430700525,-0.64496966999151661,-0.087222241279420284,0.071458708928030384,-0.050598926462708048,0.99615932538884633,4.0856167052716588,19.471116690277587,-1.6543665239782186,,0.1699654518947371,0.56,True,3
-0.87373361335409838,-0.48385246187782011,-0.049763119174379158,0.48242286042240667,-0.84896966959530118,-0.21568190431537809,0.062110841541987906,-0.2124553958882133,0.97519482572505933,23.917991631761144,-5.3307943541743397,-4.5758578001400236,,0.1166800145903734,0.48,False,1
-0.80949479305786343,0.58321651486130321,0.067651140457814035,-0.58708354859124201,-0.80544629667170986,-0.081173703570449424,0.007147516052621955,-0.10542656197971928,0.99440140438527869,5.2655471407239132,16.478513544099897,-1.9476012348950851,,0.1637968066288943,0.6785714285714286,True,2
0.32611359205861684,-0.94527471462877599,-0.01027808144115424,0.94481744595967598,0.32627549497885233,-0.029398897709581553,0.03114352075247085,-0.00012353052196142911,0.99951491527407921,16.860437453272322,-9.5472765301197011,-4.7487606055165106,,0.1868691907396075,0.2222222222222222,False,1
0.4313566335194961,0.88245712859578929,0.18761895135939791,-0.90075987917871114,0.4329310522541519,0.034674833180057915,-0.050627016312232778,-0.18395684326652775,0.98162965778074063,-9.1138753348531694,17.13484969329134,-1.3916352369668483,,0.2186078255743355,0.35,False,2
0.50808317244395551,0.85152812197790018,0.12942699625687257,-0.85892311966850354,0.51209786995633277,0.0026165024579671153,-0.064051263673807396,-0.1124972402638281,0.99158550138392576,-8.5645137293678086,19.868728723977146,-1.2069984481979437,,0.2392173372191439,0.1176470588235294,False,1
-0.80511528320281833,-0.59296338447670627,0.01355748587226447,0.58962918054019675,-0.80264559487156173,-0.089985990513933176,0.064240253803537095,-0.064455206951862798,0.99585074990585354,14.463012836994176,12.791261100849683,-2.5564688876572972,,0.1340316347042703,0.6744186046511628,False,1
0.71364701496579364,-0.70036550295363165,-0.014003581788891536,0.7005022502588335,0.71356188189724146,0.011226668498569112,0.0021296508450893287,-0.017821419016816539,0.99983891783201972,20.865869367497307,-3.3835142168185843,-4.3303876002253068,,0.1249314883846778,0.4210526315789473,False,1
-0.92665489305877968,-0.37520378194408321,0.023083136378714186,0.37123959254364869,-0.92305992884566035,-0.10070517706389284,0.05909208151899175,-0.084749570938743773,0.99464849878107775,14.852436584262605,17.827494933070394,-2.1204352324498683,,0.149559957409878,0.7368421052631579,False,1
-0.13729975840521078,0.98764262816233073,0.075569937001920939,-0.9896515601623509,-0.13356673761272389,-0.052437735188674582,-0.04169611264967725,-0.081987594428043126,0.99576074864889486,15.066692655794416,0.18566512352428055,-3.86493388161171,0.1739372062796924,0.1765892270765647,0.9811320754716981,True,1
-0.84253999933924817,-0.53781704347258708,0.02965092349025519,0.53490610381533921,-0.84190555232442155,-0.071207450919154244,0.063259857844551348,-0.044134665691674638,0.99702072278853426,9.50759805948862,16.182188141352089,-2.1085438616891636,,0.1926553634647088,0.5263157894736842,False,1
0.80381311442237435,0.58435768810757482,0.11140273529933212,-0.59140012620942473,0.80520277687808506,0.043524462401012445,-0.064267937590055751,-0.10086912539221753,0.99282176232218533,5.9537263661993745,19.29571326628124,-1.6882938486001644,,0.1838755027631259,0.4827586206896552,False,1
0.073468695192074038,0.99392784906266063,0.081913257073847556,-0.99597393883859797,0.077353511234909494,-0.045302841566049676,-0.051364033925520164,-0.078255128632587712,0.99560929629126838,-7.3023294481017844,17.659693922285182,-1.4305676227257484,,0.1075786613109962,0.4,False,1
-0.74323918243027209,-0.66901388977945397,0.0039916140276082604,0.66584388000236205,-0.74027233845819218,-0.092998883740826974,0.065172426407037964,-0.066462622546845637,0.9956582117576368,13.367478081401655,11.065359897065331,-2.6437223368461917,,0.09639458706168613,0.2916666666666667,False,1
-0.97617538031938,0.21101421963012781,0.050543307887416143,-0.21445805054838221,-0.97370806103940888,-0.076813777552356299,0.033005626994521128,-0.085823137793741622,0.99576353498505643,14.39783370680701,-10.474672598692511,-4.7473450950401439,,0.173811544165422,0.7083333333333334,False,1
