axis_00,axis_01,axis_02,axis_10,axis_11,axis_12,axis_20,axis_21,axis_22,location_x,location_y,location_z,dbh,dbh_approximation,score,reconstructed,number_clusters
-0.90542020737984596,-0.42385446444025343,-0.02369896711463778,0.42451553061030195,-0.90412471422685636,-0.048425875261657057,-0.0009012984459133809,-0.053906345621546704,0.99854558912592462,13.355308700275915,-12.738672939800345,-2.665806072464191,0.1652839840698989,0.1458779017282721,0.5945945945945946,True,4
-0.54492354647934305,-0.8379950959082495,-0.028680092853699816,0.83839202217871844,-0.54403244105312631,-0.033578567998859082,0.012535774385836973,-0.042342913403522905,0.99902449021285122,-11.34527997415019,3.0971290323573184,-2.9671752910656091,0.2588205762096844,0.2488309983068941,0.9478260869565217,True,5
-0.95219954553720931,0.30547398250150964,-0.0012928624826155748,-0.30501281544180092,-0.95097815869075719,-0.051065880090359173,-0.016828781744304685,-0.048230568188695977,0.99869444996815626,-14.50405917595319,9.7574908767168669,-2.7158274374273352,0.2733840417318777,0.2633685986501472,0.9620253164556962,True,5
-0.29634983731776426,0.95506636886913954,-0.0050004976603516844,-0.95479319830749454,-0.2963851324509657,-0.022930366934896355,-0.023382095446732518,-0.0020209693565368513,0.99972455871373889,23.720823046642188,1.2068475561758378,-1.4286211910648721,,0.2217706036031978,1.0,False,1
-0.96779246992455159,-0.25072429121150769,-0.022695042494414865,0.25171593932453051,-0.96519260996804879,-0.071009235688294731,-0.0041013470111014652,-0.074434907533721145,0.9972174404276839,11.836871944691891,-20.233390722327108,-3.439294644043557,0.2363719999877061,0.2433410424376009,0.9076923076923077,True,5
-0.80889209682704721,-0.58732887819323221,-0.02717286387231229,0.58795293941462989,-0.80784774146339144,-0.041150548552782842,0.0022173688102024147,-0.049262718690483306,0.99878339384612458,18.671207133748425,2.577773228592068,-1.5349559484266762,0.258935727718293,0.2072981215815811,0.8709677419354839,True,4
-0.51530414941426739,-0.85575845252484928,-0.046250454362243759,0.85693049113852482,-0.51378418348087185,-0.041181866907427415,0.01147897876665965,-0.060854611470040912,0.99808063266917746,17.767044579563585,-11.04925582666255,-2.4102151241711351,0.1731932575853809,0.2261565857872883,0.925,True,2
-0.92571764344977092,-0.37696626394265298,-0.030712871160506375,0.37820827886673358,-0.92313944014889371,-0.069080184121434657,-0.0023113637677471526,-0.075564607394641603,0.99713822898674775,7.69614310415239,-7.3645563495256319,-2.5556647042092422,0.1758597740055783,0.1665381117300888,0.7835051546391752,True,5
-0.82093376728847467,-0.56904774154195559,-0.047459641502566166,0.57102152875851175,-0.81830479337892625,-0.065663375083567024,-0.0014708568402692027,-0.081005758925355081,0.99671254813064469,10.806305875339756,5.464870756369046,-1.7622719502007698,0.1914702583311757,0.1800253786846569,0.6790123456790124,True,5
-0.40119406850299016,-0.91430635197849974,-0.055562704485893691,0.91585847750837768,-0.39935661430749902,-0.041443259824596484,0.015702502159069331,-0.067514363957754869,0.99759472837687213,-8.8507887511320931,-9.2898703096474762,-3.503645782994389,0.2799533632539793,0.2537950323575079,0.9728260869565217,True,6
-0.89010038331310892,-0.45387029875602564,-0.041509752263464407,0.45576370948457767,-0.88657229867421095,-0.079177019016787392,-0.0008652992058558566,-0.089394133647814081,0.99599595387061823,-19.33685737281413,2.8933125398787665,-3.4692243176829058,0.1615516139039092,0.1658359537862689,0.8333333333333334,True,2
-0.75460032234079755,-0.65527982950464325,-0.034448491513134095,0.6561381725060047,-0.75288119108041707,-0.051503501801467053,0.0078135845580253847,-0.06146752932808329,0.99807849928482895,9.2940965799984046,-18.830434717133453,-3.3726777919684183,0.2323619246441318,0.2404030337706571,0.9130434782608695,True,5
-0.074692568019163866,-0.9689103069351771,-0.23586826280253151,0.99706944692769772,-0.068640232653067457,-0.033779231261655274,0.016538992895524116,-0.2377000958689631,0.97119777910469307,-7.7038347509124874,8.0131613684082375,-2.3617706484417176,,0.2575205702342905,0.2162162162162162,False,4
-0.81076308025985777,-0.58354242834200232,-0.04627593340243169,0.58535250992107579,-0.80751123635210853,-0.07271892665727335,0.0050662428528637973,-0.086045554735895563,0.99627832240471226,-5.3502089534587345,-10.736748380724983,-3.5415747825323134,0.3152706631180694,0.313998841835467,0.7784090909090909,True,5
-0.99595578276403485,0.089304086156589732,-0.0098416957185354596,-0.088708441081300604,-0.99480853796729596,-0.049867677590777745,-0.014243990304871109,-0.048792960384759748,0.998707342396704,8.566026594401805,1.5175424692044377,-1.9863963276710879,0.2843362893788013,0.2724050510613714,0.9774647887323944,True,5
-0.73533046584245343,-0.67657526908907306,-0.039179219759564558,0.67770477452035505,-0.7338991661069687,-0.045915711687946392,0.0023118382804225429,-0.060315165958024539,0.99817670587888419,-8.0866190842768084,-4.5861412734190123,-3.2342198843027381,0.3022812137658446,0.3252853074337265,0.8008298755186722,True,6
-0.98917020845424697,-0.14548245375166391,-0.019420462326524682,0.1464761840108561,-0.98690044641796526,-0.067618313921882098,-0.0093287847117847836,-0.069730656890748796,0.99752223497292791,7.2432737165040511,6.0967717109690085,-1.8538948043241841,0.3378880716356841,0.1636254557592861,0.676056338028169,True,5
-0.87274683194916369,-0.4872663104885544,-0.029740712593500716,0.48811295249788117,-0.87006214167040652,-0.068830336594456643,0.0076624360681609455,-0.074588285238211191,0.9971849752070695,12.762893416481585,-16.490208301842099,-3.0636106822993718,0.1591224119063271,0.2117118891268643,0.7,True,5
-0.84208210438863917,-0.53800892104073439,-0.038001715079533968,0.53934566094724889,-0.83972267087993013,-0.063024550991275324,0.0019968689932883983,-0.073567906663582497,0.99728821091165132,12.460969588793208,6.9672431029253863,-1.5328310487552579,0.1922686779651782,0.1258099876074566,0.4545454545454545,True,5
-0.047492170716530085,-0.92050512440050236,-0.38783348188758349,0.99885834188720224,-0.041764334354662577,-0.023189506641154795,0.0051484524840164454,-0.38849202865480603,0.92143770115439305,2.5308539784824289,17.306380552715343,-1.5041950114795963,,0.2342637471247251,0.3333333333333333,False,6
-0.97925425245103259,0.20214506373511637,0.014088373365866809,-0.20186894786077797,-0.96714819075562375,-0.15450988644001773,-0.017607866030635154,-0.15414846845055072,0.9878907898792243,-6.895317575385377,-16.485761862772179,-3.9153487048367461,0.3286214310139009,0.3463870405531985,0.4390243902439024,True,5
-0.82715649880552522,-0.5612973629679654,-0.027520843173724302,0.5619675002273975,-0.82596993130000329,-0.044341868210960339,0.002157584750365869,-0.052143483902362064,0.99863727244408884,8.1572383466193834,2.2378883156736733,-1.9827230460522718,0.238713871792693,0.197756014480904,0.8940677966101694,True,5
-0.37048696211794435,-0.92816424216984261,-0.035363122852740791,0.92872352678889625,-0.3695760137259344,-0.029768790154140131,0.014560964576914113,-0.043871512804200423,0.99893106302430112,7.4080430736526894,-6.3687140519308212,-2.5068857278264307,0.1838298859115988,0.1878197896412281,0.8921568627450981,True,5
-0.52567238791384485,0.8506794811616859,-0.0036001271424255573,-0.85034411877277727,-0.52557590408987231,-0.026169614224572209,-0.024154093928479357,-0.010695296657819169,0.99965103429941782,9.1143809194490384,3.6160895093281691,-1.8847505628520056,0.1339319084752404,0.1350398882831737,0.9074074074074074,True,5
-0.21252639651957042,-0.96546832621128864,-0.15067661353103243,0.97715526489396598,-0.20993006615737766,-0.033120320245481005,0.00034506870404712574,-0.15427338852158795,0.98802813852726779,-9.0465611539385957,16.820069606797727,-1.9767539171822215,,0.2018257559552124,0.1428571428571428,False,3
-0.96104885311530752,-0.27581108789783049,-0.017701573895186135,0.27635682699343955,-0.95819727290576151,-0.074060045706705213,0.0034649819436222418,-0.076067272782559855,0.99709666728535074,13.202036228072622,-17.625077923143639,-3.1908750193168975,0.1650463006184434,0.17272163550491,0.3714285714285714,True,5
0.75669803215417142,0.65376112568924816,0.0021162872048796355,-0.65374943266946961,0.75669858337558116,-0.0043512299108449393,-0.0044460564945950059,0.0019090455514310153,0.99998829399485034,16.122934952529608,1.0806806768355786,-1.7138330377925424,0.1546111722740419,0.170150053416724,0.8918918918918919,True,5
-0.79065537821992593,-0.61122385604393981,-0.035629632255792618,0.61226140925583827,-0.78929651001719625,-0.046335580397027197,0.00019906772961173283,-0.058450124700050191,0.99829031012756397,-16.209943647656974,-8.067663030460416,-3.9620413088905257,0.1921364137344414,0.2717100789919907,0.9452054794520548,True,3
-0.9994051547968914,-0.030869986334150931,-0.01537467102515142,0.031923648640789698,-0.99676209303110852,-0.073798445469425211,-0.013046732267571925,-0.074245362413915481,0.99715465647870571,15.480757793832232,3.9603365103820112,-1.5729014540665136,0.1639213197869669,0.1180295106318334,0.44,True,4
-0.91221050118121527,-0.40904578582953449,-0.023527571693954384,0.40972117209198455,-0.91059862651700918,-0.0542098010041204,0.00075011618159778401,-0.059090493993827826,0.99825234827937126,-2.1052910623252772,-22.171228989568242,-4.236176903111823,0.299378526238596,0.2703268644713978,0.7291666666666666,True,4
-0.68761995198404013,-0.72496332488683835,-0.040087145102709568,0.72604524658637637,-0.68608379620474347,-0.046339232779741335,0.0060911035776290839,-0.060968862170023633,0.99812108298687796,15.772416542255986,-7.2738192196290443,-2.1859684191728155,0.1626408629812226,0.1840143958512037,0.9333333333333333,True,5
-0.96968530241752837,-0.24220891785266133,-0.032330394183673186,0.24407021757094968,-0.96644169624571519,-0.080126004845973015,-0.011838208069561483,-0.08558789558313927,0.99626029177085751,11.976158815987773,6.1502478618479746,-1.6415887103367175,0.1604303922493691,0.1400003098356663,0.8082191780821918,True,3
-0.087841833433612335,-0.96053659889498721,-0.26391903016317669,0.99590032224347347,-0.078939061166385494,-0.044172081426113466,0.021595380394127315,-0.2667172038047414,0.96353286022855134,-8.3136596008498937,-0.99481732972588077,-3.009661972292927,,0.406918503050952,0.392156862745098,False,7
-0.47217559772308226,-0.8808840501980274,-0.033068036252113388,0.88141874388744323,-0.47127405347942863,-0.031650662567358746,0.012296456348647896,-0.04409145749223637,0.99895182092905677,6.375364678782824,-5.5067326515546986,-2.4986750608166415,0.2082318808211084,0.1836788213694229,0.9085714285714286,True,5
0.1505810043225734,-0.98493978067630228,-0.084964637223507306,0.98643450166603597,0.15537797019681951,-0.052959043612918477,0.065363101671232368,-0.075837423603609733,0.99497555252432313,-6.3623544466920405,8.5081393658035065,-2.3243047948948719,,0.1318848794702343,0.3103448275862069,False,4
-0.9909740736389071,-0.13353031352564809,-0.01183388124208045,0.13397637965404521,-0.98953334169238183,-0.053610590128282364,-0.0045513811425421068,-0.054712165455679619,0.99849179459865645,14.568001712292173,-8.8633997157589288,-2.3159017958917345,0.1293639934255723,0.1444014915517828,0.6721311475409836,True,5
-0.64649311318868496,-0.76183502418676663,-0.040670019940383523,0.76290115100047806,-0.64518511386024135,-0.041448795583148068,0.0053374527396653163,-0.057823565918201786,0.99831254966706462,14.438724118577637,2.2305532294311812,-1.6625784705219082,0.1171697936548639,0.1106153772904388,0.7872340425531915,True,5
-0.77452737484943146,-0.6311793133352378,-0.041473124146916285,0.63252126974159473,-0.77232761434609243,-0.058539725340611692,0.004918224611453522,-0.071573252938029006,0.99742322036863573,4.9665443062933319,10.463820773527893,-1.7291447009813445,0.1652975074661179,0.1725261873375878,0.8227848101265823,True,5
-0.89544479273586386,-0.44455909032551166,-0.023363184097681164,0.44517112862004538,-0.89434174888267959,-0.044446624715807667,-0.0011355198736893307,-0.050200113689377671,0.99873853394178846,10.027353331959981,-2.1851353364692661,-2.0910630361089999,0.1524818765270124,0.1052172730619848,0.3571428571428572,True,5
-0.48104057388060056,-0.85765716334125419,-0.18172549752320499,0.87487403532553187,-0.48297878144933926,-0.03642689916713196,-0.056527768343032123,-0.1765097358197141,0.98267437361875498,-6.0059155993316242,0.36672287385674462,-2.8671950630606253,0.3523103114759881,0.382813788710067,0.8214285714285714,True,7
-0.97973280555669295,-0.19518093691936803,-0.045033671616788035,0.20020031133804633,-0.96153404783075835,-0.18807474631737764,-0.0065928033612730891,-0.19327875394226399,0.98112173465802155,-11.133589558331694,9.73107539681925,-2.5561918769566101,0.3024269051239533,0.1910048689973621,0.40625,True,4
-0.86334135462115169,0.50461259616418874,0.0027987842633149171,-0.50424532789308074,-0.86247266610680018,-0.043330699470790761,-0.019451341828126991,-0.038820458666351733,0.99905686389215109,8.0922265428814413,-3.8035045846282891,-2.2972149484544753,0.2120313451502245,0.1985048432962937,0.9115646258503401,True,5
-0.4454129343980251,-0.89283624656833771,-0.066713976681831599,0.8951458323570276,-0.44259396973075321,-0.053146183040917422,0.017923634809549806,-0.083390735527015036,0.99635572389758387,11.832339071626686,-22.188360109966908,-3.6895700485098839,,0.2406697314755151,0.7804878048780488,False,4
-0.42633874625355095,-0.90367859171293774,-0.040003453884272316,0.90446236338254848,-0.42521241010138744,-0.033797034192715791,0.013531691224836277,-0.050590603628444593,0.99862780061297329,19.774444296900786,-9.034389322395791,-2.190479692657485,0.2223228836536638,0.2321574810050482,0.9491525423728814,True,4
-0.85495643574687252,-0.51198525819509966,-0.083190073722171617,0.51840620998556919,-0.84880685226356378,-0.10383606790907368,-0.01744976857729931,-0.13190156534824296,0.99110921831818377,-8.4072958677144705,0.304387990218981,-2.9335439810358244,,0.1366484512253635,0.3939393939393939,False,5
-0.65626311361022938,0.75453002149837756,0.0017811154553813192,-0.75417650856175855,-0.65587952043444364,-0.032246683678798016,-0.023162893778700965,-0.022505584470137018,0.99947835345216696,10.823338525919151,0.21906450235082137,-1.9905860521183858,0.1208020217079795,0.1236091232660476,0.7166666666666667,True,5
0.642002437964308,0.75963043603546609,0.1038964402491914,-0.76665344674392577,0.63757410056341146,0.075774394662159655,-0.0086811429860785706,-0.12829991012984307,0.99169741898279162,-8.4167506532165266,7.6089477109508321,-2.3847020074495329,,0.2444521933515353,0.3142857142857143,False,6
-0.98985163152159472,-0.14095231470193603,-0.018060801593566801,0.14179138318928761,-0.98809488719728678,-0.059696713040571003,-0.0094313958301222439,-0.061651754839144812,0.99805315985570053,5.6467210520821141,16.06120779094211,-1.407371170259121,0.3088350204632324,0.2295156606532622,0.7391304347826086,True,5
0.89626447073220938,0.44350732532777593,-0.0033542337001803875,-0.4435175363325643,0.89625909656502067,-0.0034390100241298918,0.0014810363282143617,0.0045699239661072142,0.99998846109659623,14.334910322903781,-0.25412834142647273,-1.8241931784539411,0.1321040203051685,0.1325201379130759,0.543859649122807,True,5
0.84268834357126199,0.53307373376658163,0.075556270271092185,-0.53811709457793466,0.82934613712159377,0.1503827695066598,0.017502803550428971,-0.1673839275726513,0.98573641134850487,-9.4533132425056383,-2.6456863637429899,-3.1361329724340004,,0.380493533637094,0.3225806451612903,False,3
-0.99074184115770259,0.13494608002126665,0.014837778349131543,-0.13263624365437865,-0.93884307688651381,-0.31777555578036315,-0.028952220099680605,-0.3168015663931546,0.94804985970261202,-9.0910621539804239,9.9495420203492895,-2.2871564727023874,,0.3157467442829983,0.2888888888888889,False,5
-0.97323104964904728,0.22977977693103585,-0.0047516431409220551,-0.2293500822464008,-0.97232972049450239,-0.044423579511937948,-0.014827804037833578,-0.042144617172395225,0.99900148521952115,9.5816951720589802,-6.0576804993816591,-2.3283825487415486,0.1721813442649882,0.1766264756793243,0.8169014084507042,True,5
0.88397354868964906,0.46709884421468345,0.020234499013663219,-0.46753440751199221,0.88299886436186803,0.041528102870953099,0.0015306892034547236,-0.046170068972840275,0.99893242099833979,11.438875625939694,-2.1121342767042028,-2.0538488547992118,0.1402795194597571,0.1210149133389904,0.3809523809523809,True,5
-0.9996711592449502,-0.021830251228610625,-0.013454125952823135,0.022581261773842433,-0.99803448014430673,-0.058457361040214845,-0.012151542723452376,-0.058741949017551059,0.99819924034987162,5.400027883343232,3.9350353550246142,-2.0364651375521738,0.1896006335085051,0.1595939158949344,0.8762886597938144,True,5
-0.21041022031378603,0.97573732350170039,0.060532757357001227,-0.97736623821337787,-0.20856178677630272,-0.035457262969750609,-0.021972154835927862,-0.066623243859884565,0.99753624885988568,-4.5601799090615653,-16.333186472524375,-3.902698299230059,0.1882115400086339,0.1652605548783462,0.676923076923077,True,5
0.13070790276746894,0.99022823536283244,0.048615697509556952,-0.99130875584669609,0.12979828728289006,0.02143257334303203,0.014912905008951555,-0.050994573325395864,0.99858758191535457,-7.7322037146351912,-0.9943333182188705,-2.9624544829320136,0.3905181985035907,0.1928353655330308,0.3106796116504854,True,6
-0.76398624656207403,-0.64372429354497573,-0.044091370629826369,0.64521896025360004,-0.76262754093227669,-0.045735403582487039,-0.0041843031986272625,-0.063389807631918565,0.99798007189278648,-10.505360950064137,9.6316092952855801,-2.5202236812227747,0.216879079955385,0.2592685953667345,0.810126582278481,True,5
-0.039040917070682302,0.99923671860841445,0.0013367793265432002,-0.9990103751783459,-0.039003474782307979,-0.021377540572436637,-0.021309084454767497,-0.0021700552052042223,0.99977058057341606,12.655792412184908,-1.4343296897589592,-1.967647033658301,0.1967801603291894,0.1794029716986407,0.875,True,5
-0.99397797539345689,0.10923115111998595,-0.0087372797670427597,-0.1086385370450932,-0.99272998692921088,-0.051815454453583154,-0.014333621364703302,-0.050554215220219245,0.99861845497769652,9.3193338851044913,10.178008085227436,-1.5784468416636659,0.2051329310742042,0.1955139269347076,0.9375,True,5
-0.98793062678493404,0.15479644106362467,-0.0055801876637724644,-0.15428961171839095,-0.98660517250440261,-0.052961772094091704,-0.013703735845211359,-0.051461591712597635,0.99858094924862773,17.421812168503287,4.3892511523607203,-1.4907032032608378,0.1391278376101402,0.1423439795955523,0.875,True,3
-0.047002813644051809,-0.99847774160300384,-0.028860613869229779,0.99871476039582063,-0.046426254077901241,-0.020332985511585609,0.018962143261317531,-0.029779228594112354,0.99937662303421848,-13.183354700688611,-5.6144972392838186,-3.4609169635939114,0.2685061739508156,0.2550481233910465,0.9885057471264368,True,5
-0.33034711812295831,-0.94348870832367548,-0.026454466798234051,0.94368084225578353,-0.32960949726924799,-0.028706223529556547,0.018364354256860071,-0.034447591724767627,0.99923776645856044,-17.224945865861802,13.041993769205858,-2.6824581232380504,0.3612937906466686,0.2748964445219466,0.7017543859649122,True,5
0.9769253318888812,-0.19070083537169777,-0.096177374170520885,0.21301001334053557,0.9028467578625311,0.37348957955180173,0.01560865562643356,-0.38535817521580279,0.92263505605623009,8.4218480198362311,16.293657986654821,-1.2873842157041753,,0.1611497262701731,0.5384615384615384,False,1
-0.97059628038710166,-0.24033147048875195,-0.013551560479764056,0.24069139628491026,-0.96972733412386902,-0.041189187991927056,-0.0032422604989225078,-0.043239816670843291,0.99905946069347096,-6.9812962839267323,8.4324148506467509,-2.3359258841163895,0.3199403029052985,0.2818843084223899,0.9736842105263158,True,5
0.26200740201504963,0.93267756861510565,0.24792070161956953,-0.96123077360886022,0.27508758652319454,-0.019032067889664495,-0.085950690262714291,-0.23332246514868513,0.96859336467906088,-7.7911358839327969,-7.2023373311996162,-3.3756965493579343,,0.3616349528880174,0.2857142857142857,False,6
-0.65023103543646499,-0.75766008866454992,-0.056131903584761236,0.7596829025009878,-0.64753023389243392,-0.059887259437085477,0.0090270816379111034,-0.081583002151405293,0.99662566972613476,10.514899405725425,7.2923206097993161,-1.6925322972248877,0.0931791670004353,0.1620615212455599,0.6119402985074627,True,5
-0.91294760665287955,-0.40753477523536102,-0.021025567308487841,0.40807285341342259,-0.9119525598311633,-0.04265061458427899,-0.0017927113006237592,-0.047517739753202497,0.99886878547431857,13.63533306471251,8.6577509285181087,-1.3264413308276291,0.2452617842834484,0.2141117091698652,0.9012345679012346,True,5
-0.97582322399948107,-0.21724030151821697,-0.023993476186966317,0.21833528536760083,-0.97391344512774136,-0.061824789226200563,-0.0099367332010387582,-0.065568687616041385,0.99779858114631681,6.0791285065320562,10.113761376421499,-1.6881356233010996,0.2562323169123411,0.2066979380944665,0.8909090909090909,True,5
-0.47603659876314197,-0.87793438406240698,-0.051189587993867518,0.8794033806551772,-0.47563008770222409,-0.020632832200662542,-0.0062330353974122598,-0.054838279999806797,0.9984757945570828,-16.878511984828748,3.3690790218518925,-3.3142453053833778,0.3773812885419796,0.2649210278827218,0.2,True,5
0.91590921466796305,-0.35772147499542817,-0.18205948701842431,0.39102237490718089,0.89760104966653431,0.20350395072205762,0.090619053229796964,-0.25758047667599482,0.96199817319322589,-6.4967985751198016,-6.7597633654320939,-3.3419307707202801,,0.4472548391238373,0.2586206896551724,False,3
-0.98257715027026071,0.18585341523218479,-0.00080734955679803017,-0.18524144199411927,-0.97967599658657678,-0.076945109526448591,-0.015091452372554827,-0.075454951849636354,0.99703500355135788,11.106335223936139,-23.8918608524531,-3.8513965926327898,,0.08705637069759901,0.391304347826087,False,1
-0.99923703072465819,-0.036626725740166226,-0.013558738515218938,0.037332304001270904,-0.99772841009793922,-0.056074225464075839,-0.011474123344558133,-0.056537621501032018,0.99833453403580141,13.544955451739318,-3.1851218798731327,-2.0229658194383835,0.1683024944598434,0.1850184235621904,0.7272727272727273,True,5
-0.68792863213750977,0.72576158058299434,0.0049320619509417348,-0.7253619991674034,-0.68728798594377238,-0.03853822182224554,-0.024579813857758315,-0.030089076539941903,0.99924495506541888,16.485300359330221,-8.6350803928595639,-2.2448595482738027,0.2135954042829992,0.1897649595797887,0.7884615384615384,True,5
0.062305267730270217,-0.99681810453602437,-0.049716396513300953,0.99784336307346,0.063245541556623305,-0.017567704558569753,0.020656146380849897,-0.048514615760797873,0.99860886020216932,13.222727867789185,-9.4845370108662035,-2.4287126818918252,0.2434321836903068,0.2178449686500967,0.6363636363636364,True,5
-0.7334040704334519,0.67686738028660232,0.063000150599798049,-0.67914586772358454,-0.72550994602014829,-0.11133826197593524,-0.029654001848393986,-0.12444222647395323,0.99178363186966434,-5.3485354404090106,-1.8704497541633991,-2.982779545252817,0.503974580953299,0.4043547409792014,0.475609756097561,True,6
-0.46986008122667383,-0.88183996040697921,-0.039872149416374444,0.88256729423142155,-0.46839243947465203,-0.041030400875605826,0.017506433751393279,-0.05446840251377566,0.99836201745905095,-14.760729765792973,-19.403201404370297,-4.5727155775940593,0.3122245054327902,0.3125287852619233,0.8709677419354839,True,3
-0.4864048763400548,0.86915587519236803,0.089321670893503749,-0.87284359912535781,-0.47875078566869511,-0.094560756593321527,-0.039425217038215277,-0.12395866181997291,0.99150385900474136,-7.7629040186475962,10.591205692709186,-2.2341535594898687,,0.1924972195098286,0.3529411764705883,False,5
-0.73104510300530579,0.68211522875074126,0.017084264054569781,-0.6820356143265176,-0.72976719102092358,-0.047615834547774932,-0.020011950484949824,-0.046461399201436646,0.99871961041226831,11.528522365806506,9.2457173591517492,-1.4882023344317177,0.1983831222280571,0.1576390858513407,0.7538461538461538,True,5
-0.86823544298356503,-0.49515752657922391,-0.031404449033175547,0.49615182518322715,-0.86639611533087679,-0.056490155840798528,0.00076283319575488721,-0.064628130187330032,0.99790912555903821,6.9886835366409814,-8.4976568926443843,-2.668136250449225,0.1768189585764612,0.1625801808129776,0.8350515463917526,True,5
-0.89738791981282162,-0.44066131879897341,-0.022638981610636232,0.44124113653144309,-0.89607690723353672,-0.048501914964468699,0.001086649187942608,-0.053514282552694484,0.99856649290691357,10.455374130822156,-4.3914559875298211,-2.189620978196571,0.119993892679723,0.1225757248078561,0.5227272727272727,True,5
-0.90570346622968689,0.42384559852062048,0.0074926546848808773,-0.42355304224487356,-0.90406851849631464,-0.057122099654956168,-0.01743707729644469,-0.054909220342083009,0.99833908360675838,16.675589275615209,-5.5399941695534807,-2.0720161376784265,0.2021024534960454,0.1776349962107961,0.9,True,5
-0.60470756896141042,0.79104424728790756,0.092616169611409685,-0.79579192117711217,-0.59539305433766931,-0.11055464275960064,-0.032310590059958962,-0.14055642880768426,0.98954530775038718,-4.5722582831804246,-9.9285236545946436,-3.4253121984570658,0.4022701917983341,0.3520559707826651,0.1578947368421053,True,6
0.10715286513675111,0.99164512359399626,0.071820695800257489,-0.99421930310003692,0.10736448904050937,0.00091860565420038426,-0.0068000614896348184,-0.071503953354470129,0.99741713631680684,-7.1267024604651459,14.861986729255241,-2.0244854543265234,,0.1270540343476693,0.4285714285714285,False,2
-0.64960792270922474,-0.75900280007831977,-0.043866800962415159,0.76022323135693215,-0.64785051125444337,-0.048480445259723143,0.0083776642705760077,-0.064841842514125669,0.99786038612660799,14.342923136852178,4.9968745431062205,-1.522260736935555,0.1199688920953517,0.1284353515020729,0.3846153846153846,True,5
-0.99992579468037734,0.0090394548512006817,-0.0081666020356980472,-0.0085779228209520511,-0.99845592333096611,-0.054883407377696376,-0.0086501082591001824,-0.054809282254938273,0.99845937233610293,11.684735232990674,-9.6969125216609395,-2.4809345763100836,0.2282980352608847,0.1102380450536095,0.5614035087719298,True,4
-0.97330121084578902,0.22949229635498064,-0.0042472202485147603,-0.22897455634106656,-0.97206127422788213,-0.05164815286995985,-0.015981411531317876,-0.049296704354193845,0.99865631196387217,6.3906005210835133,-0.81516271802888174,-2.15084819979639,0.2254369517886109,0.2032433377076425,0.9836956521739131,True,5
-0.51291413896120852,-0.85711626505325,-0.047652851277234384,0.85836761813413931,-0.51135971276422421,-0.041427965197624539,0.011140834457421095,-0.062152653546394529,0.99800447366970013,20.585314616248503,-7.2116072817315278,-2.0334818248378101,0.2688775760721661,0.2185003615549021,0.7692307692307693,True,5
-0.69046510425814278,0.71957667288822602,0.073941542024104967,-0.72203077155311057,-0.67937367112911973,-0.13085480467664265,-0.043926128126792932,-0.14373874499122827,0.98864031298351118,-5.8316906332343041,-4.8411228760312444,-3.2057527452914378,0.4132685843743442,0.3611852299798596,0.4285714285714285,True,6
0.67856020689381091,-0.73366625362533378,-0.035914814653517299,0.73409681877249122,0.67904263625883488,-0.0017201194029688588,0.025649683981236217,-0.025197746605990098,0.99935337457660256,-16.251216010897245,-3.4715545769744418,-3.737171595758328,0.197507803521596,0.2303497882027986,0.6666666666666666,True,5
-0.99937779692851858,0.033888306425629566,-0.0097776118712001783,-0.033211686344905428,-0.99748590347477684,-0.062600768839017884,-0.011874464048066457,-0.062237087469700587,0.99799075248564328,7.1533879247719403,-2.4887883719876198,-2.2717968489857254,0.2246052334244267,0.1827220863987253,0.9319371727748691,True,5
-0.98386051310502787,0.17828556588586417,0.015256072544039722,-0.17831057722135463,-0.96971715925212554,-0.16689508411866349,-0.014960909186914274,-0.16692180219715361,0.98585662403189034,22.292361463717327,-12.01268186348319,-2.3533175924834904,,0.1227454641809041,0.3333333333333333,False,1
-0.43165162297171666,-0.90058426205962694,-0.051233419917073919,0.90202278308522887,-0.43059147499604722,-0.030755169580183248,0.005636947849703298,-0.059489230884629714,0.99821303148561147,20.881179501832587,-12.250518574385612,-2.4009173057549442,,0.194878076687505,0.5,False,3
-0.040363523716450904,0.99908641263933284,0.014040157857380345,-0.99895494282651909,-0.040048687303701501,-0.022025549884539499,-0.021443137728828408,-0.014914513894827177,0.99965881635667264,-8.2593433731175612,-22.235037064728274,-4.5225619099474939,,0.333161078149162,0.8163265306122449,True,5
-0.67424631761987552,-0.73766394331074203,-0.035267689395312926,0.7384731111849353,-0.67299221410962817,-0.0417006451348471,0.0070261819560909159,-0.054160746736604523,0.99850750937589516,12.658164810765676,-3.5957722177105267,-2.0890189611877656,0.2050038273478847,0.2183056984073527,0.975609756097561,True,5
0.89344898417664143,-0.4310395909156523,-0.12630828847306352,0.44858122716495613,0.87061052067758293,0.20202030571378266,0.022886574861904291,-0.23715436396738571,0.97120235396250743,-9.5645514519930703,9.2774723430379744,-2.3732915131029895,,0.2692664866181121,0.3870967741935484,False,2
-0.96107437189349088,-0.27585604199862651,-0.015475651275007688,0.2762754168761079,-0.96008707488281686,-0.043642899455593576,-0.0028188152593646119,-0.046219614189327352,0.99892732545702501,10.148367957517568,-15.395762711072065,-2.9877484775062455,0.1670200766713796,0.178506448876062,0.8923076923076924,True,5
-0.7626576315563186,0.64673143376049691,0.0095806896933188068,-0.64641126507275504,-0.76159777412584662,-0.046057646852580757,-0.022490296039582136,-0.041319281608574274,0.99889283887282132,6.9624238219048857,10.426635538510634,-1.6152932161560463,0.2008814639887022,0.221027437869014,0.8962264150943396,True,5
-0.95916545192833647,-0.28215141168240093,-0.019804461940144111,0.28278884842422636,-0.95802197382904808,-0.047163172789742892,-0.0056659539364721616,-0.050837766928962726,0.99869085227595156,6.2408334700759935,7.4840568281685993,-1.8476882103856178,0.2108143992096408,0.1872758818753573,0.8532110091743119,True,5
-0.64893108216853801,-0.76045791571275789,-0.024335345187184804,0.76081912051286538,-0.64830038327541661,-0.02934073801014029,0.0065357828606738989,-0.037554912791234796,0.99927319190882047,-7.7499513596294296,2.4700728247411221,-2.7456836914331344,0.2748693411619035,0.270895821537889,0.9434628975265018,True,5
-0.28698240985219803,0.95440896511066009,0.082125658303746796,-0.95771821163173154,-0.28403344636243111,-0.045834795258598342,-0.020418705746021216,-0.091807018598137724,0.99556745014678871,-3.4421164980831489,-9.9633176278234021,-3.3301209581752533,,0.09590548552588381,0.21875,False,5
-0.76431246096023253,-0.64408254211108984,-0.031371021160091439,0.64478734759261258,-0.76268138514741701,-0.050659462433972083,0.0087027814745865486,-0.0589472959289188,0.99822316036909908,-13.054683321314087,-13.210547936580824,-3.9945824948048307,0.2623648079205192,0.2601488957538201,0.9791666666666666,True,4
-0.93745627927322062,-0.34715175710535212,-0.025717348033517079,0.34808506209968421,-0.93559693935296584,-0.059119849597427013,-0.0035375124408826772,-0.064374098922082276,0.99791956659527492,5.3258187079701225,7.9216999685748313,-1.8446079421218882,0.1930974741759905,0.1792135080053321,0.9754098360655737,True,5
-0.17500510791541823,0.97598216646718372,0.12973828633651666,-0.98407243293207602,-0.16921350420096137,-0.054481526586330799,-0.031219528290136894,-0.13720641651925183,0.9900503726171147,-10.144424906832816,11.933847292244652,-2.2588149287341546,,0.2109257308705615,0.2571428571428571,False,2
-0.94956193450441195,-0.3130905331948951,-0.017505729461348162,0.31357889703995456,-0.94796546977680241,-0.055043105308938189,0.00063864813726569741,-0.057756264894654838,0.9983305093975513,15.867293440672206,2.7060429285266649,-1.624098466331841,0.1123658977052399,0.1558985510242181,0.75,True,4
0.97969997807531506,-0.19569544133946834,-0.043488472014735921,0.19985731884975386,0.97038826570590742,0.13566011161158459,0.015652637522588927,-0.14159769778930201,0.98980052885384651,-9.0701620554445519,21.025901664873068,-1.8267861133594407,,0.2556234610355976,0.5666666666666667,False,3
-0.10018574946681279,0.96902526858148286,0.22572736753517064,-0.99491839834411366,-0.095286104852864123,-0.032525972058536787,-0.010009807198780134,-0.2278389498583461,0.97364737800052104,-6.6713055811123629,14.003608250584712,-2.0476402546699441,,0.2174629753673636,0.15625,False,4
-0.82251430940959724,-0.56692851838706981,-0.045412177396552567,0.56873850633366019,-0.81951565676594018,-0.070218229320082079,0.0025927263278904562,-0.083583152339046507,0.99649743322060658,15.917351770161007,7.3612569553653184,-1.3706804463344198,0.1607393659258696,0.1104789228570528,0.84375,True,2
0.65871048787016995,-0.75216959424682273,-0.018476868252291653,0.75206300058984965,0.65895104362233747,-0.013592838291682875,0.022399471280237802,-0.0049420238366670397,0.99973688542874295,4.7394556620144144,16.65475753696807,-1.4550537732134823,0.1430778015846655,0.1590144833260831,0.9333333333333333,True,2
-0.96699133099020396,-0.25390200673128865,-0.021483406797312313,0.25477145970103632,-0.96485775668181406,-0.064350700794486182,-0.0043896596220528109,-0.067699928720514974,0.99769607122592219,-19.84444420988482,8.2646566355506987,-3.1204766878131398,0.2768824741867982,0.2382231485980524,0.8947368421052632,True,4
-0.10159686040545983,-0.99356795789083141,-0.050007909458371469,0.99463105176320299,-0.10045434673087604,-0.024859507060629286,0.019676097788384639,-0.052265067449646346,0.99843938919711372,16.081155161328091,-19.339627317706146,-3.0938351740472947,,0.2060453926279361,0.4411764705882353,False,1
-0.3628237957758233,-0.9312268978217485,-0.034283494455896672,0.93173865193949135,-0.36194359780270269,-0.0293243327565346,0.014898916094944138,-0.042582822627431363,0.9989818444377645,13.604028408462634,1.0141193691317232,-1.7913990095278565,0.1343461096039317,0.1404646838706841,0.803030303030303,True,4
-0.80532484769054946,-0.59169913153469222,-0.036660979709827179,0.59281651484969644,-0.80328815322236702,-0.057417093396125642,0.0045243136113041309,-0.067972646216624105,0.99767692664141372,14.200114030345052,6.6086600668997937,-1.4326876688054031,0.1220082297223999,0.1394506326213667,0.8363636363636363,True,4
0.23888397799735545,-0.88865847234450801,-0.39143398496615689,0.97092508928767929,0.22500442881389579,0.081715836934135228,0.015456909389415692,-0.39957368099570717,0.91657075962942969,6.0697681841470805,14.829172102409041,-1.4611763916840081,,0.3086342118880236,0.1818181818181818,False,3
-0.52124455521387614,-0.85293310051874804,-0.028447138685006639,0.85329266311294705,-0.52033840140616128,-0.033757652461268384,0.01399088051208827,-0.041869727268711091,0.99902511540047922,-1.2082950751126096,-28.119380433705526,-4.7535986611822274,0.2982312934303394,0.2684538499081022,0.8055555555555556,True,2
-0.13750828093703127,0.99003473944587961,0.030375769357692643,-0.99024927501614413,-0.13671790718932009,-0.026731763573961523,-0.022312462969026631,-0.033755422439983335,0.9991810273679913,23.265720980638879,-0.55784588679044234,-1.5403350755682452,,0.1787406871449691,0.6666666666666666,False,1
-0.63889155146660526,-0.76519233548632648,-0.079361673228168908,0.76924620022080392,-0.63425769778145391,-0.077314010701969957,0.0088243362610727991,-0.11044393382142137,0.99384318107616987,15.187396261955197,15.955844978238323,-0.99231124086612466,,0.1668458541600509,0.3333333333333333,False,1
-0.97376176935966519,-0.2265680972656503,-0.021328709172309872,0.22748634468174164,-0.97165805246305748,-0.064269682331859382,-0.0061627523781204018,-0.06743534967004372,0.99770461264745347,11.986758296578612,-22.989589143949033,-3.7840587412144968,0.1092522344294575,0.1601895578633011,0.9411764705882353,True,2
-0.87535440699983336,-0.48089035801010993,-0.049991256424279859,0.48339795404166092,-0.87243722235786492,-0.071970209620574099,-0.0090044530264779734,-0.08716511123954028,0.99615318260209973,-17.539744934433571,-13.468532887004807,-4.2857312720535585,0.286055398912369,0.24589764368768,1.0,True,3
-0.91729308200785487,-0.39683517771003363,-0.033094462261493526,0.39820709143385707,-0.91455018904043306,-0.070915894254366868,-0.0021246252185427514,-0.07822910876364815,0.99693314345031525,-10.389905652713887,-26.193837720078065,-4.8726467376914506,,0.3041971421620083,0.8936170212765957,False,1
-0.99611006958951909,0.087855612960593188,-0.0067912100307659928,-0.087124847169229122,-0.99349393766900362,-0.073342053561901932,-0.013190537066472489,-0.072465074941359744,0.99728372224038697,11.997135174184409,4.0805435937200158,-1.7461144226134722,,0.07123018733837524,0.3157894736842105,False,1
-0.59564747270149199,0.79715603716640382,0.098723556831595019,-0.80275784600066113,-0.58648813154302315,-0.10775672713827751,-0.027998731198127152,-0.14343613201815431,0.98926343664514693,18.591459490320172,-19.841284185193043,-3.0996778209992977,,0.1806305008377534,0.25,False,2
-0.84578909480316689,0.53344626354612001,0.0087115452546771589,-0.53311108196149248,-0.84439515772543861,-0.052814693975066287,-0.020817814531975454,-0.049314313525755001,0.99856633083616297,15.746070742724676,9.0462439835300543,-1.285855981976916,,0.1662705749528325,0.8181818181818182,False,1
0.28633315284614486,0.95606162272196771,0.062924551165845111,-0.95798281086072323,0.2868226476992739,0.0013049376096045534,-0.016800585602086696,-0.060654285298031324,0.99801743371466767,-4.2796392199437401,-6.9572934466660037,-3.226065783261062,,0.08939699985654134,0.1627906976744186,False,1
-0.19566985986694618,0.9674375325957425,0.16055505742489595,-0.98040544617466885,-0.18917626515507727,-0.054931792370401987,-0.022769871556482531,-0.1681575488256114,0.98549711908369564,-5.1945823974545284,-2.7633045602578323,-3.0319024404728405,,0.5364286003933652,0.1680672268907563,False,1
-0.68718904177533646,-0.72553168713390292,-0.037080882251203824,0.72644845165205174,-0.68579942712353426,-0.044179099689433961,0.0066232889286210912,-0.057296742679358248,0.9983352219180206,-20.919983504186952,14.969031039406108,-2.717631219777306,0.3112968897860863,0.3171159531184227,0.9482758620689655,True,2
-0.72648023753341961,-0.68674248703265306,-0.024722883682804311,0.68716023460288123,-0.72566163057212696,-0.035014424112301462,0.0061054446111891911,-0.042425869697736207,0.99908096224805087,16.591786685169424,6.1480924853948045,-1.4355697821566362,0.1824081732969003,0.1930762845637812,0.8727272727272727,True,1
-0.74547624599258278,0.64443702581896378,0.17019426081514744,-0.6661536653278527,-0.71175048130611429,-0.22282402592804487,-0.022460205499357358,-0.27948554902556777,0.95988716370977878,-8.0629222381484631,-3.6152853298006034,-3.165942130368717,,0.09458300470055886,0.5,False,1
-0.86957828350275701,0.49195509975885299,0.042588598024058212,-0.49337943267692652,-0.86207059702850819,-0.11580596336244829,-0.020256956133436317,-0.1217146891717165,0.99235839804379111,-3.8778587780342839,-26.435158736881196,-4.6939018549795675,,0.1293482891382669,0.3076923076923077,False,1
0.43801995723379344,-0.88705450993599977,-0.14585202592733681,0.898649546896928,0.43636412560163734,0.044892557844970538,0.023822445862065778,-0.15073369328096994,0.98828732906125383,15.784065950539627,-11.034444332068501,-2.4464795709770524,,0.1592291549426855,0.2051282051282051,False,1
