axis_00,axis_01,axis_02,axis_10,axis_11,axis_12,axis_20,axis_21,axis_22,location_x,location_y,location_z,dbh,dbh_approximation,score,reconstructed,number_clusters
-0.99817719371374958,0.0069687109688354593,0.059947702351113595,-0.019689179148120552,-0.97656541940099517,-0.21431826299835521,0.05704933105846284,-0.21510792337241269,0.97492253801427264,13.865179394584214,-12.3596638479489,-3.3436779591766412,,0.2792832772897682,0.2068965517241379,False,2
0.99673274476323614,0.080183840033121498,0.0097153133911259595,-0.079766212528958061,0.99610252170492564,-0.037644622349982206,-0.012695938544672457,0.036746674007731232,0.99924396175000174,7.2494679559303892,15.802028291539438,-1.2825382558477501,0.2616330046792152,0.2492901723993204,0.7073170731707317,True,5
0.99264192460371903,0.12099871514850022,-0.0046174074367976445,-0.12100157945458048,0.98979166366692239,-0.075306575443078713,-0.0045417274821501598,0.075311177575970639,0.9971497376239935,-16.152164950737344,2.1038205070640337,-1.4011373972107999,0.3015124299390843,0.2856878993865645,0.978021978021978,True,5
0.95349957980383138,0.30138653249328701,0.0021701026680512798,-0.30026841394327425,0.95053471642914789,-0.079514982556434716,-0.026027502798146317,0.075165889169439642,0.99683130879976878,3.7072556939084724,3.5120713166165545,-2.051081062558695,0.3096970066271746,0.2806780721198702,0.9938650306748467,True,5
0.76912167728633773,0.63570581103689194,0.065802487355568151,-0.63619029174471919,0.77136588737686618,-0.016018129761936048,-0.060940612222238524,-0.029543012798776636,0.99770409048813247,-13.482756775729587,-18.141091427956795,-2.8567944741728213,,0.3626409669945343,0.2926829268292683,False,1
0.59333109521876481,0.80103614728962269,0.079368143369366345,-0.80135504158100757,0.59711589904731865,-0.035814807518890233,-0.076080935714566866,-0.042352022859733517,0.99620178547344773,9.5586119901849997,8.5870059882675456,-2.0092841666827046,0.3668344154625856,0.1561605241430628,0.2258064516129032,True,4
0.59789370083773896,0.80140326842854637,0.016610955739960073,-0.79763424456587861,0.59687867739405109,-0.086691731832670357,-0.079389762528751587,0.03858297324430781,0.99609669198389406,-2.5056732763091443,-6.52092426415168,-2.3043556999601531,0.257032158830009,0.2254650831050026,0.9900662251655629,True,5
0.21790633980748053,0.97560322053760073,0.026742908375299936,-0.97122407340704076,0.21946425520216956,-0.092516160335334871,-0.096128176443450716,-0.0058134985352952494,0.99535198644923506,-2.577229600809146,18.207361481448793,-0.5791829742426613,0.2896680856120454,0.2284406481229327,0.4333333333333333,True,5
-0.52241815254498136,0.79477755600333411,0.3088817093400904,-0.84812468089956461,-0.44689807563026557,-0.28454636818447993,-0.088112425573812422,-0.4106223891500963,0.90753812811813384,8.3775296662166401,-0.81690824646399995,-2.3333105663728104,,0.3626349182109702,0.2933333333333333,False,7
0.62026698960412208,-0.75039812266570016,-0.22841085593122015,0.77944939542273084,0.62228284727509553,0.07226823619225152,0.08790620901039449,-0.22286030487054556,0.9708788713997375,4.9801449664080879,10.628419687876816,-1.5340019433246199,,0.2811730258635621,0.2,False,1
-0.9834955098227991,0.18092143531137131,-0.0020040966206056614,-0.17901739158833518,-0.97463300227499061,-0.13432529317051836,-0.026255583545220989,-0.13174955453932416,0.99093526489442707,1.438381230911647,-17.762584382993012,-3.2264319826216488,0.3187346482405433,0.2958517358419268,0.9655172413793104,True,3
0.64629340799100954,0.76244416948269822,0.031364298321584293,-0.75935002174984456,0.64664703143978175,-0.07235441381580604,-0.075447831353043879,0.022945700075545413,0.99688571039621487,-10.655742234483524,-7.4826919233683231,-2.0938077075714041,0.2708505017276375,0.2392912556978201,0.9366197183098591,True,5
0.95823789227687861,-0.28575151577778807,-0.011234457506290027,0.28374746719558241,0.95493984050386416,-0.087047549526366577,0.035602200281105383,0.080224511523286551,0.99614080886488776,14.287006868866611,2.3065512738373148,-2.7893004263145111,0.3399980375592309,0.2969983080717152,0.99,True,5
0.99816691909045763,0.060125090301381211,-0.0069119570104777574,-0.060429444409443617,0.99641684024366439,-0.059175693719618408,0.003329246435741352,0.059484905607077164,0.99822365335784724,-10.86379030791699,2.2065323337576288,-1.4369853075432173,0.2955544364183403,0.270829078239872,0.9344262295081968,True,5
0.77949744168218227,0.62619897695752791,0.016080412565568688,-0.62364183907984638,0.77821141882212952,-0.073877223580447585,-0.058775802504435218,0.047558688713987503,0.9971376916794219,-14.757197456872056,-14.641845578332953,-2.5393356754123708,0.2703945176565171,0.2642407270090623,1.0,True,5
-0.74553472411707034,-0.58692824065996652,-0.31574232445378708,0.66338442466242253,-0.60801211216648221,-0.43616783074197474,0.06402405993835944,-0.53463680361031063,0.84265319555221507,1.5129796138169271,-13.012316280211381,-2.8828388357511892,,0.4180979531150602,0.26,False,1
-0.70739211958145509,-0.70358091872336526,-0.067603845766647977,0.70063089835994763,-0.68535131304170327,-0.19851932393433425,0.093342023855219308,-0.18779634852786017,0.97776264914457289,5.3206656837415798,5.2190899148396461,-2.0672878015091931,,0.4086426191155737,0.6046511627906976,False,3
0.99308082721148372,0.11717182088509953,0.0078252805333453353,-0.11633650348983691,0.99070710668455908,-0.070464506813495253,-0.0160090156072933,0.069066584939318595,0.99748359297990719,19.733998245507969,0.78221718300919907,-2.9803613858291986,0.4434227946585523,0.2084826556291901,0.4545454545454545,True,5
0.99993400822297018,-0.0075387093983306595,-0.0086687403785972172,0.0068757028616057269,0.99722548125608623,-0.074121955207113399,0.0092034726762731788,0.074057460084544738,0.99721150650026213,14.380612140756202,-15.382301009222903,-3.5332866912343275,,0.1762885705984992,0.6756756756756757,False,1
0.96435532320218631,0.26433803451967647,0.012008918264364492,-0.26334596578791813,0.96318912958872371,-0.053996323442849346,-0.025840141540526902,0.048909141767061529,0.99846891936443083,-11.203238189825017,-18.019887306015463,-2.8325851538035347,0.1719601113366417,0.2197614681087603,0.9591836734693877,True,5
0.53217898766141758,-0.84379092802530764,-0.069299313660809103,0.84181495163453868,0.53609456873839256,-0.062850621108598154,0.09018376958304905,-0.024889418462215644,0.99561408414726871,4.4308757879267731,-12.028717850645867,-2.9510055124777281,,0.08570667746724506,0.325,False,5
0.95821839992011959,0.28603753784796726,0.0001581024992296494,-0.28529446574611261,0.95576865217213935,-0.071507701261429552,-0.02060499621858105,0.068474889316642015,0.99744003512186508,-10.269835572270656,5.7211122385927764,-1.2074863184512963,0.2888640212456306,0.2503512065388995,0.957983193277311,True,5
0.82240119541152235,0.56886287962447257,0.0071622601916130867,-0.56885502191699522,0.8220877391558844,0.02399402361802902,0.0077613030809602114,-0.023807001384474651,0.99968644527149897,15.710331346548838,-9.0556405440987042,-3.1324291376365356,,0.2289241685284062,0.4130434782608696,False,4
0.99501148312833165,-0.097731994361648811,-0.020015137292863108,0.096709897678767032,0.99420765405585032,-0.046886419224811647,0.024481505952860385,0.044716863651837274,0.99869968357430772,5.9481144756726634,-14.501943431397988,-3.1429218126339733,,0.370295330689361,0.3972602739726027,False,2
0.70401567793138908,-0.70422755273977489,-0.091790409024875522,0.70461290460926818,0.70879179790975644,-0.033687414177180929,0.08878389428774075,-0.040960238988586833,0.99520835955949505,15.30031206540894,-18.299434119578638,-3.7637963118361206,,0.1633495650031551,0.3043478260869565,False,3
0.78744912714869997,0.61543758967203133,0.03406531038210811,-0.61395879550889887,0.78805101872984007,-0.045057621953685963,-0.05457535680149863,0.014565888147990196,0.99840340811339767,-5.5065585433762756,-19.212609023959036,-3.0905345454438575,0.2810245128547342,0.2051308693629926,0.9305555555555556,True,5
0.65091496367655932,0.75909979765405355,0.008786766385840878,-0.75552979971620438,0.64889607725687892,-0.090047779880613257,-0.074056949726114998,0.051974783522496716,0.99589868464370102,11.496918633883588,8.6678812879586964,-2.123919977881441,0.3620884566306529,0.324845354609917,1.0,True,5
-0.80107640987785422,-0.59820353110722069,-0.020715233719688322,0.5958883255916364,-0.79375275187224625,-0.12195766609292268,0.056512732731702327,-0.11004137524626502,0.99231910531497203,-12.989477530451415,-11.075302807881338,-2.2824451681431781,0.2553413774999069,0.2614577652663065,0.9923664122137404,True,5
0.96073639181465975,0.27743323376384033,-0.0040479928713215308,-0.27666532528021159,0.95676793097352342,-0.089729727784260138,-0.021021018779846537,0.087326554174437881,0.99595792567029418,13.361501800230748,-10.858221283445676,-3.2200244668798366,0.340293372877134,0.3106446096414291,1.0,True,5
0.85273208405126344,0.52231843887206542,0.0056072492220421485,-0.52012524524033543,0.85004301874194887,-0.083045743730527588,-0.048142726275841922,0.067899298246181544,0.99652996101693103,8.1103653727078466,-8.8754359577103159,-2.7537167701638756,0.3082874982019525,0.2761236874795777,1.0,True,5
0.33263423693645722,-0.93236546902131701,-0.14159483251291849,0.94263747251623875,0.33318985058086864,0.02047239307205119,0.028090208719390615,-0.14028241388912252,0.98971298088261062,5.2964258049757902,4.918837591303916,-2.0761252449229288,,0.2090479277520371,0.3235294117647059,False,6
0.38232952775981038,-0.92299639054689608,-0.043609577392609192,0.91852942075314759,0.38477181934397758,-0.090853454802846664,0.10063714728591926,-0.0053207213916032139,0.99490896795135231,18.873287579825856,-1.4713177014158518,-2.9879529924723385,,0.2715875845867525,0.4230769230769231,False,1
-0.0021467564719751058,-0.97667487873751202,-0.21471276785444302,0.99879960747496199,0.0084130640710419931,-0.048255201385941152,0.048936035234898478,-0.21455862041876206,0.97548442471393959,3.692714439610949,8.1262301857015355,-1.6904006800688975,,0.417055157114929,0.6179775280898876,False,5
0.51299461817216441,0.83629450151726659,0.19351493084096352,-0.85433587515405107,0.519316614545412,0.020505274488642963,-0.08334707044136426,-0.17584584325220701,0.98088302322945908,2.8078287737027261,5.8124306485826418,-1.7678646580949291,,0.3408412290620703,0.3795620437956204,False,7
0.58785100719732242,0.80862788381633366,0.023497635025934268,-0.8048119759416601,0.58752425086362903,-0.084219582212287647,-0.081907732955896873,0.030597388154052847,0.9961701275987831,19.501708223894248,-8.9961118249222931,-3.2764369100034814,0.4633929076538278,0.3755799627960962,1.0,True,5
-0.86072952334622155,-0.5076570195761223,-0.037802620481589146,0.49891386518842451,-0.82648685786908105,-0.26077658808344018,0.10114169646062335,-0.24331835985963407,0.96465876505232906,5.7041774963809893,2.6639015730047197,-2.2148856763986524,,0.3012694663641603,0.5421686746987951,False,5
0.99828322327201591,-0.054750097899766745,-0.020809442895005158,0.052954210479386622,0.99548392367923921,-0.078788382955175748,0.025029137542858987,0.077551173273861906,0.99667414825393552,14.825949563444619,-4.0361237867292719,-2.868087499508766,0.3762538645291296,0.2859709883599916,0.9918032786885246,True,5
0.99061390449241737,0.13667153806825491,0.002232242895930749,-0.13624085825917898,0.98855135668914351,-0.064843224232426597,-0.011068909932382534,0.063930476848776827,0.99789296688712936,6.7097345565214246,7.4194615460056914,-1.9659122248386303,,0.2350848307997654,0.5833333333333334,False,5
-0.18538145857241908,-0.95588275145790313,-0.22786373182854636,0.98063013764588114,-0.16503393413982725,-0.10549091772731913,0.063231700579561456,-0.24300610290196498,0.96796166556027252,5.8073379732938628,10.074281834667691,-1.6850283142128024,,0.3361230566805544,0.3565217391304348,False,7
0.57525626272993291,0.81765797206960711,0.022708432376741423,-0.8139632594809858,0.57496108893078557,-0.082967212985708319,-0.080895268125403763,0.029243579236200894,0.996293515319846,3.8167637838678048,15.592500209307689,-1.0381047673589019,0.2994366787109942,0.2608321319449299,0.9772727272727273,True,5
0.4570419036696029,0.88744360736768013,0.059636750685320337,-0.88482053352520551,0.46047085244426161,-0.071128176564736773,-0.09058323102117069,-0.020259264337399902,0.99568280113009444,14.45782775942568,-12.654283176453786,-3.3840959325272402,,0.1342129226936518,0.6170212765957447,True,4
-0.5807065948878124,0.81080402801869789,0.073325839936942971,-0.80686785184663035,-0.56121004294114851,-0.1844113807724454,-0.10837029256308092,-0.16625316794169751,0.98011007740923839,-9.9579936151741553,17.948441055643311,-0.354534461804973,,0.2172855104575485,0.3076923076923077,False,3
0.92711639699858628,0.37470763377285921,0.0070267779746446234,-0.3733682834870784,0.9250998944924288,-0.069183163385393903,-0.032423931012027521,0.061517269139993017,0.99757922707686997,-12.831899715724621,10.92637327669431,-0.76644885454090961,,0.2819991112200175,0.9101123595505618,False,5
0.99921686965141765,0.039304730240258774,0.0045591210514355513,-0.039503998470514896,0.9975140637736909,0.058353463295148622,-0.0022542202338530111,-0.058487868438140099,0.99828557424050723,-1.3813086109564292,-15.224012678195441,-2.9016433864288951,,0.1616738926456037,0.3571428571428572,False,4
0.96713102547664265,-0.25376547022670287,-0.016145144196244542,0.25195136812663527,0.96491676745649069,-0.073865688790079403,0.034323281597393,0.067370008178242402,0.99713750021671987,0.32772801909316251,-5.3842293463991941,-2.3709670604741238,0.2988943722659562,0.2622578914350157,0.9825517993456925,True,5
0.9476514860199734,0.31930496409815778,-0.0010004730937687855,-0.31836071010429307,0.9445988134369403,-0.079872022106718191,-0.024558487453983327,0.076009351765424088,0.99680462435633477,15.665295886222161,-9.9768417763343304,-3.1973801351512332,,0.1063625741361295,0.3928571428571428,False,2
-0.77355178875310171,-0.61026405567097763,-0.17086665114318533,0.63179568124740115,-0.7215611272216188,-0.28316736542158127,0.049516131452379993,-0.32699743429983802,0.94372709545043465,3.1503057671438999,-11.948691401020779,-2.9464311438043156,,0.2999123185682923,0.2352941176470588,False,3
-0.93593004630901422,0.34626778925475538,0.064292818732959861,-0.34111061969127826,-0.84584362296135807,-0.41011231465226061,-0.087627013813304344,-0.40576740088408658,0.9097660813802273,5.8258451219757745,10.525880634861533,-1.6288728832802062,,0.4133449833168099,0.2054794520547945,False,3
0.93042017803499566,0.35433447208302582,0.093623577153251161,-0.36533943351705767,0.91698042917361278,0.16023105451195407,-0.029075601846957361,-0.18328659090675664,0.98262944947269759,5.501373854324572,2.4074560513072814,-2.2204099660489924,,0.5487915460655937,0.3805309734513274,False,2
-0.0063124576913220747,0.99917447456939346,0.040131312548593943,-0.99030840469867876,-0.00067823708826226202,-0.13888413724256327,-0.13874226631079051,-0.040619076348801561,0.9894951612693802,-1.5038809030659928,22.325724079009859,-0.26261359338683621,0.3319936488340703,0.2485861712042298,0.7647058823529411,True,3
0.91103986456472386,-0.41175901607083593,-0.021468066011373046,0.40900054854920154,0.90907517247902392,-0.079378095647897676,0.052200732373635025,0.063536158733524264,0.99661338545749345,-16.598785401626458,-2.5443334366931101,-1.7483652163832424,0.2792029038386408,0.2475755166304416,0.9661016949152542,True,5
0.87037017109683701,-0.48904767636584046,-0.057342266314092227,0.4921808506236488,0.86752492397332681,0.071822813676825609,0.014621065085882776,-0.090735200039712638,0.99576771785869267,1.6569881341948296,-13.779336003855926,-2.9550068489937389,,0.4285267094315589,0.3457943925233645,False,4
0.9965330674017121,0.082986264953543165,-0.0059266688784168535,-0.083197594279550494,0.99406660199980446,-0.07006961605900941,7.6687869679835721e-05,0.070319774015720676,0.99752449769484242,-20.887273008600161,-3.6185122013170519,-1.734567279643072,0.2406209148200247,0.2459858051242419,0.9516129032258065,True,5
0.98962251910087351,0.14336524076483542,0.0096787100835300129,-0.14343056967634416,0.98963950571487058,0.0064280954212970753,-0.0086568684152885898,-0.0077496108848577119,0.99993249880198054,16.275895970989378,-11.958471516760424,-3.3193135896303221,,0.1450860356281787,0.1923076923076923,False,5
0.94181361840674949,0.33613279786734401,0.0013602872705740792,-0.3352286721444101,0.93956202521077148,-0.069605589963238637,-0.024674795964359515,0.065099485249164757,0.99757366217458465,-9.9178693778923019,-3.8959036321737317,-1.8705683995031199,0.3036136207646859,0.2807452630318839,0.9342723004694836,True,5
-0.37137932601150248,0.92848123089035528,-9.7761833331173192e-06,-0.92296243250845977,-0.36917303118331612,-0.10886515156370956,-0.10108285902817257,-0.040421243563920711,0.99405652690349411,-4.3778757799330004,0.43971458634215715,-1.7656288876656743,,0.2485706089843792,0.9775641025641025,False,5
0.85472973046547307,0.5189391495925888,0.011800291460046785,-0.51684272188527014,0.85294208090626489,-0.073235288307735097,-0.048069623387816819,0.056497483478581481,0.99724487748393176,-16.922841531433289,-12.79900767317854,-2.3774319577500354,0.293139377529916,0.2477288516795852,1.0,True,5
0.98924348178180677,0.14537203962631656,0.016257424368356161,-0.14617368476554671,0.98661398856423421,0.072291710807226767,-0.0055306088517228713,-0.073890511327624323,0.99725102391598042,8.5633812927780415,-1.4690122983423926,-2.3710440426649639,0.3431419676955609,0.405711557961593,0.5311004784688995,True,5
0.73477356239762293,0.6781431288981028,0.015156144951713234,-0.67524795398801429,0.7333928775533638,-0.078581726813533162,-0.064405066854298185,0.04750561948114642,0.99679245757640311,-3.4809991181365958,-14.55194407843241,-2.7621334782152522,0.3238344994687976,0.3068046028415756,1.0,True,5
0.75402456487831215,-0.65241362494053468,-0.076180165082667076,0.65228471884032446,0.75737973012538273,-0.030009831099162124,0.077276135562475062,-0.027063007725539674,0.9966423593673791,4.9740851180351315,-9.1935088701069692,-2.7652194006707416,,0.5955551808848151,0.5622317596566524,False,8
0.99131376997633625,-0.13077986678415715,-0.013915311682526327,0.12961255690582402,0.98941274409230651,-0.065291706365104119,0.022306827377246714,0.06292096845766558,0.99776919033447353,4.6039381117378699,-14.785070236850359,-3.1681851917482109,0.3688186390587992,0.3214936171571551,0.9935897435897436,True,5
-0.57079240363868922,0.80080150662950134,0.18141934551830008,-0.8159957068168755,-0.52864413228265161,-0.2338512088049795,-0.091362127847349386,-0.28151790064406751,0.95519664635726242,-18.44980898974357,-20.498680142691146,-3.1255846444550297,,0.2695382781831741,0.2727272727272727,False,1
0.99780981699104787,-0.062949616314744591,0.020320308120665695,0.060317627942130719,0.99197108506434761,0.11115372308517826,-0.027154242315465944,-0.10968460330460358,0.99359545838443997,-1.0533320211377981,-5.7576972823168626,-2.3052408245314355,,0.2368712830865947,0.2941176470588235,False,6
0.87542906998756231,0.48082087494092995,0.049348045977030588,-0.4803514969176384,0.87680642673668319,-0.021746940985674909,-0.053725067051578701,-0.0046665034328632832,0.99854486174433599,-15.544526561199259,-18.351832290873435,-2.8912423725214489,0.2100818907998437,0.1950987631520157,0.9347826086956522,True,5
0.77245588564908263,-0.63457977769205587,-0.024908040276047236,0.63087741752540949,0.77126625503394297,-0.084510637806062841,0.07283947269552675,0.049566819448279523,0.99611120946770781,9.3945055332280365,10.708139055955284,-1.8355958776056354,0.3066461787863526,0.2721173641643121,0.9166666666666666,True,3
-0.80898573063863011,-0.56659787853624621,-0.1565532869706244,0.5849620413484472,-0.74969768486554988,-0.30947179433462363,0.057978425336834047,-0.34193599597798907,0.93793298100130873,12.251341119719969,-11.67362315749874,-3.1749816835625011,,0.2072518050353167,0.3125,False,2
0.60983617205673035,0.7924860150644949,0.0081092033143847723,-0.78872171058822149,0.60787745865540788,-0.091668197895646383,-0.077575166760932415,0.049506678194390495,0.99575658788489718,-1.3428070575533055,3.1784706720841234,-1.8323964609686991,,0.2618419689870479,0.9313725490196079,False,5
0.95529582534200275,0.29563915258489065,0.0027161632922190621,-0.29474969715067484,0.95305841172720396,-0.069298483862244298,-0.023076007317725654,0.065399964028338739,0.99759227272035578,0.67791626039324759,7.6964458581907138,-1.5032180697667823,0.3039392372544673,0.2735549775158988,0.9931506849315068,True,5
0.94421584988161456,0.32925083026422786,0.0070936311334471097,-0.32817932426570251,0.94250323682327719,-0.063134615720321974,-0.027472894948433257,0.057284721767348112,0.9979798097632987,-14.063415372732308,-5.8778058517385423,-1.9260246270265995,0.2983756379906304,0.2730841948612394,0.9455782312925171,True,5
0.80412179054848465,0.59327417652149161,0.037601827586507049,-0.59140188034527252,0.80478947167604475,-0.050573928100052554,-0.060265760504414519,0.018429806079805544,0.99801221453381306,1.7901782188517386,6.9500821845371652,-1.6053664706073765,,0.1010015368943847,0.2297297297297297,False,5
0.92403594726039895,-0.38101959163026161,-0.031331118149318077,0.37908524535825766,0.92378498836107037,-0.053996963159115202,0.049517117467067447,0.038017970390935039,0.99804944216461899,-21.165417493922831,-10.666823045061792,-2.1591618458818127,0.3165229703276665,0.2483710841756075,0.9512195121951219,True,5
0.8951841467619982,0.44568844238835248,-0.0026750154090596232,-0.44407148756837805,0.89139224666197758,-0.090666292081022851,-0.038024430499381409,0.082350925388593954,0.99587773736179142,3.9854156545538353,-9.3770059795826537,-2.7795216373032932,0.3105282248170866,0.2676203071828788,1.0,True,5
0.79943930957311327,0.60074521751828802,0.0014049690990368255,-0.59834741677142955,0.79645290757808052,-0.087425024182891622,-0.053639156893278056,0.069050341341131194,0.99617011158157731,0.20351656426741505,11.237444852229952,-1.2162244167167362,0.2656722561827135,0.2403050500208956,0.9461538461538461,True,5
0.42334507772318386,-0.90221713388362856,-0.082360114705868501,0.89787625590035525,0.42994980755191164,-0.094664629489770502,0.12081876616615778,-0.033873386498645686,0.99209647687571312,7.7208761745315888,19.984562912716278,-0.93169530354076202,,0.194179978422166,0.2727272727272727,False,2
0.26807720633231735,-0.96272308703560083,-0.036039827048740994,0.95778490472834976,0.27036103666024125,-0.09773937860711987,0.10383972129954122,-0.0083167027506512135,0.99455927160516222,9.0821853313403107,4.9699839084960793,-2.2892302103232303,0.2976347377264118,0.266258608409232,0.9868421052631579,True,5
0.87965113935125505,0.47551161428789995,0.010128065726289338,-0.47386185654526869,0.87803073652062957,-0.067208382189377677,-0.040851119317732255,0.05432062593856863,0.99768755412109456,-3.8812896451666017,7.3579925976436131,-1.2826866928769938,0.2789202198917675,0.2659912365518212,0.9361702127659575,True,5
0.85211723762784808,0.52317104487326205,0.013721193231838166,-0.52114107469220994,0.85063426851082624,-0.069522093637209459,-0.048043663537815987,0.052090296997343868,0.9974860436881281,-20.832894446063996,0.6008975244478334,-1.4062240987683794,0.3389349355172219,0.2343952378087141,0.9259259259259259,True,4
0.038310797949786632,0.99909109848464306,0.018688490821871032,-0.99367187684071545,0.040065817520389603,-0.10493298548250668,-0.10558638139599129,-0.014550161345200886,0.99430368040580452,2.0785717975090878,-1.5579373361510684,-2.2360673968568157,,0.3138248161487441,0.9852744310575636,False,4
0.98423362311240437,-0.17441907946628157,-0.029362558695821835,0.17404659779179366,0.98462595181363588,-0.01481609976323453,0.031495347785541243,0.0094720501068935072,0.99945901533511683,-17.828536133442427,8.9627608323839016,-0.89905100958622175,0.2658441281671081,0.1403517931586228,0.7674418604651163,True,4
0.94732642276610668,-0.29705221664903575,-0.11971895970591404,0.31680256034324222,0.92399363692792247,0.21417725527393611,0.046997728552965745,-0.24082304603298418,0.9694304895196233,6.4209192347428017,9.1947963264675145,-1.8083612866800409,,0.3384953238715668,0.1311475409836066,False,6
0.76663502671544248,0.64187250575057797,0.016444518067934729,-0.63919849730109535,0.76536546300215003,-0.075106518302514719,-0.060794875285948874,0.047067976427487654,0.99703991331038833,-5.0895020033789775,16.244140092693527,-0.67523050876287638,0.2742794914075493,0.2300969272328408,0.9,True,4
-0.99791301488096651,-0.055965943620880011,-0.032209127367914724,0.063417268121731721,-0.94336343739359163,-0.32564347850513115,-0.012159968550718608,-0.32700648027763896,0.94494385919020285,-13.170048242158741,18.7493172253408,-0.19001097033880535,,0.3912730657256989,0.3918918918918919,False,2
0.88939382024800295,-0.45603230907973824,-0.03183026201691052,0.45297458259840129,0.88852750976810313,-0.073026652018957861,0.061584576189719624,0.050531153367954683,0.99682192116487733,-1.1499117840884088,-23.405409301195288,-3.6701654057025848,,0.3098711089698198,0.9841269841269841,True,3
0.93555708177963615,-0.35108188747741875,-0.038398633012965165,0.34981074145188557,0.93612289063759824,-0.036143862399989381,0.048635294764741592,0.020382392146174582,0.9986086151208321,2.7729731018596087,20.666050072616141,-0.62404020471855848,0.239046627055926,0.1844251843037215,0.9574468085106383,True,3
0.98230243379442395,-0.18680250684434416,-0.013665723479565762,0.18558391332199112,0.98055821869617987,-0.063751006764366167,0.02530888534975189,0.060086630659767645,0.99787226494091408,-14.190456669480882,15.603036859446906,-0.44817799371558137,0.2519643872966845,0.2454966582750719,0.8666666666666667,True,4
0.91562097415070831,0.40196110288647374,0.008093420883366672,-0.40040091632962399,0.91351477845952922,-0.07190170887004349,-0.036295149782073308,0.062594099580748547,0.99737888527879404,-6.2489428684573491,13.096443434724067,-0.80073473631926873,0.2103904724154159,0.1830713048912561,0.8181818181818182,True,3
-0.0023725545863172307,0.99872644326429916,0.050397048617717287,-0.9943587849313813,0.0029880718124409081,-0.10602678084630335,-0.10604233972579671,-0.050364302352810475,0.99308532323964616,-19.364407232605366,15.084617014444875,-0.45891915959108059,,0.1809007108149003,0.4193548387096774,False,3
-0.049856322072678656,0.99860274733119492,0.01751856649314475,-0.99307411381460786,-0.047696656518534351,-0.10737240533900524,-0.10638680191036864,-0.022750428117781659,0.9940645182279374,-5.4685318147363953,20.307273268358546,-0.40359259494426108,0.2673391102540408,0.2858658545005352,0.8225806451612904,True,3
0.77620629582727807,-0.60700262429629948,-0.17044530036203093,0.62624067717538068,0.77357392713444684,0.09698450138404259,0.072982193506484563,-0.18201976089204253,0.98058268701613671,-11.361693462087395,-19.476953833494964,-2.9611466782081508,,0.1681525631340477,0.2727272727272727,False,1
0.44571672305650539,0.89465664835683734,0.030431633848403417,-0.89180297830685717,0.44672907337646733,-0.071558248184432266,-0.0776147580734,0.004755686187679316,0.99697208224608502,9.0897799936334085,-19.2451339619961,-3.5344339000687564,0.308876301754882,0.2418589696825932,0.875,True,3
0.99992901457011074,-0.0061750980600897279,-0.010189896211211523,0.0074876021020894717,0.99091842757565807,0.13425574738440721,0.0092683135255435221,-0.13432251507075518,0.99089432348230699,-3.5778393610002959,21.6375977683591,-0.27363018919077975,,0.2125801271157979,0.1666666666666667,False,1
0.90111469797038846,0.4076300753566498,0.14774986553789479,-0.42753063429871019,0.89208792591890129,0.1462760717474117,-0.072179344953224978,-0.19497911194392925,0.97814788660390117,-0.49855368116729593,-16.249826230111495,-2.993411295625001,,0.2108210597859924,0.2115384615384615,False,2
-0.28724218174015737,0.92526847027072856,0.24773006872808262,-0.95225980332698246,-0.2479266281910554,-0.17813942292898344,-0.1034079107071189,-0.28707254302123758,0.95231095711774116,7.6725633038740115,1.4583539356418356,-2.2785677465666274,,0.7807149776504285,0.5039787798408488,False,1
-0.35466715250801062,0.8197695659134846,0.44965438920784107,-0.92946028291393745,-0.25688134020983572,-0.26479342804824713,-0.10156177143690977,-0.5118494269353201,0.85305062612284699,-11.579194134815051,-20.862601000090489,-3.143408787392826,,0.3342865665389219,0.1842105263157895,False,1
0.98007199254845889,0.19863774097660941,0.0013918627101788686,-0.19839530387429621,0.97917729247680396,-0.043024798644758756,-0.0099092291688207337,0.041891261111427686,0.99907303507790413,-21.024052022294264,7.0529773437678722,-0.99100293742601364,0.3370006583791417,0.2556586886427169,0.6285714285714286,True,2
-0.93096881244071805,-0.35362178576503794,-0.090822370014569095,0.36380682167604689,-0.87760462727731048,-0.31217737695647435,0.030686589329716001,-0.32366919966811386,0.94567255560342378,8.6199275219889415,16.719158090195872,-1.1891954632056243,,0.2685404747878091,0.2571428571428571,False,1
-0.20665515986598829,0.91200802362027411,0.35430920077385009,-0.97277417423778556,-0.15269377113575491,-0.17434167084302005,-0.10490019464594458,-0.38069144606699951,0.91873280776004707,14.789032022636507,-5.0136147142783374,-2.8947317240030892,,0.3809521891735961,0.3636363636363636,False,1
