axis_00,axis_01,axis_02,axis_10,axis_11,axis_12,axis_20,axis_21,axis_22,location_x,location_y,location_z,dbh,dbh_approximation,score,reconstructed,number_clusters
-0.23500041526271154,0.97080308486785072,-0.048126658282264423,-0.96216843520935269,-0.23936205701567265,-0.13014494975992019,-0.13786481463063516,0.015721834253375609,0.99032626786053224,12.675304322724418,-10.521450056117775,-3.2728346608485093,0.3008858461895042,0.2738264092617077,0.9454545454545454,True,5
-0.082039437066306009,0.99522580513916847,-0.052868965858406204,-0.98881335194149178,-0.087911976113797655,-0.12049746668705859,-0.12457000356456342,0.042391995009208691,0.99130481335009391,-18.459432185999447,-7.7689783323463466,-3.951660294421603,0.394019642446556,0.3429286432520117,1.0,True,5
-0.22361745101115882,0.97466296090468407,-0.0052295548363877203,-0.9651080501233037,-0.22216887235147248,-0.13859092230471029,-0.13624128298892038,-0.025944263307905779,0.99033590665538518,26.966341638826961,1.5495441641740093,-0.56608087039649924,0.3439617494882005,0.2959140537470276,0.78125,True,2
-0.54482845936075885,0.83680195840074756,-0.054078020371106095,-0.82603129555353227,-0.54667989145284923,-0.13716193002162236,-0.14434073796658098,-0.030059585788513643,0.9890713688432643,10.98222354018203,0.328904226244153,-1.541890639105985,0.2726760463077763,0.2500465828526858,0.9576923076923077,True,5
-0.98819196384436137,-0.12865499925661836,-0.083213783471875469,0.15118037684135555,-0.90704400527410678,-0.39295758823874599,-0.024922605231603792,-0.4008978219728635,0.91578370813521481,-16.147770504428806,1.0158695835001317,-2.3610576531178271,,0.2645939674219142,0.1578947368421053,False,2
-0.52961288397858741,0.84714087283409578,-0.043157093249761969,-0.83540231691755118,-0.52974033075501614,-0.14655425910000835,-0.14701415582408939,-0.041563488129022615,0.98826075225209586,1.8668281939437721,11.123885243522468,-0.33911438922655079,0.3295811212753995,0.2607362328768464,0.9193548387096774,True,5
-0.11728880736312029,0.9919020533395263,-0.048720142119727132,-0.98461486268250242,-0.12254544445527608,-0.124563984473739,-0.12952570344164088,0.033360614863764106,0.99101471307133371,6.0857588354587318,10.913073072334477,-0.18847530378875094,0.263632517573811,0.2390828620733943,0.9120879120879121,True,5
-0.94505784563360196,0.31633753329007319,0.082439271214190202,-0.3058146578333566,-0.7664086690429236,-0.56488507421432343,-0.11551217884120291,-0.55906020878596474,0.82104118014357352,-13.451423759932435,4.3573114085598421,-1.8272889592897543,,0.6283899935546512,0.2734375,False,1
-0.63758816727212653,0.73448760652647693,0.23239897765174894,-0.75655977060100865,-0.54010222167587363,-0.36865553522080019,-0.14525371755215147,-0.41087412427627112,0.90004656076087952,-8.6665819930402463,-12.263434243746406,-4.3800682473449273,,0.1743099632142272,0.1739130434782609,False,1
-0.45360435029166218,0.88852389859468017,-0.06905342151254576,-0.87919353611648976,-0.45882382205378963,-0.12845009290356596,-0.14581433210580297,0.0024458009041319131,0.98930895003051289,5.5007907138785477,-5.3135249650218652,-2.6387675098761258,0.2449435169704382,0.2139091872746731,0.9927184466019418,True,5
-0.96125796091440574,0.27176966083002263,-0.046091040680524581,-0.25985512312519632,-0.94920713938924273,-0.17742920142434465,-0.091969818768269845,-0.15857823931683077,0.98305365797137778,18.252365304186437,-3.8510037910852204,-1.7811679716203066,0.5740891882666637,0.2413981224737537,0.5405405405405406,True,6
0.59117264057709384,-0.7645667960086926,-0.25681223388714886,0.79547268679816008,0.6052895615733096,0.029116167476266358,0.13318450957683323,-0.22149979930327715,0.96602263188674098,-11.181330527408301,-8.1071104608484514,-3.6468664031422482,,0.2571947305164536,0.3043478260869565,False,4
0.031059099047918315,0.99890098674949512,-0.035102009019685354,-0.99237571360733823,0.026627426354802225,-0.12033878513616147,-0.11927185505666985,0.038571995496811673,0.99211210342114886,23.161375715479839,-0.37373810591350137,-1.0435242844550481,0.1920824167846707,0.2384107851576423,0.9841269841269841,True,5
-0.71765207419787969,0.69298086885453603,-0.06894211920947807,-0.68116948506710706,-0.7190990114593282,-0.13749452473327783,-0.14485728498385519,-0.051711963024333236,0.98810031872643234,-4.5117428579951033,-13.26209128670031,-4.5039921579360938,0.280105077441982,0.2639491953657677,0.9596774193548387,True,5
0.19642367167563543,0.98024020944036905,-0.023385315943210069,-0.97558358673763801,0.19298938591426537,-0.10484160535093326,-0.098256839423972175,0.043407703472268022,0.99421394316599487,22.495057314478991,6.6734609859889726,0.0028079532560820629,0.1917961275520104,0.2083050364353833,0.96,True,5
-0.029881478925884507,0.99845765315347212,-0.04679115382700505,-0.99188552634278804,-0.035407014725056377,-0.12210424210464585,-0.12357265008444326,0.042762812904674208,0.99141370879345192,7.5266890061147738,6.2377779356258296,-0.77344599383575663,0.3091780227330032,0.2759254345751397,0.990990990990991,True,5
0.67691683224573507,0.73360107146831965,-0.060108819344023137,-0.73526198346162042,0.67012445289816969,-0.10160232922533058,-0.034255187906111088,0.11297205658242176,0.99300750074360222,9.6980784551595303,-18.705795698604447,-4.8922861921891743,0.2801710654138118,0.2703258119008186,0.967032967032967,True,5
0.44179430334987346,0.89596326172192542,-0.045471168581954019,-0.8943648114929349,0.43590639677439685,-0.10048481086397763,-0.070209525641519444,0.085061430130057597,0.99389897656322301,-12.864907459011823,-10.527764690295035,-4.1622851825652578,0.296426535147796,0.2747193475487917,0.9349593495934959,True,5
-0.35881011255518797,0.93140215793873316,-0.061199046685411547,-0.9226097114683488,-0.36384040555308361,-0.12810729718191893,-0.14158609900842026,0.01049664108358031,0.98987029306548013,-9.9311610694264196,-13.716940608811649,-4.6757599306875797,0.1734791472660553,0.3183859341604653,0.9850746268656716,True,5
-0.53417445937009289,0.84334854618038591,-0.058488260463950052,-0.83266712180470637,-0.53683508213390108,-0.13591747075249266,-0.14602435146966347,-0.023902389958281901,0.98899219639598113,1.3077039657006566,0.22770598770140399,-1.9179061064936211,,0.2813115859914025,0.9267015706806283,False,2
-0.069986538604852475,0.99589707062951416,-0.057366445991233993,-0.9896168331307218,-0.076552461424382448,-0.12164803423891055,-0.12554046359016766,0.048257075765343611,0.99091414695731594,-19.019909455989811,1.013693887067707,-2.5746937284074032,0.3246851797523949,0.2968308149408749,0.927710843373494,True,5
0.19382303822975352,0.97896224072436555,-0.063761752542697878,-0.97548346697660615,0.18541289584998646,-0.11854983638884749,-0.10423356228532128,0.085176224901381964,0.99089877142161276,-12.785132867006769,1.926128433367134,-2.1281673977737512,0.2225824917445019,0.231095849487866,0.9814814814814815,True,5
0.98063720194204917,-0.15172389323370156,-0.12381655135431949,0.16278990667892787,0.98301601464831501,0.084728750896076593,0.10885827690504038,-0.10324425004304993,0.9886811924894261,-12.89468421604071,4.0294253727839715,-1.8410228416860952,,0.370449230255329,0.330188679245283,False,5
-0.65883534986104586,0.749692709966156,-0.062424533615194774,-0.73809418261349213,-0.66021872839547335,-0.13902592660358462,-0.14544056987510162,-0.045520009879893124,0.98831926488101018,-4.1205981974637576,-17.366996635785686,-5.1223052502548834,0.2981043411125248,0.2771619077918805,1.0,True,4
-0.86518895542349195,0.49663776144742183,-0.069274853429650382,-0.48142604619238449,-0.86132819679343564,-0.16230434207419064,-0.14027484970861304,-0.10707320539267268,0.984305996743982,20.499508794887692,-13.870530314822476,-3.5194562040542152,0.279438556571908,0.243479599444475,1.0,True,5
-0.93675540790614009,-0.28454943542018613,-0.20376683871683973,0.33847417128929386,-0.88465423432222445,-0.32065888583631141,-0.089019891758117697,-0.36934875727124389,0.9250172724730934,-0.67666225188494245,-8.2368079362129745,-3.2853699629040762,,0.3180451228063718,0.2689655172413793,False,7
-0.21524359239876148,0.97638853968335859,-0.018319811851493194,-0.96414768748302759,-0.21545182221603981,-0.15491852382758592,-0.15520770809597745,-0.015682215366021407,0.98775737682328046,0.47006167098423679,-24.039313830952246,-6.2079384132490052,0.5235810715618365,0.2770707815411439,0.5483870967741935,True,3
-0.22276279144263245,0.97346886107043362,-0.052298329561458703,-0.96501265558395943,-0.22780279969981712,-0.12983242665728639,-0.13830153040180324,0.021546716110760381,0.99015575830945002,-0.44179697702563098,-9.8067788395973388,-3.5443180360064259,0.2556435929493769,0.2602174217326187,0.9404761904761905,True,5
-0.34836988704723343,0.93538447267123448,-0.060780836488596453,-0.92673643371846781,-0.35343130498190045,-0.12745938599242565,-0.14070538091158064,0.011924803744576142,0.98997969415447096,-13.975192354144356,11.127060261554222,-0.92015285503063748,0.2676185004133102,0.2636015957877108,0.9803921568627451,True,5
-0.56640751129036504,0.82212261743727166,-0.05741892590378566,-0.81105320426292815,-0.56842884019034401,-0.13813527244950063,-0.14620270520305828,-0.031671052049937164,0.98874754788740615,15.45280096052374,-19.187318808797759,-5.0069566114261841,0.3134486945134857,0.2817634344591222,0.9333333333333333,True,3
0.85399073805093317,-0.51261502142153237,-0.089026171074711558,0.50351317189297184,0.8573671946321787,-0.10675195220147608,0.13105077280771998,0.046339328669602178,0.99029205872053205,-27.629051442244467,-0.50307618539960597,-3.3888418116912349,,0.3189317438944262,1.0,True,4
-0.31289119559211215,0.94867674844244865,-0.045951351292453507,-0.93938015387449969,-0.31624279811572642,-0.13249686466727376,-0.14022847866129257,0.0017086850498966299,0.99011769712885178,16.402427550303013,10.341070427876216,0.29462738122182541,0.2403956291738544,0.2586231633125741,0.9090909090909091,True,5
-0.92727112411690105,0.36849129902028394,-0.066199886142828332,-0.35634116449863229,-0.92290062366645309,-0.14586093829340144,-0.11484440283591743,-0.11166289169825594,0.98708771735588219,-9.2847511740017659,5.3548116322086852,-1.5168935517572795,0.2680807115146609,0.2466860877581003,0.9361702127659575,True,5
-0.84989706617413208,0.52693389413973424,0.0039557698794153856,-0.50334602244642945,-0.80958464578838019,-0.3020190109762334,-0.15594152300129099,-0.25867619239203099,0.95329369498261118,4.1481394379583403,-17.876274584667392,-5.0254015867822552,,0.1952713758857091,0.3421052631578947,False,3
0.44344821224882597,-0.87335703336608772,-0.20149733329080535,0.8906519740507467,0.45457229296284918,-0.010153402878091411,0.10046265063608149,-0.17496148930688538,0.97943643647083556,-9.4520536828549933,-15.110595638139916,-4.8949336509806614,,0.1771771180731598,0.103448275862069,False,5
0.6355170204979298,0.77207184663333839,-0.0048145917397510313,-0.76920145401949513,0.63259108058066205,-0.090319698317057912,-0.066687628475813096,0.061103096533455289,0.99590118576206921,-7.1750270768338726,-13.598834431593696,-4.5692917297874729,0.2172383640823591,0.1333230092457914,0.2972972972972973,True,5
0.002124432993976624,0.99809943953082492,-0.061587300579807505,-0.99251215493656242,-0.0054170049821908716,-0.12202572827155959,-0.12212742971026488,0.061385379898444677,0.99061431750560158,16.229843713608886,-10.179051439585782,-3.0280098257782333,0.2576177467155998,0.2480651175561275,0.9428571428571428,True,5
0.18683274019913543,-0.97139656378155681,-0.14656821982635232,0.97314033213243489,0.20342900896811669,-0.10777073947701998,0.13450435370967054,-0.12249634355209749,0.98331237389219828,-25.85866162387029,-12.045417923966308,-5.0895294920351679,,0.1638559509845196,0.4666666666666667,False,1
-0.99642156436437579,0.034004669540915716,-0.077380543543343505,-0.011460837137986065,-0.96140285244217816,-0.27490581028443145,-0.083741956519696403,-0.27303523172927041,0.95835225619434794,10.67176306982172,-12.549562163225195,-3.7722624911808182,,0.1087181674783067,0.3125,False,1
-0.27696858692090104,0.95965979436044224,-0.048388851475435174,-0.95003601734303811,-0.28103971567262354,-0.1358243128663976,-0.14394432121489673,0.008352083735417716,0.98955054195693259,-6.2487601774484123,-22.478217100864274,-5.9089754810755712,0.2182067739260781,0.2917950426862456,1.0,True,3
0.12248867506082581,0.99185170886934571,-0.03502444995716017,-0.98629473880368446,0.11772013046089543,-0.11560561877539022,-0.11054054771899095,0.048704809795624554,0.99267750493942242,7.4403786590286911,0.99202868993777393,-1.5782571572079476,0.2845892437041354,0.2500845990933719,0.9395465994962217,True,5
-0.0046213784212299318,0.99849902919230882,-0.054574092420352008,-0.9926717173399312,-0.011170899030226342,-0.12032486280170353,-0.12075390037129269,0.053618091320689704,0.99123337102230724,20.568120147477526,9.0187173404029011,0.24559187589247666,0.163254295685239,0.1597982459851651,0.8222222222222222,True,5
-0.1378853620403227,0.95422072331622654,0.26542501413556657,-0.98124904009444203,-0.095168632322342572,-0.16761041953181208,-0.13467720018156171,-0.2835590637164529,0.94945053011492042,-16.062142162458318,2.0902133725440888,-2.2375977601330139,,0.6060161449580674,0.5252525252525253,False,3
-0.8130203100761435,0.58058650128978817,0.043786869307757756,-0.57320323018753672,-0.78494627295315911,-0.23515400374971018,-0.10215690043391838,-0.21628375597124233,0.97097132017207743,3.2535520931505011,-18.078509439715788,-5.1005158944625819,,0.3032737975478183,0.3898305084745763,False,4
-0.32377374774038065,0.94524036660524091,-0.041124319011219039,-0.93586314192961439,-0.32634343478985084,-0.13289146754848849,-0.13903503102375664,-0.0045400340913380743,0.99027705630226082,12.591674668364027,10.881076915600069,0.15017622355791349,0.2487401828596557,0.2164884341572549,0.875,True,5
-0.34946147825532409,0.93650916524010619,-0.028762104180366121,-0.92605174611604324,-0.34990222614178251,-0.14140931955303318,-0.14249504809301458,-0.022781913051882922,0.98953329691661485,-5.2350291031306471,11.609784273493004,-0.51188325846808991,0.3301337328645653,0.3103301854858766,0.9435483870967742,True,5
-0.52090612372532008,0.85161371902376615,-0.058402772502434898,-0.84099262378400841,-0.52372343604967841,-0.13581299375688421,-0.14624710939485461,-0.021629519246346381,0.98901160098899832,-14.143234021446398,-3.619146555655226,-3.0730306860620282,0.2895482351501011,0.2618785551395429,0.9746835443037974,True,5
-0.11900028354605408,0.99244109884213261,-0.029993296667409554,-0.97988166264465493,-0.12226170168937624,-0.15774664342788725,-0.16022128363206228,0.010617986110298808,0.98702401117817617,-13.098256473466986,6.1629815880059473,-1.6004362278941666,0.2642392427399589,0.2655133029850283,0.9789473684210527,True,6
-0.35000362237803589,0.93534388028523463,-0.051276602219850934,-0.92554406641053288,-0.35373971811338606,-0.13504218956058323,-0.14444945640087251,0.00019349941021067074,0.98951216117007368,-0.55705207552800062,4.4017674928124899,-1.4056514475526842,,0.2642284531946596,0.9751243781094527,False,5
0.68568983966641095,0.72385635681538074,0.076559901229128327,-0.72713251649539901,0.68598259013391927,0.026574226013667379,-0.033282836918112756,-0.073890870417945925,0.99671078655523693,-10.409917326405749,-8.01952110205605,-3.6184644051756329,,0.350309783845989,0.392156862745098,False,6
0.33751671306445424,0.93956124166269051,-0.057507752237678372,-0.93729422364446457,0.32980186736877798,-0.11273981817790801,-0.086959799475893884,0.091953256850044685,0.99195896680748985,2.8578353537326184,6.8067301903500237,-0.9204838087005347,0.2529151394303374,0.2343968383673511,0.9242424242424242,True,5
-0.28583932496443681,0.95682455687643297,-0.052750807217458881,-0.94781884873596423,-0.29040166938421957,-0.13155341272536608,-0.14119245831384603,0.012395070676558075,0.98990456708625041,8.4047683553769961,-13.398730549339412,-4.0222935861765992,0.3102537472906794,0.3069653438778165,1.0,True,5
-0.54332611788316054,0.83922744484420053,-0.022226683204868918,-0.82656715873469733,-0.53938769228026184,-0.16077204209011053,-0.14691310944658634,-0.068979803108223076,0.98674126549764196,-2.3437715952707516,1.1486657565599192,-1.9889186853588612,,0.2734963721993313,0.9198520345252774,False,4
-0.2844799682603702,0.95732965892885691,-0.050902571582756267,-0.94858693203945599,-0.2887724142588618,-0.12958906252875596,-0.13875871151950134,0.011420021815533921,0.99026037135653433,14.492684336780718,7.7285234202903954,-0.21006743207471307,0.2518885064035257,0.2070594813988694,0.9215686274509803,True,5
-0.23046899906544197,0.97206054655412211,-0.044523412972014238,-0.96339259682323597,-0.23437580809270497,-0.1301640694165461,-0.13696256735311746,0.012894743649826054,0.99049229211046874,-7.3877364735349422,7.4702144479588295,-1.179111610335343,0.2867168832214516,0.2599827524230944,0.9212598425196851,True,5
-0.50914595907048799,0.86006160956483968,-0.032625451949857054,-0.8485682269329109,-0.5079571839250886,-0.14802521251067918,-0.14388313522484472,-0.047681516876387414,0.98844530265778408,23.257384293939612,-7.6334500284605342,-2.2219860230835966,0.2004849443278046,0.2559094717434249,0.984375,True,5
-0.87997296145071668,0.47381303763801508,0.033893841326902194,-0.45637133262429463,-0.82346668331733563,-0.33708727093302271,-0.13180589468753584,-0.31209586160438668,0.94086310337638113,-7.1252005564928744,-12.015928178731476,-4.2817524445677533,,0.4027180813674619,0.3846153846153846,False,2
-0.9585547120362824,0.27533735080493338,-0.073227093925397488,-0.262221889464889,-0.95309560364753987,-0.1511570408323536,-0.1114116004664753,-0.12569054681817279,0.98579376226574189,-1.4901772189685885,-6.9649490932292686,-3.1363340024399728,0.2425445610065458,0.232238648258895,0.9614643545279383,True,5
-0.23258574444620844,0.97083159008723574,-0.058222806262603802,-0.96281261640991855,-0.23829908558064383,-0.12730047719202051,-0.13746176618351066,0.0264493761763617,0.99015387356591766,12.245506459399566,-16.456388593509505,-4.4571394499597519,0.3838431885008074,0.2572205145454275,0.975,True,5
0.53724242919581,-0.80851368136193247,-0.24015869612062746,0.83068969262754455,0.55652518647196758,-0.015308539600403681,0.14603152684999415,-0.19127295645991482,0.97061292454455961,-0.36166774485186176,-24.396126687818118,-6.3126104146043716,,0.1582206414489569,0.3636363636363636,False,1
-0.61182767111540892,0.78823480166005744,-0.065975740309798872,-0.77758090817261227,-0.61465276643038214,-0.13255152947037183,-0.14503389984052609,-0.029797217511189231,0.98897790355783,-9.4963053395709753,-5.7839943580874991,-3.2333275158564465,0.3406811313954523,0.3000303317282621,0.996415770609319,True,5
-0.60267670825802133,0.79541199021908215,-0.064035545902222782,-0.78456387283109508,-0.60528504758518376,-0.13449736286662364,-0.14574057352552927,-0.030818452029940088,0.98884271157901016,16.263230791014784,2.7015269328636733,-0.91188465630645821,0.3131578397579115,0.2942677018177792,0.8991596638655462,True,5
-0.93434493538992414,0.34901460614161228,-0.072030177085811428,-0.33669527398233151,-0.93077098120280943,-0.1424839395466081,-0.1167725746447376,-0.10887692708087428,0.98717272073344131,21.36496917850776,-5.1430692081808029,-1.8236474841569261,0.2483980801239508,0.2286141250967725,0.9571428571428572,True,5
0.58762107562035459,0.80823370262624838,-0.038206719642507977,-0.80715067389131667,0.58221926403521473,-0.097614129218494244,-0.056650340895439966,0.088198699113742868,0.99449068791571527,-16.152072933664162,22.537661289288355,0.43060581998589226,0.1975996408361291,0.2312619669087875,0.7857142857142857,True,5
-0.79747627474246263,-0.55575626950682822,-0.23487562693208261,0.60203040999657897,-0.75869745538456579,-0.24887257107270019,-0.039887048803288916,-0.33987224084476081,0.93962539516603394,-17.910413326284278,8.800583537195255,-1.4790448799986184,,0.3965556390970666,0.2608695652173913,False,2
-0.80335407788590929,0.5914424328415383,-0.069412348890982661,-0.57919506501552986,-0.80312016588607027,-0.13975362538692115,-0.13840268135313338,-0.072068354925129516,0.98775039863958003,3.3491480782547716,-11.638575728649224,-3.8732642673808915,0.3184538044872337,0.3060624127009405,0.9873817034700315,True,5
0.36362550530670862,-0.88975279518152617,-0.27589210818198801,0.91826008290774197,0.392198747561113,-0.054576208642235099,0.15676387348080972,-0.23349540868752702,0.95963794323335161,-16.396577681504397,-5.1787599948246719,-3.4625171246993816,,0.2816101970213812,0.2727272727272727,False,5
0.7805918660638822,-0.61825861561173256,-0.091829313711739968,0.60864885960387882,0.78529810552338086,-0.11337306189869817,0.14220725838649409,0.032606282880023492,0.98929971493928193,-5.7653350434720627,3.5053346324416959,-1.7568343735370917,0.258269496733734,0.2395561166863698,0.960960960960961,True,5
-0.14847267822601601,0.98699933544853391,-0.061548157117384941,-0.9800624934756279,-0.15516782625436226,-0.12409856799266866,-0.13203549788874525,0.041895793579409132,0.99035921249697234,8.1713637263015002,-8.4143940319177783,-3.0573296016916891,0.2288516425523018,0.2128976224833206,0.9850746268656716,True,5
-0.36681618223945284,0.92927406962178793,-0.043538396569403025,-0.9192663075556845,-0.36925551424991387,-0.13638116068200398,-0.14281226922156032,-0.010003435639507847,0.98969924069648374,12.470813408121177,-6.0692019878121926,-2.4190690156388537,0.2461608437664094,0.2413831867624709,0.9882352941176471,True,5
-0.62344445471220988,0.75937389403321753,0.18619425595174346,-0.76820818047445361,-0.55061068872654262,-0.32662526067683761,-0.14551014858326944,-0.34666865811738812,0.92663241802689233,-11.267083843489459,21.113345645352929,0.53860040299867074,,0.4631994060989477,0.2608695652173913,False,1
0.057292462947311155,-0.97327980697135741,-0.22236004819037872,0.99042515752894522,0.083430159819915986,-0.10998825285541428,0.12560087986632204,-0.21392948785574148,0.96874072547951928,9.968923244577315,-14.932129588159082,-4.2695071589678442,,0.2327906765621346,0.2666666666666667,False,3
-0.70440452466810466,0.70038606988658192,0.11521119188659409,-0.70610215170593205,-0.67489947265785533,-0.21431391266644884,-0.072346506365924934,-0.23231456027330077,0.96994635320808786,-4.275855544555121,-14.272631168331639,-4.679460646226862,,0.318344875970147,0.4,False,2
-0.97883801606292642,-0.16195685614346464,-0.12508443171761791,0.19658592971020081,-0.91397469856498137,-0.3549707348825083,-0.056834061529775465,-0.37204868919427353,0.92647161981296167,27.637319834571208,0.9452641952790255,-0.59850667102445665,,0.1152343011929967,0.2857142857142857,False,1
-0.99325343222831164,0.09785688514779356,-0.062222579469587487,-0.072018836359880531,-0.94108651702568979,-0.33040801243587292,-0.090889529518236312,-0.32369769461895581,0.94178495205770096,-14.125318968500727,5.7295013379176867,-1.722797449850433,,0.2589996562910283,0.21875,False,1
0.36236157145707831,0.93092734828149171,-0.04547926728462906,-0.92827781637103168,0.35609145755481136,-0.10723418060450249,-0.083632452819379685,0.081074941122889654,0.99319306620482106,24.355666677166745,6.2900719047359352,0.03746789846082281,,0.09769789084461743,0.2962962962962963,False,1
-0.26923379510595979,0.96303110591123908,0.0091789226066069374,-0.95285452830373674,-0.26497971894896988,-0.14783097252196031,-0.1399335966232044,-0.048547271736947201,0.98897004552362155,7.3763141678357105,-15.318067062139704,-4.3865687474126327,,0.2213858737848134,0.1621621621621622,False,2
0.47589092577470909,-0.86871115740075144,-0.13736357513088104,0.86143968557665473,0.49188839058521366,-0.12636249174926326,0.17734005435570555,-0.058195671788675428,0.98242748786166423,9.7180405916529562,11.718687882389254,0.11849542587030867,,0.1447721327436726,0.2105263157894737,False,4
0.0037938120120379649,-0.96242673270600287,-0.27151499252024025,0.99316750709346635,0.035295195221140802,-0.11123197403647875,0.11663580001083565,-0.26923787506060576,0.95598486221732759,-0.50969040077643146,23.551740391784172,1.2970841211534729,,0.1877331921090326,0.1333333333333333,False,2
-0.83357744311310977,0.55234713217695863,0.0078289149246684453,-0.5357937981072648,-0.8049843241339435,-0.25480432454808905,-0.13443828414108772,-0.21659382141350603,0.96696094248045661,-19.492356412997598,-7.6464995876492221,-3.9993720042979861,,0.1087139116327892,0.2727272727272727,False,1
-0.95274014977404753,0.30356847473900933,-0.011506005091134974,-0.2867001406171315,-0.91103186027936944,-0.29635110751611693,-0.10044519091844432,-0.27904682528304031,0.95500975540609756,6.4310884878412207,-17.171818695060512,-4.7911097821440141,,0.2986530082050549,0.35,False,3
-0.93670837295068032,-0.33655451662893582,-0.09648047149943087,0.3496163459565107,-0.91380583442044294,-0.20670584805267384,-0.018596630988073307,-0.22735424851060299,0.97363453667178046,-8.6231430787639134,-10.287333841031801,-3.9229390043690375,,0.5222468730618683,0.2253521126760563,False,2
-0.38763249467578004,-0.91014644690440694,-0.14620018556320197,0.91834868735787112,-0.3675482368871868,-0.14677868370167296,0.07985447701604903,-0.19115893583195048,0.97830543479635734,-18.725089319591468,-12.565839933069096,-4.7892323908316898,,0.2089726358793056,0.5757575757575758,True,2
-0.86017152177335832,0.50818569398510693,-0.043037815453150108,-0.49279369424847824,-0.84991631702822645,-0.18653854550229459,-0.13137476180393792,-0.13924638048455557,0.9815045173013256,-15.036512132925314,28.742851364621156,1.3396157027858497,,0.2120834936733448,0.5833333333333334,False,1
-0.96947048246182754,0.23910163298080109,-0.054381915570763176,-0.22058179602239078,-0.94725625606481012,-0.23248495996432861,-0.10710114331214088,-0.21339164569399938,0.9710784472169276,-2.0577759717080828,25.680721943686152,1.5094549601093017,,0.3146385204236534,0.3333333333333333,False,1
-0.48452515893867315,-0.83479368381059638,-0.26144765408277609,0.87233874838930936,-0.43878918580359483,-0.21561344689140111,0.065272340344331922,-0.33254105895626151,0.9408272772906946,-9.2041748567498622,27.092764138618243,1.4748397885969931,,0.242193997528237,0.2195121951219512,False,2
0.47499941105400673,0.8440069636937747,0.24905381895237566,-0.87719990493774447,0.47663998501296162,0.057746441137581456,-0.069970610084229723,-0.24589951184022218,0.96676654048492061,-7.6541008078985167,23.793888937050138,1.0401772583067064,,0.3007450165662383,0.3103448275862069,False,2
0.6564832337797406,-0.71190391681197873,-0.24944453690922871,0.74030737959798731,0.67151332925556395,0.03185643333570512,0.1448266117771804,-0.20557884584721675,0.96786496509651099,-15.660832310386125,7.0657628523673939,-1.6247835295628585,,0.08817581827023861,0.1111111111111111,False,1
0.50306610721664247,-0.85568323930601686,-0.12137003642026027,0.85186120688299782,0.51463315877428428,-0.097391971423957724,0.1457977228139597,-0.054395825765991383,0.98781785677396006,25.503976457846253,-4.9272885505442927,-1.5997250207860414,,0.3725696121089727,0.6666666666666666,False,1
-0.75851808491041195,0.65041141060339991,0.040190942023499779,-0.63631771199752829,-0.72595815019734888,-0.26093013156834527,-0.14053499301622951,-0.22349443196406188,0.96452068646503886,2.761244950067427,26.818172697326126,1.9607318968770497,,0.2258630542190527,0.1304347826086956,False,1
-0.69326938097774782,0.71814085764757363,-0.060425772447997975,-0.70620783737071591,-0.69367465360892433,-0.14172496384446459,-0.14369431385725193,-0.05558042387159004,0.98806009971425712,6.3336049018756615,25.714619972801032,2.0108880079894518,,0.2426479505350911,0.9736842105263158,False,1
