axis_00,axis_01,axis_02,axis_10,axis_11,axis_12,axis_20,axis_21,axis_22,location_x,location_y,location_z,dbh,dbh_approximation,score,reconstructed,number_clusters
-0.99656337233494796,0.03550875299755827,0.074836978700075538,-0.053802215501252908,-0.964415960063569,-0.25885744644846892,0.062982271533772866,-0.26199424504218333,0.96301207107555131,8.5384475844818422,-0.47264807755812044,-3.4532061294122234,,0.09879811713363634,0.28,False,5
-0.57045634232525966,-0.82018596673158994,0.043295975303194768,0.80072555329299944,-0.56710653719790383,-0.19294756741411273,0.18280631773685332,-0.075399969787600496,0.98025338293296516,-1.8719943496235014,1.8928905893970416,-2.4546966639577192,0.325191132013501,0.2663875042774544,0.9730046948356808,True,5
-0.92355331228684023,0.37120569930142372,0.096206071378826058,-0.38119239713785885,-0.86140214289252204,-0.33567648798279659,-0.041732909415708293,-0.34668815530143604,0.9370515926273153,11.773087318408725,3.5344716663084124,-2.7564358550008037,,0.2880761048849138,0.2647058823529412,False,7
0.40956710754698056,-0.89554468115948505,-0.17393823174494299,0.90455546458980884,0.42340847353032934,-0.050046738389548373,0.11846601156583116,-0.13683928014160887,0.983484018941849,-4.6996557472637717,8.3850628036253507,-0.9327221592266306,,0.3888267010761395,0.4324324324324325,False,8
-0.54040358621531925,0.81288919219295319,0.21719835455525574,-0.83546087186464368,-0.48776760051969814,-0.25315587977849963,-0.099845358373797155,-0.31826707196809523,0.9427284737993562,8.3590486650916294,3.949044448680596,-2.5146793604747684,,0.2839829825633009,0.1063829787234043,False,6
-0.62109157960613115,0.76155547209883845,0.18514457231762657,-0.77631213047432868,-0.5653519417395263,-0.2787770759043085,-0.10763236418833508,-0.31687607181304023,0.94234008154782767,-2.8427960843140574,-18.744703922247538,-7.1407838554522236,,0.1728225266724242,0.2,False,4
0.22922514990932152,-0.94951217693863876,-0.21420190590724636,0.95983043399665757,0.2570762154181212,-0.11241600170831664,0.16180657781078481,-0.17982893346606793,0.97029901889346415,-7.9951397167787315,-0.32406720939011435,-2.7680174294830704,,0.4181636853124792,0.3666666666666666,False,5
-0.91454501017339873,-0.40339382794093542,0.029679015248095363,0.38113169364968325,-0.88399256702734741,-0.27073192190084311,0.13544761519739509,-0.23628491492170905,0.96219716405619182,3.5355382988043544,17.464387410495437,0.67107416505303519,0.2230705866439656,0.212124242147301,0.425,True,5
-0.23872884505659428,-0.97064375009349102,0.029312948374249057,0.95246841465154086,-0.23992767488025471,-0.18771955123997397,0.18924179672875391,-0.016894414195277686,0.98178517056424974,11.121441634520034,4.0479617444277363,-2.6151982844348418,,0.2597372304653313,0.9205298013245033,True,5
0.30948559317125662,-0.95089021894028136,-0.0051438451706891028,0.93846947972065231,0.30630603292391662,-0.15953573213315403,0.15327655806510146,0.044546668990139676,0.98717875333173521,18.54537905859867,-19.660296138448238,-8.0039687681241443,,0.2105518463602434,0.5294117647058824,False,1
-0.91873120760651972,-0.39272917817847841,0.041191756179151308,0.37351672519169277,-0.89812676108298106,-0.23206373484167439,0.12813361842990018,-0.19781838547983943,0.97182800031394934,14.357589690731405,-19.840840306299594,-7.9161951126803238,,0.2575678096297501,0.76,True,5
-0.44751173537092676,-0.89415081493406423,-0.015085319289038224,0.87412679921057357,-0.43380463637034544,-0.21843964009646205,0.18877390075744327,-0.11094078427856484,0.97573385550388547,-9.1295346264501269,-3.7960975405279864,-3.451105459327088,0.1824340737087737,0.1461785802038834,0.7217391304347827,True,5
0.9595666773223287,-0.27677638730996068,0.051250592193988337,0.28133669293087948,0.94888012278061795,-0.14309499572856244,-0.0090253522537252565,0.15172786171131514,0.98838110008094038,0.4743519662037502,5.7879651085985611,-1.7047469410432166,0.2839500934217296,0.2241803132649989,0.859504132231405,True,5
0.17407343860870358,0.97087787449558938,0.16460434619374315,-0.96127466932195693,0.20380380869062012,-0.18551285045290161,-0.21365731462064533,-0.12593712867190851,0.96875713753807802,-6.3353182498111194,7.1954163143759002,-1.1558638705478315,,0.1265997072680713,0.2682926829268293,False,3
-0.98662758755662383,0.14090882819982276,0.081918896523029638,-0.15905508431956461,-0.94214451437449676,-0.29506811787473941,0.035601736253927645,-0.30415196229746361,0.95195803489770969,-6.2084229974722209,1.1646105191026359,-2.5012352477625655,,0.1880952849849591,0.3118279569892473,False,4
-0.99473336888787367,-0.086320170925864498,0.055266200451193598,0.065558357863365155,-0.95031381391051384,-0.30431193996475481,0.078788492403655777,-0.29908607988701696,0.95096787026827367,-0.92728364610071523,-19.626594987413764,-7.3841241286149817,,0.1625758143652812,0.4242424242424243,False,4
0.058993923055669376,0.97451915579234039,0.21640732898006509,-0.98053979484981035,0.09723193840571337,-0.17055105062637202,-0.1872469699578434,-0.20213452240439259,0.96129090659069183,8.8243822066678685,-3.1462468221521638,-4.0311437626714532,,0.1903490075216356,0.163265306122449,False,5
-0.36864330727868361,-0.92956962183030145,0.001558899902258902,0.91025545620632553,-0.36132288304231874,-0.2021899568143819,0.18851290790088843,-0.07311697723687724,0.97934508279487154,-15.118578570523125,-2.5425040003646862,-2.9290793542974121,0.1458388783643328,0.212440999103533,0.6865671641791045,True,5
-0.99564610620257021,-0.062382630720450541,0.069262100661587125,0.028258808818017813,-0.91008118469308763,-0.41346544836517185,0.08882719700545913,-0.4097079992531531,0.90788164670298888,6.7422584495203397,3.3731000388250902,-2.5562209218952106,,0.317932522968396,0.2317073170731707,False,5
-0.29463306505707237,-0.95551887295632654,0.013230283418965455,0.93577615783393997,-0.29129623336930716,-0.19866929016433971,0.1936861879552163,-0.046153958108978731,0.97997728175006715,-9.1848043511889035,11.269279300167014,-0.2709722788551856,0.1850520692642525,0.1837918018346507,0.3157894736842105,True,4
0.52028559178680911,-0.85276730118287658,0.045725627522458623,0.8449109944135863,0.50622675336515899,-0.17280013222337229,0.12421076643389067,0.12853950447486184,0.98389495439872132,8.2347863230166247,20.208733214132288,0.85829381356411494,0.5513711849863818,0.3538971957111928,1.0,True,5
-0.73803286220598352,0.65916890050869614,0.14423541488206168,-0.67179861127170082,-0.69778475806942075,-0.24856197878882033,-0.063199052187970645,-0.28034406005506263,0.95781683415692032,-9.2028649083698468,2.2136873223578934,-2.1901443080857823,,0.1626732044701544,0.2909090909090909,False,7
-0.10812184705502186,-0.99353068529966337,0.034733896375037626,0.97650598383009846,-0.11269044880082664,-0.18367614513888245,0.18640206472413867,0.014058453579596557,0.98237295878374442,19.267640024528994,-8.4607211652563095,-5.7149024221644451,0.2288390709382425,0.2267442922134326,0.98,True,3
0.96188956551147398,-0.26973272130947051,-0.044863379443997209,0.27325453746959127,0.94220413614242915,0.19386418851448256,-0.010021053459002172,-0.19873506205772232,0.98000201713898805,-6.879583267115768,6.7553371308930057,-1.297836468307265,,0.4476464374646197,0.1354166666666667,False,1
-0.98454189401896286,-0.16649133254064075,0.054386534274560472,0.14716796331818491,-0.95472652381805623,-0.25853211655628067,0.094967623400469964,-0.24653174421792975,0.96447045035010481,14.856844660230305,-23.612367747048538,-8.7334053938230998,,0.1673436810280465,0.5217391304347826,False,3
0.62730167858291552,0.7542470879720683,0.19391733891715851,-0.75952722436240627,0.64754633411573614,-0.061661500351601978,-0.17207846901746918,-0.10860513550899253,0.97907809956186709,-10.225037907480177,1.3441811340285841,-2.3367219084438355,,0.4581492176230229,0.3333333333333333,False,8
-0.4529765113012843,-0.89038028733622987,0.045113458439484257,0.87155178777683995,-0.45291280300693981,-0.18779636337105063,0.18764264289417892,-0.045748626159158076,0.9811713926589164,10.839709533326515,6.5457121763622723,-2.0435507482369735,0.2129186560164079,0.2487186554612947,0.7181818181818181,True,5
-0.35315199977703393,-0.93501112629112149,0.032215815452833828,0.91598192427874714,-0.35256320329984819,-0.19151057953427494,0.19042263375997556,-0.038123239510292152,0.98096169097531816,3.6865125504641569,-2.7310462628336851,-3.707952124434851,,0.2911135529961265,0.9845857418111753,False,5
-0.88876097904365381,0.41920250000599446,0.18540007043712478,-0.4574864422106828,-0.78613130522703456,-0.41557637822120197,-0.028461857331843594,-0.45416608738518122,0.89046228878401013,-5.1791013503309191,6.0379342715014159,-1.4181470738614497,,0.7657038420639215,0.2965116279069768,False,1
-0.99843506826995509,-0.0096737047478935752,0.055080249502173557,-0.0083166695382192891,-0.94828784554632639,-0.31730268671553918,0.055301423639569733,-0.31726421390626164,0.94672338680201584,-9.8035386843903112,-4.6449012339341769,-3.6347267474763547,,0.5333560955570119,0.5758928571428571,False,6
-0.99644146662624078,-0.073771877192457716,0.040769028971125609,0.055636722484715753,-0.93901835286896873,-0.33933624634926446,0.063316338325161106,-0.33586045184086638,0.93978125018024461,7.0380444782559577,-5.3720360600372725,-4.466654982461403,,0.2246509109984469,0.3015873015873016,False,5
-0.94211240091409842,-0.33261479154617773,0.042327585432725093,0.31794840870715307,-0.92629978524752954,-0.2021818915011146,0.10645672099243494,-0.17702007879071791,0.97843285833033289,0.27432774135909166,10.635040898667908,-0.56380967632474299,,0.1662861153231502,0.3461538461538461,False,6
-0.065769096325826629,-0.94904776130434654,-0.30819275256192036,0.97837952986194066,-0.00064040577591406578,-0.20681655017810049,0.19608141552837874,-0.3151316179688276,0.92857102143063697,-7.5858734065204185,1.1114221550733125,-2.4424758934931701,,0.3498754955009283,0.3072289156626506,False,5
0.45018541672047491,-0.89254747345440566,0.026307759356701335,0.88214978339545047,0.43998947891921442,-0.16799112505057717,0.13836491689576863,0.098834538854369158,0.98543740729783125,-3.8833619980667207,13.039875375167647,-0.010108447379506563,0.1254300881761169,0.09501385389010344,0.3636363636363636,True,5
-0.39616231765402876,-0.91685464165758146,-0.049325289070990604,0.90202180509183605,-0.37859437328043399,-0.20741977644202866,0.17149950789974394,-0.12666438564704607,0.97700770324435093,-13.963432538867764,1.2717769206653013,-2.2340395770540886,,0.1730607900840004,0.5142857142857142,False,6
-0.95100694583504408,0.29559576930622616,0.09060314642308015,-0.30916403068604653,-0.91098341110505598,-0.27299601979031501,0.0018414948978924955,-0.28763234494690826,0.95773913099386498,2.3587900006588853,14.314175631704877,0.11912477530042476,,0.2068669056919347,0.1363636363636364,False,6
0.22801556555042249,-0.95916667157983559,-0.16735649971596905,0.95532883294900384,0.25358766715409181,-0.15178970980814172,0.18803117508279141,-0.125270073033449,0.97414151230669721,3.5570677166912668,11.626778419578397,-0.53548898576826298,,0.394755370417409,0.3582089552238806,False,5
-0.13295065427944788,-0.99067077540043236,0.029925545845867561,0.97021976122789111,-0.1362556956817518,-0.20026981878749522,0.20247898273539683,0.0024083525049679935,0.9792836470546471,-5.8971568077677352,2.4473262586335824,-2.1646066601202452,0.4411405929862184,0.5723904133229243,0.5580110497237569,True,6
-0.98424371244953823,-0.16888425516288588,0.052368147395427708,0.15202170502463339,-0.95950542992810173,-0.23714706647962755,0.090297927467663325,-0.22544941405239169,0.9700612588896016,-2.4587464605977867,-13.896546865581348,-6.0534736134315876,,0.3359333765487789,0.9760765550239234,True,5
0.22295390708543622,-0.97457348308268132,0.022317737058940461,0.9610834767106432,0.21592150857970041,-0.1723265879847074,0.16312604362615868,0.059870094410813084,0.98478701539272906,-7.714907625579368,6.3368835675786563,-1.3657335404482553,0.1932367729141477,0.1851139286768925,0.6210526315789474,True,5
0.48838981439996221,-0.87165362612216779,0.041174570531446152,0.86342660254798909,0.47586990470184731,-0.16745845995796688,0.12637203489225676,0.11733622572391389,0.98501894343716012,-12.411341583316281,-9.5119040623611433,-4.6552514149580704,0.2950670511791837,0.2344652539650588,0.7538461538461538,True,5
-0.06289137102065083,-0.99769325683312704,-0.025550747950925982,0.98047115878426649,-0.056985313963845707,-0.18822587703257024,0.18633567088290198,-0.036889554919391866,0.98179334816165276,8.0869926092070692,7.1697213182905912,-1.7919530657624982,,0.4127678007905954,0.3209876543209876,False,5
-0.99076278360754333,0.10671993551761831,0.083665775448202445,-0.12615281320912744,-0.95168413863699231,-0.27996922685572112,0.049745093603858537,-0.2879377634661397,0.95635624640217709,-7.179062909185193,7.0884047992080905,-1.1944367111766399,0.4473477162521138,0.4496391846640341,0.625,True,7
0.11652820415654164,-0.97761706954314642,-0.17517432167393612,0.99075894231968542,0.1267473362036157,-0.048289035803869118,0.069411064317089266,-0.16792849104056135,0.98335249328366992,-16.634836347099036,-11.071831599858974,-4.8689025487935833,,0.3700408983625099,0.45,False,2
0.70231325752839235,0.70191427474250589,0.11862731225380722,-0.69310620272490131,0.71224838244030164,-0.11093256264705864,-0.16235726052175234,-0.0043119164970692667,0.98672261924615678,-3.9526399345089693,2.6265909743587406,-2.2274765087937891,,0.2936767739096663,0.2727272727272727,False,6
-0.2525883778602625,-0.96725708079879147,0.024755827890095016,0.94847224801266172,-0.25257958368640498,-0.19132158439290781,0.19130997391597587,-0.024845392921126933,0.98121516515536256,-16.058021396324509,-5.8519642159617966,-3.6931642054832188,0.2776997581875683,0.2611816640913869,0.9571428571428572,True,5
0.98141023949554518,-0.18625573943770593,0.046289754155864435,0.1907453455911329,0.97326244476544665,-0.12797041355135766,-0.021216855295170964,0.13442102936557079,0.99069714439665379,7.9615317361312528,-6.02787707238691,-4.624024274063915,,0.09733986710584654,0.1818181818181818,False,3
-0.67861319737059389,0.71577915397509517,0.16475536740621638,-0.72444870767850644,-0.61529996961911815,-0.3107732571017891,-0.12107104648677164,-0.33025164665964962,0.93609596280573093,-8.4115255561592353,-0.053353344947358106,-2.7085425689060108,,0.5630212667388508,0.3928571428571428,False,5
-0.43010041206572114,-0.90199356513541973,0.037699389851743405,0.88244447943949844,-0.42885862650548101,-0.1933184398307268,0.19053969730124762,-0.049878722178189436,0.9804115140216485,-1.8362762200011797,-3.9831322464239407,-3.8220099138840031,,0.2860656556523055,0.904621435594887,False,5
0.95154515727562439,-0.3000819791494142,-0.067176033338379376,0.30742030815626475,0.92304747192077119,0.23124904046023972,-0.0073870019910551449,-0.24069518144417595,0.97057264634397145,4.8367027562259368,1.187228370918501,-2.9524008476950199,,0.484986319845368,0.3483146067415731,False,5
-0.69754798990785449,-0.71541095401595423,0.040174228673313286,0.69489879251322639,-0.68909290881876417,-0.20558849962815426,0.17476404074973004,-0.11549082166855493,0.97781358150270636,2.860574175036112,-16.954228637896321,-6.8400786657038353,,0.2608157558384311,0.9390243902439024,True,5
-0.59084694164266327,0.80026556139843907,0.10234707026170496,-0.79925583439697856,-0.56331577141411127,-0.20944080991658651,-0.10995454849119415,-0.20554895503448251,0.97245031973378004,9.0813560588493392,3.6745373371491272,-2.6066250602681209,,0.08710364245199405,0.4909090909090909,False,4
-0.92309865610813557,0.36301571154250056,0.12691912489710069,-0.38430240210873856,-0.8586323309221926,-0.33920817211349075,-0.014161031911807433,-0.36189793239035528,0.93211016071426767,-1.0747476890490171,6.8623771768183879,-1.3686041962554363,,0.3237113399143826,0.379746835443038,False,6
-0.13214798474547834,-0.98850218663584033,-0.07348698622116924,0.97182763413916229,-0.11460804578683646,-0.20595156072338919,0.19516136823456193,-0.098632767664118048,0.97579896366604557,-13.483171461093725,-9.8045753275297045,-4.7169645472243245,0.5728584030871936,0.2643558360406384,0.5555555555555556,True,6
-0.88967185114985181,0.4289100546413131,0.1565891512818901,-0.45580255765224093,-0.81399174854809597,-0.36008535340012077,-0.026981951546774352,-0.39173153858631293,0.91968384565976147,-7.0789830533190568,2.6268772057216303,-2.107875083082535,,0.2222881701664249,0.2056737588652482,False,5
-0.98869840878114379,0.12610941223420533,0.08106708715365589,-0.1409196319833822,-0.96628322669255906,-0.21549566848149201,0.051157734462183413,-0.2244841686145379,0.97313398062452661,18.756002063386212,-7.2165417070265248,-5.4146892965989792,,0.1923694518960107,0.5925925925925926,True,4
-0.90927770758561144,-0.41608544110360274,0.0093250302667820667,0.39806152447822885,-0.87599380406435567,-0.27236350337541199,0.1214951571788945,-0.24394212621537961,0.96214924301773253,-8.1906139217014946,-1.1440586381736497,-2.9080245124613628,,0.4090386841139522,0.2592592592592592,False,3
-0.29666974675198587,-0.95405653571205584,0.041990332544839026,0.93554280135034318,-0.29917647465906599,-0.18775809929834775,0.19169436142898835,-0.016418394430843815,0.98131733303791602,-6.8333715913992084,-23.69998724025702,-8.1723606794856281,0.2147866460170773,0.2234859452322031,0.9230769230769231,True,3
-0.51495940267045048,0.85405939847119428,0.073480320387938003,-0.84906699997720436,-0.49639698719888203,-0.18076299579721045,-0.1179069257974356,-0.15547531952980304,0.98077794727762035,-13.738762505104701,3.0762204061801768,-1.9091982155840013,0.2271002775018522,0.2332624742659163,0.9518072289156626,True,5
0.99351663001284607,-0.11169876025844136,0.021168203623476562,0.10651810388761772,0.9796623573943759,0.17004575575027109,-0.039731592368094218,-0.16668848928831712,0.98520878401822731,6.8195556466479594,2.9244549510156861,-2.6395771292319608,,0.4071419673284481,0.3097345132743363,False,4
-0.3149100086811204,-0.9484944799435292,0.034495042384541694,0.92991780571519689,-0.31560854998447607,-0.18879649835346568,0.18995936682956796,-0.027376352813169282,0.9814101967375104,-11.930325218424251,-1.0958437250991988,-2.7686167252550602,0.2756153629116786,0.0765320250213498,0.2857142857142857,True,3
0.92748036847387305,-0.3693190462155756,0.05816879058384105,0.3738338435912108,0.91387423204808127,-0.15837343648589575,0.0053313676848806835,0.16863371578942155,0.98566436803694057,1.978596711211301,2.4073865013288751,-2.4463876195126066,0.3288278699517431,0.2705379079425022,0.971900826446281,True,5
0.93108865903592686,-0.36057891184994534,0.055287949354165956,0.36473645814984257,0.91752265392986487,-0.15849131087162269,0.0064206783899868128,0.16773499293411176,0.98581121267431604,-6.3484117324910629,-16.176413034818445,-6.4592828677394278,,0.2439732501726675,0.9072164948453608,True,5
-0.90910447820681295,-0.41482424795307676,-0.038077434452477354,0.39655733877396138,-0.83382015636212126,-0.38403935203148243,0.1275591030418135,-0.36423178081327767,0.9225312379950914,6.9944687726901913,-1.7921693507571388,-3.7025020334404215,,0.4069080357456998,0.427807486631016,False,5
0.36632895039245417,0.89969393896014205,0.23738979822803524,-0.91204183538166472,0.39772989357613253,-0.099953100349928228,-0.18434421775040133,-0.17989371293711945,0.9662584858244142,2.6288582659480761,9.7202705609260747,-0.87607828299886015,,0.3042219029186489,0.3771428571428572,False,3
-0.25557520210644602,-0.90539805077976443,-0.33902165965090592,0.94810785256090213,-0.16611869219583314,-0.27110160459780136,0.18913702963884621,-0.39071594508971796,0.90087081996923646,5.3504167739208413,2.9264443617290001,-2.5855482575784308,,0.1886738606262847,0.1752577319587629,False,2
-0.11549977368748439,0.9763780236841163,0.18260820667439764,-0.97769714761392901,-0.079282961829860568,-0.19448007484334229,-0.175408351641896,-0.20099792742758438,0.9637591728975079,3.6228353537341258,-10.789472437523967,-5.5065132257669411,,0.1605676810060077,0.4588235294117647,False,5
-0.93657405352524548,-0.34470888443665626,-0.063283704488022618,0.32952365316630977,-0.80463549758622988,-0.49393914405328371,0.11934489627638425,-0.48346406382956436,0.8671904604630879,5.7402106290375157,-1.2998688701939622,-3.5191669722468908,,0.4110295888966387,0.4212765957446808,False,1
0.90900815498502419,-0.41676502887508166,-0.0033293959626409034,0.4150631223877696,0.9059623391261582,-0.08339571043391053,0.037772723021237999,0.074425471391275408,0.99651094856190514,-7.4023848169684436,-1.2929249722195333,-3.0086155455817978,,0.1892236089096914,0.4430379746835443,False,4
-0.15570080592937346,-0.98744288979571471,0.026717006284991511,0.96968218582369059,-0.15794545835498308,-0.18646632586401307,0.18834467746430633,-0.0031259521626201547,0.98209801491192505,-5.8375758277868082,-1.9576270220483756,-3.2171073118078506,0.2831236768323393,0.2670277754692997,0.9590747330960854,True,5
-0.35955086888765192,-0.92596751212000461,-0.11535744094085176,0.904717295837276,-0.31565849737925822,-0.28608797186382007,0.22849461108529373,-0.20722905088465843,0.95123411060286411,-7.5624690532943202,5.2130674695657966,-1.5449636479349613,,0.3663296629668478,0.3684210526315789,False,6
-0.73894460105375059,-0.67225028631638106,0.045171109362713506,0.65266408131686704,-0.73083809395112798,-0.19976305311216391,0.16730353711839002,-0.11813226899296797,0.97880247930328068,8.8789525900335153,16.096390796270533,-0.0065170366277389176,,0.3142583866763345,1.0,True,4
-0.035642503350859944,0.99079637440324853,0.13058390568620409,-0.98344853883008465,-0.011546740266745445,-0.18081936915658406,-0.17764735694025013,-0.13486740621288684,0.97480880141366844,-7.5762045742489468,4.4883536936605681,-1.7112936152806804,,0.3802325476433479,0.5851063829787234,False,6
0.80514855624200055,-0.59307303326859195,-0.00042378179960924495,0.58930042567063967,0.80010697246183815,-0.11204392407602497,0.066789300683753758,0.089962268910598664,0.99370316467576558,-9.2469511243274134,8.4066190156352469,-0.89056793378475541,,0.1441449334859883,0.2272727272727273,False,5
-0.54011323564223157,0.81115724137758494,0.2242802319527705,-0.83546680019828767,-0.48469689066129662,-0.25896746890238537,-0.101355406617092,-0.32725044529225683,0.93948615083220144,-12.816495467789119,-10.150173229537643,-4.8243424696101265,,0.1957386017101248,0.3571428571428572,False,4
0.99345796894661254,-0.09996844000783707,0.055204845248141614,0.10506187589637911,0.98955228624670499,-0.098733353113593325,-0.044757861539685209,0.10388736105185815,0.99358147629878601,5.855759815382017,-0.60531383011186446,-3.3520971373185762,,0.08913078912109142,0.1216216216216216,False,5
-0.82615105773962938,-0.56247136567927403,0.033172165841036799,0.54261360463827157,-0.81008361101110049,-0.22211487845860015,0.15180548691386087,-0.16550077329761814,0.97445604733140057,-10.167731350112099,-0.86763276856315674,-2.7757564664288923,0.1484573244420015,0.1825451916651691,0.6470588235294118,True,5
-0.86733575892115133,-0.49538005668659496,0.048241898116238302,0.47704868236874076,-0.85503889211292705,-0.20330530643479899,0.1419620933450893,-0.15332022831800499,0.97792620971195765,8.114744337981092,8.8901956800536759,-1.4166451481203952,,0.2749620202366184,0.9942857142857143,True,5
-0.96521949813750929,-0.25472528926979682,0.058875694659115435,0.21352187586052948,-0.89800621539628456,-0.3846989025701042,0.15086327897860263,-0.35874763290656042,0.92116253014316862,-7.9948001297704456,3.5980041429831919,-1.8801978213952271,,0.2521320366100634,0.2916666666666667,False,4
-0.65151781980676393,-0.7585535470589192,0.011002123366505918,0.73460638429043978,-0.63443800339251977,-0.24050338877246211,0.18941486381476569,-0.14861001344338687,0.97058594326849201,7.3717328529001138,1.6399401496606754,-2.9313618077795165,,0.1360418784691204,0.225,False,5
0.98731935350012823,-0.14773357291743006,0.058097208514179974,0.15520699783413808,0.97518915865284694,-0.15785085577616295,-0.033335896979135679,0.16486629819039289,0.98575241399328739,1.1141936827449821,12.619870678887393,-0.19988163864728897,,0.1729892222024959,0.75,False,1
-0.6129904447665534,-0.78974810425528041,-0.02325180530827034,0.76922491357706213,-0.5898248781043135,-0.2457633933310516,0.18037668074688706,-0.16853647971410368,0.96905093160695777,-12.16412339308607,-12.759024799193096,-5.4473383041072596,,0.2615519877106428,0.7875,True,5
-0.79967981409553446,0.59367346865866677,0.089799819258833763,-0.59741283436871362,-0.77175036419128495,-0.21794329698836704,-0.060084109876673321,-0.22793241976824319,0.97182133736552723,17.139819061613149,-21.500144911008825,-8.4041930215800971,,0.1408226200809805,0.5238095238095238,False,2
0.81043382687057508,-0.58336245117219809,0.053714642568679562,0.58356430203292409,0.79584201168932189,-0.16151841326338223,0.051475408271739874,0.16224593367064527,0.98540678876827259,16.823613307395071,-17.377652994429809,-7.5005350268599189,0.1568658603072632,0.1659050627896545,0.6296296296296297,True,3
-0.57182870793587959,-0.81929337726485107,0.0420748232359816,0.7994842437428461,-0.5680349977967305,-0.19534888094125305,0.18394801653541692,-0.078067939949923934,0.9798308649785753,14.614672486018394,11.183605521721582,-1.3416776221942175,,0.2571954297195811,0.9855072463768116,True,5
-0.54886248120990044,-0.82989646213263024,-0.10010913474732316,0.81535747391333857,-0.50511777471837715,-0.2829279473597765,0.18423399917977534,-0.2369132664147382,0.95390247810922868,12.241910846171615,14.125916059716491,-0.64075361006002973,,0.4378603971020304,0.7,False,4
-0.78229700845775707,0.57105489628753436,0.24881257199763568,-0.61951038135026071,-0.67162135774097065,-0.40636392461121712,-0.064948271395778981,-0.47203925393150281,0.87918181554812147,-28.070450866015491,-12.483281874764138,-4.7628974410588469,,0.2155474283589809,0.1578947368421053,False,1
-0.86931894269803178,0.48119603055675347,0.11284926248230344,-0.49268952985261288,-0.82554340148861727,-0.27520014431721246,-0.039263253048965802,-0.29483634856480512,0.95474076299537192,-1.6660581544620106,5.1172308453498978,-1.6985263758889146,,0.1404068464472138,0.3333333333333333,False,4
-0.56478476096536745,-0.82483947868316088,0.025651670257227026,0.80456902849814405,-0.55728619838599791,-0.20518472523566647,0.18353978359703585,-0.095246666577758543,0.97838705037575968,6.0277524008178185,-5.7479043690929004,-4.4909904890535213,0.3769293718747724,0.3097261122476368,0.9822485207100592,True,5
0.99207395693200651,-0.11421686658428505,0.052381021037594296,0.11433470251152159,0.99344200203485333,0.00075126199549624406,-0.052123313199326823,0.0052436609970184607,0.99862688940388256,-7.2515309040923599,2.3658884166577301,-2.17260388189391,,0.1964088628774309,0.1,False,6
0.95000800958671505,0.29352096996590532,0.10644351512123312,-0.29413798198734875,0.95570840690928294,-0.010212174858098055,-0.10472644973214815,-0.021607432822906104,0.99426630716991748,-8.3576061331008109,-3.1088808284572469,-3.3856355379118588,,0.6541919455490346,0.316546762589928,False,5
0.75119845645980499,-0.65362661865081673,-0.09204956492839908,0.65531984460433435,0.75520920431263916,-0.014661479776016673,0.079099812137315872,-0.049308225607614692,0.99564648274740108,5.7827627014130796,-1.6387519356703808,-3.5945167006422563,,0.3855074930360864,0.2344632768361582,False,5
-0.45277604413544903,-0.89112697759676907,0.029775218828793852,0.87091584608496042,-0.4491688248955194,-0.1993814328870579,0.19104827372989311,-0.064343426558015698,0.97946948934798461,-6.5594322136755174,-8.3230096239388605,-4.6243916249320955,0.3678132768781139,0.3101248722045497,1.0,True,5
-0.72945492652093957,-0.68275382008099461,0.041746033813290367,0.66364141275036281,-0.72118335986801285,-0.19868225067224077,0.16575761055539451,-0.11722534970855776,0.97917446449990342,-14.860568920276418,5.6570643947512735,-1.3618386948117465,0.2561104394713802,0.2117725769498062,0.8913043478260869,True,2
-0.60456656195996372,-0.79612227383440459,-0.026241136877975503,0.74657882347344007,-0.55484346790700945,-0.36710868480865355,0.27770367750702429,-0.24153271253737579,0.9298078383587729,-3.7313024384377531,3.8692121753712874,-1.8901578634510519,,0.2485951280358653,0.3416666666666667,False,5
-0.83003144387117367,-0.55670892823724616,0.033510765525015071,0.5368912510485645,-0.81386014749107094,-0.22221486195419143,0.15098207420963289,-0.16645368589115053,0.97442166628242,-4.8431440237255705,6.2264592520449282,-1.3596166891896948,0.3649136065098635,0.4340924398096592,0.65,True,5
-0.10890583470505763,-0.98733346534819788,-0.11537827945810597,0.98419013752381768,-0.090787644780157079,-0.15207687778265319,0.13967566848969318,-0.1301162240413937,0.98161116327859987,1.4357553968366936,-9.8719351130618627,-5.2380884273352484,,0.3101147041256777,0.2241379310344828,False,8
-0.57306612797233103,-0.81931406214224534,0.017879612601373544,0.79744673506403396,-0.56253396335129102,-0.21825270860175627,0.18887540259788882,-0.11081519594470672,0.97572848407803692,-0.24259373910769266,22.150690099787244,1.6652223820142193,0.3605725091821581,0.2588560187180052,0.4090909090909091,True,5
0.80988722616407804,0.57717716594777524,0.10463842508729421,-0.58262591445789835,0.81220994625515275,0.029360637021339703,-0.068042080349976955,-0.084743862979542214,0.9940768345500014,-3.2359547201220002,8.1279246207411653,-1.0092367549349259,,0.2529903368047174,0.3174603174603174,False,3
0.10107607079325562,-0.99465036503566073,0.021313827610866684,0.97908678998517917,0.095646873603401572,-0.17955704733152222,0.17655788169752251,0.039017007885329788,0.9835166432278416,-12.930965961400682,1.4338520095935194,-2.2147428503955497,0.2335730678061489,0.2021938293304889,0.8170731707317073,True,5
-0.55266886285607797,-0.83294851021366045,0.027457373549084025,0.81282505976140862,-0.54600707308760066,-0.20295738065459548,0.18404496801932027,-0.089850183478697832,0.97880253078729418,6.9858765740791497,0.86811167725310945,-3.0621038658204465,,0.286515218508172,0.9868995633187773,True,5
0.36350249366376675,0.91688406562799607,0.16489253257107103,-0.91176781312765154,0.38647101172268195,-0.13899500725733932,-0.19116849124435908,-0.099818672078549234,0.9764685558991808,10.517886465706768,1.5863191736840951,-3.1081117761200296,,0.2250331691607824,0.5294117647058824,True,6
-0.48244585128976575,-0.87488170257259457,0.042755199414457254,0.85614523034940393,-0.48130364773693746,-0.18804824706729448,0.18509820399792504,-0.054118436588603908,0.98122874483880973,-2.7435957599510723,14.978395523712489,0.44808291255393223,0.1788169088962815,0.227122307938802,0.75,True,5
-0.93269574321326321,0.34604446451233267,0.10164585172171245,-0.36041903123212976,-0.88389074141232626,-0.29805247721040984,-0.013295582633058717,-0.3146273761546215,0.94912214264366757,-6.1800989533422923,4.321669907760751,-1.7383773222842145,0.2757165160782811,0.2179675959492022,0.2394366197183098,True,5
-0.13242485019646236,-0.99069521634890401,-0.031410943218003688,0.96993397454962982,-0.12299138126810852,-0.21000286938068843,0.20418556282167521,-0.058276139518355884,0.97719606400048209,-5.4624205251361797,5.6331145335715274,-1.4826329136047909,,0.2241057851838356,0.3061224489795918,False,4
0.86858371514248334,0.46348982414367534,0.1753268738800417,-0.46180665483173278,0.88540696649996231,-0.052812093562559365,-0.17971350350601906,-0.035095392697626855,0.98309275761191151,-12.464757439565654,-2.852852860134242,-3.1417154763861102,,0.2238273539014344,0.5,False,3
-0.030846268689899176,-0.9986935390924383,0.040739694192924628,0.98300927094969759,-0.037690080309651541,-0.17964473572358836,0.18094551924503802,0.034506127300444681,0.98288760610960535,-1.8499832604912219,6.6608008034650412,-1.3487560185299883,0.1661509940594657,0.1449749263037868,0.76,True,5
-0.8862819672169755,-0.46250620456171171,0.024336912867662562,0.44219802888278514,-0.86065106491680388,-0.25246910248533583,0.13771411633593572,-0.21299707791303515,0.96729885090509671,-11.094193767162695,5.8271631780109363,-1.3673521177552612,,0.1252646851696443,0.2692307692307692,False,4
-0.46030963904077132,0.83493237615388416,0.30166697442077345,-0.87779109868343286,-0.37728123874225894,-0.29519765237081103,-0.13265678753191079,-0.40068290972180887,0.90656239861279153,14.907567296158332,13.455917000595019,-0.86869175699162793,,0.1770060800936195,0.4545454545454545,False,1
-0.83087501525122376,-0.55533987555455033,0.035275085405107473,0.53548681193864578,-0.81519169502535671,-0.22071786199008345,0.15132938667379292,-0.16449961392278345,0.97469959153997332,0.49691715579504847,-22.384753804229153,-8.0649738528622681,0.2509013086068599,0.274047802860011,0.96875,True,4
0.4301782083058846,-0.90182162306038549,0.040797907783026902,0.89247948056118476,0.41805666005102832,-0.16943732104886933,0.13574640281045275,0.10929953873513046,0.98469615869887028,-10.358441430225362,3.6606161302261881,-1.8746901381506396,0.146548227650396,0.1651700811273868,0.5492957746478874,True,5
0.42051970960135959,-0.90680336986443266,-0.029509697377281888,0.89140457961959296,0.41899989517749997,-0.1727337930876941,0.16900014576918737,0.046332885122281044,0.98452639095467631,-1.7308199138593912,-18.376893393485858,-7.0887609068154829,,0.1618259230721397,0.5,False,4
0.1837834135452584,-0.98284493202319789,-0.015475674523932122,0.96188051749232295,0.18306217175327985,-0.20316030946441241,0.2025080911330599,0.02245174535065815,0.97902318264500543,-9.0574530878881507,9.0274313668900774,-0.76772619493009586,,0.09664286552062384,0.4,False,2
0.099815877240483686,-0.99496771432790065,0.0087199825588851823,0.98053762906887987,0.096871611705884195,-0.17076840698877954,0.16906433281651614,0.025595669372356224,0.98527260850928378,17.770607942475429,-10.016711163490221,-5.9565870073988254,,0.1478185845345355,0.6666666666666666,True,4
-0.42586135159458288,-0.90278363257294247,-0.060198189145834448,0.88332533390020995,-0.40043232084199726,-0.24370127393014127,0.1959042207511546,-0.15695753942864388,0.96798030305806737,-14.190836411570373,-3.3859053468184253,-3.1964532069846707,,0.1908932637144745,0.5652173913043478,False,2
-0.10092396006613305,-0.99463743637471447,0.022599213404538437,0.97637363470095317,-0.10338218251572996,-0.18975418256031201,0.19107296968806836,0.0029145325900730365,0.98157150822258588,6.0865274031952987,23.659403537163008,1.6253592782354738,,0.2567156301387075,0.7586206896551724,True,4
0.079125745676872861,0.97445472706559644,0.21018349428676203,-0.97775397264237329,0.11695129482979399,-0.17412513781672095,-0.19425829545513956,-0.19172996515190072,0.96203083895980945,-13.701397068619769,-1.9700441651667031,-2.8462427682346947,,0.1846176629882389,0.2121212121212121,False,4
0.18595728379287618,-0.98212531432787753,0.029150567074121517,0.9683448887688263,0.17815874750748165,-0.17483602912973645,0.16651746154582209,0.060739835717036429,0.98416594503030952,15.805474364297112,-22.295230053082424,-8.5055757443694002,,0.1972219849410184,0.8181818181818182,False,1
-0.77028931486582419,0.61574356533372632,0.16587414853933888,-0.63569201529365182,-0.7208403333118929,-0.27619716791215443,-0.050497852384384381,-0.31819659900902525,0.94667887442556475,-11.9896659343973,-10.237216456077356,-4.8279025676500771,,0.1497169906214758,0.1851851851851852,False,3
0.93332200915437413,-0.35653914911192214,-0.042306765163398638,0.35845509990767399,0.93203462490167033,0.053116846052680855,0.020493134904739502,-0.064740197211248157,0.99769170503058036,-4.2615737560353795,7.339411359742547,-1.1522536716117728,,0.4992322885675727,0.2741935483870968,False,3
0.70553125852535936,-0.70744439498543121,0.041809941967442039,0.7037089182649966,0.69238836017416272,-0.15934904157114582,0.083781869147993362,0.14184775887913117,0.98633656106981915,-4.8210228351585744,14.851592238184967,0.39640637917591443,0.1960099260234992,0.145186214274465,0.3636363636363636,True,4
0.19748685680321487,0.9502551489803549,0.24086114926718566,-0.96033774402339089,0.23687180370725727,-0.14711616502795999,-0.19685110818598389,-0.20225454369381549,0.95934495399785957,-0.65008604957612048,11.662001036237177,-0.35945029632617548,,0.2032560788633782,0.4166666666666667,False,3
0.79693141313803961,0.59776066177723297,0.087077631946741535,-0.58336186250494504,0.79899403255671664,-0.14593653865128689,-0.15680963021628852,0.065503642420872962,0.98545421644083964,21.196577710001108,-3.2764344635619653,-4.7024329202059043,,0.1543879841718816,0.4375,True,3
-0.57267458066849397,0.7983431262032975,0.18625809378416477,-0.81188949220532702,-0.52087460911015282,-0.26367611577638533,-0.11348690278063309,-0.3022215982160964,0.94645804369183062,-14.816173248735875,4.4331053589540401,-1.5663111243768064,,0.07246485049615795,0.1764705882352941,False,1
-0.95205638514731439,-0.30586473914513435,-0.0059498611671526258,0.28936081871234076,-0.89403194535146624,-0.34201929373238182,0.099292276106217381,-0.32734330914004084,0.93967409343181041,-0.17881163273576817,7.8446181365435894,-1.1804227913373269,,0.3780695710293654,0.5824742268041238,False,4
-0.47256803923013369,0.85576966664016374,0.21056525344123245,-0.87186289031005959,-0.41910938232337813,-0.25338197676375102,-0.12858673647922034,-0.30332425439964406,0.94417151402408028,-13.144519882529258,4.0198223174186971,-1.6978924726047033,,0.2886787922650557,0.3333333333333333,False,2
-0.8519172189227705,-0.52330844789442332,-0.019629581381730633,0.50236472076742311,-0.80608823713813982,-0.31281215014093472,0.14787406612101087,-0.27635126616293171,0.94961215149079825,-1.8609707250906626,11.174345674380589,-0.43921958862979432,,0.1741161551678266,0.2580645161290323,False,5
-0.75373839788883834,0.64439854729610013,0.12895324653006768,-0.65421816728266857,-0.71716846050003169,-0.24014160168809165,-0.062265697982715203,-0.26536750273289256,0.96213464304536656,21.065139533668482,-6.577038471832199,-5.370628517486403,,0.1913250469173642,0.9534883720930233,True,3
-0.98729008829597942,-0.14723202363714999,0.059841563885217934,0.13337074619963027,-0.97231893970653738,-0.19185443321985041,0.08643220239397309,-0.18143486628447664,0.97959729669168771,-20.991917527851619,7.2723864068309609,-0.71925512140234715,,0.1107060983733197,0.36,False,1
-0.0074710433189023491,-0.99833188834533437,-0.057250539076648149,0.97974184042639079,0.0041500255539502796,-0.20022163570855916,0.20012523486466297,-0.057586613034118307,0.97807651662312312,-16.450139478415942,-25.362459281115864,-8.3777758785441918,0.1793883349560016,0.2054973724881005,0.8076923076923077,True,3
0.68831729774480421,-0.72448165011447918,-0.036682915269822883,0.71989101261406063,0.68843262674651806,-0.088416335529091131,0.089309728377115538,0.034450792128653367,0.99540791404273798,-18.330372208734836,1.0002302701100887,-2.1256271697424034,,0.1659746688397566,0.15625,False,1
0.83098830082371855,0.545091319809617,0.1110580792302816,-0.54593305744578768,0.8374440652751417,-0.02538768054271015,-0.10684353364618658,-0.039533411232201998,0.99348959164872086,10.760374325765557,0.67951693755239218,-3.3212021346748415,,0.4674414325230066,0.3578947368421053,False,2
0.87358888090742437,0.46189267400374179,0.15328935010818109,-0.47085869680981424,0.88181635845605888,0.026305847218068112,-0.12302257838900466,-0.095158119259315249,0.98783114829689012,-8.9110036508103931,7.6626043350515065,-1.0342633087028708,,0.2640141471517998,0.1578947368421053,False,4
0.60845347617414136,0.78665170797366535,0.10470653118941683,-0.77468846371771116,0.61739361881737564,-0.13668541848448471,-0.17216896211076343,0.0020517762308620013,0.98506529666819642,-9.0699165497060594,0.72109135303516025,-2.4853264254915279,,0.09145660224063655,0.1891891891891892,False,3
-0.92633312359369269,-0.37663515031454914,0.0072737666095377754,0.36065316530671016,-0.89227127324491551,-0.27162707761957128,0.1087944782027275,-0.24899385231253174,0.96237509476459404,9.2164129711422849,5.2787278067900818,-2.2440002290576198,,0.1382576403289768,0.3333333333333333,False,4
