axis_00,axis_01,axis_02,axis_10,axis_11,axis_12,axis_20,axis_21,axis_22,location_x,location_y,location_z,dbh,dbh_approximation,score,reconstructed,number_clusters
-0.43681585340253315,-0.88924942641659865,-0.13574744135330472,0.8883077333827516,-0.40263200861735671,-0.22090005986679395,0.14177898655519083,-0.21707815010844622,0.96580318684340649,16.190469234611641,-7.0515148890297858,-4.7401686069379645,,0.3067929251733456,0.4285714285714285,False,3
-0.32785573799643414,-0.94472597715414541,-0.0018555734852929683,0.93882625422562671,-0.32558785546284325,-0.11223997840246594,0.10543187108029949,-0.038540582056482267,0.99367939703671804,-10.843441164658447,4.2315681529877063,-2.6342906231832357,,0.2802762763835916,0.9765625,True,5
0.95666645609327861,-0.28570511688262779,-0.056230578629519939,0.29112938311160175,0.94228510519206399,0.16535556483601901,0.0057423057202600561,-0.17456049587539729,0.98462970664344174,13.10978207189531,-7.6639118573916658,-4.7511665077726812,,0.3530261161031858,0.1777777777777778,False,2
-0.45673443430819394,-0.88959982960842965,0.0024082520271361645,0.88371701998637897,-0.45402167938659721,-0.11361577017900035,0.10216596842181579,-0.049764021216398592,0.9935218453002459,5.7020949752758598,6.4659092657471158,-2.668735071657252,,0.2201558194568554,0.9696969696969697,True,5
-0.43786604375181365,-0.8988258666980411,-0.019631329136089556,0.89319190568698881,-0.43242738259560437,-0.12334819981158678,0.10237942832610061,-0.071544532537640051,0.99216925598387218,13.814066515411103,1.5229972866720412,-3.5220243187416997,,0.09881031831307503,0.2407407407407407,True,5
-0.99967384747465526,0.011971955884738514,0.022558168088628344,-0.014926598038788354,-0.99063282598810087,-0.13573430202354458,0.020721856726880823,-0.13602674864571396,0.99048842916344448,-9.0165097057991836,-2.921111504781301,-3.6966003359458055,,0.1252534921273955,0.7524752475247525,True,5
-0.82717537469687619,0.56058519037643273,0.03905308983552238,-0.56060608743055285,-0.81841849580831072,-0.12614269877670259,-0.038751957768479776,-0.12623553402066023,0.99124309617753659,11.921927797221111,9.39533503442639,-2.3760967173212615,,0.1845481038561836,0.8135593220338984,True,5
-0.85303237018667954,0.51943826113786296,0.050196297470721407,-0.52083362481893469,-0.84138649023880729,-0.14422589677859782,-0.03268196248185036,-0.14917327813551204,0.98827082442953862,5.5607891120426745,10.365279048070885,-2.1309332308045619,0.1965371928958585,0.177021852158136,0.7272727272727273,True,5
-0.56033143459842727,0.82699137161035652,0.045977762917395887,-0.82513545646122122,-0.55252753401278498,-0.11774889659050361,-0.071973341532813429,-0.10391629054085008,0.99197844869171881,6.4406356779015201,8.9852047048724319,-2.295099569398682,,0.2277603417459841,0.9834710743801653,True,5
-0.69691537283507543,0.71578385560591085,0.044299381035015295,-0.7148589587428047,-0.68842186488673895,-0.12268661316956567,-0.057320434500289112,-0.11716999615858226,0.99145628233871053,10.406726992202206,-14.510961819859649,-5.633890365514266,0.2070498773172409,0.1921958625529636,0.7540983606557377,True,5
0.99330312332391035,-0.11271970104992426,0.025360879128683459,0.1142029037546561,0.99115088355821801,-0.0676581317785825,-0.017510053368529583,0.070101319652193211,0.99738618549389002,18.805159770988723,5.0810034079577067,-3.1288378118949773,,0.2110942987043249,0.7758620689655172,True,2
-0.99491350924354871,-0.098766208873548617,0.019807703285219726,0.095113301490064639,-0.98582904476144684,-0.13818304666056072,0.033174824857846563,-0.13559620381663054,0.99020861463944621,-17.108875606177151,-5.5339977578637898,-4.005757696248458,0.3204293303998617,0.291821593189959,0.9882352941176471,True,4
0.97233960890608417,0.23124690344874974,0.032871790303079379,-0.22794119166993829,0.97017114114673353,-0.082527389551197539,-0.050975465593297742,0.07275181462624318,0.9960465226966746,-21.696046905412754,-9.3871605010785739,-4.5088890159436152,,0.2581577932903839,0.9811320754716981,True,3
0.090313726060542401,0.99465884240694458,0.049972173324139758,-0.99034497590977,0.09499431204282395,-0.10095993943038516,-0.10516776870951354,-0.040371622474049289,0.99363467759709079,10.265548541157855,-6.1262325435806488,-4.4616584211052368,0.3160405619852923,0.1699896713974742,0.9050632911392406,True,5
0.57582886013999335,-0.79529470629351451,-0.18954538762889847,0.81615115297628027,0.57282151212657695,0.07597901513254264,0.048149967033897838,-0.19844859633299278,0.97892784988889781,19.462545943550353,-3.9776585558356139,-4.3476956410575527,,0.4041155611081531,0.1794871794871795,False,5
-0.84388920761059183,-0.53650826443496502,0.0031444349812126994,0.53116888255883343,-0.83628754166587571,-0.13595133635109319,0.075568667313705665,-0.1130576394916753,0.99071052617452404,5.1789390984090389,4.3944006636857802,-2.9392780897838255,,0.1830814280086506,0.9009009009009009,False,5
0.99636473772845302,0.084575932028694331,0.010208875197019086,-0.084958314707034188,0.97766700462891487,0.19222204041697605,0.0062764777902230597,-0.1923905917174816,0.9812983573027857,-9.493494169618458,5.879989965052518,-2.3818165157121132,,0.585250370030756,0.1475409836065574,False,2
-0.66938735526628468,0.74178781302420338,0.040882869987060491,-0.74050031452743548,-0.66176992299038739,-0.11713177711477997,-0.059831871058648012,-0.108680308584705,0.99227452740234912,8.7886651622849605,8.31587579659125,-2.4519924666650543,,0.1212964765620228,0.3888888888888889,True,4
-0.87881189719883057,-0.47715605498525537,0.0034276132657547094,0.47193782897281256,-0.87021694020523965,-0.14141132403120321,0.070458036633302509,-0.1226563335940616,0.98994499286730164,5.9429308946234034,5.5380584424606774,-2.7951485545346211,,0.1914500369478113,0.8181818181818182,True,5
-0.99961514531190421,0.010684164162659127,0.025600974575276419,-0.013894262122338753,-0.99158730966483977,-0.12869171221068992,0.024010638124263645,-0.12899789125326291,0.99135414121749388,-18.045366618055468,5.722006859686295,-2.2946876142098871,0.3396883396723077,0.2457820177356758,0.9824561403508771,True,5
-0.62028899791910475,-0.78436313447018524,-0.004004041036232503,0.77864055932175646,-0.61513138063814976,-0.12382351930593201,0.09465959243318077,-0.079924075461092786,0.99229617741986398,15.883490682103073,-0.62360998357712993,-3.8728831748737527,,0.168372572686863,0.7169811320754716,True,5
-0.78630253405607808,-0.61782215117227335,0.0049106473969007282,0.61230348646208632,-0.78029150673791425,-0.12739546687010009,0.082539477847667519,-0.097164571905308444,0.99183984622674559,-9.7057339185526246,8.9582424537662195,-1.930532789905534,,0.2745961061723287,0.8682170542635659,True,5
0.95681382900413459,-0.28930842325704259,-0.028424159775961386,0.29064558404684038,0.95396199996374442,0.074038146243962558,0.005695708956449979,-0.079102078719178945,0.99685024955696688,-4.5922638869748056,-21.532571885017319,-6.7064063078222604,,0.5468639888258652,0.125,False,1
0.78071442373949496,0.58831001769951141,0.21065685756582844,-0.61767469523620588,0.7776042636675804,0.11751416931954028,-0.094672907581680246,-0.22186241727792008,0.97047107549356137,-9.5041315584300659,6.2892977468628759,-2.3410422820952852,,0.4059254108529209,0.2826086956521739,False,6
0.26580980269242593,-0.96398495641527515,0.0088403957860563667,0.95985552065732227,0.26379687121727591,-0.095334097780577137,0.089568567345215136,0.033826240420957575,0.9954060765349535,-14.884840994822099,8.0022171447958517,-1.9800941962449039,,0.2883370280990807,0.86,True,5
-0.90153340895102829,-0.4327008425176786,0.002737412944419329,0.42757981411904383,-0.89179929330089258,-0.14788347786670425,0.066430528396673308,-0.13215143341076202,0.98900100280253456,16.567321200193696,-0.90545984892951936,-3.8962131389550612,,0.137375936199371,0.5576923076923077,True,5
-0.98076429078281613,-0.19519376410291597,0.00089463993625555488,0.18558814141787189,-0.93390082049980172,-0.30559171984014516,0.060485103044802632,-0.29954741181511307,0.95216222377519655,18.219002665595553,-5.8143611343059769,-4.5774252557839228,,0.1917026447530732,0.4285714285714285,False,2
-0.98220592239475901,-0.18559231076380772,-0.028757958863760719,0.18270344094848284,-0.90879070547862817,-0.3751251875057719,0.04348538465098041,-0.37370435884667785,0.92652796692854789,-4.0206595845838251,-21.283549727143424,-6.6388433160181792,,0.2200531622945089,0.4285714285714285,False,1
-0.29104675887138592,0.95478545601726528,0.06063429003760866,-0.95239202203260898,-0.28313715571903608,-0.11306098982395958,-0.090781168306540969,-0.090653648736483947,0.99173620255169803,7.6079111617917405,-17.628974262025018,-6.1252644453313758,0.3144524091910145,0.135529790005302,0.8378378378378378,True,5
-0.66782329664000339,0.74223515368990545,0.05566885207905882,-0.74200374154153659,-0.65798497238032061,-0.12839869025822964,-0.058672753499715971,-0.12705413314249359,0.99015895453617486,-5.3938302411757348,3.3149723845422727,-2.9109076322390597,,0.08244675190523401,0.282051282051282,False,5
-0.99938134343184604,0.030381776521754424,0.017716603956209546,-0.032729655539222455,-0.98778884439437131,-0.15232192402381489,0.012872453093441769,-0.15280754740985525,0.98817212741806393,-19.875069846703234,-12.183095915044255,-4.9719758224121557,,0.2461301597229913,0.8888888888888888,True,4
-0.85253261954710957,-0.52260812874259122,0.0082991794962781924,0.51740748344232124,-0.84608436454242963,-0.12818246430272046,0.074011003817190779,-0.10498567449419666,0.99171587638041347,6.9751353113917558,-5.9649295537314861,-4.376015365211372,,0.2495615048912739,0.9194805194805195,True,5
-0.95910359143760171,0.28043027441158908,0.038459876299009363,-0.28295151121268342,-0.94618144990498765,-0.15709585022576084,-0.0076644108679688634,-0.16155347427132832,0.98683419669005745,-8.9750158841522367,-24.298401903575012,-7.2570709571080387,0.2709657987584109,0.1590462260868575,0.9705882352941176,True,2
-0.94201747241742717,-0.33517828789268261,0.016080951017020347,0.33049250863756147,-0.93501495837047399,-0.12853687936896618,0.058118700903695267,-0.11576935237268444,0.99157434096313535,4.899791674125396,12.009146485217025,-1.892497543500012,,0.202023554107097,0.8939393939393939,True,5
0.80750271807278051,0.56665440067824491,0.16383574242835794,-0.58437608729297863,0.80631192328526891,0.091464041940864091,-0.080274210710669008,-0.16959915259219469,0.98223835118304637,-11.096496768885361,10.807404902282784,-1.6768122787122552,,0.101726695988306,0.5,False,1
-0.60460286985938294,-0.79482593483649522,-0.052029828647521079,0.7899579261440538,-0.58996408547430057,-0.16705942886487687,0.10208743644535735,-0.14210598566480012,0.98457302632067456,-8.7875830274046614,-13.031260047997314,-5.2420106355032381,,0.2227917135561692,0.1944444444444444,False,4
-0.9947585749182285,0.099083754177098082,0.025254450792419215,-0.10163958397428459,-0.98515259855602555,-0.13836095015517785,0.011170165450371718,-0.14020259347273736,0.99005982656975267,7.831782076557845,6.6982099053901756,-2.6731252583073708,0.1759622195796055,0.1615443527518298,0.8256880733944955,True,5
-0.72447707292422014,0.68762411671363732,0.048021296535436464,-0.68569594753975627,-0.71182544773968914,-0.15207103431537183,-0.070384929741459323,-0.1430999862473129,0.98720228707256774,8.4666106833638803,10.504204559707784,-2.16159379338671,,0.125654510751288,0.1379310344827586,True,4
-0.66924760792519378,0.7374588434790641,0.090896058555514372,-0.74064019767739631,-0.65225376168687821,-0.16129825773921053,-0.059663530492201168,-0.17526974793112035,0.98271093338243076,-9.7474441083012486,9.8171888178968647,-1.8047824330906392,,0.1494933059324245,0.2058823529411765,False,5
-0.47380245230449625,0.87968560904061543,0.04079786069252607,-0.87716465222056195,-0.46732408267642039,-0.11041002964143522,-0.078060291346023214,-0.088098984088826687,0.99304841771058194,6.9610080883348697,-16.545543672708742,-5.9559410018916639,0.1405635001638688,0.1616250596028999,0.9859154929577465,True,4
-0.98381073828339283,-0.17811199916736442,0.019812798663739729,0.17348686851163603,-0.97426888216725305,-0.14388346567481999,0.044930364925197606,-0.13811683819569417,0.98939628123139445,-7.9479836741643446,-12.280639124264466,-5.1636362020742022,0.2676129878619958,0.1250834930867932,0.5151515151515151,True,5
-0.90386056617784749,0.39519359521719744,0.16388440806851151,-0.42740448841256706,-0.81706826272457378,-0.38694296392755123,-0.019012632470343495,-0.41978741804340952,0.90742329893991303,-23.194435673408289,3.4608981368749303,-2.5111177812511656,,0.1798835787479003,0.3793103448275862,False,2
0.91022159945079362,0.40795144952546664,0.071219763572406378,-0.40932342049415371,0.91237452463630164,0.0052023292522412612,-0.062856800174723518,-0.033887189685086958,0.99744708182792419,-6.503447876049341,3.3661400343181831,-2.8911002402105659,,0.2935242694542288,0.3860759493670886,False,5
-0.95101440814118898,-0.30867386865445995,0.017089128642283145,0.30402036324407317,-0.94383975372170126,-0.12937595614139255,0.056064375862084362,-0.11784295526015524,0.99144834643805202,9.4739516310278926,-10.221530129954649,-5.0135155505411664,0.3022335299329989,0.1795366337349538,0.8726114649681529,True,5
-0.92891019998482915,-0.34312028104249842,-0.13926346649951388,0.36526891425718561,-0.78719833949791074,-0.49688770820891587,0.060864280506065904,-0.512432675606317,0.85656773948674347,-22.758319315498948,4.1205660600255252,-2.4284605616020074,,0.380443036156633,0.2777777777777778,False,1
-0.97700278697183662,0.21161738567478799,0.0261464400909934,-0.21321194263696702,-0.96812888214916692,-0.13140447125412164,-0.0024943468553014492,-0.13395726792067922,0.99098396990314275,-13.060531419040315,-12.456801255094883,-5.0406207861670813,0.30286059438419,0.271448155514029,1.0,True,5
0.60104334742226007,0.78649467894862146,0.14203173766784552,-0.79666154749608609,0.60378375562709385,0.02784879139176151,-0.063853529742563378,-0.12988955472379252,0.989470277629939,-7.6251349897637768,8.5023355355610857,-2.0631588786370973,,0.2179398785919633,0.2954545454545455,False,5
0.98516569748783056,0.16389658598978102,0.050857227551363529,-0.16641458120270461,0.98478763736811359,0.049994964246987919,-0.041889565006637347,-0.0577167080473538,0.99745378136319263,-7.5371093326482095,-3.8623202658343301,-3.9047636686640637,,0.372547842962555,0.2,False,1
-0.93123150967824508,-0.36425282461752162,0.011302881957018604,0.35952964646885704,-0.92334046819074522,-0.13483624553982126,0.059550891616799856,-0.12150003933930811,0.99080342740030503,-4.5791786183162584,-8.7874752898758146,-4.6921526082071168,0.3251292767986349,0.2548462893153672,0.9704142011834319,True,5
-0.98014395912729813,0.18708104117368426,0.065715321041868058,-0.19826486866004928,-0.92962241142074631,-0.31063356875825604,0.0029767837474380943,-0.31749465541587768,0.94825538888048211,21.403709614405273,-3.2495262222811561,-4.2870982712515131,,0.1528754560199328,0.25,False,2
-0.76689354452057379,0.63273474602755875,0.10733607288377427,-0.64084404364942305,-0.74599363886690284,-0.18114194017171431,-0.034542771917239035,-0.2077022675359069,0.97758199910223165,11.218550834697814,0.0083441686234560497,-3.6261006636280815,,0.1973755545500458,0.638095238095238,True,6
-0.85555188631813761,0.51510910646048347,0.051899694208712266,-0.51605910234735275,-0.84049957486922566,-0.16505595272238627,-0.041400153404546738,-0.16799724130512514,0.98491773981990316,25.970683153720273,16.487733896700131,-1.8039640618204542,,0.2342211821925416,0.6071428571428571,True,4
-0.6560986387506933,0.66948980053747009,0.34830731144462845,-0.75223744093265776,-0.54309410761310717,-0.37307857447863263,-0.060608651928362393,-0.50678614548172152,0.85993859900530423,-7.643146680585823,-15.267459981858478,-5.6370379636138868,,0.1219178607929946,0.2857142857142857,False,1
-0.22440810284253351,0.96509826431649171,0.13500497617462032,-0.97043239178718099,-0.20868015780062432,-0.12129948355420617,-0.088893061308661883,-0.15823378891248674,0.98339213526322888,-22.066099332902056,4.2734979608384469,-2.4110529976477197,,0.1435450680864791,0.3103448275862069,False,4
-0.047413593706474196,-0.97260482465716191,-0.22757813204578561,0.99354227155420938,-0.022408272733108223,-0.11122780204616316,0.10308106405513673,-0.23138220408391449,0.96738646355349156,20.056855853037433,-2.8560829607060696,-4.2280966587645379,,0.4470864889219224,0.4347826086956522,False,1
-0.82024237411112477,0.55205660176294868,0.149786368413451,-0.56767980738878421,-0.7534384915868243,-0.33176810527596406,-0.070299957294282123,-0.35716095509631979,0.93139356244237936,-9.6966558283631787,-3.6431651918451857,-3.7752802644981269,,0.5140304864594392,0.3333333333333333,False,4
-0.98538105175963631,0.16753951279120952,0.03089813079712762,-0.17020925790652588,-0.97590393755914617,-0.1365295322612049,0.0072795161914803834,-0.13979276200947519,0.99015402455061474,-10.745826885371123,-8.609104117380646,-4.5109566338515243,,0.3470289113205181,1.0,True,5
-0.88273000543153368,-0.4698236806266432,0.0073107204349719818,0.46471544936591697,-0.87522160188812848,-0.13426354199488569,0.069478691924059519,-0.11512105242227579,0.99091869225366291,9.4706077427046953,-7.4455655662976561,-4.6051728942158441,0.2577895682808983,0.2323438152616983,0.9411764705882353,True,5
-0.17720492767211185,-0.9841643955483742,-0.0043423661321962299,0.97878357961577178,-0.17577149075512272,-0.10529523879197383,0.10286456087136389,-0.022909071841222789,0.99443152431131043,7.4584597945355586,-14.482800738562851,-5.6391799702809005,,0.2306798497904533,0.9647058823529412,True,5
-0.65701874732525056,-0.70330609949793765,-0.27145330366778936,0.75140583628875679,-0.58182568324517236,-0.31123647522018238,0.06095600753292213,-0.40845979572693142,0.91073868942763203,-6.437601310700833,-15.267151334598307,-5.6540178489929032,,0.2611128620358901,0.4358974358974359,False,2
-0.24679022502463197,-0.96903813783068782,0.0077247823221880257,0.96326920485295786,-0.24617623844568731,-0.10728326340433256,0.10586323164462154,-0.019035415791775836,0.99419848578208581,17.872895373012337,3.3318643738933904,-3.3061413555281547,,0.2276852069796431,0.9459459459459459,True,5
-0.98344331553499043,0.17764513262903708,0.035797373964525404,-0.18108831539771769,-0.97079977720625599,-0.15733662829328648,0.0068019964687638761,-0.16121414153074412,0.98689600942274736,8.5418394815614356,-11.101364004100025,-5.1249091055035931,,0.102861585123602,0.7397260273972602,True,5
-0.74124685676128521,-0.67122021874994908,0.0040638999478602653,0.66556237162901288,-0.73575708340223533,-0.12525271931180171,0.087062200828369601,-0.090138405603315583,0.99211654608831812,11.041199606798601,9.013687854305827,-2.4202305669333706,,0.2189771700318737,1.0,True,4
-0.25486234147876857,-0.96687866893893726,-0.013813994600758918,0.96221640092263827,-0.25216577581663263,-0.10272302226025914,0.095837282366756968,-0.03947228214413228,0.9946140730207319,-21.209615381126024,-20.738421680555934,-6.4932985927089701,0.4562296442681598,0.3410341911817483,1.0,True,3
-0.82382145350100688,-0.56684457822239676,-0.0023317142538416824,0.56116549671597826,-0.81497292334983729,-0.1446112703150417,0.080071830546064954,-0.12044234449102145,0.98948579757695798,-5.4304138233416159,-14.722606902680152,-5.6049990646765231,0.1053392968334071,0.1032502601347574,0.3773584905660378,True,5
-0.36363618390008001,-0.91308325340728369,-0.18452018346446292,0.92633954407377572,-0.33353755153462311,-0.17506499022214481,0.098304500628293753,-0.23458830760176547,0.96711144709012886,-6.7009336482781761,13.533012000230102,-1.4189707349541938,,0.3333612810539383,0.125,False,5
-0.99850125103361997,-0.05058944161122203,0.020879657127467824,0.046914265397550128,-0.98765286178086964,-0.14946864660612427,0.028183388485135834,-0.1482650768506292,0.98854598456519616,6.8078791581359042,15.025656392214739,-1.512179713486048,,0.2393376874782824,0.8837209302325582,True,5
-0.96987056557251938,0.24088899625657531,0.03638100491385439,-0.24362057197432263,-0.95879763121336026,-0.14613733024300735,-0.00032085346528848771,-0.15059745636015731,0.98859511590484062,8.4764299014969584,-15.039369342937482,-5.7524324276874683,,0.1432524230513901,0.8833333333333333,True,5
-0.53646961305970375,-0.84380427452750706,-0.013953513990386003,0.83876330590522341,-0.5312939498309871,-0.11917573385521847,0.093147576085011716,-0.075637855350986188,0.99277512252644151,15.803791023330843,1.4362677822845171,-3.5905780237521916,,0.2106404675743533,0.6491228070175439,True,5
-0.85435560976745917,0.51851580809695297,0.034897690646176038,-0.5187438821603626,-0.84682951302364495,-0.11740766837533245,-0.031325337668863522,-0.11841086363041156,0.99247044822212782,7.9580966514317382,-2.5991065876901192,-3.9078597155889065,0.2448267338079514,0.1598924768516036,0.9777070063694268,True,5
-0.99939250753847553,-0.025173866383067917,0.024101707974435699,0.02154733602272596,-0.98985787523696345,-0.14041758843423874,0.027392119054232836,-0.13981295820735273,0.98979897379772408,13.474756368776916,-14.067982131156128,-5.6733891528105556,,0.1237115034012018,0.5,False,1
-0.39564374196638691,0.91275201545120255,0.10173390650419215,-0.91512488728868424,-0.38245247502403723,-0.12757956346085489,-0.077540119342887584,-0.14357528560917704,0.98659701360511676,-6.8479705720740665,-2.9289936428660113,-3.7945120430095947,,0.1805500760633563,0.7882882882882883,True,5
-0.96648133467958808,-0.25635408530187881,0.014014730286365837,0.25159613477758375,-0.95658601717120906,-0.14711416219216789,0.051119611510088828,-0.13865703985575578,0.98902022760785713,-3.9775143289776596,-14.716106925014238,-5.6045384061938091,0.3117575167623193,0.2784728129629531,0.8640776699029126,True,5
0.7278833963827126,0.66607750664793475,0.16286963009732,-0.67744120154158582,0.73529151523474501,0.020489169765660314,-0.10610928198918355,-0.12524832438585282,0.9864348318638575,10.822464392878299,-0.93642547721292901,-3.7445561209850431,,0.1987236690533859,0.28125,False,3
-0.83475469936130597,0.54901615555627348,0.042022051739847591,-0.54947369838298887,-0.82565819388551975,-0.12793436463680347,-0.035542181693545866,-0.12988382427350986,0.99089199487762136,14.597101606369305,3.8590560747878664,-3.2456730886378553,,0.1804829583004924,0.9473684210526315,True,5
0.18076728432461725,-0.962026390638135,-0.2045199565657731,0.97884670536228291,0.19623460274007004,-0.057888756152223303,0.095824403568755379,-0.18972929242267683,0.97714915917554945,16.443705963607187,-13.271548095647853,-5.6561408308035164,,0.2370911464495354,0.1785714285714286,False,1
0.90192753508586021,0.42581407364511414,0.072174068332736943,-0.42809750287696019,0.903531259190405,0.01907332420720137,-0.057089836962949739,-0.048100294713810367,0.99720966309196446,-5.9934215048067321,6.2657431134611601,-2.4402471567910502,,0.2167961139676692,0.1818181818181818,False,4
-0.97463674728320993,0.22121195776287536,0.033889240002085749,-0.22379261631250025,-0.9635825023671698,-0.14637495009675672,0.00027518940618461926,-0.15024656693095426,0.98864851863351899,-7.6145465298659332,13.728864333180598,-1.3782746784059567,,0.2209093384976594,0.7291666666666666,True,5
-0.90969501805052022,0.41322437195360823,0.0412382414466132,-0.41325521049514113,-0.89100475486945763,-0.18796451207245035,-0.040928048239317644,-0.18803229835207455,0.98130971137748157,6.0852195533498747,18.90636402856067,-1.0172060753703349,,0.2494861918414627,0.6052631578947368,True,5
-0.97853726653061901,-0.20506411719017284,0.020335335054985238,0.20107703858931705,-0.97175874327427392,-0.12350291260595152,0.04508705538104827,-0.1167632335584198,0.9921358297763706,-15.122611983172845,0.50976301103730537,-3.1013099568001996,0.3290681463405806,0.2657809378342781,0.95,True,5
-0.97204170415210567,-0.23432171673096044,0.015108224823798259,0.2305129565542039,-0.96453359990600629,-0.12860292186805472,0.044706847906227545,-0.12152476175914462,0.99158107587310951,-19.66036329202775,0.40947061662188133,-3.0451977049095502,0.3459262216616226,0.2901569013627425,1.0,True,4
0.17262881567471722,-0.98496714485256442,-0.0062462436497988001,0.98021765033494856,0.17241278247582806,-0.097196658434207314,0.096812447394834841,0.010656265759211834,0.99524559483048802,11.341106862431335,3.1281790601038484,-3.2319054766047017,,0.2288016050596676,0.9936305732484076,True,5
-0.63066682946481467,-0.77599563044707009,0.0094937737412974961,0.77015960538820272,-0.62733497347390421,-0.11534735924494359,0.095464823055848844,-0.065434032303905029,0.99327984726126672,4.6794979413697595,7.3478704600987585,-2.5353168778047936,0.3310690737592336,0.2061063807003201,0.9295774647887324,True,5
-0.93282991878043031,-0.36004063202354758,0.014109781011065258,0.35512085264223414,-0.925298746138143,-0.13308422300871475,0.060971490442242884,-0.11913426747693136,0.99100429043772897,9.3094067622596981,-9.0674155097409574,-4.830094717614748,0.2072945455759188,0.1994226563331732,0.9493087557603687,True,5
-0.67303561320033012,-0.73954446671827756,-0.0098511476708539117,0.7342635565317529,-0.66651245300432316,-0.12891151825768105,0.088769887424711591,-0.093995381463864644,0.99160716785936243,15.196787225114308,-2.3611265752274635,-4.0985739365784992,,0.1235549839584688,0.6037735849056604,False,5
-0.87219802744509234,-0.4886674156288569,-0.021788938099563372,0.4843102453381844,-0.85645350952679178,-0.17869239569638093,0.068659938693246381,-0.16640776100247914,0.9836636975596813,-6.4818765368732905,-13.058340020289075,-5.3333356860937284,,0.1635675729191917,0.1944444444444444,True,5
-0.75562815290033469,0.64957496308168405,0.084133595441166109,-0.65314223872527355,-0.73757279406692711,-0.17143975456481772,-0.049308321177737049,-0.18449590995394954,0.9815956136173889,-9.2787010349084404,12.499531940362424,-1.4851774535800366,,0.1311965567105982,0.1935483870967742,False,5
0.79392206817081112,0.60182079823250989,0.086599517817176175,-0.60199519155199355,0.79804199833844214,-0.027032540322087087,-0.08537879724885572,-0.030670762996239088,0.99587638051997618,9.7936137100209599,10.362859175902392,-2.2014102042887465,0.2176931570530805,0.1151118444633391,0.2,True,5
-0.74176723230601405,-0.67049771396820657,0.014635185017098994,0.6649916642360254,-0.73815614850740385,-0.11362916402630603,0.086991146524671603,-0.074554114468116328,0.99341543396617227,10.953383731817635,-4.9619975442528998,-4.306292119694147,0.2159647673564601,0.2032606149029362,0.9891304347826086,True,5
-0.59981125236190702,-0.80008072767479965,0.0098636070179092088,0.79409077819971008,-0.59674334160312592,-0.1154002609638029,0.098215566577908392,-0.061385775678881836,0.99327009872747218,9.8041279469236144,2.9720415175914692,-3.2070017026081548,,0.1164867985422096,0.6477272727272727,True,5
-0.8346051131519977,-0.55069550736744732,0.012990891649607704,0.54542675321633649,-0.82946106692086496,-0.12043253438497097,0.07709709447461606,-0.093428029133719739,0.99263651020691457,10.547391237218337,-3.7987224239638073,-4.1270829195095482,,0.1926272013606159,0.9629629629629629,True,5
-0.74285953322190879,-0.66942091838095708,-0.005945412964947324,0.66389606910889343,-0.73552913212121784,-0.13505149100534727,0.086033268699307192,-0.10427142386581263,0.99082074405106635,-7.2865455246189654,2.6525611780980687,-3.0134362105009407,0.3864565805483849,0.3160841292518343,0.9844961240310077,True,5
-0.21040893780802297,0.94253051017968814,0.25954636632192729,-0.97009879885158379,-0.16844409984791059,-0.1747423980982912,-0.12098098758571146,-0.28855298058908296,0.94978985993531351,11.59516885436971,-7.980305034419934,-4.7556193374695974,,0.2590656584068373,0.225,False,4
-0.60753225153498636,-0.79429416592896185,0.0011581519956997931,0.78849918300757837,-0.60327437873533996,-0.11970406157633634,0.095778921173772,-0.071810876144946356,0.99280894250912355,13.95642321677613,5.2399588492580627,-3.0120366589197425,,0.1615405096151817,0.95,True,5
-0.61865029598570431,-0.7856191614661806,-0.0086223206838284064,0.7801417671603097,-0.61296384276810656,-0.12511654803000272,0.093008786728935505,-0.084130021966775589,0.99210458369825116,18.843442676987994,0.097401136853933146,-3.7916936926986455,,0.2004854669752115,0.56,True,5
-0.94100889073426619,0.33670200692666363,0.033675303868331147,-0.33800155943652249,-0.93056840567459487,-0.14070319178584081,-0.016037873223919398,-0.14378525964715932,0.98947894658282354,14.965953802135214,6.9030918598195177,-2.771706901831295,,0.187767487993333,0.3783783783783784,True,5
-0.55049287775075761,-0.83080405975485272,-0.08198905927344563,0.82907454845135464,-0.53252644737292942,-0.17044346851243464,0.097943783140492569,-0.16180295777031406,0.98195051718551807,-21.590163838639807,-2.7546289717167314,-3.4529334129252289,,0.1556966683681402,0.625,False,2
-0.59131562825974482,0.80001344522982509,0.10160863756240533,-0.80363216958755213,-0.57405530735588861,-0.15695808389674987,-0.067239599789011131,-0.17446773784296346,0.98236441541424513,22.249573228134622,13.351534194972498,-2.1018579065129024,,0.2412500144029789,0.6578947368421053,False,4
-0.70256765139836408,-0.70689881236886432,-0.081809316584821767,0.70687512702765676,-0.68000959738469458,-0.19471646631535672,0.082013718353826009,-0.19463046148071045,0.97744193355185305,-2.7832476471387801,-21.469315160797741,-6.6549783024818074,,0.2465334883849069,0.5641025641025641,False,2
-0.91243338041325628,-0.40875174032809547,0.01968098286142856,0.40412086607532566,-0.90758200608440698,-0.11393519137796231,0.064433313667444855,-0.096004775977851259,0.99329322512502627,-24.516633897704768,-25.987228904977599,-7.2772426059129005,,0.3181854488355368,1.0,True,1
0.16376007812060306,0.97843123766165352,0.12591644047470546,-0.98092638296517509,0.17505212853403518,-0.084499606499458202,-0.10471899549171382,-0.10967709634919109,0.98843556518349629,-24.863311087725361,-12.956518984841393,-4.9996093960032377,,0.2230752408662186,0.2666666666666667,False,1
-0.57666403563640201,0.81201666534848727,0.089930668850290996,-0.81431874613822819,-0.56241182543798585,-0.14345005505532624,-0.065905763719131788,-0.15595471715800974,0.98556306571662999,-23.971529280598826,-0.7013230469770777,-3.1006247609851929,,0.1515945753368806,0.6666666666666666,False,2
-0.89843103051901607,0.42916372617684739,0.092952566046037396,-0.43903826351834613,-0.87397018521572079,-0.20837830626241852,-0.0081906390064679854,-0.22802326961957839,0.97362123125200128,-6.9828178750177079,11.438676802112703,-1.6726178406949601,,0.2751543221923359,0.2786885245901639,False,4
0.8500661816898335,-0.52666899390883992,-0.0026939937486259898,0.52555682239205981,0.84858216245683338,-0.060813978633583621,0.034314911983397395,0.050280059816345576,0.99814548158093497,21.81377074921307,11.586741231088679,-2.3217327569657327,,0.157407411423145,0.3333333333333333,True,4
-0.75141487077152869,-0.6597805263240698,0.0080838769745581948,0.65437848189017855,-0.74672231765051533,-0.1191410204830724,0.084643336551152012,-0.084234419367477539,0.99284443301622627,16.872965359447807,0.57099695016923424,-3.7152944216761616,,0.2303159244671063,0.9516129032258065,True,3
0.2952172061301912,-0.95507589976730622,-0.026015896839336552,0.95117208529489328,0.29636042941936119,-0.086267954827598817,0.090102526937089811,0.00072218975528066942,0.99593223317729251,8.4443433060950088,-25.04061721662384,-7.2467248925749823,,0.1176824998416525,0.3333333333333333,False,1
0.57499298500002272,-0.7978541524933952,-0.18114032833637131,0.81171150798162317,0.58404404474490068,0.0041208746904755761,0.10250607304429277,-0.14940316310929,0.98344862592917159,-8.2978322834630767,6.4549580440988574,-2.3317677269624957,,0.432281531574333,0.3043478260869565,False,3
-0.05728130711457622,0.99007345163601546,0.12834879127125359,-0.99256816302829609,-0.042650967958373982,-0.11397077114263661,-0.10736523458680235,-0.1339233187229168,0.98515849034780223,-9.095882601137367,15.784273730478205,-1.0615723665282464,,0.1744139716010197,0.1904761904761905,False,3
-0.63356617569779095,0.7708470712360046,0.066247217138153555,-0.77111011117288508,-0.62215101771145254,-0.13534144822464542,-0.063111785417753447,-0.13683166273738498,0.98858181179602234,-27.664083616849453,0.12049068520416012,-2.9690699685835833,,0.2363622876282513,0.6666666666666666,False,1
-0.29566002794320778,0.95440595242180803,0.041163404359248423,-0.94972079211081362,-0.28901497859166025,-0.12041909807863008,-0.103031863561862,-0.074696854896866768,0.99186935377573104,7.1721874152478176,14.248295698015767,-1.6440246017039426,,0.2819701103754683,0.9908256880733946,True,2
-0.03474299305295335,0.95487561004652899,0.29496693674375341,-0.99088966338599183,0.0055140575395935844,-0.13456325711072908,-0.13011763688493794,-0.29695481896699555,0.94598479695170612,-3.1639590186212145,-20.359737006230258,-6.5080808289563468,,0.2664161345251399,0.2222222222222222,False,2
0.65808041721831123,-0.75110334022397074,-0.05266817614240539,0.75060309818484516,0.65994013739249879,-0.032772001063131287,0.059373002863972776,-0.01796628405553027,0.99807417518346331,-17.861800749890744,10.260046491587664,-1.6346455390201402,,0.2079634833546436,0.3157894736842105,False,2
-0.85946662799589391,-0.51119045119067319,-0.0011991550541347491,0.50587542579039468,-0.85018833662406024,-0.1458418521885986,0.073533454581943991,-0.12595282799480953,0.98930718999578471,5.14041140088987,20.2656230330619,-0.85712696673893851,,0.165000747907504,0.6060606060606061,False,1
0.6250181096106574,-0.78058389906936965,0.0064139825678794365,0.77791995834926941,0.6221614442346235,-0.088066314273726631,0.064752614314726412,0.060032606319800341,0.99609396400031502,19.821562424083375,1.4054885867047213,-3.6335271819171786,0.151473041905152,0.1497606481406548,0.5789473684210527,True,2
0.014982219773734975,0.99900066912647001,0.042109335966238677,-0.99516307566686657,0.018987405042462366,-0.096384289586094851,-0.097087516807848245,-0.040461605685137285,0.9944530519564343,7.7848555216034647,16.257348476276675,-1.3911292958469921,,0.09652298417411853,0.5333333333333333,False,2
-0.95380651725039056,-0.30029992988472737,0.0085486701836069955,0.29600110779729361,-0.94425491394530703,-0.14410413482241152,0.051346585411838098,-0.13491704711180369,0.98952560278406954,21.740102313338827,8.8853304416930232,-2.6527421029438401,,0.2946339729150789,1.0,True,2
0.9972639740374053,0.061357382162029711,0.041229088533983285,-0.066654758651732329,0.98753057540270328,0.14262014511941959,-0.031964186775197155,-0.14497804764524738,0.98891842760905813,-9.9800246299270583,12.195833417272715,-1.5090580481738756,,0.1669472964882268,0.44,False,1
-0.22656150320260302,0.93142221113937851,0.28482020620526272,-0.96947839666308722,-0.18751851979741299,-0.15795076174731562,-0.093709784281829009,-0.31191259886259598,0.94547818959542096,13.267150764878153,-9.5272476656005392,-4.999138454900562,,0.1069569643354358,0.4545454545454545,False,1
-0.9996818912011507,-0.0011844199789945791,0.025193522060309587,-0.0018461557529771823,-0.99278073585409177,-0.1199291550288878,0.025153689857070609,-0.11993751567512399,0.99246273694293063,4.1103596574697123,16.781324056345941,-1.2570617172981831,,0.1696204674216259,0.9423076923076923,True,2
-0.99872830034296378,0.033579866152491172,0.037605514000421794,-0.046506022377949034,-0.90163283527596927,-0.42999467465865115,0.019467202588888941,-0.43119673345399817,0.90204789511531236,-21.238261081297253,-1.4143847568130643,-3.2441768807723381,,0.4571959574268784,0.1842105263157895,False,2
-0.017442107706778197,0.99460774565476173,0.10223113597284478,-0.99467618070620012,-0.0068748753678277846,-0.10282038525702916,-0.10156312526932307,-0.10348028011283099,0.98943254606531827,14.684577343012073,-5.7709955988104502,-4.5339899924774558,,0.1275930471983278,0.2173913043478261,False,1
0.31183974456536362,-0.9495396614988687,-0.033621495356746828,0.94600177136877128,0.3135857794347931,-0.082125559379656293,0.088524698680972763,-0.0061959807043097982,0.99605471112110899,-12.616269270347029,16.565940224918243,-0.86131292464833964,,0.2026779396973153,0.3478260869565217,True,2
-0.9817197504370111,-0.18973113203851638,0.015113872345539289,0.18584012567672542,-0.97267333858655669,-0.13917623393145151,0.041106925089978374,-0.13382329370579055,0.99015228463675331,20.724244733970366,2.5223274258147512,-3.5037207976649336,,0.1644676617199862,0.5666666666666667,False,2
-0.79554013812918989,0.5996474146528038,0.086826647554757358,-0.60444766108747738,-0.77552193025580218,-0.18223271028603266,-0.041939404278887212,-0.19745559954714678,0.97941430078195679,17.116169298328455,-4.2820311116308876,-4.3678320745457411,,0.1586884074976829,0.1363636363636364,False,1
-0.34898664487088743,0.90177903982727725,0.25495663362610183,-0.93699382407618348,-0.33117633158283494,-0.11119717191739095,-0.015839676286172236,-0.2776991190614933,0.96053750781925196,13.487300641905025,-6.8190330026683643,-4.6349914919000952,,0.3075651708588508,0.7746478873239436,False,2
-0.18747526978455309,0.9813819244760722,0.041743760382224201,-0.97788452962608285,-0.18245880275305615,-0.10222833274535358,-0.092708521383864317,-0.059985861747255495,0.99388471487052032,11.123846225784506,11.15041668059501,-2.1438725452084126,,0.2047562846704186,0.967741935483871,True,2
-0.90816007406229049,0.41728252218673634,0.033475013915609558,-0.41774384729241765,-0.89817066044301175,-0.13703847185623802,-0.027117483815865033,-0.13843684985161822,0.98999993973467326,4.235066546127177,20.768936025349678,-0.76770046904771705,,0.2045562000632682,0.8936170212765957,False,2
-0.37329252983811323,-0.92744429563200259,-0.022355439309490549,0.92200535494560354,-0.36821879781905276,-0.11967055771710768,0.10275608312257439,-0.06528395999286879,0.99256193355828248,17.083239431817841,8.0636423495732501,-2.6699249681302661,,0.1900988086709187,0.4375,True,2
0.030949278511344509,0.99790210332450946,0.056864174487523164,-0.9942270214392871,0.036583118573212108,-0.10086776132849229,-0.10273642002518191,-0.053414114389162701,0.99327345700186276,11.593212931785173,-14.081482040718322,-5.6397040371022191,,0.1727349943173467,0.5357142857142857,False,1
-0.99762238384594515,-0.065436713651686074,0.021624424986584775,0.061334207597061145,-0.98610213505344591,-0.15440432060494905,0.031427602962583505,-0.15271088942672859,0.98777107166717715,8.2996920914122949,22.832306446263203,-0.60037303274861065,,0.1994609353477417,0.90625,False,1
0.33668614996959689,-0.93274106776003241,-0.12898270012883467,0.93752783466200207,0.34481610938700796,-0.046296975507963356,0.087658403206013674,-0.10533732112163187,0.99056552187439406,14.825255685962189,-7.7325057278992047,-4.7964912545308396,,0.1403417896651615,0.3157894736842105,False,1
0.86376593473642016,-0.50374265852788436,0.012318440168236902,0.50301023522580979,0.8605479576002788,-0.08023662460538232,0.029818002062421627,0.075501964539003194,0.99669972414150765,-8.058625076203441,21.714524821072509,-0.36093377385643111,,0.2944120300211337,0.9285714285714286,True,1
-0.96006317863784441,-0.27924828234790339,0.017294213759034869,0.27483720119653232,-0.95285887976065009,-0.12854753245292164,0.052375622786314933,-0.11866065930637573,0.99155254125574255,-12.335930090984148,-21.054030434954448,-6.6364920718377798,0.3504536921961235,0.2958899689564011,1.0,True,1
-0.30460359324956526,0.94216029210725094,0.13982358512008175,-0.94825859402042068,-0.28616402639115945,-0.1375346824114369,-0.089567236453227797,-0.17448247469582479,0.98057818463300128,22.918560414506292,11.346050829775542,-2.3775824355452486,,0.2039340582938179,0.3214285714285715,False,1
-0.96693056806176947,-0.2540239577666954,0.022739952249033718,0.25008839506460534,-0.96186593172763279,-0.1107687863783985,0.050010710870313092,-0.10141872737457104,0.99358601567049476,12.690223183544234,3.6875324300357772,-3.1930803914850805,,0.1810559656293076,0.8461538461538461,False,1
