axis_00,axis_01,axis_02,axis_10,axis_11,axis_12,axis_20,axis_21,axis_22,location_x,location_y,location_z,dbh,dbh_approximation,score,reconstructed,number_clusters
0.86412357550304664,-0.5031731991688122,0.010352675888588925,0.50288302363910586,0.86244326093429469,-0.057448117502764698,0.019977757517341443,0.054848457656017438,0.99829481411922361,-5.6652060207470285,-3.227230412095019,-2.2155786501939705,0.1659332180875358,0.1511268499048616,0.8666666666666667,True,5
-0.885353684744837,0.45651488020697484,0.087994414927030917,-0.46457390121399905,-0.86142578084601962,-0.20522357175682746,-0.017886956687609333,-0.22257535407909776,0.97475138806621819,11.326293123800182,-11.560903174114452,-3.4634603929415149,,0.220293203852642,0.3611111111111111,False,5
0.5383424132106871,-0.84138793336542095,-0.047474116374699268,0.84036963346868465,0.54019446773382995,-0.04437134405752112,0.062978768503368351,-0.016008829339728126,0.99788646253016633,6.7582733033098075,4.0122275126225357,-2.6113458836378465,,0.1341646207903256,0.3333333333333333,False,5
0.99761836869986675,-0.064267888962147288,0.025044537946742999,0.06520474906038555,0.99712572044151204,-0.038582876175419153,-0.02249291294138879,0.040124008802021272,0.99894150618795807,-2.6719494281558145,-14.978083691229553,-3.0454943166052599,0.3117078322621619,0.2592432976645305,0.8264462809917356,True,5
0.52887879656650449,0.84785532846492984,0.037796303205369836,-0.84422479994364574,0.53013573344023512,-0.078997413184835524,-0.087015548624816752,0.0098714803048999752,0.99615804377323203,6.5952898180391415,1.7591187437581677,-2.7568485425161557,0.2860572862545552,0.2573297822157242,0.9937759336099585,True,5
0.99957513835563239,0.0046113568770484612,0.02877982225573638,-0.0027256530798523784,0.99786717181094353,-0.065220228743221378,-0.029019193589891027,0.065114075358422535,0.9974557852825412,10.252152117787309,2.1400627460260586,-2.8608745960393791,0.2766241695720491,0.2520352204759322,0.9957805907172996,True,5
0.51523700089340696,-0.85643128737391794,-0.032500506417887515,0.85493281362934903,0.51625829649735544,-0.050668091314472419,0.060172394751832864,-0.0016796739863612388,0.99818658656842685,-15.373691554178421,14.129351625885272,-1.1767456141327981,,0.2082079398050872,0.2702702702702703,False,2
0.99763013380346677,-0.065256748496021103,0.021809926707934853,0.066412641297842925,0.99614458756644619,-0.057317726210314772,-0.017985472001659869,0.058630345707693085,0.99811773121164193,19.80405968211635,-0.52986594389965225,-3.5228724002753435,0.267477268394965,0.23588054689959,0.7209302325581395,True,5
0.99639502399658775,0.079387434308181723,0.029909721309353154,-0.077881489360044603,0.99578042050198046,-0.048536870108813759,-0.033636732449812946,0.046032482214874458,0.99837346760179702,-4.5292564108026125,-7.0510496576436159,-2.4944125131577617,0.2070568766650686,0.1789114161476926,0.8450704225352113,True,5
0.089729666834912264,-0.98523248871010571,-0.14582705537652457,0.9932798613169368,0.099269805623335358,-0.059503132637809555,0.073100642896647555,-0.13950788107342726,0.98751903633626215,10.127276393604284,-6.4142082398040161,-3.1157282590143023,,0.1628182797647769,0.2068965517241379,False,2
-0.031856678628683313,-0.98506157705345765,-0.1692301434133526,0.99706089014671628,-0.01951710001579525,-0.074085519143833115,0.069675916689962591,-0.17109287600577805,0.98278812284921568,8.5068105791134485,-3.3470963210283284,-2.9931044775331284,,0.6594182451809705,0.1742424242424243,False,5
-0.50230610656074026,0.86235150417092388,0.063548867542505105,-0.86276670469167438,-0.49493465616736981,-0.10331166149063517,-0.057638429777871057,-0.10672192548221696,0.99261686568086727,13.21179290404802,9.8150952576433887,-2.9423837486396218,0.2499787041073319,0.2311354402380241,0.6621621621621622,True,5
0.90994293812384341,0.41228077881872077,0.045037859353838687,-0.41055159391728996,0.91082318878402335,-0.042994272935775707,-0.058747239003375973,0.020631970093336994,0.99805965939894981,5.065900160667498,8.5588267581212261,-2.3157092098419194,0.3003145058097524,0.2602199733496883,0.9045454545454545,True,5
0.0065753088616814026,-0.98970351879962382,-0.14298150296110448,0.9871590546855834,0.029245874214494948,-0.15704037567993578,0.15960503145464724,-0.14011289632675777,0.97718709069312215,3.1706414679152575,5.2862880797250007,-2.4166811679334228,,0.4186934344762223,0.6082949308755761,False,5
0.31142028045798265,-0.92689001637398949,-0.20950490797519941,0.94743311649807482,0.3198797002045512,-0.0068896414849768939,0.073402307063310052,-0.19634631380107917,0.97778332281467728,10.986158760778112,-7.6231683720822323,-3.2022079583424761,,0.2449796390426585,0.282051282051282,False,1
0.93196071758067889,-0.36248846218579478,0.007164891393697144,0.36249882383644344,0.93126255024730387,-0.036669677174511139,0.0066199398562987169,0.03677196335614033,0.99930175578112224,-9.0669940129174282,2.4492467364890214,-1.7677364394992434,0.220179724526782,0.1991100258247462,0.9027777777777778,True,5
0.58530367905182723,0.80435279553992489,0.10215764090611837,-0.80408214217375085,0.59202064684088207,-0.054437692377390656,-0.10426654269547542,-0.05028055311163012,0.99327758157179868,-19.081217146038369,2.8680568152559256,-1.4052964152378928,,0.2275572748630955,0.1395348837209302,False,2
0.98830609476916742,-0.15080679581577977,0.022547136800402143,0.15193635894444735,0.98644724378565529,-0.061944959911109133,-0.012899840030883521,0.064646311290456324,0.9978248586619376,11.220887587161748,-4.3992587365090401,-3.0869497323257447,0.3345502007405929,0.2795468785558159,0.7281553398058253,True,5
0.98819903815489185,0.14932049303183412,0.034147494058512855,-0.14794486975420371,0.98819481870912884,-0.039790900842323562,-0.039685973632479749,0.034269383378781708,0.99862437025123718,-17.163261837130161,-6.9141144024241346,-1.9040366464562151,0.1352106334088161,0.1707755943554948,0.3529411764705883,True,4
0.99941544134558224,0.019166033864677214,0.028309693497325924,-0.017218212498270546,0.99756972650420372,-0.067514249760272649,-0.029534873596798926,0.066987341402880915,0.99731659333102174,4.5782867139158867,3.3139228192788064,-2.5727642189311712,0.2725138571003942,0.223794414282612,0.9852631578947368,True,5
0.95637107358604578,-0.2916413685675186,0.01731131849219382,0.29215467897511099,0.95466733266666404,-0.057060735116772981,0.00011472063103856647,0.059628819199959986,0.99822061226964998,-16.094734909405574,-4.8654959798330513,-1.9015707747596968,0.2497242697417732,0.1914644283161017,0.5454545454545454,True,5
-0.66001189345313649,-0.74147963512966619,-0.12079839066967021,0.7496167562240077,-0.63938927481059393,-0.17104407047710971,0.049588499559892966,-0.20344361859040766,0.97783008481342948,2.8105781414864395,8.3767227580345285,-2.2618561293360675,,0.5071131518808942,0.2926829268292683,False,7
0.96466676655693395,-0.26271320849483232,0.019994988945734579,0.26346072473716331,0.96257298052602547,-0.063574394863119416,-0.0025448028524731811,0.066596000207173975,0.99777677700718581,7.4679854531866621,-4.1949199863195004,-2.9914125135977736,0.2694385733521997,0.2776016181304161,1.0,True,5
0.46177682429245814,0.88535933458662608,0.053861054637812156,-0.88275428739953643,0.46465193269944377,-0.069594895764035325,-0.086643133738961736,-0.015408766952508517,0.99612024237884778,11.43623179462131,-6.7529492394961244,-3.1738373486859075,,0.09951811007061406,0.3617021276595745,True,5
0.71489655773720662,-0.69900571658938326,-0.017717785156649866,0.69817342227522405,0.71497948322950045,-0.036853914166339777,0.03842894955623874,0.013976649678703374,0.99916358475465084,-23.257830531459287,3.3785711432658401,-1.1252434150974187,,0.2165718389460809,0.8837209302325582,False,3
0.8871896906877822,0.46037399480600849,0.030825924863263549,-0.46136759738827948,0.88598517317655889,0.046585544876819131,-0.005864538983150331,-0.055552298041222511,0.99843855562816441,12.505999062526715,-12.003998571456249,-3.5240087228804833,,0.2570915047153662,0.3125,False,4
-0.34712896558257156,-0.88831961176017527,-0.30064887928583095,0.9313832059144872,-0.2890631798488888,-0.22128669593109632,0.10966679075283635,-0.35683433889958133,0.92770817048685816,3.7686197482687498,3.1393396323840372,-2.5262658179994073,,0.3718932823231941,0.3052109181141439,False,4
0.98491671192622232,-0.17183859809981036,0.020262447323314607,0.17270644314591571,0.98346433091354957,-0.054501323989881625,-0.010561963090489825,0.057178720026381115,0.99830808817309458,-7.8925101464362468,1.0937601223469393,-1.8830221876814621,0.2272360588081293,0.1955329432938555,0.9597701149425287,True,5
0.88722148571206949,0.4591298211631315,0.04514247013157386,-0.45700153751142281,0.88804684892560459,-0.050223389227541208,-0.063147684067309709,0.023929091750761917,0.99771727887459161,0.82349100158059085,13.900565848199719,-1.9499357390740804,0.3518733855102791,0.3067365972858107,0.8416666666666667,True,5
0.99960609743052575,-2.6939745101273989e-05,0.028065089594849608,0.0011382423011988495,0.9992156730914189,-0.039582105210924215,-0.028042011058063643,0.039598458590140183,0.99882211013428546,-11.422522070218236,-7.1268870315591304,-2.1865704447151821,0.1601294128133005,0.1611046079373848,0.6829268292682927,True,5
0.99302196735874626,-0.11570325099524507,0.022806359904546332,0.11675382499518983,0.99180222340480073,-0.05193162811125282,-0.016610740259151154,0.054231977268251789,0.99839019223428793,-13.450143286576365,-8.2094249168697679,-2.1948592618599685,0.08792358554341714,0.1705748933678529,0.8163265306122449,True,2
-0.79672803076577903,0.59993344554659445,0.072830665977147171,-0.60354328001734103,-0.78370270170372425,-0.1467841424956815,-0.030983126665864766,-0.16090349982792257,0.98648370975152566,6.8846992949554124,3.404889581084892,-2.6475370583989779,,0.07538287349229378,0.2962962962962963,False,5
0.81697882742156758,0.57487375633081572,0.045450630655466291,-0.57232369010918294,0.81795814183003479,-0.058224324416569703,-0.070648349483125858,0.021555567634736025,0.99726835316240514,12.887485793174083,-15.869504047990908,-3.7725291201661579,0.3608034540963912,0.3024076126393234,1.0,True,5
-0.55190905374083776,-0.82935813467586328,-0.086956775732921737,0.83234273291508365,-0.54149379644806594,-0.11827951374481829,0.051009522271267795,-0.13765737486685314,0.98916554518564992,6.8916115566048184,-4.4208016425691357,-2.9511468785172239,,0.154044446657101,0.160377358490566,False,6
0.97630304946006552,-0.21545142458647601,0.020323367305541198,0.2162910888727676,0.9745483308457461,-0.058938236485359508,-0.0071077766713948561,0.061937343254531659,0.99805473047391613,15.058140916760333,-3.4324334625205126,-3.236053078035682,0.2836877869968663,0.2680587499079175,1.0,True,5
0.52711536063996511,-0.83727413022791608,-0.14533212799820153,0.84811519866454532,0.52906757454524356,0.028073321125429561,0.053385450935604373,-0.13805626539892824,0.98898456065426144,11.872955208453602,-4.2574178670515872,-3.1305330123497224,0.5173005881739051,0.2589667551791163,0.3055555555555556,True,4
0.99173744624323545,-0.12598138342783632,0.024197701307202397,0.12730777736657406,0.98975028853917235,-0.064707775101653764,-0.015797706824944663,0.067253679202195951,0.99761083348810919,15.647862626594025,3.3605465831045316,-3.3124655966320846,0.2910360163730428,0.2626080555606703,0.9903846153846154,True,4
0.96941845802249405,-0.24477638094887155,0.01767417819482572,0.2453750168995982,0.96802665108292474,-0.052110496780389662,-0.0043536567172283817,0.054853679208873365,0.99848491202943968,-11.623976768271223,-8.0490202643255948,-2.232156267381793,0.223721100023944,0.09927915408138047,0.5135135135135135,True,5
-0.21614701559391666,-0.97384809198455446,-0.070002581294447974,0.97222947112022584,-0.20808979379863307,-0.10709105098993217,0.08972359296823236,-0.091205983657241543,0.99178180332671251,17.940397509514721,4.6009168223909462,-3.362799363256292,,0.1594444692333384,0.3888888888888889,False,1
0.99948830232658514,-0.019423547843931077,0.025413762048858805,0.021031210325781986,0.99768946619963961,-0.064601990886594185,-0.024100242831851641,0.065103416372978451,0.99758745154097306,-12.388209625397165,5.2724338567064839,-1.50110439702521,0.1683063278852829,0.1910588597324689,0.8,True,5
0.9994138149431685,-0.022809795826750179,0.025529193388836826,0.024294374016606824,0.99793631204109889,-0.059438207417047619,-0.024120735724348932,0.06002358140058555,0.99790548639836829,-12.73393221995531,3.4402507977808638,-1.5791188296821685,0.1702962964965623,0.1155626068097762,0.62,True,5
0.72642162727207571,0.68575409360009953,0.045309408979735649,-0.6826519108300183,0.72760538996625768,-0.067651793266493815,-0.079359864361727109,0.018213171133925184,0.99667963374683843,-11.774534140913994,1.4172918259871123,-1.6798352225136242,0.1232288665301224,0.1020245549138644,0.5106382978723404,True,5
-0.92991948102744804,-0.36331744563313251,-0.057010459603973482,0.36661082004176665,-0.90353716431046638,-0.22184927166457763,0.029090641690134634,-0.22720261091901225,0.97341291760364401,6.4950616990553618,5.1257163636396372,-2.5484458571208752,,0.2936791341610296,0.3,False,7
-0.78576035092140961,-0.61769227675150495,-0.032201275772924969,0.61453854287066645,-0.77372407254521502,-0.15392673221517875,0.070164451442733991,-0.14073844821365461,0.98755741045680545,8.179839841785995,-3.5202794964267752,-2.9991196722480007,,0.139800714274142,0.2253521126760563,False,3
0.47264062393703171,0.87913230407824705,0.061132908735688364,-0.87729594858716131,0.47595204711787886,-0.06181801870695277,-0.083442550278416877,-0.02441394622696284,0.99621348115384423,15.502887120600011,10.898623412076926,-3.0505399793535739,,0.1836003054282767,0.9655172413793104,False,3
0.93525515610780086,0.35005866740031039,0.052504498394827029,-0.34819758910244819,0.93650330737551168,-0.041472812998046171,-0.063688554050286061,0.020505722436605166,0.99775913096815971,17.003683594916197,6.55648939671826,-3.30389766670493,0.4355601509870762,0.1236004797385175,0.3333333333333333,True,3
-0.98615202136363533,0.16315503224474551,0.029742666552136979,-0.16547889601568608,-0.97991997438350709,-0.11123658920362571,0.010996623747554219,-0.11461797091836216,0.99334877812816158,-1.6468195663791381,-15.278063061393304,-3.0946735377753201,0.4653106167242562,0.1557524516045765,0.8985507246376812,True,5
-0.97671918788867096,-0.21451141249450575,-0.0021170544885720649,0.20991200341969421,-0.95364907466718063,-0.21561631015941587,0.044233232195102987,-0.2110409825035012,0.976475870092821,16.582508094383527,2.4650711450788108,-3.336239850742686,,0.09787542994091708,0.3888888888888889,False,2
-0.73999848364354004,-0.66843916116807367,-0.074775209944094603,0.66812552405172421,-0.71769563610985154,-0.19626833167753874,0.077527597124316616,-0.19519749415860199,0.97769494729099016,10.361140680714946,-10.212071068462286,-3.3556476132875948,,0.1710262135430063,0.3513513513513514,False,2
-0.99265798679536665,0.11844984849362677,0.024489888591145505,-0.12083166431746099,-0.96196423777272611,-0.24499900845638298,-0.0054616984210270302,-0.24615937649859138,0.96921397596824954,8.6731187516278165,-2.9412337249583316,-2.9799299853789076,,0.2603028090178914,0.2073170731707317,False,3
0.98977206376457938,0.13688286223130683,0.040178897677381961,-0.13606935879174548,0.99044738607321636,-0.022340658422154241,-0.042853137448822617,0.016645042748434639,0.99894271665731371,-10.845447175253192,7.0870616934812016,-1.5093746549366323,0.11958381624124,0.1361624878272316,0.15625,True,5
0.99634233513403458,0.079640560860581175,0.030973089698504756,-0.07803325338255386,0.99569426105084435,-0.050037484718434153,-0.03482474100684306,0.047437533412114256,0.9982669572001176,-10.436445667107227,-6.1344303701581389,-2.1865096438163634,0.1854460370419443,0.1839868573099572,0.9,True,5
0.99856376689211512,-0.047595868243995532,0.024597495326365997,0.048934622378667247,0.99717182656128556,-0.057041660609481799,-0.021812981980637452,0.058163404633242453,0.99806874120903255,-8.7738020067640843,-2.358221254997142,-1.9964991310539522,0.2307297674547162,0.2133382249555268,0.979381443298969,True,5
0.35163678939447202,-0.91588563213622143,-0.19366227611691081,0.93171686105425189,0.36248435563627096,-0.022556213028123863,0.090858456797154499,-0.1725068136781627,0.98080892128031139,8.534252070353487,-9.6757391622402,-3.2435871660888638,,0.2749280632458189,0.3947368421052632,False,7
0.60491788237034527,0.79493751076900232,0.046354175226847774,-0.79176830037307722,0.60665790490742622,-0.071197927902871883,-0.084719030405850979,0.006367133241604709,0.99638453696420737,-9.1358053760419224,5.6153649367047889,-1.6465664105533881,0.225501789788961,0.1869810486477384,0.8421052631578947,True,5
-0.99944659672167779,-0.021525726241810487,0.025360272301719861,0.019051379599408315,-0.99538372890564686,-0.094065281402055625,0.027268025906068038,-0.093530077192587047,0.9952429750686681,-14.10652978043206,-0.020415048618873388,-1.6933431247556114,0.1842932253227652,0.1810415942098693,0.941747572815534,True,5
-0.408561507030822,0.91167170465701808,0.043956773089833978,-0.91049145288744671,-0.40371473742465991,-0.089552917345248353,-0.063896863707153889,-0.076610141064388043,0.99501159646231474,9.681470951505494,11.023726883592907,-2.3748053600815711,0.2171621239690832,0.2455763408174655,0.9682539682539683,True,5
0.99049869312886618,0.1337816799834769,0.031855941530693738,-0.13215879450288281,0.99003970147880205,-0.04853290153400746,-0.038031459945066397,0.043861732712735552,0.99831345601363275,-18.200136538607502,14.468917353381977,-1.2221540168589864,,0.1223445365670275,0.6666666666666666,False,1
0.96689142791089444,-0.25518775056446552,0.00042260416460837948,0.25517878904714986,0.96686896858634019,0.0069414123358781527,-0.0021799662524883924,-0.0066037524661844808,0.99997581880788677,13.427433731717663,-9.6479293587301687,-3.4339480643591624,,0.1636812123358856,0.8461538461538461,True,4
0.99677045277056697,0.07476221202796754,0.029313412224553088,-0.072971245725186373,0.99564448197862909,-0.058028120793494689,-0.033524047799688914,0.055701680030275258,0.99788449284520464,-14.670335797363501,2.0709859887141615,-1.5828708354813235,0.1942538672699007,0.2270160428082705,0.9,True,5
0.77519902531247009,-0.63171593043057739,0.0012059829290351882,0.63078637994902864,0.773951932930807,-0.055740007027863081,0.034278477582805132,0.043970316724996163,0.9984445889591006,-10.170847732669634,-10.023452051854983,-2.3806095197963919,0.1781377146295689,0.1821700005631682,0.8936170212765957,True,5
0.96239296719177414,0.26907460827615848,0.037398287137839846,-0.26742389939632821,0.96258141877099845,-0.043834578456668834,-0.047793668319925792,0.032184894249369468,0.99833856874843885,4.6904557807649336,13.426283864732294,-2.0352215818618573,0.1920438095024977,0.227857363819843,0.6111111111111112,True,5
0.78290992071663712,0.62043552215692477,0.045954530672547532,-0.61758183135533351,0.78397722169387218,-0.06302695808105116,-0.075131468927889189,0.020963747542419815,0.99695325049157468,-10.379971964152542,6.1566329311503241,-1.5636419143665907,0.2256482173647232,0.1992225710926029,0.9659090909090909,True,5
0.99963361215517377,-0.0027440885729172445,0.026927893112976994,0.0042379134766745707,0.99844547964011832,-0.055575752586703608,-0.026733528367279706,0.055669508387610693,0.99809129056260071,-5.5369104338542581,-6.8780849164036004,-2.4285577223720436,0.2045162276513492,0.1947525056630591,0.9804560260586319,True,5
0.94360629010521369,0.32264276522465879,0.074221393964691962,-0.32250786748079274,0.94646137143694686,-0.014126138562468547,-0.074805378729525779,-0.010607470286561445,0.9971417336002204,9.1884367993868814,-4.0928621421043312,-3.02296504505737,,0.2531209650000905,0.4273504273504273,False,4
0.81172126321231242,-0.5819909478845664,-0.048940039123703712,0.58357547656059794,0.81157556407155917,0.028013692348552645,0.02341482449382325,-0.051299516394917977,0.99840878682610212,-0.8422886450119863,12.636902501671802,-1.8903820853536242,,0.2058750662368254,0.2580645161290323,False,3
0.98448372201926848,-0.17431938237261704,0.020113527992772572,0.17513167901241847,0.98325274178160704,-0.050427579609201696,-0.010986177013772734,0.053167647194327421,0.99852516503413202,-6.8492919049198715,-5.7846949601509152,-2.3190338186134305,0.2372946830358985,0.1461909742952083,0.7012987012987013,True,5
0.96329564690437142,-0.26776656336054222,0.019041118695459863,0.26842846839761092,0.96154926512851746,-0.058044535354519269,-0.0027665879351051882,0.061025226561594675,0.99813238987335973,-13.253443469106173,-17.29214640637068,-2.7007627297382633,0.2472885130282194,0.1745509995139398,0.8918918918918919,True,2
0.99459342202671364,-0.10135693091997977,0.022598615348581375,0.10236554781796563,0.99353176169336532,-0.049152142643073229,-0.017470531792663828,0.051199717391404387,0.99853561251360545,-9.3467901584355477,-1.7556201969115059,-1.9307807947890165,0.271450149872209,0.2324817353254714,0.9587155963302753,True,5
0.93743413083852811,0.33788061693872667,0.083987731461926257,-0.34321591055752032,0.93734365626892802,0.05991417856043546,-0.058481527674877846,-0.084991521633071554,0.99466393931383135,18.387124429486267,11.526796723050003,-3.3057985036556823,,0.298309219932097,0.3888888888888889,False,4
0.79307551613844873,-0.60903286125545764,0.010497600331714376,0.60838911266965723,0.79115601656349233,-0.062728343198388839,0.029898382678014312,0.056134938909544373,0.99797542822800078,-7.7674427599770697,-10.290236721138088,-2.5765402097618146,0.229936832532273,0.1901249270880255,0.9540229885057471,True,5
0.98939722459236068,0.14153364346687061,0.032578516478286863,-0.1396651192724854,0.98873289018132626,-0.053860248163962947,-0.039834487916072039,0.04873909765962018,0.99801689060445764,-15.446927171439224,1.4259896784687505,-1.6015296299374859,0.1772069102451273,0.213901199366347,0.4102564102564102,True,5
0.90090503542810485,0.43132202415824911,0.048284869434588318,-0.42936649968651203,0.90196183464421698,-0.04592665666244182,-0.063360287935243148,0.020643650870622133,0.99777718634547574,-9.6759552052682984,-7.8138602936059831,-2.3190690290948073,0.1483401290632083,0.1511243283677369,0.71875,True,5
0.96899368460566448,0.2446694750468914,0.034468640452107985,-0.24303108301333887,0.96894181512778244,-0.045690826062155125,-0.044577257471738727,0.035897170879571026,0.99836078711012155,-10.526279868740971,8.3305679294987396,-1.487881999799227,0.1872674763602705,0.1746954105336359,0.875,True,5
-0.11975779838071851,-0.99268294959335601,-0.01544769606249931,0.98871881180873067,-0.11784075628884277,-0.092459003524840794,0.089962108148576275,-0.026346114398706731,0.9955966559573991,-5.3896605224053644,-9.8769745539613858,-2.6192393293233307,0.257792643834458,0.2265232802993968,0.8820224719101124,True,5
0.99077689045251316,-0.13333615070973931,0.024137610883384824,0.13447143232742587,0.9894483533850339,-0.053938760381147338,-0.016690932659936625,0.056687096393747215,0.99825246599714779,-12.351010552678735,-10.01321298623558,-2.2915570460241033,0.1984609944978979,0.2221972136376787,0.9743589743589743,True,5
0.62870036592931411,0.73640835423205508,0.24987714120659368,-0.76706618273178551,0.6400860048047744,0.043581851295540326,-0.12784882162003222,-0.21907223071465665,0.9672962506595747,0.19724861033380239,12.897809766594932,-1.9451791293063561,,0.411283549596754,0.5060240963855421,False,6
0.82226466438714152,-0.56897792868054198,0.012039035455629661,0.56841690215973417,0.82004612527034049,-0.066532531653564778,0.027982977672736518,0.06155054104962554,0.99771162359524812,-10.327815396461078,3.5062975235968823,-1.650353885438038,0.2234889176042964,0.2116468123311817,0.917910447761194,True,5
0.78939647895863441,0.61134053592392401,0.055820678462019963,-0.60907325063930107,0.79132717475493297,-0.053207873947862354,-0.076700549954912572,0.0080032262635636765,0.99702205291858437,-14.003131920588039,-6.6768770232227919,-2.1001297464258286,0.2000747201984982,0.1396259345256988,0.4905660377358491,True,5
0.77520755534218933,0.61973107065305044,0.122419958371217,-0.62724155381932867,0.77813670407160596,0.032730764410452695,-0.074975191248179349,-0.10216002077036779,0.9919385317919136,11.984575078382642,-11.272717537641647,-3.4610702048509765,,0.2495050859353591,0.2051282051282051,False,1
0.79690397968204385,0.60163595957766713,0.054573063959983896,-0.59921464702810479,0.79869210218448095,-0.0550702523611315,-0.076719319300321318,0.011184724010656221,0.99698999392917731,-14.834298521794221,-4.032545086138696,-1.9279391420907177,0.1307568754134548,0.1162783445784125,0.4594594594594595,True,5
-0.99221855023816763,-0.12331307161456181,0.017211476759751008,0.11936636341820973,-0.9814248209573192,-0.1501898534961886,0.035412142657305745,-0.14696668730660248,0.98850734593858347,-13.098420308132146,0.96273380831549982,-1.6838924619541318,0.1352626226404081,0.1137029683270508,0.3870967741935484,True,5
0.84318721913030381,0.5345888004411361,0.057009893336265813,-0.53265584862781279,0.84506841761905394,-0.046228957001137556,-0.072890743019192197,0.0086130125818738214,0.99730274019295384,-15.383895332414786,-5.9579774287111507,-2.0026617238738207,0.1487607464044469,0.1142216723710171,0.6857142857142857,True,5
0.48830055634030728,-0.85728157481532818,-0.16318966928055295,0.87202989918156204,0.48652387927596674,0.05346372440878034,0.033562205099484758,-0.16841263722302549,0.98514504617972087,8.7092993885056202,-6.0621790696031175,-3.1032399589426221,,0.3063946325084849,0.3375,False,8
0.8329575816976772,0.55167584314897922,0.042841932475331988,-0.54868966501811522,0.83349602438907788,-0.064992529031504848,-0.071563388647174458,0.030629094231879716,0.9969656664057539,-20.729443717391167,1.1042516003710328,-1.3492113973104416,0.2026303063215834,0.1996525388802188,0.8809523809523809,True,5
0.7182124256476482,-0.69563924398151433,0.016029780976380678,0.69464344361590924,0.71546236522041173,-0.074726770267740453,0.040514168962904738,0.06480467719265022,0.99707520073824096,-11.871268794293863,-1.1100391083310486,-1.8262549851752976,0.1363567623771891,0.114457670359604,0.7735849056603774,True,5
0.44162734678175802,-0.89540695558014882,-0.056671601999535554,0.89660406767812051,0.44275249275877998,-0.0084484305604224583,0.032656276541465988,-0.047080930901749793,0.99835712725851355,9.346352712328807,-10.359146970521182,-3.3234524178257474,,0.1573678907238106,0.1463414634146341,False,5
0.99946723840790186,-0.01743501752905428,0.027590931717553724,0.018964406938472091,0.99824073519199374,-0.056176381806048954,-0.026562955760855635,0.056669698844342975,0.99803955563601643,-4.6680437451724455,-9.3504995163745352,-2.6153645376550951,0.2299169270969973,0.2099661333068676,1.0,True,5
0.83733226945792594,0.54041078256415265,0.082648996441815253,-0.54200238780036936,0.8403686725347882,-0.0037290536085553203,-0.071470848204963799,-0.041673496499786203,0.99657174229773593,-2.7659700368678584,-18.092530942622044,-3.243776651689525,,0.1460706138203748,0.6739130434782609,True,2
0.25676707187963144,0.96387464301004566,0.070826148847843037,-0.9627369394507489,0.26152435564910109,-0.068866514499626899,-0.084901450019213509,-0.050504296496230221,0.99510856685090154,-15.865729314329922,-8.3653288562236359,-2.048342812869584,0.1724798931278413,0.1570692248668849,0.44,True,5
0.1400447868785713,0.98716890602337559,0.076713810026273782,-0.98614802813905544,0.14601484317078087,-0.078687560460752454,-0.088879267917708657,-0.064631389853723256,0.99394328770810059,19.691136100903343,-15.891458173285026,-4.0751355901784727,,0.1399132176362431,0.4166666666666667,True,1
0.87076173215584007,0.48968832600445394,0.044489877364583576,-0.48731346315883939,0.87151066016330914,-0.054724380726059146,-0.06557129278196723,0.025971380338131674,0.99750984604976844,-3.4920772940458891,-9.3745643122191353,-2.6694818259767024,0.1933467339060727,0.156526659905988,0.8679245283018868,True,5
-0.6538200769680742,-0.75662092161586514,0.006639873991251875,0.75242880625988329,-0.65107311644199861,-0.099773185560200761,0.079813523063376426,-0.060237679401366741,0.99498805194662976,-9.3358549741429204,-3.9021543981520281,-2.0744533025171958,0.1324860493127233,0.1404043113546832,0.7472527472527473,True,5
-0.87293123491513003,-0.48724271679917847,-0.024199050305789737,0.48285604253003395,-0.85586888434927322,-0.18530648934930752,0.069578023123546426,-0.17344448024911721,0.98238277212567882,5.7040901172927807,5.0618648416411194,-2.5268573871506863,,0.2122368287315578,0.3333333333333333,False,7
-0.7720169175540702,0.6339257193229797,0.046130915784914073,-0.63455610382037231,-0.76455199998740386,-0.11313173922277395,-0.036447635240450173,-0.11661227077843764,0.99250851290519182,-16.780373297707037,-3.3460133479249237,-1.7720212314956432,0.1676158863689762,0.202964956629128,0.7948717948717948,True,3
0.82655563804528942,-0.56280653317145335,0.007388060305211783,0.56227119719045238,0.82502945708568731,-0.056369280205717832,0.02562963178742508,0.050746439879317526,0.99838265250054037,-14.28022439850983,-10.938556544134292,-2.2633798546739601,0.1638698454811452,0.1584272388691071,0.8043478260869565,True,5
0.25131572672478525,-0.96783987380583802,-0.011242071530243326,0.9642824785066636,0.25136218062847088,-0.083524581978866821,0.083664252496735106,0.010150508420670612,0.99644230140684165,-14.294472966176153,-2.6300307700056003,-1.8504951274567754,0.1330078998440868,0.1448850087982586,0.5428571428571428,True,4
0.42439623347372724,0.87806869192596393,0.22109547546872163,-0.89874792243344759,0.43820412570156386,-0.015143187897183559,-0.11018170871281176,-0.19228238733059921,0.97513459306270656,2.053694923623373,-17.729836996770562,-3.3791560138182364,,0.1926168265086355,0.2203389830508475,False,2
-0.17379464725531779,-0.96407684517719572,-0.2008762235272869,0.97788332979616621,-0.14484682723229833,-0.15087607480147019,0.11635984656298655,-0.22265496453913083,0.96792827878614862,18.346780307763215,2.8755988434705109,-3.392452283053379,,0.277818388779787,0.7368421052631579,False,4
0.97762631084905549,0.20661995368703656,0.039433375128611219,-0.20441240571780631,0.97741506700851766,-0.053622338380516443,-0.04962222006647643,0.044361937774431849,0.99778236793028796,-14.845425819990304,-9.3607652796082697,-2.1742896624669665,0.1748086912418718,0.1325174255458259,0.5,True,4
-0.15267111813775588,0.8976602245989509,0.41339769092186396,-0.98496809043250733,-0.1040064942157528,-0.13791486500986572,-0.080804644150619623,-0.42823915086538999,0.90004546504595107,-3.1791182174590986,-12.775669058922277,-2.8836710886329704,,0.2120228248740735,0.2727272727272727,False,2
0.69843202478860844,-0.7156655232531216,0.0039453233734500909,0.71439406562414043,0.6968401377168606,-0.063678422308962798,0.042823191738784579,0.047293565033553905,0.99796267112338477,-18.585045506410573,4.7968590638765196,-1.3510942885705122,,0.1429689032326137,0.8529411764705882,False,2
0.27266242654767786,-0.91841257409237864,-0.28665928364199972,0.95212447280604262,0.30039218509450732,-0.056776081389649014,0.13825407564679229,-0.25745461519102641,0.95634875002997333,1.040118616330129,-15.402269082604581,-3.2111196945605847,0.6582179203037868,0.3223506013360894,0.4566929133858268,True,3
0.99907845905061332,-0.0025866641617303715,0.04284322384655892,0.0017178673399840113,0.99979239846342571,0.020302928521591324,-0.042886846385041581,-0.020210619566580577,0.99887549237323903,25.816200528796223,-1.1271698761202367,-3.8929334414772714,,0.2744168424234575,0.7560975609756098,False,2
0.48623669445529583,0.8699613186736771,0.082104695217413287,-0.86993280249859717,0.49078906465250349,-0.048404681121331686,-0.082406286787625696,-0.047889435464178516,0.99544754049060669,8.8637136676075503,3.3288384258919352,-2.7034957149630143,,0.2785619994385151,0.325,False,4
0.330375638374169,-0.93130103710462175,-0.15339594472056592,0.94114405092871445,0.3373454924213839,-0.021116205730726652,0.071412974803943013,-0.13739140086202156,0.9879391631061204,-6.9322788919275879,-15.73154594360625,-2.9074956435127253,,0.1814083691498667,0.4,False,3
0.85080220615233626,0.512867645090059,0.11446564823603433,-0.52261983431561776,0.84856294205844984,0.082519344065648537,-0.054809805566471394,-0.13002965809724348,0.98999402686525362,10.00580026054867,-4.7879553704272739,-3.0509743517339114,,0.4436831168330938,0.4051724137931034,False,5
0.96654264288733205,0.21263291349945299,0.14346624542764652,-0.23593925177205319,0.95642198196405526,0.17201645819279124,-0.10063791012146128,-0.20011056072252334,0.97459108067625067,0.55406106274879974,-15.617802830670906,-3.2079841960310609,,0.447541802173395,0.3666666666666666,False,2
-0.56993563894915322,-0.76519251848453329,-0.29942240582648089,0.81942341262039364,-0.50224163194833138,-0.27622203747605845,0.060980638773046977,-0.40278251301809753,0.91326207021952754,0.26657311464034827,-14.817175655330836,-3.1378365783025508,,0.3267323535046794,0.253968253968254,False,3
0.19580924102903965,-0.97908156037572225,-0.055299541226606692,0.97764093873175528,0.19930772673060621,-0.067041964329594431,0.076661176897593206,-0.040935659243741311,0.99621651048301574,-1.4492237243376689,18.982948368631352,-1.6718189284403782,0.1501409708652401,0.1019769401733701,0.25,True,3
0.86498286289892212,0.49494640211999502,0.08266018339961051,-0.49622006120372752,0.86817740701368307,-0.0058000698243381513,-0.074634427378750229,-0.036000680263996408,0.99656091297540672,6.7540016444289224,7.0924947594765362,-2.4437948934773983,,0.3814393197769119,0.4,False,3
-0.54676079117697274,0.83602198909442782,0.046042056666997302,-0.83524845643469814,-0.54076647897534824,-0.099657569908451926,-0.058417918954585389,-0.092945408532108073,0.99395598382313421,-15.402541155790502,-1.6195182257980885,-1.7467491481346584,0.07683288158728623,0.1258115308768655,0.6153846153846154,True,3
0.44158500674037354,-0.89721757073053099,0.0018200534357108986,0.89483532897351103,0.44026294001173255,-0.073744678947661485,0.065363719623139208,0.034193192665063508,0.99727549339808697,18.24734611688536,-28.726661088899821,-4.8584239610511837,,0.4111886785615357,0.851063829787234,False,1
0.15942820192031248,0.91609520069098016,0.36790247580494762,-0.98317649847054789,0.18099085613316568,-0.024622811605864617,-0.089143823609099435,-0.35778749736000798,0.92953831843835977,14.895734570078464,9.9843297057123745,-3.0398374877137893,,0.5556403120948369,0.2777777777777778,False,1
0.65959084145192259,-0.75159163424798248,0.0070666258703940303,0.75002128764054743,0.65754072127991448,-0.071472148034778138,0.049071274272838417,0.052442494097222611,0.99741756293645778,18.583807619306647,-5.8663203639183248,-3.6610444420696386,0.2472448808670066,0.2947584843446629,0.7954545454545454,True,3
0.83761932074163115,-0.5462352592100892,-0.0045733047149094583,0.5457697789449889,0.83719945495925108,-0.035105854301975006,0.023004823639115709,0.026909370331170759,0.99937313545928042,-15.330395696790497,8.2080746534170608,-1.2944939417899366,0.08279959928714542,0.1185604889057245,0.5357142857142857,True,2
0.42687502923310949,0.8901239979514497,0.15955242927689689,-0.89918241670704724,0.43655879785648438,-0.02978921783086905,-0.096170114391663619,-0.13075046571629667,0.98673989724388145,-5.5002733734776372,-16.051767674699423,-3.0588205299748252,,0.3379765745040245,0.2241379310344828,False,2
0.14828122449622391,0.98551209839968568,0.082332146636346124,-0.98475519072887563,0.15479591857382038,-0.079343795758856764,-0.090938950920034692,-0.0693118135726912,0.99344148277834066,-16.75876726241497,7.599895930743938,-1.2772924260691563,0.3001093480540966,0.2258907430877787,0.7,True,2
0.82610340416947858,0.50007505453963008,0.25976548163061969,-0.55452879249836662,0.80341232535509355,0.21685583634716324,-0.10025459545529719,-0.32319278348179453,0.94100767307997402,-2.239265922461855,-16.653973894251628,-3.1585519294092763,,0.4705255666928947,0.3812154696132597,False,3
-0.66493444093852361,-0.74684372703305557,-0.0093078808086704615,0.74166484303375735,-0.65874785493799637,-0.12642991822468747,0.088291844818679785,-0.090970934951575252,0.99193187222336554,11.949477283387928,14.278818541160357,-2.5721202855918839,,0.2652891683134897,0.5277777777777778,False,2
-0.86288517316867597,-0.49193810807987437,-0.11587094434955747,0.50101424102519432,-0.80247462623047716,-0.32406666682367241,0.06643725021110479,-0.33768531516050615,0.93891145466936188,-11.783706908609561,-17.230456295042757,-2.7410749471898099,,0.4121977711725367,0.2777777777777778,False,1
0.98304289287355828,-0.18247440453021591,0.01815936293289792,0.18307704006175293,0.98226750403287455,-0.040414699346318264,-0.010462703905437624,0.043053945375181882,0.99901796260858966,-15.466020569142394,17.689101985450336,-1.1303413931854562,0.2177281219353204,0.2111638469235825,1.0,True,2
0.85515444994896939,-0.49339576620713294,-0.15897007460950918,0.51791826001161878,0.82608150437787453,0.22214865309365775,0.021715033479458409,-0.27230491367888537,0.96196595122037554,2.469673075689399,5.5524465222844634,-2.3484347052992831,,0.412206913577693,0.4545454545454545,False,1
-0.37215513606680745,-0.9082393630816501,-0.19131600572909266,0.923623599151153,-0.34200210248403284,-0.17307226521765731,0.091760567730186537,-0.24111371019819497,0.96614914840530408,0.8209016162066346,9.9653970631514124,-2.1009040859327146,,0.2127152300071103,0.1733333333333333,False,2
0.58798158310660265,0.80714037340958,0.052934634594904689,-0.80435715967327681,0.59035112623637731,-0.06704556237200357,-0.085365201398407378,-0.0031567964273371959,0.99634472800658935,22.646543285365258,-6.6903558547327098,-3.9026364801798441,,0.2573873304154105,0.9767441860465116,True,2
0.99823813003081741,-0.053289987897463663,0.026092392425101807,0.055073926740017397,0.99579214998227816,-0.073245181596521922,-0.022079364710347264,0.074553143619571507,0.99697258258711785,23.94155604654366,13.066617386630929,-3.5458539725019422,,0.2048417624000398,0.8461538461538461,False,1
0.009584728234118248,0.99751425237300262,0.069810094523696686,-0.99573122436503625,0.015930204144173812,-0.090915111067580989,-0.091801208103073115,-0.068640694261161983,0.9934087745143797,4.0427875872074228,11.066810119331315,-2.1505573349154128,,0.1273976452644428,0.55,False,2
0.18537148545203422,-0.93341995486111839,-0.30718821632408594,0.98004250676899507,0.19844910370341762,-0.011603368702818709,0.071792042088588456,-0.29890657588346453,0.95157803757042014,2.9725797722138712,10.392014880265769,-2.1675502192218241,,0.1744897373136916,0.3243243243243243,False,2
-0.91472679221442077,-0.40383908885810976,0.013743577240546034,0.39972916905102318,-0.90934383475410263,-0.11537062713048393,0.059088806172520714,-0.10003889496068162,0.99322743240415556,5.3148884969265975,7.7367538476169058,-2.3608398931267787,,0.08909650659816476,0.1794871794871795,False,1
-0.020624664461034843,-0.92409171039609517,-0.38161385456124236,0.99603636756760994,0.01404069555892574,-0.087831733165991327,0.086522700481376946,-0.38191277753623393,0.92013936588756406,-6.1613886058021778,-15.391346379693266,-2.9727431942758318,,0.4331150260212863,0.1949152542372881,False,1
0.80175704155840044,0.52434972956205794,0.28678041672980059,-0.59320562246116237,0.75660348814056788,0.2750604501086818,-0.072751191000467508,-0.39065140834473155,0.91765938199655062,9.5086442117670948,-8.1790779071368327,-3.2166752624580526,,0.1581629320220443,0.4090909090909091,False,1
0.83964486888488621,-0.50979171164881654,-0.18737370383661792,0.54259364648956587,0.80272124216253671,0.24744846366504397,0.024261676455652487,-0.30943661405076872,0.95061051590036449,5.3836821030685504,2.2488832697703227,-2.6673583895981485,,0.5072144403053456,0.3519163763066202,False,1
0.43695665282387769,-0.89693033984973503,-0.067711513127312009,0.89708124576531545,0.44005056582938484,-0.040009224053789087,0.065681976592526753,-0.043260431924279322,0.99690240895517046,22.026500124945411,9.7247839089571535,-3.521723291585495,,0.151891817926864,0.4090909090909091,False,1
