axis_00,axis_01,axis_02,axis_10,axis_11,axis_12,axis_20,axis_21,axis_22,location_x,location_y,location_z,dbh,dbh_approximation,score,reconstructed,number_clusters
-0.082587316404482317,-0.99653611320067048,-0.0097524487184961553,0.99115535653492715,-0.081113512829531248,-0.10503169639958627,0.10387682311866944,-0.018340477729721801,0.99442105392807234,-8.5333005590804163,-24.937285113456348,-7.0661153718134484,,0.2985930956676771,0.868421052631579,True,1
-0.99472946581888044,-0.10057774521758853,0.019935069566746951,0.097023929310089407,-0.98618808468087304,-0.13423642864253318,0.03316092539293785,-0.13159475217658551,0.99074879471370914,7.2247157498570926,-7.049880498774078,-4.1993492195363249,0.1289371554190399,0.1314592989194356,0.5370370370370371,True,5
-0.94624762581617561,-0.32199188177659044,-0.030604880447757579,0.3203550799207513,-0.91996453904787434,-0.22591562509795854,0.044587592514289759,-0.22357655280552688,0.97366599592949599,-9.9272335113197787,-4.7636748490262431,-3.7193583010674183,,0.2030819271826131,0.1616161616161616,False,5
-0.99629055852526238,0.060364235897754477,0.06132929167943868,-0.082636485441925381,-0.86995375669529307,-0.48616013049771334,0.024006962890541973,-0.48942478506531267,0.87171500245008138,-4.4785050711406127,-12.184481867775352,-4.9580555833892781,,0.343541984746136,0.2705882352941176,False,2
-0.8842946236834367,0.41584610994694182,0.21235590730319809,-0.4667702559462365,-0.79915340687953829,-0.37878669516854874,0.012187973106847234,-0.43408045926397359,0.90079165637605896,5.7118465875044215,3.3784964409752893,-2.7742333597437705,,0.2046610557005956,0.2941176470588235,False,2
-0.98011794387878159,-0.19789760683181193,0.014330153421112986,0.1944910562136333,-0.97251583309354728,-0.12800852875988628,0.039268882588334678,-0.12267636933251187,0.99166953329607654,8.3129616327188618,-2.2516827240820718,-3.5472175797676622,0.2296238304219261,0.1940951721642558,0.9011857707509882,True,5
-0.90663452416402823,-0.42182153611663348,0.0089683477893185027,0.41739228451259697,-0.8998138743894506,-0.12695933319611338,0.061624024724306788,-0.1113623954683534,0.9918673784596046,6.2095925569018,-6.4669256897429221,-4.1691900480515276,0.2612717903772176,0.2402937934038824,0.9794520547945206,True,5
-0.8678057381009241,-0.49688346269692801,-0.004474976806386359,0.48960480551605345,-0.85348634924792566,-0.17846060087042159,0.08485478969801781,-0.1570601036092705,0.9839368823860335,-20.572466809144956,8.9258145567541334,-1.5417507921714138,,0.225628039670488,0.5641025641025641,False,5
-0.49270571604764352,-0.86827352681378311,-0.057811417629519732,0.86413041455326767,-0.4803601076816626,-0.15010927217217468,0.10256560835863845,-0.12391630071309083,0.98697773348723838,7.3149424576629478,-13.055318677272695,-5.0566716384709949,0.3993651827171117,0.165334959366964,0.8255813953488372,True,6
-0.99689045365088835,0.076012352651300047,0.020773677193509199,-0.077996706745635913,-0.98936776330139298,-0.12275154857203899,0.011222172541936347,-0.12399012535041966,0.99221999156388008,6.9425119626470773,5.402120382659791,-2.5386514643741891,,0.1659723084974936,0.5222222222222223,False,5
0.33962291193371025,-0.94054971274260646,0.0047450552651001673,0.93656786119715119,0.33771208171160316,-0.09376135258522024,0.08658475074897351,0.036287569852732925,0.99558339339902713,9.8756487904697821,2.9836871178102844,-2.9036621973809638,,0.1911173763902699,0.3552631578947368,True,5
-0.99822566564865922,-0.058172411781939395,0.012707908866671344,0.055273468317210514,-0.98464862868110237,-0.16556546057861943,0.022144167188618263,-0.16456928189639927,0.98611692375479787,11.126467022188557,17.35979807114688,-1.0687671750176793,,0.1832984240593665,0.7272727272727273,True,4
-0.31164512966005881,0.94919367528659082,0.043688441893705812,-0.9456980173963504,-0.30537132873941741,-0.11137150208439864,-0.092371927834042758,-0.076024459089541169,0.99281806418314411,6.2819090832754751,-9.6696184576618425,-4.6188359476687193,0.1674212081054495,0.1691029518122517,0.9523809523809523,True,5
-0.88038679841269984,-0.47423385248952826,0.004619343414044623,0.46989570172099193,-0.87356832436399834,-0.1267927922715352,0.064164746432703451,-0.10945609083471063,0.99191846917698367,15.897185245432871,8.4138015116686162,-2.2707554133188252,,0.2081664654380381,0.9841269841269841,True,5
-0.80020911308474307,0.59881811243315608,0.032897470390909823,-0.59810818295414436,-0.79283506750865385,-0.11695792923885093,-0.043954258262658419,-0.11326704706374391,0.99259185934100791,5.6742570545280797,-8.5275824648653167,-4.4360677868602387,0.1374599607167348,0.1550712102412713,0.851063829787234,True,5
-0.9625149900753166,-0.27122775485143807,0.00063156833457036349,0.26682702628409033,-0.94731063712466879,-0.17721708392489291,0.048664483195677191,-0.17040558027453623,0.98417158376301228,-13.397371362454155,-18.905197353464125,-6.0833719641968704,0.2228317551367613,0.1479063905387324,0.2962962962962963,True,4
-0.86703328432898952,0.49691950270352075,0.036390818877458028,-0.49715587056258798,-0.85798026137823247,-0.1292513498981554,-0.033004912222900751,-0.13015713164566114,0.99094389187831078,9.1679002512967127,-6.5751129061830174,-4.1117630326136654,0.2412107964234473,0.2099138877331449,0.916083916083916,True,5
-0.85763712005698212,-0.51424879153280545,0.0025982123497747828,0.50949052785049875,-0.85036602572368059,-0.13151815207617606,0.069842482279665427,-0.11147108460027341,0.99131035754048935,5.8902611681069228,2.0504697692903524,-2.9545247186249433,0.3110917418811863,0.2467502084136903,0.981651376146789,True,5
-0.9817623233227285,-0.18872077794268824,0.022961020810639634,0.18281884618536409,-0.97031895753834851,-0.15829842109492531,0.052153714953129704,-0.1512137183406341,0.98712430899162273,-4.1270725191801594,-18.835224514159702,-5.9928446231239727,0.2766457279739465,0.2065474823633731,0.9178082191780822,True,5
-0.90719617281819087,-0.42070695671777769,0.00087212000065267983,0.41445488841459599,-0.89406669147076834,-0.16991732304788906,0.072265133316657848,-0.15378689076700228,0.98545793554821304,6.0658701938466359,-15.174083235623845,-5.3706909698717222,0.09676910253474798,0.1293219389042564,0.3793103448275862,True,5
-0.53424517219545342,-0.84511853525730041,-0.018888021347097304,0.83983203471030721,-0.52809410300094406,-0.12569316548633896,0.096250971216910064,-0.083013732238625113,0.99188934402967455,-5.681299176335016,-0.53725928207375429,-3.2270970842078173,,0.2645004977994031,0.9556650246305419,False,5
-0.20730247927882284,-0.97521853315628426,-0.077294855413274022,0.97285317413154204,-0.19720024484392365,-0.1211146771274243,0.10287071335923037,-0.10030391827841144,0.98962454512353348,-22.587400908428975,5.729362926009208,-1.9706315001990713,,0.1009772589438525,0.375,False,3
-0.94250279886821131,0.33273791616348897,0.031208224441119502,-0.33385666354367155,-0.93320416499205083,-0.13292747890852749,-0.015106367302430132,-0.13570359460481649,0.99063430794529606,-11.875107412959116,-0.25306514196646801,-3.0795218876286357,,0.340041952646802,0.9954128440366973,True,5
0.049648291740101283,-0.99797576690966405,-0.039741864429831505,0.99346207608751913,0.053441105820382098,-0.10088186945419085,0.10280151021832054,-0.034473422658100647,0.99410433689179223,10.416957717902164,11.085171950704403,-1.8200119106273123,,0.2192996506943809,0.8875,True,5
-0.98414256126614308,-0.17724986483992403,0.0067752873551618076,0.17326604858813488,-0.96879772121911145,-0.17722824765626607,0.037977565893175164,-0.17324393430906992,0.98414645440297388,-7.7640183470145558,-4.7925208718314529,-3.8675707491375722,0.2977021016421603,0.272996446714629,0.7445255474452555,True,5
-0.85781302257511394,-0.51395223879614249,0.0031487357747899767,0.50923668094898733,-0.85073943887481973,-0.13007847600204819,0.069532877666652865,-0.10997955891614203,0.99149870173591481,-21.07803644815791,-3.6925551912843195,-3.484789478125764,0.3133923257091575,0.2486976121215287,0.9864864864864865,True,3
0.97190846684945276,-0.23533001521100858,0.0037035128097713307,0.23513135136113161,0.9701553771374557,-0.059260373086646147,0.010352761633193382,0.058466470323313646,0.99823568969181753,-22.882087544492691,-0.8590199190414447,-3.0178702838377989,,0.2977220229557055,0.9285714285714286,False,2
-0.62369151370126785,-0.77588531058619481,-0.094925658036093541,0.77939501808559153,-0.6080136760491327,-0.1512044163395396,0.059601187239699885,-0.16828949626695194,0.98393411564282796,-6.3024849065808981,11.55747843555805,-1.4817453424390736,,0.1511786349377916,0.2692307692307692,False,5
-0.4601466876274819,0.86913013605181655,0.18132245440652589,-0.87973737685098419,-0.41880259315970292,-0.22509228270657572,-0.1196961721894451,-0.26309160870171888,0.9573168920446018,-7.7858915547986012,-14.173951272242341,-5.2392583638033852,,0.2536481581671277,0.24,False,3
0.46899997174759106,-0.88307508641069477,-0.014745109748763967,0.88085127774646998,0.46890479902450577,-0.065033191096536574,0.064343243570475661,0.017512316024220664,0.99777415570573802,-10.158932785181152,5.4016965028930075,-2.2593893445988145,,0.3504077229788115,0.3723404255319149,True,5
0.95753568210199158,-0.28781362628130841,0.016992175501572851,0.28813003040531837,0.95314912298058108,-0.092129446649692165,0.010320032950681964,0.093113188583312759,0.99560204450962453,16.956820323488696,11.154283990508056,-1.9236259029485787,,0.2248075700647172,0.7884615384615384,True,5
0.67532359485313986,-0.67546538707029646,-0.29611577652095183,0.73491100121895236,0.65006332385216758,0.19319289652994048,0.061998891296447659,-0.34808646318443054,0.93541004464660571,9.4894552610570404,1.4748670683273988,-3.1050235252464087,,0.5738798783156142,0.1571428571428571,False,1
0.24812349607099055,0.91491851935294177,0.31836902117280558,-0.96604881701718692,0.2581201501676455,0.011120756140045721,-0.07200287381211512,-0.31031933717132959,0.94790162735399053,-8.81365476099106,-6.9638729377789605,-4.1113124276395947,,0.2603130989750494,0.2676056338028169,False,5
0.090880294600365147,0.96819579020250024,0.23310444845070538,-0.99140880814152832,0.1100714468661624,-0.070660114096882609,-0.094070968915737962,-0.22468019142538206,0.9698811599305911,-4.6400098620768651,-12.618549172615728,-5.0227230611899962,,0.4030875013217465,0.2258064516129032,False,2
0.10460156314174124,-0.99439566833853221,-0.015354731448932724,0.98957513010066334,0.10560649487327656,-0.097920019030004107,0.098992802135104932,-0.0049520733178308567,0.99507582730930388,-11.717412702936699,12.586808382727682,-1.2393880824514445,,0.3101741469357925,1.0,True,5
-0.98599443223310967,-0.16636577661580548,0.011722114840303555,0.16270691918474395,-0.97498105722607697,-0.15145427197583994,0.036625647498966657,-0.14742579971410161,0.98839475692859713,7.3851742373842288,-3.082585831533617,-3.6561058059074281,,0.1414460846301509,0.7241379310344828,True,5
-0.29230111553404386,0.90169091705264004,0.31861190806735934,-0.95187330738736098,-0.24220486695746279,-0.18781376175766537,-0.092180608269857148,-0.35817634277948596,0.92909226825547964,-5.542182400721428,-13.138911869701225,-5.1359659063627632,,0.1271811397520942,0.4166666666666667,False,1
0.63082677859357383,-0.76505846434223468,-0.12939521454657935,0.77335847816996817,0.63348601856239539,0.024741231347584255,0.063041570823420656,-0.1156763174736541,0.99128439406854851,11.946924618852702,0.40187861191397617,-3.2423546192934714,,0.4383041327693717,0.25,False,4
-0.90739921580677574,-0.4202625548665011,-0.0024592946812880372,0.41579277412606525,-0.89686580539805838,-0.15082471976517092,0.061180324760490221,-0.13788078939711904,0.98855746205136108,8.592094177856735,-10.715253248227203,-4.6938325683333115,,0.112136277975786,0.65,True,5
0.48356278491318871,0.87012783813983086,0.095102988076643649,-0.86983427097804278,0.48982685686381894,-0.058804687967958839,-0.097751593741986928,-0.054288079621743562,0.99372905277640189,10.258025448396511,7.8356019289012204,-2.2602791047827524,,0.209592594497048,0.1313131313131313,True,4
-0.83162029554331218,-0.55519972614780322,0.012686533248275624,0.55060793164063604,-0.82728926666612623,-0.11146019412079175,0.072378102039745901,-0.085707253744524536,0.99368791730638273,-16.069977387218607,8.9388493822470689,-1.6702982594583844,,0.2642380362424144,0.9402985074626866,True,2
0.9965473288372495,-0.038625757053054981,-0.073494709193383953,0.049260703265162673,0.98762558920725674,0.14889284286640284,0.066834156695235514,-0.15199916590263282,0.98611837477238984,-11.225252711479587,12.502447612288131,-1.2737655348335462,,0.314223541449141,0.125,False,4
-0.3953511011082016,0.87535233642172416,0.27830881044904471,-0.91365893656311614,-0.34360548559614235,-0.21716956026707723,-0.094471448019435744,-0.34013755656979283,0.93561829189036438,5.2144719004166324,-22.522886334487602,-6.6895264551052378,,0.3731634768762447,0.1578947368421053,False,2
-0.99015999724931758,-0.13934552825324184,0.012884238551667537,0.13565133472924587,-0.97835748447301774,-0.15625411342362375,0.034378703195516558,-0.15296880836122617,0.98763285103075671,8.6386401450405366,-16.2156199427628,-5.4513446119464337,0.1700282703059734,0.1916823964614611,0.6212121212121212,True,5
-0.59073814120955837,-0.80002039080117016,-0.10486096901430084,0.80286398291473193,-0.56990122461617798,-0.17499148299066764,0.080236359953381145,-0.187563238624531,0.97896994747444022,12.400168171046806,-5.2885068237985307,-3.9804321861839931,,0.2105475881499488,0.2,False,5
0.51378802292327119,0.84065536374069483,0.17123208494495881,-0.84425356732151546,0.53091169876287636,-0.073271291660605697,-0.15250502144353414,-0.10691738647534522,0.98250236178026085,9.0623276255211742,1.8515601094755061,-3.0369257770358624,,0.2653628681859893,0.9299363057324841,False,7
-0.90142639888884735,-0.43292482351591444,0.0025582357204365774,0.42841895107623401,-0.89286425238237033,-0.13874663663099096,0.062351020400843872,-0.12397388435225828,0.99032460650717369,-6.4553401305271585,-10.269371519947462,-4.6659002028516952,0.3164375758709024,0.2791109305582682,0.9831223628691983,True,5
-0.93644726313751669,-0.35053726636995186,0.0137894252286485,0.34665376194895503,-0.93067336268572187,-0.11695409917522412,0.05383022096269293,-0.10474118995472748,0.99304158545248022,-14.262255330280581,-4.0691970583767896,-3.6127502290334594,0.2982567274871905,0.2764471242651688,1.0,True,5
-0.99915977010323054,-0.037564420804594149,0.016391098098495212,0.035287510146791108,-0.99188696058320325,-0.12212718392173945,0.020845753402053833,-0.12144616797013247,0.99237910238500615,9.4984422430128923,4.1591116198897007,-2.7245689669057023,,0.1885820259666233,0.8846153846153846,True,5
0.80453011153694487,0.55071312227439106,0.22236536732401602,-0.58817900795132416,0.79070684104160549,0.16978853358046009,-0.082321043699343344,-0.26739062901455324,0.96006536094135497,-7.6756503448259119,-7.799118911575456,-4.2874264549327581,,0.4490500295596532,0.257936507936508,False,3
-0.59888362483150748,-0.80069789344613718,-0.01487572988441855,0.79532336467373621,-0.59248272134294766,-0.12815994114427268,0.093803781974517053,-0.088583905654328027,0.9916419425106543,-8.1991900449672119,10.944745603790915,-1.5215587267420523,0.3762394790764921,0.340070587185313,0.9735449735449735,True,5
-0.88798687115802843,-0.45706098913602022,-0.05074020950861606,0.45632983309741726,-0.862111119546213,-0.22028958436580448,0.056942076501114984,-0.21876853010608802,0.97411392052416712,14.691899604083344,-4.2137276187763897,-3.9259413420953231,,0.1665837846929263,0.2702702702702703,False,5
-0.97285883331398948,-0.23092848694693588,-0.014755485737305035,0.22751502648886315,-0.94294651832678544,-0.24308183045461623,0.042220885408963758,-0.23984140070428575,0.96989355052164916,10.284868417669085,-6.0707403287228789,-4.0625848390490855,,0.1526051780496376,0.3333333333333333,False,5
-0.82470763500457867,-0.5655511540740179,0.0030346154125284359,0.56061097603140053,-0.81818838444719788,-0.12760525502033807,0.074650186324456747,-0.1035357893736816,0.9918203920067854,10.723863283047702,-8.8337204870735189,-4.4473700916321688,0.1294226254311481,0.1292401144897654,0.8529411764705882,True,5
-0.88930799326211896,-0.45728538123851298,0.0046231186065884763,0.4527265476667538,-0.88177971828974189,-0.13229966534578144,0.064575275127911017,-0.11556214137169206,0.99119898371807424,8.1546193550486379,-1.0979030329571784,-3.4121243326013615,0.2107718219253376,0.1923676072182022,0.9063829787234042,True,5
0.9710240690309645,-0.23316392174790321,-0.052410332546986863,0.23823796606622702,0.96172553800081317,0.13537599891292731,0.018839556448474491,-0.14393948434041084,0.98940714367778893,-7.4284522622585252,11.505634591784419,-1.4712467400065177,,0.3786378089348008,0.2452830188679245,False,7
-0.63751259951830597,-0.77043578260206613,0.0025279125289976931,0.76504782357037326,-0.63343492253747158,-0.11602597364462258,0.090991829884048664,-0.072034046091339801,0.99324296277298818,12.283584384695382,-6.2056806239467699,-4.124210657973002,,0.1706669828579448,0.7945205479452054,True,5
-0.7159344786008206,-0.68061352513556916,-0.15557330025781277,0.68454497998643415,-0.64051225061417283,-0.34805491978787123,0.13724428121399454,-0.3556814392341876,0.92447537612331931,-10.734488483822403,4.6359346310027023,-2.3477253171121091,,0.5318047175623745,0.1724137931034483,False,2
0.05752891263020174,0.98428879133058167,0.16693112194126808,-0.993589793467066,0.072747353685641267,-0.086528289303615724,-0.097312622663561082,-0.16088318057746162,0.98216437304435977,-6.9064581267362639,14.603920657891321,-1.0712103607733279,,0.1413806598203607,0.3888888888888889,False,4
-0.50752647815033658,-0.85220657424609525,-0.12712524842867262,0.85879138946798661,-0.48833574814317937,-0.15493723394035122,0.069958726060169132,-0.187808817410624,0.97971099042057419,15.760749836369092,-2.4385901221104831,-3.7285151507176453,,0.168695965789063,0.1153846153846154,False,4
0.66548859634942747,-0.73549740651636653,-0.12715538972677404,0.74354835864949176,0.66814638989739816,0.026762660867728855,0.065274546942249101,-0.11235642694021988,0.99152169257495892,-7.5076044744715684,-13.758555205063049,-5.1773871927992774,,0.2094381871314558,0.2,False,4
-0.8086815887449984,-0.58823758952424476,-0.003259799928291944,0.58319538528698089,-0.80100052583613734,-0.13520835843320439,0.07692353739159577,-0.11124161038450554,0.99081182548162305,8.357104523181988,0.55269810592018964,-3.2162159802894097,,0.2240132112116467,0.8956521739130435,True,5
-0.89035375025706309,-0.45526146817690621,-0.0026823490809160591,0.45071611717431559,-0.88060263063240163,-0.14626684054358743,0.064227572914541953,-0.13143820797889144,0.98924153590556718,-6.6712582347738056,-6.4726406000939383,-4.1378609999565175,,0.1074778239763758,0.5208333333333334,False,5
-0.92649053967791839,-0.36850780637833669,-0.076271072665514708,0.37037078811973645,-0.85703317621430131,-0.35821727230215111,0.066639021563099129,-0.36013349123103594,0.93051765662928732,-4.2179928504234461,-13.188267092566401,-5.0849075769833281,,0.4239127336981961,0.2,False,4
-0.30845830573065985,-0.9512367225813595,-0.0014735122824806567,0.94617829129416575,-0.30665771166797662,-0.10347796363581474,0.09798017508366523,-0.033312842677200721,0.99463065496863745,8.8695570254536928,10.927648050902359,-1.8502711964721548,,0.09631825476723836,0.2352941176470588,False,5
-0.76085424468515384,-0.6481310250424015,-0.032046727166290728,0.64474282177295339,-0.74943463076244732,-0.15051387971281749,0.073535788000363089,-0.13518102156531006,0.98808834589409322,14.207988000237791,5.5146834911476361,-2.5726371554055163,,0.1576161341453602,0.4857142857142857,False,5
-0.15856346589321496,0.958647151220546,0.23633295737298829,-0.98246697296947116,-0.12941977734753662,-0.1341982423711949,-0.098062604024853367,-0.25346826367031733,0.96236041325681043,-24.989223746578858,7.9073420845386737,-1.6296384554907415,,0.2493525254589496,0.1875,False,1
-0.96949648453198722,-0.24490586978016887,0.0098833914896060485,0.24100917067159744,-0.95986050169515813,-0.14346566466478089,0.044622260501981141,-0.13670746955721735,0.98960594260289036,-5.2202524041544311,-6.4804882020275354,-4.1249753479272311,0.3157855924121635,0.2780823995023928,0.9976744186046511,True,5
0.21567857971109511,-0.97626543887298844,-0.019711497049636546,0.97253309891269102,0.21657606529193471,-0.085288800331245113,0.087533546558357489,-0.00077511598918527172,0.99616127079008687,-15.690310410761892,16.389980322731169,-0.65100537743483222,,0.2896211802870298,0.8428571428571429,True,2
-0.93094407842019256,-0.36506086599170573,0.0085841118215378934,0.36069673266642088,-0.92297168542401853,-0.13424282084832495,0.056929692587851979,-0.12187629805229894,0.990911286682577,-9.1515758319476461,-4.0042983575189126,-3.6110263745901916,0.1363240049147403,0.1173521687895227,0.5204081632653061,True,5
-0.46731394928444703,-0.88332755042724309,-0.036743862894103869,0.87821774031752953,-0.45902527282973676,-0.13427359939749364,0.10174120795305247,-0.095017038260477485,0.99026283836386675,10.240407125438299,16.964988402420794,-1.1123873370296649,,0.1818987751060299,0.8679245283018868,True,5
-0.98922513123545242,0.14413545650408566,0.025663396317735305,-0.14630119937563552,-0.97974958245456201,-0.13669935896470742,0.0054404773184731393,-0.13898102697300183,0.99028009944059625,-18.191641579540264,2.9187810638959508,-2.5109114396707217,0.3278410714894487,0.2924497889228914,1.0,True,5
-0.20849888340007919,-0.97479337469258243,-0.079410907792116237,0.97277101180052183,-0.19829161848134361,-0.11998746868168852,0.10121647208587219,-0.10226588236306881,0.98959431843710277,-8.869683957656477,-15.5469116507462,-5.4028485506566106,,0.1376295086315656,0.2258064516129032,False,3
-0.90513090719124045,0.42298155629778161,0.042715850443018025,-0.42440636655837666,-0.89313937812675603,-0.14893383518888509,-0.0248450572927593,-0.1529334962369584,0.98792412100163929,11.775143812134111,-11.37603356377552,-4.7968253974396626,0.1999815549126699,0.1430638718155083,0.5,True,2
0.99404687811229664,0.10673582072330495,0.021869355036668502,-0.10437862389285066,0.99048072460756886,-0.089738715474981967,-0.031239510070296954,0.0869217967795618,0.99572521021373184,17.941672597784255,12.912578782432908,-1.7276708174828217,,0.2519206129570988,0.5641025641025641,True,4
-0.70029952346283753,-0.71383238018176298,0.0048898304429458306,0.70827269162080209,-0.69566716302974141,-0.1199874684555616,0.089052634671558398,-0.080563833611547481,0.99276336403589349,14.829871460441884,9.2855936662586291,-2.1338403336006859,,0.1982705778988714,0.2972972972972973,True,5
0.19449353210337822,-0.9805085722679393,-0.027842515673681959,0.97526725717931728,0.19633654683013929,-0.10151717811655164,0.10500496675816491,-0.0074094593529880487,0.99444409439053572,4.8171922332506059,14.508593447076317,-1.3117624324406156,,0.1781384708522952,0.7021276595744681,False,5
-0.17826044365650748,0.93206308635636104,0.31540706599447299,-0.98326937460673447,-0.15652337747712203,-0.093176012275895254,-0.037477342326644604,-0.32673970581337552,0.94437101472732754,-6.3492990942403917,-14.747363685271303,-5.3678777222543035,,0.350262504515166,0.208695652173913,False,3
-0.65303380583446757,-0.74812116583127575,-0.11773516752697477,0.75552744825245044,-0.63284392697828751,-0.16937189561388749,0.052202714244497364,-0.199557724285365,0.97849455353801251,10.556267318699456,-0.17486777069773257,-3.3544471614953117,,0.2449650999855527,0.2253521126760563,False,6
0.76662339413516933,-0.64209634462177023,-0.00092508812185462808,0.64008961157000266,0.7643397270650818,-0.07791065902839299,0.050733230971773798,0.059135994567068556,0.99695991565444975,7.6616931106814095,-21.137589676016745,-6.3302060159938156,0.3713352039620703,0.1987048425455594,0.7777777777777778,True,3
-0.76492317704815105,-0.64266132657977726,-0.043346886085219707,0.63940790417013948,-0.74947771302700794,-0.1715828947201804,0.077782165689276692,-0.15896407454053083,0.98421560529497776,12.897650286204206,9.4276792812145622,-2.0526701479725253,,0.1397729273718483,0.3333333333333333,True,4
-0.84458405071963394,-0.53531067410895705,-0.010966469579107047,0.530218316512994,-0.83334978047469388,-0.15619436678992688,0.074473606762006178,-0.13773389404134978,0.98766545769712166,4.2833259672293469,12.45719109532898,-1.5573630859603094,,0.1822825639520466,0.5945945945945946,False,5
0.99925016217024798,-0.036087525429623346,-0.014028681730670598,0.037048352929425106,0.99644569770927238,0.075653096842753773,0.011248686498916739,-0.07611610884069557,0.99703550840830202,-7.8708223203918442,5.2137010756209827,-2.2822627450408643,,0.3189129376025395,0.4,False,6
-0.83412966897610386,-0.55154471272855088,-0.0051112811501418422,0.54654096270236097,-0.82524293528628301,-0.14236247345581027,0.074301220866094336,-0.12154228737875533,0.98980139470327499,15.359514516750462,-17.162151889733654,-5.6721303698062879,,0.1564723270671026,0.4666666666666667,True,2
0.72504792576161559,-0.66175477462389609,-0.19075147079709009,0.68813452576636702,0.70731767830116443,0.16177940663429904,0.027863592680661863,-0.2485604961073363,0.96821552351622575,-10.280905509729735,13.6607287916923,-1.1200199480505315,,0.636066382204754,0.1388888888888889,False,2
0.95549028349333698,-0.29493680466943006,0.0071133256082660402,0.29481076402790329,0.95361324493667821,-0.060896572108972938,0.011177278877552255,0.060283167905527138,0.99811873447209065,-8.6916142204565769,-13.259465222946405,-5.0663731803476475,,0.1233956310112028,0.1944444444444444,False,2
-0.14924196589156435,-0.9885864057213819,-0.020585286971499868,0.98110425693003023,-0.14545579905629438,-0.12758153296879129,0.12313111974879883,-0.039236831469586682,0.99161444039789615,5.0698438248570961,13.583805215054202,-1.4228178632463189,,0.2192870597496223,0.8658536585365854,False,4
-0.9728704941846682,0.19897842266331148,0.11802791559330406,-0.23131567682369136,-0.82777792447218346,-0.51115238961793108,-0.0040073932271550532,-0.52458678507082546,0.85134754696808668,-12.771965912600031,-17.426395465919096,-5.8143299439655545,,0.2399811057097336,0.2222222222222222,False,1
0.28612491668406292,-0.94784288386299376,-0.14045070153908781,0.95371740610025435,0.29586228259220532,-0.053745874639202426,0.092496709962791621,-0.11857224485356589,0.9886278275450503,-18.477213059703224,18.679872474942748,-0.31368589801832725,,0.1693225201513257,0.3076923076923077,False,1
-0.48874187905547178,-0.87242483741564569,0.0025057369396872652,0.86676935222257179,-0.48589621459797266,-0.11231989444004972,0.099208193739175235,-0.052723540279889222,0.99366894013819562,3.8553312160099451,15.436863211782535,-1.1789895763130711,,0.2336028237102419,0.8888888888888888,True,4
-0.9421305216030238,-0.33498716153416647,0.013178841804060912,0.33070163445165618,-0.93509134852926834,-0.12743860826577383,0.05501371860742936,-0.11570553795301415,0.99175890177602444,7.0129058653013647,-17.031001257199428,-5.6505694628119203,0.1385345724109839,0.148630299525362,0.7575757575757576,True,4
0.92424668705231816,0.36865789005815158,0.099294620049056564,-0.37932425791733865,0.91620976159388789,0.12912311998837273,-0.043372443190062754,-0.15700647393640496,0.98664471736982551,-8.0132101994192499,-6.9196130991730529,-4.1286041139550695,,0.4241170320017039,0.4638297872340426,False,3
-0.31418092068015452,-0.94920584834310318,-0.017280235872843618,0.94354029599798805,-0.31018931724722132,-0.11625100986112931,0.10498599386870736,-0.052828448178545213,0.99306953238655316,-11.03116567066964,-11.0743775121983,-4.6755923765247545,,0.2397851321522035,0.8253968253968254,False,2
-0.69470635124463731,-0.71387106645538656,-0.088154330683246018,0.71391756981929155,-0.66936043925849031,-0.20561689098660518,0.087776927741173072,-0.20577828562200012,0.97465404535290934,10.649407098337583,-4.5786969008018641,-3.8667185319821633,,0.07431771631968498,0.1666666666666667,False,1
0.79253580238253396,0.60450663029598795,0.080366260769448014,-0.60474966400846353,0.79605229116289689,-0.024053972976468413,-0.078516532166949607,-0.029537834424547084,0.99647512287762829,17.229554912388693,-0.40820722231452106,-3.442090346778413,,0.4299115144044198,0.16,False,1
-0.99950744875658804,-0.025869538378990749,0.017765890469043245,0.023456864598783482,-0.99191883922967528,-0.12468677509845001,0.020847910765696826,-0.12420862838512883,0.99203708663103629,11.789172224154125,11.618234403721225,-1.7907283404062506,,0.1833526373397739,0.8888888888888888,True,3
-0.57386542900914461,0.81756919291143726,0.04752982421901835,-0.81581629197795857,-0.56563416626367569,-0.12042328553286559,-0.071569875866064989,-0.10788236536773237,0.99158416088155554,13.700239553001976,11.753932860907298,-1.7935716337995347,,0.2128534833321739,0.921875,True,3
-0.74271676607251169,-0.66887898208911245,-0.031188342601432967,0.66436063461372352,-0.73028086413222448,-0.15910627472838121,0.083646593298483896,-0.13889120491134602,0.98676870675342876,7.6540362724004298,-17.951077247379921,-5.7679532177009527,,0.164709976805354,0.3333333333333333,False,1
0.79454411070486952,0.60546538330402166,0.045949165005704909,-0.60213836043347868,0.7954098862072585,-0.068938434985411023,-0.078288256071327583,0.027106872639046337,0.99656217388431922,14.259710441256017,0.63805723200284747,-3.2506851413320712,,0.08107912141897015,0.1,False,1
-0.78974243830729352,-0.60604111594724741,-0.094979192025760967,0.60835232637178926,-0.75385304400241793,-0.24821973137992212,0.078831009980103867,-0.25381046832174564,0.96403626385930796,13.743198225597217,-6.0942805884545015,-4.137900765670131,,0.2223801780675939,0.1935483870967742,False,1
0.95915229622070064,-0.28285809517247379,-0.0042627045353756526,0.28083008702827889,0.95024402457534374,0.13479894650382646,-0.034078363726057673,-0.13048981475292207,0.99086380162538057,-7.8849563425284712,-8.4025001658820226,-4.352400258300535,,0.5878135681793646,0.2920353982300885,False,2
-0.92909731959804076,0.36722551128943282,0.043858802696287488,-0.36928030897550057,-0.91466190560223171,-0.16439480479337992,-0.020253990191956804,-0.16893496470035288,0.98541907510611715,13.173349656082911,-0.78269567187113342,-3.4183652840038312,,0.08906460177058644,0.2142857142857143,False,2
-0.35924932659368924,0.93097345390820097,0.065025759974151984,-0.92901867304142016,-0.3501335124195542,-0.1197114389734948,-0.088680474075974555,-0.10341639908148612,0.99067695134119249,14.849146362396626,7.226968791099198,-2.4039172015419279,,0.1477761460324758,0.9838709677419355,True,3
0.56280223561558995,0.81873651608501818,0.1136844792179693,-0.82098325925530136,0.56966573654026509,-0.038307135556964883,-0.09612560329400692,-0.071773712743620738,0.99277812352527151,15.080026385943224,1.9875991941069147,-3.0856836896358346,,0.1829036628153955,0.2173913043478261,False,1
-0.40764540991845072,0.90835208428227521,0.093390099863231352,-0.90870317156481495,-0.39346732509466603,-0.13943460858371631,-0.089909764544592541,-0.14170375811140093,0.98581756891254535,14.537840260763266,1.6112005542301653,-3.1237232971707161,,0.1510546830573426,0.1666666666666667,False,2
-0.077511867087822553,-0.99241442708048089,-0.095422824225038977,0.9946416360254382,-0.070406845389157022,-0.075702655217558631,0.068409987174395531,-0.10077936815077913,0.99255407540845375,-10.455786275849039,17.218641993435462,-0.66983634980539208,,0.2254353764626241,0.1764705882352941,False,2
-0.65856573660106743,-0.74536364658819543,-0.10355773713171615,0.74706665509938119,-0.63102826982115434,-0.20903285752518147,0.090457633252899239,-0.21502641007854922,0.97240992362018597,12.553149623732969,1.1723240403207196,-3.1580195190199012,,0.2332039742341995,0.1739130434782609,False,1
-0.99963737799039409,-0.0096801395909309734,0.025127821672209113,0.0061330632336828294,-0.99047177984725177,-0.13757920940893958,0.026220184207245766,-0.13737520964030334,0.99017198188820765,-18.908041173456187,14.23005642268078,-0.86487008193072823,0.3391052993690017,0.2917446286104938,1.0,True,2
-0.70849595654567599,-0.70434778685123289,-0.043905292576156649,0.70039060230523598,-0.69416082384420796,-0.16611368047948072,0.086524469145649194,-0.14844172525843444,0.9851287075511318,16.607885558633633,22.746746412511577,-0.54811130897208782,,0.1965253683027275,0.2631578947368421,False,2
-0.98315546877001569,0.18115717417440258,0.024236387370172911,-0.18276914358399754,-0.97509635041893306,-0.12562860961282113,0.00087428895907726983,-0.1279421183380349,0.99178125107000958,6.9789930862045182,14.716864739153362,-1.296572294076284,,0.165730839534284,0.8205128205128205,False,2
-0.58288424713345743,0.80953047023836477,0.070045500921295759,-0.80939763307373791,-0.57086558367290718,-0.13779679587139212,-0.07156413919201135,-0.13701424427206021,0.98798060246558639,-27.903696231377875,0.77814770196633587,-2.6429437635869828,,0.3582773952699586,0.725,False,1
0.068688102061999864,0.94372515985009575,0.32351934610009153,-0.99223350119660947,0.098333600805627835,-0.076178619413299953,-0.10370450201528028,-0.31577416870052866,0.94315006793365175,15.45707754006008,-0.7651483768179006,-3.4997843026603679,,0.2332451356937988,0.1666666666666667,False,1
-0.34630767760730552,0.93759726109091657,0.031342757138547041,-0.93386845750543435,-0.34136782603427057,-0.10657256412912383,-0.089222735368596637,-0.066176909443154908,0.9938108070200774,13.05147348480978,13.134897526898403,-1.6214015858510396,,0.1316400659372672,0.52,False,1
-0.91307713203815766,-0.40411045521632089,-0.054634155377665326,0.40331789167946874,-0.87514816784574756,-0.26730200629149659,0.060206554462128803,-0.26610228165329375,0.96206275600852043,15.296454748031689,-5.4152344511993551,-4.0974870161584125,,0.3597170974166896,0.3818181818181818,False,1
-0.94673880439771041,-0.32186168884733146,-0.0095231034824920166,0.31776426324663826,-0.92908630133728032,-0.1892736581533046,0.052072154275734424,-0.18221881878597604,0.98187819653423847,-10.325393767702126,-16.020090944541117,-5.4830519935432021,,0.1329440270285836,0.4193548387096774,False,1
-0.94508593041501121,0.30360258006228164,0.12098784034406053,-0.32650506095244519,-0.86079215106901652,-0.39042453538477401,-0.014388512919476317,-0.40848787746700954,0.91265032989555472,-10.468960993706624,14.694105339906407,-0.98508981458134193,,0.2384084409709152,0.1944444444444444,False,1
-0.18788564549543957,0.97687559587238526,0.10204437468932108,-0.9773951624051247,-0.17570210376600681,-0.11759025146354346,-0.096941635656832253,-0.12183119847219728,0.98780538485827563,13.726033940180095,-3.0069485434966885,-3.7517160083408778,,0.1686025433495787,0.3214285714285715,False,1
