axis_00,axis_01,axis_02,axis_10,axis_11,axis_12,axis_20,axis_21,axis_22,location_x,location_y,location_z,dbh,dbh_approximation,score,reconstructed,number_clusters
0.61769025131557065,0.78588382530113188,0.029075188043556747,-0.78470237803685228,0.61836186234559698,-0.043252573331483517,-0.051970485210526135,0.0039013236915215596,0.99864100073071183,19.518306824917584,18.304026585966263,0.22760622274523176,,0.1454793722844726,0.3870967741935484,False,1
-0.86686343661952436,-0.4942350964178997,-0.065417518456282991,0.49819000685795417,-0.85379966362673199,-0.15110543159579481,0.018828152300746012,-0.16357812769337304,0.98635069666993758,21.533242288153261,16.045849374504286,-0.0005575133968677543,,0.1914637234594226,0.4642857142857143,False,3
-0.35335819612985481,0.93539836883139482,0.012956728577096569,-0.93136080124419818,-0.35046587373769228,-0.098695132863991369,-0.087778375091021044,-0.046942123224684607,0.99503336322634861,24.460386827233897,4.4644618222392367,-1.536104437891457,0.271834530442761,0.2661044187110674,0.86,True,5
0.62429167240483197,0.76835993361758415,0.14100680897446122,-0.77905607417639589,0.62569571966949356,0.039705159313832547,-0.057719503244922282,-0.13463981134291758,0.98921210068756404,-11.211383452923258,1.0324879069178752,-1.5264217073739634,0.3811270771923742,0.2159912508340827,0.1463414634146341,True,5
-0.19217810190199489,0.98135964198186065,0.00091117428684800179,-0.9767405689875257,-0.19118340847407964,-0.097091530105142917,-0.095107507817580539,-0.01954884685774947,0.99527503964645947,11.722640413551046,-1.3834953589723404,-2.2405964981580273,0.2977638262275702,0.2725303165980987,0.9950738916256158,True,5
-0.32614657371767991,0.91161265013051562,0.25018151125580196,-0.93790407002305021,-0.27896700335608687,-0.20618769719050423,-0.11817092657001557,-0.30189366863275557,0.94598934716678529,-1.5529865270927474,-15.265431940128076,-4.1347755221384821,,0.4543523858001952,0.2993197278911565,False,2
0.80481963373700349,-0.55569912331679971,-0.20847983474757562,0.5874973305568213,0.79580019193402451,0.14679557590874226,0.084334119667221541,-0.24062530802621426,0.96694737054156421,-1.1962554896908124,-15.473679186920787,-4.1755114038256194,,0.3513254002142376,0.1842105263157895,False,4
0.15760585463778376,-0.94428447855986009,-0.28894154795533827,0.98099955998543775,0.18323894312342959,-0.063744435297410681,0.11313822471769214,-0.2734050352022469,0.95522218820219373,8.903572870802563,-5.8679743803772597,-3.0777062537088313,,0.248946898418237,0.3636363636363636,False,8
-0.0045719760493883972,0.99995894127357632,-0.0078238610694919414,-0.99586697250148115,-0.0052626953557378866,-0.090671258501956967,-0.090708710252873873,0.0073769780143082848,0.99585014438902375,-5.0571694103359084,-8.4341392473677956,-3.0996379379893839,0.3079607403131815,0.2782730047124562,0.9937888198757764,True,5
-0.44239030846143323,0.8968223046779058,-0.00075419600103127636,-0.89173794855682231,-0.43997137736374453,-0.10596517448822651,-0.095363756653503648,-0.046205421033246714,0.99436955553962558,7.440686341729398,-4.2849800414020178,-2.8278092165013891,0.3020939734874596,0.279428289616518,0.9973684210526316,True,5
-0.56772343959587357,0.82319077786258177,0.0068585257474782736,-0.817991259799705,-0.56316091062522877,-0.11721811990923228,-0.092630421702173824,-0.072157688334379327,0.99308251066541153,-3.2386810250481246,10.161318891860208,-0.59314342849943902,0.2666731271560974,0.2356862651513292,0.9396551724137931,True,5
0.88086830801893168,0.47254875944407748,-0.027725329136489524,-0.4732413257214495,0.87781376808122658,-0.074065080817089388,-0.010661686417646849,0.078362353939250826,0.99686793003277518,4.3114005299870879,-20.138718924975283,-5.1432559747320648,0.3744116369429185,0.2465516738874579,0.9571428571428572,True,3
0.53419931322471992,0.84098536914655408,0.085876088823799643,-0.84345776988057808,0.53704932615841205,-0.012530430993305031,-0.05665760477041152,-0.065739106734355207,0.99622702516416917,2.0271470541404546,-19.223050877157608,-4.9201309870322349,,0.2469106037269284,0.4545454545454545,False,4
0.9389699679862844,0.34362132591260197,0.016117803755543121,-0.3439955898673045,0.93814155908688268,0.039464531745337289,-0.001559926819428856,-0.042600463519766589,0.99909097040070394,-9.449888740195064,-1.6663142493748697,-2.1148767111880211,,0.6469228232401185,0.1593625498007968,False,1
-0.075689132583614316,0.99636830746817606,0.039004500788269267,-0.99270771880429576,-0.07161510826019464,-0.096967320759373629,-0.093821853718154075,-0.046059441397857233,0.99452299501972619,12.050237269011941,-4.3269847100969523,-2.7487909515107045,,0.390296420789414,0.3203125,False,4
-0.13174051303572062,0.99126057449227511,-0.006849137341986512,-0.98691494985085271,-0.13180471628260385,-0.092878407213684733,-0.092969451896705718,-0.0054763329798831776,0.99565390110776952,15.268074760786545,-0.96860839395795395,-2.3537666233049896,0.2613555115123427,0.2327523708176431,0.9605263157894737,True,5
0.1169807744407981,0.99313400436387256,0.00058973503366757532,-0.98928785068853708,0.11657990780719317,-0.087855982014433731,-0.08732151448117062,0.009694043111372553,0.99613301252235842,6.5269143791584838,15.425430837635455,-0.044977022402863678,0.3152648978452542,0.2818557553584518,1.0,True,5
-0.56665618688721409,0.82394307320302895,-0.0043102184620421105,-0.8188141541858649,-0.56369683526545067,-0.10857835335186065,-0.09189203865041233,-0.057997327804504624,0.99407854981395094,22.333887476906888,1.659195364356026,-1.9355744835430666,0.2339373993420353,0.2518860337752244,0.9473684210526315,True,5
-0.12610479855211554,0.99200421003983441,-0.0050226532206976921,-0.98750198941828815,-0.1260117564235862,-0.094661809289527277,-0.094537826699445632,-0.0069774283434374676,0.99549681808464796,-15.481027937712392,-9.1828514101066645,-3.1355991673783357,,0.2433407108011963,0.98,True,4
-0.30225182076350515,0.95320984113950558,-0.0059021690881534711,-0.94836945147130747,-0.3013298210611004,-0.098973342144726834,-0.096120863298026618,-0.02431743600967003,0.99507258124458353,0.8581725980492888,20.253374936933426,0.52312917254085634,0.3030318336374259,0.2659517390530011,0.9767441860465116,True,1
0.89053185594284057,0.45452751298315519,-0.018914372639568654,-0.45474986081121771,0.88828733052600617,-0.064406385701738317,-0.012473076732668398,0.065957246518714763,0.99774448832779417,8.7687901112389639,-9.6229697451899732,-3.8789355590308485,0.2910782163571421,0.2789877520680628,0.9885057471264368,True,5
0.1896915230037784,0.98184316731745047,0.0010587221283989028,-0.97833984403938445,0.18910547993482907,-0.08420372333579966,-0.082875060576152307,0.014936942480177792,0.99644799768168735,1.8393360736139484,15.924202912341157,0.028426354797367218,0.2786109460946288,0.2501082832910121,0.9886363636363636,True,4
-0.12948686133031947,0.9915721542152045,-0.0042208681385166816,-0.98709847784162486,-0.12930461712551539,-0.094429397079366234,-0.094179338421818234,-0.0080609537304215384,0.99552261312307033,14.499923588819724,-10.029480913253778,-3.9372394922796632,0.2954450452993893,0.2714197546759322,0.975609756097561,True,5
0.18477345208661927,0.97954132978650699,0.079734275215087774,-0.9728384284563184,0.19381250242313725,-0.12657845797418196,-0.13944233045468696,-0.054180228354658924,0.98874685300778742,-8.1017378619593803,-3.177522488754029,-2.3482366404214057,,0.2459462091163185,0.2653061224489796,False,6
0.99897055926544931,0.035480432639606416,-0.028265891469826891,-0.034241531202356797,0.99848076585913836,0.043170334145898367,0.029754651095176859,-0.04215802544067785,0.99866779342739898,-8.2457619968516092,-16.44680245136739,-4.1226620141627235,,0.2197845196014606,0.3333333333333333,False,4
-0.10703626712122555,0.9941563981633651,0.014010478635699609,-0.98965451027676865,-0.10517638945005504,-0.097580107558365034,-0.095536316705247787,-0.024310143831291459,0.99512905147890207,11.270920870042737,-7.333297222458433,-3.3211983606152153,0.3588586480179501,0.2342900094367457,0.8838709677419355,True,6
0.48732268864051737,0.87304733570909765,-0.017462724513217103,-0.87085827391398241,0.4844359640510823,-0.083232586704118719,-0.064206416281688494,0.055768686062571723,0.99637713229635994,-13.839731029332258,-1.6240649127665248,-2.0357760297354908,0.3275043622652041,0.3016799825072732,0.9787234042553191,True,5
-0.79628505205730271,0.60482025981186194,-0.011071097109594877,-0.59978546287625334,-0.7917717740458744,-0.11556321363897047,-0.078660755096913934,-0.085380976483990498,0.99323842780181582,-2.4616815908217182,2.1015506956643293,-1.6523178525538584,,0.2356320533485445,0.8327868852459016,False,5
-0.18756349990534585,0.93214783247078026,0.30971010949480576,-0.97763326513971227,-0.14661605979007009,-0.15078769811858089,-0.095147950033213843,-0.3310651739939765,0.93879855036787108,-8.9240782555982463,-13.863681986915974,-3.8452359414522772,,0.4180892949330337,0.2653061224489796,False,1
-0.65109851702879618,0.75873855448272864,-0.019660291563492679,-0.75373565455841585,-0.64941497478581911,-0.10071123855523767,-0.089181187311553722,-0.050754275341030136,0.9947214280210861,-6.787263837570678,12.554330855760243,-0.25440524574079609,0.2499496316267223,0.2413590284095053,0.9701492537313433,True,5
-0.76030855851963297,-0.63103004286579534,-0.15405187711479226,0.64861707642750555,-0.72475414672787986,-0.23243776579415584,0.035025476562556411,-0.27664510080884447,0.96033364212133621,-8.0159644971231092,-4.4895343813582329,-2.4745321088969336,,0.2517386725423926,0.3095238095238095,False,1
-0.2771317319963128,0.96070243467266514,-0.015774509017307013,-0.9560178482609818,-0.27734743724698768,-0.095437271854189418,-0.096061839078616401,-0.011367984277855177,0.99531045006384422,-5.4752567712410611,-4.3210015095281546,-2.4509936309759679,0.3095154626093864,0.2541867302668004,0.9927404718693285,True,5
0.41297702301843453,0.90460437691347706,0.10555046057603476,-0.9086075829641117,0.41716194404651619,-0.020203282392910915,-0.062307613009549984,-0.0875604574469145,0.99420869421502278,-8.2024995269811569,-4.7536904157431499,-2.5124794169852609,,0.1443654838729825,0.2,False,5
-0.10671610594412216,0.99427205621376236,-0.0058949948753471045,-0.98992408460579906,-0.1068006653393475,-0.092972708901286102,-0.093069755825904377,-0.0040860880472878246,0.995651206213791,-10.910281396128349,-4.8249709681795956,-2.5198251274800141,0.2799450077062164,0.3226317699530862,0.8730964467005076,True,5
-0.1748887150287067,0.9845074647198655,-0.012609094593611196,-0.97998325031168154,-0.17529362602901147,-0.094366168631312961,-0.095114491346798127,-0.0041468764707780258,0.99545770224122354,5.9616512468736786,-14.725606905417711,-4.4327772084643433,0.3525887341707501,0.2921554386554306,0.9846153846153847,True,4
0.39601171719103956,-0.91612765369109139,-0.062328500622590863,0.91368647010832937,0.39989225938509371,-0.072548020130573349,0.091387932400209274,-0.028218841690281393,0.9954154624001349,-11.668579805764777,-14.457031076028434,-3.8457473523501817,,0.1282363799437447,0.9142857142857143,True,4
0.93335966537544646,0.35510594112232757,0.052340286872162953,-0.35892913200706,0.92460850331946276,0.12754996584084621,-0.0031005236481474589,-0.13783644717188787,0.99045015047913365,12.432943601594815,-10.191799280161321,-4.0099524683836316,,0.2533281607016798,0.1951219512195122,False,1
0.59704499850929094,-0.76996814622498688,-0.22513623332084942,0.79453584369123231,0.60629072820412067,0.033531268743968265,0.11068000200986548,-0.1988984833843043,0.97375013759306961,-9.1427353112134213,-11.491765138975435,-3.4599175317281188,,0.3178574381831742,0.2051282051282051,False,2
-0.20637362828448264,0.9784475190721994,0.0070977440188860937,-0.97382781386817141,-0.2046824265978969,-0.098815450101365915,-0.095232948528527803,-0.027304883509290841,0.99508046350589552,11.519623177607427,3.1185812341583228,-1.6114717434623136,0.2681848405876819,0.2508454402240245,0.9653179190751445,True,5
0.00011277021306641029,0.99996582960056668,0.0082660095652113443,-0.99622165545583408,0.00083021838873756663,-0.086843099543181909,-0.086846994672924893,-0.0082249844182297679,0.99618770778784638,9.9791679310619141,9.5045836881814871,-0.78963990401634199,0.2663361308154705,0.2473194680886465,0.9435483870967742,True,5
-0.35989225570764027,0.91243654522668682,0.19477452404371196,-0.9327463477627671,-0.34706062582262742,-0.097637967711461826,-0.021489881732685887,-0.21681437438139139,0.97597628662007996,-11.856400321755206,0.34417639810094847,-1.5994897327601652,,0.5596808498833816,0.2708333333333333,False,4
-0.97887074295418952,0.19859535466040987,0.048702707271976037,-0.19847336817033928,-0.86546807902352174,-0.45997100595413259,-0.049197466555044443,-0.45991835068699061,0.88659727045932457,0.71516227112243735,-24.979832631800701,-5.5701130654608981,,0.4064515991653784,0.1363636363636364,False,1
-0.98524119195484694,0.1710683594192513,0.0059506370247424268,-0.16885423980718686,-0.96561273759678379,-0.19768734580135189,-0.028072039016277139,-0.19577450650289513,0.98024706234143777,-10.492625684296545,-6.2034229294972274,-2.7192322563370741,0.3399694377730299,0.1850978379076576,0.45,True,6
-0.18011338111027525,0.98351629268878171,0.015964709854630641,-0.9793066502342459,-0.17777241635204663,-0.096723589632198362,-0.092291141243393646,-0.033055559291477958,0.9951832370211644,13.452704459192697,16.99918140302065,0.082247655686543547,0.21477449780714,0.2094520003624779,0.3125,True,5
-0.47652933162568167,0.8784752430470254,0.034656073837802497,-0.87094639186935474,-0.46633582411976293,-0.15486536614845289,-0.11988402141292172,-0.10398147188808074,0.98732754185926308,-0.44028919995393689,-15.07148259608474,-4.2576220107325939,0.4964773503675237,0.3332814230379796,0.9696969696969697,True,6
-0.54931987314707775,0.83560704518032336,-0.0029228429118528794,-0.83050039698114819,-0.54634244061487414,-0.10853123143656748,-0.092286334740487572,-0.057190940086624072,0.9940887429159303,-10.467374395170678,3.1751326161270659,-1.3429406169915352,0.3382229123809107,0.2949323501210493,1.0,True,5
-0.95047336969882745,-0.29102785153878491,-0.10910161832930593,0.30779489184150716,-0.93011166962688663,-0.20038609377938055,-0.043158754032403504,-0.22404256660867536,0.9736232589137167,6.4774241649208353,-6.1730526223737821,-3.1403476378776527,,0.2358661264757152,0.32,False,2
0.20348359260054222,-0.90587014931265264,-0.37147503297886636,0.97442329366030489,0.22432772028022188,-0.013278504662896748,0.095360748290796299,-0.35927196731466793,0.92834798496429594,-7.5861200287550616,-3.5761597056975249,-2.3795517823793535,,0.6492053179293136,0.4247311827956989,False,1
0.86720587682117312,0.49738216949934533,-0.02376856476409871,-0.4977187480326265,0.86726933190053568,-0.01095234228982235,0.015166247513983247,0.021327995895610609,0.99965749210788279,5.1089214474364555,20.05084534042685,0.47423012915562401,,0.2029460340265595,0.25,False,2
-0.28646172530018127,-0.91939067169845812,-0.26955606602690935,0.9565885613313222,-0.25870553242982236,-0.13420049113276489,0.053647034103635673,-0.2962975536248354,0.95358783310601403,-12.273853596803654,0.3093629431386048,-1.6030492455728387,,0.2672742773975166,0.1929824561403509,False,4
-0.52393773149462719,0.85164595623556638,0.013726570725110434,-0.84619749573997127,-0.5186123924579441,-0.1224376763600496,-0.097154782278922547,-0.075765108174243798,0.99238127585302627,-1.5246074708394222,13.510597670774306,-0.19567819386686572,0.2966690506103218,0.2706395673537066,0.9066666666666666,True,5
-0.94358189665762915,0.33006031731862473,-0.026709384708776752,-0.32555235274744687,-0.93939342485966437,-0.10749725089988776,-0.060571197120368868,-0.092737156857218103,0.99384654238843473,4.5513015666442955,3.7719923732327025,-1.4442186185571069,0.2424632409602339,0.2256401346198974,0.9801324503311258,True,5
0.63833712604173343,0.76443460896597903,0.090362836010220549,-0.76813276368593675,0.6402077615076931,0.010299488216055877,-0.049977703718599643,-0.07598520066656772,0.99585565139264876,-5.3919874398541028,-5.3644826494796805,-2.6132098626636777,,0.5211468423987802,0.524390243902439,False,5
-0.75454595356842646,0.65605446762371467,-0.015904070688967861,-0.65082564579763025,-0.75120125857043141,-0.11010289684789509,-0.084180655293320306,-0.072726918215782366,0.99379294253945238,-5.4453756885673119,-19.721285476575801,-4.6238204589721361,,0.3746575935992677,1.0,True,5
-0.0088284097534950638,0.99996039970250961,0.0011216987214212929,-0.99596666368064224,-0.0086929761770885711,-0.089301942879396468,-0.089288655595628791,-0.0019055686767513375,0.99600396826013882,0.36553154783676245,9.3491446927685136,-0.73187460081476552,0.3123172124937773,0.2749577134217609,0.8896551724137931,True,5
-0.65461937523580671,0.7504022403849494,0.09148743734049776,-0.75066853213080864,-0.63096829113531339,-0.19589734671597839,-0.089276135862054407,-0.19691493901436671,0.97634741683404325,-19.72285860067068,-3.7643943673363514,-2.3894607359688695,,0.2089947860081356,0.3076923076923077,False,1
-0.12032360230315779,0.99271221239535656,-0.0066853638575416078,-0.98834619986315053,-0.12042149080820778,-0.093115271398401755,-0.093241728560021969,-0.0045965109207881938,0.99563289024745172,7.2160673935439492,0.6966294367028496,-1.8990341926474918,0.2473752326497883,0.2237898240101668,0.9732142857142857,True,5
0.72644128675769171,0.68720824116182144,0.0052811147596296664,-0.68627814629443229,0.72581925814607473,-0.046996919292211815,-0.036129805043843652,0.030516188876674906,0.99888107370394019,-1.7462468016255344,0.49089106257675996,-1.8530018349229802,,0.0828664373582947,0.2611940298507462,False,3
0.5756357270381498,0.81356240115340039,0.082217572250556106,-0.81492139691244869,0.57905925457787455,-0.024361784458043809,-0.067428677960677239,-0.052977345320720605,0.99631660343047868,9.7075190554911082,-3.5442053857115496,-2.7135557771062628,,0.1976445041830227,0.2894736842105263,False,5
-0.50615814236179046,0.86242927324907981,0.0044366162697309034,-0.85736865041455534,-0.50261766706333355,-0.11088046736073745,-0.093396639164291792,-0.059926867087104485,0.9938238467625633,-15.127995331464218,5.2981734934437537,-1.1030437661841856,0.2797915838734468,0.2604509999750746,0.9347826086956522,True,4
-0.024072734767686055,0.99956943528008246,0.016776396951161589,-0.99557738515506855,-0.022445519891681285,-0.091224277495574643,-0.090808444588606971,-0.018898219245485667,0.99568904970414773,15.252027247480637,11.929817169135642,-0.46126256165662699,0.4174245235814567,0.2657203811852056,0.9555555555555556,True,5
-0.95109751175833235,-0.2632992484345324,-0.16151479468122948,0.30888413397608533,-0.81413415738974515,-0.49170739830628363,-0.0020285228500366531,-0.5175510405217062,0.8556499316601075,13.11890632037608,-6.9258201280179872,-3.209651812997429,,0.2397288306185373,0.2926829268292683,False,1
0.73810421011026384,0.66706832283688355,0.10110404386121938,-0.67452998615732884,0.73283009804867116,0.089271188905318599,-0.014542104115209103,-0.13408914967872262,0.99086256723439714,-11.39892241747398,0.64701784849690258,-1.5598228178986326,,0.1840202949101057,0.3061224489795918,False,3
-0.20496155585732631,0.9787511503331614,0.006078350274377517,-0.97405433924353735,-0.20336124844753944,-0.099309349160561791,-0.095963038829438518,-0.026275242175326775,0.99503804290451559,6.5006286199770731,10.166252486827057,-0.69824370388347579,0.2790303392511982,0.254171287241562,0.96875,True,5
0.0091415715335683573,0.99995523200680725,0.0024424684459977003,-0.99572343990435519,0.009327386985472249,-0.091912083411602744,-0.09193075054047381,-0.0015918021976002112,0.99576413033952471,-19.458627998461534,1.0865658063705204,-1.6607144185580309,0.3763510900694339,0.3651784437057893,1.0,True,5
0.93580065596852791,0.3512372453412233,0.030158411330547474,-0.35229721752411847,0.9348611869111082,0.043831857500206003,-0.012798547325267607,-0.051642605397711573,0.99858361617548053,-8.2190732346531661,-12.234029781333328,-3.5881751189378268,,0.2988907424144484,0.2,False,5
-0.51840169936675184,-0.8335474849503175,-0.19094048399086722,0.85324845694828944,-0.48936513591578712,-0.18024659349205063,0.056804478776144036,-0.25635981370551392,0.96491082339657031,2.8228038636855231,-8.8837443956293196,-3.4783523701132468,0.5743535347952595,0.658149971686784,0.4228329809725159,True,5
0.6969495850702585,0.70992560410004801,0.10132577418198016,-0.71621782687702784,0.6961750508276372,0.048706499244816404,-0.035962485091314833,-0.10651730023014995,0.99366028622348512,2.3564847263445006,-9.1830533034454866,-3.4857279471512324,,0.3636703486174833,0.2317596566523605,False,5
-0.59394541752553931,0.80449962415905896,0.0030324459346651629,-0.79928255044576757,-0.58965657098284752,-0.11598505442366398,-0.091521831020380084,-0.071312572697133536,0.99324632967959869,-1.438750202590132,-0.75869171995550211,-2.0316553140226237,,0.3072583296879615,0.9744136460554371,False,2
0.64306037362047064,0.76576695197605871,-0.0086215509276072987,-0.76431624757811656,0.64105667784469522,-0.069763955441401446,-0.047896028720634767,0.051452026704681922,0.99752627002038052,22.214343452201835,8.9439433097164045,-0.87084768199021501,0.282929883563089,0.2460264609023072,0.7222222222222222,True,5
-0.51192364421891889,0.85684283285989538,0.061274319794287914,-0.85163723306003725,-0.49688628235932319,-0.16678742659138307,-0.11246424211929239,-0.13756591939779941,0.98408709577190001,10.949231217112347,-2.5082958024300339,-2.422684320609525,0.2668937237914351,0.1298291296625095,0.4583333333333333,True,5
-0.1604258799474382,0.98701014089152395,0.0086324284175035917,-0.98254726280955773,-0.15885405930067958,-0.09677946160803616,-0.094151013741410661,-0.024007699202326125,0.99526841454477732,19.980104474209043,13.205507246614033,-0.3599196438533967,0.1837977225889232,0.2423195660426554,0.8571428571428571,True,4
0.20282527958890423,-0.9641500778069233,-0.17110386735719144,0.97174562135273568,0.21972270011567663,-0.08621126629195823,0.12071600283918155,-0.14878360971149007,0.98147393451876797,-5.4204250337001465,-15.955462294042675,-4.1299162470748412,,0.317691328030727,0.4423076923076923,False,3
0.13154158482283912,-0.95008389342545174,-0.28290883145605911,0.98648201623190979,0.15359080817814702,-0.057123509120253706,0.097724322015166093,-0.27157035754426651,0.95744425309777581,-9.5276328832791997,-2.0800857512757966,-2.1757477218112116,,0.5830813491129722,0.3629343629343629,False,4
-0.23149399726122297,0.95106391211994934,0.20466549366006964,-0.96732812270608026,-0.20267592670626586,-0.15231143015443141,-0.10337713603090784,-0.233237869559931,0.96690912910634652,-8.5252981200497011,-14.308022870743542,-3.9041962990546177,,0.2647804717161459,0.26,False,2
-0.77120148443773162,0.62492609180149239,0.12130807964333265,-0.63127651984828526,-0.72617733016354591,-0.27231680198765318,-0.082086697395362909,-0.28659006427693545,0.95453020338199113,8.7076069940428447,-5.6135480350714948,-3.050822213551228,,0.4352387391340112,0.1454545454545454,False,1
0.14770489373759263,0.98892621595061847,-0.0144292678801302,-0.98539753035946942,0.14589703289684341,-0.087782475206358443,-0.08470520366201835,0.027184466106353559,0.99603515664613351,-7.1755648264069176,-13.575581187346417,-3.8373819699304157,0.3045047113803619,0.2929144861445202,0.9946524064171123,True,5
-0.46855101591603043,0.88343641502204806,-0.00021470223156387592,-0.87840681435184098,-0.46590931918157219,-0.10644235435208547,-0.094135083705847528,-0.049685077364901471,0.99431885182919955,12.401325386048008,-12.065106750023658,-4.2671074176352182,0.3670967518258312,0.3175131536036681,0.9917355371900827,True,5
-0.99809298931164758,-0.051591401841734483,-0.033892653229651674,0.05538171739541637,-0.99091674049774936,-0.12254337509490931,-0.027262612957583084,-0.12418671691176185,0.99188427211918473,20.43027977999548,4.1836653720879537,-1.5793108835430891,0.2266183706579267,0.2301120818043583,0.7777777777777778,True,5
0.28218944888258002,-0.93030995711105002,-0.23429148221687909,0.95220147212538964,0.30137905522185665,-0.049829926307615721,0.11696782216313616,-0.20903121483074613,0.97088850019185835,14.156171564546153,-6.4113966686400268,-3.1145346495733546,,0.3757467918426158,0.1724137931034483,False,3
-0.49202681738715565,0.86969104345893988,0.039333190808357177,-0.86459256229413861,-0.4828541339490669,-0.13903807591430573,-0.10192797553921316,-0.10241764621195136,0.98950559045761899,-9.0385046979846333,-14.701603680050763,-3.9422938457927295,,0.2005232783349363,0.6052631578947368,True,4
-0.75682345460915323,0.65348661753311443,0.013171911729006848,-0.64496796119797994,-0.74338641391316529,-0.17718061021862874,-0.10599333743961764,-0.14258990256835766,0.98409020526776836,-6.340506598905753,-15.837324826305771,-4.1059274334272757,,0.1434528864726458,0.2340425531914894,False,4
0.084123802631031766,-0.97514051307417804,-0.20499796484922272,0.99148964690011687,0.10242688256595736,-0.080355546278399553,0.099355251098146039,-0.19649354566816574,0.97545826183900664,13.509260707550808,-7.0084572307762398,-3.2503503024410825,,0.1640126700960924,0.3125,False,2
-0.94757176235647933,0.31882663681415169,-0.021385295004104909,-0.31400274943998624,-0.94146329940763018,-0.12267489234813923,-0.059245493742265468,-0.10952822251034355,0.99221647836798166,19.558208640413909,-4.6530658665990439,-2.7064207020761328,0.2938943001096805,0.2474001382607579,0.9137931034482759,True,5
0.73385696491147245,-0.64771756515332601,-0.20473375599243626,0.67528771022983336,0.72832174162137753,0.11633550229467163,0.073759497445903363,-0.22362780791630488,0.97187969423333342,0.02227210450383843,-14.243570200121505,-4.1322171769569547,,0.4024328268016755,0.1958762886597938,False,4
-0.93917250042386191,0.34258113559889142,-0.024355286476749706,-0.33804143930068853,-0.93459748549347443,-0.1107046766166338,-0.060687723331077956,-0.095737691851477971,0.99355487749587412,2.3992339313113891,-2.6046210738764493,-2.2247398273729444,,0.3168555540650326,0.9726148409893993,False,4
-0.25632541253112373,0.96652554288979642,0.01120972043958476,-0.9620144417716302,-0.25396759814932579,-0.10014326194548223,-0.09394411484264556,-0.036453175881491273,0.99490987996631386,17.289953957984018,5.3825444686312984,-1.2762051254753994,,0.2133611342376541,0.6296296296296297,True,4
-0.34874706149891721,0.93210026302868942,0.097798705296738578,-0.9322739198228831,-0.33431077074090471,-0.13820870806392177,-0.096129212594021574,-0.1393750631514479,0.98556266480502552,-14.735241233933111,-15.327720204910772,-3.9251682025110242,,0.1005543888856751,0.3333333333333333,False,1
-0.96050793947603985,0.27734034882007846,0.022512865651698095,-0.27024146540821276,-0.91052127720252873,-0.31292260087040596,-0.06628762009241139,-0.30664855238176969,0.94951177809685516,1.3842057202153462,-25.596580079115771,-5.6331422623856229,,0.2754459465640267,0.2857142857142857,False,2
-0.88247684139188509,-0.46771070681535132,-0.049812841088287124,0.46993748115399142,-0.87226773445485428,-0.13530618328679089,0.019834016578712588,-0.14281349431787232,0.98955086661933411,26.434251731489095,0.50501302246227686,-2.064338919128311,0.2979352587663753,0.2382478038228028,0.6206896551724138,True,4
0.49743090421445635,0.86542745512503838,0.059981792638995099,-0.86382155269489935,0.50049789813889012,-0.057568907044734954,-0.079842473860474689,-0.023177011764939765,0.99653801005956943,31.800389234289824,3.7398427623099679,-1.6794653902153711,0.3416720191342532,0.2753586926885172,0.5454545454545454,True,3
-0.19479444291608003,0.98077181416747727,0.011906869599159464,-0.97569936227349996,-0.19251670892290645,-0.10463303132653713,-0.10032885660716583,-0.031999458122447137,0.99443961868570485,-8.4003885899116089,16.487101407546582,0.19382778189872102,0.301815669951076,0.243535242936734,0.625,True,4
-0.42493561436289645,0.90496798083641905,0.02150993507385569,-0.89907505685712497,-0.41916534992925886,-0.12635051070747003,-0.10532694709040119,-0.073029877992064424,0.99175242431620969,-13.768827909062402,10.923364327268665,-0.38306713594397179,0.2661311731595214,0.2237763321458813,0.5365853658536586,True,3
-0.9245607595110924,0.37694823499063423,0.055654560547336585,-0.37225077864661377,-0.8623789520950379,-0.3431208253377423,-0.081343467895469743,-0.33795350437731708,0.93764101292009883,-14.296747348402365,13.242662223738842,-0.19887474527241128,,0.2342508365127895,0.1851851851851852,False,2
-0.92039533000671536,0.36992381879307284,0.12660491614222039,-0.38684886815564334,-0.81458882912870256,-0.43219554910413671,-0.056748477587742416,-0.44676773355769378,0.89284836480961005,4.8262233476592842,-8.1409333773634458,-3.3559450841489635,,0.7062578137280027,0.5652173913043478,False,2
-0.89963570429665707,0.43642022596555297,-0.013891937331900825,-0.42975815863455247,-0.89063264506059014,-0.14859817172299072,-0.077223860572342429,-0.12771404746758402,0.9888000796105102,11.566215995037227,20.169287585407499,0.42148441223609162,,0.1999361968136913,0.4347826086956522,False,3
-0.98747592729115063,0.15763244472955648,-0.0065806830241947351,-0.15468457891871509,-0.97553174870308457,-0.1562385621958946,-0.031047931738223115,-0.15326388890043213,0.98769742648945569,-13.965314761575319,15.203779387175793,0.048411289472283084,,0.1326826540431775,0.45,False,3
-0.98399721711161325,-0.17409398804091655,-0.037957345067987633,0.17729205378548218,-0.97788582054081186,-0.11093624137201023,-0.017804616848636851,-0.11589048845022804,0.9931024067565446,-10.265562447331478,14.342416450675984,-0.02171896277310734,0.2544841462808687,0.2184831641994025,0.3333333333333333,True,3
-0.33390662311042202,0.93104898720691842,0.14715349287042612,-0.93856188830452436,-0.31395169701094539,-0.14330357206362151,-0.087223556825210102,-0.18596267196649827,0.97867764650565126,19.565654804761301,-7.9815032277394131,-3.5587523158625771,,0.1882143101468211,0.35,False,2
0.85865320987783667,0.51242203499930661,0.011761088965629499,-0.51199713350976883,0.8585616744387442,-0.027033062399953262,-0.023949957082801183,0.017190381965192021,0.9995653507018053,-12.856488156062239,21.096234112496028,0.73721923222643881,,0.1058859195959569,0.3125,False,2
-0.96118193505383975,-0.27040984125925699,-0.054843463387169375,0.27588667855015603,-0.94477099722724778,-0.17690195984441398,-0.0039784827157126283,-0.18516554903214372,0.98269928824992336,26.719934552786967,10.350421078391467,-0.69281778352862122,,0.2074370831587888,0.3636363636363636,False,2
0.40315677144290046,-0.90299498125264732,-0.14854185091168481,0.91009911599812265,0.41262120863193102,-0.038253591289720904,0.095834319005111357,-0.11976561284298903,0.98816596848969218,-3.5615856777713018,-21.487054325680575,-4.864061556661758,,0.219004548536808,0.125,False,1
-0.94968427330826943,-0.29295399432320124,-0.1108049558504748,0.30793783207668235,-0.93795072103652377,-0.15944508924070849,-0.057219512466088251,-0.1855435315960822,0.98096866681662986,-19.993523448869166,9.8730278544865495,-0.63256367154632986,,0.2791762106600852,0.9838709677419355,False,2
0.88377465026281099,0.4581974432452342,0.09485499752979322,-0.46768502742729945,0.87132767086059681,0.14852206944751942,-0.014597351580777889,-0.17562230210362811,0.98434939139039934,-17.422122431575588,3.6088851321225159,-1.353183481182594,,0.2830093810532573,0.2857142857142857,False,1
-0.93042715067269188,0.36439637855899143,0.038994827659428251,-0.36110876130538588,-0.89344810675186614,-0.26711597303417939,-0.062496238283484704,-0.26261332760276829,0.96287510112465546,-14.980299890884544,11.387027874523707,-0.36795084556844254,,0.2761241043004595,0.4285714285714285,False,1
0.22253910305092528,0.97227909786905486,0.071761434351803474,-0.97150592118909762,0.22731545108070728,-0.06711133134202138,-0.08156342751389048,-0.054781762904392892,0.99516147722129744,26.081694149287941,10.950665174982296,-0.59363090595627743,0.4369306464729759,0.3690919125832984,0.9242424242424242,True,1
