axis_00,axis_01,axis_02,axis_10,axis_11,axis_12,axis_20,axis_21,axis_22,location_x,location_y,location_z,dbh,dbh_approximation,score,reconstructed,number_clusters
-0.77945385380501586,0.62583581566969504,-0.027950341921983618,-0.60211388586992753,-0.76073357542581754,-0.24237016248388965,-0.17294669187678635,-0.172087068209377,0.96978115197397818,25.992567442638894,7.493192812527572,2.0518143497190238,0.2619120860550072,0.2433165894013362,0.926829268292683,True,3
0.36099861247902559,0.91728786422815489,0.16811595976577398,-0.92202269228489642,0.37810109551922888,-0.083148761138509858,-0.13983617807966653,-0.12499014243894628,0.98225419703514727,-4.5670118410468046,5.3132184768314987,-1.0540337928920076,,0.5989029551063942,0.5330739299610895,False,6
-0.82265271391885086,0.56530337468339176,-0.060618535560669075,-0.5407100536643541,-0.81087045113257372,-0.22387887204099849,-0.17571326116216318,-0.15139751005755447,0.97272999532251081,1.1418333128210556,-12.132957321322371,-5.6116212165103763,0.3916131638595478,0.3075097313075744,0.9935897435897436,True,2
-0.54026398607245507,0.83885884739046657,-0.066563199350998928,-0.81492746044912356,-0.54128661376325848,-0.20712806658357069,-0.2097809799744608,-0.057659655873442475,0.97604677373859072,7.860715238270374,20.881647673847638,4.1435378873345527,,0.269038537630084,0.9523809523809523,False,1
0.74287423464006586,-0.63125957016263368,-0.22282106405369914,0.64563049588127563,0.76357453586762103,-0.010732705280780186,0.17691561348856039,-0.13588702385670637,0.97480027823720494,-11.708804329854557,3.8623421593334828,-1.9621860759583112,,0.2785547326498414,0.1904761904761905,False,9
-0.58583036325236537,0.80808709599699358,-0.061628165433906333,-0.78367294530538345,-0.58422574389822468,-0.2110378993521137,-0.20654176402846205,-0.07533608331810801,0.97553317435251752,-12.151986881048609,1.9543214641978301,-2.4366446180275809,0.3510805430588559,0.2784498290479896,0.9745762711864406,True,5
-0.9508400005628489,-0.29553062397051211,-0.092546980638173681,0.30950891677702386,-0.91688595849891474,-0.25204041251958104,-0.01036936667091537,-0.26829422171028428,0.96328120859472699,-2.1905559288936001,19.267620653373246,2.9730277428130734,0.2959842350078041,0.2681608344165984,0.6551724137931034,True,5
-0.65563156828104896,0.75229602021323372,0.064791547632880905,-0.72675683128313073,-0.60542905536976266,-0.32446905414443111,-0.20487009263588762,-0.25981985467898427,0.9436746728920703,-10.800798229037925,-8.3369143716588638,-5.5204354048157169,,0.2825447702044044,0.2692307692307692,False,4
0.99522137004180689,-0.019005292836446436,-0.095776946371813373,0.01984433837281966,0.99977253462607396,0.0078154489250459036,0.095606625537424661,-0.0096787319187937315,0.99537213910265232,7.7806971342150186,-10.166579626135102,-4.154056373198423,,0.3180821574120095,0.2467532467532468,False,5
-0.93944087700800527,0.33678839522997656,-0.063438280594992416,-0.31534290427995054,-0.92196573909015656,-0.22480664728657229,-0.13420019123204685,-0.1911877422387753,0.97233613318179402,17.940107059859322,-5.6879483263155635,-1.8630428745469243,,0.2189883657641429,0.9866666666666667,False,5
-0.75375844999596597,0.65508619649067568,-0.052060294150710638,-0.62977691321296203,-0.74271615508861055,-0.22749451104223001,-0.18769453546555839,-0.13868953867458805,0.9723867405608726,14.996955570217068,5.4744182501776244,0.85277954674299983,0.2537341655624873,0.2794433047854671,0.9864864864864865,True,5
0.55024364770846368,0.83494661520443336,-0.0098019342552909186,-0.82524646193086193,0.54198679601674937,-0.15880362090989669,-0.12728002681913422,0.095469695203031349,0.98726153174868603,-0.059510920748360591,-16.962994920686551,-7.1268923731956972,,0.2027660049620266,0.625,False,3
-0.7494783219583161,0.66094022696792287,-0.037950774565710721,-0.63407171657506389,-0.7331306540125424,-0.24591157432437694,-0.19035572792563496,-0.1602418813005283,0.96854903661258629,16.666901381399292,12.467375314662549,2.7495285255367707,0.2778154875080214,0.1953888912559454,0.9565217391304348,True,4
-0.53510253744649094,0.84332099780923664,-0.049749061019905685,-0.81826212377570628,-0.53204264080303798,-0.2176642486983148,-0.2100294532021626,-0.075764919463856967,0.97475499781547037,10.563444993618432,9.6982924227230782,1.508290471031789,0.3090109993079022,0.2547609824715649,0.9652173913043478,True,5
-0.60258623466595107,0.79804216112182624,-0.0043056780090212146,-0.75851157461194862,-0.57439800523458551,-0.30777771648095703,-0.24809276686516779,-0.18219670868194976,0.9514485474131803,5.3827124765551257,-15.495594655186011,-5.997815284773127,,0.1688743114541592,0.2857142857142857,False,2
0.2483817488695016,0.96800385264176414,-0.035707815660296252,-0.95537107370561869,0.23872152737029459,-0.17400616051326301,-0.15991440946675697,0.077334168649410978,0.98409695051057,-15.716410008935876,4.9860401805808081,-1.9100762000243918,,0.1608723960244796,0.625,False,6
-0.80930996734069527,0.58442074192222948,-0.058904780570619548,-0.55951500202892002,-0.79755026449596467,-0.22551394215656315,-0.17877454871311982,-0.14955257274111633,0.97245755111415166,-6.7785007103409454,3.4117033895479101,-1.7539675475876011,0.3007582824239586,0.2673521288613794,0.9779874213836478,True,5
-0.80779347774053245,-0.54421441267068249,-0.22649585064932659,0.58907641063315963,-0.73132922058223104,-0.34372453150472304,0.021416810112866849,-0.41108179741274453,0.9113468472982712,-13.291880581086101,-0.031358965723282783,-3.1636439943680577,,0.2302634296248485,0.3,False,7
-0.0039041267987027003,0.99930807508657604,-0.036988225973985336,-0.98153757828505217,-0.010902803608926141,-0.19095840198268602,-0.19122954847056348,0.035559807932947801,0.98090099390892482,8.6319921228892849,17.071590300390682,3.3120978786435278,0.2616053798865707,0.2170290195079862,0.28,True,5
-0.91664660152189259,0.39425757447386062,-0.065726500655012551,-0.37008581386640182,-0.89929587724319726,-0.23303093259958371,-0.15098178132876863,-0.18928256692938467,0.97024564495977772,-9.184820803166037,-4.082387939673235,-4.1143416364500629,,0.2743909543370256,0.9821428571428571,False,5
-0.8656592232114374,0.4970194956654449,-0.060047732658598418,-0.47255550752322384,-0.85081358186716138,-0.22979891474904815,-0.16530396721930229,-0.17055166325438945,0.97138392439998822,12.652065672079862,13.603858126031875,2.7794012550383886,0.3008354253989534,0.2788323568272243,0.975,True,5
0.72257122901389026,-0.6447966952222659,-0.24925497152875706,0.64803774367717937,0.75733755850717543,-0.080541326312531497,0.24070293261850273,-0.10332978420976061,0.96508292593124734,3.9413966951922581,-5.8636168035869689,-3.4011332114820942,,0.3506601079684942,0.3004291845493562,False,5
-0.96223634688604187,-0.25504855996670067,-0.095139081298477257,0.27113234411147386,-0.92911295333427812,-0.25146843126538571,-0.024258291531416322,-0.26776734678703656,0.96317816798690403,6.2935039664550922,-4.9947834263568387,-2.9885250563496206,,0.0867783814098608,0.3308823529411765,False,5
-0.99075147158100452,0.10020451134594455,-0.09149086001341987,-0.075188539757219383,-0.96671241703947774,-0.24456857163353682,-0.11295222463170779,-0.23542760808284963,0.96530598066267925,9.0156744395090893,-5.4031065270017944,-2.7714950734914834,0.2990304656458809,0.2675516153538852,0.9393063583815029,True,7
0.59208862200624501,0.80373261862517509,-0.05869362357756628,-0.79648252010043119,0.57254915431160203,-0.19443009301940789,-0.12266482325920594,0.16186829107329331,0.97915882137669563,-6.6560335823539889,2.2635771851126223,-2.0378977567881025,,0.06628994058880297,0.18,False,4
-0.78452597056710738,0.61730750904324905,-0.058740452709843814,-0.59244137423202248,-0.77414147051838,-0.22297578729923395,-0.18311804827436129,-0.14013002141746539,0.9730525974960087,4.0613774857281291,-12.550055059209758,-5.4664673180278722,0.2855572515837709,0.2737838946116012,1.0,True,5
0.86725124702675149,-0.48842728904523586,-0.09650936662556045,0.46996431543395628,0.86709936448510727,-0.16514307229858699,0.16434359357528391,0.0978645769696323,0.98153640168121992,-6.8074325175521508,14.105344900414114,1.1108317624361195,,0.1406681349953822,0.2857142857142857,False,1
-0.4438849266589231,-0.86857922975748481,-0.22030954023577201,0.88045517201395995,-0.37703841446176356,-0.28747299715630259,0.16662791470480132,-0.32157760440374927,0.9321067440948354,-2.4233718156927426,-2.7749682956952459,-3.0926049028903333,0.7077073753224946,0.7108860220570854,0.2290836653386454,True,5
0.89735037552549901,-0.36931049613772454,-0.24160310632678644,0.40938043661804041,0.9010637270195393,0.14314963487232035,0.1648331327696817,-0.22736296376534937,0.95975836596987674,-11.816250182844914,-3.2975620935669991,-4.0827316048250273,,0.1680632427328413,0.25,False,3
-0.81208518955324493,0.58026364765356864,-0.061739323935761994,-0.55614579721778457,-0.80165514737878885,-0.21920510239975322,-0.17669039913154497,-0.14367715160340067,0.97372346123623188,7.99986360179272,-0.69384699642682834,-1.4826793606436284,0.2527610359078381,0.2176652418850988,0.9783653846153846,True,5
-0.99241378211691533,-0.092016753543065211,-0.0815340550432474,0.11001904148525184,-0.96067902085981316,-0.25493455903525059,-0.054869805677320374,-0.26197086850874479,0.96351469551725455,8.9559691886453816,12.962968121158035,2.2361936978259189,0.2459297962210948,0.2258411714763923,0.918918918918919,True,5
-0.85764851391681662,0.51419543646696042,-0.0064868862197741961,-0.48637452698876565,-0.81521162825586024,-0.31443571783893048,-0.16696959625252353,-0.26652026991015354,0.94925660369274656,6.6245718660299602,-10.316119415222335,-4.3922104100703363,,0.2358459054148488,0.3870967741935484,False,1
-0.99658142680248896,0.027508634802599578,-0.077902084462567953,-0.0092221287569394118,-0.97408574504352674,-0.2259909592089657,-0.082100012749732859,-0.22449996951958631,0.97100944979552017,-15.921732696538008,-2.9613464422592721,-4.2377198155821594,0.4289083621917681,0.3805797374860496,0.9320388349514563,True,5
-0.91473163330016283,0.40197298195976827,-0.041033654655527045,-0.36908831355266558,-0.87256545859229728,-0.32000521444261421,-0.1644379999843906,-0.27757385007595026,0.94652675710470435,10.723679170974533,20.673447516947704,4.3472703807019117,0.3161722703073771,0.2874395725180026,0.1276595744680851,True,3
-0.64489390810233838,0.76274803749340214,-0.048241875921821699,-0.73543075616519926,-0.6364967127410821,-0.23240812713001227,-0.20797463830663662,-0.11440002609160561,0.97142121855118224,-7.5747149766355726,9.9886583750767013,-0.00060683529246144841,,0.2303738529935035,0.5945945945945946,False,5
-0.99736613001152219,-0.030554872442840032,-0.065781475172299764,0.047511957054417089,-0.9604901219777624,-0.27422862636859113,-0.05480343641325177,-0.27663175044297955,0.95941203765856198,18.085852651675992,-11.721014084483526,-3.4655948231735181,0.1814471683776136,0.1859140958414775,0.4146341463414634,True,5
-0.43401982994759836,0.89817931070445234,0.070005092919977904,-0.87654571053975028,-0.40306156550670552,-0.26307601894823118,-0.20807307501602484,-0.17554287292214549,0.96223193421316922,2.2604053339222108,6.1467380442597994,-0.1594890923737928,,0.1697421137493777,0.2456140350877193,False,5
-0.6065021404486165,0.79274770781125414,-0.060878776197040407,-0.76758699575715617,-0.6037715156093606,-0.21510499967057761,-0.20728086640052115,-0.083731885794945698,0.97469154799119473,11.688040365264007,-7.8453999670419545,-3.1485411797702185,0.2418296801291986,0.216448747619366,0.908256880733945,True,5
-0.20434624578825936,-0.95140059768200047,-0.23038991853503066,0.96700473472088466,-0.15961557748080213,-0.19855656738789215,0.15213301699380299,-0.26336243117765262,0.95262572660230016,2.6358612421896312,-11.073124942159369,-5.2533739537562365,,0.2347354855512323,0.25,False,5
-0.99505912955161879,0.066191887682649997,-0.07399974797917494,-0.047279668464251377,-0.97131087411499395,-0.23306612532900667,-0.087303846684349734,-0.22841589224695641,0.96964128342554678,12.591366464911504,-2.5498896020067243,-1.5141879303854366,0.2938866414829578,0.2766477505027956,0.9952380952380953,True,5
0.0218671735123004,-0.99593977419940427,-0.087325785941050185,0.97834594152124343,0.039298806832874594,-0.20321127550021245,0.20581799102968087,-0.080991172044560342,0.97523298991541163,8.7852933927575574,3.165104177923808,-0.30819632729880431,0.2499821867505604,0.2412820287644164,1.0,True,5
-0.14832341746972663,0.96388774969844149,0.22117994893610116,-0.96472769346671616,-0.091841045787467226,-0.24670974801789716,-0.21748710602813029,-0.24997125492732042,0.94351138330259132,5.2493031216712414,-10.086234790361434,-4.5136515398234884,,0.4023543769117935,0.6506024096385542,False,3
-0.64450706029142268,0.76451829741308808,-0.011064454577651206,-0.72864741475901373,-0.61852356908889894,-0.29411144052303639,-0.23169720369377345,-0.18149481370585377,0.95570708818045447,-8.4894281693867821,8.6999960274396244,-0.51237213844240881,,0.1515342527385779,0.1724137931034483,False,6
0.94428924226044031,-0.30889962750569161,-0.11357309134671499,0.31709898874973935,0.94632113487474867,0.062646157290458526,0.088125242042771224,-0.095170004813560555,0.99155262689314172,-8.3978638158417258,-3.7870926838152799,-4.0209442045017187,,0.4620997858881096,0.2916666666666667,False,4
-0.97094246022170616,0.22857614559305392,-0.070877955701655532,-0.2084564258077039,-0.95327783513855546,-0.21864877674715877,-0.11754427879782221,-0.19752041590522881,0.97322609285947914,-13.85523545084132,11.000546483250925,-0.33432362628474988,,0.2878127579967128,0.9253731343283582,True,5
-0.82338486421660972,-0.55394770800257698,-0.12320431071064286,0.56333210663149569,-0.77165356684756026,-0.29530951628682217,0.068514983887572295,-0.31255832986840593,0.94742439667382217,-10.162052595657235,-10.550872242816668,-6.2215806544856989,0.5762833666685506,0.2174284383595295,0.9295774647887324,True,6
-0.98298836408138679,0.16638929068171424,-0.077771974560484555,-0.14213799933903104,-0.9573301190007264,-0.2516263746071824,-0.11632138764861047,-0.23629144546617098,0.96469460845130173,21.845738578688806,-0.23010369125877128,-0.093851107044508289,0.3039235831932633,0.2988834966733509,0.3243243243243243,True,5
-0.81026487074613673,0.58249748599951345,-0.064556316801639757,-0.55842323413910622,-0.80078144933393103,-0.21659307924370574,-0.17786042507642946,-0.13944801614542851,0.97412520755020848,-3.8119489588872941,6.1394640589999403,-0.72879066952726301,0.3103683123352287,0.2681533099699895,0.9701492537313433,True,5
-0.63210235727185538,0.77475075782011615,-0.01441780803455163,-0.75242882815706613,-0.61812473586132655,-0.22753608389561195,-0.18519575721260326,-0.13297772059079166,0.97366290744637551,19.105048765592404,8.5323533482131282,1.9654484787301509,0.268898809996984,0.2679889909023997,0.7678571428571429,True,4
0.90117887055049484,-0.42284008708563764,-0.095304270768650584,0.40311831447709412,0.898412772890822,-0.17421284120227701,0.15928674711500834,0.11857803447533366,0.98008519116119952,7.0582729369426911,-7.3528427122681626,-3.5622876331393587,,0.3941452893131673,0.5170068027210885,False,5
-0.59767545708197378,-0.79679042815083467,-0.088932905097411502,0.79310529913306171,-0.57135692093452495,-0.21103377309633942,0.11733725959349892,-0.19666286509514272,0.97342471974141842,-1.0058715339391744,14.38791435858438,1.829631105641832,0.3353699704107432,0.3093525080185521,0.9928057553956835,True,4
-0.97602973640163893,-0.2011179392751653,-0.083171678842379984,0.21533858559610675,-0.94781580154900447,-0.23510529531996538,-0.031547538940736128,-0.24737983110134676,0.96840485952469968,3.0899624804976167,7.5734920710436509,0.31897665673588788,0.234262853078329,0.2265418706739381,0.918552036199095,True,5
-0.95211077362680474,0.30541236791641418,0.01443468972495373,-0.28673302285605085,-0.87549511121245338,-0.38896334511997988,-0.1061567159797169,-0.3744750936534792,0.9211401391132723,5.5454708224382445,-9.9061299153264173,-4.4373317592397727,0.5080547268116774,0.2908325700776327,0.3809523809523809,True,5
-0.89431129986011537,-0.43915522374454996,-0.085732073347060039,0.44689371277860995,-0.86714891182356124,-0.21986080642570974,0.022210547527258893,-0.23493712814514536,0.97175677893053625,18.913702922910382,-8.8210943380702123,-2.5506648497416085,0.2495540861291992,0.2307128624168496,0.9887640449438202,True,5
0.41455544931810762,0.90437535892312571,0.10123729358952335,-0.89784485965841232,0.42460810310339869,-0.11654426954552964,-0.14838594079504114,-0.04258132162818528,0.98801237017699794,-11.221034851789309,-2.0345748879133785,-3.5630817957179151,,0.1656756162879484,0.2,False,3
-0.50586671344584788,0.86167897709344099,0.040102477014478312,-0.83506853811090609,-0.47753093906093869,-0.27317528968940624,-0.21623923067937853,-0.17167860284490399,0.96112801043378759,-5.8330804937192839,8.0002118793716814,-0.44016624734015702,,0.121344207763251,0.1818181818181818,False,5
-0.98894131555391152,0.12971354928466047,-0.071899023098195763,-0.11085999725346017,-0.96858622769626834,-0.22260004610528622,-0.098514645608974022,-0.21216765693453066,0.97225498196278182,-4.9192122824135707,-8.7567447349111358,-5.131283287245644,0.332434977978507,0.3088121111368121,0.991869918699187,True,5
-0.99063706087952019,0.1159095729941549,-0.072133102666512044,-0.095596149998460306,-0.96614817929860808,-0.23962276966819196,-0.09746583872032713,-0.23048354936154578,0.96818270164067999,11.427994778695364,-13.31145769034241,-4.6693289539272778,0.2709630098527709,0.2487001436589114,0.9636363636363636,True,5
-0.15757124201127123,0.98713276658361337,0.027206705570641226,-0.96688149741874696,-0.14861991367745137,-0.2074904605223786,-0.20077717410180695,-0.059000189791974314,0.97785863189123834,-4.6638100075598414,8.6436535829865555,-0.072406321909532834,,0.3236844350148443,0.1111111111111111,False,7
-0.88844687519315035,0.45489145809741099,-0.061122101645292873,-0.43084068487536104,-0.87246146234357613,-0.23062372163643061,-0.15823543919001237,-0.17856303669942239,0.97112140729623686,4.1920569880968772,-8.5101112614852461,-4.1712994171680879,0.1810796488734307,0.2364338169794067,0.967741935483871,True,5
-0.14009138473407465,0.98903283041884549,-0.046781024753390472,-0.9676174913482104,-0.14677169270827095,-0.20536421464448254,-0.20997808066625848,0.016496380610202983,0.97756691590216882,0.83477997216625677,-7.8908745547499555,-4.3818301387550083,0.3111183875871505,0.2657684802082989,0.9737609329446064,True,5
-0.93304352417581859,0.35525298969105207,-0.056789922601966324,-0.33147409816535534,-0.91025384378960406,-0.24811864523190166,-0.1398381358536806,-0.21268110678153612,0.9670636186824253,7.824572616811297,-5.3620599052482927,-2.9374958061630467,,0.07564650413981623,0.2477064220183486,False,5
-0.83733009554322002,0.54388884444156771,-0.055346508377665422,-0.51890775781128462,-0.82255011193754879,-0.23269304294454479,-0.17208442689810172,-0.16612115531606039,0.97097410458549804,16.650976116134629,2.4068505686379118,0.094056480961312999,0.2648306006491938,0.2627062555387114,0.9565217391304348,True,5
-0.96843016892225342,0.23891794046341369,-0.071142291542625066,-0.21731558547482249,-0.94894710546415295,-0.22863360938615393,-0.12213494271071747,-0.20595535622053157,0.97090959775517871,1.5229196631424236,5.1092083110622664,-0.45731659462998903,,0.2985640491810244,0.9927667269439421,False,5
-0.97333890787942978,-0.20983016170459881,-0.092642720421528296,0.22716181805400362,-0.93776660994340488,-0.26266193803757321,-0.03176285293356397,-0.27670397271140901,0.96043012898349078,25.751318821389752,-3.1240682621585791,-0.50990240787667651,0.2385141387265504,0.2131860167857162,0.4,True,5
-0.99110365687706825,0.11201261345396622,-0.071879870284494191,-0.092780187107451326,-0.96869529243142627,-0.23026347365898148,-0.095422105432702103,-0.22154594297437824,0.97046999796304079,4.213377999217415,-3.7456656140666857,-2.883613709794774,0.307572501149331,0.2660428773097984,0.9516441005802708,True,5
-0.67241531239234054,0.73261309105898764,0.1055258568754989,-0.71977172005029433,-0.61395825813983207,-0.32401223476551883,-0.17258713357650241,-0.29382531557185548,0.94014911862584194,-10.094532185693195,-3.6145772285097957,-4.0343722643079465,,0.3105002007102752,0.618421052631579,False,6
-0.95149148010376483,0.30460827802089435,-0.043333131101889771,-0.27817267397416562,-0.91186049129211555,-0.30187813414450043,-0.13146834882971167,-0.27518037971782761,0.95236118771941869,-12.20592546244929,17.458557151870536,1.4935584447417101,,0.2191344708441856,0.4482758620689655,False,1
-0.96377191056174349,-0.24747818709399466,-0.099489955899265237,0.26559939434828028,-0.92470769515380391,-0.27271347646415839,-0.024508491059112465,-0.28925806027837869,0.95693735867610252,-18.377388774119982,-8.5952672327746331,-5.9224526358442429,,0.2706418380505133,0.6,False,2
-0.29831889146779605,0.95264300183333006,0.058967364290839007,-0.93003381709235,-0.27623821254660924,-0.2423418019939784,-0.21457618241095583,-0.12713678062243577,0.96839728466931563,-3.5852874537634816,-16.836250919542806,-7.7143585011287863,,0.1707014959799075,0.2333333333333333,False,1
-0.97214491876477449,-0.21304324062280347,-0.097707904208238411,0.23252496515878043,-0.92900112992991446,-0.28790456954840388,-0.029434630925832053,-0.30260449139739815,0.95266160009123058,15.41414101706737,21.494021532143968,4.9069930850557766,0.3485750294439389,0.2901574181807575,0.868421052631579,True,3
0.89088049618407095,-0.43877228055317047,-0.11751947641558801,0.4261761511607185,0.896910929668157,-0.11800284921830903,0.15718088210930947,0.055042438717523144,0.98603473581784495,-23.0465522336265,-0.26928980753572684,-3.9908456532539529,,0.09147825858666495,0.6153846153846154,False,1
-0.7292016117335669,0.68326011472320636,-0.037691180315837063,-0.65672748196476738,-0.71423595376108173,-0.24202482679926746,-0.19228630704599434,-0.15173205984046334,0.96953770330977074,27.776165426651996,-9.1917411340636619,-1.9843588411626327,0.3582004066473669,0.2957050665554432,0.9661016949152542,True,2
-0.7379905423268458,-0.66652330522689052,-0.1054354922478655,0.67002530280910977,-0.70518216129068856,-0.23191423628780133,0.080225014999617927,-0.2417949606315544,0.96700524506410834,-15.441825514860687,9.7659912412000622,-0.74553893847717823,,0.1012424974340853,0.3076923076923077,False,1
0.82598688254075492,0.56210595597968382,0.042220423052954821,-0.56359337903808471,0.82490848231383662,0.043456862646947314,-0.01040062378122094,-0.059689949395586007,0.99816278079585441,-13.387673558551933,2.9918071437949161,-2.2339131768696037,,0.3626118934135869,0.2307692307692308,False,3
-0.46228665318676909,-0.87441345467108589,-0.14728258748254508,0.87668763026351526,-0.42577494180291897,-0.22390734216560068,0.1330783574752798,-0.2326301984328315,0.96341753230299054,-15.091995361019489,1.109788416912227,-3.0040445649435421,,0.125555499179076,0.1,False,4
0.93936683630950046,0.34009179385485727,-0.043903514602668538,-0.3428953991009342,0.93025562156186536,-0.13056501762708017,-0.003562599794028877,0.13770276070266013,0.99046719157051066,-14.047346756618142,2.6577974609921093,-2.3745964123531405,,0.1837890779205887,0.75,False,4
0.85085160292477402,0.52522745684452643,-0.01369921081577255,-0.52169414714700157,0.8476470631887133,0.09659023294367422,0.062343938221019066,-0.075037156423880938,0.9952299525852869,-4.302786446257711,10.672944687472761,0.40368179729688142,,0.3577489564687174,0.2238805970149254,False,4
-0.952456425608874,0.30338609085702051,-0.027993520515701607,-0.28241196891521647,-0.91360187352789679,-0.29253221446491506,-0.11432513778604476,-0.27071848211899374,0.95584583815037327,21.636918277666304,-11.749770925218018,-3.0848193294083006,0.2123356105780005,0.3075140653036039,0.875,True,3
-0.89447692948566049,0.44661351205642852,-0.021151677629160877,-0.42173327638777269,-0.85846858455783481,-0.29184367890105617,-0.14849938116079858,-0.25212707148557162,0.95623212329380036,-8.2285641726727263,20.111391514068114,2.5519070790055252,,0.3277236770421385,0.2,False,3
-0.91683619192983612,-0.37874158128168284,-0.12635747613753562,0.39923103563004592,-0.86560033482447452,-0.30224268484368472,0.0050967987362920478,-0.32755285826872055,0.94481910844490924,-19.508808259271518,-2.2446457815483618,-4.3221812895090848,,0.2327862068790668,0.2666666666666667,False,3
-0.91397846710834441,0.40559258596259806,-0.011748015766738014,-0.36768612443007892,-0.84010915609825521,-0.39877753164072322,-0.17161082589356583,-0.36015449469922189,0.91697244472452843,-13.401791300826275,-7.1909613676811599,-5.3509612734007463,,0.3418955656805068,0.4473684210526316,False,3
-0.55810604195562052,-0.82046552160760999,-0.12391115279015125,0.82180530328631896,-0.52591084251338471,-0.21921183639882136,0.11468953493284778,-0.22417429286163681,0.9677769355574003,-13.614493621188279,-18.127967422618063,-8.4814573921197383,,0.196134436738285,0.7619047619047619,False,3
0.69185806268918093,0.72187121646993546,0.015309079795641563,-0.71428027473578348,0.68737382460189766,-0.13160894489180219,-0.10552776987763568,0.080119735923026486,0.99118349345632129,-12.959101358885475,-0.77471833135282697,-3.3348982200228794,,0.1815151631660383,0.4285714285714285,False,3
-0.99686272512392482,-0.01591730361670779,-0.077532874989106368,0.033915843613226096,-0.9709844983027176,-0.23672519850624965,-0.071515192864915367,-0.23861211935145638,0.9684781018113422,19.742040629501357,-15.563854153683966,-4.4160094474559273,0.2068701509149749,0.2171463118075706,0.8780487804878049,True,3
-0.98118579020418861,-0.17207344249006237,-0.087550987949887721,0.1928478060020084,-0.89506039028427486,-0.40209031505915815,-0.0091743567400572809,-0.41140931945421527,0.91140452217696699,-16.287102087560065,-10.74523079481245,-6.491150411397359,,0.2817798012020208,0.1666666666666667,False,2
-0.38683035053714337,0.90522136069518777,0.17588794172558778,-0.89682043146468637,-0.3248995754767236,-0.30025552378355747,-0.21465179619748004,-0.27388784930368432,0.93750202794073878,-17.894327253300961,-4.2844246838019719,-4.7399972532455008,,0.204966802544895,0.1111111111111111,False,1
-0.85781774153397494,0.51208950751207538,-0.043738525416278602,-0.48609145975992135,-0.83601021914511997,-0.25456238181121105,-0.16692457895115148,-0.19710720377745719,0.96606673432067414,-16.338604990394725,-11.723487703620142,-6.7041557828117382,,0.1253660841992831,0.2857142857142857,False,1
-0.12116100300313969,0.9922296873318619,0.028288848131197836,-0.97037051440124678,-0.11239371149506766,-0.21388950043661431,-0.20904802350640417,-0.053365730517629842,0.97644816691639447,-18.374340492189543,6.7629784698939224,-1.6647198975866284,,0.07149143668379451,0.5,False,1
-0.94282076469372944,0.32646504836550849,-0.067153390517800948,-0.30422385421144232,-0.92522606339743896,-0.22672577740259686,-0.13615010903802233,-0.19333210753980526,0.97164079988602281,-22.615679321434062,18.306868550746216,0.87266202346461264,,0.3527690185672233,0.8888888888888888,False,1
-0.72509631832149957,-0.65652928483253514,-0.20785722819735475,0.68350471296158755,-0.64929694633383972,-0.33351878933704648,0.084003788699705512,-0.38390464133536017,0.91954368566439737,4.6124642773390514,-21.286168291462396,-7.8509095856302356,,0.2176456748488084,0.2608695652173913,False,1
-0.0278210282383889,-0.85432567197784359,-0.51899290610504956,0.97954182674478185,0.080219722432682578,-0.18456057485367511,0.19930830400476143,-0.51350992427842068,0.83461593420106472,-11.987424242456013,-12.000231534200237,-6.8314417846088613,,0.2377346728085546,0.3333333333333333,False,1
0.48440427203193537,0.8717019907951189,0.074081984861625996,-0.86359725342595517,0.48999397325574889,-0.11876737787874189,-0.13982948584743576,-0.006445573432349673,0.99015461897158796,-23.520059713320101,-14.097478357828573,-7.5924923871058363,,0.201893287406319,0.36,False,1
-0.81588885812392387,-0.56745905076246639,-0.11097565902936002,0.57561303531071784,-0.77895979593053555,-0.24877956086511802,0.054726636746856079,-0.26685550777830946,0.96218144505013115,19.396145905128616,15.793183495958527,3.7463769716654558,,0.1321614091842984,0.48,False,1
0.055125097637152606,-0.95590769625727456,-0.28844704860096271,0.97714776199092956,0.11104268845373996,-0.18125057952206552,0.20528875966943094,-0.27186393210037502,0.94018430511060469,-18.259942611563343,10.181185750516491,-0.84334048611202694,,0.2983633230930095,0.3181818181818182,False,1
-0.88749093878581908,-0.43962498650691223,-0.13816549790690619,0.46012547389319214,-0.82886077867556629,-0.3182363238976656,0.025384677418305038,-0.34600531905179116,0.93788908584130404,-20.605339422789264,-13.51305818490947,-7.3920661765688473,,0.1585572012381951,0.4090909090909091,False,1
-0.15387298467620289,0.9787348921416883,0.13565071135543499,-0.96539141507199555,-0.11965701232400217,-0.23173608934946707,-0.21057663757437026,-0.16661395591633982,0.96327424412873253,32.182330060183887,-13.520029980385697,-2.68219480175605,,0.2570791615217998,0.5185185185185185,False,1
