axis_00,axis_01,axis_02,axis_10,axis_11,axis_12,axis_20,axis_21,axis_22,location_x,location_y,location_z,dbh,dbh_approximation,score,reconstructed,number_clusters
-0.16681216228330054,0.96051195956086688,0.22268919608933485,-0.96872149146667696,-0.11757304112379489,-0.21852975076972941,-0.18371819312454443,-0.25217723041830498,0.95008119125346668,-18.487459776848695,7.4271080507652876,-0.6395621523088888,,0.2539197416187524,0.1470588235294118,False,2
0.22274293597834677,0.97487166476794629,0.0032896358945294175,-0.96049540607398831,0.22003316683816826,-0.17039360434573414,-0.16683572573795449,0.034794291539550014,0.98537058911546083,-14.261664628418945,1.6119211871485988,-1.5826743233086653,0.2185437410606186,0.1998790431114598,0.8933333333333333,True,5
-0.99825538858618623,0.051572258591948521,0.028748587832609002,-0.057423986364958567,-0.96128028544085342,-0.26952309476686753,0.013735535977932643,-0.27070374021516214,0.96256470955719242,-26.782106971354587,-6.1756108562881051,-2.8978047947759635,,0.2514764509939539,0.5238095238095238,False,2
-0.92470961512143157,-0.37035663853004841,-0.088023224200756395,0.37883344943935043,-0.87259484984277036,-0.30832360534632453,0.037381081951394557,-0.3184559440873978,0.94720033065215259,-22.226037985296497,-10.765707019336872,-3.6367843528384531,,0.1671065823661213,0.4285714285714285,False,2
0.89084921914144899,0.42537062221831962,0.15952273351679602,-0.45110018958945408,0.86984585399089764,0.19969178562776368,-0.053817169262510775,-0.24985600662870941,0.96678626812968582,11.684312109675906,14.14513508811075,0.013812107166467346,,0.4190240791062487,0.2168674698795181,False,1
0.99557006552139449,-0.089777464280377972,-0.027932983104412445,0.08489423323713137,0.98602278245684383,-0.14335983272570599,0.04041303998470578,0.14035340887719244,0.98927635512820455,11.896127407078289,14.621563774955549,0.11769242838281903,,0.2473888374213269,0.7297297297297297,False,5
0.85378032215375266,0.52045362357262026,-0.013681637810034484,-0.51642570287988199,0.84325340689559769,-0.14909119747318508,-0.066057966272477037,0.13435668003153961,0.98872879376644429,-2.0587431542885062,11.395677385973215,-0.21727430987116766,0.2106813310488877,0.2167586810361871,0.975609756097561,True,5
0.49843894360794561,0.8662294645373656,0.034715043746251027,-0.8557002919512785,0.498013733804957,-0.14056788856684915,-0.13905261539968267,0.040358836813691241,0.98946224508141489,-23.301357132002725,-8.2231759971214551,-3.2511236689665872,0.3186133327447375,0.2922387014265408,0.98,True,4
-0.2822470759391571,0.9588844598216939,0.029617238835792294,-0.94278247165568274,-0.27153163080880455,-0.19347295575639115,-0.17747619350943683,-0.082529789668772169,0.98065846988369565,-18.36026442033079,1.0661623145231298,-1.6545266260295639,0.2521922251520766,0.2295445999110934,0.9047619047619048,True,5
0.99045277046671787,-0.13372065412677964,-0.033497703424411739,0.1269070322997147,0.97937319127613054,-0.15723472060104118,0.053832282393400113,0.15148247050241342,0.98699298199268026,-18.106050774218467,7.851285422021955,-0.61946663646152733,0.3981845755331448,0.2558961827497892,0.9264705882352942,True,5
0.054642327885108102,0.99815924965929848,0.026312132617563103,-0.9814394954603467,0.058540976926564459,-0.1826183746807134,-0.18382255779375486,-0.015845073053517782,0.98283172563063514,4.9505385632995758,-13.918990574149927,-4.2349438782271633,,0.2466148379315667,0.9669421487603306,False,7
-0.029139877151655311,0.99955727535288941,-0.006010062287159894,-0.98441058352196575,-0.029740633319352113,-0.17335310144242416,-0.17345509681047133,0.00086488084321573264,0.98484139909510193,-17.635537315905193,-13.555630861850464,-4.1738992139438951,0.2228245378059881,0.2550035817509838,0.8088235294117647,True,5
0.92964740908850174,0.36779998835296335,-0.021882946387459544,-0.36656962407624921,0.91727600111713303,-0.1556645382839606,-0.037180713812860623,0.15273475813357357,0.98756756132339873,2.7444544903956412,-14.944860259996041,-4.3537339449986279,0.3342704808887967,0.3059973139999246,0.9818181818181818,True,5
0.33207858126015333,0.94324778107532969,0.0027275198829486112,-0.93005244785199226,0.32791236150019504,-0.16575864206696278,-0.15724585880957873,0.052508158145505204,0.98616257950472141,-4.4355247237342006,4.6893044973689069,-1.2241605625829104,0.2700663734897519,0.2553675990672383,0.9827089337175793,True,5
-0.66114331108444757,0.73550055279009519,0.14808260888354829,-0.73278309195628122,-0.59068648328440443,-0.33781417763038862,-0.16099211891047915,-0.33185601593246394,0.92949078658055928,-15.888442267381869,-13.58174217410404,-4.1928453129702152,,0.4867090427629541,0.7073170731707317,False,3
-0.47566980628596012,0.87956504308858541,-0.010176952611319534,-0.86324266277574191,-0.46900259006554812,-0.18667799997764895,-0.16896846022771486,-0.080011908416080676,0.98236844104434307,7.5508173847281572,6.7340721961583281,-1.0851388435048563,0.2544115349769254,0.2290692815324313,0.949685534591195,True,5
0.99400422389130305,0.10573163059839855,-0.027864406996249744,-0.10881951081483011,0.98147129102993003,-0.15770992026522579,0.010673188477206885,0.15979651803167222,0.98709227323117255,-7.1097289726172894,-0.30424370662619277,-2.0100848641996705,0.3134292224655607,0.2905263657419666,0.9812206572769953,True,5
0.68691724947879262,0.72662352595526014,0.012764947976280971,-0.71926638835244738,0.6822641829389593,-0.13103986899055586,-0.10392571844792863,0.080832148350647365,0.99129491516808566,-11.36169044799416,7.4322356573561139,-0.71454695958743797,,0.2075664463694932,0.7076923076923077,False,5
-0.18377991655951154,0.98293820924136055,-0.0075775380413847498,-0.96639773908154702,-0.18208607041929428,-0.1814388956572878,-0.17972298730951283,-0.026021909473547603,0.98337302589602138,1.0355969298529155,2.085945932429548,-1.7303001697758784,,0.2955341816750655,0.986863711001642,False,3
0.18587506731588252,0.9825524398352482,0.0064157871003535866,-0.9677619369376429,0.18419872424008601,-0.17177794795324158,-0.16996262167023093,0.025720283087975197,0.98511480258539241,-3.0741248199804341,21.294591735552558,1.2406498389824476,0.1935666719697761,0.2414271876826238,0.88,True,5
0.6353639013919441,0.77218200733107556,-0.0069036484673274945,-0.76299081067477281,0.62637352698850868,-0.15969103767535209,-0.11898628338536697,0.10672934105543942,0.98714290359806078,-3.7266149995892159,10.838688516206735,-0.29314764664377202,0.2065943797926817,0.1386493108871644,0.6829268292682927,True,5
-0.5309447788006465,0.84733314120001657,0.011144042733498939,-0.83107392945779301,-0.51809711340289,-0.20221648018689398,-0.16557102898730744,-0.11662730772725027,0.97927744048986332,-14.871716326249988,-23.1542091994232,-5.73814322489803,0.2881681127005975,0.2250363937864104,0.8148148148148148,True,2
0.32803599233837433,-0.93371814932606856,-0.14339736869858641,0.92838323556611668,0.34670786394385145,-0.1337842479489969,0.17463377580057318,-0.089241664588868716,0.98058093477848196,-7.5783211129453436,27.253778814607344,2.3522266333554294,,0.277529689390436,0.2222222222222222,False,3
0.79147789408953961,0.6110498597113837,0.01344663951652931,-0.60661381036419049,0.78804111712348346,-0.10493275369593559,-0.074715649251193159,0.074895037682559881,0.99438840755888858,-16.674924797459589,-24.067265171251545,-5.9152640607934579,,0.2115186741637191,0.7419354838709677,False,2
-0.61891082536712194,0.78530026030924183,0.015902559593548096,-0.76898298464662329,-0.60167707906313161,-0.21598579086141412,-0.16004549218069244,-0.14590474182937574,0.97626699562381203,-12.853280144284085,-17.329693085057926,-4.7607101501608184,0.1598758791102014,0.142500700168156,0.44,True,5
0.062160546946101312,0.99801992634701131,0.0096069255054476027,-0.98270640255893271,0.062883281441312749,-0.17416606812135543,-0.17442532147896855,0.0013854708507653165,0.9846694306707604,0.032409782910918471,-8.4636265673288591,-3.2449901951084015,0.2643278443260065,0.2594074794875209,0.9507186858316222,True,5
0.92983490311868056,0.36574546060006685,0.040463699691468236,-0.36641939761972242,0.93039099726045349,0.010460270775704578,-0.033821265355931142,-0.024553009329735524,0.99912625415538947,-11.369090020861254,7.0807804150500031,-0.75914586868149159,,0.1589943193451417,0.4423076923076923,False,5
0.46382241285520548,0.88591764302174703,-0.0043242474453974392,-0.87453736109143598,0.45707315651336616,-0.1620757034540854,-0.14160922776572216,0.07895605979088284,0.98676885197795738,-1.4310339263551746,-10.352607359409902,-3.5549553298005687,0.2443351717500672,0.2210689499707357,0.9169054441260746,True,5
0.77597475606362265,0.63062489913587116,-0.013244415497660126,-0.62423777705121941,0.76476417383307671,-0.15957116319549991,-0.09050069421918569,0.13209085892401862,0.98709757842604462,-4.2384373928536849,-9.7404620462330076,-3.4691553354879923,0.3268039884024465,0.2997990610682627,0.97265625,True,5
0.13725717485496544,0.99029471854375095,0.021836629208451676,-0.97576185781842684,0.13897042347667926,-0.16904442678019685,-0.17043844864808644,0.0018952105598959218,0.98536650206883325,-8.1125893015909618,-20.744499094937044,-5.3582681820522104,0.2735686988698479,0.2658635207380263,0.9838709677419355,True,4
-0.85362896895562534,0.52077462262207219,0.010553473011101931,-0.50630435403833474,-0.82480962319494699,-0.25168429940470272,-0.12236618994469955,-0.22018827833890203,0.96775184713880535,-8.3082645155839767,22.660124970736554,1.5056497552013177,,0.2241449529683193,0.3076923076923077,False,2
0.1055343828816053,0.99438761567513589,0.0074675177748733451,-0.97937984597025285,0.10523667914230386,-0.17245393202355486,-0.17227191105076839,0.010886282883476579,0.98498927786443347,-4.3430512045943104,1.9536938888149891,-1.6371209320727005,0.2687246458891205,0.2423960519057792,0.9375,True,5
-0.12559951947126169,0.99205720795321839,0.0068743622725272362,-0.97564555391897267,-0.12225972580047,-0.18212169712951654,-0.17983468471551745,-0.029581338631977455,0.98325196698405393,-3.1414408374489788,-8.6669746613290588,-3.2747593937717778,0.1038398271091797,0.08278065123461824,0.4113475177304964,True,5
-0.26311371312470583,0.96432783034355107,0.029034627440890005,-0.94720439305059501,-0.2524917076751152,-0.19761522041826507,-0.18323485408454693,-0.079497001076805227,0.97984958798195676,-7.7284046542683624,9.2321508648695385,-0.48077194349593111,0.2454608960658959,0.1849300048033941,0.52,True,5
0.17692917521635529,0.98420752982567228,0.005621849491857356,-0.9696553096174938,0.1752866016810673,-0.17042062023624113,-0.16871469256665994,0.024701123568607954,0.98535537092288972,-16.087741047571726,-16.245055581284721,-4.5992265661763145,0.2804985065765699,0.2544135493418553,0.9666666666666667,True,5
0.83331984053082653,0.55264396704900109,0.012754962250848337,-0.54725491077092936,0.82801185598601856,-0.12210007773826634,-0.078039131304623505,0.094768201581179046,0.9924358326633963,8.9222504737739037,18.477082864011681,0.82595967106420376,0.161262568063544,0.1550464208987032,0.5384615384615384,True,4
0.73757734212563486,0.67365865551750581,0.046515376266690653,-0.66960890210090962,0.73855977180980259,-0.078443493621000476,-0.08719852412799331,0.026711033499277267,0.99583278620424098,0.047348999210497462,24.870584202173234,1.890269295117615,0.2642132229171622,0.3375319507813598,0.7209302325581395,True,5
0.7574463192909674,0.65286354451874695,-0.0066532421408408825,-0.64628939396727758,0.7482950280513897,-0.1495478861066899,-0.092655774984486197,0.11757441572037859,0.98873209927160577,-7.8799903450430113,11.65414704210804,-0.089676190965047212,0.2855324261755813,0.2613851782736992,0.9256198347107438,True,5
-0.058734498465879255,0.99820355939245431,0.011828470154514676,-0.98200838317530559,-0.05564324412646398,-0.18045322041045578,-0.1794708724650978,-0.022214486249233223,0.9835124414756018,0.64215015157484012,9.8687866786118636,-0.49077875889787054,0.2515742644042229,0.2073465682810161,0.92,True,5
-0.43440144346045723,-0.88908834045360452,-0.14428204596874408,0.88872693433582917,-0.39703062098228969,-0.22919668886887634,0.14649171343632469,-0.22779071287450031,0.96262743001777007,-27.444151657385337,-10.74713747796206,-3.5967054409585852,,0.2322041780451071,0.4347826086956522,False,1
-0.98643794281291397,-0.13810069952621212,-0.08870389940356288,0.16413395636617989,-0.83154897756388158,-0.53064709768361906,-0.00047890146330003408,-0.53800975335288692,0.84293847696647128,-11.775585213276607,8.587921959307474,-0.57239591575496351,,0.4899512251529872,0.4126984126984127,False,3
-0.95724610969839952,0.28881030342725206,-0.016385789622095605,-0.27927491263010445,-0.93743635823500338,-0.20789083056869792,-0.075401648806431257,-0.19442654883876903,0.97801477926661129,-18.645895423243097,-12.023680360177861,-3.8441127705499447,,0.1934150732678195,0.8611111111111112,False,4
0.92758652606553837,0.37352658123108523,-0.007818553285905399,-0.37255560857225767,0.92320017876878502,-0.094359675935424367,-0.028027757366971003,0.090439609879195318,0.9955074694756828,12.850991458310421,22.026245748036466,1.4208430880030125,,0.2468003375350517,0.4285714285714285,False,2
-0.9967247955688131,-0.064570909097103724,-0.048685517319647272,0.080243726297254861,-0.86438723137473883,-0.49638257284703868,-0.010031265535284186,-0.49866352577132395,0.86673759684063167,-11.434517942498188,-0.74502390929928763,-2.0139854204219598,0.5375790525332671,0.2714228352659211,0.29,True,3
-0.8640806363116299,0.49696745847262658,0.079924959621809441,-0.49013294984508743,-0.79455856898156629,-0.35839415722653706,-0.11460517190529661,-0.34885530765236328,0.93014280027065377,1.7341166761384608,18.133119219488503,0.83233394660658666,,0.2110459958202333,0.4090909090909091,False,1
-0.79356495502572244,0.60503465735176309,0.064712638319401813,-0.58119794523025925,-0.72218770629726425,-0.3750384851361529,-0.1801766095117433,-0.33522825101165149,0.92474775431385692,-11.964235658223469,-2.0100223719657979,-2.2419995222814522,,0.2968469100200337,0.2602739726027397,False,3
-0.71322971549022518,-0.69320017940470113,-0.10381177300780521,0.69334831256647722,-0.67600862220771307,-0.24956053406348025,0.10281775334519118,-0.24997170634718038,0.96277861194717451,-20.286089487487722,14.947257307787369,0.50025329857657008,,0.1022256814175927,0.6363636363636364,False,1
-0.088442909244481296,-0.94675890940278118,-0.3095568110554654,0.97342553625637152,-0.01624651495434562,-0.22842674124505213,0.21123583305956464,-0.32153323034842746,0.92303618813854593,-13.594643306320418,26.652522715038781,2.2037916685568493,,0.3331163721368696,0.4375,False,2
0.95931188844692994,-0.2732341418765642,-0.071160413133731878,0.27131001591641235,0.96183273342308928,-0.035618368566022768,0.078176569046114003,0.014862591592538789,0.99682873525161397,-11.038379382574806,9.1857454857041727,-0.46934932684342606,,0.388978135195963,0.3478260869565217,False,1
0.015090848674402369,0.99868186093567524,0.049059218545989401,-0.98421780675406589,0.023488412212890261,-0.17539556254345123,-0.17631668994880395,-0.045638088585897192,0.98327493088948592,-16.102018170463332,10.872861121444267,-0.14237822597963382,,0.1941549743361594,0.4615384615384616,True,2
0.39587831090991044,-0.84455266985457544,-0.3605705905819625,0.90161946458538711,0.43197564941516892,-0.021894734369328706,0.17424897139402751,-0.31642981236579476,0.93247491645312996,-8.2781844639218107,8.3713775968177302,-0.60755902251031535,,0.3470273895921815,0.1923076923076923,False,1
-0.80322041468386352,0.5955576844991366,-0.012165930671739201,-0.58150831362815802,-0.78837382629083996,-0.20078543572898053,-0.12917061049796993,-0.15420037112007179,0.97955969646061614,3.4082877438364481,20.903920106483781,1.2772563923495921,,0.3497587974975465,0.8876404494382022,False,1
-0.28213611683583423,0.95921362002573907,0.017562537798196526,-0.94268884800836628,-0.27378338820496867,-0.19073644691999991,-0.17814866661711232,-0.070369648998158271,0.98148416445830666,-21.924359360143487,9.7749197538182493,-0.25730264061791008,,0.2161505436286964,0.7666666666666667,False,1
-0.96299852350994264,-0.26460255797972299,-0.051179390659325245,0.26884764061109906,-0.92989106937381227,-0.25104490681285491,0.018835866200362553,-0.25551533302214346,0.96662150024457172,7.4719825628643246,23.926277658538552,1.7302145082666074,,0.1325520358555604,0.2941176470588235,False,1
-0.011798774399577595,0.99814389396227543,0.059745760255384826,-0.98408448697944839,-0.00099611224425179626,-0.1776984249980636,-0.17730908439519799,-0.060891499457829942,0.98226967472518123,-15.053958337340214,-19.753660817119744,-5.1308374566705579,,0.1949152000407864,0.1904761904761905,False,1
0.020481646253181794,0.99974848264651639,0.0091363894809191829,-0.98411868059327734,0.021771418804894971,-0.17617158633153226,-0.17632618828213295,-0.0053830074502441644,0.98431707216561271,3.8223060484380471,27.165523701857438,2.2388720891042273,,0.300347658633721,0.851063829787234,False,1
