axis_00,axis_01,axis_02,axis_10,axis_11,axis_12,axis_20,axis_21,axis_22,location_x,location_y,location_z,dbh,dbh_approximation,score,reconstructed,number_clusters
-0.97885986557189297,-0.19521408068912011,-0.06103135483732209,0.20443152790335664,-0.94316079090430949,-0.26202189393227893,-0.0064120177539182532,-0.26895944899084878,0.96313015778079769,1.8459032115742287,21.738629511624382,2.5914487730389282,,0.1222740925897617,0.36,False,1
0.41578067635459426,0.90911801224814881,-0.025117105249006937,-0.89616928475182223,0.40484095020817246,-0.18161612841911987,-0.15494206090510823,0.098021654957043347,0.98304868288501313,9.8379816504764861,12.149231622687786,0.45782797239909168,0.2199595992825293,0.212044146802305,0.9090909090909091,True,5
-0.79590920899511419,0.60488974712086285,-0.025237370402457986,-0.58639075538624974,-0.78059583161992074,-0.21637012190953894,-0.1505802544635779,-0.15741201188493764,0.9759851666290944,8.7153214889713713,21.172742977866719,2.4171835578489884,0.2990623489246321,0.2700899850294836,0.813953488372093,True,5
-0.56496906821073178,0.824469976542058,0.032545502697534645,-0.80539036712229961,-0.542463783733933,-0.23891295461668005,-0.17932180155158048,-0.16119026371900588,0.97049543552275019,20.504146065644051,-20.425545118706655,-6.5875151154403691,,0.2178762215474958,0.8292682926829268,False,2
-0.76624931356335058,0.6421632442527988,-0.022098805271204388,-0.62436274814259296,-0.75225141396325013,-0.21044944505063382,-0.15176675589707814,-0.14745907202003899,0.97735493751424074,17.089969127638906,-7.8620199816422707,-3.6756647438486896,0.2986321858458232,0.2855912319866943,0.9285714285714286,True,5
-0.40585895830903118,0.91390704164765624,-0.0072405239545898954,-0.89370314732202027,-0.39851941113036654,-0.20609940179200162,-0.19124118391973838,-0.077176409472938801,0.97850427254756622,-7.4657570098017452,9.2692254216413197,-0.2381458594408988,0.1187149144832716,0.1273482160296986,0.6666666666666666,True,5
-0.82134957793442587,0.57022086246777326,-0.015265609501433072,-0.5527761644984277,-0.80225737933760566,-0.22543648609035066,-0.1407955354027548,-0.17672369763239659,0.97413826118564184,-9.6496363306387316,10.527253977139328,-0.095480617217240965,0.2389147495471348,0.2071784242620108,0.3571428571428572,True,5
-0.40650714211528055,0.91321821119526592,-0.028007894433292123,-0.89377063272915946,-0.40383600032538758,-0.19516798126770793,-0.18954155080136378,-0.054304544768489553,0.98036983681532264,-3.3390933850701385,-5.5844320102989391,-3.2862393201763536,0.2439753880450632,0.2159903558180042,0.9957983193277311,True,5
0.3356053526197928,0.94149957072347212,-0.030783203544503434,-0.92787515558008471,0.32475730285038973,-0.18324952906508085,-0.1625322827938446,0.090062492597406951,0.98258434980258258,-5.2107883655342251,-22.082149670418104,-7.0168372914296748,,0.3111660609742428,0.971830985915493,True,4
-0.083064970817956038,0.9965431242765489,0.0014184781095193839,-0.98022364131757866,-0.081447974403564022,-0.18035476280836973,-0.17961576663845252,-0.016371588887198984,0.98360060362536872,0.55401178432310072,22.224586941830527,2.6595465613867688,0.1899019677817586,0.1918698817492603,0.6111111111111112,True,4
-0.83429651199180299,0.55039125448307036,-0.031918600640743859,-0.53302305559833063,-0.82005112732139096,-0.20833283653695789,-0.140839455689556,-0.1567980088121903,0.97753702341834703,6.5246490421718342,-19.799436554283869,-6.6321835951892449,0.2620686585531112,0.2459921710914774,0.9814814814814815,True,5
0.04067620289268236,0.99892824069111419,-0.022086567591836612,-0.98176510396510586,0.035849620762840845,-0.18668713219594107,-0.18569525345204069,0.029277544994686919,0.9821711145235672,10.188273407136961,15.800848997593908,1.2786140156138481,0.1932131160123049,0.2207968994945189,0.9807692307692307,True,5
-0.75935322293124796,0.65065654577653553,0.0053611810334710103,-0.63080304981694069,-0.73411219180015808,-0.25133006623166659,-0.15959384438496524,-0.19423014515907433,0.96788659229576701,-4.1245224903454094,22.252323747473771,2.5369268169795758,0.1761604333210307,0.1697703017153487,0.7419354838709677,True,3
-0.75130963730912081,0.65940589050351728,-0.026789931983866228,-0.6411497466588516,-0.73892551728110045,-0.20716197110026624,-0.15639958838093887,-0.13846642726711988,0.97793978202860299,-4.2267562134214733,14.093308472615426,0.88463711369389919,0.1557387599483185,0.1144318620296574,0.5,True,5
0.094367071088177754,-0.9380723763720622,-0.33333927548656667,0.98233835343304332,0.14208397616451354,-0.12175180939820772,0.16157417884270472,-0.31596259336344285,0.93491252228556232,-9.1334963215882841,-0.77836686400655397,-2.3916846021721616,,0.5178108501542893,0.3892617449664429,False,5
0.67561365818343155,0.73689232375762215,-0.023149256210340054,-0.72913387026445564,0.66319340860045117,-0.1689328328717945,-0.10913287364115416,0.13101223597819214,0.985355676857254,-3.7577062121961835,-0.7307133119709579,-2.30175912485891,,0.2411775222860905,0.9861111111111112,False,5
0.024916494580971553,0.99101201817141515,0.13143191445617586,-0.9806655136054363,0.049756786749375753,-0.18926017171439918,-0.19409873446981346,-0.12417504585139584,0.97309107449663801,-6.7163319682720184,-4.3816493703917549,-3.07187176082074,,0.4960688760344268,0.4384615384615385,False,5
-0.82878352291219948,0.55899267649814899,-0.025398026905268989,-0.54122180912427431,-0.81231011700611366,-0.21732746521726748,-0.14211553566550211,-0.16637145617848864,0.97576826813109563,1.3951906986639147,12.666281010372627,0.59551012494952604,0.1244083250410909,0.1367430447191523,0.6666666666666666,True,5
0.30711425099411049,0.95152914050398685,-0.016526693803346159,-0.93797556362190082,0.2997126926316393,-0.17428179458471527,-0.16088094630658714,0.069026057740794441,0.9845571209778845,-6.5720807020420944,-6.8626074106450625,-3.5767754154061606,0.1783871896664737,0.1922201366082819,0.8983739837398373,True,5
-0.020956848293714272,0.999675745831059,-0.014464221607500764,-0.98178338318814484,-0.023310138358335963,-0.18856835881280898,-0.18884437774325002,0.010248933936360442,0.98195354286642988,12.478004950025925,-6.7692962389978355,-3.5010081839545699,0.250490107023883,0.2228105799389969,0.9256198347107438,True,5
-0.45591415585233169,-0.85171883850160768,-0.2582969272657481,0.87991370289636661,-0.38771791019144919,-0.27463921346373493,0.13376904704997894,-0.35249091088742512,0.92620516074630721,-3.9379112620519154,-7.5956862745425822,-3.6591333536375745,,0.5656495829190974,0.4232633279483037,False,6
-0.4927754919554721,0.86947428707300323,-0.034449653799954252,-0.84921719895913217,-0.48917328313286806,-0.19884578964870742,-0.18974315144439247,-0.068731093312307104,0.97942512388239589,13.6897257448065,-18.964264886885811,-6.3566262176826971,0.1772826323105046,0.2417126910112379,0.875,True,5
-0.056240962177003515,-0.99541042251898904,-0.077427675374970542,0.98010912775405057,-0.040260327993227908,-0.19433271387769743,0.19032354522391121,-0.086817030186736227,0.97787512055627857,-2.7412162997839751,16.658587332560867,1.4198872748324582,0.2547419295894338,0.2605576503509444,0.5862068965517241,True,5
-0.020623490064050155,0.96810432558444814,0.24969718949611391,-0.98153439620597005,0.027899948199198762,-0.18924011719258493,-0.19017071468067659,-0.2489891718030369,0.94965230037244575,-1.0869227301874596,8.9661761757089451,-0.2386784443604045,,0.2084996786035805,0.2692307692307692,False,3
-0.58654836370396424,0.80982617178100436,-0.011941044122009165,-0.79011142112080801,-0.57538512823266208,-0.21131941799829634,-0.17800269450392442,-0.11451430350486799,0.9773441129111774,8.851813570405767,-8.7608673324051534,-4.0164606662798477,0.2866135808603044,0.2629491707627946,0.9858490566037735,True,5
0.20385260654183865,0.97896161971881834,-0.0088465769428364323,-0.96378942767321307,0.1990900792029584,-0.17740653727611075,-0.17191292537630401,0.044691022369900371,0.98409789076498599,-15.655569934928019,10.44797721498168,-0.22918620438970858,,0.1700014555501551,0.9318181818181818,True,5
0.99441229624416128,0.10199512310616284,-0.027224620125417993,-0.099339891453774198,0.99136688862563704,0.085576153820305423,0.035717937291604496,-0.082393488816064037,0.99595960859682986,10.364090453430121,9.6880242454035468,-0.072769201475410134,,0.3958844879776854,0.3658536585365854,False,5
0.040855695458358154,0.99916159721629194,0.0026296001221349681,-0.98127013747198122,0.040619697705369856,-0.1883054897342174,-0.18825442744948384,0.0051130036683744509,0.9821069838562162,2.8469684361614047,16.414796920378492,1.3702514114139384,0.1634595425002002,0.2176847711970378,0.8421052631578947,True,5
0.79844229935684441,0.60200020994581316,0.0092542867338573261,-0.59557724017313118,0.79198828251407105,-0.13432167117843746,-0.088190960905932217,0.10173646143644396,0.99089456897738615,-3.4611745761393053,12.865101089389443,0.60242218136712777,,0.1693317287115125,0.3181818181818182,False,4
-0.47198017886444038,0.88125299883885533,-0.025057190517205993,-0.86151154618336301,-0.46706849958617019,-0.19911020186589024,-0.18716988687244182,-0.072389009744908472,0.97965670758501378,12.503714745702002,16.798345849506006,1.4565115856586144,0.333850451632022,0.2831474384187347,0.9423076923076923,True,4
-0.3397587542787226,0.90369556506047444,0.2605730503735959,-0.91776582237886162,-0.25799890286836413,-0.30189809769518633,-0.20559641087388297,-0.34171756145792442,0.91703828929168907,-4.4742037109203086,-5.9333489696334194,-3.3347145649507826,,0.3637645175384747,0.3587786259541985,False,4
-0.72599790763305538,0.68768173434276625,-0.004568409323927141,-0.66848775580861441,-0.70726247435140699,-0.23000850573030635,-0.16140371261649586,-0.16393176820144081,0.9731778958278704,7.2462947797578297,-22.672375700657305,-7.2468790975566888,,0.2741232211228357,0.8541666666666666,False,1
-0.90255593033989268,0.43055148126281895,-0.0042678555135163242,-0.41095152072123164,-0.86434240496995807,-0.28988110422664193,-0.12849762731349923,-0.25988002799973403,0.95705314942361464,-0.42232841082185779,20.1563416382917,2.1701745752601922,,0.169577098745568,0.2564102564102564,False,2
0.076017224883495993,0.99706634913099523,-0.0089485726012896623,-0.98004487220056435,0.073060367441538029,-0.18486273605755932,-0.18366662732894992,0.022822754870874252,0.98272360909144385,-5.5486835316651133,-15.121942903808268,-5.4076282772512005,,0.1040354707287756,0.2142857142857143,False,1
0.18692599859651224,-0.97657667728884745,-0.10656765186570216,0.96329313480623457,0.20349034064673222,-0.1750943108688946,0.19267850810059986,-0.069926208526915501,0.97876724397436599,33.579849989379724,-20.737891612726624,-6.3674709396284221,,0.2442578729350393,0.4210526315789473,False,1
0.024249814451091922,0.99916952086146948,-0.032744695456677173,-0.98205859877211277,0.017681763416103655,-0.18774520984635795,-0.18701030740802405,0.036709996240259411,0.98167179907502611,3.4979121650389362,-9.0591520007758248,-4.1535817929362295,0.2486056723707974,0.2197505724817798,0.9066147859922179,True,5
0.19556922998875567,0.98058478493465018,-0.014358127881883511,-0.96475929219276624,0.18974351387684157,-0.18230992038115446,-0.17604597243140579,0.049506348040792833,0.98313627595280295,10.217991731458051,-13.040305175438524,-5.0050367278352255,0.2783186842662873,0.2731532252977338,0.9540229885057471,True,5
0.044948058362624478,0.99892080823382179,-0.011700039611773513,-0.98040137136792471,0.041859914042659728,-0.19251207394922687,-0.19181455385168653,0.02012377881582153,0.98122485213983923,19.781412918844769,-14.030385894020689,-5.1320144661173277,0.2631868864281459,0.2594257239023192,0.9344262295081968,True,5
-0.75323014815145262,0.65749982343100344,0.018393643030712805,-0.63650333301124595,-0.72155517545004666,-0.27243648038915225,-0.16585490942784001,-0.21691498558064914,0.96199794077182477,-5.9701397092396107,22.719946307043848,2.5228009373634608,0.1866501701463922,0.1455257883146334,0.2,True,4
-0.73960196320148908,0.67302081694628968,-0.005649423461943328,-0.65428155280620348,-0.7209263281616618,-0.22843134421713601,-0.15781186801380509,-0.16525195708460888,0.97354363281452372,-11.999727023295774,11.780332908937158,0.15722777084647033,,0.1337191934172866,0.3076923076923077,True,2
-0.4525318617123783,0.89167421376567257,-0.011489588352000167,-0.87132848362441517,-0.44487428326732142,-0.20705928067141641,-0.18974084367870361,-0.083689716170844919,0.97826092820235711,-4.5828194406434006,10.727870209601088,0.088599340244871816,0.3282996991781116,0.2294220510154241,0.8931297709923665,True,5
-0.22510212409615452,0.97416095284787418,-0.018424757092606103,-0.95469380135534754,-0.22430272018966496,-0.19557104941476788,-0.1946504029820543,-0.026433457247189249,0.98051644196152343,-1.3063338249789052,-17.780178166113043,-6.0807305570498285,0.3226751214635998,0.3272727501856004,1.0,True,5
-0.86511264975641589,0.5015153047106069,-0.0079058441965810002,-0.48411939775775775,-0.83901961905486133,-0.24834348704103726,-0.1311812179624029,-0.21101771959260437,0.96863977312096683,6.7055712110542904,-11.800797226980352,-4.6948674296188351,0.2499456424873375,0.2222830947075319,0.9191919191919192,True,6
0.99556286470379385,0.09400306893220936,-0.0042432834105321782,-0.08950968255994439,0.95995742482416857,0.26546140821778441,0.029027558471111353,-0.2639037050825121,0.9641121487114086,-9.5972687737916367,-1.1862111306451715,-2.4993899208458146,,0.7318880407625364,0.2916666666666667,False,2
-0.56898115080355072,0.82212705383904561,-0.019171785941824934,-0.80137797201335159,-0.55955115600116057,-0.21141392997987093,-0.18453670638124042,-0.10492669423791441,0.97720857181784304,-9.9793403484830758,-10.063573135544678,-4.3204400294127874,0.26566627083058,0.2817464324958726,0.9387755102040817,True,5
-0.94862589841248901,0.31504809089492702,-0.029216524169738363,-0.30104297462374374,-0.92714549416700631,-0.22310168102348851,-0.097375727421093336,-0.20284460325401871,0.97435724179580741,-20.482099098064033,11.520735559534009,-0.1940931056791981,,0.08676635871752308,0.3125,False,2
0.80283884067186195,-0.50691651083447098,-0.31382391073987309,0.57763196479684686,0.7916906610797777,0.19891508339992861,0.14761811932685157,-0.34097147710984832,0.92841119265330563,-5.9853668553379071,-4.549909448895435,-3.05857773745596,,0.6514783488116882,0.2828571428571429,False,1
0.2188279708227325,0.9755199154398323,-0.021799398291393577,-0.96005630799942421,0.211259273280168,-0.18347044700345919,-0.17437374990553808,0.061077115463950948,0.98278348648646074,-5.5841537902533416,10.187066303353323,-0.008375005304857068,0.2455511919573308,0.2108249797790057,0.936,True,5
0.8733294618764148,0.48207050415390845,0.070026281091085205,-0.48407724867591201,0.87491102191557768,0.014139343867312998,-0.054450604523827786,-0.046246435056504623,0.99744493527790989,0.014923352549531574,8.4198403750252506,-0.35096842210281232,,0.4672827085806494,0.421602787456446,False,5
-0.6730294066525252,0.73936394988448217,0.019296823369840618,-0.71034726934361048,-0.63890895530753333,-0.29530002330496508,-0.20600527837175978,-0.21245304525718978,0.95520967794716183,-1.4709541150760013,10.728838438146044,0.14896896109534175,,0.2172288707636283,0.5692307692307692,False,5
-0.83061595657882537,0.55643525448313713,-0.021376160668580668,-0.53883626071527946,-0.81284378060666462,-0.22122493635989482,-0.14047283301413852,-0.17223471165055682,0.97498850623360234,13.741452760727915,11.873495870221523,0.45042460303872389,0.6474214396989671,0.2415775774541304,0.9032258064516129,True,5
-0.97344783028784176,0.22463981842753977,-0.044003109943890603,-0.21224151881255052,-0.95774444375920276,-0.19411109741721641,-0.085748815735460601,-0.17961773972861433,0.97999214699646897,26.394379616153223,-4.8039603228703367,-3.028150767619215,,0.3049989503700054,0.92,False,1
-0.52964633607412848,0.84821857269211032,0.00010781191013194483,-0.8284150591398709,-0.51725327325843817,-0.21488960210701921,-0.18221758552217954,-0.11390480342631815,0.97663834006395467,16.382206739403959,-12.96973311349783,-4.9000484576834635,0.2770678910829151,0.2635601495306382,0.9577464788732394,True,5
-0.19582741994232331,0.98029542134076464,-0.025932768789029594,-0.96156132820881146,-0.19714149043855697,-0.19114142628161598,-0.19248748970267929,-0.012494784751913339,0.98121987681760925,12.063906116290161,13.432084042379449,0.77684008608941646,0.2749422483604069,0.2493686598394068,0.961038961038961,True,5
-0.28630835528666804,0.95713681656654093,0.043779447985464029,-0.93752383659047422,-0.27042903785675743,-0.2188999573059506,-0.1976779742857602,-0.10371716278773387,0.9747646734599803,10.707104161689271,21.999550447827925,2.6316907047988614,0.1860754048208551,0.1700772646618804,0.5882352941176471,True,5
0.91045282505405356,-0.381062241156228,-0.16083289998034178,0.4014788086731923,0.90769000603450978,0.12212132955150393,0.099450588421829661,-0.17575671056908607,0.97939734487718888,-7.9294610268736543,-2.8506353753754601,-2.788282020987487,,0.2759125597780764,0.2486486486486487,False,5
-0.70257841190134362,-0.66797888391237259,-0.24533199093751748,0.7042736343880609,-0.6033435602200119,-0.3741325917998482,0.10189319425760046,-0.43563833507649541,0.89433607663772619,-9.84306893003758,-9.0520714249948142,-4.0915389241054445,,0.3021742686191077,0.4285714285714285,False,1
-0.99817213231489643,0.055995128732368296,-0.022736310786454453,-0.040577170291218989,-0.89975635845715485,-0.43450200076303147,-0.044787135665167913,-0.43278521344214788,0.90038384675911676,14.066795901157093,8.8216967422560124,-0.199830608179869,,0.415004312145712,0.2407407407407407,False,5
0.26771656952855122,-0.96141340015002774,-0.063341237845708734,0.94409012039059481,0.27488495963453385,-0.18202226113196324,0.19241019458629618,-0.011069461535365113,0.98125215110112274,-13.015540465094293,9.5089112362734802,-0.38174119938877082,,0.2100973553040015,0.9558823529411765,True,5
-0.49016357150689954,0.8714833849859368,0.016011959937933206,-0.85264128546031803,-0.47559044167032577,-0.21637137084281946,-0.18094891957725853,-0.11970982200837868,0.97617982309538898,10.140806473683783,19.806160048905642,2.1699724444846966,0.1847386773918324,0.2168737687885776,0.9,True,6
0.56974004706203552,0.82176022468000742,-0.010315614747193738,-0.81187879439774069,0.56085346747916986,-0.16216106568428237,-0.12747196547092252,0.10076468205901609,0.98671038145370937,2.9690918151166223,21.371394318431907,2.5263862199720006,0.217584507553301,0.139588570952388,0.84375,True,4
-0.33918006515725868,0.94071703388278616,-0.0028888687561932636,-0.92059890785880671,-0.33255501593614961,-0.20470664919557269,-0.19353173964259651,-0.066772925190379501,0.97881910597026556,16.166170265307635,-3.1264214001455377,-2.7157297691975013,0.240534773918192,0.227037762583545,0.8333333333333334,True,5
-0.65911384616277191,0.75202786692888957,0.0047984538034201614,-0.73060097077708042,-0.63879544568797431,-0.24116923532633958,-0.1783007551753695,-0.16246373727908595,0.97047121274832604,-1.9089176192269413,18.901950024018326,1.9157158061345074,0.1923714876119957,0.200418196758533,0.8,True,5
-0.85886600808385982,0.51132420349182295,-0.029945602040174518,-0.4939563473007586,-0.84232227306839391,-0.21563931750538179,-0.13548544984384095,-0.17041345961028848,0.97601380403366478,0.2213756869909263,-6.8556989118162672,-3.6387085888893966,0.2598330564956797,0.2324270328335624,0.979296066252588,True,5
-0.97434334960538982,0.22506672577043316,7.7657753880282926e-05,-0.1950772756359595,-0.84434290344430851,-0.49902897504422333,-0.11224924770439226,-0.48624071235779182,0.86658529645706917,-1.2089260723854158,10.229442314830875,0.009962786325993022,,0.5581882407447367,0.3153846153846154,False,5
-0.032709913655772298,-0.99046447598266418,-0.1338289332133282,0.9815004544417697,-0.0065595241229947886,-0.19134740806679021,0.18864495614574703,-0.13761211596245942,0.97235589475310069,3.063619848742086,14.43515716579566,0.97047475576914122,0.2159309908526748,0.1719214751649496,0.4,True,6
0.98857909414928236,0.14433941981390877,-0.043330203077859217,-0.14964042480973574,0.97424208508240251,-0.16870122381611366,0.017863870626103277,0.17325845301767201,0.98471437005061357,-14.171945328979461,8.9166371156505395,-0.51322597650595025,,0.1579873924713476,0.4473684210526316,True,5
-0.91900339248348184,0.39257127488926336,-0.036339492782247622,-0.37602051289436311,-0.9004835008593991,-0.21849036263108212,-0.11849615388911452,-0.18712898976860876,0.97516224429664444,-16.253337755856688,9.453870202793949,-0.47037257658241,,0.21807056326967,0.9824561403508771,True,5
-0.99651096667019923,-0.06393541430391142,-0.05364844922095139,0.0747479743464185,-0.96962912501467224,-0.23287786553124554,-0.037129956061554392,-0.2360754598027269,0.97102509938816672,-12.401247847996101,-2.948172736833198,-2.9198713248078167,,0.249817665615122,0.3846153846153846,False,5
-0.21150818241453559,-0.90908250532663493,-0.35893354159335406,0.96169964366796901,-0.12806280906139933,-0.24235039159078084,0.17435046355143663,-0.39644534988362773,0.90135065341688569,-8.3546253742307872,-1.4414643620566996,-2.5264339498031538,,0.3650752827603972,0.2077922077922078,False,2
-0.67530134159859179,0.73730351682621431,-0.018751589554980085,-0.71797581760895379,-0.66299125264458414,-0.21202199000462146,-0.16875669872303323,-0.12971554645631975,0.97708497769827685,2.3544439410997295,-4.9981809600546026,-3.3078001579969589,0.3012050203171558,0.2487267993905679,0.9707446808510638,True,5
-0.39456155416059702,0.91885008148445013,-0.0059755948987206403,-0.89907528211035959,-0.38739632821175313,-0.20393067936489861,-0.18969664487426163,-0.075090696121896311,0.97896709356309708,12.002545697672979,-2.4633732540830247,-2.6447533327255623,0.2745309003588068,0.2529507468970473,0.90625,True,5
0.015193650375919448,-0.95513242228604511,-0.29578912908734006,0.98060338920968448,0.072048067113089587,-0.1822801939206454,0.19541275817800299,-0.28728232093754147,0.93770076357972831,-4.2689346061855344,-6.1243004864733352,-3.3635398740623423,,0.3756082176108677,0.4224137931034483,False,4
-0.73056587482314328,0.68223583057954795,-0.028771062151593006,-0.66351530894532629,-0.71921131469149657,-0.2061128807593515,-0.16131006583311736,-0.13148899685207435,0.97810516120085578,-3.6328704651166279,-9.8529954304690239,-4.1739641984421487,0.2316242255477071,0.2255547176843253,0.9652173913043478,True,5
-0.44345155093104971,0.89629595790454564,0.0020682893459285194,-0.87654830808808604,-0.43319713643531371,-0.20976964645095261,-0.18711970918307866,-0.094835630583743252,0.9777486474585495,4.9615877580956784,-1.2219663326791572,-2.3605960840391531,0.2923774985501392,0.262947795898517,0.8655352480417755,True,5
-0.82158904141131139,0.56967374290971939,-0.021523793161844697,-0.55170582248700195,-0.80404971909840572,-0.22164100399455847,-0.14356926017356159,-0.17022301799993425,0.97489075884234899,-21.725491330759858,11.416718927030207,-0.28484156787383708,,0.217937406664137,0.875,True,2
0.96463454593019959,-0.24833824275720767,-0.088364642150009554,0.24884103668498286,0.96852897215191414,-0.0054560575418156343,0.086938663778437203,-0.01672564756948753,0.99607325104823519,-6.5615369408878941,-5.7290048046044948,-3.3335649771950426,,0.4949597918829726,0.1830065359477124,False,4
0.50464797620558333,0.83715645232164071,0.21094903282038191,-0.84651555853841287,0.52780605564001404,-0.069513860359860902,-0.16953415368004474,-0.14349160939224226,0.9750222196288737,3.988930941298777,10.99666673212867,0.18914504096060442,,0.5788557786120553,0.1639344262295082,False,4
0.70141016082376084,0.71250493664011938,-0.018986878538741078,-0.70497426358629411,0.68957821887997828,-0.16581063816076008,-0.10504796035215461,0.12968652709428055,0.9859748124146358,2.7463357639620565,-25.636443750239657,-8.1184246493225771,0.2797235609539137,0.2480633467725619,0.7407407407407407,True,3
-0.92485653001158108,0.37948404130287222,-0.025144806449384677,-0.36146957743895641,-0.89765670435893508,-0.25209558842938407,-0.11823765678090625,-0.22406316858398451,0.96737560078961327,5.0830499291852504,14.419397050182786,0.98796359083302587,,0.2933879824450575,0.5,True,4
0.18444145826199612,0.98281397423568184,0.0076184329920089972,-0.96665474002163376,0.18279909532835081,-0.17934074924802923,-0.17765123716961934,0.025713474953842786,0.9837575184657561,-16.182271633377535,12.314157282796515,0.17559131667347294,0.2676725157261617,0.2375741971519434,0.7272727272727273,True,4
0.057497446461826307,0.99829590794682166,0.009966134004786624,-0.98038974443135252,0.058345290902256694,-0.18823330216345666,-0.18849401227677642,0.0010522386435547412,0.98207377529880124,24.13392049127178,-7.1537523539303196,-3.5225187852370352,0.2135280546291715,0.1776251210079268,0.9259259259259259,True,3
-0.68329642464305618,0.7301407816497153,0.00065957710603485598,-0.68676813907540069,-0.64239924549363869,-0.34010694279904741,-0.24790223722452986,-0.23284683455255792,0.9403865335158339,8.4715026688374966,23.247586674250925,2.9143703301418449,,0.2174303486658099,0.4375,False,2
-0.96456234707173194,0.26299827954057114,0.021245789469211532,-0.23567060587357397,-0.82252267255276379,-0.51760585261745296,-0.11865430518381143,-0.5042701241352272,0.8553553634402421,13.048835965209163,9.6774576874439546,-0.0021777650540040464,,0.2653238875902286,0.1351351351351351,False,4
-0.89789703420209444,0.43924140759358637,-0.029118753858762465,-0.41888488362087833,-0.87287425560369225,-0.25025184950010348,-0.13533798522589829,-0.21250298764841918,0.9677427912392268,18.17328909039859,11.340637688507135,0.39040142500919028,,0.1966068659173873,0.24,False,4
0.95699380360197117,0.2898867957232783,-0.011336028084035592,-0.28990242024741109,0.95411203671206934,-0.075012053270392565,-0.010929162919693574,0.075072412152781334,0.99711819075345198,10.771747474815253,-24.865641701750903,-7.8653553211293064,,0.2146997010867731,0.15,False,1
0.29260257910185766,-0.93806414743853817,-0.18552462368469869,0.93665786350431346,0.32022343846337192,-0.14187669362594219,0.19249877256355558,-0.13225961117855681,0.97234336415302447,-6.4374641597562867,-9.2172258874940702,-4.056143568989536,,0.1955211364200371,0.15625,False,1
0.74549410978691943,-0.66070560822958146,-0.087787422373520926,0.64437228145441194,0.74811724111405231,-0.15844543679492645,0.1703610729193861,0.061552358215405584,0.98345737682518708,-24.810854887740209,9.165117516213515,-0.83018323813153128,,0.166274563616622,0.1764705882352941,False,3
-0.95910913430906553,-0.27258020389893839,-0.076221394157596892,0.28287740413047185,-0.9141286895289511,-0.29042918794860828,0.0094890841138810904,-0.30011459714998123,0.95385595655747946,19.78229608012823,15.004493532304242,1.1942902311763963,,0.151543935611768,0.3181818181818182,False,1
-0.49039904917686428,0.87018592787231031,0.047804011332027274,-0.85153151512222069,-0.46676809698117011,-0.23879200655430452,-0.18548005639443177,-0.15780999516374755,0.96989337254480479,11.034823973078543,16.798647935846727,1.4896454140076867,,0.1120637008767498,0.2608695652173913,False,3
-0.87705363720375884,0.48009781472194896,0.016822775242693547,-0.46280461376696064,-0.8350363587136741,-0.2975334755993384,-0.12879754245975134,-0.26873847496295877,0.95456315931996438,-11.357109782799215,14.937952274388667,0.84042337717752302,,0.1484223638108039,0.3548387096774194,False,2
-0.97680010875395684,-0.21078496011367426,-0.037831840136769365,0.21348211077997578,-0.94445155876825915,-0.24987325090359527,0.016939182836945045,-0.25215263974442487,0.96753920352342015,22.660492070490356,-3.8438558586194569,-2.8615753485326869,0.2558128237259,0.2049203030931231,0.5,True,2
-0.56434451703434407,-0.80001105250899895,-0.20370955293436011,0.82365458520569235,-0.5289796254429997,-0.20438610553514408,0.055752940397007233,-0.28313048534134871,0.95745952285590641,12.38683568625382,9.9930781017529391,0.056399254027854492,,0.4384866287981866,0.7058823529411765,False,2
-0.14099916688855696,0.98979401176439386,0.020665169055210715,-0.97120215495330608,-0.13424103939092139,-0.19683931913441549,-0.19205626558586425,-0.047824236727758387,0.98021795190183103,28.580144942932328,8.8077671424651811,-0.040249790162582698,,0.1310694717406967,0.1538461538461539,False,1
0.98830182247107601,0.1471787471849294,-0.039974042545430154,-0.15156603614674605,0.97696977740990509,-0.15019251217821533,0.01694828566883598,0.15449424068461182,0.98784831082923474,9.6658913896556324,9.7166927734128556,-0.036801753462149291,,0.3029690077229734,0.4583333333333333,False,1
0.98345980483220696,-0.13074999429736742,-0.12534453027808667,0.16394943069429119,0.93675814694488146,0.30920019131205001,0.076989586662181683,-0.32463612418156557,0.94270037149772912,-5.1565685419738783,-5.2620928238262046,-3.2234211945692857,,0.5987276470896942,0.2421875,False,1
-0.18064406106277481,0.97886422275639606,0.095877821263645316,-0.9645030236311839,-0.15721161170709549,-0.21217546170742746,-0.19261786160439809,-0.13080268556865515,0.97251684655792747,28.795943154712074,9.2253124282615566,0.021750674543725843,,0.1657614572160241,0.4375,False,1
-0.37822893504147886,-0.9204910106485813,-0.098179285048028586,0.91235272945363366,-0.35271492136204902,-0.2078573580777649,0.15670153080264829,-0.1681918058756636,0.97321947508277384,22.558508657273617,10.907096849036723,0.19812951829661465,,0.1530549336404747,0.2222222222222222,False,1
-0.99750567947495627,-0.041433155139200775,-0.057146417826644896,0.061540551378225679,-0.90700701711938403,-0.41659456481363505,-0.034571374737932002,-0.41907226650234075,0.90729447011283015,-8.6187155001410147,-10.251749028848765,-4.3449345337150946,,0.2679855029746889,0.2666666666666667,False,1
0.57534633912402788,0.81762039948594334,-0.021759420971735517,-0.80789611555172014,0.56395094832786308,-0.1710648834698269,-0.12759489226854082,0.11600090613676313,0.98501945830649928,-6.3379063409173426,11.779723050181524,0.28357275255117026,,0.2030355032990029,0.2631578947368421,False,1
-0.39109015377238832,0.92019479254571435,0.017030425538979304,-0.90049201132271361,-0.37876189134415505,-0.2136669539478939,-0.19016474217441739,-0.09889880402283685,0.97675810587708423,-19.718055564062585,10.642076358785717,-0.3803770292721525,,0.1444783019347825,0.7857142857142857,False,1
-0.21890301782206914,0.92936089171623637,0.29727058673335505,-0.95649592809912898,-0.14416441795027946,-0.25363785231475844,-0.19286525949008276,-0.33986019705970194,0.92048793481303393,26.925059251515247,-3.9310867821473039,-2.8494636327617253,,0.3728776286390071,0.2888888888888889,False,1
-0.54327697371242534,0.8372115813210439,0.062664965776625406,-0.81963596064843369,-0.51274677689871406,-0.25551445123886707,-0.1817883985456378,-0.19017757723216841,0.96477223595640171,-23.388980120881993,11.624554278703581,-0.24434047163418907,,0.1823945260637216,0.4642857142857143,False,1
-0.7153625418541335,0.69817589719149431,-0.028405110329730528,-0.67947387805466064,-0.70453293270925432,-0.20481356344113749,-0.16300822909703824,-0.12721542087714252,0.97838875399183645,-13.823824839711735,13.856033553947325,0.54109537527537577,,0.07833514710676925,0.3333333333333333,False,1
-0.96181568238260251,0.27332452621671638,-0.014293232359944124,-0.25712920865441752,-0.92025157794222201,-0.2949942429126422,-0.093782531313890291,-0.28005488152013619,0.95539211853411332,15.773670171356125,11.697918136036904,0.46449573316627002,,0.3569570229129435,0.4262295081967213,False,1
-0.63202297451273037,0.77194264913489585,0.068201951106098002,-0.7552521477253854,-0.59385178047004383,-0.27737025108823465,-0.17361207632037601,-0.2268140411860714,0.95833931239231229,20.06114615377032,-24.807633299162124,-7.7145900838604025,,0.2252525279091148,0.3846153846153846,False,1
