axis_00,axis_01,axis_02,axis_10,axis_11,axis_12,axis_20,axis_21,axis_22,location_x,location_y,location_z,dbh,dbh_approximation,score,reconstructed,number_clusters
-0.55591766327077063,0.82861525423983984,0.065972055482690098,-0.82175949862217912,-0.53589448550267382,-0.19372255117060713,-0.12516740025977297,-0.16190695120614626,0.97883566601515892,8.2819831381030031,-13.006049808854812,-5.1253588393760499,0.235961999091061,0.2461321782416932,0.96875,True,5
0.62251924056641728,0.77733151626074914,0.090694591637957206,-0.76457134870488541,0.6288115893481151,-0.1415155038894661,-0.16703427152594474,0.018753637760772546,0.98577271883864515,-21.379190806929646,4.2854231330224941,0.66429089635552863,0.2064117315842001,0.1958059347294864,0.8939393939393939,True,5
0.4067051562087689,0.91042852961519261,0.075569890670290338,-0.89605494043682021,0.41366069539358669,-0.16115325874849942,-0.17797881793058262,-0.0021729126105234295,0.98403191961379965,-4.1029202174242378,-3.7621526992364323,-2.1164491839244799,0.3032790406824288,0.25257401043601,0.9283314669652856,True,5
-0.98812388434812159,0.15362592704902753,0.0032037039667864101,-0.14749553413520006,-0.9424347973415963,-0.30010284931982278,-0.043084296338131559,-0.29701132520163465,0.95390147086112476,-5.4558936379531415,-19.131161007969652,-4.8078692215418055,,0.228037836841908,0.32,False,5
0.8371507221346669,0.54328540388616631,0.063400617927991149,-0.53089690173642268,0.83496510538866375,-0.14485079395696973,-0.13163262572809573,0.087602755136711841,0.98742017861515485,-10.092873200156783,-10.606741611960842,-2.8706616228414474,0.192224268168344,0.1985639452895462,0.9803921568627451,True,5
0.9054611899300955,0.42166701031817699,0.048342175578948793,-0.40950923466572264,0.89788044833687597,-0.16159482422981261,-0.11154470069828298,0.12652127451025943,0.98567243384525571,-11.601409270030874,-4.0227183835015312,-1.5939880002457321,0.2805286552152545,0.2359142749899709,0.9692307692307692,True,5
0.20214286506883447,0.97809056824435714,0.04977049741757595,-0.96211257100214487,0.2078215629428907,-0.17649248906289536,-0.18296902148015418,-0.012208123828176015,0.98304287744288676,-0.71723497030695205,-6.2951555372728718,-2.8324871045098887,0.2373779891831238,0.2101623728570329,0.9746478873239437,True,5
-0.31704646581401513,0.94622965211149335,0.064272731230331878,-0.93587940021195182,-0.30115853350111899,-0.18284771247782722,-0.15365964588583833,-0.11812274617709925,0.98103808797712921,14.830533408145502,10.940065457260152,-1.1414617095253214,0.3039491945514893,0.2718654395436556,0.9245283018867925,True,5
0.010528476453674251,0.94972185844413914,0.31291778916669954,-0.98287474156565235,0.067404062390026609,-0.17150491178264649,-0.18397389373445458,-0.30575330573312209,0.93416728826128992,-12.639327767130245,10.016506118157926,0.92373128133664506,,0.3856484992671068,0.1538461538461539,False,3
0.26709659796359408,0.9423465821577075,0.20159942076295922,-0.94155568467812689,0.29975239548118771,-0.15369253089721835,-0.20526154049547854,-0.14876632851212035,0.96733462643205659,-7.488693908277976,-22.039505822006394,-5.2449098598266222,,0.1810692801311209,0.2727272727272727,False,2
0.53750607280868001,-0.80872618844371646,-0.23884968875652568,0.82844584735166082,0.55929674925426287,-0.02940449420417629,0.15736803900277599,-0.182068938588968,0.9706112516870532,-8.5062342397860213,-8.9063677447896303,-2.7086719598503883,,0.5469394250262225,0.3402061855670103,False,5
-0.041816775684055577,0.996406203835288,0.073661619789008564,-0.98376322205030597,-0.028182966500628775,-0.17724458620907149,-0.17453160233204165,-0.079877389527797632,0.9814062983441848,26.133538029236234,5.2961330826510951,-3.1734891837725163,0.3085815700600362,0.2671723819576116,0.9767441860465116,True,4
-0.17297556821592236,0.98080693579620826,0.089984484742826082,-0.97019218461103984,-0.15393167586611745,-0.18716881173076502,-0.16972500617185671,-0.11967787539516933,0.97819764282115396,19.76508739828212,-5.0438917049703633,-4.6165072695443223,0.26307679864655,0.238708315170678,0.9818181818181818,True,5
0.93853816482973118,0.33939001659252088,0.062932740249965285,-0.33077622838462623,0.93642220549774624,-0.11704930493761394,-0.098656980967809116,0.089038585388950875,0.99113012789353372,6.7445461187879374,-21.582511051963397,-6.439031147473024,,0.08671498173721415,0.2307692307692308,False,1
0.93469095596786145,0.3472585629613914,0.075923035251990095,-0.33652263532374233,0.93325885385809992,-0.12562017198773925,-0.11447852526412558,0.091866218739290045,0.98916897702460116,21.988569390758737,7.7203412657613359,-2.3711810849528154,0.2029050641453486,0.2141637415511306,0.9591836734693877,True,3
0.33311630462412878,0.93910785602485447,0.084320592656626642,-0.92561602299967116,0.34274221028574942,-0.16050780434206269,-0.17963436631066793,-0.024580724986041427,0.9834262973905693,9.3019977153962969,2.875242269641066,-2.1733319239831608,0.2935155395794268,0.2878030764044835,1.0,True,5
0.73377905965582302,0.67704157385347175,0.056418072322882484,-0.66261869777064586,0.73153175909956192,-0.16061676996326896,-0.15001584241455718,0.080473552815284663,0.98540309230382306,4.9944083578419596,0.95708394044527423,-2.173016982809628,0.249452811899405,0.2306999554791919,0.9632183908045977,True,5
0.1590273963805113,0.98403280831844386,0.079935720134075086,-0.97059026589148434,0.17064866784535138,-0.16980449911384762,-0.18073412228224489,-0.050581264471387208,0.98223047841499145,11.330278603526629,9.4504900657537849,-1.1660463588729544,0.235112212847901,0.2208334117495522,0.970873786407767,True,5
0.032747653526287779,0.99613073449855516,0.081554588932152533,-0.98410291458461763,0.046387779938425175,-0.17143403214777936,-0.1745538446857697,-0.074644046378491716,0.98181425007262113,-7.6802589277257889,16.80189235166651,1.6955821916151494,,0.2035687374863495,0.3333333333333333,False,5
-0.26908235877926379,0.93703405993389588,0.22262491935448075,-0.95306064411417524,-0.22574515648526075,-0.20177842541788193,-0.13881675991919082,-0.26647006369805698,0.95379432390756691,-10.220677078807849,-2.017680007960831,-1.3513219855182848,,0.2647012897927032,0.3396226415094339,False,5
-0.061102285296264928,0.99455626785362006,0.084405810254119029,-0.98363319435383467,-0.045638162460194497,-0.17430690489056958,-0.1695058987081188,-0.093674906994015178,0.98106715473652351,19.078325932932149,11.928492775028715,-1.3917373837975142,0.1821738386357718,0.1545498684843792,0.8461538461538461,True,5
-0.56287825155451299,0.81855700199721737,0.1145971570688511,-0.81754006717812577,-0.53096785675365221,-0.22293804891229124,-0.12164009406984458,-0.21917474666521575,0.96807340524307284,-21.055631015130906,7.4808387900496074,1.1790151976513215,,0.09994861872857974,0.3076923076923077,False,3
0.84480950935770127,0.53202878324318503,0.056940905328039151,-0.52282255854482718,0.8434252014090492,-0.12365476903357014,-0.11381329085586241,0.074694734947526001,0.99069028025699246,2.2091912482246125,21.040722326182873,1.5753573124310059,,0.2135593526956841,0.5909090909090909,False,4
-0.63703044323944991,0.76594630491448779,0.086709125090685596,-0.76263990297312678,-0.60989229569434944,-0.21543390180242183,-0.11212757367966891,-0.20336579270004615,0.97266117511710737,14.773914641364241,-14.492590322821927,-5.9761579096042521,0.3464534039932677,0.3183185615591196,0.968421052631579,True,5
-0.46429681071247358,-0.88527455956472634,-0.026784804455239779,0.86974437368392621,-0.45002363875410228,-0.20254246223365582,0.16725189388279083,-0.11733575222410694,0.97890710756568877,-16.736978327034979,6.513115385127624,0.73564293395112856,,0.1110109614279045,0.2758620689655172,False,5
-0.84553530033084134,-0.52449865498728843,-0.09985598034649347,0.52266264428056319,-0.77490205034832915,-0.35545825723930602,0.10905877391610133,-0.35274349502504038,0.92934289180551455,-16.071009712173463,6.0241869657190712,0.60757920145100308,,0.2993328288969265,0.3166666666666667,False,5
0.43753213756357373,0.89610492058592506,0.074576134927614918,-0.88163283431424211,0.44381989631121427,-0.16046010437905617,-0.17688746156266866,0.0044576832542081099,0.98422098890539822,-8.3076737289055398,-7.644187891800958,-2.4851176910357635,0.2575687415929749,0.2161290615889123,0.9837837837837838,True,5
0.99916002247262425,0.04077258655783015,0.0041043486558994188,-0.040126881140317643,0.99378694468365047,-0.10381397779820187,-0.0083116125063526017,0.10356208167915018,0.9945882627177064,-8.6767431576580272,14.46064294561735,1.3016450211208594,,0.1848699393406159,0.9433962264150944,False,5
0.25337781696390005,0.96311737062838088,0.09057931477155623,-0.94993735672042701,0.26541392689830678,-0.16484679467745375,-0.18280782307554228,-0.044276153878770125,0.9821511706555599,-4.3898394960570819,0.84720945503991585,-1.394007516565011,,0.2830025539381826,0.9532237673830595,False,5
-0.13889102326674624,0.98742686407293756,0.075481598837073546,-0.97520688192032368,-0.12311540401517193,-0.18388620054104349,-0.17228122680999244,-0.09915031720204287,0.98004509768049886,10.600904624659242,-14.856896606789965,-5.6687449896646491,0.2363847222787698,0.2505643189622106,0.8142857142857143,True,5
0.34485905612988682,0.93551451949866304,0.076712549249708967,-0.92134996397957791,0.35298946058314057,-0.1628271617146643,-0.17940589533243767,-0.014526683186773408,0.98366788104296532,14.505823545864001,7.7082856736968646,-1.7216918463927033,0.2189776663996967,0.2033368520357771,0.8681318681318682,True,5
-0.52144837946873002,0.85115802356922399,0.060179784505834583,-0.84317052688439231,-0.5031597514674464,-0.18945639893314375,-0.13097728865315683,-0.14953355281324274,0.98004319621132907,-4.667162528705596,-6.5302429500329149,-2.5610881393231613,0.2791255756685575,0.260180142023862,0.9734693877551021,True,5
-0.010258556774097849,0.99589989038247473,0.089878642341144094,-0.98413214494431434,0.0058673647860754191,-0.1773400555931168,-0.17714029270669973,-0.090271714100496697,0.98003690457714043,15.280314155655162,-0.38304741540216897,-3.2797805496640389,0.272051716568713,0.2560033508359728,0.9230769230769231,True,5
-0.59440855896639166,-0.77272583967216268,-0.22265049232024858,0.78723514489915536,-0.50263733286178103,-0.35723457034447414,0.16413193370914581,-0.38762157875503617,0.90708887107071834,-7.4145822843344744,-9.0504830504973999,-2.8105276081827362,,0.3025460439541047,0.1230769230769231,False,2
0.010174335580656125,0.99762205620030864,0.068166823882012437,-0.98408698355890445,0.022083420674156057,-0.17630975957463441,-0.1773958615228364,-0.065288249432783593,0.98197156415070097,-4.2629847947460071,-16.677758784062817,-4.4533302142556055,0.2764589662745258,0.2682395403165053,0.9587628865979382,True,5
0.39998264940629397,-0.91267658335233182,-0.083876900122955844,0.90463522246135253,0.40782985334355293,-0.12373328171545273,0.14713597267908785,-0.026386832361816617,0.98876424926353823,-6.858549334808381,-9.8549125578919394,-2.9699289344782667,,0.2127265844103151,0.2622950819672131,False,3
0.075474463377110668,0.93818085544767127,0.33781694428997089,-0.96588688128562128,0.15294910365692371,-0.2089715393322259,-0.24772189636419631,-0.31052093997349001,0.91772033207274395,-10.742037994285196,-7.4676466170889109,-2.2905717683506492,,0.3364476068542723,0.3076923076923077,False,2
-0.8298830681974686,0.5436397659037725,0.12549859778996872,-0.55412196571296113,-0.77682661379217133,-0.29914755425808442,-0.065137855610704024,-0.31779901987306536,0.94591798943362915,-22.302539256269373,12.891909253021721,2.2409530635900445,,0.4586641757621814,0.4054054054054054,False,1
0.47799352255677108,0.87599478938291775,0.064461782225961689,-0.86071721322991723,0.48176422587549794,-0.16452692641725097,-0.175180110867344,0.023159439556256926,0.98426397328965831,-13.852081245058432,13.326312371078421,1.641795259522739,0.2500655422442418,0.2488071916852939,0.9491525423728814,True,5
0.28281219785175155,0.95713027498267489,0.062601097896525709,-0.94194296933574528,0.28945491261233569,-0.17017431088017765,-0.18099918028880679,-0.010839293158400855,0.9834235132732011,-5.913288401868507,-11.211612193734437,-3.2558869456216,0.1982354582305082,0.2169912853200338,0.9612903225806452,True,5
0.28621347388410401,0.95489071681044324,0.079155330309657421,-0.94090993520638533,0.29570596511347735,-0.16506506603828186,-0.18102580257275153,-0.027234190745174133,0.98310119400667328,11.922258658118395,-1.607602264311571,-3.2158342598904648,0.2877215725621221,0.2759902674280631,0.9833333333333333,True,5
0.87798639661668276,-0.47762778429344843,0.031805455931087426,0.476111650139737,0.86445459267261948,-0.16135660447726405,0.04957402502591484,0.15681185184209306,0.98638352539191565,13.449960960437341,-8.0072373276156039,-4.6277710971841044,0.2022058504568873,0.2209568022619445,0.6111111111111112,True,5
-0.094301403003198017,-0.95833344569343482,-0.26963726051303732,0.98114066576337389,-0.043558952512621062,-0.18832315747513637,0.16873126378069422,-0.28231121926227148,0.94436758526625542,-11.160125828122666,-8.4038643830409931,-2.4283561020196216,,0.5151960038957671,0.36,False,2
-0.93414403371868604,-0.35515650009598287,0.03519637349720358,0.34277145241896811,-0.92026978365614409,-0.1887094504683457,0.099411546987126301,-0.16421749519782006,0.98140203718791053,-13.700495563756698,-14.20450784872706,-3.2849241542042407,0.2664384192955868,0.255036213330741,0.9850746268656716,True,2
0.92199739318517138,0.3562367493560849,0.15171086107447845,-0.3728547091062212,0.92250766080515167,0.099794697520078496,-0.10440389292102586,-0.14857655994139402,0.98337420800980846,-7.6037314431537597,-9.3223749176134039,-2.8311565697538406,,0.3365030174331955,0.1775700934579439,False,6
-0.42024020455835776,-0.90713241186238214,-0.022560093561192263,0.89001240554201677,-0.40720881128924535,-0.20508267111024917,0.1768504691937926,-0.10626274679839506,0.97848461418092714,-15.603697065151472,12.061308608015629,1.6256175335103729,,0.1094379066533504,0.2727272727272727,False,5
0.38236205984885252,0.92010563047459237,0.084881587856827465,-0.90662689933594565,0.39131742889523236,-0.15779206330900961,-0.17840101061550151,-0.016622232454713698,0.98381745298586276,5.6398965289200662,6.0986592367495911,-1.3584482223549375,0.2766917101781373,0.2613075633618428,0.927038626609442,True,5
-0.82793605250210911,0.55315258857404948,0.092434337348482665,-0.55936378252467267,-0.80260899716770617,-0.20719786790683797,-0.040423406176564279,-0.22325100541604975,0.97392244907580172,23.618220110152585,-0.20674495567048484,-4.0132262276449362,0.2014568128733727,0.1636340967684075,0.4,True,3
0.011934177138741812,0.99604967506376874,0.087992159999517733,-0.98379625324903108,0.02743945963659352,-0.17717789971669384,-0.17889244676393751,-0.084451884882525613,0.98023740574954576,3.3265761722972069,-2.7988936560940361,-2.6800075333488915,0.2915048019829317,0.2546048046768212,0.9441805225653207,True,5
0.87508519839575782,0.48057241269188816,0.057236803790513498,-0.46842657380143066,0.87076917017069333,-0.14945767707579916,-0.12166528060753024,0.10397696110070993,0.98711010077647932,7.0506891301313246,-5.3812078708644782,-3.4906296866257733,0.29142741611444,0.2463645445466829,0.9266666666666666,True,5
-0.76148248998602353,0.64522136268968822,0.061917772679157365,-0.63993672794349776,-0.73316291785981536,-0.23011544951230792,-0.10307958902544967,-0.21485234232873457,0.97119157189619454,-10.786226903986918,-15.210921552185761,-3.6256077354792025,,0.2754206634592576,0.9222222222222223,False,2
-0.4162891297217961,0.85471565024198459,0.31010404335785646,-0.88890405476181111,-0.31086322185396809,-0.3364723446682974,-0.19118823683344302,-0.41572252107624896,0.88916918725658012,-7.0724238025250283,12.485320178043136,0.81095383371802088,,0.413803055943897,0.3333333333333333,False,4
-0.98659207409155181,0.15361641150622676,0.055118757747971765,-0.16277634361098856,-0.95066124010820596,-0.26409670296420762,0.01182967879392318,-0.2695277437887928,0.96291996242042666,23.791034010250911,-17.112960544771546,-7.6149563636585569,,0.2158245497575248,0.7083333333333334,False,1
0.14409197545272176,0.98602960864925282,0.083565025442061208,-0.972818022897881,0.15661744084533794,-0.17057570620728429,-0.18128043726554974,-0.056714972362306458,0.98179469084669291,1.9671419107421646,4.1287995048733954,-1.4257200822911649,,0.2657696448296062,0.9463087248322147,False,5
-0.58687023748639588,0.80591136785972739,0.078039679055752931,-0.80078258254747359,-0.56346809968251788,-0.2031033139285793,-0.11971039988764624,-0.18168810581498118,0.976042443935767,3.5631719630084979,-6.5307151467194764,-3.3536375480791949,0.2543309848795306,0.2235432574234085,0.9703703703703703,True,5
0.9759986007690683,0.20451222365836236,0.07484304691240376,-0.2013011689787311,0.97833931994377921,-0.048270222909568838,-0.083093746242522276,0.032045677185153276,0.99602635703535891,-7.6253386919507875,-13.058362740711074,-3.4342796923578778,,0.2439650950255262,0.1518987341772152,False,4
0.6132791053848009,0.76994710260690069,0.17626740505736821,-0.77085626286722231,0.63209062761142309,-0.07900671164007364,-0.17224796340392232,-0.087423667693806467,0.98116652074465183,14.744029726503349,11.952598440591172,-1.0404631113726579,,0.1900646917295966,0.2857142857142857,False,4
-0.57715810443190063,-0.79046541948191518,-0.20506814255719011,0.81566706186851945,-0.54579756322323991,-0.19181309695208829,0.039695927641927448,-0.27797381276453759,0.95976809321095558,-4.5487134900372332,15.402268674764301,1.1392244887063727,,0.2712177878956177,0.8194444444444444,False,4
0.7328986858216886,0.67789238654592077,0.057631836548202232,-0.66369462451318428,0.73102224447592201,-0.15848004124712245,-0.14956256788764405,0.077899873841118766,0.98567877523176528,-19.735392641405301,3.5382281965387583,0.42925251463218972,0.1895094586071978,0.2108763706042517,0.9090909090909091,True,5
0.79827417801218215,0.59661618785068027,0.082507339755309439,-0.58386379902946139,0.80018038153818061,-0.13716567057502993,-0.1478560140875603,0.061322764092422224,0.98710593033483796,8.8696569365660132,-19.930909763043019,-6.3834532172587002,0.3003673021593303,0.2172659418754722,0.9019607843137255,True,4
-0.15954402387800912,0.9802384141386471,0.11695450351211151,-0.9712979619630997,-0.13469729793729121,-0.19605332696672617,-0.17642554670779037,-0.14487680758266258,0.97359372280921908,22.212300878874835,-8.7460835423422196,-5.5603844243338933,0.260825458560737,0.2774831556144277,1.0,True,5
0.77923526600415294,0.62412103817894216,0.057143065352462621,-0.61035483712521088,0.77641954861453799,-0.15697024344458929,-0.1423354243092485,0.087439203059243575,0.98594878809960007,-19.740854182578154,6.9844366896568015,1.0203388377898694,,0.1689159064509039,0.4722222222222222,False,1
0.54722559008728822,0.83230541651874679,0.088384654704152979,-0.82488087292804546,0.55419040942659747,-0.11155507866988131,-0.14182982419464032,-0.011861017373445949,0.98981999233991147,4.4318811112229684,-23.167649275320876,-6.488226328073142,0.2983652077846147,0.3041786029705706,0.5483870967741935,True,2
-0.05370185609166403,0.99593095939015908,0.072371505307743389,-0.98299654625725119,-0.03998110501416214,-0.17921858521973494,-0.17559584476469567,-0.080765310437371868,0.98114375293905276,0.80897535339412052,-16.115351558059285,-4.8683352706120067,0.3406763262350528,0.2982025409751095,1.0,True,5
-0.32783326263258766,0.94338866956087364,0.050429852823893812,-0.9318828556515717,-0.31413706486264431,-0.18141733054522885,-0.1553051681507954,-0.10646935063035552,0.98211230626746859,0.32234681297526491,-21.889748198159889,-5.8444987219671889,0.2411081648722226,0.2893189052247875,0.9857142857142858,True,4
-0.017474101735772681,0.99193355625622603,0.12554869868462806,-0.98403693200120013,0.0051803524040629524,-0.17788895526882639,-0.17710441052156969,-0.12665300597240237,0.97600873144248113,-20.726465815321244,1.6695916598950995,0.12865977847972354,0.124019631216696,0.1556131352160985,0.8431372549019608,True,3
0.32502640356058476,0.94072943933451103,0.096881158941502288,-0.92877293293611374,0.33682614433375896,-0.15468997232691847,-0.17815351816262531,-0.039702272764044193,0.98320143078804001,18.61645170096121,4.314758715675385,-2.6572906880332794,,0.2796790710788254,0.8529411764705882,True,5
0.66576983617914698,0.74242685337779957,0.074517733577523004,-0.72911086579788975,0.66853271673689663,-0.14649693521652835,-0.15858080151595627,0.043201551313850943,0.98640040316021427,-5.122935782002517,17.955539244284186,1.6570276021696722,,0.2381207685356723,0.6875,False,3
-0.88397764975288406,0.4635504859031353,0.060864289664257137,-0.46550133136801392,-0.86054172786225946,-0.20682467237359026,-0.043497416382745603,-0.21116079566719673,0.97648302245416552,-23.229743201815097,1.3767853243549903,0.22768297139698093,0.2645866925570175,0.2604606837345235,0.5806451612903226,True,4
-0.20561960795166423,-0.95500624484524466,-0.21373733677668216,0.96158986139271607,-0.156579750251397,-0.22545003942769082,0.18183925674215978,-0.25188460476534719,0.9505201894697789,-9.8177684447820237,-2.3156033488088803,-1.385002642261689,,0.7006724973708165,0.3684210526315789,False,5
-0.096328927040546686,0.99097595217861845,0.093206223069589839,-0.98014082603124308,-0.078133104192664338,-0.1822612936857719,-0.17333406751706368,-0.10891225933245249,0.97882246643867521,-19.285752847333754,4.5866836964492386,0.5410187992855614,0.2565904598166363,0.2268462314637453,0.7358490566037735,True,5
0.99880899412699786,-0.033322406111209547,0.035640012653966199,0.033324688408561891,0.99944443771138358,0.00053016058777513586,-0.035637878633379833,0.00065816315316907163,0.9993645523170096,28.383665318070857,8.9252171310857875,-2.7207216207068545,,0.15464536707598,0.2307692307692308,False,1
-0.40117208596868231,-0.9156381433791686,0.025840817105605537,0.89826907804173395,-0.39877301737728538,-0.18464220548365615,0.1793700668271867,-0.050861291774439092,0.98246603408232214,-21.461206108837807,10.434874878336702,1.7015550427938768,0.2143712584016683,0.2752086174147432,0.94,True,5
0.11608167690187859,0.9884678415436472,0.097243871383711419,-0.97716689634807274,0.1311964900145397,-0.16712970319287812,-0.17796039157386287,-0.075622795782149962,0.98112756142561253,-1.5827653566281974,18.837174524811889,1.5436652752862654,0.4708565356077202,0.2482909158859254,0.8125,True,5
-0.99628051629375036,0.069871398907255328,0.050429361171843455,-0.081339876223290059,-0.9557421799944309,-0.28273788199580097,0.028442176242983092,-0.28578816104631566,0.95787064346723105,8.2512473252172249,8.536305780358779,-1.1171117377533395,,0.3401174616907812,0.4921875,False,5
0.42813361053588006,-0.86994127578131486,-0.24475250401474982,0.89208276248433238,0.45014256931875224,-0.039496989321148979,0.14453358228395899,-0.20142950126307491,0.96878077995647471,-6.3056933343719415,13.235348008282505,0.89045998264033632,,0.3612024176187735,0.3,False,2
-0.61714129239847115,0.74168831648071276,0.26274525002890392,-0.78132949252238715,-0.53814158071772744,-0.31611368717177468,-0.093063684278315364,-0.4003774223137862,0.91161234654315337,-8.6500956834498091,-12.550636519052528,-3.3194658831680171,,0.2192326218881882,0.2542372881355932,False,2
0.83765796893391686,0.54342141104511688,0.054975422683589709,-0.53078085487838578,0.83362756212155587,-0.15276377766290472,-0.12884413520248122,0.098783893874484857,0.98673245164782108,17.306508250462784,-9.2824390020111984,-5.1793659436004091,0.2473409777157366,0.2256353470697186,0.625,True,4
-0.32213448403568873,0.939222590015101,0.11870257200408725,-0.93017375781222611,-0.29069323713218248,-0.22421913870830434,-0.17608564527678475,-0.18264273402174441,0.96728252193271858,-27.186571003991887,3.8337973246541908,0.85197533554430194,,0.1232815175990404,0.3636363636363636,False,2
0.92903487065144408,0.35722987240246135,0.096338088921131382,-0.35545250774227438,0.93401577622707788,-0.035609612447452199,-0.10270211221480827,-0.0011610436040475243,0.99471147983943897,-10.712654794371165,17.348594865363886,2.0320444936563709,,0.1797538430689222,0.2173913043478261,False,1
-0.99277883169989689,0.11135278176167872,0.044617813959497266,-0.11990031911948387,-0.90945658619517611,-0.39813644809444793,-0.0037556362489351569,-0.40061112792851006,0.91624048119269097,-14.22733152202273,5.5985013885910622,0.41282835181427019,,0.4813248084044679,0.2040816326530612,False,4
0.90884594385485229,-0.41679011560570184,0.016883420031745498,0.41549694848831903,0.90096169916456414,-0.12502120794247798,0.036896288911999399,0.12064002723759198,0.99201040704855281,-16.487577151473456,22.42786467544234,3.5225902443214396,,0.1784519827225816,0.5416666666666666,False,1
0.30423173939786252,0.94790846822742936,0.094406486036074239,-0.9351775743668812,0.31606416731481118,-0.15983224499728266,-0.18134484592683461,-0.039660786708328129,0.98261949342227539,-13.112807831806316,20.711460153227719,2.8921350572658144,,0.1886942306094521,0.8541666666666666,False,3
-0.90038242479827779,0.42307368939613088,0.10158810193679402,-0.43295344631169069,-0.84801814378122453,-0.30564119674002843,-0.04316019510155459,-0.31917688067683259,0.94671184443853007,-15.999563615300749,-7.3725469829247512,-1.9038150320058691,,0.2483956996904487,0.3863636363636364,False,5
0.43771571967037803,-0.88682665075697598,-0.14813318419789756,0.89129683491677547,0.44965825011610261,-0.058287307107666469,0.11830004573448802,-0.10651736764344923,0.98724827149482985,-7.0009178870678888,-11.26814330526115,-3.1971384483056733,,0.3487369334965385,0.3134328358208955,False,3
-0.98910438055931527,-0.14091306947581475,0.042614917684750377,0.12872310908035592,-0.96829098523438195,-0.214109619360077,0.071434484298975809,-0.20629123773135521,0.97587962356440539,-15.710480923227474,9.7566090606721403,1.2437033314229291,0.1184207700426663,0.1182809605945277,0.2413793103448276,True,3
-0.60247803225023722,0.78835871984618289,0.12454215952186616,-0.78989185316498389,-0.56658224289686299,-0.23463891905979106,-0.11441626177895114,-0.23973963142636157,0.96407148498650408,-15.237786575021424,20.908318619150425,3.1152710419099501,0.4311248802051788,0.2611603937925135,0.8918918918918919,True,2
0.7062905311413491,0.70187444904733132,0.092336035189821142,-0.69213862191731412,0.71203318331505971,-0.11812228370897425,-0.14865333386934865,0.019519314350849096,0.98869670915645336,4.5994992249438322,25.206059514937124,2.0819631506558536,,0.2751228014184979,0.8536585365853658,False,2
0.76282986655403184,0.64013910964085086,0.091172994912826821,-0.62671418728882333,0.76668311167646097,-0.13937838326299537,-0.15912234960578356,0.04918258409554721,0.98603303761974292,-25.216725321213222,-1.4903565602464413,-0.18691754895594673,,0.1111610224508875,0.5263157894736842,False,3
0.47711941253869095,0.87636138176815004,0.065937809518930385,-0.86094857324961838,0.48115109873803125,-0.16510958301271852,-0.17642171181060134,0.022007924223008242,0.98406861085658737,-16.830523554727993,13.639304494012338,1.9484017098633215,,0.2047962347618316,0.8055555555555556,True,3
-0.89866490919924935,-0.42499703353715912,-0.10853065216112739,0.42417169515721292,-0.77899439150493388,-0.4617857847869658,0.11171281932419841,-0.461026311058786,0.88032663626074981,-13.708586243228327,-7.9135101973622044,-2.1498934167415675,,0.3865673928284711,0.5625,False,2
0.96117302137018668,0.27062649929625665,0.053923286887595699,-0.26430407294021119,0.95903437658115687,-0.10196284403060285,-0.079308133361744429,0.083751790513676497,0.99332565534593498,-9.3449931368245416,19.708922055573883,2.3433112658748119,,0.1963925297165911,0.3529411764705883,False,3
-0.86072105947743716,0.50270207328708372,0.080311165381311042,-0.50677830970358706,-0.83113074425958999,-0.22890485088890852,-0.04832186447160098,-0.23772318241889234,0.97013024174830309,4.0447025036676774,24.052519465683915,1.9663372279865818,0.2320269587742379,0.2159364986492195,0.8048780487804879,True,3
-0.96453506386531906,0.25576948349753836,0.065223323172987901,-0.26383885937019852,-0.92689283089458097,-0.26694332043050356,-0.0078209245334648764,-0.27468463981015101,0.96150256463090622,30.210076879325811,2.6001963893960847,-3.9845944764736037,,0.166451937030462,0.3214285714285715,False,2
-0.93390468765513712,0.34689667901962046,0.086514325177497686,-0.35418459679928466,-0.86470358476879561,-0.35614741593632421,-0.048737108714894825,-0.3632497826195516,0.93041619163735523,-7.3181837359929496,-22.816376559950385,-5.3393744563920329,,0.2165488385603837,0.3103448275862069,False,2
-0.093056780446653373,0.99131153505456515,0.092961691468396043,-0.98087821135838904,-0.075245605470056237,-0.17948825404413568,-0.17093381788069584,-0.10788669670170901,0.97935799919106348,-5.409616732101072,16.601373969564218,1.4603612242068429,0.3746422314719973,0.2589998304092078,0.8333333333333334,True,3
0.89356585907625063,0.44194893509670752,0.078874547606999301,-0.43386360813332309,0.89527796868852427,-0.10119154272212763,-0.11533613930965796,0.056200511989092802,0.99173538679493922,8.6028288397599724,27.311418627904008,2.1386676390868349,,0.1963005769012999,0.5,False,1
-0.95446343950639834,-0.29732014643978683,-0.024500472784002129,0.2841337673300926,-0.88094939437133557,-0.37841269378759734,0.090926040870724631,-0.36814249289887857,0.92531268229381491,-12.465196645640395,-8.1767362172412845,-2.3022437444842079,,0.4647875705426163,0.5111111111111111,False,1
0.34477999103795209,0.9325690613079165,0.1069658995714986,-0.92122913375538251,0.35803773351274776,-0.15213764984828909,-0.18017669355434313,-0.046086085452388736,0.9825540350675368,-29.529698317211096,-1.1394193743390519,0.096975585431732375,,0.2801704968180333,0.6296296296296297,False,1
-0.99607658693480228,-0.082699205250152591,0.031500387478701986,0.070068570196731753,-0.95443586031393546,-0.29007341142783716,0.054053940012739929,-0.28672814650429918,0.95648582925797088,-3.6635818720516315,-26.628915993374594,-6.3438291040038619,,0.2094805440956103,0.6428571428571429,False,2
0.13987222360454246,0.98113687720052711,0.13343983386200561,-0.97325527886416197,0.16103150408585071,-0.16383838639003961,-0.18223589994006156,-0.10695458330079863,0.97742047957058353,24.164972470239508,10.509351830236566,-2.0008019472914977,,0.1236435216797448,0.2941176470588235,False,2
0.31048157495995465,0.8240898085082965,0.47379022691814254,-0.93320704257633602,0.35910167292637118,-0.013061553790025743,-0.18090275646411316,-0.4380890046716997,0.8805408659962608,-6.7191999097232431,14.04317697085912,1.092698417436081,,0.2375995575800012,0.25,False,1
-0.99002161529601573,0.11396312666258815,0.082883092413075288,-0.13999596349600851,-0.86252503892124499,-0.48626298176884519,0.01607269272685026,-0.49301416104934659,0.86987280998621697,-15.128077061245284,-7.3106221019002806,-1.9050483763542161,,0.2022470191655005,0.3076923076923077,False,1
-0.90892687005014505,-0.41692118704627879,0.0053543153407182714,0.40211227114151599,-0.87989335640117672,-0.25316674891952723,0.11026180797655148,-0.22795702479413291,0.96740783982183465,-5.5443350659072355,13.964302469283703,0.97932011563754073,,0.4131999280404642,0.325,False,1
0.10345444509368289,0.98440152377612866,0.14230536805614086,-0.97814476767965641,0.12663662967825293,-0.16491202953284892,-0.18036072535690348,-0.12213436867224806,0.97598832202939934,33.516189439308349,12.831596929968034,-2.3278183193428057,,0.3669305583184923,0.9166666666666666,False,1
