axis_00,axis_01,axis_02,axis_10,axis_11,axis_12,axis_20,axis_21,axis_22,location_x,location_y,location_z,dbh,dbh_approximation,score,reconstructed,number_clusters
0.79076577150717398,-0.57353308403088743,-0.21389085098405292,0.61159062495802974,0.75479285609688485,0.23715954935138811,0.025424438560369508,-0.31835129323928585,0.94763181247611328,0.029733107435667025,-8.0661385207812515,-3.3387008374580018,,0.4403426215436937,0.3935185185185185,False,4
-0.99955732485904802,0.003547233298848383,0.029539320515986435,-0.009967382313883168,-0.97541617672494163,-0.22014525539539964,0.028032224500234071,-0.22034223226431282,0.97501974086186938,20.883737627054984,4.8260737508634417,-1.6905180735390146,,0.1133195221925742,0.2608695652173913,False,1
-0.96382655328870537,-0.26570755402893248,0.020925365171936348,0.26133059645058798,-0.95753873288790226,-0.12176162933458627,0.05238983235702295,-0.11188865336304257,0.99233877013558747,13.986114704070685,-3.2710097626492085,-2.6592955573652062,0.2496100662627239,0.2177094092625994,0.9705882352941176,True,5
-0.99618365291464284,-0.081146283895372082,-0.032146699295743653,0.087234777542370301,-0.93775609343421029,-0.3361600850995593,-0.0028676214485995472,-0.33768149170036171,0.94125606872425893,8.4097172334862957,11.087998258151289,-0.64549135810470093,,0.5041010344761885,0.5384615384615384,False,4
-0.87976068534836804,-0.47541550927258597,0.0011090800042274189,0.47031440193024454,-0.87065717075691895,-0.14408488590602536,0.069465817870119254,-0.12623860167414538,0.98956471016047765,7.939692335953894,-26.133292421053806,-6.1826478978329691,0.3401302646672391,0.2605186710295295,1.0,True,2
-0.89848615871401816,-0.43867642559099795,0.01690018431953556,0.43408715569749623,-0.89351318541796265,-0.11490225734381464,0.065505449069420491,-0.095901934886382961,0.99323303158285181,6.3517245959318824,-18.867259120675257,-4.9174201899064105,0.2964042134775726,0.2659986709177732,0.9879518072289156,True,5
-0.98570489416168083,0.16505148250172472,0.033821143530203553,-0.1679258865340863,-0.97874096344786055,-0.11775832497489765,0.013665952489633076,-0.12175440276694442,0.99246617430994299,17.856593194790328,-2.9312637579794663,-2.7188853033448299,0.2395675787586516,0.2733477410532744,0.9754098360655737,True,5
-0.41885429945530622,-0.90763783617072979,-0.027470605729038398,0.90301158325030595,-0.41315448380800363,-0.11778562316818816,0.095557084214521221,-0.074141289850242015,0.99265901134063228,22.359327960761508,-0.81922291381699619,-2.5117721217810147,0.1594162533123709,0.2061335389505966,0.4761904761904762,True,4
-0.75520918338977572,-0.64909148985373655,-0.091319916355657976,0.65021123319369256,-0.72419370231279112,-0.22971467902428494,0.082972534928647701,-0.23285987058733185,0.96896431261299032,32.631792753875175,1.1482488607915298,-2.469670658532829,,0.209184505298661,0.375,False,1
-0.84711450206197181,-0.53134719453086909,0.0081962955335675228,0.52586529996790343,-0.84039772421134606,-0.13113867251905026,0.07656831385087344,-0.10677932386265809,0.99133015151838721,2.8384841704711881,17.454390653898642,0.29771684267144338,0.2158075046832721,0.2221575949975014,0.9622641509433962,True,5
-0.6030039803412256,0.79644484813400684,0.045407087260004725,-0.79576645295993187,-0.59653889632212631,-0.10438916379753616,-0.056053117988278958,-0.09908051804254249,0.99349942068841379,7.8096135330703031,12.329691780894972,-0.50949782899469787,0.2560533087121675,0.2793829850150386,0.9823008849557522,True,5
-0.44769204634168236,0.88836795028196136,0.10185389808064463,-0.8913830312393044,-0.43436826926226729,-0.12946234308373641,-0.070768094937094073,-0.14875009771401113,0.98633933571010202,31.685909512008564,-7.1706378045143042,-3.7283784181984019,,0.1706878250899815,0.2941176470588235,False,1
-0.8916606499108628,-0.45244055104891462,0.015454228129972972,0.4474870553493836,-0.88603851846758241,-0.12120676171943037,0.068531895459534822,-0.1011597328897591,0.99250697113239295,5.0633530834123617,-6.6176778200672857,-2.9621496339176629,0.2441289591147658,0.2376646034756959,0.9521276595744681,True,5
-0.76742234967997969,-0.64066701266617632,-0.024672172442955862,0.63642072916305548,-0.75654566389224065,-0.15035728760992045,0.077663329205116982,-0.13108942492529635,0.98832381837610839,25.646384723294133,-6.8027049028458793,-3.4290040879743038,0.3296998050983875,0.3023667641109328,0.8524590163934426,True,4
-0.8378139729543379,0.54207092119707989,0.065014330074348384,-0.54528853862142856,-0.82494978282639819,-0.14872210818430709,-0.026984372710401654,-0.16005302935973184,0.98673951548633032,4.7955251275012065,2.7836006116912833,-1.6755119209423006,0.2301490952782755,0.2032031461269737,0.9468354430379747,True,5
-0.67188204688706732,-0.74063825846578368,0.0054300246422024807,0.73529748081891799,-0.66788168774502199,-0.11520271644459346,0.088950153300582493,-0.073409953491547761,0.99332716108851615,15.895744615158739,-13.212343783802863,-4.164535698267013,0.3547940066563527,0.3383332675986713,0.984375,True,4
-0.66907232730305255,-0.74315663281202737,0.0077743131379768883,0.73795496992438592,-0.66555677901025667,-0.11160930193040619,0.088117439824230551,-0.068937602373327411,0.99372175370062255,9.071711135713322,7.8874117842478642,-1.0756176414289285,0.2899367757931642,0.2624170435958874,0.9935897435897436,True,5
-0.25039147578175591,0.96177561423705082,0.11086828543265662,-0.96454864734044388,-0.23795935032730886,-0.11411071161606336,-0.08336675458210871,-0.13551020423107571,0.98726236066189477,4.5302235244381883,2.1021311257141053,-1.7276602656869919,,0.06735387990251955,0.1881188118811881,False,4
-0.99800022068565719,0.063204936337066628,0.0008339868146071041,-0.060393749517229568,-0.94955119117577624,-0.30774198666401531,-0.018658899502106453,-0.30717693819571179,0.95146948143914656,13.519916785222707,6.7559527925530745,-1.237980629792133,,0.2096262486845022,0.3076923076923077,False,4
-0.9988244681586127,0.037436379954649157,0.030792844356348457,-0.04200394483654328,-0.98550778864840227,-0.1643473977022567,0.024194016322879892,-0.165447623038913,0.98592176850140611,3.4437701866004495,0.067135489121417868,-1.9526894009909224,,0.2532701780104998,0.7576470588235295,False,8
-0.98854272486513828,-0.15019575105737551,0.014983907384877263,0.1457232588611575,-0.97553058432429041,-0.16463538767468341,0.039344795629051618,-0.16056561092656185,0.98624067632839418,19.766796392535461,23.71095132930574,0.7835858171739013,,0.2478859694554943,0.8611111111111112,False,2
-0.6197297118577314,0.78182473509451633,0.068448285845017248,-0.78284440251539289,-0.60964065025285397,-0.12447055478945196,-0.055585301034081283,-0.13072245848998446,0.98985954213478355,28.843978263157663,0.34485813839883855,-2.5185643195354861,0.2700524786144596,0.2684222116563831,0.5869565217391305,True,1
-0.97933735089707175,-0.20152217361917082,0.016945992969145285,0.19679854032583433,-0.96896236252386758,-0.1496070671385091,0.046569170741237426,-0.14318084212620824,0.98860030284463463,14.339244742006539,7.629698123883653,-1.1607996479266043,0.3098574369034793,0.2820494084673156,0.9795918367346939,True,5
-0.93089399497319569,-0.36476274534309261,0.019608919720778203,0.36003039538597342,-0.92524518677706946,-0.11958034430493761,0.061761513267289236,-0.10425681731012991,0.99263086367657249,17.116841056118936,3.7640408377033414,-1.7297746001261378,0.2467056030135322,0.2161570087893926,0.9279279279279279,True,5
-0.35046097132836812,-0.9365770436164147,-0.00074090911304097035,0.93161534515580902,-0.34852279464939256,-0.10307623528243999,0.096280611993279364,-0.036814439837030047,0.99467318289661633,2.7510284079332945,-3.8909032932953056,-2.524095761385261,,0.1150220338469198,0.6885644768856448,False,5
-0.9032685313114962,0.42652305209984087,0.046733781890709244,-0.42886129006726953,-0.89400327747356623,-0.12975412805902953,-0.013562972543262016,-0.13724513067485539,0.99044425379817935,11.137086642260096,-5.0691104081673455,-2.8318271823082335,0.3432307817355686,0.3225968363216969,0.9568965517241379,True,5
-0.97354919703869391,-0.2273932368792865,0.022232336064300397,0.22298726139336045,-0.96684958804827192,-0.12441284237239135,0.049785963901530048,-0.11616449505958791,0.99198143525267035,11.474086971837169,-17.070749640445424,-4.7067976396020494,0.2677798445613829,0.2445294861082689,0.9259259259259259,True,5
-0.6528693677473032,-0.75737970365331142,0.011729158164889581,0.75208311863592447,-0.64999173486153383,-0.10900333607075613,0.090180770234553606,-0.062343637251237254,0.99397218249515751,-4.2051726432420233,14.580763302464604,0.1059614080411185,0.2639680419669767,0.2355475424812239,0.9120879120879121,True,5
-0.9465006572546959,-0.32202688054605383,0.020861304422431982,0.3171370199798304,-0.94018662241901507,-0.12439142085624834,0.059670900569210206,-0.11112066967986244,0.99201390131144696,0.91070870706063578,-14.340043665105629,-4.1505858444481749,0.1779154982664979,0.1942646017843061,0.9242424242424242,True,5
-0.62303569418608939,0.78014798700937638,0.056530010925846669,-0.7799357369972777,-0.6141258298804767,-0.12062218381429746,-0.05938661401841111,-0.11924170176089721,0.99108760795229101,-1.3685988249793186,6.0669370363318906,-1.1567127732680653,,0.2687083851328885,0.9641434262948207,False,5
-0.99958731376558696,-0.011673034715254349,0.026247712651507219,0.0086716543691946323,-0.99370577804621008,-0.11168540230522266,0.027386211300595313,-0.11141170018501048,0.99339691387304307,6.822835277429915,-1.3467881388983045,-2.2400790759831701,0.2246153900960807,0.2055341834809236,0.9595959595959596,True,5
-0.34726748163284366,-0.93164431400737979,-0.10697741994506041,0.93266438209607549,-0.33124039800256877,-0.1428878899712851,0.097685447072370091,-0.14939434697745113,0.98394048728642769,10.399282631711017,-18.71852193613924,-4.998649455634931,,0.3178866178625429,0.6451612903225806,False,1
-0.57003127717848112,-0.8216002989040424,0.0061067077101345166,0.81623567382340523,-0.56712772461473626,-0.11011570619744764,0.093934380374388574,-0.057784883958517268,0.99390001477491663,13.799171294972709,12.311711597377531,-0.52769018814953961,0.2048317045293855,0.2010641876766251,0.6739130434782609,True,5
-0.99833984391940178,0.046785882424843765,0.033595196810147519,-0.050823944993654974,-0.98999695870843385,-0.13161667205689859,0.027101340525254043,-0.13310560827320519,0.99073125235250026,13.438688901701548,3.249352436604013,-1.7459644921928681,0.2627744807100561,0.2358323416049149,0.8969072164948454,True,5
-0.8599287325915389,-0.51034940168119058,-0.0081279189931305826,0.50461217514444567,-0.84765181505290677,-0.16386870699893441,0.076740651284046418,-0.14501685640352946,0.98644867266337621,24.64466587671604,-10.806145997434063,-4.0683362425765441,0.2930825180031503,0.2751547653376814,0.3809523809523809,True,3
0.64026106537153082,-0.72180352841242856,-0.26280303373568675,0.76542634434375156,0.62830961729486201,0.13910261032541621,0.064716918606133489,-0.29021835087766618,0.95476962103953344,4.7252201309478119,-4.7531378880892037,-2.6473676696275112,,0.4189397516047609,0.18,False,2
-0.76154544370479293,-0.64796039244664105,0.013995248938912045,0.64289131203834837,-0.75797064088902999,-0.11032347191727278,0.082093227967220808,-0.075018913419652403,0.99379719487994811,8.5701262341576072,2.8495797837238839,-1.6939008195391556,0.1684290424866094,0.1762366933630423,0.9407407407407408,True,5
-0.96739937378625174,0.25103507061002317,0.033464084057202255,-0.25325489445147681,-0.95924791269426235,-0.12532118906262948,0.00064033923682733224,-0.12971058289715837,0.99155169035715929,5.8174282171182359,18.349396539697107,0.3483964266887033,0.2173315346755778,0.2124731713800246,0.972972972972973,True,5
-0.99495111409083481,0.095138129582498121,0.031953354580528878,-0.098382588969214535,-0.98748709588194528,-0.12324813042945243,0.019827928714814654,-0.12576951843028003,0.99186132169607977,-0.74654660103177628,-6.6823223611338545,-3.0869453695430162,0.2733432024323841,0.2229401094460311,0.9173047473200613,True,5
-0.92295913784023442,-0.38454033272110671,0.016588019410094617,0.37972048049313112,-0.9167429785124358,-0.12407525152991523,0.062918888827400904,-0.10821757647853042,0.99213414897877406,9.4016492320010556,-12.631428659157198,-3.9887959905089239,0.2650809944099017,0.2360503392374435,0.9642857142857143,True,5
-0.99952940814562108,-0.0049631302416142612,0.030270936395645039,0.00082283791914801951,-0.9908070604457615,-0.13528004992824533,0.030664070013995629,-0.13519148016437468,0.99034487856561471,16.209768709105525,-25.388440198724052,-6.2846088586515103,0.3897237331245899,0.329471063574273,0.9852941176470589,True,4
-0.99947477665710116,-0.016217408835100137,0.028056487251860131,0.012477850954340633,-0.99160895192503951,-0.12867008081790771,0.029907759223984622,-0.12825241562169837,0.99129049416677029,3.5434809515845185,5.5548047970218279,-1.2982051657257039,0.1567890996043872,0.1520316319493686,0.9022988505747126,True,5
-0.0315883232925619,-0.99947967176615193,-0.0065240752441238711,0.99614348189948942,-0.03094697684674624,-0.08210023199242511,0.081855612518187584,-0.0090923237004268687,0.99660272343045508,-3.2006227566270193,22.479320593336894,1.0254067419955899,0.3059795270042492,0.2788074170637797,0.8545454545454545,True,5
-0.8744917706128742,0.48290597879921165,0.04545281916818792,-0.48437917621687082,-0.86456560302180363,-0.13380258487417773,-0.025317124201344004,-0.13902565846462028,0.98996510519848779,9.9642347742783883,22.348895954828325,0.78996263942971989,0.2144703362109451,0.2181754938807168,0.3448275862068966,True,3
0.79538389332601223,-0.59978007402985889,-0.08734028299869101,0.60516782593243035,0.79387871517747899,0.059401077804788815,0.033710008807028659,-0.10010218971077528,0.99440594674475735,17.824958985950946,13.418463344726616,-0.44853166826603347,,0.1602476419206254,0.5416666666666666,False,2
-0.16515532121583465,0.98499260909355835,0.050132623162552202,-0.98237801818742854,-0.15978146553647452,-0.096970679347709726,-0.087505138456175038,-0.065264410685153915,0.99402384651560782,0.39267092640691353,26.477428251475239,1.4193500725584953,,0.3312455284095962,0.8,False,1
-0.17460531442059218,-0.98463443357301084,-0.0028313245031140986,0.97993906935701702,-0.1734906444936411,-0.098083722507276247,0.096085402240868464,-0.01990046470655444,0.99517413902325313,1.1116207496324957,-20.552143858258177,-5.0187254376943402,0.1847662189372555,0.2359027881298946,0.8,True,3
-0.62411875215896173,-0.77746980199189808,-0.077566037633859053,0.77571962831261232,-0.60470176886055493,-0.18054038048995319,0.093460373710367015,-0.17284813486871309,0.9805042992350026,20.924069800570091,12.622456712056605,-0.61405471786992227,,0.2309802925777669,0.32,False,4
-0.69158788745253941,-0.72229036577043559,0.0016797154949534029,0.71659066713827924,-0.68641837958816054,-0.12380478154691761,0.090575988535867014,-0.084418218879424717,0.99230517212295932,18.411807324789336,15.227278488368713,-0.24712226125243833,0.2683984021918826,0.3032234516241296,1.0,True,4
-0.067392409151814825,-0.99748292204013966,-0.022047299766143481,0.99316871068482715,-0.064958390929096388,-0.096934614893443891,0.095258465793607958,-0.028429345510695196,0.99504653007207677,26.510369359274726,-1.7634439265279291,-2.6905617738966554,,0.2270456495505307,0.8484848484848485,False,1
-0.91170390723074701,-0.41084297112679213,-0.0020096307867111286,0.40592784623136141,-0.90002044693866035,-0.1587002796037302,0.063392185592211756,-0.14550343009030275,0.98732476047033191,23.523886506979601,7.9686382159599694,-1.2603144499693304,0.3690635313641495,0.318480022350698,0.782608695652174,True,4
0.98623565549531089,-0.16357131058244359,0.024159018690247405,0.16461993783034459,0.98504417699987046,-0.050874801497217431,-0.015476042726337715,0.054151599357632745,0.998412788574216,2.7865934626589435,-25.338244445395254,-5.8448104590485412,,0.1414001807411731,0.15,False,2
-0.82953803660807202,0.55464283769140199,0.065099680629421675,-0.55768426476028699,-0.81664906862137654,-0.1485683666148869,-0.029238786896891158,-0.15954817867173013,0.98675704812447662,6.5458137510807921,19.940235633216375,0.50090518004654372,,0.1178855853884445,0.1428571428571428,False,3
0.8320592239846083,0.55035589188315814,0.069179766200995585,-0.54949184176373411,0.83485996361994985,-0.032673490471560887,-0.075737465083211622,-0.010827438015934089,0.99706900612183302,2.423390246625738,24.506110608709804,1.1367570462210792,,0.1328703361583989,0.2380952380952381,False,1
-0.99610304869786537,0.082570867681321686,0.03099626082565516,-0.085705184244068339,-0.98916263636473756,-0.11921367460846516,0.02081676652385437,-0.12140564496890742,0.99238466916875301,-1.27232534515033,-1.2155147227386727,-2.1847690777119988,,0.2250034792272119,0.9202898550724637,False,1
