axis_00,axis_01,axis_02,axis_10,axis_11,axis_12,axis_20,axis_21,axis_22,location_x,location_y,location_z,dbh,dbh_approximation,score,reconstructed,number_clusters
0.99354768427288498,0.11235635143063584,0.0154612214647428,-0.11235154025557155,0.9936678186625032,-0.0011821830237865039,-0.015496143978004792,-0.00056253684012654839,0.99987976930934785,10.901393126908507,1.8051682310765307,-2.970073667712906,,0.2639953288958136,0.3676470588235294,False,6
-0.57875311394691997,-0.8110329355534649,-0.085266702435791347,0.79804187116940617,-0.54173646142285181,-0.26391433880234832,0.16785113927875933,-0.22078764415740529,0.96076990545616403,-3.1082621359118576,-7.05064994607147,-4.2530967472752499,,0.1680631437121655,0.4461538461538462,False,5
-0.98359668100670616,0.17170528579991434,0.055270823595812882,-0.17211010967791332,-0.8016272124358037,-0.572513687547343,-0.053997030096536926,-0.5726352304135417,0.81803008112781594,-4.7337070879858638,-3.6605265078517717,-3.4499172344110511,,0.7193646997123879,0.4055690072639225,False,5
-0.66253733716778496,0.74831009468960352,0.032806692065128942,-0.72884674789222881,-0.63396824077328928,-0.25858593886315806,-0.17270406754196913,-0.19523389018419957,0.96543100902032419,11.317807423537895,13.992501093677014,-0.42324977632220123,,0.1565751825858542,0.7647058823529411,False,2
0.99996287589680477,0.0085533100484907441,-0.0010429359554052914,-0.0085710451934904765,0.99979419190118279,-0.018387795543591018,0.00088544479434651564,0.018396051964379465,0.99983038624540743,-4.4906285891403526,-5.3430437389552923,-3.8029842038179713,,0.1590269946977136,0.2625,False,5
0.98295275344158739,-0.16031074196003611,-0.090024166276759243,0.17935962848755149,0.94374200817283127,0.27781494862357603,0.040422866924678828,-0.28922566971507818,0.95640708059249291,-4.7767399421692289,-0.33963526925656118,-2.7322097858667171,,0.3684398989531811,0.3047210300429185,False,1
0.081605997752375259,0.98640594546914895,0.14263159493588232,-0.97232416487454532,0.11022787460311835,-0.2059988690781997,-0.2189204867796922,-0.12187340318376877,0.96810159284268782,-8.6982669330203208,-11.793515305804137,-5.0644855733816199,,0.1522747433012979,0.2857142857142857,False,1
0.49107044806739675,-0.85341499421153055,-0.17473597995209778,0.84688914033291929,0.51468901774110676,-0.13369367600175985,0.20403087761673502,-0.082328990468900742,0.97549645735251977,-7.3660093040884265,3.6403242857207938,-1.8140935046152642,,0.3638522991961686,0.3181818181818182,False,7
0.19219524180816439,0.98085390550517415,0.031410270319554359,-0.95717442923032248,0.19442477863398611,-0.21451367667524371,-0.2165135124049001,0.01116340039466723,0.97621579450330587,-2.3704154886610094,-12.57311391400426,-5.3807875856767602,,0.1369190918468144,0.797752808988764,True,5
-0.26012338478062119,0.94512213163420278,0.19768657259787265,-0.94199124925006195,-0.20342112598672099,-0.26696878438986443,-0.21210448139202556,-0.25566384530769248,0.94321136929953531,5.7502289502870925,7.4996629321440489,-1.5621658097557611,,0.1911652713770235,0.2222222222222222,False,1
0.28630666206355748,-0.95778363021850943,-0.026057876802932797,0.93734977074747317,0.28562566090085478,-0.19948280405741317,0.19850416251978761,0.032687910921361731,0.97955479578322413,-18.79659341182111,-1.7836711837942194,-2.6194714733020508,,0.2562564995755671,0.953125,True,4
0.51677628664393738,0.8559914422837781,0.014863387885715833,-0.83492271966628551,0.50774427909918918,-0.21236713311409222,-0.18933124873500723,0.097336518218922502,0.9770769061202198,8.9003850119011805,-8.8991571295157215,-5.1110614679063788,0.2698987533727786,0.1962160405341908,0.9790209790209791,True,5
-0.25565685264071908,-0.9650730120785812,-0.057215863669237171,0.94313530284549352,-0.23596463122695843,-0.23412922358489369,0.21245087484964945,-0.11381904132218153,0.97052040246875704,7.7210071419965116,-14.034342614510454,-6.0595405086327654,,0.07868085043654185,0.3125,False,3
-0.050701079011321197,-0.99624169770410786,-0.070227347541571339,0.97436581084684959,-0.033910345116803256,-0.22239908980663559,0.21918181320503863,-0.07970300025529882,0.97242314066997348,-6.6822078144531236,-8.9307439122637007,-4.5716601396370313,,0.1765860038922835,0.4210526315789473,False,3
0.60415971436191906,0.7842124392140255,0.14142803726317119,-0.77878217834067431,0.61867047940689479,-0.10365884723166094,-0.16878790904883711,-0.047515135403692406,0.98450645181557328,-7.9726058727988995,0.42234837215404786,-2.4591432207690982,,0.3805629654767085,0.1666666666666667,False,10
0.85899319078114234,-0.50465517519763126,-0.086335695618210889,0.49412828539216891,0.86130753771750868,-0.11826480053844134,0.1340445290454895,0.058927749127644341,0.98922170650250196,9.6599536405732191,-5.710380872768825,-4.4464424763192598,0.4702746586099503,0.20642868250427,0.1714285714285714,True,5
0.43304827215270475,0.90028624919958922,0.044202528069019788,-0.88000411329459471,0.43288853623403217,-0.19544890836674314,-0.19509473229729107,0.045740405543593196,0.97971723508906194,1.1023994058799571,-13.689030971010709,-5.7485992199595852,,0.2246812930627207,0.9333333333333333,True,5
0.99320934326862542,-0.11633598152676934,-0.0010676357570297747,0.11381225988208789,0.97348430813712461,-0.19843152801738947,0.024124053234034156,0.19696253758770271,0.98011417133034773,-3.9129911861584894,-6.5427742267410043,-4.1110581096450165,0.1534234445463423,0.193096703749617,0.6952054794520548,True,5
0.46780353608808778,0.88323631364055899,0.032457139278112682,-0.86216103089546825,0.4641075635315674,-0.20318101849842338,-0.19452045760985115,0.067065518259606105,0.97860309003795087,-9.7985987746701841,-2.6063903501561896,-3.0911128998603816,,0.2034480593821951,0.9157303370786517,True,5
0.11329915435092149,0.97890638946010544,0.17001641772942369,-0.97226559691474213,0.14447391837639112,-0.18392089594440011,-0.20460427825288771,-0.14446303189104012,0.96812577784989406,12.780296215906825,5.5326619536716644,-2.291870440924503,0.670374710244282,0.3447641700681711,0.2021276595744681,True,7
0.48165208485038197,0.87552635754363184,0.038273573202149289,-0.85513737088721398,0.47909185675593546,-0.19801785197868541,-0.1917064059216145,0.062646548480582931,0.97945089917365746,0.99074944967365708,-21.198985117548762,-7.3480586689884602,,0.2079160767248326,0.9777777777777777,True,5
0.7772989250707899,0.62598821113692915,0.062810354252968659,-0.61564733800638693,0.77739805935394446,-0.12895973215841985,-0.12955591954613829,0.061571233789078347,0.98965865169776912,11.578853217242035,5.7173086736253209,-2.1926713212225901,,0.1200984857088516,0.3428571428571429,False,5
0.66003815218884709,0.75041955290647289,0.034930391792535154,-0.73290363896150834,0.65344650331966259,-0.18936716530666864,-0.16492996590101452,0.099388942619153306,0.98128484367839652,-6.9597471076930519,0.16247260775779071,-2.5953581097194478,,0.2448138156127753,0.7433962264150943,False,5
0.43365980490440398,0.89874183085741077,0.064825111471900551,-0.87760597384328809,0.43758261121760583,-0.1957784794980186,-0.20432065065687585,0.028010352140794573,0.9785031895135039,15.029048851109666,5.6139798152728053,-2.3461763332795775,0.1875776556818763,0.1912408743343121,0.5609756097560976,True,5
0.73754817850663845,0.67477097673539455,0.026585961278523709,-0.659203487346398,0.7279587054968053,-0.18848576965321237,-0.14653820884632288,0.12149177769288937,0.98171599829132572,-2.3078904491337302,15.301661474212194,0.52992879022117512,0.309103208391844,0.2548942868860024,0.963855421686747,True,5
-0.85190363264845637,-0.52095082027676387,-0.053576520354817025,0.50728367357854187,-0.79545868412231879,-0.33152489555845943,0.13009025790205256,-0.30960575690279896,0.94192398848931613,11.383332994629924,3.935594268855982,-2.5701732290798076,,0.2134535717070581,0.1153846153846154,False,3
0.53857149026528595,0.84242760955502261,0.016014759843305554,-0.82210693511837696,0.52955484690339094,-0.20907379403309623,-0.18461023022491671,0.099435339696385266,0.9777687232243456,8.1219884113342484,4.0228670424770101,-2.3571419590441645,0.2639631546057611,0.2198256963034372,0.9753694581280788,True,5
0.68469738088641141,0.7284322634823357,0.023998627570975855,-0.71135708629374639,0.67508876127389938,-0.19551537070354227,-0.15862090778633289,0.11679726845981302,0.98040695922324328,-12.479250573307381,5.7587732972616603,-1.169110163283106,0.327581456028646,0.2438314574831766,0.9375,True,5
-0.87029457293243928,0.48456370855511971,0.088234736219088741,-0.47235976144233882,-0.77040503797523507,-0.42819660581619912,-0.13951204999741029,-0.41433572114130551,0.89936772128636822,-8.795112553416212,0.49413497346500002,-2.479132667545584,,0.2423230727814434,0.1428571428571428,False,2
-0.80223091084894149,0.54723747934057854,0.23865604304824745,-0.58681531038872459,-0.649209953221215,-0.48391551755641371,-0.10987882949805035,-0.5282590064007211,0.84194362340043916,-6.1753546986801062,-3.6485076117981454,-3.4152113882447486,,0.375757433051688,0.4014598540145985,False,4
0.18590424846654405,0.98171500014540036,0.040930048761347301,-0.9580225062617741,0.19035557951693846,-0.21437730953316639,-0.21824868361114574,0.00064174472128040484,0.97589297582558443,11.94347015836815,-6.4571496964639961,-4.6995753800028082,,0.1288223306932465,0.3,True,4
0.5968014153599972,0.80155548630140749,0.036563273983860584,-0.78280117709690678,0.59163469780723155,-0.19284890843933605,-0.17621120214107189,0.086470727594143454,0.98054700321266508,8.3111171914866198,5.09974550634516,-2.0965471423187894,0.3314102089947927,0.2427889225090124,0.9897959183673469,True,5
0.96219700951374421,0.27214134932521977,0.01077037001489416,-0.26514524254756439,0.94503360238272327,-0.19133606748840262,-0.062248817155045474,0.18124727957953468,0.98146549017671336,-2.599452400563663,-3.77213671519671,-3.5565564577026532,0.3348870253013841,0.2730760594563547,0.9721854304635762,True,5
-0.67256058081690884,-0.69115894645451403,-0.26450250635316863,0.72630297877534744,-0.54792236944303863,-0.41504826235750264,0.14193747973413781,-0.47125405865606246,0.87050178865233163,-2.202416851770864,-16.221452038947582,-6.1033402008429904,,0.3965207727626111,0.3968253968253968,False,4
0.19238199100112091,0.98004067172886988,0.050094423798175379,-0.95748204315914642,0.19864725217720991,-0.20920661134445759,-0.21498210754905089,-0.0077169268281127301,0.97658749862677363,8.6572138795761688,2.7524240533804805,-2.6633401781069672,0.3076488381670198,0.2571919048415564,0.7699530516431925,True,5
0.40461423106783911,0.91358265066825139,0.040670190746447558,-0.8921567029964862,0.40411151524878658,-0.20186703678849613,-0.20085751495978391,0.045394092581531702,0.97856815554302523,19.226046264706415,-11.661823998267119,-5.9396086972280351,,0.2466431236261995,0.9807692307692307,True,1
0.9347983116393106,0.35187527691325199,0.048331212001343209,-0.34354288205548283,0.93030825233935477,-0.12847117894029608,-0.09016875703540099,0.10349079730352441,0.99053483034579537,12.781398709586101,-2.6754307341168619,-3.916383068952324,0.5015024068779339,0.2501899875838459,0.4536082474226804,True,5
0.40506618169259406,0.91377087736808871,0.030727383925996252,-0.89185740380146938,0.40230421141159728,-0.20674064129966127,-0.20127533314712218,0.05633919731808195,0.97791315315424032,6.6607503427421104,10.680507976271642,-0.91968016152892929,0.1403903733087794,0.1549844125520864,0.5208333333333334,True,5
0.99280069049092412,0.11312691562991174,0.039358479655692911,-0.11686124701824789,0.98691194257207859,0.11112275443826333,-0.026272379147782712,-0.11492222834886767,0.99302701047113828,11.672251182106276,4.0489914837406298,-2.5482540301547139,,0.601128169466369,0.2745098039215687,False,1
-0.70158077203683256,0.6492836547678692,0.29362417468505897,-0.6970946782491324,-0.53989003938839464,-0.47178146946010635,-0.14779522950671223,-0.53567665715474067,0.83138865106193383,-5.1271686063914705,0.095679692286430196,-2.6411712123246534,,0.4408739734880532,0.182370820668693,False,6
0.71653595466617082,0.69713703430648111,0.024003771974497917,-0.68114448405907879,0.70668860778391163,-0.19139854613953594,-0.15039420702450867,0.12079390310276833,0.98121884178131658,3.9587370348859183,-19.542950327643926,-7.0781601527408133,,0.2957863721824635,1.0,True,5
0.57266912541461568,-0.81977482154205461,-0.0043948563743843993,0.79945618593260381,0.5596456217126845,-0.21832678459574359,0.18143836300780658,0.12151551367424275,0.97586582088191398,4.4508266434444721,-25.911948542496813,-8.415863509899344,0.2270718118653367,0.2221317470647478,0.9215686274509803,True,2
0.33253745863328837,0.94223628559403727,0.040120078709620657,-0.92022936982047154,0.33349281687762417,-0.20484249561759726,-0.20638979026476106,0.031198128164674339,0.9779723571111244,5.4076351972908991,3.2586842528270847,-2.3856819343942295,0.2550112439554187,0.2272234339033569,0.9281767955801105,True,5
0.75925922105866139,0.65054758635767407,0.017699523202597406,-0.63479350200894169,0.74631718314499207,-0.20011964408760044,-0.14339680974351718,0.14070714277082275,0.97961158370481338,-14.224675457892735,-3.9099791977535183,-3.1898719451274906,,0.3246766925410436,0.8202247191011236,True,5
0.99449900001769176,0.10232351047683895,0.022397280359622813,-0.10248059709536286,0.99471703477817586,0.0059789581944407477,-0.021667168314970071,-0.0082413546100852369,0.99973127083801949,0.83218967906737251,11.324406583779268,-0.46357380477488863,,0.377995014455935,0.1923076923076923,False,6
0.45838421034824112,0.88834567149188959,0.026942227915367805,-0.86709181586450879,0.45365831683978086,-0.20578122952029879,-0.19502743028663597,0.070965481071580516,0.97822707074179405,-3.4814103202633566,-9.8094508314854583,-4.8162860610180616,0.3396817502031939,0.2821276929054738,0.9915966386554622,True,5
-0.8320852286976449,-0.53759846334810979,-0.13646268496896091,0.54531356533471309,-0.74798727172599722,-0.37834925240819683,0.1013276252812155,-0.3892337774932294,0.91554889482387525,-1.8131990531673485,3.6549886519769488,-2.0120338468737429,,0.2762460167481552,0.2688172043010753,False,3
0.22108012528707049,0.9716506686196188,0.083776824803164007,-0.95183481313382201,0.23368610248369964,-0.1984975919563729,-0.21244779761050517,-0.035857825882567883,0.97651428541185215,-2.7629192203318604,6.5822693560053072,-1.3247513465282503,,0.1809436862391841,0.2894736842105263,False,5
0.96503022942368599,-0.26182952820407329,-0.012726132912248632,0.25572826299936446,0.95099174670663866,-0.1738325435561007,0.05761694023284801,0.16449922752489837,0.9846929939539103,9.8715383488897466,-24.193279390274114,-8.1817955374409106,,0.2546422092976706,0.8536585365853658,True,1
-0.49539316352398222,-0.81363818894795958,-0.30426717045909757,0.84745789843330788,-0.37574858488375507,-0.37500414843152952,0.19078973745121128,-0.44362810826562826,0.87566738984614345,-9.6519430391165582,-1.2058833011758732,-2.7875168713198808,,0.2789766198908518,0.3934426229508197,False,1
0.7609021055786912,0.64847661496248465,0.022495901242474775,-0.63302506791837654,0.74949304094816749,-0.19375098698381543,-0.1425035056159972,0.13318506454203211,0.98079278620414301,-6.0636376612872374,-17.199702580793488,-6.2861135283583458,,0.200738517408972,0.9384615384615385,True,2
0.46132817601146392,0.88687252358549151,0.025168252363604621,-0.86564251281856786,0.45614199167911595,-0.2063916748034301,-0.19452340224017137,0.073427585661735018,0.97814571288985219,-7.4526059941744212,-10.079977329697549,-4.7417452303861714,0.3736049246411706,0.305419380125178,0.9715909090909091,True,5
-0.77023628885692064,-0.6009564864307404,-0.21351196862175653,0.61353544186493447,-0.60683143719308996,-0.50530175975328639,0.1740985953519387,-0.52019891219704406,0.83611169758920001,-2.8917407705186498,-10.722454962548754,-5.0157456506875979,,0.5417616685769162,0.3421052631578947,False,5
0.88986627872885005,-0.44432632567084368,-0.1034993830760112,0.43971414383403057,0.89577963870402189,-0.065040837906625626,0.1216119965035224,0.012367505776756649,0.99250066352989808,9.9017215760740687,7.674121841992581,-1.6465882865114185,,0.3564080492968734,0.33,False,5
-0.97448985544853861,0.22060369911957667,0.041273836296684727,-0.22063788589109321,-0.90800732175788001,-0.35614832155099396,-0.041090691614951796,-0.35616949836958345,0.93351745751954973,12.762535569556949,1.5208592615205223,-3.0457105772268065,,0.1614091585170651,0.131578947368421,False,5
0.034940204576136669,-0.96998141967263041,-0.24065582809075561,0.98128191841462786,0.07892885012659083,-0.17565885463079506,0.18938051298031255,-0.23001365635014756,0.95458301849328464,-1.4432806469620694,2.4902300851339718,-2.2410819306581131,,0.3034875846827231,0.2129032258064516,False,2
-0.97201552573642147,-0.22130491042272107,-0.078803263575438084,0.22918762029404116,-0.81973139308315135,-0.52489377772832302,0.051564061431417604,-0.52826563376463098,0.84751198678953765,-9.4057535853686076,-7.9689514543113757,-4.2258441086895839,,0.4824430309651165,0.169811320754717,False,1
0.90196724785129945,0.42383675524521935,0.082568085279717082,-0.4212352551469809,0.90570198449954542,-0.047589653233080093,-0.094952322903721215,0.0081437200830396152,0.99544851006890289,13.028429522740899,7.7631739810513345,-1.8346710894149467,,0.285845965610492,0.5,False,3
0.74467132221136456,-0.66737577173485274,-0.0086140105228285878,0.65123488991179723,0.72936594600608451,-0.20956725643148016,0.1461428754252041,0.15044898174450511,0.97775629062384162,2.9337346889586082,13.624632822304036,-0.097651005047119585,0.4030931975523941,0.3202606681400812,1.0,True,4
-0.17885142303713672,0.93789485012508,0.29726321431762182,-0.95984569947403642,-0.099960820115895965,-0.26211460783968987,-0.21612126614192328,-0.33220638848554779,0.91811247337709145,12.35082253657467,-2.6500281436560282,-3.8805645274805638,,0.4447469120944273,0.3492063492063492,False,1
0.50967783572212244,0.86001449789349671,0.024567604413326661,-0.83806585693461955,0.50272429275795227,-0.21192900913149706,-0.19461275193073754,0.087426248255389971,0.97697621665111789,12.181588027270752,2.9508490358158546,-2.7569405992550906,,0.1048332484909224,0.4565217391304348,False,5
0.15293167706044647,0.98711284632401552,0.047118263694450525,-0.96424843584570641,0.15949118478810539,-0.21163061202008276,-0.21641824350222363,-0.01306868765357954,0.97621327243713774,-9.2574221594792601,-7.158823869855766,-4.0119793800807901,,0.1670148512761438,0.1428571428571428,False,2
-0.76014605183283701,-0.60140216660567403,-0.24595408897790616,0.63879059911601921,-0.62247325769335304,-0.45218758711139106,0.1188467515919045,-0.50084176888377219,0.85734063952283668,4.522077271064175,4.9912673534139014,-2.0310835175427648,0.7662949167634543,0.4713077655003303,0.5367647058823529,True,4
0.69274248778001069,0.72099847591233623,0.016402541158329332,-0.70280501582629651,0.68001477174024572,-0.20891390557945339,-0.16178057780142088,0.13319575048457757,0.9777964699767987,9.6745969013227935,-14.121892748599009,-6.1601344552550925,0.1061009946528685,0.1263467443664635,0.8780487804878049,True,2
0.21173856246986003,0.97657598804647427,0.038289956049231702,-0.95365947710265175,0.21502218707381843,-0.21047342064567343,-0.21377647881723563,0.0080497600614351829,0.97684943490154075,5.0754270619880648,11.557371603536641,-0.63154089926331447,0.3012607041595664,0.2526413816981683,0.9741935483870968,True,5
-0.57662339938373997,-0.81683214253198466,-0.017050108789916436,0.79699575208197959,-0.55778446642503099,-0.23167706010354952,0.17973098354602143,-0.14717927823423876,0.97264332291546041,10.937697355075477,-18.131345140582848,-7.0210720351185945,0.1691870414992339,0.1180379406515876,0.7735849056603774,True,5
0.77408767916799814,0.63265100147909015,0.023258875463037312,-0.61882354155577379,0.76389939060565659,-0.18307142171478843,-0.13358775908244894,0.12732019227054506,0.98282443969587929,18.068892914086838,-7.5109696935076897,-5.0898016634960195,0.2590975373424189,0.248867301028053,0.6363636363636364,True,5
0.0052686120419525532,-0.99120818287470513,-0.13220658050709075,0.97796203019813399,0.032701783588944128,-0.20620587004459057,0.2087163367297733,-0.12820659714822918,0.96953625988395931,12.553639446536421,5.1379763188008809,-2.3570758627500834,,0.2970931715375942,0.4166666666666667,False,4
-0.41677712409054285,-0.89818091188562976,-0.13988523281288931,0.89274460512482723,-0.37546440844524082,-0.24906534887732257,0.17118381598542967,-0.22868652674603548,0.95833113986215768,-6.5834742058200701,-9.9807238452931628,-4.7438349781473521,,0.2056569086843555,0.425531914893617,False,3
0.98292203782824594,-0.17208985166693255,-0.065187042461073721,0.17951975762301833,0.97457673370118003,0.13406284627484188,0.040458919591869022,-0.14347568812029574,0.98882647757018838,0.29815205171130071,-22.883908595966322,-7.6838901055799784,,0.2756176625293695,0.2758620689655172,False,1
0.26026292009247215,-0.96528617876521916,-0.022040996115887494,0.94195456513389775,0.25885432184805063,-0.21381308959929191,0.21209622733171951,0.034886002141646381,0.97662590443128416,-7.1511507313510938,-8.0041029031383921,-4.289803117030619,,0.09275266906013285,0.5454545454545454,False,1
0.22186944180917417,0.97379140073532922,0.050042568331472831,-0.95103989206247241,0.22744001015681364,-0.20927055570640565,-0.2151675498235848,-0.0011617374028169121,0.97657645674525695,15.19021607364424,-0.62052633452566131,-3.5712606230774275,0.1750575958220028,0.1287806453034089,0.3620689655172414,True,5
0.32632083489270319,0.94210852410848234,0.077111876627838194,-0.92370982522458811,0.33513835771671791,-0.18558674513688267,-0.20068600224851338,-0.010668176464553583,0.97959752884152951,4.4057891356795205,17.297312638353407,0.63272560092088215,0.1488639359854002,0.115616512732814,0.3125,True,3
0.6909241673298403,0.72274634377395353,0.016171504597555304,-0.70540331992116401,0.67890274537278628,-0.20370866100755974,-0.15820856880639056,0.12933980395328903,0.97889798440366482,-4.1767024549988481,1.466542332281962,-2.4047628389720606,,0.1934795032206809,0.7450980392156863,False,5
0.68814823430857552,0.70991678145667059,0.1499005371044147,-0.70586803731169534,0.70283691148304817,-0.088150948711315499,-0.16793546831960601,-0.04514907820954462,0.98476354482540795,-2.5087554865772077,-5.1077786325369097,-3.881479460925561,,0.3573878070171954,0.4372294372294372,False,6
0.97367629598037342,0.22763814373428262,0.011633836991789052,-0.22242337607391371,0.96004927647914395,-0.16980349969230624,-0.049822810256184798,0.16274600532450176,0.98540926793342798,0.84036267603146808,2.5272125665425502,-2.3815913474581829,,0.253756898366156,0.6909722222222222,False,5
0.8826294967089906,-0.4626920437452961,-0.082953265119787872,0.4552168778631201,0.88533686354911589,-0.094637371844138785,0.11722954255555945,0.045768009524272443,0.99204965785811283,0.083534715764996964,5.3620440088960688,-1.7041954498766845,,0.3402001646829642,0.6681222707423581,False,5
-0.071291397401265777,-0.98967919074827959,-0.12430863226826254,0.96984058340738577,-0.039655255275348966,-0.24049262671664026,0.2330810576443251,-0.13770461186495611,0.962658122304344,18.478668059287561,-0.96123374597282907,-3.752729615508847,,0.1834190683169298,0.4772727272727273,False,6
-0.00031572217252819811,0.99965076593365898,0.026424354065106785,-0.97563966416930048,0.0054890254409387159,-0.21931054762441812,-0.21937900086180359,-0.025849889128525844,0.97529720455506208,3.5887855109751672,-2.3668476646141645,-3.5424666272681109,0.3205602150944022,0.2886723324696088,0.9479258605472197,True,5
0.71836004613236981,0.69555783879980171,0.012575253669400396,-0.67868252590007094,0.70467294613203135,-0.20694460134901654,-0.15280338071718244,0.1401261284477415,0.97827184103788234,5.3869214950244402,-7.9121156915731055,-4.6811215658221474,0.3390881905971896,0.3565727791556741,0.9979716024340771,True,5
0.18293352712278921,0.98102141497750783,0.064283030497510996,-0.95880694801412159,0.19247989141927105,-0.20890363290060449,-0.21731212827235546,-0.023419537885145329,0.97582117426861847,-6.741639667715928,-14.287322018001134,-5.6554561102724259,,0.07234305025478627,0.2,True,3
0.36374303178037559,-0.91253736859509205,-0.18699346980246484,0.91596983894557915,0.3869008406293134,-0.10633434845965475,0.16938199719341271,-0.13260200012773299,0.9765891913127519,-7.9935899910651242,1.9356104444753792,-2.1681836138080608,,0.2886611908606763,0.2213114754098361,False,7
0.9538997763740118,-0.29874552628690138,-0.028745906789921401,0.2922809406170005,0.94645182257683413,-0.13711600669882423,0.068169409456543345,0.1223930474518589,0.99013780533307338,12.702663280087974,-0.34179963195972984,-3.4246165718370714,,0.1556345086449971,0.2413793103448276,False,6
-0.29431487865972206,0.94256847119456266,0.15793488946226161,-0.92492615809930545,-0.23931557062029923,-0.29536360595431876,-0.24060414431836064,-0.23300801438711152,0.94224036793601862,9.3743297755900734,-10.134941836675367,-5.3598914352119813,0.5412756074404198,0.2753034953558307,0.7560975609756098,True,5
0.15746369092600229,0.98726064601003616,0.022838626924734741,-0.96378253362472066,0.15867759686135197,-0.21434702735102426,-0.21524036312893294,0.011740404343678453,0.97649052682858739,6.7540911318367138,5.8408685219227747,-1.9458621180344831,0.2273348503379022,0.2472802672513588,0.966824644549763,True,5
0.98654277096811849,0.16350275222586666,0.00045941823377355136,-0.16125214279818578,0.97342003462620985,-0.16263819548710332,-0.027038999492217688,0.16037545386646487,0.98668566742584496,18.131079779572477,-13.166125215617065,-6.2337233954917437,0.3421059222231881,0.244316054874776,0.4583333333333333,True,3
0.33741790326563414,0.94116826780961127,0.018747005736366402,-0.91844295167432521,0.3335071318944679,-0.21268647699202517,-0.20642602325185774,0.054546169836039771,0.9769406390772376,9.0021223169017865,0.29061665759954775,-3.233540339782365,0.3632855820330495,0.3020441130457992,0.9917355371900827,True,5
0.22789273837448421,0.97331152929319165,0.027010493167010156,-0.95007941964058407,0.22835335608344959,-0.21261194966613173,-0.2131055986397058,0.0227906057482338,0.97676332451522707,0.14976346553743572,9.3706749475192908,-0.86601060750858372,,0.2526807165533536,0.7279411764705882,False,5
0.96022467769446618,0.27570967584635953,0.044189851677227214,-0.26726888382363106,0.95333489409679895,-0.140427644846435,-0.080844988009340937,0.1230315176779566,0.98910430874181765,-0.25300794857462117,-8.8428352695881678,-4.6779491177896331,,0.1768042313217638,0.4536082474226804,False,5
0.38736357902144314,0.92125600588131085,0.035168583640971349,-0.89940079618051849,0.38600481876727527,-0.20513041636551974,-0.2025528708203039,0.047829400122275746,0.97810259329295091,-5.7102102219414794,7.9847718421469596,-0.8886717643052976,,0.2860243795923184,0.9470899470899471,False,5
0.99896710635740316,0.032781075705622775,0.031466196012534295,-0.03586096938614055,0.99404435586290574,0.10290679983259871,-0.027905398950799874,-0.1039289163451754,0.9941931749195998,7.252597834429884,-5.5767062826156,-4.2798146220481845,,0.4301924000050844,0.4291338582677166,False,4
-0.33190538180356371,-0.92405036326255774,-0.18965691045718616,0.92540308266096072,-0.27996341055083884,-0.25544005824132665,0.18294248312357794,-0.26029101964354606,0.94804041736705591,11.309082166652807,3.2101845616905806,-2.6950530358319886,,0.1778330990857291,0.1739130434782609,False,4
0.99706134697552196,0.055715402025744723,0.052578173650917701,-0.057555288741158811,0.99775799089830786,0.034152310851422368,-0.050557483177846883,-0.037078101025807338,0.99803264241157974,7.3218995882474704,-5.3805948855363646,-4.2639337651456435,,0.2434606420028893,0.2702702702702703,False,2
0.94590276201513845,-0.32391247809147367,-0.018672743472037349,0.3164412538202962,0.93373266994740967,-0.16735660714032119,0.071644243961191137,0.15239425057895603,0.98571958218232991,-17.024021866039401,11.751289278859124,0.21888972375932361,,0.292926544054454,0.9508196721311475,False,3
0.42076665422854392,0.90041707043938624,0.11047407818429583,-0.88469945120690108,0.43422670584960604,-0.16957018889299724,-0.20065468776862463,-0.026386875304826238,0.97930660627207156,-7.668839096431932,-1.1367536828003977,-2.7855039582639161,0.245012196007014,0.1476316746851453,0.1428571428571428,True,4
0.38659160224363859,0.91954295704196687,0.070623531695982886,-0.8985709059388346,0.39280085562729206,-0.19564716920704525,-0.20764696018713952,0.012175301761524485,0.97812806009850128,-18.34835507275676,14.769233486724083,0.83856671419587414,0.2819145295392303,0.1775499338404677,0.2105263157894737,True,3
-0.50997752622054249,0.8599645118104543,0.019594927317591059,-0.83917530417843444,-0.49238659482014946,-0.23095508242610369,-0.18896489517105056,-0.13422548069581974,0.97276707835173404,-9.097951296812802,-19.54645553743622,-6.7423144482264359,,0.2575386929573177,0.9387755102040817,False,1
0.99219428360314998,-0.12374767554900855,0.015395336353913091,0.12463832238618448,0.98016951317074064,-0.15405523049669972,0.0039739373410185132,0.15477156795371377,0.98794229060970939,19.166231401656589,0.65286601263961341,-3.4406254353728487,,0.1668017752877969,0.5185185185185185,True,4
0.99999350457054292,0.0035734129867326441,0.00047067648212334879,-0.0034347203598193332,0.98437223612311608,-0.17606675849241696,-0.0010924801025270891,0.17606399822111132,0.98437811587703594,5.3470458972879706,-21.879876497655498,-7.6058628378257351,,0.198511512786821,0.7435897435897436,False,2
0.046080438228233128,0.99884061933666735,0.013928760743052384,-0.97635584206087256,0.047982397846452397,-0.21077703662996355,-0.21120100114890136,-0.0038867287077902768,0.9774349238970611,-4.6939435591611005,-20.683343750154481,-7.0816005525040673,,0.2126717041986562,1.0,True,4
0.33546423748244686,-0.9212057914398738,-0.19708788696405127,0.92051896770722141,0.36501827600086578,-0.13930717238026655,0.200271254706086,-0.13469056389736414,0.97043798180793528,-17.691537659801593,16.229184881238503,1.171749509841415,,0.4424132694794425,0.14,False,2
0.13429452486167362,0.99049273526360115,0.029818148537567323,-0.96596689120473755,0.13756367275935852,-0.21905296399093049,-0.22107226349868758,0.00061426947438827494,0.97525723631490213,-9.7188480522572185,9.9248402715418909,-0.41887587130128745,0.373057375024245,0.2602406732278342,0.9903846153846154,True,4
-0.87706910012558292,0.46707860086194042,0.1121934678212259,-0.45748501339298292,-0.7409713024362371,-0.49159840468289584,-0.14648295506891715,-0.48249260054719817,0.86356449341753228,-1.7273793856182733,-1.6772743400232737,-3.1830720178402254,,0.5337562187527608,0.3432343234323432,False,5
0.11347808553188773,0.99299551862748758,0.032903253482652536,-0.96957797548522517,0.11790992377587318,-0.21451293510914224,-0.21689000336112518,-0.0075597527005759222,0.97616677703203791,8.8940746910767885,8.7862638817378578,-1.417133689242313,,0.08787574571523907,0.2619047619047619,False,4
0.6802041156586881,0.7328521930857167,0.015812151353920983,-0.71510777606141407,0.66816549927670932,-0.20536731529823732,-0.16106902140847043,0.1283843006981874,0.97855722452841609,-10.453599969340384,14.209306981822929,0.5129752867181846,0.3523423053199038,0.332720843791723,0.9550561797752809,True,3
-0.64935096788361224,0.75855730497234186,0.05416766177079569,-0.74399621896320856,-0.61890158886254099,-0.25185402413277524,-0.15752125785768278,-0.20384218988354999,0.96624811251893949,8.1903033493354283,12.030840901837843,-0.74223710066985549,0.3120264090036222,0.2156181044447774,0.7377049180327869,True,5
0.29391541733567833,0.9426479358213774,0.15820428737581962,-0.92720731408883872,0.32138343588632029,-0.19235197903339976,-0.23216443343577883,-0.090152960182127109,0.96848960738762913,-14.310950059052491,-5.7429376775896488,-3.6135781457848712,,0.2186559801966555,0.44,False,5
-0.31727193429735073,0.94755693796220752,0.038397513290606936,-0.92474611365659187,-0.30015208149175693,-0.23399434448976522,-0.2101978710269129,-0.10974778948047459,0.97147942732715775,13.131061498531865,14.440878902632944,-0.41525081768014188,,0.1614441622587419,0.9705882352941176,False,2
0.8109577259023879,0.58479928536212467,0.018904037642156542,-0.57082185357349258,0.79784366651004501,-0.19392755165971165,-0.12849116032688801,0.14647620847685869,0.98083369745747095,-2.4536318885461834,-17.387590412034641,-6.40051115537148,,0.2608135189698403,0.9791666666666666,True,1
0.99903072108274571,-0.043791546333526672,0.0044630485776916261,0.043920141711023618,0.98489387985206178,-0.16749646737180673,0.002939300081963539,0.16753013430326416,0.98586257389930199,26.75764826834618,-3.4482798210887697,-4.3641505721391169,0.3052423407185344,0.2303610449810808,0.9318181818181818,True,3
-0.71400741637563281,0.69954471821484066,0.028820072489719125,-0.6832027812797663,-0.68714715011972971,-0.24710878926886559,-0.15306001767994451,-0.19612746187123406,0.96855905844081691,-12.134587721762069,-8.5663886088015779,-4.2933159346198728,0.1503816145415418,0.1761529314655797,0.3076923076923077,True,3
0.16131047589155509,0.97151751083961435,0.1735876046831705,-0.9661703734501973,0.19132389381380654,-0.17294501184778338,-0.201230563868282,-0.13981735867882755,0.96951398462184635,-1.7316555150741919,17.353547425591962,0.95852912304973636,,0.3058481966024271,0.3333333333333333,False,2
0.51643846147056371,0.84914236616429828,0.11067320135793327,-0.83510575209593296,0.52801021995180131,-0.15428412245832746,-0.18944576619761888,-0.012745572225166776,0.98180845996479871,-6.8732262111855817,-0.65022277556048713,-2.7636183148949094,,0.2149148459085088,0.1298701298701299,False,2
-0.51814694709260578,0.85344681487099161,0.056145128062650901,-0.83324817294621867,-0.4888965369018643,-0.25822017443869821,-0.19292802673639711,-0.18057882044116702,0.96445324723787218,-7.3875028746611324,17.772323240832431,1.1933739913236974,,0.2490168145403342,0.9259259259259259,False,2
-0.94668410958054705,-0.32183957092000087,-0.014439087842251997,0.31453565395465194,-0.91364624269984396,-0.25752255355944437,0.069688729784708026,-0.24833411725030274,0.96616439964972134,6.4873024540874464,-13.779677571697102,-5.9875387577528558,,0.2205097793632817,0.2222222222222222,False,3
0.05364986277102643,0.99780917302182548,0.038711063769290989,-0.97427536379684665,0.060803380710607077,-0.21700337415045409,-0.21888172085208724,-0.026073034492767388,0.9754029880768087,10.390014081956181,10.305508926893781,-1.1643171753094577,,0.09982659421997868,0.4324324324324325,False,2
-0.82800907208721286,0.55887909602068309,0.045333570037872764,-0.54419170513485504,-0.78149631366211292,-0.30515389526425613,-0.13511611526273673,-0.27734034644031536,0.95122340574266462,-15.080086162611108,8.677566398113596,-0.50490754471413424,,0.2438898074763778,0.65,False,2
0.97884900184788537,-0.19964912420532219,-0.04466384203633935,0.19957920482881811,0.97986292974364864,-0.006064644597225527,0.044975244093787586,-0.0029776027676561923,0.99898366418098283,-9.8103756801791366,12.187330452626208,0.057191543412046908,,0.280271694358136,0.2941176470588235,False,1
0.43429265364258074,-0.89999530194025734,-0.037394484587320226,0.87670788165901481,0.43185777297545486,-0.21185408695053354,0.20681678178776794,0.059222634238493013,0.97658563288879363,-18.148367043746795,-7.10088836559905,-3.8013551493843365,,0.1757683554782001,0.8571428571428571,False,2
0.34730417593837704,0.93139354232259386,0.10902237704038484,-0.91485308515167163,0.36206101772319976,-0.17876143888912074,-0.20597000258346618,-0.037654863763020303,0.97783355908393499,5.5215859294648117,13.617633444782651,-0.19802135978955498,,0.1071093050909183,0.2571428571428571,False,1
-0.91906792105399782,-0.39337799905171184,-0.023830785793916186,0.38493146063276618,-0.88307858627161784,-0.26832812205142992,0.084509923113261734,-0.25578498847780956,0.96303276816772865,10.46713818500193,14.740167853615329,-0.25711840841742578,,0.1588710038602265,0.4,False,2
-0.85550310373217575,0.51177118728333548,0.078769863343913032,-0.50175957203967392,-0.78178809753339451,-0.37019549216822956,-0.12787404494727025,-0.35622692545864632,0.92560823581421459,-12.686811732882123,4.103945457855124,-1.5352941026389353,,0.1978563509930003,0.2857142857142857,False,2
0.37871095845631458,-0.91499023791933465,-0.13917928889536268,0.90269466533387344,0.39836073236629721,-0.16263784334020603,0.20425560242711974,-0.0640436680781684,0.97682038136815486,-17.230462163951234,6.421617978052911,-0.92196839084415438,,0.157277347750729,0.1764705882352941,False,2
-0.66541278404834869,0.7251349368237805,0.17721498306463013,-0.72823900840605482,-0.57844322492328004,-0.36752058741806659,-0.16399321163020933,-0.3736077608106223,0.91297506406324225,-15.472309853281191,11.723798645661404,0.10957236075784277,,0.4466505177973715,0.2325581395348837,False,1
0.40509925265675473,-0.86795123874819902,-0.28732428134845522,0.89587652553706765,0.43956206995935337,-0.064733589771308719,0.18248245528973567,-0.2311835500387428,0.95564340614212051,1.8181248566748391,10.795059194730943,-0.65033748640764255,,0.3715518847619133,0.3174603174603174,False,2
0.9993847407178662,-0.017270560907440582,-0.030526508909898133,0.012676237415350095,0.98938653107964458,-0.14475360141694932,0.032702492646178707,0.14427757914565154,0.98899672756313872,-14.225960147940468,8.4401906907546014,-0.61970227724587612,,0.1309330002666009,0.4285714285714285,False,2
0.97198694070797886,0.23118487297812237,0.042366751105485399,-0.22930297709668881,0.97231575351220045,-0.044969102354808249,-0.051590035740830417,0.033994558065831668,0.99808959429210009,-12.716517047197481,-7.2616395262139211,-3.9833351482369554,,0.1338459337658364,0.1176470588235294,False,1
0.23599377089451498,-0.87131245133184843,-0.43025754177361297,0.94801972559533709,0.30369262032895605,-0.095023114240028878,0.21346086287918964,-0.38546777363590018,0.89769095768368634,12.180831035453323,-4.6468217082828902,-4.3094411548776828,,0.289426017583679,0.2285714285714286,False,1
0.39042931150439453,-0.9204270530275912,-0.019467736723806171,0.89804865198557604,0.38542148439615981,-0.21203513395838228,0.20266615747354741,0.06530175664408909,0.97706811901427959,-16.139503152228777,2.3382421415329495,-1.8000557511715674,,0.313112136085732,0.7538461538461538,True,2
-0.99856481493056193,0.052565644752705948,0.01025491952317216,-0.052240081558735052,-0.91380111326783264,-0.4027884050828765,-0.011801875335348724,-0.4027460470100272,0.91523567312270293,-1.8604182833491196,-10.967079727993989,-5.0915162877990303,,0.3206492289304073,0.3571428571428572,False,1
-0.88003089611717222,-0.45076529966037149,-0.14952012072394102,0.46332522203862969,-0.74575851508964008,-0.47872118795197366,0.10428499653383061,-0.49056587915731537,0.865141466873799,-3.1997479721040336,-5.7367448163585637,-3.9841434280050452,,0.2960628983404951,0.1779661016949153,False,1
0.77354296918348486,0.63333553553557842,0.022745862363502452,-0.61827274553376677,0.76205489975577612,-0.19238280039637365,-0.13917645978014925,0.13475321586542877,0.98105631023758688,12.719328590856453,8.5599957010905126,-1.6159007497678366,,0.1314911618490812,0.5490196078431373,False,1
