axis_00,axis_01,axis_02,axis_10,axis_11,axis_12,axis_20,axis_21,axis_22,location_x,location_y,location_z,dbh,dbh_approximation,score,reconstructed,number_clusters
-0.12272980361812472,0.91383819938638289,0.38708802699917005,-0.98967798648771543,-0.083615400910159648,-0.11638706024406234,-0.073992421000250067,-0.39737666020148565,0.91466765087742918,-10.282271278390601,7.8259496259630925,-2.2147292928863132,,0.4243607764992098,0.2333333333333333,False,1
0.96059495733477307,-0.27576883134933089,0.034768945903372483,0.27407436682815067,0.96057578917780539,0.046662562008385977,-0.046266287842830683,-0.03529454492782759,0.99830542706507597,10.694594687808943,-1.4012408628601911,-3.488982313577619,0.3855836199016109,0.2217141828932006,0.2857142857142857,True,7
-0.2154598318560273,-0.97644436832709824,-0.011552333914339838,0.97485400784013743,-0.21438956740051726,-0.060801124889617475,0.056892216116057867,-0.024362039161675994,0.99808304604040377,6.3757428211276288,-24.233807373324218,-5.6050209595006946,0.1675043875454299,0.1614540220259166,0.7272727272727273,True,2
-0.99308510728298582,-0.089139455788531871,0.076394548983980459,0.059473666681088673,-0.94305878978778535,-0.32726594991765556,0.10121685958499296,-0.32045947704151767,0.94183908971226593,-22.998913624412097,-4.8275603850038564,-3.6029380450833473,,0.3543408762050473,0.2950819672131147,False,4
-0.24730156665350264,-0.9688226156813029,0.014989145244538659,0.96437366331109053,-0.24760687814030602,-0.093135768690442072,0.093943454496154696,-0.0085774845992467944,0.99554058386149125,-5.5940168329593538,-13.789363350262688,-4.4513689483664285,,0.2745439970153788,0.9444444444444444,True,5
-0.11222978911494007,-0.99307856214590695,0.034632987763604683,0.9898881555523541,-0.11477614999915942,-0.083353913456589823,0.086752025523179122,0.024927992249443878,0.99591800931102603,0.27339335317701019,5.1613714685251137,-2.5944480357690178,0.3234676074975579,0.2499007954203566,0.9772727272727273,True,5
-0.73951274155139801,-0.66566503624533735,-0.10005480799856707,0.66639372764582083,-0.70297108713390755,-0.24849758632244534,0.095080517654482222,-0.25044302780126843,0.96345108074478258,-1.8737815969786273,6.871561567289719,-2.3550113825255239,,0.2232190042481076,0.2954545454545455,False,2
0.97236872558591569,0.22601592151477531,0.058445399513136202,-0.22208289400244066,0.97273367776078468,-0.066845944839456384,-0.071960056239026904,0.052019182729122461,0.99605007651938404,3.8483504725492219,3.6260153280144767,-2.815525308359955,0.3527602114769945,0.2668342173423851,0.9869067103109657,True,5
-0.52625005835559868,0.84712540801185254,0.073752418139900078,-0.84936210549153024,-0.51953337629592744,-0.093107919478154957,-0.040557241470855404,-0.1116405572151446,0.99292068975773085,18.383474530949918,-16.335772819454714,-5.1670945505490451,,0.0967906588300427,0.5,False,2
0.24562501983853394,-0.96867072864250114,-0.036679273445995142,0.96738098601817457,0.24736639007732295,-0.054625057900365641,0.061986914101480814,-0.022065550782158605,0.99783301907125499,-13.086587859547073,6.9501342977992495,-2.2874959047439694,,0.1111465071061271,0.3421052631578947,False,4
0.16570593771690492,0.98240592230352164,0.086140269493025695,-0.98215885445402129,0.17227553859889208,-0.075399757413595669,-0.088913029545329827,-0.072109240901783667,0.99342575492768581,-9.2599868988230547,12.293886614916264,-1.8823255223959701,0.1641740772331138,0.2190449715771222,0.7592592592592593,True,5
0.87024689740284855,0.48897287405501333,0.059798545125249271,-0.48489414231491068,0.87167993994852566,-0.071075685294074209,-0.086879274337459594,0.032857430357762105,0.99567684564866799,2.7954850834470539,9.3353165644002427,-2.1365573769354875,0.1705628113080146,0.1587003627609309,0.8217821782178217,True,5
0.97003295118215382,0.23422474791382486,0.064613010187935915,-0.23070592893209746,0.97132285132207852,-0.057503850785187854,-0.076228918242483276,0.040874025544987182,0.99625221006496534,13.106277437611228,-13.50616693740319,-4.7557699475008466,,0.1906838961531622,0.9102564102564102,True,5
-0.20183036190776912,-0.97921366518197372,0.020127169027597067,0.97511666103534522,-0.20282542556972896,-0.089494939039810692,0.091716968895946535,0.0015635419229657471,0.99578388867926348,12.476747359004287,6.099188891077171,-2.7828268397252591,0.3389970382345801,0.2719760892205663,0.9401197604790419,True,5
0.18946114718968124,-0.98171659193671834,0.018357745551229928,0.97950579917828628,0.18766678156575584,-0.073140744273326383,0.068358343175322675,0.031838847543600668,0.99715265867640268,12.514060659362251,0.30630495793166168,-3.346196288641226,0.3583589100571573,0.2701618746025192,0.990990990990991,True,5
-0.59934520430581317,-0.78642149630382585,-0.14942073559876434,0.79231138914719745,-0.55617926690534469,-0.25081324863785154,0.11414021510082455,-0.26871146833711068,0.9564340845457423,8.415801022102178,1.8526721072681673,-3.0928776695184226,,0.3469478801425376,0.2698412698412698,False,5
-0.11113420822338822,-0.99373994195260273,-0.011406819477798751,0.98983423023719053,-0.10965776365105512,-0.090572465583084197,0.088754630376731453,-0.021356559626677624,0.99582453923751191,-10.290268298728224,-12.666366551620504,-4.297377147679394,0.1842859841577281,0.1070427414121492,0.3043478260869565,True,5
0.48518039305143473,0.86148876800050866,0.14979014923359513,-0.86896334471751036,0.49412621457660094,-0.027239486147095676,-0.097481750783488821,-0.11694608448839278,0.98834251228358094,-30.706856828995107,-5.4368364774187281,-3.740838535143276,,0.2628546031058515,0.45,False,1
0.022996589018507027,-0.9997295893260596,0.0034503796114589771,0.99652635023114688,0.022646318211351837,-0.080139737748888787,0.0800399287137636,0.0052813348141813182,0.99677766694186953,3.0046045165696116,-5.6155713039653419,-3.7503204095222649,0.376959178659946,0.3119525557567332,0.9615384615384616,True,5
0.74363334348503052,-0.65731371197451416,-0.1222625638025058,0.66838341996917583,0.73539024394978358,0.11164583742257533,0.016524356797914613,-0.16474183789725394,0.98619829267680825,-6.0430688581674241,6.319300729370843,-2.3865984527655426,,0.3230362394266789,0.1355932203389831,False,5
0.5632002674534804,-0.82631651487259938,-0.0025447964813193752,0.82587062990859261,0.56299262366764813,-0.031257132789242387,0.027260986679034985,0.015502352873713855,0.99950813686566153,17.292951113113581,-11.31567525310362,-4.6719972458757999,,0.1729017783744022,0.9464285714285714,True,5
0.83338828533256526,-0.55098370851526035,0.043369560998696828,0.55268440075698977,0.83109423605378885,-0.061824946082131849,-0.0019796540951111177,0.07549386563782455,0.99714430110226449,-17.454514660030387,-14.704579632677698,-4.5996764550658575,0.2566807527411676,0.2053529965958214,0.8387096774193549,True,4
-0.26549033151213908,-0.96407913323594419,0.0081430174141716126,0.96024907530580539,-0.26517220544472009,-0.087209029543571667,0.086235707499404984,-0.015333829222217356,0.99615675294276018,-15.923231363152695,5.7205290281827139,-2.4068618289684158,0.3330138033275173,0.2540016320178999,0.9642857142857143,True,5
-0.098545162068650299,0.97988964076993079,0.17350833681595987,-0.99190929693111873,-0.082699354829880542,-0.096315955959207805,-0.080029979972995061,-0.1815960038726035,0.98011126597087139,-7.1229547453403583,9.096011355098609,-2.1068062447093729,,0.2441201157475008,0.3157894736842105,False,4
-0.6212477994041361,-0.76574822435751011,-0.1663755649993171,0.76789546032723044,-0.55259336997056729,-0.32400174300982704,0.15616572525478328,-0.32904441092031245,0.93131200029729844,10.126293098982488,1.815617676461186,-3.1463629327080009,,0.5054252157285134,0.4680851063829787,False,2
0.66151598445325144,-0.74420104637665818,-0.092527860046226568,0.74897621405678938,0.66184990170414093,0.031453750036823963,0.037831641386615267,-0.09010832473255527,0.99521317149839217,-11.363798858207737,-12.414081723274457,-4.2786853930636726,,0.177030364628858,0.3333333333333333,False,3
0.24736679643626105,-0.96887547712498567,0.009485665326919808,0.96706012159255861,0.24627304305527464,-0.0643763115569852,0.060036565909856246,0.025097770620671485,0.99788061042572851,-2.3723145028561854,12.041307031850089,-1.9967712498052832,0.1800789408731885,0.1759440408191652,0.7307692307692307,True,5
-0.69839361537304012,-0.7156692565971412,-0.0079920690606840664,0.70187713527111417,-0.68266391056819709,-0.20331864693468682,0.14005300778558619,-0.14760589544267236,0.97908000420842956,4.5821845545948401,-6.8959700217113866,-3.9165565709830732,,0.1722298936929515,0.2413793103448276,False,5
0.77232502161840522,0.5575145722808017,0.30445289073465126,-0.62572768063210604,0.7502816911004031,0.21340631127097803,-0.10944830137053732,-0.35532363514699516,0.92831362353087865,1.2456007490167029,11.542105723988104,-1.9549082797203181,0.5257356760496671,0.4666030017054771,0.2772277227722773,True,5
0.64789595206514239,-0.75753010705505364,-0.079868468138328666,0.76030374998185235,0.64952997186446393,0.0070016721776668678,0.046572986388434004,-0.065260650892474847,0.99678082063408235,4.0238214527406564,-5.771980630773788,-3.7924350554102637,,0.2473049815075787,0.2248520710059172,False,7
-0.07161488965329546,-0.99730885666358127,0.015695604490667699,0.99378447486139709,-0.072688732597682354,-0.084313496415466718,0.085227490309199169,0.0095599463243132426,0.99631565395805766,-9.1073253177756559,-1.3616900622050019,-3.1953608141225058,,0.3159079043105495,0.9750778816199377,True,5
0.42035842986608557,0.88212679107582315,0.21248791708422229,-0.90573541015272929,0.42193786054176924,0.040147336610325254,-0.054241655911186494,-0.20933410211359849,0.97633860748016466,8.2202651535544664,1.5713385890235889,-3.1079600834022818,,0.5419025080499964,0.3580246913580247,False,5
-0.98164751728016575,0.17945569979731471,0.064527541623273219,-0.18618063899543733,-0.97509452836177912,-0.1205297906003763,0.041290694846876322,-0.13033154863338328,0.99061029973945181,15.434735211374853,-14.177042147744073,-4.8844261712697978,0.1599544299476623,0.2278874311598404,0.9655172413793104,True,3
-0.1860914882573893,-0.9819138442956995,-0.034859150571872659,0.97805198175750896,-0.18174191342545251,-0.10190288457480784,0.093724484412352371,-0.053057320747450315,0.99418340447663001,8.297060284587614,20.938866405822132,-1.1997931883093489,,0.1242955386111721,0.7222222222222222,False,2
-0.495545754282744,-0.86856590174262926,0.0052611540901670653,0.86316802761436984,-0.49312325198576157,-0.10849154093894475,0.096826450501223293,-0.049221262488901768,0.99408345011992494,1.1745371984810142,-25.852138680072397,-5.6603091444905278,,0.1813761563331253,0.9148936170212766,True,5
0.99826821213673544,-0.042381038916123451,0.040797355033348297,0.038572610553740547,0.99519492530254094,0.089995635267167376,-0.044415429215493366,-0.088266121430940814,0.99510620611829326,-6.3863933714759265,6.7121201570014435,-2.3735083215008412,,0.6097786399715521,0.1219512195121951,False,5
-0.24094141599619542,-0.96545067071672219,-0.099258432741905878,0.96481164700355448,-0.2271686111276976,-0.1324118873991362,0.10528874519167242,-0.12766919961738632,0.98621237854988353,10.044027258852321,11.019633434172256,-2.1220530612806958,0.2121315783820396,0.2490345661834796,0.2173913043478261,True,5
-0.87642955358330987,0.47401973629320082,0.084714386088096644,-0.48144113772969288,-0.86598218720017506,-0.13523787322173741,0.0092557283504687352,-0.15931145927560941,0.98718498288627599,4.1944104721503024,-25.147516230346472,-5.6581973489815161,,0.1484444219150812,0.918918918918919,True,4
0.90187397456060125,-0.43111949805246469,0.027555623913390601,0.43176339794551671,0.90165342224491296,-0.024524973977146688,-0.014272428132825137,0.034015945570118847,0.99931937499588464,14.135786851031666,-16.550515456077818,-5.069392519895632,,0.115419752956823,0.4230769230769231,False,2
-0.48696923287698429,-0.8732882119681914,0.015121675456087051,0.86769806341975475,-0.48568534782755229,-0.10587640739671712,0.099804994708719966,-0.038437504380841626,0.994264311583275,-10.465768128767477,-17.311964027487555,-4.7537086217876503,0.237243767793836,0.2586139949267593,0.9848484848484849,True,5
-0.55956526670127937,0.81350600605102752,0.15841303740675286,-0.82743904840726012,-0.537461743308147,-0.16272521516672483,-0.047236992626704291,-0.22213251135093862,0.97387155925640989,-5.7549406007331196,9.1440479877614127,-2.1367861977059355,,0.2313683951362542,0.234375,False,6
-0.64558443528723863,-0.76360565526689717,0.011275644516891066,0.7574394423699079,-0.6421166651023511,-0.11820185929248014,0.097499887472865532,-0.067768662686002082,0.99292556634449214,-2.7029672933283728,-6.9490916039076325,-3.7854234506096134,,0.1454409085194122,0.5917721518987342,False,5
-0.17701870436636133,-0.97318559438772567,-0.14688150727938817,0.97684634641116108,-0.15550873749336297,-0.14692939823734169,0.1201482159984983,-0.1694899154505379,0.97818074748634698,4.93535577110862,-1.74836112602253,-3.3633331844700662,,0.3023596488275653,0.3216374269005848,False,7
-0.79405586259504124,-0.60729716477500628,0.025796137980019597,0.60050103884195039,-0.79033257752740826,-0.12154389844258728,0.094200793139886094,-0.081022037465880672,0.99225079491865054,12.158399979747244,-15.509038996383744,-4.9103041361034547,,0.1754836410028623,0.1052631578947368,True,3
0.86231435465498252,-0.50474872761862555,-0.040529936137877455,0.50637232592286507,0.85970580272415653,0.06702984635132557,0.0010105916234691842,-0.078324036730708008,0.9969274416800743,3.5934403402427164,8.9200733391971401,-2.2023870407218875,,0.3267745893979409,0.2835820895522388,False,5
0.034314745907747003,-0.99906509116968079,0.026295281314423928,0.99645543827177196,0.032179421459951153,-0.077724155660348682,0.076805323721067881,0.028869160719022902,0.9966280719543682,12.322439985726856,22.014092522478329,-1.3250590974082095,,0.2756582382320407,0.918918918918919,False,2
-0.56262846188694404,-0.81991377372271379,-0.10578571517228141,0.82342701749554403,-0.54439528634271839,-0.16000537199176651,0.073601363663492458,-0.17713039227532063,0.98143143591351589,-3.8293080980506762,8.4024894979126401,-2.2159126027387197,0.4426970771945786,0.3195145435385022,0.3043478260869565,True,10
0.23713068473982521,-0.97110483321570529,0.026915446493005243,0.96873278955200304,0.23428861235110085,-0.081643300823701304,0.072978221419923647,0.045434007391950512,0.99629811310204341,16.882061595763204,11.999072539643265,-2.4202524838288579,,0.2986967939038981,1.0,True,5
-0.76601702789476189,-0.6387008941952943,-0.072657282700413689,0.63543527277378675,-0.73528041357661655,-0.23576413536732832,0.097159287204979669,-0.22676834250999858,0.96909039400103902,-2.1492000047151492,9.4430624649937798,-2.1186554318857107,,0.2587541137370093,0.225,False,7
-0.99306386608135278,0.005080960499413565,0.11746634294111889,-0.046476336176553078,-0.93466310285055387,-0.35248380721017386,0.10800050027273564,-0.35549833756317117,0.92841629882863452,-3.0259588336361252,7.9701079490257669,-2.2539379618691577,,0.313103392355895,0.898989898989899,False,3
-0.56692999710163561,0.80267189937088457,0.18522472930652908,-0.82274864405725368,-0.5405591481920613,-0.17572841548202933,-0.040927339130353901,-0.2520191049627204,0.96685641314804316,6.7857334919385153,-4.7509417459330692,-3.7408482049866727,,0.1888744793945479,0.3272727272727273,False,5
0.91079052318571874,-0.41082726143139037,0.041007123038196577,0.41260718620904807,0.90924777625061171,-0.054989010465463554,-0.014694650854566994,0.067003303262623007,0.99764453819392018,-9.4230331534911898,10.507660221096032,-2.0167346877343966,0.2680226016722354,0.2075226825463811,0.9027777777777778,True,5
0.99574485602390961,0.069575199253988348,0.060427422174805775,-0.068904136728577564,0.9975369905862449,-0.013121446331419026,-0.061191516108149241,0.0089019133284160244,0.99808634611213876,-26.573364538594376,-11.257271590287967,-4.3560679616911466,,0.2197464699668893,0.3333333333333333,False,3
0.77175163435022742,0.61345966152477938,0.16753106744618568,-0.62717841299427557,0.77779151260475832,0.041080423488399812,-0.10510305966877016,-0.13677575297510758,0.98501052798757283,-7.18496456264974,8.8763761104609991,-2.152753499438512,,0.4316789601953449,0.28,False,3
-0.0068029363358136754,-0.99988000335674165,0.013917576819728519,0.9966463797210291,-0.0079145941898871898,-0.081445398812797831,0.081545777610966194,0.013316834688903344,0.99658062798134461,7.2921735957169105,-0.32782773666438475,-3.3001581455461086,0.3171984166748391,0.2859783212298189,0.9528907922912205,True,5
-0.29664653590737527,-0.95053435678966258,-0.092115521475043594,0.94601795354343232,-0.27930118212641453,-0.16444111783944504,0.13057895813511899,-0.13592382508321466,0.98207629513551387,10.301353562863927,1.497721778326615,-3.1768216448557265,,0.4670042502107096,0.4057377049180328,False,5
-0.75033661575267774,-0.66061047533863027,0.024264437633864957,0.65409773922830061,-0.74725000367909655,-0.11736089441554458,0.095661437357196455,-0.072188862537509862,0.99279285731128031,-2.802037404301287,7.7312397798403145,-2.2690215271568164,,0.4394000218289369,0.5798816568047337,False,5
0.38259553596659601,-0.92362087798952131,0.023348010628333579,0.92250445676639614,0.38049271443563248,-0.064890843017658531,0.051050789460803297,0.046365590724932217,0.99761919031870983,-8.9003386342452195,15.168633243019318,-1.6342601909539607,0.2954276086938365,0.2200768064309389,0.8333333333333334,True,5
-0.77358307853010377,-0.63359458418241177,0.011274906057499059,0.62236620006775534,-0.76298255918112223,-0.17469381041882825,0.11928760884983583,-0.12812305522482478,0.98455825073722614,6.7753957524797119,11.564983556518898,-2.0013261290373712,,0.1525615917502994,0.1153846153846154,False,7
0.57722642951722836,-0.81581896223206707,0.035342183426977605,0.81580727940980047,0.57424947409443239,-0.068527544566025764,0.035610840045875995,0.068388320383394513,0.99702302165314416,-5.1578628881119259,3.8414280897126925,-2.677768199527125,,0.2782098181272585,0.9855491329479769,False,5
-0.049047659272933031,0.97483180148074255,0.2174793919930271,-0.99643693830964175,-0.032799830797628951,-0.077701988853277518,-0.068613082513134582,-0.22051560017707911,0.97296717055951498,-11.281786184673273,6.5225875962113502,-2.3331917488444449,,0.1848004713662831,0.3478260869565217,False,3
-0.47256753731785212,0.86965489045957278,0.1427595677112018,-0.88057212030359056,-0.45938673092261562,-0.11643269470501828,-0.035674411240830796,-0.18073240703310875,0.98288510693297171,-9.9589573560064384,3.6090751205499854,-2.6321100955982226,0.4188415396869849,0.5054138126160695,0.2285714285714286,True,6
0.86718853439838262,0.47465110884935813,0.15063323230967807,-0.48982098314605305,0.86755261928458227,0.08618501750476161,-0.089774441116727638,-0.14852197696144737,0.98482575721883081,5.6439129562299257,1.0471507646107061,-3.0831678935538469,,0.6198871143667822,0.316017316017316,False,4
-0.99089588083266211,0.12944569027264646,0.037002251535577006,-0.13462227014269845,-0.95570422162562674,-0.26173705344979781,0.001482474448466678,-0.26433549522679334,0.96442964918791063,-3.1487541248829451,10.488092283009012,-2.0558908253255779,,0.4014166497270018,0.4571428571428571,False,7
0.38679767562626549,0.9184841099091211,0.082307338521960371,-0.91715223898713505,0.39245321552096901,-0.069370340550829898,-0.096017335158837855,-0.048656073328024539,0.99418974943282012,5.1002855476163331,13.317123037351719,-1.8374765694352715,,0.0748705074955025,0.2272727272727273,False,1
-0.83075090194352141,0.54640005522655144,0.10630107510485601,-0.55655040050455873,-0.8118158372716795,-0.17665417643831219,-0.010226955472766371,-0.20591752233189051,0.97851590859753224,-9.3163940263212641,11.203146231826725,-1.9665650926608733,,0.1817671861386445,0.2222222222222222,False,5
-0.85777129460818147,0.50857450910050561,0.074701906531114498,-0.514019361006815,-0.84764536216382846,-0.13145887764733638,-0.0035359095505025431,-0.15115987792840857,0.98850300386408463,10.552350200871128,1.048462290783118,-3.2423642777100841,,0.1557310395246173,0.4444444444444444,False,5
-0.098657585224738165,-0.99486620586567887,0.022536932001796597,0.99159542634581532,-0.10018761142993622,-0.081859348678242599,0.083697021020377738,0.014271473028182886,0.99638904737553258,-13.397461700875841,8.1375829438313261,-2.1955996698612288,0.2107041916094791,0.1959842894753465,0.6388888888888888,True,5
-0.80439797794094858,0.5783822581952901,0.13571240359462794,-0.59408194022357741,-0.78436535259574103,-0.17843105656681452,0.0032467498678301412,-0.22415386914411428,0.97454835773450454,-1.2307306569789989,6.9141871823219816,-2.3700712711357337,,0.4661625155366013,0.4801980198019802,False,9
-0.55151364099595324,-0.82233923841947054,-0.13996742746465285,0.82744653797401646,-0.51806038596677562,-0.21666947936147152,0.10566423515174089,-0.23531173674009881,0.96615912559068484,10.155517455306725,-22.821977637429946,-5.5611725059502799,,0.2497769951192995,0.2121212121212121,False,2
-0.70469522506340176,-0.68827827875522674,-0.17227202549045276,0.70696794090480874,-0.66062246215860398,-0.25253572623357301,0.060008085335692074,-0.2997515195712035,0.95212817215388468,-5.0005695783497863,7.6566827365155259,-2.2942678284566251,,0.4423610024451376,0.6333333333333333,False,5
0.084569585208728051,-0.99574399231337407,0.036631776225675275,0.99408676695945031,0.081801623291400297,-0.071414243558276552,0.068113765229450354,0.042454636951882091,0.99677385538925145,-20.240335790369233,-13.360934707495392,-4.5106548576852914,0.3422926270023031,0.3093700000849763,0.6285714285714286,True,2
0.690365436658817,0.71447882496138237,0.11364670056223772,-0.71678953303001025,0.69679113476247534,-0.02636057387542444,-0.098022085294593844,-0.063262336332323379,0.9931714593141886,5.5429521040273775,-1.0214510189728245,-3.3110659104041633,,0.09395074298343431,0.1066666666666667,False,5
-0.8162178046299301,-0.57224321493766694,-0.079537402289113157,0.57527701712451329,-0.79228396985696414,-0.20332846499202017,0.053337125657645527,-0.21171635285327367,0.97587465227921977,2.2340566024990083,7.8594106896276594,-2.3014646757256081,,0.2301941350446388,0.2586206896551724,False,4
-0.97250098620600622,-0.22999580343964002,0.036657362541543524,0.2213042396144545,-0.96161137287057985,-0.16225905550886707,0.072569038556507176,-0.14968466175970049,0.98606705485827395,-15.371368747744098,0.25161121754995835,-2.9727210907594031,,0.103345879160449,0.3225806451612903,True,5
0.12285064208017181,-0.96341176949049778,-0.238213102384563,0.98871527449257379,0.13954852487776329,-0.054482246553494734,0.08573112460224129,-0.22883175394081351,0.96968355800374717,6.8180993956786775,2.4179222593583178,-2.9644134102557249,,0.2612055165129314,0.1919191919191919,False,3
0.271434937898961,-0.96202727604060512,0.028750558980307289,0.96027165444825369,0.26868603375035988,-0.07540666370231254,0.064818393616321163,0.048076349917536843,0.9967383008732057,2.5961072921320842,-1.7620653531396409,-3.3140217593947465,,0.2884542625593915,0.9526239067055393,False,5
-0.27388153942564913,-0.96175242809106698,0.0046010241005752031,0.95787358193081773,-0.27320053165482644,-0.088541914043836115,0.086412403049923717,-0.019842796286251338,0.99606182540778077,13.548301937436822,2.6510143212416919,-3.168931632966542,,0.177599666707842,0.4166666666666667,True,5
-0.079248102289796007,-0.99507444110632925,-0.059553294958332892,0.99431862951848515,-0.074646398758687157,-0.075883978182766182,0.071064768176287457,-0.065228611891464131,0.99533663999411015,-8.880831291786448,3.8982761103670649,-2.6134126973044802,0.1892335986676208,0.1722818342950373,0.225,True,6
-0.99770074281713961,-0.03088023401146163,0.060329420099380061,0.020942201313919287,-0.98707097818873368,-0.15890974866780877,0.064456589936618555,-0.15728094342588436,0.98544814822942783,-3.0528006178075398,-29.562112323756036,-5.9696464647466101,,0.2104230032152911,0.6857142857142857,True,3
0.0057327291601851097,-0.99995013447130954,0.0081770647048093163,0.99669917951868836,0.0050515027349174344,-0.081026093740804689,0.080980746867082606,0.0086145743324784786,0.99667843748418694,10.781531131082723,-15.428874808059559,-4.8649252603795796,,0.1611037826530881,0.7941176470588235,True,1
-0.50886728833893102,-0.84918912653338929,-0.14118041732494335,0.85618492986967676,-0.48221829901846969,-0.18550708330355792,0.089450817339153055,-0.21527503215467375,0.97244805095602094,5.8999375111206245,-2.6735446033023842,-3.5365604236117738,,0.4851951349786557,0.3875,False,7
-0.060698002145163896,-0.99495311370677519,-0.079900275724057404,0.99456712055541119,-0.053503561984668165,-0.089295081415903435,0.084569469938658853,-0.084886220201794219,0.99279521270710613,-4.0022374770972844,9.7711235380910768,-2.0910289485683506,,0.1732827999688433,0.1481481481481481,False,5
0.94112471267745834,-0.33578846110052946,0.039120130105994196,0.33660737949682201,0.94150102629592214,-0.016470869801206364,-0.031300914620089264,0.028669267089761613,0.99909875681460136,0.24592706516735341,-26.622787813701898,-5.7079259127310324,,0.1770454699276778,0.44,False,2
-0.99632193324069607,-0.053151630644802099,0.067212420751829219,0.036725051506222163,-0.97355237822453133,-0.22549287670617255,0.077420126164891551,-0.22219511923793089,0.97192358395681211,-1.1682608739953269,12.186165452651194,-1.9672211923635841,0.4868266467104535,0.3278400814647769,0.25,True,11
0.85683485467069098,0.46178416906226455,0.2293238169596227,-0.50798924494787012,0.83219633666857229,0.22225252361379849,-0.088209743445662889,-0.30692774139670548,0.9476362185577164,-7.9640975709926751,4.1524777883749833,-2.59441230080605,,0.3468018546365071,0.2647058823529412,False,5
0.73861439392830686,0.66822469872159496,0.089019824198622227,-0.66838421042212304,0.74310941601029945,-0.032418252501125261,-0.087814146584222735,-0.035554856985578878,0.99550214856845964,7.9749554159455869,0.10165812067185087,-3.2571124058742851,,0.1282624661726204,0.24,False,5
-0.11219175928137848,0.97340451100721448,0.19974150069566421,-0.99164496446117445,-0.096797307420978612,-0.085267495183369429,-0.063665325006211887,-0.2076389636529121,0.97613154193735541,-1.3298847543389476,10.978288830847374,-2.0558478828436759,,0.1710740587124336,0.2666666666666667,False,5
-0.36405948924898252,-0.93112531198243853,-0.021594945551643499,0.92315752697341158,-0.35767681812087027,-0.14088106392012645,0.12345391318264019,-0.071224624706195089,0.98979098003333865,18.722138323284739,8.2195373563005596,-2.8590104166389363,,0.3243197189409336,0.9850746268656716,True,7
0.097683703211196279,-0.99478992538800437,0.029170164097547802,0.99236795380366383,0.095145729416299729,-0.078441917603867553,0.07525781282018898,0.036610033056133903,0.99649182991590646,-2.7941938487588667,-0.0062144192043304125,-3.070763119120588,0.3008665509492947,0.2714388066021988,0.9764089121887287,True,5
-0.38637540471280446,-0.92176929687791809,0.03248707383262453,0.91696572205264726,-0.38768239634400736,-0.09421371527244235,0.099437976716572091,-0.0066123292535766112,0.99502179166506599,18.507327896278177,15.941327174187675,-2.1199032789515577,0.5225753542833871,0.3391388544931717,0.9714285714285714,True,5
0.049939052269233182,-0.99875097354442222,0.001607452183092134,0.99611916595819239,0.049690536736818905,-0.072646113244710028,0.07247550116561581,0.0052290919744236303,0.99735648507838803,13.071497206866995,15.948706226569133,-1.752663440535692,0.1991470680578771,0.2211724586097981,0.5454545454545454,True,5
-0.87607087086040214,0.47516146233640483,0.081984229826391114,-0.48199243755986781,-0.867746364910566,-0.12124164432898783,0.013532160396411145,-0.14573205170733411,0.98923154505918243,20.374234946867659,-12.123366773052588,-4.8329577389381724,,0.283574344050465,0.6825396825396826,True,3
-0.83165550418340073,0.54309074372309107,0.11576513483667084,-0.55528917887706453,-0.81272219677166235,-0.17645554311689432,-0.0017464774513892556,-0.21103335034288423,0.97747730145490752,-3.9437957197266296,6.8083386016551337,-2.3604818149333222,,0.2117482407876309,0.2105263157894737,False,5
0.8445222799438139,0.53083354627912416,0.070695578526752317,-0.52800936007922994,0.84742225247068548,-0.055512536297964758,-0.089376922900855887,0.0095536465414794783,0.99595205381109353,18.43693663876104,20.033296672637125,-1.7435337936478625,,0.2388027477593129,0.8648648648648649,True,1
0.52556818250471304,-0.85027914202740607,0.028345478860493226,0.84978730227243959,0.52309526554890884,-0.065060618325109759,0.040492300937606196,0.058281418938239793,0.99747864627335414,5.4374285557851909,12.92463841722854,-1.8647667357033333,,0.2408849647909612,0.1621621621621622,False,1
-0.92329082284336517,0.36664054326250589,0.11449353033860726,-0.38361440253703449,-0.89520952507703222,-0.22680365159650673,0.01934028488355409,-0.25332709734161901,0.96718733197509055,12.915188660491394,1.5369488838517951,-3.2477890404971204,,0.1950730659346359,0.16,False,1
0.91611716458272796,0.39564020871414257,0.064793255864582802,-0.39212225557415487,0.9179093525804598,-0.060684076401960663,-0.083483396195535964,0.030186846373072257,0.99605184446679684,-14.74207063364914,0.62686499151001529,-2.9564617607552997,0.3080574297764114,0.237879017048657,0.7096774193548387,True,5
-0.69630757705249147,-0.71682325182153328,0.03633433345050481,0.70956116153169824,-0.69510911528026964,-0.11552608320231747,0.10806810901036887,-0.054660255234349919,0.99263968302332095,6.1135354376253357,-21.388284470996521,-5.3345199101006804,,0.1660352176628589,0.7777777777777778,True,5
0.97234144124610089,0.21583630607461537,0.089256991969939276,-0.21806096866681263,0.97580632947796797,0.015856269890122066,-0.083675178993224769,-0.034881174446999202,0.99588240675777129,4.2826485835475081,7.2577143515350251,-2.4031153662652178,0.2772520840471938,0.2539832306488018,0.9220183486238532,True,6
0.79956994775143519,-0.59986250992951862,0.029203901003593616,0.60051108967288203,0.79784372246376956,-0.053214901156026582,0.0086214750859347905,0.060086302151288892,0.99815595297585058,12.864601758797621,-14.834489163439047,-4.8800854296034872,,0.2107138903652455,0.5094339622641509,True,5
-0.62820995041877037,-0.77793052567259413,0.01327988786127348,0.77188297598148325,-0.62528841882738828,-0.11493939564098142,0.097718624554459635,-0.061955552673724212,0.99328373585198615,-8.5465978080178129,-8.3795390003277461,-3.9367519334928334,0.3768226077537659,0.3501624758662539,1.0,True,5
0.28666976880496975,-0.9579174152573211,0.014651593771270389,0.95600675442935112,0.28503778965485538,-0.069314817709728291,0.062221613116051552,0.033877485376095938,0.99748723643254145,-9.8943288675989702,7.7412589735317718,-2.2265670433672455,,0.0828794826766297,0.2972972972972973,False,2
-0.85612511886938758,-0.51666935361160138,0.010127185168978523,0.5072759166105365,-0.84397626154113392,-0.17428486561371742,0.098594752739773556,-0.14407237415140087,0.98464319717274296,-10.266756004529737,-14.233210708548359,-4.4902197726706312,,0.1560553656512616,0.1818181818181818,True,5
-0.77545837137313278,0.62097472301946921,0.11425719950279838,-0.63129810503655692,-0.75930453251300967,-0.15785857430767786,-0.011270175002240559,-0.19454310647281692,0.98082922207656786,-1.6710747708227949,-8.8140595010557448,-4.0202568372254213,,0.1774387793274313,0.460093896713615,True,5
-0.99688042819390255,-0.015850614001116332,0.077318625956047465,0.0011152352259995333,-0.98235772016321443,-0.18700819737681235,0.078918743871999486,-0.1863385834214743,0.97931086187897753,7.9224082650979453,-2.307062820990462,-3.5405630903229022,,0.135110490577201,0.16,False,5
-0.99229379088818082,-0.11725878814759526,0.040042591910640177,0.10392627777875181,-0.96359339272350553,-0.24634752340273186,0.067471189049982228,-0.24028764034332509,0.96835400992943665,-0.29345850521978978,7.7677131445031788,-2.2700304639890403,,0.3156432736385263,0.3833333333333334,False,6
-0.084343095917017719,0.99457418564738453,0.060896891669248471,-0.9935028190357027,-0.079251127517786749,-0.081678683603942495,-0.076409362903024983,-0.067390266589493181,0.99479654263057837,24.147985541613338,16.524232173058081,-2.3611047989204237,,0.3156463628349964,0.9166666666666666,True,1
-0.41649982524065526,-0.90910975075666134,-0.0068816170821147452,0.90401754333730211,-0.41334108181895324,-0.10909368184788246,0.096333674864469837,-0.051658601993264053,0.99400765184540107,2.6771057479140068,-25.138748821882157,-5.6347256351741652,,0.1945055347486562,0.7560975609756098,True,3
0.22730010574682372,0.95898684666876388,0.16934842734370623,-0.9700016654867728,0.23835219481851821,-0.047801675473616467,-0.086205747374363664,-0.15340293068093214,0.98439631753584433,-6.2005983747308955,5.2480522431681589,-2.4942501311592817,,0.1846289859865878,0.2142857142857143,False,5
-0.98964585292722884,-0.12209067141112684,0.075464917268350418,0.088704157917913903,-0.93360162652035206,-0.34715929387908961,0.11283908078326645,-0.33687070355395193,0.93476492816913814,-0.87154497209093873,10.390323279967717,-2.0799481042177059,,0.2694041737357193,0.38,False,4
0.30979522115346353,-0.95075365577898596,0.0097163250959167377,0.94890413180114785,0.30851470617414456,-0.06632966700497446,0.060065544209523057,0.029768474888280258,0.99775045392204087,6.415871113558393,17.053584536040002,-1.5397763838177285,0.2088183422124628,0.2241802856003114,0.8431372549019608,True,5
-0.37485453066358548,-0.92352733380920482,-0.081125486428411581,0.9243649256452785,-0.36562487444516778,-0.10894005426727071,0.070947622072791372,-0.11582622714315899,0.99073241595700268,12.775737619910689,-0.52644011648814848,-3.4372920942207554,,0.2928096183281259,0.3648648648648649,False,5
-0.071088940592631794,-0.996156737349709,-0.051167540083529722,0.99459145265607707,-0.066896147734451156,-0.079452801849679122,0.075724532543233025,-0.056539013531125872,0.99552455274595586,-10.347701673597548,10.87524112718974,-2.0057517799027549,0.3087469658035351,0.2253669458177501,0.4146341463414634,True,5
-0.25970558243704073,-0.9656784107528843,-0.0042681912819930515,0.96113195033623189,-0.25804900400803332,-0.098163565406579611,0.093693033326428615,-0.029595920939282393,0.99516114120771759,16.217552109347618,-12.72463156120952,-4.7627257782097487,,0.1686229833854708,0.851063829787234,True,5
0.9664212445277105,-0.25344134306913296,0.042396506328075068,0.25474198573255707,0.96658377120209482,-0.028676365769945519,-0.033711998317307548,0.03851361930605933,0.99868924210557264,8.4901601459410347,13.002720928750012,-1.8950385849169378,0.1468931765332153,0.1780665079138355,0.525,True,5
0.88826136152523016,-0.45746771989516893,0.041413027844656551,0.45918642208622423,0.88667015884039158,-0.054441337176903255,-0.011814541590721157,0.067374436367755156,0.99765780803396265,-6.0578651398774293,11.057187623643406,-1.969959721427001,0.1644492444014357,0.1707048285206688,0.618421052631579,True,5
-0.21890702971123238,-0.97565743696568774,-0.013125472812475648,0.9713446236530433,-0.21662374370056334,-0.097794558976871435,0.092570699702085715,-0.034157273876849255,0.99512006622214599,-16.263435053581514,-2.3548449953992701,-3.2456471472126562,,0.270072591734199,0.9491525423728814,True,5
-0.62037701669280698,-0.78370117424201313,0.030738032647239687,0.77831144786261164,-0.61999955935652051,-0.099155617711383606,0.09676594072987843,-0.037590103609999245,0.99459707260038299,-13.065739941684281,-8.3600261336101855,-3.9448226362116863,,0.2751132849789056,1.0,True,5
-0.96177354945673044,0.25366517801993405,0.10317759943670025,-0.27217911240577763,-0.92698182039406141,-0.25811477181462961,0.030169029407789,-0.27633074769020993,0.96058895868397542,-14.772765132760824,-0.20612000902412214,-3.0223350501158022,,0.1683805575034998,0.25,False,3
0.79743475515576756,0.51798728877894695,0.30949471713277854,-0.59634368511755276,0.7547789406791634,0.27328183241419357,-0.092043579298505152,-0.40248965125910718,0.91078540839170441,-22.879450657344556,-5.3244412791205491,-3.6461463037149522,,0.2033447494560092,0.3461538461538461,False,2
-0.2640075901477078,-0.96436398333463058,0.017381023887137845,0.95997497213198679,-0.26446815978709687,-0.092220634019827524,0.093530985371652886,-0.0076615994277878102,0.9955868895629435,2.6960434385105327,-22.271780732430763,-5.3631147387561748,,0.2550114673020444,0.9245283018867925,True,5
0.38279159014539876,-0.92321044148889342,-0.033957020479449353,0.92224159897778635,0.38403095023117101,-0.0446168396397877,0.054231279063429769,-0.014237625870512159,0.99842689185574229,-3.0016618453436847,7.4256596563601036,-2.295706557194916,,0.1106739685301664,0.108695652173913,False,1
-0.99842701684138047,-0.0068871129130553882,0.055642247590704255,-0.0013691119469438704,-0.98913597430643108,-0.14699710835708651,0.056050134466378798,-0.14684206484720627,0.98757065084869267,5.5629937782900249,-25.121874968234845,-5.6781260583825865,,0.1503788935654868,0.40625,True,4
-0.74999596719061989,-0.66134332630629222,0.011447879626205654,0.65394386572493957,-0.74398116598624109,-0.13729328147610276,0.099315002283286422,-0.095483136772328975,0.9904642855315825,-1.0859496567168465,17.151636611491142,-1.5502416576935185,,0.1579980560178742,0.35,False,4
-0.81146578361505683,-0.58116179282999825,-0.061434945890969678,0.57718049946237093,-0.78052756350340269,-0.24008205608044167,0.091574849507779693,-0.23027742652302288,0.96880666480550359,-2.219446724254079,15.040198778337952,-1.7042233586209381,,0.2680114528465669,0.2058823529411765,False,1
-0.74390146847536509,-0.65789274279172238,-0.11742122543297245,0.66660079698442665,-0.71799603298817138,-0.20031244113378788,0.047476127263329171,-0.22728580156981726,0.97267012997461944,4.8217715429936305,9.4702358347393005,-2.183800646856449,,0.4341704191541321,0.3829787234042553,False,4
-0.39868494777945856,-0.9169314623533058,0.016941244367495341,0.91186731999172188,-0.39831602067202543,-0.09920856015041303,0.097715419178377227,-0.024104792524129844,0.99492243709354677,-8.2709797669100507,7.0323442057730521,-2.3035919230316093,0.1813151662933181,0.1693066271706666,0.3902439024390244,True,4
-0.2660791827545545,-0.96395116723551733,-0.00012525954704788872,0.95887776366875066,-0.26466545367045818,-0.10249698519970273,0.098768936646528915,-0.027392422651093935,0.99473330714067243,-6.8606228577283437,5.8279073429148882,-2.4267897945845602,,0.1864531278478626,0.2758620689655172,False,3
0.31847051172644097,0.86667802576873187,0.3839866310307074,-0.94784367988678353,0.29669802380243226,0.11645875308628767,-0.012995832385052619,-0.40104798007388742,0.91596486069023131,8.1246935831598535,9.3508340550927258,-2.250372126681051,,0.3029457226674455,0.4705882352941176,False,3
0.59381238849064077,0.79794879752820858,0.10326937492948604,-0.79701386083776782,0.60093335339012799,-0.06039876170726903,-0.11025313105538657,-0.046441590267582142,0.99281792176909356,-17.700207984327736,10.017420005976474,-1.9304669784862702,,0.1268234605430001,0.4782608695652174,False,2
-0.99405439818550567,0.10125906329619569,0.040030682587600667,-0.10852185106989487,-0.95134220993197527,-0.2883938408532849,0.0088803878527776922,-0.29102336968381642,0.95667472894890526,-0.097914307696482544,10.479689691964104,-2.0594691171168629,,0.4854835949674164,0.5757575757575758,False,4
-0.99629784547610434,0.074453617314441389,0.042979785579598265,-0.082085086459150955,-0.97243809910148826,-0.21823423653698071,0.025546852656780448,-0.22095429908621339,0.97494951460814283,17.951919388022894,5.6480620617876278,-3.0440637786025149,,0.2065293866330296,0.28125,False,4
-0.022167610551217767,-0.99950753117560354,0.022210181577405345,0.99624113267980707,-0.023945032353437229,-0.083248068941267128,0.083738895379068951,0.02028128568026755,0.99628131913222706,-5.5624834702423023,13.325958506401797,-1.830913128036936,,0.09594765597709064,0.5757575757575758,False,2
0.068955074093774021,-0.99720825973051075,0.028651081689344271,0.99453880362014513,0.066458402774532133,-0.080472658676533151,0.078343894787876484,0.034043610647306821,0.99634495367998022,19.204415289123045,4.7531418154573197,-3.1877279685077937,0.2051623831505084,0.2366047485399763,0.9767441860465116,True,3
