axis_00,axis_01,axis_02,axis_10,axis_11,axis_12,axis_20,axis_21,axis_22,location_x,location_y,location_z,dbh,dbh_approximation,score,reconstructed,number_clusters
-0.0042927546810888643,0.96931745449716733,0.24577478443562917,-0.99114975811417305,0.02848547304103876,-0.12965621780633899,-0.13267904599997898,-0.24415620047985723,0.9606164794129729,3.8973500346499867,1.2887584958966438,-3.1559806468077913,,0.4503566954582344,0.1209150326797386,False,7
-0.33442518261855703,0.93910538478864325,0.078999199309354687,-0.93975056191324768,-0.32599588328764578,-0.10293476314269676,-0.070913176591380259,-0.10866351890345698,0.9915460458522527,0.62751505873979074,-10.186449437516485,-4.3255791865233739,0.309428967037874,0.1421891955903998,0.2840909090909091,True,5
-0.817962928620663,-0.57493248569104205,-0.01973028888356862,0.57069112550210188,-0.80665447656114786,-0.15368862910770756,0.072445059703567599,-0.13697150193008062,0.98792232537966529,-10.080248873850385,3.495892993929469,-2.3284276151848426,0.1304127902510531,0.1130732762339542,0.5571428571428572,True,5
-0.12221892684605516,-0.98920365181011161,-0.080862037855460478,0.98315403093253639,-0.10950881641985005,-0.14634196454684142,0.13590689968395284,-0.0973855963264737,0.985923607713312,-1.530255298430947,6.9184738935897316,-2.26671272495037,,0.209459688791554,0.2297297297297297,False,5
-0.97839131702966564,-0.20663103685069253,-0.0073515556831713243,0.20496078859014566,-0.96457315759619477,-0.16610147135233552,0.0272306059693979,-0.16401901796716409,0.98608126229212201,-17.916308523135687,12.127533172149297,-1.3110252624735488,,0.2396945795818427,0.7166666666666667,True,5
-0.082893013237377897,-0.96501805868546953,-0.24873458699456263,0.98441699517216052,-0.04044919491465792,-0.17113457349983602,0.15508684010141754,-0.25904441519107063,0.95333313326752334,-3.856465531256636,5.454717879941394,-2.3161773745258611,,0.5223102915931733,0.1742424242424243,False,5
-0.99892290272771322,0.040921246222386951,0.021874323158598455,-0.043932016801133594,-0.98580813789035637,-0.16202559417861637,0.014933596546878144,-0.16281205998560286,0.98654407951060119,1.67592421301918,9.973280038263848,-2.1409178974291176,,0.1561570424709136,0.2195121951219512,True,5
-0.92422751794480384,0.38106948893378173,0.024280438161936459,-0.3806654416299784,-0.91452611376327808,-0.13687881060884199,-0.02995524365186996,-0.13574988710412969,0.99029018551582881,-0.45129907169821193,-4.2318803772458384,-3.5564656071596041,,0.08601615792659346,0.2764227642276423,False,5
-0.34604573654909732,-0.93821027848146299,0.0037177369366518075,0.93157651801785035,-0.34406421210495769,-0.11740957808600805,0.11143401318238723,-0.037165727496338938,0.99307661809436265,-2.5234085830722406,2.7185032620992016,-2.654602498642523,,0.08628717422909087,0.3592233009708738,False,5
-0.968733720520499,-0.24809782374727365,0.0015647933985815411,0.24504450917036649,-0.95776078334224701,-0.15049076522199362,0.038835129096832732,-0.14540203486717021,0.9886101764621481,2.1286632127494327,-18.899988478565685,-5.4936890853922877,,0.2565825378958943,0.868421052631579,True,6
0.93326327568474998,0.34368993622467453,0.10438815064962773,-0.35498733848995517,0.92686939620874864,0.12205372539766166,-0.05480554506606209,-0.1509647313431485,0.98701874456390248,-4.3620456857538192,5.2160234446039606,-2.3146315362625272,,0.4514136890309212,0.4656862745098039,False,3
0.51961960292708353,-0.85128258639823917,-0.072893253110461007,0.85309222681002694,0.51221951737443883,0.09932179306178654,-0.047213565955255207,-0.11379421828820148,0.99238185950468027,8.9235032796143852,-0.45215086262431359,-3.5829840618467075,,0.6309448839398495,0.3577235772357724,False,2
-0.65525328918368519,0.74629775839931256,0.11697342784634564,-0.75223581858467381,-0.63045167517680345,-0.19149923891496098,-0.069169359200508165,-0.2134721084238515,0.97449743902837793,4.0250759355814241,-10.70260993702499,-4.5558828326984537,,0.214064545168791,0.3684210526315789,False,5
0.43326255760248011,-0.8880443371790756,-0.15382071181715454,0.89667317127232515,0.44194085743786482,-0.025797334116511514,0.090888833748660552,-0.1267498865138087,0.98776195825135271,-2.0449882314840888,7.8834559036925889,-2.1326266294276062,,0.2245188360136965,0.25,False,2
-0.91338495339149084,0.4054200709449774,0.036911962735597478,-0.40587066470578426,-0.89985018229840552,-0.15980817547551152,-0.031574205442249891,-0.16094786575937134,0.986457730497457,-1.0215414375005065,-13.074675256259775,-4.5672940240947071,,0.3324660782636433,0.7051282051282052,True,5
-0.9480815474690979,0.31701154608434295,0.025398011690213825,-0.31711506404593132,-0.93629791582127553,-0.15094452286811191,-0.024071051155832007,-0.15116180892656556,0.98821591366376138,4.8854110840130485,10.128890343179798,-2.2530163767879676,,0.1039294084334934,0.28125,False,5
-0.98532204245122956,0.16864568375066777,0.026440612927987123,-0.17061375142351398,-0.96781991372033016,-0.1849744912996617,-0.0056053978389862605,-0.1867705757303407,0.98238756687797302,-9.9891786896869679,-12.944337648071947,-4.009584477896226,0.1544507434115664,0.1246735065568598,0.2758620689655172,True,3
-0.89878423407906216,0.43723558637986282,0.031811044842491906,-0.4369067684100385,-0.88741287934522683,-0.14700631717620644,-0.036046862393426866,-0.14602542098988033,0.98862389215328861,-10.057717848002286,4.5778648940791422,-2.2181451398933585,0.132117536994933,0.133696808622824,0.7083333333333334,True,5
-0.66226445628085306,0.74411921347763099,0.087706248810776807,-0.74460909131994601,-0.64058381007095033,-0.18764243496253602,-0.083445138089111706,-0.18957578539575284,0.97831382006024648,0.98980555018691607,-19.607344398062249,-5.4901779134758986,,0.1366840550436783,0.1612903225806452,False,2
0.25453889566543098,0.93203828940475864,0.25790420251883167,-0.96314894004177887,0.26829588004202765,-0.019011576706638195,-0.086914152413869683,-0.24356097354856651,0.96598342753602806,-9.252673513503245,-2.8139711632032784,-2.9855694299333204,,0.2277148387645937,0.3,False,6
-0.90348370234522779,-0.42584165074486785,-0.048745133987352585,0.42430658924509346,-0.87248587902507535,-0.24234749684087309,0.060672217033453699,-0.23963989524435919,0.9689641906115608,0.074456013282935801,2.8988748812151295,-2.7818191770207625,,0.0993730943841033,0.3323863636363636,False,5
-0.92729590674883877,0.37274507912251914,0.03440068773724618,-0.37340544810377169,-0.91464133278698245,-0.1549180547388648,-0.026280651690361242,-0.15650028226044621,0.98732820733489135,4.3077048088698948,-0.50148220908252683,-3.3256921670609323,,0.215300592659936,0.7481203007518797,False,5
-0.99944170199414661,-0.030745155569972787,0.013077450975754398,0.028590028789029869,-0.989536909410766,-0.14141893496853133,0.017288567577666166,-0.14096609635926446,0.98986345781039131,-8.8788187860877148,3.786182907800077,-2.3147999319080603,0.126370606937823,0.137629924828503,0.8380952380952381,True,5
0.18860608227074796,-0.98204523279292144,0.0038608909820018258,0.97612474654038217,0.18703480826871105,-0.11044663728407465,0.10774147261826941,0.024599618789354249,0.99387455638700362,3.3903551568095551,-4.6267547867628203,-3.7745735601070538,,0.3118932125416583,0.9409799554565702,True,5
0.3210700828986745,0.85081520369247077,0.41596573300354611,-0.94071657201946668,0.33724478961225918,0.036308167226216076,-0.10939073541841676,-0.40296332468988061,0.90865517439757915,-6.2705343132265332,7.1462846458249016,-2.0571709068848292,,0.4829047895787503,0.2588235294117647,False,1
-0.99776346760813828,-0.053967964153707325,0.039440100807283912,0.041698557765529651,-0.96368567563062058,-0.26376343352449433,0.052242635718915832,-0.26152892273983702,0.96378074767225042,9.514353225069021,4.2819516589508115,-3.0974288166298098,0.5230567912937514,0.2741526567656513,0.5694444444444444,True,6
-0.72157592600969378,-0.69090759721472161,-0.04443956698970096,0.68679952913814346,-0.70622939293614351,-0.171890812228782,0.087376139642793144,-0.15455334569017143,0.98411314062819844,-3.9147685429069843,8.734240730919776,-1.9995686282609952,,0.2381930992753976,0.2166666666666667,False,4
-0.5502680821580429,-0.83458365974644833,-0.025983699550556599,0.82752220997851067,-0.54093184126670868,-0.15033208272384804,0.1114092893361714,-0.10422503532277033,0.98829404139738475,-14.251040701102612,11.777033237387341,-1.3522766240956003,0.1638461316747112,0.1835649047520195,0.4285714285714285,True,5
-0.95727964369500451,0.28911060092461027,0.0055447452759371449,-0.2848362606863078,-0.93947504226644496,-0.19040732537563348,-0.049839626457329499,-0.18385240110336123,0.98168951621330935,-4.0832146370873454,-6.0934618195551851,-3.6163911574671661,,0.1964171257801578,0.9060402684563759,True,6
0.97472431819939342,-0.22303571147547113,-0.01294507309207308,0.22280267724137032,0.97471003555460678,-0.017300682160429556,0.016476362608493927,0.013979198681210045,0.99976652848523861,-5.2103365916044977,-10.414902815545528,-4.0061816155469385,,0.156559358817087,0.3809523809523809,False,4
-0.99519491162781315,0.094691959867381159,0.024910251034186971,-0.097353714130232333,-0.98411493227120372,-0.1484589317821462,0.010456682799098317,-0.15017067895338687,0.98860478704461074,12.029738964360497,-12.000425162040512,-5.2384998142974624,0.2769353208216027,0.2205772395517185,0.8043478260869565,True,5
-0.98113379281003099,0.18445191682726575,0.057913478439402477,-0.19320597137980727,-0.94620545727076755,-0.25955092998138873,0.0069233827995289626,-0.26584341821787888,0.96399136083309656,1.5557901880380276,6.1600697387068415,-2.4755830535382084,,0.4170399974143964,0.35625,False,6
-0.65313774401760172,0.75555097285299455,0.050535282333137303,-0.75352297945497604,-0.64188007392683,-0.14210239311490122,-0.074928010602794942,-0.13089193296983304,0.98856112360871584,-4.6747601756754866,-3.3638043974306768,-3.2852438957906154,,0.1720610739083537,0.6475409836065574,False,5
-0.88233755032779471,-0.47056776655218374,-0.0068135426640726915,0.46619826921456731,-0.87198197201402461,-0.1493539897822419,0.064339887028867462,-0.13495709527335614,0.98876031543164677,-21.711954434604849,-18.06102164109652,-4.214920390934064,0.3107286156786542,0.2176662831405682,0.6875,True,1
-0.92071966589211485,-0.39021829866408836,-0.0022307458881629244,0.38637487518895369,-0.91082030963037952,-0.14533003608181339,0.054678630764072547,-0.13467012642945342,0.98938071761341784,-6.2421686292146177,-3.2167465078806865,-3.2062772730593112,0.2149312127759493,0.2199380253374286,0.9224489795918367,True,5
-0.98682895022521344,0.16079723867832491,0.017688160753170035,-0.16157261645391766,-0.97437083392039336,-0.15651123799112304,-0.0079317469475144453,-0.15730774309837564,0.98751777773954852,2.5408797720440397,-7.0033847203334902,-4.0029527962844327,,0.08591389740723931,0.4420289855072464,False,5
0.73450203449764817,-0.67859559370540901,-0.0038446745533009911,0.67518609176090072,0.73135629796226642,-0.096133796989252798,0.068047797991249145,0.068014598686854139,0.99536099559607483,-3.1725498105205281,7.735204396001885,-2.1163531681342733,0.3234780448808802,0.2292788112491151,0.9475982532751092,True,5
0.99881896735359577,0.036102332427594377,0.032516027555402893,-0.037245249046831977,0.99868397714208368,0.035257697359719231,-0.031200350609179264,-0.036427124412414982,0.99884913912407491,-11.16675707740537,4.341811730795949,-2.1975420840536506,,0.3204351491903253,0.1923076923076923,False,5
-0.57866278266732807,0.79463242936886525,0.18359925422244922,-0.81193802858763386,-0.54008776421224991,-0.22149908505779373,-0.076850645338416484,-0.27724449344134539,0.9577209766771948,-4.2803054330001649,8.7840369616609131,-1.9975846269344455,,0.5325041181635152,0.6875,False,5
0.70236817758398051,0.70011676510541621,0.12851248319009378,-0.71143283359825238,0.69636289302437893,0.094562384155001178,-0.02328661408874546,-0.15784560949562071,0.98718919015923012,-11.892869371348114,10.215679652310239,-1.5770590797786066,,0.1672617538591711,0.2903225806451613,False,2
-0.59427733250941694,0.79542081880719573,0.11891245970705562,-0.80018085576879217,-0.5698919482704945,-0.18690576598271111,-0.080901484081663588,-0.20622533380879862,0.97515437832623897,-9.1486958873567019,9.6793456815358319,-1.7392617083908053,,0.09199553646134048,0.2631578947368421,False,1
-0.63105937493846864,-0.7756644232528026,-0.010429180320825175,0.76956558279504239,-0.6242922202572565,-0.13426852759895261,0.097636463883093494,-0.092757351332174054,0.99089010222841722,-1.3728429909486672,8.0245432894122271,-2.1225539115125125,0.2629518731546313,0.2187138680045816,0.5390070921985816,True,5
0.028505770136230093,0.88146772736583734,0.47138314212691806,-0.98913358323900102,0.092916777957194663,-0.11393518720231936,-0.14422959328000123,-0.46301308619364001,0.87453799599315618,-6.9727225174053347,13.660366802486289,-1.4609198968257413,,0.2281018799744206,0.4,False,3
-0.90976790768173132,0.40660629410233651,0.083628199483004956,-0.41505828801861655,-0.88759254431988643,-0.19976509408504373,-0.0069979782409128298,-0.21645044898108978,0.97626852424751698,-6.1434746147236119,-2.6424326186077476,-3.1487879274122825,,0.2366642814086046,0.1875,False,2
-0.46841451250792548,-0.88348923326720818,-0.0058838059861209997,0.87686313404041027,-0.46406553845521187,-0.12551581644997165,0.10816140084517792,-0.063952722531523495,0.99207417094086936,-13.039857550878583,-0.9986783643396826,-2.6192237962830713,0.09787108071060237,0.1330572001436681,0.5967741935483871,True,4
-0.75280073094797506,0.65001629842535114,0.10377799027538584,-0.65228811580401214,-0.71548646613100286,-0.2501985826582952,-0.088381409046500922,-0.25604282564597064,0.96261664122857371,7.716364163457909,-10.343771857568864,-4.72594184269943,0.7163328480811783,0.3055983366763993,0.3484848484848485,True,5
-0.8933667085171404,-0.4492645808088066,-0.0075670697060875938,0.44575831534275084,-0.88402439017299173,-0.14071390081318161,0.056528297480485476,-0.12908219865634629,0.99002138238221882,-8.5448945195590849,-6.4010807914287371,-3.335486114586498,,0.1030249232459656,0.5875,False,5
-0.70290775371577874,0.70601534584214132,0.08638877937348588,-0.70733475000778312,-0.68105695305913816,-0.18931185414873308,-0.074821395320230327,-0.19417455581307713,0.97810940118022005,3.6896648642830954,5.3146696339951429,-2.6771271339692304,0.3347391111469498,0.257141022219678,0.25,True,5
-0.93903999361613832,0.34373394787465755,0.0071318628635876451,-0.34074542263883134,-0.92771257264690743,-0.15245307311937312,-0.045786977844002139,-0.14558968243443215,0.98828497763982714,-11.520430173621856,-9.0137564591612129,-3.4602831738726145,0.309581694065826,0.281941472848098,0.9870967741935484,True,3
0.6632514281434414,0.73267907230455875,0.15257431000209715,-0.74446810757454918,0.66677498037565108,0.034327282872657683,-0.076581850787601852,-0.1363543272213279,0.98769566040251666,5.404646544452155,-10.947848312969379,-4.6504902952321494,,0.5123853786907577,0.4651162790697674,False,5
0.5102213345958041,0.85124663547435209,0.12269211595237726,-0.85363422063079997,0.51862292608167682,-0.048361946926549992,-0.10479888878858917,-0.080058891674035487,0.99126573973511334,-7.2459519509248143,13.707020033088188,-1.4319825781277562,0.5096181480107768,0.2780956168354813,0.1363636363636364,True,4
-0.17379423870216021,0.97257410001147115,0.15458066690505493,-0.980017130397148,-0.15538666484907779,-0.12418296386871358,-0.096757360040848589,-0.17307398526051038,0.98014458571374452,3.0456180231190162,-0.57961905310318773,-3.2553541611661165,,0.2091779914677173,0.2147239263803681,False,4
-0.84375863150602781,-0.53668869497180061,0.0060511526621660483,0.53207335645212694,-0.83787703545886905,-0.12190166858753462,0.070493369282813634,-0.099635927958356629,0.99252373611266032,13.757821138206653,-5.3299684928775548,-4.4330918179388279,0.2436872938956286,0.2394856524275189,1.0,True,5
0.11205305384928341,-0.99354706840765217,-0.017559498330261665,0.98780579395992374,0.11329293256397119,-0.10679150176985513,0.10809175057447766,-0.0053790602911986327,0.99412636981830882,19.105298288874948,-8.5917379644950707,-5.1993950874025883,0.2751900030100557,0.3006087329055869,0.9807692307692307,True,5
-0.37661344054773338,0.92504327869304515,0.04957064598751694,-0.92102265657710269,-0.36816133246946126,-0.12717900513043395,-0.099396088808640065,-0.093553010743276516,0.99064032408862324,10.047646025369039,11.220674851489033,-2.3893226098520399,,0.3177276212892139,0.7466666666666667,True,5
-0.39158294846799996,0.91769622572350573,0.067055437974407148,-0.91436164789206398,-0.37993177571134912,-0.13998079392877399,-0.10298335464149701,-0.11612701278192389,0.98788103816660511,-15.674589365284286,-14.477535537509729,-3.9888124213319673,,0.2158595958556463,0.6,False,4
-0.97819396876633113,0.20683485028992196,0.018865422728333518,-0.20737063796644747,-0.96757408147705504,-0.14421447695436493,-0.011574885682451828,-0.14498186631223212,0.98936660569379387,1.8442304446908568,4.7930351352477363,-2.6342625322620479,0.2509525366727779,0.2318999525451854,0.8899521531100478,True,5
0.65867340288118292,0.74584056282481803,0.099353928870893837,-0.74936870857613691,0.66214749462238631,-0.0026896044748199732,-0.067792971198029003,-0.072681154438112835,0.99504852285990919,1.8241434832588479,7.2744455883362695,-2.3765838503766838,,0.1203885706415978,0.2857142857142857,False,6
-0.9983457105788125,-0.056495374480763763,0.010682454360577624,0.054547013791834069,-0.98938457551575898,-0.13469515588133321,0.018178708845267316,-0.13388963512453639,0.99082950104997303,9.4853418553447852,5.2968718474969725,-3.0001261452770311,,0.2412539784671876,0.8068965517241379,True,5
-0.98938837172183991,-0.1451174731829448,0.0071811474434285254,0.14235756275434003,-0.9780889543800958,-0.15190892549911539,0.029068440416560148,-0.14927463380175796,0.98836840776863177,1.3941696930334415,8.2299049710784455,-2.2545976562344512,,0.07374442688711129,0.3684210526315789,False,5
-0.94793771143293937,-0.31670535188551524,-0.033343894948765038,0.31702985441144416,-0.92860855880556581,-0.19281653436598714,0.030102602132388624,-0.19334907447444191,0.98066812365077749,2.8436423562166522,1.2654180543279454,-3.0872204462927932,,0.1135610507029204,0.1928571428571429,False,5
-0.31956337280556124,0.94355969940095341,0.087030709680642332,-0.94221110332215874,-0.30666501466618762,-0.13488812236897549,-0.10058572233460662,-0.12510660432674758,0.98703133183109026,1.7432382352167468,0.62624224052776967,-3.0675993630127829,,0.07985840812429004,0.2022471910112359,False,1
-0.98357393617597766,-0.18037687656688442,0.006818685743558775,0.17780942945484127,-0.97469518247227782,-0.13547364342291018,0.031082452802799514,-0.13203591808787851,0.99075748670522445,-16.516325532788311,1.5474979233438382,-2.2570200801731044,0.1498282962055568,0.1562472578852085,0.7674418604651163,True,5
0.44612014935887029,-0.88421912119954915,-0.13832338212000381,0.89456563823019586,0.44522207148687665,0.039110432863082856,0.027002430146609937,-0.14118729675870903,0.989614579520808,-10.438077581816573,-0.39935467972683697,-2.7317092658070457,,0.6100616203383149,0.293103448275862,False,2
-0.98054510262819572,0.18763009627944272,0.057673639403354141,-0.19591661048550982,-0.95367357362419014,-0.22830548987428179,0.01216484474747281,-0.23516305394562678,0.97187980461126766,2.8724417537799636,5.3436767510630245,-2.6367261193420712,,0.1774158687707436,0.1728395061728395,False,2
0.79885746168896632,-0.60152009445359267,-0.00057608367715307127,0.60091866252423431,0.79810081549644574,-0.04395280803309902,0.026898270092100416,0.034765849226647064,0.99903344227988811,-6.0396843719261808,7.3544139201543635,-2.0478660939249163,0.420390022039059,0.2146598035286738,0.8055555555555556,True,5
-0.95594844882037266,-0.2934352946785469,-0.0076348565695407676,0.29045858635557309,-0.94185520810352441,-0.16894548404911139,0.042383638473415378,-0.16372078305817142,0.98559582607911511,-0.41470205678856131,14.801156329558365,-1.5903270691501017,,0.09384710787108586,0.2307692307692308,False,4
-0.96480600145073159,0.26126818378879169,0.02980462555307662,-0.26188619167207694,-0.94441943561889008,-0.19871475092905358,-0.023769774423606942,-0.19952660415344553,0.97960406902934349,-0.96669695332036132,3.6863848590828017,-2.6445139252765375,,0.1515883024324969,0.2052980132450331,False,4
-0.77590046560390513,0.6137504677486737,0.14590692517466836,-0.62928599225260606,-0.73668131516884927,-0.24758792344487729,-0.044470298293298696,-0.2839207692638524,0.95781594753393284,-0.54491846375010977,-10.684507182232922,-4.3074872208216526,,0.3107305533916667,0.2258064516129032,False,3
-0.89818548610848303,-0.43020673182681163,-0.09047099222934625,0.43827919933294363,-0.86024490088997829,-0.26055719895037682,0.034266251270638065,-0.2736802484354437,0.96121014645090574,9.0658729398003146,-7.6634760533526434,-4.4483610445600803,,0.3227307906902804,0.4090909090909091,False,6
-0.94172411675332257,0.33497346379388476,0.030797182973451947,-0.33551109146134656,-0.92872974729336344,-0.15777631000508502,-0.024248617106739593,-0.15891455265749485,0.98699451342045352,12.727362153544695,4.5362807630284392,-3.1886550859197165,,0.2525922787990525,0.7864077669902912,True,4
-0.094869339584047488,0.96006974139691248,0.26318415617386781,-0.99089382991977637,-0.065696611199085764,-0.11753030717169023,-0.095546984430710302,-0.27193757910781702,0.95755977716024365,-10.854705901662458,10.391066269567308,-1.6114864849028052,,0.2092607154747347,0.3,False,3
-0.79550662088816582,0.60440562930059338,0.043163079047345364,-0.60395210554097234,-0.78510392557158937,-0.13730870425689845,-0.049102651005012085,-0.13529841581421337,0.98958742329439775,-6.3224524117886833,9.9300545771636184,-1.8198996078014142,,0.1826105130099725,0.4117647058823529,True,5
-0.96834586741021023,0.24902714729664685,0.017081012231820729,-0.24908466823083861,-0.95958720606437731,-0.13095503812338527,-0.016220638763705962,-0.13106438824813652,0.99124114977700584,-14.033005288501261,1.5613186604316263,-2.4188323826321727,0.04922269876704208,0.1027381009619211,0.4047619047619048,True,5
-0.82755709694168711,-0.56137921582985806,-0.0016209058269649572,0.55640386414076026,-0.81983219529768214,-0.13524019935881973,0.074592166282236458,-0.11282086503673144,0.99081151645592302,-11.348704976927092,10.195333562533536,-1.5953601174629739,,0.1363136862461362,0.6578947368421053,False,5
-0.87186181604629542,-0.48939967974055332,-0.018572215546347078,0.48448480739814692,-0.85631815982175674,-0.17886777395568196,0.071634105849355478,-0.1649459385050879,0.983697815515435,-4.7330752680155896,14.651204904560085,-1.4729589860693846,,0.212125581975566,0.4782608695652174,False,5
-0.71529169745889143,0.65263609303853498,0.249847788883099,-0.69678192381488024,-0.63873399018495447,-0.32636458206619251,-0.053411030613644314,-0.40753529889544832,0.91162615252250467,3.0230601535943782,-17.167689748859463,-5.3436644516517378,,0.3346748264003106,0.2368421052631579,False,3
-0.98732582674390246,0.15660655703741264,0.025731267698235756,-0.15868289329074348,-0.97690719463007636,-0.143080650183292,0.0027296925374792058,-0.14535033323966851,0.98937648516920418,4.0884430640580796,13.788087606665194,-1.8794762840993238,,0.2424164056678796,0.4444444444444444,True,5
-0.61372733941823621,0.78734191351586558,0.058578699813067542,-0.78557945753573877,-0.60158068353741945,-0.14479501749890133,-0.078763371870869708,-0.13488288407291604,0.98772614566776773,-5.1201430281320501,11.088849609600468,-1.7312610599349771,,0.1179341738619547,0.4117647058823529,False,5
0.37953397247738235,0.85013354320635015,0.36500263348495915,-0.91762526757158702,0.3962090979853447,0.031340373128194599,-0.11797386172246982,-0.34683037552823631,0.93047883294636591,7.259181299955519,-10.756290717171067,-4.7300863073168751,,0.3703453903403368,0.331858407079646,False,4
0.99974494329461994,-0.021257661721106168,0.0076262818586919738,0.020767167006726879,0.99801378269098173,0.059474484725409282,-0.0088754228829906398,-0.059300939090281085,0.99820069399477906,-11.749877628877789,-2.9371007933770752,-2.8079239703834302,,0.1668053635592994,0.4761904761904762,False,4
-0.585467377983523,0.80936309728763778,0.046468549214062821,-0.80522494965161062,-0.57391231200335713,-0.14912222701368788,-0.094025155015344142,-0.12472383445004463,0.98772629576437687,-5.9292283095242588,10.690724683279447,-1.7443914301639138,,0.09266264753407581,0.3636363636363636,False,5
-0.91205119856067018,-0.41003198538413443,0.0060317630913450902,0.4058025372706946,-0.90456621899604894,-0.13070675650424052,0.059050080005972325,-0.11676354916298666,0.99140272424386189,-3.6992615556579787,-10.428039599366111,-4.0246329799897742,0.4774617938598089,0.2695951416737371,0.919831223628692,True,5
0.95894155095577849,0.27939580312526979,0.048673268294937615,-0.28010850938030923,0.959931975192306,0.008356193878736401,-0.044388341073604516,-0.021646898146925442,0.99877979904348746,-6.2734021087755396,-1.3959526358584253,-2.9798760772784663,,0.1100246261405617,0.34375,False,5
-0.16347333072191772,-0.98273252211511142,-0.086679063907916576,0.97853679992332387,-0.15034478416435915,-0.14093323621627343,0.12546792952185887,-0.10785747935049497,0.98621729999511454,-0.5596485847062076,10.582462128084579,-1.9769885638046203,,0.192872176805012,0.55,False,5
-0.93964164825293117,-0.34129100120534833,-0.024372635572845965,0.34064070667539414,-0.92638710733413099,-0.16053297580494325,0.032209964672505337,-0.1591457817893808,0.98672951628824979,-13.558765788573146,-3.0012698910627398,-2.7319127564202907,,0.1853575808598738,0.3777777777777778,True,5
-0.92670568878523418,-0.37574097877226387,0.005939970062472745,0.37190813401325779,-0.91928891329903684,-0.12881084480838592,0.053860061528544563,-0.11716061947913449,0.99165139187892237,-9.4661753959426918,2.1122361663584002,-2.4834650735728858,0.2299498624806048,0.1767589184734717,0.869281045751634,True,5
-0.63739674367431698,0.73151470783028094,0.24209837542073212,-0.77052533112551436,-0.60347341884602257,-0.20520854475438341,-0.0040131343480628544,-0.31734218908659773,0.9483026045405718,-2.2064098490858788,-1.9549839460250362,-3.2111638482173386,,0.3946519261464538,0.9651307596513076,False,5
-0.70856057043532439,0.66525637673245064,0.23532078369999543,-0.70511980383845241,-0.65457355084063706,-0.27265276227227814,-0.027349227762242485,-0.35912034160806383,0.93289045443938223,1.2845202765868604,4.1424106375818806,-2.7045406836622821,,0.3456015051389406,0.3114285714285714,False,4
0.99007840037697181,-0.13897204430843596,-0.020773348495373298,0.1405084852192697,0.97761226853473127,0.1566257258299624,-0.001458316962258073,-0.15799057981762826,0.98743954245337284,-7.3396876224425913,-12.080315668861971,-4.0938158452261382,,0.4390955518472687,0.1954022988505747,False,5
-0.1366371803111785,-0.99048923650311771,-0.016166425952572887,0.98387914615382888,-0.13378843882623401,-0.1186696229034645,0.1153781032961709,-0.032120492024696773,0.99280217932469705,-2.7559672886523638,11.132034702432108,-1.8299418653932003,0.1352125847485617,0.1268393871290325,0.5531914893617021,True,5
-0.11265659990874412,-0.98718955279536935,-0.11298352689077154,0.98150942114062034,-0.092851171491910717,-0.16738553152761568,0.15475059518206633,-0.12975148093280603,0.97939614379807405,-5.5215839578427364,-3.9247856398215761,-3.3393470686553051,,0.2121946031116682,0.4133333333333333,False,3
-0.95350862288590144,0.30038609209097294,0.024279657339973205,-0.30073494638182247,-0.94320985205762753,-0.14111579290126344,-0.019488409554283572,-0.14185686680504156,0.98969532242670633,4.777900175438984,2.9099782514075798,-3.0071466409452254,0.3927820468018617,0.2755679854396025,0.9172113289760349,True,5
-0.94851844038572897,0.31637410034624119,0.014839032257246688,-0.31482077201628239,-0.9366637956841054,-0.15345623272359249,-0.034650393292098389,-0.15022770212165226,0.98804402116502443,-1.462754724230517,-6.3401876470493796,-3.794172070819231,,0.2269796392007762,0.9444444444444444,True,5
-0.99353184693542673,0.095588541537782068,0.061296817631590977,-0.11134398288737424,-0.92604580297073658,-0.36061293414832035,0.022293196268299321,-0.36510546630660634,0.93069920590552746,-9.8421133628442572,-1.6414469436700505,-2.86512603409333,,0.259812500032299,0.2826086956521739,False,4
-0.045743533759164644,0.98795437591000557,0.14782990306259611,-0.99392451944415638,-0.030182181734263101,-0.1058446293085476,-0.10010783569195823,-0.15177347273496883,0.98333271795818944,2.599957947492133,2.7867402192659894,-2.9215146839915875,,0.2386415258357269,0.2830188679245283,False,5
-0.55319411192937351,0.82469849399919115,0.11768036591605985,-0.82213471824933171,-0.51767397462413289,-0.23687161300152593,-0.13442759975452867,-0.22778509607153546,0.96438745866581932,5.422700033138816,9.2124415050989441,-2.3994250503912609,,0.4299867151095218,0.4583333333333333,False,3
-0.89371700601165616,0.44753643481467331,0.031321760469888223,-0.44473551169710751,-0.87461403753736366,-0.19303007532015096,-0.05899354033344105,-0.18644416015515977,0.98069278438406138,-2.3676491162807047,-11.636873034381418,-4.2755084666133811,,0.1827951503604417,0.2545454545454545,False,4
-0.61460714139555817,0.77992671243688583,0.11820484327205953,-0.78465382782103066,-0.58904308890140433,-0.1932527099507208,-0.081095204737304388,-0.21152437837016388,0.97400256936197582,9.8426557362792391,-5.61801021779499,-4.2395582239107563,,0.1923427970482384,0.24,False,5
0.93840523896129591,0.34075140044169855,0.05730698549927013,-0.34251072823976575,0.93920612438345286,0.024046974056606135,-0.045629031664694522,-0.042194063772466289,0.99806695789997302,3.0552867177208345,7.1718202824615691,-2.4675094971134768,,0.236248790789902,0.463768115942029,False,4
-0.28904433645507599,0.92964914114343145,0.22848598629790318,-0.95185675265884639,-0.25363803056025713,-0.17215246693344433,-0.10208865745518146,-0.26724562451945744,0.95820544884393344,-1.8004130896364863,6.9672745658680268,-2.26163717640121,,0.4927314310793949,0.1975308641975309,False,1
-0.82477722353925997,-0.56434122776245088,-0.035517744557289746,0.55777803451057273,-0.80165194864047196,-0.21502980597687976,0.092877315574848213,-0.19716270410121056,0.97596140925914987,5.9397461937809641,-10.318228350976126,-4.6100955604188485,,0.1971909477225714,0.2857142857142857,False,5
-0.98534784310281121,0.16895331165927674,0.023332521766851487,-0.17055446484720843,-0.97535195347528592,-0.13999907632776029,-0.00089588689001173644,-0.14192725365942566,0.98987668527719763,17.781831372525431,-2.5433283529387292,-4.2592833684818743,,0.34370359105853,1.0,True,4
-0.82881186140202623,0.55830589942438646,0.036951604393240307,-0.55679576985161883,-0.81644735145656722,-0.15294506521917989,-0.055221092660783774,-0.14733718121194952,0.98754361218017361,-9.2861064098562647,7.9741434867337766,-1.8526275458376156,,0.08917579828248812,0.4864864864864865,False,5
0.0088750428122095215,0.99304069226602543,0.11743686439484942,-0.99800796652515933,0.016132175464023332,-0.060990586709056535,-0.062460646549635006,-0.11666163216160987,0.99120569571304962,-4.8713835162386934,7.1468117885752411,-2.1144461365460034,,0.170955841844862,0.1714285714285714,False,5
-0.80211981028424773,0.58470742309217216,0.12133029024309383,-0.59356410366053292,-0.75838245653155179,-0.2693282467006326,-0.06546346152801609,-0.2880508271227149,0.95537492964735515,-3.7302070149472399,-9.1517961537563686,-3.8968243758710437,,0.4895627679025774,0.4183673469387755,False,5
-0.82739738917166172,-0.56161683153683384,0.00030810135439371042,0.55631374271943734,-0.81965962267223924,-0.13664963454870072,0.076997273025794788,-0.11289214983925702,0.9906193933349281,-14.511326123243249,0.10627420070325061,-2.4481026516663573,,0.1666323702280993,0.9024390243902439,True,4
0.07342464586661443,0.9963127824264516,0.044380862463732032,-0.9916009927808308,0.077683619624665842,-0.1034056398755975,-0.10647202682129135,-0.036415584791029777,0.99364863643487866,5.2366478385032735,-14.340318539099345,-5.1191598948371775,0.2741432277524446,0.2266418563514523,0.9304347826086956,True,4
0.5966818420980996,-0.78009402945754258,-0.18821287021644809,0.79787070390872417,0.60180445637569546,0.035124580147681161,0.085866868783109881,-0.17112773442971951,0.98149996401137773,-5.2787075333371263,0.42505835872481013,-2.8060068404209022,,0.2814870757851393,0.2149253731343284,False,5
-0.97695004187234769,-0.21282825128303112,-0.016515179121778169,0.21021561044554693,-0.94572765334681286,-0.24780759233755517,0.037121594936418617,-0.24556738617116233,0.96866849130052668,1.4232871070730289,5.7990075470975508,-2.5066758820724915,,0.1194084497548406,0.2,False,1
0.79274844972404568,-0.60855970097622292,-0.034712905494236716,0.60786038181022883,0.79350536600025012,-0.029240218096515502,0.045339295160431441,0.0020795375781366247,0.99896948093413529,0.0036428309230755324,-7.2404374954714106,-3.9329536764072226,,0.3628691119117624,0.2720588235294117,False,5
0.25705625821994105,0.95512392813022107,0.14717459707116229,-0.9600249619974025,0.26984176411195082,-0.074414344603954019,-0.1107887740335125,-0.12216261397844397,0.98630732700011126,10.209499679973376,5.3892838790405095,-2.9719761793702726,,0.1239438092537241,0.1515151515151515,False,3
-0.47219496920098292,0.88059878979539319,0.039720051260947777,-0.87688360931653409,-0.46464552606112147,-0.12320580677627398,-0.090039140229634107,-0.093007024048042536,0.99158592502336151,-11.518201151894212,-1.3990507957778342,-2.7404548849368342,0.1112819149812928,0.1797250770307159,0.8235294117647058,True,5
-0.51031333836693649,0.81789161841051883,0.26576981999206689,-0.85953495994002138,-0.47504139656098304,-0.18850815418516415,-0.027927572857290979,-0.32463667705176813,0.94542640040729087,-6.8100028935023849,11.517578001335469,-1.6546120976177983,,0.2301584493674018,0.2222222222222222,False,2
0.28200755910513919,0.95781771385177972,0.055289814969027462,-0.95301662467854498,0.28630514695043452,-0.09893773757268351,-0.11059407621510492,-0.024790922964626566,0.99355642036307479,-13.15548778384751,6.1947280843225636,-1.9329736731863882,,0.1446873450138648,0.4444444444444444,True,3
-0.99123094358986386,-0.13152903915257838,0.012701508947647287,0.12689872190655171,-0.97430530575620578,-0.18608032016790368,0.036850113275691182,-0.18283676609179411,0.98245243453139375,-17.217242025221854,9.6666471867034574,-1.5052572983138817,,0.1850151538131095,0.3636363636363636,False,3
-0.079903054366771628,0.95785941747378456,0.27590005121355599,-0.98944271650218374,-0.042641755179489371,-0.13850917469970084,-0.12090745495477309,-0.28405460227215928,0.95115423053486159,-10.376641792198429,-3.4870059430258582,-2.9611703685585415,0.3500516567097054,0.2729219786146616,0.2830188679245283,True,3
-0.52498968246874445,-0.85087996441387737,-0.019726111132318858,0.84502547326137989,-0.51833133479038584,-0.1313947370095053,0.10157648763738038,-0.085649947655878717,0.99113384748266808,-15.940809633424324,-10.525307604571504,-3.5549971174503487,,0.2589312970676346,0.8823529411764706,False,1
0.99548133259608251,-0.094401165511327642,0.010263352416852892,0.094897998967170147,0.99285394227345869,-0.072356196031030579,-0.0033595006707188568,0.073003214053607879,0.99732604723484886,-1.2910357100272498,9.4263842835713092,-2.0373065049587851,,0.4452298848458691,0.6304347826086957,False,1
-0.84564685496144987,-0.53249562826338681,-0.036466458207367866,0.52902205696378513,-0.82714207666949813,-0.18966193146932794,0.070831207384983469,-0.17967857658399683,0.9811720283299632,-8.6955872122287818,-14.448342748166278,-4.2482757562110329,,0.1304840424256402,0.3333333333333333,False,1
-0.99838535568364795,-0.055823313347157448,0.010509007725783785,0.052535546294957117,-0.97778508509642348,-0.20291954991688241,0.021603192632708771,-0.20203981055704043,0.97913901822884597,7.2855472829479426,17.02937520720279,-1.6694018506229531,,0.2683016196872828,1.0,True,4
-0.97910782520777906,0.20235010191502409,0.020057489171709884,-0.20315634006062025,-0.96923324980950409,-0.13897628918949345,-0.0086814808683505391,-0.14014757835470237,0.99009256545600066,1.0010417435233652,0.17897365752913885,-3.0692409542014447,,0.1468079893493064,0.7704918032786885,False,2
-0.99764320109055149,-0.068581680568151421,-0.0021439235633320466,0.065242932393403355,-0.93847356343948096,-0.33913232004324262,0.021246248857319648,-0.33847292922130501,0.94073623991735422,-6.6939920898633094,-13.855948839069054,-4.3005866800301735,,0.2635528273156567,0.2894736842105263,False,1
0.76908554563993514,0.62974752936086875,0.10920381289866313,-0.62419739576511368,0.7767899192041372,-0.083516660271361579,-0.13742283146469711,-0.003933279384141012,0.9905046666752827,-18.504580175306334,14.584489835205826,-1.0918317233688248,,0.2239220954237666,0.1714285714285714,False,2
0.61064179425695542,0.71937750596729788,0.33107794099715565,-0.78645378440583991,0.59987320656276322,0.14711417688938441,-0.092774156425043844,-0.35021156456687519,0.93206481316657497,-7.8960778653117734,-4.5370369935931389,-3.2136536586914759,,0.3455117300027378,0.4912280701754386,False,4
-0.91290121302037164,0.39817569223378707,0.089819226115999934,-0.40802591528676152,-0.88413099296272435,-0.22765596793659143,-0.011235111051222636,-0.2444759812269707,0.96959025721320824,9.5845063832018411,0.69891694867999232,-3.4931557127717534,,0.3803608331581694,0.7540983606557377,True,4
-0.38117411164264708,-0.89564328709485863,-0.22919292941832325,0.92031786262566617,-0.34404032986017086,-0.18614855132884561,0.087871089361414662,-0.2818853556175252,0.9554157827578611,3.8773119752222152,-15.525159429670182,-5.1931394668070006,,0.2605470737108617,0.462962962962963,False,4
-0.43979509820814433,-0.89426516528172084,-0.082885980453542923,0.89186744531919038,-0.42402762185532528,-0.15739452304174548,0.10560649398550136,-0.1431446473584462,0.98405125799458049,17.826098812009448,9.034117869345085,-2.8637625414140331,,0.145407581724237,0.2857142857142857,False,1
0.0044902603101642617,-0.96415334466674929,-0.26530768087310852,0.99383762723959523,0.033687378158648709,-0.10560270467922539,0.11075472109629667,-0.26319857241390265,0.95836313745582091,-11.886528177435254,5.9713822095987705,-2.019846379985363,,0.1507237047460506,0.1379310344827586,False,1
-0.98021335637844109,0.19183852139343222,0.048782760140166137,-0.19776390648155848,-0.93860950685961464,-0.28266876538787344,-0.0084387955577044024,-0.28672316847846957,0.95797631045198717,1.5159421257360621,18.767986781522868,-1.3440584962448658,,0.2076951528041631,0.4117647058823529,False,2
-0.81462552436790847,0.5782740317629872,0.044546596243609057,-0.57783175310286994,-0.80258483028881134,-0.14821624504873032,-0.049957183210978959,-0.1464811741448746,0.98795118577122243,-9.832516664122025,14.509316216367933,-1.3046053835033358,0.1839904381196872,0.1642202090832862,0.16,True,4
-0.36749585821169445,-0.92622981639104651,-0.083935221602490437,0.92676785534358685,-0.35716743706260073,-0.11633040962698776,0.077769765970457178,-0.12053940903431654,0.98965757430060564,-9.2292866047449689,-0.93126566945113354,-2.8280339254343656,,0.2269943165286891,0.14,False,3
-0.99624340472317863,0.079167124513668405,0.03509479935557254,-0.086596776734203906,-0.90946346570303249,-0.40666595973928954,-0.00027713682007929341,-0.40817737682001481,0.91290259734952872,9.2502507327736563,0.32014174925146222,-3.5069170997713015,,0.7978776388849735,0.4493927125506073,False,2
-0.9249154191128095,-0.37917428040213735,-0.027537838856702291,0.37849415746807857,-0.9116125134939318,-0.16032715928315502,0.035688096753759932,-0.15871197284010469,0.98667971978109303,-20.183252317209931,12.770695685822144,-1.246012272270256,0.1664721661115744,0.1827714019967754,0.6521739130434783,True,4
0.36548031135016079,-0.9290333022238132,-0.057630420565063449,0.92551792365342977,0.3693000097192875,-0.083869397384136318,0.099200378082109991,-0.022685373711946882,0.99480885541289543,-9.4637620915814207,18.310215668867166,-1.0066158224535127,,0.1669105267942158,0.45,False,2
