axis_00,axis_01,axis_02,axis_10,axis_11,axis_12,axis_20,axis_21,axis_22,location_x,location_y,location_z,dbh,dbh_approximation,score,reconstructed,number_clusters
0.57282188604706508,0.7449933028479987,0.34184801531837761,-0.79711615277063663,0.60347676253705684,0.020533778754338317,-0.19099980590990823,-0.28425477267659593,0.93953089270813983,7.1335261015124969,-3.9177482495850362,-2.7876689680627669,,0.4870121445807157,0.2148148148148148,False,6
-0.26250089715213415,-0.96376872954602422,0.047361534430032409,0.95364048812352209,-0.26660326803752249,-0.13961560401059531,0.14718389316041053,0.0085166555029167687,0.98907247872599768,7.7242635751679884,-1.4849302046716946,-2.4912046330130906,0.3437100242954531,0.3002133480445382,0.9775280898876404,True,5
-0.52122090577741664,-0.8523080008817866,0.043587142754037425,0.840570323193643,-0.52153201321312515,-0.14644415645562023,0.14754761654023035,-0.039691697201759427,0.98825820008059628,13.812743547644642,-12.473792188688952,-3.9366470011558041,0.221764331849797,0.2372789006413211,0.971830985915493,True,2
-0.8422743260096528,-0.5389955812213274,-0.0075975765127825855,0.51245100336068716,-0.79626203902413784,-0.32149764285877225,0.16723614710824064,-0.27468259615964963,0.94687989864997391,-6.6105260910648953,7.0494584481558515,-1.4770713085569096,,0.2498804379039475,0.163265306122449,False,5
0.24947106190446225,-0.96833039427531109,0.010021815947328681,0.96179845199642422,0.24655696707475824,-0.11896806178206026,0.11272944162703707,0.039318055769820025,0.99284750263116406,11.859936284804627,-19.897708149616587,-4.9565705010766115,0.2899490743498473,0.2432617150925456,0.9863013698630136,True,5
-0.99862461840094563,-0.030140496624184752,0.04290013970622529,0.020299576419388583,-0.97669522435614786,-0.21366882298802531,0.048340446013245914,-0.21250409215622701,0.9759637350312248,-21.16517210111143,-7.6138031257199339,-3.5359063876814996,0.2577724510098397,0.1776731153745423,0.7777777777777778,True,4
0.33997135262211126,-0.94030575005284889,0.015638919842547019,0.93431031131563191,0.33581534661690443,-0.11955038747681018,0.10716212747785181,0.055255311003718978,0.9927049556843679,4.2358969048996142,-16.887161933398335,-4.385523594658248,0.2591305875457038,0.2418141034492953,0.9047619047619048,True,5
0.074769131616686413,-0.99718912366709311,-0.0048403096329769461,0.98873250540296387,0.074764542072922005,-0.12968537314672807,0.12968272713382631,0.0049106912632274242,0.99154338049046165,-2.8510487671695346,7.6681458367083071,-1.2989443250126058,0.2232482986145246,0.2413536146025914,0.4705882352941176,True,3
-0.52740131181057692,-0.84942745411474896,0.017912467630634338,0.83804243132602407,-0.52356927446133439,-0.15349299051487045,0.13975957783868909,-0.065940996627045612,0.98798737105601864,-18.623128522792573,16.836942367735617,-0.090430849965737164,0.3831347469168762,0.3086147739479845,0.7857142857142857,True,5
-0.4615516288504426,-0.88651445921355621,0.032591525137688565,0.87467162356750983,-0.46090261482989858,-0.15006108945606189,0.14805284472539273,-0.040754058058793938,0.98813939397256134,-17.058380132006743,-8.4916917456364924,-3.610092928958351,0.2228865653741828,0.2430325117278981,0.9310344827586207,True,5
0.26482054111875031,-0.96389560195167279,0.027845099026488299,0.95696375772303099,0.25914227619826596,-0.13063555064146201,0.11870319037914995,0.061241727808776028,0.99103935510594499,-12.093760227979391,-17.846564956666441,-4.3438851597095489,0.2599115699464531,0.1742581632186684,0.8490566037735849,True,2
0.82002424349990355,0.55788494346084094,0.12776787519602234,-0.5554326420148421,0.82957517646120005,-0.057442203855548352,-0.13803919826203145,-0.023862448723136094,0.99013926459064971,-4.4058348351515413,8.8391209197478524,-1.2053074496262395,,0.1723046537582143,0.1555555555555556,False,5
-0.069744682095641428,-0.98545538153058398,-0.15496248040022309,0.98922521666247254,-0.04827759816792343,-0.13821267754522962,0.12872121052283111,-0.16293239250544414,0.97820441904235389,-3.9910760759184516,8.9927683952100992,-1.1621674654507066,,0.4026326615186281,0.3529411764705883,False,5
-0.58490095282513488,-0.81098584345540337,0.013886579822936862,0.79734157029308783,-0.57803237805130414,-0.17356552136558953,0.14878607349750081,-0.090446291462303791,0.98472441459218107,0.70159435237587398,-17.916407129257269,-4.4956224893873236,0.263705020261817,0.2430820114414797,0.9578947368421052,True,5
-0.8298304265410662,-0.55040433815480572,-0.091850572818264156,0.54273916211287243,-0.75785234170235094,-0.36206909573350954,0.12967522930648751,-0.3503068550808483,0.92761492128343659,6.7845144898857086,-4.955786898761497,-2.8848243692347233,,0.2483534569733705,0.2777777777777778,False,5
0.25434000959750358,-0.96702474128167271,0.013202623491343804,0.9600491514263364,0.25081109970257121,-0.12409439597160352,0.11669098664212252,0.044237337341880151,0.99218257978125535,-17.211596965380274,6.0997288449885119,-2.0421158051297326,,0.2447201982567638,0.8648648648648649,True,1
-0.42513167000090418,-0.90424270616501012,0.040102263148362217,0.89279554704482678,-0.42621564906528636,-0.14579551319839817,0.14892674151800223,-0.026179168039396253,0.98850163217952969,-16.024543311070047,0.56469448678225165,-2.5022490168630851,0.3538925755677472,0.2957629993738647,1.0,True,5
-0.99102294044897221,-0.125704072654553,0.045519420272361041,0.11214648269328613,-0.96699126907632926,-0.2288035225901795,0.072778416604082768,-0.22164469686461971,0.97240780047693665,1.8111152715325149,10.993330952728803,-0.80364002152136582,,0.1223082614685069,0.3488372093023256,False,5
0.19273248437850288,-0.98122875302910684,0.0066576042413414652,0.97393674251294127,0.19046449650712324,-0.12316857210168788,0.11958850717594401,0.030222670286263527,0.99236343098292201,-11.42568736382807,13.195583804296987,-0.59893717230562904,0.1900464664471369,0.2066642198979009,0.851063829787234,True,5
0.99276853267997089,0.089323317123759099,0.080199660463524447,-0.084523856747373116,0.99452960120666911,-0.061372550576394125,-0.085242936135528496,0.054149952370347261,0.99488764415751074,-4.2773233217609299,-21.5679116869394,-4.8543817795451423,,0.1494527031316443,0.5172413793103449,False,2
-0.10402862481636067,0.96833511923459414,0.2269474434219082,-0.98507438966108418,-0.068853335548448677,-0.15775824865183513,-0.13713676404472439,-0.23997148797466764,0.9610448443785361,-2.5146187257197767,5.158761774061329,-1.580111288338659,,0.231420270950971,0.3076923076923077,False,5
-0.91328588925994991,0.33598669328725339,0.23026468772384406,-0.40731853040210064,-0.75236335294825296,-0.5177267618459912,-0.00070659021745811748,-0.5666236202933651,0.82397643998836789,-8.2567315274115884,5.8294279576507648,-1.6437701141933743,,0.4590987084918314,0.1935483870967742,False,5
-0.54936448311239405,-0.81505143846072736,-0.18409187205780903,0.82508534508684828,-0.49432088590757434,-0.27364399331698358,0.13203347309514532,-0.30222179672989774,0.94404933534417756,7.378934651877362,7.842620426435043,-1.3504085579881464,,0.1903601432219201,0.3111111111111111,False,5
0.94507298050681265,0.26714704201760775,0.18833353248216819,-0.31093337426437628,0.9124502826646953,0.26599796697284517,-0.10078441488910209,-0.30994667219758953,0.94539703940148923,-19.36642691832273,-23.028867849409792,-4.8166886549330972,,0.4963032649354541,0.1621621621621622,False,1
-0.82852980613660498,-0.55824658853551656,0.043578741740644203,0.54557470077145453,-0.82233674365204235,-0.1615875178282454,0.12604208115299467,-0.11010461583518288,0.98589571829398315,17.97619412011678,-13.135328981623687,-4.2017827898867779,0.2819256690909029,0.2105272555115305,0.9318181818181818,True,2
-0.42010769230149453,-0.90672989270884674,0.036748177333245084,0.89517309160456271,-0.42071805441228805,-0.14717830940280494,0.14891159436471541,-0.028934760405813997,0.98842709225517289,5.4836833136280152,5.9324593336730391,-1.5828647332072849,0.3305263646111336,0.2623126400297208,0.9321266968325792,True,5
-0.93775984977493709,0.32201563149602841,0.13004767288307187,-0.34626613575724363,-0.8956331476827466,-0.27917920409594049,0.026574938905568873,-0.30683415364673888,0.95139191439598425,-1.7445099417754697,-9.2327543723822743,-3.4148402262492659,,0.2439428978677284,0.25,False,6
0.56933684097989101,-0.82118685257142199,0.038829301653249562,0.81873098263015709,0.56209352166840876,-0.11717700704431275,0.074398518698258545,0.098503939323495299,0.99235166869072022,-5.6996645975759428,-15.07242204587951,-4.0828701501046893,0.2309305137349638,0.2081623460131017,1.0,True,4
-0.18913421942993761,-0.9813742932164522,0.033656257286540259,0.9710307092911602,-0.19201841526918609,-0.14222619242255419,0.14603975025360469,0.0057814194987030817,0.98926182911019334,-10.175462588870053,-2.5632758547462329,-2.8401720268440189,0.3313840598721349,0.2139242861938838,0.8715596330275229,True,5
-0.56563962621242458,-0.82336606378337673,-0.046044959204430219,0.81389987978665135,-0.54840605518396424,-0.191879608924028,0.13273582388166247,-0.14601069703084033,0.98033773640058597,-10.7696955562498,11.001688539363888,-0.99166472733255917,,0.1958887201988791,0.28,False,5
-0.71631627207000403,-0.69604696418138989,0.049087900969616655,0.68372602716351893,-0.71420023611366157,-0.14978899330184825,0.13931876451836231,-0.073733617767346493,0.98749867618342446,-3.9398700670073441,5.7853021933189179,-1.5482165671205539,0.3240916861891208,0.2962879103330495,0.9884057971014493,True,5
-0.99755475492075019,0.034563969059357408,0.060744077718461575,-0.044564438376325434,-0.98410922565523573,-0.17188089717143029,0.053837921274928743,-0.17416763196161586,0.98324316128294442,-16.001933376657046,-5.2807052638959835,-3.2144500700146392,0.3148263734378694,0.3185524761906149,1.0,True,5
0.50159889111584799,0.83207949839968864,0.23673246666706615,-0.85783610253810594,0.51378957560146199,0.011725748824749443,-0.11187391837950095,-0.20895927915790549,0.97150411529762704,13.395058027272029,-4.36500305900692,-2.9484924774754973,,0.2835425774100283,0.2777777777777778,False,5
-0.79008217321631713,-0.6121213925688519,0.032826213996597617,0.59803389048221844,-0.78144656000699475,-0.17803578204376877,0.1346314428374111,-0.12103170912122035,0.98347633422808534,4.4277848130868946,7.8187048188236794,-1.2630435566724931,,0.07447422826349881,0.169811320754717,False,4
0.4953954104225024,-0.83883297158259074,-0.22570474766438006,0.86315125519320324,0.5045785112823582,0.019246729864514145,0.097740973960355387,-0.20435207789009674,0.97400561100605643,1.0890616619440332,11.759561666348619,-0.75661528503134812,,0.2666382711073766,0.2051282051282051,False,2
0.99718854517528732,0.045903173180958046,0.059227561684685057,-0.039793910739996469,0.99414121552182755,-0.10049720527855645,-0.063493700783710708,0.097857765622877929,0.99317289918124851,-4.5865401890285273,16.991797410278064,-0.045968324802700578,,0.3076753564039823,0.9701492537313433,False,5
0.99819663262717817,-0.0053861922504459241,0.059786884387838454,-0.011153359963324824,0.96198328984760906,0.27288047312972152,-0.058983770422820755,-0.27305519403046213,0.96018840642849645,-2.8849930491962192,7.2598600788943486,-1.3250580594365167,,0.4553374834602716,0.2075471698113208,False,4
-0.52049344551985577,-0.85385645053575954,-0.0039667429136249557,0.8403794095211512,-0.51144465006867412,-0.17940685039599955,0.15115892703955691,-0.096713658779953457,0.98376696782400885,-13.820702587138411,13.707844543635492,-0.55669847937574546,0.1714675733641038,0.1806149644069333,0.7959183673469388,True,5
-0.021131005958814529,-0.99943709537485603,0.02605710989038993,0.98981556444285757,-0.024583286721375087,-0.14021701180898904,0.14077865240808374,0.022828806421842974,0.98977786226178954,-12.186553233020867,-9.3601814840147757,-3.4952107116155262,0.2912723681503495,0.2702278076672106,0.8082191780821918,True,5
0.097791114867116891,-0.99451254598177552,0.037171141197086088,0.98665389304274487,0.091996763075241531,-0.13435285976589445,0.13019597995576748,0.04981356711303879,0.99023614119806402,-3.2681363334686471,0.24761104368011572,-2.2789010016746785,0.3173189223664759,0.2770917759847501,0.9841059602649007,True,5
-0.2111069241379474,-0.9481297695174431,-0.23766322125186873,0.96648063662196493,-0.16612548656271381,-0.19574856768084661,0.1461131260900822,-0.27102077940464547,0.95141930373262962,6.4288040997000753,-5.2541215776004275,-2.9144303896916766,,0.2329358498119637,0.1923076923076923,False,1
-0.44212550774481529,-0.89633624815689827,0.033262075121740939,0.88540677815147528,-0.44206490907192103,-0.14364349400741458,0.14345686670498972,-0.034057985954094497,0.98907036200056953,-4.4328667333287539,0.3079815590796251,-2.3767185943065292,,0.06674882509568061,0.2197802197802198,False,3
0.38172381624580543,0.86788370890706912,0.31790689820204915,-0.91034321621504832,0.4125274534621588,-0.033110856697887617,-0.15988169626939827,-0.2767651855883177,0.94754360070884536,7.5578380071936575,9.8621522368495924,-1.0566981902954042,,0.3658471939465916,0.4444444444444444,False,4
0.53838417094373725,0.83549535216605586,0.10995454054354412,-0.82971994791131376,0.54837243937844649,-0.10417521666969679,-0.14733394895702318,-0.035145187992802959,0.98846220122252471,-2.7096649888372153,6.967224865664047,-1.3458491363761957,,0.1140283605890481,0.2,False,1
-0.068540566982818352,-0.99723123501843625,0.02884535632085463,0.98787836333828116,-0.071877478456932403,-0.13758621783722136,0.13927860541286272,0.019065466012570739,0.99006968344655955,12.246373519511272,-6.9100419208718105,-3.1935117218479596,0.2684636305521226,0.2496955264750911,0.9811320754716981,True,5
0.59327588409377241,-0.80357441904442806,0.047873566925425146,0.80147912945472188,0.58408071972513409,-0.12837802730168146,0.075199271281406674,0.11453325238890161,0.99056913120486745,11.830498612274734,3.2626383826630256,-2.0069788283313237,0.2778574216831752,0.2346838199854968,0.9313725490196079,True,5
0.40585813651595121,-0.90734872741674166,-0.10953291687442347,0.91042241936053225,0.41188276018316067,-0.03851766074953894,0.080063670597314118,-0.084088517165667218,0.99323659312943391,-2.7623721662866618,13.504868894866817,-0.49031550198520069,,0.2294886161466817,0.3103448275862069,False,7
-0.58973054101339784,-0.80677731371891326,0.036445233769861834,0.79440505614309376,-0.58762848685770419,-0.15366641860736485,0.14539083798621505,-0.061669502201817272,0.98745044266932536,3.6063922155386781,-0.072102439990021805,-2.3703450518414364,0.4002290828129494,0.3307743810891709,0.9922394678492239,True,5
0.58478772902782694,-0.77133808735639531,-0.25111922859840097,0.80352298634239583,0.59325954234249234,0.048927761434342409,0.11123903270829136,-0.2303924269869902,0.96671878392279587,-12.038551332289238,-4.9452947482428238,-3.052726510775138,,0.524660201344509,0.2682926829268293,False,2
0.10082420027554394,-0.99462288851327407,0.023659887664784662,0.98762604134627152,0.097187056316977119,-0.12308321794272049,0.1201219509227666,0.035776888209483992,0.9921142732450513,4.2218598122004964,12.918526131186745,-0.59204560345302393,,0.2254160423870633,0.2826086956521739,False,5
0.089846088548148142,-0.97398480570112855,-0.20804153103631107,0.98899841080663409,0.1118973043715559,-0.096752967377394666,0.11751520665237401,-0.19705986790240518,0.97332296010509045,-10.192467040961926,2.9961439524851015,-2.068575238183854,,0.4453463242540548,0.2525252525252525,False,4
-0.27402055916411544,-0.96160641131492008,0.015028069517648998,0.9503755246873945,-0.27314750743002553,-0.14891877403445553,0.14730612760692119,-0.026524496278081747,0.98873523041643885,4.3630127477696155,-20.624903084798049,-4.8916713533634875,0.3040720563353747,0.2606144805030014,0.8837209302325582,True,5
-0.91145664469566279,-0.40991468829380567,0.034881702382711224,0.39700747255147983,-0.89863892447719829,-0.18663641164775588,0.10785106201799761,-0.15626270103724896,0.98180961325815785,-0.39276806787739671,8.736652318728293,-1.1005814891237566,0.2458925046720283,0.1378192731661856,0.6274509803921569,True,5
-0.7776524061858382,-0.62772732181820801,0.03485892419903764,0.61459253254889412,-0.77071757202953439,-0.16813816669642456,0.13241130649801403,-0.10932901539773376,0.98514689884486251,-9.5460591782173925,-13.654951771609088,-3.8929396517173234,0.2352920972865227,0.2333250607183641,0.9747899159663865,True,5
-0.033918312184523187,-0.99853995649154381,0.0420416863175056,0.98987422061457642,-0.039365960011457923,-0.13637942863592695,0.13783532007884927,0.036990221440843102,0.98976418810569167,2.7002980206060889,0.96504587323757018,-2.2251917873165241,,0.4155190249743358,0.522273425499232,False,2
0.86193353137201678,-0.50683538505166825,0.013728800242289127,0.5067425877571704,0.86024620594075152,-0.056466051019262123,0.016808844390147151,0.05562695051924392,0.99831012472387481,16.141686571703556,-16.106690259180244,-4.5536007577003526,,0.1836694542051014,0.3783783783783784,False,2
0.81679216684421185,-0.56775309614333591,-0.10250355116577482,0.57494961313501725,0.8157511588286992,0.063110927940648903,0.04778596590875521,-0.11048288867191899,0.99272857960918859,7.2725652642087883,-4.3886081509015495,-2.8225103593455731,,0.4523015312432953,0.3096446700507614,False,4
-0.88300817757766181,0.45338136014849484,0.1214162287376683,-0.46872001077301922,-0.86527225788766637,-0.17777927671953517,0.02445628409872911,-0.21389077118913083,0.97655139555898529,0.23056129895715749,16.756134277603092,-0.048905754956488565,,0.2148225157092325,0.3333333333333333,False,3
0.017173569344305362,-0.99953603057308438,0.02515535931324079,0.99057289531976223,0.013589026059623352,-0.13631095857844497,0.13590587762786421,0.027259162807261539,0.99034667186255898,-10.577833346932012,3.9383939226187792,-1.9399529353580403,0.3442943554899889,0.2877249018164195,0.95,True,5
-0.83272193967969965,-0.55138904492308138,0.05044097852828737,0.53347108498378271,-0.82336984623451226,-0.19357349456467943,0.14826588502519616,-0.1342840923213485,0.97978824747346693,18.770467664674698,-8.4924123566640528,-3.5671601349111368,0.4096980360495251,0.2947499315867569,0.9310344827586207,True,3
-0.0085443935470443655,-0.99984835684246642,0.015174210303441895,0.99043562808573282,-0.010551811229083762,-0.13757153011508622,0.13771078373654524,0.013853613218422111,0.9903755941275314,-5.7840413894539777,7.3901695214964587,-1.4115739626920365,,0.07975230362129981,0.4883720930232558,False,5
-0.24947151347738797,-0.96806256637676158,0.024876324956500297,0.95701593886290737,-0.25038631439479636,-0.14638027984035334,0.14793396069074624,-0.012710670471312628,0.98891555864518599,-2.7344852456046631,-8.2122957142867463,-3.2815610078278628,0.2897718405209539,0.2652078486400574,0.9704016913319239,True,5
-0.8009253113060697,-0.59847765559140087,0.018524078036323964,0.58475352015826698,-0.78846309260381342,-0.19075972390456475,0.12877098419982122,-0.14195227141349656,0.98146196374019423,1.9953374227160263,-2.6935519553460798,-2.6626378284493399,,0.06702538408922733,0.1891891891891892,False,3
0.38422774254426756,0.87038293863059168,0.30790027931152042,-0.91111942034133797,0.41133464017221744,-0.025791775263779113,-0.14909877174611733,-0.27062400842343742,0.95106897874372431,-10.398933158183038,4.7594259368729306,-1.7660719049097799,,0.6325556562918194,0.5208333333333334,False,1
-0.564826303978475,-0.82489580234993876,0.022763163213080466,0.8120967573633272,-0.56053739259912605,-0.16216253629658553,0.14652679964424156,-0.073107774987500901,0.9865014699545015,21.844643423888542,2.7948724695435332,-2.3435913720494321,0.3691327266311497,0.2920669365120838,1.0,True,1
-0.027987837825674398,-0.99888619194348138,0.037987583214705911,0.98999612192038522,-0.032956140070179551,-0.13719173231019699,0.13829085116681361,0.033767860108765646,0.98981582736751261,13.970641572312969,-1.1389875470908903,-2.5740225654403077,0.4458379686271473,0.3810365558061419,1.0,True,5
0.69170486942534826,0.7049389354061617,0.15686131123285177,-0.71110029398966201,0.70273383127964717,-0.022394960657362101,-0.12601882994647479,-0.096053421195998301,0.98736669721814396,2.1676716544966075,12.093575864693594,-0.69438983795728915,,0.1920397237984864,0.3333333333333333,False,4
0.1296051844596911,-0.99109063698831856,0.030689500407439386,0.98355652673998439,0.12457085631711673,-0.13076184636046892,0.12577382425746658,0.047132271645964785,0.99093869341203089,-8.4482011103311585,10.335845627936113,-1.0616814229298397,0.4434826939848097,0.3771801130207392,0.9337349397590361,True,5
-0.50540280792654502,-0.84144986643711794,-0.19112855363058903,0.83958031345824258,-0.42840972194389804,-0.33402096849945262,0.19918056881464108,-0.32928290635395768,0.9229842190361478,-9.8304579218750181,4.8785242710499297,-1.7647460678126983,,0.4983681321017638,0.2125984251968504,False,4
-0.85534835743201854,-0.51378086639278331,-0.066395849019552838,0.51485981416417359,-0.82885640945982442,-0.21889820523750153,0.057433084517365729,-0.22141877478219346,0.97348608977055839,-3.0184352184366854,6.9667626337444482,-1.3524319032162804,,0.3647536454520773,0.1428571428571428,False,2
-0.17498200547875054,-0.98419560868330758,0.02720848410199141,0.97542540080382267,-0.17704830816710218,-0.13114565963793487,0.13389019839158026,0.0035917159771699445,0.99098966409897671,12.452731078944257,-17.108174557916868,-4.5782614118317735,0.2007870494654121,0.2210230791953601,0.8928571428571429,True,5
0.43975178470025639,-0.89761180179855882,0.030189751984482885,0.89288982661556737,0.43332196138875106,-0.12239213742977353,0.096778744460559785,0.080778283283013841,0.99202255194652056,-6.9475548118520987,-8.4138577072037322,-3.3280634544288263,0.3640428827782025,0.3097598774872096,0.9895833333333334,True,5
0.65453459364237099,-0.75556174116883534,0.02666310198257341,0.75331031641266355,0.64878270862882148,-0.10772448268848395,0.06409393818192255,0.090594990292877015,0.99382318086376131,-6.8294076722376769,12.950085952727798,-0.6298261093935682,,0.09914410689410773,0.2962962962962963,False,2
-0.67660861268104588,-0.73108160244836828,-0.087866238154127377,0.72134697609152498,-0.63413363209505469,-0.27844761936412388,0.147848995023451,-0.25178210263531714,0.95642378026850383,-10.651383251352865,-3.3306406425227628,-2.9292671295815755,,0.2028131238696447,0.15625,False,8
0.78427939250809675,-0.61896535422691423,0.042281494224803026,0.61928863959507441,0.77695281713018871,-0.11325149368527729,0.037248024855200276,0.11500526170664908,0.99266629560198716,-7.6698197267438015,-22.710455919605444,-5.0043341934102408,0.2791027795384824,0.2203727882771515,0.8571428571428571,True,1
-0.76555128388885585,-0.64187320653650648,0.043931975446889412,0.62897313890756135,-0.76103472463915867,-0.15880471789644102,0.13536625232639182,-0.093941123177988126,0.9863321160274382,8.5206827169269381,-17.244120766294984,-4.5083871351565206,0.2302253955899308,0.2280419195814076,0.8703703703703703,True,3
-0.61886251088174271,-0.7766451597969023,-0.11760734836390946,0.77655677802112533,-0.5823926726437223,-0.24037126567115255,0.1181895221015573,-0.24008554853415742,0.96353005466900665,8.6421497393289339,0.85595781527159887,-2.2502194929282235,,0.2613157838213668,0.3064516129032258,False,5
-0.94610025972155798,-0.3128726150319503,-0.083696029283771817,0.3223746057851925,-0.88489561152334473,-0.3362058450586014,0.031127352917372279,-0.3450659117759905,0.93806215382061009,5.3676396403003253,10.623309215166259,-0.88722353780253704,,0.1719635672862756,0.1538461538461539,False,4
0.39531242656432486,-0.91807713147754788,0.029367772502937754,0.91291968705266024,0.38915635165614154,-0.12302430230387867,0.10151714335766072,0.07544345315294497,0.99196902924479491,7.1481827978023773,-7.3148820659212648,-3.1284785919491118,0.3346503834987192,0.3024536093532296,0.9914285714285714,True,5
-0.64462142403257106,-0.75795914275789544,-0.099805598980908447,0.75227760270284483,-0.60563274151522983,-0.259398131983268,0.13616764722165994,-0.2422951099681222,0.96059952713690977,0.041695557506105665,9.5562272598074376,-1.0049373405274999,,0.4481489390786184,0.2280701754385965,False,5
0.64071032811661999,-0.76716633062628914,0.030758683295743123,0.76495977043777608,0.63440991751225839,-0.11117826304576797,0.065778606373788129,0.094762216708369845,0.99332436657319423,-0.40182314777931777,-10.179597151157017,-3.5590672602144471,0.2580499400891107,0.2261804577204529,0.8915254237288136,True,5
0.34172503757037526,-0.93956895415111952,0.02083696457970911,0.93336519446086963,0.33671171517611109,-0.12431667077340536,0.10978803425941984,0.061930616487580387,0.99202378311959827,-20.39318536759491,-4.8441766767667946,-3.269475253464377,0.3438231651503455,0.3381377646747462,0.8636363636363636,True,3
0.19349836003411722,-0.98030071753832915,0.039609189059410022,0.97343232571235883,0.18679167512824377,-0.1324325389057128,0.12242504613981449,0.064182344119091878,0.99040029017617048,-0.89202739921872509,-3.1442537673824922,-2.7509757299899507,0.2863110320039286,0.2778376300427975,0.978744939271255,True,5
0.97260873533073533,0.2211816276662624,0.071490807389834862,-0.21846688323282665,0.97485691331935898,-0.043888717046484602,-0.079400685695288742,0.027068175711614306,0.99647521041657794,-14.247546937116544,-8.6679063373316794,-3.4457769922308072,,0.1601442541123001,0.2307692307692308,False,4
0.34437417623085409,-0.93866614970446283,0.017671619742386527,0.93333252890665608,0.34026160658319471,-0.11450951737794103,0.10147323405719648,0.055927618261659533,0.99326496177281465,-1.7277139629784206,-26.142136218021115,-5.5816225786925351,0.3169919013145099,0.1775007607260834,0.6470588235294118,True,4
-0.29531628645558672,0.90263551970606337,0.31310926131152356,-0.95010277891279948,-0.24299833243299437,-0.19559273999042368,-0.10046392614396206,-0.35524770090705726,0.9293578807671411,-1.0469798999137498,12.48746968439808,-0.65842772870115207,,0.2948381365063509,0.28,False,5
-0.76387436255182051,-0.64318220323318287,-0.053034061509169304,0.63111050084650167,-0.72729961354434314,-0.26969391513255664,0.13489067409323502,-0.23948262062696243,0.96148457109842123,-12.304995807980591,-7.1563112235159307,-3.2570393459596532,,0.2029277829755472,0.1333333333333333,False,3
-0.62359321185478567,-0.76434738347895548,-0.16402616711215609,0.76777181619229562,-0.55931175177090309,-0.31256487741226691,0.14716638335371998,-0.32084800404527425,0.93562739053041166,-13.163467104145708,8.8194328506215207,-1.4064435283717611,,0.3624985200001303,0.2727272727272727,False,4
-0.42447346376643208,-0.90537168692731107,0.011152895073603845,0.89293542840721107,-0.42061943262732859,-0.16045439723327959,0.14996199269601057,-0.058149818629636071,0.98698024262899131,-14.479512198806638,-13.999392542778182,-3.9622912005558595,0.3011866639462994,0.2846712487554356,0.9076923076923077,True,4
0.1218585283589204,-0.98319257854860631,-0.13595165520559677,0.97735983357089129,0.14273279804259947,-0.15618932129057739,0.17296894168745702,-0.11384068626758084,0.97832614365642301,7.8927846680639018,6.4360199746559985,-1.5730218645269667,,0.3553497658251121,0.2666666666666667,False,5
0.29434459349494169,-0.95545173592435495,-0.021754093854587091,0.94902871039574022,0.29489909695028299,-0.11126108691948941,0.11271986127074614,0.012103839764475776,0.99355308360351824,19.385389345495661,-19.816311301174448,-5.0863001096638163,,0.1420926950217679,0.2666666666666667,False,1
0.7367818665692345,0.5802190913921873,0.34712863189137827,-0.66222169608768688,0.72286034725008874,0.19732040848383889,-0.13643645526582163,-0.37525821024663336,0.91682406671999594,3.1425767358807115,-2.947552341047412,-2.6711723045858999,,0.4940542930759768,0.28,False,2
0.94172073296893088,-0.33302916947479844,0.047472448592682549,0.33620210670802569,0.93654673428058011,-0.099238893350668517,-0.011410720465608336,0.1094156606126655,0.99393058543901802,5.5931822376482287,-27.682628831544456,-5.9384438994429933,,0.2990738071640984,0.7027027027027027,False,1
-0.43089465644492775,-0.89597185116304812,-0.10753714228427247,0.89000765564990336,-0.40226489397514076,-0.21463766668441908,0.14905089040918384,-0.18819510354583913,0.97075560007120232,15.779119480986564,-2.3710388821636741,-2.7988950431819295,,0.1693819907326057,0.2631578947368421,False,1
-0.9732896822223166,0.20439175277809513,0.10455240731747611,-0.22817110648322822,-0.91156841081212714,-0.34202482157830605,0.025399619008968699,-0.35674506836920783,0.93385642127066193,10.373323893291962,-0.015932752167334363,-2.3557736598839054,,0.3131972421713474,0.1346153846153846,False,4
-0.24838242708814612,-0.96749892080620992,-0.047455327968730365,0.96276542794604569,-0.24117663525127891,-0.12213337529413652,0.10671879246725267,-0.076024133324159748,0.99137855054799373,1.2208799305081319,-1.542926061160522,-2.5504843054468589,,0.1736851799813363,0.3856382978723404,False,4
0.8327701610925573,0.47341549132908201,0.28700458422039138,-0.53923963851467438,0.81101582713466325,0.22687869091574248,-0.12535737333096569,-0.34370205222942962,0.93067417942308805,9.1673396727303693,6.3961827263564102,-1.6165840367475357,,0.4259564782404627,0.3493975903614458,False,1
-0.19456598655143673,0.97805359516447121,0.074533494907453465,-0.97325095176105825,-0.18302832419008025,-0.13886402500419423,-0.12217471822542006,-0.099558010878201472,0.98750267883004539,10.102616142269898,6.5026122513289257,-1.5951552243275897,,0.1474348644824639,0.375,False,1
-0.96384418470357858,-0.26226851530913481,0.047112774176806017,0.24854027323494504,-0.94859317538873045,-0.1959559138842793,0.09608392265822327,-0.17716154628887834,0.97948030420378585,-25.168044801107666,-2.7860974455051073,-3.3465708441238737,0.2943369567885286,0.2188031931770003,0.6829268292682927,True,3
0.26778495142531067,0.83766915160000277,0.47602690286146204,-0.95159221712608799,0.30731463415221133,-0.0054742982152276576,-0.15087568424103556,-0.45151756122395104,0.87941367956791272,2.9346188274784706,11.637559736621217,-0.73602249707161738,,0.4185615576877425,0.16,False,2
0.13591246005620439,-0.98990014663267933,0.040317525941842632,0.98254054584558959,0.12945981072501628,-0.13361973348459646,0.12705069449208964,0.057774190635987661,0.99021223175914919,2.6391431267233556,-24.466475334117234,-5.3904976719695306,,0.2881846621273421,0.8205128205128205,False,1
-0.94038691011791187,-0.34006205046285209,0.0055010102605318432,0.32721754511640788,-0.90904130002440964,-0.25801665259808765,0.092742317454748605,-0.24083545562257103,0.96612480863923089,-13.717610774623845,-11.166768304716854,-3.6489713041266429,,0.2043345910391904,0.3555555555555556,False,2
-0.13074564758687318,0.94982619120422618,0.28414042679555807,-0.98257047695572397,-0.085944150903153202,-0.16482979324302169,-0.13213944699479557,-0.30073877273808391,0.94450799738271185,-1.2916499388903173,4.8012835027843224,-1.6419993640536472,,0.2975103210460933,0.3417085427135678,False,2
-0.050738505234170693,-0.99097859069567595,-0.12404449552243385,0.98893971353574806,-0.032520358274454216,-0.14470891226712579,0.13936946250321694,-0.13001484177013872,0.98166811797116615,21.507516796787115,10.84320830590857,-1.2989874726137038,,0.2106260329411601,0.2857142857142857,False,2
-0.65894309528451422,-0.75219138736881208,-0.0014539412111397344,0.738634211606498,-0.64669881912461047,-0.1902633406289346,0.14217418408878249,-0.12644664531341443,0.98173201397717136,-17.373221400300235,-16.018658001113597,-4.1496852682638394,0.2295015935933423,0.2036051090342581,0.3103448275862069,True,2
0.64133389341578584,0.76214641770510361,0.088451541170446527,-0.75575538659313801,0.64739447532643635,-0.098560585186293403,-0.13238063601450817,-0.0036374848571658833,0.99119227999026904,-16.447603836613624,12.055033310339175,-0.86382678745768449,,0.08868062756813316,0.1666666666666667,False,2
-0.30519711937936117,0.93277529912775814,0.19179405532930666,-0.93749295636389995,-0.25893287085992162,-0.23250962379289541,-0.16721744852321649,-0.25076684335326377,0.95349583910157942,7.5440939573459156,12.059773456875693,-0.73925510430922659,,0.5967047582374446,0.7272727272727273,False,2
0.87735666680948898,-0.47964520140372208,0.01362937912472967,0.47968265997835074,0.87599272086396773,-0.050411295454850499,0.012240299058305835,0.050766462982219804,0.99863553978177511,-17.243344909083199,12.280035801038151,-0.83883681322427772,,0.1191956370192386,0.2173913043478261,False,2
-0.71370460323453544,0.60459037611893052,0.35368943499375932,-0.69847758282491967,-0.57646487082679576,-0.42404872242904273,-0.052486242129647018,-0.54968966681848408,0.83371845642284548,8.5997030371265843,7.6063276044123693,-1.3905315741520183,,0.09828689846472889,0.5454545454545454,False,1
-0.97648114122015761,0.2006278218291643,0.078949717855508875,-0.21344074505271343,-0.95127448352204058,-0.22253068406675661,0.030457005642742715,-0.23414810293479002,0.97172374505273762,-8.3106951564349902,26.680227101685468,1.5882482316889299,,0.3937582146635894,0.55,False,1
-0.49075391265454782,0.8531001674503339,0.17714598925875896,-0.86670631172909707,-0.45712573941478929,-0.19964024537509209,-0.089335135435042359,-0.25150777852920175,0.96372354485926515,-7.1665597054809753,11.417314646021246,-0.86127678457812795,,0.1944322126404527,0.15,False,1
-0.99188400095899798,-0.11278910858927799,0.058691955370440599,0.10269791104757468,-0.98284815476796161,-0.15317520600827175,0.074961774979213164,-0.14590449497136165,0.9864545659274514,2.7283413943116326,9.5236387694139992,-0.97303738692432828,,0.07844632427924222,0.6875,False,1
-0.9415296384399644,-0.32987800424335784,-0.068574355669803994,0.32112871942005117,-0.8169934341284516,-0.47895519013226817,0.10197198391101162,-0.47297170201547822,0.87515683371029784,-9.0747404935763747,-5.8937355766734436,-3.0576038474200717,,0.2256153887082143,0.4782608695652174,False,1
-0.36276372602566703,-0.93110466398254066,-0.038033982041520455,0.91989342957302567,-0.35127325962839656,-0.17436506329657242,0.14899180282267677,-0.098240530230659012,0.98394625915831757,-16.269181800738245,-11.522345175003673,-3.7967326251890747,,0.262655908441487,0.3548387096774194,False,1
-0.15546251671001468,0.97589804946247116,0.15314830378927935,-0.97983987457323529,-0.13264577738643582,-0.14939517374351671,-0.12547998284386191,-0.17328616447048817,0.97684526876502398,17.60142836499568,6.7033959262917771,-1.6900124497364313,,0.1545736367150014,0.4117647058823529,False,1
