axis_00,axis_01,axis_02,axis_10,axis_11,axis_12,axis_20,axis_21,axis_22,location_x,location_y,location_z,dbh,dbh_approximation,score,reconstructed,number_clusters
-0.23739485281268902,-0.9702253352892698,-0.048025853671412475,0.96574092604355422,-0.23038510416722582,-0.11944524914117503,0.1048243655958985,-0.07473621973770625,0.99167855166719088,10.850617508241335,17.383135441421214,-1.5811521000457955,,0.2208826227720468,0.4047619047619048,False,4
-0.063577538946557544,0.9977732643408318,0.020159600892375437,-0.99171972948381082,-0.060907507801916748,-0.11305862924128002,-0.11157900651133591,-0.027180663347320038,0.99338378124768234,9.4363052496617108,-3.5952915078525445,-4.2241238437537891,0.4141168782952756,0.335423450690398,0.9973474801061007,True,5
-0.97697562144669148,0.21282214849990455,-0.015012268540591199,-0.2081192680744389,-0.96614327954059998,-0.15249109368974051,-0.046957484547301781,-0.1458557386818152,0.9881908207115524,9.7838750667135201,18.208416701490648,-1.4605572623859282,,0.1499290066353219,0.6136363636363636,True,5
-0.99868104973285232,0.050861124624120728,0.0070218876706024599,-0.051299228907889766,-0.98276130303919473,-0.1776192848824712,-0.0021330771070984383,-0.17774523130220457,0.98407422623061402,13.585586416897806,15.893975980435076,-1.7941957679525204,0.1423499236989628,0.271551251008196,0.9583333333333334,True,5
-0.25426299063613889,-0.94371892123646461,-0.21152997256429024,0.95604095976902537,-0.21222725031972559,-0.2023493945275075,0.14606852787882493,-0.2536812801962558,0.95619547857187726,-7.4751027375101016,-1.4461540092888465,-3.5448400282605457,,0.7112621624439637,0.2863070539419087,False,5
-0.83171852906532195,0.55489529908738078,0.018316535156603104,-0.54879354414291792,-0.81668108245741566,-0.1784871296851368,-0.084082901451318207,-0.15850304920382396,0.983771746431365,-17.479502377353324,-8.7265719767820027,-4.1423324694020431,0.1339134534516662,0.1101787842002241,0.5652173913043478,True,4
-0.5155480725698095,0.85603822351370951,0.037533248634363699,-0.8509859730423277,-0.50640150470472034,-0.13921346816310495,-0.10016515639062842,-0.10371150329780085,0.98955084029520868,-5.375524591597129,-12.144858025744277,-4.8399704692165448,0.4758046539033918,0.5201561788507211,0.6127659574468085,True,5
0.77734398380293801,0.62907455200090645,0.0012405120867666829,-0.62660882957446162,0.77446856087666394,-0.08694724212390989,-0.055657034997401253,0.066810599746516888,0.99621214518636048,-5.4994093627257135,-12.416220325810963,-4.8536323665358241,,0.197019679355405,0.4545454545454545,False,1
-0.76515830548828845,0.64371067048453356,0.013013079829313032,-0.6383651416385534,-0.75586355360336832,-0.14546557762879345,-0.083801631744741686,-0.11961129143371589,0.98927772919361656,-1.1486439435413667,1.8048737697882955,-3.2827915139972661,,0.3370258496131774,0.9906716417910447,False,4
-0.75811643393173067,0.6519729637895324,0.013810397899057957,-0.64677994848769105,-0.74903621248940566,-0.1435982263601715,-0.083277673099679109,-0.11779646372884182,0.98953970223335874,24.934368110127828,-13.070574327301479,-6.302458572071667,0.2656692689679805,0.2610542189224268,0.9454545454545454,True,3
-0.88188158563289032,-0.47011559350594684,-0.035723908859050864,0.47009290253160368,-0.87098708267430702,-0.142808139837725,0.036021270258424797,-0.14273342480670226,0.98910547341116162,-10.677147425832358,-7.2038183672630547,-4.1034114442159639,0.2600300415958159,0.2378095603089439,0.9657534246575342,True,5
0.68148303002862087,0.70296166128832271,0.20353324677253987,-0.72551323232422138,0.68541680310444475,0.061922174901589633,-0.095976192388894821,-0.18986497512928638,0.97710790689344329,-11.377101057233174,0.86825347524302265,-3.216591952333951,,0.235553141766888,0.282051282051282,False,3
0.99808494171243112,-0.054131291549358321,-0.029937474878353486,0.053472563746421335,0.998318418637827,-0.022383474592972893,0.031098778967647379,0.020739775400609395,0.99930111961463064,4.5234825241762584,1.1807097774904745,-3.4782481145923971,,0.1824207347187799,0.5449275362318841,False,5
0.95564260916970889,-0.2924168853144497,-0.035207509459045126,0.29026556309482088,0.95532194853956298,-0.055730400319937159,0.04993101661852347,0.043038817613521109,0.99782491137367013,17.895630138113432,-20.547951129758118,-6.8222577627346634,,0.1922950816351203,0.8571428571428571,False,2
-0.56660696392467347,-0.82286082109774861,-0.043088484939730484,0.81988412818210821,-0.55780080226362105,-0.12902821919690327,0.082137474925438589,-0.10843585244926356,0.99070434596627943,-3.580411250082296,-19.703508561600721,-5.8869711876103006,0.2696936588863272,0.1947941905429882,0.625,True,4
-0.98085379125874494,0.19474083790275329,-0.0013587590962810701,-0.19073693929898008,-0.96204887703388098,-0.19514450590449117,-0.039309797254696126,-0.19114906290846531,0.9807735597929893,-8.6355954431052879,-15.05110334162141,-5.1639604336020195,0.1929963386578603,0.1546397894037424,0.7586206896551724,True,5
0.2683354313293973,0.94223587698082034,0.20046857215895819,-0.96079360830467786,0.2768489935036425,-0.015174881775413596,-0.06979784046905696,-0.18853696434971384,0.97958260220343418,-5.0032599581742918,-13.352085878530398,-4.978223349056667,,0.4941053520328334,0.1724137931034483,False,8
-0.53232963375430875,0.84637619458749735,0.016507521394490084,-0.84026039011636378,-0.525911908314036,-0.13182997191452434,-0.10289624788348074,-0.084047617033888078,0.99113488498913493,5.224326625289069,-9.2679840682282606,-4.834597125109152,,0.2893112690802095,0.9910714285714286,True,5
-0.58963064262230591,0.80750893720498595,0.01627948447833304,-0.80157709498918683,-0.58258978533102612,-0.13439978726413437,-0.099044768006705586,-0.092295494808916578,0.9907934575725027,10.721758301308039,2.4126924263794005,-3.5317556700856212,,0.27419133959515,0.9502487562189055,True,5
0.5805294367838999,0.80885530008066286,0.093480888735563386,-0.81223334533576708,0.58332387708956845,-0.003201115721837261,-0.05711887386878696,-0.074069953075568934,0.99561592810648958,-3.1999548935618192,-15.722325878703806,-5.3491620519479417,,0.2777808191826616,0.3611111111111111,False,4
-0.93871021073440464,0.34466430072045029,-0.0054461061184648578,-0.34025497552261635,-0.92900099932115343,-0.14554619504611935,-0.055224015564555869,-0.13477263471930157,0.98933646705038869,-5.7557054850413136,-21.666256857198935,-6.0946086750274322,0.3376495387236125,0.2225237105039711,0.9636363636363636,True,3
0.69643086248836261,0.64984146775068452,0.30445052236012277,-0.71451116781368451,0.66738638999001199,0.2099266479645322,-0.066767094015242973,-0.36373269477424763,0.92910746521003917,-2.1455367558026821,2.3613956995697127,-3.2062647216559919,,0.5743694223994232,0.2695035460992908,False,1
0.97880114945392049,-0.19849674858942318,-0.050471285173967234,0.20024802276904413,0.97921097735160456,0.032351061979546666,0.043000455867037088,-0.041772031714334773,0.99820141162076326,-13.260890051340606,2.932790467555412,-2.9673740167132876,,0.284992429840803,0.1176470588235294,False,5
-0.27400017988628389,0.96163744420632147,0.013316430550962708,-0.95535958802077059,-0.27056822050001134,-0.11866294970310343,-0.11050773275688966,-0.045235649169562318,0.99284529361081275,11.32216026428463,-13.159484249262849,-5.5572726580480047,0.2723857791060652,0.2567305833507404,0.8869565217391304,True,5
-0.61440529360959861,-0.76381563615692094,-0.19771648678525475,0.78646738159576779,-0.57287353302477295,-0.2308353804026021,0.063049130607823578,-0.29732404733205742,0.95269261464949173,-9.7249716588875526,-0.25533316540147216,-3.3698259533889918,,0.5546908456433556,0.3176470588235294,False,5
-0.35866327892800615,0.93248449835029668,0.042817200807689269,-0.92717759977362135,-0.35055609976464003,-0.13210646992418271,-0.10817740441809717,-0.08708088914450994,0.99031033919633704,-10.847044483328785,-9.6822336352211664,-4.360836701161328,0.2292753004557155,0.1627592248909593,0.6630434782608695,True,5
-0.24382660717000276,0.96949874136068581,0.024915379507631945,-0.96382217561228511,-0.23938645473341238,-0.11722175177059915,-0.10768193643302124,-0.052595777304001064,0.99279317321173244,-15.971825374712729,-0.94201950128735623,-3.3692287164624832,,0.2526873387027636,0.9902912621359223,True,5
-0.57597467251636658,-0.79672764622047798,-0.18297058333962046,0.81368402584846888,-0.53725377181815159,-0.22198353710624033,0.078558784987372413,-0.27673713595241672,0.95772912396259602,-7.0518772909053595,-13.29395868887257,-4.915505991035193,,0.2308420669208043,0.35,False,4
-0.36186567782943718,0.93219647024166186,-0.0079354948193078451,-0.92570383054461736,-0.36032478273578211,-0.11505854623378756,-0.11011652611694193,-0.034289820871458959,0.99332701506630694,-3.5562255113776633,14.316627085668186,-1.7585801412850832,0.2488336311127199,0.2063805257314803,0.9054054054054054,True,5
0.97090951048371077,0.22034216792134076,0.093723270792290439,-0.23925687100823151,0.90831884491297288,0.34309331915867036,-0.0095326873247691558,-0.35553650306499679,0.93461378272561446,-12.601311396362043,-8.8066086521292526,-4.2336134895838882,,0.2179086525961652,0.1818181818181818,False,1
-0.38129701170833658,-0.90840790742290534,-0.17148662511645579,0.9191158229208265,-0.35261277608551844,-0.17575646274842027,0.099190185597494179,-0.22463148459822671,0.96938227919037823,-11.802656805752509,4.1415390938496897,-2.8301824517118126,,0.2530446213552764,0.28,False,5
0.997689477382391,-0.06264549653421965,-0.026291604828028017,0.064675375887671901,0.99426328577793732,0.085191632851172025,0.020803905264167609,-0.086695215081581067,0.99601763900430951,-4.5758807475652024,3.5268655778099545,-3.0567768964192648,,0.1700592456525128,0.2448979591836735,False,5
0.67213938803376672,0.73895639748161601,0.046605639943962919,-0.73732561093720184,0.67375185509397462,-0.049085448083016389,-0.06767264225428353,-0.0013712689089198367,0.99770663679856508,-0.89816668909442066,-15.116809623096927,-5.3900825122700464,,0.1635362787474065,0.8450704225352113,False,2
-0.81633815029079992,-0.57431181309246904,-0.061302248916644583,0.57552994339478136,-0.79993180523702945,-0.16992466338418616,0.048552122876318146,-0.17399726524480244,0.98354849552603907,-6.0681910120567961,-0.03551758306170516,-3.427430850610826,,0.07376501956069645,0.1694915254237288,False,5
0.24027781590080946,0.96451821519715852,0.10941290480937742,-0.96610876330747597,0.24857105790533213,-0.069615275854693071,-0.094342083114788686,-0.088977759719568145,0.99155561096130695,-7.5014733687949491,-10.577405486538311,-4.5809602476874822,,0.2246105742857825,0.125,False,5
-0.97578288498937393,0.21868460178884142,-0.0049805925621059163,-0.21492372225183631,-0.96273981227169048,-0.16413362690346381,-0.040688511587785893,-0.15908833649116388,0.98642554012821704,-12.954209432761575,-18.052979986797887,-5.5069020458569762,,0.1100091549674455,0.2307692307692308,True,1
-0.57763406901011483,0.81584383105899783,0.027161105312487381,-0.80998395372218035,-0.56872043080468082,-0.14311906336307595,-0.10131572943725821,-0.10467050639180303,0.98933270847591037,1.6248439475995375,-13.133316444708194,-5.1931525820611659,0.1538308433812012,0.1226224310012582,0.6111111111111112,True,5
-0.75121669463528329,0.64980092346755991,0.11589753043937767,-0.65403891514600954,-0.7091501768151065,-0.26332323140531028,-0.088918924734113738,-0.2736143025936511,0.95772054287266906,2.7204672045571252,-18.080377067003386,-5.8747955238003335,,0.1956879854078266,0.1666666666666667,False,3
-0.55390565423733562,0.83250454296799725,0.011167459046468847,-0.82548320482004078,-0.54738770290347649,-0.13763786277797677,-0.1084712162923563,-0.085456940313239513,0.99041966185468877,-0.42900733515117406,-6.2163906216869389,-4.319715349547141,,0.2449707232487123,0.9842406876790831,True,5
0.56389552495470574,0.81061807751034587,0.15786123447346792,-0.82187187361072744,0.56956442994771062,0.011089792871432635,-0.080922557446293952,-0.13599519312008693,0.98739903136704632,-9.3410533582465174,-9.0009272856665135,-4.31460368852792,,0.1336889772305446,0.2222222222222222,False,1
-0.86672274204724276,0.49875584527005901,-0.0058562126888198921,-0.49259519482765218,-0.85774364387971858,-0.14705718417217567,-0.078368759405871291,-0.12457306367305315,0.98911065576925894,8.5686333042504845,18.054866091785723,-1.460871200209729,,0.2137588021647301,0.9375,True,5
0.096100862125990089,0.99495973308073138,0.02863134377845699,-0.99034270516724521,0.098463561907951982,-0.097602527110833462,-0.099929728412837718,-0.018975155449104067,0.99481354677900224,-2.3552141688010972,17.266940096711217,-1.4266936042826666,,0.1662957325945447,0.8421052631578947,True,5
-0.95772384352211171,-0.280650760905577,-0.063247054890766263,0.28744802739902509,-0.92451106688234674,-0.25030565066828897,0.011775869124792178,-0.25790393098048531,0.96609879996363235,-17.366024537618422,-6.1803421380471875,-3.9115891789005826,,0.222691338396165,0.2807017543859649,False,5
-0.47609932329946025,0.87918104444137612,0.019238644670706337,-0.87329982058502154,-0.47011756199153082,-0.12781588818807782,-0.1033288813447827,-0.077654162812490199,0.99161130150776633,16.753311022247839,1.918225630143688,-3.7689750062940703,0.3209428061744887,0.2828554363148462,0.89,True,5
0.84406702026514646,0.53282168331925017,0.060431110245948806,-0.53413249980349053,0.84537351337907518,0.006789368953983882,-0.047469336991278845,-0.038008902404038813,0.99814928010976856,4.9568494333736277,19.356822032053792,-1.2698919139618987,,0.1826760423131359,0.2068965517241379,False,6
-0.056790432518281149,0.9821772487969157,0.17917225990679778,-0.99089344010141223,-0.033503919791487577,-0.13041348750261753,-0.12208618733655487,-0.18494685535128222,0.97513569494573238,14.148723420106071,-2.4477865490390904,-4.3529476815601278,,0.2008994943392592,0.4444444444444444,False,4
-0.67611574348602921,0.73650923616887543,0.020534031466636252,-0.73090700147649024,-0.66693533805907945,-0.14481785124999763,-0.0929648137898368,-0.11292209653544441,0.98924523931685415,-0.55065063403374881,14.275755075958187,-1.7834340524667718,0.1843764936655709,0.1875455156207891,0.9080459770114943,True,5
-0.75245420551118836,0.65862738511738916,-0.004757749673631081,-0.65312948357557432,-0.74706698358586754,-0.12374489775427815,-0.085056136126855114,-0.090004942138438043,0.99230265750819546,-3.3341165032246169,-1.4229625879762648,-3.6440917319371335,0.3273366594335387,0.2734234420292194,0.987279843444227,True,5
-0.46794221056838858,0.88240220134518288,0.048953474131523927,-0.87774694004742393,-0.45759510503920114,-0.14201066537956697,-0.10290965360817551,-0.10942154680563815,0.98865389711916263,-1.549261373475469,15.216788723260805,-1.679006195117154,,0.187035071697577,0.620253164556962,True,5
-0.91190398348930324,0.41040275219518912,-0.00084017078910646366,-0.40557187224085428,-0.90147933010709402,-0.15115050061681221,-0.062789978048959624,-0.13749399397893347,0.98851040473853002,10.069436016291727,14.175721485667243,-1.9721596115275557,,0.2626855054702339,1.0,True,5
0.69722499835972462,0.71683481222374512,-0.0050153411079437733,-0.71374545725905147,0.6935355009623152,-0.097856686777233651,-0.066668762583001487,0.071807805210144307,0.99518787935070485,-22.602859774832268,-14.945549629345878,-4.9195796742609259,,0.2265482910813439,0.9347826086956522,False,1
-0.038980825534842389,0.91967191186014863,0.39074808991999183,-0.99660874283659773,-0.0074228168726224938,-0.081950689389003031,-0.072467295673838444,-0.39261746818649745,0.91684241543056155,-5.2635023502454876,0.14243726135941248,-3.437609890581208,,0.4828897114403489,0.4184397163120567,False,5
-0.2613536090892658,0.96149042768261539,0.085032043905326704,-0.95886332492417858,-0.24850503163249316,-0.13720923208255154,-0.1107944724765869,-0.11739423634930179,0.98688559526451702,-22.198148186385389,1.3337136290820806,-3.1083742136659724,,0.2547912578602505,0.55,False,2
-0.91415134675139631,0.40532858363566454,-0.0060045416572971659,-0.40082603731051719,-0.90601061210545131,-0.13595314842346609,-0.060545875553633284,-0.12187497708804365,0.99069707121462358,-5.2444488978467669,-16.739794841947649,-5.4836021044498615,0.1393693143987551,0.1684717367258848,0.7659574468085106,True,5
-0.94361746427477422,0.3307948433469135,0.012682772990790169,-0.32685076574389871,-0.92492388543514992,-0.19412465861959127,-0.052484836365107146,-0.18732479218362078,0.98089487927355967,-0.13998514895596498,-16.673807869749073,-5.5843771024080446,,0.1029238430005988,0.3,False,1
-0.42492557701552258,0.90515431266409074,0.011572565127171607,-0.89880078451177037,-0.4203532023077195,-0.12433959574757941,-0.10768195651570994,-0.063236505084032404,0.99217223336762761,13.608418453410563,-1.5251695367866529,-4.1507399964091354,0.2214267272415679,0.1159522611120832,0.7636363636363637,True,5
-0.94151328217233488,-0.31604701110231526,-0.11690605744087401,0.33686897559173834,-0.87401990068109037,-0.35015497497135234,0.0084872125488113272,-0.36905758356482615,0.92936777824306005,4.8030501254953339,-1.6805289549012776,-3.8147619789416818,,0.3829074175195987,0.2966507177033493,False,5
-0.86417214591283809,0.50310612261356868,0.009525314542845496,-0.49818762313340909,-0.85275294390589662,-0.15691242403490585,-0.070820861228056489,-0.14034474001032815,0.98756658487736859,11.962033433441425,16.353779363166453,-1.7067444077722413,,0.2289488582515141,0.6451612903225806,True,4
0.98253805510682057,0.18473921159077797,-0.022144840657035647,-0.17797090607874483,0.96784817361049269,0.17775339498402004,0.054270865631739315,-0.1707083376395313,0.98382586701302521,-1.7088032376120308,2.5004591571720098,-3.205056361803531,,0.3557533010867523,0.208695652173913,False,5
-0.68328276475267469,0.72998580339755781,0.015664936321704473,-0.72435504831376518,-0.67500164154918263,-0.14029450412710931,-0.091839138575575949,-0.10720779236571709,0.98998588973872026,-7.0616960603860059,-18.113660012353439,-5.6007911635992658,,0.09704970439645097,0.5454545454545454,False,1
-0.35939332930653706,0.87725401721790663,0.3182166308114765,-0.92684992749862749,-0.29588839861587479,-0.23108281515578383,-0.10856171860168753,-0.37798868348083881,0.91942313893803562,-5.692887825788759,1.4541950041051603,-3.2685015473307111,,0.3798683316367648,0.3988439306358382,False,1
-0.40988812842587957,0.91031142084833472,0.0576614190652373,-0.90599402253652928,-0.39899025856165593,-0.14135630407230954,-0.10567191350406227,-0.11018117192147729,0.98827807627732045,21.520741052724301,-7.3556388439344031,-5.2195774224266858,0.294857789594009,0.3420050634260314,0.9866666666666667,True,4
0.15718021546876729,0.97529154751072966,0.15524425019728602,-0.97793622214383369,0.17561529872515366,-0.11313713922811107,-0.13760496097248023,-0.13403605562609153,0.98137618195468812,-6.9777913412235861,2.4822320226568224,-3.0913499015016512,,0.2213227312815237,0.2835820895522388,False,5
0.27413955270826817,0.96150835075453489,0.01868681541105394,-0.95621538390935557,0.27459790714842014,-0.10123304285060822,-0.10246777647629564,0.0098833607140384767,0.99468722418909239,7.3603447354755502,-22.048402356385179,-6.5171637582182598,,0.1316439124686542,0.5952380952380952,True,3
-0.77982338050645017,0.62599641438404785,0.0019960946393032981,-0.62070522183947352,-0.77281028384456429,-0.13224708981787028,-0.081243601573931276,-0.10436835900981303,0.99121477129878199,-7.8204221376982961,0.55168950721183785,-3.3192970206417773,0.2970736647759552,0.2587084838404352,0.8838709677419355,True,5
0.7446821718282598,0.65083182076384027,0.14787293208146857,-0.66513145355256276,0.74201445885247241,0.083753760207690375,-0.055214241425570069,-0.16072487030667279,0.98545365370914439,2.6950292672427616,-13.687765312450026,-5.2875523172940495,,0.3929691596783564,0.171875,False,5
-0.95456908994587975,-0.27847959017123003,-0.10605173444106301,0.29754621394906661,-0.87133463613682138,-0.390182268219468,0.016251248704956044,-0.40401122475294704,0.91460965837298747,-11.754174898849504,-7.1695124846752565,-4.0802029703717446,,0.1056878868939423,0.2631578947368421,False,1
-0.57672752426256735,0.81659310869240276,0.023686654344773204,-0.81133439513119321,-0.56914202232891631,-0.1334685644504115,-0.095508439601283524,-0.096192792117862871,0.99076994540079755,4.0816787345329999,-0.90898450993650337,-3.6828013314354342,,0.1338450156707111,0.4794952681388013,False,4
-0.99856058619082089,-0.04611645371416323,0.027386646437151524,0.032215279615085003,-0.92393353922671217,-0.38119416424090713,0.042882764201552979,-0.379763199624228,0.92408927098284344,-4.3085096257420243,-14.934589496584401,-5.2385706224308386,,0.3218873711161108,0.2413793103448276,False,2
0.93958525684935779,0.33972326705447642,0.042043393454375529,-0.34157528335876891,0.93852644413754227,0.049944363575062295,-0.022491574193533911,-0.0612879717103951,0.9978666812825866,-9.7637987629399703,3.6765351440621954,-2.8818565449655562,0.5705895861492212,0.4048227400891767,0.4705882352941176,True,5
0.30709370422405408,-0.93468462049783974,-0.17904780655109806,0.94582391263238552,0.32059206477750918,-0.051360045701499601,0.10540675082135835,-0.15357535025681565,0.98249886955394583,-5.214534583127989,1.3895545882997067,-3.2776254393848445,,0.3547203487437918,0.3239795918367347,False,4
-0.39743770133535994,0.91758506597320844,0.0089955689207331171,-0.91141226002581954,-0.39358692821547164,-0.1200709049376109,-0.10663473088957866,-0.055919376255924004,0.99272456277018539,12.815261066617552,-6.5365051442851847,-4.7458460293690052,0.3160053265449335,0.2565438960388249,0.9937888198757764,True,5
0.33774171564992944,0.93321076642147482,0.12267110069158896,-0.93617823958247537,0.34655721822772623,-0.058893108480684478,-0.097472238314812998,-0.094951355594872597,0.99069844192296819,-9.386186554204361,-12.386289759034485,-4.7510800949582785,,0.1773014276750461,0.1111111111111111,False,1
-0.5209532810958265,0.85288140779170418,0.034655203919920358,-0.84713113493381309,-0.51160482792058859,-0.14362917626336444,-0.10476888441345746,-0.10418159286353548,0.98902460867623221,16.499379283441556,0.45898854313469223,-3.9477205938158368,,0.1083082904065686,0.2647058823529412,False,5
-0.81671255177040003,0.57703497151677474,-0.0033540165944909517,-0.57157791748727249,-0.80975970311560475,-0.13261940827435431,-0.079241983957963447,-0.10639485352573157,0.99116136078927297,-1.165363766400797,-10.676562220448824,-4.8076250254681447,0.2636764171195781,0.2715011562930701,0.9922480620155039,True,5
-0.8560795417520709,0.51684400081012982,-0.00031148056204266788,-0.5118948499208994,-0.84796486205490362,-0.13754728403231425,-0.071354613151653992,-0.11759197058806554,0.99049515275703981,-12.19146449629986,3.4704862667507643,-2.913360332604813,,0.2677763370284065,0.9919354838709677,True,5
-0.26145032226730014,0.96475233595751009,0.029944269081963137,-0.95725564810634189,-0.25519266525740603,-0.13615552786181506,-0.12371480572200279,-0.064262227345071213,0.99023482719091349,-1.37897101959062,3.7266306573488697,-3.1157371928175417,,0.1615145093691726,0.2571428571428571,False,6
-0.99979689712774233,0.0033436579252801683,-0.019874215592485436,-0.0005034346816294626,-0.98997685525298029,-0.14122879528247684,-0.02014723423349251,-0.14119010593911008,0.98977747142357364,-26.979190407432537,-4.423302107153499,-3.7470405827298201,0.5094789337214501,0.3697644973661783,0.9803921568627451,True,4
0.95230936147754119,-0.29361570063931586,-0.083046374877658924,0.30097522455871156,0.9486531110597316,0.097320034312185777,0.050207511829109236,-0.11767368106240041,0.99178228989085804,-11.212931570800135,-9.0109143387789068,-4.2729186285484282,,0.3368824388973391,0.4166666666666667,False,7
-0.69659289139984504,-0.7089430040855047,-0.1102640494876963,0.71469502896790371,-0.67216272699225377,-0.19341221267258552,0.063002850886068482,-0.21353474050036553,0.97490181832822054,-6.2369848012468418,-10.226457166125241,-4.5568028085163288,,0.3538853624410309,0.34375,False,5
-0.23302383842705854,-0.94274111144469963,-0.23861912646879938,0.96703302179446471,-0.19872377433939747,-0.15923566268700812,0.10269871218173349,-0.26785828026088154,0.95796916245351904,-10.580581040442086,-9.6466827119609793,-4.3821509135359458,,0.2380814687438619,0.125,False,1
-0.75552345401430232,-0.65442340482602268,-0.030237685926920384,0.65247438679886971,-0.74752348437255489,-0.12444201413893412,0.058834386252754799,-0.11374817593012827,0.99176603464064628,-7.8259976714158386,-4.6698416579557707,-3.8834699290064667,,0.2606687317679436,0.9840425531914894,True,5
0.54914425716331772,0.78086647830487488,0.29780552023810936,-0.83274500326542478,0.54134334347983104,0.11611694108331445,-0.070543209177186317,-0.31176101027841924,0.94753824625139216,17.868158647176184,-15.51773704707974,-6.1489621847259226,,0.428286641589556,0.46875,False,4
0.70185138905890909,0.71229204215816122,0.0066838876587992915,-0.70946089292472936,0.69984054870657908,-0.082996673406346089,-0.063795525599567471,0.053509373610892356,0.99652740948217,6.9020409587909262,15.711221851967718,-1.7001154821823308,,0.1860566703799375,0.9130434782608695,True,5
-0.89372385472443827,0.44858663183969566,-0.0052635758956760441,-0.44393473221836754,-0.8860248906045749,-0.13372302254794585,-0.064650019541361917,-0.11717477102119507,0.99100476689541372,-6.1443724601061973,-8.1575121258030894,-4.3209703392420877,0.2776272230646262,0.2579804265865738,0.9967320261437909,True,5
0.98541985876581262,0.16696977873099761,0.032692429406326752,-0.17013224256202367,0.96887494448399669,0.17982314086887988,-0.0016498456845119311,-0.18276333040753542,0.98315555385074405,-7.5920468248077597,-10.878564151322896,-4.6003904709154968,,0.3400518266254315,0.2835820895522388,False,1
0.54721500341809737,-0.81462942109675374,-0.19218388672752684,0.83010452115379063,0.55760782263271547,9.9416775867777751e-06,0.1071551398401715,-0.1595381535005628,0.98135893208522995,4.3076479442439162,-1.0188608454477177,-3.706251339168245,,0.393802709466977,0.3267108167770419,False,3
-0.97119254094421248,0.23808581715377816,-0.010009599619473994,-0.23441848026003034,-0.96209253316951282,-0.13937694835247399,-0.042813835694811037,-0.13301541748868101,0.99018880734100911,-2.5066183571546894,15.165549417066975,-1.674488975529721,,0.2190290336779691,0.95,True,5
0.40259654422457419,0.8766628218087047,0.2633976450859592,-0.91179594243115547,0.40949020516766393,0.030755995152571228,-0.080896118228941119,-0.25254716139791211,0.96419694529973787,-10.141901496659319,-0.50699854928608201,-3.3892946708756977,,0.3900832808677276,0.3333333333333333,False,4
-0.62531766543456602,-0.77932658541697186,-0.040347125768610582,0.77749097638388276,-0.61773984727894249,-0.11792057804058668,0.066974614124320181,-0.10510734677515453,0.99220302696413243,-23.143612064631419,-2.5256812920977363,-3.5204636343279692,,0.2637649749265351,0.8596491228070176,True,5
0.40335304858434889,-0.89963516670283561,-0.1672210663441431,0.90820579937811474,0.41589739507131995,-0.046814343409357972,0.11166263553073902,-0.13298843410030409,0.98480735792431917,-9.4609734578897609,-14.452281802740975,-5.0422259848100062,,0.2178162537915129,0.391304347826087,False,4
-0.7177322029215315,0.69631617070418472,0.0020676811325649452,-0.69017241063059653,-0.7109995244257864,-0.13469120190516068,-0.092317541636227865,-0.098099269529217534,0.99088546503825425,5.7563698684631674,-19.051831498096686,-6.0918451134015816,0.3227056918589621,0.2792341067627896,0.989247311827957,True,5
0.64181101979209532,0.75390511494932944,0.14037696579806069,-0.76248751392233227,0.64689259676386179,0.011948195037318157,-0.081801014577892919,-0.11470416690489947,0.99002603405601497,14.583566728024781,-0.36617848498188887,-4.0274203833732223,,0.1936722176700136,0.303030303030303,False,6
-0.92315377986279412,-0.38340725785963059,-0.028035216168138505,0.38353093738082417,-0.91355334553912293,-0.13536729636829628,0.026289138381124996,-0.13571720404884002,0.99039876904625823,8.1979404788439876,-14.388966590142429,-5.6054554527076874,,0.225516103902953,0.7692307692307693,True,1
-0.9998136747498314,0.0047913505744568404,-0.018699164230285743,-0.0023107903762832342,-0.99144723169485549,-0.13048772743995724,-0.019164447058953267,-0.13042020443275015,0.9912735718481781,20.322880385059666,-4.5371378854299076,-4.8209532219483151,0.1846642828595398,0.2306321094957119,0.96,True,4
-0.098778429819667266,0.99453732557887664,0.033739143924784325,-0.98768250513477496,-0.093850209868049567,-0.12520146627903034,-0.12135110569359138,-0.045690766442896324,0.99155749354679612,-13.019334530748139,15.48612209189249,-1.5789696399728728,,0.1430360946610643,0.3333333333333333,True,4
-0.85632166210104799,0.51450470083837618,0.044700378429165119,-0.51183183148486899,-0.83395074079242504,-0.20628702870178089,-0.068857732284343373,-0.19952712784726206,0.97746996780345097,-4.0413233011075267,20.83265986313603,-1.0099558627326655,,0.1626869367144909,0.3478260869565217,False,4
0.78082609030816408,0.61235685358906766,0.12381316794495188,-0.62311604245222585,0.77765607645899659,0.083530978595226332,-0.045133295168241536,-0.14237313864945675,0.98878353296278143,-15.314298208776231,-6.3834403947023191,-3.9393018100758694,,0.323669792027986,0.2777777777777778,False,2
0.7136587476995816,0.70049263606175882,0.0011218979968419997,-0.69750929937682182,0.71076519286415518,-0.091069302707540684,-0.064590781964010704,0.064209870238388006,0.99584392524594423,22.162176354861405,-13.938745944152705,-6.170605272472895,,0.1100630497974802,0.5555555555555556,False,1
-0.89006421325927221,0.45576291225470722,-0.0081156693046470271,-0.45034756487917971,-0.88196402092271076,-0.13901991441962039,-0.070517849389691814,-0.12008177884655821,0.99025633010170688,-14.540263193421556,2.4094921368377298,-3.0177706710337078,0.2887049911151497,0.2636355725221828,0.5,True,4
-0.99872398668482409,0.050441521575804414,0.0024599433916570887,-0.049153911662083799,-0.95974318498356315,-0.27654459287052374,-0.011588416142362317,-0.27631263412794815,0.96099793799601241,-2.0832705219505301,-13.203271854799885,-5.0893813025725203,,0.3111120426609244,0.3055555555555556,False,4
-0.99903632520209196,0.04048311015014041,-0.016956966688362801,-0.037605376554041406,-0.98872680322882944,-0.1449315156586975,-0.022633085978880571,-0.14415417569210451,0.98929637472781695,-18.586457153573651,-13.180936326401492,-4.6808858116959327,,0.2501359606664124,0.95,True,3
-0.82463773031171728,-0.56506094511549376,-0.026052678394451526,0.56373984176002467,-0.81717168032029774,-0.12011592606679541,0.046583307726287909,-0.11373905744152513,0.99241796751852085,19.202161444136308,15.983807795649485,-1.9246417130737963,,0.2341572419549029,0.6382978723404256,True,4
-0.019942185359850102,0.99979917461234258,0.0019798200807418973,-0.99372674185427157,-0.019603033624663833,-0.11010396721464834,-0.11004304506313628,-0.0041631138813426859,0.99391810362627164,25.42278113150687,-4.6532803393488136,-5.0388024125158237,,0.1764665719737754,0.7441860465116279,False,1
-0.17849233868812509,0.98332261459542258,0.034887256339036304,-0.9778080146141972,-0.17331546610825729,-0.11769976960011096,-0.1096903440868216,-0.055121545995186969,0.99243621637927704,8.0039139962603869,22.85619421155749,-0.90067828453660981,,0.1743500868194912,0.3043478260869565,False,4
-0.95550198107300754,0.2948107855668935,-0.010127432003665407,-0.29084966177286858,-0.9472809118892469,-0.13440739643667113,-0.049218273153024426,-0.12548097339321057,0.99087440521194536,14.751396909435792,15.835523695982769,-1.8405143885267701,,0.1851134900815055,0.95,True,4
0.9476682341932986,-0.30291790056568696,-0.10082491466810432,0.31884726515215095,0.91400652005966876,0.25085554168366875,0.016165995359022051,-0.26987557652608996,0.96275948906710918,0.64456050028995371,-12.898210419879245,-5.1437855219650039,,0.7677410617230782,0.239766081871345,False,3
-0.56332684325090499,0.82561574736618082,0.031960997699587226,-0.81972780488687513,-0.55362752445403618,-0.1467749640171685,-0.10348523357617523,-0.10888159563433383,0.98865342995602168,-16.363793585990436,-13.674109277121207,-4.7681527270356243,0.0786116387403007,0.1387838753717041,0.75,True,3
0.75287487256643659,0.65695698570059458,0.039836480733878465,-0.65431107253392162,0.75363498120178463,-0.06254067051523407,-0.071108695794403973,0.021019848909415426,0.99724707035631088,-4.8655424416631181,16.304136243754314,-1.4948575965185085,0.3220268102177501,0.1769463950540477,0.3548387096774194,True,3
-0.48547536170143263,-0.86662795633002099,-0.11519400369860265,0.86985229001839526,-0.4656216147554964,-0.16295246368876196,0.087582342573239783,-0.17931117416305839,0.97988613424706072,18.600311018918873,13.108338125216834,-2.2322764723877002,,0.1692560075622982,0.3809523809523809,False,1
-0.48412927807953426,0.87453642067723869,0.028370601249025011,-0.86849585143278818,-0.47633489955919034,-0.13718607621027246,-0.10646031255929847,-0.091055545525675366,0.99013892433274076,15.451036948452446,14.797209442396019,-1.9679704144658623,,0.1458003521703451,0.5294117647058824,True,3
0.13338466256585504,-0.97054902549040412,-0.2006068815166151,0.96745649680435974,0.17142919296690143,-0.18611813073893152,0.21502664621676557,-0.16925312676091148,0.96182998523565832,-11.216956552368956,1.559697915191617,-3.1489442977497353,,0.2513005457051122,0.38,False,4
-0.088863580908288331,0.99572487385627007,0.025203959452234213,-0.99001032306625059,-0.085516073573078069,-0.11210067521161945,-0.10946608703344242,-0.034913847461396592,0.99337716857446878,5.3915826157729372,25.021364016603439,-0.61330814751527207,,0.269917202469679,0.6857142857142857,True,2
-0.31935686299741134,-0.94546994233709314,-0.064013921872876856,0.94275353446853705,-0.31013888734529699,-0.12259544772667186,0.096057104388663772,-0.099501048704600456,0.99039011202815974,-20.123764246006733,4.4863054723949416,-2.7714324605125609,,0.2200465077682089,0.6097560975609756,False,3
0.31388675948458356,0.9410714413164597,0.12593508073141685,-0.94430755532943245,0.32322500405797511,-0.061715781607893386,-0.098784326530165709,-0.099549681517738992,0.99011692124804063,0.6290217963338457,-20.064089938919704,-6.0490752397369354,,0.1770917747642765,0.1428571428571428,False,1
-0.98162949020897783,0.19067698668599919,-0.006769837546664716,-0.18659778239430092,-0.96682309578214953,-0.17445448996156082,-0.03980969175452196,-0.16998643537225699,0.98464196550413297,-3.8006717012733748,18.564308731520185,-1.2443854641771934,,0.1631527359405107,0.90625,False,2
-0.99966254872069582,0.024241850125546336,-0.0093338838503523175,-0.017388952907164638,-0.89142496379037139,-0.45283458155062145,-0.019298005130938507,-0.45251946547504968,0.89154569168615305,-11.561140643806848,-12.316685675714711,-4.7133723536623791,,0.3717798282524985,0.2592592592592592,False,1
-0.57144014786004549,-0.80485484408279429,-0.16020248865155207,0.81679954127149978,-0.53894726467843512,-0.20585032250229945,0.079338936168549076,-0.24848445796889246,0.96538117205358287,25.408305781621166,13.210537992418921,-2.4017681220742451,,0.2563168014474432,0.5882352941176471,False,2
-0.86432328363176147,-0.49837651549691836,-0.067572998846875454,0.50131828251207433,-0.84296071283966889,-0.1951850819811338,0.040314277758061554,-0.20257859069997408,0.97843583008742019,3.8930618695132782,22.185153008362594,-0.93448967896534385,,0.09399011289072602,0.1724137931034483,False,1
-0.99165678481092767,0.12604944568632764,0.026988115544116575,-0.12511079518286797,-0.89069914502691083,-0.43703812416886451,-0.031050121854245688,-0.43676832564930679,0.89903799677340512,-12.329205774345837,-11.912950711025282,-4.6225091061342996,,0.3705238004613676,0.2439024390243902,False,1
-0.2079753355795079,0.9710337745999329,0.11764211990948598,-0.97139403656502443,-0.19094804883404778,-0.1411823939886909,-0.11462933968447599,-0.14363930949665846,0.98296890248411439,20.21625838440535,0.10454549030306981,-4.1248010353737206,0.3269957491807693,0.1774786068407433,0.3333333333333333,True,2
0.59545194871087559,0.8029448518504787,0.026768295859711796,-0.79959915072662968,0.59554588665974229,-0.077241795939201413,-0.077962650889209381,0.024589871278100552,0.99665298037825256,-6.4861772607789039,15.726365031847457,-1.5703905978036501,,0.2282615047904398,0.7333333333333333,True,2
0.91227233344797243,0.40957874791876592,-0.0021068646576513873,-0.4088696191347006,0.91036505096595133,-0.063726827383792831,-0.024183138217248046,0.058997654470791167,0.99796515600140534,-5.6724110519286972,19.906454909834093,-1.1031277227817053,,0.1243095161931527,0.3142857142857143,False,2
0.99948282899449115,0.027440167630563526,-0.016766387374026755,-0.028856935129399137,0.99542353689840635,-0.091100271589085569,0.014189849897268125,0.091536983722832366,0.99570057184417637,-1.2441417452202208,24.27903794216849,-0.60219351250427311,,0.2469343685100573,0.8285714285714286,False,1
0.54501435573470614,-0.81837504016072848,-0.18226805996940315,0.83227863883552555,0.55435739941990447,-0.00037556156010454256,0.10134899792878291,-0.15149312641280765,0.98324880537354598,-9.0620732262998054,-1.9792897637904407,-3.5493205086594037,,0.3284178818493591,0.2173913043478261,False,1
-0.96831709272844291,0.24968559825803457,-0.0043714931618442894,-0.24582246067413527,-0.9561253568607323,-0.15936003199061902,-0.043969600385379885,-0.15323643166840309,0.98721085399801289,2.8356257757872307,26.508183539180646,-0.42357543496921934,,0.2183488447340905,0.7916666666666666,False,1
0.059229733762819696,0.99794613773548146,0.024399688875504762,-0.99232902665304157,0.061518151974753736,-0.10723161772275307,-0.10851240251792904,-0.017861219343791573,0.99393462327425774,-22.944760376860341,-8.0533583963839064,-4.0753642623482893,,0.3138520506837483,0.9111111111111111,False,1
-0.92879985475254812,0.36930176031288597,0.030774009187143406,-0.36623774374383533,-0.90206416727041006,-0.22836408032825076,-0.0565751258864838,-0.22337512833022985,0.97308931099585272,-2.3556840947291113,-18.383378381947864,-5.7524323893031859,,0.1409991993086009,0.4444444444444444,False,1
0.27151777113071174,0.96243327748928253,-0.00053510881961192462,-0.95712593024809056,0.26996208994938126,-0.10502582366680273,-0.10093588859735962,0.029028544079932446,0.99446935097149258,-9.9678679366705474,18.015174173253154,-1.2738088227107531,,0.290969331684685,1.0,False,1
-0.20906613646175581,-0.97668480914477496,-0.048766117036189875,0.97238694547117921,-0.20234002221643616,-0.11628475259758125,0.10370621419270412,-0.071730739542298208,0.99201800494876646,17.524801686776968,-1.3367267034510357,-4.2292329963119837,,0.1257904833919091,0.2,False,1
-0.9295857028787905,0.36113361688795326,0.07384396899388683,-0.36427004610267899,-0.86939044960354084,-0.33386760796834691,-0.056371575423233164,-0.33725770101152419,0.93972309144381705,19.542792097775763,-15.767777268987325,-6.2693186616270573,,0.2538915176594099,0.3928571428571428,False,1
