axis_00,axis_01,axis_02,axis_10,axis_11,axis_12,axis_20,axis_21,axis_22,location_x,location_y,location_z,dbh,dbh_approximation,score,reconstructed,number_clusters
0.51009361272033948,0.85776945445972563,0.063530065778162392,-0.85456511357843812,0.51379569626907962,-0.075712939119037259,-0.097585720864190345,-0.01566989123245616,0.99510375418454722,-11.387762396046146,7.0252962497294327,-1.3283303225089629,,0.1251681666365776,0.4482758620689655,False,5
-0.92067556836486686,0.35926381834876647,0.15259753157077607,-0.38858033819497895,-0.80664533771406599,-0.44534101530449216,-0.036902826237366744,-0.46931099280714123,0.88226151080395077,9.8075196113451621,-20.505232412557742,-2.96968308625289,,0.4929803324143278,0.3114754098360656,False,1
0.85252364569944372,0.52064291687913755,0.046199422365584469,-0.52123742712545529,0.85341115884936425,0.00096876984952861539,-0.038922719418941515,-0.024906767252483284,0.99893176686802054,24.334437662825302,4.6111819018039002,-2.0108292216266039,,0.1592314432401508,0.5555555555555556,False,1
0.99008608503664508,-0.14029368411422835,-0.0068721477331470408,0.13964801493474499,0.98842959655940521,-0.059206119364440923,0.015098878819115338,0.057659473142479344,0.99822212408628619,-10.163425017077065,-7.975959287125943,-2.106981454019671,0.2343774009690294,0.2328929154588818,0.9310344827586207,True,5
0.98674741859524162,-0.16191697346440503,-0.010603093876534393,0.16118255713094548,0.98560842285132444,-0.050953116501887018,0.018700673045560372,0.048568822393100328,0.99864475882016768,12.450360607675567,-18.203162798451558,-2.8049450567263867,0.175709792655221,0.2364891983158028,0.9516129032258065,True,5
0.85408547975166071,0.52010140567440311,0.0057027267938309922,-0.51888235028857221,0.85274093611409629,-0.059949999451721192,-0.03604302756959428,0.048243379760998462,0.99818509128961286,-9.565620638527653,-1.5288800960313973,-1.742124084982108,0.2850427680733493,0.2034175377230817,0.9297297297297298,True,5
0.88349145406416485,0.46829995418063081,0.011747489519379064,-0.46719537554336843,0.88268542363217006,-0.050940396329322832,-0.034224723029992618,0.039517032045900159,0.99863260136639076,4.4623164967926021,10.385849373948481,-1.3577592432286747,0.3381302517338341,0.2532863656254072,0.9701492537313433,True,5
-0.97889770535925347,0.20388699832317544,0.013761335587595548,-0.20301108310217988,-0.96257344441512838,-0.17955184277660952,-0.023361990070813299,-0.17855659052961881,0.98365225633776177,-8.9486788387299718,-16.85903674072193,-2.4938152967007765,,0.1163327922786757,0.5217391304347826,False,3
0.98592425324808408,-0.16663747144151198,-0.013613227713785727,0.16609551044023477,0.98551499813374577,-0.03424134730177826,0.019121931618064754,0.031498278762853639,0.9993208744773483,6.0533286417860008,-11.123944814998628,-2.3508873575556795,0.3036057554475871,0.2533728594670399,0.9813953488372092,True,5
0.23820361344926611,0.97110085122762857,0.014905545434054019,-0.96797524702587245,0.23863356215974404,-0.077961170823375323,-0.079265122752144618,0.0041424335752796955,0.99684496315082027,-12.766405587605815,4.5690109760733986,-1.4449647317604777,0.1442854097474144,0.110642688091615,0.5714285714285714,True,5
0.96880759286799323,-0.24691600812514819,-0.021079206172623263,0.2462178481705018,0.96871756369738538,-0.031033095664010541,0.028082365349341786,0.024875021924526571,0.99929605925403397,-13.411901601969015,11.218713338756327,-1.1480603780003042,0.2502956095258962,0.2255112794841485,0.8936170212765957,True,5
-0.4419915944841375,0.89697528468628651,0.0088751939317578618,-0.8933090863026415,-0.43924300893307011,-0.095207433704327521,-0.081500348063740027,-0.05000917681165587,0.99541788988349555,-9.7546781464641548,-23.126854924293337,-2.8667174762971133,,0.2600464075731984,0.873015873015873,True,5
0.36344341906071753,0.9313990583804832,0.020116540194740962,-0.92858350044208982,0.3639167254227138,-0.072782550548369448,-0.07511034448178569,0.007772451708442321,0.99714493688042605,16.734201510531644,-17.414209494421367,-2.9269887768979177,0.3019172533104841,0.2399315640138112,0.9137931034482759,True,3
0.81341392336229246,0.57971536925007183,0.047831787919914791,-0.58001897070292563,0.81455664892717028,-0.0086867320240223561,-0.043997532943123439,-0.020677435619332718,0.99881763137778401,-10.920035062310378,-17.607833748470842,-2.5039043890635106,,0.152786512795499,0.3870967741935484,False,1
0.97099352779312931,0.23809166168299781,0.021998400416482621,-0.23833591665271381,0.97113915424311992,0.0092051034360965817,-0.019171849602100315,-0.014181104787271904,0.99971562779114753,-13.584293866152109,-8.395499774516697,-2.0824821672418565,0.2262067924034602,0.2549566995269176,0.8285714285714286,True,4
0.82516682190703794,-0.56311491562789462,-0.044735979046274479,0.56259527156203548,0.8263645528919572,-0.024661430204181975,0.050855446511449694,-0.0048184562948652221,0.99869440072479443,29.310536794016009,5.4803134233204922,-2.0625355891613415,,0.1436840845779538,0.2307692307692308,False,1
0.64212676168100213,0.76596541404119789,0.031148136794460293,-0.76458271190232419,0.64285403811828257,-0.04638924805497055,-0.055556265111664817,0.0059724507293419538,0.99843769522145354,7.709735997600351,-19.778814018174103,-2.9295930847369749,0.2762443081048725,0.206971505511171,0.71875,True,3
0.80746474828176573,0.58975532234550987,0.013760088931760051,-0.58812274879351678,0.8066086711541387,-0.059110777109710064,-0.045959902456640354,0.039637247433441603,0.9981565889088132,24.058305623171215,-13.188964821686582,-2.7874992265648406,0.2652144208345382,0.3174219418417527,1.0,True,3
0.87591218571596841,-0.48223576700574111,-0.015050180552366361,0.48046566463433321,0.8746886850999892,-0.063815744652394604,0.043938457207356826,0.048665893379611691,0.99784820629181881,-8.3686842799128875,-9.8072975250643744,-2.2993968847054571,,0.1891877850739821,0.8229166666666666,True,5
0.87775011085150489,-0.4783984807985408,-0.026260930482746761,0.47707593392458847,0.87774987614954125,-0.044200771367101446,0.044196110350947657,0.026268774031410192,0.99867745310522271,-13.566047767315441,-0.93665810322952059,-1.7239094577289313,0.1597620447471083,0.1513648610525279,0.673469387755102,True,5
0.85382397265014609,0.50173059056876868,0.13874811067340448,-0.5167200850677498,0.84918552849619811,0.10901509932212237,-0.063126677526242514,-0.16477364073221581,0.98430923489742317,-5.8500183402281811,-15.09704551414954,-2.5656255847848728,,0.3352574624096141,0.1052631578947368,False,4
-0.9738165015170851,0.22687613479571289,0.014444404909264585,-0.22510729570007362,-0.95344937373119287,-0.2006514319764402,-0.031751012513381582,-0.19864921643881178,0.97955620666331422,8.6598539972770734,18.858058301474117,-0.99595396266771763,,0.2254851142200802,0.2,False,4
0.99879206577491408,-0.049096452712615618,-0.0019868759698227498,0.049086798664390592,0.99878370832590901,-0.0046465233915540458,0.0022125871650946882,0.0045433813162198983,0.99998723099060294,-10.196375354302935,2.7779083859597735,-1.5009074152542106,0.362357294350299,0.2389824054094618,0.9553571428571429,True,6
0.99989434461628779,0.013644825638142847,-0.0050118197962335858,-0.013849292705383934,0.99896514664764569,-0.043322429234854722,0.0044155063045856913,0.04338726214631522,0.99904857178593764,-10.20477353575154,-5.1319210837554072,-1.9594546919467974,0.2714704882190099,0.2169423907547906,0.8531468531468531,True,5
0.99517823589885468,0.098082655034663832,-0.00026753428578730164,-0.097983251921413814,0.99403926788694652,-0.047803935420500682,-0.004422797321569652,0.047599650000118593,0.9988567025273033,10.346759071583286,15.733363975448281,-1.2048275333432381,0.2278224257878259,0.2118318452638072,0.9420289855072463,True,5
0.98565178294033406,-0.16653339537283288,-0.027517103992541078,0.16638059739851976,0.9860310092835739,-0.0077682392167389008,0.028426389075158265,0.0030784666333295613,0.99959114814374728,-13.960017257394769,3.7227046734465361,-1.4871912645306415,0.2474169386062121,0.2665008663386429,0.9010989010989011,True,5
0.36339501006257796,0.93153493329032422,0.013665091342938959,-0.92857506409488599,0.3633502908992256,-0.075663177600648945,-0.075448108013375814,0.014806558115922439,0.99703979300425238,12.159374669581718,11.239737026680292,-1.4496659864075478,0.2848191322007996,0.2954409204293426,0.8924731182795699,True,5
0.10913015107693662,0.99230410524139789,0.058507887049480053,-0.99066725489943053,0.11340825932797112,-0.075610560017944722,-0.081663946732646681,-0.049710456015504223,0.99541944443876451,-15.566859147074561,-2.8020279941443547,-1.7876401426670243,0.1212756975131472,0.1182651127533655,0.4418604651162791,True,3
-0.82305167699097093,0.52002203847168416,0.22839224265746361,-0.56727537672488282,-0.73282593144033314,-0.37571904552504576,-0.028010425987367422,-0.43879748599138918,0.89814930959370221,-11.259545753904668,-2.3196741290121801,-1.8077205299408949,,0.5673181697974659,0.3116883116883117,False,5
0.78854941154480862,-0.61422182376544476,-0.030354188550959314,0.61230612112894944,0.78876527276802577,-0.054134633121525839,0.057193002896826349,0.024101777640518657,0.99807217411077565,16.59155749901538,-3.2232321302329798,-2.2134803950703996,0.2892797785505912,0.2567008412199468,0.6792452830188679,True,5
0.097340649797618306,0.96002468078648961,0.2624450612562102,-0.99475708874419932,0.10215638082023593,-0.0047337354041113028,-0.031354940442339226,-0.26060830021031467,0.9649353250717625,-2.5606211732961226,-18.341890200556207,-2.7071651158902013,,0.4145512938722733,0.2923076923076923,False,2
0.94122338574088626,0.33761757923773872,0.010625832866793606,-0.33693996742670368,0.94062818466316356,-0.04111054083534417,-0.023874599158009338,0.035113934654662553,0.99909810084301198,5.2524363924971578,14.691012693287888,-1.1428147393444137,0.1478028179182877,0.191836851423598,0.5227272727272727,True,5
0.11002880910159053,0.99381758341230142,0.014841565558281585,-0.99058608285402772,0.11087013176460762,-0.080293376678361672,-0.08144245590354271,-0.00586726367513385,0.99666077558684296,12.882214763647706,-14.421308901721122,-2.5246948680805326,0.3023625757423375,0.2805083374085903,0.9813084112149533,True,5
0.068696151679137868,0.97958593965445928,0.18892386184854609,-0.9936592952651363,0.084079209018367559,-0.074645103952233879,-0.089005863164574858,-0.18259812003998641,0.97915059254447323,28.091662337225443,0.29566336045940733,-2.2124490500984391,,0.3227206486901936,0.2096774193548387,False,2
0.49623698293422819,-0.83405923938322224,-0.24102705650572981,0.862470213640396,0.5053981792409018,0.026791995130486822,0.099468524425696953,-0.22117383574795366,0.97014851802655055,-9.588860475743024,9.2052288956688759,-1.3863193672102083,,0.547268812318379,0.1679389312977099,False,6
-0.99190817039763568,0.1266544846255265,0.0087648743664496091,-0.1259805442916887,-0.97337987217161193,-0.19146938896635257,-0.015718904490682851,-0.19102425494010142,0.98145944901773408,-8.9602792673170963,-17.131376989675104,-2.4948027237639074,0.2326766268682835,0.1006520174125824,0.52,True,3
0.92633227674543883,-0.35521230266935544,-0.12543019210679143,0.37616488035984247,0.89008145133046623,0.25740045217776264,0.020211280104875759,-0.28562078010849551,0.9581295706357974,-9.6101686702717224,12.122179572803509,-1.3141332696775541,,0.5979485008938523,0.3378378378378378,False,4
0.97988758167405132,0.19954857849544588,-0.00083192633517133966,-0.19922281462314873,0.97803215576852121,-0.061346331727416256,-0.011427922585087747,0.060278247347003995,0.99811619337738589,21.640598785358222,1.6192782928523626,-2.1112435497759403,0.2325424083497771,0.2373571577817312,0.9322033898305084,True,5
0.95487566331593987,0.29700576339868823,-0.00021003549439914566,-0.29627449862871286,0.95247456885071058,-0.07080690047559042,-0.020830004062676467,0.067674014219772385,0.99749001936366921,5.617019050475152,-4.0577652759240133,-2.0599941560426216,0.290003528206567,0.2427615990855133,0.9714285714285714,True,5
0.97305348396017077,-0.23032867660274833,-0.010752585149684031,0.22929746031939696,0.97150116733384062,-0.060067932876539408,0.024281516510490583,0.055983770893111726,0.99813637612930395,-12.066340450578,-10.382836032784144,-2.1625410923348865,0.1795440656831357,0.1970016713708947,0.9891304347826086,True,5
0.78129993557978716,-0.62280124856539798,-0.041097633124090358,0.62168020711329874,0.78237094781948946,-0.037542244093819926,0.055534950676010213,0.0037821678195712914,0.99844958032942133,-1.9894333229815437,-28.249915233802291,-3.3734362237044531,,0.13495110498866,0.5238095238095238,False,1
0.50732980282377238,0.85869517604660384,0.072519416717767293,-0.85908312707880663,0.5105824952388397,-0.03580078664191437,-0.067769107529108391,-0.044137401259852223,0.99672425368039275,3.8989700381628305,3.6042170557121218,-1.692412633323187,,0.1205579088838731,0.217948717948718,False,5
0.85240798317368893,0.52248306926722365,0.020299570213831528,-0.52147994020128741,0.85232548097295069,-0.039999330643033001,-0.038200813989054526,0.023509930100504603,0.99899348396135379,21.461700672541454,8.6218524033318804,-1.7224477701668301,0.2461035999914265,0.2972175146094858,0.875,True,3
0.99894631423804248,0.045708661117276242,-0.0041206272697122447,-0.045832036558621565,0.99823283034989718,-0.037823813088084524,0.0023844695676553691,0.037972815414440579,0.99927592765681161,-13.029690820615095,6.6770857028062318,-1.3423574501101416,0.2853672852360669,0.230098109605326,0.8876404494382022,True,5
0.91732003114800098,0.39786356012124335,0.015117803487294575,-0.39651563326564326,0.91633175164047742,-0.055780583641986473,-0.036045984943910689,0.045174201300570559,0.99832859245154315,-15.102592021433258,-5.1429814327451808,-1.9404955457613333,,0.1009186328315543,0.4285714285714285,True,5
0.9280375448555227,0.37226354111121729,0.012890744659283793,-0.37156017469708436,0.92761407205489566,-0.038407940647824851,-0.026255512137566894,0.030854323604185031,0.99917899237189833,15.230922773213603,6.2910601207985843,-1.7953618465056591,0.2836331099982567,0.2638416446885567,0.9452054794520548,True,5
0.99694748198992844,0.07805200884043545,-0.0018979119877531331,-0.078049133736902393,0.99569501516234005,-0.049997694984731347,-0.0020126790255270135,0.049993206506881417,0.99874752987243975,12.660007523346248,-5.5835316476941932,-2.198526496730159,0.3025749129380373,0.2799460692933439,0.9829059829059829,True,5
-0.70561773485677859,-0.68743771258713848,-0.17185169061884037,0.70684352539543283,-0.6658314509013582,-0.23883196937836892,0.049757842217553618,-0.28999632808633419,0.95573337643628309,-6.2762230328030251,-8.3510878768179815,-2.2091746675988779,,0.47531874837058,0.4647887323943662,False,5
0.83746259173403159,0.54611595134833557,0.020341463295999593,-0.54497386888523325,0.83732829747349136,-0.04341433498749464,-0.040741743683609798,0.025272315545828816,0.9988500490006359,22.523838745776235,-18.081591596393757,-3.0593903174710184,0.3120462755987142,0.3189278173017296,0.9791666666666666,True,2
0.91145481942578632,0.40983319487859388,0.035872893960641881,-0.40543263933788187,0.88001449356597572,0.24738404571301278,0.069817527205035992,-0.24002342279332556,0.96825320521315617,-6.6647303427321596,-7.1344334981689093,-2.1251875967560649,,0.4452269761596404,0.2125,False,4
0.83798118911158836,-0.54539069111074745,-0.018344501761300681,0.54342885608277014,0.83708651052366145,-0.063017872670319303,0.049725296094656868,0.042838860268004819,0.99784378886639258,9.7930364417086952,-2.569997780404369,-2.0295479363373601,0.251798272629113,0.2331944423085852,0.9586466165413534,True,5
0.97240445371908868,0.23327095540721501,0.0037735594187377998,-0.23285124423854084,0.97140530103762379,-0.046390076229381266,-0.014487113026583651,0.044231238727957201,0.99891627330660016,9.7459821644300764,2.108530990618311,-1.8132258322383226,0.2952739259441295,0.268391293711736,1.0,True,5
0.9176944308336783,0.3967202443453548,0.02121271654960899,-0.39612970871567188,0.91778845253914765,-0.027305864912766667,-0.030301575696471229,0.016655452931677996,0.99940202641277054,-9.0428122354973777,-5.9434013324392119,-2.0135229413496152,0.2995771956106176,0.2455637933106736,0.847953216374269,True,5
0.94171751053445329,0.33638144831236233,0.0039562082945090553,-0.33589116756065651,0.94086445809109731,-0.044172333600170907,-0.018581009324871077,0.040269004609294522,0.99901609264327951,-3.4158554121323372,-23.444990340685123,-3.035589921359882,,0.2724871229790019,0.9183673469387755,False,3
0.59618859123556278,0.80230477130918654,0.029431575137428723,-0.80038706751725275,0.5968303000260663,-0.056339463273348739,-0.062767076016717632,0.010032293123245238,0.99797777894249828,16.238908860795622,-6.863454848185035,-2.2622265160056747,0.1835735624731662,0.2493719041716798,0.7555555555555555,True,3
0.83892385930623137,0.54412535929846195,0.011591016135767129,-0.54271280499668773,0.83796540694508992,-0.057243235897159891,-0.04086036685306392,0.041732123498218303,0.99829297317418975,-9.4105230133968458,-15.001077355086013,-2.4241178239887349,0.2867043892634532,0.2478146776271368,0.9690721649484536,True,5
0.9812539897989212,0.19268437243796671,0.0036524131592645219,-0.19237494648611281,0.9804582709196672,-0.041151657921420386,-0.0115103200721875,0.039677595736175464,0.99914623600773889,10.508940930783426,-12.846793083792347,-2.4167226824533135,0.3054108277282442,0.2862008894490588,0.9776119402985075,True,5
0.99985952572013448,0.016026575281868717,-0.0049069044664969749,-0.016282563788930698,0.9982098487764125,-0.057549769089299617,0.003975794658698426,0.057621581811912265,0.99833057970109573,5.2576763492747878,0.091828254721165306,-1.8792672930709955,0.2703386388896395,0.2396404015179547,0.900990099009901,True,5
0.99910700016498533,0.042189603877641257,-0.0022890054545983158,-0.042250162286939438,0.99805968406755086,-0.045736099808654479,0.00035497612700988862,0.04579196833100363,0.99895093454499595,15.006457249136723,2.7713200548446686,-1.9257925491504027,0.2766726395242297,0.2618265118872737,0.927710843373494,True,5
0.87349420883253037,0.4857236964821951,0.032868796931202482,-0.48548896753892407,0.8741086002073577,-0.015317226952792043,-0.036170838171400148,-0.0025779292477386417,0.99934229608616687,-6.873969837925519,-23.980290565706362,-2.9524011848273557,,0.1560609187526567,0.64,False,2
-0.19267564301701842,0.97569413957770834,0.10438890066330833,-0.97759373378455017,-0.1816753455048575,-0.10632290675518691,-0.084773747429024188,-0.12253576959160223,0.98883689095696337,24.171138155873887,-5.0623841071645037,-2.4766701430101516,0.2671835362434321,0.2109390164531328,0.9272727272727272,True,3
-0.023093292818326016,-0.99853916764985606,-0.048849058291254341,0.9960343119853774,-0.018780985977733415,-0.086965072951861622,0.085920598081167254,-0.050663648060907451,0.99501298764917534,-4.1517571378668316,-20.393990875054651,-2.8392599347482861,0.1130857335437827,0.1724145346218337,0.3461538461538461,True,3
0.99693844888927574,0.078177897500928406,0.0013948005520636698,-0.078188664287151391,0.99664171108392641,0.024327607870385244,0.00051176482570421036,-0.024362185247601208,0.99970306692873823,-11.693254698033019,19.100880310131856,-0.92743785846352511,0.2815069605929551,0.2057685268864221,0.4782608695652174,True,4
0.94357876121239281,0.33074493290066509,0.016337403386779935,-0.33021331458537007,0.94347366542802957,-0.02857638035761869,-0.024865402860826037,0.021569237453709138,0.99945809303653921,7.3406389455604781,8.822755803470308,-1.4656428910441937,0.2230419150017544,0.2314080335373324,0.9202898550724637,True,5
0.73783930504552897,0.67482104575821622,0.014481579047854779,-0.67317687871165044,0.73726841464714565,-0.057167951963710648,-0.049254947954205881,0.032432097765529522,0.99825953996771621,-10.200099108021037,12.704363380796437,-1.3028406626581499,0.3501218750406599,0.1998396498376631,0.8367346938775511,True,5
0.93824695249540002,0.34586975295982325,0.0081712985875124055,-0.34517751262274277,0.93744071182185473,-0.045358533910517265,-0.023348252882636904,0.039736957689866806,0.9989373520300876,-6.7945147821657308,-18.116356499965924,-2.6562673182673255,0.1124485420521871,0.1059949951345921,0.3947368421052632,True,5
0.99772406890497123,-0.067077167947250618,-0.0068801066769138119,0.066560876801178392,0.9960583093032791,-0.058630147086225048,0.01078573164730769,0.058038762978464345,0.99825606433658243,7.3317373092167513,16.921542913126675,-1.0530657065786644,0.2071513789945291,0.2050499144267268,0.9148936170212766,True,4
-0.7965623842776266,-0.58143901519338292,-0.16558091546096723,0.6045383717464361,-0.76819189423879386,-0.21074764699037954,-0.0046610127773449818,-0.26797366519261367,0.96341496237245905,-10.614971764436754,18.393248799116336,-0.98535404200533083,,0.297431747463147,0.4186046511627907,False,5
-0.46659512425587468,-0.81747160544259745,-0.33768204618508868,0.88127949203022748,-0.39728955795642706,-0.25594425968505691,0.075069614009864866,-0.41701460578004945,0.90579433185382674,-8.6761861706399408,-3.4941845561623692,-1.8599855791697744,,0.4620876527292588,0.3478260869565217,False,3
0.8696365315744865,-0.49091823771095561,-0.052264584891369759,0.49020524808859028,0.87120201699663979,-0.026568032057160941,0.05857574325180305,-0.0025158425539718635,0.99827979686996704,-14.919527320144313,4.5665634793483978,-1.4301986596388805,,0.1484538497637975,0.3703703703703703,False,2
0.93524641779451745,0.35312944434821286,0.024773646014358122,-0.35387262745085957,0.93076694394469195,0.091907886499926705,0.0093968900997860507,-0.094723236822760015,0.99545929442758796,3.4440852061089453,10.775792899002665,-1.3569872469747317,,0.226031830017834,0.2558139534883721,False,6
0.98393516149813764,0.17852610794193294,-0.00016355653698660062,-0.17831868494459188,0.98274697997459726,-0.049100101328216655,-0.008604915296902365,0.048340481316543268,0.99879384924959347,-18.435006589209827,9.089066908284881,-1.264647349761429,0.2417499050596885,0.1940917188732534,0.8,True,3
0.81244135480922364,-0.50511947107852007,-0.2911930028917406,0.5806931636540591,0.74581609122692649,0.3264258074240281,0.052292396016945235,-0.4342956113114026,0.89925125927877481,14.193796101972692,-18.50237392919723,-2.845283164312618,,0.5554222395943684,0.24,False,1
0.63634147503742433,-0.76278826609132222,-0.1149938618387487,0.76340380165421617,0.64412087278955055,-0.048196855257553184,0.11083394230597925,-0.057117093327843843,0.99219628848463903,-9.3020210062887578,-9.201702274764644,-2.2208746527404073,,0.0958004324119067,0.2678571428571428,False,7
0.60946232161782421,0.79280614619354428,0.0037540759117971178,-0.79032259600847721,0.60791466578472664,-0.076354131271758011,-0.062816182362769132,0.043568035089773374,0.99707369514584154,14.246945893318902,-10.70507656266259,-2.4717368047935167,0.2070046996487583,0.2249651644688469,0.9770114942528736,True,5
0.37603931148325109,-0.814992071472601,-0.44088814869080056,0.92324226799936593,0.37003679548435936,0.10342381044543322,0.078855252194062447,-0.4459379928022113,0.89158351026527249,-5.671347556798918,-5.9888433498669533,-2.110905408916214,,0.3618402914236636,0.2962962962962963,False,2
-0.36624834612029361,-0.92933482900776188,-0.0468926919387588,0.92722697610332727,-0.36025556906313339,-0.10230376212670604,0.078181095863573358,-0.080948752628510215,0.99364732963836766,-16.976218401253536,-13.096049904583502,-2.2502207877466591,0.2283147312810556,0.1841888481624316,0.1363636363636364,True,3
0.92871541945008329,0.37063313012999027,0.010897363245378353,-0.3698252533484136,0.92801294579564808,-0.044958363198239967,-0.026775953044433441,0.037723405012390895,0.99892942345935165,4.4220807164860663,6.5934448021519261,-1.5612332807061935,0.2292713483346692,0.2234878568743261,0.8936170212765957,True,5
0.1820852308259184,0.98246980274791595,0.039975685154167502,-0.97987101038757951,0.18468721779303277,-0.075785451017295821,-0.081839915182617837,-0.025371603661219211,0.99632249297632636,-12.2131576924422,5.6647335745828125,-1.373281979321789,0.2359262463339384,0.2043260580540026,0.9101123595505618,True,5
-0.83253728923831649,0.54134421266253907,0.11759296511480527,-0.55170888863812584,-0.791089405071986,-0.26418715975712326,-0.049989641180950187,-0.2848227459309165,0.9572758427825141,-9.7918171486700913,2.998676190820933,-1.5307369051802497,,0.736184227675097,0.5155555555555555,False,1
-0.092358550043121213,0.99549933884988706,0.021235926713284937,-0.99224533711417451,-0.090233160589642258,-0.08548197298368615,-0.083181062803453693,-0.028966240340153791,0.99611338095191071,-16.361552066602187,9.8685113734726606,-1.260037549621027,,0.1819150892811843,0.4857142857142857,False,2
0.6965582658386853,0.71666698925257177,0.034568899425061014,-0.71533025982541487,0.69738941348488293,-0.044165884314904286,-0.055760215834500984,0.0060359319800142022,0.99842594410162666,-10.085107719115493,9.4577319456718261,-1.3663907650429534,,0.2666363685579112,0.782608695652174,False,5
0.064545176840162852,0.99649015455211387,0.053303771230339782,-0.9945251480568893,0.06863296424224466,-0.078798769671521496,-0.082180593993319576,-0.047925860451608612,0.99546444530725364,30.958212794094077,-7.3072008399102026,-2.5900668767648765,,0.3049875012370477,0.7142857142857143,False,1
0.9023442620736537,0.4308779037767651,0.010911679050169943,-0.42985144967650751,0.90147749615432282,-0.05065624481085558,-0.031663289686290869,0.041018970785153493,0.99865653761539475,-18.241957025603451,0.79731493981410351,-1.5884259841012691,0.2889879583946109,0.2474419632108665,0.9615384615384616,True,5
-0.20954910504176297,0.97618462379305215,0.05614937974916398,-0.97312723414662994,-0.20259779091584051,-0.10944186254881408,-0.095459723120949636,-0.077573934965560282,0.99240602873805261,-12.020937952654876,17.187837209584764,-1.0720018031118568,0.261745737725946,0.2765558404341007,0.7241379310344828,True,4
-0.86197535051074636,0.50647316196006609,0.021987071793427283,-0.50546735741617155,-0.85533050034854297,-0.11363311911684726,-0.03874591202422295,-0.10906269475711711,0.99327945861863431,4.1443340895691918,23.403289371373365,-0.81850239525070023,,0.1137707916926813,0.2222222222222222,False,2
0.90494330321542182,-0.42457627761424283,-0.028506182711727508,0.42337191359285598,0.90506829871358807,-0.040094855585398825,0.042823366825651195,0.024214853931504472,0.99878916699311049,-14.493779996389971,9.4060319771820886,-1.2604949593558374,,0.1599931142069564,0.5161290322580645,False,4
-0.53742066348430273,-0.84204249602622838,-0.046297573867454901,0.8406471174623088,-0.53055012907104138,-0.10876113480933247,0.067018313634441135,-0.097370403247711373,0.99298919944225728,-14.169845570426208,-23.282131408757788,-2.894663551033434,,0.1335523875238127,0.28,False,1
0.47343040899989941,0.87505972083707706,0.10066843002016888,-0.87656906604710105,0.47928195101548199,-0.043766241329439098,-0.086546636465559157,-0.06752256215022269,0.9939569323251225,-19.543367233278016,13.860252366041935,-1.1578527305238167,0.2658486566289206,0.2077833895821417,0.3076923076923077,True,4
0.57085982949291536,0.81995173708011915,0.042405234707706088,-0.81846984411816737,0.57239747851589884,-0.049681393477079741,-0.065008994304658257,-0.0063462940317143184,0.99786449742014605,-17.246036188215921,-8.4929103568658686,-2.0326439143738466,,0.129496452468628,0.71875,False,1
-0.7705219425157126,-0.63666980495556902,-0.030781415816225455,0.63589733227677625,-0.76446359924618901,-0.10597163880417226,0.04393767068350906,-0.1012272931842042,0.99389260798614809,-2.6315595714261573,-24.244727829531861,-3.0889857225241841,0.2094837869934661,0.2158766271466906,0.9615384615384616,True,4
0.7914232301371833,-0.60962924721502032,-0.044737587544210873,0.60830995356061746,0.79267257238992483,-0.040363267704930414,0.060068887107284134,0.0047301079044949042,0.99818302674454717,-19.92646332818634,0.25568209347194371,-1.6176770636588145,0.3512639357323142,0.2794403749630782,0.8703703703703703,True,4
0.91269916975014187,-0.40793801390415185,-0.023807611164064116,0.40686139094067159,0.91261848094374531,-0.039891312359389829,0.038000448671367149,0.026722369877472868,0.99892035761060916,-22.251112395519524,-5.9383916517374526,-1.9167867527637639,0.2776774541263845,0.2226915557061537,0.875,True,4
-0.0060828082317685266,-0.99335924289914179,-0.11489305458059861,0.99656042857566984,0.003473914930947712,-0.08279640156510773,0.08264569947125841,-0.1150015063462102,0.98992138167483268,-14.134384028641716,17.154314888089992,-1.0573718014070266,,0.1594821117998064,0.2941176470588235,False,1
0.24759194879692017,0.91671677202710133,0.31357389364415578,-0.96783597244052211,0.24892546401462592,0.036464281361542665,-0.044629108674202986,-0.31251635677083545,0.94886340924794399,-6.2669230747501539,-4.7754947044435339,-2.0044588707394628,,0.6762980029437405,0.3698224852071006,False,3
0.41701786082418801,0.90250915692016376,0.10757939128324653,-0.90611010455209473,0.42208014823492995,-0.028510119160956839,-0.071137769027504794,-0.08558954457896828,0.99378762704943879,18.372481285560507,14.02830098643919,-1.4372466339730616,,0.2165858670914562,0.1875,False,4
-0.18534843311134647,0.95302584768551379,0.2395572833091856,-0.97895828429438392,-0.15790048013596136,-0.12925987770468439,-0.085361794466645699,-0.25847470285531143,0.96223915531914062,-3.5032993124575555,-19.946731988617689,-2.8091361660284186,,0.2048536021925398,0.3428571428571429,False,2
0.99980016333259059,0.019021957226976909,0.0061480519987624372,-0.018814956748350209,0.99930643064162405,-0.032134951079059143,-0.0067550575631992521,0.032012854005084822,0.999464629877299,-16.056215994088589,-11.378145170687283,-2.1953451551171841,,0.2561017192602071,0.6785714285714286,False,2
0.60022219291318379,0.7993663426587212,0.02732708105358626,-0.79713902388044156,0.60065304246310858,-0.061524785141829991,-0.065594936858160827,0.015145058739784188,0.9977313924370339,-9.5964661258887514,22.034673808004726,-0.79314436969486368,0.2723318900826439,0.2216438045320168,0.7441860465116279,True,3
-0.19998256603820297,-0.97774829995557033,-0.06336588368174266,0.97738511014632834,-0.19453487202074332,-0.082912785697518393,0.068740961187820013,-0.078513982842964819,0.99454021273808213,-11.082489147671366,20.900457634303276,-0.7962473054927367,,0.1457407013180042,0.2608695652173913,False,2
-0.034074324353828699,-0.99778238947131559,-0.057177300397478821,0.99600622369999159,-0.029178240385656824,-0.08438147094522834,0.082526012691233719,-0.059824188660693743,0.99479169863865358,-13.251901969209934,-9.8424451918196976,-2.1519209855177865,,0.1421100187713202,0.5185185185185185,False,2
0.99576747018572676,0.091039578876988936,0.01260715661114023,-0.09112497293977509,0.99581907764396516,0.0063721195097690281,-0.011974331991495456,-0.0074939761290014643,0.99990022286982938,14.285239670061054,18.434179604201187,-1.1483180456223234,0.3125740636580713,0.2082513838638479,0.2105263157894737,True,2
0.66619510386454139,0.74292425662341199,0.065173863683714486,-0.74349479838169175,0.66844731338645424,-0.019841219866701697,-0.058305817602364973,-0.035238305109382626,0.99767664776055454,-27.920133033570529,2.1353798467241969,-1.5325353422668844,,0.4476093547674319,0.5576923076923077,False,1
-0.45725774508128708,-0.84238040561156635,-0.28515014782544013,0.88647736129242105,-0.4060452814834028,-0.22200251642963628,0.071226697797970695,-0.35429152068142666,0.93241850898297785,11.866080597118648,22.090495104241125,-0.87892426750818009,,0.3763255384460514,0.28125,False,1
0.08929247004182754,0.94296177475559051,0.32070227025017567,-0.99263263225170784,0.11072683212675657,-0.049193760134992458,-0.081898181804454212,-0.31394690633443173,0.94590170092888848,14.900322500913695,-17.740721105527982,-2.8458038159151258,,0.121233833122749,0.4545454545454545,False,1
