axis_00,axis_01,axis_02,axis_10,axis_11,axis_12,axis_20,axis_21,axis_22,location_x,location_y,location_z,dbh,dbh_approximation,score,reconstructed,number_clusters
0.45082436565885614,-0.82746432428815697,-0.33475391462779658,0.88477638609017251,0.4638360093143104,0.045021140374155277,0.11801753236491785,-0.31647898586433676,0.9412294691310813,7.1216625824399316,-4.9347959372190342,-4.4221256051784525,,0.4553496614681335,0.2784810126582278,False,7
-0.39913318012115889,0.91675543809810489,0.015879900626895507,-0.90444981994651841,-0.3908138767352648,-0.17098256329187786,-0.15054310919161482,-0.082607387494718867,0.98514607637964891,-15.233593803505171,4.5407797486152903,-2.5247818042915928,0.3617387824899331,0.3479807676267627,0.9903846153846154,True,5
-0.46421997672873422,-0.88263353410682166,-0.073877315030235716,0.87622305156296254,-0.44546060012404531,-0.18384237173953177,0.12935600919812099,-0.15007630794775212,0.98017555809003354,-4.0392430514929778,-13.097733381815058,-5.1188787291401363,,0.09197608262378609,0.4666666666666667,False,1
-0.61725110266232974,0.7802862559746494,0.10076921652569787,-0.77475329324243247,-0.58052389850367747,-0.25049817938679347,-0.13696134809552774,-0.23269155980214851,0.96285836296139637,11.663425013942714,-13.169942192253803,-5.7177531590857162,,0.1837399580910121,0.2727272727272727,False,1
-0.99908651412462313,-0.033520335669323449,-0.026505176681627982,0.038069699950930617,-0.97991996094934741,-0.19572319249050482,-0.019412244588263107,-0.19655344624209714,0.9803009270272065,-17.494206039102686,-8.3016702350671334,-4.2800884973978954,0.2966037731445095,0.2325115104047709,0.8028169014084507,True,4
0.73751964782147028,0.67532255723548118,0.002052502429801293,-0.6690071404510618,0.73103061426200755,-0.13425232600295825,-0.092164066223161201,0.097640589411584766,0.9909450540754372,-3.4560583474272946,-0.60500503072399892,-3.4613076484377028,0.3639555865344314,0.3033766366257003,0.9421768707482994,True,5
-0.86991751101635451,0.49176936132756766,0.037502257086569429,-0.48326924877790739,-0.83475819460444489,-0.2638741929904565,-0.098459926938567671,-0.24767246879740948,0.9638277807715695,-1.2709206853024395,12.038024818089429,-1.7962513657263193,,0.3188633089897382,0.44,False,4
0.96252062537080796,0.26998496142576761,0.025732592945836512,-0.27105808556574529,0.96080640729452194,0.05812539850381318,-0.009031056705752185,-0.062921922298358815,0.99797759078501269,0.74841917952249726,-11.126860260836308,-4.9564417699604988,,0.3051956605649341,0.6777777777777778,False,5
-0.01120869067483094,0.99979671782137347,0.016759722162522264,-0.98773514316924549,-0.008459940542168122,-0.15590932093512749,-0.15573584109570143,-0.018301705921360503,0.98762917907410097,8.5209253172972392,10.563797231794553,-2.2035178793326713,0.3539728026859205,0.3193651371597374,0.8818897637795275,True,5
0.81539595270014942,0.57886037595215634,0.0070785219322671601,-0.57491977839834818,0.81115608776862491,-0.10720564202640775,-0.067798884405360887,0.083345464354266957,0.99421167004062172,9.7525521939757773,-16.787078502889909,-6.1213284037444708,0.1703377242298209,0.2292846969050505,0.9047619047619048,True,5
-0.12879285854283992,0.99150787431917853,0.018014848082284301,-0.97879990397051297,-0.12418278312558428,-0.16287843430760926,-0.15925811620033095,-0.038610510722442426,0.98648166779016944,19.82836416797263,7.6547454150925214,-3.244719395508517,0.3165704598880473,0.3092804631933392,0.9866666666666667,True,5
0.22807497221591794,0.91264055835208424,0.33921824582339838,-0.96229531228705745,0.26433162760185108,-0.064160132478901538,-0.14822125016023216,-0.31179480736560011,0.93851715972633443,4.9794998027751234,18.139697446617241,-1.0477295646230114,,0.3588845100565159,0.2272727272727273,False,5
-0.21956663821084627,0.9755905745916329,-0.0036772479868951852,-0.96262780387535118,-0.21725871616127532,-0.16169836566296864,-0.15855031564430283,-0.031963745398876163,0.98683337823017048,0.13963566260628779,-10.301319869515385,-4.8283370273551096,,0.2174912101133507,0.8163265306122449,True,5
-0.19483114298596033,-0.93706498922780557,-0.28974131856930341,0.96612182390707269,-0.13236681507082376,-0.22155732359477287,0.16926147551423754,-0.32309167775029535,0.93110811438588825,8.1836896147096105,11.472328177219472,-2.0563317917445492,,0.3276251291265265,0.3095238095238095,False,5
0.32231146252257165,0.94640387700551509,0.02085719816973727,-0.93655496969699537,0.32200901148400929,-0.13847377101441324,-0.13776831951657775,0.025097771056848673,0.99014644978687771,22.207436343756388,0.011444350263591363,-4.4221589417001139,0.3562480816800945,0.333276952497265,0.9866666666666667,True,5
0.35343516949487835,0.93321332187375194,0.064780219523294783,-0.9249890875083282,0.35897218845532608,-0.12463609391386961,-0.13956636039762457,-0.015870217167813547,0.99008553532127208,-0.95187478715538942,15.121268164372918,-1.3102195259273888,,0.231612183289191,0.4615384615384616,True,5
0.99271198719306586,0.11615868395349181,0.03209471335576719,-0.11872442858062059,0.98836223627739628,0.095103101731494721,-0.020674151527962602,-0.098220415611718584,0.99494991301857083,6.7646642302172859,17.93276925695362,-1.1451105002074506,,0.3805927485537512,0.3461538461538461,False,4
-0.28878346156652829,0.9573831040988986,0.0046587886420052516,-0.94415214377799828,-0.28397921211260113,-0.16713029793342715,-0.15868472429652244,-0.052663071253618139,0.98592381003862228,-7.7748595030252288,-5.4652413612805457,-4.0056533805819559,0.3099343101467557,0.2655215576638485,0.9942028985507246,True,5
0.70998265940785243,-0.66008132117515328,-0.24539207969251775,0.69226964987389361,0.71811163459513228,0.071262978625545509,0.12917954638266596,-0.2204729681724556,0.96680107317979203,-0.44283863822828928,-11.847518850232767,-5.0380634439305538,,0.5820594085429962,0.3076923076923077,False,2
0.9211943350075088,-0.38830185392244537,-0.024953304199325059,0.38049691581890038,0.91237883273801446,-0.15095351146601832,0.081382394916694883,0.12956286432465319,0.98822586992327499,9.634187557866678,-11.672314534385304,-5.4141165516272656,0.3243027497653942,0.3103917306096617,0.9929577464788732,True,5
-0.053869653044001202,0.99839289212408078,0.017598108904999785,-0.98667897236237601,-0.050511881686269355,-0.15463878978586665,-0.15350135497396777,-0.02569402196281528,0.98781433035592792,14.065836521627586,13.722007814035312,-2.1082827522988796,0.2519833899189237,0.2241905731760185,0.9827586206896551,True,5
-0.95329226941773237,-0.28472001292907134,-0.10083830277261087,0.30068848848232377,-0.86289487423333289,-0.40620052796132322,0.028640564984068771,-0.41754873998074987,0.90820304325513235,11.212838798376723,11.568161986571509,-2.1843145885965791,,0.1775697548000958,0.3170731707317073,False,4
0.57049163103445266,-0.78707839262284496,-0.23462076375693594,0.80956145906626309,0.58703454675680133,-0.00082759201261944915,0.13838187350282752,-0.18946779351719573,0.97208662798413847,-2.5427058821191029,-9.6265960155140302,-4.6972188020488721,,0.122185193511991,0.3333333333333333,False,4
-0.94856467936198907,-0.30164162814966328,-0.096111275270429633,0.31521906023752022,-0.87174570518968453,-0.3750951473244023,0.029359719512669892,-0.38609811402098393,0.92199037588229626,-11.977782754081369,-8.108712576375682,-4.2889815945376339,,0.2359546913379206,0.3333333333333333,False,1
-0.8105109964679571,-0.58472739265266782,-0.034143826471752001,0.58096574341996765,-0.79514550062039924,-0.17384601754316961,0.074503218568090251,-0.16074050244026408,0.98418075641532843,-16.714237927842593,-4.5963779684790778,-3.7436032648050732,0.3065678459822177,0.296164519084449,0.9457364341085271,True,5
-0.99844286226999013,0.051603422230916907,-0.021188147539786446,-0.047138550003058777,-0.98358113466173591,-0.17420134511863392,-0.029829647763913947,-0.17293131107925477,0.98448207386558928,-4.3054607841683836,-14.164585372041643,-5.2950098360347209,0.1877431085542658,0.2176974224502363,0.9090909090909091,True,5
-0.10837867105739121,0.99383501327597601,0.02336728581962352,-0.98140802337479105,-0.10321885819933248,-0.16181520005121069,-0.15840566692963057,-0.040470158126306582,0.98654437861953936,5.9863401126111837,-9.544044489827133,-4.995147615681268,,0.215795926062477,0.9617834394904459,True,5
0.41586946355103671,0.90607585728478635,0.077968776644319088,-0.90531463092888731,0.42060725558667994,-0.059118149276962698,-0.086359760953031828,-0.046000841225788021,0.99520144407785838,-0.23480709181985063,13.729471055420136,-1.5585763724376422,,0.1978301796183255,0.4482758620689655,False,4
0.57832324090731169,0.81498319360966909,0.036669103619353577,-0.80792856056679407,0.57839080511420704,-0.11276310380530633,-0.11310910682580147,0.035587507542993391,0.99294504342382717,19.990650931960655,17.615713816395786,-1.7949596915116017,0.1836173144340087,0.1640290175887335,0.8095238095238095,True,5
0.98168004946249499,0.190446084892615,-0.0058795609009868813,-0.19033618810024994,0.97876362126632011,-0.076117732395978022,-0.0087416238068120117,0.075842352513053782,0.99708150197388878,5.9206460693869509,-18.912048974075489,-6.2626901660129954,,0.1248593586648098,0.64,False,1
0.91332897743892782,0.40711976382912818,0.0091475062217826267,-0.40432965870025628,0.9092847443157912,-0.098583877231016165,-0.048453132671651779,0.086340903714756917,0.99508670088591933,0.37475401809192088,-8.2796014983009965,-4.6209921781341441,,0.0996136359754333,0.196969696969697,False,5
0.41284025353216142,-0.90877185961639706,-0.060799936125433454,0.89823623754089044,0.41728664551012179,-0.13799825016026679,0.15077992781496619,0.0023585267151233647,0.98856454049285447,4.3036181500798829,-12.491878540998036,-5.3172441157375099,0.1138001133899633,0.1471545019920107,0.6415094339622641,True,3
0.52432261092576937,0.85138347195233077,0.015230999913946235,-0.84265437180982927,0.52135511992754435,-0.13461964416502384,-0.12255369982895722,0.057749654645981384,0.99078028242719074,-8.0588481581993143,-14.961637922637648,-5.3407802967952707,0.139090200805125,0.1510374066116322,0.6885245901639344,True,2
0.6840551917067369,0.72883500633703568,0.029462318930347703,-0.72274915663447292,0.68269082355672095,-0.10754950495285928,-0.098499498898312082,0.052275931069088108,0.99376308834029581,-4.8851772362939716,-8.8801364740937512,-4.5436038560385983,0.1398532027761253,0.1593525842721878,0.7611111111111111,True,5
-0.99588132427083087,-0.073797558073523492,-0.052671703892721071,0.090356075879472572,-0.85584065690205391,-0.50928631391892454,-0.0074944993322142994,-0.51194793721222021,0.85898378451744573,6.7323883115748986,15.62529305084686,-1.5074846241200386,,0.145032581178125,0.8888888888888888,False,1
-0.30423601606152162,0.95230920339450709,0.0234014457060569,-0.94019572463456791,-0.29623386344454467,-0.16815914345523816,-0.15320719927566742,-0.073162007072242213,0.98548205199854777,14.730058721735773,8.0171948345399073,-2.9517882186239706,0.2928583014441986,0.2568691597340627,0.9655172413793104,True,5
-0.97689345841139053,-0.20857436407507243,-0.046646602917178953,0.21257494494317619,-0.92557517705058323,-0.31324508680933499,0.022159957027021747,-0.31592297523045287,0.94852601968849581,2.4838677920264733,12.389839266773855,-1.8270929522306878,,0.2573959330596757,0.3653846153846154,False,4
-0.28220159988688581,0.95935502913744253,-0.00043022085032895854,-0.9466355990278128,-0.2785328092547667,-0.16217434082462881,-0.15570260008919934,-0.045358596068945919,0.98676202708055116,-13.276207729946881,-6.4085933761191081,-4.0531091643514108,0.2794203788355304,0.2539592099051158,0.9542857142857143,True,5
0.82793339952962941,-0.55791461365105088,-0.057075124335480093,0.5512646138308942,0.82830462346311617,-0.10009383741020791,0.10311940399937757,0.051407534702850706,0.9933396467948864,-14.936602887430341,24.00194876602168,0.19622138230265829,,0.1709182272389475,0.3333333333333333,False,3
0.93611311446111656,0.35113019313054838,0.019995609668433629,-0.35005148609764858,0.93571744304300852,-0.043552541439991183,-0.034002853038183109,0.033770612330223229,0.99885101578168589,-5.1758596166570472,-12.014037916519825,-4.9734631841367074,,0.1300064969065239,0.28125,False,3
-0.35200052668554194,0.93596365125261183,0.0082263446913982165,-0.92388040953296746,-0.34601964191178769,-0.16344845148375009,-0.15013533259795545,-0.065134099710664584,0.98651757762372616,-4.857258117256527,-16.97991177932192,-5.6888787783569557,0.2478506114881275,0.2051096318776932,0.6842105263157895,True,3
0.1121720599417193,0.982230943066424,0.15046528985541929,-0.98182203762102183,0.13288594786196689,-0.13552420928576514,-0.15311079455785148,-0.13252810774952853,0.97928207644487886,-0.9450980641183393,-10.398266402328982,-4.854524665807137,,0.0841049696268034,0.2058823529411765,False,3
0.32541127816274568,0.9455686682418224,-0.0027191329272664155,-0.93459622398103914,0.32119563741460683,-0.15285045183514887,-0.14365722454813409,0.052280552265754635,0.98824558976497145,18.358692385188682,1.9692374311327483,-3.8736541790559835,0.30326345046782,0.3074667001672875,1.0,True,5
-0.96553603956631262,0.25994163729862318,-0.013057622184497159,-0.25096199945404052,-0.94313207509177932,-0.21799074237936455,-0.068979932796663562,-0.20720095108755493,0.97586348160989345,-0.27546933171729349,10.238355521402497,-2.0657006895445744,,0.1035858064003398,0.2272727272727273,False,2
-0.31632786711583566,0.94860171915956215,0.009563414320654981,-0.9364949407055031,-0.31065030281419664,-0.16270714610748838,-0.15137340096246049,-0.060424893619850435,0.98662805844557633,-1.3843920507464886,10.581413935784528,-1.9759842524031241,,0.1474768972091801,0.4090909090909091,True,5
-0.9685311090004276,0.24889115673687609,0.00082643607281235321,-0.24161016412328531,-0.93939026549919258,-0.24324978453778087,-0.059766374247746806,-0.23579465893768153,0.96996332885616965,-9.3773518130879712,-11.236917987496383,-4.7535768094366961,,0.178290171075409,0.3513513513513514,False,1
-0.17116438917826293,0.98355159306183093,0.057697622678655053,-0.9713774547616344,-0.15867596288003702,-0.1767704137713772,-0.1647075962366123,-0.086302969761355652,0.98255951735878577,-10.37983665148435,-9.0741927283358592,-4.4286681364958449,,0.5050701143985415,0.6597938144329897,False,7
0.77358628252977057,0.63367700836458585,0.0042086282658859876,-0.62824964451665621,0.7677952597165254,-0.12566950036317359,-0.082865237865264257,0.094572132401375353,0.99206323595151535,-3.4704587971349055,6.4168944497114291,-2.4867757332756839,,0.3409906871611687,0.9872448979591837,False,5
-0.28112838357889292,0.95966881023221817,0.0016145010991403912,-0.94627470729085861,-0.27692377875349578,-0.16696526316119192,-0.15978426170283452,-0.048466436101340216,0.98596145679418756,-3.2973288607518869,-9.6884855552057019,-4.6932848890103296,,0.07774827711139425,0.3152173913043478,False,5
-0.3926063157945045,0.91968149940076382,-0.0067985629533107994,-0.90679929724870689,-0.38831992219934591,-0.16408129854540471,-0.15354255210695905,-0.058254422004326158,0.98642339135354307,5.8717881022083409,12.097706111255052,-1.9266926720022617,0.2730726606282196,0.2281104916342145,1.0,True,5
-0.3543787968489871,0.9348734284651935,0.020672230010326541,-0.92222137072458066,-0.34575535478156294,-0.17309239734532472,-0.15467194872613668,-0.080404647811000096,0.98468862128474366,4.2976965304767685,-9.1247700892577921,-4.8829149034209651,,0.7720987737834903,0.6328125,False,1
0.63402399341042792,0.75890218996681436,0.14859691061212288,-0.76427038276007098,0.64423300000268346,-0.029233948472924362,-0.11791674103225785,-0.095033192996533108,0.98846564655187463,-0.38489579459432571,9.9704402440125595,-2.0864851225779035,,0.2056825824472857,0.5294117647058824,False,5
-0.64812429698628449,0.76151913485032674,0.0048479802850735498,-0.7495758297737799,-0.63680981148333748,-0.18058056212534476,-0.13442831202906563,-0.12067257872178812,0.98354824877565128,-3.9998822280284294,-12.437119381839517,-5.0506707802716262,0.2356076834676863,0.2203556647178197,0.9307692307692308,True,5
0.62373574784586494,0.75053774314617572,0.21828149938143268,-0.77739520898746461,0.62471979263306676,0.073361227742153895,-0.08130440272517464,-0.21544901207836897,0.97312451273820033,-9.3480654591140233,-9.9432805048066388,-4.555842808270735,,0.4322870483032297,0.2592592592592592,False,6
0.69762989152540589,0.68801060967700545,0.19988480538081005,-0.70960948541616797,0.70200939269739571,0.060309126772265048,-0.098827691755145775,-0.18391360345691501,0.97796159117106507,2.2914319433479777,-10.197076179154415,-4.9018565529505125,,0.3504407325104791,0.1884057971014493,False,5
-0.45020992426956263,0.89029806256926725,0.06841333111758538,-0.88221187213153673,-0.43167050722651401,-0.18804995575903133,-0.13788849393391842,-0.14501700926516781,0.97977386690216572,12.109291583949245,2.5987656832826125,-3.5600656637077339,0.3611856023738046,0.3186810721240513,0.5283018867924528,True,5
-0.38261734247942486,0.91951314866109601,0.089997437037623251,-0.91053836016772483,-0.35877697176731355,-0.20542390122025334,-0.15660097029410308,-0.16054486590618469,0.9745262860149605,-3.0884776429468204,-12.768672977880241,-5.1464445988217573,,0.3164339510828757,0.3882352941176471,False,5
-0.32513552448457705,0.94534684680113024,0.024621737576789187,-0.93274297012912644,-0.31629331141862654,-0.17305806200965113,-0.15581220232329507,-0.079233076394906662,0.98460381738654879,-4.0454272317067606,-5.7827308438849974,-4.142290436149521,,0.1471121441404729,0.7247706422018348,True,5
0.97264497609559397,-0.230980815136515,-0.024690352668052119,0.22513584245654053,0.96350919703120186,-0.14478908687353584,0.057232883182533049,0.13526969459254209,0.98915444032135635,12.97346332534155,-20.112513999615931,-6.7506579068825605,,0.2907596259260068,0.9508196721311475,True,1
-0.018699666939115591,0.98862380174400877,0.14924242386663927,-0.98973505200290102,0.0028493514301632418,-0.14288599663102927,-0.14168574131923517,-0.15038237869395105,0.97842234790767557,11.509518853428354,16.444517714496122,-1.5480645689635071,,0.3202815903056373,0.3684210526315789,False,2
0.2516414092350393,-0.94062367845521266,-0.22782382818219185,0.95923676534760194,0.27368296859646724,-0.070444735116932847,0.12861348748740623,-0.2008101795965796,0.97115078263198507,10.539716320701446,2.0063854914380412,-3.5462289532054627,,0.5206947147695529,0.5,False,5
-0.0018437419848634055,0.99995104411947411,0.0097216243431473576,-0.98765083246751273,-0.00029789307734719324,-0.15667081536121036,-0.15666024939889905,-0.0098904309355301624,0.98760303038932973,3.7868497841786031,-0.087649343694392701,-3.5756821507450871,0.3046577228390501,0.2600298698696901,0.7936708860759494,True,5
-0.86025481893193945,0.509692275604686,-0.013245025228156411,-0.49912462275312269,-0.8471540728255621,-0.18222126071514488,-0.1040973461041669,-0.15014579942169742,0.98316833830737815,-7.4012500360380145,-12.728000724061587,-5.00906567442824,0.1408900643233263,0.1379159658102411,0.7777777777777778,True,2
-0.27661279734090227,-0.93054450101658737,-0.23994226800426752,0.94729638748235667,-0.22204969929872265,-0.23091878508303254,0.16160109718104596,-0.29117153478514629,0.9429232326763114,10.604745831134254,2.5774489594837235,-3.462726793683327,,0.3424050981722374,0.5818181818181818,False,5
0.85244523373414571,0.52168185974455306,0.034426162978221819,-0.52060477985496323,0.85304722133169908,-0.035792476450136584,-0.048039428349054704,0.012588700954932351,0.99876610772100427,3.8982626564849605,-9.150624099651564,-4.8671107881618392,,0.1410877776212037,0.1388888888888889,False,5
-0.70182474701296194,0.67786274975981264,0.21896145087265614,-0.70108564497464376,-0.60284111693744102,-0.38086940824921478,-0.12617821876489071,-0.42081430609912152,0.89832865750327451,1.6337318802725727,-12.826569509494792,-5.2651736711955968,,0.1213231276134406,0.2340425531914894,False,5
0.99789094116558563,0.064043258505158338,-0.010589172758252399,-0.064754388541857083,0.99351060225924304,-0.093506964248912694,0.0045319647210527586,0.093995447967008941,0.99556231199119316,9.8562864700230204,10.873383312676628,-2.2331313421447412,,0.2960331820176573,0.5869565217391305,False,5
-0.92613001184168575,0.37695322548137672,-0.013764699971498241,-0.36885956847054918,-0.9126713537340313,-0.17599323515695425,-0.078903865012046395,-0.15791537566835323,0.98429513572590821,2.0233452559486387,-2.9524205349102495,-3.9165583192216693,,0.2463679733534145,0.94229112833764,False,5
0.25422216744584142,0.96549703478276239,0.056449671432455967,-0.95555047555225603,0.25975706697425671,-0.13946166078456523,-0.1493130210363324,-0.018486264701803059,0.98861715530653194,6.547707109197356,-4.1342308890305022,-4.2860684783501206,,0.2310232386169052,0.828125,True,6
0.55965435136938246,0.82401317489384984,0.08825698043029416,-0.82036246451643768,0.56594760018159995,-0.081906902402690329,-0.117441192968361,-0.026563159639722195,0.99272451603862533,13.0278582133977,5.6789245809609898,-3.1107255113543428,0.3324085661392062,0.246148708927737,0.3035714285714285,True,6
0.72858042473924267,0.68183094105747932,0.065399789781453929,-0.67865635415236791,0.73150108438119099,-0.065815777118854238,-0.092715250392813142,0.0035681039523853351,0.99568627136201127,-0.075109795475968591,-9.2352742634371552,-4.698958054619478,,0.1807354186800281,0.1617647058823529,False,4
0.26635023265590912,0.96071149944711498,0.078044656410422811,-0.9557304778620892,0.27373660403796141,-0.1079237012674637,-0.12504722007964611,-0.045844153824040161,0.99109106862614416,-10.555985200733071,-9.928783239808638,-4.511234223025812,0.4499800997169319,0.2513887486926847,0.8571428571428571,True,3
0.99743718045049612,0.070064630481081872,-0.014492018855729163,-0.070750408683627225,0.99603155222056783,-0.053995616971999852,0.010651325084940429,0.054882552205930087,0.99843600432741797,-11.274877344801087,-8.1946217810760729,-4.2824180430903045,,0.1068740311922746,0.3,False,1
-0.086582512760977046,0.99624439177342339,-0.00076180312311102671,-0.98344642535656679,-0.085592381196820319,-0.15970933828192621,-0.15917473712052368,-0.013078843261593061,0.98716378930831561,2.8506541364186404,-8.074308353200065,-4.6785155619844652,,0.2639539960907343,0.9938271604938271,True,5
0.71384376730647736,0.70027783755802098,-0.0061665308527313542,-0.69396341864391209,0.70616984598000809,-0.14049527469856682,-0.094031109010528247,0.10457102301131797,0.99006214536493453,1.0342964442547915,6.0850917714075123,-2.6403205471897651,,0.2741823758056777,0.9908814589665653,False,5
-0.61865864003690152,-0.76109965809458657,-0.19490715111559334,0.77408108932337238,-0.54805209466467109,-0.31691855213226194,0.13438732923767141,-0.34693834031708248,0.92821001597612396,4.6294031420148345,-9.1693035455238547,-4.9014883278475088,,0.3332711921917678,0.2337662337662338,True,5
-0.99942386740791178,-0.025737019232339016,-0.022125530421859458,0.029115470176821319,-0.98514973688316509,-0.16921077186578343,-0.017441979583666695,-0.16975747924632298,0.98533150542755843,13.5534101200021,-2.0864925279043907,-4.2627484683077368,0.278662233877197,0.2386564025540527,1.0,True,5
-0.59426501047487024,-0.79531535437912904,-0.11967700035555373,0.79618464031643232,-0.56069636398255474,-0.2273974624769069,0.11375023450303805,-0.23041934490303409,0.96642009997979716,3.292006840112101,-19.748644990486394,-6.2882695532519541,,0.1343260484707508,0.4615384615384616,False,1
-0.85537742613437429,0.51320543742895441,0.070353662684256038,-0.50872186930834062,-0.80666634754858046,-0.3008179905192872,-0.0976294962967761,-0.29310336525872555,0.95108301358338321,1.4706709186194851,-12.567185167132267,-5.2236909584096143,,0.08379282835263921,0.2037037037037037,False,5
0.71558890754302729,0.6984596545145908,0.0093073313433769747,-0.69212998097251466,0.71077649343095139,-0.1255104211808227,-0.094279397751383706,0.083371982112453724,0.99204864183077113,-7.3325512053605575,-16.468876699782097,-5.551943489211701,0.144517235697305,0.1936932509166627,0.8695652173913043,True,3
0.54025021862932188,-0.82152122237462832,-0.18229805939468327,0.83138128372496867,0.55457729800849798,-0.035343763317136706,0.13013401685490975,-0.13246471878085625,0.98260787496107327,-6.1760095252797376,-10.646845685085765,-4.7506521189614741,,0.3271849662809591,0.1956521739130435,False,5
0.99904907257503373,0.034386476899313227,0.02680523817125216,-0.035322331646486613,0.99875380158724936,0.035258711009803267,-0.025559410674351597,-0.036172006047083177,0.99901866974772269,-2.9659777764596922,-5.5460165393723191,-4.1838261947152002,,0.5158963243074631,0.6394686907020873,False,6
-0.10308255817464805,0.99028884452985544,0.093284460656076235,-0.98492611002874553,-0.088525758420118908,-0.1486060156244936,-0.13890480187457449,-0.1071969892108332,0.98448680108994802,-1.8995881220087873,-8.5194433276258597,-4.5946932293647889,,0.2316688310736457,0.1212121212121212,False,5
0.27413805031787508,0.9502445192895056,0.1479313453199492,-0.94761241855081535,0.2931338999226033,-0.12689846699010646,-0.16394826493802309,-0.105393881589118,0.98082266294544318,5.6232199528008806,-10.696923804830286,-5.1299967464543075,,0.2277252112224601,0.3,False,2
0.60566365600441674,0.79500233041279256,0.033805775151468737,-0.78901801442057118,0.60552230779596528,-0.1038908450310547,-0.10306361489479166,0.036249543440936706,0.99401401493396535,5.3447902834752652,-16.367389305102591,-5.8357695512324526,0.3240171080109521,0.2368866759543261,0.4166666666666667,True,3
-0.26105777206636227,0.96529779775403257,0.0070000924967060143,-0.952346492758543,-0.25635661833499301,-0.16527988978199742,-0.1577497935791036,-0.049814113332085526,0.9862218597955984,-15.09346345085984,0.66979698562974632,-3.0884939772568782,,0.3045382321148081,0.9803921568627451,True,5
0.62310470926185968,0.78202559360440216,0.013285038328052869,-0.77440953295351744,0.61924030723778356,-0.12973556629842131,-0.10968316446205531,0.070550781992403472,0.99145962630550544,10.058943158790219,15.040761332488396,-1.64679018162623,0.2214278435968883,0.2015333223065647,0.8444444444444444,True,5
-0.41950335358020452,-0.90733567824752315,-0.027548199833569022,0.89784148578980771,-0.41025889370297119,-0.15990092724048241,0.13378192228292246,-0.091812891887372711,0.9867485952123598,0.71146371490851068,-15.051119409804416,-5.5521756881282478,,0.07497517705019682,0.3888888888888889,False,1
0.2268036921580488,-0.96191030273863176,-0.15260620796268604,0.96100333733670928,0.24648099131176748,-0.12537825389466492,0.15821716357963081,-0.118218824250802,0.98030181002667449,-10.210867666671872,7.3540088137404824,-2.2360890373443976,,0.2188861634831825,0.7297297297297297,True,5
0.41468037479267333,-0.90086832420091723,-0.12836062173906662,0.90136528110360781,0.42600297183745334,-0.077859476023620033,0.12482314201630566,-0.083413011197831788,0.98866650230504349,-1.4018183000014255,-9.9734119037843136,-4.7600271365039655,,0.1543132493896989,0.1428571428571428,False,5
0.035398264545584625,0.99922242943172324,0.017363737723406231,-0.98707582350486545,0.037674683958996188,-0.15576243719453994,-0.15629549423881053,-0.011625605754376381,0.98764192082530178,-9.8635916785341475,-1.4991665385146609,-3.4244920513477144,,0.2820800353344991,1.0,True,5
0.36184840496124471,0.92938722257515938,0.072836270779292209,-0.91916119924493656,0.36872245583995428,-0.13851512683444714,-0.15559055764927726,-0.016826796289973994,0.98767830658418498,-9.320202815722979,5.4122117690337115,-2.5298346502432536,,0.170685043419299,0.4523809523809524,True,5
0.97007287530569986,0.24280205476841671,-0.0024039127207313143,-0.24278730472951815,0.97006554494298947,0.0052118304499313983,0.0035973960457795513,-0.0044722158598993825,0.99998352887784847,-6.9058547212017025,-6.9984564472918116,-4.244539158427707,,0.2398293484461439,0.25,False,5
-0.93090719443047265,0.36523462062384093,-0.0039328431632022487,-0.35674116778912657,-0.91146506603234667,-0.20485890902545939,-0.078406215072770527,-0.1893016251922055,0.97878361251992441,-11.077270158767361,-13.439205208645886,-5.0620942316607636,0.1613430865471305,0.1394715300716483,0.375,True,5
0.68190451149301778,0.70318324857107672,0.20134437199608182,-0.71932951370256282,0.69459154535937195,0.010374768995724065,-0.13255673472858304,-0.15190755097857161,0.97946557266388379,-0.82692369419867007,-11.854652652369271,-5.0382839574410641,,0.5153164225176043,0.2244897959183673,False,6
0.96984914596328864,-0.24077701912824379,-0.037670427844624217,0.23962534671443769,0.97031665383411914,-0.032638696422247593,0.044410891527475849,0.022627822517322586,0.99875705472445075,7.6311557929385065,-15.680540286636294,-5.8636458798702682,,0.2142002669099748,0.1428571428571428,False,2
-0.64582444314346055,0.7631660323771533,0.022099675657181708,-0.75060420089562152,-0.62936710196748291,-0.20122222680135737,-0.13965715963130582,-0.1465423419587851,0.97929628804409907,19.402121468084129,-5.6774356652648805,-5.0179357120094252,0.2909778334104068,0.2146339941974106,0.5,True,4
0.92928088547524201,0.36935711205958877,0.0035156310032389056,-0.36591739132597484,0.92184237124349333,-0.12771493767514921,-0.050413278167006387,0.11739661984560811,0.99180468593029059,5.2910912489747073,-20.340953095770782,-6.4456274887479088,0.1373464432149241,0.2125918740778171,0.7804878048780488,True,5
0.87677255627255668,0.48070616832070928,-0.01383706275588284,-0.47754026561732876,0.86687926842645491,-0.14309307700426077,-0.056790661920947699,0.13206783753373932,0.98961250346170559,2.7828869565396164,-27.23858301664097,-7.3693357673444249,,0.2773285836249753,1.0,False,1
-0.74480667284595203,0.66711974156106668,0.014637981542553823,-0.65713595685208059,-0.72949664732998754,-0.18975504142554339,-0.11591097573674664,-0.15094996506725392,0.98172234045576856,24.23545645330351,16.664410516825829,-2.0908191041016804,0.2591460647707683,0.2737457245563095,0.7105263157894737,True,3
-0.52491992941581178,0.85114149268496953,0.0041505580471771115,-0.83848354900292033,-0.51626297369504748,-0.17440722474431955,-0.14630244616399338,-0.09503000274413545,0.9846648632021372,-17.161638817059146,23.225699110683522,0.099362085344097378,,0.1490562700185553,0.6086956521739131,True,3
0.77395231943651743,-0.62768201066169527,-0.08374425789585159,0.62249960206322674,0.77839608524823478,-0.081202092961620495,0.11615529548823726,0.010715780975497993,0.99317325747732776,-16.24830239875055,24.05343230736878,0.24797794096475118,,0.172533627046125,0.3703703703703703,False,1
-0.38665000550588968,-0.91776140918849947,-0.090640879555723669,0.91202931986223956,-0.36594805026581279,-0.18516086038434476,0.13676363900509583,-0.15425958742000395,0.9785191294681439,-24.421734555241319,-5.0196984623700249,-3.884367015786558,,0.3664565344272848,0.24,False,1
0.7480766154250843,-0.65616257053219162,-0.099156736971015957,0.65264551588600106,0.75450702319183438,-0.06908677549353627,0.12014661063903601,-0.013031998572183925,0.99267061957386893,-16.608882949235067,5.904129662876211,-2.3698640208961788,,0.1170042637992636,0.2173913043478261,False,3
-0.57700427836862123,0.80774863656366458,0.12086439870304722,-0.80451030005135404,-0.53659151510516023,-0.25462270721290792,-0.14081633376703315,-0.24415504509776342,0.95945769791988367,22.724675178302611,-1.0576792087643136,-4.5642389123961005,,0.3496655168727089,0.3333333333333333,False,1
-0.99828202990294612,-0.045760797307239233,-0.036591504514829405,0.054673717411226425,-0.95207091245425635,-0.30095142844478501,-0.021065929775121776,-0.30243499646754662,0.95293719599687399,-15.3192414750908,1.4769570587813585,-2.9723759737968281,,0.2330777204961617,0.25,False,2
-0.98025379222767406,0.19576201018540432,0.027923792568961131,-0.19121134090040973,-0.9023786101799196,-0.38620081175578141,-0.05040561411521511,-0.38391415610514673,0.92199197111891495,7.5129432950738204,-4.0835582357368674,-4.2857698149079795,,0.2152132677030176,0.3529411764705883,False,4
-0.97499600532348629,-0.19098432629495116,-0.11361239682757997,0.22220104361649798,-0.84494496931471053,-0.48651279021779226,-0.003079905677628331,-0.49959282014399087,0.86625488641715065,-5.2221912861735973,-5.9604544482435546,-4.1569729775774267,0.2965138490833663,0.39526520915123,0.2857142857142857,True,4
-0.83666372747785167,0.53447122196859576,0.11972602060648506,-0.53786569509539084,-0.76047433016289134,-0.36383964490260678,-0.10341325428793094,-0.36880795280294504,0.9237350230379282,-7.0226897233104291,-8.0193554028096372,-4.3505488495591216,,0.3309288148969073,0.2857142857142857,False,4
0.72781978974575356,0.68558577120556863,0.015827317363103114,-0.6802441105614242,0.72468800950257284,-0.10997835664209471,-0.086869463570024313,0.069277984985595426,0.99380795785473153,-13.654082288788324,20.99086002322078,-0.21070748939064848,,0.2404971124995473,0.3214285714285715,True,4
0.54806620679802209,0.82341914699736951,0.1469841533096361,-0.83291750011164645,0.55336763987322235,0.0057177923102679773,-0.076628134348888322,-0.12555940227343673,0.98912232081120521,-7.5332661843762692,-10.855209511431754,-4.7321162452944971,,0.250825690020605,0.1578947368421053,False,3
-0.097551452094871816,-0.99269523808994153,-0.070992101446122086,0.98275936980709377,-0.08482653756553217,-0.1642817079927259,0.15705965506948572,-0.08579407204578833,0.9838554985114718,3.4156618386639206,-2.0475687310817898,-3.8245409643016957,,0.09489178207577023,0.3225806451612903,False,2
0.10185783435331003,0.99333129535746356,0.054017767857598153,-0.98411446045040296,0.10855218639384423,-0.14048185491916135,-0.14540876972612723,-0.038850488961913683,0.98860858239960392,24.667658496700042,20.336170462907752,-1.4460032987660303,0.2882177160678613,0.2485642256996551,0.75,True,3
-0.99623840018022225,0.084834183796094725,-0.017669501011675019,-0.080080287242731127,-0.9792195416450632,-0.18632293700871602,-0.033108874965374985,-0.18420708596599294,0.98232965540008244,-19.869162026580348,-0.4241372558154608,-3.273010030297927,,0.3081534991090967,0.84375,True,3
0.5738409317989559,0.81881359087233108,0.015839456899365792,-0.81074967441250079,0.57070993392838087,-0.13028866702629505,-0.11572186669826851,0.061923135565181329,0.99134957247665501,12.359739333450394,17.655419042894149,-1.4418819354062105,,0.221707861720316,0.6956521739130435,True,3
-0.85017052875892529,0.5263481751396345,-0.012948766618804855,-0.51673223474660979,-0.83885088342152736,-0.17122205744792401,-0.100984501798772,-0.13887690200354522,0.98514736790307367,27.125907614395675,2.3925637100920722,-4.5201085131196015,,0.2784742745906236,0.9111111111111111,True,1
-0.84600341828656644,0.5201008691246648,0.1173597127774931,-0.52155182967524716,-0.76154574035966038,-0.38474897570034072,-0.11073348730103852,-0.38670812155400586,0.91552985943350107,-18.303346816203049,1.9406415042576852,-2.8933752056338946,,0.2855948352385704,0.3125,False,4
-0.3798183048512358,0.9244347903392035,0.034034889605335204,-0.91174175636739418,-0.36787514801901428,-0.1827425652826625,-0.15641299497175276,-0.10044000139636584,0.98257151450846858,-6.0488956766253006,12.037960219237785,-1.6539016173795378,,0.3010446135484829,1.0,False,3
-0.71613610953436557,-0.69250752438612706,-0.087076984844348601,0.69035219876053378,-0.68442436105693405,-0.23447203598362407,0.10277603946193668,-0.22802767959264786,0.96821509131603278,14.22370969001387,-5.8393470226509923,-4.7770698425338205,,0.2144956142504507,0.4090909090909091,False,2
-0.060951782156587919,-0.90329964549186959,-0.42465825166385168,0.98470771288032088,0.015146503008353587,-0.1735549009409588,0.16320416797969323,-0.4287427362660286,0.88856292160610417,14.182822905875797,-7.2339661897960257,-4.9620201845281997,,0.3261453051722134,0.2549019607843137,False,3
-0.89295502660255888,0.44103533659452065,0.090106339067700089,-0.44200590080858032,-0.821167082464894,-0.36099225244662997,-0.08521798000199772,-0.36217737995497989,0.92820549520746098,11.126614180970801,12.729049638507828,-2.0174896950150338,,0.2442149753433379,0.2580645161290323,False,3
-0.99936476769339466,0.02618804716657968,-0.024171207639026117,-0.021044671185314424,-0.98101715789067134,-0.19277566687425107,-0.028760787677494407,-0.19214453442580987,0.98094510294025117,-16.065563878181617,-10.32818550674452,-4.5186292683025071,,0.09131910664192443,0.3181818181818182,False,2
-0.55255048360659809,0.83167723708322205,0.054780803058485976,-0.82291160928075568,-0.53393191258660444,-0.19425034371286773,-0.13230437021153654,-0.15241288016184384,0.97942119008305106,-11.160234423603821,-10.860111510712359,-4.6124133155719091,,0.1737175821819648,0.2173913043478261,False,2
0.14743727561548611,0.98853127531303675,0.032682831686740188,-0.97292716696365156,0.15089747864556841,-0.17505050334829828,-0.17797465421560896,-0.0059890455325374032,0.98401684629402741,8.7125536776693853,-19.188554678132931,-6.3732146504301497,0.1007576108453485,0.1553538879729936,0.5384615384615384,True,2
0.38150840356235827,-0.88554858859282914,-0.26505666422965241,0.91152043256390103,0.40804550098691278,-0.051277384321543537,0.15356379465818326,-0.22204181220119182,0.96286842019280705,17.210278383764152,-0.20706805541179385,-4.1630482758938063,,0.2851480384821496,0.2258064516129032,False,1
0.99499892115162003,-0.077644453704603156,-0.062836977298616856,0.083883042995799212,0.99107148358391783,0.10363855230819022,0.054228977538563795,-0.10839120460483088,0.99262810999862217,-18.987634083432869,3.9548893976020487,-2.6222270977268445,,0.2539394782801898,0.2258064516129032,False,2
-0.90424556118936994,0.42689734046717276,-0.0099310508697196265,-0.41816531089612136,-0.8899802115743769,-0.18185982450551921,-0.086473914173421859,-0.16029311809333199,0.98327431495968909,27.649844165351659,9.5024284016579053,-3.537782519735801,,0.1448037033430664,0.2413793103448276,True,1
-0.73331699475252055,0.67649242039363178,0.067854184521652275,-0.66928040341536355,-0.70071296356051049,-0.24711350489687031,-0.11962410631348866,-0.22662600876380709,0.96660784465081151,1.6584451475928677,12.912153391579313,-1.7222619752534349,,0.2474730436778325,0.55,False,2
0.53620429915019208,0.84084525118695785,0.073920316078839476,-0.83531026427705046,0.54118630337938967,-0.096820180891989349,-0.1214154519254345,-0.0098310015204745443,0.9925530914983085,16.062017831878688,18.041155414334384,-1.5416337785032199,,0.2345756448129062,0.3513513513513514,False,2
0.51774485871844833,0.80657289885300787,0.28527253654438983,-0.84658033572928193,0.53112311486176234,0.034784652018329282,-0.12345848057995522,-0.2595156945068936,0.95781501756732468,0.95404540331829513,12.277589366268124,-1.8279383246062713,,0.3503806986961263,0.3818181818181818,False,1
-0.48251083155118918,-0.82294741489667456,-0.29990140004785043,0.86657267598261678,-0.39871441642935274,-0.3001309903554244,0.12741701093695074,-0.4047028125010767,0.90552776814276215,17.371117428573324,4.4605702279596233,-3.4876893646726721,,0.5310873279903647,0.3292682926829268,False,1
-0.45783660626247635,0.88135397639639079,0.11662251179051455,-0.87635240475668108,-0.4253252027976962,-0.22606400541059418,-0.14963991661064507,-0.20570279569167038,0.96710612406363694,-10.910648846390886,25.166189389171112,0.33175349882365396,,0.1754994930432912,0.3157894736842105,False,1
-0.84435609227688202,-0.5085024086925013,-0.16878415147411915,0.53168601197859167,-0.75635712423972268,-0.38109563796784418,0.06612695442264771,-0.41152059604075913,0.90899836354805641,7.0741933827158396,10.852880870214349,-2.1147148166283691,,0.2143556351244487,0.203125,False,1
0.90500619070431498,-0.42179007964349996,-0.055289451988571964,0.41656592006887661,0.90504609124655744,-0.085816122940271883,0.086235891739094836,0.054632421085465087,0.99477568805349559,2.4530910152306378,-2.2592352042397827,-3.8492157441937986,,0.8950303290522874,0.6435185185185185,False,1
0.20284544362195808,0.9474966514257086,0.24719187191103398,-0.96770474156741171,0.23255446025214221,-0.097293145517987289,-0.14967050193595427,-0.21947327526126001,0.96406961486001419,16.890540806393702,-5.7194298899172162,-4.8558956008174308,,0.2865132135267996,0.3142857142857143,False,1
