axis_00,axis_01,axis_02,axis_10,axis_11,axis_12,axis_20,axis_21,axis_22,location_x,location_y,location_z,dbh,dbh_approximation,score,reconstructed,number_clusters
0.98823855674431205,0.10354235346672687,0.11253237757414301,-0.1249811352289831,0.97091604364161577,0.20421006840061845,-0.088115099732070143,-0.21587268756811762,0.97243751056884076,-8.258957184512564,-8.7871119901229466,-4.1939476057541389,,0.4300838272133055,0.2888888888888889,False,4
-0.84281920217451101,-0.53720093376862887,0.032725360258294534,0.52926145990354978,-0.8383267823385272,-0.13073068910816271,0.097663194227326389,-0.092862063147691076,0.99087766032001667,-21.215089960051206,-3.4596489439521356,-2.8703534941373334,0.3239951597882266,0.2549574917748828,0.9861111111111112,True,2
0.2960194248312088,-0.94595742274803496,-0.13242754422889974,0.95206480555312634,0.30339541750591859,-0.0390362224542537,0.07710451445725526,-0.11452412402767415,0.99042370673667024,11.954978109134906,-0.60455971327531621,-3.8118321359080571,,0.4726982651417163,0.2222222222222222,False,3
-0.78540186602989959,-0.61892634525094159,0.0086074381243566658,0.61039182986807361,-0.77673120441826005,-0.15527540086331743,0.10278970214499514,-0.11669967967938782,0.98783372178503404,13.231112305576689,8.3722411333726132,-2.6710353176675197,,0.1166116263944204,0.4782608695652174,True,3
0.88606467813915812,-0.45127141381159613,-0.10603535839819601,0.46211204323450311,0.87795085214225432,0.1251189862503776,0.036631211443024017,-0.15986373040553176,0.98645919431522566,-6.9533989854477367,11.315317468029885,-1.3289556914240297,,0.3978684925394533,0.3076923076923077,False,4
-0.9776268077923268,-0.20850155120602751,0.027801579639797451,0.20016669304694559,-0.96277069430464324,-0.18167521895626593,0.064646111100649703,-0.17204561410520641,0.98296550650911818,7.9034909621034002,-17.074966575730908,-5.9111888902127463,0.1642320601122701,0.1737603515863193,0.5806451612903226,True,5
0.91959133283868189,0.37897087057752427,0.10359951651281965,-0.38389279291300432,0.92282827212047613,0.031848135339282435,-0.083535047240243424,-0.069058376963620702,0.9941090666791651,-7.7013145127584242,4.9773273894741621,-2.1768614746523971,,0.2867234655706912,0.3711340206185567,False,6
0.49176068913404603,0.84686824944916872,0.2024489878890682,-0.8540552716512122,0.5144091972603736,-0.07728370293089698,-0.16959073555822904,-0.13489753833498247,0.97623851417774965,9.099420656154539,0.95180694165076585,-3.4915527003552391,,0.2668538960783229,0.9244186046511628,False,7
-0.076888478658423826,-0.99375040628370959,-0.080921516672360638,0.99136669616124218,-0.067553117756885217,-0.11237726648956857,0.10620845348622773,-0.088863413688010234,0.99036511353933354,-22.301494116112249,6.0342910931695535,-1.3297204873835529,,0.1448802771224155,0.1428571428571428,False,3
-0.8078018826740746,-0.58874559722599729,0.02889186901576115,0.58032911619261995,-0.80293191714156364,-0.13608252398623566,0.10331619063492546,-0.093160926264051452,0.99027612642651908,-9.3193297024395907,-4.2144635151979131,-3.4815315087185064,0.1293075333432323,0.1254204224451948,0.7142857142857143,True,5
0.11026327952068253,-0.99361461455211519,0.023916666527680128,0.98908929832926407,0.1073322369158821,-0.10090664422701448,0.097695287091385238,0.034782016432135486,0.99460838635768944,-9.9141637529771334,5.2480608288919317,-2.0272338959269556,,0.3387645042276811,0.6024844720496895,True,5
0.90926741882269535,-0.41133517397962188,-0.063530588810966959,0.41619203475542649,0.89705863095846849,0.14855976181004155,-0.0041171924477531666,-0.16152147618837756,0.98686060892928351,-6.8236654391363327,11.03733904154941,-1.3798316937745947,,0.3772724888882591,0.3469387755102041,False,3
-0.58063977730663019,0.806910109908752,0.10841366858635677,-0.81045445307723885,-0.5601582351983948,-0.17142441782515322,-0.077595286561620944,-0.18740017627116851,0.97921404475066354,-10.145007850717526,-4.9504883826351271,-3.4970756726445797,,0.1599710258352882,0.2195121951219512,False,5
-0.99700776861119189,-0.07373027749219413,0.023224028717182633,0.052120467779500947,-0.86304881106413689,-0.50242432918721747,0.057087355582286892,-0.49971051209845835,0.86430922587400283,-7.6481578654967697,-8.1036800117148076,-4.1736720134830492,,0.438549728876509,0.2597402597402597,False,1
-0.96455157483734388,-0.25952658375774412,0.047814347238392937,0.25244291254958656,-0.96021903373501805,-0.11938167010252897,0.076894963308923675,-0.1030793848255894,0.99169642786575396,9.2981638693882438,10.040439510728412,-2.2886077141677696,,0.1023928291793237,0.3541666666666667,True,5
-0.47875675845689558,-0.87785258472955241,0.012915328702368851,0.87044696476806116,-0.47653403400939331,-0.1234398475242254,0.11451658289486022,-0.047855552597152795,0.99226800730836107,-7.738982976360842,10.684958572790078,-1.392929486976757,0.3727158620299877,0.3368774539539908,1.0,True,5
-0.81002545535815651,-0.58588267004620065,0.024500175741129726,0.57734841532487369,-0.80414340169942955,-0.14149981210279675,0.10260394238852813,-0.10047331209233933,0.98963505625231729,14.596153942096411,-18.277830449575276,-6.3462142813979421,,0.1564723270671026,0.4666666666666667,True,2
0.75073917462978934,-0.64327018616597487,-0.15031353653670984,0.6605979794893535,0.73138990725204167,0.16934908639975377,0.001000585210903189,-0.22643381187410985,0.97402604054994035,-9.7161949297156127,13.482474571770444,-0.91359600615917635,,0.636066382204754,0.1388888888888889,False,2
-0.82625880791689676,-0.55407781223583719,-0.10146014157144444,0.56220671405045974,-0.80001213377639036,-0.20953328252841258,0.034928398422110443,-0.23017029304081668,0.97252333811851066,15.631763929851219,-3.591939423266469,-4.4306489589075202,,0.173036393953583,0.2727272727272727,False,3
0.85542645412532092,-0.51775915522615268,-0.013078178851892424,0.51733789332452973,0.85538673174414959,-0.025981595151185685,0.024639109422191479,0.015459506316938883,0.99957686945593061,-9.2489026127745593,-13.504524561986955,-4.8788202732969959,,0.1361812848802597,0.1944444444444444,False,3
-0.80632835064915898,-0.59057073571390295,0.032569879609060007,0.58291874317764469,-0.80279629831199462,-0.12539474577810575,0.10020144605545431,-0.082123745256170042,0.99157216614500499,16.211068264970596,7.259633412007819,-2.9721368924615508,,0.2099822367821241,0.96875,True,5
-0.28953302472283893,-0.95706515598682207,0.014032633065916244,0.94876703773277682,-0.28889909901138955,-0.1279781961983259,0.1265374873569636,-0.023740214538333866,0.99167770293934643,5.6166581067856676,12.836333549185568,-1.8012539441447677,,0.2245793628417308,0.8658536585365854,True,5
0.99504299550724118,0.084244393800020911,0.052842399692318798,-0.079270584157299859,0.99277774164759935,-0.090047377399076312,-0.060046744952046954,0.085412164252864312,0.99453464023044691,18.443248360491729,11.681165486453816,-2.5085483548585192,,0.2631891894503399,0.75,True,3
-0.10679786613854816,-0.98914311605330596,-0.10094608339410091,0.98972437888561537,-0.096050632143855841,-0.10592417053840034,0.095078228989265295,-0.11122127507415894,0.98923705871906298,12.140874148449122,-6.3015310932030841,-4.5493730482555002,,0.2164158351163259,0.28,False,5
-0.98035618917420653,0.14933940623650507,0.12883898514329997,-0.1948304852510426,-0.83493364757310284,-0.51471048771820893,0.03070544519577308,-0.52970137426214148,0.84762823793224806,-13.55408538873526,-17.480864656886979,-5.4828256408267153,,0.2399811057097336,0.2222222222222222,False,1
-0.90050449315971182,-0.432613080991052,0.044017950368008374,0.42551231795439448,-0.89750935107762242,-0.11582845935823814,0.089615428739972428,-0.085573867995167752,0.99229339816815099,-14.436479896446803,-4.0909686058741634,-3.2122347330109697,0.2908423259111623,0.2862268655461518,0.9895287958115183,True,5
0.32457979508768897,-0.9397413468179362,-0.10739719596733463,0.94242201028517092,0.33097898346970817,-0.047892243958873301,0.080552536588810134,-0.085668626592065242,0.99306201984918252,-17.686134125257833,18.802998243042587,0.21359258308445114,,0.1693225201513257,0.3076923076923077,False,1
-0.33306829089919027,-0.93801236244425179,-0.095907880277092933,0.93895890160523243,-0.32066162122888603,-0.12462867152929383,0.086149258231203049,-0.1315634165435639,0.98755727567245288,10.533250154903333,-1.1199657455357397,-3.8343723762402182,,0.2454914290002513,0.3548387096774194,False,6
-0.99913492258558456,0.041331633223118197,0.0045937528239497934,-0.039817543161290166,-0.91891709651114073,-0.39243589667120665,-0.011998738537726025,-0.39227932119173048,0.9197678861750167,-8.2537479430138116,-14.371623078335732,-5.0979818573211819,,0.2780620842047577,0.4,False,3
0.66631659305417412,-0.74443163052629424,0.042938855278663396,0.74442953974471637,0.66078649685239854,-0.095842923228608184,0.042975087855039076,0.095826682346299305,0.99446990340299057,17.387395562799107,9.9566610434702199,-2.6620942076806569,,0.228342630966814,0.8166666666666667,True,5
-0.94928782995393701,-0.31225076726449624,0.03677056219422227,0.3033685889132835,-0.9403890627820003,-0.15373974717279271,0.082583988533546121,-0.13478823740491791,0.98742696737286195,-14.22091376041474,-18.963546226749674,-5.709894096055284,0.210124382429256,0.1505552865845344,0.5517241379310345,True,3
-0.89610873010661241,-0.44305025478827426,0.026374524806331512,0.43256797775785449,-0.88512214599467043,-0.17159175763500195,0.099368447935925225,-0.14235609717126402,0.9848150349953898,5.3958128380180082,-15.954480460966021,-5.7172555054990992,0.1270935932763453,0.1358884419272446,0.6415094339622641,True,5
-0.37551640601900993,-0.92619871277787968,0.033813802790656086,0.919702666905577,-0.3768977431225442,-0.10997770554026816,0.11460555526385006,-0.010199788121912776,0.99335871216038207,4.4813052947325707,14.721416581602186,-1.5186237603793908,,0.2276327020212618,0.8888888888888888,True,5
-0.65598166310238304,-0.75435580893249499,0.025206570636138455,0.74670939300557293,-0.65347793537433474,-0.12406317090960721,0.1100597113874181,-0.06256118212357617,0.99195411104577835,10.316324795110093,-9.7859852936524678,-4.9391341955868571,0.1409863370539463,0.1312043092313137,0.7974683544303798,True,5
0.71191288071080217,-0.70052153747789236,-0.049493694625261736,0.70134415354622826,0.71282207103201622,-0.0010360193785720201,0.036005951793739333,-0.033974557822558218,0.99877389876597689,-8.1268526885898638,-14.017403462858546,-5.070565304421021,,0.1767129684979916,0.2916666666666667,False,3
-0.98637956516832381,-0.15873694808788388,0.04310376700581868,0.15048764851592902,-0.97668769680426337,-0.15308367174629611,0.066398953775595168,-0.14451202103259789,0.98727273572938234,7.2162162001810684,-3.9119808869145363,-4.0477982034020448,,0.1341574962808045,0.71875,True,5
-0.91420308000302009,-0.4028719151701784,0.043897021312422665,0.39521466364537367,-0.91026821991504125,-0.12335776202726136,0.089655441288661555,-0.095425299474579006,0.99139089872134745,6.2584164019784483,-17.839165306459172,-6.0073532685865452,0.1716222777918506,0.1545181061955975,0.7575757575757576,True,5
0.06955583061833856,0.93182643162718282,0.35617620323084925,-0.99389350874175419,0.095389818059114007,-0.055465988602496095,-0.085660257459314687,-0.35014323345111126,0.93277115969588353,-9.1224481228647658,-7.1757741579417464,-3.9428753236822667,,0.2934618557293772,0.4418604651162791,False,5
-0.73564583511007253,-0.67700979366477076,0.021975999799542983,0.66876965379330422,-0.73107955336596309,-0.13516596026887967,0.10757488299035514,-0.084737393942752717,0.99057923389166747,8.3515143615577987,-0.31786870379292514,-3.6244940922334372,,0.2211175534341815,0.8766666666666667,True,5
0.13759572269398654,0.9795341381014907,0.14690231240552415,-0.98574585973203699,0.14991875972137772,-0.076350936502123989,-0.096811761255888126,-0.13430278395243522,0.9861999011889826,10.531879133577519,6.898770469223388,-2.7786335103191333,,0.1865073404012161,0.3235294117647059,False,3
-0.94322938878851303,-0.32946581141698045,0.042078488958138184,0.32198282540500334,-0.93810510056342655,-0.12761614490766982,0.081519201847543604,-0.10682274759729306,0.99093063345821819,8.1900882558940786,-3.118373365349572,-3.9793541751280999,0.2354138027515754,0.1875508025257069,0.9105058365758755,True,5
-0.99769181171753019,-0.040267251329588083,0.054677210080180796,0.032140641602599461,-0.98932673396406423,-0.14212527087527727,0.059816619673512858,-0.14003985837738292,0.98833739688250033,6.8946201178351894,-7.8786874858532334,-4.5442598465003829,0.1377230799219685,0.1488284862466084,0.7454545454545455,True,5
-0.86017005730120077,-0.50877110655793256,0.035488500310189935,0.50087769679259775,-0.85583177978214353,-0.12912589814081227,0.09606771246465691,-0.093294832904860125,0.99099297110275342,5.95328897375229,1.2733587738686583,-3.2943419075616731,0.3168825000298351,0.2490395937087357,0.9725,True,5
-0.98213889758354034,-0.18418702392505748,0.03844900611223584,0.174810699928588,-0.96880805869613218,-0.1756478425597893,0.069601760350335565,-0.16578928078456015,0.98370194130797206,-7.9861762313276969,-5.0577486139985597,-3.7084724092806827,,0.2776467398817943,0.3892215568862276,True,5
-0.25821703751048281,0.96266523939911164,0.081237912282137961,-0.96218858146959174,-0.24871761582390314,-0.11105260586049583,-0.086701183549264649,-0.10684186647341803,0.99048862706223562,5.8193394128099536,-10.449339089935208,-4.9429439182210917,0.2032969124348735,0.1494640914928416,0.9455782312925171,True,5
-0.97441896820639784,0.21918627011524569,0.049649304048974621,-0.22453653097244602,-0.95886465669172904,-0.17367186417584535,0.0095404747492382168,-0.18037724119306167,0.98355123415160239,-5.8478253876124526,11.244277053823126,-1.4103136745727531,,0.1242509324049761,0.1666666666666667,False,5
0.030933522900253727,-0.9989325889263031,0.034304517807021186,0.99425281502195884,0.027233059028774455,-0.10353598561294895,0.10249125319698735,0.037310096179560243,0.99403395301226105,9.9863646231344774,2.0597412831063817,-3.3854740265165417,,0.2026136635548845,0.9607843137254902,True,5
-0.48862775316341683,0.86990132484590321,0.067190801973303238,-0.86997891728214372,-0.47993201349254178,-0.11314568444967572,-0.066178563924143285,-0.11374070272483518,0.99130391415579544,5.273563615442086,-9.287875369889413,-4.7669820050682237,0.1344419812434133,0.1525045351547987,0.9113924050632911,True,5
-0.73995217434337435,-0.67169314633193267,0.0360429862139919,0.66415436882923518,-0.73804051617264033,-0.11914348850299264,0.10662904880731547,-0.064222376616969556,0.99222262234445924,11.98181346085382,-7.2140212863029394,-4.6603561886028215,,0.1689624372429267,0.788235294117647,True,5
-0.97381579886625802,0.21961296056019075,0.058761700387746113,-0.22571525338221518,-0.96483906803322506,-0.13467812438320942,0.027118522619670338,-0.14441509737823427,0.98914552285301338,-11.872812771520886,-0.36895663805925377,-2.806730617539138,0.3796840551854119,0.3283298184966454,0.9950248756218906,True,5
-0.92212650103965177,0.38203974252959216,0.061060226074698118,-0.38681019258374505,-0.91356078000852103,-0.12563668311265416,0.0077840216916675031,-0.13947163280806019,0.99019547193882806,8.8614494517890883,-7.4707703243718582,-4.5421619292094171,0.2438222408534874,0.2113570109160681,0.8853503184713376,True,5
-0.98698503255449377,0.15032730594295948,0.057116080059278318,-0.15683277848531713,-0.97832663306016421,-0.13520532030116103,0.035553130747960043,-0.14240330099086854,0.98916999285306051,-18.062126177938406,3.045718284656461,-2.0022693308781703,,0.3017079154925619,0.9888888888888889,True,5
-0.99582436044274503,-0.078072414189981412,0.047313225332321143,0.071886642080344135,-0.99008064556862363,-0.12071713201045914,0.056268586611105467,-0.11681187188366655,0.99155878935533803,9.6402600788095594,3.2464372736599647,-3.2020833602505276,,0.1992346977160122,0.8596491228070176,True,5
-0.60035141958402871,-0.79952298404023114,0.018470814677382492,0.79195477333940389,-0.59756539847701773,-0.12539231048168939,0.11129155398490462,-0.060651401751382894,0.9919352788751985,-5.725302960799592,-0.8834424196951971,-3.2004740749621181,0.3242996154221959,0.2600428368580511,0.9820089955022488,True,5
-0.8049710599087504,-0.59305139741238999,0.017653122573471482,0.58453572102456874,-0.79780924980773482,-0.14771049985531187,0.10168374282878057,-0.10858379689636247,0.98887308361381721,8.1037972645456549,-11.595876733887284,-5.0930537968870908,0.1624267585510811,0.1125634296228866,0.64,True,5
0.89066399811060926,-0.45430152901137666,0.018104231758089881,0.45449303189978002,0.88854077810583598,-0.062700634746559958,0.012398646062004456,0.064073445209394592,0.99786816122914179,-22.883639783439165,-0.54203306146035224,-2.3432153763707011,,0.2915539218356628,0.6666666666666666,False,2
0.65488344729489267,0.72981417466586573,0.1962114698888397,-0.75012863480784797,0.65929056140775744,0.051409988134191467,-0.091840632077917525,-0.18085139229606537,0.97921298612921948,-8.3061743793231173,-7.156063872758935,-4.0115036293955697,0.7184040506887155,0.459354513521172,0.4638297872340426,True,4
-0.99707302934170672,-0.061070472230925092,0.045997517116096218,0.05196427220326174,-0.98262055755952993,-0.1782036876043398,0.056081089270261709,-0.1752918631394271,0.98291793866190635,11.812490245999731,16.358522147669333,-1.6186218726586477,,0.1846346855257994,0.7872340425531915,True,4
-0.27487356943076047,-0.96138649061804149,0.013436386624409446,0.95467413596593842,-0.27456096642690853,-0.11495029287658068,0.1142007659610153,-0.018769426518934637,0.99328037012822756,-11.538342978099724,-11.200090608972692,-4.4036542867842163,,0.2397851321522035,0.8253968253968254,False,2
0.79117330081775261,0.60119914845401745,0.11226928329381172,-0.609884406351064,0.78926532721602716,0.071423064512713852,-0.045670767050179216,-0.12497930689814889,0.99110763990815154,-10.611774764161634,12.401494605426013,-1.0024345379763502,,0.3082232496221063,0.2307692307692308,False,3
-0.89425550299603729,-0.44599689281004606,0.037334527787160759,0.43810271847902293,-0.88936968399616967,-0.13071944480391762,0.091504663392614871,-0.10054022474780422,0.99071618528469929,8.0813176402827285,-1.9539710511198245,-3.818337497131612,0.2292984101286728,0.1904616123578983,0.9881422924901185,True,5
-0.9722777338367653,-0.22662858284749662,0.05758032408540445,0.21244787916219224,-0.95904267220090866,-0.18735808372532892,0.09768268487675448,-0.16993127532704574,0.98060259776373893,-20.180111464901209,9.1268216159502007,-1.0181280893239122,,0.2295070876590722,0.9523809523809523,True,4
0.61219560912338877,-0.790350324813892,0.023725518679664857,0.78902370122408838,0.60866129824284565,-0.083504628182961282,0.05155710500681699,0.069841163277180457,0.99622491277592873,5.3974127867812944,13.754862342007483,-1.6319722768836917,,0.177486200660619,0.6521739130434783,True,5
-0.85315717803123026,-0.52113087760347609,0.023354613720162933,0.5126051768364257,-0.84582010475910241,-0.14773044055236792,0.096740695957200223,-0.1140655898749981,0.98875187936720743,-6.9603466212752947,-6.7738631824966271,-4.0357252020341337,,0.1075620946716176,0.5225225225225225,False,5
-0.98958697258911688,0.13373809630517641,0.053214145474426891,-0.13927052210432234,-0.98303623170380428,-0.11934608845862248,0.036350314368593331,-0.12551449619167998,0.99142562297484149,7.1430101167968667,4.584796785019873,-2.9092688158820046,,0.1671519138670485,0.7945205479452054,False,5
0.10585242581567127,-0.99437887916174217,-0.0024307665404813272,0.98954677570086003,0.1055781845910537,-0.098236579940914642,0.097941016172838263,0.0079932230979660873,0.99516012065171555,10.846521820052008,10.12987750854813,-2.3841011105670256,,0.2139979021780162,0.9047619047619048,True,5
-0.6640682218134476,-0.74515261566056901,-0.06132679799025683,0.73941011993919403,-0.64235723020422142,-0.20161811261855225,0.11084255188794624,-0.17923383658944791,0.97754240854931429,10.408252841490246,-5.5251273311387372,-4.3561434009279161,,0.07431771631968498,0.1666666666666667,False,1
-0.74839454468061195,-0.66322528585575358,0.0061502596573870943,0.6559565532507694,-0.74150047470965641,-0.14106043475306762,0.098115267617580298,-0.10153455671301431,0.98998188268948739,14.404718848622631,4.4295224866690885,-3.2378115297064376,,0.1533320558974145,0.6341463414634146,False,5
-0.97363392397333637,-0.22397943997074213,0.043245723010225778,0.2161204492496743,-0.96637358307185273,-0.13933430789646967,0.072999544549286949,-0.12631432385625171,0.98930064089958791,-5.5120191871745874,-6.8390549680451702,-4.0507479933676427,0.3112903725717756,0.2800920896138477,0.9751131221719457,True,5
-0.47494082985891234,-0.87999283458999933,-0.0066196074798234861,0.87243162166525112,-0.46984776922037524,-0.13455905498024945,0.11530079640431162,-0.069682744125760462,0.99088346515603742,10.91701530702502,16.014020028055548,-1.6075024698398666,,0.1794909082603457,0.9259259259259259,True,5
-0.99664492111826752,-0.074491057204137762,0.033911408195062921,0.065191596047339845,-0.97300580375151913,-0.22138148448020775,0.049486937811535125,-0.21842799331237273,0.97459748343794084,14.411635173441081,-5.0787282970593095,-4.5401091052052376,,0.1264667318104898,0.4375,False,3
0.13087014608271252,-0.99124525580776979,0.01748850201930538,0.98690031217183005,0.1285772702643177,-0.097445674129337523,0.09434393832904138,0.030012137710704948,0.99508717853794115,-11.189878480963655,12.460105070131132,-0.98463810095217819,0.5023062222942494,0.3057597811548599,0.9701492537313433,True,5
-0.92353812981138961,-0.38341225746040369,0.0085066805275387826,0.37247874998170882,-0.90204179349405189,-0.21812882340969345,0.091306645960434349,-0.19828172790035575,0.97588290936172495,10.015281861572978,-7.0130584747917126,-4.5587218275576067,,0.1369980814228464,0.28125,False,5
0.76616681375342532,0.63235688568291848,0.11451280553861437,-0.63396587339437571,0.7729081791232888,-0.02646163289799322,-0.10524107978460934,-0.052323185813959755,0.99306928225177082,17.166945426517852,-1.6075581395660543,-4.1917191921310177,,0.4299115144044198,0.16,False,1
-0.94841163689371133,-0.31396762146406287,0.044042021715517729,0.30640070375989115,-0.94338105721225385,-0.12708575698532579,0.081449221850392814,-0.10703510435968619,0.99091347285960152,5.9074677443883861,-7.2547701901348001,-4.4953268756255778,0.2495179543008349,0.2405209220941173,0.9758064516129032,True,5
-0.88931598817476165,-0.45614929388610925,0.032324833548700228,0.44789450753276183,-0.88311681027384692,-0.13962524676336546,0.09223656161594411,-0.10969284889613366,0.98967666214896555,-6.9062755707998544,-10.577966379163611,-4.5548423204782189,0.3058493029649462,0.2752704989661995,0.9868995633187773,True,5
-0.31383154418086384,-0.94688763856672298,-0.070096803112481204,0.94217956446636753,-0.30143253979906248,-0.14641069719201644,0.11750502193106589,-0.11199207061136959,0.9867372223348817,6.6624218318767747,-13.900703649405195,-5.4477167612056911,,0.169325599725466,0.7692307692307693,False,7
-0.55168370614847151,-0.83381599264679751,0.019899215480084671,0.82646289917757521,-0.54971884306647067,-0.12152477056410362,0.11226827091072487,-0.050597272496617281,0.99238891134606066,15.200481383562972,8.1758179255394534,-2.7958630476462085,,0.206404645627903,0.9620253164556962,True,5
-0.86774130285898299,-0.49650063857929949,0.022630669520445755,0.48742641266947162,-0.85901729566064233,-0.15654002040387954,0.097162356624185736,-0.12480545519417491,0.98741231246577554,4.7869101737573274,11.741030524871109,-1.9008533988110319,,0.1874471042487318,0.6951219512195121,False,5
0.42750166153644648,-0.90264021476773315,-0.049829429734234196,0.9006476177327768,0.43001477685539236,-0.062619169255758222,0.077949971493592771,-0.018108958282252199,0.99679279069126514,-9.51650875265058,-15.784179458218279,-5.2464493740658531,,0.1266311567083646,0.2608695652173913,False,2
-0.95889640227921624,-0.28062526117667508,0.042037512836741182,0.27347367632797787,-0.95347049663185179,-0.12691004849211246,0.075695693745659015,-0.11019743573301929,0.99102305074414421,12.245689140626352,10.613909076139617,-2.3410345613344314,,0.1827484887600089,0.8888888888888888,True,4
-0.99810090440523636,0.0078212317006136275,0.06110166086232361,-0.017838899519409208,-0.98610288913985866,-0.16517525751140738,0.058960650347375902,-0.16595156029609551,0.98436970765353482,-4.9503592112598804,-19.218915646608785,-5.9524841589830579,0.2508405991823189,0.2095539069034274,0.2962962962962963,True,5
0.73312352592888785,-0.67961542973998046,0.02554923460571569,0.67934542091383399,0.73003412348909524,-0.074431025956347957,0.031932660600110102,0.071923891724868558,0.99689882083697356,6.7225836202786882,-21.965995232167067,-6.7692963707521052,,0.2034945363230687,0.7222222222222222,False,2
-0.48813343622104699,0.86920538851039741,0.078789218980277798,-0.87039395161705635,-0.47816199175032498,-0.11736898497391401,-0.064343744307259754,-0.12586938559415864,0.9899579689757898,14.154047364662146,10.671267397435564,-2.4078786544638064,,0.2035708895098209,0.921875,True,4
-0.76998677139830374,-0.62999412472182048,-0.10113246109733537,0.62528934780628942,-0.71348472704112531,-0.31615308918154772,0.12701812229599913,-0.30667074704809766,0.94330241678549742,-4.769125093866597,-13.592577745937925,-5.0374188467200005,,0.493593537081686,0.35,False,4
-0.30120242783943724,-0.95286150634211597,0.036497221744426572,0.94678675426119885,-0.30339766776607663,-0.10744625237600888,0.11345456984701933,0.0021920140370541193,0.99354076698205429,-15.685598943405575,8.987070155432006,-1.2352736268733284,,0.2785641948469779,1.0,False,1
-0.87200517273654155,-0.48932280353236624,0.013045024489853368,0.48015607591128223,-0.86024307724197557,-0.17155754376516363,0.095168910292144845,-0.14333541781598363,0.98508773036381059,6.8523757149397948,-18.713275929118318,-6.1577198204853243,,0.2260420478360707,0.3333333333333333,False,2
0.76827791634165921,0.63528849819790312,0.07847016833912665,-0.63143124774781578,0.77226318704642272,-0.070029631589334174,-0.10508864177138377,0.0042537031342718204,0.99445376130833274,14.24991746841131,-0.45069903675595302,-3.9032208838854912,,0.08107912141897015,0.1,False,1
-0.76323167655460655,-0.64231031780417525,-0.070106087795172856,0.63746190288067872,-0.73084496150740619,-0.24394254367572316,0.1054501317182147,-0.2308746367220483,0.96725238270012726,13.434635147687557,-7.1560206978038794,-4.7403551863029429,,0.2223801780675939,0.1935483870967742,False,1
0.040368429279753114,0.98407669098644168,0.1730995556743638,-0.99373197112242695,0.057615398511729865,-0.095797888408206466,-0.104245668910618,-0.1681473523773454,0.9802343130098371,-6.3139374868774443,14.331969443550898,-0.97213327908396907,,0.1199298278769554,0.2857142857142857,False,4
-0.69949659704595568,0.63096805174978454,0.33553513734363399,-0.71348446104711649,-0.5899634775069732,-0.37799870244775496,-0.040551628394376045,-0.50380791267998382,0.86286334523816932,4.1171005623816974,-23.200134787928054,-7.0008254220732811,,0.4407418701192289,0.4054054054054054,False,2
-0.5788311389476184,-0.81157845789504957,-0.079340527256220206,0.80680305134876773,-0.55584829473961217,-0.20025361312441145,0.11842022174831004,-0.17992520644911744,0.97652627776487533,14.962157059468286,-6.4939389873459188,-4.7717221674734187,,0.2726615356851311,0.2592592592592592,False,2
-0.99643578457977966,0.04018266623633867,0.074169269532726095,-0.071816383093722,-0.86534213939082916,-0.49600946454058586,0.044250811610804811,-0.49956814863303867,0.86514364734600191,-10.56806816855552,4.6489233155089016,-2.1111544240013331,,0.6006899251114461,0.3305785123966942,False,1
-0.9423592749480223,0.32666952456992138,0.072429404503283334,-0.33434273531591296,-0.92783351763545574,-0.16534781188056344,0.013188338064822266,-0.1800332893369401,0.98357210334047707,13.105487704311612,-1.8306555529317903,-4.0293573297075991,,0.08906460177058644,0.2142857142857143,False,2
-0.99538014767008709,-0.08327655636588159,0.047784691943317872,0.075296264459214779,-0.98586708533913503,-0.14965481149434667,0.059572092314821523,-0.14536541956311549,0.98758293859932389,15.1326585702076,6.1143794877381668,-3.062266072919773,,0.1611596266148602,0.9838709677419355,True,4
-0.94794919978264192,0.27139043764177179,0.16655192880317221,-0.31801112146207655,-0.83344478580718362,-0.45192777701448084,0.016162959440700217,-0.48136994024079394,0.87636849519747884,-4.9502001178788051,-12.658466450227241,-4.9314258278281802,,0.4443491860873425,0.2442748091603053,False,2
0.71158460666632206,-0.70260038444556616,0.00021756028752734427,0.7016974889907438,0.71065440417402825,-0.050901392634602277,0.035608727857381561,0.036373308964123482,0.99870366019925016,-14.974311251064952,16.392019544088289,-0.23657880386071584,,0.2594558652833693,0.9183673469387755,False,1
0.52805045517318727,0.83637128087788637,0.14712510769434911,-0.84148076988856024,0.53865594023806784,-0.04195106618429191,-0.11433648017647581,-0.10165066929896246,0.98822786377025784,15.123140298947654,0.86783692605252605,-3.7656488450708396,,0.1829036628153955,0.2173913043478261,False,1
0.19872001563134806,0.96683218711984575,0.16045521910032204,-0.97523432162000823,0.21129483398293755,-0.065364448031668465,-0.097099811131837924,-0.14349221261510478,0.98487644483812409,14.558801918077295,0.51045349433895926,-3.7974363110480733,,0.1687660310469456,0.1666666666666667,False,3
-0.072230112413527975,-0.99701634464497824,-0.027225344286078059,0.99380964745447609,-0.069633985465722387,-0.086564962280186036,0.084410873038605394,-0.033309406763344596,0.99587413257596713,-9.7534958402589709,17.068276051702775,-0.43367917539113748,0.1588841616668771,0.2354856086206641,0.1764705882352941,True,3
-0.56436904768409102,-0.81165920184793672,-0.15065496364781114,0.81806604952340112,-0.52540601581809199,-0.23391549149069957,0.110704636909793,-0.25526037412361846,0.96051372960980719,12.498036721249683,0.10353671052568741,-3.7511929103955337,,0.2912264085385721,0.1739130434782609,False,2
-0.89869576663272654,-0.43637557482778744,0.043843776412805249,0.42800452962520658,-0.89446038331898947,-0.12943239661365111,0.095697657529969921,-0.097555012001260752,0.99061848255355722,-18.298646643858039,14.37112498729905,-0.34024902836067111,0.3427484055237276,0.2955187165995001,1.0,True,3
-0.55945548688204294,-0.82761103995770269,-0.045492029386537389,0.82150522426744388,-0.54635960724486132,-0.1631574272674588,0.11017588074924457,-0.12865125771390626,0.98555067307052124,17.521371478679956,21.565344920738607,-1.2801887603782898,,0.1903531373596866,0.2631578947368421,False,3
0.71103996283408832,-0.70305714685959519,0.011524734380606177,0.69566502739879899,0.70576027274297182,0.13398733922275502,-0.10233445610900582,-0.08725299804253793,0.9909160274339408,-6.9022449523342342,-15.168589448506598,-5.3246941209128344,,0.2772470865170922,0.5,False,2
-0.49906486241649722,0.74219432723338163,0.44730509020554554,-0.86424039992467716,-0.38851174653141723,-0.31960468385982987,-0.063425501489834404,-0.5460825976257585,0.83532688351989925,5.5461667579542784,2.6469157739850182,-3.1130986103984357,,0.3016704911779989,0.3608247422680412,False,1
-0.96671906357217163,0.2495477068011413,0.056393210198014743,-0.25477433940654304,-0.95911351286998159,-0.12325301379749279,0.023329982985539423,-0.13351858095597352,0.99077166917176218,7.5613192073261315,13.898531532545375,-1.7435315542899499,,0.1716149330180922,0.8205128205128205,True,3
-0.85624507984002252,0.51092653659057397,0.076147471772306907,-0.51654182975624108,-0.8453110540211467,-0.13650553124958636,-0.0053759986819132549,-0.15621554390398587,0.98770835902150478,-27.831708301517015,1.2681622041712837,-1.805851937731304,,0.3528725007848347,0.725,True,2
0.027933590626567677,0.93500968621709968,0.35352029813704838,-0.99416614101751077,0.062844464055795191,-0.087659896143500629,-0.1041796456562258,-0.3490092549170295,0.93131044309252875,15.384745025957098,-1.8984390994253517,-4.1756981977309344,,0.2332451356937988,0.1666666666666667,False,1
-0.99873644106257253,0.022948612780096495,0.044708863384506727,-0.028418011458847821,-0.99164617491713403,-0.12581844219723842,0.04144801464955946,-0.12693000017207992,0.9910453254710021,13.575290573766372,12.077051472088474,-2.2289511258098096,,0.1272475696685881,0.52,True,2
-0.96774165053433792,0.24426598375094397,0.061727036242306341,-0.25076889534520358,-0.95751061366943435,-0.14243730493704704,0.024311703939085185,-0.15332173326885726,0.98787721259223893,11.289109139427531,-12.378611942800584,-5.3391133924338794,0.163463442778416,0.1713636706921095,0.5263157894736842,True,2
-0.94060023485756195,-0.33914988761925396,0.015765529288532146,0.32922170645339044,-0.92244450416914447,-0.20176522180013917,0.082971478146515176,-0.18459006055578742,0.97930702201005071,-11.015567411819827,-16.162251398524763,-5.2919888234390777,,0.1347808585599137,0.4193548387096774,False,2
-0.69360801159912466,-0.68563917955155584,-0.22092270528259084,0.71540335935349086,-0.61975847765018932,-0.32264138421234839,0.084296854456432951,-0.38183549447974269,0.92037801771020256,-9.6519808456348883,14.312698848281174,-0.80755820053919514,,0.4220049090979591,0.1944444444444444,False,2
-0.22750991446765226,0.96473723982276172,0.13236803586244325,-0.96975399339061219,-0.21212572690281609,-0.12074712538570975,-0.088410582635123719,-0.1558355995435938,0.98381849687480794,13.563502104907569,-4.0741866589828639,-4.3489411679824324,,0.1686025433495787,0.3214285714285715,False,1
-0.99239506176316561,0.10323779064085539,0.067037302837141974,-0.11661354738217647,-0.9628707645530088,-0.24347725014064397,0.03941220566053949,-0.24944307838202237,0.96758711684905785,5.6660319941779154,27.759967670175335,0.055003031257962368,,0.3588056551683861,0.5862068965517241,False,1
-0.0019692828453480187,0.99384294500751813,0.11078051536194705,-0.99471193550426817,0.0094287676097512853,-0.10227054173472259,-0.10268538012018723,-0.1103961004752653,0.98856887150538375,19.599058518111043,6.6560242859549756,-3.1989645078610627,,0.1986121475852626,0.6060606060606061,False,1
-0.79471948724645292,0.60230628168880185,0.075153706687994815,-0.60659702711464258,-0.78373096806983311,-0.13343843668148853,-0.021470521335375466,-0.15163414103206427,0.98820347296852551,15.801124419328136,5.7899457962632113,-3.1170571937612874,,0.1301818499409714,0.2894736842105263,False,1
-0.88867658899921331,-0.45850009869297537,0.0056195785656368881,0.44910927021563057,-0.87281639159556534,-0.19102986669230498,0.092492073017674703,-0.16723996550055939,0.9815681384235454,8.4514199549392082,17.680899003230408,-1.3049021311326874,,0.1071844634910811,0.2380952380952381,False,1
-0.099956543627622629,0.99237022093064664,0.072180565224156695,-0.99023843414141854,-0.092134401567657287,-0.10459013145092104,-0.097141818673372918,-0.081930437920404234,0.99189256999283959,6.2404724162350851,16.220166414798321,-1.3611818699334775,,0.1567055694699843,0.3571428571428572,False,1
0.8505028010534853,-0.52404325546546859,0.044985017520612569,0.52587090526440528,0.84556142928875788,-0.092117643779831768,0.010236034220882415,0.1020026259480937,0.99473146522220879,11.108267597319477,18.112227424790142,-1.3581708721993602,,0.107871245644547,0.75,False,1
-0.97216737391049757,-0.23367447785155024,0.016936218727102756,0.22249135820386259,-0.94345320569757118,-0.24575118348357328,0.073404309332404855,-0.23514312037519142,0.96918497734521791,4.9682957830694248,19.378039301296166,-0.91917785915479144,,0.1534771516699411,0.4242424242424243,False,1
