axis_00,axis_01,axis_02,axis_10,axis_11,axis_12,axis_20,axis_21,axis_22,location_x,location_y,location_z,dbh,dbh_approximation,score,reconstructed,number_clusters
-0.96943392779250537,-0.24418180291778882,-0.023939648464708446,0.2452900055899514,-0.96676485522435629,-0.072100817337334075,-0.0055383032128294533,-0.075769135054111536,0.99711000665456906,5.0971453179678408,-2.2507019186766382,-3.56529094969807,0.2543459488375713,0.2264156598884747,0.9785276073619632,True,5
0.82872118156081753,-0.54314198627667964,-0.13497401963291131,0.55833713475543401,0.81893878906701023,0.1326608597686296,0.038481777317777757,-0.185299871842596,0.98192826128469413,-11.554879011966328,-0.94766630598928536,-3.064640888384742,,0.2357237523006319,0.1951219512195122,False,4
-0.30500928159419,0.95223657150536667,0.014657763441328972,-0.95013239358944868,-0.30321361982292278,-0.072869303591203999,-0.064944382308118304,-0.036152629801799847,0.99723378129956686,13.980588364792284,-2.8323344302196847,-4.0662243379301684,0.3350391506442051,0.3377989141104469,0.993103448275862,True,5
0.32523751161573189,0.93347778166637907,0.15112839631658556,-0.94501729427066172,0.3266115386427545,0.016346753646253286,-0.0341009467224207,-0.14813552565346663,0.98837897158529542,-6.8172270728380235,-12.627708174188982,-3.948894336883443,,0.2093047888253276,0.275,False,4
-0.75294466489612888,0.65797914309219052,-0.011737924012484101,-0.65375282702945015,-0.74991333971628205,-0.10117916814529954,-0.07537620815256274,-0.068508613847013289,0.99479897319674726,-4.6088599003493975,-17.246877106666364,-4.2747466861640957,,0.1739662938256399,0.9710144927536232,True,4
-0.60258852675644969,-0.77682712865925929,-0.18282964639385618,0.79791123784483109,-0.58215527484548535,-0.15631024435559951,0.014990795256469281,-0.24007258933203601,0.97063918523259229,3.689308849576753,2.8825490389643642,-3.1972277775286311,,0.5066822473692282,0.2004555808656036,False,7
-0.15476979712380137,-0.91998762054731009,-0.36009594268466438,0.98711252686206652,-0.12899104859491772,-0.09471097451917114,0.040683770845938882,-0.37011361420796624,0.92809522322209648,4.6509401187788644,-6.0264123823146001,-3.9410246500338566,,0.5911962634348283,0.2547169811320755,False,3
0.58091548071743038,0.81092514211899813,0.070268187269342669,-0.81273298084606316,0.58261741693293512,-0.004695458600325074,-0.044747135192206682,-0.054381608708065576,0.99751708482933432,-1.2434388370855674,-14.584841592504159,-4.2176791088006729,,0.2361173529164516,0.3207547169811321,False,5
-0.32286755689376823,0.94640003369978098,-0.009138759133664567,-0.94421331289926402,-0.32275409615957862,-0.0655058253593572,-0.064944287271833601,-0.012520767758699675,0.99781033765214455,10.916503490559398,0.22150990755671812,-3.6736055307426829,0.294993091632314,0.2958184611077059,0.99644128113879,True,5
0.38483566709434319,0.92294977880565088,0.0080755888114558087,-0.92167267536901654,0.38474016754056606,-0.049944799118396305,-0.049203544691124777,0.011777490541586447,0.99871933089650944,-10.644730850030719,4.3133282428723705,-2.7890927663998806,0.3617326691773297,0.3216079235318597,0.9060773480662984,True,5
-0.98238981624385247,-0.17293953897374489,-0.070725983909166165,0.18032162080379593,-0.97668591140656424,-0.11648494980306473,-0.048932218538128083,-0.12718705248365109,0.99067103100346043,2.1473723057694873,13.732774323180031,-2.4793461329608268,0.2803281528534188,0.2844094291385054,0.9504950495049505,True,6
0.84701969334391969,0.5310921119698182,0.022334003022555712,-0.53112406159371595,0.84727950780774253,-0.0049665727887414357,-0.021560850719952132,-0.0076553414364960671,0.99973822846969473,-14.48018839918997,-3.2185246095543314,-3.162247130910576,0.1786877771689633,0.1855694433758494,0.5,True,5
0.94090494418099935,-0.32223243317342476,-0.10423120946667187,0.33563618357256308,0.92832139378681855,0.15989916233221549,0.045235365507484408,-0.18543367776332781,0.98161505329664278,-14.358033222289386,11.667705497543347,-2.3604791030638208,,0.1877567883649959,0.2413793103448276,False,2
-0.92268633619296769,0.38194705430135922,0.052596318438781459,-0.37990303037333872,-0.87740362464101473,-0.29297878247403047,-0.065754182497794675,-0.29030902014461352,0.95467117915370359,7.0391129688869931,5.4036786983348462,-3.1359211847321182,,0.3959694881707671,0.2395833333333333,False,7
-0.015528787080311052,0.99875053460211216,0.047499751618390623,-0.9977928629235675,-0.012411464231876865,-0.065233107042445726,-0.06456205906416479,-0.048407904185321649,0.99673889025249707,-5.3163676257381898,14.45974042468006,-2.3063211321882791,,0.1687756412959766,0.3478260869565217,False,5
0.64164010945090155,-0.75282542522494522,-0.14680548041104038,0.76624131727160438,0.63769345287338797,0.078875242429385262,0.034237605782430292,-0.16309794387820337,0.9860156423977211,5.4193461015943099,11.240226368496451,-2.6629044187194597,,0.2682670931823573,0.25,False,6
0.64521254162410879,0.75844415115073871,0.091995900540160241,-0.76387784353564736,0.64259342607649417,0.059702000959805351,-0.013835327473133784,-0.10879410989805839,0.99396802029300857,3.9458216561529595,12.34481571132118,-2.5923384614909852,,0.2061590108757718,0.2631578947368421,False,5
-0.39453748716151521,0.91798900214478141,0.040451985927833709,-0.91725656827275914,-0.39084308026366604,-0.076694684108425754,-0.054594497751686011,-0.067363777738767172,0.99623368858114969,-9.9140294606745698,-4.9103074184113007,-3.388243245734742,,0.1252985466351593,0.3939393939393939,False,4
-0.64851107360762028,-0.75974449758501916,-0.047134762093169857,0.76050182279516199,-0.64400713414833077,-0.083016797645366569,0.032716432163810524,-0.089683385057335169,0.9954328332495016,-11.041022720407124,-10.896974689829481,-3.7125140251410298,,0.07619810736418375,0.25,False,2
-0.85946311140005627,-0.49914920409675373,-0.11033237146055959,0.51076646574349804,-0.82963402742936976,-0.22544400192335884,0.02099470443777424,-0.25011487876753918,0.96798851739298486,1.0085782880372862,-16.819775054257896,-4.4434080942171015,,0.3828028169231873,0.1929824561403509,False,5
0.40976315934820379,0.90418154831010322,0.12062288728315637,-0.9114031179095945,0.41131170560612046,0.012924298667864285,-0.03792769312323812,-0.11523197701563002,0.99261426625221372,-4.0807921908762639,-13.297566775948045,-4.0674171722979535,0.5384169702353409,0.289162769247452,0.1886792452830189,True,7
0.99015609256461679,-0.13624982636600297,-0.032045236344976392,0.13851402541823063,0.98675614315164706,0.084416696896562227,0.020119073527603774,-0.088024421427932778,0.99591511892965578,-5.5132837955067613,-6.5671469519800674,-3.6035876861527179,,0.1746396904268115,0.2666666666666667,False,4
0.56628423321716403,0.8061977690191412,0.17136897163200174,-0.82308631201356108,0.56400699711100555,0.066520900367801561,-0.043024297618500226,-0.17872119191183661,0.98295861834364573,3.1372816123396445,19.681551642667646,-2.1131638615719002,,0.234795266401743,0.5,False,2
-0.8195449273082529,0.57301166461561093,-0.0019350291358985871,-0.57077659878708265,-0.81663712346551232,-0.085544624933559368,-0.050598284559459139,-0.069003194074043581,0.99633246098238692,-17.009690419026725,5.3929408496482907,-2.7197971301830419,,0.2823034054587599,0.92,True,5
-0.17688201914202339,-0.9827352338067471,-0.054260589188100387,0.98237373823184138,-0.17289338308378194,-0.071061357419086993,0.060453202865021302,-0.065873654222637509,0.99599501602303098,-6.7988394126017173,-9.425933555522235,-3.7726898467314913,,0.1249214172444473,0.6774193548387096,True,5
0.76946011506795353,0.63858827031171461,0.0116684334812202,-0.63837309851812951,0.76952394905795396,-0.017682729275090368,-0.020271122513958878,0.006157340866467278,0.99977555918590044,0.90744850813931277,-19.042646425095274,-4.5729784888734137,,0.107985736773176,0.3461538461538461,False,1
0.97050278859305406,0.23124926846421942,0.068177072156754712,-0.2409164372491806,0.94094493128205037,0.23786951582280988,-0.0091437189515860863,-0.24727800575340236,0.96890142959660908,-11.554988433584677,-0.59810445037591908,-3.0543730534467,,0.4539997848594949,0.5,False,5
7.960705507606186e-05,0.98685576836488076,0.16160348420649651,-0.99626996054023509,0.014023215253995403,-0.085144084698238837,-0.086291131571428245,-0.16099391876373056,0.98317587375465121,-11.359223407680931,-7.4206214256309844,-3.4674251751489535,0.3206894031736153,0.2067759879328631,0.4133333333333333,True,3
-0.43384427060122549,0.86637940415244585,0.24731736074716551,-0.89513518046702867,-0.38323311655092546,-0.22773973537554895,-0.10252881330021797,-0.32018604972596443,0.94179017620918681,10.588985056990101,2.9792458157740009,-3.4411376317078828,,0.5679501687217868,0.3787878787878788,False,5
-0.087694979829506123,0.99611137520831416,0.0084686889956926276,-0.99421167167799418,-0.086991679705433533,-0.063052355715533207,-0.0620704632812853,-0.01394904450600511,0.99797428912042541,4.1488192368617449,11.441238762265018,-2.6415019290545181,0.3242095166215238,0.2963025887364142,0.9928571428571429,True,5
0.53792514574912087,0.84165535343595232,0.047463708276847302,-0.84182516320701495,0.53929020627878466,-0.022281561957574188,-0.044350108931884208,-0.027970331503020952,0.99862441808386682,-2.1356647088487892,-2.1704570537842516,-3.3775226381369134,,0.29780149285208,0.8896189224704336,False,5
0.080309376430581295,0.99664393777689098,0.015851351674358961,-0.99499989526385946,0.08110393675856524,-0.058286875599673375,-0.059376868242105238,-0.01109111062228112,0.99817402029051228,-3.5848387565017861,2.614753575705695,-3.1169148404989175,,0.2606672069511716,0.9281183932346723,False,5
-0.49047308959505143,-0.86335305780330407,-0.11856494408032164,0.87047607629561607,-0.47891445562425228,-0.11363249883336936,0.041322499683272673,-0.15894163009045623,0.98642283491620097,-9.1869404500377545,-4.1683242756228029,-3.3679311271688812,,0.176772696623034,0.2222222222222222,False,1
-0.62170550868216135,0.78303110655289687,0.018561967697458812,-0.78063624209303162,-0.61752110335098298,-0.09630547464737077,-0.063947775607332599,-0.074363788813717094,0.99517873214219355,9.6296542994344794,-7.4813137550808237,-4.2061159708473115,0.1876609354005004,0.2676623260313228,0.9227467811158798,True,5
-0.018001351916797886,0.99980834285243259,-0.0076960309147445253,-0.9977905845091638,-0.018456296850090138,-0.063822524013419715,-0.063952332201646742,0.0065301354698396865,0.99793158910654611,-0.84137009163587795,-19.385604016185308,-4.5284712243873777,0.3149124267024636,0.2838024835501736,0.9459459459459459,True,5
-0.67511804141002862,0.73770621484254439,-0.0022739273017772185,-0.73522478450930639,-0.67309353371368674,-0.079935043104182799,-0.060499143844623564,-0.052293742030083086,0.99679748100532428,-8.251346454266816,-17.31757045511155,-4.1758594890420673,0.2165037525628062,0.2333174292774567,0.7692307692307693,True,4
-0.77294447067124372,0.63443205395943059,0.0072673356581452776,-0.63189057312308328,-0.76871460002135061,-0.098955380410545232,-0.057193958220527003,-0.081079175025603717,0.99506533379483941,-10.133374063509937,-6.0840757226088238,-3.4381735500999335,0.2365260140997281,0.2115378069281454,0.9702970297029703,True,5
-0.28207333721683281,0.95904138792034688,0.025966299065774662,-0.95722654314742517,-0.27951552418708198,-0.074755714379913421,-0.064435840379320666,-0.045942224524234264,0.99686374920566512,2.8761395824360059,-18.704561020979732,-4.6381280513755065,,0.2968352735819323,0.96,True,5
-0.93624789706959133,0.35116970172470757,-0.010941472631668879,-0.34886345868852153,-0.9328884001556359,-0.08951826655461112,-0.041643275863599866,-0.079994208825639929,0.99592507957662657,-0.012449345924237997,-12.352097844510903,-4.1145318328721787,,0.1032960144550417,0.58,True,5
-0.79264231571217592,-0.59973678903400962,-0.10969933099894431,0.60941200653188199,-0.77395191098346539,-0.17209138787234188,0.018307529522723919,-0.20325900561652704,0.97895383496800092,14.261586441127653,-4.0342978342646907,-4.1770582375823562,,0.3428857854612067,0.56,False,5
0.074272612598315815,0.99567598016387338,0.055793561837634245,-0.99574787606638848,0.077102828547290933,-0.050411517922827123,-0.054495378951769383,-0.0518121255568278,0.99716887101342389,-7.2036098179026196,-16.105963422057325,-4.1413601332769057,0.2156608786360381,0.1515356272736986,0.9615384615384616,True,5
-0.18120502767093724,0.98280015006796884,0.035617453209788992,-0.98101761175172086,-0.17809589655572569,-0.076722207104340592,-0.069059274393262787,-0.048843798545863286,0.99641612791237266,24.920541449838446,-12.643285146611841,-5.5758436888791874,0.1987612627705092,0.2551935936692702,0.4074074074074074,True,3
-0.16579826109305246,0.98600340979647927,0.017555981551539219,-0.98401768126588907,-0.16423919835795101,-0.068809074102495774,-0.064962601353587626,-0.028683821092309113,0.99747536251925595,-9.3003058791439255,17.222473608096795,-2.0441984048876281,,0.300178845932456,0.7272727272727273,True,5
-0.035758666978632794,0.99875280660637944,0.034844641364085424,-0.99743624835693656,-0.033505474414713604,-0.063232220013892171,-0.061985870967112652,-0.037016408255332693,0.99739036355898469,-21.343663328361181,8.9982099049542228,-2.486502392157413,,0.2556644127345492,0.8372093023255814,False,1
-0.28234199725903752,0.95722803810071178,0.063225625007908945,-0.95705136448040395,-0.27653991974221848,-0.087053768069885018,-0.065845898353471669,-0.085089105429721909,0.99419523324505765,-12.720737165341575,-0.54978886184091025,-3.0290175315531052,0.1419971416120873,0.1224804533622654,0.2608695652173913,True,4
0.49384811395444278,0.86951354093891176,-0.0077616021230426518,-0.86828041879544282,0.49262663814803992,-0.058379017834939095,-0.046937774553676558,0.035569614994216486,0.99826431760787315,7.614609280179315,-14.368767101775536,-4.5791128110012638,0.32106333745347,0.2680540794391295,0.9887640449438202,True,3
-0.52709694192588996,0.84961010664640035,0.018206605852491377,-0.84764727488702207,-0.52411200106441003,-0.082466403564518745,-0.060521989301255602,-0.058900568966290548,0.99642752460300221,23.320680022599991,1.7153217509253791,-4.2328886582283722,0.3196124979472699,0.2922217536496301,1.0,True,4
-0.81789760180686544,0.57526365445601713,-0.010735027735779699,-0.57278119401420757,-0.81585041919076307,-0.079434232481447653,-0.054453803744446749,-0.058820246243669466,0.99678230416154401,9.2916761602455402,7.0832705397910223,-3.12073504400152,0.2509925975773542,0.2199090889967923,0.86,True,5
0.57579064037888505,0.81753138704253958,-0.010371579068588415,-0.81679930155034663,0.57462216795071264,-0.0514612969763735,-0.036111486246638153,0.038102431679951247,0.99862113199207581,-4.3388500064834163,9.3954325217063737,-2.6188866254525149,0.3215955628956631,0.2614234858507498,0.983957219251337,True,5
0.3498562028851871,0.92784342115327334,0.12925642392294331,-0.93622903030159044,0.35112848179760026,0.013564368435571024,-0.032800001879606439,-0.12575919486503309,0.99151842382458821,-9.4179475890823685,-4.2190636767457548,-3.3635791307585579,,0.1672117318874805,0.3191489361702128,False,4
-0.061596497867443659,0.99810113137202572,-5.4811939826175963e-05,-0.99616415503536349,-0.061480379372286918,-0.062266677885696092,-0.062151811503345401,-0.0037808076018762786,0.99805954622994864,5.1608976853694823,2.6392207158599645,-3.2336183459794245,0.3839454931602885,0.3446299907469182,1.0,True,5
-0.28475098664925735,0.9583337947191648,0.022654215974973548,-0.95647910750339316,-0.28246943362148424,-0.073203387756792859,-0.063754156819676194,-0.042513021166746733,0.99705970258530074,-16.236528177824326,0.93258041055092966,-2.9122607455814395,,0.2814516988153288,1.0,True,5
-0.17916220943217526,-0.96563879939944075,-0.18826208276174181,0.98102492061631208,-0.16093869372872496,-0.10811494804443453,0.074101334948436806,-0.20405990776068508,0.97614985847643321,1.4438505994720743,-15.852600831484621,-4.3948041413414805,,0.2754296601056435,0.4782608695652174,False,5
-0.71096236207323937,0.68306425552761951,0.16719970853963997,-0.70229608748400663,-0.67740789821522684,-0.21885781900651299,-0.036231550062046182,-0.27302337309492331,0.96132487355938823,-4.9472712356786275,-8.1233701569556427,-3.7283527236190732,,0.2416571746462628,0.2162162162162162,False,3
-0.46656081337806538,0.88323340274195883,0.047114368305848385,-0.88262028862243513,-0.46145316545944137,-0.089679441342547656,-0.057466803739620528,-0.083425010448441125,0.99485568506172284,4.5782650893789683,-11.481600938374134,-4.2839656658711922,,0.1258424610091398,0.4423076923076923,False,5
-0.90317532676988066,-0.38994996507929652,-0.17948078963715061,0.42736619807885456,-0.85615374919818055,-0.29044601989616808,-0.040403735640964916,-0.33902770162415258,0.93990837621424583,4.864752704261015,-12.406697127128405,-4.3567625312561455,,0.3306050496487462,0.3714285714285714,False,5
0.80966754759917847,0.57496664364524563,0.11769375964788681,-0.58672478351538471,0.79773889697874545,0.13916422189615124,-0.013874104423654514,-0.18173059990672261,0.98325047586257786,14.17589590255732,-0.22661644507843864,-3.8921610411226299,,0.2016117569022116,0.2,False,2
0.048136195348985493,0.99847550778249006,0.027010498992471463,-0.99708531031677383,0.049636564228349479,-0.057940447375797961,-0.059192825982774117,-0.024142739076230289,0.99795457687315092,-4.3247238060584001,-7.1426344405306752,-3.6979156759727183,0.2943765360893696,0.1949052159983081,0.9444444444444444,True,5
-0.17909720883811484,0.98383111835439074,0.0007213487004810754,-0.98177735326863957,-0.17867589022260918,-0.064715955235055245,-0.063540682993057651,-0.012298650767832851,0.99790346466683288,-6.8743895345910397,-4.7874916290363352,-3.4418705148568458,0.3683991280175178,0.253449680970142,0.9748953974895398,True,5
-0.27203487147262251,-0.95182947212635072,-0.14148386725894146,0.96117249348863321,-0.2616912081314397,-0.087550838645616358,0.046308384378175693,-0.15980728261997221,0.98606144126920559,-5.118455789198264,0.10524558430525496,-3.1804604424855603,,0.7873354733720008,0.6459227467811158,False,2
0.99301623920841087,-0.11449180663306023,-0.028467084190028778,0.11375450199767362,0.99316071247006255,-0.026300427396129665,0.031283573063918761,0.022878492517115982,0.99924867407292506,8.3813140046508643,-23.656011201756211,-5.2508261309048336,,0.2453719855578122,0.7352941176470589,True,1
-0.30668938856192113,0.9514558912105795,0.025948141054759399,-0.94990308907846421,-0.30423663649348387,-0.071583450422037689,-0.060214120459469687,-0.046602103984846967,0.99709703820715423,-14.697293910352041,-6.9080588292337612,-3.3512680017362371,0.2275384643078567,0.1910665068661061,0.4324324324324325,True,4
-0.91839918435669876,0.39564659743827052,0.0025900016351104072,-0.39281897270326016,-0.91101406835857868,-0.12548554473367429,-0.047288400874908806,-0.11626322371356634,0.99209206727723775,-5.1397248942675358,-0.52913218828418307,-3.2226345366104829,0.7653805154968875,0.6441689264201649,0.7592592592592593,True,2
-0.20484019317633834,0.97854411642656647,0.022178987047008422,-0.9767404264318954,-0.20289007803983802,-0.069381233821752666,-0.063392701733879855,-0.035875178604983009,0.99734364034014922,19.903382748823745,-6.1080701574663845,-4.8087163278544134,0.2810062405184837,0.2151070820425126,0.9295774647887324,True,2
0.18395226887418908,-0.89628656451108268,-0.40352441940105527,0.98081035235936509,0.19435264054549223,0.015430613004445898,0.064595785317126925,-0.39861942425064467,0.91483875034311302,4.0391628590159812,2.5956440100247256,-3.2219803712922701,,0.1652067334769941,0.22,False,1
0.12354047190477485,0.98536479836945823,0.11744771575413179,-0.99035198768492538,0.12991350083754141,-0.048222637719777126,-0.062774933612583295,-0.11035713132576414,0.99190756186021933,-4.4053244757369079,13.722446724218301,-2.3682716027941031,,0.2614971394942862,0.2444444444444444,False,5
-0.93375773367951576,0.35738567339970301,0.019286659698744459,-0.35569140026159174,-0.92064736153236804,-0.16091010994787647,-0.039750755636120322,-0.15711115858566599,0.98678060442746207,-4.6427480739016858,15.914510064793598,-2.2344519268242387,,0.2052843408174282,0.1785714285714286,False,5
-0.98408801435365889,0.17685158022781428,-0.017155132654646407,-0.17421798722056986,-0.97936739870226674,-0.10240894144541376,-0.034912360766452474,-0.097790679157482935,0.99459444505568828,20.933106398161804,12.566698160211445,-3.1536424016925015,0.2302654162771113,0.2309482314593957,0.7727272727272727,True,3
0.075214485806246414,0.99667886433457986,0.031209333758278952,-0.99542788565030782,0.076894356481582646,-0.056662001474030388,-0.058873640915622659,-0.02680483780993638,0.99790550408108436,0.49386968769954642,18.151643699302838,-2.1641100172316952,0.3237824855693593,0.2961965510933649,0.8793103448275862,True,5
-0.95669117443246199,0.28944103180727854,0.031078704435277507,-0.28923963688568521,-0.93306274444892079,-0.21385590329866014,-0.032900292054544852,-0.21358324847184723,0.97637071174576884,-9.6106695011185721,-8.6136842275416239,-3.6357808999926635,,0.1185636326681756,0.3695652173913043,False,4
-0.53500860722777566,0.84484122079444701,0.0030169253793817137,-0.84240509837229494,-0.53318780645748431,-0.077874342895600038,-0.064182867095205653,-0.044204917052353104,0.9969586174359667,19.370578312808146,-2.0431962163028752,-4.3840174215917376,0.3301403658736141,0.2502040089293808,0.8412698412698413,True,5
0.83634999982251335,-0.52334174690803736,-0.16319342431644013,0.54553942238339026,0.82383343849425372,0.15389998130062188,0.053901914831282864,-0.21774269577181812,0.97451665045577462,3.3821406355971249,20.72793379389633,-2.0239001869512037,,0.4450476978040268,0.3015873015873016,False,1
0.88074626253998267,0.46735351007667497,0.076594501374857876,-0.47177716116572521,0.87995833241343513,0.055674441340493215,-0.041380324119821073,-0.0851705925491755,0.99550672470885948,-7.981933027117555,-6.5856332100698332,-3.550116075833655,,0.280577717633135,0.515625,False,4
-0.12147468065205572,0.97865841546139098,0.16574561172798213,-0.99161846588236213,-0.11224798230291841,-0.063978188392897872,-0.044008181984654796,-0.17212813923215939,0.98409104436677119,7.2655923710362691,-6.743985090318481,-4.0548589552616825,,0.2834082647142814,0.1463414634146341,False,4
-0.27193723698556083,0.96229653762709,0.0059592626703711109,-0.96016564520604208,-0.27091100007696667,-0.068477469311916547,-0.06428120181457099,-0.024343453087295255,0.99763486476017982,18.141065441922816,-11.408718728132929,-4.9448023632750804,0.2952702028042401,0.2539701218763009,0.9777777777777777,True,5
0.25194945897766136,0.96758396497581722,0.017399449489633231,-0.96647891181612211,0.25249808354800823,-0.046510545248468267,-0.049396185435622797,-0.0050978942968326569,0.99876625310337241,6.9611778957337824,15.300521264142088,-2.4686998363907762,0.1669063752065009,0.2085469760807981,0.7727272727272727,True,5
-0.95710087251473919,0.2889701709060678,-0.021311033715993629,-0.28685718145502059,-0.95533860184990815,-0.07100079762330852,-0.040876365777888182,-0.061841702288848138,0.99724857812824752,-1.4946779792234997,-10.289948558204813,-3.9385991186810556,0.3855226031907614,0.3337325227586329,1.0,True,5
-0.80536920549159285,0.58257517294862404,0.1094833809750257,-0.59014206090387111,-0.7706157265093263,-0.24059041961108218,-0.055792390143941419,-0.25837486317439134,0.96443228859347196,-9.4584684608447436,-8.9456399892746301,-3.6491854760579741,,0.09004812934268928,0.1111111111111111,False,2
0.47767807102432014,-0.81727459611180298,-0.32231334910731502,0.87471743864963392,0.47660290202517963,0.087858273960972844,0.081811142179467014,-0.32390107800293966,0.94254709626831101,12.42489452505303,2.4347977064634954,-3.5689791795046735,0.4274733785215721,0.407783461165905,0.2516556291390729,True,7
-0.9835016780446294,-0.16350951339385988,-0.077389200235580644,0.17761437448299061,-0.9539712635200871,-0.24164428889362752,-0.03431593304014352,-0.25140299800836519,0.96727397842182861,9.0815325578235928,-1.4184230126051696,-3.6786487806654087,,0.3269643083726674,0.2170542635658915,False,5
0.66003388913313921,0.75122816807865334,0.0033918550932767874,-0.75060239969742693,0.65965601306524324,-0.0380786291157207,-0.030843196401275332,0.022587251095668032,0.99926898947365239,-8.5431748194699733,11.065503246188992,-2.4307362939087791,,0.3642083104686584,0.9779411764705882,True,5
-0.94734553256725162,-0.31980089079424312,-0.016242911440996356,0.30505961177608204,-0.88593252034652636,-0.34937401542684776,0.097339997883180124,-0.33593296896800967,0.93684255089766388,4.0445750390106721,4.8431428473919329,-3.093502188508543,,0.2485251164500504,0.3378378378378378,False,2
-0.61895855929208043,0.78530514041931965,0.013643251447738222,-0.78309937247470773,-0.61569842678594977,-0.087583218044477607,-0.060379422892176786,-0.064894404106212403,0.99606377386536271,-6.9578868791797905,-13.462322439212691,-3.9914213591909826,,0.1903239038787514,0.8194444444444444,True,5
-0.90238941731608846,0.430815679889061,0.0095493181776111127,-0.4289941780826948,-0.89603928009836953,-0.11435735084352996,-0.040710375668670286,-0.10729146509635887,0.99339378235943976,22.052612115793323,4.4910419485438506,-3.9990764603812554,0.1699954189085192,0.1905736747103544,0.8,True,5
0.79701038438054606,0.60058855136376166,0.063779613987174855,-0.60361250215197904,0.79570104437341016,0.050117813488742932,-0.020649320458604653,-0.078442590178061489,0.99670475348056575,3.8723538875775674,-13.308258853206988,-4.3772082824292919,,0.2252168173450847,0.3142857142857143,False,5
-0.323367223879786,0.94617638509721169,0.013560486888475227,-0.94365715054822441,-0.32137509450268603,-0.078925476575028033,-0.070319419362548555,-0.038318362670680992,0.99678828361029181,-2.9186582909253103,-15.226579163660595,-4.2083302287489124,,0.2284508265098739,0.2777777777777778,True,5
0.066996872478127203,0.99328133958424258,0.094358886766862021,-0.9960325533608565,0.072133200453827831,-0.052114815913904905,-0.058571082656903778,-0.090492993242680578,0.99417324770402971,-6.1964577942239609,-6.1649022271921421,-3.5646673317822639,0.2872146881155862,0.1266870636049914,0.2115384615384615,True,4
-0.92628593182406826,0.35188214182578526,0.13480849664956573,-0.37571467050163976,-0.83504202394679405,-0.40192450113508471,-0.028859294424195853,-0.42294654095634854,0.905694962235298,14.961597826071793,-0.46282631353932713,-3.9937818759075707,,0.3887892438777971,0.2459016393442623,False,3
-0.93653699887908082,0.34839881022261282,-0.038945073706862413,-0.33674159995480296,-0.92492195308390657,-0.17642130133102429,-0.09748612511760181,-0.15211064965649282,0.98354400291529187,-5.8189249527773068,0.52514639798930973,-3.1327125499080259,,0.4665272101256216,0.8593272171253823,False,7
-0.41499906060303404,0.90981123560221355,0.0043926382249103125,-0.9074900714854095,-0.41358520363479223,-0.073546240487032261,-0.065096465756660782,-0.034507896289736578,0.99728213422263368,14.042886257815891,5.2109791832567076,-3.57039109755822,0.3241984424542076,0.3175432934173525,0.9827586206896551,True,5
-0.83503212844692698,0.55012901796480385,-0.0089111197094336771,-0.54755345962481961,-0.83249171937662692,-0.084514768071852861,-0.053912459731368961,-0.065693232242206342,0.99638237937213914,4.181333573741024,-7.3667623723557778,-3.998258237289209,,0.2180367667501948,0.940251572327044,False,3
0.69912829508778562,0.69232405460820867,0.17862539130397068,-0.71455855120474943,0.68528503986626033,0.14067868010351919,-0.025014074194668365,-0.22599074659451993,0.97380823499590285,4.4849086951690555,17.405518174673727,-2.3256675576792647,,0.3083738541948003,0.475,False,3
0.92790468734284237,-0.35111563630754061,-0.12534233581489435,0.36830204698870994,0.91547416186628727,0.16205141510997834,0.057848884095625615,-0.19653210652606129,0.97878937351879769,16.170555633333628,-9.5250953283269997,-4.7418697862770838,,0.273503718105217,0.2608695652173913,False,2
-0.46269488094169797,-0.87606029044543476,-0.1357638193887046,0.88553693771356301,-0.44952994135635421,-0.11724829964241895,0.041686677670851872,-0.17447406491743622,0.98377894954911138,13.499366064108584,3.0673252798817687,-3.6300025248111276,,0.2467637570928065,0.25,False,3
-0.47972906757249545,0.8764606454256002,0.040948244726294922,-0.87499916805664046,-0.4744240294442828,-0.096427673341410058,-0.065088229551981777,-0.082088837889147587,0.99449733286107789,-20.327781226294945,12.785837605235658,-2.2461053035523757,,0.3414648767491268,0.9622641509433962,True,2
-0.47449203897036157,-0.87736098105798999,-0.071379365860944191,0.87924521771041808,-0.46849223985083527,-0.086272059978345972,0.042251060189169368,-0.10369537172173615,0.9937112849295725,24.559219340184754,11.968453569954921,-3.3351558632911225,,0.17631007980551,0.4583333333333333,False,1
-0.8839086381926744,-0.4279064918101545,-0.18868373961499504,0.46758105019806601,-0.81603203490462584,-0.33979358367263318,-0.0085720956624822809,-0.38857142493516339,0.92137873152130623,7.3795437514009592,13.070198753886455,-2.6383860656062459,,0.5661945282169494,0.2446808510638298,False,4
-0.65330883637698434,0.75696657518957622,0.013753848825525579,-0.75478001533675954,-0.64978820386437686,-0.089902272312491732,-0.059115926449587075,-0.069115079139590377,0.99585561858912863,27.161998864486108,0.032882397876822234,-4.5316615840242953,,0.3104715452883934,0.8823529411764706,True,2
0.84335915731841316,0.53677100497189401,0.024944337807182297,-0.53721032477283592,0.84329000070480342,0.016341409631891089,-0.012263715776232035,-0.02718203327118637,0.99955527027903968,8.6594557657965119,21.86417275951597,-2.0381460635850943,,0.1626570978523944,0.3333333333333333,False,1
0.45037312079930525,0.89255857757965373,0.022432959021908963,-0.89180034183210155,0.45091886855343671,-0.036936760694931223,-0.04308366708673269,-0.0033703963376506387,0.99906578264841284,10.368853927917383,12.795411127551752,-2.7358248330949051,0.1764654503063783,0.2185790177517592,0.6896551724137931,True,3
0.95119911227464149,-0.30495116195094057,-0.047170304564476115,0.30570341532808798,0.95207962356219877,0.0094769327530125555,0.042019884158298576,-0.023434573229178458,0.9988419044638096,13.668103435626692,-12.548538087344328,-4.7404316868436247,,0.113015821818812,0.3636363636363636,False,1
-0.99806009361980919,0.058209206726492151,-0.022084786072999973,-0.055428926508404711,-0.99232564136655765,-0.11053259968252035,-0.028349314449269344,-0.10909404080298302,0.99362709636539881,9.9642480553436847,17.155355499424047,-2.437469262809663,,0.2460487370557186,0.7115384615384616,True,3
0.99442609384235492,-0.076043641976875048,-0.073034980662205387,0.093577707181491068,0.95570432535276673,0.27905636566949754,0.048579384558586174,-0.28433537770897599,0.95749330879072092,-11.360861096462015,-3.9368526078191111,-3.3015067099740869,,0.4006840697707561,0.28125,False,2
0.86733303751376245,0.48954222191586649,0.0898989154485655,-0.4976422346192439,0.85627839897617741,0.13834561709704213,-0.0092524786039847179,-0.16472922147716387,0.98629542999611008,-1.881181039464495,-18.860947172469345,-4.4659975202943816,,0.843643602352399,0.3703703703703703,False,1
-0.46274217539099016,0.8864815315323048,-0.004491477101498895,-0.88407018239623059,-0.46184593113452332,-0.07154193520153948,-0.065494974710356799,-0.029134689746491006,0.99742748014132121,-19.654955408419976,-2.1859724447154196,-3.0997142891163034,,0.1001952335541347,0.4285714285714285,False,1
-0.39411323328445275,-0.87796483454251817,-0.27175818047816652,0.91787451384975938,-0.36097784702354085,-0.16492838076970906,0.046702635633799588,-0.3144403651966115,0.948127692117406,6.9544328582588779,11.651488078348432,-2.68195203966782,,0.3162001923274197,0.2,False,2
0.56841156947576799,-0.81996968480269505,-0.067512989051463065,0.81923011994440831,0.57165120394897295,-0.0455731455965089,0.075962479303699426,-0.029404370903976282,0.99667702126103852,-15.5003046057303,-8.5077634450439987,-3.4599481798734315,,0.2577931901573335,0.6363636363636364,False,2
0.49457434446973397,-0.86774250710501599,-0.049184948464287372,0.86668562190721765,0.4966358916588996,-0.046998126510212047,0.065209282863968474,-0.019383820038151596,0.99768332498298062,2.5216785328700002,20.608555594940636,-2.0242489762714655,,0.4167196346099219,0.2413793103448276,False,1
0.14484261124418191,-0.96710350003807299,-0.20912063069452452,0.98707545248110273,0.15587824169184328,-0.037202484813330376,0.068576009487236869,-0.20102933612079649,0.97718193645893714,22.930928628157339,3.1585057758463044,-4.111831867518899,,0.2959120129762708,0.2444444444444444,False,2
0.67833087607880638,0.72635640680543623,0.11078624847360644,-0.73420851097273454,0.67589824874004023,0.064026711342596118,-0.028374019337412598,-0.12477150172552996,0.99177970708408691,9.259346699649555,14.460432360275343,-2.5689204948879349,,0.3791153251399275,0.1818181818181818,False,1
-0.59636882721390372,-0.80174287741376571,-0.039402797410954003,0.80192479418319951,-0.59289543507435971,-0.073427702825429306,0.035508399031028169,-0.075388073223033883,0.996521847233653,-13.210736594579206,-4.5089880431822644,-3.2745421728261612,,0.08462639075421165,0.4761904761904762,False,2
-0.17969780467178129,0.93840479220540407,0.2951358076582275,-0.98220877160650444,-0.15452212830024742,-0.10671851219354189,-0.054540150122488813,-0.30906206145609955,0.94947670545049279,-2.5309436645948873,15.301874656659139,-2.3146531593435977,,0.2889902208005501,0.3684210526315789,False,2
-0.95678034893046526,-0.28727820338832022,-0.045195107682977471,0.29072472410938538,-0.94867084378316779,-0.12451009978011715,-0.0071062431719488223,-0.13226815192521513,0.9911884973577274,-21.706959372549868,-5.7956357299447889,-3.248275353174042,,0.1192439436470698,0.3448275862068966,False,2
-0.85178227254920236,0.52372424914548243,-0.01341160049799333,-0.52122363871019706,-0.84974210456817645,-0.079147167818877734,-0.052847692670725678,-0.060425711258105169,0.99677271973019688,-24.514866089227784,4.440884289767828,-2.7537615479674682,0.3123614487687149,0.3012703843186345,0.9534883720930233,True,2
-0.088977428512253348,-0.88274488247269423,-0.46135072307694208,0.99430009693121424,-0.051404107030697116,-0.09340736064655572,0.058739547648291715,-0.46703221542913625,0.8822871274666928,-1.2681959606688065,15.27172466310091,-2.3268888231297877,,0.6114887874470196,0.3012048192771085,False,1
-0.35091448553596583,0.93521965977041355,0.047150947179680935,-0.93540545712088963,-0.34776547973867339,-0.063842007256905073,-0.043308828539788437,-0.066508338432432576,0.996845517765651,9.7030210471135128,-9.6267090448017889,-4.3700701196366607,,0.2076887104568086,0.2173913043478261,False,2
0.67405879164315585,-0.73618268302292023,-0.060661376721459839,0.73610443559058614,0.67629051476808377,-0.027953524618281503,0.061603614442930464,-0.025810789447332082,0.99776690556245251,16.742020667666136,-2.5662124279585701,-4.2169055012994283,,0.08359608680922105,0.2758620689655172,False,1
0.08000739176703911,0.99653387203549126,0.022782869630214784,-0.99504635012798515,0.08119919287086115,-0.057353745946510104,-0.05900490114907106,-0.018081287649737269,0.99809392778300998,-21.77550568373039,1.665026156074896,-2.8914942940207395,,0.2700670481073183,0.9722222222222222,False,1
0.81857797888204176,-0.54754319193859646,-0.17357000158750469,0.57174916253416985,0.80568827696615497,0.15482020378744318,0.055072566953688749,-0.22597091255514129,0.97257604281008769,16.90907863794466,-12.238960577895321,-4.9252676624047602,,0.3114391990487791,0.1320754716981132,False,1
