axis_00,axis_01,axis_02,axis_10,axis_11,axis_12,axis_20,axis_21,axis_22,location_x,location_y,location_z,dbh,dbh_approximation,score,reconstructed,number_clusters
-0.94682093763770314,-0.32111339214441098,-0.020403466283197433,0.31577359189757714,-0.91515625235056741,-0.25055153650250461,0.061783094054621387,-0.24367031655327515,0.96788823017942716,-2.1723822328358464,-20.544999803941902,-5.1676121275950235,,0.1852480324395464,0.3333333333333333,False,4
-0.56080943661739913,-0.82776782216207878,-0.017123328938142571,0.8208017706974855,-0.55314124708720547,-0.14254548042881832,0.10852294237048157,-0.093995709284305048,0.98964012530585721,10.785067357194707,-4.4346271180907681,-2.7108207551945607,0.3222201265495201,0.2426969017197274,0.8953488372093024,True,5
-0.63591495371771156,-0.77160278445096986,-0.015534306090417432,0.76455174684346205,-0.62710410500510683,-0.14900022779967273,0.10522736353634966,-0.10662825382258706,0.98871513463177796,-14.428181356796106,-2.7930511887039078,-2.2905614013965825,0.2827418839405424,0.2385642810981919,0.875,True,5
0.013911902869792533,-0.99977414553965482,-0.016066015965245754,0.9947400289788848,0.015469017322291957,-0.10125702074508702,0.10148267687457707,-0.014572831349353563,0.99473056597293441,4.4051878080441913,17.825223274777183,0.6430905768345756,0.2259954212240714,0.1848257644932568,0.8867924528301887,True,5
-0.86243816517833094,0.50488075401545818,0.035997714769356648,-0.50480825198291834,-0.85275401873235668,-0.13408658495824816,-0.037000540182328158,-0.13381333177451857,0.99031558215834337,11.961546930706406,-2.4745304267066963,-2.5127753573384051,0.2314640708028444,0.223439993065243,0.9307692307692308,True,5
-0.95671283320773293,0.28870113621377025,0.03677239079131675,-0.29085858518207319,-0.94409346487372592,-0.15520571190714696,-0.010091491540595512,-0.15918286192803457,0.98719753761184248,12.999301578487275,7.029052642765957,-0.90973066681459092,0.1692860579023982,0.1951774625895003,0.9444444444444444,True,5
-0.8402151304698966,-0.54206522655866451,0.014276718297857177,0.53566206768377123,-0.83380709317348567,-0.13353606486012351,0.084289286236148453,-0.10455152571571648,0.99094111565537268,-3.9269135601691216,-5.8838103856787729,-2.8605809276742566,0.2732768329657965,0.2314574449335335,0.9780821917808219,True,5
-0.94346612059242563,-0.33114195272357738,0.014720273118921854,0.3249163056636174,-0.93268930188220422,-0.15658882612879552,0.065582570917784633,-0.14295339555569692,0.9875541772940416,14.213013754062198,-14.919644543898427,-4.4020264885585059,,0.1205443169585819,0.6129032258064516,False,3
0.97913239361725446,-0.19130438964476981,0.068573947472700472,0.17232068115352597,0.96042037514577694,0.21885677017545135,-0.10772807719499812,-0.20247304390334922,0.97334440352651219,5.818901816257732,9.6130701248090986,-0.50023372034929203,,0.3609713520570838,0.2242990654205607,False,5
-0.39998041717994687,0.91460369690469123,0.059293705237813882,-0.9112035212005698,-0.389865119919512,-0.13309143932585665,-0.098609374930782298,-0.1072626024223603,0.98932852243192937,-27.236200713042532,6.5452754746163402,-0.81607272037771661,0.2106898347785985,0.2976101131845561,1.0,True,5
-0.84477196337330329,-0.53512315679532707,0.0018806806789718519,0.52880117345802036,-0.83532021976744553,-0.15036438872647087,0.082034436962980045,-0.12602911373594738,0.9886288553562943,-10.895845831558072,-4.1589581597165957,-2.4775395531363662,0.3039789567399512,0.2813499355000388,0.9857142857142858,True,5
0.91124298112116431,-0.41186805479054733,-0.0009668507970996866,0.41057206010356267,0.90855679404431677,-0.077169524154480695,0.032662100663150229,0.069923225318652693,0.99701751726903309,-2.5136499129349383,-13.556843237827803,-4.1135893317394476,,0.1278299462568235,0.3846153846153846,False,3
-0.96210041681043434,-0.27210331839408702,0.017960292094337898,0.26684116703826938,-0.95297571317014407,-0.14364220021118015,0.056201241506235733,-0.13340567539194303,0.98946669788648101,-14.636564119294441,7.6443631495156392,-0.61597189573944455,0.2941949630452727,0.2379082826713765,0.9642857142857143,True,5
-0.95450984808468564,0.29602573854021974,0.035773062925427368,-0.29797401938882229,-0.94251109464971983,-0.15127564321944123,-0.011064975310364055,-0.15505353457404095,0.98784410092760933,15.405740161477871,-14.10243134219489,-4.3607471133030877,0.2465182977801501,0.2155018706613412,0.8867924528301887,True,5
-0.23964035207779988,-0.97047337723664318,-0.027457708042213001,0.96347668082189486,-0.23424064217010548,-0.12978446389364201,0.11952065582338275,-0.057556456029188949,0.99116197828655017,-20.368733327241056,8.4508546260274446,-0.54840200260138494,,0.248923545042524,0.9117647058823529,False,1
-0.97102549139600114,-0.23838161547393261,0.016843410082085897,0.23326832224399666,-0.96078871604127736,-0.14990307857153926,0.051917096380923386,-0.14163067652098649,0.98855721461713175,-13.505462403444968,-12.367287670149667,-3.8206351562283656,0.2697395472600118,0.2519466992926617,0.9809523809523809,True,5
-0.86914132939902899,-0.46065777441728595,-0.17996600901114995,0.48886139605737278,-0.74512171770255931,-0.45366084386116395,0.074885812910889429,-0.48227382333784202,0.87281388299440732,7.960177480705771,4.8439109524196589,-1.3411753230622259,,0.4963798445338188,0.2447761194029851,False,5
-0.76210979388498046,-0.64732746664111473,-0.01248250762422725,0.64114561241286938,-0.75186775191309663,-0.15371137666702744,0.090116401106119196,-0.12514805058466841,0.98803694247054263,15.192270271441668,-0.73316042168356832,-2.2704436504651029,,0.158177292641377,0.5483870967741935,True,3
-0.71145140751672731,0.69960726110968674,0.066231223339667966,-0.70083469975104662,-0.69944203802301375,-0.14004127631192162,-0.051648991929433619,-0.14604970266595638,0.98792806721130155,18.002007809748196,8.0075576223371066,-0.87564257022655279,0.1715638949457864,0.1886584655339304,0.2758620689655172,True,5
-0.99965821234202479,-0.0015882391188820201,0.026094750308246824,-0.002316420148199693,-0.98884583081749189,-0.14892466912020308,0.026040213033796583,-0.14893421491170594,0.98850417648778266,-10.330925778391402,8.288960837337088,-0.39720585852730905,0.2698974987151376,0.2367850632262204,1.0,True,5
-0.97792785008732031,0.19592966837385578,0.072585708472830135,-0.20634073739967296,-0.96025637656945684,-0.18796593134676551,0.032872786814492065,-0.19879450774256469,0.97948972612194418,-30.150739210708313,3.3397030353998063,-1.2013730988225582,,0.2596991528863625,0.2105263157894737,False,2
-0.92872841190143285,-0.37060412477399984,0.010775881752341808,0.36479025849412061,-0.91858162834039403,-0.15210476449902144,0.066269180127984842,-0.13733307968587879,0.98830563136570104,5.706277646976905,12.996476705465769,-0.0053794223131746069,0.2242883910608425,0.2252112709463505,0.9523809523809523,True,5
-0.97384546244912895,-0.22676701906668514,0.014203321120534939,0.22226724492155175,-0.96376101836842509,-0.1475193929910239,0.047141140230441796,-0.140504158433361,0.988957175190467,-5.5209561277656674,9.7122894987623667,-0.41931557158343402,0.2366463770097091,0.2215240982757659,0.4318181818181818,True,5
-0.99772350651625008,0.061392199106737509,0.027907031976871277,-0.065070975017938029,-0.98507604731478227,-0.15934537714317484,0.017707985631751612,-0.16079856621103444,0.98682837836644255,-9.2433185080320523,-25.33380163193188,-5.8168570127363513,0.2059651093886249,0.225457884753671,0.9761904761904762,True,2
-0.038723302824745995,-0.9992092221753579,-0.0090241973637208376,0.99227442305734925,-0.037386188366693177,-0.11829514895216348,0.1178642234291111,-0.013535259108214823,0.99293747114122233,17.23079775782011,-7.7487118993976232,-3.3892656363341565,,0.138617115641857,0.8529411764705882,False,1
-0.95402528917924678,-0.29956333876499025,0.0098769263653977549,0.29391033406473921,-0.94146568514325479,-0.16510323808967553,0.058757664490762938,-0.15460973373534576,0.98622683349109774,-3.1887733426059763,-20.230380713234453,-5.0594041293938492,0.2627698000421714,0.2644276832215307,1.0,True,5
-0.50445842686127296,-0.86343596069827966,-0.0001932399791670248,0.85605588481715467,-0.5001174279606998,-0.13057901944758804,0.11264997842240727,-0.066037110952965702,0.99143788627347607,11.191166466693669,-8.838217645354538,-3.4697104113239861,0.2405756385417522,0.2102521061958713,0.9724770642201835,True,5
0.46171937909316979,0.78565201776565974,0.41178407199716305,-0.87879465156824033,0.4682534076816407,0.09197122685702222,-0.120561914985091,-0.40433853783095958,0.90662846385928619,7.7551737083208536,-1.5489940925060184,-2.3619977000186694,,0.4800049601412815,0.2456140350877193,False,4
-0.99509575411835716,0.094293829938580154,0.029885009137224947,-0.097907735465561654,-0.98195554829275211,-0.16179424128529998,0.01408955186027994,-0.16392673611279637,0.98637189219674237,-4.1711438247694375,1.1507156715656406,-1.6962008437956866,0.3010894226786339,0.2808041268474568,0.9962894248608535,True,5
0.91918598301687215,0.39041953148813352,0.051669314470901444,-0.38770532818290698,0.92012035740965203,-0.055345337463230421,-0.069149888820524585,0.030840189897613324,0.99712946780405032,-2.7594620119296214,-13.087361489663419,-4.038240118664727,,0.08513047672386906,0.2647058823529412,False,4
-0.94097318775007655,-0.33815436247527214,0.014868997087955315,0.33264108900840539,-0.931970287496377,-0.14415716814374063,0.062604838780731711,-0.13070199066143917,0.98944308770053868,-3.0398558628205623,-16.478537348376978,-4.5100645427787933,0.1913107715697177,0.2306295709930967,0.9316239316239316,True,5
-0.99121300879069496,-0.12864637641081644,0.030771432213402179,0.12078651072586251,-0.9751176523005135,-0.18589293423529052,0.053920219127601456,-0.18054272072919889,0.9820880489858993,11.354494659742981,-13.265310936346584,-4.1662223000404435,0.4685002713446391,0.3335952308707738,0.9102564102564102,True,7
-0.99304153191158617,-0.11568812802693411,0.022017559635741098,0.11119324817127796,-0.98267640627926856,-0.148267130892797,0.038788883198801638,-0.14478721482121595,0.98870222259510698,-8.5466482048417429,2.8915281216503019,-1.3762705398797623,0.2945128738027899,0.2619799189189299,0.9912663755458515,True,5
-0.99026544958922769,0.13220706495352513,0.043538848471444194,-0.13813350340542699,-0.97192056632437696,-0.19049815745210119,0.017131099987680469,-0.19465791720882306,0.98072158163320522,14.680521386643569,-21.557287580502301,-5.5263592365316843,0.1994943761814131,0.2755468157074995,0.6222222222222222,True,4
0.079641639975126924,-0.99681058591552574,0.0050857633467214364,0.99004103495796325,0.078504563300678731,-0.11685795925111453,0.11608599519941117,0.014341873926244664,0.99313561630365799,12.034524858266959,12.503669533090969,-0.076986917777782243,0.2767973962864674,0.2619926304201831,0.9629629629629629,True,5
-0.99885630594173791,-0.039813103121249548,0.026476346052324275,0.035733325707605568,-0.98952334094879479,-0.13988097494444915,0.031768058081976601,-0.13877490600750628,0.98981428356450207,4.9426786909877798,13.849989347064062,0.12855313734075915,0.2454361182145166,0.2139298641445063,0.9431818181818182,True,5
-0.95716231863751122,-0.28922977892387608,0.013653965142375754,0.28396225057533497,-0.94686143194146144,-0.15105915712049842,0.056619219604777504,-0.14071092240977817,0.98843042258215397,3.6339240059124545,15.491270480172734,0.36168447580077057,0.14868204364129,0.1782556235243761,0.6136363636363636,True,5
-0.41301190099661123,-0.88708575483448715,-0.20615536181456526,0.89780634817166494,-0.35859165092254996,-0.25564778323173409,0.15285591522026556,-0.29067316948485111,0.9445338414920913,8.6693413381825479,-2.8451199770717794,-2.5077265186018947,,0.5619596904592504,0.5155709342560554,False,3
-0.87641775981933467,-0.48147263892857084,0.00871827026514751,0.47554488144606455,-0.86819444133611268,-0.14175851919204943,0.075822002108269518,-0.12009375502594789,0.98986287636220627,8.9206520031729326,7.6462953002232066,-0.88971310269508774,0.1292900984774263,0.1163557385416611,0.639344262295082,True,5
-0.87813503308120588,-0.47840126741816652,0.0033303165256308113,0.47154935965782385,-0.86669090380111302,-0.16275158578246113,0.08074691995218862,-0.14134746053998123,0.98666145679109862,15.211833546895482,-9.5806378415915088,-3.61723645327816,0.1035819205033421,0.2189740282187935,0.5471698113207547,True,4
-0.81016560095882273,-0.58611207443717739,-0.010214461414006799,0.58064208628271863,-0.79996689303545954,-0.15135302337398296,0.08053860354067012,-0.12855195932440089,0.98842699633993014,13.356463205137427,-16.32091252748188,-4.6575268333720441,,0.1557260907037081,0.9,False,4
-0.95454070198106677,0.29669072369164518,0.028751743196225289,-0.29776752739634454,-0.94467230384324385,-0.13758175016973173,-0.01365825353993338,-0.13988871586667406,0.99007302724769419,6.4438797977541142,10.009676919546935,-0.4723828291070018,,0.1767052564572689,0.88,False,5
-0.012267759530329252,-0.94440932430778513,-0.32854304168041437,0.99320563067432699,0.026517284356610656,-0.11331111519688952,0.11572414299928145,-0.32770087242920654,0.93766735089594455,4.7723249319045511,7.9216727073533528,-0.73981962025050241,,0.5180979115598919,0.2459016393442623,False,5
-0.96924128181521529,0.24393263830609566,0.032683414665923533,-0.246087480165085,-0.95866766844044748,-0.14281895389952096,-0.0035056712903735587,-0.14646900510340763,0.98920904808479215,11.239204013209447,-1.1921641875409139,-2.3120802022631355,0.3596315316453157,0.1054253775071202,0.5,True,5
-0.78280074711303027,-0.62219970945985559,0.0095137725089910266,0.61563035670663202,-0.77658253627595775,-0.13386122759210783,0.090676646500333802,-0.098929701805233528,0.99095441866928546,-10.848364632604921,4.5422222918160786,-1.0690467060947244,0.2716012071539857,0.2544801438100422,0.8888888888888888,True,5
-0.97078307171471945,-0.23979104681257873,0.0089711504647924101,0.23454064636481495,-0.95609972732827575,-0.17568152038723964,0.050704170192490516,-0.16844454657638813,0.98440617727326685,13.14627548673236,15.55770790555645,0.27510577001631448,0.2374072126010445,0.1909648138173975,0.7073170731707317,True,5
-0.90672762679148766,-0.42169360644798698,0.004417362784160021,0.41606561083463184,-0.89623717509315792,-0.15378014651391256,0.068807109326588844,-0.13759879455113749,0.98809521476636664,18.995174645413407,2.4781545045004387,-1.7838957221252851,0.3216477784366786,0.2832426411245972,0.9473684210526315,True,5
-0.48946447202314697,-0.8720147727819576,-0.0038427434383226291,0.86490624766646629,-0.48490315295926745,-0.12963840093766199,0.11118324232821544,-0.066777004276862353,0.99155389078213652,-20.106233031513131,-11.038820187527328,-3.7201392707231826,0.2447032991312639,0.2506608783302335,0.9591836734693877,True,5
-0.99783849406174252,-0.062016347351129195,0.02173275016694845,0.058164239439256388,-0.98740924642080141,-0.14710506902604981,0.030582037522829432,-0.14552303166141822,0.98888208914765141,-6.0156322112986302,-18.578598199530635,-4.8297278124298426,0.21149750262476,0.2179867524984444,0.873015873015873,True,5
-0.99062220262440492,-0.13568782553585845,0.016014545542188764,0.13120561999568403,-0.97743645575457272,-0.16553869711788644,0.038114786489242256,-0.16188511038168291,0.98607326000028517,14.494903845941908,12.220817330439818,-0.16486037874301762,0.3841633256554169,0.2862161107681348,0.7037037037037037,True,5
-0.93088771655370006,-0.36505903749819607,0.013414854092701173,0.35935606139773535,-0.92171011129261149,-0.14599209525747708,0.065660340435797312,-0.13108153905814479,0.98919479871863603,11.428848884933021,4.5019799496782928,-1.4085985480156595,0.2939702880402723,0.2546059338842839,0.9893617021276596,True,5
0.99491415700883379,-0.099522153222316653,0.015529365775713419,0.099805491933656551,0.99483157024781188,-0.018681825878485325,-0.013589847802054323,0.020136729035941801,0.99970487053952606,11.036542965334517,6.4341512389839224,-1.0416805063518733,0.152375525583425,0.1434449331440129,0.6716417910447762,True,6
0.65728106338924874,-0.74617110293890976,-0.10587865152536818,0.75107957770618961,0.66012985133909763,0.010394581459280433,0.062137522179365787,-0.08635545443081627,0.99432472755506651,-10.882105307775719,9.2157180316058955,-0.28900090603232775,,0.3846686327007854,0.2972972972972973,False,5
-0.87429174295864898,-0.48539812831470669,-0.0016140702916502443,0.47841155679335162,-0.86113585354726319,-0.17195180738214799,0.082075151665340157,-0.15110823526203043,0.98510404055363887,-10.9025373782962,-20.795686901572811,-5.1667241511004782,0.3615619129904113,0.2706427799783309,0.4666666666666667,True,5
-0.9994468137484962,0.029764092077296515,0.014837968553414222,-0.032038167614595013,-0.98137014314424642,-0.18943652752555212,0.0089231330751600897,-0.18980711516656684,0.98178084964429191,16.002058460895537,11.001624101306581,-0.35939688824140831,0.4151529926204576,0.1462955535874974,0.4,True,5
-0.99557294850511791,-0.091505712779460485,0.021475770848750061,0.084800837192437653,-0.97300209210229627,-0.21465261884266784,0.040537910852519503,-0.21188117729821324,0.97645432278752087,23.995784842547064,-4.8444589004424339,-3.088824061045385,,0.1891089442051407,0.1818181818181818,False,2
-0.27370953872478881,-0.96149808414180327,-0.024587041357296939,0.95467107843160037,-0.26847916894066165,-0.12853819607874173,0.11698812083843683,-0.058654667645241867,0.9913997223855362,-22.470799335442038,-4.2866036994736172,-2.6652005911007204,0.2398294986532331,0.224584729020094,0.5625,True,5
-0.94141619718461322,-0.33721412608510942,0.0047092299917393162,0.33140045756592423,-0.92759433430476435,-0.17246010463523048,0.062524238528391299,-0.16079609489771379,0.98500524641348408,-3.6815136401998236,-10.003044763445232,-3.5215395049808897,0.2720942110705605,0.2419217847920289,0.9817073170731707,True,5
0.78544748035622547,-0.61886145428738248,0.0090970324481046642,0.61649488153998266,0.78097276071535626,-0.10007800985049856,0.05482988817295309,0.084214294617599314,0.9949380060812838,-12.342106833976027,0.87539285862704785,-1.6930368232407915,0.2491759924696282,0.2156874670079612,0.9785714285714285,True,5
-0.83427975035359758,-0.55125141275624079,0.0099588194174231419,0.54485932236626544,-0.82709837772441053,-0.13797315824544876,0.084294821789445001,-0.10968205641716515,0.99038589929359799,-22.09707454981222,3.6737123939174308,-1.2210874070035687,0.3542585893357483,0.2992222144720528,1.0,True,5
-0.29474259735833475,-0.91104121902104607,-0.28832394723142102,0.95487657737858,-0.26925215920318268,-0.12535548148442091,0.036572165320492442,-0.31226138411444471,0.9492920018175125,-9.3745069961590666,11.657400434960666,0.024615041867754529,,0.3705416048768622,0.4516129032258064,False,4
-0.62909763479338854,-0.77730445839297291,0.005826221740615263,0.76999399865470042,-0.62417308125089221,-0.13235258470279998,0.10651482494521081,-0.078776542220217821,0.99118557720676959,18.336299691904699,10.547109032064906,-0.47469703681133935,,0.2285258717043708,0.9142857142857143,False,1
-0.99416594555690463,-0.074529837892646986,0.077970353075001164,0.055351856531818164,-0.97295685282446254,-0.22425684943920174,0.092575615976484782,-0.21863271897319389,0.97140593446867585,11.277910650671666,-19.594485814201722,-5.1532299990910939,0.5253149067361177,0.32801161731061,0.9841269841269841,True,8
-0.97743540580632926,-0.21036264303699762,0.019172529585445415,0.20507324564744853,-0.96677049491,-0.15264263523372021,0.050645744103895406,-0.14526654324365984,0.98809546098451451,16.486786800367707,12.567622133319766,-0.16439555962009486,0.1237871187774706,0.1503584512345976,0.1851851851851852,True,5
-0.98343685942488246,-0.18058678198038919,0.015503473755586182,0.17540500123566177,-0.9697780897143462,-0.16959817879773922,0.045662118501447281,-0.16406971348777283,0.9853913436041537,-8.2275463021010804,-11.855309215685919,-3.7092883551529972,0.2871410460912759,0.2544133493264126,0.9811320754716981,True,5
-0.88094122738805691,0.47159937225387399,0.039199310934963705,-0.47208382761086498,-0.87004448040962301,-0.14198401958327653,-0.032854430390729245,-0.14358493722706764,0.98909248920674753,-14.916339984110804,-6.4112329122646443,-2.8734956098742646,0.2950733685739585,0.2739749310930971,0.9098360655737705,True,5
-0.92313252837530269,-0.38441907719326374,0.0069504061248932755,0.37742709689285503,-0.90949310076913803,-0.17427302196372849,0.073315220701111863,-0.15825382378703656,0.98467284194819216,11.701813265966779,-5.421225170128964,-2.9034712247583694,0.2774785350725169,0.2718027468697574,0.7868852459016393,True,7
-0.68522539462117682,0.72440559844190444,0.075516140740098742,-0.72527840205213001,-0.66919270359757388,-0.1617169285154709,-0.066613797992314844,-0.1655827720440608,0.98394356927582138,-12.277037674572016,11.121226637881154,-0.058633532216057625,0.1859589846396707,0.1855411049006668,0.7317073170731707,True,5
-0.9667643787793041,0.2538881642462833,0.030123678047647401,-0.25556381215113855,-0.95625614585898433,-0.14234226858420504,-0.0073330649965550315,-0.14530995685971621,0.98935900592008752,-8.1286634596796308,-7.2580623515469256,-3.0092997599055717,0.2496611280513681,0.229592844187207,0.986784140969163,True,5
-0.78734269354348874,0.59733435085334696,0.15258819159519871,-0.61330518672326906,-0.73364903862191377,-0.29260183879715551,-0.062834949367520737,-0.32396104923238966,0.94398146577050401,-4.5849031162747202,7.7094089248825979,-0.7138573765337316,,0.2889714324910156,0.1142857142857143,False,8
-0.20320941962954733,-0.97911122522626626,-0.0068658873965053418,0.97229579820208589,-0.20095762040315873,-0.11940232661245651,0.1155284059112314,-0.030939350959885793,0.99282221167225615,9.1589474904538992,13.375639053277132,-0.0070277736570325917,0.1605413471762721,0.09727093836254781,0.5405405405405406,True,5
0.67001086655732622,0.68927674368401015,0.27565015746679372,-0.72575334499729294,0.68627976365147447,0.047980915244669575,-0.15610099589797874,-0.2322017584318509,0.96005980150239367,-12.495503440377071,8.0927115630879829,-0.51550863724836193,,0.3447358260396562,0.2238805970149254,False,7
-0.96199391796608202,-0.27301386041692927,0.0055797684998478234,0.2680024308981549,-0.94785991830855931,-0.17244208389128771,0.052367917935946889,-0.16439284438300755,0.98500385475728824,-13.834670854291417,-15.832762286445346,-4.397664689575147,0.254506357714214,0.2714299896637787,0.5102040816326531,True,5
-0.91819503107943634,0.39483258247138148,0.032017443995618955,-0.39533143258327996,-0.90822395491227825,-0.13726727991459214,-0.025118585005616978,-0.13869563634981161,0.99001645296673546,10.224704263321184,-0.59822807278126611,-2.2138700230116011,0.3816080077433742,0.2100769678328226,0.9147286821705426,True,5
-0.21228719070775262,-0.97591943753086963,-0.050153764672673885,0.97115101244100632,-0.20498831296915235,-0.12184212153795587,0.10862715910958644,-0.074572401030760432,0.99128154290710413,-22.883470994179216,-13.930064004146654,-4.1140166059183256,,0.166851005137623,0.9142857142857143,False,3
-0.39245392268826451,-0.86924867887618162,-0.30064373074888329,0.9115262744558521,-0.32390211408985581,-0.25339153787124935,0.12288111955556273,-0.3734891628416217,0.91945966507326271,7.9569124410889884,-5.3072656118491448,-2.9088063120914347,,0.3578192304749096,0.2066666666666667,False,2
-0.92062729528474485,0.38785325754606031,0.044891355377219659,-0.3897773363525544,-0.9062552077550885,-0.16363106820737938,-0.022781818246183985,-0.16814086067250195,0.98549969037524687,-6.398111127408165,-28.509291197016314,-6.3578991725977003,,0.1375437774702051,0.25,False,1
-0.98754766914048409,0.15456613291408547,0.029307195894212053,-0.15722427412604598,-0.97616940601974156,-0.14957880323295181,0.0054889708265229223,-0.15232400108666205,0.98831536965293409,-25.235129675198205,-5.6005774112169711,-2.8178340836381395,0.2483141420026911,0.2887945465962664,0.9090909090909091,True,3
-0.80023176952854003,-0.59942833480105284,-0.017742222940212229,0.59336549782762116,-0.78715882631195289,-0.16822118816299411,0.086870599313015606,-0.14514356202335382,0.98558959277083069,18.09034184191869,9.1415893095245639,-0.67570795417272089,0.2230658571911096,0.1680176438519772,0.4,True,4
0.80653086893486514,0.55236597068907334,0.2107125812093113,-0.58244027159307921,0.80350795768400551,0.12303776641771288,-0.10134736050708343,-0.22196124968831293,0.96977415729387784,-8.6134428640188716,13.225607861333025,0.19445312986044319,,0.3272574184606651,0.2272727272727273,False,4
0.60732415509394899,-0.79401329235985041,-0.026462467671978469,0.79106294042863945,0.60747053472448809,-0.07210390920011428,0.073326631722824762,0.022856968246337137,0.99704601903962808,11.398007381420211,-22.915239981705323,-5.6587930726003677,,0.1620110890757855,0.4615384615384616,False,4
-0.873495309090079,0.42411871104372667,0.23901728795263852,-0.48568309053576786,-0.72545628347277358,-0.48767316548841899,-0.03343472095369944,-0.54206687752755911,0.83966994689715424,7.3374758730455358,-3.8519395810064849,-2.7337625608407654,,0.7209023573043775,0.293103448275862,False,2
0.99787714640491498,0.02493508858073042,0.060161798844892561,-0.029223252094764667,0.99701357504214605,0.071483793398803036,-0.058199675426827052,-0.073090167185115018,0.99562574556962036,-14.589663140374503,10.802875107980325,-0.20239562223535407,,0.2787158652340189,0.2058823529411765,False,4
-0.092455460379191737,0.99456331535116271,0.047914503063002392,-0.98858229830661193,-0.085936479500086788,-0.12377382989124511,-0.11898330690011708,-0.058810995985732958,0.99115298487684433,6.7881574626910881,22.715773043086585,1.2969286122618748,,0.218369326777715,0.851063829787234,False,2
-0.98797946647975676,0.15070309288283804,0.034426030992888032,-0.1541172899704126,-0.97756689386451479,-0.14356472043040869,0.01201810078807849,-0.14714464249721185,0.98904197051379816,13.917421880137445,-0.13774936571414592,-2.1944910542585383,0.2081473723864379,0.188316509407664,0.7761194029850746,True,3
-0.80294243315448954,0.5916524831643919,0.072324188245395327,-0.59421714255010871,-0.78502491275097519,-0.17504820438926555,-0.046791415233250463,-0.18352990362807639,0.98189986145978103,22.385831569315375,4.5344234619883625,-1.4566888541175662,0.1479823549378371,0.1995205877429078,0.82,True,3
-0.99941744317195846,-0.025197899300025545,0.023018256982032345,0.021174366479866025,-0.98675439401651655,-0.16083349182702356,0.026766032350750577,-0.16025240016911668,0.98671310306098414,17.942892867873436,0.75406346797591817,-2.0639454110410598,0.2734386229296004,0.2203179666654524,0.9482758620689655,True,3
0.18937465236063622,-0.95635373536622503,-0.22254162283572093,0.97570361504740244,0.20871360496441693,-0.066641478721492647,0.11018029146230326,-0.20451445903364718,0.97264286324398441,-7.542776341740832,10.652422064578829,-0.19147488422089592,,0.2482861622024717,0.2142857142857143,False,1
-0.39015117969957441,-0.9166169506488403,-0.087151722657964628,0.91341372578586288,-0.3733791427249567,-0.16205980786106022,0.11600613141130803,-0.14283340492054675,0.98292481701999168,21.136301386799282,3.1944152146795002,-1.6875546927536493,,0.212991632009195,0.3076923076923077,False,3
-0.43382796786723454,0.89957282542868222,0.050616460232234269,-0.89602152549196945,-0.42485655636372222,-0.12900516412067134,-0.094544804993334952,-0.10131948610714019,0.99035127181407479,16.810595901030595,-5.3964563248192201,-3.0406673252037488,0.1180154947254385,0.1293720022216607,0.6666666666666666,True,3
-0.93145994398163212,0.36058661667188002,0.048576379392285679,-0.36280665126760758,-0.91041569356083785,-0.19878279280190561,-0.027453716573924342,-0.20278204258579519,0.97883897381081719,6.2975690588092537,15.031375910723222,0.25220964481546387,,0.1789391916432466,0.4411764705882353,False,3
-0.98433837042842132,-0.17516239640791759,0.019902446758024286,0.17055294107414862,-0.97478499634857052,-0.14389546617136906,0.044605681177159753,-0.13824740785401068,0.98939273669679262,2.6748490681725565,20.940986543134361,1.0939750550844642,0.3044524829768331,0.221311297463539,0.6296296296296297,True,2
-0.78046067775637018,-0.62520388367855706,0.0011109947414030576,0.61834475752796414,-0.77215830955921272,-0.14636019204804715,0.092362824305829594,-0.11354139690838373,0.98923074147255585,19.791501920210866,-11.364444208539124,-3.9790920049154037,0.2549025405654221,0.2733535816825963,0.8297872340425532,True,2
-0.69636858181205408,0.70930804984729545,0.10932926729331895,-0.71480339747555044,-0.67184251203754386,-0.19412300733424559,-0.064240962185178496,-0.21333009501921663,0.97486582119623699,15.400877661591641,-2.176679130964704,-2.4600576337333244,,0.3429848199850831,0.6883116883116883,False,2
-0.79354114888504934,-0.6084660450559326,-0.0078432799380893075,0.60170076781216209,-0.78266400506329004,-0.15935256882945081,0.090821974435981709,-0.13117212810762041,0.98719058026668183,21.718370291138829,1.3851975441277664,-1.970850523338662,,0.1843514372646123,0.8333333333333334,False,1
-0.49663556124353453,-0.8560325235414864,-0.14339260074185756,0.86046082107430655,-0.46391093777498077,-0.21069840343217502,0.11384329011605841,-0.22802403481197397,0.96697711702171008,-24.460125138435174,-18.461164003503953,-4.9277619660810821,,0.1809612792267179,0.3,False,1
0.11754761778636699,0.99213895785887185,0.042928380489630491,-0.98590017340189073,0.12177432563308931,-0.11476873138067026,-0.1190941041314484,-0.02883230679842777,0.99246425247754366,8.1148008102481892,12.382494659403562,-0.16677392723088957,,0.1891530150152376,0.4761904761904762,False,1
-0.43732452792824916,-0.89871705301059845,-0.032479468903886324,0.89178545201563186,-0.42872519374523327,-0.14461471509285248,0.11604294397165478,-0.09220827986713992,0.98895483631879466,-26.650075410246053,-9.4700601158089199,-3.5284242067475842,0.3626358766070678,0.3624811057336589,0.9285714285714286,True,1
0.91489013611171843,0.3972631322885537,0.071819513850819236,-0.39761764884491968,0.91749770980602618,-0.0099074632340791224,-0.069830109354912795,-0.01949246585179942,0.99736843723996882,17.356809692779255,16.883986711816924,0.35634208940677514,,0.1865431265237388,0.3333333333333333,False,1
-0.10520497151811685,-0.91350252335936266,-0.39299497933682115,0.98731088351213436,-0.048677482268984426,-0.15115462949721542,0.1189501293246879,-0.40391043875595617,0.90703209656417894,-9.0628764468082927,10.226476992471921,-0.211986686021016,,0.3084009744957323,0.2058823529411765,False,1
-0.89132643648150378,-0.45327941873489519,-0.0086574927397358725,0.44710406874553837,-0.87570070911918019,-0.182335459412998,0.075067538526102984,-0.1663912155118763,0.98319826487850959,17.313239657751375,15.073048980134564,0.14963289601302052,,0.2223480920074187,0.7884615384615384,False,1
-0.046177835466132841,0.95789119345167262,0.28339384082826069,-0.99220755173257746,-0.011117214595025904,-0.12409908067545602,-0.11572286635107161,-0.28691613591322956,0.95094024478729133,9.0770202197055543,11.272421324309812,-0.31791215910413595,,0.144825591959252,0.375,False,1
-0.14100694516384654,-0.98986050432064143,0.017123767156951408,0.98279213458136339,-0.14204277548842958,-0.11808247175830522,0.11931748245989492,0.00017865505621970576,0.99285613583328558,12.759465739730258,-17.358245904073346,-4.8105633100059597,,0.08478988507090048,0.391304347826087,False,1
-0.67368921333286269,-0.73883354672690937,-0.016365636861566987,0.73178289897539572,-0.66384250311440285,-0.15429491186027464,0.10313405163239862,-0.11592291097854794,0.98788928838415158,-27.988346866132066,-14.658387351851346,-4.2650684477063834,0.2892433755018477,0.3722100297293399,1.0,True,1
