axis_00,axis_01,axis_02,axis_10,axis_11,axis_12,axis_20,axis_21,axis_22,location_x,location_y,location_z,dbh,dbh_approximation,score,reconstructed,number_clusters
0.98490526728100614,-0.15607261698609151,-0.074852873754065907,0.16444554971874467,0.97866418692692181,0.12318307677747883,0.054030321670606701,-0.13363288313053459,0.98955695989992942,4.3637985811151694,5.2060154624809023,-3.2478076803002804,,0.4692436936193269,0.3718592964824121,False,1
0.46440136259984893,0.88561802369633802,-0.0034771424469426729,-0.87929002342477425,0.46060720945384526,-0.12120253010891063,-0.10573754830268953,0.059344036796750807,0.99262170849503473,-11.639310977203625,5.108196401968268,-2.7521210759313748,,0.2294018597058803,0.9142857142857143,False,4
-0.45471096100012881,0.89011224370517661,0.030628998554908523,-0.88042214209847336,-0.44403483700137769,-0.16640287026339423,-0.13451688982828697,-0.1026316575686913,0.98558203576142112,0.94601339009526553,3.3373225241823317,-3.4208113325761929,,0.1499539636232859,0.4423076923076923,False,4
-0.98065056309792997,-0.19014373527551476,-0.046581466606237416,0.19563308967314827,-0.9430578311603548,-0.26901602426633486,0.0072226948330226561,-0.27292359191283244,0.96200859957525653,5.0219995540878077,3.1084651881576133,-3.5816513012156403,,0.2136637093967056,0.1812080536912752,False,5
-0.71978634604870206,-0.67280933329854842,-0.17098309000664758,0.69125098280858288,-0.67199020894397765,-0.26570893445572674,0.063872488663171217,-0.30944589205512496,0.94876948996169796,-6.9170161445335525,-8.0276988753960818,-5.0357022420751552,,0.2755034626743509,0.3529411764705883,False,3
-0.19136622104268494,0.98151230052903615,-0.0035458925591816404,-0.9720463550755154,-0.19001885742782271,-0.13790836597621456,-0.13603254400417211,-0.022944230909397841,0.99043864486384459,0.34024381792815134,-7.8236485002537659,-5.3867661470021915,,0.2609318692581041,0.9260869565217391,True,5
-0.41638010432826805,0.90919054595733551,0.00039982669262185813,-0.89898299356111144,-0.4116395811664606,-0.14960759507794003,-0.13585722655598614,-0.062653063443892737,0.98874537047392108,13.569964307353947,-7.5784657118550562,-5.8603506432700057,0.3493293139076045,0.258824974258051,0.8571428571428571,True,5
-0.83974788819097312,0.54264175688169658,-0.019063262237766231,-0.53400804501969912,-0.83172318992992933,-0.15189451335390863,-0.098279662865921033,-0.11737316141745295,0.98821285604156761,3.1145130370931469,-4.7365465164124494,-4.9162629822343975,,0.2824318212096396,0.8335403726708075,True,4
-0.67068167294547365,0.73468007909565358,0.10213361324787461,-0.73002454591590216,-0.62941514806306598,-0.26627191693648544,-0.13134022969122136,-0.25314373934339007,0.95847169561542267,2.4622608399499835,-17.533335108838404,-7.0283921555178406,,0.2264153945157598,0.16,False,2
0.95452019471403537,-0.26248586898259535,-0.14139436504872371,0.29119248659197178,0.92258076530486366,0.25308430856510278,0.0640166668568765,-0.28274706023925966,0.95705588462251845,5.5768610707257169,-0.42452252755603348,-4.2464118756520906,,0.5362432945628772,0.2588996763754045,False,4
-0.79260840824188683,0.60971550299035271,-0.0043493214971012661,-0.60041859121172436,-0.78172496609990239,-0.16853365451278876,-0.10615755513194632,-0.13096977815255303,0.9856863044088009,-3.6110375600618738,-14.838416413391082,-6.3642352775263431,0.1779549453785102,0.1916685229021406,0.726027397260274,True,5
0.45071831580169736,-0.87188476194605391,-0.19149402519962749,0.88016231197678729,0.46983851860150533,-0.067572709091916039,0.14888688450148732,-0.13808956631337863,0.97916493365460378,-6.461390762963898,-1.5367081615601652,-3.9981133191399914,,0.3039639397145508,0.2142857142857143,False,3
-0.26067722800099857,0.96325508416385175,0.064707230154024659,-0.95573094215529264,-0.24800430989914865,-0.15834212477544685,-0.13647618476742193,-0.1031188882016171,0.98526176516060426,2.4117135854947667,4.5517807135076191,-3.2832858209063311,,0.1858318048745468,0.1617647058823529,False,3
-0.26249603050691972,0.9646721330642718,0.022439020864085894,-0.95529048187002785,-0.25652331993524652,-0.14702340486442872,-0.13607324945278887,-0.060028843222468445,0.98887846005701396,-8.7839068876604198,7.9481520620863666,-2.418655987437158,,0.2478480329018888,0.9418604651162791,True,4
-0.967525365085116,-0.24086389085600776,-0.076676293589485023,0.25255865571963848,-0.93366976835738191,-0.25391906008916354,-0.010430404498620698,-0.26503839294936177,0.96418144398490513,-10.849348763325994,-19.614865041527938,-6.9480988827177983,,0.2111197684393804,0.7727272727272727,False,3
-0.20121905797062115,-0.96186251707663006,-0.18528731460201509,0.97454530668007666,-0.17748817653935867,-0.13696493133853352,0.09885512600392346,-0.20813083729169907,0.97309260537268738,2.4902071836162931,-17.913005721674242,-7.0741078316545538,,0.4500507867983998,0.4311926605504587,False,3
-0.032357377616167457,0.99943777853291182,-0.0087821953407130997,-0.99066125856552412,-0.033235186218266578,-0.13223347977879055,-0.13245101317534499,0.0044214520504969775,0.99117969100995407,13.355592841375197,12.127050019340194,-2.2393623286969837,0.2530927759676785,0.280303198789697,0.9875,True,5
-0.7329097107610183,0.67949834682330446,0.033546274556154027,-0.6715535850991502,-0.71468640007398165,-0.19554828531534335,-0.10889967039747653,-0.16584735817518692,0.98012015364119098,3.1266282824054654,-2.9416931130277817,-4.5906555492063452,,0.5077368677291705,0.5744888023369036,False,4
0.074100841424436945,-0.98320467100816322,-0.16678621108449451,0.99072992303796614,0.091673967015475227,-0.10025020383436828,0.11385642229306732,-0.15781146561443704,0.98088340613104819,4.0689591636543598,5.0979013702378424,-3.2166178498325659,,0.5335354618438468,0.1888888888888889,False,5
-0.5866065858913454,-0.77984443652538571,-0.21848425162767157,0.80564573311439192,-0.53438454176576555,-0.25567188784918649,0.08262969262604096,-0.32599971831613084,0.94175183437800047,2.9337374566981134,-1.0123687014679141,-4.3266952792176347,,0.2041146450573111,0.2526997840172786,False,4
-0.17309677037130167,-0.98375181403323098,-0.047643220644201387,0.97688866284032683,-0.16532776813248143,-0.13548162051869145,0.12540354261767536,-0.069993553064976316,0.98963369689409653,5.9743985486388906,-13.243065171570976,-6.3653949755420367,,0.2586492751201802,0.9532710280373832,True,5
0.43209903735334776,-0.89357657054031325,-0.12170182619715608,0.8919100202574799,0.44339592309003023,-0.088862653299580957,0.13336767855298284,-0.070149611321464578,0.98858084866582085,3.7414447496895233,-14.719365657844859,-6.521850852247292,,0.07598736983758766,0.28125,False,1
-0.99829037107309659,0.05054949197107346,-0.029344230850482815,-0.035557185497771836,-0.92367999666390532,-0.38151140261130539,-0.046389886637251965,-0.37981576142181744,0.92389824428523948,9.2221569278927547,-0.68154620682529721,-4.4199884594087626,,0.2534456155839702,0.3559322033898305,False,5
0.97451890800604779,0.22062943622415335,-0.040441931335099567,-0.21822037443563741,0.97425588832542931,0.056615653704596203,0.051891869496780374,-0.046347771625405813,0.9975766225937176,4.1509285975980568,-14.724544985011319,-6.5523860748407721,,0.1938255465479813,0.4411764705882353,False,5
0.44895914398637221,0.8893779195362459,0.086270523774944027,-0.88746547495370187,0.45506774809506423,-0.072927192520265263,-0.10411876774253824,-0.043820781429207527,0.99359902441513526,13.028441765426185,-1.456995455388792,-4.6872544336598025,,0.09584189199373427,0.4117647058823529,False,1
0.88793516598196631,-0.45072918497771952,-0.091729727034910141,0.44797679026906045,0.89265515744517265,-0.049835381675714593,0.10434527489449884,0.0031577992106441976,0.99453611895764571,10.007934722691409,-8.8062519479691872,-5.9737759645929218,,0.1499313828600404,0.28125,False,3
-0.61734114167521714,-0.78569354242344602,-0.039693477918115838,0.78190495599454768,-0.60724051662469691,-0.14100920097828912,0.086686530593303973,-0.11808730822348204,0.98921222851834378,-6.7910179110509628,11.466047671941903,-1.902003420275187,,0.1629064311608288,0.6984126984126984,True,5
0.94986071731630106,-0.26848513290348502,-0.16025090049407034,0.30436313409727966,0.91132138091492965,0.27722991052515905,0.071607962558948635,-0.31210426798924795,0.94734535709056611,-2.0868110855011217,1.7664887254569281,-3.6000419195188496,,0.5322049591536423,0.3919413919413919,False,1
-0.02612428475522649,0.99962594937024662,-0.0080921623599863306,-0.99060764273799751,-0.026973745342262267,-0.13404818242437172,-0.13421631754408511,0.0045142449915043965,0.99094177512962911,3.2020708742048898,-20.960432254271005,-7.5545850899291214,0.4263201146097004,0.2696206697440241,0.9090909090909091,True,3
-0.90316458160852953,-0.40809697943711148,-0.13323135480132298,0.42838470302402964,-0.83655508843751947,-0.34155838479578882,0.027933577338108796,-0.36555771005902743,0.93036942978232884,9.8678928731194571,-10.555455300376806,-6.2066318464553394,,0.2934697031882105,0.2926829268292683,False,1
-0.51330579218896055,0.85812867750632926,0.011503762276018289,-0.84793963123444016,-0.5050527525356614,-0.16099720164696865,-0.13234630892951399,-0.092395292073738616,0.98688781759394661,-10.358427898307362,-5.108603330201495,-4.3862198423224958,0.1419991426330572,0.1167297750050635,0.6166666666666667,True,5
0.82735672908184499,0.5616766857432447,-0.00037886076033157023,-0.55774535714361018,0.82148579213201312,-0.11866427394117438,-0.066339727371598531,0.098388993376920836,0.99293436165465554,-13.5659491370339,-2.3830412895042383,-3.9159587626913348,0.3235872733455153,0.2359955610324911,1.0,True,4
0.64312656095702836,0.76536863734934579,-0.024476019970388316,-0.76233547216560305,0.63690397552532796,-0.1148823478088748,-0.072338471573794499,0.092542827501851527,0.9930775249739211,-8.35683114320436,3.5622785997980841,-3.0783459657856942,0.2126244864793628,0.1659725400843043,0.9485294117647058,True,5
-0.41520697861101524,-0.88367712847523827,-0.21614323381144529,0.90326030024687465,-0.37217212167440494,-0.21356203278274316,0.1082773979676166,-0.28390604864660585,0.95271893055152057,1.5725043514863921,-17.796783334930556,-7.0443975185136551,,0.32713760895935,0.3518518518518519,False,2
-0.86546762168578428,-0.49903510981436694,-0.043928976611295315,0.49963272544824494,-0.85345064102669921,-0.14828736625982425,0.036509388856997747,-0.15028626851339252,0.98796816852650104,10.501583330843612,-7.9555669951034824,-5.8248124511191026,0.2438567759239351,0.1051928383840504,0.4313725490196079,True,4
0.70485283083370331,0.70297338569782797,0.09492579136487736,-0.70546618046679599,0.70867580899990734,-0.0098013241920149319,-0.074161682042043653,-0.06005844435930742,0.99543609949500766,2.9684970369504806,-7.2476250375466238,-5.474235261700505,,0.2468628269498958,0.2678571428571428,False,4
0.36189944757870485,0.92497892674757309,0.11594298131037035,-0.92371433754620635,0.3725741334100246,-0.089108572681546816,-0.12562090770967113,-0.074849850946262161,0.98925066962803765,-11.079003130816625,-17.313379918641832,-6.5001455690694865,,0.2455363446353446,0.3870967741935484,False,2
0.911858485696184,0.40977346784566437,0.02449095983424637,-0.41048074823821895,0.91082548410752973,0.04361757473860256,-0.0044336654876308834,-0.049826123168715819,0.99874806636124258,5.3638435415468653,-4.3522849248944215,-4.8747925193403594,,0.3796195719621485,0.6056338028169014,False,4
-0.88921697140303169,0.45631257145459714,0.032741638647364193,-0.44884729196050299,-0.85634700856212753,-0.255354477983879,-0.088483254170177605,-0.24176153138824552,0.9662929554085895,-8.4018203549576977,14.914343698174282,-1.3053535120596751,,0.2381960287371157,0.4444444444444444,False,5
-0.40682980260538781,0.91153299674252963,0.05997589150353233,-0.90334213642968464,-0.3916705592148414,-0.17483465787704988,-0.13587676866452514,-0.12530669931777663,0.98276942099526532,-4.173066787781047,4.3859482115949175,-3.1120553904648425,,0.196898482104288,0.5151515151515151,False,6
-0.92902498378577625,0.368900388970273,0.028724249675474767,-0.36157591894052349,-0.88860494251962885,-0.28221288236365549,-0.078583931844579666,-0.2725688154343191,0.95892168945570178,6.8432125473365479,-0.30686559614689335,-4.2409956571618297,,0.6982374000338709,0.225609756097561,False,1
-0.92586348666657481,0.37705724242236616,-0.024589428510108268,-0.36950036628043448,-0.9170766298944163,-0.1497996469292362,-0.079033432016061653,-0.12960822056621296,0.98841055527823118,-5.9483364142634878,0.025989918024391989,-3.7690317464606999,,0.2737822624564102,0.9094650205761317,True,5
-0.44402439679563127,-0.88551807759824797,-0.13674819668639104,0.88950915015287491,-0.41727905388677911,-0.1861495715323167,0.10777665259501415,-0.20429372343285196,0.97295851284695323,2.5653557743736473,-3.8598140407532497,-4.7405459753540775,,0.202199809483058,0.2789473684210526,False,4
-0.94688772138959698,0.32068019325543862,-0.023829744758855499,-0.31303902190863747,-0.93620002002043246,-0.15980016669648908,-0.073554155858803719,-0.14385317572927162,0.98686171776419707,8.7622487503547664,5.9173103531057176,-3.1422054477633701,0.2989990429125382,0.2784753665539438,0.9770114942528736,True,5
0.49382218633904684,-0.86772878991342473,-0.056448165910933087,0.8601184459491692,0.49696999036875339,-0.11496559316103303,0.12781199950439245,0.0082204518285540519,0.99176434547448,4.8235779135521604,-2.9803994830376421,-4.6680702531885707,,0.1543923277617533,0.2330827067669173,False,4
-0.99649054454808783,-0.072696510546849794,-0.041494722321854957,0.080271100431632797,-0.97046396483485542,-0.22749998547803868,-0.023730677650476317,-0.23003241143657308,0.97289359368171624,-4.1916409626896813,-0.36568127238402381,-3.8950819320573635,,0.1240524760727391,0.2696629213483146,False,4
-0.24722844960903764,0.95854286080617546,0.14168160678587438,-0.96604972406637435,-0.23251844320447546,-0.11261928876107985,-0.075006828590441971,-0.16471416929724855,0.98348524040654672,-6.0933851065211808,6.7782064643744437,-2.6562256442779661,0.4179887550729537,0.1995256751929512,0.2558139534883721,True,7
-0.9748448553931881,-0.21075154449623498,-0.072534780663383522,0.22287650877699533,-0.92450365164500348,-0.30922331724892815,-0.001889377890106566,-0.31761105866689338,0.94821919705502822,-5.7300549297717067,13.311308702295284,-1.6581743460296452,,0.2319117756932742,0.1764705882352941,False,1
-0.92746374041931146,0.37389459211561316,0.0037207786980819127,-0.36546366729568475,-0.90435716927915222,-0.22039604864921741,-0.079039977822680421,-0.20576915308203625,0.97540337171125857,7.5788880449794664,-5.2994430193041016,-5.1268102694366728,,0.06954665469715626,0.2553191489361702,False,4
-0.44646765157474322,0.89479884054162184,0.0012926959050014036,-0.88526647890528798,-0.44150015328926456,-0.14622200919214839,-0.1302685588465862,-0.066427777404674884,0.98925095550376274,14.702809359670205,8.0461364780392799,-2.8778980690004072,0.3378766868328278,0.3291946164856988,0.9393939393939394,True,5
-0.6363688091195181,0.77133190724638623,0.0090458633341121038,-0.76205166279967396,-0.62680722137217804,-0.16244990138483334,-0.11963277980578352,-0.11027146548106821,0.98667532749967901,0.82334628617123296,-5.2689078241523122,-4.99363220713186,,0.0992228627849004,0.2366863905325444,False,4
-0.99178137214146855,-0.12140072353981141,-0.040392749314663898,0.12633845914132338,-0.97910858964176806,-0.15932659361043525,-0.02020652406979373,-0.16312030533847988,0.98639924086107156,5.8926772735388795,-8.6153599555508737,-5.7078309014767878,,0.2799625913437053,0.2903225806451613,True,5
0.37017557311993937,-0.92694924457897421,-0.061115816609060326,0.92055555050081106,0.37486166978339253,-0.10980076033140379,0.12468970890763978,-0.015614944818177625,0.99207290558247363,-7.9856452068343691,-10.277362766448253,-5.3958707445485796,,0.09727782455227722,0.3043478260869565,False,3
-0.080812343467834419,0.99352421430634508,0.079868646728224024,-0.98705549226146816,-0.068633661168533172,-0.14495128751092498,-0.13853093639945058,-0.090548639645022078,0.98620997942564315,-4.2044873722362031,-5.5543431764911171,-4.6513081519778199,,0.3251941106720064,0.7023255813953488,False,7
-0.64247215935173541,0.7662135492613672,-0.012096337719178838,-0.75637032518580105,-0.63659460863130146,-0.15050327385105342,-0.12301811100908386,-0.087544852446379301,0.98853550425561199,-8.6635345146116549,-12.055693906273316,-5.6738417914206609,,0.3105402380637549,0.9863945578231292,True,5
-0.99703252737814252,-0.063942957563240518,-0.042865341804528723,0.074039755334283391,-0.94897516421485884,-0.30653589077532312,-0.021077333322622092,-0.30879999333135832,0.95089342732956106,-8.9271403669803817,13.229232742916439,-1.5728744170896476,,0.09058650319119133,0.4210526315789473,False,5
-0.99223548005898965,-0.090954796818586481,-0.084829104956948717,0.10895802400348702,-0.96458083056161248,-0.24023315824075125,-0.059974170418296904,-0.24761067474719237,0.96700157840299172,-2.2827932180030421,-1.1852243314426945,-4.1269129592168605,,0.4200785001460886,0.2683658170914543,False,4
-0.89766473104145739,0.44047450800159077,-0.013425291245465293,-0.43202083273788339,-0.88562874705152472,-0.17035176100179653,-0.086925431978994092,-0.1471187622185017,0.98529185477124559,-8.2640167131722357,15.890707136378259,-1.1300528494429543,,0.2483770609322599,0.8947368421052632,True,5
-0.91356717824306199,-0.34868733386489326,-0.20931353047330942,0.40320501000598796,-0.84378260043992626,-0.35419859274269544,-0.05311055208788313,-0.40798047305848723,0.91144456927445217,-6.5168735411873842,-4.427017817150884,-4.4167324385156128,,0.5580224392714012,0.1454545454545454,False,3
-0.96712830145897233,0.254284418956647,0.001510891446686112,-0.24505390082917597,-0.93040195893206412,-0.27258169510035302,-0.067907541595080737,-0.26399172163395174,0.96213145500147412,-2.9864757273093456,-8.850786360573089,-5.3505252480603103,,0.0989344630543821,0.1666666666666667,False,5
-0.83917520276236923,-0.52032319407560268,-0.15826797773301998,0.54386100550508487,-0.80308657404910888,-0.24344847765608091,-0.00043099853243667302,-0.29037170710836835,0.95691383413097164,2.5594508148821515,-5.912796328098449,-5.2108023646286217,,0.2825125000312628,0.3566084788029925,False,4
-0.98653609758470029,-0.15820423832213087,-0.041448125883641246,0.16344296156641211,-0.96263200804413018,-0.21593058005601398,-0.005738159700817879,-0.21979771624346037,0.97552859386970681,-9.3290771754893402,-8.0710125321544375,-4.9674590720322627,,0.4408045805650869,0.3253012048192771,False,2
-0.32396653198807912,0.9374815459853495,0.12717718776783035,-0.935665093125853,-0.29761517921135988,-0.18962077578360587,-0.13991611650343666,-0.18042604035977519,0.97358611550426644,-2.9961381124868058,-15.89817432160571,-6.5749373685628081,,0.2416789796021365,0.3157894736842105,False,4
-0.95130213713672063,0.30732037369150361,-0.024050608999030269,-0.29981246665699296,-0.94055221298410929,-0.15960582535654994,-0.071670975409569182,-0.14462269035255387,0.98688780959085276,-5.8571980013924509,-9.5460401595898645,-5.3828945981551746,0.294889578627427,0.2602160209539691,0.9728506787330317,True,5
-0.65468078996391343,-0.71346655379862423,-0.24971691945669569,0.7482593394756164,-0.56480601068542713,-0.34799731490505448,0.1072428279174933,-0.41468017423591441,0.9036256575352043,8.7267617148715395,-1.767917699761675,-4.6270301677498917,,0.4274207386180489,0.415929203539823,False,3
-0.85986711521084569,-0.44196347795797425,-0.25553244085687199,0.50929574686184875,-0.7772324415255063,-0.36949637896565812,-0.035304198155618707,-0.44785937077568522,0.89340673693508521,-1.0823595403283812,-6.2183006950605213,-5.1095430713661214,,0.3459420032829888,0.2684563758389262,False,3
-0.98736828308006885,0.15817230364727325,-0.0092409916367234817,-0.15038020975536748,-0.95390139505306148,-0.25972662749466507,-0.049896553803312649,-0.25505617199890612,0.96563796686119108,7.8581883711931519,4.014212593940389,-3.5335288274722259,,0.1612732314047661,0.2142857142857143,False,5
0.17147375723561092,-0.86946035494517782,-0.46328764472852957,0.97574172370379864,0.21484637928634293,-0.042060931172396274,0.13610598518449848,-0.44483673913712912,0.88520926131102029,7.8676185989233511,-0.42909391155213672,-4.3211039040836097,,0.5419515067174854,0.2142857142857143,False,1
-0.91981238012210342,0.39098547830497882,0.032795443719164874,-0.38810780491139307,-0.89439325716413665,-0.22233540722562611,-0.05759789181011668,-0.21723502777856055,0.97441850637448191,-11.149884864340262,4.0478058664080532,-2.9474831545212647,,0.2036226244991899,0.2307692307692308,False,2
-0.31228426850314361,-0.9191350648501655,-0.240144265407984,0.94288272031848697,-0.26902103247452724,-0.19646847027233266,0.11597720194188042,-0.28778189075969141,0.95064760662430003,2.7256574349475469,3.7079012483962721,-3.42650270222977,,0.3756773105341285,0.1596638655462185,False,1
0.99992909133747498,0.010536837865733535,-0.0055486344990222959,-0.010253828121219236,0.99875710414215546,0.048776079531231586,0.006055683765933486,-0.048715726140208242,0.99879432653612898,-6.3248694708059778,-18.619251573341646,-6.8409663957739966,,0.2583297302263137,0.28,False,2
-0.99931020357439582,-0.0018607720558532271,-0.037089817463257554,0.010302857298643152,-0.97342989727287177,-0.2287533305261624,-0.0356786793980019,-0.22897766839297681,0.9727776000781122,-2.4538328230266413,-2.9273062531975045,-4.38317935483167,,0.09272514976485138,0.235042735042735,False,4
-0.37478284551182317,0.9252134915178295,0.059311161036083748,-0.92191354476557652,-0.36515211849837437,-0.12938062580586934,-0.098047104433685958,-0.10316940180856203,0.98981959964562871,-4.3450290501575575,-21.29049467881406,-7.375415498709887,,0.2486133129197995,0.9836065573770492,True,2
-0.025842140777612644,0.99942739461715735,-0.021841855433769302,-0.9907026145782335,-0.028523646552585751,-0.13302154357544474,-0.13356838408800495,0.018201221829943069,0.99087244501803284,-2.4323770714017221,8.3398634353444372,-2.467540470461751,0.3625591481810916,0.3093208725527459,0.9659574468085106,True,5
0.7529717711023789,0.64109271878809382,0.14843731956566095,-0.64549582947994566,0.763423283577636,-0.022804039456597813,-0.12794000956286092,-0.078644872740893018,0.98865885822391952,7.1485949998448346,-2.9009662526163629,-4.7588518318887854,,0.4650444049448812,0.62,False,6
-0.85255104367231183,0.52223479834173647,-0.020676879218587772,-0.51431950490232048,-0.84534800955674771,-0.14443749380088,-0.092909444139366706,-0.11250581380272404,0.98929787073980024,3.8359777924590315,0.72572178272826793,-3.9499086161110895,,0.2651017187156345,0.9835487661574618,False,4
-0.25402854579021622,0.96624763295749361,0.042837013525097514,-0.95645759834732813,-0.2443797824868737,-0.15958503838182866,-0.14373016554422202,-0.081510942306598513,0.98625433119298433,-3.9785760104218877,25.327702196840402,0.13472336682815075,,0.2617761149357677,0.5757575757575758,True,3
-0.32516453196240397,0.94544586221878724,0.020003718830362345,-0.93526835968141586,-0.31839335310753109,-0.154592263958375,-0.13978956517746091,-0.068976766453034646,0.9877758263680978,-2.0642907383002465,5.8481605644385866,-2.9349722119508179,,0.09307760619766557,0.4574468085106383,False,5
-0.99946780220218923,-0.011160008290460337,-0.030652350253823263,0.022524398727319005,-0.91579309381312024,-0.40101827986535349,-0.023595843343668699,-0.4014952845789736,0.91555708322187657,6.7970373902400718,-1.2091464805051539,-4.4444361721470447,,0.2206271547606288,0.2686567164179104,False,4
0.17159681309394317,-0.98197499282945888,-0.079244224985724906,0.97571993851653238,0.18051350090065801,-0.12403821013656956,0.13610707298776928,-0.056035608769549508,0.98910812110331447,3.7990700635518602,-4.5839401834819107,-4.883778115696888,,0.1226423968514735,0.2392344497607655,False,1
0.96570107431835306,0.25914449302941517,0.016296220203066508,-0.25949409256854372,0.96097633055572729,0.095850446184031241,0.0091788333903330514,-0.096791651727704334,0.99526233987497736,2.4270733410915644,3.8641366941980473,-3.4016052810271624,,0.7198224612429519,0.3472906403940887,False,4
-0.82002708929328927,0.57220803586795155,-0.011555799986054435,-0.56320881545410717,-0.81039066598579745,-0.16143976795658932,-0.10174184498011508,-0.1258766545918556,0.98681490909329339,12.374778748862227,-1.6671970401593681,-4.7538097624932334,0.3004546275459231,0.2163671649548685,0.8316831683168316,True,5
-0.87309455892866117,-0.48477595155952391,-0.051943892410220099,0.48432025612219615,-0.85012818611692276,-0.20667838948298434,0.056033745893850601,-0.20560725658183387,0.97702910671176735,-4.590066169356942,11.756619382528633,-1.9312126486479004,,0.1508805754156408,0.2424242424242424,False,6
-0.01850502900453117,0.99954039114991811,0.024011879589256341,-0.99049005540635382,-0.01505213701659891,-0.13675848533948509,-0.13633419982769579,-0.026314247682596121,0.99031335764304362,-5.9533746533907452,4.5939139643220557,-3.0125814615456163,0.3433571594866907,0.2524736653545886,0.9125,True,5
-0.63596203285528219,0.77121522941849097,0.027917067889788903,-0.76225847713717509,-0.62210611399323301,-0.17873443139125261,-0.12047533689138647,-0.13494833398461945,0.98350121522837142,6.8734111103867388,0.043075355670617044,-4.1792495613037044,,0.1334949416750133,0.4634146341463415,False,4
-0.068223969630975684,0.99738989440556125,0.023640822859084639,-0.98771239256177479,-0.064184510040467338,-0.14249413409245676,-0.14060483472372348,-0.033071849185191501,0.98951328098403291,13.07511177873622,-11.68883069548248,-6.5174580683707868,0.1619172486803038,0.1752418606499621,0.8363636363636363,True,3
-0.94475106595272906,0.32508513009201856,0.042012873910711429,-0.32013749214071369,-0.88755753840759866,-0.33129081203935939,-0.07040887378048577,-0.32643724390592915,0.94259286878485549,0.6569573254752894,14.759990861981994,-1.4656045889193632,,0.3919086237637808,0.3488372093023256,False,6
-0.72468218422500508,-0.68326570867072023,-0.089351570895957022,0.68697560201598906,-0.70623236767135089,-0.17117349411660626,0.053854007294219977,-0.18542873080517261,0.98118088632542022,14.581846021752945,-1.3217699508106158,-4.7077760370754049,,0.1949895575542551,0.28,True,2
-0.90351302687177848,-0.42653055020845687,-0.041664133398731415,0.4242336806252146,-0.87637400077314498,-0.22802279489571692,0.060745324891547978,-0.22369689427379566,0.97276395132430638,14.447273126167408,6.5939212277655423,-3.1701400199608258,,0.1702583454466386,0.2083333333333333,False,4
-0.20543484075689669,-0.97030451817286667,-0.1276936498676027,0.97289749154948313,-0.18832570774098115,-0.13417860761157885,0.10614611222231383,-0.15179779253065537,0.98269549354970986,-3.5432971814432381,-4.0370388844902907,-4.5159348550299327,,0.5452808579921138,0.6740157480314961,False,5
-0.91384817010486208,0.39577978652096557,0.090773798958814683,-0.39977832539625768,-0.83779285608032794,-0.37186075464363166,-0.071125329801414811,-0.37611366750250713,0.92383964873697311,-2.3445710966854763,2.2189882875055504,-3.4645165828224713,,0.4735941649293626,0.3020030816640986,False,5
-0.99513905241551703,0.093948318306217443,-0.029529304850941743,-0.088418721912862472,-0.98439308477528409,-0.15215907551603805,-0.043363532753248835,-0.14880849483155564,0.98791479181816266,-8.4743226069759032,-5.861480812791287,-4.5644059221129929,,0.0832491373186656,0.4651162790697674,False,2
-0.52524899428931449,-0.84651229515980853,-0.086778039510798682,0.8415810252479804,-0.50166885923900717,-0.20017425811625306,0.12591613058152137,-0.1781720792186792,0.97590974902716821,0.38736143712107801,-17.28543016997936,-6.9057916163038646,,0.2402480218751216,1.0,True,2
-0.78057104903345564,0.62500787574034034,-0.0086018994041131142,-0.61633433269982618,-0.77188521012814226,-0.15596542155520893,-0.10411929574421276,-0.11644044678710944,0.9877250602296912,19.893499767385986,6.3750810257870878,-3.4065830024913777,0.2689331641242145,0.2735325116307558,0.9807692307692307,True,5
-0.82688809677755659,0.56211546303219517,0.016801238873751671,-0.55414781744622055,-0.80935082684549142,-0.19460584653116428,-0.095792858957138113,-0.1702276279122216,0.98073762182767177,-10.111257168559133,5.7372313578880227,-2.6915406185717248,0.16241910351888,0.1488367132139203,0.5526315789473685,True,5
-0.022893352267246005,0.96612314423229417,0.25706412546419999,-0.99525862287850475,0.0022888787280814851,-0.097237002319848748,-0.094531307025503025,-0.25807136844848622,0.96148998995266488,6.6377872382338516,-3.8653017563851928,-4.8941540245277562,,0.4220528861039127,0.2845528455284553,False,5
-0.84712362190077661,0.52906275661800051,0.049741017053069408,-0.52458340112638069,-0.81765163413537167,-0.23718781684234114,-0.084816416337816697,-0.22702071437540633,0.97018955403781326,9.116789792265708,-0.85206763910395678,-4.429874250564156,,0.1519289658113956,0.1384615384615385,False,2
-0.78994599041960756,-0.59862976775507326,-0.13276947456961527,0.61187133254008041,-0.75544461192621193,-0.23434357411134649,0.039985055153279082,-0.26635660207541523,0.96304483586966316,-8.1463773297894697,-3.1075239080447807,-4.1668538336419596,,0.6127491184145216,0.375,False,3
-0.99345782584591125,0.11107254853605655,-0.02654123635441967,-0.10280308052242568,-0.9710345459105596,-0.21569292358205333,-0.049730020114770276,-0.21155330205406675,0.97610046895255875,-1.720955164826881,19.882292905555051,-0.67408852793725038,,0.2309043844510588,0.4285714285714285,False,3
0.31060120731163843,0.93721406681144059,0.15860858421697727,-0.94417019810679981,0.32347984277101738,-0.062477422544505432,-0.10986139915147412,-0.13034793550953958,0.98536282083549365,6.9350912937081493,7.5437657970661087,-2.7998186406611576,,0.2011447858951281,0.2686567164179104,False,4
0.7809290481214971,0.62458252908648904,0.006818075973306973,-0.6220173720479022,0.77862448253168504,-0.082694038919908799,-0.056957972845551069,0.060337215399707059,0.99655165935697188,-4.6681359937333466,13.742077613492395,-1.5507408506608662,,0.1427704761976168,0.4615384615384616,False,2
-0.68921846257546537,0.72446198689929597,-0.011521301273565796,-0.71101909325106594,-0.67931760591528478,-0.1816024210355075,-0.13939067356729368,-0.11697187624147165,0.98330454096938125,-9.8481178291699472,15.089409132288228,-1.2618335779951504,,0.1432738505788921,0.1923076923076923,False,3
0.9051438822647897,0.4026289793365912,0.13639815760119217,-0.42422700500756938,0.87613048441009489,0.22896904268839563,-0.027313011934471863,-0.2651137101051308,0.96383023406270041,4.104134293262887,7.4835979472352028,-2.8050174321373778,,0.3307655105169066,0.1637931034482759,False,1
-0.50382906446694542,0.86156724473378077,0.062114061211662908,-0.85825806158198736,-0.49116395345589037,-0.14883235721815152,-0.097720896065755014,-0.12829596107213803,0.98690970855731475,-6.6371955170670587,14.432172032271307,-1.4216550808728461,,0.140000829302122,0.375,False,2
-0.21534775190050573,-0.92968346861281781,-0.29885446949884859,0.96288415324960697,-0.15115300736477083,-0.22362217194494166,0.16272508464335111,-0.33591876481171073,0.92772793979441415,-6.3492244650518908,-0.78713645982387292,-3.8911429115391791,,0.3362397003287101,0.2222222222222222,False,3
0.77842228288999138,0.62771742588757562,0.0054390015086473453,-0.62551992029290504,0.77636717406980915,-0.077322961296220752,-0.052759632457898248,0.056787712261856499,0.99699126220793544,1.5228162874047906,20.624142645034649,-0.63113462191340164,,0.1902995570451758,0.3157894736842105,False,4
-0.97484985785188638,-0.21501344849639936,-0.058625690715287331,0.22225109319024444,-0.95740931414360508,-0.1843145592914846,-0.016498673337562181,-0.19270864577584246,0.98111730777789363,4.0088872493518641,8.4385309153284318,-2.652003253286034,,0.3137277941556699,0.9481132075471698,True,4
0.76995718658803181,-0.60274800251149607,-0.20942964520297652,0.6226531141271644,0.78147306187115373,0.040036895951960055,0.13953146702155489,-0.16122871654306928,0.97700372091035914,1.3802627269896848,15.100378037764655,-1.4829810982436962,,0.1442576875648211,0.3125,True,3
-0.73340306994200388,-0.67423511855723695,-0.086757950089623004,0.67666012917621643,-0.71181182586066361,-0.18829496580666924,0.065199743733167614,-0.19680175169194386,0.97827300072531476,-8.5036955828965475,-8.877509975717162,-5.1523809210887483,,0.1148011628047636,0.2222222222222222,False,2
-0.42323910048644592,0.88289748716169847,0.20337327991401208,-0.89631287523717695,-0.37525338850911233,-0.23623743161593627,-0.13225692232729849,-0.28227100732450039,0.95017429186466762,5.5490954010543536,5.894004706873508,-3.1029563584961646,,0.2199079396304485,0.19,False,2
-0.36436657804797207,-0.92345404529427988,-0.1202897461600161,0.92599194260775541,-0.34555771276431879,-0.1520815221340435,0.098873247277138351,-0.16680075952681545,0.98102068662905917,0.52608413696109935,15.912108720437613,-1.3092016605968633,,0.1709942969673651,0.2142857142857143,False,5
0.41784503188872441,-0.9052010132224404,-0.077567099900523087,0.89861166607749654,0.42435356878110053,-0.11145008861445035,0.13380060880031835,-0.023133835043302502,0.99073822110628817,14.431538849271259,-3.7331094888414946,-5.2652420295550364,,0.1481498696087194,0.28,False,1
-0.81789967404190722,-0.5712611124120599,-0.068562851806779096,0.57317754572283242,-0.79861869292265797,-0.18350935778225494,0.050076184771733812,-0.18939093104011381,0.98062401100445529,18.417013842811482,15.178915772623581,-1.8109818083132783,,0.2813014837645968,0.8648648648648649,False,1
-0.68425858728006161,0.72901973608042037,-0.017900003875150637,-0.71857192335479902,-0.6782290196633286,-0.15381738475447618,-0.12427621131850178,-0.092388426178586072,0.98793714476608474,18.583458958476154,2.4948352840893824,-4.20707234575878,0.2909358878564405,0.2673959537570831,0.8787878787878788,True,3
0.18631383023583822,-0.97162738694647355,-0.14569618251148309,0.97351116725794251,0.20257283376052479,-0.10602006530043717,0.13252608757119991,-0.12208385625380196,0.98363223216569695,-7.2239118362955015,-0.64343485381424848,-3.8348759115580435,,0.1660462255238251,0.1463414634146341,False,3
-0.29749857481894826,0.95463615227887122,-0.012822431239304783,-0.94496720934044243,-0.29634728525553383,-0.13861911770391214,-0.13613071384529835,-0.029122212894408316,0.990262755769448,-12.195043645562503,1.2842779517294072,-3.4126731593784689,,0.1252576232973386,0.8260869565217391,False,2
-0.73234268451620577,0.67489079703765131,0.090535100980118161,-0.67336525791898494,-0.69799910103799623,-0.24367290448026224,-0.10125918162465704,-0.23941526063313487,0.96562255105847183,12.229178298803509,-3.4628321826097372,-5.0963073278002629,,0.1926612540046337,0.2916666666666667,False,3
-0.58638281757893074,0.8087095450557531,0.046304027728828481,-0.80007251134993396,-0.56928739394149486,-0.18919788498160173,-0.12664583621424225,-0.14798896862610675,0.98084662273699874,14.11253424069505,-13.868644059124049,-6.9566927110249894,0.2855045948809681,0.2149882116685385,0.3235294117647059,True,2
-0.13483124837496063,0.99086151410120282,0.0037409002553663272,-0.9783284494590806,-0.13252517526484076,-0.15909281221982777,-0.15714318133676622,-0.025110511625496195,0.98725654354137593,3.9009805377483708,27.04382648426613,0.31236323535500804,,0.2431923542023643,0.9534883720930233,True,3
0.18210780429418974,-0.97081428690258587,-0.1560652682725234,0.97854286235168342,0.19449217543077774,-0.068019557752013723,0.096387831989961439,-0.14032966201779726,0.98540193413766286,7.8263715740733817,-3.5628893998839821,-4.8858696325338453,,0.2659853193743902,0.14,False,3
-0.92996166591218388,0.3671748894331906,-0.018812243448371489,-0.35922205781743988,-0.91833429380742126,-0.16619758721061273,-0.078299509010213292,-0.14779961226928012,0.98591300909451929,27.788842856140167,4.8913550743637026,-3.9712932338662692,0.3635430987734735,0.3767001899612755,0.7555555555555555,True,1
0.90830933480024212,0.41824283074821889,0.0068619853145867153,-0.41747111396009695,0.90742105238880266,-0.048009402105343199,-0.026306298174707008,0.04074270743720329,0.99882331293729243,-8.6758841932970334,-3.024095155458129,-4.1494307394505796,,0.08157726698675917,0.2592592592592592,False,1
-0.44453657736503616,0.89217763205282075,0.080039391859270045,-0.88583796358559008,-0.42459082919274288,-0.18711956080526293,-0.13295989491239288,-0.1540834210096651,0.97907097072420868,5.5418572876821379,8.0080487769653335,-2.7179575487722101,,0.3140573715392286,0.3111111111111111,False,1
-0.10724069619783204,0.98048823009210073,0.16474909325961618,-0.98419346334297686,-0.081201165305438222,-0.15738359973642896,-0.14093494879539958,-0.17902290748365207,0.97369817644079981,-10.323336232848716,13.668837433659702,-1.5061487945807328,,0.2280762508706998,0.2777777777777778,False,2
0.75718194459611066,-0.64361359701501963,-0.11152148006120295,0.6437480823203936,0.76420978672668682,-0.039646038641566753,0.11074253603051154,-0.041772474292777306,0.99297087122684036,14.525102285558615,-19.505417030733195,-8.0100155405434528,,0.1792585440303669,0.3529411764705883,False,1
0.98097605646634101,0.18349910177641809,0.063356580455335404,-0.1940376603973413,0.91682946098003393,0.34896006336912755,0.0059466786756735522,-0.3546150294704204,0.9349934854780646,-12.802388308194626,3.7194566513214795,-2.9934330047255924,,0.1896824231823015,0.25,False,1
0.020114834796234611,0.99853906548318616,0.05015105308051885,-0.99078375903806959,0.026628906276315464,-0.13280980452104768,-0.13395124578559123,-0.04701740161357313,0.9898719248963449,-17.022040747336213,8.2968039166252066,-2.2621757887070681,,0.1327421556038628,0.4090909090909091,False,2
-0.35746239252729506,0.9338271628578767,-0.01369188947777082,-0.92408313212879156,-0.35577944690862401,-0.13961142529333653,-0.13524423404975613,-0.037253389996122085,0.99011170182464348,-3.434426311685522,12.357162220944042,-1.880584314783798,,0.100633773333357,0.2857142857142857,False,1
-0.97348938471061253,0.22813922301645342,-0.016459428216130417,-0.22040794109186038,-0.95486569965354762,-0.19912768549046006,-0.061145378888350976,-0.19022089934228978,0.97983531886435371,-12.641995847921061,17.238672153299742,-0.92555751826107413,,0.1948416330824879,0.5909090909090909,False,1
-0.96846610589788096,-0.23451390470341807,-0.084122709346237806,0.24913861236611631,-0.9090850771664708,-0.33390758347410809,0.0018312714931183922,-0.34433639217194068,0.93884455341165529,-6.5037852281977138,-5.9707741926674611,-4.6307199920505235,,0.3141328473282647,0.2105263157894737,False,1
0.071908213319987327,-0.99427492583973287,-0.07903531301590111,0.98829463457673072,0.081716150314490671,-0.12882618539965343,0.13454710745301621,-0.068846514974788969,0.98851263687008706,-14.06083557909411,16.14358052333543,-1.1133861973458732,0.233910412196776,0.2727597691073137,0.851063829787234,True,1
0.99448796771714643,0.10445849434771146,-0.0090611822865326007,-0.10319895476221055,0.99043831750112288,0.091552798764061,0.018538009650657158,-0.090113052240807692,0.99575899695359915,-10.733672322763221,4.6741272776096485,-2.8521119654119924,,0.2227529164753576,0.25,False,1
0.66919281799442565,0.71195086865326063,0.21285425287869597,-0.7390775901422878,0.66741305737011225,0.091236651633803012,-0.077105694304300421,-0.21837072028032409,0.97281495693174058,6.5877881406134531,1.5448584775815348,-3.856809765113034,,0.7641457508727731,0.2627737226277372,False,1
-0.0020167958926276346,-0.98707200345816093,-0.16026475758388106,0.99117714634662568,0.019266563625311244,-0.13113605181730914,0.13252847654178943,-0.15911523973260536,0.97832435489992164,-11.819882405493638,5.7906345826293757,-2.6820102776482142,,0.4606991416023705,0.5813953488372093,False,1
0.94772254308949411,0.31497364060071259,0.051123253483277079,-0.31887601746138872,0.94077882306592442,0.11512294106153811,-0.011834982380484405,-0.12540658594119911,0.99203483880084875,14.071596944809917,0.079963185302960871,-4.387819438171995,,0.2718608800698817,0.2093023255813954,False,1
