axis_00,axis_01,axis_02,axis_10,axis_11,axis_12,axis_20,axis_21,axis_22,location_x,location_y,location_z,dbh,dbh_approximation,score,reconstructed,number_clusters
-0.90417546510759972,-0.4247078879844613,0.045715841687919041,0.41857719432281282,-0.9022643693671234,-0.10349946938699321,0.085204816121499799,-0.074446072121539281,0.99357834198183692,11.098125271501546,1.0563503244475787,-3.7353467141279317,0.2262733493734632,0.1849945324292275,0.7526881720430108,True,5
-0.98765679520455141,-0.14575838109046266,0.057345873680350962,0.14011075399771897,-0.98580086576962145,-0.092550686988564695,0.070021650226668647,-0.083373541305093418,0.99405524047196803,-8.3052996709368188,-18.017171066926736,-4.9627790696242942,0.1850219326266153,0.1821674748348149,0.9272727272727272,True,5
-0.75763160032580157,-0.65232791220334019,0.0215093734961351,0.64726673814998248,-0.75517353618556426,-0.10372415306799083,0.083905469860114518,-0.064662394058847245,0.99437349468000791,-22.777207085903299,4.9105872313679217,-2.5225093274199399,,0.2722675624548029,1.0,True,3
-0.99814219524236103,-0.025466797254990424,0.055349799587118984,0.0014805350645675651,-0.91832365096339341,-0.39582758885300834,0.060909490990186506,-0.39501027115612691,0.91665528940189911,-20.947738067213624,-13.162132662210858,-4.4229412268009378,,0.3021614001535723,0.3333333333333333,False,1
0.92677267853633805,-0.37430980670041292,0.031377873198801969,0.37475187465353393,0.92707725049440404,-0.0094235905787983659,-0.025562370043533542,0.020492443086034682,0.99946316841298466,1.2804009629785962,-15.809889415057626,-4.9166067549720882,,0.1776438645530456,0.2727272727272727,False,4
-0.9968881816885482,-0.050920608886638498,0.060175117783964567,0.045248356544844714,-0.99471812006187332,-0.092132772945147462,0.064548736933348394,-0.089123247310595038,0.99392681186751553,2.889431292457227,-9.4110400866343173,-4.3816759709218021,0.1608520760306204,0.1628049427934617,0.9264705882352942,True,5
-0.30369956266199399,0.94583414749340478,0.11473596242826198,-0.95151415794064864,-0.29491699448462672,-0.087434395992961544,-0.04886085219695939,-0.13572668050011555,0.98954074465026831,15.376847538062854,3.2299540980669783,-3.75533150378372,,0.193672010428184,0.8103448275862069,True,5
-0.25336179629145211,-0.96680406583087342,0.033131532908426443,0.96347993643758034,-0.25526349857702541,-0.080913276886146634,0.086684556076650529,0.011421234044988557,0.99617033842143921,-1.1137976783219103,-14.755417091767315,-4.7677058484932111,0.173064103263689,0.2030304895658982,0.9121621621621622,True,5
-0.090725588831097062,-0.99554454776618007,0.025688926491403179,0.99307869186109665,-0.092372676777894097,-0.072539646789443676,0.074589404761676664,0.018929923346826479,0.99703464267766551,9.8837056165301149,-11.032873535058787,-4.8513647575841343,,0.1279029467723817,0.8793103448275862,True,5
0.40300596206652639,0.91236272627168713,0.071975344729482166,-0.91025016017254934,0.40775216388640761,-0.07199179642014536,-0.095030734210996615,-0.036502445891287441,0.99480487081601687,8.3113252449794928,-7.0599939924870529,-4.41073207755338,0.1425686497742485,0.1246341196671196,0.9175257731958762,True,5
-0.97684425483638793,-0.20671599544379862,0.055170635494105086,0.2006973552693917,-0.97468962193400943,-0.098492195030928237,0.074134157990871363,-0.085138934229988666,0.99360731101233735,12.145349574721887,-10.037625527870517,-4.8274895955235548,,0.1721591977661793,0.9090909090909091,True,1
-0.33618319250431306,-0.94144834706529301,0.025609976291213192,0.93760805420636917,-0.33712603657952289,-0.085071570736227911,0.088724279455822105,-0.0045875122027859566,0.99604566008132134,-3.2576179041012545,5.4599678077991145,-2.8874474062984423,0.3801866422046722,0.3124219054463803,0.9688995215311005,True,5
-0.68638611145311945,-0.72557690631065896,0.049114753719422838,0.72117604638457633,-0.68781262268752774,-0.08257666857421618,0.093697471285928591,-0.021259094532883709,0.99537371613593695,15.351017851350223,-2.5653472163063644,-4.2454844678266639,,0.1832480694628952,0.9285714285714286,True,5
-0.2970785799222157,-0.95469499199110475,0.017372093095046195,0.95126207081740843,-0.29748872918908492,-0.081246099165668786,0.082733245890476495,-0.007611062512329958,0.99654266429082605,-10.057228489793285,-4.2245864854291462,-3.6098513902989802,,0.2625147051236003,0.8830645161290323,True,5
0.52028546131906239,-0.85285220230339198,0.044115300818035247,0.8534323123395462,0.51737940783903258,-0.063022508668791333,0.030924537098987386,0.070439118182917135,0.99703661098017227,8.2281502000163673,-0.31825804929360352,-3.7423904700219679,,0.2097370342967987,0.967391304347826,True,5
-0.44027846706393309,-0.89589151926129895,-0.059441207554314639,0.89605359351028402,-0.43422923506055638,-0.092373854396308797,0.056945842667745286,-0.09393272664202805,0.99394859719628093,0.60032283291675703,12.028562453098031,-2.315472153660612,,0.1836544003892625,0.2222222222222222,False,5
-0.51357684300798723,-0.85730164852492396,0.035675057987298316,0.85329764547494791,-0.51466147161065723,-0.083706020491135485,0.090121887202049986,-0.012548030761855344,0.99585169195575518,7.6988536444193425,-2.4717278851644728,-3.9358825894510292,0.2209520163399586,0.1954935106042435,0.8523809523809524,True,5
-0.082044114556073827,-0.99634000300089232,0.023986698124012374,0.99371916477264066,-0.083618622780346541,-0.074364961425957735,0.076098520552477761,0.017734834211257752,0.99694257147802845,0.22918685864853902,-13.782684474041364,-4.7124741295877186,0.2281266524278774,0.2224669048741642,0.6836734693877551,True,5
-0.74699948405531502,0.64879727537298559,0.14509950478786732,-0.66481889803217142,-0.72807959413750112,-0.16708063149228675,-0.0027574699242906078,-0.22127403839845802,0.97520777083165966,9.349376362746721,-18.693196313228384,-5.4773707851755669,,0.2188290870285651,0.4864864864864865,False,5
-0.76527198840575028,-0.6424053306956945,0.040916681870172784,0.63740193274362278,-0.76511862670614783,-0.0911716140144124,0.089875246292867722,-0.043690710237466859,0.99499425221593241,12.763671025893547,-8.615890327572421,-4.69815136378904,0.1787024431720413,0.1439945199133213,0.7875,True,5
0.12597081441396157,0.98828865505444652,0.08612135743563451,-0.98858477170979542,0.13229185508164412,-0.072104190048484604,-0.08265290714411648,-0.076055238936777791,0.99367202716534941,13.095992128335237,-1.0142671795882152,-4.0279901729446648,0.1084770089833548,0.1068825520934753,0.3023255813953488,True,5
-0.05371355972719246,-0.99825074127009417,0.024704474395180687,0.99584370761810259,-0.055373611361856465,-0.072312330637160305,0.073553813625571049,0.020717642685761616,0.99707603310012494,-10.015713008969108,9.8515705314653736,-2.2358297202883284,0.3362226477090006,0.2827401222313576,1.0,True,5
-0.93616833924258169,-0.34867037489655095,0.044920043068584416,0.34242053447316451,-0.93331072707671281,-0.10807064492565838,0.079605390338199189,-0.085790771024826129,0.99312784949172939,20.616631953272137,-11.969650667861366,-5.2967285451264914,,0.2223279206991307,0.5714285714285714,True,4
0.063541616615823998,-0.99747297799905899,0.031782402670922652,0.99564290789788346,0.061182860625149944,-0.070369435967399419,0.068247072541568504,0.036115311536971145,0.99701455423784735,-1.8618281030392898,-15.657651099753268,-4.8276572259953836,,0.1846717047036117,0.75,True,5
-0.9795307691542523,0.17214521608202787,0.10433358452651248,-0.19611439346350823,-0.93295716527215244,-0.30187757857083308,0.045371984269142192,-0.31615969437520208,0.94762040432657402,-28.890534112794466,1.4522851749023968,-2.9175632662377406,,0.1792233286733424,0.3,False,1
0.013161065074714163,0.99571645927580865,0.091517862154579646,-0.99767522945895304,0.01919688708590922,-0.065388195037288141,-0.066864960107089838,-0.090444525834659298,0.99365429846421893,24.381628282842382,-9.4336967066780772,-5.2433588613479412,,0.2280093142932775,0.6774193548387096,True,3
-0.61130398593071045,-0.79037494603536063,0.04018558777503934,0.78575279118907482,-0.61221516362550621,-0.088233466244792613,0.094339747316823652,-0.022361531848113791,0.99528888970469387,9.8221414482100204,-3.0820570064363118,-4.0784653586907078,0.1262220201002318,0.1556185279582789,0.8805970149253731,True,5
-0.40903333111632634,-0.9124167159623654,0.01369198555111608,0.90809263168602261,-0.40847937634295273,-0.092262513406167923,0.089774753207306129,-0.025304852003569606,0.99564057679046125,-16.780731334896203,15.712472156755179,-1.5659842132390298,0.1841226933095639,0.235521094657111,0.4324324324324325,True,3
0.80478716859298016,0.55649925322225646,0.20646112087064855,-0.58221485314880028,0.80779924510478307,0.092120814049064983,-0.11551397335826635,-0.19434238027566894,0.97410859825163842,-2.180546979513116,9.4367033639733471,-2.4759371000976822,,0.3392334865227267,0.6140350877192983,False,6
-0.96011771733218909,0.27149429270531422,0.066819292822254836,-0.27703896143066109,-0.95601788370966967,-0.096328707438142008,0.037727744621773321,-0.11099844618607796,0.99310420512151121,10.621827961342035,-0.52769411127279175,-3.8621779299654322,,0.22006037409073,0.9801324503311258,True,5
-0.90887454971958925,-0.41397674166169385,0.050698227140414172,0.40835509216211341,-0.90800414221381609,-0.09367281584228955,0.084812567331059907,-0.064433959103247326,0.99431136639233653,-13.117538826891757,13.177428153927876,-1.8459079635018303,,0.2959037970076652,0.8484848484848485,True,3
0.51749222338597756,-0.85521793087342857,0.028356471000634896,0.85501404854099172,0.51548578689177238,-0.056792431803130761,0.033952548248707748,0.053634822877886672,0.99798323144343326,4.9209073852689835,13.113829991676917,-2.3973255535121356,0.1963785733786958,0.2305525320481461,0.5,True,5
0.61838531186683887,-0.78509025625750695,0.035112613073873027,0.78558557999424072,0.61632762256909657,-0.054731692495648694,0.021328445148807124,0.061429237239673494,0.99788353340441849,11.097507033140015,-12.548579498371613,-5.0334526297399371,,0.1917349549328538,0.9459459459459459,True,4
-0.52362588116814635,-0.85113340401286763,0.037254062118795436,0.84679998584077554,-0.52476380853007376,-0.086906439560449938,0.093518557254399337,-0.013959721719319487,0.99551966611341991,-0.29952577175371098,-10.932429583606158,-4.447462824253293,0.2999663720774088,0.2503210991005999,0.9962264150943396,True,5
0.36211127030288115,0.9220166159637635,0.13697002521122309,-0.9257941050136852,0.37285422543749636,-0.062329781768533647,-0.10853894711826825,-0.10423572545022117,0.98861226499488808,0.5968852360443373,13.774252555424045,-2.1383559022336978,,0.2136517272539608,0.5454545454545454,False,5
-0.023179426085316829,-0.99963220822578003,0.014077019713192002,0.99697062346249155,-0.024158833194737342,-0.073931906045215379,0.074244798869449569,0.012320675968433163,0.99716393375638845,6.3264738358990993,-2.6653891929633451,-3.9079980615003294,0.2153387614232821,0.1738147008000029,0.9303482587064676,True,5
0.96458392226574796,-0.25893599382802501,0.050299184950837551,0.26076404591008995,0.96480687972888501,-0.033908659490060652,-0.03974882724088874,0.045823966743456672,0.99815840166021164,-6.2723488430413914,-24.448943693025498,-5.6178240376474955,,0.142735657065062,0.6111111111111112,False,1
-0.17410664186879257,-0.98446317263348648,-0.02278462169056341,0.98117628746558028,-0.1714693660356148,-0.088833267566857124,0.083546215787625333,-0.03782219242395217,0.99578587637494276,17.863762318862758,6.3797738744161601,-3.5834924263186685,,0.2172100632499669,0.4390243902439024,True,5
-0.55399095645448915,-0.82976033275500882,-0.067762898055920562,0.82826415069676562,-0.54110622895995808,-0.14554224696389101,0.084098257040232632,-0.13675466780709997,0.98702869461620224,-14.53661156093237,-5.6334991149074174,-3.7386681055132454,,0.1752385020550003,0.2105263157894737,False,2
-0.62428060208075931,-0.77695575400524119,-0.081323343412760873,0.76903607168171506,-0.59292175381177692,-0.23880392440058529,0.13732170373993588,-0.21162124225821832,0.96765655038709264,-9.6192016252531793,3.0678121891058461,-2.9254521111570715,,0.4879547733276053,0.3461538461538461,False,5
-0.72144900241755272,-0.69097301956723922,0.045471124253195619,0.68597322985579956,-0.72211254799114488,-0.089410267614733349,0.094615351988564272,-0.033312974407396806,0.99495637135716253,9.6060090345339724,-13.970279036990966,-5.0882686764800003,,0.1584301233478683,0.4727272727272727,True,4
-0.47296349832894691,-0.88089820748159453,0.017996591459435746,0.87622261350229447,-0.47239911126347967,-0.095252355690988985,0.09240920319780084,-0.029281866968963469,0.99529046585966996,14.575329336439308,-4.3432949696051653,-4.3643937738889411,,0.1914082793679147,0.9846153846153847,True,2
-0.8465026855855905,0.52222804094663389,0.10349433098206356,-0.532220220937067,-0.83492583643954899,-0.14014451138528233,0.013222697231791754,-0.17371448095872954,0.9847072861430225,-7.1507471608385584,1.3741539667419398,-3.1797145804867513,,0.1784309562902893,0.6778242677824268,False,5
-0.83102847680325664,-0.55434236275406057,0.045784447122393185,0.54881434216605329,-0.83056282972820994,-0.094700600350307543,0.090523414511934047,-0.053571734432557389,0.99445240242808308,-14.984860350022753,-4.0484013390686018,-3.5190737370272154,0.2964853764190101,0.1191049087937863,0.5694444444444444,True,5
-0.44111434308192554,-0.89701316630512296,0.028027054833862551,0.89272841790001545,-0.44177867790530545,-0.088699332703106398,0.09194622450724825,-0.014105999556904815,0.99566405608285569,-8.6218549673517568,3.040588590946987,-2.956888359695077,0.2962870884222866,0.2070927728138112,0.8045112781954887,True,5
0.98160996640527676,0.17503528259290602,0.076187424824922773,-0.17374048899915784,0.98451448697967847,-0.023355243725419458,-0.079095615151316634,0.0096888995640273864,0.99681994807942764,13.906888418236184,-2.1017611742230815,-4.1659654939599013,,0.1320343921137127,0.4516129032258064,False,4
0.88523621554968801,0.43625230634664747,0.16137152129943583,-0.46081133722758999,0.86975530430722736,0.17657469272792004,-0.063322619669305316,-0.23067213927275684,0.97096890269541758,0.36962156914928396,6.7192285959360278,-2.8286795866586023,,0.3573161260497947,0.225,False,4
0.35492156016952608,0.93048311835248954,0.090729557410231643,-0.93064403775594307,0.36088496740244097,-0.060528632003816224,-0.089063803624950547,-0.062954005146346095,0.99403442199950509,17.997631260637938,8.9865980887079751,-3.3701984886666327,,0.1769271338535475,0.5555555555555556,False,3
0.98168700483004134,-0.18605680809569572,0.04090829633537376,0.17984578051095595,0.97596927236598019,0.12304257242850059,-0.06281814849409692,-0.1134321099101095,0.99155788366646191,-16.070348311744802,-4.0106708850950756,-3.497120450341757,,0.2380699632381312,0.2631578947368421,False,5
-0.05606948706387755,0.97553508389507482,0.21257354659087208,-0.99801787133854836,-0.048668007562599883,-0.039896785945201053,-0.028575183451102305,-0.21438919079495278,0.97633023806549146,-0.96750616560048786,8.8079370041658063,-2.564179022060503,,0.4364768509219547,0.3690476190476191,False,5
-0.98041809919045175,0.1812573062543941,0.076981424442404578,-0.19153694043992578,-0.96853903753806958,-0.15888905944633411,0.045759711829219375,-0.17052249615293913,0.98429067204717346,-18.640987046892604,18.96875263110277,-1.172749787681348,,0.2473302542895544,0.4761904761904762,False,1
-0.78669046274944854,-0.6168855404226623,0.023881914422801419,0.60786203067780431,-0.78077840471901372,-0.14452970070088461,0.10780476556866178,-0.099183228127900605,0.98921222181027157,3.747192016082781,18.779158972239209,-1.7682116014167659,,0.1847266533934322,0.32,True,4
-0.93786591215460746,0.33234322536747518,0.099777308897111297,-0.3461291467052382,-0.91634271258337152,-0.20127256866361939,0.024538635241384055,-0.22330251599050852,0.97444027099294206,0.96037461142549529,9.6323273283739272,-2.5648614223741069,,0.1596555622369759,0.1379310344827586,False,5
-0.17686835383240024,-0.9832651803449185,0.043671163642513493,0.98057629744866159,-0.1798594417935562,-0.078234941551604265,0.084780365029229879,0.028985622625444234,0.99597797334405191,11.157842527347853,-13.923976437486218,-5.1399061178043359,,0.2064409000967942,0.9591836734693877,True,5
0.2210119558578636,-0.9752697223591511,0.0016382970996212318,0.97364884060110612,0.22054716526834436,-0.058024848885794997,0.056228556481592119,0.014419311412212886,0.99831379480321436,-15.355939293717364,20.097904421045342,-1.1395816413744975,,0.159812746892963,0.3,False,2
0.5052833396750549,-0.8537424800468153,-0.12574786046026962,0.86270036502298397,0.50327262686215724,0.049646180522500458,0.0209004027720045,-0.13356811301645366,0.99081922283996438,5.4641960566777046,12.298498560441601,-2.4916462455785342,,0.3965777191511678,0.288135593220339,False,5
-0.69189397282895548,-0.72064053802579697,0.044271269654894412,0.71605438150504075,-0.69275829949530077,-0.085744161362824298,0.092460008059698895,-0.027625231841033195,0.99533310679155607,15.069282282659799,2.454004807339552,-3.8056168483636617,,0.2639648552430563,0.99,True,5
0.72503597181888413,0.64956295206464842,0.22889039052285606,-0.67850744142618802,0.73068849407895242,0.07564374759304425,-0.11811219876851801,-0.21014827128884939,0.97050873905203661,-2.334885762481516,5.4101225077847275,-2.9030805074272736,,0.3469146218372664,0.3507109004739337,False,5
0.61355442285984785,-0.78963408144542502,0.0053840142049761675,0.78920096033790632,0.61295884836464976,-0.037990714828870231,0.026698584060688892,0.02755844029190066,0.99926358783747959,-10.500624886753755,-22.302406561770546,-5.2622035342643851,0.2436351441030118,0.1973253820776122,0.8461538461538461,True,4
-0.2184262288153021,-0.97558941836598412,0.022699544881940113,0.97212302486046742,-0.21956434698488417,-0.082269812624297778,0.085245569396074361,0.0040968653167206687,0.99635154869800679,-0.079085301228282515,11.489770571681337,-2.3293886577043952,0.2561471377086494,0.2845620442793294,0.8853503184713376,True,5
-0.78108468174172752,-0.62390239716928164,0.025544446653771695,0.61756306065341271,-0.77790250209142375,-0.1161187467909056,0.092317853445648745,-0.074923267723221693,0.99290680221703642,-3.1342338464418655,-15.542454883945826,-4.7638101777654427,,0.1108472462633403,0.5348837209302325,True,5
-0.91721945029307772,-0.39635288409677721,0.040160568624329242,0.38895928123979562,-0.91275822333187373,-0.12483230061751137,0.086134531643727155,-0.098877788244913459,0.99136472877055093,3.5661515576200244,-16.412351140019716,-5.1155232718591295,,0.1477316254713021,0.4081632653061225,False,2
0.92188836910487149,-0.3847322214731414,0.045857961898692304,0.38661207922861601,0.92122124805719074,-0.043387928303587411,-0.025552594852315876,0.057728068461473367,0.99800527804617345,13.919727057698262,-12.825382245042094,-5.1188247602532728,,0.2037717443714563,0.8148148148148148,True,5
-0.26421219076287972,-0.96330598021038216,0.047259990935199496,0.96067561648715893,-0.26719729530999403,-0.075551077199739955,0.085406546232105848,0.025440005305411573,0.9960213491641452,3.087042458815255,-13.224497264475511,-4.7575550946857899,,0.1930096387882043,0.9794520547945206,True,5
-0.64302473286384909,-0.76464206356182474,0.042915120380710992,0.76020554685113195,-0.6440745063260791,-0.085179556453348376,0.092772406792899859,-0.022148248976674903,0.99544097545013721,11.88493318141405,2.6478654433790192,-3.630563010252172,,0.1978953133679068,0.9423076923076923,True,5
-0.042457092682361142,-0.99904030674170663,-0.010763864844859611,0.99620331333587153,-0.041512056366153481,-0.076522595845180508,0.076002327461683297,-0.013971924766842329,0.99700974495674677,-15.149179374883497,-7.5622377431736796,-3.8851674467397341,0.2277794102818133,0.1224734272933373,0.5714285714285714,True,5
0.80212221123301053,0.51472180833109649,0.30275636785216054,-0.59005024273941697,0.76115851158415126,0.26921818528129765,-0.091873115163368491,-0.39458735442404436,0.91425387635974098,-16.462793028619718,-7.1960246586169827,-3.8595918511479388,,0.1843709907739377,0.3333333333333333,False,1
0.98903833927545071,-0.13595073366700106,0.057624313086261647,0.13919335628644544,0.98864771576490307,-0.056576529396510589,-0.049278524825465915,0.063977278218471198,0.99673393383730191,-4.214163874902157,14.676169159033073,-1.8815243403235187,0.3315131737763076,0.2746646315882075,1.0,True,5
0.97617530980110356,-0.21032441930081841,0.053342320726550783,0.21248259116034757,0.97640214140401449,-0.038600605117533389,-0.043964906328858508,0.049015272185601991,0.99782994047285778,9.4392028770903593,-8.1070016195902461,-4.5105840323589446,0.1991491769227342,0.2301482283469692,0.9824561403508771,True,5
-0.8547321740470385,-0.51668423870922975,0.049702194300506319,0.51103754446109584,-0.85441921747284588,-0.093853230974010951,0.090958995157130379,-0.054819688822096237,0.99434463990985145,-4.4895959575337701,-19.218388253138688,-5.128601056337172,,0.2029266390212006,0.9827586206896551,True,5
-0.83774773729494201,-0.54579624633513024,-0.016887455216457715,0.53889806664943218,-0.82137703973743026,-0.18689203394923076,0.088134002625035346,-0.16566899552619532,0.98223529844056845,9.7912162099449258,19.368483124407103,-2.0558107730924733,,0.1692573177301442,0.3636363636363636,False,2
-0.71732286239470344,-0.69592486217882965,0.033711975427813526,0.69031386449213838,-0.7164303708488271,-0.10096678768456838,0.09441758086181741,-0.049153941111454935,0.99431846533060664,-6.1753713687887632,-18.145712296957473,-4.9738827637918419,,0.1585335258631694,0.9454545454545454,True,5
-0.15998384580251462,0.96344816812378486,0.21487856203251027,-0.98651894224165049,-0.14845937165599382,-0.068849049128661188,-0.034431753958383104,-0.22299650738616844,0.97421096894508352,2.760319710210986,13.591427436045187,-2.256763949538017,,0.1863519732404792,0.4,False,7
-0.43964721358918174,-0.89815236745504379,-0.0057142294466615839,0.89349817970186851,-0.43670318433057209,-0.10464861043026649,0.09149497501347173,-0.051114123590637342,0.99449284357246415,20.215906050341296,9.8134056048879561,-3.4084472975919864,,0.2238866607299589,0.8157894736842105,True,2
-0.96762333987900939,0.20778247852148449,0.14328821912795275,-0.23374592115311416,-0.95189492892348981,-0.19813855918025211,0.095225608245227439,-0.2252165311632629,0.96964405718032087,-1.8122146806744317,9.4691731261869627,-2.4705687611584874,,0.4265239168446295,0.3076923076923077,False,3
0.50369634952746145,-0.86361309620822924,-0.021503663184355565,0.86355780019507056,0.50403261806874489,-0.014800190708827182,0.023620186175401695,-0.011114854043271331,0.99965921534522795,-4.3365322891441958,9.098875591575899,-2.4757175289122473,,0.3182618313480288,0.9622641509433962,True,6
-0.66136108575562713,-0.74969932275599949,0.023504035979663076,0.7442866419966776,-0.65982449496329021,-0.10329099859981755,0.092945730366954304,-0.050818906970085766,0.99437343583832649,-17.820032042485973,-10.297152916237888,-4.1570666131789169,0.3185037849269748,0.2710156168474493,0.9594594594594594,True,5
-0.18243042224405412,0.97018133007963725,0.15958486082571149,-0.98093571647898425,-0.16853897210858021,-0.096745723504681511,-0.066964626301632468,-0.17419185298253387,0.98243215398255013,3.5048283465794192,10.994752767140477,-2.5203294074054323,,0.2316460163393667,0.4864864864864865,False,5
-0.20832471206125769,-0.97756689138624597,0.031044922451601703,0.97438261930855385,-0.21018672413838993,-0.08000032615792306,0.084730900703319109,0.013583587942966574,0.9963112769634801,-6.4192221589055336,-16.980903240428855,-4.8574255920999354,,0.2262699336408431,0.9365079365079365,True,5
0.0039235929372452259,-0.99921938721890091,0.03930930709572112,0.9974972673244028,0.001135652422457006,-0.07069591200290426,0.070596084160595013,0.039488308389424319,0.99672306404624256,7.852885583031612,-14.645646319675853,-5.0632510308446363,,0.1254378521159034,0.6896551724137931,False,5
-0.86712616529988673,0.49255365074201835,0.074048055970581214,-0.49778846620484057,-0.86213355715697948,-0.094511229688774262,0.017287462675153131,-0.1188134283848495,0.9927660917203468,14.6828528882613,-8.2663486709109417,-4.7443657170664659,,0.1645463837218094,0.6,True,5
-0.96001225729397566,-0.27553510285715915,0.049566853226925917,0.26762365657473641,-0.95519208029845293,-0.12643444220891853,0.082182992686397394,-0.10811335175919543,0.99073581689797563,7.0313697565102702,-10.139917576630133,-4.6093390817085407,,0.16470013820809,0.7207207207207207,True,5
-0.1439695113073102,-0.98948105834521893,0.01414266558889065,0.98513408847782491,-0.14466126879055494,-0.092649581924966071,0.093720902326526953,0.00059370694099452476,0.99559833265186271,10.638305212774275,18.784809169800944,-2.1489373343436782,,0.2443402072419784,0.2727272727272727,True,5
-0.62760358517519788,-0.77782846442217835,0.033115250412353157,0.77279219653386322,-0.62756785835531803,-0.094608689535816429,0.094371398482819252,-0.033785545636474304,0.99496360539189643,-14.033747160268055,0.49445916695663594,-3.0644076072399549,,0.3551112182281774,1.0,True,5
-0.68056246458389336,0.72901150013709548,0.073327787825343035,-0.73255244691297738,-0.67507878777838548,-0.08738159310446493,-0.01420015215785201,-0.11318508276061229,0.99347244185189487,1.7635877136970723,-13.500646910715364,-4.727433761207859,0.3108966288572103,0.1753813518520526,0.7,True,5
0.77444783373104653,-0.63059646866894437,0.050780375456924084,0.63263760912123002,0.77200666974256449,-0.061443937035057197,-0.00045645882935299587,0.079710699252053693,0.99681793526706053,8.2275634637939401,-1.670299144593824,-3.8789953285378314,,0.2126779186543886,0.985781990521327,True,5
0.31805573613862126,-0.94802684904327661,0.0092543072347894481,0.94696540441312149,0.31719787394593613,-0.051400696579624448,0.045793793837293165,0.025111795181826015,0.99863523179824421,9.8505828171199372,-14.686886488501994,-5.1447574106120637,,0.1045676034028814,0.5319148936170213,True,4
-0.91293874572433831,-0.40471302609635362,0.052442473847121716,0.39924003086190146,-0.91234767134429684,-0.090714521164078535,0.084559117265151557,-0.061879666293318383,0.99449517977050417,-18.486141068415453,-0.3500313946772261,-3.0613981763866089,0.3217399038709767,0.272601226292149,0.9814814814814815,True,5
-0.95897265974760493,-0.2783294402093669,0.053890264142466698,0.27245484903400369,-0.95735107307801626,-0.096162768856915645,0.078356831830176304,-0.077534802438072176,0.99390571047581078,-15.940462566604738,7.2937604604068467,-2.396929644692543,,0.3098314633949576,0.8611111111111112,True,5
-0.26834782106465266,0.95980978536579997,0.082186512554741978,-0.96074912010870261,-0.26042389453647774,-0.095606084350355516,-0.070360323622102247,-0.10461630403771247,0.99202059141394938,-1.4982731329743966,4.4864692727075015,-2.9796701102436516,,0.1002717603465942,0.2043010752688172,False,5
-0.45748592044921882,-0.88891972088104232,0.022986135375516085,0.88439481246444995,-0.4575414279165948,-0.092204432789394747,0.092479447861141373,-0.021853410919442359,0.9954747511386135,-14.196147743002216,-8.6462358854514818,-3.984501524060907,0.2599889993775454,0.2887643644865122,1.0,True,5
-0.82232946044645461,-0.56654417503462484,0.052933507499306871,0.56168201332003753,-0.82310011119006865,-0.083782592891631966,0.0910361158804113,-0.03916509534307866,0.99507714319653384,-24.575970255717532,-6.6476103308971721,-3.8586076165291825,0.3936473091633986,0.3550420645319027,0.9605263157894737,True,1
-0.99768695647448213,0.029865656607880806,0.061063732575608071,-0.036575452344566509,-0.99304643735700993,-0.11189731693986588,0.057297235242859533,-0.11387192721619577,0.9918418276245432,12.098103544226229,-15.682948467293008,-5.307692547836389,,0.1707268238123887,0.3333333333333333,True,5
-0.20474280679225218,-0.97804515765054312,0.03883365374460563,0.97529627104739025,-0.20720741867560027,-0.076565457791687788,0.082931096386618997,0.022198090956655515,0.99630802366035087,3.7080869733524091,-12.155082014704794,-4.6806962634314289,,0.2042718138072914,0.9796954314720813,True,4
-0.88120663094101215,-0.47176987771304635,-0.030133968676693226,0.46917317808157077,-0.864989160674142,-0.17796145898784269,0.057891299470896065,-0.17095886756427864,0.98357595692793864,-18.550711069470793,-13.922713244836878,-4.4107378162580382,,0.2546095398774502,0.2173913043478261,False,2
-0.93967617636520706,-0.33805070103247475,0.052253297533414067,0.33288683112467671,-0.93887913292049274,-0.08770593725759436,0.078708584255048397,-0.06502074513502995,0.99477498031798639,11.679276553195638,-2.725296406360755,-4.1382062043615502,0.1985090912881344,0.1347790033949162,0.7735849056603774,True,4
0.25436271866057275,0.94996942153361275,0.18126694543323241,-0.96378969656818159,0.26451271969186718,-0.033800028257723588,-0.08005640601859107,-0.1661057472584975,0.98285291503005734,-8.7263603387958106,-19.255448391954928,-5.0359454862577797,,0.1420601816401384,0.2608695652173913,False,2
0.97832621411032472,-0.19989232572578849,0.054045137621205691,0.20185424991623849,0.97883835103448846,-0.033620593909640256,-0.046180954681692699,0.043801149071907325,0.99797233366695515,-21.849666799002982,8.1239396024129924,-2.2198769729904955,,0.2168886931000846,0.5555555555555556,True,2
-0.99072481747728824,0.11429818000963275,0.073486475497731352,-0.12587926256522927,-0.97565902338751387,-0.17956581339039879,0.051173697253835131,-0.18715073104053595,0.98099737847782487,-18.409735530149614,-13.312559797214607,-4.3747757696062628,,0.1539584643747397,0.125,False,1
-0.55780823988849126,-0.82958254057418923,0.025353025203678266,0.82477572670450372,-0.55747081638321216,-0.094716891419078048,0.092709051076807006,-0.031923302703663885,0.99518135763936477,14.948230140700336,6.4251557107280686,-3.4403715850768113,,0.1359253907629962,0.6341463414634146,True,4
0.43611313647015909,-0.89502628668683371,-0.09345201088119684,0.89915678763227957,0.43759737229532419,0.0050607326571862205,0.036364865639249552,-0.086235061893676232,0.99561092332659451,10.45623032163742,-18.405408181323679,-5.5144007464675271,,0.1919198824783193,0.1111111111111111,False,4
-0.97111944581137599,0.22502737387211608,0.079307647646526105,-0.23779645269693975,-0.9399932525301461,-0.24467433924003829,0.01949022964869182,-0.2564670860091332,0.96635643773000535,-11.595128190413519,17.481491820247363,-1.4513068401332541,,0.2185592429276535,0.2352941176470588,False,3
-0.99814096963310728,-0.023152030638658189,0.056378969635744229,0.014060712906250243,-0.98756057513628637,-0.15660908910103427,0.059303466108226281,-0.15552521954266554,0.9860502040939686,5.5182633086203703,15.62089968461413,-2.1811557980296383,,0.1911239227979654,0.3478260869565217,False,4
0.72211201768924849,-0.69081590039675722,0.036436597917218899,0.69168818386092645,0.72017806129297002,-0.053953835261944069,0.011031328838204013,0.064163477082507678,0.99787842846348107,16.966434381062527,-9.0626271546271013,-4.8813062850395434,,0.2106378167749436,0.8363636363636363,True,4
-0.46791119936118886,0.87770633076042459,0.10339587252616093,-0.88302951814920994,-0.45949978556934318,-0.095492497814756036,-0.036303988617611277,-0.13598361667789122,0.99004569409984933,16.999613391596398,3.3440069973276851,-3.8239359886583575,,0.1207715449815935,0.1935483870967742,True,3
-0.20196337291404795,-0.97928998568147219,0.014209853805082696,0.97640652637671832,-0.20245851318834299,-0.075105563618913893,0.076427032194965897,-0.0012939789589446679,0.99707433743343421,-7.9952932319076879,15.502930273258592,-1.7384950380538025,0.2599869991856082,0.2480793781847377,0.9811320754716981,True,4
-0.82412901319659471,-0.56437145931707977,-0.047918947358180704,0.55867827362725619,-0.79605216333194229,-0.23276498841406981,0.093219934480102601,-0.21859965499250805,0.97135175639552995,-13.022189001612718,17.853853447672087,-1.4037491231091415,,0.2306120128584444,0.375,False,4
-0.75342612674429132,0.61896647022151763,0.22187739921094063,-0.65752941020757616,-0.70818723580384957,-0.25714959412097127,-0.0020362345574101576,-0.33963413813399052,0.94055542418446003,-17.821060996678732,11.866334025732417,-1.8930119431480972,,0.2896164875393128,0.2727272727272727,False,1
0.070830123286578617,-0.99704106517459301,-0.02986985086539827,0.99633831089830183,0.072154288490148433,-0.045866424416981806,0.047885946492957139,-0.026511752261845732,0.99850090792171042,22.811306244343491,-10.242917174708975,-5.2291904446982862,,0.1770347188767759,0.8620689655172413,False,2
-0.49437747230184309,-0.86675443438145972,-0.065784993429479327,0.86424567883289616,-0.48201621659576177,-0.14401310203371784,0.093114561155099862,-0.12805122966525473,0.98738673329253801,-22.468341642726706,-17.838912006897779,-4.8540389170200671,,0.1954047461216834,0.2857142857142857,False,1
-0.62957419149550153,-0.77639637589276611,-0.029068968047801041,0.77164483715452292,-0.62048437792240418,-0.13986916045725079,0.090557068722187245,-0.11048893272552368,0.98974320560922224,9.1941383464643831,-19.92228739650999,-5.6083989521337303,,0.1764872638563028,0.2380952380952381,False,3
0.92544908146406057,-0.37654662387038107,0.041912261560834788,0.37774699023319291,0.92555656925026242,-0.025539155965831048,-0.029175486064333137,0.039467419088417423,0.99879483070518948,-4.4614970995981853,18.393356846319076,-1.4840621667353795,0.2763547445667985,0.2299389453533508,0.9333333333333333,True,3
0.23668021037083045,-0.97100138035947292,0.033746071753878018,0.96995468955918929,0.23412699769597958,-0.066124497366736951,0.056306111754909335,0.048382520499299586,0.99724056951629203,13.678688283451962,-3.9289675973258049,-4.311100766516863,,0.2057262577444114,0.9830508474576272,True,2
-0.69102189021452098,-0.7208799519043777,0.053111601243918803,0.71665858548842909,-0.69285043001766689,-0.079741792493385061,0.094282655298176254,-0.017040439157380682,0.99539962042550989,10.760349836566316,-8.7313253241534756,-4.6504565625464824,,0.1766075127286324,0.9206349206349206,True,2
0.20534667027671349,-0.97720792465254125,0.05382766019938634,0.97692705206634278,0.20136759274529953,-0.071166196560784642,0.058705024889116747,0.067199438898230532,0.99601102175856027,6.9029781147222886,25.393711585188907,-1.3632399881044985,,0.2260991677581688,0.868421052631579,False,1
0.55133512571029808,-0.83389167166567812,-0.025578488708891831,0.8338403935832851,0.5517825406779262,-0.015691584747402343,0.027198845322588948,-0.012677055242985152,0.99954965613694469,1.2390214300108346,-20.215747407377744,-5.3971353228665908,,0.1390810934224788,0.44,False,1
0.010524225917374024,-0.99963017951773026,0.02507478546649693,0.99734470557736665,0.0086864487792925674,-0.072305489863497635,0.072060938972759059,0.025769163838888866,0.99706728522673371,19.759879941125604,10.879263399273334,-3.2872901636530298,,0.1896931702156579,0.9459459459459459,False,1
0.71663317491797873,-0.69693201841652019,0.02688223042927574,0.69744421497588416,0.71593369614072222,-0.031788515645690157,0.0029085397796779974,0.041529560991647833,0.9991330421721577,-18.97921662280406,23.49940613242331,-0.73151179272990308,,0.2315919968495997,0.975609756097561,False,2
-0.74537849002330581,-0.66510891131143124,0.045177900622975505,0.66029031207487432,-0.74591226307295466,-0.087359026880156218,0.091802017356055476,-0.035285009444604061,0.99515192695279064,-24.086790534795366,12.919417787599278,-1.6583124641005369,0.3820527648287046,0.355244436904422,0.9180327868852459,True,2
-0.21202603081388424,-0.97719304537836016,-0.01177770442298328,0.97427843594381314,-0.21042160437688309,-0.080649102080150803,0.076331458208171971,-0.028574472446990837,0.99667296943992079,15.543064941233341,-0.1097724860566705,-4.0588277006864564,,0.2033397759758042,0.4857142857142857,False,2
-0.99638914186821204,-0.069848741148968954,0.048268326333448477,0.049981208529102782,-0.94210652086785762,-0.33156776401247251,0.068633495911969183,-0.32795801057172641,0.94219583237283344,-14.738187460621917,15.821135371819334,-1.5501143833472313,,0.2020365979212976,0.1666666666666667,False,2
-0.87175099267478207,-0.48959447446870846,0.018640207623339761,0.48388606425195729,-0.86630652398882702,-0.12396484710249822,0.076840637642346943,-0.099046741814683176,0.99211151557806887,-16.872803047321607,12.518301008710681,-1.8401112931023502,,0.1823796496309322,0.4615384615384616,True,2
-0.43386582105138993,0.89689589975863226,0.085663261200800755,-0.90012492618169893,-0.42735638906276052,-0.084508188914618962,-0.039186306151435348,-0.11377285143386148,0.99273368618517932,17.812182581349358,-1.7283279982836484,-4.2687522948326801,,0.1223226024808709,0.4482758620689655,False,1
-0.57716711142258303,-0.81632629845301319,0.022124645672044762,0.81116449902773646,-0.57622474331689932,-0.099885938482121267,0.094288286701966789,-0.039704151462729383,0.99475288355823943,9.4128566263598792,22.3229899167602,-1.7931090720178924,0.6429034250805137,0.3452957471706242,1.0,True,1
-0.87196261614537163,0.48004332435220709,0.096122852588768459,-0.48926136190199232,-0.86144563254223594,-0.13614235903536892,0.017450380933605514,-0.16574024532016801,0.9860150380630528,-30.137859287873948,-3.1397155753861279,-3.4173899373029681,,0.2155256731009697,0.2608695652173913,False,1
0.8033373549557784,0.5564522734234455,0.21215551261876853,-0.58840198758492923,0.79658573355923756,0.13868767103097263,-0.091826984807070161,-0.23624571211298176,0.96734469987149452,2.4779613480286682,-16.672706938554636,-5.0762981810220618,,0.344921560134053,0.3666666666666666,False,1
