axis_00,axis_01,axis_02,axis_10,axis_11,axis_12,axis_20,axis_21,axis_22,location_x,location_y,location_z,dbh,dbh_approximation,score,reconstructed,number_clusters
-0.77394339523080036,-0.63318721533093514,0.0092504767486955627,0.62727316147136369,-0.76855410655290701,-0.12590856284774229,0.086833184188664092,-0.091643524823740635,0.99199872100801567,-9.8679938454915099,-25.494186598496032,-6.4619512333997564,0.2751746314872311,0.2823467055043963,0.875,True,1
0.19817068343974367,0.95099661434300509,0.23734746624551323,-0.97491308966880785,0.21628188489391192,-0.052598610810112356,-0.101355058173936,-0.22096964899025551,0.96999977649877833,-9.5225749081605642,14.862340803222187,-0.44880488590019602,,0.2224681601343801,0.2264150943396226,False,6
-0.0019403035875543539,-0.98742230804405706,-0.15809307637886919,0.99514147412776222,0.013655539459955816,-0.097503706149466685,0.098436180811793367,-0.15751416386790246,0.98259839532139626,-7.3107155552868601,20.401652914467526,0.16515626446128737,,0.1981636858354984,0.4705882352941176,False,1
-0.52761969312689105,-0.84924476849389963,-0.020019555700086754,0.84480748368888259,-0.52210279588821951,-0.11708537922799367,0.088981879773042616,-0.078689222333479358,0.99292005285451312,-21.979662766489671,-2.7123218428746294,-2.5437883411512483,0.4180858554569717,0.3495640113513662,1.0,True,5
-0.76135799747821864,-0.64816722968903229,0.01460280908600085,0.64219581373966483,-0.75705255562514406,-0.12023296069168347,0.088986158986701813,-0.082162463319228204,0.99263829924605973,12.370538023240782,-2.0210627719775034,-3.1868214786686804,0.1468969960036536,0.1570545149749377,0.875,True,5
0.48352291606114278,-0.8696386144685877,-0.09967080750593417,0.87227298353403826,0.48821024441546823,-0.028117600260638642,0.073112460226402526,-0.073344648563782436,0.99462310986961222,-17.389319215296716,12.352619663391033,-0.53670898254584865,,0.188825019041011,0.4117647058823529,False,2
-0.99481705482383365,-0.09686752840362757,0.030914549529404665,0.09251715442782163,-0.98844887464981246,-0.12003915336296604,0.042185347790580474,-0.11655687085921387,0.99228770640741903,7.5477914208720929,-7.6817782361316773,-3.8710776143133589,0.2506302632605666,0.2046946457676566,0.9375,True,5
-0.99240753312775931,0.11681255401897669,0.038498252101086206,-0.1209259928818996,-0.98384282599112238,-0.13202347515244456,0.022454229819833381,-0.13567653065053306,0.99049870600310863,-16.323618842631003,-23.158513585778913,-6.0193844873826992,0.2185908853146389,0.2607641426741746,0.9310344827586207,True,2
-0.8451487378607635,-0.53447839538850539,0.0075137044982857212,0.52852526478945572,-0.83767141015512236,-0.13772310295649234,0.079904038518679818,-0.11242532397844127,0.99044227048160083,23.565107956950172,-12.366042490459412,-4.6935585299112121,0.183167563080879,0.2349516659501341,0.6511627906976745,True,3
0.99242749425084731,-0.11767763397289968,0.035208565968025872,0.11484269571897314,0.99063081234301065,0.073903645895351311,-0.043575496497273901,-0.069300563483758057,0.99664367153253408,-2.9414900685389349,-11.638590732194061,-4.3528552952442636,,0.2902275702160885,0.2777777777777778,False,5
-0.91932049533828908,0.34711422003401521,0.18536867346221586,-0.39031504954081864,-0.86424994746210126,-0.31737389686882644,0.050039873630060801,-0.364120511042613,0.93000659378584793,-8.0608706684841511,2.0461561535004726,-2.289728676001022,,0.1719131030363502,0.9025974025974026,False,3
-0.78184827287693714,-0.62346825301299091,-0.00078465551586636567,0.61746847274164973,-0.77414895357617275,-0.13937748328553715,0.08628999576685549,-0.10945654462774176,0.99023901229385525,-6.0739560813750888,2.9632803764861153,-2.2199688870620755,,0.1209577668633754,0.5964912280701754,False,5
-0.022639495666696246,-0.98515532046875864,-0.17016594191569559,0.99955210288731255,-0.02563698693169594,0.015438216043815789,-0.019571582703223716,-0.16974021165640829,0.98529448069971914,-9.4353214055257588,-7.7619306848531613,-3.6472459650180524,,0.2189613577812464,0.2363636363636364,False,2
-0.97887335263627173,-0.20270875136853783,0.026760448748746966,0.19799160567628893,-0.97239526205426929,-0.12347784585153022,0.051051773527968136,-0.11557082872860963,0.99198644142278081,7.8400425192123544,2.3158971209574739,-2.5306374868335406,0.1864557791024666,0.1821072927590031,0.9333333333333333,True,5
-0.70665025165804962,-0.70735449701667497,0.017176652232082236,0.70155450312622147,-0.70359994110279922,-0.1129973540551185,0.092014678040709799,-0.067799250957692861,0.99344680813551367,6.8218950493428796,2.9213021349117749,-2.4624320467468959,0.2603136996050851,0.2505351372871851,0.9827586206896551,True,5
-0.81858427362808128,0.57228600763598403,0.049076597608766044,-0.57354810861433203,-0.80978587108444333,-0.12365035421272041,-0.031021832210697705,-0.12936602512280912,0.99111153634200821,-11.239122375206248,9.2460960363081313,-1.1621916037912505,0.4226533589367126,0.3712318694854052,0.9518072289156626,True,5
-0.9613427325301761,-0.27413574045297218,0.025879459378327752,0.26924383843937183,-0.95553787102680809,-0.12022949927529329,0.057688006325814674,-0.10861387038428852,0.99240874698195647,-13.142225416954288,-3.2280168439664738,-2.7739110712346746,,0.3179152679831888,1.0,True,5
0.45851353382654852,-0.87885280506830921,-0.13184493286227028,0.88433599045214706,0.46588270029808621,-0.030052712922200575,0.087836184394082903,-0.10281564368581968,0.99081468909406079,-5.3799224622666433,-5.2438268098718561,-3.3554749552768679,,0.345329012635896,0.281021897810219,False,7
-0.96905043926382206,-0.24558715586413499,0.025063819285193713,0.24066887319065616,-0.96245513887217993,-0.12553325908170582,0.054952157735030004,-0.11561597871012426,0.99177275916772734,9.1611078123680976,-1.3523301314435083,-3.013161413720018,0.1073182104745832,0.1172448398153436,0.6616541353383458,True,5
-0.9972792744267216,0.063216725751416195,0.037916940596271861,-0.068580548671120109,-0.98428130802163427,-0.16274831803489576,0.027032520098560827,-0.16490588911403278,0.98593878643282429,9.1603852781332549,-6.8670160062258034,-3.6643381388954728,0.2127489148834106,0.2084984761183701,0.7565217391304347,True,5
0.74459789288679357,0.63946259522714954,0.19147210557652389,-0.65834722957137415,0.75088545905690884,0.052439991348138537,-0.11024020693125106,-0.16510183730732775,0.98009615859542121,15.279621719815525,2.5848144534196207,-2.6835997202927881,,0.268007430414072,0.2758620689655172,False,4
0.91979408328301104,0.38982638492688054,0.044880218052096049,-0.38582064717646114,0.91929263925207583,-0.077739768646993376,-0.071563067080029574,0.054188864463014269,0.99596299850863279,8.7919509734222494,8.2719177154546291,-1.7925993835113949,,0.1785555242403578,0.6129032258064516,True,5
0.2542465662603598,-0.96482244344570578,-0.066905427046505345,0.96279404848868011,0.2590482733975612,-0.076952012608637599,0.091576764190454116,-0.044851361999398889,0.99478744040483624,9.4735686840984936,-22.947098293053681,-6.2658524449847963,0.3067943504934854,0.2401883364487791,0.3428571428571429,True,3
-0.833537807215744,-0.55217635887084349,0.017776181989026973,0.54632206148792395,-0.82863057391737294,-0.12208020765443522,0.082139692436449599,-0.092046948203090867,0.99236103825822541,6.5583072142730998,11.44331280947145,-1.3499614951832852,,0.229741450321013,0.9056603773584906,True,5
-0.54654886902504052,0.83622701640190467,0.04481864352051871,-0.83496568325220499,-0.54006084639517016,-0.10567208705288181,-0.064161059519218883,-0.09517698897581503,0.99339050690595487,6.2710237939472471,0.8515091634492804,-2.7322972686043943,0.2172624340093309,0.1690080735824119,0.96,True,5
-0.88528749570429077,-0.46490422028206557,0.011406836263859826,0.45916413054125071,-0.87771917268551547,-0.1370304897625037,0.073718051886380517,-0.11607376906165769,0.99050115040917452,-8.0481280317397541,-15.443337881661389,-4.8933519878476766,0.2603630815733585,0.2594074822975785,0.9489795918367347,True,5
-0.018579461102466617,0.99029922389608893,0.13770348861211468,-0.99503583271991347,-0.0048466284226551214,-0.099399204203660774,-0.097767557136967803,-0.13886668910771072,0.98547326063558549,17.513676243056999,-2.4618873523908085,-3.3709246507362027,,0.241667161911166,0.2857142857142857,False,1
-0.74696065182833049,-0.65943939543956143,-0.084790732763092361,0.66083531451368194,-0.7223423460269387,-0.2037602076655341,0.073119571332163902,-0.20823356808786686,0.97534214991950219,-9.3565298896216174,4.7158297736679664,-1.8350035684444572,,0.1471597588179984,0.34375,False,5
-0.97598546648713536,0.21580365282915659,0.029684215190580916,-0.21712266419665568,-0.95270055359914563,-0.21264854540773717,-0.017610164622573844,-0.21398700567434703,0.97667775827265146,11.013756813958556,17.318701939962466,-0.74241815253665688,0.4054609865891979,0.2255800959839584,0.4375,True,5
-0.71243981408209256,-0.70173140064785555,0.0015977031866681226,0.69590958149283655,-0.70681820809762252,-0.12695619357924631,0.090218433244757409,-0.089336789994184373,0.99190703811213898,-5.0472936919795339,8.9175364789643865,-1.3561828841800998,,0.2861470132122516,0.9312977099236641,False,5
0.79122138728004288,0.59238017023614387,0.1518369198240041,-0.60351452908788739,0.79646707574807751,0.037555431419839871,-0.098686014665043273,-0.12135044771364543,0.98769182407734224,-10.103412649949037,-3.6907388002575887,-2.9183405353109793,,0.2616034997588582,0.3333333333333333,False,5
-0.90094667422035779,0.39329910855361022,0.18333276145362809,-0.43159254056364016,-0.76839668005570205,-0.47254039087595273,-0.044977429240674965,-0.50485874587879642,0.86202939484021646,-7.3239349969476288,2.0949644460152168,-2.3014691355632113,,0.5413244733134753,0.3869731800766283,False,4
-0.89809520152170652,-0.43945154596351793,0.017531336342681055,0.43392657306734927,-0.89188832554045883,-0.12744780873229425,0.071643130792229823,-0.10685295276645897,0.99169032883021357,6.6174241714778086,-5.8063861314428271,-3.6467312572436299,0.1174822641214056,0.1433897370928488,0.8578431372549019,True,5
-0.99013963709703279,0.13819900496413612,0.022902708928837057,-0.14008388437138383,-0.9767394128419844,-0.16234723508738949,-6.6247876112720747e-05,-0.16395473286251314,0.98646786120136787,22.200034487012328,-6.0546645182043228,-3.9156258535752397,0.3419078046217302,0.3186318567030497,0.9545454545454546,True,4
-0.69714174599950252,-0.71627821620154597,-0.030641523785478034,0.71167661038506136,-0.68623165729459623,-0.15034132751023713,0.086659034241064678,-0.12661607134105202,0.98815918872546193,-7.0843144163863103,4.6971035358944029,-1.9228990059680697,,0.1844767466623671,0.2816901408450704,False,5
-0.57767245164804959,0.81529198124432434,0.039918966991094637,-0.81392360067442659,-0.57161930151743645,-0.10382555753712147,-0.061829692479489232,-0.092468153714789905,0.99379410829229076,6.8785772296009373,-0.29009046966068325,-2.8754409423721667,0.216138940319963,0.1891788651175847,0.9716088328075709,True,5
-0.92286876512593019,-0.38415740485854871,0.027135413158566705,0.37901367707555728,-0.91848360996392719,-0.1128560623861109,0.068277924284545821,-0.093866642211052245,0.99324074550705799,8.1292912816065623,-11.764160717559502,-4.4504295337841793,0.173247918129424,0.1815569420952142,0.8761061946902655,True,5
-0.99833385693198706,0.04678700502525697,0.033771086213951335,-0.050818530234366444,-0.99014118107729099,-0.1305293779947122,0.027331064525962533,-0.1320280943422053,0.99086911104153597,15.871234654966489,-7.7765705543016237,-4.0333299037820227,0.362794629115551,0.1783849608273096,0.9240506329113924,True,5
0.93715480339226387,0.33191790339788035,0.10757034852953479,-0.33785224502443423,0.94025568391415193,0.042132047174121903,-0.087159250861626153,-0.075827134134742,0.99330433942380159,11.911501694418783,-16.000106328002683,-5.1738625125427378,0.2170372898129223,0.2140925814853256,0.3235294117647059,True,5
-0.67076338795365342,-0.74166855186548253,-0.0020582892643267823,0.73581675516860423,-0.66511789739040716,-0.12724733939894825,0.09300634491304316,-0.086867380211002182,0.99186888148645658,19.862448439395671,-9.2045791745787096,-4.2004866468405986,0.1820644536167171,0.2018737033628549,0.868421052631579,True,5
-0.99090422908539999,-0.13454497575253835,-0.0025413147026164366,0.13007505060906818,-0.95280259263011136,-0.27431314348092317,0.034486084000901439,-0.27214861560751336,0.96163706305091845,7.292978362139972,-11.865430359851901,-4.5022501400352457,,0.3611391644086022,0.5384615384615384,False,5
0.30352098820937823,-0.95281709138426407,0.0038210054217587205,0.9492859153369041,0.30204596241695042,-0.087318311542273139,0.082044260368278207,0.030130166837386594,0.99617313374080363,14.167302950489592,-10.549488562981642,-4.3259887177055978,0.2847983400408216,0.287390788851295,0.953125,True,4
-0.5829503237442849,-0.81244371138993099,0.010204698397603702,0.80656518220096729,-0.5801572672213291,-0.11344669299454006,0.098089382236569947,-0.057903031986516501,0.99349167685452433,-9.923904714248371,-13.324448599815067,-4.5898430078250447,0.2096340313743746,0.2410983087994173,0.978494623655914,True,5
0.26350145777582595,-0.96459480426378563,0.011128581999704035,0.96068506783207852,0.26135243666214392,-0.093696874522230258,0.087471036317682008,0.035380325578906816,0.99553857301836457,-10.523273661472327,-1.5910467812067752,-2.626214080021088,0.2456569037617647,0.2395604787374515,0.9937888198757764,True,5
-0.82799515079387076,-0.56069963761162489,0.0063203357528435504,0.55480776465563875,-0.82082499657734653,-0.13577433215307369,0.081316508407884264,-0.10891391727411304,0.99071962940297043,-4.1577945923573587,-18.0891211122605,-5.3847494451764932,0.2830695016194687,0.2433047438015165,0.5151515151515151,True,4
-0.42505790192702764,-0.90515908210805085,-0.003579956243514093,0.89926673226397302,-0.42183346709734487,-0.11565409754915779,0.10317521142537223,-0.05237902360626169,0.99328309843336471,11.560050723960886,-9.0556710943909682,-4.0624931472770154,0.1868271345011218,0.1489855016205724,0.88,True,3
-0.83281435831318906,-0.55332154045607473,0.01598491334684227,0.54791201826714875,-0.82809650874728191,-0.11852675832477876,0.078820459436679438,-0.089952460043499285,0.99282218453573623,7.892367688212528,-3.6486713405106617,-3.2954144384578687,0.2189698883087492,0.1779625829555582,0.8995983935742972,True,5
-0.40057192555691645,-0.91522521171987559,-0.043645667458913552,0.91096059225667703,-0.39268242554230076,-0.12629850365534853,0.098452688185690945,-0.090351117881990031,0.99103165624841993,11.779581044277942,-18.241333754622861,-5.5757668114126586,0.2967778727459844,0.2623395673931257,0.9615384615384616,True,5
-0.99910476009897486,0.026506714166243981,0.032970781787514988,-0.030997042570865361,-0.98907249292563637,-0.14413461447455039,0.02878995830894595,-0.14502757614321612,0.98900866551238731,8.0036458439892133,6.2842382471130005,-2.0287370138586756,,0.1186336686895992,0.85,False,5
-0.86160721285612896,-0.50738968230403969,0.013737577868749434,0.50164201617757642,-0.85534930333050896,-0.12935554451707623,0.077384096296268801,-0.104562323919369,0.99150311247972966,10.201898058338298,13.564529006272886,-1.1952443583089554,,0.247188690698322,0.8939393939393939,False,5
-0.93236818016219414,-0.36095142620800541,0.0200909068845945,0.35570630956758459,-0.92590013726671572,-0.12720832183189379,0.064518198633007853,-0.11145852918410439,0.99167252574489939,-5.8787092406931807,-0.82091808401359856,-2.7595405799914667,0.3092740428915808,0.2685706860923499,0.9580712788259959,True,5
-0.8559505421284066,-0.51680385088312331,0.016200282172301253,0.51114026680748637,-0.85046584908315481,-0.12427174735731356,0.078001904323287116,-0.098089852969830194,0.9921159628119578,-8.5645480123297162,-9.8068950832661503,-4.0711223000457126,0.2051944857916599,0.2079548517446344,0.9526315789473684,True,5
-0.9715559310329045,-0.23624439880007925,0.016360223420721035,0.23197001910584966,-0.96332079461339326,-0.13491833419314134,0.047633844174268476,-0.12728562645094529,0.99072164919727679,12.870759467698718,3.1652913788744748,-2.5339899659498188,,0.1416152744690593,0.7068965517241379,True,5
-0.86126858570161147,-0.50800475583239668,0.012148717430789194,0.50256228565992311,-0.85509015741207284,-0.12748322136371623,0.075150331441850349,-0.10369180656475932,0.99176632173890467,-12.199589651229822,-16.550065119131784,-5.0310623527161304,0.2456266002088598,0.2509325984482512,0.9871794871794872,True,2
-0.79881672620231181,0.57615006848203587,0.17304027429349075,-0.59861837573040244,-0.73281599650353479,-0.32347605090087572,-0.059564067837208634,-0.36198316791900265,0.93027969340731476,-7.1799049146417904,14.847245809194002,-0.53624593985595759,,0.2953030998115827,0.2105263157894737,False,5
-0.99915744459103062,0.021761762887365664,0.034796933691919871,-0.026017895031884467,-0.99156687777841834,-0.12695745756304444,0.031740668808889844,-0.12775583183869321,0.9912976230047017,-15.363660140593046,18.473508292030324,0.21319422697517826,,0.2756574198134238,0.9803921568627451,True,3
-0.83739680686635432,0.47490703438388415,0.2706102299299456,-0.5459246936539256,-0.70215626047765212,-0.45710263041346272,-0.027070587524121829,-0.53050908999256885,0.84724688770532242,8.8465930179187087,-6.4620680946727163,-3.6383169838607508,,0.478166021730452,0.1918604651162791,False,2
-0.94992321425076764,0.30965413143049048,0.041954808014301334,-0.31248209680243477,-0.9409278914348832,-0.13042101938666309,-0.00090895843800440149,-0.13700008032089331,0.99057061928295909,8.9500507039238286,7.1331366753050807,-1.9297493138174955,,0.1862461330887213,0.4146341463414634,True,5
0.23065688786338318,-0.97301583729726326,-0.0061302895432545738,0.96933542544002804,0.23032418883940267,-0.085671471462033452,0.08477165250351984,0.013818408163628049,0.99630458120378285,17.980812117878806,0.99108912816079164,-2.9338505990330779,,0.1469812015428172,0.1904761904761905,False,2
-0.75763707824227389,-0.62952985312591891,-0.17227368253963909,0.64796249413161588,-0.69382616694949573,-0.31424489853441384,0.078298555997186867,-0.34971047178977621,0.93358016369743302,-3.4910037381435082,-3.7558037176230075,-3.1498118658662695,0.9019006080219767,0.4937030245606646,0.4640234948604993,True,5
-0.99663929054392897,-0.07605536628582521,0.030425413772427228,0.071935184168246333,-0.9902775880035265,-0.11906144622252221,0.039184867267542514,-0.11647265755123397,0.99242060953014199,-3.6074740029799055,-9.4384484208813628,-4.0399857638578771,0.276138900266176,0.2489489905610739,0.9472140762463344,True,5
0.96789303665534399,0.24043052125594372,0.073322807111368377,-0.23998431052047114,0.970661371228839,-0.014967735572293986,-0.074770316958736358,-0.0031091562751254082,0.99719593503440707,-8.4278918899771931,5.5275734280189255,-1.7260788898982438,,0.1521375284645342,0.3333333333333333,False,5
-0.65391505899445657,0.75479466542272577,0.051769765980464039,-0.75466497076407846,-0.6458911519015379,-0.11534904332917957,-0.053627208783684599,-0.11449730540366464,0.99197504481381549,9.3617439260674615,-22.958276415060894,-6.2668943667924744,0.2780723880059844,0.2293300989367271,0.8979591836734694,True,1
-0.97003968992948109,0.23896450522770074,0.043805995055435691,-0.24283455063510567,-0.95917382817687191,-0.14497223305989004,0.0073743460295078427,-0.15126642913021057,0.98846552111787511,-4.6398937016944677,2.9832979064233758,-2.1916640858837133,,0.2925717848683209,0.9848156182212582,False,5
-0.96478902977303005,-0.26168597760779272,0.026506171980675064,0.25707100803065563,-0.95946987223809777,-0.11546454476379438,0.055647325719371615,-0.1045849577657397,0.9929578851841705,11.309960702381115,0.53066623263951729,-2.8207061732286069,0.1601778977323824,0.1498714077234329,0.8349514563106796,True,5
0.62276917599134618,-0.78238687493293768,0.0054158441384830822,0.78031473165128729,0.62058429993952247,-0.077356617277080736,0.057161814203536339,0.052401379764711091,0.99698877746728709,14.272996527190863,-24.165557547128376,-6.4192498549465897,,0.1305203603652277,0.5789473684210527,False,1
-0.34309482490207927,-0.93921049399389844,-0.013022637872174754,0.9343344150559092,-0.33982417414183475,-0.10741848775212111,0.096463163785687159,-0.049022225985343414,0.99412860304484674,10.02542520956427,-14.634416819783631,-4.7889591824992737,0.1117362785035992,0.127556171052346,0.8,True,3
-0.85797230017642501,0.51155447349361405,0.046856726076916079,-0.51320632401949373,-0.849599644330716,-0.12165407243294195,-0.022423227162337869,-0.12842299249664302,0.99146595195288167,9.7813387379949521,2.8005284084525242,-2.5211959504825932,,0.2518142974991659,0.9533333333333334,True,5
0.23690942785565275,-0.94502579275260501,-0.22538893944783078,0.95663900753592301,0.26737828757651583,-0.1155450587144885,0.16945716937855379,-0.18824213759134972,0.96739297360547727,12.820301305766538,9.5894942448047615,-1.7001976600569118,,0.3019911412437585,0.2333333333333333,False,5
-0.99072057176414374,0.13127066691240102,0.035224433163668759,-0.13460813398202015,-0.983519685989794,-0.12070491927181436,0.01879890819188141,-0.12432634185445253,0.99206328516475351,20.353586796540831,-7.3565586403759875,-4.0058783238953071,0.1431120639632291,0.189181820589821,0.9512195121951219,True,4
-0.71272950323006001,-0.7012889291604133,0.014508379043676158,0.69522866382617643,-0.7090143573725155,-0.11813444050788052,0.093133024324904889,-0.074111260120723985,0.99289161588937647,8.0831277051083479,-8.6971728455104742,-4.0125292954508653,0.2051679235790258,0.233059661342407,0.9837837837837838,True,5
0.123478264506967,0.99073658494369343,0.056516700615452012,-0.98724102202975028,0.12841366628975168,-0.094154632024555499,-0.1005399553212686,-0.04416955471966405,0.99395209533451123,9.0058378977088509,9.9214292472557286,-1.6056925457327484,,0.2496550401070786,0.7684210526315789,False,5
-0.92445800327702154,-0.3810473798596995,0.013427377968959993,0.3757908295781181,-0.91653063922986733,-0.13694100831336542,0.064487615726225134,-0.12155032560610129,0.99048819567069968,13.869766242681846,-16.07321068457594,-5.1102099150663323,0.1777051000124276,0.1649127183588371,0.9642857142857143,True,5
-0.6356925887765682,0.77057964195619255,0.045847006196823512,-0.76991644289882044,-0.62860507284242306,-0.10992876489253868,-0.055889207621617615,-0.10517926506416717,0.99288152297844134,7.6164157779656243,14.800357401116093,-0.96220969068396234,,0.1669778591897675,0.75,True,5
0.46230315934933913,-0.87047865694499493,-0.16894583942452823,0.8833085761511168,0.46878897448243861,0.0016901779760047503,0.077728682952348624,-0.15001268348690486,0.98562388700738779,-7.8993425072150778,-3.7901465146989404,-3.0677999178965534,,0.1228962022524118,0.3260869565217391,False,2
-0.94805609909807675,-0.3122118388557879,-0.060937678338010712,0.31393727400191601,-0.88741069292633246,-0.33755836543071066,0.051312970633020094,-0.33915487576960301,0.93933005343517095,14.40496409646083,6.3805439834881801,-2.1507257552462509,,0.2902330713928504,0.2666666666666667,False,3
-0.76655349895529246,-0.64009783061755132,-0.051676885336715626,0.63614542999601975,-0.74588072206051248,-0.19743591454866669,0.08783350803980601,-0.18421920556009846,0.97895278699650712,11.268487263824573,4.8075717514289602,-2.310995881631182,,0.07385920871164306,0.12,False,2
-0.96108918968526913,-0.27557775228248932,0.019091147609403558,0.26857510125290612,-0.94835889230080184,-0.16876855862685836,0.064614119641950185,-0.1570742303528084,0.98547080205451476,12.422962300923558,7.8141401045794465,-1.9350822740702562,,0.1523550882266277,0.2068965517241379,False,4
0.93342911704873244,-0.34980483287086733,-0.079665942194960676,0.35870853031315336,0.90616007068957471,0.2240582883279359,-0.006186576290949158,-0.23771938328216233,0.97131417218413252,-11.159991326314199,-3.2224997916292781,-2.8403219140657621,,0.7748677525983394,0.2076923076923077,False,4
-0.80393689727984274,0.57456126165034116,0.15350837697933217,-0.59380314799135103,-0.76121797719463646,-0.26066264141849682,-0.032913319911882996,-0.30071007267212491,0.95314750462134878,-7.1894633788982976,-6.3191509535682746,-3.4890625290859716,,0.5190797781935287,0.3068181818181818,False,1
-0.69386642639120621,0.71267794267484252,0.10314810881374226,-0.71845060949786965,-0.67543440676273003,-0.16618388572066431,-0.048765808095806593,-0.18941624055458753,0.98068516037254805,16.405936924860345,-11.332273246651193,-4.4761716958718631,,0.1985593308324725,0.2307692307692308,False,1
-0.75191237826891411,-0.65807658147977488,-0.039534647005871143,0.65202392213409543,-0.73345511749749037,-0.19211557870618742,0.097429874119063412,-0.17023161728843317,0.98057565547208425,5.0641576734062479,21.858609366708354,-0.066529145352343846,,0.1268923586460322,0.3076923076923077,False,2
0.63291714257937948,-0.77413911602784502,-0.011158837967231806,0.77113560925252311,0.631615739416438,-0.080071404784507305,0.069034504212687586,0.042073587404115736,0.9967266678839567,10.313281578650615,-9.8165369722929157,-4.0973290206377095,,0.1538114837590699,0.3793103448275862,False,4
-0.13152514142106703,0.98551753080326565,0.10703426392330165,-0.98768988683166203,-0.12105571108427964,-0.099066655663437947,-0.084674816944750958,-0.11874641591776186,0.98930756798988395,10.496691858278762,12.347708626202117,-1.3265804487574839,,0.1641876004113239,0.1739130434782609,True,4
-0.050393420881569319,-0.99867788388524981,-0.010148269326972706,0.99372551951904819,-0.049122458388556084,-0.10048171942429256,0.099850362986073776,-0.01514821178701729,0.99488714771636544,18.70301255917882,-21.887414594444035,-6.090751754959534,0.3470879061009304,0.2596061287564141,1.0,True,1
-0.84007158945816729,0.53017659504888215,0.11485862025813155,-0.54174398267607105,-0.80892601986608725,-0.22836845582934329,-0.02816348379545152,-0.25406981805398243,0.96677574738639316,14.342041650400796,3.2991954009530127,-2.6059774545209717,,0.2271463915909171,0.1935483870967742,False,2
-0.89901651955848727,0.43320941538463253,0.064022652108833455,-0.43781330067712804,-0.8860046015320262,-0.15269367968017986,-0.0094239753364685069,-0.16530410910252571,0.98619761721608179,19.345936193714266,2.0816786145355879,-2.800689619529106,,0.08697696425276936,0.1578947368421053,False,2
-0.55243404861157308,-0.83291916426300616,-0.032592755913570921,0.82961386586278152,-0.54560200064349318,-0.11857187888377234,0.080978117432036673,-0.092542545335823012,0.99241040996148888,13.214877440496467,-23.317066786839217,-6.3172774624988071,,0.1913304089562311,0.3333333333333333,False,2
-0.75444624012055506,-0.65636183210841625,-0.00012696156768278802,0.64845571193527152,-0.74532869674464575,-0.15488809982515095,0.10156800887324974,-0.11693707350626252,0.98793201203995451,9.7929650430094455,11.184799264445097,-1.458046994083579,,0.1411621612899673,0.2127659574468085,False,3
0.14527148132536899,-0.98933547797417121,0.010559769654256231,0.98503808372030932,0.14362382469009549,-0.095247942770482,0.092715534481300627,0.024238585004218341,0.99539756914653932,14.209909858881693,-25.641738663181403,-6.6757652077636376,,0.3157840140341963,0.75,True,1
0.085445754194196588,-0.9511133385153534,-0.29678686020166811,0.98641273659401851,0.1227045637984002,-0.10924057445905434,0.14031726969722863,-0.28342019568341253,0.94867489505282687,-7.1455106972198195,-4.1658291473925786,-3.164992295889236,,0.5375118990590846,0.4274193548387097,False,2
-0.9200815706672929,-0.39105895130371604,-0.022864818469559886,0.38566677864911575,-0.89407615740963586,-0.22779148491116583,0.068637010168143706,-0.21840494810525221,0.97344144121684106,5.8025348637206653,23.018302140738392,0.063135917332498279,,0.1531479673713877,0.2903225806451613,False,2
-0.98096053080827017,-0.1938282298069412,0.012126595823434113,0.19009675888514355,-0.97110335230980538,-0.14429657443619903,0.039744927446416931,-0.13924401769040387,0.98946017821826149,9.6086387215048532,20.362691049015922,-0.36361988697009923,,0.1245772638318205,0.2380952380952381,False,2
0.56268101992737385,0.82346645172136479,0.072753506464749401,-0.82065423005412697,0.56701768757442816,-0.070834854923381679,-0.099582651640528111,-0.01984804441687095,0.99483131767404054,11.07751780256628,9.2332006038168153,-1.7473122932654375,,0.1658702661304977,0.2592592592592592,False,2
-0.38168560032167992,0.92322261999160793,0.044453306321476732,-0.92092750796563982,-0.37575607109485193,-0.10344032147841158,-0.078794844877539197,-0.080419953812425851,0.99364178829673444,-11.970601366733058,-21.898292151111228,-5.9821911839196602,,0.3278223845643981,0.8947368421052632,False,1
-0.83829161427810472,0.53989898173524586,0.076001703614155841,-0.54455600209684996,-0.82220448217270214,-0.16564585740492907,-0.026943088377262746,-0.18024671707513312,0.98325235365715347,19.027127087994149,-16.296573705354032,-5.2391498319299492,,0.2642148317521117,0.7741935483870968,False,1
-0.66710862717945141,-0.74461353189718882,-0.022732524240430714,0.73857710610441307,-0.65709820128622498,-0.15075082820614213,0.097313605837919315,-0.11735690001871052,0.98831038653695247,-18.326268280653686,-7.4193826217264771,-3.5589602388454455,0.2139492257774053,0.2143761416637128,0.5384615384615384,True,2
-0.99919827237304049,0.032926129823217368,0.022774601239034863,-0.035918300587053489,-0.98852831860493195,-0.14670255280343558,0.017682990970717613,-0.1474029622869614,0.98891843877003272,14.862509007021206,14.875482821853783,-1.1367534489717626,,0.1006904951548373,0.2857142857142857,False,2
-0.98561208480102092,0.16507435511877105,0.036321833328014662,-0.16841256335606175,-0.97735764506503298,-0.12809856414797977,0.014353633617544751,-0.13237254592647016,0.99109610143866411,-9.8256400970083249,-6.6257389257075232,-3.3912443422620919,,0.1828055639407474,0.9069767441860465,True,2
-0.82225051140798622,0.56755432768677261,0.042263241869500673,-0.56829472312109064,-0.81477139803412735,-0.11484196366413864,-0.030744172814161433,-0.11844684069036299,0.99248432822309274,-13.640311623482281,5.4324327770541281,-1.6443045587911129,,0.2649078137387167,0.9019607843137255,False,2
0.19002556035656157,0.97427159342737801,0.12118229512454703,-0.97640161965485361,0.20044075538235823,-0.080395153567413474,-0.10261658514369472,-0.10304545512650067,0.98936922866603194,-5.5997687148213213,21.040471917631773,0.16178758808371813,,0.09360485904248944,0.1578947368421053,False,1
-0.14610464590248501,-0.98437380069117775,-0.098293707624215687,0.98400090946250041,-0.13436691288185604,-0.11699462765260182,0.10195902423366318,-0.11381455634234589,0.98825634535879114,5.9330488197303408,-13.268694239262246,-4.7383338604556471,,0.5081552548519209,0.2745098039215687,False,1
0.55782711350724712,-0.82995452298502825,-0.002097906782644857,0.82749295997435546,0.55636374084703188,-0.075596223871152404,0.063908627187992284,0.040433620260771477,0.99713630448577861,11.144234934315326,20.467785982580924,-0.38538891858524449,,0.2281839435836922,0.9285714285714286,False,1
