axis_00,axis_01,axis_02,axis_10,axis_11,axis_12,axis_20,axis_21,axis_22,location_x,location_y,location_z,dbh,dbh_approximation,score,reconstructed,number_clusters
0.9987220782286822,0.049628909167991779,0.0095489179167062045,-0.050059859765971104,0.99739245572862312,0.051983648350619235,-0.0069441269282809331,-0.052395234806466531,0.99860228242818583,-6.2913929515128082,-0.87122153033689598,-2.8386496345684291,0.1905888438784043,0.1166394297205448,0.15625,True,5
-0.69266064067371957,-0.72093509554470647,-0.021767518770400507,0.71868371802440434,-0.68731830955704809,-0.10529603408610824,0.060950392189824044,-0.088578379752562886,0.9942026555649105,-15.615050177460073,-10.345670981394534,-3.3803531435363601,0.5019655129291872,0.230168968232605,0.9545454545454546,True,3
0.24206397133853871,-0.96975231517181892,-0.031392371664363025,0.9669311063666447,0.24378504992081398,-0.074920524395413135,0.080307342879668078,-0.012218700994975851,0.99669525634749767,1.407672649688438,23.283735422078301,-1.3287991557701613,,0.2559560343921117,0.723404255319149,False,1
0.079153456259906968,-0.99611087874156656,-0.038702036313554296,0.99309388976377511,0.082167431972437824,-0.083743890743806032,0.086598247534039122,-0.031806137391382237,0.99573546343809338,-10.390884751218289,14.849403693964337,-1.4249778840663143,0.1812402333597557,0.1352791096375718,0.3461538461538461,True,4
-0.8372949198878098,-0.54659015951180534,-0.013282117863018431,0.54463835318463749,-0.83167893644577384,-0.1080703979485331,0.048023758395130345,-0.097720745992279284,0.99405451280718027,12.410844679878947,-10.885476089138741,-4.7838564262450545,0.1818726159014218,0.2381678706700086,0.9655172413793104,True,5
-0.99796212702592124,0.063799295643754084,0.0011148530222144029,-0.063354607601552648,-0.98862225087256017,-0.13642667911859216,-0.0076017575305689367,-0.13621928995202875,0.9906495436466991,-18.410818385245676,12.226873256426812,-1.4214606294815539,0.209073134684758,0.2396446697558142,0.2758620689655172,True,5
-0.99963062601903685,0.027175651982964965,-0.00030897263824666843,-0.02693019291691947,-0.99200354095717813,-0.12330344454993666,-0.0036573534485894663,-0.1232495787730026,0.99236896621066895,-6.1921308115696192,-2.7051076732525985,-3.0376812941307283,0.1845825811164662,0.2188175844330649,0.9481268011527377,True,5
-0.99886736042522806,-0.047291406530521725,-0.0052458693751392879,0.047572579470568976,-0.99046146435043425,-0.12931719653359408,0.00091976064956601766,-0.12942028629684268,0.99158940269407347,1.1305360800257027,8.7774420997020073,-2.2740963420740266,,0.1125162504957506,0.475609756097561,False,7
-0.99948836235207306,-0.031858609532611319,0.0028359339591696765,0.030422574216547628,-0.97430268975039536,-0.22317870804175102,0.0098732213998683135,-0.22297824500115493,0.97477342072678386,4.3309264621155714,-9.809774630978394,-4.1811836793648283,,0.2315072128255671,0.4736842105263158,False,5
-0.92771815836039284,0.37302973063760303,0.013705426255262027,-0.37218512045379826,-0.9215579398031184,-0.1104952474028786,-0.028587667991508255,-0.10760940314985984,0.99378214996675107,4.6074751251380199,3.7927433361951866,-2.8665044951344241,0.3944546827821159,0.2752995746605946,0.9352380952380952,True,5
-0.73514597637547507,0.67073876463976789,0.098335665088861102,-0.6736800731508954,-0.70665622950760698,-0.21631489162213913,-0.075601272862001426,-0.22526980025651833,0.97135882383084093,9.9643582162016475,-4.5854731423659718,-3.9144981735259829,0.4753068183907364,0.2392128368791111,0.2941176470588235,True,5
0.84359549940725875,-0.53218307915717589,-0.071608684100494147,0.53573492495218866,0.84319647133592068,0.044808491529226668,0.036533868756133257,-0.076163514791787137,0.99642581030815891,2.690549202974128,7.9859303347787236,-2.4314089961089254,,0.233893059649207,0.3809523809523809,False,5
-0.92864581963360804,-0.37061698904371226,-0.016124177783635833,0.36999879837318478,-0.9222061579844183,-0.11241303918148628,0.026792366066190759,-0.11035782531289701,0.99353073405546166,-14.148296444141364,1.8128234855858563,-2.3643296877720261,0.2315256586990023,0.1067285091634012,0.5,True,5
-0.91449752563904241,-0.4010428390626074,-0.053468839866523656,0.40284643201937337,-0.89030571643381939,-0.21229810054384279,0.037537019185451131,-0.21568581900965728,0.97574105154431434,-0.050201780740123096,3.6785493174953934,-2.6773505734166969,,0.1065832018846074,0.3877551020408163,False,5
-0.5113692065647597,0.84030515117586857,0.17996885142887906,-0.85512121409274411,-0.47678540040388218,-0.20357649955302298,-0.0852598603440122,-0.25799793578440006,0.96237613298808977,-11.393294233233965,4.7502243239734625,-2.1597323164222644,,0.29433274063818,0.4444444444444444,False,5
0.9927002516304515,0.11787405280677851,0.025532686653489813,-0.12028265682913873,0.98311711830160753,0.13788696156079705,-0.0088483263368931767,-0.1399515608246292,0.99011881496302678,-11.765509870369563,-2.5903240840233832,-2.7481617881158087,,0.2061621544946553,0.2340425531914894,False,5
-0.87913898776939448,0.43471174761925951,0.1952955111250998,-0.47506239992228999,-0.76687915249444383,-0.43152297928323374,-0.037820052404498317,-0.47214622941543577,0.88070856796383457,-1.3605065532485758,-12.430898569591058,-4.1791784271720136,,0.7341658503528576,0.2212389380530974,False,1
0.47479030037239878,0.84170371154771884,0.25711676849066645,-0.88003241022508083,0.45045023825994901,0.15045776751298556,0.010822551719614886,-0.29770697811497598,0.95459594989499463,-2.5264205777981572,8.2953614757842526,-2.1399334124088152,,0.4779630225143173,0.2934782608695652,False,2
-0.33696243152250444,0.91162801046044917,0.23535226849632046,-0.93956843720620775,-0.3095109149243247,-0.14633572820262136,-0.060559652808825318,-0.2704392058977953,0.96083045557738433,7.8351597100498926,-9.5583301145424091,-4.3629047533599437,,0.2864498983088088,0.2083333333333333,False,9
-0.99832988197364336,0.057641431608126341,0.0038616215062821646,-0.056502418665576093,-0.9603008991967068,-0.27318429619386492,-0.012038415320632712,-0.27294623713134986,0.96195396365543695,1.0345561376790418,4.8082249871207745,-2.6225133963685825,,0.225813266639054,0.2705882352941176,False,5
-0.71117596031847463,-0.70194046758045503,-0.038837268673646293,0.69947504771880398,-0.70097910518428275,-0.13915082361890749,0.070451480352607135,-0.12612642097504986,0.98950933034921507,-14.720885709691162,12.021662664987634,-1.4954577328622027,0.155291951905775,0.182487623804015,0.3333333333333333,True,5
-0.96738051817616333,0.25309273303254093,0.01090878266985475,-0.25248438177990334,-0.95975492431933696,-0.1229720382932853,-0.020653571372507305,-0.12171505137370683,0.99235017824287119,4.4498233226334341,11.00761267290012,-2.2672168358224196,,0.1048224480490965,0.2121212121212121,True,4
0.99273076606394184,0.11806880891344744,0.023353425270408901,-0.11974185695881506,0.98847278914875736,0.092646817562894071,-0.012145526013945786,-0.094769728680825727,0.99542512763321811,-1.3179971746193182,4.0311786648504171,-2.5775075354220061,,0.5123899124018032,0.3555555555555556,False,1
-0.73090924491761056,-0.68242130289932668,-0.0085346964302280906,0.68003452368205186,-0.72718241638718195,-0.093588353430468577,0.057660404910958668,-0.074208480960647236,0.99557439654654645,-2.6677953510351795,3.3525935059859786,-2.5857360035003261,,0.08576205856186549,0.2707182320441989,False,5
-0.80747563444546,0.58834225627333891,0.042854279367411166,-0.58706618740943828,-0.7943586968446309,-0.15603702236279526,-0.057761504286587842,-0.15115439203178344,0.98682113799414228,-2.0373887712080685,-11.00496834509349,-3.987284040267137,0.2302672626473818,0.2061168117994209,0.4328358208955224,True,5
-0.99085477456715676,0.13384731593855748,0.017079570647837546,-0.13490540038718585,-0.98014354519534008,-0.14532433986873844,-0.002710841906787588,-0.14629944233644732,0.9892366372654231,-9.6272268170644715,8.3936369776163335,-1.8937142563584979,0.3091320340613724,0.09978335764106713,0.5526315789473685,True,5
-0.28590107933290909,0.95724746452953025,0.044021182265654178,-0.95487979542684098,-0.28073741374576755,-0.096907589016209508,-0.080406151020145408,-0.069740921811559733,0.99431939270186331,9.5777282566641713,12.289668825851919,-2.4095114248033482,,0.3247438247017674,0.8952380952380953,True,5
-0.6607117240202256,-0.75023538739392481,-0.024634959795166583,0.7476606984250791,-0.6548141155193915,-0.11055294725641913,0.066809413803331913,-0.091462219623433705,0.99356487689974771,-1.6999148886839186,8.7040962076935955,-2.1520486083465573,0.2494474370881758,0.2238763597924044,0.9204545454545454,True,5
-0.54250681024007974,0.77581511266381664,0.32217583988493559,-0.83999067749730605,-0.4963753083429252,-0.21915112362267847,-0.010100621800204494,-0.38951567905527934,0.92096444731018445,-7.7478595408971112,-3.6619062949576207,-3.0373060771633247,,0.4555058138391358,0.1776315789473684,False,2
-0.99969049663496179,0.024295133660242291,0.0053532623864558648,-0.02474223117775505,-0.99339067913596169,-0.11208381061572943,0.0025947897976159526,-0.11218157195469819,0.99368433719148608,2.6046682502559131,-18.11482231057148,-5.0326297516653407,,0.2882507802195535,0.9436619718309859,True,5
-0.5418687071120466,-0.82475352755738829,-0.16174029502373341,0.84011429292304241,-0.52597546278281437,-0.13250580129496756,0.024213200514105738,-0.20768108082357775,0.97789687063044395,9.1459098766854794,1.0497281330936528,-3.3148473338071178,,0.6317707806180408,0.1714285714285714,False,6
0.91902872762906773,0.38528144032926109,0.083333123848248369,-0.39075100181657257,0.91828589461050569,0.063754767184337091,-0.051960103655038704,-0.09115496419391636,0.99448022611360365,6.9995078865758842,-18.177682506838465,-5.2468243341901708,,0.2496481007347694,0.3061224489795918,False,2
-0.99545710874181537,0.095047760266961073,0.0055738607464579891,-0.095048400086306786,-0.98863170208462037,-0.11650390239945149,-0.0055629395484750946,-0.11650442438595127,0.99317459331281699,-9.0730207589954048,4.2127578721640786,-2.3007735777856437,0.1227374860223883,0.14221574686658,0.8073394495412844,True,5
-0.99877522434553778,0.048138228462824971,0.011435129819226762,-0.04947150805350662,-0.96792982346025003,-0.2463014956250201,-0.00078811447996351286,-0.24656554466646557,0.9691257973343278,1.1312829530527202,6.6163797978603123,-2.4399573824015564,,0.1041110971690173,0.2105263157894737,False,3
-0.85229552976651235,0.52015434742110511,0.055061645443499257,-0.51971489674843552,-0.83025159884651845,-0.20144157641997343,-0.059065692561624521,-0.20030411246832969,0.97795168924159637,0.78117988028819407,19.547421563907147,-1.601073408455985,,0.2296002583641356,1.0,False,3
-0.94306031842408999,0.33262170636606542,0.00019044154199793217,-0.32819024241878614,-0.93040262839959276,-0.16322412152689819,-0.054114698511147578,-0.15399269307748387,0.98658899744715967,-3.9441866037353499,-5.5069842737932229,-3.4803185817455407,,0.1922319769048328,0.9356913183279743,True,6
-0.56908563647910915,0.79838604749250119,0.19677717734145239,-0.81346391896507708,-0.51168184541672246,-0.27651065370599442,-0.1200749386639286,-0.31742937520059417,0.94064903171406877,3.8390394139762565,2.4050754429698129,-2.9765545961248785,,0.2558865477455949,0.2049180327868853,False,4
-0.86033739595779002,-0.50769167069397636,-0.045483322487804193,0.5088998845945486,-0.85044330022906012,-0.13329328773483365,0.028990905060479771,-0.1378236576334593,0.99003240695459604,-13.516267306478579,-2.7260481061356021,-2.654885782818996,,0.1778781273820577,0.6440677966101694,True,5
-0.94419171561891091,-0.32935602313877937,-0.0051588931785007744,0.32812668041391357,-0.93906289706556234,-0.10243904019161826,0.028894389717810231,-0.098414863598149938,0.99472590640125313,-9.6181902040311549,2.5115729781021083,-2.4008154460179418,0.2024047268150783,0.1680299360489612,0.9069767441860465,True,5
-0.25842546000362043,-0.95229113302825685,-0.16235109971194378,0.96262730044036759,-0.23975640724263703,-0.12595850758481797,0.081024453523667772,-0.18883448610320933,0.97866060245078301,-6.2411911255294239,-4.0293519037813308,-3.188142234646866,,0.2334087181786864,0.2631578947368421,False,1
0.25690907406941976,0.9554123845400242,0.14555034568265238,-0.96303054520813147,0.26571518069842937,-0.044357769810158335,-0.081054899030985617,-0.12877351518828445,0.98835595062160198,-11.1923628355866,-19.658677361959789,-4.3932896494790068,,0.1987959546799106,0.4583333333333333,False,1
-0.74145565529820168,0.67043608842693792,0.027549275146595657,-0.66892924746546845,-0.73531763922805027,-0.10881925990085749,-0.052698890990206457,-0.099113171550886919,0.99367973015128386,0.91980532520949421,0.93211689211838999,-2.9279763248585966,,0.1573336818646546,0.7003676470588235,False,3
0.96980058741935293,0.23595834321023387,0.061729092902466642,-0.24264462205171944,0.95903748892680873,0.14618714793832427,-0.024706437024754897,-0.15675061436066112,0.98732914312659648,-4.4556693688484357,5.773759404603056,-2.2795528284446465,,0.5608423260781864,0.5682819383259912,False,5
-0.99703802003095465,0.05914413398431121,0.049164601371304142,-0.065527808681303826,-0.9879202451558825,-0.14042683326404171,0.040265281598169021,-0.14323254038934857,0.98886963067506206,-6.2523335451497042,7.8749586281649462,-2.0676776609115883,,0.2234519223017038,0.926605504587156,False,7
-0.80926966646151877,0.58723081435259816,0.015574903532502776,-0.58538293695934174,-0.8039405602569657,-0.10491135634702106,-0.04908588455062831,-0.094018861131694151,0.9943596078327912,5.6681616866995581,-13.46475361547529,-4.686539043756655,0.2970253464645044,0.2501645894591243,0.9545454545454546,True,5
-0.8821264396949331,0.46715560418875052,0.06015468282840436,-0.47086031227971842,-0.8713715464369125,-0.13784844714392169,-0.01197959561039107,-0.14992421263821262,0.98862491358139681,9.4971093541121387,6.3851580255781855,-2.8472281802804442,,0.2033298442117438,0.9763313609467456,False,8
0.91264185850893598,0.3981300511762717,0.092613716304524932,-0.40717173889233332,0.90540844251524322,0.12019453926662324,-0.036000182565499375,-0.14740425561191095,0.98842094892952881,22.132115576021981,-6.9334233781123276,-4.750712256586846,,0.1274175861886296,0.25,False,1
-0.97326310906494651,0.22958810678676883,0.0069441885993359632,-0.22904049371367796,-0.9677768809982944,-0.10463441520173604,-0.017302392107177988,-0.10342731663966681,0.99448650941080607,17.817958809004345,-1.2340259590302258,-3.8969349483715252,0.3844187422232525,0.3533442820562747,1.0,True,4
-0.22548479434480279,-0.95510004980726748,-0.19219912168747713,0.97075758526844458,-0.20358040132492536,-0.12721922354802284,0.082379112419723691,-0.21526475571848255,0.97307490296605703,-6.7799194056953667,-11.572968754256054,-3.8758575335753895,,0.7550366260853029,0.589041095890411,False,2
0.25335278312822906,0.91487844075986324,0.31434027090715566,-0.96622248336264893,0.25516882393824725,0.036096868762945877,-0.047185590233651521,-0.31286787934010629,0.94862385071825428,3.5233551516739539,-16.479746307442138,-4.8708312841023513,,0.4449763906161696,0.3333333333333333,False,3
0.30883251133661704,0.94363748557715554,0.11904106751513872,-0.9415971158559272,0.32100081178227474,-0.10175141397996589,-0.13422872774976319,-0.080664581129180596,0.98766182167680039,5.0040999491761387,10.058193667830816,-2.3912840063761012,,0.3465028671040332,0.1875,False,4
-0.94621392128614168,0.3193236897191421,0.05207299058493238,-0.32331157222185797,-0.92714506328116841,-0.18939814914827025,-0.01220009966089523,-0.19604696584623058,0.98051861009914199,9.2909577032535022,-6.5420459903856054,-4.1187832374656503,,0.4109782354583847,0.9902439024390244,False,5
-0.84305278668435346,0.53652486439736102,0.037457559279017866,-0.53723032012307936,-0.83677645840488879,-0.10577684907307001,-0.025408305811321245,-0.10929880394023783,0.99368414974429065,3.7413352603564674,2.0236620693333394,-3.0132893688924072,,0.8392224925664818,0.702922077922078,False,3
-0.9228297862299748,0.38457500370549175,0.022073789245648883,-0.38403970023016132,-0.91405962705774468,-0.13041666622861381,-0.029978230332497961,-0.1288295956214203,0.99121351937821889,12.495127297736195,5.6860694832800549,-3.0242858705003202,,0.2600108767441476,0.9666666666666667,True,5
0.20303215371391764,0.95845859436641312,0.20033738403864723,-0.97538496213012604,0.2159457473186428,-0.044627456407530811,-0.086035575250597907,-0.18634526315458955,0.97871002993284295,2.5947399475807127,6.0865213204750921,-2.5730428539726833,,0.2353783346141012,0.1721311475409836,False,4
0.48622807447402577,-0.86337421957225535,-0.13478581739664836,0.87131520395489903,0.49072374370872279,-0.00015072335912501289,0.066272731574279362,-0.11736764604650265,0.99087474521817787,-1.898129242519198,7.5947889762515182,-2.237519599964815,,0.3268050104042182,0.3333333333333333,False,6
0.95544226606231242,-0.29409067578601933,-0.025313052708816328,0.29517794953452919,0.95185462998637804,0.082720864853373488,-0.0002330886263565389,-0.086506865561189208,0.99625122729182836,-9.629645636956317,-1.0431489163809211,-2.7418976267982935,,0.2924948055262204,0.3,False,6
0.74586254301544985,0.63624125621012473,0.19719566633851343,-0.65445547509429991,0.75508737687966376,0.039129073539821813,-0.12400442752427078,-0.15824069379635874,0.9795829647259221,-7.5888692242545481,14.116180082166517,-1.5619961971061227,,0.2143528311652429,0.3333333333333333,False,6
-0.91254523402382137,0.4005408749811436,0.082632943368548969,-0.40773971291825095,-0.87532631947245609,-0.25990798554132011,-0.031772981757338892,-0.27087052609714618,0.96209128242703879,-3.5306613915976488,-8.4865834507825681,-3.68434271547097,,0.4797253102289118,0.2931506849315069,False,6
-0.70780459878969082,0.70104549386287973,0.086878452257831792,-0.70531180186806597,-0.69449118542174493,-0.14218739577445685,-0.039343513795632737,-0.1619172903245705,0.98601971532833055,-4.3608269302754517,9.2623129995664311,-1.9826277782007671,,0.3759353019707444,0.4683544303797468,False,5
-0.99980133622587586,0.01958575593842941,-0.0036994925699068773,-0.019055974882991163,-0.99366968720941029,-0.11071324465669499,-0.005844476213770565,-0.11062075250817392,0.99384550671234295,-8.3929997777253238,-5.9650003620340541,-3.1716998240056871,,0.1038628426568667,0.6060606060606061,False,5
0.31490183444955477,-0.91944790881410821,-0.23548328526175683,0.9452941839064507,0.32609141137336534,-0.0091267355152474527,0.085180634729636689,-0.21972695420883467,0.97183554424664154,-5.2462727618538878,1.0431238906150511,-2.7203671574525434,,0.3260646217336569,0.4038461538461539,False,5
-0.94642481486803798,0.32254662334972506,0.0156123530478555,-0.32204404284411964,-0.93917418585888013,-0.11932930522266846,-0.023826545503179326,-0.11796408089753668,0.99273197356959575,-3.2192664063864616,11.772166729054055,-1.8823664807494069,,0.1129172436533858,0.4390243902439024,False,5
-0.93466465852846803,-0.35515090601481475,-0.016425895857407141,0.35408783184516907,-0.9257198673006185,-0.13290799307834117,0.03199661602497085,-0.13004061381653559,0.99099225795218482,1.2871275333654855,10.76624020304773,-2.1935920591650722,,0.1651418483496995,0.3220338983050847,False,5
-0.38580670751387591,-0.91828268908458388,-0.08893867193122261,0.92036329461325328,-0.37640911557465584,-0.10605462574044093,0.06391080007277522,-0.12277247509068305,0.99037484267027265,6.2308713594917622,-9.4209474220029801,-4.2557262534249265,,0.1941386279324947,0.25,False,5
-0.84567792462314928,0.53345848098489779,0.01583972444112975,-0.5319419342023366,-0.84012830840864028,-0.10593490476474703,-0.043204472478696361,-0.098012624063048698,0.99424690046392172,-1.3397499182736989,-5.6806696078380519,-3.5849334765862788,,0.2443511023855787,0.9532062391681109,True,5
-0.60371383444663218,0.79601132521229423,0.043538215759425555,-0.79455194623477032,-0.59636099167220913,-0.11419620110266655,-0.064936975848013542,-0.10353520051417037,0.99250372866917103,-6.73111347840997,10.447367433928164,-1.8726240477949141,0.1623855426207245,0.1599086112489211,0.4210526315789473,True,5
0.62172112426962756,0.78250738862972691,0.033838297486672636,-0.78225595228555489,0.62252481864290621,-0.023205070295890431,-0.039223318966282034,-0.012043127231042228,0.99915789259544319,-13.121259856445175,6.4084968369258988,-1.9654269729969733,,0.1272455765199737,0.3125,False,4
-0.61683087369395317,0.7854236080665975,0.051277959686422882,-0.7850692129206196,-0.60926375773042352,-0.11164230578236231,-0.056444700213158179,-0.1091211684681373,0.99242458978503523,3.9932448604645203,1.7107969306870665,-3.0433417023133389,,0.08146913747254557,0.1308411214953271,False,2
-0.62604403831900124,0.77836332524049157,0.047110465990108333,-0.77720596522248864,-0.61791949254737111,-0.11885448393974139,-0.06340149610080166,-0.11102267628987975,0.99179343395770492,-5.5718372855618901,11.650311833297229,-1.7874807544548719,0.1637112609465244,0.1311284848969728,0.6,True,5
-0.99507605033359225,0.086100591031151405,0.049095236801403805,-0.093564319494227277,-0.97944736492222051,-0.1786856946274713,0.032701256399130255,-0.1823994176827497,0.98268055860432768,2.7029698526284696,2.0886780299023382,-2.9382775258743932,,0.142796117448501,0.2168674698795181,False,5
-0.93844667518961,0.34257596196969198,0.044266783326850058,-0.34477541508441373,-0.92111044430805478,-0.18079121256296621,-0.021160127101141981,-0.18492501092918023,0.98252480342936155,2.4514096279275419,3.5558926022343758,-2.8030568211309954,0.1301840973284449,0.1568509709946918,0.282051282051282,True,5
-0.011531958327605795,-0.97074575200981728,-0.23983264767755413,0.99383763399128888,0.01531656740322696,-0.1097823302065505,0.11024414360739553,-0.23962071637877608,0.964587031367515,-2.3868920278386567,8.5543943382148857,-2.1164851435092324,,0.2475709650644863,0.2325581395348837,False,3
-0.85707067923200753,0.51035237180439097,0.070500407051433414,-0.51244139557133794,-0.83032523021423721,-0.21900645692438703,-0.053232198016658253,-0.22383133977016378,0.97317309068377378,-3.9533636137808119,-15.167946100450465,-4.3019697882676446,,0.267125925449218,0.2285714285714286,False,2
-0.83015299283213473,0.55655804486317317,0.033002290677041107,-0.55557013819340839,-0.8208099092748834,-0.13271365560451825,-0.04677424547340972,-0.12850772558192677,0.99060483262810395,16.235174542084419,14.720549465368403,-2.3063430519302592,,0.3113201250017696,0.8235294117647058,True,2
-0.83958622235007185,-0.54201119153443056,-0.036315884835175463,0.53585520701744027,-0.81536510076344582,-0.21917789480080141,0.089186166821043966,-0.20347879670482089,0.97500882403151945,-4.6979020218601519,9.477468054664163,-1.9759970574259906,,0.3502444966640839,0.4385964912280702,False,4
-0.97011540334122071,-0.24247806527159654,-0.00897173685782858,0.24169530113030199,-0.96239525538585946,-0.12401110362512288,0.021435615494670556,-0.12247350845359059,0.99224027035564066,-21.163942813961413,-18.119442418874023,-3.9082401257855892,0.2788601877633494,0.2419886736377924,0.8958333333333334,True,3
-0.83131822807998024,0.54436103719585371,0.1121653460076554,-0.55462848309875645,-0.79942426214023854,-0.23088545826255158,-0.0360173485633681,-0.25414938576473162,0.96649409740457048,9.1377961228402995,5.2717045390728083,-2.9715438883764658,,0.4562144100421765,0.6811594202898551,False,4
-0.27728182859777273,-0.9605258266194705,-0.022470512376457336,0.95721301769282841,-0.27415850873166892,-0.092630183252645937,0.082813201175094622,-0.047193733556613174,0.99544699769707634,-14.589345400799797,0.3374903321765047,-2.4177811000854601,0.2143960760984266,0.1669842801369499,0.64,True,5
-0.93571341191256074,0.3509646539219769,0.035555906181405944,-0.3508275976548797,-0.91530691410188658,-0.19782125699981495,-0.036883702236351644,-0.19757799648419336,0.97959304193865726,-0.25848502778852889,5.5476596023144111,-2.5207203377941791,,0.6790652584082968,0.4815533980582524,False,2
-0.99915511561228187,0.040862425408964877,0.0043951263355470269,-0.041056647738576195,-0.98762012926797094,-0.1513962745287602,-0.0018457037354646377,-0.15144881133377719,0.9884633786455157,-9.6030905928220101,-12.551850525944637,-3.7582340967769241,0.1264217400752097,0.1271728487677699,0.2972972972972973,True,5
-0.58775632388775811,0.80529616923769598,0.077721191068079842,-0.80633008323752065,-0.57522637547225131,-0.13764597279699092,-0.06613849556893503,-0.14357122543235781,0.98742746702313766,9.7174274326751995,5.753541873745788,-2.9061599935266385,,0.1219578629828401,0.2727272727272727,False,1
-0.77845070493187263,-0.59890960734123044,-0.18794090088494572,0.62556555043753515,-0.71550322997098537,-0.31100300642738521,0.051790366834531983,-0.35966986270114676,0.93164121193068972,-4.025486968242161,6.0855459436670936,-2.2625894410789331,,0.4794744471767639,0.16,False,4
-0.28034765157949898,0.95911696994165618,0.038727667420028318,-0.95680569012482997,-0.27598069001754633,-0.091419527903982181,-0.076993932219414599,-0.062684102509132963,0.99505911266317093,-11.527945412432283,-1.0591650650004345,-2.67011459371236,,0.158183740403522,0.546875,True,5
0.56209968613588757,0.80799910816614617,0.1765825134282869,-0.82548340503199391,0.56130196723317727,0.059306404350224481,-0.051196590342754089,-0.1791020457249991,0.98249751468102897,5.8290275117589498,-9.9782558462334343,-4.2860948631525968,,0.6330653182818002,0.2444444444444444,False,5
-0.47466775057719063,-0.8744992150010531,-0.099707820779177184,0.87360397103191911,-0.45429039192883103,-0.1744601432947126,0.10726895338005536,-0.16991575195870362,0.97960298533490431,-5.3964183671781658,-3.4572760274846788,-3.1795346251225065,,0.2640379326549489,0.1907514450867052,False,4
0.87627845794291859,0.47273858939090713,0.093028437834212635,-0.47805736510400815,0.87713695744181341,0.045737441549889679,-0.059976827316822315,-0.084551664622357511,0.99461238489905945,-7.1848441461231252,-11.411120704470397,-3.8309986633877133,,0.224256429288059,0.2,False,5
-0.80466334897396552,-0.59350213737260415,-0.016495688895958309,0.59135307085168287,-0.79864655089637415,-0.11164780488486771,0.053088985790711724,-0.099593672868688476,0.99361091978311022,-13.081256658496081,-0.70919433976373991,-2.5419657205087431,,0.133707644780543,0.8032786885245902,False,5
-0.68954142767743143,0.71342183009260329,0.12474739221279119,-0.72083333029670493,-0.6593329408005687,-0.21372735694954179,-0.070227697170935535,-0.23729594501928633,0.9688956110064042,3.0134776626838775,0.25865231454326354,-3.1171535064152471,,0.2427366255955242,0.1983805668016194,False,5
0.038902800459532497,0.99043306793947916,0.13239679017406455,-0.99782162894397641,0.045569517766708895,-0.04770131929095775,-0.053278221892196262,-0.13025266593240648,0.99004831906806734,0.88035438374732189,-9.4815082816168221,-4.0454839038324701,0.4277316041633236,0.2130739153374036,0.28,True,5
-0.85194856825787135,-0.52258685594720111,-0.032963844353826918,0.52232111756262367,-0.84370003635209478,-0.12389874417283865,0.036936258493461785,-0.12277306972904936,0.99174718863116085,23.861066365057258,-1.7969334117470885,-4.2042314871488147,0.2589163691895267,0.242776566501663,1.0,True,2
0.77514293319082672,-0.62862834311874494,-0.063085967949340016,0.62962029824892662,0.77688574810420186,-0.0051782647199303256,0.052265793376320688,-0.035706310651740292,0.99799466242179247,0.17067543255698681,-6.5209211932726365,-3.724407478576139,,0.3349861659198823,0.2631578947368421,False,5
-0.39549370445999044,0.87995574716630276,0.26317791085406089,-0.91792212127576356,-0.3688006878425919,-0.14630458611893857,-0.031681366844193218,-0.2994393689477482,0.95358919630995109,-2.3016005965043482,-1.3815783955857901,-3.0550501053842525,,0.4535853631959304,0.9554455445544554,False,5
-0.90121475254586625,0.43270219356840733,0.024099408183238011,-0.43210590783939895,-0.89294087808534828,-0.12625796075676329,-0.033112749870447586,-0.12419903351176236,0.99170466665775148,4.2555696486267491,0.36041281615458287,-3.1709402180474382,,0.2111468515823582,0.8373831775700935,False,5
-0.52611915039998436,0.83244391963289921,0.17388433008357879,-0.84754836293200642,-0.49650759903619834,-0.18746193371078496,-0.069716655640353037,-0.24600269259812207,0.96675863748962665,-0.7278002610049733,5.9160853146365566,-2.4436350331558443,,0.3398255633949713,0.3191489361702128,False,1
-0.82375187060173061,0.56438283625396413,0.053896844268324778,-0.56486890649864063,-0.80887169371268353,-0.16324736316831484,-0.048538378126825765,-0.16491997226627531,0.98511188633398972,3.4827021431957603,6.1395189808560788,-2.6096123878568034,0.4035256595189533,0.2347051255398183,0.2368421052631579,True,6
0.95528766060516401,0.27002660533896777,0.12046210152836086,-0.29457039313836281,0.90437502482259169,0.30876220293852358,-0.025568906543421858,-0.33044129113392129,0.94348014506502664,-7.8949633925559279,-4.2971942886000205,-3.082318417622357,,0.5779534853569405,0.3282828282828283,False,2
-0.99191797067867682,0.12672798630754967,0.0062255064959074041,-0.1265654872538543,-0.98480411380798016,-0.11892028785314243,-0.0089396242030349571,-0.11874710486286959,0.99288428742013857,1.6068821503446551,5.5878117845428044,-2.5566869795736014,0.2575944786496002,0.2383742665291139,0.9287833827893175,True,5
-0.75839131632915713,0.64944650569100726,0.055333963912491686,-0.6479400757797068,-0.74195438186393381,-0.17227116250694929,-0.070825627530691868,-0.16650204646985081,0.98349417843027187,2.7016821088763767,-6.1608845319755954,-3.7362531435273452,,0.09996133298409318,0.4113924050632912,False,5
-0.97060390226059401,-0.24065264974282163,-0.003790394209902688,0.23775896376697045,-0.95624804505337235,-0.17047096961084229,0.037399733487876161,-0.16636098852604539,0.98535540868849625,-3.791050382227886,-9.9086669782923078,-3.7843038774799802,,0.2492945691902104,0.9714285714285714,False,7
-0.96391982096810835,0.26529436646480098,0.021851266939243275,-0.26519528498025596,-0.94996723423322571,-0.16502640609162056,-0.023022588235274602,-0.16486707677797752,0.98604706146594934,-0.64725385329245733,-12.375248655852243,-4.2035415020239082,,0.3271596111712841,0.6,True,5
0.74879206008213317,-0.6593479125437437,-0.067607551221482279,0.65947204291949013,0.75135722168642227,-0.023642124000542677,0.066385806958653412,-0.026882255185731365,0.99743183676408698,-3.4657508273591939,8.3301678707068021,-2.0978185936398313,0.3016387708943234,0.2594737975086741,0.9454545454545454,True,6
-0.7952655113356939,-0.60538545957262346,-0.032576246223620348,0.60432003019238667,-0.78727726338043691,-0.12244105386872681,0.048477495688736376,-0.11705962541480706,0.99194101463216799,-10.276236639745711,3.8729791769318149,-2.283137986268891,0.1438130336754102,0.1272885604820692,0.684931506849315,True,5
-0.97312731669427577,-0.22893725911837007,-0.024717542166800388,0.22935870554110024,-0.95415670258243257,-0.19230073091262745,0.020440393731779645,-0.19280227774688799,0.98102470509141748,6.5950844859401725,17.99697217980907,-1.8338537220307354,,0.2258351606779399,0.4705882352941176,False,3
-0.8614495048270987,0.50779842416351451,0.0067461878271847554,-0.50611058455236035,-0.85733829012453877,-0.093931530863721191,-0.041914518215246541,-0.084331587814920381,0.99555580278525835,-11.296473086485486,-8.6929164588420509,-3.3279235622929124,0.3453433851681836,0.2994087364531335,1.0,True,4
-0.65635388951841378,-0.6927111232029769,-0.29891616133110216,0.75438518920173625,-0.59726742784153042,-0.27235015320837291,0.010127093714983493,-0.40425600729047134,0.9145898110860714,4.4228727662600091,-14.700484882862334,-4.7460927968652999,,0.2905657424198487,0.15625,False,4
0.65326943071651045,-0.73947101347603783,-0.16254744267458876,0.75460940851896818,0.6534045491792122,0.060225706193986248,0.061674074504446341,-0.16200344237278755,0.98486100196595661,-15.316860629762918,-9.095231174070058,-3.2354341230836972,,0.2414199780743802,0.2692307692307692,False,1
-0.85448075747757002,0.51913542889753872,0.019001093756085396,-0.51777575346150329,-0.84813957079688473,-0.11210502921747029,-0.042082112921424893,-0.10562989591893887,0.9935146807472065,-0.37679194614960654,-3.5299959975421298,-3.3543352093537018,,0.08573862632510769,0.5451388888888888,False,5
-0.36256049149534986,-0.93184486242165232,-0.014664323544691257,0.92844431483407774,-0.35978247750092296,-0.092453897352029302,0.080876722602563123,-0.047135138290568444,0.99560897669687498,19.330065425722577,-7.2477019995945504,-4.7000339849152093,0.2663272334147703,0.302988142667213,0.9565217391304348,True,5
-0.44582593003347565,0.87493163029239152,0.1890340774137928,-0.89259634964544554,-0.41869677984718801,-0.16722668191774942,-0.067163953944144622,-0.24328511845053902,0.96762666066572167,1.3083336488193624,6.9683309070824144,-2.4092505888349738,,0.4007512196130406,0.2372881355932203,False,6
-0.87117081856708845,0.4901458206878947,0.028609077918393299,-0.48906007842004018,-0.86114162884535816,-0.1387635930831595,-0.043377927254937269,-0.1348783508638608,0.98991221120628281,-15.231015550913185,-14.298175294390065,-3.7517257351470232,0.2462416053934644,0.2482409015477398,0.978494623655914,True,5
-0.3859190427216671,0.92171230661431025,0.038896224759232267,-0.91905258358151887,-0.38046260648513569,-0.10291041579292351,-0.080055237660804038,-0.075462765005433585,0.99392984159889641,-20.711072444938765,12.809567824743127,-1.3669730765035144,0.1598583673117251,0.148528984171044,0.25,True,3
-0.025601501022259415,0.98150466461296959,0.18971862451638599,-0.99657424004277961,-0.010128958700437698,-0.082080376941147004,-0.078640620728496272,-0.19117007490354504,0.97840158178163728,-9.2529381864295246,-2.3858775624418103,-2.8787063471072112,,0.2125096792645339,0.2083333333333333,False,6
-0.22332344552937178,0.96550950840136873,0.13385823793639967,-0.97235121385997392,-0.21104741264054494,-0.099960524822390998,-0.068262402403709926,-0.15248074896287606,0.9859461778483628,-6.1321680522933724,-2.1153982409380649,-2.9901953638551455,,0.2153585441606554,0.2894736842105263,False,4
-0.91274585070778202,0.40655177908420187,0.040133065409923764,-0.40732802259115897,-0.89813946318653959,-0.16561819549484874,-0.031287282203846668,-0.16751464291357937,0.98537300063571476,-1.1867017801907545,4.4113700386538017,-2.5553590058429734,,0.1151328552879351,0.2142857142857143,False,4
-0.68935777184297431,0.72356017997239008,0.035306208491048978,-0.72207090059081647,-0.68238221413032552,-0.1138776903461028,-0.058305033398997327,-0.10399605664119242,0.99286723346247319,-4.6279993253806149,-2.8143835651045932,-3.124144563807111,0.1851236276923931,0.1820695752211126,0.6996197718631179,True,5
0.24024870892048894,0.96707539205527926,0.083938929842872309,-0.96729446835201305,0.24575528546682621,-0.062815214404759512,-0.081375483762834169,-0.066102388355090899,0.99448906725821695,20.987937830038181,-0.86890834846009724,-3.9594123475298719,,0.3692602339897714,0.4565217391304348,False,1
-0.89724973045708478,-0.4399181635196584,-0.037615563270821745,0.43982439204120061,-0.88308069621370122,-0.16347167381633398,0.038696580731098482,-0.16321915751595054,0.98583065546751292,-6.795938425449723,-2.5359192999189277,-3.0017251483703422,,0.1336214099485715,0.1944444444444444,False,1
-0.97501030573463954,-0.22215589880596612,-0.0012885406306319472,0.22129723998790965,-0.97069854229128716,-0.093658270148997261,0.019555952673724952,-0.091602929097722455,0.99560356974839115,13.882269159969418,-4.1585986504481225,-4.0903306189408788,0.2631324776491322,0.2490542401456085,0.9787234042553191,True,5
-0.99522474338240885,-0.097480454617688242,-0.0050270395809836679,0.096936921014339872,-0.98101293077359808,-0.16797875758338257,0.011443054822886906,-0.1676639216484154,0.9857777974136952,-6.3516769252050294,11.220876875424073,-1.7931146203524655,,0.1080570826581764,0.1851851851851852,False,5
-0.53129848666434132,0.8470202735943626,0.016690541881926379,-0.84445206593840483,-0.52790087462587554,-0.090671797719003522,-0.067989899253794284,-0.062268151485066023,0.99574095572598209,3.484184228302512,-3.7919353575469579,-3.5678090275323635,,0.3129044787238617,0.9832134292565947,False,5
-0.62093024838841948,0.76225491734723883,0.18279241673616733,-0.78095091633725056,-0.58147427696978438,-0.22804238968769419,-0.067537344545837791,-0.28435032302147933,0.9563386434152269,-9.5466374029222436,10.078314635287656,-1.779596735240812,,0.2119758946108451,0.4545454545454545,False,2
-0.075036238246639436,0.99234723139048475,0.098063934764187788,-0.99372834793443865,-0.06623778654251089,-0.090091765136673482,-0.082906775726030654,-0.10420905903802252,0.99109380915891387,8.1186669109739054,-15.408576221916617,-5.0200146028262305,,0.07775848110564547,0.3684210526315789,False,1
0.12597169405664849,0.98856188186514515,0.082924893848232165,-0.9885633392842833,0.13207761761857204,-0.072787548023745013,-0.082907517871450481,-0.072807339241622332,0.99389407626414106,0.94660561474967297,12.773063877120517,-2.0153587630013758,,0.2438152434387995,0.3809523809523809,False,1
0.92880664224008647,0.3655151545157837,0.060966328001600158,-0.36910555027374536,0.92712849994394164,0.064759843644127735,-0.032852915971212537,-0.082652382972295602,0.99603678119896211,-10.484657583864644,-0.59888062371689377,-2.6622120400081108,,0.465911695129674,0.1627906976744186,False,1
-0.68418121967757806,0.72708571715695702,0.056942238688480043,-0.72689794669784524,-0.67348744341667222,-0.13429087328084621,-0.059291093150311738,-0.13327048985589113,0.98930457534907457,7.8100138926564178,-11.836988939331176,-4.6077524834069115,,0.1322006233397836,0.3846153846153846,False,1
-0.99797159834554072,0.059744729512327753,0.021983088753581539,-0.062552441375252579,-0.98443159932411683,-0.16426082408827547,0.011827128715146212,-0.16530273303143714,0.98617195532964508,-5.3294603912442442,15.192358821294809,-1.6401217614358896,0.1975852916649279,0.1977681423814168,0.4285714285714285,True,5
-0.85897239510553136,-0.51088388119508332,-0.034118680831992133,0.51029100546595085,-0.84869146902435011,-0.13901755337309055,0.042065593865012796,-0.13682269672952374,0.98970199326486408,-11.641469639267807,10.603654346835128,-1.6366220069636421,,0.1474197567930005,0.5263157894736842,False,5
-0.79832719880815306,0.60088731134298612,0.040101405338535234,-0.6002709974960625,-0.78861381673780173,-0.13327782116811299,-0.048460429302786767,-0.13047102021995002,0.99026708502027661,25.180645076829084,-6.6841811784264014,-4.9223754700753721,,0.3309372526015433,0.9166666666666666,True,1
-0.95653422802563048,0.29117266095597738,0.016147821129392677,-0.29078501419907704,-0.94814432453684705,-0.12832153118556897,-0.022053256735777731,-0.12743948116804965,0.99160114587820281,-10.274957204026167,4.9644930144066661,-2.1824397950877366,0.1292834603505891,0.1276732505843982,0.4782608695652174,True,4
-0.385753546592772,0.92189538690284067,0.036098433461313306,-0.91797177542182584,-0.37960873773923864,-0.11500011200396268,-0.092314791989150102,-0.077499044118523014,0.9927093619689078,-1.0173788863675011,15.513142730464004,-1.7265518869842291,,0.0926861233141953,0.4210526315789473,False,3
-0.90928748859793485,0.39157984455702205,0.14093079300124373,-0.41616575617356949,-0.85431670248124558,-0.3113664003229199,-0.0015252762838390138,-0.34177214222091029,0.93978161097884261,-0.34984572933970381,-9.9701554678742514,-4.0131497303418717,,0.1858252479819937,0.3333333333333333,False,3
-0.047693822665911247,0.99194439011972002,0.11735257214705344,-0.99348955034956721,-0.03493988376430044,-0.10843301097337461,-0.10345923170856924,-0.12176013893123619,0.98715280273203843,-19.077057375801441,14.679176717005122,-1.2519724123171616,,0.2136987156045935,0.65,False,3
-0.67013607736485681,0.72408434670703914,0.16315482422498048,-0.73711960998985204,-0.62346648887675671,-0.26066111680896925,-0.08701906907369665,-0.29494303874058564,0.95154415846875873,-12.298797572476795,10.603527605835597,-1.6235225192303897,,0.3421920859069947,0.131578947368421,False,2
