axis_00,axis_01,axis_02,axis_10,axis_11,axis_12,axis_20,axis_21,axis_22,location_x,location_y,location_z,dbh,dbh_approximation,score,reconstructed,number_clusters
-0.76635646630034437,-0.64233038917106278,-0.010461247870078193,0.63390355685034072,-0.75345987550588289,-0.17454081647323993,0.10423074005366602,-0.14039190557154477,0.98459436606038675,6.7797305808640784,-24.959038786447032,-5.0504965623624551,,0.1331148610938371,0.6190476190476191,False,1
-0.34779868934484254,-0.93756216302383211,0.0036417243280939507,0.92870029097775042,-0.34503908112617554,-0.1358815735611146,0.12865395923892101,-0.043877362747508877,0.99071839379839532,16.396934455018656,-9.9630353867955641,-3.0517305926957947,0.16102176410139,0.171223201173779,0.7941176470588235,True,4
0.53476415584219505,-0.84458132084533721,-0.026640009488177366,0.84202968135736622,0.53526031321097201,-0.066950823852321775,0.07080475506346251,0.01337122209963916,0.99740057002187721,-0.51879416031166603,-26.334467054529373,-5.4486617640641972,0.2532896621795157,0.2455116458014782,0.3571428571428572,True,4
-0.49817002064230015,-0.86640930319931087,-0.034081517908318544,0.85615030408351123,-0.48528967454546357,-0.17748405167019843,0.13723442480282377,-0.11759613560505637,0.98353335558068178,11.324432834315072,-12.209125613236479,-3.2895318863076652,0.510886568262351,0.2217233378185632,0.3076923076923077,True,5
-0.49758958973013995,-0.86740081633801469,-0.004519292902385957,0.85820427566141144,-0.49154342723709199,-0.14788671467203049,0.12605562831013917,-0.077465366171987807,0.98899398158693397,11.203298065284061,-9.4937447142782005,-2.9553590393867144,0.1086519648345564,0.1236958704903612,0.75,True,5
-0.84933961697470528,-0.52784106625008886,0.0024543465992135438,0.52093214170008006,-0.83895461510744318,-0.15743207276056842,0.085158198554383516,-0.13243474834759256,0.98752676857343025,-14.196047809808249,4.109900570696162,-1.8413835524453903,0.2887227540968052,0.2535309963957864,0.7073170731707317,True,5
-0.18282879506747485,-0.98308164212363236,-0.011140763603811978,0.97395452670661753,-0.17956233140889505,-0.13845558510471578,0.1341126824795566,-0.036164264937958428,0.99030598015948246,-18.311584318163749,-3.5167160709286733,-2.7656314938553641,0.2551694213642243,0.286601955250733,0.9767441860465116,True,5
0.43509890682578789,-0.88535849617275586,-0.16379644237198701,0.8980927524976321,0.43971672735985556,0.0088660922149778748,0.064174365522615504,-0.15096202480973123,0.98645431616224155,2.1731856214741692,3.3255363475255928,-1.3891602961772109,,0.4625802825921898,0.2922077922077922,False,2
-0.77126494400944579,-0.63647035889651005,0.0074745159210208249,0.62772204201517623,-0.76250402255152039,-0.15669286378468947,0.10542971170596706,-0.11615979441656013,0.98761909562882533,6.3695702514284145,-13.331003358039279,-3.5525024889411903,0.2145590855649758,0.1577526692153221,0.9479166666666666,True,5
0.3859101823806031,-0.92248541928292471,-0.0096944492044349212,0.91560802170808797,0.38427627747474707,-0.118294941370939,0.11285070544206788,0.036774906941539585,0.99293117812901321,-7.0294921358090194,-20.475938747989368,-4.8664080329450536,0.3296593488939172,0.2622311871480089,0.8809523809523809,True,5
0.16284754532568047,-0.98659299350126439,-0.010721107947125771,0.97860389319623009,0.16289478326770188,-0.12569689656212404,0.12575809000848145,0.0099777130837635335,0.99201076004196476,-3.6572493825458205,-0.22188170871195698,-2.0437212466417072,,0.2583853481713881,0.8711256117455138,False,5
0.072934378701712488,-0.99730314745248771,-0.008185871044408384,0.98885293853535372,0.073379814112442071,-0.12955797478665268,0.12980925372788596,0.0013546077601819528,0.99153805912048831,3.6815195124359326,-1.7622108093520523,-2.0155230732748968,0.2826697890198201,0.2510720918022469,0.9799777530589544,True,5
0.52761325472715315,-0.84883995450616656,-0.033090558626120592,0.84374318707685536,0.52817077549837976,-0.09556707681429924,0.098598619146569852,0.022502523045395746,0.99487283044567076,-10.475039700445194,4.3404859869066854,-1.7200578009167611,0.253797713137036,0.2279937951689352,0.9263157894736842,True,5
-0.1285001526051108,-0.99169630048778812,0.0051145263023176946,0.9825125360992113,-0.12800750924009743,-0.13521536150172264,0.13474727154327995,-0.012350108379290304,0.9908030317044153,-7.6037138215614766,20.900834630887221,0.34595548594155662,0.3629424808641453,0.3121288657121606,0.9622641509433962,True,3
-0.75688742985659796,-0.63982428689258064,-0.13321524097292117,0.64613121749486779,-0.70197471012109758,-0.29957629433751998,0.098162458728747154,-0.31282005730579504,0.94472627964057698,2.7648858402627998,7.2624349610021124,-0.88085729112836664,,0.3972674859531806,0.4909090909090909,False,5
-0.95264666873420378,-0.3027290623294166,0.028625851441943906,0.29110043499611576,-0.93514477867459667,-0.2019028966179337,0.087891190085788731,-0.18400912406397685,0.97898711991859821,-11.312514741363477,-21.755355326647908,-5.0749158522397293,,0.2441789163406949,0.7692307692307693,False,3
0.89827083744924707,-0.439414726668164,-0.0049194080304104815,0.43874046592232424,0.89741250779591075,-0.046449912957021847,0.024825514103211783,0.039566258840024328,0.99890850682678356,-21.755701073085834,-9.4920370116000417,-3.580766497441441,,0.2004020840715839,0.7894736842105263,False,5
0.3401941948674494,0.89142626355579457,0.29937789901969131,-0.93332077833663285,0.35894909984969769,-0.0082382305257532595,-0.11480520242389532,-0.2766130155290028,0.95409905415337348,8.3971113265360664,0.48146721643254498,-1.7060944332450558,,0.5629860840582207,0.3727810650887574,False,7
-0.75478070382092433,0.64305359994913558,0.12956911951559924,-0.65246256851857976,-0.71552690706735012,-0.24962740623731591,-0.067813610888434642,-0.27295294989263169,0.95963430603703592,-3.8639659389703129,-20.08319754579983,-4.7775239175304405,,0.2010688274945198,0.1388888888888889,False,1
-0.85760936571372604,0.50727045961519535,0.084751735332592712,-0.51409580757085938,-0.84088443140109637,-0.16917113721116209,-0.014549105751328045,-0.1886532634995757,0.98193598044515795,5.7380438919793111,-12.611514877794265,-3.4290356387480059,,0.1562670533727852,0.2878787878787879,False,5
0.41981785337855326,-0.90760693213356147,0.0016207182751369733,0.90094414591952054,0.41651862270383067,-0.1217040791191836,0.1097844065337515,0.052553721885398731,0.99256510637742223,9.190393501613805,-12.02783918541356,-3.2914542935663751,0.210478440173208,0.235135705087638,1.0,True,5
-0.14318317256042215,-0.98951696897102115,-0.018834734241194154,0.98048118111641325,-0.13923337454529902,-0.13881902207296026,0.13474135435009149,-0.038343650466961504,0.99013864276512908,-15.45906572869016,-7.527040970657036,-3.3034069661007179,0.2785221618639322,0.2500865208321146,0.9306930693069307,True,5
0.9501706121661283,-0.31155200396705002,0.010543083038629679,0.31129666344567808,0.94652249555185841,-0.084791230335865622,0.016437612461436411,0.08384816180690477,0.9963429583522786,-0.59588121442814013,12.348295198350744,-0.29950721459708712,0.1501288889922401,0.2113423817250181,0.6046511627906976,True,5
-0.30202909085223062,-0.9532124413991816,-0.012824579555909094,0.94405366800131574,-0.29720394369447972,-0.14294225332528315,0.1324428186510537,-0.055279810186535196,0.98964793859912825,-13.663122764188822,-2.6614968378687691,-2.6677299592289487,0.2494090770694795,0.2292133744426948,0.9761904761904762,True,5
0.92192749508318728,-0.38681874863936005,-0.020517054143300559,0.38644319052217235,0.92209543254407123,-0.020041800827427639,0.026671226231341692,0.01054841137053327,0.99958860373099245,13.733706316596683,-9.7863154948870612,-2.9820539160898121,,0.1995705927780423,0.6753246753246753,False,5
-0.71582452280843967,-0.69825206424918984,0.0062695548338136979,0.68944580227639529,-0.70816335904279093,-0.15221413414229365,0.11072370238357614,-0.10463609167479264,0.98832765318465976,3.6993152025689691,5.0745751495487967,-1.1512931725967512,,0.1893927522607714,0.8701298701298701,False,5
0.39927970058437146,0.82338306805434636,0.40325679652383523,-0.90787871538993148,0.41639219141314465,0.048721464182505267,-0.12779655254811323,-0.38556175403114151,0.9137889116121114,2.1981646506853179,7.3394337918354022,-0.87415313279059181,,0.1641287191716616,0.2641509433962264,False,2
-0.66622469917752469,-0.7456654577612255,0.011299349873216166,0.7362639733824633,-0.66008292050749129,-0.14901644054723168,0.11857492021874849,-0.090959129041792208,0.98877015789265943,-4.8566407024610614,-21.230022446522288,-4.9168433257080455,,0.2316670625162762,0.8955223880597015,False,5
0.28285278382471818,-0.93082568725581583,-0.23142567408855896,0.95310235384198305,0.2998430486637329,-0.041110208816161578,0.10765781803230672,-0.20894421770600649,0.97198359456512762,-8.52869862193368,-17.828138958545168,-4.5660240287166758,,0.3522482088321001,0.3488372093023256,False,2
0.36510633876373949,-0.92698221801779268,-0.086030976243157614,0.92040013454089764,0.37330109608369527,-0.11623202656673165,0.13986047952025302,-0.036745872442017921,0.98948915462820519,-27.613571058120343,-2.6860522058975684,-2.8812074671587302,0.4333425994140377,0.2541067469726218,0.4285714285714285,True,5
0.99205830594357258,-0.12379941913593076,0.022226592855722205,0.12548425993194748,0.98624625689543699,-0.10757332972939983,-0.0086033782724772405,0.10950810281136682,0.99394866934915449,10.008406888725357,-18.269969979019976,-4.1419590799472781,0.2708396407803244,0.2739544922889147,0.9855072463768116,True,3
-0.87551237255812886,0.47163817631269006,0.10505006493132492,-0.4779818526695202,-0.81349833896615953,-0.33129111219275453,-0.070791482653273535,-0.34026149230222796,0.93766235012397292,8.2289216388029551,1.5859700241414378,-1.6125678743077025,,0.2939137203963358,0.2545454545454545,False,5
0.066638638210605103,-0.99773506375901566,-0.0091670302294618467,0.98916650172339837,0.067265173997040878,-0.13047999170539901,0.13080108472688304,-0.00037271026229056172,0.9914085622594403,1.3165762290139527,2.6113948238652651,-1.5003322384375057,,0.2489270679350475,0.8741258741258742,False,5
0.069338571721768022,-0.99517579120613653,-0.069406822927036496,0.98540483144776347,0.079167925760361343,-0.15069757028634104,0.15546536794730201,-0.057944664362145515,0.98614042369277621,1.5266065681922107,-27.026260219946579,-5.4795109840364349,0.2094587856046522,0.2968721904576065,0.2051282051282051,True,3
0.13831904827962446,-0.9903051932525212,-0.012785347085836464,0.98238963595728901,0.13882791239117567,-0.12504964576044672,0.12561227665608182,0.0047365555200467079,0.99206810300255144,19.344585239443997,-6.0589054206221187,-2.5901166093028478,,0.2744828392770057,0.9879518072289156,True,5
0.18935652497165276,-0.98160101114506459,-0.02456748602620399,0.9739042681494221,0.19094232516619999,-0.12268457498995007,0.12511827576736895,-0.0006952547109002772,0.99214158953744525,-11.16370023714863,0.65851316030365825,-2.1753478901981786,0.2984283806784699,0.2597555895473663,0.976303317535545,True,5
0.83872656188769634,-0.5445525369879356,-0.00053744213433493809,0.5419428635010457,0.83480280931204498,-0.096964953797774547,0.053251169793081546,0.081035819393159153,0.99528765133048247,-2.4962895498614537,2.3018171210839817,-1.6566107386243007,0.2660592572917897,0.2469623607254109,0.9318801089918256,True,5
0.76470346810162171,-0.64438100128227616,0.0013156974589757413,0.64101255296958481,0.76049433311043346,-0.10368836117102392,0.065814229531063806,0.080134227976369127,0.99460896471822746,-13.649573062319465,11.912395906481114,-0.99527895980742342,0.2578162915472884,0.254553829387433,0.9830508474576272,True,5
0.69563677511147748,-0.71835150484774135,0.0077841245806941507,0.71433938389978779,0.69052076082228553,-0.11357959096194312,0.076214970459706419,0.084570647132419158,0.99349840660236011,-2.1508035922773456,-22.689840297723745,-5.0451709483670175,0.1678125603677846,0.2058097329452303,0.8148148148148148,True,5
-0.68597572560247477,-0.69112642024857429,-0.22755565279409923,0.7187177493761967,-0.59480839998371426,-0.36006633283386569,0.11349934191779354,-0.41054505056473956,0.90474894906875847,-4.5899121098644331,-16.911735802676212,-4.3840963836406157,,0.2527803785035754,0.4468085106382979,False,1
-0.27539881803198341,-0.96122867414280599,0.013961627134753246,0.95127398504406824,-0.27458440553236696,-0.14028973453825855,0.13868416061311728,-0.025354294391681013,0.99001205212408161,16.395846527006846,-7.4475245915640782,-2.7364302409445744,,0.1903860063768062,0.7551020408163265,True,5
0.27392057865895469,0.95308856270472897,0.12880104125579464,-0.95242388889219665,0.28742758785985562,-0.10136132203424401,-0.13362728933345958,-0.094908236620951436,0.98647664653903167,3.8961553041751569,-18.524982998859311,-4.3256104874329901,0.1626268789428127,0.1681428485417003,0.6111111111111112,True,6
0.0040522798432987665,-0.99998620533224269,0.0033418816996390543,0.9910806749792852,0.0035709953846208781,-0.13321540329319681,0.13320163178684277,0.0038519004641611268,0.9910814740232704,-0.21485946497325589,6.6466998825399246,-1.0193402559929663,,0.223121524623928,0.8345588235294118,False,5
0.033424351252970684,-0.99875585961491864,-0.037007372619272082,0.99354244802101144,0.037221343595895962,-0.10718197405035332,0.10842608875972784,-0.033185907638331541,0.99355044099959344,-23.275054997402076,1.1212449655222416,-2.3268519724836274,0.2966500674632528,0.2046921109722612,0.8481012658227848,True,4
-0.76754561242337249,-0.64071279030878581,0.018996136037564799,0.63170220748669093,-0.76111449577219992,-0.14716332893037365,0.10874766161196073,-0.10095466636147878,0.98892977578479813,13.182364625723206,-18.690141960288901,-4.2232058492228326,,0.1151980413996017,0.8666666666666667,False,2
0.084942151992312601,-0.99634750665346994,-0.0087451015046376458,0.98776248192381477,0.085355983205315122,-0.13053595456715156,0.13080561959877085,0.0024499217264080378,0.9914050069295165,1.916239926607044,-19.28092357377929,-4.465825102258119,,0.2287131869165671,0.9074074074074074,True,5
-0.29773783174950347,-0.9545524461263224,-0.013483736105342429,0.94406091580484364,-0.2923089787231114,-0.15265794511774311,0.14177859780243501,-0.058181513834771943,0.98818709799970061,5.4944157377067011,9.4402101883214993,-0.5877044450557134,0.3322802097750004,0.3032042670234582,0.9411764705882353,True,3
-0.9510413271266307,0.30428025763328725,0.054165661740956758,-0.30862228987995632,-0.92562057534648645,-0.21904071010771076,-0.016512912719064802,-0.22503349819495419,0.97421109026928709,19.11630321576159,-7.1538746136596734,-2.7401657541484283,,0.1296257514395274,0.2857142857142857,False,2
0.99950329704984542,0.019200623498132046,0.024989902836371133,-0.016177086004217859,0.99311491391775319,-0.1160218498496975,-0.02704553706067659,0.11555995764717372,0.99293224094783172,-3.8695594287891124,18.664074234021651,0.28457628293975207,,0.2895459374384699,0.9571428571428572,False,5
-0.10069998388562677,0.92206820960080293,0.37369737768548072,-0.98650044023957317,-0.043784584799990429,-0.15779667785166321,-0.12913711570483372,-0.38454275051996878,0.91402980168590475,4.2254042078329102,3.8749780206034603,-1.3301403075426497,,0.3307270947808642,0.2318840579710145,False,1
0.12255596661574968,-0.99224389456519824,-0.020786744453281263,0.98417581450024694,0.12420690253396967,-0.12637488482958822,0.12797656504084629,-0.0049698149868723437,0.99176474011700055,-19.847206123411365,1.5294331215646317,-2.22092481966311,0.2830003595350563,0.2884825973562775,0.9066666666666666,True,5
0.99682108057465491,-0.076519968079118136,0.022190714435266795,0.078414927714675564,0.99155709251342816,-0.10327454380348862,-0.014100795491000476,0.10468632561842653,0.99440532017635208,4.5505761150858879,-16.228298806365189,-4.0760519005634732,0.1660766835479017,0.1116964076778407,0.6206896551724138,True,4
0.30045812022091706,-0.94175850212862344,-0.15104913658065894,0.94513671634504226,0.31526356406760153,-0.085588974686596389,0.12822443374732626,-0.11704618250862751,0.98481403612577179,4.1451854913714623,-11.87986634397001,-3.3623914095616301,,0.6372955743930321,0.2327044025157233,False,3
-0.99960670687527531,-0.021102492987815597,0.018469335658515856,0.0085654808798678803,-0.85687479179759451,-0.51545341566345848,0.026703260236614419,-0.51509249263751544,0.8567185418334351,3.369953760405807,4.4523498201080747,-1.2408730800488899,,0.2151761886705509,0.5352112676056338,False,1
0.97695096206509779,-0.21245098816532301,-0.020770058922830903,0.21338542181831058,0.97459556611720066,0.068045163385173871,0.0057861451331329408,-0.070908815617461804,0.99746601966795212,0.85453929781301086,4.5809080150227635,-1.221007217581106,,0.6166384955256748,0.2068965517241379,False,2
0.22791027203294836,0.97203975990529901,0.056529753803779316,-0.96332872631001432,0.23355054254976407,-0.13210567414246882,-0.14161452244665032,-0.024348495599507334,0.9896223915182234,17.163118280122287,-6.4080487947543263,-2.6199209323540198,,0.1701256156827686,0.7543859649122807,True,5
-0.54193053398086877,-0.84041978126081285,0.0024264386945007906,0.83110227395305702,-0.53634663542439276,-0.14697379664073212,0.12482109825373432,-0.077632969378100256,0.9891374098153759,7.914256028253801,-24.827912102124195,-5.0062301772305133,,0.1580704135745862,0.6086956521739131,False,1
0.5043898470450946,-0.86347593124308109,-0.00044537817641234455,0.85753719821167684,0.50098105993466213,-0.11682436077295431,0.10109814974119521,0.058543093107866102,0.99315249099434399,-5.6548168350142936,13.116465280206045,-0.50100469677717674,0.351675033588507,0.313833104434346,0.9393939393939394,True,5
-0.12418585025994569,-0.99202622125698781,-0.021490717386716294,0.98305195627361974,-0.12006109344916463,-0.13854308032666274,0.13485816942930645,-0.038331581996733526,0.99012320645453233,-4.5080710758097959,-4.8095645518147858,-2.6693064600157173,0.2859872449617601,0.2668422431764785,0.9327485380116959,True,5
0.93275338247912531,-0.35997740457347249,0.019682369529516772,0.35963716510287957,0.92528644161610263,-0.12044131532897845,0.025144322431001068,0.1194205558434423,0.99252531146138978,-6.4282881306138373,3.0980231789303017,-1.7920876095033913,0.26938963221981,0.2323845938902073,1.0,True,5
0.43307350785542498,-0.90134134956583012,0.0055774865884400081,0.89474641027434043,0.4291401937883168,-0.12356194954963666,0.10897797068663968,0.058501843032276207,0.99232118604151975,-25.509830184624199,-10.10113144224707,-3.7076884810937689,0.2846652920543884,0.2567578859472939,0.8235294117647058,True,5
-0.93625646319694789,-0.35092679439621577,0.016559592287820252,0.34434945569996045,-0.92600840581669985,-0.15469933650780726,0.069622463911325219,-0.13913596706678988,0.98782280556145596,9.8945017753895392,-11.070147394698932,-3.1484138382376936,0.2416450918712512,0.2244629435851439,0.9590163934426229,True,5
-0.065621532665933513,-0.9977126286807112,-0.016227292491326699,0.98858163578313718,-0.062793066948620552,-0.13697948801015053,0.13564720359414251,-0.025030807302428106,0.99044095979663438,-11.445682944045076,-6.4630543882521403,-3.1166548479337295,0.2847476835385178,0.2492452599754172,0.9303482587064676,True,5
-0.20488780774357943,-0.97873536545621753,-0.0099030623200411505,0.96931266071641664,-0.20149025998144224,-0.14083551010832443,0.13584532385360615,-0.038454642605222883,0.98998347887690208,4.7715206877578797,-20.328217563664484,-4.4620839004916855,0.2240996210083319,0.1966052310027524,0.6923076923076923,True,3
0.30068555691915794,-0.95339745485388838,-0.024929679868461008,0.94631310099160038,0.3014994859724156,-0.11657433186611306,0.11865795696824258,0.011460935236589729,0.99286904283073807,13.587823594768718,-22.875078956638891,-4.7412091267642404,0.2391778522832693,0.2092821681443852,0.8529411764705882,True,1
-0.63731946273706686,0.76847067025630189,0.057242740783154236,-0.76550876210906249,-0.62283528847322256,-0.16146993084388697,-0.088432107013166686,-0.14672774921025966,0.9852160829284633,-3.3920427913368854,-19.103053579347492,-4.6541393130916591,0.2023758025766643,0.2422449179573157,0.7924528301886793,True,5
0.66757436012880988,-0.74275871161982798,-0.051516696433899001,0.73952012041563253,0.66950519143639675,-0.06980537329003722,0.086339244837197487,0.0085026438574367282,0.99622951163292472,-19.606254982320095,14.940433686387127,-0.79409271886196364,,0.2908902489381867,0.9803921568627451,False,4
0.91246952028709216,0.40659784678869626,0.04558031958904446,-0.40667391569942707,0.913538260116047,-0.0080108422678730612,-0.044896557069990087,-0.011226677644846321,0.99892855644050926,1.7942817031600391,5.3525571170825854,-1.1291246601149691,,0.1627683645553798,0.21875,False,3
0.43239150119787217,-0.86455650290357833,-0.25608522600686029,0.89513936638981428,0.44573783169714221,0.0065802836695221384,0.10845784633253498,-0.23207722568374597,0.96663181040551494,-0.0091519982771234871,-28.673911074363279,-5.6669052751443756,,0.2580264674801033,0.2258064516129032,False,1
-0.74825578041300034,-0.66340840322972827,-0.0016054914244481057,0.65399911433936053,-0.73723257157143129,-0.1696269255086193,0.11134830722495945,-0.12797431749517829,0.9855070413445961,9.1070843538583812,-14.464679713309659,-3.6954084999189885,,0.1752768765156358,0.7636363636363637,False,2
0.31464484072622789,0.94241781125567126,0.11334590081885024,-0.93977201993906512,0.32608424267133962,-0.10245788022943057,-0.13351844346013125,-0.074281462758407787,0.98825861470895104,-21.899188783228038,-23.606075013918289,-5.5224461822714677,,0.2085253951478352,0.1052631578947368,False,1
-0.95652057726571871,0.28615061246543577,0.056446543321200013,-0.29130738685339097,-0.92770761767720267,-0.23344931455958026,-0.014435776110236546,-0.23974236815662159,0.97072921315820615,26.9883705640977,-2.1593438619285781,-2.1901571285397781,,0.1774318757589612,0.5294117647058824,False,1
0.58462377553073375,0.80234722851873774,0.12022464794080934,-0.80324421024172488,0.59326167926525952,-0.053285257140348458,-0.11407795491390599,-0.06541792417728827,0.99131564872092903,-15.502199165258936,14.247792628611139,-0.78776333820526989,,0.2012920767888042,0.36,False,2
0.48201216221795984,-0.87511039092528509,-0.042966023420388605,0.8691326385215109,0.4837688497483108,-0.10284044277341906,0.11078236380671656,0.012227170882528693,0.99376947234336266,-5.621165177415568,15.33031647646629,-0.1915980323108262,,0.1300852402418698,0.2105263157894737,False,2
0.72165630080406351,-0.68893802468350085,-0.067650437212115083,0.68840875800617318,0.72449795100299064,-0.034584691597091086,0.072839312257821864,-0.021612892857360608,0.9971094811765373,9.3414936133192832,-22.391321818641821,-4.6915040814861353,,0.154688862221412,0.25,False,3
0.6487205407710398,-0.72844132880121781,-0.22030635595925682,0.75250822703999853,0.65718549815221461,0.042878773951043239,0.11354747121291824,-0.19359868675366301,0.9744878245870543,1.4627654501570864,-15.835993875632724,-4.0653573409026809,,0.2777911244114916,0.2666666666666667,False,4
0.96381899318145858,0.26440940166104171,0.033773017276061579,-0.26105028492773769,0.96192073946114198,-0.081001479823991751,-0.053904518565943672,0.069254308947382659,0.99614162826898967,-24.490922582622698,-7.047724786955202,-3.2637633191534365,0.1972002660852371,0.2022110588000889,0.3181818181818182,True,3
-0.47765625088931485,-0.87480192905072451,-0.081031419310623118,0.87023455445000741,-0.45846258865963363,-0.18028831088205291,0.12056668788500419,-0.15663217973532056,0.98027038823163548,-4.500997104722428,26.360646451763678,1.2449285613612939,,0.2014224525654434,0.2222222222222222,False,2
-0.51289428751358368,-0.8579956084717365,-0.027981881265363072,0.84870446335936278,-0.50190310760981727,-0.16671533956269693,0.12899683604581363,-0.10925569282569991,0.98560793923108536,1.9100349152944502,-3.3001320479792922,-2.2602574853985251,,0.09125041843136435,0.2,False,4
0.75675206260426076,0.63602378374981317,0.15099689483154174,-0.64513509247429224,0.76391112920734461,0.015508034412732505,-0.10548472971185735,-0.10914913273925084,0.98841258521929309,-15.640909136688952,-23.280815851667892,-5.3822461303742859,,0.4370278159016353,0.5555555555555556,False,1
0.59554960828317127,-0.80330100297364537,-0.00530685361548536,0.7982496261822486,0.59251975620252451,-0.10824912382832753,0.090101045352763698,0.06023152937819188,0.99410963404199171,-12.640549146158158,18.881885628039107,-0.15184202033125546,0.1819910468417091,0.2778168603094616,0.9622641509433962,True,4
0.25214004320845013,-0.96578679498082465,-0.060673431182925397,0.96034512325110721,0.25744451495864717,-0.10704936228452937,0.11900690256728179,-0.031276002915575786,0.9924007097856028,17.097860523726236,-13.140746380412237,-3.4718641175774936,0.176285482932261,0.183834782778957,0.4666666666666667,True,4
0.66212484200773358,-0.74878440461685669,-0.030209419041315716,0.74483675458867271,0.66200251287740719,-0.083491807728735601,0.082516074858463934,0.032780914364586244,0.99605045506910694,-19.807267811120958,8.1888880624817446,-1.4682494237500778,,0.2112727753502776,0.7560975609756098,False,1
-0.056910964878056802,-0.99830573945244261,-0.012115801787740171,0.98940597050894941,-0.0547719191479525,-0.13444650383737761,0.13355511071423823,-0.019638926884159642,0.99084678177453134,-26.73778172760484,6.8633075319868402,-1.7738253215964803,,0.303339268873796,0.9215686274509803,False,1
-0.94669705725411557,-0.32144940425912566,0.020855749515460369,0.31522964308666246,-0.93781229043435765,-0.14539043995297651,0.066294448529675573,-0.13106635118030061,0.98915451658597242,9.3221945116612357,-24.779328763771318,-4.9641673897262972,,0.2303114011560847,0.8205128205128205,False,1
0.58692684025431263,-0.80470609502732526,-0.089246763610573515,0.80449985488095144,0.59204793095015418,-0.047531368107485497,0.091087143360718506,-0.043901572677009962,0.99487475806297809,18.993895527924547,-11.113292264632646,-3.2305126227821499,,0.155299741216329,0.3673469387755102,False,3
0.40857149455196246,-0.9126830929385702,0.0088828882499563475,0.90588458944596706,0.40430027332127327,-0.12615228732233089,0.11154570562728044,0.05958910014783942,0.99197111585957143,8.0256506138501624,7.7220862764351468,-0.79539784479082931,,0.207591788257209,0.8275862068965517,False,2
-0.12728085363573158,-0.99166067457630935,-0.020216102409177077,0.98323650167047671,-0.12346432413829909,-0.13417355345922463,0.13055866911301553,-0.036954934229840947,0.99075161708447701,-14.214614125874139,22.734813280404538,0.29858050685405485,0.1975573144829966,0.3278094406796093,0.9830508474576272,True,2
0.3053439203949454,0.83391396850984389,0.45973099025626646,-0.94281124110767245,0.33253191992304665,0.023010560038857389,-0.13368640139840215,-0.44046568011191822,0.88776006371355221,-6.6429960670209312,-18.513692438890356,-4.6014335278764955,,0.2979760248955327,0.3809523809523809,False,1
-0.88793597652769196,-0.45989037017564088,0.0083993456605488698,0.45270406971958715,-0.87700179107722587,-0.16101827134415675,0.08141699360168414,-0.13917149804126272,0.98691568398005192,20.431502269996468,-8.7520712710983233,-2.954981491539701,,0.2382092530106048,0.9361702127659575,True,2
0.20796317287464253,0.87804788470439843,0.43102578912872869,-0.96882172316194182,0.24557510828577833,-0.032822780503094479,-0.13466917783010943,-0.41076121817493916,0.90174244337615772,-5.2241828739932226,16.249756556182529,-0.040192120904353229,,0.2853906321147173,0.1176470588235294,False,1
0.59479713442272897,-0.80387581542605802,-0.00020556167130355261,0.79866016149630437,0.5909670542825568,-0.11357767030228634,0.09142382250380604,0.067391498912608649,0.99352909899665498,4.1885999242829604,9.1453365558587834,-0.61574401055558159,,0.2233128247091802,0.4782608695652174,False,1
-0.099702161458297078,0.97833088952767544,0.18146115175577068,-0.98659676248707395,-0.073524871993337113,-0.14567402461793769,-0.12917549013093693,-0.19355299996215652,0.97254867690778435,6.5223112018562874,1.7841538986966368,-1.5905451630519083,,0.2490932831655963,0.1739130434782609,False,1
