axis_00,axis_01,axis_02,axis_10,axis_11,axis_12,axis_20,axis_21,axis_22,location_x,location_y,location_z,dbh,dbh_approximation,score,reconstructed,number_clusters
0.67389245374584417,-0.72535566628419668,-0.14045681960592915,0.72921949052007118,0.68355969099641012,-0.031386039739643365,0.11877666197553885,-0.081273035099592411,0.98958920686093144,-4.6312189333666129,11.21178125997397,-1.3191196815780997,,0.2428605475263693,0.68,False,8
0.9514766796985451,-0.30456085652157627,-0.043986505483800384,0.30673671359186644,0.95011719779598747,0.056479190744572749,0.024590984622293685,-0.067230909016198381,0.99743435290156424,-2.7427688337396305,3.9873221172307489,-2.5068652684981281,,0.3256912327346099,0.2222222222222222,False,3
-0.60704123832271528,-0.79297151546256905,-0.051933713911314044,0.78879152526526208,-0.59332778813184794,-0.16053057497022652,0.096482457707745869,-0.13841355242737882,0.98566364641246029,17.09988969229336,5.0497981329391974,-3.0746520201661034,,0.1887386479462284,0.8620689655172413,True,5
-0.89656504032847073,0.4359080573201603,0.078455681911330288,-0.44062908818434443,-0.8598767084758232,-0.25779459433164487,-0.044912527279605263,-0.26569947644688341,0.96300916564133032,-1.6249932540974319,-1.1850184736756493,-3.3400418974877728,,0.5691880151978598,0.724762726488352,False,3
-0.22338893834998227,-0.97466495914667561,-0.011207124273304288,0.96720111249284724,-0.22022271858387515,-0.12658578992969913,0.12091067039540541,-0.039117408287574873,0.99189235209945892,0.014825286906264612,15.526739003847405,-0.86876641468398375,,0.272848404761786,0.8541666666666666,True,5
-0.747477549205535,-0.63704505349014584,-0.18828412906409436,0.65303051612060059,-0.6527194061022803,-0.38406838181858804,0.12177215793829538,-0.41003777474913716,0.90390296206497034,13.885151458956315,-1.1463756253406123,-3.791179097812682,,0.3979694226487266,0.1666666666666667,False,5
-0.80231196534445504,0.57176186477857527,0.17141726940435054,-0.59379653398408683,-0.73524510424094713,-0.32683376954990984,-0.060837377438567389,-0.36400962442584484,0.92940615816323935,13.232756499579144,-11.017759579730802,-5.0372269712412665,,0.532319381077953,0.3260869565217391,False,5
-0.92345759121628324,0.38279339271294327,0.026368460712277532,-0.38193902512483835,-0.91046772515681584,-0.15865403409450973,-0.03672408353803816,-0.15658141634015185,0.98698206759049278,-4.3813038029012743,13.242501214797985,-1.0387055233409344,0.4605554827339694,0.1341120675821571,0.4772727272727273,True,6
-0.4485745273888283,0.83348252632261421,0.32262636546439033,-0.88735544088896789,-0.37224840713151836,-0.27208720093527472,-0.10668277697283104,-0.40833564833714941,0.90657640791851912,14.798267003376653,-9.7425214093172645,-4.922018882890888,,0.3142036061469886,0.2,False,5
-0.89437144693568238,-0.44731297586090935,-0.0032888497428527029,0.44266535531456624,-0.88397255813696163,-0.15046560957582639,0.06439796666357106,-0.13602800479038749,0.98860977326867638,-3.7982690380565103,-21.175137168527122,-6.4350653041933779,0.2235733299990378,0.2452576609737299,0.6111111111111112,True,3
-0.99996982456544914,-0.0076164253868874661,0.0015297133294625599,0.0066849336726917345,-0.94395370083499097,-0.33001018520905578,0.0039574765111204807,-0.32999000097616527,0.94397613192040719,13.961756700647561,-3.1187965495538115,-4.0669336853995333,,0.231522504436699,0.4736842105263158,False,2
-0.9841555846544362,0.17447641221408167,0.031555772441602216,-0.17642568686082022,-0.94590704621023769,-0.27227529624538183,-0.01765678932230209,-0.27352850219076713,0.96170182295766848,-7.7510605011812981,-7.2448036908566351,-4.1808746048455996,,0.186677892460983,0.2592592592592592,False,4
0.17867553356946711,0.9831953524677034,0.037442657351922197,-0.97623228789954186,0.1818974062659226,-0.11782976557795037,-0.12266040015461818,-0.015499434816700108,0.99232766451120913,0.28357321868341656,9.2539606277683983,-1.7533726160940986,,0.08492216070099698,0.1923076923076923,False,2
0.94484931090970592,0.31895316553266378,0.074354945162682567,-0.32376233707146312,0.94388631975706438,0.065242351808375038,-0.049373360909265904,-0.085717521966962487,0.99509536108875785,-9.1849293383308694,-4.5482705502454523,-3.713580035794303,,0.298059983778561,0.3636363636363636,False,6
-0.99867024853334441,0.042443322635617939,0.029262588026277792,-0.046461258166041332,-0.98696122455684021,-0.15410675751208786,0.022340236882702993,-0.15526141048216011,0.98762078159135225,-5.5564396742580575,1.0211745024323893,-2.9713057861059737,,0.08617543045031319,0.1923076923076923,False,4
-0.17075743975188645,0.97815149554546632,0.11858140044521503,-0.98070239788099434,-0.15709400932752637,-0.11637989097722687,-0.095208736783181022,-0.13616579598258371,0.98610048800544703,-8.8156801667041993,3.5830853914561529,-2.490134073449132,,0.1263576815934492,0.163265306122449,False,5
0.75269830737299037,0.60532686943660441,0.25889117253377775,-0.65198512821021393,0.73996688973331648,0.16542186884179377,-0.091436593716875375,-0.29330595499662288,0.95163594199303614,-0.75862345334839332,7.8539258433761683,-1.9279857044944368,,0.399139887965291,0.1666666666666667,False,3
-0.99914423178000411,0.038141859301666178,-0.016000083429742705,-0.030901116634648295,-0.94547656061522556,-0.32422090357954547,-0.027494091937699885,-0.32344902518977703,0.94584607786484265,-3.5282962787368586,11.392262820819024,-1.3338609290011723,,0.2542398352708628,0.3,False,5
-0.83660609690377818,-0.54762787061516649,-0.013926735041824248,0.54261393596026486,-0.82491903295850588,-0.15836257627518505,0.07523533162774039,-0.14004393734932935,0.98728280674108881,1.9759636169566592,-10.024445161081646,-4.6752627510591038,0.3569759114816436,0.2991150011253269,0.9318801089918256,True,5
-0.1998532098036718,0.96250354980709629,0.18342740018848877,-0.96882280787897879,-0.16613916620022537,-0.18379375502934037,-0.14642766632252535,-0.21444042077703634,0.96569883735681616,-2.8615589773914873,5.3929244006133752,-2.2790488880703994,,0.3112337929923991,0.4333333333333333,False,7
-0.99985306075852809,0.014109117295585007,0.0097360002537306943,-0.015287053056557779,-0.99086385291946311,-0.1339967573728568,0.0077564747564347995,-0.13412590274340627,0.99093394296119297,-0.75512924368357237,-4.0115970696687961,-3.7756488494203753,,0.3291188217216575,0.997289972899729,False,5
-0.82338798090984855,0.56673755899139189,0.028996070797272774,-0.56370819725943888,-0.81096801246699657,-0.15672890957906066,-0.065309273734402776,-0.14539402320524275,0.98721592206592634,-10.423007221129895,-10.710207073348961,-4.6758634884753238,,0.2440980004542184,0.9382716049382716,True,5
0.35967122178104505,0.91913944475576148,0.16068383028979411,-0.92569440990632301,0.37311685186597909,-0.062238848975572844,-0.11716002599314101,-0.12635860060830845,0.98504163991254456,-2.6669873649747595,2.1624598310789755,-2.7983291575319571,,0.1064441598891954,0.22,False,2
-0.99424255040458542,-0.10693633010469671,0.0068097186964033198,0.10469616514802851,-0.9830137459092646,-0.1507404668850803,0.022813679411298832,-0.14915963481174996,0.98854991749255827,0.6862818334729861,3.6282846511084217,-2.6049317173656323,0.3063954080302075,0.2627593151647291,0.9853181076672104,True,5
0.26707770408087894,-0.94747252529572057,-0.17596963883760305,0.95704063163195341,0.28216935557032236,-0.066735928723141366,0.1128836985060188,-0.15058641567810452,0.9821308477106413,-2.4760556128091373,3.0031485027034033,-2.6918204984006966,,0.306854539832794,0.4134078212290503,False,1
-0.98288655925708379,0.183664704166147,0.014187602874848639,-0.18368509460779231,-0.97134445835176242,-0.15083013375400056,-0.013921122465489134,-0.15085496237407958,0.9884578810836695,1.011888865090556,9.4461518306978274,-1.8031334323571948,0.3414892998454134,0.2945019246894153,0.898876404494382,True,5
-0.99897868512660637,-0.030692910897574487,0.033159190028538142,0.021386374040476101,-0.96765234016755941,-0.25137933800064999,0.039802131451920977,-0.25041344570305679,0.96732047251311959,16.818238678787374,-21.349241363124317,-6.3319446713712821,,0.2602473683079766,0.5172413793103449,False,3
-0.83877324710075662,0.5021160365564773,0.21056810247724386,-0.54155034237709421,-0.7292765827596901,-0.41818523707754218,-0.056415127575009681,-0.46479581718337654,0.88361879886607897,15.894127363235164,2.682474516622773,-3.3857632968277662,,0.225031358608821,0.3235294117647059,False,1
-0.031688751731028253,-0.94737592470206722,-0.31855090693424731,0.99471803401248915,0.0012391694469666842,-0.10263769906525402,0.097631223612413998,-0.32012079244245284,0.94233264955744722,15.320610053593303,0.15917959706421614,-3.6988055551485957,,0.4932873697880112,0.2626262626262627,False,3
-0.9788191979309272,0.2015824570216021,0.035742003063487404,-0.20472440873122921,-0.96458288471970555,-0.1663363308945458,0.00094563814695848916,-0.17013045443701488,0.98542109488357821,-2.1820742696429476,8.4070080119028638,-1.8085304650859899,0.3541482433437609,0.1554375146681246,0.3513513513513514,True,5
-0.54149398939632176,-0.84035706456027681,-0.024171543005972896,0.83388925081569876,-0.53322863009729393,-0.14246383898588078,0.10683153477175,-0.09729970240549006,0.98950482115556893,-8.7829101423536144,-0.95540929576011568,-3.1935215765868921,,0.2035504590596081,0.7253886010362695,True,5
-0.93843925031273412,-0.34540601798089748,-0.0051435605422695714,0.34072513690101108,-0.92306368434478714,-0.17849318117959795,0.056904785003190017,-0.16925754750204047,0.98392770469040747,15.692872017596875,-20.989209188838682,-6.2855000397905778,,0.1524240243157039,0.5,True,3
0.26186517669887893,-0.96492511598042963,-0.018605100983875481,0.95820420391471228,0.26224571630531379,-0.11433235709844333,0.11520127096798038,0.012112176916975942,0.99326832343415372,-4.1069140515049494,1.1838691679534821,-2.9118321040415962,,0.07456675187099086,0.1886792452830189,False,4
-0.60693706947391712,-0.79313950438152692,-0.050567976900798672,0.78770827599226567,-0.59188940167767701,-0.17082917817203941,0.10556072011741052,-0.14351537468532005,0.98400217052465189,-4.0677596208153188,-12.679409092730902,-5.0696723679224531,,0.225709209372117,0.9787234042553191,True,5
-0.62349995627144605,-0.77813104746991546,-0.07589385675321321,0.7774259539579389,-0.60678370645215263,-0.16559716089588236,0.082805136568293566,-0.16225167656317224,0.98326888632273235,-9.0516991410999452,-5.411115161479727,-3.8632895208334284,0.3993381404692332,0.2773057047257493,0.9285714285714286,True,8
0.78178989581059954,0.59246562607973297,0.19439403468831834,-0.6185844119343481,0.77615526312368266,0.12221429064248215,-0.078472186921797304,-0.21579501717917102,0.97328034319015866,12.954355163421155,-3.4105537079334947,-4.0589490949072022,,0.3100077371102863,0.2857142857142857,False,5
-0.76387877885396405,0.6449524256926249,0.022925527469924524,-0.64185993069175418,-0.75556212408557089,-0.13092633814353447,-0.067119599141767128,-0.114726828773822,0.99112699194934117,-15.158595839326276,-5.5692433729219477,-3.8756974402534778,,0.2758446679252087,0.8666666666666667,True,5
-0.81024605587531495,0.57963899453258971,0.086717731495606146,-0.56702615370839027,-0.73783324593430599,-0.3661740599833837,-0.14826553864322209,-0.34586230961365816,0.92649694702116581,-6.8859909073630865,-10.158419179230346,-4.6536471053367769,,0.3146065680634298,0.1428571428571428,False,2
-0.68193438901976167,0.72016726329929193,0.12776776566979664,-0.7269645789382142,-0.64812745109927705,-0.22683321648457627,-0.080548060444858141,-0.24756801086481708,0.96551648870177686,4.2887529684862198,-17.089434958237863,-5.7460581225597229,,0.1830810241511903,0.1379310344827586,False,1
0.69716826085594885,0.71413491332642631,0.062990012091983655,-0.71077716109408418,0.69999927204888313,-0.069259269401768839,-0.093553424962022763,0.0035135024249626258,0.99560806142707781,-0.87419707346426812,-16.699979407491771,-5.6574000883147733,,0.3951278183008937,0.625,False,1
0.0649600465348774,-0.99398920113724909,-0.08812298438386193,0.99074838343829352,0.074788067247183038,-0.11324480434809109,0.11915466028902594,-0.079951316561784141,0.98965143051048188,-8.9980761971708194,11.17487371879939,-1.2393700043855715,,0.182319682759175,0.3461538461538461,False,1
0.83387332155549421,0.55138235723379669,0.025155113382949873,-0.54632887034639677,0.83100568864448221,-0.10466284377246707,-0.078613287833783768,0.073532588502048302,0.99418957417795917,3.688882051690987,-16.287014721088838,-5.630850584376371,,0.08435545243947964,0.3404255319148936,False,5
-0.12154000646831829,0.96815000673391272,0.21889173417195357,-0.98544238789604244,-0.091283606646226756,-0.14342455611017871,-0.11887525800361494,-0.23313701469046261,0.96515066461967092,-2.8384186164313401,11.526456200387457,-1.347012479163068,,0.1500000421245823,0.32,False,4
0.81929536940724779,0.57177952919675956,0.042699738399352385,-0.56960875120298515,0.8201763135912119,-0.053447967004421351,-0.065581767442001948,0.019467527204604519,0.99765727941198368,0.64266750532768668,-19.084298853306755,-6.000290382771114,,0.1440402891753546,0.1666666666666667,False,2
-0.4764588120889825,-0.86558853585657214,-0.15408921758653793,0.87217419193230161,-0.44322991434479686,-0.20702517227897932,0.11090166504607839,-0.23303160649057869,0.96612478027759319,1.2803789313671925,-13.631317039224566,-5.2416310644395168,,0.3367133079404247,0.4477611940298508,False,6
-0.53906250928649135,-0.84132318631902125,-0.039836004364887156,0.83546769740728088,-0.52811629092456247,-0.15194377199825423,0.1067957755284633,-0.11518888584447221,0.98758603823017965,-0.3826649848950025,-15.744503420281177,-5.5075555841530504,0.2864246607836705,0.2287330194458131,1.0,True,5
-0.94866612139866291,-0.31617062975124294,-0.008289933239727966,0.31248840624001745,-0.93292751439297206,-0.17887774834820547,0.048821983531913395,-0.17228576775593696,0.98383638281614516,0.22152439796642032,-21.330266522290334,-6.3180453137628518,0.3968993163521291,0.2708603054357264,0.8846153846153846,True,2
-0.98355466771281463,0.17971305488531406,0.0179842576750446,-0.17902425214811035,-0.95690142390017763,-0.22867002882017995,-0.023885827662949451,-0.22812909249282559,0.97333785727015454,-0.34387166196681573,-5.8691404943968646,-4.0678944694026882,,0.1764400825353053,0.3826530612244898,False,6
0.40777479334713707,0.84852723322127976,0.33722581809900037,-0.90465757096161004,0.42550381833782908,0.023263273238475421,-0.12375135236650862,-0.31456006590438051,0.94113631729186431,-1.0287865887651464,7.2924063630293778,-2.0251329365409783,,0.4934194826608811,0.116504854368932,False,6
-0.92551073358358849,0.34956440552791818,0.14572099508815251,-0.37704704277321871,-0.81434007062658242,-0.44123211228089859,-0.035572595597437986,-0.4633087261856893,0.88548270151519914,14.476271659831264,3.4809663942478748,-3.234703787118975,,0.07822115820718215,0.2,False,1
0.71871616376440661,-0.67646021576323934,-0.16077516112051257,0.68924106657529405,0.72360989326819614,0.036544144682029628,0.091617837182102341,-0.13707771100343671,0.98631428716009806,-4.1584871039704554,7.7535862588889284,-1.8935672538523083,,0.2245655595890425,0.1388888888888889,False,3
0.80536852801046743,0.57519621020090395,0.14328591647740493,-0.5911008797368279,0.79743055184730394,0.12126114363163434,-0.044511617186980164,-0.1823563400351671,0.98222445560288218,17.043857595132444,7.3972679965436834,-2.7539881947916749,,0.3142116966018823,0.1702127659574468,False,5
-0.24432789928831417,-0.96401135105427083,-0.10481408620925081,0.9640549814801701,-0.22984560371356191,-0.13330037935737063,0.10441202187789499,-0.13361554360204184,0.98551763870328712,-12.016195256451311,12.440299257193251,-0.98453437862168558,,0.2001507537034669,0.3461538461538461,False,3
-0.75523259598007875,0.63919882374923032,0.14508132094377946,-0.65335104366118268,-0.71640489454415035,-0.24473749369483333,-0.052498949666017793,-0.27962276515116835,0.95867354688297302,-5.9461948262497106,-11.50352630072633,-4.8743725414174586,,0.4259853103633137,0.4220183486238532,False,3
-0.99713608614910487,-0.075431065755498558,0.0054571071304892124,0.073036828436799719,-0.97918616848352757,-0.18936755039457376,0.019627719967878661,-0.18842664824683797,0.98189110946139257,-0.5490787373531405,9.0231244136016553,-1.7688740204936104,,0.09232885708915944,0.3555555555555556,False,5
-0.94468366282793104,0.32798282529091111,-0.00020856700151828528,-0.3218537480052453,-0.92715216672874967,-0.19183071866924806,-0.06311055443409172,-0.18115221788423089,0.98142800646539763,18.508118506458345,5.2585613400582227,-3.0993752064272102,0.1082139394388714,0.1885525283071202,0.3076923076923077,True,4
0.23534711432197947,0.93380893411368715,0.26946727138889609,-0.97157825711429924,0.23330166605304947,0.040075215777496093,-0.025444568832239011,-0.27124012827443389,0.96217533055603288,-8.1967975426431163,-2.2849612744513879,-3.3990324642490775,,0.510704403006193,0.5654450261780105,False,6
-0.57036891939605694,-0.8213138929124324,-0.011080843650215205,0.81471622689190049,-0.56396812196741419,-0.13482368873300188,0.10448332606688938,-0.085926984781114976,0.9908076442278928,-18.596726193030854,-2.7527211548522614,-3.3783396626182829,0.3247627850908188,0.2716216421708333,0.9827586206896551,True,4
0.7779440217611594,0.61461278539420128,0.13059181841161935,-0.62077287082647359,0.78394488080039082,0.0084537987152832061,-0.097180974742641035,-0.087644440193557299,0.99140017664474289,14.431975858242858,2.9446677986543648,-3.318556381066049,,0.4121464511514385,0.3663366336633663,False,4
-0.41794140116162043,0.90617776553809593,0.064551083952519392,-0.90199739671362866,-0.40544371837066184,-0.14837819097026406,-0.10828518604545254,-0.120238298716154,0.9868217012231475,17.591138661716567,-21.076468709982358,-6.3157773740507839,,0.1761351192814051,0.6888888888888889,False,2
-0.22294316322939778,-0.95273544375106334,-0.20637713097563576,0.97482084361474719,-0.2188747816631211,-0.042639803073577995,-0.0045462977797903611,-0.21068698149716253,0.97754300519420201,13.686330747798388,-3.7344692518757956,-4.1679911389345916,,0.4397987762123844,0.4,False,2
0.34640779515405984,0.92004852318802699,0.18306379881351312,-0.93721341655222334,0.34783802751615223,0.025292656012802311,-0.040406079876824604,-0.18033142153602641,0.9827756239934855,11.106928918246679,13.352893348101144,-1.615498334858962,,0.3212021468276582,0.4074074074074074,False,2
0.9996917417485075,0.0082587796102155039,0.023413971025548076,-0.010777132529782633,0.99392178197965697,0.10955977692939509,-0.022366825753128563,-0.10977833969291576,0.9937044033514173,2.3237446136513107,-14.518319896302529,-5.365236689223031,,0.3087445380924559,0.391304347826087,False,5
-0.67915930305890826,0.73038587312373782,0.072657535120686179,-0.73007232642403475,-0.66200043562968147,-0.16955772296156396,-0.075743245628481587,-0.16820196065262655,0.98283826806564489,-13.155391705019781,-0.34803432002701612,-3.0324490546248466,,0.1196578880197017,0.391304347826087,False,4
-0.86859133111662146,0.4946607357650743,0.029323301338913435,-0.4930984093635738,-0.85696193791523678,-0.1499006192371361,-0.049020997462014215,-0.14466165164589667,0.98826613235044758,-11.7301651804963,0.49806574322623415,-2.9138738120415759,0.3549810392081206,0.288071839103005,0.9863945578231292,True,5
-0.74305228465025408,0.66764921305541081,0.046019893334598508,-0.66611180452892116,-0.73120174202924693,-0.14710226483850805,-0.064562885183839985,-0.13995906815881806,0.98805014705573191,-9.8287393011246937,6.2449044010500145,-1.9875162455488384,,0.1933689078173641,0.9076923076923077,False,8
-0.54209329699847719,-0.83905521682525852,-0.04605649213346516,0.83301033280464676,-0.52935854096044821,-0.16085185902847926,0.11058319397635905,-0.12556224842899491,0.98590338217263596,-4.5053190364140399,-7.9365822466193308,-4.3406203819367448,,0.1946716203321076,0.9364406779661016,True,5
0.36100512788742978,-0.92810470147000723,-0.091087654203240401,0.93237386103517716,0.36117717222612639,0.015166856005620483,0.018822351004502604,-0.090403060634071525,0.99572737520400412,-3.0787597140407739,2.3923403799119973,-2.749051457676186,,0.4595675824184264,0.1846153846153846,False,2
-0.11902010539732182,0.96405638038197161,0.23754896328130171,-0.98585788672926677,-0.086316961589749483,-0.14364403682582011,-0.11797644546651785,-0.25128604733793836,0.96069603971722539,-12.798842163094147,1.6114793010732851,-2.7388764306223941,,0.1495087662765695,0.5,False,1
-0.4625389619031578,0.87542106073309656,0.14034128097780124,-0.87762942337222516,-0.42962788857684087,-0.21257110007793137,-0.12579468968476193,-0.22149005346052564,0.96701491832606656,-9.3978649844923563,-6.4438021693787491,-4.0274451659719883,,0.2436832688805483,0.2,False,5
0.87670682897064012,-0.47686244346524193,-0.063145435690981813,0.48031414673345857,0.8749700115912159,0.061039325551462242,0.02614300066853005,-0.083843239610755418,0.99613596194877874,13.880396489714297,-5.8977161124904329,-4.4441180919011432,,0.2498693844225896,0.4594594594594595,False,4
-0.15298191095458472,-0.95323378533679137,-0.26065664275666561,0.97671540814762925,-0.10570004553208091,-0.18669363101489764,0.15041125758298207,-0.28314810765217663,0.94720832065881799,13.006941697809912,-12.250104102170408,-5.1764199771810713,,0.2234686494392896,0.25,False,2
-0.014129348958177877,-0.99939736667172763,-0.031705914079776597,0.99325739249489464,-0.010379432051373079,-0.11546436525843623,0.11506569320288594,-0.033123569854517046,0.99280547710406608,-18.639003915119673,7.1698244970464398,-1.7731982191563702,0.3843595302347775,0.344420435027431,0.974025974025974,True,2
0.33700123574945862,0.90232840303655548,0.26876313024080928,-0.93455900191869012,0.35520534566506812,-0.020703486269279953,-0.11414744428186094,-0.2441979022933243,0.96298377217866993,-2.114698428665998,-3.0872139249574899,-3.6171286093431863,,0.3229143576950862,0.2342995169082126,False,3
0.073387469284399973,-0.99478132790747009,-0.070882924591757879,0.99050386691326409,0.080988247060931398,-0.11109902550368032,0.11625991992901569,-0.062056534584579395,0.99127827451904271,-15.017711885570177,-4.5060458867256941,-3.7037571169945287,,0.08396743853798948,0.2857142857142857,False,2
-0.3738147814056893,-0.92732806347543695,-0.018032523215347526,0.92020010051519963,-0.36836621068566555,-0.13243152886265339,0.11616490095735696,-0.066098392688319504,0.99102811174536687,-13.164966657483843,11.544902180330427,-1.1089698586219872,0.3240919628070462,0.2935386463688162,0.9759036144578314,True,4
-0.86136213294514286,-0.50776373384362916,-0.015207449535349943,0.49943435056518981,-0.84100144461970994,-0.20804302349054682,0.092847215379467274,-0.18679550514061427,0.97800144880032858,-10.506392970435837,-4.7713726490549346,-3.7131968261428785,,0.1891781149124192,0.125,False,3
0.45649987427444322,-0.86609991735190728,-0.20366344284244137,0.88080099915649912,0.47225945828237192,-0.034067637836411341,0.12568796550318473,-0.16383509155812589,0.97844805590374118,-10.920228831824362,8.4994931227356627,-1.6233493364724225,,0.1798041405580708,0.3461538461538461,False,2
0.98213596245444834,0.16507149741278362,0.090334666632333721,-0.18524447692517193,0.93251658531854253,0.30999564815423408,-0.03306712903160694,-0.32119187232516583,0.94643665722004899,13.979749921314609,-10.30417765387247,-4.9521982871056194,,0.459594765331285,0.2903225806451613,False,1
-0.9832980610497678,-0.17822818232175902,-0.036873271648263699,0.1820025271716777,-0.96296981017015915,-0.19890757854835039,-5.6911224786231063e-05,-0.2022964649397693,0.97932432678555648,-5.9034963669549789,2.7912718427386669,-2.7153634989874447,,0.2171742221604988,0.2941176470588235,False,4
0.96895933200417006,-0.24262275638695205,-0.047455358024462005,0.24293289475417651,0.97004277193849742,0.00079325672495864086,0.045841264908250995,-0.012297101002802253,0.99887304485532002,-9.5098386420784955,-7.1149843382329099,-4.1421157213014066,,0.1799517369403537,0.16,False,2
-0.99569852556280947,0.090574531543813772,0.019511546009120265,-0.092651400414457921,-0.97243938800853347,-0.21395643166502137,-0.0004052077086360642,-0.21484387560553789,0.97664832202871532,16.477270632747626,-6.3865188942761861,-4.5276665620811922,,0.0941442775424996,0.5,False,1
0.9290574485595392,0.35067471455039745,0.1178112976375164,-0.36317680769200406,0.92519284208973229,0.11009455618043931,-0.070390792229404947,-0.14507049845133965,0.98691422466615386,-13.480745970948645,10.523143588002451,-1.3082560842053632,,0.2748620261552525,0.2,False,2
0.23356639146753477,0.96778149997950824,0.094051629833010131,-0.96499709954786783,0.24258104947487943,-0.099674632178237327,-0.11927840810907481,-0.067478905837879855,0.99056512084056669,-9.6951422083373995,-11.734014492613664,-4.8632432442702545,,0.1359717114274421,0.391304347826087,False,1
-0.99605032786777159,-0.088790216858846138,0.00020431510740112624,0.085771046065207177,-0.96277109892924473,-0.25634964155124912,0.022958048945503316,-0.25531962019541876,0.96658409853042904,-3.6046590675062848,5.5590986885123197,-2.2557417729547233,,0.1424228680851034,0.1851851851851852,False,2
-0.22970762287051083,0.9713174095185455,0.061456472086843406,-0.96672843357802662,-0.22040767963470706,-0.12983293291695561,-0.1125635096598961,-0.089235333384406243,0.989629481962224,12.491798225179018,0.15295613502823113,-3.5414861157659412,,0.1239791025046231,0.1904761904761905,False,3
-0.64443828771411193,-0.75132721415523263,-0.14215030987599159,0.75611754518288876,-0.59842968795554574,-0.26489274516307559,0.11395416269143178,-0.27818937047120484,0.95374269221951546,-3.3710619626338487,8.2136426687349147,-1.8159415190402433,,0.2552665145949433,0.1052631578947368,False,3
-0.62738047627892557,-0.74054572637365923,-0.2408023362298177,0.77552450762194181,-0.56623345232278122,-0.27917989818102917,0.07039514231659369,-0.36190013072715865,0.92955517282079214,-11.929415817147376,8.9619662531567901,-1.5640922493738549,,0.4112102851823951,0.3235294117647059,False,3
-0.63228706115953348,0.77189294116405605,0.066289966596333808,-0.76964422392860121,-0.61603722989870358,-0.16776739835877724,-0.088661383158515336,-0.15709684516194028,0.98359531331568673,-5.7663349400856436,6.9279808266823357,-1.9788682194389537,,0.07468073301742086,0.28,False,3
0.28174646157211108,0.92473171296792844,0.25591051252927172,-0.95285854531005332,0.30096497167972314,-0.038479584865633465,-0.11260339258300772,-0.23300503181953613,0.96593433064860745,4.4180466142454957,-16.151391951125472,-5.5968693850767082,,0.1624874756070602,0.2631578947368421,False,2
-0.96492068369675121,-0.26254038990620043,0.0007860293214426925,0.25922059128014913,-0.95318550408865677,-0.15569868288339186,0.041626424667075362,-0.15003312455305823,0.98780428340146531,18.272495443716718,-10.555445931059895,-5.0744810342662712,0.2729513993572427,0.1629873404380546,0.4375,True,2
0.32546723372197123,-0.94140823922437644,-0.088439849015176777,0.93868762327810218,0.33293847269382998,-0.089540601432018765,0.11373928818959432,-0.053874859821249815,0.99204882631923186,-5.0732650546637466,15.685985873332188,-0.70139657707273328,,0.1302184557286796,0.34375,False,2
-0.43627987969021109,-0.88618924821979783,-0.15597590492484054,0.89301018334049875,-0.40515593985985188,-0.19591191093562263,0.11042046471402885,-0.22476049638650505,0.96813740772497181,13.69522168639031,0.80647262624784233,-3.5145534765615807,,0.5845406508091582,0.2833333333333333,False,3
-0.80510462218668466,0.59258298618695926,0.025533347124513453,-0.58966881784626735,-0.7950150036539293,-0.14227378263379109,-0.064009628911754199,-0.12960149862901918,0.9894979630902182,-6.4233865183964021,-17.831421777641648,-5.8692050428154481,0.2712609008896158,0.2836058133645937,0.9814814814814815,True,3
-0.82612129154755853,-0.5618427694661452,-0.043084963158885117,0.55916612128022203,-0.80792248922606158,-0.18599596827671583,0.069691179242587789,-0.17774688127045454,0.98160541244147659,-15.009375160345146,-10.196803491483422,-4.6736369887561082,0.3811477847772941,0.1599557588248036,0.2727272727272727,True,2
-0.50913216140613204,-0.84367087847658329,-0.17030528774078343,0.85378218051724208,-0.47004500018777423,-0.22386086310406977,0.10881374202344112,-0.25937838500735966,0.95962618916838149,-12.708505355615983,2.566974136773486,-2.6228651917414378,,0.2292280194399073,0.3333333333333333,False,1
0.90197262272729695,-0.43044379065825733,-0.034110569244605302,0.4297260301306004,0.90256989481923511,-0.026516485328728426,0.042201029355159583,0.0092589443104839266,0.99906623657874638,-10.67542297990923,-6.0600458562760533,-3.9412402216057569,,0.5625614885155646,0.3488372093023256,False,1
0.37087441063624249,0.86920311961236163,0.32701392690733883,-0.9214723564583821,0.38822048319718799,0.013173940533421621,-0.11550267450693917,-0.3062201712531043,0.94492768977285435,-1.3421242676413161,10.139882933600489,-1.6060041349872305,,0.3286191905871752,0.2195121951219512,False,1
0.014202062922997754,0.9865188845480154,0.16303003354863643,-0.99264292276571697,0.033517473202476958,-0.11634692464029733,-0.1202427930974035,-0.16017824265567263,0.97973700618475912,-3.1443378005618086,0.91166455534943769,-3.0070239444916456,,0.3794497977701558,0.5231560891938251,False,1
0.97831584060208798,-0.20448478284037569,-0.032925516150148479,0.20661870750261849,0.97458204794483339,0.086594119509356915,0.014381437236128017,-0.091519426409794588,0.99569943700528674,12.602616830772545,-13.634294822629329,-5.3552691935252135,,0.4197361602101873,0.2432432432432433,True,1
-0.6200177984654448,-0.78381036296871809,-0.034917681608432879,0.77807810185598092,-0.60854332141471268,-0.15578669190191452,0.1008583015832384,-0.12375920517034057,0.98717336984814819,-14.700815780388952,8.2370355317007267,-1.5974504981277575,,0.2813574642800806,0.1428571428571428,False,1
-0.48213996167528067,0.85143323831627604,0.20640372585304215,-0.87036101163601753,-0.43859327400708736,-0.22384737974716543,-0.10006381353759521,-0.28757152273130743,0.9525176389622978,-6.072600337046949,14.855094907774131,-0.74108652139846309,,0.1684232537038402,0.2571428571428571,False,1
