axis_00,axis_01,axis_02,axis_10,axis_11,axis_12,axis_20,axis_21,axis_22,location_x,location_y,location_z,dbh,dbh_approximation,score,reconstructed,number_clusters
-0.99927459376709649,-0.029881384879047776,0.023609089125048159,0.026533345352811856,-0.9909966216144539,-0.13123138928292621,0.02731790321369254,-0.13050976509996759,0.99107059959296484,-19.45274316416436,3.1987144144400022,-2.6535642753471254,0.3502445097492755,0.2891679751503054,0.875,True,3
-0.23442745756024153,0.96995627320275668,0.065027649630449852,-0.96584164177038778,-0.22479025017229881,-0.12891573391079028,-0.110425043192763,-0.093027799619762389,0.9895211661878599,9.1222873675561988,16.97211537510811,-1.4006223739435448,,0.2418152936465726,0.4375,True,5
-0.67997801077172304,-0.73319564491616607,0.007351948238240244,0.7274921302692573,-0.67587284340353759,-0.11811477446075297,0.091570220395214327,-0.074966964895106833,0.99297273321636981,15.620614210294438,-1.9038726910163468,-4.0675566314812457,,0.1989598084155411,0.9634146341463414,True,5
-0.99912842372990651,-0.036510040320350254,0.020233878787787478,0.032376033325933251,-0.98377931280823716,-0.17643711672046306,0.026347397614765178,-0.17562824558241952,0.98410392438632766,28.294898303133564,11.182526327245139,-2.606684964366214,,0.2465309839807686,0.3703703703703703,False,3
0.24021862685887099,0.92930735315013524,0.28050464290476063,-0.96249232378218719,0.26556233365301074,-0.055544339091676276,-0.12610923031405202,-0.25664078071470986,0.95824421297691165,-8.4742248335346275,7.2256334985463893,-2.2973154206775743,,0.4708031148257151,0.28,False,7
0.67228245523078511,0.73921743894400027,0.039923406041326367,-0.73419283898683707,0.67268077959638928,-0.091986107331715639,-0.094853442580201397,0.032529167260582692,0.99495963622049399,18.005282038097743,-0.39231714068288048,-3.8456083354312653,,0.232667007428338,0.8732394366197183,True,5
-0.60442163064143783,-0.79665818743041072,0.0031976261252769297,0.79041329923891746,-0.60017583109017592,-0.12262050465344447,0.099605766896269071,-0.071587039157298277,0.99244848079167169,12.2745888847108,6.3833915896977746,-2.8290219814987783,,0.2123262393616376,0.9662921348314607,True,4
-0.74412908189700655,0.66642808610584447,0.046319709891366724,-0.66611727142626564,-0.73495497351119687,-0.12699987251483147,-0.050593380819489595,-0.12535865730159176,0.99082062799317894,3.7796222138385178,-18.112110059968586,-6.0723382797078385,0.1733137815603431,0.1800723359707377,0.9384615384615385,True,4
-0.99582314202553168,-0.088350275489645011,0.023032555813487163,0.082549876220559787,-0.97901623357019529,-0.1863135323641287,0.03901009795383515,-0.18363399256927579,0.98222032611359644,-13.268793018566285,-22.972276461111448,-6.9843798186786987,,0.1217526035345039,0.4,False,1
-0.92835969661532836,0.36978613751530581,0.037503149225180166,-0.37156463870266798,-0.92078108574434159,-0.11875146904871017,-0.0093804566013974966,-0.12417892187075148,0.99221550199387987,7.2043643883017392,-4.5293761528340806,-4.1995510685666675,,0.1659919798935057,0.9298245614035088,True,5
-0.96609518618894652,-0.25770536043925579,0.015749235645548879,0.25247516669492298,-0.95572519171027615,-0.15114776919533968,0.054003531596706907,-0.14204684132788797,0.98838571086588189,9.1629776900732853,13.038782238502064,-1.8967544610198657,,0.2339612637209606,0.9710144927536232,True,5
-0.9970485631808278,-0.071836113309822661,0.027087552188909084,0.067392154400791174,-0.9879382323325413,-0.13941429848073258,0.03677580977039762,-0.13717733748762295,0.9898635854982949,-12.262160774617602,-7.2301142468764796,-4.3058968333567291,,0.351530071268172,1.0,True,5
-0.779301758092383,0.62486718036235744,0.047220511857866729,-0.62518895578417111,-0.77013510616593295,-0.12661235254226044,-0.042749729819259147,-0.12819097143240987,0.99082770219831695,7.745272767588701,7.1464281943683003,-2.6330195053132135,,0.2256008422128875,0.9774436090225563,True,5
0.33723757315219055,-0.92383506154685002,-0.18110659378153615,0.93835472090307581,0.3453715094104351,-0.014454696346513807,0.075902812947434298,-0.16506756054502988,0.9833572410077539,18.243364852902104,-7.7975453418632492,-4.8506653747219355,,0.3203711548731863,0.4745762711864407,False,5
0.54958042819006481,-0.83536686929146298,0.011115153647417976,0.83253643181514658,0.54651293234222253,-0.090590863133153884,0.069602030508669421,0.05904073570752473,0.99582616398455082,11.541429007983057,0.51526435505233992,-3.5865515218680803,,0.2236616860992165,0.8040540540540541,True,5
-0.96309323879458675,0.26660677000777416,0.037043806151323772,-0.2691679188457185,-0.95403704185731775,-0.13176476854001917,0.00021178389846836232,-0.13687276190010206,0.99058861400554188,8.7018522079967831,4.6544463412141495,-2.9623050103793709,,0.1595617320009776,0.7368421052631579,True,5
-0.88347536028724283,-0.46820334643536088,0.0160285417944293,0.46250191094909099,-0.87714274232579292,-0.12927719038417648,0.074587332260681996,-0.1067999811419319,0.99147894273873405,5.6492170244538196,-7.6744479146558264,-4.5892647857481199,,0.2505898633304312,0.9559585492227979,True,5
0.74882716711041397,0.64790401401564868,0.13956454571202104,-0.6582901033642411,0.75152310578144288,0.043210661755072155,-0.076889619651090452,-0.12423127665376667,0.98926971867680591,-6.1953219011049541,9.1053048862715045,-2.0790244789792673,,0.2148791334043298,0.2307692307692308,False,5
-0.74772224635750573,-0.66395750647043961,-0.0084777298637145546,0.65800687834165006,-0.73918695000500445,-0.14363008388696397,0.089097645070803116,-0.11297381353152428,0.98959513292001511,15.978414222617216,-4.3465796483029608,-4.3695368936364485,,0.1376463659984998,0.4705882352941176,True,5
-0.83274050185750692,0.51380602236584905,0.20626833966145247,-0.55278129995942293,-0.75053875500019329,-0.36211104879295047,-0.031242454789568302,-0.41556581743851928,0.90902638047274398,10.792572577861712,-2.3065458068278568,-3.936050212858921,,0.3160238537336433,0.1772151898734177,False,1
-0.40734276823097904,-0.91319399475238572,0.012190041759663178,0.90710944844374675,-0.40610497915426819,-0.11059473066196571,0.10594488054646231,-0.033992261682490366,0.99379082730306245,5.7227850351634038,5.8390422936919286,-2.7452452339852824,0.3354652866112703,0.2055670012088036,0.9211822660098522,True,5
-0.4521303653055283,-0.89193482839470406,0.0055131356957674564,0.88581450718304744,-0.44973460290623102,-0.11433042382861155,0.10445473485077054,-0.046808640711786496,0.99342748075638154,14.486389468816547,2.1651830375685144,-3.5000580139253925,,0.1673044263040983,0.8676470588235294,True,5
0.79073333631416209,0.6073986445797811,0.076208119017063009,-0.60552522149150523,0.79435756268269642,-0.048324618430664407,-0.089888803413647675,-0.007934051389469933,0.99592020455928676,11.299077338693305,7.9322025462782229,-2.6201406766109447,,0.1168455302563167,0.4358974358974359,True,5
-0.27940323377990767,-0.96015987557375504,0.0051813407068723449,0.954252543410267,-0.27827450556819094,-0.10938639287321943,0.10647026039399755,-0.025618604352488902,0.99398580008099924,-10.112234066841465,5.4448122556841296,-2.5292854115608243,,0.274493663564676,0.9340659340659341,True,5
-0.1550281728314771,-0.98497680820315381,-0.076072024624449106,0.98272124497072644,-0.14587421540402809,-0.1139283457417251,0.10111983144626226,-0.092419698020434871,0.99057224830200707,-22.017554202038074,0.074764616150864938,-3.1211044455784132,,0.2124437049686346,0.625,False,4
0.97846766493656501,0.20098100525193802,0.046985787228773966,-0.20197287874694303,0.97923717738183624,0.017363947820925707,-0.042520405974776285,-0.026479916185208348,0.99874462657606633,-5.998043053346116,3.8254436316741383,-2.8766556548379079,,0.305270522912304,0.2058823529411765,False,5
0.89799825034518632,-0.43984677922510129,0.011573814509005936,0.43965273372125141,0.89593762722048864,-0.063255370222224536,0.017453254951848008,0.061891670972961776,0.99793026056722045,19.247772583112528,1.1762372143383999,-3.6563748941821976,,0.2330506301382476,0.4594594594594595,True,2
-0.96806421642690155,0.24253953089735025,0.063452729065522434,-0.24982299486998419,-0.95443941893543383,-0.16319885666383632,0.020979611720933964,-0.17383892410586546,0.98455060020181517,10.893031441966615,-2.5727673082063234,-3.9783379148685167,,0.169078728986239,0.2407407407407407,True,5
-0.83717565766926871,-0.54666258621658015,0.017231803069541127,0.54092417265939297,-0.83222319697025127,-0.12167822260932872,0.080857638097947729,-0.092544947218171331,0.99242000942423925,-14.966052313149786,2.5136116365580299,-2.8782669108489181,0.3263849485119382,0.2645074977349496,1.0,True,5
-0.96861951564820503,0.2419256365616079,0.056993159937811719,-0.2484304757761093,-0.94942200477663385,-0.19204206714043937,0.0076506608271546921,-0.200174531896987,0.97973038340592955,24.087714794777241,8.7225074963645781,-2.805086148066525,,0.2388024624298674,0.6578947368421053,False,5
-0.26811734916609392,-0.96337912749163002,0.0037072617401598916,0.95745610181786589,-0.26689128596124206,-0.10975816402294664,0.10672816014473585,-0.025878527613017819,0.99395140808829252,6.5872095165837088,4.7830488159362208,-2.9043543672368526,,0.2228307917240079,0.9292929292929293,True,5
-0.99944902336117292,-0.010471580304790996,0.031495963365432596,0.0058973883770523572,-0.98985466087460372,-0.14196116072768716,0.032662983830730553,-0.14169719951623017,0.98937102905660734,5.5350090479826761,-16.889376175513522,-5.8939654738562552,,0.1477738785916264,0.9344262295081968,True,5
-0.0650899954131198,0.99624511631476675,0.057087307837179933,-0.99272118205203363,-0.058838163767530517,-0.10508437176706251,-0.10133087980636994,-0.063511720992602258,0.99282340529130619,8.8571699621959699,-8.4020302338696506,-4.7112950566252554,0.3052696247846908,0.170797599877457,0.9426229508196722,True,5
-0.69641723067138572,0.71432641730099478,0.068853542900299464,-0.71554691918708613,-0.68386789334326004,-0.14253880487825543,-0.054732506482602195,-0.14853442025394875,0.98739145162086361,-7.0844461502901197,13.280865354204529,-1.4563513569195081,,0.1025632784275581,0.2894736842105263,False,5
0.73442476643558852,0.6712796098309084,0.10001973740864546,-0.67638990948771727,0.73606673193769689,0.026503895520398724,-0.055829676599715841,-0.087117458410021054,0.99463239221882849,13.863597715399981,-9.6791775990544231,-5.0906425518423424,,0.2350545637944542,0.1153846153846154,False,2
-0.56820047283379382,-0.81782882873411566,-0.091127545576721952,0.81759375623189501,-0.54852681931012659,-0.17509648274062017,0.093213048668486786,-0.17399521656901998,0.98032494213348798,-6.6855416069409195,-21.272767235965674,-6.5198447015594834,,0.2465334883849069,0.5641025641025641,False,2
0.6946040915659647,-0.71915243350658753,0.018572381682885192,0.71749910767813818,0.69067361238235192,-0.090360343291671336,0.052155406823233955,0.076090331450627963,0.99573594642296481,-13.419533999722802,9.8596658684310778,-1.8031035786990126,,0.2838543142273695,1.0,True,5
-0.9345760294259805,-0.35576212420970876,0.00097785487950256475,0.3512910987784329,-0.92325827010132677,-0.15552726644722981,0.056233523288255483,-0.14500854342866223,0.98783111572337523,-21.87105605662342,-9.1751826680197635,-4.5458156163747647,,0.2530368178128609,0.5957446808510638,True,3
-0.44497953415782626,-0.89548706765214525,-0.0098043790444052939,0.88974923591611144,-0.44083225475627547,-0.11837744866820694,0.1016833878634046,-0.061398980726562274,0.99292026557944724,13.698603471335781,-1.482124409117499,-3.936910410304673,,0.1058052670553527,0.6176470588235294,True,5
-0.32704997761028926,0.93917179907558646,0.10485534781897074,-0.9415780120751569,-0.31440735725423025,-0.12074295375303812,-0.080431084300205388,-0.13821847027636683,0.98713043472114492,-7.4403846103512095,-2.3133498236388461,-3.7233317366959748,0.2130850727992342,0.1808030991362983,0.711340206185567,True,5
-0.93089100036161443,0.36299064966799383,0.040984554399942544,-0.36514834459417783,-0.92143578878383925,-0.13275079505764451,-0.010422662130451853,-0.1385419626030793,0.99030171801941391,7.5275810073818681,-16.688912722161614,-5.922600179340809,,0.1932813898224294,0.9295774647887324,True,5
-0.827427481978807,-0.56109714657008236,0.023103120506179197,0.55549123790193367,-0.82381230272483164,-0.11297245015218754,0.082421154325748022,-0.0806429289530258,0.99332948779822794,-28.877576681331881,-21.990972172170082,-6.6142525578851599,0.3406281355225108,0.3181854488355368,1.0,True,1
-0.998502482933042,-0.04512762936272742,0.030923917032755755,0.038485216548778123,-0.98118350534162424,-0.18920311031459036,0.038880325149644936,-0.18772966178423087,0.98145091288491604,-8.0199229173820257,10.739145364604788,-1.7848402658965112,,0.1426215480888021,0.3409090909090909,False,5
-0.80196009328307682,-0.59733463635824735,-0.0071652626023301982,0.59144634969557219,-0.79225441620092263,-0.15008049654075425,0.083971567885701176,-0.1245964374165521,0.9886478157412385,-8.8533027273031557,-12.363917867609906,-5.1968809321240439,,0.147625354962962,0.4318181818181818,True,4
-0.99326380349797116,-0.11582986855774227,0.0032339156823563385,0.10816460494989019,-0.93682058554176328,-0.3326674146068751,0.04156242169049601,-0.33007670632003788,0.94303866996435393,20.349794756404151,-7.4982735475028157,-4.86266308947721,,0.131363203966998,0.1363636363636364,False,1
-0.91812725052337818,-0.39573985317064492,0.020792317303726139,0.39033086584773058,-0.9121468401111138,-0.12501982739498155,0.068440974663890791,-0.10666822717091751,0.99193634992335622,9.5411267623911566,-6.1580949643522933,-4.4310071750362612,0.1480362147025575,0.1944141149148332,0.9166666666666666,True,5
-0.010137726115322427,0.99110750870831732,0.13267679786309505,-0.99474750109099608,0.0035194820812629677,-0.10229869167833827,-0.10185595506611658,-0.1330169892452597,0.98586603805471307,-26.924765265352285,-9.0772067157304832,-4.4475090510582218,,0.2230752408662186,0.2666666666666667,False,1
-0.76596548117282537,0.64057348209264808,0.054428813062400494,-0.64148746478685481,-0.75598724923040217,-0.13029624523516903,-0.042316830847969909,-0.13471782747932565,0.98997999615458654,15.769154407362636,3.6318572279031192,-3.28809466760804,,0.2028674454228967,0.8625,True,5
-0.71696497777492096,-0.69709871834820636,-0.0038206702936674983,0.69064572241799393,-0.70956213714083605,-0.13974998977407663,0.094708535781798664,-0.10283457790750739,0.99017944981536088,-8.1074715211406509,-14.173563407847036,-5.4861169310263094,0.1059165175022178,0.1049062313935804,0.3720930232558139,True,5
-0.91077289485752833,-0.41277922994971245,0.01029763637735966,0.40686949815523243,-0.9014245008725672,-0.14795634727024279,0.070355848824011677,-0.13056483657082343,0.98894028029375347,-6.6740592901368201,-14.415260442399525,-5.4883964266044218,0.3115583069194299,0.2839981591419363,1.0,True,5
-0.47420339758772462,-0.88031890732589957,-0.013029164240000959,0.87465611658428977,-0.46935988826265684,-0.12115268470717541,0.10053763194917721,-0.068847052911515091,0.9925483705429432,14.375549278190055,-5.5396574040926856,-4.4944295273751829,,0.1273743972364366,0.45,False,5
-0.7520018652279914,0.65700673965605227,0.053247898927059084,-0.65772029396668752,-0.74256799791651229,-0.12647839093946889,-0.043556969568556994,-0.13013420963292943,0.99053918543650632,4.2274997946605266,-19.280091019343413,-6.2844451127684051,,0.1418053309056367,0.631578947368421,False,5
-0.075054367096995714,-0.99573378645225674,-0.053675585670973462,0.9934697517986647,-0.070028044647081664,-0.090077329134510692,0.085934243702787266,-0.060085767702168433,0.99448730825429466,-11.096511569112804,-11.962203162794443,-5.0562338547594834,,0.2188897659268497,0.6621621621621622,False,3
-0.99849158445517805,0.043067290531529141,0.03405531175104181,-0.04808376860405969,-0.98533417048662642,-0.16372087120542395,0.026504848028597171,-0.16511141982826216,0.98591871473934223,6.2870914060710099,-13.009517348469942,-5.330063370459019,,0.1092092964826359,0.4857142857142857,True,5
-0.64949208565829952,-0.76036804117464862,-0.00068747906099184825,0.75406876884888197,-0.64399469615203631,-0.12903923114610324,0.097674574552250967,-0.084328365857957555,0.99163925103727257,5.6977947324395046,2.8354286050483934,-3.1670781645408463,,0.1806173668837691,0.9217081850533808,False,5
-0.88434656518988575,-0.46683095360495741,-0.00011572872518356148,0.46283844402450863,-0.87675090239058828,-0.13072272140014943,0.060923947424829705,-0.11565775336558938,0.99141896124524553,-16.903821214392337,8.1380581782172552,-2.0281061566827732,0.396972464493948,0.2320063325748349,1.0,True,5
-0.11201508252312084,-0.98149336390606401,-0.15531708822823603,0.98937801478693543,-0.095583669204336474,-0.10952125838255923,0.092648611126134803,-0.16593534520949788,0.98177476850171908,-4.4252593751045062,13.855326044680192,-1.4662943030581961,,0.3095929704763881,0.2727272727272727,False,5
-0.99947137200702774,-0.0016835642856443799,0.032467555338915634,-0.0023223036814300976,-0.9924102387571887,-0.12294927781614104,0.032428127358832513,-0.12295968290946231,0.99188171317693119,-10.176173077827638,-11.354275334237668,-5.0007684798814722,0.2664444046162222,0.1280883962419763,0.7792207792207793,True,5
-0.39536863227382529,0.89846088770279819,0.19092322509905421,-0.9135209326793049,-0.36296528694497759,-0.18367282332909965,-0.095724344712603354,-0.24703083560812703,0.96426791717244908,9.8175589711353233,-10.468846408425646,-5.0832017643956071,,0.2259349769964277,0.12,False,4
-0.51381806678779918,0.85425329220937363,0.079008271667555308,-0.85461155887321305,-0.50161893634373689,-0.13422937883218261,-0.075033843582375123,-0.13649086215136705,0.98779560986391901,-23.878623855010211,2.8501010568159861,-2.6843973016592391,,0.1330892093284385,0.6666666666666666,False,3
-0.93962526361272747,-0.34202355216400482,0.01114691642691347,0.33702084335876115,-0.93054766117290577,-0.14317123114433414,0.059340670054033103,-0.13077056263070572,0.98963515743267094,-9.5539630657086576,-1.9096798857072126,-3.5898660159667992,,0.124420076269837,0.7338709677419355,True,5
-0.99266696006319366,0.11699715215306292,0.030396920682351201,-0.11987229510839462,-0.98517337544635297,-0.12273570457321657,0.015586509049240985,-0.12547942739633053,0.99197377688926125,-15.215207303856017,-10.627982592424816,-4.7919257425334267,0.3213476521201317,0.2698686649528361,0.9387755102040817,True,5
-0.9781068929272051,0.20526202067811081,0.034269649479229856,-0.20799006071885426,-0.96965671003292442,-0.12847567602583007,0.0068586186989633459,-0.13279069077034564,0.99112037200043379,13.213424139687996,6.5999546262334245,-2.8051166739110633,,0.1794388184471405,0.7605633802816901,True,5
-0.80578310080249116,-0.59220274751076207,0.0030822559642603546,0.58614906226898245,-0.79826729164252241,-0.13855904118788742,0.084515509004662828,-0.10984187240947171,0.99034937865546546,6.6493125167638425,3.8291435413205379,-3.0412462817547272,,0.1873827715514375,0.7829457364341085,True,5
-0.95498177882625401,0.29312853782022719,0.04566686353603696,-0.29666099392577638,-0.94284423427319197,-0.15177946033890216,-0.0014341522979924477,-0.15849419614980725,0.98735886738004863,7.1251449442756707,8.66326153722353,-2.4264767727593832,0.1934418721100866,0.1854053969309308,0.6231884057971014,True,5
-0.85937640332490206,0.50111760589141097,0.10175137578439368,-0.51103138939673987,-0.83472471864898878,-0.2051379124579476,-0.017863831044712997,-0.22828882833381803,0.97342955286881427,-5.1569270077026479,11.887350134448059,-1.6986683588240468,,0.2719481571453061,0.2786885245901639,True,6
0.99163901493906992,-0.12894065980652533,-0.005135201975522561,0.12788213755938876,0.97661531000353252,0.17282562066992879,-0.017269132691397168,-0.17203732884279055,0.9849390511806938,11.428205842061789,-10.2894954435338,-5.0567199003968177,,0.3651545899682741,0.1836734693877551,False,1
-0.835215970200615,-0.5497717606819017,0.012856682253445589,0.54393004493472397,-0.82933139965317659,-0.12786530321635828,0.080959183167528745,-0.099802007525018444,0.99170820807071181,-6.2267557810197696,-8.4674392747852014,-4.5957831081552829,0.3156798604334382,0.2559583557397327,0.9719626168224299,True,5
-0.34447293456560818,0.93728261649157563,0.053288780943678976,-0.93475617102270592,-0.3371770733168919,-0.11199340143251316,-0.087001713125242713,-0.088390712476823133,0.99227908567152223,9.944472701682912,6.0828498477533897,-2.8247599491905229,,0.1292172267050954,0.4722222222222222,True,4
0.60114909600943567,0.7976093667345473,0.049386865301949606,-0.79276915598366415,0.60300516889596789,-0.088892247163037202,-0.10068182401996545,0.014285110502201642,0.99481611664164016,-23.16533347932257,-6.1255858507184691,-4.0765976850580357,0.2610353918526801,0.2581033904778723,0.625,True,2
-0.66819565068804587,0.73839742557719024,0.091015461887277091,-0.74227050395760918,-0.65334604375891259,-0.14890750840401451,-0.050488328909695665,-0.16705744223336011,0.98465361403813068,-4.8813941439219368,3.5967720249846433,-2.8976375843717652,,0.1123257820507025,0.2641509433962264,False,5
-0.82422687175898979,-0.56620569654703456,0.007821321376751518,0.56014807449310011,-0.81727705261248307,-0.13524922888773105,0.082971070332153507,-0.10709495072477106,0.99078073912303977,7.848193044838367,-9.5538904738085453,-4.9090181139012543,0.2134198032575743,0.2263899860015703,0.9622641509433962,True,5
-0.94337722389171974,0.32915058911305456,0.041222604586362802,-0.33168035160168646,-0.93398095845639018,-0.13291995185925662,-0.0052495527177132476,-0.1390663831679485,0.99026914688323597,14.870294450259756,0.69114281194220073,-3.7136495868789421,,0.1773940338102964,0.925,True,4
0.960714899869761,-0.27292471559712667,0.050388300075131287,0.27378242297131583,0.96173042105112394,-0.010852746047989886,-0.045497978418710922,0.024221825716781782,0.99867073508677306,-24.705995981402388,-17.396960997807764,-5.9072145664383306,,0.3287607806922432,0.9859154929577465,False,2
-0.81748419369135283,-0.57551317742981623,0.022453856449151072,0.56983703612395076,-0.81385677788255506,-0.11367892221559822,0.083697940991839248,-0.080135683058583318,0.99326377512444508,9.7364693213631721,-7.3715320575506427,-4.5931178226584759,0.1630983047065698,0.1940647749554772,0.9880952380952381,True,5
-0.86239039851569865,-0.50602332739657763,0.014939634481110058,0.50012045753394452,-0.85616422255361502,-0.12985511917210135,0.078500500023700653,-0.10451419114004946,0.99142042310332146,6.7582123046624565,10.397346748486509,-2.2064998341572877,,0.2042366450440513,0.9285714285714286,True,5
0.96143161763263907,0.27066853077793129,0.048865029037173054,-0.27299537922088962,0.96073329162578092,0.049649423822794386,-0.033507723592186026,-0.061074452993120573,0.99757062088418669,-4.9149924599190129,6.6048266978590648,-2.4693701240109949,,0.2416389032153729,0.28,False,4
-0.99729255229766012,-0.072970187110065768,-0.0091058730905178888,0.070449413905729258,-0.91257706068574174,-0.40279025359423876,0.021081869270960223,-0.40234122346994722,0.91524701293407584,-10.359706368558189,-2.5013056956366588,-3.6478080103622146,,0.5558364792244899,0.358974358974359,False,4
-0.4551815285076829,-0.8903916679162085,0.0035289957215642043,0.8842741325505229,-0.45251111565061031,-0.11529505069456022,0.10425466228150448,-0.049359577774060026,0.99332502106537979,18.389609960923195,-3.7497057536883429,-4.2934014524426845,,0.2035760407125307,0.9803921568627451,True,5
-0.24140926804655363,-0.97042034525792509,0.0024328606037182371,0.96484190210116461,-0.24028852027668079,-0.10649662423311899,0.10393107933161369,-0.023361946253107647,0.99431008755630845,4.6260905962584769,-16.162784212800162,-5.7908650869849998,0.2335333286848583,0.2390764892885586,0.7792207792207793,True,5
-0.99865291804121903,-0.041630767350790999,0.030971414199917606,0.036789177150371402,-0.98901559646444948,-0.14315972336753197,0.036591060825796329,-0.14182746264336119,0.98921487307247336,-5.2611050291236197,14.228018545126817,-1.3868160095167532,0.2990949492839969,0.2095419328231543,0.6710526315789473,True,5
-0.86192773268844691,-0.50680357756029815,0.015189384274427127,0.5009922506719493,-0.85588949212178522,-0.12829630564504799,0.078021461080961835,-0.10297238002297386,0.99161955434692628,7.3607061012521102,-12.302921866850479,-5.2542020674475536,,0.1735871004660863,0.8571428571428571,True,5
0.90675664700402336,0.4027423621714678,0.12486381712316823,-0.41057769385446485,0.91076474648312822,0.043971966895660797,-0.096012188930213932,-0.091138171344777322,0.9911990180083714,10.335141358525746,-3.4560278644227962,-4.103871713312528,,0.1861537822594751,0.171875,False,2
-0.91867265874833359,-0.39430214795304364,0.023798365235538355,0.38916905806261864,-0.91375272611021496,-0.1166336133917011,0.067734705394812314,-0.097886524331834673,0.99288984184516238,9.9971172858554453,0.63934544801822957,-3.5673318193427628,,0.1181796156333633,0.7446808510638298,True,5
-0.99794473462278188,0.044333850172787098,0.046268956844968206,-0.059205340752380105,-0.91413918374873726,-0.40105396190735454,0.024516000184761487,-0.40296905894131402,0.9148851858407655,-22.315104123087906,6.7983939744076434,-2.1616965972104523,,0.097725718216351,0.2,False,1
-0.69294171205521204,-0.72099047556594298,-0.0021255204512802203,0.71489039516098452,-0.6866901991967771,-0.13186467773313609,0.093613602647077077,-0.092894049703346526,0.99126544826759166,-6.8805679010053717,3.2713516942161265,-2.9518154195683315,,0.3127382455027218,0.9635416666666666,False,5
-0.72792227938518317,-0.68562015441582591,0.0073592821319383613,0.67938262828478369,-0.72266580883888365,-0.12725318510787867,0.092565649997920274,-0.087630660125666227,0.99184296531578087,7.4017736049861416,-11.142448181000638,-5.0768819035200252,0.2283517220993864,0.1914671163142996,0.9526627218934911,True,5
-0.15815181054012065,-0.98741116066564294,-0.002684141540552909,0.98161478710153871,-0.15692805138021354,-0.1086554022292954,0.10686633972623319,-0.019818841614408379,0.9940758517088023,15.354182574561834,-3.9568761900334177,-4.3374503762935745,,0.1732967113383097,0.8615384615384616,True,5
-0.60363096377544023,-0.79632308491386017,-0.038719555844655425,0.79409584536428712,-0.59619773950823507,-0.1181526291728192,0.071003154484236275,-0.10206762385078239,0.99224026939786314,-8.1196800875216599,9.8444430405595948,-1.9142991199341024,,0.2842922231337779,0.8851351351351351,True,6
0.90063211748709471,-0.43443172548568504,0.011439617224429585,0.43420552050133199,0.89844351593245741,-0.06530554834843981,0.018092952132763549,0.063783419243980677,0.99779973968360369,23.337193403919159,7.0642268066545739,-2.9841524154415544,,0.1625951837521218,0.3333333333333333,True,5
-0.98447947550524739,-0.17412800964732061,0.021899738929423956,0.16941404143079467,-0.97548909399116723,-0.140427597253453,0.045815334496206131,-0.13453796401222845,0.98984872145416569,-17.986352616150072,-3.1069132225951122,-3.6922777501652466,0.3711434804107721,0.2933482917539427,0.9772727272727273,True,4
0.50562376902677342,0.86096776336842795,0.055489770548507913,-0.85627550676881292,0.50865512747585573,-0.089789853548897763,-0.10553132569513053,-0.0021146472251530879,0.99441373057904892,10.004196416449627,8.2909190327788735,-2.5503394941552497,,0.1318533949030348,0.303030303030303,True,4
-0.52576793014148115,0.8372434491774785,0.15030465875727411,-0.84859707930654771,-0.50405629856304712,-0.16065567176827586,-0.05874589881122267,-0.21201569443868587,0.97549898241081856,-21.155451862211208,7.4168224352104142,-2.0498997419958291,,0.140068179355522,0.2352941176470588,False,3
-0.61341639714030094,-0.7896755937541603,0.011523035556142903,0.78362134633635094,-0.61039949303434515,-0.11554239252075559,0.098274662479290231,-0.06184590150066599,0.99323570977998621,16.533573366299755,-2.9427814846522309,-4.1960231990541637,,0.2248485616772609,0.9516129032258065,True,4
0.45665974262650749,-0.88947763381480349,-0.01707098144544926,0.88630053699295064,0.45652247205387469,-0.077836949039817027,0.077027511905162202,0.020414981093257015,0.99681993908461863,3.7422545043972297,-26.727557078341547,-7.3230956279434203,,0.1176824998416525,0.3333333333333333,False,1
0.58816858389602811,-0.77479389461275605,-0.23184507281488681,0.80311057034755617,0.5933215778813784,0.054616087523520249,0.095242473265692212,-0.21832069551728472,0.97121827886170131,-7.1317248204327885,7.2037291415345743,-2.3394193145664519,,0.4013134727779535,0.3043478260869565,False,4
-0.13958007756887592,0.98323306552897316,0.11734624321368547,-0.98488507894242139,-0.12557677945662551,-0.11929733332259933,-0.10256111944810251,-0.1322240950500356,0.98589959197970689,-6.3662817123881243,16.506175021957251,-1.0624940364264106,,0.1508317975519808,0.1904761904761905,False,4
-0.75821169962708235,0.6487440231932361,0.065162956652262391,-0.65055111671636667,-0.74605091334679507,-0.14209602117406669,-0.043569061129417358,-0.15013069994330455,0.98770567976843926,-27.383327883677762,4.2935095815891957,-2.4731867086991213,,0.2363622876282513,0.6666666666666666,False,1
-0.98626098324448164,-0.16365887933371251,0.022473187243072158,0.15917023274782713,-0.97786262494561738,-0.13582902392887056,0.044205315705595868,-0.13038580424916082,0.99047737587169016,9.3872214156881189,12.209099059303705,-2.0150230166426342,,0.2764239512355168,0.9908256880733946,True,3
-0.20793179098001233,0.93430970157463789,0.28953367998102991,-0.97041990812985857,-0.15992135005716432,-0.18086006662923973,-0.12267669788954871,-0.31857580469867275,0.93992546750022266,-6.8623276024598088,-20.129203286406835,-6.3577017646985805,,0.2664161345251399,0.2222222222222222,False,2
0.78310026449813652,-0.62171455047714963,-0.014999782263220691,0.62065432795373854,0.78283310013807639,-0.044278013962931961,0.039270611597498416,0.025364444665792553,0.99890663428147997,-15.958678404910327,12.611141259416218,-1.4278848378164242,0.391365325033354,0.2065861065870803,0.3157894736842105,True,3
-0.92042443473023772,-0.38348428739475132,-0.075885843692095417,0.38500278609815441,-0.85559852428687622,-0.34601158930703091,0.067762191878510694,-0.34769378274490126,0.93515630714461884,-9.267336262706797,-14.391182140751328,-5.5072439505255062,,0.2739412592669105,0.1923076923076923,False,1
-0.75752813446144418,-0.65279540036939809,-0.0030480741332471958,0.64661909347258528,-0.74970342067002116,-0.14081380966496773,0.089637455653631584,-0.10864136547478943,0.99003140366945797,8.4431071341723687,18.482257426531412,-1.1801321878598963,,0.165000747907504,0.6060606060606061,False,1
0.75100517871221828,-0.66013578074664891,0.014559276267797166,0.65873657859926815,0.74753435870176221,-0.085196846043006647,0.045357927231742722,0.073574000423775751,0.99625776027034441,19.584762303668533,-2.6248192870142812,-4.1875122613276945,0.1515769256384392,0.1497606481406548,0.5789473684210527,True,2
0.41110276435308191,0.91010037283637402,0.052075219676431972,-0.90606342940420315,0.41422386204416445,-0.08641558892649473,-0.10021765831204754,-0.011657764636123627,0.99489723966153432,10.341839893413177,14.081197037354668,-1.8020131038651519,0.1301554871565552,0.1031218698523079,0.5333333333333333,True,3
-0.75262010392979883,-0.65845469939970858,-0.00062289576769572474,0.65251046854261141,-0.74569829433415447,-0.13477441251748667,0.088278352969455409,-0.10184037836522081,0.99087611220143368,22.784722465257051,4.4051163743695305,-3.3321132615212852,,0.2868529890177043,1.0,True,3
0.96985111324471729,0.22709710970863276,0.088406565932440687,-0.23760840989623042,0.96179067599621715,0.13601815729278122,-0.054139280421581483,-0.15292350482749256,0.98675394095321889,-7.8519695775098217,13.134560681634522,-1.4901334279075216,,0.1669472964882268,0.44,False,1
-0.39228686526808665,0.87761605079191973,0.27550151130353739,-0.91617445267783237,-0.34606306924537306,-0.20215025195370595,-0.082069407202761943,-0.33170833498250718,0.9398054016148879,11.218122556257439,-12.280254177562695,-5.3266206357178412,,0.1069569643354358,0.4545454545454545,False,1
-0.93499778954737078,0.35292801625385889,0.034942078997193211,-0.3545330585017375,-0.92756466592743791,-0.11802584866173817,-0.0092435908030237719,-0.12274202974546199,0.99239556133783169,6.8169254672269606,15.228749595026411,-1.5848295925457447,,0.1758396097676449,0.9423076923076923,True,3
-0.99107638992692526,-0.132352497909695,-0.015824210137575973,0.126360177556508,-0.89507651698067681,-0.42763434646626364,0.042434595052878082,-0.42581785430722002,0.90381328829349172,-21.327057388552475,1.6759372061868689,-2.8830700702211587,,0.4571959574268784,0.1842105263157895,False,2
0.47210167016647181,-0.88122156910440652,-0.023844478840954933,0.87833870580776041,0.47251747978253439,-0.072445491094421388,0.075107462385421278,0.013258108655881687,0.99708730392523437,-9.6836082716821856,17.90637452465187,-0.81596938615222925,,0.2026779396973153,0.3478260869565217,False,2
-0.84882064093198928,-0.52866635571837517,0.0039247750585517868,0.52304233953386237,-0.84082584539744287,-0.13942241127817256,0.077007990382501529,-0.11629179697265277,0.990225220530219,20.66536663104057,-1.6847949837592173,-4.0895824054389225,,0.1585811471637853,0.5666666666666667,True,3
-0.99263257230233548,-0.11972724976538174,-0.018600055593109354,0.11361312418349993,-0.86640051155790709,-0.48625323812336924,0.042102665209146857,-0.48478401297466006,0.87361995532752801,14.628460944425788,-10.132337705662676,-5.1451695373822304,,0.1104624361584464,0.5555555555555556,False,1
-0.88851820743308541,0.45231093596511351,0.077137619008236513,-0.45841222525195385,-0.86778412222653301,-0.19185658433079028,-0.019840030228022259,-0.20582889597403148,0.97838685538117443,15.927162416278438,-7.7750555257738716,-4.7749059687146387,,0.1586884074976829,0.1363636363636364,False,1
-0.50542337650320313,0.82448624595200681,0.25449880298356636,-0.86286989450035578,-0.4823710643987798,-0.15090958019864928,-0.0016600147727793106,-0.29587258485157908,0.95522597215747818,11.910071030742879,-9.649040311037913,-5.0206428359105102,,0.3075651708588508,0.7746478873239436,False,2
0.11409299167666082,0.99207483079863323,0.052633823214098166,-0.98822999739469486,0.11876611145703662,-0.096416196868868889,-0.10190319670918635,-0.041013910630885893,0.99394848842141281,12.726544248602073,8.4601401608849596,-2.5482756701678548,,0.2028029502250451,0.967741935483871,True,3
-0.99970305043108831,-0.00072342385212661705,0.024357496109144949,-0.0028522539600790171,-0.98921473237950952,-0.14644479468619698,0.024200735652538548,-0.14647078173228048,0.98891892210262144,7.6398548835060103,19.139585556950038,-1.1073830438823786,,0.2027327869167845,0.8936170212765957,True,3
-0.21867134619672557,-0.97572897309057605,-0.011653901669461911,0.9700848494828378,-0.21608489598166647,-0.11064674659677962,0.10544300430266276,-0.03550054647751355,0.99379146909370608,18.062226374054287,4.4063090967199718,-3.2086782288729805,,0.2029305408027929,0.4375,True,3
-0.14317084805242322,0.98775593160366582,0.061970378808948817,-0.98495552510888906,-0.13608274024414729,-0.10650869150034936,-0.096771492834525435,-0.076287006688023865,0.99237874361816081,8.7706440330193942,-16.481011738095038,-5.9167045740547461,,0.1727349943173467,0.5357142857142857,False,1
-0.97113302939320678,-0.23786469147494749,0.017917247866247418,0.23242782049923794,-0.96047461355194308,-0.15318558998880857,0.053646504821344101,-0.14459911919432089,0.98803499292721431,12.000227841678171,20.473146794501677,-1.0600483023203393,,0.1994609353477417,0.90625,False,1
-0.91722164195322464,-0.39794805171711389,-0.018488041193800413,0.38717559552303149,-0.87954270641185084,-0.27658576577456495,0.093805744834825094,-0.2608485685839006,0.96081137925386484,16.734044804477811,-9.4593993815109805,-5.0362017265740988,,0.1658437371866967,0.2857142857142857,False,2
0.49509001328174085,-0.86162999609014113,-0.11171225799521431,0.86570731031625281,0.50012096270616546,-0.02073343982212196,0.073734195687516241,-0.086445199401481793,0.99352428047167207,13.063360820709196,-10.76920422209251,-5.2074577237144979,,0.1403417896651615,0.3157894736842105,False,1
0.83010525689507797,-0.55741564366313712,0.014596666563525006,0.55668474334348261,0.82694398013592552,-0.079156492125122657,0.032052441463282969,0.073833961810024495,0.99675532959682678,-4.2761831958067047,22.184252833498075,-0.40491161101034229,,0.300599714742634,0.9285714285714286,False,2
-0.87883263662825251,-0.47701793804164649,0.010348119806535869,0.4711885764738683,-0.8710966518727481,-0.13846280546276066,0.075063454473959179,-0.11680971655896008,0.99031357050171342,-16.013801317657403,-19.20984911189997,-6.3198695303900658,0.3502543989053206,0.318048165473212,1.0,True,2
-0.24656561339954641,0.95678846839942577,0.15414676456801268,-0.9648722439978904,-0.22747165195114061,-0.13144656831235371,-0.090702541592727989,-0.18114213837895382,0.97926532393020005,24.405025096589451,6.6368181405738671,-3.0615370146338674,,0.212817666210363,0.3214285714285715,False,2
-0.93262646280087369,0.35820932958449253,0.043519617210620379,-0.36083116227287698,-0.92479881947763309,-0.1206151558701497,-0.002958583501475192,-0.12819212023913262,0.99174494054280948,12.956915923055284,0.84640886737072352,-3.5881908312884567,,0.1692751437714728,0.8461538461538461,False,2
0.57053751041976331,-0.82025121658590927,-0.040925430887825937,0.81856833311897026,0.57199290552876658,-0.052630789843875633,0.066579525522860616,-0.0034724219350727031,0.99777507939768484,19.875964823402828,-3.9404424259587301,-4.371764215794431,,0.1801377145120193,0.3448275862068966,False,1
-0.97189143356921459,-0.23450879661646415,-0.020800616920536353,0.22930529803926852,-0.92288712999919087,-0.30935162125480908,0.053349054779811077,-0.30542588232066131,0.95072020529846024,18.881128808591445,-8.7702657083489175,-4.9673316063168071,,0.2555099935710424,0.2285714285714286,False,1
-0.96601659745911694,-0.25792868280911119,0.016873885677779282,0.25244141681205701,-0.95546436362205511,-0.15284364862898855,0.055545157407564327,-0.14338983378418912,0.98810631566441831,8.8396701403410489,21.109173391391245,-0.89535370317984686,0.2072552031811479,0.2386085982919861,0.9574468085106383,True,1
0.46907546034459985,0.87839116867533396,0.091636058927048958,-0.87695963796094045,0.47554076788428057,-0.069302030759885891,-0.10445097361880823,-0.047853243079323149,0.99337810587755226,16.711717961253949,11.780407951783889,-2.2281441940463895,,0.1225380402072173,0.25,False,1
0.33239348295981491,-0.94298400596266296,-0.017197005101242301,0.93918698251034505,0.33261284546218262,-0.085419593283177303,0.086269255062023764,0.012241712795155322,0.99619664529594021,14.622003395287731,9.2367001189435669,-2.4938856417778341,,0.1044642380101836,0.2666666666666667,False,1
