axis_00,axis_01,axis_02,axis_10,axis_11,axis_12,axis_20,axis_21,axis_22,location_x,location_y,location_z,dbh,dbh_approximation,score,reconstructed,number_clusters
-0.73251086535623289,0.65259155126320312,0.19378364057615521,-0.67146213769452989,-0.64574488542848885,-0.36352735878560699,-0.11210008821474947,-0.39640611771620449,0.91120566287716398,1.0614450750992199,-13.673412239883774,-4.9204828994485448,,0.1288034884779273,0.3142857142857143,False,4
-0.59519511081564846,0.8033717157577619,-0.018348470824003128,-0.79401396021584036,-0.59146843337429589,-0.14038134955938752,-0.12363094694900227,-0.068985350924578331,0.98992747730038633,-0.87078011704322356,9.9504025017851738,-2.375833423773769,,0.1541607665601774,0.5930232558139535,False,5
-0.94969809527356042,0.31171318414742599,-0.030139984446657029,-0.30354098653552514,-0.93991216254232413,-0.15629458147374156,-0.077048019616418703,-0.13928394571408698,0.98725051792313767,-17.836164785714661,-8.2326772493352092,-4.2873519450155193,0.2135914304812461,0.2199750192961984,0.7346938775510204,True,4
-0.58678090112633252,0.80974108016439916,0.0027490302946933231,-0.79943368658536562,-0.57876486688056628,-0.16104971163355575,-0.12881752530576165,-0.096698562341495348,0.98694246702388233,19.150506354485252,-7.3665093599622722,-4.7415599254076826,0.260395283820901,0.2241164397555865,0.5,True,5
0.27357054393262981,0.96182786874393589,0.0068050275461615326,-0.95533708733451606,0.27253283453618721,-0.11426680910428566,-0.11175959491519741,0.024758937924924326,0.99342679042656268,4.5956575774027861,-17.396338702758431,-5.3896504860675778,0.1894438848842162,0.2558997816540223,0.8571428571428571,True,2
0.59246946445934678,0.79382872432287854,0.13717102508608223,-0.80041096705511583,0.59934410710542474,-0.011354518743473332,-0.091226188680385345,-0.10306598720195335,0.99048229907502039,0.093825161663574755,9.2999503023288419,-2.4515139608557628,,0.2262859513049875,0.3225806451612903,False,4
-0.51827294332513429,0.85520239125914099,-0.0046932080446813558,-0.8456159646547351,-0.51326782435383189,-0.1465939316756569,-0.12777635359543432,-0.072007016795117687,0.98918562110158259,14.698715746768702,12.332841710356121,-2.4061158131658109,0.2508721813502347,0.2088796794708276,0.9545454545454546,True,5
0.69292008184246767,-0.70349765718587343,-0.157964573602491,0.71021399238485117,0.70373712095304497,-0.01871228509539373,0.1243295829647959,-0.099222532353835963,0.98726746318973435,-6.6620714378023749,-11.102238253177003,-4.5658582123678277,,0.3234827887625098,0.2432432432432433,False,5
0.56624900450811499,0.82381053364362156,0.026424790469930483,-0.82020023183176705,0.56635600199886993,-0.080699806090046747,-0.081447189004185835,0.024022565592944085,0.99638811300900643,20.802906513433662,15.956293630924295,-2.1544892584091797,0.19257466577679,0.1563875740812559,0.9142857142857143,True,5
0.1625807641636583,-0.97269138124568322,-0.16564713089675673,0.97769778885364178,0.18143176706349221,-0.10578065782986854,0.13294558584120791,-0.14475493342399426,0.98049552801364381,-3.4473655279760447,-13.486834284768717,-4.8688355640739953,,0.1877627324309623,0.3,False,2
-0.7074675088817125,-0.67340071796489531,-0.21452551578091553,0.70328104571266759,-0.64076386770686611,-0.30792440075874944,0.069896313336262297,-0.36871823779913815,0.92690957838200028,6.7569631322208634,-5.8772601130276989,-4.1989049125526359,,0.4281197942977716,0.1794871794871795,False,5
0.91135278164087119,0.41146013286180166,-0.011690443139396548,-0.4105803947328408,0.90664752233154688,-0.097025819816642989,-0.029323145405489415,0.093224617539658799,0.99521320521188472,4.3721233056329893,-21.384192486465437,-5.8386899662410006,0.1352119610247501,0.2125918740778171,0.7804878048780488,True,5
-0.27586712436181787,0.9611703021380098,0.0069985701588517017,-0.95210530012687611,-0.27225186368306187,-0.13919202632123182,-0.13188186822551615,-0.045061879776885153,0.9902406777265419,5.5698949277151533,-10.593513448812267,-4.6856749582024877,,0.2067736531756026,0.9611111111111111,True,5
-0.92329560747372119,0.38254266578649171,-0.034443142607757687,-0.37495999414106518,-0.91715285383330081,-0.13503942201877839,-0.083247967023022826,-0.11176650463532339,0.99024139704828407,13.452854518057672,-3.4924187580969419,-4.1180519124757025,0.26091089212795,0.2367592841054074,0.9867549668874173,True,5
0.8536830045948508,0.51994368472448416,-0.029730327630820522,-0.51975522318050316,0.84699048913624642,-0.11163162315996662,-0.032860852735358534,0.11075051253998694,0.99330483152435978,1.5499540483631555,-28.182933340109969,-6.6050752104162589,,0.2773285836249753,1.0,False,1
-0.25336926905868468,0.96734441307828245,0.0069856984548179787,-0.95889934481136463,-0.25019069229776236,-0.13385314343676258,-0.12773433374392387,-0.040612854785154487,0.99097655674046925,15.107845936449518,6.5725579053152545,-3.0740473881721191,0.2784520918252589,0.2590837586821303,0.8554216867469879,True,5
-0.095565420916400412,0.95935909483288062,0.26551342242249865,-0.98895052058725796,-0.061135720480769158,-0.13505292115126319,-0.11333189381309791,-0.2754860265834444,0.95460113712586958,-9.7622134383576267,-10.202290461150376,-4.3874452054209492,,0.4320885030107716,0.2763157894736842,False,6
-0.99434718141569933,-0.098809571080288386,-0.038863240646958688,0.10340937614331408,-0.98425472202714015,-0.14334972303052099,-0.024087003472922267,-0.14655821652232917,0.98890874474518076,-4.9189752745583375,-14.733986210223932,-4.9909438291167776,0.3621579574160181,0.2052159452621269,0.9191919191919192,True,5
-0.7007542932852544,0.71339978206096588,-0.0020423999731694273,-0.70445073087562937,-0.69241031092274929,-0.15593950460564293,-0.1126613874008115,-0.10783650719134037,0.9877644959734565,25.00303940952621,14.799785447948286,-2.4065251935202201,0.2937394048641601,0.2773134601518241,0.7105263157894737,True,4
0.63707582042211053,0.77075402308707941,-0.0085226127788500042,-0.76724687196798458,0.63303882153535729,-0.10292758563412716,-0.073936705964217905,0.072111624057495591,0.99465233985898449,-3.4619474352472066,-1.1806657263089524,-3.5879369310402498,0.367989592950576,0.3070405315532835,0.9919893190921228,True,5
-0.22210772211167437,0.97488227673615135,-0.016513821002472236,-0.96611114882557692,-0.22233084793148233,-0.13114206866216552,-0.13151961029932896,-0.013173479563367969,0.99122603453647562,2.4901110382889331,-8.9802068581107655,-4.4438602657613604,,0.263199205107944,0.9848484848484849,True,5
0.58030343077519331,0.81173635319003412,0.065818091284114616,-0.81044571814328714,0.58355131142147887,-0.051435443825079807,-0.080160253079384819,-0.023493825742436199,0.99650507975535796,-0.49430365474326515,-9.9832722538397451,-4.5131827851959923,,0.1682483487714917,0.2368421052631579,False,4
0.70193198086272013,-0.62787026630082987,-0.33625945776656341,0.70273277262306799,0.68741375843340413,0.18338204655297349,0.11600924326808522,-0.36502226426861484,0.92374271421461285,-0.85749348420016602,-12.660217662147229,-4.7958727533372114,,0.6192883027013237,0.2009132420091324,False,1
-0.039849858624596231,0.99909148944258475,0.015105776742591956,-0.99291414926585253,-0.037900590077554593,-0.1126278715924296,-0.11195303012990462,-0.019486944223518075,0.99352240943501702,-10.677292728878605,-9.6602630948835717,-4.3284331075342282,0.4934902487003938,0.3755454775416963,0.9253731343283582,True,5
-0.83784409646867175,-0.53417985647527444,-0.1125573229454728,0.54348893361570949,-0.79681132408251598,-0.26402934089060548,0.051352205890839386,-0.28238908397798207,0.95792450443666066,3.0946004666511997,11.636753130193387,-2.2594262273744072,,0.2487174715156308,0.3488372093023256,False,3
0.05856325490813373,0.99828368636301812,0.00016345038125370644,-0.99090129451019215,0.058150048489633371,-0.12138037896908078,-0.12118155681698972,0.0069464668800396992,0.99260605321814055,-5.6162729720468159,-17.541560980046537,-5.3429451022329353,0.2729718949397548,0.2121115996294557,0.7169811320754716,True,2
0.99704912558060566,0.065972501767575506,-0.039251371816512753,-0.063454989601086059,0.99604107594177982,0.062254633012078925,0.043203072502739373,-0.059580232017589566,0.99728816822373578,-7.2060760700495639,-7.4651227962591147,-4.1356421760228148,,0.2663857764791367,0.2409638554216867,False,4
-0.55239036190045843,-0.83075871619566033,-0.068591862085966071,0.83093571751237072,-0.54221127062637509,-0.12471075081136512,0.066413262543585774,-0.1258844449114796,0.98981936992950714,-13.79833428660501,24.064458175965783,-0.78187234474896683,,0.1859969301982773,0.9166666666666666,False,2
0.66876350601942003,0.74333542203499514,0.014416080073006082,-0.74049104220538964,0.66768954862613616,-0.076574689480301134,-0.066546145118941899,0.040535379651417909,0.99695962484261447,-5.2693618184479156,-9.4112293412075907,-4.3852912748834596,0.1671675681389795,0.1578277938881782,0.6422018348623854,True,5
-0.56263105352900511,0.82660272779755339,-0.013199545540937791,-0.8170012268061364,-0.55839351798343773,-0.14389466449924276,-0.12631426286097458,-0.070175561784181981,0.98950497599868814,-16.051703939580516,23.370324398154924,-0.85091021692629643,,0.1490562700185553,0.6086956521739131,True,3
0.83534228230315366,0.54942370907831861,0.018353727119594702,-0.54950436290650928,0.83549049571857603,-0.00076597038996201183,-0.015755206862130743,-0.0094456056740852765,0.99983126275896173,3.4988954327396908,-10.082232386729842,-4.5807280779090869,,0.1435269851891259,0.275,False,5
0.99869722859446208,0.047250295404305136,-0.019267983338910125,-0.045796834440466394,0.9964990341721025,0.069945156010270154,0.022505456071253597,-0.068971620818090329,0.99736473768063005,0.2518386211945437,-11.997931759585187,-4.7298721188821276,,0.2515545937289985,0.1585365853658537,False,5
-0.22146616066093427,0.97500768887185019,-0.017684635220446811,-0.96582025163559404,-0.22181212534185285,-0.13412912652324749,-0.13469959618597413,-0.012624883845212653,0.99080605120035048,-3.7217293984167599,-10.298242489537397,-4.5002005000437313,,0.0768756148771943,0.2359550561797753,False,5
-0.075557587114077215,0.99711643009159145,0.0070622851048211654,-0.98890866288101897,-0.074023636971884951,-0.1287639609841672,-0.12786988507219438,-0.016713049119108057,0.99165012301757338,20.173753290362662,5.9575310914592965,-3.3454110186630985,0.3100018318930989,0.2972624660090056,0.9883720930232558,True,5
-0.97019652591133188,-0.23404096478982156,-0.062797515156514813,0.24222604987277352,-0.94388368895581465,-0.22452198664317058,-0.0067262078926948327,-0.23304164547010275,0.97244349429875454,0.20983743745430319,9.5258158617602202,-2.4218774557467881,,0.1294329320283252,0.25,False,2
-0.73535419936050883,-0.67531676869195245,-0.056581475823152726,0.67538707817202781,-0.72343723404888927,-0.1431462993931194,0.055735949988466427,-0.14347763001650729,0.9880828272790344,-16.881658785664793,-4.5530435853778926,-3.8922519113120799,0.3150812869965283,0.3001955674245954,1.0,True,5
0.80143311761955138,-0.59022169678846426,-0.096660781202889734,0.5887208926472759,0.80700112675405744,-0.046442351127786136,0.105416642629147,-0.01968578313982474,0.99423327313008947,-15.101528627634503,24.157990703100435,-0.76100162797477322,,0.172533627046125,0.3703703703703703,False,1
0.54056318689942906,-0.80510124278092776,-0.24413813680320201,0.8320317039559082,0.55456488511838087,0.013454806050825288,0.12455795671638741,-0.21040384280293664,0.96964712053014224,-2.9723706031273895,-10.280154266073911,-4.5121960194266331,,0.1216015813812163,0.5333333333333333,False,3
-0.60617629498145609,0.79520951235189796,0.013861127934369019,-0.78430828194274971,-0.5947934216406997,-0.17629890654500069,-0.1319500597899399,-0.11773961541472402,0.98423907902675045,-10.792215192327772,-9.1399262371846568,-4.2785709466844288,0.4591505064150455,0.5150914657776934,0.6635514018691588,True,3
0.21669944082210998,0.97608383118097031,-0.017369710834200934,-0.96929516085858458,0.21300590562821264,-0.12286323821076686,-0.11622496927732635,0.04346077167497079,0.99227159479746296,18.447889843492298,0.34344334659056741,-3.8115307877309421,0.3129386035072153,0.3064026878670528,0.989247311827957,True,5
0.12807887336812732,0.99176192768255744,-0.0020201475511373423,-0.98462850421761883,0.12691321418524065,-0.11999893644255735,-0.11875399310728413,0.017358423446511523,0.99277196488243258,9.0065784449481843,9.4427651209404946,-2.5654761932681862,0.3602713777625303,0.3268353891098376,0.9873417721518988,True,5
0.23094200894098196,0.97084368119084308,0.064252122129281886,-0.96442258762550703,0.23714691635334467,-0.11683497995814938,-0.12866569466654579,-0.034984092898237729,0.99107076047074605,-9.0472584999587227,5.1296118920115568,-2.8581948160516872,,0.1771982607864565,0.4356435643564356,True,5
-0.34431116360880865,-0.93258448529568039,-0.10833282235841149,0.93298762768632126,-0.32699297275185213,-0.15036516336956665,0.10480414685783292,-0.15284558729874209,0.98267711749317943,-24.613690501575313,-4.6226520608259012,-4.0828704343562032,,0.3664565344272848,0.24,False,1
0.1271952033229353,0.99175885866755109,0.015354038754463058,-0.9843836938525603,0.1281183359838278,-0.12072462574770512,-0.1216968509404643,0.00024132793339091095,0.99256728650102255,0.41451315935110988,13.157981618817907,-2.0081577471600247,,0.09374947633918407,0.4444444444444444,False,3
-0.99283704925593486,-0.11139555138744611,-0.043192878531712914,0.11715033463306951,-0.97865299476692869,-0.16886122979855794,-0.023460450126292443,-0.17271174530068428,0.98469297769155595,-7.9323711635747625,-13.126414068452306,-4.7855022303782926,,0.09455177070777811,0.375,False,1
-0.46444230639631973,0.88542271305330633,-0.017887516277826525,-0.87640286904890718,-0.46242736150189034,-0.13445797282885155,-0.12732382004994691,-0.046771300427959309,0.99075783635768766,-13.537887066428263,-6.5334117564454397,-4.0327292540439279,0.2591982879923027,0.2494965046343125,0.984251968503937,True,5
0.77454983431047486,0.63152802183114543,0.0352833078332698,-0.63053880479406632,0.77533394911997511,-0.035750286584792929,-0.049933654167175601,0.0054428838004323687,0.99873770590553368,5.1131331440019245,-11.787500742504484,-4.8036305852811774,,0.1580620423677565,0.1388888888888889,False,1
0.68690674079091973,-0.69461552845287877,-0.21370165438789668,0.72028711763563857,0.68981876671375042,0.073051606810964745,0.096672631205216825,-0.20410618981708503,0.97416377763403406,10.635070569515591,0.73249748137971804,-3.5776579371657862,,0.5317286074142364,0.2662337662337662,False,5
0.60228027954678065,0.79620570327315876,0.057575541198908189,-0.79568897118761872,0.60457000723311238,-0.037069765099660104,-0.064323603750419914,-0.023485834655172788,0.99765268985309186,-5.7095473195213877,-12.549682982275574,-4.7126150527288022,,0.11817137248317,0.25,False,2
-0.32697429037118048,0.94490545310196195,-0.015540210244398823,-0.93594884493277364,-0.32606196372063856,-0.13297877832063587,-0.13071944425092599,-0.028935799847558855,0.99099704660604915,-0.31741790748900112,-11.078143401429752,-4.6119504811705312,0.1987105533097388,0.2065349951689327,0.8954248366013072,True,5
0.77697698046453578,-0.6195801368762891,-0.11147746775278479,0.62015880483554708,0.78375480440873757,-0.033637231621655883,0.10821196150685007,-0.042998378511079814,0.99319751853911709,-16.296544127760654,5.9741298702476042,-2.7877438710566231,,0.1170042637992636,0.2173913043478261,False,3
0.097302009953366866,0.99519268165025798,0.011128578022498125,-0.98808499245582615,0.097934756247843896,-0.1187300770750407,-0.11924917837287002,0.00055669420991552414,0.99286420196769687,22.194251192418673,-1.7983665554635953,-4.2494881996224496,0.3651300962175958,0.3159628060385482,0.9428571428571428,True,5
0.83711609343757987,0.54681783799212291,-0.015063139162339399,-0.54582100481191276,0.83313029269495087,-0.0892935949558398,-0.036277773001072051,0.082970883131640041,0.99589143772724387,-3.145502706659498,5.8631919673427744,-2.8240441892190384,,0.3327475411373457,0.9934354485776805,False,5
0.33656575690499541,-0.93861396769541527,-0.075678999240469613,0.93270442983662538,0.34334412935162717,-0.11035060218643984,0.1295605566602141,-0.033445903887387461,0.99100728235016111,3.7473277974747607,-13.464257146466382,-4.9396789254999804,,0.140036034253366,0.7777777777777778,True,2
0.23194445035707897,0.97269065416512013,-0.0086407898009312895,-0.96664647032067608,0.22949314124604953,-0.11369916243138946,-0.10861111068915189,0.034724478698062014,0.99347764806965699,-8.0581672886384847,-16.892371504822037,-5.2292210190528179,0.1425177983818409,0.1981109690048541,0.8809523809523809,True,3
0.79892077032310849,0.60098084740696889,-0.023401363129789129,-0.59979523757283171,0.7932652115647908,-0.1047662975675759,-0.044399051017795746,0.097735997314547726,0.99422150404105114,1.3274426703691946,5.3061543346293076,-2.8984146352998432,0.3204876407442418,0.2771331878074901,1.0,True,5
0.77694186029529866,0.62955823170115799,0.0042164698732566792,-0.62735678662525296,0.77475169317640813,-0.078633810765633028,-0.052771280031068291,0.058448668227770915,0.99689465099692576,-0.0020835612745606219,-9.0506635266715705,-4.4115607541471364,,0.09519827877329853,0.1408450704225352,False,5
0.89439912204563188,-0.44172962172381891,-0.070179425587102773,0.43697098332810846,0.896458606434407,-0.073609283918181057,0.095428351202720599,0.035169706302630624,0.99481481771499436,10.340696113517341,9.6854771040915359,-2.5212442674652835,,0.2701241981417462,0.3116883116883117,False,5
0.92296643401239142,-0.37758201020140353,-0.074597501692202375,0.38113921143064572,0.92362153071012099,0.040696062693081347,0.053533757541166793,-0.065993132831840259,0.99638298019514726,-1.7238934655947598,-10.818003357364944,-4.5654734520838876,,0.1394555208703365,0.2580645161290323,False,7
0.48269369967751291,-0.86147864548122155,-0.15767477817163905,0.86548616019739322,0.49675528878989506,-0.064559194279675505,0.133942147206949,-0.10530302198469174,0.98537849314995918,-9.8764225977026729,7.1228587083601038,-2.61954248149042,,0.2114347931104466,0.8620689655172413,False,5
0.41367891423368347,0.91042123107390305,-0.0017140385992651264,-0.90506832901510925,0.41104130694063379,-0.10907045338831932,-0.098595515781593798,0.04667146878355985,0.99403254386833151,-8.7240248875239654,-15.366501481789211,-5.0172359056673166,,0.1519581320876441,0.7083333333333334,False,1
0.77232512059626823,0.61149809982728154,0.17199994768482935,-0.62904402452353092,0.77392539531143079,0.073096495834512096,-0.088416759198689993,-0.16464979927005596,0.98238124997026033,6.7123501999117634,17.074862085248817,-1.6688034337752935,,0.3724869667591185,0.3214285714285715,False,8
-0.68350753201341663,-0.70306818625390366,-0.19624622074978337,0.72404637604859801,-0.61891799994244079,-0.30446240273330821,0.092597510829493967,-0.35019371043023262,0.93208908703153825,4.2383213397163484,-10.128849957836765,-4.6029642775116191,,0.3242065836189917,0.264957264957265,True,4
0.80884430512697159,-0.52395083937183407,-0.26692022775581908,0.57760418514892187,0.79301205283517551,0.19366282388881931,0.1102011586242081,-0.31081731286994352,0.944059480466242,7.142039145195187,-6.239924874078481,-4.2445325021921825,,0.3476189590926824,0.2264150943396226,False,2
0.39064201611059646,0.92032326229050188,0.020097465910327746,-0.91463723696761423,0.39051245584424754,-0.10458846295238855,-0.10410350619117963,0.022474757339356506,0.99431249880570249,-0.21096186603486919,14.470810897161472,-1.8622079658781869,,0.2442109012929023,0.8709677419354839,True,5
0.13920400517281073,0.9457155180207466,0.29367397555554775,-0.98308109208210825,0.16763138549133236,-0.073832817831279957,-0.11905381696736439,-0.27842750864993332,0.95305000450789257,6.1057730640663461,-5.2612707527954612,-4.1316298002914378,,0.3618761445249157,0.1621621621621622,False,1
-0.61309807953594275,0.78367563895876668,0.099816019615636811,-0.78046380389891257,-0.58125878173946666,-0.23024873388227715,-0.12242138568477275,-0.21906784691807479,0.96799911300253805,22.658203004355791,-2.9151228412842332,-4.4017954815481737,,0.3496655168727089,0.3333333333333333,False,1
0.99924929724742795,0.02201135798381923,-0.031880120298239355,-0.011022093284219124,0.95043078814269166,0.31074077687052315,0.037139674341006651,-0.3101561172541506,0.94995990837491329,0.4253924781972882,12.67015428390021,-2.0695478926898452,,0.5259695999780177,0.2954545454545455,False,1
0.16539666720232146,0.98599879403921142,-0.021220759448823137,-0.97918074852297954,0.16160939061487903,-0.12283104895369183,-0.11768179213600224,0.041094805247230595,0.9922006917863696,6.4279833817984748,-5.1972695913161067,-4.1299825266820811,,0.2099781195014422,0.5517241379310345,True,5
-0.91567872007259676,0.39912370919556278,0.047251945612730176,-0.39596758103348134,-0.87573708580060783,-0.27621410413654413,-0.068863316625805748,-0.27163361594514784,0.95993386350928334,-15.28562177844422,1.4083026844685276,-3.2496406455501199,,0.2502865347922655,0.25,False,3
-0.46632746611553322,-0.84053809749308694,-0.27574336077042516,0.87420949308002904,-0.39021986073022702,-0.28893982505089488,0.13526439500114446,-0.37579804011514611,0.91677662300616625,8.6681019986946524,10.393641145496733,-2.4433970810062013,,0.3124907416903931,0.2083333333333333,False,5
-0.96222268691122304,0.27224695748435535,-0.0030157808042558304,-0.26276100619976234,-0.93148271872125643,-0.25158815223405567,-0.071303256687448011,-0.24129139823907853,0.9678296889027509,-0.69663776820003798,11.397475613172416,-2.2205299976810067,,0.3220909125670289,0.4827586206896552,False,4
0.60738330997251677,0.79439356708882636,-0.0049371383129091671,-0.79066280217011664,0.60390462506974552,-0.10075483652842619,-0.077057433329493136,0.065100417719561543,0.99489903386293932,10.764255506903217,13.861496805250834,-2.1061241936735398,0.2317732456290039,0.2051364236905537,0.9565217391304348,True,5
0.41397923657191366,0.90691437675547182,0.078278380933501479,-0.90559608861441088,0.4190388283700392,-0.065591040581356452,-0.092287138722661755,-0.043735266690620431,0.99477148656054915,13.282900370593726,4.3567544772272697,-3.1836149012185793,0.3940329001950644,0.2322700409605067,0.25,True,6
-0.97155073175485629,0.23665263351616178,-0.0092036230077077261,-0.22739511728034259,-0.942995651985023,-0.24300341761876562,-0.066186375211686313,-0.23399728927320099,0.9699817690808068,-2.2624163265596402,-9.1771163153233566,-4.3932468743194146,,0.2950142744693803,0.14,False,5
-0.37295915862179785,0.9278433914410894,0.0028472722419480186,-0.91905941977060279,-0.36900348569376568,-0.13844208347455519,-0.12740191886720365,-0.054250055345132421,0.99036643852869244,-14.989517716556314,4.528832498076615,-2.9159732625852848,,0.3469713177369942,1.0,True,5
-0.19604376663195738,0.9741452269948464,0.11228498692129207,-0.97603774286146827,-0.18282218381137968,-0.11801005726771328,-0.094430747506548493,-0.13272952131910279,0.98664365811358523,-11.668379841419979,-11.099820901346686,-4.434552900770691,,0.249968981648542,0.2542372881355932,False,3
-0.92624555466877123,0.37437179146734301,0.043759961264546732,-0.36587446171273014,-0.86511977913329063,-0.34307964967160104,-0.090581735039479666,-0.33378665267787544,0.93828642736178314,7.2840878866922703,-5.2593405453042799,-4.1550661224132579,,0.2402215030604952,0.3529411764705883,False,5
-0.37601606002034654,0.92657267193247916,-0.0086606139899889859,-0.91715682631830819,-0.37349434846519347,-0.13901556604312804,-0.13204271484828653,-0.044328944184008977,0.99025232449261491,-8.0027047117840837,-5.8461185334920724,-3.9855400042086959,0.3163285790189577,0.2656741343428856,0.9940828402366864,True,5
-0.26379043873539604,0.96430451215444823,-0.023052381012799422,-0.95551877762468529,-0.26450585911778002,-0.1304627000295189,-0.13190326015081821,-0.012387829952702517,0.99118518533654898,6.4413279827107557,11.107457880204466,-2.3448705063545243,0.2297844934176621,0.2292542789417014,1.0,True,5
0.56695529495337149,0.8070146971893758,0.16519374093674816,-0.81699103413049201,0.57651562542128221,-0.012465303666527913,-0.10529645613564712,-0.1278945353228586,0.98618235847120361,-1.3193604199623423,-12.580889617005813,-4.7901929345472247,,0.4628447239551713,0.1679389312977099,False,6
-0.88466425274320337,0.46594916519418905,-0.016141108175939285,-0.45720812422773832,-0.87380508649596544,-0.16560616520507479,-0.091268236854132934,-0.13912600859873678,0.98605986769207965,-11.663019579960745,-13.688458512945569,-4.8292837027978193,,0.1216108387784055,0.5185185185185185,False,4
-0.97532254668254759,-0.1867209430129258,-0.11781858670445731,0.21903208017922837,-0.88540350421493919,-0.4099824173989276,-0.02776468593433136,-0.42567114556224273,0.90445187713371344,-5.496890178761487,-6.4708108341862092,-4.0739085173954521,,0.3362568981003104,0.2857142857142857,False,5
-0.39016593688082934,0.92071261400146853,0.0076696881610007449,-0.91146458010235021,-0.38504047217983978,-0.14483146758343482,-0.1303950187574294,-0.063498954338698815,0.98942661268087018,-4.2945367437032056,-6.3535986831662239,-4.09167061710379,,0.1468771749829381,0.7752293577981652,True,5
-0.22907938817180584,0.97072833846231854,0.072174280883274475,-0.96461935680470834,-0.21644534168423465,-0.15053541291292868,-0.13050720437011204,-0.10410526869175042,0.98596651192528662,-3.7187699273012624,-13.388975531251534,-4.8238519161142026,,0.3127575666770167,0.4848484848484849,False,3
0.054415103517826788,0.99851193800508042,-0.0035925158989299349,-0.99085989192258972,0.053552645702073444,-0.12380948557143437,-0.12343286065023042,0.010296785889202397,0.99229950373466069,3.8013216741623848,-1.0064488203893556,-3.5633832480665726,0.2897090603370352,0.2562569229127548,0.9738041002277904,True,5
-0.82346530767668258,0.56709601372383756,-0.017521366141969218,-0.5580212965052902,-0.81509736891775375,-0.1556551053769554,-0.10255300921719897,-0.11839928378959537,0.9876560585034696,-4.545310571460794,-13.007590298935181,-4.7562551072245718,0.2401782903246178,0.2217377590966804,0.7478260869565218,True,5
0.20297795207004835,0.97759380469855583,0.055770099412232196,-0.97259728208031737,0.2078802222348719,-0.10411695391990057,-0.11337758977605554,-0.033108401027253147,0.99300017921347339,12.211022108029256,1.2621774395335992,-3.6069199041713289,0.4146896431437544,0.2902599942593058,0.9931506849315068,True,5
-0.36927769741395911,0.92930065058380784,-0.0058551701218734408,-0.92017120040572131,-0.3665172516175621,-0.13765923946689038,-0.13007284165627572,-0.04544672805846605,0.99046234192534643,-15.025724944593808,0.64687269147658177,-3.3211054693878657,,0.2933586460024601,0.9811320754716981,True,5
0.99954910884026149,-0.029666241918124274,0.0046360659070076356,0.029282016849666918,0.99724775892391893,0.068113660967800971,-0.0066439826801868249,-0.06794719576020801,0.99766679612106413,-3.2038223160456454,-6.156276466635985,-4.0769722674376379,,0.5233333536750051,0.3004484304932735,False,6
0.88973323932798642,0.45630759902472423,-0.012575289548188368,-0.45607404765212178,0.88744020030854065,-0.066680986304553297,-0.019267223285648987,0.065063553150974937,0.99769509779202181,8.9924938240009666,-18.043374715041111,-5.57928810118751,0.2579278195332582,0.228537745309399,0.8148148148148148,True,4
0.85319897369095943,-0.51971154923543394,-0.04417484447057627,0.51194469386612562,0.8506283273357883,-0.11976676983303301,0.099820547559174078,0.079569807874752208,0.99181878584737559,9.1027820274340545,-12.910272660291801,-5.0129073659792125,0.2937065947366007,0.3038205290834707,1.0,True,5
-0.078285675903548568,-0.9525770720286868,-0.2940548839818502,0.98735979424743092,-0.033310545242355091,-0.15495497500670508,0.13781142787155251,-0.30246872469878899,0.94314404039207766,10.735802999593776,1.311250660340856,-3.5355499489075166,,0.3537396249302466,0.2972972972972973,False,5
-0.95825360424129857,0.2841103590189597,-0.032114387066842172,-0.27681743023358263,-0.9499920918216872,-0.14452382431672159,-0.071569129360617573,-0.12960065344886479,0.98898004547523122,1.9110025036603469,-3.795429714254607,-3.8865793531989419,,0.2491186227455493,0.9828982898289829,False,5
-0.93259927783452645,0.35666487123555118,0.055215546805679069,-0.35354892064052096,-0.87206635778916763,-0.33838355209179499,-0.072537905238882538,-0.33509765328761332,0.93938693575368171,-7.3348056430723032,-8.454812106902299,-4.2466708661866308,,0.3077738333024809,0.2857142857142857,False,5
0.6824841840262148,0.70161874213972508,0.20480839639121812,-0.72742994123651206,0.67930562065372635,0.09689971280091815,-0.071140840216550094,-0.21511628117491735,0.9739938225814152,1.8421190814458843,-11.069700159526812,-4.6249337980228047,,0.3743286303625343,0.2947368421052631,False,5
0.69559034223535832,0.71843721901546564,0.0014276281800967589,-0.71606552717251426,0.69345271297475541,-0.079834176034456111,-0.058345836047193074,0.054509606504497876,0.99680713591681236,-12.650800082451315,20.9646051168912,-1.0894196081790981,,0.2404971124995473,0.3214285714285715,True,4
0.12601307205934364,0.99202608065277553,0.0022273245972300702,-0.98480627110360552,0.12536577035853916,-0.12016668430735529,-0.11948771512243521,0.012949089817619677,0.99275123117914932,-9.8975417391200278,-1.7750891558632567,-3.559725788742258,,0.2756228826052567,1.0,True,5
-0.84244783455313588,0.53454354958552963,0.06741542592934556,-0.53036445810645616,-0.80074826849167635,-0.27841650828395126,-0.094842963018759982,-0.27030613034869316,0.95809154482321668,0.89661013281810409,-13.422468224509885,-4.8950398666383688,,0.08335901142157454,0.2549019607843137,False,5
0.50872749299309017,0.84980368989079158,0.13794936216220477,-0.85973058886412113,0.5099027479121212,0.029368388498812556,-0.045383393926795447,-0.13353979301939026,0.99000377334433531,-8.0125227592290145,-11.271173265535777,-4.55185725942939,,0.250825690020605,0.1578947368421053,False,3
-0.052389599181586387,-0.99476231268388726,-0.087768281066665246,0.99064270803391452,-0.040678173350446128,-0.1302778232551618,0.12602521540082695,-0.093772210577950529,0.98758514448451462,3.3424384336044093,-2.9521274741017689,-3.8192262278729334,,0.09489178207577023,0.3225806451612903,False,2
0.18529400928878395,0.98105706553532868,0.056508090437546538,-0.97666827398134126,0.190207732595116,-0.099700055463036369,-0.10855971960168144,-0.036715836150559976,0.99341166424386707,25.594997429275402,18.467671679815311,-1.8675623745850249,0.2744373799030483,0.2504143265072322,0.75,True,4
-0.98838280155099889,0.1422342566739456,-0.053561682447519118,-0.13172518986833281,-0.97746772470277354,-0.16494035745849023,-0.075814985011872227,-0.15596878980357898,0.98484812263356458,-19.527371309842007,-0.51801368598638653,-3.5848300673471405,,0.3147106796149643,0.84375,True,5
0.29223431063477706,0.95634604105768517,0.0011650927467857404,-0.95040994259857736,0.29055549908066486,-0.11089834518041217,-0.10639571747765339,0.031300985723740675,0.99383107196099341,13.188253876432253,16.379430822893294,-1.8950421611342967,,0.2231295291957229,0.6956521739130435,True,4
-0.87269847191663275,0.48732883667847776,-0.030132740598525179,-0.47906923956768677,-0.86655745700897824,-0.13989580909438676,-0.094287012967930989,-0.10765118969958636,0.9897076237666611,27.239662244327423,0.33812355924831705,-4.3346449010783727,,0.2784742745906236,0.9111111111111111,True,1
-0.93041486588999367,0.3617838136089836,0.058657050227959862,-0.35576802630278381,-0.85304876548248443,-0.38175504603008326,-0.088075472133431337,-0.37605887294325258,0.92240036604997278,-18.200898974609117,2.1047384545650543,-3.2356661577012202,,0.3261564349177398,0.3125,False,5
-0.42904472209027394,0.90321239426509026,0.011313588838370241,-0.89363095162327777,-0.42260061566988871,-0.15110407650459617,-0.13169794511440039,-0.074940579670529181,0.9884531151103173,-5.4725086061916848,11.615794759231884,-2.1378858685336914,,0.3049986338991719,1.0,True,4
-0.68358888143593288,-0.7219798305531081,-0.10701105294163384,0.72609996869601945,-0.65783366988244918,-0.20008422783575486,0.074061303234627687,-0.21447607569026425,0.97391731492960665,13.966595958894075,-7.2734915539606577,-4.5674362741413521,0.6735979483191966,0.2144956142504507,0.4090909090909091,True,2
-0.015797040785883749,-0.89757337930915926,-0.44058198131329174,0.99105735346758406,0.044335182083370936,-0.12585592464187967,0.13249820995106787,-0.43863016356056839,0.88884633316147055,13.861587947395234,-8.668860042416604,-4.6909393300053388,,0.3261453051722134,0.2549019607843137,False,3
-0.93660419985151488,-0.32682393107596625,-0.12632771230635267,0.35022620526288217,-0.86221221913030244,-0.36596679402585308,0.010685409101482989,-0.38700931159140317,0.92201389077056894,11.73225061814968,10.310437281824338,-2.4957958873602881,,0.1524992082685272,0.4827586206896552,False,4
-0.80559399290300648,0.58088595526720865,0.11657540723451609,-0.58542352230186145,-0.75020232246818974,-0.30736911832358188,-0.09109126266702465,-0.31586070084237539,0.94442278643046862,11.730238296001154,11.479073121828147,-2.3713126005204646,,0.2044299493311217,0.2580645161290323,False,4
-0.98216617288297681,-0.18040233126339553,-0.052958547177386087,0.18704257111097816,-0.96613476669786458,-0.17776020131024267,-0.019096738899663492,-0.18449555943814883,0.98264780217074899,-16.494768591099739,-10.318695710882972,-4.4266950923748105,,0.09688266316025175,0.3181818181818182,False,3
0.10287577720030756,0.994576917939472,0.015275102862268101,-0.98381754135843691,0.104003624739665,-0.14589822259524102,-0.14669567062756902,-1.8521100324927695e-05,0.98918167182580574,7.8402065979183826,-20.400099885047567,-5.7672464308675959,0.167165843819943,0.1553538879729936,0.5384615384615384,True,2
0.42277491843058457,-0.86316196328487871,-0.27606664681595955,0.89688847284589979,0.44216564435083655,-0.0089783201079232239,0.12981693118450863,-0.24380518471518328,0.96109655929247462,17.185041367795041,-1.7997734163542185,-4.0642278412269466,,0.2851480384821496,0.2258064516129032,False,1
0.94262450795751129,-0.29984205602980973,-0.14681205139114914,0.32083062559151559,0.93519342580874876,0.14993653993158065,0.092340384883417947,-0.18843565947005392,0.97773475726276049,-18.753031714162667,4.1238855960076055,-3.0161592740832446,,0.2700312116767838,0.2258064516129032,False,3
-0.92218098329876574,0.38577224166662444,-0.027604557624232702,-0.3776679568130778,-0.91359261072722298,-0.15071647561316082,-0.083361552521274973,-0.12856251080359624,0.98819154640035189,28.065754703711001,7.4218872826910731,-3.5773217998579567,,0.1448037033430664,0.2413793103448276,False,1
-0.99754330708827987,0.034249587172379775,-0.061109052209148654,-0.006880385922870407,-0.91601656348625771,-0.40108143276444541,-0.069713777497215468,-0.39967564498897035,0.91400184246516725,2.2196013587821675,12.039094345586271,-2.1921967633382069,1.008649059477636,0.3987377455998795,0.55,True,4
0.49717976985332979,0.86556443964025165,0.0600872472230954,-0.86294611792111364,0.50049815337979986,-0.069466510120286845,-0.090201297182864584,-0.01731471321361816,0.99577302970750359,16.903419986709782,16.578411395227015,-1.9782164583390871,,0.2345756448129062,0.3513513513513514,False,2
0.48580378337153185,-0.86590499597563708,-0.11917727134960306,0.8646205931912152,0.49605767008576584,-0.079737179400525993,0.12816362156078434,-0.064306499621054142,0.98966598416582452,6.9421616686119929,-16.784773426271848,-5.4068519967552122,,0.2547202067244947,0.1481481481481481,False,1
0.47822741960601017,0.83316160882518597,0.2777413701932166,-0.87339372290650108,0.48434540411852434,0.05092086307973985,-0.092097447980383079,-0.26692932227294103,0.95930537212423106,1.5425308414720991,11.528998542512458,-2.237515423048031,,0.3503806986961263,0.3818181818181818,False,1
-0.9787995934139132,-0.16212538747672392,-0.12516674745427006,0.19544816475509871,-0.92205833189045439,-0.33407850497339187,-0.06124843529938221,-0.35145951591458585,0.93419742980082265,17.346774990617508,2.8978094221279336,-3.5080752875135408,,0.6159789230894838,0.3292682926829268,False,2
-0.4973866534563226,0.8621048197294211,0.096859675628316683,-0.85806676765718948,-0.47244041162498579,-0.20129947765942394,-0.12778082487549974,-0.18323574231824011,0.97472905134258747,-9.7181427661304838,25.021790499001646,-0.6625055027334934,,0.1754994930432912,0.3157894736842105,False,1
-0.8188285651883449,-0.53989758193378035,-0.19501379913650599,0.57257989570388934,-0.74397331086150198,-0.34446476708293167,0.040890633002191382,-0.39371857175885416,0.9183210998255722,7.5654901254544233,9.7868574154925003,-2.5168035574893786,,0.2143556351244487,0.203125,False,1
0.98242435554852825,-0.17754894498614324,-0.057608660454548828,0.1749298693051391,0.98342275517781497,-0.047741233994978205,0.065130073314460607,0.036824675596449585,0.99719708022901377,2.3483190588668554,-3.1781029334568607,-3.7806430811312088,,0.3459141313871723,0.6435185185185185,False,3
0.31727213829544787,0.92683130621169596,0.20080368544266239,-0.94227627624651988,0.33199310962443751,-0.043543017636454323,-0.10702247186655074,-0.1753975626621351,0.97866331571575527,12.257957107272174,15.070076227456166,-2.0075120431971745,,0.5246069876891435,0.2352941176470588,False,1
0.1582052359864527,0.95942507331917748,0.2333980119730299,-0.98033331347400121,0.18086246091649422,-0.078964325643392147,-0.11797329273847043,-0.21631527666284092,0.96916974946741008,16.62793682209039,-7.2866622088417357,-4.6270036592176478,,0.2865132135267996,0.3142857142857143,False,1
0.97589006678241785,0.21601610109588756,0.031234942336112306,-0.21803163821588425,0.95824098915672551,0.18503083915077084,0.010039038415440281,-0.18737996362277359,0.98223620730475114,7.9227963396602332,12.172427702448154,-2.2579216966520379,,0.5001089419884672,0.148936170212766,False,1
0.93875936963270279,-0.33518540018881682,-0.079884876084737183,0.33547478268651509,0.94199426249398155,-0.010172492804415678,0.078660766003430999,-0.017249838511799953,0.9967521893445086,-6.0308678702338234,27.490284455352878,-0.30453415430880326,,0.2425288162738665,0.5853658536585366,False,1
-0.95930090547910996,0.26549326794700712,0.096203416892431434,-0.27316650664617192,-0.78612780662537274,-0.55442143834551338,-0.071566978374716983,-0.55813653914181205,0.82665698526118658,14.384896154342325,-4.1610787477957434,-4.2307469585198243,,0.2389899140063178,0.1794871794871795,False,1
-0.96001430991459158,-0.25614667088563203,-0.11296640099347624,0.27994641366691758,-0.88066279513282564,-0.38218195502125762,-0.0015906710037528905,-0.39852468463452473,0.91715622742404757,13.111249405442555,-7.4331279410881548,-4.558483174898071,,0.2720302968620593,0.2962962962962963,False,1
-0.87966693339371249,0.47557364503658467,-0.0039742219764175293,-0.46641777576338395,-0.86430437504170088,-0.18823497479403831,-0.092954530527775039,-0.16373043525988384,0.98211598084135132,3.0806380806858975,-4.3778541329754281,-3.9894434327633217,,0.60776246052643,0.6542372881355932,False,1
